date,Open,High,Low,Close,Volume,aVWAP_peak_389,aVWAP_peak_368,aVWAP_peak_346,aVWAP_peak_317,aVWAP_peak_269,aVWAP_peak_226,aVWAP_peak_197,aVWAP_peak_161,aVWAP_peak_143,aVWAP_peak_92,aVWAP_peak_51,aVWAP_valley_404,aVWAP_valley_403,aVWAP_valley_381,aVWAP_valley_321,aVWAP_valley_297,aVWAP_valley_258,aVWAP_valley_209,aVWAP_valley_126,aVWAP_valley_102,aVWAP_valley_77,aVWAP_valley_31,aVWAP_OB_bear_434,aVWAP_OB_bear_389,aVWAP_OB_bear_226,Peaks_Valleys_avg,color,StDev,StDev_Mean,StdDev_ZScore,QQEMOD,QQE1_Value,QQE1_Above_Upper,QQE1_Below_Lower,QQE2_Above_Threshold,QQE2_Below_Threshold,QQE2_Above_TL,banker_RSI,OB,OB_High,OB_Low,OB_Mitigated_Index,TTM_squeeze_Active,VI_plus,VI_minus,VI_Regular_Bullish,VI_Regular_Bearish,VI_Hidden_Bullish,VI_Hidden_Bearish,Fisher,Fisher_Signal,Fisher_Regular_Bullish,Fisher_Regular_Bearish,Fisher_Hidden_Bullish,Fisher_Hidden_Bearish,OBV,OBV_Smoothed,OBV_Regular_Bullish,OBV_Regular_Bearish,OBV_Hidden_Bullish,OBV_Hidden_Bearish,Volume_MA,Vol_Regular_Bullish,Vol_Regular_Bearish,Vol_Hidden_Bullish,Vol_Hidden_Bearish
2024-01-12 17:00:00+00:00,85.29,86.0,85.29,85.875,6773.0,,,,,,,,,,,,,,,,,,,,,,,,,,,#000000,,,,,,False,False,False,False,False,,0.0,0.0,0.0,0.0,0,,,False,False,False,False,,,False,False,False,False,0.0,0.0,False,False,False,False,6773.0,False,False,False,False
2024-01-15 17:00:00+00:00,85.875,85.875,85.875,85.875,0.0,,,,,,,,,,,,,,,,,,,,,,,,,,,#000000,,,,,,False,False,False,False,False,,0.0,0.0,0.0,0.0,0,,,False,False,False,False,,,False,False,False,False,0.0,0.0,False,False,False,False,6667.992248062015,False,False,False,False
2024-01-16 17:00:00+00:00,86.09,86.09,84.75,85.13,2387.0,,,,,,,,,,,,,,,,,,,,,,,,,,,#000000,,,,0.0,,False,False,False,True,False,,0.0,0.0,0.0,0.0,0,,,False,False,False,False,,,False,False,False,False,-2387.0,-37.007751937984494,False,False,False,False,6601.620275223844,False,False,False,False
2024-01-17 17:00:00+00:00,82.0,82.385,81.53,82.215,2527.0,,,,,,,,,,,,,,,,,,,,,,,,,,,#000000,,,,0.0,-50.0,False,False,False,True,True,,0.0,0.0,0.0,0.0,0,,,False,False,False,False,,,False,False,False,False,-4914.0,-112.62003485367465,False,False,False,False,6538.447867856032,False,False,False,False
2024-01-18 17:00:00+00:00,81.13,81.83,80.83,81.81,741.0,,,,,,,,,,,,,,,,,,,,,,,,,,,#000000,,,,0.0,-50.0,False,False,False,True,True,,0.0,0.0,0.0,0.0,0,,,False,False,False,False,,,False,False,False,False,-5655.0,-198.54840640633086,False,False,False,False,6448.564955176093,False,False,False,False
2024-01-19 17:00:00+00:00,80.47,82.93,80.47,82.9,4402.0,,,,,,,,,,,,,,,,,,,,,,,,,,,#000000,,,,8.49614919503584,-42.353465724467746,False,False,False,True,True,,0.0,0.0,0.0,0.0,0,,,False,False,False,False,,,False,False,False,False,-1253.0,-214.8964931287133,False,False,False,False,6416.835265948556,False,False,False,False
2024-01-22 17:00:00+00:00,82.42,83.08,82.415,83.025,1911.0,,,,,,,,,,,,,,,,,,,,,,,,,,,#000000,,,,14.950982626697524,-37.053884587674375,False,False,False,True,True,,0.0,0.0,0.0,0.0,0,,,False,False,False,False,,,False,False,False,False,658.0,-201.36321416547742,False,False,False,False,6346.977354848578,False,False,False,False
2024-01-23 17:00:00+00:00,81.48,81.75,80.88,81.09,3968.0,,,,,,,,,,,,,,,,,,,,,,,,,,,#000000,,,,15.941760347343344,-36.82135141923399,False,False,False,True,True,,0.0,0.0,0.0,0.0,0,,,False,False,False,False,,,False,False,False,False,-3310.0,-249.5591333257026,False,False,False,False,6310.093985005964,False,False,False,False
2024-01-24 17:00:00+00:00,81.63,81.755,80.105,80.15,1254.0,,,,,,,,,,,,,,,,,,,,,,,,,,,#000000,,,,15.627664513758937,-36.82135141923399,False,False,False,True,True,,0.0,0.0,0.0,0.0,0,,,False,False,False,False,,,False,False,False,False,-4564.0,-316.44968939817227,False,False,False,False,6231.704930974864,False,False,False,False
2024-01-25 17:00:00+00:00,80.89,81.64,80.7,81.575,1785.0,,,,,,,,,,,,,,,,,,,,,,,,,,,#000000,,,,21.585251414987376,-32.31295317282063,False,False,False,True,True,,0.0,0.0,0.0,0.0,0,,,False,False,False,False,,,False,False,False,False,-2779.0,-354.62876398114634,False,False,False,False,6162.763769254322,False,False,False,False
2024-01-26 17:00:00+00:00,80.93,81.06,80.4,81.03,1732.0,,,,,,,,,,,,,,,,,,,,,,,,,,,#000000,,,,24.600756874975744,-29.909586040198032,False,False,False,True,True,,0.0,0.0,0.0,0.0,0,,,False,False,False,False,,,False,False,False,False,-4511.0,-419.06862810546966,False,False,False,False,6094.0697573278985,False,False,False,False
2024-01-29 17:00:00+00:00,80.97,82.215,80.97,81.76,2318.0,,,,,,,,,,,,,,,,,,,,,,,,,,,#000000,,,,29.25374141023323,-25.93325477137344,False,False,False,True,True,,0.0,0.0,0.0,0.0,0,,,False,False,False,False,,,False,False,False,False,-2193.0,-446.5714400728267,False,False,False,False,6035.5260401600235,False,False,False,False
2024-01-30 17:00:00+00:00,81.38,81.88,81.3,81.53,2008.0,,,,,,,,,,,,,,,,,,,,,,,,,,,#000000,,,,31.855323595972223,-23.817409047461133,False,False,False,True,True,,0.0,0.0,0.0,0.0,0,,,False,False,False,False,,,False,False,False,False,-4201.0,-504.77963480037977,False,False,False,False,5973.083775971496,False,False,False,False
2024-01-31 17:00:00+00:00,80.625,80.71,79.675,79.675,1843.0,,,,,,,,,,,,,,,,,,,,,,,,,,,#000000,,,,30.365163310426688,-23.817409047461133,False,False,False,True,True,,0.0,0.0,0.0,0.0,0,,,False,False,False,False,,,False,False,False,False,-6044.0,-590.6590203073506,False,False,False,False,5909.051469367287,False,False,False,False
2024-02-01 17:00:00+00:00,80.44,80.93,80.44,80.81,958.0,,,,,,,,,,,,,,,,,,,,,,,,,,,#000000,,,,33.058506712342435,-23.02941585896324,False,False,False,True,True,,0.0,0.0,0.0,0.0,0,,,False,False,False,False,,,False,False,False,False,-5086.0,-660.3542292948335,False,False,False,False,5832.29098147012,False,False,False,False
2024-02-02 17:00:00+00:00,79.0,79.22,78.695,78.91,2478.0,,,,,,,,,,,,,,,,,,,,,,,,,,,#000000,,,,31.997495414679825,-23.02941585896324,False,False,False,True,True,,0.0,0.0,0.0,0.0,0,,,False,False,False,False,,,False,False,False,False,-7564.0,-767.3874970577044,False,False,False,False,5780.2864701294975,False,False,False,False
2024-02-05 17:00:00+00:00,77.37,77.81,77.37,77.63,2017.0,,,,,,,,,,,,,,,,,,,,,,,,,,,#000000,,,,29.850909736346644,-23.02941585896324,False,False,False,True,False,,0.0,0.0,0.0,0.0,0,,,False,False,False,False,,,False,False,False,False,-9581.0,-904.032652142081,False,False,False,False,5721.940943460822,False,False,False,False
2024-02-06 17:00:00+00:00,77.325,77.325,76.79,77.13,1711.0,,,,,,,,,,,,,,,,,,,,,,,,,,,#000000,,,,27.911093045378003,-23.02941585896324,False,False,False,True,False,,0.0,0.0,0.0,0.0,0,,,False,False,False,False,,,False,False,False,False,-11292.0,-1065.0864094732115,False,False,False,False,5659.755812554453,False,False,False,False
2024-02-07 17:00:00+00:00,76.92,77.06,76.5,76.76,1931.0,,,,,,,,,,,,,,,,,,,,,,,,,,,#000000,,,,26.238494631742547,-17.927102997392687,False,False,False,True,False,,0.0,0.0,0.0,0.0,0,,,False,False,False,False,,,False,False,False,False,-13223.0,-1253.581193822464,False,False,False,False,5601.94564491795,False,False,False,False
2024-02-08 17:00:00+00:00,76.5,78.075,76.45,77.36,3621.0,,,,,,,,,,,,,,,,,,,,,,,,,,,#000000,,,,27.167547549625247,-17.927102997392687,False,False,False,True,False,,0.0,0.0,0.0,0.0,0,,,False,False,False,False,,,False,False,False,False,-9602.0,-1383.0140435306428,False,False,False,False,5571.2333093378265,False,False,False,False
2024-02-09 17:00:00+00:00,77.51,78.25,77.46,78.25,4669.0,,,,,,,,,,,,,,,,,,,,,,,,,,,#000000,,,,30.558865048158044,-17.927102997392687,False,False,False,True,True,,0.0,0.0,0.0,0.0,0,,,False,False,False,False,,,False,False,False,False,-4933.0,-1438.052585491408,False,False,False,False,5557.24519601476,False,False,False,False
2024-02-12 17:00:00+00:00,79.64,79.72,78.83,78.83,2434.0,,,,,,,,,,,,,,,,,,,,,,,,,,,#000000,,,,34.47194975558361,-21.275044939107726,False,False,False,True,True,,0.0,0.0,0.0,0.0,0,,,False,False,False,False,,,False,False,False,False,-2499.0,-1454.5013826155723,False,False,False,False,5508.822789874996,False,False,False,False
2024-02-13 17:00:00+00:00,77.95,77.98,76.4,76.85,3373.0,,,,,,,,,,,,,,,,,,,,,,,,,,,#000000,,77.07666666666667,,33.79531754613478,-21.275044939107726,False,False,False,True,True,,0.0,0.0,0.0,0.0,0,,,False,False,False,False,,,False,False,False,False,-5872.0,-1522.9897332726953,False,False,False,False,5475.709258249027,False,False,False,False
2024-02-14 17:00:00+00:00,78.01,78.92,77.915,78.6,13588.0,,,,,,,,,,,,,,,,,,,,,,,,,,,#000000,,78.19958669889748,,37.58028432088428,-18.211730070833497,False,False,False,True,True,,0.0,0.0,0.0,0.0,0,,,False,False,False,False,,,False,False,False,False,7716.0,-1379.7495823692425,False,False,False,False,5601.481207733538,False,False,False,False
2024-02-15 17:00:00+00:00,80.74,81.55,80.05,80.59,4129.0,,,,,,,,,,,,,,,,,,,,,,,,,,,#000000,,79.71249549549549,,43.64993761033436,-12.587613017820978,False,False,False,True,True,,0.0,0.0,0.0,0.0,0,,,False,False,False,False,,,False,False,False,False,11845.0,-1174.7147051232075,False,False,False,False,5578.652041722165,False,False,False,False
2024-02-16 17:00:00+00:00,79.86,81.23,79.64,79.76,4285.0,,,,,,,,,,,,,,,,,,,,,,,,,,,#000000,,79.70800273632616,,46.145044812406184,-10.37765770215016,False,False,False,True,True,,0.0,0.0,0.0,0.0,0,,,False,False,False,False,,,False,False,False,False,7560.0,-1039.2927717104446,False,False,False,False,5558.595420920271,False,False,False,False
2024-02-19 17:00:00+00:00,79.76,79.76,79.76,79.76,0.0,,,,,,,,,,,,,,,,,,,,,,,,,,,#000000,,79.70800273632616,,47.8084496137874,-8.802182487621458,False,False,False,False,True,,0.0,0.0,0.0,0.0,0,,,False,False,False,False,,,False,False,False,False,7560.0,-905.9704031567943,False,False,False,False,5472.415646952515,False,False,False,False
2024-02-20 17:00:00+00:00,78.59,78.84,78.06,78.58,3859.0,,,,,,,,,,,,,,,,,,,,,,,,,,,#000000,,79.36780350506606,,46.692812945839584,-8.802182487621458,False,False,False,True,True,,0.0,0.0,0.0,0.0,0,,,False,False,False,False,,,False,False,False,False,3701.0,-834.5445054334331,False,False,False,False,5447.401450875731,False,False,False,False
2024-02-21 17:00:00+00:00,78.62,78.855,78.38,78.825,4031.0,,,,,,,,,,,,,,,,,,,,,,,,,,,#000000,,79.21224296081502,,46.49672026306956,-8.802182487621458,False,False,False,True,True,,0.0,0.0,0.0,0.0,0,,,False,False,False,False,,,False,False,False,False,7732.0,-701.7298619383411,False,False,False,False,5425.441738459052,False,False,False,False
2024-02-22 17:00:00+00:00,78.19,78.78,78.07,78.23,9716.0,,,,,,,,,,,,,,,,,,,,,,,,,,,#000000,,78.93127215199385,,45.216746123988045,-8.802182487621458,False,False,False,True,False,,0.0,0.0,0.0,0.0,0,,,False,False,False,False,,,False,False,False,False,-1984.0,-721.6100191175915,False,False,False,False,5491.9620215837185,False,False,False,False
2024-02-23 17:00:00+00:00,76.315,77.28,76.315,77.01,7546.0,,,,,,,,,,,,,,,,,,,,,,,,,,,#000000,,78.53855460593942,,42.27153206908148,-8.802182487621458,False,False,False,True,False,,0.0,0.0,0.0,0.0,0,,,False,False,False,False,,,False,False,False,False,-9530.0,-858.1742048677063,False,False,False,False,5523.807571636684,False,False,False,False
2024-02-26 17:00:00+00:00,75.47,76.03,74.695,76.01,8982.0,,,,,,,,,,,,,,,,,,,,,,75.57833333333333,,,,75.57833333333333,#000000,,77.19320557255193,,38.859381704762335,-5.3661768822314,False,False,False,True,False,,0.0,0.0,0.0,0.0,0,,,False,False,False,False,,,False,False,False,False,-18512.0,-1131.8769303736333,False,False,False,False,5577.4229581229365,False,False,False,False
2024-02-27 17:00:00+00:00,76.88,79.155,76.845,79.02,5427.0,,,,,,,,,,,,,,,,,,,,,,76.61848636268999,,,,76.61848636268999,#000000,,77.56249902624775,,43.1094895120087,-5.3661768822314,False,False,False,True,True,,0.0,0.0,0.0,0.0,0,,,False,False,False,False,,,False,False,False,False,-13085.0,-1317.1966678872204,False,False,False,False,5575.09081923731,False,False,False,False
2024-02-28 17:00:00+00:00,81.08,81.445,80.4,80.53,3361.0,,,,,,,,,,,,,,,,,,,,,,77.40779750515851,,,,77.40779750515851,#000000,,77.93113620558049,,48.19816773928973,-8.184947392782824,False,False,False,False,True,,0.0,0.0,0.0,0.0,0,,,False,False,False,False,,,False,False,False,False,-9724.0,-1447.5347040440076,False,False,False,False,5540.76382979177,False,False,False,False
2024-02-29 17:00:00+00:00,80.34,80.55,79.89,80.47,1797.0,,,,,,,,,,,,,,,,,,,,,,77.67371859082469,,,,77.67371859082469,#000000,,78.06160829665137,,51.4697571255105,-5.242430098960277,False,False,True,False,True,,0.0,0.0,0.0,0.0,0,,,False,False,False,False,,,False,False,False,False,-11521.0,-1603.712460570457,False,False,False,False,5482.720979717478,False,False,False,False
2024-03-01 17:00:00+00:00,80.8,81.8,80.8,81.625,2929.0,,,,,,,,,,,,,,,,,,,,,,78.15996888335705,,,,78.15996888335705,#000000,,78.32072035384407,,55.310215568998316,-1.7281361499772743,False,False,True,False,True,,0.0,0.0,0.0,0.0,0,,,False,False,False,False,,,False,False,False,False,-8592.0,-1712.0580038174267,False,False,False,False,5443.128406388525,False,False,False,False
2024-03-04 17:00:00+00:00,81.815,83.79,81.75,83.61,10690.0,,,,,,,,,,,,,,,,,,,,,,79.73516422587839,,,,79.73516422587839,#000000,,79.29155092769047,,60.17109391119509,2.719443150275765,False,False,True,False,True,,0.0,0.0,0.0,0.0,0,,,False,False,False,False,,,False,False,False,False,2098.0,-1652.987337091575,False,False,False,False,5524.475252801106,False,False,False,False
2024-03-05 17:00:00+00:00,83.58,83.7,80.77,80.98,3960.0,,,,,,,,,,,,,,,,,,,,,,79.95706563290798,,,,79.95706563290798,#000000,,79.4577988961284,,58.34422623602221,2.719443150275765,False,False,True,False,True,,0.0,0.0,0.0,0.0,0,,,False,False,False,False,,,False,False,False,False,-1862.0,-1656.227843493256,False,False,False,False,5500.2198225251195,False,False,False,False
2024-03-06 17:00:00+00:00,81.465,81.975,81.17,81.68,6774.0,,,,,,,,,,,,,,,,,,,,,,80.21174886156649,,,,80.21174886156649,#000000,,79.6694530030034,,58.049819003633246,2.719443150275765,False,False,True,False,True,,0.0,0.0,0.0,0.0,0,,,False,False,False,False,,,False,False,False,False,4912.0,-1554.394853671655,False,False,False,False,5519.96835240845,False,False,False,False
2024-03-07 17:00:00+00:00,81.49,81.49,80.34,80.34,2716.0,,,,,,,,,,,,,,,,,,,,,,80.24154265660292,,,,80.24154265660292,#000000,,79.7064545734773,,55.62481819301751,2.719443150275765,False,False,True,False,False,,0.0,0.0,0.0,0.0,0,,,False,False,False,False,,,False,False,False,False,2196.0,-1496.2491970255828,False,False,False,False,5476.49597485173,False,False,False,False
2024-03-08 17:00:00+00:00,80.37,82.23,80.37,81.13,5159.0,,,,,,,,,,,,,,,,,,,,,,80.34132522444253,,,,80.34132522444253,#000000,,79.80599711907558,,55.18375145849073,2.719443150275765,False,False,True,False,False,,0.0,0.0,0.0,0.0,0,,,False,False,False,False,,,False,False,False,False,7355.0,-1359.020527304256,False,False,False,False,5471.573556636975,False,False,False,False
2024-03-11 17:00:00+00:00,82.52,83.8,82.52,83.38,8886.0,,,,,,,,,,,,,,,,,,,,,,80.76482490400619,,,,80.76482490400619,#000000,,80.16112594706402,,57.733712574257964,2.719443150275765,False,False,True,False,False,,0.0,0.0,0.0,0.0,0,,,False,False,False,False,,,False,False,False,False,16241.0,-1086.1519919972131,False,False,False,False,5524.510400720122,False,False,False,False
2024-03-12 17:00:00+00:00,81.87,82.39,81.38,81.38,2010.0,,,,,,,,,,,,,,,,,,,,,,80.7953428721826,,,,80.7953428721826,#000000,,80.19507579814265,,56.13850141466663,2.719443150275765,True,False,True,False,False,,0.0,0.0,0.0,0.0,0,,,False,False,False,False,,,False,False,False,False,14231.0,-848.6767673150858,False,False,False,False,5470.0218673756235,False,False,False,False
2024-03-13 17:00:00+00:00,83.28,83.46,83.0,83.165,1939.0,,,,,,,,,,,,,,,,,,,,,,80.86773631956264,,,,80.86773631956264,#000000,,80.25947968455587,,57.21461023956907,2.719443150275765,True,False,True,False,False,,0.0,0.0,0.0,0.0,0,,,False,False,False,False,,,False,False,False,False,16170.0,-584.8213135582628,False,False,False,False,5415.277342300033,False,False,False,False
2024-03-14 17:00:00+00:00,81.74,81.74,80.54,80.775,2566.0,,,,,,,,,,,,,,,,,,,,,,80.87348713713116,,,,80.87348713713116,#000000,,80.2779724476941,,54.55879249687784,2.719443150275765,True,False,True,False,False,,0.0,0.0,0.0,0.0,0,,,False,False,False,False,,,False,False,False,False,13604.0,-364.8395877666618,False,False,False,False,5371.102499783753,False,False,False,False
2024-03-15 17:00:00+00:00,80.585,81.16,80.26,81.11,3558.0,,,,,,,,,,,,,,,,,,,,,,80.87197079552627,,,,80.87197079552627,#000000,,80.29550028391586,,53.231081977778004,2.719443150275765,True,False,True,False,False,,0.0,0.0,0.0,0.0,0,,,False,False,False,False,,,False,False,False,False,17162.0,-93.10564066950423,False,False,False,False,5342.992383508036,False,False,False,False
2024-03-18 17:00:00+00:00,80.15,80.295,79.44,79.44,6051.0,,,,,,,,,,,,,,,,,,,,,,80.78160792483126,,,,80.78160792483126,#000000,,80.1228142300088,,50.18790304460836,5.795802368050474,True,False,False,False,False,,0.0,0.0,0.0,0.0,0,,,False,False,False,False,,,False,False,False,False,11111.0,80.60142352692219,False,False,False,False,5353.96924577923,False,False,False,False
2024-03-19 17:00:00+00:00,81.76,82.05,81.55,81.81,3540.0,,,,,,,,,,,,,,,,,,,,,,80.82662513742815,,,,80.82662513742815,#000000,,80.35203265376911,,51.32096420900216,5.795802368050474,True,False,False,False,False,,0.0,0.0,0.0,0.0,0,,,False,False,False,False,,,False,False,False,False,14651.0,306.499075875342,False,False,False,False,5325.845691581102,False,False,False,False
2024-03-20 17:00:00+00:00,84.17,86.11,83.84,85.37,4077.0,,,,,,,,,,,,,,,,,,,,,,81.03332160653224,,,,81.03332160653224,#000000,,80.82964559447487,,55.52409795433918,5.795802368050474,True,False,True,False,True,,0.0,0.0,0.0,0.0,0,,,False,False,False,False,,,False,False,False,False,18728.0,592.1037413656468,False,False,False,False,5306.483742874418,False,False,False,False
2024-03-21 17:00:00+00:00,86.0,86.57,85.68,86.285,3150.0,,,,,,,,,,,,,,,,,,,,,,81.2183897440582,,,,81.2183897440582,#000000,,81.15046234117204,,59.05403912094787,3.293307930578152,True,False,True,False,True,6.653103375204555,0.0,0.0,0.0,0.0,0,,,False,False,False,False,,,False,False,False,False,21878.0,922.11763684835,False,False,False,False,5273.049886395745,False,False,False,False
2024-03-22 17:00:00+00:00,86.39,87.34,86.095,87.29,4296.0,,,,,,,,,,,,,,,,,,,,,,81.48446713400385,,,,81.48446713400385,#000000,,81.53769167873709,,62.19345749086298,6.222470522984743,True,False,True,False,True,8.27881819255808,0.0,0.0,0.0,0.0,0,,,False,False,False,False,,,False,False,False,False,26174.0,1313.619688990236,False,False,False,False,5257.901826141547,False,False,False,False
2024-03-25 17:00:00+00:00,88.605,88.73,87.43,87.69,2054.0,,,,,,,,,,,87.95,,,,,,,,,,,81.62586323403106,,,,84.78793161701553,#000000,,82.9714256073109,,64.60400375916107,8.496237945562704,True,False,True,False,True,8.917201969024667,0.0,0.0,0.0,0.0,0,,,False,False,False,False,,,False,False,False,False,28228.0,1730.8969031144184,False,False,False,False,5208.22892961222,False,False,False,False
2024-03-26 17:00:00+00:00,88.085,88.085,87.3,87.3,5326.0,,,,,,,,,,,87.6697475158085,,,,,,,,,,,81.94439951770647,,,,84.80707351675748,#000000,,83.21896009301035,,65.46852883820696,9.431082687987058,True,False,True,False,True,8.125916666984267,0.0,0.0,0.0,0.0,0,,,False,False,False,False,,,False,False,False,False,22902.0,2059.1310596552803,False,False,False,False,5210.054837680248,False,False,False,False
2024-03-27 17:00:00+00:00,86.77,87.025,86.43,86.775,4419.0,,,,,,,,,,,87.32278385173885,,,,,,,,,,,82.14896305799657,,,,84.73587345486771,#000000,,83.31839829784211,,65.00692455858004,9.431082687987058,True,False,True,False,True,7.06300266447456,0.0,0.0,0.0,0.0,0,,,False,False,False,False,,,False,False,False,False,18483.0,2313.764686637369,False,False,False,False,5197.790421592183,False,False,False,False
2024-03-28 17:00:00+00:00,87.06,87.06,86.14,86.42,2856.0,,,,,,,,,,,87.17023313999772,,,,,,,,,,,82.26669163779964,,,,84.71846238889867,#000000,,83.37950805905481,,63.97183014422872,9.431082687987058,True,False,True,False,True,6.345312185169327,0.0,0.0,0.0,0.0,0,,,False,False,False,False,,,False,False,False,False,15627.0,2520.1714356817506,False,False,False,False,5161.483593350443,False,False,False,False
2024-03-29 17:00:00+00:00,86.42,86.42,86.42,86.42,0.0,,,,,,,,,,,87.17023313999772,,,,,,,,,,,82.26669163779964,,,,84.71846238889867,#000000,,83.37950805905481,,63.28176720132784,9.431082687987058,True,False,True,False,True,6.345312185169327,0.0,0.0,0.0,0.0,0,,,False,False,False,False,,,False,False,False,False,15627.0,2723.3780800897853,False,False,False,False,5081.460591903149,False,False,False,False
2024-04-01 17:00:00+00:00,84.68,86.3,84.68,86.25,5024.0,,,,,,,,,,,86.80594915053271,,,,,,,,,,,82.42327718360868,,,,84.6146131670707,#000000,,83.41491964683637,,62.404512924920155,9.431082687987058,True,False,True,False,False,5.992128194655159,0.0,0.0,0.0,0.0,0,,,False,False,False,False,,,False,False,False,False,10603.0,2845.5427610186257,False,False,False,False,5080.569730013177,False,False,False,False
2024-04-02 17:00:00+00:00,85.17,85.17,84.4,84.87,2458.0,,,,,,,,,,,86.58469741458492,,,,,,,,,,,82.47480788854288,,,,84.52975265156391,#000000,,83.39928446237653,,58.668469791924906,13.485982086838078,True,False,True,False,False,3.1804179945864917,0.0,0.0,0.0,0.0,0,,,False,False,False,False,,,False,False,False,False,8145.0,2927.7048887547708,False,False,False,False,5039.909734199019,False,False,False,False
2024-04-03 17:00:00+00:00,84.23,84.23,82.67,82.75,10302.0,,,,,,,,,,,85.51507588602198,,,,,,,,,,,82.5362897771914,,,,84.02568283160669,#000000,,83.16971697650072,,52.55617319829338,7.771083911291257,True,False,False,False,False,0.0,0.0,0.0,0.0,0.0,0,,,False,False,False,False,,,False,False,False,False,-2157.0,2848.872254820588,False,False,False,False,5121.492529017639,False,False,False,False
2024-04-04 17:00:00+00:00,83.875,83.88,81.915,82.525,5295.0,,,,,,,,,,,85.13034257345277,,,,,,,,,,,82.54597439339926,,,,83.83815848342601,#000000,,83.07466562681287,,48.14907909222619,3.85043777488508,False,False,False,True,False,0.0,0.0,0.0,0.0,0.0,0,,,False,False,False,False,,,False,False,False,False,-7452.0,2689.168809009416,False,False,False,False,5124.1825673274425,False,False,False,False
2024-04-05 17:00:00+00:00,82.11,82.31,80.99,81.41,3852.0,,,,,,,,,,,84.80055755943506,,,,,,,,,,,82.5178039873914,,,,83.65918077341323,#000000,,82.96628910672825,,43.62334355139232,-0.13945185858871412,False,True,False,True,False,0.0,0.0,0.0,0.0,0.0,0,,,False,False,False,False,,,False,False,False,False,-11304.0,2472.2204553813626,False,False,False,False,5104.458806593683,False,False,False,False
2024-04-08 17:00:00+00:00,81.71,81.76,81.16,81.36,2263.0,,,,,,,,,,,84.62643465833506,,,,,,,,,,,82.499609923591,,,,83.56302229096303,#000000,,82.90651803666684,,40.53621703653336,-2.824412524852079,False,True,False,True,False,0.0,0.0,0.0,0.0,0.0,0,,,False,False,False,False,,,False,False,False,False,-13567.0,2223.550370801807,False,False,False,False,5060.405181685253,False,False,False,False
2024-04-09 17:00:00+00:00,83.83,83.83,82.84,83.39,4726.0,,,,,,,,,,,84.50257100703381,,,,,,,,,,,82.52833828196017,,,,83.515454644497,#000000,,82.8934923873131,,43.22841319498829,-2.824412524852079,False,True,False,True,True,0.4848901389896483,0.0,0.0,0.0,0.0,0,,,False,False,False,False,,,False,False,False,False,-8841.0,2052.0069542002284,False,False,False,False,5055.220605225017,False,False,False,False
2024-04-10 17:00:00+00:00,80.965,81.61,80.78,80.78,3320.0,,,,,,,,,,,84.28211812313326,,,,,,,,,,,82.49435213974851,,,,83.3882351314409,#000000,,82.80988733304852,,41.15060300208429,-2.824412524852079,False,True,False,True,True,0.0,0.0,0.0,0.0,0.0,0,,,False,False,False,False,,,False,False,False,False,-12161.0,1831.6502572358836,False,False,False,False,5028.317960182769,False,False,False,False
2024-04-11 17:00:00+00:00,81.63,81.92,81.47,81.73,2464.0,,,,,,,,,,,84.16537733708617,,,,,,,,,,,82.48107923525293,,,,83.32322828616955,#000000,,82.76898147433617,,41.637440873112695,-2.824412524852079,False,True,False,True,True,0.0,0.0,0.0,0.0,0.0,0,,,False,False,False,False,,,False,False,False,False,-9697.0,1652.911493557808,False,False,False,False,4988.561092583036,False,False,False,False
2024-04-12 17:00:00+00:00,80.375,80.375,78.8,79.125,5240.0,,,,,,,,,,,83.74933158833763,,,,,,,,,,,82.37564248318114,,,,83.06248703575937,#000000,,82.5818914098851,,38.898641696192485,-4.377081138408855,False,True,False,True,False,0.0,0.0,0.0,0.0,0.0,0,,,False,False,False,False,,,False,False,False,False,-14937.0,1395.7035634251286,False,False,False,False,4992.459370217407,False,False,False,False
2024-04-15 17:00:00+00:00,78.53,78.56,77.66,78.55,3689.0,,,,,,,,,,,83.4291691421228,,,,,,,,,,,82.27770942363384,,,,82.85343928287833,#000000,,82.42604280596893,,36.50647136335668,-6.867428931335091,False,True,False,True,False,0.0,0.0,0.0,0.0,0.0,0,,,False,False,False,False,,,False,False,False,False,-18626.0,1085.289554689855,False,False,False,False,4972.250697810936,False,False,False,False
2024-04-16 17:00:00+00:00,78.46,78.8,77.92,77.96,3816.0,,,,,,,,,,,83.13331867946275,,,,,,,,,,,82.18046727306276,,,,82.65689297626275,#000000,,82.27736220701252,,34.3256012208481,-9.15808962226302,False,True,False,True,False,0.0,0.0,0.0,0.0,0.0,0,,,False,False,False,False,,,False,False,False,False,-22442.0,720.5253755473766,False,False,False,False,4954.324330403015,False,False,False,False
2024-04-17 17:00:00+00:00,78.275,78.78,77.98,77.98,5736.0,,,,,,,,,,,82.74850489657699,,,,,,,,,,,82.04347161846015,,,,82.39598825751857,#000000,,82.07679983680487,,32.92093000797353,-10.753212031114067,False,True,False,True,False,0.0,0.0,0.0,0.0,0.0,0,,,False,False,False,False,,,False,False,False,False,-16706.0,450.34668755439395,False,False,False,False,4966.4433330324255,False,False,False,False
2024-04-18 17:00:00+00:00,78.335,78.475,77.9,78.26,7653.0,,,,,,,,,,,82.31715778597726,,,,,,,,,,,81.87333566371356,,,,82.09524672484541,#000000,,81.84078180787128,,32.73352726097955,-11.296797587270092,False,True,False,True,False,0.0,0.0,0.0,0.0,0.0,0,,,False,False,False,False,,,False,False,False,False,-9053.0,303.0079792202173,False,False,False,False,5008.0953743807595,False,False,False,False
2024-04-19 17:00:00+00:00,77.65,77.8,76.82,77.375,5554.0,,,,,,,,,,,81.99536367721517,,,,,,,,,,,81.73155768203917,,,,81.86346067962717,#000000,,81.65437064607423,,31.501923131368592,-12.871985307853677,False,True,False,True,False,0.0,0.0,0.0,0.0,0.0,0,,,False,False,False,False,,,False,False,False,False,-14607.0,71.84506481370227,False,False,False,False,5016.5590119872595,False,False,False,False
2024-04-22 17:00:00+00:00,78.76,78.905,78.335,78.4,1841.0,,,,,,,,,,,81.92312342602706,,,,,,,,,,,81.69893910819852,,,,81.81103126711278,#000000,,81.61214326949487,,33.47011237153938,-12.871985307853677,False,True,False,True,False,0.0,0.0,0.0,0.0,0.0,0,,,False,False,False,False,,,False,False,False,False,-12766.0,-127.19129278030861,False,False,False,False,4967.3255389331935,False,False,False,False
2024-04-23 17:00:00+00:00,79.21,79.21,78.215,78.59,6053.0,,,,,,,,,,,81.7136188671613,,,,,,,,,,,81.60032127973707,,,,81.65697007344919,#000000,,81.4871191459915,,35.28299719073257,-12.871985307853677,False,True,False,True,True,0.0,0.0,0.0,0.0,0.0,0,,,False,False,False,False,,,False,False,False,False,-6713.0,-229.29685413255189,False,False,False,False,4984.157701120275,False,False,False,False
2024-04-24 17:00:00+00:00,78.6,78.885,78.0,78.67,7983.0,,,,,,,,,,,81.46335431301755,,,,,,,,,,,81.47336294411878,,,,81.46835862856815,#000000,,81.33167504735259,,36.72049322805808,-12.871985307853677,False,True,False,True,True,0.0,0.0,0.0,0.0,0.0,0,,,False,False,False,False,,,False,False,False,False,1270.0,-206.05194166538053,False,False,False,False,5030.651380172673,False,False,False,False
2024-04-25 17:00:00+00:00,77.73,79.18,77.73,78.91,7265.0,,,,,,,,,,,81.27328172557065,,,,,,,,,,,81.36977765011912,,,,81.32152968784489,"rgba(239, 83, 80, 0.5)",2.9652378146275677,81.20901895144262,-0.775323631751059,38.41477742527474,-16.433472303661638,False,True,False,True,True,0.0,0.0,0.0,0.0,0.0,0,,,False,False,False,False,,,False,False,False,False,8535.0,-70.53175652328159,False,False,False,False,5065.292444045966,False,False,False,False
2024-04-26 17:00:00+00:00,78.965,78.98,78.6,78.705,1407.0,,,,,,,,,,,81.24132901129637,,,,,,,,,,,81.35165288643907,,,,81.29649094886773,"rgba(239, 83, 80, 0.5)",2.926240804042487,81.1879622284084,-0.8485160295004709,39.071481126483555,-15.552411402627882,False,True,False,True,True,0.0,0.0,0.0,0.0,0.0,0,,,False,False,False,False,,,False,False,False,False,7128.0,41.07338698870727,False,False,False,False,5008.574731735175,False,False,False,False
2024-04-29 17:00:00+00:00,77.03,77.31,76.225,76.76,6130.0,,,,,,,,,,,81.00624945027957,,,,,,,,,,,81.21686385993844,,,,81.11155665510901,"rgba(239, 83, 80, 1.0)",2.912669261214738,81.03067780983683,-1.4662419337153736,35.93007605185669,-15.552411402627882,False,True,False,True,False,0.0,0.0,0.0,0.0,0.0,0,,,False,False,False,False,,,False,False,False,False,998.0,55.90945850826219,False,False,False,False,5025.961170002847,False,False,False,False
2024-04-30 17:00:00+00:00,76.34,77.035,76.21,76.54,3332.0,,,,,,,,,,,80.88382293002824,,,,,,,,,,76.59500000000001,81.14419674792144,,,,79.54100655931656,"rgba(239, 83, 80, 1.0)",2.9143745067794145,80.22172180127497,-1.2632974220404907,33.51239282790534,-11.829948104296122,False,True,False,True,False,0.0,0.0,0.0,0.0,0.0,0,,,False,False,False,False,,,False,False,False,False,-2334.0,18.85659868642867,True,False,False,False,4999.698206126834,False,False,False,False
2024-05-01 17:00:00+00:00,77.28,78.705,77.07,77.095,6423.0,,,,,,,,,,,80.71824766829272,,,,,,,,,,77.27208713480266,81.04062629093791,,,,79.67698703134442,"rgba(239, 83, 80, 1.0)",2.9411120453092323,80.23772996438568,-1.0685515940808876,33.921078063026826,-11.829948104296122,False,True,False,True,False,0.0,0.0,0.0,0.0,0.0,0,,,False,False,False,False,,,False,False,False,False,4089.0,81.95959715640652,False,False,False,False,5021.764900605487,False,False,False,False
2024-05-02 17:00:00+00:00,78.43,78.535,78.05,78.29,2217.0,,,,,,,,,,,80.67644647417467,,,,,,,,,,77.4608950050117,81.01299536193248,,,,79.71677894703963,"rgba(239, 83, 80, 0.5)",2.95207008602316,80.24403253739747,-0.6619194261846996,37.90727653590113,-11.829948104296122,False,True,False,True,True,0.0,0.0,0.0,0.0,0.0,0,,,False,False,False,False,,,False,False,False,False,6306.0,178.45634758809013,False,False,False,False,4978.280173464316,False,False,False,False
2024-05-03 17:00:00+00:00,78.715,78.95,78.29,78.34,13094.0,,,,,,,,,,,80.47792175628149,,,,,,,,,,78.01763378015373,80.87366476219007,,,,79.78974009954176,"rgba(239, 83, 80, 0.5)",2.953216543864495,80.21315014633626,-0.634274567582202,40.70855359941853,-14.162579450209172,False,True,False,True,True,0.0,0.0,0.0,0.0,0.0,0,,,False,False,False,False,,,False,False,False,False,19400.0,476.4647763076546,False,False,False,False,5104.105287054017,False,False,False,False
2024-05-06 17:00:00+00:00,77.79,78.43,77.725,78.285,2105.0,,,,,,,,,,,80.4438189468856,,,,,,,,,,78.0276302552967,80.84931708127444,,,,79.77358876115225,"rgba(239, 83, 80, 0.5)",2.9523039941499722,80.19327554568578,-0.6463682430627248,42.425272112962496,-12.540789617413601,False,True,False,True,True,0.0,0.0,0.0,0.0,0.0,0,,,False,False,False,False,,,False,False,False,False,17295.0,737.2172603959079,False,False,False,False,5057.607530665583,False,False,False,False
2024-05-07 17:00:00+00:00,77.69,77.805,77.24,77.4,4653.0,,,,,,,,,,,80.35103608212722,,,,,,,,,,77.94780469666499,80.78414027513193,,,,79.69432701797471,"rgba(239, 83, 80, 0.5)",2.974376856533935,80.12169811737711,-0.9150481760232355,41.27278798020942,-12.540789617413601,False,True,False,True,True,0.0,0.0,0.0,0.0,0.0,0,,,False,False,False,False,,,False,False,False,False,12642.0,921.7875354285295,False,False,False,False,5051.334545694024,False,False,False,False
2024-05-08 17:00:00+00:00,78.56,79.76,78.47,79.69,7383.0,,,,,,,,,,,80.30158805384362,,,,,,,,,,78.20368956223804,80.74012032504578,,,,79.74846598037581,#000000,2.9756494862239524,80.12902204092093,-0.14753822416028017,46.695343602080456,-8.578107700850481,False,False,False,True,True,0.0,0.0,0.0,0.0,0.0,0,,,False,False,False,False,,,False,False,False,False,20025.0,1217.9613720885523,False,False,False,False,5087.484397698768,False,False,False,False
2024-05-09 17:00:00+00:00,78.98,79.655,78.98,79.65,1053.0,,,,,,,,,,,80.29573060655089,,,,,,,,,,78.23572011094552,80.73456963386833,,,,79.75534011712158,#000000,2.974780974600795,80.13001775791311,-0.16136238668042435,50.196367671233546,-5.427466721097446,True,False,False,False,True,0.0,0.0,0.0,0.0,0.0,0,,,False,False,False,False,,,False,False,False,False,18972.0,1493.2177849243885,False,False,False,False,5024.934251998012,False,False,False,False
2024-05-10 17:00:00+00:00,78.535,78.56,78.21,78.25,3491.0,,,,,,,,,,,80.25318584594676,,,,,,,,,,78.24404086001844,80.70144259512442,,,,79.73288976702987,"rgba(239, 83, 80, 0.5)",2.9853928725719863,80.10307074603801,-0.6207125243256678,48.9142021618713,-5.427466721097446,False,False,False,False,True,0.0,0.0,0.0,0.0,0.0,0,,,False,False,False,False,,,False,False,False,False,15481.0,1710.0826254681965,False,False,False,False,5001.152325610446,False,False,False,False
2024-05-13 17:00:00+00:00,78.68,78.86,78.34,78.485,1378.0,,,,,,,,,,,80.23878460144365,,,,,,,,,,78.25373946538441,80.68982121578783,,,,79.72744842753865,"rgba(239, 83, 80, 0.5)",2.990117140433386,80.09489931478616,-0.5384067710982132,48.677792624869355,-5.427466721097446,False,False,False,False,True,0.0,0.0,0.0,0.0,0.0,0,,,False,False,False,False,,,False,False,False,False,16859.0,1944.949561507449,False,False,False,False,4944.979421337415,False,False,False,False
2024-05-14 17:00:00+00:00,79.105,79.43,78.89,79.145,2094.0,,,,,,,,,,,80.22494221780349,,,,,,,,,,78.29370388017138,80.67725787705014,,,,79.73196799167499,#000000,2.9908306086653833,80.09151138570661,-0.3164710776211368,50.220631550669694,-5.25524952008054,True,False,False,False,True,0.0,0.0,0.0,0.0,0.0,0,,,False,False,False,False,,,False,False,False,False,18953.0,2208.6402659802015,False,False,False,False,4900.77818999885,False,False,False,False
2024-05-15 17:00:00+00:00,81.44,82.56,81.29,81.81,5427.0,,,,,,,,,,,80.27818576224887,,,,,,,,,,78.6640554289332,80.70238175167023,,,,79.88154098095076,"rgba(38, 166, 154, 0.5)",2.994113153602681,80.18140609771788,0.5439319821037847,56.06033400528647,0.3159366605587408,True,False,True,False,True,0.9336119606979025,0.0,0.0,0.0,0.0,0,,,False,False,False,False,,,False,False,False,False,24380.0,2552.3822773603533,False,False,False,False,4908.936667673287,False,False,False,False
2024-05-16 17:00:00+00:00,81.37,81.62,80.94,81.43,5626.0,,,,,,,,,,,80.31199970095578,,,,,,,,,,78.92142731713454,80.71561283896031,,,,79.98301328568354,#000000,2.9960701933705787,80.2410704632682,0.39682966686246424,58.88673803440742,2.9176257652111133,True,False,True,False,True,0.23924913557727123,0.0,0.0,0.0,0.0,0,,,False,False,False,False,,,False,False,False,False,18754.0,2803.570149029185,False,False,False,False,4920.053928639592,False,False,False,False
2024-05-17 17:00:00+00:00,81.425,81.425,80.87,81.25,3451.0,,,,,,,,,,,80.32881769055902,,,,,,,,,,79.04779156608939,80.72156262369555,,,,80.03272396011465,#000000,2.9922668002040886,80.2702358408371,0.3274320856335646,60.242707410093324,4.232945142436378,True,False,True,False,True,0.0,0.0,0.0,0.0,0.0,0,,,False,False,False,False,,,False,False,False,False,15303.0,2997.359759121756,False,False,False,False,4897.2778987382035,False,False,False,False
2024-05-20 17:00:00+00:00,80.98,81.49,80.755,80.835,2086.0,,,,,,,,,,,80.33688084015087,,,,,,,,,,79.11247953656256,80.7238990065111,,,,80.05775312774152,#000000,2.9741975948704784,80.28469063860729,0.18502784157374436,59.890097148449684,4.232945142436378,True,False,True,False,True,0.0,0.0,0.0,0.0,0.0,0,,,False,False,False,False,,,False,False,False,False,13217.0,3155.8037938640537,False,False,False,False,4853.692194881797,False,False,False,False
2024-05-21 17:00:00+00:00,81.535,82.82,81.49,82.82,1257.0,,,,,,,,,,82.37666666666665,80.35098462012364,,,,,,,,,,79.1755359868859,80.73149053827565,,,,80.65866945298797,"rgba(38, 166, 154, 0.5)",2.9596481407621944,80.59937295246046,0.7503010296918815,62.97051743456527,7.179685173846423,True,False,True,False,True,2.7536993406640313,0.0,0.0,0.0,0.0,0,,,False,False,False,False,,,False,False,False,False,14474.0,3331.2797040367036,False,False,False,False,4797.9295251937065,False,False,False,False
2024-05-22 17:00:00+00:00,82.31,82.745,81.81,81.925,2147.0,,,,,,,,,,82.24000881316098,80.37209961781637,,,,,,,,,,79.27086371999147,80.74261050743686,,,,80.65639566460143,#000000,2.929633617900902,80.60360379549351,0.4510448666455678,62.48899902047268,7.179685173846423,True,False,True,False,True,1.0864037807244458,0.0,0.0,0.0,0.0,0,,,False,False,False,False,,,False,False,False,False,12327.0,3470.748235757065,False,False,False,False,4756.829842632564,False,False,False,False
2024-05-23 17:00:00+00:00,81.73,82.01,80.47,81.26,1780.0,,,,,,,,,,81.89893068415637,80.38048161329864,,,,,,,,,,79.32183592523346,80.74584267261307,,,,80.58677272382539,#000000,2.9050793634784053,80.56575841393631,0.23897508439578216,60.440843382829854,7.179685173846423,True,False,True,False,False,0.0,0.0,0.0,0.0,0.0,0,,,False,False,False,False,,,False,False,False,False,10547.0,3580.4575654352498,False,False,False,False,4710.677441971594,False,False,False,False
2024-05-24 17:00:00+00:00,81.71,82.11,81.59,81.79,1704.0,,,,,,,,,,81.88187814556717,80.39365996716943,,,,,,,,,,79.38228643630688,80.75245719878026,,,,80.60257043695594,#000000,2.893549368154263,80.57818346542285,0.4187993292646486,60.097054482885916,7.179685173846423,True,False,True,False,False,0.834111685093287,0.0,0.0,0.0,0.0,0,,,False,False,False,False,,,False,False,False,False,12251.0,3714.8845799246255,False,False,False,False,4664.062287832499,False,False,False,False
2024-05-27 17:00:00+00:00,81.79,81.79,81.79,81.79,0.0,,,,,,,,,,81.88187814556717,80.39365996716943,,,,,,,,,,79.38228643630688,80.75245719878026,,,,80.60257043695594,#000000,2.8872923785580262,80.57818346542285,0.4197069003390503,59.86786188292329,7.179685173846423,True,False,True,False,False,0.834111685093287,0.0,0.0,0.0,0.0,0,,,False,False,False,False,,,False,False,False,False,12251.0,3847.2274546544763,False,False,False,False,4591.75124461029,False,False,False,False
2024-05-28 17:00:00+00:00,81.15,81.15,80.29,80.32,1423.0,,,,,,,,,,81.66011350419123,80.3951142882358,,,,,,,,,,79.40604874937607,80.75161678267871,,,,80.55322333112045,#000000,2.8510098700774886,80.5500183387505,-0.0806796009949484,55.799543909621605,10.57002273075694,True,False,True,False,False,0.0,0.0,0.0,0.0,0.0,0,,,False,False,False,False,,,False,False,False,False,10828.0,3955.4564863652595,False,False,False,False,4542.623318337262,False,False,False,False
2024-05-29 17:00:00+00:00,78.64,78.64,78.02,78.545,7145.0,,,,,,,,,,80.15379863267772,80.32244313205267,,,,,,,,,,79.31551764666304,80.69328905879998,,,,80.12126211754835,"rgba(239, 83, 80, 0.5)",2.851597745598541,80.27955234784372,-0.6082738529727798,49.72355606125744,4.900200761737295,True,False,False,True,False,0.0,0.0,0.0,0.0,0.0,0,,,False,False,False,False,,,False,False,False,False,3683.0,3951.2323547937053,False,False,False,False,4582.970243634359,False,False,False,False
2024-05-30 17:00:00+00:00,78.89,78.89,78.35,78.43,3355.0,,,,,,,,,,79.86894520936333,80.29272565002925,,,,,,,,,,79.28470402062355,80.66867393155644,,,,80.02876220289315,"rgba(239, 83, 80, 0.5)",2.8649043142362904,80.21681435100331,-0.6236907606736665,45.4825675275724,1.1361914561820612,False,False,False,True,False,0.0,0.0,0.0,0.0,0.0,0,,,False,False,False,False,,,False,False,False,False,328.0,3895.058209758144,False,False,False,False,4563.931945283439,False,False,False,False
2024-05-31 17:00:00+00:00,79.18,79.9,79.18,79.9,3300.0,,,,,,,,,,79.83776076764205,80.28242219754912,,,,,,,,,,79.29911765048182,80.65737199424146,,,,80.01916815247861,#000000,2.8642639936334793,80.20726717958782,-0.1072761380483037,46.42153928846644,1.1361914561820612,False,False,False,True,False,0.0,0.0,0.0,0.0,0.0,0,,,False,False,False,False,,,False,False,False,False,3628.0,3890.9177723975527,False,False,False,False,4544.336101170517,False,False,False,False
2024-06-03 17:00:00+00:00,79.1,79.47,78.795,79.05,1191.0,,,,,,,,,,79.80030827110691,80.27554276781085,,,,,,,,,,79.29646375480687,80.65111964803238,,,,80.00585861043925,#000000,2.8689188329874815,80.19723972421465,-0.39988573779900416,45.36542562862372,1.1361914561820612,False,False,False,True,False,0.0,0.0,0.0,0.0,0.0,0,,,False,False,False,False,,,False,False,False,False,2437.0,3868.3764115851873,False,False,False,False,4492.346394175625,False,False,False,False
2024-06-04 17:00:00+00:00,76.67,77.5,76.65,76.995,4297.0,,,,,,,,,,79.37184215611677,80.20891716873739,,,,,,,,,77.04833333333333,79.19078598360535,80.59951677077571,,,,79.28387908251372,"rgba(239, 83, 80, 0.5)",2.8911772797708286,79.70330285608634,-0.9367474194806241,41.47091477298308,-2.572812579943431,False,True,False,True,False,0.0,0.0,0.0,0.0,0.0,0,,,False,False,False,False,,,False,False,False,False,-1860.0,3779.56437419627,False,False,False,False,4489.317767909336,False,False,False,False
2024-06-05 17:00:00+00:00,77.32,78.02,77.29,78.02,3905.0,,,,,,,,,,79.17411614398172,80.16412465867771,,,,,,,,,77.39509530195888,79.1328515549867,80.56324552802192,,,,79.28588663752538,"rgba(239, 83, 80, 0.5)",2.899975928759991,79.69156603006746,-0.5764068637570439,41.31629659530621,-2.8565545467230677,False,True,False,True,False,0.0,0.0,0.0,0.0,0.0,0,,,False,False,False,False,,,False,False,False,False,2045.0,3752.671903278498,False,False,False,False,4480.258577709192,False,False,False,False
2024-06-06 17:00:00+00:00,80.24,80.26,79.19,79.54,5300.0,,,,,,,,,,79.24456639676846,80.15191265265807,,,,,,,,,78.28545684589938,79.16079468015677,80.54782067369317,,,,79.47811024983517,#000000,2.888459231100504,79.80699483966274,-0.09243503830275768,44.27296292335795,-2.8565545467230677,False,False,False,True,True,0.0,0.0,0.0,0.0,0.0,0,,,False,False,False,False,,,False,False,False,False,7345.0,3808.3669125299944,False,False,False,False,4492.967747047034,False,False,False,False
2024-06-07 17:00:00+00:00,78.62,78.62,77.89,78.04,6877.0,,,,,,,,,,79.07748918293994,80.09153480956203,,,,,,,,,78.25099473314032,79.09826094169598,80.49637746977638,,,,79.40293142742291,"rgba(239, 83, 80, 0.5)",2.8727144068046595,79.74185440314511,-0.5924203252205953,43.779925846188505,-2.8565545467230677,False,False,False,True,True,0.0,0.0,0.0,0.0,0.0,0,,,False,False,False,False,,,False,False,False,False,468.0,3756.578278227204,False,False,False,False,4529.929487402894,False,False,False,False
2024-06-10 17:00:00+00:00,78.57,78.89,78.19,78.89,5913.0,,,,,,,,,,79.02731530023793,80.05466754007465,,,,,,,,,78.34222925858307,79.07523637576752,80.46259431388931,,,,79.39240855771051,#000000,2.826833785749037,79.72364088172596,-0.2949026879219438,45.08814677120118,-2.8565545467230677,False,False,False,True,True,0.0,0.0,0.0,0.0,0.0,0,,,False,False,False,False,,,False,False,False,False,6381.0,3797.266987091898,False,False,False,False,4551.372441086569,False,False,False,False
2024-06-11 17:00:00+00:00,77.94,78.155,77.77,78.04,3473.0,,,,,,,,,,78.9593185344313,80.0239475298865,,,,,,,,,78.30093644660954,79.04293988135981,80.43619248644544,,,,79.35266697574653,"rgba(239, 83, 80, 0.5)",2.8375520394481857,79.68945731997516,-0.5812958835799618,44.5598757811218,-2.8565545467230677,False,False,False,True,True,0.0,0.0,0.0,0.0,0.0,0,,,False,False,False,False,,,False,False,False,False,2908.0,3783.479902020706,False,False,False,False,4534.653488511583,False,False,False,False
2024-06-12 17:00:00+00:00,79.85,79.85,78.87,79.08,5948.0,,,,,,,,,,78.99029551808862,80.00514464379638,,,,,,,,,78.46177881070385,79.05377394947949,80.41520311465948,,,,79.38523920734556,#000000,2.844456003343159,79.70302806348398,-0.2190324134919737,46.24377723739027,-2.8565545467230677,False,False,False,True,True,0.0,0.0,0.0,0.0,0.0,0,,,False,False,False,False,,,False,False,False,False,8856.0,3862.1236244699976,False,False,False,False,4556.565837526908,False,False,False,False
2024-06-13 17:00:00+00:00,78.9,80.08,78.9,79.91,5651.0,,,,,,,,,,79.04619769275972,79.99649905181377,,,,,,,,,78.6213769622538,79.079118584879,80.40203925163591,,,,79.42904630866845,#000000,2.84605874629941,79.72651210806595,0.06447087298272741,48.8525383706857,-5.92753121296839,True,False,False,False,True,0.0,0.0,0.0,0.0,0.0,0,,,False,False,False,False,,,False,False,False,False,14507.0,4027.16046750147,False,False,False,False,4573.533809038118,False,False,False,False
2024-06-14 17:00:00+00:00,79.79,80.04,79.605,79.94,4221.0,,,,,,,,,,79.09616495129704,79.99421730292751,,,,,,,,,78.73622313626558,79.10401033659886,80.39535612013886,,,,79.46519436944557,#000000,2.8460198096212785,79.74737395148203,0.0676826098914604,50.646599103849205,-4.070373457401246,True,False,False,False,True,0.0,0.0,0.0,0.0,0.0,0,,,False,False,False,False,,,False,False,False,False,18728.0,4255.080460253385,False,False,False,False,4568.068168587915,False,False,False,False
2024-06-17 17:00:00+00:00,78.06,78.96,78.06,78.86,4559.0,,,,,,,,,,79.06702187094373,79.96966993457617,,,,,,,,,78.72626246410337,79.08815556721235,80.37204143089696,,,,79.44463025354652,#000000,2.834714330110412,79.72651379567586,-0.3056794070823025,49.55058807757065,-4.070373457401246,True,False,False,False,True,0.0,0.0,0.0,0.0,0.0,0,,,False,False,False,False,,,False,False,False,False,14169.0,4408.784639164185,False,False,False,False,4567.927576826862,False,False,False,False
2024-06-18 17:00:00+00:00,77.99,78.08,77.5,77.98,7872.0,,,,,,,,,,78.94953058773376,79.90604818024086,,,,,,,,,78.60781758480418,79.02117800469921,80.31598864937453,,,,79.36011260137052,"rgba(239, 83, 80, 0.5)",2.8518680332861246,79.65383551536274,-0.5869260063320768,47.176271884478695,-4.070373457401246,False,False,False,True,False,0.0,0.0,0.0,0.0,0.0,0,,,False,False,False,False,,,False,False,False,False,6297.0,4438.059295921329,False,False,False,False,4619.153505868306,False,False,False,False
2024-06-19 17:00:00+00:00,77.98,77.98,77.98,77.98,0.0,,,,,,,,,,78.94953058773376,79.90604818024086,,,,,,,,,78.60781758480418,79.02117800469921,80.31598864937453,,,,79.36011260137052,"rgba(239, 83, 80, 0.5)",2.8660061547874016,79.65383551536274,-0.5840306771730933,45.59339442241739,0.12861717761050073,False,False,False,True,False,0.0,0.0,0.0,0.0,0.0,0,,,False,False,False,False,,,False,False,False,False,6297.0,4466.880082031076,False,False,False,False,4547.538722831588,False,False,False,False
2024-06-20 17:00:00+00:00,77.27,78.35,77.27,78.25,22202.0,,,,,,,,,,78.73659043341061,79.75368487415172,,,,,,,,,78.42759802454977,78.87993700186655,80.17664865341766,,,,79.19489179747926,#000000,2.878835675554761,79.5015426121472,-0.4347391630493214,45.28389672425968,-0.35653434398539474,False,False,False,True,False,0.0,0.0,0.0,0.0,0.0,0,,,False,False,False,False,,,False,False,False,False,28499.0,4839.4710885112145,False,False,False,False,4821.251300772183,False,False,False,False
2024-06-21 17:00:00+00:00,78.04,78.13,77.34,78.08,4360.0,,,,,,,,,,78.70075863613891,79.7249070680734,,,,,,,,,78.3978228183846,78.85378261392914,80.14997356820858,,,,79.16544894094693,#000000,2.892554916668988,79.47374605222791,-0.4818390980914972,44.678730321453436,-1.1879853107816487,False,True,False,True,False,0.0,0.0,0.0,0.0,0.0,0,,,False,False,False,False,,,False,False,False,False,24139.0,5138.688591014917,False,False,False,False,4814.100117814474,False,False,False,False
2024-06-24 17:00:00+00:00,76.94,77.47,76.74,77.38,10174.0,,,,,,,,,,78.57113463612697,79.63876198816895,,,,,,,,,78.26884862588652,78.7610802674482,80.0730210827714,,,,79.06256932008041,"rgba(239, 83, 80, 0.5)",2.8960622660171933,79.38192388643157,-0.6912571977206531,42.67573077638819,-3.3008383970045685,False,True,False,True,False,0.0,0.0,0.0,0.0,0.0,1,,,False,False,False,False,,,False,False,False,False,13965.0,5275.530628363523,False,False,False,False,4897.1993407940945,False,False,False,False
2024-06-25 17:00:00+00:00,77.215,78.005,77.085,77.44,17424.0,,,,,,,,,,78.43466074442591,79.52138998323929,,,,,,,,,78.15097868528026,78.65169839581317,79.96353414565381,,,,78.94445239088249,"rgba(239, 83, 80, 0.5)",2.9149175192694803,79.26930746077737,-0.6275674864501216,41.555729221401165,-4.5400832958981,False,True,False,True,False,0.0,0.0,0.0,0.0,0.0,0,,,False,False,False,False,,,False,False,False,False,31389.0,5680.390618621453,False,False,False,False,5091.413304502714,False,False,False,False
2024-06-26 17:00:00+00:00,77.04,77.4,76.73,76.945,10201.0,,,,,,,,,,78.3359509149111,79.44332662003117,,,,,,,,,78.05712029221176,78.57248797090105,79.89183600981617,,,,78.86014436157424,"rgba(239, 83, 80, 0.5)",2.9240211914293517,79.19097389373962,-0.7681113599049293,39.641988325882714,-6.494933341272898,False,True,False,True,False,0.0,0.0,0.0,0.0,0.0,0,,,False,False,False,False,,,False,False,False,False,21188.0,5920.818671045926,False,False,False,False,5170.631702882517,False,False,False,False
2024-06-27 17:00:00+00:00,77.01,77.38,76.57,77.195,11283.0,,,,,,,,,,78.24339227541275,79.36325957058891,,,,,,,,,77.9719628535089,78.49459402106217,79.81711417219223,,,,78.778064578553,"rgba(239, 83, 80, 0.5)",2.94579406997548,79.11299782556762,-0.651097048879452,39.39659250141642,-6.896622572514396,False,True,False,True,False,0.0,0.0,0.0,0.0,0.0,0,,,False,False,False,False,,,False,False,False,False,32471.0,6332.449389324283,False,False,False,False,5265.397102837826,False,False,False,False
2024-06-28 17:00:00+00:00,77.49,77.655,76.805,76.85,8643.0,,,,,,,,,,78.18389208256595,79.30683062058948,,,,,,,,,77.91920525217317,78.4421802343321,79.76356493657708,,,,78.72313462524757,"rgba(239, 83, 80, 0.5)",2.970578867966783,79.05959168546484,-0.743825289169044,38.33077598426667,-8.104156615328073,False,True,False,True,False,0.0,0.0,0.0,0.0,0.0,0,,,False,False,False,False,,,False,False,False,False,23828.0,6603.698236001425,False,False,False,False,5317.763039227937,False,False,False,False
2024-07-01 17:00:00+00:00,76.99,77.14,76.655,76.72,3110.0,,,,,,,,,,78.15908878878582,79.28484940759445,,,,,,,,,77.89608825666664,78.42072920967223,79.74294145761642,,,,78.70073942406711,"rgba(239, 83, 80, 0.5)",2.9967827673948872,79.03821295637941,-0.7735672340356662,37.27457087379287,-9.288043127195614,False,True,False,True,False,0.0,0.0,0.0,0.0,0.0,0,,,False,False,False,False,,,False,False,False,False,20718.0,6822.524619939387,False,False,False,False,5283.534154898822,False,False,False,False
2024-07-02 17:00:00+00:00,75.23,75.625,75.08,75.46,10700.0,,,,,,,,,,77.99384573010433,79.16902149070897,,,,,,,,,77.7242064935869,78.28732912466218,79.63981609645687,,,,78.56284378710384,"rgba(239, 83, 80, 1.0)",3.0397582466699893,78.9144773558038,-1.136431609187386,33.78075205072628,-12.651691604808,False,True,False,True,False,0.0,0.0,0.0,0.0,0.0,0,,,False,False,False,False,,,False,False,False,False,10018.0,6872.066873893815,False,False,False,False,5367.510369551553,False,False,False,False
2024-07-03 17:00:00+00:00,76.14,76.14,76.14,76.14,0.0,,,,,,,,,,77.99384573010433,79.16902149070897,,,,,,,,,77.7242064935869,78.28732912466218,79.63981609645687,,,,78.56284378710384,"rgba(239, 83, 80, 0.5)",3.0103900977349354,78.9144773558038,-0.9216338300778216,34.53262125444615,-12.651691604808,False,True,False,True,False,0.0,0.0,0.0,0.0,0.0,0,,,False,False,False,False,,,False,False,False,False,10018.0,6920.841030887709,False,False,False,False,5284.293154519745,False,False,False,False
2024-07-04 17:00:00+00:00,76.14,76.14,76.14,76.14,0.0,,,,,,,,,,77.99384573010433,79.16902149070897,,,,,,,,,77.7242064935869,78.28732912466218,79.63981609645687,,,,78.56284378710384,"rgba(239, 83, 80, 0.5)",2.9506431609164605,78.9144773558038,-0.9402957946775415,35.033867390259395,-12.651691604808,False,True,False,True,True,0.0,0.0,0.0,0.0,0.0,0,,,False,False,False,False,,,False,False,False,False,10018.0,6968.858999401078,False,False,False,False,5202.366128868276,False,False,False,False
2024-07-05 17:00:00+00:00,75.55,75.82,74.59,74.8,4206.0,,,,,,,,,,77.92687248009034,79.1216783327841,,,,,,,,,77.65457287241894,78.23263944459264,79.59766814391516,,,,78.50668625476023,"rgba(239, 83, 80, 1.0)",2.8763554924450734,78.86400358971959,-1.412900317917569,32.491294122237576,-13.947394804235465,False,True,False,True,False,0.0,0.0,0.0,0.0,0.0,0,,,False,False,False,False,,,False,False,False,False,5812.0,6950.923200960751,False,False,False,False,5186.918591986597,False,False,False,False
2024-07-08 17:00:00+00:00,74.295,74.73,74.0,74.65,4194.0,,,,,,,,,,77.8494555369202,79.06860145856068,,,,,,,,74.46000000000001,77.57313226513,78.16975912193132,79.55084860857008,,,,77.77863283185205,"rgba(239, 83, 80, 1.0)",2.7780293391195556,78.32369611282397,-1.3224108403362904,30.528795685581485,-15.817015860030025,False,True,False,True,False,0.0,0.0,0.0,0.0,0.0,0,,,False,False,False,False,,,False,False,False,False,1618.0,6868.242221100894,True,False,False,False,5171.52450528913,True,False,False,False
2024-07-09 17:00:00+00:00,75.19,75.39,74.83,74.83,7812.0,,,,,,,,,,77.73633338785886,78.98445319796754,,,,,,,,74.82220889555224,77.45724014700903,78.07481632875938,79.47516814661616,,,,77.75837001729387,"rgba(239, 83, 80, 1.0)",2.676536271828657,78.2856595610985,-1.2910938654074477,30.15064389280544,-16.24407848795262,False,True,False,True,False,0.0,0.0,0.0,0.0,0.0,0,,,False,False,False,False,-0.30310194222697856,-0.30310194222697856,False,False,False,False,9430.0,6907.959395967548,False,False,False,False,5212.46210985829,False,False,False,False
2024-07-10 17:00:00+00:00,74.76,75.01,74.31,74.86,7459.0,,,,,,,,,,77.62579349799265,78.90166706636253,,,,,,,,74.78559705454235,77.34395227050237,77.98124592074156,79.40067899001669,,,,77.67315580002635,"rgba(239, 83, 80, 1.0)",2.581130691896224,78.20467251510651,-1.2958168006011934,30.065132886794085,-16.49655243262631,False,True,False,True,False,0.0,0.0,0.0,0.0,0.0,0,0.8179926764314246,0.8724201065246335,False,False,False,False,-0.3269792186433815,-0.31504058043518,False,False,False,False,16889.0,7062.704211533942,False,False,False,False,5247.2921546666885,False,False,False,False
2024-07-11 17:00:00+00:00,77.46,77.915,77.31,77.71,5680.0,,,,,,,,,,77.62631605880907,78.88333216458388,,,,,,,,75.4315071253397,77.35317212504852,77.9742392297279,79.3799541017472,,,,77.77475346754271,#000000,2.4432593004036725,78.26603377228014,-0.2275786987440415,40.07264606345788,-14.122031066821023,False,True,False,True,True,0.0,0.0,0.0,0.0,0.0,0,0.8208352655555254,0.8697454922392861,False,False,False,False,-0.1755021576449065,-0.24527136904004326,False,False,False,False,22569.0,7303.111898176826,False,False,False,False,5254.000803431546,False,False,False,False
2024-07-12 17:00:00+00:00,77.67,77.84,77.05,77.19,3843.0,,,,,,,,,,77.62150228039891,78.86844167675615,,,,,,,,75.68717147325331,77.35331073335904,77.96569967296381,79.36394909652466,,,,77.81001248887598,#000000,2.2957491328716904,78.28455950336522,-0.4767766162655862,45.11748117544566,-9.897964348628413,False,False,False,True,True,0.0,0.0,0.0,0.0,0.0,0,0.825029412569427,0.8709403814057836,False,False,False,False,-0.18382571687483637,-0.2145485429574398,False,False,False,False,18726.0,7480.21093851517,False,False,False,False,5232.124821982994,False,False,False,False
2024-07-15 17:00:00+00:00,77.2,77.29,76.04,76.055,3484.0,,,,,,,,,,77.60280261276395,78.84730065904917,,,,,,,,75.77026894965921,77.33719749192994,77.9469789203042,79.34324991129309,,,,77.8079664241666,"rgba(239, 83, 80, 1.0)",2.154630759947456,78.27660522019507,-1.0310839618057046,45.420720663677365,-9.897964348628413,False,False,False,True,True,0.0,0.0,0.0,0.0,0.0,0,0.8239973391723717,0.8669863355414504,False,False,False,False,-0.22293981309427643,-0.2187441780258581,False,False,False,False,15242.0,7600.548753421911,False,False,False,False,5205.022111564653,False,False,False,False
2024-07-16 17:00:00+00:00,77.1,78.24,77.1,78.24,8003.0,,,,,,,,,,77.61198774186063,78.82777351193049,,,,,,,,76.18346518427013,77.35803471053252,77.94456116921202,79.31934179988171,,,,77.87419401961459,#000000,2.035139077081246,78.31351292949171,-0.03612182101930039,50.386401113195404,-5.492991274690105,True,False,True,False,True,0.0,0.0,0.0,0.0,0.0,0,0.8308452219983995,0.8556251552195147,False,False,False,False,-0.17265041367235529,-0.1956972958491067,False,False,False,False,23245.0,7843.098385151804,False,False,False,False,5248.401613710937,False,False,False,False
2024-07-17 17:00:00+00:00,81.04,81.13,79.985,81.1,10891.0,,,,,,,,,,77.75688524613417,78.87784957700198,,,,,,,,77.14922208594533,77.53194798875687,78.04639173360107,79.34979985967513,,,,78.1186827485191,"rgba(38, 166, 154, 1.0)",1.9995587305996192,78.48767615064347,1.30645017292048,57.40738628108264,0.7353437350135437,True,False,True,False,True,3.1474588911978927,0.0,0.0,0.0,0.0,0,0.8395044735030972,0.8557192016517547,False,False,False,False,-0.03201239130972288,-0.11385484357941479,False,False,False,False,34136.0,8250.740270653327,False,False,False,False,5335.883759234799,False,False,False,False
2024-07-18 17:00:00+00:00,79.64,79.825,78.56,78.665,7091.0,,,,,,,,,,77.7937870300757,78.88017875917593,,,,,,,,77.37574841336368,77.5800709096671,78.06888412321163,79.34520837990094,,,,78.17397960256582,#000000,1.948671439308952,78.52362105951477,0.07255145102109979,57.0441107249293,0.7353437350135437,True,False,True,False,True,0.0,0.0,0.0,0.0,0.0,0,0.8175749318801089,0.8581743869209807,False,False,False,False,-0.09800120535121407,-0.10592802446531444,False,False,False,False,27045.0,8542.124142426142,False,False,False,False,5363.094863742786,False,False,False,False
2024-07-19 17:00:00+00:00,79.55,79.84,79.09,79.125,2384.0,,,,,,,,,,77.80897951419853,78.88282352276816,,,,,,,,77.45317299737569,77.59916787243021,78.07880433595545,79.34523816802066,,,,78.19469773512479,#000000,1.9225193024956897,78.53764594726593,0.3055126947082435,57.42907351495232,0.7353437350135437,True,False,True,False,True,0.0,0.0,0.0,0.0,0.0,0,0.8252889935900947,0.8547088149893167,False,False,False,False,-0.08477780930374813,-0.09535291688453129,False,False,False,False,29429.0,8865.951675101707,False,False,False,False,5316.907346475456,False,False,False,False
2024-07-22 17:00:00+00:00,80.17,80.23,79.29,79.445,3760.0,,,,,,,,,,77.83694253531114,78.88959508910557,,,,,,,,77.58132688864467,77.63353533108068,78.09779738384049,79.34747527830118,,,,78.23111208438063,#000000,1.898103669597787,78.56298573563485,0.4646818182233642,58.14007082321623,1.4978823710889273,True,False,True,False,True,0.20995852263555648,0.0,0.0,0.0,0.0,0,0.8292166936835453,0.8512514767700632,False,False,False,False,-0.07049569662491917,-0.08292430675472523,False,False,False,False,33189.0,9243.053199518734,False,False,False,False,5292.769248080487,False,False,False,False
2024-07-23 17:00:00+00:00,78.46,79.23,78.125,79.01,3559.0,,,,,,,,,,77.85039072977443,78.88876146912779,,,,,,,,77.64435118348985,77.65152353170313,78.10558465940417,79.34367895678649,,,,78.24738175504764,#000000,1.8138537814665734,78.57285769401057,0.24100195421264478,57.67101645791025,1.4978823710889273,True,False,True,False,True,0.0,0.0,0.0,0.0,0.0,0,0.8218793828892006,0.857822511893958,False,False,False,False,-0.12308964959642492,-0.10300697817557508,False,False,False,False,29630.0,9559.129894099839,False,False,False,False,5265.889104699394,False,False,False,False
2024-07-24 17:00:00+00:00,79.44,79.61,78.9,79.3,6056.0,,,,,,,,,,77.88373409686483,78.89402813642472,,,,,,,,77.77700356616724,77.69331470782613,78.12750817658947,79.34283745784958,,,,78.28640435695365,#000000,1.7970060862094823,78.59908268654858,0.39004726741348655,57.85442906923725,2.059756194845775,True,False,True,False,True,0.0,0.0,0.0,0.0,0.0,0,0.8301902398676593,0.855004135649297,False,False,False,False,-0.09496546189867389,-0.09898622003712448,False,False,False,False,35686.0,9964.197647679686,False,False,False,False,5278.138886021883,False,False,False,False
2024-07-25 17:00:00+00:00,85.12,85.31,84.07,84.74,12998.0,,,,,,,,,,78.21118246041564,79.06141189272456,,,,,,,,78.80977079367993,78.06158701398736,78.38304803355567,79.47117630509668,,,,78.66636274990996,"rgba(0, 255, 0, 1.0)",1.9005376124181967,78.89627409024438,3.074775196014252,63.834154671200565,7.975638401025975,True,False,True,False,True,8.658859715081597,0.0,0.0,0.0,0.0,0,0.8336243720280471,0.8565940413185394,False,False,False,False,0.16843986089397855,0.034726820428427035,False,False,False,False,48684.0,10564.504660893954,False,False,False,False,5397.826655230846,False,False,False,False
2024-07-26 17:00:00+00:00,87.77,88.29,87.035,87.895,4650.0,,,,,,,,,,78.37202243921328,79.14990599544466,,,,,,,,79.26180386223115,78.24004718134583,78.51128287916032,79.54135442447294,,,,78.8460694636447,"rgba(0, 255, 0, 1.0)",2.184944234141078,79.0398644232221,4.052797063838535,69.55812402121806,13.32069169354751,True,False,True,False,True,12.915829178110194,0.0,0.0,0.0,0.0,0,0.8380358040034905,0.8474231165877777,False,False,False,False,0.3204445763520433,0.1775856983902352,False,False,False,False,53334.0,11227.597611887846,False,False,False,False,5386.232443521841,False,False,False,False
2024-07-29 17:00:00+00:00,86.515,87.2,85.89,86.69,16345.0,,,,,,,,,,78.8324868416544,79.40746485268929,,,,,,,,80.36923345870801,78.74850239701881,78.88272591240843,79.74563843148651,,,,79.33100864899424,"rgba(0, 255, 0, 1.0)",2.373151766387125,79.43252346412007,3.058159464840582,71.08735712759481,14.703992505595991,True,False,True,False,True,10.770870026771629,0.0,0.0,0.0,0.0,0,0.8351256374349355,0.847781858535683,False,False,False,False,0.26196438442902076,0.21977504140962797,False,False,False,False,36989.0,11626.999199300437,False,False,False,False,5556.135816490494,False,False,False,False
2024-07-30 17:00:00+00:00,88.475,88.475,87.435,87.68,3426.0,,,,,,,,,,78.93727617728347,79.46835201084498,,,,,,,,80.59922213762113,78.86332847344282,78.96841295591285,79.79463091951855,,,,79.4385371124373,"rgba(0, 255, 0, 1.0)",2.5840846794620806,79.52079494914554,3.1574836210680752,72.73245399745346,16.346517604978644,True,False,True,False,True,12.05826767970937,0.0,0.0,0.0,0.0,0,0.8398018601955051,0.8452296261165125,False,False,False,False,0.3360927174054564,0.27793387940754216,False,False,False,False,40415.0,12073.324793109732,False,False,False,False,5523.110454994517,False,False,False,False
2024-07-31 17:00:00+00:00,89.48,89.97,88.28,88.625,4118.0,,,,,,,,,88.95833333333334,79.07511952162403,79.5497829016231,,,,,,,,80.8966038029252,79.01390959001034,79.08168378365234,79.8606284369948,,,,80.91943733859475,"rgba(0, 255, 0, 1.0)",2.8146762523255497,80.56927160138774,2.8620443974529692,74.40717686226213,18.107559705900798,True,False,True,False,True,13.26356110277057,0.0,0.0,0.0,0.0,0,0.8459513530588607,0.8337106454669894,False,False,False,False,0.34282824939738843,0.31038106440246527,False,False,False,False,44533.0,12576.575571511132,False,False,False,False,5501.325796777547,False,False,False,False
2024-08-01 17:00:00+00:00,86.56,86.66,85.85,86.345,4629.0,,,,,,,,,87.54357856026829,79.18490309854401,79.61412679740178,,,,,,,,81.10380160655248,79.13381610088078,79.17233821620958,79.91222090757157,,,,80.8092550410612,"rgba(0, 255, 255, 0.75)",2.93634575252615,80.5079107904974,1.9878753053794576,71.27083913248887,18.107559705900798,True,False,True,False,False,9.289762191492258,0.0,0.0,0.0,0.0,0,0.8443311102393096,0.840198770759775,False,False,False,False,0.20446926618223404,0.25742516529234966,False,False,False,False,39904.0,13000.256570402431,False,False,False,False,5487.801365819755,False,False,False,False
2024-08-02 17:00:00+00:00,86.22,86.91,86.08,86.505,8163.0,,,,,,,,,87.03900512517248,79.37614599817621,79.72818242491279,,,,,,,,81.44637084289549,79.34192979510543,79.33139523306711,80.00418963642407,,,,80.89531700796479,"rgba(0, 255, 255, 0.75)",3.0486918653891633,80.59623771110913,1.9381303686250433,69.32915060603062,18.107559705900798,True,False,True,False,False,9.500925600009623,0.0,0.0,0.0,0.0,0,0.8496848272434807,0.8379410456935106,False,False,False,False,0.21568169252388592,0.23655342890811779,False,False,False,False,48067.0,13543.927011171385,False,False,False,False,5529.277313636503,False,False,False,False
2024-08-05 17:00:00+00:00,83.43,83.61,82.85,83.58,7522.0,,,,,,,,,85.90222672451429,79.46956913720045,79.78259419890034,,,,,,,,81.55142221601614,79.4435662784342,79.41015088617763,80.04665260642294,,,,80.80088314966657,"rgba(38, 166, 154, 0.5)",3.0870142138896473,80.54329399055966,0.983703280592958,63.491910063479594,20.043058423239444,True,False,True,False,False,4.721861375145615,0.0,0.0,0.0,0.0,0,0.8477779494309696,0.8415469385653223,False,False,False,False,0.0665002910744999,0.15152685999130883,False,False,False,False,40545.0,13962.548297819889,False,False,False,False,5560.17223900648,False,False,False,False
2024-08-06 17:00:00+00:00,85.5,86.43,85.07,85.69,6661.0,,,,,,,,,85.86533088905327,79.59734869214657,79.86074888009446,,,,,,,,81.7464330521458,79.58174265047997,79.51804585018533,80.10987832272244,,,,80.8970754766897,"rgba(0, 255, 255, 0.75)",3.1712634251527674,80.62996576566779,1.5955893774697865,61.922228836559476,18.55972299808063,True,False,True,False,False,7.530646141524066,0.0,0.0,0.0,0.0,0,0.8527236906071693,0.8406212419722128,False,False,False,False,0.18103758497230787,0.16628222248180835,False,False,False,False,47206.0,14477.950649791674,False,False,False,False,5577.239336076146,False,False,False,False
2024-08-07 17:00:00+00:00,85.32,85.32,83.94,83.94,5056.0,,,,,,,,,85.66038156887696,79.6706191769386,79.90557888818566,,,,,,,,81.83721713221098,79.66081071914263,79.58050039471888,80.14580151603478,,,,80.92298705658695,"rgba(38, 166, 154, 1.0)",3.212100800029397,80.65914981740359,1.0214032456784619,58.54691219774029,15.311699569809747,True,False,True,False,False,4.830444025398965,0.0,0.0,0.0,0.0,0,0.8410903069672654,0.8464908928798877,False,False,False,False,0.12972692432011562,0.148004573400962,False,False,False,False,42150.0,14906.974670725136,False,False,False,False,5569.158106059462,False,False,False,False
2024-08-08 17:00:00+00:00,84.94,85.54,84.775,84.935,3218.0,,,,,,,,,85.61321157314501,79.72267212654243,79.93792213905526,,,,,,,,81.90639503671032,79.7168611550993,79.62494446201316,80.17197646189918,,,,80.95628327920925,"rgba(38, 166, 154, 1.0)",3.2716827529630637,80.69047858650607,1.2973511596287244,57.43194497131026,14.119105225890848,True,False,True,False,False,6.137584424366743,0.0,0.0,0.0,0.0,0,0.8371731880552942,0.8457523993788342,False,False,False,False,0.1537926069548658,0.1508985901779139,False,False,False,False,45368.0,15379.238629318545,False,False,False,False,5532.7060423996245,False,False,False,False
2024-08-09 17:00:00+00:00,85.82,85.905,84.87,85.35,14859.0,,,,,,,,,85.54793687529967,79.9629933444355,80.09034919371116,,,,,,,,82.21713717108503,79.97461541684551,79.83167349391276,80.29629402781953,,,,81.13157136044417,"rgba(38, 166, 154, 1.0)",3.3367148406670673,80.85122456559249,1.3482648800483419,57.16779344199448,13.56420108413056,True,False,True,False,False,6.679242375854052,0.0,0.0,0.0,0.0,0,0.8445977129377982,0.8382134249525663,False,False,False,False,0.16433967245362716,0.15761913131577054,False,False,False,False,60227.0,16074.552759096552,False,False,False,False,5677.299747168622,False,False,False,False
2024-08-12 17:00:00+00:00,85.23,85.9,85.105,85.32,12624.0,,,,,,,,,85.52786873597606,80.15399479710364,80.21484132351719,,,,,,,,82.44520373327357,80.17832037598927,79.99795054145665,80.39866416711187,,,,81.27383481063261,"rgba(38, 166, 154, 1.0)",3.381621432613861,80.98211724933626,1.2827818953438332,56.94255242111659,12.919546187690514,True,False,True,False,False,6.631878226558083,0.0,0.0,0.0,0.0,0,0.8424652231140476,0.8475236792525872,False,False,False,False,0.1696266818415623,0.1636229065786664,False,False,False,False,47603.0,16563.365894614435,False,False,False,False,5785.000526282287,False,False,False,False
2024-08-13 17:00:00+00:00,85.995,86.94,85.995,86.94,1838.0,,,,,,,,,85.55722651700442,80.18667484558067,80.23647996356173,,,,,,,,82.48780764701858,80.21310468664072,80.02642586016516,80.41664796105711,,,,81.30348106871836,"rgba(0, 255, 255, 0.75)",3.4587772536100077,81.51895400510249,1.567330185613843,58.772447565075254,12.919546187690514,True,False,True,False,False,8.74877479534738,0.0,0.0,0.0,0.0,0,0.8389334996491776,0.848002910527273,False,False,False,False,0.2143942739018083,0.18900859024023736,False,False,False,False,49441.0,17073.096655938243,False,False,False,False,5723.806719673259,False,False,False,False
2024-08-14 17:00:00+00:00,85.38,85.38,84.61,84.75,10517.0,,,,,,,,,85.47172907855143,80.31942636660874,80.3251042282282,,,,,,,,82.62147592223852,80.3538736963408,80.14369406657327,80.4897566015529,,,,81.3892942800134,"rgba(38, 166, 154, 0.5)",3.486771728990869,81.46146899916795,0.9431449077923458,56.41419997966314,11.868714567512342,True,False,True,False,False,5.3182296276056,0.0,0.0,0.0,0.0,0,0.8327940148593028,0.8469284734266999,False,False,False,False,0.14636142374357428,0.1676850069919058,False,False,False,False,38924.0,17411.87035119501,False,False,False,False,5798.119793786852,False,False,False,False
2024-08-15 17:00:00+00:00,86.48,86.725,85.855,86.41,19044.0,,,,,,,,,85.6380911934642,80.61031304981303,80.52431759005695,,,,,,,,82.95797195117302,80.66129786450497,80.40130914010237,80.65677806276703,,,,81.6357255502688,"rgba(38, 166, 154, 1.0)",3.5572494498767613,81.72863762603718,1.3160062120819207,56.900853441503344,11.868714567512342,True,False,True,False,False,7.458140045353428,0.0,0.0,0.0,0.0,0,0.8345889708897088,0.8332564575645754,False,False,False,False,0.2061011928218149,0.18689309990686037,False,False,False,False,57968.0,18040.647555052452,False,False,False,False,6003.48227760411,False,False,False,False
2024-08-16 17:00:00+00:00,85.19,85.335,84.75,85.1,6768.0,,,,,,,,,85.60094252993957,80.68557858428291,80.57718973896313,,,,,,,,83.0236893497406,80.7403004828842,80.46927348235745,80.70109673742839,,,,81.68543870079945,"rgba(38, 166, 154, 0.5)",3.5964002435368028,81.7595285707396,0.9288375050200961,55.25852988080343,10.185156661892528,False,False,True,False,False,5.468209641489629,0.0,0.0,0.0,0.0,0,0.8327096575763792,0.8348369899528396,False,False,False,False,0.14853192038469765,0.167712510145779,False,False,False,False,51200.0,18554.74604257102,False,False,False,False,6015.335265548232,False,False,False,False
2024-08-19 17:00:00+00:00,85.95,86.245,85.26,85.31,2738.0,,,,,,,,,85.60104562819976,80.7190004408482,80.60078008168392,,,,,,,,83.05590425725875,80.77537878568413,80.49939536813304,80.72097611158324,,,,81.710354381913,"rgba(38, 166, 154, 0.5)",3.636263307000428,81.78014829369566,0.9707360023980591,54.4526702691183,9.114545575532333,False,False,True,False,False,5.741609741890581,0.0,0.0,0.0,0.0,0,0.8334355044699873,0.8300127713920814,False,False,False,False,0.18115308000891808,0.17443279507734855,False,False,False,False,53938.0,19103.32362330635,False,False,False,False,5964.523866082368,False,False,False,False
2024-08-20 17:00:00+00:00,85.58,86.13,85.56,85.645,1361.0,,,,,,,,,85.60325693146132,80.73602870211919,80.61282747004813,,,,,,,,83.07268889684153,80.79324694937938,80.51474108525477,80.73114643775884,,,,81.72341949612333,"rgba(38, 166, 154, 1.0)",3.671080525570784,81.79145279565547,1.0497038072313514,54.40877398164565,8.719122960758348,False,False,True,False,False,6.182079644722901,0.0,0.0,0.0,0.0,1,0.8355590736154025,0.8292265658912746,False,False,False,False,0.1854297858665156,0.17993129047193207,False,False,False,False,55299.0,19664.49690046439,False,False,False,False,5893.151403042331,False,False,False,False
2024-08-21 17:00:00+00:00,85.56,86.21,85.485,86.15,1814.0,,,,,,,,,85.6088998467502,80.7593065122875,80.62932345647447,,,,,,,,83.09612662967372,80.81767034315007,80.53571248378543,80.74509290792368,,,,81.74173316857787,"rgba(38, 166, 154, 1.0)",3.7286797327672674,81.80781861924191,1.1645358925840246,55.14895834047594,8.719122960758348,False,False,True,False,False,6.848791081098028,0.0,0.0,0.0,0.0,1,0.8399486191393708,0.8249454078355811,False,False,False,False,0.1855454649575724,0.18273837771475224,False,False,False,False,57113.0,20245.09384774401,False,False,False,False,5829.9087456308225,False,False,False,False
2024-08-22 17:00:00+00:00,86.16,86.16,85.2,85.68,1522.0,,,,,,,,,85.60986216341195,80.7776757753098,80.64239131691276,,,,,,,,83.1136763102426,80.83692203468902,80.55231748250168,80.75613652348008,,,,81.75556880093542,"rgba(38, 166, 154, 1.0)",3.7743574084665945,81.81953054422792,1.0228150219987993,54.69383950924334,8.359890615907851,False,False,True,False,False,6.1025974667543075,0.0,0.0,0.0,0.0,1,0.8478553319190772,0.822579810627619,False,False,False,False,0.1778056512824898,0.180272014498621,False,False,False,False,55591.0,20793.092392740225,False,False,False,False,5763.119462752825,False,False,False,False
2024-08-23 17:00:00+00:00,89.4,89.81,89.31,89.64,1084.0,,,,,,,,,85.64783123121008,80.8010347112142,80.65884318263701,,,,,,,,83.14483805641045,80.86152636471331,80.57303929990867,80.77018865020841,,,,81.77961449947172,"rgba(0, 255, 255, 0.75)",3.905306453467551,81.84684258998918,1.9955303131438553,59.36086783167503,5.580148256837994,True,False,True,False,True,11.110330335683393,0.0,0.0,0.0,0.0,0,0.8443283313170834,0.8304290751846795,False,False,False,False,0.3428282495410432,0.2615501320198321,False,False,False,False,56675.0,21349.401037814023,False,False,False,False,5690.574974958207,False,False,False,False
2024-08-26 17:00:00+00:00,90.97,91.22,90.21,90.25,1361.0,,,,,,,,90.55999999999999,85.70601779564886,80.83341763114417,80.68165621282606,,,,,,,,83.1893882100542,80.8956470536029,80.6017169972811,80.78970918063366,,,,82.90719413514887,"rgba(0, 255, 255, 0.75)",4.0466568617510115,82.60907261540002,1.8882073883807642,63.024771723023804,8.955502722414955,True,False,True,False,True,11.832009126495716,0.0,0.0,0.0,0.0,0,0.8341088878548165,0.8296882270823636,False,False,False,False,0.34282824988537797,0.30218919095260505,False,False,False,False,58036.0,21918.185517847913,False,False,False,False,5623.449781548003,False,False,False,False
2024-08-27 17:00:00+00:00,88.965,89.35,88.7,88.97,1620.0,,,,,,,,89.71585374035557,85.7519085340909,80.86557288036533,80.70442549140765,,,,,,,,83.23069396717977,80.92947159075796,80.63034697895507,80.80916527570714,,,,82.82967980735242,"rgba(0, 255, 255, 0.75)",4.14651204775314,82.57060859130078,1.543319140280043,62.86171232465094,8.955502722414955,True,False,True,False,True,9.781468892126114,0.0,0.0,0.0,0.0,0,0.8339423571796196,0.8308543489449303,False,False,False,False,0.26801820826935696,0.28510369961098103,False,False,False,False,56416.0,22453.035354780503,False,False,False,False,5561.380792686793,False,False,False,False
2024-08-28 17:00:00+00:00,88.64,89.01,88.21,88.43,1158.0,,,,,,,,89.38967383425947,85.7794436088096,80.88712264680218,80.71973405844717,,,,,,,,83.25755610309187,80.95212024344526,80.64958363048791,80.82224478773001,,,,82.80718486413419,"rgba(38, 166, 154, 1.0)",4.23264659819657,82.56365776132054,1.3859749692258676,61.70880832591459,8.955502722414955,True,False,True,False,True,8.92826193283397,0.0,0.0,0.0,0.0,0,0.8279661454301496,0.8377199772926663,False,False,False,False,0.2501158067909731,0.2676097532009771,False,False,False,False,55258.0,22961.63945780716,False,False,False,False,5493.111323032734,False,False,False,False
2024-08-29 17:00:00+00:00,88.79,89.32,88.79,88.93,1499.0,,,,,,,,89.28961452051553,85.82012027231893,80.91651528203398,80.74062944175799,,,,,,,,83.29493727136578,80.98301488259598,80.67579888257642,80.84012157906459,,,,82.82009401652864,"rgba(38, 166, 154, 1.0)",4.327361087543047,82.58370962702719,1.466549761988099,61.61130693275078,8.955502722414955,True,False,True,False,False,9.550575761436,0.0,0.0,0.0,0.0,0,0.8236837320449887,0.844151796150549,False,False,False,False,0.2693187551651015,0.2684642541830393,False,False,False,False,56757.0,23485.59853598069,False,False,False,False,5431.187116474086,False,False,False,False
2024-08-30 17:00:00+00:00,88.23,88.99,88.23,88.44,2166.0,,,,,,,,89.08525969588244,85.86890995000276,80.95622125112422,80.76896862239411,,,,,,,,83.34382528883643,81.02470712749242,80.71131599324741,80.86436939316663,,,,82.8279471652683,"rgba(38, 166, 154, 1.0)",4.406718731889039,82.60289004545305,1.3245932653488728,60.48500767538191,8.955502722414955,True,False,True,False,False,8.761644949512352,0.0,0.0,0.0,0.0,0,0.8238802049126498,0.8436358859845,False,False,False,False,0.2501158067909731,0.2592900304870062,False,False,False,False,54591.0,23967.852822244557,False,False,False,False,5380.564060404719,False,False,False,False
2024-09-02 17:00:00+00:00,88.44,88.44,88.44,88.44,0.0,,,,,,,,89.08525969588244,85.86890995000276,80.95622125112422,80.76896862239411,,,,,,,,83.34382528883643,81.02470712749242,80.71131599324741,80.86436939316663,,,,82.8279471652683,"rgba(38, 166, 154, 1.0)",4.482116594999613,82.60289004545305,1.3023110467628187,59.73414150380266,8.955502722414955,False,False,True,False,False,8.761644949512352,0.0,0.0,0.0,0.0,0,0.8229546294829139,0.8376115776686208,False,False,False,False,0.24282800572608557,0.2510590181065459,False,False,False,False,54591.0,24442.630297868673,False,False,False,False,5297.144462568987,False,False,False,False
2024-09-03 17:00:00+00:00,86.53,86.75,85.86,85.95,3378.0,,,,,,,,88.20961604960351,85.87751642371859,80.99829158074868,80.7994442057596,,,,,,,,83.38445569409596,81.06866561037835,80.74954714574802,80.89033590609792,,,,82.74723407701882,"rgba(38, 166, 154, 0.5)",4.509743857211561,82.55518547940038,0.7527732456846643,54.37998646299727,8.24982681798582,False,True,True,False,False,4.820798337323147,0.0,0.0,0.0,0.0,0,0.8247887915201765,0.8371202182924906,False,False,False,False,0.15316831719148521,0.20211366764901556,False,False,False,False,51213.0,24857.674789374585,False,False,False,False,5267.39028485474,False,False,False,False
2024-09-04 17:00:00+00:00,86.54,86.705,86.04,86.69,2890.0,,,,,,,,87.8540584138715,85.89112341441499,81.03574409660477,80.82664325776744,,,,,,,,83.42182901903085,81.10779330450177,80.78356599620145,80.91356327005343,,,,82.72929009655579,"rgba(38, 166, 154, 0.5)",4.549639222405859,82.54989638401825,0.9099850369657329,52.25912204380569,6.366269722417556,False,True,False,False,False,5.808001426747477,0.0,0.0,0.0,0.0,0,0.8242141103808698,0.8399714941800615,False,False,False,False,0.1559587039599347,0.1790361858044751,False,False,False,False,54103.0,25311.090684112965,False,False,False,False,5230.531520748465,False,False,False,False
2024-09-05 17:00:00+00:00,88.05,88.65,87.96,87.96,986.0,,,,,,,,87.87605591712047,85.90875014904792,81.05238700405022,80.83865583534222,,,,,,,,83.44139958123289,81.12522705976146,80.79854097672641,80.92386775046185,,,,82.74561053421793,"rgba(38, 166, 154, 1.0)",4.609593416828452,82.565909275609,1.1701879616320476,53.0916397803443,6.366269722417556,False,True,True,False,False,7.471532441003923,0.0,0.0,0.0,0.0,0,0.822969929792026,0.8482448006358457,False,False,False,False,0.23705863832069987,0.20804741206258748,False,False,False,False,55089.0,25772.763696762377,False,False,False,False,5164.724830504302,False,False,False,False
2024-09-06 17:00:00+00:00,87.11,87.36,86.865,87.27,1088.0,,,,,,,,87.82814133531524,85.91928977550214,81.06803757646219,80.85002383520208,,,,,,,,83.45818777790208,81.14158832458578,80.81271323912041,80.93360518585969,,,,82.7514483812437,"rgba(38, 166, 154, 1.0)",4.655493444976155,82.57348527601292,1.0088113708022057,52.30651030326036,6.366269722417556,False,True,False,False,False,6.386736737307356,0.0,0.0,0.0,0.0,0,0.8294377595570229,0.8489511234160363,False,False,False,False,0.18671802842416424,0.19738272024337586,False,False,False,False,54001.0,26210.410771231174,False,False,False,False,5101.519794372452,False,False,False,False
2024-09-09 17:00:00+00:00,88.2,88.45,87.65,87.65,3239.0,,,,,,,,87.84293285186139,85.96796157115882,81.11984491226764,80.88762569901233,,,,,,,,83.51723770152165,81.19578895132243,80.85948188310063,80.96588987425727,,,,82.79459543056277,"rgba(38, 166, 154, 1.0)",4.706006249445441,82.61687397938952,1.0695111212832726,52.4975999205199,6.366269722417556,False,True,True,False,False,6.890193258105839,0.0,0.0,0.0,0.0,0,0.8307832227690993,0.851326770811042,False,False,False,False,0.22620274328281276,0.21179273176309432,False,False,False,False,57240.0,26691.48967400278,False,False,False,False,5072.643518490709,False,False,False,False
2024-09-10 17:00:00+00:00,86.88,87.8,86.88,87.655,3904.0,,,,,,,,87.7762262584625,86.01010560935502,81.17699485744576,80.92941341288235,,,,,,,,83.5789538087955,81.25547137124624,80.9113273636436,81.00179459645396,,,,82.83003590978562,"rgba(38, 166, 154, 1.0)",4.75139393297441,82.654386280282,1.0524519310036624,52.63510290259906,6.339833327318239,False,True,True,False,False,6.896902618052373,0.0,0.0,0.0,0.0,0,0.8324379774856251,0.8518748481494478,False,False,False,False,0.19624242371597694,0.20401757773953563,False,False,False,False,61144.0,27225.637120917465,False,False,False,False,5054.525014328062,False,False,False,False
2024-09-11 17:00:00+00:00,86.58,87.02,86.3,86.68,1702.0,,,,,,,,87.70066023768555,86.01817238997933,81.19853424792278,80.94530866820114,,,,,,,,83.5999613450484,81.2779081086173,80.93101318807494,81.01544759672797,,,,82.83587572278218,"rgba(38, 166, 154, 0.5)",4.767265545759278,82.66212879787146,0.8428041533584477,50.54453373775483,4.146278245110281,False,True,False,False,False,5.322495045965994,0.0,0.0,0.0,0.0,0,0.8278127861259227,0.8498949749555661,False,False,False,False,0.1678712618687095,0.18594441980412257,False,False,False,False,59442.0,27725.115615166804,False,False,False,False,5002.547882322976,False,False,False,False
2024-09-12 17:00:00+00:00,88.32,88.8,87.87,88.23,1715.0,,,,,,,,87.73914850595371,86.04607654387891,81.22649996479132,80.96578356765366,,,,,,,,83.63196333924891,81.30712451924165,80.95632369071248,81.03309545536948,,,,82.86325194835626,"rgba(38, 166, 154, 1.0)",4.802831434975883,82.68839278963755,1.1538208836576176,52.3903736846367,4.146278245110281,False,True,True,False,True,7.429698909514261,0.0,0.0,0.0,0.0,0,0.8390554480980016,0.8431656995486783,False,False,False,False,0.238339369039786,0.2121418944219543,False,False,False,False,61157.0,28243.43940407895,False,False,False,False,4951.578147713317,False,False,False,False
2024-09-13 17:00:00+00:00,90.03,90.39,89.77,90.38,5737.0,,,,,,,,88.17077212341644,86.2085404521655,81.3429146411021,81.05080153185345,,,,,,,,83.7777864945228,81.42892319662083,81.06109834774782,81.10662783066765,,,,83.01843307726207,"rgba(0, 255, 255, 0.75)",4.8893304272698455,82.83251231133926,1.5436648843705132,56.84781268521165,2.985028894443033,False,True,True,False,True,10.203321668838893,0.0,0.0,0.0,0.0,0,0.8406042979479725,0.8436742607852643,False,False,False,False,0.31432542648808215,0.2632336604550182,False,False,False,False,66894.0,28842.672901690126,False,False,False,False,4963.755230694506,False,False,False,False
2024-09-16 17:00:00+00:00,90.47,91.73,90.22,91.7,1584.0,,,,,,,,88.31256237693594,86.26229967313397,81.37823386455118,81.07663376689904,,,,,,,,83.82324666856996,81.46587947170993,81.09285003381811,81.12901837787402,,,,83.06759052918652,"rgba(0, 255, 255, 0.75)",4.99451011674879,82.87817419187532,1.7663045227481313,61.327373406325385,6.9878258191516665,False,False,True,False,True,11.827847454629406,0.0,0.0,0.0,0.0,0,0.839211504811899,0.8476870078740156,False,False,False,False,0.34282824995628725,0.3030309552056527,False,False,False,False,68478.0,29457.17409701276,False,False,False,False,4911.355924792266,False,False,False,False
2024-09-17 17:00:00+00:00,92.72,93.165,92.22,93.15,4293.0,,,,,,,,88.82033259394571,86.44839394997015,81.48833340788592,81.1571269012025,,,,,,,,83.97023608016971,81.58114471893852,81.19159638564044,81.19892161754356,,,,83.23201070691206,"rgba(0, 255, 255, 0.75)",5.104588932634132,83.03052001272543,1.9824279919152268,65.704009176391,10.795251085998402,True,False,True,False,True,13.554604378647152,0.0,0.0,0.0,0.0,0,0.8391711485435042,0.8467880641022141,False,False,False,False,0.3428282503741575,0.3229296027899051,False,False,False,False,72771.0,30128.706281555198,False,False,False,False,4901.769011229595,False,False,False,False
2024-09-18 17:00:00+00:00,92.12,93.53,91.63,92.35,6960.0,,,,,,,,89.38644754858656,86.71374742889046,81.65717094792608,81.2815647013157,,,,,,,,84.18983355580123,81.7576157655671,81.34361795250557,81.30722303512329,,,,83.4546526169645,"rgba(0, 255, 255, 0.75)",5.196902727101465,83.23982300419647,1.753001253668772,66.63271823470144,11.46314484003343,True,False,True,False,True,12.212518618301534,0.0,0.0,0.0,0.0,0,0.8342763873775846,0.849537540805223,False,False,False,False,0.33828863897060246,0.3306091208802538,False,False,False,False,65811.0,30681.920137655114,False,False,False,False,4933.679569195027,False,False,False,False
2024-09-19 17:00:00+00:00,94.985,95.49,94.57,95.49,2998.0,,,,,,,,89.74642649515998,86.87066721668087,81.7458913514342,81.34692999941969,,,,,,,,84.3103624746601,81.8504079984385,81.42327397259399,81.36425098620883,,,,83.58227631182451,"rgba(0, 255, 0, 1.0)",5.38364861961283,83.35925049530631,2.2532580340590793,69.99720823978377,14.53104698565798,True,False,True,False,True,15.805570950703519,0.0,0.0,0.0,0.0,0,0.8332345013477092,0.8468733153638812,False,False,False,False,0.34282825083127755,0.3367186858557657,False,False,False,False,68809.0,31273.03765490077,False,False,False,False,4903.669033238515,False,False,False,False
2024-09-20 17:00:00+00:00,95.11,95.52,94.81,95.29,6424.0,,,,,,,,90.38765684984097,87.1889690299853,81.93245691781703,81.48517594077734,,,,,,,,84.56046826596348,82.0453243205995,81.5911923098562,81.48508745515134,,,,83.8345413862489,"rgba(0, 255, 0, 1.0)",5.533635066938705,83.59681411611845,2.1131111362481683,71.76999476010258,16.15538507405695,True,False,True,False,True,15.469086532810621,0.0,0.0,0.0,0.0,0,0.8351624646083327,0.8431710934340029,False,False,False,False,0.34282825085453994,0.3397734683551528,False,False,False,False,62385.0,31755.393660251146,False,False,False,False,4927.240055979003,False,False,False,False
2024-09-23 17:00:00+00:00,95.0,95.425,94.65,94.77,5904.0,,,,,,,,90.83194015444016,87.45203759958348,82.09616817001071,81.60747468857237,,,,,,,,84.77507600331725,82.21609331474242,81.73908978496944,81.59224095730458,,,,84.03876508411756,"rgba(0, 255, 255, 0.75)",5.6660866526161255,83.79044836901353,1.9377662757623066,71.67068049821069,16.175716776989006,True,False,True,False,True,14.588339430346803,0.0,0.0,0.0,0.0,0,0.8374251335455678,0.8393676145254411,False,False,False,False,0.33829492300948993,0.3390341956823214,False,False,False,False,56481.0,32138.73639420074,False,False,False,False,4942.383621002585,False,False,False,False
2024-09-24 17:00:00+00:00,96.43,96.525,95.84,96.495,2998.0,,,,,,,,91.08905087206256,87.60155898347821,82.18622632988713,81.67487529897053,,,,,,,,84.89458686405216,82.3100237144117,81.820426792538,81.65138933382384,,,,84.15351727365302,"rgba(0, 255, 0, 1.0)",5.825164999403015,83.89910128830395,2.162324794746059,73.12578940654566,17.781686760826673,True,False,True,False,True,16.515644252724115,0.0,0.0,0.0,0.0,0,0.840356672843983,0.8330781833319904,False,False,False,False,0.342828251020607,0.3409312233514642,False,False,False,False,59479.0,32562.616450104604,False,False,False,False,4912.238138506421,False,False,False,False
2024-09-25 17:00:00+00:00,96.11,96.11,95.065,95.065,3050.0,,,,,,,,91.28692439063423,87.73378558743548,82.27107860829626,81.73875221232191,,,,,,,,85.00452321882405,82.39841390500962,81.8973070392273,81.70751524252314,,,,84.254787525534,"rgba(0, 255, 255, 0.75)",5.944111274769886,83.9954137805718,1.8622777582266474,70.80528134103795,17.781686760826673,True,False,True,False,True,14.110832973853348,0.0,0.0,0.0,0.0,0,0.8338974919374187,0.8310989098856578,False,False,False,False,0.3227603241905982,0.3318457737710312,False,False,False,False,56429.0,32932.63790049058,False,False,False,False,4883.36622938229,False,False,False,False
2024-09-26 17:00:00+00:00,96.65,96.76,95.615,96.045,4764.0,,,,,,,,91.61065303331561,87.95031080701146,82.40866745798718,81.84258520255042,,,,,,,,85.18338828592204,82.54169201823271,82.02203005510185,81.79887161287436,,,,84.41977480912445,"rgba(0, 255, 255, 0.75)",6.086606673080857,84.1522315556717,1.953924260775099,70.2844967245263,17.781686760826673,True,False,True,False,False,15.209539041485346,0.0,0.0,0.0,0.0,0,0.8424953345774464,0.8246600906424951,False,False,False,False,0.3428282510213848,0.337337012396208,False,False,False,False,61193.0,33370.78304932018,False,False,False,False,4881.5155901670605,False,False,False,False
2024-09-27 17:00:00+00:00,96.12,96.56,95.94,96.53,6053.0,,,,,,,,91.98042899923843,88.21628517104958,82.58212612653377,81.97421802374116,,,,,,,,85.40659308688151,82.72214206668237,82.17962073119595,81.91491366909635,,,,84.62204098430239,"rgba(0, 255, 255, 0.75)",6.231138105522113,84.34474196757382,1.9555429242737288,70.43163664875377,17.781686760826673,True,False,True,False,False,15.749451627387156,0.0,0.0,0.0,0.0,0,0.8504991412623448,0.8243076427651354,False,False,False,False,0.3428282510310776,0.34008263171364284,False,False,False,False,67246.0,33895.98021134623,False,False,False,False,4899.678139156718,False,False,False,False
2024-09-30 17:00:00+00:00,97.11,97.59,96.5,97.49,2889.0,,,,,,,,92.16783667247387,88.3500408552351,82.66842195609277,82.03987221967543,,,,,,,,85.51804460103882,82.8118861292977,82.25806080553623,81.97287287437129,,,,84.72337951421515,"rgba(0, 255, 0, 1.0)",6.377919997577196,84.44111820778038,2.045946295528408,71.4758473244386,17.781686760826673,True,False,True,False,False,16.81075055162607,0.0,0.0,0.0,0.0,0,0.8635872793045736,0.8160736461314181,False,False,False,False,0.3428282511497076,0.3414554414316752,False,False,False,False,70135.0,34457.82547938737,False,False,False,False,4868.5048346736685,False,False,False,False
2024-10-01 17:00:00+00:00,97.11,98.41,96.86,98.06,3797.0,,,,,,,,92.42089616233152,88.53109379188943,82.78479505993525,82.12859333796591,,,,,,,,85.6685191393386,82.93287332116817,82.3638944408323,82.05127691775678,,,,84.86024277140224,"rgba(0, 255, 0, 1.0)",6.515252989217926,84.57124242239645,2.070335196488311,72.70797631303573,18.502967618321705,True,False,True,False,False,17.435459802055643,0.0,0.0,0.0,0.0,0,0.869314645959036,0.8093292567439594,False,False,False,False,0.34282825123250765,0.34214184633209144,False,False,False,False,73932.0,35069.8281851333,False,False,False,False,4851.892356616712,False,False,False,False
2024-10-02 17:00:00+00:00,98.34,98.815,98.19,98.765,5143.0,,,,,,,,92.77618956700262,88.7861419816995,82.94799015041401,82.2533459862576,,,,,,,,85.87984284189426,83.10247378139107,82.51240862186076,82.1616711594261,,,,85.05250801124323,"rgba(0, 255, 0, 1.0)",6.657801780584124,84.75398359718753,2.1044508179369696,74.175175962343,20.145598900835523,True,False,True,False,True,18.205003776469926,0.0,0.0,0.0,0.0,0,0.8814770535010737,0.7982501426514141,False,False,False,False,0.3428282513469005,0.34248504883949593,False,False,False,False,79075.0,35752.07891094519,False,False,False,False,4856.4056534133515,False,False,False,False
2024-10-03 17:00:00+00:00,97.71,98.26,97.5,98.135,4136.0,,,,,,,,93.00587534069666,88.96956658388574,83.07165978400252,82.34852252671847,,,,,,,,86.03672643204114,83.23082640463592,82.6253190257714,82.24604969652373,,,,85.19181822428445,"rgba(0, 255, 255, 0.75)",6.773504570838551,84.88666812003896,1.955905062351042,73.28365646515326,20.145598900835523,True,False,True,False,True,17.082517747937544,0.0,0.0,0.0,0.0,0,0.8745126705653027,0.796269222438813,False,False,False,False,0.3238442496881414,0.33316464926381867,False,False,False,False,74939.0,36359.62807511658,False,False,False,False,4845.23657351547,False,False,False,False
2024-10-04 17:00:00+00:00,97.805,97.84,96.755,96.755,2642.0,,,,,,,,93.11891589819382,89.07225361060489,83.14515773037287,82.40544829923931,,,,,,,,86.1278495237858,83.30700752541698,82.69264324764413,82.29659560233995,,,,85.27073392969973,"rgba(0, 255, 255, 0.75)",6.8424356721804465,84.96199692657342,1.7235095276633496,69.06649062265652,23.06170938116375,True,False,True,False,False,14.66875101461019,0.0,0.0,0.0,0.0,0,0.8670134538918245,0.8033117272182582,False,False,False,False,0.3062823729879546,0.3197235111258866,False,False,False,False,72297.0,36916.796632091515,False,False,False,False,4811.077866949338,False,False,False,False
2024-10-07 17:00:00+00:00,95.25,97.17,95.12,97.04,4817.0,,,,,,,,93.27763257181559,89.2378383022977,83.2708374355242,82.50341692431174,,,,,,,,86.28024101971174,83.43710545486944,82.80813945364721,82.38372686232941,,,,85.39986725306338,"rgba(0, 255, 255, 0.75)",6.8964440386606425,85.08549354538796,1.7334305023859409,66.70268138727857,20.870439726979,True,False,True,False,False,15.000193107513404,0.0,0.0,0.0,0.0,0,0.8652133530022404,0.8039665628585477,False,False,False,False,0.2720572397133148,0.2958903754196007,False,False,False,False,77114.0,37540.009087407925,False,False,False,False,4811.1696829656275,False,False,False,False
2024-10-08 17:00:00+00:00,95.81,97.12,95.74,97.07,6021.0,,,,,,,,93.4671728116777,89.440097685664,83.42696415413377,82.62569599581755,,,,,,,,86.46813208085028,83.59858743936238,82.95188178973095,82.49266666243716,,,,85.55889982745921,"rgba(0, 255, 255, 0.75)",6.9416662719141256,85.23756062667185,1.704553187928669,65.17780369459763,19.441764801941773,True,False,True,False,False,15.035577302726828,0.0,0.0,0.0,0.0,0,0.8687728488023138,0.8099525290554918,False,False,False,False,0.28046015836567384,0.2881752668926373,False,False,False,False,83135.0,38246.90817132408,False,False,False,False,4829.926742144455,False,False,False,False
2024-10-09 17:00:00+00:00,100.755,101.63,100.68,101.23,10116.0,,,,,,,,94.13385337628455,89.95517719284548,83.76850373889367,82.89141679278217,,,,,,,,86.90303550329287,83.95250939594021,83.26460918610378,82.72949167179257,,,,85.94982460724192,"rgba(0, 255, 0, 1.0)",7.069054037279775,85.6092306666585,2.2097396979798005,69.02916615247881,19.441764801941773,True,False,True,False,True,19.6539806626085,0.0,0.0,0.0,0.0,0,0.88704705246079,0.8051919956733368,False,False,False,False,0.3428282516507145,0.3155017592716759,False,False,False,False,93251.0,39099.68478882293,False,False,False,False,4911.881366297253,False,True,False,False
2024-10-10 17:00:00+00:00,99.66,100.465,99.43,100.46,5869.0,,,,,,,,94.41963553320694,90.20745396589083,83.94897846752423,83.03337162375928,,,,,,,,87.1258646391168,84.13913193781953,83.43071079888365,82.85641010446462,,,,86.14519463383323,"rgba(0, 255, 0, 1.0)",7.163696498493081,85.79539667178547,2.04707211302144,69.69561534459342,15.093731645873447,True,False,True,False,True,18.29680428960488,0.0,0.0,0.0,0.0,0,0.8853078521877621,0.800955542958944,False,False,False,False,0.3097965034013101,0.31264913133649297,False,False,False,False,87382.0,39848.247815352806,False,False,False,False,4926.720414881792,False,False,False,False
2024-10-11 17:00:00+00:00,100.955,101.21,100.77,101.15,7856.0,,,,,,,,94.81759334745622,90.5559153148064,84.19787755143653,83.22985630228527,,,,,,,,87.43304933394768,84.3963719918308,83.66003376358915,83.03237588202643,,,,86.4153841859223,"rgba(0, 255, 0, 1.0)",7.254690110790612,86.05280529310824,2.0810254437244993,70.81310167711976,16.244008681198665,True,False,True,False,True,19.0306086390714,0.0,0.0,0.0,0.0,0,0.8893871046162993,0.7997082736825043,False,False,False,False,0.33827335589458807,0.3254612436155405,False,False,False,False,95238.0,40707.003663176794,False,False,False,False,4972.135602247965,False,False,False,False
2024-10-14 17:00:00+00:00,101.23,101.375,100.965,101.05,782.0,,,,,,,,94.8551206359584,90.58965573803937,84.22238275242402,83.24927438373075,,,,,,,,87.46307657013632,84.42168139827102,83.68264677240306,83.04978904845922,,,,86.44170341242777,"rgba(0, 255, 0, 1.0)",7.3249795725816345,86.07788992489748,2.0439797717859998,71.2844592835328,16.871980296598537,True,False,True,False,True,18.850996176962045,0.0,0.0,0.0,0.0,0,0.8899807791223375,0.7983702861474322,False,False,False,False,0.3428282516522615,0.334144747633901,False,False,False,False,94456.0,41540.32143584072,False,False,False,False,4907.172259577454,False,False,False,False
2024-10-15 17:00:00+00:00,101.47,102.4,100.91,100.99,4746.0,,,,,,,101.43333333333334,95.08420085360335,90.79565961228239,84.37223895889943,83.368209941622,,,,,,,,87.64650923856107,84.57641725200838,83.82100469980895,83.15651688799615,,,,88.25045453090168,"rgba(0, 255, 255, 0.75)",7.351592462775546,87.40062822349404,1.848493621662942,71.4174457618913,17.268400252350133,True,False,True,False,True,18.741367624691446,0.0,0.0,0.0,0.0,0,0.8906578309358337,0.7921986961909379,False,False,False,False,0.3428282517013682,0.3384864996676346,False,False,False,False,89710.0,42287.13815776567,False,False,False,False,4904.673464855322,False,False,False,False
2024-10-16 17:00:00+00:00,99.185,99.26,97.78,98.03,9917.0,,,,,,,99.35249698788336,95.30617485852906,91.08434477563289,84.62212196588315,83.57029540256293,,,,,,,,87.93250911258133,84.83344337511191,84.05395319542282,83.33870168757348,,,,88.23267126235343,"rgba(38, 166, 154, 1.0)",7.315690606774833,87.45278581795742,1.4458257942520631,64.46451672035275,18.97429588813455,False,False,True,False,False,13.53523393466119,0.0,0.0,0.0,0.0,0,0.890516597288932,0.8005390116341123,False,False,False,False,0.2598775704284707,0.29918203504805263,False,False,False,False,79793.0,42868.62438787783,False,False,False,False,4982.383953772293,False,False,False,False
2024-10-17 17:00:00+00:00,97.225,97.67,96.98,97.62,4947.0,,,,,,,98.86582831888494,95.37546795987181,91.20282136627816,84.73521886829747,83.66284480111997,,,,,,,,88.0572728971797,84.9495031203472,84.15998589989003,83.4224126747466,,,,88.27015065629065,"rgba(38, 166, 154, 1.0)",7.260560917576362,87.50660665652042,1.3929217671043967,59.089296889208576,14.18707641466753,False,True,True,False,False,12.845676425383619,0.0,0.0,0.0,0.0,0,0.882236490101659,0.811931514178705,False,False,False,False,0.229211834828838,0.2641969349384453,False,False,False,False,74846.0,43364.39765318205,False,False,False,False,4981.835365341715,False,False,False,False
2024-10-18 17:00:00+00:00,97.51,97.51,96.31,96.44,3688.0,,,,,,,98.53142701805592,95.40828677899984,91.27909687884647,84.81385713238086,83.72771956287647,,,,,,,,88.1416686753963,85.03007012111803,84.23400750720121,83.48121927564522,,,,88.2941503278356,"rgba(38, 166, 154, 1.0)",7.141506564374808,87.54195631735378,1.2459617032397399,53.500336487971765,9.32942110144942,False,True,False,False,False,10.881298565725963,0.0,0.0,0.0,0.0,0,0.8789092754319902,0.8141441657986807,False,False,False,False,0.2186633199229367,0.241430127430691,False,False,False,False,71158.0,43795.306216698606,False,False,False,False,4961.775902313161,False,False,False,False
2024-10-21 17:00:00+00:00,95.225,95.27,94.5,94.51,5782.0,,,,,,,97.78155112333792,95.38494960123023,91.35251002778234,84.91485377287529,83.81277676067292,,,,,,,,88.24086044220948,85.13308701803732,84.33012087086614,83.5586872201988,,,,88.27882187080117,"rgba(38, 166, 154, 0.5)",6.980028251188304,87.55267623351975,0.9967472216600011,47.145537067359435,3.8449734946911818,False,True,False,True,False,7.791435191690422,0.0,0.0,0.0,0.0,0,0.875949434323047,0.8191427205608965,False,False,False,False,0.16782783137193769,0.20462897940131436,False,False,False,False,65376.0,44129.89061643971,False,False,False,False,4974.492554990476,False,False,False,False
2024-10-22 17:00:00+00:00,94.98,94.99,94.13,94.13,2247.0,,,,,,,97.54019716751259,95.37159057138997,91.37741997766538,84.95220228120081,83.84445322391163,,,,,,,,88.27662259011382,85.17112836976952,84.36578649274844,83.58759243462686,,,,88.27633256765989,"rgba(38, 166, 154, 0.5)",6.805617656369194,87.55863223007539,0.9655799226062369,42.45399879504799,-0.08836324661577066,False,True,False,True,False,7.197282124363266,0.0,0.0,0.0,0.0,0,0.8750266410912195,0.8216378942881499,False,False,False,False,0.15975501084673066,0.1821919951240225,False,False,False,False,63129.0,44424.450451843746,False,False,False,False,4932.205848711553,False,False,False,False
2024-10-23 17:00:00+00:00,94.51,94.66,93.525,94.475,1243.0,,,,,,,97.41348531368335,95.36286815470206,91.39014603780608,84.97231024499293,83.8615704524138,,,,,,,,88.29560023633374,85.19159374076979,84.38502399559825,83.60322707029071,,,,88.27509169406564,"rgba(38, 166, 154, 1.0)",6.620777326372247,87.56184108525923,1.0441612176268011,40.19440876221466,-1.9350508146563428,False,True,False,True,False,7.645089885277095,0.0,0.0,0.0,0.0,0,0.867699737309948,0.8230424284235943,False,False,False,False,0.1481784015009327,0.1651851983124776,False,False,False,False,64372.0,44733.71478592369,False,False,False,False,4875.0088588090475,False,False,False,False
2024-10-24 17:00:00+00:00,94.805,96.23,94.805,95.5,3529.0,,,,,,,97.22756553736485,95.36600055874364,91.44187502519199,85.03683393184491,83.915883362903,,,,,,,,88.3604294495968,85.25743661503306,84.44635371257478,83.65273584916771,,,,88.30056822693562,"rgba(38, 166, 154, 1.0)",6.5111849525632355,87.5938158599037,1.2142465922403112,41.15570819312558,-1.9350508146563428,False,True,False,True,False,8.96724564313017,0.0,0.0,0.0,0.0,0,0.8785893133024353,0.812316871770284,False,False,False,False,0.18360212225786476,0.17439366028517117,False,False,False,False,67901.0,45092.897502420994,False,False,False,False,4854.140504408907,False,False,False,False
2024-10-25 17:00:00+00:00,97.825,98.05,97.11,97.45,4376.0,,,,,,,97.26098435248096,95.42122184822165,91.53527655985525,85.13101213945224,83.99417184938058,,,,,,,,88.46152897264498,85.35381961982935,84.53521738163681,83.7239444234128,,,,88.37968634965718,"rgba(0, 255, 255, 0.75)",6.403839583750816,87.67161862738635,1.526956015173372,45.546518720215865,-1.9350508146563428,False,True,False,True,True,11.391150508824435,0.0,0.0,0.0,0.0,0,0.8834428695858741,0.803758545147412,False,False,False,False,0.23571826482873393,0.20505596255695255,False,False,False,False,72277.0,45514.356455871835,False,False,False,False,4846.7274733327995,False,False,False,False
2024-10-28 17:00:00+00:00,96.72,97.15,96.16,97.08,9876.0,,,,,,,97.16991165352559,95.4959037605146,91.71116320725551,85.32605787321553,84.15811634624403,,,,,,,,88.66375374943804,85.55299752076799,84.72023647748776,83.87353062469028,,,,88.51907457923771,"rgba(38, 166, 154, 1.0)",6.243912456606449,87.81414319034646,1.4839824988016428,47.740655740212716,-1.9350508146563428,False,True,False,False,True,10.781486214344362,0.0,0.0,0.0,0.0,0,0.8745226983453546,0.81732605006364,False,False,False,False,0.21220552363064643,0.20863074309379948,False,False,False,False,62401.0,45776.16488291258,False,False,False,False,4924.700690800508,False,False,False,False
2024-10-29 17:00:00+00:00,93.64,94.08,93.18,93.75,2880.0,,,,,,,96.98055309249622,95.467443497321,91.73007482808481,85.36654320301282,84.1935047838288,,,,,,,,88.6989246379357,85.59399104502042,84.75944593775752,83.90611127342122,,,,88.52184358876427,"rgba(38, 166, 154, 0.5)",6.095261323651596,87.82376023343295,0.9722700064673705,44.15194039688883,-1.9350508146563428,False,True,False,True,True,5.560414833032549,0.0,0.0,0.0,0.0,0,0.8664799497434826,0.8241545387917497,False,False,False,False,0.13676428631558096,0.17269751470469022,False,False,False,False,59521.0,45989.26310178215,False,False,False,False,4892.999904896624,False,False,False,False
2024-10-30 17:00:00+00:00,94.58,94.97,93.855,93.89,4587.0,,,,,,,96.76299866246958,95.43766942864536,91.76805979889488,85.43457792567854,84.25267563089024,,,,,,,,88.76022150494056,85.66296870007731,84.82512894748241,83.96055223137087,,,,88.5405392033833,"rgba(38, 166, 154, 1.0)",6.007740432817275,87.8503964652642,1.0053036748632607,42.044408492733865,-1.9350508146563428,False,True,False,True,False,5.741256457457066,0.0,0.0,0.0,0.0,0,0.8685927549848631,0.8216410898841213,False,False,False,False,0.156098054412636,0.1643977845586631,False,False,False,False,64108.0,46270.173751366914,False,False,False,False,4888.255720324582,False,False,False,False
2024-10-31 17:00:00+00:00,91.41,91.71,90.22,90.28,8012.0,,,,,,,96.02954929363513,95.24683685550077,91.74148087036232,85.50465886950832,84.31871063302401,,,,,,,90.73666666666668,88.79769790631262,85.73271192804208,84.89582309413004,84.02234622893917,,,,88.70264823461211,#000000,5.842182670916732,88.02226424419405,0.3864541530077967,37.078882227038825,-4.802105854648062,False,True,False,True,False,0.5633346520252331,0.0,0.0,0.0,0.0,0,0.865660901076872,0.8272379141072757,False,False,False,False,0.07158777797818547,0.11799278126842429,False,False,False,False,56096.0,46422.51214281859,False,False,False,False,4936.685864195519,False,False,False,False
2024-11-01 17:00:00+00:00,91.43,91.995,91.015,91.95,2623.0,,,,,,,95.8618603031764,95.19970617158017,91.74074342110858,85.5311509802054,84.34308432458363,,,,,,,90.9627519197618,88.8153154594042,85.75923672290524,84.92217609504654,84.04506103103635,,,,88.71810864288082,"rgba(38, 166, 154, 0.5)",5.681333540005567,88.03684707070725,0.6887736658546746,36.87983979834153,-5.230842305769585,False,True,False,True,False,2.7504824373669443,0.0,0.0,0.0,0.0,0,0.8713725891965274,0.8218630740465639,False,False,False,False,0.0847276319559327,0.1013602066121785,False,False,False,False,58719.0,46613.15536541055,False,False,False,False,4900.814765525821,False,False,False,False
2024-11-04 17:00:00+00:00,92.6,92.6,92.01,92.145,4503.0,,,,,,,95.63903144817881,95.13479005191648,91.74797758184998,85.58049571136085,84.38794597724606,,,,,,,91.34615680186728,88.85132922238826,85.80878952854735,84.9709202924236,84.08678463442222,,,,88.75542212502009,"rgba(38, 166, 154, 0.5)",5.520149053020847,88.07099200413086,0.7380249983720417,37.0975909474175,-5.45389293197308,False,True,False,True,False,3.0025404207495185,0.0,0.0,0.0,0.0,0,0.8742409756853832,0.8257667760522983,False,False,False,False,0.10424923434727694,0.10280472047972772,False,False,False,False,63222.0,46870.65683261349,False,False,False,False,4894.647094742475,False,False,False,False
2024-11-05 17:00:00+00:00,92.84,93.53,92.745,93.1,3020.0,,,,,,,95.53910022024499,95.10554124601433,91.76093068806306,85.61746495388397,84.42105890389526,,,,,,,91.64201022506151,88.88115797984375,85.84604883601321,85.00712760983359,84.11749801398419,,,,88.79379386768379,"rgba(38, 166, 154, 0.5)",5.33853237584332,88.10478028365637,0.9356915655221703,38.98293023161705,-5.45389293197308,False,True,False,True,False,4.236267012053776,0.0,0.0,0.0,0.0,0,0.8729271809661141,0.8196261200947573,False,False,False,False,0.12464853905583664,0.11372662976778218,False,False,False,False,66242.0,47170.98773443343,False,False,False,False,4865.582798699957,False,False,False,False
2024-11-06 17:00:00+00:00,91.07,93.615,90.94,93.11,6453.0,,,,,,,95.30548827880156,95.02862019865897,91.77657669321086,85.68935125623574,84.48639985650838,,,,,,,91.88139598824375,88.93514385346478,85.9182688445229,85.07806896717467,84.17832152548067,,,,88.82776354623022,"rgba(38, 166, 154, 0.5)",5.1530150345157475,88.14065786879142,0.9643562260003321,40.258590831012405,-5.45389293197308,False,True,False,True,True,4.249221001279903,0.0,0.0,0.0,0.0,0,0.8697131745260088,0.8203055036716731,False,False,False,False,0.10357694818169445,0.10865178897473832,False,False,False,False,72695.0,47566.70885482981,False,False,False,False,4890.193918099958,False,False,False,False
2024-11-07 17:00:00+00:00,93.88,93.99,92.31,92.36,3154.0,,,,,,,95.21634717175141,94.99750533494223,91.7871653490918,85.72561875113838,84.519252907485,,,,,,,91.99559097184707,88.96332223963151,85.9547406152992,85.1137763081142,84.20889647650074,,,,88.84822161258015,"rgba(38, 166, 154, 0.5)",5.0924582658268855,88.16143755068956,0.8244667369166361,40.01557937252292,-5.45389293197308,False,True,False,True,True,3.1543047840827256,0.0,0.0,0.0,0.0,0,0.8771916431279745,0.8213604091915415,False,False,False,False,0.12495558071523763,0.11680368484498797,False,False,False,False,69541.0,47907.395539251054,False,False,False,False,4863.276182935617,False,False,False,False
2024-11-08 17:00:00+00:00,91.08,91.16,90.23,90.3,2608.0,,,,,,,95.07874741564711,94.94487565041942,91.77758815280686,85.74569244725461,84.5387359399765,,,,,,,91.87260911555221,88.97270146991504,85.97459985625063,85.13430458520806,84.22729123493633,,,,88.82671458679667,#000000,5.076273783251048,88.14808336615161,0.4239165824641976,37.33099024960026,-6.816750421752566,False,True,False,True,True,0.24077780412022065,0.0,0.0,0.0,0.0,0,0.8722365558759552,0.8353063186118277,False,False,False,False,0.06502737510795936,0.09091552997647367,False,False,False,False,66933.0,48202.36615104561,False,False,False,False,4828.3106607195605,False,False,False,False
2024-11-11 17:00:00+00:00,91.02,92.53,90.95,92.53,4805.0,,,,,,,94.91984418684677,94.88192728676297,91.78079666697231,85.7931686553708,84.58280632806874,,,,,,,91.89046487387952,89.00508303943762,86.02208654016914,85.18164899685384,84.26854383479765,,,,88.83263704091596,"rgba(38, 166, 154, 0.5)",5.043920767786811,88.15950938201266,0.8664867707477971,39.82922094014776,-6.816750421752566,False,True,False,True,True,3.197544144209452,0.0,0.0,0.0,0.0,0,0.8705244675166046,0.8319464590172276,False,False,False,False,0.09045476365895332,0.0906851468177135,False,False,False,False,71738.0,48567.25969909141,False,False,False,False,4827.949255127009,False,False,False,False
2024-11-12 17:00:00+00:00,91.44,92.57,91.44,92.21,2713.0,,,,,,,94.83915601806868,94.84839689091503,91.78312556731926,85.81995641521502,84.60769283600648,,,,,,,91.90355827681157,89.02348227343826,86.04887944765953,85.20836480660941,84.2918521773972,,,,88.83744647094404,"rgba(38, 166, 154, 0.5)",5.021923294573101,88.16708652782837,0.8050528124435035,41.05215553191873,-6.816750421752566,False,True,False,True,True,2.747291224570283,0.0,0.0,0.0,0.0,0,0.8759307733360445,0.8281531932196498,False,False,False,False,0.09692014479758301,0.09380264580764826,False,False,False,False,69025.0,48884.43396732255,False,False,False,False,4795.159344194807,False,False,False,False
2024-11-13 17:00:00+00:00,92.715,92.855,91.61,91.62,6191.0,,,,,,,94.66838267909718,94.77360641680835,91.78750075653863,85.87980413589507,84.66353005092552,,,,,,,91.92108203650773,89.06404622300721,86.10869050677327,85.26816621438138,84.34421885671338,,,,88.84790278766476,"rgba(38, 166, 154, 0.5)",5.0083557433804184,88.18382307690625,0.6860888281818589,41.02823896136537,-6.816750421752566,False,True,False,True,True,1.9140987534916398,0.0,0.0,0.0,0.0,0,0.8776021881173077,0.8263435141569162,False,False,False,False,0.10247704446922824,0.09813984513843825,False,False,False,False,62834.0,49100.70630891444,False,False,False,False,4816.800284594887,False,False,False,False
2024-11-14 17:00:00+00:00,91.58,92.83,91.34,92.765,3787.0,,,,,,,94.58393630878602,94.73430479795634,91.79315991089872,85.91750813702822,84.6985711834352,,,,,,,91.95198186717917,89.09064401369386,86.14641343458871,85.30574380145887,84.37707153913851,,,,88.85993349941637,"rgba(38, 166, 154, 0.5)",4.9681542397100475,88.1985738730392,0.9191393637624489,43.2193960901726,-11.673753552304206,False,True,False,True,True,3.4328998078275923,0.0,0.0,0.0,0.0,0,0.8772863738426222,0.8274591921689329,False,False,False,False,0.09887352182181855,0.09850668348012839,False,False,False,False,66621.0,49372.338769241345,False,False,False,False,4800.834388709694,False,False,False,False
2024-11-15 17:00:00+00:00,92.54,92.54,91.19,91.86,4923.0,,,,,,,94.4628484464937,94.67593663405586,91.7941311741194,85.9624758029786,84.74099207637785,,,,,,,91.94371514623428,89.11985301292476,86.1912551296738,85.35091040880268,84.41698592332824,,,,88.86591037549893,"rgba(38, 166, 154, 0.5)",4.927752580588321,88.2097395547255,0.740755625526697,43.24087997366638,-11.322889293717836,False,True,False,True,True,2.140002741560391,0.0,0.0,0.0,0.0,1,0.8747313866767794,0.8374668183541902,False,False,False,False,0.09350349932329301,0.09600509140171071,False,False,False,False,61698.0,49563.43429219884,False,False,False,False,4802.728429194815,False,False,False,False
2024-11-18 17:00:00+00:00,93.84,93.84,92.285,93.14,1621.0,,,,,,,94.4429957409272,94.6653795312521,91.80000261680462,85.98017682611005,84.75723385279814,,,,,,,91.97781409467102,89.13357095739833,86.20902229073305,85.36841850520563,84.43218238304918,,,,88.87667967989492,"rgba(38, 166, 154, 1.0)",4.830194219511007,88.22064310772097,1.0184594384233778,45.63968400400731,-8.770611455656379,False,True,False,True,True,3.8330890898027086,0.0,0.0,0.0,0.0,0,0.8774811944954595,0.8295806183803367,False,False,False,False,0.12280677795357056,0.10940593467764063,False,False,False,False,63319.0,49776.69887681591,False,False,False,False,4753.399306261563,False,False,False,False
2024-11-19 17:00:00+00:00,92.465,93.15,92.225,92.48,2754.0,,,,,,,94.39929334260991,94.64251131059582,91.80626180358827,86.00807402840772,84.78313483798026,,,,,,,92.00867088238553,89.1539168071176,86.23695085340938,85.39618301676984,84.45648345105879,,,,88.88914803339232,"rgba(38, 166, 154, 0.5)",4.771549364025555,88.23436617554967,0.8897809706129657,46.09268904408164,-8.088271864261792,False,True,False,True,True,2.88088785256717,0.0,0.0,0.0,0.0,0,0.883561298137587,0.8288245091606522,False,False,False,False,0.11361014146783778,0.11150803807273921,False,False,False,False,60565.0,49943.9593593459,False,False,False,False,4722.400867404795,False,False,False,False
2024-11-20 17:00:00+00:00,93.84,94.4,93.47,93.475,6192.0,,,,,,,94.3677333569902,94.6214190567013,91.83965877319439,86.08083820603837,84.84930562070761,,,,,,,92.18194365967477,89.21387873772112,86.31015116853598,85.46776913486123,84.51831084913147,,,,88.94510085635564,"rgba(38, 166, 154, 1.0)",4.674571525385539,88.28844753955677,1.1095246767061626,48.22577015077899,-5.854486319055475,False,True,False,False,True,4.196500350520623,0.0,0.0,0.0,0.0,1,0.8815010040160645,0.8238704819277106,False,False,False,False,0.14428727338564803,0.12789765572919362,False,False,False,False,66757.0,50204.62665610023,False,False,False,False,4745.185350080689,False,False,False,False
2024-11-21 17:00:00+00:00,95.22,95.76,94.72,95.62,8162.0,,,,,,,94.4307715254744,94.64473536161218,91.91654542387124,86.19401474358021,84.95027220757875,,,,,,,92.54538529476191,89.31719970963147,86.42451215097283,85.5779213833177,84.61229921757982,,,,89.06136570183806,"rgba(0, 255, 255, 0.75)",4.608636684540172,88.39572578317018,1.5675512545963755,52.828809603505064,-1.4840897121628913,False,False,True,False,True,6.928139810693651,0.0,0.0,0.0,0.0,0,0.8818770628086461,0.8145271360150876,False,False,False,False,0.17667070769620363,0.15228418171269864,False,False,False,False,74919.0,50587.79523507541,False,False,False,False,4798.159220622074,False,False,False,False
2024-11-22 17:00:00+00:00,94.86,95.08,93.74,94.4,4038.0,,,,,,,94.43004174882725,94.64110658347046,91.943114472465,86.24323887104407,84.99497230114162,,,,,,,92.64485530071424,89.3591336266146,86.47406879702832,85.62625963192914,84.65410138302421,,,,89.1010892716259,"rgba(38, 166, 154, 1.0)",4.5376729580119814,88.43411587095535,1.3147452855787984,53.542438623818136,-0.8181990425878425,False,False,True,False,True,5.133855941547768,0.0,0.0,0.0,0.0,0,0.8788299110791867,0.8155698115076906,False,False,False,False,0.1560361080480416,0.1541601448803701,False,False,False,False,70881.0,50902.418564764164,False,False,False,False,4786.373806348864,False,False,False,False
2024-11-25 17:00:00+00:00,98.69,100.33,97.93,99.7,6095.0,,,,,,99.32000000000001,94.64373550485641,94.74633425088524,92.06003676620367,86.36048292421975,85.09645641306983,,,,,,,93.14311634049363,89.48149090790609,86.59333129728668,85.7384994809149,84.74797631824909,,,99.32000000000001,90.1755872912805,"rgba(0, 255, 0, 1.0)",4.530181021779308,89.29304111136369,2.2972501183956653,59.385521895942375,4.584448864507877,True,False,True,False,True,11.31650909960958,-1.0,100.33,97.93,0.0,0,0.8873451908805569,0.7998004817635463,False,False,False,False,0.2757140046380819,0.214937074759226,False,False,False,False,76976.0,51306.66013740347,False,False,False,False,4806.662584545005,False,False,False,False
2024-11-26 17:00:00+00:00,97.87,98.5,97.44,98.375,6160.0,,,,,,98.70927784577724,94.79014144098367,94.82097907669511,92.15534341164432,86.46594958231472,85.18893470913319,,,,,,,93.4911838848779,89.58723722417528,86.70034209045048,85.84010001653829,84.83382965869127,,,98.70927784577724,90.23484717648013,"rgba(0, 255, 255, 0.75)",4.523374261733272,89.35963870493924,1.9930611029312086,61.11607437262992,6.0521103811657895,True,False,True,False,True,9.410956835525425,0.0,0.0,0.0,0.0,0,0.8785319595589124,0.8057090461597856,False,False,False,False,0.2457075148157795,0.23032229478750274,False,False,False,False,70816.0,51609.13052287008,False,False,False,False,4827.644559978416,False,False,False,False
2024-11-27 17:00:00+00:00,98.065,98.14,97.205,97.975,4748.0,,,,,,98.44792017095021,94.88433079531853,94.87070179141287,92.22279537494781,86.54367739908591,85.25751516786225,,,,,,,93.71083823095152,89.66388551999316,86.77911621909004,85.91519238177537,84.89761910447797,,,98.44792017095021,90.29032655962413,"rgba(0, 255, 255, 0.75)",4.457354124678911,89.4172117098047,1.9199255995420281,61.6218418228249,6.5416094315808735,True,False,True,False,True,8.840792029363275,0.0,0.0,0.0,0.0,0,0.875697750283933,0.8117342870260733,False,False,False,False,0.23808326478595682,0.23420277978672976,False,False,False,False,66068.0,51833.29904189535,False,False,False,False,4826.4097605989045,False,False,False,False
2024-11-28 17:00:00+00:00,97.975,97.975,97.975,97.975,0.0,,,,,,98.44792017095021,94.88433079531853,94.87070179141287,92.22279537494781,86.54367739908591,85.25751516786225,,,,,,,93.71083823095152,89.66388551999316,86.77911621909004,85.91519238177537,84.89761910447797,,,98.44792017095021,90.29032655962413,"rgba(0, 255, 255, 0.75)",4.422362806553992,89.4172117098047,1.9351167383898378,61.95902012295489,7.0378674214884995,True,False,True,False,True,8.840792029363275,0.0,0.0,0.0,0.0,0,0.8827316456926292,0.811525193139303,False,False,False,False,0.24583589071299586,0.2400193352498628,False,False,False,False,66068.0,52053.9920800055,False,False,False,False,4751.581702295045,False,False,False,False
2024-11-29 17:00:00+00:00,98.56,99.2,98.56,98.85,742.0,,,,,,98.4655692683385,94.90390019322138,94.88120015967299,92.23524429765996,86.55690480770207,85.26909837475573,,,,,,,93.75186646160222,89.67733669468117,86.79254347694858,85.92791964243945,84.90837534150874,,,98.4655692683385,90.30635988350278,"rgba(0, 255, 0, 1.0)",4.363981104574169,89.43191995842709,2.158139509747467,63.14193935413257,8.401151839064745,True,False,True,False,True,9.84322893640227,0.0,0.0,0.0,0.0,0,0.8874581572067339,0.8052630292960635,False,False,False,False,0.2692077617602761,0.25461354850506945,False,False,False,False,66810.0,52282.76739659456,False,False,False,False,4689.417644895122,False,False,False,False
2024-12-02 17:00:00+00:00,94.8,95.29,94.22,94.22,2807.0,,,,,,97.93442146749707,94.89793286731762,94.87820568913735,92.25171624428155,86.58932993883178,85.29896391437728,,,,,,,93.77595542306985,89.70426847864472,86.82510890398505,85.95994430615522,84.93645004949994,,,97.93442146749707,90.2774815711634,"rgba(38, 166, 154, 1.0)",4.259502496009693,89.41693349471613,1.127612088450091,57.07208451914623,12.114792297814887,True,False,True,False,False,3.4270086877054453,0.0,0.0,0.0,0.0,0,0.8812187860161355,0.814228774490972,False,False,False,False,0.1645961594665287,0.2096048539857991,False,False,False,False,64003.0,52464.4764292055,False,False,False,False,4660.232875206825,False,False,False,False
2024-12-03 17:00:00+00:00,93.97,95.28,93.97,95.06,1494.0,,,,,,97.71997686655175,94.89670311558349,94.87764234172698,92.26111033846192,86.60689637908422,85.31511117095917,,,,,,,93.79117085873334,89.71904628615353,86.84276022675225,85.97727289363547,84.95162451286507,,,97.71997686655175,90.26902863550066,"rgba(38, 166, 154, 1.0)",4.16049700881513,89.4141299332967,1.357018177093026,54.131364168596214,9.459664639877658,False,False,True,False,False,4.415209989075773,0.0,0.0,0.0,0.0,0,0.8759587091794898,0.8186049876995802,False,False,False,False,0.16136789125682885,0.18548637262131396,False,False,False,False,65497.0,52666.53105821006,False,False,False,False,4611.143993420673,False,False,False,False
2024-12-04 17:00:00+00:00,94.47,94.85,93.825,94.76,2462.0,,,,,,97.39433110276916,94.89017921271812,94.87424559930525,92.27465709996027,86.63465208474172,85.34078368828625,,,,,,,93.80807747142748,89.7418163572,86.87061382141528,86.00473852919859,84.97578915466316,,,97.39433110276916,90.2554440110623,"rgba(38, 166, 154, 1.0)",4.067342463047708,89.40944560629583,1.3154914891761877,51.79077885170224,7.322785159094018,False,False,False,False,False,4.0176194080043715,0.0,0.0,0.0,0.0,0,0.8792140941057061,0.8158244520167234,False,False,False,False,0.15424017813669583,0.1698632753790049,False,False,False,False,63035.0,52827.28251467192,False,False,False,False,4577.823931507174,False,False,False,False
2024-12-05 17:00:00+00:00,95.065,96.08,95.065,95.5,1297.0,,,,,,97.30154834334432,94.89554179073848,94.87725292175885,92.28516021573732,86.6511793609745,85.35582733558168,,,,,,,93.8303448627389,89.7564144756396,86.88725803780181,86.02095446113458,84.98989791855291,,,97.30154834334432,90.25921633854573,"rgba(0, 255, 255, 0.75)",3.958828151528254,89.41553932513997,1.5369347801851916,51.31546308749756,6.804092454124742,False,False,False,False,False,4.9009613469177395,0.0,0.0,0.0,0.0,0,0.8832734550189281,0.8129385383261398,False,False,False,False,0.18497796967380972,0.1774206225264073,False,False,False,False,64332.0,53005.65022762274,False,False,False,False,4526.9584441969855,False,False,False,False
2024-12-06 17:00:00+00:00,93.3,93.96,92.59,93.96,13622.0,,,,,,95.98926780294383,94.78579512048331,94.81575805368719,92.32487016576566,86.78206627777352,85.48001728258849,,,,,,,93.79160492001924,89.85280574891944,87.017904408265,86.15214080178683,85.10756922755866,,,95.98926780294383,90.19089089179919,"rgba(38, 166, 154, 1.0)",3.9267595757526386,89.38877327465721,1.16412187636077,48.88417203778864,4.368624092632281,False,False,False,True,False,2.8438143628061496,0.0,0.0,0.0,0.0,0,0.8808300064545436,0.8173125194233941,False,False,False,False,0.12802729652755954,0.15272395952698342,False,False,False,False,50710.0,52970.058751225486,False,False,False,False,4667.966840410986,False,False,False,False
2024-12-09 17:00:00+00:00,93.76,93.85,93.02,93.44,2651.0,,,,,,95.8284487142925,94.76541075109476,94.80384911974389,92.33187887507032,86.80671239495234,85.5035501278368,,,,,,,93.78360623499975,89.87065888712459,87.04247701751954,86.17691158531503,85.12991348349964,,,95.8284487142925,90.18576519922266,"rgba(38, 166, 154, 1.0)",3.9028542258336247,89.38941451303512,1.0378521083758125,46.59332300687931,2.084808403078682,False,True,False,True,False,2.15933815066305,0.0,0.0,0.0,0.0,0,0.8805722927719234,0.8218066591449216,False,False,False,False,0.13196261009608337,0.1423432848115334,False,False,False,False,48059.0,52893.918305470055,False,False,False,False,4636.696036683684,False,False,False,False
2024-12-10 17:00:00+00:00,93.16,93.525,92.28,92.43,4108.0,,,,,,95.55419228770623,94.71918827004077,94.77666269155021,92.33587545941089,86.84059861359222,85.53658742886292,,,,,,,93.74856089914712,89.89267713770163,87.07610640805522,86.21133989488419,85.16143897365814,,,95.55419228770623,90.16847527860087,"rgba(38, 166, 154, 0.5)",3.862387961580897,89.38240762219165,0.7890435678970376,43.79569091431505,-0.6482185576094679,False,True,False,True,False,0.8377036120472177,0.0,0.0,0.0,0.0,0,0.8769138468922487,0.8245260379169663,False,False,False,False,0.1188804405404764,0.13061186267600491,False,False,False,False,43951.0,52755.26840926121,False,False,False,False,4628.4991989056425,False,False,False,False
2024-12-11 17:00:00+00:00,92.855,93.28,92.14,92.96,1929.0,,,,,,95.4435054556791,94.69871919056119,94.76444076358781,92.33794415257937,86.85650670362867,85.55210034147419,,,,,,,93.73366177746873,89.90307354239981,87.09189481060699,86.22750089736215,85.17624633636075,,,95.4435054556791,90.16232672470079,"rgba(38, 166, 154, 0.5)",3.8078210848743512,89.38058547621735,0.9400164671604463,42.9777461863585,-1.5652651494926673,False,True,False,True,False,1.5117183587615663,0.0,0.0,0.0,0.0,0,0.8732869340604149,0.8260983951591686,False,False,False,False,0.11416138509014562,0.12238662388307527,False,False,False,False,45880.0,52648.675100590495,False,False,False,False,4586.6464981474155,False,False,False,False
2024-12-12 17:00:00+00:00,92.6,92.665,91.99,92.275,2686.0,,,,,,95.27782770024211,94.66388278368389,94.7435593163075,92.33776929534172,86.87672464846311,85.5721564252209,,,,,,,93.70339938799198,89.91502611754497,87.11188296038118,86.2482254142343,85.19546687484196,,,95.27782770024211,90.14962917493216,"rgba(38, 166, 154, 0.5)",3.7652806985320506,89.37450220678127,0.770327108507351,41.48401035326267,-3.1913321387579288,False,True,False,True,False,0.6055095066145455,0.0,0.0,0.0,0.0,0,0.8765283816570182,0.8263950611352661,False,False,False,False,0.10479935648521152,0.1135929901841434,False,False,False,False,43194.0,52502.09099050382,False,False,False,False,4557.179110579238,False,False,False,False
2024-12-13 17:00:00+00:00,89.82,90.29,89.325,89.47,20998.0,,,,,,93.64510000139278,94.15536034104052,94.4287243712536,92.21452055261025,86.95610438041943,85.66564148901169,,,,,,,93.13221648411805,89.90680361615463,87.18698669352885,86.33765280111699,85.28828532174619,,,93.64510000139278,89.90158145930845,#000000,3.7458594342153533,89.1971231683701,0.07284758983142695,37.39908679702909,-7.165441579635754,False,True,False,True,False,0.0,0.0,0.0,0.0,0.0,0,0.8778935323145877,0.8290938565332442,False,False,False,False,0.043499382090832414,0.0785461861374879,False,False,False,False,22196.0,52032.22911468205,False,False,False,False,4812.075558477234,False,False,False,False
2024-12-16 17:00:00+00:00,88.13,88.27,87.66,87.9,10669.0,,,,,,92.907454507607,93.84830613017056,94.22954237961446,92.11565459660386,86.97003334100353,85.69158395207363,,,,,,,92.78189537230979,89.87021627616559,87.19799740246391,86.3585445516139,85.31582486618316,,,92.907454507607,89.75336848870994,#000000,3.757585119185884,89.08423005776476,-0.31515721406234576,33.393320943024165,-10.917128679345915,False,True,False,True,False,0.0,0.0,0.0,0.0,0.0,0,0.8731002859911604,0.8339596776099648,False,False,False,False,-0.001088312371453948,0.03872893688301698,False,False,False,False,11527.0,51404.2410663924,False,False,False,False,4902.880588578362,False,False,False,False
2024-12-17 17:00:00+00:00,87.37,88.015,87.37,87.775,3829.0,,,,,,92.6772870242689,93.74148746172357,94.15857394230848,92.07943943218093,86.97381176658928,85.69984173166449,,,,,,,92.66214697014631,89.85593208694203,87.20071050115628,86.36487242125486,85.32474144850435,,,92.6772870242689,89.70353134424904,#000000,3.709067508658079,89.04596568549246,-0.3426644790167987,30.62422126454535,-13.47429000233339,False,True,False,True,False,0.0,0.0,0.0,0.0,0.0,0,0.8748282885699401,0.8365780872530907,False,False,False,False,-0.00767878896438312,0.015525073959316928,False,False,False,False,7698.0,50726.62492582818,False,False,False,False,4886.231277127535,False,False,False,False
2024-12-18 17:00:00+00:00,87.48,88.12,84.45,84.84,3138.0,,,,,,92.43610106036041,93.62968949906944,94.0845830546548,92.03734717285724,86.96899882678173,85.70018586946307,,,,,,,92.53170006182043,89.8339880453201,87.19478359314141,86.36274158278474,85.32619171293831,,,92.43610106036041,89.64602822538107,"rgba(239, 83, 80, 1.0)",3.765537825745,89.00027019875188,-1.1048276212518933,26.810062598721746,-17.00745180338503,False,True,False,True,False,0.0,0.0,0.0,0.0,0.0,0,0.8630242670781317,0.8377285266750829,False,False,False,False,-0.04174280748855705,-0.01310886676462006,False,False,False,False,4560.0,50010.863299071156,False,False,False,False,4859.126916241837,False,False,False,False
2024-12-19 17:00:00+00:00,84.92,84.935,84.175,84.71,3187.0,,,,,,92.16670062188251,93.50244834416668,94.00009939269854,91.98707571068095,86.95917440049763,85.69650526982436,,,,,,,92.38152209028765,89.8053983492046,87.18368262703424,86.35599983978665,85.32398410280942,,,92.16670062188251,89.57841734080665,"rgba(239, 83, 80, 1.0)",3.8558703788350623,88.67460822585441,-1.028200597098964,24.193171798487043,-19.430114954057935,False,True,False,True,False,0.0,0.0,0.0,0.0,0.0,0,0.8670354915842282,0.8519855595667868,False,False,False,False,-0.08375336571685234,-0.0484311162407362,False,False,False,False,1373.0,49256.78789908555,True,False,False,False,4833.202467928009,False,False,False,False
2024-12-20 17:00:00+00:00,86.2,86.495,85.3,85.62,5652.0,,,,,,91.80082224189512,93.31464005479503,93.87256641610907,91.91378184393827,86.95072421161808,85.69714904798248,,,,,,,92.16769328416737,89.76696913402938,87.17327455655287,86.35227374535623,85.3265872534084,,,91.80082224189512,89.4851347081684,"rgba(239, 83, 80, 0.5)",3.900115472995892,88.65265983556408,-0.7775820630342833,24.70828371031272,-19.430114954057935,False,True,False,True,False,0.0,0.0,0.0,0.0,0.0,0,0.8684597604538771,0.8484508883752421,False,False,False,False,-0.051134665557657076,-0.04978289089919664,False,False,False,False,7025.0,48602.03149754934,False,False,False,False,4845.897003308971,False,False,False,False
2024-12-23 17:00:00+00:00,86.03,86.03,86.03,86.03,0.0,,,,,,91.80082224189512,93.31464005479503,93.87256641610907,91.91378184393827,86.95072421161808,85.69714904798248,,,,,,,92.16769328416737,89.76696913402938,87.17327455655287,86.35227374535623,85.3265872534084,,,91.80082224189512,89.4851347081684,"rgba(239, 83, 80, 0.5)",3.940758378103618,88.65265983556408,-0.6655216036934907,26.058561811961766,-19.430114954057935,False,True,False,True,False,0.0,0.0,0.0,0.0,0.0,0,0.871618620093054,0.8458534988660541,False,False,False,False,-0.04792232509914804,-0.048852607999172334,False,False,False,False,7025.0,47957.42635805244,False,False,False,False,4770.766817211157,False,False,False,False
2024-12-24 17:00:00+00:00,87.39,87.69,87.17,87.67,344.0,,,,,,91.78585496562494,93.3060329892167,93.86654573345726,91.91060641694786,86.9509733173988,85.6978035171124,,,,,,,92.15849432856615,89.76565031155954,87.17342920253556,86.35275005112787,85.32730618732245,,,91.78585496562494,89.4814042746245,#000000,3.940426839274514,88.65495108955182,-0.24996050674884665,30.632860535108634,-25.601985748637123,False,True,False,True,True,0.0,0.0,0.0,0.0,0.0,0,0.8728720802962207,0.8439486737616728,False,False,False,False,-0.014028037418187731,-0.03144032270868003,False,False,False,False,7369.0,47328.14843002062,False,False,False,False,4702.134773533464,False,False,False,False
2024-12-25 17:00:00+00:00,87.67,87.67,87.67,87.67,0.0,,,,,,91.78585496562494,93.3060329892167,93.86654573345726,91.91060641694786,86.9509733173988,85.6978035171124,,,,,,,92.15849432856615,89.76565031155954,87.17342920253556,86.35275005112787,85.32730618732245,,,91.78585496562494,89.4814042746245,#000000,3.9167956083815634,88.65495108955182,-0.25146859525784643,33.68239301720654,-22.675197549682544,False,True,False,True,True,0.0,0.0,0.0,0.0,0.0,0,0.8736059479553905,0.8447078628042365,False,False,False,False,-0.008222978744434973,-0.0198316507265575,False,False,False,False,7369.0,46708.62674893503,False,False,False,False,4629.2334592151155,False,False,False,False
2024-12-26 17:00:00+00:00,88.05,88.05,87.25,87.335,2789.0,,,,,,91.66921859437713,93.23759765713731,93.8184166477853,91.88523297121304,86.9531107298057,85.70319441276165,,,,,,,92.08578524499998,89.75517954817235,87.17480761838382,86.35671366315107,85.33321073924934,,,91.66921859437713,89.4520425297306,#000000,3.9363011425301226,88.66407474607553,-0.3376455961957345,35.20540667657881,-21.128737974783668,False,True,False,True,True,0.0,0.0,0.0,0.0,0.0,0,0.8725311668300885,0.8407573422981742,False,False,False,False,-0.008706707071977416,-0.01426917889926746,False,False,False,False,4580.0,46055.46974507557,False,False,False,False,4600.702707909454,False,False,False,False
2024-12-27 17:00:00+00:00,86.335,87.05,86.22,86.48,5086.0,,,,,,91.42632176136775,93.09650628118005,93.71934087488454,91.82962777565838,86.95070021272298,85.70785372386561,,,,,,,91.93206284468175,89.72813873244158,87.17083319350843,86.35807926566778,85.33925109189106,,,91.42632176136775,89.38715597798817,"rgba(239, 83, 80, 0.5)",4.0112754166808005,88.62781234905808,-0.5354437494185618,34.95272875996334,-21.128737974783668,False,True,False,True,True,0.0,0.0,0.0,0.0,0.0,0,0.870790329752627,0.8417468230007721,False,False,False,False,-0.033266206072997725,-0.023767692486132592,False,False,False,False,-506.0,45333.58649321393,False,False,False,False,4608.2266969341135,False,False,False,False
2024-12-30 17:00:00+00:00,85.66,86.41,85.66,86.22,2680.0,,,,,,91.29548835334745,93.01916317597743,93.66473149883225,91.7981192685636,86.94777663953185,85.70893530685818,,,,,,,91.84740581851908,89.71189812713457,87.16704324369158,86.35725182887795,85.34117461773462,,,91.29548835334745,89.35081707991532,"rgba(239, 83, 80, 0.5)",4.103636982785606,88.600230795373,-0.5800295701978154,34.406474514427025,-21.128737974783668,False,True,False,True,True,0.0,0.0,0.0,0.0,0.0,0,0.8661505718361908,0.8452884907734404,False,False,False,False,-0.04780112446802195,-0.03578440847707727,False,False,False,False,-3186.0,44581.34484215635,False,False,False,False,4578.331709384747,False,False,False,False
2024-12-31 17:00:00+00:00,86.14,86.67,86.0,86.6,5341.0,,,,,,91.06824819090535,92.87705100897837,93.56279884300133,91.7398865878512,86.94422300654722,85.71287394586139,,,,,,,91.69499084562247,89.68284719178433,87.16185034164793,86.35766606223139,85.34662403473152,,,91.06824819090535,89.28627818719657,#000000,4.1904069444816,88.55587991370696,-0.4667517832087141,35.18314460464151,-20.190558201052966,False,True,False,True,True,0.0,0.0,0.0,0.0,0.0,0,0.8681541582150103,0.8445594646895618,False,False,False,False,-0.04053152569294561,-0.03815796708501144,False,False,False,False,2155.0,43923.57205390586,False,False,False,False,4590.156023967929,False,False,False,False
2025-01-01 17:00:00+00:00,86.6,86.6,86.6,86.6,0.0,,,,,,91.06824819090535,92.87705100897837,93.56279884300133,91.7398865878512,86.94422300654722,85.71287394586139,,,,,,,91.69499084562247,89.68284719178433,87.16185034164793,86.35766606223139,85.34662403473152,,,91.06824819090535,89.28627818719657,#000000,4.270913725896756,88.55587991370696,-0.45795350579138494,35.70092466478451,-19.271056946287423,False,True,False,True,True,0.0,0.0,0.0,0.0,0.0,0,0.8757896714497077,0.8437566050585941,False,False,False,False,-0.034113631135685656,-0.036135799110348546,False,False,False,False,2155.0,43275.997293380184,False,False,False,False,4518.990814294008,False,False,False,False
2025-01-02 17:00:00+00:00,87.28,87.525,86.52,86.795,5305.0,,,,,,90.88576469508176,92.752796720064,93.47157090378225,91.68885405398534,86.94423934325275,85.71959348066075,,,,,,,91.56606200118063,89.65904772484066,87.16036824304588,86.36131064688452,85.35458721646924,,,90.88576469508176,89.23310863902252,#000000,4.342383491515535,88.52468623684891,-0.39832645832144786,36.72634643176317,-17.892196527005325,False,True,False,True,True,0.0,0.0,0.0,0.0,0.0,0,0.8786307540706678,0.8347801604805027,False,False,False,False,-0.027756710426578814,-0.03194625476846368,False,False,False,False,7460.0,42720.71051363785,False,False,False,False,4531.177003219682,False,False,False,False
2025-01-03 17:00:00+00:00,86.96,87.44,86.85,87.36,3039.0,,,,,,90.79500634879292,92.68713707469051,93.42255097470864,91.66174312966693,86.94527868793462,85.72424968998551,,,,,,,91.49944567081786,89.64693832508084,87.1605895011277,86.36433190489305,85.35988095115584,,,90.79500634879292,89.20610475080497,#000000,4.399415373732047,88.50984944876993,-0.2613641475263801,39.35158704711165,-15.118537517366747,False,True,False,True,True,0.0,0.0,0.0,0.0,0.0,0,0.8768161866535221,0.8378517944745675,False,False,False,False,-0.024759643622878004,-0.028352949195670843,False,False,False,False,10499.0,42221.149110325634,False,False,False,False,4508.042476037981,False,False,False,False
2025-01-06 17:00:00+00:00,89.58,90.72,89.535,89.84,2710.0,,,,,,90.77853200390759,92.65934613527966,93.39901788122775,91.65297858219913,86.95574329768439,85.73616326551436,,,,,,,91.4796687084943,89.64863182843206,87.17061640810991,86.37584691343146,85.37169464913279,,,90.77853200390759,89.20256724303759,#000000,4.418461756912303,88.83633207555697,0.22715324464965297,47.004277183804305,-7.957323639418561,True,False,False,False,True,0.0,0.0,0.0,0.0,0.0,0,0.8831111626289557,0.8322244117306131,False,False,False,False,0.025557782795462128,-0.0013975832001043575,False,False,False,False,13209.0,41771.34834892524,False,False,False,False,4480.165848502509,False,False,False,False
2025-01-07 17:00:00+00:00,89.21,89.235,87.99,88.19,3843.0,,,,,,90.71002713576641,92.59810569736818,93.35099730257714,91.62890559068096,86.96299713367507,85.74685045513782,,,,,,,91.42327142183409,89.64133063114545,87.17702808693151,86.38513741754444,85.38277126881785,,,90.71002713576641,89.18249292195263,#000000,4.4471907905921,88.77528050411257,-0.1316067899202162,48.096239320820125,-7.090638488771873,True,False,False,False,True,0.0,0.0,0.0,0.0,0.0,0,0.8726628432881058,0.8389052081876253,False,False,False,False,-0.014460793079272095,-0.007929188139688226,False,False,False,False,9366.0,41268.93984739151,False,False,False,False,4470.287308215648,False,False,False,False
2025-01-08 17:00:00+00:00,83.57,85.26,82.19,85.22,15118.0,,,,,,90.03150699859545,92.14252068445201,93.01397517778132,91.41483004800047,86.9123782575627,85.72378969692232,,,,,,84.22333333333333,90.92870259471967,89.51226158285746,87.12085499443351,86.34808492148969,85.36669967927199,,,90.03150699859545,88.56157816411833,"rgba(239, 83, 80, 0.5)",4.542314340462011,88.28288817072831,-0.6743012352634273,44.113550305090364,-7.090638488771873,False,False,False,True,False,0.0,0.0,0.0,0.0,0.0,0,0.8619810633648944,0.8471412964311726,False,False,False,False,-0.14453963622628138,-0.07623441218298481,False,False,False,False,-5752.0,40539.93302805211,False,False,False,False,4635.368125142538,False,False,False,False
2025-01-09 17:00:00+00:00,85.22,85.22,85.22,85.22,0.0,,,,,,90.03150699859545,92.14252068445201,93.01397517778132,91.41483004800047,86.9123782575627,85.72378969692232,,,,,,84.22333333333333,90.92870259471967,89.51226158285746,87.12085499443351,86.34808492148969,85.36669967927199,,,90.03150699859545,88.56157816411833,"rgba(239, 83, 80, 0.5)",4.624843758743863,88.28288817072831,-0.6622684636508054,41.45842429460386,-2.7607067103943095,False,False,False,True,False,0.0,0.0,0.0,0.0,0.0,0,0.8796868562010715,0.8439316943643274,False,False,False,False,-0.12285961187540469,-0.09954701202919475,False,False,False,False,-5752.0,39822.228640020294,False,False,False,False,4563.501952659708,False,False,False,False
2025-01-10 17:00:00+00:00,84.945,85.145,84.11,84.795,3517.0,,,,,,89.90445509053492,92.04930171544848,92.94302708239499,91.36986373484166,86.90283823585484,85.7201387834362,,,,,,84.31014953939719,90.83047150108449,89.48564747474273,87.11011826425802,86.34147341571366,85.36450311090712,,,89.90445509053492,88.52766566238454,"rgba(239, 83, 80, 0.5)",4.7066042903504455,88.23929101749873,-0.7317995746020687,39.104698172892114,-4.944522099770609,False,True,False,True,False,0.0,0.0,0.0,0.0,0.0,0,0.874261001587265,0.8523383405028641,False,False,False,False,-0.16045670222837377,-0.13000185712878426,False,False,False,False,-9269.0,39061.12432001998,False,False,False,False,4547.277116184363,False,False,False,False
2025-01-13 17:00:00+00:00,84.06,85.27,83.89,85.24,8117.0,,,,,,89.6391370448399,91.846073898828,92.78605665445203,91.27011422550184,86.88227029462007,85.71274696575313,,,,,,84.45877828448964,90.61922985301352,89.42679501740814,87.08687012311822,86.32747278493663,85.36034619971844,,,89.6391370448399,88.45132427888996,"rgba(239, 83, 80, 0.5)",4.760569944680729,88.15253313351477,-0.6118034536535104,38.7158891309854,-5.42373855788545,False,True,False,True,False,0.0,0.0,0.0,0.0,0.0,0,0.8670805439088236,0.8560309481340778,False,False,False,False,-0.16185682341144406,-0.14592934027011417,False,False,False,False,-1152.0,38437.66502823672,False,False,False,False,4602.621657018713,False,False,False,False
2025-01-14 17:00:00+00:00,87.255,87.48,86.07,86.315,7417.0,,,,,,89.50231972123733,91.71558555054544,92.67935488701568,91.20650629175644,86.8799617734081,85.71937034813705,,,,,,84.9282723618875,90.49524369369558,89.39496591026726,87.08263121233044,86.32989430707542,85.36877663682355,,,89.50231972123733,88.44190689118166,#000000,4.779225876852993,88.15932054625183,-0.38590361572662846,41.10313225860156,-5.42373855788545,False,False,False,True,False,0.0,0.0,0.0,0.0,0.0,0,0.8842005149736714,0.849010647428611,False,False,False,False,-0.0977192821504989,-0.12182431121030654,False,False,False,False,6265.0,37938.864020046996,False,False,False,False,4646.255429778113,False,False,False,False
2025-01-15 17:00:00+00:00,86.975,88.675,86.975,88.57,8821.0,,,,,,89.42920478032804,91.61051485609383,92.5864481028636,91.1563337072988,86.89240311433474,85.73959569070082,,,,,,85.57359878266264,90.4090859614454,89.3773684278055,87.09325215188171,86.34679561911165,85.39010569659553,,,89.42920478032804,88.46705890759351,#000000,4.7484085736150865,88.2164849153323,0.07444917158814561,46.87805513646723,-9.23971244831251,True,False,False,False,True,0.0,0.0,0.0,0.0,0.0,0,0.8854796290315139,0.8433073409311124,False,False,False,False,-0.06735113875928148,-0.09458772498479401,False,False,False,False,15086.0,37584.55605074394,False,False,False,False,4710.980151797056,False,False,False,False
2025-01-16 17:00:00+00:00,87.91,88.79,87.445,88.63,4543.0,,,,,,89.39991314577871,91.56187918316837,92.54225687623531,91.13287418346549,86.89985823227357,85.7508243720125,,,,,,85.83306145204385,90.37092966552214,89.36995125164098,87.09981437319958,86.3564410465864,85.40182961150445,,,89.39991314577871,88.47663611611927,#000000,4.723676079358319,88.24085552318209,0.082381702360668,50.82352726410134,-5.643082653863331,True,False,True,False,True,0.0,0.0,0.0,0.0,0.0,0,0.8876111904871642,0.8455085956583858,False,False,False,False,-0.058915859736789096,-0.07675179236079155,False,False,False,False,19629.0,37306.17533677891,False,False,False,False,4708.3758083583425,False,False,False,False
2025-01-17 17:00:00+00:00,90.62,90.78,89.25,90.06,12475.0,,,,,,89.44141021580026,91.50267710876217,92.47327604814363,91.1086462242305,86.94509898890891,85.80197360554043,,,,,,86.70555859218771,90.3548789081861,89.38206903740856,87.14334018595144,86.40588075999162,85.45267478707514,,,89.44141021580026,88.55979037184888,#000000,4.703619803114568,88.37709051665428,0.357790287861141,55.60062640638061,-1.3082881223317457,True,False,True,False,True,0.2981473706463653,0.0,0.0,0.0,0.0,0,0.8992653810835628,0.8347337006427912,False,False,False,False,-0.012965013517299947,-0.04485840293904575,False,False,False,False,32104.0,37225.52145558854,False,False,False,False,4828.788586523329,False,False,False,False
2025-01-20 17:00:00+00:00,90.06,90.06,90.06,90.06,0.0,,,,,,89.44141021580026,91.50267710876217,92.47327604814363,91.1086462242305,86.94509898890891,85.80197360554043,,,,,,86.70555859218771,90.3548789081861,89.38206903740856,87.14334018595144,86.40588075999162,85.45267478707514,,,89.44141021580026,88.55979037184888,#000000,4.677909051070721,88.37709051665428,0.35975677700713865,58.785359167900125,1.5512529933057877,True,False,True,False,True,0.2981473706463653,0.0,0.0,0.0,0.0,0,0.899097148648026,0.8392602146575152,False,False,False,False,-0.08555139372022627,-0.06520489832963601,False,False,False,False,32104.0,37146.11802216856,False,False,False,False,4753.923647197386,False,False,False,False
2025-01-21 17:00:00+00:00,91.885,92.36,90.935,92.12,4232.0,,,,,,89.49306350944055,91.50658940518854,92.4671086958576,91.11379734068865,86.96881131688262,85.82621719384898,,,,,,87.04149937733499,90.37767491301712,89.3970657815323,87.16671318603682,86.43041873216403,85.47626124280474,,,89.49306350944055,88.60543505789974,"rgba(38, 166, 154, 0.5)",4.643418225813727,88.44375838359207,0.7917102095113776,63.480479466684855,5.858102855831348,True,False,True,False,True,3.1305526542364,0.0,0.0,0.0,0.0,0,0.8954681788358797,0.8370512700346795,False,False,False,False,-0.028485315530690333,-0.04684510693016317,False,False,False,False,36336.0,37133.55805283261,False,False,False,False,4745.831807705954,False,False,False,False
2025-01-22 17:00:00+00:00,90.61,91.56,90.37,90.8,8240.0,,,,,,89.55089450082802,91.49192681675552,92.43962287055106,91.11090372417691,87.00590066343155,85.86588092181131,,,,,,87.48129580573952,90.3934844596624,89.41508164036044,87.202903250471,86.469711129586,85.51526278753472,,,89.55089450082802,88.66190571424238,"rgba(38, 166, 154, 0.5)",4.522689378701074,88.52962936977967,0.5019957021395934,63.26693999985985,5.858102855831348,True,False,True,False,True,1.2404299657198514,0.0,0.0,0.0,0.0,0,0.8860950940542583,0.8454248983835899,False,False,False,False,-0.05297487419562203,-0.0499099905628926,False,False,False,False,28096.0,36993.44087371893,False,False,False,False,4800.004957974079,False,False,False,False
2025-01-23 17:00:00+00:00,92.51,92.71,91.535,92.015,5078.0,,,,,92.08666666666666,89.61310986186339,91.50080040116036,92.43582467479717,91.11936758902281,87.03519645492426,85.89564785899694,,,,,,87.78282592812262,90.42391676813155,89.43454393429893,87.23182845895904,86.49991039079289,85.5442022133686,,,89.61310986186339,88.96952624623887,"rgba(38, 166, 154, 0.5)",4.41352552893873,89.00632638987054,0.6816939406834981,64.66992089567448,7.268218121346891,True,False,True,False,True,2.8791553252899753,0.0,0.0,0.0,0.0,0,0.8967775492351702,0.8345745561150908,False,False,False,False,-0.0114631903754316,-0.0306865904691621,False,False,False,False,33174.0,36934.22473614189,False,False,False,False,4804.314958625644,False,False,False,False
2025-01-24 17:00:00+00:00,90.62,91.63,90.62,91.58,3446.0,,,,,91.75920772720161,89.64035419686495,91.49855379609374,92.42742114442356,91.12028808995352,87.05172821164777,85.9130646455557,,,,,,87.93145778809279,90.43419244406836,89.44360594259545,87.24802057377009,86.5172751729371,85.56128268037426,,,89.64035419686495,88.96511172412146,"rgba(38, 166, 154, 0.5)",4.278983742065885,89.01764037292929,0.5988243427710719,64.52910249118423,7.5281864980880115,True,False,True,False,True,2.2521298826394727,0.0,0.0,0.0,0.0,0,0.8866387171652573,0.844903953196428,False,False,False,False,-0.04722911633783065,-0.038957853403496376,False,False,False,False,29728.0,36822.50032162806,False,False,False,False,4783.255811980285,False,False,False,False
2025-01-27 17:00:00+00:00,90.265,91.09,90.265,90.815,3864.0,,,,,91.43610321816811,89.65988308855903,91.48993765868175,92.41368019282338,91.1177003508618,87.06770488944844,85.93045952243241,,,,,,88.05857056448447,90.43804715047717,89.45062625112513,87.26355063211844,86.53435040799884,85.57847181072398,,,89.65988308855903,88.95685274906947,#000000,4.14029529346838,89.02365446262388,0.4326612983866382,62.58330742397234,7.5281864980880115,True,False,True,False,True,1.151881668313898,0.0,0.0,0.0,0.0,0,0.8809251856082239,0.8543927279649723,False,False,False,False,-0.06330832541218202,-0.0511330894078392,False,False,False,False,25864.0,36652.60109183538,False,False,False,False,4769.003783887568,False,False,False,False
2025-01-28 17:00:00+00:00,88.34,89.21,87.42,87.54,6214.0,,,,,90.30720209296491,89.61470076147543,91.42964900481343,92.35790355487158,91.08594240428307,87.07457740299252,85.94275296195664,,,,,,88.05844067250757,90.38806303171967,89.43843611791307,87.26920963854592,86.54422466164374,85.59167204836578,,,89.61470076147543,88.85405956569642,#000000,4.019498240838951,88.93816042360717,-0.34784451686072676,55.53388920702819,12.412573305309799,True,False,True,False,False,0.0,0.0,0.0,0.0,0.0,0,0.8756524627503084,0.8497437600835152,False,False,False,False,-0.1489424332823218,-0.1000377613450805,False,False,False,False,19650.0,36388.994873357304,False,False,False,False,4791.406825997838,False,False,False,False
2025-01-29 17:00:00+00:00,87.48,88.155,87.23,87.62,4977.0,,,,,89.75019586637826,89.57173686077972,91.37748173548428,92.31030841350827,91.05777744200961,87.07786387493168,85.95070709577907,,,,,,88.03822846722674,90.34309694968482,89.42612430828945,87.2714775835849,86.55003436169183,85.60049389502248,,,89.57173686077972,88.7942712964901,#000000,3.9691138639328774,88.88570193441304,-0.3188877864942085,50.990747662525614,8.18922496935894,True,False,False,False,False,0.0,0.0,0.0,0.0,0.0,0,0.8737164133089856,0.8560011383309222,False,False,False,False,-0.17182036394335376,-0.1359290626442171,False,False,False,False,24627.0,36206.63836369285,False,False,False,False,4794.2842395482585,False,False,False,False
2025-01-30 17:00:00+00:00,87.89,88.6,87.09,88.025,5881.0,,,,,89.38184566644037,89.52936799495141,91.3214902429573,92.2581034134179,91.02737174683189,87.08323853840835,85.96129406864539,,,,,,88.03054241056832,90.29637821076756,89.41372444571351,87.27570294877161,86.55825892894002,85.61200403663453,,,89.52936799495141,88.7499478963883,#000000,3.917772144545403,88.84690971495661,-0.20979007574519723,48.807400314859734,6.140940917659407,True,False,False,True,False,0.0,0.0,0.0,0.0,0.0,0,0.8774258469500216,0.8504480329675594,False,False,False,False,-0.1802713076324764,-0.15810018513834675,False,False,False,False,30508.0,36118.287381310016,False,False,False,False,4811.132545911851,False,False,False,False
2025-01-31 17:00:00+00:00,88.21,88.67,86.74,86.82,2226.0,,,,,89.24331986787014,89.50917031642672,91.29776253517697,92.23645440691577,91.01421506715094,87.08404023910163,85.96425853661373,,,,,,88.01728158260214,90.27559422605802,89.40756096291464,87.276041128619,86.56021133294475,85.61539673491039,,,89.50917031642672,88.73086976440807,"rgba(239, 83, 80, 0.5)",3.901243550874843,88.82914858936985,-0.5150020918123175,45.46315261071649,2.9242168692369717,False,False,False,True,False,0.0,0.0,0.0,0.0,0.0,0,0.8716850363382586,0.8561389998556095,False,False,False,False,-0.18559908474622075,-0.17184963494228375,False,False,False,False,28282.0,35996.7945536928,False,False,False,False,4771.052971556628,False,False,False,False
2025-02-03 17:00:00+00:00,84.85,84.97,84.175,84.205,5752.0,,,,,88.50687091546914,89.38757891855983,91.19208049597626,92.14763312807595,90.95309734895265,87.06744616957837,85.95629382716271,,,,,,87.83060602752356,90.1691791896378,89.36846682368726,87.2577712071572,86.54778574499666,85.60974200805768,,,89.38757891855983,88.61496552344887,"rgba(239, 83, 80, 1.0)",3.9594428320838095,88.71114419826085,-1.138075327605961,40.165541699057314,-2.0604603819357976,False,False,False,True,False,0.0,0.0,0.0,0.0,0.0,0,0.8752306328325307,0.8620755756835117,False,False,False,False,-0.3082054856299081,-0.24002756028609595,False,False,False,False,22530.0,35788.00704123245,False,False,False,False,4786.261452617765,False,False,False,False
2025-02-04 17:00:00+00:00,85.24,85.265,84.49,84.56,7259.0,,,,,87.90025643033462,89.25169677086207,91.06942239855424,92.04295723005097,90.88130833493322,87.04933779639015,85.94848229450065,,,,,,87.6411077401424,90.04755600704027,89.32317117453422,87.23765219536959,86.53468470802859,85.60464133429132,,,89.25169677086207,88.50248264731019,"rgba(239, 83, 80, 1.0)",4.008865921052024,88.5944945162544,-1.006392978889064,37.45513936240353,-4.610504858973172,False,True,False,True,False,0.0,0.0,0.0,0.0,0.0,0,0.875051051051051,0.864,False,False,False,False,-0.2959224593897877,-0.2679750098379418,False,False,False,False,29789.0,35694.99918012807,False,False,False,False,4824.598484360125,False,False,False,False
2025-02-05 17:00:00+00:00,84.34,84.81,83.87,84.38,7877.0,,,,,87.36883190043241,89.10006723910952,90.93301985946165,91.92633539091084,90.80006409739875,87.02645798071408,85.93714933484375,,,,,,87.43401481226778,89.91164652166712,89.2705926942197,87.21254388747127,86.51736339020911,85.59643150810435,,,89.10006723910952,88.38727066283157,"rgba(239, 83, 80, 1.0)",4.0531655163220295,88.47268990492915,-1.009751486448793,35.43927626343577,-6.639526849034581,False,True,False,True,False,0.0,0.0,0.0,0.0,0.0,0,0.8715569869730326,0.8678796327452771,False,False,False,False,-0.3176295341139072,-0.2928022719759245,False,False,False,False,21912.0,35481.309270358644,False,False,False,False,4871.92253886617,False,False,False,False
2025-02-06 17:00:00+00:00,85.355,85.9,84.89,85.84,6627.0,,,,,87.16448435555706,89.00979072510842,90.84247420794367,91.84591806905344,90.74559348275228,87.01594378833262,85.93480940174538,,,,,,87.33886406036811,89.82565595131656,89.23771032159667,87.20040797675915,86.51089952764482,85.59614002403889,,,89.00979072510842,88.32836091478595,"rgba(239, 83, 80, 0.5)",4.051065071831795,88.41032888396109,-0.6344822505649954,37.559115116504785,-6.639526849034581,False,True,False,True,False,0.0,0.0,0.0,0.0,0.0,0,0.8733203995113891,0.8614164930181311,False,False,False,False,-0.27527633216680786,-0.2840393020713662,False,False,False,False,28539.0,35373.676568492614,False,False,False,False,4899.133042139562,False,False,False,False
2025-02-07 17:00:00+00:00,84.685,85.375,84.68,85.375,3756.0,,,,,87.04390295492692,88.95495771159308,90.78872074413542,91.79839708184524,90.71288387740296,87.00844980303076,85.93215298373534,,,,,,87.27797661151187,89.77399190283005,89.21733972019666,87.19196619736162,86.50577508881457,85.59473556995542,,,88.95495771159308,88.29240386517998,"rgba(239, 83, 80, 0.5)",4.012511173681421,88.37196377278869,-0.7469047793427123,38.25499266092258,-6.639526849034581,False,True,False,True,False,0.0,0.0,0.0,0.0,0.0,0,0.8687678532850045,0.8687198444513792,False,False,False,False,-0.2899135204900539,-0.28697641128071005,False,False,False,False,24783.0,35209.48003254699,False,False,False,False,4881.410049238174,False,False,False,False
2025-02-10 17:00:00+00:00,86.02,86.9,85.86,85.87,6057.0,,,,,86.97071562774703,88.89358487292594,90.72012181678464,91.73522501295518,90.67088237800365,87.00333002333583,85.93364870998167,,,,,,87.2322592359629,89.71168499949971,89.19340325741487,87.18551043024561,86.50399854823257,85.59779768615135,,,88.89358487292594,88.25785866148007,"rgba(239, 83, 80, 0.5)",3.968080965598974,88.3355221482134,-0.6213386696461295,39.88729880603953,-6.639526849034581,False,False,False,True,True,0.0,0.0,0.0,0.0,0.0,0,0.8798737288544025,0.8631982264205502,False,False,False,False,-0.23658751927363503,-0.26178196527717257,False,False,False,False,30840.0,35141.73615607339,False,False,False,False,4899.636250025179,False,False,False,False
2025-02-11 17:00:00+00:00,85.87,85.9,84.99,85.115,4397.0,,,,,86.87274336725196,88.83674875227933,90.66218299284603,91.68313161847006,90.63499445255145,86.99560023427924,85.9313183477063,,,,,,87.17507785492822,89.65683625899337,89.17123753629419,87.1767207315914,86.49892353846623,85.59685163625521,,,88.83674875227933,88.22248979399332,"rgba(239, 83, 80, 0.5)",3.9897788701169614,88.2976860458428,-0.7977098855479925,39.6719641863451,-6.639526849034581,False,False,False,True,True,0.0,0.0,0.0,0.0,0.0,0,0.8743611481167495,0.8746033668402565,False,False,False,False,-0.2732938691335976,-0.2675379172053851,False,False,False,False,26443.0,35006.87202962264,False,False,False,False,4891.84343994727,False,False,False,False
2025-02-12 17:00:00+00:00,83.55,84.23,83.55,83.85,8148.0,,,,,86.57342590435555,88.69416717234081,90.5295419042752,91.56713778145738,90.55179957657374,86.96904968493533,85.91660326812261,,,,,,87.00060610191791,89.52565062900003,89.1154675298876,87.14792738387933,86.47799625552535,85.58545242829776,,,88.69416717234081,88.12729427850526,"rgba(239, 83, 80, 1.0)",4.029634120381588,88.19468938871796,-1.0781845842387658,37.61999275747786,-6.639526849034581,False,True,False,True,True,0.0,0.0,0.0,0.0,0.0,0,0.8759269131973051,0.8768235351136529,False,False,False,False,-0.336027578090455,-0.30178274764792007,False,False,False,False,18295.0,34747.77323846569,False,False,False,False,4942.326487389948,False,False,False,False
2025-02-13 17:00:00+00:00,82.16,82.69,80.25,80.58,12194.0,,,,,85.87106193935128,88.3839662285271,90.26361178124145,91.34103878859233,90.38214864054969,86.89614225276267,85.86630334092533,,,,,,86.57314726919445,89.25127742322485,88.99221111720593,87.07091855786341,86.41538761153025,85.54212567951316,,,88.3839662285271,87.91148774080631,"rgba(255, 0, 0, 1.0)",4.173018153987935,87.95901195966755,-1.7682673996075995,32.92392740291533,-10.791487484906263,False,True,False,True,False,0.0,0.0,0.0,0.0,0.0,0,0.8625859137390136,0.885216849869483,False,False,False,False,-0.34282825441539394,-0.322305501031657,False,False,False,False,6101.0,34303.637219264674,False,False,False,False,5054.75553409708,False,False,False,False
2025-02-14 17:00:00+00:00,80.67,81.27,79.74,79.74,8872.0,,,,,85.38511736906214,88.14698509000074,90.06072942476813,91.16823554583044,90.25052838493163,86.83586508304846,85.82330244838674,,,,,,86.25277399274721,89.04116275296543,88.89460149701591,87.00754669142263,86.36289492759532,85.50458323971387,,,88.14698509000074,87.7487943421145,"rgba(255, 0, 0, 1.0)",4.325435991147352,87.78091570254927,-1.8589838617439258,29.171467875179168,-14.432318088934721,False,True,False,True,False,0.0,0.0,0.0,0.0,0.0,0,0.8603785293205086,0.8930284732332513,False,False,False,False,-0.34282825441539394,-0.33256687772352544,False,False,False,False,-2771.0,33728.83664222181,False,False,False,False,5113.937618839761,False,False,False,False
2025-02-17 17:00:00+00:00,79.74,79.74,79.74,79.74,0.0,,,,,85.38511736906214,88.14698509000074,90.06072942476813,91.16823554583044,90.25052838493163,86.83586508304846,85.82330244838674,,,,,,86.25277399274721,89.04116275296543,88.89460149701591,87.00754669142263,86.36289492759532,85.50458323971387,,,88.14698509000074,87.7487943421145,"rgba(255, 0, 0, 1.0)",4.465164350354313,87.78091570254927,-1.8008106917523024,26.669828190021725,-16.868199855838938,False,True,False,True,False,0.0,0.0,0.0,0.0,0.0,0,0.8602529099008477,0.9003688269387364,False,False,False,False,-0.34282825441539394,-0.33769756606945966,False,False,False,False,-2771.0,33162.947702032325,False,False,False,False,5034.651764284105,False,False,False,False
2025-02-18 17:00:00+00:00,79.795,80.59,79.56,80.42,7218.0,,,,,85.04373596860975,87.96274622487977,89.90066390181323,91.03081960172257,90.14531487164328,86.78718656704301,85.78842951557526,,,,,,86.01275434256786,88.87620316745549,88.81624259446103,86.9564012738964,86.32043055469514,85.47408620722089,,,87.96274622487977,87.62423190704489,"rgba(255, 0, 0, 1.0)",4.566809337220234,87.64458185917118,-1.5819758009798375,26.96331223869425,-16.868199855838938,False,True,False,True,False,0.0,0.0,0.0,0.0,0.0,0,0.8608025282512928,0.8960927025474047,False,False,False,False,-0.3315479807168271,-0.3346227733931434,False,False,False,False,4447.0,32717.739210527947,False,False,False,False,5068.502124527762,False,False,False,False
2025-02-19 17:00:00+00:00,79.38,79.81,78.6,78.96,5744.0,,,,,84.74952647500729,87.80281833176893,89.76335814544956,90.91337917286234,90.05434270209167,86.74277394118425,85.75575605339702,,,,,,85.80233553290405,88.7336708248842,88.7472994495799,86.90991518439539,86.28124556358188,85.44521716116918,,,87.80281833176893,87.51551065679044,"rgba(255, 0, 0, 1.0)",4.699903415722129,87.52549433235885,-1.8224830543762962,25.748705936096876,-18.225613006655625,False,True,False,True,False,0.0,0.0,0.0,0.0,0.0,0,0.8493197114220692,0.9004987168934295,False,False,False,False,-0.34282825441539394,-0.33872551390426864,False,False,False,False,-1297.0,32190.378912690303,False,False,False,False,5078.974959806401,False,False,False,False
2025-02-20 17:00:00+00:00,80.345,80.665,80.16,80.37,3921.0,,,,,84.60676592083097,87.71248517678441,89.68261452158131,90.84305947315008,90.00024373997702,86.71777507008458,85.73788804339624,,,,,,85.69196877756248,88.65133753444951,88.7069582777768,86.88364251401602,86.25946214381946,85.42960484328634,,,87.71248517678441,87.45567738743964,"rgba(239, 83, 80, 1.0)",4.792781737548999,87.46013118794548,-1.4793352954919508,28.59377470189073,-18.225613006655625,False,True,False,True,True,0.0,0.0,0.0,0.0,0.0,0,0.8495560233238972,0.8997120805206745,False,False,False,False,-0.30348773346229374,-0.3211066236832812,False,False,False,False,2624.0,31731.985441175726,False,False,False,False,5061.021859654364,False,False,False,False
2025-02-21 17:00:00+00:00,80.05,80.05,78.59,78.82,2709.0,,,,,84.48588790157399,87.64094500392873,89.62026532381753,90.78929686226707,89.95841915518484,86.69723814477484,85.72275036526905,,,,,,85.6009906761104,88.58695870562246,88.67517133487677,86.86215343579808,86.2413291586169,85.416219461727,,,87.64094500392873,87.40750965612058,"rgba(255, 0, 0, 1.0)",4.9321810929174905,87.40743541718906,-1.7411030242827963,28.77329199933839,-18.225613006655625,False,True,False,True,True,0.0,0.0,0.0,0.0,0.0,0,0.844986345070933,0.8965608913164317,False,False,False,False,-0.33903896605146616,-0.3300727948673737,False,False,False,False,-85.0,31238.698845188504,False,False,False,False,5024.556404465924,False,False,False,False
2025-02-24 17:00:00+00:00,78.055,78.3,77.685,77.685,6756.0,,,,,84.14037513019522,87.4418378649032,89.44955728095249,90.64302197958978,89.84347145935897,86.63800724753094,85.67809795594388,,,,,,85.34239212951243,88.40914235906929,88.58641498091846,86.80038056124546,86.18851900142113,85.3764011572103,,,87.4418378649032,87.27212454675781,"rgba(255, 0, 0, 1.0)",5.078321735440568,87.25921372848983,-1.8853105863051853,27.823329284674998,-18.225613006655625,False,True,False,True,True,0.0,0.0,0.0,0.0,0.0,0,0.8435237911398513,0.901023067271499,False,False,False,False,-0.34282825441539394,-0.3364505246413838,False,False,False,False,-6841.0,30648.31591735612,False,False,False,False,5051.40049121839,False,False,False,False
2025-02-25 17:00:00+00:00,77.175,78.615,77.13,78.47,4810.0,,,,,83.92218232760018,87.30756912957213,89.3328798751806,90.5423406178369,89.7641823968506,86.5971861330332,85.64735059162187,,,,,,85.17284068559718,88.28822974242506,88.52516730829703,86.7578027644816,86.1521397229767,85.34898964650182,,,87.30756912957213,87.18145084169038,"rgba(255, 0, 0, 1.0)",5.194833137293613,87.16008005895007,-1.6728314133064537,29.13922796998345,-18.225613006655625,False,True,False,True,True,0.0,0.0,0.0,0.0,0.0,0,0.8402425233982146,0.9030147005750305,False,False,False,False,-0.34282825441539394,-0.3396393895283889,False,False,False,False,-2031.0,30141.659856621918,False,False,False,False,5047.657847943687,False,False,False,False
2025-02-26 17:00:00+00:00,79.9,79.9,78.405,78.52,6289.0,,,,,83.69856545205323,87.15371283345468,89.1953986199352,90.42212449818388,89.66970518381765,86.54978341904021,85.61209587363419,,,,,,84.9884723738191,88.14744545995984,88.45273099373033,86.70826909311624,86.11013199979494,85.31770609517947,,,87.15371283345468,87.07893399197839,"rgba(255, 0, 0, 1.0)",5.306573364599171,87.04829653819665,-1.607119312641565,30.14441687086268,-18.225613006655625,False,True,False,True,True,0.0,0.0,0.0,0.0,0.0,0,0.8496044114121313,0.8956125629345479,False,False,False,False,-0.3034625154845449,-0.3215509525064669,False,False,False,False,4258.0,29740.36280458127,False,False,False,False,5066.903462704249,False,False,False,False
2025-02-27 17:00:00+00:00,78.495,78.98,78.35,78.68,6886.0,,,,,83.46294233726643,86.98625113348946,89.0451000153455,90.29027414944373,89.56556127380547,86.49672017794606,85.57236232603213,,,,,,84.79019768681813,87.99367434952534,88.37243418250418,86.65287630451354,86.062972423453,85.28235676950601,,,86.98625113348946,86.96720947151145,"rgba(255, 0, 0, 1.0)",5.394812283719988,86.92661897324439,-1.5286201890898663,31.26338703218623,-18.225613006655625,False,True,False,True,True,0.0,0.0,0.0,0.0,0.0,0,0.8487905153456352,0.8976957644134237,False,False,False,False,-0.31834195332778803,-0.3199464529171275,False,False,False,False,11144.0,29452.04710218466,False,False,False,False,5095.106509794106,False,False,False,False
2025-02-28 17:00:00+00:00,78.52,79.43,77.62,79.43,10348.0,,,,,83.15795600083065,86.7511840809732,88.83043105536764,90.10020374515511,89.41491227760989,86.41987892561916,85.51483642563367,,,,,,84.52164077300908,87.77548254653188,88.25612491227903,86.57266099480027,85.99469480607897,85.23117859816905,,,86.7511840809732,86.81086039554287,"rgba(239, 83, 80, 1.0)",5.468452839648429,86.7567999440069,-1.3398305076135464,34.10953307574695,-20.308637767744234,False,True,False,True,True,0.0,0.0,0.0,0.0,0.0,0,0.8489995681589175,0.8951585816419556,False,False,False,False,-0.322640086918084,-0.32129326991760576,False,False,False,False,21492.0,29328.63551920505,False,False,False,False,5176.546718944585,False,False,False,False
2025-03-03 17:00:00+00:00,79.43,79.625,76.11,76.41,7868.0,,,,,82.88280467870246,86.55034945218603,88.6504324177427,89.94186124793835,89.28791641236886,86.3515521588281,85.46244049432083,,,,,,84.2852579800887,87.59072405322202,88.15630569996141,86.50158796827297,85.93334394213456,85.18414775709849,,,86.55034945218603,86.67528648175887,"rgba(255, 0, 0, 1.0)",5.593404678807035,86.60948869799856,-1.8234848511218242,32.02269431212875,-20.308637767744234,False,True,False,True,False,0.0,0.0,0.0,0.0,0.0,0,0.8433963157645498,0.8958185348297578,False,False,False,False,-0.34282825441539394,-0.3320607621664998,False,False,False,False,13624.0,29085.152797977065,False,False,False,False,5218.274676790406,False,False,False,False
2025-03-04 17:00:00+00:00,75.0,77.34,74.91,75.9,11777.0,,,,,82.4280463518149,86.22392678654074,88.36072178111316,89.68772157135652,89.08204796287835,86.2362879150634,85.37254405399769,,,,,76.05000000000001,83.89642646663808,87.29161576082215,87.99222329250527,86.38199740166283,85.82908023793931,85.10295805951935,,,86.22392678654074,85.70968554584655,"rgba(255, 0, 0, 1.0)",5.728753442853738,85.78706636569669,-1.7258669733867114,30.130426223867204,-20.308637767744234,False,True,False,True,False,0.0,0.0,0.0,0.0,0.0,0,0.8350028350028349,0.9101776601776601,False,False,False,False,-0.34282825441539394,-0.33744450829094685,False,False,False,False,1847.0,28662.85585537277,False,False,False,False,5319.960340716137,False,False,False,False
2025-03-05 17:00:00+00:00,77.84,78.485,77.23,78.0,9084.0,,,,,82.20718816351761,86.02912383203669,88.17852490777916,89.52377035076378,88.94956464042546,86.16500024019575,85.31793397135499,,,,,76.85776664589426,83.68589277217957,87.10764428909965,87.8878599899242,86.30783514489264,85.7651213443784,85.05394438526744,,,86.02912383203669,85.64551219126497,"rgba(239, 83, 80, 1.0)",5.788982143024093,85.69933625627678,-1.3299982736265172,33.77961660020652,-20.308637767744234,False,True,False,True,True,0.0,0.0,0.0,0.0,0.0,0,0.8431239149814668,0.8959555201051002,False,False,False,False,-0.29334595770227273,-0.31539523299660976,False,False,False,False,10931.0,28387.94336149102,False,False,False,False,5378.317544736041,False,False,False,False
2025-03-06 17:00:00+00:00,77.78,78.02,77.28,77.84,5131.0,,,,,82.08657064192028,85.92056878518892,88.07652371110782,89.43167029143547,88.87483692780424,86.12434882877983,85.2866511358364,,,,,77.02666140863856,83.56965659760942,87.00478350433337,87.82874675779561,86.26557357088846,85.72857921788675,85.02581903967518,,,85.92056878518892,85.58935645849286,"rgba(239, 83, 80, 1.0)",5.8073975641820885,85.63269191413755,-1.341856111625633,35.98161512186648,-18.79275654604356,False,True,False,True,True,0.0,0.0,0.0,0.0,0.0,0,0.8411302835112134,0.9021110536461515,False,False,False,False,-0.2991950423568743,-0.307295137676742,False,False,False,False,5800.0,28037.742689219842,False,False,False,False,5374.483164197497,False,False,False,False
2025-03-07 17:00:00+00:00,76.275,78.41,75.92,78.0,7106.0,,,,,81.92015862048095,85.77003204110993,87.93490461821045,89.30358156449586,88.77050774773153,86.06690496810135,85.24222019515146,,,,,77.11611910085202,83.40886866948352,86.86196129952653,87.74585010203124,86.20590034701829,85.676829384668,84.9857967386131,,,85.77003204110993,85.50068824267672,"rgba(239, 83, 80, 1.0)",5.835817194217442,85.5308768557679,-1.2904579778869785,37.8194105932289,-17.04991910119079,False,True,False,True,True,0.0,0.0,0.0,0.0,0.0,0,0.8395407448893868,0.8979744235974984,False,False,False,False,-0.3129450942139334,-0.3101201159453377,False,False,False,False,12906.0,27803.142027371472,False,False,False,False,5401.328386458001,False,False,False,False
2025-03-10 17:00:00+00:00,77.99,77.99,77.22,77.33,16981.0,,,,,81.57251050314436,85.43392028891702,87.61344784909811,89.01004403815891,88.53023746139161,85.93375381658859,85.13899134753453,,,,,77.2508081897269,83.06093469756105,86.53976100544688,87.55432405491726,86.06763190014519,85.55677350140513,84.89271838660144,,,85.43392028891702,85.29684693147408,"rgba(239, 83, 80, 1.0)",5.740401406374465,85.29922076230622,-1.3882689028430573,37.92975227813975,-16.816611533960412,False,True,False,True,True,0.0,0.0,0.0,0.0,0.0,0,0.850831831902099,0.8989400285466925,False,False,False,False,-0.30046613359408975,-0.3052931247697137,False,False,False,False,-4075.0,27308.907267257182,False,False,False,False,5580.858178916016,False,False,False,False
2025-03-11 17:00:00+00:00,76.41,76.85,75.75,76.18,4438.0,,,,,81.46519194383626,85.33734629324783,87.52265447237245,88.92761889570934,88.46217121189012,85.89455678252637,85.10810557553815,,,,,77.17015065637018,82.95763030325848,86.44799311798201,87.49934334354533,86.02702858147664,85.52117780300797,84.86470633115368,,,85.33734629324783,85.22897680799392,"rgba(255, 0, 0, 1.0)",5.69389217566576,85.22433356460571,-1.588427263034393,36.29063650151149,-16.816611533960412,False,True,False,True,True,0.0,0.0,0.0,0.0,0.0,0,0.8429942058223278,0.9077388632151819,False,False,False,False,-0.3377597312629366,-0.32152642801632514,False,False,False,False,-8513.0,26753.528860012884,False,False,False,False,5563.139447459954,False,False,False,False
2025-03-12 17:00:00+00:00,75.98,76.24,75.58,75.68,11479.0,,,,,81.18553582500611,85.08542666814454,87.28576761563787,88.71226895728657,88.28353398733802,85.79020548250504,85.02540189423712,,,,,76.93763162413883,82.68830771172951,86.20843179583977,87.35428087370602,85.91902951205095,85.42617654152659,84.78953743998824,,,85.08542666814454,85.04939542350965,"rgba(255, 0, 0, 1.0)",5.654966466632532,85.0268313499883,-1.65285354124376,34.517794748035314,-16.816611533960412,False,True,False,True,False,0.0,0.0,0.0,0.0,0.0,0,0.839377259089513,0.915589784781119,False,False,False,False,-0.34282825441539394,-0.3321773412158595,False,False,False,False,-19992.0,26028.791978462297,False,False,False,False,5654.858215716388,False,False,False,False
2025-03-13 17:00:00+00:00,76.615,76.75,76.065,76.29,8621.0,,,,,81.01234707863652,84.91528149211425,87.12209884261152,88.56166413104293,88.15828500992924,85.71738255976233,84.96781186572201,,,,,76.87185679313471,82.51382945689268,86.04442413046664,87.25263566577836,85.84363581506251,85.35995582609605,84.73722488951907,,,84.91528149211425,84.93417382548348,"rgba(255, 0, 0, 1.0)",5.585550685425669,84.89926440437333,-1.5413456773093839,35.135066167962975,-16.816611533960412,False,True,False,True,False,0.0,0.0,0.0,0.0,0.0,0,0.8373854785634809,0.9175208920243364,False,False,False,False,-0.3285820015020187,-0.3303796713589391,False,False,False,False,-11371.0,25448.950242362105,False,False,False,False,5700.844910046367,False,False,False,False
2025-03-14 17:00:00+00:00,76.92,77.15,76.38,76.46,6187.0,,,,,80.90295783227225,84.80128654435414,87.01077182753374,88.45838618236917,88.07221765109037,85.66743734640299,84.92835316259581,,,,,76.8558905705988,82.40016605538773,85.93353818481248,87.18278589294164,85.79191968617452,85.31456485488597,84.70139006856121,,,84.80128654435414,84.85869041857006,"rgba(255, 0, 0, 1.0)",5.467974753133066,84.81551998452237,-1.5280831316448176,36.05411349260003,-16.816611533960412,False,True,False,True,False,0.0,0.0,0.0,0.0,0.0,0,0.8309591642924978,0.9195868945868946,False,False,False,False,-0.31842397984805126,-0.3244018256034952,False,False,False,False,-5184.0,24974.02078124021,False,False,False,False,5708.382198262701,False,False,False,False
2025-03-17 17:00:00+00:00,77.0,77.47,76.94,77.35,4761.0,,,,,80.83365922998283,84.72189320931741,86.93149774945807,88.38403937169186,88.0102397617403,85.63187115827277,84.90039278881379,,,,,76.87800504489763,82.32435346210052,85.85529639011799,87.13263921728364,85.75506485131339,85.28231724657904,84.67603862986694,,,84.72189320931741,84.80837915081688,"rgba(239, 83, 80, 1.0)",5.4454394365980585,84.75939288925176,-1.3606602323871677,39.22409624450364,-15.006637764044257,False,False,False,True,True,0.0,0.0,0.0,0.0,0.0,0,0.833436650612751,0.9171713318392064,False,False,False,False,-0.30600826038600076,-0.31520504299474794,False,False,False,False,-423.0,24580.268521065944,False,False,False,False,5693.694102165605,False,False,False,False
2025-03-18 17:00:00+00:00,77.2,78.15,77.18,78.15,2843.0,,,,,80.79994674306535,84.67885415088638,86.88753912711218,88.34237492290046,87.97552213328535,85.61221957330133,84.88503790123076,,,,,76.90851184281964,82.28513722850256,85.81231330378085,87.10465909972218,85.73468248033163,85.2645498356795,84.66214527141112,,,84.67885415088638,84.7823924010021,"rgba(239, 83, 80, 1.0)",5.3785319215033365,84.73021367800291,-1.2234218879868042,43.352312736202805,-11.138502553853748,True,False,False,True,True,0.0,0.0,0.0,0.0,0.0,0,0.8293822877517588,0.9231473450901029,False,False,False,False,-0.29312523972225024,-0.3041651413584991,False,False,False,False,2420.0,24236.698466475773,False,False,False,False,5649.497294380092,False,False,False,False
2025-03-19 17:00:00+00:00,77.96,78.135,76.96,77.54,8052.0,,,,,80.69977309906204,84.5549303201913,86.76151152953082,88.22302350956816,87.87577289522159,85.55510088961539,84.84018796878364,,,,,76.96164270163797,82.17090201248676,85.6888290105686,87.02394034296267,85.67548372984203,85.21279676770635,84.62149144935343,,,84.5549303201913,84.7046704447522,"rgba(239, 83, 80, 1.0)",5.319491370558016,84.64358896971328,-1.3353887570961702,44.6083326252577,-9.994904062267615,True,False,False,True,True,0.0,0.0,0.0,0.0,0.0,0,0.8274925487933854,0.923468897221421,False,False,False,False,-0.2964068700001718,-0.30028600567933544,False,False,False,False,-5632.0,23773.617870096303,False,False,False,False,5686.7453983431915,False,False,False,False
2025-03-20 17:00:00+00:00,77.21,77.395,76.95,76.98,3549.0,,,,,80.65170810346063,84.49834833809349,86.70445586733973,88.1691347468317,87.83057778235084,85.52882279436385,84.81942060634769,,,,,76.96684828365446,82.11769198875804,85.63270971970626,86.98717485703378,85.64827535317559,85.18891924810133,84.60262334455375,,,84.49834833809349,84.66762221669794,"rgba(239, 83, 80, 1.0)",5.239597066036107,84.60261055681968,-1.4548085398075057,44.15115913272663,-9.994904062267615,True,False,False,True,True,0.0,0.0,0.0,0.0,0.0,0,0.8273630524213919,0.9258065292178889,False,False,False,False,-0.3069221648835227,-0.30360408528142907,False,False,False,False,-9181.0,23262.693562032793,False,False,False,False,5653.602058833994,False,False,False,False
2025-03-21 17:00:00+00:00,75.85,76.265,75.63,76.26,4052.0,,,,,80.58247725345268,84.4257012030752,86.63304993247898,88.10242662329959,87.77439912913626,85.49527955872495,84.79261536815167,,,,,76.93121230175889,82.0457620629277,85.56169554069838,86.94107614718762,85.61360361986996,85.15828652617346,84.57817550790578,,,84.4257012030752,84.6168400553458,"rgba(255, 0, 0, 1.0)",5.203092698638994,84.546964184204,-1.5926997007705954,42.31127014933999,-9.994904062267615,True,False,False,True,False,0.0,0.0,0.0,0.0,0.0,0,0.8232415754712433,0.9341223545292385,False,False,False,False,-0.3417498008719015,-0.3226769430766653,False,False,False,False,-13233.0,22696.868855644687,False,False,False,False,5628.77101916215,False,False,False,False
2025-03-24 17:00:00+00:00,78.18,78.28,77.24,77.665,9479.0,,,,,80.48540846530851,84.29360863217545,86.4955739011893,87.97052419493662,87.66354890886169,85.43149886555898,84.74245075858593,,,,,76.99776074511185,81.92923129381482,85.4281873661966,86.85111188547276,85.54751719184577,85.10046941504133,84.53266576950388,,,84.29360863217545,84.53353981382881,"rgba(239, 83, 80, 1.0)",5.142822237601389,84.45459381259359,-1.3202077573189162,44.96145652296492,-9.594836569935758,True,False,False,True,True,0.0,0.0,0.0,0.0,0.0,0,0.8323478511681571,0.9291414287087778,False,False,False,False,-0.2904764903623789,-0.3065767167195221,False,False,False,False,-3754.0,22286.777865634693,False,False,False,False,5688.464491733279,False,False,False,False
2025-03-25 17:00:00+00:00,78.33,78.42,77.86,78.06,3793.0,,,,,80.45356047224789,84.24521498850122,86.44410882333106,87.92062745613545,87.62156714183615,85.40753059161538,84.72366740497539,,,,,77.03382363302167,81.88845881210675,85.37863848771727,86.8171017221062,85.52266897191058,85.0787804101581,84.51564493297154,,,84.24521498850122,84.50367098918818,"rgba(239, 83, 80, 1.0)",5.091363224764688,84.42144398447535,-1.2494578963710363,47.66582481331311,-7.01675697065123,True,False,False,False,True,0.0,0.0,0.0,0.0,0.0,0,0.8336391732663706,0.9329969094069925,False,False,False,False,-0.27992062760772907,-0.2932486721636256,False,False,False,False,39.0,21941.8510770202,False,False,False,False,5659.077445349817,False,False,False,False
2025-03-26 17:00:00+00:00,77.89,77.89,76.8,76.84,5646.0,,,,,80.38935380972377,84.16377531405347,86.36017841608376,87.84027829509733,87.55366595624312,85.36759815092331,84.69197012650778,,,,,77.0403815963159,81.81469191209162,85.2967642174223,86.76156843489967,85.48135060721644,85.04243583028187,84.48679306399912,,,84.16377531405347,84.44934326648995,"rgba(239, 83, 80, 1.0)",5.039142093257129,84.36178871989719,-1.492672478905107,46.56332509791731,-7.01675697065123,True,False,False,True,True,0.0,0.0,0.0,0.0,0.0,0,0.8266657038320817,0.9339736183323702,False,False,False,False,-0.3020770815495524,-0.297662876856589,False,False,False,False,-5607.0,21514.73710683384,False,False,False,False,5658.874694259122,False,False,False,False
2025-03-27 17:00:00+00:00,76.81,77.51,76.58,77.085,4647.0,,,,,80.33648751138433,84.09702861988599,86.2913551770403,87.7743182680869,87.4978081978935,85.33455023355319,84.66567276504426,,,,,77.0410352383788,81.75418271828005,85.22962877100693,86.71578051770719,85.44716855864613,85.01232565094315,84.46283421570975,,,84.09702861988599,84.40429831739718,"rgba(239, 83, 80, 1.0)",4.989897069656406,84.31244467814926,-1.44841558398056,46.49185236364006,-7.01675697065123,True,False,False,True,True,0.0,0.0,0.0,0.0,0.0,0,0.8227741375987667,0.9407159375602233,False,False,False,False,-0.3105123045730931,-0.30408759071484104,False,False,False,False,-960.0,21166.29157029378,False,False,False,False,5643.186714503167,False,False,False,False
2025-03-28 17:00:00+00:00,76.0,76.0,74.89,75.63,9567.0,,,,,80.1836702528164,83.93404857235784,86.12954298828225,87.6217329975619,87.36784563824283,85.25473183295045,84.6011722947897,,,,,76.93403776674708,81.5947310324835,85.06919956928945,86.6079330480534,85.36480625965649,84.93909149293069,84.4037572369314,,,83.93404857235784,84.28616435593524,"rgba(255, 0, 0, 1.0)",5.0173129208716665,84.18413424347703,-1.704923407884815,43.463834765146956,-7.01675697065123,True,False,False,True,False,0.0,0.0,0.0,0.0,0.0,0,0.8138373237914557,0.9468792776350229,False,False,False,False,-0.34282825441539394,-0.3234579225651175,False,False,False,False,-10527.0,20674.92270873884,False,False,False,False,5704.0210290069945,False,False,False,False
2025-03-31 17:00:00+00:00,76.66,77.37,76.57,76.92,4528.0,,,,,80.13600911278016,83.87192288768432,86.06483998091869,87.55929744268467,87.3146953992803,85.2229441601113,84.57576614921767,,,,,76.93465426201244,81.53933400109831,85.00631096355755,86.56416769699449,85.33194962381843,84.91007816559909,84.38056973521445,,,83.87192288768432,84.24375282721228,"rgba(239, 83, 80, 1.0)",5.038207293247229,84.13785656356212,-1.4326239758408321,44.81185200250873,-7.01675697065123,True,False,False,True,False,0.0,0.0,0.0,0.0,0.0,0,0.8125149385725896,0.9440938859410104,False,False,False,False,-0.3003125654819151,-0.3118852440235163,False,False,False,False,-5999.0,20261.373519456065,False,False,False,False,5685.788144836343,False,False,False,False
2025-04-01 17:00:00+00:00,78.89,79.23,77.805,78.04,11624.0,,,,78.35833333333336,80.07113479363345,83.7487700563018,85.92782221630799,87.42310940509633,87.19887255589103,85.15612142044029,84.52319198777097,,,,,77.0425733042051,81.44476610767121,84.87664634681788,86.46977392972632,85.26271473485158,84.84953630604538,84.33283616372029,,,83.7487700563018,83.7790801774542,"rgba(239, 83, 80, 1.0)",5.04009739556257,83.66753306486709,-1.1165524439709644,48.092827658573356,-6.507067512704523,True,False,False,False,True,0.0,0.0,0.0,0.0,0.0,1,0.8207957761552549,0.9352153542464382,False,False,False,False,-0.2582208431140313,-0.2850530435687738,False,False,False,False,5625.0,20034.452999774574,False,False,False,False,5777.8534449164,False,False,False,False
2025-04-02 17:00:00+00:00,78.67,78.88,78.26,78.78,4081.0,,,,78.43152541653403,80.0530304505063,83.70901934446925,85.88261314326485,87.3777033351195,87.16018931796727,85.13392786868735,84.5057780146288,,,,,77.0839838612004,81.41579412608418,84.83423029192019,86.43827974455058,85.23971076187955,84.82945637204715,84.31703827877753,,,83.70901934446925,83.76081868850912,"rgba(239, 83, 80, 0.5)",5.057365517042724,83.6460369539256,-0.9621683339927936,51.669242031697706,-3.1831422351655476,True,False,True,False,True,0.0,0.0,0.0,0.0,0.0,0,0.8264145544719714,0.9350723670092274,False,False,False,False,-0.2568092052896593,-0.2709311244292165,False,False,False,False,9706.0,19874.3219455145,False,False,False,False,5751.545639568858,False,False,False,False
2025-04-03 17:00:00+00:00,76.93,76.93,74.265,74.3,15033.0,,,,76.8339694081159,79.83539247743357,83.47095348863076,85.64317542748987,87.14947802404987,86.96375315730837,85.01040417936001,84.40502981718896,,,,,76.91670883127777,81.1866665731965,84.59790846384425,86.27368242148408,85.11243173968217,84.71568922003529,84.22442991870831,,,83.47095348863076,83.48931154318704,"rgba(255, 0, 0, 1.0)",5.147241504739015,83.3617289664995,-1.7605020005679655,46.50537436182604,1.8416430461765785,True,False,False,True,False,0.0,0.0,0.0,0.0,0.0,0,0.8211255656108598,0.9331400829562593,False,False,False,False,-0.33852491286800457,-0.30472801864861054,False,False,False,False,-5327.0,19483.603775816602,False,False,False,False,5895.444156784844,False,False,False,False
2025-04-04 17:00:00+00:00,72.84,73.97,72.29,73.46,4206.0,,,,76.40138483478327,79.75424251865157,83.39181238850169,85.56613035802813,87.07713083557783,86.9011601921674,84.9697398334316,84.37143833792206,,,,,76.8291745865527,81.10599520739657,84.52076941729419,86.22065594942494,85.0706145196192,84.67801764057157,84.19341963761325,,,83.39181238850169,83.40344575050239,"rgba(255, 0, 0, 1.0)",5.244470478857085,83.27108429474185,-1.8707483118257473,42.157091628701586,-1.9755761338175972,True,False,False,True,False,0.0,0.0,0.0,0.0,0.0,0,0.8106818929460973,0.9454626627191127,False,False,False,False,-0.34282825441539394,-0.32377813653200227,False,False,False,False,-9533.0,19033.733949834947,False,False,False,False,5869.251224121513,False,False,False,False
2025-04-07 17:00:00+00:00,70.985,71.905,69.98,70.385,9730.0,,,,75.17196486397756,79.50522621448421,83.16968257266413,85.3563337371167,86.88309030119814,86.73259714973085,84.85704686725857,84.2773337207245,,,,70.75666666666666,76.51218377638885,80.8685250879026,84.30785896504457,86.07647019092892,84.95492497226988,84.57309375325168,84.1062351977504,,,83.16968257266413,82.3818271273349,"rgba(255, 26, 202, 1.0)",5.411974357056888,82.14725081779301,-2.1733751939263604,36.62338120580125,-6.850728129923752,False,False,False,True,False,0.0,0.0,0.0,0.0,0.0,0,0.7888148882905864,0.9523168485192007,True,False,False,False,-0.34282825441539394,-0.33330319547369813,False,False,False,False,-19263.0,18439.98613665921,False,False,False,False,5929.107794290171,True,False,False,False
2025-04-08 17:00:00+00:00,72.21,72.585,70.62,70.86,3659.0,,,,74.88300546900324,79.42127540621797,83.09208707954079,85.28213941862084,86.81397246264858,86.67245566611189,84.81690800981775,84.24383226250308,,,,70.92018161675006,76.41289549285992,80.78713781364858,84.23294801357622,86.02503249917714,84.91371495552195,84.53573587380787,84.07519760174833,,,83.09208707954079,82.32053247759714,"rgba(255, 26, 202, 1.0)",5.534314123703109,82.07827225689911,-2.027039305349868,33.912788731598624,-9.12981959012884,False,True,False,True,False,0.0,0.0,0.0,0.0,0.0,0,0.798595068596483,0.946207156663995,False,False,False,False,-0.3269936426124387,-0.3301484190430684,False,False,False,False,-15604.0,17912.17239810635,False,False,False,False,5893.912324611254,False,False,False,False
2025-04-09 17:00:00+00:00,70.945,76.09,70.8,75.625,4952.0,,,,74.81689775108691,79.34910020915468,83.01349572384987,85.20302629863535,86.73827030735266,86.6066370661146,84.77425051593634,84.20861604408985,,,,71.79807017065589,76.35598152535478,80.71142059199681,84.15480949244343,85.96924442590051,84.86984226917292,84.49624434822617,84.04268020323745,,,83.01349572384987,82.31928668395051,"rgba(239, 83, 80, 1.0)",5.545265785391222,82.06984678338108,-1.162225046157349,39.44667751120329,-9.12981959012884,True,False,False,True,True,0.0,0.0,0.0,0.0,0.0,0,0.7988922224786523,0.9332102469420722,False,False,False,False,-0.2835875979835958,-0.30686800851333207,False,False,False,False,-10652.0,17469.3170120892,False,False,False,False,5879.309032756815,False,False,False,False
2025-04-10 17:00:00+00:00,73.91,74.75,73.4,74.275,1598.0,,,,74.79723739591495,79.32609859269128,82.98834411389194,85.17766778184895,86.71397663486546,86.58549432256221,84.76051915597803,84.19727053060026,,,,71.98589640068876,76.3379835439089,80.68724494808771,84.12977773188915,85.95130813964519,84.85572153971815,84.48352782324893,84.03220067793355,,,82.98834411389194,82.31314183334209,"rgba(239, 83, 80, 1.0)",5.578516043110672,82.06141915857637,-1.3957868182869884,41.63082679361279,-16.14869032143058,True,False,False,True,True,0.0,0.0,0.0,0.0,0.0,0,0.8075664294051681,0.9366488911267252,False,False,False,False,-0.26898890695375544,-0.28792845773354375,False,False,False,False,-12250.0,17008.552407250605,False,False,False,False,5812.932148528027,False,False,False,False
2025-04-11 17:00:00+00:00,74.72,75.54,74.38,75.37,3785.0,,,,74.81655524874434,79.28230750923917,82.93570548743456,85.12322300240717,86.66114974510535,86.53952229925594,84.73104864232064,84.17304195818947,,,,72.48219826617208,76.31453722509718,80.63893841472186,84.07660567256552,85.91245875416017,84.8253912696588,84.45630180782514,84.0098554817564,,,82.93570548743456,82.31117754904088,"rgba(239, 83, 80, 1.0)",5.599113185895458,82.0548888396082,-1.193919218573376,44.44440609781735,-13.478646072313765,True,False,False,True,True,0.0,0.0,0.0,0.0,0.0,0,0.8116293988269797,0.9371792521994136,False,False,False,False,-0.24046160535907415,-0.26419503154630897,False,False,False,False,-8465.0,16613.61361023897,False,False,False,False,5781.4913400237165,False,False,False,False
2025-04-14 17:00:00+00:00,75.13,75.54,74.515,74.515,5713.0,,,,74.82011463009273,79.21420807341887,82.85517826101878,85.04020929576457,86.5806815673388,86.46938482382829,84.68580565948201,84.13575463156913,,,,72.94302436842521,76.2741260961401,80.56449633732653,83.99541035814818,85.85305456645352,84.77884617291598,84.4144591148567,83.97543648139926,,,82.85517826101878,82.28751190238617,"rgba(239, 83, 80, 1.0)",5.632128765611841,82.02423871030183,-1.3332860491668943,45.28314433641097,-12.498722006030413,True,False,False,True,True,0.0,0.0,0.0,0.0,0.0,0,0.8175696003332487,0.930017819536692,False,False,False,False,-0.2387886149684982,-0.2514918232574036,False,False,False,False,-14178.0,16136.22425194069,False,False,False,False,5780.429458783039,False,False,False,False
2025-04-15 17:00:00+00:00,73.72,73.735,73.005,73.185,6109.0,,,,74.68909644394003,79.1186054692158,82.75449797103053,84.93964137525559,86.48463614714821,86.38543524361822,84.63033409844019,84.08961326047782,,,,73.00580702938915,76.18874867466813,80.46596033254421,83.895709893841,85.78138975103245,84.72186122645257,84.36293460318228,83.93271606864506,,,82.75449797103053,82.21543672430508,"rgba(255, 0, 0, 1.0)",5.6795557552133005,81.94303174644969,-1.5420276028473945,44.30723786932176,-12.498722006030413,True,False,False,True,True,0.0,0.0,0.0,0.0,0.0,0,0.8189270951204308,0.9292196845484147,False,False,False,False,-0.2802765081098648,-0.2658841656836342,False,False,False,False,-20287.0,15571.52310074781,False,False,False,False,5785.523575701131,False,False,False,False
2025-04-16 17:00:00+00:00,73.5,73.58,72.32,73.25,4688.0,,,,74.58688457172755,79.04414424730352,82.67659130814003,84.86193964237374,86.41044241628187,86.32047734555535,84.58716814877009,84.05362848010476,,,,73.0109563221819,76.12090855651708,80.38947635369253,83.81861677050439,85.72581999209844,84.6775327954071,84.32280169405377,83.89937257923714,,,82.67659130814003,82.15667257649683,"rgba(255, 0, 0, 1.0)",5.719713828442751,81.87723127323511,-1.5083326774731245,43.759679381025194,-12.498722006030413,True,False,False,True,True,0.0,0.0,0.0,0.0,0.0,0,0.8193241401612273,0.9296884022821241,False,False,False,False,-0.2909349594573237,-0.278409562570479,False,False,False,False,-15599.0,15088.259176705209,False,False,False,False,5768.507706310416,False,False,False,False
2025-04-17 17:00:00+00:00,73.52,73.75,73.16,73.31,1827.0,,,,74.55888303789798,79.01731519927064,82.64767971284414,84.83283825893257,86.38251517659235,86.29600889506068,84.57094997296544,84.04012050376446,,,,73.02814475801019,76.0982367208288,80.36152247030984,83.78985343363327,85.70490024736385,84.660875359402,84.30773058558121,83.88685864319781,,,82.64767971284414,82.13652706097844,"rgba(239, 83, 80, 1.0)",5.750291972218953,81.85452384321249,-1.4859286944894525,43.50048617826893,-12.498722006030413,True,False,False,True,True,0.0,0.0,0.0,0.0,0.0,0,0.8262789670641286,0.9234827882760384,False,False,False,False,-0.2781270432783075,-0.27826830292439325,False,False,False,False,-13772.0,14640.8132979966,False,False,False,False,5707.399059700952,False,False,False,False
2025-04-18 17:00:00+00:00,73.31,73.31,73.31,73.31,0.0,,,,74.55888303789798,79.01731519927064,82.64767971284414,84.83283825893257,86.38251517659235,86.29600889506068,84.57094997296544,84.04012050376446,,,,73.02814475801019,76.0982367208288,80.36152247030984,83.78985343363327,85.70490024736385,84.660875359402,84.30773058558121,83.88685864319781,,,82.64767971284414,82.13652706097844,"rgba(239, 83, 80, 1.0)",5.766654573751834,81.85452384321249,-1.4817124441794591,43.32769070976475,-12.498722006030413,True,False,False,True,True,0.0,0.0,0.0,0.0,0.0,0,0.8280086812443119,0.9239224288814731,False,False,False,False,-0.28179529746291837,-0.2800318001936558,False,False,False,False,-13772.0,14200.304564694326,False,False,False,False,5618.912252573806,False,False,False,False
2025-04-21 17:00:00+00:00,72.27,72.53,71.81,72.49,3612.0,,,,74.4566295983891,78.95448560302648,82.58412370935791,84.77009040786963,86.32287665185176,86.24368921481006,84.53579316465455,84.01068844248948,,,,72.96871492274794,76.03615326664807,80.2980376723943,83.72731507715233,85.65996904865567,84.62479580053594,84.27498100619677,83.8595479809853,,,82.58412370935791,82.08299322298532,"rgba(255, 0, 0, 1.0)",5.744532247166755,81.79519785669166,-1.619835603026,41.959996656724435,-12.498722006030413,True,False,False,True,True,0.0,0.0,0.0,0.0,0.0,0,0.8277653527164293,0.9225142111639175,False,False,False,False,-0.3109031864856633,-0.29546749333965955,False,False,False,False,-17384.0,13710.62542415643,False,False,False,False,5587.79733392925,False,False,False,False
2025-04-22 17:00:00+00:00,74.1,74.48,73.36,74.48,4665.0,,,,74.43748631989557,78.89682012203674,82.51755332161753,84.70170740743289,86.25653243638222,86.18547014457285,84.49741739865715,83.97878774299785,,,,73.07417292436462,75.9965015660586,80.23587838986607,83.66029220496391,85.610256456257,84.5853678394781,84.23935801261997,83.83000786053772,,,82.51755332161753,82.04397563423368,"rgba(239, 83, 80, 1.0)",5.714779438966655,81.75053500909908,-1.272233703285972,44.95168246019601,-10.26686783409329,True,False,False,True,True,0.0,0.0,0.0,0.0,0.0,0,0.8266970747713577,0.9246933978729841,False,False,False,False,-0.2664118704176054,-0.2809396818786325,False,False,False,False,-12719.0,13300.863789673384,False,False,False,False,5573.490398519495,False,False,False,False
2025-04-23 17:00:00+00:00,73.16,73.54,72.61,73.11,2913.0,,,,74.39286998507097,78.85398183958087,82.47153481713268,84.65538134038378,86.21202152732094,86.146352322507,84.47125874230434,83.9569243633667,,,,73.0748563720243,75.95963440995841,80.19133820604402,83.6144942283483,85.57669717840402,84.55851513336812,84.21501350816006,83.80972697529289,,,82.47153481713268,82.01003755932922,"rgba(239, 83, 80, 1.0)",5.745558566688121,81.71257288866734,-1.4972561481739572,44.74142194894155,-10.147008581898099,True,False,False,True,True,0.0,0.0,0.0,0.0,0.0,0,0.8150110890626826,0.9322516633594023,False,False,False,False,-0.2877561764852123,-0.2843479291819224,False,False,False,False,-15632.0,12852.29225805054,False,False,False,False,5532.242485364154,False,False,False,False
2025-04-24 17:00:00+00:00,73.89,73.94,72.475,72.75,4677.0,,,,74.32549534125823,78.78613772522495,82.39833520316638,84.58156855115745,86.14101156200547,86.08388152350244,84.42939323692177,83.9219026413124,,,,73.0732532051282,75.9017257121909,80.12066194173812,83.54156818764645,85.5230546357742,84.51554453419845,84.17603784980695,83.77722876136653,,,82.39833520316638,81.95605003827492,"rgba(255, 0, 0, 1.0)",5.777551892789359,81.65223267799237,-1.5408312799583426,44.05508847998897,-10.147008581898099,True,False,False,True,True,0.0,0.0,0.0,0.0,0.0,0,0.8203638908327504,0.9276417074877537,False,False,False,False,-0.2843928334255204,-0.2843703813037214,False,False,False,False,-20309.0,12338.163695910222,False,False,False,False,5518.982911947656,False,False,False,False
2025-04-25 17:00:00+00:00,73.185,73.64,73.185,73.55,3810.0,,,,74.29132261779166,78.73584017424184,82.342078873973,84.52420939439263,86.08549468204072,86.03499204203591,84.39671615555636,83.89459169426904,,,,73.09701742308896,75.86267702168178,80.06734170487988,83.48515761244909,85.48109728250367,84.48199978792988,84.14563219927089,83.75189012876949,,,82.342078873973,81.91737867467967,"rgba(239, 83, 80, 1.0)",5.797199174624787,81.60879870838934,-1.3901193430896632,45.213932684702215,-9.053756208661405,True,False,False,True,True,0.0,0.0,0.0,0.0,0.0,0,0.8277183685057259,0.9256411469669725,False,False,False,False,-0.2792014613288867,-0.28178592131630403,False,False,False,False,-16499.0,11891.075886671304,False,False,False,False,5492.487052847692,False,False,False,False
2025-04-28 17:00:00+00:00,74.25,74.94,74.06,74.86,7306.0,,,,74.31441486838226,78.66265552480877,82.25000984321574,84.42723149871811,85.99005448772725,85.95085589966362,84.34119366225099,83.84840273929271,,,,73.25817423189076,75.82572681505357,79.9850054927663,83.39106239760896,85.40914698528037,84.42495980118957,84.0940921514681,83.7090919633576,,,82.25000984321574,81.86762989766717,"rgba(239, 83, 80, 1.0)",5.790580151114958,81.55177283360433,-1.1556308105528688,48.344744823058186,-5.884478615107334,True,False,False,False,True,0.0,0.0,0.0,0.0,0.0,1,0.8268876176067329,0.9258191102075553,False,False,False,False,-0.25189848966128137,-0.26684220548879267,False,False,False,False,-9193.0,11564.190989203531,False,False,False,False,5520.603532648503,False,False,False,False
2025-04-29 17:00:00+00:00,73.63,74.065,73.24,73.32,3029.0,,,,74.29254306948117,78.62518022752018,82.20717541161706,84.38322021187612,85.9472415511266,85.91305127792498,84.3158260870464,83.8271659762139,,,,73.27008852136028,75.79791273682883,79.94487968209457,83.34791015657022,85.37664230770386,84.3989250036921,84.07047378898176,83.68937445499692,,,82.20717541161706,81.83797565406468,"rgba(239, 83, 80, 1.0)",5.784610838211124,81.51858763862784,-1.4173101472048608,47.677269021990945,-5.884478615107334,True,False,False,True,True,0.0,0.0,0.0,0.0,0.0,1,0.8247636780292185,0.920318915306025,False,False,False,False,-0.27314232119802156,-0.2699922633434071,False,False,False,False,-12222.0,11195.412834332159,False,False,False,False,5481.974020514417,False,False,False,False
2025-04-30 17:00:00+00:00,72.86,74.105,72.74,74.02,3036.0,,,,74.27403579790344,78.58874722587309,82.16505524053917,84.33978577740085,85.90489899538521,85.87563326885864,84.29070710259147,83.80613265168039,,,,73.28429975102848,75.77167061862356,79.90565578253255,83.30538573219782,85.34445972198922,84.37314609078624,84.04708576631569,83.66984317110911,,,82.16505524053917,81.80915891842592,"rgba(239, 83, 80, 1.0)",5.721112569774878,81.48633557951719,-1.3050495840551146,48.51703230222758,-5.423735728440299,True,False,False,False,True,0.0,0.0,0.0,0.0,0.0,0,0.8217923580890443,0.9248720768973268,False,False,False,False,-0.2789486006301005,-0.2744704319867538,False,False,False,False,-9186.0,10879.421937675846,False,False,False,False,5444.051942676984,False,False,False,False
2025-05-01 17:00:00+00:00,74.44,74.93,74.23,74.355,1656.0,,,,74.27745966454509,78.57259189671703,82.1446118018679,84.31818210297419,85.88357756077873,85.85678365151834,84.27818578177711,83.79568833282924,,,,73.31063310102259,75.76339375106866,79.88744405912907,83.28444850782655,85.32829689448111,84.36028777221827,84.03544989897021,83.66015538647135,,,82.1446118018679,81.79732438526221,"rgba(239, 83, 80, 1.0)",5.644821199859075,81.4729178944102,-1.2609642790081461,49.69498425689691,-4.102641906410568,True,False,False,False,True,0.0,0.0,0.0,0.0,0.0,1,0.823661460572193,0.9242489372880546,False,False,False,False,-0.24990490392019016,-0.262187667953472,False,False,False,False,-7530.0,10594.004543293275,False,False,False,False,5385.32245519362,False,False,False,False
2025-05-02 17:00:00+00:00,75.115,75.115,74.65,74.77,1586.0,,,,74.28540457801904,78.55852216457635,82.12600138888669,84.29829421137026,85.86383996977065,85.83932826636733,84.26663989533272,83.78607272457967,,,,73.34169212900919,75.75768206047202,79.87121145662074,83.2652624443362,85.3133472565895,84.34842812539537,84.02472907512636,83.6512401511035,,,82.12600138888669,81.78735599359723,"rgba(239, 83, 80, 1.0)",5.520195764579311,81.46154489328835,-1.2121934037602575,51.26873223419918,-2.442752885195574,True,False,False,False,True,0.0,0.0,0.0,0.0,0.0,0,0.8230855828882132,0.9276629380344439,False,False,False,False,-0.24238407681180513,-0.25228587238263855,False,False,False,False,-5944.0,10337.601372079424,False,False,False,False,5326.418231082091,False,False,False,False
2025-05-05 17:00:00+00:00,75.14,75.14,74.235,74.235,2366.0,,,,74.29054447912435,78.53600275860873,82.09724576038215,84.2678174637735,85.83370593896979,85.81266347026633,84.24890617581616,83.7712731144284,,,,73.37671956754255,75.7464578007268,79.8457152644791,83.2357600434854,85.29046986902145,84.33021847486205,84.00824648841476,83.63750934591134,,,82.09724576038215,81.77057850098831,"rgba(239, 83, 80, 1.0)",5.390558405947201,81.44256396762901,-1.3370718624766553,51.106829559283966,-2.4172561547223665,True,False,False,False,True,0.0,0.0,0.0,0.0,0.0,0,0.828288440632927,0.9273342191085878,False,False,False,False,-0.2472290812568284,-0.24975747681973348,False,False,False,False,-8310.0,10048.491273287493,False,False,False,False,5280.52027401105,False,False,False,False
2025-05-06 17:00:00+00:00,73.435,74.18,73.41,74.09,1502.0,,,,74.28545233278994,78.51955857060433,82.07756000888254,84.24729600768755,85.81357444917765,85.79483908153546,84.23693834860528,83.76124966783672,,,,73.38615721426919,75.73570629445362,79.8277096382016,83.2157569573928,85.27513120693833,84.3179364675188,83.99710388934112,83.62819944989509,,,82.07756000888254,81.75751059907063,"rgba(239, 83, 80, 1.0)",5.183630495812488,81.42793897027047,-1.415598387307565,50.66116186099924,-2.4172561547223665,True,False,False,False,True,0.0,0.0,0.0,0.0,0.0,0,0.8171938676499129,0.9332427712012421,False,False,False,False,-0.2695539715309497,-0.25965572417534155,False,False,False,False,-9812.0,9740.57667990319,False,False,False,False,5221.93856433646,False,False,False,False
2025-05-07 17:00:00+00:00,74.67,74.7,73.84,74.09,3419.0,,,,74.28331294610031,78.48509032844652,82.03482000991474,84.20230388705708,85.76921200834035,85.75553785232808,84.210629750938,83.73923875354,,,,73.41904820290057,75.71581940859743,79.78929243581617,83.17207770686427,85.24133647325405,84.29093245369883,83.97262340248545,83.60776075019525,,,82.03482000991474,81.73056477315481,"rgba(239, 83, 80, 1.0)",5.00355856429266,81.39768972763557,-1.4604984899719329,50.36405006214276,-2.4172561547223665,True,False,False,False,True,0.0,0.0,0.0,0.0,0.0,0,0.8229436172809375,0.9223334146936782,False,False,False,False,-0.2576410482997066,-0.25864838623752406,False,False,False,False,-9812.0,9437.435956183761,False,False,False,False,5193.986028455275,False,False,False,False
2025-05-08 17:00:00+00:00,74.64,74.72,74.41,74.68,1997.0,,,,74.28852656926011,78.46704064739657,82.01131430577668,84.17723772854117,85.74433336011063,85.7334834083799,84.19592883309971,83.72695802134064,,,,73.44603533595784,75.70741367763902,79.76866034537032,83.14787173491546,85.22239309246699,84.27583916835896,83.95895500915825,83.5963616569887,,,82.01131430577668,81.71677205592256,"rgba(239, 83, 80, 1.0)",4.7543021029891035,81.38213574721985,-1.40969917393472,51.72600449236729,-1.1999516641155736,True,False,False,False,True,0.0,0.0,0.0,0.0,0.0,0,0.8224354243542438,0.9299876998769988,False,False,False,False,-0.25027855259057724,-0.2544634694140506,False,False,False,False,-7815.0,9169.956328956107,False,False,False,False,5144.420353595503,False,False,False,False
2025-05-09 17:00:00+00:00,74.43,74.835,74.43,74.6,2878.0,,,,74.29616884669649,78.44144348046653,81.97778235366154,84.14141149483689,85.7087322764939,85.70190449411385,84.17486173921394,83.70935291245932,,,,73.4834163416673,75.69571817914148,79.73931781595992,83.11330094167111,85.19525791804892,84.25421091935097,83.93936511188022,83.58001778289047,,,81.97778235366154,81.69701641303455,"rgba(255, 0, 0, 1.0)",4.498241175801472,81.3598857853928,-1.5027842041369361,52.37962713275054,-0.4045758167047495,True,False,True,False,True,0.0,0.0,0.0,0.0,0.0,1,0.8194790766572031,0.9293667448463153,False,False,False,False,-0.24859767102600355,-0.2515305702200271,False,False,False,False,-10693.0,8862.003517654462,False,False,False,False,5109.282053539759,False,False,False,False
2025-05-12 17:00:00+00:00,76.98,77.36,75.54,75.79,9703.0,,,76.22999999999999,74.43499663361942,78.39290283260378,81.89117457571498,84.04265663265681,85.60753744242798,85.6120120165206,84.11635700773239,83.66091311778027,,,,73.7493429525558,75.71444151699345,79.67313978964827,83.02047508356445,85.11854948224607,84.19405810269022,83.8852168986543,83.5351659045365,,,81.89117457571498,81.34581999940855,"rgba(239, 83, 80, 1.0)",4.238490661791085,80.83009426987674,-1.189124778617988,55.74794712599414,2.8290023476903414,True,False,True,False,True,0.0,0.0,0.0,0.0,0.0,0,0.8208194471672222,0.9212164281513429,False,False,False,False,-0.20382018987218967,-0.22767538004610838,False,False,False,False,-990.0,8709.259277070672,False,False,False,False,5180.502486818212,False,False,False,False
2025-05-13 17:00:00+00:00,75.795,76.94,75.73,76.62,6201.0,,,76.30798038229375,74.52251027511124,78.3657487945876,81.83908675012475,83.9824082117034,85.54534510192192,85.55665744538604,84.08035374468247,83.63110783256685,,,,73.90554688943809,75.73011605000198,79.6345200094994,82.96416090675844,85.07129804496266,84.15703929277261,83.85190215767264,83.50756446205774,,,81.83908675012475,81.33254978538478,"rgba(239, 83, 80, 1.0)",4.077401671087547,80.81514223149554,-1.0288763702734702,59.61566505293777,6.340471502608722,True,False,True,False,True,0.0,0.0,0.0,0.0,0.0,0,0.8228307813113469,0.9230467216332943,False,False,False,False,-0.2066278829697757,-0.21715163150794203,False,False,False,False,5211.0,8655.022699131592,False,False,False,False,5196.324153689247,False,False,False,False
2025-05-14 17:00:00+00:00,73.63,74.145,73.275,73.79,8199.0,,,75.43330913164336,74.4794296937684,78.28259964655149,81.73817971603587,83.87630439139281,85.44047849364534,85.46318494216486,84.01668673842549,83.57747508197288,,,,73.89346612456666,75.67400428337812,79.54309762384163,82.86107368801144,84.9903767873267,84.091758295944,83.79248760328403,83.45763393023154,,,81.73817971603587,81.21244389248146,"rgba(255, 0, 0, 1.0)",3.921849447657346,80.68391688922372,-1.75782293054153,54.73480279599623,8.59507404410244,True,False,True,False,False,0.0,0.0,0.0,0.0,0.0,0,0.8176178660049631,0.9249501289349487,False,False,False,False,-0.27169356929254196,-0.244422600400242,False,False,False,False,-2988.0,8474.510719300093,False,False,False,False,5242.877267585538,False,False,False,False
2025-05-15 17:00:00+00:00,74.27,74.67,74.27,74.52,1857.0,,,75.36559283513097,74.4795184490513,78.26721919056595,81.71778286880453,83.85433236934738,85.4184908049667,85.44356014428914,84.0034195509795,83.56632804428445,,,,73.9029238822159,75.66648261797059,79.52540746971823,82.83993740503048,84.97341985499305,84.07814885548116,83.78012399682146,83.44726295374466,,,81.71778286880453,81.1958794878468,"rgba(255, 0, 0, 1.0)",3.727222794086356,80.66570358270171,-1.6488693920987336,53.09392696318423,7.338324671224768,True,False,True,False,False,0.0,0.0,0.0,0.0,0.0,1,0.8158782957491564,0.9292911999217336,False,False,False,False,-0.25264658936941053,-0.24853459488482627,False,False,False,False,-1131.0,8325.58807248924,False,False,False,False,5190.383046382662,False,False,False,False
2025-05-16 17:00:00+00:00,75.34,75.535,74.925,74.94,2808.0,,,75.34292234427141,74.49142256443508,78.24813532630695,81.6898962510929,83.8235828285543,85.38736688877465,85.41576163691522,83.9847864634726,83.55072104194974,,,,73.93188901277934,75.66142398162725,79.50229475574714,82.81063734649396,84.9494574832321,84.0590254224921,83.76278759309554,83.43275475838016,,,81.6898962510929,81.17910974703649,"rgba(255, 0, 0, 1.0)",3.557287415539671,80.64719466985514,-1.6043670367830851,52.900964314513416,7.240723313457387,True,False,True,False,False,0.0,0.0,0.0,0.0,0.0,1,0.817475063563466,0.922232544494426,False,False,False,False,-0.2337774652930403,-0.24115603008893327,False,False,False,False,1677.0,8222.509187644444,False,False,False,False,5153.446875120915,False,False,False,False
2025-05-19 17:00:00+00:00,75.595,76.105,75.595,75.895,2749.0,,,75.38845940286194,74.51547727649165,78.23401228938916,81.66584458113037,83.79620561514069,85.35924003627471,85.39061823333445,83.96812216616345,83.53682107494676,,,,73.9754366822366,75.66329756663707,79.48365218666703,82.78488115102951,84.92785153225294,84.04191103427175,83.74731598185487,83.41984820059447,,,81.66584458113037,81.17052911831044,"rgba(239, 83, 80, 1.0)",3.4560924232199,80.63765907148543,-1.3722604869076078,54.688851702397045,7.240723313457387,True,False,True,False,False,0.0,0.0,0.0,0.0,0.0,1,0.8156209358820211,0.9243736657423994,False,False,False,False,-0.218504996287639,-0.22983051318828612,False,False,False,False,4426.0,8163.648580084065,False,False,False,False,5116.168628995009,False,False,False,False
2025-05-20 17:00:00+00:00,75.02,75.1,74.335,74.435,9932.0,,,75.2051200672312,74.52189541817951,78.15832383919266,81.56232667398758,83.68360092072909,85.24587822628202,85.28917035370245,83.89934163949407,83.47895683313732,,,,74.02420003485851,75.62983022656258,79.39528615004612,82.6769804721281,84.84006090062236,83.97136925400686,83.6831930253967,83.36597805102572,,,81.56232667398758,81.09597129921076,"rgba(255, 0, 0, 1.0)",3.3462523167818254,80.5556921931416,-1.8291185522519162,52.533358772312155,7.021044072320933,True,False,True,False,False,0.0,0.0,0.0,0.0,0.0,1,0.8096926713947993,0.9348157998423958,False,False,False,False,-0.2464829604702067,-0.23815673682924643,False,False,False,False,-5506.0,7951.716043958731,False,False,False,False,5190.832681258653,False,False,False,False
2025-05-21 17:00:00+00:00,74.62,74.635,73.53,73.58,4242.0,,,75.08534397729677,74.50685317191359,78.12066994670631,81.51461622010375,83.63265066294858,85.19500709812846,85.24358279808436,83.8680530290382,83.45251255773164,,,,74.0207990587648,75.60657988913356,79.35305835239097,82.62778303262466,84.80045126255567,83.93930292631958,83.65395987526938,83.34132255239533,,,81.51461622010375,81.05662037714148,"rgba(255, 26, 202, 1.0)",3.242029932169235,80.51246940675276,-2.138311351775293,49.45724970129128,4.125324381877647,True,False,False,False,False,0.0,0.0,0.0,0.0,0.0,0,0.8124984549971576,0.9361728425580303,False,False,False,False,-0.2623347988126577,-0.2502457678209521,False,False,False,False,-9748.0,7677.301841726812,False,False,False,False,5176.122097053092,False,False,False,False
2025-05-22 17:00:00+00:00,73.26,73.745,73.24,73.31,1834.0,,,75.02152821322112,74.49545376590243,78.10274945454772,81.49287256319846,83.6096994031737,85.17221811431622,85.22315019524248,83.85393228282904,83.44054768019839,,,,74.0129717300067,75.59390511053276,79.33339745852774,82.60551302585722,84.78265865941887,83.92483709460375,83.6407506657676,83.33015816963906,,,81.49287256319846,81.0374319757049,"rgba(255, 26, 202, 1.0)",3.075703805781871,80.49139264278492,-2.334877834882849,46.90185580085026,1.7541960878269194,False,False,False,True,False,0.0,0.0,0.0,0.0,0.0,0,0.8025045722414146,0.9545824019508232,False,False,False,False,-0.2766032320731681,-0.2634244999470601,False,False,False,False,-11582.0,7378.7080147232955,False,False,False,False,5124.306250587152,False,False,False,False
2025-05-23 17:00:00+00:00,73.31,73.72,73.14,73.22,1962.0,,,74.9556539764652,74.48271963218707,78.08343745524957,81.46953484806384,83.5850882932101,85.14778795602714,85.20123728325275,83.83876466917823,83.42768790755645,,,,74.00382079761904,75.58006423191698,79.3122547486195,82.58162265400048,84.76356602718593,83.90930028997542,83.62655835715621,83.31815613856934,,,81.46953484806384,81.01689736860195,"rgba(255, 26, 202, 1.0)",2.911648758950105,80.46883622382491,-2.489598445397214,45.017993847170615,-0.017443293874030985,False,False,False,True,False,0.0,0.0,0.0,0.0,0.0,0,0.8089516294322613,0.9510914121746262,False,False,False,False,-0.2781963051814921,-0.2708104025642761,False,False,False,False,-13544.0,7054.324944727585,False,False,False,False,5075.278246702081,False,False,False,False
2025-05-26 17:00:00+00:00,73.22,73.22,73.22,73.22,0.0,,,74.9556539764652,74.48271963218707,78.08343745524957,81.46953484806384,83.5850882932101,85.14778795602714,85.20123728325275,83.83876466917823,83.42768790755645,,,,74.00382079761904,75.58006423191698,79.3122547486195,82.58162265400048,84.76356602718593,83.90930028997542,83.62655835715621,83.31815613856934,,,81.46953484806384,81.01689736860195,"rgba(255, 26, 202, 1.0)",2.7044936629567418,80.46883622382491,-2.6802932922756324,43.762085878050854,-1.2745205343736643,False,True,False,True,False,0.0,0.0,0.0,0.0,0.0,0,0.8106345687922062,0.9527295221403167,False,False,False,False,-0.28355918095657656,-0.2771847917604263,False,False,False,False,-13544.0,6734.971069615529,False,False,False,False,4996.591762257087,False,False,False,False
2025-05-27 17:00:00+00:00,74.89,75.0,74.395,74.49,4303.0,,,74.92946954204622,74.48621523186814,78.05285521171453,81.42674955997754,83.53816785567909,85.10028781358359,85.15857826254782,83.80966039308011,83.40313748692408,,,,74.02244326174784,75.56730502209979,79.27617504919846,82.53680421176061,84.72654780639208,83.87946254554745,83.59939743426061,83.29527430196033,,,81.42674955997754,80.98873711708167,"rgba(255, 26, 202, 1.0)",2.493713931302342,80.43794297555618,-2.385174538624755,46.6010705932148,-1.2745205343736643,False,False,False,True,True,0.0,0.0,0.0,0.0,0.0,0,0.8084231496143436,0.9492261327067477,False,False,False,False,-0.2461447631972651,-0.2616647774788457,False,False,False,False,-9241.0,6487.2815956680015,False,False,False,False,4985.838401601938,False,False,False,False
2025-05-28 17:00:00+00:00,73.835,73.93,72.69,72.705,1700.0,,,74.87367693878777,74.47327000908186,78.03562486419781,81.40624697769526,83.51662672668299,85.07893303018527,85.13940048306237,83.79631749375292,83.39180238733658,,,,74.01179973470863,75.55434974958779,79.25746200399058,82.51586004862637,84.70980714713542,83.8657990974568,83.58690154427076,83.28468786627275,,,81.40624697769526,80.97050388840186,"rgba(255, 26, 202, 1.0)",2.3419963436935793,79.74557895255884,-3.0062296943876086,44.505026545346894,-1.2745205343736643,False,False,False,True,True,0.0,0.0,0.0,0.0,0.0,0,0.8021849295882251,0.955231862283226,False,False,False,False,-0.27315602793512106,-0.26741040270698335,False,False,False,False,-10941.0,6217.075679456094,False,False,False,False,4934.89517056935,False,False,False,False
2025-05-29 17:00:00+00:00,73.8,73.92,73.61,73.785,2867.0,,,74.81953667369238,74.46232689929313,78.01071240456834,81.37464382760615,83.48280157114952,85.04507674719449,85.1089712482058,83.77528221186827,83.37397196900099,,,,74.0071751528179,75.53864958708995,79.22953572128245,82.48322409379661,84.6832915527664,83.84425051340054,83.56722469287561,83.26804444030833,,,81.37464382760615,80.94557172393628,"rgba(255, 26, 202, 1.0)",2.2840251473821604,79.74559564675191,-2.6096891505698436,45.78954775091357,-1.2745205343736643,False,False,False,True,True,0.0,0.0,0.0,0.0,0.0,0,0.8058103975535172,0.9479863162805163,False,False,False,False,-0.2600760104276547,-0.26374320656731903,False,False,False,False,-8074.0,5995.508614658325,False,False,False,False,4902.834780327965,False,False,False,False
2025-05-30 17:00:00+00:00,73.44,73.87,73.42,73.655,2351.0,,,74.77418022885506,74.45204731465816,77.98991178558389,81.34850593303224,83.45488891477777,85.01716273018381,85.08386980938192,83.75788674900028,83.3592127345891,,,,74.00159631708999,75.52509568874545,79.2063341673445,82.45626684706671,84.6613992701781,83.82643323420227,83.55094562174104,83.25426319030832,,,81.34850593303224,80.9247059139258,"rgba(255, 26, 202, 1.0)",2.2454971519598264,79.72644407333333,-2.703830671989179,46.35692739678346,-1.2745205343736643,False,False,False,True,True,0.0,0.0,0.0,0.0,0.0,0,0.8052532930702351,0.9479616806372677,False,False,False,False,-0.2635170733947204,-0.2636301399810197,False,False,False,False,-10425.0,5740.927085748894,False,False,False,False,4863.2714504004,False,False,False,False
2025-06-02 17:00:00+00:00,73.6,74.03,73.45,73.805,3783.0,,,74.71478684364224,74.43829770954859,77.9577176089831,81.30743019756687,83.41082092413157,84.97297703868972,85.04410704372317,83.73033316161994,83.33583349377741,,,,73.99574063680076,75.50498210565351,79.17015579908067,82.41378722697141,84.6267147479169,83.79821154340296,83.52516131304444,83.2324310995517,,,81.30743019756687,80.89291108788852,"rgba(255, 26, 202, 1.0)",2.20162706008805,79.69765864049387,-2.676501732431558,47.1332089174792,-1.2745205343736643,False,False,False,True,True,0.0,0.0,0.0,0.0,0.0,0,0.8065982289789206,0.9457983961549514,False,False,False,False,-0.26079239942687166,-0.2622112697039457,False,False,False,False,-6642.0,5548.943720078368,False,False,False,False,4846.5230558205485,False,False,False,False
2025-06-03 17:00:00+00:00,74.37,74.37,73.335,73.455,4709.0,,,74.64709246146434,74.42092117588032,77.9179302843972,81.25663829431338,83.35628819817887,84.91825531991066,84.99481832340477,83.69610404741383,83.30676419249014,,,,73.9876106620417,75.47999390566562,79.1254461249547,82.36123403191952,84.58368296844932,83.76315719232106,83.49311852458953,83.20527592340888,,,81.25663829431338,80.8537842135767,"rgba(255, 26, 202, 1.0)",2.137980045668322,79.65859589911328,-2.9016154344761755,46.736539694156576,-1.2745205343736643,False,False,False,True,True,0.0,0.0,0.0,0.0,0.0,0,0.8008161983989959,0.9497200858054726,False,False,False,False,-0.24967330273349553,-0.2559422862187206,False,False,False,False,-11351.0,5286.929088759323,False,False,False,False,4844.39091542023,False,False,False,False
2025-06-04 17:00:00+00:00,74.875,74.965,74.46,74.62,2348.0,,,74.64822708764278,74.42402886559563,77.9028504134418,81.23476491624294,83.33201652509793,84.89349449078526,84.97248451069855,83.68076086922376,83.29378263114955,,,,73.9976664033913,75.47446001586334,79.1073434944539,82.3381565069005,84.56424124088466,83.7474342997367,83.4787839323722,83.19316056422088,,,81.23476491624294,80.84021510398243,"rgba(255, 26, 202, 1.0)",2.0993602135666363,79.65320858348213,-2.397496413886554,49.61094931017486,-4.698113659147815,True,False,False,False,True,0.0,0.0,0.0,0.0,0.0,0,0.8094924366204609,0.9388077794760974,False,False,False,False,-0.22300094834136835,-0.23947161728004449,False,False,False,False,-9003.0,5065.379800561504,False,False,False,False,4805.687180297436,False,False,False,False
2025-06-05 17:00:00+00:00,75.57,75.825,75.4,75.6,2083.0,,,74.67538821963574,74.43641989974283,77.89340448526265,81.21820849944108,83.31289211147055,84.87361251143619,84.95452901032164,83.66859013555955,83.2835345191996,,,,74.01810589076258,75.47527823991345,79.09474383265078,82.32026318140802,84.54866881726532,83.73495252328925,83.46744160131541,83.18360838756072,,,81.21820849944108,80.83292010977856,"rgba(255, 26, 202, 1.0)",2.0163249840840862,79.65799728290597,-2.0125710463034876,53.633081401686425,-0.8576697350131468,True,False,True,False,True,0.0,0.0,0.0,0.0,0.0,0,0.8089160241058979,0.934840390536593,False,False,False,False,-0.19196870177759964,-0.21572015952882206,False,False,False,False,-6920.0,4879.559958692334,False,False,False,False,4763.474975951739,False,False,False,False
2025-06-06 17:00:00+00:00,74.855,75.2,74.63,74.815,1671.0,,,74.67996567156248,74.44012587231458,77.88349101290771,81.20328575119738,83.29617813589716,84.85647838138213,84.93905860647287,83.6579753390498,83.2745566492645,,,,74.02680842103148,75.47238193957797,79.08260861571063,82.30443101805625,84.53520338737212,83.7240743073341,83.45752717452646,83.17522952679485,,,81.20328575119738,80.82408116532075,"rgba(255, 26, 202, 1.0)",1.974504948789201,79.65340898583736,-2.450441559442205,53.9891136639931,-0.4738910805903629,True,False,True,False,True,0.0,0.0,0.0,0.0,0.0,0,0.8084809192494204,0.9342188488298545,False,False,False,False,-0.21270281337256203,-0.21421148645069205,False,False,False,False,-8591.0,4670.714067859894,False,False,False,False,4715.529627487371,False,False,False,False
2025-06-09 17:00:00+00:00,75.68,76.12,75.68,75.815,5098.0,,,74.75552900082917,74.47557764208489,77.86348859357608,81.16525194397765,83.251544566559,84.80971798193542,84.89676990868435,83.62938415309479,83.25050146812923,,,,74.08183692872981,75.47823833307439,79.05463785871815,82.26292994280792,84.49854230131784,83.69474819951517,83.43089607991932,83.15280990668106,,,81.16525194397765,80.80896498880202,"rgba(255, 0, 0, 1.0)",1.9550383627950252,79.66079256521698,-1.967118721761979,56.33265818555804,1.8315768695557253,True,False,True,False,True,0.0,0.0,0.0,0.0,0.0,0,0.810358901440346,0.9286410195644733,False,False,False,False,-0.17888178169523358,-0.1965466340729628,False,False,False,False,-3493.0,4544.144857505477,False,False,False,False,4721.459400704621,False,False,False,False
2025-06-10 17:00:00+00:00,76.75,76.92,76.375,76.845,4555.0,,,74.86049985286327,74.52402058817938,77.85336122779444,81.13705596836108,83.21661326765,84.77224363234342,84.86281049211192,83.60676768688386,83.23157687854778,,,,74.15014833663876,75.49421484685237,79.03655566614162,82.23112347547746,84.46921784360178,83.6715295576921,83.40989100048348,83.13519651160661,,,81.13705596836108,80.80369569607232,"rgba(239, 83, 80, 1.0)",1.9273874863459024,79.67804785506434,-1.469890136329285,59.70293286902704,5.020498331609851,True,False,True,False,True,0.0,0.0,0.0,0.0,0.0,0,0.8135459425323652,0.9225344700557835,False,False,False,False,-0.1534162004767777,-0.17498141727487027,False,False,False,False,1062.0,4490.158115528648,False,False,False,False,4718.878634802223,False,False,False,False
2025-06-11 17:00:00+00:00,77.355,77.615,76.08,76.31,5318.0,,76.66833333333334,74.96699967505971,74.57688043696596,77.84130290998961,81.10425522003658,83.17602108110613,84.72868672800827,84.82330052488679,83.58037807127708,83.20946885525774,,,,74.22422325290674,75.51168286935365,79.01539266740043,82.19414829443078,84.43506256502467,83.64444220472143,83.38536932033865,83.11461100925327,,,81.10425522003658,80.56669772329727,"rgba(255, 0, 0, 1.0)",1.8925592520507195,79.20407928326314,-1.5291882038182967,60.28443317368848,5.615079925596319,True,False,True,False,True,0.0,0.0,0.0,0.0,0.0,0,0.8172105723602242,0.9162005249065507,False,False,False,False,-0.14704216895677205,-0.16101179311582114,False,False,False,False,-4256.0,4354.5587649002955,False,False,False,False,4728.167338138623,False,False,False,False
2025-06-12 17:00:00+00:00,76.44,77.19,76.41,76.805,4381.0,,76.72855947348523,75.0519160662342,74.62116167903164,77.83266041563093,81.07839472060755,83.14363456975398,84.69374225164428,84.79156456997748,83.5592049436584,83.19173668346022,,,,74.28520485111638,75.52730177264586,78.99921491911405,82.16478129112514,84.40762831861069,83.62270789425287,83.36570016643729,83.09809948028222,,,81.07839472060755,80.56462300372601,"rgba(239, 83, 80, 1.0)",1.857667669733052,79.21712581753553,-1.2984700422127435,61.60489019997491,6.998637404345814,True,False,True,False,True,0.0,0.0,0.0,0.0,0.0,0,0.8215532169974693,0.9131477287864657,False,False,False,False,-0.148554908749771,-0.15478335093279608,False,False,False,False,125.0,4288.984210405717,False,False,False,False,4722.784898787636,False,False,False,False
2025-06-13 17:00:00+00:00,76.455,76.5,75.34,76.085,3148.0,,76.54390895410083,75.08162781265548,74.64025109103478,77.82162981888278,81.05644868371027,83.11755843392015,84.66621198656051,84.76657166565961,83.54222110854467,83.17741505347058,,,,74.31345260158068,75.53116322812208,78.98341722338932,82.14065383323184,84.38590733106842,83.60529318338709,83.34986833300896,83.08473751410263,,,81.05644868371027,80.5449076586906,"rgba(255, 0, 0, 1.0)",1.7924810099890678,79.20083780629695,-1.738282184822675,60.211606778767006,6.998637404345814,True,False,True,False,True,0.0,0.0,0.0,0.0,0.0,0,0.8165733839093878,0.9142152311732407,False,False,False,False,-0.1767104345378144,-0.16574689273530524,False,False,False,False,-3023.0,4175.620114120357,False,False,False,False,4698.36962903899,False,False,False,False
2025-06-16 17:00:00+00:00,75.9,76.065,74.465,74.54,4381.0,,76.15723366999458,75.079128491693,74.64762362355766,77.79869523666986,81.02055766635075,83.07678966195031,84.6240231525959,84.72828485119746,83.51575465404942,83.15495724346442,,,,74.32959194793871,75.5251398451199,78.95483617098974,82.10225290081307,84.35246501395962,83.57818278637932,83.3251194445933,83.06374723112233,,,81.02055766635075,80.50191019957997,"rgba(255, 26, 202, 1.0)",1.7870563772572354,79.1545529294757,-2.582208926479468,55.37770757196511,10.146610481600064,True,False,True,False,False,0.0,0.0,0.0,0.0,0.0,0,0.8254176834991556,0.9160610367668748,False,False,False,False,-0.19784618384690075,-0.18179653829110298,False,False,False,False,-7404.0,3996.091120102987,False,False,False,False,4693.449169674043,False,False,False,False
2025-06-17 17:00:00+00:00,73.865,73.865,72.6,72.82,6198.0,,75.34703456273655,74.96566184724873,74.606470512349,77.7447804523366,80.95441032070067,83.00616516229249,84.55310101997607,84.66396887305885,83.47015246660622,83.1159111245262,,,,74.2911191891158,75.48503427779211,78.89560835848773,82.03402005623033,84.29586312742131,83.53154002426366,83.28228156025253,83.02715999334403,,,80.95441032070067,80.40390460715216,"rgba(255, 26, 202, 1.0)",1.80323532314307,78.31093300468163,-3.0450451664349867,49.054340640090984,4.423516077431373,False,False,False,True,False,0.0,0.0,0.0,0.0,0.0,0,0.820839440373085,0.9077415056628915,False,False,False,False,-0.26465060056395623,-0.2232235694275296,False,False,False,False,-13602.0,3723.2524980858866,False,False,False,False,4716.775539136461,False,False,False,False
2025-06-18 17:00:00+00:00,74.54,74.54,73.64,73.995,4180.0,,75.15190411504744,74.93196782189212,74.59684429328874,77.71650190336193,80.91581170338316,82.96367170123725,84.50974106966356,84.62457200998409,83.44245723842295,83.0922637359251,,,,74.28632761128128,75.46932978089336,78.86285805259644,81.99348033046238,84.26126600080362,83.50319925661377,83.25630604708086,83.00501499087265,,,80.91581170338316,80.36575098126725,"rgba(255, 26, 202, 1.0)",1.773366506328015,78.29389036350818,-2.4241409478346285,47.70569310776719,3.379140698577814,False,True,False,True,False,0.0,0.0,0.0,0.0,0.0,0,0.8190978886756242,0.9073096609085091,False,False,False,False,-0.23621687834265775,-0.22972022388509367,False,False,False,False,-9422.0,3519.4501337744773,False,False,False,False,4708.4534377545,False,False,False,False
2025-06-19 17:00:00+00:00,73.995,73.995,73.995,73.995,0.0,,75.15190411504744,74.93196782189212,74.59684429328874,77.71650190336193,80.91581170338316,82.96367170123725,84.50974106966356,84.62457200998409,83.44245723842295,83.0922637359251,,,,74.28632761128128,75.46932978089336,78.86285805259644,81.99348033046238,84.26126600080362,83.50319925661377,83.25630604708086,83.00501499087265,,,80.91581170338316,80.36575098126725,"rgba(255, 26, 202, 1.0)",1.7450337563528897,78.29389036350818,-2.4634998307957283,46.80659475288466,2.5377484537720676,False,True,False,True,False,0.0,0.0,0.0,0.0,0.0,0,0.8188885920384721,0.9097248196633714,False,False,False,False,-0.23934777775698018,-0.23453400082103693,False,False,False,False,-9422.0,3318.8074960415397,False,False,False,False,4635.454159649778,False,False,False,False
2025-06-20 17:00:00+00:00,73.795,73.795,72.97,73.155,5775.0,,74.83267322728497,74.85265033464033,74.56628239941261,77.67025648219439,80.85742206908957,82.90072364955675,84.44615574032306,84.5667832284585,83.40141767867662,83.05709388985902,,,,74.25923846096143,75.43693308587149,78.81136791630294,81.93290304876727,84.21035705893618,83.46122804829227,83.21774543542936,82.97204380149289,,,80.85742206908957,80.3029597530861,"rgba(255, 26, 202, 1.0)",1.7194377616582934,78.21850502929978,-2.944860897097161,44.57145147003942,0.33380526162499535,False,True,False,True,False,0.0,0.0,0.0,0.0,0.0,0,0.8138487521110909,0.9122054526445593,False,False,False,False,-0.25964772244757034,-0.24709086163430363,False,False,False,False,-15197.0,3031.7407131571745,False,False,False,False,4653.12153701955,False,False,False,False
2025-06-23 17:00:00+00:00,74.24,75.71,74.24,75.69,6181.0,,74.89214595655764,74.87055456952329,74.58228175063539,77.6429857201604,80.8114442731123,82.84746304099038,84.39040755896724,84.5159451491894,83.36608666301794,83.02703680765175,,,,74.28666375234464,75.43340465157839,78.77603068408786,81.88312153784507,84.16582750195445,83.42505045301026,83.18467994091125,82.94391470733426,,,80.8114442731123,80.28028026215955,"rgba(239, 83, 80, 1.0)",1.6979991351774386,78.23450207164332,-1.4985296629008147,48.475454323927536,0.33380526162499535,False,True,False,False,True,0.0,0.0,0.0,0.0,0.0,0,0.8146982599037399,0.9021261966467445,False,False,False,False,-0.20725892920038852,-0.2271748954173461,False,False,False,False,-9016.0,2844.9540354338073,False,False,False,False,4676.809575205292,False,False,False,False
2025-06-24 17:00:00+00:00,75.65,75.65,74.71,74.745,8521.0,,74.9174617501681,74.88108719563833,74.59720510390271,77.60368073365287,80.74729426594259,82.77355041536303,84.31317673209023,84.44543384017042,83.31682244972028,82.98503929318517,,,,74.31518777221604,75.4249222170028,78.72605604590278,81.81388794235366,84.10394921242892,83.37462210041191,83.13853206047482,82.90458237422435,,,80.74729426594259,80.24347175026939,"rgba(255, 26, 202, 1.0)",1.6908355922443397,78.22513390553503,-2.058233172697561,49.16881654830752,0.33380526162499535,False,True,False,False,True,0.0,0.0,0.0,0.0,0.0,0,0.8193659180977548,0.9043328929986789,False,False,False,False,-0.20060143705870764,-0.21388816623802687,False,False,False,False,-17537.0,2528.9547480627407,False,False,False,False,4736.409426752497,False,False,False,False
2025-06-25 17:00:00+00:00,74.68,74.76,73.835,73.88,7764.0,,74.81192567789375,74.84123363541237,74.58440778840652,77.55700972164549,80.68128946276241,82.6999188372805,84.23736407743496,84.37619304601571,83.26774126783515,82.94297774432083,,,,74.30992301263068,75.40081859404872,78.6711274034515,81.74401085973422,84.04291387249181,83.32442376599873,83.09243670799597,82.86512882106632,,,80.68128946276241,80.19171357202364,"rgba(255, 26, 202, 1.0)",1.6913390265416834,78.17292785369159,-2.538182934541181,48.03253999558605,0.33380526162499535,False,True,False,True,True,0.0,0.0,0.0,0.0,0.0,0,0.8193959589548296,0.9051623823124935,False,False,False,False,-0.229394026221047,-0.22164109622953693,False,False,False,False,-25301.0,2097.482581426109,False,False,False,False,4783.3488154850165,False,False,False,False
2025-06-26 17:00:00+00:00,74.65,74.65,73.72,74.265,3079.0,,74.78056095781147,74.82776113593872,74.58014671156688,77.53913446759671,80.65568947023013,82.67124599058772,84.20776873849518,84.34913336578543,83.24853542742318,82.92650862865527,,,,74.30863231709571,75.39191135984534,78.64996137223497,81.71684376402015,84.01904528110856,83.30478247102498,83.07439561594785,82.84967620111433,,,80.65568947023013,80.17231851536015,"rgba(255, 26, 202, 1.0)",1.6834249595972077,78.15411100486833,-2.310237223641303,48.09483165992963,0.33380526162499535,False,True,False,False,True,0.0,0.0,0.0,0.0,0.0,0,0.8222233969445477,0.9027858539937622,False,False,False,False,-0.23309051914132173,-0.22736580768542933,False,False,False,False,-22222.0,1720.4363398536111,False,False,False,False,4756.924802841838,False,False,False,False
2025-06-27 17:00:00+00:00,73.275,73.49,72.535,73.09,9532.0,,74.53797552270491,74.71657873409248,74.52744629516741,77.4658941128268,80.56350628531578,82.57155257737782,84.10661930806951,84.25667662429207,83.18193761444785,82.86910323569661,,,,74.2589923036768,75.33857140309706,78.56869977743848,81.62101183173758,83.93712885011564,83.236732697663,83.01167257089939,82.79573498268603,,,80.56350628531578,80.08699081818364,"rgba(255, 26, 202, 1.0)",1.6828441363916187,78.0479194613186,-2.9461548779849847,45.97112172316039,0.33380526162499535,False,True,False,True,False,0.0,0.0,0.0,0.0,0.0,0,0.8135415023918421,0.906718183251853,False,False,False,False,-0.27201172097797877,-0.24968876433170406,False,False,False,False,-31754.0,1201.4528307085939,False,False,False,False,4830.956976441189,False,False,False,False
2025-06-30 17:00:00+00:00,72.86,73.78,72.47,73.34,3008.0,,74.48151990690211,74.68735059018076,74.51324516871365,77.44408292896128,80.53547990043813,82.5410348224087,84.07553010825013,84.22822050021838,83.16142664113579,82.8514155375782,,,73.19666666666667,74.24605169802457,75.32336161873218,78.54426272294164,81.5917578979855,83.9119035641328,83.21577568750998,82.9923532229409,82.77910995584347,,,80.53547990043813,79.70108153366131,"rgba(255, 26, 202, 1.0)",1.6620860305571545,77.33473294969842,-2.4034453549671713,45.16211788569976,0.09954511224628249,False,True,False,True,False,0.0,0.0,0.0,0.0,0.0,0,0.8113448887960744,0.9054766628380495,False,False,False,False,-0.2682439638414903,-0.2589663640865972,False,False,False,False,-28746.0,737.151236434042,False,False,False,False,4802.694077581636,False,False,False,False
2025-07-01 17:00:00+00:00,75.88,76.02,75.49,75.775,6468.0,,74.5877635135713,74.7300095566101,74.54124899137379,77.42580147928876,80.4967447549465,82.49391120164701,84.02489768039361,84.18163797596199,83.1288862917335,82.82364692982853,,,74.94744969748136,74.28473725542814,75.32995351499495,78.51730860394285,81.54854783842927,83.87095036793788,83.1824686674892,82.96187852889217,82.75307301260227,,,80.4967447549465,79.78057451908175,"rgba(239, 83, 80, 1.0)",1.6170490919468186,77.45691452996883,-1.0401134624452926,49.42156914827628,0.09954511224628249,False,True,False,False,True,0.0,0.0,0.0,0.0,0.0,0,0.8178971611934895,0.906063193851409,False,False,False,False,-0.18201928606475207,-0.22049282507567464,False,False,False,False,-22278.0,380.32718625676995,False,False,False,False,4828.512774053238,False,False,False,False
2025-07-02 17:00:00+00:00,77.06,77.285,76.72,77.285,4269.0,,74.71805690384373,74.7904509306564,74.57853032710787,77.42345777106857,80.47863280679712,82.46926274295433,83.9971605082416,84.1560027972411,83.11142890683557,82.80888021688988,,,75.61496568449134,74.33132428562006,75.34731817839952,78.50828358804942,81.52687629044277,83.84855804441592,83.16457352802404,82.94560831543116,82.73925499966802,,,80.47863280679712,79.81887509611467,#000000,1.6111390911933816,77.52703620764768,-0.1502267612837874,54.378633056414046,-0.9543074281675885,True,False,True,False,True,0.7595535483652149,0.0,0.0,0.0,0.0,0,0.8187603050288544,0.9021537510305027,False,False,False,False,-0.1421104671290242,-0.18130164610234942,False,False,False,False,-18009.0,95.22133840782777,False,False,False,False,4819.838157401249,False,False,False,False
2025-07-03 17:00:00+00:00,76.4,76.4,76.18,76.205,0.0,,74.71805690384373,74.7904509306564,74.57853032710787,77.42345777106857,80.47863280679712,82.46926274295433,83.9971605082416,84.1560027972411,83.11142890683557,82.80888021688988,,,75.61496568449134,74.33132428562006,75.34731817839952,78.50828358804942,81.52687629044277,83.84855804441592,83.16457352802404,82.94560831543116,82.73925499966802,,,80.47863280679712,79.81887509611467,"rgba(239, 83, 80, 0.5)",1.5983795087695283,77.52703620764768,-0.8271103329305194,55.36115578678692,-0.07092625407793207,True,False,True,False,True,0.0,0.0,0.0,0.0,0.0,0,0.8098787957774018,0.907598071158608,False,False,False,False,-0.16484102299909056,-0.17307133455072,False,False,False,False,-18009.0,-185.46426373803,False,False,False,False,4745.111984418284,False,False,False,False
2025-07-04 17:00:00+00:00,76.205,76.205,76.205,76.205,0.0,,74.71805690384373,74.7904509306564,74.57853032710787,77.42345777106857,80.47863280679712,82.46926274295433,83.9971605082416,84.1560027972411,83.11142890683557,82.80888021688988,,,75.61496568449134,74.33132428562006,75.34731817839952,78.50828358804942,81.52687629044277,83.84855804441592,83.16457352802404,82.94560831543116,82.73925499966802,,,80.47863280679712,79.81887509611467,"rgba(239, 83, 80, 0.5)",1.5976350286235428,77.52703620764768,-0.827495757142166,56.01617094036883,0.6724200697591343,True,False,True,False,True,0.0,0.0,0.0,0.0,0.0,0,0.8163179365706019,0.9030925121726544,False,False,False,False,-0.1675635922105607,-0.17031746338064035,False,False,False,False,-18009.0,-461.79815112193654,False,False,False,False,4671.544356752884,False,False,False,False
2025-07-07 17:00:00+00:00,74.825,74.825,74.49,74.495,1825.0,,74.71556522825723,74.7884300787653,74.57868406126886,77.41489893597854,80.46528361050733,82.45393573548952,83.98111045628764,84.14124952116113,83.10091572586632,82.7998453046696,,,75.49638963819311,74.33323728817915,75.34420517117914,78.49770719213235,81.51249795456228,83.83551206475151,83.15382509695254,82.93572697096492,82.73076719938148,,,80.46528361050733,79.80419932813409,"rgba(255, 0, 0, 1.0)",1.5577300793142121,77.51335284251407,-1.9376610123898272,53.04385436086064,0.6724200697591343,False,False,True,False,False,0.0,0.0,0.0,0.0,0.0,0,0.8278851849857294,0.8952286068178147,False,False,False,False,-0.21760601533803234,-0.19396173935933636,False,False,False,False,-19834.0,-762.1423658332244,False,False,False,False,4627.411886105552,False,False,False,False
2025-07-08 17:00:00+00:00,75.465,75.96,75.26,75.675,3518.0,,74.75237838774281,74.80562711713748,74.59111666185615,77.4045271413054,80.44420546873195,82.42840631684648,83.95370125630642,84.11599065049154,83.0831665396784,82.78466301141908,,,75.52132177284157,74.35060470798767,75.34650523450063,78.48282126369156,81.48904936097162,83.81325694584206,83.13566433563233,82.91908754434415,82.71651925606483,,,80.44420546873195,79.79676910386274,"rgba(239, 83, 80, 1.0)",1.5095165146855365,77.51635753372648,-1.2198326522516205,53.20738517200587,0.6724200697591343,True,False,True,False,False,0.0,0.0,0.0,0.0,0.0,0,0.8130693809943635,0.8903315433731399,False,False,False,False,-0.18669302317630526,-0.1903273812678208,False,False,False,False,-16316.0,-1003.2874454327093,False,False,False,False,4610.211701824846,False,False,False,False
2025-07-09 17:00:00+00:00,75.805,75.96,75.28,75.73,2045.0,,74.77301962994794,74.81559798945071,74.59838008842135,77.39863756073233,80.43210031293702,82.41370804967846,83.93789855841844,84.10141962611914,83.07292220715003,82.77589786591109,,,75.53441883941387,74.36068132000801,75.34794115405396,78.47431423792547,81.47556233707397,83.80041489847117,83.12518283711223,82.90948296913294,82.70829236812946,,,80.43210031293702,79.79241436053091,"rgba(239, 83, 80, 1.0)",1.4921762992717613,77.5178919865564,-1.1981774455397542,53.414576736234395,0.6724200697591343,True,False,True,False,False,0.0,0.0,0.0,0.0,0.0,0,0.8182889275672788,0.8900789931717769,False,False,False,False,-0.18637043975970796,-0.1883489105137644,False,False,False,False,-14271.0,-1208.988415270962,False,False,False,False,4570.4409777655455,False,False,False,False
2025-07-10 17:00:00+00:00,78.07,78.48,77.675,77.92,2429.0,78.02499999999999,74.85886032022023,74.85964736073831,74.6259011832963,77.40113447021604,80.42489282165832,82.40242260792546,83.92455223667932,84.089013140899,83.06466495861295,82.76896891158523,,,75.79117215573098,74.39395619616582,75.36258155035165,78.47271351472386,81.46611078846958,83.7896345796463,83.11670709772143,82.90182227928653,82.7018190832357,,78.02499999999999,80.42489282165832,79.72207876285816,#000000,1.5143520809988298,77.1864989281155,0.4843662719443055,56.956122690966346,2.1046258835871328,True,False,True,False,True,1.8677394211084284,-1.0,78.48,77.675,0.0,0,0.8231744597145065,0.8860416279007949,False,False,False,False,-0.10808179203386402,-0.14821535127381422,False,False,False,False,-11842.0,-1373.8413080574587,False,True,False,False,4537.240342451351,False,True,False,False
2025-07-11 17:00:00+00:00,75.885,76.34,75.815,75.82,1838.0,77.14914655105069,74.8810438108632,74.87128326799504,74.63415134584416,77.39689567738115,80.41487104004318,82.38997273622823,83.911026241869,84.07652231178191,83.05592102153848,82.76149775515707,,,75.80568038057743,74.40485968058537,75.36517411038938,78.46604314617478,81.4547875176539,83.77863604378028,83.10775857407525,82.89363122136682,82.69480824680102,,77.14914655105069,80.41487104004318,79.6756855340578,"rgba(239, 83, 80, 0.5)",1.5163345057518127,77.13566104388067,-0.8676588436720721,55.20562873532302,2.1046258835871328,True,False,True,False,True,0.0,0.0,0.0,0.0,0.0,0,0.811768461374761,0.8966003404979783,False,False,False,False,-0.17165207847809358,-0.1599337148759539,False,False,False,False,-13680.0,-1564.6344660720717,False,False,False,False,4495.391654971485,False,False,False,False
2025-07-14 17:00:00+00:00,75.405,75.55,75.225,75.31,7246.0,76.02415052549291,74.91548946299518,74.89038107087893,74.65107367411841,77.37304864132966,80.37023440757186,82.3365720576141,83.85394217260189,84.02384441122474,83.0186036226888,82.72947768523542,,,75.70712854050521,74.42992737876575,75.36511803611208,78.43348473685911,81.40550447744315,83.73209310110711,83.0695945184224,82.85859732139015,82.66472704633156,,76.02415052549291,80.37023440757186,79.59264964443442,"rgba(239, 83, 80, 1.0)",1.493645648848677,77.05404071855526,-1.1676402096438239,53.177010977936824,2.1046258835871328,True,False,True,False,False,0.0,0.0,0.0,0.0,0.0,0,0.8068959961330867,0.9083756277021404,False,False,False,False,-0.193880576307923,-0.17690714559193843,False,False,False,False,-20926.0,-1864.8106759004118,False,False,False,False,4538.036745592082,False,False,False,False
2025-07-15 17:00:00+00:00,74.985,75.07,73.685,73.685,4292.0,75.51430169777497,74.88418099358609,74.87361193269275,74.64421851251394,77.35081070215922,80.33784082631374,82.29987880287264,83.81570147130363,83.98860648442924,82.99318928471473,82.70753550912006,,,75.52581113397223,74.42559875360793,75.35368795566328,78.40701829110704,81.37089377028131,83.70079984422075,83.04363031073446,82.83466079535329,82.64408022342079,,75.51430169777497,80.33784082631374,79.53580286479212,"rgba(255, 26, 202, 1.0)",1.4391963535752874,76.99049745300321,-2.2967661395136343,49.33636736155235,4.312282083238841,False,True,False,False,False,0.0,0.0,0.0,0.0,0.0,0,0.7967824105107928,0.91041694597131,False,False,False,False,-0.22676915805753287,-0.20183815182473563,False,False,False,False,-25218.0,-2226.8756266616456,False,False,False,False,4534.222222404608,False,False,False,False
2025-07-16 17:00:00+00:00,73.195,73.95,73.075,73.705,3972.0,75.12514832043956,74.83669501133785,74.84710211863751,74.63095840890612,77.32688937115196,80.3054289439023,82.26385941440054,83.77850886434345,83.95434334588768,82.96829207698904,82.68598361295442,,,75.3365664059317,74.41376050897125,75.33839366906392,78.37957636956993,81.33665218858015,83.67030428778456,83.01820536719649,82.81118013771476,82.62378600341876,,75.12514832043956,80.3054289439023,79.48258172135908,"rgba(255, 26, 202, 1.0)",1.3507217023196805,76.92895537556083,-2.386839102402908,46.81677527945229,1.9620973317251256,False,True,False,True,False,0.0,0.0,0.0,0.0,0.0,0,0.7856911447084239,0.9249730021598274,False,False,False,False,-0.25532216278235836,-0.228580157303547,False,False,False,False,-21246.0,-2521.7457719847207,False,False,False,False,4525.505598801436,False,False,False,False
2025-07-17 17:00:00+00:00,74.295,74.68,74.04,74.63,3029.0,75.03547787132041,74.82627392190182,74.84100731180833,74.62926042954194,77.31305096786213,80.2841011409801,82.2393320911557,83.75273980835578,83.93055199233306,82.95115140384802,82.6711857882688,,,75.27544963851399,74.41414183152983,75.33260083668797,78.36262541821895,81.31365755979692,83.64917340933748,83.00069316979767,82.79503983028233,82.60985887368199,,75.03547787132041,80.2841011409801,79.46136866476115,"rgba(255, 0, 0, 1.0)",1.3508990933302971,76.90887152401535,-1.686929494043394,47.0485470755784,1.9620973317251256,False,True,False,True,False,0.0,0.0,0.0,0.0,0.0,0,0.7858466496575808,0.9167449979857663,False,False,False,False,-0.22734308430272893,-0.22796162080313798,False,False,False,False,-18217.0,-2765.0830468376707,False,False,False,False,4502.303961610715,False,False,False,False
2025-07-18 17:00:00+00:00,73.56,74.05,73.43,73.94,7611.0,74.72800237805613,74.76160964269049,74.80259859096519,74.61031254161371,77.27117671271922,80.22535542921922,82.17334181932719,83.68417894037073,83.86727240872779,82.90514834396842,82.63134538228499,,,75.058594018752,74.39849422062481,75.30800249642938,78.31377271841399,81.25119812192206,83.59281915273756,82.9537173561527,82.75165216193628,82.57232999462461,,74.72800237805613,80.22535542921922,79.39304612157682,"rgba(255, 26, 202, 1.0)",1.3474535476458258,76.83556286674253,-2.148914796952709,45.99397243506426,0.9201950518527227,False,True,False,True,False,0.0,0.0,0.0,0.0,0.0,0,0.7781439956774288,0.9242199108469541,False,False,False,False,-0.24777477367269893,-0.23786819723791847,False,False,False,False,-25828.0,-3122.647650762668,False,False,False,False,4550.5007994152,False,False,False,False
2025-07-21 17:00:00+00:00,74.41,74.55,72.54,72.54,16917.0,74.1854738313545,74.56990922037612,74.68117263836307,74.54211051514812,77.16616361881817,80.0867319279278,82.02009992588853,83.52611870773453,83.72123909577518,82.79793857731124,82.53816034055008,,,74.60183872035675,74.33413376206681,75.2354305147174,78.1949628968101,81.10519020438306,83.46234459705393,82.84430395188762,82.65036471654479,82.48444896197572,,74.1854738313545,80.0867319279278,79.23740683625218,"rgba(255, 26, 202, 1.0)",1.2816191617153416,76.6628195065466,-3.216883478106349,43.120049873192826,-1.956110190235151,False,True,False,True,False,0.0,0.0,0.0,0.0,0.0,0,0.779723203928023,0.9203334502387571,False,False,False,False,-0.2542422384588118,-0.24605521784836512,False,False,False,False,-42745.0,-3736.947687184952,False,False,False,False,4742.229469191709,False,False,False,False
2025-07-22 17:00:00+00:00,74.22,75.095,74.22,74.965,2058.0,74.20941242171473,74.5727240022161,74.68189706525912,74.54339392378255,77.15861834961167,80.07395791602626,82.00503143201577,83.5100553825716,83.70632583528553,82.78714009413648,82.52881252914965,,,74.60645404702824,74.33692094581774,75.23343824405367,78.18526278066696,81.09120515346886,83.4490613142194,82.83327542152578,82.64018839879456,82.47563836994219,,74.20941242171473,80.07395791602626,79.23144068136435,"rgba(239, 83, 80, 1.0)",1.2120591517692718,76.66055683793326,-1.3989060149896217,45.88692449109433,-1.956110190235151,False,True,False,True,True,0.0,0.0,0.0,0.0,0.0,0,0.7781750725884508,0.918781589418217,False,False,False,False,-0.21161684125753186,-0.2288360295529485,False,False,False,False,-40687.0,-4309.816715290612,False,False,False,False,4700.613508429046,False,False,False,False
2025-07-23 17:00:00+00:00,76.135,76.335,75.405,75.595,5867.0,74.37598906965381,74.62155596594178,74.7098894570034,74.56378842000176,77.14638842198046,80.04479005795974,81.96840508141801,83.46987517021506,83.66889039704894,82.76039939582958,82.5057634825995,,,74.6964558243446,74.36332210490825,75.23987085742033,78.16604042313867,81.05803105092522,83.41582669502424,82.80594455163379,82.61505148388858,82.45393143600873,,74.37598906965381,80.04479005795974,79.23251046734724,"rgba(239, 83, 80, 0.5)",1.2116888742281111,76.68053377822622,-0.89588491015711,48.72781934739167,-6.408290795729201,False,True,False,False,True,0.0,0.0,0.0,0.0,0.0,0,0.7891425344841498,0.9093329031217232,False,False,False,False,-0.16673719838024034,-0.19778661396659442,False,False,False,False,-34820.0,-4782.842812727967,False,False,False,False,4718.69701992627,False,False,False,False
2025-07-24 17:00:00+00:00,71.835,72.07,70.88,70.98,3627.0,74.18714380328092,74.54066119107112,74.65706294195597,74.53090501984364,77.11459345423337,80.00827744259084,81.92978767170274,83.43093448708905,83.6329183849907,82.73345567151922,82.48218109376228,,,74.54295883894241,74.32913605704672,75.21139831072756,78.13235754192718,81.02054713005118,83.38348830772009,82.77847843428644,82.58950730004308,82.43164713665853,,74.18714380328092,80.00827744259084,79.18337201097216,"rgba(255, 26, 202, 1.0)",1.2779861691931207,76.61986689185981,-4.413089145886955,44.51969452698448,-6.408290795729201,False,True,False,True,False,0.0,0.0,0.0,0.0,0.0,0,0.7901032452272191,0.9146048427556707,False,False,False,False,-0.3202907011872466,-0.2590386575769205,False,False,False,False,-38447.0,-5304.76773036009,False,False,False,False,4701.771484733615,False,False,False,False
2025-07-25 17:00:00+00:00,71.63,72.18,71.61,72.17,4785.0,74.02177364891396,74.46092280974192,74.60342341926338,74.49742948813132,77.0780019480968,79.96428298145476,81.88248593791377,83.38278785702062,83.58836903661754,82.7001970700036,82.4530962307637,,,74.39872203355186,74.29503902899036,75.18086706107763,78.09278124098589,80.97494981816472,83.3434648872051,82.74456946310443,82.55799475894433,82.40416450242627,,74.02177364891396,79.96428298145476,79.13126616111859,"rgba(255, 26, 202, 1.0)",1.3003817873198054,76.55837753809845,-3.3746839435080545,43.60819803660103,-6.408290795729201,False,True,False,True,False,0.0,0.0,0.0,0.0,0.0,0,0.8006785637956831,0.9081801667022869,False,False,False,False,-0.3016340478853358,-0.28033635273112817,False,False,False,False,-33662.0,-5744.4147422924925,False,False,False,False,4703.061849311388,False,False,False,False
2025-07-28 17:00:00+00:00,71.22,71.33,70.37,70.55,6332.0,73.72583103581276,74.31368943485762,74.50364841674538,74.43329884290165,77.01880731204905,79.89789088885654,81.81284252761482,83.31284796614754,83.5237097081659,82.6514572002147,82.41033665909036,,,74.14521400251638,74.22804489915299,75.12604046363262,78.03073737969514,80.90710854985922,83.28521151370329,82.6949031583876,82.51173625405472,82.36372728034901,,73.72583103581276,79.89789088885654,79.04485417469036,"rgba(255, 26, 202, 1.0)",1.3747857261380956,76.45134161603714,-4.292553744076596,41.331063592316475,-3.115187656741064,False,True,False,True,False,0.0,0.0,0.0,0.0,0.0,0,0.7945329326987002,0.9030499641024277,False,False,False,False,-0.34282825441539394,-0.31158230357326105,False,False,False,False,-39994.0,-6275.416064117415,False,False,False,False,4728.316704360824,False,False,False,False
2025-07-29 17:00:00+00:00,70.465,71.44,70.295,71.385,3667.0,73.59214103434235,74.24015920315732,74.45247847305035,74.39999906781242,76.98659262312262,79.86108250921575,81.7739543472897,83.27362405636055,83.48740439914738,82.62409560370662,82.38632855148386,,,74.02510367112151,74.19353187946706,75.09696851017537,77.99669567986811,80.86934027509578,83.25249625999176,82.66702168814605,82.48576873788564,82.34101881575472,,73.59214103434235,79.86108250921575,79.00029026930973,"rgba(255, 26, 202, 1.0)",1.4108744109961953,76.39738074742256,-3.552676771480599,41.18251402627789,-3.4389901588303715,False,True,False,True,False,0.0,0.0,0.0,0.0,0.0,0,0.7944796717642675,0.904646453881814,False,False,False,False,-0.34205944858248916,-0.32682087607787513,False,False,False,False,-36327.0,-6741.332094131098,False,False,False,False,4711.862181812594,False,False,False,False
2025-07-30 17:00:00+00:00,70.48,70.72,69.32,69.565,1771.0,73.50472353671523,74.19324403751999,74.42000270014039,74.3786228305686,76.96811729458034,79.84106830613455,81.75323431016758,83.25296456673044,83.46830269748571,82.6095953764955,82.37357637269095,,69.86833333333333,73.94887569808299,74.17103576603034,75.07906336791288,77.97762444594885,80.84904124760759,83.23524889090362,82.652251751121,82.47199012569334,82.32895053027336,,73.50472353671523,79.84106830613455,78.35084583279315,"rgba(255, 26, 202, 1.0)",1.5100092476300218,75.62135617676851,-4.01080734192459,39.210260740425795,-5.541319827765392,False,True,False,True,False,0.0,0.0,0.0,0.0,0.0,0,0.7877585793775465,0.9053805809217008,False,False,False,False,-0.34282825441539394,-0.3348245652466345,False,False,False,False,-38098.0,-7227.481984144569,False,False,False,False,4666.267419303871,False,False,False,False
2025-07-31 17:00:00+00:00,69.85,69.85,69.32,69.335,7741.0,73.13219506624029,73.98304047314491,74.2722778148539,74.2800998777788,76.88436208603831,79.7513374650073,81.6607394838956,83.1609514340352,83.38320054685198,82.54478740746559,82.31651508192752,69.50166666666668,69.56993481917578,73.61885753087603,74.06724101986842,74.99681125445952,77.89158218151138,80.75825333753652,83.15832617130877,82.58625058594623,82.41037382202549,82.27492911648305,,73.13219506624029,79.7513374650073,77.58061445223433,"rgba(255, 26, 202, 1.0)",1.6112487463215535,74.75722119902898,-3.365229118972348,37.670116595441506,-7.220635220696678,False,True,False,True,False,0.0,0.0,0.0,0.0,0.0,0,0.7900533146642257,0.8990252571490118,False,False,False,False,-0.34282825441539394,-0.3388264098310142,False,False,False,False,-45839.0,-7826.1101704369,False,False,False,False,4713.937691872803,False,False,False,False
2025-08-01 17:00:00+00:00,69.54,70.14,69.5,69.775,3434.0,73.00028424309596,73.90161697132727,74.21353790622933,74.24035146143015,76.84930795677278,79.71319190757258,81.62116588191996,83.12142415044345,83.34659711281041,82.516906413581,82.29195903147216,69.59487889634602,69.63228719295536,73.49730849783602,74.02562152555626,74.96306654490162,77.85532951737653,80.71951506097724,83.12522939263934,82.55785719599615,82.38386505573428,82.25167564294706,,73.00028424309596,79.71319190757258,77.54396714427509,"rgba(255, 26, 202, 1.0)",1.6885901763850328,74.71400239561382,-2.9249266427614344,37.507112262648846,-7.66077864625062,False,True,False,True,False,0.0,0.0,0.0,0.0,0.0,0,0.7896837166662177,0.8995604928950843,False,False,False,False,-0.3324997353276173,-0.3356630725793157,False,False,False,False,-42405.0,-8362.216989499893,False,False,False,False,4694.0936966499685,False,False,False,False
2025-08-04 17:00:00+00:00,70.45,70.6,70.125,70.125,2923.0,72.91158940052193,73.84257469435605,74.17003680633128,74.21065924855343,76.82175005300788,79.6825088200895,81.58904382712764,83.08916459057603,83.31669069194902,82.49415964816751,82.2719306658298,69.73761916583913,69.75220702837818,73.41242298563924,73.99477333017482,74.93731873227884,77.82654494785088,80.68819216705845,83.09819362726562,82.53469089807116,82.36224334479117,82.2327086894706,,72.91158940052193,79.6825088200895,77.52361920040138,"rgba(255, 26, 202, 1.0)",1.742006906720899,74.69165168489846,-2.621488851324124,38.1153704537458,-7.66077864625062,False,True,False,True,False,0.0,0.0,0.0,0.0,0.0,0,0.7943826894021155,0.8926721346859486,False,False,False,False,-0.3089112140370136,-0.32228714330816466,False,False,False,False,-39482.0,-8844.69424547664,False,False,False,False,4666.634879647643,False,False,False,False
2025-08-05 17:00:00+00:00,71.45,72.06,71.355,71.715,1941.0,72.88609437399796,73.81971444902827,74.15208769067684,74.19826080570549,76.80754298054441,79.66531991364066,81.57049277186456,83.07020883808153,83.29907262934344,82.4808608173224,82.26024612865695,69.97631180248146,69.96557458356729,73.38307998780483,73.98233501337394,74.92557046021157,77.81114364988967,80.67033382419858,83.082295192742,82.5211414921459,82.34961901301956,82.22164675567662,,72.88609437399796,79.66531991364066,77.530853014482,"rgba(255, 0, 0, 1.0)",1.7642310628836273,74.70407316581813,-1.6942639933640555,41.532472334988555,-7.66077864625062,False,True,False,True,True,0.0,0.0,0.0,0.0,0.0,0,0.7920962661856951,0.8943117883005358,False,False,False,False,-0.2517800957807993,-0.287033619544482,False,False,False,False,-37541.0,-9289.598210663047,False,False,False,False,4624.376974536827,False,False,False,False
2025-08-06 17:00:00+00:00,71.805,72.08,71.325,72.08,3532.0,72.84677289886191,73.78161345337472,74.12163969658971,74.17707025893532,76.7824876764827,79.63469344099718,81.53731687810583,83.03623457033085,83.26747617279896,82.45701009629738,82.2392879318426,70.31054817502087,70.27385234123638,73.33579973309224,73.96120603066247,74.90518904079471,77.78385599633258,80.63844570774116,83.05377855920513,82.49684164121425,82.32697800715927,82.20180305303947,,72.84677289886191,79.63469344099718,77.53644051876168,"rgba(239, 83, 80, 1.0)",1.7761821136643479,74.71749024902327,-1.4849210724130115,44.44795922907766,-10.1250265842652,False,True,False,True,True,0.0,0.0,0.0,0.0,0.0,0,0.7951222144283173,0.8936491663519129,False,False,False,False,-0.251989315014178,-0.26951146727932995,False,False,False,False,-34009.0,-9672.844750032613,False,False,False,False,4607.440897412225,False,False,False,False
2025-08-07 17:00:00+00:00,72.585,72.795,71.79,71.94,3529.0,72.8227150289389,73.75147642789814,74.09648400814879,74.15934246490558,76.7594384489658,79.60567945694146,81.50556959835963,83.00353725526328,83.23703139412436,82.43405984865639,82.21912595645834,70.59538152958153,70.54361029579296,73.3015695556261,73.94386961404473,74.88735550146686,77.75841163411613,80.60805824801517,83.0263055790314,82.47345784630173,82.3051971100523,82.18271179973863,,72.8227150289389,79.60567945694146,77.54092754231158,"rgba(255, 0, 0, 1.0)",1.7869811273625134,74.73015362392111,-1.561378338695288,46.12799430012831,-8.486507587788815,False,True,False,True,True,0.0,0.0,0.0,0.0,0.0,0,0.793301228288513,0.8951084898003357,False,False,False,False,-0.2208517810728458,-0.24518162417608788,False,False,False,False,-37538.0,-10104.862660884819,False,False,False,False,4590.720883498857,False,False,False,False
2025-08-08 17:00:00+00:00,72.13,72.3,71.325,71.545,5044.0,72.76918139692042,73.6985197781643,74.05344611591897,74.12889748125976,76.72368514564502,79.5621024218139,81.45838666502198,82.95520817017616,83.19204075013468,82.39999798770387,82.18915870372498,70.79753434716696,70.74252465318402,73.2377405693912,73.91348695489414,74.85808892450578,77.71953248535795,80.56269631307661,82.98565404433113,82.4387609420392,82.27284661448152,82.15432470410096,,72.76918139692042,79.5621024218139,77.52351658805938,"rgba(255, 0, 0, 1.0)",1.8101264651454796,74.71768969323259,-1.7527447691217506,46.46357764664711,-8.026472788132736,False,True,False,True,True,0.0,0.0,0.0,0.0,0.0,0,0.7955645706558488,0.8924137931034485,False,False,False,False,-0.23126485388036683,-0.23822323902822734,False,False,False,False,-42582.0,-10608.384170018388,False,False,False,False,4597.7484667004255,False,False,False,False
2025-08-11 17:00:00+00:00,70.94,71.25,70.35,70.925,8225.0,72.62738899323257,73.58184897294453,73.96119421279803,74.06324274610077,76.65637046153186,79.48419055781439,81.37553608589448,82.87116547238966,83.11384379956343,82.34036877255551,82.13657210071561,70.80751505402954,70.76390491172872,73.0894987826863,73.84644582954111,74.79840862831671,77.64803184788781,80.48243247055191,82.91484856658391,82.37804433043392,82.21614296512516,82.10447956855374,,72.62738899323257,79.48419055781439,77.45102117308552,"rgba(255, 26, 202, 1.0)",1.843652165216247,74.63993773903847,-2.014988406776145,45.47018934723226,-8.026472788132736,False,True,False,True,True,0.0,0.0,0.0,0.0,0.0,0,0.7934473320506223,0.8920354461938703,False,False,False,False,-0.2688220360112578,-0.2535226375197426,False,False,False,False,-50807.0,-11231.61852397159,False,False,False,False,4653.984924581038,False,False,False,False
2025-08-12 17:00:00+00:00,71.41,72.3,71.25,72.28,4059.0,72.6034258803764,73.54947899834518,73.9329914777129,74.04255197512694,76.62990243282641,79.45108822216794,81.33935078864755,82.83387811519084,83.07904926803315,82.3139658292698,82.11331377261106,70.92155201840309,70.87735072711044,73.05554098966925,73.82616710594476,74.77762509871297,77.61891464119532,80.44777978678631,82.88337054027404,82.35115368222075,82.19105701812701,82.08243301743892,,72.6034258803764,79.45108822216794,77.43630972980704,"rgba(239, 83, 80, 1.0)",1.8528615633590175,74.62983826215644,-1.268221171308914,47.82197095056176,-6.467796239227731,False,False,False,False,True,0.0,0.0,0.0,0.0,0.0,0,0.8091123546192674,0.8810895325872286,False,False,False,False,-0.20027268055540212,-0.22689765903757236,False,False,False,False,-46748.0,-11782.260097243348,False,False,False,False,4644.760352106913,False,False,False,False
2025-08-13 17:00:00+00:00,74.83,76.1,74.83,76.025,5299.0,72.73673358477485,73.60233317043004,73.96378900446601,74.06279719322238,76.6227826506571,79.4294386891007,81.31100688338131,82.80202658078866,83.04896868894461,82.29195155368068,82.09412299172817,71.46969376225572,71.40998578887532,73.15221543301405,73.85121279713742,74.78585322465646,77.60589296971482,80.42250460128602,82.85638489840221,82.32869012056092,82.17027579674215,82.0642691991565,,72.73673358477485,79.4294386891007,77.49622686960457,"rgba(38, 166, 154, 0.5)",1.8674989947777068,74.4864849811744,0.8238371335823609,54.64688165118389,-0.12794839945525638,True,False,True,False,True,1.370952652027185,0.0,0.0,0.0,0.0,0,0.8198244568456419,0.8678821043506529,False,False,False,False,0.02842834059351594,-0.0992346592220282,False,False,False,False,-41449.0,-12242.20955310004,False,False,False,False,4654.9036024618445,False,False,False,False
2025-08-14 17:00:00+00:00,74.495,75.03,74.23,74.935,2481.0,72.776761639803,73.61547271462516,73.97017779193702,74.06671424109095,76.61636025927601,79.41693901363955,81.29569152088627,82.78530423890236,83.03322730231625,82.28027324622626,82.08389944692733,71.6375695251134,71.57487684827628,73.1792810800606,73.85683245521058,74.78561544030812,77.59701287544917,80.40849764599172,82.84221472499019,82.31678230451011,82.15922451389525,82.05458505030197,,72.776761639803,79.41693901363955,77.5107414691254,#000000,1.870058232460434,74.4945038888603,0.23555208254672808,56.963425435995525,1.8374939779570028,True,False,True,False,True,0.0,0.0,0.0,0.0,0.0,0,0.8130013682826717,0.8613473559949562,False,False,False,False,-0.02248127735731685,-0.06085796828967253,False,False,False,False,-43930.0,-12733.493125920195,False,False,False,False,4621.199670640731,False,False,False,False
2025-08-15 17:00:00+00:00,74.47,74.52,74.07,74.415,1703.0,72.79793146499459,73.62117355143768,73.97224947037546,74.06778838068593,76.61105448048251,79.40767430719777,81.28458720446248,82.7733024173719,83.02194194493902,82.27185777914053,82.07652052481528,71.72960783528013,71.6658270771255,73.1927171951622,73.858918255377,74.78426218590334,77.59010968067963,80.39825384437626,82.8320423462161,82.30820384311731,82.15125361167509,82.04759320805246,,72.79793146499459,79.40767430719777,77.51703784380001,#000000,1.8686308568787815,74.49630400755368,-0.043509935231120546,57.480796790183575,2.2834605543121853,True,False,True,False,True,0.0,0.0,0.0,0.0,0.0,0,0.8107142857142862,0.8662996777658435,False,False,False,False,-0.04292405955849395,-0.05189101392408324,False,False,False,False,-45633.0,-13243.562999936936,False,False,False,False,4575.956264894363,False,False,False,False
2025-08-18 17:00:00+00:00,73.18,73.575,72.9,73.525,1361.0,72.80368211364791,73.61936244051581,73.96936303424404,74.06544585469804,76.60497363043899,79.39883715017893,81.2744628999167,82.76259964723401,83.01190643660281,82.26429796297562,82.06987183957081,71.77217825193739,71.70861266645299,73.19401164049079,73.85709239472617,74.78078824918151,77.5829225608523,80.3887436794945,82.8229739941409,82.30050175777326,82.14408025572072,82.0412900615091,,72.80368211364791,79.39883715017893,77.51634183106117,"rgba(239, 83, 80, 0.5)",1.869396776050113,74.48493235772038,-0.5134984557685165,56.1121971060345,2.2834605543121853,True,False,True,False,True,0.0,0.0,0.0,0.0,0.0,0,0.8133623819898332,0.8657306544016784,False,False,False,False,-0.1077739226894254,-0.07983246830675432,False,False,False,False,-46994.0,-13766.825589085201,False,False,False,False,4526.111981717706,False,False,False,False
2025-08-19 17:00:00+00:00,73.63,73.9,73.43,73.9,1752.0,72.81649703550903,73.62035850118014,73.96805613767594,74.06412874084722,76.59815578156636,79.38826537061105,81.2621388228064,82.74945528779902,82.9995643631632,82.25503099700676,82.06172889381585,71.83730845151881,71.77367025580192,73.20044495915721,73.8565859303795,74.77760049737893,77.57459549689727,80.3772482119931,82.81182912375762,82.29105882976624,82.13529214471595,82.03357090494032,,72.81649703550903,79.38826537061105,77.51786424697659,#000000,1.8694355076111524,74.48165866478863,-0.3111413378105185,55.82111053719712,2.2834605543121853,True,False,True,False,True,0.0,0.0,0.0,0.0,0.0,0,0.8130347665980725,0.8704104841330014,False,False,False,False,-0.0534406490702755,-0.06663655868851491,False,False,False,False,-45242.0,-14254.812789254422,False,False,False,False,4483.10249362906,False,False,False,False
2025-08-20 17:00:00+00:00,72.23,72.36,71.93,71.98,6780.0,72.78007683586578,73.57421006125946,73.92695352135254,74.03337709382542,76.55697059731074,79.33584963218135,81.20441980822551,82.68967522505758,82.9436342086041,82.21242908016235,82.02413281072312,71.86595617907386,71.80850120449315,73.15229997186304,73.82666503873722,74.74601833027424,77.52894793051509,80.3221403965439,82.76114023386683,82.24768110538288,82.09478970456907,81.9979031291536,,72.78007683586578,79.33584963218135,77.48058680795822,"rgba(239, 83, 80, 1.0)",1.8842157017738332,74.39368191955167,-1.2810008521207958,52.180702286887,7.199488137715477,True,False,False,False,False,0.0,0.0,0.0,0.0,0.0,0,0.8173924803895054,0.8689477955098729,False,False,False,False,-0.15462272274421573,-0.11062964071636533,False,False,False,False,-52022.0,-14840.35057546753,False,False,False,False,4518.713307681322,False,False,False,False
2025-08-21 17:00:00+00:00,72.51,72.705,72.12,72.46,9001.0,72.75812792035828,73.53010225784058,73.88464041339388,74.00085704563581,76.50749690915899,79.27061115279085,81.13170931316424,82.61384102617157,82.87254960681804,82.15829228915281,81.97634182343062,71.93952578543227,71.88755228406255,73.1128970022393,73.79591441590011,74.71041670790882,77.47320570834911,80.25306342606189,82.69669274092325,82.19255968258265,82.04332274707254,81.9525482610641,,72.75812792035828,79.27061115279085,77.44166892175087,"rgba(239, 83, 80, 0.5)",1.8907164808111916,74.34103482592755,-0.9948793724591216,50.67226246234671,5.6672333317652175,True,False,False,False,False,0.0,0.0,0.0,0.0,0.0,0,0.8218390804597705,0.8593580568206465,False,False,False,False,-0.13577731431164056,-0.12320347751400294,False,False,False,False,-43021.0,-15277.259868871133,False,False,False,False,4588.206124616494,False,False,False,False
2025-08-22 17:00:00+00:00,75.285,75.94,75.285,75.905,2701.0,72.812385622027,73.55499425744138,73.89997603887693,74.01118570682776,76.50463950591079,79.26054853013804,81.11826347526232,82.59856453900593,82.858049366606,82.1476034667858,81.96699069180944,72.08194811158039,72.02844821703944,73.15463174282088,73.8084626437479,74.71500309737245,77.46744233604613,80.24116497381128,82.68364061967934,82.1816581597393,82.03322014319149,81.94368262287628,,72.812385622027,79.26054853013804,77.45809152769553,"rgba(38, 166, 154, 0.5)",1.9026141617913226,74.38335611436288,0.7997648268340868,54.685423025039114,5.6672333317652175,True,False,True,False,True,1.391126821548223,0.0,0.0,0.0,0.0,0,0.8285461420870547,0.8577252125405638,False,False,False,False,0.08600973603053338,-0.01859687074173478,False,False,False,False,-40320.0,-15665.51940578786,False,False,False,False,4558.947114932517,False,False,False,False
2025-08-25 17:00:00+00:00,75.295,75.33,74.82,75.04,3941.0,72.87117747379955,73.57971310731223,73.91406427519352,74.02038197332244,76.49714373846967,79.24331228805804,81.09643245896363,82.57431456682616,82.83509270406664,82.1305106756827,81.95199154429844,72.23768179428386,72.18334062869623,73.19836008394324,73.82035224840344,74.71731956997158,77.45603082024314,80.22145368624484,82.66292577849451,82.1642346367651,82.01703562970651,81.92945470264675,,72.87117747379955,79.24331228805804,77.47204390692235,#000000,1.894936382017122,74.4238313853423,0.3251658580758318,55.7900355023502,0.5863612065531356,True,False,True,False,True,0.19196752246629245,0.0,0.0,0.0,0.0,0,0.8157236930520094,0.8645074586749094,False,False,False,False,0.06916292897573736,0.025283029117001293,False,False,False,False,-44261.0,-16108.86019019425,False,False,False,False,4549.366539507207,False,False,False,False
2025-08-26 17:00:00+00:00,74.485,75.72,74.175,75.135,5597.0,72.94767675283042,73.61224499070748,73.93259411757005,74.03251568131765,76.48624024244708,79.21876604639375,81.06542555825284,82.53989917682094,82.8024989730049,82.1061946683978,81.93063739302816,72.42914155684979,72.37437863511036,73.25544747717012,73.83614765402109,74.72005796469126,77.43965201833313,80.19342949189098,82.63349430026867,82.13945110830527,81.9940038622774,81.90919289933476,,72.94767675283042,79.21876604639375,77.48796301383305,#000000,1.8745380764338306,74.47220437598816,0.35357810670496953,56.65523409164679,1.5588331212393527,True,False,True,False,True,0.32333875610002494,0.0,0.0,0.0,0.0,0,0.8134695624264472,0.8581630469669412,False,False,False,False,0.06399371921860848,0.04463837416780489,False,False,False,False,-38664.0,-16458.552280268756,False,False,False,False,4565.608918739653,False,False,False,False
2025-08-27 17:00:00+00:00,73.32,73.36,72.2,72.35,14799.0,72.92080536808264,73.55690207315126,73.87713788084703,73.98868428013786,76.4130313538478,79.11937703279926,80.9533978939333,82.42218091752886,82.69175816786587,82.02145579130489,81.85565512560513,72.46118525435696,72.41414342887973,73.20785637443677,73.79546608211125,74.66976154471067,77.35609429479628,80.08749055384202,82.53286372118227,82.05319933385628,81.91337990041106,81.83795161046926,,72.92080536808264,79.11937703279926,77.4228085624041,"rgba(239, 83, 80, 1.0)",1.8835705670564418,74.40812460258398,-1.092671885290887,52.70189153409667,1.5588331212393527,True,False,True,False,False,0.0,0.0,0.0,0.0,0.0,0,0.8071943211123814,0.8645149283492409,False,False,False,False,-0.09559902196828883,-0.02548032390024197,False,False,False,False,-53463.0,-17032.264648016524,False,False,False,False,4724.266144805705,False,False,False,False
2025-08-28 17:00:00+00:00,72.155,72.88,71.76,72.705,1966.0,72.91544386724387,73.54861019272742,73.86906122171233,73.98228531391595,76.4030401774193,79.10602188915105,80.9384071129815,82.40645574352456,82.67695573754867,82.01008886220741,81.84558327696958,72.46092692560671,72.41481843743722,73.20017451800484,73.78942362579824,74.66265989835884,77.34477791995258,80.07328990000615,82.51939599712705,82.04163192021782,81.90255836376747,81.82837769182332,,72.91544386724387,79.10602188915105,77.41330138123544,"rgba(239, 83, 80, 0.5)",1.8875769467044177,74.39889869235103,-0.8973931872332199,50.660729183770286,5.95390761229703,True,False,False,False,False,0.0,0.0,0.0,0.0,0.0,0,0.8104701890450803,0.8664027575806541,False,False,False,False,-0.12982296154748657,-0.07765164272386427,False,False,False,False,-51497.0,-17566.601630217818,False,False,False,False,4681.502328607167,False,False,False,False
2025-08-29 17:00:00+00:00,72.805,72.86,72.285,72.855,1835.0,72.91283652702022,73.54249567395608,73.86275058561739,73.97720381276731,76.39427240958774,79.0940120008592,80.9248214068877,82.39214387927514,82.66347226850742,81.99974537408507,81.83641994551321,72.46471573802738,72.41937537182203,73.19518523614892,73.78474275085729,74.65672184041844,77.33473145316609,80.06046119480894,82.50712989353177,82.03110553475128,81.89271294115142,81.81966689620161,,72.91283652702022,79.0940120008592,77.40553179466232,"rgba(239, 83, 80, 0.5)",1.8875321654678934,74.39230530466872,-0.81445250724384,49.56924171614695,4.807172422730133,False,False,False,False,False,0.0,0.0,0.0,0.0,0.0,0,0.8179419525065966,0.8527323667818186,False,False,False,False,-0.11100461848672523,-0.09432813060529474,False,False,False,False,-49662.0,-18064.204705718315,False,False,False,False,4637.370509558995,False,False,False,False
2025-09-01 17:00:00+00:00,72.855,72.855,72.855,72.855,0.0,72.91283652702022,73.54249567395608,73.86275058561739,73.97720381276731,76.39427240958774,79.0940120008592,80.9248214068877,82.39214387927514,82.66347226850742,81.99974537408507,81.83641994551321,72.46471573802738,72.41937537182203,73.19518523614892,73.78474275085729,74.65672184041844,77.33473145316609,80.06046119480894,82.50712989353177,82.03110553475128,81.89271294115142,81.81966689620161,,72.91283652702022,79.0940120008592,77.40553179466232,"rgba(239, 83, 80, 0.5)",1.876297297751554,74.39230530466872,-0.8193292750093165,48.84158340439805,3.907404171848917,False,False,False,False,False,0.0,0.0,0.0,0.0,0.0,0,0.8130276444297305,0.8643160624620649,False,False,False,False,-0.09004222437411263,-0.09218517748970369,False,False,False,False,-49662.0,-18554.093004854465,False,False,False,False,4565.47329235653,False,False,False,False
2025-09-02 17:00:00+00:00,71.05,71.25,70.87,71.095,1818.0,72.89391515877816,73.52563988307429,73.84831267125527,73.96612769602395,76.38192680497556,79.07921567115625,80.9088143194626,82.37568738165757,82.64802382421992,81.98777282551926,81.82578354862127,72.43975503144034,72.39564134853516,73.17569101914131,73.77358257798934,74.64618620213257,77.32143412228773,80.04506273727895,82.49304264053085,82.01892762128756,81.88129667274639,81.80955208430927,,72.89391515877816,79.07921567115625,77.39030281047465,"rgba(255, 0, 0, 1.0)",1.9014542040476072,73.95581125119742,-1.5045386026692817,45.459831722573824,0.5510444664643899,False,True,False,True,False,0.0,0.0,0.0,0.0,0.0,0,0.8119468420331556,0.8626935196602276,False,False,False,False,-0.2253935924390935,-0.1587893849643986,False,False,False,False,-51480.0,-19064.572183073775,False,False,False,False,4522.8768072037155,False,False,False,False
2025-09-03 17:00:00+00:00,71.34,71.75,71.16,71.475,2523.0,72.87377558622124,73.506282725627,73.8313014164962,73.95294794432543,76.36613965320484,79.05976739710826,80.88756313941852,82.35371356226923,82.627372722592,81.97179292402033,81.81159130645119,72.41602356109054,72.37335969905567,73.15412886814687,73.76045960681087,74.63325125439371,77.3042192591868,80.0247051159363,82.47421552565037,82.0026725083673,81.86606333085322,81.79605505179221,,72.87377558622124,79.05976739710826,77.37198779003873,"rgba(239, 83, 80, 1.0)",1.920122527997302,73.94937229297429,-1.288653331699138,44.07674797523269,-0.8811285509768396,False,True,False,True,False,0.0,0.0,0.0,0.0,0.0,0,0.8188108945969887,0.8603299379982287,False,False,False,False,-0.19507511905302954,-0.17693225200871407,False,False,False,False,-48957.0,-19528.020676359454,False,False,False,False,4491.870965231565,False,False,False,False
2025-09-04 17:00:00+00:00,71.85,72.62,71.68,72.62,1744.0,72.86831641552133,73.49855587276849,73.82382645612415,73.94698103731228,76.35715601107178,79.04787053302208,80.8742411383,82.3397503788558,82.61421928304678,81.96166110064894,81.8026028373909,72.41421971896705,72.37227772093021,73.14682312340071,73.75477773743974,74.6267372030126,77.29409114114881,80.0120725193443,82.46223467829151,81.99236392815013,81.85641251707689,81.78750708650593,,72.86831641552133,79.04787053302208,77.36322942572167,"rgba(239, 83, 80, 0.5)",1.9239931542648183,73.95985056924799,-0.6963905075639208,45.62548877234257,-0.8811285509768396,False,True,False,True,False,0.0,0.0,0.0,0.0,0.0,0,0.8137896743183891,0.8524073920609927,False,False,False,False,-0.1425436292900929,-0.1597379406494035,False,False,False,False,-47213.0,-19957.245161997293,False,False,False,False,4449.26831460782,False,False,False,False
2025-09-05 17:00:00+00:00,74.78,75.4,74.78,75.09,3231.0,72.9072438598489,73.51732268338735,73.83522370062059,73.9546050335395,76.35198201101393,79.03499497075083,80.85765190470995,82.32113196079399,82.596495450951,81.94834154719322,81.7908631029547,72.4935648556045,72.45157765214799,73.1773699160885,73.76437615138165,74.62912778332334,77.28584664981821,79.99719230302597,82.44617585027385,81.97879518141926,81.84378055319459,81.77634863262864,,72.9072438598489,79.03499497075083,77.36964000095435,"rgba(38, 166, 154, 0.5)",1.9290336188628054,74.05929708134431,0.5343105006450363,50.66786670659875,-4.551644834298209,True,False,False,False,True,0.7310847078696021,0.0,0.0,0.0,0.0,0,0.8268159490683574,0.8463543810543069,False,False,False,False,0.07451154182250375,-0.042613199413449876,False,False,False,False,-43982.0,-20329.721981191135,False,False,False,False,4430.380433761186,False,False,False,False
2025-09-08 17:00:00+00:00,75.38,76.31,75.38,76.15,6637.0,73.0128388156632,73.57477774333135,73.87355592239629,73.98153010305316,76.34861071564634,79.01449418916141,80.8288890261595,82.2876806381481,82.56447369509365,81.92453976462994,81.7699427234296,72.69182464366146,72.64922015938471,73.2639973182009,73.79613225183823,74.6429473640958,77.27563528243964,79.97219352244996,82.4172230097397,81.95453482730417,81.82125245585031,81.7564654093835,,73.0128388156632,79.01449418916141,77.39481757241239,"rgba(38, 166, 154, 0.5)",1.947058469765332,74.20792153641361,0.9974422924343233,55.36046682337654,-0.2831185454574765,True,False,True,False,True,2.176249288495537,0.0,0.0,0.0,0.0,0,0.8299729160397236,0.8369217300905536,False,False,False,False,0.1305700337925208,0.04397841718953546,False,False,False,False,-37345.0,-20593.524741172667,False,False,False,False,4464.591589826904,False,False,False,False
2025-09-09 17:00:00+00:00,73.77,74.39,73.77,74.21,7337.0,73.05391101869355,73.5887542279297,73.87847014515138,73.98361769580518,76.32833577763894,78.97886300377431,80.78575277580262,82.24059097698259,82.51977686218018,81.89048752770387,81.73980259151078,72.77726056257829,72.73594938722049,73.29272040958264,73.8013124378732,74.63699139768482,77.24928568363383,79.9325591125339,82.37658034624788,81.91987111755962,81.78888006048847,81.72779347360681,,73.05391101869355,78.97886300377431,77.38799852635329,#000000,1.9460290082373213,74.22446778631138,-0.007434517291440702,54.75092304898837,-0.2831185454574765,True,False,True,False,True,0.0,0.0,0.0,0.0,0.0,0,0.8230884150482142,0.8438136629091402,False,False,False,False,0.00018363572623114748,0.022081026457883304,False,False,False,False,-44682.0,-20966.989473867663,False,False,False,False,4509.125053550518,False,False,False,False
2025-09-10 17:00:00+00:00,74.19,74.215,73.56,74.16,2767.0,73.06662778866009,73.59246197828708,73.87920565291766,73.98358851895824,76.32028858101081,78.9651625969167,80.76927766183744,82.22265810590082,82.50275405633747,81.87748418752476,81.72828224021526,72.80369924132134,72.7629174773022,73.30125529186819,73.80236309374425,74.63415642606701,77.23900684254755,79.91738131934275,82.36108856582608,81.90663631339099,81.77651246309865,81.7168311771127,,73.06662778866009,78.9651625969167,77.384226308143,#000000,1.9420265072740868,74.22768491013329,-0.03485272208168791,54.25539859674321,-0.2831185454574765,True,False,True,False,True,0.0,0.0,0.0,0.0,0.0,0,0.8205253711861641,0.8472562136291945,False,False,False,False,-0.013957504133439396,0.004061761162221954,False,False,False,False,-47449.0,-21377.563280474365,False,False,False,False,4482.1153627977965,False,False,False,False
2025-09-11 17:00:00+00:00,76.0,76.91,75.835,76.815,2096.0,73.10224252682406,73.61341659580621,73.89385715999971,73.99415267900137,76.32080527837299,78.96009844269638,80.76150181508012,82.21329764784595,82.49373568748611,81.87082282802456,81.7224328528394,72.86465033086327,72.82369517679261,73.33132374504727,73.81452667146418,74.64028504780126,77.23729937481303,79.91083387275431,82.35293810478653,81.89984482783164,81.77021503649323,81.7112684762732,76.52000000000001,73.10224252682406,78.96009844269638,77.39347714248925,"rgba(38, 166, 154, 1.0)",1.972192724898959,74.21103260111809,1.3203412455622534,57.506200762297375,1.8404771747823219,True,False,True,False,True,2.995980318826973,-1.0,76.91,75.835,0.0,0,0.8250094283713165,0.8469101880286622,False,False,False,False,0.17020575746157776,0.08713375931189986,False,False,False,False,-45353.0,-21749.275477676314,False,False,False,False,4445.121326165272,False,False,False,False
2025-09-12 17:00:00+00:00,76.18,76.32,75.425,75.5,1755.0,73.12489641922731,73.62613547692114,73.902432314817,74.00024893926552,76.31956781144265,78.95453842311926,80.75383233710413,82.20442455007621,82.48523267640353,81.86445540121717,81.71682022870094,72.90371467312997,72.86278002837786,73.35008254247631,73.82174678900773,74.64329196541918,77.23434457936769,79.90412781060601,82.34523059743456,81.89335763847993,81.76418044259997,81.70592893487084,76.16833160218125,73.12489641922731,78.95453842311926,77.39793107082465,"rgba(38, 166, 154, 0.5)",1.9808570512931765,74.20803149022902,0.6522270291677721,57.250822737483205,1.8404771747823219,True,False,True,False,True,1.1656655306356747,0.0,0.0,0.0,0.0,0,0.8192495834005268,0.8514218136859645,False,False,False,False,0.13262525307174838,0.10987950619182413,False,False,False,False,-47108.0,-22142.433997402262,False,False,False,False,4403.414018782864,False,False,False,False
2025-09-15 17:00:00+00:00,75.25,75.465,74.985,75.41,7174.0,73.19799232837026,73.66561297463531,73.92811155818397,74.01826787980553,76.31052087034197,78.92876521449833,80.71985475306234,82.16582973266392,82.44832956269127,81.8366097301097,81.69222026717462,73.02874793382385,72.98833482554375,73.40963271181597,73.84376850451008,74.65035058850276,77.21867218891548,79.87391785794087,82.3117185546672,81.86499968787928,81.73775434556909,81.68251758494391,75.59462962962962,73.19799232837026,78.92876521449833,77.40738959017655,"rgba(38, 166, 154, 0.5)",1.9884399584771753,74.22459258034397,0.5961494661190885,56.91665375773101,1.8404771747823219,True,False,True,False,True,1.0410442182067747,0.0,0.0,0.0,0.0,0,0.8172965390736695,0.8553046856033015,False,False,False,False,0.08449095957792102,0.09718523288487257,False,False,False,False,-54282.0,-22640.721842403775,False,False,False,False,4446.368840197084,False,False,False,False
2025-09-16 17:00:00+00:00,74.705,74.9,74.2,74.515,4254.0,73.22433824967693,73.677745023071,73.93475120662357,74.02255187597788,76.30136416949766,78.91054758374707,80.69715797490106,82.14067918947453,82.42435717905497,81.81833523552439,81.67602801855357,73.07429890764648,73.03452500040862,73.4298449264869,73.84990516393896,74.64962655139317,77.20594370686577,79.85329811250138,82.28989578280692,81.84639898302075,81.72037997762182,81.66710086785953,75.30053417544778,73.22433824967693,78.91054758374707,77.405297240012,#000000,1.988826044689751,74.21843148976421,0.14911737053506366,55.03663136287774,1.8404771747823219,True,False,True,False,False,0.0,0.0,0.0,0.0,0.0,0,0.8126898776717304,0.8528834520768922,False,False,False,False,0.034721789186199475,0.06595351103553602,False,False,False,False,-58536.0,-23197.237782831624,False,False,False,False,4443.386377558369,False,False,False,False
2025-09-17 17:00:00+00:00,74.5,75.645,72.67,72.81,3780.0,73.23264657441761,73.67811825353787,73.93258308486195,74.02026864460865,76.28951352458007,78.89143722323185,80.67443042229064,82.11604504500328,82.40094834932214,81.80033098157548,81.66003540269581,73.09085493230174,73.05190695711714,73.43420687373792,73.84880237055049,74.64425118656443,77.1912468684425,79.83226874498101,82.26854182506877,81.82808174982749,81.7032357105805,81.65186920104662,74.98475059901708,73.23264657441761,78.89143722323185,77.39648596613009,"rgba(239, 83, 80, 0.5)",1.9914242379502505,74.19448738309259,-0.6952247324847403,51.061144133301255,6.089542425485867,True,False,False,False,False,0.0,0.0,0.0,0.0,0.0,0,0.8097014925373137,0.8479744136460555,False,False,False,False,0.005876524674559323,0.03591501785504767,False,False,False,False,-62316.0,-23803.7302203071,False,False,False,False,4433.101317441185,False,False,False,False
2025-09-18 17:00:00+00:00,73.185,73.33,72.88,73.22,1567.0,73.23201549216598,73.67542680100249,73.92946244223855,74.01763500335076,76.28356412595663,78.88269701886134,80.66429133438841,82.10519168159688,82.39065268568191,81.7923712362807,81.65295473428534,73.09141691781649,73.05287432420873,73.43233039386416,73.84653160499862,74.64070639887142,77.18420796408127,79.82279273903765,82.25913843959094,81.8199857948489,81.69564929922018,81.645124088198,74.84485431009405,73.23201549216598,78.88269701886134,77.3909470849031,#000000,1.9831455971409906,74.18014947325304,-0.48415480670569166,49.19410138888905,4.248035192576374,False,False,False,False,False,0.0,0.0,0.0,0.0,0.0,0,0.8055346587855992,0.8644277270284793,False,False,False,False,-0.07155761618949204,-0.017821299167222183,False,False,False,False,-60749.0,-24376.525100612416,False,False,False,False,4388.665638101012,False,False,False,False
2025-09-19 17:00:00+00:00,72.33,72.67,71.87,72.04,2586.0,73.22004319810063,73.66321863171363,73.91820741622794,74.00863799536066,76.27083954083717,78.86595326268161,80.64551249014164,82.08544522501161,82.3719715003241,81.77782801486477,81.63999367115433,73.0758209379526,73.03812310309434,73.41927859723732,73.8377963022369,74.6312046487048,77.16992673713001,79.80499735125701,82.24204964012874,81.80519886363071,81.68177146068741,81.63277484879006,74.54945394623469,73.22004319810063,78.86595326268161,77.37669124586618,"rgba(239, 83, 80, 1.0)",1.9913843073248547,74.14199566831076,-1.0555449596439201,46.16188574853787,1.333226491474548,False,True,False,True,False,0.0,0.0,0.0,0.0,0.0,0,0.7977717667853989,0.8672433648464073,False,False,False,False,-0.13355981845480297,-0.07569055881101258,False,False,False,False,-63335.0,-24980.532463393618,False,False,False,False,4360.717333634329,False,False,False,False
2025-09-22 17:00:00+00:00,70.235,70.41,70.045,70.18,1362.0,73.20189025885036,73.64830930912835,73.90559490616978,73.99880103883126,76.2609278729399,78.85455927392007,80.63334439609484,82.07299961546977,82.36024974574597,81.76860603156628,81.63175257789268,73.0498620085399,73.01280422810639,73.40158046011935,73.82773305825819,74.62218599424666,77.15945583552646,79.7932267538929,82.23130225223098,81.79582721678867,81.67295540340075,81.62492097003287,74.30903454871002,73.20189025885036,78.85455927392007,77.36361078299134,"rgba(255, 0, 0, 1.0)",2.022140819897496,74.10517109523569,-1.9410968101789534,41.828185681964854,-2.6988167570390402,False,True,False,True,False,0.0,0.0,0.0,0.0,0.0,0,0.802272848530118,0.8692045030144587,False,False,False,False,-0.2907279444208035,-0.18320925161590806,False,False,False,False,-64697.0,-25596.29165000767,False,False,False,False,4314.225592027596,False,False,False,False
2025-09-23 17:00:00+00:00,69.8,69.8,69.1,69.115,1809.0,73.17117198842618,73.6237228910977,73.88504585840145,73.98281935429651,76.2459199291007,78.83794765550469,80.61587595783847,82.05529558827675,82.34359918530697,81.75545628067938,81.61998951104987,73.00571433111526,72.96960044630767,73.37202012402578,73.81124587210844,74.60790358297135,77.14385503741853,79.77621680563641,82.21602226959581,81.7824666077752,81.66037625634097,81.61370925095754,73.96820907402493,73.17117198842618,78.83794765550469,77.34311380111122,"rgba(255, 26, 202, 1.0)",2.059958894893017,74.04894881533374,-2.395168577181727,37.830789743179764,-6.322332640827433,False,True,False,True,False,0.0,0.0,0.0,0.0,0.0,0,0.7991523616590255,0.8685094359739843,False,False,False,False,-0.34282825441539394,-0.26301875301565103,False,False,False,False,-66506.0,-26230.550694193596,False,False,False,False,4275.384885174455,False,False,False,False
2025-09-24 17:00:00+00:00,68.8,69.57,68.675,69.19,2168.0,73.13317021705784,73.5933114980185,73.85962421570737,73.96301857732233,76.22751811219578,78.81771205150083,80.59465424167928,82.03382131807273,82.3234044810838,81.73948873664719,81.60570020853486,72.95145228803084,72.91645614214997,73.33548412046598,73.79079841348123,74.59026391199507,77.12477895015898,79.75552773042767,82.19748337715427,81.76624408289159,81.64509850302427,81.60008826813026,73.60196210290357,73.13317021705784,78.81771205150083,77.31796554845326,"rgba(255, 26, 202, 1.0)",2.100198570620463,73.98389807715435,-2.282592772043497,35.35017394000385,-8.549478733127586,False,True,False,True,False,0.0,0.0,0.0,0.0,0.0,0,0.8041389306420444,0.8665449860425166,False,False,False,False,-0.34282825441539394,-0.30292350371552246,False,False,False,False,-64338.0,-26821.363861725476,False,False,False,False,4242.712251295781,False,False,False,False
2025-09-25 17:00:00+00:00,66.81,66.97,66.39,66.79,3604.0,73.03404730165126,73.51655600393946,73.796503801708,73.91404829364335,76.18672150115943,78.77586121810805,80.55210397236382,81.99158494401692,82.28380914249858,81.70793352037984,81.5774034500621,72.80910630574701,72.77647956381647,73.2417285959465,73.73963986253467,74.54822604284409,77.08367906611515,79.71348212983553,82.16106917104007,81.73419744573876,81.61486594699464,81.5731091792697,72.83024371533716,73.03404730165126,78.77586121810805,77.25908219150406,"rgba(255, 26, 202, 1.0)",2.2075330632236083,73.83291508988171,-3.190400727043744,31.45771835859084,-12.134482034513546,False,True,False,True,False,0.0,0.0,0.0,0.0,0.0,0,0.7954521191416676,0.8755738229956229,False,False,False,False,-0.34282825441539394,-0.3228758790654582,False,False,False,False,-67942.0,-27458.893104179344,False,False,False,False,4232.809735771815,False,False,False,False
2025-09-26 17:00:00+00:00,67.01,67.11,66.655,66.95,1331.0,72.99927838251757,73.4894139146688,73.7740864644381,73.89659879430859,76.17204106191211,78.76071855100439,80.53666856447833,81.97623698248077,82.26941316441012,81.69645928028922,81.56711239274532,72.75974068234216,72.72792690225606,73.208751770859,73.72143465476054,74.53318486034884,77.0688566012331,79.69824669161808,82.14782771352405,81.72254471590792,81.6038723966434,81.56329619143256,72.59472739851479,72.99927838251757,78.76071855100439,77.23816510750005,"rgba(255, 26, 202, 1.0)",2.3092320844427885,73.78274423078268,-2.9588815592917777,29.27759074151095,-14.156139414943965,False,True,False,True,False,0.0,0.0,0.0,0.0,0.0,0,0.7929482168369411,0.8836833167102461,False,False,False,False,-0.3302656575416572,-0.3265707683035577,False,False,False,False,-66611.0,-28065.902513416873,False,False,False,False,4187.820437542795,False,False,False,False
