date,Close,High,Low,Open,Volume,aVWAP_peak_839,aVWAP_peak_815,aVWAP_peak_790,aVWAP_peak_718,aVWAP_peak_687,aVWAP_peak_664,aVWAP_peak_646,aVWAP_peak_613,aVWAP_peak_594,aVWAP_peak_561,aVWAP_peak_548,aVWAP_peak_533,aVWAP_peak_490,aVWAP_peak_386,aVWAP_peak_359,aVWAP_peak_328,aVWAP_peak_299,aVWAP_peak_272,aVWAP_peak_238,aVWAP_peak_214,aVWAP_peak_180,aVWAP_peak_155,aVWAP_peak_101,aVWAP_peak_74,aVWAP_peak_12,aVWAP_valley_849,aVWAP_valley_819,aVWAP_valley_769,aVWAP_valley_746,aVWAP_valley_723,aVWAP_valley_696,aVWAP_valley_674,aVWAP_valley_649,aVWAP_valley_626,aVWAP_valley_573,aVWAP_valley_553,aVWAP_valley_536,aVWAP_valley_524,aVWAP_valley_468,aVWAP_valley_442,aVWAP_valley_410,aVWAP_valley_398,aVWAP_valley_378,aVWAP_valley_339,aVWAP_valley_306,aVWAP_valley_305,aVWAP_valley_287,aVWAP_valley_253,aVWAP_valley_241,aVWAP_valley_229,aVWAP_valley_196,aVWAP_valley_169,aVWAP_valley_117,aVWAP_valley_90,aVWAP_valley_36,aVWAP_valley_18,aVWAP_OB_bull_819,aVWAP_OB_bull_573,aVWAP_OB_bear_272,Peaks_Valleys_avg,color,StDev,StDev_Mean,StdDev_ZScore,QQEMOD,QQE1_Value,QQE1_Above_Upper,QQE1_Below_Lower,QQE2_Above_Threshold,QQE2_Below_Threshold,QQE2_Above_TL,banker_RSI,OB,OB_High,OB_Low,OB_Mitigated_Index,TTM_squeeze_Active,VI_plus,VI_minus,VI_Regular_Bullish,VI_Regular_Bearish,VI_Hidden_Bullish,VI_Hidden_Bearish,Fisher,Fisher_Signal,Fisher_Regular_Bullish,Fisher_Regular_Bearish,Fisher_Hidden_Bullish,Fisher_Hidden_Bearish,OBV,OBV_Smoothed,OBV_Regular_Bullish,OBV_Regular_Bearish,OBV_Hidden_Bullish,OBV_Hidden_Bearish,Volume_MA,Vol_Regular_Bullish,Vol_Regular_Bearish,Vol_Hidden_Bullish,Vol_Hidden_Bearish
2022-01-03 00:00:00+00:00,76.8558515391,79.712873646,75.6817328651,78.8714219296,301699,,,,,,,,,,,,,,,,,,,,,,,,,,,,,,,,,,,,,,,,,,,,,,,,,,,,,,,,,,,,,#000000,,,,,,False,False,False,False,False,,0.0,0.0,0.0,0.0,0,,,False,False,False,False,,,False,False,False,False,0,0.0,False,False,False,False,301699.0,False,False,False,False
2022-01-04 00:00:00+00:00,77.1298125631,78.4311274268,74.3412807122,77.1591655299,332804,,,,,,,,,,,,,,,,,,,,,,,,,,,,,,,,,,,,,,,,,,,,,,,,,,,,,,,,,,,,,#000000,,,,100.0,,False,False,True,False,False,,0.0,0.0,0.0,0.0,0,,,False,False,False,False,,,False,False,False,False,332804,13051.13725490196,False,False,False,False,302918.8039215687,False,False,False,False
2022-01-05 00:00:00+00:00,75.163163784,77.6190286773,75.094673528,77.335283331,390622,,,,,,,,,,,,,,,,,,,,,,,,,,,,,,,,,,,,,,,,,,,,,,,,,,,,,,,,,,,,,#000000,,,,70.41348855936738,-68.34604576253048,False,False,True,False,True,,0.0,0.0,0.0,0.0,0,,,False,False,False,False,,,False,False,False,False,-57818,10271.95540176855,False,False,False,False,306358.1449442523,False,False,False,False
2022-01-06 00:00:00+00:00,75.0359675943,76.1122430456,73.751970981,75.57410532,349722,,,,,,,,,,,,,,,,,,,,,,,,,,,,,,,,,,,,,,,,,,,,,,,,,,,,,,,,,,,,,#000000,,,,50.46659914003169,-68.34604576253048,False,False,False,False,True,,0.0,0.0,0.0,0.0,0,,,False,False,False,False,,,False,False,False,False,-407540,-6112.8271630066865,False,False,False,False,308058.68827977177,False,False,False,False
2022-01-07 00:00:00+00:00,74.3510650345,75.0163989498,72.5703183788,73.715084086,345198,,,,,,,,,,,,,,,,,,,,,,,,,,,,,,,,,,,,,,,,,,,,,,,,,,,,,,,,,,,,,#000000,,,,36.251475777260914,-68.34604576253048,False,False,False,True,True,,0.0,0.0,0.0,0.0,0,,,False,False,False,False,,,False,False,False,False,-752738,-35392.245705633875,False,False,False,False,309515.1318766435,False,False,False,False
2022-01-10 00:00:00+00:00,73.9303391763,74.2532218116,72.9665834313,73.6172408632,274561,,,,,,,,,,,,,,,,,,,,,,,,,,,,,,,,,,,,,,,,,,,,,,,,,,,,,,,,,,,,,#000000,,,,26.384824446935472,-68.34604576253048,False,False,False,True,True,,0.0,0.0,0.0,0.0,0,,,False,False,False,False,,,False,False,False,False,-1027299,-74290.54979560901,False,False,False,False,308144.3816069712,False,False,False,False
2022-01-11 00:00:00+00:00,75.4077718411,75.4566934525,73.3530641615,73.783574342,329759,,,,,,,,,,,,,,,,,,,,,,,,,,,,,,,,,,,,,,,,,,,,,,,,,,,,,,,,,,,,,#000000,,,,31.200751076746446,-68.34604576253048,False,False,False,True,True,,0.0,0.0,0.0,0.0,0,,,False,False,False,False,,,False,False,False,False,-697540,-98731.70470558513,False,False,False,False,308992.0137008155,False,False,False,False
2022-01-12 00:00:00+00:00,74.6250260584,76.5134002592,74.507614191,75.6034582868,289427,,,,,,,,,,,,,,,,,,,,,,,,,,,,,,,,,,,,,,,,,,,,,,,,,,,,,,,,,,,,,#000000,,,,32.017678802443385,-68.34604576253048,False,False,False,True,True,,0.0,0.0,0.0,0.0,0,,,False,False,False,False,,,False,False,False,False,-986967,-133564.4613837975,False,False,False,False,308224.7582615678,False,False,False,False
2022-01-13 00:00:00+00:00,74.2238688448,75.6915171874,73.4313387398,75.505615064,198008,,,,,,,,,,,,,,,,,,,,,,,,,,,,,,,,,,,,,,,,,,,,,,,,,,,,,,,,,,,,,#000000,,,,31.55049079299442,-68.34604576253048,False,False,False,True,True,,0.0,0.0,0.0,0.0,0,,,False,False,False,False,,,False,False,False,False,-1184975,-174796.24721188386,False,False,False,False,303902.5324473887,False,False,False,False
2022-01-14 00:00:00+00:00,74.9185557269,75.2610070069,73.1573777159,73.9107705317,334202,,,,,,,,,,,,,,,,,,,,,,,,,,,,,,,,,,,,,,,,,,,,,,,,,,,,,,,,,,,,,#000000,,,,34.63025557179675,-68.34604576253048,False,False,False,True,True,,0.0,0.0,0.0,0.0,0,,,False,False,False,False,,,False,False,False,False,-850773,-201305.1394780845,False,False,False,False,305090.7468612166,False,False,False,False
2022-01-18 00:00:00+00:00,74.1455942665,75.0555362389,73.9107705317,74.0673196883,236843,,,,,,,,,,,,,,,,,,,,,,,,,,,,,,,,,,,,,,,,,,,,,,,,,,,,,,,,,,,,,#000000,,,,34.614598919249026,-68.34604576253048,False,False,False,True,True,,0.0,0.0,0.0,0.0,0,,,False,False,False,False,,,False,False,False,False,-1087616,-236062.42812600275,False,False,False,False,302414.364631365,False,False,False,False
2022-01-19 00:00:00+00:00,76.3666354249,77.0212065857,73.5193976404,73.9499078208,452520,,,,,,,,,,,,,,,,,,,,,,,,,,,,,,,,,,,,,,,,,,,,,,,,,,,,,,,,,,,,,#000000,,,,41.6855446222733,-61.7195821487674,False,False,False,True,True,,0.0,0.0,0.0,0.0,0,,,False,False,False,False,,,False,False,False,False,-635096,-251710.8034936105,False,False,False,False,308300.8601360173,False,False,False,False
2022-01-20 00:00:00+00:00,73.715084086,77.9419113126,73.5732114129,75.6523798982,329073,,,,,,,,,,,,,,,,,,,,,,,,,75.07673560383334,,,,,,,,,,,,,,,,,,,,,,,,,,,,,,,,,,,75.07673560383334,#000000,,75.07673560383334,,40.835970397799265,-57.77641615682436,False,False,False,True,True,,0.0,0.0,0.0,0.0,0,,,False,False,False,False,,,False,False,False,False,-964169,-279650.3406115081,False,False,False,False,309115.4538561735,False,False,False,False
2022-01-21 00:00:00+00:00,71.748435307,73.7501119598,71.5674253447,73.5781035741,406486,,,,,,,,,,,,,,,,,,,,,,,,,73.57282411020685,,,,,,,,,,,,,,,,,,,,,,,,,,,,,,,,,,,73.57282411020685,#000000,,73.57282411020685,,37.71149305676025,-56.48263072169856,False,False,False,True,True,,0.0,0.0,0.0,0.0,0,,,False,False,False,False,,,False,False,False,False,-1370655,-322434.8370581157,False,False,False,False,312933.90664612746,False,False,False,False
2022-01-24 00:00:00+00:00,73.920554854,74.2727904562,68.8131386219,70.5547479884,483371,,,,,,,,,,,,,,,,,,,,,,,,,73.08215673685993,,,,,,,,,,,,,,,,,,,,,,,,,,,,,,,,,,,73.08215673685993,#000000,,73.08215673685993,,40.02398789077242,-50.06699120211576,False,False,False,True,True,,0.0,0.0,0.0,0.0,0,,,False,False,False,False,,,False,False,False,False,-887284,-344585.7846244641,False,False,False,False,319617.7142286323,False,False,False,False
2022-01-25 00:00:00+00:00,71.7582196293,72.6681616017,70.0851005188,71.5918861505,472113,,,,,,,,,,,,,,,,,,,,,,,,,72.6415116030216,,,,,,,,,,,,,,,,,,,,,,,,,,,,,,,,,,,72.6415116030216,#000000,,72.6415116030216,,38.97570353373306,-47.23958824912634,False,False,False,True,True,,0.0,0.0,0.0,0.0,0,,,False,False,False,False,,,False,False,False,False,-1359397,-384382.30287448515,False,False,False,False,325597.921513784,False,False,False,False
2022-01-26 00:00:00+00:00,65.2809982774,71.7777882738,64.645017329,71.3081408042,885957,,,,,,,,,,,,,,,,,,,,,,,,,70.78264856957905,,,,,,,,,,,,,,,,,,,,,,,,,,,,,,,,,,,70.78264856957905,#000000,,70.78264856957905,,33.79683798665988,-47.23958824912634,False,False,False,True,True,,0.0,0.0,0.0,0.0,0,,,False,False,False,False,,,False,False,False,False,-2245354,-457361.5851147014,False,False,False,False,347572.7873367729,False,False,False,False
2022-01-27 00:00:00+00:00,62.3554859146,66.2811517013,61.337916397,65.6625868465,698721,,,,,,,,,,,,,,,,,,,,,,,,,69.19187831176335,,,,,,,,,,,,,,,,,,,,,,,,,,,,,,,,,,,69.19187831176335,#000000,,69.19187831176335,,29.146492852602726,-47.23958824912634,False,False,False,True,True,,0.0,0.0,0.0,0.0,0,,,False,False,False,False,,,False,False,False,False,-2944075,-554879.7582474583,False,False,False,False,361343.30548042885,False,False,False,False
2022-01-28 00:00:00+00:00,63.7057223897,63.7644283234,59.4593265186,61.5629558096,516263,,,,,,,,,,,,,,,,,,,,,,,,,68.25491520621152,,,,,,,,,,,,,,,,,,,,,,,,,,,,,,,62.3098257439,,,,65.28237047505576,#000000,,65.28237047505576,,27.975598464156967,-47.23958824912634,False,False,False,True,True,,0.0,0.0,0.0,0.0,0,,,False,False,False,False,,,False,False,False,False,-2427812,-628328.0814534404,False,False,False,False,367418.5876184512,False,False,False,False
2022-01-31 00:00:00+00:00,66.6899406863,66.6997250086,63.0306041521,63.5491732332,370636,,,,,,,,,,,,,,,,,,,,,,,,,68.00725362751865,,,,,,,,,,,,,,,,,,,,,,,,,,,,,,,63.63189639372007,,,,65.81957501061936,#000000,,65.81957501061936,,30.896922795808305,-44.19352610150779,False,False,False,True,True,,0.0,0.0,0.0,0.0,0,,,False,False,False,False,,,False,False,False,False,-2057176,-684361.3331611486,False,False,False,False,367544.76065302175,False,False,False,False
2022-02-01 00:00:00+00:00,66.2202932167,66.885627132,64.7428605518,66.885627132,385896,,,,,,,,,,,,,,,,,,,,,,,,,67.83268179770606,,,,,,,,,,,,,,,,,,,,,,,,,,,,,,,64.33459407405518,,,,66.08363793588062,#000000,,66.08363793588062,,32.53584479167479,-40.340186363708426,False,False,False,True,True,,0.0,0.0,0.0,0.0,0,,,False,False,False,False,,,False,False,False,False,-2443072,-753330.3789195349,False,False,False,False,368264.4170980013,False,False,False,False
2022-02-02 00:00:00+00:00,64.8407037746,66.8367055205,64.4101935942,66.8367055205,350083,,,,,,,,,,,,,,,,,,,,,,,,,67.6561503756223,,,,,,,,,,,,,,,,,,,,,,,,,,,,,,,64.55633865181815,,,,66.10624451372023,#000000,,66.10624451372023,,32.729539094697145,-37.98939784416835,False,False,False,True,True,,0.0,0.0,0.0,0.0,0,,,False,False,False,False,,,False,False,False,False,-2793155,-833323.5013148473,False,False,False,False,367551.4203490601,False,False,False,False
2022-02-03 00:00:00+00:00,63.7252910343,64.3490415799,63.4415456881,63.5785262,385025,,,,,,,,,,,,,,,,,,,,,,,,,67.37796209350263,,,,,,,,,,,,,,,,,,,,,,,,,,,,,,,64.41871383878257,,,,65.8983379661426,#000000,,65.8983379661426,,32.16580311205598,-36.52660370447937,False,False,False,True,True,,0.0,0.0,0.0,0.0,0,,,False,False,False,False,,,False,False,False,False,-3178180,-925278.6581260298,False,False,False,False,368236.658766744,False,False,False,False
2022-02-04 00:00:00+00:00,65.1929393769,65.5940965905,62.7664274505,63.510035944,344005,,,,,,,,,,,,,,,,,,,,,,,,,67.20312775581789,,,,,,,,,,,,,,,,,,,,,,,,,,,,,,,64.43320990194256,,,,65.81816882888023,#000000,,65.81816882888023,,33.704335839924155,-33.189735929633855,False,False,False,True,True,,0.0,0.0,0.0,0.0,0,,,False,False,False,False,,,False,False,False,False,-2834175,-1000137.3381995187,False,False,False,False,367286.39763863647,False,False,False,False
2022-02-07 00:00:00+00:00,65.7115084579,66.1909402498,64.5178211393,64.9972529312,563111,,,,,,,,,,,,,,,,,,,,,,,,,67.04579347659305,,,,,,,,,,,,,,,,,,,,,,,,,,,,,,,64.63415390842938,,,,65.83997369251122,#000000,,65.83997369251122,,35.39072203169858,-29.925758366507534,False,False,False,True,True,,0.0,0.0,0.0,0.0,0,,,False,False,False,False,,,False,False,False,False,-2271064,-1049977.5994465963,False,False,False,False,374965.7938096703,False,False,False,False
2022-02-08 00:00:00+00:00,66.4649012738,67.2182940896,65.5549593014,65.5940965905,251693,,,,,,,,,,,,,,,,,,,,,,,,,67.02106048982314,,,,,,,,,,,,,,,,,,,,,,,,,,,,,,,64.77551573346268,,,,65.89828811164291,#000000,,65.89828811164291,,37.4889434341257,-26.48138139533813,False,False,False,True,True,,0.0,0.0,0.0,0.0,0,,,False,False,False,False,,,False,False,False,False,-2019371,-1087993.0269192788,False,False,False,False,370131.56660144794,False,False,False,False
2022-02-09 00:00:00+00:00,67.4629021467,67.4922551135,66.4551169515,67.2182940896,197277,,,,,,,,,,,,,,,,,,,,,,,,,67.02449806038516,,,,,,,,,,,,,,,,,,,,,,,,,,,,,,,64.91398788796047,,,,65.96924297417281,#000000,,65.96924297417281,,40.15138822177812,-22.717912171989497,False,False,False,True,True,,0.0,0.0,0.0,0.0,0,,,False,False,False,False,,,False,False,False,False,-1822094,-1116781.3003734248,False,False,False,False,363352.9561464892,False,False,False,False
2022-02-10 00:00:00+00:00,65.7408614248,67.7270788484,65.2809982774,66.0148224487,185651,,,,,,,,,,,,,,,,,,,,,,,,,67.003421955284,,,,,,,,,,,,,,,,,,,,,,,,,,,,,,,64.98384463349844,,,,65.99363329439122,#000000,,65.99363329439122,,40.26139284677359,-21.494993730016624,False,False,False,True,True,,0.0,0.0,0.0,0.0,0,,,False,False,False,False,,,False,False,False,False,-2007745,-1151721.0532999572,False,False,False,False,356384.2519838818,False,False,False,False
2022-02-11 00:00:00+00:00,65.095096154,66.9247644211,64.3123503713,66.2594305058,206770,,,,,,,,,,,,,,,,,,,,,,,,,66.9575713961057,,,,,,,,,,,,,,,,,,,,,,,,,,,,,,,65.00917756154958,,,,65.98337447882764,#000000,,65.98337447882764,,39.749866154585646,-20.949724535408414,False,False,False,True,True,,0.0,0.0,0.0,0.0,0,,,False,False,False,False,,,False,False,False,False,-2214515,-1193399.2472881943,False,False,False,False,350517.0264158865,False,False,False,False
2022-02-14 00:00:00+00:00,65.5256063345,66.0343910933,64.2927817268,64.958115642,214740,,,,,,,,,,,,,,,,,,,,,,,,,66.90798765855698,,,,,,,,,,,,,,,,,,,,,,,,,,,,,,,65.02405263358642,,,,65.9660201460717,#000000,,65.9660201460717,,40.03803775813263,-19.65447034715985,False,False,False,True,True,,0.0,0.0,0.0,0.0,0,,,False,False,False,False,,,False,False,False,False,-1999775,-1225021.8258259122,False,False,False,False,345192.4371446753,False,False,False,False
2022-02-15 00:00:00+00:00,66.9345487434,66.9932546771,65.887626259,66.4453326292,228983,,,,,,,,,,,,,,,,,,,,,,,,,66.89871163115119,,,,,,,,,,,,,,,,,,,,,,,,,,,,,,,65.11025058666007,,,,66.00448110890562,#000000,,66.00448110890562,,42.20630000874925,-16.698297375127055,False,False,False,True,True,,0.0,0.0,0.0,0.0,0,,,False,False,False,False,,,False,False,False,False,-1770792,-1246424.5777543078,False,False,False,False,340635.20431547234,False,False,False,False
2022-02-16 00:00:00+00:00,66.5040385629,67.267215701,65.9071949036,67.0715292553,284960,,,,,,,,,,,,,,,,,,,,,,,,,66.88625590488039,,,,,,,,,,,,,,,,,,,,,,,,,,,,,,,65.2023274475893,,,,66.04429167623485,#000000,,66.04429167623485,,43.148144483758756,-15.040429789166112,False,False,False,True,True,,0.0,0.0,0.0,0.0,0,,,False,False,False,False,,,False,False,False,False,-2055752,-1278162.9080384527,False,False,False,False,338451.8629697676,False,False,False,False
2022-02-17 00:00:00+00:00,64.9287626752,66.2692148281,64.7428605518,65.5940965905,280191,,,,,,,,,,,,,,,,,,,,,,,,,66.83145672537333,,,,,,,,,,,,,,,,,,,,,,,,,,,,,,,65.20887083974907,,,,66.0201637825612,#000000,,66.0201637825612,,42.04128778385683,-15.040429789166112,False,False,False,True,True,,0.0,0.0,0.0,0.0,0,,,False,False,False,False,,,False,False,False,False,-2335943,-1319644.480272239,False,False,False,False,336167.123245463,False,False,False,False
2022-02-18 00:00:00+00:00,63.9992520582,65.7702143916,63.5687418778,64.713507585,255377,,,,,,,,,,,,,,,,,,,,,,,,,66.75803037541381,,,,,,,,,,,,,,,,,,,,,,,,,,,,,,,65.17007078286079,,,,65.96405057913731,#000000,,65.96405057913731,,40.377024893041934,-15.040429789166112,False,False,False,True,False,,0.0,0.0,0.0,0.0,1,,,False,False,False,False,,,False,False,False,False,-2591320,-1369514.108496857,False,False,False,False,332998.88311818993,False,False,False,False
2022-02-22 00:00:00+00:00,63.265427887,64.5471741061,63.025711991,64.371056305,359413,,,,,,,,,,,,,,,,,,,,,,,,,66.62743035658293,,,,,,,,,,,,,,,,,,,,,,,,,,,,,,,65.06603621587196,,,,65.84673328622745,#000000,,65.84673328622745,,38.56193670405813,-15.040429789166112,False,False,False,True,False,,0.0,0.0,0.0,0.0,1,,,False,False,False,False,,,False,False,False,False,-2950733,-1431522.6924773725,False,False,False,False,334034.73083904525,False,False,False,False
2022-02-23 00:00:00+00:00,61.5629558096,64.8739704704,61.2889947856,64.1851541816,540450,,,,,,,,,,,,,,,,,,,,,,,,,66.38929293677221,,,,,,,,,,,,,,,,,,,,,,,,,,,,,,,64.83867211889334,,,,65.61398252783277,#000000,,65.61398252783277,,35.87016113183611,-15.040429789166112,False,False,False,True,False,,0.0,0.0,0.0,0.0,1,,,False,False,False,False,,,False,False,False,False,-3491183,-1512293.6849292403,False,False,False,False,342129.44727672974,False,False,False,False
2022-02-24 00:00:00+00:00,68.0401771614,68.3043538631,59.0190320158,60.8389159606,805895,,,,,,,,,,,,,,,,,,,,,,,,,66.28711883344772,,,,,,,,,,,,,,,,,,,,,,,,,,,,,,65.1211876801,64.87252042334757,,,,65.42694231229842,#000000,,65.42694231229842,,42.127528473797526,-14.460512655573588,False,False,False,True,True,,0.0,0.0,0.0,0.0,1,,,False,False,False,False,,,False,False,False,False,-2685288,-1558293.4619908386,False,False,False,False,360316.33169725013,False,False,False,False
2022-02-25 00:00:00+00:00,70.2710026421,71.1320230031,67.4506717438,67.7955691043,601567,,,,,,,,,,,,,,,,,,,,,,,,,66.47607987419089,,,,,,,,,,,,,,,,,,,,,,,,,,,,,,67.04313883514466,65.26207673967026,,,,66.26043181633527,#000000,,66.26043181633527,,48.057993830266554,-8.965271176731576,False,False,False,False,True,,0.0,0.0,0.0,0.0,0,,,False,False,False,False,,,False,False,False,False,-2083721,-1578898.463481394,False,False,False,False,369777.1422189266,False,False,False,False
2022-02-28 00:00:00+00:00,69.8111394948,70.8287090123,68.7935699773,69.781786528,586600,,,,,,,,,,,,,,,,,,,,,,,,,66.65090492353485,,,,,,,,,,,,,,,,,,,,,,,,,,,,,,67.857411002687,65.5992365370569,,,,66.70251748775958,#000000,,66.70251748775958,,51.498305318717954,-5.918800421586603,False,False,True,False,True,,0.0,0.0,0.0,0.0,0,,,False,False,False,False,,,False,False,False,False,-2670321,-1621699.3472664375,False,False,False,False,378279.99938681186,False,False,False,False
2022-03-01 00:00:00+00:00,69.6154530491,70.2122967084,68.059745806,69.3414920252,501959,,,,,,,,,,,,,,,,,,,,,,,,,66.76445390346231,,,,,,,,,,,,,,,,,,,,,,,,,,,,,,68.14668272450153,65.81969983749056,,,,66.91027882181812,#000000,,66.91027882181812,,53.560521734403835,-4.095905168106661,False,False,True,False,True,,0.0,0.0,0.0,0.0,0,,,False,False,False,False,,,False,False,False,False,-3172280,-1682506.4316873616,False,False,False,False,383130.15627360356,False,False,False,False
2022-03-02 00:00:00+00:00,70.2710026421,70.6085617609,68.7250797213,69.4980411817,322607,,,,,,,,,,,,,,,,,,,,,,,,,66.84779185983535,,,,,,,,,,,,,,,,,,,,,,,,,,,,,,68.34372123708025,65.9691513216692,,,,67.05355480619494,#000000,,67.05355480619494,,55.52727386441531,-2.2465657753916446,False,False,True,False,True,,0.0,0.0,0.0,0.0,0,,,False,False,False,False,,,False,False,False,False,-2849673,-1728277.6696604062,False,False,False,False,380756.6991648348,False,False,False,False
2022-03-03 00:00:00+00:00,69.7622178834,70.231865353,68.6761581099,69.4099822812,298179,,,,,,,,,,,,,,,,,,,,,,,,,66.91339326955563,,,,,,,,,,,,,,,,,,,,,,,,,,,,,,68.45976911665106,66.08752097374776,,,,67.15356111998481,#000000,,67.15356111998481,,56.15287829201422,-1.5386916832205415,False,False,True,False,True,,0.0,0.0,0.0,0.0,0,,,False,False,False,False,,,False,False,False,False,-3147852,-1783947.251242351,False,False,False,False,377518.35802111577,False,False,False,False
2022-03-04 00:00:00+00:00,69.8404924617,70.7993560455,69.0870996458,69.7622178834,279186,,,,,,,,,,,,,,,,,,,,,,,,,66.9798093137616,,,,,,,,,,,,,,,,,,,,,,,,,,,,,,68.57890957083137,66.20203787082826,,,,67.25358558514041,#000000,,67.25358558514041,,56.652576381029604,-0.8098486685803437,False,False,True,False,True,,0.0,0.0,0.0,0.0,0,,,False,False,False,False,,,False,False,False,False,-2868666,-1826485.24138971,False,False,False,False,373662.18711832695,False,False,False,False
2022-03-07 00:00:00+00:00,71.2885721597,71.8462785298,69.1193879093,70.2612183199,412804,,,,,,,,,,,,,,,,,,,,,,,,,67.09952696118546,,,,,,,,,,,,,,,,,,,,,,,,,,,,,,68.81436923181326,66.39506266624996,,,,67.43631961974955,#000000,,67.43631961974955,,58.480401740167125,1.232075915913228,False,False,True,False,True,,0.0,0.0,0.0,0.0,0,,,False,False,False,False,,,False,False,False,False,-2455862,-1851166.682903839,False,False,False,False,375197.16017251025,False,False,False,False
2022-03-08 00:00:00+00:00,76.2198705907,77.3958007104,70.6342025222,71.192769329,1119328,,,,,,,,,,,,,,,,,,,,,,,,,67.70580827552979,,,,,,,,,,,,,,,,,,,,,,,,,,,,,,70.1625230710094,67.2570933410563,,,,68.37514156253182,#000000,,68.37514156253182,,63.28338408150515,5.984832130421836,False,False,True,False,True,,0.0,0.0,0.0,0.0,0,,,False,False,False,False,,,False,False,False,False,-1336534,-1830985.0090644727,False,False,False,False,404378.7617343726,False,False,False,False
2022-03-09 00:00:00+00:00,73.5152313154,75.7494985428,73.2800452915,75.4163183422,589487,,,,,,,,,,,,,,,,,,,,,,,,,67.96525011687068,,,,,,,,,,,,,,,,,,,,,,,,,,,,,,70.59190968222158,67.61396108365741,,,,68.72370696091656,#000000,,68.72370696091656,,62.93137864866093,5.984832130421836,False,False,True,False,True,,0.0,0.0,0.0,0.0,0,,,False,False,False,False,,,False,False,False,False,-1926021,-1834711.9106697876,False,False,False,False,411637.9083330247,False,False,False,False
2022-03-10 00:00:00+00:00,75.7494985428,75.7641976693,71.8493303125,72.476493043,540966,,,,,,,,,,,,,,,,,,,,,,,,,68.19536607260783,,,,,,,,,,,,,,,,,,,,,,,,,,,,,,70.93678345554203,67.92286684281926,,,,69.01833879032303,#000000,,69.01833879032303,,64.17394069856118,7.205453653155871,False,False,True,False,True,,0.0,0.0,0.0,0.0,0,,,False,False,False,False,,,False,False,False,False,-1385055,-1817078.3063297959,False,False,False,False,416709.59820231784,False,False,False,False
2022-03-11 00:00:00+00:00,76.9058298272,78.9833063719,75.9846845667,76.4354577793,565659,,,,,,,,,,,,,,,,,,,,,,,,,68.52058890397215,,,,,,,,,,,,,,,,,,,,,,,,,,,,,,71.47940814336273,68.34530004751815,,,,69.44843236495102,#000000,,69.44843236495102,,65.6981546370705,8.929233009366115,False,False,True,False,True,,0.0,0.0,0.0,0.0,0,,,False,False,False,False,,,False,False,False,False,-819396,-1777953.5100031372,False,False,False,False,422550.75121399167,False,False,False,False
2022-03-14 00:00:00+00:00,72.5744872197,76.8372339035,71.6974393387,76.0728793257,552468,,,,,,,,,,,,,,,,,,,,,,,,,68.69545939728106,,,,,,,,,,,,,,,,,,,,,,,,,,,,,,71.65058598833119,68.57130108387244,,,,69.63911548982823,#000000,,69.63911548982823,,62.01490599809635,8.929233009366115,False,False,True,False,False,,0.0,0.0,0.0,0.0,0,,,False,False,False,False,,,False,False,False,False,-1371864,-1762028.4311794848,False,False,False,False,427645.54528403125,False,False,False,False
2022-03-15 00:00:00+00:00,76.7588385622,76.9156292448,72.6332837257,72.8782691673,547146,,,,,,,,,,,,,,,,,,,,,,,,,68.9134259213866,,,,,,,,,,,,,,,,,,,,,,,,,,,,,,71.91873316243714,68.84657549088634,,,,69.89291152490335,#000000,,69.89291152490335,,62.2643630830577,8.929233009366115,False,False,True,False,False,6.018913453529969,0.0,0.0,0.0,0.0,0,,,False,False,False,False,0.2132475817394736,0.2132475817394736,False,False,False,False,-824718,-1725271.1593685248,False,False,False,False,432331.837625834,False,False,False,False
2022-03-16 00:00:00+00:00,76.7882368152,77.5133937223,74.3334826904,77.5133937223,454857,,,,,,,,,,,,,,,,,,,,,,,,,69.10448675810811,,,,,,,,,,,,,,,,,,,,,,,,,,,,,,72.1574857896778,69.08418279066287,,,,70.11538511281627,#000000,,70.11538511281627,,62.44780836888471,8.929233009366115,False,False,True,False,False,6.056795706093084,0.0,0.0,0.0,0.0,0,0.9692883950393352,0.9953494917290366,False,False,False,False,0.2715949933001179,0.24242128751979575,False,False,False,False,-369861,-1672117.8197854455,False,False,False,False,433215.1773267817,False,False,False,False
2022-03-17 00:00:00+00:00,78.0425622762,78.86571336,76.4354577793,76.4354577793,342423,,,,,,,,,,,,,,,,,,,,,,,,,69.27218209891969,,,,,,,,,,,,,,,,,,,,,,,,,,,,,,72.38347742379536,69.29039696431897,,,,70.31535216234467,#000000,,70.31535216234467,,63.324560211523206,8.929233009366115,True,False,True,False,False,7.66669364452002,0.0,0.0,0.0,0.0,0,0.9924068051468791,0.9773413572747962,False,False,False,False,0.34282824979745574,0.29262476865862574,False,False,False,False,-27438,-1607620.5719507223,False,False,False,False,429654.69978455495,False,False,False,False
2022-03-18 00:00:00+00:00,78.2385506295,79.6104691024,77.4741960517,78.3169459708,739545,,,,,,,,,,,,,,,,,,,,,,,,,69.6395676790253,,,,,,,,,,,,,,,,,,,,,,,,,,,,,,72.8672286885533,69.73616778058626,,,,70.74765471605495,#000000,,70.74765471605495,,64.02957981384282,8.929233009366115,True,False,True,False,False,7.9164501826747085,0.0,0.0,0.0,0.0,0,0.9943369260733024,0.9666405641468936,False,False,False,False,0.3428282500406879,0.31772650934965685,False,False,False,False,712107,-1516650.8632467724,False,False,False,False,441807.2605773175,False,False,False,False
2022-03-21 00:00:00+00:00,77.493794887,78.6109285007,76.6216467149,77.670184405,505135,,,,,,,,,,,,,,,,,,,,,,,,,69.85097383145137,,,,,,,,,,,,,,,,,,,,,,,,,,,,,,73.11076102365581,69.98861038166201,,,,70.9834484122564,#000000,,70.9834484122564,,63.59475129209702,8.929233009366115,True,False,True,False,False,6.740786084462705,0.0,0.0,0.0,0.0,0,0.9976811149972356,0.9630800623180497,False,False,False,False,0.30282964079632463,0.31027807507299077,False,False,False,False,206972,-1449057.8097861146,False,False,False,False,444290.70133899135,False,False,False,False
2022-03-22 00:00:00+00:00,78.1993529588,78.3953413121,77.640786152,77.9053704289,284580,,,,,,,,,,,,,,,,,,,,,,,,,69.97262561205147,,,,,,,,,,,,,,,,,,,,,,,,,,,,,,73.25142393923834,70.13276110380303,,,,71.11893688503095,#000000,,71.11893688503095,,63.819715615987775,8.929233009366115,True,False,True,False,False,7.663749136876049,0.0,0.0,0.0,0.0,0,1.0120168647234768,0.9557005538005756,False,False,False,False,0.32006138164142806,0.3151697283572094,False,False,False,False,491552,-1372955.464304306,False,False,False,False,438027.53658059955,False,False,False,False
2022-03-23 00:00:00+00:00,77.1312164334,77.8073762523,76.2002717554,77.0528210921,268259,,,,,,,,,,,,,,,,,,,,,,,,,70.06986280640848,,,,,,,,,,,,,,,,,,,,,,,,,,,,,,73.35008088346252,70.24696739601283,,,,71.22230369529461,#000000,,71.22230369529461,,62.58683391911269,8.929233009366115,True,False,True,False,False,5.972420199587411,0.0,0.0,0.0,0.0,0,0.9972690525542428,0.9526512648188179,False,False,False,False,0.2768900451362002,0.29602988674670483,False,False,False,False,223293,-1310357.4853119804,False,False,False,False,431369.9469107721,False,False,False,False
2022-03-24 00:00:00+00:00,76.8274344859,77.7485797463,76.0336816551,77.4447977987,387383,,,,,,,,,,,,,,,,,,,,,,,,,70.20222043286219,,,,,,,,,,,,,,,,,,,,,,,,,,,,,,73.47744062144935,70.40127540878223,,,,71.36031215436459,#000000,,71.36031215436459,,61.368229855671004,8.929233009366115,True,False,True,False,False,5.494463984001822,0.0,0.0,0.0,0.0,0,0.9934369353954696,0.9612532260851552,False,False,False,False,0.27215743341900134,0.2840936600828531,False,False,False,False,-164090,-1265405.8192213145,False,False,False,False,429644.9686005458,False,False,False,False
2022-03-25 00:00:00+00:00,77.2978065337,77.9151698466,76.7490391445,77.4447977987,217751,,,,,,,,,,,,,,,,,,,,,,,,,70.27926057593078,,,,,,,,,,,,,,,,,,,,,,,,,,,,,,73.55405028724088,70.49072434860466,,,,71.4413450705921,#000000,,71.4413450705921,,61.00230769044467,8.929233009366115,True,False,True,False,False,6.136696535616732,0.0,0.0,0.0,0.0,0,0.9903436167281948,0.967218500176249,False,False,False,False,0.2907464172723907,0.2874200386776219,False,False,False,False,53661,-1213677.708663616,False,False,False,False,421335.401204446,False,False,False,False
2022-03-28 00:00:00+00:00,77.7191814933,78.5227337417,77.0479213833,77.4447977987,200544,,,,,,,,,,,,,,,,,,,,,,,,,70.35312045012431,,,,,,,,,,,,,,,,,,,,,,,,,,,,,,73.62993222253223,70.57629078089128,,,,71.51978115118261,#000000,,71.51978115118261,,61.17072661018136,8.929233009366115,True,False,True,False,False,6.713475047437267,0.0,0.0,0.0,0.0,0,0.9999085994023884,0.9570407024083791,False,False,False,False,0.3100577865326841,0.298738912605153,False,False,False,False,254205,-1156113.680872886,False,False,False,False,412676.91488270304,False,False,False,False
2022-03-29 00:00:00+00:00,80.3650242626,80.3748236802,77.7387803286,78.0131640232,364404,,,,,,,,,,,,,,,,,,,,,,,,,70.51413409371517,,,,,,,,,,,,,,,,,,,,,,,,,,,,,,73.81589532074454,70.76292939159069,,,,71.69765293535013,#000000,,71.69765293535013,,63.55408649442021,9.75550554180608,True,False,True,False,True,10.191421933651213,0.0,0.0,0.0,0.0,0,1.0064945197569466,0.9411659844362099,False,False,False,False,0.34282825016970275,0.3207835813874279,False,False,False,False,618609,-1086516.712995518,False,False,False,False,410783.85939710686,False,False,False,False
2022-03-30 00:00:00+00:00,78.0719605292,80.2180329976,77.1018181804,80.2180329976,346620,,,,,,,,,,,,,,,,,,,,,,,,,70.64515413775113,,,,,,,,,,,,,,,,,,,,,,,,,,,,,,73.95202175691419,70.91326403793181,,,,71.83681331086571,#000000,,71.83681331086571,,61.85495932814595,9.75550554180608,True,False,True,False,False,6.519645477033652,0.0,0.0,0.0,0.0,1,0.9958448109850372,0.9406782661469633,False,False,False,False,0.32606971282118397,0.3234266471043059,False,False,False,False,271989,-1033241.9791525566,False,False,False,False,408267.62961682817,False,False,False,False
2022-03-31 00:00:00+00:00,80.1886347446,80.3552248449,77.9445680996,78.1503558705,401526,,,,,,,,,,,,,,,,,,,,,,,,,70.81096767684433,,,,,,,,,,,,,,,,,,,,,,,,,,,,,,74.13393977969727,71.1030626050765,,,,72.01599002053938,#000000,,72.01599002053938,,62.49273555614353,9.75550554180608,True,False,True,False,False,9.191271609264518,0.0,0.0,0.0,0.0,1,1.004350753948431,0.9528793788156721,False,False,False,False,0.34282825019223956,0.3331274486482727,False,False,False,False,673515,-966310.3329112799,False,False,False,False,408003.2519847957,False,False,False,False
2022-04-01 00:00:00+00:00,80.8843933988,81.1587770933,79.6202685201,80.5610126158,297636,,,,,,,,,,,,,,,,,,,,,,,,,70.94441998450708,,,,,,,,,,,,,,,,,,,,,,,,,,,,,,74.28639753043323,71.25549154993989,,,,72.16210302162673,#000000,,72.16210302162673,,63.45157510584419,9.837828545868767,True,False,True,False,False,10.0412847342768,0.0,0.0,0.0,0.0,1,1.015881434286989,0.952765018246758,False,False,False,False,0.34282825047103554,0.33797784955965415,False,False,False,False,971151,-890331.4571108376,False,False,False,False,403675.12445598014,False,False,False,False
2022-04-04 00:00:00+00:00,80.1102394033,80.5904108688,78.6795244244,80.3454254272,311532,,,,,,,,,,,,,,,,,,,,,,,,,71.06948583245229,,,,,,,,,,,,,,,,,,,,,,,,,,,,,,74.41994873099193,71.3972238466594,,,,72.29555280336787,#000000,,72.29555280336787,,62.9728253971508,9.837828545868767,True,False,True,False,False,8.812171506806084,0.0,0.0,0.0,0.0,1,1.0213185818304187,0.9251360156646573,False,False,False,False,0.3133468235731024,0.3256623365663783,False,False,False,False,659619,-829549.0862437459,False,False,False,False,400061.66859496135,False,False,False,False
2022-04-05 00:00:00+00:00,80.149437074,81.2665706877,79.4046813315,80.4728178569,404212,,,,,,,,,,,,,,,,,,,,,,,,,71.23523095776675,,,,,,,,,,,,,,,,,,,,,,,,,,,,,,74.59851892513169,71.58437963479614,,,,72.47270983923153,#000000,,72.47270983923153,,62.68973785778039,9.837828545868767,True,False,True,False,False,8.861559667665375,0.0,0.0,0.0,0.0,1,1.0470596278950268,0.9220754141578522,False,False,False,False,0.3407038548516229,0.3331830957090006,False,False,False,False,1063831,-755298.8867832068,False,False,False,False,400224.4266892766,False,False,False,False
2022-04-06 00:00:00+00:00,80.7178032985,81.7075444825,79.3777329329,79.9240504677,336794,,,,,,,,,,,,,,,,,,,,,,,,,71.37368080021619,,,,,,,,,,,,,,,,,,,,,,,,,,,,,,74.74730827785135,71.74005006256213,,,,72.6203463802099,#000000,,72.6203463802099,,63.04988614211847,9.868888378052354,True,False,True,False,False,9.58378391749012,0.0,0.0,0.0,0.0,0,1.047237738625368,0.9154119007490457,False,False,False,False,0.34282825050293836,0.3380056731059695,False,False,False,False,1400625,-670752.8520073948,False,False,False,False,397736.9589759716,False,False,False,False
2022-04-07 00:00:00+00:00,80.1396376563,80.6982044631,79.0910999662,80.4728178569,321970,,,,,,,,,,,,,,,,,,,,,,,,,71.49355778845967,,,,,,,,,,,,,,,,,,,,,,,,,,,,,,74.86835079123202,71.87378130931502,,,,72.74522996300225,#000000,,72.74522996300225,,62.303912743642414,9.868888378052354,True,False,True,False,False,8.635784232158649,0.0,0.0,0.0,0.0,1,1.0883692641884024,0.9126180709686128,False,False,False,False,0.31768111009467337,0.32784339160032144,False,False,False,False,1078655,-602148.6225169088,False,False,False,False,394765.70568279625,False,False,False,False
2022-04-08 00:00:00+00:00,79.3066871548,80.4630184392,78.9637075366,80.4630184392,484639,,,,,,,,,,,,,,,,,,,,,,,,,71.65964328207541,,,,,,,,,,,,,,,,,,,,,,,,,,,,,,75.02691954426076,72.05757751061157,,,,72.91471344564924,#000000,,72.91471344564924,,60.41846158517897,9.868888378052354,True,False,True,False,False,7.280105565044757,0.0,0.0,0.0,0.0,1,1.115653375078606,0.8690581378020472,False,False,False,False,0.310715878200894,0.31927963490060773,False,False,False,False,594016,-555240.2059476182,False,False,False,False,398290.14859719644,False,False,False,False
2022-04-11 00:00:00+00:00,79.6790650261,81.1195794227,78.7677191833,79.826056291,681777,,,,,,,,,,,,,,,,,,,,,,,,,71.88985869872963,,,,,,,,,,,,,,,,,,,,,,,,,,,,,,75.2452869380665,72.31078873333216,,,,73.14864479004277,#000000,,73.14864479004277,,59.63228637067824,12.606765600450892,True,False,True,False,False,7.777178322443177,0.0,0.0,0.0,0.0,1,1.1308313076652867,0.8417876075905846,False,False,False,False,0.3176265755901051,0.3184531052453564,False,False,False,False,1275793,-483434.98218496656,False,False,False,False,409407.2800247574,False,False,False,False
2022-04-12 00:00:00+00:00,80.7961986398,82.8099789697,80.1298382386,80.3160271742,472752,,,,,,,,,,,,,,,,,,,,,,,,,72.0685987605603,,,,,,,,,,,,,,,,,,,,,,,,,,,,,,75.42772209166716,72.50753206533365,,,,73.33461763918704,#000000,,73.33461763918704,,60.46526659476011,12.606765600450892,True,False,True,False,False,9.254466167054282,0.0,0.0,0.0,0.0,1,1.1101488536448079,0.847450168280906,False,False,False,False,0.34282825038754716,0.3306406778164518,False,False,False,False,1748545,-395906.3554326149,False,False,False,False,411891.38669045316,False,False,False,False
2022-04-13 00:00:00+00:00,82.0995211891,82.5208961486,79.6986638614,80.8843933988,345610,,,,,,,,,,,,,,,,,,,,,,,,,72.19768358816569,,,,,,,,,,,,,,,,,,,,,,,,,,,,,,75.55845215741434,72.64904662218966,,,,73.4683941225899,#000000,,73.4683941225899,,62.418926821513494,12.606765600450892,True,False,True,False,True,10.930641615577109,0.0,0.0,0.0,0.0,1,1.0925271558909437,0.8520467942864012,False,False,False,False,0.3283909231684876,0.3295158004924697,False,False,False,False,2094155,-298256.89051368885,False,False,False,False,409292.11662416084,False,False,False,False
2022-04-14 00:00:00+00:00,83.2068553851,84.4121837578,82.1681171127,82.1681171127,405662,,,,,,,,,,,,,,,,,,,,,,,,,72.37373397476256,,,,,,,,,,,,,,,,,,,,,,,,,,,,,,75.75018811621912,72.84281039156387,,,,73.65557749418186,#000000,,73.65557749418186,,64.77443847799012,11.633215802742157,True,False,True,False,True,12.316151405503785,0.0,0.0,0.0,0.0,1,1.1143453619528128,0.8359407092305308,False,False,False,False,0.3428282507503448,0.33617202562140724,False,False,False,False,2499817,-188528.50265040697,False,False,False,False,409149.7591094879,False,False,False,False
2022-04-18 00:00:00+00:00,84.5199773521,85.2157360062,83.589032674,83.6086315093,320600,,,,,,,,,,,,,,,,,,,,,,,,,72.52359863512405,,,,,,,,,,,,,,,,,,,,,,,,,,,,,,75.91784458360124,73.00778241940364,,,,73.81640854604298,#000000,,73.81640854604298,,67.45383355376659,14.071715997648496,True,False,True,False,True,13.914593727595083,0.0,0.0,0.0,0.0,0,1.1326001884176689,0.8115561011022159,False,False,False,False,0.34282825094153685,0.3395001382814721,False,False,False,False,2820417,-70530.63980137142,False,False,False,False,405677.21953656676,False,False,False,False
2022-04-19 00:00:00+00:00,85.2745325122,85.3333290182,83.9369120011,84.8041604644,415497,,,,,,,,,,,,,,,,,,,,,,,,,72.71881429498644,,,,,,,,,,,,,,,,,,,,,,,,,,,,,,76.13565721413404,73.22209084551554,,,,74.02552078487867,#000000,,74.02552078487867,,69.82441129249816,16.171405189662565,True,False,True,False,True,14.814491347765212,0.0,0.0,0.0,0.0,0,1.1423065063359428,0.8184209848366993,False,False,False,False,0.34282825097904773,0.34116419463025993,False,False,False,False,3235914,59133.85587711373,False,False,False,False,406062.30896650534,False,False,False,False
2022-04-20 00:00:00+00:00,84.3239889988,86.7444451618,84.0447055954,86.5092591379,258182,,,,,,,,,,,,,,,,,,,,,,,,85.03771325200002,72.83887921199016,,,,,,,,,,,,,,,,,,,,,,,,,,,,,,76.2685579342251,73.35350060689075,,,,76.8746627512765,"rgba(38, 166, 154, 1.0)",6.1947412977002,76.8746627512765,1.2025241877798942,69.36622702569719,16.171405189662565,True,False,True,False,True,13.145286400375184,0.0,0.0,0.0,0.0,0,1.1280996806893886,0.8134369541978296,False,False,False,False,0.3428282510960082,0.341996222863134,False,False,False,False,2977732,173588.6850584034,False,False,False,False,400263.0811638973,False,False,False,False
2022-04-21 00:00:00+00:00,80.5022161099,84.931552894,80.1592364916,84.6179715287,317304,,,,,,,,,,,,,,,,,,,,,,,,83.2880172377363,72.94570885705188,,,,,,,,,,,,,,,,,,,,,,,,,,,,,,76.36937889621154,73.468262263824,,,,76.51784181370593,"rgba(38, 166, 154, 0.5)",6.236641591937807,76.51784181370593,0.6388653632661419,62.98735975009546,17.278510195518393,True,False,True,False,False,6.9005132185010964,0.0,0.0,0.0,0.0,0,1.086879261594252,0.8399335480207202,False,False,False,False,0.25085685587303247,0.2964265393680833,False,False,False,False,2660428,271111.7954482699,False,False,False,False,397009.7838633523,False,False,False,False
2022-04-22 00:00:00+00:00,78.86571336,82.1387188597,78.3953413121,80.7080038808,874645,,,,,,,,,,,,,,,,,,,,,,,,81.18417774783772,73.16227628452029,,,,,,,,,,,,,,,,,,,,,,,,,,,,,,76.53169415568505,73.69516991635182,,,,76.14332952609871,#000000,6.253800723742002,76.14332952609871,0.4353166904672866,56.86940859957371,11.907660285283768,False,False,True,False,False,4.441335580152245,0.0,0.0,0.0,0.0,1,1.0648807827599467,0.8664908438049015,False,False,False,False,0.18025947096992553,0.23834300516900442,False,False,False,False,1785783,330510.66621500446,False,False,False,False,415740.57665302476,False,False,False,False
2022-04-25 00:00:00+00:00,77.4251989634,78.4933354887,75.4555160129,78.4933354887,423575,,,,,,,,,,,,,,,,,,,,,,,,80.26647759585573,73.22199328063084,,,,,,,,,,,,,,,,,,,,,,,,,,,,,,76.54497735080535,73.75367448967913,,,,75.94678067924276,#000000,6.267657354064514,75.94678067924276,0.23588052132404833,51.342104192530144,7.219833448867938,False,False,False,False,False,2.3550828343632304,0.0,0.0,0.0,0.0,0,1.0483039322567214,0.8938840498320378,False,False,False,False,0.08111745551284542,0.15973023034092493,False,False,False,False,1362208,370969.3851869651,False,False,False,False,416047.80894114147,False,False,False,False
2022-04-26 00:00:00+00:00,76.4942542853,77.7681785816,75.7788967958,77.0332222568,329965,,,,,,,,,,,,,,,,,,,,,,,,79.7295254680053,73.26212510310052,,,,,,,,,,,,,,,,,,,,,,,,,,,,,,76.54730067641796,73.79205845974487,,,,75.83275242681717,#000000,6.27483497953825,75.83275242681717,0.10542139524624035,46.78785210133155,3.4648026433068893,False,True,False,True,False,1.038243903522531,0.0,0.0,0.0,0.0,0,1.0583101640391581,0.8927996537962951,False,False,False,False,0.07513901637522007,0.1174346233580725,False,False,False,False,1032243,396901.6838070841,False,False,False,False,412672.0125120771,False,False,False,False
2022-04-27 00:00:00+00:00,77.434998381,79.2380912312,77.2782076984,78.1307570352,405988,,,,,,,,,,,,,,,,,,,,,,,,79.45793539122035,73.32858946557597,,,,,,,,,,,,,,,,,,,,,,,,,,,,,,76.5769866585483,73.85862343046064,,,,75.80553373645131,#000000,6.290633876898599,75.80553373645131,0.25903027841640136,45.14623246590689,2.3295285774721535,False,True,False,True,False,2.314139937958174,0.0,0.0,0.0,0.0,0,1.063391454582978,0.8699893331591306,False,False,False,False,0.11947659501692674,0.11845560918749962,False,False,False,False,1438231,437738.1275793553,False,False,False,False,412409.8943743486,False,False,False,False
2022-04-28 00:00:00+00:00,79.3360854078,79.8064574557,77.8367745052,78.4982351976,333956,,,,,,,,,,,,,,,,,,,,,,,,79.40520001840498,73.39342826749667,,,,,,,,,,,,,,,,,,,,,,,,,,,,,,76.61737258644094,73.92482849550493,,,,75.83520734196188,"rgba(38, 166, 154, 0.5)",6.32613059900511,75.83520734196188,0.5533995877967954,46.56817383640628,2.3295285774721535,False,True,False,True,False,4.810929753954536,0.0,0.0,0.0,0.0,0,1.054936090096692,0.8734827551379089,False,False,False,False,0.13641811895794484,0.12743686407272223,False,False,False,False,1772187,490069.4559095767,False,False,False,False,409333.27106555057,False,False,False,False
2022-04-29 00:00:00+00:00,76.1414752494,79.8603542529,75.5828104483,78.86571336,353799,,,,,,,,,,,,,,,,,,,,,,,,79.16804174285404,73.43897467565697,,,,,,,,,,,,,,,,,,,,,,,,,,,,,,76.62742136482588,73.96889656561433,,,,75.8008335872378,#000000,6.329524209982047,75.8008335872378,0.05381789386712288,44.32803685489617,1.9494550099549457,False,True,False,True,False,0.37148247835016335,0.0,0.0,0.0,0.0,0,1.0371650948384332,0.8777847903276036,False,False,False,False,0.10340719289334127,0.11542202848303175,False,False,False,False,1418388,526474.1046974364,False,False,False,False,407155.4565139604,False,False,False,False
2022-05-02 00:00:00+00:00,74.7303591058,76.298265932,73.2751455826,75.8180944665,385437,,,,,,,,,,,,,,,,,,,,,,,,78.70753754116299,73.45609758960924,,,,,,,,,,,,,,,,,,,,,,,,,,,,,,76.59282801219621,73.98045763483645,,,,75.68423019445123,#000000,6.329763331595156,75.68423019445123,-0.15069616961663596,41.692777657618954,-0.561562213652536,False,True,False,True,False,0.0,0.0,0.0,0.0,0.0,0,1.0302526755289165,0.8991509101058424,False,False,False,False,0.016230758584369027,0.06582639353370039,False,False,False,False,1032951,546335.9437289096,False,False,False,False,406303.75233694236,False,False,False,False
2022-05-03 00:00:00+00:00,76.7490391445,79.1106988016,72.5156907137,72.5156907137,360254,,,,,,,,,,,,,,,,,,,,,,,,78.47743765409972,73.48785769314654,,,,,,,,,,,,,,,,,,,,,,,,,,,,,,76.58483483780732,74.00907447474619,,,,75.63980116494994,#000000,6.3397533639111945,75.63980116494994,0.17496547828884862,42.46116633182962,-0.561562213652536,False,True,False,True,False,1.1641939673173383,0.0,0.0,0.0,0.0,0,1.0322283329547273,0.8790376047895864,False,False,False,False,0.0466256567948989,0.05622602516429964,False,False,False,False,1393205,579546.4949552269,False,False,False,False,404497.87969627796,False,False,False,False
2022-05-04 00:00:00+00:00,79.826056291,80.0514428973,76.5432513736,76.6412455502,310502,,,,,,,,,,,,,,,,,,,,,,,,78.50093631865926,73.54185659175715,,,,,,,,,,,,,,,,,,,,,,,,,,,,,,76.61709233256806,74.06362433065567,,,,75.68087739341004,"rgba(38, 166, 154, 0.5)",6.3782449750922625,75.68087739341004,0.6498933348871563,46.08191696272813,-0.561562213652536,False,True,False,True,True,4.921655129698525,0.0,0.0,0.0,0.0,0,1.0633948461200768,0.8657352919017514,False,False,False,False,0.12065281911575149,0.08843942214002556,False,False,False,False,1703707,623631.2206432573,False,False,False,False,400811.76676701213,False,False,False,False
2022-05-05 00:00:00+00:00,77.5133937223,79.2086929782,76.6608443856,79.2086929782,218543,,,,,,,,,,,,,,,,,,,,,,,,78.46716048968626,73.57202622531516,,,,,,,,,,,,,,,,,,,,,,,,,,,,,,76.62899885906809,74.09324175351588,,,,75.69035683189635,#000000,6.393160810979843,75.69035683189635,0.2851542365824263,46.344841395384236,-0.561562213652536,False,True,False,True,True,1.9195859418673784,0.0,0.0,0.0,0.0,0,1.0721588104654756,0.869174295387039,False,False,False,False,0.10382663689523444,0.09613302951763,False,False,False,False,1485164,657416.8198337178,False,False,False,False,393663.97199183516,False,False,False,False
2022-05-06 00:00:00+00:00,76.210071173,77.7191814933,75.4662953723,77.1704141041,248656,,,,,,,,,,,,,,,,,,,,,,,,78.36389896155977,73.59519338296407,,,,,,,,,,,,,,,,,,,,,,,,,,,,,,76.62713515135921,74.11447513724363,,,,75.67517565828167,#000000,6.392323380116664,75.67517565828167,0.08367779333287842,45.42988312576159,-0.561562213652536,False,True,False,True,True,0.29319291170966366,0.0,0.0,0.0,0.0,0,1.0837004392147556,0.8983397670551679,False,False,False,False,-0.02730869494129645,0.034412167288166776,False,False,False,False,1236508,680126.2778794543,False,False,False,False,387977.3848549005,False,False,False,False
2022-05-09 00:00:00+00:00,73.4662342271,75.4261177599,72.505891296,75.043940471,250782,,,,,,,,,,,,,,,,,,,,,,,,78.13819242538634,73.59682946642852,,,,,,,,,,,,,,,,,,,,,,,,,,,,,,76.59505767620925,74.11165608192971,,,,75.61043391248845,#000000,6.392410009462563,75.61043391248845,-0.33542899817352534,42.798056684235064,-0.561562213652536,False,True,False,True,True,0.0,0.0,0.0,0.0,0.0,0,0.995504578642449,0.9299734938034769,False,False,False,False,-0.13474112244668177,-0.050164477579257495,False,False,False,False,985726,692110.580707711,False,False,False,False,382597.17368412006,False,False,False,False
2022-05-10 00:00:00+00:00,73.6916208334,74.6225655115,71.0239253627,74.0835975399,334906,,,,,,,,,,,,,,,,,,,,,,,,77.82688786105415,73.59170477368741,,,,,,,,,,,,,,,,,,,,,,,,,,,,,,76.54309000761286,74.09986043026545,,,,75.51538576815497,#000000,6.3881092572874145,75.51538576815497,-0.2854936979473958,41.30199460249738,-1.7202346757551865,False,True,False,True,False,0.0,0.0,0.0,0.0,0.0,0,0.9751929846825381,0.9343685274414826,False,False,False,False,-0.1823142141403238,-0.11623934585979065,False,False,False,False,1320632,716758.4795034871,False,False,False,False,380726.93157886044,False,False,False,False
2022-05-11 00:00:00+00:00,70.5264089279,73.5544289861,70.2716240686,73.2702458738,284196,,,,,,,,,,,,,,,,,,,,,,,,77.50846376941948,73.57264515067276,,,,,,,,,,,,,,,,,,,,,,,,,,,,,,76.47941022573298,74.0735801052074,,,,75.40852481275816,"rgba(239, 83, 80, 0.5)",6.399110166744283,75.40852481275816,-0.7629366830141748,38.24974613905987,-4.838326594390409,False,True,False,True,False,0.0,0.0,0.0,0.0,0.0,0,0.9743056323113519,0.9372094047983952,False,False,False,False,-0.2322764956948102,-0.17425792077730043,False,False,False,False,1036436,729294.8528562916,False,False,False,False,376941.4048502777,False,False,False,False
2022-05-12 00:00:00+00:00,70.1932287273,71.2613652527,68.5959236481,69.5170689085,338768,,,,,,,,,,,,,,,,,,,,,,,,77.08754323743136,73.53530646047754,,,,,,,,,,,,,,,,,,,,,,,,,,,,,70.01683920936668,76.38449105623606,74.02616701742677,,,,74.21006939618768,"rgba(239, 83, 80, 0.5)",6.408186199992951,74.21006939618768,-0.6268295807153824,36.018919763585075,-7.120973373200435,False,True,False,True,False,0.0,0.0,0.0,0.0,0.0,0,0.9578193020500979,0.9566612606164988,False,False,False,False,-0.3209308954177508,-0.24759440809752564,False,False,False,False,697668,728054.5841168292,True,False,False,False,375444.40858163935,False,False,False,False
2022-05-13 00:00:00+00:00,72.9664639262,73.8203894524,70.9101719983,71.5236242441,295995,,,,,,,,,,,,,,,,,,,,,,,,76.87594568833066,73.5264910364092,,,,,,,,,,,,,,,,,,,,,,,,,,,,,71.2053815267912,76.33610486383229,74.01140350578888,,,,74.39106532423045,#000000,6.332523267404139,74.39106532423045,-0.2249658371353173,37.804403927663586,-7.120973373200435,False,True,False,True,False,0.0,0.0,0.0,0.0,0.0,0,0.9702208297735683,0.9319753410428357,False,False,False,False,-0.2299889880909873,-0.2387916980942565,False,False,False,False,993663,738470.6004259732,False,False,False,False,372328.7455000065,False,False,False,False
2022-05-16 00:00:00+00:00,71.5138090081,72.6621916123,71.3371347613,71.9653098611,345281,,,,,,,,,,,,,,,,,,,,,,,,76.61516382574959,73.50876889638363,,,,,,,,,,,,,,,,,,,,,,,,,,,,,71.42815889898836,76.27058598841894,73.98607056340857,,,,74.36174963458981,#000000,6.195358515211178,74.36174963458981,-0.45968939803845066,37.94179699286777,-7.120973373200435,False,True,False,True,False,0.0,0.0,0.0,0.0,0.0,0,0.9681839613479581,0.9418946509654599,False,False,False,False,-0.24649429358639344,-0.24264299584032495,False,False,False,False,648382,734937.7141347586,False,False,False,False,371268.0495980455,False,False,False,False
2022-05-17 00:00:00+00:00,73.7026066212,73.8498351602,71.381303323,72.6818220842,217815,,,,,,,,,,,,,,,,,,,,,,,,76.50015450442507,73.50527775201506,,,,,,,,,,,,,,,,,,,,,,,,,,,,,71.7099617929198,76.24060814666356,73.9787127445397,,,,74.38694298811264,#000000,6.078679059758222,74.38694298811264,-0.11257978257859386,40.346629190131054,-7.120973373200435,False,True,False,True,True,0.0,0.0,0.0,0.0,0.0,0,0.9682096532387157,0.9408015634618246,False,False,False,False,-0.21876115746130995,-0.23070207665081743,False,False,False,False,866197,740085.1371098661,False,False,False,False,365250.28294714174,False,False,False,False
2022-05-18 00:00:00+00:00,74.4780102599,76.6177316933,73.3836114534,73.4768561948,355273,,,,,,,,,,,,,,,,,,,,,,,,76.4180677804586,73.51929921442125,,,,,,,,,,,,,,,,,,,,,,,,,,,,,72.42284680090259,76.21991520544668,73.988685575957,,,,74.51376291543723,#000000,6.017089140174278,74.51376291543723,-0.00594185239811615,42.716478778552265,-7.120973373200435,False,True,False,True,True,0.0,0.0,0.0,0.0,0.0,0,0.9709111409137414,0.959318493648861,False,False,False,False,-0.11404595155904082,-0.17237401410492914,False,False,False,False,1221470,758962.9748702636,False,False,False,False,364859.0169492146,False,False,False,False
2022-05-19 00:00:00+00:00,76.7944059401,77.4422115117,73.9676179914,74.5467169115,364716,,,,,,,,,,,,,,,,,,,,,,,,76.40129100976796,73.54676881206935,,,,,,,,,,,,,,,,,,,,,,,,,,,,,73.11605831582074,76.2176681244208,74.0134981807912,,,,74.659056888574,#000000,5.951704430903043,74.659056888574,0.3587794179493576,46.417621195662335,-9.990321274460115,False,True,False,False,True,1.5041695263688197,0.0,0.0,0.0,0.0,1,0.9596125350047872,0.9451323641904544,False,False,False,False,-0.08369576235463695,-0.12803488822978304,False,False,False,False,1586186,791403.0935028023,False,False,False,False,364853.40844140225,False,False,False,False
2022-05-20 00:00:00+00:00,74.909880641,77.3735048602,73.1038772293,77.3735048602,298622,,,,,,,,,,,,,,,,,,,,,,,,76.3532449434749,73.5606097474349,,,,,,,,,,,,,,,,,,,,,,,,,,,,,73.38727102069926,76.20463529907879,74.02429223560343,,,,74.70601064925826,#000000,5.847732791792824,74.70601064925826,0.034863082668186864,47.130754404382145,-9.21252793249566,False,True,False,False,True,0.0,0.0,0.0,0.0,0.0,1,0.9637696549629451,0.9458680325856337,False,False,False,False,-0.1037675656466372,-0.11590122693821012,False,False,False,False,1287564,810860.3839536728,False,False,False,False,362256.09830644535,False,False,False,False
2022-05-23 00:00:00+00:00,76.6962535808,77.2164610852,74.9442339667,75.4006424376,256171,,,,,,,,,,,,,,,,,,,,,,,,76.35112375287035,73.58090552966648,,,,,,,,,,,,,,,,,,,,,,,,,,,,,73.68754935659689,76.20545888695094,74.04290743713354,,,,74.77358899264365,#000000,5.716588616528661,74.77358899264365,0.336330758976998,49.192828018409976,-7.101188628859198,False,True,False,False,True,1.3552448932338983,0.0,0.0,0.0,0.0,1,0.9484516427689583,0.968083245044095,False,False,False,False,-0.06758219757488419,-0.09174171225654715,False,False,False,False,1543735,839600.5649750974,False,False,False,False,358095.8983728593,False,False,False,False
2022-05-24 00:00:00+00:00,76.9710801869,77.10849349,74.752836866,76.4410574465,293981,,,,,,,,,,,,,,,,,,,,,,,,76.34856351260468,73.60375819540619,,,,,,,,,,,,,,,,,,,,,,,,,,,,,73.96275410587924,76.20628931331703,74.06381950314852,,,,74.83703692607114,#000000,5.614897729112779,74.83703692607114,0.3800680553385725,50.80745243303474,-5.41207016857858,False,True,False,False,True,1.6615458754708037,0.0,0.0,0.0,0.0,1,0.9779797862223494,0.9529379701671148,False,False,False,False,-0.07400189530590048,-0.08287180378122382,False,False,False,False,1837716,878742.3467407799,False,False,False,False,355581.5886327472,False,False,False,False
2022-05-25 00:00:00+00:00,77.8838971287,78.0114951958,75.9895565936,76.814036412,262831,,,,,,,,,,,,,,,,,,,,,,,,76.37708923438657,73.63151539872997,,,,,,,,,,,,,,,,,,,,,,,,,,,,,74.25185350609947,76.21739918107329,74.09062982852838,,,,74.91369742976353,"rgba(38, 166, 154, 0.5)",5.524411178595328,74.91369742976353,0.5376500052068338,52.7008589721065,-3.451951014901425,False,False,True,False,True,2.6809771622103504,0.0,0.0,0.0,0.0,0,0.9802873754095078,0.9463954447335566,False,False,False,False,-0.028218882689638066,-0.05554534323543094,False,False,False,False,2100547,926656.2547117298,False,False,False,False,351944.3106471492,False,False,False,False
2022-05-26 00:00:00+00:00,80.2591842245,80.9266202679,77.0397868384,77.0496020744,366899,,,,,,,,,,,,,,,,,,,,,,,,76.49948690221063,73.69152814781434,,,,,,,,,,,,,,,,,,,,,,,,,,,,,74.80891579283889,76.26221948319748,74.15152065667854,,,,75.08273419654797,"rgba(38, 166, 154, 0.5)",5.467680769098418,75.08273419654797,0.9467359647636467,55.88379483309258,-0.3170202158824438,False,False,True,False,True,5.255189954985092,0.0,0.0,0.0,0.0,0,0.9755564145776442,0.929440257262084,False,False,False,False,0.056458181869950524,0.00045641931725979093,False,False,False,False,2467446,987079.3819779365,False,False,False,False,352530.7690531434,False,False,False,False
2022-05-27 00:00:00+00:00,82.9583741061,84.0184195868,80.6419784259,80.6419784259,395729,,,,,,,,,,,,,,,,,,,,,,,82.53959070626667,76.75154869282808,73.78956753224476,,,,,,,,,,,,,,,,,,,,,,,,,,,,,75.61566339470073,76.35589573795161,74.25384864189816,,,,76.55101911764834,"rgba(38, 166, 154, 1.0)",5.466941741423253,76.55101911764834,1.172018157776011,59.792846467704756,3.4051851297286504,True,False,True,False,True,8.019773745013442,0.0,0.0,0.0,0.0,0,0.9840259624077206,0.9144994969884854,False,True,False,False,0.20193001536202132,0.10119321733964055,False,True,False,False,2863175,1060651.7591552723,False,False,False,False,354224.81732556917,False,True,False,False
2022-05-31 00:00:00+00:00,82.4087208938,83.0859721732,81.1327402225,83.0859721732,538663,,,,,,,,,,,,,,,,,,,,,,,82.34909337473728,77.04490041200145,73.91466848323805,,,,,,,,,,,,,,,,,,,,,,,,,,,,,76.43576827155968,76.47242489180529,74.3837924304198,,,,76.76677464396026,"rgba(38, 166, 154, 1.0)",5.410220579525939,76.76677464396026,1.0428310947599293,61.70403094694643,5.204784905504333,True,False,True,False,True,7.341560584747739,0.0,0.0,0.0,0.0,0,0.9799628732165512,0.9267540505661352,False,False,False,False,0.19213497279785285,0.1466640950687467,False,False,False,False,2324512,1110214.9058550654,False,False,False,False,361457.6872343704,False,False,False,False
2022-06-01 00:00:00+00:00,82.0750028721,83.6356253854,81.3290449412,82.7031779718,431851,,,,,,,,,,,,,,,,,,,,,,,82.34829189252433,77.26392495937458,74.01392733482092,,,,,,,,,,,,,,,,,,,,,,,,,,,,,76.97173245488186,76.56470778815262,74.48671949442895,,,,76.94155065403054,"rgba(38, 166, 154, 0.5)",5.3211161459255045,76.94155065403054,0.9647322248359983,62.53747518073711,6.071820688001125,True,False,True,False,True,6.9269159139889,0.0,0.0,0.0,0.0,0,0.9877272710650604,0.9155258726065417,False,False,False,False,0.20869991015175102,0.17768200261024886,False,False,False,False,1892661,1140899.0664097688,False,False,False,False,364218.2093036108,False,False,False,False
2022-06-02 00:00:00+00:00,81.4370125364,82.8602217467,80.7401307852,81.5547953676,282254,,,,,,,,,,,,,,,,,,,,,,,82.23371724270498,77.38000734125089,74.07245282223198,,,,,,,,,,,,,,,,,,,,,,,,,,,,,77.23510593563601,76.61668858420511,74.54697436399708,,,,77.01415771500434,"rgba(38, 166, 154, 0.5)",5.222961818541812,77.01415771500434,0.8468097173703766,62.22203811372183,6.071820688001125,True,False,True,False,True,6.129937607512055,0.0,0.0,0.0,0.0,0,0.97718116640577,0.9214311298427224,False,False,False,False,0.17848241496833298,0.17808220878929093,False,False,False,False,1610407,1159311.1422368367,False,False,False,False,361003.92658582213,False,False,False,False
2022-06-03 00:00:00+00:00,81.1131097507,81.8885133894,80.1620133887,80.4358584713,244475,,,,,,,,,,,,,,,,,,,,,,,82.08142866714715,77.46182260293517,74.11832392451848,,,,,,,,,,,,,,,,,,,,,,,,,,,,,77.41164219808559,76.65541508363584,74.59385478326926,,,,77.05374787659859,"rgba(38, 166, 154, 0.5)",5.1466610816312715,77.05374787659859,0.788736971352069,61.55546042807892,6.071820688001125,True,False,True,False,True,5.723126897884299,0.0,0.0,0.0,0.0,0,0.9863017738753622,0.9269430367438939,False,False,False,False,0.1445402700273155,0.16131123940830322,False,False,False,False,1365932,1167413.9209726471,False,False,False,False,356434.16475892713,False,False,False,False
2022-06-06 00:00:00+00:00,80.4358584713,82.241861883,79.1696930359,81.6627629629,269987,,,,,,,,,,,,,,,,,,,,,,,81.8984850783426,77.5375145162569,74.16512624042218,,,,,,,,,,,,,,,,,,,,,,,,,,,,,77.56725179746317,76.693217186457,74.64138574671686,,,,77.08383009427645,"rgba(38, 166, 154, 0.5)",5.042971324748194,77.08383009427645,0.664693126564807,60.13484330002997,6.071820688001125,True,False,True,False,True,4.868657145816613,0.0,0.0,0.0,0.0,0,0.9804617124251701,0.9246784144239283,False,False,False,False,0.130646426079044,0.14597883274367363,False,False,False,False,1095945,1164611.218189406,False,False,False,False,353044.0798664202,False,False,False,False
2022-06-07 00:00:00+00:00,81.6333172551,81.937589569,80.1021404496,80.1021404496,193691,,,,,,,,,,,,,,,,,,,,,,,81.8430784318405,77.59991628971093,74.20141794400575,,,,,,,,,,,,,,,,,,,,,,,,,,,,,77.69037826811757,76.72403398953121,74.67845170872279,,,,77.12287943865479,"rgba(38, 166, 154, 0.5)",4.897675279153329,77.12287943865479,0.9209344350867076,60.41787149850239,6.071820688001125,True,False,True,False,True,6.182912246378841,0.0,0.0,0.0,0.0,0,0.9821190653147802,0.9284319420877492,False,False,False,False,0.14430505857820772,0.14514194566094069,False,False,False,False,1289636,1169514.1508094294,False,False,False,False,346794.93947950174,False,False,False,False
2022-06-08 00:00:00+00:00,81.3977515927,82.0990502001,80.7401307852,81.5744258395,420487,,,,,,,,,,,,,,,,,,,,,,,81.77785580715154,77.73503413944978,74.2810086643525,,,,,,,,,,,,,,,,,,,,,,,,,,,,,77.94388552624706,76.79224773860231,74.75976931146405,,,,77.21496686454454,"rgba(38, 166, 154, 0.5)",4.701281770022365,77.21496686454454,0.8897115579897629,60.233424157243974,6.071820688001125,True,False,True,False,True,5.878664881622132,0.0,0.0,0.0,0.0,0,0.9845479677885502,0.9315870827797562,False,False,False,False,0.1617661606507806,0.15345405315586064,False,False,False,False,869149,1157735.125287491,False,False,False,False,349684.8242057958,False,False,False,False
2022-06-09 00:00:00+00:00,81.3290449412,83.1694016786,80.8677288523,80.8677288523,199205,,,,,,,,,,,,,,,,,,,,,,,81.77858328702771,77.80197352554775,74.32006251790692,,,,,,,,,,,,,,,,,,,,,,,,,,,,,78.06407194641994,76.82645253030917,74.7997528768702,,,,77.26514944734694,"rgba(38, 166, 154, 0.5)",4.453480809284653,77.26514944734694,0.9125211644295425,59.99363124819881,6.071820688001125,True,False,True,False,True,5.788554929060311,0.0,0.0,0.0,0.0,0,0.980580442401916,0.9372018538589663,False,False,False,False,0.1881187651390119,0.17078640914743626,False,False,False,False,669944,1138606.0615507264,False,False,False,False,343783.65462909796,False,False,False,False
2022-06-10 00:00:00+00:00,78.7672683627,80.9756964476,78.7378226549,80.769576493,307100,,,,,,,,,,,,,,,,,,,,,,,81.5648686392307,77.84396842301163,74.3612204948021,,,,,,,,,,,,,,,,,,,,,,,,,,,,,78.12979355132404,76.85430665895873,74.84055727114853,,,,77.26578583974594,#000000,4.070887567195306,77.26578583974594,0.3688341911119192,55.99256618990093,10.781878410875848,False,False,True,False,False,2.5032542915810403,0.0,0.0,0.0,0.0,0,0.9681481918994932,0.9501859416176259,False,False,False,False,0.09395225412064309,0.1323693316340397,False,False,False,False,362844,1108184.0199212863,False,False,False,False,342345.07993776083,False,False,False,False
2022-06-13 00:00:00+00:00,74.3013360131,76.7060688167,73.7985014763,76.5392098059,330588,,,,,,,,,,,,,,,,,,,,,,,80.95843893543771,77.76826062592808,74.36609515369891,,,,,,,,,,,,,,,,,,,,,,,,,,,,,77.97915118415517,76.83297270628384,74.84143567841777,,,,77.12439238065357,"rgba(239, 83, 80, 0.5)",3.9406752494976796,77.12439238065357,-0.7163889914332405,48.99375733472584,4.197705228867804,False,True,False,False,False,0.0,0.0,0.0,0.0,0.0,0,0.94178700152708,0.9678137284222499,False,False,False,False,-0.10318121138030391,0.01459406012686789,False,False,False,False,32256,1065990.7642380986,False,False,False,False,341884.0179794173,False,False,False,False
2022-06-14 00:00:00+00:00,72.9075725106,74.1246617663,72.1321688719,74.1246617663,357532,,,,,,,,,,,,,,,,,,,,,,,80.2469295946294,77.63921064254212,74.35416273488497,,,,,,,,,,,,,,,,,,,,,,,,,,,,,77.74019443841848,76.78808635178522,74.82369905191008,,,,76.93204713569504,"rgba(239, 83, 80, 1.0)",3.8878304815727,76.93204713569504,-1.035146631050401,43.33576353909679,-0.8454017522634416,False,True,False,True,False,0.0,0.0,0.0,0.0,0.0,0,0.9170785726556102,0.9907239376749056,False,False,False,False,-0.19592044911471077,-0.09066319449392143,False,False,False,False,-325276,1011431.283287585,False,False,False,False,342497.6643331656,False,False,False,False
2022-06-15 00:00:00+00:00,75.0865548878,76.1956765482,73.4768561948,73.7124218571,341996,,,,,,,,,,,,,,,,,,,,,,,79.82456536015819,77.56980605082391,74.35904283432198,,,,,,,,,,,,,,,,,,,,,,,,,,,,,77.61508283192325,76.76709217611287,74.82460206416152,,,,76.82669855291697,#000000,3.7950641736424537,76.82669855291697,-0.4585281264023509,42.45512439550651,-1.3872838657266016,False,True,False,True,False,0.0,0.0,0.0,0.0,0.0,0,0.9318662922246495,0.9702697181895944,False,False,False,False,-0.12115936158248738,-0.10591127803820441,False,False,False,False,16720,972422.997668464,False,False,False,False,342477.9912220611,False,False,False,False
2022-06-16 00:00:00+00:00,72.2597669391,74.4289340803,71.6021461315,73.7418675649,395760,,,,,,,,,,,,,,,,,,,,,,,79.23117977209864,77.43193650505043,74.34326878493104,,,,,,,,,,,,,,,,,,,,,,,,,,,,,77.3782095536606,76.71570335910567,74.80240881957188,,,,76.65045113240303,"rgba(239, 83, 80, 1.0)",3.7327582698250628,76.65045113240303,-1.1762573078456542,39.77858363833465,-3.776575837178271,False,True,False,True,False,0.0,0.0,0.0,0.0,0.0,0,0.9099561134259693,0.983035371463104,False,False,False,False,-0.20092950016585634,-0.15342038910203037,False,False,False,False,-379040,919424.4487402888,False,False,False,False,344567.4817623724,False,False,False,False
2022-06-17 00:00:00+00:00,72.2892126469,73.6338999697,70.9052643803,72.6720068482,449213,,,,,,,,,,,,,,,,,,,,,,,78.62552271191471,77.26935566294551,74.32032788236096,,,,,,,,,,,,,,,,,,,,,,,,,,,,,77.11030145841342,76.65194876050553,74.77190374650657,,,,76.45822670377446,"rgba(239, 83, 80, 1.0)",3.686800294228103,76.45822670377446,-1.1307946523171568,38.03273489636791,-5.356482208466737,False,True,False,True,False,0.0,0.0,0.0,0.0,0.0,0,0.9055540390415454,0.9916640711789576,False,False,False,False,-0.23429693991573478,-0.19385866450888256,False,False,False,False,70173,886120.4703583168,False,False,False,False,348671.2275756127,False,False,False,False
2022-06-21 00:00:00+00:00,73.5750085541,73.8596503961,72.2892126469,72.8192353872,302399,,,,,,,,,,,,,,,,,,,,,,,78.3273708537398,77.18562695715602,74.3123263716219,,,,,,,,,,,,,,,,,,,,,,,,,,,,,76.97820844895232,76.61929314522519,74.7595622568905,,,,76.36373133893095,"rgba(239, 83, 80, 0.5)",3.6033780121074854,76.36373133893095,-0.7739190213906892,38.57134234711183,-5.356482208466737,False,True,False,True,False,0.0,0.0,0.0,0.0,0.0,0,0.9172567998090053,0.9832182384949641,False,False,False,False,-0.19831485623802408,-0.19608676037345332,False,False,False,False,372572,865981.3146579906,False,False,False,False,346856.6304157848,False,False,False,False
2022-06-22 00:00:00+00:00,68.156998319,70.7285901335,66.0319997395,69.5016856419,2317122,,,,,,,,,,,,,,,,,,,,,,,75.34191164812489,75.96562207345887,73.98938644576789,,,,,,,,,,,,,,,,,,,,,,,,,,,,68.30586273066668,75.17991271385581,76.0510671435301,74.38403319722453,,,,74.17397085037554,"rgba(255, 0, 0, 1.0)",3.657182673211177,74.17397085037554,-1.645248014393648,35.42015938007305,-7.929277246632253,False,True,False,True,False,0.0,0.0,0.0,0.0,0.0,0,0.8815609971796549,0.9842240002188397,True,False,False,False,-0.34282825441539394,-0.26945750739442365,False,False,False,False,-1944550,755764.4003576773,True,False,False,False,424121.9390269305,True,False,False,False
2022-06-23 00:00:00+00:00,69.2955656873,69.9924474385,67.9018021848,68.5692382282,2971619,,,,,,,,,,,,,,,,,,,,,,,73.60625615174744,74.93162237271109,73.67163070020968,,,,,,,,,,,,,,,,,,,,,,,,,,,,68.73143303041269,73.89500553928487,75.4879050606647,74.01454867578748,,,,73.47691450440256,"rgba(239, 83, 80, 1.0)",3.71031990212795,73.47691450440256,-1.1269510250866683,34.68609962894325,-8.742950706173133,False,True,False,True,False,0.0,0.0,0.0,0.0,0.0,0,0.8951489526120903,0.9934964158650482,False,False,False,False,-0.31834769417319797,-0.2939026007838108,False,False,False,False,1027069,766403.796422082,False,False,False,False,524023.78455528617,False,False,False,False
2022-06-24 00:00:00+00:00,70.5715463586,71.0230472115,68.9912933734,70.0905997979,1221141,,,,,,,,,,,,,,,,,,,,,,,73.2583045073051,74.65696367514656,73.58186275851313,,,,,,,,,,,,,,,,,,,,,,,,,,,,69.00602827814524,73.60101066576384,75.31824259563447,73.90858572905519,,,,73.33299974422336,"rgba(239, 83, 80, 0.5)",3.7939966589347986,73.33299974422336,-0.7278481332133434,35.67845274806756,-8.742950706173133,False,True,False,True,False,0.0,0.0,0.0,0.0,0.0,0,0.8955720615590941,1.000919136657176,False,False,False,False,-0.27351441980425856,-0.28370851029403465,False,False,False,False,2248210,824513.843621216,False,False,False,False,551361.7145727259,False,False,False,False
2022-06-27 00:00:00+00:00,72.7210830279,73.7026066212,70.3850568758,70.8267424928,552934,,,,,,,,,,,,,,,,,,,,,,,73.2146515783724,74.595880090299,73.5666962610085,,,,,,,,,,,,,,,,,,,,,,,,,,,,69.26152550621758,73.55476772924858,75.27462377699058,73.88825087559024,,,,73.33662797396099,#000000,3.8062755096560394,73.33662797396099,-0.1617184422145568,38.621589099465965,-8.742950706173133,False,True,False,True,True,0.0,0.0,0.0,0.0,0.0,0,0.9081544213058794,0.9810123896372639,False,False,False,False,-0.19014692648349188,-0.23692771838876325,False,False,False,False,2801144,902028.7517145018,False,False,False,False,551423.3728247759,False,False,False,False
2022-06-28 00:00:00+00:00,70.95434056,73.1136924652,70.7776663132,72.7308982638,287891,,,,,,,,,,,,,,,,,,,,,,,73.17871095802293,74.55669501255987,73.55502364435927,,,,,,,,,,,,,,,,,,,,,,,,,,,,69.3537086440527,73.52031715303806,75.24756518558564,73.87366198184586,,,,73.32652608278063,"rgba(239, 83, 80, 0.5)",3.875061464154362,73.32652608278063,-0.6121671990816532,39.24387738620011,-8.742950706173133,False,True,False,True,True,0.0,0.0,0.0,0.0,0.0,0,0.894706324224487,0.9981014727236166,False,False,False,False,-0.1940966262597386,-0.21551217232425093,False,False,False,False,2513253,965214.0163531487,False,False,False,False,541088.7699689023,False,False,False,False
2022-06-29 00:00:00+00:00,75.1650767752,77.7661142975,74.8509892254,75.4497186173,2725070,,,,,,,,,,,,,,,,,,,,,,,73.66081776168913,74.70838796328687,73.68214592221777,,,,,,,,,,,,,,,,,,,,,,,,,,,,71.1316113514071,73.86677206861289,75.29203494877433,73.9912866503142,,,,73.7618652380432,#000000,3.883247088865053,73.7618652380432,0.3613500519141366,43.456241819094615,-12.83705953194022,False,True,False,True,True,0.0,0.0,0.0,0.0,0.0,0,0.8923920126253677,0.9729052425970447,False,False,False,False,-0.022459210715072588,-0.11898569151966176,False,False,False,False,5238323,1132786.9176726332,False,False,False,False,626735.09271522,False,False,False,False
2022-06-30 00:00:00+00:00,76.9023735354,77.0005258947,73.6731609134,74.0755855867,1148291,,,,,,,,,,,,,,,,,,,,,,,73.81207898534915,74.75964031971198,73.7302058748525,,,,,,,,,,,,,,,,,,,,,,,,,,,,71.61522016171669,73.98067366074653,75.30723508179906,74.03529242422132,,,,73.89147807262817,"rgba(38, 166, 154, 0.5)",3.8429138424339886,73.89147807262817,0.7834928354430176,47.54663975752854,-8.962453076136335,False,False,False,False,True,1.1590592861841742,0.0,0.0,0.0,0.0,0,0.8839387817776498,0.9789055946751299,False,False,False,False,-0.06022161478792026,-0.08960365315379101,False,False,False,False,6386614,1338819.3522737063,False,False,False,False,647188.2655499172,False,False,False,False
2022-07-01 00:00:00+00:00,78.5905941159,78.8457902501,76.3134593794,77.3146134446,886346,,,,,,,,,,,,,,,,,,,,,,,74.0191228351407,74.86460434526494,73.80036267730996,,,,,,,,,,,,,,,,,,,,,,,,,,,,72.07641130998489,74.14705367176978,75.36016720047839,74.10463095466254,,,,74.05319328494446,"rgba(38, 166, 154, 1.0)",3.8444021935003834,74.05319328494446,1.1802617422877337,51.43528219099251,-5.366911240796753,True,False,False,False,True,2.8184561790294644,0.0,0.0,0.0,0.0,0,0.9000751211871479,0.97609527426924,False,False,False,False,0.09894963027819326,0.004672988562201122,False,False,False,False,7272960,1571530.750223757,False,False,False,False,656567.0002342341,False,False,False,False
2022-07-05 00:00:00+00:00,75.0669244159,78.3059522738,73.8596503961,77.697407646,1210257,,,,,,,,,,,,,,,,,,,,,,,74.13028254401416,74.90280166198893,73.84384685243467,,,,,,,,,,,,,,,,,,,,,,,,,,,,72.40964809074751,74.23420906022206,75.3705169884309,74.14367239482947,,,,74.14785394180967,#000000,3.85356861509865,74.14785394180967,0.23849853626306974,51.00648437923846,-5.366911240796753,True,False,False,False,True,0.0,0.0,0.0,0.0,0.0,0,0.9074154770894114,0.9660843698754786,False,False,False,False,0.030500142394847874,0.017586565478524496,False,False,False,False,6062703,1747655.1521757666,False,False,False,False,678280.3335583819,False,False,False,False
2022-07-06 00:00:00+00:00,75.0865548878,77.255722029,74.4191188443,74.6546845067,7526684,,,,,,,,,,,,,,,,,,,,,,,74.54708070821995,75.04832193381598,74.05675885426456,,,,,,,,,,,,,,,,,,,,,,,,,,,,73.55683998634547,74.57701826016901,75.40161301344108,74.32986264653903,,,,74.50249934325643,#000000,3.8623552193659747,74.50249934325643,0.15121745965132893,50.736191918218616,-5.366911240796753,True,False,False,False,True,0.0,0.0,0.0,0.0,0.0,0,0.9218827037274113,0.9546279762603473,False,False,False,False,0.01900872482130941,0.018297645149916955,False,False,False,False,13589387,2212036.793266913,False,False,False,False,946845.183222759,False,False,False,False
2022-07-07 00:00:00+00:00,77.0299716025,77.5011029273,74.2129988897,74.7822825738,802626,,,,,,,,,,,,,,,,,,,,,,,74.5974376176681,75.07492322948453,74.08493078449706,,,,,,,,,,,,,,,,,,,,,,,,,,,,73.6566098032298,74.62098133324815,75.41437474601798,74.35588904572266,,,,74.54359236569546,"rgba(38, 166, 154, 0.5)",3.8613027506336657,74.54359236569546,0.6439223747468407,52.0933802341377,-4.4604312789746885,True,False,True,False,True,1.218501455857293,0.0,0.0,0.0,0.0,0,0.9419030586830204,0.9318444431037088,False,False,False,False,0.01992781334988706,0.019112729249902007,False,False,False,False,14392013,2689682.9190211515,False,False,False,False,941189.5289787293,False,False,False,False
2022-07-08 00:00:00+00:00,78.0605713755,79.1893235078,76.5293945699,76.9907106588,572226,,,,,,,,,,,,,,,,,,,,,,,74.66624975737159,75.11929903219594,74.11982183904995,,,,,,,,,,,,,,,,,,,,,,,,,,,,73.7665584697875,74.68184023490136,75.44109054397744,74.39009772035567,,,,74.59785108537706,"rgba(38, 166, 154, 0.5)",3.862088286866049,74.59785108537706,0.896592732459988,53.770224261522515,-2.626112708151311,True,False,True,False,True,2.22481637804297,0.0,0.0,0.0,0.0,0,0.954983853933051,0.9166026422969992,False,False,False,False,0.11412964331348362,0.0666211862816928,False,False,False,False,14964239,3171038.0594516946,False,False,False,False,926720.3709795633,False,False,False,False
2022-07-11 00:00:00+00:00,76.2938289075,77.5698095788,75.7343604594,77.5109181632,477755,,,,,,,,,,,,,,,,,,,,,,,74.69791387662609,75.13742737419493,74.13798115332939,,,,,,,,,,,,,,,,,,,,,,,,,,,,73.82477538899208,74.70986047057241,75.45069762255281,74.4071002877931,,,,74.62367945343726,#000000,3.862925658140527,74.62367945343726,0.4323535066079132,53.21004941842617,-2.626112708151311,True,False,True,False,True,0.42528051834791825,0.0,0.0,0.0,0.0,0,0.9419454104234216,0.9382120335980887,False,False,False,False,0.05719644414704219,0.0619088152143675,False,False,False,False,14486484,3614781.0375124128,False,False,False,False,909113.8858431099,False,False,False,False
2022-07-12 00:00:00+00:00,75.8128823468,76.5981012215,75.4693490892,75.7539909312,417468,,,,,,,,,,,,,,,,,,,,,,,74.71635184371166,75.14654566371263,74.14988591259491,,,,,,,,,,,,,,,,,,,,,,,,,,,,73.8633365196712,74.72618398086261,75.45458537392514,74.41779504771762,,,,74.63924062031367,#000000,3.8669757739209527,74.63924062031367,0.30350377015584445,52.390174737007385,-2.626112708151311,True,False,True,False,True,0.0,0.0,0.0,0.0,0.0,0,0.9387312881209772,0.9503480577098166,False,False,False,False,0.028201311648741626,0.04505506343155456,False,False,False,False,14069016,4024751.036041338,False,False,False,False,889833.6550257332,False,False,False,False
2022-07-13 00:00:00+00:00,75.9502956499,76.951449715,74.6350540348,75.1160005956,440202,,,,,,,,,,,,,,,,,,,,,,,74.73348216218886,75.1546212483132,74.16148813077287,,,,,,,,,,,,,,,,,,,,,,,,,,,,73.90037743534911,74.74138590558071,75.45770691367835,74.4280882862179,,,,74.6538785831573,#000000,3.869878088736325,74.6538785831573,0.3350020432209634,51.97518326319312,-2.626112708151311,True,False,False,False,True,0.0806725431734634,0.0,0.0,0.0,0.0,0,0.9472965417097154,0.9477325222385813,False,False,False,False,0.016940890659713034,0.0309979770456338,False,False,False,False,14509218,4435906.603255403,False,False,False,False,872201.0411031555,False,False,False,False
2022-07-14 00:00:00+00:00,77.4127658039,77.9329733084,74.8019130457,75.341751022,535013,,,,,,,,,,,,,,,,,,,,,,,74.7693698943035,75.17623829176635,74.18255463336817,,,,,,,,,,,,,,,,,,,,,,,,,,,,73.96289994551148,74.77344613373135,75.46979720388904,74.4479594883504,,,,74.6831807987029,"rgba(38, 166, 154, 0.5)",3.8698878439801163,74.6831807987029,0.7053395641538182,53.095628204587,-2.1937244787697168,True,False,True,False,True,1.573051076029543,0.0,0.0,0.0,0.0,0,0.9636323261388721,0.9178434313161545,False,False,False,False,0.04384048661485713,0.03741923183024547,False,False,False,False,15044231,4851919.324696368,False,False,False,False,858977.9806677377,False,False,False,False
2022-07-15 00:00:00+00:00,78.3059522738,78.5267950823,74.2228141257,77.4912876914,733398,,,,,,,,,,,,,,,,,,,,,,,74.82383299801042,75.2105534633968,74.21425748719896,,,,,,,,,,,,,,,,,,,,,,,,,,,,74.05316749233606,74.82232886860457,75.48993262564336,74.47820561920635,,,,74.72746836491379,"rgba(38, 166, 154, 0.5)",3.8712745593480262,74.72746836491379,0.9243684099452963,54.65390070493659,-0.4233106623620273,True,False,True,False,True,2.4734013106147508,0.0,0.0,0.0,0.0,0,0.9642812445078887,0.9314213584902123,False,False,False,False,0.04418568202864697,0.040802456929446215,False,False,False,False,15777629,5280378.527649451,False,False,False,False,854053.2755435127,False,False,False,False
2022-07-18 00:00:00+00:00,77.9231580724,79.3169215749,77.540363871,78.6396702955,579107,,,,,,,,,,,,,,,,,,,,,,,74.88830487065741,75.25475630317295,74.24965834908421,,,,,,,,,,,,,,,,,,,,,,,,,,,,74.14906504727537,74.88043522342316,75.51808297047786,74.51302006668394,,,,74.77904611868213,"rgba(38, 166, 154, 0.5)",3.8557231259223603,74.77904611868213,0.815440282156084,55.21042472889219,0.37519036706258646,True,False,True,False,True,2.0601795771088014,0.0,0.0,0.0,0.0,0,0.9590590509554084,0.9316369442734918,False,False,False,False,0.1412113309084794,0.0910068939189628,False,False,False,False,15198522,5669325.330486728,False,False,False,False,843271.0686594533,False,False,False,False
2022-07-19 00:00:00+00:00,78.7770835986,79.6310091248,78.3403055996,78.865420722,597175,,,,,,,,,,,,,,,,,,,,,,,74.96475335408283,75.30867656161558,74.29138662392388,,,,,,,,,,,,,,,,,,,,,,,,,,,,74.25854655209872,74.94957018770904,75.55332131774871,74.55442423475635,,,,74.84009697599073,"rgba(38, 166, 154, 1.0)",3.858472231036945,74.84009697599073,1.0203485698149557,56.424435131748055,1.7903848890847627,True,False,True,False,True,2.9351285352576753,0.0,0.0,0.0,0.0,0,0.9646819817052297,0.9244194974869963,False,False,False,False,0.16790980067844546,0.12945834729870415,False,False,False,False,15795697,6066437.944977445,False,False,False,False,833620.2424375139,False,False,False,False
2022-07-20 00:00:00+00:00,78.2176151504,79.4052586983,76.8434821198,79.1206168562,914533,,,,,,,,,,,,,,,,,,,,,,,75.05487684229469,75.37146399068232,74.34358737722835,,,,,,,,,,,,,,,,,,,,,,,,,,,,74.39094865565714,75.03152560863144,75.59400026724475,74.60554519163614,,,,74.91313541905355,"rgba(38, 166, 154, 0.5)",3.8453350462045437,74.91313541905355,0.8593476749465729,56.44793494732796,2.080361198416931,True,False,True,False,True,2.315099715848202,0.0,0.0,0.0,0.0,0,0.9626952550491868,0.9159614984205504,False,False,False,False,0.126713526321878,0.12808593681029107,False,False,False,False,14881164,6412113.476546957,False,False,False,False,836793.2917536899,False,False,False,False
2022-07-21 00:00:00+00:00,78.0311256677,78.2961370379,76.7356126769,78.2961370379,427722,,,,,,,,,,,,,,,,,,,,,,,75.08920291623912,75.39511194303819,74.36458307683719,,,,,,,,,,,,,,,,,,,,,,,,,,,,74.44251503751012,75.06290720437393,75.60919656994785,74.62587365952645,,,,74.94134148678185,"rgba(38, 166, 154, 0.5)",3.823346426075856,74.94134148678185,0.8081360767743421,56.19100628784925,2.1083964310015944,True,False,True,False,True,2.106447987246195,0.0,0.0,0.0,0.0,1,0.9867497269870802,0.9119470393127653,False,False,False,False,0.09787233349342998,0.11297913515186053,False,False,False,False,14453442,6727459.6931529585,False,False,False,False,820751.2803123688,False,False,False,False
2022-07-22 00:00:00+00:00,78.6691160033,79.4935958217,77.2753525008,78.6298550596,445834,,,,,,,,,,,,,,,,,,,,,,,75.13465807028996,75.42758980648021,74.39133675982097,,,,,,,,,,,,,,,,,,,,,,,,,,,,74.50727695173144,75.10446966675414,75.63074834848153,74.65218542721622,,,,74.97832357582493,"rgba(38, 166, 154, 0.5)",3.8123937849378606,74.97832357582493,0.9681036733552516,56.78294678016436,2.9623059700246657,True,False,True,False,True,2.7867600589910992,0.0,0.0,0.0,0.0,1,1.0007467233746243,0.8971176356804373,False,False,False,False,0.13910329056690512,0.12604121285938283,False,False,False,False,14899276,7047923.077735195,False,False,False,False,806048.6418687465,False,False,False,False
2022-07-25 00:00:00+00:00,80.2199232808,80.3671518197,78.2176151504,79.5034110576,454828,,,,,,,,,,,,,,,,,,,,,,,75.19493408220309,75.47195291669928,74.4256686156999,,,,,,,,,,,,,,,,,,,,,,,,,,,,74.58930932109156,75.15959810373654,75.66093512627101,74.68642329431192,,,,75.02697449428761,"rgba(38, 166, 154, 1.0)",3.8131310955969173,75.02697449428761,1.361859494552592,58.87802000746131,5.1708416222090605,True,False,True,False,True,4.420619017401144,0.0,0.0,0.0,0.0,1,1.0136657091035097,0.8834760841711579,False,False,False,False,0.18271109331665314,0.154376153088018,False,False,False,False,15354104,7373655.66292205,False,False,False,False,792275.2833640898,False,False,False,False
2022-07-26 00:00:00+00:00,81.0345878632,81.643132491,80.3867822916,80.4260432353,444530,,,,,,,,,,,,,,,,,,,,,,,75.27077684934399,75.5290081727965,74.46787481110091,,,,,,,,,,,,,,,,,,,,,,,,,,,,74.68897208991875,75.22899879871495,75.70047057856512,74.72896702033074,,,,75.08786690296726,"rgba(0, 255, 255, 0.75)",3.817215708435095,75.08786690296726,1.5578687227687888,61.08150344207741,7.372471965258214,True,False,True,False,True,5.266355424879105,0.0,0.0,0.0,0.0,1,1.0399422579520723,0.8561583700634549,False,False,False,False,0.26752910072772146,0.21095262690786973,False,False,False,False,15798634,7704046.970258441,False,False,False,False,778638.2134282432,False,False,False,False
2022-07-27 00:00:00+00:00,80.2493689885,81.4321049185,79.4739653498,81.2014468741,442402,,,,,,,,,,,,,,,,,,,,,,,75.33618316056503,75.5781921950378,74.50531923646523,,,,,,,,,,,,,,,,,,,,,,,,,,,,74.77547435080407,75.2890441444414,75.73460523880057,74.76651874130674,,,,75.14076243820297,"rgba(38, 166, 154, 1.0)",3.81836373369924,75.14076243820297,1.3379046383692197,61.1322723186689,7.520751885123907,True,False,True,False,True,4.331405929474329,0.0,0.0,0.0,0.0,1,1.0223571105146962,0.8795259021077314,False,False,False,False,0.23950190890325374,0.22522726790556175,False,False,False,False,15356232,8004132.657699286,False,False,False,False,765452.4795683121,False,False,False,False
2022-07-28 00:00:00+00:00,83.3411683075,83.5767339699,81.1425554585,82.526503725,598811,,,,,,,,,,,,,,,,,,,,,,,75.46125852928357,75.67432643940572,74.57480043525402,,,,,,,,,,,,,,,,,,,,,,,,,,,,74.93481654372565,75.40384248731387,75.80250208432807,74.83705879103522,,,,75.24122933004945,"rgba(0, 255, 0, 1.0)",3.8758656091649,75.24122933004945,2.089839998140641,64.00379423916519,10.321016326562166,True,False,True,False,True,7.49085741473051,0.0,0.0,0.0,0.0,0,1.0267279478731142,0.8533103226396559,False,False,False,False,0.3363979712354022,0.280812619570482,False,False,False,False,15955043,8315933.063279707,False,False,False,False,758917.5195852411,False,False,False,False
2022-07-29 00:00:00+00:00,84.9410517645,85.4710745049,82.4479818376,83.0467112295,621571,,,,,,,,,,,,,,,,,,,,,,,75.61443100068405,75.79355005579892,74.65966531503963,,,,,,,,,,,,,,,,,,,,,,,,,,,,75.12632796805156,75.5446573589976,75.88764684108892,74.92361814802388,,,,75.3642709553835,"rgba(0, 255, 0, 1.0)",3.9662082594180146,75.3642709553835,2.4145935318388343,67.03860825826546,13.155744203408311,True,False,True,False,True,9.047775148280213,0.0,0.0,0.0,0.0,0,1.0355552280786093,0.8488815917059946,False,False,False,False,0.34282824966125997,0.31182043461587095,False,False,False,False,16576614,8639881.335307954,False,False,False,False,753531.3815622905,False,False,False,False
2022-08-01 00:00:00+00:00,85.5495963924,86.0992496046,84.136202418,84.4601052038,481753,,,,,,,,,,,,,,,,,,,,,,,75.74248064649254,75.89405847573325,74.73098583434587,,,,,,,,,,,,,,,,,,,,,,,,,,,,75.28468201447316,75.66259685302514,75.95999746949455,74.99649659244629,,,,75.46732826943013,"rgba(0, 255, 0, 1.0)",4.058703802165955,75.46732826943013,2.484110350104732,69.46002517842423,15.34428500517896,True,False,True,False,True,9.632888992256817,0.0,0.0,0.0,0.0,0,1.0336336159391928,0.8628000984804819,False,False,False,False,0.3428282499902368,0.32732434230305385,False,False,False,False,17058367,8970018.028040975,False,False,False,False,742873.4058147498,False,False,False,False
2022-08-02 00:00:00+00:00,85.4907049768,86.7176094684,84.9410517645,85.1766174269,456062,,,,,,,,,,,,,,,,,,,,,,,75.86625179885279,75.99178500104743,74.80050220736682,,,,,,,,,,,,,,,,,,,,,,,,,,,,75.43672672609466,75.77680484516169,76.03076689172919,75.06756290027717,,,,75.5672000529328,"rgba(0, 255, 0, 1.0)",4.1297312130654795,75.5672000529328,2.402942083124347,70.95772982563007,16.669787521049386,True,False,True,False,True,9.558808601665486,0.0,0.0,0.0,0.0,0,1.035644371419378,0.8626058591674364,False,False,False,False,0.34282825017070295,0.3350762962368784,False,False,False,False,16602305,9269323.399490349,False,False,False,False,731625.8997043675,False,False,False,False
2022-08-03 00:00:00+00:00,86.2072171999,86.8452075356,84.1558328899,85.7066401673,676147,,,,,,,,,,,,,,,,,,,,,,,76.04455566560787,76.1334307506431,74.90214397746455,,,,,,,,,,,,,,,,,,,,,,,,,,,,75.65457593915393,75.94175612335167,76.13402758810838,75.17139808534007,,,,75.71169830423851,"rgba(0, 255, 0, 1.0)",4.1999700984432975,75.71169830423851,2.498950861471993,72.47069751351106,18.056199263306823,True,False,True,False,True,10.262312988838822,0.0,0.0,0.0,0.0,0,1.0366311679520634,0.8595805228482282,False,False,False,False,0.32893435977148056,0.3320053280041795,False,False,False,False,17278452,9583406.874020139,False,False,False,False,729450.2565787061,False,False,False,False
2022-08-04 00:00:00+00:00,89.7407021358,90.5651819542,84.3521376086,85.7459011111,932586,,,,,,,,,,,,,,,,,,,,,,,76.34054168979398,76.37098280319216,75.07070559373642,,,,,,,,,,,,,,,,,,,,,,,,,,,,76.01074745022238,76.21596336353808,76.30881253120177,75.34423590482562,,,,75.95171276235862,"rgba(0, 255, 0, 1.0)",4.357979319159284,75.95171276235862,3.1640786620578716,75.46623139821655,20.836844202331733,True,False,True,False,True,13.584667596411194,0.0,0.0,0.0,0.0,0,1.0241610494551752,0.8361447903247226,False,False,False,False,0.34282825053320776,0.3374167892686936,False,False,False,False,18211038,9921745.34954876,False,False,False,False,737416.3641638549,False,False,False,False
2022-08-05 00:00:00+00:00,89.0438203846,90.1038658653,88.1800796224,88.975113733,843040,,,,,,,,,,,,,,,,,,,,,,,76.61512567558458,76.59336523105638,75.22951871793646,,,,,,,,,,,,,,,,,,,,,,,,,,,,76.33801076964549,76.47112081158282,76.47400462855128,75.50711423526293,,,,76.17546572423142,"rgba(0, 255, 0, 1.0)",4.468233422477874,76.17546572423142,2.879964729602777,76.10215002963629,21.399135268740665,True,False,True,False,True,12.679112821535952,0.0,0.0,0.0,0.0,0,1.0529188733699948,0.8381614071160632,False,False,False,False,0.34282825084796714,0.3401225200583304,False,False,False,False,17367998,10213755.257409595,False,False,False,False,741558.4675299783,False,False,False,False
2022-08-08 00:00:00+00:00,89.4658755297,90.005713506,87.5420892868,89.3186469907,1456874,,,,,,,,,,,,,,,,,,,,,,,77.05904763847822,76.9568353857969,75.49365161109779,,,,,,,,,,,,,,,,,,,,,,,,,,,,76.86227441327294,76.88558232717878,76.74736106350241,75.77758529205609,,,,76.54033396162616,"rgba(0, 255, 0, 1.0)",4.60951465087145,76.54033396162616,2.8041003331294774,76.76982389786757,22.090678693386707,True,False,True,False,True,13.070348839443813,0.0,0.0,0.0,0.0,0,1.039416069606132,0.8457920465412615,False,False,False,False,0.3297534821887216,0.334938001123526,False,False,False,False,18824872,10551446.1100602,False,False,False,False,769610.0570386066,False,False,False,False
2022-08-09 00:00:00+00:00,88.248786274,89.9075611467,88.0034053757,88.6610261832,1092072,,,,,,,,,,,,,,,,,,,,,,,77.3640510749421,77.20951771731825,75.68106399530173,,,,,,,,,,,,,,,,,,,,,,,,,,,,77.2190947818236,77.17183730418549,76.93999409139977,75.9691149479283,,,,76.79352484469987,"rgba(0, 255, 0, 1.0)",4.757556048559183,76.79352484469987,2.407803778322134,74.79424016971026,22.090678693386707,True,False,True,False,True,11.472952646688249,0.0,0.0,0.0,0.0,0,1.0357305498678526,0.8653287600103167,False,False,False,False,0.33618985204624935,0.33556392658488765,False,False,False,False,17732800,10833067.83123431,False,False,False,False,782255.6234292495,False,False,False,False
2022-08-10 00:00:00+00:00,90.0547896857,90.3394315277,88.396014813,89.41679935,437967,,,,,,,,,,,,,,,,,,,,,,,77.49103657057923,77.31531941891757,75.75969515224905,,,,,,,,,,,,,,,,,,,,,,,,,,,,77.36668916419359,77.29120858553922,77.02113930251414,76.04951643238793,,,,76.8992292323401,"rgba(0, 255, 0, 1.0)",4.962333228001996,76.8992292323401,2.6510836432999425,74.75782673627839,22.090678693386707,True,False,True,False,False,13.170982555518869,0.0,0.0,0.0,0.0,0,1.0144448896983083,0.8848351597923257,False,False,False,False,0.34282825088634017,0.3391960887356139,False,False,False,False,18170767,11120820.739813356,False,False,False,False,768754.1087849652,False,False,False,False
2022-08-11 00:00:00+00:00,91.2620637054,92.646011972,90.6731495494,91.3700313007,604251,,,,,,,,,,,,,,,,,,,,,,,77.68922424020656,77.48084092431037,75.88166518080489,,,,,,,,,,,,,,,,,,,,,,,,,,,,77.59587933794816,77.4774377842242,77.14832485431843,76.17448516341764,,,,77.06397964074719,"rgba(0, 255, 0, 1.0)",5.194243857341656,77.06397964074719,2.7334265495804413,75.47893535565,22.090678693386707,True,False,True,False,False,14.27809883900622,0.0,0.0,0.0,0.0,0,1.0228690569882468,0.8621791464160349,False,False,False,False,0.3428282512337773,0.34101216998469563,False,False,False,False,18775018,11420985.338252049,False,False,False,False,762303.0064796725,False,False,False,False
2022-08-12 00:00:00+00:00,94.0692211823,94.1771887775,91.0657589868,92.1061739957,448368,,,,,,,,,,,,,,,,,,,,,,,77.84905543604036,77.61470289560688,75.97995726772172,,,,,,,,,,,,,,,,,,,,,,,,,,,,77.7799201490304,77.62766574810036,77.25146070171527,76.27531008545144,,,,77.1968674690952,"rgba(0, 255, 0, 1.0)",5.506182451986367,77.1968674690952,3.0642561993415356,77.37743772515518,23.009144432388908,True,False,True,False,False,16.75273457661919,0.0,0.0,0.0,0.0,0,1.0241548121280408,0.8558869285214842,False,False,False,False,0.3428282513600243,0.34192021067236,False,False,False,False,19223386,11726961.834791185,False,False,False,False,749991.8297549795,False,False,False,False
2022-08-15 00:00:00+00:00,95.3550170895,96.1058826384,93.4803070263,93.5391984419,461383,,,,,,,,,,,,,,,,,,,,,,,78.02991105971607,77.76647561748976,76.09089333206191,,,,,,,,,,,,,,,,,,,,,,,,,,,,77.98743519205658,77.79764875578394,77.3686056494926,76.38924461157478,,,,77.34717345973937,"rgba(0, 255, 0, 1.0)",5.8434605399494535,77.34717345973937,3.0817087762718764,79.17628439164159,24.826001112490133,True,False,True,False,True,17.841479359078498,0.0,0.0,0.0,0.0,0,1.0456952785785143,0.8369388898969424,False,False,False,False,0.3428282516112322,0.3423742311417961,False,False,False,False,19684769,12039032.704015061,False,False,False,False,738673.8364312549,False,False,False,False
2022-08-16 00:00:00+00:00,94.0594059463,96.4180160631,93.9021652719,95.6121576065,675286,,,,,,,,,,,,,,,,,,,,,,94.79319576043333,78.28498533644566,77.98152513620727,76.24935883713505,,,,,,,,,,,,,,,,,,,,,,,,,,,,78.27903790104065,78.03787281301257,77.53550307726681,76.55186618006135,,,,79.71416813020033,"rgba(0, 255, 0, 1.0)",6.1094209195254505,79.71416813020033,2.348051968436631,78.00071797639784,24.826001112490133,True,False,True,False,True,16.090819733613756,0.0,0.0,0.0,0.0,0,1.0525972811173199,0.8286676419715622,False,False,False,False,0.3428282516496611,0.34260124139572856,False,False,False,False,19009483,12312383.696014471,False,False,False,False,736188.0389241469,False,False,False,False
2022-08-17 00:00:00+00:00,93.6269940916,94.8456093186,92.8407907194,94.16750891,659839,,,,,,,,,,,,,,,,,,,,,,94.28807605927561,78.51186287042523,78.17401244293585,76.39323442669237,,,,,,,,,,,,,,,,,,,,,,,,,,,,78.53731876270868,78.25220785414326,77.68604611492911,76.6992664485976,,,,79.81775312246347,"rgba(0, 255, 0, 1.0)",6.3357644344055775,79.81775312246347,2.1795698233581993,76.44460374007207,24.826001112490133,True,False,True,False,False,15.509585638430405,0.0,0.0,0.0,0.0,0,1.0525040954266336,0.8412435899928915,False,False,False,False,0.3068235830200443,0.32471241220788644,False,False,False,False,18349644,12549139.00205312,False,False,False,False,733193.9589663373,False,False,False,False
2022-08-18 00:00:00+00:00,95.1502631253,95.1797457518,92.9292385987,94.4131974638,494175,,,,,,,,,,,,,,,,,,,,,,94.32364679882551,78.68451193398089,78.32099501873648,76.50341398988684,,,,,,,,,,,,,,,,,,,,,,,,,,,,78.73318195211785,78.41549527176666,77.80145013407682,76.81214894846688,,,,79.94935550598224,"rgba(0, 255, 0, 1.0)",6.582021450564404,79.94935550598224,2.3094588392771485,76.35034716576007,24.826001112490133,True,False,True,False,False,16.84349919257835,0.0,0.0,0.0,0.0,0,1.0462755435360063,0.8371248822973365,False,False,False,False,0.31254656858613017,0.3186294903970083,False,False,False,False,18843819,12795989.198051035,False,False,False,False,723820.6664578535,False,False,False,False
2022-08-19 00:00:00+00:00,92.7719979243,94.5900932226,92.3494136117,94.1871639943,468512,,,,,,,,,,,,,,,,,,,,,,94.1021194343047,78.83272556842694,78.44785203321885,76.59982203589338,,,,,,,,,,,,,,,,,,,,,,,,,,,,78.90079777935887,78.55606999430177,77.90171882215927,76.91075008807644,,,,80.03148196946754,"rgba(0, 255, 255, 0.75)",6.755446459588641,80.03148196946754,1.8859620945923785,72.37447814159478,26.68342996699768,True,False,True,False,False,13.67580376716215,0.0,0.0,0.0,0.0,0,1.0331408431151603,0.8401566447014756,False,False,False,False,0.2967557517859656,0.30769262109148693,False,False,False,False,18375307,13014785.974598054,False,False,False,False,713808.5618908788,False,False,False,False
2022-08-22 00:00:00+00:00,90.5411458556,91.8678640462,89.479771303,91.6516581189,668314,,,,,,,,,,,,,,,,,,,,,,93.31970576062743,79.0016562031989,78.59386429355773,76.71418246599167,,,,,,,,,,,,,,,,,,,,,,,,,,,,79.09101067826124,78.71723385164357,78.01857415414682,77.02722979686502,,,,80.06043215053654,"rgba(0, 255, 255, 0.75)",6.87413798023503,80.06043215053654,1.5246586168619682,66.77730209187561,21.523719459134753,True,False,True,False,False,10.841940210684744,0.0,0.0,0.0,0.0,0,1.01213417598866,0.8616983750922488,False,False,False,False,0.2230611897321761,0.2653769054118315,False,False,False,False,17706993,13198794.093241267,False,False,False,False,712024.46142457,False,False,False,False
2022-08-23 00:00:00+00:00,90.6295937349,91.0520797721,89.4895988452,90.4920081448,703035,,,,,,,,,,,,,,,,,,,,,,92.75843643501146,79.17066971508402,78.74075352899914,76.83045582997478,,,,,,,,,,,,,,,,,,,,,,,,,,,,79.28054688338673,78.87887934736827,78.13691900293836,77.14552788273139,,,,80.11777357818677,"rgba(0, 255, 255, 0.75)",6.984514651487239,80.11777357818677,1.5050179835294506,63.133925724118114,18.35590837700002,True,False,True,False,False,10.924782952609942,0.0,0.0,0.0,0.0,0,1.029979135287215,0.8533879250638178,False,False,False,False,0.21265065797193156,0.23901378169188153,False,False,False,False,18410028,13403156.207231805,False,False,False,False,711671.9335255672,False,False,False,False
2022-08-24 00:00:00+00:00,93.5680288387,93.6073390073,91.0423505054,91.2487288906,683971,,,,,,,,,,,,,,,,,,,,,,92.7554201743706,79.36378382632009,78.90830447228956,76.96096282177605,,,,,,,,,,,,,,,,,,,,,,,,,,,,79.4966543614896,79.06312510975008,78.27155908313192,77.27868161230539,,,,80.26231143267916,"rgba(0, 255, 255, 0.75)",7.148149687479062,80.26231143267916,1.8614212051725199,63.3331530971882,18.35590837700002,True,False,True,False,False,13.611920475490578,0.0,0.0,0.0,0.0,0,1.0598650181068068,0.8138814003237788,False,False,False,False,0.26624150758786347,0.25262764463987253,False,False,False,False,19093999,13626326.51283056,False,False,False,False,710585.6224069175,False,False,False,False
2022-08-25 00:00:00+00:00,94.7669889814,94.8947470293,92.3592411539,93.2240648633,870940,,,,,,,,,,,,,,,,,,,,,,92.9640781530341,79.62443907821907,79.13497047085691,77.13718375995934,,,,,,,,,,,,,,,,,,,,,,,,,,,,79.78739436457339,79.31186582218756,78.454163978512,77.45861419952423,,,,80.48408872835833,"rgba(0, 255, 255, 0.75)",7.303484140385388,80.48408872835833,1.9556282971935088,64.36302229908584,18.35590837700002,True,False,True,False,False,14.665406467796611,0.0,0.0,0.0,0.0,0,1.0824756546918117,0.7877689473953003,False,False,False,False,0.3009876086103263,0.2768076266250994,False,False,False,False,19964939,13874899.551543087,False,False,False,False,716874.0293713522,False,False,False,False
2022-08-26 00:00:00+00:00,93.0275140203,95.9462940397,92.6540674185,94.80629915,414896,,,,,,,,,,,,,,,,,,,,,,93.03117119301257,79.74427175057077,79.23964233584131,77.21921426764379,,,,,,,,,,,,,,,,,,,,,,,,,,,,79.92059898847461,79.4264403948783,78.53895021777646,77.54230775388304,,,,80.5828246127601,"rgba(0, 255, 255, 0.75)",7.405500943343973,80.5828246127601,1.6804655758939742,62.705330488859545,18.24209648100586,True,False,True,False,False,12.44383008428277,0.0,0.0,0.0,0.0,0,1.0790105046245304,0.799222669309206,False,False,False,False,0.3192262601534907,0.2980169433892951,False,False,False,False,19550043,14097454.196580613,False,False,False,False,705031.7537097306,False,False,False,False
2022-08-29 00:00:00+00:00,93.5287186701,94.5213004275,91.7302784561,92.5656195391,482215,,,,,,,,,,,,,,,,,,,,,,93.04920569899733,79.87507982336749,79.35440418470525,77.31006216866972,,,,,,,,,,,,,,,,,,,,,,,,,,,,80.06559204588014,79.55178061950753,78.63241917109285,77.6348876055776,,,,80.68417891472474,"rgba(0, 255, 255, 0.75)",7.458081642173724,80.68417891472474,1.7222310470218465,62.039723036740774,17.504324749315458,False,False,True,False,False,12.896232701114567,0.0,0.0,0.0,0.0,0,1.0910554362056317,0.8005019156544179,False,False,False,False,0.2875342242362583,0.2927755838127767,False,False,False,False,20032258,14330191.600636275,False,False,False,False,696293.8417995451,False,False,False,False
2022-08-30 00:00:00+00:00,92.5754470812,94.0790610306,91.5926928659,94.0790610306,498803,,,,,,,,,,,,,,,,,,,,,,93.02659083437621,80.00268467616296,79.466863090981,77.39998239587912,,,,,,,,,,,,,,,,,,,,,,,,,,,,80.20661134926964,79.67431982212148,78.72452828377953,77.7264168450527,,,,80.77849966220283,"rgba(0, 255, 255, 0.75)",7.470697378743882,80.77849966220283,1.5790958756491211,60.30878317650155,15.715721302377702,False,False,True,False,False,11.679633556190765,0.0,0.0,0.0,0.0,0,1.095272706665004,0.7975920642441721,False,False,False,False,0.27979864844934416,0.2862871161310604,False,False,False,False,19533455,14534241.145709364,False,False,False,False,688549.1029054454,False,False,False,False
2022-08-31 00:00:00+00:00,91.8678640462,93.6171665495,91.0325229632,93.4009606221,676607,,,,,,,,,,,,,,,,,,,,,,92.94739335717931,80.16413762421476,79.60993306744642,77.51577557395734,,,,,,,,,,,,,,,,,,,,,,,,,,,,80.38439523092396,79.8297765299399,78.84250842314228,77.8441179137762,,,,80.89225471507251,"rgba(38, 166, 154, 1.0)",7.507155725997522,80.89225471507251,1.4620196691962308,58.21927159469136,13.610098802570029,False,False,True,False,False,10.780343660313136,0.0,0.0,0.0,0.0,0,1.0805768662786972,0.8040222331441073,False,False,False,False,0.26624150758786347,0.27626431185946193,False,False,False,False,18856848,14703755.139995273,False,False,False,False,688080.7851444475,False,False,False,False
2022-09-01 00:00:00+00:00,92.1430352265,92.2707932745,89.607529351,91.8776915884,491430,,,,,,,,,,,,,,,,,,,,,,92.84599421033774,80.27080225555734,79.70509350396298,77.5940360726547,,,,,,,,,,,,,,,,,,,,,,,,,,,,80.50136261573154,79.93283464895448,78.92164126266763,77.92351568579839,,,,80.9619100319581,"rgba(38, 166, 154, 1.0)",7.515197058085642,80.9619100319581,1.487801997488818,57.14313301173874,12.462705097146369,False,False,True,False,False,11.043652693649403,0.0,0.0,0.0,0.0,0,1.117525492244411,0.8048089583859728,False,False,False,False,0.22757273871146366,0.25191852528546277,False,False,False,False,19348278,14885893.291368008,False,False,False,False,680368.9896485868,False,False,False,False
2022-09-02 00:00:00+00:00,90.7278691565,93.1650996104,90.2168369645,93.1552720683,423596,,,,,,,,,,,,,,,,,,,,,,92.76985177435897,80.36136362078855,79.78609294089938,77.66092954785546,,,,,,,,,,,,,,,,,,,,,,,,,,,,80.60046746564481,80.02042348260953,78.98921133641487,77.99135674694318,,,,81.02246211443935,"rgba(38, 166, 154, 1.0)",7.525979233133065,81.02246211443935,1.2895872738171634,54.50556649033179,9.84768717065711,False,True,False,False,False,9.231271597778566,0.0,0.0,0.0,0.0,0,1.1074301694725688,0.7939589592357336,False,False,False,False,0.24368353242588753,0.24780102885567515,False,False,False,False,18924682,15044277.162294753,False,False,False,False,670299.4606427599,False,False,False,False
2022-09-06 00:00:00+00:00,90.3937327233,91.6418305767,89.3127030864,91.1701085534,668927,,,,,,,,,,,,,,,,,,,,,,92.5950654446091,80.489693646215,79.90175381987568,77.75824739705962,,,,,,,,,,,,,,,,,,,,,,,,,,,90.4494221288,80.74027492935562,80.14504170770839,79.08661094735633,78.08982970840388,,,,82.13954885882042,"rgba(38, 166, 154, 1.0)",7.536074091561105,82.13954885882042,1.0952896381051536,52.3125509030848,7.704689387697847,False,True,False,False,False,8.805970996670968,0.0,0.0,0.0,0.0,0,1.0924415523222297,0.8133102005718603,False,False,False,False,0.19946846013874917,0.22363474449721216,False,False,False,False,18255755,15170217.469655745,False,False,False,False,670245.6386567694,False,False,False,False
2022-09-07 00:00:00+00:00,95.4352618478,96.0543970034,90.7671793251,90.7671793251,1083363,,,,,,,,,,,,,,,,,,,,,,92.75713073181672,80.76414664754961,80.14661530704309,77.95702378429593,,,,,,,,,,,,,,,,,,,,,,,,,,,92.69751710927726,81.04018686720602,80.40970301210608,79.29026130381422,78.29201186502891,,,,82.59495518090421,"rgba(0, 255, 255, 0.75)",7.662109199641558,82.59495518090421,1.675818802934378,56.15087536492917,7.704689387697847,False,False,True,False,True,13.580609686566483,0.0,0.0,0.0,0.0,1,1.088591389485775,0.8011704571373027,False,False,False,False,0.2879709962133034,0.2558028703552578,False,False,False,False,19339118,15333703.764963362,False,False,False,False,686446.319493759,False,False,False,False
2022-09-08 00:00:00+00:00,94.9635398244,95.641640233,93.8628551033,94.3247495845,857168,,,,,,,,,,,,,,,,,,,,,,92.92074858172319,80.98515552324645,80.34437406765569,78.11793284427102,,,,,,,,,,,,,,,,,,,,,,,,,,,93.39560086537423,81.2809719223215,80.62299788130387,79.45534842141522,78.4556927528647,,,,82.84209142890843,"rgba(0, 255, 255, 0.75)",7.745337532912027,82.84209142890843,1.5649993746540118,58.06146418383477,2.3185360329543414,False,False,True,False,True,12.974742408596622,0.0,0.0,0.0,0.0,1,1.108692918030967,0.7990747835931004,False,False,False,False,0.3276650615466594,0.2917339659509586,False,False,False,False,18481950,15457164.401631465,False,False,False,False,693141.2873567488,False,False,False,False
2022-09-09 00:00:00+00:00,94.8456093186,96.2804304729,94.0692334885,96.0150868348,475446,,,,,,,,,,,,,,,,,,,,,,93.01099927831143,81.10686800925122,80.45358257367842,78.20714360461416,,,,,,,,,,,,,,,,,,,,,,,,,,,93.65290302159117,81.41326218515377,80.74058014478445,79.54683393571486,78.54641589214924,,,,82.96428762724986,"rgba(0, 255, 255, 0.75)",7.83805419189763,82.96428762724986,1.5158509242806872,59.16377789869309,3.387143600273454,False,False,True,False,True,12.821508930279403,0.0,0.0,0.0,0.0,1,1.1126963212078131,0.825610123418469,False,False,False,False,0.34282825068186207,0.3172811083164103,False,False,False,False,18006504,15557138.50352827,False,False,False,False,684604.2172643273,False,False,False,False
2022-09-12 00:00:00+00:00,95.002849993,95.2387110047,94.2166466208,94.9045745715,300222,,,,,,,,,,,,,,,,,,,,,,93.05781607422102,81.18131194957469,80.52056633161686,78.2621798959096,,,,,,,,,,,,,,,,,,,,,,,,,,,93.75635820118143,81.49401728341745,80.81259006052346,79.6031465528702,78.60235008893393,,,,83.03225960424986,"rgba(0, 255, 255, 0.75)",7.928322921740306,83.03225960424986,1.50985151675968,60.053708699635564,4.339968518080148,False,False,True,False,True,12.968510011798159,0.0,0.0,0.0,0.0,1,1.1248869999774493,0.8246418926612286,False,False,False,False,0.3258346919408018,0.3215579001286061,False,False,False,False,18306726,15664965.46417422,False,False,False,False,669530.404822589,False,False,False,False
2022-09-13 00:00:00+00:00,93.4697534172,94.5802656804,92.8211356351,93.3616504535,473537,,,,,,,,,,,,,,,,,,,,,,93.08001734639355,81.28695097710325,80.61622932331802,78.34203507075064,,,,,,,,,,,,,,,,,,,,,,,,,,,93.74008056115603,81.60817909596499,80.91511632945813,79.6842150881497,78.68334968509772,,,,83.106241497488,"rgba(38, 166, 154, 1.0)",7.991458815908744,83.106241497488,1.2968235410387354,58.28968510607048,4.339968518080148,False,False,True,False,True,10.946937617146975,0.0,0.0,0.0,0.0,1,1.0908420846915952,0.8402171292867553,False,False,False,False,0.287466671992833,0.30451228606071956,False,False,False,False,17833189,15749993.838128174,False,False,False,False,661844.3889471934,False,False,False,False
2022-09-14 00:00:00+00:00,94.8554368607,94.9242296558,92.4869992019,92.8702733458,583574,,,,,,,,,,,,,,,,,,,,,,93.12654474619002,81.41951243204304,80.7363654257588,78.44227270133446,,,,,,,,,,,,,,,,,,,,,,,,,,,93.78590325962689,81.75128045195551,81.04377458861164,79.78613249199269,78.78504847811834,,,,83.20853717507015,"rgba(38, 166, 154, 1.0)",8.091178331866711,83.20853717507015,1.4394565547713984,58.653291834826355,4.339968518080148,False,False,True,False,True,12.276356307175867,0.0,0.0,0.0,0.0,1,1.1113535853464027,0.8326360029660236,False,False,False,False,0.2876482222657294,0.2960802541632245,False,False,False,False,18416763,15854573.020946678,False,False,False,False,658774.9619296563,False,False,False,False
2022-09-15 00:00:00+00:00,93.3911330799,94.1085436571,92.75234284,93.911992814,317162,,,,,,,,,,,,,,,,,,,,,,93.13365514874818,81.48665410778007,80.79752415293282,78.493901392763,,,,,,,,,,,,,,,,,,,,,,,,,,,93.76134253141949,81.82352681370595,81.10910396976126,79.8383477805181,78.83735804206344,,,,83.25349043774358,"rgba(38, 166, 154, 1.0)",8.16948639722538,83.25349043774358,1.240915542205871,56.79576997488132,4.339968518080148,False,True,True,False,False,10.365855786228106,0.0,0.0,0.0,0.0,1,1.103778430431394,0.8239169907602415,False,False,False,False,0.27750940248337824,0.2867948283233014,False,False,False,False,18099601,15942613.33385073,False,False,False,False,645378.3751873168,False,False,False,False
2022-09-16 00:00:00+00:00,93.7940623082,94.5802656804,92.5754470812,92.5754470812,700922,,,,,,,,,,,,,,,,,,,,,,93.16012285654875,81.63524436723583,80.9330662508453,78.60850537551326,,,,,,,,,,,,,,,,,,,,,,,,,,,93.74704026189184,81.98319902492649,81.25374453993281,79.95428800538365,78.9534681283276,,,,83.35874209006728,"rgba(38, 166, 154, 1.0)",8.25001707164344,83.35874209006728,1.2648846817542347,56.044025049448216,4.339968518080148,False,True,True,False,False,10.760697368974053,0.0,0.0,0.0,0.0,1,1.1050739163945043,0.8203089220719014,False,False,False,False,0.28293387084776134,0.28486434958553136,False,False,False,False,18800523,16054688.222719328,False,False,False,False,647556.55655252,False,False,False,False
2022-09-19 00:00:00+00:00,95.1895732939,95.6121576065,93.2928576584,93.4795809593,574616,,,,,,,,,,,,,,,,,,,,,,93.22215901072028,81.764771727547,81.0510547444194,78.70763107662256,,,,,,,,,,,,,,,,,,,,,,,,,,,93.83760449025753,82.12239305042775,81.37967425121404,80.055058417178,79.05399933966436,,,,83.46603845645011,"rgba(38, 166, 154, 1.0)",8.349620780978471,83.46603845645011,1.4040799151211318,57.14867818636036,4.339968518080148,False,True,True,False,False,12.118272144100093,0.0,0.0,0.0,0.0,1,1.0925702585436612,0.8250691666286792,False,False,False,False,0.3154673238353305,0.30016583671043096,False,False,False,False,19375139,16184901.97869112,False,False,False,False,644696.1425700682,False,False,False,False
2022-09-20 00:00:00+00:00,93.8628551033,94.5900932226,93.0275140203,94.5900932226,525113,,,,,,,,,,,,,,,,,,,,,,93.24365392485198,81.87308925627265,81.15035096602284,78.7922765806256,,,,,,,,,,,,,,,,,,,,,,,,,,,93.83674128565403,82.23832587497122,81.48531424022129,80.14054163558222,79.13969868657321,,,,83.54444360564167,"rgba(38, 166, 154, 1.0)",8.419954475407616,83.54444360564167,1.2254711741964388,55.911128538202604,4.339968518080148,False,True,True,False,False,10.368111298348754,0.0,0.0,0.0,0.0,1,1.0960636592447295,0.8191832643509974,False,False,False,False,0.29146506453899484,0.29581545062471293,False,False,False,False,18850026,16289416.64619343,False,False,False,False,640006.6075673205,False,False,False,False
2022-09-21 00:00:00+00:00,94.3050945002,96.7718075806,93.4632672393,93.4894085015,769590,,,,,,,,,,,,,,,,,,,,,94.84672310669998,93.32303655477008,82.04161549613158,81.30460587297449,78.92293231875387,,,,,,,,,,,,,,,,,,,,,,,,,,,93.94278631783278,82.4187371321255,81.64946724157427,80.27311766193094,79.27211389484387,,,,84.79951355976374,"rgba(38, 166, 154, 1.0)",8.491644485747136,84.79951355976374,1.1194040160761527,55.63384602181385,4.339968518080148,False,True,True,False,False,10.806753808457053,0.0,0.0,0.0,0.0,1,1.099931631439548,0.7974625573104858,False,False,False,False,0.3406403439167971,0.318227897270755,False,False,False,False,19619616,16420012.699283885,False,False,False,False,645088.3092313472,False,False,False,False
2022-09-22 00:00:00+00:00,90.7376966986,93.5188911279,90.0497687479,93.2240648633,734003,,,,,,,,,,,,,,,,,,,,,93.18145658471299,93.23790781242371,82.15657365584396,81.4122715846743,79.01930598636373,,,,,,,,,,,,,,,,,,,,,,,,,,,93.71455315191075,82.54013294517158,81.76280647577731,80.36827458180396,79.36913298072074,,,,84.67624157594031,"rgba(38, 166, 154, 0.5)",8.510010568377327,84.67624157594031,0.712273512935893,51.070783827793925,5.844129020741761,False,True,False,False,False,6.266863052650056,0.0,0.0,0.0,0.0,1,1.0723355171537818,0.8223728503926534,False,False,False,False,0.2142370694752696,0.2662324833730123,False,False,False,False,18885613,16516702.907155106,False,False,False,False,648575.1598497258,False,False,False,False
2022-09-23 00:00:00+00:00,89.2144276649,89.5485640981,87.22926415,89.4895988452,471589,,,,,,,,,,,,,,,,,,,,,92.1029014921985,93.10910960535972,82.20734004570387,81.4614516212512,79.06679879983899,,,,,,,,,,,,,,,,,,,,,,,,,,,93.4355044884683,82.59265146300702,81.81378079554817,80.41346411149848,79.41652415128348,,,,84.56195265741579,"rgba(38, 166, 154, 0.5)",8.520109221722082,84.56195265741579,0.5460581415579384,46.620443705953036,1.7001560879504538,False,True,False,True,False,4.435652036288818,0.0,0.0,0.0,0.0,1,1.047585900517668,0.8519803027710025,False,False,False,False,0.09203025514558333,0.17913136925929782,False,False,False,False,18414024,16591107.655894123,False,False,False,False,641634.5261301287,False,False,False,False
2022-09-26 00:00:00+00:00,88.7328780994,90.8359721202,88.2808111604,89.3127030864,326812,,,,,,,,,,,,,,,,,,,,,91.70259393384046,93.03587713712058,82.24538828471707,81.49804017222559,79.10154355396729,,,,,,,,,,,,,,,,,,,,,,,,,,,93.28237771005107,82.63217944217841,81.85181960197232,80.44682123891405,79.45126373069945,,,,84.52479048056863,#000000,8.524544876244368,84.52479048056863,0.4936436701222828,43.228057053295046,-1.3378798063126496,False,True,False,True,False,3.862416267424315,0.0,0.0,0.0,0.0,0,1.061017229928883,0.8445161116450823,False,False,False,False,0.12066895552999385,0.14990016239464582,False,False,False,False,18087212,16649778.41448651,False,False,False,False,629288.5447132608,False,False,False,False
2022-09-27 00:00:00+00:00,87.9073645586,90.1577734362,87.5044353303,89.863045447,321286,,,,,,,,,,,,,,,,,,,,,91.31319683700552,92.95252749100007,82.278399826718,81.53019876919424,79.1329386278902,,,,,,,,,,,,,,,,,,,,,,,,,,,93.1158738354752,82.66619754674792,81.8850533197493,80.47657105300387,79.48255660918618,,,,84.48335139159705,#000000,8.522891813925336,84.48335139159705,0.40174312214177493,40.237762038632525,-3.9838528525455175,False,True,False,True,False,2.8793176506106697,0.0,0.0,0.0,0.0,0,1.0287362352813278,0.8570057214559149,False,False,False,False,0.09317313027280097,0.1215366463337234,False,False,False,False,17765926,16693548.908036059,False,False,False,False,617210.0135480349,False,False,False,False
2022-09-28 00:00:00+00:00,87.5437454989,88.2611560761,86.1187518867,87.5142628724,447009,,,,,,,,,,,,,,,,,,,,,90.73005607463452,92.81110768581554,82.31492903811534,81.56676351821166,79.17066414466944,,,,,,,,,,,,,,,,,,,,,,,,,,,92.84628586867899,82.70319273634695,81.9223795982253,80.5114029129649,79.51993268221143,,,,84.4096714259874,#000000,8.498873549003736,84.4096714259874,0.36876346669259275,37.92171144817218,-6.028297446525293,False,True,False,True,False,2.445388396061258,0.0,0.0,0.0,0.0,0,1.0149210278809706,0.877872376821429,False,False,False,False,0.03157726679217163,0.0765569565629475,False,False,False,False,17318917,16718073.146936607,False,False,False,False,610535.4639971317,False,False,False,False
2022-09-29 00:00:00+00:00,84.8608264911,86.069614176,83.9960027817,84.8411714068,479907,,,,,,,,,,,,,,,,,,,,,89.95216640641661,92.60586809780878,82.3355142860374,81.5897673268644,79.19928175111731,,,,,,,,,,,,,,,,,,,,,,,,,,,92.47267930358461,82.72247124038135,81.94477573702588,80.53570671266631,79.54776498066063,,,,84.29059958425633,#000000,8.407262365899685,84.29059958425633,0.06782551584883845,34.30833057620808,-9.32000327897262,False,True,False,True,False,0.0,0.0,0.0,0.0,0.0,0,0.9993975227059342,0.8825842855040378,False,False,False,False,-0.04909551503120738,0.01373072076587006,False,False,False,False,16839010,16722815.768625367,False,False,False,False,605412.7791344991,False,False,False,False
2022-09-30 00:00:00+00:00,84.7134133588,86.5511637414,84.5660002265,85.4799616468,469830,,,,,,,,,,,,,,,,,,,,,89.40575212263033,92.42262819883962,82.35762672564402,81.61396738781143,79.22847402112062,,,,,,,,,,,,,,,,,,,,,,,,,,,92.15313413187992,82.74351328874832,81.96853449188676,80.56084301078269,79.57623688889328,,,,84.20307102682371,#000000,8.285952670572673,84.20307102682371,0.06159126804920767,31.798797445905365,-11.57401393055288,False,True,False,True,False,0.0,0.0,0.0,0.0,0.0,0,1.0046008836018472,0.8707613511018604,False,False,False,False,-0.0480351104671665,-0.01715219485064822,False,False,False,False,16369180,16708947.69926751,False,False,False,False,600095.8074037344,False,False,False,False
2022-10-03 00:00:00+00:00,86.8263349217,87.357022198,83.9665201552,83.9960027817,343534,,,,,,,,,,,,,,,,,,,,,89.14155751934528,92.30821992554041,82.37781223633925,81.63515455886663,79.25234788289742,,,,,,,,,,,,,,,,,,,,,,,,,,,91.9611968387803,82.76330956695809,81.98970299875474,80.5820397221912,79.59967585143235,,,,84.16110171011057,#000000,8.202096117707123,84.16110171011057,0.3249453765648486,33.77367514984145,-11.57401393055288,False,True,False,True,False,1.5784932604559252,0.0,0.0,0.0,0.0,0,0.9958963510938486,0.8748915182346941,False,False,False,False,-0.06541128098618035,-0.04128173791841429,False,False,False,False,16712714,16709095.397335453,False,False,False,False,590034.5600545683,False,False,False,False
2022-10-04 00:00:00+00:00,88.6346026779,89.1628330686,87.9172903761,88.3692590398,276185,,,,,,,,,,,,,,,,,,,,,89.1076288187902,92.25505506205279,82.4049153584128,81.66168739141659,79.27849559947812,,,,,,,,,,,,,,,,,,,,,,,,,,,91.8776093620278,82.79113318251648,82.01703372280512,80.60676674212824,79.62571559922769,,,,84.16260408388557,"rgba(38, 166, 154, 0.5)",8.064585232043964,84.16260408388557,0.5545230740751947,37.65082371202375,-11.57401393055288,False,True,False,True,True,3.5677977555698916,0.0,0.0,0.0,0.0,0,1.0104640353328207,0.8682142543554726,False,False,False,False,0.03256490727880825,-0.004358415319803018,False,False,False,False,16988899,16720068.087636024,False,False,False,False,577726.7341700755,False,False,False,False
2022-10-05 00:00:00+00:00,86.3447853562,88.2120183653,85.9222010437,87.8287442213,373228,,,,,,,,,,,,,,,,,,,,,88.93778095433716,92.15264480057162,82.430907375484,81.68824713228797,79.30700624523185,,,,,,,,,,,,,,,,,,,,,,,,,,,91.71470663066692,82.81708717084912,82.04387032778526,80.63267105055844,79.65384732066805,,,,84.13787690084405,#000000,7.912717939357222,84.13787690084405,0.2789064986607159,38.01643687751141,-11.57401393055288,False,True,False,True,True,0.9101947919185136,0.0,0.0,0.0,0.0,0,0.9771227401721387,0.8840198378013329,False,False,False,False,-0.0334937427917755,-0.01892607905578926,False,False,False,False,16615671,16715974.084199317,False,False,False,False,569707.1759673274,False,False,False,False
2022-10-06 00:00:00+00:00,84.4775523472,86.3742679827,83.7110040592,86.266165019,326905,,,,,,,,,,,,,,,,,,,,,88.68779049002855,92.03401277061269,82.44332145168518,81.70244402767794,79.32529888789651,,,,,,,,,,,,,,,,,,,,,,,,,,,91.52624250980905,82.82849958310531,82.05753956547727,80.64801563538704,79.67158224129189,,,,84.09247471629715,#000000,7.784233684732268,84.09247471629715,0.049468919677749947,36.75891966163115,-11.57401393055288,False,True,False,True,True,0.0,0.0,0.0,0.0,0.0,0,0.9675306358423232,0.8968006197321494,False,False,False,False,-0.19422830669466587,-0.10657719287522757,False,False,False,False,16288766,16699220.825995421,False,False,False,False,560185.5220078245,False,False,False,False
2022-10-07 00:00:00+00:00,82.4530786636,84.271173962,81.8929087609,83.8485896494,426203,,,,,,,,,,,,,,,,,,,,,88.25794180098802,91.84388910402782,82.4461680290295,81.7092439942496,79.34048340744862,,,,,,,,,,,,,,,,,,,,,,,,,,,91.2270164895,82.82881779927092,82.06267410536316,80.65850687345309,79.6857505392861,,,,84.00604921426168,#000000,7.513122147416756,84.00604921426168,-0.20670109179519233,34.53088051701351,-11.57401393055288,False,True,False,True,True,0.0,0.0,0.0,0.0,0.0,0,0.9462871915493037,0.9333439686325109,False,False,False,False,-0.34282825441539394,-0.22470272364531074,False,False,False,False,15862563,16666410.715172071,False,False,False,False,554931.3054584981,False,False,False,False
2022-10-10 00:00:00+00:00,82.8461803498,83.6422112642,82.5120439166,82.5710091695,181968,,,,,,,,,,,,,,,,,,,,,88.0970906149776,91.76622017074709,82.44773276534059,81.71243948211492,79.34716000948885,,,,,,,,,,,,,,,,,,,,,,,,,,,91.10733185005022,82.82934654133216,82.06518943399092,80.66321278856114,79.69200257172987,,,,83.97277262283333,#000000,7.261436411368152,83.97277262283333,-0.15514730271129284,33.63627456707149,-11.57401393055288,False,True,False,True,True,0.0,0.0,0.0,0.0,0.0,0,0.9398512020923343,0.9512087930322676,False,False,False,False,-0.34282825441539394,-0.28376548903035237,False,False,False,False,16044531,16642023.275361402,False,False,False,False,540305.2934797334,False,False,False,False
2022-10-11 00:00:00+00:00,83.3375574574,84.084450661,81.7553231708,82.5218714587,350877,,,,,,,,,,,,,,,,,,,,,87.81645366616158,91.62122547341663,82.45104453281947,81.71883679405721,79.36017223244498,,,,,,,,,,,,,,,,,,,,,,,,,,,90.88772371116757,82.83070573703894,82.07030516274112,80.67246131893798,79.70420530525966,,,,83.91331339340451,#000000,7.0334617038700245,83.91331339340451,-0.08185953947651606,33.80490800208172,-11.57401393055288,False,True,False,True,True,0.0,0.0,0.0,0.0,0.0,0,0.9214213032572276,0.95275897160753,False,False,False,False,-0.34282825441539394,-0.3132968717228731,False,False,False,False,16395408,16632352.088092329,False,False,False,False,532876.7329511164,False,False,False,False
2022-10-12 00:00:00+00:00,80.9789473407,83.249109578,80.7922240398,83.249109578,334685,,,,,,,,,,,,,,,,,,,,,87.50652007427713,91.46568539467413,82.44704729966665,81.7186319593242,79.36788134524919,,,,,,,,,,,,,,,,,,,,,,,,,,,90.65398366741422,82.82421228147538,82.06836620984079,80.67613337119708,79.71098917265746,,,,83.84394507757762,#000000,6.8780029165177865,83.84394507757762,-0.41654500174712206,32.19923045270443,-11.614945741056857,False,True,False,True,False,0.0,0.0,0.0,0.0,0.0,0,0.9078395925598136,0.9633580070269537,False,False,False,False,-0.34282825441539394,-0.3280625630691335,False,False,False,False,16060723,16609935.261108316,True,False,False,False,525104.508129504,False,False,False,False
2022-10-13 00:00:00+00:00,83.2982472888,83.632383722,79.3868855119,79.9863655832,391431,,,,,,,,,,,,,,,,,,,,,87.20559745262419,91.29759883811106,82.44500824408064,81.72066399264224,79.37851144112841,,,,,,,,,,,,,,,,,,,,,,,,,,82.10583884089999,90.4076836145631,82.81952882525599,82.06857910646006,80.68224132665823,79.7205994006805,,,,83.62289555300949,#000000,6.642327779040328,83.62289555300949,-0.04887567657138274,34.45149643695664,-11.614945741056857,False,True,False,True,False,0.0,0.0,0.0,0.0,0.0,0,0.9042765445789742,0.9618731882305518,True,False,False,False,-0.34282825441539394,-0.3354454087422637,False,False,False,False,16452154,16603747.760672696,False,False,False,False,519862.4097714843,False,False,False,False
2022-10-14 00:00:00+00:00,81.4408418219,84.2613464198,81.1180070622,83.8191070229,200723,,,,,,,,,,,,,,,,,,,,,87.06858693768382,91.21525448023789,82.44448396265402,81.72214746359462,79.38426345909224,,,,,,,,,,,,,,,,,,,,,,,,,,82.16263667445838,90.28924751744653,82.8177091035881,82.06917408871541,80.68571952129915,79.72584169286945,,,,83.59864226378542,#000000,6.532920004163174,83.59864226378542,-0.3302964739366694,34.52396942171772,-11.614945741056857,False,True,False,True,False,0.0,0.0,0.0,0.0,0.0,0,0.9137697666680006,0.9846235367266098,False,False,False,False,-0.2801095547019034,-0.3077774817220835,False,False,False,False,16251431,16589931.417116905,False,False,False,False,507347.13880005357,False,False,False,False
2022-10-17 00:00:00+00:00,84.2810015041,85.0180671656,82.9837659399,83.1508341565,310168,,,,,,,,,,,,,,,,,,,,,86.9461687325913,91.11624343593576,82.45223583429124,81.73194469981385,79.39868060655948,,,,,,,,,,,,,,,,,,,,,,,,,,82.82662734484738,90.1529334170208,82.82424827059221,82.07822380933574,80.6971943690869,79.7396599901509,,,,83.6331055009296,#000000,6.436033253608859,83.6331055009296,0.10066697570387925,37.97370767667835,-11.614945741056857,False,True,False,True,True,0.0,0.0,0.0,0.0,0.0,0,0.888368318075898,0.9639585662184432,False,False,False,False,-0.21283281667557535,-0.2603051491988294,False,False,False,False,16561599,16588820.34193585,False,False,False,False,499614.62355299265,False,False,False,False
2022-10-18 00:00:00+00:00,85.6077196948,86.973748054,85.0524635631,86.0597866338,352507,,,,,,,,,,,,,,,,,,,,,86.89843495678373,91.03475549826152,82.47043238655584,81.75131492330803,79.42114255819625,,,,,,,,,,,,,,,,,,,,,,,,,,83.68381358260396,90.04863518066215,82.8419232261851,82.09742436831479,80.71694058339956,79.76164821098344,,,,83.70240595229586,#000000,6.3635885010951325,83.70240595229586,0.29940869718025326,41.638759409939155,-14.173292884370284,False,True,False,True,True,0.49226281082891177,0.0,0.0,0.0,0.0,0,0.9031551511953299,0.9432334703711998,False,False,False,False,-0.11297005364141183,-0.18663760142012062,False,False,False,False,16914106,16601576.642252093,False,False,False,False,493845.6971391498,False,False,False,False
2022-10-19 00:00:00+00:00,84.6839307324,85.3079796591,83.9468650709,84.978756997,346749,,,,,,,,,,,,,,,,,,,,,86.80360532524045,90.93847094910683,82.48174187457157,81.76455828402918,79.43890017041761,,,,,,,,,,,,,,,,,,,,,,,,,,83.89218732919403,89.92202224010816,82.85213795753755,82.11003085801326,80.73161726603144,79.7787992550828,,,,83.70127922812118,#000000,6.214307957768865,83.70127922812118,0.15812726227227777,43.20328161768346,-12.651411094193975,False,True,False,True,True,0.0,0.0,0.0,0.0,0.0,0,0.8888744209936594,0.9527080217048772,False,False,False,False,-0.18138072485294293,-0.18400916313653176,False,False,False,False,16567357,16600234.69549711,False,False,False,False,488077.19921212434,False,False,False,False
2022-10-20 00:00:00+00:00,82.2467002784,83.9960027817,81.9223913874,83.9960027817,430693,,,,,,,,,,,,,,,,,,,,,86.60073516760563,90.78747793249325,82.48328112267005,81.76996614324838,79.4526994363101,,,,,,,,,,,,,,,,,,,,,,,,,,83.64412912415469,89.7183480621531,82.85122714436,82.11376559991098,80.7408074424123,79.79157830669718,,,,83.63218322563779,#000000,6.079810862973446,83.63218322563779,-0.22788257372864945,42.15921185176246,-12.651411094193975,False,True,False,True,True,0.0,0.0,0.0,0.0,0.0,0,0.8672012655495773,0.961990549679248,False,False,False,False,-0.26609683786540417,-0.22505300050096796,False,False,False,False,16136664,16582055.45253644,False,False,False,False,485826.83845870773,False,False,False,False
2022-10-21 00:00:00+00:00,83.8485896494,84.2515188776,81.509634617,83.0132485664,587046,,,,,,,,,,,,,,,,,,,,,86.38518378545957,90.6021556974333,82.48952152325903,81.78091967230597,79.47406575589598,,,,,,,,,,,,,,,,,,,,,,,,,,83.5453179959429,89.47647941485653,82.85454591819848,82.12275789059724,80.75621018539589,79.8116522019847,,,,83.57261909466632,#000000,5.974859838254571,83.57261909466632,0.04618862403545419,43.241184328435125,-12.4643538397372,False,True,False,True,True,0.0,0.0,0.0,0.0,0.0,1,0.8517974603207504,0.9770654150368692,False,False,False,False,-0.2701736484032216,-0.24761332445209477,False,False,False,False,16723710,16587610.532829128,False,False,False,False,489796.21734268003,False,False,False,False
2022-10-24 00:00:00+00:00,84.4480697207,84.9984120813,83.5341083005,84.7822061539,294080,,,,,,,,,,,,,,,,,,,,,86.32178058431911,90.52627007386971,82.49746483864679,81.79062935920925,79.4878754118029,,,,,,,,,,,,,,,,,,,,,,,,,,83.62420764361794,89.38245857708424,82.86146674781693,82.13183367120581,80.76736377517533,79.82492180477588,,,,83.56511568068397,#000000,5.8855158696724965,83.56511568068397,0.15002152055452087,44.60571801244028,-10.983418148676968,False,True,False,True,True,0.0,0.0,0.0,0.0,0.0,1,0.8623478651479873,0.9827407325096024,False,False,False,False,-0.199464723709815,-0.22353902408095488,False,False,False,False,17017790,16604480.315855438,False,False,False,False,482121.0715645357,False,False,False,False
2022-10-25 00:00:00+00:00,86.7673696688,87.86805439,85.0573773342,85.3128934302,327535,,,,,,,,,,,,,,,,,,,,,86.32982377488166,90.47361716989028,82.51695300502139,81.81082033433968,79.51023276945998,,,,,,,,,,,,,,,,,,,,,,,,,,83.92133587222614,89.32629312563114,82.880751384198,82.1520684704059,80.78746150383854,79.84690903798523,,,,83.59602422253437,"rgba(38, 166, 154, 0.5)",5.740050315868736,83.59602422253437,0.5524943635943828,47.810759979759325,-7.809374502593002,False,False,False,False,True,1.8007278096506418,0.0,0.0,0.0,0.0,0,0.8518345101270284,0.9720204699375349,False,False,False,False,-0.09102728663397944,-0.15728315535746717,False,False,False,False,17345325,16633533.04856699,False,False,False,False,476058.872679652,False,False,False,False
2022-10-26 00:00:00+00:00,87.2390916922,88.9589115689,86.6003014522,87.6715035469,599098,,,,,,,,,,,,,,,,,,,,,86.40244622666249,90.40540977426429,82.56111450898352,81.8552604934665,79.55671124877557,,,,,,,,,,,,,,,,,,,,,,,,,,84.49517039278906,89.26555718140136,82.92527849844166,82.19717838773725,80.83038732777126,79.8928978612809,,,,83.67158290014308,"rgba(38, 166, 154, 0.5)",5.572855973756241,83.67158290014308,0.6401580821139253,50.3811584014279,-5.318587714633608,False,False,False,False,True,2.2894268381805816,0.0,0.0,0.0,0.0,0,0.8601400525212397,0.966095481973268,False,False,False,False,-0.02718037214400548,-0.09223176375073633,False,False,False,False,17944423,16684940.497642795,False,False,False,False,480883.93649613624,False,False,False,False
2022-10-27 00:00:00+00:00,88.1039154016,89.2930480021,87.8483993056,88.2611560761,568479,,,,,,,,,,,,,,,,,,,,,86.5060643079174,90.3615790360805,82.60898542483645,81.90270215017162,79.60474617845702,,,,,,,,,,,,,,,,,,,,,,,,,,85.0006495800043,89.23809152432315,82.97399866213684,82.24565691642835,80.87547039627488,79.94060032048993,,,,83.75077677246549,"rgba(38, 166, 154, 0.5)",5.399798725709835,83.75077677246549,0.8061668314428284,52.898468803658275,-2.908012754996548,False,False,True,False,True,3.186353739440932,0.0,0.0,0.0,0.0,0,0.8730504287104358,0.9470806229100049,False,False,False,False,0.01103604422878907,-0.04059785976097363,False,False,False,False,18512902,16756625.262441117,False,False,False,False,484319.0370256995,False,False,False,False
2022-10-28 00:00:00+00:00,89.6861496883,89.7451149412,88.192363281,88.5264997142,221407,,,,,,,,,,,,,,,,,,,,,86.55917378372402,90.35176778154971,82.62993549127283,81.92322091253688,79.62498451852065,,,,,,,,,,,,,,,,,,,,,,,,,,85.20184315962145,89.23771618242634,82.99547130592809,82.26673400285256,80.89471532168132,79.96075941984391,,,,83.78602926181435,"rgba(38, 166, 154, 1.0)",5.262241206107569,83.78602926181435,1.121218164541325,55.955984715560305,-0.01812051648018098,True,False,True,False,True,4.802927810827054,0.0,0.0,0.0,0.0,0,0.8737321015739706,0.9452675579269604,False,False,False,False,0.030268137141699986,-0.005164861309636823,False,False,False,False,18734309,16834181.48744343,False,False,False,False,474008.7610639074,False,False,False,False
2022-10-31 00:00:00+00:00,88.8901187739,89.8532179049,88.8016708945,89.7451149412,325091,,,,,,,,,,,,,,,,,,,,,86.63274162886994,90.3373374181448,82.66033485856538,81.95303287611436,79.6544654459968,,,,,,,,,,,,,,,,,,,,,,,,,,85.46295391575143,89.23671223147758,83.02660092043271,82.29733520048025,80.92272344715943,79.99011708392203,,,,83.83403227517407,"rgba(38, 166, 154, 0.5)",5.137772098307411,83.83403227517407,0.9841009686653113,56.92615711481121,0.9207462216497788,True,False,True,False,True,3.8912310105573624,0.0,0.0,0.0,0.0,0,0.8855015498416889,0.9434708314640897,False,False,False,False,0.04761956204017997,0.021227350365271572,False,False,False,False,18409218,16895947.625190746,False,False,False,False,468168.8488653228,False,False,False,False
2022-11-01 00:00:00+00:00,88.7525331837,89.8040801941,87.9663298115,89.8040801941,295904,,,,,,,,,,,,,,,,,,,,,86.68772296354595,90.3207267241832,82.68632794065395,81.97868728377034,79.68018792679601,,,,,,,,,,,,,,,,,,,,,,,,,,85.65331550158082,89.23036356501639,83.05311121664933,82.32358766833399,80.94700803014204,80.01569248947065,,,,83.87061193728569,"rgba(38, 166, 154, 0.5)",4.995427415871406,83.87061193728569,0.97727798644487,57.382210880434386,1.4838724336137474,True,False,True,False,True,3.7325945140027095,0.0,0.0,0.0,0.0,0,0.8995877926614188,0.9290545711673454,False,False,False,False,0.02623039125391749,0.02372887080959453,False,False,False,False,18113314,16943687.483026404,False,False,False,False,461413.36459609447,False,False,False,False
2022-11-02 00:00:00+00:00,86.8558175482,89.7107185436,86.2415961636,88.8213259788,532515,,,,,,,,,,,,,,,,,,,,,86.72696297886216,90.26749196282553,82.72325766370479,82.01613272894701,79.71990924335385,,,,,,,,,,,,,,,,,,,,,,,,,,85.8328081088469,89.18469008847966,83.09013803376882,82.36142921217278,80.98354104793363,80.05494219894948,,,,83.90557302434951,"rgba(38, 166, 154, 0.5)",4.872051927292517,83.90557302434951,0.6055445565601735,55.19004159611741,1.4838724336137474,True,False,True,False,True,1.566796012902202,0.0,0.0,0.0,0.0,0,0.8877464602835118,0.9245489338418472,False,False,False,False,-0.01768253540033147,0.0030231677046315304,False,False,False,False,17580799,16968672.24839792,False,False,False,False,464201.66402369866,False,False,False,False
2022-11-03 00:00:00+00:00,95.1502631253,96.1035347142,89.5190814717,89.735287399,794065,,,,,,,,,,,,,,,,,,,,,87.13952959232655,90.36180176025844,82.8436377990792,82.12992166554642,79.82284324979047,,,,,,,,,,,,,,,,,,,,,,,,,,86.76940790033748,89.36165825578595,83.21604562922361,82.48019063461778,81.0858943385134,80.15856207467645,,,,84.12449935455962,"rgba(0, 255, 0, 1.0)",4.783186401164931,84.12449935455962,2.3051085293383275,59.99158384523155,3.9494893230440766,True,False,True,False,True,9.595248597906902,0.0,0.0,0.0,0.0,0,0.8890500602581616,0.8834392819219556,False,False,False,False,0.2192958435302679,0.11115950561744972,False,False,False,False,18374864,17023817.02297055,False,False,False,False,477137.4811208085,False,False,False,False
2022-11-04 00:00:00+00:00,97.1059440138,97.5580109528,95.002849993,96.5556016532,536281,,,,,,,,,,,,,,,,,,,,,87.50684754228672,90.47827187295317,82.94545386201197,82.22506629956996,79.90628478740584,,,,,,,,,,,,,,,,,,,,,,,,,,87.50715290706232,89.55163673111115,83.3231984789005,82.58001126523904,81.17025100078855,80.24289835670884,,,,84.31246119127618,"rgba(0, 255, 0, 1.0)",4.716417263304179,84.31246119127618,2.712542616206329,64.10609219685324,7.750573283603821,True,False,True,False,True,11.271569447457523,0.0,0.0,0.0,0.0,0,0.9195690724970305,0.8822330533604097,False,False,False,False,0.3428282494010561,0.22699387750925293,False,False,False,False,18911145,17097829.88481484,False,False,False,False,479456.8348023455,False,False,False,False
2022-11-07 00:00:00+00:00,99.1893829502,99.6119672628,97.2533571461,98.3638694094,571199,,,,,,,,,,,,,,,,,,,,,87.95276416915405,90.6394124275916,83.06895755263011,82.33988914700684,80.00549874964523,,,,,,,,,,,,,,,,,,,,,,,,,,88.33795882199799,89.80150522091911,83.45351421636121,82.70074923957552,81.2713900110292,80.34337831724406,,,,84.53772889755955,"rgba(0, 255, 0, 1.0)",4.708556588899519,84.53772889755955,3.1117081797810204,67.73004103007743,11.031412745634348,True,False,True,False,True,12.999010269602529,0.0,0.0,0.0,0.0,0,0.9324172862272431,0.8730855085815104,False,False,False,False,0.342828250038768,0.28491106377401043,False,False,False,False,19482344,17191340.24227308,False,False,False,False,483054.566770881,False,True,False,False
2022-11-08 00:00:00+00:00,98.3638694094,100.0542066597,96.929048255,97.7447342537,506499,,,,,,,,,,,,,,,,,,,,98.44904144136666,88.31136955836566,90.7730611993604,83.1752320215623,82.43892409404518,80.09150198681294,,,,,,,,,,,,,,,,,,,,,,,,,,88.96315225316818,90.00631895098793,83.5654723668321,82.80474919769539,81.35889927466704,80.43043132553987,,,,85.86401280586698,"rgba(0, 255, 0, 1.0)",4.707061865351685,85.86401280586698,2.6555539232538004,69.14699123325639,12.278086376453992,True,False,True,False,True,12.045047618404443,0.0,0.0,0.0,0.0,0,0.9369861233902468,0.8596827688234272,False,True,False,False,0.34282825005396456,0.3138696569139875,False,False,False,False,18975845,17261320.82100747,False,False,False,False,483973.95630927786,False,False,False,False
2022-11-09 00:00:00+00:00,95.8185359917,98.7667986376,95.258366089,97.4007702784,458757,,,,,,,,,,,,,,,,,,,,97.57717114542929,88.56059687323608,90.86222394858657,83.2588197531491,82.51742074009127,80.16099398269584,,,,,,,,,,,,,,,,,,,,,,,,,,89.36893813970445,90.14510285278891,83.65312228123221,82.88686028462757,81.42896833134287,80.50060525333444,,,,85.91006863218489,"rgba(0, 255, 0, 1.0)",4.659559321967134,85.91006863218489,2.1264816423309405,67.22708968716356,12.278086376453992,True,False,True,False,True,9.174092332313133,0.0,0.0,0.0,0.0,0,0.9262794404732874,0.8668894739652896,False,False,False,False,0.2795811246416069,0.2967253907777972,False,False,False,False,18517088,17310566.59273267,False,False,False,False,482985.0560618552,False,False,False,False
2022-11-10 00:00:00+00:00,98.3736969515,98.9633494807,96.2362065332,97.7840444223,578932,,,,,,,,,,,,,,,,,,,,97.68236342103907,88.89990835705882,90.99442596019357,83.37251315083468,82.62387513670842,80.25442343386808,,,,,,,,,,,,,,,,,,,,,,,,,,89.90142928003041,90.34423475548822,83.7725156149845,82.99835642183866,81.52364333214595,80.59506342593446,,,,86.0802293575104,"rgba(0, 255, 0, 1.0)",4.635952538819471,86.0802293575104,2.6517673533215413,67.3686744610538,12.278086376453992,True,False,True,False,True,11.325369189145768,0.0,0.0,0.0,0.0,0,0.9347132587703949,0.859617916197086,False,False,False,False,0.30440493375113875,0.30056516226446794,False,False,False,False,19096020,17380584.373409823,False,False,False,False,486747.68131433154,False,False,False,False
2022-11-11 00:00:00+00:00,98.2852490721,99.1599003237,97.0174961344,98.6783507582,524356,,,,,,,,,,,,,,,,,,,,97.80197330084285,89.19602808584696,91.1149145231957,83.476047560502,82.72087863713291,80.3396088064127,,,,,,,,,,,,,,,,,,,,,,,,,,90.34510500120905,90.52269724227799,83.88117453431828,83.09990450784466,81.60999582889724,80.68118819360694,,,,86.23245968517396,"rgba(0, 255, 0, 1.0)",4.672108745121568,86.23245968517396,2.579732203260698,67.36349158416779,12.278086376453992,True,False,True,False,True,11.225833246292243,0.0,0.0,0.0,0.0,0,0.9505445039292703,0.8478404268640097,False,False,False,False,0.3253543237411497,0.3129597430028088,False,False,False,False,18571664,17427293.378374144,False,False,False,False,488222.5173412205,False,False,False,False
2022-11-14 00:00:00+00:00,97.9118024703,98.9043842278,97.2337020618,97.4499079891,329070,,,,,,,,,,,,,,,,,,,,97.83143465031989,89.36966779047017,91.18704222623067,83.53968303526153,82.7806014503619,80.3922460372704,,,,,,,,,,,,,,,,,,,,,,,,,,90.59548410491365,90.62864337794595,83.94788172715666,83.16236485617831,81.66328468062781,80.73438514251671,,,,86.31939325660447,"rgba(0, 255, 0, 1.0)",4.7191562637255435,86.31939325660447,2.4564580119548514,66.90887068520361,12.278086376453992,True,False,True,False,True,10.799605426834685,0.0,0.0,0.0,0.0,0,0.9471879123055484,0.8548688752713126,False,False,False,False,0.3245069048626313,0.31873332393272,False,False,False,False,18242594,17459265.951771237,False,False,False,False,481981.24215136876,False,False,False,False
2022-11-15 00:00:00+00:00,97.4007702784,98.7389362303,96.593934925,98.3158396425,351211,,,,,,,,,,,,,,,,,,,,97.79903862130759,89.53857538060177,91.25753838928536,83.60494871334895,82.8420094687228,80.44669019940945,,,,,,,,,,,,,,,,,,,,,,,,,,90.83051787522629,90.7319405085306,84.01618737297134,83.2265012261875,81.71826274081734,80.78937008844923,,,,86.40013171540487,"rgba(0, 255, 0, 1.0)",4.757809116284091,86.40013171540487,2.3121227216418414,65.95985337880785,12.278086376453992,True,False,True,False,False,10.211444740157372,0.0,0.0,0.0,0.0,0,0.9490636929686085,0.8446698773850454,False,False,False,False,0.30724550908843135,0.31298941651057566,False,False,False,False,17891383,17476211.718368445,False,False,False,False,476852.997361119,False,False,False,False
2022-11-16 00:00:00+00:00,98.6011838529,98.9357253408,96.6726505692,96.948155324,425884,,,,,,,,,,,,,,,,,,,,97.83536813029797,89.74627413471053,91.3474581010709,83.68603936270779,82.91825683174248,80.51413176543625,,,,,,,,,,,,,,,,,,,,,,,,,,91.11442284375036,90.86186423230016,84.10107461735987,83.30615248505616,81.78647485802237,80.8575058164291,,,,86.50625193157367,"rgba(0, 255, 0, 1.0)",4.81510746412057,86.50625193157367,2.5118716480267254,66.17191283776981,12.278086376453992,True,False,True,False,False,11.258784535893113,0.0,0.0,0.0,0.0,0,0.9401832430182911,0.8753560364777501,False,False,False,False,0.3131310763196964,0.313060246415136,False,False,False,False,18317267,17509194.27843243,False,False,False,False,474854.2131508791,False,False,False,False
2022-11-17 00:00:00+00:00,88.5649392136,91.3987024059,87.6301909384,90.0998942761,4431895,,,,,,,,,,,,,,,,,,,,92.80287846845121,89.63543627188974,91.0878603787925,83.9898693004467,83.22925887046256,80.8467090895501,,,,,,,,,,,,,,,,,,,,,,,,,,90.5589776276076,90.60298208950363,84.40249998004123,83.61775959635266,82.09482813984845,81.18623796130528,,,,86.17127481452097,#000000,4.7937869620144,86.17127481452097,0.49932640270546896,57.580471395391754,13.413566578389805,True,False,True,False,False,0.8044101595110718,0.0,0.0,0.0,0.0,0,0.881949280784813,0.8828979417642081,False,False,False,False,-0.018897658951929717,0.14708129373160314,False,False,False,False,13885372,17367083.600846842,False,False,False,False,630032.2832233936,False,False,False,False
2022-11-18 00:00:00+00:00,89.3028983783,90.3753006363,88.6042970357,89.4406507557,2007667,,,,,,,,,,,,,,,,,,,,92.09802642019426,89.61799290922824,91.00173469601474,84.12234286340735,83.36526549726099,80.99304184126204,,,,,,,,,,,,,,,,,,,,,,,,,,90.42766361180196,90.52558771208356,84.5336090277947,83.75369619756536,82.23047183132955,81.33080301750259,,,,86.16668630212045,"rgba(38, 166, 154, 0.5)",4.795134554155195,86.16668630212045,0.6540404738928298,52.46550463231628,8.773625614119595,True,False,False,False,False,1.47302563623402,0.0,0.0,0.0,0.0,0,0.8867744100805284,0.8940628912866679,False,False,False,False,-0.01985594940440206,0.06361267216360054,False,False,False,False,15893039,17309277.9302254,False,False,False,False,684057.1740773782,False,False,False,False
2022-11-21 00:00:00+00:00,88.5550997581,89.6571187773,87.4137229168,89.1061092677,1181774,,,,,,,,,,,,,,,,,,,,91.70876881427272,89.56736092063717,90.92885569080275,84.18482635451541,83.43127632617514,81.06806668872866,,,,,,,,,,,,,,,,,,,,,,,,,,90.30708304996509,90.45157983985546,84.5942391093993,83.8187483718941,82.29845634161379,81.40450128549773,,,,86.14698023277977,"rgba(38, 166, 154, 0.5)",4.79762438525788,86.14698023277977,0.5019399877822638,48.58768140830249,5.373607769560515,False,False,False,True,False,0.767025436236306,0.0,0.0,0.0,0.0,0,0.8783476483976701,0.8926991489222043,False,False,False,False,-0.0570066235081639,0.003303024327718323,False,False,False,False,14711265,17207395.07021656,False,False,False,False,703575.4809763046,False,False,False,False
2022-11-22 00:00:00+00:00,88.68301268,88.9978752569,87.5022780165,88.2894344588,501419,,,,,,,,,,,,,,,,,,,,91.5616656071263,89.54440067991922,90.89738993621465,84.20992698176882,83.45798412087832,81.09883077977477,,,,,,,,,,,,,,,,,,,,,,,,,,90.25655943101063,90.41952142143647,84.61847220652061,83.84497267127934,82.32618973141928,81.43468053803694,,,,86.13921617544878,"rgba(38, 166, 154, 0.5)",4.8009854784488715,86.13921617544878,0.5298488229073103,46.125019503534624,3.2594790269985765,False,False,False,True,False,0.8864511497619709,0.0,0.0,0.0,0.0,0,0.8912157900242611,0.895167788746201,False,False,False,False,-0.06814003127005275,-0.03241850347116721,False,False,False,False,15212684,17129171.106678657,False,False,False,False,695647.775839979,False,False,False,False
2022-11-23 00:00:00+00:00,89.224182734,89.2930589227,87.7679433158,88.368150103,354051,,,,,,,,,,,,,,,,,,,,91.47658477472218,89.53373048757352,90.87883077190628,84.22901106500161,83.47806045772643,81.12148402218394,,,,,,,,,,,,,,,,,,,,,,,,,,90.2291890779791,90.40147836421076,84.63704443190325,83.86478984455889,82.3467969734615,81.45695003359504,,,,86.13782919206852,"rgba(38, 166, 154, 0.5)",4.795865122203965,86.13782919206852,0.6435446917892309,45.03411610288961,2.3033417300652133,False,True,False,True,False,1.3976453886946807,0.0,0.0,0.0,0.0,0,0.8947717951109381,0.894835056052696,False,False,False,False,-0.05719845137197749,-0.044808477421572346,False,False,False,False,15566735,17067899.102495182,False,False,False,False,682251.8238462544,False,False,False,False
2022-11-25 00:00:00+00:00,89.7063160549,91.2412711174,88.7125310465,89.6669582328,190185,,,,,,,,,,,,,,,,,,,,91.45105034293454,89.53629661670399,90.87422099320617,84.24172444332628,83.49106504038394,81.13538103964618,,,,,,,,,,,,,,,,,,,,,,,,,,90.2258533772693,90.3984862806275,84.64965455849747,83.87779959486612,82.3597438541186,81.4706904004067,,,,86.14266387849891,"rgba(38, 166, 154, 0.5)",4.796576095700246,86.14266387849891,0.7429574982862519,44.81746394113548,1.996408553057691,False,True,False,True,False,1.8562861649289992,0.0,0.0,0.0,0.0,0,0.9051894647828908,0.88086688400911,False,False,False,False,-0.0009222597092941178,-0.022865368565433232,False,False,False,False,15756920,17016488.15729929,False,False,False,False,662955.0856562052,False,False,False,False
2022-11-28 00:00:00+00:00,87.1874154396,88.9093201571,86.6856032076,88.5550997581,448500,,,,,,,,,,,,,,,,,,,,91.310301093324,89.50356045533633,90.83866970198872,84.25939566779942,83.51060616835123,81.15943969577756,,,,,,,,,,,,,,,,,,,,,,,,,,90.16676324039577,90.3605663006409,84.66623998134253,83.89663720351847,82.38085415892989,81.49413795527272,,,,86.12893096855646,#000000,4.812053785857674,86.12893096855646,0.21996522028792817,42.698164516549596,-0.20839286373650623,False,True,False,True,False,0.0,0.0,0.0,0.0,0.0,0,0.8872534061967543,0.8958284481705537,False,False,False,False,-0.08583569642649384,-0.05435053249596354,False,False,False,False,15308420,16949505.09230716,False,False,False,False,654545.0822971383,False,False,False,False
2022-11-29 00:00:00+00:00,86.9315895958,87.4038834612,86.0853964204,87.4038834612,450255,,,,,,,,,,,,,,,,,,,,91.15115030763708,89.45868970042729,90.79527337415354,84.2728060388671,83.52629176303847,81.18048022677277,,,,,,,,,,,,,,,,,,,,,,,,,,90.0927001688452,90.3129733786743,84.67827723615022,83.91137205547007,82.39870229584147,81.51448297536633,,,,86.10776662677033,#000000,4.81205454427569,86.10776662677033,0.1711998402033241,41.096928516409506,-1.9326089867794138,False,True,False,True,False,0.0,0.0,0.0,0.0,0.0,0,0.8771234542703157,0.9130585573348419,False,False,False,False,-0.12722512382946913,-0.09078782816271633,False,False,False,False,14858165,16867491.75535394,False,False,False,False,646533.7065207799,False,False,False,False
2022-11-30 00:00:00+00:00,88.9781963458,88.9781963458,86.0361991427,87.2169338062,563629,,,,,,,,,,,,,,,,,,,,91.01754685806839,89.4288753575188,90.758077627231,84.29718935655062,83.5527676803647,81.21212556401179,,,,,,,,,,,,,,,,,,,,,,,,,87.99753061143333,90.03643759187474,90.27479470698954,84.70147773120414,83.93710629535646,82.42682238133078,81.54541228668762,,,,86.2450895422017,"rgba(38, 166, 154, 0.5)",4.780500359682258,86.2450895422017,0.5717198196759393,42.399769054399506,-1.9326089867794138,False,True,False,True,False,1.1405252968675796,0.0,0.0,0.0,0.0,0,0.8835426364488076,0.899472514143135,False,False,False,False,-0.09721159635945076,-0.09399971226108354,False,False,False,False,15421794,16810797.725732215,False,False,False,False,643282.5415591807,False,False,False,False
2022-12-01 00:00:00+00:00,88.2303977256,89.6964765994,87.5022780165,89.4012929335,292040,,,,,,,,,,,,,,,,,,,,90.96296356890258,89.41891051881314,90.74246735876353,84.31131699741711,83.56782771397337,81.22955607783149,,,,,,,,,,,,,,,,,,,,,,,,,88.16096340710652,90.01502901220688,90.25956014435404,84.71509976716182,83.95187073661421,82.44252469624499,81.56250306928206,,,,86.25696869759014,#000000,4.76703701507476,86.25696869759014,0.4139739258934434,42.60832491384198,-1.9326089867794138,False,True,False,True,False,0.3985276533575899,0.0,0.0,0.0,0.0,0,0.8899351498304312,0.9090654268754109,False,False,False,False,-0.054513237476294434,-0.07425647486868898,False,False,False,False,15129754,16744874.442370167,False,False,False,False,629508.3242431345,False,False,False,False
2022-12-02 00:00:00+00:00,89.5390453109,90.7296194299,87.3842045502,87.4629201944,445553,,,,,,,,,,,,,,,,,,,,90.90758259957265,89.41574819879868,90.72671571104306,84.33649113592004,83.59407047491962,81.25869212735738,,,,,,,,,,,,,,,,,,,,,,,,,88.52277553048832,89.99867643919431,90.24626592701881,84.73975246267842,83.97787220801051,82.46924835968532,81.59119409535636,,,,86.29116040538796,"rgba(38, 166, 154, 0.5)",4.751713807092634,86.29116040538796,0.6835186287238281,44.23017985286678,-1.9326089867794138,False,True,False,True,True,1.6745358121084415,0.0,0.0,0.0,0.0,0,0.9183811569066662,0.8834692575323358,False,False,False,False,-0.03669381596324514,-0.05547514541596706,False,False,False,False,15575307,16699009.052473297,False,False,False,False,622294.3899590899,False,False,False,False
2022-12-05 00:00:00+00:00,89.9031051655,90.2081282869,88.3779895586,89.9621418987,356797,,,,,,,,,,,,,,,,,,,,90.87261340900233,89.41675035784539,90.71662182537496,84.35760577561034,83.61594356944961,81.28268326903077,,,,,,,,,,,,,,,,,,,,,,,,,88.73229606469226,89.99056140143986,90.23868176814788,84.76051746039494,83.99960768872901,82.49137484241682,81.61484936974001,,,,86.31462360014417,"rgba(38, 166, 154, 0.5)",4.7168754709436715,86.31462360014417,0.7607751333401004,45.71998997322138,-1.9326089867794138,False,False,False,True,True,2.0288440790889126,0.0,0.0,0.0,0.0,0,0.9463231001347449,0.8657144416549031,False,False,False,False,-0.0275065124738788,-0.04149082894492293,False,False,False,False,15932104,16668934.34453317,False,False,False,False,611882.7276077531,False,False,False,False
2022-12-06 00:00:00+00:00,88.4271868362,90.3458806643,87.2956494504,89.9031051655,308258,,,,,,,,,,,,,,,,,,,,90.82685614076975,89.40902749743032,90.70235476439126,84.37286690141939,83.63213591657099,81.30127336989004,,,,,,,,,,,,,,,,,,,,,,,,,88.72559815944982,89.97265118294503,90.22526261691473,84.77528052684946,84.01551265768467,82.5081904019584,81.63309234451664,,,,86.31539249852234,#000000,4.711109824449518,86.31539249852234,0.44825835447901263,45.183136228313984,-1.9326089867794138,False,False,False,True,True,0.5192929094470813,0.0,0.0,0.0,0.0,0,0.9311388642275354,0.8744773069620462,False,False,False,False,-0.04588731542057663,-0.04368907218274978,False,False,False,False,15623846,16627950.48788481,False,False,False,False,599975.875544704,False,False,False,False
2022-12-07 00:00:00+00:00,88.0532875261,89.1257881787,87.3743650946,88.1910399035,215324,,,,,,,,,,,,,,,,,,,,90.7887268814533,89.40001010157323,90.69003641878872,84.38222356458965,83.64226189998281,81.31331968135606,,,,,,,,,,,,,,,,,,,,,,,,,88.67218982805066,89.95561948238485,90.21298828802955,84.78420496011661,84.0253650634823,82.518926990866,81.64487155187358,,,,86.31005728558056,#000000,4.716771994078959,86.31005728558056,0.36958119720600086,44.4489289409733,-1.9326089867794138,False,True,False,True,True,0.13864445041943796,0.0,0.0,0.0,0.0,0,0.9368900866110085,0.8775863853951998,False,False,False,False,-0.06814003127200537,-0.055914551727377575,False,False,False,False,15408522,16580129.76286972,False,False,False,False,584891.4882684412,False,False,False,False
2022-12-08 00:00:00+00:00,87.0299841511,88.8502834239,86.7249610297,88.3583106475,262604,,,,,,,,,,,,,,,,,,,,90.73245814161054,89.38341060034291,90.67132367258165,84.39163436324569,83.6527935920036,81.32657100347865,,,,,,,,,,,,,,,,,,,,,,,,,88.55001898445563,89.92782522773702,90.1934883925249,84.79295929316055,84.03545164779842,82.53047163169705,81.65775911398418,,,,86.29585889727852,#000000,4.729344733807332,86.29585889727852,0.15522768906517656,42.93454552543067,-1.9326089867794138,False,True,False,True,True,0.0,0.0,0.0,0.0,0.0,0,0.9422228893526039,0.8658124340888282,False,False,False,False,-0.08622094102111917,-0.07106774637424837,False,False,False,False,15145918,16523886.16432581,False,False,False,False,572252.7632383062,False,False,False,False
2022-12-09 00:00:00+00:00,86.6757637521,86.7839977629,86.1001556037,86.3117038975,401425,,,,,,,,,,,,,,,,,,,,90.6239641163499,89.34497326578067,90.63402302654222,84.40130131214552,83.66460223398859,81.34342448057042,,,,,,,,,,,,,,,,,,,,,,,,,88.26364603328358,89.86903987084334,90.15304817278653,84.80132001775983,84.04631877400821,82.54445804576508,81.67396703658947,,,,86.25877587587794,#000000,4.726561275994713,86.25877587587794,0.08822225120403125,41.57222781655011,-3.372584499589564,False,True,False,True,False,0.0,0.0,0.0,0.0,0.0,0,0.9605343860664041,0.8713696917127811,False,False,False,False,-0.13919418725621055,-0.10513096681522946,False,False,False,False,14744493,16454106.040234601,False,False,False,False,565553.6352681764,False,False,False,False
2022-12-12 00:00:00+00:00,88.4075079251,89.0470725345,86.301864442,87.3153283615,661399,,,,,,,,,,,,,,,,,,,,90.51384350062264,89.3141135642894,90.59441284541516,84.42742928799132,83.69327610977679,81.37839502382595,,,,,,,,,,,,,,,,,,,,,,,,,88.19861351650752,89.81514331902513,90.11324547411637,84.8259896570799,84.07402667556255,82.57532345737134,81.70807812654473,,,,86.24860696600992,#000000,4.695641577325715,86.24860696600992,0.459766982538654,43.20806853829848,-3.372584499589564,False,True,False,True,False,0.5463389039592172,0.0,0.0,0.0,0.0,0,0.9580470492200592,0.858989655420692,False,False,False,False,-0.09065311834098447,-0.09789204257810696,False,False,False,False,15405892,16412999.607284226,False,False,False,False,569312.2770223656,False,False,False,False
2022-12-13 00:00:00+00:00,88.8896412461,91.0789201012,88.4370262917,89.9719813542,364455,,,,,,,,,,,,,,,,,,,89.468529213,90.49090999366145,89.3159330472283,90.58543441529503,84.44797880809965,83.71464631016586,81.40203494577356,,,,,,,,,,,,,,,,,,,,,,,,,88.31816124682622,89.80994408817595,90.10697802983164,84.84614561318236,84.09521201825845,82.59706923624711,81.73136632258671,,,,86.49502452059517,"rgba(38, 166, 154, 0.5)",4.682090554126363,86.49502452059517,0.5114417796542695,44.955404072249564,-3.372584499589564,False,True,False,True,True,1.0455676483260916,0.0,0.0,0.0,0.0,1,0.9778194991814626,0.8489598188660028,False,False,False,False,-0.009431104861527623,-0.05366157371981729,False,False,False,False,15770347,16387797.544253472,False,False,False,False,561278.6583156062,False,False,False,False
2022-12-14 00:00:00+00:00,88.6731732244,90.4639541306,87.9942507929,89.1749854564,367355,,,,,,,,,,,,,,,,,,,89.2553193964251,90.4596009317212,89.31273883330175,90.57314148324075,84.4667849655817,83.7344488306155,81.42447626414697,,,,,,,,,,,,,,,,,,,,,,,,,88.38104741644626,89.79853286074479,90.0966613938655,84.86443500976466,84.11472353576967,82.61750336119779,81.7534179567375,,,,86.48948801711137,#000000,4.6632930935456,86.48948801711137,0.46827106156184817,45.831899985952276,-3.372584499589564,False,False,False,True,True,0.8126749511895746,0.0,0.0,0.0,0.0,1,0.9534535968588581,0.8667659882986458,False,False,False,False,-0.029994217355746818,-0.04182789553778206,False,False,False,False,15402992,16349177.71898863,False,False,False,False,553673.8089698962,False,False,False,False
2022-12-15 00:00:00+00:00,86.5183324636,88.6042970357,86.2379079811,88.2402371812,373964,,,,,,,,,,,,,,,,,,,88.53323189633501,90.38763614427954,89.28685027155046,90.54533816626488,84.47779219183407,83.74720790882505,81.44145283148677,,,,,,,,,,,,,,,,,,,,,,,,,88.27882771692651,89.7585297174196,90.06754702881435,84.87439605937821,84.12673856622982,82.63198549088509,81.7698429117577,,,,86.42338406442764,#000000,4.665796768955338,86.42338406442764,0.020349878889736876,43.821974758362764,-3.372584499589564,False,True,False,True,True,0.0,0.0,0.0,0.0,0.0,1,0.9577420513802966,0.875835091532065,False,False,False,False,-0.10059050079635297,-0.07120919816706751,False,False,False,False,15029028,16297407.141773392,False,False,False,False,546626.3654808807,False,False,False,False
2022-12-16 00:00:00+00:00,83.9207162041,85.4409120833,82.7203026296,85.2293637894,847312,,,,,,,,,,,,,,,,,,,86.57841708795874,90.09153660415707,89.14980883432071,90.42855433579133,84.47359746130019,83.7495793090073,81.45879876333251,,,,,,,,,,,,,,,,,,,,,,,,84.02731030566667,87.61906840402388,89.5709295825717,89.93658311971602,84.86600469534622,84.1258460381951,82.64208027909262,81.78538916757276,,,,86.03356693253683,#000000,4.704807111772737,86.03356693253683,-0.4490833902945532,40.11743882008291,-5.071313987179707,False,True,False,True,False,0.0,0.0,0.0,0.0,0.0,1,0.9522981431641226,0.8786903780906641,False,False,False,False,-0.234273857597055,-0.15274152788206125,False,False,False,False,14181716,16214438.861703847,False,False,False,False,558417.9589914344,False,False,False,False
2022-12-19 00:00:00+00:00,84.5504413579,84.9932168567,83.5714155328,84.2650971476,287478,,,,,,,,,,,,,,,,,,,86.29528073001768,90.00259645736757,89.10793913642262,90.39195750650102,84.47327652506269,83.751361163049,81.4654131788561,,,,,,,,,,,,,,,,,,,,,,,,84.11455283059719,87.45664397874992,89.51382242815362,89.89594509829354,84.86434888094055,84.12659251162935,82.64631541024161,81.79141797324807,,,,85.99316425394206,#000000,4.729730237525724,85.99316425394206,-0.30503280812835354,38.665433420644916,-6.434364725926002,False,True,False,True,False,0.0,0.0,0.0,0.0,0.0,1,0.9731701175918297,0.8669220004198334,False,False,False,False,-0.22601186522808187,-0.18937669655507156,False,False,False,False,14469194,16145997.886735069,False,False,False,False,547792.8625603977,False,False,False,False
2022-12-20 00:00:00+00:00,85.258882156,86.6019678356,84.5110835358,84.6685148243,317715,,,,,,,,,,,,,,,,,,,86.1912125275588,89.9258058845398,89.07292382479882,90.35922386067072,84.47668965343408,83.75674423798482,81.47540606708424,,,,,,,,,,,,,,,,,,,,,,,,84.40826229641391,87.35191425661722,89.465170908247,89.86040920120641,84.86653596061241,84.13104309586899,82.65390185064736,81.80083790040204,,,,85.98640543507244,#000000,4.751744858283899,85.98640543507244,-0.15310655364926085,38.83576344228666,-6.434364725926002,False,True,False,True,False,0.0,0.0,0.0,0.0,0.0,1,0.9761380754609903,0.8517860332222974,False,False,False,False,-0.17446772309978126,-0.1819222098274264,False,False,False,False,14786909,16092700.283333695,False,False,False,False,538770.2012835194,False,False,False,False
2022-12-21 00:00:00+00:00,87.1382181619,87.1382181619,85.613102555,85.7508549324,307729,,,,,,,,,,,,,,,,,,,86.23830951053476,89.87274062837596,89.05043626372787,90.3354158001734,84.48389893523331,83.76549852087739,81.48787335781228,,,,,,,,,,,,,,,,,,,,,,,,84.7966457850097,87.31704842225969,89.43261263770195,89.83555085926889,84.87281290449815,84.13911152459477,82.66426794363532,81.81282673177918,,,,86.00700332169886,#000000,4.757124544862118,86.00700332169886,0.23779382472188906,41.672076277209804,-6.434364725926002,False,True,False,True,True,0.0,0.0,0.0,0.0,0.0,1,0.9871568846091735,0.8479879344604593,False,False,False,False,-0.1418267373736318,-0.1618744736005291,False,False,False,False,15094638,16053560.58594806,False,False,False,False,529709.7620174991,False,False,False,False
2022-12-22 00:00:00+00:00,85.5442263663,86.4002589973,83.9699134817,86.2034698867,281119,,,,,,,,,,,,,,,,,,,86.15492318125898,89.80652970980115,89.01920310141585,90.30624789635773,84.4864021747869,83.76977127297553,81.49628861836335,,,,,,,,,,,,,,,,,,,,,,,,84.86662471396572,87.2320366833675,89.38976091757198,89.80392489214701,84.87421314182308,84.14253984885448,82.67054209216789,81.82072856153826,,,,85.98931578709305,#000000,4.7224377183410775,85.98931578709305,-0.09424992923980932,41.80576948986172,-6.434364725926002,False,True,False,True,True,0.0,0.0,0.0,0.0,0.0,1,0.9774527874787757,0.8431990778836091,False,False,False,False,-0.18938694118698604,-0.17563070739375758,False,False,False,False,14813519,16004931.504146175,False,False,False,False,519961.1046834795,False,False,False,False
2022-12-23 00:00:00+00:00,86.1641120646,86.3510617197,84.8357855682,84.9145012125,210510,,,,,,,,,,,,,,,,,,,86.13164607860557,89.76333406966992,88.9991252335276,90.28669672778062,84.48935765297415,83.77394860367757,81.5033552153812,,,,,,,,,,,,,,,,,,,,,,,,84.95235091010998,87.1876209427545,89.36194416440775,89.78302002664995,84.87641523136021,84.14614617677213,82.67607137122202,81.82743234314123,,,,85.98389764986896,#000000,4.6863247408172874,85.98389764986896,0.038455383418352466,42.772778652424165,-6.434364725926002,False,True,False,True,True,0.0,0.0,0.0,0.0,0.0,1,0.9940094824228537,0.8432318224865012,False,False,False,False,-0.21183185212897293,-0.19373127976136525,False,False,False,False,15024029,15966464.739277698,False,False,False,False,507825.7672449117,False,False,False,False
2022-12-27 00:00:00+00:00,85.7705338435,86.63640593,85.3080794336,86.2329882533,182947,,,,,,,,,,,,,,,,,,,86.1199352848922,89.72766259978462,88.98252847724093,90.27029646859897,84.49215504156113,83.7777832955596,81.50965124051093,,,,,,,,,,,,,,,,,,,,,,,,85.02393163482438,87.15432591331401,89.33892390833951,89.76557403377318,84.87857517962185,84.14949877829514,82.68104777853422,81.83341811926617,,,,85.98035385027445,#000000,4.652388565495313,85.98035385027445,-0.04509941588512001,42.958818450127694,-6.434364725926002,False,True,False,True,True,0.0,0.0,0.0,0.0,0.0,1,0.9843645778260494,0.8436806231602485,False,False,False,False,-0.20199447644232751,-0.19786287810184638,False,False,False,False,14841082,15922332.082835436,False,False,False,False,495085.4234313858,False,False,False,False
2022-12-28 00:00:00+00:00,84.9932168567,86.6216467467,84.6340767299,85.80005221,192897,,,,,,,,,,,,,,,,,,,86.08358139902562,89.68604067021217,88.96247246363868,90.25121565422884,84.49407653969674,83.7808861875479,81.51553428826581,,,,,,,,,,,,,,,,,,,,,,,,85.05273593984323,87.10802290548587,89.31157403697944,89.74504129773318,84.87976316518396,84.15203970366099,82.68548540912562,81.838955204721,,,,85.9698283243566,#000000,4.6200235188070895,85.9698283243566,-0.21138668746620615,42.17765160999973,-6.434364725926002,False,True,False,True,True,0.0,0.0,0.0,0.0,0.0,1,0.9765087317488812,0.8595655137195007,False,False,False,False,-0.217203433410519,-0.2075331557561827,False,False,False,False,14648185,15872365.53056738,False,False,False,False,483234.8970223118,False,False,False,False
2022-12-29 00:00:00+00:00,86.2428277088,86.9414290514,85.4605909943,85.6524603771,197120,,,,,,,,,,,,,,,,,,,86.09016950885406,89.65213152866296,88.9467726345631,90.23506676636491,84.49772513543692,83.78558739749334,81.52275496191258,,,,,,,,,,,,,,,,,,,,,,,,85.13383665432725,87.08435371534416,89.2896666526023,89.72809274960271,84.88277068073477,84.156259339571,82.69132720218914,81.84585511946355,,,,85.96949133647485,#000000,4.597084456071611,85.96949133647485,0.059458636215425076,43.63176016243918,-10.554666334533366,False,True,False,True,True,0.0,0.0,0.0,0.0,0.0,1,0.9691188799319747,0.8732274769703438,False,False,False,False,-0.1919425251483364,-0.19973784045225956,False,False,False,False,14845305,15832088.647015717,False,False,False,False,472014.7049822212,False,False,False,False
2022-12-30 00:00:00+00:00,85.091611412,86.803676674,84.5504413579,86.3313828086,235271,,,,,,,,,,,,,,,,,,,86.05581754928377,89.60406827865737,88.923301967867,90.21247689752585,84.50020937624558,83.7894888284892,81.53000229800048,,,,,,,,,,,,,,,,,,,,,,,,85.16059773207652,87.03521863866794,89.25778380210285,89.7038991044507,84.88437712425674,84.15948785268434,82.69682910513005,81.85268508592887,,,,85.95774957609115,#000000,4.559244065866908,85.95774957609115,-0.18997407280201176,43.17673700170867,-10.554666334533366,False,True,False,True,True,0.0,0.0,0.0,0.0,0.0,1,0.9730716963421777,0.8643502426219904,False,False,False,False,-0.2150248162311338,-0.20738132834169667,False,False,False,False,14610034,15784164.935368042,False,False,False,False,462730.6381201733,False,False,False,False
2023-01-03 00:00:00+00:00,83.6747298159,85.8492494877,82.877733918,85.5147079997,308380,,,,,,,,,,,,,,,,,,,85.92335304465689,89.52266153094665,88.88115182471596,90.17484518882556,84.49900144225198,83.79052399176445,81.5362350176951,,,,,,,,,,,,,,,,,,,,,,,,85.06660522640321,86.92311792667697,89.20215954661276,89.66260920613206,84.88174887310024,84.15940644484819,82.70053330567109,81.85828788499872,,,,85.91881603035333,#000000,4.559179058218916,85.91881603035333,-0.49221278344132524,41.31564387667597,-10.554666334533366,False,True,False,True,False,0.0,0.0,0.0,0.0,0.0,1,0.9811058634265306,0.8671083210282091,False,False,False,False,-0.27395993628668003,-0.24067063231418834,False,False,False,False,14301654,15726027.25162812,False,False,False,False,456677.6719193822,False,False,False,False
2023-01-04 00:00:00+00:00,83.546816894,84.4422073471,82.8875733736,83.8026427377,346833,,,,,,,,,,,,,,,,,,,85.75804586179154,89.42558237289231,88.82964097536873,90.12955868179561,84.49577388233112,83.78996814364766,81.54184446221679,,,,,,,,,,,,,,,,,,,,,,,,84.93207770941848,86.78578654132008,89.13489275875996,89.61269270724678,84.87682027559755,84.15750261299576,82.70320713292081,81.86315611277276,,,,85.8691033487384,"rgba(239, 83, 80, 0.5)",4.550884024208934,85.8691033487384,-0.5102934819663041,39.93882040035158,-10.554666334533366,False,True,False,True,False,0.0,0.0,0.0,0.0,0.0,1,0.9842097009190702,0.8787800323088453,False,False,False,False,-0.34282825441539394,-0.29174944336479114,False,False,False,False,13954821,15656568.182936821,False,False,False,False,452370.0377264652,False,False,False,False
2023-01-05 00:00:00+00:00,82.4349584192,83.3401883279,81.8112353333,82.6120686188,347970,,,,,,,,,,,,,,,,,,,85.54065936444879,89.31352526409476,88.7682866088145,90.07719269146047,84.48850879029395,83.78571974079472,81.54449581583562,,,,,,,,,,,,,,,,,,,,,,,82.5287940268,84.72626604563231,86.61505217714408,89.05590289961657,89.55441219517992,84.86761414507451,84.15169625724148,82.70270277969367,81.86499068594323,,,,85.59911371800428,"rgba(239, 83, 80, 0.5)",4.529319489869983,85.59911371800428,-0.6985939733068165,37.85488256881632,-8.218966401838841,False,True,False,True,False,0.0,0.0,0.0,0.0,0.0,1,0.9586428574218268,0.8917460402925939,False,False,False,False,-0.34282825441539394,-0.31728884889009257,False,False,False,False,13606851,15576187.116939299,False,False,False,False,448275.91859993717,False,False,False,False
2023-01-06 00:00:00+00:00,83.6550509048,84.6783542798,83.0745230286,83.5369774385,301096,,,,,,,,,,,,,,,,,,,85.44499292777502,89.23712170149886,88.72679680684648,90.04000866272786,84.48632375772569,83.78576892515721,81.54973278132698,,,,,,,,,,,,,,,,,,,,,,,83.11972122290516,84.66254577501519,86.52072353133673,89.0021071366933,89.5137552339359,84.86401330028994,84.15062281712588,82.70544816005746,81.86960069172873,,,,85.60495521450915,#000000,4.508935398798869,85.60495521450915,-0.43245337030745074,38.71968594419163,-8.218966401838841,False,True,False,True,False,0.0,0.0,0.0,0.0,0.0,1,0.9559956313532653,0.9015563471011934,False,False,False,False,-0.28341367046281774,-0.30035125967645515,False,False,False,False,13907947,15510765.935882857,False,False,False,False,442504.15708621417,False,False,False,False
2023-01-09 00:00:00+00:00,83.045004662,84.4877640262,83.045004662,83.714087638,283978,,,,,,,,,,,,,,,,,,,85.35028298502561,89.16340645284563,88.6861325612351,90.00380218166184,84.48344670914224,83.7850586049996,81.55404586018754,,,,,,,,,,,,,,,,,,,,,,,83.24335181271964,84.59310713476155,86.42889300069457,88.94972268562333,89.47410032500659,84.85975978125451,84.14881615036572,82.70737505548306,81.87330901164476,,,,85.5815381445407,"rgba(239, 83, 80, 0.5)",4.484333680701053,85.5815381445407,-0.5656433403823238,38.580164178730655,-8.218966401838841,False,True,False,True,False,0.0,0.0,0.0,0.0,0.0,1,0.9433072960464794,0.9109288569600588,False,False,False,False,-0.2883606753059355,-0.2943559674911953,False,False,False,False,13623969,15436773.899181569,False,False,False,False,436287.44504361757,False,False,False,False
2023-01-10 00:00:00+00:00,85.0817719565,85.1703270562,82.523513519,82.8875733736,367169,,,,,,,,,,,,,,,,,,,85.2847976755191,89.08289622101148,88.64182096536358,89.9628087357877,84.48257893840739,83.78672619895215,81.56165615508904,,,,,,,,,,,,,,,,,,,,,,,83.53003154711146,84.56861446074663,86.34612812835957,88.89241011738798,89.42982038301942,84.85729885559509,84.14922490176569,82.712070902801,81.88019375725945,,,,85.57306737151104,#000000,4.483064186622525,85.57306737151104,-0.10958919938667502,41.84376911073063,-12.053450733203618,False,True,False,True,True,0.0,0.0,0.0,0.0,0.0,1,0.9344843169120031,0.9133853494806883,False,False,False,False,-0.2847392033530899,-0.2895475854221426,False,False,False,False,13991138,15380082.295292094,False,False,False,False,433576.91778700514,False,False,False,False
2023-01-11 00:00:00+00:00,87.2661310838,87.3448467281,85.0719325009,85.2096848783,434184,,,,,,,,,,,,,,,,,,,85.36932138404325,89.03487703047843,88.61748275214374,89.93434598112,84.49201858866199,83.79823253671354,81.57823641468707,,,,,,,,,,,,,,,,,,,,,,,84.28878806392963,84.72734754199173,86.35539827459516,88.85920767569255,89.40130473921376,84.86550539385316,84.15980277370159,82.72580022502126,81.89611598326378,,,,85.63148658494441,#000000,4.4803870608754375,85.63148658494441,0.36484448255151297,46.798073602503194,-7.467680771971942,False,True,False,False,True,0.2800062529902121,0.0,0.0,0.0,0.0,1,0.9526742011302888,0.9010787874424687,False,False,False,False,-0.1813217398956052,-0.23543466265887392,False,False,False,False,14425322,15342640.715084562,False,False,False,False,433600.7249326128,False,False,False,False
2023-01-12 00:00:00+00:00,88.8207650574,88.9585174348,86.7151215742,87.5022780165,246112,,,,,,,,,,,,,,,,,,,85.47047431477199,89.02558659098543,88.61450128838875,89.92599324288456,84.50144977208892,83.80847423401755,81.59059541076695,,,,,,,,,,,,,,,,,,,,,,,84.77044878004187,84.87587727659394,86.39859665434379,88.85364701141809,89.39437703183314,84.87448940440734,84.16973507407054,82.73677545037266,81.90817980064843,,,,85.68245008360212,"rgba(38, 166, 154, 0.5)",4.4806533676160525,85.68245008360212,0.7004145860690909,51.7203366238122,-3.093039916023322,False,False,True,False,True,1.981514263918129,0.0,0.0,0.0,0.0,0,0.9610920462776747,0.8903649266635907,False,False,False,False,-0.11230252633387587,-0.1738685944963749,False,False,False,False,14671434,15316318.883120462,False,False,False,False,426248.22591564764,False,False,False,False
2023-01-13 00:00:00+00:00,88.7617283242,89.0765909011,88.0336086151,88.6436548578,194256,,,,,,,,,,,,,,,,,,,85.55803860117483,89.02223013285868,88.61455028773278,89.92116031061234,84.50978844008354,83.81737262657595,81.60099670192126,,,,,,,,,,,,,,,,,,,,,,,85.1146564407803,84.99949039385754,86.43975615735582,88.85220448224204,89.39098518312962,84.8825307738555,84.17843696335301,82.74613712670977,81.91836543912754,,,,85.72291875383567,"rgba(38, 166, 154, 0.5)",4.482086061815985,85.72291875383567,0.6779900092175196,54.90609938801505,-0.41934564867554514,True,False,True,False,True,1.913645700494122,0.0,0.0,0.0,0.0,0,0.9775836919499908,0.8883890598856632,False,False,False,False,-0.08223204377995184,-0.12805031913816337,False,False,False,False,14477178,15283411.397507895,False,False,False,False,417150.4915660144,False,False,False,False
2023-01-17 00:00:00+00:00,89.4406507557,90.582027597,89.037233079,89.2832194672,266075,,,,,,,,,,,,,,,,,,,85.70930935338662,89.02974976448628,88.62209114577767,89.91997397686829,84.524091428944,83.83219048706846,81.61734183183694,,,,,,,,,,,,,,,,,,,,,,,85.61304624330015,85.20207356173592,86.51997879165204,88.85932184346065,89.39275740811837,84.89660182563028,84.19313700696725,82.76122125729512,81.93446980100147,,,,85.78920973297059,"rgba(38, 166, 154, 0.5)",4.486061474881831,85.78920973297059,0.813952515625212,57.74928370036582,1.979232543626928,True,False,True,False,True,2.662022530890681,0.0,0.0,0.0,0.0,0,0.9965949013611662,0.8721915951879855,False,False,False,False,-0.03003343659552307,-0.07904187786684322,False,False,False,False,14743253,15262228.715252683,False,False,False,False,411225.96248499426,False,False,False,False
2023-01-18 00:00:00+00:00,89.1749854564,90.9952847292,88.5649392136,90.7001010633,282968,,,,,,,,,,,,,,,,,,,85.85441806846694,89.03627502030248,88.62919161497393,89.91814627612452,84.53889895113201,83.84757742753592,81.63442016614584,,,,,,,,,,,,,,,,,,,,,,,86.02499492264299,85.39439198699569,86.59828519112186,88.86578607908677,89.39393337885808,84.91113998710787,84.20837818254356,82.77694170888354,81.95128541839661,,,,85.84900402376991,"rgba(38, 166, 154, 0.5)",4.475388560695809,85.84900402376991,0.7431715453357154,59.14938163447214,3.114180598655821,True,False,True,False,True,2.3457879926589627,0.0,0.0,0.0,0.0,0,0.9873671457071247,0.9368141739587058,False,False,False,False,-0.031258652139019474,-0.05515026500293135,False,False,False,False,14460285,15230779.942105519,False,False,False,False,406196.23846597486,False,False,False,False
2023-01-19 00:00:00+00:00,86.8725528627,89.1946643674,85.7410154769,89.1553065453,355534,,,,,,,,,,,,,,,,,,,85.91809539403376,89.01026116480509,88.61662357879014,89.90045754595413,84.54891306600408,83.85905141982245,81.64956772167501,,,,,,,,,,,,,,,,,,,,,,,86.16867243261856,85.4925033953407,86.61920203784122,88.8479565387991,89.3771579409976,84.92030520683723,84.2192244795727,82.7899204498818,81.96594425764123,,,,85.86899103941343,#000000,4.461752553433995,85.86899103941343,0.2249254774369281,56.31292562824336,3.114180598655821,True,False,True,False,True,0.0,0.0,0.0,0.0,0.0,0,0.9188919770871208,0.9641492025985933,False,False,False,False,-0.1278252706931858,-0.09148776784805858,False,False,False,False,14104751,15186621.944375891,False,False,False,False,404209.4840163288,False,False,False,False
2023-01-20 00:00:00+00:00,87.5809936607,87.826980049,85.5835841884,87.2562916283,694200,,,,,,,,,,,,,,,,,,,86.00525504332187,88.95400681496389,88.58791587459358,89.86308756889322,84.56632042535121,83.87946393614845,81.67748928223824,,,,,,,,,,,,,,,,,,,,,,,86.32109000075388,85.63198411963518,86.64088472680139,88.80845699403163,89.34102168343459,84.93594680204116,84.23831197111394,82.81352022730486,81.99287749412319,,,,85.8911020602969,#000000,4.460158902836695,85.8911020602969,0.37888596285847953,55.37944013260603,3.114180598655821,True,False,True,False,False,0.47070989715008693,0.0,0.0,0.0,0.0,0,0.9000176486472125,0.9935930641697012,False,False,False,False,-0.16010954362376092,-0.12579865573590976,False,False,False,False,14798951,15171419.162243504,False,False,False,False,415581.66111372766,False,False,False,False
2023-01-23 00:00:00+00:00,89.3619351114,89.7112357827,86.8430344961,87.2366127172,226081,,,,,,,,,,,,,,,,,,,86.07275300510581,88.95116349312428,88.58820757830348,89.85797658695967,84.57572848491034,83.88952458208291,81.68930629921057,,,,,,,,,,,,,,,,,,,,,,,86.45209623021105,85.72009495443808,86.67752373175588,88.80728547698679,89.33756608776008,84.94500650420908,84.24813681819289,82.82414223851514,82.00444360549585,,,,85.91505972982887,"rgba(38, 166, 154, 0.5)",4.462555024062121,85.91505972982887,0.7723995251566785,56.905090389185716,3.114180598655821,True,False,True,False,False,2.4789845947683204,0.0,0.0,0.0,0.0,0,0.9129327956538571,0.9816262469190526,False,False,False,False,-0.08765677104843272,-0.10672771339217124,False,False,False,False,15025032,15165678.489214348,False,False,False,False,408150.26263867953,False,False,False,False
2023-01-24 00:00:00+00:00,90.7296194299,91.2904683951,89.0815106289,89.2340221896,429192,,,,,,,,,,,,,,,,,,,86.27201376181036,88.97499932346938,88.60738403365463,89.86198032139328,84.60101703870728,83.9154158168164,81.71718197640891,,,,,,,,,,,,,,,,,,,,,,,86.8315049424675,85.96499540017328,86.8016585698293,88.82746194164005,89.34709494459139,84.97007538767186,84.27396339914417,82.85016353813401,82.03198213953085,,,,85.99055578346517,"rgba(38, 166, 154, 1.0)",4.47041495622509,85.99055578346517,1.0600947994404062,59.32133994352318,3.114180598655821,True,False,True,False,False,3.978652813087173,0.0,0.0,0.0,0.0,0,0.9447413901741842,0.9574052576463516,False,False,False,False,-0.00622082147791974,-0.056474267435045494,False,False,False,False,15454224,15176993.999441236,False,False,False,False,408975.4288097117,False,False,False,False
2023-01-25 00:00:00+00:00,90.4934724972,91.0740003734,89.1454670898,89.6177609552,340744,,,,,,,,,,,,,,,,,,,86.41290790969391,88.99165066530857,88.62121739316353,89.86431073876561,84.6204898320752,83.93541464733548,81.73885626460103,,,,,,,,,,,,,,,,,,,,,,,87.07484449465097,86.13658085506559,86.89104790819275,88.8417956993707,89.35359047534928,84.98933980326875,84.29388023517632,82.87034101536662,82.0533788902524,,,,86.0431029267273,"rgba(38, 166, 154, 0.5)",4.460792485538568,86.0431029267273,0.9976634387051951,60.51474516448232,4.1742308015336675,True,False,True,False,True,3.691949979967589,0.0,0.0,0.0,0.0,0,0.9399715899489876,0.9639990782651097,False,False,False,False,-0.00946532602217342,-0.03296979672860946,False,False,False,False,15113480,15174503.25436511,False,False,False,False,406299.6865034485,False,False,False,False
2023-01-26 00:00:00+00:00,90.1294126427,90.1392520982,89.1257881787,90.0900548206,401310,,,,,,,,,,,,,,,,,,,86.54887049457126,89.00398540504499,88.63286281409395,89.8638308774832,84.64147105012654,83.9571752748538,81.762929318558,,,,,,,,,,,,,,,,,,,,,,,87.28619970842772,86.30194152794286,86.97747290265477,88.85310893801667,89.35737684803799,85.00996358585344,84.31544538447751,82.89255483824783,82.0770905952488,,,,86.09264247272745,"rgba(38, 166, 154, 0.5)",4.41840454489947,86.09264247272745,0.9136262035201221,60.63851801570041,4.504793808119807,True,False,True,False,True,3.245118336262262,0.0,0.0,0.0,0.0,0,0.929731188434418,0.9703833875196105,False,False,False,False,-0.02939568050033168,-0.03118273861447057,False,False,False,False,14712170,15156372.538507655,False,False,False,False,406104.01252292114,False,False,False,False
2023-01-27 00:00:00+00:00,90.0211786319,90.5426697749,89.2537011006,89.9818208097,165226,,,,,,,,,,,,,,,,,,,86.60402042811258,89.00983736308427,88.63816293400536,89.8640552252048,84.65029493574704,83.96630280499829,81.77297208034011,,,,,,,,,,,,,,,,,,,,,,,87.36834626790213,86.36833639382417,87.01328555309719,88.85837293397647,89.35940990282354,85.01865200955318,84.32450221356918,82.90184523268252,82.08698850765927,,,,86.11283654916126,"rgba(38, 166, 154, 0.5)",4.379375442678623,86.11283654916126,0.8924428000966785,60.51057166475127,4.680170763807723,True,False,True,False,True,3.1105669150411153,0.0,0.0,0.0,0.0,0,0.928747014034719,0.9646532159644423,False,False,False,False,-0.012645706305021999,-0.021914222459746283,False,False,False,False,14546944,15132473.380134808,False,False,False,False,396657.81595339486,False,False,False,False
2023-01-30 00:00:00+00:00,88.4075079251,90.6705826967,88.2697555477,89.1257881787,228331,,,,,,,,,,,,,,,,,,,86.65924651179185,89.0107470810097,88.64082689263694,89.86098979169223,84.66055014595112,83.97713846491926,81.78541495947537,,,,,,,,,,,,,,,,,,,,,,,87.44005749493849,86.4359423045058,87.0478438976681,88.86008668756902,89.35823987901837,85.02860813005739,84.33514214361736,82.91314650163908,82.09919604641529,,,,86.13207355830659,"rgba(38, 166, 154, 0.5)",4.341453954754918,86.13207355830659,0.5241180467435986,57.50597337652539,4.680170763807723,True,False,True,False,False,1.1192042320609623,0.0,0.0,0.0,0.0,0,0.9259664028485043,0.9622277565579883,False,False,False,False,-0.031205323707392683,-0.026559773083569483,False,False,False,False,14318613,15100557.28679619,False,False,False,False,390056.7643473794,False,False,False,False
2023-01-31 00:00:00+00:00,91.0641609179,91.0740003734,89.0765909011,89.0765909011,337611,,,,,,,,,,,,,,,,,,,86.77717669046403,89.02819894081253,88.6552514039503,89.86426544520059,84.67998947403018,83.99707462691947,81.80695744765073,,,,,,,,,,,,,,,,,,,,,,,87.6096547571299,86.57527069837381,87.12749062392845,88.87513626648094,89.36562494633503,85.04785548716693,84.35500642333645,82.9332382925538,82.12047019903122,,,,86.17616635771027,"rgba(38, 166, 154, 1.0)",4.266550826953988,86.17616635771027,1.145654829495938,58.87183511542664,4.680170763807723,True,False,True,False,False,4.153465854460631,0.0,0.0,0.0,0.0,0,0.9267222161345552,0.9549124138100428,False,False,False,False,0.3320928993010683,0.1527665631087494,False,False,False,False,14656224,15083132.452019868,False,False,False,False,388000.0677063057,False,False,False,False
2023-02-01 00:00:00+00:00,92.0973037484,92.8352629131,90.060536454,90.7394588854,292490,,,,,,,,,,,,,,,,,,,86.90694292586615,89.0564808718847,88.67641785199368,89.87360849114276,84.7004063756837,84.01762178283855,81.82825509309785,,,,,,,,,,,,,,,,,,,,,,,87.80110811429039,86.72547597756373,87.21886458115092,88.8984801127515,89.37959119344463,85.06831359694588,84.37567185462896,82.95347739000947,82.14160180266407,,,,86.22639487599731,"rgba(38, 166, 154, 1.0)",4.243772214151224,86.22639487599731,1.3834175295331896,60.82989388815051,5.333111566449723,True,False,True,False,True,5.289571379322496,0.0,0.0,0.0,0.0,0,0.9822865779930327,0.9323832824874694,False,False,False,False,0.34282824606731094,0.24779740458803018,False,False,False,False,14948714,15077861.140175954,False,True,False,False,384254.57485507807,False,True,False,False
2023-02-02 00:00:00+00:00,91.6840466162,92.9730152905,89.9818208097,92.8746207352,427162,,,,,,,,,,,,,,,,,,91.5462942388,87.08013122666938,89.09488981908332,88.70559985599904,89.88619217173888,84.72950840843092,84.04697213041635,81.8588226543617,,,,,,,,,,,,,,,,,,,,,,,88.04270828538235,86.92468951825312,87.34251259894894,88.93045292564017,89.39864728482864,85.09743423748988,84.40515772617188,82.98246885146585,82.17191493391525,,,91.5462942388,86.60261158044682,"rgba(38, 166, 154, 1.0)",4.17546155873442,86.60261158044682,1.216975647907382,61.3850992717612,6.05154067596505,True,False,True,False,True,4.767464081412356,-1.0,92.973015,89.98182,0.0,0,0.9733132174306437,0.9229632647551584,False,False,False,False,0.34282824609499335,0.29531282534151176,False,False,False,False,14521552,15056045.095463172,False,False,False,False,385937.2189784084,False,False,False,False
2023-02-03 00:00:00+00:00,90.6312248746,91.6938860717,89.7358344215,91.0543214624,336023,,,,,,,,,,,,,,,,,,91.16794724923714,87.18302668760614,89.11397831391776,88.7213228942661,89.89090330738085,84.74936397015578,84.0672727894856,81.880612564087,,,,,,,,,,,,,,,,,,,,,,,88.17041358787198,87.04313925229593,87.41603290270866,88.94698088434468,89.40749936120766,85.11713038464502,84.42541200272413,83.00286297373188,82.19345023266759,,,91.16794724923714,86.61749113872554,"rgba(38, 166, 154, 0.5)",4.148774126244461,86.61749113872554,0.9674505320702411,59.90616775949329,6.05154067596505,True,False,True,False,True,3.4414304448021653,0.0,0.0,0.0,0.0,1,0.9818060525203487,0.9278485122008034,False,False,False,False,0.2806014035099949,0.28795711442575334,False,False,False,False,14185529,15021907.209366577,False,False,False,False,383979.7986263139,False,False,False,False
2023-02-06 00:00:00+00:00,91.2412711174,91.5758126054,89.745673877,89.9227840766,287465,,,,,,,,,,,,,,,,,,91.0821182371718,87.27048947746789,89.13164704374478,88.7357049992892,89.89572752171594,84.76672107378552,84.08497793614653,81.89952092233239,,,,,,,,,,,,,,,,,,,,,,,88.27689956639782,87.14309480895675,87.47949847373654,88.9622112561537,89.4159537380342,85.13437317169384,84.4430961168813,83.02060241636866,82.21214836830192,,,91.0821182371718,86.644399125187,"rgba(38, 166, 154, 1.0)",4.141319331043514,86.644399125187,1.110001819409253,59.68862625950554,6.05154067596505,True,False,True,False,True,4.137935689675292,0.0,0.0,0.0,0.0,1,0.981149724537769,0.9231762358507103,False,False,False,False,0.2762698070989328,0.28211346076234306,False,False,False,False,14472994,15000381.201156124,False,False,False,False,380194.9045625369,False,False,False,False
2023-02-07 00:00:00+00:00,91.5266153277,92.0284275597,89.89326571,90.4639541306,300545,,,,,,,,,,,,,,,,,,91.09709170649172,87.36475779122607,89.15284052506172,88.7526019547633,89.90225726550031,84.78563756038118,84.10419307346837,81.91985346909709,,,,,,,,,,,,,,,,,,,,,,,88.39131227896335,87.25001980181581,87.54898271394661,88.98032070202858,89.42648028313785,85.15321467579336,84.46232763474886,83.03975915332323,82.23227593547965,,,91.09709170649172,86.68023097207217,"rgba(38, 166, 154, 1.0)",4.1232320035335945,86.68023097207217,1.1753848319654339,59.90775684424679,6.05154067596505,True,False,True,False,True,4.465611122050479,0.0,0.0,0.0,0.0,1,0.980191926088742,0.9221825667740554,False,False,False,False,0.3004231363277577,0.2912682985450504,False,False,False,False,14773539,14991485.428561768,False,False,False,False,377071.37889341783,False,False,False,False
2023-02-08 00:00:00+00:00,90.0506969984,91.0936792845,90.0310180874,90.8476928963,236718,,,,,,,,,,,,,,,,,,90.99195012354956,87.4216113249287,89.1630059776728,88.76159039383968,89.90425727607669,84.79869354803648,84.11763440371428,81.93449571380133,,,,,,,,,,,,,,,,,,,,,,,88.45216093415777,87.31470336303892,87.59075319422325,88.98946571777033,89.43107529134471,85.16610728666228,84.47569007764555,83.05338042002629,82.24672375704779,,,90.99195012354956,86.69489992961978,"rgba(38, 166, 154, 0.5)",4.049356054915966,86.69489992961978,0.8287236348866487,57.3914291051627,6.05154067596505,True,False,True,False,False,2.5723768164979184,0.0,0.0,0.0,0.0,1,0.968759818345,0.9436784153570249,False,False,False,False,0.26841988476876694,0.27984409165690866,False,False,False,False,14536821,14973655.45097111,False,False,False,False,371567.32481916616,False,False,False,False
2023-02-09 00:00:00+00:00,89.4012929335,90.8968901739,89.3422562004,90.5229908638,395919,,,,,,,,,,,,,,,,,,90.77006429642442,87.49648997070877,89.17271398984741,88.77175571933752,89.90409364218348,84.81840954879729,84.13816463632833,81.95739782335015,,,,,,,,,,,,,,,,,,,,,,,88.52129052260914,87.4001023741076,87.64566585078317,88.99901403315087,89.43462230006631,85.18543191978175,84.49598386828968,83.07446942509644,82.26926343716977,,,90.77006429642442,86.70911372694306,"rgba(38, 166, 154, 0.5)",4.003224512514533,86.70911372694306,0.672502678313666,54.6631369499097,9.273485907318971,True,False,True,False,False,1.7513866244510439,0.0,0.0,0.0,0.0,1,0.9879687222983824,0.9306166165532977,False,False,False,False,0.23347707220120803,0.25666058192905833,False,False,False,False,14140902,14940998.452893812,False,False,False,False,372522.29247331654,False,False,False,False
2023-02-10 00:00:00+00:00,90.8968901739,91.5266153277,89.120868451,89.4209718446,262354,,,,,,,,,,,,,,,,,,90.74024847213205,87.55620008177702,89.1846458069356,88.78218954657878,89.90682777622375,84.83301773152002,84.15318326498273,81.97371106112827,,,,,,,,,,,,,,,,,,,,,,,88.5832524572883,87.46732428014066,87.69055429424459,89.0097057449502,89.44024639997266,85.19986956262632,84.51092294200645,83.08966881104823,82.28536541864702,,,90.74024847213205,86.72981962660016,"rgba(38, 166, 154, 1.0)",3.9702658429090723,86.72981962660016,1.0495696540679427,55.08484519037561,9.273485907318971,True,False,True,False,False,3.5289880042277275,0.0,0.0,0.0,0.0,1,0.9915360653197536,0.9118676007766369,False,False,False,False,0.24951518904907452,0.2530878854890664,False,False,False,False,14403256,14919910.513564643,False,False,False,False,368201.96727828454,False,False,False,False
2023-02-13 00:00:00+00:00,91.1723949287,91.4085418614,90.4737935862,90.9657663626,252070,,,,,,,,,,,,,,,,,,90.76829771779822,87.62077650608705,89.20017584603117,88.79497636494482,89.91158813170802,84.84822031402831,84.16868339840887,81.99024679693646,,,,,,,,,,,,,,,,,,,,,,,88.65386139596106,87.53946108030968,87.73983551647989,89.02322622068613,89.44810117572872,85.21497479578527,84.52640449166691,83.10520023688547,82.30171993239452,,,90.76829771779822,86.75622058363767,"rgba(38, 166, 154, 1.0)",3.9660243400123725,86.75622058363767,1.113501573983924,55.749625741853535,9.273485907318971,True,False,True,False,False,3.8535343094951955,0.0,0.0,0.0,0.0,1,1.0043791544968157,0.9259193031323121,False,False,False,False,0.29882912588133015,0.2759585056851983,False,False,False,False,14655326,14909534.650287598,False,False,False,False,363647.7724830577,False,False,False,False
2023-02-14 00:00:00+00:00,90.1982888314,91.2953881228,90.0014997208,90.7394588854,208540,,,,,,,,,,,,,,,,,,90.74750335742966,87.66450775077983,89.20920924674112,88.80299719545381,89.91366012339986,84.85968624895504,84.18048477189019,82.00309623481265,,,,,,,,,,,,,,,,,,,,,,,88.69707502376535,87.58836917266724,87.7732242694609,89.03139597869426,89.45240863006929,85.22629820393672,84.5381357712823,83.11716249414279,82.31439976935538,,,90.74750335742966,86.7717420142845,"rgba(38, 166, 154, 0.5)",3.960141334941221,86.7717420142845,0.8652587186427695,54.43852037793275,8.748165149509205,True,False,True,False,False,2.582487555745441,0.0,0.0,0.0,0.0,1,0.9862919429761037,0.9330697215720507,False,False,False,False,0.27528676731247514,0.2756226364988367,False,False,False,False,14446786,14891387.644393967,False,False,False,False,357565.1147386241,False,False,False,False
2023-02-15 00:00:00+00:00,91.457739139,91.4774180501,89.9326235321,90.0310180874,412208,,,,,,,,,,,,,,,,,,90.77504864257479,87.76049545271492,89.23290777295648,88.82285046862232,89.92088416447335,84.8840418247508,84.20536279891824,82.02974285360376,,,,,,,,,,,,,,,,,,,,,,,88.79704965391495,87.6949123511463,87.84759009469104,89.05223569722482,89.46449902046645,85.25046838127578,84.5629588737005,83.14215265551714,82.34074291912587,,,90.77504864257479,86.81082021327515,"rgba(38, 166, 154, 1.0)",3.9651396807369252,86.81082021327515,1.1719433109254835,55.42644270548542,8.748165149509205,True,False,True,False,False,4.0904611012903125,0.0,0.0,0.0,0.0,1,0.9865250801957302,0.9400178917008529,False,False,False,False,0.27981308128750904,0.2777178588931729,False,False,False,False,14858994,14890117.305398127,False,False,False,False,359707.9729841682,False,False,False,False
2023-02-16 00:00:00+00:00,90.7886561631,91.7037255273,89.8682734929,90.0998942761,369194,,,,,,,,,,,,,,,,,,90.776301419711,87.83753209929799,89.25156451926833,88.83893903712283,89.92622697998772,84.90508854904313,84.22693611825761,82.05302516948747,,,,,,,,,,,,,,,,,,,,,,,88.87292037143716,87.78011422496412,87.90784103945983,89.06889762151029,89.47395510591359,85.27130765407023,84.58444564834772,83.16391890777138,82.36374089716446,,,90.776301419711,86.84133855075382,"rgba(38, 166, 154, 0.5)",3.968384351939615,86.84133855075382,0.9946913560469173,54.87102510769896,8.748165149509205,True,False,True,False,False,3.2076410792459846,0.0,0.0,0.0,0.0,1,0.9764631245645622,0.9329095186157607,False,False,False,False,0.2863111641487035,0.2820145115209382,False,False,False,False,14489800,14874418.587539377,False,False,False,False,360079.9740436126,False,False,False,False
2023-02-17 00:00:00+00:00,90.9657663626,91.2461908452,90.0654561817,91.0248030958,403168,,,,,,,,,,,,,,,,,,90.77452316918337,87.91654864616146,89.27107393345865,88.85596368789001,89.93180096268844,84.92779364570704,84.25023471915162,82.07822864341958,,,,,,,,,,,,,,,,,,,,,,,88.94831900067383,87.86713902187961,87.97026914709237,89.08644295361826,89.48391308640575,85.2937725495383,84.60763664030516,83.18746098921673,82.3886303000924,,,90.77452316918337,86.87292653508722,"rgba(38, 166, 154, 1.0)",3.972151604250778,86.87292653508722,1.0303835893707693,54.780337691532935,8.633741807577174,True,False,True,False,False,3.423443535830181,0.0,0.0,0.0,0.0,1,0.9884253305224446,0.9374586789081418,False,False,False,False,0.2758765287887931,0.2789455201548656,False,False,False,False,14892968,14875146.01547901,False,False,False,False,361769.70055170625,False,False,False,False
2023-02-21 00:00:00+00:00,87.6498698494,90.2868439311,87.5022780165,89.7358344215,506898,,,,,,,,,,,,,,,,,,90.51004164705536,87.93506715586855,89.25840346867918,88.85181523564768,89.91968465261375,84.94503002120581,84.26911651696378,82.10144372198322,,,,,,,,,,,,,,,,,,,,,,,88.92589239782369,87.88883915038436,87.98391602063509,89.07862583155087,89.47422424047481,85.31008577094867,84.62583494690858,83.20800505451182,82.4112497990373,,,90.51004164705536,86.86454562542897,#000000,3.976650607659712,86.86454562542897,0.1974838378957311,49.77006360840761,3.791279312304809,False,False,False,False,False,0.0,0.0,0.0,0.0,0.0,1,0.9569864662008889,0.9295290252344766,False,False,False,False,0.13939488668151517,0.2091702034181904,False,False,False,False,14386070,14855966.563891597,False,False,False,False,367461.0064124236,False,False,False,False
2023-02-22 00:00:00+00:00,87.6006725718,87.9253746042,86.1444331536,87.4727596499,463382,,,,,,,,,,,,,,,,,,90.19678821811402,87.9142996876997,89.22905099395965,88.83556887462434,89.89927516771843,84.95509301378624,84.28112469899487,82.11836829702668,,,,,,,,,,,,,,,,,,,,,,,88.8545421184466,87.8679672309153,87.96573809462849,89.05703223311475,89.45454722636052,85.31900047072564,84.6369479458246,83.22220440251975,82.42753099631997,,,90.19678821811402,86.83735762769292,#000000,3.9711527376395397,86.83735762769292,0.19221495483470014,46.371328335189936,0.6806073672004587,False,True,False,True,False,0.0,0.0,0.0,0.0,0.0,1,0.9500754978839844,0.9492293198815808,False,False,False,False,0.0006182710310514616,0.10489423722462093,False,False,False,False,13922688,14819367.404523298,False,False,False,False,371222.6140040933,False,False,False,False
2023-02-23 00:00:00+00:00,81.1164713784,84.7964277461,79.7930646098,83.7829638267,1167894,,,,,,,,,,,,,,,,,,88.59012377781335,87.5023501286913,88.97202018955882,88.66548947011457,89.7495548797989,84.92148185220951,84.25699962252251,82.11658117447975,,,,,,,,,,,,,,,,,,,,,,,88.19029131361663,87.43083402211963,87.62116067695916,88.85310784746125,89.2917194205106,85.27934162899984,84.60777321766984,83.2105420546032,82.42308751111665,,,88.59012377781335,86.56955639930855,"rgba(239, 83, 80, 1.0)",4.026961766932036,86.56955639930855,-1.3541437283282205,38.954336542174545,-6.037959993874132,False,True,False,True,False,0.0,0.0,0.0,0.0,0.0,0,0.9030441832706725,0.9389504775463046,False,False,False,False,-0.34282825441539394,-0.1189670085953865,False,False,False,False,12754794,14738403.741600817,False,False,False,False,402464.62914118764,False,False,False,False
2023-02-24 00:00:00+00:00,82.1791325755,83.4582617942,78.9911489842,79.8766999818,710301,,,,,,,,,,,,,,,,,,87.8474226984805,87.26394221679593,88.81682922507268,88.56079037090291,89.65716404584067,84.8990107792444,84.24036349396903,82.11371363433938,,,,,,,,,,,,,,,,,,,,,,81.54284778463334,87.82524171969132,87.17964344286145,87.41810669080026,88.72855170439725,89.19143017273355,85.253151244091,84.58801688878404,83.20163017613426,82.41858424262072,,,87.8474226984805,86.15258002952181,"rgba(239, 83, 80, 0.5)",4.000557603615474,86.15258002952181,-0.9932234072647362,35.67312281795931,-8.699825148444518,False,True,False,True,False,0.0,0.0,0.0,0.0,0.0,0,0.8956564952768779,0.9716769504255995,False,False,False,False,-0.34282825441539394,-0.23089763150539022,False,False,False,False,13465095,14688470.065459609,False,False,False,False,414536.6436846705,False,False,False,False
2023-02-27 00:00:00+00:00,83.0351652065,83.6648903603,81.8742078487,82.1791325755,372197,,,,,,,,,,,,,,,,,,87.58631393060178,87.17348119209359,88.75231091133274,88.51720099302796,89.61729040795838,84.89192269633573,84.23593811357071,82.11565803250268,,,,,,,,,,,,,,,,,,,,,,81.99506884178305,87.68630580456038,87.0851491554114,87.33965739422524,88.67660297407663,89.14876790371858,85.24438662837456,84.58219343482205,83.20067088777614,82.4197592944921,,,87.58631393060178,86.12603769981465,"rgba(239, 83, 80, 0.5)",3.878520096610872,86.12603769981465,-0.7969205821610966,34.786875446136875,-9.238422400183836,False,True,False,True,False,0.0,0.0,0.0,0.0,0.0,0,0.9017569206415826,0.9879602996370319,False,False,False,False,-0.23477391436095119,-0.2328357729331707,False,False,False,False,13837292,14655090.5334808,False,False,False,False,412876.26550095796,False,False,False,False
2023-02-28 00:00:00+00:00,83.1630781284,83.6648903603,82.0315407426,82.5727107966,445355,,,,,,,,,,,,,,,,,,87.31328407370165,87.07228395421691,88.67813973830064,88.46677331731925,89.57085221214963,84.88389932138311,84.23104283818252,82.11826756653392,,,,,,,,,,,,,,,,,,,,,,82.27434638170536,87.53302351304364,86.97979772959737,87.25118179642634,88.61663515802935,89.0992295884097,85.2343977204178,84.57565810664225,83.19984669103175,82.42146028733877,,,87.31328407370165,86.08445111080165,"rgba(239, 83, 80, 0.5)",3.767697762094057,86.08445111080165,-0.7753734951335304,34.39633325695682,-9.520959661143365,False,True,False,True,False,0.0,0.0,0.0,0.0,0.0,0,0.9064006598738668,0.9823563920598267,False,False,False,False,-0.22943215046850796,-0.23113396170083933,False,False,False,False,14282647,14640484.90471685,False,False,False,False,414149.9413636655,False,False,False,False
2023-03-01 00:00:00+00:00,86.3904195418,86.7643188519,82.9564495623,84.1863815033,617768,,,,,,,,,,,,,,,,,,87.16646689315009,87.01749867137492,88.6204783741206,88.4283294999452,89.53063886268977,84.88667614054026,84.23704231551604,82.13226298327498,,,,,,,,,,,,,,,,,,,,,,83.16576214037572,87.44004988114999,86.92482195123262,87.19999228966496,88.57013069224034,89.0583261557413,85.23521521672123,84.58005628537688,83.20982692934354,82.43444727739667,,,87.16646689315009,86.10211236443641,#000000,3.679842750064473,86.10211236443641,0.07834768954693529,38.546809705487334,-9.520959661143365,False,True,False,True,True,0.0,0.0,0.0,0.0,0.0,0,0.9318957215896151,0.939259523924451,False,False,False,False,-0.09625587399032111,-0.1636949178455802,False,False,False,False,14900415,14650678.241786778,False,False,False,False,422134.9632709728,False,False,False,False
2023-03-02 00:00:00+00:00,85.0522535899,85.6229420105,83.6255325382,85.2392032449,409943,,,,,,,,,,,,,,,,,,87.05188682448644,86.97042828241233,88.57641078817909,88.39840983022387,89.50056642447417,84.88622422188575,84.23888735288591,82.13976538116009,,,,,,,,,,,,,,,,,,,,,,83.42260528837045,87.3659049152402,86.8769915144905,87.1568281770513,88.53431653216927,89.02731373700638,85.23335462464603,84.58073996927432,83.2145634325653,82.44124382764358,,,87.05188682448644,86.08980228467583,#000000,3.5132687661305875,86.08980228467583,-0.29532289267995515,40.012400088535884,-9.520959661143365,False,True,False,True,True,0.0,0.0,0.0,0.0,0.0,0,0.9572121494638131,0.9233952357297626,False,False,False,False,-0.11162252186731758,-0.1376587198564489,False,False,False,False,14490472,14644395.644069651,False,False,False,False,421656.84706426796,False,False,False,False
2023-03-03 00:00:00+00:00,85.8197311211,86.5478508302,84.8603842071,85.4655107221,350853,,,,,,,,,,,,,,,,,,87.0004823942905,86.94883760931899,88.54894510878482,88.37996519373262,89.48037208511447,84.88898110201113,84.24335551031254,82.14852476048655,,,,,,,,,,,,,,,,,,,,,,83.70267402487674,87.32826421802022,86.85587352856088,87.13567743452985,88.51199718679497,89.00712314524746,85.23508055550371,84.58436718519577,83.22112808325093,82.44945667199936,,,87.0004823942905,86.09283921100175,#000000,3.324087024979357,86.09283921100175,-0.08216033089670269,41.939450806822634,-14.581644605981253,False,True,False,True,True,0.0,0.0,0.0,0.0,0.0,0,0.9607354534742727,0.9113367055513208,False,False,False,False,-0.0416699777957288,-0.08966434882608884,False,False,False,False,14841325,14652118.363910059,False,False,False,False,418880.22561076726,False,False,False,False
2023-03-06 00:00:00+00:00,86.8823923182,87.2218535339,85.7114971103,85.7114971103,416210,,,,,,,,,,,,,,,,,,86.98289281839854,86.94181644244321,88.52685087126424,88.36546294700146,89.46215967847507,84.89551003489238,84.25165147479977,82.1613414107723,,,,,,,,,,,,,,,,,,,,,,84.06626589667965,87.3089079018764,86.85045804895762,87.12643044167869,88.49408287458188,88.98973548003264,85.2405667034292,84.59182345295757,83.2315204874491,82.46168466513834,,,86.98289281839854,86.10828675726823,#000000,3.123404514227097,86.10828675726823,0.24784031572142654,44.50160112558143,-12.097258279877295,False,True,False,True,True,0.0,0.0,0.0,0.0,0.0,0,0.9597373446064076,0.9192541927404684,False,False,False,False,0.00744255254929549,-0.041110898138396676,False,False,False,False,15257535,14675860.192776332,False,False,False,False,418775.51088093326,False,False,False,False
2023-03-07 00:00:00+00:00,86.1050753314,87.2775783598,85.3069850349,87.2677253931,246225,,,,,,,,,,,,,,,,,,86.96357596972582,86.93331267698863,88.51150770993195,88.35518875207205,89.45009224582728,84.8985062772784,84.25575352845796,82.16825142114126,,,,,,,,,,,,,,,,,,,,,,84.21553960655461,87.29208493522312,86.84262535810561,87.11727854353828,88.48156777304823,88.97796644456604,85.24290457025718,84.59539110397947,83.23695781291819,82.46823252189319,,,86.96357596972582,86.11148540286153,#000000,2.92946073790884,86.11148540286153,-0.0021881404241336482,45.31933457870304,-11.218370403707823,False,True,False,True,True,0.0,0.0,0.0,0.0,0.0,0,0.9494496505406596,0.9267965417002872,False,False,False,False,-0.0037838798154343446,-0.02244738897691551,False,False,False,False,15011310,14689015.08717726,False,False,False,False,412008.82417972025,False,False,False,False
2023-03-08 00:00:00+00:00,85.8587511658,86.7011798122,85.1049992191,86.6469884958,365728,,,,,,,,,,,,,,,,,,86.92410887694216,86.91509572764812,88.48573686453675,88.33768574225913,89.43044970620535,84.9017965351344,84.26076636672961,82.17761241454251,,,,,,,,,,,,,,,,,,,,,,84.37102735733927,87.26031248698033,86.82506369156384,87.09892298465228,88.46045041007517,88.95851962661185,85.24516204609503,84.59956026113714,83.24408022265148,82.47703709591957,,,86.92410887694216,86.10963268983465,#000000,2.6529213524243302,86.10963268983465,-0.09456802170384337,45.57624024628789,-10.758802276238178,False,True,False,True,True,0.0,0.0,0.0,0.0,0.0,0,0.9685239871958082,0.9309872780681739,False,False,False,False,-0.028845408284089574,-0.02564639863050254,False,False,False,False,14645582,14687311.828856584,False,False,False,False,410193.8898981626,False,False,False,False
2023-03-09 00:00:00+00:00,85.7897803995,87.3613285761,85.5533092005,86.1641931312,274793,,,,,,,,,,,,,,,,,,86.90560929702258,86.90630047868352,88.46924334737803,88.3265346417847,89.41726288081709,84.90511760624362,84.26531015409326,82.18526882140787,,,,,,,,,,,,,,,,,,,,,,84.4926971026156,87.24316440429367,86.81701363100636,87.08933338932908,88.44691572622935,88.94569932505901,85.24775608834864,84.60351262122477,83.25010454058602,82.48429164943889,,,86.90560929702258,86.11117420586456,#000000,2.6595090954313236,86.11117420586456,-0.12084704162759409,45.66085628141928,-10.36452635459979,False,True,False,True,True,0.0,0.0,0.0,0.0,0.0,0,0.9648242509459245,0.924743463374147,False,False,False,False,0.006840218164452703,-0.009403090233024918,False,False,False,False,14370789,14674899.168901423,False,False,False,False,404884.0510786269,False,False,False,False
2023-03-10 00:00:00+00:00,84.8438956035,86.3021346639,84.2330116728,85.7799274328,296317,,,,,,,,,,,,,,,,,,86.85556524737193,86.8818267072143,88.44303697717793,88.30833958868247,89.39825408611377,84.90571035967639,84.26744201224518,82.191241565716,,,,,,,,,,,,,,,,,,,,,,84.53436915051704,87.20567139767543,86.79251025585329,87.066120477703,88.42528271069874,88.92641170401298,85.2474138936931,84.60487174288501,83.25417111667932,82.48978035989201,,,86.85556524737193,86.09988996410043,#000000,2.6713174614930084,86.09988996410043,-0.4701778724189696,44.51932740931899,-10.36452635459979,False,True,False,True,True,0.0,0.0,0.0,0.0,0.0,0,0.9489257086941522,0.9373458502571345,False,False,False,False,-0.06986106839966949,-0.039632079316347206,False,False,False,False,14074472,14651353.005415093,False,False,False,False,400626.5196637788,False,False,False,False
2023-03-13 00:00:00+00:00,86.6962533289,88.2628750222,84.3955856221,84.5581595714,350452,,,,,,,,,,,,,,,,,,86.84255912811423,86.87494200627297,88.4247424692661,88.29593743710187,89.38289587998608,84.9105934976744,84.27381901885255,82.20144956555791,,,,,,,,,,,,,,,,,,,,,,84.67272740615323,87.19019876037459,86.7867646563008,87.05764412214528,88.41019140532131,88.91171831393004,85.25141456705772,84.6105319066741,83.2623462907731,82.49949051458226,,,86.84255912811423,86.10333149700769,#000000,2.670639722123065,86.10333149700769,0.22201490788168157,46.540796948717635,-9.006859872806665,False,False,False,False,True,0.0,0.0,0.0,0.0,0.0,0,0.9571791848664601,0.9209047133091152,False,False,False,False,-0.0014053612123901874,-0.020518720264368698,False,False,False,False,14424924,14642473.436575286,False,False,False,False,398658.89144166984,False,False,False,False
2023-03-14 00:00:00+00:00,88.1741983226,89.6127314498,87.6716970247,88.1249334895,496438,,,,,,,,,,,,,,,,,88.48620893236667,86.91424790151703,86.91065518161841,88.42553206992478,88.29772088172126,89.37632399830255,84.92652206946468,84.29116948085539,82.22270896504686,,,,,,,,,,,,,,,,,,,,,,85.02641798936924,87.22680350630614,86.82638847659585,87.08502109185586,88.41100594960734,88.90816950058105,85.2665673994827,84.62728655302342,83.28119832002173,82.52020407087024,,,86.91424790151703,86.2647448599227,"rgba(38, 166, 154, 0.5)",2.6683453263145,86.2647448599227,0.7155945835971048,49.742467489203264,-5.785643706790253,False,False,False,False,True,0.7790473396704378,0.0,0.0,0.0,0.0,0,0.9745797983060563,0.9080796263860668,False,False,False,False,0.1485724498985001,0.06402686481706571,False,False,False,False,14921362,14653410.242984097,False,False,False,False,402493.3662870946,False,False,False,False
2023-03-15 00:00:00+00:00,81.2869746521,81.8584467163,80.4593254556,81.4347691514,2695395,,,,,,,,,,,,,,,,,82.33458813327371,85.82045468820598,86.29741130141036,87.95453278647467,87.95407780157885,89.0634759464332,84.83855433646961,84.2235868646102,82.2042929617571,,,,,,,,,,,,,,,,,,,,,,83.74541959396781,86.42568287022739,86.19434397745295,86.53054189353757,88.01463646792905,88.57431303312462,85.16574522908817,84.54872336343911,83.24123333698061,82.49588982946646,,,85.82045468820598,85.55934233765409,"rgba(255, 0, 0, 1.0)",2.75636970805,85.55934233765409,-1.5499980547154482,45.02959043295366,-5.785643706790253,False,True,False,True,False,0.0,0.0,0.0,0.0,0.0,0,0.9674401324367916,0.9231757430489947,False,False,False,False,-0.34282825441539394,-0.13940069479916412,False,False,False,False,12225967,14558216.390318055,False,False,False,False,492411.0774130909,False,False,False,False
2023-03-16 00:00:00+00:00,82.6072721797,82.6466840462,81.0209445532,81.0209445532,946299,,,,,,,,,,,,,,,,,82.2790298189244,85.58558891620291,86.14456909821973,87.82333247782469,87.85607273358822,88.97104515548061,84.81596672457495,84.20733902193452,82.2035841223236,,,,,,,,,,,,,,,,,,,,,,83.57142266671184,86.23239224034452,86.0386351092107,86.38837477109061,87.90247475647554,88.4771943687826,85.13920789166004,84.52909818943228,83.23352911467495,82.49328966527004,,,85.58558891620291,85.46800772856459,"rgba(239, 83, 80, 1.0)",2.7986623724270605,85.46800772856459,-1.022179587308951,43.42514364492744,-0.6905869722578899,False,True,False,True,False,0.0,0.0,0.0,0.0,0.0,1,0.9859916939350899,0.9075413981795991,False,False,False,False,-0.295108475683618,-0.21725458524139105,False,False,False,False,13172266,14503865.394619307,False,False,False,False,510210.60378904815,False,False,False,False
2023-03-17 00:00:00+00:00,79.2079986943,82.2722713145,78.5577028971,82.2131535148,1233242,,,,,,,,,,,,,,,,,81.75868151242456,85.16283261157288,85.86729036786764,87.60199932935258,87.68883482477364,88.81889258111516,84.7650388694229,84.16608704340757,82.18576518896607,,,,,,,,,,,,,,,,,,,,,,83.14230395353962,85.89074871597504,85.75463164621351,86.13292059452816,87.71245365553702,88.31509779549525,85.08217514791718,84.48257050114175,83.20564230029262,82.47266907476836,,,85.16283261157288,85.27403345864798,"rgba(255, 26, 202, 1.0)",2.951789468390591,85.27403345864798,-2.055036387014203,40.094806642148654,-3.816187799654209,False,True,False,True,False,0.0,0.0,0.0,0.0,0.0,0,0.9629918332541374,0.898111721877054,False,False,False,False,-0.34282825441539394,-0.2800414198283925,False,False,False,False,11939024,14403283.37914404,False,False,False,False,538564.7761894776,False,False,False,False
2023-03-20 00:00:00+00:00,80.4593254556,81.2574157522,78.6069677302,79.5627054928,1143332,,,,,,,,,,,,,,,,,81.46896960189532,84.8306869831945,85.63555853011049,87.41015938762165,87.5418830043896,88.68385463133019,84.71970636756471,84.12942134913187,82.17021511897913,,,,,,,,,,,,,,,,,,,,,,82.83719674125068,85.61053102577499,85.51823354463203,85.91713294355006,87.5463642048794,88.17192956968526,85.03139472515748,84.4411842481283,83.18097496169096,82.4545841423582,,,84.8306869831945,85.12105163585919,"rgba(255, 0, 0, 1.0)",3.0534194008439144,85.12105163585919,-1.5267231808937778,39.29293143577004,-4.578201215880036,False,True,False,True,False,0.0,0.0,0.0,0.0,0.0,1,0.9742366077140124,0.8998623622540306,False,False,False,False,-0.34282825441539394,-0.31143483712189324,False,False,False,False,13082356,14351482.305452118,False,False,False,False,562281.1379075374,False,False,False,False
2023-03-21 00:00:00+00:00,79.9174122913,81.6318284839,79.5331465929,81.1785920192,638499,,,,,,,,,,,,,,,,,81.37005339983965,84.67247206353964,85.51964082885526,87.3108036572528,87.46497804708662,88.6124188851267,84.69613948308213,84.11050169290758,82.16268448694886,,,,,,,,,,,,,,,,,,,,,,82.70553433434571,85.47221164994494,85.40040996415388,85.80817872872915,87.45977726410646,88.0965691169666,85.00491836352629,84.41973994216531,83.16848920198633,82.44567986917862,,,84.67247206353964,85.04743163051275,"rgba(255, 0, 0, 1.0)",3.1572405894170257,85.04743163051275,-1.6248427048633607,38.38709274088568,-5.551117869372099,False,True,False,True,False,0.0,0.0,0.0,0.0,0.0,0,0.9766984744414446,0.9129561675906449,False,False,False,False,-0.3016532968212631,-0.30654406697157816,False,False,False,False,12443857,14276673.469944192,False,False,False,False,565270.0736758693,False,False,False,False
2023-03-22 00:00:00+00:00,77.9960837995,80.1440305236,77.9369659997,79.9469711911,704778,,,,,,,,,,,,,,,,,81.12989262027088,84.44761468670949,85.35795285329843,87.17877764029332,87.36248798538642,88.51932011862574,84.66052251365363,84.08064286560338,82.14681496512519,,,,,,,,,,,,,,,,,,,,,78.6923601076,82.48307333878546,85.28060633187252,85.23541492107651,85.65742341444322,87.34469282747983,87.99747603670014,84.96566523669091,84.3867070555606,83.14672133762645,82.42814350720636,,,84.44761468670949,84.62511551820042,"rgba(255, 0, 0, 1.0)",3.3211508089150077,84.62511551820042,-1.9960044274129385,36.52329634356115,-7.474562854556659,False,True,False,True,False,0.0,0.0,0.0,0.0,0.0,0,0.9640139967802451,0.9241246119377564,True,False,False,False,-0.34282825441539394,-0.32468616069348605,False,False,False,False,11739079,14177159.961318929,False,False,False,False,570740.9727474039,True,False,False,False
2023-03-23 00:00:00+00:00,79.1488808945,81.0702093863,77.9369659997,78.114319399,786206,,,,,,,,,,,,,,,,,80.9712232263705,84.24382525951066,85.20422490101959,87.04783407508954,87.25986135909986,88.42468548590415,84.62584179203309,84.05195440769155,82.13279951100702,,,,,,,,,,,,,,,,,,,,79.3853520935,79.05777949323156,82.30267427824607,85.10043168779596,85.0791853029299,85.51261353654189,87.2298264857857,87.89742071634502,84.92722294460549,84.35473452759611,83.12642612820618,82.41236657897142,,,84.24382525951066,84.4107742140237,"rgba(255, 0, 0, 1.0)",3.4240138717548017,84.4107742140237,-1.5367616828102966,36.71109036663887,-7.479268093399767,False,True,False,True,False,0.0,0.0,0.0,0.0,0.0,0,0.968410639736983,0.9224384758199133,True,False,False,False,-0.31549174236844857,-0.3200889515309673,False,False,False,False,12525285,14112380.551071128,False,False,False,False,579190.5816592705,False,False,False,False
2023-03-24 00:00:00+00:00,79.7893237251,80.8928559871,78.3902024645,78.3902024645,1825905,,,,,,,,,,,,,,,,,80.7479260889207,83.85454404423892,84.89324036919227,86.7715369172542,87.04027195802921,88.21946819081225,84.55162469815639,83.99093482846057,82.10435049510798,,,,,,,,,,,,,,,,,,,,79.59886063576091,79.40624592081683,81.99150556389866,84.74190625180385,84.76450443613385,85.21633264730076,86.98533949751008,87.68180835928882,84.84476462843035,84.2865032256694,83.08390667548557,82.37998384256781,,,83.85454404423892,84.25256043898656,"rgba(239, 83, 80, 1.0)",3.4963682063844694,84.25256043898656,-1.276535093110777,37.62383408784926,-7.479268093399767,False,True,False,True,False,0.0,0.0,0.0,0.0,0.0,0,0.9514110814353042,0.9417321350628158,False,False,False,False,-0.307438053401526,-0.3137635024662466,False,False,False,False,14351190,14121745.62749971,False,False,False,False,628081.3431628285,False,False,False,False
2023-03-27 00:00:00+00:00,82.3018302144,82.3215361476,80.607119955,81.1588860859,605893,,,,,,,,,,,,,,,,,80.8023870141843,83.79630304385894,84.83536997032618,86.70964824931674,86.98976659488797,88.16936609342503,84.53768075670875,83.98054852039044,82.10296087683673,,,,,,,,,,,,,,,,,,,,80.00265727953106,79.76724562009161,81.9820738301608,84.67738346887529,84.70707357149665,85.158659424081,86.92953188276131,87.63048442372815,84.82864358925747,84.27421772368827,83.07842444934236,82.37748067148804,,,83.79630304385894,84.26174730888,"rgba(239, 83, 80, 0.5)",3.524786867914225,84.26174730888,-0.55603846925354,41.04710914583056,-7.479268093399767,False,True,False,True,True,0.0,0.0,0.0,0.0,0.0,0,0.9495425703192276,0.9367287131669885,False,False,False,False,-0.20416284015581052,-0.2589631713110286,False,False,False,False,14957083,14154503.955833057,False,False,False,False,627211.2120584039,False,False,False,False
2023-03-28 00:00:00+00:00,82.3806539474,82.7156548126,81.8190348498,82.5678603132,785811,,,,,,,,,,,,,,,,,80.90193851701018,83.74478998254061,84.77648014611721,86.6404402673626,86.93254136090349,88.1111088848105,84.52339487484244,83.97056629347968,82.10396549921596,,,,,,,,,,,,,,,,,,,,80.45455034642715,80.19078728341873,81.99725805384911,84.61297345674517,84.64927685251406,85.09849468886117,86.86654750687518,87.57145238832476,84.81174439701154,84.26195679956949,83.0743441030362,82.3771134331221,,,83.74478998254061,84.27838798184106,"rgba(239, 83, 80, 0.5)",3.552389048787651,84.27838798184106,-0.5342134570223132,43.41248292999458,-12.183140397747444,False,True,False,True,True,0.0,0.0,0.0,0.0,0.0,0,0.9486158235099619,0.9344084899029304,False,False,False,False,-0.1601126794502415,-0.20953792538063504,False,False,False,False,15742894,14216793.761486664,False,False,False,False,633430.8115855253,False,False,False,False
2023-03-29 00:00:00+00:00,83.2280090771,83.257567977,81.9865352824,82.6171251464,639030,,,,,,,,,,,,,,,,,81.0001943188077,83.71963067087995,84.74021292228214,86.59228992449016,86.89212993282025,88.0687386400048,84.51459783543335,83.96503802500747,82.10686383490199,,,,,,,,,,,,,,,,,,,,80.78068084204365,80.50545528658103,82.02769751618882,84.57432762498254,84.61424650209052,85.06015443660321,86.82226356178853,87.52903920080973,84.80097839447245,84.25471245890051,83.07327465553261,82.37895022915583,,,83.71963067087995,84.29573064894376,#000000,3.5711264257630506,84.29573064894376,-0.2989873346798748,45.91593678172301,-9.751681215146284,False,True,False,False,True,0.0,0.0,0.0,0.0,0.0,0,0.9438056250663371,0.9442356848320441,False,False,False,False,-0.14085910955845501,-0.175198517469545,False,False,False,False,16381924,14301700.829663659,False,False,False,False,633650.3876017792,False,False,False,False
2023-03-30 00:00:00+00:00,83.4447743428,84.9325723031,82.7747726124,83.4250684096,546225,,,,,,,,,,,,,,,,,81.11395111677305,83.71957914525004,84.7242264526068,86.56161650012382,86.86566046634422,88.0391341981081,84.51108574704439,83.96402146567428,82.11238581340955,,,,,,,,,,,,,,,,,,,,81.08981036255689,80.8031266551067,82.07924937819864,84.55879053458911,84.59977080954643,85.04108140132256,86.7934601361816,87.50015203000268,84.79598475067674,84.25240838133875,83.07561837948708,82.38363564254078,,,83.71957914525004,84.32361817767362,#000000,3.5872387149101956,84.32361817767362,-0.24499173451176975,47.827987790017836,-7.891530255634713,False,False,False,False,True,0.0,0.0,0.0,0.0,0.0,0,0.9540003643155932,0.9337811690764989,False,False,False,False,-0.07471413902483852,-0.12495632824719177,False,False,False,False,16928149,14404698.797127828,False,False,False,False,630221.9410291604,False,False,False,False
2023-03-31 00:00:00+00:00,83.5235980758,84.2428646394,83.099920511,84.1640409064,738780,,,,,,,,,,,,,,,,,81.24836379442803,83.71666099662221,84.7014112653441,86.51980169756995,86.82949229093204,87.99886018900712,84.50582037027188,83.96213391525359,82.1193547805547,,,,,,,,,,,,,,,,,,,,81.4054096833282,81.11712310161694,82.14039352615819,84.53637147166359,84.57888489610653,85.01433520517064,86.75416236072715,87.46080469886621,84.78871354083631,84.24877413358905,83.07829485479795,82.3894719738586,,,83.71666099662221,84.34976419830741,#000000,3.59388199776936,84.34976419830741,-0.22988126015829086,49.19791040807819,-6.512934055021859,False,False,False,False,True,0.0,0.0,0.0,0.0,0.0,0,0.9793923590691547,0.9232337180759996,False,False,False,False,-0.08444879892953955,-0.10470256358836566,False,False,False,False,17666929,14532629.393318893,False,False,False,False,634479.1198123307,False,False,False,False
2023-04-03 00:00:00+00:00,83.7896281747,84.4187400937,82.8043315122,83.6516866419,504734,,,,,,,,,,,,,,,,,81.33392627436815,83.71574357767778,84.68703968854358,86.49238072985317,86.80561124743761,87.97206662198207,84.5024553565251,83.96103955097627,82.12423242446829,,,,,,,,,,,,,,,,,,,,81.58317183188035,81.2977189565162,82.18073981322273,84.52244663554568,84.56582299822477,84.99725469078449,86.72827886657991,87.43471432003334,84.78400296197644,84.2465065995557,83.08027104048517,82.39358434533709,,,83.71574357767778,84.36423880537528,#000000,3.5923624189489956,84.36423880537528,-0.15995341328712387,50.45507172668462,-5.195878289996159,False,False,False,False,True,0.0,0.0,0.0,0.0,0.0,0,0.9781246115165757,0.9098796818799186,False,False,False,False,-0.08764884686969913,-0.0961757052290324,False,False,False,False,18171663,14675336.593580898,False,False,False,False,629391.0758981217,False,False,False,False
2023-04-04 00:00:00+00:00,82.6565370129,83.8388930078,82.0850649486,83.6812455418,442836,,,,,,,,,,,,,,,,,81.37979982087823,83.7009545639579,84.66495663749208,86.46196451291466,86.77961175634609,87.94445082462224,84.49666854869699,83.95742205053264,82.12625669163813,,,,,,,,,,,,,,,,,,,,81.66542114058669,81.3889972254454,82.19609871652958,84.49930817032237,84.54456350860181,84.97367871762279,86.69999719870897,87.40725020941923,84.77691614891123,84.24175019773025,83.07962893566926,82.39489438401966,,,83.7009545639579,84.3627166634504,#000000,3.6041449500711225,84.3627166634504,-0.4733937380950029,49.67979401426641,-5.195878289996159,False,False,False,False,True,0.0,0.0,0.0,0.0,0.0,0,0.9611620158223494,0.9298957477981697,False,False,False,False,-0.12250480926544144,-0.10934025724723692,False,False,False,False,17728827,14795081.315401256,False,False,False,False,622075.1905687836,False,False,False,False
2023-04-05 00:00:00+00:00,83.9078637742,83.9472756407,82.3313891143,82.863449312,292492,,,,,,,,,,,,,,,,,81.41903734771523,83.69750667520915,84.65490163088725,86.44509720548824,86.7649462488918,87.92827711560533,84.49411172573207,83.95620511105831,82.1285584552535,,,,,,,,,,,,,,,,,,,,81.73601868799916,81.46354465345996,82.21374369232987,84.48925237912972,84.535181157228,84.96226259803927,86.68411580096168,87.39140483883473,84.77356325576135,84.23983686627058,83.08023641559,82.39674659681974,,,83.69750667520915,84.36629950015056,#000000,3.6130963909713647,84.36629950015056,-0.12688167608706302,50.89044681953357,-4.481157224904834,True,False,False,False,True,0.0,0.0,0.0,0.0,0.0,0,0.9440108903020882,0.9420602068544185,False,False,False,False,-0.11296192319640487,-0.1111510902218209,False,False,False,False,18021319,14921600.440287482,False,False,False,False,609150.3595660862,False,False,False,False
2023-04-06 00:00:00+00:00,83.1590383107,84.3611002389,82.6860959127,84.1443349732,287450,,,,,,,,,,,,,,,,,81.45626142121422,83.69426529802394,84.64522468337199,86.42873579338493,86.75068472072022,87.91251674641856,84.49162547440416,83.95502822479794,82.13082410751352,,,,,,,,,,,,,,,,,,,,81.80025551426336,81.53183165034469,82.23067950934077,84.4796051440352,84.52616092194093,84.95124941905038,86.66868707557384,87.37597949165435,84.77029961091418,84.23797949103697,83.08084354275051,82.398572140034,,,83.69426529802394,84.36932429366375,#000000,3.6204002161687194,84.36932429366375,-0.33429618569754044,50.6009213329983,-4.481157224904834,True,False,False,False,True,0.0,0.0,0.0,0.0,0.0,0,0.9463697273775128,0.9365589325537923,False,False,False,False,-0.09235342030357668,-0.10175225526269879,False,False,False,False,17733869,15031885.481844837,False,False,False,False,596534.6591909456,False,False,False,False
2023-04-10 00:00:00+00:00,84.3118354058,84.3611002389,83.021096778,83.021096778,303300,,,,,,,,,,,,,,,,,81.50368406473852,83.69659701829305,84.63918410719504,86.41445953839853,86.73797665517884,87.8978213176993,84.49020287794504,83.95490073638864,82.13413515682721,,,,,,,,,,,,,,,,,,,,81.88226052755803,81.61662721082429,82.25538066911702,84.47421020413516,84.5209286615222,84.94346276408302,86.65501188071525,87.36184751688577,84.76811490437348,84.23718604948908,83.0824668277669,82.40143955336008,,,83.69659701829305,84.37668815428336,#000000,3.62188591079394,84.37668815428336,-0.017905795511141496,51.98411688673691,-2.9767952948516694,True,False,True,False,True,0.0,0.0,0.0,0.0,0.0,0,0.9524049443747109,0.9315912587373038,False,False,False,False,-0.08339566580706227,-0.09257396053488054,False,False,False,False,18037169,15149739.737458766,False,False,False,False,585035.2607913007,False,False,False,False
2023-04-11 00:00:00+00:00,84.6271303378,84.8931604366,83.6221277421,84.2034527729,218863,,,,,,,,,,,,,,,,,81.54344885004241,83.70220111257343,84.63768558673233,86.40621470439827,86.73042356965652,87.88855560869153,84.4900140218984,83.95558681854148,82.1371685999507,,,,,,,,,,,,,,,,,,,,81.95080800254759,81.68630647679973,82.27786205662714,84.47358914257211,84.52009145792563,84.94047699126098,86.64694076865386,87.35313239237206,84.76741618008407,84.23742751797664,83.08432527347955,82.40416720487083,,,83.70220111257343,84.38483368688523,#000000,3.6245975242850776,84.38483368688523,0.06684787739641744,53.32370808161298,-1.4828087906663114,True,False,True,False,True,0.0,0.0,0.0,0.0,0.0,0,0.9564346180627669,0.9304831258221191,False,False,False,False,-0.05318763702279198,-0.07288079877883626,False,False,False,False,18256032,15271555.12030352,False,False,False,False,570675.5642896811,False,False,False,False
2023-04-12 00:00:00+00:00,84.3118354058,85.6813977666,84.2822765059,85.1493375689,313106,,,,,,,,,,,,,,,,,81.6057856434954,83.71443499983863,84.63867977383502,86.39671317345687,86.72142537207807,87.87680281000283,84.49067547835662,83.95743290748713,82.14222218768447,,,,,,,,,,,,,,,,,,,,82.05684410772048,81.79324138497192,82.31483956943468,84.47627380910505,84.52211202647072,84.93910593069137,86.63740126263019,87.34232583575323,84.76739323604671,84.23867783946731,83.08774659506155,82.40879948475839,,,83.71443499983863,84.39933556203312,#000000,3.6282390824538036,84.39933556203312,-0.02411642514305928,53.6652246653451,-0.9290185998837615,True,False,True,False,True,0.0,0.0,0.0,0.0,0.0,0,0.9702084893299584,0.9242009275156117,False,False,False,False,-0.014707266325640568,-0.04379403255223841,False,False,False,False,17942926,15376314.762644557,False,False,False,False,560574.7970626348,False,False,False,False
2023-04-13 00:00:00+00:00,85.5828681003,85.9523543488,84.0655112402,84.8340426369,273952,,,,,,,,,,,,,,,,,81.66574638348837,83.72934040502884,84.64269403015338,86.3907068165538,86.71537614907584,87.86803835260926,84.49220169810765,83.95992806458787,82.14737173608187,,,,,,,,,,,,,,,,,,,,82.15739084088334,81.89393390678164,82.3519876175598,84.48219371382933,84.52710357183592,84.94081613700867,86.63107721418386,87.33454813349384,84.7683659674631,84.24069236399279,83.0915170679702,82.4135967255547,,,83.72934040502884,84.41486275800811,#000000,3.6281687543458054,84.41486275800811,0.3219269613335542,55.65565352361686,1.1705712824622907,True,False,True,False,True,0.0,0.0,0.0,0.0,0.0,0,0.9669355740992794,0.9306337593282317,False,False,False,False,-0.013269077683344614,-0.028531555117791513,False,False,False,False,18216878,15487709.399403594,False,False,False,False,549334.687373904,False,False,False,False
2023-04-14 00:00:00+00:00,84.8241896703,85.6616918333,84.0605847569,85.1690435021,239966,,,,,,,,,,,,,,,,,81.7115875524193,83.73909194613621,84.64397667584443,86.38395638655948,86.70889690400338,87.85940312292107,84.49287233326578,83.96148853205594,82.15135061371336,,,,,,,,,,,,,,,,,,,,82.230745193317,81.96849992990968,82.37983112595877,84.48480104036976,84.52916458411626,84.94029141640947,86.62423391683807,87.32666743335388,84.76852403200283,84.2418063207739,83.09426017945248,82.41725708345649,,,83.73909194613621,84.42536778545822,#000000,3.6309094472541594,84.42536778545822,0.10984076872073618,55.57751774137864,1.2863160695656504,True,False,True,False,True,0.0,0.0,0.0,0.0,0.0,0,0.9579399355743505,0.9478824119258178,False,False,False,False,-0.021114565428551252,-0.024823060273171382,False,False,False,False,17976912,15585325.187662277,False,False,False,False,537202.5819866922,False,False,False,False
2023-04-17 00:00:00+00:00,85.4646325008,85.6764712833,84.568012538,84.6961011041,469905,,,,,,,,,,,,,,,,,81.80826462680706,83.76420353318326,84.65110818923343,86.3742016155995,86.69895511114781,87.84479421012388,84.49560021161959,83.9658561557108,82.16022281437215,,,,,,,,,,,,,,,,,,,,82.38303007338072,82.12237845237995,82.44087658459749,84.49512374391736,84.53792646789536,84.94356192208647,86.61387656085053,87.31377034566464,84.7703170018802,84.2453610862146,83.10078807696038,82.4255304284069,,,83.76420353318326,84.449776219883,#000000,3.6313818546483114,84.449776219883,0.27946834608371784,56.440649601582564,2.331359605456818,True,False,True,False,True,0.0,0.0,0.0,0.0,0.0,0,0.9624518623039026,0.948103571677751,False,False,False,False,0.0067310971761114224,-0.00904598154852998,False,False,False,False,18446817,15697540.552851994,False,False,False,False,534563.461124469,False,False,False,False
2023-04-18 00:00:00+00:00,83.4447743428,85.1591905355,82.6368310796,85.1591905355,404214,,,,,,,,,,,,,,,,,81.85295026763525,83.76395790235533,84.64184095485224,86.35513057340509,86.68190967248685,87.82525543106513,84.49324480254576,83.96521288806483,82.16413841800926,,,,,,,,,,,,,,,,,,,,82.4399912427993,82.18562020102729,82.464452289424,84.48638726165848,84.52958540514892,84.93229879795467,86.59558948779446,87.29493950020142,84.76695437148597,84.24383334812545,83.10247744681269,82.42885786244837,,,83.76395790235533,84.45252448536458,#000000,3.6417459538049544,84.45252448536458,-0.276721703091799,53.60252602896345,2.331359605456818,True,False,True,False,False,0.0,0.0,0.0,0.0,0.0,0,0.9451596103111976,0.9390762371492135,False,False,False,False,-0.061127653659846945,-0.03508681760418846,False,False,False,False,18042603,15789503.786073485,False,False,False,False,529451.7175509604,False,False,False,False
2023-04-19 00:00:00+00:00,83.9078637742,84.0260993737,82.9521260116,82.9521260116,356480,,,,,,,,,,,,,,,,,81.88832797634666,83.7622824327947,84.63276516657973,86.33778785121217,86.6664406293247,87.80768287836347,84.49085266166182,83.9643431184372,82.16731886113016,,,,,,,,,,,,,,,,,,,,82.48221778590822,82.2335188363249,82.48269593772545,84.47764489838472,84.52128454923725,84.92156686762192,86.57899306799877,87.27794868957812,84.763665492165,84.24217502643886,83.10368800463932,82.43151649227941,,,83.7622824327947,84.45336991815111,#000000,3.6496994251027646,84.45336991815111,-0.14946604649114514,52.44837817012467,2.331359605456818,True,False,True,False,False,0.0,0.0,0.0,0.0,0.0,0,0.9475067346834477,0.9476912211606141,False,False,False,False,-0.0838875240791127,-0.059487170841650575,False,False,False,False,18399083,15891840.225835308,False,False,False,False,522668.5129411188,False,False,False,False
2023-04-20 00:00:00+00:00,84.2133057395,84.4497769385,83.0900675443,83.0900675443,562785,,,,,,,,,,,,,,,,,81.95021109045403,83.76526373248439,84.62279375060918,86.31372660074604,86.64462916402208,87.78213627707038,84.48835996493496,83.96415363624762,82.17329937926662,,,,,,,,,,,,,,,,,,,,82.55844748837096,82.31737848005562,82.51733930480353,84.46877732578965,84.51263062612753,84.90868731456179,86.55569653351189,87.25354230132741,84.75982415816985,84.2407999756987,83.10663372635086,82.43669736777137,,,83.76526373248439,84.4583864409554,#000000,3.6539909554381214,84.4583864409554,-0.06707206023338592,52.17624133747377,6.155857116859927,True,False,False,False,False,0.0,0.0,0.0,0.0,0.0,1,0.9470559053333031,0.9475871398432396,False,False,False,False,-0.06781433441373393,-0.06365075262769225,False,False,False,False,18961868,16012233.471880982,False,False,False,False,524241.70851205534,False,False,False,False
2023-04-21 00:00:00+00:00,85.8784570991,85.9572808321,84.3266148557,84.8241896703,1173148,,,,,,,,,,,,,,,,,82.15564070452383,83.8276291759057,84.64439375799356,86.29491907152409,86.62417244716607,87.74979620570772,84.49643800696444,83.97610944926245,82.19602922656863,,,,,,,,,,,,,,,,,,,,82.84039608156542,82.60606796855458,82.6548535945205,84.49813612295841,84.53801848636216,84.9211582995395,86.53476060161907,87.22570986427587,84.76570931771907,84.25084108189336,83.12370983951811,82.45798486420342,,,83.8276291759057,84.50932224708887,#000000,3.644155995209717,84.50932224708887,0.37570698230560706,54.44763610346526,6.155857116859927,True,False,True,False,True,0.28519770667348254,0.0,0.0,0.0,0.0,1,0.9598440233246684,0.9287421891047788,False,False,False,False,0.008380881711165612,-0.02763493545826332,False,False,False,False,20135016,16173911.218081728,False,False,False,False,549689.0140606022,False,False,False,False
2023-04-24 00:00:00+00:00,87.0706660606,87.1593427603,85.3759558012,86.0065456652,351960,,,,,,,,,,,,,,,,,82.23278752478191,83.85850384729802,84.66028425723482,86.29637464250729,86.62374080240998,87.7448954232799,84.50191908925895,83.98254279912283,82.2052161297875,,,,,,,,,,,,,,,,,,,,82.94766833813841,82.71387585758484,82.70984253723391,84.5174826940676,84.55525807348864,84.93367491261964,86.53476360137292,87.22263438154492,84.77067358736033,84.25682711065888,83.13135566264053,82.46679068345571,,,83.85850384729802,84.53309479130299,"rgba(38, 166, 154, 0.5)",3.6348512140570155,84.53309479130299,0.6981224594512975,57.42453628053624,3.2978030095065947,True,False,True,False,True,1.7634748941144025,0.0,0.0,0.0,0.0,1,0.9754205830391625,0.9164171607080152,False,False,False,False,0.07092974498094143,0.021647404761339056,False,False,False,False,20486976,16343051.013451071,False,False,False,True,541934.9350778335,False,False,False,True
2023-04-25 00:00:00+00:00,85.8686041325,87.3366961595,85.5730151337,86.6765473957,518837,,,,,,,,,,,,,,,,86.25943847523332,82.33469921575286,83.89819389566054,84.67985212931292,86.29604788556038,86.62115041286334,87.73611129087803,84.5088564455661,83.99094910657321,82.21782981892416,,,,,,,,,,,,,,,,,,,,83.08358713775188,82.85170581827708,82.78247471461943,84.54153243936166,84.57666947170532,84.9486581929327,86.53261010991555,87.2163504783233,84.77680483325913,84.26453279738563,83.14165592068078,82.4788269798615,,,83.89819389566054,84.75209403858065,#000000,3.6103290371435093,84.75209403858065,0.3092543871853651,57.16805610381931,3.2978030095065947,True,False,True,False,True,0.23203340596977284,0.0,0.0,0.0,0.0,1,0.9790308910738708,0.9199919685818149,False,False,False,False,0.08137245140118064,0.05150992808125985,False,False,False,False,19968139,16485211.32664907,False,False,False,False,541029.1337022322,False,False,False,False
2023-04-26 00:00:00+00:00,84.2231587062,85.8488981992,83.8585989411,84.962131203,577451,,,,,,,,,,,,,,,,85.40829781643181,82.39795440311121,83.91165971031992,84.67936440815421,86.27993614441456,86.60562289496711,87.71589078055794,84.50944559765395,83.99361974070469,82.2262004569488,,,,,,,,,,,,,,,,,,,,83.15173002459007,82.92601603005123,82.82391465971791,84.54307633598334,84.57759182043253,84.94486812088654,86.51630729678014,87.19780394265649,84.77619684198102,84.26614903096032,83.1471400188815,82.48644612087043,,,83.91165971031992,84.71862928096182,#000000,3.6057461031879323,84.71862928096182,-0.1374113874306809,54.39602411626382,3.2978030095065947,True,False,True,False,False,0.0,0.0,0.0,0.0,0.0,1,0.9518168763777745,0.9327446602203775,False,False,False,False,-0.003343440738891274,0.024083243671184286,False,False,False,False,19390688,16599151.588349106,False,False,False,False,542457.4421844976,False,False,False,False
2023-04-27 00:00:00+00:00,85.5336032672,85.5533092005,84.1246290399,84.8537485701,382831,,,,,,,,,,,,,,,,85.32087132872951,82.44563062783168,83.92537539955453,84.68281780215867,86.27216877765072,86.59767338615976,87.70447317340019,84.51106787247791,83.99653350034744,82.23269269583052,,,,,,,,,,,,,,,,,,,,83.20573394200134,82.98339939464665,82.85659662106633,84.54831550519275,84.58205763198755,84.94589442020497,86.50808226267993,87.18768569991563,84.77708443997106,84.26841660744735,83.15178486090869,82.4924618312368,,,83.92537539955453,84.72358316271664,#000000,3.5886936033425902,84.72358316271664,0.22571447830733887,54.3836637463664,3.2978030095065947,True,False,True,False,False,0.0,0.0,0.0,0.0,0.0,1,0.9584232628991461,0.9344432318242353,False,False,False,False,-0.004173935329714294,0.009954654170734996,False,False,False,False,19773519,16723636.584884437,False,False,False,False,536197.5817066742,False,False,False,False
2023-04-28 00:00:00+00:00,84.5483066048,85.2380142685,83.8783048743,85.1887494354,329054,,,,,,,,,,,,,,,,85.18147422792472,82.47748381542915,83.9317148092131,84.68185420555315,86.26274099326676,86.58862110949468,87.69283205864463,84.51117647454215,83.99782898440026,82.23723966776494,,,,,,,,,,,,,,,,,,,,83.23760053623346,83.01873013381652,82.8775693463787,84.5483710375568,84.58184759250824,84.94316829344459,86.49857793584073,87.1769659129534,84.77650992842229,84.26910904375208,83.15469124118884,82.49658044136883,,,83.9317148092131,84.7204433840282,#000000,3.5913268427330816,84.7204433840282,-0.04793124846782163,52.89383236691138,7.0945615044844175,True,False,True,False,False,0.0,0.0,0.0,0.0,0.0,1,0.9542723431155576,0.9362950271452818,False,False,False,False,-0.019955733047608344,-0.005000539438436674,False,False,False,False,19444465,16830335.73841838,False,False,False,False,528074.303992687,False,False,False,False
2023-05-01 00:00:00+00:00,82.5875662465,84.725660004,82.5580073466,84.3906591388,536561,,,,,,,,,,,,,,,,84.74872975889541,82.49702111982322,83.921353966492,84.66497326917464,86.23636896377779,86.56495996452455,87.66645821890275,84.50626148202363,83.99516261782904,82.24059157915254,,,,,,,,,,,,,,,,,,,,83.2395591056778,83.02833784215892,82.88571869713425,84.53124235780844,84.56577816147887,84.92459026741463,86.47332280668512,87.15133232381208,84.77027101081826,84.26526657785061,83.15514811682209,82.4991570170575,,,83.921353966492,84.6895928314552,"rgba(239, 83, 80, 0.5)",3.6117739786324585,84.6895928314552,-0.5819928371462205,49.37470347893077,3.740486909550711,True,False,False,False,False,0.0,0.0,0.0,0.0,0.0,1,0.9433101342490338,0.9430081526579112,False,False,False,False,-0.06865295885117542,-0.03682674914480605,False,False,False,False,18907904,16911809.003578447,False,False,False,False,528407.115600817,False,False,False,False
2023-05-02 00:00:00+00:00,82.311683181,83.2083031438,81.6318284839,82.8831552452,346458,,,,,,,,,,,,,,,,84.44429182588658,82.49529308149938,83.90548139999439,84.6472433927549,86.21442414923801,86.54568186247096,87.64610290854522,84.50075839802992,83.99125082622417,82.24088556132396,,,,,,,,,,,,,,,,,,,,83.21954884367926,83.01395178449577,82.87940354229015,84.51252775914423,84.54838788641895,84.90628287677015,86.4526413961253,87.13111556285354,84.76381969359315,84.2605093068631,83.15347542718496,82.49891604849388,,,83.90548139999439,84.6616095962031,"rgba(239, 83, 80, 0.5)",3.6227363595758284,84.6616095962031,-0.6486606205808042,46.704636860795404,1.2862751178030862,False,False,False,True,False,0.0,0.0,0.0,0.0,0.0,1,0.9336172243353614,0.9525377339495448,False,False,False,False,-0.10401872364317623,-0.07042273639399113,False,False,False,False,18561446,16976500.650496937,False,False,False,False,521271.85616549087,False,False,False,False
2023-05-03 00:00:00+00:00,82.5580073466,83.7354368582,81.7796229833,82.4594776804,419592,,,,,,,,,,,,,,,,84.20780551677255,82.49884960052742,83.89048390364047,84.62900027005453,86.19028343986547,86.52427632932847,87.6230862709112,84.49509307379134,83.98743893182184,82.2420008239133,,,,,,,,,,,,,,,,,,,,83.204991405267,83.00545050066532,82.87657531260174,84.49350234953339,84.53063023890753,84.88711786512032,86.42974212177506,87.10842869834816,84.75705526324813,84.25571749643497,83.15226385931776,82.49940140061975,,,83.89048390364047,84.63738962239663,"rgba(239, 83, 80, 0.5)",3.629034906718897,84.63738962239663,-0.5729849200256536,45.35557179946787,0.07226360054967529,False,False,False,True,False,0.0,0.0,0.0,0.0,0.0,0,0.9629714123019113,0.9446935970186103,False,False,False,False,-0.07463803673686578,-0.07253038656542846,False,False,False,False,18981038,17055109.958320588,False,False,False,False,517284.41082566767,False,False,False,False
2023-05-04 00:00:00+00:00,82.6663899795,83.3511711599,81.75991705,83.1984501772,254164,,,,,,,,,,,,,,,,84.08579639235575,82.49986907884721,83.88084654785544,84.6175607523064,86.17541340822808,86.51109503495151,87.60897139799992,84.49149208972086,83.9849660979629,82.24252604979242,,,,,,,,,,,,,,,,,,,,83.19494006074761,82.99896865609396,82.87401509440053,84.48155048574023,84.51947056216021,84.87515561435053,86.41564419480507,87.09449472694088,84.75278481260445,84.25264722146272,83.15137693045884,82.49954364894376,,,83.88084654785544,84.62335295799964,"rgba(239, 83, 80, 0.5)",3.6237903878757236,84.62335295799964,-0.5400320573306735,44.658035387468644,-0.6043768104281853,False,False,False,True,False,0.0,0.0,0.0,0.0,0.0,0,0.9748687651522169,0.926927812605018,False,False,False,False,-0.08861501618692055,-0.0805727013761745,False,False,False,False,19235202,17140603.763876643,False,False,False,False,506965.9633423082,False,False,False,False
2023-05-05 00:00:00+00:00,83.7403633416,84.0458053069,82.7156548126,83.257567977,264767,,,,,,,,,,,,,,,,84.04311022480822,82.51109120088142,83.87792813880772,84.61106286026693,86.16394634557146,86.50061793735284,87.59699823479538,84.489542285708,83.98407330086779,82.24448692241265,,,,,,,,,,,,,,,,,,,,83.2000776211663,83.00703897189018,82.87984295718171,84.47516770874809,84.51339571510866,84.86773125980517,86.40453020350095,87.0829801581115,84.75021662075825,84.2512038357521,83.1519524028941,82.50113460763575,,,83.87792813880772,84.61812539919883,#000000,3.6097123695295337,84.61812539919883,-0.24316675893853315,46.14514594809563,-0.6043768104281853,False,False,False,True,False,0.0,0.0,0.0,0.0,0.0,0,1.0431871935021468,0.9123403433415508,False,False,False,False,-0.031672981038588885,-0.056122841207381695,False,False,False,False,19499969,17233127.89078344,False,False,False,False,497467.96477986476,False,False,False,False
2023-05-08 00:00:00+00:00,83.3265387433,84.2921294725,83.3068328101,84.2428646394,304139,,,,,,,,,,,,,,,,84.01208623446925,82.52547149106844,83.8758647945961,84.60462887894072,86.15158689279569,86.48923482251564,87.58380165514728,84.48763048627535,83.98335018813506,82.24698425335859,,,,,,,,,,,,,,,,,,,,83.2084450698261,83.01855726283287,82.88789797556541,84.46898527572633,84.50746698221693,84.86017207350146,86.39248346085482,87.07036190419817,84.74761144004135,84.24986331107448,83.15287793116048,82.50321327121527,,,83.8758647945961,84.61391890654708,#000000,3.6177342704755406,84.61391890654708,-0.3558526046961034,46.4502516739049,-0.6043768104281853,False,False,False,True,False,0.0,0.0,0.0,0.0,0.0,0,1.0583231521584753,0.8938089716595372,False,False,False,False,-0.0028784105351042882,-0.02950062587124299,False,False,False,False,19195830,17310096.600948796,False,False,False,False,489886.4367492818,False,False,False,False
2023-05-09 00:00:00+00:00,83.9571286073,84.3611002389,82.5924927298,82.7649196457,418170,,,,,,,,,,,,,,,,83.97603665841238,82.54457181368558,83.8730275287243,84.59587624701555,86.13475698115894,86.47370420391199,87.56577789821475,84.4850007013438,83.98234666258271,82.25039129562285,,,,,,,,,,,,,,,,,,,,83.21932029281486,83.03360835438707,82.89862842694266,84.46058337456043,84.49940020758594,84.84988822596745,86.3760611731402,87.05313829732931,84.74403355837273,84.24801492720687,83.15413200915113,82.5060466388883,,,83.8730275287243,84.60839537712545,#000000,3.6162130127630383,84.60839537712545,-0.18009635149446776,47.81210304312331,-0.6043768104281853,False,False,False,False,True,0.0,0.0,0.0,0.0,0.0,0,1.0230502867388962,0.89513621070641,False,False,False,False,-0.025064255070633975,-0.02728244047093848,False,False,False,False,19614000,17400445.753852766,False,False,False,False,487074.02746499627,False,False,False,False
2023-05-10 00:00:00+00:00,82.1737416483,85.7208096331,81.5924166174,84.2330116728,538458,,,,,,,,,,,,,,,,83.88644409335818,82.5579458679399,83.86232521240183,84.57937288583274,86.10935990338194,86.45064930292668,87.54003626382698,84.47975673651305,83.97929943189263,82.2532606175092,,,,,,,,,,,,,,,,,,,83.16232263293332,83.21751638389227,83.0375199728316,82.9034047299576,84.44391995847803,84.48363478163742,84.83181570638719,86.3515868504483,87.02816728553437,84.73749990728298,84.24381554481529,83.15415924383805,82.50815185757394,,,83.86232521240183,84.59431967261362,"rgba(239, 83, 80, 0.5)",3.6112881429740287,84.59431967261362,-0.6702810544273524,45.86320879484594,-0.6043768104281853,False,False,False,True,True,0.0,0.0,0.0,0.0,0.0,0,1.0114182713950772,0.8846229600325841,False,False,False,False,-0.012699505882197431,-0.019990973176567957,True,False,False,False,19075542,17466135.802721288,True,False,False,False,489089.085211467,True,False,False,False
2023-05-11 00:00:00+00:00,82.3215361476,83.3068328101,81.838740783,82.4988895469,334354,,,,,,,,,,,,,,,,83.79701950823372,82.55703179097598,83.84960299212871,84.56453623692114,86.09025365287526,86.43359605007733,87.52176784502657,84.47486793201529,83.97586863222887,82.25372036955116,,,,,,,,,,,,,,,,,,,82.90440238794993,83.20347604130323,83.02736148831791,82.89879606655809,84.42846278564294,84.46913734945097,84.81633945989822,86.33340742700796,87.01014974320411,84.73174740509165,84.23961104878255,83.15278878475037,82.50811385773252,,,83.84960299212871,84.56637179218453,"rgba(239, 83, 80, 0.5)",3.578260211466264,84.56637179218453,-0.627353940719884,44.85846226802292,-0.6674941120558202,False,False,False,True,False,0.0,0.0,0.0,0.0,0.0,0,1.005034068946946,0.9359757117672137,False,False,False,False,-0.08742058705048283,-0.05370578011352539,False,False,False,False,19409896,17542361.692810647,False,False,False,False,483021.0426541546,False,False,False,False
2023-05-12 00:00:00+00:00,82.6466840462,83.6861720251,81.6416814505,82.7452137125,296884,,,,,,,,,,,,,,,,83.73578795831659,82.55820927366733,83.83988246536448,84.55259702384633,86.07424574029768,86.41922052912308,87.50619857551273,84.47091510990231,83.97318057217377,82.25441945039836,,,,,,,,,,,,,,,,,,,82.84190774603434,83.19430108477238,83.02138835066994,82.89644303866537,84.41612054907284,84.45752472166475,84.80375431297253,86.31811207930022,86.99486489668074,84.72704755380856,84.23625367804992,83.15188552364232,82.50837827868116,,,83.83988246536448,84.5518977629948,"rgba(239, 83, 80, 0.5)",3.5425870205765895,84.5518977629948,-0.5378029405427882,44.86556908380392,-0.824905000805991,False,True,False,True,False,0.0,0.0,0.0,0.0,0.0,0,1.0040966794348993,0.9280913812734236,False,False,False,False,-0.0811112256989421,-0.06740850290623374,False,False,False,False,19706780,17627240.84211219,False,False,False,False,475721.55078536423,False,False,False,False
2023-05-15 00:00:00+00:00,82.9915378781,83.8783048743,82.3018302144,83.8783048743,428484,,,,,,,,,,,,,,,,83.6869234721529,82.56645492883199,83.8307737027935,84.53920146680956,86.054071812641,86.40084568820504,87.48573802999843,84.46648955943427,83.97049169073705,82.25641714402663,,,,,,,,,,,,,,,,,,,82.89963572902144,83.19105124228392,83.02220606936449,82.89868071624298,84.4025830964449,84.4446839753681,84.78917763394124,86.29864243981737,86.97500563311901,84.72160295687333,84.23265210208399,83.15163667950235,82.5097705081881,,,83.8307737027935,84.54384559730822,#000000,3.5073394179926365,84.54384559730822,-0.44258839371088055,45.601683946252784,-0.824905000805991,False,False,False,True,False,0.0,0.0,0.0,0.0,0.0,0,0.9984264974092043,0.9352480737747426,False,False,False,False,-0.05168785172569642,-0.05954817731596508,False,False,False,False,20135264,17725594.691441126,False,False,False,False,473869.09781338915,False,False,False,False
2023-05-16 00:00:00+00:00,82.3018302144,83.33639171,81.7697700167,82.9324200784,379238,,,,,,,,,,,,,,,,83.61396957387676,82.56505498333574,83.81689293907623,84.52291967850832,86.03298143078418,86.38191929765976,87.46540213932258,84.46097131297851,83.96660146751964,82.25688503416319,,,,,,,,,,,,,,,,,,,82.81710991066487,83.1762183401156,83.01126132264866,82.89345634721485,84.38568631407381,84.42878092123117,84.77216690827206,86.27851302894678,86.95498259937989,84.71512195912105,84.22789761021262,83.1500528713511,82.50967991965146,,,83.81689293907623,84.52439540424714,"rgba(239, 83, 80, 0.5)",3.477825031425303,84.52439540424714,-0.639067569462021,44.828929036566294,-1.204548781984407,False,True,False,True,False,0.0,0.0,0.0,0.0,0.0,0,0.984777370385327,0.9472834316840094,False,False,False,False,-0.08878566942644123,-0.07416692337120315,False,False,False,False,19756026,17805219.448639516,False,False,False,False,470158.0743697268,False,False,False,False
2023-05-17 00:00:00+00:00,83.1294794108,83.3560976432,82.2722713145,82.7944785456,299204,,,,,,,,,,,,,,,,83.58261278326935,82.56903798562459,83.80973022335633,84.5130288304984,86.01859518285762,86.3688177093251,87.45090841582467,84.4576178389048,83.96446451638273,82.25803150433906,,,,,,,,,,,,,,,,,,,82.83053793430648,83.17211864793929,83.00984686503612,82.89370192723794,84.3756438554951,84.41925352815446,84.7615092433392,86.26463882010299,86.94088242774961,84.71105416358981,84.22511970701572,83.14963101578577,82.51040254844106,,,83.80973022335633,84.51695603030052,#000000,3.4638140011376564,84.51695603030052,-0.40056325745112603,46.130151053263546,-1.204548781984407,False,False,False,True,False,0.0,0.0,0.0,0.0,0.0,1,0.9936729659063893,0.9471766223456208,False,False,False,False,-0.07072311930159385,-0.07244502133639849,False,False,False,False,20055230,17893455.156536005,False,False,False,False,463453.9930218944,False,False,False,False
2023-05-18 00:00:00+00:00,82.9521260116,83.0703616111,81.9668293492,82.5580073466,258294,,,,,,,,,,,,,,,,83.54812675992733,82.56994230108323,83.8018855175585,84.50323118182187,86.00526472696497,86.35675292984848,87.43776740806013,84.45425445143952,83.96217630871325,82.25863583823389,,,,,,,,,,,,,,,,,,,82.81347750604884,83.1652025441618,83.00530401602077,82.89182443909225,84.36557885594745,84.40973675724122,84.75114115702404,86.2518433250814,86.92801882378944,84.70705739287843,84.22226249807672,83.148864445699,82.51063476123531,,,83.8018855175585,84.50754244503898,#000000,3.3995834587543934,84.50754244503898,-0.45753147475569916,46.63790019938113,-1.204548781984407,False,False,False,True,False,0.0,0.0,0.0,0.0,0.0,1,0.9920199796064523,0.9434502258548577,False,False,False,False,-0.09117536105060695,-0.08181019119350272,False,False,False,False,19796936,17968101.464122828,False,False,False,False,455408.5030994672,False,False,False,False
2023-05-19 00:00:00+00:00,82.2525653813,83.6319807087,81.7500640834,83.5137451092,363266,,,,,,,,,,,,,,,,83.4978593538488,82.56960783607637,83.78990577014336,84.48875185216076,85.98603799744409,86.33937837600259,87.41895277509887,84.44923459831074,83.95868007984996,82.2592351656054,,,,,,,,,,,,,,,,,,,82.77980951925727,83.15357074588913,82.99697351527347,82.88789651597425,84.35065265140085,84.39563122925027,84.7359156615277,86.23341291739028,86.90955981586136,84.70113900310186,84.2179583583598,83.14752899327462,82.51070782380832,,,83.78990577014336,84.4930464286111,"rgba(239, 83, 80, 0.5)",3.3084641571923687,84.4930464286111,-0.677196711483316,45.583924015130336,-1.204548781984407,False,True,False,True,False,0.0,0.0,0.0,0.0,0.0,1,0.9853807646296824,0.9444764394051438,False,False,False,False,-0.07923673405710192,-0.08052346262530233,False,False,False,False,19433670,18025574.74003958,False,False,False,False,451795.07160537044,False,False,False,False
2023-05-22 00:00:00+00:00,83.6713925752,83.7897954892,82.5564318015,83.0004427291,381188,,,,,,,,,,,,,,,,83.48993465260016,82.58023210744571,83.78544318349896,84.47990192292889,85.97069550947664,86.32509724911712,87.40255713406432,84.44618073513178,83.95708070376483,82.26160280821921,,,,,,,,,,,,,,,,,,,82.84483282031437,83.15715283610483,83.00334986774969,82.89319499538581,84.34202592446739,84.38731242039702,84.72587414352304,86.21839189240828,86.89385138447719,84.69723837417206,84.21559861621346,83.14797267849978,82.51255903402968,,,83.78544318349896,84.49079732366206,#000000,3.211508709455461,84.49079732366206,-0.2551463572399901,47.96337574241893,-1.204548781984407,False,False,False,False,True,0.0,0.0,0.0,0.0,0.0,1,1.00361247827874,0.9289027580426391,False,False,False,False,-0.045965817219454815,-0.06324463992237857,False,False,False,False,19814858,18095742.71101842,False,False,False,False,449026.16683653236,False,False,False,False
2023-05-23 00:00:00+00:00,83.3359176521,84.6482166159,82.9116405436,83.4444536566,289930,,,,,,,,,,,,,,,,83.49513166805035,82.5911601233292,83.78429567626155,84.47496545728903,85.9604295262439,86.31538175471228,87.39106666138768,84.44448044660002,83.95644343697064,82.26388397431121,,,,,,,,,,,,,,,,,,,82.90876737819649,83.1640201364793,83.01213301459512,82.89973314693157,84.33744904860774,84.38281510866659,84.71992470249295,86.20822191603533,86.88297213717894,84.69492276424002,84.21440891946247,83.14882322106824,82.51445815406056,,,83.78429567626155,84.49193615118655,#000000,3.139264093995501,84.49193615118655,-0.3682450614134961,48.832483667847754,-4.749936383583126,False,False,False,False,True,0.0,0.0,0.0,0.0,0.0,1,1.0056688025897191,0.9386626476637726,False,False,False,False,-0.004222426035487724,-0.033733532978933146,False,False,False,False,19524928,18151789.192939267,False,False,False,False,442787.1014703938,False,False,False,False
2023-05-24 00:00:00+00:00,84.0660689553,84.130203867,82.9708420006,83.2175147381,258132,,,,,,,,,,,,,,,,83.50230303740358,82.60152933162631,83.78388629969638,84.471084880552,85.95171710230684,86.30708016936302,87.38113990598251,84.44314044148513,83.95603570899118,82.26604242672695,,,,,,,,,,,,,,,,,,,82.963638970155,83.17111918355474,83.02086024401912,82.9061647349704,84.3339395713318,84.37933276530094,84.71511779322745,86.19954992200984,86.87361473518318,84.69304427163908,84.21351761624092,83.14971927316302,82.51627999027404,,,83.78388629969638,84.49339083425198,#000000,3.042214169221566,84.49339083425198,-0.14046410120472483,50.87840570310787,-2.76414781652862,True,False,False,False,True,0.0,0.0,0.0,0.0,0.0,1,0.9823426118908313,0.9672575288246488,False,False,False,False,0.07158856321942335,0.0189275151202451,False,False,False,False,19783060,18215760.597137727,False,False,False,False,435545.7249421431,False,False,False,False
2023-05-25 00:00:00+00:00,82.862305996,84.0266013173,82.625500168,83.9476660412,300486,,,,,,,,,,,,,,,,83.49057996802937,82.60754665863477,83.77920933772216,84.46333073430687,85.9391750096205,86.29543767956743,87.3679220670093,84.44039934753937,83.95444806244943,82.26759956758544,,,,,,,,,,,,,,,,,,,82.97876767730374,83.171124287823,83.02298415890898,82.90855750764412,84.32626945557635,84.37196427167409,84.7065072321511,86.18730280758557,86.8608994126908,84.68963079102018,84.21132489750465,83.14975875646793,82.5174283046092,,,83.77920933772216,84.4886690682381,"rgba(239, 83, 80, 0.5)",2.9348693047092036,84.4886690682381,-0.5541517878252632,49.695737284425434,-2.76414781652862,False,False,False,False,True,0.0,0.0,0.0,0.0,0.0,1,0.9980715595388522,0.9495842097589784,False,False,False,False,0.0515303564140258,0.03522893576713545,False,False,False,False,19482574,18265439.554112718,False,False,False,False,430249.26514049043,False,False,False,False
2023-05-26 00:00:00+00:00,83.7897954892,83.8193962177,82.605766349,83.0892449146,228520,,,,,,,,,,,,,,,,83.48833388493041,82.61389849228377,83.777048449539,84.45855016096078,85.93051061839363,86.28729879731519,87.35848159828345,84.43870480903907,83.95360376814091,82.26908521231921,,,,,,,,,,,,,,,,,,,83.00112525828175,83.17368973318355,83.02703755443183,82.91193928494552,84.32166965015902,84.36749880044863,84.70100934539356,86.17877103849891,86.8518960693804,84.68744279385629,84.21003659411082,83.15011062818826,82.51860974597038,,,83.777048449539,84.48692733507883,#000000,2.8599632034684492,84.48692733507883,-0.2437555298031021,50.757392278850816,-2.76414781652862,True,False,False,False,True,0.0,0.0,0.0,0.0,0.0,1,0.9915290178433533,0.9605381152809487,False,False,False,False,0.04140779196006897,0.03831836386360221,False,False,False,False,19711094,18322131.885323983,False,False,False,False,422338.3135663535,False,False,False,False
2023-05-30 00:00:00+00:00,84.7863533489,84.9146231724,83.8588638557,84.0956696838,257273,,,,,,,,,,,,,,,,83.51793615931464,82.6308390680594,83.78184674159812,84.45886080600245,85.92510191308403,86.28171386981167,87.35088922543589,84.4388542221643,83.95458180465586,82.27239033452929,,,,,,,,,,,,,,,,,,,83.08581885363915,83.19011342663919,83.04466135449503,82.92417778824581,84.32277794291467,84.3682872796459,84.70015234169676,86.17306406081585,86.84507648139028,84.68712223618017,84.21059304383128,83.1522334931439,82.52160446065233,,,83.78184674159812,84.49462343098102,#000000,2.7979889840291587,84.49462343098102,0.10426414098988854,53.20473134877449,-0.6009275055684569,True,False,True,False,True,0.03770490680751948,0.0,0.0,0.0,0.0,1,1.0375174969687584,0.9461263902560998,False,False,False,False,0.14695269086683602,0.09263552736521911,False,False,False,False,19968367,18386690.125115197,False,False,False,False,415865.1640147318,False,False,False,False
2023-05-31 00:00:00+00:00,83.9673998602,85.4277024665,83.0706951247,85.141562091,552110,,,,,,,,,,,,,,,,83.5549063009148,82.65937071286352,83.78695187216633,84.45559976908113,85.91065729822647,86.26739049238309,87.33265091680572,84.4377393696253,83.95532279605378,82.2783049342522,,,,,,,,,,,,,,,,,,,83.20011866445621,83.21473673856438,83.07210183824469,82.94396226776844,84.32079239223964,84.36594882237449,84.694673327234,86.15827569134328,86.82830099525646,84.68494679414711,84.21038067530297,83.15555823650935,82.5268336730985,,,83.78695187216633,84.50274138675259,#000000,2.687835112909874,84.50274138675259,-0.19917201169867146,53.07380910922606,-0.6009275055684569,True,False,True,False,True,0.0,0.0,0.0,0.0,0.0,1,1.027881090127836,0.9281257830930244,False,False,False,False,0.13446477413649224,0.11355015075085567,False,False,False,False,19416257,18427065.29667931,False,False,False,False,421208.0987592521,False,False,False,False
2023-06-01 00:00:00+00:00,83.5431227517,84.6728838896,83.0004427291,83.9180653127,331118,,,,,,,,,,,,,,,,83.56108928312281,82.67135274677592,83.78656041347594,84.45101183210745,85.90007847120995,86.25721693991711,87.32039177039871,84.4360954041715,83.95484442208102,82.2810512376818,,,,,,,,,,,,,,,,,,,83.23256809414886,83.22263461752631,83.08183695899801,82.9515500423905,84.31668448555362,84.36184703995434,84.6889435825111,86.1476877063299,86.81678834717151,84.68263154781717,84.20929761990097,83.15671541074548,82.52915584820666,,,83.78656041347594,84.50255556627815,#000000,2.560170612357644,84.50255556627815,-0.37475346758027783,52.11854886425968,-0.6009275055684569,True,False,False,False,True,0.0,0.0,0.0,0.0,0.0,1,1.016343571531384,0.9409997895616838,False,False,False,False,0.0972430892784373,0.10539662001464649,False,False,False,False,19085139,18452872.108574238,False,False,False,False,417675.15370986966,False,False,False,False
2023-06-02 00:00:00+00:00,84.8159540774,84.9738246294,83.7305940322,83.9970005887,269317,,,,,,,,,,,,,,,,83.58626090575567,82.68777554182172,83.79129312992582,84.45130071829928,85.89458035295786,86.25150737792863,87.3126070619621,84.43623039558457,83.95583455864815,82.2844501124961,,,,,,,,,,,,,,,,,,,83.29208155780788,83.23818428388957,83.09856155885396,82.96353251875627,84.3177696788815,84.36261403050443,84.68805979746847,86.14186782441776,86.80980815513864,84.6822822604146,84.20985231899228,83.15889049794389,82.53223300317245,,,83.79129312992582,84.50860020140045,#000000,2.459159206350582,84.50860020140045,0.12498331755252846,53.804332891215154,0.044919457917607986,True,False,True,False,True,0.1381101694757163,0.0,0.0,0.0,0.0,1,1.0417882161371055,0.9170870350221468,False,False,False,False,0.1311067175172744,0.11825166876596044,False,False,False,False,19354456,18488228.33961054,False,False,False,False,411857.18689771794,False,False,False,False
2023-06-05 00:00:00+00:00,84.8060871679,85.4869039235,83.9772667697,84.1351373218,228800,,,,,,,,,,,,,,,,83.61214342568428,82.70338423122648,83.79665291733804,84.45263880370462,85.89077855916099,86.24737671820397,87.30661345040197,84.4367495072331,83.95705331556594,82.28765336815216,,,,,,,,,,,,,,,,,,,83.34798040831294,83.25364697033375,83.114932465794,82.9751936684438,84.31988827983261,84.36437796862747,84.68834178393092,86.137706760234,86.8045511868182,84.68240772094232,84.21071727353592,83.16107451564216,82.53516969243617,,,83.79665291733804,84.51515677076625,#000000,2.300900267018896,84.51515677076625,0.12644198503687692,54.90547365059496,1.1518768149096346,True,False,True,False,True,0.12349293431534036,0.0,0.0,0.0,0.0,1,1.0455806139336727,0.9204448873079508,False,False,False,False,0.16458722258075004,0.14141944567335524,False,False,False,False,19125656,18513225.50276307,False,False,False,False,404678.4736860427,False,False,False,False
2023-06-06 00:00:00+00:00,85.536238471,86.3847926882,84.9244900819,84.9244900819,483140,,,,,,,,,,,,,,,,83.7014993269916,82.74904295200604,83.81772401868635,84.4632940890282,85.88884764752451,86.24370899890008,87.29827892818922,84.44076592183104,83.9623642236794,82.29673243280524,,,,,,,,,,,,,,,,,,,83.51706633743106,83.30335441917488,83.16599192057883,83.01095406801919,84.33295541773346,84.37608785751682,84.69630679715583,86.13441291689061,86.79815487753848,84.68571424057342,84.21539206671734,83.16813727272175,82.54373180711825,,,83.81772401868635,84.54009585130832,#000000,2.164182923708585,84.54009585130832,0.46028577750011673,56.9039959781852,3.092161497867089,True,False,True,False,True,1.2074771755349616,0.0,0.0,0.0,0.0,1,1.0506738416000532,0.9049938150739698,False,False,False,False,0.22804373925509835,0.1847315924642268,False,False,False,False,19608796,18556189.05167432,False,False,False,False,407755.3962865901,False,False,False,False
2023-06-07 00:00:00+00:00,86.3157243217,86.9176058013,85.3586341,85.8618464846,401721,,,,,,,,,,,,,,,,83.79076476580319,82.7934234160051,83.8404310249875,84.47640912068987,85.89063422874406,86.2434863077294,87.29378660926166,84.44572980172856,83.9683005584949,82.30556156374398,,,,,,,,,,,,,,,,,,,83.67356746194609,83.35313254842302,83.21660542266207,83.04644235094369,84.34846392354926,84.39015532675766,84.70695630923245,86.13474092129873,86.79548016101221,84.69015656916868,84.2208621447946,83.17536865565206,82.55215735926241,,,83.8404310249875,84.56597644866164,"rgba(38, 166, 154, 0.5)",2.018622281268033,84.56597644866164,0.8668030117745575,59.462531929196736,5.5029276019748465,True,False,True,False,True,2.3531574378260807,0.0,0.0,0.0,0.0,1,1.0393745995035482,0.9249994246489346,False,False,False,False,0.2877675636109023,0.23624957803756452,False,False,False,False,20010517,18613221.520236112,False,False,False,False,407518.7532949591,False,False,False,False
2023-06-08 00:00:00+00:00,86.5327963307,87.0853432628,85.9703824891,86.5031956022,316116,,,,,,,,,,,,,,,86.52950736086665,83.86573498409888,82.83088203753339,83.86047263302365,84.48855609145869,85.8935326820251,86.24456273227973,87.29134046648456,84.45035327138689,83.97364262129756,82.31307182727063,,,,,,,,,,,,,,,,,,,83.79902662772358,83.39555148903196,83.25956844516422,83.0767033329549,84.3626476881595,84.40308009626742,84.71707509772233,86.13635399553361,86.79455169904595,84.6944003707442,84.22586528074429,83.18165768437561,82.55936191107337,,,83.86047263302365,84.71598831911248,"rgba(38, 166, 154, 0.5)",1.993537068768249,84.71598831911248,0.91134899874727,61.49896799454618,7.377031721729267,True,False,True,False,True,2.672256481607487,0.0,0.0,0.0,0.0,0,1.0318826392003,0.9279869965398383,False,False,False,False,0.34282823638486354,0.289538907211214,False,False,False,False,20326633,18680414.127285678,False,False,False,False,403934.3315971176,False,True,False,False
2023-06-09 00:00:00+00:00,84.1647380503,86.5327963307,83.2273816476,86.5327963307,491440,,,,,,,,,,,,,,,85.38064067373588,83.89740658221018,82.85867291084574,83.86941996961875,84.48995127642131,85.88476487617567,86.23523901639533,87.27822163360834,84.45101081875875,83.97580163956017,82.31949058194591,,,,,,,,,,,,,,,,,,,83.85289260749394,83.42089556038994,83.28688158962822,83.09755857750575,84.36544005664695,84.40529982395435,84.71642956017689,86.12691889458753,86.78293114310001,84.69421179827016,84.22726134407876,83.1859010425753,82.56520919751415,,,83.86941996961875,84.66610243568012,#000000,1.942688369183407,84.66610243568012,-0.2580776172510152,57.35762179933338,11.822902543058547,True,False,True,False,False,0.0,0.0,0.0,0.0,0.0,0,0.9961596945344856,0.942886295426825,False,False,False,False,0.065344909369372,0.177441908290293,False,False,False,False,19835193,18725699.573274475,False,False,False,False,407365.9264364464,False,False,False,False
2023-06-12 00:00:00+00:00,83.0399103671,84.0266013173,82.8080379938,83.7108602132,388109,,,,,,,,,,,,,,,84.70251772885518,83.87848488716587,82.86385642263247,83.86423939267283,84.48138703502062,85.87050042061381,86.22177837600618,87.26269416276584,84.44787161412606,83.97405944931847,82.3216020219584,,,,,,,,,,,,,,,,,,,83.8259131159044,83.41885027194213,83.28695281683915,83.09957863114771,84.35701796829298,84.39717509479274,84.70686451859092,86.11285432780195,86.76811150061916,84.69026375409172,84.22478655074163,83.18614291019153,82.56681635158775,,,83.86423939267283,84.62408492953116,"rgba(239, 83, 80, 0.5)",1.9206328222834221,84.62408492953116,-0.8248190617443205,52.69620043118596,7.664331039728438,True,False,False,False,False,0.0,0.0,0.0,0.0,0.0,1,0.979808466885675,0.9913450651737787,False,False,False,False,-0.17143103234749513,0.003005437971398933,False,False,False,False,19447084,18753989.15863626,False,False,False,False,406610.7528507034,False,False,False,False
2023-06-13 00:00:00+00:00,83.5036551137,83.8489969462,82.8524390865,83.4345867471,293076,,,,,,,,,,,,,,,84.44643603188582,83.86750001445881,82.86867660477692,83.86112931734615,84.47559190980036,85.86028811187364,86.21207417007943,87.25137179666385,84.44573712113272,83.97296114680232,82.32337081730645,,,,,,,,,,,,,,,,,,,83.8110567855247,83.4186479190973,83.2882690889964,83.10193615859102,84.35139380470262,84.39172152746558,84.7002819498337,86.10273692120259,86.75735575233655,84.68753081439749,84.22314600385886,83.18651502976594,82.56820906882237,,,83.86112931734615,84.60614409020121,"rgba(239, 83, 80, 0.5)",1.912250113186331,84.60614409020121,-0.5765401549194621,50.53334301174992,5.8929094055757005,False,False,False,False,False,0.0,0.0,0.0,0.0,0.0,1,0.9763630693345895,0.9851104913057138,False,False,False,False,-0.18247059684711442,-0.08973257943785774,False,False,False,False,19740160,18792662.52496425,False,False,False,False,402158.4096016562,False,False,False,False
2023-06-14 00:00:00+00:00,83.4937882042,84.1746049598,83.0201765481,83.6911263942,288383,,,,,,,,,,,,,,,84.30305307394077,83.86074672433062,82.87474478183194,83.85916885516998,84.47079666980257,85.85097477546446,86.20313417329857,87.24075906148634,84.44396819008495,83.97218826042923,82.32536491898311,,,,,,,,,,,,,,,,,,,83.80278874999712,83.42030266795022,83.29133394626541,83.10544830782472,84.3468521753887,84.38727739143604,84.69466511656927,86.09344457597172,86.74734418641148,84.68518856096112,84.22185355190189,83.18715323535089,82.56983905843673,,,83.85916885516998,84.5951922768044,"rgba(239, 83, 80, 0.5)",1.910673228195972,84.5951922768044,-0.5764481630615218,49.07341621901161,4.677596741072705,False,True,False,False,False,0.0,0.0,0.0,0.0,0.0,1,0.981888718377487,0.9831982213600069,False,False,False,False,-0.14178159069012622,-0.11575708506399199,False,False,False,False,19451777,18818510.151436243,False,False,False,False,397696.6288329638,False,False,False,False
2023-06-15 00:00:00+00:00,85.2895657335,85.299432643,83.5677900254,83.7404609417,406411,,,,,,,,,,,,,,,84.38045817205072,83.88674467675162,82.8971871617881,83.86705952709161,84.472620321183,85.84454422297243,86.19610913250993,87.23057479259654,84.44474238754093,83.9741663002199,82.3307794788176,,,,,,,,,,,,,,,,,,,83.84386908727477,83.44096855924495,83.31344208944252,83.12259056146313,84.34984793932178,84.38976460360868,84.69483281198168,86.08639401047581,86.73842474062728,84.68528729954771,84.22322097282583,83.1908052532529,82.5747908721033,,,83.86705952709161,84.60543415351495,#000000,1.917553164764989,84.60543415351495,0.35677320063712276,51.50660636222567,4.677596741072705,False,False,False,False,False,0.8674706546355146,0.0,0.0,0.0,0.0,1,0.9964591301124617,0.9615002793103996,False,False,False,False,-0.006483619371538768,-0.06112035221776538,False,False,False,False,19858188,18859281.831772078,False,False,False,False,398038.36887873,False,False,False,False
2023-06-16 00:00:00+00:00,84.2930078738,86.0591846746,83.9377991317,86.0591846746,724908,,,,,,,,,,,,,,,84.47588629528632,83.93168292733081,82.93683330647634,83.88149534246976,84.47638197798108,85.83369908091103,86.18411412815306,87.21292959359116,84.44633441889772,83.97787740004058,82.3405551953773,,,,,,,,,,,,,,,,,,,83.91196271861796,83.47746763707916,83.35241523687245,83.15310519234382,84.35570198997831,84.39469570518706,84.69566692570454,86.07439854557124,86.7230540509824,84.68569254859585,84.22585823342703,83.19746426354746,82.5837486489973,,,83.88149534246976,84.62146879277286,#000000,1.8941529254965666,84.62146879277286,-0.1734078144122165,51.177745933119425,4.677596741072705,False,False,False,False,False,0.0,0.0,0.0,0.0,0.0,1,0.9979811477304383,0.9538351984518881,False,False,False,False,0.08447623959794069,0.011677943690087657,False,False,False,False,19133280,18870026.857977092,False,False,False,False,410856.78578544647,False,False,False,False
2023-06-20 00:00:00+00:00,83.3359176521,83.9575329507,82.9116405436,83.8193962177,337295,,,,,,,,,,,,,,,84.36425724146447,83.91933553470668,82.94138357106313,83.87792635448011,84.46995036207471,85.82240131773122,86.17331764967017,87.20028909850916,84.44391112597296,83.97661942665924,82.34253569957443,,,,,,,,,,,,,,,,,,,83.89496529384877,83.47650687208582,83.35302399737753,83.15523794373132,84.3494585307327,84.38863402404087,84.68837660916817,86.06317097898312,86.71107069779654,84.68259777359131,84.22399002746734,83.19786587829515,82.58530344143973,,,83.87792635448011,84.60999025022481,"rgba(239, 83, 80, 0.5)",1.8886191521242468,84.60999025022481,-0.6746053574071772,49.29398104578884,4.677596741072705,False,True,False,False,False,0.0,0.0,0.0,0.0,0.0,1,0.977080197545536,0.9802082547209132,False,False,False,False,-0.16857576996807125,-0.0784489131389918,False,False,False,False,18795985,18867123.25570348,False,False,False,False,407972.0098722917,False,False,False,False
2023-06-21 00:00:00+00:00,83.6220580277,83.7996623987,82.1814892404,82.8524390865,278636,,,,,,,,,,,,,,,84.27229598219975,83.90577288939343,82.94346657335832,83.87379255154465,84.46370805429312,85.81238024192066,86.16382073910735,87.18936179774786,84.44153400171231,83.97522316347725,82.34385735474429,,,,,,,,,,,,,,,,,,,83.87638216886275,83.47365164522554,83.35148906120877,83.15556048243114,84.34328335591363,84.38267542355985,84.68148638331449,86.05327308112518,86.70064020450553,84.67965376638416,84.22207810992077,83.1978710746708,82.58626884397368,,,83.87379255154465,84.59931532568648,"rgba(239, 83, 80, 0.5)",1.8727621972590882,84.59931532568648,-0.5218266896975762,48.60979882012276,4.35251587522648,False,True,False,False,False,0.0,0.0,0.0,0.0,0.0,1,0.9642347624607402,0.9821903877382774,False,False,False,False,-0.24300928717722833,-0.16072910015811007,False,False,False,False,19074621,18875260.42214648,False,False,False,False,402900.00948514306,False,False,False,False
2023-06-22 00:00:00+00:00,82.842572177,83.4345867471,82.2308237879,83.4345867471,491843,,,,,,,,,,,,,,,84.09640036722169,83.87126622035412,82.94196612647973,83.86272380294645,84.44969487423708,85.7924299104907,86.14515674013106,87.16846582093594,84.4361316509621,83.97161422036055,82.34519105183887,,,,,,,,,,,,,,,,,,,83.82941986815983,83.46219334803989,83.34245847535742,83.15163943589832,84.32911095612502,84.36909705031518,84.66651722530649,86.03375249312218,86.68047398561198,84.67320942803268,84.2175200952778,83.19683803949926,82.58695804220423,,,83.86272380294645,84.5759813937503,"rgba(239, 83, 80, 0.5)",1.837824689425992,84.5759813937503,-0.943185292222676,46.79615965825173,2.4603509978408695,False,True,False,True,False,0.0,0.0,0.0,0.0,0.0,1,0.9553320706352435,0.9908136746883361,False,False,False,False,-0.2700820654504884,-0.21540558280429922,False,False,False,False,18582778,18863790.523238774,False,False,False,False,406387.9698974904,False,False,False,False
2023-06-23 00:00:00+00:00,80.4942477156,82.6403005323,80.4745138966,82.3788274305,728278,,,,,,,,,,,,,,,83.65226779958655,83.74963555752858,82.9067457386519,83.82137296346593,84.40882843311978,85.74732755689134,86.1044526828287,87.12636649688837,84.42010308796216,83.95868814947347,82.34062612694268,,,,,,,,,,,,,,,,,,,83.66487402080115,83.40364045301746,83.28836558340936,83.11686827933782,84.28618556382042,84.32846863324437,84.62541307591995,85.99073912137915,86.6384766789553,84.65534128484778,84.20291304348707,83.18844578742534,82.58132559101846,,,83.82137296346593,84.50691930275715,"rgba(255, 26, 202, 1.0)",1.8506169051019046,84.50691930275715,-2.1682886264006105,42.3896338558991,-1.7908347161894156,False,True,False,True,False,0.0,0.0,0.0,0.0,0.0,0,0.9244933392425821,1.0074475499660398,False,False,False,False,-0.34282825441539394,-0.27911691860984655,False,False,False,False,17854500,18824210.502719607,False,False,False,False,419011.108332883,False,False,False,False
2023-06-26 00:00:00+00:00,79.5371574939,80.6027837201,79.2312832994,80.5139815346,413161,,,,,,,,,,,,,,,83.34290831807957,83.64982844535916,82.87134493684175,83.78613031139972,84.37608279340874,85.7143003612434,86.07508779953068,87.09711312253734,84.40711848317935,83.94767687565344,82.33485688714484,,,,,,,,,,,,,,,,,,,83.5318922158381,83.35128308563478,83.2389012645109,83.08353159499116,84.25143437504862,84.29567037949157,84.59307786051927,85.95957611951277,86.60881825935165,84.64117165323223,84.19081646705261,83.18035095891899,82.57489651521222,,,83.78613031139972,84.45330439233817,"rgba(255, 26, 202, 1.0)",1.888691614552829,84.45330439233817,-2.602937854204499,38.43800911513661,-5.466935984662058,False,True,False,True,False,0.0,0.0,0.0,0.0,0.0,0,0.9116571826146308,1.0353073478900412,False,False,False,False,-0.34282825441539394,-0.3109725865126203,False,False,False,False,17441339,18769980.247710995,False,False,False,False,418781.6923198288,False,False,False,False
2023-06-27 00:00:00+00:00,79.5568913129,79.951567693,78.7478047338,79.4582222179,792675,,,,,,,,,,,,,,,82.82015108584972,83.45463502295829,82.79770286641859,83.71408071321748,84.30955308175506,85.64803845279793,86.01622056402957,87.03881515974979,84.38042042250767,83.92483899260203,82.32225490061042,,,,,,,,,,,,,,,,,,,83.27777543060002,83.24491271404777,83.13799737944024,83.0143974690079,84.18081311898082,84.22897113512741,84.52752806698645,85.89710707963415,86.54956738196324,84.61215087921545,84.16584862816062,83.16323713249278,82.56100918465788,,,83.71408071321748,84.35083433262243,"rgba(255, 26, 202, 1.0)",1.9229090559783706,84.35083433262243,-2.4930679923826533,35.851071800529155,-7.816266525634312,False,True,False,True,False,0.0,0.0,0.0,0.0,0.0,0,0.905438664140156,1.039842203399429,False,False,False,False,-0.34282825441539394,-0.32690042046400714,False,False,False,False,18234014,18748961.963487037,False,False,False,False,433444.17497395317,False,False,False,False
2023-06-28 00:00:00+00:00,78.7774054623,79.1424811139,77.9633854284,78.8859414668,393074,,,,,,,,,,,,,,,82.56036616256736,83.34668152261929,82.75405921369419,83.67280869039686,84.27199078900482,85.61158795962737,85.98396003899533,87.00726636872454,84.36519327362197,83.91162627450484,82.31435464553476,,,,,,,,,,,,,,,,,,,83.13954986118846,83.1838021987354,83.07968574986876,82.9737426220588,84.140862560413,84.19123985490111,84.49069716429693,85.86284172043045,86.51732741825036,84.59570558512502,84.15151722099264,83.15302776999393,82.55244577755826,,,83.67280869039686,84.29504429877564,"rgba(255, 26, 202, 1.0)",1.9880950118037635,84.29504429877564,-2.7753396108919284,33.28992775548117,-10.174884465065972,False,True,False,True,False,0.0,0.0,0.0,0.0,0.0,0,0.8854546271397528,1.0445377142673564,False,False,False,False,-0.34282825441539394,-0.33486433743970057,False,False,False,False,17840940,18713353.259036563,False,False,False,False,431861.03085732757,False,False,False,False
2023-06-29 00:00:00+00:00,78.7083370958,79.675294227,78.2445923492,78.3728621727,213416,,,,,,,,,,,,,,,82.44044726021778,83.2930465897272,82.73214688479135,83.65176892130572,84.25269207916921,85.59265364037097,85.96714948419395,86.99074083768585,84.35731590376244,83.90481595540433,82.31036737495764,,,,,,,,,,,,,,,,,,,83.07183299081058,83.15306724095578,83.05038404938607,82.95322675369573,84.12037778194647,84.17187102726884,84.4717309382219,85.84500649491183,86.50048017795876,84.58718450444843,84.14411553722084,83.14780702968201,82.54810513742173,,,83.65176892130572,84.26736195490248,"rgba(255, 26, 202, 1.0)",2.0187835105558274,84.26736195490248,-2.753650814976156,31.508226373782147,-11.84900059659688,False,True,False,True,False,0.0,0.0,0.0,0.0,0.0,0,0.9143178331174187,1.0361837080925573,False,False,False,False,-0.30547626790135324,-0.32017030267052693,False,False,False,False,17627524,18670771.7194665,False,False,False,False,423294.559059001,False,False,False,False
2023-06-30 00:00:00+00:00,79.3891538514,79.833164779,78.6096680008,79.3990207609,549475,,,,,,,,,,,,,,,82.19586773896198,83.17272223738273,82.68260688649141,83.60291924692832,84.20729499348185,85.5472737258381,85.92666015726877,86.9505893058918,84.33861509140587,83.88875849177701,82.30133839743554,,,,,,,,,,,,,,,,,,,82.92275867398875,83.08315483158484,82.98386297624128,82.90644516405403,84.0723424072938,84.12637600043313,84.42694351818487,85.80212300614457,86.45970897314727,84.56689517516783,84.12659816802547,83.13568095026794,82.53819252728431,,,83.60291924692832,84.20508791389585,"rgba(255, 26, 202, 1.0)",1.9818909558794808,84.20508791389585,-2.429969241349479,32.21776696873306,-11.84900059659688,False,True,False,True,False,0.0,0.0,0.0,0.0,0.0,0,0.9150826612539708,1.0203430499304398,False,False,False,False,-0.28191526248843096,-0.3010427825794789,False,False,False,False,18176999,18651408.083408993,False,False,False,False,428242.81164492253,False,False,False,False
2023-07-03 00:00:00+00:00,79.0043443808,79.1918156614,78.5603334533,78.7280709148,186295,,,,,,,,,,,,,,,82.11215325003545,83.12994228281771,82.66439723908354,83.58525169647753,84.1909853469948,85.53116445135349,85.91230947401614,86.9364393956829,84.33185906410154,83.88291833651934,82.29792792504362,,,,,,,,,,,,,,,,,,,82.87012778641008,83.0578414836915,82.95970864404322,82.88931316544266,84.0550704784672,84.11001643951916,84.41088857351775,85.78691867343736,86.44530535261924,84.55958756143437,84.12025068251066,83.13120653679593,82.53447737706713,,,83.58525169647753,84.18297655208282,"rgba(255, 26, 202, 1.0)",2.027142242587859,84.18297655208282,-2.5546466658756755,32.165888767830964,-11.84900059659688,False,True,False,True,False,0.0,0.0,0.0,0.0,0.0,0,0.90979782785969,1.0311475846017193,False,False,False,False,-0.3131026284808909,-0.3070727055301849,False,False,False,False,17990704,18625498.119353738,False,False,False,False,418754.66216865106,False,False,False,False
2023-07-05 00:00:00+00:00,80.3561109826,80.6718520866,78.8760745573,78.9352760143,758244,,,,,,,,,,,,,,,81.91021372116705,83.00560778584122,82.612325928662,83.53056020663679,84.13863451121541,85.47667425524828,85.86317428938757,86.88682786986027,84.30983036736036,83.86428325649094,82.28840555319768,,,,,,,,,,,,,,,,,,,82.72274663164599,82.9832424291298,82.88906418482124,82.83910778054448,84.00006929532718,84.0577239792791,84.3587983693116,85.73507052137602,86.39533782846557,84.53553482835147,84.09975364682782,83.11760430932382,82.52379969711706,,,83.53056020663679,84.11751492152297,"rgba(255, 0, 0, 1.0)",2.05063220910304,84.11751492152297,-1.8342655119848283,35.60037704798136,-11.84900059659688,False,True,False,True,True,0.0,0.0,0.0,0.0,0.0,0,0.8999301720371259,1.032858062283882,False,False,False,False,-0.23307935646767988,-0.2700760309989324,False,False,False,False,18748948,18630339.29114379,False,False,False,False,432067.9695345863,False,False,False,False
2023-07-06 00:00:00+00:00,77.2677683085,79.7048949555,77.0704301185,79.7048949555,303148,,,,,,,,,,,,,,,81.7688417658289,82.928354068759,82.57709796963293,83.49741577575284,84.10843094337572,85.4475658056977,85.83732141936972,86.86164510749933,84.29715042363736,83.8531715746036,82.2814331844077,,,,,,,,,,,,,,,,,,,82.62905186941717,82.93573834256208,82.84347378596087,82.80618320713269,83.96803671778463,84.02737345830144,84.32919783943481,85.70766422748076,86.36956885581856,84.52190578393251,84.0877673061439,83.10884580583907,82.51631132063699,,,83.49741577575284,84.07748923367612,"rgba(255, 26, 202, 1.0)",2.110991432091135,84.07748923367612,-3.225840153425187,33.9549890984281,-11.84900059659688,False,True,False,True,True,0.0,0.0,0.0,0.0,0.0,0,0.8594304450984005,1.0505796942268666,False,False,False,False,-0.34282825441539394,-0.30645214270716314,False,False,False,False,18445800,18623102.456196975,False,False,False,False,427012.2844547986,False,False,False,False
2023-07-07 00:00:00+00:00,77.9979196117,78.5899341818,76.8237573809,76.9717610235,321938,,,,,,,,,,,,,,,81.6217132990852,82.84548399330339,82.53857387196673,83.46131564361727,84.07558304400142,85.41603236545703,85.80931818982073,86.83442492052444,84.28329106410162,83.84099353083201,82.2736894734077,,,,,,,,,,,,,,,,,,77.80387039146669,82.52919165779448,82.88415867574969,82.79391196876156,82.77019184328216,83.93320240316612,83.99435703345037,84.29702570068469,85.67798091711614,86.34169049862435,84.50702804858639,84.07465022074473,83.09919432409266,82.5080154159629,,,83.46131564361727,83.72091727652801,"rgba(255, 26, 202, 1.0)",2.169583089809695,83.72091727652801,-2.637832905182722,34.41617944832488,-11.84900059659688,False,True,False,True,True,0.0,0.0,0.0,0.0,0.0,0,0.8540797331428679,1.0661737808047789,False,False,False,False,-0.34282825441539394,-0.32464019856127857,False,False,False,False,18767738,18628774.438306898,False,False,False,False,422891.72428010067,False,False,False,False
2023-07-10 00:00:00+00:00,80.4449131681,80.4646469871,77.6229770506,77.6229770506,492282,,,,,,,,,,,,,,,81.50837133817403,82.76501483627476,82.50166319958126,83.42338186716285,84.03950325621432,85.37901442220411,85.77592374961084,86.80092501707715,84.26776552919888,83.82770484871371,82.26640231017142,,,,,,,,,,,,,,,,,,78.8359173028623,82.4366027833697,82.83309906270851,82.74527238132862,82.73472294778979,83.89531527447467,83.95827871700257,84.26121222637562,85.642766945483,86.30786341861325,84.49016615554346,84.0601293379404,83.08923934294101,82.49996898349515,,,83.42338186716285,83.73013902155249,"rgba(255, 0, 0, 1.0)",2.160348312286497,83.73013902155249,-1.5206926747730918,39.01407945051565,-17.163759233570964,False,True,False,True,True,0.0,0.0,0.0,0.0,0.0,0,0.8857982154118398,1.025576213151803,False,False,False,False,-0.23415403687860056,-0.2793971177199396,False,False,False,False,19260020,18653529.16621643,False,False,False,False,425612.911563234,False,False,False,False
2023-07-11 00:00:00+00:00,80.8494564577,80.9283917337,80.0601036975,80.4547800776,341796,,,,,,,,,,,,,,,81.47617851088809,82.7295471087443,82.48580833841845,83.40476683327758,84.02079988857753,85.35835906405511,85.75698631036214,86.78133360927005,84.25952832507613,83.8208689420258,82.26337936058002,,,,,,,,,,,,,,,,,,79.36123904940996,82.39856600817582,82.81000638565412,82.72355874363933,82.71880960736453,83.87590454688454,83.93969044526052,84.24235483200009,85.62290397267935,86.28834869528578,84.48110135731274,84.0525302363263,83.08447813667249,82.49645757421007,,,83.40476683327758,83.73678958161682,"rgba(239, 83, 80, 1.0)",2.0953729133350216,83.73678958161682,-1.3779566899723366,42.68243989066933,-13.690356903356431,False,True,False,True,True,0.0,0.0,0.0,0.0,0.0,0,0.9111436486678163,1.0166148989752974,False,False,False,False,-0.12204532423414317,-0.20072122097704137,False,False,False,False,19601816,18690716.885188337,False,False,False,False,422325.9738548719,False,False,False,False
2023-07-12 00:00:00+00:00,82.4972303445,83.3457845616,81.4809386658,81.8065466794,369285,,,,,,,,,,,,,,,81.51225516214538,82.72450530093259,82.48540851441953,83.39792186564902,84.0115405423947,85.34476484900237,85.74389918186966,86.76653914965918,84.2551119954584,83.81770707371913,82.26373008689559,,,,,,,,,,,,,,,,,,80.10694557066161,82.3995080349827,82.80590967585486,82.72048772827095,82.71657941956704,83.86679763677833,83.93074963950706,84.23235347533202,85.60938773984165,86.27415916650398,84.47596224861732,84.04870220849506,83.08314499631538,82.49634695682506,,,83.39792186564902,83.76903934487243,"rgba(239, 83, 80, 0.5)",2.0467245565927104,83.76903934487243,-0.6213874731095598,47.38283226444234,-9.340029337243749,False,False,False,False,True,0.0,0.0,0.0,0.0,0.0,0,0.9278864344672939,0.9930670484784515,False,False,False,False,0.022151269355599395,-0.08928497581072099,False,False,False,False,19971101,18740928.026945658,False,False,False,False,420245.93566448474,False,False,False,False
2023-07-13 00:00:00+00:00,82.724169263,83.2273816476,82.4528292517,82.6353670775,393517,,,,,,,,,,,,,,,81.56164033386897,82.72591350213781,82.48840644999436,83.3934400750616,84.0040281693092,85.33219701571416,85.7315749531022,86.75218799792376,84.25135918226921,83.8152310904776,82.26485716308561,,,,,,,,,,,,,,,,,,80.65954475202182,82.40872960282444,82.80585760576139,82.72141582643245,82.7173001920622,83.85963941138341,83.92361435572725,84.22393597694224,85.59673344052368,86.26056327598494,84.47147864855005,84.04555245356161,83.08252417887726,82.49699782660437,,,83.3934400750616,83.79447803837976,"rgba(239, 83, 80, 0.5)",2.0108550476691747,83.79447803837976,-0.5322655039807019,50.805858784341396,-6.258609432609127,True,False,False,False,True,0.0,0.0,0.0,0.0,0.0,0,0.9544260624102083,0.9881797375134904,False,False,False,False,0.05412998290773837,-0.01757749645149131,False,False,False,False,20364618,18804602.143536028,False,False,False,False,419197.74210901477,False,False,False,False
2023-07-14 00:00:00+00:00,82.6748347155,83.2471154666,81.9644172314,82.625500168,326339,,,,,,,,,,,,,,,81.59449698766701,82.72446165154356,82.4895021218331,83.38870485871934,83.99698421721534,85.32116377808144,85.72083496831156,86.73984859519364,84.24789279845614,83.81283874556313,82.26548864439766,,,,,,,,,,,,,,,,,,80.94577918623793,82.41283817736569,82.80415576977354,82.7205436781262,82.71668125711643,83.85281892123558,83.9168651463972,84.21619192294234,85.58568264996607,86.24881005066975,84.46739606090698,84.04259157776013,83.08169639866938,82.49723055957224,,,83.38870485871934,83.80558263988794,"rgba(239, 83, 80, 0.5)",2.009286869618966,83.80558263988794,-0.5627608190175343,52.995987256836074,-4.291983254062899,True,False,True,False,True,0.0,0.0,0.0,0.0,0.0,0,0.9595832067259422,0.9694584531539103,False,False,False,False,0.03655990027722857,0.00949120191286863,False,False,False,False,20038279,18852981.628103245,False,False,False,False,415556.222810622,False,False,False,False
2023-07-17 00:00:00+00:00,83.0991118241,84.0167344078,81.9150826839,82.2110899689,457241,,,,,,,,,,,,,,,81.65304847864088,82.73032577264921,82.49513586288445,83.38544989271982,83.98995377352644,85.3080247342312,85.70775278122049,86.72427628739479,84.24419940357062,83.81057780561,82.26729504396519,,,,,,,,,,,,,,,,,,81.29509411637349,82.42806921603409,82.80689503939028,82.72431666894354,82.71953022357759,83.84632805897213,83.91029232109473,84.20804479214245,85.57231687511911,86.234191861249,84.46288686844241,84.03957768659113,83.08151438757322,82.49849692308159,,,83.38544989271982,83.82230665140882,#000000,2.007444654128671,83.82230665140882,-0.3602564214268305,55.07093850139219,-2.3427109142701283,True,False,True,False,True,0.0,0.0,0.0,0.0,0.0,0,0.957263388629128,0.9665709607500312,False,False,False,False,0.06357544403758718,0.036533322975227905,False,False,False,False,20495520,18917394.897589393,False,False,False,False,417190.9199553035,False,False,False,False
2023-07-18 00:00:00+00:00,82.3393597924,83.9081984032,81.9940179599,83.4049860186,398846,,,,,,,,,,,,,,,81.69114416959432,82.73062228599048,82.49749198809214,83.38069642545794,83.9822772288866,85.29538657330976,85.69534093538738,86.70984371304176,84.24031247764763,83.80797097272065,82.26830814376548,,,,,,,,,,,,,,,,,,81.48184609498801,82.43501112314794,82.80621097863745,82.72457356767096,82.71976237432278,83.83899085843511,83.90298266530287,84.19948596283014,85.55958506695157,86.22051599032996,84.45826792330897,84.0362946419128,83.08077249529609,82.49903120124601,,,83.38069642545794,83.82851742016669,"rgba(239, 83, 80, 0.5)",2.0094544875298874,83.82851742016669,-0.7410755690203401,54.903672312019026,-2.3427109142701283,True,False,True,False,True,0.0,0.0,0.0,0.0,0.0,0,0.9586220701831865,0.9633696501590299,False,False,False,False,0.062463657628288795,0.04949849030175835,False,False,False,False,20096674,18963641.136899613,False,False,False,False,416471.5113296053,False,False,False,False
2023-07-19 00:00:00+00:00,83.2865831046,84.6778173444,83.2323151024,84.5002129733,591597,,,,,,,,,,,,,,83.73223851713333,81.79137849631157,82.75607695068148,82.51437770018707,83.38453739761994,83.98000712923591,85.284027158267,85.68320889642598,86.69390198322992,84.23836325871532,83.80769659501865,82.27287784228479,,,,,,,,,,,,,,,,,,81.84236132046453,82.47555882412826,82.82168575734482,82.7410838961226,82.7322110131875,83.83794421662287,83.90140571988802,84.19546048172865,85.54745115958745,86.20612457573749,84.45538025759392,84.03515327356799,83.08290977227993,82.5029483968627,,,83.38453739761994,83.82882107257493,#000000,2.009185499516322,83.82882107257493,-0.26987949500206015,56.264842769718534,-0.8817714119624327,True,False,True,False,True,0.0,0.0,0.0,0.0,0.0,0,0.9523933872319198,0.9528157235215611,False,False,False,False,0.13837649556099874,0.09393749293137854,False,False,False,False,20688271,19031273.68055061,False,False,False,False,423339.1775519737,False,False,False,False
2023-07-20 00:00:00+00:00,82.9905758196,83.7601947607,81.6980106748,83.5924572992,323204,,,,,,,,,,,,,,83.40861864195416,81.8181566035831,82.75690109961116,82.51661641064109,83.38116537888067,83.9742633453578,85.27426850417636,85.67356177710822,86.68259313647083,84.23538881238466,83.80573809517917,82.27380293145968,,,,,,,,,,,,,,,,,,81.92073894921081,82.48127915829357,82.82163667432822,82.74175086000106,82.73277182221003,83.83250084602183,83.89595788821734,84.18899933555657,85.5375790511592,86.19544712371425,84.45182630595772,84.03265868674134,83.0824327017017,82.5034911645507,,,83.38116537888067,83.8143316456227,#000000,2.0086518034740246,83.8143316456227,-0.4101038440798917,56.536259778862195,-0.3217357080465888,True,False,True,False,True,0.0,0.0,0.0,0.0,0.0,0,0.927931594531038,0.9671417089406309,False,False,False,False,0.04580381293096198,0.06987065293117026,False,False,False,False,20365067,19083579.300921172,False,False,False,False,419412.3078440532,False,False,False,False
2023-07-21 00:00:00+00:00,83.0399103671,83.6713925752,82.2801583354,83.3753852901,536355,,,,,,,,,,,,,,83.25653902599852,81.86715259412661,82.76223952804767,82.52245826056154,83.37742087492792,83.96632525817492,85.25942263447679,85.65869943370558,86.6648423045134,84.23110580304419,83.80309606157824,82.2758408049933,,,,,,,,,,,,,,,,,,82.0475600689344,82.49526317357623,82.82423281118281,82.74545659208182,82.7356672005683,83.82517983572866,83.88853157582614,84.1798051208663,85.52243149256596,86.17881625066725,84.44661097571318,84.02915368397214,83.0821802536761,82.50490629352183,,,83.37742087492792,83.8112327506122,#000000,2.0070619514517913,83.8112327506122,-0.3843042228737732,56.8015500272436,0.31237654342007204,True,False,True,False,True,0.0,0.0,0.0,0.0,0.0,0,0.9429676098334381,0.9688637980724571,False,False,False,False,0.06431672200913988,0.06709368747015507,False,False,False,False,20901422,19154867.24990466,False,False,False,False,423998.2957717374,False,False,False,False
2023-07-24 00:00:00+00:00,83.4148529281,83.7404609417,82.507097254,83.5036551137,304596,,,,,,,,,,,,,,83.25033949728297,81.8983627500629,82.76795393593906,82.52724651686512,83.37655836751199,83.96290148030445,85.2519025339459,85.65103545091422,86.65544760229315,84.22912511182773,83.80201755988516,82.27735026143057,,,,,,,,,,,,,,,,,,82.1211375064008,82.50626301871021,82.82753626350741,82.74934137768,82.73866578785969,83.82218669555776,83.88541307062579,84.17562212628626,85.5146641035115,86.17010685486305,84.44412024211456,84.02760282084705,83.08241290699773,82.50606983542254,,,83.37655836751199,83.81484025911183,#000000,2.006734903958699,83.81484025911183,-0.19932245670455592,57.64645701665127,1.5232558270702867,True,False,True,False,True,0.02946466740456799,0.0,0.0,0.0,0.0,0,0.9559936476518324,0.98358995060643,False,False,False,False,0.07544482569133873,0.0712692565807469,False,False,False,False,21206018,19235304.534222126,False,False,False,False,419315.85280029674,False,False,False,False
2023-07-25 00:00:00+00:00,81.8657481364,83.0788846596,81.1651975617,82.2604245164,369039,,,,,,,,,,,,,,83.03953595192436,81.90211964279096,82.75707634296974,82.52320427735752,83.36767717106812,83.95224274510896,85.23759649217482,85.63732108523511,86.64023292270754,84.22392963014619,83.79806481041135,82.27688525097555,,,,,,,,,,,,,,,,,,82.11516856389794,82.49779181699964,82.81963366181914,82.74235340790807,82.733447449734,83.81153672950863,83.87501063176573,84.1643776224864,85.50050120106563,86.15541396594459,84.43820798319946,84.02298557022668,83.08029069770573,82.50514721453334,,,83.36767717106812,83.7955224832833,"rgba(239, 83, 80, 0.5)",2.009543527325052,83.7955224832833,-0.9603048257690998,54.73031478013471,1.5232558270702867,True,False,True,False,False,0.0,0.0,0.0,0.0,0.0,0,0.9330322415392879,0.9583717084755229,False,False,False,False,0.0003506674092733137,0.0358099619950101,False,False,False,False,20836979,19298115.297585964,False,False,False,False,417344.21151401056,False,False,False,False
2023-07-26 00:00:00+00:00,82.2702914259,83.0695110956,81.7128110391,81.9150826839,413479,,,,,,,,,,,,,,82.92735386790994,81.91537932617769,82.7504180918131,82.52162804000626,83.36018186260672,83.94237602403233,85.22327705295884,85.6234086776964,86.62446029380618,84.21896982924214,83.79444343079727,82.27704502482132,,,,,,,,,,,,,,,,,,82.13244985530753,82.49488148353782,82.8144440679034,82.73809964121278,82.73028766103036,83.80184036079588,83.86546243890182,84.15375878639573,85.48619646852673,86.1403219568542,84.43248047483064,84.0186521183624,83.07863603041787,82.50480825383059,,,83.36018186260672,83.78393532161522,"rgba(239, 83, 80, 0.5)",2.0116759097663417,83.78393532161522,-0.7524292995540374,53.605609100866516,1.5232558270702867,True,False,True,False,False,0.0,0.0,0.0,0.0,0.0,0,0.9415920537973265,0.9627836327835899,False,False,False,False,0.020489440001159584,0.028149700998084844,False,False,False,False,21250458,19374677.756504163,False,False,False,False,417192.6345918925,False,False,False,False
2023-07-27 00:00:00+00:00,80.5238484441,82.2998921544,80.4153124396,82.2900252449,249747,,,,,,,,,,,,,,82.76184199331229,81.90072590072164,82.73403898638924,82.51370566549107,83.35007308913173,83.9317617846876,85.21089920464009,85.61182023650447,86.61217236413671,84.21395684326636,83.79034639639532,82.27548524888175,,,,,,,,,,,,,,,,,,82.08780503015124,82.47814908067916,82.80292089028703,82.7272862792967,82.72209418133966,83.79096909058308,83.85496098132688,84.14292486359133,85.47414132897833,86.12822552419341,84.4269328385354,84.01405875984254,83.07590083873262,82.50291950421128,,,83.35007308913173,83.76317246569883,"rgba(255, 0, 0, 1.0)",2.027457342535026,83.76317246569883,-1.597727337409009,49.67251246817125,5.448559341928508,False,False,False,False,False,0.0,0.0,0.0,0.0,0.0,0,0.917915696903234,0.974663222407877,False,False,False,False,-0.056906990517418196,-0.014378644759666676,False,False,False,False,21000711,19438443.76605302,False,False,False,False,410626.13911770063,False,False,False,False
2023-07-28 00:00:00+00:00,80.1587727926,81.0566615572,79.1128803854,81.0369277382,367733,,,,,,,,,,,,,,82.4527628876944,81.85564229108506,82.69669210843959,82.49441163637164,83.32905922430497,83.91100741622449,85.1885589071834,85.59123441257412,86.59102246948368,84.20432874983601,83.78218505340155,82.27133852414741,,,,,,,,,,,,,,,,,,81.97153342225462,82.43761781465959,82.77683219189343,82.70239228487472,82.70313683696324,83.76944713438635,83.83428605734787,84.12210219096272,85.452618003029,86.10711652883667,84.41643963321278,84.00509379902954,83.06993622170916,82.49825787798581,,,83.32905922430497,83.72019567258913,"rgba(255, 0, 0, 1.0)",2.0450267363697803,83.72019567258913,-1.7415043122180236,46.479018204512776,2.3824452138746253,False,False,False,True,False,0.0,0.0,0.0,0.0,0.0,0,0.9089314141790721,0.9833007336453966,False,False,False,False,-0.15326954747307908,-0.08382409611637288,False,False,False,False,20632978,19485288.245815646,False,False,False,False,408944.055230732,False,False,False,False
2023-07-31 00:00:00+00:00,80.2179742496,80.9283917337,79.6851611365,80.4449131681,313004,,,,,,,,,,,,,,82.25644816199427,81.82253675746034,82.66773811814089,82.47936938119155,83.31230707200895,83.8942902897903,85.17031996333434,85.57436576151132,86.57359144591656,84.19650334308237,83.77558276831502,82.26809432040965,,,,,,,,,,,,,,,,,,81.89081182349146,82.40660377205165,82.75639270196986,82.68292000052247,82.68824588669075,83.75215602209283,83.81765153250868,84.10528098969907,85.43500441273754,86.08976469151715,84.40789449127442,83.99782261220466,83.06516475351343,82.49458192489278,,,83.31230707200895,83.6891846637952,"rgba(255, 0, 0, 1.0)",2.062896174276239,83.6891846637952,-1.682687891654587,44.4950269420427,0.48826090052018856,False,True,False,True,False,0.0,0.0,0.0,0.0,0.0,0,0.9099536800323399,0.9851275279036488,False,False,False,False,-0.1363077643660185,-0.11006593024119568,False,False,False,False,20945982,19542570.353822876,False,False,False,False,405181.7001236445,False,False,False,False
2023-08-01 00:00:00+00:00,79.773963322,80.3857117111,79.5568913129,80.0206360595,262468,,,,,,,,,,,,,,82.09107530087397,81.7894049174173,82.64029536671566,82.46480987524228,83.29669791541421,83.87896213235433,85.15397613706341,85.55931631674916,86.55819036530637,84.18934541850622,83.76947947990669,82.26487572034658,,,,,,,,,,,,,,,,,,81.81454726262561,82.37685470053368,82.73697821003952,82.66434551685376,82.67399619358781,83.7362514174256,83.80237048790094,84.08993024396763,85.41926915968507,86.07436855494676,84.40011389484097,83.99114035481733,83.0606445184016,82.49099376663584,,,83.29669791541421,83.6610876984772,"rgba(255, 0, 0, 1.0)",2.069882644540142,83.6610876984772,-1.8779443301921066,42.408830179927335,-1.5281989156018554,False,True,False,True,False,0.0,0.0,0.0,0.0,0.0,0,0.9124648099531816,0.9889155582740085,False,False,False,False,-0.1619722105285968,-0.13601907038489625,False,False,False,False,20683514,19587313.241908252,False,False,False,False,399585.08443252114,False,False,False,False
2023-08-02 00:00:00+00:00,78.0176534307,79.5568913129,77.5835094126,78.9846105618,366941,,,,,,,,,,,,,,81.75933217305436,81.7091110278049,82.58201463193159,82.43280661241823,83.26544264893097,83.84960935236087,85.12472998010729,85.53279128703984,86.53188717702193,84.17584286817164,83.75763622344466,82.25750212534048,,,,,,,,,,,,,,,,,,81.63980121242291,82.31157669267577,82.69594473602713,82.62471489524813,82.64351655624621,83.70550238633729,83.77295327916958,84.0609311642127,85.39139890810651,86.04770185089406,84.38561904485002,83.97837389861044,83.05131364916892,82.48305561609997,,,83.26544264893097,83.60336928084301,"rgba(255, 26, 202, 1.0)",2.129343573507126,83.60336928084301,-2.6232102323173185,38.502270195487114,-5.229199658411993,False,True,False,True,False,0.0,0.0,0.0,0.0,0.0,0,0.888850027142084,1.003190924028065,False,False,False,False,-0.27191160043939383,-0.20396533541214504,False,False,False,False,20316573,19615911.663794205,False,False,False,False,398304.9242586968,False,False,False,False
2023-08-03 00:00:00+00:00,74.8109078426,80.109438245,74.6974383833,79.4976898559,564812,,,,,,,,,,,,,,81.12704086493716,81.52794981286435,82.45722480953721,82.36247779488635,83.20018614848779,83.78997010023798,85.06800116928898,85.48189220361392,86.48262519531625,84.14859121749215,83.73327559498335,82.2408190303299,,,,,,,,,,,,,,,,,,81.26875989564246,82.16981410356645,82.60785028240043,82.53916707406808,82.57745151901067,83.64266288337475,83.71298153965647,84.00252644771192,85.33773285382459,85.99720774530869,84.35661817772562,83.9523846241543,83.0313670693844,82.46541598968984,,,83.20018614848779,83.48550703107301,"rgba(255, 26, 202, 1.0)",2.2936599005664684,83.48550703107301,-3.781990166166585,32.993786861842764,-10.310019078290118,False,True,False,True,False,0.0,0.0,0.0,0.0,0.0,0,0.8545793140359121,1.0019948830415157,False,False,False,False,-0.34282825441539394,-0.2733967949137695,False,False,False,False,19751761,19621239.088743452,False,False,False,False,404834.6135034538,False,False,False,False
2023-08-04 00:00:00+00:00,75.9554693448,76.7744228334,74.5543681955,74.8405085711,465420,,,,,,,,,,,,,,80.64009178925495,81.36611193163867,82.34518819836097,82.29819989443877,83.14118791031719,83.73635802945384,85.01760323392813,85.43677028042623,86.43924851392369,84.12400027076484,83.71116789612047,82.22527916683423,,,,,,,,,,,,,,,,,75.76142012456667,80.95729713570195,82.04269795430584,82.52806618368585,82.46155298709971,82.51720170115979,83.58612359304352,83.65902758087502,83.95013138698555,85.29013068063095,85.95261158332042,84.33051945865788,83.928872019252,83.01306382189932,82.44906139745004,,,83.14118791031719,82.95635103465591,"rgba(255, 26, 202, 1.0)",2.4157569440287165,82.95635103465591,-2.898007478426478,31.929572511637954,-11.17456546085873,False,True,False,True,False,0.0,0.0,0.0,0.0,0.0,0,0.8496483780834242,1.0502991003145523,False,False,False,False,-0.34282825441539394,-0.3081125246645817,False,False,False,False,20217181,19644609.35977312,False,False,False,False,407210.5110131223,False,False,False,False
2023-08-07 00:00:00+00:00,77.8005814216,78.3629952632,76.6658868289,77.5144410461,340312,,,,,,,,,,,,,,80.45152117200298,81.29057920849905,82.28795317285615,82.2650546031301,83.10929519322794,83.70658949999886,84.98838683073157,85.41029421736762,86.41320529910469,84.11006480135094,83.69882087195481,82.21719940481744,,,,,,,,,,,,,,,,,76.54211774734102,80.824369159752,81.97932328590446,82.48651248852987,82.42126617064726,82.48568736547747,83.55493841031858,83.62916329406278,83.9207931976176,85.26231666055776,85.92611813865389,84.31563110194979,83.91563655511052,83.00313529429187,82.44044468905827,,,83.10929519322794,82.94777425578908,"rgba(255, 26, 202, 1.0)",2.4696802165348317,82.94777425578908,-2.0841535676270784,34.752956632564576,-11.17456546085873,False,True,False,True,False,0.0,0.0,0.0,0.0,0.0,0,0.8670216342718909,1.0175896123247297,False,False,False,False,-0.2211377234613638,-0.2646251240629728,False,False,False,False,20557493,19680408.71821339,False,False,False,False,404587.0399929998,False,False,False,False
2023-08-08 00:00:00+00:00,76.5573508244,77.9979196117,76.0936060778,77.5045741366,386174,,,,,,,,,,,,,,80.21614730346762,81.19224889253742,82.21482358491797,82.22222084752653,83.06882221553876,83.6691719290709,84.95227238857345,85.37768681966683,86.38141308616711,84.09256314691893,83.68320497293077,82.20662392065326,,,,,,,,,,,,,,,,,76.65254924725063,80.65442175620358,81.89796398824693,82.43329862062862,82.36956790813672,82.44515420877251,83.51566377403785,83.59158017751527,83.88403170259586,85.22802247748554,85.89364749879833,84.29699338383544,83.89896090396154,82.99040039650592,82.42923814461155,,,83.06882221553876,82.89303542135693,"rgba(255, 26, 202, 1.0)",2.550999456609601,82.89303542135693,-2.4836087599083023,35.27993028448145,-11.17456546085873,False,True,False,True,True,0.0,0.0,0.0,0.0,0.0,0,0.8656002087001832,1.020897715467728,False,False,False,False,-0.25123187681548964,-0.2579285004392312,False,False,False,False,20171319,19699660.101812866,False,False,False,False,403864.9599932743,False,False,False,False
2023-08-09 00:00:00+00:00,76.0837391683,77.4404392248,75.9012013425,76.8040235619,228933,,,,,,,,,,,,,,80.0753732598132,81.1306773982515,82.16915235775015,82.19523324967705,83.04351079630221,83.64586156162544,84.92994004204675,85.35755144533854,86.36186092087218,84.0816430658655,83.6734280632734,82.19989553317485,,,,,,,,,,,,,,,,,76.62396198027848,80.55025490359256,81.84712371747379,82.39994357018242,82.33712870064825,82.41965927215442,83.49118014847886,83.56815459841162,83.86116040604638,85.20683718677411,85.873641728403,84.28538321784103,83.88853999327142,82.98237337979549,82.4221290083741,,,83.04351079630221,82.85441036220604,"rgba(255, 26, 202, 1.0)",2.615611152291556,82.85441036220604,-2.588561831132355,35.14114385853203,-11.17456546085873,False,True,False,True,True,0.0,0.0,0.0,0.0,0.0,0,0.8641490278682197,1.0247642976490046,False,False,False,False,-0.27562983182889533,-0.2667791661340633,False,False,False,False,19942386,19709178.76448687,False,False,False,False,397004.88313079294,False,False,False,False
2023-08-10 00:00:00+00:00,76.1232068063,76.7645559239,75.5903936932,76.2909442678,255274,,,,,,,,,,,,,,79.91767709501528,81.05936015032417,82.11629892631335,82.16379312476154,83.01416948225257,83.61890991686845,84.90425170094848,85.33441214058172,86.33945653883622,84.06899947338913,83.66208063135207,82.19199881619674,,,,,,,,,,,,,,,,,76.5532064268375,80.43152234178746,81.78827966947078,82.3612296104439,82.2994497596056,82.38999006299369,83.4628598630219,83.54106018200791,83.83474037026593,85.18248507658764,85.85068801741474,84.2719560417525,83.87646106670248,82.9730129010589,82.41380207942052,,,83.01416948225257,82.80819202281694,"rgba(255, 26, 202, 1.0)",2.6441267123981698,82.80819202281694,-2.52823935599281,35.128861672777475,-11.17456546085873,False,True,False,True,True,0.0,0.0,0.0,0.0,0.0,0,0.8474058268999972,1.0445665350805908,False,False,False,False,-0.30823256014645173,-0.2875058631402575,False,False,False,False,20197660,19728334.89136974,False,False,False,False,391446.80928252655,False,False,False,False
2023-08-11 00:00:00+00:00,75.9850700733,76.0048038923,75.0378467611,75.7186635167,224277,,,,,,,,,,,,,,79.77273140145239,80.99235243170625,82.06691754237448,82.13423721092289,82.98679291701869,83.59386617321731,84.88056553077156,85.31311220306277,86.31892269417648,84.05724743583208,83.65149869839115,82.18452332399237,,,,,,,,,,,,,,,,,76.44967078205697,80.3211634889418,81.73322156837635,82.32498995371195,82.26414637320092,82.36214982472526,83.43652314251152,83.51587031180051,83.81022480710834,85.16005726436647,85.82960921492926,84.25949498111775,83.86521704113765,82.96422815683603,82.40594039490782,,,82.98679291701869,82.76335624182161,"rgba(255, 26, 202, 1.0)",2.6960557694208998,82.76335624182161,-2.514149093428272,34.95651499509105,-11.17456546085873,False,True,False,True,True,0.0,0.0,0.0,0.0,0.0,0,0.8465288883903241,1.0583905845276618,False,False,False,False,-0.34282825441539394,-0.3151670587778257,False,False,False,False,19973383,19737944.62111995,False,False,False,False,384891.1304871334,False,False,False,False
2023-08-14 00:00:00+00:00,76.4586817294,76.5030828221,75.2647856797,75.8271995213,283364,,,,,,,,,,,,,,79.61971562789543,80.91622645763624,82.00943283942769,82.09956436419725,82.95436928605648,83.56403499877413,84.85210410519915,85.28744497956012,86.29406175813328,84.04315193423253,83.63883680455073,82.17568125142176,,,,,,,,,,,,,,,,,76.4011205401728,80.20022795319908,81.66955712729487,82.28247901047669,82.22274968270035,82.32938597207882,83.40520186996226,83.48588431941481,83.78097169821105,85.13305917682011,85.80414487642149,84.2445331129874,83.85174580018571,82.9537661181858,82.39662193125771,,,82.95436928605648,82.71558683218161,"rgba(255, 26, 202, 1.0)",2.7540582083854663,82.71558683218161,-2.271885570076477,35.93687784740466,-11.17456546085873,False,True,False,True,True,0.0,0.0,0.0,0.0,0.0,0,0.8491737408056627,1.044306734581064,False,False,False,False,-0.31861757142377156,-0.3168923151007986,False,False,False,False,20256747,19758289.81244858,False,False,False,False,380909.6743895988,False,False,False,False
2023-08-15 00:00:00+00:00,75.7482642453,76.3412056483,75.5901465378,76.0546173035,328429,,,,,,,,,,,,,,79.44914182278833,80.82767725387016,81.94216592805678,82.05866927502449,82.91618176861671,83.52891986364345,84.81866518078176,85.25728840371833,86.2648862079208,84.02650451070868,83.62386159476814,82.16515961768248,,,,,,,,,,,,,,,,,76.3347185160213,80.06257752994861,81.59519025401711,82.23249915160628,82.1740544657155,82.2907415853307,83.3683365642289,83.45058284984867,83.74654626859672,85.10134170270717,85.77424667495795,84.22687458763937,83.83582563855262,82.94135958208864,82.38554525139209,,,82.91618176861671,82.65972156337,"rgba(255, 26, 202, 1.0)",2.805877124942901,82.65972156337,-2.463207407277551,35.62324413723036,-11.17456546085873,False,True,False,True,True,0.0,0.0,0.0,0.0,0.0,0,0.8443293214781572,1.0507460388334688,False,False,False,False,-0.31321028528369926,-0.3150513001922489,False,False,False,False,19928318,19764957.58450942,False,False,False,False,378851.60872726154,False,False,False,False
2023-08-16 00:00:00+00:00,74.8588521406,76.1484996923,74.7896756436,75.9953231632,277563,,,,,,,,,,,,,,79.293336262295,80.74602874275395,81.88068107579552,82.0210505740078,82.88137409936243,83.49707453564677,84.7886259186706,85.23025508030868,86.23887244394521,84.0114068915381,83.61022709667643,82.15540804247276,,,,,,,,,,,,,,,,,76.22835517817292,79.93642186922851,81.52706367535997,82.18674434040734,82.12942768924154,82.2552740920738,83.33486987861873,83.41854757604408,83.71537984924093,85.0728905897443,85.74752349341455,84.21088969534276,83.82136162055893,82.92997796297446,82.37531148594408,,,82.88137409936243,82.60648984821663,"rgba(255, 26, 202, 1.0)",2.893044210748928,82.60648984821663,-2.678022575261984,34.30146813572914,-11.17456546085873,False,True,False,True,True,0.0,0.0,0.0,0.0,0.0,0,0.8319466430586988,1.0589975863619752,False,False,False,False,-0.34282825441539394,-0.3289397773038214,False,False,False,False,19650755,19760479.05178356,False,False,False,False,374879.5064242317,False,False,False,False
2023-08-17 00:00:00+00:00,75.0367345615,75.7680289587,74.878616854,74.9082639242,343513,,,,,,,,,,,,,,79.11420274663746,80.64756423882105,81.80571065798489,81.97480865040663,82.83851998658999,83.45782106658984,84.7515629292651,85.19687398654973,86.20673703402308,83.992713296456,83.59333813449321,82.14331140979223,,,,,,,,,,,,,,,,,76.11865918490876,79.78799531847947,81.444255902645,82.13063803520731,82.0746889627657,82.21163695958757,83.29363957006125,83.37906353659044,83.67695239930116,85.03777134837765,85.71451953480312,84.19110207548127,83.80344939734653,82.91586928771746,82.36261953381904,,,82.83851998658999,82.54318110247976,"rgba(255, 26, 202, 1.0)",2.985847372906567,82.54318110247976,-2.5140087899645827,33.88850049731064,-11.363824472871976,False,True,False,True,True,0.0,0.0,0.0,0.0,0.0,0,0.8217806119846703,1.075508499623577,False,False,False,False,-0.34282825441539394,-0.3358840158596077,False,False,False,False,19994268,19769647.245831266,False,False,False,False,373649.4473487716,False,False,False,False
2023-08-18 00:00:00+00:00,74.8193227137,75.7235583535,74.5524990823,74.5524990823,243433,,,,,,,,,,,,,,78.99059151266748,80.57744003364688,81.75204437559815,81.94147734695818,82.8076658605502,83.42957155379,84.72493450014827,85.17289035859618,86.18367283874089,83.97921888394347,83.58113134097215,82.1345223525635,,,,,,,,,,,,,,,,,76.04030468804748,79.68407055813277,81.38507045526855,82.0903090258496,82.03532524288335,82.18018114593335,83.26397054331137,83.35064528498224,83.6493036531413,85.01254092924059,85.69082133732323,84.17682664972102,83.79051182455942,82.90564822630817,82.35340621289065,,,82.8076658605502,82.4981415622405,"rgba(255, 26, 202, 1.0)",3.0799799865423787,82.4981415622405,-2.4931392028819097,33.31684218275941,-12.241782489262583,False,True,False,True,True,0.0,0.0,0.0,0.0,0.0,0,0.812069146702415,1.0826109346433461,False,False,False,False,-0.34282825441539394,-0.33935613513750085,False,False,False,False,19750835,19768909.51070063,False,False,False,False,368542.920001761,False,False,False,False
2023-08-21 00:00:00+00:00,74.5426167256,75.4320288303,73.791557615,74.6117932227,410130,,,,,,,,,,,,,,78.77693742587739,80.45404667097091,81.65769066051159,81.88248479799829,82.75330084780936,83.37991490972432,84.67836442832017,85.1309840472386,86.1434941304039,83.95545425680292,83.55958244349462,82.11884317371153,,,,,,,,,,,,,,,,,75.88309304033467,79.50315610873265,81.28100521538894,82.01918973831928,81.9658589558121,82.124557592655,83.21179944923884,83.30067522281719,83.60074504402175,84.96844563127063,85.64948235302683,84.15171577906446,83.7677027757391,82.88752222740841,82.33699994259756,,,82.75330084780936,82.41826131352362,"rgba(255, 26, 202, 1.0)",3.174590258142295,82.41826131352362,-2.480838138945302,32.54665473284027,-13.283867314854085,False,True,False,True,False,0.0,0.0,0.0,0.0,0.0,0,0.797243805464425,1.0874504293289222,False,False,False,False,-0.34282825441539394,-0.34109219477644737,False,False,False,False,19340705,19752117.17694766,False,False,False,False,370173.7858840449,False,False,False,False
2023-08-22 00:00:00+00:00,74.2461460241,74.7007344331,73.4308515948,74.5722637958,338041,,,,,,,,,,,,,,78.59802678473324,80.34837248491402,81.57679947863095,81.83152789226595,82.70651978413942,83.33727113986068,84.63855448847649,85.09518685081552,86.10926830870558,83.93499361507001,83.54098637056968,82.10517754721161,,,,,,,,,,,,,,,,74.12591068399999,75.73908833498622,79.35026546329661,81.19182935299722,81.95798855779847,81.90603830207834,82.07654185283148,83.16698515874224,83.25774954745845,83.55907576096804,84.93077238960245,85.61422422121477,84.13012043165408,83.74804408170726,82.8718116501699,82.32272482531594,,,82.70651978413942,81.75043642649052,"rgba(255, 26, 202, 1.0)",3.270493113498314,81.75043642649052,-2.294544015829921,31.609393132884446,-14.44766023548344,False,True,False,True,False,0.0,0.0,0.0,0.0,0.0,0,0.8207208729594939,1.0917029010349835,False,False,False,False,-0.34282825441539394,-0.3419602245959207,False,False,False,False,19002664,19722726.856283046,False,False,False,False,368913.6766336902,False,False,False,False
2023-08-23 00:00:00+00:00,75.6593230348,75.7186171751,74.3746166614,74.5920285092,226146,,,,,,,,,,,,,,78.51405169411981,80.29205454467191,81.53167217055008,81.80273279152073,82.67957193208044,83.31241893763207,84.61492130629655,85.07381126942559,86.08861944840461,83.92291747990487,83.53006821642204,82.09734665601873,,,,,,,,,,,,,,,,74.57682685989288,75.71371200767192,79.27374474974583,81.14270426941901,81.9233777199373,81.87223909985133,82.04923997250708,83.14095055008757,83.23276630589558,83.5347034773619,84.90832400272875,85.59305500549159,84.11734392049335,83.73646964464699,82.86268068535325,82.31450943775577,,,82.67957193208044,81.73914393334438,"rgba(255, 0, 0, 1.0)",3.3156742630359686,81.73914393334438,-1.8336604914191565,35.1291732574615,-14.44766023548344,False,True,False,True,True,0.0,0.0,0.0,0.0,0.0,0,0.8373086467774469,1.0497430121317097,False,False,False,False,-0.27771429564762456,-0.3098372601217726,False,False,False,False,19228810,19703357.56780136,False,False,False,False,363314.94421668275,False,False,False,False
2023-08-24 00:00:00+00:00,74.493204942,75.950852558,74.4141460883,75.6000288945,180303,,,,,,,,,,,,,,78.44421309013188,80.24543381467761,81.49446551879889,81.77891836420325,82.6573693377413,83.2919851106117,84.5955668241963,85.05632000789444,86.0717612784934,83.91298322752199,83.52107120582016,82.090844703857,,,,,,,,,,,,,,,,74.66786539706752,75.6834323618963,79.21038098727368,81.10216328933015,81.89481636840682,81.84433420851805,82.02668086937054,83.1195362426969,83.21221915912663,83.51467838758454,84.88995049245563,85.57575422432843,84.10684208621625,83.72694066646768,82.85513185044277,82.30769722585674,,,82.6573693377413,81.71530420281553,"rgba(255, 26, 202, 1.0)",3.3883099563381345,81.71530420281553,-2.1314753826774164,35.530407521067694,-14.44766023548344,False,True,False,True,True,0.0,0.0,0.0,0.0,0.0,0,0.8382903879103804,1.0445778989323353,False,False,False,False,-0.2688829999144234,-0.289360130018098,False,False,False,False,19048507,19677677.153377775,False,False,False,False,356138.00522779324,False,False,False,False
2023-08-25 00:00:00+00:00,74.2066165972,74.9675580645,74.0880283166,74.5327343689,191443,,,,,,,,,,,,,,78.3621452227393,80.19192869280668,81.452242445576,81.75185656419505,82.63231601652032,83.2690206876028,84.57397212184334,85.0368396839765,86.05306354711742,83.9018344010076,83.5109471037799,82.08344040705005,,,,,,,,,,,,,,,,74.6173152897209,75.632247259119,79.1369489191237,81.05602070360189,81.86244098006118,81.81268223662883,82.00109479334569,83.09544792754444,83.18911578064244,83.49220328461067,84.86947540984247,85.55652911749972,84.0950712058447,83.716233455624,82.8465938307505,82.29995571983122,,,82.63231601652032,81.67959215685002,"rgba(255, 26, 202, 1.0)",3.455456204128327,81.67959215685002,-2.162659607933059,35.36113022807282,-14.44766023548344,False,True,False,True,True,0.0,0.0,0.0,0.0,0.0,1,0.8319028382038792,1.060254686072099,False,False,False,False,-0.3118391848366901,-0.30059965742739403,False,False,False,False,18857064,19645496.245402176,False,False,False,False,349679.37757180136,False,False,False,False
2023-08-28 00:00:00+00:00,74.4141460883,75.2442640526,74.3696754831,74.5920285092,353332,,,,,,,,,,,,,,78.22841335212645,80.0999725987702,81.37840551753307,81.70415102200096,82.58790014416795,83.22816160499731,84.5353522737344,85.00193318007602,86.01946559127734,83.88187868011349,83.49284394865012,82.07026636331499,,,,,,,,,,,,,,,,74.63340606285036,75.56568758983188,79.01419593185646,80.97572438495698,81.80544365052462,81.75696107622025,81.95589697956328,83.05263660357124,83.1480251774306,83.45217226801367,84.83281382395714,85.52202971765789,84.07399284082919,83.69707748349005,82.83135723181616,82.28616928958745,,,82.58790014416795,81.62396414799204,"rgba(255, 26, 202, 1.0)",3.5279799836989634,81.62396414799204,-2.043610817806511,35.8530989512214,-17.765050044541233,False,True,False,True,True,0.0,0.0,0.0,0.0,0.0,1,0.8261054431312461,1.0698987000904627,False,False,False,False,-0.29339398563191693,-0.29699682152965545,False,False,False,False,19210396,19628433.490680523,False,False,False,False,349822.6176670249,False,False,False,False
2023-08-29 00:00:00+00:00,75.125675772,75.1553228422,73.9398917894,74.3350872345,207197,,,,,,,,,,,,,,78.15575012417287,80.04808326985962,81.33625866572685,81.67672719308013,82.56229390063689,83.20456041676854,84.51299182963052,84.98169960917959,85.99996670033318,83.87029799014472,83.48233969629476,82.0626297188842,,,,,,,,,,,,,,,,74.64820593101528,75.533317856304,78.9463255448426,80.93004200176432,81.77273603758832,81.72498149106345,81.92988279331405,83.02792464041607,83.12429466681142,83.4290370426358,84.81157281346061,85.50201981550217,84.06176035408055,83.68596172659444,82.82251896299833,82.27817605137686,,,82.56229390063689,81.59293528218863,"rgba(255, 0, 0, 1.0)",3.5795755128938835,81.59293528218863,-1.806711294926763,38.187148101369594,-15.415474596035615,False,True,False,True,True,0.0,0.0,0.0,0.0,0.0,1,0.8145155593633506,1.080939980377723,False,False,False,False,-0.30715227741426987,-0.30207454947196266,False,False,False,False,19417593,19620165.236144032,False,False,False,False,344229.45618988667,False,False,False,False
2023-08-30 00:00:00+00:00,74.5821461525,75.6296759646,74.038616533,75.2936758362,286592,,,,,,,,,,,,,,78.06036919513848,79.97807492813662,81.27892190844881,81.63920236213902,82.52719413608501,83.1721688154951,84.48226191254588,84.95387076043204,85.9731304541218,83.85434524507052,83.46786817121749,82.05210718081008,,,,,,,,,,,,,,,,74.66459089207365,75.49302059896158,78.85613633995008,80.86804574711526,81.72805394756273,81.68128692366224,81.89425683500315,82.9940249171872,83.09172918675485,83.39727454976124,84.78236806898494,85.47448972037589,84.0449111220821,83.67064884143306,82.81034062904358,82.2671621960531,,,82.52719413608501,81.55086708729068,"rgba(255, 0, 0, 1.0)",3.636753177053096,81.55086708729068,-1.9161929874046384,38.68426446010341,-14.848929596186814,False,True,False,True,True,0.0,0.0,0.0,0.0,0.0,1,0.8326201899886715,1.0536789040934933,False,False,False,False,-0.2862946874220099,-0.2941846184469863,False,False,False,False,19131001,19600982.324922696,False,False,False,False,341969.1637902833,False,False,False,False
2023-08-31 00:00:00+00:00,75.0466169183,75.4616759004,74.6019108659,74.9477933511,268684,,,,,,,,,,,,,,77.98300886182574,79.91760794784778,81.22838736767092,81.60583793545054,82.49577498395176,83.14305157440826,84.45447058951908,84.92864689352946,85.94872662593173,83.83990912733394,83.4547889940313,82.04265572747019,,,,,,,,,,,,,,,,74.7133247214832,75.47202282593528,78.78069497995799,80.81371286035717,81.68837658581926,81.64249031693768,81.86250364377518,82.96359077413092,83.06246884810035,83.36868713474905,84.75591954516426,85.44949391493837,84.02965536902946,83.6568000734203,82.79936136774141,82.25725833633913,,,82.49577498395176,81.51650361527761,"rgba(255, 0, 0, 1.0)",3.677316473639976,81.51650361527761,-1.7594043763585627,40.32547209056601,-13.198130654813738,False,False,False,True,True,0.0,0.0,0.0,0.0,0.0,1,0.8466328792365675,1.0540446126531626,False,False,False,False,-0.27204869880532584,-0.2831166586261561,False,False,False,False,19399685,19593088.312180627,False,False,False,False,339095.23579850746,False,False,False,False
2023-09-01 00:00:00+00:00,74.809440357,75.8174407423,74.0287341763,75.5506171109,267966,,,,,,,,,,,,,,77.90592951664337,79.85693171083352,81.17758263329291,81.5721369839412,82.46406996269468,83.11368003413867,84.4264725918853,84.90323449960125,85.92415977026758,83.8253115738438,83.44155104588121,82.03305153281983,,,,,,,,,,,,,,,,74.73317988202531,75.44627214528192,78.70543883161467,80.75912918436005,81.64838031000818,81.603368728456,81.83043029015622,82.932893140816,83.03295067730929,83.3398551802074,84.72927526745555,85.42432281614195,84.01423625790589,83.64279047533341,82.7882291476327,82.24720120854886,,,82.46406996269468,81.48027671934318,"rgba(255, 0, 0, 1.0)",3.7249759986889006,81.48027671934318,-1.7908400925780865,40.906517656601046,-12.560967065999911,False,False,False,True,True,0.0,0.0,0.0,0.0,0.0,1,0.8420968785818023,1.0473166485118768,False,False,False,False,-0.27987030900236876,-0.2814934838142624,False,False,False,False,19131719,19574995.397977468,False,False,False,False,336305.85400248755,False,False,False,False
2023-09-05 00:00:00+00:00,74.5920285092,74.9576757078,74.0583812464,74.5623814391,263563,,,,,,,,,,,,,,77.82542774262437,79.79457067076282,81.12567112997797,81.53760412564887,82.43171762552012,83.08377692141949,84.39809203495045,84.8774979682134,85.8993418194483,83.81044126430601,83.42804072260722,82.02317002124502,,,,,,,,,,,,,,,,74.7130651153689,75.40861073284375,78.62769167211829,80.70328038729052,81.60748984428344,81.56335224321481,81.79759866703262,82.90162644071954,83.00288931864011,83.31052418130864,84.70228413302011,85.39886565764013,83.99854300249525,83.62850699182795,82.77682792945735,82.23686816318789,,,82.43171762552012,81.44058183062991,"rgba(255, 0, 0, 1.0)",3.7659503535518293,81.44058183062991,-1.8185458326530353,40.81192871742853,-12.528148547545953,False,False,False,True,True,0.0,0.0,0.0,0.0,0.0,1,0.8637795295090028,1.051480169988117,False,False,False,False,-0.31005337859192816,-0.2957734312030953,False,False,False,False,18868156,19547276.20589992,False,False,False,False,333453.19306121353,False,False,False,False
2023-09-06 00:00:00+00:00,73.6037928374,74.8390874272,73.2183809254,74.8390874272,307265,,,,,,,,,,,,,,77.71871882361309,79.71494274018562,81.06030741741229,81.49407884331141,82.39125999158185,83.04655089328011,84.36304691125814,84.84578216013581,85.86890041706418,83.79195644478236,83.41119617521278,82.01068722939308,,,,,,,,,,,,,,,,74.62526323455295,75.3385963273903,78.52682856841635,80.63270433811734,81.55608828618051,81.51301328870863,81.75630694422243,82.86266312766284,82.96544525890037,83.27406475708302,84.66900031918438,85.36757324806304,83.97906288057067,83.61072715878966,82.76253239879459,82.22384448306605,,,82.39125999158185,81.38611177396302,"rgba(255, 26, 202, 1.0)",3.825649160752357,81.38611177396302,-2.0342479431732703,38.76316181920437,-12.528148547545953,False,True,False,True,False,0.0,0.0,0.0,0.0,0.0,1,0.869160190019572,1.027704613304705,False,False,False,False,-0.34282825441539394,-0.31930084280924464,False,False,False,False,18560891,19508594.43311953,False,False,False,False,332426.20509802864,False,False,False,False
2023-09-07 00:00:00+00:00,74.5920285092,75.1553228422,73.3715574545,73.5346163404,314368,,,,,,,,,,,,,,77.62847224823574,79.64227502342828,80.99909102702796,81.45286879518635,82.35260412357943,83.01077882861414,84.32908450173905,84.814952405836,85.83917110020295,83.77403969407708,83.39489975334165,81.99871695757935,,,,,,,,,,,,,,,,74.60051580259287,75.29517896291014,78.43833266459261,80.56708677483867,81.50748940050711,81.46542761368666,81.71708553497682,82.82528536606648,82.92948603900638,83.23896909740932,84.636683513737,85.33708059308543,83.96016579495732,83.59350898926648,82.74875199941286,82.21133586240329,,,82.35260412357943,81.33943741585281,"rgba(255, 0, 0, 1.0)",3.8669904776621666,81.33943741585281,-1.744873421755109,40.42236613987958,-12.528148547545953,False,False,False,True,False,0.0,0.0,0.0,0.0,0.0,1,0.8778678128984506,1.0156855087056778,False,False,False,False,-0.32541443324848524,-0.32235763802886497,False,False,False,False,18875259,19483757.749467786,False,False,False,False,331718.0401922236,False,False,False,False
2023-09-08 00:00:00+00:00,73.6828516911,74.5722637958,73.2974397791,74.5722637958,351399,,,,,,,,,,,,,,77.51790740987485,79.55553224489933,80.92668838045557,81.40400960957086,82.30703504719868,82.96874468235555,84.28941720063035,84.77899277597771,85.80461635644622,83.7529851412486,83.37570292761382,81.98446789559769,,,,,,,,,,,,,,,,74.52644126708756,75.2260618754462,78.33162716885128,80.48930227197658,81.45001936283805,81.40912093519513,81.67065236316985,82.78133540992118,82.887214525494,83.19777444847502,84.59897378815484,85.30158200864602,83.93798495562433,83.57325287476154,82.7324449442109,82.19647266626497,,,82.30703504719868,81.28092163881092,"rgba(255, 0, 0, 1.0)",3.9073941225612536,81.28092163881092,-1.9445363609060442,39.73155337910789,-12.528148547545953,False,False,False,True,False,0.0,0.0,0.0,0.0,0.0,1,0.8909725467094787,1.0178111664371654,False,False,False,False,-0.34282825441539394,-0.3325929462221294,False,False,False,False,18523860,19446114.70046905,False,False,False,False,332489.8425376266,False,False,False,False
2023-09-11 00:00:00+00:00,73.9892047494,74.5030872988,73.4308515948,73.7520281882,240291,,,,,,,,,,,,,,77.44837853960047,79.49894958507348,80.8788668277606,81.3714996118757,82.27660565844363,82.9406090313802,84.26278362118421,84.7548150516701,85.781344845444,83.73881810543773,83.36278996835584,81.97490041488263,,,,,,,,,,,,,,,,74.49150068563516,75.18640062563684,78.26340771611248,80.43811199978707,81.41184557384696,81.37171621056837,81.63971171765505,82.75194117334657,82.85892670580469,83.17018208903032,84.57363347705652,85.27769420020987,83.92305843407387,83.55962529039034,82.7214829600394,82.18648940517774,,,82.27660565844363,81.24337900508394,"rgba(255, 0, 0, 1.0)",3.9411640960824474,81.24337900508394,-1.8406171574775712,40.16875062267613,-12.528148547545953,False,False,False,True,False,0.0,0.0,0.0,0.0,0.0,1,0.8886703126673201,1.0253060125614706,False,False,False,False,-0.3404560884566148,-0.3365245173393721,False,False,False,False,18764151,19419371.025940854,False,False,False,False,328874.20165379817,False,False,False,False
2023-09-12 00:00:00+00:00,73.7026164046,74.2461460241,73.653204621,73.969440036,185884,,,,,,,,,,,,,,77.3948355426077,79.45512626808218,80.84175535984329,81.34618391741112,82.25291657615938,82.91870591011116,84.24206120133148,84.7360007758306,85.7632425456767,83.72776706563798,83.35271145392812,81.96741605043628,,,,,,,,,,,,,,,,74.46236684426925,75.15484106783299,78.21080134001456,80.39841400555258,81.38216029578874,81.3426228524373,81.61561490921775,82.72906096955215,82.83690452072945,83.14870303232527,84.55391635737898,85.25910973433602,83.91141831231324,83.54899234766435,82.71291824990051,82.1786827185969,,,82.25291657615938,81.2141050740406,"rgba(255, 0, 0, 1.0)",3.9658199324420336,81.2141050740406,-1.8940569156944196,39.8716577322532,-12.528148547545953,False,False,False,True,False,0.0,0.0,0.0,0.0,0.0,1,0.8860266896173369,1.0306543989966435,False,False,False,False,-0.34173294851522074,-0.3391287329272964,False,False,False,False,18578267,19386386.554335333,False,False,False,False,323266.74276541395,False,False,False,False
2023-09-13 00:00:00+00:00,73.969440036,74.10779303,73.1689691418,73.2480279955,202445,,,,,,,,,,,,,,77.33641436299666,79.40717137799842,80.80110218587413,81.31837225632256,82.22690560919955,82.8946603931415,84.21932943797677,84.71536134299176,85.74339401685423,83.71561515681495,83.34162239735299,81.95916147768943,,,,,,,,,,,,,,,,74.42784493664442,75.11913251541958,78.15339631301737,80.35494611597538,81.34958886749733,81.31069441427624,81.58914157408955,82.7039443076194,82.8127272188403,83.12512543732208,84.53228765030875,85.23872828134719,83.89862243792965,83.53729707151881,82.70348451198741,82.17007608628056,,,82.22690560919955,81.18184372994295,"rgba(255, 0, 0, 1.0)",3.997093669004382,81.18184372994295,-1.8044119781009447,40.52774149916972,-12.528148547545953,False,False,False,True,False,0.0,0.0,0.0,0.0,0.0,1,0.8832366059378866,1.026822742267598,False,False,False,False,-0.34282825441539394,-0.34097849367134514,False,False,False,False,18780712,19362634.611028064,False,False,False,False,318528.635205986,False,False,False,False
2023-09-14 00:00:00+00:00,74.5722637958,74.9477933511,74.0287341763,74.1670871703,274444,,,,,,,,,,,,,,77.27645899733872,79.35207948316183,80.7526467330252,81.28478307308453,82.19506626542673,82.86498252962238,84.19091742360068,84.68945465046326,85.71830600736257,83.70045360756548,83.32782988885731,81.94904125101712,,,,,,,,,,,,,,,,74.43328652538905,75.09906824221198,78.09105002853708,80.3036602452275,81.31028899595356,81.27218695801625,81.557021821509,82.6730175910419,82.7829140855389,83.09595175407232,84.50518176515915,85.21305119779683,83.88263497366768,83.52272658997317,82.69182079232796,82.1594973902009,,,82.19506626542673,81.14715341830885,"rgba(255, 0, 0, 1.0)",4.00177258567386,81.14715341830885,-1.6429943185793752,42.80528282487065,-10.29625164964368,False,False,False,True,True,0.0,0.0,0.0,0.0,0.0,1,0.8881127579113691,1.0343717146602407,False,False,False,False,-0.2829461102044292,-0.3119623019378872,False,False,False,False,19055156,19350576.626281865,False,False,False,False,316799.8259822218,False,False,False,False
2023-09-15 00:00:00+00:00,73.7124987613,74.9972051347,73.2183809254,74.493204942,866444,,,,,,,,,,,,,,77.06887184560107,79.16746220622615,80.5916178237507,81.17258957810216,82.08929779127315,82.7666766743195,84.09735162831414,84.60422385919794,85.63604700261735,83.65011708593309,83.28191480215712,81.91496144655567,,,,,,,,,,,,,,,,74.35889617130002,74.99228772449412,77.87978807314936,80.13292181347713,81.17949513237973,81.14393300961082,81.44986826495155,82.57052787748523,82.68412147880133,82.99941298297536,84.41598406425943,85.12873363130012,83.82962603078947,83.47429277960654,82.6527955793536,82.12394346208637,,,82.08929779127315,81.02470308154844,"rgba(255, 0, 0, 1.0)",3.999773659372507,81.02470308154844,-1.8281545264727792,42.277487725473776,-10.29625164964368,False,False,False,True,True,0.0,0.0,0.0,0.0,0.0,1,0.9069810833224953,1.030371082042624,False,False,False,False,-0.30948644305806705,-0.31072437249797713,False,False,False,False,18188712,19305013.307604145,False,False,False,False,338354.4994731151,False,False,False,False
2023-09-18 00:00:00+00:00,72.8428513701,73.9397929658,72.6748513059,73.9397929658,390665,,,,,,,,,,,,,,76.96086952158802,79.07574875679184,80.51275941138205,81.11746160103625,82.03774304667287,82.71897378637482,84.05233556996613,84.56329326693466,85.59674057658461,83.6256736852404,83.25954056690156,81.89810645142687,,,,,,,,,,,,,,,,74.27645068258023,74.91665697594298,77.77283656469362,80.04901755198259,81.11546711834157,81.08109293680283,81.39732392621718,82.52075028356118,82.63615455385067,82.95263872946728,84.37312513480606,85.08835196096526,83.80392821972801,83.45073565221027,82.63365462005105,82.10640358152607,,,82.03774304667287,80.9609525689979,"rgba(255, 26, 202, 1.0)",4.023863431399665,80.9609525689979,-2.0174892456710642,40.1938100215642,-10.29625164964368,False,False,False,True,False,0.0,0.0,0.0,0.0,0.0,1,0.902567648682447,1.0298272355770222,False,False,False,False,-0.34282825441539394,-0.32677631345668556,False,False,False,False,17798047,19245916.589658886,False,False,False,False,340405.89165064,False,False,False,False
2023-09-19 00:00:00+00:00,73.5543810538,74.2659107375,73.2480279955,73.7816752583,376435,,,,,,,,,,,,,,76.87618921738112,78.99775812116722,80.4437681382083,81.06858686678741,81.99159398050207,82.67600907287584,84.01142774743485,84.52597229621017,85.56072348200381,83.6034300986055,83.23921501170848,81.88291999903691,,,,,,,,,,,,,,,,74.24018369326807,74.8698978544032,77.68571698054032,79.9762035526438,81.05882574957282,81.02550753435155,81.35057580666752,82.476001799697,82.59298045750671,82.910433147247,84.33409629404997,85.05143685441874,83.78052556703744,83.42931631290367,82.61632408755077,82.09057697525662,,,81.99159398050207,80.90815825824669,"rgba(255, 0, 0, 1.0)",4.035871239073921,80.90815825824669,-1.822104018891866,40.9771547044289,-10.29625164964368,False,False,False,True,False,0.0,0.0,0.0,0.0,0.0,1,0.8924974803034489,1.0453457239349446,False,False,False,False,-0.31186040969138334,-0.3193183615740345,False,False,False,False,18174482,19203899.54692717,False,False,False,False,341818.79786041885,False,False,False,False
2023-09-20 00:00:00+00:00,73.1096750015,74.1127342084,72.8329690134,73.9496753225,373356,,,,,,,,,,,,,,76.78797191530549,78.91782440195054,80.37335313111468,81.01855389270987,81.94448247559632,82.63221177527954,83.9698554845761,84.48806329236953,85.5242056344582,83.58071857947125,83.21843105354826,81.86729474401113,,,,,,,,,,,,,,,,74.18888882754149,74.81461755070121,77.59590905931412,79.90182238067315,81.0009596141523,80.96869674752911,81.3027478949758,82.43037663677939,82.5489607724144,82.86743200229546,84.29444837119644,85.0139780595379,83.75664798461939,83.40743157218623,82.59855388124333,82.07430998068583,,,81.94448247559632,80.85305771430066,"rgba(255, 0, 0, 1.0)",4.028016116785122,80.85305771430066,-1.9223812637028097,40.57114203542922,-10.29625164964368,False,False,False,True,False,0.0,0.0,0.0,0.0,0.0,1,0.8559447371386638,1.0531336585416968,False,False,False,False,-0.3313570978151718,-0.3253377296946032,False,False,False,False,17801126,19148888.819596693,False,False,False,False,343055.5508855005,False,False,False,False
2023-09-21 00:00:00+00:00,72.7539101596,73.9793223927,72.3141452857,72.7341454462,352831,,,,,,,,,,,,,,76.70080502181405,78.83990153922988,80.30495890095278,80.96981788255901,81.89870810757975,82.58971378224588,83.9296317418013,84.4514001597437,85.48894846114952,83.55864591743635,83.19820368425383,81.85200042249583,,,,,,,,,,,,,,,,74.12819092389176,74.75477536434865,77.50793980563216,79.82952139750027,80.94470032717825,80.91344237883344,81.25618403845763,82.38609675133894,82.50623898846715,82.82572647892825,84.25609983612893,84.97778475282725,83.73345788569432,83.38614896332193,82.58121517154098,82.058402781677,,,81.89870810757975,80.79858190897296,"rgba(255, 26, 202, 1.0)",4.0209023618938735,80.79858190897296,-2.0007130303914837,39.57865787153091,-7.307008415671902,False,False,False,True,False,0.0,0.0,0.0,0.0,0.0,1,0.8371535054802522,1.0810506323210767,False,False,False,False,-0.34282825441539394,-0.3340829920549986,False,False,False,False,17448295,19082198.86588702,False,False,False,False,343438.90183116717,False,False,False,False
2023-09-22 00:00:00+00:00,71.9732039789,72.9317925806,71.7804980229,72.635321879,286811,,,,,,,,,,,,,,76.61834607566337,78.76969946640186,80.24438766841234,80.92675812703739,81.85857586055967,82.55262543739181,83.89480844859698,84.41972952083613,85.45863478033775,83.53943642215,83.18055340424193,81.83850253235123,,,,,,,,,,,,,,,,74.05151486763788,74.68825721132171,77.42677958101471,79.76519555960348,80.89506551267087,80.86466807060826,81.2151371436097,82.34740947025162,82.46893462279616,82.78938400529049,84.22294851388973,84.94659844186575,83.71330132847031,83.36760424586248,82.56601070375673,82.04439093213563,,,81.85857586055967,80.748341180273,"rgba(255, 26, 202, 1.0)",4.006231101055539,80.748341180273,-2.1903721927227253,37.460955835674646,-9.354880652301915,False,True,False,True,False,0.0,0.0,0.0,0.0,0.0,1,0.8182418112203096,1.0928177338613712,False,False,False,False,-0.34282825441539394,-0.3384556232351963,False,False,False,False,17161484,19006876.714283608,False,False,False,False,341218.1997985724,False,False,False,False
2023-09-25 00:00:00+00:00,71.9139098386,72.2400276103,71.4099096459,71.6372038505,397103,,,,,,,,,,,,,,76.49976557373563,78.66950983915763,80.15816598242253,80.86530275849613,81.801421603595,82.49986722958776,83.8454004938742,84.37481352307513,85.41571252009963,83.51207166929301,83.15537827280761,81.81915180972796,,,,,,,,,,,,,,,,73.93524213397495,74.58858808027557,77.3106508256866,79.67357984369477,80.82434493365541,80.79515044243385,81.15657919336071,82.29236781232564,82.41586029963128,82.73770883644438,84.17592813181841,84.90240859046017,83.68460522175293,83.34117135623282,82.54427428060316,82.0243202624426,,,81.801421603595,80.67613280638528,"rgba(255, 26, 202, 1.0)",3.9638499791041344,80.67613280638528,-2.2105334495443287,35.94267800093395,-10.786591404463302,False,True,False,True,False,0.0,0.0,0.0,0.0,0.0,1,0.8187102930922552,1.1027437617625728,False,False,False,False,-0.34282825441539394,-0.34064193882529514,False,False,False,False,16764381,18918935.70588033,False,False,False,False,343409.7605907853,False,False,False,False
2023-09-26 00:00:00+00:00,71.479086143,71.9188510169,71.162850728,71.3110860788,484083,,,,,,,,,,,,,,76.35311416844218,78.54543072084445,80.05128897128418,80.78876492010961,81.73031315817254,82.43425461577394,83.78405187659983,84.31904106205958,85.36247259365804,83.47793408725721,83.12393630287332,81.79487566735556,,,,,,,,,,,,,,,,73.78887463627628,74.46243425280254,77.1671863179603,79.56007246347909,80.73645804175715,80.70872785388924,81.08364786269789,82.22392161934323,82.34984861001884,82.67345660165633,84.11754752492737,84.84757126870969,83.64882751485915,83.30817923132332,82.51707074480807,81.9991591710516,,,81.73031315817254,80.58630032734021,"rgba(255, 26, 202, 1.0)",3.914516368563572,80.58630032734021,-2.3265234646807955,34.14106250030419,-12.468809878099478,False,True,False,True,False,0.0,0.0,0.0,0.0,0.0,0,0.8127870293433365,1.119226399503645,False,False,False,False,-0.34282825441539394,-0.3417350966203445,False,False,False,False,16280298,18815459.717414435,False,False,False,False,348926.3582146761,False,False,False,False
2023-09-27 00:00:00+00:00,70.0955562024,71.4939096781,69.9374384949,71.3407331489,480664,,,,,,,,,,,,,,76.18706942309362,78.40928479530417,79.93547827732662,80.70584024862005,81.65377580260716,82.36391145388679,83.7187642512476,84.25980124931728,85.30617803303731,83.44137887520905,83.09017779761291,81.76852253400811,,,,,,,,,,,,,,,,73.60269388550208,74.30736657133218,77.00731827247759,79.43666232725329,80.64142229850732,80.61522375502685,81.00477264384757,82.15047367816467,82.27904249558168,82.6046631917695,84.05549871381592,84.7894659902563,83.61056532108597,83.2728069963099,82.48772000678352,81.97189516482305,,,81.65377580260716,80.48642646624691,"rgba(255, 26, 202, 1.0)",3.9496367596997812,80.48642646624691,-2.6308419978946964,30.89177762199639,-15.458576626180417,False,True,False,True,False,0.0,0.0,0.0,0.0,0.0,0,0.7943078833511875,1.124064824355974,False,False,False,False,-0.34282825441539394,-0.34228167551786925,False,False,False,False,15799634,18697192.042221714,False,False,False,False,354092.5402454731,False,False,False,False
2023-09-28 00:00:00+00:00,68.7317909753,70.3228504069,68.1388495722,70.2536739099,538429,,,,,,,,,,,,,,75.96737397570638,78.23525177821192,79.78966879969065,80.60158872216337,81.55831816782403,82.27661185420055,83.6384747881785,84.18713510594183,85.23751619077993,83.39612805829834,83.04825908624763,81.73537971159696,,,,,,,,,,,,,,,,73.33138066127215,74.08670592061358,76.79928215266555,79.28062714777313,80.52216064351134,80.49781517257152,80.9058351320361,82.0592111207488,82.19111464685857,82.51942753875345,83.9793213981646,84.718407099359,83.56327227201315,83.22895734142132,82.45106774159677,81.93767869747893,,,81.55831816782403,80.35728559131225,"rgba(255, 26, 202, 1.0)",4.03590538338796,80.35728559131225,-2.8805171359723922,27.26932558541851,-18.700315784603248,False,True,False,True,False,0.0,0.0,0.0,0.0,0.0,0,0.7649280918161171,1.1625878317694307,False,False,False,False,-0.34282825441539394,-0.3425549649666316,False,False,False,False,15261205,18562447.452330668,False,False,False,False,361321.42102016043,False,False,False,False
2023-09-29 00:00:00+00:00,69.0974381739,69.7101442904,68.2277907827,69.3939088754,407576,,,,,,,,,,,,,,75.80867497453045,78.1070315485945,79.6813401745297,80.5235516021249,81.48671571374813,82.21102622986645,83.57806281613772,84.13239922288486,85.1857577508587,83.36193812685896,83.01657504677745,81.71030239279621,,,,,,,,,,,,,,,,73.14436069876773,73.9300148375896,76.64788579738979,79.16500611683593,80.43309637603014,80.41011274751844,80.8316971406823,81.99069313194123,82.12506575517457,82.45536675420625,83.92196815627027,84.6648633994593,83.52754733122184,83.1958210763345,82.42334709592666,81.91179261189275,,,81.48671571374813,80.26244665971412,"rgba(255, 26, 202, 1.0)",4.092206991408615,80.26244665971412,-2.7283586849967496,26.191842129050123,-19.535579416165994,False,True,False,True,False,0.0,0.0,0.0,0.0,0.0,0,0.7851656357309739,1.1597209456672293,False,False,False,False,-0.34282825441539394,-0.34269160969101276,False,False,False,False,15668781,18448970.336552996,False,False,False,False,363135.3260781934,False,False,False,False
2023-10-02 00:00:00+00:00,67.3779081049,68.6922615484,66.6861431346,68.6823791917,641917,,,,,,,,,,,,,,75.52342770832503,77.88160324418705,79.49284618340566,80.38778737755658,81.36288075002444,82.0980148726644,83.47470311625501,84.03893142924959,85.09777622603463,83.30309895069118,82.96191000385767,81.66659247079882,,,,,,,,,,,,,,,,72.78949973402307,73.63579830998061,76.3786482592263,78.9632418064161,80.27841148563641,80.25771906470149,80.70292197919514,81.8725267354799,82.01120303499246,82.3451214199778,83.82396843645945,84.5736531196653,83.46614224313272,83.13872804916717,82.37530058308492,81.86674784584498,,,81.36288075002444,80.09464540337109,"rgba(255, 26, 202, 1.0)",4.188805996193378,80.09464540337109,-3.0358859565297505,23.82254670518883,-21.657908077890035,False,True,False,True,False,0.0,0.0,0.0,0.0,0.0,0,0.7541589786104475,1.164566652129972,False,False,False,False,-0.34282825441539394,-0.3427599320532033,False,False,False,False,15026864,18314770.088060725,False,False,False,False,374067.94074179366,False,False,False,False
2023-10-03 00:00:00+00:00,66.4687312868,66.8936726257,65.706307466,66.8936726257,453226,,,,,,,,,,,,,,75.30427718013536,77.7098531250983,79.34988235379893,80.28459438521428,81.26908458905702,82.012599597862,83.39694333907863,83.96868900539629,85.03186157044405,83.25859085309014,82.92047959003203,81.63321379633396,,,,,,,,,,,,,,,,72.51204718938465,73.4050099871012,76.17273580050961,78.81003093592469,80.16105944123758,80.14205747834559,80.60511822088293,81.78317792469761,81.92511919678843,82.26186112042035,83.7502965328009,84.50522119105433,83.41973747268567,83.0955023697408,82.33876042352992,81.83239144850482,,,81.26908458905702,79.96648292973943,"rgba(255, 26, 202, 1.0)",4.2586768581871866,79.96648292973943,-3.169470728212305,21.562240285218103,-23.683893856293473,False,True,False,True,False,0.0,0.0,0.0,0.0,0.0,0,0.7330297382499646,1.1820663634687483,False,False,False,False,-0.34282825441539394,-0.34279409323429866,False,False,False,False,14573638,18168059.025783833,False,False,False,False,377172.17835976253,False,False,False,False
2023-10-04 00:00:00+00:00,67.9115553677,68.3167319931,66.3896724331,66.6169666376,433987,,,,,,,,,,,,,,75.13050597960238,77.56676794957633,79.22807512432885,80.19546765169781,81.18740096623995,81.93778953759056,83.32826729910505,83.90643245924998,84.9731489558276,83.21915845100075,82.88382085581125,81.60385278356732,,,,,,,,,,,,,,,,72.31483246963928,73.23218697262223,76.00616686007717,78.68038282398408,80.06000080288182,80.04244618794876,80.52038063816387,81.70506869780677,81.84976895297889,82.18881379248151,83.68509075534222,84.44441448009307,83.37860238423082,83.05723042292563,82.3065057269154,81.80213981564503,,,81.18740096623995,79.8605130200705,"rgba(255, 26, 202, 1.0)",4.2950398201931685,79.8605130200705,-2.782036524130082,24.408185612338286,-23.683893856293473,False,True,False,True,True,0.0,0.0,0.0,0.0,0.0,0,0.7635230069119555,1.159416201505329,False,False,False,False,-0.29507721163323997,-0.3189356524337693,False,False,False,False,15007625,18044120.436537407,False,False,False,False,379400.2105809483,False,False,False,False
2023-10-05 00:00:00+00:00,65.2828484806,67.8819082975,65.1148484164,67.4668493154,521230,,,,,,,,,,,,,,74.8939621548371,77.37612306236335,79.06736818321352,80.07801357124193,81.08031254885275,81.84003454419654,83.2390847902108,83.82572986815653,84.89734623954162,83.16771597361875,82.83589538373515,81.56514150771993,,,,,,,,,,,,,,,,72.03195854738094,72.98819855031822,75.78166550577562,78.5088540013331,79.92697145710521,79.91127338525297,80.40887302416122,81.60292035938096,81.75126776469429,82.09346801813021,83.6005143798465,84.3657594315442,83.3249938849606,83.00725254163721,82.26417686834942,81.76230890927727,,,81.08031254885275,79.7186176573998,"rgba(255, 26, 202, 1.0)",4.421869354898737,79.7186176573998,-3.264630412657317,23.899350317116546,-23.683893856293473,False,True,False,True,True,0.0,0.0,0.0,0.0,0.0,0,0.7436472464688475,1.1616021599424609,False,False,False,False,-0.3331008972651692,-0.32601827484946927,False,False,False,False,14486395,17904601.791967314,False,False,False,False,384962.1631071856,False,False,False,False
2023-10-06 00:00:00+00:00,66.8343784854,67.0567315116,64.3390834141,64.8183777149,406184,,,,,,,,,,,,,,74.71771213699833,77.23168294172011,78.94467755345124,79.98772541397663,80.99781780409076,81.76460949081356,83.17015780441484,83.76328719763089,84.83864402093349,83.12780317962583,82.7987007294352,81.53507632369234,,,,,,,,,,,,,,,66.07673113703332,71.8281795969476,72.80889824451512,75.61335796145512,78.37821896348733,79.82492693723641,79.81063112050808,80.32306662426593,81.52415668221,81.67527759717149,82.0198708314086,83.5351059364661,84.30487619695941,83.2834081277823,82.96847175137661,82.2313103205714,81.73137676621344,,,80.99781780409076,78.69980459879007,"rgba(255, 26, 202, 1.0)",4.478695884575542,78.69980459879007,-2.6493038195011516,27.02331167333023,-28.267402965520986,False,True,False,True,True,0.0,0.0,0.0,0.0,0.0,0,0.7532110012691312,1.1605737465989963,False,False,False,False,-0.34282825441539394,-0.3344232646324316,False,False,False,False,14892579,17786483.25110585,False,False,False,False,385794.39200494305,False,False,False,False
2023-10-09 00:00:00+00:00,65.8066133867,66.9035549824,65.0160248493,66.0833193748,577071,,,,,,,,,,,,,,74.47445398169876,77.02971500858632,78.77207733347461,79.85991084905953,80.8808621018282,81.65755057651084,83.07222581000802,83.67449029446146,84.7551307417205,83.07086249261769,82.74561274136136,81.49210043936012,,,,,,,,,,,,,,,65.9781321316205,71.55374887727551,72.56362055261889,75.37999844542443,78.19480435583156,79.68076950388506,79.66842093914575,80.20149527167074,81.4124182576861,81.56742646596042,81.91537621232374,83.44212831087098,84.21828151836161,83.22409683888576,82.91313493491434,82.18436200287766,81.68717089182617,,,80.8808621018282,78.54898126399706,"rgba(255, 26, 202, 1.0)",4.5699255724930925,78.54898126399706,-2.788309716463403,28.114561529968416,-27.2452022876995,False,True,False,True,True,0.0,0.0,0.0,0.0,0.0,0,0.7787943281678631,1.1465028987845947,False,False,False,False,-0.3296081800853401,-0.3320157223588859,False,False,False,False,14315508,17650366.574591897,False,False,False,False,393295.4354557296,False,False,False,False
2023-10-10 00:00:00+00:00,67.4767316721,67.7534376602,66.2117900122,66.2117900122,343305,,,,,,,,,,,,,,74.35602717769622,76.92594982605853,78.68122708663392,79.79162127043526,80.81782533924863,81.59949863698162,83.01865696202266,83.62573575006166,84.70903881914862,83.03959809978149,82.71649993845303,81.46866882478766,,,,,,,,,,,,,,,66.28071020282864,71.43547923557348,72.45145388624002,75.26388834175845,78.09897119905581,79.60400334339698,79.59268274003729,80.1363229305928,81.35194971245738,81.50898195709075,81.85861268391267,83.3911535889346,84.17061002463295,83.19151396337688,82.88277003888739,82.15867567339153,81.66304460496002,,,80.81782533924863,78.48953759355088,"rgba(255, 26, 202, 1.0)",4.643685763477385,78.48953759355088,-2.3715657093050218,32.043128067166506,-23.54308478562207,False,True,False,True,True,0.0,0.0,0.0,0.0,0.0,0,0.7836175401898408,1.1273310241998964,False,False,False,False,-0.2775060810073677,-0.30476090168312675,False,False,False,False,14658813,17533050.748137314,False,False,False,False,391335.0262221716,False,False,False,False
2023-10-11 00:00:00+00:00,68.0597907185,68.1092025021,67.4470846019,67.7040258766,333754,,,,,,,,,,,,,,74.25571948428143,76.83446230263657,78.59972008051295,79.72969626147916,80.76031407455723,81.54631311072635,82.96928505661991,83.58068499657283,84.66629955584789,83.01070164668904,82.68961365302428,81.44711138282881,,,,,,,,,,,,,,,66.60059426862705,71.34486071511517,72.36107606956624,75.16390795054983,78.01344533232117,79.53455875219389,79.5241616387435,80.07708496845103,81.29662712429429,81.45546010016803,81.8065430751238,83.34409916439425,84.12648148563912,83.16138902517348,82.85471625019179,82.13498945376777,81.64083334455286,,,80.76031407455723,78.43993072634672,"rgba(255, 26, 202, 1.0)",4.70854184855181,78.43993072634672,-2.204533875182463,35.668834484501204,-20.22160426487715,False,False,False,True,True,0.0,0.0,0.0,0.0,0.0,0,0.8007766070523044,1.1159921687536656,False,False,False,False,-0.22716895530940123,-0.26596492849626396,False,False,False,False,14992567,17433423.934484873,False,False,False,False,389076.9467624786,False,False,False,False
2023-10-12 00:00:00+00:00,65.9943781644,67.0913197601,64.7590835746,67.0419079765,681430,,,,,,,,,,,,,,74.00135940143045,76.61440922973695,78.40789672862397,79.58504859598789,80.62717280588284,81.42389487870503,82.85675628296492,83.47833267634505,84.5697896041806,82.94458993841403,82.62793309653198,81.39710145740715,,,,,,,,,,,,,,,66.41077001791477,71.07849525730751,72.11268393014115,74.9162508077545,77.81089751636893,79.3723232300123,79.36402796128883,79.93911125753658,81.16908664381178,81.33218492147829,81.68691450008127,83.23707223236225,84.02654555254219,83.09255608365584,82.79045005019127,82.08038203981715,81.58940056056268,,,80.62717280588284,78.27123444378675,"rgba(255, 26, 202, 1.0)",4.816725669535757,78.27123444378675,-2.5487970712207924,35.74335852827006,-20.200935243238096,False,False,False,True,True,0.0,0.0,0.0,0.0,0.0,0,0.7939807421329367,1.107185230954802,False,False,False,False,-0.32864722202736096,-0.29730607526181246,False,False,False,False,14311137,17310981.309603114,False,False,False,False,400541.77237963636,False,False,False,False
2023-10-13 00:00:00+00:00,66.42920186,66.8739079123,66.0437899479,66.3204959361,309339,,,,,,,,,,,,,,73.89782518272759,76.52197692862771,78.32614675599753,79.52275664993708,80.56955408522559,81.37073189399383,82.80766097881308,83.43357632651146,84.52747524398339,82.91562609797205,82.60091864400958,81.3752378678541,,,,,,,,,,,,,,,66.41522694524494,70.9770377172671,72.01481742266967,74.81419998809537,77.72496411828683,79.30264682630978,79.295241234896,79.87957255701981,81.11376749568835,81.27866837132261,81.6349108285441,83.19031470244668,83.98278726861058,83.06239761550049,82.76229954601108,82.05647974199809,81.56690732423978,,,80.56955408522559,78.20457985048124,"rgba(255, 26, 202, 1.0)",4.913138194963977,78.20457985048124,-2.3967121467397616,36.573739924341254,-19.312032346332188,False,False,False,True,True,0.0,0.0,0.0,0.0,0.0,0,0.8370902290758557,1.1235002544471646,False,False,False,False,-0.2958371362912402,-0.2965716057765263,False,False,False,False,14620476,17205471.297461815,False,False,False,False,396965.193070631,False,False,False,False
2023-10-16 00:00:00+00:00,67.4075551751,67.9609671513,65.8856722405,66.1327311584,459989,,,,,,,,,,,,,,73.76171444930806,76.39607780209059,78.21302745270293,79.43566458568712,80.48855431841139,81.2957111461102,82.73801307667969,83.36993165538013,84.46711763583264,82.87439990874134,82.56248901420396,81.3442243304156,,,,,,,,,,,,,,,66.51421685640578,70.85419761784907,71.89131325350691,74.67811184748541,77.60662818470568,79.20547232294288,79.1992948314983,79.79614884886148,81.03580521543908,81.20317810795,81.56144417722625,83.12388777666784,83.92046460238227,83.01946179485606,82.72224285183215,82.02251406705903,81.53498446078945,,,80.48855431841139,78.11841967634544,"rgba(255, 26, 202, 1.0)",4.9810061926165,78.11841967634544,-2.1503415348333603,38.834592090188295,-17.035450922318475,True,False,False,True,True,0.0,0.0,0.0,0.0,0.0,0,0.8365667617822071,1.0638203307570817,False,False,False,False,-0.2677778316285186,-0.2821747187025224,False,False,False,False,15080465,17122137.717169195,False,False,False,False,399436.7149109984,False,False,False,False
2023-10-17 00:00:00+00:00,67.7435553035,67.9609671513,66.2612017957,66.42920186,927072,,,,,,,,,,,,,,73.51245973309962,76.15848805307188,77.99653905801172,79.26709235783929,80.33106406868674,81.149365742173,82.60160025361715,83.24500116988261,84.34837470316025,82.79319910848457,82.48679069033034,81.28315909416722,,,,,,,,,,,,,,,66.69964558833925,70.64295836123546,71.67169851438611,74.4260269160552,77.38115392993608,79.0179894420639,79.01413022256664,79.63435390474287,80.88390915969327,81.05596283635242,81.41799878472682,82.99361608639839,83.79799470026342,82.93490302343125,82.64334558780355,81.95560456540058,81.47212118278506,,,80.33106406868674,77.95505270914393,"rgba(255, 26, 202, 1.0)",5.029337884745434,77.95505270914393,-2.0303860348330507,40.91534444955816,-14.954114746599608,True,False,False,True,True,0.0,0.0,0.0,0.0,0.0,0,0.8209523721895958,1.0958929150495291,False,False,False,False,-0.2530766139395019,-0.26762566632101215,False,False,False,False,16007537,17078427.885123346,False,False,False,False,420128.29471841024,False,False,False,False
2023-10-18 00:00:00+00:00,67.200025684,67.7929670871,66.6070842809,67.4372022452,481165,,,,,,,,,,,,,,73.38814858690733,76.03837982366967,77.88629158517425,79.18056288783438,80.25004815599902,81.07395304902843,82.53118994646874,83.18043347287342,84.28695473962682,82.75105856503735,82.44748433544615,81.25139959542037,,,,,,,,,,,,,,,66.75292041170906,70.53931234750198,71.56286770301033,74.29975250863708,77.26661127674504,78.9220059709561,78.91930615149218,79.55120817914664,80.80569487437681,80.98011273108582,81.3440477504567,82.92632683427404,83.7346756170027,82.8910339861721,82.60239126268503,81.92082976425347,81.4394337033456,,,80.25004815599902,77.86995871236734,"rgba(255, 26, 202, 1.0)",5.087520158293109,77.86995871236734,-2.097275823266155,41.53202795208625,-14.22537557470212,True,False,False,True,True,0.0,0.0,0.0,0.0,0.0,0,0.8318618866381667,1.094121714087972,False,False,False,False,-0.24440320376695324,-0.2560144350439827,False,False,False,False,15526372,17017562.948451843,False,False,False,False,422521.8910039628,False,False,False,False
2023-10-19 00:00:00+00:00,66.5379077839,67.4273198885,66.3007312226,66.9924961929,527035,,,,,,,,,,,,,,73.24809664560651,75.90402771425148,77.76317031868331,79.08373177919562,80.1594632664397,80.98966351157314,82.45258668059803,83.10835260962718,84.21844463495145,82.7038488163494,82.40341321982,81.21568062688148,,,,,,,,,,,,,,,66.75317098378467,70.41852248956762,71.43803593497097,74.1580573222487,77.13865731506796,78.81472440641717,78.81329837397175,79.4581693600621,80.71827713761641,80.8953284403918,81.26140548086552,82.85121206802769,83.66402184172716,82.8419088077416,82.55649325028175,81.88178244571301,81.40268866189669,,,80.1594632664397,77.77139759194837,"rgba(255, 26, 202, 1.0)",5.136081338727676,77.77139759194837,-2.1871713213231874,41.0266199724661,-14.22537557470212,True,False,False,True,True,0.0,0.0,0.0,0.0,0.0,0,0.8293141492655566,1.0919955614967756,False,False,False,False,-0.26242063160202445,-0.25921753332300357,False,False,False,False,14999337,16938416.832826283,False,False,False,False,426620.44429792505,False,False,False,False
2023-10-20 00:00:00+00:00,65.6781427494,67.3087316079,65.3030084883,66.4588489301,1222633,,,,,,,,,,,,,,72.91415258139982,75.58544509942585,77.47129632627487,78.85311142085678,79.94383266876132,80.78902175256813,82.26569545894186,82.93691045016273,84.05563830983145,82.59091665546595,82.29785893541231,81.12974877972475,,,,,,,,,,,,,,,66.62512591544852,70.12054344530183,71.13456908278503,73.82148706066141,76.83540158987093,78.55978468259075,78.56129909834331,79.23653218401545,80.5102398769125,80.69349837907295,81.06470407935097,82.67259466099812,83.49606181265894,82.72447084163034,82.44663831929661,81.78805789235105,81.31434868773802,,,79.94383266876132,77.52976229068716,"rgba(255, 26, 202, 1.0)",5.230775627176315,77.52976229068716,-2.2657480240047922,39.5677516368968,-14.22537557470212,True,False,False,True,True,0.0,0.0,0.0,0.0,0.0,1,0.8218271068209865,1.0832883525858505,False,False,False,False,-0.29957200091355923,-0.2793947671182814,False,False,False,False,13776704,16814428.094284076,False,False,False,False,457836.6229529084,False,False,False,False
2023-10-23 00:00:00+00:00,64.2353186685,66.0759076073,64.2155539551,65.9153193106,546433,,,,,,,,,,,,,,72.74913726182687,75.43170673649048,77.33164817508936,78.74279059609651,79.84104656266108,80.6935787064172,82.17716856092994,82.85577539165767,83.97880071358364,82.53713811060025,82.2475055745059,81.08847989918496,,,,,,,,,,,,,,,66.48218268404804,69.96275885150705,70.97875151552351,73.65700660407273,76.68997775262406,78.43798155227749,78.44086182194296,79.13060467573716,80.41123749324645,80.59746392014829,80.97120268158315,82.58804223536869,83.41669207562104,82.66859565845493,82.39428294706599,81.74320851523049,81.27196834307738,,,79.84104656266108,77.40854618896245,"rgba(255, 26, 202, 1.0)",5.3475630911068475,77.40854618896245,-2.4634075925854724,36.95325334282922,-14.22537557470212,True,False,False,True,False,0.0,0.0,0.0,0.0,0.0,1,0.8180423847715625,1.090451124227537,False,False,False,False,-0.34282825441539394,-0.31111151076683763,False,False,False,False,13230271,16673872.914116073,False,False,False,False,461310.99068024533,False,False,False,False
2023-10-24 00:00:00+00:00,63.5929654818,65.1346131299,63.0790829325,64.9863777791,667580,,,,,,,,,,,,,,72.53437681403771,75.23417314038856,77.15308912910851,78.60170729999997,79.70987810825903,80.57193294137194,82.06463459128008,82.75269444803547,83.88134937736103,82.46853320034653,82.18319729439058,81.03554636646945,,,,,,,,,,,,,,,66.2549902812352,69.75039709732941,70.77192860874078,73.44421182084622,76.50379326878789,78.28234773882797,78.28694095131712,78.99521033501159,80.2850248819163,80.47504390971538,80.85208410166801,82.48060347810343,83.31594867572362,82.5973566698645,82.32745876195413,81.68581464232989,81.21764599564614,,,79.70987810825903,77.25025314729903,"rgba(255, 26, 202, 1.0)",5.44106982992764,77.25025314729903,-2.5100371971665467,34.55721594215731,-10.081807875874198,False,False,False,True,False,0.0,0.0,0.0,0.0,0.0,1,0.8017116902006619,1.1088111510167755,False,False,False,False,-0.34282825441539394,-0.3269698825911158,False,False,False,False,12562691,16512650.09395466,False,False,False,False,469399.97143788275,False,False,False,False
2023-10-25 00:00:00+00:00,62.8913181548,63.3360242072,62.4070826756,62.9110828683,623589,,,,,,,,,,,,,,72.31947976112693,75.03898772724612,76.97753972487365,78.46299992206832,79.58120919315664,80.45276612266161,81.954704744801,82.65206152997881,83.78639116613152,82.40127427883267,82.12007596808017,80.98335586625109,,,,,,,,,,,,,,,65.99523019712395,69.53142367773229,70.56118369717224,73.23249855823431,76.32049720278384,78.12946240270898,78.13570643989773,78.86217109558238,80.1613507643129,80.35509714617096,80.73544829099451,82.37569767742303,83.21769724954245,82.52755686631016,82.26190989157514,81.62936210401786,81.1641239542168,,,79.58120919315664,77.0917757938025,"rgba(255, 26, 202, 1.0)",5.535317176110072,77.0917757938025,-2.565427993953154,32.274515172646055,-12.311319210432444,False,True,False,True,False,0.0,0.0,0.0,0.0,0.0,1,0.7873353750906792,1.12839254648532,False,False,False,False,-0.34282825441539394,-0.3348990685032549,False,False,False,False,11939102,16333295.26674075,False,False,False,False,475446.6000089462,False,False,False,False
2023-10-26 00:00:00+00:00,62.6936710205,63.2569653534,62.5059062428,62.7134357339,358966,,,,,,,,,,,,,,72.19930821078944,74.92886725303205,76.87801310447144,78.38395834239313,79.50777000213454,80.3846644673493,81.89179864070987,82.594421173046,83.73196339982455,82.36264908271754,82.08381593220645,80.9533505496122,,,,,,,,,,,,,,,65.86054148218686,69.41051915644445,70.44399789973983,73.11375450427929,76.21674735689525,78.0424863180384,78.04965465201462,78.78629863613584,80.09071057401562,80.28655729609432,80.66877071739452,82.31563470686797,83.16140288181315,82.48748001312798,82.22426217400626,81.59691662337146,81.1333562409584,,,79.50777000213454,77.00272372470162,"rgba(255, 26, 202, 1.0)",5.590860446015984,77.00272372470162,-2.559365028400624,30.5591663721657,-13.99717865929211,False,True,False,True,False,0.0,0.0,0.0,0.0,0.0,0,0.7977285307487798,1.1279118621920674,False,False,False,False,-0.34224054485512956,-0.33856980667919223,False,False,False,False,11580136,16146896.864123465,False,False,False,False,470878.7333419287,False,False,False,False
2023-10-27 00:00:00+00:00,60.6974349634,62.219317898,60.4108466186,61.3891999337,584657,,,,,,,,,,,,,,71.97544814801536,74.72896878613216,76.69952099710997,78.24296319162201,79.37741233767852,80.26417798197939,81.78111753902375,82.49320023542796,83.63672015465681,82.2945896250145,82.01983385755906,80.90010441933255,,,,,,,,,,,,,,,65.55359748709245,69.17393203183025,70.21941361527122,72.89487200093295,76.03000589717355,77.88724886135857,77.89604899413185,78.65117968480017,79.96561354003425,80.1652499348299,80.55092688675488,82.21008514984909,83.06272691049669,82.41691002429847,82.15788072850646,81.53952129108805,81.07880704913211,,,79.37741233767852,76.83804916505242,"rgba(255, 26, 202, 1.0)",5.6838113771594,76.83804916505242,-2.8397519077628197,27.707907423433866,-16.741566617241425,False,True,False,True,False,0.0,0.0,0.0,0.0,0.0,0,0.7740412631703304,1.128268086193498,False,False,False,False,-0.34282825441539394,-0.3406990305472931,False,False,False,False,10995479,15944880.477295095,False,False,False,False,475340.62615204917,False,False,False,False
2023-10-30 00:00:00+00:00,60.5887290395,61.4583764307,59.9463758528,61.4583764307,284149,,,,,,,,,,,,,,71.8655614232928,74.63078541121244,76.6117902047792,78.17350893168688,79.31319591804947,80.20481575648932,81.72660198411157,82.44333357984357,83.58981194283815,82.26097818647656,81.98822037204599,80.87375015817703,,,,,,,,,,,,,,,65.40476722231274,69.05767596803452,70.10898088958099,72.78744380409617,75.93824923827333,77.81085259244286,77.82044548741881,78.58460777396702,79.90398883045883,80.10548289757917,80.4928665458193,82.15809239080642,83.01412260739028,82.38206798418769,82.12509075135706,81.51113790901891,81.05181479021228,,,79.31319591804947,76.75715234251275,"rgba(255, 26, 202, 1.0)",5.764386402446171,76.75715234251275,-2.8048819378505807,25.725021175621713,-18.639177655229282,False,True,False,True,False,0.0,0.0,0.0,0.0,0.0,0,0.7732324318692773,1.1371425591697504,False,False,False,False,-0.34282825441539394,-0.3417636424813435,False,False,False,False,10711330,15739643.20367568,False,False,False,False,467842.91532255703,False,False,False,False
2023-10-31 00:00:00+00:00,60.816023244,61.3200234366,60.4602584021,61.0037880216,457841,,,,,,,,,,,,,,71.6960236063695,74.47767226189683,76.47418997411047,78.06401777591965,79.21175293200106,80.11089578269006,81.64018476132905,82.36419936637716,83.51529075312608,82.20754211764873,81.93795707700092,80.83185120240402,,,,,,,,,,,,,,,65.19252747135863,68.88122279100057,69.93998948934289,72.6210669427793,75.79460285313337,77.69059918735361,77.70142419798894,78.47956417387547,79.80654678408611,80.01093637315411,80.40096634406414,82.07562210608518,82.93695026927487,82.32667949460415,82.07295990317597,81.46600587663012,81.0088999813214,,,79.21175293200106,76.6317002587458,"rgba(255, 26, 202, 1.0)",5.812441183446299,76.6317002587458,-2.7210042244880666,25.057224803052282,-19.34865546684964,False,True,False,True,False,0.0,0.0,0.0,0.0,0.0,0,0.7878646179781468,1.1365279872509897,False,False,False,False,-0.3332541454798161,-0.3375088939805798,False,False,False,False,11169171,15560408.999609968,False,False,False,False,467450.6833491234,False,False,False,False
2023-11-01 00:00:00+00:00,60.9049644545,61.2113175127,59.9463758528,60.5195525425,669550,,,,,,,,,,,,,,71.4533713643934,74.25694601155732,76.27499321722883,77.90473794476625,79.06397564926762,79.97392301358737,81.51401781136735,82.24856349032811,83.40633724378864,82.12922832789084,81.86426401179381,80.77034977219836,,,,,,,,,,,,,,,64.90420972077231,68.6310127024795,69.69905901647604,72.38239239980426,75.58695024078531,77.51595412719887,77.52853717357019,78.32664193491168,79.66450788180528,79.87306277635804,80.26690006973409,81.95515885705142,82.82415446425111,82.24552334727355,81.9965464474836,81.39979175792855,80.94591725432703,,,79.06397564926762,76.45124577017216,"rgba(255, 26, 202, 1.0)",5.860466674560622,76.45124577017216,-2.6527377731121926,24.88359289654614,-19.692155706323913,False,True,False,True,False,0.0,0.0,0.0,0.0,0.0,0,0.7858088482285583,1.1282380604249573,False,False,False,False,-0.34282825441539394,-0.34016857419798685,False,False,False,False,11838721,15414460.450605655,False,False,False,False,475376.14674719697,False,False,False,False
2023-11-02 00:00:00+00:00,62.8913181548,63.2273182833,61.3496705068,61.3496705068,540253,,,,,,,,,,,,,,71.29672733065355,74.10690442838721,76.13605178264547,77.7915591077776,78.95796798211023,79.87499640333688,81.42202978238817,82.16387642874793,83.32609177135147,82.07172752909484,81.81020128760251,80.72542596127735,,,,,,,,,,,,,,,64.78563223214636,68.48332337442916,69.55069387723363,72.22527463358446,75.44327877207337,77.3924397380296,77.40623083964067,78.2175640234533,79.56216458936376,79.77355446822136,80.16987922907853,81.8670948440374,82.74131178707245,82.18591809444261,81.94046630535834,81.3512923985475,80.89987598275245,,,78.95796798211023,76.33136219336693,"rgba(255, 26, 202, 1.0)",5.823765497859477,76.33136219336693,-2.3077927920529793,29.996197406007855,-19.692155706323913,False,True,False,True,True,0.0,0.0,0.0,0.0,0.0,0,0.7900968433116876,1.1131249715081983,False,False,False,False,-0.25833109329734416,-0.2992498337476655,False,False,False,False,12378974,15295421.766268179,False,False,False,False,477920.33707083634,False,False,False,False
2023-11-03 00:00:00+00:00,64.7986130014,65.5793191822,64.1167303879,64.1661421715,562130,,,,,,,,,,,,,,71.18127326977915,73.98546125038872,76.01873298647588,77.69330452125133,78.86458091807327,79.78695280297372,81.33898064353177,82.08692562123996,83.2525598190834,82.01936782406548,81.76104901110116,80.68489014512731,,,,,,,,,,,,,,,64.78786449013815,68.39418201731046,69.45176553996326,72.10508036257866,75.32352797478367,77.28592236147621,77.30071832452838,78.12231780317003,79.4713957535832,79.68508605193199,80.08327211722191,81.78727995968646,82.66571415577417,82.13160923895309,81.8894415450423,81.30732592456894,80.85827700127453,,,78.86458091807327,76.23773123850431,"rgba(255, 0, 0, 1.0)",5.7455329129882635,76.23773123850431,-1.9909586126023602,36.99161415310358,-19.127269332616464,True,False,False,True,True,0.0,0.0,0.0,0.0,0.0,0,0.8127369656834069,1.0910974678756662,False,False,False,False,-0.13587622377744418,-0.21756302876255484,False,False,False,False,12941104,15203095.579355702,False,False,False,False,481222.6767935486,False,False,False,False
2023-11-06 00:00:00+00:00,63.8696714699,64.806024769,63.628541966,64.5317893701,523256,,,,,,,,,,,,,,71.0655098559325,73.86644833598783,75.90470877293286,77.59805760141134,78.77428928344457,79.70196278203919,81.25903205902094,82.01290280621176,83.18194423737442,81.96885572437391,81.71358865159183,80.6456136735056,,,,,,,,,,,,,,,64.75814837548899,68.29880731980806,69.34935968985565,71.98577370073765,75.20687215052169,77.18266359545065,77.19842276952899,78.03006424267815,79.38373948961672,79.59966993386799,79.99971110042671,81.71048338378249,82.59305815474313,82.07923995855805,81.84019680168453,81.26480535556902,80.8179925866344,,,78.77428928344457,76.14433136243724,"rgba(255, 26, 202, 1.0)",5.670643398218363,76.14433136243724,-2.164597388789034,40.160418392805724,-16.425632212479684,True,False,False,True,True,0.0,0.0,0.0,0.0,0.0,0,0.8113624744364012,1.0880304192227315,False,False,False,False,-0.1653395763191217,-0.19145130254083825,False,False,False,False,12417848,15093870.184086852,False,False,False,False,482871.0424094879,False,False,False,False
2023-11-07 00:00:00+00:00,63.6621419789,64.1266127446,63.3310830288,64.1266127446,278443,,,,,,,,,,,,,,71.00203247446711,73.8017647366706,75.84291751417558,77.54644876484802,78.72540995914727,79.65597590704674,81.21581817337704,81.97289773108851,83.14380593203857,81.94150101055189,81.68787335747061,80.62429207588966,,,,,,,,,,,,,,,64.7344707960279,68.24514943127947,69.29246731395733,71.92061795510762,75.14360683292878,77.12673402519827,77.14300990463099,77.98008853842784,79.3363063224128,79.55344943075285,79.95450515701067,81.66897831683802,82.55380616668123,82.05088697463846,81.81352216735738,81.24174571705184,80.79613026904968,,,78.72540995914727,76.0931324642697,"rgba(255, 26, 202, 1.0)",5.576024721724905,76.0931324642697,-2.2293643062479567,41.9450137158005,-14.9312289270636,True,False,False,True,True,0.0,0.0,0.0,0.0,0.0,0,0.8053721392389707,1.102827104302103,False,False,False,False,-0.1883499718827263,-0.1899006372117823,False,False,False,False,12139405,14978008.804318741,False,False,False,False,474854.2564326452,False,False,False,False
2023-11-08 00:00:00+00:00,61.6856706352,63.4348477743,61.4613411377,63.4348477743,530436,,,,,,,,,,,,,,70.85963390260427,73.66266737003184,75.71246258801128,77.43855670975114,78.62387604885362,79.56085865976307,81.12702000986816,81.89089839971084,83.06594187167288,81.88531212338428,81.63498419512159,80.58020393225851,,,,,,,,,,,,,,,64.62997677986334,68.11338743358195,69.15869531623314,71.77694853151739,75.0093039807916,77.00959650192044,77.02695430538627,77.87585519724637,79.23806668404912,79.45780457992531,79.86112479176681,81.5838239678536,82.47351520031636,81.99268181364563,81.75869628148955,81.19420904016916,80.75096382844657,,,78.62387604885362,75.98087558793647,"rgba(255, 26, 202, 1.0)",5.551677529499258,75.98087558793647,-2.574934310715602,40.382028774718755,-14.9312289270636,True,False,False,True,True,0.0,0.0,0.0,0.0,0.0,0,0.786471052167087,1.106339747899421,False,False,False,False,-0.24970357745853075,-0.21980210733515654,False,False,False,False,11608969,14845889.596306242,False,False,False,False,477033.93265097286,False,False,False,False
2023-11-09 00:00:00+00:00,61.8042589158,63.7133325867,60.1341406304,60.5491996126,773836,,,,,,,,,,,,,,70.65281711356468,73.46029215370882,75.52229364042292,77.28070232323057,78.47521525085642,79.42149471622291,80.99685495064463,81.77062043477903,82.95170898225975,81.80262943407558,81.55711627516109,80.51518393228183,,,,,,,,,,,,,,,64.47452763140889,67.92159337288312,68.96404496447879,71.56826554982521,74.81367480625882,76.83845923553369,76.85736817124639,77.72327974957406,79.09418022417906,79.31767443533944,79.72428293476376,81.4589570067038,82.3557370917697,81.90705740705654,81.67800108514233,81.12415861616954,80.68436961694387,,,78.47521525085642,75.81682993328124,"rgba(255, 26, 202, 1.0)",5.500162635455759,75.81682993328124,-2.5476648503358525,39.58753027407528,-14.9312289270636,True,False,False,True,True,0.0,0.0,0.0,0.0,0.0,0,0.7739615006178061,1.1061455065728336,False,False,False,False,-0.2753382135682837,-0.24757016045172012,False,False,False,False,12382805,14749298.04350992,False,False,False,False,488673.22940975823,False,False,False,False
2023-11-10 00:00:00+00:00,60.0847288469,61.6757882785,59.7487287184,61.6362588516,719058,,,,,,,,,,,,,,70.44005924507155,73.25667912474205,75.33279304329122,77.12396743696762,78.32812379179722,79.28390915698283,80.86884760023219,81.65247491271741,82.83977616086273,81.72112626180584,81.4802687109685,80.45072279149127,,,,,,,,,,,,,,,64.27606566552343,67.71526205917014,68.75878506435055,71.35554921508124,74.61818667506893,76.66850515837706,76.68893495095884,77.57195732903718,78.95204445894275,79.1792963192792,79.58928377253635,81.33625444462913,82.24019679894334,81.82270324364255,81.59841327151065,81.054882003614,80.61839540578816,,,78.32812379179722,75.64984897123784,"rgba(255, 26, 202, 1.0)",5.521763997886449,75.64984897123784,-2.8188673275959757,37.04679061692963,-14.9312289270636,True,False,False,True,False,0.0,0.0,0.0,0.0,0.0,0,0.7642160792949152,1.1262867439056552,False,False,False,False,-0.33595511878437506,-0.2917626396180476,False,False,False,False,11663747,14628296.041803649,False,False,False,False,497707.9262956501,False,False,False,False
2023-11-13 00:00:00+00:00,58.3157869943,59.5807286542,58.0390810062,59.41272859,888235,,,,,,,,,,,,,,70.14235481227736,72.97844991206217,75.0766960149335,76.9131583589943,78.1311208356403,79.10014934061607,80.69868885555208,81.49567018239415,82.69166666043537,81.61256390369815,81.37777260934521,80.36430340980301,,,,,,,,,,,,,,58.6451988849,63.94868426842167,67.41399455913499,68.46452589832853,71.0607195935092,74.35312581618886,76.439811087287,76.46226378457997,77.3687139123553,78.76205808181543,78.99441870834384,79.40913792400363,81.17331111325151,82.0870930194922,81.71041518596158,81.4923364324905,80.96226804968069,80.5300198230809,,,78.1311208356403,74.27682908810979,"rgba(255, 26, 202, 1.0)",5.586396026324484,74.27682908810979,-2.8571268521954774,33.730124665362474,-9.207868423441745,False,False,False,True,False,0.0,0.0,0.0,0.0,0.0,0,0.7489506257421255,1.1497806653159992,True,False,False,False,-0.34282825441539394,-0.31729544701672074,False,False,False,False,10775512,14477206.47153684,False,False,False,False,513022.71349974227,True,False,False,False
2023-11-14 00:00:00+00:00,63.4941419146,63.9289656102,59.9364934961,60.0649641334,871329,,,,,,,,,,,,,,69.95657295587908,72.78544974753217,74.88947465756688,76.75312726011518,77.97868656945744,78.95601077649401,80.56267005858142,81.3692030673795,82.57085841205115,81.52454908492156,81.29481097197531,80.29493909642429,,,,,,,,,,,,,,60.530905855565585,63.86799312528533,67.25745563814819,68.29771382816116,70.86921708316339,74.16251600903146,76.26785609200614,76.2917285963358,77.2132313092569,78.61374133981654,78.84960435823602,79.26726812634472,81.04236396982219,81.96290748658453,81.61932835986009,81.40641249565383,80.88753332741307,80.4589794465003,,,77.97868656945744,74.22067936783998,"rgba(255, 0, 0, 1.0)",5.5188419037908565,74.22067936783998,-1.9436210785222872,39.5154919752273,-9.207868423441745,True,False,False,True,True,0.0,0.0,0.0,0.0,0.0,0,0.7655459111538359,1.0706228453444182,False,False,False,False,-0.20121302934634047,-0.2592542381815306,False,False,False,False,11646841,14366211.747162847,False,False,False,False,527073.940421321,False,False,False,False
2023-11-15 00:00:00+00:00,64.3143775223,65.095083703,63.4052007042,63.4052007042,572140,,,,,,,,,,,,,,69.86778773039696,72.68415758442437,74.78706841745998,76.66307757334258,77.89173107196757,78.87299485374004,80.48331151729111,81.29496595213841,82.4994129266235,81.47266295118091,81.24594959459105,80.25429614902033,,,,,,,,,,,,,,61.44876438988701,63.881801824899554,67.19684342916597,68.22566511343352,70.77422047643621,74.05956852211061,76.17178826599381,76.1964098798722,77.12524973058828,78.5286047068626,78.7662795648712,79.18533190061689,80.9656858250195,81.88973533729398,81.56561538163413,81.35578545765671,80.84359595830797,80.41731535594542,,,77.89173107196757,74.188817118919,"rgba(255, 0, 0, 1.0)",5.440209356169329,74.188817118919,-1.8150844848316627,44.2565221328324,-13.573321817232113,True,False,False,True,True,0.0,0.0,0.0,0.0,0.0,0,0.8156801334321512,1.0556739932574368,False,False,False,False,-0.1013318611092308,-0.1802930496453807,False,False,False,False,12218981,14282006.619823128,False,False,False,False,528841.2368753868,False,False,False,False
2023-11-16 00:00:00+00:00,64.6503776507,64.7393188611,63.5732007684,63.7214361192,449776,,,,,,,,,,,,,,69.80051369494949,72.60666314334982,74.70831207804748,76.59347262341718,77.8243887219772,78.80860829683787,80.42165467721267,81.23722512652137,82.44378920604692,81.43220887021248,81.20784595696637,80.22258833285684,,,,,,,,,,,,,,61.913210383916784,63.893305500192135,67.15167102242914,68.1714962458757,70.70199298676457,73.98053182232543,76.09764912785042,76.12283792746626,77.05718288835149,78.46261214045882,78.70166228290115,79.1217567068733,80.90607435333405,81.8327962812795,81.5237429676485,81.31631011295632,80.8093208053574,80.38481204291442,,,77.8243887219772,74.15227983122656,"rgba(255, 0, 0, 1.0)",5.3886826790056075,74.15227983122656,-1.7633070541611462,47.78500561563784,-10.417553937326133,True,False,False,False,True,0.0,0.0,0.0,0.0,0.0,0,0.8145240103406821,1.0639214297179247,False,False,False,False,-0.1053263085549064,-0.14280967910014356,False,False,False,False,12668757,14218741.928849673,False,False,False,False,525740.6393508619,False,False,False,False
2023-11-17 00:00:00+00:00,63.9289656102,65.2235543403,63.2964947803,65.0753189896,478508,,,,,,,,,,,,,,69.72852879190398,72.52410745952884,74.62445523301174,76.51925642615072,77.75257483035246,78.73992873449103,80.35588113284778,81.17560781935977,82.38442889535604,81.38895078742556,81.1670868464548,80.18863136577181,,,,,,,,,,,,,,62.24148293355438,63.9002561620798,67.10232990941111,68.11300170590168,70.62489002466103,73.89637624984125,76.0186530703291,76.04443878849557,76.98459460934988,78.39223135937536,78.6327375424605,79.05393872692426,80.84247166599236,81.77203512951152,81.4789770278523,81.27409215718079,80.7726347019957,80.35000899976941,,,77.75257483035246,74.10460676783315,"rgba(255, 0, 0, 1.0)",5.3957177214576255,74.10460676783315,-1.8858735172833034,49.1624761074613,-9.185854056474696,True,False,False,False,True,0.0,0.0,0.0,0.0,0.0,0,0.8137646906534194,1.051312065551384,False,False,False,False,-0.10091158254824804,-0.12186063082419579,False,False,False,False,12190249,14139193.186541842,False,False,False,False,523888.3789841614,False,False,False,False
2023-11-20 00:00:00+00:00,65.2334366971,65.4557897232,63.4941419146,64.008024464,570203,,,,,,,,,,,,,,69.65375321729299,72.43445996248859,74.53167212506035,76.43604592047008,77.67157359042822,78.66213369964636,80.28096589632513,81.1052343006119,82.31642135727924,81.33940440894662,81.12041221601696,80.14980599087893,,,,,,,,,,,,,,62.611620984561974,63.92615511511581,67.05671629602577,68.05533090711762,70.5433431657792,73.803794289906,75.93039178767404,75.95682248405868,76.90300386431956,78.31263007825571,78.55469739216987,78.97702666167231,80.76991174640607,81.70253102467902,81.4277026248064,81.22574373242773,80.73064203750485,80.31020412864956,,,77.67157359042822,74.05360245923872,"rgba(255, 0, 0, 1.0)",5.365812225637585,74.05360245923872,-1.643770857279798,51.61779260668031,-6.804478796367405,True,False,True,False,True,0.0,0.0,0.0,0.0,0.0,0,0.8164017463057892,1.0473308248944078,False,False,False,False,-0.09177905196994306,-0.10681984139706943,False,False,False,False,12760452,14085124.904716672,False,False,False,False,525704.6386318414,False,False,False,False
2023-11-21 00:00:00+00:00,65.1049660597,65.1940695717,63.9862219653,64.7683527924,374257,,,,,,,,,,,,,,69.60620755483707,72.37698585038264,74.47192084637413,76.38222211077654,77.61909132025687,78.61166352005031,80.23229043762692,81.0594656542435,82.27215380211285,81.3071103047189,81.08998394913951,80.12448437582358,,,,,,,,,,,,,,62.80301395282721,63.942974243681554,67.02814106822422,68.01891012503087,70.49133967877962,73.74426070644067,75.87338045445564,75.90022032991166,76.8501868187563,78.2610147580008,78.50407422999145,78.92711143844232,80.72274072746764,81.65730945692057,81.39428667049208,81.1942281893653,80.70325735890353,80.28424468575024,,,77.61909132025687,74.01838750861572,"rgba(255, 0, 0, 1.0)",5.297432836880714,74.01838750861572,-1.6825926299358618,53.06092670048065,-5.2990019763489045,True,False,True,False,True,0.0,0.0,0.0,0.0,0.0,0,0.8203924269138444,1.0465843950006777,False,False,False,False,-0.08689160030731134,-0.09685572085219038,False,False,False,False,12386195,14018500.20257092,False,False,False,False,519765.5155482398,False,False,False,False
2023-11-22 00:00:00+00:00,66.3326144465,66.7088292747,65.807893765,65.8870968868,563052,,,,,,,,,,,,,,69.55831792150137,72.30907662942843,74.39726259310433,76.31265506989585,77.55018137375956,78.5446854083774,80.16677810437517,80.99747254235848,82.21172424704315,81.26320738888208,81.04866419288672,80.09030283771749,,,,,,,,,,,,,,63.21402107282567,64.01175554144403,67.01444155076638,67.99050522493384,70.43515403127888,73.67107958810563,75.8002921687759,75.82762005787994,76.78147824598386,78.19276691360142,78.4369646082605,78.86066792458999,80.65901021508797,81.59581405526909,81.34884100140027,81.15140988328872,80.66614982325241,80.249164615533,,,77.55018137375956,73.98673571219881,"rgba(239, 83, 80, 1.0)",5.2378893880965745,73.98673571219881,-1.461298759590698,55.45528892444685,-2.8286561368164485,True,False,True,False,True,0.0,0.0,0.0,0.0,0.0,0,0.8398569545844072,1.0334827338463681,False,False,False,False,-0.016449446276596523,-0.056652583564393455,False,False,False,False,12949247,13976568.704430884,False,False,False,False,521463.0247424265,False,False,False,False
2023-11-24 00:00:00+00:00,65.7880929846,66.9167374692,65.6197863509,66.0455031302,196531,,,,,,,,,,,,,,69.54105018362887,72.28505045776001,74.3709680913758,76.28817855238363,77.5259551370037,78.5211469441425,80.14376967980617,80.97570063210185,82.1905085273451,81.24776538492955,81.03412574255721,80.07826098944908,,,,,,,,,,,,,,63.328604760884424,64.03304492749423,67.00866221810466,67.9798148749857,70.41508292673684,73.6452760944806,75.77457855364291,75.80207695968548,76.75730962932357,78.1687808624553,78.4133788578707,78.83731996741425,80.63662854802406,81.57422114387734,81.33285925368935,81.13634703248343,80.6530855519823,80.2368085820084,,,77.5259551370037,73.97383391136017,"rgba(255, 0, 0, 1.0)",5.187235468051363,73.97383391136017,-1.5780546260482813,56.13929102676949,-1.9187782249534848,True,False,True,False,True,0.0,0.0,0.0,0.0,0.0,0,0.8292999601979024,1.0411477006423981,False,False,False,False,-0.008222723210847487,-0.032437653387620474,False,False,False,False,12752716,13928574.480727712,False,False,False,False,508720.5923995863,False,False,False,False
2023-11-27 00:00:00+00:00,64.8475559141,65.69156418,64.5406438174,65.6296867412,448095,,,,,,,,,,,,,,69.49011482139481,72.22148872631473,74.30386855099357,76.22692515539374,77.46590410539778,78.46316293125257,80.08756946614842,80.922703391144,82.13910535471412,81.21016768368267,80.99868887967381,80.04876298180216,,,,,,,,,,,,,,63.4691886619822,64.05552840683777,66.98025517517605,67.94206188432607,70.35868969107732,73.5787477849412,75.70995467436671,75.73789470620848,76.69705623660748,78.10957376516208,78.35524145245698,78.77990813268842,80.58207436562931,81.52178588617949,81.29396568608279,81.09965223151798,80.62117765913015,80.20656658902723,,,77.46590410539778,73.93076043471778,"rgba(255, 0, 0, 1.0)",5.140286659190599,73.93076043471778,-1.7670618630533819,55.07223248160766,-1.9187782249534848,True,False,True,False,True,0.0,0.0,0.0,0.0,0.0,0,0.8241341738172244,1.054740271571494,False,False,False,False,-0.051590282075492495,-0.04201396773155648,False,False,False,False,12304621,13864890.030503096,False,False,False,False,506343.11818783777,False,False,False,False
2023-11-28 00:00:00+00:00,66.6494269334,67.045442542,64.6990500609,65.0356633282,637383,,,,,,,,,,,,,,69.43706127892979,72.1465622078029,74.22123731791764,76.14941713489836,77.38897137596251,78.38824908386408,80.01415593320684,80.85311954805908,82.07120230425218,81.16061714762577,80.95201969500584,80.01007383241088,,,,,,,,,,,,,,63.74967236101656,64.12026188162848,66.9632941017262,67.90972348519233,70.29668220992293,73.49786421786322,75.62872741307376,75.65718728082174,76.62042144198263,78.03330334462984,78.28019226534009,78.70555536190548,80.51059318130372,81.45272741758966,81.2426963250116,81.05131132031373,80.5792141488043,80.1668716465357,,,77.38897137596251,73.88595664394947,"rgba(239, 83, 80, 1.0)",5.077060364756185,73.88595664394947,-1.4253385208464022,56.61079402986928,-0.8653669061634872,True,False,True,False,True,0.0,0.0,0.0,0.0,0.0,0,0.8341177728950488,1.0270935342121983,False,False,False,False,-0.018158467426737164,-0.030086217579146823,False,False,False,False,12942004,13828698.42146376,False,False,False,False,511481.9370824324,False,False,False,False
2023-11-29 00:00:00+00:00,67.3028526876,68.2730909288,66.7583312258,66.7583312258,493667,,,,,,,,,,,,,,69.41298234104815,72.10218247503926,74.16858275689884,76.0979625256833,77.33696794848721,78.33700018466695,79.96315369124818,80.80444196377623,82.02330561014921,81.12579684809238,80.91925983535177,79.9830776559059,,,,,,,,,,,,,,64.02845776748106,64.198666634652,66.9706307999403,67.90337972563432,70.2646462347554,73.44737167961476,75.57532608153828,75.60409482834531,76.5691631832435,77.9813401897306,78.22891148409774,78.65451842701147,80.46072644859109,81.40421343977613,81.2066555215713,81.01736147495397,80.54981871077689,80.13914329597917,,,77.33696794848721,73.86530327038538,"rgba(239, 83, 80, 1.0)",4.997302160672837,73.86530327038538,-1.3131986763637722,58.36367656926857,1.1505968386328647,True,False,True,False,True,0.0,0.0,0.0,0.0,0.0,0,0.854390865397785,1.020274698545672,False,False,False,False,0.06193975545659159,0.015926768938722385,False,False,False,False,13435671,13813285.581406359,False,False,False,False,510783.3120988076,False,False,False,False
2023-11-30 00:00:00+00:00,66.6494269334,67.4315577604,66.0752043009,66.8573351279,496597,,,,,,,,,,,,,,69.38061984087238,72.05154792600133,74.11080399690225,76.04252101320195,77.28140243064797,78.28252495703948,79.9093132258541,80.75318899865137,81.97305633256587,81.08909842507845,80.88469846110264,79.95447231233621,,,,,,,,,,,,,,64.21823390847916,64.25706693349255,66.96682776679602,67.88734112783534,70.22502585755606,73.3913807933506,75.51757187422221,75.5466843390476,76.5141181616281,77.9260141464239,78.17437365765805,78.60034815087323,80.40816958712922,81.3532287752325,81.1686875976447,80.9815629212521,80.51875040405352,80.10978373663436,,,77.28140243064797,73.83459448475057,"rgba(239, 83, 80, 1.0)",4.930748886334334,73.83459448475057,-1.4572162803229352,58.373593600896605,1.5427460583352968,True,False,True,False,True,0.0,0.0,0.0,0.0,0.0,0,0.8515246625541125,1.0279368105512625,False,False,False,False,0.03569533576995956,0.025811052354340974,False,False,False,False,12939074,13779002.774292383,False,False,False,False,510226.9861341485,False,False,False,False
2023-12-01 00:00:00+00:00,68.9067159026,68.9463174635,66.0455031302,66.6395265432,598479,,,,,,,,,,,,,,69.36043656624155,72.005758308321,74.05390294494971,75.98539361810691,77.2230228903237,78.22455791528594,79.85108730111891,80.69736078504883,81.91785117999225,81.04893636900789,80.84691758363041,79.92339552003378,,,,,,,,,,,,,,64.51189616653815,64.35784255727533,66.98468573559121,67.88860681456616,70.19501263675211,73.3375145067853,75.45868900845146,75.4881123085017,76.45693686599422,77.86739709010186,78.11641257229809,78.54250001337638,80.35108522756367,81.2974501635495,81.12712119429602,80.94240997976016,80.48486094452663,80.07785126224744,,,77.2230228903237,73.81304255240718,"rgba(239, 83, 80, 1.0)",4.873795586363207,73.81304255240718,-1.006674687698228,60.82021377182238,4.240665999584515,True,False,True,False,True,0.0,0.0,0.0,0.0,0.0,0,0.85892610883692,1.0094196510233688,False,False,False,False,0.09347086544190611,0.05964095889812354,False,False,False,False,13537553,13769534.155692684,False,False,False,False,513687.8494230054,False,False,False,False
2023-12-04 00:00:00+00:00,69.1047237069,70.0353603872,68.5701026353,68.5701026353,461688,,,,,,,,,,,,,,69.35908962556115,71.98202140766442,74.01973448082641,75.94876809264152,77.18459754861654,78.18576689035656,79.8113167877882,80.65888985665023,81.87941172716101,81.02111413034784,80.82078276266424,79.90206737270954,,,,,,,,,,,,,,64.78120662804417,64.45800325215814,67.01530850105354,67.90509889724208,70.185289851546,73.30634326852984,75.42148547887419,75.4510709474213,76.41986823719306,77.82838954382508,78.0776880016814,78.50361169619381,80.31188606159449,81.25880794376491,81.0983121855183,80.9153082448796,80.46148288619261,80.05590408017045,,,77.18459754861654,73.8078272599406,"rgba(239, 83, 80, 0.5)",4.811916037562725,73.8078272599406,-0.9773868696642414,62.6420727543453,6.267982345517304,True,False,True,False,True,0.0,0.0,0.0,0.0,0.0,0,0.8929504119187625,0.9859562786616979,False,False,False,False,0.20491701847024762,0.13227898868418558,False,False,False,False,13999241,13778542.267234147,False,False,False,False,511648.63964171114,False,False,False,False
2023-12-05 00:00:00+00:00,68.0156807832,68.9166162928,67.7681710278,68.8869151222,358330,,,,,,,,,,,,,,69.34965735961993,71.95724648119182,73.9880548407096,75.91640673318723,77.15129595037597,78.1525406523382,79.77774550116204,80.6266020098376,81.84738323815891,80.99777996496789,80.7988300040888,79.88402094711674,,,,,,,,,,,,,,64.9274607053182,64.51721648949578,67.02803048028098,67.9081875377723,70.17004019504947,73.27659105384515,75.38828162196488,75.41803061360062,76.38737775473035,77.79484989663695,78.04448047109602,78.47040920503514,80.27891376483872,81.22649823051506,81.07416566192754,80.89256057950259,80.44178961702244,80.03735751656316,,,77.15129595037597,73.79514086541248,"rgba(239, 83, 80, 1.0)",4.750960613184823,73.79514086541248,-1.2164824238225371,61.82990309120904,6.267982345517304,True,False,True,False,True,0.0,0.0,0.0,0.0,0.0,0,0.8867859201748314,0.988638986816664,False,False,False,False,0.16568462751110238,0.148981808097644,False,False,False,False,13640911,13773144.96263673,False,False,False,False,505636.1439694872,False,False,False,False
2023-12-06 00:00:00+00:00,68.926516683,70.1838662405,68.5007999038,68.7384092689,454127,,,,,,,,,,,,,,69.3481238661075,71.93437413130079,73.95508662722708,75.88091210204804,77.11399895844109,78.1148368962009,79.73903024972702,80.58910726868581,81.8098850369625,80.97056821873187,80.77325789036404,79.86312797666811,,,,,,,,,,,,,,65.14535587540696,64.60855252267281,67.05645055047088,67.92344828176549,70.16056567458438,73.24654103163626,75.35228612576175,75.38218574542954,76.35142562107147,77.75695834663048,78.00684590571073,78.43259650550658,80.24072943444891,81.18882088292531,81.04599611498429,80.86604907056002,80.41889872718255,80.015861260681,,,77.11399895844109,73.78751522260742,"rgba(239, 83, 80, 1.0)",4.6935879252748265,73.78751522260742,-1.0356679403897164,62.32074985895065,6.502906930123935,True,False,True,False,True,0.0,0.0,0.0,0.0,0.0,0,0.8938150900690468,0.9665401621875613,False,False,False,False,0.2595434017845272,0.20426260494108558,False,False,False,False,14095038,13785768.219003918,False,False,False,False,503616.1775393113,False,False,False,False
2023-12-07 00:00:00+00:00,69.9165557046,70.4610771665,68.5354512695,68.9067159026,355357,,,,,,,,,,,,,,69.35048556175197,71.91954222753527,73.9319314519975,75.85518626380559,77.08664487575243,78.08698038472289,79.71017227140096,80.56105043960895,81.78170202871152,80.95014437063543,80.75407372383079,79.84749930776819,,,,,,,,,,,,,,65.31760732408591,64.6840966673902,67.08256775814638,67.93910500577499,70.15658458139337,73.2258252780219,75.3263778166104,75.35637397150956,76.32523574116676,77.72903288417236,77.97906014100752,78.40460363155104,80.21220074739679,81.1605640198156,81.02485071338067,80.84615622777208,80.40174200180816,79.99977247649302,,,77.08664487575243,73.7839807292597,"rgba(239, 83, 80, 0.5)",4.643672796088185,73.7839807292597,-0.8328375392679694,63.68929934908352,8.130261470324648,True,False,True,False,True,0.0,0.0,0.0,0.0,0.0,0,0.9077148475688711,0.9591605447711679,False,False,False,False,0.3428282474858216,0.27354542621345357,False,False,False,False,14450395,13811832.014337098,False,False,False,False,497802.0921456128,False,False,False,False
2023-12-08 00:00:00+00:00,69.9759580459,70.2432685818,69.4215361938,69.7680498514,199121,,,,,,,,,,,,,,69.35289561900264,71.91218932967058,73.91979168301216,75.84142226494694,77.07190086238505,78.0718969429902,79.69446160799878,80.54573952071841,81.76628120709786,80.93897690343321,80.74358685067706,79.83897035297083,,,,,,,,,,,,,,65.41357551034385,64.72746784617073,67.09834000578583,67.94898875727814,70.15541065841057,73.2150987265601,75.31257741667531,75.34262091163978,76.31117865944427,77.71393549621204,77.96402155747737,78.3894276755728,80.19664712099572,81.14512293023932,81.01328797591474,80.8352807996192,80.3923683376425,79.99098958492092,,,77.07190086238505,73.78269243262864,"rgba(239, 83, 80, 0.5)",4.563830052578369,73.78269243262864,-0.8341095840275633,64.66419086591277,9.358055475486324,True,False,True,False,True,0.005599261071587591,0.0,0.0,0.0,0.0,0,0.9354959346804428,0.9482076741045649,False,False,False,False,0.3428282476958859,0.30818683695466975,False,False,False,False,14649516,13844682.366716035,False,False,False,False,486089.1081399025,False,False,False,False
2023-12-11 00:00:00+00:00,68.9562178537,69.9561572655,68.7087080983,69.292831121,433892,,,,,,,,,,,,,,69.35146382237633,71.89110115701034,73.88922209383416,75.80828604481282,77.03699307394193,78.03653537006828,79.65806435758094,80.51043165599818,81.73092125537818,80.9132437808106,80.71939366487592,79.81918294769295,,,,,,,,,,,,,,65.57982006235365,64.80748643499577,67.12392991709157,67.9627935406975,70.14671189404534,73.18729095161324,75.27904984453775,75.30922622985928,76.2775746511675,77.67842804340462,77.92873154148079,78.35394355242254,80.16071569458195,81.10962009350023,80.98665666736827,80.81020564991641,80.3706961006398,79.97063322903368,,,77.03699307394193,73.77336841389383,"rgba(239, 83, 80, 1.0)",4.501631661767193,73.77336841389383,-1.0700898967604078,63.195065106002076,9.358055475486324,True,False,True,False,True,0.0,0.0,0.0,0.0,0.0,0,0.9264047682086276,0.9443279091176116,False,False,False,False,0.30958888032651627,0.308887858640593,False,False,False,False,14215624,13859229.097433053,False,False,False,False,484042.1627226515,False,False,False,False
2023-12-12 00:00:00+00:00,68.6988077081,69.7383486808,67.9958800028,69.7185479003,309742,,,,,,,,,,,,,,69.34770315904787,71.8740553597821,73.86581558487028,75.78342592133716,77.01101165313985,78.01033944320233,79.6312569458932,80.48448232462212,81.70500610362258,80.89432353647464,80.70159291538398,79.80457688301857,,,,,,,,,,,,,,65.67784023878095,64.85789607093254,67.13841980626837,67.96938638721673,70.13802295473224,73.16572301405911,75.25379357573294,75.28407558794484,76.25244687601763,77.65208468110389,77.90257659173658,78.32769038455312,80.13428659927867,81.08356567355514,80.96708211669686,80.79176265102218,80.35472927214609,79.9556154827145,,,77.01101165313985,73.76389254178153,"rgba(239, 83, 80, 1.0)",4.442221373571804,73.76389254178153,-1.1402144125043687,61.69714277600357,9.358055475486324,True,False,True,False,False,0.0,0.0,0.0,0.0,0.0,0,0.9393917870590761,0.9395910444996649,False,False,False,False,0.279239337812984,0.2940635982267885,False,False,False,False,13905882,13861058.623023914,False,False,False,False,477206.862223724,False,False,False,False
2023-12-13 00:00:00+00:00,72.5302587216,72.9163739401,68.4413975625,68.6394053668,431703,,,,,,,,,,,,,,69.36641680115403,71.86963086284597,73.84941232383598,75.76131481476108,76.98596389231076,77.9838718155223,79.60264461592786,80.45616516734864,81.67598755567155,80.87345481214452,80.68203816098695,79.78887119197589,,,,,,,,,,,,,,65.90574217990842,64.96893088740173,67.18759970187702,68.00503760724543,70.14842758842545,73.15296771635789,75.23237076248351,75.2626779485105,76.22930729021806,77.62587549282284,77.87626812365153,78.300831871076,80.1056946932344,81.05475162817702,80.9454605385059,80.7714641260153,80.33732366406721,79.93940393099615,,,76.98596389231076,73.77104934947853,#000000,4.409790542000356,73.77104934947853,-0.2813717830950948,64.7884056089263,9.827567761749009,True,False,True,False,True,3.8922895929089947,0.0,0.0,0.0,0.0,0,0.9615068153334352,0.8936164861191123,False,False,False,False,0.34282824817511426,0.3184459232009514,False,False,False,False,14337585,13879745.93192494,False,False,False,False,475422.39703848,False,False,False,False
2023-12-14 00:00:00+00:00,75.1835632995,77.3715495372,73.8272098399,74.015317254,793193,,,,,,,,,,,,,75.46077422553333,69.47210466116309,71.91943476830878,73.8680913001112,75.75861833612451,76.97377997514735,77.96572894251105,79.57668522259944,80.42803855534243,81.64431392895399,80.85191828284928,80.66216896593436,79.77424197779091,,,,,,,,,,,,,,66.56850703461757,65.29118447139913,67.3635840568053,68.14901243290781,70.23470400782604,73.18153697728668,75.23461993673219,75.26461175630723,76.22277097582675,77.60959533344808,77.85872311941104,78.28103910191399,80.0782490216336,81.02465611852196,80.92302285372007,80.75068738435472,80.32016836338586,79.92405160558633,,,76.97377997514735,73.61275533179904,#000000,4.411091147139412,73.61275533179904,0.3561041736169123,68.63500220638456,13.4833680337915,True,False,True,False,True,7.533819880973979,0.0,0.0,0.0,0.0,0,0.9977920182523085,0.8709503752743079,False,False,False,False,0.34282825000395384,0.3306370866024526,False,False,False,False,15130778,13928806.013025923,False,False,False,False,487883.9893114808,False,False,False,False
2023-12-15 00:00:00+00:00,75.1736629093,75.9953952972,74.4806355942,74.9855554952,1105293,,,,,,,,,,,,,75.31859609549882,69.60764694341272,71.98194518484009,73.88952719848422,75.75192506079895,76.95443452245196,77.93845541833863,79.53893508233857,80.38746781840908,81.5989901556318,80.8208453855384,80.63344447259668,79.7528758702441,,,,,,,,,,,,,,67.33071640214018,65.69855593332694,67.58965716077556,68.33420847112556,70.34495356647093,73.2160466320649,75.23437553422379,75.26396694101548,76.21098571334778,77.58478112694297,77.83224840264965,78.25156526059119,80.03854635385652,80.98143765828945,80.89067669549259,80.7206810697311,80.29527191284478,79.9016722728301,,,76.95443452245196,73.69367633254195,#000000,4.423851520050037,73.69367633254195,0.3345470728505173,71.18014231224112,15.827016631859976,True,False,True,False,True,7.51772997029283,0.0,0.0,0.0,0.0,0,1.0182289928129447,0.8793709887170206,False,False,False,False,0.3269689769105059,0.3288030317564793,False,False,False,False,14025485,13932597.345848437,False,False,False,False,512096.1073776972,False,False,False,False
2023-12-18 00:00:00+00:00,73.4311942313,75.2726668114,73.2777381829,75.2231648604,434323,,,,,,,,,,,,,75.07195757008508,69.64794120902627,71.99682300336825,73.89017490448468,75.74343593513338,76.94168218927877,77.92313791425728,79.52013380441254,80.36796906767744,81.57797623201407,80.80608544580687,80.61971091857538,79.74228660697094,,,,,,,,,,,,,,67.55375722035748,65.83021874178081,67.66129294527533,68.39189034055113,70.37641104285179,73.22119536484155,75.2278120941424,75.2573041392423,76.20082831602733,77.5702088765634,77.81719448874709,78.23553454810718,80.01921108437773,80.96106585420499,80.87534911893034,80.70637947651157,80.28321595759891,79.89065664911705,,,76.94168218927877,73.7039467324267,#000000,4.392058699469639,73.7039467324267,-0.062101287753653985,69.62758932594157,15.827016631859976,True,False,True,False,True,4.726404621228447,0.0,0.0,0.0,0.0,0,1.013868808712142,0.877373640063887,False,False,False,False,0.2854548756591266,0.3071289537078029,False,False,False,False,13591162,13919207.724442616,False,False,False,False,509046.1815981797,False,False,False,False
2023-12-19 00:00:00+00:00,74.9063523734,75.391471494,74.0202674491,74.2034246681,354372,,,,,,,,,,,,,75.03249259569148,69.68606793697688,72.01347100637315,73.89462232760853,75.73962640953552,76.93408602958664,77.91318774841541,79.50703636532326,80.35408074891156,81.56266834070642,80.79546119188407,80.60985968039975,79.73484213364179,,,,,,,,,,,,,,67.74567820017838,65.94454522298878,67.725609203152,68.44451324362797,70.40711884533674,73.22952989130854,75.22585582558769,75.25523875826312,76.1955098340694,77.56097669314474,77.80748322175715,78.22492921185051,80.00555386340025,80.9463801714063,80.86430315565943,80.69610420959394,80.2746272889995,79.88288226339456,,,76.93408602958664,73.72437892853881,#000000,4.394159995573566,73.72437892853881,0.26898734821941855,69.7794611796816,15.827016631859976,True,False,True,False,True,6.721638466393692,0.0,0.0,0.0,0.0,0,1.0083485845089615,0.8684050599925878,False,False,False,False,0.30389805672266235,0.30551350521523263,False,False,False,False,13945534,13920240.12740565,False,False,False,False,502980.52741785895,False,False,False,False
2023-12-20 00:00:00+00:00,72.8173700379,75.1538621288,72.7678680868,74.8766512028,447721,,,,,,,,,,,,,74.82500741245349,69.7223253032645,72.02524943580752,73.89262992156776,75.72897008260009,76.91930920138066,77.89596449855456,79.48644791302588,80.33290268182908,81.54004538219898,80.77944341492955,80.59492670087283,79.72321484554757,,,,,,,,,,,,,,67.93526900359848,66.06591093497273,67.79174530617195,68.4974676132796,70.43487170946602,73.23189046907615,75.2169643430046,75.24626486859212,76.18325985918183,77.54444581566017,77.7905135143603,78.20702437614042,79.98448968930954,80.92435913956095,80.84768254697045,80.6805685980428,80.26146980282412,79.87080844978621,,,76.91930920138066,73.73207657910794,#000000,4.361803736780506,73.73207657910794,-0.20970832169608092,66.56033897026259,15.827016631859976,True,False,True,False,False,3.500964709712001,0.0,0.0,0.0,0.0,0,0.9869069605854075,0.8846483527443675,False,False,False,False,0.2721125042666352,0.2888130047409339,False,False,False,False,13497813,13903674.35770347,False,False,False,False,500813.4871269626,False,False,False,False
2023-12-21 00:00:00+00:00,73.9064129616,74.2331258388,73.3222899389,73.8371102301,314046,,,,,,,,,,,,,74.733551373753,69.74892041093133,72.03467016726627,73.89231172720778,75.72238874023374,76.90976381334849,77.88463476415122,79.47267717293961,80.31865365590023,81.52473119584515,80.76862492449791,80.58484843013397,79.71540405805199,,,,,,,,,,,,,,68.0664340508042,66.1514202481988,67.83914466873809,68.53569453825078,70.45551968747218,73.234661136145,75.21169395565538,75.24092908604635,76.17552432988519,77.53363180223263,77.77936783782087,78.1951970626866,79.97034947001342,80.90949534705973,80.8364544330647,80.67008016627992,80.2526031752413,79.86269030239993,,,76.90976381334849,73.7409068286884,#000000,4.367394562691454,73.7409068286884,0.03789585084101203,65.41605126562523,20.910866884260642,True,False,True,False,False,4.969157789090655,0.0,0.0,0.0,0.0,0,0.97468397208427,0.8935720614005985,False,False,False,False,0.2643818691941146,0.27659743696752426,False,False,False,False,13811859,13900073.755440589,False,False,False,False,493489.2719455131,False,False,False,False
2023-12-22 00:00:00+00:00,75.1340613484,76.0547976385,74.2628270094,74.2628270094,411185,,,,,,,,,,,,,74.7779717379856,69.7944291716044,72.05593127433305,73.89954847274088,75.7198183094414,76.9026969667718,77.87471890367236,79.45896666364615,80.30389036927262,81.50821730753201,80.7572125062111,80.574283615408,79.70750875085885,,,,,,,,,,,,,,68.26729033647959,66.27949640308115,67.91364098943255,68.59731175322881,70.49271204338122,73.24639457560687,75.21139333548189,75.24048841463751,76.17114926261759,77.52460510391637,77.76973985238813,78.18448618327139,79.9559159803981,80.89376132053762,80.82458397829706,80.65905295555801,80.24342364475682,79.85442638303525,,,76.9026969667718,73.76913948768592,#000000,4.379234754313126,73.76913948768592,0.31168045041882253,65.70363167890761,20.910866884260642,True,False,True,False,False,6.585139206858415,0.0,0.0,0.0,0.0,0,1.011504135118765,0.8694726906754698,False,False,False,False,0.3235143415722061,0.30005588926986515,False,False,False,False,14223044,13912739.255227234,False,False,False,False,490261.65343784593,False,False,False,False
2023-12-26 00:00:00+00:00,75.9953952972,76.4211120765,74.5499383257,74.9855554952,201069,,,,,,,,,,,,,74.82141702603722,69.81847651984833,72.06790179287728,73.90447308968353,75.71967720114438,76.9002518087327,77.87079008174636,79.45307587235592,80.29740613426388,81.5008120076034,80.75214977034639,80.56961192711151,79.70408457320421,,,,,,,,,,,,,,68.36832376242035,66.34429714627576,67.95202292560069,68.62931596789745,70.51263371320222,73.25358764156594,75.2124586655406,75.24147564691226,76.17007515258675,77.52114941794812,77.76596008011416,78.18014307315059,79.94962775497582,80.88677232903912,80.81931230432826,80.65416948744863,80.23939071800605,79.85082851966675,,,76.9002518087327,73.78537532928203,#000000,4.429091466478392,73.78537532928203,0.49897817298299735,66.59088930702562,20.910866884260642,True,False,True,False,False,7.697006326151875,0.0,0.0,0.0,0.0,0,1.0015131127455164,0.8652572043227352,False,False,False,False,0.3378138966381374,0.31893489295400124,False,False,False,False,14424113,13932793.127571266,False,False,False,False,478920.76506773435,False,False,False,False
2023-12-27 00:00:00+00:00,76.2132038819,76.8468288558,75.6884832005,76.0844988091,184675,,,,,,,,,,,,,74.8835319211097,69.84262009040707,72.08063524112093,73.91049811611141,75.72074237310976,76.89908215016654,77.86815814552548,79.44852523853712,80.29222659352705,81.49471650205658,80.74804959210286,80.56584668145115,79.70140537293955,,,,,,,,,,,,,,68.46608360270636,66.40677722058264,67.98963427306208,68.66091973677457,70.53289395525657,73.26178105751127,75.21473858778293,75.24367333722317,76.17022682182007,77.51899371920126,77.7634741575864,78.17710267409429,79.94466512353635,80.881096633737,80.81503581224342,80.65022459706049,80.23617205608376,79.84799655406637,,,76.89908215016654,73.80300462098448,"rgba(38, 166, 154, 0.5)",4.478071684966599,73.80300462098448,0.5382225722305507,67.36082288507183,20.910866884260642,True,False,True,False,False,7.978064846321047,0.0,0.0,0.0,0.0,0,1.0151583539756066,0.8709105121363361,False,False,False,False,0.3428282501728222,0.3308815715634117,False,False,False,False,14608788,13959302.73041161,False,False,False,False,467381.715457235,False,False,False,False
2023-12-28 00:00:00+00:00,76.3122077841,76.4805144178,75.6389812494,75.8369890537,264150,,,,,,,,,,,,,74.9573511093154,69.87627640338955,72.0982563579721,73.91867573112924,75.72195571594413,76.89714561350705,77.86416372938768,79.44182453096623,80.28464810515901,81.4858473038438,80.74206049153194,80.56034096709496,79.69746337450171,,,,,,,,,,,,,,68.59993151160168,66.49384357138302,68.0421625659201,68.70504848202569,70.561094958515,73.2730114296009,75.21765126539813,75.24647190549061,76.1701551168126,77.51566754375618,77.75968551150834,78.17253310170422,79.93738771117697,80.87281795271313,80.80879165578551,80.64445917625191,80.23145554355904,79.84383493491686,,,76.89714561350705,73.8266453077664,"rgba(38, 166, 154, 0.5)",4.533889429032573,73.8266453077664,0.5482185913969144,67.96108080384634,20.910866884260642,True,False,True,False,False,8.107630591211148,0.0,0.0,0.0,0.0,0,1.010787701964671,0.8736210798345467,False,False,False,False,0.33403296999123344,0.33245727077732257,False,False,False,False,14872938,13995131.564513115,False,True,False,False,459411.84426283365,False,False,False,False
2023-12-29 00:00:00+00:00,75.0350574463,76.3122077841,74.9954558854,75.9755945168,337193,,,,,,,,,,,,,74.99145305389324,69.91400502392328,72.11669567587477,73.92578853514009,75.72095507785325,76.89241602825555,77.85703848395318,79.43151261876159,80.27339405480883,81.4730979794334,80.73328354318332,80.55222772315022,79.69146045189046,,,,,,,,,,,,,,68.74899940603503,66.59489035870538,68.10256143768987,68.75542641435418,70.5922458321344,73.28377427273004,75.21856764544593,75.2472667960585,76.1676514452855,77.50930145820989,77.75280175756792,78.16473769244949,79.92644053347186,80.86074205815012,80.79965888955383,80.63598551642681,80.2244276283689,79.83753887027059,,,76.89241602825555,73.84940445071607,#000000,4.554811543366823,73.84940445071607,0.2603078051188757,65.90873407674293,20.57016979841785,True,False,True,False,False,6.045270280388078,0.0,0.0,0.0,0.0,0,1.0002918471601046,0.8737995276970787,False,False,False,False,0.31700247185063496,0.3247298713139788,False,False,False,False,14535745,14016332.091394955,False,False,False,False,454618.9484093892,False,False,False,False
2024-01-02 00:00:00+00:00,75.6686824201,76.1141999798,74.3618309116,74.8964519832,356094,,,,,,,,,,,,,75.01815117299107,69.95282899093596,72.13556792235485,73.93290585501744,75.71965302250156,76.887228082324,77.84935443747851,79.42050087035435,80.26140411086867,81.45954548132153,80.72393080224076,80.5435771849494,79.68504111784182,,,,,,,,,,,,,,68.8980521409304,66.69837696062264,68.16472177966747,68.80730061686711,70.6242731576864,73.29468215909647,75.21925085365287,75.24782508414242,76.16478556944618,77.50240707504567,77.74536963145552,78.15635479556371,79.91476801666795,80.84789270391299,80.78992939142879,80.62695336669557,80.21692591405221,79.83080976231437,,,76.887228082324,73.87197950890672,#000000,4.578193100670952,73.87197950890672,0.39244804045726356,65.23911934319828,19.745160810150097,True,False,True,False,False,6.9007897645666745,0.0,0.0,0.0,0.0,0,0.9968459300931587,0.8728664689026296,False,False,False,False,0.29973912852637924,0.31223449992017904,False,False,False,False,14891839,14050665.695653977,False,False,False,False,450755.2249423543,False,False,False,False
2024-01-03 00:00:00+00:00,74.74794613,75.3122683723,73.7678074986,74.7875476909,441516,,,,,,,,,,,,,74.98617565213785,69.99346784875297,72.15317134345159,73.93698156290884,75.71439643253923,76.87757103183985,77.83693239075099,79.40433580405912,80.24427962944327,81.44070108712859,80.71071007801379,80.53129306260418,79.67568489965933,,,,,,,,,,,,,,69.05287615776915,66.8122377878181,68.23224387306243,68.86307795519723,70.65704325635289,73.30310349535293,75.21609764416046,75.2445511655716,76.15778605171397,77.4908305632555,77.73322968819377,78.14315762702192,79.89792714765807,80.82980551470325,80.77619877144723,80.61415518729046,80.20617653741363,79.8210513863245,,,76.87757103183985,73.89046336659553,#000000,4.59741334009962,73.89046336659553,0.18651417655343908,63.07517732677757,17.528466799680288,True,False,True,False,False,5.421293753103992,0.0,0.0,0.0,0.0,0,0.9973405950592881,0.8761702303489979,False,False,False,False,0.27114123080556846,0.2916878653628737,False,False,False,False,14450323,14066338.531118527,False,False,False,False,450392.90239559533,False,False,False,False
2024-01-04 00:00:00+00:00,73.9856160834,74.5895398865,72.7183661357,74.4608348137,445196,,,,,,,,,,,,,74.89686867164424,70.02636373481586,72.16465084737234,73.9359400240924,75.70513228763029,76.86431991493754,77.82124941384514,79.38529306108019,80.22454403596224,81.41946735395226,80.6955990383706,80.5171981965019,79.66471818122416,,,,,,,,,,,,,,69.17823890771972,66.91169100662836,68.29007907248729,68.91013395994997,70.68259772031897,73.3060646286574,75.20856967765266,75.23693814044378,76.14697556108914,77.47585594125559,77.71779847064805,78.1267918497631,79.87835836618942,80.80921084625739,80.76052707059034,80.59949745931516,80.19374937494358,79.80965946767112,,,76.86431991493754,73.89957764460159,#000000,4.615755009761857,73.89957764460159,0.018640165826922916,60.2928240487071,14.81764048022319,True,False,True,False,False,4.212365869236869,0.0,0.0,0.0,0.0,0,0.9960792477247999,0.8693604887705321,False,False,False,False,0.23544365614265328,0.2635657607527635,False,False,False,False,14005127,14063938.0789178,False,False,False,False,450189.10230165045,False,False,False,False
2024-01-05 00:00:00+00:00,72.5500595021,74.5301375452,72.4510555999,73.2727879878,382874,,,,,,,,,,,,,74.79514289899637,70.04982487021637,72.1708161629402,73.93201930642695,75.6948446782131,76.85087112940887,77.80591907639295,79.3673177973207,80.20613243334283,81.39990568465892,80.68155888636078,80.50407291352082,79.65438340041928,,,,,,,,,,,,,,69.26769516710384,66.98783485837032,68.33362520911004,68.94507561419805,70.70011576984736,73.30535665889106,75.19954941243948,75.22786606229951,76.13548308835406,77.46105034170925,77.70266535128546,78.11093244853116,79.86002116375039,80.79012606658496,80.7459781631329,80.58586263196587,80.18212715784875,79.79894780594653,,,76.85087112940887,73.90220029510276,#000000,4.600710054989602,73.90220029510276,-0.2938982845781219,56.17353699499208,10.965609501368249,True,False,True,False,False,1.988510903011182,0.0,0.0,0.0,0.0,0,1.0052182383662787,0.8601209614645847,False,False,False,False,0.22892889028694943,0.24624732551985645,False,False,False,False,13622253,14046617.095430827,False,False,False,False,447549.29436825245,False,False,False,False
2024-01-08 00:00:00+00:00,72.9658758911,73.2133856465,71.6095224316,71.906534138,299429,,,,,,,,,,,,,74.69792244331575,70.06456795078707,72.17283270392313,73.92664378247272,75.6850147495996,76.83876952803408,77.79250466810305,79.35202027543295,80.19061614459144,81.38359589872678,80.6697681765106,80.49302975620706,79.64560123995595,,,,,,,,,,,,,,69.32492718002418,67.04063770181028,68.36312419973311,68.96830968750777,70.7104728077041,73.30232574734048,75.1905407497885,75.21883298539366,76.12480468394271,77.44798215283394,77.68939058243696,78.0971483632694,79.84450991514916,80.77413343686086,80.73376879053541,80.57440106130586,80.17231331358026,79.78986209367876,,,76.83876952803408,73.90043864717266,#000000,4.5985547543230885,73.90043864717266,-0.2032296680156055,54.087605562020954,9.105987059064894,False,False,False,False,False,2.589367767869309,0.0,0.0,0.0,0.0,0,1.0061103644443903,0.8583788459853806,False,False,False,False,0.1863413777966967,0.2162943516582766,False,False,False,False,13921682,14041717.679923736,False,False,False,False,441740.655373419,False,False,False,False
2024-01-09 00:00:00+00:00,71.7778290652,72.6886649651,71.5204189196,72.134243113,398583,,,,,,,,,,,,,74.54772051923867,70.07933671036186,72.17172171829517,73.91635458976207,75.66950034855691,76.8205014408489,77.77270332978212,79.32996310816391,80.16843386709817,81.3605012087428,80.65296263245749,80.47726305110328,79.63295161182468,,,,,,,,,,,,,,69.38468647835057,67.10196810658277,68.39628145965948,68.99373770822503,70.71974967507789,73.29493307504626,75.17589118413713,75.2041725547449,76.10828715036054,77.42855498904221,77.66975539511081,78.07691453673665,79.82226223684063,80.75138512200809,80.71637760948825,80.55805022051267,80.15825644995425,79.77679636445887,,,76.8205014408489,73.89313670390419,#000000,4.5860973650481665,73.89313670390419,-0.46124350844042283,50.92001296345266,6.220120045645352,False,False,False,False,False,0.771380239190389,0.0,0.0,0.0,0.0,0,1.0012325194080505,0.8611513731050148,False,False,False,False,0.17435675986884328,0.19532555576355992,False,False,False,False,13523099,14021379.692475745,False,False,False,False,440048.1982999516,False,False,False,False
2024-01-10 00:00:00+00:00,70.7481884828,71.7778290652,70.3818740448,71.5105185294,472682,,,,,,,,,,,,,74.32642981587074,70.08733589815644,72.16284713981265,73.89784908801523,75.64617713014255,76.79444446665096,77.74525460538014,79.3003396968007,80.13899888231842,81.33027442080851,80.63076431813242,80.45638746817157,79.61599578378686,,,,,,,,,,,,,,69.42564813812079,67.15791360274865,68.42383568654961,69.01322219097001,70.72186776388651,73.2794335841499,75.15314058856747,75.18145221919225,76.08402353894915,77.40137634500051,77.64246444013077,78.04907189914675,79.79260306213318,80.7214156985492,80.69342608606797,80.53642565962795,80.13956066232063,79.7593220100534,,,76.79444446665096,73.87470639191208,"rgba(239, 83, 80, 0.5)",4.573639157692153,73.87470639191208,-0.6835952293817851,47.43498144227395,3.0739253886350326,False,True,False,True,False,0.0,0.0,0.0,0.0,0.0,0,1.010240091435189,0.8635050584140047,False,False,False,False,0.13468061471011178,0.16500308523683585,False,False,False,False,13050417,13983302.724143364,False,False,False,False,441327.95522936527,False,False,False,False
2024-01-11 00:00:00+00:00,69.9264560949,70.2927705328,68.4710987331,70.2927705328,529006,,,,,,,,,,,,,74.01812532950947,70.08211838735689,72.14155188195524,73.8676014008431,75.61258348416665,76.75858451729634,77.7084772680277,79.26188161587307,80.10126260216545,81.2920918040729,80.60244377583247,80.42968680641128,79.59402550219045,,,,,,,,,,,,,,69.4295224084023,67.19623850774954,68.43733208898645,69.0192292082072,70.71096730482452,73.25192205609837,75.11951101539013,75.14792107858123,76.04974938469132,77.36463982580383,77.6058046958746,78.01203265214178,79.75439310298546,80.68328830191389,80.6641724356824,80.50880037937425,80.11553322131007,79.73673277476257,,,76.75858451729634,73.839789705589,"rgba(239, 83, 80, 0.5)",4.555825895553783,73.839789705589,-0.8589734771269852,44.09953329458999,0.09509729930942257,False,True,False,True,False,0.0,0.0,0.0,0.0,0.0,0,0.9922249647443493,0.8673875677344115,False,False,False,False,0.06979457750011635,0.11739883136847609,False,False,False,False,12521411,13925973.636922056,False,False,False,False,444766.30992625287,False,False,False,False
2024-01-12 00:00:00+00:00,69.2532295602,71.035299799,68.8275127809,70.6986865317,360265,,,,,,,,,,,,,73.83603608422456,70.07958020284546,72.12803527027619,73.84791377235867,75.59044878392683,76.73484363648541,77.68405282603425,79.23624490727376,80.07606112748645,81.26654301408347,80.58348653693353,80.41181434603428,79.57932903332144,,,,,,,,,,,,,,69.43470466052075,67.22317027650877,68.44747728681591,69.02429288714106,70.70456409599886,73.23412999156422,75.09741825335027,75.12588826882003,76.02711958448297,77.34026943725675,77.5814656075884,77.98741321019116,79.72889432014289,80.657800950566,80.64459146117481,80.49030930938756,80.09945160346257,79.72161999286907,,,76.73484363648541,73.8182534521832,"rgba(239, 83, 80, 1.0)",4.539279226614667,73.8182534521832,-1.0056715315545228,41.085673636462694,-2.5864980135783924,False,True,False,True,False,0.0,0.0,0.0,0.0,0.0,0,0.9907166784722669,0.8601829141406677,False,False,False,False,0.09070246856328629,0.10405064996588119,False,False,False,False,12161146,13856764.709983936,False,False,False,False,441452.5330663998,False,False,False,False
2024-01-16 00:00:00+00:00,66.3722160073,68.6295049766,66.3524152269,68.6295049766,596772,,,,,,,,,,,,,73.3969048532175,70.0468966400179,72.08241013727113,73.79559371292827,75.53818570280862,76.68152114069458,77.63090664245858,79.18263306927366,80.02423513393572,81.21505309472693,80.5447945056649,80.37521687870878,79.5487265935003,,,,,,,,,,,,,,69.36478113550946,67.22133380874885,68.43008845207653,69.00127021269974,70.66713007133956,73.183723903928,75.04384499145748,75.07254680924733,75.97478961346691,77.28667464642287,77.52834029809888,77.9343108101688,79.67611014831557,80.60592883192936,80.60467426023312,80.45250326977701,80.06631794028596,79.69024518041746,,,76.68152114069458,73.75319433259173,"rgba(255, 0, 0, 1.0)",4.534743218503072,73.75319433259173,-1.6276507774850835,36.39242463611233,-6.833676811648779,False,True,False,True,False,0.0,0.0,0.0,0.0,0.0,0,0.9687795080319617,0.8793786126498223,False,False,False,False,-0.001807877941850335,0.05112138601201543,False,False,False,False,11564374,13766867.035082607,False,False,False,False,447543.49255399196,False,False,False,False
2024-01-17 00:00:00+00:00,65.5207824488,65.9960011791,64.7931037679,65.4910812781,566822,,,,,,,,,,,,,72.93157422015963,69.99907237684805,72.02541849396283,73.7343223847571,75.47934500419488,76.6226106929904,77.57292565456815,79.12511342119247,79.96902932944796,81.1607011397563,80.50367316533705,80.33625709027793,79.5158859798782,,,,,,,,,,,,,,69.25530677629635,67.19220414473098,68.39335567109573,68.96084270502068,70.6157859478563,73.12355110136622,74.98296782503405,75.01196508461877,75.91632342356975,77.22795571905327,77.47030870282109,77.87658540648887,79.61972448784135,80.55093050219854,80.562278205443,80.41228897353457,80.03093699136195,79.6566230620013,,,76.6226106929904,73.67587673783127,"rgba(255, 0, 0, 1.0)",4.540981149145768,73.67587673783127,-1.7958881618712232,32.638157840549795,-10.153480915782204,False,True,False,True,False,0.0,0.0,0.0,0.0,0.0,0,0.9463638419776004,0.9236268671688517,False,False,False,False,-0.08124200152856648,-0.015060307758275524,False,False,False,False,10997552,13658266.445471525,False,False,False,False,452221.0810812864,False,False,False,False
2024-01-18 00:00:00+00:00,66.0257023498,66.4316183486,64.8895335686,65.9861007889,509933,,,,,,,,,,,,,72.57438054932108,69.96008391163765,71.97762194704386,73.68222748909794,75.42879442407896,76.57175919573889,77.5227053189543,79.07507285007479,79.9208929085082,81.11319105582851,80.46771408307055,80.30218982720052,79.48719388381525,,,,,,,,,,,,,,69.17036063131486,67.17180090500659,68.36484565646381,68.92873945041543,70.57347456147862,73.07260925870105,74.93081538323312,74.96005495055886,75.86599345077113,77.17715918754033,77.4200613507179,77.82653774277024,79.57060517326073,80.50291551605717,80.52520622352415,80.3771251878502,80.00000337300929,79.62724263683849,,,76.57175919573889,73.61275491074596,"rgba(255, 0, 0, 1.0)",4.542582252813095,73.61275491074596,-1.6702069745126822,31.217362150845897,-11.354399019064665,False,True,False,True,False,0.0,0.0,0.0,0.0,0.0,0,0.9308630287342572,0.9367488157383993,False,False,False,False,-0.07112626588316633,-0.04309328682072092,False,False,False,False,11507485,13573922.075060878,False,False,False,False,454484.2935879027,False,False,False,False
2024-01-19 00:00:00+00:00,66.03560274,66.0851046911,64.5505442076,66.0851046911,525819,,,,,,,,,,,,,72.23057181153223,69.91850192028826,71.9273328949123,73.62770859271554,75.37601393946467,76.5187366467576,77.4703817504153,79.02299736485595,79.87081260113354,81.06379219241701,80.43025246897896,80.26668562398064,79.45724911509359,,,,,,,,,,,,,,69.08147263801897,67.14806030177779,68.33358487976818,68.89398698003326,70.528599260958,73.019215593158,74.87634515178603,74.9058370940935,75.813468988493,77.1242243034022,77.36770516631849,77.77440600164098,79.5194981915117,80.45297812240466,80.48659262848594,80.34048575747724,79.9677434036543,79.59658627112724,,,76.5187366467576,73.54795756401951,"rgba(255, 0, 0, 1.0)",4.546575940396659,73.54795756401951,-1.6523104249225642,30.29247059721648,-12.255863475712566,False,True,False,True,False,0.0,0.0,0.0,0.0,0.0,0,0.9326454332477496,0.9326056534004988,False,False,False,False,-0.08416263462845365,-0.06362796072458729,False,False,False,False,12033304,13513505.679960452,False,False,False,False,457281.73305504373,False,False,False,False
2024-01-22 00:00:00+00:00,66.6692277138,67.8077725887,65.9167980574,66.401917178,378187,,,,,,,,,,,,,72.04565013231701,69.89744859156411,71.89859868741578,73.59490647219823,75.34315340960129,76.48519685499903,77.43692122508175,78.9892188089219,79.83811233736621,81.03128394806795,80.40566314989707,80.24340052387093,79.4377067983737,,,,,,,,,,,,,,69.04177142120976,67.14439657151354,68.32138547059122,68.87856260352272,70.50474931334958,72.98758792562305,74.84272251806573,74.87235143680502,75.78055184140075,77.09050123300256,77.33425996209998,77.74096456090658,79.48621644137489,80.42024202966302,80.46124139400551,80.31644774224631,79.9466201079316,79.57656110028226,,,76.48519685499903,73.51154495200947,"rgba(255, 0, 0, 1.0)",4.545902058721489,73.51154495200947,-1.50516160485293,31.147901976283073,-12.255863475712566,False,True,False,True,False,0.0,0.0,0.0,0.0,0.0,0,0.9502576992680141,0.9090051308010874,False,False,False,False,-0.02558085413550309,-0.04460440743004519,False,False,False,False,12411491,13470289.418001218,False,False,False,False,454179.97881759104,False,False,False,False
2024-01-23 00:00:00+00:00,65.8177941553,67.6097647843,65.807893765,67.6097647843,517370,,,,,,,,,,,,,71.79497640424665,69.86557191369927,71.85687051155855,73.5480189572109,75.2965920699346,76.4378726947938,77.3898357172146,78.94185605264201,79.7923248079357,80.98585109749601,80.37121720302095,80.21076494422202,79.41025621172587,,,,,,,,,,,,,,68.98067306257039,67.13405769119672,68.30085582923198,68.85397739815865,70.46926401608737,72.94217091470962,74.79499061077863,74.82481837493656,75.73398869237519,77.04300500188899,77.28718318428541,77.69394184781012,79.43959019896218,80.37444939526416,80.42573615691674,80.28276566590004,79.91698702520723,79.54844271336628,,,76.4378726947938,73.45952604726648,"rgba(255, 0, 0, 1.0)",4.551017980051928,73.45952604726648,-1.6791258407375658,30.802578246908876,-12.255863475712566,False,True,False,True,False,0.0,0.0,0.0,0.0,0.0,0,0.9702904158777773,0.9059236835720088,False,False,False,False,-0.03138706992098934,-0.03799573867551727,False,False,False,False,11894121,13408478.891805092,False,False,False,False,456658.01886396,False,False,False,False
2024-01-24 00:00:00+00:00,64.8376555239,66.7979327866,64.6693488902,66.7880323964,547456,,,,,,,,,,,,,71.50900066348702,69.8231080987766,71.8056030617238,73.49236600946885,75.24248975912897,76.38344636704272,77.33605349699248,78.88824900539186,79.74070114762539,80.93488100827597,80.33241462834707,80.17396602555804,79.37916158942012,,,,,,,,,,,,,,68.8956016526147,67.1090575289313,68.26861998494701,68.81829613220741,70.4234989983757,72.88770372549627,74.73925086782084,74.76932642853187,75.68010878238972,76.98862883328249,77.23337381925326,77.6403363976087,79.38694097834261,80.32295145390556,80.38575589458418,80.24480469283236,79.88351386661857,79.51661692659864,,,76.38344636704272,73.39670598067359,"rgba(255, 0, 0, 1.0)",4.5544667943878965,73.39670598067359,-1.8792650914307292,29.61156940880322,-13.59035245779561,False,True,False,True,False,0.0,0.0,0.0,0.0,0.0,0,0.9717940734398548,0.9157771823672982,False,False,False,False,-0.0683505498120963,-0.053173144243806786,False,False,False,False,11346665,13327623.445067637,False,False,False,False,460218.7240065498,False,False,False,False
2024-01-25 00:00:00+00:00,65.6791886922,66.4910206899,64.887157475,65.3425754249,562123,,,,,,,,,,,,,71.2520114147298,69.78278950979171,71.75584612079642,73.43776519393526,75.18895715002289,76.32938678172071,77.28248484009808,78.83466468852461,79.68900187137083,80.88373312955541,80.29344896250058,80.13701119768457,79.34794924656904,,,,,,,,,,,,,,68.81842699142877,67.0878745989738,68.23913013762241,68.78508478193639,70.37968514432302,72.83444826003083,74.68422867121272,74.7145389189251,75.62670892336696,76.934524000784,77.17979264675589,77.58690150765648,79.33425598821258,80.27132655134764,80.34561076173122,80.20668484427833,79.84989838620635,79.48466688352418,,,76.32938678172071,73.33676251413178,"rgba(255, 0, 0, 1.0)",4.559272134805393,73.33676251413178,-1.6795605955332236,30.828670440402263,-13.59035245779561,False,True,False,True,False,0.0,0.0,0.0,0.0,0.0,0,0.9787529887763847,0.8982925438799174,False,False,False,False,-0.07004293177467276,-0.06160803800923977,False,False,False,False,11908788,13271982.839378709,False,False,False,False,464214.97012394003,False,False,False,False
2024-01-26 00:00:00+00:00,64.4416399152,66.4712199095,64.3723371837,66.3227140563,312318,,,,,,,,,,,,,71.10465705879275,69.75754488789184,71.72589253710856,73.40547085958633,75.15763978798327,76.29793256608465,77.25142892725036,78.80375146328963,79.65923674315206,80.85436433061035,80.2710170601487,80.11572431461124,79.3299217806546,,,,,,,,,,,,,,68.76934380729134,67.07153076365994,68.21931088373488,68.76347561722072,70.35267066549677,72.8027812145893,74.65195817777042,74.68241041144272,75.5955371631405,76.90311945879904,77.14871805923703,77.55595536732882,79.30389933373121,80.24164527436471,80.32250559559017,80.18473332995676,79.83051411034586,79.46622179960423,,,76.29793256608465,73.30105648388495,"rgba(255, 0, 0, 1.0)",4.569450229418337,73.30105648388495,-1.9388364297410674,30.328881154759664,-13.59035245779561,False,True,False,True,False,0.0,0.0,0.0,0.0,0.0,0,0.9928939945427078,0.8820584636590213,False,False,False,False,-0.17100699193949018,-0.11630751497436498,False,False,False,False,11596470,13206276.45352072,False,False,False,False,458258.226197511,False,False,False,False
2024-01-29 00:00:00+00:00,65.4613801075,65.5009816684,63.8624670876,64.6099465489,422101,,,,,,,,,,,,,70.91155479688668,69.72274663760673,71.68490843344058,73.36142130920848,75.11498077558161,76.25512220833336,77.20918050518597,78.76172707890622,79.61877943350467,80.8144604612776,80.24049962704841,80.0867574861862,79.30536794182625,,,,,,,,,,,,,,68.70234157200284,67.04818092697218,68.19162232922659,68.73346461826277,70.31554326539364,72.75954846434391,74.60799305507969,74.63863831909313,75.55308884557046,76.86039152720842,77.1064420458897,77.51386209566006,79.262636207365,80.20131017086779,80.29107617447536,80.15486609366125,79.80412486500035,79.44110270032822,,,76.25512220833336,73.25263794049263,"rgba(255, 0, 0, 1.0)",4.576305813359551,73.25263794049263,-1.702521236724982,32.27625978238437,-13.59035245779561,False,True,False,True,True,0.0,0.0,0.0,0.0,0.0,0,0.984083174097043,0.9443303774573995,False,False,False,False,-0.31102057321040005,-0.21366404409238252,False,False,False,False,12018571,13159699.769068928,False,False,False,False,456840.29575839295,False,False,False,False
2024-01-30 00:00:00+00:00,64.9861613771,65.5504836194,64.7188508413,65.2138703521,576178,,,,,,,,,,,,,70.67258477682657,69.67745207604824,71.6309309989452,73.3030401438527,75.0581356214427,76.1979382970083,77.15264572478793,78.70536399385462,79.56444857595496,80.76080238075326,80.19942724701227,80.04776822311851,79.27231994475811,,,,,,,,,,,,,,68.61792989789288,67.01923859329577,68.15620976996554,68.6947740225235,70.2670103013671,72.70236620772025,74.54950006062039,74.58039469395024,75.49646543805002,76.80325380370435,77.04988016167634,77.45750610121509,79.20725305851222,80.14710858021861,80.24878032144736,80.11466795310801,79.76860002136623,79.4072925317585,,,76.1979382970083,73.18963103423741,"rgba(255, 0, 0, 1.0)",4.585946020424843,73.18963103423741,-1.7888282200882584,33.004444367282765,-13.59035245779561,False,True,False,True,True,0.0,0.0,0.0,0.0,0.0,0,0.9554218675384956,0.9559962076497831,False,False,False,False,-0.28408600644257986,-0.24887502526748118,False,False,False,False,11442393,13092354.40557603,False,False,False,False,461520.2057286521,False,False,False,False
2024-01-31 00:00:00+00:00,64.0357239164,65.9266984476,63.788214161,65.4613801075,561797,,,,,,,,,,,,,70.43843935330936,69.6294000187101,71.57517566826105,73.24347721382098,75.00056950748112,76.14025113763469,77.09575701848567,78.6488456312266,79.51004172960202,80.70717194301679,80.15827178186883,80.00867879287543,79.2391102670903,,,,,,,,,,,,,,68.52817426406521,66.98471975233473,68.11693566471223,68.65269733040391,70.21605046012132,72.64380773712543,74.49016842764904,74.52132033577085,75.43921027895806,76.74571148703394,76.99294940757362,77.40083866230566,79.1517639092475,80.09288514394436,80.206409319105,80.0743778080868,79.7329488884153,79.37332997567792,,,76.14025113763469,73.12522496784919,"rgba(255, 0, 0, 1.0)",4.6005689502422555,73.12522496784919,-1.9757341210961652,32.40762544827073,-13.59035245779561,False,True,False,True,True,0.0,0.0,0.0,0.0,0.0,0,0.9440248535623199,0.9485530158868186,False,False,False,False,-0.3064039790490377,-0.27763950215825944,False,False,False,False,10880596,13005618.78182795,False,False,False,False,465452.6290334108,False,False,False,False
2024-02-01 00:00:00+00:00,65.7286906433,65.8771964966,64.3624367935,64.7188508413,373171,,,,,,,,,,,,,70.31102635675278,69.60258279690771,71.54249000151829,73.20769964907787,74.96536873197208,76.10467927543652,77.06046852499561,78.6135129557759,79.47589914793573,80.67336856407788,80.13234599406277,79.98406198022438,79.21824227151545,,,,,,,,,,,,,,68.48149499018365,66.96922054183172,68.09668056932084,68.6302124732255,70.18707941645705,72.60889998497572,74.45405840931409,74.48535516337991,75.40407699324304,76.71009292077328,76.95765559542335,77.3656275889975,79.11699618692373,80.05878263548021,80.17971678959098,80.0490022287895,79.71051120952517,79.35197967937017,,,76.10467927543652,73.08791414697814,"rgba(255, 0, 0, 1.0)",4.603563940409787,73.08791414697814,-1.598592655372797,35.58292850000147,-13.59035245779561,False,True,False,True,True,0.0,0.0,0.0,0.0,0.0,0,0.9496397729746212,0.95074332750898,False,False,False,False,-0.3028402952521331,-0.2902398987051963,False,False,False,False,11253767,12936918.711952345,False,False,False,False,461833.7416203359,False,False,False,False
2024-02-02 00:00:00+00:00,64.8970578652,65.4742506148,63.4020989426,64.4119387446,364561,,,,,,,,,,,,,70.1751571476319,69.57228101196536,71.50716925060166,73.16984394881672,74.92863596287242,76.06781047290629,77.02406174315351,78.57728574465128,79.44098656168961,80.63892111608581,80.10585878471944,79.95889656835969,79.19684586515592,,,,,,,,,,,,,,68.42692436980151,66.94774996540379,68.07202948981934,68.60374302103907,70.15489872430933,72.57172534179827,74.41625057728038,74.44770636392342,75.36751528812185,76.67328805122207,76.92122638171637,77.32934880154265,79.08140646301193,80.02397210424905,80.15245280044337,80.02306883259263,79.6875473572949,79.33010006298244,,,76.06781047290629,73.04773258292886,"rgba(255, 0, 0, 1.0)",4.61358463216104,73.04773258292886,-1.7666685164743623,36.61417213789786,-18.54716957279198,False,True,False,True,True,0.0,0.0,0.0,0.0,0.0,0,0.9346295212797152,0.9550364737652444,False,False,False,False,-0.34282825441539394,-0.3165340765602951,False,False,False,False,10889206,12856616.252660098,False,False,False,False,458019.12430189137,False,False,False,False
2024-02-05 00:00:00+00:00,63.5704055763,64.1644289892,62.9268802122,63.7783137708,386643,,,,,,,,,,,,,70.01244951138675,69.53393252758032,71.4645395989515,73.12524650831473,74.88608092999964,76.02545491523607,76.98247940218262,78.53623391363288,79.40156397184515,80.60019708301205,80.07599421377208,79.93050126938856,79.1726150778503,,,,,,,,,,,,,63.55390492590001,68.35549218042138,66.9155608101864,68.03858291605897,68.56888744813389,70.11488300911502,72.52759831142282,74.37226830530702,74.40391989940561,75.32530186697048,76.63116723152991,76.87959393648434,77.28798232150345,79.0411628254577,79.98475402175593,80.12172099844766,79.99381725541446,79.66160053053525,79.30533790265085,,,76.02545491523607,72.25026632780454,"rgba(255, 0, 0, 1.0)",4.635680770594157,72.25026632780454,-1.8724026051500609,35.75535600174047,-18.54716957279198,False,True,False,True,True,0.0,0.0,0.0,0.0,0.0,0,0.9173926564679303,0.9591749737630331,False,False,False,False,-0.34282825441539394,-0.32968116548784454,False,False,False,False,10502563,12764300.43883029,False,False,False,False,455220.060603778,False,False,False,False
2024-02-06 00:00:00+00:00,64.9168586456,65.0653644989,63.2238919187,63.4417005034,467496,,,,,,,,,,,,,69.85056162182077,69.494696847692,71.41906308957589,73.07660202213347,74.83886960350021,75.97808033531041,76.93569706704625,78.48968911234026,79.35669509269296,80.55592703216456,80.04187437616021,79.89807039297153,79.14500283486552,,,,,,,,,,,,,64.01811389573984,68.28664119071702,66.88706270621753,68.00632174607202,68.53440001730536,70.07331399145521,72.47980554181774,74.32369407341764,74.35554675046605,75.27831075399547,76.58387780818012,76.8327824533784,77.24136439630828,78.99543088181785,79.94001841908567,80.08660877699813,79.96040471656768,79.63198510637964,79.27710776406681,,,75.97808033531041,72.22474029560748,"rgba(255, 0, 0, 1.0)",4.644773558563686,72.22474029560748,-1.573355849938852,37.77934565389013,-17.1442627017099,False,True,False,True,True,0.0,0.0,0.0,0.0,0.0,0,0.9088444949030532,0.9602279441521874,False,False,False,False,-0.30833987878077995,-0.31901052213431225,False,False,False,False,10970059,12693938.029464398,False,False,False,False,455701.46999186516,False,False,False,False
2024-02-07 00:00:00+00:00,64.8376555239,65.6989894727,64.4119387446,65.3623762053,482971,,,,,,,,,,,,,69.70965560590804,69.45933922170154,71.37653049212706,73.03024078419104,74.79322957622459,75.93197684919103,76.88995298851238,78.44389373812135,79.312411442671,80.51208030906325,80.00808404782171,79.86595844222444,79.11770436019246,,,,,,,,,,,,,64.3665855944166,68.22825051946688,66.86501660382808,67.97886326833546,68.50428971636931,70.03533316504253,72.43452565398955,74.2769152693678,74.30894896220997,75.23275681705294,76.53771670613096,76.7870313573874,77.19571898180479,78.95035272746603,79.89578849435325,80.051835838818,79.92731925991382,79.60267207101577,79.2491896580712,,,75.93197684919103,72.19714390666289,"rgba(255, 0, 0, 1.0)",4.653232725429861,72.19714390666289,-1.5815861395763369,39.0229425686214,-15.812034588555349,False,True,False,True,True,0.0,0.0,0.0,0.0,0.0,1,0.9235023362427176,0.9556863316118842,False,False,False,False,-0.25719830627712525,-0.28810441420571875,False,False,False,False,10487088,12607394.891054029,False,False,False,False,456770.8633255175,False,False,False,False
2024-02-08 00:00:00+00:00,63.4020989426,64.3327356229,62.9476710317,64.3327356229,377567,,,,,,,,,,,,,69.57358883386875,69.42342287489336,71.3363611241146,72.98802634529713,74.75271411287962,75.8915573094621,76.8501934884695,78.40454925884902,79.27456517554322,80.47485119209428,79.97928348438398,79.83856137629107,79.09429709473378,,,,,,,,,,,,,64.18916164837832,68.16464096945171,66.83537902590629,67.94771735285798,68.47174105592623,69.99778737412561,72.3928240704818,74.23512497040656,74.26733665327416,75.19252253114448,76.4974751664937,76.7472311690261,77.15614390552253,78.9117466671907,79.8581133265664,80.02220829125065,79.8991045512022,79.57761689994933,79.2252723414185,,,75.8915573094621,72.14554749909902,"rgba(255, 0, 0, 1.0)",4.67191947075964,72.14554749909902,-1.871489568949562,38.03476269761444,-15.812034588555349,False,True,False,True,True,0.0,0.0,0.0,0.0,0.0,1,0.9172995055374394,0.9531580458713826,False,False,False,False,-0.3373336816459225,-0.3127190479258206,False,False,False,False,10109521,12509439.052189166,False,False,False,False,453664.82946961484,False,False,False,False
2024-02-09 00:00:00+00:00,64.4218391348,64.7782531826,63.4813020643,63.511003235,320302,,,,,,,,,,,,,69.4750710304206,69.39671915250409,71.30549897900725,72.95501881303694,74.72060462757833,75.85931630969957,76.81833154553806,78.37282572932256,79.24395662414308,80.44463562351105,79.9559183345842,79.81634006624803,79.0753445167142,,,,,,,,,,,,,64.19513802788079,68.11963803308413,66.8156819802012,67.92559863141632,68.44816414443622,69.96953761906792,72.36039914706268,74.20212468025024,74.23446862039548,75.1605501092988,76.46528037594352,76.71535131493063,77.12438735967265,78.8805624085975,79.82758940938965,79.99817160172267,79.87621829261302,79.55730474682774,79.20590023713524,,,75.85931630969957,72.11334402507127,"rgba(255, 0, 0, 1.0)",4.6702842657458365,72.11334402507127,-1.64690294050933,39.35968416817417,-15.26222145418609,False,True,False,True,True,0.0,0.0,0.0,0.0,0.0,1,0.9196074403357648,0.9615403349941923,False,False,False,False,-0.3091861191974294,-0.31095258356162503,False,False,False,False,10429823,12427885.48151508,False,False,False,False,448434.9145884535,False,False,False,False
2024-02-12 00:00:00+00:00,66.8672355181,67.3226534681,64.6792492804,64.6792492804,363605,,,,,,,,,,,,,69.40980514090269,69.37869875190377,71.28090222391019,72.92663299714708,74.69150887913541,75.82938341542734,76.78824955915256,78.34221091480181,79.21411235754087,80.41481613544816,79.93294541688365,79.79451852036533,79.0568686648573,,,,,,,,,,,,,64.51265779948274,68.09619983117955,66.81121127985222,67.91463256645943,68.43463931537612,69.94920093918458,72.33315704279721,74.17261753326238,74.20505347939094,75.13128493585336,76.4350623500444,76.68530246434325,77.09426113439017,78.85028265107242,79.79764518400995,79.9745308035787,79.85373242080921,79.53740514991672,79.18698953796866,,,75.82938341542734,72.10402308195977,"rgba(239, 83, 80, 1.0)",4.649851917783579,72.10402308195977,-1.1262267393573162,44.05324054627399,-10.762265803488589,False,True,False,True,True,0.0,0.0,0.0,0.0,0.0,1,0.9100354551403591,0.9465979153105735,False,False,False,False,-0.20546589707684612,-0.2582092403192356,False,False,False,False,10793428,12363789.109690959,False,False,False,False,445108.2512712592,False,False,False,False
2024-02-13 00:00:00+00:00,63.6892102588,65.3079240591,63.421899723,64.8376555239,450002,,,,,,,,,,,,,69.27947099835427,69.34136077751826,71.2378229614166,72.8805626725371,74.64663253563751,75.78430538232084,76.74368103993015,78.29781494959633,79.17125376060866,80.37249365337651,79.90015686674931,79.76332509934939,79.03023825109082,,,,,,,,,,,,,64.45373675950296,68.03446094499807,66.78340034008734,67.88357224262545,68.4015887827628,69.90973543680302,72.28790371719255,74.1265249211126,74.15914219183085,75.08658954992165,76.39003867754674,76.64071059446366,77.04983434335129,78.80662887770971,79.75489920503449,79.94080625095454,79.82161163445572,79.50887605617784,79.15977314754652,,,75.78430538232084,72.05605374349568,"rgba(255, 0, 0, 1.0)",4.640290933957511,72.05605374349568,-1.8030859710686171,43.26617818997907,-10.762265803488589,False,True,False,True,True,0.0,0.0,0.0,0.0,0.0,1,0.8899491601309951,0.9437633768936387,False,False,False,False,-0.29583673973926755,-0.27702299002925157,False,False,False,False,10343426,12284559.183820726,False,False,False,False,445300.1629861118,False,False,False,False
2024-02-14 00:00:00+00:00,64.6891496706,65.1247668401,63.7634631855,64.2634328914,341952,,,,,,,,,,,,,69.19178469697397,69.31542178082249,71.20719529543943,72.84740827074559,74.61402968312977,75.7514109538876,76.71105440604,78.26517904000193,79.13968093906225,80.34124159265987,79.8759402500375,79.7402882752175,79.01058864070713,,,,,,,,,,,,,64.46145954948575,67.99334419473293,66.7656816275659,67.86270859937525,68.37905684035441,69.88208562710105,72.25546275071248,74.09312505945,74.12586744291386,75.05405768262978,76.35711693238554,76.60807713304978,77.01728168962947,78.77449838614783,79.7233720343621,79.91589907563161,79.79788985392831,79.48781053474639,79.13968738723746,,,75.7514109538876,72.02468151082125,"rgba(255, 0, 0, 1.0)",4.618526776663295,72.02468151082125,-1.588283925793516,44.11574459434193,-10.74724391385471,False,True,False,True,True,0.0,0.0,0.0,0.0,0.0,1,0.8913722568053465,0.959919714890115,False,False,False,False,-0.29136329426942437,-0.284193142149338,False,False,False,False,10685378,12221846.196219914,False,False,False,False,441247.2938494016,False,False,False,False
2024-02-15 00:00:00+00:00,66.6890284943,66.9563390301,64.7386516217,64.8574563043,374285,,,,,,,,,,,,,69.13115079685905,69.29673955404192,71.18195305147823,72.81834849042274,74.58421350624192,75.72073340167151,76.68021140476402,78.23377917250838,79.10905021570366,80.31062664221646,79.85227871473651,79.71779989826466,78.99151430069564,,,,,,,,,,,,,64.63643695543833,67.96972113312668,66.76025030326538,67.85099051581403,68.36482354265733,69.86110115504364,72.22755985465012,74.06291029022687,74.09574364167105,75.02406280266175,76.32614268144445,76.57726898423009,76.98638980804726,78.74343112983355,79.69263543720072,79.8915575184782,79.7747244403546,79.46728282111374,79.12016897247737,,,75.72073340167151,72.00783759368782,"rgba(239, 83, 80, 1.0)",4.551638170172512,72.00783759368782,-1.168548311735911,47.11352623006835,-7.851147695064654,False,False,False,False,True,0.0,0.0,0.0,0.0,0.0,1,0.8756568615138496,0.9520205502678644,False,False,False,False,-0.21378201028153787,-0.24898757621543793,False,False,False,False,11059663,12176270.384603446,False,False,False,False,438621.3215415819,False,False,False,False
2024-02-16 00:00:00+00:00,66.4514191291,67.639465955,65.575234595,65.8177941553,405424,,,,,,,,,,,,66.55537322636667,69.07709255159308,69.27944475532188,71.15718059576955,72.78914601210381,74.55377258073251,75.68919414279509,76.64834946973893,78.20114402684077,79.07712042851252,80.27860790943429,79.82753560936169,79.6942876751276,78.97160099786328,,,,,,,,,,,,,64.83239020940586,67.95058188455461,66.7583773879132,67.84157922444409,68.35251491446286,69.84120601037208,72.19971854494635,74.03218820455776,74.0651051498027,74.9933490376243,76.29419961566353,76.54545796438403,76.9544342400467,78.71108515399595,79.66054212456673,79.86610332322222,79.75050322391499,79.44582845066634,79.09978595387075,,,75.68919414279509,71.47281107412763,"rgba(239, 83, 80, 1.0)",4.4807664053022,71.47281107412763,-1.1206547029735126,48.80597490917978,-6.232443669720183,False,False,False,False,True,0.0,0.0,0.0,0.0,0.0,1,0.8954358253597346,0.935731387430379,False,False,False,False,-0.17286495711575298,-0.21092626666559544,False,False,False,False,10654239,12116582.87932488,False,False,False,False,437319.4657948532,False,False,False,False
2024-02-20 00:00:00+00:00,66.174208203,66.8177335671,65.6296867412,65.9861007889,441548,,,,,,,,,,,,66.37386664127699,69.012961070609,69.25847962520523,71.12848237876933,72.75589067699153,74.51944908176492,75.65379073408748,76.61268674444092,78.16475148665563,79.0415681276672,80.24302498308252,79.799988226966,79.66809981678178,78.94937969453997,,,,,,,,,,,,,64.96998697212635,67.9252613216086,66.75294395116147,67.8287509276316,68.33673825807593,69.81754160396702,72.16785450230849,73.99746869465413,74.03048477361702,74.95878126713549,76.25841187227655,76.50984202620681,76.91869559348503,78.67504842204332,79.6248432865251,79.83776918948487,79.72353124581859,79.42191450495447,79.07704783006241,,,75.65379073408748,71.44348365619575,"rgba(239, 83, 80, 1.0)",4.413362007096752,71.44348365619575,-1.193936831993993,49.55665086473441,-5.455579537274943,False,False,False,False,True,0.0,0.0,0.0,0.0,0.0,1,0.8923555074939076,0.9619034253867879,False,False,False,False,-0.19344348054667657,-0.20218487360613602,False,False,False,False,10212691,12041920.45268469,False,False,False,False,437485.2906656433,False,False,False,False
2024-02-21 00:00:00+00:00,66.5504230312,66.6048751774,65.0505139135,65.2930734738,681709,,,,,,,,,,,,66.23773604099038,68.91476641550507,69.22522237980172,71.08359302619905,72.70412950919028,74.46613321170618,75.59885294466508,76.5573756381826,78.10835018430933,78.98647414221705,80.18790125417323,79.75724431680925,79.62745304693,78.91485206049622,,,,,,,,,,,,,65.11702467803573,67.88454156218137,66.74268451333086,67.80767641911947,68.31127508510706,69.78022553420168,72.1181908113731,73.94352289747856,73.97669271540235,74.90510593329697,76.20289980510393,76.454600369609,76.86327485865948,78.61920316206292,79.56953261312579,79.79381154268394,79.6816744771082,79.3847773097581,79.04172297271333,,,75.59885294466508,71.40161247452401,"rgba(239, 83, 80, 1.0)",4.344008852762909,71.40161247452401,-1.1167540416586692,50.56915363021404,-4.370037146022085,False,False,False,False,True,0.0,0.0,0.0,0.0,0.0,1,0.8855149238737745,0.9668830267455691,False,False,False,False,-0.21485715856339171,-0.20852101608476387,False,False,False,False,10894400,11996919.650618624,False,False,False,False,447062.6910316965,False,False,False,False
2024-02-22 00:00:00+00:00,63.3525969915,65.1049660597,62.0952474341,64.154528599,1034370,,,,,,,,,,,,65.13997267167287,68.65480957243383,69.13633749952027,70.9830993315835,72.59749162646317,74.36232027766454,75.49469346430462,76.45440642551591,78.00584762617937,78.88743407124497,80.09011037317933,79.6809017416767,79.55472423062525,78.85248116089899,,,,,,,,,,,,63.517603495100005,64.84704633171313,67.74390105682892,66.6709545019489,67.73112891236866,68.23098657540642,69.68704812131166,72.0132281748177,73.83699154439712,73.87056133134642,74.80173242310832,76.09890209789971,76.35157300502425,76.76063801764457,78.5183744606885,79.47076978859488,79.71534973573081,79.60684224599181,79.31810157353334,78.97802095667195,,,75.49469346430462,70.58851910074571,"rgba(255, 0, 0, 1.0)",4.337364202330854,70.58851910074571,-1.6682763475009095,47.266520898393516,-4.370037146022085,False,False,False,False,False,0.0,0.0,0.0,0.0,0.0,1,0.8364179604947265,0.9664493157115878,True,False,False,False,-0.3396614269298288,-0.27409122150729637,False,False,False,False,9860030,11913120.056476718,False,False,False,False,470094.3502069241,False,False,False,False
2024-02-23 00:00:00+00:00,63.788214161,64.4614406957,62.7882747492,63.4070491377,428699,,,,,,,,,,,,64.93066885851995,68.55743067962474,69.10134205045101,70.94311280463126,72.554791546278,74.32050234901237,75.45262445778424,76.41273300821383,77.96425538440371,78.84718520605898,80.05030820593008,79.6497856677276,79.52507558770807,78.82705016942239,,,,,,,,,,,,63.56498564907044,64.77069433288908,67.69036230045981,66.6436293969161,67.7013853388717,68.19960832074115,69.6502291036721,71.97128693461136,73.7941565280043,73.82788064454525,74.76004300526847,76.05684552414364,76.30988426464478,76.71907479943594,78.47742537703087,79.4306037448221,79.68337463453429,79.57634009270924,79.2909126328576,78.95204690924295,,,75.45262445778424,70.54007320450698,"rgba(255, 0, 0, 1.0)",4.348217140072896,70.54007320450698,-1.5527879188190197,45.715118406744786,-4.370037146022085,False,False,False,True,False,0.0,0.0,0.0,0.0,0.0,1,0.8513962904732121,0.970362743321488,False,False,False,False,-0.3382241298042171,-0.30615767565575674,False,False,False,False,10288729,11849418.446418807,False,False,False,False,468471.0031399859,False,False,False,False
2024-02-26 00:00:00+00:00,63.194190748,64.6792492804,62.6595696764,63.5704055763,673164,,,,,,,,,,,,64.66990754465664,68.40696597276423,69.0456092913183,70.87976546304712,72.4873048420012,74.25446622570821,75.3862310755905,76.34698351996443,77.89866657321902,78.78371606993103,79.98755848695406,79.60065680500698,79.47825054159294,78.78684697604875,,,,,,,,,,,,63.547974855851635,64.65340393930155,67.60567105971559,66.59933546219088,67.65363376209221,68.14939794283175,69.59171186827426,71.90495435645748,73.7265119875193,73.76047846754554,74.69422242763571,75.99048778033165,76.24410828503314,76.65350501085278,78.41285307680471,79.36727421757715,79.63289696844132,79.52817457464295,79.2479512734985,78.91099119807821,,,75.3862310755905,70.46260713049335,"rgba(255, 0, 0, 1.0)",4.357029626140537,70.46260713049335,-1.6682044893350267,44.013230615143215,-0.8742778573951995,False,True,False,True,False,0.0,0.0,0.0,0.0,0.0,1,0.8576562540262153,0.966084090046446,False,False,False,False,-0.3356403796590104,-0.32089902765738354,False,False,False,False,9615565,11761816.350480814,False,False,False,False,476498.1794874374,False,False,False,False
2024-02-27 00:00:00+00:00,64.3327356229,64.5901457685,63.3030950404,63.8971184534,419943,,,,,,,,,,,,64.60878164058558,68.32786739457931,69.01488863985793,70.84377602919,72.44832693969937,74.21582022052213,75.34713576784266,76.3080934577297,77.85964372763266,78.7458404145688,79.94998612960738,79.57122937588777,79.45020540083145,78.7627961311153,,,,,,,,,,,,63.63461098810891,64.62166927803699,67.5615993623179,66.57726648427592,67.62837541851705,68.12236107832042,69.55910421267141,71.86684482857765,73.68706825138312,73.7211655590634,74.65560238619842,75.95130181271962,76.20521973045317,76.6146713159225,78.37436691023106,79.32941863456308,79.60266321801393,79.49932676016775,79.22222560108573,78.88642411094524,,,75.34713576784266,70.42993930114604,"rgba(239, 83, 80, 1.0)",4.349251067636457,70.42993930114604,-1.4018973803596666,44.663543276909216,-0.8742778573951995,False,False,False,True,False,0.0,0.0,0.0,0.0,0.0,1,0.8540495323484474,0.9976274867896643,False,False,False,False,-0.31965887740749777,-0.32027895253244065,False,False,False,False,10035508,11694117.983795293,False,False,False,False,474280.32931145944,False,False,False,False
2024-02-28 00:00:00+00:00,63.8476165023,64.3228352327,63.511003235,63.8971184534,378388,,,,,,,,,,,,64.54816799744289,68.25609190241121,68.98652610788774,70.81081149204584,72.41275947649976,74.18063005671463,75.31157631249785,76.27274541211558,77.82421004847363,78.71145921101723,79.91589799704732,79.54449982222022,79.42472546949678,78.74092548571758,,,,,,,,,,,,63.668033651632655,64.58736338189257,67.52080171375542,66.55629045738945,67.60477282372388,68.0972262385307,69.52909001317926,71.83203017445867,73.65113679461419,73.6853537304657,74.62045089589635,75.91567727401736,76.1698704649245,76.57938163829792,78.33942768556749,79.29506521314389,79.57520441038477,79.47312084252364,79.19884331124054,78.86408719366129,,,75.31157631249785,70.39723304799902,"rgba(255, 0, 0, 1.0)",4.315626607584931,70.39723304799902,-1.5176513496760224,44.47588320368017,-0.8742778573951995,False,False,False,True,False,0.0,0.0,0.0,0.0,0.0,1,0.805796860230611,1.0426559802636517,False,False,False,False,-0.3213635168589245,-0.3208212346956826,False,False,False,False,9657120,11614235.709920969,False,False,False,False,470519.84580904926,False,False,False,False
2024-02-29 00:00:00+00:00,64.5010422565,65.5999855705,63.9169192338,64.6594485,834209,,,,,,,,,,,,64.56777046866186,68.13261519144679,68.93448831779101,70.74728967264691,72.34245552327042,74.10969985994706,75.23924994993378,76.2003809356283,77.75105539057539,78.64017513950202,79.8448832789724,79.48880811768468,79.37164744240461,78.69545256480052,,,,,,,,,,,,63.89040289012296,64.59539134661343,67.45262894889694,66.52437910429134,67.56447969207444,68.05292910760845,69.47302171084675,71.76376628017876,73.57909410838882,73.61352342620485,74.5493282452664,75.84291710723598,76.09754972622254,76.50700248310136,78.26711277634183,79.2236686322073,79.51799528991823,79.41852876111258,79.15015538365596,78.81762647857805,,,75.23924994993378,70.35364903388248,"rgba(239, 83, 80, 1.0)",4.27632764590807,70.35364903388248,-1.3686057902936215,45.40668372995982,-0.8742778573951995,False,False,False,True,False,0.0,0.0,0.0,0.0,0.0,1,0.8028874089304289,1.0132813148486104,False,False,False,False,-0.27371872619773574,-0.29726998044670916,False,False,False,False,10491329,11570200.152669165,False,False,False,False,484782.1655812434,False,False,False,False
2024-03-01 00:00:00+00:00,65.1544680108,65.8276945455,63.4016039231,64.4911418663,392610,,,,,,,,,,,,64.583420759319,68.07934621517154,68.91111777827051,70.71843773345984,72.31032700355316,74.07710904294824,75.20593859436629,76.16699200109498,77.71722536743201,78.60716681923984,79.81195635811169,79.4629561411291,79.34700503060567,78.67433810063815,,,,,,,,,,,,63.975709251125515,64.60384168453383,67.42301947789906,66.51069621131296,67.54668058909549,68.03321324841997,69.44773846686896,71.7326319835377,73.54604547282726,73.58056782711883,74.51661496629602,75.80936863945523,76.06418674395044,76.47358966668486,78.23364576242068,79.19058702935324,79.49144218122542,79.39318612968754,79.127545843734,78.79605303758929,,,75.20593859436629,70.33380058447648,"rgba(239, 83, 80, 1.0)",4.191906539972975,70.33380058447648,-1.235555355132003,47.058603836492935,-0.8742778573951995,False,False,False,False,True,0.0,0.0,0.0,0.0,0.0,1,0.8111535654408945,1.003050779588375,False,False,False,False,-0.2817695246358058,-0.2895197525412575,False,False,False,False,10883939,11543287.950603707,False,False,False,False,481167.5708525672,False,False,False,False
2024-03-04 00:00:00+00:00,65.0158625478,65.5009816684,64.2584826963,64.9564602065,385339,,,,,,,,,,,,64.60509270334259,68.0307042563623,68.88915439841851,70.69100875401072,72.27960137277508,74.04578945336928,75.17385740990159,76.13478488973553,77.68452684066797,78.5752271735576,79.78005869124036,79.43789622147457,79.32311606733009,78.65387123814367,,,,,,,,,,,,64.05617177744503,64.6166833767136,67.39600446972567,66.4984810969029,67.53025018156521,68.01486372083036,69.42387642816709,71.70291339508378,73.51432996923197,73.5489381438556,74.48514837524276,75.77702683649615,76.03200962650243,76.44134492918785,78.20127727849284,79.15855830242747,79.4657044138173,79.36861971997489,79.10562561655277,78.77514035781128,,,75.17385740990159,70.31559528729713,"rgba(239, 83, 80, 1.0)",4.054671811898394,70.31559528729713,-1.3070682376672553,47.93314432789245,-0.8742778573951995,False,False,False,False,True,0.0,0.0,0.0,0.0,0.0,1,0.8172765809368262,1.0142297317030113,False,False,False,False,-0.26695574494347685,-0.2782377487423672,False,False,False,False,10498600,11502319.795678072,False,False,False,False,477409.5876818783,False,False,False,False
2024-03-05 00:00:00+00:00,63.9862219653,65.5335558092,63.6241855211,65.1467223482,486943,,,,,,,,,,,,64.5884882730732,67.96094698232395,68.85798342130448,70.6534826162147,72.23829396892798,74.00417548596978,75.13146659787954,76.09238699440077,77.64169401926092,78.53347909411536,79.73847700126227,79.40516999411297,79.29190527733026,78.62707378724032,,,,,,,,,,,,64.08762583445095,64.60536649103469,67.3553592085183,66.47806894631111,67.50550682498414,67.98795663123558,69.39047874076256,71.66274444295712,73.47206779042942,73.50679805176866,74.44343385681415,75.73439696400965,75.98963535768961,76.39894279824375,78.15893237598497,79.1167510794465,79.43209857598276,79.33653054619519,79.07696365399501,78.74776951026273,,,75.13146659787954,70.28271382433299,"rgba(255, 0, 0, 1.0)",4.047739602187194,70.28271382433299,-1.5555575402208885,46.87008362955469,-0.8742778573951995,False,False,False,False,True,0.0,0.0,0.0,0.0,0.0,1,0.8230317240480249,1.011374970540125,False,False,False,False,-0.2837780857184512,-0.2810079172304092,False,False,False,False,10011657,11443862.431141676,False,False,False,False,477783.4469884713,False,False,False,False
2024-03-06 00:00:00+00:00,64.4920811066,65.1070471214,64.4424870731,64.799564114,256568,,,,,,,,,,,,64.59195174623207,67.92823776031288,68.84281856719126,70.6348239744254,72.21752487952645,73.98307042126183,75.1098827146312,76.070738179529,77.61974311985956,78.51204385230672,79.71708312749134,79.38832614034988,79.27584180324554,78.61329048825817,,,,,,,,,,,,64.11638116522072,64.60722388736376,67.33649176688596,66.46898373344565,67.49385914743085,67.97510202663616,69.37409954544103,71.64261886509158,73.45068476241515,73.48547302853997,74.42224240988021,75.71265213993178,75.96800461409865,76.37727431253423,78.13720754498819,79.09526343548595,79.4148028025694,79.32001529841327,79.06221321454855,78.73368926337626,,,75.1098827146312,70.26810635779813,"rgba(239, 83, 80, 1.0)",4.045624211534729,70.26810635779813,-1.4277216442223557,47.10033071125251,-0.8742778573951995,False,False,False,False,True,0.0,0.0,0.0,0.0,0.0,1,0.825862367157891,1.0065668124708433,False,False,False,False,-0.2728075514165016,-0.2769077343234554,False,False,False,False,10268225,11397759.002469454,False,False,False,False,469108.331420296,False,False,False,False
2024-03-07 00:00:00+00:00,65.2359916084,65.7765665731,64.3879336363,64.7301324672,362061,,,,,,,,,,,,64.61925618815287,67.88945892972006,68.82391333191237,70.61067893194044,72.19015939154022,73.9548919233583,75.08089170652975,76.04153675179651,77.58997283203188,78.48289460595426,79.68790229871428,79.3653520784021,79.25393514895887,78.5945170393735,,,,,,,,,,,,64.18153313271459,64.62495575503259,67.31477928825608,66.45952591443952,67.4802050181315,67.95960183402993,69.35339060448186,71.61624981999623,73.42223540566877,73.45709363667939,74.3938769372616,75.68336558462953,75.93883965889582,76.34801124859645,78.10769694114475,79.06599874843297,79.39121262387677,79.29749185011676,79.04210316445328,78.71450642145354,,,75.08089170652975,70.25274514966857,"rgba(239, 83, 80, 1.0)",4.039693129027175,70.25274514966857,-1.2418650083147993,48.58547980856521,-0.8742778573951995,False,False,False,False,True,0.0,0.0,0.0,0.0,0.0,1,0.8174098379315093,1.022509258510715,False,False,False,False,-0.2557152684761843,-0.26631150139981985,False,False,False,False,10630286,11367662.021980457,False,False,False,False,464910.3968547942,False,False,False,False
2024-03-08 00:00:00+00:00,68.2612276493,68.5191166232,65.9501456902,65.9501456902,612992,,,,,,,,,,,,64.85186803760647,67.88228312079058,68.81324430722145,70.58830139200023,72.16018300222883,73.92069222162225,75.04415264362632,76.00344573565431,77.54971549484814,78.44281158728721,79.64701200979667,79.33327278637078,79.22339118387686,78.56859903914085,,,,,,,,,,,,64.51372703569835,64.78425751952946,67.31908026660317,66.47276383182445,67.48114218101388,67.95609920550383,69.33882235297334,71.58873317234622,73.38857837307474,73.42345855981452,74.35881283499705,75.64554790218621,75.90090282549653,76.30953176276459,78.06738975010863,79.02537062954946,79.35826420769303,79.26607096328094,79.01414560630782,78.68797260681228,,,75.04415264362632,70.2716325393079,"rgba(239, 83, 80, 0.5)",4.011906935419214,70.2716325393079,-0.5011095527313952,53.67995390444812,-0.5627541547890687,True,False,True,False,True,0.5186499663470627,0.0,0.0,0.0,0.0,1,0.8262493341849659,0.9925494794643964,False,False,False,False,-0.13951923550547068,-0.20291536845264527,False,False,False,False,11243278,11362784.217196912,False,False,False,False,470717.51854676305,False,False,False,False
2024-03-11 00:00:00+00:00,67.20983414,69.2431895117,66.8130818723,68.2612276493,514564,,,,,,,,,,,67.755368508,65.03168764904531,67.87988401326838,68.80570136493523,70.57086893601686,72.13628758170991,73.89306586280676,75.01432010785408,75.97240653492877,77.5167718623697,78.40994058412497,79.61340460769526,79.30688584574675,79.19826590914407,78.54728850348548,,,,,,,,,,,,64.75975489804831,64.91301867283723,67.32500948487447,66.48539453983304,67.48335679433778,67.95456907226438,69.32799709738796,71.56693776766437,73.36148221732635,73.39637307154705,74.33042381233892,75.61477037635517,75.86999960186368,76.2781456955042,78.03436392533888,78.99201574476797,79.3311648510686,79.24022596526477,78.99114694336338,78.66615306299953,,,75.01432010785408,69.88031359142256,"rgba(239, 83, 80, 0.5)",3.99973078172949,69.88031359142256,-0.6676647997463083,55.19079881137071,0.7821490490888863,True,False,True,False,True,0.0,0.0,0.0,0.0,0.0,1,0.8256674246961246,0.9894728881738603,False,False,False,False,-0.09386625411944662,-0.14839081128604595,False,False,False,False,10728714,11337918.718483306,False,False,False,False,472436.9884076743,False,False,False,False
2024-03-12 00:00:00+00:00,64.9880214411,66.406410798,64.7896453073,66.406410798,420359,,,,,,,,,,,66.69396409336336,65.04916895109449,67.84208995432951,68.78594770714327,70.54497878330069,72.10654283542242,73.86207043328645,74.98226298053909,75.93998769254233,77.48355471166303,78.37732067750643,79.58065298983726,79.28103184184195,79.17360448496179,78.52614715459012,,,,,,,,,,,,64.79682350840676,64.92948854933539,67.30381423697763,66.47669007432204,67.469667452496,67.93872673132799,69.30615207241341,71.53840155106681,73.33029957914194,73.36525805643686,74.29915089617815,75.58230650867219,75.83763367938445,76.24562144949995,78.00138079741438,78.95921973102686,79.30462499487764,79.21487646218722,78.96849560520357,78.64455005604677,,,74.98226298053909,69.81019024776273,"rgba(239, 83, 80, 1.0)",4.00092137933246,69.81019024776273,-1.2052645751982494,52.88532903204521,0.7821490490888863,True,False,True,False,False,0.0,0.0,0.0,0.0,0.0,1,0.8079789841108899,1.0071074394805641,False,False,False,False,-0.2216897041899234,-0.18504025773798466,False,False,False,False,10308355,11297543.670699649,False,False,False,False,470394.7143524714,False,False,False,False
2024-03-13 00:00:00+00:00,64.1746792925,65.3698954987,64.0159783854,64.4920811066,338245,,,,,,,,,,,66.116451844375,65.02943544297719,67.80193124106394,68.76616191665717,70.52082782331344,72.07970466679787,73.83473444569594,74.95428396979844,75.91189420665475,77.45503417592005,78.34943123537724,79.55279063526113,79.25899214607341,79.15256898845048,78.50805526772258,,,,,,,,,,,,64.78441091056358,64.91852864235737,67.27943544820246,66.46420623514396,67.45419402586515,67.92178744922886,69.28485895516005,71.5123892723396,73.30263930586725,73.33766851207285,74.27168960378887,75.55410405412601,75.80956626379492,76.21749353539896,77.97313300105088,78.93125086909798,79.28200478342283,79.19325963567779,78.94915302008303,78.62607409644198,,,74.95428396979844,69.75947218826975,"rgba(239, 83, 80, 1.0)",4.021215886026604,69.75947218826975,-1.388831899121967,50.313286083892,5.1219724017811,True,False,False,False,False,0.0,0.0,0.0,0.0,0.0,1,0.8066911377452457,1.0161947016653272,False,False,False,False,-0.27173576297542645,-0.22838801035670556,False,False,False,False,9970110,11245487.448319271,False,False,False,False,465212.37261315883,False,False,False,False
2024-03-14 00:00:00+00:00,63.4109311772,64.3730554263,62.5281573817,64.3730554263,363689,,,,,,,,,,,65.52119613365353,64.96803968700968,67.74592686352234,68.73971818471553,70.49042823372437,72.04695552136566,73.80212394210297,74.92126208700185,75.87898464197848,77.4219524861177,78.31723065845445,79.52079752883517,79.23363227110232,79.12834964907768,78.48715270290994,,,,,,,,,,,,64.7224150897201,64.8770780716035,67.24359343406297,66.44358171946227,67.43166314984465,67.89802178065368,69.25701927564694,71.48033646866324,73.26944844668613,73.30457555839243,74.23907451004783,75.52097999642994,75.77666273197775,76.18461418814499,77.9404580412271,78.89904821195005,79.25598170930738,79.16837756870063,78.92685671397776,78.60474134725278,,,74.92126208700185,69.69617190771548,"rgba(255, 0, 0, 1.0)",4.048407860517138,69.69617190771548,-1.5525216201197216,47.66054320493713,2.706119082806481,False,False,False,False,False,0.0,0.0,0.0,0.0,0.0,1,0.7979435657467074,1.0245345996380133,False,False,False,False,-0.34282825441539394,-0.28560813238604976,False,False,False,False,9606421,11181210.33269891,False,False,False,False,461231.063883231,False,False,False,False
2024-03-15 00:00:00+00:00,63.3018243036,64.1052476456,62.7513305323,63.063772943,730894,,,,,,,,,,,64.86213021590878,64.85425919655592,67.63632568055935,68.68685490986175,70.42967930329037,71.98149823918986,73.73688143409566,74.855174870351,75.8130994436085,77.35569736644807,78.25271551798822,79.45668100677968,79.18274787323885,79.0797436589603,78.44517791300987,,,,,,,,,,,,64.60928228217145,64.79769012099293,67.1726049711035,66.4022795407111,67.38656820684314,67.85047439787516,69.20137917445328,71.41627886799169,73.20307255858931,73.23839235946751,74.17381112340567,75.4546763510431,75.71079158865906,76.11878302725668,77.87500402346679,78.83452155048168,79.20377304729811,79.11844767282825,78.88209422432975,78.56190608286539,,,74.855174870351,69.59746569022303,"rgba(255, 0, 0, 1.0)",4.068552683848869,69.59746569022303,-1.547390896918982,45.755164430751776,0.9838736265153756,False,False,False,True,False,0.0,0.0,0.0,0.0,0.0,1,0.809127229270983,1.0228062783795182,False,False,False,False,-0.34282825441539394,-0.3142181934007219,False,False,False,False,8875527,11090791.378475422,False,False,False,False,471806.08098584943,False,False,False,False
2024-03-18 00:00:00+00:00,62.9645848761,63.6093073111,62.4984009616,63.5101192441,283399,,,,,,,,,,,64.66565073629951,64.80460288984796,67.59180197566572,68.665256504793,70.40520652756584,71.95532521196718,73.7109263247111,74.828950833257,75.78700069403655,77.32951396163554,78.22724443865796,79.43140018722453,79.16265543844096,79.06054477371147,78.42857542462849,,,,,,,,,,,63.02409771626666,64.55889895403531,64.76181314265419,67.14321262536241,66.38467713505928,67.36779424558505,67.83083344720002,69.17876229748335,71.39060538784342,73.17663470239495,73.21203302635729,74.14787420587703,75.42839671862414,75.68469381628525,76.09271868333747,77.8491525976468,78.80906301846682,79.183160583974,79.09872903724859,78.86440330106261,78.5449671320844,,,74.828950833257,68.94024789451132,"rgba(239, 83, 80, 1.0)",4.106886469858301,68.94024789451132,-1.455034869424451,44.03872843464329,-0.6075920434842743,False,False,False,True,False,0.0,0.0,0.0,0.0,0.0,1,0.8174082535148818,1.0223024454779066,False,False,False,False,-0.34282825441539394,-0.3285232239080579,False,False,False,False,8592128,10992804.579319524,False,False,False,False,464417.56800601224,False,False,False,False
2024-03-19 00:00:00+00:00,64.0258971921,64.6607008203,63.0935293631,63.1332045899,349681,,,,,,,,,,,64.57954330754977,64.77616486168593,67.54866031620028,68.64306056070062,70.37889749857266,71.92648334197644,73.6817638778894,74.79921510077132,75.75721141721804,77.29936842948752,78.19779225369751,79.40202379101416,79.13931522455582,79.03824858344765,78.40933655862462,,,,,,,,,,,63.52265407577187,64.53504162830237,64.74147695077704,67.11533729683875,66.36897510925023,67.34961848738962,67.81132766406655,69.15514226304984,71.36253729138315,73.14708558114752,73.18256058343769,74.11862028999295,75.39847187980091,75.65492506251772,76.0629123678207,77.81931327732983,78.77955274893453,79.15921611547259,79.07582750702382,78.84386984412382,78.52532980871749,,,74.79921510077132,68.9372083043377,"rgba(239, 83, 80, 1.0)",4.131001899191585,68.9372083043377,-1.188891032269633,44.864012159362595,-0.6075920434842743,False,False,False,True,False,0.0,0.0,0.0,0.0,0.0,1,0.8244858485548333,1.009170513986265,False,False,False,False,-0.2789517883170957,-0.30373750611257677,False,False,False,False,8941809,10912373.380130524,False,False,False,False,459918.0947508745,False,False,False,False
2024-03-20 00:00:00+00:00,65.3252608686,65.8311200099,63.867196285,64.0754912255,386840,,,,,,,,,,,64.62845291640795,64.78418055505287,67.51599979531007,68.624320475091,70.35487592660088,71.89909666826117,73.65325748759173,74.76976026658478,75.72742617189566,77.26886051332362,78.16780899713862,79.3719164867217,79.11540705794293,79.01541871187459,78.38969704718158,,,,,,,,,,,64.08596952597502,64.55398967636167,64.74846488184771,67.09532418898937,66.35942352160137,67.3360144310843,67.79591772221536,69.13461083776947,71.33621053848408,73.11842290620947,73.15395650123152,74.08986453962848,75.36865085673527,75.62518770573921,76.03303069957946,77.78900908349772,78.74940904539666,79.13468847846883,79.05237511117663,78.82286164535225,78.5052713978115,,,74.76976026658478,68.9519056681149,"rgba(239, 83, 80, 0.5)",4.139178164447766,68.9519056681149,-0.8761750896989379,47.520597874370296,-0.6075920434842743,True,False,False,False,True,0.0,0.0,0.0,0.0,0.0,1,0.8423190773265399,0.9827088324639726,False,False,False,False,-0.20177617735435321,-0.252756841733465,False,False,False,False,9328649,10850266.541694034,False,False,False,False,457052.28711358533,False,False,False,False
2024-03-21 00:00:00+00:00,65.7418507497,66.4560048314,65.186397575,65.6724191028,405285,,,,,,,,,,,64.75307422493275,64.81952808121393,67.49312719988659,68.60912013559344,70.33360830895631,71.87388564603896,73.62629226757282,74.74156272858228,75.69867501429022,77.23910087780054,78.138411569528,79.3422290287141,79.09183784841649,78.99291902123727,78.37038905201646,,,,,,,,,,,64.57189507408111,64.60398469280082,64.77645136541756,67.08251221889014,66.35530231016754,67.3266905460313,67.78445932525362,69.11737763110717,71.31226216051765,73.09150184024777,73.12707664077652,74.06252521383522,75.33994995678975,75.59650597120047,76.00411910702186,77.75935859046274,78.71976963316712,79.11050868101778,79.02926016836068,78.80216984854657,78.48554176861234,,,74.74156272858228,68.97311188059517,"rgba(239, 83, 80, 0.5)",4.144574014184622,68.97311188059517,-0.7796364885356889,49.9205490767227,-5.619788747488599,True,False,False,False,True,0.0,0.0,0.0,0.0,0.0,1,0.8599663130363628,0.9733897786211866,False,False,False,False,-0.10279392455960029,-0.17777538314653266,False,False,False,False,9733934,10806488.794960935,False,False,False,False,455022.1974228565,False,False,False,False
2024-03-22 00:00:00+00:00,65.7716071697,66.1683594374,65.3996519188,66.1683594374,355138,,,,,,,,,,,64.8409833242097,64.8480872149886,67.47340740063221,68.5958644891898,70.31507404763795,71.85191097183474,73.602770593757,74.71695855259559,75.67358015428607,77.21311635849452,78.11273524930817,79.3162929484556,79.07123034607534,78.97324398447,78.35349872647548,,,,,,,,,,,64.81285920769545,64.64408719223121,64.79943168153643,67.07136390580811,66.3516456182701,67.31853412396234,67.77445175975274,69.1023553054282,71.29139036802688,73.06802619750286,73.10363613405225,74.03867352869538,75.31490240434003,75.57147239699603,75.97888199688308,77.73346492234428,78.69387908525805,79.08936906484551,79.00904876220186,78.78407158197432,78.46828341233272,,,74.71695855259559,68.98107558089038,"rgba(239, 83, 80, 0.5)",4.148542691252974,68.98107558089038,-0.7736375517979843,51.56780446897994,-4.027142956833565,True,False,False,False,True,0.0,0.0,0.0,0.0,0.0,1,0.8735117138462061,0.9665324172090993,False,False,False,False,-0.06810783007902467,-0.12294160661277867,False,False,False,False,10089072,10778354.803001681,False,False,False,False,451105.1700729406,False,False,False,False
2024-03-25 00:00:00+00:00,65.0971283147,66.4659236381,65.0078590545,65.8311200099,322539,,,,,,,,,,,64.8902341651355,64.86585307387455,67.45323614963709,68.5828470848752,70.2974276547644,71.8312538658039,73.5808341720801,74.69409230496645,75.65031116735457,77.18909231474221,78.08902551582204,79.29237915065711,79.05220991883799,78.9550796139921,78.33788621609385,,,,,,,,,,,64.92187795393843,64.67051148960462,64.81418802862481,67.05942672418082,66.34689426924344,67.30997931466538,67.76429245905565,69.08778541966691,71.27169549055523,73.04609067632227,73.08173621104712,74.01646156897644,75.29165921989593,75.5482550162342,75.9554960412151,77.70954287685386,78.6699899292509,79.06985941273224,78.99039146345942,78.76735511851045,78.45233410792568,,,74.69409230496645,68.97933590385091,"rgba(239, 83, 80, 0.5)",4.159986917467506,68.97933590385091,-0.9332259130070287,51.340912004052726,-4.027142956833565,True,False,False,False,True,0.0,0.0,0.0,0.0,0.0,1,0.8918112228093539,0.9518869875190891,False,False,False,False,-0.07265156751376954,-0.0977965870632741,False,False,False,False,9766533,10738675.516609458,False,False,False,False,446063.3594818449,False,False,False,False
2024-03-26 00:00:00+00:00,64.7003760471,65.2955044486,63.6985765713,64.8689957608,509182,,,,,,,,,,,64.8569607336441,64.85385340764947,67.40682049637402,68.55614903934602,70.2642904746902,71.79400061745517,73.54235294972398,74.65447457390349,75.6103359605388,77.1482658881758,78.04893466019395,79.2521783061945,79.02017101899672,78.92446383863218,78.31147802028333,,,,,,,,,,,64.85227476622461,64.66572569871931,64.8064166057058,67.02941820413803,66.33089565269132,67.28947837385432,67.74165593246386,69.05890121255833,71.23573522462945,73.00733933009374,73.04306655300364,73.97769889880504,75.25160992031236,75.50833521187215,75.915415792191,77.6690116411756,78.62971503749084,79.03700216761557,78.95895302960429,78.73914662326864,78.42537391598935,,,74.65447457390349,68.9483754372837,"rgba(239, 83, 80, 1.0)",4.1723346604148865,68.9483754372837,-1.0181348659508769,50.42999724963731,-4.027142956833565,True,False,False,False,True,0.0,0.0,0.0,0.0,0.0,1,0.8729635531333584,0.9723864663384976,False,False,False,False,-0.1394106580834953,-0.11860362257338469,False,False,False,False,9257351,10680584.359095363,False,False,False,False,448538.60028647847,False,False,False,False
2024-03-27 00:00:00+00:00,65.7517695564,65.7914447831,64.8541175508,65.2558292218,639134,,,,,,,,,,,64.9262112937141,64.88301197115251,67.36844219573555,68.53058738540138,70.22972447903159,71.75353765981434,73.499314175226,74.60958378719138,75.56462436137403,77.10103459337718,78.00228708698953,79.20510348440983,78.98264931983367,78.8886179033936,78.28063614540599,,,,,,,,,,,64.97287964059875,64.70875246300548,64.8312385113742,67.00615927970978,66.32125549327847,67.27254176324041,67.72162231313699,69.03032788953,71.19716243406145,72.9643339907571,73.0001274875706,73.93410527762066,75.20596323558051,75.46272767730515,75.86946562610134,77.62196219093119,78.5827032272932,78.99852376545141,78.92214229500429,78.70613759799915,78.39387092395307,,,74.60958378719138,68.93804597455753,"rgba(239, 83, 80, 0.5)",4.169961379890875,68.93804597455753,-0.7641021409749607,51.80083508907608,-3.4150405313769383,True,False,False,False,True,0.0,0.0,0.0,0.0,0.0,1,0.9115398628021716,0.9448342320785957,False,False,False,False,-0.028961241030972994,-0.07378243180217885,False,False,False,False,9896485,10649835.364621034,False,False,False,False,456012.9296870087,False,False,False,False
2024-03-28 00:00:00+00:00,65.6525814895,66.7039749987,65.5137181958,65.6327438761,456218,,,,,,,,,,65.956758228,65.0036007813226,64.91833229971856,67.34879583996668,68.51548026012604,70.20786574712787,71.72720071224808,73.47073281799057,74.57951403460136,75.53382043616423,77.06896633699097,77.97049653348157,79.17289111510468,78.95696115809575,78.8640790741693,78.25955145681245,,,,,,,,,,,65.09395133079673,64.75489037172684,64.86069151243869,66.99513404951355,66.31837913674711,67.26387676820974,67.71060230806701,69.01297971130197,71.17227465028604,72.93592569468399,72.97175179348562,73.90504836030577,75.17526928896449,75.43201175325986,75.83844878507676,77.58994679591054,78.55059917504256,78.97218248956075,78.89694341176373,78.68354579919809,78.37232786030818,,,74.57951403460136,68.50721361870318,"rgba(239, 83, 80, 0.5)",4.166981841483107,68.50721361870318,-0.6850598917386126,52.4994458238181,-2.53583191151116,True,False,True,False,True,0.0,0.0,0.0,0.0,0.0,1,0.9321442941120799,0.9092509779339363,False,False,False,False,0.07548701617909997,0.0008522921884605641,False,False,False,False,9440267,10602401.311106484,False,False,False,False,456020.97166006727,False,False,False,False
2024-04-01 00:00:00+00:00,64.5615127534,65.7517695564,63.7580894114,65.4244489356,346994,,,,,,,,,,65.40970608623509,64.98668140950384,64.91277021710836,67.32095184883634,68.49848017022757,70.18648151342992,71.70296801513949,73.44549963076226,74.55344470059723,75.50744285802946,77.0419334835438,77.94389233240672,79.14615799002978,78.93559424597858,78.84365243580571,78.24191726984209,,,,,,,,,,,65.05941855576827,64.75312816456479,64.85736940267124,66.97686360389558,66.30866659943393,67.25105127283562,67.69632684467004,68.994502467475,71.14894534258248,72.91057993966228,72.94645385738862,73.87959089452363,75.14887173254358,75.40567769267737,75.81198090753874,77.56307584849075,78.52384607621151,78.95027644397813,78.87597378928588,78.66471191177293,78.35432625919712,,,74.55344470059723,68.4623217918357,"rgba(239, 83, 80, 0.5)",4.1781504054774325,68.4623217918357,-0.9336210188417019,50.713714160058046,-2.53583191151116,True,False,False,False,True,0.0,0.0,0.0,0.0,0.0,1,0.911936931098045,0.9251025911147194,False,False,False,False,-0.10467777824831695,-0.051912743029928196,False,False,False,False,9093273,10543219.808710152,False,False,False,False,451745.4041439862,False,False,False,False
2024-04-02 00:00:00+00:00,63.2919054969,63.7184141847,62.8257215824,63.2125550434,414726,,,,,,,,,,64.6840601585261,64.88307396099403,64.86645032869701,67.27097338646645,68.47089920590051,70.15462996640903,71.66843625983388,73.41069803189427,74.51803227864914,75.47199158231001,77.00610306736213,77.90886235267764,79.11122801493516,78.90761777363717,78.81688811179805,78.21871153194252,,,,,,,,,,,64.89416997001442,64.70645714176884,64.82138704452791,66.94215227305776,66.28721334410189,67.2275293202699,67.67151002835493,68.96544854667191,71.11523450901421,72.87532268424312,72.91128406155231,73.8447017852566,75.11325982781975,75.37024757592673,75.77651618252521,77.52760009000228,78.48875658245373,78.92159900292644,78.8485057931133,78.64000068938923,78.33065624792597,,,74.51803227864914,68.38358160037777,"rgba(239, 83, 80, 1.0)",4.204002286634587,68.38358160037777,-1.2111496988632195,47.350961037884645,2.332477620740356,True,False,False,True,False,0.0,0.0,0.0,0.0,0.0,1,0.8971102382716277,0.9346093330265097,False,False,False,False,-0.31067039748078384,-0.18129157025535603,False,False,False,False,8678547,10470095.384839166,False,False,False,False,450293.6628050063,False,False,False,False
2024-04-03 00:00:00+00:00,63.8374398649,63.996140772,62.5083197683,62.8356403891,386520,,,,,,,,,,64.38611999164884,64.8062465997229,64.82992397376692,67.22741486717844,68.44628148583848,70.12592951295693,71.63714867442648,73.37901337740321,74.48572013419333,75.43959030017882,76.97328519898822,77.87673967693257,79.07915707690196,78.88191421392185,78.79229658831032,78.19739211766257,,,,,,,,,,,64.77899621623037,64.67037585752354,64.79280527498554,66.91184549246509,66.2685962483379,67.20678198696382,67.6495089760726,68.93943032672382,71.08474580376976,72.84326819963319,72.87930555830923,73.81290727295188,75.08073192678192,75.33787086616314,75.74408718639798,77.4950847444936,78.45655961797054,78.89525335879091,78.82326918746261,78.61729348284516,78.30890926161594,,,74.48572013419333,68.33383228484544,"rgba(239, 83, 80, 1.0)",4.18159894566238,68.33383228484544,-1.0752806470380434,46.322963359633825,1.2953208852716926,False,False,False,True,False,0.0,0.0,0.0,0.0,0.0,1,0.8779280559298172,0.9503828356867434,False,False,False,False,-0.31356735276504355,-0.2474294615101998,False,False,False,False,9065067,10414996.23249253,False,False,False,False,447792.7348518688,False,False,False,False
2024-04-04 00:00:00+00:00,63.6093073111,64.7797265006,63.5597132776,63.8374398649,337230,,,,,,,,,,64.316091962184,64.769523254783,64.8113213057095,67.19548485730446,68.42727960016691,70.10308107657448,71.6118174337283,73.3530153771431,74.45904267746548,75.41271945910783,76.94591054739992,77.84986571575983,79.05223807560934,78.8603339542868,78.7716518917797,78.17951523298596,,,,,,,,,,,64.72729813664782,64.65360792165956,64.77836936936454,66.88985167091913,66.25559755369616,67.19141811230368,67.63292281392727,68.91912397465354,71.06019412982079,72.81706302517364,72.85315543577836,73.78675089641716,75.0537997100365,75.31103219427756,75.71715898406191,77.4679152452326,78.42957931449902,78.87313498637569,78.80208292969327,78.59823487087485,78.29066930117673,,,74.45904267746548,68.30764839539776,"rgba(239, 83, 80, 1.0)",4.100493563756305,68.30764839539776,-1.1457989169464264,45.23276201317799,0.1514881522403968,False,False,False,True,False,0.0,0.0,0.0,0.0,0.0,1,0.8901187619757366,0.9390740935293024,False,False,False,False,-0.18399268911220282,-0.21571107531120132,False,False,False,False,8727837,10348833.125335962,False,False,False,False,443456.94132826617,False,False,False,False
2024-04-05 00:00:00+00:00,63.2125550434,64.0159783854,62.8852344226,63.2522302702,264014,,,,,,,,,,64.20299874524103,64.72234387974356,64.78697872849177,67.16624584061901,68.41048386662355,70.08353562132191,71.5905218979025,73.33143989377582,74.43703764579905,75.39064927359058,76.9235521466906,77.82797397193123,79.03037766745689,78.8427897484769,78.75486267164999,78.16494929898658,,,,,,,,,,,64.6616905349431,64.62957950525694,64.7590038320672,66.8692872643173,66.24281250644755,67.17721809240973,67.61788349754427,68.90138650530598,71.03944001988087,72.79524218579033,72.83138546938932,73.76509873117811,75.03164590135293,75.28897909443101,75.6950686327608,77.44575929415849,78.40763545675419,78.85515503454526,78.78485572402248,78.58272568724527,78.27581271726443,,,74.43703764579905,68.2792288309125,"rgba(239, 83, 80, 1.0)",4.016824803196711,68.2792288309125,-1.2613629012348975,43.790248082292145,-1.3446915845007652,False,False,False,True,False,0.0,0.0,0.0,0.0,0.0,1,0.8941301224010458,0.9378418069358563,False,False,False,False,-0.2848175316357525,-0.25026430347347695,False,False,False,False,8463823,10274911.159636512,False,False,False,False,436419.96323696163,False,False,False,False
2024-04-08 00:00:00+00:00,64.3135425861,64.5863097701,63.4803628241,63.6093073111,334325,,,,,,,,,,64.1929611581925,64.69793814497848,64.77314210599407,67.13709980988966,68.39253932535962,70.06171466159677,71.56617667197466,73.30631420680052,74.41119123625549,75.36456666660659,76.89691726181013,77.80179067167163,79.00411412920529,78.82171225998806,78.73469619450094,78.14748515235146,,,,,,,,,,,64.63080797128684,64.61792467295354,64.74817358936569,66.84913885716396,66.23100121133602,67.16292659487576,67.60235169200267,68.88213369829181,71.01589248013254,72.76995795051198,72.80615097305886,73.73979266085973,75.00552228901618,75.26293242841037,75.66891636082595,77.41930325172844,78.38133077454582,78.83355448809019,78.764162308242,78.56410459890888,78.25799344986017,,,74.41119123625549,68.2592069218313,"rgba(239, 83, 80, 0.5)",3.9574713663887016,68.2592069218313,-0.9970165215198559,45.43115830157764,-1.3446915845007652,False,False,False,True,False,0.0,0.0,0.0,0.0,0.0,1,0.8955994574486993,0.925205649519564,False,False,False,False,-0.20277409916253777,-0.22651920131800735,False,False,False,False,8798148,10216998.878866453,False,False,False,False,432416.23918845336,False,False,False,False
2024-04-09 00:00:00+00:00,65.86087643,65.8707952367,64.3432990062,64.4722434932,446116,,,,,,,,,,64.36706092909729,64.7321746759478,64.78906123943213,67.1146271365371,68.37567327869773,70.03883585495888,71.5392743967668,73.2774695397268,74.3810095333612,75.33374387699163,76.86495950452854,77.77014028988982,78.97210170824033,78.79603009304762,78.7101343762339,78.12629001254271,,,,,,,,,,,64.68284237878814,64.6401368715162,64.76180809508175,66.83466606208877,66.22454947270529,67.15171509639802,67.58910856003284,68.86327491677059,70.99029265866436,72.74122292582835,72.77745141066384,73.7105308121515,74.9747821832315,75.23218796883317,75.63790697198763,77.38741985919755,78.3494005719411,78.80723516215028,78.73895598061202,78.54144488107052,78.2363518114249,,,74.3810095333612,68.26008881559272,"rgba(239, 83, 80, 0.5)",3.8461622488084117,68.26008881559272,-0.6237938574577878,49.424707955976054,-5.578564338168974,True,False,False,False,True,0.0,0.0,0.0,0.0,0.0,1,0.910353302566166,0.9095024525113264,False,False,False,False,-0.05764102614838751,-0.14208011373319743,False,False,False,False,9244264,10178852.413028553,False,False,False,False,432953.4847104748,False,False,False,False
2024-04-10 00:00:00+00:00,64.0655724188,64.51191872,63.2621490769,64.4821622999,521467,,,,,,,,,,64.30454420876822,64.6872860115977,64.763096118181,67.06852277498588,68.34708083611068,70.00439139047116,71.50100690083374,73.23805346619037,74.34050370555521,75.29288975970404,76.82327181107732,77.72916252851893,78.93101133575215,78.76299311123634,78.67851437070436,78.09887420073176,,,,,,,,,,,64.62603445073051,64.6166384302404,64.74105512212543,66.80226029947482,66.20503219512716,67.12860672328284,67.5641532615875,68.83270825735477,70.95323322321273,72.70154648061829,72.73785296773445,73.6708464887467,74.93385850971026,75.19138780700892,75.59694983846474,77.34601526397671,78.30824059824732,78.7733845821526,78.70651603850978,78.51223025677795,78.20838351378842,,,74.34050370555521,68.22469748036873,"rgba(239, 83, 80, 1.0)",3.792607302163981,68.22469748036873,-1.0966400500245892,48.68159608900096,-5.578564338168974,True,False,False,False,True,0.0,0.0,0.0,0.0,0.0,1,0.8896268513540407,0.8996325541237904,False,False,False,False,-0.22307993912835694,-0.1825800264307772,False,False,False,False,8722797,10121752.200752923,False,False,False,False,436424.60295712284,False,False,False,False
2024-04-11 00:00:00+00:00,65.5434746158,65.7170537329,63.6390637311,64.8491581475,610455,,,,,,,,,,64.40267596710484,64.70479305350483,64.77018001460037,67.03331267090424,68.3217250153731,69.97126707110327,71.46267900488773,73.19735118797543,74.29809755853687,75.24970079070467,76.77864936880255,77.68502684456777,78.88644847615302,78.72715426992445,78.6442210431492,78.0692176980666,,,,,,,,,,,64.65424047808187,64.62998610410139,64.74757976986015,66.77846039125346,66.19273363758502,67.11051140511981,67.54348568785778,68.80477438470801,70.91658584303804,72.66091025785015,72.69727214139682,73.62962801219207,74.89074715844497,75.14829690437283,75.55353238780422,77.3015329756255,78.26375551864746,78.73666546746709,78.67133240094235,78.48056295843283,78.17811288905021,,,74.29809755853687,68.21150760492495,"rgba(239, 83, 80, 0.5)",3.698251835732418,68.21150760492495,-0.7214308564242391,50.628861257477745,-4.470527955128354,True,False,False,False,True,0.0,0.0,0.0,0.0,0.0,1,0.8858169002767566,0.8881489323435775,False,False,False,False,-0.11500081631022493,-0.14879042137050108,False,False,False,False,9333252,10090830.62425281,False,False,False,False,443249.32440978475,False,False,False,False
2024-04-12 00:00:00+00:00,63.7779270248,65.989820917,63.3712559505,65.4542053556,743021,,,,,,,,,,64.39915917488996,64.68174210290641,64.75430179294564,66.9802900832916,68.28606234899517,69.92687325482859,71.41247018254681,73.14485330557393,74.24378369360795,75.19464554928058,76.72211186966085,77.62925699657951,78.83032001434952,78.6819334443916,78.60093031193612,78.03169256892824,,,,,,,,,,,64.62909180923457,64.61887902322178,64.73506232911745,66.74119489525502,66.17108149278931,67.08297306505477,67.51314071161121,68.76619831970316,70.86824080880578,72.60829316578798,72.6447406083612,73.57661913431022,74.83570096754497,75.09334102441981,75.49825962861843,77.24526491674591,78.20763667675197,78.69034158161857,78.62692726229247,78.4405528562213,78.1398265799727,,,74.24378369360795,68.17706338046153,"rgba(239, 83, 80, 1.0)",3.572042579097929,68.17706338046153,-1.2315464494749877,49.12385698644937,-4.470527955128354,True,False,False,False,True,0.0,0.0,0.0,0.0,0.0,1,0.893771300025927,0.8898907320418574,False,False,False,False,-0.11466744558414653,-0.1317289334773238,False,False,False,False,8590231,10031983.580164464,False,False,False,False,455005.07639371476,False,False,False,False
2024-04-15 00:00:00+00:00,60.4749643966,63.8572774783,59.8104043483,63.8572774783,906048,,,,,,,,,,63.92497148819068,64.41907603705144,64.5949445342759,66.84710499598718,68.21071789548921,69.84492972444102,71.3265007543699,73.06006230288789,74.15846062423459,75.10985334418336,76.63728122921275,77.54663060174914,78.74837935438055,78.61569359695386,78.53743860611753,77.97622114942136,,,,,,,,,,,64.30275275520246,64.45267204746335,64.6014476762053,66.641538698297,66.10232522885741,67.01370750257132,67.44224890679727,68.68851619106161,70.78344484089247,72.52197360713363,72.558655654344,73.49198557858115,74.75032348524857,75.00853534331178,75.41361486036799,77.16147146695737,78.1251076846945,78.6225041188575,78.5618322496188,78.38173032743914,78.08331425289995,,,74.15846062423459,68.041478821005,"rgba(255, 26, 202, 1.0)",3.455773468669324,68.041478821005,-2.1895284783578575,44.41713444349055,-0.1992798389857171,False,False,False,True,False,0.0,0.0,0.0,0.0,0.0,1,0.8551013647249246,0.9185905179508687,False,False,False,False,-0.34282825441539394,-0.23727859394635886,False,False,False,False,7684183,9939912.969177622,False,False,False,False,472693.03418219654,False,False,False,False
2024-04-16 00:00:00+00:00,59.4533273074,60.2071566159,58.9276305528,60.0385369022,504475,,,,,,,,,,63.57139869561681,64.21162288806147,64.46512403007347,66.75145946058396,68.15829496121783,69.79014985658037,71.27047705513361,73.0059787973171,74.10462965232988,75.05678549458183,76.58477112098068,77.49576102469707,78.69826023925125,78.57509297374739,78.49849659509569,77.94206729502058,,,,,,,,,,59.529371492033334,64.04988072779109,64.31587410803952,64.4913914443914,66.56867149655119,66.05021167678679,66.96342724671347,67.39164174512572,68.6351876940829,70.72771700406804,72.46659283099268,72.5034472826916,73.4382434471187,74.69673591671584,74.95541600833339,75.36076380733708,77.10976985976224,78.07446419413111,78.5809317205092,78.52191782861652,78.34560646201268,78.04854410397431,,59.529371492033334,74.10462965232988,67.24589602469261,"rgba(255, 26, 202, 1.0)",3.3383488594213393,67.24589602469261,-2.3342583550849607,40.39532312056583,-3.8521336348584185,False,True,False,True,False,0.0,1.0,60.207157,58.92763,0.0,0,0.8545697865076635,0.9531840962489344,False,False,False,False,-0.34282825441539394,-0.29005342418087643,False,False,False,False,7179708,9831669.637053011,False,False,False,False,473939.38578289474,True,False,False,False
2024-04-17 00:00:00+00:00,61.6057083594,62.389294088,59.0813720565,59.5723529877,842704,,,,,,,,,,63.26982716419657,64.0007583229341,64.32391548309126,66.62911203897345,68.08706329950664,69.7130835163525,71.18984420684947,72.92651563897817,74.02472552415675,74.97740372353032,76.5054021491603,77.4184461725066,78.62160788725652,78.51295265907468,78.43890287234231,77.88990879193307,,,,,,,,,,60.465222055437096,63.80399868793274,64.16992365570162,64.37015827439092,66.47539821322135,65.9845327352487,66.89752944504545,67.32434765311449,68.56188744376898,70.6481206630357,72.38570446679982,72.42277535711462,73.3589441381604,74.61680402229737,74.87601831675076,75.28152784659757,77.0313699021118,77.99725420961812,78.51731092284007,78.46083745336743,78.29034432902391,77.99542061064942,,60.465222055437096,74.02472552415675,67.18248591608469,"rgba(255, 0, 0, 1.0)",3.148604051105919,67.18248591608469,-1.7711904914579197,41.081997113441496,-3.8521336348584185,False,True,False,True,False,0.0,0.0,0.0,0.0,0.0,0,0.8713053467757562,0.924182272428274,False,False,False,False,-0.24359887752885795,-0.26682615085486716,False,False,False,False,8022412,9760718.35716858,False,False,False,False,488400.7432031734,False,False,False,False
2024-04-18 00:00:00+00:00,62.4091317014,62.6174266419,61.3577381921,62.230593181,663371,,,,,,,,,,63.172447345635504,63.90802845637374,64.25517551919506,66.55465752517945,68.04058371281188,69.66094381398457,71.13404730035836,72.87042763326001,73.96778641708096,74.92043280217227,76.44790070218608,77.36215267175261,78.56548574041277,78.46740977511378,78.39522872400177,77.85174544065,,,,,,,,,,61.013880004186234,63.703195782015555,64.10103478649148,64.31007781421675,66.4185676645681,65.94525622657929,66.85622436961326,67.28146612023937,68.51346978394533,70.593450961682,72.32893248602822,72.36613127518639,73.30274683975901,74.55958827285025,74.81907607440999,75.22454420064084,76.97440423810454,77.94088211836602,78.4706891396095,78.41607641981986,78.24985228140054,77.95653688935928,,61.013880004186234,73.96778641708096,67.15139992907754,"rgba(255, 0, 0, 1.0)",2.979198567017751,67.15139992907754,-1.5917932695653332,42.648123322770175,-3.8521336348584185,False,True,False,True,False,0.0,0.0,0.0,0.0,0.0,0,0.8919161523787797,0.9309861582543221,False,False,False,False,-0.14215743451709817,-0.20449179268598267,False,False,False,False,8685783,9718564.029436478,False,False,False,False,495262.3219010882,False,False,False,False
2024-04-19 00:00:00+00:00,63.2323926568,63.2621490769,61.8338409133,62.101648694,1245329,,,,,,,,,,63.117748484398774,63.81175795484677,64.17307946114126,66.44085547063646,67.9646106751875,69.57323054225316,71.03854082867855,72.77295121483786,73.86812565012768,74.82018518600321,76.3460168718431,77.26203420076405,78.46526722569382,78.38595740116187,78.31710999570664,77.78353142626645,,,,,,,,,,61.68791548668893,63.609136379292806,64.0221173983609,64.23660791035273,66.33132015197882,65.88580108701807,66.79095175056356,67.21273413269272,68.43354474910545,70.5004062806878,72.23069945640597,72.26808630919014,73.2047845345924,74.45910831158261,74.71893109946855,75.12412072489663,76.87324871138962,77.84042359370406,78.38732206531931,78.33602382536415,78.17741656983635,77.88702133896966,,61.68791548668893,73.86812565012768,67.1051047862159,"rgba(239, 83, 80, 1.0)",2.7481143123213285,67.1051047862159,-1.409225268414918,44.79732720455145,-3.8521336348584185,False,True,False,True,True,0.0,0.0,0.0,0.0,0.0,0,0.8843880444391802,0.9309715840828667,False,False,False,False,-0.09780185326841832,-0.1511468229772005,False,False,False,False,9931112,9726899.243968382,False,False,False,False,524676.7014343789,False,False,False,False
2024-04-22 00:00:00+00:00,64.0457348055,64.3631366196,63.321661917,63.8969527051,413702,,,,,,,,,,63.15248828365502,63.814462350932864,64.16831951770926,66.41578607138001,67.94526595175198,69.54936381354143,71.01158315403758,72.74461084225877,73.83875454567024,74.7903491834798,76.31530649019143,77.23165801397529,78.43464144922895,78.36103771759977,78.29321245704244,77.76270900906152,,,,,,,,,,61.938449363869175,63.61895213306137,64.01994537301937,64.23149537622662,66.31220655789262,65.87356453935945,66.77572275298756,67.1960812360214,68.41270789156903,70.47445112443815,72.20237251787643,72.2397961658371,73.17613853016815,74.42931011109927,74.68915434371631,75.09414838365791,76.84264044498595,77.80983503458354,78.36182054290742,78.3115361781387,78.15526388028657,77.86579129295218,,61.938449363869175,73.83875454567024,67.10488125087127,"rgba(239, 83, 80, 1.0)",2.5266771385533997,67.10488125087127,-1.2107389577770606,47.28742066099716,-8.839684083184494,False,False,False,False,True,0.0,0.0,0.0,0.0,0.0,0,0.918397801289593,0.9093450314969148,False,False,False,False,0.0034818389692642844,-0.0738324920039681,False,False,False,False,10344814,9751131.195185307,False,False,False,False,520324.75235852087,False,False,False,False
2024-04-23 00:00:00+00:00,64.6408632069,65.0475342813,63.9763031586,63.9763031586,357220,,,,,,,,,,63.20363928581394,63.83162326734646,64.17427010346088,66.40000356644462,67.93135548971522,69.5312545108826,70.99056791306343,72.72206039669655,73.81517028708191,74.76623645740402,76.29028256062324,77.20680405202081,78.40946969919129,78.34054611970286,78.2735634051521,77.7456141260239,,,,,,,,,,62.17055633246665,63.64458156696936,64.02876053448672,64.23581063408913,66.3003087413183,65.86654965222475,66.76563147358408,67.18463140562562,68.39742395926005,70.45438859576365,72.17995743563918,72.2174009008038,73.15325639157648,74.40528403191503,74.66510463306723,75.06988122304088,76.81763892254324,77.78475065752625,78.34085200705641,78.29140217809113,78.13705415787577,77.84835605518755,,62.17055633246665,73.81517028708191,67.11153878828274,"rgba(239, 83, 80, 1.0)",2.313347215957166,67.11153878828274,-1.0680089717359993,49.70733891753699,-6.509528894149,True,False,False,False,True,0.0,0.0,0.0,0.0,0.0,0,0.9203144219752994,0.907297355428837,False,False,False,False,0.0557669960485811,-0.009032747977693503,False,False,False,False,10702034,9788421.501256471,False,False,False,False,513928.48756014754,False,False,False,False
2024-04-24 00:00:00+00:00,64.4623246865,64.6011879802,63.6886577646,64.2242733259,452701,,,,,,,,,,63.24989993764928,63.84358167190927,64.17573295950734,66.37714852745908,67.91231663670776,69.50710128539792,70.96288174887844,72.69260252382375,73.78447769624565,74.73493598313746,76.25790456707176,77.17469266698112,78.3770031948895,78.3140934979427,78.24819264823797,77.72351532821027,,,,,,,,,,62.380779197986676,63.66491083230616,64.03330092722969,64.23605861256225,66.28287257315716,65.85572936599833,66.75123233670517,67.16860103228923,68.37670834330497,70.42785723020835,72.15061344645193,72.18808723137327,73.12341233180626,74.37406844701003,74.63387814982599,75.03840279409047,76.7853182477185,77.75236981538384,78.31378583253286,78.26540795554193,78.11353186179527,77.82582199643,,62.380779197986676,73.78447769624565,67.1119008210453,"rgba(239, 83, 80, 1.0)",2.1468467428567655,67.1119008210453,-1.234171066640538,51.03851117704178,-5.178932347267455,True,False,False,False,True,0.0,0.0,0.0,0.0,0.0,0,0.9044189203092025,0.9411164126866886,False,False,False,False,0.027087509812811803,0.00902738091755915,False,False,False,False,10249333,9806496.461991511,False,False,False,False,511527.40961661236,False,False,False,False
2024-04-25 00:00:00+00:00,63.2621490769,64.1647604858,62.6372642553,63.8374398649,462673,,,,,,,,,,63.254428665299194,63.82972955337614,64.15998572234567,66.34465382528701,67.88834892273532,69.47847416528985,70.93107380450127,72.65953363549673,73.75038287712053,74.70042047317675,76.22253687111018,77.13977409858602,78.3418801103843,78.2854446836977,78.22070398150159,77.6995073296875,,,,,,,,,,62.471957321740234,63.654630776439724,64.0194049690625,64.22133080738712,66.25763305262956,65.83872896497039,66.73147284616108,67.14742190594754,68.3511976983057,70.39707559928812,72.1174705207526,72.15499305506935,73.09005757140652,74.33955673766548,74.59941936317458,75.00376323272597,76.75010795981026,77.71724980777483,78.2844750661213,78.23724825608468,78.08802512158162,77.80135360930771,,62.471957321740234,73.75038287712053,67.09547729060425,"rgba(255, 0, 0, 1.0)",1.946713038313326,67.09547729060425,-1.9691285455331038,50.083665234663016,-5.178932347267455,True,False,False,False,True,0.0,0.0,0.0,0.0,0.0,0,0.9193527261220098,0.9364302474522648,False,False,False,False,-0.030959480870489938,-0.010966049976465393,False,False,False,False,9786660,9805718.561521256,False,False,False,False,509611.5504159609,False,False,False,False
2024-04-26 00:00:00+00:00,62.5975890285,63.4010123705,62.0024606271,63.034016523,686341,,,,,,,,,,63.21905006142682,63.78282778542722,64.1186821208675,66.2869214225327,67.84793201219266,69.43178103967301,70.88013721055634,72.60731369443464,73.69689556956423,74.64652298473537,76.16764227856447,77.08573083228666,78.28770215633034,78.24119967057091,78.17823523620027,77.66234035158894,,,,,,,,,,62.49574333872789,63.608352061430146,63.97953377603387,64.18373266321332,66.21230109642666,65.80706637740748,66.69669689042503,67.11081515573802,68.30868495184299,70.34749251784936,72.06494037237024,72.10255365186713,73.03752998196862,74.28557725728804,74.54558578566856,74.94974340032323,76.69555072871904,77.66298686117051,78.23921258374068,78.19374956141982,78.0485911821341,77.76348799606508,,62.49574333872789,73.69689556956423,67.05462791002215,"rgba(255, 26, 202, 1.0)",1.79254635080593,67.05462791002215,-2.4864288053239223,48.49984658855219,-5.178932347267455,False,False,False,False,True,0.0,0.0,0.0,0.0,0.0,0,0.9090526878385652,0.9438556124613094,False,False,False,False,-0.08570749220517122,-0.04833677109081831,False,False,False,False,9100319,9778055.833618462,False,False,False,False,516542.1170663154,False,False,False,False
2024-04-29 00:00:00+00:00,63.9564655452,64.2242733259,63.1232857832,63.1629610099,528398,,,,,,,,,,63.24337639691875,63.782381417583885,64.11136887730467,66.2568420788466,67.82376210784156,69.40204698035649,70.84654785353126,72.57189298717353,73.66014276817423,74.60913982377735,76.1291040541662,77.04755444012513,78.249168207241,78.20970286572748,78.14800676088436,77.63594305578314,,,,,,,,,,62.60493151607298,63.61391124603065,63.974839204747006,64.17613216552267,66.18877176807631,65.7915146378308,66.67753139280765,67.08991961881584,68.28268935028042,70.31516110833806,72.02958622435783,72.06723993415757,73.00170466750977,74.24826456360871,74.5082812165082,74.91217509893356,76.65710940757548,77.62452453549602,78.20699551092761,78.16278909146638,78.02053229074242,77.73658163363955,,62.60493151607298,73.66014276817423,67.04252234332974,"rgba(255, 0, 0, 1.0)",1.6543809637650482,67.04252234332974,-1.8653846155884655,49.57856517731281,-5.178932347267455,True,False,False,False,True,0.0,0.0,0.0,0.0,0.0,0,0.9045955311782163,0.9495433309911929,False,False,False,False,-0.009672052151908455,-0.029004411621363385,False,False,False,False,9628717,9772199.40877068,False,False,False,False,517007.0536519501,False,False,False,False
2024-04-30 00:00:00+00:00,63.3117431103,63.4754034207,62.8058839691,63.1629610099,374235,,,,,,,,,,63.24198576570901,63.770168765536155,64.09806978759427,66.23118638545813,67.8044334638503,69.37906340866026,70.82104831120652,72.54536364532366,73.63278566652471,74.58143373223726,76.10070148691642,77.01949278642071,78.22093024927844,78.1866005306693,78.12582813246658,77.61654152191623,,,,,,,,,,62.638895837483716,63.60389358142672,63.962812278516516,64.16362458402034,66.16851739201466,65.77757871323318,66.66147740205237,67.07276397777193,68.26215423419653,70.29047607670738,72.00301252657609,72.04070330930442,72.97494175941772,74.22056837535413,74.48062157357012,74.8843659891594,76.62882294488416,77.59629642867442,78.18336672650217,78.14007617105433,77.99993378356619,77.71681233818096,,62.638895837483716,73.63278566652471,67.02686147233211,"rgba(255, 26, 202, 1.0)",1.5453956421700086,67.02686147233211,-2.403991742085821,49.3041553890279,-5.178932347267455,True,False,False,False,True,0.0,0.0,0.0,0.0,0.0,0,0.8846438403669444,0.960025765999128,False,False,False,False,-0.05130522952284678,-0.04015482057210508,False,False,False,False,9254482,9751896.765289478,False,False,False,False,511408.1495871678,False,False,False,False
2024-05-01 00:00:00+00:00,65.2062351883,66.2873851177,63.6043479077,63.8374398649,384886,,,,,,,,,,63.296325807319434,63.79671835335656,64.11185381597878,66.22093723789335,67.79257382116211,69.36256711018014,70.80126977178953,72.5235607837549,73.60972019187757,74.5576496530308,76.07575612231784,76.99456661440668,78.19553267288279,78.16581440915648,78.10588219775235,77.59917456576844,,,,,,,,,,62.77211158918638,63.638404565116986,63.979573019618975,64.17490131408495,66.16066164247556,65.77348517623071,66.65378561330897,67.0635577094099,68.248796651489,70.27178844547382,71.98150956622256,72.01920551485318,72.95270638638455,74.19694613063037,74.45691898038842,74.86037193152141,76.60381279021107,77.57106508089241,78.16210910121369,78.1196484198067,77.98142746009088,77.69909894021472,,62.77211158918638,73.60972019187757,67.03217937544528,"rgba(239, 83, 80, 1.0)",1.4492498772973263,67.03217937544528,-1.2599236444652626,51.802817355029006,-3.7100050245680194,True,False,False,False,True,0.0,0.0,0.0,0.0,0.0,0,0.8921077074841726,0.9192006082968461,False,False,False,False,0.08980098561372904,0.02482308252081198,False,False,False,False,9639368,9747483.872533029,False,False,False,False,506446.4966621808,False,False,False,False
2024-05-02 00:00:00+00:00,66.1683594374,66.7138938054,65.4938805824,66.6147057385,438382,,,,,,,,,,63.39084249462177,63.85119088331424,64.14511970872486,66.22001546761524,67.7844882793876,69.34863325196048,70.78314241893895,72.50248124690145,73.58692690309036,74.53379498349035,76.05027810258808,76.96888387652795,78.16911550895303,78.14418227724977,78.08513056302647,77.58116701865482,,,,,,,,,,62.97199304956077,63.7049935272264,64.01719160330862,64.20330908865311,66.16038587100176,65.77567398936344,66.6509586905102,67.0587602571791,68.2388401236909,70.25507034828533,71.96100496194202,71.9986844378522,72.93100499095769,74.17337866245981,74.43317987779594,74.83620774329968,76.57813525178298,77.54494375934112,78.1399885561195,78.09839506244197,77.96218650790038,77.68071901818722,,62.97199304956077,73.58692690309036,67.05113898500193,"rgba(239, 83, 80, 0.5)",1.446012424633967,67.05113898500193,-0.6104923668449032,54.62963959557226,-0.884190762694999,True,False,True,False,True,0.5302580792187825,0.0,0.0,0.0,0.0,0,0.9168183588968947,0.9086307074852052,False,False,False,False,0.18187364155617722,0.1033483620384946,False,False,False,False,10077750,9760435.485374872,False,False,False,False,503777.3007146443,False,False,False,False
2024-05-03 00:00:00+00:00,66.951945166,67.7008150712,66.4113702013,67.2594281734,277926,,,,,,,,,,63.466145424797574,63.897518434008894,64.17493378134108,66.22488634061847,67.78214915307295,69.3422997996937,70.7739194227709,72.49105660008433,73.5742747853928,74.52034546260566,76.03564511426495,76.9540044973326,78.15366885533045,78.13152752911816,78.07299445228523,77.57067045227845,,,,,,,,,,63.11944829781039,63.76034918944643,64.05021449087127,64.2290920402676,66.16463112423114,65.78056704343375,66.65221080201525,67.05863945501747,68.23523171673442,70.24682552875288,71.95006418163689,71.98772177471109,72.91911999099948,74.16016400505849,74.4198152924232,74.82252589910755,76.5633110999311,77.52973951667775,78.12704932143782,78.08596522545061,77.95094134172122,77.6699978899089,,63.11944829781039,73.5742747853928,67.06939523006584,#000000,1.4680353464408717,67.06939523006584,-0.08000492927543124,57.406054171635844,1.8133179012386051,True,False,True,False,True,1.6634762631031599,0.0,0.0,0.0,0.0,0,0.9735747257851705,0.8904080196128984,False,False,False,False,0.2598695329836784,0.18160894751108647,False,False,False,False,10355676,9783778.250654288,False,False,False,False,494920.38696112885,False,False,False,False
2024-05-06 00:00:00+00:00,67.0908084597,67.884312995,66.7684472422,67.3982914671,346562,,,,,,,,,,63.56148905512408,63.95747714754135,64.21414582578275,66.23258143211058,67.78011473564273,69.33521634036286,70.7631721956365,72.47746421701837,73.55910919032443,74.50414626673553,76.0179214828449,76.93593442233475,78.13485803709614,78.11610872653145,78.05820784244297,77.55789124628167,,,,,,,,,,63.29876479682781,63.83145706514325,64.09345168440237,64.26314348263641,66.17125044599435,65.7877187728261,66.65471093801567,67.05939883709192,68.23159598680212,70.23732106740097,71.93711298737973,71.97473957652738,72.90493324207033,74.14427474535535,74.40372567229277,74.80602553856026,76.54532753211261,77.51124919163252,78.11128494822776,78.07082122618014,77.93724133117574,77.65694296197161,,63.29876479682781,73.55910919032443,67.09311632951338,#000000,1.4871705094381886,67.09311632951338,-0.0015518528633616897,59.417040711659354,3.757280242569813,True,False,True,False,True,1.8647260583353606,0.0,0.0,0.0,0.0,0,0.9694286279855628,0.8799079181289694,False,False,False,False,0.2825439287016312,0.23207643810635883,False,False,False,False,10702238,9819796.280040393,False,False,False,False,489102.41100186895,False,False,False,False
2024-05-07 00:00:00+00:00,67.4875607273,68.7373303704,67.3982914671,67.5371547608,589854,,,,,,,,,,63.738944644699465,64.07325903066224,64.29195140430703,66.25333597321006,67.78072180151949,69.32685559626137,70.74826359254116,72.45724341819896,73.53600953593813,74.47910663876782,75.99006277388264,76.90731211203196,78.10482445438615,78.0914729893881,78.03458671142795,77.5375307918886,,,,,,,,,,63.61374078098815,63.96705326088835,64.17850863224314,64.33116851000209,66.18878182465701,65.80488701690153,66.66336250772581,67.0649280457034,68.22937127792466,70.22464358468802,71.9181565291978,71.95571362492288,72.88360593534478,74.11984001058048,74.37888947051577,74.78042072801584,76.51693026284138,77.4818426786879,78.08609995123605,78.0466294892562,77.91536616980818,77.63613123118648,,63.61374078098815,73.53600953593813,67.14054455286214,#000000,1.5152833289029741,67.14054455286214,0.2290107518632171,61.23473870127035,5.53417438587384,True,False,True,False,True,2.4452058714810505,0.0,0.0,0.0,0.0,0,0.9746497972923035,0.868180786700808,False,False,False,False,0.34282824570220277,0.2874523419042808,False,False,False,False,11292092,9877533.367097631,False,False,False,False,493053.453707678,False,False,False,False
2024-05-08 00:00:00+00:00,67.9339070284,68.2810652626,66.5948681251,67.0015391995,349123,,,,,,,,,,63.83081573293471,64.1339571041322,64.33309539389805,66.26336137782815,67.7800481174197,69.32103666636968,70.7386861291747,72.44465551440294,73.52177504319148,74.46377037158243,75.97311552223124,76.88995023753864,78.08666196039927,78.07656189175361,78.02028568951611,77.52518314644766,,,,,,,,,,63.76992584255125,64.03783132120041,64.22351052193316,64.36724779078942,66.19734753141451,65.81360226551003,66.66729214136835,67.06708116332807,68.22707177993739,70.21634570786108,71.90627301218642,71.94379294790464,72.87038909255934,74.10484315979292,74.3636692100416,74.76476320672718,76.4996854207038,77.4640331585864,78.0708575304424,78.03198469309676,77.90211505495046,77.62351388665627,,63.76992584255125,73.52177504319148,67.16414890310725,#000000,1.5451348775158251,67.16414890310725,0.49818183285741646,62.987559825273685,7.270940087258069,True,False,True,False,True,3.1003150182390193,0.0,0.0,0.0,0.0,0,0.9589014880819445,0.8742676852541702,False,False,False,False,0.28887261980379875,0.2881624808540398,False,False,False,False,11641215,9946697.352701647,False,False,False,False,487409.1221897298,False,False,False,False
2024-05-09 00:00:00+00:00,68.3703345229,70.6913352886,67.0114580062,70.0267752403,745494,,,,,,,,,,64.06562780152055,64.29535222117796,64.44573192670327,66.30125886348316,67.78737426156663,69.31652750947049,70.7254568187432,72.42398392911156,73.49715171388972,74.43640647206392,75.94182918623818,76.85741005183912,78.05209091660038,78.0481554714123,77.99305422915452,77.50179865631098,,,,,,,,,,64.14957194349734,64.2235178276738,64.34544167535982,64.46670898327459,66.22918144382412,65.84307335122125,66.68519922976054,67.08083264676846,68.2306822115352,70.20610485998465,71.88747517549965,71.92488028478333,72.84817001466696,74.07836909252025,74.33658941135937,74.73660054900243,76.46755958337565,77.4303895064671,78.04182469490094,78.00409771923754,77.87690976237752,77.59959085451693,,64.14957194349734,73.49715171388972,67.23169914824797,"rgba(38, 166, 154, 0.5)",1.5986751099819227,67.23169914824797,0.7122368813666593,64.68484752006879,8.974432534501858,True,False,True,False,True,3.742253952956297,0.0,0.0,0.0,0.0,0,0.9627483952237906,0.847843186456498,False,False,False,False,0.3428282464376111,0.3154953636458254,False,False,False,False,12386709,10042384.083968248,False,False,False,False,497530.09779013257,False,False,False,False
2024-05-10 00:00:00+00:00,69.7192922329,69.7391298462,68.2711464559,68.8563560507,358906,,,,,,,,,,64.18331790248068,64.37830150247899,64.50469421478319,66.323203885301,67.79298893304588,69.31627566607304,70.72086063683771,72.41557295027994,73.48673814631044,74.42458204868946,75.92800226481414,76.84288903526608,78.0365141700775,78.03534426311221,77.98077552450064,77.49128741576862,,,,,,,,,,64.33197849590938,64.31813611495252,64.40896170330763,64.51902684610165,66.2475919910829,65.85975672680955,66.69604991907788,67.08961216886584,68.23446123171294,70.20300242338185,71.8800531914547,71.91739457082525,72.8389666424654,74.06701254430679,74.32491033219316,74.72436484146746,76.45327866623145,77.41530169120543,78.02873286430297,77.9915237427686,77.86555065199337,77.58883014664714,,64.33197849590938,73.48673814631044,67.26706205373812,"rgba(38, 166, 154, 1.0)",1.7016050379905052,67.26706205373812,1.4411277143712655,67.29154586290008,11.526837509785658,True,False,True,False,True,5.693888156628464,0.0,0.0,0.0,0.0,0,0.9732281492475013,0.873746076212624,False,False,False,False,0.34282824656756966,0.32916180510669757,False,False,False,False,12745615,10148393.139498904,False,False,False,False,492093.8586611078,False,False,False,False
2024-05-13 00:00:00+00:00,70.0763692738,70.8004421622,69.90774956,69.9970188202,321631,,,,,,,,,,64.30465938485665,64.46538046721317,64.5674084832202,66.34935546437048,67.8014912152461,69.3191756027083,70.7195877866304,72.41048062060534,73.47967837774631,74.41610492942057,75.91753996964522,76.83166049279026,78.024213052169,78.02522128280391,77.97108029736836,77.48305071124288,,,,,,,,,,64.51635016166911,64.41686312770922,64.47620032888406,64.57484527118268,66.26944434718429,65.87902703301722,66.70955212387042,67.10111127247981,68.24121855156774,70.20317089573938,71.87599231906583,71.91326272575976,72.83308337728289,74.05901956630551,74.31657783786629,74.71547467414418,76.44232956083745,77.40350698371093,78.01838981172592,77.9815943621075,77.85659585743868,77.58038431520663,,64.51635016166911,73.47967837774631,67.30572885914901,"rgba(0, 255, 255, 0.75)",1.8070188492985781,67.30572885914901,1.5332659179102919,69.38497257076544,13.568239052118543,True,False,True,False,True,6.202837295779229,0.0,0.0,0.0,0.0,0,0.995712063094426,0.8637768028460854,False,False,False,False,0.3428282475489988,0.33599502632784817,False,False,False,False,13067246,10262857.957557771,False,False,False,False,485409.04067439766,False,False,False,False
2024-05-14 00:00:00+00:00,72.60566498,73.0420924744,71.0682499429,71.2071132366,711471,,,,,,,,,,64.64021068871723,64.7118202146652,64.74792117192037,66.43461018284333,67.83504230803467,69.33885508747363,70.72884263034554,72.4095868079828,73.4736982849268,74.40634091817859,75.90257564417603,76.81439153471226,78.00403539532319,78.00860079892554,77.95519796467326,77.46986724383352,,,,,,,,,,65.01332123028587,64.69409072921493,64.66858612194572,64.73616322880613,66.34047519593784,65.9400240142168,66.75548461672776,67.14198370762492,68.27048026157,70.21605199247354,71.87799408466236,71.9150490138096,72.83009710119345,74.05060098440443,74.30719472975355,74.70460841993908,76.42595023368114,77.38473861788492,78.00141471367267,77.96532229759279,77.84199906999989,77.5667989301441,,65.01332123028587,73.4736982849268,67.4208296644629,"rgba(0, 255, 0, 1.0)",2.0189222222447927,67.4208296644629,2.56812038542634,72.82569204745398,16.84767924964791,True,False,True,False,True,9.67040097719618,0.0,0.0,0.0,0.0,0,0.9879261679650078,0.8318738639394117,False,False,False,False,0.3428282484843337,0.3394116374060909,False,False,False,False,13778717,10400734.782751584,False,False,False,False,494274.2155499115,False,False,False,False
2024-05-15 00:00:00+00:00,72.5163957198,74.2521868908,71.9262267217,73.795921783,464193,,,,,,,,,72.89826977743334,64.86196098133036,64.87772211759616,64.87115832950013,66.49508728908636,67.85989831687976,69.35444057434927,70.73743180918058,72.41123987816474,73.47189484196237,74.40194168095296,75.89462363102899,76.8048084787957,77.99244384028233,77.99904204875864,77.94607321884952,77.46238153344305,,,,,,,,,,65.33105320264441,64.8795196589531,64.79954387508447,64.84673826284657,66.39099591688368,65.98329607549434,66.78859951247505,67.17170783641359,68.2924772060099,70.22708078866968,71.88165501299315,71.91855786674273,72.8303198273766,74.0471344604695,74.30305595427578,74.69945272560751,76.4170049031644,77.37412685924728,77.99165463500172,77.95597245767209,77.83363261105929,77.55906513536445,,65.33105320264441,73.47189484196237,67.52335972052832,"rgba(0, 255, 0, 1.0)",2.2013654013690576,67.52335972052832,2.2681541175156337,74.88218017729531,18.786849780303186,True,False,True,False,True,9.516983738910227,0.0,0.0,0.0,0.0,0,1.00496698086454,0.8192696280425517,False,False,False,False,0.34282824893789166,0.3411199431719913,False,False,False,False,13314524,10515001.026565248,False,False,False,False,493094.5600381503,False,False,False,False
2024-05-16 00:00:00+00:00,71.8915108983,72.1989939057,71.3112607068,71.9113485116,371717,,,,,,,,,72.41014690527544,65.0080218768243,64.98827353945123,64.9540574469643,66.53454309892643,67.87532903586239,69.36298766308211,70.74079183767344,72.40959021060449,73.46771083552709,74.39587913020345,75.88596441043792,76.79502151762625,77.9812074547244,77.9897716322322,77.93720621504102,77.45496734232924,,,,,,,,,,65.53328823723906,65.00255767731487,64.88763367613517,64.92136731605393,66.42416390481655,66.01212212783776,66.81014276340721,67.19076966064618,68.30577948475852,70.2322448233257,71.88142274845424,71.91822169759723,72.82763285028291,74.04173561271435,74.29718314526946,74.69284216632046,76.4076498774213,77.36359013216837,77.98218724947156,77.94689056206154,77.82546774273575,77.55143629936978,,65.53328823723906,73.46771083552709,67.54969327608231,"rgba(0, 255, 255, 0.75)",2.340857084161413,67.54969327608231,1.854798249579213,74.55864257055191,18.786849780303186,True,False,True,False,True,8.437108081008798,0.0,0.0,0.0,0.0,0,0.9902447276405792,0.839517311380573,False,False,False,False,0.27135320540775665,0.30623657428987394,False,False,False,False,12942807,10610209.103954846,False,False,False,False,488334.65572292876,False,False,False,False
2024-05-17 00:00:00+00:00,71.9014297049,71.9014297049,71.1079251696,71.5344338574,332294,,,,,,,,,72.19020592002582,65.13045975316254,65.08184994081195,65.02477147862291,66.56824001792816,67.88845039699687,69.3700682662785,70.74331650754579,72.40772874426243,73.46362282211875,74.39014316817942,75.87794564749602,76.7860192458326,77.97093216114854,77.98128932753015,77.92909042618035,77.44816453138915,,,,,,,,,,65.6992135723783,65.10634121082707,64.9627049163124,64.98518312384965,66.45257963610244,66.0369284487897,66.82861857957963,67.20707717137465,68.31703297229478,70.23635382692035,71.88079813722129,71.91750694872921,72.82486181350383,74.0365804288813,74.29161384519395,74.68662522020904,76.39902310909292,77.35392844382453,77.97352499835009,77.93857894045013,77.81798973640214,77.54444004892135,,65.6992135723783,73.46362282211875,67.5813850412876,"rgba(0, 255, 255, 0.75)",2.4658521562608953,67.5813850412876,1.7519479635644943,74.3527110869228,18.786849780303186,True,False,True,False,True,8.450880348456213,0.0,0.0,0.0,0.0,0,0.9884750766419663,0.8494947201114763,False,False,False,False,0.25825118675019165,0.2822438805200328,False,False,False,False,13275101,10714714.668505637,False,False,False,False,482215.4143220296,False,False,False,False
2024-05-20 00:00:00+00:00,70.7806045488,70.8599550024,69.1737578648,69.5109972924,546819,,,,,,,,,71.57842512605626,65.28210797913825,65.1993242086208,65.11456604911051,66.60805264151941,67.90205117178711,69.37466337839128,70.7411389383087,72.399292901066,73.45193612977796,74.37610014275648,75.86058828484346,76.76736297034867,77.95046586644362,77.96438649169035,77.91289217718693,77.43438214711117,,,,,,,,,,65.89499275247273,65.23596659593096,65.05812724598617,65.06657415407007,66.48653177206957,66.0674382027922,66.8501689189277,67.22546161621683,68.32783788792544,70.23652190805392,71.87406073175217,71.91065284856256,72.81512039896062,74.02334503448117,74.27781159877892,74.67189346164369,76.3808435216736,77.33431948999171,77.95626120117046,77.92199555812546,77.80301343680833,77.53031022023193,,65.89499275247273,73.45193612977796,67.60173320638464,"rgba(38, 166, 154, 1.0)",2.548257069787482,67.60173320638464,1.2474688602278545,71.19790079211717,18.786849780303186,True,False,True,False,False,6.506339693280395,0.0,0.0,0.0,0.0,0,0.9500628499572953,0.8843560735941075,False,False,False,False,0.18202248543223637,0.23213318297613458,False,False,False,False,12728282,10793678.093270121,False,False,False,False,484748.8882701853,False,False,False,False
2024-05-21 00:00:00+00:00,71.7526476046,72.0407709472,70.4709954942,70.4908660696,307205,,,,,,,,,71.55458163007907,65.38219121315669,65.27745936817693,65.17462969670376,66.63695057991383,67.9132999962627,69.38050875263013,70.74289817467337,72.39712843760296,73.44776847679839,74.37045133744914,75.85288070627045,76.7587758967482,77.94073032721472,77.95633761966073,77.90518702660722,77.42790178668677,,,,,,,,,,66.02481476104309,65.32196509355406,65.12174312459483,65.12107222121047,66.5110583032143,66.0890229426135,66.86618808108385,67.23955678549189,68.33741673631245,70.2397025211458,71.87299877075505,71.9095111730906,72.81213977223224,74.01821677881235,74.27231286608242,74.66581187783251,76.37259107240585,77.32513669452051,77.94804260319388,77.914106132455,77.79590650052207,77.52364993464617,,66.02481476104309,73.44776847679839,67.6358784962853,"rgba(0, 255, 255, 0.75)",2.6556769829441667,67.6358784962853,1.5501768983028652,70.31870320510166,18.786849780303186,True,False,True,False,False,7.890204225518563,0.0,0.0,0.0,0.0,0,0.9546165246424911,0.8778836418837611,False,False,False,False,0.24532111931154266,0.23872715114383863,False,False,False,False,13035487,10881592.168043843,False,False,False,False,477786.3828478251,False,False,False,False
2024-05-22 00:00:00+00:00,72.6170176325,73.3124877699,71.2211097138,71.4049125359,323099,,,,,,,,,71.66878109752196,65.500208041115,65.3700880082535,65.24611946896847,66.67300819383752,67.92827671142581,69.38950165085372,70.7473480126303,72.3970968723233,73.44547601325353,74.36646414249005,75.84655682779913,76.75139683870314,77.93202879200935,77.94913678341007,77.89830247531764,77.42219047177683,,,,,,,,,,66.17812731587678,65.42373514969402,65.19730259702511,65.18599012517559,66.54159478383637,66.11559944670215,66.88644810927487,67.25766638719863,68.35055018334786,70.24573763653532,71.87425558338956,71.91067186920525,72.81117785147916,74.01483516680636,74.26849639754678,74.66132960607999,76.36562201768476,77.31707838073405,77.94069195150544,77.90705563016353,77.78957446912932,77.5177626321639,,66.17812731587678,73.44547601325353,67.6845505185934,"rgba(0, 255, 255, 0.75)",2.776300984876976,67.6845505185934,1.7766326996873378,70.70513807003607,18.786849780303186,True,False,True,False,False,9.098372602140739,0.0,0.0,0.0,0.0,0,0.9867237395219479,0.8388086237482836,False,False,False,False,0.29841149361126623,0.26856932237755243,False,False,False,False,13358586,10978729.181061732,False,False,False,False,471720.21097143984,False,False,False,False
2024-05-23 00:00:00+00:00,72.0805120979,72.6368882078,70.8882775767,72.5971470571,411689,,,,,,,,,71.6986128017938,65.63411215543171,65.47625904820113,65.3287561215718,66.71421735873604,67.9450260197424,69.39892502327162,70.75120949142398,72.39553726881441,73.44115964077763,74.3600934137147,75.83733903363446,76.7409262059847,77.91995538856588,77.93914199588934,77.88873824730211,77.41419002322951,,,,,,,,,,66.34773493299593,65.53994969801424,65.28459293399574,65.26124574445001,66.57665728347511,66.14638382383092,66.90965031502907,67.27825771545565,68.36504050057283,70.25153784335009,71.87423777163666,71.91054088834306,72.80848993872796,74.00919272091629,74.2623333094671,74.65435830365001,76.35563350094228,77.30578074923771,77.93048857571469,77.89726280691846,77.78076116746867,77.5095301403181,,66.34773493299593,73.44115964077763,67.73464737356608,"rgba(0, 255, 255, 0.75)",2.878225128934765,67.73464737356608,1.5099113271734694,69.54305170478877,18.786849780303186,True,False,True,False,False,8.150273661569507,0.0,0.0,0.0,0.0,0,0.9919103530210991,0.8353519125176297,False,False,False,False,0.2717446129079161,0.2701569676427343,False,False,False,False,12946897,11055912.2327848,False,False,False,False,469366.045835305,False,False,False,False
2024-05-24 00:00:00+00:00,73.0740408656,73.461517085,71.6731653032,72.4580530297,363729,,,,,,,,,71.81955042972459,65.76364212519029,65.57956254971802,65.40953027433424,66.75612377876809,67.96295253446809,69.41009544723086,70.75723124271849,72.39642318624844,73.43945901499929,74.35644258950563,75.83100327761876,76.73335342023094,77.91085217155151,77.9315971092672,77.88152768153991,77.40824369272627,,,,,,,,,,66.51165026940524,65.65279991125055,65.36975138817806,65.33488601510348,66.6122699808281,66.17739193666264,66.93352599621937,67.2997078509221,68.38088989882364,70.2593592818025,71.8766126101614,71.91280363185568,72.80830837627194,74.00624290531313,74.25887866209895,74.65013739672486,76.34854482727984,77.29742481217835,77.9227885946535,77.88987863760474,77.77413594865254,77.50339235490536,,66.51165026940524,73.43945901499929,67.78901685766827,"rgba(0, 255, 255, 0.75)",3.0042851043054095,67.78901685766827,1.7591619385116986,69.95108844138133,18.786849780303186,True,False,True,False,False,9.54468577226768,0.0,0.0,0.0,0.0,0,1.0183477169786266,0.8140510221639685,False,False,False,False,0.3145026034307146,0.29232978553672445,False,False,False,False,13310626,11144332.38051873,False,False,False,False,465223.4165868617,False,False,False,False
2024-05-28 00:00:00+00:00,73.4913229481,74.171890154,73.2330054685,73.5211288111,425582,,,,,,,,,72.03706475358359,65.92804332160806,65.71143228215999,65.51311771364385,66.81165717906322,67.98766261101149,69.42656553954946,70.76739925028531,72.40017116934403,73.44000118869795,74.35454208429171,75.82575927584419,76.72650683782062,77.90207837424295,77.92431433862099,77.87458096489672,77.40263573053946,,,,,,,,,,66.71918236517244,65.79656912194764,65.47877338841144,65.42943638604213,66.65943887465086,66.21820970121031,66.96548917120782,67.3286930727466,68.40307369860834,70.27173585067521,71.88225319020378,71.91829868448974,72.81072343870126,74.00523113631164,74.25722284450336,74.64752286148317,76.34233405249682,77.28959925083825,77.9153592679589,77.88276272342888,77.76778065619408,77.49757660947928,,66.71918236517244,73.44000118869795,67.86270480781357,"rgba(0, 255, 255, 0.75)",3.1244118074957687,67.86270480781357,1.801496885520286,70.68719381908976,18.786849780303186,True,False,True,False,False,10.124641044547513,0.0,0.0,0.0,0.0,0,1.0321459123968892,0.8002252825208087,False,False,False,False,0.34282824917552995,0.3175790173561272,False,False,False,False,13736208,11245974.56167486,False,False,False,False,463668.85123051424,False,False,False,False
2024-05-29 00:00:00+00:00,72.6666940709,73.0342997149,72.0904473856,72.4381824543,395784,,,,,,,,,72.09329645645248,66.05515970557337,65.81472591945581,65.59515243760322,66.8547879227756,68.00627186163092,69.43802650778908,70.77339801732317,72.40072524231822,73.43780057926054,74.35026453746552,75.81861464012988,76.71804626520534,77.89198131134597,77.91593588326333,77.86657000775041,77.39600797337006,,,,,,,,,,66.87430189531018,65.90864354426503,65.56506546902109,65.50460032912719,66.69631278322078,66.25052719142109,66.9903695858847,67.35102489025415,68.41948665828798,70.27964474840961,71.88438306219733,71.92031049355755,72.81014271302556,74.00169909993969,74.2531545090794,74.64263755698414,76.3343877224215,77.2803007441126,77.90680935692662,77.87456032349468,77.76041318708394,77.49073986758277,,66.87430189531018,73.43780057926054,67.91377447397801,"rgba(38, 166, 154, 1.0)",3.218398095164073,67.91377447397801,1.4767966722524677,68.92133866932392,18.786849780303186,True,False,True,False,False,8.630414104376321,0.0,0.0,0.0,0.0,0,1.0209975639877888,0.8030462718961089,False,False,False,False,0.2841776447823056,0.3008783310692164,False,False,False,False,13340424,11328109.833766041,False,False,False,False,461006.7002018666,False,False,False,False
2024-05-30 00:00:00+00:00,74.7729750584,75.0213572504,72.7064352216,72.9846232765,394865,,,,,,,,,72.28209214074649,66.20653625644093,65.93788431618476,65.69305397208373,66.90877169196443,68.03098613157076,69.45501947179221,70.78446155350619,72.40566796715856,73.439694890443,74.34982039278577,75.81497611026835,76.71284208745583,77.88492114507255,77.9100624222123,77.86097558677338,77.39157084700672,,,,,,,,,,67.06138176084555,66.0422286685154,65.66785569225948,65.59428821623747,66.74231347063596,66.29033951720228,67.02186284576163,67.37972751497114,68.44183900436498,70.29279036725957,71.89114749930143,71.92693342545405,72.81381334671131,74.00211155161445,74.25294418589787,74.64150941353351,76.32980928496006,77.2741577811351,77.90082043321529,77.86882891713158,77.7553120786861,77.48611990431846,,67.06138176084555,73.439694890443,67.98257567585492,"rgba(0, 255, 0, 1.0)",3.3753479108293805,67.98257567585492,2.0117628054752315,70.15073590592729,18.786849780303186,True,False,True,False,False,11.533996233057621,0.0,0.0,0.0,0.0,0,1.0221082963262758,0.794773538043425,False,False,False,False,0.34282824923470306,0.32185329015195974,False,False,False,False,13735289,11422509.016755609,False,False,False,False,458412.9080370876,False,False,False,False
2024-05-31 00:00:00+00:00,74.9120690859,75.6572156617,74.4252399897,75.1306454148,472717,,,,,,,,,72.5490402598018,66.3986551781057,66.09505022727946,65.81856896466913,66.97964235645429,68.06428662163948,69.4787635175459,70.8008436244169,72.41432456341501,73.4445272171327,74.35169525724875,75.81282767654962,76.70866480648387,77.87838594802295,77.90461124253174,77.85580246142736,77.38764009590616,,,,,,,,,,67.29786703275688,66.21236725525753,65.79945080561973,65.70942374755428,66.80272690877973,66.34245250534453,67.06354794304492,67.41794249670093,68.47222303793872,70.31176303919139,71.9021318135515,71.93773429570854,72.82086521941366,74.00507942301881,74.25511386628926,74.64251913105186,76.32645031699552,77.26879434709386,77.89526644293628,77.86352625006884,77.75063449505905,77.4819868352909,,67.29786703275688,73.4445272171327,68.07272408156807,"rgba(0, 255, 255, 0.75)",3.516037087711192,68.07272408156807,1.9451856831191985,71.10662169815485,18.786849780303186,True,False,True,False,False,11.720545622393718,0.0,0.0,0.0,0.0,0,1.033298278396093,0.7992474086346829,False,False,False,False,0.34282824962887753,0.3323407698904186,False,False,False,False,14208006,11531744.192569116,False,False,False,False,458973.85281994694,False,False,False,False
2024-06-03 00:00:00+00:00,75.4187687575,75.9850801551,74.663686894,75.0511631134,373918,,,,,,,,,72.7515081755809,66.5508516232123,66.22039930178198,65.91925375956161,67.03728888206837,68.09174973346181,69.4986091774391,70.81480840098673,72.42207326160728,73.44920348419079,74.35398685736085,75.81187887018666,76.70606289344387,77.87387688392354,77.90084265683006,77.85223426050747,77.38500405479104,,,,,,,,,,67.48340949434946,66.3477303921363,65.90488808876334,65.80194844629392,66.85194947339717,66.38491917417113,67.09768586610015,67.44931349613002,68.49736431415033,70.32779947135484,71.91176292794873,71.94721628950161,72.82732208919874,74.00825549963662,74.25764294601655,74.64411291939902,76.32451757936711,77.26523521801583,77.89142880332952,77.85986754965599,77.74742509969045,77.47919667656254,,67.48340949434946,73.44920348419079,68.14452282441948,"rgba(0, 255, 255, 0.75)",3.6695318560720898,68.14452282441948,1.982336226634359,72.25148797071859,18.786849780303186,True,False,True,False,True,12.404476200569487,0.0,0.0,0.0,0.0,0,1.0207055713636861,0.8028236505540861,False,False,False,False,0.34282824971489206,0.3375845098026553,False,False,False,False,14581924,11651359.086978171,False,False,False,False,455638.32917994907,False,False,False,False
2024-06-04 00:00:00+00:00,74.9518102366,75.7516008946,74.5941398802,75.1604512778,388818,,,,,,,,,72.91531797747707,66.69926659244393,66.3436321138358,66.01893359770493,67.09457325157896,68.11908735815742,69.51820592926599,70.82842349447374,72.42938642214213,73.45339056720888,74.35575107364545,75.8103434922011,76.70285560197739,77.86872902422454,77.89654168619121,77.84815429194173,77.38192442216908,,,,,,,,,,67.66149365271771,66.48041008184303,66.00917609713784,65.89376164911661,66.9010093997275,66.42740441684103,67.13179324289169,67.48062223279099,68.52234231332882,70.34352142769775,71.92097892020493,71.95628225905207,72.83332346171463,74.01091632570757,74.25964875658673,74.6451677520864,76.32198562153151,77.2610526819409,77.88704782556384,77.85568556102528,77.743739750052,77.4759533265686,,67.66149365271771,73.45339056720888,68.2133118004144,"rgba(0, 255, 255, 0.75)",3.8023312105334464,68.2133118004144,1.772201858038616,71.6700628651682,18.786849780303186,True,False,True,False,True,11.525063309958604,0.0,0.0,0.0,0.0,0,1.0173372756851025,0.803084067302075,False,False,False,False,0.33572295102918726,0.3366537304159213,False,False,False,False,14193106,11751035.43650844,False,False,False,False,453017.92411406874,False,False,False,False
2024-06-05 00:00:00+00:00,75.0909042641,75.9850801551,74.6438163186,75.0213572504,758869,,,,,,,,,73.19394626461731,66.97918794172058,66.57826814540142,66.21029691217907,67.20598943296038,68.17289693272315,69.55701590129169,70.85561639536105,72.44429172511654,73.46219539958834,74.3598177640669,75.80795514889526,76.6971787409108,77.85924441984045,77.88860571908883,77.84063195018038,77.37630677600802,,,,,,,,,,67.9922665470871,66.73215510409396,66.20909976582892,66.07049340412738,66.99671466861238,66.5104689115069,67.1986923878975,67.54211156750733,68.5715839886465,70.37480933983113,71.93960324632498,71.97461294951746,72.84566762217177,74.01673918456127,74.26418787878423,74.647846370104,76.31763929198456,77.25346429240737,77.87896649700612,77.84797473226304,77.73695764831797,77.47002192940442,,67.9922665470871,73.46219539958834,68.3432914903618,"rgba(0, 255, 255, 0.75)",3.931590757016842,68.3432914903618,1.716255121847437,71.45373302621587,18.786849780303186,True,False,True,False,True,11.718589348443867,0.0,0.0,0.0,0.0,0,1.0224802690228967,0.8035605107180137,False,False,False,False,0.3423613132574445,0.33950752183668287,False,False,False,False,14951975,11876562.478213992,False,False,False,False,465012.08395273273,False,False,False,False
2024-06-06 00:00:00+00:00,74.7133633324,75.0909042641,74.3656282637,74.4053694144,567848,,,,,,,,,73.31982266676002,67.1645660737301,66.73590422699854,66.34047452543929,67.28215226828557,68.2097278365694,69.58310510988646,70.87337405680059,72.45329998312424,73.46682906716066,74.36106444095948,75.80456741999535,76.6914637714496,77.8508008646697,77.88154605875273,77.83391888279911,77.37111053612922,,,,,,,,,,68.20514892833447,66.90038919298146,66.34488543412454,66.19121945350605,67.06250542052169,66.56798913899712,67.24486402764585,67.58444373036903,68.60514268448452,70.39550268392526,71.95124307171145,71.98604704440837,72.85284668346898,74.01923524630409,74.2657731375812,74.64809979025704,76.31286160675918,77.24637580561559,77.871774066444,77.8410974338145,77.73086166705954,77.4645806581159,,68.20514892833447,73.46682906716066,68.427425378774,"rgba(0, 255, 255, 0.75)",4.042708818557,68.427425378774,1.5548826877592645,70.13888370777474,18.786849780303186,True,False,True,False,False,10.992438449058366,0.0,0.0,0.0,0.0,0,1.034789034694883,0.7983184237481598,False,False,False,False,0.31505733487497783,0.3272824283558303,False,False,False,False,14384127,11974898.341813443,False,False,False,False,469044.8649741942,False,False,False,False
2024-06-07 00:00:00+00:00,73.4714523727,74.4550458528,73.1038467287,73.3621642083,467197,,,,,,,,,73.34246214563669,67.29034659647735,66.8446930682468,66.43162715049547,67.33501612157576,68.23490236203286,69.60004316472713,70.88392403899722,72.45726596306982,73.46746184681113,74.35913890282657,75.79911363919152,76.68429954498632,77.84157476429914,77.87384445151663,77.82656644628288,77.36516686428502,,,,,,,,,,68.34391606961921,67.01576468205734,66.43984373537549,66.27617260004159,67.10852002678286,66.60871743203404,67.27717224037552,67.61384898261386,68.62780374907697,70.40829962944252,71.9571590401657,71.99181386262325,72.85543045586188,74.01824277984245,74.2641046320246,74.64542308875521,76.30637834587208,77.23816678282586,77.86392225470011,77.83357014229243,77.72412589164479,77.45841707766672,,68.34391606961921,73.46746184681113,68.48160233491988,"rgba(38, 166, 154, 1.0)",4.1184254746972195,68.48160233491988,1.2115916794990595,65.84702611689764,19.73852550769122,True,False,True,False,False,8.64152332668202,0.0,0.0,0.0,0.0,0,1.0052134748743426,0.8114971675639663,False,False,False,False,0.2717887543825793,0.2995355913692048,False,False,False,False,13916930,12051056.446056055,False,False,False,False,468972.3996810886,False,False,False,False
2024-06-10 00:00:00+00:00,74.047699058,74.5742693049,72.6567587832,72.8852703998,298621,,,,,,,,,73.35871256394346,67.36923783032132,66.91328071222776,66.48936478502877,67.36878513119987,68.2511151792496,69.6110147097936,70.8908245089131,72.45995866788387,73.46802349960826,74.35806245907295,75.79577775513756,76.67986372650533,77.83581580794018,77.86903335015123,77.82197404608247,77.36146287543012,,,,,,,,,,68.4303049390501,67.08836523819691,66.49994058710226,66.3300659899189,67.13796406604638,66.63480846969063,67.29791835082484,67.63275050200063,68.64241815171827,70.41663284126783,71.96110021772492,71.99565941819986,72.85723908784064,74.01776451131575,74.26319274853925,74.6438654980363,76.30238103127046,77.23306104643007,77.85901787865974,77.82886866506148,77.71992009243976,77.45457398653828,,68.4303049390501,73.46802349960826,68.51601320962094,"rgba(38, 166, 154, 1.0)",4.183716634967871,68.51601320962094,1.3221941950238105,64.00996206048951,18.055853620054393,True,False,True,False,False,9.489491516375377,0.0,0.0,0.0,0.0,0,0.9923913813963606,0.8222399321548184,False,False,False,False,0.2644167368198158,0.2819761640945103,False,False,False,False,14215551,12135938.585426407,False,False,False,False,462291.95263477135,False,False,False,False
2024-06-11 00:00:00+00:00,73.3124877699,73.4118406467,72.5673411941,73.4118406467,316396,,,,,,,,,73.3483466378775,67.44230348804442,66.97759342940194,66.54407110006377,67.40051073530707,68.26613647352158,69.6207304352308,70.89641994894852,72.4613516786408,73.46726965361482,74.35566858449828,75.79110934463822,76.67411587618341,77.82874315735121,77.86312851333788,77.81632809885674,77.3568265598254,,,,,,,,,,68.50787042352687,67.15613117919138,66.55683514122443,66.38131105000762,67.16578536648524,66.65969492080939,67.31751659026774,67.65049932134193,68.65581938043827,70.42367653755863,71.96372626050471,71.99819253831491,72.85774664579887,74.01596466831214,74.26096420940789,74.64098951283779,76.2970598080042,77.22663928311516,77.85299683808697,77.82309028573358,77.7147300273959,77.44978249955766,,68.50787042352687,73.46726965361482,68.54665854790332,"rgba(38, 166, 154, 1.0)",4.232368460811829,68.54665854790332,1.1260430811079545,60.941948881553756,15.238339113244336,True,False,True,False,False,8.106887479143566,0.0,0.0,0.0,0.0,0,1.0043138578405808,0.8162361838031728,False,False,False,False,0.23651831825485028,0.2592472411746803,False,False,False,False,13899155,12205084.327174392,False,False,False,False,456570.54272752546,False,False,False,False
2024-06-12 00:00:00+00:00,74.9518102366,76.3626210868,74.8027809215,75.2896100177,515232,,,,,,,,75.37240408163335,73.47108516231899,67.60367731157281,67.11739777465742,66.66150982270534,67.47176449300787,68.30182601996503,69.64671535944187,70.91482855096967,72.47167723350033,73.47355609111388,74.35880245332064,75.78993310354616,76.67072387699876,77.8227873766533,77.85811954827898,77.81158160245286,77.35331929050854,,,,,,,,,,68.6887640276175,67.30430202565445,66.67892263675219,66.49083454772422,67.22770551861719,66.71399221999062,67.36160140284726,67.69112741641122,68.68856203887567,70.44476190520317,71.97650837308557,72.01078083633391,72.86637763628923,74.02026976610793,74.26441279687722,74.6431976147804,76.29456669813523,77.22196267767046,77.84789960049712,77.81822631911598,77.71045535086078,77.44606921477178,,68.6887640276175,73.47355609111388,68.79141453445257,"rgba(38, 166, 154, 1.0)",4.30574187868252,68.79141453445257,1.4307396671052648,61.66153857853477,15.238339113244336,True,False,True,False,False,10.508077855578794,0.0,0.0,0.0,0.0,0,1.0321785666924679,0.7863999266421763,False,False,False,False,0.34282824979070836,0.30103774548269435,False,False,False,False,14414387,12291723.647677358,False,False,False,False,458870.9920323284,False,False,False,False
2024-06-13 00:00:00+00:00,74.1271813594,74.7034280447,73.709899277,74.4848517158,305321,,,,,,,,74.92878345472971,73.49568190140245,67.68203773213762,67.18641759723694,66.7203151690257,67.50710926542641,68.31926887937385,69.65881992365772,70.92276739918103,72.47526082385549,73.47493509773486,74.3584767699539,75.78725774813658,76.66688397042383,77.8175610773421,77.85374165936852,77.80740699840449,77.34999939225268,,,,,,,,,,68.7731985520477,67.37700509132848,66.73998287845646,66.5459424320267,67.25865282677339,66.74146333367328,67.3836443824108,67.71129642268937,68.70438056420606,70.45416962393733,71.98139434946809,72.0155663312472,72.8690443710149,74.0205699368311,74.26425818375029,74.6423707387374,76.29119375970306,77.21742325287182,77.84343890984533,77.81395250420876,77.70664161840287,77.44261348681418,,68.7731985520477,73.47493509773486,68.80461658895946,"rgba(38, 166, 154, 1.0)",4.366325258592795,68.80461658895946,1.2190032705341616,60.202090255706516,14.691722084826324,False,False,True,False,False,8.961074518567408,0.0,0.0,0.0,0.0,0,1.0228024124465156,0.8051697262912345,False,False,False,False,0.28041886836909047,0.2907283069258924,False,False,False,False,14109066,12362991.975219423,False,False,False,False,452849.4237173351,False,False,False,False
2024-06-14 00:00:00+00:00,73.4217759343,73.7297698523,72.7163705093,73.6006111125,315219,,,,,,,,74.47376728699767,73.48854656714174,67.75017732989905,67.2473755060584,66.7729336067076,67.53839155171107,68.33444810378123,69.66880025155866,70.92869268649956,72.47701983984511,73.47456183607707,74.35646804506888,75.78297901980271,76.66151618606844,77.81086339595146,77.84813933310105,77.80205105074077,77.3456179073181,,,,,,,,,,68.84376796909916,67.44084939626528,66.79456402224946,66.59547098422912,67.28624036130658,66.76624241776797,67.40328948302165,67.7291385831684,68.71797511362814,70.4615223455576,71.98438143370288,72.01846059243694,72.86992322947017,74.01915541472337,74.2624143215094,74.63988069139258,76.28625796114949,77.21138038980177,77.83772779044074,77.80847149854658,77.70172040250189,77.43808125214227,,68.84376796909916,73.47456183607707,68.81132875001757,"rgba(38, 166, 154, 1.0)",4.403512242244274,68.81132875001757,1.0469931569743283,57.704887417711376,12.332534259779955,False,False,True,False,False,7.655771119081184,0.0,0.0,0.0,0.0,1,0.9947931460712345,0.8211624307823393,False,False,False,False,0.23710374630302858,0.2639160266144605,False,False,False,False,13793847,12419103.936975526,False,False,False,False,447452.1521990082,False,False,False,False
2024-06-17 00:00:00+00:00,72.8057880984,73.4416465097,72.2990884268,73.0839761533,339294,,,,,,,,74.10000249567751,73.46559410531835,67.81600744830983,67.30695761191251,66.82487168486888,67.56913687357962,68.34924013396572,69.67818220784945,70.93385358888209,72.47788264067015,73.47321047487816,74.35342538460289,75.7775792540496,76.65500528756462,77.80297615353483,77.84154333199714,77.7957389041802,77.34040137266823,,,,,,,,,,68.91001747379394,67.50298587725966,66.84839024717783,66.64452076759042,67.31349604387252,66.79091840660566,67.42271797845541,67.74670503509213,68.73111687676152,70.46816800064825,71.98650131440708,72.02048658213145,72.86987588127812,74.0167237802628,74.25954258991383,74.63633991563611,76.2801851334173,77.2041686032048,77.83100271598514,77.80201313104938,77.69590801204095,77.43269715339201,,68.91001747379394,73.47321047487816,68.82046920860142,"rgba(38, 166, 154, 0.5)",4.4329733079558435,68.82046920860142,0.8990171185209119,54.788782775321266,9.626736350968201,False,False,False,False,False,6.526394013403284,0.0,0.0,0.0,0.0,1,0.9977378010480695,0.8157424718048052,False,False,False,False,0.22178967792367027,0.2428528522690654,False,False,False,False,13454553,12459709.782584328,False,False,False,False,443210.65603434126,False,False,False,False
2024-06-18 00:00:00+00:00,72.6269529202,73.6900287016,72.1599943993,72.4381824543,476839,,,,,,,,73.78868773715804,73.43487448077623,67.9052889722579,67.38824112325096,66.89610648555205,67.61156193088694,68.36975928529083,69.69117857060468,70.94097269481216,72.47901310711386,73.47125097712794,74.34910440563297,75.76996420252435,76.64583695540976,77.79188214955293,77.83225986380646,77.78685360185341,77.33305281882596,,,,,,,,,,68.99897653133604,67.58756812742277,66.92215301559152,66.71191546811355,67.3511938812116,66.82512978148576,67.4496736982227,67.77107865292649,68.74934223266875,70.47735507510909,71.9893834310948,72.02323800806249,72.86973675621114,74.01325592859111,74.25546036522253,74.63132312643894,76.27162922950315,77.1940197347603,77.82153814375563,77.792922662614,77.68772389836792,77.42511357505424,,68.99897653133604,73.47125097712794,68.84302205878865,"rgba(38, 166, 154, 0.5)",4.462306239217307,68.84302205878865,0.8479765077878326,52.4818162156776,7.52367574806739,False,True,False,False,False,6.197720750459641,0.0,0.0,0.0,0.0,0,0.992412652479389,0.8228099673137802,False,False,False,False,0.22415541840298808,0.23350413533602674,False,False,False,False,12977714,12480023.673463374,False,False,False,False,444529.4146212298,False,False,False,False
2024-06-20 00:00:00+00:00,70.4411896312,71.9016769197,69.0403140687,71.6632300155,826042,,,,,,,,72.79919438085848,73.20656093876798,67.98183120185668,67.46469348611433,66.96794012639849,67.6508528952291,68.38623486156405,69.69664644077054,70.9378644192666,72.46771356763082,73.45555371213005,74.33014764981658,75.74634490783832,76.6202909795258,77.7636851866089,77.80870172193904,77.76423577307203,77.31373050753305,,,,,,,,,,69.05434025494905,67.66455133935152,66.9962239001394,66.78141684424939,67.38760646157941,66.86048989109563,67.47547729398644,67.79325703669079,68.76244000254476,70.47724580874876,71.98034407614324,72.01404480985195,72.85667919166816,73.99542937934629,74.23683864595645,74.61140272205476,76.24680549905082,77.16709277611186,77.79750651753433,77.76979416243792,77.66674772602828,77.40531161708313,,69.05434025494905,73.45555371213005,68.81626058301524,#000000,4.463025780595856,68.81626058301524,0.36408686126115647,47.271369846235665,2.7489829479173338,False,True,False,True,False,2.310589306920807,0.0,0.0,0.0,0.0,0,0.9461134212218405,0.8533727796609398,False,False,False,False,0.11991517516487935,0.17670965525045304,False,False,False,False,12151672,12467147.137249125,False,False,False,False,459490.6924792208,False,False,False,False
2024-06-21 00:00:00+00:00,71.8818063444,72.140123824,69.6960430554,70.4113837682,1017346,,,,,,,,72.3810639552298,73.03661789844077,68.09770860554887,67.576917818421,67.07137406704712,67.71077499800302,68.41365139499905,69.71002328876119,70.94025004984016,72.45930024583603,73.44141105780368,74.31169862196741,75.72178396777457,76.59305633919053,77.7329240961463,77.78294518128017,77.7395191482156,77.2927678936409,,,,,,,,,,69.15169840517025,67.7787346658376,67.10285280703529,66.88092412607881,67.44236007736694,66.91231643943235,67.51478277494522,67.82789746235063,68.78556404952468,70.48348789884629,71.97498528978254,72.00847023944924,72.84595250470639,73.97849938843987,74.21882973858087,74.59168070019238,76.22059621397698,77.13803882360622,77.77124109845393,77.74452096805204,77.64385264970899,77.38379386073456,,69.15169840517025,73.44141105780368,68.8396993036331,"rgba(38, 166, 154, 0.5)",4.466860715166673,68.8396993036331,0.6810391536135904,46.807972652284526,2.4746529126458796,False,True,False,True,False,4.57791299412316,0.0,0.0,0.0,0.0,0,0.9805391233746469,0.8503408476829994,False,False,False,False,0.13865011724717896,0.15767988624881601,False,False,False,False,13169018,12494671.484807983,False,False,False,False,481367.3712055259,False,False,False,False
2024-06-24 00:00:00+00:00,72.5474706187,73.4813876604,72.0805120979,72.2891531391,563921,,,,,,,,72.42272653876564,73.02137837086418,68.18676261085027,67.66002895646608,67.145966822405,67.7565607808809,68.43637846306078,69.72434077982614,70.94794920971393,72.46022241478073,73.43880875460815,74.30639398446259,75.71269301456172,76.58217364727344,77.71981325390011,77.7719293171733,77.728966218826,77.28400514663203,,,,,,,,,,69.23729965166679,67.86440571563166,67.17979107457039,66.95208150228689,67.48348906287058,66.95005996856602,67.54464296168523,67.85491157050257,68.80573292183298,70.49352005269354,71.97789240794384,72.01122989759293,72.84542934683468,73.97417153511377,74.21379882516484,74.58557791831441,76.21042066119905,77.1260225277693,77.76001486483183,77.73372937404521,77.63411645695807,77.37475710113306,,69.23729965166679,73.43880875460815,68.88229597115416,"rgba(38, 166, 154, 0.5)",4.482427889955087,68.88229597115416,0.8176762097521582,47.721418670335154,2.4746529126458796,False,True,False,True,False,5.598597098829579,0.0,0.0,0.0,0.0,0,1.0007775063925652,0.8457699293468494,False,False,False,False,0.21792371591258614,0.18780180108070108,False,False,False,False,13732939,12543230.995207671,False,False,False,False,484604.7684131523,False,False,False,False
2024-06-25 00:00:00+00:00,72.6666940709,72.7362410846,71.7526476046,72.448117742,619295,,,,,,,,72.41805776008388,72.99097793679765,68.27406480472924,67.74268886632214,67.22108210407943,67.80271438547192,68.45922214395166,69.73824576291801,70.95480968702459,72.4599120739317,73.43474604760381,74.29946138353571,75.70172423312405,76.5693184690502,77.70458601705678,77.75913132084881,77.71669798028229,77.27375520076471,,,,,,,,,,69.31847620172687,67.94915890658798,67.25715948138803,67.0240380996917,67.52521565259254,66.98868736661815,67.57504494365345,67.8823125272598,68.82585692976448,70.50286308497085,71.97967046025177,72.01285434675762,72.84358547035932,73.96827202602127,74.20715756145128,74.57779689111324,76.19830669974365,77.11195789271213,77.74697192482869,77.72118557533236,77.62278179131486,77.36420043855576,,69.31847620172687,73.43474604760381,68.92151735529421,"rgba(38, 166, 154, 0.5)",4.504065818974357,68.92151735529421,0.8315102101368963,48.55193302618509,2.4746529126458796,False,True,False,True,False,5.78194764287651,0.0,0.0,0.0,0.0,0,1.000103994975468,0.854543225563345,False,False,False,False,0.19485786046153,0.19132983077111554,False,False,False,False,14352234,12614172.289513255,False,False,False,False,489886.7382793032,False,False,False,False
2024-06-26 00:00:00+00:00,72.5574059064,72.7759822353,71.9463857143,72.3686354406,346052,,,,,,,,72.41861236796228,72.97629972478116,68.32176027589739,67.78803130644403,67.26245373487023,67.828335014904,68.47200547405542,69.7460730643511,70.95872488594152,72.45983523681323,73.4325784931751,74.2956926075987,75.69570260433093,76.56224017312294,77.69618100601187,77.75206134220319,77.7099202273219,77.26809469901204,,,,,,,,,,69.36262693342668,67.99557715941468,67.29973930419624,67.06372640416414,67.54841985007853,67.01019730730752,67.59201211856303,67.8976193075546,68.83713330368322,70.5081576717828,71.98075799824052,72.01385617005143,72.84265403072743,73.96508022099681,74.20355134010677,74.57355453694612,76.19164409722804,77.10420359881122,77.73976733072236,77.71425607484368,77.61651934947119,77.3583698619902,,69.36262693342668,73.4325784931751,68.94341316038097,"rgba(38, 166, 154, 0.5)",4.53423033579781,68.94341316038097,0.7970465720469723,48.88618452862922,2.4746529126458796,False,True,False,False,False,5.582815323089459,0.0,0.0,0.0,0.0,0,1.0447709881884282,0.823135816627404,False,False,False,False,0.1998586084766513,0.1955942196238834,False,False,False,False,14006182,12668760.905610774,False,False,False,False,484246.1603075658,False,False,False,False
2024-06-27 00:00:00+00:00,73.6105464002,73.6701581263,71.7923887553,72.3885060159,339298,,,,,,,,72.45490042919718,72.9774948875282,68.37412990818584,67.83726490343403,67.30700650791371,67.85641145367032,68.48634213300585,69.75540510079158,70.9640985889556,72.46110874375643,73.43171976413021,74.29318918457193,75.69089563167154,76.55632322248917,77.68889788569079,77.7459235900214,77.70404158369982,77.26324116645738,,,,,,,,,,69.41292611876175,68.0461795127336,67.3456014863635,67.10635286153097,67.5737207688462,67.03343227219702,67.61057607592261,67.91449527193497,68.84995111189596,70.514929473624,71.98324202101672,72.01624957826277,72.8430511256339,73.96317449884057,74.20121435869287,74.57056481557858,76.18616789100058,77.09759396346823,77.73351489382384,77.70824551342096,77.611099312919,77.3533577398665,,69.41292611876175,73.43171976413021,68.97022304437547,"rgba(38, 166, 154, 1.0)",4.57747190731845,68.97022304437547,1.0137306027822004,51.16059241766291,2.4746529126458796,False,True,False,False,True,7.225598433143226,0.0,0.0,0.0,0.0,0,1.056404228502533,0.773156170207346,False,False,False,False,0.20611758250776638,0.2008559010658249,False,False,False,False,14345480,12734514.595586821,False,False,False,False,478561.91872687696,False,False,False,False
2024-06-28 00:00:00+00:00,71.2360126454,74.1271813594,70.5852513025,73.8589285921,2307067,,,,,,,,72.31826229222776,72.83364134153739,68.6281506042375,68.0863695445186,67.54056217393777,68.00264628234902,68.55964465003711,69.79769943711617,70.98180523830612,72.45388308563687,73.41128738620401,74.26266377515395,75.6460738328573,76.50489839601735,77.62904717205258,77.69549480501031,77.655647211895,77.22249434062536,,,,,,,,,,69.63245287052864,68.2982774851931,67.58515797358629,67.33247849118435,67.70801938014274,67.16012019758581,67.70986244368103,68.00356036435396,68.9138304575341,70.54130818376755,71.983235221622,72.01571965641412,72.83045591865428,73.9362664226776,74.17171735627528,74.5370477980197,76.13732603095829,77.04186482721319,77.68213039774915,77.65878357726149,77.5662899104447,77.31145643101699,,69.63245287052864,73.41128738620401,69.08085423167236,#000000,4.575536342025698,69.08085423167236,0.4710176583961945,48.36298797409539,2.4746529126458796,False,True,False,True,True,2.9797820371412698,0.0,0.0,0.0,0.0,0,1.0401677946944625,0.7941677767462293,False,False,False,False,0.17513321521201794,0.1879945581389214,False,False,False,False,12038413,12707216.493799103,False,False,False,False,550268.0003454308,False,False,False,False
2024-07-01 00:00:00+00:00,68.7521907261,71.4247831112,68.4342615204,71.21614207,435909,,,,,,,,72.17405307837227,72.7459561857061,68.64008078560511,68.10265547225598,67.55922866200761,68.0128524828854,68.56350116282458,69.79676774649593,70.97707611696845,72.4455809872232,73.40099201205928,74.250896183005,75.63215333400535,76.49012656796342,77.61304196702187,77.68202858306911,77.64269251468129,77.211305242695,,,,,,,,,,69.63093795998583,68.31308758362395,67.60402615598385,67.35162642116168,67.71848568113933,67.1715607241217,67.71766886226735,68.00987755863478,68.91622237112183,70.53790991350839,71.97589616627339,72.00831903882592,72.82137007989387,73.92500136931746,74.1601028704376,74.52484148400097,76.12286698085225,77.02644653562994,77.66840236534355,77.64554816420396,77.55422986768933,77.30001261277121,,69.63093795998583,73.40099201205928,69.07597355454718,#000000,4.550787598927013,69.07597355454718,-0.07114874544430959,43.49106671268751,-0.7925038356813587,False,True,False,True,False,0.0,0.0,0.0,0.0,0.0,0,0.9880965484199782,0.8322269133421856,False,False,False,False,0.043784603855638586,0.11588958099728,False,False,False,False,11602504,12663894.435218746,False,False,False,False,545783.3336652179,False,False,False,False
2024-07-02 00:00:00+00:00,68.8316730275,69.4973373019,68.2454910545,68.4342615204,544694,,,,,,,,71.9722838407515,72.62089451589794,68.64359993506066,68.11310701248676,67.57422864385511,68.01982030222874,68.56494679650399,69.79259363306733,70.96844452236925,72.43286714276894,73.38595705747643,74.2341680263412,75.61292014799201,76.4699623595988,77.59145748149598,77.66386671470869,77.62521185686914,77.19613666847296,,,,,,,,,68.85816712796667,69.61589867422583,68.32111051783599,67.61899391279914,67.36780132353718,67.72657685345278,67.18164374874833,67.72372507352956,68.01422172489374,68.91594529118315,70.53083710569553,71.96425153114738,71.99660989159307,72.80775462952836,73.90884042377839,74.14355212841286,74.50760774939602,76.1030349696293,77.00553086561062,77.649886457611,77.62769056666848,77.5379391197412,77.28451369504418,,69.61589867422583,73.38595705747643,68.90724202780446,#000000,4.514676696385933,68.90724202780446,-0.01673851869945616,40.405872426571634,-3.5891386469220237,False,True,False,True,False,0.0,0.0,0.0,0.0,0.0,0,0.9803575684329703,0.8617285892463182,False,False,True,False,-0.013876485857536758,0.05100654756987162,False,False,False,False,12147198,12643631.82991605,False,False,False,False,545740.6146979544,False,False,False,False
2024-07-03 00:00:00+00:00,69.9742311104,70.7144100423,69.1992786715,69.2489551099,330876,,,,,,,,71.9006490720852,72.56994661197365,68.65640387385146,68.12851974341822,67.59086614497353,68.02949983723892,68.56909978229719,69.79305176614899,70.96596177990708,72.4275606077605,73.37908852921363,74.22613428484918,75.60319175307286,76.45953525650764,77.58004942305084,77.65424988843061,77.61596057202645,77.18816632081841,,,,,,,,,69.27554500365629,69.61994993874362,68.33565736660577,67.6358624680623,67.38461491927244,67.7361787225788,67.19170647957475,67.73092383875058,68.02026410793454,68.91897108293661,70.52938749494079,71.9597205132345,71.99202771855771,72.80182956923832,73.90120942722739,74.13563907714072,74.49922680323326,76.09286924178153,76.99459306910518,77.6400850849705,77.61824005140744,77.52932845080977,77.2763569891363,,69.61994993874362,73.37908852921363,68.92915300174752,#000000,4.478615833672813,68.92915300174752,0.2333484602083922,40.63702496527384,-3.5891386469220237,False,True,False,True,False,0.8870945857816359,0.0,0.0,0.0,0.0,0,0.9711829814383218,0.8570185760043114,False,False,False,False,0.041764374748716915,0.04638546115929427,False,False,False,False,12478074,12637139.365997775,False,False,False,False,537314.5513764659,False,False,False,False
2024-07-05 00:00:00+00:00,70.3716426174,70.9031805082,69.800363576,70.1530662885,358962,,,,,,,,71.84322874957071,72.52489894221549,68.67414072961276,68.14849869733044,67.61162410716227,68.0420201210078,68.57484909921116,69.79469936985346,70.96433909788261,72.42274953958994,73.37252764992805,74.21825857536933,75.59341324567808,76.44894756675245,77.56835253343388,77.64437929496525,77.60646692328692,77.18001178081859,,,,,,,,,69.59040294495776,69.62919301335484,68.3549187634957,67.65695672438318,67.40537361831917,67.74833792358734,67.2040888159067,67.74005717428393,68.02810417021486,68.92347127684276,70.52891552887276,71.95579755754507,71.98804477371823,72.7963215338914,73.89379250878947,74.1278990889781,74.490959477913,76.08258814108704,76.98343085670656,77.63002663318571,77.60854231296666,77.52049641658316,77.26800616477061,,69.62919301335484,73.37252764992805,68.9494059434033,#000000,4.4368028266375,68.9494059434033,0.3205544013490807,41.54504518391359,-3.5891386469220237,False,True,False,True,False,1.522589144571917,0.0,0.0,0.0,0.0,0,0.9705776256374692,0.86276951546266,False,False,False,False,0.06205510335199372,0.054220282255643994,False,False,False,False,12837036,12644978.449684137,False,False,False,False,530320.3336754281,False,False,False,False
2024-07-08 00:00:00+00:00,70.6697012478,71.2757537961,70.2822250284,70.4511249189,424836,,,,,,,,71.79677591142965,72.48294304287238,68.6993411006527,68.17571719670718,67.63917281734712,68.05909403376342,68.58306130634737,69.79795745240266,70.96364028225466,72.41813865738848,73.36578448546908,74.20990250411332,75.5827330876746,76.43725167643714,77.55529299208435,77.63334591176249,77.59585694225679,77.17092799461085,,,,,,,,,69.88538139752191,69.64544560754666,68.38152741853558,67.68499425066072,67.43271819951634,67.76468034540949,67.22038854930811,67.75235885928434,68.03883383440917,68.93017730063717,70.52961116690238,71.95229007726343,71.98446125306829,72.79085689031521,73.88600401049696,74.11970900476463,74.4821231626583,76.0712812843997,76.9710318949133,77.61878519424582,77.5977047256315,77.51063083223082,77.25869692430271,,69.64544560754666,73.36578448546908,68.97319100367545,#000000,4.410904388847952,68.97319100367545,0.38461732437769997,42.730125255330364,-3.5891386469220237,False,True,False,True,False,2.0016231990818376,0.0,0.0,0.0,0.0,0,0.9798916264115354,0.8538787415090103,False,False,False,False,0.08406295958743631,0.06914162092154015,False,False,False,False,13261872,12669170.353618093,False,False,False,False,526183.6931391368,False,False,False,False
2024-07-09 00:00:00+00:00,70.1530662885,71.3353655221,70.0735839871,70.6299600971,489286,,,,,,,,71.7376237668533,72.43114827546196,68.72454380514183,68.20371623705061,67.6680801616289,68.07688856867208,68.59147866330783,69.80080722331383,70.9620385754189,72.41216045045022,73.3574077707913,74.19971573486274,75.569929592116,76.42331817527915,77.53982616941674,77.62027455588775,77.58328362047588,77.1601378431572,,,,,,,,,70.03004813527025,69.65991683679333,68.40863537364301,67.71436240489818,67.46158667631423,67.78189626964814,67.23780499753028,67.76536035655134,68.0500810664952,68.93690156676902,70.52957776987256,71.9475391929835,71.97962671696187,72.78392126361932,73.8764517047571,74.1097088757826,74.47139701862982,76.05777851951213,76.95630629597775,77.60546743385686,77.58486269125875,77.49893276798403,77.24764430626506,,69.65991683679333,73.3574077707913,68.98862483653173,#000000,4.396664137848753,68.98862483653173,0.2648465781009197,42.68868877966123,-3.5891386469220237,False,True,False,True,False,1.1238360421623348,0.0,0.0,0.0,0.0,0,0.9929517944161116,0.8506306520869462,False,False,False,False,0.08021912452275422,0.07468037272214718,False,False,False,False,12772586,12673225.869162481,False,False,False,False,524736.7247807393,False,False,False,False
2024-07-10 00:00:00+00:00,71.4744595496,71.6334241524,70.2424838776,70.600154234,304940,,,,,,,,71.72019192370145,72.40987637508431,68.7449981857256,68.22523373720243,67.68950862207961,68.090522836278,68.59829736028473,69.80403333030266,70.96238652533724,72.40962187133275,73.35330386267295,74.1944194818527,75.56292093036686,76.41554112815693,77.5310367998483,77.61283429140352,77.57612956989293,77.15403293001982,,,,,,,,,70.16511156394064,69.67477639078402,68.42985633494713,67.73618296933998,67.48276019710593,67.79482924511714,67.25052103910123,67.77514151806297,68.05871823464936,68.94263026018558,70.5309418616307,71.94582455704948,71.9778543084171,72.78075300990547,73.87157843699478,74.10453501741321,74.46574569181092,76.05029872579264,76.94800969721014,77.59788884097998,77.57755604141221,77.49228302566372,77.24138305049078,,69.67477639078402,73.35330386267295,69.00432592554303,"rgba(38, 166, 154, 0.5)",4.393797587747716,69.00432592554303,0.5621864855461342,45.23723684669916,-3.5891386469220237,False,True,False,True,True,3.258273279395482,0.0,0.0,0.0,0.0,0,1.0012135127156516,0.8374670880359691,False,False,False,False,0.08381094731897568,0.07924566002056144,False,False,False,False,13077526,12689080.77625415,False,False,False,False,516117.24537757307,False,False,False,False
2024-07-11 00:00:00+00:00,73.5111935234,74.1222137156,72.7163705093,73.0243644273,422523,,,,,,,,71.78496685101393,72.4326877193056,68.80008587781218,68.2781653132678,67.7386787490601,68.12362331100869,68.61638110257744,69.81637562639662,70.97011225228749,72.41243905402412,73.35354845404923,74.19265153213722,75.55832305610954,76.40953113561295,77.5233133916994,77.60624578262866,77.56981411716649,77.1488555044764,,,,,,,,,70.6476752477259,69.72738534513782,68.48377603980975,67.78650888582929,67.53027334587166,67.82505416395217,67.27855288428869,67.79799714123818,68.07967525075176,68.9589831666207,70.54030714963093,71.95011373836587,71.98203227881021,72.782510456625,73.87054925158189,74.10297079515772,74.46338005142601,76.04485573899079,76.9411368735101,77.59118689539446,77.57110543059957,77.48645552478357,77.23602547399095,,69.72738534513782,73.35354845404923,69.06086327117933,"rgba(38, 166, 154, 1.0)",4.412344273120925,69.06086327117933,1.0086090243073607,50.013432212407366,-5.70855751410113,False,True,False,False,True,6.376639920706037,0.0,0.0,0.0,0.0,1,1.0084736096274591,0.8368972001597367,False,False,False,False,0.21865951264483133,0.14895258633269637,False,False,False,False,13500049,12720883.451695163,False,False,False,False,512446.8828137467,False,False,False,False
2024-07-12 00:00:00+00:00,74.7431691954,75.5479274973,74.1669225101,74.3358224006,470477,,,,,,,,71.90642950255112,72.48958545862487,68.87755111606465,68.35113224798265,67.8053442137777,68.16935596744166,68.64201938528943,69.83516332304929,70.98337799887952,72.41967496711298,73.35766850530348,74.194304261215,75.55653685526407,76.40595085004799,77.51762739137023,77.60134307532688,77.5651345040974,77.14523550399727,,,,,,,,,71.23414381625685,69.80519093022285,68.55865292856197,67.85481358924028,67.59433116114306,67.86643312180448,67.31632969199734,67.82934505107136,68.10872175972676,68.98256296198545,70.55553975812107,71.9591955662899,71.99097069430827,72.78844952475148,73.8731209410889,74.10487181738806,74.46430070491277,76.04200604875344,76.93650509462134,77.58620903493045,77.56632524809169,77.48218106729252,77.232228936848,,69.80519093022285,73.35766850530348,69.13830119918961,"rgba(38, 166, 154, 1.0)",4.440134212336195,69.13830119918961,1.262319499405709,54.68097969276793,-1.3883808886740425,False,True,True,False,True,8.169602169407103,0.0,0.0,0.0,0.0,0,1.0264053133284052,0.8129777648512794,False,False,False,False,0.2931132030136339,0.22103289467316514,False,False,False,False,13970526,12769889.041824764,False,False,False,False,510801.00505634485,False,False,False,False
2024-07-15 00:00:00+00:00,72.4878588927,73.6453199071,72.3587001529,73.4416465097,505645,,,,,,,,71.94454946973042,72.49810531571488,68.93148240330434,68.40420002907364,67.85568527516114,68.20332354793837,68.66054369473557,69.84720447777092,70.99019487002042,72.4209984914846,73.35608115346875,74.19045000951407,75.54947387761318,76.39732024130943,77.50705857404061,77.59234013754866,77.55649296451683,77.13804156031301,,,,,,,,,71.4436981544936,69.85407274172984,68.61223466064074,67.90621582461316,67.64332584302767,67.89779770602773,67.34586041003031,67.85322855778837,68.13049250062545,68.99913177975867,70.56421088468298,71.9621499970317,71.99380400831956,72.78858128538894,73.87009287009835,74.10124793571649,74.45977211844452,76.03400045308204,76.92689473395997,77.57704794654373,77.55750025516285,77.47418277663812,77.22480980683682,,69.85407274172984,73.35608115346875,69.1792779073434,"rgba(38, 166, 154, 0.5)",4.428300639477726,69.1792779073434,0.7471446170255535,53.921348443357545,-1.3883808886740425,False,True,True,False,True,4.299285189531446,0.0,0.0,0.0,0.0,0,0.9996176181818642,0.8532870366346036,False,False,False,False,0.1514567190500224,0.18624480686159378,False,False,False,False,13464881,12797143.628419872,False,False,False,False,510598.80877962545,False,False,False,False
2024-07-16 00:00:00+00:00,75.5479274973,75.587668648,72.5126971119,72.7064352216,564871,,,,,,,,72.05928967512845,72.55379949751304,69.01581936561524,68.48446643166677,67.92976537203755,68.25456838829422,68.68949504726486,69.86822606008002,71.00480767096954,72.42862885562698,73.36008281567085,74.1915798946243,75.54658756669866,76.39235047621773,77.49962691553087,77.58593868471452,77.55037400544421,77.13322887291277,,,,,,,,,71.8408669971537,69.93731864275651,68.6942755216936,67.9820066480882,67.71476652473976,67.94441726411195,67.38869995134779,67.88876207749001,68.16338460363737,69.02570139634136,70.58110705540761,71.97191216679678,72.00340156102838,72.79470514173116,73.8722900969309,74.10266732786027,74.46004890924509,76.02987759607475,76.92069437400325,77.57054643702502,77.55125114043314,77.46857542004058,77.2197815901883,,69.93731864275651,73.36008281567085,69.25107720956689,"rgba(38, 166, 154, 1.0)",4.4711377886781625,69.25107720956689,1.4083328641040818,56.795635301123866,0.42877913934670175,False,False,True,False,True,8.578734074475975,0.0,0.0,0.0,0.0,0,0.9831574537626229,0.8418883643562872,False,False,False,False,0.21461106444860487,0.2004279356550993,False,False,False,False,14029752,12845481.211619092,False,False,False,False,512727.1300039539,False,False,False,False
2024-07-17 00:00:00+00:00,74.9220043736,76.5613268403,74.877295579,75.0412278257,365811,,,,,,,,72.153427499505,72.60390350720536,69.07780316667231,68.54292122668342,67.98330485968523,68.2920187160848,68.71096194158815,69.88434964348887,71.01660455933313,72.43563531631808,73.36461912388889,74.19414693258554,75.5464139803852,76.39071821912886,77.4963028679895,77.58303751099643,77.54761448052828,77.13120895317635,,,,,,,,,72.11717437336794,69.99993466619127,68.7542251931186,68.0368038952461,67.76626477078256,67.97834617503902,67.41964071140968,67.91466946045166,68.18749664738696,69.04556679139864,70.5944483734865,71.98039875154252,72.01177207979973,72.80067996235861,73.87559522849261,74.10543222956004,74.46203118000501,76.02884293017551,76.91822064130673,77.56760649377601,77.54843276082536,77.46607668634185,77.21763446446708,,69.99993466619127,73.36461912388889,69.30399330890626,"rgba(38, 166, 154, 1.0)",4.49768044704715,69.30399330890626,1.249090754853899,57.75803878602335,1.375647390184696,False,False,True,False,True,7.5360055769712595,0.0,0.0,0.0,0.0,0,1.0020516559906214,0.8450164978920786,False,False,False,False,0.34282824559061525,0.2716280906228573,False,False,False,False,13663941,12877577.67390854,False,False,False,False,506965.71314105374,False,False,False,False
2024-07-18 00:00:00+00:00,74.5643340172,75.9403713605,73.9781520443,74.9915513873,266437,,,,,,,,72.20637736417298,72.63154099559932,69.11784396321613,68.58108242668534,68.01859561158393,68.31668852962545,68.72506819805842,69.89472143283558,71.02395090529483,72.43966387508975,73.36692446514601,74.19508408075862,75.54543859997243,76.38874131162649,77.4931488444528,77.58030978356872,77.54500976329024,77.12919305517666,,,,,,,,,72.26019508460782,70.03952092360856,68.79320682153384,68.07288624608258,67.800324884213,68.00081270242785,67.44028313685963,67.9318701734382,68.20345419008078,69.05855279137438,70.60287378220166,71.98544465381899,72.01673909689129,72.80399204677835,73.87704237528625,74.10650722098536,74.46256169418204,76.02727430531513,76.91565643093946,77.56483786639379,77.54577285623206,77.46369582780333,77.2155201867901,,70.03952092360856,73.36692446514601,69.33599250817501,"rgba(38, 166, 154, 1.0)",4.500606113576007,69.33599250817501,1.1616971974627543,57.84353703299019,1.6205210761348923,False,False,True,False,True,6.9399223823978815,0.0,0.0,0.0,0.0,0,0.9881413154761082,0.8553625206828366,False,False,False,False,0.2762449770495222,0.27393653383618977,False,False,False,False,13397504,12897966.9415984,False,False,False,False,497533.21458650264,False,False,False,False
2024-07-19 00:00:00+00:00,73.4515817974,74.6040751679,73.093911441,74.5842045926,301298,,,,,,,,72.23945053137743,72.64657871991764,69.1537755904568,68.61610476206626,68.05162683205475,68.33964011289659,68.73805180410044,69.90376792058159,71.02980762054652,72.44209109846557,73.36754631962427,74.19428480982116,75.54263640348411,76.3849249208883,77.4881081140303,77.57598920010498,77.54086832436434,77.12581917328907,,,,,,,,,72.34220159532818,70.07330348667142,68.82868384111775,68.10659416653992,67.83242008099332,68.02193569417398,67.45999809654968,67.94810104248741,68.21839610918786,69.07035301312838,70.6098660840826,71.98890696931647,72.02012298910596,72.8056751398895,73.87676692162772,74.10585187003883,74.46133945500334,76.02386701396452,76.91122530055476,77.56044556313164,77.54154419544163,77.45987598052811,77.21202337361089,,70.07330348667142,73.36754631962427,69.36153285521293,"rgba(38, 166, 154, 0.5)",4.462981535866595,69.36153285521293,0.9164386877511216,56.212136157470226,1.6205210761348923,False,False,True,False,True,5.103368574427748,0.0,0.0,0.0,0.0,0,0.9747607980169236,0.8827950780166037,False,False,False,False,0.1829552515841076,0.2284458927101487,False,False,False,False,13096206,12905741.022320032,False,False,False,False,489837.71597526723,False,False,False,False
2024-07-22 00:00:00+00:00,74.7232986201,75.0511631134,73.1137820163,74.2165989485,485442,,,,,,,,72.30954669270018,72.68260856379955,69.2177063207781,68.6778365930308,68.10941059523606,68.38015328005798,68.76124784450946,69.92045549276291,71.04121434982342,72.44775202162164,73.3701998000654,74.19455799874189,75.53956676871978,76.38012946690907,77.48125853001079,77.57009058257935,77.53522291900317,77.12131897506299,,,,,,,,,72.50472375436163,70.13490004852969,68.89143157784764,68.16558837978928,67.88842646757156,68.05907234206052,67.49442138718882,67.97666920204195,68.2448201950578,69.09159584321408,70.62315543501933,71.99631792487364,72.02739973971165,72.81009102417185,73.8779230399294,74.10636552454842,74.46090439013429,76.01977198974609,76.90540224737012,77.55445367745334,77.53578005098336,77.45468823167862,77.20733577853835,,70.13490004852969,73.3701998000654,69.40874921826902,"rgba(38, 166, 154, 1.0)",4.4477968902090135,69.40874921826902,1.1948723228639222,56.67570692486368,1.6205210761348923,False,False,True,False,True,6.883796567401983,0.0,0.0,0.0,0.0,0,0.9839231550308468,0.8731437048964246,False,False,False,False,0.1744497491163598,0.20144782091325425,False,False,False,False,13581648,12932247.178307483,False,False,False,False,489665.3349566293,False,False,False,False
2024-07-23 00:00:00+00:00,75.7267626754,76.447071032,74.4451105651,74.6040751679,323588,,,,,,,,72.38130178447666,72.72361036376797,69.26966679223506,68.72719049473552,68.15496165035121,68.41246664728529,68.78005264704215,69.93465032770582,71.05166191621092,72.45403226897203,73.37432452987795,74.19695993075437,75.53956690198801,76.37884523680388,77.47848524788132,77.56765941991569,77.53291123416864,77.11964404582615,,,,,,,,,72.66415803334763,70.18694593185421,68.9419055918787,68.21214333584999,67.93236480503053,68.08847103706115,67.52133568658411,67.9992892630315,68.26590041149885,69.10902088978125,70.63494210507633,72.00388854733218,72.03486919414202,72.81547128601443,73.88097149185371,74.10894065601985,74.46279413359979,76.01901465239038,76.90337811643414,77.55199148469852,77.53341963441765,77.45259735145625,77.20555062392219,,70.18694593185421,73.37432452987795,69.44960198574024,"rgba(38, 166, 154, 1.0)",4.439484006328414,69.44960198574024,1.4139392507579167,58.102045855887624,2.4642244492195573,False,False,True,False,True,8.25274443586618,0.0,0.0,0.0,0.0,0,0.993912596757551,0.8821625701732824,False,False,False,False,0.3135541959659653,0.25750100843960977,False,False,False,False,13905236,12970403.602687582,False,False,False,False,483152.4982916635,False,False,False,False
2024-07-24 00:00:00+00:00,76.1440447579,77.7734319369,75.7466332508,75.7466332508,573471,,,,,,,,72.53938144193127,72.81863165430283,69.37425748862631,68.82571055348484,68.24524085592935,68.47707707922885,68.81809010681356,69.96415542170497,71.07421945783642,72.468740664745,73.38500482390147,74.2043978711929,75.54250659480996,76.37932015814833,77.47615274326101,77.56551449342443,77.53090713060406,77.11858579650487,,,,,,,,,72.99552040813396,70.29379417489254,69.04297543446329,68.30445263818542,68.0192327129241,68.14702926787078,67.57457669907512,68.04439845568615,68.30813345802086,69.14450990888423,70.65998691273353,72.02105524760357,72.05184035102376,72.82848790654153,73.8896360697032,74.11670349023423,74.46926854426847,76.02050798035803,76.90246470490848,77.54983627730888,77.53137287822845,77.45086332433473,77.20431826793103,,70.29379417489254,73.38500482390147,69.53356870653643,"rgba(38, 166, 154, 1.0)",4.42440954338575,69.53356870653643,1.4940922594396524,59.50718402519202,4.051222840581694,False,False,True,False,True,8.817140329812421,0.0,0.0,0.0,0.0,0,0.9941975234218231,0.8572293627319845,False,False,False,False,0.3428282450264545,0.3001646267330321,False,False,False,False,14478707,13029552.755523365,False,False,False,False,486694.4003194414,False,False,False,False
2024-07-25 00:00:00+00:00,75.5976039356,76.4917798266,74.9518102366,75.7267626754,401508,,,,,,,,72.6205282601944,72.86747869423623,69.43701476070541,68.88558768052545,68.30077228842684,68.51687572371621,68.84151612446865,69.98193722665562,71.08740105048591,72.47678579457873,73.39038906229254,74.2076507443261,75.5427856035734,76.37800114071739,77.47298379068155,77.5627238821594,77.528256553434,77.11670208561091,,,,,,,,,73.14661367347918,70.35634114889304,69.10410358955701,68.36115420842626,68.07289377172386,68.18333470641237,67.60788772202672,68.07248332433048,68.3343392769416,69.16624842800017,70.67481383539395,72.0306943813423,72.0613544027594,72.83542180070603,73.8936899032331,74.12017067210934,74.47188727393525,76.01984546179399,76.9002273866892,77.54701201087943,77.52866669540919,77.44847268452628,77.2023007068157,,70.35634114889304,73.39038906229254,69.58096627472996,"rgba(38, 166, 154, 1.0)",4.415215856751983,69.58096627472996,1.362705212174187,59.449602359528896,4.266689001003705,False,False,True,False,True,7.880676425655942,0.0,0.0,0.0,0.0,0,0.9692796585234768,0.8823628021871062,False,False,False,False,0.24810447243560826,0.2741345495843202,False,False,False,False,14077199,13070636.92197343,False,False,False,False,483353.7571696594,False,False,False,False
2024-07-26 00:00:00+00:00,77.6542084848,77.8131730877,76.3775240183,76.8196443199,398455,,,,,,,,72.73704310383594,72.94100486657592,69.51373135818207,68.95774571265454,68.36684844322352,68.56467109637917,68.87001272909296,70.00440274879901,71.1049426092965,72.48870069526996,73.39942620589203,74.21435914003891,75.54627023261166,76.37969036291103,77.47264927293078,77.5623115454075,77.52790648892102,77.11691619092214,,,,,,,,,73.3653304868484,70.43523418679554,69.17816600711997,68.42869250856442,68.13646219055663,68.22664146648111,67.64717963743077,68.10597438732238,68.36579099499741,69.19294702985309,70.69412099490837,72.04438500762357,72.07490261004374,72.84612392876113,73.90128397961568,74.12711201524506,74.47790346522447,76.02227997424838,76.90091908892147,77.5466147352266,77.52830879322283,77.44824941787097,77.20240480456471,,70.43523418679554,73.39942620589203,69.6418471279459,"rgba(0, 255, 255, 0.75)",4.464808406809497,69.6418471279459,1.794558831378757,61.65319869138606,6.62023866661314,True,False,True,False,True,10.642152551696665,0.0,0.0,0.0,0.0,0,0.9743732182699597,0.8880645784714492,False,False,False,False,0.3428282454092715,0.3084813974967958,False,True,False,False,14475654,13125735.63091565,False,False,False,False,480024.3941433983,False,True,False,False
2024-07-29 00:00:00+00:00,75.7665038262,77.2866028408,75.0114219627,76.849450183,404501,,,,,,,,72.818328767868,72.99222893331279,69.57770485425681,69.01884183263296,68.42359784082007,68.60572394836198,68.89444117207998,70.02314341025533,71.11903666825663,72.49757183028095,73.40559366917856,74.21835389863999,75.54723509323084,76.37901191979476,77.47007844287525,77.56002041626245,77.52573892560983,77.11547452932511,,,,,,,,,73.50068931595938,70.49910013729904,69.24051214409504,68.48660601607978,68.19133445999766,68.26412590467537,67.68156802225798,68.13509023773835,68.39301373298926,69.21567710478668,70.7098787381601,72.05488400228397,72.08527334269084,72.85386420942844,73.90609762217335,74.13132509523756,74.4812514855491,76.02227846816412,76.89930301114309,77.54430048892259,77.52609585421867,77.44631377273956,77.20083388884225,,70.49910013729904,73.40559366917856,69.68953216209415,"rgba(38, 166, 154, 1.0)",4.4429218404841775,69.68953216209415,1.367787209023598,59.97122286410303,6.62023866661314,False,False,True,False,True,7.4644188185005085,0.0,0.0,0.0,0.0,0,0.9454982810249233,0.9037620789927908,False,False,False,False,0.2597408758025739,0.28411113664968485,False,False,False,False,14071153,13162810.821860135,False,False,False,False,477062.69241228467,False,False,False,False
2024-07-30 00:00:00+00:00,76.0446918811,76.6507444294,75.2697394423,75.6572156617,372583,,,,,,,,72.88898192830608,73.03742698008394,69.6352303905575,69.07392760396942,68.4749052686398,68.64297243541515,68.91669097453723,70.04020757560866,71.13186008638019,72.50562722115502,73.4111772667467,74.22195055464687,75.54805854328562,76.37833160175744,77.46766456220004,77.55787079649515,77.52370407519243,77.11410988023692,,,,,,,,,73.61222396642368,70.55630294572298,69.29666641086693,68.53894250033032,68.24099459336423,68.29818895017762,67.71286919314016,68.16160794549337,68.41780955832905,69.23637891313108,70.72422084907795,72.06442529598954,72.09469768048511,72.86088622487304,73.91044302526544,74.13512148522479,74.48425646833351,76.02221756147084,76.89776373687106,77.54212883458533,77.52401853559233,77.44449417139033,77.19935009321883,,70.55630294572298,73.4111772667467,69.73192045347777,"rgba(38, 166, 154, 1.0)",4.446546893599354,69.73192045347777,1.4197019796888306,59.177825426913465,6.62023866661314,False,False,True,False,False,7.839153978059134,0.0,0.0,0.0,0.0,0,0.9588866585410528,0.8916817090982163,False,False,False,False,0.2436110747715125,0.2638611057105987,False,False,False,False,14443736,13213043.18178719,False,False,False,False,472965.4495725872,False,False,False,False
2024-07-31 00:00:00+00:00,77.1375735256,78.0019435535,76.0943683195,76.6209385664,658038,,,,,,,77.07796179953333,73.04762916402784,73.1422849872054,69.75134517080512,69.18411985536981,68.57673918808956,68.71747220844375,68.96165079922574,70.07558530098973,71.15938825564561,72.52418639746779,73.42512430258739,74.23216343799687,75.55308551924563,76.38047706044185,77.4665464816776,77.55671428293313,77.52266449431507,77.11403274537463,,,,,,,,,73.86651986881166,70.67416300410466,69.40937543156882,68.64287641879886,68.33929386996704,68.36604179646535,67.77478262870217,68.21446666620851,68.46745573189173,69.27848442352013,70.75456533728362,72.08581194727027,72.11585851724129,72.87750557618989,73.92207456943603,74.14570848035173,74.49335791019908,76.02555834136938,76.89829993323488,77.54098743004276,77.5229568071147,77.44368800252879,77.19908828686333,,70.67416300410466,73.42512430258739,70.11614068255064,"rgba(0, 255, 255, 0.75)",4.431015557715308,70.11614068255064,1.5846102889039988,59.910270168638284,6.62023866661314,False,False,True,False,False,9.300530883051167,0.0,0.0,0.0,0.0,0,0.9701859546122417,0.8743673541192645,False,True,False,False,0.33858394799612634,0.3012225268533625,False,False,False,False,15101774,13287111.057011222,False,False,False,False,480223.19664817204,False,False,False,False
2024-08-01 00:00:00+00:00,76.2533329223,77.5697585396,75.2454973404,76.7103561555,468459,,,,,,,76.77781225683412,73.13449132165704,73.2005847636856,69.82389592241401,69.25372990127113,68.64174695176011,68.76520201630656,68.99053757188862,70.09798111814317,71.1764598181426,72.53522755966206,73.43303963623897,74.23755688124673,75.5549597548536,76.38042416868201,77.46428322373441,77.55465821858766,77.52073097948292,77.11288326291448,,,,,,,,,73.99011298848579,70.74633706624589,69.48027737391837,68.70913838169992,68.40228054406772,68.40976155183434,67.81498142848395,68.24868332637102,68.49951988198303,69.30543646904988,70.77354599895412,72.09874107737345,72.12863846558709,72.88723803039817,73.92842125856502,74.15135529976908,74.49799987444156,76.02630150624647,76.89715400427039,77.5389169639971,77.52098306496057,77.44198787782824,77.19779608719439,,70.74633706624589,73.43303963623897,70.15330284175272,"rgba(38, 166, 154, 1.0)",4.300629869375303,70.15330284175272,1.418403877065886,58.89341078101759,6.62023866661314,False,False,True,False,False,7.812832245836606,0.0,0.0,0.0,0.0,0,0.9880909877808866,0.8785870340895054,False,False,False,False,0.2820571686158795,0.291639847734621,False,False,False,False,14633315,13339903.36850098,False,False,False,False,479761.8556031457,False,False,False,False
2024-08-02 00:00:00+00:00,74.9220043736,75.9751448674,74.0278284826,75.2299982916,387917,,,,,,,76.31602016913612,73.17365231033479,73.22684379032118,69.87032749186099,69.29934510824621,68.68526953700973,68.79716679824789,69.00983399258948,70.11233950106477,71.18676462672127,72.5410347818002,73.43648005260897,74.23910421516999,75.55384113909665,76.37789359255606,77.4600886823157,77.55100493665873,77.51724150607387,77.11020141326364,,,,,,,,,74.02900015278885,70.79035227199378,69.52632734747498,68.75339640371199,68.44476573492236,68.43937414648474,67.84264790152355,68.27201018436827,68.52124146631579,69.32325811570084,70.78530163331861,72.10593405940153,72.13572448397977,72.89206359619335,73.93067603931603,74.15309390620077,74.49898209802079,76.02434841507211,76.89379529121139,77.5352121130544,77.51742163217077,77.43879833451777,77.19497786645806,,70.79035227199378,73.43648005260897,70.16092370287075,"rgba(38, 166, 154, 1.0)",4.0988213206985895,70.16092370287075,1.1615731202251562,56.15692856167361,10.601447831997248,False,False,True,False,False,5.626818469937746,0.0,0.0,0.0,0.0,1,0.9575057222714404,0.9068835274940162,False,False,False,False,0.16339897101021136,0.22751940937241616,False,False,False,False,14245398,13375412.961893098,False,False,False,False,476160.09655988513,False,False,False,False
2024-08-05 00:00:00+00:00,72.2990884268,73.3323583452,70.0934545625,70.908148152,590838,,,,,,,75.07899566733414,73.13393249272548,73.19777888744055,69.89792817033423,69.33064709341271,68.71865522570927,68.82136880691816,69.02399918181018,70.12035693069178,71.1897336990309,72.53874918390756,73.4313043357929,74.23167899262637,75.54316301124776,76.36566946448336,77.44587658420194,77.53885984155468,77.50555591041692,77.10028141422552,,,,,,,,71.90830044483333,73.90869913341447,70.8077992635123,69.556349516188,68.78697636457568,68.47853233493987,68.46304302781022,67.86643554930247,68.29111661678593,68.53845853281317,69.33557559157036,70.79006714187106,72.1051841281537,72.1348653998669,72.88861245494775,73.9240614309873,74.14589979373525,74.49088214873323,76.01273459581749,76.88056203806663,77.52285518683624,77.50549636571554,77.42792908278224,77.18478846918117,,70.8077992635123,73.4313043357929,70.16324744160612,"rgba(38, 166, 154, 0.5)",3.938291174630645,70.16324744160612,0.5423268342758306,51.11359140646674,5.849123477052132,False,True,False,False,False,1.563773411526931,0.0,0.0,0.0,0.0,1,0.9066879628531421,0.9343850090665986,False,False,False,False,-0.10231567742740891,0.06260186597250363,False,False,False,False,13654560,13386359.904563958,False,False,False,False,480657.2692438112,False,False,False,False
2024-08-06 00:00:00+00:00,73.461517085,74.0725372772,72.3288942899,72.75611166,353159,,,,,,,74.82166277905615,73.13676353775844,73.19894760473709,69.92514801809926,69.35882248811066,68.74677020003959,68.84204001784734,69.03641772777891,70.12878583294071,71.19488107538712,72.5403626789504,73.43101410749041,74.2298848169001,75.53922097373437,76.36064587897194,77.43952369408225,77.53339761521171,77.50030991044989,77.09594049675327,,,,,,,,72.42432915136393,73.88833168137148,70.83071816336853,69.58424973878743,68.81542877892917,68.50639428943319,68.48263954149041,67.88532866025486,68.30675996933628,68.55284454272301,69.34679954421512,70.7963861870009,72.1078600106382,72.13746238638399,72.8894474378871,73.92281968077415,74.14425888096955,74.48863770442836,76.00814637071227,76.87487064798259,77.51730321795948,77.5001431544671,77.42307108781475,77.180303975741,,70.83071816336853,73.43101410749041,70.19095911338209,"rgba(38, 166, 154, 0.5)",3.7982800101020207,70.19095911338209,0.8610628923932488,49.422096612516384,4.369136247485379,False,True,False,False,False,3.2000330551554867,0.0,0.0,0.0,0.0,1,0.933767050615387,0.9189956734144412,False,False,False,False,0.017443625275079346,0.04002274562379149,False,False,False,False,14007719,13410726.92791439,False,False,False,False,475657.3371166029,False,False,False,False
2024-08-07 00:00:00+00:00,72.0209003719,75.8757919906,71.7129064539,75.6870215247,645301,,,,,,,74.48516380480194,73.1389264861214,73.19904629581572,69.97255076440288,69.4081975624377,68.79631982092296,68.87861268137046,69.05847626813902,70.14366335119955,71.20384462090747,72.54296185683472,73.43017620629038,74.22633175128823,75.53178462943336,76.35125779026812,77.4277304390541,77.52325526724708,77.49056643146983,77.08785881691675,,,,,,,,72.74057310492265,73.8495968235266,70.87011763178685,69.63302825843407,68.86553477472721,68.555594559904,68.51741646502985,67.91897826629273,68.33461195299388,68.57844228871625,69.3667084332152,70.80746167824755,72.11237053827854,72.14183136426503,72.89064248708559,73.92026318142072,74.14098271402415,74.48427129218354,75.99954342298312,76.86427390706316,77.50699422793777,77.49020125677913,77.4140431499366,77.17195920597426,,70.87011763178685,73.43017620629038,70.21557797973804,#000000,3.6689047163689286,70.21557797973804,0.49206031001771583,46.70096711329245,1.8842300252695736,False,True,False,True,False,1.056960396106419,0.0,0.0,0.0,0.0,1,0.9208401580498856,0.910822539433935,False,False,False,False,0.0651751789361529,0.0525989622799722,False,False,False,False,13362418,13408832.460153043,False,False,False,False,482310.02977869695,False,False,False,False
2024-08-08 00:00:00+00:00,72.7064352216,73.2330054685,71.5340712757,72.4878588927,348899,,,,,,,74.28366348638214,73.12772146463469,73.19027300124789,69.99208990221085,69.42945855404946,68.81839908578198,68.894918482274,69.06827358672837,70.14978936126231,71.20694365544217,72.54285228400269,73.42831259982331,74.22309110785467,75.52656025246515,76.34506226549853,77.42031130684387,77.51689073585885,77.48444489619774,77.08270485323165,,,,,,,,72.69567763491494,73.80930429731755,70.88454343638492,69.65370651016976,68.88778293691897,68.57775905516921,68.53318203080653,67.93456735746713,68.34735617759685,68.5900525527646,69.37540538501005,70.81164042244494,72.1132120500311,72.1426039612108,72.88982151358316,73.91752345774255,74.13788312435177,74.48061750459746,75.99373516109735,76.85746059141414,77.50052213954957,77.48395543089478,77.40835536395653,77.16665510998894,,70.88454343638492,73.42831259982331,70.2121962149546,"rgba(38, 166, 154, 0.5)",3.5576728011467003,70.2121962149546,0.7010872404683939,45.896244908151345,1.1666324209242944,False,True,False,True,False,2.028009440349649,0.0,0.0,0.0,0.0,1,0.9050130138836453,0.9476570903086576,False,False,False,False,-0.048176776533535706,0.0022110928732182455,False,False,False,False,13711317,13420694.598970572,False,False,False,False,477078.22468933626,False,False,False,False
2024-08-09 00:00:00+00:00,72.0407709472,72.8753351121,71.1764009193,72.8753351121,319062,,,,,,,74.09308711560715,73.1106401283971,73.17727927235524,70.00645177241573,69.44576135294993,68.83585854585534,68.90780923646477,69.07598586795947,70.15426763281387,71.20875344664859,72.54186357864857,73.42578086301583,74.21935330099339,75.52107617055715,76.33873927795796,77.41291433254393,77.51055273939627,77.47834508790066,77.07753023049837,,,,,,,,72.6017026810664,73.76233793931632,70.89379667028315,69.66933058097062,68.90532201307059,68.59545200051308,68.54582612988959,67.94729969210226,68.35765522647243,68.59936402108818,69.38214752815435,70.81440127241088,72.1130450383658,72.14237837003664,72.88821016721683,73.91422157920773,74.13426924296982,74.47651745248317,75.9877445397958,76.85059355484749,77.49407558266203,77.47773201896237,77.40267961202314,77.16133858756298,,70.89379667028315,73.42578086301583,70.20336877038727,"rgba(38, 166, 154, 0.5)",3.4556852207204156,70.20336877038727,0.5317041511175843,44.58935769918424,-0.11724397876437109,False,True,False,True,False,1.0385964815866942,0.0,0.0,0.0,0.0,0,0.9140016207177944,0.9444924202734953,False,False,False,False,-0.07699564883083616,-0.03739227797880896,False,False,False,False,13392255,13419579.32057957,False,False,False,False,470881.5099956368,False,False,False,False
2024-08-12 00:00:00+00:00,71.245947933,71.3254302345,70.540542508,70.7789894122,270021,,,,,,,73.88893389871255,73.0836710684901,73.15717364910061,70.012561003737,69.45415794574537,68.84593793495227,68.91519176513552,69.080297391794,70.15604320883327,71.20843531798577,72.5394088432112,73.42212448129098,74.2147684158844,75.51513111083418,76.33217182882343,77.40551747133412,77.50422990251435,77.47225393354577,77.07229873638705,,,,,,,,72.43455867034953,73.70276688323472,70.894770418469,69.67689774974936,68.91534311481999,68.60599482765763,68.55342526985176,67.95540670151601,68.36398099400493,68.60493476698082,69.38569642316624,70.8148276373921,72.11120244903643,72.14049396145323,72.8852764370943,73.90996689102182,74.1297804659741,74.47165306131244,75.98141940753253,76.84360242443921,77.48764174491131,77.4715175897099,77.39699893706924,77.15597818404979,,70.894770418469,73.42212448129098,70.18438718431504,#000000,3.343574468727282,70.18438718431504,0.3174927786456728,42.820552787858844,-1.8697075944262735,False,True,False,True,False,0.0,0.0,0.0,0.0,0.0,0,0.8932122418301519,0.9737288695470084,False,False,False,False,-0.16606130041150172,-0.10172678919515533,False,False,False,False,13122234,13407918.719772527,False,False,False,False,463004.62725070986,False,False,False,False
2024-08-13 00:00:00+00:00,72.2295414131,72.477923605,71.6980035224,72.1898002624,193104,,,,,,,73.8089627896863,73.0749290179007,73.15035256875747,70.02151904578595,69.46423512081087,68.8566726974318,68.92315514405902,69.08509234931947,70.15888504812159,71.209663437928,72.5389377180235,73.42071708176329,74.21262774075309,75.51192920494253,76.32845687665954,77.40114829236998,77.50048207399543,77.46864690978116,77.06924259653643,,,,,,,,72.4133058551351,73.67863680360577,70.90076021470925,69.68658412881076,68.92613005655348,68.61685817297598,68.56122082998975,67.96323434572643,68.3703368310754,68.61069415566068,69.38990590857229,70.81663124718862,72.11123175508204,72.14048746000795,72.88442712158526,73.90809177803084,74.12771510006073,74.46929209605808,75.9779081547241,76.83955644512167,77.48383025530728,77.46783777378532,77.39364287017385,77.15283726432568,,70.90076021470925,73.42071708176329,70.1830735542344,"rgba(38, 166, 154, 0.5)",3.181216199779009,70.1830735542344,0.6432973210081604,43.26671530735609,-1.8697075944262735,False,True,False,True,False,1.3009385216081206,0.0,0.0,0.0,0.0,0,0.8826831443593343,0.971406274516085,False,False,False,False,-0.07198454699046423,-0.08685566809280978,False,False,False,False,13315338,13404288.10331086,False,False,False,False,452420.28892715264,False,False,False,False
2024-08-14 00:00:00+00:00,72.2494119884,72.6468234955,71.7278093854,72.5474706187,256841,,,,,,,73.71741735550503,73.06443052881707,73.14206100933275,70.03372401427731,69.47788405776828,68.87115743046253,68.933925002591,69.09159847127889,70.16279114357265,71.21142008119483,72.5384255523327,73.41895573227944,74.20988693799173,75.50777153442715,76.32361160062217,77.39542845874358,77.49557289840604,77.46392231430112,77.06524352493975,,,,,,,,72.39559569896169,73.64913199044335,70.90910294286152,69.69972983458052,68.94068911215935,68.63150100485063,68.57174731302818,67.97378134031415,68.3789203472004,68.61848322057236,69.39563293300962,70.81915468270668,72.11138899071763,72.14059667942858,72.88341000878941,73.90570612558605,74.12507485239769,74.4662570312638,75.97333623898164,76.83426896681368,77.47883806929909,77.4630179971336,77.38924746507922,77.14872629179878,,70.90910294286152,73.41895573227944,70.18296523757937,"rgba(38, 166, 154, 0.5)",2.9771565863678484,70.18296523757937,0.6941007941210479,43.59731636650524,-1.8697075944262735,False,True,False,True,False,1.329924210818504,0.0,0.0,0.0,0.0,0,0.8800137660215095,0.9729447887106629,False,False,False,False,-0.06397417940047741,-0.0754149237466436,False,False,False,False,13572179,13410872.060043769,False,False,False,False,444750.51289079373,False,False,False,False
2024-08-15 00:00:00+00:00,73.2230701808,73.9582814689,72.5723088379,73.0144291396,241299,,,,,,,73.6936492612543,73.06653179688958,73.1429559735849,70.05050917960197,69.49543665100661,68.88887088703932,68.9471824647189,69.09972409634372,70.16831223684031,71.21478644881456,72.53946047619016,73.41872716422445,74.20865709793333,75.50510685755472,76.32022110709849,77.39114457669034,77.49187738538414,77.46037080994955,77.06229807112105,,,,,,,,72.45974352803965,73.64177059499409,70.92306185405587,69.71704061424265,68.95857973828629,68.64913038191536,68.5844029500216,67.98607200133631,68.3891370375328,68.62788808225562,69.40298017864542,70.82329155752323,72.1131260727777,72.14228174892715,72.88392887990969,73.90484442188195,74.12394718541962,74.46472683367628,75.97023830294724,76.83043011467937,77.47508313652054,77.4593952270949,77.38595488476815,77.14568447689655,,70.92306185405587,73.41872716422445,70.19464897543028,"rgba(38, 166, 154, 1.0)",2.8137954480463834,70.19464897543028,1.0762762472561187,45.44552123621826,-1.8697075944262735,False,True,False,True,True,2.75069927915726,0.0,0.0,0.0,0.0,0,0.8868325905632509,0.9537229810228619,False,False,False,False,0.022628441906285417,-0.02639324092017909,False,False,False,False,13813478,13426660.528277347,False,False,False,False,436772.022189194,False,False,False,False
2024-08-16 00:00:00+00:00,73.2727466192,73.5608699618,72.7958528107,73.2131348931,216778,,,,,,,73.67245958876437,73.0679654406785,73.14344488590045,70.06524686909422,69.51089458407789,68.90451270187978,68.95890956426662,69.10692444325215,70.17318908909361,71.21773997674332,72.5403337438382,73.41847173796822,74.20750726773959,75.5026744580524,76.3171405329023,77.38726516344249,77.48853054084717,77.45715398541641,77.05962711244177,,,,,,,,72.50707583130632,73.63470896057672,70.93524064821801,69.73226850092935,68.97437235459537,68.66471246576563,68.59561394195872,67.99697852874262,68.39820119422882,68.63622934965757,69.40948620489216,70.8269328942085,72.11462552273058,72.14373487671209,72.88434137816265,73.90402331058306,74.12288865517883,74.46330863506483,75.96741890685078,76.82694857047493,77.4716824607126,77.45611395180225,77.38297179333927,77.1429268147684,,70.93524064821801,73.41847173796822,70.20442175739393,"rgba(38, 166, 154, 1.0)",2.6049818961927795,70.20442175739393,1.177868017543799,46.76060278074051,-1.8697075944262735,False,True,False,True,True,2.8231678807054728,0.0,0.0,0.0,0.0,0,0.8879665382321918,0.9600287834239121,False,False,False,False,0.015649113664254144,-0.0053720636279624735,False,False,False,False,14030256,13450330.938933138,False,False,False,False,428144.805632755,False,False,False,False
2024-08-19 00:00:00+00:00,73.8092521538,73.9086050305,72.8554645367,73.2926171945,174315,,,,,,,73.66742411286332,73.07160859839956,73.14567184270153,70.07817408579115,69.52428090445072,68.91792181558003,68.96898730170444,69.11313867535777,70.17750445077819,71.22048271448728,72.54136352435681,73.41857582332734,74.20687555266609,75.50099013345277,76.31491817598767,77.38438542434086,77.48604068866481,77.45476215644825,77.0576573348887,,,,,,,,72.55620623352478,73.63327818064289,70.94628175684981,69.74551666792925,68.98792363108608,68.67802726815881,68.60520155129358,68.00624300382697,68.40594012306508,68.64337459833715,69.41513348075596,70.83023844156027,72.1161738037268,72.14524448634911,72.88499221248603,73.90366304933977,74.12233193115406,74.46245620984959,75.96541413793719,76.82439693705881,77.46915342669114,77.45367431662567,77.38075673810467,77.14088928890527,,70.94628175684981,73.41857582332734,70.21439191415485,"rgba(38, 166, 154, 1.0)",2.4622186512843536,70.21439191415485,1.4600085324550647,48.564023721895055,-6.18265483408225,False,True,False,False,True,3.612277682599956,0.0,0.0,0.0,0.0,0,0.8918618973588268,0.9472484458699596,False,False,False,False,0.032004273644613994,0.01331610500832576,False,False,False,False,14204571,13479908.980543604,False,False,False,False,418190.69560794113,False,False,False,False
2024-08-20 00:00:00+00:00,72.4282471666,73.8413841682,72.2341896206,73.5527857665,266431,,,,,,,73.62626098062006,73.06875234717405,73.14291742401261,70.09382911852434,69.54107070039494,68.93522042381755,68.98198534850174,69.12112304933527,70.18272377852931,71.223410851947,72.54183178397679,73.41770043723716,74.20493853411048,75.49752471328392,76.31069022744842,77.37920704548756,77.48157950440775,77.45047133094002,77.05406388660414,,,,,,,,72.57534288783138,73.61774676302488,70.95850967302367,69.7619239075793,69.00535479002765,68.69536107593768,68.61773893142694,68.01858069491556,68.41613551721434,68.65271767500025,69.42229117581843,70.8339855443479,72.11737771820697,72.14639458747673,72.8849140313494,73.90211447515185,74.12050353831836,74.46020034211324,75.96149214659746,76.81969082936935,77.46461930604166,77.44929768446727,77.37677130633982,77.13718627722636,,70.95850967302367,73.41770043723716,70.2217793131355,"rgba(38, 166, 154, 0.5)",2.341781632488677,70.2217793131355,0.9422175931577477,47.42549610118361,-6.18265483408225,False,True,False,False,True,1.4178100788843935,0.0,0.0,0.0,0.0,0,0.9012078358299693,0.9440195739897701,False,False,False,False,0.004366260979034419,0.008841182993680089,False,False,False,False,13938140,13497878.824443854,False,False,False,False,412239.334995865,False,False,False,False
2024-08-21 00:00:00+00:00,72.7765555825,73.353752386,71.9903737295,71.9903737295,325164,,,,,,,73.57395785973365,73.0635071683095,73.13825578671275,70.11181677262483,69.56054666581892,68.95544174902331,68.99720882068411,69.13048768937007,70.18876052154151,71.22668798692894,72.54215283786544,73.41640240560015,74.2023622746399,75.49310529498585,76.30535508352558,77.37272592083953,77.47599714553252,77.44510081491654,77.04955407200721,,,,,,,,72.58552462898228,73.59663025437125,70.97221885341165,69.78089085288981,69.02571323766071,68.71567440839831,68.63247936946094,68.03315594288813,68.4281571726194,68.6637175704044,69.43066080938179,70.83824900744972,72.1185809114778,72.14753351943465,72.88457754773287,73.90000521473911,74.11805818464153,74.4572400055358,75.95652391385235,76.81377872550992,77.45894536691728,77.44381996152009,77.37178027366895,77.13254168987226,,70.97221885341165,73.41640240560015,70.22924030671437,"rgba(38, 166, 154, 1.0)",2.240982581677925,70.22924030671437,1.1366957050948299,47.32468907840548,-6.18265483408225,False,True,False,False,True,1.9426721899928694,0.0,0.0,0.0,0.0,0,0.9027616127133796,0.9500434726939582,False,False,False,False,-0.024989606339728004,-0.008074211673023957,False,False,False,False,14263304,13527895.497995077,False,False,False,False,408824.6159764193,False,False,False,False
2024-08-22 00:00:00+00:00,72.169503772,72.8561689347,71.9207120463,72.7367489064,273296,,,,,,,73.51652815901592,73.05450345928709,73.13092812313685,70.12449303769196,69.57471802669336,68.9705146061341,69.00856805695858,69.13746347311495,70.19302680039992,71.2287057702713,72.54178285065622,73.41471522103774,74.19963883708364,75.48888132269317,76.30039672442935,77.36683668604772,77.47093106591504,77.44022424340328,77.0454298587782,,,,,,,,72.56902959760667,73.57214356386676,70.98101327306868,69.7945369106451,69.04085069167931,68.73093017495903,68.64360420098238,68.04431620788111,68.43728963924339,68.67202616993023,69.43682592342653,70.84106992028218,72.1189180661698,72.14781982890482,72.88367486112467,73.89765842882517,74.11544114335419,74.45420490733505,75.95185832328507,76.80835045748671,77.45379499729314,77.43884615018558,77.3672423180593,77.12830089831131,,70.98101327306868,73.41471522103774,70.2316655047861,"rgba(38, 166, 154, 0.5)",2.1394186219268163,70.2316655047861,0.905777975078406,46.24338585581817,-6.18265483408225,False,True,False,True,True,0.9788411815395293,0.0,0.0,0.0,0.0,0,0.909101952985313,0.9494520991944443,False,False,False,False,-0.04778245773875038,-0.027928334705887167,False,False,False,False,13990008,13546017.55689723,False,False,False,False,403509.76829106954,False,False,False,False
2024-08-23 00:00:00+00:00,74.2991609434,74.5778076761,72.5476671949,72.8064105896,292280,,,,,,,73.53010093297868,73.06408218812106,73.13731802187851,70.14701667017405,69.5978805288065,68.99361288870793,69.02607569007306,69.14837846335699,70.20076622046484,71.2338082281427,72.54398954026571,73.4153590853479,74.19903556252581,75.48649545140151,76.29708887357818,77.36241028562353,77.46708965333751,77.4365353204371,77.04241659123547,,,,,,,,72.6450112050306,73.5768722421333,71.00067150836543,69.81751518132307,69.06419613417549,68.75383834363302,68.66023435576254,68.06033648477784,68.45075023992086,68.6844936466937,69.44679417065194,70.84711726584473,72.12200624539777,72.1508418517924,72.88524049539573,73.89751697618625,74.11496485873569,74.45322736823863,75.94892471087299,76.80448359950323,77.44989513736218,77.43508423475237,77.36382955076135,77.12517791330983,,71.00067150836543,73.4153590853479,70.25029725585146,"rgba(0, 255, 255, 0.75)",2.048994651069287,70.25029725585146,1.976024527655841,49.24020523576773,-5.120266282912134,False,True,False,False,True,4.155689431444152,0.0,0.0,0.0,0.0,1,0.9032262463001934,0.9444412160662562,False,False,False,False,0.04652893019572798,0.009300297744920406,False,False,False,False,14282288,13574890.907607144,False,False,False,False,399147.8165933806,False,False,False,False
2024-08-26 00:00:00+00:00,74.3389676195,75.1151978035,74.3190642814,74.6176143522,236358,,,,,,74.59107656813335,73.56857700058279,73.07961580407333,73.14832545120258,70.16888224907993,69.6198752817688,69.01514218618604,69.04244293868875,69.15864448994803,70.20835362258282,71.23916997089022,72.54686996391504,73.41691273519196,74.19952356958558,75.48546870331558,76.29525970744977,77.35962549905571,77.46465250914838,77.43420014658126,77.04057279153666,,,,,,,,72.7369469824579,73.5930388945082,71.02074707017373,69.839513164782,69.08599625573223,68.77505886425308,68.6756377745324,68.07498226360134,68.4631695921051,68.69606525421372,69.45626298346745,70.85327773212357,72.1256509338086,72.154428189305,72.88757330966523,73.89840280070314,74.11556098741822,74.45339584914014,75.94742367303158,76.80217899193563,77.44742418553135,77.43270320536473,77.36168112311123,77.12325178533183,,71.02074707017373,73.41691273519196,70.49050005347453,"rgba(0, 255, 255, 0.75)",1.9669967524403489,70.49050005347453,1.9565195322518312,51.29902773871538,-3.1263901359897233,False,False,False,False,True,4.213633682233311,0.0,0.0,0.0,0.0,1,0.933582342920213,0.9232475088178023,False,False,False,False,0.14004805793756742,0.07467417784124392,False,False,False,False,14518646,13611900.911230393,False,False,False,False,392763.9022171696,False,False,False,False
2024-08-27 00:00:00+00:00,74.0205142107,74.353895123,73.3238973789,73.8314324992,266691,,,,,,74.22440368099502,73.58158315306265,73.08891906161476,73.15468814014152,70.18947849244546,69.64104058361436,69.03624778445857,69.05850780433948,69.16871273314068,70.21553724618673,71.24395518164289,72.54901397728351,73.41763112312353,74.19910267655261,75.48341930476884,76.29236477193501,77.35570673648382,77.46124686453382,77.43093002795307,77.03790920554788,,,,,,,,72.79577712163133,73.59845235501503,71.03879492623916,69.86051434951254,69.10732394599678,68.79599275355221,68.69090128165514,68.08968322526223,68.47554775637961,68.7075420649279,69.46547173869894,70.85892277641946,72.12860039807713,72.15731710783376,72.8891322615022,73.8984042869133,74.11525608425471,74.45263295443841,75.94487235526293,76.79877277361891,77.44396738263842,77.42936864550644,77.35865681562258,77.12048931778186,,71.03879492623916,73.41763112312353,70.48847914763417,"rgba(0, 255, 255, 0.75)",1.8908513752887206,70.48847914763417,1.8679601735099436,52.030717837532904,-2.37784757390493,False,False,False,False,True,3.688246885427418,0.0,0.0,0.0,0.0,1,0.937540542392604,0.924912364652031,False,False,False,False,0.06876629868716193,0.07172023826420293,False,False,False,False,14251955,13637001.071574299,False,False,False,False,387819.86683610413,False,False,False,False
2024-08-28 00:00:00+00:00,73.1746223435,74.2966730261,73.1646706745,73.8513358373,302391,,,,,,73.96945212140942,73.58003586989375,73.09471699452213,73.15840448481956,70.21035542803767,69.6628125842423,69.05823251555837,69.07527199292615,69.17922645825165,70.2228690228588,71.24863940456295,72.55080146642013,73.41784631657781,74.19806460912407,75.48058390425314,76.2886062657442,77.35081997650103,77.45701006339765,77.42685840852936,77.03455437795711,,,,,,,,72.83645306485545,73.59740888567474,71.05648735652683,69.882000646893,69.12950894970146,68.81789025906644,68.70693113054833,68.10525204048484,68.48860299663365,68.7196107046455,69.47503691717284,70.86455570713127,72.13126645381993,72.15991771681412,72.89027657028565,73.89782910542111,74.11434586282355,74.45121838264569,75.94148769977288,76.79444971511674,77.43966521704026,77.42521678808315,77.35488366982608,77.11701905769297,,71.05648735652683,73.41784631657781,70.4901845700932,"rgba(38, 166, 154, 1.0)",1.847564515309258,70.4901845700932,1.4529602355766502,50.87733112220751,-2.37784757390493,False,False,False,False,True,2.2986337567945263,0.0,0.0,0.0,0.0,1,0.9402908611762415,0.9224366782815508,False,False,False,False,0.06004477341829333,0.06588250584124813,False,False,False,False,13949564,13649258.441316484,False,False,False,False,384469.71519547264,False,False,False,False
2024-08-29 00:00:00+00:00,73.6025441116,74.1847167496,72.8860239418,73.6423507877,355154,,,,,,73.84347048176154,73.57897284751384,73.10152411680966,73.16281744115786,70.23463604116367,69.68815638420018,69.08385190855577,69.09485637909748,69.19154535828378,70.23147105569255,71.25414633388034,72.55291883146054,73.41812270725266,74.19687276969152,75.47728567945137,76.28422502240137,77.34511523606332,77.45206147911532,77.42210252210708,77.03063641859143,,,,,,,,72.8796720799022,73.59651497431483,71.07705283043845,69.90700281931971,69.15535595918695,68.84341911450367,68.72567135982594,68.12346586191124,68.5038881029121,68.73374482778603,69.48624812949824,70.87117197433497,72.13441234743632,72.16298699277633,72.89164088504211,73.89717970607934,74.11330381571533,74.44958534676395,75.93754521591391,76.7894063740381,77.4346405939957,77.42036740789146,77.35047612585079,77.1129660438707,,71.07705283043845,73.41812270725266,70.50059335090715,"rgba(0, 255, 255, 0.75)",1.8114421811069363,70.50059335090715,1.7124205194323694,50.943648108296486,-2.37784757390493,False,False,False,False,True,2.955397159975785,0.0,0.0,0.0,0.0,1,0.9386480607171793,0.9261042888683023,False,False,False,False,0.04432808724738272,0.055105296544315424,False,False,False,False,14304718,13674962.737735447,False,False,False,False,383320.0793054541,False,False,False,False
2024-08-30 00:00:00+00:00,74.1697892461,74.3190642814,72.6770388923,74.0503692178,248964,,,,,,73.82200935360157,73.58360173778294,73.10785271816846,73.16711540390256,70.25227858467589,69.70647229607941,69.1022907185864,69.10898474811789,69.20046290898455,70.23777106661434,71.25826512794531,72.55463949105177,73.41854287632506,74.19625390486021,75.47517755749993,76.2813465941474,77.34129935338751,77.44874594217788,77.4189169632804,77.02802478780461,,,,,,,,72.91362425816968,73.59846687709201,71.09220980191947,69.92510682201163,69.17396474988823,68.86176920968673,68.73916570965375,68.13654503380243,68.51489451604648,68.74393933787485,69.49438605974713,70.87607293949797,72.13686282427854,72.16538289396904,72.8928288900402,73.89694546758935,74.11279088282629,74.44865425759528,75.93497944526555,76.78605949815714,77.4312749218984,77.41711942688626,77.34752602230226,77.11026133814394,,71.09220980191947,73.41854287632506,70.51225704228959,"rgba(0, 255, 0, 1.0)",1.8129288551349718,70.51225704228959,2.0174714487282532,52.06957208590335,-2.036204594086783,True,False,False,False,True,3.825105290173557,0.0,0.0,0.0,0.0,1,0.9714669261128592,0.9114330716426553,False,False,False,False,0.041327625044921455,0.04821646079461844,False,False,False,False,14553682,13709422.316647783,False,False,False,False,378051.2134503382,False,False,False,False
2024-09-03 00:00:00+00:00,72.3685371525,73.6025441116,71.7614853419,73.1646706745,312190,,,,,,73.59635702593312,73.5443552136542,73.10115514707154,73.16148673391399,70.26693652333994,69.72272669030784,69.11952916747259,69.12221449634423,69.20877782239282,70.2430546042526,71.26102037714531,72.55468164640328,73.41708703594568,74.19361311426367,75.47082028558843,76.27613640451526,77.33501632152078,77.4433225572979,77.41369598368566,77.02362410694799,,,,,,,,72.89745301385268,73.57892873516575,71.10280702082476,69.94079714010935,69.19126794875561,68.87921271212892,68.75212148635866,68.14951680485129,68.52561162618396,68.75373867172136,69.50179604305518,70.87973294951179,72.13771409630803,72.1661756133741,72.89226420250412,73.89473733717111,74.1102716965474,74.4456566382207,75.93011097069274,76.78030929698643,77.4257636558828,77.411795735502,77.34266791259546,77.10573235196317,,71.10280702082476,73.41708703594568,70.50583950117189,"rgba(38, 166, 154, 1.0)",1.813840355603526,70.50583950117189,1.0269358301427374,49.41408309863516,-2.036204594086783,False,False,False,False,False,0.857880649194648,0.0,0.0,0.0,0.0,1,0.9480521487208885,0.9156415435519278,False,False,False,False,-0.0241904664337561,0.012012997180431171,False,False,False,False,14241492,13730287.794426301,False,False,False,False,375468.42076601123,False,False,False,False
2024-09-04 00:00:00+00:00,72.577522202,73.1845740126,71.7614853419,71.8809053702,200344,,,,,,73.48290057108163,73.51904154171471,73.09638542673916,73.15750669281293,70.27596543838804,69.73280896337901,69.13028087393299,69.13048139014955,69.21398238126423,70.2463318920513,71.26268922945636,72.55462635834624,73.41607812146215,74.19185009992131,75.46796379925938,76.27273771641738,77.33093407654127,77.43979878908685,77.41030323742369,77.02076043100638,,,,,,,,72.88578401712645,73.56593439013157,71.10921085968795,69.95050533784215,69.2020531489189,68.89011161112941,68.76023915286355,68.157671096776,68.53234173107737,68.7598868377057,69.50642529539805,70.88197739956625,72.13817240509843,72.16659684683675,72.8918229155729,73.893249451199,74.10858611358206,74.4436664634335,75.92692935578563,76.77656642093062,77.42218273514567,77.4083363476458,77.33950999085421,77.10278605783225,,71.10921085968795,73.41607812146215,70.50297583790596,"rgba(38, 166, 154, 1.0)",1.808523431477949,70.50297583790596,1.1470939928042219,48.08057959710897,-2.036204594086783,False,True,False,False,False,1.1868340229132812,0.0,0.0,0.0,0.0,1,0.9239847828383408,0.9369470449000504,False,False,False,False,-0.04098046813649907,-0.014483735478033949,False,False,False,False,14441836,13758191.645625269,False,False,False,False,368600.79642224615,False,False,False,False
2024-09-05 00:00:00+00:00,73.3238973789,73.6821574638,72.6571355542,73.1348156674,181558,,,,,,73.46030241017512,73.51258939401585,73.09728720323821,73.1578554868465,70.28667975295217,69.7442150638282,69.14201065489392,69.13951299711118,69.21970292694338,70.25022773354546,71.26506177961636,72.55533875715615,73.41588221351189,74.19093089269117,75.46600247233096,76.27024546979013,77.32778674686382,77.43707094251683,77.40767937795174,77.0185780469856,,,,,,,,72.89464410233674,73.56218393398994,71.11789766514602,69.96167595245915,69.21386223498212,68.90186815590873,68.7689596276789,68.16624166620149,68.53951178306487,68.76649805770333,69.51160210824368,70.88489593216669,72.13938613320502,72.1677735963497,72.89216507957504,73.89259656388117,74.1077408719895,74.44252961223879,75.92465155678742,76.77374593444253,77.41941239996021,77.4056612028263,77.33707365208552,77.10053321622198,,71.11789766514602,73.41588221351189,70.50825505888598,"rgba(0, 255, 255, 0.75)",1.8013379942500554,70.50825505888598,1.5630838460087262,48.72609912234621,-2.036204594086783,False,False,False,False,False,2.3613342365645877,0.0,0.0,0.0,0.0,1,0.9366117599135952,0.9225503787094445,False,False,False,False,0.014949550010402195,0.00023290726618412343,False,False,False,False,14623394,13792121.149718396,False,False,False,False,361265.78479784436,False,False,False,False
2024-09-06 00:00:00+00:00,72.4481505047,73.5726891045,72.0003253985,73.5726891045,162360,,,,,,73.40394376696554,73.49665454136499,73.09456517122148,73.15549114568196,70.2944204082007,69.75275626781188,69.1510434079037,69.14647732351233,69.22410688911434,70.2530627184714,71.26658625095313,72.55545181526792,73.41521608756803,74.18964728831655,75.46382451159265,76.26762075345336,77.3246017216171,77.43431821838456,77.40502935156825,77.0163475672508,,,,,,,,72.88954386111857,73.55362682575308,71.12359964961169,69.96993426642052,69.22292956900257,68.91100217348045,68.77577398138158,68.1730542000564,68.54515764848432,68.77166922924992,69.5155380347345,70.8868896593192,72.13992116460811,72.16827801088868,72.89196225518896,73.89153878594122,74.10652061775866,74.44106000420793,75.92220613612915,76.77083946953847,77.41661551654366,77.4029592931806,77.33460797382321,77.09823687982814,,71.12359964961169,73.41521608756803,70.50856441805351,"rgba(38, 166, 154, 1.0)",1.7800256167162394,70.50856441805351,1.0896394234059399,47.51982115661589,1.556970001966988,False,True,False,False,False,0.9150865041706311,0.0,0.0,0.0,0.0,1,0.9278844440978624,0.9247959698412642,False,False,False,False,-0.01580116702146738,-0.0077841298776416285,False,False,False,False,14461034,13818353.026200028,False,False,False,False,353465.55794302694,False,False,False,False
2024-09-09 00:00:00+00:00,71.6619686517,72.3884404905,71.4728869402,72.1097937578,266585,,,,,,73.23943619518997,73.44658005524576,73.08147686652222,73.14503533097808,70.30261199603518,69.76270594287999,69.16229289888054,69.15516769710506,69.22957414837286,70.25610705360187,71.26760530729332,72.55433340319838,73.41289969206426,74.18638937849143,75.45919081873578,76.26232291583312,77.31844701361054,77.42901600867656,77.39992000685288,77.01198898900253,,,,,,,,72.85125298710349,73.52696633256765,71.12789143486867,69.97924313791947,69.23414744759809,68.92260656087305,68.78453229717225,68.18213428093661,68.55253161857016,68.77832490669512,69.52028117919416,70.88863268522202,72.13943068415205,72.1677433064174,72.89036261381706,73.88862121967774,74.10335983420292,74.43751797344656,75.91717177226185,76.76510815555453,77.41122541839007,77.3977497286112,77.32984291935233,77.09376303630101,,71.12789143486867,73.41289969206426,70.49923966573542,"rgba(38, 166, 154, 0.5)",1.7811344107711555,70.49923966573542,0.652802494260478,45.38691983099157,-0.5448975432788217,False,True,False,True,False,0.0,0.0,0.0,0.0,0.0,1,0.9224189785527899,0.9461959836392478,False,False,False,False,-0.08468621119421464,-0.046235170535928134,False,False,False,False,14194449,13833101.887917675,False,False,False,False,350058.47723937884,False,False,False,False
2024-09-10 00:00:00+00:00,72.2093104481,72.3386821454,71.3037085668,71.6918236587,209096,,,,,,73.14114015013429,73.41191153655369,73.0722900233605,73.1376287779029,70.30942946410264,69.77085142958538,69.17140870278551,69.16222107857021,69.23402551813524,70.25865107599525,71.26855416557639,72.55359288654189,73.41121379596554,74.18395933226742,75.45567437953062,76.25827908770094,77.31372551342905,77.424945582572,77.39599784280972,77.00864773589323,,,,,,,71.95056705343332,72.82617070000025,73.50794960499324,71.13173312649268,69.98690548356757,69.2432458019339,68.93198333668062,68.79161171613698,68.18943698145144,68.55848410502692,68.78371098854997,69.52416278881991,70.89015199460138,72.13918785096068,72.1674652749312,72.88924188256458,73.88646066557514,74.10100650387074,74.43486337488206,75.91333756565173,76.76072184692217,77.40708792436533,77.39375079369569,77.32618565400767,77.09033232084816,,71.13173312649268,73.41121379596554,70.61563527896988,"rgba(38, 166, 154, 0.5)",1.783922302680751,70.61563527896988,0.8933545854184688,45.20902463453585,-0.7994219765928676,False,True,False,True,False,0.5276832499023669,0.0,0.0,0.0,0.0,1,0.9319331381674424,0.95039092012923,False,False,False,False,-0.09354144373027064,-0.06988830713309939,False,False,False,False,14403545,13855472.206038551,False,False,False,False,344530.5369554816,False,False,False,False
2024-09-11 00:00:00+00:00,73.343800717,73.5925924426,72.3585854834,72.5974255401,250879,,,,,,73.13755088826245,73.40342826005592,73.07254134039539,73.13733853481405,70.3232040464768,69.7856491553857,69.18675238580218,69.17410133959645,69.24159566221407,70.26375724543617,71.27159923502792,72.55439332846922,73.41078158954151,74.18254545100194,75.45284307422756,76.25472728123684,77.30928148908615,77.42109201882435,77.39228968893966,77.0055529968271,,,,,,,72.57657644639475,72.83497015264572,73.50210531206284,71.1426903482935,70.00134858303069,69.25867616763038,68.9474062448698,68.80313517899444,68.20082415476912,68.56800588209178,68.7924826820391,69.53099900872543,70.89393603352835,72.14066522374875,72.16889291411381,72.88954061832438,73.88540788559123,74.09969311756917,74.43315385004358,75.91007655716392,76.75672282615842,77.40317439319152,77.38997059429688,77.32273963512654,77.08713994536835,,71.1426903482935,73.41078158954151,70.65451913829125,"rgba(0, 255, 255, 0.75)",1.7780878353432268,70.65451913829125,1.5124571043418833,47.411590747482386,-0.7994219765928676,False,True,False,False,True,2.344017622690771,0.0,0.0,0.0,0.0,1,0.9657907697480146,0.9027668853213894,False,False,False,False,-0.0006253721259834278,-0.03525683962954141,False,False,False,False,14654424,13886803.648939,False,False,False,False,340857.92766310985,False,False,False,False
2024-09-12 00:00:00+00:00,73.8811908443,73.9309491895,72.5277638569,73.0751056533,285934,,,,,,73.16450755834023,73.40472057702155,73.07661208777056,73.13992006317785,70.3406880736496,69.80411137977012,69.20563869888976,69.18874854664048,69.25096343112031,70.27026691323518,71.27571684379562,72.55588510226,73.41083794645193,74.18145473326489,75.45010057554762,76.25113454273448,77.30464592387749,77.41706157792464,77.3884133811725,77.00234569728454,,,,,,,72.91010133580848,72.85670903679492,73.50121773322566,71.15722853590276,70.0194802120188,69.27769439070087,68.96630887977513,68.81725279668501,68.2146566362299,68.57964016452367,68.80324184011907,69.53951626424497,70.89891198226819,72.14295388530319,72.17112247708448,72.89044632811724,73.884740897219,74.0987196181504,74.43171780266934,75.906828358558,76.7526085890234,77.39908287955446,77.38601930805758,77.31914221732337,77.08382489387215,,71.15722853590276,73.41083794645193,70.68397209890823,"rgba(0, 255, 255, 0.75)",1.7789646330815552,70.68397209890823,1.797235698752192,49.87146217805674,-4.246630589065518,False,False,False,False,True,3.1905534622859832,0.0,0.0,0.0,0.0,1,0.9699551572653191,0.8769510545722324,False,False,False,False,-0.027442380196945223,-0.031349609913243315,False,False,False,False,14940358,13928119.505843354,False,False,False,False,338704.04814690945,False,False,False,False
2024-09-13 00:00:00+00:00,75.5630229096,75.9312346636,74.12998257,74.8166477327,311131,,,,,,73.34163385452281,73.4615628727136,73.10155449978764,73.15853397423318,70.37015576864769,69.83360307320937,69.23445676986067,69.21111916897368,69.26536892818297,70.28123133239407,71.28380065488824,72.56070140962935,73.41390670745402,74.18310774828707,75.44974111225957,76.24968445436618,77.30191168199143,77.41462676653676,77.38608509958306,77.00058793534566,,,,,,,73.5864924039042,72.94425659320802,73.53042715961523,71.18485277653704,70.04902353272895,69.3068543745908,68.99471348568991,68.83832530405093,68.23466495065117,68.59679573447497,68.8193124480516,69.5529013520137,70.90803265945854,72.1487876250029,72.17687779170018,72.8945390784535,73.8869261868151,74.10051612924146,74.43294557475025,75.9058272622875,76.75052248382883,77.39662024209896,77.38364725334998,77.31701243368124,77.08196815961303,,71.18485277653704,73.41390670745402,70.75318538368171,"rgba(0, 255, 0, 1.0)",1.7973347639842534,70.75318538368171,2.6760944161876914,54.152649323730884,-0.28218106825984535,True,False,True,False,True,5.766615983349407,0.0,0.0,0.0,0.0,1,0.9787947325715637,0.8741382070850733,False,False,False,False,0.12862671325151875,0.04863855166913772,False,False,False,False,15251489,13980016.348751457,False,False,False,False,337622.7521411483,False,False,False,False
2024-09-16 00:00:00+00:00,74.6972277044,75.3838928672,73.7567949815,75.3838928672,389926,,,,,,73.4661696423381,73.5053056549947,73.1233950836413,73.17475270305214,70.40210247892064,69.86606735465006,69.26662343742018,69.23616102682251,69.28152548999188,70.29325154096742,71.29235480048312,72.56536074994396,73.4164664074333,74.18397276108537,75.44818581900155,76.24683716748548,77.29752341542643,77.41076150443386,77.3823783734507,76.9976597102002,,,,,,,73.86301655828511,73.0186356844482,73.55314985068524,71.21389973883693,70.08135824247519,69.33934999155926,69.02657203056843,68.86208864068517,68.25745198946487,68.61624587759812,68.837472935144,69.56783038744084,70.91783351718281,72.15465059061913,72.18264909154702,72.8983330805308,73.88842498577179,74.10155339342549,74.43330101236043,75.90350945776285,76.74690980961712,77.39270416257554,77.37987011098248,77.31359742862476,77.07890862382538,,71.21389973883693,73.4164664074333,70.79956722057912,"rgba(0, 255, 0, 1.0)",1.8019207537741626,70.79956722057912,2.163058766961394,55.11926036878377,0.5071121055463834,True,False,True,False,True,4.272771680818071,0.0,0.0,0.0,0.0,1,0.965867472374441,0.8814678833816405,False,False,False,False,0.0693480063460623,0.05899327900760001,False,False,False,False,14861563,14014586.805663167,False,False,False,False,339673.859900319,False,False,False,False
2024-09-17 00:00:00+00:00,75.2047628247,76.4138906113,74.528049331,74.528049331,284814,,,,,,73.59414197750576,73.55599757469447,73.14699329666463,73.1925918268481,70.42934478280733,69.89330267569538,69.29322434264502,69.25690344078201,69.29495990871325,70.30354624023477,71.30001710198925,72.57002505718165,73.41952767684143,74.18573279333452,75.44809643725186,76.24574014683151,77.29524331357256,77.40871960078552,77.38042768748277,76.99621408209438,,,,,,,74.11287189167736,73.09317602476351,73.58077792112796,71.23954156254845,70.1086508435624,69.36626286754534,69.05278973916371,68.88162933512635,68.2759968694365,68.63218675753775,68.85242424368809,69.58033450793394,70.92644396931145,72.16025081423048,72.18817700010503,72.90233310618534,73.8906750686227,74.10344527367907,74.43467006496971,75.902827915325,76.74522745518591,77.39064060853167,77.3778831527655,77.31181764460523,77.07737449708387,,71.23954156254845,73.41952767684143,70.84268839412667,"rgba(0, 255, 0, 1.0)",1.8070662311040253,70.84268839412667,2.413898481135539,56.551300217841074,1.8247931194619937,True,False,True,False,True,5.046710160010708,0.0,0.0,0.0,0.0,1,0.9694628666251159,0.8752667736875371,False,False,False,False,0.1636933189484646,0.1113432989780323,False,False,False,False,15146377,14058970.734852847,False,False,False,False,337522.49284540454,False,False,False,False
2024-09-18 00:00:00+00:00,74.9957777752,76.3093980865,74.4185809717,75.0952944654,292182,,,,,,73.6997603164754,73.60143142219586,73.16920012894212,73.20943612689541,70.45619711871632,69.92025401443411,69.31964770636944,69.27755104038086,69.30836275302354,70.3137720968562,71.30757740696835,72.57455492634612,73.42243337773398,74.18732087740665,75.4478092562187,76.24443436685574,77.2927378938165,77.4064837086605,77.37828957624046,76.99460443400875,,,,,,,74.27576647071496,73.16049405447974,73.60611537965977,71.26463684358045,70.13561824421248,69.39298279864977,69.07886777278377,68.9011220800371,68.29454599712412,68.64812222508557,68.86736188772635,69.59279599444278,70.93496432992131,72.16572525210314,72.19357866645272,72.90619072154215,73.89275881246822,74.10516696699533,74.43586208331212,75.90194174878438,76.7433278122312,77.38837977685752,77.37570518668358,77.30986207149142,77.07567291152019,,71.26463684358045,73.42243337773398,70.87937371907435,"rgba(0, 255, 0, 1.0)",1.8080380526920516,70.87937371907435,2.276724237079295,57.02444914143618,2.3103889721974156,True,False,True,False,True,4.680361893091117,0.0,0.0,0.0,0.0,1,0.9707842374390518,0.8779742841137463,False,False,False,False,0.14558832868753444,0.12846581383278338,False,False,False,False,14854195,14090156.000152735,False,False,False,False,335744.4343024475,False,False,False,False
2024-09-19 00:00:00+00:00,74.4981943239,75.6028295857,73.7816741541,75.6028295857,341176,,,,,,73.76439124656623,73.63274858236909,73.18703637447591,73.22292185258591,70.48320233604949,69.94779267870177,69.34703930399536,69.29901878912736,69.32232581872371,70.32417872215258,71.3149972869229,72.57861217866862,73.42467374869177,74.18809296132835,75.4464816274509,76.24198380169004,77.28894724058291,77.40314040230815,77.37508294299448,76.99207205496525,,,,,,,74.3265142763177,73.21228448934238,73.62399684913306,71.28908355738712,70.16300905769629,69.42063534045234,69.10603694792952,68.92154416499415,68.31417842059766,68.66490986072904,68.8830452699096,69.60570440476351,70.94345914064033,72.17082246142589,72.19859674297759,72.90949950767556,73.8940802347678,74.10608836636342,74.43619233233532,75.89995162721243,76.74021191562265,77.38499303275282,77.37243803928823,77.30690720306747,77.07302661874262,,71.28908355738712,73.42467374869177,70.9065857608542,"rgba(0, 255, 255, 0.75)",1.7972515303751024,70.9065857608542,1.9983894865824345,56.183027268894655,2.3103889721974156,True,False,True,False,True,3.8041196038212277,0.0,0.0,0.0,0.0,1,0.9629289487837147,0.8906021122059883,False,False,False,False,0.07275212982266512,0.10060897182772424,False,False,False,False,14513019,14106738.862891844,False,False,False,False,335957.4368788221,False,False,False,False
2024-09-20 00:00:00+00:00,75.1649561486,75.4635062194,74.5778076761,74.6375176903,878591,,,,,,73.96278796595502,73.73738561916308,73.24449206585305,73.2670435518236,70.55839725684639,70.02379658245594,69.42207956989445,69.3580295469872,69.36091048372145,70.35347191602195,71.33647770156962,72.59122083897076,73.43250701572406,74.19205237929219,75.4449137522024,76.23742248516396,77.28084510333453,77.39593036412816,77.3681800750211,76.9867877567183,,,,,,,74.52755681004797,73.36699021187125,73.6863186191959,71.3585396517532,70.23885232600811,69.49644019183704,69.18028688244725,68.97748530219448,68.36767380569077,68.71087719461737,68.92611432644723,69.64153704411561,70.96775428823928,72.18619196543662,72.21375445634861,72.92013509168554,73.89949510655619,74.11044110262401,74.43898616960249,75.89662234764904,76.73389688657178,77.37769901799969,77.36540677993526,77.30057581823897,77.067462905256,,71.3585396517532,73.43250701572406,70.98860289824054,"rgba(0, 255, 0, 1.0)",1.799922171316444,70.98860289824054,2.3202965755485496,56.85192444313192,2.328854503894931,True,False,True,False,True,4.858809455395054,0.0,0.0,0.0,0.0,1,0.95638123088484,0.9069249321892994,False,False,False,False,0.10821728911496331,0.10441313047134378,False,False,False,False,15391610,14157125.96630785,False,False,False,False,357237.18445220165,False,False,False,False
2024-09-23 00:00:00+00:00,75.2943278459,75.7819596282,74.7896787097,75.2346178318,303222,,,,,,74.02891661658923,73.77543987962106,73.26580851929806,73.28358460135695,70.58501704175923,70.05062691094189,69.4485137170172,69.37888978799518,69.37461534887477,70.36396545521526,71.34426756414908,72.59592639554923,73.43555415507058,74.19375129285798,75.44469022450424,76.23615115208011,77.27833918240601,77.39368649360925,77.36603422935644,76.9851790728697,,,,,,,74.59262166011358,73.42071261798905,73.7098232822473,71.38330758632534,70.26565321267232,69.5231459326269,69.20642585077658,68.99724476134396,68.3865395646488,68.72713219584628,68.94136671682169,69.65429151044161,70.97651886048197,72.19186032972658,72.21934870589978,72.92415457655012,73.90170161636766,74.11227682388544,74.44027934891888,75.8957830782951,76.73201484565408,77.37543106793963,77.36322147553464,77.2986134957426,77.06576037207088,,71.38330758632534,73.43555415507058,71.01726929024328,"rgba(0, 255, 0, 1.0)",1.8026677784060265,71.01726929024328,2.372627173398876,57.53495669948647,3.1649963641266297,True,False,True,False,True,5.063932090500032,0.0,0.0,0.0,0.0,0,0.9491738738321422,0.925001635148328,False,False,False,False,0.13704777956829572,0.12073045501981974,False,False,False,False,15694832,14217428.163707543,False,False,False,False,355118.9419246643,False,False,False,False
2024-09-24 00:00:00+00:00,75.2943278459,75.9511380016,75.1749078176,75.8416696423,259927,,,,,,74.08814476996243,73.81041112537132,73.28536790547089,73.29883704823902,70.60848583380984,70.07421338060703,69.47169567348452,69.39721060857997,69.38667857594127,70.37326145863612,71.35123247811576,72.60022296568704,73.43841795877165,74.19544854577396,75.44472545762768,76.23527608415695,77.27639513000506,77.39193534110372,77.36436162004846,76.98395245576386,,,,,,,74.65276362376493,73.46875434147219,73.7317247156398,71.40528489711112,70.28923891125815,69.54657080749774,69.22933060555323,69.01457932736888,68.4030607453922,68.74139308996494,68.9547622099747,69.66553618372322,70.98432451981134,72.19699186640459,72.22441577391459,72.92785775088561,73.90383878339829,74.11409237877919,74.4416255461228,75.89528391177697,76.73061149025366,77.37366268191559,77.36151839954233,77.29708878587303,77.06445502284761,,71.40528489711112,73.43841795877165,71.0429254098232,"rgba(0, 255, 0, 1.0)",1.8096446846470093,71.0429254098232,2.349302308981215,57.99031153705617,3.8101188661290877,True,False,True,False,True,5.063932090500032,0.0,0.0,0.0,0.0,0,0.9744830383282361,0.9122141669576045,False,False,False,False,0.167432408616266,0.14408143181804287,False,False,False,False,15694832,14275365.569052344,False,False,False,False,351385.9245942853,False,False,False,False
2024-09-25 00:00:00+00:00,76.2994464175,76.5761028164,75.130125307,75.3440861911,293571,,,,,,74.172845029042,73.8602285974144,73.31228177546242,73.31993469777844,70.63757268524135,70.1031904870738,69.49995109576386,69.4195588612008,69.40142383978811,70.38480373538214,71.36007549666193,72.60594992094605,73.44248015998122,74.1981504633867,75.44549510647764,76.23497404493861,77.27484654822948,77.39050508372239,77.36300300456128,76.98305329013678,,,,,,,74.74935422244242,73.53398825130247,73.76312506462664,71.4330121428769,70.31831110628067,69.57514608128146,69.25717189785004,69.0356390578033,68.42301567522429,68.75868615631848,68.97104675897785,69.67933495917877,70.99414193041105,72.20369998506294,72.23104747498466,72.93289288566241,73.90705588645312,74.11693197947994,74.44391828742933,75.89542603630142,76.72969490971654,77.37222368356336,77.36013589608605,77.29586789900333,77.06347210805417,,71.4330121428769,73.44248015998122,71.07727417418748,"rgba(0, 255, 0, 1.0)",1.840301198476029,71.07727417418748,2.8376725764440325,60.18279437662837,6.067794365785446,True,False,True,False,True,6.680198401091129,0.0,0.0,0.0,0.0,0,0.9719081362338384,0.9264745057500532,False,False,False,False,0.19956211536488383,0.17182177359146333,False,False,False,False,15988403,14342543.507520879,False,False,False,False,349118.67264941137,False,False,False,False
2024-09-26 00:00:00+00:00,76.6875615095,77.4637916935,76.6378031644,77.0955799395,560792,,,,,,74.38775578731743,73.98797187677246,73.37947257315979,73.37296471548837,70.70173349848469,70.1663476020231,69.56085773292062,69.46779043838877,69.43334280019894,70.4103415392781,71.380232569737,72.61981072612109,73.4530043883499,74.20593279061649,75.449401279785,76.23668734249607,77.2740473495161,77.38960118214536,77.36217923710677,76.98296017093737,,,,,,,75.01167299250467,73.69320222874808,73.84463898253279,71.4956280871744,70.38196442401936,69.63681435013628,69.31695350244931,69.0808287685491,68.46547569748881,68.79569450391305,69.00602354628819,69.70937135212175,71.01624411359083,72.21956284438174,72.24675229508108,72.94535953129459,73.91588377224264,74.12499097419206,74.4508764405891,75.89805332863624,76.73017435409834,77.37133873919946,77.35930148144723,77.29520977938841,77.06323617572524,,71.4956280871744,73.4530043883499,71.1593567054279,"rgba(0, 255, 0, 1.0)",1.8769552554517386,71.1593567054279,2.945304523384387,62.297877861555705,8.166199130106243,True,False,True,False,True,7.296706327018853,0.0,0.0,0.0,0.0,0,0.9574050789618553,0.9244702791407378,False,False,False,False,0.3374830132035635,0.25465239339751344,False,False,False,False,16549195,14429078.860167118,False,False,False,False,357419.58744747366,False,False,False,False
2024-09-27 00:00:00+00:00,77.0955799395,77.8917134616,76.7821023652,77.3941300103,227029,,,,,77.25646525543334,74.47551917363923,74.04212741281414,73.40840799853567,73.39592452134289,70.7286808687327,70.19280406455422,69.58631272193117,69.48798794257308,69.44674780459083,70.42113891748554,71.38882948730496,72.62582034589192,73.45764565791525,74.20944719696348,75.45132456075528,76.23770443227052,77.27403088238033,77.38949553649371,77.36209793354361,76.98315335400915,,,,,,,75.11592929231226,73.75957793223137,73.87982769645106,71.5220734339124,70.40865502482596,69.66259222845038,69.34191861829405,69.0997319039346,68.4832036894342,68.81117969664498,69.02067646145456,69.72200760480081,71.02563696713172,72.22639785759125,72.25352189515395,72.95079647114589,73.91982884848485,74.12861898840765,74.45405214005612,75.8994488276983,76.73068455421753,77.37124581138151,77.3592208364676,77.29518160718563,77.06337406321906,,71.5220734339124,73.45764565791525,71.58397979687511,"rgba(0, 255, 0, 1.0)",1.922788203307243,71.58397979687511,2.866462428438451,64.37883625206595,10.176930730193028,True,False,True,False,True,7.945805701069617,0.0,0.0,0.0,0.0,0,0.9684934738951975,0.9099455351855469,False,False,False,False,0.34282824284970564,0.29874031812360957,False,False,False,False,16776224,14521123.767611545,False,False,False,False,352306.2310769845,False,False,False,False
2024-09-30 00:00:00+00:00,76.5681414812,77.2050482988,76.0854855334,77.1552899537,630028,,,,,76.78827104139636,74.64330239588807,74.15542932114016,73.47356648859045,73.44796023549802,70.79513060313707,70.25867206580878,69.6502856139406,69.53894257617931,69.48069426257904,70.44814965236682,71.4099801927956,72.64013368854054,73.46831697531972,74.21712798292256,75.45476486370033,76.23875840452665,77.27233424110082,77.38780379181944,77.3605165060144,76.98244205935451,,,,,,,75.28759969925174,73.90015467134373,73.95606143400175,71.58619446782997,70.47486085103478,69.72729936818612,69.40487439998307,69.1476744294207,68.52848369892283,68.85063867513799,69.05794478301026,69.75390819646503,71.04890620354081,72.24287944473143,72.26983326752004,72.96359165735754,73.92864768193414,74.13660201806444,74.46083310155002,75.90149592662817,76.73038639890483,77.36956209923167,77.35761463819551,77.29382104602989,77.06249691231956,,71.58619446782997,73.46831697531972,71.6336673409851,"rgba(0, 255, 0, 1.0)",1.947879721695976,71.6336673409851,2.533254022439622,63.96652197699187,10.176930730193028,True,False,True,False,True,6.909938857472376,0.0,0.0,0.0,0.0,0,0.9706243826158352,0.9016219985191402,False,False,False,False,0.26473415486818563,0.2817372364958976,False,False,False,False,16146196,14584852.090450307,False,False,False,False,363197.2808386714,False,False,False,False
2024-10-01 00:00:00+00:00,76.2795430794,76.5979964883,75.3938445362,76.3989631077,310838,,,,,76.60254735624527,74.69709891249008,74.19650589312006,73.49950498019739,73.46883878040886,70.82443753320469,70.28801262260525,69.67905745066308,69.56195627925372,69.49609184846672,70.46025435296634,71.4192990328425,72.64622385040583,73.47267587088587,74.22006885128758,75.45568713869311,76.23855673162547,77.27082454834189,77.38639891612176,77.35918338226173,76.98158197215726,,,,,,,75.3304122044635,73.95201357126723,73.98496609338116,71.61397598666355,70.50423963792866,69.75636576365761,69.43328688746614,69.16944437062416,68.54918966397337,68.8686441969581,69.07492039948646,69.76833404344859,71.05923177645093,72.24998799381324,72.27686257259883,72.96896277264462,73.93212611805978,74.13968652657539,74.4633468637913,75.90176058654887,76.72954042832853,77.36815011477725,77.35625849991548,77.29262664005839,77.06155001071046,,71.61397598666355,73.47267587088587,71.65277092920292,"rgba(0, 255, 0, 1.0)",1.972238350836358,71.65277092920292,2.345949792648049,62.738964372335886,10.176930730193028,True,False,True,False,True,6.342754260223774,0.0,0.0,0.0,0.0,0,0.9616343371388475,0.9136652046264845,False,False,False,False,0.19420041998900742,0.23796882824245252,False,False,False,False,15835358,14633891.53788363,False,False,False,False,361143.9757077431,False,False,False,False
2024-10-02 00:00:00+00:00,75.8317179733,76.1402197131,75.1251494725,75.6227329238,359677,,,,,76.38980795491536,74.73841921617684,74.23252782680788,73.52444593146457,73.48904350988218,70.8554560939193,70.31933126778802,69.71001763727139,69.58680034512201,69.51276713643216,70.47322699675449,71.42913612862665,72.65244628064714,73.47695010107776,74.2227505338905,75.45609496724319,76.23770906614702,77.26850474610605,77.38428723525205,77.35716943660088,76.98015256289479,,,,,,,75.3518352143717,73.9985995852465,74.01141116445302,71.64292405694366,70.53549777039908,69.78761133055555,69.46394817355691,69.19304994888213,68.5717715959264,68.88824408146698,69.0933709548216,69.78391628125175,71.07020158854485,72.25734570206097,72.28413256124522,72.97437834154327,73.93540971003445,74.14252980998178,74.46554850484978,75.9014325649833,76.7279664683652,77.36602081316735,77.35420876102619,77.29079847573291,77.06001590530727,,71.64292405694366,73.47695010107776,71.66920568299855,"rgba(0, 255, 0, 1.0)",1.989246640338172,71.66920568299855,2.0925068847138144,60.479415178725084,10.176930730193028,True,False,True,False,False,5.460569866004668,0.0,0.0,0.0,0.0,0,0.9396761596490362,0.9340039340025311,False,False,False,False,0.1556033842808234,0.19678610626163795,False,False,False,False,15475681,14666902.889339173,False,False,False,False,361086.4472486159,False,False,False,False
2024-10-03 00:00:00+00:00,75.1550044796,75.8118146352,74.9758744371,75.7521046211,333212,,,,,76.19720360803719,74.75960922276033,74.25603074298972,73.54305200608478,73.50423487417167,70.88158698695742,70.34597140004026,69.73659228324512,69.60819983978739,69.52717970113328,70.4843071823493,71.4373914946968,72.65746303187917,73.48021203889728,74.22458093376008,75.45587504637967,76.23636687748463,77.26583632208293,77.38189003205817,77.35487606364894,76.97843427635027,,,,,,,75.34991401441015,74.03031735497537,74.02977007450167,71.6668687241692,70.56198896936007,69.81440082665135,69.49035026313985,69.21348238708555,68.59144240580447,68.9052814754934,69.10938205545034,69.79734474242993,71.07947706757187,72.26337509913903,72.29008429434752,72.97867044347178,73.93777947589477,74.1445057353272,74.46694705089195,75.90055369299102,76.72596889438307,77.36359879620882,77.35187394904993,77.28870004411512,77.0581967997835,,71.6668687241692,73.48021203889728,71.67978397575577,"rgba(0, 255, 255, 0.75)",1.9949259907499137,71.67978397575577,1.742029789555178,56.98616443591487,11.373941979811022,True,False,True,False,False,4.137169251213091,0.0,0.0,0.0,0.0,0,0.9205235819211003,0.9538291719460166,False,False,False,False,0.13047974989290193,0.16363292807726992,False,False,False,False,15142469,14685552.540737638,False,False,False,False,359993.33167023887,False,False,False,False
2024-10-04 00:00:00+00:00,75.6923946069,75.8118146352,74.7469860495,75.334134522,241664,,,,,76.1075312864944,74.77670029016325,74.27404264851644,73.55707548218952,73.51571226822566,70.90078300163464,70.36551145949988,69.75606101254391,69.62389808251184,69.53777272738817,70.49248189286949,71.44351506487126,72.66123001920096,73.48270278364576,74.22602952546511,75.45583146095444,76.23550416765293,77.2640073203323,77.38024121174082,77.35329965525308,76.97726716239384,,,,,,,75.35231329670584,74.05414763945211,74.04380488759433,71.68452438462623,70.58143064085279,69.83402840682997,69.50968541714474,69.2284643510287,68.60585424937547,68.91777889379338,69.12113433228816,69.80722386294336,71.08634158052034,72.26787998956672,72.29453250136103,72.98191010334872,73.93962109476249,74.14606024034853,74.46808122984982,75.90002943513595,76.72462894311025,77.36193375129693,77.3502692427316,77.28726004765902,77.05695750709822,,71.68452438462623,73.48270278364576,71.69052410157356,"rgba(0, 255, 255, 0.75)",2.005272617637533,71.69052410157356,1.9956740395932555,56.07607793079001,10.56247763716263,True,False,True,False,False,5.069211130143557,0.0,0.0,0.0,0.0,1,0.9272070440371227,0.9373336159570732,False,False,False,False,0.11850104225273432,0.14106698516500213,False,False,False,False,15384133,14712947.852865575,False,False,False,False,355352.9657223864,False,False,False,False
2024-10-07 00:00:00+00:00,75.5331679025,75.9411863326,75.0554877893,75.3739411981,249406,,,,,76.04415957150123,74.79585827812194,74.29351849038419,73.57204165081048,73.52798544826715,70.92082828778219,70.3858881346906,69.77634138380569,69.64026884804542,69.54883731621109,70.50104871520277,71.44996234604642,72.66523758440478,73.48538972154255,74.22763713809447,75.45589411005106,76.23471654985647,77.26221825114172,77.37862283995602,77.35175334672134,76.97613608459373,,,,,,,75.35791922056222,74.07951607533587,74.05895437885253,71.70302130111625,70.60171482861568,69.85447570487324,69.52981983075846,69.24408151603807,68.62086607487545,68.93081008836764,69.1333955324223,69.81755132533006,71.0935547151887,72.27265245103528,72.29924612177534,72.98537171817067,73.94163609413125,74.1477775170262,74.46936319482907,75.89959339754262,76.7233469665873,77.36030027237224,77.34869535173763,77.28584993323112,77.05575280344769,,71.70302130111625,73.48538972154255,71.70357323226133,"rgba(0, 255, 255, 0.75)",1.9801576344856564,71.70357323226133,1.9339847512864277,54.98113647232505,9.502646699001403,True,False,True,False,False,4.7520652928800615,0.0,0.0,0.0,0.0,1,0.9216199816487792,0.9616409509611219,False,False,False,False,0.14144935956921878,0.14125817236711047,False,False,False,False,15134727,14729488.21157673,False,False,False,False,351198.1827528811,False,False,False,False
2024-10-08 00:00:00+00:00,74.9062127539,75.732201283,74.8265994017,75.5530712406,359087,,,,,75.92638348028069,74.80887873603092,74.3126306132521,73.58931731145891,73.54227553684035,70.94717587761212,70.4129312429337,69.80349848589498,69.66226399974957,69.56375167878146,70.51246130234607,71.45840071972422,72.67027031817712,73.48856976149297,74.22930594675508,75.45539342247862,76.23303167910066,77.25912833436244,77.37585602088062,77.34910340212889,76.97411716008082,,,,,,,75.34803557341246,74.10583868676812,74.07502126333421,71.72688668354884,70.62853697828591,69.881826186878,69.55686596521402,69.26516470382809,68.64125763855544,68.94847443509774,69.14998833587691,69.83143189447664,71.10306739992468,72.27874839174507,72.3052608522486,72.98964064724179,73.94387362419306,74.14960013392772,74.47057570473272,75.89839699070531,76.72096743273552,77.35750332551231,77.34599752136613,77.28341862828688,77.05362408704804,,71.72688668354884,73.48856976149297,71.71666258674266,"rgba(0, 255, 255, 0.75)",1.9724108648911263,71.71666258674266,1.6170820308949136,52.409055450520036,7.0436905618167245,False,False,False,False,False,3.5027478162552086,0.0,0.0,0.0,0.0,1,0.9396382110025091,0.9614221992969855,False,False,False,False,0.11850104225273432,0.1298796073099224,False,False,False,False,14775640,14731298.085632546,False,False,False,False,351507.548135121,False,False,False,False
2024-10-09 00:00:00+00:00,75.5530712406,76.2098813963,74.3986776336,74.8465027398,358292,,,,,75.86344218117087,74.82906874912895,74.33590230832665,73.60868427564249,73.55830324045363,70.97457316663984,70.44091692980471,69.83148746554275,69.68495670145936,69.5791688881595,70.52435974682527,71.46730867802296,72.67573906308385,73.49217116567563,74.2313812697366,75.455280402619,76.23171675965425,77.256393521976,77.37339011470524,77.3467448429315,76.97236373367923,,,,,,,75.34985123386963,74.13638489375242,74.0939372436212,71.75196342147113,70.6563434851241,69.91002563334773,69.58470290789107,69.28687531629411,68.66219840977699,68.96665571237018,69.16709019816317,69.84581094004221,71.11305611465173,72.2852941681124,72.31172402711557,72.99433839344643,73.94652446017344,74.1518306525188,74.47219027244526,75.89757874498908,76.71895135040367,77.35501311295855,77.3435968574948,77.28126229020123,77.05176402047185,,71.75196342147113,73.49217116567563,71.73466817369254,"rgba(0, 255, 255, 0.75)",1.9773769359120077,71.73466817369254,1.931044606397382,52.56099824113154,7.0436905618167245,False,False,False,False,False,4.662760999647613,0.0,0.0,0.0,0.0,1,0.9309947652908442,0.9470624101547066,False,False,False,False,0.12110211450626651,0.12549086090809447,False,False,False,False,15133932,14747087.650901858,False,False,False,False,351773.60507099866,False,False,False,False
2024-10-10 00:00:00+00:00,74.6972277044,75.2644728389,74.1896925841,75.1749078176,418649,,,,,75.7258509404387,74.82468157012306,74.34531112640272,73.62246250294034,73.56994814541895,71.00136378422803,70.46884446421878,69.85993617445504,69.70815609379842,69.59501370641502,70.53628356156986,71.4758956636489,72.68052896680014,73.4948801249875,74.23239641940096,75.45385350307771,76.22897051635883,77.25206618754045,77.36954708558488,77.34305619941836,76.96945583004778,,,,,,74.71713104246668,75.3173461808215,74.15212290715081,74.10426044152474,71.77551126093603,70.68388124630127,69.93862510772898,69.61317681501053,69.30928382168969,68.68408102727058,68.98556651351697,69.18481462411009,69.86049795044761,71.12284810307057,72.29126308796903,72.31760377981998,72.99827363280332,73.9481746349312,74.15301860938354,74.47269335728221,75.89537504632058,76.71542193240813,77.35112326177526,77.33984101594052,77.27785971864172,77.04872305779112,,71.77551126093603,73.4948801249875,72.02037705832208,"rgba(38, 166, 154, 1.0)",1.975149599788454,72.02037705832208,1.355264758864151,50.30345050983697,4.9349430389854305,False,False,False,False,False,2.9551943988575538,0.0,0.0,0.0,0.0,1,0.9136651394826693,0.9737953200295291,False,False,False,False,0.06110250999902057,0.09329668545355752,False,False,False,False,14715283,14745840.409690022,False,False,False,False,354396.1695780183,False,False,False,False
2024-10-11 00:00:00+00:00,75.6326845928,75.9113313255,74.4981943239,74.4981943239,276410,,,,,75.69806173578495,74.83786680987244,74.36137835924954,73.63650378389251,73.58166328647503,71.0218076876392,70.48979039960025,69.88095216927435,69.72526908163324,69.60670237337158,70.5453002948052,71.48263796171275,72.68465406564358,73.49758106124034,74.23393280391291,75.4537178139859,76.2279164095575,77.2499255345449,77.36761732116925,77.3412096482048,76.96807612052262,,,,,,74.96777679517824,75.31833224542315,74.17313335228874,74.11770949891421,71.79414211038333,70.70466844392894,69.9597879837149,69.6341041944928,69.32569033744025,68.69994271605628,68.99934972650132,69.19778128409321,69.87139864684966,71.13041265871021,72.29620773234493,72.32248566712654,73.0018111158138,73.95015013048662,74.15467349199929,74.47387792372217,75.89470046818413,76.7138313051672,77.34917433429514,77.33796163815947,77.27616986009973,77.0472611877936,,71.79414211038333,73.49758106124034,72.04639653588717,"rgba(0, 255, 255, 0.75)",1.979744262892531,72.04639653588717,1.8114905668033316,51.30357656928922,4.9349430389854305,False,False,False,False,False,4.637356224338632,0.0,0.0,0.0,0.0,1,0.9280700642966587,0.9590671219060085,False,False,False,False,0.11070724947594707,0.10200196746475229,False,False,False,False,14991693,14755481.687741395,False,False,False,False,351337.888418096,False,False,False,False
2024-10-14 00:00:00+00:00,76.5283348051,76.6676581714,75.1948111557,75.7919112972,249114,,,,,75.7248889848301,74.86659423817773,74.38657529414802,73.65466553854186,73.59671283937908,71.04337357094424,70.51153198541495,69.90244820805304,69.74273864282041,69.61862718446389,70.55471778473132,71.48992116857667,72.68945071299578,73.50103586974586,74.23628483380911,75.45449414101527,76.22781129306965,77.2487925654245,77.36655402166137,77.34020066962509,76.96743435127311,,,,,,75.27449266713771,75.34164899532009,74.20365474555065,74.13714294013242,71.81443032401954,70.72637709609168,69.98147052002967,69.65540103778888,69.34231290080905,68.7158494159005,69.01324639211862,69.21090254554237,69.88258504149725,71.13846837112148,72.30179027800878,72.32800720597184,73.00605118465676,73.95292063868904,74.15713739242007,74.4758970923266,75.8949615355031,76.71322042798076,77.34810677293946,77.33693584106237,77.27526654415232,77.04655161473055,,71.81443032401954,73.50103586974586,72.08177781686041,"rgba(0, 255, 0, 1.0)",2.0025776956473353,72.08177781686041,2.220416714869202,53.9534253233076,4.9349430389854305,True,False,True,False,True,6.206635464972734,0.0,0.0,0.0,0.0,1,0.9569149488263277,0.9306913215283125,False,False,False,False,0.18728824117439058,0.14464510431957145,False,False,False,False,15240807,14774514.052928008,False,False,False,False,347329.1084801315,False,False,False,False
2024-10-15 00:00:00+00:00,76.6477548334,77.2349033059,76.0705580299,77.0657249324,460392,,,,,75.82020112826756,74.93700776946325,74.44466018574582,73.69446033932418,73.62968572844545,71.08678622007893,70.55495880213593,69.9450785407977,69.77738696407577,69.64230478785306,70.57365704543305,71.50482545943935,72.69961689455074,73.50865697461658,74.2418074118628,75.45702632498363,76.22865168205959,77.24767686072376,77.36541952702092,77.33914112217045,76.96698711777385,,,,,,75.72571147024134,75.40764191575936,74.27221641145997,74.18121891753665,71.85589480381435,70.76986626707325,70.02450429118387,69.69753127499274,69.37516127035325,68.74712073111371,69.04065602242095,69.23683732178084,69.90486853711216,71.15483433739853,72.31346249720033,72.33956159775924,73.01515840662513,73.95924266967567,74.1628724816152,74.4807865024383,75.89650701522199,76.71310042667606,77.3469803430456,77.33586088428382,77.27435849453362,77.04598685454405,,71.85589480381435,73.50865697461658,72.1493874527142,"rgba(0, 255, 0, 1.0)",2.001481193256461,72.1493874527142,2.247519185212451,55.969133959628216,1.189363447989031,True,False,True,False,True,6.414749548269345,0.0,0.0,0.0,0.0,1,1.0257540456706151,0.9040927724245108,False,False,False,False,0.26555874095471516,0.2051019226371433,False,False,False,False,15701199,14810854.639087694,False,False,False,False,351762.9473632636,False,False,False,False
2024-10-16 00:00:00+00:00,78.4092002509,78.4191519199,77.0607490979,77.3841783413,374227,,,,,75.98560989283989,75.03104810317504,74.5165188256557,73.74004854634737,73.667379841035,71.12978599193087,70.59730798675379,69.98603762438222,69.81062247342133,69.66501458154661,70.5922698866862,71.51994943357948,72.71057297132258,73.51739963205605,74.24871219181787,75.46132958485957,76.23144631080025,77.24876059494335,77.36618878612562,77.33991986652563,76.96813035898765,,,,,,76.19640529342017,75.50820663045816,74.35438860165102,74.23435761890742,71.89815792486891,70.81253002641736,70.06592191277278,69.73779559395503,69.4064205823725,68.77654758319107,69.06660715915943,69.26149222046507,69.926375276991,71.1712242910073,72.32575987099429,72.35175218846761,73.02518678884059,73.96685368683337,74.16996259931237,74.4871374194208,75.89993473611402,76.71505913296683,77.34778851796598,77.33665886944924,77.2751718834284,77.04705010384276,,71.89815792486891,73.51739963205605,72.22608491063576,"rgba(0, 255, 0, 1.0)",1.9691628954484606,72.22608491063576,3.1399714846120355,60.370997474262964,5.2934008257562155,True,False,True,False,True,9.401604162675419,0.0,0.0,0.0,0.0,1,1.002645238532893,0.8923501538212526,False,False,False,False,0.34282824353451385,0.27396508308582856,False,False,False,False,16075426,14860445.672848962,False,False,False,False,352643.8906039199,False,False,False,False
2024-10-17 00:00:00+00:00,76.896546559,78.5087169411,76.8069815378,78.5087169411,368920,,,,,76.08591814057124,75.1015883493452,74.5735100869877,73.77822342458629,73.69915056944602,71.1682281391283,70.63545297263524,70.02320753245822,69.84089517846887,69.68578142858078,70.60914270028408,71.53350232386988,72.7201844838348,73.52490536509116,74.25447345048225,75.46461276811344,76.23330604168513,77.24899221672176,77.3662368098468,77.33999872070011,76.96862308121032,,,,,,76.40385208902349,75.57901175834488,74.41988638950482,74.27766428145146,71.93546560810519,70.8508470483623,70.10347117046612,69.77443535104534,69.4350161228544,68.8036198296013,69.09044483514185,69.28410895442175,69.94599815659977,71.18598136524537,72.33663371911183,72.36252630886233,73.0339186505402,73.97328298564167,74.1759001379453,74.49237248240733,75.90239024893667,76.71612191105764,77.34786122533522,77.33674333256234,77.27532180405373,77.04745771978045,,71.93546560810519,73.52490536509116,72.27899444387641,"rgba(0, 255, 0, 1.0)",1.8943306551594248,72.27899444387641,2.437563950383825,59.1994365722769,5.2934008257562155,True,False,True,False,True,6.299093354165478,0.0,0.0,0.0,0.0,1,1.008067364112406,0.9136537545065572,False,False,False,False,0.3339209254823905,0.30394300428410953,False,False,False,False,15706506,14893624.509207826,False,False,False,False,353282.1694037662,False,False,False,False
2024-10-18 00:00:00+00:00,77.9315201377,77.9514234757,76.3989631077,77.0657249324,443672,,,,,76.19105412951457,75.18186046465476,74.63967702364464,73.82338025705067,73.73688553478007,71.21401008547114,70.68092003653524,70.0675576366097,69.87709448815265,69.71068369103233,70.62939293475608,71.54978303520627,72.73174855456865,73.53394743589676,74.26142515051866,75.46859363257711,76.2355790045641,77.24931142664808,77.36632974111458,77.34012756589289,76.96924568688597,,,,,,76.57907744178739,75.65845818501919,74.49560785573888,74.32857929098014,71.97985619090382,70.89650329685833,70.14826497567489,69.81817068809906,69.46923554792203,68.83604067780804,69.11901224468555,69.31121983475973,69.96953417657984,71.20370221597175,72.34970899236183,72.37548221670161,73.04442933567687,73.98103534685414,74.18306310777317,74.49869347033837,75.9053782086466,76.71743869298142,77.34798442891773,77.33687956089159,77.27553407276169,77.04797853580108,,71.97985619090382,73.53394743589676,72.33706230259453,"rgba(0, 255, 0, 1.0)",1.8746764528488586,72.33706230259453,2.9842257988592302,60.1180578997282,5.2934008257562155,True,False,True,False,True,8.018123867317016,0.0,0.0,0.0,0.0,1,1.0047073995712492,0.8827343314263659,False,False,False,False,0.28252606996183555,0.29323453712297254,False,False,False,False,16150178,14942901.116689872,False,False,False,False,356826.86864283425,False,False,False,False
2024-10-21 00:00:00+00:00,79.8621439286,80.1407906613,78.5684269553,78.8072670119,525063,,,,,76.47394862366835,75.35225415212817,74.77011302969164,73.90565780816782,73.80538301951256,71.2853248924634,70.75042635031028,70.13411901659109,69.9312629428517,69.74789870215666,70.66054629120211,71.57576586243188,72.75143849404267,73.55032735715416,74.27503489144003,75.4783042214859,76.24297030377707,77.25411995533275,77.37020835551427,77.34393482943098,76.97334271866798,,,,,,77.07520592726628,75.84556577426056,74.64109813968015,74.42610240590436,72.05133638049963,70.96680701233278,70.21563897417899,69.88337156999197,69.51992513739306,68.88338186931554,69.1610358162377,69.35129962485111,70.00497370446878,71.2315652475873,72.37144968360545,72.39705704368374,73.06272235510284,73.99571892964777,74.19695115428141,74.51146889323134,75.91374947364424,76.72357454004637,77.35197055562475,77.34076592612925,77.27924408747334,77.05198942621962,,72.05133638049963,73.55032735715416,72.4538979421223,"rgba(0, 255, 0, 1.0)",1.9221853908835702,72.4538979421223,3.8540746494136884,63.205619371069716,7.778821595614659,True,False,True,False,True,11.06330824438503,0.0,0.0,0.0,0.0,0,1.0323198284126882,0.8550887376863953,False,False,False,False,0.34282824562067993,0.31803139137182623,False,False,False,False,16675241,15010836.014074584,False,False,False,False,363424.3639901741,False,False,False,False
2024-10-22 00:00:00+00:00,78.9465903782,79.653158879,78.1405051872,79.653158879,264412,,,,,76.57395107571134,75.42126759858667,74.82509583748147,73.94179409494197,73.83565014124623,71.31814977693348,70.78260995004158,70.16512869063598,69.9565904221611,69.7653693894504,70.67507737362837,71.58778642451294,72.7604210656647,73.55770272769595,74.2810679877907,75.48244156405059,76.24598972705161,77.25588462315235,77.37160419694531,77.34531163717739,76.9749083666179,,,,,,77.2189697960771,75.91857024473053,74.7024565723492,74.46812422615392,72.08392352465498,70.9992841192581,70.24700114986166,69.91381708655781,69.54371279860351,68.90570512987107,69.18083094443517,69.37016028585074,70.02158304296346,71.24449840444078,72.38141803116959,72.40694620715628,73.07102877101568,74.00227070985693,74.20311936530155,74.51709736172671,75.9172401597147,76.72598299129375,77.35340977915695,77.34217206148887,77.28060095590718,77.05350677603774,,72.08392352465498,73.55770272769595,72.50013165901464,"rgba(0, 255, 0, 1.0)",1.9381823392073678,72.50013165901464,3.326033154249914,63.12693535767923,7.778821595614659,True,False,True,False,True,9.210700033132145,0.0,0.0,0.0,0.0,0,1.0426294294868175,0.8474515897902857,False,False,False,False,0.2984508744120275,0.3082411328919269,False,False,False,False,16410829,15065737.69979715,False,False,False,False,359541.5261866378,False,False,False,False
2024-10-23 00:00:00+00:00,78.1106501801,79.1008412481,77.6031150598,78.6480403075,249758,,,,,76.63723387900431,75.47250506066277,74.86776154527783,73.97110640364423,73.86033961528526,71.34629859046176,70.81039611808592,70.19208481402536,69.9786782927034,69.7806571465141,70.68769043656934,71.59811295707206,72.76799916882527,73.56381802159002,74.28596467551084,75.48561104333923,76.24815073626976,77.25690388357701,77.37237242086447,77.34607848836026,76.97589600491473,,,,,,77.29137806830228,75.97029695788041,74.75022631355799,74.50147263141567,72.11155524847582,71.02725004340324,70.27423940155631,69.94034960217076,69.56454001330043,68.92535354850527,69.19822702949111,69.38671378271866,70.03608664854958,71.25565570017363,72.38988352495956,72.41534096465027,73.07799356131511,74.00763660895292,74.20813897413294,74.52162638128985,75.91982515396275,76.72758695976263,77.35420844164724,77.34295630625665,77.2813775286799,77.05444390813669,,72.11155524847582,73.56381802159002,72.5345646588605,"rgba(0, 255, 0, 1.0)",1.909763469717009,72.5345646588605,2.9197780822908728,61.29190094661308,7.778821595614659,True,False,True,False,True,7.555027448732762,0.0,0.0,0.0,0.0,0,1.0244156582733321,0.8685429021901396,False,False,False,False,0.24706722208515378,0.2776541774885403,False,False,False,False,16161071,15108691.946863929,False,False,False,False,355236.2898655932,False,False,False,False
2024-10-24 00:00:00+00:00,77.6130667288,78.3693935748,77.3841783413,78.2101668704,601370,,,,,76.73208996554114,75.56860666424612,74.95231347630782,74.03234119545253,73.91229176215944,71.40849041393714,70.87218778600307,70.25242663093522,70.02831581378051,69.81516302245056,70.71596722228165,71.62105798201466,72.78456784417088,73.57697463373019,74.2962839527964,75.49189603933908,76.2520984796275,77.25818623389375,77.37322676238875,77.34695945857237,76.9773843071914,,,,,,77.36207357493457,76.06171970211344,74.84509547020657,74.56944060557515,72.17195096823455,71.08928424729355,70.33515869582487,69.99988761004174,69.61152514517903,68.96990090700305,69.23762791807351,69.42416844970744,70.06876578610945,71.28053736457227,72.40850282608407,72.43379787496578,73.09313576646244,74.01904525279699,74.21874496980648,74.5310888569043,75.92475344421675,76.73023232521207,77.35511696391153,77.34386051143339,77.28233335415425,77.0558019575741,,72.17195096823455,73.57697463373019,72.60063642764214,"rgba(0, 255, 0, 1.0)",1.9014694732513453,72.60063642764214,2.6360824465864545,59.05676372272724,7.778821595614659,True,False,True,False,False,6.580801284052278,0.0,0.0,0.0,0.0,0,1.020783163420243,0.8817324462096544,False,False,False,False,0.203283025690458,0.24046860158949918,False,False,False,False,15559701,15126378.576398676,False,False,False,False,364888.59222380526,False,False,False,False
2024-10-25 00:00:00+00:00,78.4888136031,79.1356720897,77.4538400244,77.8817617925,323956,,,,,76.80122809758385,75.6296166574556,75.00462383190342,74.06940867461871,73.9437486312116,71.44444956072222,70.90773201302642,70.28696794951533,70.05674153507705,69.83494955642017,70.73232798192394,71.63448494778727,72.79446056821756,73.58498365419109,74.30272177554384,75.49610502215864,76.25500319283029,77.25961441655637,77.37431530489597,77.34804343324403,76.97874591403153,,,,,,77.43299269200259,76.12230375149056,74.9032239925987,74.61118750156263,72.20720750110678,71.12503842860384,70.37004899743818,70.0339097986911,69.63836460824473,68.99525393440405,69.26010985091536,69.44557393904948,70.08754864061827,71.29503082607398,72.41953786999467,72.44474186336392,73.1022387877401,74.02608841723263,74.22534132291807,74.53705235657459,75.928206833669,76.73241701114617,77.35624651167551,77.34496864409078,77.2834250563079,77.05709923056668,,72.20720750110678,73.58498365419109,72.64220790040864,"rgba(0, 255, 0, 1.0)",1.9431656796797006,72.64220790040864,3.0088045316110574,58.96759803250124,7.778821595614659,True,False,True,False,False,8.00075043871158,0.0,0.0,0.0,0.0,0,1.0142314683166709,0.8942860238346393,False,False,False,False,0.24174852602227612,0.24110856380588763,False,False,False,False,15883657,15156075.769481082,False,False,False,False,363283.3925287541,False,False,False,False
2024-10-28 00:00:00+00:00,81.0463925426,81.4842659797,79.8521922595,80.5687124294,429656,,,,,77.01422326028116,75.77513954097954,75.12016387254066,74.14495420062012,74.00741905438802,71.50816347267344,70.96959064906437,70.34600944284345,70.10511271251384,69.86850643074536,70.76081183379877,71.65862825107682,72.8132440090724,73.60096052837558,74.31633458256228,75.50639900880206,76.26328636315448,77.26568363649682,77.3793144456347,77.35292990951483,76.98372499374418,,,,,,77.7226667720399,76.28016256302652,75.02968272049732,74.70021557618013,72.2716148594458,71.18769792817622,70.42981857940737,70.09167993884547,69.68357577982086,69.03735703903884,69.29768982473404,69.48151748945425,70.11962319014268,71.32075566464577,72.44008391644365,72.46514397222458,73.1198326676167,74.04062333138472,74.23919114279438,74.54995295813191,75.93734375189389,76.73962810038775,77.36136720104388,77.34995308772615,77.28813818685585,77.06202507041816,,72.2716148594458,73.60096052837558,72.73614688935585,"rgba(0, 255, 0, 1.0)",2.0709584117317563,72.73614688935585,4.012753518451895,62.05621583889556,7.778821595614659,True,False,True,False,True,11.903108785028834,0.0,0.0,0.0,0.0,0,1.025193612837243,0.8599726206879492,False,False,False,False,0.34282824604357554,0.2919684049247316,False,False,False,False,16313313,15201457.621658294,False,False,False,False,365886.23988056765,False,False,False,False
2024-10-29 00:00:00+00:00,80.5985674365,80.6732049541,79.7975575966,80.419437394,333528,,,,,77.14711264212717,75.87319973030286,75.20004376196025,74.1986525437994,74.05289791269507,71.55472308421051,71.01496209990843,70.38948444773268,70.14083648949874,69.89337597212699,70.78185194294919,71.67638832048979,72.82696769980052,73.61256218604166,74.32615089295666,75.51370298939068,76.26907617765303,77.2697978069265,77.38268879324791,77.356232186463,76.98713806308379,,,,,,77.88781383987867,76.38434611402826,75.11699046088647,74.7627374563973,72.31841542523219,71.23358987345273,70.47380517539605,70.13428196098909,69.71704679027575,69.06862426026223,69.32558894788447,69.50818888678802,70.14337360657588,71.33971066626393,72.4551315170265,72.48008392979227,73.13265880886374,74.05113465404105,74.24918668296972,74.55923104382622,75.9437755652153,76.74460564154246,77.36482607966278,77.35332183289363,77.2913323255062,77.0653923702619,,72.31841542523219,73.61256218604166,72.79975765084592,"rgba(0, 255, 0, 1.0)",2.1521161939373674,72.79975765084592,3.623786581609196,63.153806484632725,7.93065738275444,True,False,True,False,True,11.008053945781615,0.0,0.0,0.0,0.0,0,1.0182901289865391,0.8713719234699369,False,False,False,False,0.307003907490956,0.2994861562078438,False,False,False,False,15979785,15231980.263946205,False,False,False,False,364617.289297016,False,False,False,False
2024-10-30 00:00:00+00:00,79.7626272383,81.9868252655,79.7327722312,81.0165375355,369662,,,,,77.28838252777973,75.98028205019897,75.28806592997772,74.25840023335856,74.10363271665236,71.60655575145323,71.06547269535629,70.43788970256236,70.1806702855731,69.92116317470123,70.80539763323195,71.69629871696904,72.84239693973007,73.62563575671113,74.33724094224986,75.5220019538625,76.27568958095289,77.27454767613929,77.38659246576816,77.36005126592538,76.99106703262143,,,,,,78.05717074172884,76.49755729163113,75.21292838039358,74.83210324737465,72.3705346729911,71.28467920230227,70.52277662584822,70.18171835862162,69.75437630180839,69.10349780979472,69.356730377108,69.53797049441975,70.1699216859335,71.36094578643191,72.47203200489527,72.4968646990952,73.14709133621369,74.0629973631109,74.26047583340981,74.56972303760085,75.95110401484786,76.75031607284916,77.36882630573278,77.35721744454659,77.29502336730508,77.06927218621097,,72.3705346729911,73.62563575671113,72.86917124512576,"rgba(0, 255, 0, 1.0)",2.219689488907553,72.86917124512576,3.1055947363912333,62.14575261195502,7.93065738275444,True,False,True,False,True,9.353211504272426,0.0,0.0,0.0,0.0,0,1.0258581947682353,0.8533411691517896,False,False,False,False,0.3428282462210129,0.32115720121442837,False,False,False,False,15610123,15246809.390850276,False,False,False,False,364815.1210892899,False,False,False,False
2024-10-31 00:00:00+00:00,78.6380886385,80.031322302,78.5883302933,79.8223372525,414582,,,,,77.36962707806575,76.05895151033374,75.35758837044555,74.30924276924796,74.14725968079765,71.65487859435072,71.11311919522956,70.48410324907454,70.21893134227622,69.94802662233693,70.8278507486005,71.71496484685404,72.85645640637375,73.6372450647614,74.3467974114513,75.52864984421632,76.28061432065303,77.27753542587776,77.38898022168767,77.36240385965202,76.99369586719845,,,,,,78.12704988419229,76.5751269040552,75.28890683566144,74.88906952544065,72.41820603180238,71.33265106638085,70.56945633774633,70.22721050333425,69.79048636817244,69.137552739213,69.3870602277279,69.5669112670862,70.19549524480126,71.38099052898812,72.4875894958756,72.51230204721082,73.16012099713252,74.07334796235314,74.27023919453545,74.57865951609087,75.95675605478698,76.75429862626167,77.37128452314965,77.35961883337477,77.29733511588445,77.07182822469623,,72.41820603180238,73.6372450647614,72.92282391067742,"rgba(0, 255, 0, 1.0)",2.2570502844512434,72.92282391067742,2.5321831627743836,59.355248986673814,7.93065738275444,True,False,True,False,False,7.182656545331515,0.0,0.0,0.0,0.0,0,1.0133291895459116,0.8738768603914313,False,False,False,False,0.22031765418825583,0.2707374277013421,False,False,False,False,15195541,15244798.865718892,False,False,False,False,366766.7633995138,False,False,False,False
2024-11-01 00:00:00+00:00,78.3295868987,79.64320721,78.0907468421,79.0958654136,420213,,,,,77.42737165311229,76.12475950990981,75.4182536539151,74.35549013169476,74.18720448811439,71.70063491784532,71.15845607617081,70.52829869989498,70.25565203315595,69.97391556291257,70.84939386896521,71.73277195231536,72.86973587243213,73.64810579077636,74.35563419139282,75.5346115746884,76.28488255935656,77.27988931838868,77.39082744752277,77.36423263877154,76.99584800535278,,,,,,78.16317331443148,76.63741039152143,75.3551736946927,74.93994251513149,72.4629954107258,71.37821047541306,70.61406623896895,70.27079787017996,69.82524760681173,69.17046221706777,69.41635583549133,69.59484741393369,70.22011296018181,71.4001574652888,72.50233697154982,72.5269323794368,73.17238616849735,74.08296601158932,74.27928024893134,74.58688457413878,75.96173796959125,76.75763463904276,77.3731921729733,77.36148634987887,77.29915204293744,77.07390164114852,,72.4629954107258,73.64810579077636,72.96949783671245,"rgba(0, 255, 0, 1.0)",2.285776014839705,72.96949783671245,2.344975635052956,56.94086485350445,12.181526215814777,True,False,True,False,False,6.5949109105516825,0.0,0.0,0.0,0.0,0,1.0073270106514616,0.8734412983210658,False,False,False,False,0.18662062508887312,0.22867902639510762,False,False,False,False,14775328,15226388.243533837,False,False,False,False,368862.6942465917,False,False,False,False
2024-11-04 00:00:00+00:00,80.4691957391,80.6582774506,78.6181853004,79.0063003924,406508,,,,,77.52851148517107,76.2143795808386,75.49612808189505,74.41172291662498,74.23554059815744,71.75201240784124,71.20886651660135,70.5769652755074,70.2960000767157,70.00232168925966,70.8733680208139,71.75293667521075,72.88522272702998,73.66111588384607,74.3665608384856,75.54259404847929,76.29109887257762,77.28413752425179,77.39429573203002,77.36763302856782,76.99943122638133,,,,,,78.26594551276038,76.72829744347617,75.4395862358549,75.00357370744013,72.51414319962909,71.42906090117752,70.66324700199137,70.31862500396593,69.86323900699948,69.20616114198502,69.44824942647335,69.62533599276074,70.24722460073865,71.4217105227546,72.51935450256371,72.54382620858725,73.18682852118383,74.09470210727662,74.29041649597663,74.59718212663144,75.96870221006856,76.7628960600148,77.37675035932534,77.36495512850264,77.30245469422871,77.07742389673335,,72.51414319962909,73.66111588384607,73.03001277605532,"rgba(0, 255, 0, 1.0)",2.3562116800052353,73.03001277605532,3.1572642756053892,58.37718220441299,12.181526215814777,True,False,True,False,False,9.890292212654032,0.0,0.0,0.0,0.0,0,1.0071979434470348,0.88427077977896,False,False,False,False,0.24562422749165194,0.23715162694337977,False,False,False,False,15181836,15224641.09672859,False,False,False,False,370338.9807467254,False,False,False,False
2024-11-05 00:00:00+00:00,81.4643626417,81.6584201877,80.0014672949,80.2204040135,381646,,,,,77.65765992674844,76.31920118209264,75.58484104402702,74.4740844162279,74.28903595523924,71.80624046979656,71.26172245295518,70.62765348518099,70.33797403306558,70.03185623273774,70.89854990548409,71.77437750784033,72.90201990217193,73.67547186599374,74.37885439155565,75.5519852703351,76.2987232191731,77.28981530772093,77.3989940225991,77.37222482393334,77.00408355562008,,,,,,78.41081496511447,76.83772847096512,75.53527842759011,75.0752115663895,72.56873825383451,71.48251591248294,70.71451191833994,70.36831630636776,69.90261445026822,69.24296346407783,69.48121935387208,69.65691130191323,70.27548942389161,71.44451623706789,72.53768231947693,72.56202910256575,73.20259149378289,74.10780112194178,74.30291699601976,74.60885339852283,75.97707766557735,76.76957879754998,77.38155990647286,77.36963753639041,77.30688100616969,77.08203198052468,,72.56873825383451,73.67547186599374,73.0989163027318,"rgba(0, 255, 0, 1.0)",2.46081318345923,73.0989163027318,3.399464207684666,60.48357970947875,12.181526215814777,True,False,True,False,True,11.34568616445641,0.0,0.0,0.0,0.0,0,1.002100769154026,0.8795649374860411,False,False,False,False,0.34038378178530077,0.2887677043643403,False,False,False,False,15563482,15237928.975288253,False,False,False,False,370782.3932664617,False,False,False,False
2024-11-06 00:00:00+00:00,81.5240726558,82.0117044381,79.7327722312,79.8919989356,775480,,,,,77.89620676303308,76.52079389165192,75.7581462663539,74.59815498113683,74.39594146063266,71.91506485406298,71.36791046741294,70.72961958399877,70.42263901863669,70.09164441355863,70.94957641795268,71.81786496157457,72.93613889042717,73.70466029842477,74.40387446215392,75.57113549840835,76.31429661127673,77.30144674030429,77.40862903157476,77.38164163579195,77.01361610656559,,,,,,78.66767454538825,77.04617712046124,75.72159959906973,75.21679424535823,72.67816382815545,71.58985957103988,70.81761231329128,70.46832907888185,69.98211621228816,69.31734481355996,69.54791413941741,69.72080407621321,70.3327227329259,71.49075507952352,72.57489076141626,72.5989854786338,73.23462208358751,74.13444947504513,74.32835543334454,74.63261528246449,75.99417197073207,76.7832457594614,77.39142173986944,77.3792393978817,77.31595820623583,77.09147573326713,,72.67816382815545,73.70466029842477,73.23290313769155,"rgba(0, 255, 0, 1.0)",2.5610782463989232,73.23290313769155,3.2373745432286114,61.95652179507552,12.181526215814777,True,False,True,False,True,11.432681083516293,0.0,0.0,0.0,0.0,0,1.0117941029492148,0.8666533399969705,False,False,False,False,0.3428282462322751,0.31579797529830766,False,False,False,False,16338962,15281106.740963222,False,False,False,False,386652.88764816907,False,False,False,False
2024-11-07 00:00:00+00:00,82.6486112557,83.4447447777,80.3995340559,81.2354742541,689666,,,,,78.14468957913294,76.72521309401877,75.93262899206334,74.72228283240041,74.50305098188215,72.02081481836392,71.47066778993292,70.82788273526141,70.50429722038814,70.14941937366548,70.9992937217513,71.86064429925669,72.97021277852738,73.73417630309685,74.4295216094945,75.59135106978881,76.3311600506868,77.31464942149795,77.41964535794547,77.39239234724276,77.02428215659755,,,,,,78.942430530818,77.26000861642093,75.90824039699962,75.35926414154717,72.78528245201282,71.69390422118278,70.91701266280576,70.56456302532831,70.05862722446673,69.38868299571615,69.61205178080986,69.78234497897482,70.38815118922146,71.53606922219413,72.61185356392487,72.63571074588502,73.26675834199811,74.16161461934968,74.35439011463463,74.65709507447399,76.01246543520969,76.79834341830079,77.40268451108236,77.39019878255593,77.32628326910617,77.10208490029136,,72.78528245201282,73.73417630309685,73.36707980457763,"rgba(0, 255, 0, 1.0)",2.691686794988576,73.36707980457763,3.448221192897656,64.20037491047302,8.829190902512465,True,False,True,False,True,13.059509702723616,0.0,0.0,0.0,0.0,0,1.0222843035348412,0.8505262474023844,False,False,False,False,0.3428282470828357,0.3293131111905717,False,False,False,False,17028628,15349636.986415647,False,False,False,False,398535.7547992213,False,False,False,False
2024-11-08 00:00:00+00:00,82.7282246079,83.2059047211,82.39981953,82.39981953,543545,,,,,78.34795609656487,76.8932092708509,76.07648366343773,74.82511178267065,74.59200513989848,72.10758415007072,71.55485477928245,70.90827302183816,70.57120369963859,70.1968711715593,71.04030450084787,71.89610473028534,72.99867125575457,73.75897684914764,74.45120999019139,75.60867578896287,76.34577331244907,77.32631476068637,77.42941008037158,77.40191656810532,77.03365723146392,,,,,,79.16611072207476,77.43590940952122,76.06158620236721,75.4772573776473,72.87342941911373,71.77919537671245,70.9983420829286,70.64325291688012,70.12127653749712,69.44702481858756,69.66459175341677,69.83280255278139,70.43372882601975,71.57355887746012,72.64264345680279,72.66630822448961,73.29365899026274,74.18452695067337,74.37638994954382,74.67784444453622,76.02823741122293,76.81153676336878,77.4126628335215,77.39990662410044,77.33541809079632,77.1114249197642,,72.87342941911373,73.75897684914764,73.47723291104997,"rgba(0, 255, 0, 1.0)",2.816871279695897,73.47723291104997,3.284137178553914,65.78321824063491,10.397974734948747,True,False,True,False,True,13.173814860438874,0.0,0.0,0.0,0.0,0,1.0523769044663311,0.8512260511361049,False,False,False,False,0.34282824767090225,0.336070679430737,False,False,False,False,17572173,15436795.26145817,False,False,False,False,404222.39186591853,False,False,False,False
2024-11-11 00:00:00+00:00,83.4347931087,83.8925698838,82.6685145937,83.5144064609,596238,,,,83.33195919539999,78.57679291493274,77.08345097557456,76.23996956179198,74.94258152164593,74.6938651918797,72.20602804996543,71.65026076401675,70.9992797745539,70.64705525788703,70.25078863735698,71.08707155418422,71.93670560300293,73.03145691542214,73.78768709640914,74.47644587719704,75.62904527143704,76.36310126224947,77.34034830609654,77.44118576851251,77.41339800939186,77.04489446867017,,,,,,79.41658168797878,77.6351172547032,76.23535280217966,75.61194584150084,72.97365928073688,71.87589482315799,71.09041834708408,70.73230099841982,70.19227033824623,69.51307579197864,69.72415938318808,69.89005232829452,70.48556724038926,71.61641548536663,72.678038800914,72.70148751356435,73.32470639658554,74.21113195909469,74.40197327382104,74.70203203898494,76.04686704343428,76.82727985254422,77.4246917285052,77.41160819291783,77.34641968441534,77.12263327270345,,72.97365928073688,73.78768709640914,74.28239301868172,"rgba(0, 255, 0, 1.0)",2.9489305416115723,74.28239301868172,3.1036336600239354,67.6168418084211,12.218622896045694,True,False,True,False,True,14.190082021113263,0.0,0.0,0.0,0.0,0,1.058978236570367,0.8431060556268527,False,False,False,False,0.34282824795204464,0.33944946369139084,False,False,False,False,18168411,15543917.44728334,False,False,False,False,411752.41571431386,False,False,False,False
2024-11-12 00:00:00+00:00,79.1356720897,83.2158563901,79.0560587375,83.2158563901,772919,,,,81.71586676196837,78.68310102891058,77.2083471501586,76.35999843863226,75.03977237605628,74.77982068572973,72.29891991674864,71.74191036991327,71.08835953300155,70.72216131299272,70.3048751735624,71.13311930122003,71.9757953337944,73.06192309916477,73.81356287130713,74.49844030070732,75.64553710415659,76.37626127067783,77.34979746055546,77.44899658796368,77.42104849263912,77.05279614186684,,,,,,79.49269178239952,77.75403723151551,76.36258797010152,75.71756857081144,73.06563673129483,71.9681361382346,71.18031324203572,70.82008369232116,70.26336839258188,69.58022433284441,69.78452655936012,69.94789534084451,70.53731213806279,71.65804644708085,72.71133941922245,72.73455901740739,73.35323712706773,74.23463825316418,74.42435856348284,74.72285181132241,76.06144147969319,76.83864306943327,77.43269088072354,77.419406910637,77.35382900342928,77.13043182794704,,73.06563673129483,73.81356287130713,74.29214528291263,"rgba(0, 255, 255, 0.75)",2.9753566362985695,74.29214528291263,1.6278810908573484,60.883599003470856,16.701981656671435,True,False,True,False,False,5.93069124572289,0.0,0.0,0.0,0.0,0,1.0272348606228394,0.851060557515544,False,False,False,False,0.20949475222716116,0.274472107959276,False,False,False,False,17395492,15616528.214056544,False,False,False,False,425915.8111764976,False,False,False,False
2024-11-13 00:00:00+00:00,78.837122019,80.2502590206,78.7575086668,80.2502590206,431837,,,,81.1321926670849,78.70131490944055,77.25021488326934,76.40560252021807,75.08104498151951,74.81694627456757,72.34250338598316,71.78543560872754,71.13119461238881,70.75857377341252,70.33134363888712,71.15540273092762,71.99444763344297,73.07612479272495,73.82536879147406,74.5082284427056,75.65244594054143,76.3814544983367,77.35305156667793,77.45163398361758,77.4236474056883,77.05566593830983,,,,,,79.48449639866233,77.78902952094408,76.41079021147566,75.76034981155028,73.10796277953574,72.01173543051193,71.22346621816905,70.86249112335972,70.29809223462199,69.61333102084501,69.81424383046664,69.97632142521991,70.56256061098512,71.67802399704743,72.72699196271199,72.7500958362846,73.36643477809459,74.24520769800795,74.4343506619467,74.73202822406941,76.06735994304047,76.8428943714375,77.43540106491487,77.42205689554389,77.35638117675266,77.13322898217926,,73.10796277953574,73.82536879147406,74.29833841831439,"rgba(0, 255, 255, 0.75)",2.9964370453194147,74.29833841831439,1.514726834583569,56.00060286312976,12.35606049656512,False,False,True,False,False,5.403078159400717,0.0,0.0,0.0,0.0,0,1.0233689736879703,0.8839746462658515,False,False,False,False,0.11296175063475657,0.19371692929701628,False,False,False,False,16963655,15669356.715466091,False,False,False,False,426148.0146597722,False,False,False,False
2024-11-14 00:00:00+00:00,79.1058170826,80.0562014746,78.6878469836,79.2650437871,404309,,,,80.79322401316689,78.71743671349587,77.28794022512754,76.4470515484315,75.11898017001023,74.85116717752993,72.38282792680201,71.82574214629265,71.17090319806314,70.79239196121316,70.35598831414339,71.1761597235684,72.01182875167629,73.08936605986283,73.83637935896093,74.51735955718827,75.65889355448542,76.38630264839172,77.35609092608698,77.45409861549997,77.42607624160219,77.05834810249081,,,,,,79.47743826484475,77.82040342497595,76.45452401515946,75.79950175545447,73.1470820472679,72.05209606850808,71.26346195297242,70.9018194924413,70.33036701402312,69.64412840484654,69.84190350269728,70.00278367442979,70.5860722558245,71.69663744099589,72.74158295740797,72.76457922651058,73.37874142726643,74.25506657817108,74.44367179842634,74.74058937238046,76.07288429010337,76.84686397699173,77.43793356630093,77.42453333358536,77.35876659428615,77.13584325960548,,73.1470820472679,73.83637935896093,74.31392437603134,"rgba(0, 255, 255, 0.75)",3.016934491609273,74.31392437603134,1.5883317055428012,53.17708117369334,9.964260527704909,False,True,False,False,False,5.817284125040413,0.0,0.0,0.0,0.0,0,1.0119321082200574,0.8942572741202688,False,False,False,False,0.10527648582482534,0.14949670756092082,False,False,False,False,17367964,15735968.76583997,False,False,False,False,425291.58271233016,False,False,False,False
2024-11-15 00:00:00+00:00,78.6281369694,79.6133522029,78.4888136031,79.5337388507,299348,,,,80.56815907192092,78.72130890595115,77.309924437622,76.47304117733832,75.14415105674134,74.87406307380361,72.41078498253265,71.85382730881962,71.19871382005813,70.81616546345501,70.373388716599,71.19075560277834,72.02398659173018,73.09854498275396,73.84394636267372,74.52357009323222,75.6631625785308,76.38942070640488,77.35790052438061,77.45554772452113,77.42750992530819,77.05999741414294,,,,,,79.46307630721165,77.83708404508403,76.481895966799,75.82488787696673,73.17398572566658,72.08016400520792,71.29145363741027,70.92941610842345,70.3531242239333,69.66592659025699,69.8614733091826,70.02149545684964,70.60265516579523,71.70968511030803,72.75173036441639,72.77464980035214,73.38724645116648,74.26180129786525,74.45001966766718,74.74638825144031,76.07648823383671,76.8493458337606,77.43942585846195,77.42599535855918,77.36018720162015,77.1374391021224,,73.17398572566658,73.84394636267372,74.32355768926014,"rgba(38, 166, 154, 1.0)",3.0339821650206704,74.32355768926014,1.418788590707004,50.58182790673853,7.696552356896163,False,True,False,False,False,4.954070485378708,0.0,0.0,0.0,0.0,0,1.01790527531967,0.8979463483520362,False,False,False,False,0.0866206800985695,0.11805869382974515,False,False,False,False,17068616,15788229.441689383,False,False,False,False,420352.6186843957,False,False,False,False
2024-11-18 00:00:00+00:00,79.0162520614,79.2899229596,77.9016651306,78.4987652721,522923,,,,80.2516991006146,78.7218053923623,77.34290384914675,76.51399764042672,75.18533195683852,74.91174626879643,72.45775874558477,71.90116016736324,71.24573249454187,70.8564759574049,70.40299912270268,71.21554874669738,72.044587758199,73.11403170691007,73.85665840063218,74.53394802351511,75.67019463492956,76.39447406391992,77.36069803015316,77.45776996622298,77.42971434382859,77.06260096928064,,,,,78.7359467172,79.43228324807508,77.86049398624095,76.52494881974484,75.86580610886277,73.2189765180296,72.12741155467315,71.33875641277001,70.97612821465157,70.39178665918864,69.70304743795018,69.89480331447994,70.0533578840782,70.6308614674325,71.73181629746469,72.76887770168949,72.79166574930309,73.40157454275418,74.27308033178402,74.46063410029458,74.75605746694865,76.08237636524487,76.85330184390756,77.44171761889156,77.42824354815704,77.36238444611611,77.13994675605005,,73.2189765180296,73.85665840063218,74.79305749062584,"rgba(38, 166, 154, 1.0)",3.0538387379499494,74.79305749062584,1.3829134191968488,49.55540823420936,6.785498294674802,False,True,False,False,False,5.568914979531847,0.0,0.0,0.0,0.0,0,1.01781040536427,0.8882093839788961,False,False,False,False,0.06025518424445505,0.0891569390371001,False,False,False,False,17591539,15858947.463583918,False,False,False,False,424374.9865791253,False,False,False,False
2024-11-19 00:00:00+00:00,78.9764453853,79.1804546003,78.0071528222,78.2201185394,415296,,,,80.06710093937137,78.72179347172086,77.36776506744023,76.54527641905663,75.21723868173741,74.94104143022282,72.49448471408219,71.93821043475774,71.28258604072789,70.88813988366974,70.42632526706893,71.23508523931338,72.0608234602197,73.12623871924718,73.86667704054246,74.54212512516195,75.67572999843792,76.39844694820385,77.36288818567108,77.45950925159124,77.43144026494846,77.06464492439572,,,,,78.72948599792558,79.40915072211112,77.87793881925339,76.5577683028307,75.8973310030392,73.25409896754672,72.16437764934916,71.37582401133231,71.01276069690012,70.42218524465164,69.73226508018874,69.92105216026447,70.07845467056684,70.65308331195746,71.74925698614423,72.782392814357,72.8050774442448,73.41286809355455,74.28196833875411,74.46899785585809,74.76367521521036,76.08700845023175,76.85640756903298,77.44351146841696,77.43000366224268,77.36410597416153,77.14191452924312,,73.25409896754672,73.86667704054246,74.80822792488635,"rgba(38, 166, 154, 1.0)",3.0446431277628836,74.80822792488635,1.3690331790958798,48.80236285685324,5.9744858709103,False,True,False,True,False,5.49496800223131,0.0,0.0,0.0,0.0,0,1.021296390702153,0.8891721044071174,False,False,False,False,0.02983791634966385,0.059497427693381975,False,False,False,False,17176243,15910606.112070823,False,False,False,False,424018.9478897478,False,False,False,False
2024-11-20 00:00:00+00:00,79.1157687517,79.2453360222,78.5277326776,78.5277326776,240472,,,,79.9950146681137,78.72540140878192,77.38425189183273,76.56495223363353,75.23670774278307,74.95887034902206,72.51637167852164,71.96023805568174,71.30444767052909,70.90692009839229,70.44016391998001,71.24671475086689,72.07052819009164,73.1335869310002,73.87274712694597,74.54711826257294,75.67917953456073,76.40097981669886,77.36437811408453,77.46070658095958,77.43262431497213,77.06599840639973,,,,,78.77711557145463,79.40089928597757,77.89052253295033,76.57839987599802,75.91680349855795,73.27512162379901,72.18637525202446,71.39781822598417,71.03447413942173,70.44019540704336,69.74954918356907,69.93659528402424,70.09332468526846,70.66627850507756,71.75966463194862,72.79050776208526,72.81313161424646,73.41968220811845,74.28737780398306,74.47410008673859,74.76834126182817,76.0899284736107,76.85843353880581,77.44474382615084,77.43121091054236,77.36527789597213,77.14322565253431,,73.27512162379901,73.87274712694597,74.82254506052513,"rgba(38, 166, 154, 1.0)",3.0511091516402153,74.82254506052513,1.407102623276169,48.58923744291678,5.539640375516697,False,True,False,True,False,5.722053753322765,0.0,0.0,0.0,0.0,0,1.0165062873976123,0.9049914760495867,False,False,False,False,0.04149612656473581,0.050496777129058895,False,False,False,False,17416715,15969669.205715105,False,False,False,False,416821.02836465964,False,False,False,False
2024-11-21 00:00:00+00:00,79.8134386701,80.2519740474,78.6592932907,78.9563013417,364774,,,,79.95715849566176,78.74425284537256,77.4180664338083,76.60165728397294,75.27064438000784,74.98970299631715,72.5524158306659,71.9962865273835,71.34000413320771,70.93739317645968,70.46257158783325,71.26568276107028,72.08649982295663,73.14586468901766,73.88303100592086,74.5557175632164,75.68537093770776,76.40572787007838,77.36749607983616,77.46325757050178,77.43513375934546,77.06870898066254,,,,,78.96566001378618,79.40564712255977,77.9196432156091,76.61688957928406,75.95171385424837,73.31011652414318,72.22246208267258,71.43361827763187,71.06971081134833,70.46932189099786,69.77737762207062,69.96166261109506,70.11733609042057,70.68768507352941,71.77673123943498,72.80399318952733,72.8265206520387,73.43112429444103,74.29663051219465,74.48286974306887,74.77642919603966,76.09528764171105,76.86239079815165,77.44736135863819,77.43376875358291,77.36773197658464,77.14587853003508,,73.31011652414318,73.88303100592086,74.85861827375695,"rgba(0, 255, 255, 0.75)",3.044088095324816,74.85861827375695,1.6276862696427168,49.88235536403017,5.539640375516697,False,True,False,False,False,6.859623743959336,0.0,0.0,0.0,0.0,0,1.0159812730279698,0.8966125378953398,False,False,False,False,0.040195891904868816,0.045346334516963856,False,False,False,False,17781489,16040720.962353729,False,False,False,False,414779.9684287906,False,False,False,False
2024-11-22 00:00:00+00:00,80.4712417361,81.0493110971,80.1074567072,80.381541318,513467,,,,80.0230656066219,78.79872835926383,77.4845139533117,76.6681649115263,75.3280652613865,75.0414269269843,72.60944003395528,72.052861281454,71.39536095999507,70.98469228944164,70.49725780794098,71.29532949101491,72.11175777190502,73.16565778278463,73.89989483349576,74.57009682774394,75.69621305447723,76.41442095360414,77.37378782118535,77.46847892340821,77.4402492952697,77.0739840838054,,,,,79.35932519471005,79.44770324865644,77.98196078588943,76.68661037860772,76.01256873767204,73.36623126807415,72.27927382645497,71.48941115988498,71.12440921105211,70.51433210444834,69.82012673882694,70.00025804456737,70.15436749865053,70.72090621792418,71.80359452761184,72.82558532311583,72.84796779358231,73.44968435493595,74.31197814580801,74.49749964148714,74.79005484344289,76.10489384857358,76.86992209228738,77.45270604568289,77.43898164207313,77.37268780075225,77.15108690843277,,73.36623126807415,73.89989483349576,74.93240727496953,"rgba(0, 255, 255, 0.75)",3.056635467817466,74.93240727496953,1.8120690280039724,52.001054549551114,5.539640375516697,False,True,False,False,True,7.919365637425255,0.0,0.0,0.0,0.0,0,1.013555704741604,0.9054084924357257,False,False,False,False,0.12590985579998681,0.08562809515847533,False,False,False,False,18294956,16129122.336379074,False,False,False,False,418650.0480982498,False,False,False,False
2024-11-25 00:00:00+00:00,81.7469810155,82.8931530244,81.3383457776,81.3383457776,507402,,,,80.22023736201709,78.89155868216949,77.57730488461526,76.75550478044315,75.39903403062691,75.10482836454051,72.6751522038095,72.11746136971591,71.4579827218542,71.03799978403602,70.53621503499282,71.32900563271974,72.14083733935037,73.18893782097325,73.92009549540855,74.58767220404201,75.71007132490378,76.42598056596452,77.38281485424294,77.47604696920352,77.44764306670172,77.08135391270436,,,,,79.88041327567251,79.5374498277512,78.07396492889283,76.7781281026916,76.08989019790808,73.43186806399463,72.3443768450792,71.55260214275454,71.18607210236507,70.56479223990803,69.86770701856801,70.04333035284154,70.19577636366012,70.75833036163685,71.8343575248811,72.85079175467715,72.87301701376651,73.4716606285425,74.33058325770773,74.51533896387092,74.80683479637447,76.11743461171274,76.88026082734905,77.46043970354901,77.4465146842012,77.37980330928168,77.15841206964284,,73.43186806399463,73.92009549540855,75.0338310955423,"rgba(0, 255, 0, 1.0)",3.0802878838489494,75.0338310955423,2.179390424887604,55.5245079231276,5.539640375516697,False,True,True,False,True,9.92230452916214,0.0,0.0,0.0,0.0,0,1.0252822957705607,0.873851243446945,False,False,False,False,0.2452909803042978,0.16545953773138655,False,False,False,False,18802358,16233955.107501464,False,False,False,False,422130.5168002792,False,False,False,False
2024-11-26 00:00:00+00:00,80.8599435478,81.5875136056,80.3811426495,81.2685787857,287050,,,,80.25896577268664,78.9247401310633,77.6160419568242,76.79400426517921,75.43223033922723,75.1347967985253,72.70777790521237,72.14979053181142,71.489584481119,71.06506057096308,70.55612828463128,71.34609675597623,72.15546752187048,73.20048941605477,73.92999835854822,74.59617367048223,75.71657862304501,76.43126950867799,77.38674650759283,77.47932455161724,77.45085147908173,77.08462422607153,,,,,79.9873708888967,79.56493770798934,78.11071775183404,76.81837166519568,76.125129605616,73.46405989148994,72.37685617023186,71.5844538078689,71.2172881843024,70.59053807029856,69.89214335838699,70.06543165223381,70.21700078627065,70.77742386553227,71.84988849965806,72.86335966115176,72.88550279023522,73.48251740630592,74.33963193703174,74.52398172945982,74.81491108935255,76.12324198461943,76.88489386304997,77.46379234140805,77.44978362032577,77.38290502226123,77.16164840014191,,73.46405989148994,73.92999835854822,75.07063582481678,"rgba(0, 255, 255, 0.75)",3.0626744236802015,75.07063582481678,1.8902785350676024,55.79497258814661,-0.5642132193448361,False,True,True,False,True,8.160564077755371,0.0,0.0,0.0,0.0,0,1.0008997292330026,0.901300446740345,False,False,False,False,0.15476251506614772,0.16011102639876712,False,False,False,False,18515308,16323419.926815132,False,False,False,False,416833.24163164076,False,False,False,False
2024-11-27 00:00:00+00:00,81.3184123513,81.8117646508,80.879876974,81.0493110971,310600,,,,80.31803777679414,78.96622981027517,77.66180930479037,76.83875202261567,75.47024039758956,75.1690545876404,72.74446586984395,72.18606110197612,71.52495721427735,71.09533617563746,70.5784032954105,71.36527783808438,72.17195031155741,73.2135838248154,73.94128222598502,74.60591624090327,75.72413078654738,76.43747676242253,77.39146099454898,77.48326651342069,77.45470725805326,77.0885171636057,,,,,80.11991326004751,79.60165634767026,78.15482399791021,76.86512489534151,76.16575828212089,73.5004013192139,72.41332795137043,71.62011625411851,71.25219971222812,70.61930692438808,69.9194012866107,70.0901076118428,70.24071202626062,70.79880061620197,71.86735936253632,72.87757547016331,72.89962767774782,73.49484765821695,74.34997740615513,74.53387957584223,74.82418613383798,76.13002225222128,76.8903804723648,77.46782258952072,77.4537118741529,77.38662572989546,77.16550808680326,,73.5004013192139,73.94128222598502,75.11437866029249,"rgba(0, 255, 0, 1.0)",3.069881930747207,75.11437866029249,2.020935603050197,56.755697609991756,0.6082058647792294,False,False,True,False,True,8.883947942526849,0.0,0.0,0.0,0.0,0,1.0086562206581833,0.895489399234724,False,False,False,False,0.18334611930829112,0.1717285728535291,False,False,False,False,18825908,16421556.713998852,False,False,False,False,412667.2321558902,False,False,False,False
2024-11-29 00:00:00+00:00,81.3483124907,81.8865149992,80.9895108184,81.2287119332,216535,,,,80.35815890002043,78.99516638269925,77.69366293482616,76.86991715367208,75.49677005008591,75.19298840093451,72.77006998939083,72.21137425024308,71.54964580499569,71.11648394067036,70.59398069892806,71.37870190582153,72.18349561793421,73.22276774657726,73.94920424641634,74.61276353791958,75.7294506386284,76.44185782437442,77.39480043540172,77.48606074392958,77.45744017020294,77.09127247470396,,,,,80.20247614655634,79.62738453487688,78.18554034228313,76.89766222350262,76.19409597077038,73.52576805058673,72.43878124609572,71.64500607923175,71.27656752704951,70.63940525737364,69.93844588901952,70.10735550493496,70.25728862577601,70.8137529693793,71.87959275445893,72.88754129140258,72.90953008326224,73.50349891328067,74.3572452276418,74.54083514247591,74.83070739430316,76.13480339965602,76.89425879065064,77.47067910291341,77.45649605553719,77.3892623137243,77.16824065624687,,73.52576805058673,73.94920424641634,75.14434625929326,"rgba(0, 255, 0, 1.0)",3.0732273284838376,75.14434625929326,2.018713739106126,57.448962283391836,1.5614719071233338,False,False,True,False,True,8.931532673838394,0.0,0.0,0.0,0.0,0,1.0187131438682517,0.8837882385176558,False,False,False,False,0.19008394029127842,0.18090625657240378,False,False,False,False,19042443,16524336.568351839,False,False,False,False,404975.7720713455,False,False,False,False
2024-12-02 00:00:00+00:00,81.4380129088,82.0459824091,80.1622736293,81.2287119332,359113,,,,80.40747654172549,79.0379597147045,77.7426337603731,76.91852114846884,75.53883218520625,75.23106110590908,72.81126138625775,72.25217676785928,71.58952486862384,71.15071285785491,70.61925795918484,71.40045993235927,72.202180826978,73.23759606196056,73.96196709625752,74.6237679661902,75.73795281105141,76.44882535599149,77.40006119337835,77.49045883988306,77.4617435978529,77.09563066206852,,,,,80.29980043558756,79.66402887109575,78.23225229678091,76.94834655862367,76.23871124315752,73.56646100491514,72.4797781649702,71.68519758100337,71.3159599118782,70.67197933773116,69.9693633621184,70.1353589496304,70.28419871707408,70.83800870755921,71.89940335477172,72.90364528719645,72.92553083430644,73.51745624670811,74.36893712533411,74.55201683543697,74.8411781572275,76.14242459422367,76.90040219174021,77.47517598359276,77.460880119875,77.3934180614442,77.17255913491941,,73.56646100491514,73.96196709625752,75.18913378713633,"rgba(0, 255, 0, 1.0)",3.09122948634095,75.18913378713633,2.021486644480866,58.082482996694615,2.486297133202804,False,False,True,False,True,9.076775379177533,0.0,0.0,0.0,0.0,0,0.9981596349911479,0.8823075829880571,False,False,False,False,0.1635056854782167,0.17220597102531024,False,False,False,False,19401556,16637168.702926278,False,False,False,False,403177.23199011624,False,False,False,False
2024-12-03 00:00:00+00:00,79.3151030141,81.2486453595,79.2612827632,81.1689116545,523898,,,,80.37141019581762,79.06267570878637,77.78635628082748,76.96705876926417,75.58557461359372,75.27410860745755,72.86163926789858,72.30267790979428,71.6394956344875,71.1939669702312,70.65151210497653,71.42793288604369,72.2254690880906,73.25569202693879,73.97725061984416,74.63666679939479,75.74743580152676,76.45624713571415,77.40515647496888,77.49466883092637,77.46587969208198,77.10001152799356,,,,,80.25577396439817,79.67307113191555,78.26985405386657,76.99874430639709,76.28609582952029,73.61530182298631,72.53028362472998,71.73547364473754,71.3655486193784,70.71344457295751,70.00909068103952,70.17129250735357,70.31867375859314,70.86887386718188,71.92422306916265,72.92344425205258,72.94519381949488,73.5343735298953,74.38276265786159,74.565156975507,74.85335198719483,76.15072063305055,76.90669695732124,77.47948944580475,77.4650939938782,77.397449476747,77.17686300891916,,73.61530182298631,73.97725061984416,75.2244277764523,"rgba(38, 166, 154, 1.0)",3.074494358135143,75.2244277764523,1.3305196761294207,53.65138929039723,2.486297133202804,False,True,True,False,False,4.838182005015579,0.0,0.0,0.0,0.0,0,0.981304286975681,0.8961261536872269,False,False,False,False,0.09684266970272394,0.1345243203640171,False,False,False,False,18877658,16725031.028301718,False,False,False,False,407911.3797552097,False,False,False,False
2024-12-04 00:00:00+00:00,78.4878658251,79.9430059407,78.2187645708,79.3649365797,333462,,,,80.30151125732743,79.05960508672752,77.80006380271334,76.98644226876368,75.60770839392133,75.29497995056673,72.88859716163228,72.3300717025,71.66697634334876,71.21797277242943,70.66960011190457,71.44316502478122,72.23819591166203,73.26534394549937,73.98521883711255,74.64321278305603,75.75193186717723,76.45952509881792,77.40704010174878,77.49618512598356,77.46738269885866,77.10175691806855,,,,,80.15616612604771,79.65703052207947,78.27832307998499,77.01872522283918,76.30707824247942,73.6408649167887,72.55753544831177,71.76307018405778,71.39295702639602,70.73663950499646,70.03153562208075,70.19156447772951,70.33808972237104,70.88613157769622,71.9378661177791,72.93409654932894,72.95576729955255,73.54332391937116,74.38985816323759,74.57184738935321,74.8594648532313,76.15451315286901,76.90929742750367,77.48105022856052,77.46662555050405,77.39894407998872,77.17854939175577,,73.6408649167887,73.98521883711255,75.23311595069559,"rgba(38, 166, 154, 1.0)",3.0569920972117415,75.23311595069559,1.064690313518652,49.27672497113287,5.101205588910041,False,True,False,False,False,3.2692316850421577,0.0,0.0,0.0,0.0,0,0.9632450775221792,0.9162764540875703,False,False,False,False,0.005947137665375988,0.07023572901469655,False,False,False,False,18544196,16796370.831113413,False,False,False,False,404991.7962353976,False,False,False,False
2024-12-05 00:00:00+00:00,77.9396966034,78.7370336531,77.2121265456,78.0393637346,530573,,,,80.13889774036008,79.03054125445408,77.80323956260251,77.00191058161117,75.63259547126508,75.31930497958496,72.9244871291744,72.36713578658153,71.7047522349192,71.25131233983878,70.69501050681002,71.4642911407306,72.25555511876112,73.27812858952896,73.99547182918496,74.65133506534545,75.75696443315488,76.46274905727745,77.40816504165127,77.49699472400819,77.46821745665116,77.10309603020234,,,,,79.92913553397796,79.60400409259329,78.27154351548617,77.03439043583978,76.32809389915033,73.67398009274108,72.59417882396168,71.80092389478891,71.43084947919682,70.76913637394854,70.06332620058537,70.22023096811999,70.3654942360396,70.91029547919396,71.95660202479111,72.94835750310003,72.96991351120143,73.55505970688125,74.39879909129712,74.58018680235375,74.8669371956887,76.15849801878579,76.91149853216238,77.4819012706893,77.46747696582023,77.39984537325637,77.17978091856651,,73.67398009274108,73.99547182918496,75.23052066110382,"rgba(38, 166, 154, 0.5)",3.010810596038209,75.23052066110382,0.8998161311977091,45.484084917304486,1.6133703510775987,False,True,False,True,False,2.242834909421621,0.0,0.0,0.0,0.0,0,0.9509754454038172,0.939787482536664,False,False,False,False,-0.07958498527606676,-0.004674628130685109,False,False,False,False,18013623,16844106.210285436,False,False,False,False,409916.5493242055,False,False,False,False
2024-12-06 00:00:00+00:00,78.72706694,78.8865343499,77.7702624804,78.56759953,427832,,,,80.04982714122796,79.01863063995899,77.81342474350053,77.02031617560688,75.65649377773299,75.34223596806993,72.95588566419266,72.39929948286961,71.73728400852738,71.27993524433356,70.71676789983572,71.48252559468233,72.27069189741361,73.2894782401061,74.00473462669257,74.65883687130824,75.76191878818024,76.46619888529334,77.40988066612574,77.49834151251643,77.46956447822603,77.1047968579256,,,,,79.8160530046874,79.5758721369516,78.27477657486571,77.05322733149484,76.3497037706506,73.70337540640588,72.62607591259687,71.83355398051297,71.46339439206652,70.79692894480918,70.09038124716241,70.24467073831678,70.38888911535018,70.93102870656732,71.97287167753045,72.96093511133392,72.98239503032308,73.56554241371954,74.40697965126895,74.5878677885688,74.87390206528997,76.16258235314987,76.91410475878527,77.48329396751456,77.46884975984601,77.40121135869992,77.18140125176244,,73.70337540640588,74.00473462669257,75.23831471505311,"rgba(38, 166, 154, 1.0)",2.9734609983043416,75.23831471505311,1.1732967834238968,44.87981377392116,1.1008672187019215,False,True,False,True,False,3.614885716505764,0.0,0.0,0.0,0.0,1,0.9431204663141013,0.951953220808475,False,False,False,False,-0.05216340266447226,-0.028419015397578684,False,False,False,False,18441455,16906747.339293852,False,False,False,False,410619.1160173739,False,False,False,False
2024-12-09 00:00:00+00:00,78.2885315627,80.0127729325,78.0094635953,79.225402596,373490,,,,79.99314625877565,79.01417530438701,77.82618099757984,77.03937322309645,75.67929096176141,75.36393846982433,72.9845283795252,72.42851856929411,71.76672189522773,71.30580447568025,70.7364161032133,71.49906775372304,72.28450230686568,73.29993522405047,74.01334797097367,74.6658918843892,75.76672238665772,76.46966569377902,77.41181259199479,77.49989041737116,77.47110284736999,77.10661557179722,,,,,79.75015083513132,79.55892249076743,78.28203869790016,77.07278978929666,76.37092244137197,73.73039080507606,72.65509877376753,71.86309500430434,71.49280376617727,70.8219991850557,70.11472423402383,70.26668586633899,70.40997965658947,70.94977442489663,71.98768158129312,72.972482466272,72.99385673753575,73.5752323058678,74.41463643726502,74.5950812282347,74.88048201571884,76.16661373561796,76.91682571447174,77.4848896080794,77.4704172210937,77.40274769140157,77.18315309061757,,73.73039080507606,74.01334797097367,75.24999451620002,"rgba(38, 166, 154, 1.0)",2.91750994735024,75.24999451620002,1.0414830116550802,43.69263307321838,-0.09646101165311194,False,True,False,True,False,2.7812641693485816,0.0,0.0,0.0,0.0,1,0.9460973379788824,0.9447881643850955,False,False,False,False,0.0005637237226095088,-0.013927645837484588,False,False,False,False,18067965,16952285.286772527,False,False,False,False,409163.0722519867,False,False,False,False
2024-12-10 00:00:00+00:00,79.1058020385,79.3400197969,77.7503290541,78.2287312839,461783,,,,79.92766423279822,79.00805395699331,77.84087066648082,77.06186154304388,75.70667727979335,75.39009774385491,73.01932314703214,72.46406116872141,71.80258323716325,71.33738074669637,70.76046209200362,71.51931002068417,72.3013964595922,73.31271928661621,74.02386936991971,74.67450041242806,75.77256510984954,76.47386671439551,77.41412668548472,77.50174283726425,77.47294407538057,77.108807230415,,,,,79.67656094536854,79.53795835529365,78.29004848481983,77.09583838010685,76.39623875529772,73.76314675789395,72.69038392536116,71.89907336889537,71.52865064693748,70.85263095504123,70.14450175724684,70.2936270874917,70.43579120988943,70.97271542181818,72.00580091970481,72.98660263810449,73.00787206752878,73.58707537678498,74.42398350041503,74.60388429860747,74.88850719856161,76.17150804781217,76.92010977385868,77.4867985180961,77.47229320751757,77.40458951620357,77.18526171813265,,73.76314675789395,74.02386936991971,75.26445521487967,"rgba(38, 166, 154, 1.0)",2.904290826221436,75.26445521487967,1.3226453731625862,44.84681323565704,-0.09646101165311194,False,True,False,True,False,4.208772615652261,0.0,0.0,0.0,0.0,1,0.9519279675312783,0.9449399017493366,False,False,False,False,-0.03540410805139273,-0.024665876944438656,False,False,False,False,18529748,17014146.569644194,False,False,False,False,411226.5988303402,False,False,False,False
2024-12-11 00:00:00+00:00,79.9230725144,80.13237349,78.6074663825,78.7470003662,608290,,,,79.90376184218681,79.02323254058275,77.87670565134869,77.10473081206634,75.7516143457863,75.43226967978867,73.07102436822198,72.51633512016494,71.85480125246647,71.38314725758286,70.79516165858107,71.5488222452181,72.32634414782484,73.33200888902327,74.04006542352562,74.68807136144856,75.78235507488179,76.48138315973448,77.41905671715563,77.50579962264527,77.47693980406137,77.11314306339847,,,,,79.66593238684467,79.5384866174091,78.31901124389336,77.14001493335508,76.44022165059394,73.81267851353603,72.74248444977938,71.95152941909073,71.58066073027969,70.89679395319476,70.187139766815,70.33228783431723,70.47289418706924,71.00590967899953,72.03242044952665,73.00774414660063,73.02886680714447,73.60507303920305,74.43857271682822,74.61772158848018,74.90127821728645,76.17998791213854,76.9263725577575,77.49095865602018,77.47636328372613,77.40850590751225,77.18950248821174,,73.81267851353603,74.04006542352562,75.30027183840863,"rgba(0, 255, 255, 0.75)",2.898226930987682,75.30027183840863,1.5950444137291813,47.35350672188568,-0.09646101165311194,False,True,False,True,True,5.6083911524413175,0.0,0.0,0.0,0.0,1,0.971554354319621,0.9276027990441202,False,False,False,False,0.028257010520909297,0.001795566788235321,False,False,False,False,19138038,17097436.42965815,False,False,False,False,418954.5753467975,False,False,False,False
2024-12-12 00:00:00+00:00,73.9530113552,76.7038241765,73.3550085679,76.4945232009,2471674,,,,78.82347069987733,78.58164998700933,77.62558969803959,76.94572811920347,75.70263849493105,75.40216619937567,73.1208444354575,72.57899470455334,71.92982158770222,71.45590198976383,70.85631784448125,71.59472801018298,72.35865723932561,73.34861017956327,74.04748043921471,74.68787630089503,75.77078252561776,76.46360614454609,77.39356958999983,77.48321182240021,77.45521816230155,77.09567245509072,,,,,78.36196426972835,78.9734469792361,78.00831704360908,76.97198210550599,76.34544238438413,73.84149340170956,72.80017363557815,72.02518638237858,71.65993855031314,70.97304617890298,70.2681963408158,70.40465224694272,70.54116845788644,71.06261737178183,72.06968946471251,73.02921344440034,73.04998564234809,73.61797347264445,74.44122332211991,74.61831558494279,74.89874101204036,76.16476881140868,76.90478928835181,77.46808649178634,77.45425206364743,77.38838725496103,77.1713132817923,,73.84149340170956,74.04748043921471,75.10638984236297,#000000,2.899301324174777,75.10638984236297,-0.39781256178719254,41.30730176282937,-2.2635870982281006,False,True,False,True,False,0.0,0.0,0.0,0.0,0.0,0,0.923354456463235,0.9309252551936175,False,False,False,False,-0.31686710760362274,-0.1575357704076937,False,False,False,False,16666364,17080531.628495082,False,False,False,False,499453.37631358975,False,False,False,False
2024-12-13 00:00:00+00:00,72.2586701247,73.977928138,71.5311000669,73.7536770928,1595206,,,,78.09053040896761,78.21339805904455,77.38325048939276,76.76949314218626,75.61418786022443,75.3321974324432,73.110368992902,72.57918335255096,71.94096845490543,71.47186162009211,70.8737889345942,71.60407761862088,72.36069036010251,73.34258027993657,74.03649629458421,74.67285001022032,75.7495509582994,76.43921231812578,77.36498698165245,77.45817651724158,77.43103088812536,77.07496497089743,,,,,77.5296405996162,78.52850956840865,77.72599415579016,76.78760411182562,76.21993961895025,73.81492478807118,72.79617752013152,72.03487817741885,71.67507576839738,70.99385088100802,70.29496600956341,70.42791955111326,70.56244385416898,71.0777126965462,72.0743835052419,73.0255775209418,73.04619191213494,73.60999747357097,74.4276697793598,74.60371488273407,74.88246119236076,76.14165124795734,76.87830346113036,77.44268370209456,77.42963304053181,77.36573464534465,77.15005765515524,,73.81492478807118,74.03649629458421,74.93060175011635,"rgba(239, 83, 80, 0.5)",2.9192032584793886,74.93060175011635,-0.9152948215083031,36.09541902153871,-6.996938788247327,False,True,False,True,False,0.0,0.0,0.0,0.0,0.0,0,0.9056759236480612,0.9600739646970641,False,False,False,False,-0.34282825441539394,-0.2501820124115438,False,False,False,False,15071158,17001732.662671745,False,False,False,False,542424.067438547,False,False,False,False
2024-12-16 00:00:00+00:00,72.8267727725,74.6058310646,72.4380709608,72.7370723545,980250,,,,77.76710039923847,78.03425082239639,77.2657021415679,76.68510159872888,75.57431309180359,75.30145581090495,73.11252076157663,72.5871441998651,71.95483994390355,71.48746163186459,70.88866732141749,71.61376263637406,72.36569979514927,73.34232605417208,74.03305797497745,74.66679338085717,75.73950706184645,76.4270758473805,77.35014452052025,77.44511569644604,77.41842142591508,77.0643082073078,,,,,77.18460106507602,78.3133856862536,77.58839251758819,76.69947064924818,76.16099795271691,73.80817205367596,72.80186263858171,72.0479944864302,71.69108240475695,71.01187320725558,70.31604493001333,70.44653103204585,70.57974600836025,71.09107519591937,72.08109651965746,73.02691463684732,73.04742041236554,73.60848120468894,74.42257745809655,74.59793252848219,74.87559397923488,76.13036729970361,76.86482240385294,77.42944023461435,77.41680098649066,77.35394779769281,77.1390862176587,,73.80817205367596,74.03305797497745,74.85388615317167,"rgba(239, 83, 80, 0.5)",2.934134722656317,74.85388615317167,-0.6908726327455416,33.681654128306285,-9.06912232672228,False,True,False,True,False,0.0,0.0,0.0,0.0,0.0,0,0.9179212466227596,0.9514804619652658,False,False,False,False,-0.28972359666161807,-0.26995280453658094,False,False,False,False,16051408,16964465.02884148,False,False,False,False,559593.7118527216,False,False,False,False
2024-12-17 00:00:00+00:00,71.2320986732,73.4098254901,71.0427311239,72.866639625,804635,,,,77.45935114847201,77.85618998632381,77.14200626157374,76.59158981385352,75.52321115568733,75.25987218515127,73.10067927984642,72.58084011568607,71.95433821939534,71.49031071233102,70.89372725910592,71.61508186389027,72.36362622689707,73.33657968064149,74.0250020579017,74.65686202181996,75.72666164020386,76.41278296006648,77.33388212356259,77.43087585249478,77.40464911709152,77.05238780780908,,,,,76.85333935552958,78.1040726020879,77.44701627081582,76.60210084751925,76.09169080700785,73.78817126804591,72.7933757883177,72.04669251040183,71.69272693095596,71.01752528363991,70.3251129544175,70.45422038773367,70.58655792141278,71.09504043824774,72.08025639216157,73.02223918254859,73.04267742428439,73.6018373748214,74.4133224104018,74.58819996739186,74.86507872331856,76.11665357540166,76.84954190049737,77.41498897511647,77.40278556746901,77.3410187629477,77.12687878520853,,73.78817126804591,74.0250020579017,74.7697550271321,"rgba(239, 83, 80, 1.0)",2.9964863651272267,74.7697550271321,-1.1806015188665484,30.94940098699195,-11.537845752816935,False,True,False,True,False,0.0,0.0,0.0,0.0,0.0,0,0.9002359678415198,0.9670979799822291,False,False,False,False,-0.34282825441539394,-0.30639052947598744,False,False,False,False,15246773,16897104.55712221,False,False,False,False,569203.1741330071,False,False,False,False
2024-12-18 00:00:00+00:00,66.9663454576,71.461333075,66.9563787445,71.2320986732,999801,,,,76.90923124693691,77.52939665919459,76.90050015713418,76.39905006414243,75.40341029909327,75.15829500153724,73.04528794440276,72.53474821840152,71.91839144409388,71.46421859619355,70.87862321879918,71.59679925179613,72.34238740001697,73.312648428837,73.99907709301887,74.6294025381442,75.69662411058235,76.38174642554696,77.30113858916354,77.4023725015684,77.37702690925623,77.02784262336843,,,,,76.24747581998577,77.7285584933541,77.17807080972213,76.40213927636538,75.94070902038567,73.71986749196374,72.74358659774084,72.00920544646428,71.66064946198938,70.99735528551447,70.31190635795754,70.44116009659616,70.572967690051,71.0789953748353,72.06008189472081,72.99895253751602,73.0193703122668,73.57719165141872,74.38636622354066,74.56091103610952,74.83713088960606,76.08597849218086,76.81761816967847,77.3860335240376,77.37467493821,77.31496423892756,77.10188682954904,,73.71986749196374,73.99907709301887,74.59450736673081,"rgba(255, 26, 202, 1.0)",3.177062279443877,74.59450736673081,-2.4010111348733356,26.95552611926349,-15.224578558781893,False,True,False,True,False,0.0,0.0,0.0,0.0,0.0,0,0.8626458555390818,0.9870614947970365,False,False,False,False,-0.34282825441539394,-0.3246093919456907,False,False,False,False,14246972,16793177.79017624,False,False,False,False,586089.3633826931,False,False,False,False
2024-12-19 00:00:00+00:00,66.8965784658,68.8101873849,66.8766450395,67.2354467119,1398086,,,,76.1703518437553,77.06547303403308,76.54951797737034,76.11468707892,75.22091025665426,75.00213335635385,72.9546818806723,72.45761665331244,71.8561039548883,71.41736563656525,70.84977764478795,71.56407912827699,72.30602110819932,73.27321071988099,73.95718348074992,74.58565955056717,75.64966864010786,76.33368230819241,77.25096146689272,77.35868679082044,77.33467125609643,76.99003887590494,,,,,75.44789807685731,77.20175239036674,76.79039656438533,76.10744502589039,75.71419576271484,73.61079522913423,72.66108550357582,71.94462790435007,71.60406526322966,70.95948980055967,70.28458991058474,70.41470395886151,70.54597845151089,71.0489977137366,72.02502365372155,72.96016727031885,72.98057892750933,73.53690443258215,74.34320344598561,74.51737784586598,74.79279343890188,76.03829168385096,76.76844053526494,77.34165318764066,77.33157497222527,77.27497112267349,77.06342987982012,,73.61079522913423,73.95718348074992,74.34252965967946,"rgba(255, 26, 202, 1.0)",3.353208874348676,74.34252965967946,-2.2205449982073504,24.26398801692478,-17.6957480353109,False,True,False,True,False,0.0,0.0,0.0,0.0,0.0,0,0.8665625477061355,1.0206536139118707,False,False,False,False,-0.34282825441539394,-0.33371882318054236,False,False,False,False,12848886,16638499.680757564,False,False,False,False,617932.3687402346,False,False,False,False
2024-12-20 00:00:00+00:00,67.2952469906,68.5012192782,66.1291415555,66.1291415555,1937416,,,,75.29832666023674,76.47618925423299,76.0936322124397,75.74015551865561,74.97473300124707,74.7899579616012,72.82905429614361,72.3499938016528,71.76842582296486,71.3506944037774,70.808030910412,71.51718062648682,72.25425344360539,73.21738786189839,73.89806794591618,74.52406961437322,75.58375198213226,76.26629584349477,77.18072455540623,77.29744774203138,77.27527603154554,76.93694395887766,,,,67.30853594143333,74.53022438411399,76.54101935991207,76.29038247928558,75.72035265796639,75.41185308661942,73.46062275133774,72.54627721741811,71.8538622204251,71.5240838651098,70.90509636111628,70.24466870525644,70.37610143891365,70.5066986319596,71.00571911066278,71.97500284132312,72.90518717460101,72.92559484344858,73.47994974053512,74.28238465333794,74.45606966174118,74.73040621428267,75.97140069294248,76.69954960365907,77.27944957649098,77.27114661062905,77.21885275067692,77.00943178042336,,73.46062275133774,73.89806794591618,73.84291884482869,"rgba(255, 0, 0, 1.0)",3.515493523506285,73.84291884482869,-1.8625185369985153,23.2262141823573,-18.71734761429003,False,True,False,True,False,0.0,0.0,0.0,0.0,0.0,0,0.865338292053416,1.0167397584249682,False,False,False,False,-0.34282825441539394,-0.3382735387979682,False,False,False,False,14786302,16565864.4775906,False,False,False,False,669676.8248680686,False,False,False,False
2024-12-23 00:00:00+00:00,68.5211527044,69.2487227622,67.494581253,69.2387560491,848687,,,,75.01414778200893,76.26858101510055,75.93134131275178,75.60629811584087,74.88661933265233,74.71394102238857,72.78650971736414,72.31435124230433,71.74039523649172,71.33002065100466,70.79576995418586,71.50230773994237,72.23694021664517,73.19780647430689,73.87682012635787,74.5015281931973,75.55904359091875,76.24072132922004,77.15370226036623,77.27381912555013,77.25235963514018,76.91653594264295,,,,67.64755638832104,74.24272429246288,76.3102272746009,76.11271453430693,75.58235360179901,75.30341974920057,73.4085674166737,72.50788195016415,71.8246758199024,71.49898265716419,70.88899275018653,70.234018123632,70.36551819201884,70.49567460112353,70.99268717845395,71.95857039674381,72.88616122903939,72.90654941362956,73.45976782563848,74.26027196858695,74.43367162096078,74.7074529880093,75.94614397037932,76.67322598889065,77.25545791013693,77.24783634360796,77.19720699693156,76.9886578778003,,73.4085674166737,73.87682012635787,73.75156545562517,"rgba(239, 83, 80, 1.0)",3.6137462706635675,73.75156545562517,-1.4473657970084184,24.80683145960426,-18.71734761429003,False,True,False,True,False,0.0,0.0,0.0,0.0,0.0,0,0.8751587273734467,1.0134778678812317,False,False,False,False,-0.2945595459535025,-0.31641654237573535,False,False,False,False,15634989,16529359.556900773,False,False,False,False,676696.8317359874,False,False,False,False
2024-12-24 00:00:00+00:00,70.0161596725,70.2752942137,69.228789336,70.2752942137,468635,,,,74.89871654158975,76.17837109563087,75.86101332614726,75.54864480437509,74.849426872961,74.682026951136,72.7708883313267,72.30201720755383,71.73164755411926,71.32423655417543,70.79306644370767,71.49790965224773,72.23097655127667,73.19025333582834,73.86819047652412,74.49203984633196,75.54817002726189,76.22921983036278,77.14126466865423,77.26290775406747,77.24178085178589,76.90718358035959,,,,67.96324809871504,74.13120633811614,76.21024396088124,76.03547294939924,75.52302268950379,75.25702124015072,73.38832744038329,72.49423958387577,71.81540089946154,71.4916046170439,70.88525066501406,70.23275146857698,70.36395191381598,70.49376630474153,70.9894865336497,71.95317467367751,72.87904054644747,72.89940618316093,73.45181088501353,74.25108226344368,74.42427627102175,74.69769413532667,75.93488543582112,76.661248586753,77.24438408003624,77.23707755944041,77.18722480991866,76.97912210653344,,73.38832744038329,73.86819047652412,73.72283885282731,"rgba(239, 83, 80, 1.0)",3.651754568893687,73.72283885282731,-1.0150406086710986,28.356005499210205,-18.71734761429003,False,True,False,True,True,0.0,0.0,0.0,0.0,0.0,0,0.8790008151768453,1.003146552029521,False,False,False,False,-0.23340973313905627,-0.2749131377573958,False,False,False,False,16103624,16512664.044865448,False,False,False,False,668537.5442169291,False,False,False,False
2024-12-26 00:00:00+00:00,69.0194883605,70.056026525,68.7503871062,70.0360930988,443434,,,,74.78246108794691,76.08791194023956,75.78984295895292,75.48985023726344,74.81082447155276,74.64873377102857,72.75343956097288,72.28780765571263,71.72099474851126,71.31673766132414,70.78901462868428,71.49235898713214,72.22403429621431,73.18193800301188,73.85891865247989,74.48201154161022,75.53690494059798,76.21741615856892,77.1286274420949,77.25182927136404,77.23103703378142,76.8976514761408,,,,68.12057142418239,74.0175458352178,76.110302354186,75.9576115488773,75.46253209462219,75.20933531111866,73.36637123924673,72.4787390399722,71.80421767089226,71.48231666123183,70.87983417671687,70.22984729246154,70.36088989433142,70.49041954752447,70.98499422992789,71.94673650443615,72.87108686066945,72.89143550887025,73.44314165473207,74.24131298220087,74.41433055416353,74.68742659559253,75.92328685191085,76.64901868989314,77.23313922081029,77.22615097528903,77.17708016879956,76.96941054892724,,73.36637123924673,73.85891865247989,73.68490736365263,"rgba(239, 83, 80, 1.0)",3.7265425301104673,73.68490736365263,-1.25194304518358,29.88518607895397,-18.71734761429003,False,True,False,True,True,0.0,0.0,0.0,0.0,0.0,0,0.8649503014980412,1.0114070065856113,False,False,False,False,-0.24868489123706747,-0.26179901449723164,False,False,False,False,15660190,16479233.690164842,False,False,False,False,659709.9542476378,False,False,False,False
2024-12-27 00:00:00+00:00,67.6839488023,69.0394217867,67.1407629372,68.5410861307,1152812,,,,74.4342164186367,75.81996281405395,75.57573191405703,75.31062296445451,74.68957061510459,74.54326103019699,72.6919642528399,72.23555985596992,71.67900457301658,71.28505025222577,70.76947946732001,71.4695389937538,72.19812304153363,73.15323267829288,73.82809408656887,74.44955318791344,75.5016703044329,76.18111445697548,77.09047046474134,77.21842682269978,77.19862713681636,76.86870744410658,,,,68.08115556852933,73.66977744790154,75.81578245309755,75.72494807610529,75.27819473311007,75.06203630770185,73.2922965231819,72.42280375385131,71.76065562273929,71.44429821585055,70.85447138785663,70.21204679600724,70.34342313015702,70.47244120786948,70.96448850787208,71.9219400830678,72.84303867414255,72.86336912260903,73.41368337562511,74.20938763336058,74.38205480913837,74.65444569906384,75.88736935547847,76.61175245296124,77.19922675973821,77.19318967295536,77.14644069458889,76.9399634539633,,73.2922965231819,73.82809408656887,73.54084466963124,"rgba(255, 0, 0, 1.0)",3.8564971370028776,73.54084466963124,-1.5187087295189858,29.86670649195766,-18.71734761429003,False,True,False,True,True,0.0,0.0,0.0,0.0,0.0,0,0.8421809936420865,1.0388228928273484,False,False,False,False,-0.3072854192765521,-0.28454221688689185,False,False,False,False,14507378,16401906.016040731,False,False,False,False,679047.2893751814,False,False,False,False
2024-12-30 00:00:00+00:00,68.2121845977,68.4414189995,66.7869446214,67.8733163516,472794,,,,74.29856216782613,75.71322570193003,75.48970156321872,75.23819538140495,74.64005619585889,74.50005267325918,72.66646696949267,72.2137996111722,71.66141030240894,71.27168291174273,70.76114731356013,71.45989235821789,72.18723640070907,73.14123365817832,73.81524343672616,74.43604707555285,75.48704571927054,76.1660644326279,77.07467261838617,77.2045892902576,77.18519847661473,76.85670378337437,,,,68.05738704405059,73.53517595320221,75.69899379310976,75.63172964409684,75.20377763351915,75.00217499471877,73.26171172281126,72.399549027578,71.74242135777854,71.42832057600816,70.84369595433736,70.20437508622966,70.33591362052398,70.46473201613325,70.95576790869066,71.9115005878298,72.83129821735255,72.8516220841521,73.401382989992,74.19609443999265,74.36862213318652,74.64072964602316,75.87247171158202,76.59631317941512,77.18517874287205,77.17953360672352,77.13374142640137,76.92775319148897,,73.26171172281126,73.81524343672616,73.4827197612594,"rgba(239, 83, 80, 1.0)",3.970693583804462,73.4827197612594,-1.3273588234198408,30.778263162636648,-18.71734761429003,False,True,False,True,True,0.0,0.0,0.0,0.0,0.0,0,0.8410521719153912,1.04606144440685,False,False,False,False,-0.3290194491953083,-0.30678083304110004,False,False,False,False,14980172,16346151.74090188,False,False,False,False,670958.9250859587,False,False,False,False
2024-12-31 00:00:00+00:00,67.494581253,68.7902539587,67.1357795807,68.6008864094,917722,,,,74.05025532406614,75.51379328087903,75.32790011628343,75.10140764863075,74.54586151700113,74.41766506001908,72.617661578283,72.1721042899475,71.62765373001788,71.24597845548927,70.74507128685242,71.4412783595284,72.16622646925585,73.11806723111883,73.79042819458408,74.4099610497699,75.45879229341415,76.13698229440497,77.04413921771516,77.17782676930666,77.15922361158991,76.83347749856478,,,,68.02055238304443,73.29052947472357,75.48157919754564,75.4567685581093,75.06335820318454,74.88865336724258,73.20323778365716,72.35500903061727,71.7074450926788,71.39764871889334,70.82295127575821,70.18958204949975,70.32142566258777,70.44985770694484,70.93894223522182,71.89135497139456,72.80863505208215,72.82894579628808,73.37763256223123,74.17042193431229,74.34267841809992,74.61423657793259,75.84368712989931,76.56647619514608,77.158011123722,77.1531208073829,77.10917225583947,76.90412813401849,,73.20323778365716,73.79042819458408,73.3742531405157,"rgba(239, 83, 80, 1.0)",4.112597985156223,73.3742531405157,-1.4296733861995388,30.780291945941563,-18.71734761429003,False,True,False,True,True,0.0,0.0,0.0,0.0,0.0,0,0.8491605067424896,1.0365082224334412,False,False,False,False,-0.3130604887596062,-0.3099206609003531,False,False,False,False,14062450,16256594.80988612,False,False,False,False,680635.908415921,False,False,False,False
2025-01-02 00:00:00+00:00,68.899887803,69.4231402418,67.9131832041,68.3816187207,436066,,,,73.9555612473809,75.4336307193734,75.26268195909262,75.046298427796,74.50811549436204,74.38468177279682,72.59927057277274,72.15676799177362,71.61570958168936,71.23719467416385,70.73991419232273,71.43476690409629,72.15844794250431,73.10906254794506,73.78054688242558,74.3993893654438,75.44707777519771,76.1247833311334,77.03116825697317,77.16643186123261,77.14816524320558,76.82362614038996,,,,68.06788745034635,73.20012814727416,75.39454270379905,75.38621366622687,75.00687818859751,74.84294190569196,73.18064660898013,72.33845177533314,71.69498933617504,71.38701786471235,70.81622969043278,70.1853603378186,70.31714733622417,70.44533729864763,70.93338704185217,71.88403535906237,72.79994511011377,72.82024249974481,73.36830721136896,74.16008399160235,74.33218263089972,74.60344562353691,75.83167052402068,76.55388111080494,77.14644730039991,77.14187761867794,77.09871652472835,76.89409895893667,,73.18064660898013,73.78054688242558,73.3349805044169,"rgba(239, 83, 80, 1.0)",4.204865515066368,73.3349805044169,-1.0547525683105954,33.25476804946954,-23.340637874096565,False,True,False,True,True,0.0,0.0,0.0,0.0,0.0,0,0.8363677880395987,1.0423047421499867,False,False,False,False,-0.2812574031042237,-0.29558903200228837,False,False,False,False,14498516,16187650.542831764,False,False,False,False,671044.9316152966,False,False,False,False
2025-01-03 00:00:00+00:00,68.6806201144,69.5975577215,68.2620181633,69.3184897541,698711,,,,73.8135021682807,75.31095796271903,75.16241824318304,74.96135010509987,74.4496940936126,74.3335601747365,72.57092930690385,72.13320018453597,71.59744481419189,71.22381543363792,70.73212317588867,71.42478952801649,72.1464256922843,73.09504460776812,73.76511145250818,74.38283442270327,75.42867505073391,76.1055878388964,77.01072227108742,77.14845672775652,77.13071977428471,76.80808855830817,,,,68.14166277819083,73.06567291586475,75.26173291855892,75.27788326212263,74.91988645408259,74.7722935894168,73.14573833646438,72.31297566769237,71.67592651579537,71.37080715001508,70.80607244360958,70.17911948909266,70.31077920369442,70.43857277268212,70.92495386541589,71.87275420421433,72.78644444361251,72.80671910032775,73.35376897742805,74.14390979094031,74.31575052795877,74.58653535569539,75.81277495449024,76.53404508361979,77.1282073398491,77.12414180069307,77.08222020345742,76.87827964861789,,73.14573833646438,73.76511145250818,73.27507260375526,"rgba(239, 83, 80, 1.0)",4.301701809159786,73.27507260375526,-1.0680546195861627,34.67436674186477,-21.659199538506567,False,True,False,True,True,0.0,0.0,0.0,0.0,0.0,0,0.8461122563804332,1.0376918289384771,False,False,False,False,-0.26960037041367113,-0.28259470120797975,False,False,False,False,13799805,16094009.541152086,False,False,False,False,672129.8754735204,False,False,False,False
2025-01-06 00:00:00+00:00,68.6008864094,70.1457269431,68.5410861307,69.0593552129,680891,,,,73.68904001189244,75.20017292566003,75.07141885449406,74.88406173051297,74.39639183787192,74.28686377109851,72.5455401715687,72.11227105031242,71.58146762655362,71.21227235582803,70.72558756600674,71.41607293807733,72.13567209556136,73.08226861778037,73.7509196542847,74.36751823126231,75.41151529392218,76.08761783975311,76.99150089411495,77.13153811082991,77.11429886333568,76.79347743195413,,,,68.22230295087931,72.94968388885923,75.14222262818669,75.17967228939438,74.84082741279967,74.70785893561194,73.11419772195694,72.29026352710905,71.65920834243445,71.35674761659227,70.7975205300213,70.17422044258558,70.30567349292673,70.43305886871133,70.91777856633018,71.86273970057134,72.7742030033498,72.7944525248805,73.34046946956735,74.12897950729884,74.30055719715259,74.57086289936181,75.79511452310432,76.51543631134189,77.11104201827763,77.10744921032659,77.06669239298992,76.86339991966788,,73.11419772195694,73.7509196542847,73.22212428248082,"rgba(239, 83, 80, 1.0)",4.395694270316763,73.22212428248082,-1.0513101205165933,35.53105567452062,-20.5161358680098,False,True,False,True,True,0.0,0.0,0.0,0.0,0.0,0,0.8548998564365913,1.0260386615465307,False,False,False,False,-0.25131475850378787,-0.2669547298558838,False,False,False,False,13118914,15977339.127773574,False,False,False,False,672473.4489843627,False,False,False,False
2025-01-07 00:00:00+00:00,69.6872581395,69.727124992,68.526136061,68.7802872456,632477,,,,73.58437551346334,75.10429019239777,74.99229241890112,74.81670283229772,74.3498157027279,74.24601480395863,72.52375329386732,72.09447080058645,71.56809164006121,71.2027526629123,70.72036766877409,71.40878831134862,72.12646105046714,73.07111780703575,73.7384266622719,74.35395437657274,75.3962051066127,76.07152488144047,76.97421946480999,77.1163099004333,77.09951788160741,76.78033700459372,,,,68.30172634300962,72.8536037610764,75.03913562795971,75.09436393088966,74.77199848521443,74.65157322735074,73.08689966981827,72.27086947499409,71.6451737963861,71.34508468025864,70.79065908027621,70.1706196312099,70.3018153092059,70.42880438346863,70.91195379388282,71.85422830843085,72.76357291999717,72.78379671452477,73.32881936551149,74.11578593398526,74.28710995514531,74.5569602028606,75.7793229804623,76.4987384439556,77.09559392541412,77.09242506912632,77.05271496744584,76.85001487168336,,73.08689966981827,73.7384266622719,73.17714944290658,"rgba(239, 83, 80, 0.5)",4.459724306720607,73.17714944290658,-0.7825352114585802,38.133050691899086,-17.764124880175288,False,True,False,True,True,0.0,0.0,0.0,0.0,0.0,0,0.8573766948643716,1.0226863470729757,False,False,False,False,-0.2608769250513343,-0.2639158274536091,False,False,False,False,13751391,15890047.044331472,False,False,False,False,670904.9607888975,False,False,False,False
2025-01-08 00:00:00+00:00,68.3317851551,69.0294550736,67.7238156548,68.899887803,514797,,,,73.48463316739405,75.01606956978615,74.91894744443259,74.75379109083332,74.30548460005227,74.2069373798735,72.50104192970103,72.07524689531935,71.55277300018112,71.1912060222025,70.71329215013292,71.40021965006754,72.11648624146419,73.05980363106352,73.7261338022291,74.34089321505208,75.38185908158617,76.0566456258185,76.95847023951862,77.10245216555876,77.08606267813178,76.76831649610648,,,,68.30507979869444,72.75903008131445,74.94437549174138,75.01560387821807,74.70767831645207,74.59860442021571,73.05943652011634,72.25024867036105,71.62926114713254,71.33128789613386,70.78155238857286,70.16448089118953,70.29569395136062,70.42243029489816,70.90443935526466,71.84476276785848,72.7525950287912,72.77280591251976,73.31715052079242,74.10298254984035,74.27413373915208,74.54365413614309,75.764642566565,76.48341163517189,77.08153287814288,77.07874797358363,77.03998073754234,76.8377837476967,,73.05943652011634,73.7261338022291,73.1303368660078,"rgba(239, 83, 80, 1.0)",4.554530925654419,73.1303368660078,-1.053577588831131,38.16919817741925,-17.463001495296368,False,True,False,True,True,0.0,0.0,0.0,0.0,0.0,0,0.8417425394666318,1.0310801064822974,False,False,False,False,-0.2943351534661868,-0.279125490459898,False,False,False,False,13236594,15785990.062200828,False,False,False,False,664783.0799736466,False,False,False,False
2025-01-10 00:00:00+00:00,65.511205342,66.5477435065,64.8035687104,66.3185091048,589927,,,,73.31621937344353,74.87728255911738,74.80256071905924,74.65291594708424,74.23242743646634,74.14208968507431,72.45828659458682,72.03737895023029,71.52047400263916,71.16538328777642,70.6958464760659,71.38165562518851,72.09682397570988,73.03937989910874,73.70495367754714,74.31916677762545,75.35910072868518,76.0336171742049,76.93476175980287,77.08166320239182,77.0658666644571,76.75010652997516,,,,68.14340465538014,72.59086528217487,74.79518120157678,74.89132908085077,74.60438364600162,74.5127946321875,73.01022132396544,72.21041601423765,71.5960774717949,71.30118532853629,70.75947498934164,70.14687989856364,70.27885248414444,70.4055232335963,70.88665906279824,71.82549269052471,72.73227149061903,72.7524939316091,73.29648723904658,74.0814096148977,74.25247247329527,74.52174699615954,75.74168890752213,76.46001555313374,77.06042805550706,77.05821596056346,77.0208395629091,76.81929257528806,,73.01022132396544,73.70495367754714,73.04304385960918,"rgba(255, 0, 0, 1.0)",4.7216318208651575,73.04304385960918,-1.595177007306154,35.49010235496944,-17.463001495296368,False,True,False,True,False,0.0,0.0,0.0,0.0,0.0,0,0.8072710673073783,1.0619741790710346,False,False,False,False,-0.34282825441539394,-0.31097687243764593,False,False,False,False,12646667,15662879.353879226,False,False,False,False,661847.5474256604,False,False,False,False
2025-01-13 00:00:00+00:00,66.2487421129,67.0560458757,65.2321373746,65.3417712189,805685,,,,73.11339385265816,74.70526666749566,74.65761609869263,74.52698771789673,74.14095321986508,74.06078943243729,72.40544233842395,71.9908100886172,71.48104595462627,71.13401200134027,70.67481168282791,71.3589316672186,72.07245987916585,73.01375194358012,73.67819020137982,74.29156127430954,75.32996133338152,76.00400708613557,76.9041314055316,77.05476904756435,77.03973840476544,76.72657483634805,,,,67.99409301891552,72.3909956462051,74.61090654661452,74.73672402188915,74.47557873531585,74.40540875046568,72.94904710109307,72.16132486201737,71.5555233861257,71.26457174646073,70.73286847106361,70.12599801193832,70.25877921465748,70.3852952644822,70.8651217343295,71.80171693358457,72.70686511685636,72.7270952929185,73.27048430562436,74.05405531431944,74.22496511790837,74.49386605955853,75.71222711402295,76.42986197226368,77.03312986785095,77.03165583028208,76.9960760066183,76.79539054549683,,72.94904710109307,73.67819020137982,72.9380245593578,"rgba(239, 83, 80, 1.0)",4.858617404136009,72.9380245593578,-1.3767872400826193,35.04293024115067,-17.463001495296368,False,True,False,True,False,0.0,0.0,0.0,0.0,0.0,0,0.8173057888823221,1.051788076332146,False,False,False,False,-0.3232454764454904,-0.31711117444156817,False,False,False,False,13452352,15576192.006668277,False,False,False,False,667488.2318403404,False,False,False,False
2025-01-14 00:00:00+00:00,65.8799737275,67.0959127282,65.4813052026,66.3982428097,498079,,,,72.99321365054648,74.60196642572434,74.57014928503985,74.4507512822096,74.08525017126955,74.01118761492657,72.37307874888694,71.96225949729636,71.4568404082235,71.1147118040284,70.66182927264694,71.34491104023948,72.05743047567529,72.99794291269593,73.6616815708637,74.2745332503866,75.3119874916973,75.98574152393597,76.88523594861063,77.03816872676454,77.02360903128596,76.71204321656127,,,,67.91143857585647,72.27304746087219,74.50053124709001,74.64357271345344,74.3976534212839,74.34018546785302,72.91162753722325,72.13124108818371,71.53063250196064,71.24208075731626,70.71647912767487,70.11311210395179,70.24638762502143,70.37280837751172,70.85183057140922,71.78704951307401,72.6911935061738,72.7114283170952,73.25444407474095,74.03718249971533,74.2079976123973,74.47666813064468,75.69405377379069,76.41126106848598,77.0162812220657,77.01526092568834,76.98078606465506,76.78063095704013,,72.91162753722325,73.6616815708637,72.87507098296223,"rgba(239, 83, 80, 1.0)",4.999170153804057,72.87507098296223,-1.3992516838298439,34.39593024501871,-17.463001495296368,False,True,False,True,False,0.0,0.0,0.0,0.0,0.0,0,0.8193646264042387,1.0654370816837406,False,False,False,False,-0.3172526534284414,-0.3171819139350048,False,False,False,False,12954273,15473371.6534656,False,False,False,False,660844.7325524839,False,False,False,False
2025-01-15 00:00:00+00:00,67.0161790232,68.1324508927,67.0161790232,67.9630167697,616394,,,,72.87596399070324,74.49573225072092,74.47989583389902,74.37207366150817,74.02795495697195,73.96017694928666,72.34135379498989,71.93474539458188,71.4340964912615,71.09693028439187,70.65024082519085,71.33176906510238,72.04280694882146,72.9819930651751,73.6446973596414,74.25675023943047,75.29282943981121,75.96605987723771,76.8646258330525,77.02001938610908,77.00597598494268,76.69621320116158,,,,67.88391051696651,72.16137014129774,74.3875025608673,74.54743248958296,74.31736993679952,74.27285246232563,72.87424935379332,72.10203566302113,71.50715052711737,71.2212120595407,70.70180665229836,70.10222047248536,70.2357538084635,70.36195234414002,70.83978407397919,71.77296127066609,72.67554875710198,72.69577666780133,73.23813035434642,74.01965847064129,74.19030445611095,74.45862818492812,75.67455959747006,76.39109658402076,76.99786620240634,76.99734038309771,76.9640765151186,76.76453930183243,,72.87424935379332,73.6446973596414,72.81470046598136,"rgba(239, 83, 80, 1.0)",5.103286504892639,72.81470046598136,-1.1362327859159365,36.063043367007,-17.463001495296368,False,True,False,True,False,0.0,0.0,0.0,0.0,0.0,1,0.8368601814886028,1.0221343423310856,False,False,False,False,-0.26484332973602265,-0.2910126218355137,False,False,False,False,13570667,15398755.784702245,False,False,False,False,659101.5665700337,False,False,False,False
2025-01-16 00:00:00+00:00,67.3849474087,67.8832830647,66.9862788838,67.1058794413,400114,,,,72.80284583327102,74.4287154740881,74.42275671104298,74.3221485916964,73.99145042108242,73.92763211400829,72.32109874060693,71.9171782041806,71.41957666410278,71.08557081001649,70.6428308897482,71.32334929375398,72.03342410956246,72.97174323113272,73.63377414959186,74.24530603603235,75.28048991570567,75.95337664152717,76.85133725781746,77.00831123177848,76.9945999917014,76.6859992682964,,,,67.86852835360429,72.09200852006401,74.31634184230785,74.4866330021522,74.2664540282998,74.2300257930484,72.8503867703309,72.08338860222246,71.49215948751383,71.207891037796,70.69243681228687,70.09527435346945,70.22896546770153,70.3550180731843,70.83207654862848,71.76392653718665,72.66549989372345,72.6857229897834,73.22764313983942,74.00838368794572,74.17891879061631,74.44701646592749,75.6619999158699,76.37809888438463,76.98598736837077,76.98577954352642,76.95329489733275,76.75415657325465,,72.8503867703309,73.63377414959186,72.77663955007179,"rgba(239, 83, 80, 1.0)",5.192666667801161,72.77663955007179,-1.0383281820889358,37.83107344827433,-16.990694125610112,False,True,False,True,True,0.0,0.0,0.0,0.0,0.0,0,0.8406218450247033,1.0208367808567218,False,False,False,False,-0.2704581857703203,-0.280735403802917,False,False,False,False,13970781,15342756.773537451,False,False,False,False,648945.1914104244,False,False,False,False
2025-01-17 00:00:00+00:00,66.8766450395,67.9131832041,66.7072109165,67.6540486629,565313,,,,72.69812562812864,74.33283027445844,74.34073045207063,74.2502846785951,73.93860093896693,73.88043596763062,72.2913040184349,71.89120959076014,71.39795669963156,71.06854352744439,70.63160404214916,71.3107495700763,72.01951028737699,72.95667016585944,73.61778185328532,74.22860630315984,75.26256365298138,75.93499256061072,76.8321248619325,76.99138335748756,76.97815045472268,76.67121436893015,,,,67.8371931082564,71.99228563566312,74.21465140522936,74.39947113863865,74.19317819965872,74.16821173255754,72.8154747739124,72.0558819346214,71.46986421474129,71.18798491726294,70.6782752741972,70.08460153323776,70.21857335954265,70.34443874933697,70.82044470402998,71.75048730924883,72.65068733388365,72.67090571578461,73.21224903747945,73.9919114521909,74.16229897121796,74.43008864371461,75.64377808059236,76.35928305532956,76.9688125489097,76.96906314637016,76.93770093892677,76.73913061103221,,72.8154747739124,73.61778185328532,72.72121094183316,"rgba(239, 83, 80, 1.0)",5.289990011317267,72.72121094183316,-1.1048349599582319,38.36210125302895,-16.29886082735233,False,True,False,True,True,0.0,0.0,0.0,0.0,0.0,0,0.8332695805883145,1.0345228708810843,False,False,False,False,-0.2754855481123157,-0.27811047595761634,False,False,False,False,13405468,15266784.664771277,False,False,False,False,645665.4976296234,False,False,False,False
2025-01-21 00:00:00+00:00,66.2288086867,67.5842816711,66.169008408,67.4048808349,483678,,,,72.6036672723119,74.24713858095204,74.2671704485279,74.18563266166615,73.89070540174623,73.8375774302403,72.26359918319037,71.86686494354508,71.377446121038,71.0522222618057,70.62066465553231,71.29872384070754,72.00643673396029,72.94271656599827,73.60309559302004,74.21336343454506,75.24633616659293,75.91842195555154,76.8148916926368,76.9762041521541,76.96339793474857,76.65793082531557,,,,67.79396461078699,71.90151658503225,74.12384362878984,74.32143483565083,74.12725433722461,74.11242390536259,72.78330336272624,72.03018536085854,71.44875342407947,71.16898958818567,70.66451976089758,70.07396233880867,70.2082762508167,70.3340135892732,70.80918398958394,71.73779138221168,72.636916022225,72.65713405607333,73.19804506387727,73.97684280178974,74.14711975958977,74.41466520526322,75.62732460638472,76.34236435216894,76.95341100548133,76.95407141469038,76.9237108121193,76.72563566814398,,72.78330336272624,73.60309559302004,72.67018469718604,"rgba(239, 83, 80, 1.0)",5.3975413920256825,72.67018469718604,-1.1933907575035025,37.904236527421354,-16.29886082735233,False,True,False,True,True,0.0,0.0,0.0,0.0,0.0,0,0.8125183355936167,1.0486694433204167,False,False,False,False,-0.293088969187672,-0.2855997225726442,False,False,False,False,12921790,15174824.089682208,False,False,False,False,639313.0467421872,False,False,False,False
2025-01-22 00:00:00+00:00,64.2354660625,66.4480763753,64.2354660625,65.9995742849,686019,,,,72.43801444379892,74.10251139236107,74.14260175028556,74.07565316850116,73.80823715410602,73.76356368166249,72.21307223203108,71.8216539240945,71.33835722961562,71.02046226884733,70.59868310164218,71.2756056652537,71.98218335318052,72.91774285536299,73.57733350947728,74.18704132039505,75.21892109556458,75.89075441380788,76.78650323796973,76.95124138439773,76.93913031187648,76.63598020599969,,,,67.65423304805387,71.73815910935373,73.97043589113105,74.18961649115346,74.01501384082097,74.01710290906053,72.72582589847269,71.98283140114488,71.40868435894427,71.13233549949518,70.63701444235214,70.0515798036186,70.18687373403645,70.31258070616171,70.78686145513622,71.7139426658145,72.6120064711909,72.63224190936072,73.17283056323305,73.95067049986531,74.12086580020322,74.38815570619015,75.59971811112159,76.31430346252799,76.92807622577146,76.92940860627029,76.90068097009888,76.70335803253079,,72.72582589847269,73.57733350947728,72.57791828464673,"rgba(255, 0, 0, 1.0)",5.549502888513228,72.57791828464673,-1.503279192702928,35.46671577698211,-16.29886082735233,False,True,False,True,False,0.0,0.0,0.0,0.0,0.0,0,0.7947639926011153,1.064470140989251,False,False,False,False,-0.34282825441539394,-0.31421398849401905,False,False,False,False,12235771,15059567.105773102,False,False,False,False,641144.6527522975,False,False,False,False
2025-01-23 00:00:00+00:00,65.3019043665,65.4414383501,64.0211817305,64.1258322182,547268,,,,72.310058736477,73.98969790989952,74.04505205824057,73.98929699270363,73.74315716547405,73.70505927949719,72.17298092904993,71.7857420810866,71.3072652570635,70.99514915298266,70.58111035998714,71.25713438570814,71.9628136941541,72.89780375750603,73.55676963594726,74.16603352987353,75.19704617537778,75.86867924699017,76.76385562253532,76.93131650808729,76.9197582626141,76.618451210723,,,,67.55035437164835,71.61231259876926,73.85101572083495,74.08652231539439,73.92693030777839,73.94205018981386,72.6802760928344,71.94523412171375,71.37682036150517,71.10316253413245,70.61506435917192,70.03368499000449,70.16975767153548,70.29544152358001,70.76901920186926,71.69489330249138,72.59211764705027,72.61236694641023,73.15270078864638,73.92978140527512,74.09991205714414,74.3669993187359,75.57769132909164,76.29191597730743,76.90785552102083,76.90972224837341,76.8822935442964,76.68556888666376,,72.6802760928344,73.55676963594726,72.50590690884499,"rgba(239, 83, 80, 1.0)",5.667493075151978,72.50590690884499,-1.2711091918099633,35.97888506438399,-16.29886082735233,False,True,False,True,False,0.0,0.0,0.0,0.0,0.0,0,0.7816827976201463,1.091874890003317,False,False,False,False,-0.34282825441539394,-0.32852112145470647,False,False,False,False,12783039,14970291.493782,False,False,False,False,637463.2153894623,False,False,False,False
2025-01-24 00:00:00+00:00,65.0627032516,65.840106875,64.7686852145,64.9431026941,466617,,,,72.20867672386429,73.89881131632907,73.96619639476174,73.91935598515524,73.69029220441398,73.65748071563445,72.14055515265805,71.75675214255789,71.2822361583805,70.97479788135705,70.56700879507225,71.24221731279164,71.9470877803056,72.88152286096143,73.53992443250276,74.14878007095803,75.17901483131263,75.8504452200305,76.74510499111481,76.91480636427933,76.90370528275201,76.60393207065,,,,67.47731690654072,71.51331030379416,73.75502028022952,74.00325595847502,73.85564078498447,73.88114156562726,72.64335385472589,71.91485861013761,71.35115920917458,71.07971032907476,70.59746850843916,70.019422139539,70.1560872659394,70.28173126564872,70.75467397924297,71.6794566263912,72.57590607929613,72.59616466916358,73.13624249981542,73.9126421094859,74.08270751091437,74.34961027383412,75.55951307331911,76.2734028009832,76.89110195900159,76.89340999498907,76.86705554850066,76.67083240458577,,72.64335385472589,73.53992443250276,72.44849612389382,"rgba(239, 83, 80, 1.0)",5.78499991365271,72.44849612389382,-1.276714430861651,36.04547679097266,-16.29886082735233,False,True,False,True,False,0.0,0.0,0.0,0.0,0.0,0,0.7688503535377295,1.0847663929984437,False,False,False,False,-0.32011293503393917,-0.32431702824432285,False,False,False,False,12316422,14866218.180300353,False,False,False,False,630763.3638055618,False,False,False,False
2025-01-27 00:00:00+00:00,64.3949334725,65.9497407193,63.6474299884,65.1922705221,768571,,,,72.03497966918177,73.74375098564697,73.83121820999615,73.79929517110837,73.59896975615844,73.57514131697391,72.08353129093884,71.70551271521344,71.2376883135918,70.93835550005903,70.54152649961894,71.21553688253039,71.91920138172107,72.85290707720388,73.51046870223107,74.11873295326882,75.147794791358,75.81897253904148,76.71285888391016,76.88641628991688,76.87609737526118,76.57892547503032,,,,67.33899856607538,71.3428319047538,73.5914032714047,73.86093498953193,73.73327885003623,73.77628392790439,72.57880065825803,71.86128465270914,71.30553663523175,71.0378331374035,70.56574192570822,69.99339222173761,70.13119758994225,70.25682824550302,70.72883170288519,71.65199966856183,72.54733739851139,72.5676173619097,73.10737486795924,73.88274903278625,74.0527330884626,74.31936415991001,75.5280960102823,76.24150610964722,76.86229244262637,76.86535679067757,76.840840936903,76.64545920309946,,72.57880065825803,73.51046870223107,72.34878147610888,"rgba(239, 83, 80, 1.0)",5.912456685579422,72.34878147610888,-1.3452695599459439,35.31749974003386,-16.29886082735233,False,True,False,True,False,0.0,0.0,0.0,0.0,0.0,0,0.7567396317205135,1.0899222503149062,False,False,False,False,-0.3399647152315588,-0.3321408717379408,False,False,False,False,11547851,14736086.134014066,False,False,False,False,636167.5848327946,False,False,False,False
2025-01-28 00:00:00+00:00,62.3019237171,64.2055659232,61.3750193969,64.1557323576,550192,,,,71.88244872071404,73.61172065233302,73.71603635075358,73.69650571760579,73.52007817301376,73.5038568077071,72.03218236409226,71.65880675160793,71.19639860236293,70.90414108583875,70.5171452892558,71.19067398167795,71.89380244333145,72.82748002407835,73.48467552076896,74.09273194724615,75.12123971062363,75.792457478271,76.68599672264614,76.8628006392915,76.85312714387453,76.5580396275479,,,62.627503012400005,67.17880951248863,71.19026205484896,73.45194214719763,73.73971091850632,73.62844176001326,73.68622214220123,72.52150074014148,71.81270155552623,71.26335959739954,70.99871718721334,70.53547192521351,69.9678517523396,70.10693242177707,70.23269397668295,70.70429945722348,71.62678595545712,72.52176187595796,72.54207391335214,73.08187471559383,73.85676683787908,74.02676332084278,74.29328531832029,75.5015215966202,76.21478220998694,76.83832271633389,76.84201466384914,76.81901690039209,76.62428502545507,,72.52150074014148,73.48467552076896,71.84586023840635,"rgba(255, 0, 0, 1.0)",6.0871726531773325,71.84586023840635,-1.5678767574178591,32.79059786388338,-13.352938293814212,False,True,False,True,False,0.0,0.0,0.0,0.0,0.0,0,0.7679326867271062,1.103055934060315,True,False,False,False,-0.34282825441539394,-0.3374845630766674,False,False,False,False,10997659,14589481.148366457,False,False,False,False,632795.9932707242,False,False,False,False
2025-01-29 00:00:00+00:00,63.1789944718,63.4381290129,62.3417905696,62.3417905696,472663,,,,71.76023600692568,73.50439837874352,73.62210093348092,73.6125130503158,73.45540670075252,73.44535030788975,71.99017849032856,71.6206432597813,71.16271416355379,70.87623659349254,70.49726645950145,71.1703194184368,71.87293376951212,72.80650158921698,73.463343424295,74.07118469137241,75.09916894685125,75.77038220037623,76.66358835000469,76.84308489613578,76.83394899953915,76.54060759070343,,,62.79330586311281,67.05982743919508,71.06870983606456,73.33881390281138,73.64093476351653,73.54283176801769,73.612478021057,72.47456558702315,71.77298534754021,71.22894375803018,70.96683047936477,70.51082264276017,69.94711690004512,70.08720551736513,70.21305456939038,70.68427344245639,71.60609655365646,72.50068830720568,72.52102481801116,73.06081521374219,73.83525161919292,74.005246389685,74.27166026283449,75.47941296532073,76.19251173779735,76.8183132910896,76.82252740401026,76.80079426536544,76.60661056964689,,72.47456558702315,73.463343424295,71.78368840287526,"rgba(239, 83, 80, 1.0)",6.229075969091192,71.78368840287526,-1.3813756604947391,32.95976201570051,-13.352938293814212,False,True,False,True,False,0.0,0.0,0.0,0.0,0.0,0,0.7802896843180933,1.0792518145305154,False,False,False,False,-0.3390132531141127,-0.33824890809539004,False,False,False,False,11470322,14467161.181763852,False,False,False,False,626516.2680444213,False,False,False,False
2025-01-30 00:00:00+00:00,64.0361318001,64.3500832634,63.3085617423,63.7969306852,511408,,,,71.64508851195478,73.40055273378516,73.53085786205507,73.5307796415559,73.39234035971879,73.38823265353122,71.94972745484517,71.58404940643857,71.13060887828719,70.84972961610288,70.47847314848622,71.1508512201387,71.85277014794461,72.78600254830387,73.44236066494051,74.04987541487203,75.07717033224166,75.74828065928874,76.64103663727713,76.82321578903581,76.81462105146751,76.52306259327428,,,63.16161419142683,66.96564029156531,70.95557535327382,73.22967767223143,73.54505978331747,73.45961116931147,73.54057547456017,72.4291318984318,71.73483254430592,71.1961120439081,70.93652452645031,70.48754390461292,69.92774174229379,70.0687097028947,70.1945912294505,70.6652756468299,71.58617905606116,72.48016740945114,72.50052280745226,73.040181817802,73.81401723850797,73.98397890975046,74.25023876129386,75.45731959718067,76.17015814930897,76.79815175682917,76.80289002620108,76.78242988733356,76.58881579140137,,72.4291318984318,73.44236066494051,71.73532962254774,"rgba(239, 83, 80, 1.0)",6.345291733884397,71.73532962254774,-1.2133717637178718,34.77142234899594,-13.352938293814212,False,True,False,True,True,0.0,0.0,0.0,0.0,0.0,0,0.7896475793122348,1.0660314323279445,False,False,False,False,-0.3035031730876681,-0.3208760405915291,False,False,False,False,11981730,14369693.292282917,False,False,False,False,622002.2183171891,False,False,False,False
2025-01-31 00:00:00+00:00,63.9364646689,64.7637018579,63.1391276193,63.8965978164,734216,,,,71.48654197364475,73.25606587194609,73.40345684704097,73.416387954179,73.30369125537297,73.30782523320366,71.89269821822366,71.53244029200748,71.08531286487789,70.81228567593331,70.45187460258175,71.12326719647378,71.82417359761382,72.7568956034755,73.41254792010174,74.0195822606641,75.04587356330516,75.71682191671545,76.60892052871294,76.7949025265422,76.78707627126164,76.49805443204426,,,63.41562815338916,66.8418034803726,70.80032163771125,73.07811968448165,73.41133874821332,73.34320316465137,73.43969474050917,72.36510277141754,71.6810321809129,71.14979501683209,70.89376129300734,70.45465055787722,69.90036183679388,70.04255397892437,70.1684732113106,70.63837905262285,71.55794135318074,72.45104106679443,72.47142233019437,73.0108761521151,73.7838370784954,73.95374681631272,74.21978105974743,75.4258792438347,76.13833282172557,76.76942378611979,76.77490608536156,76.75625404827407,76.56345186453524,,72.36510277141754,73.41254792010174,71.65521106909975,"rgba(239, 83, 80, 1.0)",6.456526528148709,71.65521106909975,-1.195495188713018,35.855325477242,-13.352938293814212,False,True,False,True,True,0.0,0.0,0.0,0.0,0.0,0,0.7911003317441391,1.0564441461271208,False,False,False,False,-0.2989435722835243,-0.3099098064375267,False,False,False,False,11247514,14247254.88866398,False,False,False,False,626402.7587753386,False,False,False,False
2025-02-03 00:00:00+00:00,62.2620568647,63.7670305459,62.1723564466,62.8102260863,495472,,,,71.36656817730649,73.1486533269025,73.30859893773986,73.33103489052873,73.23717099059724,73.24740428048531,71.84886704273204,71.49250078404988,71.04992953663397,70.78282365093527,70.43072410475824,71.10164664191758,71.80203980705208,72.73467284485231,73.38997122550724,73.99679334863703,75.02255626695033,75.69350981896392,76.5852725255157,76.77406948141837,76.76680563515883,76.47960926645469,,,63.29340474368405,66.73116056670658,70.68152225687905,72.96539553342136,73.31189155171825,73.25631286894996,73.36426390999247,72.31629190495731,71.6395176269177,71.11366622827094,70.8602121901471,70.42853828093777,69.87829188735688,70.02154324893834,70.14755998555972,70.617082746227,71.53598625142664,72.42871124768907,72.44911858015844,72.98857489502839,73.76107700788202,73.93098828181708,74.19691471470829,75.40252819609898,76.114822782327,76.74828326977847,76.75431182474259,76.73698356727803,76.5447533987811,,72.31629190495731,73.38997122550724,71.57821836743105,"rgba(239, 83, 80, 1.0)",6.595986928900834,71.57821836743105,-1.4123984178791436,34.65491288175019,-13.352938293814212,False,True,False,True,True,0.0,0.0,0.0,0.0,0.0,0,0.7860490800862533,1.0616247712352742,False,False,False,False,-0.3359680869172949,-0.3229389466774108,False,False,False,False,10752042,14110187.71655951,False,False,False,False,621268.2192155215,True,False,False,False
2025-02-04 00:00:00+00:00,62.4912912664,63.1740111152,61.7238543561,61.9132219054,409837,,,,71.26675215061263,73.05918163721492,73.2294244742362,73.25968005512594,73.18137500819974,73.19667180290782,71.81185962034131,71.4587243704866,71.01994189821426,70.75780126505879,70.41270419522502,71.08327095691142,71.78326857398046,72.71586963473474,73.37089591702265,73.9775611049709,75.00291216232533,75.67388849037953,76.5653913815507,76.75655229040905,76.74975995043242,76.46408959265234,,,63.1861798198283,66.63814565250684,70.58260933120549,72.87157523581226,73.22895149248764,73.18368664687489,73.3010999111149,72.2751592763234,71.60443305138507,71.08305729100586,70.83175161942813,70.40631687682584,69.85945089691016,70.00361266891804,70.12972146765468,70.59895165429268,71.51735205644864,72.40980452603445,72.43023475058824,72.96971595556887,73.7418608870975,73.91177934576297,74.17762402859923,75.38286643514252,76.09504609366472,76.73050772592386,76.73699447939345,76.72077624631908,76.52902237735337,,72.2751592763234,73.37089591702265,71.51351301726561,"rgba(239, 83, 80, 1.0)",6.721171282755383,71.51351301726561,-1.3423585520003145,34.35908712004198,-13.352938293814212,False,True,False,True,True,0.0,0.0,0.0,0.0,0.0,0,0.780753623663145,1.0666176872693847,False,False,False,False,-0.34282825441539394,-0.33288360054640237,False,False,False,False,11161879,13994567.76689051,False,False,False,False,612976.7988541285,False,False,False,False
2025-02-05 00:00:00+00:00,64.1656990707,64.4248336118,63.119194193,63.119194193,486101,,,,71.17012432675234,72.96914626844256,73.14936574007545,73.18738119460855,73.12473312807613,73.14510539286755,71.77504617429786,71.42535044970339,70.99058529444366,70.73343630441904,70.3952894076928,71.0652013942385,71.76452717998006,72.69677673687227,73.35133301622245,73.95767577919712,74.98235892513193,75.65322013385227,76.54428389117318,76.73791879896066,76.7316276967137,76.44761534644044,,,63.28141898820311,66.56923421076038,70.48860302391002,72.77754657242376,73.1451487973253,73.11020606709357,73.23695464543891,72.23391129979692,71.56966750572424,71.05305108430305,70.80401050076955,70.38487026616573,69.84155485689202,69.9864963431909,70.11262499584305,70.58133920740336,71.49884911773985,72.39070584038456,72.41115231239512,72.95048922718833,73.7220530325948,73.89193475982076,74.15762855459009,75.36221421574957,76.07413376781386,76.71160412382554,76.71857590225696,76.70353760752468,76.51231530668794,,72.23391129979692,73.35133301622245,71.4603295332508,"rgba(239, 83, 80, 1.0)",6.790970129013093,71.4603295332508,-1.074166183029714,37.52146905197209,-16.132500495954375,False,False,False,True,True,0.0,0.0,0.0,0.0,0.0,0,0.7861785296101449,1.0465973901283037,False,False,False,False,-0.2937674028557594,-0.31332550170108087,False,False,False,False,11647980,13902544.71720853,False,False,False,False,608001.2773304372,False,False,False,False
2025-02-06 00:00:00+00:00,63.9962649477,65.7902733094,63.856730964,64.8733357023,377873,,,,71.10325264491952,72.90526019886696,73.09234728519723,73.1357949100614,73.08422198286347,73.10818166214445,71.74898871433194,71.40181555573618,70.96999167256043,70.71639139816362,70.38315376246325,71.05247605426364,71.75120932461813,72.68307548084722,73.33721504261915,73.94325939320686,74.96736066976021,75.6380821064762,76.52875853152771,76.72419675049986,76.71827420712624,76.4354952738785,,,63.399928875478686,66.53040009945401,70.42431001758847,72.71101444485603,73.08550860847066,73.05782717334056,73.19109437733775,72.20458575761066,71.5451122491581,71.03198540183709,70.78459859091151,70.36994419565886,69.82921924724062,69.97465977580823,70.1007724340389,70.56902715075927,71.48574299050846,72.37704143153917,72.39749665480436,72.93666020263802,73.70771741906304,73.87755462233078,74.14311223777547,75.34711145898892,76.05878519992288,76.69768526699431,76.70501285256043,76.6908421924839,76.50002078529442,,72.20458575761066,73.33721504261915,71.42581101113626,"rgba(239, 83, 80, 1.0)",6.870342708171053,71.42581101113626,-1.0813938079973997,39.38628705872654,-14.390205068843954,False,False,False,True,True,0.0,0.0,0.0,0.0,0.0,0,0.7933253868699769,1.0426528051198454,False,False,False,False,-0.2557452864296846,-0.28453539406538275,False,False,False,False,11270107,13799311.865553293,False,False,False,False,598976.6390037534,False,False,False,False
2025-02-07 00:00:00+00:00,63.8068973984,64.1856324969,63.1889611849,63.9962649477,361250,,,,71.03272738968981,72.83917583996381,73.0333719400524,73.08239312131926,73.04216046007187,73.06982211389308,71.72143390377772,71.37679033358394,70.94792680986755,70.69802788414005,70.36997410744786,71.03882801513832,71.73707805281131,72.66870308173858,73.32250426582866,73.92831831894863,74.95193640810952,75.6225805877329,76.51293967085013,76.7102250726915,76.70467658610363,76.42313320179822,,,63.42680163190082,66.47984530260582,70.35573009362416,72.64211375687026,73.0238544124733,73.00357709378292,73.14358223298628,72.17377648124575,71.51906304390742,71.00944104918362,70.76372599725028,70.35374479913477,69.81565595970889,69.96168819777652,70.08782089734528,70.55570589030793,71.47178305633085,72.36265806220369,72.38312589197947,72.92219294876531,73.69283025915541,73.86264288655286,74.12809213408316,75.3316183631344,76.04310669342912,76.68351176418062,76.69120138553679,76.67791152718138,76.48748537503668,,72.17377648124575,73.32250426582866,71.38436565040251,"rgba(239, 83, 80, 1.0)",6.9396450371241105,71.38436565040251,-1.0919100633341228,40.3411056566134,-13.49513725310127,False,False,False,True,True,0.0,0.0,0.0,0.0,0.0,0,0.7735745452591998,1.0712148817058835,False,False,False,False,-0.29686566796796243,-0.2907005310166726,False,False,False,False,10908857,13685960.694355125,False,False,False,False,589654.0257094885,False,False,False,False
2025-02-10 00:00:00+00:00,63.7371304065,64.8135354235,63.4082288735,64.0859653657,529274,,,,70.93538125188037,72.74676013704749,72.95066413883588,73.00737598377522,72.98290923908432,73.01572719101266,71.68270058474288,71.34165084317569,70.91699235301265,70.67229045448441,70.35150793878377,71.01962904823053,71.71713062865828,72.64833677513073,73.30161226174295,73.90706069952712,74.9299342740107,75.6004349272416,76.49030193847763,76.69021656326714,76.68520256611271,76.40543346556507,,,63.486888851847894,66.41565539967328,70.26158162525027,72.54593282956492,72.93745407992111,72.92741266129583,73.07671863329256,72.13041199276478,71.48246871151211,70.9778275161262,70.73448519064084,70.3310755038612,69.79673382164388,69.94356617556127,70.0697093409955,70.53701918568018,71.45210190788532,72.34230068019234,72.36278459519573,72.90167364811268,73.67166391060937,73.84143093571213,74.10671029753918,75.30949883094836,76.0206894950369,76.66321596624904,76.67142237712945,76.65939123026844,76.46953595402049,,72.13041199276478,73.30161226174295,71.32784996072284,"rgba(239, 83, 80, 1.0)",6.982685912935868,71.32784996072284,-1.0870773293927705,40.86404529083461,-12.95070721739544,True,False,False,True,True,0.0,0.0,0.0,0.0,0.0,0,0.7695769232435773,1.0880435198738745,False,False,False,False,-0.27927714226610717,-0.28498883664138985,False,False,False,False,10379583,13556298.823988257,False,False,False,False,587286.1815640185,False,False,False,False
2025-02-11 00:00:00+00:00,63.2288280374,64.1607157141,62.9797598765,63.1789944718,330595,,,,70.87139682231563,72.68657553863993,72.89675766468565,72.95842787141251,72.94413492004063,72.98030045536193,71.6570510788773,71.31830209797262,70.896342596483,70.65504815033644,70.33907205691291,71.00679049522842,71.70387268374685,72.63488878094175,73.28787050203123,73.89312212391812,74.9155728145657,75.58601590143026,76.47560599942717,76.67723081718655,76.67256266047458,76.39393280070338,,,63.484974368073914,66.36882642158848,70.19932658895107,72.48328114525209,72.8811746734088,72.87770743968953,73.03304186757794,72.10181082996942,71.45818806140068,70.95673947811486,70.71492439814813,70.31582185458102,69.7839047470811,69.93130062868697,70.05747035740758,70.52446118774375,71.43899234245676,72.3288320535868,72.34932840161515,72.88814573745809,73.65776903829214,73.82751782575568,74.09270361580076,75.29508176175928,76.00611487109363,76.65004319877228,76.65858449044518,76.64736796682585,76.45787574314683,,72.10181082996942,73.28787050203123,71.28846421589819,"rgba(239, 83, 80, 1.0)",7.039477840654504,71.28846421589819,-1.144919603546736,40.364384237372576,-12.95070721739544,False,False,False,True,True,0.0,0.0,0.0,0.0,0.0,0,0.7764783094656621,1.0829436526573224,False,False,False,False,-0.29968793527792414,-0.292338385959657,False,False,False,False,10048988,13418757.223047541,False,False,False,False,577219.8607183708,False,False,False,False
2025-02-12 00:00:00+00:00,63.1590610455,63.3683620211,62.0627226022,62.1025894547,413238,,,,70.78666568312121,72.60766981442228,72.82605091563242,72.89416963871648,72.8931073395746,72.9336505885477,71.62291127701882,71.28712333122057,70.86864619913896,70.6318450227428,70.32225635645337,70.98954798573098,71.68617283625022,72.61705168554002,73.26971448997249,73.87476427052695,74.89674527070297,75.56716157289502,76.45644820760586,76.66030813328558,76.65608946205377,76.37892820394839,,,63.43968871158124,66.3008313258028,70.11638755713815,72.40110579658777,72.80739105434459,72.81244051626389,72.97565463015071,72.0638897087241,71.42580930388253,70.92847433326172,70.68863541672759,70.29520970220759,69.76644526319376,69.9146356592684,70.04086665149441,70.50751455280006,71.42145299475622,72.31093231307638,72.33144757064252,72.87023064410134,73.63944713358539,73.80918752589282,74.07427390384609,75.27620962647157,75.98708565026557,76.63287589914476,76.64185311002568,76.63169555316892,76.44266654028452,,72.0638897087241,73.26971448997249,71.2340151570929,"rgba(239, 83, 80, 1.0)",7.100151386912656,71.2340151570929,-1.1372932310256147,39.91207192764167,-12.95070721739544,False,False,False,True,True,0.0,0.0,0.0,0.0,0.0,0,0.7624554338614307,1.0936698300382666,False,False,False,False,-0.33246450131923205,-0.31240144363944455,False,False,False,False,9635750,13270403.998614306,False,False,False,False,570789.1995137288,False,False,False,False
2025-02-13 00:00:00+00:00,62.6806588157,63.9065645296,62.0627226022,63.8068973984,446877,,,,70.69725773469396,72.52392688640901,72.7508522207867,72.8257311907181,72.83861267425306,72.88378393127053,71.58637279706315,71.25374344566389,70.83898340577,70.60697209521724,70.30420510140655,70.97102940117257,71.66715481660019,72.59787500359303,73.25018903046359,73.8550164880278,74.87648480665445,75.54686712133149,76.43582179341371,76.64208085760629,76.63834514441537,76.36276346434639,,,63.399056151276966,66.23061836685598,70.02902287464418,72.31398907873766,72.72897222423596,72.7429508781171,72.91444125571698,72.0233185744472,71.39114912163642,70.89820465751792,70.66047574531562,70.27310702874382,69.7477176265356,69.8967530178233,70.0230470124797,70.48932014747878,71.40261043905565,72.29169218674326,72.31222743862689,72.8509675717887,73.61974015386416,73.78946990286552,74.05444722578903,75.25589828296536,75.96660046574156,76.61438597904224,76.62383146257842,76.61481188978544,76.42628159637744,,72.0233185744472,73.25018903046359,71.17657316075653,"rgba(239, 83, 80, 1.0)",7.168367347387406,71.17657316075653,-1.1851951683465227,38.77669064458043,-12.95070721739544,False,False,False,True,False,0.0,0.0,0.0,0.0,0.0,1,0.7636708878076386,1.0878484383283933,False,False,False,False,-0.32170430426405516,-0.31705287395174986,False,False,False,False,9188873,13110343.95945296,False,False,False,False,565929.897572014,False,False,False,False
2025-02-14 00:00:00+00:00,62.9397933569,63.7570638328,62.699097235,62.9995936356,302868,,,,70.63969547841653,72.4694288620556,72.70179835084542,72.78102388860067,72.80292952118315,72.85110093492936,71.56248490404325,71.23193841813081,70.81962909114698,70.59074504292697,70.29242899729121,70.95891099933745,71.65467570284659,72.58525262406047,73.23731388627584,73.84197527890235,74.86307612222386,75.53341893716599,76.42213382889668,76.6299776102481,76.62656196352143,76.35203161715184,,,63.38646053051562,66.18806471750943,69.97302128010885,72.25738047338615,72.67784985577977,72.69757903682186,72.87439276298052,71.9967675807077,71.36849980826419,70.87845124349718,70.64211249424598,70.2587034442282,69.73554062821123,69.88511269177798,70.01143910849218,70.47743983894003,71.39025860868838,72.2790403758218,72.29958788923962,72.83827899173654,73.60673327954795,73.77645060089709,74.04134794501432,75.24244612437428,75.95301633157278,76.6021092347597,76.6118647841583,76.6035994483401,76.41540278932783,,71.9967675807077,73.23731388627584,71.14003046165844,"rgba(239, 83, 80, 1.0)",7.2163122763761995,71.14003046165844,-1.136347318505504,38.79871637548872,-12.95070721739544,False,False,False,True,False,0.0,0.0,0.0,0.0,0.0,1,0.7770097473486522,1.0916920233309446,False,False,False,False,-0.3107508682336966,-0.3139018710927232,False,False,False,False,9491741,12968437.96104304,False,False,False,False,555613.7447260526,False,False,False,False
2025-02-18 00:00:00+00:00,65.2819709402,65.431471637,62.9647101397,62.9896269225,485287,,,,70.56645998959128,72.39656195829019,72.635802986193,72.7207133827881,72.75465660863833,72.80681142483353,71.53092253771419,71.20335726880045,70.79453999066082,70.56983852316505,70.27738588973902,70.94309848542868,71.63809240719796,72.56814104272567,73.21965653829898,73.82392145225559,74.8442614776807,75.51440467398969,76.40260945069319,76.61267568631847,76.60971706020459,76.3367249167434,,,63.4688685490609,66.15299801463081,69.90349349951826,72.18207980894387,72.60914235692543,72.63648202516379,72.82020431859048,71.9613510295876,71.33871116115131,70.85280260262662,70.61843197168334,70.24034351246316,69.72031988006776,69.87046933135152,69.99676328384552,70.46216736953616,71.37395151722559,72.2619931306321,72.28254991134202,72.82099666160417,73.58879028821671,73.7584444164784,74.02316196575752,75.22348697978138,75.93372684502059,76.58456425713622,76.59476041108185,76.5875719887862,76.39987781186946,,71.9613510295876,73.21965653829898,71.0977195742696,"rgba(239, 83, 80, 0.5)",7.1862115931653,71.0977195742696,-0.8092927071060473,44.274562852010575,-9.344215424052642,True,False,False,True,True,0.0,0.0,0.0,0.0,0.0,1,0.7918609822168721,1.0669325730808348,False,False,False,False,-0.2680124054283135,-0.2909571382605184,False,False,False,False,9977028,12851127.766492331,False,False,False,False,552855.8331681682,False,False,False,False
2025-02-19 00:00:00+00:00,65.8102067356,66.2786422523,65.1922705221,66.0793079899,467977,,,,70.51127792445307,72.33812938563712,72.58248119983558,72.67182231737033,72.71538189694338,72.77070199241545,71.50595137417511,71.1809669491304,70.77515917601892,70.55381567165969,70.26598518047699,70.9307786893548,71.62487465652855,72.55417296289747,73.20504886705122,73.80882627142262,74.82829398502426,75.4981342773925,76.3857454017637,76.59769562381267,76.59513201046946,76.3235031726906,,,63.61427232483174,66.14501185736698,69.85280879263253,72.12207031617314,72.55370039761867,72.58705918855063,72.77611398619874,71.9330056438627,71.31527629833903,70.83294779458674,70.60026200607656,70.22646950194861,69.70912256150707,69.85960033181034,69.98579501162875,70.45049550482331,71.36105812470548,72.24817721007359,72.26873452061878,72.80681178833656,73.57384709126873,73.74340528668341,74.00790780207714,75.20731957552927,75.91714472660824,76.56937838888616,76.57995341418587,76.57369576824074,76.3864597031032,,71.9330056438627,73.20504886705122,71.06922004111082,"rgba(239, 83, 80, 0.5)",7.151047034320512,71.06922004111082,-0.7354186429303116,48.855199862689275,-5.220303188995942,True,False,False,False,True,0.0,0.0,0.0,0.0,0.0,1,0.8253374724453965,1.044416722768643,False,False,False,False,-0.2046184224794735,-0.24778778036999594,False,False,False,False,10445005,12756770.010943612,False,False,False,False,549527.2514752989,False,False,False,False
2025-02-20 00:00:00+00:00,69.0593552129,69.7370917051,67.4347809743,67.4646811136,945009,,,,70.47122525549285,72.27533536015058,72.52329014462873,72.61688419156572,72.67085174452157,72.72945724521631,71.48202312150714,71.16088816255822,70.75948836010423,70.54171976000967,70.25826605700281,70.92033069315794,71.61185032004576,72.53845045766103,73.18747597237021,73.78975096476908,74.80677280380006,75.47545907172943,76.36136953372319,76.57586417349137,76.57387583995234,76.3044167378454,,,64.19688239535597,66.24754187373789,69.82607134130082,72.05950066126336,72.49242083784955,72.53207417448861,72.72589380931304,71.90383583934438,71.29364450650867,70.816627526232,70.58634536314128,70.21725457331686,69.70364153849471,69.8536731966002,69.97933506469442,70.44198241773387,71.3489748321905,72.23320354821698,72.25372086438794,72.7903949419806,73.55530038894626,73.72449301700911,73.98835600577304,75.18509697595954,75.89361128910394,76.54727053424791,76.5583867353476,76.55348405292946,76.36704527969205,,71.90383583934438,73.18747597237021,71.06851409571405,#000000,7.097490692336184,71.06851409571405,-0.2830801715574665,56.059597169213866,1.1797661103497958,True,False,True,False,True,0.0,0.0,0.0,0.0,0.0,0,0.8466039471247546,1.0019338468859995,False,False,False,False,-0.09087664883453948,-0.16933221460226772,False,False,False,False,11390014,12703171.736004647,False,False,False,False,565036.3396527382,False,False,False,False
2025-02-21 00:00:00+00:00,68.5909196963,69.6174911477,67.6141818104,69.6174911477,518403,,,,70.44834271055706,72.2405185480025,72.49044607137914,72.58635747298938,72.6460127458643,72.70642745824912,71.46842783804648,71.14940062845311,70.75042010133467,70.53465522139413,70.2536868878939,70.91428550222248,71.60441851227182,72.52957294030269,73.17760100439494,73.77906691203187,74.7947677020814,75.4628343085828,76.3478256891018,76.56373219546201,76.56206217457816,76.29379938034178,,,64.45557822168851,66.29753750251311,69.81016654212343,72.02478140864993,72.45844339516717,72.5015134428732,72.69794798823264,71.88737967688215,71.28130616616473,70.80720135356518,70.5782415498427,70.21178522475192,69.70023824979857,69.85005267124406,69.97543227283404,70.43697668632933,71.34204948332346,72.2247251568416,72.24522151527401,72.7811441421472,73.54490029262627,73.71389690713228,73.97741509090245,75.17271470254644,75.88052233839711,76.53498505021889,76.5464009246092,76.5422481745714,76.3562474108217,,71.88737967688215,73.17760100439494,71.06432254112893,#000000,7.059516248471204,71.06432254112893,-0.3503643532748523,59.80731171484,4.192160857156885,True,False,True,False,True,0.0,0.0,0.0,0.0,0.0,0,0.8441023775860281,1.0046902339388348,False,False,False,False,-0.08970086606396531,-0.12951654033311652,False,False,False,False,10871611,12631345.824788779,False,False,False,False,563207.5812349838,False,False,False,False
2025-02-24 00:00:00+00:00,68.401552147,69.398223459,68.2620181633,69.2586894754,452490,,,,70.42966944886207,72.21131961452095,72.46280457296852,72.5606159540793,72.62500201309874,72.68692209800389,71.45699363521318,71.13976973379118,70.74285927634455,70.52878434705713,70.2499032521257,70.9092162014882,71.59813340818727,72.52201374072764,73.16916611843993,73.76992046641419,74.78446149274214,75.45198034085779,76.33616388810213,76.5532787290866,76.55188224788176,76.28465178099147,,,64.6616690172937,66.34092399955445,69.7975176728357,71.99573634754634,72.42987224337818,72.47576308779443,72.67433301663873,71.87349550728096,71.27094728092194,70.79933505260782,70.5715061650909,70.20727733820807,69.69750040620889,69.84711132578383,69.97224132273703,70.43281914851524,71.33620862666393,72.2175195192404,72.2379970483835,72.77325654863908,73.53600422151887,73.7048277155815,73.96804283427986,75.16207563056774,75.86926080512723,76.52440019673152,76.5360733399804,76.53256512639815,76.34694371372888,,71.87349550728096,73.16916611843993,71.06035278689127,#000000,7.024001918041018,71.06035278689127,-0.3785307394438758,61.8664099104556,5.725005200004716,True,False,True,False,True,0.0,0.0,0.0,0.0,0.0,0,0.8469467623360952,1.0187279895610148,False,False,False,False,-0.08128146012753595,-0.10539900023032624,False,False,False,False,10419121,12544591.91009118,False,False,False,False,558865.7153042001,False,False,False,False
2025-02-25 00:00:00+00:00,68.2819515895,68.6905868275,67.4447476874,68.3417518683,421588,,,,70.40726182833029,72.18037826526063,72.43372290634082,72.53358519097571,72.60292854690329,72.66645094846778,71.4443328298726,71.12887359022525,70.73399919431934,70.52172961242742,70.24516353803358,70.90335371781615,71.59120367048627,72.51399454339555,73.16037803320388,73.7605122808952,74.77402988714533,75.44108193462449,76.32455401910295,76.54288710634667,76.54176175584968,76.27553515897398,,,64.81261093845211,66.37083505485043,69.78029303836271,71.96471718121856,72.39979687271139,72.44865577760268,72.64958887663633,71.85846054343281,71.25933804287118,70.79016970770357,70.56346065684579,70.20159518625128,69.69358589253,69.8430953203031,69.96802025096824,70.42775239725557,71.32966836459687,72.20979397627339,72.23025722526496,72.764952670896,73.5268112219068,73.69548735619006,73.95843712889636,75.1513579440783,75.85800162095083,76.51387587745734,76.52580512841337,76.52293595144879,76.33767678620974,,71.85846054343281,73.16037803320388,71.05147299956916,#000000,6.952796263014061,71.05147299956916,-0.3983320243111169,62.94388566495803,6.517831819166851,True,False,True,False,True,0.0,0.0,0.0,0.0,0.0,0,0.8405710248911846,1.019159360309743,False,False,False,False,-0.1112996051003557,-0.10834930266534097,False,False,False,False,9997533,12444707.24695035,False,False,False,False,553482.2754883491,False,False,False,False
2025-02-26 00:00:00+00:00,68.0626839009,69.1789557704,67.4347809743,68.6706534012,662305,,,,70.3742393041964,72.13372735574109,72.38972123624401,72.49260327166427,72.56934956545588,72.63526733810647,71.42515169258556,71.11240485709314,70.72066063126192,70.51112926964149,70.23806402364934,70.89448006648767,71.58064410971777,72.50170322879907,73.14687042828878,73.746021698854,74.75792054028393,75.42422799621197,76.30657321910871,76.52678110625538,76.52607471309763,76.26140590412611,,,65.03047819115075,66.41806599000752,69.75533124899606,71.91805969473752,72.35433211752502,72.40758848846978,72.61199111579535,71.83562680773703,71.24177309923807,70.77636302070769,70.55137479498048,70.19310265551199,69.6878153564471,69.8371421554033,69.96173949770414,70.4201364123451,71.3197243344522,72.19797254093251,72.21841247264304,72.75220987277442,73.51266283881766,73.68110413966441,73.94363360117657,75.13479320194281,75.84057698414745,76.49756563889366,76.50989024275987,76.50800867325503,76.32331377697959,,71.83562680773703,73.14687042828878,71.03770549108471,#000000,6.858911585423133,71.03770549108471,-0.43374543513687497,63.090245893214274,6.632823846798509,True,False,True,False,True,0.0,0.0,0.0,0.0,0.0,0,0.8319041178254223,1.0222816445572342,False,False,False,False,-0.02268363080143826,-0.06551646673338962,False,False,False,False,9335228,12322766.884324847,False,False,False,False,557749.8333123354,False,False,False,False
2025-02-27 00:00:00+00:00,68.7105202537,73.195541158,68.7005535406,70.5144953286,696427,,,70.20220498409999,70.3715442170281,72.11006337553079,72.36593160829197,72.4699197056136,72.55040872826764,72.61743436389335,71.41753643381402,71.1070081976332,70.71777793957658,70.50963693520445,70.23793196773762,70.89207627463374,71.57611157293775,72.49479392080207,73.13841948972788,73.73629288085714,74.74616657016992,75.41143361068951,76.29235586061097,76.51392927580608,76.513556236958,76.25024364297109,,,65.35579806408704,66.51675645421366,69.76274994799074,71.89583813755384,72.32996362290544,72.38526615021146,72.59064750455872,71.82490252461747,71.23548259921371,70.77313117150833,70.54948708409833,70.19314360376517,69.68993262215031,69.83854942958725,69.96264743266212,70.41934679842522,71.3159726557568,72.1917654136072,72.21216144887883,72.74470510378922,73.50339859652053,73.67151172681139,73.93350234107417,75.12241917614543,75.82707413813795,76.48456604012956,76.4971985095328,76.49610248990882,76.31193890597056,,71.82490252461747,73.13841948972788,71.03001828653048,#000000,6.754393048855182,71.03001828653048,-0.3434058421020698,64.15089740378133,7.762677093451671,True,False,True,False,True,0.0,0.0,0.0,0.0,0.0,0,0.8853099587052654,0.9711944477545721,False,False,False,False,0.1784546903238226,0.05646911179521649,False,False,False,False,10031655,12232919.359449364,False,False,False,False,563188.1535745969,False,False,False,False
2025-02-28 00:00:00+00:00,69.6075244346,69.727124992,68.242084737,69.3483898934,593858,,,69.73736738480584,70.35599796737748,72.07989584340544,72.33677086545285,72.44247105895968,72.52765093588275,72.59616001399537,71.40578282730785,71.09737611525014,70.7105791242935,70.50423249260804,70.23465851289127,70.88705808521651,71.56944616488411,72.48635384274435,73.12878584141083,73.72568024455074,74.73397441919249,75.39846734212577,76.27828279593555,76.50126443579654,76.5012186004177,76.23917374204952,,,65.55110572931682,66.57496218291834,69.75478643552582,71.8663075158331,72.29995758353887,72.3579429173731,72.56517312967426,71.8102454703857,71.22499386655443,70.76557941859762,70.54325883906535,70.18931872850051,69.68819191541895,69.83643189656422,69.96017496415186,70.41556722395748,71.30991038970173,72.18383146638462,72.204198549136,72.73581219101526,73.49313529127213,73.66100469463674,73.92257976909062,75.10976066571091,75.81355271542131,76.47174810421518,76.48468638969334,76.48436182304528,76.30067479063678,,71.8102454703857,73.12878584141083,71.00305531932244,#000000,6.6148852424849425,71.00305531932244,-0.21096826831695772,66.0641489194046,9.74199830811974,True,False,True,False,True,0.0,0.0,0.0,0.0,0.0,0,0.8987170219516633,0.9788299572366116,False,False,False,False,0.059625010045935234,0.05804706092057586,False,False,False,False,10625513,12169883.815941546,False,False,False,False,564390.8926501028,False,False,False,False
2025-03-03 00:00:00+00:00,68.5012192782,70.5344287548,68.152384319,69.5277907296,459365,,,69.56022970492937,70.34294296774458,72.05595695116662,72.31366484877266,72.420718202044,72.5095819917238,72.5792646188387,71.3962487086093,71.08948944269598,70.70458585794424,70.4996724765528,70.2318274464174,70.8829014559404,71.5640361804162,72.47959912072405,73.12112194943302,73.71727137828992,74.72436047913176,75.3882659957093,76.26723676516042,76.49132472558958,76.49153492101226,76.23047766600075,,,65.68414902443146,66.6161331487532,69.74739326563012,71.84281804354154,72.27618647388259,72.33627432309606,72.54498153276022,71.79846372212333,71.21644167274484,70.75931024576523,70.53802190623477,70.18599820814121,69.68650416670124,69.83447588213282,69.95795244908466,70.41235159128094,71.3049592907815,72.17745852003539,72.19780404822616,72.72871336070597,73.48499165050077,73.65267630607184,73.91393484924512,75.0997923939413,75.80292734894253,76.46168802875084,76.47486585434619,76.47514505713477,76.29182774446622,,71.79846372212333,73.12112194943302,70.98974173735989,#000000,6.469116511008531,70.98974173735989,-0.38467732880141564,64.3796463296371,9.74199830811974,True,False,True,False,True,0.0,0.0,0.0,0.0,0.0,0,0.8900280849583996,0.9788378426427145,False,False,False,False,0.13623416223410625,0.09714061157734105,False,False,False,False,10166148,12091305.940806584,False,False,False,False,560272.2301932361,False,False,False,False
2025-03-04 00:00:00+00:00,69.3782900328,69.5367607714,67.9430833434,68.7105202537,496333,,,69.42597606564992,70.32794397475135,72.02958018611926,72.28823096048795,72.39676786457504,72.48965342557179,72.56062501050893,71.3855527975402,71.0805778908557,70.69772865090867,70.49440323668452,70.22849761204542,70.87816151029244,71.55796117915907,72.4720967788688,73.11265020947418,73.70800597248412,74.71380836556999,75.37708956637366,76.2551581505059,76.48045638036987,76.48094577310484,76.22096163199656,,,65.812689349578,66.65718083752562,69.73832590371418,71.81689010936859,72.25002604759128,72.31240417314078,72.52274431082215,71.7853397248472,71.20680901210612,70.75215254570458,70.53198634421614,70.18208332291704,69.68437114707389,69.83207399749496,69.9552699692252,70.40861262812166,71.29937305527746,72.17035981873111,72.19068281949805,72.7208448695026,73.47600825869881,73.64349674502117,73.90441777263814,75.08886327191195,75.79129773177185,76.4506879238021,76.46412717827478,76.46506489906777,76.28214795938571,,71.7853397248472,73.11265020947418,70.97685994206836,#000000,6.2922680221943414,70.97685994206836,-0.25405305426116986,64.55303274056864,9.74199830811974,True,False,True,False,True,0.0,0.0,0.0,0.0,0.0,0,0.9018820911100801,0.976526174256141,False,False,False,False,0.15987607777151594,0.1285083446744285,False,False,False,False,10662481,12035273.590186719,False,False,False,False,557764.8094013445,False,False,False,False
2025-03-05 00:00:00+00:00,69.2387560491,69.4131735287,68.1424176058,68.1424176058,442652,,,69.34455803472576,70.31463499409125,72.00627166435231,72.26572790680049,72.37555508951552,72.4719619748136,72.54406525847098,71.37600971012967,71.07261385338032,70.69158424947541,70.4896696884563,70.22549325829402,70.87390734593876,71.5525229935054,72.46539246893249,73.10508526058135,73.69973620450016,74.70439540287262,75.36712174323367,76.24438823699855,76.47076260302285,76.47150035870392,76.21247101012058,,,65.91836693173967,66.6922631183421,69.73019783952459,71.79398699328844,72.22689179690828,72.29126511331546,72.5030264008541,71.77364976412476,71.19820668519735,70.7457418021362,70.52657024841895,70.17855273703269,69.68242427999895,69.82989137307092,69.9528391806896,70.40524571265638,71.29436839819054,72.16401353168958,72.18431657246698,72.713815568525,73.46798893774186,73.63530322675945,73.89592445399633,75.07911526347,75.78092703567508,76.44087694797729,76.45454874252843,76.45607234584963,76.27351162793055,,71.77364976412476,73.10508526058135,70.96682895905931,#000000,6.209232272709344,70.96682895905931,-0.27830701672322516,64.29746920592451,9.74199830811974,True,False,True,False,True,0.0,0.0,0.0,0.0,0.0,0,0.9461497666899006,0.9553221508087512,False,False,False,False,0.16289442102239157,0.14570138284841005,False,False,False,False,10219829,11964079.6846892,False,False,False,False,553250.581581684,False,False,False,False
2025-03-06 00:00:00+00:00,69.149055631,69.2686561885,67.7836159335,68.4414189995,437570,,,69.25906782184416,70.29988093815423,71.98211365074441,72.24247647265337,72.3536506100706,72.45367889811477,72.52695587498505,71.36589190950815,71.06407758425465,70.6848748364466,70.4844285497856,70.2220854652587,70.86929416114192,71.54676557413855,72.45842072645145,73.09728111175693,73.69125174693035,74.69480299876864,75.35699689325436,76.23348612295224,76.46095395341494,76.46194241222524,76.20386994595442,,,66.00961401198157,66.7229258564692,69.72037346269997,71.77016245277512,72.20298512405768,72.26941271958405,72.48267945906531,71.76139058390008,71.18903080940579,70.73876324046101,70.5205932134321,70.17453212594408,69.6800056581829,69.82727175916479,69.94998477003739,70.40148811878248,71.28902981843395,72.15738236914552,72.1776668659886,72.7065307449081,73.45974524422358,73.62689254066667,73.88722394421663,75.06920059111886,75.77041120649534,76.4309491097658,76.44485602617995,76.44697113914927,76.26476505749403,,71.76139058390008,73.09728111175693,70.95500031585877,#000000,6.1282168740886345,70.95500031585877,-0.2946933377137287,63.872229267197454,9.74199830811974,True,False,True,False,True,0.0,0.0,0.0,0.0,0.0,0,0.9427502880113549,0.9269950242426421,False,False,False,False,0.14289074153323977,0.14429606219082491,False,False,False,False,9782259,11878518.089211192,False,False,False,False,548714.0881863238,False,False,False,False
2025-03-07 00:00:00+00:00,70.4048614842,71.5510334931,68.5859363397,69.0892553523,606190,,,69.40873845399689,70.29835852214117,71.96387639541896,72.22384214184032,72.33569316676322,72.43838108262203,72.51245025329153,71.35963730570097,71.05963301958505,70.68249209506969,70.48317739759416,70.22195461870717,70.86724372386644,71.54291073875531,72.45254041273557,73.09008513395868,73.68296198983073,74.6847780112481,75.34607428111734,76.2213386511235,76.44994312698462,76.45121186770336,76.1942885724781,,,66.18884129842215,66.79340515514711,69.72657518819678,71.75320150241693,72.18399049917564,72.25178752627214,72.46559158661992,71.75260806720368,71.18385594048188,70.73609406086682,70.5190301657486,70.1745554693649,69.68176758428434,69.82843775736198,69.95073045022751,70.40080235600625,71.28583756008223,72.15210251732859,72.17234934805366,72.70014204216912,73.45185395165554,73.6187195522756,73.87858939108011,75.05864143288512,75.75887957830217,76.41981503597701,76.43398025475685,76.43675655661804,76.2550029013052,,71.75260806720368,73.09008513395868,70.96595266306164,#000000,6.037323805230403,70.96595266306164,-0.0929370689668072,65.50951718933213,10.350345456279037,True,False,True,False,True,0.7432772094160853,0.0,0.0,0.0,0.0,0,0.9603891267425951,0.8986168107295877,False,False,False,False,0.26792977986714,0.20611292102898246,False,False,False,False,10388449,11820084.007281343,False,False,False,False,550968.0455123503,False,False,False,False
2025-03-10 00:00:00+00:00,72.6872387889,73.0859073137,69.9264592544,69.9264592544,1401171,,,70.08867499535997,70.34425551432544,71.96241288615617,72.2172128585713,72.32752445275189,72.43013227316015,72.50381989567144,71.36614721838568,71.06929133008545,70.69564459173176,70.49653534184522,70.23410170654296,70.87430158363412,71.54522377075743,72.44926211071935,73.08333610665777,73.67328260206646,74.67055558728478,75.32934757771167,76.20138473740069,76.43157854661088,76.43331073642693,76.17855638262824,,,66.70482487543426,67.02317045201497,69.792221637455,71.75673177899499,72.17795339122897,72.24505508007262,72.4560489630583,71.75447519545031,71.1922493739039,70.74881741572172,70.53354960172604,70.18973622879682,69.69966694526674,69.84411823953845,69.96518938397759,70.41148354759532,71.28989811148259,72.15055484753596,72.17068259087706,72.69549065699178,73.44326876325785,73.60934875525018,73.86799204050772,75.04294924186635,75.74056543034818,76.40128050132249,76.41585740296802,76.41972664423412,76.23891046728134,,71.75447519545031,73.08333610665777,71.0428332089767,#000000,5.961016650668628,71.0428332089767,0.2758599205957349,69.07267774989643,13.92798188962714,True,False,True,False,True,4.494826372218945,0.0,0.0,0.0,0.0,0,0.9628308774825718,0.893498169201,False,False,False,False,0.3428282462378836,0.274470583633433,False,False,False,False,11789620,11818889.340329133,False,True,False,False,584309.3378451993,False,True,False,False
2025-03-11 00:00:00+00:00,70.8633302878,72.866639625,70.3948947711,72.7470390676,473452,,,70.19728741480837,70.35414072872236,71.95790906812353,72.21142931098976,72.32152955847451,72.4246989738839,72.49847143278214,71.36618293554875,71.07047394977512,70.6981154838908,70.49932512090781,70.2368856219233,70.87545517121401,71.54485177747573,72.44711316599242,73.08006907431894,73.66907461248962,74.6648784010587,75.32287284154255,76.19386625269374,76.42469176915097,76.42659709303172,76.17261757613079,,,66.84317367786382,67.08834277818865,69.80821262490754,71.75365176280272,72.17222916786069,72.2394667013609,72.44992201989824,71.75285617848408,71.1929702135847,70.75112196476377,70.53652850690526,70.19324956424481,69.70422256982553,69.84802388875676,69.96871421377843,70.41379762665655,71.2900877467958,72.14895013342502,72.16904128756818,72.69290228489399,73.43940996191459,73.60524025305608,73.86348863452217,75.03680242542222,75.73357595438091,76.39432573595097,76.40905846192223,76.41333621259032,76.23284516170084,,71.75285617848408,73.08006907431894,71.05760929733572,#000000,5.866408340681257,71.05760929733572,-0.0331171985060212,67.06068770124809,13.92798188962714,True,False,True,False,True,1.349466080632805,0.0,0.0,0.0,0.0,0,0.9570360002156783,0.9156314626691989,False,False,False,False,0.3428282463488402,0.30864941499113663,False,False,False,False,11316168,11799174.777963284,False,False,False,False,579961.9912630345,False,False,False,False
2025-03-12 00:00:00+00:00,70.9829308452,71.4821075741,70.0844127333,70.8731119649,441624,,,70.24492996796239,70.35853575042145,71.95004111308045,72.20276355366894,72.31294055990907,72.41717093365713,72.49121742166207,71.364237081793,71.06968047863008,70.69862844137903,70.50036035340418,70.23827758421923,70.87540018624819,71.54343826740343,72.44413842380949,73.07609784197062,73.66426806642772,74.65875800528106,75.31605164559296,76.18611234032832,76.41761857019104,76.41970149735481,76.1664863326609,,,66.95091093667206,67.14016378865436,69.8179372613122,71.74690099507318,72.16349408239839,72.23119100509054,72.44150776313442,71.74927706916726,71.19171199410604,70.75145964065204,70.53755970195527,70.19505997884997,69.7071210203483,69.8504022994529,69.97076435082646,70.41477227972378,71.28917404492219,72.14644775543962,72.1665079974353,72.68953867696521,73.43491124091383,73.60052239818533,73.8584192663503,75.03026778931009,75.72629342135582,76.38717893834976,76.40207325642837,76.4067701938391,76.22659110829787,,71.74927706916726,73.07609784197062,71.0647349919212,#000000,5.769382793358235,71.0647349919212,-0.014179011802678549,65.87098807508838,13.92798188962714,True,False,True,False,False,1.5439408388799443,0.0,0.0,0.0,0.0,0,0.9589081848501504,0.9284089298494332,False,False,False,False,0.2758720571314163,0.29226073606127645,False,False,False,False,11757792,11797551.923925508,False,False,False,False,574536.9719978175,False,False,False,False
2025-03-13 00:00:00+00:00,71.3722886937,71.7816136114,69.9097008782,70.0344950604,456243,,,70.29937647275784,70.36455081793947,71.94327722541253,72.19504551113393,72.3051990187071,72.41031109142618,72.4845655379037,71.36290678526774,71.06950104486927,70.69975135896203,70.50194482748576,70.24011015479685,70.87572251591132,71.5423433225571,72.4414059346829,73.07232466881621,73.6596209258527,74.65273917448643,75.30929604206051,76.17838186239503,76.41055440302748,76.41281417292222,76.16037065104618,,,67.06092648763325,67.19462677824733,69.82943218630867,71.74134417279191,72.15575182123736,72.22379221387483,72.43383344160428,71.74630804297315,71.19106853319529,70.75240972755181,70.53919873980364,70.19740669755706,69.71054685699409,69.85326694358754,69.97328334419603,70.41616950293549,71.28860073539815,72.14421301445164,72.16424037354116,72.6863991126149,73.43058702385574,73.59596792944828,73.85349728310567,75.02381411389267,75.71905620733988,76.38004280603512,76.39509741682119,76.40021178497695,76.2203507316262,,71.74630804297315,73.07232466881621,71.07319891348988,#000000,5.666996023767622,71.07319891348988,0.05277748192441449,65.59151782277371,13.92798188962714,True,False,True,False,False,2.1826627119102255,0.0,0.0,0.0,0.0,1,0.9745308255562372,0.9140478967829094,False,False,False,False,0.2807136565420839,0.2864871963016802,False,False,False,False,12214035,11813884.593575487,False,False,False,False,569897.9927037855,False,False,False,False
2025-03-14 00:00:00+00:00,71.7316959385,72.1709714599,71.0727826564,71.5420087816,286212,,,70.35665627571268,70.37187709859931,71.94198214037993,72.19285580337792,72.30277671956681,72.40800056299834,72.4822272052502,71.36362410883734,71.07086541885964,70.7018404715632,70.50414777385618,70.24218978587919,70.87680659001379,71.54249587780365,72.44046391442593,73.07069796289024,73.65741613473016,74.64963438399104,75.30569714900916,76.17414195663217,76.40665522127104,76.40901218281225,76.15701638159386,,,67.1375823429305,67.23358050623223,69.84032820537374,71.74094805064304,72.15364644274098,72.22163201521003,72.43121418696688,71.7460839460023,71.19217245199533,70.75440734470078,70.5415732573849,70.20000564941073,69.71372740214116,69.85603352358878,69.97581466605952,70.41796250866236,71.28909649508293,72.14360861374502,72.1636129748676,72.68518705796747,73.42859765507073,73.59382414384882,73.85111109914018,75.0204190741364,75.71514182419165,76.3761070430586,76.39124839495517,76.39659216033019,76.21692253820771,,71.7460839460023,73.07069796289024,71.08221506489706,#000000,5.5456531626088434,71.08221506489706,0.11711530717103201,65.88422473590117,13.92798188962714,True,False,True,False,False,2.7742083988072146,0.0,0.0,0.0,0.0,1,0.9910042441874278,0.9026999889790629,False,False,False,False,0.342111287991911,0.3142992421467956,False,False,False,False,12500247,11840800.766376447,False,False,False,False,558773.051813441,False,False,False,False
2025-03-17 00:00:00+00:00,72.5802963776,72.8099176729,71.2125521405,71.2125521405,342598,,,70.44522773418146,70.38418998264193,71.94338400489893,72.19289501537631,72.30232209857792,72.4072415831011,72.48127728167569,71.36604939133042,71.07399024464291,70.70574039048972,70.50800767163047,70.24562146208011,70.87899804905754,71.54352951226838,72.44011941003333,73.06950173197028,73.65549780247346,74.64659881967924,75.30203787980923,76.16968560214984,76.40252852114574,76.40498790384726,76.1534912138308,,,67.23665869845124,67.28493126222486,69.85704197357849,71.74356522139894,72.15388482725686,72.22153771731602,72.43028670955465,71.74746894268795,71.1950161860808,70.75821470521204,70.54577634145922,70.20425700503975,69.7185790084862,69.86032727778735,69.97980825824857,70.42103746660244,71.29055705651028,72.14369385257751,72.16366829317641,72.68450451155203,73.4269501620553,73.59198173572396,73.84896656698724,75.01701842672445,75.7110913946841,76.37194522529393,76.38717642115023,76.39276189795504,76.21331323877978,,71.74746894268795,73.06950173197028,71.09654619853393,#000000,5.407630798748995,71.09654619853393,0.27438082115541795,67.15729813623358,13.92798188962714,True,False,True,False,False,4.160702709387351,0.0,0.0,0.0,0.0,1,0.9887053319653216,0.8994567539043171,False,False,False,False,0.3428282466697946,0.3285637444082951,False,False,False,False,12842845,11880096.618675409,False,False,False,False,550295.5988011492,False,False,False,False
2025-03-18 00:00:00+00:00,71.981284303,72.5203951701,71.7466712404,72.0312019759,384822,,,70.5290431345191,70.39693758105773,71.94422658370384,72.19229703171833,72.30122692614488,72.40591129851435,72.47977149530793,71.36837375876101,71.07711384914418,70.70975261941025,70.51202130092638,70.2492297398005,70.88123175023296,71.54447872432594,72.4395430896219,73.06797976422622,73.65317454166153,74.64303382276296,75.29778169958973,76.16454327584192,76.39777280437364,76.40035004903625,76.14942093961372,,,67.34088099811905,67.34000326809644,69.87460351587288,71.74571942323963,72.15348438464918,72.22083167872863,72.4287217689998,71.74861191723127,71.19781843579378,70.7621192343078,70.55013695390605,70.20872955974272,69.72374775675982,69.86488902208157,69.9840393001794,70.42425036452998,71.29197988258751,72.14359226941787,72.16353380839914,72.68355339816348,73.42492707773388,73.5897427989763,73.84639216631224,75.01304859646638,75.70640013507465,76.36714823504137,76.38248320759041,76.38834688237348,76.209147694311,,71.74861191723127,73.06797976422622,71.110872445166,#000000,5.220260575861042,71.110872445166,0.16673724332054676,66.38729513093935,13.92798188962714,True,False,True,False,False,3.08106570246521,0.0,0.0,0.0,0.0,1,0.9898494397435862,0.9124580506905436,False,False,False,False,0.34282824676760715,0.33569599558795116,False,False,False,False,12458023,11902760.398335196,False,False,False,False,543806.4380638492,False,False,False,False
2025-03-19 00:00:00+00:00,71.6418441273,72.0312019759,70.6434906696,71.8115642151,431405,,,70.57841384893736,70.40563028733274,71.94082516235588,72.18773769788928,72.296430978746,72.40148668100336,72.4753806194874,71.36862903563176,71.07836514737375,70.71212634269702,70.51466189765891,70.25184328083465,70.88238928038024,71.54427068802876,72.43773703450343,73.06516757757788,73.6495135650713,74.63804682385965,75.29207067035134,76.15788679853257,76.39166007428726,76.39438892148932,76.144146619904,,,67.43735561578501,67.39207687800946,69.88831841368783,71.74355016472512,72.14900063387152,72.21639624148268,72.42374945852049,71.7474327181162,71.19866832989952,70.76434818103581,70.55295453987746,70.21200411295509,69.72794101299058,69.86850243469839,69.98731319836175,70.42644473547557,71.29227498625319,72.14227711055094,72.16218554617143,72.6813516837854,73.42158165444897,73.58617156080813,73.84246452933115,75.0076357792226,75.70022337601048,76.36097695998079,76.37644789450411,76.38266953545549,76.20376070047112,,71.7474327181162,73.06516757757788,71.1202961218294,#000000,5.049027889728779,71.1202961218294,0.10329671708322105,64.97432287643483,13.92798188962714,True,False,True,False,False,2.4701181474278435,0.0,0.0,0.0,0.0,1,0.9737436057113944,0.9198722197022369,False,False,False,False,0.28306595604643725,0.3093809758171942,False,False,False,False,12026618,11907617.559184797,False,False,False,False,539398.5385319336,False,False,False,False
2025-03-20 00:00:00+00:00,71.9014160263,72.1310373216,71.1027332602,71.2524862788,388605,,,70.63123035759817,70.41537284819292,71.93944459448839,72.18515708139692,72.2935164875558,72.39865559298067,72.47248992084623,71.36974493445535,71.08033257808778,70.71504932330625,70.51772621104236,70.25472668812807,70.8839371808685,71.54456723859795,72.43655864891115,73.06306634406526,73.64663194156792,74.63394990347848,75.2873039912878,76.15225255102712,76.38646934713263,76.38932646741891,76.13968062126382,,,67.5261175927699,67.44095185657223,69.90260668609892,71.74334882202932,72.14654319945905,72.21383085641578,72.42054221113725,71.74731070556575,71.2002928062783,70.76715069454082,70.55625444400708,70.21559168474725,69.73230040099061,69.87230633848705,69.99080175425658,70.42894389686838,71.29303282406214,72.14155457241924,72.16143189186718,72.67980917317863,73.41899119094622,73.58337228636162,73.83933793392977,75.00314573882036,75.69503002194377,76.35573861776943,76.37132371255754,76.37784824777061,76.19919586559385,,71.74731070556575,73.06306634406526,71.13048445748879,#000000,4.855235179488287,71.13048445748879,0.15878356872765506,64.45912012075158,13.92798188962714,True,False,True,False,False,2.9102673999267843,0.0,0.0,0.0,0.0,1,0.975586716275811,0.9243632737288302,False,False,False,False,0.3038048865212362,0.3065929311692152,False,False,False,False,12415223,11927523.654903041,False,False,False,False,533485.066432642,False,False,False,False
2025-03-21 00:00:00+00:00,71.5220417124,71.9313666301,70.9330131723,71.1626344676,890896,,,70.71143629534967,70.43297242010728,71.93294038283022,72.17628121257233,72.28412337603194,72.38992542343141,72.46379741317993,71.37042876402212,71.08303235579952,70.72002427813398,70.52323624990207,70.26016920637224,70.88640069763856,71.54423395073266,72.4329462402318,73.05738851176416,73.63920991309328,74.623802147219,75.2756644323498,76.13866650710041,76.37397966187949,76.37714468097522,76.1289007886058,,,67.70498543505114,67.5426210252048,69.93012843900883,71.73932804168243,72.13783755060919,72.20517175080074,72.41074631185782,71.74509392328628,71.20217980285943,70.77183219331236,70.56213026467876,70.22239063302021,69.74097146609479,69.87979271050452,69.99759418877662,70.43352916870677,71.29373037973184,72.13895067152392,72.15875991097101,72.67538438923842,73.41221806319663,73.57613466729804,73.83136776628362,74.99212105231224,75.68243206804524,76.34313086395446,76.35899168227016,76.36624346806806,76.18818557626827,,71.74509392328628,73.05738851176416,71.14774431975658,#000000,4.645734803053387,71.14774431975658,0.08056796362922138,63.025191440438206,17.023248382911362,True,False,True,False,False,2.211473648381407,0.0,0.0,0.0,0.0,1,0.9737990282450637,0.9217412605372645,False,False,False,False,0.29007500673357567,0.2983339689513954,False,False,False,False,11524327,11911712.021377433,False,False,False,False,547501.1814744993,False,False,False,False
2025-03-24 00:00:00+00:00,71.0328485181,72.0012513721,70.408877607,71.0028979144,549220,,,70.73593686509868,70.44030418549691,71.92639837758291,72.16855505765695,72.27626246906549,72.38282714129161,72.45685361678004,71.36941696336346,71.08331285141551,70.72177262973997,70.5254741001822,70.26262856223966,70.88708512194803,71.54324786511864,72.43001548488462,73.05322217859474,73.63400213297093,74.61695949955359,75.26793527449567,76.12976952995423,76.36582058001046,76.36918622358186,76.12183379235617,,,67.79880432875787,67.59794928597387,69.94323175636433,71.73415829936108,72.13013330891197,72.19771472451252,72.40283731436793,71.74224452965467,71.20193865830126,70.773386418762,70.56446226977008,70.22549134724838,69.74530501323551,69.88346260448427,70.00085796415195,70.43547763169134,71.29335987263339,72.1366140641828,72.15638379775224,72.6719696644012,73.40739626723291,73.57103727438157,73.82583222395205,74.9847562380031,75.67412702557897,76.334892053689,76.35093379057697,76.35865959091757,76.18097344447371,,71.74224452965467,73.05322217859474,71.15420193912294,#000000,4.415130170048562,71.15420193912294,-0.027485808197951878,60.70228226001905,14.705441194153892,True,False,True,False,False,1.3108834679535484,0.0,0.0,0.0,0.0,1,0.9842098155565494,0.9201813156365998,False,False,False,False,0.27333506266489693,0.2858345158081462,False,False,False,False,10975107,11874982.412695965,False,False,False,False,547568.5861225581,False,False,False,False
2025-03-25 00:00:00+00:00,71.1027332602,71.9213830955,70.3140340285,71.4421734358,502444,,,70.75435036699447,70.4465561018038,71.92024399966468,72.16134942247142,72.26894598982194,72.37622238107386,72.45039723555587,71.36835476478232,71.08342914058441,70.72322939768947,70.5273931646852,70.26477819194483,70.88762457896601,71.54227074363529,72.4272732793792,73.04935697448124,73.62919023318803,74.61066036816968,75.26082995109137,76.12160113758985,76.3583288392536,76.36187817918554,76.1153409262545,,,67.87941309274736,67.6466146340869,69.95463379052693,71.72923026122018,72.12294252556607,72.1907603550446,72.3954891470987,71.73950971833237,71.20157909495383,70.77466535877888,70.56645260034085,70.22820303614513,69.74914795871321,69.8867090978799,70.00373710424098,70.43716385695335,71.2929416688613,72.13441090153003,72.15414485342359,72.66878780345371,73.40293515221295,73.56632575422043,73.82072228537922,74.97798221162789,75.66649746116175,76.32732716220804,76.34353461120344,76.35169450533516,76.1743479305142,,71.73950971833237,73.04935697448124,71.1593958389399,#000000,4.247885073883734,71.1593958389399,-0.013339009355094949,59.30892495236901,13.320541185958241,True,False,True,False,False,1.4359631601294076,0.0,0.0,0.0,0.0,1,1.0097922201599343,0.9113230125022385,False,False,False,False,0.26693668886122723,0.2763856023346867,False,False,False,False,11477551,11859396.867100045,False,False,False,False,545798.9945099087,False,False,False,False
2025-03-26 00:00:00+00:00,69.6950548847,71.2275274424,68.5768990121,70.6734412733,650761,,,70.69951293475832,70.43925727311535,71.89999658510078,72.14095060255825,72.24926853510482,72.35920897979418,72.43421535241244,71.36017095657837,71.07705748959896,70.71895433805747,70.52446714953138,70.26336918630022,70.88436936399611,71.53726148727591,72.42029787978558,73.04108107800924,73.61983001788052,74.5995632277481,75.24883560857319,76.10836839391294,76.34629813993814,76.35014306148086,76.10481183149263,,,67.93908532471579,67.68513553175376,69.95311899944424,71.70995394031316,72.10217197648375,72.17134960370657,72.37672514841287,71.72884346061315,71.19447357259396,70.77009164490683,70.56302084245137,70.22664539342624,69.74945265323885,69.88652655193475,70.00316692359901,70.43522230732059,71.2885776363753,72.12801533151398,72.147713795946,72.66131297335374,73.39396904611439,73.55708181863038,73.81101873713872,74.96635090934235,75.65388755936235,76.31516545691083,76.33164559129254,76.34050423672022,76.16362951179754,,71.72884346061315,73.04108107800924,71.15047711250115,#000000,4.090463711727332,71.15047711250115,-0.3558086149568972,54.79694252231751,9.078996632099098,True,False,False,False,False,0.0,0.0,0.0,0.0,0.0,1,0.9850555405110191,0.9258371731523241,False,False,False,False,0.17985122824723077,0.22811841529095872,False,False,False,False,10826790,11818902.480154946,False,False,False,False,549915.1515879516,False,False,False,False
2025-03-27 00:00:00+00:00,69.9945609221,70.3689434687,69.4854006586,69.8348243688,295370,,,70.67978485601914,70.43662713067752,71.89144627983437,72.1322707381837,72.24086728612849,72.35191436134845,72.42726243760069,71.35676631360874,71.07445567246052,70.71728084357812,70.52336959177957,70.26290501625216,70.88306146914015,71.53515228122764,72.41728619951196,73.03747469308526,73.61572699018546,74.5946660724102,75.2435257507835,76.1024917605061,76.3409496127353,76.34492553453532,76.1001330175849,,,67.96657593606086,67.70309924120747,69.95309939107555,71.70186844462587,72.09334595632843,72.16307808110962,72.36868470117771,71.72433654125199,71.19154664092481,70.76828659020416,70.56172068282093,70.22615052665711,69.74978163904711,69.88662404745827,70.0030858289788,70.4345148697657,71.28676329860396,72.12527093754544,72.14495288470012,72.65807244489324,73.39004694870043,73.55303198983479,73.80675852183133,74.9612083777768,75.64829626517825,76.30975938877073,76.32636013280064,76.3355285032583,76.158865829449,,71.72433654125199,73.03747469308526,71.14712987217031,#000000,3.943163848723219,71.14712987217031,-0.292295474975888,52.5592105084956,7.096600419290887,False,False,False,False,False,0.0,0.0,0.0,0.0,0.0,1,0.992495982413856,0.9355246881389381,False,False,False,False,0.18160832456938591,0.20486336993017232,False,False,False,False,11122160,11791579.245639065,False,False,False,False,539932.9887805809,False,False,False,False
2025-03-28 00:00:00+00:00,70.4538035126,70.6984001098,69.9546267838,70.2042151482,316683,,,70.6712575667562,70.43623954632389,71.88432355065808,72.12481382946379,72.2335637363553,72.34549887361784,72.4211052296287,71.35421653544063,71.07271434783185,70.71647032237586,70.5230541077836,70.26307295413841,70.88229135556978,71.53349350730903,72.4146126443712,73.03414121035587,73.61184005967374,74.58989993156489,75.23829454281703,76.09663206616945,76.33560064248725,76.3397071208963,76.09546594477622,,,68.00128532363335,67.72558144138263,69.9555936501369,71.69533644916447,72.08579840168846,72.15594494562593,72.36160709062854,71.72066542032285,71.18947814409887,70.76734683204862,70.56128357240617,70.22642350382729,69.75087069284547,69.88742162226102,70.00367908891153,70.43441260740971,71.28543179764878,72.12290179936775,72.14256436758758,72.65514323647862,73.38636305418574,73.54920411427304,73.8026967451547,74.95616680881429,75.64275388287423,76.30435488143115,76.32107499842071,76.33055206059886,76.15411087645211,,71.72066542032285,73.03414121035587,71.14594206185913,#000000,3.7620165592637598,71.14594206185913,-0.183980729046706,52.22779119030002,6.844077297460132,False,False,False,False,False,0.2620496064887625,0.0,0.0,0.0,0.0,1,0.9931876894002878,0.9559130306510095,False,False,False,False,0.20988103546394676,0.20737220269705953,False,False,False,False,11438843,11777746.451692436,False,False,False,False,531178.0872597739,False,False,False,False
2025-03-31 00:00:00+00:00,70.6534742042,70.8531448957,69.4554500549,69.7349890231,469138,,,70.65756705103368,70.4352675628103,71.87356138294587,72.1135818596315,72.22257101819994,72.3358406605304,72.41183838423439,71.35027955333858,71.06997467887093,70.7151107565518,70.52244351153024,70.26320781697432,70.88104789064799,71.53094337247526,72.41057168818675,73.0291290968031,73.60601356315972,74.58277855015659,75.23048898081028,76.08790047944449,76.32763026058322,76.33193088854112,76.08850789987056,,,68.04988826207365,67.75760305362117,69.95880917691639,71.68542891235593,72.07442715556394,72.14519893239823,72.35096215497792,71.71507054140672,71.18625381343513,70.76579512893969,70.56047812072855,70.22668971318905,69.75235159991315,69.88848040452655,70.00443878618138,70.43415047370614,71.2833629010711,72.11930762062757,72.13894182870972,72.65072632580566,73.3808351626266,73.54346455554862,73.79661288025132,74.94864013079466,75.63448975813726,76.2963016855037,76.31319941628044,76.32313558992365,76.14702253485153,,71.71507054140672,73.0291290968031,71.14375150199182,#000000,3.5871196520510003,71.14375150199182,-0.13667715196271624,52.5085180588069,6.844077297460132,False,False,False,False,False,0.6329197520749545,0.0,0.0,0.0,0.0,1,0.987779354983491,0.9514801841334575,False,False,False,False,0.19765039791037117,0.20251130030371534,False,False,False,False,11907981,11782853.688880969,False,False,False,False,528745.1426613514,False,False,False,False
2025-04-01 00:00:00+00:00,70.6534742042,71.0328485181,69.6800795829,70.633507135,385669,,,70.65128062531979,70.43540628931625,71.86558265938955,72.10513877646659,72.2142620333399,72.32849600876057,72.40476837935624,71.34748617482332,71.06813979563348,70.71437959675687,70.5222777903777,70.26357705867144,70.88027465621877,71.52908754604208,72.40747484630727,73.0252269335109,73.60143501136601,74.57712654049381,75.22426635505684,76.08090945059283,76.3212404306032,76.3256962284951,76.08293374423215,,,68.09062648752698,67.78469490791981,69.96237930373772,71.67818430894091,72.06589825988016,72.13710429797285,72.3428694046575,71.71094583010077,71.1840309790679,70.7649113767981,70.56018991077099,70.22721960600607,69.75385061144567,69.88961715619848,70.00532559548859,70.43419079107905,71.28190592568446,72.11658424174013,72.13619452999272,72.6473170803964,73.37650519221462,73.53895812649849,73.79182066780236,74.94265054471391,75.62788701163352,76.28984648490182,76.3068857910673,76.31718894427526,76.14134273859668,,71.71094583010077,73.0252269335109,71.14282927478827,#000000,3.365509117609989,71.14282927478827,-0.14540298465623805,52.69566930447816,6.844077297460132,False,False,False,False,False,0.6329197520749545,0.0,0.0,0.0,0.0,1,0.9936377289670012,0.949826588814141,False,False,False,False,0.21201433546676418,0.20726281788523976,False,False,False,False,11907981,11787760.642258186,False,False,False,False,523134.3135373768,False,False,False,False
2025-04-02 00:00:00+00:00,71.1726180022,71.272453348,70.1043798024,70.2341657519,320992,,,70.65629085388721,70.43776158793976,71.86084817795249,72.09984111235238,72.2089430923646,72.3237045147148,72.40010543237477,71.34619646747959,71.06759856556337,70.71469628847787,70.5229509338265,70.26451264514284,70.88022866779798,71.52811337414205,72.40542402194168,73.02248518978278,73.5981108283956,74.57288312156841,75.21952687803693,76.07551100777764,76.31628960233502,76.32086512049943,76.07862730246798,,,68.12897645744454,67.8101006079856,69.96765710212432,71.67414318979517,72.06058943082546,72.13199211553949,72.33758266946195,71.70860523994544,71.18318701762132,70.7651121464098,70.56085000097613,70.22841751741518,69.75579187672746,69.89121674927271,70.00670531474427,70.43484402131091,71.2812739598271,72.11486085995043,72.1344496812114,72.64499669613035,73.37339633416086,73.53569584420933,73.78831278380801,74.93811462169259,75.62282237564375,76.28484710330024,76.30199477845845,76.31258109319334,76.13695135240748,,71.70860523994544,73.02248518978278,71.144196603513,#000000,3.089721220313378,71.144196603513,0.009198693558546609,54.21348131533473,6.844077297460132,False,False,False,False,False,1.618716074760144,0.0,0.0,0.0,0.0,1,1.0048063878066924,0.9430748202052208,False,False,False,False,0.23579086002327565,0.2215268389542577,False,False,False,False,12228973,11805063.087659827,False,False,False,False,515207.1639868915,False,False,False,False
2025-04-03 00:00:00+00:00,70.7033918771,72.5503457739,70.6434906696,71.3123874863,612832,,71.29907610686666,70.68583658249705,70.44700722590808,71.85589323424479,72.09344086777713,72.20222147129769,72.31740463587914,72.39383769982459,71.34596448089346,71.06868897194519,70.71729349146769,70.52598428411274,70.2676552633397,70.8814326101453,71.52748797290644,72.40265003078873,73.01834826506654,73.59282042222915,74.56578280319535,75.21143418892248,76.06611869877723,76.3076371794011,76.31242074231119,76.07112990187673,,,68.21092276962165,67.8644518951944,69.98260477315021,71.67068213317116,72.05429500330216,72.12572454898545,72.33060929554885,71.706491062364,71.18374304873832,70.76751188663562,70.5640482703926,70.23233604760901,69.76099320903403,69.89568024659003,70.01072393792009,70.43742949253584,71.28132353099312,72.11274746363053,72.13229196601765,72.64168775802749,73.36853502449752,73.53052760472859,73.78265914666157,74.93043114926546,75.6140901455414,76.27611471029212,76.29344868729055,76.30452711850684,76.12929829348185,,71.706491062364,73.01834826506654,71.18032038469228,#000000,3.0267129664206656,71.18032038469228,-0.1575730876642338,53.673229669411455,6.844077297460132,False,False,False,False,False,0.6933098896430501,0.0,0.0,0.0,0.0,1,1.0336650798057427,0.9147132557293622,False,False,False,False,0.30231529043209776,0.2619210646931777,False,False,False,False,11616141,11797654.378339833,False,False,False,False,519035.58892858203,False,False,False,False
2025-04-04 00:00:00+00:00,68.2274753019,69.8497996707,67.2890230516,69.2258287596,781317,,69.70542510151206,70.56236548046085,70.42011948683667,71.81807983504747,72.05674324772822,72.1672615932769,72.28736672876467,72.36545999926699,71.32793428733719,71.05308817023212,70.70454941051655,70.5157182181697,70.260664039704,70.87257456660531,71.51683040333111,72.39007224643137,73.00442662380195,73.57779248383211,74.54893367348734,75.19370083092376,76.04708642220157,76.29041061091564,76.29561254727292,76.05592962752205,,,68.21872388539553,67.87596069911984,69.96105412129896,71.63329512708206,72.01676513091148,72.09084767285725,72.29771588393577,71.68523326756838,71.16715529231845,70.75433965002948,70.55246538683316,70.22408327125396,69.75540735714125,69.88988212798637,70.00458250921658,70.42989862841976,71.27132677921743,72.10070760214833,72.12022360121627,72.62860734046784,73.3538989891683,73.51562016972201,73.76727784861296,74.91304798260427,75.59570506275185,76.25869011416337,76.27641568283215,76.2884841168987,76.11385267115477,,71.68523326756838,73.00442662380195,71.07324673304903,"rgba(239, 83, 80, 0.5)",2.9840918631160522,71.07324673304903,-0.9536473948149227,47.69099815090753,2.1538496592963554,False,False,False,True,False,0.0,0.0,0.0,0.0,0.0,1,1.0054691848014645,0.9262307324427853,False,False,False,False,0.0873284455069385,0.1746247551000581,False,False,False,False,10834824,11759896.324287292,False,False,False,False,529321.1344607945,False,False,False,False
2025-04-07 00:00:00+00:00,68.1575905598,71.272453348,66.9895170143,67.2590724479,909480,,69.35053465162653,70.45607039313197,70.3951535853897,71.77959587065482,72.01902222133536,72.13115220408561,72.25613492891016,72.33585834642643,71.30975860556211,71.03758420452124,70.69218218317874,70.50591029794316,70.25416320716087,70.86383051552542,71.50592946847486,72.37682929503028,72.98957045061255,73.56160121622727,74.53056067900485,75.17424492775042,76.02607076528724,76.27134754220293,76.27700967874651,76.03912602397321,,,68.23977214847498,67.89658750749138,69.94239594914724,71.59554449952704,71.97826379573746,72.05491646275719,72.26355827618505,71.66348800527776,71.15056607708853,70.7415074600902,70.5413724225318,70.21646067549784,69.75070500401817,69.88482901586171,69.99910085944968,70.42275019508419,71.26121872538221,72.0881324780019,72.10761128670033,72.61475619657757,73.33818482564095,73.4995736768798,73.75066100516837,74.89402431002509,75.57546922804342,76.23941300821548,76.2575675510311,76.27072523961701,76.09677220828311,,71.66348800527776,72.98957045061255,71.02987325967104,"rgba(239, 83, 80, 0.5)",2.92733951083552,71.02987325967104,-0.9811922017378949,43.58543595862819,-1.5368913736902456,False,True,False,True,False,0.0,0.0,0.0,0.0,0.0,0,0.993762588659044,0.9175756655299389,False,False,False,False,0.1260412930018692,0.15033302405096366,False,False,False,False,9925344,11687953.095883869,False,False,False,False,544229.3252662536,False,False,False,False
2025-04-08 00:00:00+00:00,66.2906695939,69.1259934138,65.2923161361,69.1259934138,724239,,68.76510454585008,70.29266248256386,70.35265090056195,71.7304714494899,71.97217359467605,72.08679924781192,72.21815819008255,72.30011082113941,71.28460678661418,71.01498649479794,70.6726227205569,70.48952148100298,70.24227535121354,70.85052641470836,71.49123412488404,72.36076818803487,72.97246581082089,73.54365607597782,74.5111761522205,75.15423018426002,76.00503308056946,76.25238321504548,76.25850391560283,76.02229346741575,,,68.20271030934957,67.87935348076704,69.90377827563167,71.54616614758113,71.93025093809997,72.01042093087891,72.22211614662575,71.63502356952888,71.12692849610731,70.72147512316863,70.52305678632534,70.20233281729986,69.73951126822449,69.87379463903491,69.98786109359729,70.41045112227526,71.24703248760542,72.0724181795247,72.09188433694003,72.59832033369605,73.32052497852219,73.48172224771625,73.73244407989041,74.87424935242568,75.5549337043566,76.22022037611701,76.23880919234631,76.25305253447792,76.07969110292998,,71.63502356952888,72.97246581082089,70.95979739656633,"rgba(255, 0, 0, 1.0)",2.9046277836768812,70.95979739656633,-1.6074788752298634,38.19966047523745,-6.3212728913918355,False,True,False,True,False,0.0,0.0,0.0,0.0,0.0,0,0.9876373798604572,0.9433389744996014,False,False,False,False,-0.005593643912209086,0.07236969006937728,False,False,False,False,9201105,11590429.641143326,False,False,True,False,551288.5281969887,False,False,True,False
2025-04-09 00:00:00+00:00,69.33564764,69.9346597146,64.2839791438,66.120949506,798638,,68.57440939363579,70.17483112233663,70.3195261582479,71.68785522289491,71.93097862823903,72.04754476016717,72.18426215045439,72.26806460971339,71.26313397054533,70.99603401497923,70.6566548663429,70.47635473589982,70.23295931301254,70.83945886384538,71.47846489501663,72.34622492925254,72.95664520900799,73.52678957746193,74.49256472979513,75.13479543172129,75.98435209150854,76.23367198060656,76.24024185175595,76.00572652755966,,67.85142883280001,68.19228924803863,67.87882939171766,69.87542034198582,71.50378538390405,71.88814008036657,71.97118476565535,72.18517055992535,71.6102397061113,71.10695055010851,70.70505285064631,70.50830808070896,70.19133112785578,69.73136254452959,69.86557555861953,69.9793425907234,70.4006284066063,71.2348877958639,72.05835874356045,72.07780145730034,72.58330538722274,73.30402449002493,73.464970538251,73.71524201538104,74.85513723302262,75.5348711344076,76.20129251206376,76.22030347506164,76.2356104932989,76.0628678784472,67.85142883280001,71.6102397061113,72.95664520900799,70.77550394459135,#000000,2.909017532590777,70.77550394459135,-0.494963089242369,41.5578987450036,-6.3212728913918355,False,True,False,True,True,0.0,1.0,69.93466,64.28398,0.0,0,1.0032626477110766,0.9200539101555332,False,False,True,False,-0.012397942577459896,0.029985873745958694,False,False,False,False,9999743,11528049.772863196,False,False,False,False,560988.5074833813,False,False,False,False
2025-04-10 00:00:00+00:00,68.4171624588,68.8664215148,66.8597310648,68.1276399561,441951,,68.51988194626671,70.11949515812134,70.30299837491815,71.66585872187636,71.9096144018584,72.02713510491161,72.16656972675243,72.25130807177418,71.25204359626841,70.98629212645824,70.64850905637574,70.46966563636465,70.22825759045159,70.83376947197011,71.47181751857707,72.33856701036625,72.94826742315811,73.51782028802262,74.48261333789158,75.12437373447749,75.97322785801248,76.2235950222664,76.23040576814134,75.99680759480461,,67.9213745742399,68.1899550925288,67.88056596313932,69.86155176017829,71.48198637223851,71.86632372557175,71.95080846900333,72.16590695383923,71.59737297813423,71.09665999171007,70.69666534109129,70.50081419347252,70.18579430108768,69.72735116870437,69.86149650828379,69.97509001798198,70.39564122002508,71.22859225820089,72.0509799395269,72.07040857248253,72.57538023695452,73.29526341987984,73.4560659760788,73.70608320071081,74.8449008399662,75.52409630251634,76.19110038161699,76.21033725623825,76.22621479918821,76.05380965748904,67.9213745742399,71.59737297813423,72.94826742315811,70.76068515548947,"rgba(239, 83, 80, 0.5)",2.908159018545149,70.76068515548947,-0.8058440689608023,42.396496494328076,-6.3212728913918355,False,True,False,True,True,0.0,0.0,0.0,0.0,0.0,0,1.0154490116770265,0.9198314573351098,False,False,False,False,0.03899053895329819,0.034488206349628445,False,False,False,False,9557792,11450784.76216268,False,False,False,False,556320.3699350135,False,False,False,False
2025-04-11 00:00:00+00:00,69.9146926454,70.0245115258,67.1292864984,68.7765697036,542275,,68.57657524717683,70.08557163715022,70.29167160666717,71.64640595780975,71.8902575592688,72.0084420996771,72.15015725227568,72.23565591016674,71.24264897521893,70.97836368643222,70.64230466478095,70.46479243855644,70.22508356999495,70.82925232941248,71.46600895041269,72.3313347218032,72.94006442881796,73.50880959790325,74.47228872765324,75.1133842624678,75.96129497113726,76.21273497759744,76.21980340464867,75.98723034984366,,68.25639275960897,68.20614006353114,67.89479328193949,69.8538146693216,71.46310016804011,71.8466407697247,71.93226821048444,72.14805290877555,71.58601391957981,71.08813559197883,70.69020768508817,70.49531153431394,70.18212010010483,69.72529750958294,69.8591937276178,69.97252452760404,70.3920800861366,71.22325905992703,72.04415935605543,72.06356426388503,72.56777986862922,73.28654346249904,73.44714260328007,73.69681526961769,74.83417848339924,75.5126365800084,76.18012261458905,76.19959864316645,76.21608663837038,76.04407336424497,68.25639275960897,71.58601391957981,72.94006442881796,70.76905511374142,#000000,2.917867921144038,70.76905511374142,-0.2928036811229078,45.47215395684729,-11.109856737394267,False,True,False,True,True,0.0,0.0,0.0,0.0,0.0,1,1.0093950094732609,0.9200520373243045,False,False,False,False,0.08784264914313898,0.06116542774638371,False,False,False,False,10100067,11397815.438156301,False,False,False,False,555769.5711140325,False,False,False,False
2025-04-14 00:00:00+00:00,70.373935236,70.7033918771,69.4954840285,69.9047091109,512155,,68.73190514008849,70.0885625287327,70.29083680126789,71.63635850890564,71.87956367036475,71.99782397224155,72.14054430680886,72.22633608188562,71.23847950290563,70.97537208258844,70.64068354883581,70.46392404078622,70.22499886318889,70.82775210898032,71.46315906564762,72.3269344626506,72.93464934999533,73.50253985987342,74.4646558894571,75.10502511697932,75.95195346681695,76.20416967274153,76.21143913487468,75.97972226223322,,68.68810444897241,68.24191109692467,67.92149002961148,69.8567264718823,71.4539391344158,71.8358867080187,71.92191627326363,72.13760916315235,71.58022475021282,71.08466600032895,70.68839509115091,70.49424501544645,70.18214633037314,69.72657592539865,69.86005179744622,69.97307886051061,70.39158849766423,71.22090706981814,72.04022538961631,72.05960068348978,72.56298694958126,73.28058779689151,73.44096418890925,73.69027489106563,74.82611614301317,75.50379182232246,76.1714725062115,76.19113188610358,76.2080962603891,76.03642830830283,68.68810444897241,71.58022475021282,72.93464934999533,70.79641283362864,#000000,2.931665276199625,70.79641283362864,-0.14410840182147544,48.22493764482014,-8.595608816759814,False,True,False,False,True,0.42178380161925944,0.0,0.0,0.0,0.0,1,1.035375748517447,0.9169974927342124,False,False,False,False,0.19376671385424366,0.1274660708003137,False,False,False,False,10612222,11367007.85234625,False,False,False,False,554059.1957762274,False,False,False,False
2025-04-15 00:00:00+00:00,70.9629637761,71.4521569704,70.373935236,70.5835894621,398816,,68.88509552819893,70.106752751576,70.29493301122103,71.63258005338501,71.87493158567032,71.99298670768187,72.13593557116126,72.2217501272074,71.23752914784603,70.97523731901924,70.64148956254778,70.46507129821944,70.22635749188619,70.82793832310585,71.46223218970455,72.32470122933002,72.9315787585893,73.49875946218808,74.45975517264463,75.09951107739394,75.94563025133131,76.19833405216158,76.20573916251762,75.97463356222305,,69.01996527922032,68.2791097102226,67.94848122671223,69.86389479144654,71.45101575017594,71.8313263940989,71.91734414548588,72.13261054990322,71.57812937510309,71.08420070075469,70.68907531108701,70.49542990182212,70.18387409498506,69.72914260147505,69.86220186822165,69.97496572246847,70.39261061920406,71.22039131246042,72.0383926902947,72.0577414317486,72.56042626691715,73.27707105751688,73.43725917274766,73.68627038815607,74.82085486594364,75.49787959247448,76.16558385059086,76.18536502622231,76.20265091309794,76.03123952313396,69.01996527922032,71.57812937510309,72.9315787585893,70.82319048630453,#000000,2.9431431219689848,70.82319048630453,0.047491163019609366,50.95301677104786,-6.071059832214402,False,False,False,False,True,1.4409899214102317,0.0,0.0,0.0,0.0,1,1.0563822522275645,0.9001737821001562,False,False,False,False,0.25202845836422,0.18974726458226684,False,False,False,False,11011038,11353048.250293456,False,False,False,False,547971.2273144146,False,False,False,False
2025-04-16 00:00:00+00:00,70.2341657519,71.1426673985,69.6601125137,70.7832601537,394342,,68.97926707232206,70.11175423406557,70.29525251878894,71.62581203392139,71.86759307738262,71.98564300556028,72.12922313810127,72.21521208934324,71.23482329378862,70.97340637618373,70.6406759741317,70.46478114423702,70.22658447110088,70.8270687189175,71.46031725120034,72.32157851499232,72.92766876949932,73.4941850904474,74.45412327327364,75.0933115526065,75.9386674367032,76.1919383557522,76.19949267020147,75.96903069470918,,69.18924721941325,68.30700784185755,67.96956162948511,69.8670563437937,71.44495448421955,71.82397043196008,71.91021561133728,72.12532852167651,71.57421657349688,71.08201470461474,70.68812068060303,70.495027982093,70.18424296194922,69.73044034397105,69.86316083700798,69.97568726769673,70.3925225802608,71.2188621888085,72.03563503054951,72.05496034819738,72.55699821612149,73.27274150962879,73.43275570216313,73.68148571720876,74.81488783524162,75.49130322403845,76.15912621933687,76.1790430036626,76.19668254681721,76.02553313036098,69.18924721941325,71.57421657349688,72.92766876949932,70.83557801006562,#000000,2.952931303379427,70.83557801006562,-0.20366618670652745,51.39839534390529,-5.609023277617176,False,False,False,False,True,0.14443291791651802,0.0,0.0,0.0,0.0,1,1.0536308162995736,0.8972869269359827,False,False,False,False,0.21172158293535842,0.20073442375881262,False,False,False,False,10616696,11324171.691458419,False,False,False,False,541946.5517334571,False,False,False,False
2025-04-17 00:00:00+00:00,71.4721240395,71.8864407245,70.0644456641,70.0644456641,514025,,69.14686508484948,70.13909615294122,70.3021412920317,71.62251122295034,71.86307647114957,71.98076324438927,72.12441690701574,72.2103544801419,71.23445373005326,70.9740393012832,70.64246311142291,70.46691600205254,70.228846816036,70.82780483219969,71.45960501728082,72.31915532548344,72.92415431410296,73.48974350149763,74.44822189533096,75.08660443147706,75.93090432284265,76.18475384095315,76.19247390198497,75.96277467559636,,69.4677578386981,68.35601573592923,68.00550332720567,69.87786168714054,71.44279734394686,71.81959085838224,71.90569466768386,72.12012753226192,71.57243120887671,71.08224141762,70.68975571704054,70.49727958823829,70.18707817290955,69.73430014550489,69.86645634970063,69.9786365445301,70.3943471463479,71.21868518108901,72.03373926984624,72.05302924699927,72.55414710190908,73.26864537830254,73.42841242481408,73.67675156655093,74.80851360509597,75.48407720310078,76.1518788583295,76.17194355486899,76.18997607213025,76.01915119791056,69.4677578386981,71.57243120887671,72.92415431410296,70.86238697522754,#000000,2.981841260416412,70.86238697522754,0.2044834084116591,53.605074222258885,-3.3800157456536866,False,False,True,False,True,2.282288025504286,0.0,0.0,0.0,0.0,1,1.0499484779707355,0.9088714689329367,False,False,False,False,0.2541786535702453,0.22745653866452897,False,False,False,False,11130721,11316585.3898326,False,False,False,False,540851.5889203805,False,False,False,False
2025-04-21 00:00:00+00:00,70.6534742042,71.3523216246,69.9047091109,71.2325192097,292084,,69.20973516355994,70.14649777335512,70.3036832233324,71.61871255577367,71.85876037344465,71.97636576927563,72.12031716038923,72.20632160212342,71.23311906739823,70.9733172442161,70.64245171126886,70.4672202771905,70.22941957849662,70.82755072595972,71.4585635229825,72.31719548928135,72.92160055453428,73.48668697089512,74.44436814557484,75.08231768489176,75.92604114500234,76.18027332094096,76.18809711575372,75.95885609777315,,69.55544239183847,68.37820968460187,68.02233988063479,69.88150208700266,71.43956017609027,71.81529676814961,71.90147117156678,72.11568740112774,71.5702453531451,71.08127081897307,70.6896473740063,70.49755544727107,70.18783422676229,69.73570129732306,69.8675836442259,69.97958175387043,70.3946825680846,71.21793449386365,72.03205927920781,72.05133098543061,72.55195594886702,73.26577496630745,73.4254094224809,73.67353604459954,74.80440486495807,75.47950644154683,76.14735660536718,76.16751496852322,76.18579343882357,76.01515819270782,69.55544239183847,71.5702453531451,72.92160055453428,70.87039278329993,#000000,2.9982706916266353,70.87039278329993,-0.07234789697465763,53.5225809400772,-3.2598471816793975,False,False,True,False,True,0.8210860347046207,0.0,0.0,0.0,0.0,1,1.0396107786579616,0.9269470449154551,False,False,False,False,0.22842194988789105,0.22793924427621,False,False,False,False,10838637,11297842.315721517,False,False,False,False,531095.9971980127,False,False,False,False
2025-04-22 00:00:00+00:00,72.3806256861,72.4904445664,71.4521569704,71.5420087816,542890,,69.42049067320396,70.19924751838549,70.31900006995896,71.62219061196393,71.86037865985556,71.97715994431644,72.1202530747579,72.20585422403552,71.23673460940464,70.97781435160226,70.64794765598018,70.47266239158209,70.2343080101398,70.83070905107326,71.46008731708005,72.31674294346682,72.91991514406557,73.48394648345246,74.43998507682507,75.07700098196992,75.91953290404777,76.17416930913514,76.18213105253452,75.95359678327515,,69.86771717101668,68.44446453024553,68.07035544673715,69.90117388644848,71.44451147680655,71.81725698657112,71.90273947348977,72.11564344120079,71.5725693276869,71.08541156628768,70.69502307460269,70.50344969350839,70.19381427498985,69.74252619498318,69.87365990567224,69.98524704176252,70.39907558334129,71.22006316208704,72.032228079676,72.0514564398492,72.55101437534718,73.26343216759071,73.42278007335526,73.67046366123455,74.79947727926171,75.47360722162618,76.14120924822086,76.16148660564238,76.18009231800106,76.00977765190945,69.86771717101668,71.5725693276869,72.91991514406557,70.90804835219879,#000000,3.040801471546478,70.90804835219879,0.4842727641644742,55.91067486694338,-0.7416229077282921,False,False,True,False,True,3.722366611033028,0.0,0.0,0.0,0.0,1,1.0538043044753798,0.8932869733596003,False,False,False,False,0.3301226337261291,0.27903093900116954,False,False,False,False,11381527,11301124.068046166,False,False,False,False,531558.5071118161,False,False,False,False
2025-04-23 00:00:00+00:00,71.5220417124,73.1942837541,70.8481531284,72.8798024149,380082,,69.53842977514438,70.2298461558755,70.32807518751525,71.62334323083361,71.86035350819567,71.97664438849783,72.11930939474237,72.20469290602541,71.23851828370313,70.98024165835193,70.65110854068483,70.47586499439932,70.23725533553211,70.83247487524196,71.46073494290796,72.31604527591972,72.91837316277264,73.48168290384947,74.43659451354826,75.07297391487359,75.9146881643467,76.16964159857629,76.17770589696595,75.9496816474078,,70.02450021508614,68.48635941063118,68.10124125064833,69.91318563798514,71.44662915370033,71.81743246494594,71.90253410217849,72.11463700537298,71.57342115706014,71.08757843643569,70.6980930040553,70.50690416967842,70.19742851023429,69.74677259636097,69.87741499355043,69.98872495095529,70.40168452037443,71.22112452041218,72.03195149976395,72.0511507654816,72.54998277722999,73.2614398686595,73.42059263903167,73.66797285883051,74.79571499452742,75.46917997685831,76.13664738202891,76.15701408332122,76.17586309073137,76.0057759085342,70.02450021508614,71.57342115706014,72.91837316277264,70.92834866614649,#000000,3.065964581830911,70.92834866614649,0.19363989061444686,55.90208185803574,-0.4757776548283772,False,False,True,False,True,2.1909203863919977,0.0,0.0,0.0,0.0,1,1.044923038801707,0.8935355771492545,False,False,False,False,0.33402093715997894,0.30652593808057427,False,False,False,False,11001445,11289371.94773063,False,False,False,False,525618.2519309606,False,False,False,False
2025-04-24 00:00:00+00:00,72.6002634468,73.398946213,71.9363583974,72.2907738749,396411,,69.68786229856562,70.27552421446897,70.3422676506437,71.62859644426239,71.86404397542108,71.97957004760744,72.12125219189507,72.2062075976864,71.24273931443263,70.98503387408988,70.65654068809222,70.48109483178037,70.24181427812181,70.83572885853631,71.4627582346061,72.31656294909757,72.91796129167844,73.48047245981769,74.43414740537952,75.06981343826335,75.91062886319486,76.16579261167315,76.17394232086312,75.9463928742325,,70.22375912500384,68.53896974757248,68.13959205909872,69.93059299040375,71.4530462621556,71.82144530826197,71.90583933759513,72.11676368508517,71.57678404596423,71.09214012950451,70.70345347161076,70.51258986432997,70.20297089370224,69.75283695730077,69.88287559619896,69.99386899858689,70.40587015209518,71.22360360791625,72.0329470293141,72.05211235160371,72.55012968628876,73.26053215160577,73.41946604791588,73.66651155235897,74.79285310740005,75.4655812483708,76.13277618756771,76.15321443874633,76.17226616473408,76.00240357338278,70.22375912500384,71.57678404596423,72.91796129167844,70.95660151498592,"rgba(38, 166, 154, 0.5)",3.1097777267977382,70.95660151498592,0.5285464352163278,57.34531622295889,1.2149320701859807,True,False,True,False,True,3.9618228703984357,0.0,0.0,0.0,0.0,1,1.055731991524422,0.8814489216246222,False,False,False,False,0.34282824697317704,0.32467709252687565,False,False,False,False,11397856,11293626.224290214,False,False,False,False,520551.3008748445,False,False,False,False
2025-04-25 00:00:00+00:00,73.0395389682,73.4288968167,72.051169045,72.1709714599,264021,,69.7857037065409,70.30742209215964,70.3524151265007,71.6327296731675,71.86709052973362,71.98207022561004,72.12301604840779,72.20765549536337,71.24592491718363,70.98858284080121,70.660494838818,70.48487617346115,70.24508627734622,70.8381221064911,71.464323210846,72.3171105483623,72.91788295314414,73.47985565706817,74.43269822804278,75.06788167897801,75.90809169158901,76.16337523587552,76.17157816312422,75.9443350467266,,70.34985383907534,68.57490395727025,68.16586585780247,69.9428868971522,71.45797399462812,71.82472301704676,71.90859980622375,72.11868903575109,71.57941813288313,71.0955425457252,70.70736366271548,70.51670411340307,70.20694152114514,69.75713284814924,69.88675605091571,69.99753479874553,70.40889085285227,71.22547542796387,72.03381855423207,72.05296073080876,72.5504271504488,73.26011986868839,73.4189057253524,73.66572567381971,74.79112363053038,75.46335457043726,76.13034627902344,76.15082851323696,76.17000657829186,76.00029128294628,70.34985383907534,71.57941813288313,72.91788295314414,70.97555338695133,"rgba(38, 166, 154, 0.5)",3.1610133693723217,70.97555338695133,0.6529506016162518,58.86808310603807,2.952948050648928,True,False,True,False,True,4.672929096060585,0.0,0.0,0.0,0.0,1,1.0660968133535689,0.8732428410800964,False,False,False,False,0.3428282468231023,0.33375266967498896,False,False,False,False,11661877,11308067.431180794,False,False,False,False,510491.289075831,False,False,False,False
2025-04-28 00:00:00+00:00,73.0994401756,73.2591767289,72.4804610318,72.8897859495,238521,,69.87192007486208,70.33674786674189,70.36190133480598,71.63676679795469,71.87012604107137,71.98459532549171,72.12483773408641,72.20917724786025,71.24898348275677,70.9919611389966,70.66422874116712,70.48843589633118,70.24815620263927,70.84039405831368,71.46584319965717,72.3177048512652,72.91790873667887,73.47939199825228,74.43147865819549,75.06622264668948,75.90588259962344,76.16126423657865,76.16951339908863,75.94254200410991,,70.45819852438024,68.60765290233368,68.18988584194076,69.95430942110907,71.4627365280761,71.82797479943014,71.91136324173698,72.12067518009803,71.5819886370646,71.09879193688157,70.71105969960462,70.52057831288491,70.21066305468,69.76113727223078,69.89037907366999,70.00096220831804,70.41173262738444,71.22727403871342,72.03470809431788,72.05382910999853,72.5507940393816,73.2598423052511,73.41849337640522,73.66510836465177,74.7896489511093,75.46142771954995,76.12822508523104,76.14874521289985,76.16803305699517,75.99844964699315,70.45819852438024,71.5819886370646,72.91790873667887,70.99252970288396,"rgba(38, 166, 154, 0.5)",3.207338756487067,70.99252970288396,0.6569030067231484,59.963288652733624,4.270674315397166,True,False,True,False,True,4.7707503438330825,0.0,0.0,0.0,0.0,0,1.0711905211413324,0.8790828962897431,False,False,False,False,0.34282824673360895,0.3382904582042989,False,False,False,False,11900398,11331296.08093841,False,False,False,False,499825.7875434455,False,False,False,False
2025-04-29 00:00:00+00:00,73.4388803513,73.6696996707,72.5753046103,72.7999341383,375428,,70.01008016802425,70.38644942268498,70.37830438754816,71.6444267646189,71.87611058550264,71.98969901305576,72.12866604319242,72.2124699319034,71.25457038575901,70.99801773818241,70.67080335291729,70.49465757095042,70.25347693101627,70.84443701704322,71.46868318570777,72.31905600345641,72.91834997702102,73.4790485262762,74.4299263404724,75.06396279345768,75.9027424074375,76.15823771712239,76.16655231741451,75.939988970019,,70.6288991504297,68.66149862881338,68.22941736632606,69.97378897685446,71.47158240657491,71.83433419906159,71.91685851726784,72.12484172604059,71.58684607951774,71.10465940050334,70.71758232470013,70.52735626480408,70.21710110443448,69.76797527258977,69.89658818280753,70.00685501513216,70.41668817988305,71.23055991384531,72.03653611101295,72.05562267595148,72.5517802666594,73.25979797620975,73.41823204481068,73.66451871538054,74.78768647317726,75.45873976362095,76.12518705979376,76.14575947945227,76.16520274734198,75.99582247364296,70.6288991504297,71.58684607951774,72.91834997702102,71.02057604459307,"rgba(38, 166, 154, 0.5)",3.263528659779776,71.02057604459307,0.7410090606865138,61.170379253369276,5.689830485109113,True,False,True,False,True,5.331089893412866,0.0,0.0,0.0,0.0,0,1.0658462145742658,0.8735853401639596,False,False,False,False,0.34282824611616175,0.34055935216023037,False,False,False,False,12275826,11368336.469921218,False,False,False,False,494947.44293389865,False,False,False,False
2025-04-30 00:00:00+00:00,72.4804610318,73.1643331504,71.7316959385,73.1593413831,935776,,70.23796846917065,70.47159916987763,70.40756652658918,71.65408300726463,71.88244262576777,71.9944502162216,72.13149754667062,72.21443871938067,71.26298530957729,71.00781431431666,70.68215998033335,70.50571375520799,70.26324880701189,70.85122231587323,71.4726449152577,72.31957124191823,72.9167257327433,73.47558645827401,74.4236096813966,75.05600450998496,75.8927057690894,76.14874810296817,76.15727253078758,75.93184743871497,,70.87257415871323,68.76869204284155,68.31054937853594,70.01010776061914,71.48376167509758,71.84132581191537,71.92243888771893,72.12794513083553,71.59321338706927,71.11389756879005,70.72875779016923,70.53933417829175,70.22896045100352,69.78113972748763,69.90841460716081,70.01796497122812,70.42560591615401,71.23556759514096,72.03814250601819,72.05715208447745,72.55144406264823,73.25703156044317,73.4149632472976,73.66047864277033,74.78041469803226,75.44976763772475,76.1156392997999,76.13638911372024,76.15633058361458,75.98748208058761,70.87257415871323,71.59321338706927,72.9167257327433,71.06546758534866,#000000,3.28263994993194,71.06546758534866,0.4310535020694808,59.747845198810225,5.689830485109113,True,False,True,False,True,3.525942590698179,0.0,0.0,0.0,0.0,0,1.0524161597388038,0.892396642117851,False,False,False,False,0.276580699130237,0.30857002564523367,False,False,False,False,11340050,11367227.196590975,False,False,False,False,512234.8373286477,False,False,False,False
2025-05-01 00:00:00+00:00,71.6917618002,73.2541849616,71.5719593853,72.4405268935,369548,,70.30655013619602,70.49875956168911,70.41731615487863,71.65649975572065,71.88368259239296,71.99516003328837,72.1316364009939,72.21430720600901,71.26548857316868,71.01089104454555,70.68588914176463,70.5094109765484,70.26658409505735,70.85341197750427,71.47374922424181,72.31935765396067,72.91568852484377,73.47384269368538,74.42076456648395,75.05253022747887,75.88842928604029,76.14472432249278,76.1533380313681,75.92837865598997,,70.93752446670838,68.80622011395019,68.33958662841177,70.02251739462477,71.48710149451954,71.84278417229454,71.92345210923219,72.12810852185548,71.59487944730874,71.11674223556668,70.73240814460648,70.54332438412206,70.23301267902733,69.78575123495534,69.91253425565696,70.02181354389842,70.42861351283626,71.2370739041622,72.03834424221152,72.057324812628,72.5509037421938,73.25555450330477,73.41329393103887,73.65851240601735,74.77720301765534,75.44590158783946,76.11158844664722,76.13241480441144,76.1525682685563,75.98393293187945,70.93752446670838,71.59487944730874,72.91568852484377,71.07896040216777,#000000,3.2950716124061703,71.07896040216777,0.18597513805921334,57.15194052275164,5.689830485109113,False,False,True,False,False,2.0716446255919188,0.0,0.0,0.0,0.0,0,1.0277195197675326,0.9007846639089433,False,False,False,False,0.2576901385642288,0.28313008210473123,False,False,False,False,10970502,11351669.345744269,False,False,False,False,506639.2750804655,False,False,False,False
2025-05-02 00:00:00+00:00,72.0911031833,72.6601646542,71.7316959385,72.0112349067,289684,,70.3566878191904,70.51930733601371,70.42483356758115,71.65833612372778,71.88460831969674,71.99567625001261,72.13171385692924,72.21417603822094,71.26741616603961,71.01326744695758,70.68877656328104,70.51227751849676,70.2691745225011,70.85510824846403,71.47459805868871,72.31917740191324,72.91486477716464,73.47246683221879,74.41852781177523,75.04980163878716,75.88507338698412,76.1415665891395,76.15025024707573,75.92565557494358,,70.98363270981469,68.83496448946998,68.3619768172773,70.03209385496753,71.48965288157221,71.84387836512103,71.92420378309252,72.12820248338542,71.59615257289434,71.11893698819122,70.73523369449656,70.54641638751211,70.23615837084779,69.78933614198185,69.91573654091721,70.02480450686552,70.4309482021446,71.23823664085856,72.03848827886672,72.0574462110241,72.5504682597283,73.25438704416473,73.41197625300272,73.65696267422331,74.7746797140521,75.44286665093857,76.10840947648533,76.129295814192,76.14961538592264,75.98114692491436,70.98363270981469,71.59615257289434,72.91486477716464,71.0889858935078,#000000,3.307617274132732,71.0889858935078,0.302972565063462,56.160285801170204,5.689830485109113,False,False,True,False,False,2.7628508821531597,0.0,0.0,0.0,0.0,0,1.0233379078055587,0.932702885614546,False,False,False,False,0.23239581550564054,0.2577629488051859,False,False,False,False,11260186,11348081.76355822,False,False,False,False,498131.22507731,False,False,False,False
2025-05-05 00:00:00+00:00,71.0528155873,71.532025247,70.5935729967,71.1975768386,347588,,70.37877033790615,70.52720221698297,70.42809966379963,71.6557318591891,71.88131635570365,71.99219234310316,72.12832943590254,72.21077764143293,71.26688047016307,71.01338171594972,70.6896451774446,70.51341471988522,70.27046906810534,70.85542585937658,71.47398374068013,72.31745939526914,72.91243801397766,73.46943636884407,74.4145431181489,75.04528862994684,75.87986598701507,76.13673761285736,76.14553026886999,75.92143887955473,,70.98691374103805,68.85760166685237,68.38080868474175,70.03758476939687,71.4877074620793,71.84065520315146,71.92093281353307,72.12455033628258,71.5947082710158,71.11878740048174,70.73600136109111,70.54759036822539,70.2377670539665,69.79163216065842,69.91768773341917,70.02653742331509,70.43196292422567,71.23796710400488,72.0371106038825,72.05604585400202,72.54847283551103,73.25158159645065,73.40900990773353,73.65374132314028,74.77038516859344,75.43801269940911,76.10353930183587,76.12452281262912,76.14510112846656,75.9768470303303,70.98691374103805,71.5947082710158,72.91243801397766,71.0916466194353,#000000,3.315426787030464,71.0916466194353,-0.011712227302739417,53.39368221685841,8.551170489059025,False,False,False,False,False,0.8554357636498047,0.0,0.0,0.0,0.0,1,1.0078247231579789,0.937100519016941,False,False,False,False,0.10430599981893916,0.18103447431206254,False,False,False,False,10912598,11331003.96890888,False,False,False,False,492227.56919192534,False,False,False,False
2025-05-06 00:00:00+00:00,71.9113995609,72.3856174533,70.9130461032,71.0228649835,368232,,70.42251609235817,70.5456440643972,70.4351954649491,71.65610310800005,71.88070764858841,71.99118901639386,72.12702420529244,72.20930407865413,71.268159153093,71.01527185107996,70.69223789281568,70.51610205148985,70.27300904431866,70.85687443224778,71.47439494299796,72.316621498018,72.91081111021079,73.46713403973229,74.41118205974306,75.04132914744058,75.87513487104626,76.13231285338092,76.14120402768137,75.91760082122624,,71.01977203927264,68.88830906439053,68.40544613200233,70.04715096049155,71.48889461692508,71.84020458514286,71.92019743564727,72.1231512482115,71.59511190460198,71.12042968587912,70.73850502524897,70.55046591067233,70.24086335325198,69.7953499377106,69.92096929121428,70.02956641620274,70.43419063800404,71.2387624492431,72.03666340638246,72.05557182078188,72.54732351538742,73.24953309809452,73.40677896663351,73.65122593657591,74.76667467630796,75.43367569780887,76.0990814452313,76.12015088702785,76.14096315719772,75.97292616459917,71.01977203927264,71.59511190460198,72.91081111021079,71.09998911776854,#000000,3.334388228951899,71.09998911776854,0.2433461215122216,53.21572036342813,8.2563914524234,False,True,False,False,False,2.3589047250801585,0.0,0.0,0.0,0.0,1,1.004333271082492,0.9260067956458146,False,False,False,False,0.1699232918591291,0.17547888308559584,False,False,False,False,11280830,11329036.362285003,False,False,False,False,487364.99785106553,False,False,False,False
2025-05-07 00:00:00+00:00,72.1909385291,72.6102469813,71.5420087816,71.8115642151,432596,,70.48421259786969,70.57325041457314,70.44582476726815,71.65855888825669,71.88185742644382,71.99175479743023,72.12697496374297,72.20895879220494,71.27085633803283,71.01863579016018,70.69636303064445,70.52021635832631,70.27674889701208,70.85929810889131,71.47556966238879,72.31627932777087,72.90951858007567,73.46502575897306,74.40780039809755,75.03721994668135,75.87009659840012,76.12757173293213,76.13656734419375,75.91350741643146,,71.07336881093265,68.9282315718776,68.43716165949705,70.06073439712397,71.49237885062895,71.84159365270081,71.92110378296373,72.12311431169027,71.59684045303888,71.1235236112949,70.7425372907484,70.55489637462671,70.24539894927028,69.80054568430333,69.92560816354738,70.03389547234268,70.4375541586488,71.2403999061625,72.036799107485,72.05567422231411,72.54660464229018,73.24773268351677,73.40475669476098,73.64886062837249,74.76286914353177,75.42911281314151,76.09430843986425,76.11546750567751,76.13652786531286,75.96873908804756,71.07336881093265,71.59684045303888,72.90951858007567,71.1129467938866,#000000,3.3526601169328702,71.1129467938866,0.32153325944640826,53.61875804000416,8.2563914524234,False,False,True,False,False,2.844992979748433,0.0,0.0,0.0,0.0,1,1.0196254049286013,0.916015593579466,False,False,False,False,0.21856630930029097,0.1970225961929434,False,False,False,False,11713426,11344110.465724807,False,False,False,False,485217.19401376887,False,False,False,False
2025-05-08 00:00:00+00:00,73.987974753,76.6435949506,72.4804610318,76.0945005488,574430,74.3706769118,70.66371222772293,70.6599598955734,70.47853957879452,71.6777203377331,71.89801190240213,72.00617264351162,72.13853445534355,72.21935192760517,71.28392029435777,71.03220339209727,70.71046082855116,70.53333306426356,70.28776008269891,70.8682616736083,71.48260871289511,72.32088481161131,72.91266067502066,73.46689615305915,74.40772796031933,75.03597966935301,75.86743394492343,76.12482320159319,76.13387145772575,75.91130556605741,,71.27466262053336,69.01621719847846,68.50377848195521,70.09801393441037,71.51351215679497,71.85849308914509,71.93619088569949,72.13563797211589,71.60904705719322,71.13688966847464,70.7566015303495,70.56919646114211,70.25861758393268,69.81410167783196,69.93805629179003,70.04582020240197,70.44798142336106,71.2481535662257,72.0421966450736,72.06101295904148,72.55061773569794,73.25009274925269,73.40675952181812,73.6503327956013,74.7621233414239,75.42718429793483,76.09157123738855,76.11276292720676,76.13394880568019,75.96643970044884,71.27466262053336,71.60904705719322,72.91266067502066,71.32395216198225,"rgba(38, 166, 154, 0.5)",3.3942520846434765,71.32395216198225,0.7848629166556369,56.77587839797588,8.2563914524234,False,False,True,False,True,5.879097527377823,0.0,0.0,0.0,0.0,1,1.0258488305827562,0.8789567253377463,False,False,False,False,0.34282824447729415,0.2699254203351188,False,False,False,False,12287856,11381120.094519913,False,False,False,False,488715.7354249937,False,False,False,False
2025-05-09 00:00:00+00:00,74.7067892426,74.8765093304,73.987974753,74.0778265642,321853,74.42564786982419,70.7610824293384,70.70876789967414,70.49734400012555,71.68894220252623,71.90752662294439,72.01469289671151,72.14539994020699,72.22554289622681,71.2915526311975,71.04010379455435,70.71864101989898,70.5409349884702,70.29413414137332,70.8734826187074,71.48674600655617,72.3236482864179,72.91459951172786,73.4681176953176,74.40785467643833,75.03544619119376,75.86609835046701,76.12342102102131,76.13249537828338,75.91019692528131,,71.38212268030904,69.06565733112821,68.54141105203126,70.11935942179787,71.52584522373024,71.86843447545016,71.9450896833853,72.14307059790404,71.61621608735742,71.14468292161207,70.76476592702588,70.57748280721923,70.26626136293132,69.82191599692109,69.94524036732192,70.05270848454168,70.4540267400182,71.25269333291878,72.04540809084955,72.06419104809581,72.55304703239574,73.25159081361817,73.40805571841206,73.6513297620002,74.76186963813323,75.42626293942942,76.09017746750118,76.11138405187553,76.1326322175332,75.96527755745791,71.38212268030904,71.61621608735742,72.91459951172786,71.35091944317406,"rgba(38, 166, 154, 0.5)",3.4183190316060013,71.35091944317406,0.9817310111775233,59.83043469621367,4.860851379482327,True,False,True,False,True,7.045414911582146,0.0,0.0,0.0,0.0,1,1.0364766233232598,0.9424212359731953,False,False,False,False,0.32998394903930117,0.29995468468721,False,False,False,False,12609709,11429300.051597565,False,False,False,False,482172.0987416606,False,False,False,False
2025-05-12 00:00:00+00:00,73.9480406147,76.3341053787,72.9197365532,76.2242864984,477772,74.4169480545255,70.89244713236985,70.77672215055148,70.52409405583055,71.7047216676038,71.92086541482159,72.02661941463488,72.15499491865613,72.23418282917233,71.30238722250475,71.05135357915267,70.73032867523715,70.55181912141198,70.30328634348791,70.88094486264147,71.49261870216348,72.32750887344052,72.91724944235838,73.46971490676177,74.40784297903056,75.03446624909827,75.86393921460798,76.12118422186965,76.13030098622292,75.90840860902831,,71.52338435366171,69.13581385447249,68.59528267214789,70.14979328636225,71.54322339029983,71.88237787008016,71.95756173904944,72.15345272032542,71.62634537045561,71.15576649323017,70.77642558963183,70.58933776069844,70.27723101976133,69.83316567269634,69.9555776140788,70.06261422405667,70.46269715478942,71.25915639485736,72.04992391083672,72.06865821942786,72.55641754649537,73.25359350798747,73.40976257085651,73.65259723065172,74.76129979086008,75.4247125707933,76.08795078591983,76.10918319416527,76.13053251426565,75.96340881129518,71.52338435366171,71.62634537045561,72.91724944235838,71.38384923053778,"rgba(38, 166, 154, 0.5)",3.4389609457571093,71.38384923053778,0.7456296900742224,60.05866749208067,5.1258660301339205,True,False,True,False,True,5.580897731606864,0.0,0.0,0.0,0.0,1,1.02931852154255,0.8917471505776985,False,False,False,False,0.34282824456308125,0.3213914646251456,False,False,False,False,12131937,11456854.441730995,False,False,False,False,481999.5458498308,False,False,False,False
2025-05-13 00:00:00+00:00,73.2591767289,74.5770032931,73.0894566411,74.1576948408,461509,74.2220753090846,70.98507683365972,70.82677460949519,70.54459787129608,71.71554953703321,71.92971415959362,72.03438125931504,72.16108059729729,72.2395635366637,71.31023601530211,71.05970350193381,70.73922886692517,70.56021345253606,70.31045839515274,70.88657572629799,71.4967947879155,72.32986456946072,72.91849549252517,73.46999928268684,74.406647309029,75.0323928373738,75.8607812993383,76.11807866901624,76.12725903829156,75.90581791905336,,71.61501011228953,69.19233501061423,68.63970879664889,70.17360864301922,71.55540686151481,71.89168716554148,71.96578509725857,72.1600354985607,71.6334032031707,71.16391461006725,70.78527446800608,70.59845369589365,70.28583246730005,69.84218356364497,69.96382084553878,70.07047388910415,70.46942956933985,71.26387251834889,72.05286692190266,72.07155840914447,72.5583269687869,73.25424612851349,73.4101474978737,73.65257974584308,74.75959664548174,75.42211313799379,76.0848407654261,76.1061209021927,76.12762163281573,75.96073355060656,71.61501011228953,71.6334032031707,72.91849549252517,71.3979972363713,"rgba(38, 166, 154, 0.5)",3.4399082810796533,71.3979972363713,0.5410549760194635,58.67942406060713,5.1258660301339205,True,False,True,False,True,4.270030809562417,0.0,0.0,0.0,0.0,1,1.0323533367796038,0.9179636375069221,False,False,False,False,0.2664502618631785,0.29392086324416206,False,False,False,False,11670428,11465229.875388604,False,False,False,False,481195.9950321904,False,False,False,False
2025-05-14 00:00:00+00:00,72.9197365532,73.8032793633,71.8415148189,73.658518112,519713,73.9203833618467,71.05342173930774,70.86590213966832,70.56158131185197,71.72267597109524,71.93503985065148,72.03879717640837,72.1642635439525,72.24220060480087,71.31604961655752,71.06619586557301,70.74648662724165,70.56721169143876,70.31659879846838,70.89108586908361,71.49975982383357,72.33092199865885,72.91837247294134,73.4688571622173,74.4039242292955,75.02874792629814,75.85597828898064,76.11348215583025,76.12276038913367,75.90189583105483,,71.6725917023223,69.2433483822698,68.68108499663354,70.194043325205,71.5638467839969,71.89739179721606,71.97064645789408,72.16347878059375,71.63820084484263,71.1701325327567,70.79244663763774,70.60601643615765,70.29320697192028,69.85019487875157,69.97108272966975,70.0773421679554,70.47510460016997,71.26741078417275,72.0545330295625,72.07318111359898,72.55891318874414,73.2534915877692,73.40911241150852,73.65111696642265,74.75633875154841,75.41790480448498,76.08022271988706,76.1015830043009,76.12331648212165,75.95670825226514,71.6725917023223,71.63820084484263,72.91837247294134,71.4007540459936,#000000,3.4202386023890403,71.4007540459936,0.4441159473919134,57.02319907189688,5.1258660301339205,False,False,True,False,False,3.626896927111641,0.0,0.0,0.0,0.0,1,1.0212353580297542,0.9159132053517349,False,False,False,False,0.17328764336360233,0.23360425330388218,False,False,False,False,11150715,11452895.958706697,False,False,False,False,482706.4658152418,False,False,False,False
2025-05-15 00:00:00+00:00,75.0362458836,75.1560482986,73.5786498353,74.0878100988,372928,74.01195864442968,71.14381952655265,70.91675879294118,70.58272167892639,71.73548975323638,71.94596315603745,72.048613484364,72.17222426093767,72.24939999181726,71.32486885283551,71.0753178817636,70.75592557616852,70.57599684261277,70.32398684590353,70.89715833654239,71.50459411263354,72.33418288180627,72.92068796651608,73.47034924489353,74.40415863172666,75.0282219544157,75.85452879774051,76.11194417656587,76.12125019770322,75.90068708538432,,71.76669144919511,69.29626050338916,68.72241668092416,70.21795501721853,71.57788660017206,71.90878836981415,71.98088491542325,72.17207817601502,71.64649797137108,71.17913343736949,70.80186755642463,70.61557593314879,70.30204002567861,69.85922256600851,69.97939360768179,70.08531618359575,70.48211781459807,71.27270516109718,72.05830760109136,72.07691741646468,72.56179093885079,73.25530133898796,73.41069020816578,73.6523511135508,74.75613523578318,75.41693249425538,76.07869574597365,76.10007094453073,76.12187082220828,75.95543871476154,71.76669144919511,71.64649797137108,72.92068796651608,71.43002056314852,"rgba(38, 166, 154, 1.0)",3.3840403794172467,71.43002056314852,1.0656567050398202,59.20975411313931,5.1258660301339205,True,False,True,False,False,7.130369455740503,0.0,0.0,0.0,0.0,1,1.0302277517296718,0.8943947515221917,False,False,False,False,0.3174629919521237,0.27553362262800296,False,False,False,False,11523643,11455670.352482906,False,False,False,False,478401.4279401343,False,False,False,False
2025-05-16 00:00:00+00:00,74.8565422613,75.3407436883,74.2874807903,74.8365751921,433739,74.12393400405746,71.25018204932715,70.97790835839345,70.60847524210799,71.75147989153498,71.9596881808525,72.06099583310362,72.1823222434664,72.25856348162068,71.33580968393204,71.0865823226247,70.76752316051062,70.58676917265878,70.33302499466073,70.90464938997768,71.51062980386513,72.33836241438651,72.92375562331041,73.4724472755787,74.40477803335239,75.02794333334667,75.85316363104172,76.11043841481639,76.11976989814673,75.89953880604968,,71.87737903690066,69.35920577125495,68.77168666008538,70.24693644953273,71.59532973653566,71.9230880069043,71.99376937100067,72.182980068714,71.65686484605367,71.19026872735749,70.81345056371495,70.62729882865777,70.3128353647968,69.87020507623066,69.98951901722133,70.09504307082865,70.49071531310383,71.2792817902119,72.06309478023154,72.08165911731646,72.56551910083442,73.25777409487094,73.41288907615606,73.65414552570667,74.75623791191855,75.41612919566982,76.07720699801494,76.09859268787498,76.12045354107987,75.95422197239026,71.87737903690066,71.65686484605367,72.92375562331041,71.4653433821368,"rgba(38, 166, 154, 1.0)",3.3592484202908297,71.4653433821368,1.009511192646365,60.25354101478238,5.403636412012901,True,False,True,False,True,6.782564767264162,0.0,0.0,0.0,0.0,1,1.0416004012957636,0.8904504075275121,False,False,False,False,0.34282824480244734,0.30918093371522515,False,False,False,False,11089904,11441326.573954163,False,False,False,False,476649.96017777617,False,False,False,False
2025-05-19 00:00:00+00:00,75.1260976948,75.2658671789,73.8781558727,74.6868221734,408911,74.19639502641128,71.34308579890215,71.03279293988973,70.6320632771333,71.76605698977916,71.9721886263978,72.07226956606756,72.19151659987192,72.26690411723804,71.3458518135627,71.09693832710013,70.77820496121589,70.59670453858882,70.34137753570256,70.91155723646544,71.51617767668057,72.3421770363976,72.9265303495374,73.4743152160824,74.40526194363157,75.02758750938204,75.85179031590822,76.10894304217207,76.11830029307494,75.89838635500851,,71.97228445560101,69.41649071106082,68.81687346402292,70.27350569110969,71.6112436447679,71.9361125461321,72.00550603543067,72.19290049594268,71.66635752210674,71.20049931445075,70.82411615111064,70.63810387701166,70.32280518760548,69.88036578802785,69.99888560103533,70.10403864139094,70.49865639637034,71.28533517043066,72.067476417422,72.0859983904907,72.5689118580444,73.25999231412311,73.4148513614503,73.65572942994277,74.75623854056381,75.41528195735958,76.07572649319728,76.09712387655809,76.11904640355405,75.95300454319866,71.97228445560101,71.66635752210674,72.9265303495374,71.49554493179394,"rgba(38, 166, 154, 1.0)",3.3539737454364276,71.49554493179394,1.0824630836618652,61.34127625282363,6.556642990648456,True,False,True,False,True,7.221890146345242,0.0,0.0,0.0,0.0,1,1.029336553521935,0.9138266641766095,False,False,False,False,0.31972850193775953,0.31445471782649237,False,False,False,False,11498815,11443581.022034392,False,False,False,False,473993.53036688303,False,False,False,False
2025-05-20 00:00:00+00:00,73.7483699232,75.0961470911,73.5187486279,74.7966410538,276750,74.19097839241003,71.39202189253045,71.06285550459648,70.6454391937356,71.77376293590861,71.978668902279,72.07805224817672,72.19616945157108,72.2710844735348,71.35135460034736,71.10270260654792,70.78425215906637,70.6023786335115,70.34620142721154,70.91544789920687,71.51918733575876,72.34407410543645,72.92775296712928,73.47495126986318,74.40499773425925,75.02678337632054,75.85032445826474,76.10745801033914,76.1168439929813,75.89717418684748,,72.01917376409709,69.45004288517269,68.84383921069221,70.28878639284501,71.6197654023004,71.94288861019704,72.01157082356991,72.19791750252276,71.67143458646305,71.20615848562852,70.83014049327413,70.6442610434203,70.3285637384924,69.88632534578409,70.0043599191303,70.10927810709242,70.50321437251887,71.28867216959951,72.06973481680104,72.08823017061096,72.57053672684295,73.26085389900187,73.41554863336219,73.65618144318589,74.75566287418675,75.41415755303682,76.07424442859754,76.09566108518504,76.11765214011412,75.95174495551753,72.01917376409709,71.67143458646305,72.92775296712928,71.50959826292893,"rgba(38, 166, 154, 0.5)",3.3143574511980205,71.50959826292893,0.6754768286872119,58.90523960311168,6.556642990648456,True,False,True,False,True,4.549989657621715,0.0,0.0,0.0,0.0,1,1.0110075814524841,0.9305945806331862,False,False,False,False,0.294856552008301,0.30465563491739667,False,False,False,False,11222065,11434894.119209513,False,False,False,False,466258.48996033863,False,False,False,False
2025-05-21 00:00:00+00:00,72.76,73.36,72.18,73.3,349791,74.0722830339403,71.42196140560448,71.08356353972765,70.65566808074297,71.77785238653144,71.98166096791543,72.08050005034842,72.1979029009204,72.27249266356483,71.35489268992379,71.1067017003446,70.78877442973686,70.60677371168634,70.35009957942833,70.91827991595565,71.52100638750194,72.34464294089385,72.92754485303631,73.47407198204877,74.40307474252599,75.02425218007141,75.84702690310814,76.1043065514277,76.11375927477927,75.89447791171916,,72.03923646215605,69.47967196525458,68.86888471986516,70.30116244326814,71.62466623141232,71.94610495855348,72.01429689984407,72.19978178261306,71.67429021745603,71.20997096128747,70.83460256812685,70.64899265881337,70.33322676060939,69.89143237559375,70.00898868498828,70.11365172130823,70.50680833884539,71.29086717704573,72.07070218187704,72.08916923723272,72.57079588673861,73.26022971875386,73.41473991614922,73.65509074584546,74.7533869787759,75.41125351595224,76.07107766336206,76.09254925706729,76.11469910116963,75.94897937247248,72.03923646215605,71.67429021745603,72.92754485303631,71.51284221804652,#000000,3.207202967443046,71.51284221804652,0.38886150786639834,55.38276717262932,10.36931541580757,False,False,True,False,False,2.7016029617644612,0.0,0.0,0.0,0.0,1,0.9904770611962174,0.9423078137942554,False,False,False,False,0.15615638546767807,0.23040601019253737,False,False,False,False,10872274,11412830.585122867,False,False,False,False,461691.1374128744,False,False,False,False
2025-05-22 00:00:00+00:00,70.95,71.795,70.42,71.79,342848,73.8444385714796,71.41429142805511,71.08322727648205,70.65754662020124,71.77494601755372,71.9782250191009,72.07693948980668,72.19450923983949,72.26911125967413,71.3541596752692,71.10658019549231,70.78936835921304,70.60766409762061,70.3512105324539,70.91848461351535,71.5203413038301,72.34294370106004,72.92517665234698,73.47113205259348,74.39922736736935,75.01989986662376,75.84200945180064,76.09964226018258,76.10919792962902,75.89039589780039,71.055,72.01400762048705,69.49334609630505,68.88247997731325,70.30483485715942,71.6222902565501,71.9427077994596,72.01091432136779,72.19611560901569,71.67271160806266,71.20960075343598,70.83509919850582,70.64987789666694,70.3345772644969,69.89345099741476,70.01070386603205,70.11516782431866,70.50766016839553,71.29052433667233,72.06932221386931,72.08776809248563,72.56883525735763,73.25750307742176,73.41186080848125,73.6519696223996,74.7492437693704,75.4065750104171,76.06637487228345,76.08793802366071,76.11033254201963,75.94481784981805,72.01400762048705,71.67271160806266,72.92517665234698,71.49209013715914,#000000,3.0843958378635876,71.49209013715914,-0.1757524538532043,50.21245702929205,5.614367087536799,False,True,False,False,False,0.0,0.0,0.0,0.0,0.0,1,0.9726866980608023,0.9343655282064949,False,False,False,False,0.012488657346686166,0.12144733376961177,False,False,False,False,10529426,11378187.268059224,False,False,False,False,457030.62222021265,False,False,False,False
2025-05-23 00:00:00+00:00,71.53,71.715,70.595,70.81,306847,73.68209578023784,71.41182542760194,71.08527891393528,70.66015630912683,71.77317134095613,71.97591560055734,72.07447071859097,72.19208533888936,72.26665870944741,71.35399779801276,71.10694419034341,70.79034603452972,70.60885730545165,70.35251879017778,70.91896839120535,71.5200346992028,72.34169170235575,72.92331658882999,73.46875135185529,74.3960226461331,75.01623324820929,75.83773841242032,76.09566091270605,76.1053039483568,75.88691808084648,71.16126613256989,71.99754617469982,69.5071190966769,68.89575044861361,70.30906819413791,71.62101728698165,71.94045433826294,72.00861492857061,72.19349731837217,71.67181771659165,71.20975094862557,70.83599463590713,70.65110512227477,70.33615783800151,69.89560053487949,70.01256389591356,70.11684445124021,70.50873278720277,71.2905106633253,72.06836358732367,72.08678979250675,72.56734497011429,73.25531717245102,73.4095354019237,73.64942404976227,74.74576885275125,75.40261235085616,76.062362011042,76.08400233015303,76.10660453573996,75.94127041284477,71.99754617469982,71.67181771659165,72.92331658882999,71.48909037864166,#000000,3.0073526295686874,71.48909037864166,0.013603200687577975,47.93097828239615,3.6614042172827226,False,True,False,True,False,0.4821589290746289,0.0,0.0,0.0,0.0,1,0.9762967665465848,0.9379863444555857,False,False,False,False,0.016558417149060763,0.06900287545933627,False,False,False,False,10836273,11356935.728135332,False,False,False,False,451141.0684076553,False,False,False,False
2025-05-27 00:00:00+00:00,72.39,72.55,71.63,72.48,325924,73.58808680769896,71.42671311093542,71.09737931045346,70.66693887011985,71.77475281673,71.97666508675216,72.07484961053288,72.19207948456297,72.26645734331535,71.35593160951234,71.10935340057735,70.7933022493653,70.61183224002669,70.35526380134262,70.92077245959744,71.52094128515279,72.34150215972646,72.9224369994604,73.4672772893311,74.39361787377038,75.01329318829218,75.83411461523657,76.0922369945024,76.10195346863976,75.88395833136997,71.50493415974884,72.00202397105112,69.52890835352832,68.91500481493537,70.31770144247993,71.62325603312333,71.94135240111449,72.0092190078245,72.1934867336174,71.67306751319883,71.21196728591799,70.83888304992931,70.65428203744885,70.33944397264518,69.89937242246845,70.01594782603595,70.12000917609024,70.51120922832934,71.2917502350927,72.06852029609679,72.0869223926945,72.56688208572915,73.25406784038394,73.40812408016987,73.647762330879,74.74305263989423,75.39933889070807,76.05891667752027,76.08061953552063,76.10339643564691,75.9382427872223,72.00202397105112,71.67306751319883,72.9224369994604,71.50644042406176,#000000,2.926385809430212,71.50644042406176,0.30192860185795906,48.04519051869819,3.6614042172827226,False,True,False,True,False,1.9655402644167381,0.0,0.0,0.0,0.0,1,0.9737728968620016,0.9319439119470282,False,False,False,False,0.09695254697832631,0.0829777112188313,False,False,False,False,11162197,11349298.915267281,False,False,False,False,446230.59513676685,False,False,False,False
2025-05-28 00:00:00+00:00,72.53,73.08,71.96,73.08,366365,73.51766585686403,71.44979988761575,71.11472276224333,70.67614454363081,71.77793183387445,71.97880794963461,72.07649689844219,72.19312153923741,72.2672135937056,71.35895919839946,71.11288019512101,70.79739991941746,70.61586647314647,70.35889845779315,70.92332525763327,71.52246369584184,72.34175719572458,72.9218996130853,73.46605573928571,74.39132891754772,75.01038494581174,75.83042157860044,76.08872354634777,76.09851442891983,75.8809366953287,71.78295969003108,72.01531071228432,69.55599812056418,68.93855706621369,70.32902275855521,71.6272194215239,71.94369722255992,72.01113647055037,72.19460509016626,71.67536648313126,71.21529172682358,70.8429125830633,70.65860925648572,70.3437868380783,69.90421239499899,70.02032039529216,70.12412606807435,70.51453525084612,71.29365510261579,72.06917800202986,72.08755173656893,72.56682211920393,73.25310582042697,73.40697459004636,73.64632502158437,74.74040402142292,75.3960485645795,76.05538419596034,76.07714919586452,76.10010316959396,75.93514745834854,72.01531071228432,71.67536648313126,72.9218996130853,71.52423685496139,#000000,2.834029521823381,71.52423685496139,0.35488802685143445,48.38469709659468,3.6614042172827226,False,True,False,False,False,2.206248062038206,0.0,0.0,0.0,0.0,1,0.9757338019255909,0.9327875758616144,False,False,False,False,0.1342855142612199,0.1086316127400256,False,False,False,False,11528562,11356328.84015876,False,False,False,False,443098.61101375637,False,False,False,False
2025-05-29 00:00:00+00:00,73.64,73.97,73.05,73.15,404851,73.52009510524218,71.4976243314565,71.14706391569422,70.69182510266982,71.78622458945601,71.98559880212629,72.08246693911276,72.19783359314938,72.27138415153101,71.36523003712195,71.11958819814221,70.8045943730247,70.62270132282791,70.36480538512355,70.92794668819833,71.52586643941217,72.34363215778735,72.92283774567782,73.46618037096493,74.39019712763042,75.00850677853965,75.82761821630191,76.08596834989491,76.09581444880658,75.8786263280742,72.1932660669153,72.05744195320518,69.59556424605785,68.97160444222877,70.34720827255647,71.63654641986543,71.95083200375534,72.01746644622406,72.19967684186035,71.68096086433002,71.22182323120788,70.85005866427944,70.66599622740559,70.3508243207677,69.91163524548163,70.02711565317591,70.1306051097803,70.52007590356597,71.29751066072849,72.07154591641407,72.08988385902967,72.56832096201911,73.25354195933984,73.40718440746456,73.6461938527846,74.73884084896493,75.39372186675959,76.05262478130733,76.07443135424103,76.09751694744998,75.93276414072086,72.05744195320518,71.68096086433002,72.92283774567782,71.55979570622796,"rgba(38, 166, 154, 0.5)",2.7447645844914983,71.55979570622796,0.7578807689102507,50.60697940449314,3.6614042172827226,False,True,False,False,False,4.096835739894811,0.0,0.0,0.0,0.0,1,0.9769449456736491,0.9152625371035693,False,False,False,False,0.22185824537250778,0.1652449290562667,False,False,False,False,11933413,11378959.591525083,False,False,False,False,441598.70469949144,False,False,False,False
2025-05-30 00:00:00+00:00,74.33,74.85,73.17,73.47,478839,73.56456943448053,71.56620682867663,71.19292521106287,70.71376009599915,71.79902848782385,71.99641454702378,72.09214662514091,72.20566355071665,72.27843444858262,71.37449840694009,71.12930012912935,70.81478930502793,70.63229036749642,70.37299304639554,70.93456014259351,71.53099051589909,72.34687151672736,72.92493190808369,73.46727716541136,74.38976088220016,75.00714915607612,75.82513050798892,76.08344046977265,76.09333434512924,75.87656022138239,72.6070729495874,72.12206565930141,69.64788052243836,69.01481683369424,70.37218723877787,71.65067006199183,71.96212740502507,72.02760806188587,72.20810293674081,71.68951262960324,71.23135663026751,70.86021344097219,70.67637983262784,70.36056535936561,69.92172782983091,70.0363977010955,70.13949273889394,70.52781533137554,71.30318844005293,72.07539787079224,72.09369072077399,72.57109835011106,73.25502241921038,73.40838535200042,73.64697744714805,74.73787332726201,75.39181755681858,76.05010278203055,76.07194095790481,76.09514065016914,75.93061732964033,72.12206565930141,71.68951262960324,72.92493190808369,71.60428459677468,"rgba(38, 166, 154, 1.0)",2.6383190241292027,71.60428459677468,1.0331257813391106,53.20325029457003,3.6614042172827226,False,False,True,False,True,5.245973347173361,0.0,0.0,0.0,0.0,1,0.9903829432891208,0.9005734553295651,False,False,False,False,0.267308868474673,0.21627689876546985,False,False,False,False,12412252,11419480.862445667,False,False,False,False,443059.1084367663,False,False,False,False
2025-06-02 00:00:00+00:00,73.75,74.285,73.2601,74.07,324119,73.57419924601126,71.60450219957498,71.2195346557543,70.72693096407531,71.80631284690273,72.00246961407444,72.09751759352564,72.20995880023027,72.28226915050277,71.37993672732243,71.13506875466966,70.82092344267696,70.63809922140437,70.37799624821238,70.93852818893693,71.53397732266114,72.34862316093341,72.92592822981021,73.467616608877,74.3890871888832,75.00587059400972,75.82310498483635,76.08142780373859,76.0913611161052,75.87488557236422,72.75426802056742,72.1562402471299,69.67987802094625,69.04166929283085,70.38733787851066,71.65878897143993,71.96846951819217,72.03327119149394,72.21272143197432,71.69443350185561,71.23699199252565,70.86631294687518,70.68265817731964,70.3665157793854,69.92796156058456,70.04211731076019,70.14495628623676,70.5325237235465,71.30653997239408,72.07754924937119,72.09581293172965,72.57254624586908,73.25561386317739,73.4087935198939,73.6471103915487,74.73685039182672,75.39017721349009,76.04808961136729,76.06995632871879,76.09325010304173,75.92888593000413,72.1562402471299,71.69443350185561,72.92592822981021,71.62453549364577,"rgba(38, 166, 154, 0.5)",2.5059267168702015,71.62453549364577,0.8481750452019806,53.68118350180666,-1.9656254758635328,False,False,True,False,True,4.145735033175992,0.0,0.0,0.0,0.0,1,0.9858644794708201,0.9073878153889801,False,False,False,False,0.24560063961052742,0.23093876918799863,False,False,False,False,12088133,11445702.514898779,False,False,False,False,438394.79045885394,False,False,False,False
2025-06-03 00:00:00+00:00,75.17,75.3191,74.0,74.38,373263,73.64001416589782,71.667918030493,71.26203970634793,70.74722494703497,71.8191586661966,72.01357279566781,72.1075823531793,72.2182426587124,72.28981420618483,71.38895105070024,71.14435754591665,70.83049933436723,70.64703082948353,70.3855451999681,70.94480021655345,71.53904382902053,72.35214730343685,72.92852480241855,73.46940248381773,74.38963370143881,75.00566200612606,75.82198142858512,76.08017763569502,76.09013093833565,75.8739318223466,73.01929269574947,72.21878311132046,69.72556074653376,69.07910567258374,70.41006600141576,71.67274932252296,71.98001383949605,72.04372892143685,72.22163108552364,71.70297070774008,71.24617092184582,70.87587394991725,70.692343394698,70.3754813998073,69.9371004464994,70.0505599194025,70.15307234502097,70.53970939696246,71.31205496826708,72.08157892546257,72.09980483021111,72.57569415442624,73.25771325483883,73.41066378426785,73.6486420575113,74.73696268975758,75.38952712990853,76.04685469536045,76.06872877356692,76.09207057329333,75.92787480647476,72.21878311132046,71.70297070774008,72.92852480241855,71.6614210342369,"rgba(38, 166, 154, 1.0)",2.3629455518047005,71.6614210342369,1.4848327601469398,56.233727240018986,0.5957308530863088,True,False,True,False,True,6.492324005824543,0.0,0.0,0.0,0.0,1,0.9931110998531586,0.891857684227204,False,False,False,False,0.3280416773371004,0.2794902232625495,False,False,False,False,12461396,11485533.631961571,False,False,False,False,435840.60259772243,False,False,False,False
2025-06-04 00:00:00+00:00,74.2,75.74,74.06,75.46,258543,73.67598570639979,71.70821053908296,71.28958030982668,70.76060774292147,71.82751420770082,72.0207702170225,72.11409547831748,72.22359358023785,72.29468040732115,71.39487276730314,71.15048073650632,70.83683605823539,70.65295481213823,70.3905677697201,70.94895091877503,71.54237063865126,72.3544222166545,72.93016531119035,73.47048881174767,74.3898715055501,75.00538421958264,75.82107705773772,76.07920045431983,76.089170219385,75.87316923912329,73.15316154866363,72.25781610096746,69.75573534456036,69.10402646395232,70.42509721465663,71.68185154740928,71.98750127214913,72.05050558581428,72.2273833750037,71.70854994000979,71.2522133170755,70.88219748285134,70.69876213807831,70.38144387771086,69.94320033347984,70.05619141704312,70.15848211593767,70.5444839133574,71.31568827689765,72.08419801785514,72.10239829427628,72.57771209234966,73.25901365923181,73.41180784799126,73.64955452349633,74.73690384922395,75.38894685367927,76.04588641184078,76.06776823010391,76.09114950571751,75.92707172236236,72.25781610096746,71.70854994000979,72.93016531119035,71.68307696746602,"rgba(38, 166, 154, 1.0)",2.1907791449833356,71.68307696746602,1.1488711850747175,55.89246271688925,0.5957308530863088,True,False,True,False,True,4.653528798278728,0.0,0.0,0.0,0.0,1,0.999451423104092,0.8881543775414804,False,False,False,False,0.3428282449084247,0.31115923408548707,False,False,False,False,12202853,11513663.803257195,False,False,False,False,428887.7554370275,False,False,False,False
2025-06-05 00:00:00+00:00,75.12,75.36,73.83,74.38,479207,73.74270062510425,71.78260945633572,71.34099210552466,70.78582232130572,71.84343111796571,72.03452480111712,72.12656540118832,72.23386674823672,72.30403800952519,71.40613708802417,71.16210577704285,70.84884133083018,70.66417030516328,70.40007016866603,70.95683292902828,71.5487214939654,72.35881484991228,72.93337825720111,73.47267059491368,74.39047534054255,75.00502725422389,75.81955426254166,76.07752506250445,76.08752206438236,75.87187918203898,73.36480901202268,72.32993237718448,69.81185652393974,69.15048109960408,70.45335045655918,71.69915592130975,72.00180038692879,72.06346638522442,72.2384225631625,71.71919493892932,71.2636938033344,70.89418098081217,70.7109129572348,70.39271700762146,69.95471133667363,70.06682622027122,70.16870390472882,70.55352538815308,71.3226088325824,72.08923215573165,72.10738457304791,72.58162654717769,73.26159407919351,73.41409702071994,73.65141283539832,74.73695511652336,75.38802729735472,76.04422948892247,76.06612239563636,76.0895690728705,75.92570772774651,72.32993237718448,71.71919493892932,72.93337825720111,71.72165786695963,"rgba(0, 255, 255, 0.75)",2.1238715213161963,71.72165786695963,1.6000695423112823,57.074402992791434,1.718342852225284,True,False,True,False,True,6.1569029437020575,0.0,0.0,0.0,0.0,1,0.9979842323452139,0.8913175522743008,False,False,False,False,0.31409891596406425,0.31262907502477566,False,False,False,False,12682060,11559483.261952993,False,False,False,False,430861.0591453794,False,False,False,False
2025-06-06 00:00:00+00:00,77.77,78.77,76.965,77.0,578320,74.0232260092009,71.95503865919217,71.45473259564362,70.83891969100908,71.88229123346768,72.06933694261106,72.15872862093612,72.26100540021528,72.32915700001115,71.4319269118659,71.18787034072773,70.87448124947258,70.68766781075745,70.41948804127259,70.97391310564771,71.56361363624755,72.37080639255068,72.94368674972269,73.4814915581673,74.39706602382188,75.01019715168589,75.82307200817624,76.08023509339296,76.09015293590463,75.87464578217775,73.97465190231823,72.51426350299758,69.91878227885326,69.23556928784889,70.51082716204687,71.74037042686622,72.0377538704568,72.09647210239106,72.26759375839426,71.74475127146363,71.28947365511995,70.91990404366955,70.73648067172695,70.41571711395983,69.97732614740453,70.08791933196763,70.18915673691878,70.57227981891398,71.3383166627893,72.10219985636532,72.12027584882343,72.59292248243598,73.27100041565097,73.42307112079108,73.6597698922149,74.74273587194762,75.39240676361334,76.04703166341032,76.06882553026442,76.09208527356822,75.92842011965469,72.51426350299758,71.74475127146363,72.94368674972269,71.82226993138949,"rgba(0, 255, 0, 1.0)",2.150947996252756,71.82226993138949,2.765166837586156,60.975419741069,5.545584938717923,True,False,True,False,True,10.225642094390484,0.0,0.0,0.0,0.0,0,1.0305041621512656,0.8630801646451048,False,False,False,False,0.3428282475307947,0.3277286612777852,False,False,False,False,13260380,11626185.094817583,False,False,False,False,436643.76270830573,False,False,False,False
2025-06-09 00:00:00+00:00,77.83,78.7087,77.47,78.23,387780,74.19811100068829,72.06840518195229,71.53074221783974,70.87492098885042,71.90879397073297,72.0931193449753,72.18072468426799,72.27959954068393,72.34638234184926,71.44955456377878,71.20546863507225,70.89198056856057,70.70370559913047,70.4327450864057,70.98559752211659,71.57382606814608,72.37906385839099,72.95081107184284,73.48761365293657,74.40168629251332,75.01385856542112,75.82562015688318,76.08222099206225,76.09208190149131,75.87665501314481,74.31225851185795,72.63478785145561,69.99038406681552,69.29279145132514,70.54974028326382,71.76845003981325,72.06230555168872,72.11903411843188,72.2875689196804,71.76223736497877,71.30708729868269,70.93746176925809,70.75392508962642,70.43140709353686,69.99273992968725,70.1023039644686,70.20310974946086,70.58509065306056,71.3490779468695,72.11111603806023,72.12914037268474,72.60071128804843,73.27751722398177,73.4292963542647,73.6655794522919,74.74680977336311,75.39553580244267,76.0490816764023,76.07080530371327,76.093930538749,75.93039432783767,72.63478785145561,71.76223736497877,72.95081107184284,71.88549559974649,"rgba(0, 255, 0, 1.0)",2.2518674725866448,71.88549559974649,2.6398109447467855,63.63543842244831,8.083531737141406,True,False,True,False,True,10.313968235828778,0.0,0.0,0.0,0.0,0,1.026072892289426,0.8550733754171429,False,False,False,False,0.3428282476698971,0.3352784544738412,False,False,False,False,13648160,11705478.228354149,False,False,False,False,434727.53671974473,False,False,False,False
2025-06-10 00:00:00+00:00,79.0,79.395,77.88,77.88,493081,74.43944045854172,72.22414774850779,71.63586865981758,70.9249756577248,71.94630039931717,72.12691643850512,72.21205389256939,72.30616756559314,72.37103977858672,71.47440096785476,71.23018722701283,70.91645883713899,70.72609722817809,70.45121077746096,71.00199224406664,71.58828533786023,72.39093443570965,72.96119131109788,73.49667268931134,74.40877292213166,75.01967469247012,75.82997286896345,76.08573110163594,76.09549653695993,75.88011013756393,74.74043831369103,72.80112377829158,70.08803094076328,69.370700133595,70.60359662885159,71.80807557132536,72.09716682943142,72.15112663338483,72.31609900443176,71.78700561241018,71.33186267764634,70.9620355818629,70.77828492860188,70.45324539830368,70.01409436072055,70.12226109238118,70.22249128041895,70.6029690498871,71.36425920466888,72.1238632283106,72.14181824812549,72.61196321684648,73.28709837433694,73.43849106371808,73.67422689917265,74.7531736792028,75.40065333419126,76.05268763540423,76.07429882392762,76.09719822231612,75.93381224398712,72.80112377829158,71.78700561241018,72.96119131109788,71.9712337506597,"rgba(0, 255, 0, 1.0)",2.3792760110688125,71.9712337506597,2.954161777213417,66.53646960025313,10.81225780600169,True,False,True,False,True,12.022718471897843,0.0,0.0,0.0,0.0,0,1.0246878994126902,0.8520219127579683,False,False,False,False,0.3428282479906368,0.339053351232239,False,False,False,False,14141241,11800998.337046143,False,False,False,False,437015.90782877436,False,False,False,False
2025-06-11 00:00:00+00:00,79.7,80.1825,79.2,79.5,503120,74.7086484461399,72.39747434973268,71.75371521685524,70.98142236743519,71.98934909723431,72.16586715573972,72.24824096102482,72.33695233156269,72.3996622308452,71.50281465737213,71.25835756646,70.94424092995779,70.7514638322644,70.47208128876743,71.02065940231199,71.60489695832155,72.40477473585008,72.97344834783016,73.50752245947716,74.41753077811289,75.02707147667707,75.83581599642864,76.09055399602512,76.10019300584118,75.8847705852368,75.18366655191397,72.98702152794975,70.19596414131318,69.45667809058446,70.66404921273417,71.85342954909062,72.13731081664515,72.18814732292833,72.34914310841113,71.81546643249239,71.36013749007964,70.98994178842676,70.80588538643516,70.47790818603485,70.03809707654474,70.1447263060724,70.24433537679242,70.62321510151776,71.3816379996719,72.1386472377796,72.15652695552356,72.6251435583161,73.29850641664818,73.44948499188614,73.68463877268529,74.76115876382345,75.40730992880923,76.05762634123361,76.07909373586011,76.10169381465167,75.93844392033392,72.98702152794975,71.81546643249239,72.97344834783016,72.06575117840026,"rgba(0, 255, 0, 1.0)",2.5169801532731926,72.06575117840026,3.0330985374166834,69.08751494332256,13.190065594666393,True,False,True,False,True,13.022235252247743,0.0,0.0,0.0,0.0,0,1.041949746287398,0.8428346684553468,False,False,False,False,0.34282824852871685,0.34094079988047793,False,False,False,False,14644361,11912502.755201196,False,False,False,False,439608.22516882245,False,False,False,False
2025-06-12 00:00:00+00:00,79.15,79.665,78.28,78.48,321727,74.84578117563187,72.49446972238867,71.82114568075525,71.01442283716221,72.01428178672707,72.188391765627,72.26915572944928,72.35474337160343,72.41619657292426,71.51942023342374,71.27486638590018,70.96057641251701,70.76641363456667,70.48442268333343,71.03164583810245,71.61461679316224,72.41279576760091,72.98049258609738,73.51369977014635,74.42241467888937,75.03111950788728,75.8389032274571,76.09306556645825,76.10263738769228,75.88722755395914,75.39191551780924,73.08949797422395,70.25899513202424,69.50740156220529,70.69948145151626,71.87973180936542,72.16052871918392,72.20955811058556,72.36822694755227,71.83203759113447,71.37668884858614,71.00634236351249,70.82213661548481,70.49248153122802,70.05233483860425,70.15804400011072,70.25727555314272,70.63517240260721,71.39183047005808,72.14724454336356,72.16507859559208,72.63275873619773,73.30502671662208,73.45575128603359,73.69054601863652,74.7655674802101,75.41089960939796,76.06020338408895,76.08159256621023,76.1040336368676,75.94087833533474,73.08949797422395,71.83203759113447,72.98049258609738,72.11676918456466,"rgba(0, 255, 0, 1.0)",2.615720158029156,72.11676918456466,2.6888315226865145,69.43611167571848,13.553126779599815,True,False,True,False,True,11.916259057733583,0.0,0.0,0.0,0.0,0,1.0293939878538503,0.849978428302898,False,False,False,False,0.30107613737267247,0.32100846862657517,False,False,False,False,14322634,12007017.705977619,False,False,False,False,434985.4320249471,False,False,False,False
2025-06-13 00:00:00+00:00,78.94,79.15,78.24,78.46,307851,74.96158190763583,72.58114473567208,71.8822675285595,71.04475135658086,72.03711345725733,72.20900896779533,72.28829796110816,72.3710319998667,72.4313339131267,71.53470414504486,71.2900805104166,70.97565378682981,70.78022841927184,70.49584720129897,71.04179606634834,71.6235746846466,72.42015770415206,72.98693428863584,73.51932517370011,74.42682026234783,75.03473888379997,75.8416162367371,76.0952566048816,76.1047692340218,75.8893846004169,75.55856376986846,73.18028291050116,70.31674255048395,69.55415065448804,70.73207665911615,71.90382888957814,72.18178022310087,72.2291592898659,72.38569101784952,71.84726384853333,71.39193427324183,71.02147642106762,70.8371457762316,70.5059648775562,70.06553069204537,70.17038485908759,70.26926318190647,70.64623567907331,71.4012332657742,72.15514702675752,72.17293837108753,72.63973883758229,73.31097472682421,73.46146054812925,73.69591699771247,74.76952588580224,75.41408637844981,76.06245384640316,76.08377332860506,76.10607434041708,75.94301228100842,73.18028291050116,71.84726384853333,72.98693428863584,72.16153878930166,"rgba(0, 255, 0, 1.0)",2.6913770368939938,72.16153878930166,2.5185847682348808,69.14372705055311,13.553126779599815,True,False,True,False,True,11.492846139578262,0.0,0.0,0.0,0.0,0,1.024531072848879,0.8576009240090708,False,False,False,False,0.285232064310453,0.3031202664685141,False,False,False,False,14014783,12085753.59986085,False,False,False,False,429999.76802396873,False,False,False,False
2025-06-16 00:00:00+00:00,80.04,80.84,79.69,80.08,365004,75.1380385436572,72.70360970822087,71.96793281789641,71.08692190532395,72.06962003203188,72.23851178525136,72.3157606670684,72.39447546455048,72.45316527012596,71.55626264480001,71.31142970821882,70.99668021835929,70.7994304374014,70.51165691049759,71.05598898796278,71.63625942511172,72.4308002296183,72.99641327252104,73.52776823294937,74.43372565555914,75.04063856919588,75.8463722615381,76.09921660839869,76.10862715265651,75.8931878022964,75.81401438861813,73.31048929757445,70.39547470447017,69.61737260079346,70.77711408495166,71.93801296918573,72.21216299072829,72.25723235250004,72.41082629577429,71.8688951257837,71.41337274470379,71.04260016790593,70.85802299284194,70.52461681821988,70.08365479379215,70.18736647192017,70.2857866714461,70.66158740660244,71.41448113381456,72.16648693493421,72.18422241919714,72.64989551013602,73.31982952693214,73.47000962720925,73.70403778756112,74.77586083825653,75.41944178925068,76.06650417743714,76.0877090210781,76.10976821782543,75.94679810395597,73.31048929757445,71.8688951257837,72.99641327252104,72.22629468246531,"rgba(0, 255, 0, 1.0)",2.807843209029619,72.22629468246531,2.7828139735178046,70.14911060549537,14.594252694230192,True,False,True,False,True,13.104491666415118,0.0,0.0,0.0,0.0,0,1.0262460726308686,0.8567162165762685,False,False,False,False,0.3428282487854486,0.32297425762698134,False,False,False,False,14379787,12175715.693983955,False,False,False,False,427450.91437597,False,False,False,False
2025-06-17 00:00:00+00:00,80.12,81.065,79.2,79.96,645431,75.41908094666904,72.90907448339239,72.11406255138164,71.1600484957638,72.12603917956275,72.28975028792668,72.36348150354979,72.43526270066326,72.49116480156452,71.59385209233255,71.34867106458057,71.03337917846217,70.8329722290492,70.53930980533211,71.08080990825373,71.65843690782168,72.44939906031979,73.0129707297558,73.54250806269951,74.44576556083521,75.05091337136844,75.85463781652386,76.10609503131609,76.11532844178377,75.89980022647734,76.19740268329129,73.5273073491237,70.53080753234703,69.72670508338354,70.85519710584794,71.99732822729541,72.26491692090836,72.30600977340578,72.45452938459032,71.90659064525967,71.4507628734824,71.07946548639907,70.89447018383028,70.55721419021695,70.11535046065782,70.21707007298916,70.31468949890089,70.68843818713758,71.4376457117926,72.18630745740468,72.20394517711283,72.66764233759447,73.33529162184566,73.48493554295533,73.71821199824683,74.78689949262632,75.42876030891212,76.07354007477684,76.09454567296255,76.11618524386434,75.9533789726169,73.5273073491237,71.90659064525967,73.0129707297558,72.33343058741299,"rgba(0, 255, 0, 1.0)",2.9284282589186894,72.33343058741299,2.658958568943114,70.90362124689744,15.564516393927605,True,False,True,False,True,13.220839982623254,0.0,0.0,0.0,0.0,0,1.049755221536008,0.8318795609259639,False,False,False,False,0.3353867523941438,0.32918050501056256,False,False,False,False,15025218,12287460.882455174,False,False,False,False,435999.15302789275,False,False,False,False
2025-06-18 00:00:00+00:00,84.96,85.44,80.82,81.36,1108610,76.15299467079856,73.40053012861155,72.46098101650061,71.33241595860817,72.26403910291883,72.41606547517931,72.4816004611718,72.53674754365487,72.58601741051312,71.68465272935939,71.43792282980016,71.12049073832887,70.91219263887322,70.60418840692266,71.14002019634975,71.71238881920036,72.49606300519144,73.05557638461924,73.5814727387555,74.47939561472997,75.08095003131398,75.88069589389515,76.12841446283358,76.13709913935833,75.9207695948177,77.19621640653325,74.05626423694076,70.83892589579182,69.9726768573112,71.03738126049379,72.14160368164535,72.39477878385196,72.42643344282199,72.56324199335539,71.99863281863107,71.54066226645783,71.16708943292342,70.98063457745029,70.63362500267519,70.18879688827066,70.2861190152298,70.38206486671132,70.75171389483225,71.49356387480339,72.23549985931294,72.25292989234863,72.7125905383115,73.37571985527974,73.52427011709601,73.75604796442904,74.81850250056846,75.45691490699691,76.09628222144885,76.1167004279543,76.13703853239096,75.97437093678248,74.05626423694076,71.99863281863107,73.05557638461924,72.59710999373463,"rgba(0, 255, 0, 1.0)",3.2263151377516266,72.59710999373463,3.831891640591837,74.87015908870521,19.498646396427873,True,False,True,False,True,19.644612628662898,0.0,0.0,0.0,0.0,0,1.0622597545131085,0.7946413983762354,False,False,False,False,0.3428282497922593,0.3360043774014109,False,False,False,False,16133828,12438298.808633402,False,False,False,False,462376.04898758326,False,False,False,False
2025-06-20 00:00:00+00:00,84.17,86.0,83.975,85.23,1344349,76.98027349958193,73.99062776507536,72.88891204325039,71.55113816303958,72.44089580849733,72.57842213037917,72.6337101123688,72.66789403515747,72.70878425871254,71.80171589729528,71.55288575910141,71.23257559756598,71.01416701319226,70.68778900951591,71.216581159671,71.78242171136638,72.55699703131158,73.1114634608978,73.63282221863122,74.52411123283146,75.12116640694889,75.91595647183509,76.15875009689401,76.16669727353607,75.94919999769125,78.23654030726455,74.6861535407867,71.22063028646299,70.27993056005444,71.26794616553696,72.32618533073328,72.56156420958591,72.58139963556086,72.70355206396086,72.11745462345115,71.65650219796461,71.27984723808382,71.09144978091669,70.73190927661746,70.28313798949212,70.37491050257702,70.4687630923038,70.83332507036629,71.5660390606878,72.29960179031265,72.31677037894323,72.7713856492509,73.42889786330649,73.57607997257121,73.80599136841477,74.86068329093517,75.49479033579848,76.1271747191583,76.14680871470686,76.16539691168494,76.0028524132205,74.6861535407867,72.11745462345115,73.1114634608978,72.91118652183778,"rgba(0, 255, 0, 1.0)",3.4627937599994074,72.91118652183778,3.251367034392528,75.76623319157493,20.446750899324826,True,False,True,False,True,18.033437006009937,0.0,0.0,0.0,0.0,0,1.1164666468331585,0.7610363352243799,False,False,False,False,0.3428282502725918,0.3394163138370013,False,False,False,False,14789479,12530501.953392876,False,False,False,False,496963.22353708977,False,False,False,False
2025-06-23 00:00:00+00:00,86.59,86.7199,84.75,85.02,881665,77.51896262832,74.38847527184625,73.1829152582763,71.70458131477034,72.56622530882656,72.69379391675406,72.74198636156045,72.76153276281373,72.79656344426893,71.88499781376936,71.63457570033177,71.31210441811714,71.08652311470657,70.74713189236407,71.27113400630326,71.83253660256881,72.60088453028723,73.15191533672444,73.67017770373506,74.55695372474216,75.15092257186696,75.94233600412791,76.1815456194985,76.18894438162523,75.970506858265,78.88407195184496,75.10902872089535,71.48288858567494,70.4921731412307,71.42925228273383,72.45676921218707,72.68000079627609,72.69163050861106,72.80363321477613,72.20213146804507,71.73885588727025,71.35986801390335,71.17002886399695,70.80157183006612,70.34988191510706,70.4377971116573,70.53021157971801,70.89131516104537,71.61781519867495,72.3456667394132,72.3626545410654,72.81381249166118,73.46750495240791,73.61374904576141,73.84238803646011,74.89178962219034,75.52295429273214,76.15037541988576,76.16943039800364,76.18671685083038,76.02421367472178,75.10902872089535,72.20213146804507,73.15191533672444,73.12358069817405,"rgba(0, 255, 0, 1.0)",3.7789832599640008,73.12358069817405,3.563503295845305,77.67939559828632,22.384378724725025,True,False,True,False,True,20.0,0.0,0.0,0.0,0.0,0,1.1341464807066437,0.7471113876819595,False,False,False,False,0.34282825027112984,0.3411222820540656,False,False,False,False,15671144,12653664.386593156,False,False,False,False,512049.56771210587,False,False,False,False
2025-06-24 00:00:00+00:00,86.29,87.2,85.865,86.94,504822,77.81369705433008,74.6126695211965,73.35086716710747,71.79358865887613,72.63921954267336,72.76107721327978,72.80518814407942,72.81628586890395,72.84792851005992,71.93368843930584,71.68232680577597,71.3585822282427,71.12882794124275,70.78185856298735,71.30309811782993,71.8619410809263,72.62668924542298,73.17573646957474,73.69220950721466,74.57637928747431,75.16856106940044,75.95802280229799,76.19512108852133,76.20219479320792,75.98318849049873,79.22816252506252,75.34627782973449,71.63324556886532,70.61444889686065,71.52272032785727,72.53276783723628,72.74904555133573,72.75595399769573,72.86211287648574,72.25165308518798,71.78699862283821,71.40663394273663,71.21594738883289,70.84229739450919,70.388889569389,70.47456880408608,70.56615200010702,70.92526186565244,71.64817804799803,72.37273182507343,72.38961481460744,72.83877317461639,73.49026070725652,73.63596198611661,73.86386580345832,74.91021039174143,75.53967301441872,76.16418962111312,76.18290207629786,76.19941680480844,76.0369301639674,75.34627782973449,72.25165308518798,73.17573646957474,73.24352993080672,"rgba(0, 255, 0, 1.0)",4.043011283414884,73.24352993080672,3.2269190350054466,78.31844939385603,23.1342517134634,True,False,True,False,True,20.0,0.0,0.0,0.0,0.0,0,1.1245472563502608,0.7314541051856178,False,False,False,False,0.3428282502904546,0.3419752661722601,False,False,False,False,15166322,12752199.979275776,False,False,False,False,511766.13368418015,False,False,False,False
2025-06-25 00:00:00+00:00,85.35,86.265,84.95,86.12,516564,78.06543751964004,74.8162571566567,73.50648914884066,71.87785251059712,72.7081455651955,72.82461684018196,72.86489316721833,72.86807050140949,72.8965238945482,71.98000570425229,71.72781429020668,71.40293429972742,71.16926353124117,70.81513479961737,71.33366721785508,71.88999715252288,72.6512252631055,73.19832215855033,73.71303781256417,74.59463957141087,75.18506996357124,75.97260777723044,76.20771901115285,76.21449098325047,75.99498336713667,79.50795952134396,75.55949895552727,71.77454322223421,70.73040995994717,71.61128253031846,72.60454522036375,72.81423657616962,72.81672669319398,72.91737645844805,72.29867601383356,71.83283258873735,71.4512489958812,71.25979847018264,70.88128158332964,70.4263096802201,70.50984134111269,70.6006175822927,70.95777370644294,71.67717494177427,72.39849682476124,72.41527812361652,72.86248156310984,73.5117985119048,73.65696850184251,73.88414940574626,74.92748498515833,75.55527421139183,76.17701243124503,76.19540546009875,76.21120378227027,76.04875128078307,75.55949895552727,72.29867601383356,73.19832215855033,73.352177357996,"rgba(0, 255, 0, 1.0)",4.2572271543393745,73.352177357996,2.818224681709705,76.76246232575444,23.1342517134634,True,False,True,False,True,18.405964403535105,0.0,0.0,0.0,0.0,0,1.1127064811130452,0.7506915654118643,False,False,False,False,0.3016799917429676,0.32182762895761385,False,False,False,False,14649758,12826614.019304177,False,False,False,False,511954.2853044084,False,False,False,False
2025-06-26 00:00:00+00:00,85.4,86.1675,85.03,85.37,397239,78.24838135980521,74.96787434091681,73.6235877406992,71.9420022174696,72.76069461708741,72.87309153466194,72.91046548487213,72.90764063397283,72.9336729819219,72.01543790406338,71.76261871693917,71.43687869150475,71.20022774936263,70.84064106463336,71.35710355485045,71.91151115761846,72.67004593269365,73.21564969945183,73.72901965868401,74.60865426669052,75.19774284465106,75.98380612641957,76.21739496125184,76.22393571680657,76.00404412622372,79.70711971983661,75.71765665304132,71.88134517886236,70.81842891043364,71.67868104275351,72.65925074764424,72.86396012134831,72.86310842251923,72.95958345111012,72.33464014414908,71.86789921314987,71.48539297720099,71.29336311203606,70.91114204783057,70.4549807613263,70.53687322534437,70.62703300632681,70.98269557262567,71.69940869507128,72.418257897137,72.43496140472155,72.88066872049357,73.52832365249691,73.6730868314109,73.89971407632815,74.94074452751398,75.5672514447095,76.18686072963467,76.20500898611736,76.22025826612844,76.05783209893471,75.71765665304132,72.33464014414908,73.21564969945183,73.43333116035843,"rgba(0, 255, 0, 1.0)",4.469202695227083,73.43333116035843,2.6775847182812855,75.76336086995077,23.1342517134634,True,False,True,False,False,18.467026986756633,0.0,0.0,0.0,0.0,0,1.0861293528320337,0.7595436832552254,False,False,False,False,0.3005281500701766,0.31117788951389524,False,False,False,False,15046997,12913687.861684406,False,False,False,False,507455.64666501986,False,False,False,False
2025-06-27 00:00:00+00:00,84.15,85.87,83.71,85.19,1168380,78.67375130044434,75.35175847845707,73.9285425045593,72.11420894573259,72.9014056673515,73.0029431051982,73.03261647201828,73.01390209719156,73.03348825416128,72.11129326567003,71.85694178389284,71.52907252876088,71.28450987830864,70.91030403297643,71.42097152664289,71.96998481265847,72.72099481156515,73.26240010336008,73.77199043709132,74.64607897869438,75.23140690315364,76.01330988072479,76.24282998802357,76.24876330284404,76.02793122395488,80.13863959645597,76.11246185578142,72.16474305854678,71.05492181500098,71.85976773973047,72.80575283042182,72.99711535323347,72.98744266472796,73.07278943239382,72.43171621504847,71.96286391469275,71.57809745361483,71.3846105246803,70.99257229271942,70.53337609870644,70.61078779026279,70.69924081658952,71.05072236308082,71.75990191623517,72.47182580812371,72.48831393103175,72.92984179439424,73.57281670938556,73.71644171564121,73.94151169666071,74.97605053320768,75.5989503905371,76.21275694768548,76.23025837210578,76.24406502338186,76.08175621934679,76.11246185578142,72.43171621504847,73.26240010336008,73.63946303260626,"rgba(0, 255, 0, 1.0)",4.6144239445677915,73.63946303260626,2.2777571141392414,72.46916532980936,27.492425263415242,True,False,True,False,False,15.963313020457687,0.0,0.0,0.0,0.0,0,1.0597295035013785,0.774593438189835,False,False,False,False,0.2647211765941913,0.28794953305404325,False,False,False,False,13878617,12951528.220049724,False,False,False,False,533374.2487565877,False,False,False,False
2025-06-30 00:00:00+00:00,83.76,84.2599,82.33,83.82,555723,78.82172054249492,75.50277323980546,74.05298305732983,72.18722273210956,72.96081754345347,73.05778464768372,73.0842392724053,73.05890859426042,73.07579018809781,72.15229925814042,71.89738863689632,71.56872312199965,71.32085934827609,70.94047954485046,71.44855016294554,71.99513912949512,72.74278673027295,73.28230058974503,73.7901907554833,74.66177262253635,75.2454138228344,76.0254349113942,76.25324531006338,76.25892981010074,76.03775484868015,80.27256371590678,76.26476569528333,72.28330640641411,71.15543925099524,71.93665232537217,72.86762817191357,73.05333239607343,73.03999905705304,73.12066539017398,72.47311721581555,72.00354595598029,71.61794961196102,71.4239032550513,71.02777951460232,70.5673918928805,70.64285747393258,70.73055655094905,71.08016458942494,71.78596376323776,72.49478316490617,72.51117617548734,72.95083687933516,73.59169966314072,73.7348152520384,73.95918348705243,74.99079257116962,75.61206701766336,76.22336639396936,76.2406005189554,76.25381615643059,76.09158528748173,76.26476569528333,72.47311721581555,73.28230058974503,73.72110043503912,"rgba(0, 255, 0, 1.0)",4.738645183890614,73.72110043503912,2.118516828204165,69.49597371342495,24.663556340238557,True,False,True,False,False,15.194124052804959,0.0,0.0,0.0,0.0,0,1.051788153088809,0.7906555163681198,False,False,False,False,0.19819996780660545,0.24307475043032434,False,False,False,False,13322894,12966091.583969343,False,False,False,False,534250.6703739765,False,False,False,False
2025-07-01 00:00:00+00:00,84.76,85.86,83.63,84.95,598374,79.01309311370461,75.68479464102597,74.20142888558823,72.27374994784421,73.03188197056758,73.12350204419768,73.14615494009182,73.11294616802807,73.12661622238979,72.20116481363678,71.94549087081374,71.61576233768587,71.36392561633012,70.97616883350999,71.48130579368946,72.02516101498315,72.76898937693659,73.30637032813476,73.81233869091047,74.68109878925917,75.26282380115762,76.04072469958751,76.26644616649322,76.27181775854518,76.0501535064432,80.45941149006225,76.45026447189812,72.42275706929786,71.2731177382278,72.02752521331983,72.94153960764393,73.12067687623338,73.10299573618433,73.17815049941515,72.52258780642595,72.0519679858453,71.66524433691896,71.470469276461,71.06941116974087,70.60749457490064,70.68069688393307,70.76753305401469,71.11502593047673,71.81700947184329,72.52231604435097,72.53859966002923,72.97613743423693,73.61462193147112,73.75715853139992,73.9807346652548,75.0090394878817,75.6284758640706,76.2368042048776,76.25370545640567,76.26617769871585,76.10400408920006,76.45026447189812,72.52258780642595,73.30637032813476,73.82071796278917,"rgba(0, 255, 0, 1.0)",4.884708404506695,73.82071796278917,2.239495407160458,68.6164306215742,23.813988636691462,True,False,True,False,False,16.488665902202783,0.0,0.0,0.0,0.0,0,1.0617646434774455,0.781861140831667,False,False,False,False,0.2616310478459449,0.25235289913813463,False,False,False,False,13921268,13003549.482637212,False,False,False,False,536765.3107514676,False,False,False,False
2025-07-02 00:00:00+00:00,84.64,86.1,84.14,86.1,675792,79.22227825768798,75.8865039456045,74.36744354263722,72.37167086897684,73.11253751811422,73.19816393731226,73.21654699474635,73.17446814785191,73.18451612384612,72.25681473005213,72.00026937595207,71.66932841544808,71.41299072628588,71.01686561263091,71.5186883475852,72.05945442306147,72.79896125380643,73.33392963863518,73.83772293845493,74.7032899117837,75.2828432963848,76.05834319672543,76.2816735519802,76.2866855610047,76.06445092648765,80.66197792624992,76.6553056992311,72.5791652826043,71.40562863982478,72.13028637705516,73.02538079083155,73.19716468247655,73.17460106538687,73.24355935082257,72.57893306664984,72.1071115302444,71.71910081805044,71.52349575623256,71.11684353083255,70.65318242132189,70.72382286786228,70.80968343951069,71.15478756504916,71.85246001254109,72.55379424827406,72.56995389495535,73.0050885653326,73.64088300199425,73.78276383260668,74.0054434759661,75.03000783407423,75.64736200100631,76.25230287983531,76.26882208739846,76.28043990794828,76.11832649962639,76.6553056992311,72.57893306664984,73.33392963863518,73.93214734739811,"rgba(0, 255, 0, 1.0)",5.019587761561194,73.93214734739811,2.1332135548261686,67.76627677212934,22.911120571713525,True,False,True,False,False,16.246816437532534,0.0,0.0,0.0,0.0,0,1.070455960575448,0.7754027274024816,False,False,False,False,0.2765802006143398,0.2644665498762372,False,False,False,False,13245476,13013036.797043595,False,False,False,False,542217.3377808218,False,False,False,False
2025-07-03 00:00:00+00:00,87.71,87.85,85.48,85.72,468406,79.407709932171,76.05173275536578,74.50126640037118,72.44958652759215,73.17738314736437,73.25830163105432,73.27329228275377,73.2241010228539,73.23125657954806,72.30129176582241,72.04394066067015,71.71190173823341,71.45191475930561,71.04906830619625,71.54841719828815,72.08688377465505,72.82314212150136,73.35631542819672,73.85848525313462,74.72168289536758,75.29960477761625,76.07332163316717,76.29468654980728,76.29939353931653,76.07661513567133,80.85412444348583,76.82545041987585,72.70290794636259,71.5096663802098,72.21180621391561,73.09269042934028,73.25875635150443,73.2322859461081,73.2963420164278,72.62411594959757,72.15111911796477,71.76192380928002,71.56558494406859,71.15437867152991,70.6891998337214,70.7578512468435,70.84297029977124,71.18629268980825,71.88075119578399,72.57911479663753,72.5951796806226,73.02850577987094,73.66230291200414,73.80369060128552,74.0257024711544,75.04748423905757,75.66328400405672,76.26553860425715,76.28173711631642,76.29263004880107,76.13052563542423,76.82545041987585,72.62411594959757,73.35631542819672,74.02420340708623,"rgba(0, 255, 0, 1.0)",5.242784129789479,74.02420340708623,2.610406275389276,70.02590049144023,22.911120571713525,True,False,True,False,False,20.0,0.0,0.0,0.0,0.0,0,1.0665923691702406,0.7693140069898609,False,False,False,False,0.3428282496682585,0.30364739977224786,False,False,False,False,13713882,13040520.922649728,False,False,False,False,539322.7755149073,False,False,False,False
2025-07-07 00:00:00+00:00,87.04,88.3,86.6671,87.36,561981,79.62781106465454,76.24925045260538,74.66217436381878,72.54402541941022,73.2561834653856,73.33144077603961,73.34234375454909,73.284562620277,73.28822123484223,72.35546313213472,72.09712334093436,71.7637389115758,71.49932135359222,71.08831028387722,71.58467525192118,72.120368157107,72.85270194638726,73.38370849376648,73.88391745991915,74.74425475614494,75.32020335133161,76.09176634810325,76.31072591669755,76.31505811078851,76.09160293459166,81.08114324294705,77.0285821822143,72.8518817658452,71.63522996592627,72.31054540893403,73.17444724457326,73.33364659797569,73.30246743822201,73.3606134808975,72.67915942560792,72.20471437844351,71.81406560028468,71.61682908447717,71.20008974190945,70.73305307703181,70.79929637390204,70.8835195314707,71.22469343936679,71.91527529936765,72.61005279642289,72.62600295642156,73.05714327363887,73.68852990114071,73.82932137631072,74.05052679650169,75.06894788602523,75.68286892309565,76.28185058061047,76.29765553929695,76.3076576449559,76.14555831247709,77.0285821822143,72.67915942560792,73.38370849376648,74.134959651843,"rgba(0, 255, 0, 1.0)",5.424611852074266,74.134959651843,2.3789794920022462,70.12612116428282,22.911120571713525,True,False,True,False,False,18.69268105594666,0.0,0.0,0.0,0.0,0,1.08731781784989,0.7703207107035094,False,False,False,False,0.342828249904896,0.32323782483857194,False,False,False,False,13151901,13044888.768820327,False,False,False,False,540211.3333378521,False,False,False,False
2025-07-08 00:00:00+00:00,86.45,86.8,85.55,85.845,533119,79.79817005699309,76.41287560877842,74.79856820853536,72.62611800310043,73.32451565445746,73.39488159574832,73.40226837060693,73.33711463821994,73.33775644029078,72.40285117240701,72.14371848511936,71.80924276043186,71.54101422669802,71.12292456719007,71.61659352744003,72.14977495755642,72.87857092189853,73.40761213987416,73.90604467466754,74.76378120511131,75.33794620132348,76.10754973930135,76.32442731920457,76.3284396542137,76.10443588000322,81.24789900656751,77.194907682653,72.98020187510635,71.74453109299046,72.39644908824856,73.245352681685,73.39858970545616,73.36337921130503,73.41642000068845,72.72721568871755,72.2516410768429,71.85982321533879,71.66184934540425,71.24035794442767,70.77177615040193,70.8358925361707,70.91931483634563,71.25854758890921,71.9456234355308,72.63716026844456,72.65300790576094,73.08217820168613,73.71137543593974,73.85162883119271,74.07210266492608,75.08747158654671,75.69968847272595,76.29578819938179,76.31125569121464,76.32049743920712,76.15842290228562,77.194907682653,72.72721568871755,73.40761213987416,74.2275032891278,"rgba(0, 255, 0, 1.0)",5.573875627132402,74.2275032891278,2.1928183419407095,68.97467976685627,22.911120571713525,True,False,True,False,False,17.51453316305245,0.0,0.0,0.0,0.0,0,1.0647058859128309,0.7905880164539022,False,False,False,False,0.28486894578177846,0.30405338531017523,False,False,False,False,12618782,13028178.699454824,False,False,False,False,539933.2026187207,False,False,False,False
2025-07-09 00:00:00+00:00,88.14,88.43,86.875,87.32,643788,80.03912714562577,76.63343007467496,74.98073050710536,72.73505731359857,73.4158402534762,73.47978356030721,73.4825169978256,73.40754344763153,73.40417643105067,72.4659909579614,72.20570352038602,71.86965779236203,71.59631024706022,71.16876675019883,71.65900729172954,72.1890007271177,72.91327474639942,73.43982138302412,73.93599398006438,74.79043516945865,75.36232044137779,76.1294393696281,76.34349166746406,76.34706125466342,76.12224427591144,81.49338951334455,77.42089431688403,73.14960579877896,71.88820725315298,72.51021001523334,73.3400206231353,73.48548242701416,73.44491225993822,73.4912142182436,72.79138146792155,72.31410795296365,71.92059198438506,71.72157246206295,71.29368051735476,70.8229281216225,70.88426670842568,70.9666579436986,71.30342361083694,71.98604461552901,72.67345427529618,72.68916935395956,73.11581936788589,73.74224162159881,73.88180691802127,74.10135132829562,75.11284589929198,75.72289410943786,76.31517287507948,76.33017628356765,76.33836540899516,76.17628742955318,77.42089431688403,72.79138146792155,73.43982138302412,74.3529757291452,"rgba(0, 255, 0, 1.0)",5.762405979503595,74.3529757291452,2.3925812099831414,69.77020125243777,22.911120571713525,True,False,True,False,False,19.552443959006485,0.0,0.0,0.0,0.0,0,1.0730971986625375,0.7709211462340249,False,False,False,False,0.3428282499508311,0.32344081763050314,False,False,False,False,13262570,13037370.515162477,False,False,False,False,544005.9397709278,False,False,False,False
2025-07-10 00:00:00+00:00,88.55,88.6,86.77,87.02,428251,80.19465155105723,76.7774897436157,75.10056832719997,72.80741472864213,73.47661596504155,73.53632691496327,73.53598994321685,73.45452546702366,73.44850456603389,72.50813642499365,72.24708091022495,71.90999076330199,71.63324284940197,71.1994107249129,71.68737363733864,72.21524857949616,72.93651506175507,73.46140260228714,73.95607154019031,74.80832011203591,75.37868711859689,76.14415186396229,76.3563129228108,76.35958559620558,76.13422054794287,81.65061408267928,77.56817930496405,73.26136112448872,71.9833029708938,72.58573245035743,73.40299718891188,73.54333836700773,73.49923281725704,73.54108404846751,72.8342101034121,72.3558058585656,71.96116007874328,71.76144504139127,71.32929946121855,70.85710043042094,70.91659258026247,70.99829871983647,71.33342583713569,72.01308695259311,72.69775270396616,72.71337954830778,73.13835281299644,73.76292941433536,73.90203669283034,74.12096267124036,75.12987875924337,75.73848292344302,76.32820860725134,76.34290096379756,76.35038409191756,76.1883019582585,77.56817930496405,72.8342101034121,73.46140260228714,74.43551380451137,"rgba(0, 255, 0, 1.0)",5.94570694284855,74.43551380451137,2.3738953720995983,70.64602963672417,22.911120571713525,True,False,True,False,True,20.0,0.0,0.0,0.0,0.0,0,1.0663051791641054,0.7698220755777038,False,False,False,False,0.34282824995956024,0.33313453379503166,False,False,False,False,13690821,13062996.024371792,False,False,False,False,539466.5303681463,False,False,False,False
2025-07-11 00:00:00+00:00,87.85,88.475,86.97,87.39,528169,80.37334606307667,76.94698408376254,75.24301277171946,72.89450051652452,73.54980915516465,73.60446048207065,73.60045411861428,73.51122793606964,73.50202623458799,72.55910470906161,72.29714212346674,71.95881514813445,71.67798583031454,71.23658337747341,71.72177696054308,72.24707411691243,72.96468337771347,73.48755012632056,73.98038771255136,74.8299631810259,75.39848107165548,76.16192807935352,76.37180382973195,76.37471853926209,76.14869845516691,81.82826655060187,77.74073632662159,73.39497234473973,72.09754070699921,72.67661823294739,73.47882470277325,73.61303874583723,73.56471413455354,73.60123727661001,72.88597740800368,72.40624578900533,72.01026454967987,71.80972342994015,71.37247268401948,70.8985479165797,70.95580767528709,71.03668309493881,71.36981826178173,72.0458792749613,72.72720701139215,72.74272675469146,73.1656607674667,73.78798847479948,73.92653834361595,74.1447108149192,75.15048388473011,75.75732786340666,76.34395879085207,76.35827583842457,76.36490770185817,76.20282466416528,77.74073632662159,72.88597740800368,73.48755012632056,74.53334262501697,"rgba(0, 255, 0, 1.0)",6.090825990114806,74.53334262501697,2.1863467116932065,69.69408425530534,22.911120571713525,True,False,True,False,True,18.6159540482413,0.0,0.0,0.0,0.0,0,1.066282610060911,0.7761483022296887,False,False,False,False,0.3428282499695901,0.3379813918823109,False,False,False,False,13162652,13066904.101847408,False,False,False,False,539023.4899615523,False,False,False,False
2025-07-14 00:00:00+00:00,87.54,87.82,86.68,87.56,533576,80.53576013144381,77.10656594101786,75.37899831349492,72.97900800198065,73.62084040213851,73.67061823340346,73.66308189783285,73.56638857607507,73.554117014613,72.608843071563,72.34602997589622,72.00653759181658,71.7217666477318,71.27302136838266,71.75548092505488,72.2782302725078,72.99223033439092,73.51309730378581,74.00412315003881,74.85104976337225,75.41773925270732,76.17918566669061,76.3868376147627,76.38940569545092,76.1627626145972,81.98562531450526,77.90219774930145,73.52361742646535,72.20824383620645,72.76482075822952,73.5524003001984,73.68070131621457,73.62832732776141,73.65971224048512,72.93645127981127,72.45548906924336,72.05825382540733,71.8569301373686,71.41475099490799,70.93918045579404,70.99425795723032,71.07431710463932,71.40548600925844,72.07799099867621,72.75602162304979,72.77143603614113,73.19235739759128,73.81245818146151,73.95045742925554,74.16788398477473,75.17054376113893,75.7756446794721,76.35924502794863,76.37319804223635,76.37900548024977,76.21692960020616,77.90219774930145,72.93645127981127,73.51309730378581,74.62631595663709,"rgba(0, 255, 0, 1.0)",6.217202752690274,74.62631595663709,2.0770890956990233,68.37996530033821,22.645292298367323,True,False,True,False,False,17.98858101717973,0.0,0.0,0.0,0.0,0,1.075554125781832,0.7791944429230642,False,False,False,False,0.32196341650208954,0.3299724041922002,False,False,False,False,12629076,13049734.372363197,False,False,False,False,538809.8629042365,False,False,False,False
2025-07-15 00:00:00+00:00,86.76,87.5,86.38,87.13,407902,80.64674366485657,77.21988559730953,75.4769376787404,73.04087093984243,73.67282071401942,73.71905452806675,73.70895559241829,73.60684338252267,73.59233672059734,72.64544452764788,72.38203348406604,72.04171694791741,71.75407634459681,71.29996057105251,71.78038036527494,72.301226636178,73.0125357297336,73.53190718892472,74.02157871536517,74.8665216953812,75.43184539754691,76.19179286694394,76.39781453786881,76.40013000671402,76.17304278150111,82.09004178802844,78.01609519198942,73.61710718592064,72.28921922193368,72.82940162053619,73.60623701117795,73.73022819721604,73.67492207528781,73.70256729046015,72.97355805400602,72.4917427315654,72.09362438984012,71.89174372567585,71.44597850249531,70.9692279687669,71.02269515102765,71.10214846162367,71.43185057232,72.10170112300165,72.77727090020528,72.79260708921638,73.2120277908059,73.83046206073779,73.96805040382708,74.18491898694512,75.18524841741724,75.78904514267263,76.37040714181298,76.38409432429003,76.38930086903912,76.22723721023482,78.01609519198942,72.97355805400602,73.53190718892472,74.69296354912888,"rgba(0, 255, 255, 0.75)",6.29769398702416,74.69296354912888,1.9161039700776485,65.81993749585692,20.091382133641872,True,False,True,False,False,16.41567247981527,0.0,0.0,0.0,0.0,0,1.0739791901439448,0.7820415034799649,False,False,False,False,0.30842110860898775,0.319196756400594,False,False,False,False,12221174,13017241.808741111,False,False,False,False,533676.2212217174,False,False,False,False
2025-07-16 00:00:00+00:00,87.46,87.47,85.98,86.74,500093,80.77951327802802,77.35654282258079,75.59568986785268,73.11645679860366,73.73642625714976,73.77835828523567,73.7651459848314,73.65644128941793,73.63921181067592,72.69034509555337,72.42620408144825,72.08488108423528,71.79373556027593,71.33305179572992,71.81097703519637,72.32949525978,73.03751056359795,73.5550512366441,74.04306432263598,74.88557795431848,75.44922799120917,76.2073387871084,76.41135636611541,76.41336092334078,76.1857252327248,82.21442723755847,78.15323021378208,73.73072186316666,72.38788947708508,72.90827870853263,73.67209443907541,73.79085606074837,73.73198893092206,73.75508676285176,73.01907549233474,72.53621874454205,72.13702200974606,71.93446105011496,71.48431441311425,71.00611989098338,71.05761797615288,71.13633047458168,71.4642391281043,72.13084298774932,72.80340139580251,72.81864179741514,73.23622522106139,73.85261922920792,73.9897042796641,74.20588953788048,75.20336454576879,75.80556317158683,76.38417667207445,76.39753678926864,76.40200368230873,76.23995384604473,78.15323021378208,73.01907549233474,73.5550512366441,74.77388903379932,"rgba(0, 255, 255, 0.75)",6.3889880575576194,74.77388903379932,1.9856213303128813,65.03680367138325,19.259106582210777,False,False,True,False,False,17.309300981716817,0.0,0.0,0.0,0.0,0,1.0677697965732524,0.7774777863180519,False,False,False,False,0.29909312663516796,0.30914494151788097,False,False,False,False,12721267,13005634.953496363,False,False,False,False,532359.232154199,False,False,False,False
2025-07-17 00:00:00+00:00,88.32,88.535,87.38,87.6,573620,80.95116510168778,77.52618632471663,75.74189717813594,73.20900785214879,73.81468620188554,73.85139149827133,73.83437506128321,73.71757842265477,73.6970126486972,72.74547247960261,72.48037668813248,72.1377488485613,71.84227557433155,71.37351479051978,71.84847567226879,72.36423079194792,73.06831765793761,73.58368529222922,74.06972672396647,74.90936020050735,75.47101384038413,76.22694585328735,76.42847254329602,76.43008547175623,76.20172699047986,82.38099799805643,78.32457907638184,73.86939559312164,72.50792522506285,73.0047224148269,73.75306965866699,73.8655087864148,73.80227590589134,73.81982799684569,73.07504097415331,72.59079020756401,72.19018575291827,71.98675183510278,71.53118476608256,71.05115037951549,71.10026452304375,71.17808908100488,71.50386741895922,72.16661526930056,72.83559120077933,72.85071643740689,73.26610715240103,73.88008188536014,74.01656641721216,74.23194006575018,75.22602661425674,75.826324738639,76.40157572925499,76.41452566942833,76.41806080624524,76.25600597861155,78.32457907638184,73.07504097415331,73.58368529222922,74.87460581992528,"rgba(0, 255, 0, 1.0)",6.496825193583013,74.87460581992528,2.0695330071917097,65.57391988935811,19.259106582210777,False,False,True,False,False,18.391804238211,0.0,0.0,0.0,0.0,0,1.0981443065173566,0.7583864261000757,False,False,False,False,0.3428282500197998,0.32598659576884037,False,False,False,False,13294887,13016978.17100631,False,False,False,False,533977.3014814854,False,False,False,False
2025-07-18 00:00:00+00:00,89.83,90.07,88.655,88.81,560718,81.14368800453595,77.7088370903962,75.89784361523968,73.30703207087159,73.89800500135738,73.92921787538948,73.90817900881024,73.78278403098463,73.75868069886837,72.8040046582631,72.53782499164538,72.1937287681977,71.89362846884524,71.41627243812614,71.88820162063399,72.40113520729544,73.10118745438439,73.61433628810985,74.09836074467036,74.93505780582657,75.49466126595195,76.24837058664703,76.44721736498548,76.44840288626803,76.21921875106257,82.57382743170987,78.51034849997339,74.01586123547196,72.63418780911854,73.1067126120591,73.83921728377935,73.94504969047307,73.87718292331893,73.88888430964,73.13455931820816,72.64869061077415,72.24649119603285,72.04208504535471,71.58071059370056,71.09864226168891,71.14526405414027,71.22217109839043,71.54577174560742,72.20457872717337,72.86988637404221,72.88489221098915,73.29802931280788,73.90953682211342,74.04540438007463,74.25994872528588,75.25057536008306,75.84892884472359,76.42062473638676,76.43312909887823,76.43564727094152,76.2735611545148,78.51034849997339,73.13455931820816,73.61433628810985,74.98320515842344,"rgba(0, 255, 0, 1.0)",6.634400976485954,74.98320515842344,2.23785009290175,67.53112177955019,19.259106582210777,True,False,True,False,True,20.0,0.0,0.0,0.0,0.0,0,1.1047466752465305,0.7504923095505727,False,False,False,False,0.3428282503581075,0.33440742306347393,False,False,False,False,13855605,13049865.497633515,False,False,False,False,535025.9563253487,False,False,False,False
2025-07-21 00:00:00+00:00,89.6,90.85,89.43,90.28,307567,81.25103915006238,77.81034125745272,75.98461918273794,73.36175317437943,73.9446145727468,73.97278017206368,73.94950506002488,73.81932029798423,73.79324561938165,72.83678158123683,72.56998786370428,72.22506110805611,71.92237292908726,71.44021069122817,71.91046046374498,72.4218313689466,73.11964513708628,73.63156456829999,74.11447072496524,74.94954092744676,75.5080061073016,76.26048341568833,76.45782321092798,76.45876745697393,76.22911188365624,82.68168810450196,78.61363662454713,74.09729852073139,72.70444392531738,73.16361460186927,73.88739249734893,73.98956504009998,73.91912040190272,73.92756905100515,73.1678990679588,72.681109546181,72.27800673234516,72.0730518403716,71.60842706595845,71.12521123193899,71.17044520794732,71.24684277429833,71.56923738826471,72.22586151985266,72.88913573481817,72.90407515928958,73.31596150430703,73.92610231069226,74.06162738446704,74.27571203259248,75.26442086906916,75.86169565175467,76.43140163739807,76.44365477532743,76.4455988101871,76.28349130720747,78.61363662454713,73.1678990679588,73.63156456829999,75.04381139516767,"rgba(0, 255, 0, 1.0)",6.7536002128834145,75.04381139516767,2.155322812425943,68.27547112282792,19.259106582210777,True,False,True,False,True,19.75397611200312,0.0,0.0,0.0,0.0,0,1.1059570452433773,0.7453090015214577,False,False,False,False,0.34282825052385235,0.33861783679366314,False,False,False,False,13548038,13069401.674196906,False,False,False,False,526105.9972537664,False,False,False,False
2025-07-22 00:00:00+00:00,90.38,90.535,89.62,89.79,425202,81.39882922881732,77.950401580917,76.10468182424611,73.43780121372995,74.00947957209895,74.03343243407127,74.00706221543075,73.87023921523497,73.84143046481248,72.8824641183354,72.61481279021852,72.26872657941928,71.96244015306098,71.47359194822613,71.94151362955984,72.45071815673082,73.1454258275378,73.65564009341865,74.13699460017108,74.96980804721956,75.52669254992001,76.2774601504743,76.47269473099826,76.47330129275657,76.24298250362126,82.83003752946156,78.75608752148739,74.21005354892122,72.80185489431484,73.24266439621202,73.95441933378453,74.05153595170265,73.97752304361583,73.98146798847819,73.21436972170135,72.7262920843114,72.32192747904531,72.1162070494316,71.64706109789337,71.16224335031723,71.20554981463421,71.28124051676679,71.60196357015315,72.25556165105755,72.91601553474187,72.9308627021294,73.34101310817617,73.94925844213908,74.08430805651666,74.29775490315919,75.283802736699,75.87958012053745,76.4465121420861,76.45841387259321,76.45955429069056,76.29741451298214,78.75608752148739,73.21436972170135,73.65564009341865,75.12779178986868,"rgba(0, 255, 0, 1.0)",6.887241030326307,75.12779178986868,2.2145599584756637,69.5850956373067,15.61447417890291,True,False,True,False,True,20.0,0.0,0.0,0.0,0.0,0,1.1047319629674648,0.7882402945382796,False,False,False,False,0.34039798299518714,0.33950790989442514,False,False,False,False,13973240,13104846.31442448,False,False,False,False,522148.9777536187,False,False,False,False
2025-07-23 00:00:00+00:00,90.41,91.805,90.19,91.51,395994,81.5415979115442,78.084523205187,76.21955682093136,73.51062358889304,74.07173537873676,74.0916766281793,74.0623517766625,73.9191778488437,73.88775372291899,72.92631820625641,72.65782814557153,72.31061071495552,72.00086871721263,71.50560584760464,71.97132414111601,72.47847922464442,73.17024170485297,73.6788424061951,74.15872743932577,74.98940614119243,75.54479118149807,76.29394081284782,76.48714431257261,76.48742346740501,76.2564522475272,82.97429169234866,78.89270247445872,74.31769439632137,72.89482228615809,73.31831180386067,74.01872716916668,74.11103911451536,74.03361606793374,74.03326341687492,73.2590023273657,72.76965704079541,72.36405895149981,72.15759386774249,71.68410239520993,71.19772869533502,71.23919688337848,71.3142161742425,71.63335760781212,72.28409229139741,72.94187508023961,72.95663446433748,73.36513826819433,73.97159068811492,74.10618928924022,74.31903234265835,75.3025614897383,75.89692027287938,76.46119227610627,76.47275382939243,76.47311503008733,76.31093739247704,78.89270247445872,73.2590023273657,73.6788424061951,75.20843929185786,"rgba(0, 255, 0, 1.0)",7.003520681863172,75.20843929185786,2.1705598367845487,70.4897064499227,16.589126244371172,True,False,True,False,True,20.0,0.0,0.0,0.0,0.0,0,1.093137663067364,0.7552595034996241,False,False,False,False,0.34282825069162515,0.34116808029302514,False,False,False,False,14369234,13154430.145231362,False,False,False,False,517201.72372406506,False,False,False,False
2025-07-24 00:00:00+00:00,89.09,89.96,88.9,88.965,445982,81.67231826757089,78.21501085406689,76.33384337460615,73.58492958022994,74.1351248610673,74.15100404295916,74.1187009500233,73.96913819493955,73.93506856403616,72.97137008791671,72.70208535881194,72.35378583668167,72.04055731535507,71.53876925153928,72.00214632494679,72.50711852580132,73.19575987807916,73.70263881708662,74.18095803898447,75.00935273595258,75.56314421774141,76.31056185388172,76.50169845087518,76.50164848729514,76.2700467697534,83.10096930064867,79.02417045516509,74.4264914238105,72.98979403024866,73.39556138870026,74.08421092637954,74.17163189057658,74.09078853899551,74.08608428604424,73.30476640848676,72.8142460668003,72.40747620438549,72.20029100820759,71.72242123458182,71.23452455080401,71.27408717243958,71.34840144652271,71.6658622873677,72.31355115806035,72.96849544701254,72.98316268446403,73.38992192872804,73.99445828467174,74.12857835465682,74.34077706298699,75.3216150113715,75.91446022415583,76.47598128529995,76.48719949425846,76.48677726934413,76.32457950060568,79.02417045516509,73.30476640848676,73.70263881708662,75.2880488713236,"rgba(0, 255, 255, 0.75)",7.038223479461036,75.2880488713236,1.9609992733185158,67.68492322194544,16.589126244371172,True,False,True,False,False,17.93582646850631,0.0,0.0,0.0,0.0,0,1.0927354851359534,0.7831662342246262,False,False,False,False,0.28549853313515083,0.313333306714088,False,False,False,False,13923252,13184580.021888956,False,False,False,False,514408.7933819449,False,False,False,False
2025-07-25 00:00:00+00:00,89.48,89.56,88.98,89.25,311548,81.7613284530871,78.30456871499614,76.4126453252167,73.63650048533582,74.17916235210264,74.19223795290678,74.15787829021338,74.00389966376115,73.96799919808907,73.00273987771816,72.73290592610817,72.3838579984459,72.06821196660935,71.56189322494164,72.02364168512126,72.52709493723029,73.213563945832,73.7192440440261,74.19647282158225,75.02327650722631,75.57595773827033,76.32216838953656,76.51186438261297,76.51158496547755,76.27954362091923,83.18682221468607,79.11426309923287,74.50167931725166,73.05558288649354,73.4491626793253,74.12969362758291,74.21373902893214,74.1305350019695,74.12282327431602,73.33662756386943,72.84529599710201,72.43771600059631,72.23003243481777,71.74912619390265,71.26017341060127,71.298411974878,71.37223611342166,71.6885280801813,72.33409790405226,72.98706671493687,73.00166982247629,73.40721461623492,74.01041668903521,74.14420350577687,74.35595342987294,75.33491659108215,75.92670715082374,76.48631095411405,76.49728980416133,76.49632134379371,76.33410953585125,79.11426309923287,73.33662756386943,73.7192440440261,75.34299445035431,"rgba(0, 255, 255, 0.75)",7.068577514361511,75.34299445035431,1.9999788530185847,66.37051194591126,20.400181518620414,False,False,True,False,False,18.434548437000068,0.0,0.0,0.0,0.0,0,1.0926697919825517,0.7648009614300597,False,False,False,False,0.27975382178672825,0.2965435642504081,False,False,False,False,14234800,13225765.119069781,False,False,False,False,506453.46815128037,False,False,False,False
2025-07-28 00:00:00+00:00,88.39,89.35,88.39,89.28,347167,81.85006632590654,78.39708095435113,76.4951143507262,73.69128158535028,74.2259083508171,74.23602309825952,74.19949609727183,74.04086697100068,74.0030321662645,73.03621226663014,72.76581816630647,72.41600268260237,72.09780412113523,71.58667964937167,72.04666272021987,72.54846742216141,73.2325840789544,73.73696163837815,74.21300634280131,75.03807897363309,75.58955590496981,76.33445281361824,76.52261822090932,76.52209648974066,76.28960030110507,83.27023479230498,79.20674801165221,74.58105569401647,73.12546025761306,73.50611795713942,74.17797185022972,74.2584428843907,74.17275775980367,74.1618683744294,73.37059074281248,72.87844240435065,72.47003483785423,72.26183698247381,71.77772674729273,71.28767625920793,71.32449693290569,71.39779284101525,71.71281783202978,72.35608936407802,73.0069162974492,73.02145027381772,73.42568003962083,74.02743132849511,74.16085699740769,74.37211924061216,75.34904379609932,75.93968821602516,76.497238863025,76.507964425886,76.50641904557587,76.34419909108159,79.20674801165221,73.37059074281248,73.73696163837815,75.40031652454851,"rgba(0, 255, 255, 0.75)",7.025143098431453,75.40031652454851,1.849027598932721,62.96569576514278,17.203516587404778,False,False,True,False,False,16.162349806702498,0.0,0.0,0.0,0.0,0,1.099939193180552,0.7540679875556535,False,False,False,False,0.2654695385186885,0.28100655138454833,False,False,False,False,13887633,13251720.722243516,False,False,False,False,500206.9399884851,False,False,False,False
2025-07-29 00:00:00+00:00,88.15,88.68,87.61,88.36,413779,81.94446868868218,78.49931073267477,76.58750658113634,73.75362623831673,74.27908055610072,74.28584794994092,74.24687567145375,74.08300253267359,74.04297907640041,73.07449404824382,72.80348897776292,72.45283123906549,72.13174565074,71.61515966069634,72.07309324154494,72.57298174641994,73.2543698741053,73.75723169538746,74.23189923070758,75.05495464437713,75.60503216794032,76.34839747001881,76.53481938783246,76.53402327473799,76.30102267181312,83.35645854311332,79.30827830653872,74.67078528932842,73.20495347254389,73.5709538392737,74.23288291710789,74.30930241688884,74.22082580335143,74.20634155682313,73.40939561569624,72.9163689152748,72.50705711503475,72.29829118748401,71.81055931143511,71.31928688317204,71.35448089352715,71.42716700031383,71.74072123923605,72.3813231420649,73.02966274291798,73.04411687800882,73.4468213331859,74.04688314574979,74.17988956043712,74.39058418140878,75.36513441238161,75.95444461761448,76.50963844001988,76.52007661968501,76.51787788259756,76.35565624104498,79.30827830653872,73.40939561569624,73.75723169538746,75.46436849181444,"rgba(0, 255, 255, 0.75)",7.028935969057245,75.46436849181444,1.8047726660237344,60.17139758149773,14.668908819523438,False,True,True,False,False,15.666960613764367,0.0,0.0,0.0,0.0,0,1.0788465768728919,0.7830711135522415,False,False,False,False,0.23984242214346851,0.2604244867640084,False,False,False,False,13473854,13260431.831175143,False,False,False,False,496817.6090085445,False,False,False,False
2025-07-30 00:00:00+00:00,89.43,90.67,88.84,89.025,584839,82.10429653844186,78.66210601997984,76.73224852006884,73.84992152666449,74.36160013305624,74.3632206866167,74.32046375492308,74.14843617123607,74.10502125564557,73.13362428155503,72.86159428200413,72.50953913724975,72.18394522481518,71.65888424322478,72.11377513640448,72.61082399755857,73.28814436587211,73.78876094183613,74.26138459324149,75.08145732182108,75.62944994048657,76.37054959893212,76.55424308441131,76.55301110231004,76.31916928100857,83.50982746818234,79.47160864238995,74.80949768540955,73.32702203364461,73.67095068052326,74.31805060929504,74.38827969520929,74.29546189393795,74.27543210379702,73.46944367876166,72.97490232236014,72.56407773560788,72.35438117535232,71.86098161983048,71.36772869120352,71.40044806090289,71.47221846851443,71.78359011444913,72.42023191666388,73.06487502397788,73.07920891803874,73.47963786874728,74.07720045175888,74.2095817917454,74.41943508461627,75.39046906517973,75.97779923193474,76.52937240788941,76.53935629505531,76.53611965428244,76.37386725775154,79.47160864238995,73.46944367876166,73.78876094183613,75.56582566896694,"rgba(0, 255, 255, 0.75)",7.0297468038053825,75.56582566896694,1.972215318413465,60.445547827582615,14.668908819523438,False,True,True,False,False,17.37124820670905,0.0,0.0,0.0,0.0,0,1.0754614969799168,0.7609726745627438,False,False,False,False,0.29722464720053793,0.2788245669822732,False,False,False,False,14058693,13291736.190736901,False,False,False,False,500269.42826311133,False,False,False,False
2025-07-31 00:00:00+00:00,89.41,90.27,88.43,88.43,470451,82.22358652487502,78.7864371620696,76.84392767664735,73.92519786211955,74.42614949030867,74.42378029061165,74.37809097554172,74.1997412406377,74.15368967310556,73.18009213294201,72.90727905130002,72.55415277213288,72.22504818640417,71.69336456593918,72.14584942086218,72.6406508082217,73.31475431472678,73.81359184616494,74.28459616267827,75.10230297220848,75.6486438519317,76.38794529675249,76.5694967112895,76.56792336418157,76.33342855486994,83.62255379194625,79.59582313685952,74.91718225549678,73.42226520157473,73.74911342340292,74.38465615641837,74.45008076228481,74.3539052445743,74.32956989295161,73.51660503788858,73.02091438180254,72.60893272462836,72.39852036040516,71.90070772862984,71.40592337630396,71.43669909873124,71.50774777988686,71.81739383562211,72.45090289171252,73.09262125361414,73.10686026479905,73.50548942016613,74.1010707962824,74.23295735653008,74.44214376509524,75.4103891660446,75.99614911550185,76.54486974707446,76.5544975371498,76.55044790841986,76.3881756222101,79.59582313685952,73.51660503788858,73.81359184616494,75.64412239661284,"rgba(0, 255, 255, 0.75)",7.0480408596048,75.64412239661284,1.9531495173765263,60.57910688437033,14.668908819523438,False,True,True,False,False,17.3289639988386,0.0,0.0,0.0,0.0,0,1.0750495546986774,0.7661002294180096,False,False,False,False,0.28262390585098157,0.28072423641662736,False,False,False,False,13588242,13303363.86953153,False,False,False,False,499100.0781351462,False,False,False,False
2025-08-01 00:00:00+00:00,88.71,89.76,87.95,89.41,442446,82.32368943288222,78.8946758770039,76.94252936600323,73.99277187174162,74.48408232716346,74.47816068053311,74.42986509393447,74.24589756307202,74.19749455396162,73.22203960471013,72.94855183275993,72.59449734995057,72.26226112512602,71.72464052670185,72.17492275579876,72.66766405117598,73.33882472448062,73.83602946204077,74.30554824616922,75.12108043007333,75.66590722715846,76.40355495504296,76.58317935004149,76.58130056553284,76.34623233805476,83.71467268286196,79.7032610163529,75.01312207151106,73.50768474657255,73.81929092615887,74.44442649455483,74.50556245941422,74.40641103148332,74.37823803242065,73.55913738466359,73.06246945598711,72.64948916011024,72.438452606183,71.9367053821151,71.44057500063604,71.46959220496883,71.5399838710555,71.84805040898121,72.47868991805419,73.11772966528444,73.13188223878355,73.52886484787177,74.12262654592334,74.25406003580241,74.46263421210801,75.42831780524513,76.01263584950736,76.55877177688859,76.5680803648015,76.5633031993496,76.4010208293183,79.7032610163529,73.55913738466359,73.83602946204077,75.71315066084999,"rgba(0, 255, 255, 0.75)",7.0521246928573165,75.71315066084999,1.8429693043167188,58.93932624385238,13.421919158283501,False,True,True,False,False,15.843785750738071,0.0,0.0,0.0,0.0,1,1.0737997459596829,0.7710312948675582,False,False,False,False,0.26493596538012093,0.2728301008983741,False,False,False,False,13145796,13297184.73739304,False,False,False,False,496878.3495808267,False,False,False,False
2025-08-04 00:00:00+00:00,88.38,88.84,87.98,88.07,447711,82.41576902593036,78.99745101183724,77.03729977816441,74.05866814714874,74.54058029523038,74.5312212588371,74.48040719281784,74.29101098533818,74.24032842332028,73.26315598081987,72.98903278583339,72.6340996944102,72.29882583139131,71.75542183872346,72.2035221362097,72.69422054345274,73.36246717736232,73.85805092218732,74.32609535735385,75.13946597161868,75.68279080103049,76.41879388749304,76.59653410459042,76.59435793045407,76.35873978104156,83.79743107496667,79.80471192747714,75.1060410829355,73.59088854298372,73.88773191672826,74.50270757478489,74.55968547852763,74.45766521700398,74.42577467442807,73.60079419487886,73.10321652637631,72.68929425859365,72.47766365879674,71.97210135784817,71.47468095080805,71.50197239454917,71.57171611136894,71.87821817796544,72.50601374764271,73.14239886073837,73.15646611855342,73.55181816669473,74.14377227286951,74.27475672717644,74.48272291947097,75.4458610222691,76.0287467251462,76.57234116852231,76.58133851675291,76.57585288137406,76.41356666942796,79.80471192747714,73.60079419487886,73.85805092218732,75.77946618920797,"rgba(0, 255, 255, 0.75)",7.052370174461451,75.77946618920797,1.786709077810746,57.06075632027119,11.553475190222066,False,True,True,False,False,15.146231455153089,0.0,0.0,0.0,0.0,0,1.091563533661803,0.7640066011473419,False,False,False,False,0.24917210228874462,0.2610011015935594,False,False,False,False,12698085,13273690.630044295,False,False,False,False,494950.21822471585,False,False,False,False
