date,Open,High,Low,Close,Volume,aVWAP_peak_473,aVWAP_peak_472,aVWAP_peak_447,aVWAP_peak_428,aVWAP_peak_395,aVWAP_peak_365,aVWAP_peak_331,aVWAP_peak_227,aVWAP_peak_181,aVWAP_peak_180,aVWAP_peak_145,aVWAP_peak_101,aVWAP_peak_62,aVWAP_peak_42,aVWAP_peak_36,aVWAP_peak_12,aVWAP_valley_499,aVWAP_valley_482,aVWAP_valley_454,aVWAP_valley_389,aVWAP_valley_234,aVWAP_valley_210,aVWAP_valley_155,aVWAP_valley_154,aVWAP_valley_130,aVWAP_valley_111,aVWAP_valley_87,aVWAP_valley_54,aVWAP_valley_24,aVWAP_OB_bull_234,aVWAP_OB_bear_473,Peaks_Valleys_avg,color,StDev,StDev_Mean,StdDev_ZScore,QQEMOD,QQE1_Value,QQE1_Above_Upper,QQE1_Below_Lower,QQE2_Above_Threshold,QQE2_Below_Threshold,QQE2_Above_TL,banker_RSI,OB,OB_High,OB_Low,OB_Mitigated_Index,TTM_squeeze_Active,VI_plus,VI_minus,VI_Regular_Bullish,VI_Regular_Bearish,VI_Hidden_Bullish,VI_Hidden_Bearish,Fisher,Fisher_Signal,Fisher_Regular_Bullish,Fisher_Regular_Bearish,Fisher_Hidden_Bullish,Fisher_Hidden_Bearish,OBV,OBV_Smoothed,OBV_Regular_Bullish,OBV_Regular_Bearish,OBV_Hidden_Bullish,OBV_Hidden_Bearish,Volume_MA,Vol_Regular_Bullish,Vol_Regular_Bearish,Vol_Hidden_Bullish,Vol_Hidden_Bearish
2025-01-08 15:00:00+00:00,5.47,5.49,5.43,5.45,48138.0,,,,,,,,,,,,,,,,,,,,,,,,,,,,,,,,,#000000,,,,,,False,False,False,False,False,,0.0,0.0,0.0,0.0,0,,,False,False,False,False,,,False,False,False,False,0.0,0.0,False,False,False,False,48138.0,False,False,False,False
2025-01-08 16:00:00+00:00,5.445,5.445,5.405,5.425,20500.0,,,,,,,,,,,,,,,,,,,,,,,,,,,,,,,,,#000000,,,,0.0,,False,False,False,True,False,,0.0,0.0,0.0,0.0,0,,,False,False,False,False,,,False,False,False,False,-20500.0,-317.82945736434107,False,False,False,False,47709.50387596899,False,False,False,False
2025-01-08 17:00:00+00:00,5.425,5.425,5.395,5.405,15165.0,,,,,,,,,,,,,,,,,,,,,,,,,,,,,,,,,#000000,,,,0.0,-50.0,False,False,False,True,True,,0.0,0.0,0.0,0.0,0,,,False,False,False,False,,,False,False,False,False,-35665.0,-865.8476053121808,False,False,False,False,47204.93792440358,False,False,False,False
2025-01-08 18:00:00+00:00,5.405,5.42,5.365,5.375,29171.0,,,,,,,,,,,,,,,,,,,,,,,,,,,,,,,,,#000000,,,,0.0,-50.0,False,False,False,True,True,,0.0,0.0,0.0,0.0,0,,,False,False,False,False,,,False,False,False,False,-64836.0,-1857.6329137569533,False,False,False,False,46925.34198759112,False,False,False,False
2025-01-08 19:00:00+00:00,5.375,5.415,5.375,5.4,32920.0,,,,,,,,,,,,,,,,,,,,,,,,,,,,,,,,,#000000,,,,9.800758247963302,-41.17931757683303,False,False,False,True,True,,0.0,0.0,0.0,0.0,0,,,False,False,False,False,,,False,False,False,False,-31916.0,-2323.654108892504,False,False,False,False,46708.20490251218,False,False,False,False
2025-01-08 20:00:00+00:00,5.405,5.44,5.4,5.435,74510.0,,,,,,,,,,,,,,,,,,,,,,,,,,,,,,,,,#000000,,,,23.782965314543013,-29.183376711789087,False,False,False,True,True,,0.0,0.0,0.0,0.0,0,,,False,False,False,False,,,False,False,False,False,42594.0,-1627.2563707701397,False,False,False,False,47139.240485418966,False,False,False,False
2025-01-09 15:00:00+00:00,5.435,5.435,5.435,5.435,0.0,,,,,,,,,,,,,,,,,,,,,,,,,,,,,,,,,#000000,,,,33.10443669226282,-21.946609159770865,False,False,False,True,True,,0.0,0.0,0.0,0.0,0,,,False,False,False,False,,,False,False,False,False,42594.0,-941.6554968047111,False,False,False,False,46408.399547660534,False,False,False,False
2025-01-09 16:00:00+00:00,5.435,5.435,5.435,5.435,0.0,,,,,,,,,,,,,,,,,,,,,,,,,,,,,,,,,#000000,,,,39.31875094407603,-17.48589494750665,False,False,False,True,True,,0.0,0.0,0.0,0.0,0,,,False,False,False,False,,,False,False,False,False,42594.0,-266.68409375347517,False,False,False,False,45688.88947715417,False,False,False,False
2025-01-09 17:00:00+00:00,5.435,5.435,5.435,5.435,0.0,,,,,,,,,,,,,,,,,,,,,,,,,,,,,,,,,#000000,,,,43.461627111951486,-14.607424586066784,False,False,False,True,True,,0.0,0.0,0.0,0.0,0,,,False,False,False,False,,,False,False,False,False,42594.0,397.82263638223765,False,False,False,False,44980.53460153937,False,False,False,False
2025-01-09 18:00:00+00:00,5.435,5.435,5.435,5.435,0.0,,,,,,,,,,,,,,,,,,,,,,,,,,,,,,,,,#000000,,,,46.2235445572018,-12.608156533539557,False,False,False,False,True,,0.0,0.0,0.0,0.0,0,,,False,False,False,False,,,False,False,False,False,42594.0,1052.0269365933657,False,False,False,False,44283.161972058144,False,False,False,False
2025-01-09 19:00:00+00:00,5.435,5.435,5.435,5.435,0.0,,,,,,,,,,,,,,,,,,,,,,,,,,,,,,,,,#000000,,,,48.06482285403534,-11.085833634102485,False,False,False,False,True,,0.0,0.0,0.0,0.0,0,,,False,False,False,False,,,False,False,False,False,42594.0,1696.0885344756389,False,False,False,False,43596.60132132856,False,False,False,False
2025-01-09 20:00:00+00:00,5.435,5.435,5.435,5.435,0.0,,,,,,,,,,,,,,,,,,,,,,,,,,,,,,,,,#000000,,,,49.29234171859103,-9.81917185081059,False,False,False,False,True,,0.0,0.0,0.0,0.0,0,,,False,False,False,False,,,False,False,False,False,42594.0,2330.1646812279546,False,False,False,False,42920.68502177308,False,False,False,False
2025-01-10 15:00:00+00:00,5.55,5.585,5.505,5.505,56002.0,,,,,,,,,,,,,,,,5.531666666666666,,,,,,,,,,,,,,,,5.531666666666666,#000000,,5.531666666666666,,59.613098054228686,-0.1409791379694667,False,False,True,False,True,,0.0,0.0,0.0,0.0,0,,,False,False,False,False,,,False,False,False,False,98596.0,3822.6582520616294,False,False,False,False,43123.49610670683,False,False,False,False
2025-01-10 16:00:00+00:00,5.505,5.56,5.485,5.545,87552.0,,,,,,,,,,,,,,,,5.530650185063925,,,,,,,,,,,,,,,,5.530650185063925,#000000,,5.530650185063925,,68.30527047978177,7.66089841412645,False,False,True,False,True,,0.0,0.0,0.0,0.0,0,,,False,False,False,False,,,False,False,False,False,186148.0,6649.40773652579,False,False,False,False,43812.31012055633,False,False,False,False
2025-01-10 17:00:00+00:00,5.55,5.575,5.495,5.505,38920.0,,,,,,,,,,,,,,,,5.5294450533592,,,,,,,,,,,,,,,,5.5294450533592,#000000,,5.5294450533592,,67.34646152308699,7.66089841412645,False,False,True,False,True,,0.0,0.0,0.0,0.0,0,,,False,False,False,False,,,False,False,False,False,147228.0,8828.920794874228,False,False,False,False,43736.460351245376,False,False,False,False
2025-01-10 18:00:00+00:00,5.505,5.52,5.49,5.51,19777.0,,,,,,,,,,,,,,,,5.527217681659588,,,,,,,,,,,,,,,,5.527217681659588,#000000,,5.527217681659588,,67.07808789593096,7.66089841412645,False,False,True,False,True,,0.0,0.0,0.0,0.0,0,,,False,False,False,False,,,False,False,False,False,167005.0,11281.263108131992,False,False,False,False,43364.99584967568,False,False,False,False
2025-01-10 19:00:00+00:00,5.505,5.52,5.48,5.48,11217.0,,,,,,,,,,,,,,,,5.5254371771569195,,,,,,,,,,,,,,,,5.5254371771569195,#000000,,5.5254371771569195,,62.94102516499216,7.66089841412645,False,False,True,False,False,,0.0,0.0,0.0,0.0,0,,,False,False,False,False,,,False,False,False,False,155788.0,13521.677633587311,False,False,False,False,42866.57730937063,False,False,False,False
2025-01-10 20:00:00+00:00,5.485,5.495,5.455,5.48,59687.0,,,,,,,,,,,,,,,,5.514780350594595,,,,,,,,,,,,,,,,5.514780350594595,#000000,,5.514780350594595,,60.1829833443663,7.66089841412645,False,False,True,False,False,,0.0,0.0,0.0,0.0,0,,,False,False,False,False,,,False,False,False,False,155788.0,15727.357050120841,False,False,False,False,43127.35905651216,False,False,False,False
2025-01-13 15:00:00+00:00,5.48,5.48,5.48,5.48,0.0,,,,,,,,,,,,,,,,5.514780350594595,,,,,,,,,,,,,,,,5.514780350594595,#000000,,5.514780350594595,,58.34428879728239,7.66089841412645,False,False,True,False,False,,0.0,0.0,0.0,0.0,0,,,False,False,False,False,,,False,False,False,False,155788.0,17898.839886553076,False,False,False,False,42458.7178308298,False,False,False,False
2025-01-13 16:00:00+00:00,5.48,5.58,5.48,5.515,12369.0,,,,,,,,,,,,,,,,5.515223069397552,,,,,,,,,,,,,,,,5.515223069397552,#000000,,5.515223069397552,,60.57366864420331,7.66089841412645,False,False,True,False,False,,0.0,0.0,0.0,0.0,0,,,False,False,False,False,,,False,False,False,False,168157.0,20228.423764280935,False,False,False,False,41992.210577638645,False,False,False,False
2025-01-13 17:00:00+00:00,5.515,5.515,5.425,5.465,26924.0,,,,,,,,,,,,,,,,5.511182527439233,,,,,,,,,,,,,,,,5.511182527439233,#000000,,5.511182527439233,,56.2346109941672,15.422125650161064,False,False,True,False,False,,0.0,0.0,0.0,0.0,0,,,False,False,False,False,,,False,False,False,False,141233.0,22104.463705919992,False,False,False,False,41758.594909768275,False,False,False,False
2025-01-13 18:00:00+00:00,5.465,5.465,5.43,5.435,36036.0,,,,,,,,,,,,,,,,5.504166384492067,,,,,,,,,,,,,,,,5.504166384492067,#000000,,5.504166384492067,,50.907968866944785,10.126925700667307,False,False,False,False,False,,0.0,0.0,0.0,0.0,0,,,False,False,False,False,,,False,False,False,False,105197.0,23392.720082572392,False,False,False,False,41669.87250806644,False,False,False,False
2025-01-13 19:00:00+00:00,5.435,5.435,5.39,5.4,43969.0,,,,,,,,,,,,,,,,5.4934295996378335,,,,,,,,,,,,,,,,5.4934295996378335,#000000,,5.4934295996378335,,45.10634876577039,4.5568323300077935,False,False,False,True,False,,0.0,0.0,0.0,0.0,0,,,False,False,False,False,,,False,False,False,False,61228.0,23979.313569664293,False,False,False,False,41705.51789553827,False,False,False,False
2025-01-13 20:00:00+00:00,5.405,5.42,5.365,5.39,107085.0,,,,,,,,,,,,,,,,5.471614875478275,,,,,,,,,,,,,,,,5.471614875478275,#000000,,5.471614875478275,,40.667342657680095,0.3318845976865461,False,False,False,True,False,,0.0,0.0,0.0,0.0,0,,,False,False,False,False,,,False,False,False,False,-45857.0,22896.58002594857,False,False,False,False,42719.15327700279,False,False,False,False
2025-01-14 15:00:00+00:00,5.375,5.425,5.34,5.415,23324.0,,,,,,,,,,,,,,,,5.468122866709253,,,,,,,,,,,,,5.3933333333333335,,,5.430728100021293,#000000,,5.430728100021293,,40.56768528446757,-0.007391355312783787,False,False,False,True,False,,0.0,0.0,0.0,0.0,0,,,False,False,False,False,,,False,False,False,False,-22533.0,22192.245451902854,False,False,False,False,42418.45322619655,False,False,False,False
2025-01-14 16:00:00+00:00,5.415,5.415,5.36,5.375,21953.0,,,,,,,,,,,,,,,,5.464706322329597,,,,,,,,,,,,,5.3884847347071,,,5.426595528518348,#000000,,5.426595528518348,,38.01725642655667,-2.8331301529049426,False,False,False,True,False,,0.0,0.0,0.0,0.0,0,,,False,False,False,False,,,False,False,False,False,-44486.0,21158.47420458653,False,False,False,False,42101.15937772839,False,False,False,False
2025-01-14 17:00:00+00:00,5.375,5.415,5.365,5.405,29138.0,,,,,,,,,,,,,,,,5.4611675259124,,,,,,,,,,,,,5.391035857466013,,,5.426101691689206,#000000,,5.426101691689206,,39.33048210371619,-2.8331301529049426,False,False,False,True,False,,0.0,0.0,0.0,0.0,0,,,False,False,False,False,,,False,False,False,False,-15348.0,20592.48235645341,False,False,False,False,41900.18016256981,False,False,False,False
2025-01-14 18:00:00+00:00,5.405,5.465,5.405,5.45,48175.0,,,,,,,,,,,,,,,,5.4595284009078515,,,,,,,,,,,,,5.410277619164152,,,5.434903010036002,#000000,,5.434903010036002,,43.79071487622447,-2.8331301529049426,False,False,False,True,True,,0.0,0.0,0.0,0.0,0,,,False,False,False,False,,,False,False,False,False,32827.0,20782.1648005394,False,False,False,False,41997.4641910571,False,False,False,False
2025-01-14 19:00:00+00:00,5.455,5.46,5.425,5.425,37622.0,,,,,,,,,,,,,,,,5.458224718959202,,,,,,,,,,,,,5.416474463003188,,,5.437349590981195,#000000,,5.437349590981195,,44.94070792325637,-2.8331301529049426,False,False,False,True,True,,0.0,0.0,0.0,0.0,0,,,False,False,False,False,,,False,False,False,False,-4795.0,20385.619609833364,False,False,False,False,41929.62753693218,False,False,False,False
2025-01-14 20:00:00+00:00,5.425,5.43,5.405,5.425,56899.0,,,,,,,,,,,,,,,,5.455189832586571,,,,,,,,,,,,,5.41739841217933,,,5.43629412238295,#000000,,5.43629412238295,,45.70736995461097,-2.8331301529049426,False,False,False,True,True,,0.0,0.0,0.0,0.0,0,,,False,False,False,False,,,False,False,False,False,-4795.0,19995.222406580135,False,False,False,False,42161.710830933225,False,False,False,False
2025-01-15 15:00:00+00:00,5.465,5.495,5.435,5.44,24106.0,,,,,,,,,,,,,,,,5.455237892420571,,,,,,,,,,,,,5.421322681789979,,,5.438280287105275,#000000,,5.438280287105275,,47.50320981066524,-9.837679462624038,False,False,False,False,True,,0.0,0.0,0.0,0.0,0,,,False,False,False,False,,,False,False,False,False,19311.0,19984.614307253312,False,False,False,False,41881.77732967844,False,False,False,False
2025-01-15 16:00:00+00:00,5.445,5.48,5.425,5.455,17935.0,,,,,,,,,,,,,,,,5.455192869727205,,,,,,,,,,,,,5.423538026589286,,,5.439365448158245,#000000,,5.439365448158245,,49.938431911232186,-7.077104406346585,False,False,False,False,True,,0.0,0.0,0.0,0.0,1,,,False,False,False,False,,,False,False,False,False,37246.0,20252.232690086592,False,False,False,False,41510.50946410203,False,False,False,False
2025-01-15 17:00:00+00:00,5.455,5.475,5.435,5.46,20604.0,,,,,,,,,,,,,,,,5.455231835909597,,,,,,,,,,,,,5.425977947449443,,,5.44060489167952,#000000,,5.44060489167952,,51.97902659256234,-4.7517218487915684,False,False,True,False,True,,0.0,0.0,0.0,0.0,1,,,False,False,False,False,,,False,False,False,False,57850.0,20835.14381117052,False,False,False,False,41186.37753442603,False,False,False,False
2025-01-15 18:00:00+00:00,5.465,5.47,5.445,5.47,17200.0,,,,,,,,,,,,,,,,5.455370793753626,,,,,,,,,,,,,5.4280450751402,,,5.441707934446913,#000000,,5.441707934446913,,54.19842303314995,-2.302770873824656,False,False,True,False,True,,0.0,0.0,0.0,0.0,0,,,False,False,False,False,,,False,False,False,False,75050.0,21675.684217198883,False,False,False,False,40814.495712186865,False,False,False,False
2025-01-15 19:00:00+00:00,5.465,5.505,5.465,5.48,16211.0,,,,,,,,,,,,,,,,5.455928561614198,,,,,,,,,,,,,5.430907055979716,,,5.443417808796957,#000000,,5.443417808796957,,56.531412865340336,0.20388263342843516,False,False,True,False,True,,0.0,0.0,0.0,0.0,0,,,False,False,False,False,,,False,False,False,False,91261.0,22754.52632235859,False,False,False,False,40433.04616626149,False,False,False,False
2025-01-15 20:00:00+00:00,5.485,5.515,5.475,5.505,97287.0,,,,,,,,,,,,,,,,5.460462044354968,,,,,,,,,,,,,5.4468886282019415,,,5.4536753362784545,#000000,,5.4536753362784545,,60.00449870615461,3.6939058514778793,False,False,True,False,True,,0.0,0.0,0.0,0.0,0,,,False,False,False,False,,,False,False,False,False,188548.0,25324.967774725123,False,False,False,False,41314.502814846586,False,False,False,False
2025-01-16 15:00:00+00:00,5.565,5.575,5.515,5.55,69951.0,,,,,,,,,,,,,,,5.546666666666668,5.4666155650549735,,,,,,,,,,,,,5.461417148031347,,,5.491566459917663,#000000,,5.491566459917663,,64.86375873673043,8.33050351461371,False,False,True,False,True,,0.0,0.0,0.0,0.0,0,,,False,False,False,False,,,False,False,False,False,258499.0,28940.069049535585,False,False,False,False,41758.4795153916,False,False,False,False
2025-01-16 16:00:00+00:00,5.555,5.555,5.465,5.485,117798.0,,,,,,,,,,,,,,,5.518432641452152,5.47037688003515,,,,,,,,,,,,,5.469343074173817,,,5.486050865220373,#000000,,5.486050865220373,,61.31992949259879,8.33050351461371,False,False,True,False,False,,0.0,0.0,0.0,0.0,0,,,False,False,False,False,,,False,False,False,False,140701.0,30672.79666117069,False,False,False,False,42937.38680972662,False,False,False,False
2025-01-16 17:00:00+00:00,5.485,5.505,5.465,5.475,48230.0,,,,,,,,,,,,,,,5.510918316177851,5.470852028541734,,,,,,,,,,,,,5.470262530429809,,,5.484010958383132,#000000,,5.484010958383132,,58.142175470378994,15.108766494937186,False,False,True,False,False,,0.0,0.0,0.0,0.0,0,,,False,False,False,False,,,False,False,False,False,92471.0,31630.908340842463,False,False,False,False,43019.442828180465,False,False,False,False
2025-01-16 18:00:00+00:00,5.475,5.54,5.465,5.53,55995.0,,,,,,,,,,,,,,,5.511061835414568,5.472753426469634,,,,,,,,,,,,,5.473563117263738,,,5.485792793049313,#000000,,5.485792793049313,,59.52965950164753,15.108766494937186,False,False,True,False,False,,0.0,0.0,0.0,0.0,0,,,False,False,False,False,,,False,False,False,False,148466.0,33442.305110751884,False,False,False,False,43220.61425720092,False,False,False,False
2025-01-16 19:00:00+00:00,5.535,5.54,5.505,5.53,31667.0,,,,,,,,,,,,,,,5.512425630044812,5.474094580803205,,,,,,,,,,,,,5.47578197417682,,,5.4874340616749455,#000000,,5.4874340616749455,,60.45464885582655,15.108766494937186,False,False,True,False,False,,0.0,0.0,0.0,0.0,0,,,False,False,False,False,,,False,False,False,False,148466.0,35225.618209809996,False,False,False,False,43041.48845476369,False,False,False,False
2025-01-16 20:00:00+00:00,5.535,5.535,5.485,5.49,84292.0,,,,,,,,,,,,,,,5.510546870850523,5.475964636328572,,,,,,,,,,,,,5.478619701518555,,,5.4883770695658844,#000000,,5.4883770695658844,,57.59838999351558,14.248473523985027,True,False,True,False,False,,0.0,0.0,0.0,0.0,0,,,False,False,False,False,,,False,False,False,False,64174.0,35674.43033058813,False,False,False,False,43681.03126941852,False,False,False,False
2025-01-17 15:00:00+00:00,5.485,5.575,5.485,5.505,87525.0,,,,,,,,,,,,,,5.5216666666666665,5.512511235395667,5.478810749819156,,,,,,,,,,,,,5.482778698887603,,,5.498941837692273,#000000,,5.498941837692273,,56.75109551205622,13.150142410362292,True,False,True,False,False,,0.0,0.0,0.0,0.0,1,,,False,False,False,False,,,False,False,False,False,151699.0,37473.26086809839,False,False,False,False,44360.78272260583,False,False,False,False
2025-01-17 16:00:00+00:00,5.505,5.525,5.455,5.475,48938.0,,,,,,,,,,,,,,5.508517363680998,5.51003813706689,5.479019008911881,,,,,,,,,,,,,5.482892545076886,,,5.495116763684163,#000000,,5.495116763684163,,53.81650139833054,10.092382387492378,True,False,True,False,False,,0.0,0.0,0.0,0.0,1,,,False,False,False,False,,,False,False,False,False,102761.0,38485.47387789531,False,False,False,False,44431.74733155767,False,False,False,False
2025-01-17 17:00:00+00:00,5.475,5.475,5.43,5.43,45728.0,,,,,,,,,,,,,,5.4925751820891255,5.504998409938702,5.477982008280248,,,,,,,,,,,,,5.481160795726735,,,5.4891790990087035,#000000,,5.4891790990087035,,49.000624649029234,5.428231891702417,False,False,False,True,False,,0.0,0.0,0.0,0.0,1,,,False,False,False,False,,,False,False,False,False,57033.0,38773.03242242406,False,False,False,False,44451.84427215368,False,False,False,False
2025-01-17 18:00:00+00:00,5.435,5.44,5.395,5.415,93798.0,,,,,,,,,,,,,,5.466776809945324,5.492883957039935,5.474373748102678,,,,,,,,,,,,,5.475633060910204,,,5.477416893999536,#000000,,5.477416893999536,,44.96494323694743,1.636119133369128,False,True,False,True,False,,0.0,0.0,0.0,0.0,0,,,False,False,False,False,,,False,False,False,False,-36765.0,37601.90013680508,False,False,False,False,45216.900950104784,False,False,False,False
2025-01-17 19:00:00+00:00,5.415,5.415,5.395,5.415,124489.0,,,,,,,,,,,,,,5.448609594867466,5.479863819270148,5.469589477361635,,,,,,,,,,,,,5.468759390908754,,,5.4667055706020005,#000000,,5.4667055706020005,,42.27448896222622,-0.8962528113377743,False,True,False,True,False,,0.0,0.0,0.0,0.0,0,,,False,False,False,False,,,False,False,False,False,-36765.0,36448.92494088562,False,False,False,False,46445.92574157603,False,False,False,False
2025-01-17 20:00:00+00:00,5.415,5.475,5.405,5.455,199513.0,,,,,,,,,,,,,,5.447409308361847,5.472962718419246,5.467031534053976,,,,,,,,,,,,,5.465417328807975,,,5.463205222410761,#000000,,5.463205222410761,,44.16320009869978,-0.8962528113377743,False,True,False,True,False,,0.0,0.0,0.0,0.0,0,,,False,False,False,False,,,False,False,False,False,162748.0,38407.05013560057,False,False,False,False,48819.05867581516,False,False,False,False
2025-01-20 15:00:00+00:00,5.455,5.455,5.455,5.455,0.0,,,,,,,,,,,,,,5.447409308361847,5.472962718419246,5.467031534053976,,,,,,,,,,,,,5.465417328807975,,,5.463205222410761,#000000,,5.463205222410761,,45.422340856348825,-0.8962528113377743,False,True,False,True,True,,0.0,0.0,0.0,0.0,0,,,False,False,False,False,,,False,False,False,False,162748.0,40334.8168001649,False,False,False,False,48062.174045182364,False,False,False,False
2025-01-20 16:00:00+00:00,5.455,5.455,5.455,5.455,0.0,,,,,,,,,,,,,,5.447409308361847,5.472962718419246,5.467031534053976,,,,,,,,,,,,,5.465417328807975,,,5.463205222410761,#000000,,5.463205222410761,,46.26176802811485,-0.8962528113377743,False,True,False,True,True,0.0,0.0,0.0,0.0,0.0,0,,,False,False,False,False,,,False,False,False,False,162748.0,42232.69560946467,False,False,False,False,47317.024059985735,False,False,False,False
2025-01-20 17:00:00+00:00,5.455,5.455,5.455,5.455,0.0,,,,,,,,,,,,,,5.447409308361847,5.472962718419246,5.467031534053976,,,,,,,,,,,,,5.465417328807975,,,5.463205222410761,#000000,,5.463205222410761,,46.821386142625535,-0.8962528113377743,False,True,False,True,True,0.0,0.0,0.0,0.0,0.0,0,,,False,False,False,False,,,False,False,False,False,162748.0,44101.14994110087,False,False,False,False,46583.426787737895,False,False,False,False
2025-01-20 18:00:00+00:00,5.455,5.455,5.455,5.455,0.0,,,,,,,,,,,,,,5.447409308361847,5.472962718419246,5.467031534053976,,,,,,,,,,,,,5.465417328807975,,,5.463205222410761,#000000,,5.463205222410761,,47.194464885632655,-0.8962528113377743,False,True,False,True,True,0.0,0.0,0.0,0.0,0.0,0,,,False,False,False,False,,,False,False,False,False,162748.0,45940.63598852566,False,False,False,False,45861.20311661017,False,False,False,False
2025-01-20 19:00:00+00:00,5.455,5.455,5.455,5.455,0.0,,,,,,,,,,,,,,5.447409308361847,5.472962718419246,5.467031534053976,,,,,,,,,,,,,5.465417328807975,,,5.463205222410761,#000000,,5.463205222410761,,47.4431840476374,-0.8962528113377743,False,True,False,True,True,0.0,0.0,0.0,0.0,0.0,0,,,False,False,False,False,,,False,False,False,False,162748.0,47751.60287242448,False,False,False,False,45150.17671170149,False,False,False,False
2025-01-20 20:00:00+00:00,5.455,5.455,5.455,5.455,0.0,,,,,,,,,,,,,,5.447409308361847,5.472962718419246,5.467031534053976,,,,,,,,,,,,,5.465417328807975,,,5.463205222410761,#000000,,5.463205222410761,,47.60899682230723,-0.8962528113377743,False,True,False,True,True,0.0,0.0,0.0,0.0,0.0,0,,,False,False,False,False,,,False,False,False,False,162748.0,49534.492750371384,False,False,False,False,44450.17397198518,False,False,False,False
2025-01-21 15:00:00+00:00,5.395,5.425,5.335,5.425,35394.0,,,,,,,,,,,,,,5.44448985785521,5.470317875278678,5.46572632181613,,,,,,,,,,,,5.395,5.463702925905849,,,5.4478473961711735,#000000,,5.4478473961711735,,44.03715100043297,-1.4786853378241034,False,True,False,True,False,0.0,0.0,0.0,0.0,0.0,0,,,False,False,False,False,,,False,False,False,False,127354.0,50740.99673873772,False,False,False,False,44309.76817396991,False,False,False,False
2025-01-21 16:00:00+00:00,5.42,5.545,5.41,5.54,19996.0,,,,,,,,,,,,,,5.446132649049432,5.4708447159854305,5.46605673676561,,,,,,,,,,,,5.432303725100801,5.464172789294741,,,5.455902123239203,#000000,,5.455902123239203,,52.140694834648485,-2.880097409765021,False,False,True,False,True,8.359463665809251,0.0,0.0,0.0,0.0,0,,,False,False,False,False,,,False,False,False,False,147350.0,52238.81074278829,False,False,False,False,43932.81052786185,False,False,False,False
2025-01-21 17:00:00+00:00,5.535,5.555,5.52,5.52,21513.0,,,,,,,,,,,,,,5.448851085497384,5.472050864638631,5.466764302926731,,,,,,,,,,,,5.4600997143587815,5.465143841413976,,,5.462581961767101,#000000,,5.462581961767101,,55.518725813744545,0.01751986828880092,True,False,True,False,True,6.192887728754847,0.0,0.0,0.0,0.0,0,,,False,False,False,False,,,False,False,False,False,125837.0,53379.86794057452,False,False,False,False,43585.21656618958,False,False,False,False
2025-01-21 18:00:00+00:00,5.525,5.525,5.485,5.495,44107.0,,,,,,,,,,,,,,5.452082061374856,5.473207942182625,5.46751932716865,,,,,,,,,,,,5.475250475167342,5.46619030419881,,,5.466850022018457,#000000,,5.466850022018457,,55.46507054179422,0.01751986828880092,True,False,True,False,True,3.5875926081034244,0.0,0.0,0.0,0.0,0,,,False,False,False,False,,,False,False,False,False,81730.0,53819.4048717284,False,False,False,False,43593.30623183005,False,False,False,False
2025-01-21 19:00:00+00:00,5.495,5.5,5.475,5.49,50440.0,,,,,,,,,,,,,,5.454452319317571,5.473854831744071,5.46802180422195,,,,,,,,,,,,5.479099407018567,5.466892829496858,,,5.468464238359803,#000000,,5.468464238359803,,54.97938913072883,0.01751986828880092,True,False,True,False,True,3.0763086923870624,0.0,0.0,0.0,0.0,0,,,False,False,False,False,,,False,False,False,False,31290.0,53470.11177294192,False,False,False,False,43699.45652280943,False,False,False,False
2025-01-21 20:00:00+00:00,5.485,5.49,5.46,5.485,95532.0,,,,,,,,,,,,,,5.457083775004142,5.474190417437311,5.468472663254761,,,,,,,,,,,,5.478825289095645,5.467541316593091,,,5.46922269227699,#000000,,5.46922269227699,,54.17497580068254,0.01751986828880092,False,False,True,False,True,2.561402960980324,0.0,0.0,0.0,0.0,0,,,False,False,False,False,,,False,False,False,False,-64242.0,51645.11779196608,False,False,False,False,44503.06184803719,False,False,False,False
2025-01-22 15:00:00+00:00,5.465,5.525,5.46,5.525,50545.0,,,,,,,,,,,,,,5.459631609407118,5.475301758923314,5.469260888483102,,,,,,,,,,,,5.482726560785907,5.468583486231484,,,5.471100860766185,#000000,,5.471100860766185,,56.70179798813615,1.5305532402677073,True,False,True,False,True,6.261979458971954,0.0,0.0,0.0,0.0,0,,,False,False,False,False,,,False,False,False,False,-13697.0,50632.06170216815,False,False,False,False,44596.73530775754,False,False,False,False
2025-01-22 16:00:00+00:00,5.525,5.56,5.505,5.55,29614.0,,,,,,,,,,,,,,5.462092378183118,5.476679269998117,5.470163961289568,,,,,,,,,,,,5.4874702786475815,5.46975343794091,,,5.473231865211859,#000000,,5.473231865211859,,59.91466498186423,4.689225045804378,True,False,True,False,True,8.430814593657196,0.0,0.0,0.0,0.0,0,,,False,False,False,False,,,False,False,False,False,15917.0,50093.84369128182,False,False,False,False,44364.44483786982,False,False,False,False
2025-01-22 17:00:00+00:00,5.555,5.565,5.545,5.55,20633.0,,,,,,,,,,,,,5.553333333333334,5.464037658935795,5.477828943319439,5.470914733989881,,,,,,,,,,,,5.491165353360126,5.4707189235108,,,5.487999824408228,#000000,,5.487999824408228,,62.05657631101628,6.791277919041121,True,False,True,False,True,8.430814593657196,0.0,0.0,0.0,0.0,0,,,False,False,False,False,,,False,False,False,False,15917.0,49563.97014568055,False,False,False,False,43996.5154605385,False,False,False,False
2025-01-22 18:00:00+00:00,5.545,5.555,5.505,5.52,22577.0,,,,,,,,,,,,,5.539400138856746,5.465465423392457,5.4786174929824245,5.471460039790312,,,,,,,,,,,,5.493218667301993,5.471417276993953,,,5.4865965065529805,#000000,,5.4865965065529805,,60.078369857574486,6.791277919041121,True,False,True,False,True,5.266406873035624,0.0,0.0,0.0,0.0,0,,,False,False,False,False,,,False,False,False,False,-6660.0,48692.280686057595,False,False,False,False,43664.429949522404,False,False,False,False
2025-01-22 19:00:00+00:00,5.515,5.515,5.485,5.49,38247.0,,,,,,,,,,,,,5.51933523208564,5.466625608803256,5.479098047227957,5.4718708951519845,,,,,,,,,,,,5.493526358032469,5.4719401389081375,,,5.483732713368241,#000000,,5.483732713368241,,55.9966511313262,11.479858454568742,True,False,True,False,False,2.275640498260561,0.0,0.0,0.0,0.0,0,,,False,False,False,False,,,False,False,False,False,-44907.0,47241.12904751406,False,False,False,False,43580.4387875143,False,False,False,False
2025-01-22 20:00:00+00:00,5.485,5.495,5.46,5.465,38836.0,,,,,,,,,,,,,5.504483746629758,5.466869655167029,5.478946302072671,5.4718947051795315,,,,,,,,,,,,5.491848653143189,5.471968830049511,,,5.481001982040282,#000000,,5.481001982040282,,51.336328797290804,7.197562179289683,False,False,False,False,False,0.0,0.0,0.0,0.0,0.0,0,,,False,False,False,False,,,False,False,False,False,-83743.0,45210.36735685493,False,False,False,False,43506.88159701021,False,False,False,False
2025-01-23 15:00:00+00:00,5.49,5.515,5.48,5.485,22660.0,,,,,,,,,,,,,5.502716254060193,5.467419765431136,5.4791639297169095,5.472096448242877,,,,,,,,,,,,5.491917298858315,5.472222498766899,,,5.480922699179388,#000000,,5.480922699179388,,50.136354472329096,6.125072629148242,False,True,False,False,False,1.7390933790735126,0.0,0.0,0.0,0.0,0,,,False,False,False,False,,,False,False,False,False,-61083.0,43562.40817302772,False,False,False,False,43183.674130389896,False,False,False,False
2025-01-23 16:00:00+00:00,5.485,5.515,5.435,5.445,59891.0,,,,,,,,,,,,,5.49158028665707,5.467293743521604,5.478619423000102,5.47192423169865,,,,,,,,,,,,5.488986120833599,5.472002741194923,,,5.4784010911509915,#000000,,5.4784010911509915,,46.445787960028404,2.645604297689829,False,True,False,True,False,0.0,0.0,0.0,0.0,0.0,0,,,False,False,False,False,,,False,False,False,False,-120974.0,41011.456108329614,False,False,False,False,43442.702438445864,False,False,False,False
2025-01-23 17:00:00+00:00,5.445,5.465,5.435,5.445,8839.0,,,,,,,,,,,,,5.4897744740957,5.467149120725338,5.478448560330059,5.47184004040257,,,,,,,,,,,,5.488343109816329,5.471896928083218,,,5.477908705575536,#000000,,5.477908705575536,,43.98541028516128,0.3183745725420195,False,True,False,True,False,0.0,0.0,0.0,0.0,0.0,0,,,False,False,False,False,,,False,False,False,False,-120974.0,38500.05368804543,False,False,False,False,42906.210927772285,False,False,False,False
2025-01-23 18:00:00+00:00,5.445,5.445,5.385,5.39,34386.0,,,,,,,,,,,,,5.4781608817039125,5.465406120455257,5.476906970309793,5.470947591505429,,,,,,,,,,,,5.4836086546079805,5.4707818847597,,,5.474302017223679,#000000,,5.474302017223679,,39.217430466625345,-4.1409111478151885,False,True,False,True,False,0.0,0.0,0.0,0.0,0.0,0,,,False,False,False,False,,,False,False,False,False,-155360.0,35494.471460323795,False,False,False,False,42774.11463431845,False,False,False,False
2025-01-23 19:00:00+00:00,5.385,5.405,5.365,5.365,21846.0,,,,,,,,,,,,,5.470020864826531,5.463840590802935,5.475580127296701,5.470148825832525,,,,,,,,,,,,5.479869410265081,5.4697886727575105,,,5.471541415296881,#000000,,5.471541415296881,,34.95647850258514,-8.043870028039365,False,True,False,True,False,0.0,0.0,0.0,0.0,0.0,0,,,False,False,False,False,,,False,False,False,False,-177206.0,32196.789732256755,False,False,False,False,42449.647740763125,False,False,False,False
2025-01-23 20:00:00+00:00,5.365,5.4,5.345,5.365,35883.0,,,,,,,,,,,,,5.458206933554533,5.461148767983287,5.473296315006122,5.468749898949791,,,,,,,,,,,,5.473812861112946,5.468058286864698,,,5.467212177245229,#000000,,5.467212177245229,,32.11584385989167,-10.651311691596256,False,True,False,True,False,0.0,0.0,0.0,0.0,0.0,0,,,False,False,False,False,,,False,False,False,False,-177206.0,28950.23485268688,False,False,False,False,42347.839248658274,False,False,False,False
2025-01-24 15:00:00+00:00,5.305,5.305,5.265,5.265,50444.0,,,,,,,,,,,,,5.432592963755474,5.4540624562961915,5.467542689327702,5.465082744785277,,,,,,,,,,,,5.459753824467754,5.463543397895641,,,5.457096346088007,#000000,,5.457096346088007,,27.081537244458218,-15.322257916779435,False,True,False,True,False,0.0,0.0,0.0,0.0,0.0,0,,,False,False,False,False,,,False,False,False,False,-227650.0,24971.93663791654,False,False,False,False,42473.361120772104,False,False,False,False
2025-01-24 16:00:00+00:00,5.265,5.295,5.265,5.28,23604.0,,,,,,,,,,,,,5.423060497310192,5.450961597098217,5.464988168271,5.463429754453088,,,,,,,,,,,,5.453901430876232,5.461522109704442,,,5.452977259618862,#000000,,5.452977259618862,,25.29469236255227,-17.001715854285102,False,True,False,True,False,0.0,0.0,0.0,0.0,0.0,0,,,False,False,False,False,,,False,False,False,False,-204046.0,21421.270953607756,False,False,False,False,42180.812886341526,False,False,False,False
2025-01-24 17:00:00+00:00,5.275,5.305,5.265,5.275,25147.0,,,,,,,,,,,,,5.414237439194561,5.44780836342314,5.462365964793729,5.461716594516593,,,,,,,,,,,,5.448127545656288,5.45943642845109,,,5.448948722672568,"rgba(255, 26, 202, 1.0)",0.05874298884751039,5.448948722672568,-2.9611827059756344,23.95263494365919,-18.4489835581992,False,True,False,True,False,0.0,0.0,0.0,0.0,0.0,0,,,False,False,False,False,,,False,False,False,False,-229193.0,17535.778380683605,False,False,False,False,41916.72276407266,False,False,False,False
2025-01-24 18:00:00+00:00,5.275,5.325,5.265,5.325,86496.0,,,,,,,,,,,,,5.394934448646105,5.439210165149102,5.454986659828519,5.45679550822531,,,,,,,,,,,,5.433330131997817,5.453512665291355,,,5.4387949298563685,"rgba(255, 0, 0, 1.0)",0.060572122151877544,5.4387949298563685,-1.8786683677854437,28.040592536795906,-18.4489835581992,False,True,False,True,True,0.0,0.0,0.0,0.0,0.0,0,,,False,False,False,False,,,False,False,False,False,-142697.0,15051.549258502462,False,False,False,False,42607.8743491258,False,False,False,False
2025-01-24 19:00:00+00:00,5.325,5.335,5.3,5.3,79084.0,,,,,,,,,,,,,5.383352559829609,5.432555407109783,5.449094533378941,5.452745096101701,,,,,,,,,,,,5.422822884656126,5.448706621247147,,,5.431546183720552,"rgba(255, 26, 202, 1.0)",0.06297661513652547,5.431546183720552,-2.0888100040844693,29.60103581688247,-18.4489835581992,False,True,False,True,True,0.0,0.0,0.0,0.0,0.0,0,,,False,False,False,False,,,False,False,False,False,-221781.0,11379.726789378394,False,False,False,False,43173.395677046334,False,False,False,False
2025-01-24 20:00:00+00:00,5.305,5.31,5.27,5.28,141864.0,,,,,,,,,,,,,5.364045784496022,5.420069435017989,5.437938568929005,5.44482689821141,,,,,,,,,,,,5.404558826866671,5.439422273659142,,,5.41847696453004,"rgba(255, 26, 202, 1.0)",0.06576521164767174,5.41847696453004,-2.1056263799759565,29.769800834322858,-18.4489835581992,False,True,False,True,True,0.0,0.0,0.0,0.0,0.0,0,,,False,False,False,False,,,False,False,False,False,-363645.0,5565.389939930666,False,False,False,False,44703.48256577429,False,False,False,False
2025-01-27 15:00:00+00:00,5.165,5.255,5.165,5.185,47945.0,,,,,,,,,,,,,5.353780157405283,5.413929748842089,5.432578578186882,5.440970919208224,,,,,,,,,,,,5.395759675134152,5.434905776151017,,,5.411987475821274,"rgba(255, 26, 202, 1.0)",0.0719786004234517,5.411987475821274,-3.1535411148022034,26.87939477043018,-18.4489835581992,False,True,False,True,True,0.0,0.0,0.0,0.0,0.0,0,,,False,False,False,False,,,False,False,False,False,-411590.0,-902.1354854946158,False,False,False,False,44753.73865002585,False,False,False,False
2025-01-27 16:00:00+00:00,5.185,5.185,5.135,5.15,25877.0,,,,,,,,,,,,,5.347276303704091,5.410084749776336,5.429241181638061,5.438558266290974,,,,,,,,,,,,5.390291220317011,5.432082003478993,,,5.4079222875342445,"rgba(255, 26, 202, 1.0)",0.07950477349825615,5.4079222875342445,-3.244110714181224,24.176482934773876,-19.059791455413645,False,True,False,True,False,0.0,0.0,0.0,0.0,0.0,0,,,False,False,False,False,,,False,False,False,False,-437467.0,-7670.582997347412,False,False,False,False,44461.07603529676,False,False,False,False
2025-01-27 17:00:00+00:00,5.155,5.165,5.115,5.12,37085.0,,,,,,,,,,,,,5.337616435176167,5.4042812634532025,5.424199049137056,5.4348908016165085,,,,,,,,,,,,5.382135973789422,5.427799173490566,,,5.401820449443821,"rgba(255, 26, 202, 1.0)",0.08777340810958167,5.401820449443821,-3.2107725507477016,21.772856677747164,-21.591760725776822,False,True,False,True,False,0.0,0.0,0.0,0.0,0.0,0,,,False,False,False,False,,,False,False,False,False,-474552.0,-14909.054578783886,False,False,False,False,44346.71826730766,False,False,False,False
2025-01-27 18:00:00+00:00,5.12,5.17,5.12,5.16,16842.0,,,,,,,,,,,,,5.3338465845687395,5.401882472291584,5.42209347144186,5.433344634951241,,,,,,,,,,,,5.3788376147116645,5.426002236556494,,,5.399334502420263,"rgba(255, 26, 202, 1.0)",0.09345485974956477,5.399334502420263,-2.5609636894391437,23.659590200105892,-21.591760725776822,False,True,False,True,False,0.0,0.0,0.0,0.0,0.0,0,,,False,False,False,False,,,False,False,False,False,-457710.0,-21774.185515546924,False,False,False,False,43920.28852672925,False,False,False,False
2025-01-27 19:00:00+00:00,5.155,5.205,5.155,5.17,17963.0,,,,,,,,,,,,,5.330548767406919,5.3996390329626935,5.420099724254036,5.431867415458425,,,,,,,,,,,,5.375819558599063,5.424293852870257,,,5.397044725258566,"rgba(255, 26, 202, 1.0)",0.09830775358238245,5.397044725258566,-2.3095301945670195,25.745663481071297,-21.591760725776822,False,True,False,True,True,0.0,0.0,0.0,0.0,0.0,0,,,False,False,False,False,,,False,False,False,False,-439747.0,-28254.384189724493,False,False,False,False,43517.84994491949,False,False,False,False
2025-01-27 20:00:00+00:00,5.175,5.205,5.175,5.2,57165.0,,,,,,,,,,,,,5.321960351715474,5.393299980219797,5.4143850263411295,5.4275772300758245,,,,,,,,,,,,5.367543320996519,5.419365267139333,,,5.390688529414679,"rgba(255, 0, 0, 1.0)",0.10184903153798391,5.390688529414679,-1.872266496157727,29.55635197801992,-26.798738961167587,False,True,False,True,True,0.0,0.0,0.0,0.0,0.0,0,,,False,False,False,False,,,False,False,False,False,-382582.0,-33747.83559763574,False,False,False,False,43729.433666703684,False,False,False,False
2025-01-28 15:00:00+00:00,5.155,5.175,5.075,5.075,18339.0,,,,,,,,,,,,,5.317755238985616,5.390518393536248,5.4119305557863555,5.425745780297033,,,,,,,,,,,,5.363826028012851,5.417250454055826,,,5.387837741778988,"rgba(255, 26, 202, 1.0)",0.10967486757036268,5.387837741778988,-2.8524104811732216,28.046116914668076,-26.798738961167587,False,True,False,True,True,0.0,0.0,0.0,0.0,0.0,0,,,False,False,False,False,,,False,False,False,False,-400921.0,-39440.4427976724,False,False,False,False,43335.78353233619,False,False,False,False
2025-01-28 16:00:00+00:00,5.075,5.09,5.055,5.06,40250.0,,,,,,,,,,,,,5.307425780487696,5.383760857236406,5.405987290471261,5.421301532919776,,,,,,,,,,,,5.354809209043317,5.412120110941363,,,5.380900796849969,"rgba(255, 26, 202, 1.0)",0.11738505974889767,5.380900796849969,-2.733744801394818,26.686750245871835,-26.798738961167587,False,True,False,True,False,0.0,0.0,0.0,0.0,0.0,0,,,False,False,False,False,,,False,False,False,False,-441171.0,-45668.823529491434,False,False,False,False,43287.94192718369,False,False,False,False
2025-01-28 17:00:00+00:00,5.065,5.105,5.055,5.055,16398.0,,,,,,,,,,,,,5.303514039076489,5.3811166321265915,5.403647839617597,5.419539257591694,,,,,,,,,,,,5.351332478934565,5.41009283407533,,,5.378207180237045,"rgba(255, 26, 202, 1.0)",0.12460839559296268,5.378207180237045,-2.593783337784169,25.655864575936803,-26.798738961167587,False,True,False,True,False,0.0,0.0,0.0,0.0,0.0,0,,,False,False,False,False,,,False,False,False,False,-457569.0,-52054.87277709622,False,False,False,False,42871.043602731224,False,False,False,False
2025-01-28 18:00:00+00:00,5.055,5.07,5.04,5.06,17488.0,,,,,,,,,,,,,5.299222018733551,5.378211250395347,5.4010775804009885,5.417599112482418,,,,,,,,,,,5.056666666666666,5.34752362280384,5.40786258149581,,,5.3297375475683735,"rgba(255, 26, 202, 1.0)",0.13060279510825998,5.3297375475683735,-2.0653275249184486,25.407899011300202,-26.798738961167587,False,True,False,True,False,0.0,0.0,0.0,0.0,0.0,0,,,False,False,False,False,,,False,False,False,False,-440081.0,-58070.78172628852,False,False,False,False,42477.508042998954,False,False,False,False
2025-01-28 19:00:00+00:00,5.055,5.115,5.055,5.1,43281.0,,,,,,,,,,,,,5.290590241833243,5.371962348165832,5.395477333843563,5.413320816210925,,,,,,,,,,,5.080407389732704,5.339540674726098,5.402974688311505,,,5.327753356117696,"rgba(255, 0, 0, 1.0)",0.13429254069562666,5.327753356117696,-1.6959494171303073,28.605913387563703,-26.744333504509484,False,True,False,True,True,0.0,0.0,0.0,0.0,0.0,0,,,False,False,False,False,,,False,False,False,False,-396800.0,-63322.397513477845,False,False,False,False,42489.96528264238,False,False,False,False
2025-01-28 20:00:00+00:00,5.105,5.135,5.095,5.115,44304.0,,,,,,,,,,,,,5.283475247262144,5.366383114449715,5.390402154188851,5.409385405466621,,,,,,,,,,,5.0949933538270225,5.332634776451477,5.398511971242013,,,5.325112288983978,"rgba(255, 0, 0, 1.0)",0.1377104286616022,5.325112288983978,-1.5257543747851487,31.900267384683772,-23.478658507619976,False,True,False,True,True,0.0,0.0,0.0,0.0,0.0,0,,,False,False,False,False,,,False,False,False,False,-352496.0,-67805.70917993555,False,False,False,False,42518.08985190373,False,False,False,False
2025-01-29 15:00:00+00:00,5.085,5.115,5.055,5.07,31587.0,,,,,,,,,,,,,5.277762006860682,5.362017488275542,5.386448698521708,5.40631630766169,,,,,,,,,,,5.0915278550173175,5.32721397362411,5.395031290650685,,,5.320902517230247,"rgba(255, 0, 0, 1.0)",0.14207414635697502,5.320902517230247,-1.7659970069419262,32.129651979709685,-23.075409896552067,False,True,False,True,True,0.0,0.0,0.0,0.0,0.0,0,,,False,False,False,False,,,False,False,False,False,-384083.0,-72709.23306861872,False,False,False,False,42348.615590633905,False,False,False,False
2025-01-29 16:00:00+00:00,5.075,5.1,5.075,5.095,63383.0,,,,,,,,,,,,,5.267747297920467,5.353943745250864,5.379061051525727,5.400510704278671,,,,,,,,,,,5.0910437589251645,5.317422062084618,5.388486031681223,,,5.31403066452382,"rgba(255, 0, 0, 1.0)",0.14567819032077264,5.31403066452382,-1.5035240624662527,34.247347293443426,-20.850008668874352,False,True,False,True,True,0.0,0.0,0.0,0.0,0.0,0,,,False,False,False,False,,,False,False,False,False,-320700.0,-76554.05116057812,False,False,False,False,42674.73007760082,False,False,False,False
2025-01-29 17:00:00+00:00,5.095,5.125,5.085,5.105,31046.0,,,,,,,,,,,,,5.263603707591501,5.350376411286538,5.375756080413135,5.397877739758035,,,,,,,,,,,5.092918731167068,5.313212215398226,5.385537497123026,,,5.3113260546767895,"rgba(239, 83, 80, 1.0)",0.14876237173170972,5.3113260546767895,-1.386950559304704,36.43543895211563,-18.607900152652512,False,False,False,True,True,0.0,0.0,0.0,0.0,0.0,0,,,False,False,False,False,,,False,False,False,False,-289654.0,-79857.9263363831,False,False,False,False,42494.439688800805,False,False,False,False
2025-01-29 18:00:00+00:00,5.105,5.18,5.095,5.165,30370.0,,,,,,,,,,,,,5.260762059648785,5.3475603124778095,5.373085096567587,5.395707134491875,,,,,,,,,,,5.099161869866148,5.310044837887049,5.383131581411425,,,5.309921841764383,"rgba(239, 83, 80, 0.5)",0.15032792982838097,5.309921841764383,-0.964038032917968,41.909671797753276,-13.44478623855614,False,False,False,True,True,0.0,0.0,0.0,0.0,0.0,0,,,False,False,False,False,,,False,False,False,False,-259284.0,-82639.72592806707,False,False,False,False,42306.46387967211,False,False,False,False
2025-01-29 19:00:00+00:00,5.16,5.205,5.13,5.195,42416.0,,,,,,,,,,,,,5.258001607366179,5.344323319227786,5.369937939160053,5.39309532343444,,,,,,,,,,,5.1099802769779235,5.306593785704657,5.3802675234122415,,,5.308885682183325,"rgba(239, 83, 80, 0.5)",0.15085247253017972,5.308885682183325,-0.7549474017440492,47.173366102780435,-8.692399158765738,True,False,False,False,True,0.0,0.0,0.0,0.0,0.0,0,,,False,False,False,False,,,False,False,False,False,-216868.0,-84720.78444081021,False,False,False,False,42308.1621140958,False,False,False,False
2025-01-29 20:00:00+00:00,5.195,5.235,5.175,5.23,56618.0,,,,,,,,,,,,,5.256126578014631,5.341093079655007,5.366658685481257,5.390279002463945,,,,,,,,,,,5.126212612542638,5.303480328943425,5.3772326711113045,,,5.308726136887458,"rgba(239, 83, 80, 0.5)",0.1513162966161338,5.308726136887458,-0.5202753348317369,52.35765031911545,-4.119149377753899,True,False,True,False,True,0.0,0.0,0.0,0.0,0.0,0,,,False,False,False,False,,,False,False,False,False,-160250.0,-85891.78003087516,False,False,False,False,42530.020065815246,False,False,False,False
2025-01-30 15:00:00+00:00,5.245,5.3,5.225,5.26,17820.0,,,,,,,,,,,,,5.256198818149578,5.340481353614442,5.3659712576930145,5.389647923320513,,,,,,,,,,,5.132593020417837,5.303045541321056,5.376575168317137,,,5.30921615469051,#000000,0.15161814885779087,5.30921615469051,-0.3246059595192161,57.090944061306814,0.008824939486274275,True,False,True,False,True,0.0,0.0,0.0,0.0,0.0,0,,,False,False,False,False,,,False,False,False,False,-142430.0,-86768.34158078408,False,False,False,False,42146.918979523536,False,False,False,False
2025-01-30 16:00:00+00:00,5.26,5.295,5.215,5.215,20410.0,,,,,,,,,,,,,5.255984978149861,5.339617312067689,5.365046029991489,5.388820916074971,,,,,,,,,,,5.138176327926907,5.302323151680107,5.375701751993018,,,5.309381495412006,"rgba(239, 83, 80, 0.5)",0.15255402233218862,5.309381495412006,-0.6186758891646188,56.967051368893905,0.008824939486274275,True,False,True,False,True,0.0,0.0,0.0,0.0,0.0,0,,,False,False,False,False,,,False,False,False,False,-162840.0,-87947.74713767115,False,False,False,False,41809.912483716966,False,False,False,False
2025-01-30 17:00:00+00:00,5.215,5.265,5.195,5.265,37185.0,,,,,,,,,,,,,5.255611138065644,5.338081347923671,5.363395288961553,5.387337712975968,,,,,,,,,,,5.147004539948797,5.301049822639983,5.374139206644995,,,5.309517008165801,#000000,0.15293960416622868,5.309517008165801,-0.291075738089502,59.134394905026305,1.9324118963257675,True,False,True,False,True,0.0,0.0,0.0,0.0,0.0,0,,,False,False,False,False,,,False,False,False,False,-125655.0,-88532.35570918012,False,False,False,False,41738.208414201974,False,False,False,False
2025-01-30 18:00:00+00:00,5.265,5.295,5.26,5.295,37183.0,,,,,,,,,,,,,5.25631648911905,5.33723614338076,5.3623383071947,5.3862999435476855,,,,,,,,,,,5.157719420435673,5.300685575915213,5.373092870137001,,,5.310526964247154,#000000,0.15300038273519878,5.310526964247154,-0.101483172588054,61.73906194218781,4.5625443817717795,True,False,True,False,True,0.0,0.0,0.0,0.0,0.0,0,,,False,False,False,False,,,False,False,False,False,-88472.0,-88531.41996175097,False,False,False,False,41667.585027935274,False,False,False,False
2025-01-30 19:00:00+00:00,5.295,5.33,5.285,5.32,60838.0,,,,,,,,,,,,,5.258528634525225,5.336606184782412,5.36126689767067,5.385101053867847,,,,,,,,,,,5.175260783737164,5.301042951523979,5.371956211782994,,,5.312823245412899,#000000,0.15305898880514743,5.312823245412899,0.04688881484927323,64.37859857327614,7.241485939069996,True,False,True,False,True,0.0,0.0,0.0,0.0,0.0,0,,,False,False,False,False,,,False,False,False,False,-27634.0,-87587.27391583235,False,False,False,False,41964.80076393628,False,False,False,False
2025-01-30 20:00:00+00:00,5.325,5.335,5.185,5.25,122252.0,,,,,,,,,,,,5.256666666666667,5.258390214466724,5.332835265977109,5.357003724784664,5.381084887075772,,,,,,,,,,,5.19042737953908,5.29831899745417,5.3678229644702915,,,5.305318762554309,#000000,0.1534780848281693,5.305318762554309,-0.3604342770907189,61.373253771074886,7.241485939069996,True,False,True,False,False,0.0,0.0,0.0,0.0,0.0,0,,,False,False,False,False,,,False,False,False,False,-149886.0,-88553.14563806751,False,False,False,False,43209.563542789976,False,False,False,False
2025-01-31 15:00:00+00:00,5.085,5.185,5.07,5.155,40098.0,,,,,,,,,,,,5.227028477569038,5.255492833030588,5.329846349068592,5.3540971105726705,5.37860347377071,,,,,,,,,,,5.187331354720354,5.2951286306863325,5.365136402366035,,,5.29908307897304,"rgba(239, 83, 80, 0.5)",0.15484002206287834,5.29908307897304,-0.930528664704851,54.96699220275998,12.442975803753448,True,False,True,False,False,0.0,0.0,0.0,0.0,0.0,0,,,False,False,False,False,,,False,False,False,False,-189984.0,-90125.71702352383,False,False,False,False,43161.32224755292,False,False,False,False
2025-01-31 16:00:00+00:00,5.155,5.195,5.125,5.13,33326.0,,,,,,,,,,,,5.213909592046717,5.253446356591494,5.327597390731389,5.351883702015628,5.376690717019798,,,,,,,,,,,5.185626179005535,5.292786525762691,5.3630781878945735,,,5.2956273313834785,"rgba(239, 83, 80, 1.0)",0.15672685253748492,5.2956273313834785,-1.0567897504600556,49.76915991282052,7.6892730913824465,True,False,False,False,False,0.0,0.0,0.0,0.0,0.0,0,,,False,False,False,False,,,False,False,False,False,-223310.0,-92190.58962781029,False,False,False,False,43008.83663131179,False,False,False,False
2025-01-31 17:00:00+00:00,5.125,5.185,5.125,5.18,37703.0,,,,,,,,,,,,5.205738862536904,5.2515111128578935,5.325305921531759,5.3495983726785035,5.374690000363122,,,,,,,,,,,5.184530781641792,5.2904653873895295,5.360939390255998,,,5.292847478656937,"rgba(239, 83, 80, 0.5)",0.15767739902142733,5.292847478656937,-0.715685820271568,48.91592355360863,6.888798770593084,True,False,False,True,False,0.0,0.0,0.0,0.0,0.0,0,,,False,False,False,False,,,False,False,False,False,-185607.0,-93638.9060676892,False,False,False,False,42926.575598268195,False,False,False,False
2025-01-31 18:00:00+00:00,5.175,5.195,5.095,5.1,76986.0,,,,,,,,,,,,5.1869518470188325,5.246406518261446,5.3198968214024855,5.34429479565993,5.3700928055871975,,,,,,,,,,,5.17955845357186,5.2847979174236395,5.355998162741181,,,5.285999665208322,"rgba(239, 83, 80, 1.0)",0.15981148804673584,5.285999665208322,-1.1638691778774226,45.377006225310794,3.4186258710360704,True,False,False,True,False,0.0,0.0,0.0,0.0,0.0,0,,,False,False,False,False,,,False,False,False,False,-262593.0,-96258.34938446921,False,False,False,False,43454.62868976792,False,False,False,False
2025-01-31 19:00:00+00:00,5.105,5.105,5.065,5.07,52180.0,,,,,,,,,,,,5.17155859272642,5.241799553439182,5.315476543426979,5.34003813408481,5.3664451777806885,,,,,,,,,,,5.17376357261895,5.280009943623924,5.352052841040563,,,5.280143044842689,"rgba(239, 83, 80, 1.0)",0.16227964963200095,5.280143044842689,-1.29494391514418,42.076181897813214,0.17021562485336972,False,False,False,True,False,0.0,0.0,0.0,0.0,0.0,0,,,False,False,False,False,,,False,False,False,False,-314773.0,-99646.17342502008,False,False,False,False,43589.90576434516,False,False,False,False
2025-01-31 20:00:00+00:00,5.065,5.085,5.035,5.04,85745.0,,,,,,,,,,,,5.1489454965907475,5.233598654162353,5.3077725850558375,5.332645899894303,5.360106543138433,,,,,,,,,,,5.16325034607014,5.271623736171942,5.345196996069898,,,5.270392532144207,"rgba(239, 83, 80, 1.0)",0.16517536408587458,5.270392532144207,-1.3948359273748967,38.96968152373418,-2.9158510488578457,False,False,False,True,False,0.0,0.0,0.0,0.0,0.0,0,,,False,False,False,False,,,False,False,False,False,-400518.0,-104310.85290680271,False,False,False,False,44243.47311683593,False,False,False,False
2025-02-03 15:00:00+00:00,4.935,5.055,4.915,5.02,24628.0,,,,,,,,,,,,5.141015320485439,5.230673978404944,5.30516851047487,5.330176057960094,5.35800551812256,,,,,,,,,,,5.159175622843722,5.268732699793521,5.342914527307697,,,5.266982779424105,"rgba(239, 83, 80, 1.0)",0.1681936892904055,5.266982779424105,-1.4684426060579592,36.30536689419522,-5.625235344303832,False,False,False,True,False,0.0,0.0,0.0,0.0,0.0,0,,,False,False,False,False,,,False,False,False,False,-425146.0,-109285.04123382902,False,False,False,False,43939.35725455941,False,False,False,False
2025-02-03 16:00:00+00:00,5.025,5.025,4.955,4.965,34533.0,,,,,,,,,,,,5.13017134330868,5.226437367087077,5.301415675086074,5.326620377619668,5.354979464016972,,,,,,,,,,,5.153289282810629,5.264561898899735,5.339627487791593,,,5.262137862077553,"rgba(255, 0, 0, 1.0)",0.17223329035441054,5.262137862077553,-1.7252057454521275,33.043144722621776,-8.912855795360457,False,True,False,True,False,0.0,0.0,0.0,0.0,0.0,0,,,False,False,False,False,,,False,False,False,False,-459679.0,-114717.50571082391,False,False,False,False,43793.52225836468,False,False,False,False
2025-02-03 17:00:00+00:00,4.965,4.975,4.885,4.895,33906.0,,,,,,,,,,,,5.116903611356892,5.22137502885348,5.297101493032063,5.322571009470009,5.351559241955061,,,,,,,,,,,5.145880633927469,5.259692321849112,5.335897008770886,,,5.256372543651872,"rgba(255, 26, 202, 1.0)",0.1775963638942782,5.256372543651872,-2.034796972909843,29.35804955605309,-12.567456323422228,False,True,False,True,False,0.0,0.0,0.0,0.0,0.0,0,,,False,False,False,False,,,False,False,False,False,-493585.0,-120591.42035096617,False,False,False,False,43640.22733963034,False,False,False,False
2025-02-03 18:00:00+00:00,4.895,4.915,4.875,4.9,40994.0,,,,,,,,,,,,5.101400258034529,5.215050209519139,5.291722407491574,5.317524388333372,5.347291642160439,,,,,,,,,,4.8966666666666665,5.136728559740088,5.253622354002615,5.331244465259292,,,5.210138994578634,"rgba(255, 0, 0, 1.0)",0.18152933895351828,5.210138994578634,-1.7084786204066271,27.253503745730043,-14.765010748889523,False,True,False,True,False,0.0,0.0,0.0,0.0,0.0,0,,,False,False,False,False,,,False,False,False,False,-452591.0,-125738.70065560236,False,False,False,False,43599.20055917096,False,False,False,False
2025-02-03 19:00:00+00:00,4.905,4.94,4.9,4.93,31392.0,,,,,,,,,,,,5.0922924117532355,5.210762900561008,5.287971490861755,5.313979756164212,5.3442676002360034,,,,,,,,,,4.908231333867507,5.130891610727338,5.24944677731268,5.327962350044544,,,5.207311803503142,"rgba(239, 83, 80, 1.0)",0.18520502396236815,5.207311803503142,-1.4973233315716608,27.99909771226897,-14.765010748889523,False,True,False,True,False,0.0,0.0,0.0,0.0,0.0,0,,,False,False,False,False,,,False,False,False,False,-421199.0,-130319.48049039922,False,False,False,False,43409.94163577296,False,False,False,False
2025-02-03 20:00:00+00:00,4.925,4.95,4.915,4.93,75093.0,,,,,,,,,,,,5.074781902610586,5.201284136249211,5.279499571696686,5.305929284426174,5.337345663125579,,,,,,,,,,4.920164079857698,5.118656717903003,5.240118735504984,5.320478785188796,,,5.199806541840302,"rgba(239, 83, 80, 1.0)",0.18865376551567617,5.199806541840302,-1.4301678055712217,28.496160356628256,-14.765010748889523,False,True,False,True,False,0.0,0.0,0.0,0.0,0.0,0,,,False,False,False,False,,,False,False,False,False,-421199.0,-134829.24048279613,False,False,False,False,43901.15184297028,False,False,False,False
2025-02-04 15:00:00+00:00,5.085,5.18,5.08,5.13,51601.0,,,,,,,,,,,,5.078630047751079,5.199658473827567,5.277096203947142,5.30341994238379,5.334982611940713,,,,,,,,,,4.974552985399505,5.119116024491132,5.237941473089208,5.318038754913498,,,5.204826279749294,#000000,0.18732341835196037,5.204826279749294,-0.39944968123901803,38.559880677291936,-19.093319359165783,False,False,False,True,True,0.0,0.0,0.0,0.0,0.0,0,,,False,False,False,False,,,False,False,False,False,-369598.0,-138469.06621174503,False,False,False,False,44020.52933377694,False,False,False,False
2025-02-04 16:00:00+00:00,5.135,5.155,5.115,5.145,43254.0,,,,,,,,,,,,5.081925231585747,5.198508149238417,5.275251152788882,5.301469468880787,5.333121769929029,,,,,,,,,,5.00378600746628,5.119746878209701,5.23631751915334,5.316129607706361,,,5.207361753884283,#000000,0.18567752729973722,5.207361753884283,-0.33586053622748435,45.73391859224323,-12.604495503987252,True,False,False,False,True,0.0,0.0,0.0,0.0,0.0,0,,,False,False,False,False,,,False,False,False,False,-326344.0,-141381.85588288074,False,False,False,False,44008.64515805947,False,False,False,False
2025-02-04 17:00:00+00:00,5.145,5.175,5.135,5.16,34380.0,,,,,,,,,,,,5.085066292127047,5.19789348036855,5.274010995306469,5.300122289646004,5.331804494171062,,,,,,,,,,5.022780482134382,5.120685711291912,5.235298559001459,5.314794348023047,,,5.209161850229992,#000000,0.1844421342885118,5.209161850229992,-0.26654349029105806,51.00346670322738,-7.966902638506866,True,False,True,False,True,0.0,0.0,0.0,0.0,0.0,0,,,False,False,False,False,,,False,False,False,False,-291964.0,-143716.46276841746,False,False,False,False,43859.36383777948,False,False,False,False
2025-02-04 18:00:00+00:00,5.155,5.185,5.145,5.175,29195.0,,,,,,,,,,,,5.0879354988083225,5.197529264310497,5.273080755514335,5.299089260899919,5.330774720525005,,,,,,,,,,5.036671591878631,5.121692862581556,5.234578900922966,5.313760269712843,,,5.21056812501712,#000000,0.18272556096679843,5.21056812501712,-0.19465325392314764,55.02330977615423,-4.3946804563257444,True,False,True,False,True,0.0,0.0,0.0,0.0,0.0,0,,,False,False,False,False,,,False,False,False,False,-262769.0,-145562.23853944975,False,False,False,False,43632.00935967437,False,False,False,False
2025-02-04 19:00:00+00:00,5.175,5.19,5.165,5.17,26298.0,,,,,,,,,,,,5.090556511409963,5.197281966507415,5.2723091776485616,5.298219247022258,5.329895790132171,,,,,,,,,,5.047621874313305,5.122688868316455,5.234007685806141,5.312883354764867,,,5.211718275102348,#000000,0.18142620667497025,5.211718275102348,-0.22994624573222627,57.39610498658482,-2.1689225277162762,True,False,True,False,True,0.0,0.0,0.0,0.0,0.0,0,,,False,False,False,False,,,False,False,False,False,-289067.0,-147787.11856209394,False,False,False,False,43363.265028516624,False,False,False,False
2025-02-04 20:00:00+00:00,5.175,5.18,5.145,5.17,100487.0,,,,,,,,,,,,5.098236399668325,5.195982466183361,5.269177640033303,5.294743370672658,5.326415700446664,,,,,,,,,,5.074881267131044,5.125508347811863,5.231568942867667,5.309396481924692,,,5.21399006852662,#000000,0.18067583335011167,5.21399006852662,-0.24347511070490777,58.977968460205204,-0.4567481612514044,True,False,True,False,True,0.0,0.0,0.0,0.0,0.0,0,,,False,False,False,False,,,False,False,False,False,-289067.0,-149977.50432082114,False,False,False,False,44248.90433040008,False,False,False,False
2025-02-05 15:00:00+00:00,5.145,5.16,5.115,5.14,17728.0,,,,,,,,,,,,5.0989531303512825,5.195575942647779,5.268507454141085,5.294026703805613,5.325718006754177,,,,,,,,,,5.077378654535821,5.125657368032852,5.230991244779197,5.308687850622776,,,5.213944039518954,#000000,0.18026949295455036,5.213944039518954,-0.4101860958670203,57.96404773637226,-0.4567481612514044,True,False,True,False,True,0.0,0.0,0.0,0.0,0.0,0,,,False,False,False,False,,,False,False,False,False,-306795.0,-152408.78332359908,False,False,False,False,43837.72751907605,False,False,False,False
2025-02-05 16:00:00+00:00,5.135,5.155,5.115,5.135,21843.0,,,,,,,,,,,,5.099729920687065,5.19505416128386,5.267670182617357,5.29313395274173,5.324850284949507,,,,,,,,,,5.080043732508938,5.125789235163601,5.230263966995411,5.307805837952594,,,5.213815697211118,#000000,0.17982957397401655,5.213815697211118,-0.43827995289865856,56.945404228390984,-0.4567481612514044,True,False,True,False,True,0.0,0.0,0.0,0.0,0.0,0,,,False,False,False,False,,,False,False,False,False,-328638.0,-155141.01924106266,False,False,False,False,43496.723991648505,False,False,False,False
2025-02-05 17:00:00+00:00,5.135,5.15,5.115,5.145,60469.0,,,,,,,,,,,,5.10180937959012,5.193694301154082,5.265434608558374,5.290739496639069,5.32250953399084,,,,,,,,,,5.086470827842788,5.126198276970021,5.228341151224872,5.305433303758655,,,5.21340343108098,#000000,0.17866413706694056,5.21340343108098,-0.3828604453245801,56.86320483493438,-0.4567481612514044,True,False,True,False,True,0.0,0.0,0.0,0.0,0.0,0,,,False,False,False,False,,,False,False,False,False,-268169.0,-156893.39103577487,False,False,False,False,43759.86005379349,False,False,False,False
2025-02-05 18:00:00+00:00,5.145,5.19,5.135,5.175,168418.0,,,,,,,,,,,,5.110600571102502,5.19204787444071,5.260953229965876,5.285667386927468,5.317291281793534,,,,,,,,,,5.105734015829188,5.1300349463364325,5.225003267585296,5.300274480688146,,,5.214178561629907,#000000,0.17720108697529455,5.214178561629907,-0.22109662135068636,58.51429268473767,1.1475747018324824,True,False,True,False,True,0.0,0.0,0.0,0.0,0.0,0,,,False,False,False,False,,,False,False,False,False,-99751.0,-156007.46249258454,False,False,False,False,45692.54439404475,False,False,False,False
2025-02-05 19:00:00+00:00,5.175,5.21,5.175,5.19,60965.0,,,,,,,,,,,,5.114392126987827,5.192039649824138,5.259833633107826,5.284296645346027,5.3157868496150815,,,,,,,,,,5.112608136283537,5.132079885759048,5.224362717582064,5.298832321293619,,,5.2149146628665735,#000000,0.17557827237369217,5.2149146628665735,-0.14190060381472444,60.40842523805026,3.5104516969625763,True,False,True,False,True,0.0,0.0,0.0,0.0,0.0,0,,,False,False,False,False,,,False,False,False,False,-38786.0,-154190.07547719564,False,False,False,False,45929.32665150142,False,False,False,False
2025-02-05 20:00:00+00:00,5.185,5.195,5.165,5.185,105756.0,,,,,,,,,,,,5.119440760793718,5.1916654317871185,5.257702286035757,5.281764585921384,5.313057326346343,,,,,,,,,,5.121023369778758,5.134778635373293,5.22298549493112,5.296194248828162,,,5.215401348866184,#000000,0.17388688463667804,5.215401348866184,-0.1748340533543133,61.18238304822011,4.782929110522147,True,False,True,False,True,0.0,0.0,0.0,0.0,0.0,0,,,False,False,False,False,,,False,False,False,False,-144542.0,-154040.49291165773,False,False,False,False,46856.87197473395,False,False,False,False
2025-02-06 15:00:00+00:00,5.175,5.18,5.135,5.145,39367.0,,,,,,,,,,,,5.120361823658799,5.19115748577753,5.256653604168224,5.280595820468934,5.311856410811748,,,,,,,,,,5.122425365210235,5.135147075834903,5.222159086525246,5.295006834382452,,,5.215040389648674,#000000,0.17231706581523468,5.215040389648674,-0.40646229273527035,58.13269356194854,4.782929110522147,True,False,True,False,False,0.0,0.0,0.0,0.0,0.0,0,,,False,False,False,False,,,False,False,False,False,-183909.0,-154503.57054093436,False,False,False,False,46740.749928614045,False,False,False,False
2025-02-06 16:00:00+00:00,5.145,5.165,5.145,5.145,8692.0,,,,,,,,,,,,5.120548541389753,5.191042281209373,5.256421206009905,5.28033728303954,5.311590923333616,,,,,,,,,,5.122702858945861,5.135219186615094,5.221974901753309,5.294744262673271,,,5.214953493885525,#000000,0.170631366000111,5.214953493885525,-0.4099685510662781,56.0995672377675,4.782929110522147,True,False,True,False,False,0.0,0.0,0.0,0.0,0.0,1,,,False,False,False,False,-0.07011471024223977,-0.07011471024223977,False,False,False,False,-183909.0,-154959.46867208267,False,False,False,False,46150.84682894561,False,False,False,False
2025-02-06 17:00:00+00:00,5.145,5.145,5.11,5.135,13090.0,,,,,,,,,,,,5.120632682684758,5.19077527557615,5.2560011647973806,5.279884646748275,5.311138816793102,,,,,,,,,,5.1228056762918435,5.1351851004602755,5.221614410260248,5.294291037707824,,,5.214703201257762,#000000,0.168894124306401,5.214703201257762,-0.4719122206594203,53.8562429496974,9.621267748854407,True,False,True,False,False,0.0,0.0,0.0,0.0,0.0,0,0.9035874439461882,1.0388639760837068,False,False,False,False,-0.097810762936506,-0.08396273658937288,False,False,False,False,-196999.0,-155611.24435158528,False,False,False,False,45638.27556027978,False,False,False,False
2025-02-06 18:00:00+00:00,5.135,5.14,5.085,5.09,9475.0,,,,,,,,,,,,5.12053259195389,5.190504556723485,5.255638881236173,5.279504344851796,5.310767996021622,,,,,,,,,,5.122625911430725,5.135043077299457,5.2212845066147135,5.2939148460277945,,,5.214424079128851,"rgba(239, 83, 80, 0.5)",0.16795156959591226,5.214424079128851,-0.740833083181139,48.97358829792762,4.900492094857974,False,False,False,True,False,0.0,0.0,0.0,0.0,0.0,0,0.9044776119402982,1.0335820895522385,False,False,False,False,-0.11297827972237985,-0.09847050815587637,False,False,False,False,-206474.0,-156399.81420659946,False,False,False,False,45077.604621360704,False,False,False,False
2025-02-06 19:00:00+00:00,5.085,5.09,5.065,5.075,53774.0,,,,,,,,,,,,5.118994509533384,5.1885013488846665,5.25323466542093,5.277031530588948,5.308402131337684,,,,,,,,,5.076666666666667,5.120135248670308,5.133524796011267,5.218999263590732,5.291491823808838,,,5.198698198451344,"rgba(239, 83, 80, 0.5)",0.16453456056896526,5.198698198451344,-0.7518067816487399,44.78202639700904,0.9946127907289792,False,True,False,True,False,0.0,0.0,0.0,0.0,0.0,0,0.9029126213592231,1.038088125466766,False,False,False,False,-0.14858389465499694,-0.12352720140543666,False,False,False,False,-260248.0,-158009.8635987452,False,False,False,False,45212.432456688446,False,False,False,False
2025-02-06 20:00:00+00:00,5.075,5.095,5.07,5.09,69030.0,,,,,,,,,,,,5.117530291345169,5.186214963544294,5.250382705225743,5.274072585136494,5.3055409798553885,,,,,,,,,5.081350960337883,5.117849953343429,5.131957030847173,5.216335124216991,5.2885771112711035,,,5.196981170512366,"rgba(239, 83, 80, 0.5)",0.16118541726452695,5.196981170512366,-0.6637149459792366,43.56911598358375,-0.1626731751572379,False,True,False,True,False,0.0,0.0,0.0,0.0,0.0,0,0.907726931732933,1.036759189797449,False,False,False,False,-0.14347650086205835,-0.13350185113374752,False,False,False,False,-191218.0,-158524.7184266716,False,False,False,False,45581.69706976304,False,False,False,False
2025-02-07 15:00:00+00:00,5.14,5.215,5.14,5.195,13440.0,,,,,,,,,,,,5.118077530983062,5.1862026228616,5.250162131885596,5.273801178752892,5.305237009146425,,,,,,,,,5.09141116917687,5.118668845176033,5.132278188444456,5.216207869012749,5.2882886690795985,,,5.1980335214519275,#000000,0.15765745740013326,5.1980335214519275,-0.01924121764965552,50.02061249324423,-6.67761921175547,False,False,False,False,True,0.0,0.0,0.0,0.0,0.0,0,0.91037037037037,1.0237037037037036,False,False,False,False,-0.047535815297534416,-0.09051883321564097,False,False,False,False,-177778.0,-158823.21891618057,False,False,False,False,45083.376184960514,False,False,False,False
2025-02-07 16:00:00+00:00,5.195,5.205,5.135,5.135,16438.0,,,,,,,,,,,,5.11848286653403,5.18605740911793,5.249794135950397,5.273380307007807,5.3047914590568706,,,,,,,,,5.098616121524913,5.119266368457117,5.132475881216637,5.215936205140037,5.287854506056726,,,5.198665526006247,#000000,0.15425534581243114,5.198665526006247,-0.4127281662164358,50.29080642805649,-6.441728755018488,False,False,False,False,True,0.0,0.0,0.0,0.0,0.0,0,0.9063421828908551,1.0287610619469025,False,False,False,False,-0.055055601001296285,-0.07278721710846862,False,False,False,False,-194216.0,-159371.9442043018,False,False,False,False,44639.26182550377,False,False,False,False
2025-02-07 17:00:00+00:00,5.135,5.205,5.135,5.2,11604.0,,,,,,,,,,,,5.118917041736104,5.18603521014074,5.249597249902069,5.273140651880062,5.304524847705766,,,,,,,,,5.104364502554488,5.119905436216071,5.13272907332137,5.215817519379711,5.2876007404735414,,,5.199263227330992,#000000,0.15059497616736056,5.199263227330992,0.004892412003099877,53.58115970782771,-3.233063621869576,True,False,True,False,True,0.0,0.0,0.0,0.0,0.0,0,0.9021897810218976,1.0277372262773719,False,False,False,False,-0.055055601001296285,-0.06392140905488246,False,False,False,False,-182612.0,-159732.25514687077,False,False,False,False,44127.087223557966,False,False,False,False
2025-02-07 18:00:00+00:00,5.205,5.215,5.18,5.185,46602.0,,,,,,,,,,,,5.12096818142567,5.186141064513894,5.248966974543584,5.2723264770695435,5.303578933225798,,,,,,,,,5.124024822022432,5.122882582134505,5.133998600242464,5.215523200621252,5.286718334598438,,,5.201512917039759,#000000,0.14558326307130082,5.201512917039759,-0.1134259302298504,54.83312556432095,-1.8860058316760373,True,False,True,False,True,0.0,0.0,0.0,0.0,0.0,0,0.9092229484386345,1.0261437908496729,False,False,False,False,-0.027506981306908197,-0.045714195180895326,False,False,False,False,-229214.0,-160809.49150118284,False,False,False,False,44165.45796427799,False,False,False,False
2025-02-07 19:00:00+00:00,5.185,5.195,5.155,5.16,48787.0,,,,,,,,,,,,5.122343332591752,5.185899638303546,5.248051635612958,5.271245170561694,5.3023997885943706,,,,,,,,,5.132662507621707,5.124801102568469,5.134771167974074,5.214907794157035,5.285585646613001,,,5.202266778459861,#000000,0.13942933888009976,5.202266778459861,-0.30314120972923364,54.12130754953145,-1.8860058316760373,True,False,True,False,True,0.0,0.0,0.0,0.0,0.0,0,0.9061371841155234,1.0288808664259923,False,False,False,False,-0.0500417718090526,-0.047877983494973964,False,False,False,False,-278001.0,-162626.4141135676,False,False,False,False,44237.10977878531,False,False,False,False
2025-02-07 20:00:00+00:00,5.165,5.165,5.125,5.15,52176.0,,,,,,,,,,,,5.123051649127507,5.185281937736659,5.246810194879982,5.269853007781822,5.3009433370759425,,,,,,,,,5.1350055528655245,5.125713534685278,5.135038045539412,5.213935252459476,5.284158674994067,,,5.201979118714567,#000000,0.13281091347754503,5.201979118714567,-0.39137686319245707,53.029633737901946,-1.8860058316760373,True,False,True,False,True,0.0,0.0,0.0,0.0,0.0,0,0.9023689877961233,1.0330222541277814,False,False,False,False,-0.0801713631603577,-0.06402467332766583,False,False,False,False,-330177.0,-165224.0976156828,False,False,False,False,44360.19334810646,False,False,False,False
2025-02-10 15:00:00+00:00,5.275,5.345,5.265,5.315,46390.0,,,,,,,,,,,,5.127727804239353,5.1869806883758764,5.2474727803434815,5.270231577168942,5.301004279057549,,,,,,,,,5.15745043141349,5.132246645043178,5.138427205345873,5.215116416891391,5.284377460895541,,,5.206103528877468,"rgba(38, 166, 154, 0.5)",0.12774577089666503,5.206103528877468,0.8524467804935806,58.769250915498155,2.4964888575684157,True,False,True,False,True,4.235976997987564,0.0,0.0,0.0,0.0,0,0.9085195530726256,1.0188547486033517,False,False,False,False,0.08017126251625087,0.00807329459429252,False,False,False,False,-283787.0,-167062.282148773,False,False,False,False,44391.663218678455,False,False,False,False
2025-02-10 16:00:00+00:00,5.315,5.355,5.305,5.335,37444.0,,,,,,,,,,,,5.131799320088785,5.188575152793887,5.248198356341527,5.270715577975861,5.301207026315127,,,,,,,,,5.17393665836882,5.13784339517897,5.1414302161307,5.216281760665363,5.284720400708485,,,5.209470786456753,"rgba(38, 166, 154, 1.0)",0.12382248991604988,5.209470786456753,1.0137836319424247,63.1022003972174,6.565942703067314,True,False,True,False,True,5.113988950578275,0.0,0.0,0.0,0.0,0,0.9147018030513175,1.0173370319001382,False,False,False,False,0.10538838119467074,0.056730837894481634,False,False,False,False,-246343.0,-168291.4405650711,False,False,False,False,44283.94750986173,False,False,False,False
2025-02-10 17:00:00+00:00,5.335,5.375,5.335,5.365,27971.0,,,,,,,,,,,,5.135128108949607,5.189961220057564,5.248902832814069,5.271228202154237,5.301487809469684,,,,,,,,,5.186111062591663,5.142371024645054,5.143919302869393,5.217334888113352,5.285117034230035,,,5.212156148589466,"rgba(38, 166, 154, 1.0)",0.12117714677653613,5.212156148589466,1.2613257159156803,66.73759191182398,9.930608166798223,True,False,True,False,True,6.416474467144376,0.0,0.0,0.0,0.0,0,0.9176056338028168,1.0260563380281686,False,False,False,False,0.13073977913379378,0.09373530851413771,False,False,False,False,-218372.0,-169067.88334700797,False,False,False,False,44031.03359498015,False,False,False,False
2025-02-10 18:00:00+00:00,5.365,5.37,5.335,5.335,14456.0,,,,,,,,,,,,5.136722507072596,5.19061970984599,5.249224959170287,5.271455622193103,5.301602283895207,,,,,,,,,5.191408775990309,5.144516367150489,5.145114670489562,5.217828538451509,5.285287954360412,,,5.2133781388619465,"rgba(38, 166, 154, 1.0)",0.11715482172003655,5.2133781388619465,1.0381293689191196,67.13939068890319,10.391241743410106,True,False,True,False,True,4.897021835193147,0.0,0.0,0.0,0.0,0,0.9199716713881019,1.0233711048158636,False,False,False,False,0.12819763818648058,0.11096647335030915,False,False,False,False,-232828.0,-170056.41228736442,False,False,False,False,43572.505942344804,False,False,False,False
2025-02-10 19:00:00+00:00,5.335,5.345,5.325,5.335,12840.0,,,,,,,,,,,,5.138041066787652,5.191156583172991,5.249475256778072,5.271625317008382,5.3016772785962,,,,,,,,,5.1954972628276765,5.1462766403564775,5.146103875264482,5.218224436212662,5.285410268423599,,,5.21434879854282,"rgba(38, 166, 154, 1.0)",0.11435274176665314,5.21434879854282,1.055079218855808,67.40725654028932,10.939901239178262,True,False,True,False,True,4.897021835193147,0.0,0.0,0.0,0.0,0,0.9164285714285714,1.0292857142857141,False,False,False,False,0.11044684830689465,0.1107066608286019,False,False,False,False,-232828.0,-171029.61519763782,False,False,False,False,43096.032981998374,False,False,False,False
2025-02-10 20:00:00+00:00,5.335,5.365,5.315,5.365,111701.0,,,,,,,,,,,,5.149541569094581,5.196081715144764,5.251922700622142,5.27336692411605,5.3025712257871636,,,,,,,,,5.2258391287940045,5.161311736557528,5.154871503373913,5.22193960675665,5.286728886004721,,,5.222417499625152,"rgba(38, 166, 154, 1.0)",0.11211420335798632,5.222417499625152,1.271761258647801,68.59004170289172,12.442810029969358,True,False,True,False,True,6.233312174857236,0.0,0.0,0.0,0.0,0,0.9159544159544158,1.0185185185185182,False,False,False,False,0.11551095111527734,0.11310880597193962,False,False,False,False,-121127.0,-170255.9312410853,False,False,False,False,44159.67588150228,False,False,False,False
2025-02-11 15:00:00+00:00,5.405,5.485,5.39,5.47,41318.0,,,,,,,,,,,,5.1554660004239,5.19897200172118,5.253705033419448,5.274824107593982,5.303597027842991,,,,,,,,,5.241060084010656,5.169000167264411,5.159503434369057,5.224305827909029,5.287971942984803,,,5.226840562753945,"rgba(0, 255, 0, 1.0)",0.11458884589524806,5.226840562753945,2.12201663561862,71.99344563141128,15.956641954594616,True,False,True,False,True,10.61641335001293,0.0,0.0,0.0,0.0,0,0.9253521126760562,1.0049295774647882,False,False,False,False,0.21578803997173024,0.16444842297183493,False,False,False,False,-79809.0,-168853.65323734755,False,False,False,False,44115.61889109139,False,False,False,False
2025-02-11 16:00:00+00:00,5.475,5.515,5.465,5.485,21459.0,,,,,,,,,,,5.488333333333333,5.158858891880303,5.200683753850893,5.254805640698754,5.2757436503599155,5.304269782805047,,,,,,,,,5.249544225572806,5.1733818106599605,5.162177095343702,5.225731301626596,5.288769185478125,,,5.252936242873585,"rgba(0, 255, 255, 0.75)",0.11811679210246895,5.252936242873585,1.9646974235898191,74.55636361557804,18.57541420492501,True,False,True,False,True,11.209117385411592,0.0,0.0,0.0,0.0,0,0.939521800281294,0.9971870604781994,False,False,False,False,0.2714783540138385,0.21796338849283672,False,False,False,False,-58350.0,-167140.41830343517,False,True,False,False,43764.35348192718,False,True,False,False
2025-02-11 17:00:00+00:00,5.485,5.485,5.445,5.455,20362.0,,,,,,,,,,,5.4753497445462,5.161759549802742,5.202140528716803,5.255722310312987,5.276500358155998,5.304811800674891,,,,,,,,,5.256232504686751,5.177086978238608,5.1644700205859975,5.226933828650373,5.289419523853943,,,5.253675195293209,"rgba(0, 255, 255, 0.75)",0.12052972419455582,5.253675195293209,1.6703332398057962,73.99158581411878,18.57541420492501,True,False,True,False,True,9.619340156582687,0.0,0.0,0.0,0.0,0,0.9335664335664335,0.999300699300699,False,False,False,False,0.24477402101714027,0.2313687047549885,False,False,False,False,-78712.0,-165769.43507392454,False,False,False,False,43401.52629616087,False,False,False,False
2025-02-11 18:00:00+00:00,5.455,5.455,5.425,5.43,21029.0,,,,,,,,,,,5.462406762132061,5.164452561907757,5.2034847581680825,5.256546627550861,5.277170771654022,5.305279072958896,,,,,,,,,5.261922712392081,5.180487364497252,5.166605368914371,5.228032041133657,5.289989310121302,,,5.254216122857303,"rgba(38, 166, 154, 1.0)",0.12368031298400356,5.254216122857303,1.4212761344275675,71.8109539045775,18.57541420492501,True,False,True,False,False,8.312904494669382,0.0,0.0,0.0,0.0,0,0.9300847457627118,1.017655367231638,False,False,False,False,0.21840773241831757,0.22488821858665303,False,False,False,False,-99741.0,-164745.73840611178,False,False,False,False,43054.66542335217,False,False,False,False
2025-02-11 19:00:00+00:00,5.425,5.425,5.385,5.395,33005.0,,,,,,,,,,,5.441492601672665,5.168044488946389,5.20525168223971,5.257576879996638,5.277983310180492,5.305812220289915,,,,,,,,,5.268513278062451,5.184943154270149,5.169464365229726,5.229447387795311,5.290663468149286,,,5.254472076075703,"rgba(38, 166, 154, 1.0)",0.12568289139413696,5.254472076075703,1.1181149826001875,68.00230101728116,23.67146478436264,True,False,True,False,False,6.5150353720267375,0.0,0.0,0.0,0.0,0,0.9310589907604833,1.0120824449182655,False,False,False,False,0.18198260874052113,0.20343541366358708,False,False,False,False,-132746.0,-164249.61843082323,False,False,False,False,42898.856657098644,False,False,False,False
2025-02-11 20:00:00+00:00,5.395,5.395,5.37,5.39,114649.0,,,,,,,,,,,5.4107244438743844,5.1788858863165075,5.210651301342388,5.2606436056270915,5.280355748020349,5.307305047156323,,,,,,,,,5.28491044947154,5.198027400513718,5.1782015260512555,5.233730585777071,5.292601024206394,,,5.257821547123365,"rgba(38, 166, 154, 1.0)",0.12757449687242933,5.257821547123365,1.0360883728101944,65.12998299424757,20.897372156629373,True,False,True,False,False,6.259415051887842,0.0,0.0,0.0,0.0,0,0.9281138790035588,1.0092526690391457,False,False,False,False,0.15882198612442489,0.18112869989400598,False,False,False,False,-247395.0,-165538.69411406625,False,False,False,False,44011.2619802444,False,False,False,False
2025-02-12 15:00:00+00:00,5.365,5.375,5.325,5.355,5658.0,,,,,,,,,,,5.409178617580025,5.179310929438587,5.210860045361109,5.2607515885990574,5.280433680259254,5.307346280398525,,,,,,,,,5.285370992672326,5.1985217006040685,5.1785478545118035,5.233890630164162,5.2926608325804905,,,5.257897559288128,"rgba(38, 166, 154, 0.5)",0.1280840447617257,5.257897559288128,0.7581150399529631,60.932097519825845,16.951443916146758,True,False,True,False,False,4.479157357672733,0.0,0.0,0.0,0.0,0,0.9254790631653657,1.0056777856635908,False,False,False,False,0.12565714410679418,0.15339292200040008,False,False,False,False,-253053.0,-166895.50505803424,False,False,False,False,43416.63776349642,False,False,False,False
2025-02-12 16:00:00+00:00,5.355,5.355,5.305,5.325,18885.0,,,,,,,,,,,5.402683052042074,5.180524574735762,5.21143760957142,5.261018133895154,5.280607767225339,5.307411188713993,,,,,,,,,5.28633800864026,5.199900869097213,5.179539405891497,5.2343164771002995,5.292780989654906,,,5.257868916051629,"rgba(38, 166, 154, 0.5)",0.1284338438740096,5.257868916051629,0.5226899851586212,56.38085358414372,12.77580314790103,False,False,True,False,False,2.9848276477710023,0.0,0.0,0.0,0.0,0,0.9261363636363636,1.006392045454545,False,False,False,False,0.10538838119467074,0.1293906515975354,False,False,False,False,-271938.0,-168524.07087108796,False,False,False,False,43036.302294294925,False,False,False,False
2025-02-12 17:00:00+00:00,5.325,5.33,5.285,5.285,52238.0,,,,,,,,,,,5.384011846540311,5.1831567416385855,5.2126258752125425,5.261438823183632,5.280800780427575,5.307348324030856,,,,,,,,,5.287138760730175,5.202758620061469,5.181705511239839,5.235125624899625,5.292847629707681,,,5.257178048879299,#000000,0.12848780921596548,5.257178048879299,0.21653378083470096,51.28963740161219,8.178296628231664,False,False,False,False,False,1.039708184745738,0.0,0.0,0.0,0.0,0,0.9264285714285715,1.0107142857142855,False,False,False,False,0.08268787704566433,0.10603926432159987,False,False,False,False,-324176.0,-170937.279074637,False,False,False,False,43178.96427422833,False,False,False,False
2025-02-12 18:00:00+00:00,5.285,5.285,5.21,5.215,29175.0,,,,,,,,,,,5.3704278371147485,5.183807144429377,5.212804686534022,5.261290408387573,5.280556802549651,5.307015053185102,,,,,,,,,5.285538941358269,5.203290790893103,5.1822519920723815,5.2351361549970274,5.292559466944111,,,5.255879934405943,#000000,0.12855047734344063,5.255879934405943,-0.3180068658689356,45.09416383106181,2.6427982299033204,False,True,False,True,False,0.0,0.0,0.0,0.0,0.0,0,0.9131054131054132,1.0156695156695152,False,False,False,False,0.022503744592584127,0.064271504457092,False,False,False,False,-353351.0,-173765.39877890618,False,False,False,False,42961.848549046495,False,False,False,False
2025-02-12 19:00:00+00:00,5.215,5.215,5.175,5.2,20256.0,,,,,,,,,,,5.359974795772501,5.183914757761453,5.212721777399701,5.261022710130104,5.28023605298465,5.30665498893762,,,,,,,,5.196666666666666,5.2836252370164924,5.20321938848635,5.182350819831195,5.234954510721896,5.2922191891091686,,,5.2497967412348165,#000000,0.12852068925884572,5.2497967412348165,-0.38746089459980854,40.45182560255554,-1.414867441483878,False,True,False,True,False,0.0,0.0,0.0,0.0,0.0,0,0.9072753209700428,1.02567760342368,False,False,False,False,-0.030009050358610394,0.0171312270492408,False,False,False,False,-373607.0,-176863.71817768284,False,False,False,False,42609.819889371356,False,False,False,False
2025-02-12 20:00:00+00:00,5.195,5.205,5.175,5.175,38542.0,,,,,,,,,,,5.3420034838253505,5.183931767112646,5.212453410470364,5.260428188471885,5.279548210415377,5.305904340707746,,,,,,,5.185,5.189019184325996,5.279743393356746,5.202853219559693,5.18238493419561,5.234509699075002,5.291500107363497,,,5.242252302990763,"rgba(239, 83, 80, 0.5)",0.1283246867334046,5.242252302990763,-0.5240792298248904,36.51604060249595,-4.908215783219724,False,True,False,True,False,0.0,0.0,0.0,0.0,0.0,0,0.9011461318051577,1.0343839541547275,False,False,False,False,-0.03501434693202576,-0.008941559941392478,False,False,False,False,-412149.0,-180511.55200438542,False,False,False,False,42546.752914342345,False,False,False,False
2025-02-13 15:00:00+00:00,5.225,5.25,5.18,5.195,30085.0,,,,,,,,,,,5.33208233931921,5.184226693417238,5.212422510389977,5.26011211219185,5.279148971740478,5.3054366525371375,,,,,,,5.195228967218927,5.195556611875537,5.277614846981876,5.202937862896691,5.1826431652705836,5.234329015602091,5.291066991845877,,,5.242523595483652,#000000,0.12830822265155575,5.242523595483652,-0.37038620363958,35.50719768535005,-5.87604469189521,False,True,False,True,False,0.0,0.0,0.0,0.0,0.0,0,0.8988603988603989,1.0263532763532761,False,False,False,False,-0.010000381843024627,-0.009470970892208552,False,False,False,False,-382064.0,-183636.3961593562,False,False,False,False,42353.54744280215,False,False,False,False
2025-02-13 16:00:00+00:00,5.195,5.255,5.18,5.235,8798.0,,,,,,,,,,,5.329772078430615,5.184364429566561,5.212446388186048,5.260046970591296,5.279057615062782,5.305321725579964,,,,,,,5.198422537939941,5.1980584248728,5.2771457740733165,5.203029572251448,5.182761240632235,5.234306864801133,5.2909639932143175,,,5.242745970400189,#000000,0.1284441547946114,5.242745970400189,-0.060306133919248654,37.772804156533276,-5.87604469189521,False,True,False,True,False,0.0,0.0,0.0,0.0,0.0,0,0.9024045261669025,1.021216407355021,False,False,False,False,-0.00750018949612425,-0.008485580194166401,False,False,False,False,-373266.0,-186576.39001735067,False,False,False,False,41833.30639717731,False,False,False,False
2025-02-13 17:00:00+00:00,5.235,5.245,5.21,5.215,15157.0,,,,,,,,,,,5.326014101315791,5.1845994565327675,5.212487280129726,5.259935285638924,5.278900927225554,5.30512448475575,,,,,,,5.202500792090615,5.201453484937107,5.2763564005759065,5.203185647620796,5.18296305904855,5.234268912480729,5.2907872822109,,,5.242967470351009,#000000,0.12848255043299442,5.242967470351009,-0.217675242721731,38.30492377551722,-5.87604469189521,False,True,False,True,False,0.0,0.0,0.0,0.0,0.0,0,0.9033404406538736,1.0319829424307032,False,False,False,False,0.0024999548292581513,-0.002992812682454125,False,False,False,False,-388423.0,-189705.7948232832,False,False,False,False,41419.720251484636,False,False,False,False
2025-02-13 18:00:00+00:00,5.215,5.23,5.205,5.225,14312.0,,,,,,,,,,,5.3225938136351,5.184799917703126,5.212513830979434,5.259820901602898,5.278744954573738,5.304931554389881,,,,,,,5.204843754872428,5.203541080089133,5.275586462208331,5.203306814569552,5.183136208239205,5.234222465883944,5.290613064579437,,,5.24297344794817,#000000,0.127940794302865,5.24297344794817,-0.14048254152325587,39.418727074627284,-5.87604469189521,False,True,False,True,True,0.0,0.0,0.0,0.0,0.0,0,0.9036402569593149,1.0321199143468947,False,False,False,False,-0.007500189496123349,-0.005246501089288737,False,False,False,False,-374111.0,-192564.7902523796,False,False,False,False,40999.44551890348,False,False,False,False
2025-02-13 19:00:00+00:00,5.225,5.265,5.225,5.265,18601.0,,,,,,,,,,,5.319739455212734,5.185288437267449,5.212692846288811,5.259790659352123,5.278652081165613,5.304775115159395,,,,,,,5.21178389577274,5.209682952432574,5.275169148731955,5.203755535591151,5.183550087960958,5.234295953917722,5.290488884146394,,,5.243820388692279,#000000,0.12741716970305167,5.243820388692279,0.1662225848924479,42.97344114078012,-5.87604469189521,False,True,False,True,True,0.4230380016258408,0.0,0.0,0.0,0.0,0,0.9050678087080658,1.0264097073518912,False,False,False,False,0.020002614255333607,0.007378056583022435,False,False,False,False,-355510.0,-195091.07257404813,False,False,False,False,40652.182797680165,False,False,False,False
2025-02-13 20:00:00+00:00,5.265,5.27,5.225,5.255,135915.0,,,,,,,,,,,5.3038922289506445,5.188567867819608,5.21389893180146,5.259532337354248,5.2779515819231575,5.303624321236388,,,,,,,5.23165360927279,5.229137524585857,5.272323400967919,5.206691784305353,5.186358507365533,5.234764919950727,5.2895670544583435,,,5.245997236153234,#000000,0.12668681679460833,5.245997236153234,0.07106314669948487,44.69095140860249,-12.537214562290458,False,True,False,True,True,0.0,0.0,0.0,0.0,0.0,0,0.9039145907473309,1.0249110320284693,False,False,False,False,0.02250374459258317,0.014940900587802803,False,False,False,False,-491425.0,-199685.39703026443,False,False,False,False,42129.12570004171,False,False,False,False
2025-02-14 15:00:00+00:00,5.32,5.32,5.23,5.245,31926.0,,,,,,,,,,,5.301921481613158,5.189467014041782,5.214284061993712,5.259566015252879,5.277877627445549,5.303434644421622,,,,,,,5.235282951973164,5.232788591545703,5.272133933754341,5.207548645505374,5.187131554860934,5.234975531544439,5.289436368577444,,,5.246603724810009,#000000,0.12590690826777787,5.246603724810009,-0.012737385359331594,45.16048700290637,-11.647331119294748,False,True,False,True,True,0.0,0.0,0.0,0.0,0.0,0,0.9024734982332158,1.022614840989399,False,False,False,False,0.050041671558443225,0.032491286073123016,False,False,False,False,-523351.0,-204703.4683941363,False,False,False,False,41970.93770469222,False,False,False,False
2025-02-14 16:00:00+00:00,5.245,5.255,5.22,5.225,24762.0,,,,,,,,,,,5.299327798937306,5.189863640905818,5.214394766654407,5.259441289149776,5.277681220968763,5.303168651723395,,,,,,,5.235131185986709,5.232828457769083,5.271370673572796,5.207839222882331,5.187481142230405,5.2349667068864845,5.289205845192837,,,5.246361584835393,#000000,0.12548403581031453,5.246361584835393,-0.17023348585698986,44.14368159201163,-11.647331119294748,False,True,False,True,True,0.0,0.0,0.0,0.0,0.0,0,0.8995756718528997,1.0332390381895329,False,False,False,False,0.012500599200667623,0.02249594263689532,False,False,False,False,-548113.0,-210027.6471787233,False,False,False,False,41704.13246896056,False,False,False,False
2025-02-14 17:00:00+00:00,5.225,5.225,5.195,5.205,13340.0,,,,,,,,,,,5.297511052841111,5.189953171275411,5.214375848646303,5.259310713473797,5.27751688346786,5.302975189162409,,,,,,,5.234052603101234,5.231899340525192,5.270709639382922,5.207842204592192,5.187565797135325,5.234889826926473,5.289027221369347,,,5.245971499376891,#000000,0.12514046162267495,5.245971499376891,-0.32740409333336634,42.2204678879772,-11.647331119294748,False,True,False,True,True,0.0,0.0,0.0,0.0,0.0,0,0.8911806543385492,1.0476529160739685,False,False,False,False,-0.015001172889905651,0.003747384873494834,False,False,False,False,-561453.0,-215476.1022612237,False,False,False,False,41264.37847719373,False,False,False,False
2025-02-14 18:00:00+00:00,5.205,5.22,5.195,5.21,5386.0,,,,,,,,,,,5.296797938256574,5.189989073505563,5.214368243957663,5.2592581826702105,5.277450753017925,5.3028973025099955,,,,,,,5.233641337909413,5.2315438837235355,5.270446660211405,5.207843398278948,5.187599781929744,5.234858912416872,5.288955325739097,,,5.245819291855919,#000000,0.12427675451069976,5.245819291855919,-0.2882219768044806,41.43842394957075,-11.647331119294748,False,True,False,True,False,0.0,0.0,0.0,0.0,0.0,0,0.8973438621679829,1.0459440057430003,False,False,False,False,-0.01750183414964956,-0.006877224638077363,False,False,False,False,-556067.0,-220756.58129593343,False,False,False,False,40708.12454731476,False,False,False,False
2025-02-14 19:00:00+00:00,5.205,5.22,5.195,5.215,5546.0,,,,,,,,,,,5.296089071683606,5.190029241501687,5.214362590402509,5.259205970967746,5.277384428866602,5.3028186471106125,,,,,,,5.233258375441773,5.2312143916873035,5.270185380176666,5.207848782128787,5.187637463955386,5.234829150081966,5.2888829557436665,,,5.2456728038267935,#000000,0.12370565908676569,5.2456728038267935,-0.2479498840492015,41.451342238534735,-11.647331119294748,False,True,False,True,False,0.0,0.0,0.0,0.0,0.0,0,0.8971223021582735,1.038848920863309,False,False,False,False,-0.01750183414964956,-0.012189529393863462,False,False,False,False,-550521.0,-225869.2079425081,False,False,False,False,40162.97532952693,False,False,False,False
2025-02-14 20:00:00+00:00,5.215,5.245,5.215,5.245,82299.0,,,,,,,,,,,5.289485882087687,5.191330041250617,5.214751476837689,5.258831128514831,5.276774871319463,5.301977122894536,,,,,,,5.233595894685037,5.231914626060573,5.268064525540102,5.20881868692722,5.188790979497047,5.234832132484305,5.288159893128256,,,5.245179020094413,#000000,0.1233165924844786,5.245179020094413,-0.0014517113293982733,44.43489159840971,-10.528411967051937,False,True,False,True,True,0.0,0.0,0.0,0.0,0.0,0,0.8993482983345402,1.0405503258508324,False,False,False,False,0.004999990908455421,-0.0035947692427040203,False,False,False,False,-468222.0,-229626.61557130644,False,False,False,False,40816.247029844344,False,False,False,False
2025-02-17 15:00:00+00:00,5.245,5.245,5.245,5.245,0.0,,,,,,,,,,,5.289485882087687,5.191330041250617,5.214751476837689,5.258831128514831,5.276774871319463,5.301977122894536,,,,,,,5.233595894685037,5.231914626060573,5.268064525540102,5.20881868692722,5.188790979497047,5.234832132484305,5.288159893128256,,,5.245179020094413,#000000,0.12334405845746169,5.245179020094413,-0.0014513880656379337,46.42392450499303,-8.406038921593456,False,True,False,True,True,0.0,0.0,0.0,0.0,0.0,0,0.8973799126637555,1.0407569141193591,False,False,False,False,0.02000261425533446,0.00820392250631522,False,False,False,False,-468222.0,-233325.76881826294,False,False,False,False,40183.43699837389,False,False,False,False
2025-02-17 16:00:00+00:00,5.245,5.245,5.245,5.245,0.0,,,,,,,,,,,5.289485882087687,5.191330041250617,5.214751476837689,5.258831128514831,5.276774871319463,5.301977122894536,,,,,,,5.233595894685037,5.231914626060573,5.268064525540102,5.20881868692722,5.188790979497047,5.234832132484305,5.288159893128256,,,5.245179020094413,#000000,0.12343860858779579,5.245179020094413,-0.0014502763475754783,47.74994644271524,-6.9340829516999065,False,True,False,False,True,0.0,0.0,0.0,0.0,0.0,1,0.8995601173020528,1.0403225806451608,False,False,False,False,0.02000261425533446,0.014103268380824839,False,False,False,False,-468222.0,-236967.5708520883,False,False,False,False,39560.437975143286,False,False,False,False
2025-02-17 17:00:00+00:00,5.245,5.245,5.245,5.245,0.0,,,,,,,,,,,5.289485882087687,5.191330041250617,5.214751476837689,5.258831128514831,5.276774871319463,5.301977122894536,,,,,,,5.233595894685037,5.231914626060573,5.268064525540102,5.20881868692722,5.188790979497047,5.234832132484305,5.288159893128256,,,5.245179020094413,#000000,0.12349497564277653,5.245179020094413,-0.0014496143950855445,48.63396106786338,-5.857710832700313,False,False,False,False,True,0.0,0.0,0.0,0.0,0.0,1,0.8982169390787519,1.0468053491827634,False,False,False,False,0.02000261425533446,0.017052941318079648,False,False,False,False,-468222.0,-240552.91083887764,False,False,False,False,38947.09785149765,False,False,False,False
2025-02-17 18:00:00+00:00,5.245,5.245,5.245,5.245,0.0,,,,,,,,,,,5.289485882087687,5.191330041250617,5.214751476837689,5.258831128514831,5.276774871319463,5.301977122894536,,,,,,,5.233595894685037,5.231914626060573,5.268064525540102,5.20881868692722,5.188790979497047,5.234832132484305,5.288159893128256,,,5.245179020094413,#000000,0.12341397412371896,5.245179020094413,-0.0014505658348952044,49.22330415129548,-5.024526385523949,False,False,False,False,True,0.0,0.0,0.0,0.0,0.0,0,0.9016516516516517,1.0397897897897894,False,False,False,False,0.02000261425533446,0.018527777786707056,False,False,False,False,-468222.0,-244082.6641592051,False,False,False,False,38343.26687705583,False,False,False,False
2025-02-17 19:00:00+00:00,5.245,5.245,5.245,5.245,0.0,,,,,,,,,,,5.289485882087687,5.191330041250617,5.214751476837689,5.258831128514831,5.276774871319463,5.301977122894536,,,,,,,5.233595894685037,5.231914626060573,5.268064525540102,5.20881868692722,5.188790979497047,5.234832132484305,5.288159893128256,,,5.245179020094413,#000000,0.12350175984448822,5.245179020094413,-0.0014495347648319124,49.616199540250214,-4.344948841195581,False,False,False,False,True,0.0,0.0,0.0,0.0,0.0,0,0.9047619047619049,1.0325018896447464,False,False,False,False,0.02000261425533446,0.01926519602102076,False,False,False,False,-468222.0,-247557.6926218531,False,False,False,False,37748.797623147984,False,False,False,False
2025-02-17 20:00:00+00:00,5.245,5.245,5.245,5.245,0.0,,,,,,,,,,,5.289485882087687,5.191330041250617,5.214751476837689,5.258831128514831,5.276774871319463,5.301977122894536,,,,,,,5.233595894685037,5.231914626060573,5.268064525540102,5.20881868692722,5.188790979497047,5.234832132484305,5.288159893128256,,,5.245179020094413,#000000,0.1233886411172346,5.245179020094413,-0.001450863651561055,49.87812979955337,-3.7672890931257825,False,False,False,False,True,0.0,0.0,0.0,0.0,0.0,0,0.9094368340943685,1.0273972602739723,False,False,False,False,0.02000261425533446,0.01963390513817761,False,False,False,False,-468222.0,-250978.84467422747,False,False,False,False,37163.544946820104,False,False,False,False
2025-02-18 15:00:00+00:00,5.215,5.285,5.215,5.235,13120.0,,,,,,,,,,,5.288732297833239,5.191576391342731,5.214842072703033,5.258797067911081,5.276702187643018,5.301864636747294,,,,,,,5.2339376617502955,5.232289436627406,5.267845002983971,5.209023565804753,5.189008375146671,5.234860349671011,5.288067759949063,,,5.245195908162582,#000000,0.1229792335798726,5.245195908162582,-0.08290755980325684,48.30730103395324,-3.7672890931257825,False,False,False,False,True,0.0,0.0,0.0,0.0,0.0,0,0.9055891238670696,1.0173716012084588,False,False,False,False,0.025005156465822055,0.022319530801999832,False,False,False,False,-481342.0,-254550.36646222393,False,False,False,False,36790.77680810971,False,False,False,False
2025-02-18 16:00:00+00:00,5.235,5.28,5.23,5.265,7843.0,,,,,,,,,,,5.288427549717858,5.191759065136683,5.214919800741484,5.258796386241802,5.276677104030756,5.30181332269225,,,,,,,5.234367018825698,5.232727873079654,5.267791191397265,5.209189917252234,5.189168286716106,5.234899225587033,5.288029864261086,,,5.24527435428307,#000000,0.12243126403993138,5.24527435428307,0.16111608314765363,52.005212682804476,-1.558899415920152,False,False,True,False,True,0.7923343450805582,0.0,0.0,0.0,0.0,0,0.9060606060606061,1.027272727272727,False,False,False,False,0.030008950268546216,0.026164240535273026,False,False,False,False,-473499.0,-257944.91892017395,False,False,False,False,36341.97406689871,False,False,False,False
2025-02-18 17:00:00+00:00,5.265,5.295,5.255,5.29,27567.0,,,,,,,,,,,5.288140702007824,5.1925996858736445,5.21532606841381,5.258905375408981,5.276692976794166,5.301723317388176,,,,,,,5.237025444545177,5.235368743519334,5.268029230550883,5.210019723262185,5.189898800029994,5.235160251006815,5.287994054237306,,,5.245914182541408,#000000,0.12273141407154475,5.245914182541408,0.35920565074637717,57.11945800967097,3.116409729086584,True,False,True,False,True,2.2291993667985217,0.0,0.0,0.0,0.0,0,0.9028614457831325,1.02183734939759,False,False,False,False,0.050041671558443225,0.03810295604685812,False,False,False,False,-445932.0,-260859.44730900845,False,False,False,False,36205.92795733438,False,False,False,False
2025-02-18 18:00:00+00:00,5.295,5.34,5.285,5.33,45220.0,,,,,,,,,,,5.28973730463611,5.194534273461814,5.216370181872251,5.259402263770536,5.277016720667621,5.301834985145996,,,,,,,5.2441176667264635,5.242333348803391,5.269588234165303,5.212062572494279,5.19157112805314,5.235942453143649,5.288214386069213,,,5.247901963000752,"rgba(38, 166, 154, 0.5)",0.12348315711096405,5.247901963000752,0.664852105501916,63.36465871428039,8.616293138068187,True,False,True,False,True,4.459182597586633,0.0,0.0,0.0,0.0,0,0.9081404032860344,1.0149365197908884,False,False,False,False,0.0877242750074785,0.06291361552716832,False,False,False,False,-400712.0,-263027.7039398765,False,False,False,False,36345.68101225943,False,False,False,False
2025-02-18 19:00:00+00:00,5.335,5.35,5.315,5.325,52868.0,,,,,,,,,,,5.29208157902562,5.196928061483927,5.217700998008149,5.2600856974395676,5.277493984478883,5.302054634466786,,,,,,,5.2520653833653945,5.250168384490505,5.271700604640026,5.21460702860797,5.193646840475207,5.236965376580276,5.288566180758139,,,5.250312673370804,"rgba(38, 166, 154, 0.5)",0.1239446621653397,5.250312673370804,0.6025860680435364,66.63447004856128,11.272054892767677,True,False,True,False,True,4.149812544348698,0.0,0.0,0.0,0.0,0,0.9130757800891531,1.0133729569093608,False,False,False,False,0.10791692706988468,0.0854152712985265,False,False,False,False,-453580.0,-265982.00310359936,False,False,False,False,36601.84099656549,False,False,False,False
2025-02-18 20:00:00+00:00,5.325,5.325,5.28,5.285,41497.0,,,,,,,,,,,5.29228196594699,5.1982925222322045,5.218420304075647,5.260361562754098,5.2776285911348255,5.3020218537574,,,,,,,5.25508572895724,5.2532164370866505,5.272367509059818,5.2159735103607545,5.194845245110107,5.237470695375223,5.288619359357811,,,5.251275791169906,#000000,0.12422672530208698,5.251275791169906,0.2714730566074691,62.928068012319585,11.272054892767677,True,False,True,False,False,1.711667633986849,0.0,0.0,0.0,0.0,0,0.9084870848708487,1.016974169741697,False,False,False,False,0.07765566091611503,0.08153546610732076,False,False,False,False,-495077.0,-269533.8635205978,False,False,False,False,36677.734934603235,False,False,False,False
2025-02-19 15:00:00+00:00,5.33,5.355,5.295,5.3,77052.0,,,,,,,,,,5.316666666666666,5.294112257992451,5.201224952795112,5.220054390181023,5.261139093901464,5.278130950281399,5.302185447131081,,,,,,,5.261964080351465,5.260101414089066,5.274460910190575,5.21899357601991,5.1974209300755785,5.238696100351529,5.2889571303118,,,5.258150564309937,#000000,0.12401187824537943,5.258150564309937,0.33746312274422785,61.82729427515661,11.272054892767677,True,False,True,False,False,2.5654760392838547,0.0,0.0,0.0,0.0,0,0.9101533966398831,1.0109569028487944,False,False,False,False,0.10033528192147524,0.090935374014398,False,False,False,False,-418025.0,-271836.0516830692,False,False,False,False,37303.69253251637,False,False,False,False
2025-02-19 16:00:00+00:00,5.295,5.355,5.295,5.345,36011.0,,,,,,,,,5.331666666666667,5.32144422431152,5.295385003053936,5.202717882642998,5.220915302272894,5.2615913520010675,5.278450999441149,5.302338561921823,,,,,,,5.265422191820957,5.263555543492878,5.275697030483626,5.22055112779848,5.1987344917118135,5.239363589172977,5.2891961698463446,,,5.264468675775943,"rgba(38, 166, 154, 0.5)",0.12384595197187774,5.264468675775943,0.6502539884577226,64.29272567340671,11.272054892767677,True,False,True,False,False,5.059771032640871,0.0,0.0,0.0,0.0,0,0.9109341057204924,1.0108616944243298,False,False,False,False,0.10033528192147524,0.09563532796793661,False,False,False,False,-382014.0,-273544.23692829296,False,False,False,False,37283.65078782619,False,False,False,False
2025-02-19 17:00:00+00:00,5.345,5.345,5.3,5.3,17977.0,,,,,,,,,5.326116976612086,5.32056015974766,5.295711338775057,5.203355765954097,5.221276195546376,5.261761776884112,5.278559751238345,5.302371304451561,,,,,,,5.266620405723217,5.264765910201374,5.27611646940863,5.22119844087399,5.199299645548284,5.239633709766793,5.289268064957725,,,5.264441061045954,#000000,0.12251677583237797,5.264441061045954,0.290237305972663,61.06747803702077,17.51334002994942,True,False,True,False,False,2.3421289952518087,0.0,0.0,0.0,0.0,0,0.9238653001464129,1.0124450951683746,False,False,False,False,0.0978106619767731,0.09672299497235486,False,False,False,False,-399991.0,-275504.65185963723,False,False,False,False,36984.322868635085,False,False,False,False
2025-02-19 18:00:00+00:00,5.305,5.31,5.275,5.28,50885.0,,,,,,,,,5.3077841293755315,5.311546214099217,5.295379518453867,5.204700632921235,5.221996452403669,5.261999628412046,5.278641380298926,5.302269295399649,,,,,,,5.268010678541873,5.266237419193871,5.276474690310838,5.222476038370522,5.200508037893099,5.240121077526393,5.289260750821786,,,5.263160396268169,#000000,0.12049066353871887,5.263160396268169,0.13975857744712636,57.17986545480545,13.861698223155862,True,False,True,False,False,1.1695271486645389,0.0,0.0,0.0,0.0,0,0.9078751857355126,1.0356612184249625,False,False,False,False,0.06760273628947545,0.08216286563091516,False,False,False,False,-450876.0,-278223.5874897204,False,False,False,False,37199.83724276477,False,False,False,False
2025-02-19 19:00:00+00:00,5.28,5.325,5.275,5.325,40872.0,,,,,,,,,5.307938145390923,5.3109568127039415,5.295831151718947,5.206001467389736,5.2227349415307485,5.2623303866828826,5.278839242192944,5.302304484234831,,,,,,,5.269983039745199,5.268247783553799,5.277207759001832,5.223768658306214,5.201670828440042,5.240665019605592,5.289379875204344,,,5.263857306380133,"rgba(38, 166, 154, 0.5)",0.1172493300851059,5.263857306380133,0.5214758461774315,57.869522657179466,13.861698223155862,True,False,True,False,False,3.6530397509577774,0.0,0.0,0.0,0.0,0,0.8917716827279467,1.0348406226834688,False,False,False,False,0.07514103981392033,0.07865195272241773,False,False,False,False,-410004.0,-280266.6946604224,False,False,False,False,37256.76999869089,False,False,False,False
2025-02-19 20:00:00+00:00,5.325,5.345,5.315,5.33,143659.0,,,,,,,,,5.318889562687454,5.318422170738097,5.299561263193197,5.211241071116052,5.225865692566175,5.263986735655727,5.280010122281986,5.3028580771741645,,,,,,,5.278787803126233,5.2771235185867,5.281157951144324,5.22910764521522,5.206357406875445,5.243100662750538,5.290252461421979,,,5.268448142968887,"rgba(38, 166, 154, 0.5)",0.11122888502931923,5.268448142968887,0.5533801495437866,58.65181834281829,13.861698223155862,True,False,True,False,False,3.9241116072510565,0.0,0.0,0.0,0.0,0,0.902746844840386,1.0274684484038603,False,False,False,False,0.10538838119467074,0.09202016695854423,False,False,False,False,-266345.0,-280050.854433129,False,False,False,False,38906.41697545537,False,False,False,False
2025-02-20 15:00:00+00:00,5.305,5.305,5.245,5.285,46454.0,,,,,,,,,5.313280051887008,5.313912018761152,5.29883745592981,5.212145450518223,5.226356252886958,5.264099396617674,5.27999780423276,5.302700578178463,,,,,,,5.278767220048084,5.277177250346574,5.281091222063951,5.229894848710802,5.207197465146329,5.243408567151137,5.2901702380047215,,,5.267935721365576,#000000,0.10435248651298176,5.267935721365576,0.1635253668085958,55.28316920227218,11.641333901555733,True,False,True,False,False,1.2631410010776598,0.0,0.0,0.0,0.0,1,0.894039735099338,1.025754231052244,False,False,False,False,0.050041671558443225,0.07103091925849372,False,False,False,False,-312799.0,-280558.5776202123,False,False,False,False,39023.433766533584,False,False,False,False
2025-02-20 16:00:00+00:00,5.285,5.285,5.265,5.28,39806.0,,,,,,,,,5.309400434963159,5.310637143374655,5.298208073268787,5.212882197885796,5.226756122688514,5.2641833964328955,5.2799769662223275,5.3025580978886095,,,,,,,5.278688745502893,5.27715853132134,5.281003431717317,5.230527106360706,5.207885353622043,5.243655769777063,5.290090884620474,,,5.267574150376437,#000000,0.09804935326495642,5.267574150376437,0.12673056180171727,52.65464781605348,8.983599662061792,False,False,False,False,False,0.9727256974520131,0.0,0.0,0.0,0.0,1,0.8990420044215182,1.0272660280029473,False,False,False,False,0.050041671558443225,0.06053629540846847,False,False,False,False,-352605.0,-281675.57641679817,False,False,False,False,39035.566576354766,False,False,False,False
2025-02-20 17:00:00+00:00,5.285,5.305,5.245,5.25,74038.0,,,,,,,,,5.302364836417598,5.304456865380551,5.296626189214954,5.214000738934913,5.227337531031662,5.2642138895352515,5.2798238808246944,5.302196426810184,,,,,,,5.277907647660718,5.276488760072908,5.280493167005172,5.2314134750842705,5.2089483830189565,5.2439695549272916,5.289837624426313,,,5.266671931356362,#000000,0.09098846575748705,5.266671931356362,-0.18323126143041374,48.72710269012129,5.176954748786329,False,False,False,True,False,0.0,0.0,0.0,0.0,0.0,1,0.8960176991150444,1.029498525073746,False,False,False,False,0.050041671558443225,0.055288983483455845,False,False,False,False,-426643.0,-283923.1333715765,False,False,False,False,39578.23996276787,False,False,False,False
2025-02-20 18:00:00+00:00,5.245,5.275,5.23,5.275,59196.0,,,,,,,,,5.297436876676008,5.29996558011207,5.29521414460473,5.214753091894555,5.227713585808045,5.264172920529393,5.2796432478985045,5.301859177262897,,,,,,,5.277023330446954,5.27568804091912,5.279926138115563,5.231963264886634,5.209676026428433,5.244142446060465,5.289581903870609,,,5.265917318367599,#000000,0.09001561426114518,5.265917318367599,0.10090117927820377,48.36186134447559,4.667619591458902,False,False,False,True,False,0.6816246116779539,0.0,0.0,0.0,0.0,0,0.8870014771048746,1.0391432791728208,False,False,False,False,0.02750688123124192,0.041397932357348885,False,False,False,False,-367447.0,-285218.07704023423,False,False,False,False,39882.39128117457,False,False,False,False
2025-02-20 19:00:00+00:00,5.275,5.295,5.265,5.29,48614.0,,,,,,,,,5.2962070741676115,5.298691382324453,5.2948495294382045,5.21566205066002,5.228234556214734,5.264324692765537,5.279670655808402,5.301738373223289,,,,,,,5.277269255786409,5.275981246246198,5.2800018395501,5.232762010751851,5.2105282233388825,5.244486519807026,5.289538231671438,,,5.265996376116944,#000000,0.08931924724228467,5.265996376116944,0.2687396571753945,49.36886962997909,4.667619591458902,False,False,False,False,False,1.536449374858254,0.0,0.0,0.0,0.0,0,0.8864306784660768,1.0368731563421827,False,False,False,False,0.07027286484840903,0.055835398602878956,False,False,False,False,-318833.0,-285739.23863650963,False,False,False,False,40017.765059761005,False,False,False,False
2025-02-20 20:00:00+00:00,5.29,5.305,5.275,5.29,104803.0,,,,,,,,,5.295224882923282,5.297459405590639,5.294548590860026,5.217727111922557,5.229457086745879,5.264755776704268,5.27983344503781,5.301575645690723,,,,,,,5.2782559948309515,5.277051779586278,5.280458844017764,5.234618430153483,5.212462194452063,5.245331946252045,5.289545086017524,,,5.266553748052353,#000000,0.08880244294992286,5.266553748052353,0.26402710521002587,50.04020848698142,4.667619591458902,False,False,False,False,False,1.536449374858254,0.0,0.0,0.0,0.0,1,0.8934911242603553,1.034023668639053,False,False,False,False,0.10125363400784332,0.07854451630536113,False,False,False,False,-318833.0,-286252.3202080366,False,False,False,False,41022.18730689649,False,False,False,False
2025-02-21 15:00:00+00:00,5.19,5.195,5.11,5.11,66201.0,,,,,,,,,5.280967986061162,5.284382539193878,5.288656166028894,5.21635798089015,5.22833185913971,5.263429056054327,5.278438688236043,5.300158579175066,,,,,,,5.271725161784004,5.270668317336387,5.276470418674724,5.232685420265315,5.211339943252512,5.244091040930597,5.288140445621747,,,5.262389573509634,"rgba(255, 0, 0, 1.0)",0.0898754393290794,5.262389573509634,-1.6955641568733661,41.563104270982606,-2.2998108193462485,False,True,False,True,False,0.0,0.0,0.0,0.0,0.0,0,0.8848660391021002,1.0304127443881241,False,False,False,False,-0.047962100961757,0.015291207671802066,False,False,False,False,-385034.0,-287783.81911953987,False,False,False,False,41412.55649593685,False,False,False,False
2025-02-21 16:00:00+00:00,5.115,5.135,5.08,5.125,81195.0,,,,,,,,,5.26415816672039,5.268720699142086,5.280903824778912,5.214224078217972,5.226616173782323,5.261521689660297,5.2764664984548695,5.298190428431639,,,,,,,5.263148822055371,5.262262745018049,5.271042285289035,5.229817244995238,5.209553320818789,5.24225721292208,5.2861712746371285,,,5.257003630994945,"rgba(239, 83, 80, 1.0)",0.0905723542332416,5.257003630994945,-1.457438443689009,37.082147211270396,-6.3180452512946275,False,True,False,True,False,0.0,0.0,0.0,0.0,0.0,0,0.884476534296029,1.0361010830324906,False,False,False,False,-0.09752800308366151,-0.04111839770592972,False,False,False,False,-303839.0,-288032.73665257025,False,False,False,False,42029.338565767284,False,False,False,False
2025-02-21 17:00:00+00:00,5.125,5.125,5.025,5.03,82732.0,,,,,,,,,5.245232125002194,5.250909487241639,5.271380185982767,5.2110365088445985,5.224121266172553,5.258945697138922,5.273863532319831,5.295660813559211,,,,,,,5.252526859464522,5.251820788105511,5.264121878772841,5.225758463978962,5.206826071562112,5.2396894313667,5.283604725730825,,,5.2503665223495455,"rgba(255, 26, 202, 1.0)",0.09364645032065083,5.2503665223495455,-2.353175391005186,31.75933762060246,-11.076423702624318,False,True,False,True,False,0.0,0.0,0.0,0.0,0.0,0,0.8767025089605737,1.0422939068100356,False,False,False,False,-0.13108181215705036,-0.08610010493149003,False,False,False,False,-386571.0,-289560.4616657087,False,False,False,False,42660.38758025151,False,False,False,False
2025-02-21 18:00:00+00:00,5.035,5.035,4.955,4.955,151180.0,,,,,,,,,5.2070518376846815,5.214588404309902,5.2502230906404845,5.202688860134811,5.217663760688579,5.252616729489744,5.26758100226677,5.289683239001433,,,,,,,5.228904354434303,5.228531998262735,5.248153573763986,5.215543837757197,5.199564955015319,5.2332133432148416,5.277470818799898,,,5.235565320364313,"rgba(255, 26, 202, 1.0)",0.09884157858744543,5.235565320364313,-2.8385354055843623,26.93554627549635,-15.34316953111427,False,True,False,True,False,0.0,0.0,0.0,0.0,0.0,0,0.8731182795698927,1.055197132616487,False,False,False,False,-0.22268495107337888,-0.15439252800243447,False,False,False,False,-537751.0,-293408.3769887209,False,False,False,False,44342.8621914104,False,False,False,False
2025-02-21 19:00:00+00:00,4.955,4.975,4.935,4.945,50900.0,,,,,,,,,5.195175335130768,5.203165562028323,5.243058552856453,5.1996502552577555,5.215299705378901,5.250321590611814,5.265310514136742,5.287530506147229,,,,,,,5.220995969234143,5.2207228836436945,5.242615618231767,5.211877619561175,5.196902267064994,5.23085409288895,5.2752575252980165,,,5.230582533164715,"rgba(255, 26, 202, 1.0)",0.10403057416144967,5.230582533164715,-2.745178861759492,23.567202931392757,-18.327020777908736,False,True,False,True,False,0.0,0.0,0.0,0.0,0.0,0,0.8704366499642092,1.056549749463135,False,False,False,False,-0.26980716105351626,-0.21209984452797537,False,False,False,False,-588651.0,-297985.7819966477,False,False,False,False,44444.52324270636,False,False,False,False
2025-02-21 20:00:00+00:00,4.945,5.015,4.935,5.005,127187.0,,,,,,,,,5.173294880399877,5.181800736650235,5.228459856991757,5.19334827609264,5.2102963670513,5.245360080623994,5.260365311710027,5.282791477315038,,,,,,,5.2052936950858975,5.20520323597691,5.231128002165322,5.204265396111041,5.191363605942385,5.225811819844084,5.270412672486214,,,5.220613027629782,"rgba(255, 26, 202, 1.0)",0.10703868122916979,5.220613027629782,-2.0143468244732468,25.52285068014084,-18.327020777908736,False,True,False,True,False,0.0,0.0,0.0,0.0,0.0,0,0.8779443254817989,1.0478229835831547,False,False,False,False,-0.24611210570251654,-0.22910597511524594,False,False,False,False,-461464.0,-300520.32801220356,False,False,False,False,45727.35233971866,False,False,False,False
2025-02-24 15:00:00+00:00,4.945,4.99,4.925,4.93,146660.0,,,,,,,,,5.14918381358843,5.15811192509869,5.211305496240239,5.185325074178113,5.203894159789869,5.239090469315703,5.254144220265916,5.276857358075224,,,,,,,5.186983668463377,5.187078035746303,5.2172980101879824,5.1947324323134545,5.184253068620435,5.2194012592918595,5.264330630355483,,,5.208799308102072,"rgba(255, 26, 202, 1.0)",0.11269595546593039,5.208799308102072,-2.4739069556613957,25.10305795962656,-18.327020777908736,False,True,False,True,False,0.0,0.0,0.0,0.0,0.0,0,0.8779276082327895,1.0432931156848828,False,False,False,False,-0.2668295638116311,-0.24796776946343851,False,False,False,False,-608124.0,-305289.37719030894,False,False,False,False,47292.199590265656,False,False,False,False
2025-02-24 16:00:00+00:00,4.925,4.98,4.925,4.965,61762.0,,,,,,,,,5.14086972507899,5.149857019227026,5.204903776119897,5.182214761971988,5.201375617522047,5.236602112696985,5.251667367458078,5.274482706068526,,,,,,,5.180273737622454,5.180428887350109,5.212038641510832,5.191055798412599,5.18148306899536,5.216869696468575,5.2619032778429125,,,5.20440174628976,"rgba(255, 26, 202, 1.0)",0.11692270489053676,5.20440174628976,-2.047521450293919,26.95489806797923,-18.327020777908736,False,True,False,True,True,0.0,0.0,0.0,0.0,0.0,0,0.8807665010645851,1.0440028388928315,False,False,False,False,-0.272789437108299,-0.26037860328586876,False,False,False,False,-546362.0,-309026.93723387003,False,False,False,False,47516.53758111425,False,False,False,False
2025-02-24 17:00:00+00:00,4.965,4.985,4.96,4.975,67817.0,,,,,,,,,5.133284810319533,5.142256194334691,5.198682977348791,5.179140823225904,5.1988529844057645,5.2340795235675825,5.249145762478045,5.272050120501423,,,,,,,5.173858995132824,5.17406822684301,5.206864141664046,5.187425260679393,5.178737952188941,5.214320039462583,5.259424837867759,,,5.200146176668019,"rgba(255, 0, 0, 1.0)",0.12060724732829606,5.200146176668019,-1.8667715386552655,28.80021480791401,-18.327020777908736,False,True,False,True,True,0.0,0.0,0.0,0.0,0.0,0,0.8931133428981353,1.0387374461979912,False,False,False,False,-0.24905870557645504,-0.25471865443116193,False,False,False,False,-478545.0,-311655.1242534999,False,False,False,False,47831.27343256984,False,False,False,False
2025-02-24 18:00:00+00:00,4.97,4.995,4.96,4.975,71912.0,,,,,,,,,5.126110465618718,5.135025773472349,5.192533864347981,5.176029801618352,5.196276935245776,5.231490417412628,5.246553049123305,5.269541522660594,,,,,,,5.167583598597511,5.1678419840233545,5.201691649606214,5.183763383951687,5.175951054438164,5.211710703646583,5.256872912819762,,,5.195931807772198,"rgba(255, 0, 0, 1.0)",0.12383394868471062,5.195931807772198,-1.7840972537725142,30.03042596787053,-18.327020777908736,False,True,False,True,True,0.0,0.0,0.0,0.0,0.0,0,0.8931899641577065,1.03584229390681,False,False,False,False,-0.24316968935772323,-0.24894417189444257,False,False,False,False,-478545.0,-314242.5641875541,False,False,False,False,48204.61803051449,False,False,False,False
2025-02-24 19:00:00+00:00,4.975,4.99,4.965,4.975,45610.0,,,,,,,,,5.121891181168423,5.1307583225358435,5.188807287067524,5.174105712526797,5.194673814358058,5.229875105104645,5.244934045258213,5.26797241537146,,,,,,,5.163806348424165,5.164092566688869,5.198529786253456,5.181506076844235,5.17422296578987,5.210085229416439,5.255278097546791,,,5.193369263623652,"rgba(255, 0, 0, 1.0)",0.12693766647914992,5.193369263623652,-1.7202873637158034,30.850566741174877,-18.327020777908736,False,True,False,True,True,0.0,0.0,0.0,0.0,0.0,0,0.8936781609195406,1.038074712643678,False,False,False,False,-0.24316968935772323,-0.24605693062608291,False,False,False,False,-478545.0,-316789.8887737936,False,False,False,False,48164.391394382474,False,False,False,False
2025-02-24 20:00:00+00:00,4.975,4.985,4.95,4.95,153408.0,,,,,,,,,5.107995531821755,5.116705786041479,5.176342236671196,5.1674264464363695,5.189089929536152,5.224276049591909,5.239331621962734,5.26255044350825,,,,,,,5.15119413257196,5.151565694663901,5.187840642265905,5.173731547230585,5.168199185568818,5.204438244500201,5.249762937168113,,,5.1846966953026214,"rgba(255, 0, 0, 1.0)",0.13052140758449776,5.1846966953026214,-1.7981471365199755,30.46623250526605,-18.327020777908736,False,True,False,True,True,0.0,0.0,0.0,0.0,0.0,0,0.8911319394376356,1.0418168709444844,False,False,False,False,-0.25496469720565856,-0.2505108139158707,False,False,False,False,-631953.0,-321676.1385602464,False,False,False,False,49796.07524873313,False,False,False,False
2025-02-25 15:00:00+00:00,4.88,4.88,4.765,4.785,102589.0,,,,,,,,,5.091660193138933,5.1005578173861865,5.163373836274421,5.160066116736537,5.183110530961999,5.218572253461754,5.23372735714934,5.257256111361229,,,,,,,5.1375281386616605,5.1379921642985895,5.176771997700737,5.16532822406006,5.161536966223297,5.198531990038945,5.24430742871617,,,5.175354741744656,"rgba(255, 26, 202, 1.0)",0.1392680997343053,5.175354741744656,-2.802901328368609,26.35303604273889,-18.327020777908736,False,True,False,True,False,0.0,0.0,0.0,0.0,0.0,0,0.8722653493295699,1.0472829922371205,False,False,False,False,-0.34282825441539394,-0.29666953416563235,False,False,False,False,-734542.0,-328077.15966783947,False,False,False,False,50614.57020611711,False,False,False,False
2025-02-25 16:00:00+00:00,4.785,4.815,4.775,4.795,72313.0,,,,,,,,,5.080623770544796,5.089623810247227,5.15440574507976,5.154842887446996,5.178842924363141,5.214501050040406,5.229727372357457,5.253475380249871,,,,,,,5.128123112307776,5.12864627910479,5.169048234285612,5.159394094709696,5.156793770986984,5.1943172884329165,5.24041254375848,,,5.16885188426106,"rgba(255, 26, 202, 1.0)",0.14680378520784879,5.16885188426106,-2.5466092971087253,24.31714198186772,-19.841322722026536,False,True,False,True,False,0.0,0.0,0.0,0.0,0.0,0,0.8779110797459426,1.0529287226534931,False,False,False,False,-0.34282825441539394,-0.3197488942905131,False,False,False,False,-662229.0,-333257.80835515977,False,False,False,False,50950.979970363354,False,False,False,False
2025-02-25 17:00:00+00:00,4.795,4.825,4.775,4.81,21482.0,,,,,,,,,5.077592749672691,5.086612476527862,5.1518849550078025,5.153355168018221,5.177620302966462,5.213330380385142,5.228575621872093,5.2523843240500545,,,,,,,5.125495287871877,5.12603414998508,5.166863374702128,5.15770719133911,5.1554401844419795,5.193107914203926,5.239289872602283,,,5.167019596909781,"rgba(255, 26, 202, 1.0)",0.1535100431025092,5.167019596909781,-2.3257084011850275,24.072237891070394,-20.38274610027055,False,True,False,True,False,0.0,0.0,0.0,0.0,0.0,0,0.8910256410256416,1.0477207977207976,False,False,False,False,-0.3375090860856574,-0.3286289901880852,False,False,False,False,-640747.0,-338025.0826442271,False,False,False,False,50494.09655997012,False,False,False,False
2025-02-25 18:00:00+00:00,4.815,4.835,4.795,4.815,78055.0,,,,,,,,,5.067561674198535,5.076613885784085,5.14331926487658,5.14823062870426,5.173380541772613,5.209251743974454,5.224555987285918,5.248565947789626,,,,,,,5.116627983031082,5.117216803285139,5.159387630457243,5.151907527520029,5.150768100176807,5.188905588148157,5.23536661658045,,,5.160777328238999,"rgba(255, 26, 202, 1.0)",0.16027645036168447,5.160777328238999,-2.1573807471946598,24.302474953812958,-20.54105831556597,False,True,False,True,False,0.0,0.0,0.0,0.0,0.0,0,0.8980028530670476,1.0363766048502139,False,False,False,False,-0.3216600740076303,-0.32514453209785776,False,False,False,False,-562692.0,-341508.2906652468,False,False,False,False,50921.39738849772,False,False,False,False
2025-02-25 19:00:00+00:00,4.815,4.815,4.785,4.79,41334.0,,,,,,,,,5.062190430345209,5.071261007519993,5.138713800723664,5.145433426839389,5.171062469577745,5.207026675918108,5.222364997779244,5.246486439020848,,,,,,,5.111861236499611,5.112475897017163,5.155352098263654,5.148752271682808,5.148213285033685,5.186610587358208,5.233228965008084,,,5.157402239239159,"rgba(255, 26, 202, 1.0)",0.16723458196619032,5.157402239239159,-2.196927423261277,23.796040194213553,-21.45177980637459,False,True,False,True,False,0.0,0.0,0.0,0.0,0.0,0,0.8991416309012881,1.036480686695279,False,False,False,False,-0.3375090860856574,-0.3313268090917576,False,False,False,False,-604026.0,-345578.33267043676,False,False,False,False,50772.75556852101,False,False,False,False
2025-02-25 20:00:00+00:00,4.785,4.805,4.76,4.76,117449.0,,,,,,,,,5.046873136154972,5.055994125887994,5.125482951146087,5.137243833292111,5.164256452262969,5.200506225605598,5.215949365548147,5.240401049917222,,,,,,,5.098180435235392,5.098865464388291,5.143696383122026,5.139551744059033,5.140715769531614,5.179879277374577,5.22697116114881,,,5.147637824978323,"rgba(255, 26, 202, 1.0)",0.17493839327443975,5.147637824978323,-2.2158533511291862,22.71859371705206,-22.8703123437703,False,True,False,True,False,0.0,0.0,0.0,0.0,0.0,0,0.8947745168217613,1.0386542591267,False,False,False,False,-0.34282825441539394,-0.3370775317535758,False,False,False,False,-721475.0,-351406.18797787186,False,False,False,False,51806.49579226487,False,False,False,False
2025-02-26 15:00:00+00:00,4.755,4.835,4.755,4.825,70135.0,,,,,,,,,5.039407462517098,5.048501016052524,5.1186692147742345,5.132914723759632,5.160607353901216,5.196973505604216,5.212459988456692,5.237070931525969,,,,,,4.805,5.091238602010124,5.091954670423016,5.137609799033625,5.134705111992979,5.136736177145369,5.176253764946713,5.223557814925528,,,5.121478758566808,"rgba(255, 0, 0, 1.0)",0.18018064008950635,5.121478758566808,-1.6454529100325628,27.08128632866657,-22.8703123437703,False,True,False,True,True,0.0,0.0,0.0,0.0,0.0,0,0.8895224518888102,1.0392017106200997,False,False,False,False,-0.3297979610851733,-0.3334377464193745,False,False,False,False,-651340.0,-356056.32459836995,False,False,False,False,52090.65864819875,False,False,False,False
2025-02-26 16:00:00+00:00,4.825,4.845,4.815,4.825,13587.0,,,,,,,,,5.038152831605947,5.047235008199757,5.117478288740456,5.132147823468368,5.1599548059795834,5.196336715248912,5.211829163289919,5.2364662028704325,,,,,,4.8087866988366255,5.0900381640951915,5.090759101420879,5.136536824546829,5.1338476850161125,5.136029570351676,5.175603135436062,5.222939442451048,,,5.1208838413473625,"rgba(255, 0, 0, 1.0)",0.18511788306544522,5.1208838413473625,-1.598353635249587,29.989748069742916,-24.602196966046364,False,True,False,True,True,0.0,0.0,0.0,0.0,0.0,0,0.8958630527817409,1.0385164051355207,False,False,False,False,-0.29386585617279587,-0.31365180129608516,False,False,False,False,-651340.0,-360634.366077465,False,False,False,False,51493.70270016466,False,False,False,False
2025-02-26 17:00:00+00:00,4.825,4.835,4.795,4.82,21462.0,,,,,,,,,5.036092602344315,5.045159606213383,5.115541775637702,5.1308980488262295,5.158893168414339,5.195303565282249,5.2108067375555205,5.235487410087766,,,,,,4.810394546699118,5.088080585779932,5.088809536671531,5.134793455309826,5.132451681481507,5.1348779175181924,5.174545984399044,5.221937832496746,,,5.119629653419837,"rgba(255, 0, 0, 1.0)",0.1899279616871405,5.119629653419837,-1.577596319984747,31.709837274257247,-22.9596041103549,False,True,False,True,True,0.0,0.0,0.0,0.0,0.0,0,0.9097472924187731,1.03971119133574,False,False,False,False,-0.3091701716849918,-0.31141098649053844,False,False,False,False,-672802.0,-365474.17435533373,False,False,False,False,51028.09490636365,False,False,False,False
2025-02-26 18:00:00+00:00,4.825,4.845,4.81,4.83,91253.0,,,,,,,,,5.028188347095885,5.037167148706639,5.1078898213866895,5.125886183879525,5.154603031227487,5.191106276246528,5.206644923630579,5.231490720798305,,,,,,4.8187278448900495,5.080405765299151,5.08116332757517,5.127852531479007,5.126865091123919,5.130248787105323,5.17026410334324,5.217854740160588,,,5.1147724152467555,"rgba(239, 83, 80, 1.0)",0.19366410040011323,5.1147724152467555,-1.4704450368365172,33.7131765943774,-21.01941873010891,False,True,False,True,True,0.0,0.0,0.0,0.0,0.0,0,0.9148014440433219,1.0259927797833934,False,False,False,False,-0.29640712324561613,-0.3039090548680773,False,False,False,False,-581549.0,-368824.1716521503,False,False,False,False,51651.736845799875,False,False,False,False
2025-02-26 19:00:00+00:00,4.825,4.84,4.795,4.795,12706.0,,,,,,,,,5.027038608148603,5.036007163804735,5.106788828753462,5.125159286859181,5.153981421526376,5.190500301193648,5.206044873528916,5.230915415821775,,,,,,4.818197604828594,5.079297836560166,5.080059504968386,5.126853306569464,5.126056682604245,5.129576828143882,5.169644766223531,5.217266479895837,,,5.113961806839424,"rgba(255, 0, 0, 1.0)",0.19776549038998345,5.113961806839424,-1.6128284374106323,33.351683950644826,-21.01941873010891,False,True,False,True,True,0.0,0.0,0.0,0.0,0.0,0,0.9125722543352607,1.0289017341040463,False,False,False,False,-0.3066098611844334,-0.3052594580262553,False,False,False,False,-594255.0,-372319.2232544425,False,False,False,False,51047.92697222158,False,False,False,False
2025-02-26 20:00:00+00:00,4.795,4.835,4.78,4.82,141067.0,,,,,,,,,5.015134935880986,5.0239711532159435,5.095156084488287,5.117349662975135,5.14726049367114,5.183928658825264,5.199530369869198,5.224656969286513,,,,,,4.815566897956464,5.067653106619368,5.06845414152288,5.11622356756209,5.117396813445571,5.1223395512960295,5.162940238740383,5.210873859194435,,,5.105527281534355,"rgba(239, 83, 80, 1.0)",0.20054886398792787,5.105527281534355,-1.4237292391321772,35.30806522110077,-19.250486774112918,False,True,False,True,True,0.0,0.0,0.0,0.0,0.0,0,0.9128869690424771,1.0244780417566595,False,False,False,False,-0.31687488499416844,-0.3110671715102119,False,False,False,False,-453188.0,-373573.00273886975,False,False,False,False,52443.57151528791,False,False,False,False
2025-02-27 15:00:00+00:00,5.155,5.335,5.135,5.265,112761.0,,,,,,,,,5.024860682313023,5.033060251226178,5.099733080887979,5.119841933213045,5.148770727880283,5.184763907262397,5.200122921892369,5.224896848384533,,,,,,4.920159423232413,5.0736138700872475,5.074352369741638,5.11960399781637,5.120145840959619,5.124531734876774,5.164150619199229,5.211298444176841,,,5.115244165821871,"rgba(38, 166, 154, 0.5)",0.19990477462762232,5.115244165821871,0.7491358545942215,50.02615639205054,-5.782625967050606,True,False,True,False,True,5.6476442092843975,0.0,0.0,0.0,0.0,0,0.9216216216216222,1.0,False,False,False,False,0.09238199692820763,-0.10934258729100213,False,False,False,False,-340427.0,-373059.1112235384,False,False,False,False,53378.725445283446,False,False,False,False
2025-02-27 16:00:00+00:00,5.265,5.355,5.25,5.25,56405.0,,,,,,,,,5.03025229804747,5.038138155199869,5.102521207813495,5.121439322440744,5.149815591128229,5.1854449902279365,5.200672630203784,5.225249283000769,,,,,,4.959781648234292,5.07710907403298,5.077814803277063,5.121747647058825,5.121903444988253,5.1259535886368335,5.165035739335839,5.211754290364028,,,5.119664607124401,"rgba(38, 166, 154, 0.5)",0.19915716551652904,5.119664607124401,0.6544348657381452,59.189472281436,1.8965621948723808,True,False,True,False,True,5.0125672762824145,0.0,0.0,0.0,0.0,0,0.932350971198929,0.9999999999999999,False,False,False,False,0.15634994263309493,0.0235036776710464,False,False,False,False,-396832.0,-373427.6831425533,False,False,False,False,53425.644430627886,False,False,False,False
2025-02-27 17:00:00+00:00,5.255,5.34,5.255,5.29,64235.0,,,,,,,,,5.036357045643388,5.043901648313774,5.105764392235166,5.123330180961201,5.151072738536406,5.18628621995395,5.201363255235,5.2257119767251945,,,,,,4.996677372999023,5.081136129228158,5.08180555650908,5.124267636346347,5.123979899460891,5.127642339155715,5.166110788886512,5.2123365401988435,,,5.124233982524291,"rgba(38, 166, 154, 0.5)",0.19831093067510627,5.124233982524291,0.8358894636387172,65.81134371396334,7.19812114203355,True,False,True,False,True,6.480782438050543,0.0,0.0,0.0,0.0,0,0.937958639092729,0.9986657771847899,False,False,False,False,0.1515741832248967,0.08753893044797156,False,False,False,False,-332597.0,-372794.64929538197,False,False,False,False,53593.23133868016,False,False,False,False
2025-02-27 18:00:00+00:00,5.295,5.31,5.255,5.305,36867.0,,,,,,,,,5.039669992702891,5.047030635392343,5.107529002000712,5.124365856300526,5.1517597544402856,5.186741286749679,5.201734160770977,5.225955808752241,,,,,,5.014105751264885,5.083328405574702,5.083978276399548,5.125639725970797,5.125115121692102,5.128567922320151,5.16669618136572,5.212647060790543,,,5.126554058905506,"rgba(38, 166, 154, 0.5)",0.19573591788312936,5.126554058905506,0.9116668163123793,70.42187226472879,10.8471257499653,True,False,True,False,True,7.026433358276684,0.0,0.0,0.0,0.0,0,0.936170212765958,1.0013297872340425,False,False,False,False,0.13728709353230278,0.11241301199013717,False,False,False,False,-295730.0,-371599.8485311125,False,False,False,False,53333.9099225766,False,False,False,False
2025-02-27 19:00:00+00:00,5.305,5.305,5.245,5.25,84640.0,,,,,,,,,5.046278713437137,5.053259960305214,5.110953047766805,5.126367376606873,5.153049667636007,5.187538378493997,5.202352030883046,5.226307242523952,,,,,,5.044422316548435,5.087642420906362,5.088252928303188,5.128270223751521,5.1273029229854075,5.130352037884311,5.167769027477016,5.213138414893089,,,5.130828544400147,"rgba(38, 166, 154, 0.5)",0.19229533404504942,5.130828544400147,0.6197313948966339,70.74096918776559,10.901927517875379,True,False,True,False,True,4.653143562742233,0.0,0.0,0.0,0.0,0,0.9336870026525205,1.0053050397877985,False,False,False,False,0.13016473686626406,0.12128887442820062,False,False,False,False,-380370.0,-371735.8198717153,False,False,False,False,53819.27566021107,False,False,False,False
2025-02-27 20:00:00+00:00,5.255,5.275,5.215,5.24,136648.0,,,,,,,,,5.055125065692205,5.061582235339441,5.11539718515465,5.1289644728634975,5.1546567964232874,5.188422494603764,5.2029720816869265,5.226541268978924,,,,,,5.076712516700999,5.093340477715198,5.0938980158458484,5.1316339019636805,5.1301277301680965,5.132660391460171,5.169055942572849,5.2135754068729625,,,5.135916624002656,"rgba(38, 166, 154, 0.5)",0.18935376111091254,5.135916624002656,0.5496768344431165,70.45921907346172,10.901927517875379,True,False,True,False,True,4.227852688382715,0.0,0.0,0.0,0.0,0,0.9281437125748508,1.0166333998669328,False,False,False,False,0.10179889856748017,0.11154388649784039,False,False,False,False,-517018.0,-373988.25677292905,False,False,False,False,55103.441929045,False,False,False,False
2025-02-28 15:00:00+00:00,5.285,5.36,5.27,5.335,108030.0,,,,,,,,,5.064260671694962,5.070283803904408,5.120730095066375,5.132288763368281,5.156974487605974,5.190071025063343,5.204375055504987,5.227563840682524,,,,,,5.104573654061855,5.0997610379655915,5.100269304668311,5.135926548692923,5.13374462433208,5.135664767272747,5.17108339661491,5.214798136786337,,,5.141398075830351,"rgba(38, 166, 154, 1.0)",0.18778610603988605,5.141398075830351,1.0309704389340075,72.0951603515188,12.8000666303531,True,False,True,False,True,7.710640895782344,0.0,0.0,0.0,0.0,0,0.9272486772486779,1.0046296296296295,False,False,False,False,0.16832085294322877,0.13993236972053458,False,False,False,False,-408988.0,-374530.88845086814,False,False,False,False,55924.00872084275,False,False,False,False
2025-02-28 16:00:00+00:00,5.335,5.365,5.315,5.345,51300.0,,,,,,,,,5.068703397990612,5.074527975874189,5.123409697596713,5.1339900321645615,5.158183643524858,5.190956475716091,5.205141366030422,5.228143343258887,,,,,,5.1167232096955075,5.1029487219005505,5.103433825528006,5.138110057057506,5.135592510641928,5.137208088603006,5.172152806436637,5.215475997075264,,,5.144043821818421,"rgba(38, 166, 154, 1.0)",0.1869974225384878,5.144043821818421,1.0746467809748432,73.35878561639981,14.531667640882475,True,False,True,False,True,8.064452304578769,0.0,0.0,0.0,0.0,0,0.9271523178807954,1.0079470198675498,False,False,False,False,0.19241041214148452,0.16617139093100955,False,False,False,False,-357688.0,-374269.75839736627,False,False,False,False,55852.31866315527,False,False,False,False
2025-02-28 17:00:00+00:00,5.345,5.355,5.285,5.29,51954.0,,,,,,,,,5.07255462445009,5.078199334894463,5.125673776298823,5.135426585718159,5.159183606630257,5.191656516945881,5.205730777454752,5.228562220264362,,,,,,5.1262588465251735,5.105675509619338,5.106140327759651,5.13993792565775,5.137148297156799,5.138509238963784,5.173022484752594,5.215984725877716,,,5.1462290499356,"rgba(38, 166, 154, 0.5)",0.18562123597057795,5.1462290499356,0.7745393425092212,71.2838940229318,14.531667640882475,True,False,True,False,True,5.683520829885179,0.0,0.0,0.0,0.0,0,0.916500994035786,1.0178926441351888,False,False,False,False,0.17312244299826118,0.16964691696463535,False,False,False,False,-409642.0,-374818.1652439187,False,False,False,False,55791.8796141141,False,False,False,False
2025-02-28 18:00:00+00:00,5.295,5.415,5.245,5.365,127040.0,,,,,,,,,5.082662863116444,5.0878751194023275,5.131897712870388,5.139462082902585,5.162076087257595,5.1937829885229325,5.207573845530079,5.2299599820879425,,,,,,5.149448102828315,5.113038013991556,5.113451959456371,5.145050449383974,5.141514133565982,5.142182352268375,5.175584636529876,5.217617253101305,,,5.152073598926004,"rgba(38, 166, 154, 1.0)",0.18577429878778123,5.152073598926004,1.1461563976469777,71.54753447533062,14.531667640882475,True,False,True,False,True,8.342136606158647,0.0,0.0,0.0,0.0,0,0.9135559921414544,1.0091683038637853,False,False,False,False,0.18274961693221606,0.17619826694842572,False,False,False,False,-282602.0,-373388.4572556409,False,False,False,False,56896.5016356007,False,False,False,False
2025-02-28 19:00:00+00:00,5.365,5.415,5.36,5.38,148582.0,,,,,,,,,5.095385815419646,5.1001116910234465,5.140149580803066,5.144955486123137,5.166133534148845,5.196901518634005,5.210343450532098,5.232168957022672,,,,,,5.175789270539807,5.122612143176493,5.122965856022296,5.151958052460726,5.147445091715956,5.1472106358225025,5.179240740960511,5.220122068922244,,,5.159593368332965,"rgba(38, 166, 154, 1.0)",0.18658230075480545,5.159593368332965,1.1812837057716374,72.02784166732141,14.883122840501585,True,False,True,False,True,8.859848553360195,0.0,0.0,0.0,0.0,0,0.9311023622047251,1.005249343832021,False,False,False,False,0.23882070332381836,0.20750948513612205,False,False,False,False,-134020.0,-369677.3183834604,False,False,False,False,58317.982230397596,False,False,False,False
2025-02-28 20:00:00+00:00,5.375,5.47,5.375,5.47,190952.0,,,,,,,,5.438333333333333,5.112981557834964,5.1171129782909945,5.152141042950948,5.153155171473339,5.172355108303891,5.201857930644035,5.214827263903892,5.235876091207631,,,,,,5.208779874714622,5.136277961852201,5.136553973610972,5.16217505522913,5.156274839466551,5.154757503509468,5.184926473559897,5.224239508730579,,,5.186036804036262,"rgba(38, 166, 154, 1.0)",0.18958363577839898,5.186036804036262,1.4978254573388248,73.97678574049075,17.334813045599276,True,False,True,False,True,11.862133280823713,0.0,0.0,0.0,0.0,0,0.925130208333334,1.001953125,False,False,False,False,0.2736648919550402,0.24058718854558112,False,False,False,False,56932.0,-363063.2204240269,False,False,False,False,60374.32359116663,False,False,False,False
2025-03-03 15:00:00+00:00,5.405,5.415,5.34,5.375,67742.0,,,,,,,,5.422185207233255,5.117695296374573,5.121660398323832,5.155299214627959,5.1553495856814555,5.173998465223649,5.203121847073629,5.215948586288893,5.236768513613864,,,,,,5.215944565819519,5.139913440774155,5.140168930999681,5.164855888725502,5.158622848223696,5.156779702805922,5.186407662487462,5.225253067137645,,,5.18764548361263,"rgba(38, 166, 154, 0.5)",0.19118494889683746,5.18764548361263,0.9799647800123946,70.68597052168904,17.334813045599276,True,False,True,False,False,7.8131941483763825,0.0,0.0,0.0,0.0,0,0.9111397295556992,1.0064391500321959,False,False,False,False,0.2289722947993292,0.23477974167245516,False,False,False,False,-10810.0,-357601.93018489465,False,False,False,False,60488.55113238885,False,False,False,False
2025-03-03 16:00:00+00:00,5.375,5.395,5.36,5.375,47354.0,,,,,,,,5.415142243482503,5.120891518004097,5.124745722459568,5.157454639335017,5.156858143383851,5.175131617310322,5.203994569319015,5.2167232465159605,5.237385658930073,,,,,,5.220600307697954,5.142390149802233,5.142631945747219,5.1666904335389665,5.1602346970002335,5.158171542202133,5.187429548085352,5.225953612005351,,,5.188966446754108,"rgba(38, 166, 154, 0.5)",0.19280181674595856,5.188966446754108,0.9648952296492893,68.49209370915457,17.334813045599276,True,False,True,False,False,7.813194148376393,0.0,0.0,0.0,0.0,0,0.9254901960784321,1.0098039215686276,False,False,False,False,0.2289722947993292,0.23187601823589218,False,False,False,False,-10810.0,-352225.3111122606,False,False,False,False,60284.9146807239,False,False,False,False
2025-03-03 17:00:00+00:00,5.375,5.395,5.33,5.33,187442.0,,,,,,,,5.391032354590096,5.131640555881495,5.135116668271841,5.164662088197646,5.161976173056151,5.17895402456854,5.206876696298063,5.219249637724043,5.239346948421584,,,,,,5.234082830359394,5.150711402468777,5.150908022669753,5.172821932607175,5.165676961689647,5.16290112253451,5.190848572560235,5.228214505010959,,,5.19323649981823,"rgba(38, 166, 154, 0.5)",0.1938210607844391,5.19323649981823,0.7056173339896921,64.98141579680257,21.13866998479473,True,False,True,False,False,5.952069462693064,0.0,0.0,0.0,0.0,0,0.9442601194426019,0.9986728599867287,False,False,False,False,0.21428050184026184,0.22307826003807701,False,False,False,False,-198252.0,-349838.1279942411,False,False,False,False,62256.34236009252,False,False,False,False
2025-03-03 18:00:00+00:00,5.335,5.335,5.09,5.11,119164.0,,,,,,,,5.349661423903214,5.132983429336794,5.136336878270609,5.164977199778438,5.162244885120507,5.178945596610039,5.2065268780079785,5.218768372019659,5.238688442262331,,,,,,5.230660770868297,5.151392420606946,5.15158137116595,5.172935678059791,5.165901646349437,5.163137258514985,5.190685102499951,5.227650637434541,,,5.190769293577027,#000000,0.19385898562178627,5.190769293577027,-0.416639410951038,55.97185237306775,12.767734704683207,True,False,True,False,False,0.0,0.0,0.0,0.0,0.0,0,0.9072632944228282,1.0077821011673154,False,False,False,False,0.07125101451780119,0.1471646372779391,False,False,False,False,-317416.0,-349335.45934316755,False,False,False,False,63138.63162582752,False,False,False,False
2025-03-03 19:00:00+00:00,5.115,5.115,4.985,4.985,104729.0,,,,,,,,5.302751517204431,5.1304035099778185,5.13372172004984,5.162264144290071,5.160339012998017,5.177169457361565,5.204627994092325,5.216819914975775,5.2367118913936626,,,,,,5.220304475360307,5.148782482164138,5.1489781040937554,5.170359579082307,5.163788250442706,5.161348478248403,5.188842545573367,5.225689924582747,,,5.18546488246419,"rgba(239, 83, 80, 1.0)",0.19467054636391015,5.18546488246419,-1.02976483196101,47.678659380935436,5.440747730418408,False,False,False,True,False,0.0,0.0,0.0,0.0,0.0,0,0.8946015424164532,1.0347043701799488,False,False,False,False,-0.08063370049480126,0.03326546839156892,False,False,False,False,-422145.0,-350464.2894308704,False,False,False,False,63783.44353860538,False,False,False,False
2025-03-03 20:00:00+00:00,4.98,4.98,4.82,4.89,404547.0,,,,,,,,5.156324905891336,5.110080369052856,5.113445847265519,5.143344996834971,5.146598608842539,5.164948372393239,5.192452520131558,5.204647690205154,5.224801942945477,,,,,,5.166878131713487,5.129691803216907,5.1299447763091175,5.15273779583927,5.148824614292186,5.148443076695873,5.176571642219271,5.213645093202208,,,5.160198952179468,"rgba(239, 83, 80, 1.0)",0.19692112108133464,5.160198952179468,-1.3721176819213192,40.76249040649053,-0.4759160291261111,False,False,False,True,False,0.0,0.0,0.0,0.0,0.0,0,0.878903760356916,1.0522625876354368,False,False,False,False,-0.22406462418406553,-0.09539957789624831,False,False,False,False,-826692.0,-357847.6647885313,False,False,False,False,69066.59945273552,False,False,False,False
2025-03-04 15:00:00+00:00,4.715,4.835,4.685,4.745,25362.0,,,,,,,,5.147453230447581,5.108155310653727,5.111534032355739,5.141618464482364,5.145323421338098,5.163831684938172,5.191370936703411,5.20357847532399,5.223772624025089,,,,,4.755,5.162659147440486,5.1279214774390685,5.128179915074236,5.151138796827435,5.147446380165268,5.1472440790411,5.175464569635658,5.212594898523028,4.755,,5.135793746911913,"rgba(255, 0, 0, 1.0)",0.20220188822957466,5.135793746911913,-1.9326908879714135,34.473982077608525,-5.846353930159005,False,True,False,True,False,0.0,1.0,4.835,4.685,0.0,0,0.8614232209737833,1.0511860174781527,True,False,False,False,-0.34282825441539394,-0.21911391615582113,False,False,False,False,-852054.0,-365509.7785127401,False,False,False,False,68389.00876354583,True,False,False,False
2025-03-04 16:00:00+00:00,4.745,4.815,4.72,4.805,36899.0,,,,,,,,5.136003509287494,5.105587188647321,5.10898118731935,5.139294451151923,5.143600803892551,5.162316531392665,5.189896472001183,5.202118122737862,5.222362541307042,,,,,4.769816257368176,5.157040162290318,5.125546189806589,5.12581173847176,5.148980625127748,5.145584980691886,5.145623011738268,5.173959393705213,5.211158545613026,4.769816257368176,,5.134093428475022,"rgba(255, 0, 0, 1.0)",0.20544081368591247,5.134093428475022,-1.601889237929886,32.3654405084075,-7.5436628283057985,False,True,False,True,False,0.0,0.0,0.0,0.0,0.0,0,0.8702669149596531,1.0509000620732465,False,False,False,False,-0.3352376742360362,-0.27717579519592866,False,False,False,False,-815155.0,-372481.0222567286,False,False,False,False,67900.79157341334,False,False,False,False
2025-03-04 17:00:00+00:00,4.805,4.925,4.8,4.86,94195.0,,,,,,,,5.115789615447394,5.100809618688006,5.104213527618842,5.134813223558647,5.140247477882544,5.159317122806616,5.186920448315757,5.199147915562755,5.219460323693284,,,,,4.825115186804384,5.146368091925842,5.121026067187426,5.121303672968184,5.144778004824875,5.141960280669076,5.142458952039196,5.17095431730359,5.208221135924832,4.825115186804384,,5.132383610178959,"rgba(239, 83, 80, 1.0)",0.20745753934391625,5.132383610178959,-1.3129607679738742,32.78592638186257,-7.5436628283057985,False,True,False,True,False,0.0,0.0,0.0,0.0,0.0,0,0.8949004975124385,1.033582089552239,False,False,False,False,-0.2419415453975293,-0.25955867029672897,False,False,False,False,-720960.0,-377883.7971054615,False,False,False,False,68308.45371956196,False,False,False,False
2025-03-04 18:00:00+00:00,4.86,4.91,4.83,4.9,71073.0,,,,,,,,5.103371101555018,5.0975938695127585,5.100998959309168,5.131747199773456,5.137932689485872,5.15723026883282,5.184834997311816,5.197060778999643,5.217411870931785,,,,,4.842259499521672,5.13929913995992,5.1179506207703955,5.118235840772971,5.141887623120001,5.13946092864984,5.140270710858468,5.168857051772248,5.206152779804768,4.842259499521672,,5.130141996163478,"rgba(239, 83, 80, 1.0)",0.2087583844138123,5.130141996163478,-1.1024323492908317,34.36542356706474,-7.5436628283057985,False,True,False,True,False,0.0,0.0,0.0,0.0,0.0,0,0.8937888198757771,1.0316770186335404,False,False,False,False,-0.23476810873672818,-0.24716338951672856,False,False,False,False,-649887.0,-382100.901026307,False,False,False,False,68351.31490220441,False,False,False,False
2025-03-04 19:00:00+00:00,4.895,4.965,4.885,4.955,78179.0,,,,,,,,5.094150918043183,5.095030260702469,5.098421712164301,5.129177175642798,5.135966461753614,5.155418809383252,5.182981555269821,5.195189091233215,5.2155496460675215,,,,,4.865976116642897,5.133504471557989,5.115418348973286,5.115708684168168,5.139432860712621,5.137337421846402,5.13840527010246,5.167017404162414,5.204286149759679,4.865976116642897,,5.128831797677004,"rgba(239, 83, 80, 0.5)",0.20939477350491148,5.128831797677004,-0.8301630206301542,37.15255139732942,-7.5436628283057985,False,True,False,True,True,0.0,0.0,0.0,0.0,0.0,0,0.9092039800995032,1.0186567164179108,False,False,False,False,-0.1828322794826327,-0.21499783449968063,False,False,False,False,-571708.0,-385040.54597163555,False,False,False,False,68503.68211302295,False,False,False,False
2025-03-04 20:00:00+00:00,4.955,5.005,4.9,4.9,116016.0,,,,,,,,5.082189654115062,5.091371508546677,5.094741306331636,5.125484709366588,5.133117850470215,5.152784419868452,5.180281219258895,5.192460305529117,5.212830969126445,,,,,4.884964542370524,5.125486685703504,5.111787110222645,5.11208433809852,5.135895551296677,5.134266244884891,5.1356986536920015,5.164340135151152,5.2015629980818865,4.884964542370524,,5.126186011228605,"rgba(239, 83, 80, 1.0)",0.21077072210650927,5.126186011228605,-1.0731377155613948,37.7907088513556,-7.5436628283057985,False,True,False,True,True,0.0,0.0,0.0,0.0,0.0,0,0.9130166563849483,1.0061690314620608,False,False,False,False,-0.15724218108477414,-0.18612000779222737,False,False,False,False,-687724.0,-389733.31270075747,False,False,False,False,69240.30719654198,False,False,False,False
2025-03-05 15:00:00+00:00,4.86,4.915,4.815,4.825,55413.0,,,,,,,,5.074201264445663,5.088782194961245,5.092154447413157,5.12302010360397,5.131225175259343,5.1510752338356705,5.178580917295317,5.19076168825663,5.211167016448299,,,,,4.881097445108358,5.120304123762399,5.109310330735477,5.109613329116386,5.133565798414472,5.132232217713621,5.133904853532187,5.162626299245165,5.199881105073813,4.881097445108358,,5.123527974678954,"rgba(239, 83, 80, 1.0)",0.21323786574478157,5.123527974678954,-1.3999763767859752,36.703708783435616,-7.5436628283057985,False,True,False,True,True,0.0,0.0,0.0,0.0,0.0,0,0.9001837109614212,1.020208205756277,False,False,False,False,-0.23954771940362704,-0.21283386359792722,False,False,False,False,-743137.0,-395212.4396356294,False,False,False,False,69025.93034078165,False,False,False,False
2025-03-05 16:00:00+00:00,4.825,4.865,4.795,4.855,97361.0,,,,,,,,5.060664387171163,5.0841173749902975,5.087495492139356,5.118587982821407,5.127804968261368,5.147987053601855,5.175515586589111,5.187702110402856,5.208173213200036,,,,,4.873850149753929,5.111229065705818,5.104851580275733,5.105164821746204,5.129374301639046,5.1285619408856356,5.130661082346742,5.159532966707289,5.196853177119234,4.873850149753929,,5.118784847519838,"rgba(239, 83, 80, 1.0)",0.2150115228422819,5.118784847519838,-1.22684051548871,37.06296776339967,-7.5436628283057985,False,True,False,True,True,0.0,0.0,0.0,0.0,0.0,0,0.8963414634146349,1.027439024390244,False,False,False,False,-0.273321020925613,-0.2430774422617701,False,False,False,False,-645776.0,-399097.1459978677,False,False,False,False,69465.23374635092,False,False,False,False
2025-03-05 17:00:00+00:00,4.855,4.93,4.835,4.925,106314.0,,,,,,,,5.050992868086505,5.080380883276161,5.0837458341550255,5.114878376805358,5.124894789235424,5.14530608344951,5.172799115033274,5.184969080538993,5.205465583217011,,,,,4.877413123348785,5.103944501323259,5.101177052441404,5.101497099331572,5.12582175360521,5.125442218646719,5.127890155825861,5.156823216376814,5.194132839131372,4.877413123348785,,5.115420809657126,"rgba(239, 83, 80, 0.5)",0.21548430682183956,5.115420809657126,-0.8836875987194929,39.69457915925802,-7.5436628283057985,False,True,False,True,True,0.0,0.0,0.0,0.0,0.0,0,0.897451833436918,1.0348042262274708,False,False,False,False,-0.22286451755814257,-0.23297097990995635,False,False,False,False,-539462.0,-401273.34528472245,False,False,False,False,70036.53244795787,False,False,False,False
2025-03-05 18:00:00+00:00,4.925,4.945,4.88,4.945,103426.0,,,,,,,,5.044066240925949,5.07739339455771,5.080736975908382,5.111813356441579,5.1224558142097925,5.143026164464714,5.170457098387778,5.182600515512721,5.203099896591742,,,,,4.883469121193651,5.098169906394135,5.098174876176057,5.098499431080541,5.122858517095616,5.122831249948217,5.125560465429475,5.154504924581441,5.1917663371346645,4.883469121193651,,5.11286023811301,"rgba(239, 83, 80, 0.5)",0.21566108295820308,5.11286023811301,-0.7783520133094303,42.104877173570415,-7.5436628283057985,False,True,False,True,True,0.0,0.0,0.0,0.0,0.0,0,0.8990086741016116,1.0297397769516732,False,False,False,False,-0.19454092381297242,-0.2137559518614644,False,False,False,False,-436036.0,-401812.30117178103,False,False,False,False,70554.19861155542,False,False,False,False
2025-03-05 19:00:00+00:00,4.945,4.985,4.945,4.955,104840.0,,,,,,,,5.0397704990068,5.075204064060511,5.078515281257393,5.109416800274893,5.120507498630208,5.141157380833782,5.168488879217948,5.1805915125953215,5.2010650903905535,,,,,4.8926901689165625,5.093884765406667,5.095878277927968,5.096204831202849,5.120502321150914,5.120748040791534,5.123689959972441,5.1525834203058,5.189745915245962,4.8926901689165625,,5.111146928177117,"rgba(239, 83, 80, 0.5)",0.2156695628974164,5.111146928177117,-0.7240100368330075,44.0604793465825,-12.477243909324685,False,False,False,True,True,0.0,0.0,0.0,0.0,0.0,0,0.9045848822800504,1.0272614622057004,False,False,False,False,-0.14567944645259076,-0.17971769915702757,False,False,False,False,-331196.0,-400717.47479702474,False,False,False,False,71085.76142377936,False,False,False,False
2025-03-05 20:00:00+00:00,4.955,4.965,4.935,4.94,145351.0,,,,,,,,5.033494765172838,5.071918921523184,5.075190556026661,5.10589326615114,5.117635328932316,5.138418026689758,5.1656272080035945,5.177679154470887,5.1981268572013395,,,,,4.900274583046943,5.087744705857711,5.092477279693628,5.092807182198609,5.117049413598571,5.117683307752411,5.120932559376167,5.149777519605857,5.186822368900469,4.900274583046943,,5.108308500233449,"rgba(239, 83, 80, 0.5)",0.21574599262404773,5.108308500233449,-0.7801234135863565,44.849425367150765,-11.31477508225123,False,False,False,True,True,0.0,0.0,0.0,0.0,0.0,0,0.9019851116625316,1.031017369727047,False,False,False,False,-0.15955964380208892,-0.16963867147955825,False,False,False,False,-476547.0,-401893.12635055924,False,False,False,False,72237.1604714727,False,False,False,False
2025-03-06 15:00:00+00:00,4.865,4.965,4.845,4.945,131856.0,,,,,,,,5.026858707915705,5.068438731958201,5.07168268193567,5.1022805632085495,5.1146923241462305,5.135641466047367,5.162766609522858,5.174782797449349,5.195225743379624,,,,,4.902316240598709,5.0815687025887195,5.088949465115866,5.089283649968038,5.113532148172766,5.114549608997354,5.118109660336033,5.146951512504178,5.183924639512518,4.902316240598709,,5.105086402964318,"rgba(239, 83, 80, 0.5)",0.21569838384372556,5.105086402964318,-0.7421771091261442,45.58840288652358,-10.164072700676293,False,False,False,True,True,0.0,0.0,0.0,0.0,0.0,0,0.889638258736972,1.0312691600245252,False,False,False,False,-0.20159128031416282,-0.18561497589686055,False,False,False,False,-344691.0,-401006.27167845756,False,False,False,False,73161.48356493823,False,False,False,False
2025-03-06 16:00:00+00:00,4.945,5.0,4.885,4.885,87795.0,,,,,,,,5.023033382996425,5.066281969390104,5.0695060960069895,5.1000146014387955,5.112829169605508,5.133872901404477,5.160936547778924,5.172926806090176,5.193361485271483,,,,,4.903787594624478,5.077818779047704,5.086745265011261,5.087081763420545,5.111316700776995,5.112568931423568,5.116319247993608,5.145148131974577,5.182065331676434,4.903787594624478,,5.103089705885115,"rgba(239, 83, 80, 1.0)",0.21621800393405646,5.103089705885115,-1.0086565499496016,43.905033953344386,-10.164072700676293,False,False,False,True,True,0.0,0.0,0.0,0.0,0.0,0,0.897996357012751,1.0255009107468125,False,False,False,False,-0.16652234380979097,-0.17606865985332576,False,False,False,False,-432486.0,-401494.3294818923,False,False,False,False,73388.35978873764,False,False,False,False
2025-03-06 17:00:00+00:00,4.885,4.925,4.845,4.875,77949.0,,,,,,,,5.018542927299656,5.0638774209104085,5.067090652685742,5.097587085570439,5.110848007429048,5.132021286438468,5.159054160944038,5.171030492149557,5.191475477465525,,,,,4.902493100125197,5.073776655719262,5.084350252830342,5.084690079729253,5.108966025650703,5.110464755310496,5.114419688134995,5.143274981880884,5.1801743485496905,4.902493100125197,,5.100785411045761,"rgba(239, 83, 80, 1.0)",0.21675383554905717,5.100785411045761,-1.041667431046035,42.44028116590675,-10.164072700676293,False,True,False,True,False,0.0,0.0,0.0,0.0,0.0,0,0.8983050847457634,1.033292978208233,False,False,False,False,-0.22049133922852968,-0.19827999954092773,False,False,False,False,-510435.0,-403183.33212558384,False,False,False,False,73459.06738891224,False,False,False,False
2025-03-06 18:00:00+00:00,4.875,4.905,4.865,4.895,40716.0,,,,,,,,5.016417755151808,5.0626912098486265,5.065897980335926,5.0963789211098485,5.109856317300299,5.131090347472717,5.158104355549519,5.170072348260346,5.190520387426804,,,,,4.902073117488437,5.071801812652633,5.083161766253418,5.083503113088678,5.107792656433344,5.109412415249748,5.113467716448631,5.142331772494858,5.179217892800681,4.902073117488437,,5.099655104742573,"rgba(239, 83, 80, 0.5)",0.2170391047092102,5.099655104742573,-0.9429411580773484,42.551648668410635,-10.164072700676293,False,True,False,True,False,0.0,0.0,0.0,0.0,0.0,1,0.9007263922518166,1.0351089588377724,False,False,False,False,-0.22049133922852968,-0.2093856693847287,False,False,False,False,-469719.0,-404214.89286782284,False,False,False,False,72951.42293327018,False,False,False,False
2025-03-06 19:00:00+00:00,4.895,5.01,4.88,4.915,102836.0,,,,,,,,5.013194409314662,5.060548480618716,5.063728714287185,5.0940594322031485,5.107909982842751,5.129216418355443,5.156144745502008,5.168077136326124,5.188503129676241,,,,,4.9043678535212,5.068218650276873,5.080927079361072,5.081269912378803,5.105502445371646,5.107350181351218,5.111589718283486,5.1404123352663476,5.17721297748783,4.9043678535212,,5.097679644579153,"rgba(239, 83, 80, 0.5)",0.21668724088040567,5.097679644579153,-0.843056766226387,43.71745989112402,-10.164072700676293,False,True,False,True,False,0.0,0.0,0.0,0.0,0.0,1,0.9036505086774393,1.0215439856373432,False,False,False,False,-0.16419969825941852,-0.1867926838220736,False,False,False,False,-366883.0,-403636.1038311124,False,False,False,False,73414.74970949854,False,False,False,False
2025-03-06 20:00:00+00:00,4.915,4.94,4.89,4.91,143081.0,,,,,,,,5.0079808559610495,5.057189771551593,5.060339094244542,5.0905161648636605,5.104942493266886,5.126383618740032,5.153213229614162,5.165103901309703,5.185513420288363,,,,,4.905160353633638,5.062772666424856,5.077482346077923,5.077828147476949,5.102022802440798,5.104210032519323,5.108728921286989,5.137524559570238,5.174232892229056,4.905160353633638,,5.094508070638876,"rgba(239, 83, 80, 0.5)",0.21595134169989458,5.094508070638876,-0.8543965005565245,44.25153707379436,-9.884804718411637,False,True,False,True,False,0.0,0.0,0.0,0.0,0.0,1,0.9023952095808389,1.034730538922156,False,False,False,False,-0.19219507625590249,-0.18949388003898804,False,False,False,False,-509964.0,-405284.5983453587,False,False,False,False,74494.84661322724,False,False,False,False
2025-03-07 15:00:00+00:00,5.03,5.055,4.965,4.975,62896.0,,,,,,,,5.007764414662498,5.056605356962713,5.059730807870398,5.089728489457163,5.104232535963792,5.1256492385367745,5.152395592720048,5.164252638634971,5.184623687407536,,,,,4.90864534061071,5.06179182921281,5.076773620628148,5.077118372451425,5.101203991428599,5.103462081188572,5.108033085812824,5.13675077802513,5.173363975924807,4.90864534061071,,5.0940069909721615,"rgba(239, 83, 80, 0.5)",0.21397854990587847,5.0940069909721615,-0.5561631809567302,48.03571687882234,-6.105221982061096,False,False,False,False,True,0.0,0.0,0.0,0.0,0.0,1,0.9013002364066199,1.0224586288416078,False,False,False,False,-0.10434974148267596,-0.146921810760832,False,False,False,False,-447068.0,-405932.4030221748,False,False,False,False,74315.0195339524,False,False,False,False
2025-03-07 16:00:00+00:00,4.975,4.975,4.875,4.895,46618.0,,,,,,,,5.006247105663206,5.055570803803048,5.058686036595929,5.088628851442105,5.103303086546185,5.124757600212441,5.15147031379705,5.163313186672661,5.183677098835314,,,,,4.908816759211253,5.0601542352812245,5.075707029392828,5.07605256153682,5.100120478496353,5.102480424825651,5.107135464831822,5.13584083020535,5.172421460304094,4.908816759211253,,5.0930212959807415,"rgba(239, 83, 80, 0.5)",0.21258543592534823,5.0930212959807415,-0.9314904152243022,46.72896735310281,-6.105221982061096,False,False,False,True,True,0.0,0.0,0.0,0.0,0.0,1,0.8927315357561554,1.02989449003517,False,False,False,False,-0.1828322794826327,-0.16487704512173235,False,False,False,False,-493686.0,-407292.9239055519,False,False,False,False,73885.60837838725,False,False,False,False
2025-03-07 17:00:00+00:00,4.895,4.975,4.885,4.935,15861.0,,,,,,,,5.005834358292798,5.055263578010047,5.058374835027134,5.088293477700546,5.103016740511345,5.124479921461653,5.1511792177539535,5.163016511670746,5.183376435679251,,,,,4.909024565801451,5.0596683910105265,5.07538464179786,5.075730321658555,5.099787632056735,5.10217824441728,5.106858291456887,5.135556172373523,5.172123011552706,4.909024565801451,,5.09273035267961,"rgba(239, 83, 80, 0.5)",0.21132838116232167,5.09273035267961,-0.7463756255174161,47.79736279470315,-6.105221982061096,False,False,False,False,True,0.0,0.0,0.0,0.0,0.0,1,0.8984830805134195,1.0285880980163362,False,False,False,False,-0.17816284154647855,-0.17151994333410545,False,False,False,False,-477825.0,-408386.4444651557,False,False,False,False,72986.00204693938,False,False,False,False
2025-03-07 18:00:00+00:00,4.935,4.965,4.91,4.925,18456.0,,,,,,,,5.005370459996102,5.054912794558419,5.058019370178093,5.087909166860615,5.102687975306052,5.12416059992501,5.150844029306257,5.162674733241805,5.183029793748298,,,,,4.909279115813035,5.0591149641771676,5.07501564994124,5.075361483400153,5.099405804088689,5.101831391483316,5.1065399281197035,5.135228638976489,5.171779064658901,4.909279115813035,,5.092398053543298,"rgba(239, 83, 80, 0.5)",0.20979612583271717,5.092398053543298,-0.7979082210353804,48.03607500792246,-5.8075413858202225,False,False,False,False,True,0.0,0.0,0.0,0.0,0.0,1,0.9006391632771652,1.0278907611853576,False,False,False,False,-0.17117300695057286,-0.17134647514233914,False,False,False,False,-496281.0,-409749.1507525176,False,False,False,False,72140.57565861473,False,False,False,False
2025-03-07 19:00:00+00:00,4.925,4.94,4.905,4.905,36682.0,,,,,,,,5.0042565553104055,5.054126799463142,5.057225197186469,5.087069215508243,5.101974374419702,5.1234739381216166,5.150130069244502,5.161949299612927,5.182297878583897,,,,,4.909429734924802,5.057885420027138,5.074202321739568,5.074548684230732,5.09857644199209,5.101078449543863,5.105850070350013,5.134527313524776,5.171050813291575,4.909429734924802,,5.091647365393081,"rgba(239, 83, 80, 0.5)",0.20747056667402,5.091647365393081,-0.8996329859470779,47.22231844344487,-5.8075413858202225,False,False,False,True,True,0.0,0.0,0.0,0.0,0.0,1,0.9041255084253347,1.028471818710052,False,False,False,False,-0.18516994638102374,-0.17825821076168144,False,False,False,False,-532963.0,-411659.4429889127,False,False,False,False,71590.83029956644,False,False,False,False
2025-03-07 20:00:00+00:00,4.905,4.93,4.895,4.915,98657.0,,,,,,,,5.001286052234139,5.052006322129921,5.0550832502588525,5.084807098031206,5.100047976664452,5.121620090459967,5.148204172469639,5.159993062538101,5.1803247344371774,,,,,4.909632659792857,5.054605831279338,5.072010327463419,5.0723580989171655,5.0963425586275,5.099047388825442,5.103987057113823,5.132634703039522,5.169087240886657,4.909632659792857,,5.089615479176064,"rgba(239, 83, 80, 0.5)",0.20571781600003153,5.089615479176064,-0.8488106794602447,47.273441135276045,-5.8075413858202225,False,False,False,True,True,0.0,0.0,0.0,0.0,0.0,1,0.9056493884682592,1.029120559114735,False,False,False,False,-0.19454092381297242,-0.18639956728732693,False,False,False,False,-434306.0,-412010.5523999373,False,False,False,False,72010.46083755766,False,False,False,False
2025-03-10 14:00:00+00:00,5.585,5.685,5.515,5.66,416481.0,,,,,,,,5.076275685877474,5.0859603958614885,5.088483991542007,5.112691726648222,5.1215366829827245,5.139514272288561,5.163865114127118,5.174781851686945,5.193532135854078,,,,,5.037469516871744,5.104024536289385,5.1018172620636575,5.102067521606657,5.121709512454665,5.121799700630325,5.124239914059091,5.14962494292736,5.183138464347529,5.037469516871744,,5.122362957117724,"rgba(0, 255, 0, 1.0)",0.2162358572160244,5.122362957117724,2.4863454646431062,60.16310932769247,5.791175099011454,True,False,True,False,True,15.617492311876116,0.0,0.0,0.0,0.0,0,0.9174705251875676,1.001607717041801,False,False,False,False,0.3428281662418816,0.07821429947727734,False,False,False,False,-17825.0,-405899.14848676,False,False,False,False,77351.08935170405,False,False,False,False
2025-03-10 15:00:00+00:00,5.655,5.715,5.655,5.695,23676.0,,,,,,,,5.080463956429809,5.088000506006176,5.090493406854199,5.114391673747234,5.122865203507998,5.140632185549614,5.16485293304581,5.175718706661845,5.19437564196463,,,,,5.044060587966837,5.106913506151045,5.103625256839977,5.103869991245909,5.123265602354189,5.123202802553047,5.125495718319208,5.15069043925425,5.18403182130541,5.044060587966837,,5.124274996653177,"rgba(0, 255, 0, 1.0)",0.22678024446428785,5.124274996653177,2.5166433905873067,68.93095456917013,13.227015705033672,True,False,True,False,True,16.348637180514874,0.0,0.0,0.0,0.0,0,0.9321943406300063,0.9989321943406302,False,False,False,False,0.3428281743443112,0.21052123691079427,False,False,False,False,5851.0,-399515.4252544071,False,False,False,False,76518.91742377066,False,False,False,False
2025-03-10 16:00:00+00:00,5.695,5.695,5.695,5.695,0.0,,,,,,,,5.080463956429809,5.088000506006176,5.090493406854199,5.114391673747234,5.122865203507998,5.140632185549614,5.16485293304581,5.175718706661845,5.19437564196463,,,,,5.044060587966837,5.106913506151045,5.103625256839977,5.103869991245909,5.123265602354189,5.123202802553047,5.125495718319208,5.15069043925425,5.18403182130541,5.044060587966837,,5.124274996653177,"rgba(0, 255, 0, 1.0)",0.2366723701888618,5.124274996653177,2.411455984031392,74.77618473015524,17.863397437794248,True,False,True,False,True,16.348637180514864,0.0,0.0,0.0,0.0,0,0.9334415584415593,1.00974025974026,False,False,False,False,0.3428281752006864,0.27667470605574035,False,False,False,False,5851.0,-393230.674475269,False,False,False,False,75332.57761875096,False,False,False,False
2025-03-10 17:00:00+00:00,5.695,5.695,5.585,5.64,65259.0,,,,,,,,5.090822231293475,5.0931058326982885,5.095520777621055,5.118635492000432,5.126184759957905,5.143420232133566,5.167306904490374,5.17804156840984,5.19645976138322,,,,,5.060243025272464,5.1140807427780715,5.108144265607438,5.108375156648841,5.127147680405187,5.126706778648995,5.128633590140249,5.153343534236495,5.186243494939614,5.060243025272464,,5.129023101592528,"rgba(0, 255, 0, 1.0)",0.24484067259129502,5.129023101592528,2.0869771880607,76.6830481806673,19.082423040885843,True,False,True,False,True,14.544676089016715,0.0,0.0,0.0,0.0,0,0.922413793103449,1.0086206896551726,False,False,False,False,0.29985116720178967,0.288262936628765,False,False,False,False,-59408.0,-388055.1291345671,False,False,False,False,75176.39812078582,False,False,False,False
2025-03-10 18:00:00+00:00,5.645,5.675,5.565,5.575,125971.0,,,,,,,,5.108562259898643,5.102084462673546,5.104362193380679,5.126099464407144,5.132045144950931,5.148341771107984,5.171627395132967,5.18212555008656,5.200114998291379,,,,,5.087375345907175,5.126499179053492,5.116095401010376,5.1163021988641475,5.1339784219929845,5.132885779138055,5.134176458165608,5.158021807586182,5.190127956592398,5.087375345907175,,5.137268099346681,"rgba(0, 255, 255, 0.75)",0.2508021904584197,5.137268099346681,1.7453272631041494,75.69830893370963,19.082423040885843,True,False,True,False,True,12.461778161700984,0.0,0.0,0.0,0.0,0,0.9206008583690992,1.0107296137339057,False,False,False,False,0.28449345983185625,0.28637819823031063,False,False,False,False,-185379.0,-384912.8635665893,False,False,False,False,75963.91132821549,False,False,False,False
2025-03-10 19:00:00+00:00,5.57,5.695,5.57,5.675,221819.0,,,,,,,,5.13938146145282,5.118400360259313,5.120442498765391,5.139796698446104,5.142902245025846,5.157525447918253,5.179743303669995,5.189820335240202,5.207041146073875,,,,,5.132471575577411,5.148681227779445,5.13063665855035,5.130801500967541,5.1465664970974165,5.144313543494457,5.144466065510644,5.166774648889337,5.197465294369233,5.132471575577411,,5.15206836161598,"rgba(0, 255, 0, 1.0)",0.25981824901751066,5.15206836161598,2.012682482317771,76.15424847748957,19.082423040885843,True,False,True,False,True,14.664999388561927,0.0,0.0,0.0,0.0,0,0.91710945802338,1.0095642933049946,False,False,False,False,0.2940762768261647,0.29022723752823765,False,False,False,False,36440.0,-378380.26103067317,False,False,False,False,78225.2305324292,False,False,False,False
2025-03-11 14:00:00+00:00,5.865,5.905,5.735,5.74,116804.0,,,,,,,,5.1585264638346935,5.128882961053131,5.130787393478927,5.148727882110144,5.150048657429085,5.163636200441387,5.185214159860959,5.195038842777448,5.211790784024099,,,,,5.159387736493153,5.162839117669254,5.140064433266451,5.140203734129768,5.154821812601542,5.151827059442106,5.151254359626773,5.1726292765030895,5.20246575529134,5.159387736493153,,5.16156370166852,"rgba(0, 255, 0, 1.0)",0.27024725082150075,5.16156370166852,2.140396605601511,77.10797865669454,19.67893811493414,True,False,True,False,True,16.042646047276406,0.0,0.0,0.0,0.0,0,0.9322916666666673,0.9875,False,False,False,False,0.34282818454204217,0.3165277110351399,False,False,False,False,153244.0,-370138.02442554646,False,False,False,False,78823.35098929076,False,False,False,False
2025-03-11 15:00:00+00:00,5.735,5.84,5.735,5.805,90588.0,,,,,,,,5.17261979988694,5.1367912751404186,5.13859400994296,5.1554882025681605,5.155483887375316,5.168295153006079,5.189390403833801,5.199024362189667,5.215421738158809,,,,,5.1787993378244535,5.173398347122617,5.147193519415219,5.14731394976901,5.1610805915087035,5.157535497256278,5.156422052336948,5.177095075131489,5.206286479296776,5.1787993378244535,,5.16867964898687,"rgba(0, 255, 0, 1.0)",0.28217346591213593,5.16867964898687,2.2550679914434957,78.35428290803839,21.28248893761949,True,False,True,False,True,17.385033124258797,0.0,0.0,0.0,0.0,0,0.9358510087946204,0.9912053802379723,False,False,False,False,0.32028443980104704,0.31840607541809346,False,False,False,False,243832.0,-360619.1093181736,False,False,False,False,79005.74864837152,False,False,False,False
2025-03-11 16:00:00+00:00,5.805,5.845,5.775,5.825,57633.0,,,,,,,,5.181566721274462,5.141888210350051,5.1436268297723124,5.159859479549795,5.159010131726921,5.171325021334337,5.192111900172885,5.201623907102764,5.217794007408357,,,,,5.19095629633731,5.180162512854426,5.151798080189323,5.1519065505903825,5.165133303201994,5.161236654096891,5.159777093554548,5.180001691239512,5.208780419417926,5.19095629633731,,5.1732532672319,"rgba(0, 255, 0, 1.0)",0.2941247820014318,5.1732532672319,2.215885136686401,79.372374351665,22.710280801358778,True,False,True,False,True,17.793984844059683,0.0,0.0,0.0,0.0,0,0.9365828092243194,1.000524109014675,False,False,False,False,0.3358568110791718,0.32713144324863264,False,False,False,False,301465.0,-350354.2394062639,False,False,False,False,78674.38820421071,False,False,False,False
2025-03-11 17:00:00+00:00,5.825,5.86,5.75,5.765,159110.0,,,,,,,,5.204157057673508,5.155095656429235,5.156670543573155,5.171212764204904,5.168212879302267,5.179246267981745,5.1992268985448415,5.208419272981425,5.223994722547808,,,,,5.22105828669283,5.197457272405432,5.163750760767677,5.16382885248574,5.175672901231308,5.170884506619411,5.168540897160337,5.187600447592776,5.215299681175357,5.22105828669283,,5.185018314964986,"rgba(0, 255, 255, 0.75)",0.30442898845052724,5.185018314964986,1.9051460506011126,77.6072512848616,22.710280801358778,True,False,True,False,True,15.820580077579528,0.0,0.0,0.0,0.0,0,0.9302083333333341,1.0000000000000002,False,False,False,False,0.33238292819498255,0.32975718572180757,False,False,False,False,142355.0,-342715.3364697327,False,False,False,False,79921.45195298264,False,False,False,False
2025-03-11 18:00:00+00:00,5.765,5.875,5.765,5.865,177261.0,,,,,,,,5.229149179637599,5.170151054462486,5.17154786923031,5.184240625240008,5.17884624738601,5.188444077518898,5.207522725149151,5.216356801911609,5.231262309794423,,,,,5.253520647485776,5.216931813220988,5.17743525540562,5.177479953194571,5.187802115094691,5.182017476980277,5.178681914806285,5.196438315010104,5.222926334817325,5.253520647485776,,5.19837526201923,"rgba(0, 255, 0, 1.0)",0.31718923217696265,5.19837526201923,2.1016625734913177,77.67882999193105,22.710280801358778,True,False,True,False,True,17.88624436324472,0.0,0.0,0.0,0.0,0,0.9291623578076528,1.000517063081696,False,False,False,False,0.34282818454204217,0.3362926851319249,False,False,False,False,319616.0,-332446.6335787291,False,False,False,False,81430.59223278136,False,False,False,False
2025-03-11 19:00:00+00:00,5.865,5.905,5.855,5.87,209414.0,,,,,,,,5.258100002462401,5.188162295784638,5.189356457973203,5.19993179403656,5.191749937836249,5.199662390960967,5.217681139200832,5.226093174169518,5.240205850366738,,,,,5.2901576686222045,5.239910418381858,5.193879828935255,5.193886154138973,5.202454913154196,5.195507374288783,5.191007535970795,5.207234594527024,5.232295075250985,5.2901576686222045,,5.214293144781177,"rgba(0, 255, 255, 0.75)",0.3291688687347971,5.214293144781177,1.992007499795217,77.78613915803385,22.710280801358778,True,False,True,False,True,17.98777589756374,0.0,0.0,0.0,0.0,0,0.9385647909137846,0.9969024264326278,False,False,False,False,0.3428281882852571,0.339560436708591,False,False,False,False,529030.0,-319090.4067015395,False,False,False,False,83414.83111289328,False,False,False,False
2025-03-12 14:00:00+00:00,5.995,6.01,5.935,5.985,90023.0,,,,,,,,5.271650531026884,5.196709817786357,5.1978125769788965,5.207425423791295,5.197940114095394,5.205069152751798,5.222602243625593,5.2308208340149385,5.244566945888712,,,,,5.307080938784529,5.250778964254875,5.201714564008827,5.201703221358022,5.209470130487903,5.201974629087678,5.196926700940451,5.212448754755166,5.236852779874899,5.307080938784529,,5.221863795750679,"rgba(0, 255, 0, 1.0)",0.3435933852890887,5.221863795750679,2.2210445163466774,79.12319306573443,24.222252094429535,True,False,True,False,True,20.0,0.0,0.0,0.0,0.0,0,0.9418663946965841,0.9831718510963795,False,False,False,False,0.3428281933302361,0.34119431501941355,False,False,False,False,619053.0,-304545.547682911,False,False,False,False,83517.28334370114,False,False,False,False
2025-03-12 15:00:00+00:00,5.985,6.08,5.96,6.08,55100.0,,,,,,,,5.280417754819714,5.202268083460351,5.203312877333378,5.21231288965341,5.201985213782687,5.2086100775273145,5.225833270382331,5.233928431200214,5.247439554549642,,,,,5.317974965274883,5.257841175140488,5.206818655558879,5.206795982571837,5.214050840538977,5.206199763210498,5.200796529012322,5.215867049311931,5.239851425460887,5.317974965274883,,5.2267946965994305,"rgba(0, 255, 0, 1.0)",0.360015164845761,5.2267946965994305,2.369914900018456,80.85319548446677,26.24043963970192,True,False,True,False,True,20.0,0.0,0.0,0.0,0.0,0,0.9458227848101269,0.9782278481012658,False,False,False,False,0.34282819563304934,0.34201125532623144,False,False,False,False,674153.0,-289371.92678860226,False,False,False,False,83076.70530736468,False,False,False,False
2025-03-12 16:00:00+00:00,6.075,6.095,6.06,6.06,65776.0,,,,,,,,5.29105077277486,5.209055324641413,5.210030528072794,5.218293088772795,5.206944040509622,5.212957463222387,5.229805764968017,5.237751549479241,5.250977631896493,,,,,5.331115211718852,5.266442683031276,5.213059407936657,5.213023060737207,5.219660495475339,5.211377543589337,5.205542470369741,5.220066246938936,5.2435424025439845,5.331115211718852,,5.232816427037719,"rgba(0, 255, 0, 1.0)",0.3748399418178155,5.232816427037719,2.206764756580608,81.11568635446238,26.84563013747419,True,False,True,False,True,20.0,0.0,0.0,0.0,0.0,0,0.9504596527068441,0.9862104187946886,False,False,False,False,0.34282819819850247,0.342419726762367,False,False,False,False,608377.0,-275453.33877637587,False,False,False,False,82808.4773181032,False,False,False,False
2025-03-12 17:00:00+00:00,6.065,6.09,6.045,6.055,50545.0,,,,,,,,5.298944255013561,5.214149650670313,5.215073197695899,5.222787942537929,5.2106799983060546,5.21623639779945,5.232803164530575,5.240636642952764,5.253648467702668,,,,,5.340795342076932,5.272862752914432,5.217748245812805,5.217701759374436,5.223879895627749,5.215276325564066,5.209119694992173,5.223233885833482,5.246328202968544,5.340795342076932,,5.237328101242991,"rgba(0, 255, 0, 1.0)",0.387896591588231,5.237328101242991,2.107963608056147,81.050215952339,27.16374270559507,True,False,True,False,True,20.0,0.0,0.0,0.0,0.0,0,0.9412365866121619,0.9897802759325497,False,False,False,False,0.3372168600728462,0.3398182934176066,False,False,False,False,557832.0,-262534.1862372072,False,False,False,False,82308.26836743494,False,False,False,False
2025-03-12 18:00:00+00:00,6.055,6.095,6.055,6.09,66596.0,,,,,,,,5.309322762052946,5.220899613282822,5.221755686208039,5.228753669476981,5.215648108991059,5.220602419536061,5.236798250359537,5.24448366500088,5.257212638543427,,,,,5.353450738170353,5.281340348826879,5.2239679015784946,5.223908133637198,5.229484293108282,5.220458934802522,5.213878670537162,5.227453362666523,5.2500441696785165,5.353450738170353,,5.243303520358761,"rgba(0, 255, 0, 1.0)",0.40128625401034923,5.243303520358761,2.109956349562382,81.42035349706183,27.897818526671685,True,False,True,False,True,20.0,0.0,0.0,0.0,0.0,0,0.9443025038323971,0.9862033725089421,False,False,False,False,0.34142342653306684,0.34062085997533675,False,False,False,False,624428.0,-248782.83451259934,False,False,False,False,82064.66730747471,False,False,False,False
2025-03-12 19:00:00+00:00,6.085,6.105,6.065,6.095,157136.0,,,,,,,,5.333004653036831,5.236567353780179,5.237270551645425,5.242640882671228,5.2272593755313235,5.230829568426154,5.246168826037799,5.253511755099276,5.265585768478844,,,,,5.381984424027795,5.300856345840773,5.238433210185958,5.238343301644091,5.242548459298336,5.232560929060405,5.225010227613617,5.237342282750861,5.258768947037261,5.381984424027795,,5.257149270120341,"rgba(0, 255, 0, 1.0)",0.41391371995570314,5.257149270120341,2.0242158920688227,81.72864315579059,28.54910111520961,True,False,True,False,True,20.0,0.0,0.0,0.0,0.0,0,0.9474221541602865,0.9821337417049518,False,False,False,False,0.34282819851671126,0.34172452924602403,False,False,False,False,781564.0,-232808.4649852722,False,False,False,False,83228.56393836658,False,False,False,False
2025-03-13 14:00:00+00:00,6.07,6.125,6.035,6.085,26794.0,,,,,,,,5.336865434967208,5.239162155418712,5.239840502449022,5.244945885090094,5.229193411708596,5.232536066725313,5.247733618593072,5.255019794493657,5.266985270058353,,,,,5.386586319843776,5.304062919258213,5.240832609150223,5.2407378055028815,5.244719284607973,5.234575081293877,5.226865661581612,5.238992828755951,5.2602267477713704,5.386586319843776,,5.259437855403884,"rgba(0, 255, 255, 0.75)",0.42535933934447473,5.302713055996661,1.8391201782683986,81.3096557042625,28.54910111520961,True,False,True,False,True,20.0,0.0,0.0,0.0,0.0,0,0.9491869918699191,0.9776422764227644,False,False,False,False,0.3400358326508201,0.3408801809484221,False,False,False,False,754770.0,-217497.1709544928,False,False,False,False,82353.60945870198,False,False,False,False
2025-03-13 15:00:00+00:00,6.085,6.085,6.025,6.03,48188.0,,,,,,,,5.3433879977431715,5.243596721555095,5.244232774133868,5.248887553516495,5.232507851436665,5.235462180001823,5.250415643406605,5.257603922316687,5.2693825641464755,,,,,5.394302939313204,5.309507423080762,5.244935451026256,5.244832366892389,5.248433208569173,5.2380248348375265,5.230046636146264,5.241822470587776,5.262724433062994,5.394302939313204,,5.263339276209624,"rgba(0, 255, 255, 0.75)",0.43458592697869103,5.305225289829209,1.667736263825978,77.72008542021719,30.643725349102198,True,False,True,False,False,19.655365960272995,0.0,0.0,0.0,0.0,0,0.9498734177215196,0.9787341772151897,False,False,False,False,0.3261493393408118,0.33351476014461695,False,False,False,False,706582.0,-203170.36210248515,False,False,False,False,81823.91008724923,False,False,False,False
2025-03-13 16:00:00+00:00,6.035,6.055,5.995,6.005,31426.0,,,,,,,,5.347408732645584,5.2463614841622705,5.246971305268404,5.251346759537852,5.234580215530628,5.2372928951732725,5.252093162709473,5.259219914905383,5.270881343319112,,,,,5.39902452357472,5.312880446759259,5.247494936712278,5.247386744942784,5.250751468046568,5.240180583473367,5.232036340586919,5.243592587915236,5.264286216651153,5.39902452357472,,5.265766092328571,"rgba(0, 255, 255, 0.75)",0.4423633804468453,5.3068895609740006,1.578137951475133,73.93127519131022,27.148144177836016,True,False,True,False,False,18.770090254665035,0.0,0.0,0.0,0.0,0,0.9528875379939217,0.9812563323201622,False,False,False,False,0.3096439604818913,0.3215793603132541,False,False,False,False,675156.0,-189552.89912415206,False,False,False,False,81042.5471401601,False,False,False,False
2025-03-13 17:00:00+00:00,6.005,6.025,5.965,5.975,34174.0,,,,,,,,5.351533943832381,5.249229726208286,5.249812426755701,5.2538993220167285,5.236735636487031,5.2391979063775045,5.25383797462625,5.260900300249912,5.2724392443465655,,,,,5.403833724646811,5.316357729626229,5.250151497694942,5.2500380586113575,5.253158738325025,5.242421501591664,5.234106544067772,5.245434170061671,5.265909978288453,5.403833724646811,,5.268277690211905,"rgba(38, 166, 154, 1.0)",0.44694672879256897,5.308516944627682,1.4911912593539467,69.76446867154655,23.457010147477774,True,False,True,False,False,17.708376476625006,0.0,0.0,0.0,0.0,0,0.9519230769230773,0.9822874493927125,False,False,False,False,0.29330051013730835,0.30743993522528124,False,False,False,False,640982.0,-176676.38906021172,False,False,False,False,80315.90299845218,False,False,False,False
2025-03-13 18:00:00+00:00,5.975,6.03,5.975,6.02,38992.0,,,,,,,,5.356322162533942,5.252563205707294,5.253114691325808,5.256868969453375,5.239244973050985,5.241417439589829,5.25587263827105,5.262860612468546,5.274257970718702,,,,,5.409410467157431,5.32039857200623,5.25324091172833,5.253121408032114,5.255960475804983,5.245030131638225,5.236517083696414,5.247580562947236,5.267804837380885,5.409410467157431,,5.271199284083965,"rgba(0, 255, 255, 0.75)",0.4520339718557791,5.311004891202071,1.568455366058489,68.41707686645651,22.401086257078973,True,False,True,False,False,18.684348603241148,0.0,0.0,0.0,0.0,0,0.9550050556117293,0.979271991911021,False,False,False,False,0.2973718016401716,0.30240586843272643,False,False,False,False,679974.0,-163394.98767943322,False,False,False,False,79675.2223318095,False,False,False,False
2025-03-13 19:00:00+00:00,6.015,6.035,5.975,5.99,120391.0,,,,,,,,5.370491876609132,5.262561843783096,5.263021136764459,5.2657921801690275,5.24680794056582,5.248116714087134,5.262017338788231,5.26878193045377,5.27975402985251,,,,,5.42576699910367,5.332434879503635,5.262519286629162,5.262381908632911,5.264386990448135,5.252886803791697,5.24378665711589,5.254060402514931,5.2735296555221876,5.42576699910367,,5.279949920796411,"rgba(38, 166, 154, 1.0)",0.45605868320044285,5.318713943618074,1.4719291203296494,65.83145927835696,20.101209517566858,True,False,True,False,False,17.611120371263553,0.0,0.0,0.0,0.0,0,0.9625316455696205,0.9741772151898733,False,False,False,False,0.2987310237908207,0.3005684461117736,False,False,False,False,559583.0,-152186.02663013968,False,False,False,False,80306.47469875819,False,False,False,False
2025-03-14 14:00:00+00:00,6.025,6.075,5.99,6.065,36932.0,,,,,,,,5.37500514452716,5.265752797910663,5.266183251595366,5.268645767333622,5.249229713298505,5.250265257789556,5.263991534578972,5.270685895365746,5.281523830350415,,,,,5.43096963844315,5.3362763914419,5.265484088249987,5.265341069238086,5.267083873348074,5.255402198131643,5.246115260605229,5.256140072480952,5.2753716283062575,5.43096963844315,,5.282748189610849,"rgba(0, 255, 255, 0.75)",0.4611563706577166,5.321519949124313,1.6122081319516666,66.44257993196715,20.101209517566858,True,False,True,False,False,19.24062966193049,0.0,0.0,0.0,0.0,0,0.9677419354838713,0.9632056451612901,False,False,False,False,0.31375468336237994,0.3071615647370768,False,False,False,False,596515.0,-140578.25877540882,False,False,False,False,79634.00222280846,False,False,False,False
2025-03-14 15:00:00+00:00,6.065,6.075,6.035,6.075,15598.0,,,,,,,,5.376944951708632,5.267124247321079,5.267542390373354,5.26987305350829,5.250271628073351,5.2511900950071535,5.264841874236815,5.271506228146732,5.282286761694304,,,,,5.433205703850807,5.337928134164832,5.266758855435539,5.266613419898871,5.268244052909617,5.256484364149716,5.247117185763961,5.257035499410749,5.276165437611287,5.433205703850807,,5.283951882403617,"rgba(0, 255, 255, 0.75)",0.4654292506787538,5.3227587000509695,1.6162312507260934,67.13037534302805,20.101209517566858,True,False,True,False,False,19.455207617573766,0.0,0.0,0.0,0.0,0,0.9723061430010076,0.9622356495468278,False,False,False,False,0.3261493393408118,0.3166554520389443,False,False,False,False,612113.0,-128908.62685641024,False,False,False,False,78641.19598679591,False,False,False,False
2025-03-14 16:00:00+00:00,6.075,6.075,6.015,6.04,36292.0,,,,,,,,5.38129646199778,5.270223783741396,5.270614214295838,5.272648163475482,5.252631006102658,5.2532852927978695,5.266768007637537,5.273364201330496,5.284014498128737,,,,,5.438197519762075,5.341645681382553,5.2696410841297325,5.269490229018286,5.270868312921515,5.258933966508982,5.249386618334875,5.259063917774633,5.277963248968144,5.438197519762075,,5.286668678239367,"rgba(0, 255, 255, 0.75)",0.46781650171758354,5.325440847394906,1.5274346885618562,65.46725790163772,19.709849827744662,False,False,True,False,False,18.174627146164163,0.0,0.0,0.0,0.0,0,0.9702471003530009,0.967221381744831,False,False,False,False,0.3206288536450612,0.31864215284200276,False,False,False,False,575821.0,-117982.58612995426,False,False,False,False,77984.61930483008,False,False,False,False
2025-03-14 17:00:00+00:00,6.045,6.065,6.04,6.055,45275.0,,,,,,,,5.386726835451955,5.274105555573192,5.274461594585479,5.27612693658608,5.255591746578192,5.255916495258938,5.2691883479611406,5.275699498326694,5.286187158976378,,,,,5.444412592170737,5.346294139080313,5.273252955163357,5.273095361643098,5.274159382875557,5.262007282610524,5.252235140553685,5.26161186502481,5.2802234261948175,5.444412592170737,,5.290072017478608,"rgba(0, 255, 255, 0.75)",0.4709210163112302,5.32882972020826,1.54202138923402,64.89958844842434,19.002196114576407,False,False,True,False,False,18.50955640757525,0.0,0.0,0.0,0.0,0,0.9726305119107963,0.9685757729346173,False,False,False,False,0.32476742844442497,0.3217047906432139,False,False,False,False,621096.0,-106524.0033992573,False,False,False,False,77477.49342413503,False,False,False,False
2025-03-14 18:00:00+00:00,6.055,6.075,6.05,6.06,23231.0,,,,,,,,5.3895136891430475,5.276103567172142,5.276442038427537,5.277918927988459,5.257118225787154,5.2572739200995064,5.270437609336851,5.276905122269902,5.287309271653473,,,,,5.447596078014343,5.3486836448658375,5.275113004597606,5.274951963654609,5.275855281720155,5.263591524788702,5.253704043367591,5.262926597861689,5.281390481002236,5.447596078014343,,5.29182416620838,"rgba(0, 255, 255, 0.75)",0.47352687643121255,5.3305837618043785,1.5403903653641517,64.71227279361104,18.579917792227235,False,False,True,False,False,18.622579885098204,0.0,0.0,0.0,0.0,0,0.9705733130390669,0.9665144596651447,False,False,False,False,0.3303023257308446,0.32600355818702925,False,False,False,False,644327.0,-94882.90257136183,False,False,False,False,76636.46251833449,False,False,False,False
2025-03-14 19:00:00+00:00,6.065,6.115,6.06,6.1,88108.0,,,,,,,,5.4003399844193565,5.2838760537802525,5.284147082906929,5.2848990603289785,5.263069451093527,5.262571375059882,5.275318384981126,5.281617782460655,5.291699486268133,,,,,5.4599528985231105,5.357978334220973,5.282354591991137,5.282180241789395,5.282464496148319,5.26976717491604,5.259432084708555,5.268059762465884,5.285954225487017,5.4599528985231105,,5.2986490261971815,"rgba(0, 255, 255, 0.75)",0.4762392747840572,5.337588562698173,1.6008999628338711,66.06930493622866,18.579917792227235,False,False,True,False,False,19.528577172556812,0.0,0.0,0.0,0.0,0,0.9721800708143657,0.9610520991401111,False,False,False,False,0.3428281986219817,0.3344158784045055,False,False,False,False,732435.0,-82056.26842296863,False,False,False,False,76814.31581262387,False,False,False,False
2025-03-17 14:00:00+00:00,6.3,6.355,6.275,6.285,107499.0,,,,,,,,5.4170442932211404,5.295612842074566,5.2957848775481455,5.29546442690698,5.272056569454148,5.270584114407142,5.2827311247929485,5.288789257084667,5.298402676501813,,,,,5.479281236249777,5.372215592018453,5.29330144424397,5.29310692086966,5.292472694536627,5.279102000336026,5.268080086919993,5.2758372619099525,5.292909220065013,5.479281236249777,,5.309043146618945,"rgba(0, 255, 255, 0.75)",0.48254461587122066,5.349745033980258,1.9381730419500498,71.06790616608029,17.12611275307293,True,False,True,False,True,20.0,0.0,0.0,0.0,0.0,0,0.9747524752475252,0.9559405940594059,False,False,False,False,0.34282820678468295,0.3386220425945942,False,False,False,False,839934.0,-67761.84565672104,False,False,False,False,77290.04735041266,False,False,False,False
2025-03-17 15:00:00+00:00,6.28,6.335,6.265,6.315,56640.0,,,,,,,,5.42559985374939,5.301688946475142,5.301810602018898,5.30094364179754,5.276729698810391,5.2747565856713035,5.286594043327488,5.292527544057079,5.301898961143168,,,,,5.489113693203749,5.37954620003665,5.298975473531327,5.2987706811930115,5.297667498657127,5.283953016403763,5.272579325854563,5.279888392406753,5.296535676481674,5.489113693203749,,5.314421101934389,"rgba(0, 255, 255, 0.75)",0.48810589052003633,5.355775256120779,1.9651980492537118,74.8229888941122,20.507501596151855,True,False,True,False,True,20.0,0.0,0.0,0.0,0.0,0,0.9738271604938278,0.9585185185185187,False,False,False,False,0.3357002849019653,0.33716116374827976,False,False,False,False,896574.0,-52810.90231320598,False,False,False,False,76969.89157753804,False,False,False,False
2025-03-17 16:00:00+00:00,6.315,6.35,6.305,6.345,57045.0,,,,,,,,5.434323856126069,5.3079057449546685,5.307976479607539,5.3065562819645775,5.28152221251025,5.279039645285334,5.290562609085931,5.296369450859187,5.305494552688987,,,,,5.499118350701106,5.387036178923402,5.304785249453497,5.304570040818606,5.302991499377972,5.288926863421797,5.277194723264253,5.284048264832532,5.300263770873363,5.499118350701106,,5.319926987486059,"rgba(0, 255, 255, 0.75)",0.49392299797430467,5.361904632264788,1.9903818444719499,77.7389654318134,23.06533588563144,True,False,True,False,True,20.0,0.0,0.0,0.0,0.0,0,0.97718253968254,0.9618055555555557,False,False,False,False,0.34282820716451307,0.33999468545639644,False,False,False,False,953619.0,-37207.33793625705,False,False,False,False,76660.97852982428,False,False,False,False
2025-03-17 17:00:00+00:00,6.345,6.375,6.335,6.37,132231.0,,,,,,,,5.4544965195890205,5.3223995567174445,5.322353902610984,5.319666556863724,5.292743323062331,5.289083560827245,5.299879393135533,5.305393125378205,5.313947302451607,,,,,5.522134712202578,5.404430485405462,5.3183473569224695,5.318108259887621,5.315438597920785,5.300566751534387,5.288006628206161,5.29380758256689,5.309023718417045,5.522134712202578,,5.332768185205527,"rgba(0, 255, 255, 0.75)",0.5045728994018681,5.375947636030405,1.970086711252163,80.0204813053403,25.0764343147911,True,False,True,False,True,20.0,0.0,0.0,0.0,0.0,0,0.9811601388200303,0.9529003470500744,False,False,False,False,0.34282820797918334,0.3414114467177899,False,False,False,False,1085850.0,-19795.596262826704,False,False,False,False,77522.52925029212,False,False,False,False
2025-03-17 18:00:00+00:00,6.365,6.405,6.36,6.385,231648.0,,,,,,,,5.4886525622949085,5.347400412497918,5.347161385698657,5.342361787047917,5.312265881477021,5.306609960027559,5.31616628985336,5.321179245999708,5.3287562026531985,,,,,5.560665933943255,5.43415757133612,5.34179804497333,5.341519135839771,5.337023263559318,5.320795515537238,5.306837033570406,5.310849277412058,5.324358745066828,5.560665933943255,,5.354919902710476,"rgba(0, 255, 255, 0.75)",0.514838136025589,5.399415690580517,1.9143576212670006,81.74674415272678,26.654765592665854,True,False,True,False,True,20.0,0.0,0.0,0.0,0.0,0,0.9861386138613865,0.9470297029702969,False,False,False,False,0.3428282087662378,0.3421198277420139,False,False,False,False,1317498.0,937.6377877597552,False,False,False,False,79912.07143245813,False,False,False,False
2025-03-17 19:00:00+00:00,6.385,6.385,6.305,6.325,267845.0,,,,,,,,5.523306686260827,5.373684377833471,5.373252604793196,5.366341641296436,5.33307285023568,5.325369626317963,5.3336293757670745,5.338115997339584,5.344666708638067,,,,,5.598917832328466,5.4648289176645966,5.366540366193935,5.366221998234412,5.359890172924621,5.342311360798173,5.326941403437638,5.329101725315426,5.340822454843336,5.598917832328466,,5.378167561123495,"rgba(0, 255, 255, 0.75)",0.523370246015582,5.422830974340646,1.723768274042263,78.57079517597168,26.654765592665854,True,False,True,False,False,20.0,0.0,0.0,0.0,0.0,0,0.980797636632201,0.9487936976858691,False,False,False,False,0.32580429131777294,0.33396205952989344,False,False,False,False,1049653.0,17196.79069027511,False,False,False,False,82825.76024745879,False,False,False,False
2025-03-18 14:00:00+00:00,6.405,6.415,6.325,6.355,39572.0,,,,,,,,5.5283480544516905,5.377553963420167,5.377094673733633,5.3698814426402555,5.336155237570091,5.32815497867386,5.336226086162419,5.340636006527225,5.347036886760598,,,,,5.604444893150686,5.469317801622506,5.370189523338408,5.369865502671838,5.363269996456245,5.345496299778876,5.329921980357735,5.331813348070478,5.343273434873429,5.604444893150686,,5.381593339458896,"rgba(0, 255, 255, 0.75)",0.5321155466202347,5.426276667966005,1.74534147316845,77.18445441678901,26.654765592665854,True,False,True,False,False,20.0,0.0,0.0,0.0,0.0,0,0.9828767123287676,0.9461839530332681,False,False,False,False,0.33713272739052363,0.33554739346020857,False,False,False,False,1089225.0,33817.38308267394,False,False,False,False,82155.15931338967,False,False,False,False
2025-03-18 15:00:00+00:00,6.355,6.38,6.325,6.325,49912.0,,,,,,,,5.534458778689752,5.382285633140678,5.381793058038204,5.374214117762038,5.339935555098173,5.331573949512488,5.339414131524064,5.3437300426892405,5.349947428914627,,,,,5.611108058315207,5.474780741415491,5.374654905720346,5.374324069040688,5.367409169183084,5.349400496529623,5.333578864665687,5.335142028324855,5.3462829642973615,5.611108058315207,,5.385779666270089,"rgba(0, 255, 255, 0.75)",0.5393986224248908,5.430441752691292,1.6584362846296894,74.23725928900711,29.716702675809415,True,False,True,False,False,20.0,0.0,0.0,0.0,0.0,0,0.9809663250366037,0.9521717911176183,False,False,False,False,0.3291942291862707,0.33237081132323965,False,False,False,False,1039313.0,49406.46241472551,False,False,False,False,81655.2653705464,False,False,False,False
2025-03-18 16:00:00+00:00,6.325,6.375,6.305,6.325,66178.0,,,,,,,,5.542339011913218,5.388434510489126,5.387899229323459,5.379850773697388,5.344863047261657,5.336034742783159,5.343575317854233,5.347769127029719,5.353748223804811,,,,,5.619661131638217,5.481851089086221,5.380462327495546,5.380122758340558,5.37279725696787,5.354487171908483,5.338347322632324,5.3394856680272245,5.35021234260383,5.619661131638217,,5.391218947380946,"rgba(0, 255, 255, 0.75)",0.5461304747910442,5.435820330731723,1.628145123394711,72.2724625371525,27.8052160285377,False,False,True,False,False,20.0,0.0,0.0,0.0,0.0,0,0.9762481822588468,0.9529810954920019,False,False,False,False,0.32354834924478343,0.3279595802840115,False,False,False,False,1039313.0,64753.85059434216,False,False,False,False,81415.30776790227,False,False,False,False
2025-03-18 17:00:00+00:00,6.325,6.365,6.315,6.355,29983.0,,,,,,,,5.5459028372171915,5.391223463498462,5.390668990150921,5.382409347800348,5.347101883785581,5.33806284825465,5.34546808222943,5.349606710742903,5.355478047750821,,,,,5.623523308917207,5.485053407666984,5.383097739008072,5.382754240210947,5.375243879070727,5.356797857119682,5.340514359923895,5.3414608687645915,5.3520003214679726,5.623523308917207,,5.393687121865578,"rgba(0, 255, 255, 0.75)",0.553592306161707,5.4382645598170205,1.6559757604636889,71.94992479162325,27.327740384839018,False,False,True,False,False,20.0,0.0,0.0,0.0,0.0,0,0.9773275446213221,0.9541726965750119,False,False,False,False,0.32354834924478343,0.32575396476439744,False,False,False,False,1069296.0,80328.14748435236,False,False,False,False,80617.90764746966,False,False,False,False
2025-03-18 18:00:00+00:00,6.355,6.385,6.345,6.385,38375.0,,,,,,,,5.550568919746093,5.394868522963512,5.394289087743551,5.385754493708242,5.350028953925671,5.340715167904484,5.347944555525544,5.352011505648653,5.35774267448406,,,,,5.628587379077176,5.4892435520476015,5.3865427721230805,5.386194142790685,5.378442998229361,5.359818985112905,5.34334762958791,5.344044495341856,5.354340588816558,5.628587379077176,,5.396915912487608,"rgba(0, 255, 255, 0.75)",0.5612552293141043,5.441486514260755,1.6810774073183932,72.64583162049973,27.327740384839018,False,False,True,False,False,20.0,0.0,0.0,0.0,0.0,0,0.9802979336857284,0.9524267179240749,False,False,False,False,0.33486044245208463,0.33030720360824106,False,False,False,False,1107671.0,96255.94364738566,False,False,False,False,79962.97884673369,False,False,False,False
2025-03-18 19:00:00+00:00,6.385,6.42,6.375,6.415,191668.0,,,,,,,,5.573975592601658,5.413253106130615,5.41255040235012,5.402655068792691,5.364847160557603,5.354161982088819,5.360513898510634,5.364222881708513,5.369252743089752,,,,,5.653923239085248,5.510322679457431,5.403937797747618,5.403563728533442,5.394618449926671,5.375106932969617,5.357697460734297,5.357148838448433,5.366229195997678,5.653923239085248,,5.413221175485046,"rgba(0, 255, 255, 0.75)",0.5687088268435131,5.457821020971173,1.683073892735985,73.94724391703967,27.327740384839018,False,False,True,False,False,20.0,0.0,0.0,0.0,0.0,0,0.9832535885167467,0.9492822966507177,False,False,False,False,0.342828209184398,0.3365677063963195,False,False,False,False,1299339.0,114908.3941334727,False,False,False,False,81694.83963980759,False,False,False,False
2025-03-19 14:00:00+00:00,6.565,6.565,6.505,6.525,48440.0,,,,,,,,5.580573228208568,5.418382353590924,5.417645701838681,5.407374256129839,5.368981047365909,5.357915794957796,5.364028393678241,5.367639893027742,5.37247770787509,,,,,5.661118123971035,5.51624056581073,5.40879268455978,5.408411498697921,5.399135798368314,5.379373399230412,5.361700360000291,5.36080949767742,5.369557782423925,5.661118123971035,,5.417786560411812,"rgba(0, 255, 255, 0.75)",0.5783912762727871,5.462517158296526,1.8369620796327064,77.04492109199765,27.327740384839018,True,False,True,False,True,20.0,0.0,0.0,0.0,0.0,0,0.9872641509433966,0.9438679245283018,False,False,False,False,0.34282821268820723,0.33969795954226334,False,False,False,False,1347779.0,134022.66709264365,False,False,False,False,81179.26073066329,False,False,False,False
2025-03-19 15:00:00+00:00,6.525,6.585,6.525,6.545,63839.0,,,,,,,,5.5893105959919565,5.425190909664401,5.424409636469836,5.413643308985309,5.374477507659709,5.362910212004893,5.368706836646746,5.372189583881952,5.376773512168809,,,,,5.670635765545566,5.524087353065917,5.415240278250687,5.414849718090751,5.40513883855289,5.3850450854336005,5.367023738705774,5.365680979403041,5.373990587712299,5.670635765545566,,5.423850247124118,"rgba(0, 255, 255, 0.75)",0.588008549303536,5.468757074380917,1.8303184994399049,79.41807524412692,24.53086292275367,True,False,True,False,True,20.0,0.0,0.0,0.0,0.0,0,0.9892120075046907,0.9423076923076921,False,False,False,False,0.3428282131531341,0.34126308634769875,False,False,False,False,1411618.0,153830.34667260264,False,False,False,False,80910.41947902509,False,False,False,False
2025-03-19 16:00:00+00:00,6.545,6.555,6.515,6.555,33005.0,,,,,,,,5.59372017453596,5.428648012085177,5.427844329297712,5.416829327534721,5.377275241777319,5.365454407420885,5.371090859206479,5.374508279929291,5.378963408896628,,,,,5.675422131687729,5.528058687413734,5.418516180443868,5.418120917516189,5.40819111947125,5.38793094984881,5.369734235716281,5.368162852488607,5.37625000298018,5.675422131687729,,5.4269289510139345,"rgba(0, 255, 255, 0.75)",0.5976852722668338,5.471908324702238,1.8121438247757595,81.15896940788306,26.280045327408303,True,False,True,False,True,20.0,0.0,0.0,0.0,0.0,0,0.9910630291627472,0.9487300094073378,False,False,False,False,0.33459798842518185,0.3379305373864403,False,False,False,False,1444623.0,173842.63587147702,False,False,False,False,80167.69979717974,False,False,False,False
2025-03-19 17:00:00+00:00,6.555,6.555,6.51,6.515,33215.0,,,,,,,,5.59804720575675,5.432058966908316,5.431233358172516,5.419974984586697,5.380041172556861,5.367971216102668,5.373449668208417,5.376802595380046,5.381130618026899,,,,,5.680103643998199,5.531965435047146,5.421749973064332,5.421350116767221,5.411205883006918,5.390783103816134,5.37241462723183,5.37061817251108,5.378485831486921,5.680103643998199,,5.429965920701608,"rgba(0, 255, 255, 0.75)",0.6055957159451886,5.47500052345744,1.7173164359648285,78.95564104585736,26.280045327408303,True,False,True,False,False,20.0,0.0,0.0,0.0,0.0,0,0.9891764705882357,0.9482352941176472,False,False,False,False,0.33357229726367504,0.33575141732505764,False,False,False,False,1411408.0,193029.69578044637,False,False,False,False,79439.75096311493,False,False,False,False
2025-03-19 18:00:00+00:00,6.5,6.605,6.49,6.605,69749.0,,,,,,,,5.6073900877295735,5.439412428936506,5.4385398590008345,5.426759599703347,5.386007425394695,5.373402206387065,5.378542506554749,5.381757436755073,5.385813044881936,,,,,5.690225457961228,5.540396563998065,5.42872326448365,5.4283135266679094,5.417709192808494,5.396935436862712,5.378196681798495,5.375917668780793,5.3833153158565885,5.690225457961228,,5.436519872475651,"rgba(0, 255, 255, 0.75)",0.6148063270818006,5.48170981525143,1.8270634755505943,79.45356233488107,26.280045327408303,True,False,True,False,False,20.0,0.0,0.0,0.0,0.0,0,0.9850467289719629,0.9453271028037382,False,False,False,False,0.3397366910420808,0.33774405418356923,False,False,False,False,1481157.0,213000.66173733867,False,False,False,False,79289.5067621364,False,False,False,False
2025-03-19 19:00:00+00:00,6.605,6.635,6.575,6.605,84763.0,,,,,,,,5.618948432208916,5.448521040817044,5.447590993093024,5.435171018634798,5.393410494711704,5.380146286579881,5.384871205977211,5.387916591003175,5.391636963960664,,,,,5.702743803766809,5.550835291773681,5.437365758421629,5.43694387784813,5.425774933750131,5.4045681922734365,5.385372669338707,5.382500350836,5.389320215454331,5.702743803766809,,5.444646562247182,"rgba(0, 255, 255, 0.75)",0.6231275157629415,5.490052657621952,1.7892763746966547,79.78550986089687,26.280045327408303,True,False,True,False,False,20.0,0.0,0.0,0.0,0.0,0,0.9901914992993931,0.946753853339561,False,False,False,False,0.3428282142713525,0.3402861342274609,False,False,False,False,1481157.0,232662.00031505432,False,False,False,False,79374.36712241336,False,False,False,False
2025-03-20 14:00:00+00:00,6.68,6.715,6.665,6.695,57302.0,,,,,,,,5.627285160728456,5.455053917645364,5.45408288330966,5.441205902044453,5.3987187919523425,5.384983414908221,5.389413975394148,5.392339322109642,5.395821637213207,,,,,5.71180863023263,5.558347633790919,5.443565063058161,5.443134451867489,5.431561983960078,5.4100423260783845,5.3905178091415635,5.387223270985682,5.393633378863287,5.71180863023263,,5.450485530737982,"rgba(0, 255, 255, 0.75)",0.6304699234097675,5.49611010975624,1.9015814168577772,81.48517976375635,27.128989050330503,True,False,True,False,False,20.0,0.0,0.0,0.0,0.0,0,0.9902597402597408,0.9406307977736552,False,False,False,False,0.3428282160393541,0.3415571751334075,False,False,False,False,1538459.0,252906.91503885193,False,False,False,False,79032.15988020539,False,False,False,False
2025-03-20 15:00:00+00:00,6.695,6.725,6.655,6.665,44280.0,,,,,,,,5.633579429165954,5.460014900463697,5.459013095616119,5.4457928083945335,5.402759631869077,5.388668506651681,5.3928760249642576,5.395710333676607,5.399012115669068,,,,,5.7186300957566125,5.564034729418987,5.4482757021954695,5.447838541977152,5.435962599227484,5.414207904387282,5.394435684043917,5.390821821943427,5.396921321756475,5.7186300957566125,,5.454919735954323,"rgba(0, 255, 255, 0.75)",0.634618932265011,5.559737432196433,1.7416161283729557,80.39996562279194,27.128989050330503,True,False,True,False,False,20.0,0.0,0.0,0.0,0.0,0,0.9925960203609442,0.937528921795465,False,False,False,False,0.3428282160393541,0.34219269558638077,False,False,False,False,1494179.0,272151.44348786195,False,False,False,False,78493.3667037681,False,False,False,False
2025-03-20 16:00:00+00:00,6.665,6.685,6.655,6.66,84273.0,,,,,,,,5.64518479900714,5.469231971368464,5.46817383989511,5.45432465109596,5.410290812387528,5.3955436668516406,5.3993378617571715,5.402003262836573,5.404970149056449,,,,,5.731152870210189,5.5745576009437325,5.457034764675274,5.456585632509959,5.444152933142635,5.4219679017165365,5.4017406837930855,5.397536598548777,5.403060211831421,5.731152870210189,,5.463158345090425,"rgba(0, 255, 255, 0.75)",0.6362225090965221,5.567278495418412,1.7175146885848547,79.29871602873448,27.128989050330503,True,False,True,False,False,20.0,0.0,0.0,0.0,0.0,0,0.9921040408732006,0.9447282861124012,False,False,False,False,0.33517224940969387,0.3386824724980373,False,False,False,False,1409906.0,289791.04901518195,False,False,False,False,78582.97342153914,False,False,False,False
2025-03-20 17:00:00+00:00,6.655,6.69,6.655,6.665,22357.0,,,,,,,,5.648229889863438,5.471660347625366,5.470587532841136,5.456574277055077,5.412278999760259,5.3973599487423805,5.401045630297238,5.403666657591379,5.406545533961605,,,,,5.7344313777585905,5.57732403398862,5.459343727196433,5.458891473146268,5.446313378350714,5.42401592881623,5.403669657566953,5.399310780363039,5.404683133642616,5.7344313777585905,,5.465329572698185,"rgba(0, 255, 255, 0.75)",0.6340983383535203,5.569377124112796,1.72784378954858,78.68698288887921,27.128989050330503,True,False,True,False,False,20.0,0.0,0.0,0.0,0.0,0,0.9920856610800748,0.9441340782122906,False,False,False,False,0.3361271596413166,0.337404816069677,False,False,False,False,1432263.0,307503.79244130314,False,False,False,False,77711.25290337575,False,False,False,False
2025-03-20 18:00:00+00:00,6.665,6.685,6.625,6.63,40009.0,,,,,,,,5.653510890733342,5.475897482754024,5.474799286902288,5.460502369699653,5.415755624783078,5.400538032497469,5.404034353751796,5.406577871683443,5.409303109367433,,,,,5.7400967283236675,5.582135011946859,5.463374651415144,5.462917013552166,5.450087297958159,5.427595928764316,5.407043711663899,5.4024153763577845,5.407523714803372,5.7400967283236675,,5.469117136497661,"rgba(0, 255, 255, 0.75)",0.6315860415873046,5.572781162115102,1.6739110244233573,75.38388275206725,29.239468305802347,False,False,True,False,False,20.0,0.0,0.0,0.0,0.0,0,0.9888423988842404,0.9437470943747097,False,False,False,False,0.3294550771427228,0.3334299466061999,False,False,False,False,1392254.0,324321.62511663174,False,False,False,False,77126.72185061022,False,False,False,False
2025-03-20 19:00:00+00:00,6.625,6.685,6.625,6.65,83660.0,,,,,,,,5.664447980517732,5.484709332383662,5.483558976538161,5.468678597869359,5.423001464367245,5.407166795804894,5.410271025109563,5.412653941356842,5.415060686066675,,,,,5.751804113079657,5.592118446672606,5.471762598160791,5.471293889265901,5.457946027832156,5.435055043281622,5.414077722215183,5.408892009529346,5.413453393505273,5.751804113079657,,5.47699733575315,"rgba(0, 255, 255, 0.75)",0.6296271955732198,5.580195132279387,1.699108417238316,73.88156862707254,27.76238391355129,False,True,True,False,False,20.0,0.0,0.0,0.0,0.0,0,0.9911873840445273,0.9406307977736549,False,False,False,False,0.3294550771427228,0.3314425118744614,False,False,False,False,1475914.0,342175.7704636607,False,False,False,False,77228.01298470929,False,False,False,False
2025-03-21 14:00:00+00:00,6.545,6.615,6.525,6.605,28149.0,,,,,,,,5.667811557342253,5.487464654905615,5.486298353946482,5.471239595932973,5.425279521452907,5.409254062703158,5.4122353183247665,5.414567731218338,5.416874540110229,,,,,5.7553682845844305,5.5952118206002295,5.474388784381913,5.473916718700798,5.460410069478845,5.437397992927443,5.416290792316144,5.410931512035152,5.415321285526088,5.7553682845844305,,5.479459033138209,"rgba(0, 255, 255, 0.75)",0.6268080298674372,5.582162334295587,1.6318196592355907,69.44394970290703,23.629441299299117,False,True,True,False,False,20.0,0.0,0.0,0.0,0.0,0,0.9806540764624601,0.9456471672040534,False,False,False,False,0.2974351772750357,0.3144388445747486,False,False,False,False,1447765.0,359316.6887510458,False,False,False,False,76467.09805471379,False,False,False,False
2025-03-21 15:00:00+00:00,6.605,6.635,6.585,6.595,65562.0,,,,,,,,5.6757484584705695,5.493964453243179,5.492760761917751,5.477283366231994,5.430657149610624,5.414183067447286,5.416875701175154,5.419089580866526,5.42116160229982,,,,,5.763783196749543,5.602510837473438,5.480585417258287,5.480105459228778,5.466225963256177,5.442928547344415,5.421515440068367,5.415748467298277,5.419735304559915,5.763783196749543,,5.485270154138894,"rgba(0, 255, 255, 0.75)",0.624091426081227,5.587263007828655,1.6147265449536639,65.77720699325145,20.35694603509795,False,True,True,False,False,20.0,0.0,0.0,0.0,0.0,0,0.9825287356321841,0.9457471264367815,False,False,False,False,0.3124259400989547,0.3134323923368516,False,False,False,False,1382203.0,375175.39125102956,False,False,False,False,76298.0267670438,False,False,False,False
2025-03-21 16:00:00+00:00,6.595,6.645,6.595,6.635,30002.0,,,,,,,,5.679413032816938,5.496966783866699,5.495745936737097,5.480076303761872,5.433143336048992,5.4164627709622835,5.419022721623913,5.42118210384526,5.423146084360214,,,,,5.7676688628804085,5.605881821129465,5.4834485138143645,5.4829649266094345,5.468914120412107,5.445485220651573,5.423931163993322,5.417976682069901,5.421778209750352,5.7676688628804085,,5.487956033074123,"rgba(0, 255, 255, 0.75)",0.6200712106736592,5.589751424099129,1.6856911882189942,65.22145882844,19.9259014901846,False,True,True,False,False,20.0,0.0,0.0,0.0,0.0,0,0.9903136531365315,0.9432656826568265,False,False,False,False,0.31619473929569075,0.3148135658162712,False,False,False,False,1412205.0,391253.3696812462,False,False,False,False,75580.25891019042,False,False,False,False
2025-03-21 17:00:00+00:00,6.635,6.655,6.595,6.645,37030.0,,,,,,,,5.68392882505659,5.500672278741681,5.4994303822803845,5.483524767133342,5.436214763716097,5.419280144869661,5.4216767759526325,5.423769058492093,5.4255999671656925,,,,,5.772453592149299,5.610038955888081,5.486983124251732,5.4864950812558435,5.472233867406551,5.448643338426904,5.42691591076015,5.42073068938964,5.4243040565408975,5.772453592149299,,5.491271976637627,"rgba(0, 255, 255, 0.75)",0.6135772380287733,5.5928669118712175,1.7147524760027735,65.29279528431132,19.896004201908056,False,True,True,False,False,20.0,0.0,0.0,0.0,0.0,0,0.9885110294117652,0.9407169117647061,False,False,False,False,0.318082398279393,0.3164479820478321,False,False,False,False,1449235.0,407656.18565518036,False,False,False,False,74982.58047747429,False,False,False,False
2025-03-21 18:00:00+00:00,6.645,6.655,6.63,6.645,27071.0,,,,,,,,5.687243421323829,5.503393711716578,5.502136428987843,5.486058231451744,5.4384720229859145,5.421351291018326,5.4236283358990045,5.425671480437304,5.4274048888856266,,,,,5.775965141766017,5.613091259236403,5.489579579614449,5.489088275581328,5.474673118640444,5.450964142767783,5.429109649697833,5.422755448704888,5.426161707334536,5.775965141766017,,5.493708229780547,"rgba(0, 255, 255, 0.75)",0.606761214293697,5.595197720280678,1.7301736745670997,65.34035292155887,19.699399649921858,False,True,True,False,False,20.0,0.0,0.0,0.0,0.0,0,0.9935454126325499,0.9423697556477639,False,False,False,False,0.32470661155849384,0.32057729680316294,False,False,False,False,1449235.0,423804.69440471247,False,False,False,False,74239.76527627314,False,False,False,False
2025-03-21 19:00:00+00:00,6.645,6.645,6.615,6.63,97510.0,,,,,,,,5.6988312517560775,5.512976401365208,5.511665763798004,5.494988685260219,5.446443984419074,5.428673068515873,5.430530208491564,5.4324006051704545,5.433791316198009,,,,,5.788191546312855,5.6237974236721975,5.498729196588778,5.498226603971467,5.483276443893367,5.4591568395643755,5.436860305734143,5.429914330349734,5.432733526737612,5.788191546312855,,5.502288194544389,"rgba(0, 255, 255, 0.75)",0.60035809134035,5.603255358284761,1.7102203776798364,63.94294704098004,18.111108687156786,False,True,True,False,False,20.0,0.0,0.0,0.0,0.0,0,0.9935364727608497,0.9404432132963989,False,False,False,False,0.3199722531582315,0.32027477498069723,False,False,False,False,1351725.0,438191.05573177116,False,False,False,False,74600.54410919914,False,False,False,False
2025-03-24 14:00:00+00:00,6.72,6.755,6.715,6.745,11113.0,,,,,,,,5.70028537807496,5.514163096675893,5.5128458047256315,5.49609392647317,5.447428306878849,5.429576629586998,5.431382380486764,5.433231679954492,5.434580387048903,,,,,5.789739242587476,5.62513311888167,5.499861613068012,5.499357596346478,5.4843406815287326,5.460169045095866,5.437816911748704,5.430797991013887,5.433545309054048,5.789739242587476,,5.50335272773503,"rgba(0, 255, 255, 0.75)",0.5953292071323687,5.604379302829196,1.9159495007225342,67.68738946344587,18.111108687156786,False,True,True,False,True,20.0,0.0,0.0,0.0,0.0,0,0.9917620137299774,0.9377574370709382,False,False,False,False,0.3428282169137449,0.33155149594722105,False,False,False,False,1362838.0,452526.6672708134,False,False,False,False,73616.24109975419,False,False,False,False
2025-03-24 15:00:00+00:00,6.745,6.745,6.715,6.735,21340.0,,,,,,,,5.703048462015513,5.516423068667422,5.515093159527406,5.498199431390403,5.449304535956042,5.431299402318802,5.433007342548844,5.434816471741552,5.436085211199825,,,,,5.7926763614853005,5.6276737562868355,5.502018697088326,5.501511981950576,5.4863684187766015,5.462098157255197,5.439640523311812,5.43248288418993,5.435093375798476,5.7926763614853005,,5.505380068972715,"rgba(0, 255, 255, 0.75)",0.5893407524705143,5.606496314344357,1.9148577133431894,69.32876129763078,15.026306815802087,False,True,True,False,True,20.0,0.0,0.0,0.0,0.0,0,0.9908466819221968,0.9395881006864987,False,False,False,False,0.3409542918346944,0.3362528938909577,False,False,False,False,1341498.0,466309.16855343647,False,False,False,False,72805.75674161846,False,False,False,False
2025-03-24 16:00:00+00:00,6.735,6.735,6.675,6.705,4096.0,,,,,,,,5.703563410540602,5.516846390763615,5.515514134794829,5.49859402219034,5.449656556748015,5.431622779657418,5.4333123784022845,5.435113968529909,5.436367711023309,,,,,5.7932220674438915,5.628148325458851,5.502422903819215,5.501915688123274,5.486748550555988,5.4624599983079225,5.4399827473179165,5.432799155740295,5.435383986973293,5.7932220674438915,,5.505759709799499,"rgba(0, 255, 255, 0.75)",0.581452731766967,5.606881469140807,1.8885774730512304,67.9238465131204,15.026306815802087,False,True,True,False,True,20.0,0.0,0.0,0.0,0.0,0,0.996298010180472,0.9384544192503471,False,False,False,False,0.33161886768828025,0.333935880789619,False,False,False,False,1337402.0,479814.48376966227,False,False,False,False,71740.48919523678,False,False,False,False
2025-03-24 17:00:00+00:00,6.705,6.705,6.675,6.675,50482.0,,,,,,,,5.709740924101875,5.521951652520525,5.5205913508828335,5.503355861749034,5.453910095215436,5.435532482989854,5.437000940902816,5.43871155282652,5.439784411240541,,,,,5.799748159731303,5.633855109940205,5.5072999398650735,5.50678675535718,5.491337569803035,5.466830841346379,5.444118964179899,5.436623163820035,5.4388985434754735,5.799748159731303,,5.510337684441556,"rgba(0, 255, 255, 0.75)",0.57215494341941,5.611415248608873,1.8589103592022644,64.7283783359303,19.177622043025536,False,True,True,False,False,20.0,0.0,0.0,0.0,0.0,0,0.9990723562152135,0.9355287569573284,False,False,False,False,0.32604435969174506,0.329990120240682,False,False,False,False,1286920.0,492327.74758718687,False,False,False,False,71410.90021546566,False,False,False,False
2025-03-24 18:00:00+00:00,6.675,6.675,6.655,6.675,27486.0,,,,,,,,5.713014893477429,5.52467303818347,5.5232979539260505,5.505896167018468,5.456182544963518,5.437622707553309,5.438973432774244,5.440635561483123,5.441612061951025,,,,,5.8031952836230305,5.6368875959559,5.509901130092016,5.509384805724417,5.493786729810575,5.469165144310417,5.446329387882256,5.43866775655936,5.4407783359051045,5.8031952836230305,,5.512778029510762,"rgba(0, 255, 255, 0.75)",0.5600684321122172,5.613781496393343,1.894801497032112,62.59806621780357,17.176580257869986,False,True,True,False,False,20.0,0.0,0.0,0.0,0.0,0,1.002336448598131,0.9369158878504675,False,False,False,False,0.3167966419867895,0.3233933811137357,False,False,False,False,1286920.0,504647.0073145173,False,False,False,False,70729.89401057473,False,False,False,False
2025-03-24 19:00:00+00:00,6.675,6.69,6.66,6.66,92251.0,,,,,,,,5.723860536969892,5.533726264222073,5.532302599105418,5.5143538770044325,5.463758164347654,5.444596015595599,5.445556649536867,5.447058013532384,5.447714913384256,,,,,5.81458934815996,5.646953031387477,5.518559347792458,5.5180327050755995,5.501944384571119,5.4769446620281865,5.453700248766776,5.445489889886497,5.4470541657530305,5.81458934815996,,5.520899712062205,"rgba(0, 255, 255, 0.75)",0.5461477871468433,5.621636079286529,1.9012508063761233,59.97632031823349,14.716601399755803,False,True,True,False,False,20.0,0.0,0.0,0.0,0.0,0,1.0093896713615025,0.9267605633802816,False,False,False,False,0.320489358374196,0.32194136974396587,False,False,False,False,1194669.0,515345.0227049899,False,False,False,False,71063.55456855032,False,False,False,False
2025-03-25 14:00:00+00:00,6.785,6.805,6.75,6.755,55356.0,,,,,,,,5.730926801745052,5.539562422793075,5.5381073355262,5.5198043309963465,5.468631861688841,5.449081041485582,5.449793140967414,5.4511922501836985,5.451645190569076,,,,,5.822066375282321,5.653480501936714,5.524138866695123,5.52360548026255,5.507199805484237,5.481951863894841,5.458440869131104,5.449878756566875,5.451094787132556,5.822066375282321,,5.526144537907867,"rgba(0, 255, 0, 1.0)",0.5328227736387551,5.627086391334652,2.1168644894109847,62.84083040102483,14.716601399755803,False,True,True,False,True,20.0,0.0,0.0,0.0,0.0,0,1.0111576011157606,0.913993491399349,False,False,False,False,0.34282821770374244,0.33238479372385416,False,False,False,False,1250025.0,526735.4099498737,False,False,False,False,70820.02659074333,False,False,False,False
2025-03-25 15:00:00+00:00,6.75,6.795,6.735,6.775,32845.0,,,,,,,,5.735067911898071,5.542994627307686,5.541521234312954,5.523011719066417,5.471502792736651,5.451724533492406,5.452290882003409,5.453629987282245,5.45396322733012,,,,,5.826440036591491,5.657312047076808,5.5274215724824725,5.526884258276451,5.510293434155132,5.484900733851113,5.4612340144573706,5.4524658602140725,5.453477593579201,5.826440036591491,,5.5292298036730045,"rgba(0, 255, 0, 1.0)",0.518923417773279,5.630262237954473,2.205985937111188,65.45777820578556,10.324820512568024,False,True,True,False,True,20.0,0.0,0.0,0.0,0.0,0,1.009781089892874,0.9184909175593852,False,False,False,False,0.3382461680616067,0.33531548089273044,False,False,False,False,1282870.0,538458.4268498756,False,False,False,False,70231.26648856128,False,False,False,False
2025-03-25 16:00:00+00:00,6.775,6.795,6.765,6.785,40532.0,,,,,,,,5.740198211086318,5.5472495623592115,5.545753592692163,5.526989251436515,5.475064443330785,5.455005026255196,5.455391273351215,5.4566562222136135,5.456841452371012,,,,,5.831857507578983,5.662060481689026,5.531492029255708,5.530949864928344,5.514130473469621,5.48855878162595,5.464699480206022,5.455676692816717,5.456435909903047,5.831857507578983,,5.533056125364968,"rgba(0, 255, 0, 1.0)",0.5033983431556754,5.634210787534358,2.2860409218902844,67.55982164785036,12.298902116462124,False,True,True,False,True,20.0,0.0,0.0,0.0,0.0,0,1.014974262985494,0.9171736078614883,False,False,False,False,0.34282821774917777,0.33907184932095413,False,False,False,False,1323402.0,550628.0946506527,False,False,False,False,69770.81274455258,False,False,False,False
2025-03-25 17:00:00+00:00,6.785,6.785,6.75,6.755,13906.0,,,,,,,,5.7419160003882865,5.548681066988608,5.547177570463924,5.5283282495706,5.476264858668429,5.456111293087647,5.456436990154208,5.457676986918557,5.457812435504775,,,,,5.833666437450785,5.663653854730873,5.53286207920015,5.5323183009076,5.515422617396128,5.489791333605471,5.465867756034286,5.456759535094631,5.457433836625955,5.833666437450785,,5.53434340015505,"rgba(0, 255, 0, 1.0)",0.48786482768291156,5.635517555047831,2.294657006263584,66.3321587582309,12.298902116462124,False,True,True,False,True,20.0,0.0,0.0,0.0,0.0,0,1.0135958743553684,0.9170182841068916,False,False,False,False,0.3382518304751438,0.338661839898049,False,False,False,False,1309496.0,562393.4885320379,False,False,False,False,68904.69161673005,False,False,False,False
2025-03-25 18:00:00+00:00,6.755,6.76,6.745,6.745,40810.0,,,,,,,,5.746858690527796,5.552816816637966,5.551291753976203,5.532198876888943,5.479738480440931,5.459314080373806,5.459465017075546,5.46063294519861,5.460624651689382,,,,,5.838859218337483,5.668247050852863,5.53682185489102,5.536273458923011,5.51915893913191,5.493357060884249,5.4692490872589525,5.459894704466965,5.460323865513152,5.838859218337483,,5.538062586281599,"rgba(0, 255, 0, 1.0)",0.4674919857673961,5.639246570521419,2.3652885250288676,64.67091892445906,12.298902116462124,False,True,True,False,False,20.0,0.0,0.0,0.0,0.0,0,1.0098545283904272,0.9197559831065228,False,False,False,False,0.33277811023508,0.3357199750665645,False,False,False,False,1268686.0,573343.7600276653,False,False,False,False,68469.11500251718,False,False,False,False
2025-03-25 19:00:00+00:00,6.745,6.785,6.745,6.775,71547.0,,,,,,,,5.755564354251394,5.560109179438519,5.558546393983737,5.53902716317013,5.485870071241744,5.464970237000619,5.464814530448232,5.465855971816813,5.4655952091924584,,,,,5.848002773316454,5.676341568209509,5.543806173576396,5.5432496864463445,5.525751826694351,5.499650435450396,5.475218613325659,5.465432258776634,5.465431103104535,5.848002773316454,,5.544624308302441,"rgba(0, 255, 0, 1.0)",0.4468868087332697,5.6458603706582355,2.526679255855383,65.08175070293014,12.298902116462124,False,True,True,False,False,20.0,0.0,0.0,0.0,0.0,0,1.00984990619137,0.9183864915572235,False,False,False,False,0.337338194388313,0.3365290847274387,False,False,False,False,1340233.0,585233.5156861511,False,False,False,False,68516.83414976497,False,False,False,False
2025-03-26 14:00:00+00:00,6.84,6.875,6.82,6.875,11948.0,,,,,,,,5.757129259661444,5.561406860829918,5.559837307269492,5.540241519006229,5.486958471438351,5.465973720949884,5.465763864131743,5.466783007009151,5.466477621877964,,,,,5.84965707675739,5.677790127646603,5.5450483887478885,5.544490437846727,5.526923817069473,5.500768102543894,5.476277885937054,5.466414825170138,5.4663376630832525,5.84965707675739,,5.545793330943145,"rgba(0, 255, 0, 1.0)",0.4251829283055804,5.647092059266697,2.8879521236346566,68.83898514412547,13.78065231494329,False,True,True,False,True,20.0,0.0,0.0,0.0,0.0,0,1.0121099208197486,0.9124359571495109,False,False,False,False,0.3428282189347917,0.33967865183111523,False,False,False,False,1352181.0,597124.1743576836,False,False,False,False,67639.79796139653,False,True,False,False
2025-03-26 15:00:00+00:00,6.875,6.885,6.835,6.845,31974.0,,,,,,,6.8549999999999995,5.761288985995295,5.564862386260022,5.563274896614652,5.543476169044978,5.48985911806516,5.468648826536364,5.468294977719514,5.469254807061358,5.468830721582164,,,,,5.854050294319986,5.681643724996867,5.548356933204057,5.547795103829068,5.530046129028925,5.503746386126097,5.4791012145435225,5.469034309664374,5.4687550024267155,5.854050294319986,,5.617648420369427,"rgba(0, 255, 0, 1.0)",0.3990986466147376,5.719665761514323,2.8196894377644868,68.95797391558114,14.05887218400963,False,True,True,False,True,20.0,0.0,0.0,0.0,0.0,0,1.0148837209302326,0.9111627906976744,False,False,False,False,0.3428282191459858,0.3412534354885505,False,False,False,False,1320207.0,608334.7608017505,False,False,False,False,67086.8398534679,False,False,False,False
2025-03-26 16:00:00+00:00,6.845,6.845,6.815,6.815,29337.0,,,,,,,6.840645153398249,5.764974081631771,5.567943373939898,5.566340082386449,5.546362509019154,5.4924514899393335,5.471041341156204,5.470559175339944,5.471466087644148,5.470936173423964,,,,,5.857927743731732,5.6850675399939306,5.551308581949584,5.550743345066436,5.5328334727125155,5.506407126275932,5.481625279856785,5.471377241672427,5.470917744559116,5.857927743731732,,5.619522502299872,"rgba(0, 255, 0, 1.0)",0.36931577835793766,5.721695632860824,2.960351090333204,66.83689804383192,14.05887218400963,False,True,True,False,True,20.0,0.0,0.0,0.0,0.0,0,1.0240679565832942,0.9103350637092967,False,False,False,False,0.3322838222639158,0.33676862887623316,False,False,False,False,1290870.0,618916.7024947467,False,False,False,False,66501.5710185304,False,False,False,False
2025-03-26 17:00:00+00:00,6.815,6.825,6.78,6.785,27479.0,,,,,,,6.827034557194881,5.768311061985428,5.5707508615876025,5.569133337310147,5.548994633721579,5.4948191293252115,5.47322795206777,5.472628909131399,5.47348756850693,5.47286121803235,,,,,5.861426051288228,5.688176718757355,5.5539997149060945,5.553431417579276,5.535376414891592,5.508836308847227,5.483931233744127,5.473518675356834,5.472895009623382,5.861426051288228,,5.621202145992496,"rgba(0, 255, 0, 1.0)",0.36482903561149055,5.72346953531884,2.9096655174441572,63.40058669625317,18.31013247802565,False,True,True,False,False,20.0,0.0,0.0,0.0,0.0,0,1.019811320754717,0.9061320754716982,False,False,False,False,0.3226804023225931,0.3297245155994131,False,False,False,False,1263391.0,628908.5520684716,False,False,False,False,65896.56991746792,False,False,False,False
2025-03-26 18:00:00+00:00,6.785,6.795,6.77,6.775,23816.0,,,,,,,6.817086818938009,5.771139212248942,5.57314080854811,5.571511276064794,5.551236589045797,5.496838033389322,5.475093463962374,5.474395009823312,5.475212594608508,5.474504185384197,,,,,5.864383346930168,5.69081709738516,5.556291567916739,5.555720693136681,5.537543100792268,5.510907138505744,5.485897976734703,5.475345753939643,5.474582420967964,5.864383346930168,,5.622718267806444,"rgba(0, 255, 0, 1.0)",0.36038014213720443,5.725035461050264,2.913491661119309,60.448883184067356,15.518790884033749,False,True,True,False,False,20.0,0.0,0.0,0.0,0.0,0,1.0189125295508275,0.909692671394799,False,False,False,False,0.3157321496600644,0.32272833262973877,False,False,False,False,1239575.0,638376.248935627,False,False,False,False,65244.15798076299,False,False,False,False
2025-03-26 19:00:00+00:00,6.775,6.795,6.765,6.77,43101.0,,,,,,,6.805898182697844,5.776200678354258,5.577430201429837,5.575779283323574,5.55526232228252,5.500466213589431,5.478447476915034,5.4775709787836835,5.478314960395049,5.477459503015361,,,,,5.86966787068237,5.695548669677138,5.5604062972259,5.559830834410711,5.5414346720556145,5.514627919521108,5.489433026013282,5.478630934115662,5.477617392635944,5.86966787068237,,5.625790916690755,"rgba(0, 255, 0, 1.0)",0.35520748916702893,5.728161272739011,2.933042683599178,58.12933974698272,13.331037110303036,False,True,True,False,False,20.0,0.0,0.0,0.0,0.0,0,1.0165641268338856,0.9105537150970184,False,False,False,False,0.3148657018719397,0.3187970172508392,False,False,False,False,1196474.0,647028.9272467026,False,False,False,False,64900.85320586744,False,False,False,False
2025-03-27 14:00:00+00:00,6.715,6.815,6.71,6.79,14520.0,,,,,,,6.802978307397377,5.777885881516059,5.578862352632804,5.577204345542321,5.556607046776519,5.501679087822764,5.479569161353298,5.478633319082307,5.479352755086963,5.4784482612958385,,,,,5.871424639740229,5.697126055453024,5.56178056603594,5.561203583364843,5.542734893767117,5.515871520271412,5.490614959342676,5.479729675259568,5.478632716875774,5.871424639740229,,5.626859954137728,"rgba(0, 255, 0, 1.0)",0.3481489274371818,5.729239251335343,3.046859160168043,57.82454112146765,12.932995837353161,False,True,True,False,False,20.0,0.0,0.0,0.0,0.0,0,1.0122180451127822,0.9074248120300752,False,False,False,False,0.3088132844294976,0.3138051508401684,False,False,False,False,1210994.0,655772.5717855134,False,False,False,False,64119.75470655166,False,False,False,False
2025-03-27 15:00:00+00:00,6.785,6.815,6.735,6.745,38240.0,,,,,,,6.7960117828401305,5.782267277677144,5.582596706267518,5.580920345737888,5.560114987309708,5.504845567968773,5.4824987565603385,5.481408398397412,5.482063889821308,5.481031662844157,,,,,5.875984685756136,5.701232594644675,5.5653651151524475,5.564784200933435,5.546127550530814,5.519117610781656,5.493701164049309,5.482599529218966,5.481285328772708,5.875984685756136,,5.629681955540239,"rgba(0, 255, 0, 1.0)",0.3375327811907498,5.732063914048462,3.001000620971087,54.40688536310661,9.593092171834542,False,True,True,False,False,20.0,0.0,0.0,0.0,0.0,0,1.0168618266978926,0.9067915690866512,False,False,False,False,0.3131341771064002,0.3134696639732843,False,False,False,False,1172754.0,663787.7877268232,False,False,False,False,63718.51819947334,False,False,False,False
2025-03-27 16:00:00+00:00,6.745,6.775,6.715,6.725,7858.0,,,,,,,6.793916614661582,5.78313850455121,5.583343933155925,5.581663942311532,5.560817420403483,5.505480560242946,5.483086627690301,5.481965355334059,5.482608039103831,5.481550246861498,,,,,5.87688804372875,5.702051489253552,5.566082751282658,5.56550106191128,5.5468071800452154,5.519768334078537,5.4943202388934695,5.483175443460191,5.481817768853482,5.87688804372875,,5.630209660832816,"rgba(0, 255, 0, 1.0)",0.32880208455968596,5.732582744288656,3.0182815204481903,50.89597661858343,6.275587368833705,False,True,False,False,False,19.570238823229502,0.0,0.0,0.0,0.0,0,1.0154856874706712,0.9131862975129047,False,False,False,False,0.30278272001875717,0.30812619199602076,False,False,False,False,1164896.0,671556.90729695,False,False,False,False,62852.46365374507,False,False,False,False
2025-03-27 17:00:00+00:00,6.725,6.735,6.705,6.715,20492.0,,,,,,,6.787376321519711,5.78535561311581,5.585254341140737,5.583565145367121,5.562614237186652,5.507106600768717,5.4845927002214205,5.4833923777394045,5.484002284569129,5.482879104992258,,,,,5.8791804437947155,5.704139824496383,5.567918211412637,5.567334561625084,5.548546182424441,5.52143422157401,5.49590585322399,5.484650932284851,5.483182073461822,5.8791804437947155,,5.631496370048364,"rgba(0, 255, 0, 1.0)",0.32105716422887465,5.733828585881887,3.056064537524717,47.942770763156844,3.5262961915140636,False,True,False,True,False,19.074857755828766,0.0,0.0,0.0,0.0,0,1.008916001877053,0.9178789300797746,False,False,False,False,0.29420443928256945,0.3011653156392951,False,False,False,False,1144404.0,678887.8699745166,False,False,False,False,62195.7122792684,False,False,False,False
2025-03-27 18:00:00+00:00,6.715,6.735,6.69,6.695,29648.0,,,,,,,6.778396230899618,5.788504920939375,5.58797863759145,5.586276427485582,5.565177891861198,5.509428881663778,5.486744665708125,5.485431735014796,5.485994917267344,5.484778553720548,,,,,5.882429280573589,5.707111516984844,5.570536618211651,5.569950201363474,5.551028065300816,5.523812847828684,5.498170850605555,5.486759324226533,5.485132046441926,5.882429280573589,,5.633349663878362,"rgba(0, 255, 0, 1.0)",0.3142061783646309,5.735603778931457,3.053397059414854,44.76709803633808,0.5753551142313427,False,True,False,True,False,18.07980908794895,0.0,0.0,0.0,0.0,0,1.0093808630394,0.9169793621013134,False,False,False,False,0.2916391939442,0.29640225479174753,False,False,False,False,1114756.0,685645.5154012681,False,False,False,False,61691.096585016174,False,False,False,False
2025-03-27 19:00:00+00:00,6.695,6.725,6.685,6.715,52232.0,,,,,,,6.7669134580285775,5.7940110878257975,5.592753172525793,5.591028342736391,5.569673091744038,5.513503996774155,5.490522638679776,5.489012934899176,5.489494429800681,5.488115124143087,,,,,5.888102693102756,5.712312882408843,5.575127113251251,5.574535887424055,5.555380979964383,5.52798609127368,5.50214610865611,5.490461163085044,5.488556975292345,5.888102693102756,,5.636823061663996,"rgba(0, 255, 0, 1.0)",0.307520701712853,5.738929357727626,3.173999788748461,44.46337376522016,0.21350124281254068,False,True,False,True,False,18.68759240120688,0.0,0.0,0.0,0.0,0,1.0075011720581342,0.9188935771214254,False,False,False,False,0.2890776762034757,0.2927399654976116,False,False,False,False,1166988.0,693108.1895810935,False,False,False,False,61544.443924783365,False,False,False,False
2025-03-28 14:00:00+00:00,6.64,6.685,6.625,6.645,56311.0,,,,,,,6.749608061694684,5.799510525850917,5.597596031645477,5.595848923284093,5.57424068840548,5.5176595387795535,5.494381248954844,5.4926720414443375,5.493070489559059,5.491525829288459,,,,,5.893715916638522,5.717544635761485,5.579789373389025,5.579193452223717,5.5598084441455455,5.532238002138646,5.506202685084369,5.494242512860748,5.492057409204152,5.893715916638522,,5.640047674229112,"rgba(0, 255, 0, 1.0)",0.29771219247711855,5.741865727735211,3.033581744671747,40.48832880578166,-3.6312472639783593,False,True,False,True,False,15.246054041293714,0.0,0.0,0.0,0.0,0,1.00046685340803,0.9197012138188609,False,False,False,False,0.2720931086657275,0.2824165370816696,False,False,False,False,1110677.0,699582.1246263479,False,False,False,False,61463.305259282846,False,False,False,False
2025-03-28 15:00:00+00:00,6.645,6.675,6.635,6.645,39121.0,,,,,,,6.7403559559138975,5.803289821866163,5.600934521642399,5.599172215659079,5.577391303784508,5.520528704445179,5.497046882996313,5.495200607273299,5.495541961366023,5.493883604782717,,,,,5.897567259785305,5.721145122473485,5.583004688759069,5.58240556618488,5.5628633473663065,5.535173043547282,5.509004101232174,5.496855068874765,5.494476891805383,5.897567259785305,,5.6424126668293795,"rgba(0, 255, 0, 1.0)",0.29015766139885335,5.744026868091643,3.1051157759018153,37.83829883282266,-6.168101467156603,False,True,False,True,False,15.246054041293714,0.0,0.0,0.0,0.0,0,1.002805049088359,0.9200561009817673,False,False,False,False,0.2720931086657275,0.2772548228736985,False,False,False,False,1110677.0,705955.6885856293,False,False,False,False,61116.91292968156,False,False,False,False
2025-03-28 16:00:00+00:00,6.645,6.655,6.625,6.625,33515.0,,,,,,,6.7324679805083205,5.806437904108442,5.603732735306986,5.601957867944844,5.580034172645956,5.522939151895285,5.499287963975349,5.49732698090114,5.497620500672509,5.495866937008978,,,,,5.900763478477831,5.7241528078041,5.58570122924954,5.5850994689886235,5.5654270691090755,5.5376379306371035,5.511358355102432,5.49905171907425,5.496511911407836,5.900763478477831,,5.644388219200979,"rgba(0, 255, 0, 1.0)",0.28201218745624607,5.745806832541385,3.117571532595629,35.14586460449445,-8.758603767993137,False,True,False,True,False,14.270484500748857,0.0,0.0,0.0,0.0,0,0.9980411361410383,0.939275220372184,False,False,False,False,0.26702788335135685,0.2721413531125277,False,False,False,False,1077162.0,711710.8251967048,False,False,False,False,60688.97629511286,False,False,False,False
2025-03-28 17:00:00+00:00,6.625,6.64,6.605,6.64,54932.0,,,,,,,6.72108597174026,5.811505370044146,5.608257038241851,5.606462109846017,5.584310263106696,5.526843920434821,5.502920677594942,5.500774736435421,5.500991059299577,5.499083866966126,,,,,5.905895643994722,5.729004129205795,5.590063269430115,5.589457303827334,5.569576639157353,5.541629741543347,5.515173054956602,5.502612785842337,5.499812264206665,5.905895643994722,,5.647655781361797,"rgba(0, 255, 0, 1.0)",0.27653543506543554,5.748741194679468,3.2229461121669143,34.92376493262613,-9.137078304180449,False,True,False,True,False,14.768779879038462,0.0,0.0,0.0,0.0,0,0.9847140039447733,0.9423076923076922,False,False,False,False,0.2611353051873989,0.2666383291499633,False,False,False,False,1132094.0,718228.3937983062,False,False,False,False,60599.720848676996,False,False,False,False
2025-03-28 18:00:00+00:00,6.635,6.685,6.635,6.65,49997.0,,,,,,,6.715257290288643,5.816221677397234,5.612453706932155,5.610640188934061,5.588276785829441,5.530464790183524,5.506289503395232,5.5039729237055095,5.504118055480014,5.50206901234408,,,,,5.9106849509747255,5.733512273147824,5.594109303060129,5.5934994239153495,5.5734256732244845,5.545331686836446,5.518710266921714,5.505915551787057,5.502874429324191,5.9106849509747255,,5.650938289141149,"rgba(0, 255, 0, 1.0)",0.2729336288656063,5.751770090651911,3.2910195532936006,35.82331094709672,-9.137078304180449,False,True,False,True,False,15.103108833189307,0.0,0.0,0.0,0.0,0,0.9876237623762376,0.9366336633663366,False,False,False,False,0.2737845379487826,0.27021143354937294,False,False,False,False,1182091.0,725420.0621115108,False,False,False,False,60435.33757970526,False,False,False,False
2025-03-28 19:00:00+00:00,6.645,6.66,6.615,6.64,93461.0,,,,,,,6.7041287894032395,5.824709042455911,5.620073075038056,5.618226573627331,5.595487485229867,5.537062348885264,5.512434958075275,5.509809843683114,5.5098260330055915,5.507520195126791,,,,,5.919259770194943,5.741657992814522,5.6014618521494635,5.600845057489801,5.580427634066726,5.552073256750312,5.525158451725471,5.511941531574443,5.508465103419351,5.919259770194943,,5.656872052353446,"rgba(0, 255, 0, 1.0)",0.2685584641165332,5.757174722314199,3.287274078625667,35.78091594047947,-9.137078304180449,False,True,False,True,False,14.595635637513201,0.0,0.0,0.0,0.0,0,0.9856293359762145,0.9360753221010902,False,False,False,False,0.2661849854821322,0.2681982095157526,False,False,False,False,1088630.0,731051.2239392393,False,False,False,False,60947.36335366331,False,False,False,False
2025-03-31 14:00:00+00:00,6.605,6.665,6.605,6.615,42130.0,,,,,,,6.699488525506516,5.82843158575501,5.6234374520163035,5.621576667305893,5.598674756154633,5.539983973357893,5.515159007575604,5.51239825115649,5.512357676325898,5.509938814016079,,,,,5.923006521208634,5.745241708610287,5.6047108177654374,5.604091036770799,5.5835243805112444,5.5550573519407065,5.528015022669569,5.51461304988582,5.510945138762513,5.923006521208634,,5.659507986173438,"rgba(0, 255, 0, 1.0)",0.26361747129345137,5.759560900622411,3.2450015364320794,34.254906245551965,-10.739792961985287,False,True,False,True,False,13.3265857108405,0.0,0.0,0.0,0.0,0,0.9856293359762142,0.9350842418235877,False,False,False,False,0.26534245700044756,0.26677033325810007,False,False,False,False,1046500.0,735941.9026378557,False,False,False,False,60655.621286164656,False,False,False,False
2025-03-31 15:00:00+00:00,6.615,6.655,6.6,6.605,31875.0,,,,,,,6.695969692845341,5.831196072431022,5.625947027516051,5.6240757160679795,5.601053750896803,5.542167215518519,5.517195803392167,5.514334094405479,5.5142512355484845,5.511748200769899,,,,,5.9257818741681225,5.747908504127139,5.607135412425087,5.606513435324317,5.585836612142938,5.557286661139974,5.530150161153057,5.516610744054167,5.512800274320434,5.9257818741681225,,5.661471709907737,"rgba(0, 255, 0, 1.0)",0.2591336049708868,5.761328617415919,3.2557389948666304,32.68000088361263,-12.552122327763882,False,True,False,True,False,12.818878123368673,0.0,0.0,0.0,0.0,0,0.9881011403073875,0.9330689142290534,False,False,False,False,0.26281707351607997,0.26479370338709,False,False,False,False,1014625.0,740262.570814013,False,False,False,False,60209.410103433416,False,False,False,False
2025-03-31 16:00:00+00:00,6.605,6.655,6.585,6.635,38187.0,,,,,,,6.692395402777887,5.834503507597567,5.6289520056562194,5.627068161468565,5.603903205068877,5.544783277042327,5.519637085411678,5.516654836787907,5.5165214766465684,5.513917882313808,,,,,5.929101588406733,5.751100252241559,5.610039194397848,5.609414601479788,5.58860650056726,5.559957675991895,5.532708824555871,5.519005344421747,5.5150246150571665,5.929101588406733,,5.663857654625857,"rgba(0, 255, 0, 1.0)",0.2546473095326839,5.763487484336726,3.4224297019380665,35.228850561035024,-12.552122327763882,False,True,False,True,True,13.894105943340652,0.0,0.0,0.0,0.0,0,0.9840558046836078,0.9441953163926259,False,False,False,False,0.26029496294674426,0.26254433316691717,False,False,False,False,1052812.0,745108.2983982918,False,False,False,False,59867.9773886515,False,False,False,False
2025-03-31 17:00:00+00:00,6.635,6.655,6.605,6.615,33049.0,,,,,,,6.689580514570366,5.837343764303142,5.631538114459032,5.629643571699336,5.606356498623808,5.547037169162651,5.521741227762477,5.518655512276717,5.518478782389899,5.515788821230679,,,,,5.931949298748194,5.753843862971296,5.612538935966004,5.611912111293242,5.590991812592634,5.562258545759985,5.534913589555994,5.5210694185194535,5.51694250468172,5.931949298748194,,5.6659254766614024,"rgba(0, 255, 0, 1.0)",0.24953139866337676,5.765360217858268,3.4049413688732413,35.54270718793286,-12.552122327763882,False,True,False,True,True,12.860586379591535,0.0,0.0,0.0,0.0,0,0.981564524165421,0.9446935724962631,False,False,False,False,0.26365850245054046,0.2631014178087288,False,False,False,False,1019763.0,749366.5108262253,False,False,False,False,59452.17928960264,False,False,False,False
2025-03-31 18:00:00+00:00,6.615,6.635,6.605,6.615,26062.0,,,,,,,6.6873086927424055,5.839550363774367,5.633554412316624,5.631651610215399,5.608270228029409,5.548796984891492,5.5233848927898554,5.520218655366288,5.520008149500934,5.517250940114802,,,,,5.934157137463015,5.755978854319311,5.614488609062097,5.613860064661574,5.59285303065102,5.564054643707574,5.536635376093911,5.5226818975851355,5.518441187678,5.934157137463015,,5.66753398584017,"rgba(0, 255, 0, 1.0)",0.24262438994168872,5.766810568075665,3.4958951658907216,35.75194493919809,-12.552122327763882,False,True,False,True,True,12.860586379591535,0.0,0.0,0.0,0.0,0,0.9844922461230616,0.9454727363681843,False,False,False,False,0.26029496294674426,0.26169819037773656,False,False,False,False,1019763.0,753558.7044568264,False,False,False,False,58934.50209131423,False,False,False,False
2025-03-31 19:00:00+00:00,6.615,6.645,6.595,6.61,35965.0,,,,,,,6.684331270366958,5.842568554005585,5.636318680894847,5.634404644874015,5.610894940326664,5.551212250198846,5.52564160018724,5.5223652130778795,5.522108480141198,5.519259231738188,,,,,5.937173320573834,5.758902177286498,5.617162290192192,5.616531408751588,5.5954062682576335,5.566519308778343,5.53899879020269,5.5248959441782315,5.520499529159293,5.937173320573834,,5.669747047536407,"rgba(0, 255, 0, 1.0)",0.23446974871621493,5.768805117478967,3.5876478186495344,35.5106873324843,-12.552122327763882,False,True,False,True,True,12.595482975498967,0.0,0.0,0.0,0.0,1,0.9873417721518988,0.949873417721519,False,False,False,False,0.26029496294674376,0.2609965766622402,False,False,False,False,983798.0,757128.3059381159,False,False,False,False,58578.38577982099,False,False,False,False
2025-04-01 14:00:00+00:00,6.57,6.595,6.525,6.585,33664.0,,,,,,,6.679928672575949,5.845197406276233,5.638765174136181,5.636841521291431,5.613221906645189,5.553361002937246,5.527652296303296,5.524278426932636,5.523980666539445,5.521049898282561,,,,,5.939773368502568,5.761467359383845,5.619531621723921,5.618898763500166,5.597672079204667,5.568710153289733,5.541102844970321,5.52686884657018,5.522334557352131,5.939773368502568,,5.671612450864089,"rgba(0, 255, 0, 1.0)",0.22464741142386047,5.822719905970606,3.393228923484625,33.588623812959675,-12.74063337676585,False,True,False,True,False,11.267440249821078,0.0,0.0,0.0,0.0,1,0.9671882887430592,0.9535588086824835,False,False,False,False,0.24023135149435781,0.250613964078299,False,False,False,False,950134.0,760120.6422801606,False,False,False,False,58192.11623284702,False,False,False,False
2025-04-01 15:00:00+00:00,6.585,6.615,6.585,6.61,24496.0,,,,,,,6.67787013428243,5.847190389541085,5.640604060586072,5.63867309172212,5.614969842168295,5.554972590813412,5.5291595782627265,5.525712728296219,5.525384293619233,5.522392477564356,,,,,5.941756500497594,5.763404273417656,5.621311612545039,5.620677238524635,5.599373411778207,5.570353940366584,5.542680467928018,5.5283478570683116,5.523710346609003,5.941756500497594,,5.673081307136369,"rgba(0, 255, 0, 1.0)",0.21572031024508076,5.824701403091089,3.640355402867401,35.70473138326609,-12.74063337676585,False,True,False,True,True,12.238393482173684,0.0,0.0,0.0,0.0,1,0.9715447154471544,0.9568089430894307,False,False,False,False,0.2535850446090698,0.2520995043436844,False,False,False,False,974630.0,763446.3687564371,False,False,False,False,57669.69582613621,False,False,False,False
2025-04-01 16:00:00+00:00,6.605,6.615,6.56,6.595,24085.0,,,,,,,6.67560797943164,5.849105370667818,5.642380324683348,5.640442378555702,5.616659340156524,5.556532231481449,5.530619113548194,5.527101849038889,5.526743789121227,5.523693044321501,,,,,5.943655770892655,5.765269925675253,5.623031792417159,5.622395978019367,5.601018454435349,5.571944267206675,5.544207616909051,5.529780107545642,5.525042978708868,5.943655770892655,,5.6744859112008585,"rgba(0, 255, 0, 1.0)",0.20495347747210693,5.825979506996603,3.7521709926002895,35.92811040505741,-12.74063337676585,False,True,False,True,True,11.432202925196187,0.0,0.0,0.0,0.0,1,0.9779825908858165,0.9564772145417304,False,False,False,False,0.24940270643954884,0.2507511053916166,False,False,False,False,950545.0,766347.1227292054,False,False,False,False,57149.00286759146,False,False,False,False
2025-04-01 17:00:00+00:00,6.595,6.6,6.565,6.565,33898.0,,,,,,,6.672148358081169,5.851735705627634,5.6448340475011545,5.642886599653163,5.618994861049439,5.558691155983771,5.532640750854935,5.529026361604909,5.528627394350962,5.525495323069033,,,,,5.946255332210535,5.767839261219715,5.625409263495917,5.624771495301514,5.6032934157493886,5.574144953586656,5.546322138370988,5.531764099724312,5.526889522505559,5.946255332210535,,5.6764089494705665,"rgba(0, 255, 0, 1.0)",0.19613054119430406,5.827449269725487,3.7605093310981648,34.05045407938886,-12.74063337676585,False,True,False,True,False,9.83229429809423,0.0,0.0,0.0,0.0,1,0.9764464925755246,0.955965181771633,False,False,False,False,0.24773216952284355,0.24924163745723008,False,False,False,False,916647.0,768677.3533845666,False,False,False,False,56788.522202977634,False,False,False,False
2025-04-01 18:00:00+00:00,6.565,6.565,6.525,6.56,27834.0,,,,,,,6.668739204375104,5.853802396592372,5.64678182666765,5.644827010610145,5.620850938733848,5.560410792052107,5.534252654431903,5.530561240717045,5.53012977143437,5.526933161293315,,,,,5.94828433081855,5.769867678888048,5.627298107434302,5.6266588362169365,5.605102534165199,5.575896890841997,5.548007159798729,5.533346130753072,5.5283625051296,5.94828433081855,,5.67790069320812,"rgba(0, 255, 0, 1.0)",0.18703290166782854,5.828337743566748,3.9119441013254863,32.491827459395594,-14.096255189077873,False,True,False,True,False,9.566075664885535,0.0,0.0,0.0,0.0,1,0.9753593429158113,0.9594455852156056,False,False,False,False,0.2352455501192659,0.242243593788248,False,False,False,False,888813.0,770539.9215491469,False,False,False,False,56339.61488200124,False,False,False,False
2025-04-01 19:00:00+00:00,6.565,6.625,6.565,6.61,63903.0,,,,,,,6.664599818881209,5.858838725092004,5.6514679008901885,5.649495024658369,5.6253121751277755,5.564534697881851,5.538115325249554,5.534239690350096,5.533730640241724,5.530379606501606,,,,,5.953274258056416,5.77478101199687,5.631838984600646,5.6311959837943055,5.609448380176014,5.580100634080115,5.552046391486222,5.537137441002484,5.531892999126324,5.953274258056416,,5.681706825747042,"rgba(0, 255, 0, 1.0)",0.17576030463294576,5.831934507839728,4.426855618992971,37.45025375088704,-16.31326082987087,False,True,False,True,True,11.596398452623255,0.0,0.0,0.0,0.0,1,1.0036610878661087,0.9456066945606693,False,False,False,False,0.2519110745739061,0.24707733418107705,False,False,False,False,952716.0,773364.3568739663,False,False,False,False,56456.876666776414,False,False,False,False
2025-04-02 14:00:00+00:00,6.59,6.645,6.58,6.645,53760.0,,,,,,,6.662610041598576,5.863155045482721,5.655470743976256,5.6534824548963485,5.629123032509689,5.56805639043713,5.541414203227508,5.537382059813264,5.536807122512539,5.533324791087915,,,,,5.9575626917857205,5.7789852608540455,5.6357176826320625,5.635071484834671,5.613160565748174,5.583690800237841,5.55549567764076,5.540375727586207,5.5349096397631214,5.9575626917857205,,5.685041864032872,"rgba(0, 255, 0, 1.0)",0.1641155108479451,5.83523130763539,4.93413869402551,43.687513234835706,-10.774208937794839,False,True,False,True,True,12.971161143246515,0.0,0.0,0.0,0.0,1,1.016324381253291,0.9199578725645073,False,False,False,False,0.257776086909352,0.25242671054521454,False,False,False,False,1006476.0,776978.4908759203,False,False,False,False,56415.06462543104,False,False,False,False
2025-04-02 15:00:00+00:00,6.645,6.65,6.6,6.605,44057.0,,,,,,,6.660926952194667,5.866633125574045,5.658709803877852,5.656709219242812,5.632208850806245,5.570911451295491,5.544090334744973,5.539931988908633,5.539303873393885,5.535715581737442,,,,,5.961010317488137,5.782379541299702,5.63885779350461,5.638209050823934,5.616167585059652,5.586600554060744,5.5582927362914,5.543002997444346,5.537358110841689,5.961010317488137,,5.687737887820541,"rgba(0, 255, 0, 1.0)",0.15135638987746017,5.837750413166702,5.069158873665472,44.53497632094842,-10.279876132186658,False,True,False,True,True,10.80158453934667,0.0,0.0,0.0,0.0,1,1.0357142857142858,0.9045842217484007,False,False,False,False,0.261976008236651,0.2572013593909328,False,False,False,False,962419.0,779853.5375290067,False,False,False,False,56223.46672426157,False,False,False,False
2025-04-02 16:00:00+00:00,6.605,6.655,6.605,6.63,48919.0,,,,,,,6.659674453619092,5.870517049917954,5.66232429492724,5.660310049070955,5.635653003010651,5.574098565076932,5.547078358484112,5.542779740955586,5.542092515476467,5.538386373260256,,,,,5.964863704839993,5.786168535924638,5.642362257746537,5.641710682246723,5.619524065551922,5.589848622097893,5.561415263678342,5.545936728392848,5.540093056605056,5.964863704839993,,5.690780911625431,"rgba(0, 255, 0, 1.0)",0.13913043980114534,5.840637841557586,5.6735403091560945,47.08217085673509,-8.020810331376154,False,False,False,False,True,11.795696403180695,0.0,0.0,0.0,0.0,1,1.0574525745257453,0.8926829268292681,False,False,False,False,0.2633810016316471,0.26029118051128997,False,False,False,False,1011338.0,783442.4439239058,False,False,False,False,56110.21917814898,False,False,False,False
2025-04-02 17:00:00+00:00,6.625,6.63,6.585,6.605,9503.0,,,,,,,6.659260683034053,5.8712439214626855,5.663006471723875,5.6609897000670735,5.636303671946385,5.574701837330046,5.547644439484706,5.543319384345391,5.542621000192675,5.538892631714064,,,,,5.9655810405412435,5.786880415196898,5.643024146156058,5.642372050266501,5.620158521960605,5.59046314542064,5.562006536967825,5.546492571574504,5.540611419304501,5.9655810405412435,,5.691345978352091,"rgba(0, 255, 0, 1.0)",0.13362587277116153,5.841130040450594,5.7164824723544205,46.855831801779665,-8.020810331376154,False,False,False,True,True,10.445570021775112,0.0,0.0,0.0,0.0,1,1.0517711171662125,0.892643051771117,False,False,False,False,0.25318085478013813,0.2567360176457141,False,False,False,False,1001835.0,786828.3750258607,False,False,False,False,55387.62663275132,False,False,False,False
2025-04-02 18:00:00+00:00,6.605,6.65,6.595,6.62,27194.0,,,,,,,6.658439279080947,5.873358308741285,5.664984113759291,5.662959985979172,5.638189540242577,5.576449322978722,5.549283909988174,5.544882360926651,5.544151707611937,5.540359019078966,,,,,5.9676727761231385,5.788947886428432,5.644942615526043,5.644288998842217,5.621997136596143,5.592243479215381,5.563719089937882,5.548102430631549,5.542112830251501,5.9676727761231385,,5.693004462733684,"rgba(0, 255, 0, 1.0)",0.12874771055422182,5.842639897673974,6.037855733354125,47.9465781437311,-7.066025708420177,False,False,False,False,True,11.054561167247961,0.0,0.0,0.0,0.0,1,1.0444810543657328,0.9017023613399228,False,False,False,False,0.2583837963519523,0.2575599069988332,False,False,False,False,1029029.0,790583.4234750721,False,False,False,False,54950.516142321074,False,False,False,False
2025-04-02 19:00:00+00:00,6.625,6.66,6.625,6.66,72409.0,,,,,,6.648333333333334,6.6578836616999135,5.879129156779947,5.670356054472149,5.668311872749482,5.643311193780628,5.581191993186131,5.553732940603668,5.549124583552678,5.548306745621689,5.544340061088025,,,,,5.973402386095994,5.794577998942931,5.650152874478505,5.649495089356301,5.626989745540742,5.597076130844105,5.568366460575358,5.552471453718527,5.54618860124882,5.973402386095994,,5.745137116883446,"rgba(0, 255, 0, 1.0)",0.12456681697736571,5.902054235824834,6.084652257855219,51.5418019860993,-3.570111690240637,True,False,True,False,True,12.654964548901305,0.0,0.0,0.0,0.0,1,1.0441257584114727,0.897959183673469,False,False,False,False,0.26534245596307793,0.2614511814809556,False,False,False,False,1101438.0,795402.8742739082,False,False,False,False,55221.190310657184,False,False,False,False
2025-04-03 14:00:00+00:00,6.445,6.485,6.305,6.305,22901.0,,,,,,6.580254258035184,6.652877912320964,5.880270754392927,5.67155416772704,5.669506578705159,5.644466622073481,5.582287309121485,5.554770273716898,5.550115411882228,5.549277565786977,5.545271595599114,,,,,5.974442166730009,5.7957574727864225,5.65132493934274,5.650666533859216,5.628123436140977,5.598185910093715,5.569444573731343,5.553490645535422,5.547141634532704,5.974442166730009,,5.742461488105701,"rgba(0, 255, 0, 1.0)",0.12660262724448446,5.898480997138226,3.210983940141603,41.552015351430825,-2.4780105683352502,False,True,False,True,False,0.0,0.0,0.0,0.0,0.0,0,1.0139186295503209,0.906852248394004,False,False,False,False,0.18076107668593377,0.22110612908344468,False,False,False,False,1078537.0,799792.5506417545,False,False,False,False,54720.10208878653,False,False,False,False
2025-04-03 15:00:00+00:00,6.305,6.435,6.285,6.395,80106.0,,,,,,6.485000019002448,6.637014379733025,5.884276465338544,5.675752741075431,5.673693281011252,5.648516408994523,5.586127107058553,5.558407697152186,5.553590604271971,5.552682946629824,5.54853982909632,,,,,5.978097553163054,5.799892961359315,5.65543268921722,5.65477211819211,5.632097378988073,5.602076260123225,5.573224296384774,5.557064799862096,5.550484924712524,5.978097553163054,,5.740337223068323,"rgba(0, 255, 0, 1.0)",0.12634811770195667,5.893668724944979,3.9678570933491413,38.888496667210674,-4.564817688850589,False,True,False,True,False,0.04164007535657532,0.0,0.0,0.0,0.0,0,1.0101225359616408,0.9168886521044218,False,False,False,False,0.1690300054798206,0.19506806728163265,False,False,False,False,1158643.0,805356.1235000219,False,False,False,False,55113.68190136348,False,False,False,False
2025-04-03 16:00:00+00:00,6.395,6.435,6.375,6.385,53686.0,,,,,,6.4646912146845805,6.62831947382028,5.887069581969886,5.678645246805156,5.676577460401038,5.651304530040486,5.58876630169717,5.560906716642348,5.555978609129423,5.555023247197289,5.55078621936357,,,,,5.980673376706756,5.802759149393163,5.6582610548767525,5.657598938122149,5.634832150880132,5.604751279938596,5.575821484930969,5.55952056926903,5.552782690994059,5.980673376706756,,5.741253464843142,"rgba(0, 255, 0, 1.0)",0.12457954512296031,5.893184214902415,3.947805272624504,36.90305685864837,-6.244485541543135,False,True,False,True,False,0.0,0.0,0.0,0.0,0.0,0,1.0288924558587476,0.9069020866773673,False,False,False,False,0.18412173371009846,0.18959490049586555,False,False,False,False,1104957.0,810001.0983294789,False,False,False,False,55091.54729824157,False,False,False,False
2025-04-03 17:00:00+00:00,6.385,6.405,6.335,6.385,30556.0,,,,,,6.45413654371006,6.623173845438961,5.888573867430681,5.680228190902718,5.678156056112828,5.652832903675118,5.5902177105033495,5.562282986543349,5.557294267823607,5.556312785506222,5.55202442905803,,,,,5.982044265313432,5.804314813559358,5.659810803362252,5.6591478980228285,5.636332674802835,5.606221256875635,5.577250688288131,5.560873203716803,5.554049001856566,5.982044265313432,,5.741763909625139,"rgba(0, 255, 0, 1.0)",0.12373296588552092,5.892886438911033,3.9772227034812686,35.57943031960683,-7.514153678916216,False,True,False,True,False,0.0,0.0,0.0,0.0,0.0,0,1.0267522739432853,0.9047619047619045,False,False,False,False,0.16802371062390922,0.1788093055598874,False,False,False,False,1104957.0,814574.0580453009,False,False,False,False,54711.15121609828,False,False,False,False
2025-04-03 18:00:00+00:00,6.385,6.385,6.255,6.295,99475.0,,,,,,6.414674308218219,6.603852121197762,5.892778115196979,5.684866732144881,5.682783488656912,5.657331647807004,5.594527528903773,5.566384720496696,5.561218782695598,5.560160322518142,5.555721536302576,,,,,5.985733128638913,5.808765602412166,5.664367214485095,5.663702460065235,5.640760514888806,5.610577082616924,5.581501664619811,5.5649056308496645,5.557828631182106,5.985733128638913,,5.7426220616948624,"rgba(0, 255, 0, 1.0)",0.12477464370493052,5.89082396232047,3.239248181187626,32.76511395326114,-10.288761671618595,False,True,False,True,False,0.0,0.0,0.0,0.0,0.0,0,1.0138592750533049,0.9141791044776117,False,False,False,False,0.15067425829016334,0.16474178192502537,False,False,False,False,1005482.0,817533.8710988621,False,False,False,False,55405.16437553862,False,False,False,False
2025-04-03 19:00:00+00:00,6.295,6.315,6.25,6.265,264676.0,,,,,,6.356119028420558,6.557503895439865,5.902666493792607,5.6962121165589235,5.694105621826246,5.668383169860392,5.6052003252888385,5.576580382756549,5.570986846825888,5.569741228223512,5.5649380775325294,,,,,5.994145669579944,5.819437995457017,5.67554698501665,5.674878750829191,5.651663764796895,5.6213433051018455,5.592045473464899,5.57493372777615,5.567245443381862,5.994145669579944,,5.7466839150965185,"rgba(0, 255, 0, 1.0)",0.12692435854781167,5.888214649667386,2.9685818754063718,30.328896373636375,-12.733789109153975,False,True,False,True,False,0.0,0.0,0.0,0.0,0.0,0,1.0085287846481876,0.9232409381663113,False,False,False,False,0.1378797776123588,0.1513107797686921,False,False,False,False,740806.0,816344.2917019806,False,False,False,False,58649.67345498763,False,False,False,False
2025-04-04 14:00:00+00:00,5.645,5.655,5.415,5.54,110200.0,,,,,,6.233091040663898,6.500648089278206,5.898782889796799,5.6949487104164955,5.692865761454319,5.667411790235869,5.604756761355271,5.576343253032182,5.570792854163616,5.5695581079358405,5.564788393739965,,,,,5.988703472911224,5.8167778507662735,5.674499162633653,5.673837414273547,5.650848633642633,5.620777263366499,5.5916979482798475,5.574710557540218,5.567079561994164,5.988703472911224,,5.736645975874026,"rgba(255, 0, 0, 1.0)",0.176026641104008,5.870780249228559,-1.8791487876719297,23.381739954492463,-19.269360776134683,False,True,False,True,False,0.0,0.0,0.0,0.0,0.0,0,0.976447497546614,0.9381746810598623,False,False,False,False,-0.11326672781536837,0.01902202597666186,False,False,False,False,630606.0,813464.6282647406,False,False,False,False,59448.903323902545,False,False,False,False
2025-04-04 15:00:00+00:00,5.54,5.67,5.495,5.505,148446.0,,,,,,6.1193033771316,6.4347686089315355,5.893961736318765,5.693489213651008,5.691436081498689,5.66632244081359,5.604341114132735,5.5761870322939355,5.570686107736255,5.569462673800113,5.564730879395123,,,,,5.981889405096466,5.813522881663336,5.673313646761451,5.672660172461958,5.649957858361985,5.620205115401374,5.591404298417735,5.5745699107579965,5.567004022525768,5.981889405096466,,5.7264608288575705,"rgba(255, 0, 0, 1.0)",0.21642103193322992,5.852304601695103,-1.604763634073481,18.646108816530788,-23.56197052969065,False,True,False,True,False,0.0,0.0,0.0,0.0,0.0,0,0.9854862119013058,0.935655539429124,False,False,False,False,-0.09721651689616413,-0.039097245459751136,False,False,False,False,482160.0,808328.1224001709,False,False,False,False,60828.703272369174,False,False,False,False
2025-04-04 16:00:00+00:00,5.505,5.53,5.435,5.475,231819.0,,,,,,5.986299583106728,6.340939054359913,5.88504790910721,5.690027477275799,5.688026015485484,5.663503618144632,5.602685184419207,5.575009061598195,5.569628426781403,5.568440245787863,5.563804105886492,,,,,5.969824965606706,5.807130114333529,5.670323345884956,5.6696840026229305,5.647484115507206,5.6182779805941045,5.589964810468537,5.573432601489496,5.566029414647424,5.969824965606706,,5.712278101655391,"rgba(239, 83, 80, 1.0)",0.2519193528896533,5.826688279955382,-1.3960351831700304,15.394851111219564,-26.51624560460224,False,True,False,True,False,0.0,0.0,0.0,0.0,0.0,0,0.9883608147429679,0.9490785645004848,False,False,False,False,-0.13107464645946237,-0.08508594595960675,False,False,False,False,250341.0,799677.1592621837,False,False,False,False,63479.715624735545,False,False,False,False
2025-04-04 17:00:00+00:00,5.475,5.555,5.405,5.545,78262.0,,,,,,5.954494806306336,6.313988268132203,5.882281024213321,5.689001968003784,5.687016812489934,5.662681243522622,5.602233035157012,5.574707078186877,5.5693618797832265,5.56818360538196,5.563575500512784,,,,,5.966056334879636,5.805166197009233,5.669447160997354,5.668812311255731,5.646771105026747,5.617739363385309,5.589581307081648,5.57314240898691,5.565786928025414,5.966056334879636,,5.708501416916902,"rgba(239, 83, 80, 0.5)",0.27941600939510935,5.8196755275359875,-0.9830343226596637,15.498478115897408,-26.535743147367974,False,True,False,True,False,0.0,0.0,0.0,0.0,0.0,0,0.9816336394393426,0.9502174963750604,False,False,False,False,-0.13192461957541113,-0.10850528276750894,False,False,False,False,328603.0,792373.6839247855,False,False,False,False,63708.89832822802,False,False,False,False
2025-04-04 18:00:00+00:00,5.545,5.565,5.435,5.455,48453.0,,,,,,5.936163917112346,6.297828425874221,5.880513800205149,5.688316650669356,5.686341770234585,5.662124007517332,5.601909069652974,5.574478981613166,5.569157531076388,5.5679861378669315,5.563396933231149,,,,,5.96367073576422,5.803896839674047,5.668855818187305,5.668223792580467,5.6462828526749576,5.617360860801305,5.589300844334542,5.572922300588095,5.565598930464848,5.96367073576422,,5.706216510006169,"rgba(239, 83, 80, 1.0)",0.30813582181347643,5.815458244522196,-1.1698031160440399,15.056544564159044,-27.33091420376578,False,True,False,True,False,0.0,0.0,0.0,0.0,0.0,0,0.9884559884559884,0.9422799422799419,False,False,False,False,-0.12513003416885163,-0.11681765846818029,False,False,False,False,280150.0,784432.2314608353,False,False,False,False,63472.37277275161,False,False,False,False
2025-04-04 19:00:00+00:00,5.455,5.61,5.435,5.54,63373.0,,,,,,5.916349289282167,6.278697138106778,5.878476649230632,5.687616789937813,5.685654205828873,5.661577458334733,5.601644097581146,5.574326026329365,5.569028601322704,5.567863402678966,5.563293021190834,,,,,5.960865280729857,5.802475272147208,5.668269032566763,5.667640424755666,5.645819072542509,5.617030064740819,5.589087744785363,5.57277714072492,5.565485851202629,5.960865280729857,,5.703698828200986,"rgba(239, 83, 80, 0.5)",0.33011054659455374,5.810652860865405,-0.8198855312484893,17.45021764614576,-27.33091420376578,False,True,False,True,False,0.0,0.0,0.0,0.0,0.0,0,0.9867046533713196,0.93684710351377,False,False,False,False,-0.1239036291504437,-0.120360643809312,False,False,False,False,343523.0,777596.4294226828,False,False,False,False,63470.83210960817,False,False,False,False
2025-04-07 14:00:00+00:00,5.485,5.695,5.345,5.495,81442.0,,,,,,5.892566588300606,6.254948641895708,5.875770032212592,5.686633150447077,5.6846866555280355,5.660794558055898,5.601229584840631,5.574060249070372,5.568796731423084,5.5676407508111,5.56309714839332,,,,,5.957175691646876,5.800560013219074,5.667433137454568,5.666808988750808,5.645144591767243,5.616529337641572,5.5887415336650825,5.572522536401632,5.565276793640736,5.957175691646876,,5.7005208357583,"rgba(239, 83, 80, 0.5)",0.3519445595160625,5.804641567360688,-0.8798021136807953,18.653142149668724,-27.33091420376578,False,True,False,True,True,0.0,0.0,0.0,0.0,0.0,0,0.9772093023255813,0.9399999999999998,False,False,False,False,-0.12476403423866894,-0.12256233902399047,False,False,False,False,262081.0,769603.9421448119,False,False,False,False,63749.45486759874,False,False,False,False
2025-04-07 15:00:00+00:00,5.49,5.54,5.34,5.455,33650.0,,,,,,5.881956441232568,6.244718136679894,5.874460712397888,5.686076301325487,5.68413719162131,5.660329920224284,5.600932774969215,5.573834461229943,5.568590316227534,5.567440314534771,5.562912307336544,,,,,5.955443388818203,5.799595097000284,5.666943659824831,5.666321530311271,5.644729685146016,5.616193186615146,5.588476440195264,5.572303393836285,5.565084062993413,5.955443388818203,,5.699023966126008,"rgba(239, 83, 80, 0.5)",0.37340099933756055,5.801929973056042,-0.9291083143096034,19.101780600666295,-27.33091420376578,False,True,False,True,True,0.0,0.0,0.0,0.0,0.0,0,0.9761467889908255,0.9486238532110092,False,False,False,False,-0.15240139971343217,-0.13748186936871132,False,False,False,False,228431.0,761213.663972024,False,False,False,False,63282.79665259721,False,False,False,False
2025-04-07 16:00:00+00:00,5.455,5.485,5.385,5.41,38746.0,,,,,,5.869858884240845,6.232991021706382,5.872898992687525,5.6853897736549905,5.683459363180259,5.659752049193277,5.6005523922317915,5.573538599585446,5.568318361840626,5.5671758982556145,5.562667208372599,,,,,5.953392080549758,5.798433410251261,5.666336380739942,5.665716622871303,5.644210413134049,5.615766480430242,5.588133560276266,5.572015790431791,5.5648291447848575,5.953392080549758,,5.697271821420941,"rgba(239, 83, 80, 0.5)",0.39474347925506925,5.7987877706981585,-0.9849124586727815,19.00165052411638,-27.33091420376578,False,True,False,True,True,0.0,0.0,0.0,0.0,0.0,0,0.978350990327038,0.9645324735145093,False,False,False,False,-0.1541359983346435,-0.14580893385167742,False,False,False,False,189685.0,752352.7544530778,False,False,False,False,62902.381200618955,False,False,False,False
2025-04-07 17:00:00+00:00,5.41,5.615,5.41,5.595,33526.0,,,,,,5.862445425634466,6.224500407052093,5.871897417592638,5.68505759838739,5.683133310442303,5.659496337865979,5.600438242587922,5.573480359652486,5.568271486459878,5.56713180214018,5.562631979700648,,,,,5.95200908665451,5.797738709037357,5.666060697282343,5.665442653018798,5.643996131501235,5.615619165861559,5.5880454666305726,5.571961176839904,5.564789641310715,5.95200908665451,,5.696207354782649,#000000,0.4078854281811323,5.796708960635131,-0.49452357622728615,24.80551438976522,-31.139574136897135,False,True,False,True,True,0.0,0.0,0.0,0.0,0.0,0,0.9890510948905109,0.9457116788321167,False,False,False,False,-0.12734635771089542,-0.13657764578128642,False,False,False,False,223211.0,744149.0063220223,False,False,False,False,62446.933430066725,False,False,False,False
2025-04-07 18:00:00+00:00,5.595,5.615,5.475,5.475,52619.0,,,,,,5.850834394732609,6.211240120570631,5.870251378212922,5.684473793542377,5.682559384059697,5.659035956734364,5.600205866958078,5.57333952831465,5.568150721335081,5.567016310339282,5.562532297574572,,,,,5.949761281180256,5.796578852592861,5.6655678555138005,5.664952564679612,5.64360261184696,5.615333331463884,5.5878553407982485,5.57182688279317,5.564682227538161,5.949761281180256,,5.6944900350390615,"rgba(239, 83, 80, 0.5)",0.4239136832077896,5.7934089479793265,-0.7511174104357761,27.01614788178047,-28.907418806619027,False,True,False,True,True,0.0,0.0,0.0,0.0,0.0,0,0.9940962761126247,0.9459582198001816,False,False,False,False,-0.11616803557207113,-0.12637284067667878,False,False,False,False,170592.0,735256.6496348592,False,False,False,False,62294.562369135456,False,False,False,False
2025-04-07 19:00:00+00:00,5.475,5.575,5.47,5.505,72853.0,,,,,,5.835780504304358,6.1935584062736915,5.867965424617751,5.683647733099363,5.681746977355881,5.658380578322392,5.599866049255675,5.573127055450735,5.567966672545208,5.566839849165698,5.562378293383118,,,,,5.946651693909837,5.794960066116478,5.664867507685898,5.664256021733354,5.643039759067383,5.61491946908438,5.5875741451318905,5.571623710542309,5.564517205123295,5.946651693909837,,5.692183356108435,"rgba(239, 83, 80, 0.5)",0.43790953033331026,5.78899039820409,-0.6485138562477368,29.335739494360972,-26.569069711272366,False,True,False,True,True,0.0,0.0,0.0,0.0,0.0,0,0.9914104882459313,0.9489150090415912,False,False,False,False,-0.1239036291504437,-0.12513823491356124,False,False,False,False,243445.0,727631.6628188149,False,False,False,False,62458.259076590715,False,False,False,False
2025-04-08 14:00:00+00:00,5.675,5.745,5.505,5.51,62135.0,,,,,,5.826563339929205,6.180661727454341,5.8664228630443285,5.683242264067577,5.681351505588771,5.658100121293738,5.5998204146748405,5.573170211027307,5.568023514425025,5.56689893704682,5.562447650419917,,,,,5.94446069622735,5.793937726261259,5.664555060060049,5.663946420530282,5.642827370274484,5.614818756207946,5.587571098203281,5.57167081893831,5.564581940519837,5.94446069622735,,5.6907536218097325,"rgba(239, 83, 80, 0.5)",0.45076589477452234,5.786004432388959,-0.6123010538031476,31.033806042948964,-24.7926126603475,False,True,False,True,True,0.0,0.0,0.0,0.0,0.0,0,0.9951176209498444,0.9325343985796715,False,False,False,False,-0.08876903006848451,-0.10695363249102288,False,False,False,False,305580.0,721088.226185965,False,False,False,False,62453.2473079614,False,False,False,False
2025-04-08 15:00:00+00:00,5.51,5.535,5.435,5.495,70228.0,,,,,,5.812986667322068,6.164423257016287,5.864093914408211,5.682325560206026,5.680448354907231,5.657353029045973,5.599386459138449,5.572865682721394,5.56775066925246,5.566635187663823,5.5622092160916985,,,,,5.9413443889111806,5.792251752531692,5.66376284615604,5.663157965156026,5.642172281680702,5.614311191187232,5.587195924889432,5.571376888164621,5.564330895103354,5.9413443889111806,,5.688519106577695,"rgba(239, 83, 80, 0.5)",0.4633743257515999,5.781829298426671,-0.6190012749658272,31.904982092098948,-23.725327546485055,False,False,False,True,True,0.0,0.0,0.0,0.0,0.0,1,0.9898499558693733,0.9505736981465136,False,False,False,False,-0.3170555436764699,-0.2120045880837464,False,False,False,False,235352.0,713557.4319815314,False,False,False,False,62573.786109388355,False,False,False,False
2025-04-08 16:00:00+00:00,5.495,5.495,5.325,5.33,72170.0,,,,,,5.795965448978654,6.146039402163574,5.861069787265567,5.680887392258164,5.679026518158,5.656119384446157,5.598525675694949,5.572169098477054,5.567104071448899,5.566004990312825,5.5616197871954505,,,,,5.937453894255095,5.789946497122003,5.662473257012914,5.661872816370533,5.641049291310121,5.6133625964722365,5.586406965033747,5.57069778108669,5.563720554090801,5.937453894255095,,5.685575760457672,"rgba(239, 83, 80, 0.5)",0.4797112682654903,5.776709742690725,-0.9312054401096518,30.02350495105777,-23.725327546485055,False,True,False,True,True,0.0,0.0,0.0,0.0,0.0,0,0.9771668219944081,0.9687791239515375,False,False,False,False,-0.34282825441539394,-0.27741642124957017,False,False,False,False,163182.0,705024.4795477092,False,False,False,False,62722.564619320314,False,False,False,False
2025-04-08 17:00:00+00:00,5.325,5.375,5.265,5.335,99013.0,,,,,,5.7716875118877535,6.120357141691248,5.856483131007155,5.678554249657019,5.676717355960032,5.654086773667292,5.597038714689803,5.570929058568118,5.565945064526397,5.564873560519591,5.560554891005238,,,,,5.931651108592522,5.786378086248696,5.660357473861427,5.659763503089812,5.639179214822961,5.61174695615537,5.585026357460467,5.569486429877489,5.5626212430068245,5.931651108592522,,5.6811718913147615,"rgba(239, 83, 80, 0.5)",0.49501540607564615,5.769280107129163,-0.8773062450157315,28.951779678501424,-23.725327546485055,False,True,False,True,False,0.0,0.0,0.0,0.0,0.0,0,0.9587198515769942,0.9828385899814469,False,False,False,False,-0.34282825441539394,-0.31012233783248205,False,False,False,False,262195.0,698158.9062213881,False,False,False,False,63285.2070283231,False,False,False,False
2025-04-08 18:00:00+00:00,5.335,5.38,5.185,5.195,65396.0,,,,,,5.7546200897217705,6.102807098753491,5.853093818010314,5.676720982192353,5.674901233431763,5.652468512578513,5.59580904005066,5.569880148141235,5.56495974483696,5.563910551982089,5.559644395385718,,,,,5.927432725379106,5.783689657126196,5.658678993421066,5.65808961014934,5.6376771681291595,5.610425523386228,5.583873339445159,5.568460273988694,5.561683392118089,5.927432725379106,,5.677941314911395,"rgba(239, 83, 80, 1.0)",0.5134675266274253,5.763994356548361,-1.1081408794936818,26.542767202330193,-23.725327546485055,False,True,False,True,False,0.0,0.0,0.0,0.0,0.0,0,0.9485193621867879,0.9808656036446468,False,False,False,False,-0.34282825441539394,-0.326475296123938,False,False,False,False,196799.0,690385.8844195062,False,False,False,False,63317.9325007522,False,False,False,False
2025-04-08 19:00:00+00:00,5.195,5.2,5.055,5.16,146467.0,,,,,,5.712293644976937,6.060978762031833,5.844209913849174,5.671571999329978,5.669795342809386,5.647860356760379,5.592172449464416,5.566711458955645,5.5619691802060816,5.560984468945637,5.556866317197372,,,,5.138333333333333,5.916592811007561,5.7764811586128015,5.653917053479883,5.653339076351239,5.633361105575355,5.6065591435698146,5.580431370537474,5.565356032746015,5.558827646110626,5.916592811007561,,5.6442196488500445,"rgba(239, 83, 80, 1.0)",0.5314044624414513,5.729533999802438,-1.0717523845882038,24.570101131604016,-20.36202187728462,False,True,False,True,False,0.0,0.0,0.0,0.0,0.0,0,0.9468664850136238,0.9972752043596729,True,False,False,False,-0.34282825441539394,-0.33465177526966594,False,False,False,False,50332.0,680462.5683819945,False,False,False,False,64607.065330197904,False,False,False,False
2025-04-09 14:00:00+00:00,5.095,5.255,5.065,5.115,88348.0,,,,,,5.68972710988441,6.037627656248949,5.839006792111717,5.66855174921628,5.666800265400128,5.645156320368943,5.5900385158318855,5.56485192202429,5.560213546521548,5.55926638292911,5.555234652635177,,,,5.140841634194294,5.910251844430329,5.772254994986158,5.65112319019791,5.650551894228587,5.630828149554506,5.604290209776462,5.578411712620486,5.563534040426886,5.5571506468315635,5.910251844430329,,5.639795868115221,"rgba(239, 83, 80, 1.0)",0.5492964541980769,5.72226908081241,-1.105539779423786,22.78585620942953,-22.219910825864687,False,True,False,True,False,0.0,0.0,0.0,0.0,0.0,0,0.9499549143372407,0.9905320108205591,False,False,False,False,-0.32899677677418815,-0.33182427602192704,False,False,False,False,-38016.0,669323.3657714209,True,False,False,False,64975.14183670646,False,False,False,False
2025-04-09 15:00:00+00:00,5.115,5.305,5.115,5.275,79668.0,,,,,,5.6738649893239055,6.019516234641136,5.83495850735062,5.666303734746335,5.664572350698139,5.643160983777243,5.588502972429034,5.563532332310755,5.558970839695905,5.558050801604542,5.554082848515129,,,,5.16385034591165,5.90526010015647,5.769012146165914,5.649056917491832,5.648491016972662,5.628969934771826,5.602645720499013,5.5769674609737185,5.5622419680199595,5.555965571251354,5.90526010015647,,5.637522751300339,"rgba(239, 83, 80, 0.5)",0.5615713796254223,5.7178260435881505,-0.7885480985222622,27.370313900916756,-22.219910825864687,False,True,False,True,True,0.0,0.0,0.0,0.0,0.0,0,0.9542805916629313,0.9878978036754817,False,False,False,False,-0.3079504851830787,-0.3198873806025029,False,False,False,False,41652.0,659592.0267672129,False,False,False,False,65202.93808730016,False,False,False,False
2025-04-09 16:00:00+00:00,5.275,5.305,5.225,5.225,49789.0,,,,,,5.664921522269287,6.008881971771934,5.832538765231675,5.6649746423867615,5.663255341385023,5.641983869299245,5.587603401949409,5.562762321926239,5.558246130310606,5.557341958161681,5.5534115703595495,,,,5.175853153687354,5.9022691226524735,5.767079888308919,5.647837275334107,5.647274630459709,5.627875409844852,5.601680347242544,5.576122886018493,5.56148812091649,5.55527472847744,5.9022691226524735,,5.636127478952086,"rgba(239, 83, 80, 0.5)",0.5743502556943821,5.715149496783391,-0.8533982390080188,29.572823857450963,-25.78036162217748,False,True,False,True,True,0.0,0.0,0.0,0.0,0.0,0,0.9541117673784641,1.004997728305316,False,False,False,False,-0.2851004388144596,-0.3024939097084812,False,False,False,False,-8137.0,649239.6387553181,False,False,False,False,64963.962303000924,False,False,False,False
2025-04-09 17:00:00+00:00,5.225,5.8,5.165,5.785,106857.0,,,,,,5.661373571635828,5.996598266810451,5.830339585609747,5.6644168288198165,5.662711952068309,5.641607823023615,5.587579066544647,5.562870754298974,5.558372465600262,5.557470377899296,5.5535534402380655,,,,5.268273933466205,5.899167180387648,5.765618701287361,5.647415171059039,5.646856726444582,5.627599809589531,5.6015726777016255,5.576162841063173,5.561601331145479,5.555410780039493,5.899167180387648,,5.639360632606341,#000000,0.5750049118473988,5.7169809475456725,0.11829299376903281,41.36272589118563,-15.049663647038656,True,False,False,True,True,0.0,0.0,0.0,0.0,0.0,0,0.9510186389250106,0.9562201993931511,False,False,False,False,-0.19728210684764233,-0.2498880082780618,False,False,False,False,98720.0,640704.4505575612,False,False,False,False,65613.46676341952,False,False,False,False
2025-04-09 18:00:00+00:00,5.795,5.865,5.715,5.775,148205.0,,,,,,5.668405710438868,5.9884530210427185,5.829791362485945,5.665548784866267,5.663854336979585,5.642871714261194,5.589127303752329,5.564482904339664,5.559944355862273,5.559018960589481,5.555065493357219,,,,5.391925124407831,5.897647639370424,5.765830130809688,5.648652656374579,5.648097709054679,5.6289390644785255,5.60305359507595,5.577755607442352,5.563195592238747,5.5569444713008815,5.897647639370424,,5.646124073263295,#000000,0.5755957196091879,5.722777250039475,0.09072817635958604,49.020602290677786,-8.578969903468085,True,False,True,False,True,0.0,0.0,0.0,0.0,0.0,0,0.9952647438656907,0.9513560051657339,False,False,False,False,-0.0777755057690095,-0.16383175702353564,False,False,False,False,-49485.0,630003.8389210098,False,False,False,False,66893.95565080836,False,False,False,False
2025-04-09 19:00:00+00:00,5.775,5.945,5.765,5.865,134181.0,,,,,5.858333333333333,5.6777078592012495,5.984070890861648,5.830100437148051,5.667173464568747,5.665485403209817,5.644577523026557,5.5910252528259115,5.566401174732181,5.561806450673741,5.560852052606117,5.556848732634034,,,,5.4749800335759735,5.897179529477595,5.7667348198882,5.650346346043969,5.649793813104456,5.630692686403517,5.604906052920398,5.57967974937905,5.565090267508131,5.558756324881859,5.897179529477595,,5.661024645363842,#000000,0.5752840426517289,5.742320171104472,0.2132508809562046,55.15233136070059,-3.5162277524715364,True,False,True,False,True,0.0,0.0,0.0,0.0,0.0,0,1.001711596063329,0.9460847240051348,False,False,False,False,-0.05290646704325561,-0.10836911203339562,False,False,False,False,84696.0,621549.4538214593,False,False,False,False,67937.1656407183,False,False,False,False
2025-04-10 14:00:00+00:00,5.465,5.575,5.435,5.485,67520.0,,,,,5.737822279843266,5.673393426368739,5.975976443744617,5.828302418848539,5.666460488740009,5.664782940820818,5.6439972214768455,5.59069757650583,5.566178309358752,5.561607754910428,5.560659977162304,5.5566761044406405,,,,5.4769005543815625,5.894804058439259,5.765420391792732,5.649730976564654,5.649181424064489,5.630185483153153,5.604518316586077,5.579400000957536,5.564875312700841,5.558574091582138,5.894804058439259,,5.654552070565601,#000000,0.580173723594525,5.734200609995299,-0.429527570554818,52.704105847929135,-3.5162277524715364,True,False,True,False,True,0.0,0.0,0.0,0.0,0.0,0,0.9804248229904204,0.9554352353186173,False,False,False,False,-0.1883879246720814,-0.14837851835273852,False,False,False,False,17176.0,612179.3227544599,False,False,False,False,67930.69795636607,False,False,False,False
2025-04-10 15:00:00+00:00,5.485,5.535,5.455,5.485,79925.0,,,,,5.667963717838552,5.6683625956842505,5.966607825886668,5.826156595122757,5.665591108121021,5.663926012841198,5.643285062066567,5.590284899179746,5.565890639060153,5.561349543717879,5.560409975775383,5.556449872355436,,,,5.47821046994317,5.891981801776768,5.763842592212,5.64897716446699,5.648431139625341,5.6295599924632285,5.604034386934878,5.57904430434315,5.564597334218881,5.558336077668598,5.891981801776768,,5.650149686877392,#000000,0.5845862323584521,5.7282015931610974,-0.4160234704466537,51.0719555060815,-3.5162277524715364,True,False,False,False,False,0.0,0.0,0.0,0.0,0.0,0,0.9746572496884087,0.9613626921479019,False,False,False,False,-0.19233717760299526,-0.1703578479778669,False,False,False,False,17176.0,602954.4650373365,False,False,False,False,68116.6561275852,False,False,False,False
2025-04-10 16:00:00+00:00,5.485,5.515,5.365,5.485,46690.0,,,,,5.637678029703091,5.664967022179502,5.960891058509966,5.824779645550044,5.6649810023837315,5.66332361119371,5.642772244586574,5.589956369617649,5.565641105695609,5.561120676328262,5.560187316885159,5.5562440518998795,,,,5.47706690761357,5.890201984079002,5.762806232701421,5.648438258631462,5.6478943976822436,5.62910073743786,5.603661981965609,5.578751211115573,5.564354769427697,5.5581217789100625,5.890201984079002,,5.64786092700444,#000000,0.5886877527775294,5.7249925256794505,-0.40767371929707125,49.983855278183086,-3.5162277524715364,True,False,False,False,False,0.0,0.0,0.0,0.0,0.0,0,0.9659609796596097,0.9721876297218763,False,False,False,False,-0.21416788118923996,-0.19226286458355343,False,False,False,False,17176.0,593872.6283700909,False,False,False,False,67784.45990855286,False,False,False,False
2025-04-10 17:00:00+00:00,5.485,5.555,5.395,5.525,89550.0,,,,,5.606387334695811,5.659833941931772,5.951045817805795,5.8224261419649865,5.664023290724831,5.662379546751755,5.641986997392491,5.589500692966682,5.5653232084413125,5.560835181364574,5.559910835693396,5.555993745142553,,,,5.478327424797531,5.887112818127803,5.76107234205015,5.647607330667014,5.647067343871908,5.628410721103736,5.603127793963631,5.578358341839249,5.564047518517706,5.55785850136642,5.887112818127803,,5.64511985778096,#000000,0.5906046146203043,5.720754182804891,-0.33144709329902433,49.98516884348879,-3.5162277524715364,True,False,False,False,False,0.0,0.0,0.0,0.0,0.0,0,0.9664873810508893,0.9747621017790653,False,False,False,False,-0.20025362782525952,-0.19625824620440646,False,False,False,False,106726.0,586319.9674651282,False,False,False,False,68121.91014252878,False,False,False,False
2025-04-10 18:00:00+00:00,5.525,5.565,5.43,5.465,83727.0,,,,,5.586403299089103,5.655167555125139,5.942111094821114,5.820222748213269,5.663111679601717,5.661480636490754,5.641235981514316,5.5890568727200804,5.5650084347655255,5.560551222953071,5.559635551189719,5.555743408798903,,,,5.478950319690755,5.884231558515515,5.7594414210607106,5.646813706539641,5.646277324991249,5.627748449945777,5.602610731827391,5.577973210529203,5.563742904214985,5.5575957712615995,5.884231558515515,,5.642959721993616,#000000,0.5927309296425678,5.717267364878362,-0.42560182413711023,48.88885391875604,-3.5162277524715364,True,False,False,False,False,0.0,0.0,0.0,0.0,0.0,0,0.9614279852277389,0.9753795650389823,False,False,False,False,-0.19134931324586252,-0.1938037797251345,False,False,False,False,22999.0,577586.309054816,False,False,False,False,68363.84952016399,False,False,False,False
2025-04-10 19:00:00+00:00,5.465,5.495,5.355,5.47,77646.0,,,,,5.566778186551666,5.649921587910748,5.933309100914029,5.817922787211724,5.662053223522809,5.66043484154819,5.640337649362992,5.5884626611985055,5.56454621591685,5.560124720920698,5.559220012535497,5.555357113925033,,,,5.476427038653465,5.881287048701338,5.757690375493736,5.645872249642998,5.645339423624066,5.626938453350999,5.60194395569286,5.577437859232702,5.563292805186194,5.557194681925342,5.881287048701338,,5.640540545137383,#000000,0.5941104183476141,5.713543193305381,-0.40992917441633575,48.26698937750469,-3.5162277524715364,True,False,False,False,False,0.0,0.0,0.0,0.0,0.0,0,0.9568403908794785,0.9808631921824102,False,False,False,False,-0.2201559265829905,-0.20697985315406248,False,False,False,False,100645.0,570191.8701547413,False,False,False,False,68507.75882992888,False,False,False,False
2025-04-11 14:00:00+00:00,5.48,5.545,5.42,5.445,52150.0,,,,,5.558784727006648,5.647022821169756,5.927917672101332,5.816514991528139,5.6614432292291585,5.6598328127280215,5.639828462710716,5.588146328186029,5.564312003169461,5.559911073382908,5.559012360249654,5.555166205454031,,,,5.476159057601083,5.879464182712387,5.756635087987323,5.645336171786575,5.644805601892875,5.626485018576256,5.601581578247486,5.577158600766755,5.563065446546621,5.5569953940415395,5.879464182712387,,5.639344492139761,#000000,0.5957786940234103,5.71156120378301,-0.447416476045609,47.32951536933284,-3.5162277524715364,True,False,False,True,False,0.0,0.0,0.0,0.0,0.0,0,0.9615851192883136,0.9773554387383744,False,False,False,False,-0.19728210684764233,-0.2021309800008524,False,False,False,False,48495.0,562103.5465864508,False,False,False,False,68254.15016589897,False,False,False,False
2025-04-11 15:00:00+00:00,5.445,5.565,5.445,5.545,34033.0,,,,,5.556715840975101,5.645683833522476,5.924830671803626,5.815729686613697,5.661147209607459,5.659541488520669,5.6395919117293,5.588024880551612,5.564237792359491,5.559846850557104,5.5589506678338845,5.555112522852688,,,,5.477276248045023,5.878422666856486,5.756065998917601,5.645084040429565,5.644554820166688,5.626281480077309,5.601432637007716,5.577058986216954,5.562994417090613,5.55693781366119,5.878422666856486,,5.638887384790738,#000000,0.5956244357549956,5.710660628570624,-0.27812933557811054,49.077718867974,-3.5162277524715364,True,False,False,False,False,0.0,0.0,0.0,0.0,0.0,0,0.9630373644033745,0.9766974688629972,False,False,False,False,-0.18838792467208107,-0.19525945233646674,False,False,False,False,82528.0,554668.2667944127,False,False,False,False,67723.58969821062,False,False,False,False
2025-04-11 16:00:00+00:00,5.545,5.665,5.535,5.665,38159.0,,,,,5.560238475266766,5.645406874973872,5.922290207678642,5.815158318010548,5.661055856225475,5.6594542581547245,5.639552865357215,5.588090371656049,5.564341533875319,5.559953731796883,5.559057130774328,5.555221105566526,,,,5.481441136933715,5.877595074363541,5.75570708893088,5.645032030922091,5.644504045907699,5.62627176270775,5.601473145742435,5.577143522168765,5.5630986910914695,5.55704572313554,5.877595074363541,,5.6390514977836474,#000000,0.5932001925728422,5.710471280492521,-0.07665419037593645,52.61149476333782,-3.5162277524715364,True,False,True,False,True,0.0,0.0,0.0,0.0,0.0,0,0.9727673207849417,0.9703644373247898,False,False,False,False,-0.15114044656522363,-0.1731999494508452,False,False,False,False,120687.0,547939.875061166,False,False,False,False,67265.22396645542,False,False,False,False
2025-04-11 17:00:00+00:00,5.665,5.745,5.645,5.705,13375.0,,,,,5.562814670635298,5.645619939321521,5.9216343299296,5.815037881497273,5.661086064974919,5.65948561839486,5.639597710351383,5.588165543414893,5.564426319537565,5.560037538653918,5.5591399508280634,5.555302897572314,,,,5.4836120228393535,5.877392777114125,5.755653436154759,5.645073492060916,5.644545868477776,5.626324909209812,5.601541066694026,5.577223968517615,5.56318288052899,5.557128233566083,5.877392777114125,,5.6392739600125035,#000000,0.5883489802171084,5.710605578050648,-0.009527641313459553,55.682248338817075,-0.5292098481127354,True,False,True,False,True,0.0,0.0,0.0,0.0,0.0,0,0.9824351297405186,0.960878243512974,False,False,False,False,-0.11430476761324038,-0.14375235853204277,False,False,False,False,134062.0,541523.1638199076,False,False,False,False,66429.71661813828,False,False,False,False
2025-04-11 18:00:00+00:00,5.705,5.715,5.635,5.685,9229.0,,,,,5.564282783771812,5.645710558413492,5.921143663309205,5.814940705851649,5.661095703811842,5.659496102741302,5.639618091270564,5.588207947903508,5.5644760320758015,5.560086953356689,5.559188837832762,5.555351396964779,,,,5.4849476286349965,5.877237892613037,5.755603576180302,5.645091334383723,5.6445639725295225,5.6263513627960435,5.601578205395191,5.577270259200642,5.563232324078238,5.557177055114924,5.877237892613037,,5.639393290374093,#000000,0.5837536812392273,5.710657651585775,-0.04395287329290631,57.13074286917026,1.0790197278481344,True,False,True,False,True,0.0,0.0,0.0,0.0,0.0,0,0.9840573933838181,0.9609406137903549,False,False,False,False,-0.12203073720686604,-0.1328915478694544,False,False,False,False,124833.0,535062.8512025448,False,False,False,False,65542.88380235319,False,False,False,False
2025-04-11 19:00:00+00:00,5.685,5.755,5.685,5.74,96034.0,,,,,5.583248988408198,5.6479787133795245,5.917146408869735,5.814292553250184,5.66147481621469,5.65988267032668,5.6400920865191475,5.5888822134902325,5.56520926810148,5.56080788770501,5.559900574611829,5.556051258873858,,,,5.5010505718485545,5.876028588747398,5.755410700391593,5.6455441724091235,5.645019205003926,5.626879511085313,5.60220455493462,5.577978610448453,5.563959302583743,5.557884491855023,5.876028588747398,,5.641223961320834,#000000,0.5787752524018127,5.7119395149196865,0.04848252402615303,59.19516493820028,3.281298944816953,True,False,True,False,True,0.0,0.0,0.0,0.0,0.0,0,0.9904420549581838,0.9553962564715254,False,False,False,False,-0.10466626714873807,-0.11877890750909623,False,False,False,False,220867.0,530191.5976955285,False,False,False,False,66015.61428603763,False,False,False,False
2025-04-14 14:00:00+00:00,5.715,5.805,5.685,5.775,45903.0,,,,,5.592330530731855,5.649392982085424,5.915568902775508,5.8140851865904635,5.661732568485545,5.660143603390883,5.640390383892697,5.589267987656394,5.565618502018541,5.561208776357842,5.560296080389686,5.556438986115894,,,,5.508887469612546,5.875565746020211,5.755409396068187,5.64583383216016,5.645309914523368,5.627201122736881,5.602569382606905,5.5783788934630705,5.564364622365722,5.558276970274718,5.875565746020211,,5.642194174560114,#000000,0.5736684543318422,5.712685242585748,0.10862503758696411,61.252956511009714,5.45809457476161,True,False,True,False,True,0.0,0.0,0.0,0.0,0.0,0,0.9896988906497621,0.9520602218700476,False,False,False,False,-0.09504710483836432,-0.10691300617373027,False,False,False,False,266770.0,526107.5419173033,False,False,False,False,65703.79080873472,False,False,False,False
2025-04-14 15:00:00+00:00,5.775,5.775,5.675,5.695,16614.0,,,,,5.594634077284071,5.649705282776682,5.914865127715034,5.813959921153804,5.661785649087016,5.660198015916349,5.6404604196083294,5.589373579683363,5.565734991782556,5.561323600310189,5.560409506427635,5.55655075178945,,,,5.511164194485628,5.875343808460954,5.755363000473058,5.645900017276884,5.645376523266881,5.62728081953778,5.602666460411059,5.578490615041433,5.56448020661464,5.558389832362279,5.875343808460954,,5.64242983643023,#000000,0.5689544068878514,5.712817805202384,-0.03131675400819241,59.8929729636714,5.45809457476161,True,False,True,False,True,0.0,0.0,0.0,0.0,0.0,0,0.988941548183254,0.9549763033175356,False,False,False,False,-0.10274094659646679,-0.10482697638509852,False,False,False,False,250156.0,521829.2234379653,False,False,False,False,64942.708780692315,False,False,False,False
2025-04-14 16:00:00+00:00,5.695,5.775,5.68,5.755,23138.0,,,,,5.598253907847711,5.650277987928704,5.91399854762777,5.813824073619719,5.6618894246583125,5.660303504902751,5.640586026152069,5.5895456522282085,5.565920427638084,5.561505733795895,5.56058929686866,5.556727392011372,,,,5.514580674887332,5.875077368607633,5.755333152930798,5.646020817061347,5.645497878368285,5.6274189266354595,5.602827402820419,5.578670550719773,5.56466401208598,5.558568450862943,5.875077368607633,,5.642821873193601,#000000,0.5634797133769567,5.7130819150442695,0.07439147135309197,60.35199449745802,5.45809457476161,True,False,True,False,True,0.0,0.0,0.0,0.0,0.0,0,0.9881610102604574,0.9581689029202842,False,False,False,False,-0.10177857176173837,-0.10330277407341845,False,False,False,False,273294.0,517975.9641598573,False,False,False,False,64294.57376083662,False,False,False,False
2025-04-14 17:00:00+00:00,5.755,5.825,5.745,5.775,33111.0,,,,,5.604707761901978,5.651504679268346,5.9130840051033795,5.813743397176817,5.6621264985550415,5.660542616454097,5.640849120939325,5.589866297718535,5.566254843740323,5.561832504313198,5.560911535138626,5.557042631213092,,,,5.520248416082437,5.8748212477181685,5.755393175749127,5.646278666689018,5.645756421392781,5.62769711322796,5.603134254556638,5.579000467464375,5.564994996884627,5.558887863337389,5.8748212477181685,,5.643576296119331,#000000,0.5571263382364423,5.71369882672379,0.11003100925053476,61.10510587355162,6.094315736680755,True,False,True,False,True,0.0,0.0,0.0,0.0,0.0,0,0.9897718332022026,0.9543666404405982,False,False,False,False,-0.07969210019910979,-0.09149743713626413,False,False,False,False,306405.0,514695.7941728828,False,False,False,False,63811.10750097869,False,False,False,False
2025-04-14 18:00:00+00:00,5.775,5.855,5.775,5.84,39154.0,,,,,5.613441284008355,5.653381005330656,5.912356482965194,5.813771763220869,5.662502926130198,5.660921003717916,5.641250650297052,5.590326155356579,5.566725190568483,5.562290665133796,5.56136306727841,5.557483201949636,,,,5.527667726599115,5.874654848349853,5.755575804424878,5.646675763217441,5.6461542276377,5.628113450480819,5.603580120994921,5.579469138925151,5.565460104124153,5.5593348155626545,5.874654848349853,,5.644659063466992,#000000,0.5508938518771345,5.714666474680854,0.22750939204000944,63.00790257021347,8.214013504801663,True,False,True,False,True,0.0,0.0,0.0,0.0,0.0,0,0.9937156323644932,0.9520816967792615,False,False,False,False,-0.06820079874964702,-0.07984911794295557,False,False,False,False,345559.0,512073.5182942334,False,False,False,False,63428.8267645294,False,False,False,False
2025-04-14 19:00:00+00:00,5.845,5.85,5.785,5.795,100713.0,,,,,5.63175648161512,5.657659945611612,5.910265882313336,5.813743282885307,5.663383549238518,5.661807024459679,5.642200363376026,5.591433520346645,5.567864705380785,5.563401997158037,5.562458651854682,5.558553278919773,,,,5.544392091022197,5.8741218062430685,5.755949528694387,5.647612571052532,5.647092944001975,5.62910367834153,5.604649653826665,5.58060098550673,5.566587345159678,5.560419852207497,5.8741218062430685,,5.647048142691627,#000000,0.5448825148185114,5.716704795377245,0.14369190145298277,62.48382942966816,8.214013504801663,True,False,True,False,True,0.0,0.0,0.0,0.0,0.0,0,0.9925606891151134,0.9518402505873141,False,False,False,False,-0.06724404316902978,-0.07354658055599267,False,False,False,False,244846.0,507930.455995098,False,False,False,False,64006.875961978556,False,False,False,False
2025-04-15 14:00:00+00:00,5.89,5.935,5.765,5.81,16540.0,,,,,5.634844908048658,5.658459534677554,5.910019831640923,5.813771674569202,5.663553290439981,5.661977531884407,5.642379937361189,5.59163637369923,5.56807132486962,5.563603191165893,5.562656939758811,5.558746695843499,,,,5.547208045042326,5.874071161521734,5.756040454155972,5.64779049197754,5.647271148564456,5.629289093960987,5.604846915634587,5.58080729052882,5.566791650501094,5.5606160928760024,5.874071161521734,,5.6474751626692035,#000000,0.5386339912933151,5.717085579761713,0.1725001053409001,62.51108388209046,8.35128882892608,True,False,True,False,True,0.0,0.0,0.0,0.0,0.0,0,0.9903213317847461,0.9465737514518004,False,False,False,False,-0.05481676061351593,-0.0641816705847543,False,False,False,False,261386.0,504108.0613285073,False,False,False,False,63270.955404428496,False,False,False,False
2025-04-15 15:00:00+00:00,5.805,5.835,5.805,5.815,10639.0,,,,,5.636606711966241,5.6589175648522545,5.909823093228885,5.813775305806855,5.6636507529812805,5.662075539698051,5.642484386325494,5.591756928082462,5.5681950005773,5.563723770136602,5.562775809154136,5.558862767445611,,,,5.54887793064388,5.874022726382301,5.756085557516567,5.647893667556637,5.64737451927002,5.629397655422558,5.604963602316772,5.580930320225659,5.566913985968487,5.560733799827464,5.874022726382301,,5.647720063426615,#000000,0.5323894970569641,5.717294810819363,0.1835220073287501,62.66486403101787,8.8838773749764,True,False,True,False,True,0.0,0.0,0.0,0.0,0.0,0,0.9926299456943363,0.9573312645461598,False,False,False,False,-0.06628741049531023,-0.06523454054003226,False,False,False,False,272025.0,500509.8743311661,False,False,False,False,62454.956095832706,False,False,False,False
2025-04-15 16:00:00+00:00,5.815,5.845,5.785,5.795,24007.0,,,,,5.640248498725307,5.6598773007284,5.9093340521695525,5.813765548142008,5.663856039037706,5.6622821200218665,5.642706244245691,5.592016504181663,5.568462488406929,5.563984768695934,5.5630331533467725,5.559114223484584,,,,5.552434425695968,5.873894170460831,5.756170782397423,5.64811239323896,5.647593700581626,5.629629226251949,5.605214120428869,5.581195795890425,5.5671786379982855,5.56098871646774,5.873894170460831,,5.648231495936295,#000000,0.5254980477586848,5.717718272414972,0.14706377676309973,61.788685371631544,8.8838773749764,True,False,True,False,True,0.0,0.0,0.0,0.0,0.0,0,0.98779046868846,0.9633714060653804,False,False,False,False,-0.0682007987496474,-0.06671766964483983,False,False,False,False,248018.0,496595.2716283573,False,False,False,False,61858.863753261656,False,False,False,False
2025-04-15 17:00:00+00:00,5.795,5.795,5.745,5.745,21292.0,,,,,5.642490038988551,5.660453893490236,5.908705655073062,5.813682828922468,5.663978970101715,5.662406463685803,5.642847214774412,5.592196650336675,5.568653170003434,5.564171664414675,5.563217607626085,5.559295136885409,,,,5.55494757701779,5.873699714369446,5.7561787217831375,5.648249527283727,5.647731302936433,5.629780604813279,5.6053848622062645,5.581382461686275,5.567367546957682,5.561171791957253,5.873699714369446,,5.648545154786991,#000000,0.5197890251155959,5.717925016193913,0.05208840990835826,58.884547184614576,8.8838773749764,True,False,True,False,False,0.0,0.0,0.0,0.0,0.0,0,0.9854043392504929,0.9656804733727812,False,False,False,False,-0.08544544746963059,-0.07608155855723521,False,False,False,False,226726.0,492411.2519131889,False,False,False,False,61229.92012918008,False,False,False,False
2025-04-15 18:00:00+00:00,5.74,5.755,5.695,5.71,158570.0,,,,,5.6518587062022,5.6628642393263116,5.902908847732919,5.812588022326794,5.664498469587755,5.662938149677592,5.643522156123279,5.593199409322645,5.569757476692395,5.565261187107702,5.564294432112275,5.560357046551686,,,,5.568499721766842,5.87174162927996,5.755793634049649,5.648889089225802,5.648374751509939,5.630544404291744,5.606308896760521,5.582442075994507,5.5684637243962385,5.562243612481704,5.87174162927996,,5.649879531023658,#000000,0.5139203061575522,5.718285029707623,-0.01612123437886295,55.468372149621146,9.074782575889913,True,False,True,False,False,0.0,0.0,0.0,0.0,0.0,0,0.97832939322301,0.9700551615445231,False,False,False,False,-0.10274094659646679,-0.08941125257685101,False,False,False,False,68156.0,485833.65110833326,False,False,False,False,62739.06865430906,False,False,False,False
2025-04-15 19:00:00+00:00,5.715,5.75,5.705,5.735,50808.0,,,,,5.6547721717834385,5.66372383541548,5.901223542754495,5.812279928930271,5.664692517088039,5.6631359310326,5.643763877312142,5.593542463668561,5.570131235182673,5.565629422056108,5.564658297807906,5.560715462165369,,,,5.572639647225773,5.87116539667766,5.7557059639633765,5.6491200879545005,5.648606951398245,5.630813460648717,5.606627591831539,5.582802605512786,5.568834590281024,5.562605560775264,5.87116539667766,,5.650326842793907,#000000,0.5079239231535595,5.718438509066839,0.03260624313644322,54.26940376083223,7.964058626148962,True,False,True,False,False,0.0,0.0,0.0,0.0,0.0,0,0.9767625049231979,0.9724300905868453,False,False,False,False,-0.10177857176173837,-0.0955949121692947,False,False,False,False,118964.0,480145.7495407622,False,False,False,False,62554.09084571512,False,False,False,False
2025-04-16 14:00:00+00:00,5.875,6.015,5.87,5.985,84392.0,,,,,5.67237805956741,5.669824163605649,5.902106833139866,5.813169087213129,5.666122195634609,5.664566834391444,5.645209905673681,5.595048703500418,5.571622972953528,5.567075883711206,5.566082879646432,5.562100113864406,,,,5.588323094277388,5.8717388781620405,5.756834133254041,5.650568062212038,5.650055704396706,5.632271126865085,5.608119245282524,5.5843137369708336,5.570307942976874,5.564012730888454,5.8717388781620405,,5.653266013099444,"rgba(38, 166, 154, 0.5)",0.500948397838828,5.7213901181902616,0.5262216287086539,60.123707936775084,5.934932407486045,True,False,True,False,True,2.0298313851253695,0.0,0.0,0.0,0.0,0,0.9775715390564577,0.9628770301624132,False,False,False,False,-0.019526308708482754,-0.05756061043888872,False,False,False,False,203356.0,475854.4355943938,False,False,False,False,62892.663080665276,False,False,False,False
2025-04-16 15:00:00+00:00,5.985,6.005,5.955,5.995,29687.0,,,,,5.678662518697686,5.67211618389907,5.902568801739206,5.813540518355442,5.666670517915889,5.665115382988942,5.645761395718569,5.595616877150267,5.572183408088167,5.567618992108611,5.566617727641543,5.562619711958805,,,,5.593941160839474,5.872005483742438,5.757283832368671,5.6511210353464305,5.650608900586866,5.632825317592421,5.608683363158222,5.584882643543555,5.570861387067247,5.5645408985681275,5.872005483742438,,5.654356639048893,"rgba(38, 166, 154, 0.5)",0.49353850128662075,5.722502150109802,0.5521308857967813,64.19860102133124,9.453649979815872,True,False,True,False,True,2.2576219991578093,0.0,0.0,0.0,0.0,0,0.9883720930232558,0.9620155038759691,False,False,False,False,-0.005238161891666196,-0.03139938616527746,False,False,False,False,233043.0,472089.91721308534,False,False,False,False,62377.846598794495,False,False,False,False
2025-04-16 16:00:00+00:00,5.995,6.035,5.985,6.025,28020.0,,,,,5.684925232936848,5.674453640760815,5.903157108622341,5.813950704881212,5.667234933991993,5.665679803987045,5.646326165040859,5.596192829622877,5.572749320662347,5.568167062174412,5.567157399142563,5.563143712975039,,,,5.5994954383913305,5.872322473891094,5.757762360739436,5.6516880284987066,5.651176052882615,5.633391215939526,5.6092565803465275,5.585458273880754,5.5714201423897505,5.5650736763194955,5.872322473891094,,5.655462825367163,"rgba(38, 166, 154, 0.5)",0.4861628114935067,5.723647583750724,0.619859045416314,67.45194922136429,12.215509073681375,True,False,True,False,True,2.9461833541425335,0.0,0.0,0.0,0.0,0,0.9891135303265939,0.9618973561430795,False,False,False,False,0.006190535863751839,-0.012604425150762811,False,False,False,False,261063.0,468818.18206249486,False,False,False,False,61845.16680656512,False,False,False,False
2025-04-16 17:00:00+00:00,6.025,6.085,5.905,5.905,55456.0,,,,,5.694879853588786,5.6783215130960025,5.90379099702447,5.814556947167392,5.668186793324083,5.666632403553446,5.647287950250336,5.597192545604335,5.573738949825675,5.569126893562965,5.568102851045185,5.56406286035647,,,,5.608795057067889,5.872727310679752,5.758521151451541,5.652651282895662,5.65213979905006,5.634360189808197,5.6102470951483525,5.5864609203719535,5.572397686594991,5.566007652264462,5.872727310679752,,5.657281304715092,#000000,0.4787836785133789,5.725466806030438,0.374977682044242,64.50193155320581,12.215509073681375,True,False,True,False,False,0.04669970441791804,0.0,0.0,0.0,0.0,0,0.9830573738929532,0.9557181363111283,False,False,False,False,0.0004761714370759034,-0.006064126856843453,False,False,False,False,205607.0,464737.3885421461,False,False,False,False,61746.10995685093,False,False,False,False
2025-04-16 18:00:00+00:00,5.905,5.985,5.905,5.955,50920.0,,,,,5.702890024493389,5.681582153429443,5.904206302426736,5.815048136914574,5.669006675163747,5.667453199561885,5.648119908724928,5.598064349519601,5.574604724701158,5.569967203197738,5.568930732800961,5.56486820193299,,,,5.616546304436744,5.873029349901694,5.7591571551939955,5.653483630165916,5.65297265351138,5.635200335739306,5.611109244563855,5.587336572221408,5.573253083337565,5.566825737854064,5.873029349901694,,5.658802530899686,#000000,0.47138566104775953,5.726961528339535,0.48376200318354795,63.75922976467322,12.215509073681375,True,False,True,False,False,1.21368216873638,0.0,0.0,0.0,0.0,0,0.9846094651789148,0.963062716429396,False,False,False,False,-0.018573582077849,-0.012318854467346227,False,False,False,False,256527.0,461509.32050273294,False,False,False,False,61578.26329085324,False,False,False,False
2025-04-16 19:00:00+00:00,5.955,5.97,5.91,5.965,54636.0,,,,,5.710940143156809,5.6849942858833,5.904643388117907,5.815571176589859,5.669881069344404,5.668328592103157,5.649007482386111,5.598994973660282,5.575529241674213,5.570864704327997,5.569815031052976,5.565728569400316,,,,5.62447904071777,5.873350758729147,5.7598348496800655,5.654371523941826,5.6538610941235845,5.636096807131541,5.612029434435191,5.588271425966337,5.574166585908776,5.5676996403943955,5.873350758729147,,5.660384537214817,"rgba(38, 166, 154, 0.5)",0.46307372012484377,5.728509646776989,0.5106969861283714,63.510152439905426,12.215509073681375,True,False,True,False,False,1.4473912406695781,0.0,0.0,0.0,0.0,0,0.9842368319876967,0.9634755863129567,False,False,False,False,-0.020479070783534815,-0.016398962625440522,False,False,False,False,311163.0,459178.3697972642,False,False,False,False,61470.63130184777,False,False,False,False
2025-04-17 14:00:00+00:00,6.125,6.145,6.05,6.06,21146.0,,,,,5.715628959897409,5.686964848733631,5.905332169718169,5.815979765895317,5.6703834013955206,5.66883058931571,5.649505799731745,5.599494221697658,5.576016558638312,5.5713362795475385,5.570279353184064,5.566179100623643,,,,5.628701466433161,5.873699809876297,5.760285063790144,5.654872834118252,5.654362439439802,5.636593660998951,5.6125284152923145,5.588768789310158,5.5746476523098725,5.568157853035619,5.873699809876297,,5.6612976833174224,"rgba(38, 166, 154, 0.5)",0.45532216096985906,5.729478122759078,0.7259077320921379,65.47646693320368,12.215509073681375,True,False,True,False,False,3.638486770934314,0.0,0.0,0.0,0.0,0,0.9863065804488396,0.9577786230505896,False,False,False,False,0.03954438793556114,0.01157271265506031,False,False,False,False,332309.0,457211.4028236632,False,False,False,False,60845.44321964858,False,False,False,False
2025-04-17 15:00:00+00:00,6.065,6.165,6.065,6.165,18659.0,,,,,5.720180283970363,5.68888957677758,5.906092319743659,5.8164016361241035,5.670875421338321,5.669322100608087,5.649991581585742,5.599976163553205,5.576485142588689,5.571789413408212,5.570725454686408,5.566611695431135,,,,5.632738024371479,5.874074666217882,5.760738238186197,5.6553621041935,5.654851688244346,5.637076699134959,5.613011239275226,5.589248025243653,5.575110134645492,5.568597947417069,5.874074666217882,,5.662188616215697,"rgba(38, 166, 154, 0.5)",0.448136260648589,5.730437515440823,0.9697106052749083,68.5920934730592,13.085870692638778,True,False,True,False,True,5.958100039595873,0.0,0.0,0.0,0.0,0,0.9848542218856493,0.9587277546383947,False,False,False,False,0.04622334659923496,0.028898029627147635,False,False,False,False,350968.0,455564.2182837614,False,False,False,False,60191.389836398215,False,False,False,False
2025-04-17 16:00:00+00:00,6.165,6.205,6.135,6.165,25807.0,,,,6.168333333333333,5.726860010592393,5.691742534134367,5.907304830643505,5.817050909948068,5.671608212610354,5.670053961198344,5.650712871603179,5.600687162784477,5.577174650472392,5.572455895431607,5.571381538783628,5.5672476758795995,,,,5.638617858441825,5.874664877364564,5.761424975658423,5.656089120652079,5.655578619447647,5.63779264473925,5.613724653268946,5.589954168843767,5.57579058113308,5.5692450678026715,5.874664877364564,,5.685456354555107,"rgba(38, 166, 154, 0.5)",0.4408677663283849,5.761429201158885,0.9154010106071383,70.66917783296287,15.163943909227442,True,False,True,False,True,5.958100039595873,0.0,0.0,0.0,0.0,0,0.9870476190476186,0.9603809523809523,False,False,False,False,0.06724400490127687,0.04807101726421225,False,False,False,False,350968.0,453942.5714886643,False,False,False,False,59658.29852110522,False,False,False,False
2025-04-17 17:00:00+00:00,6.165,6.165,6.105,6.125,20041.0,,,,6.152305662188099,5.731491960286356,5.693766089060243,5.908107541808436,5.817501011057142,5.6721338936359365,5.670579111122593,5.6512320419690045,5.601202493124562,5.577675853102422,5.572940655427057,5.571858808691986,5.567710563219678,,,,5.642785719990022,5.875064564545919,5.761908770373458,5.656611970176467,5.656101449251539,5.638308965322562,5.614240863514297,5.59046666443852,5.576285289242845,5.569715942667369,5.875064564545919,,5.685651994965935,"rgba(38, 166, 154, 0.5)",0.43360569749588507,5.761605620207108,0.8380756569656016,70.09291573886381,15.163943909227442,True,False,True,False,True,4.92755587784983,0.0,0.0,0.0,0.0,0,0.9832380952380949,0.9649523809523809,False,False,False,False,0.05386152653177901,0.05096627189799563,False,False,False,False,330927.0,452035.35332604934,False,False,False,False,59044.07683860746,False,False,False,False
2025-04-17 18:00:00+00:00,6.125,6.135,6.105,6.125,21246.0,,,,6.14260351149134,5.736168198589209,5.695842557079879,5.908914483459952,5.8179616274614645,5.672677773115159,5.671122487464363,5.651769775229954,5.601737439163081,5.578196629674032,5.573444464116801,5.572354865799471,5.56819176741404,,,,5.6470390993451085,5.875470468427405,5.762406441821451,5.6571533615392715,5.6566428340520964,5.638844082166648,5.614776434684012,5.5909988974176335,5.576799356072168,5.570205401668478,5.875470468427405,,5.686144432924045,"rgba(38, 166, 154, 0.5)",0.42552537744162683,5.762117598337254,0.8527867452806044,69.70874100946443,15.163943909227442,True,False,True,False,True,4.92755587784983,0.0,0.0,0.0,0.0,0,0.9839878002287455,0.9649256576439191,False,False,False,False,0.048132351638754844,0.04954931176837524,False,False,False,False,330927.0,450157.7044372734,False,False,False,False,58458.06014343525,False,False,False,False
2025-04-17 19:00:00+00:00,6.125,6.135,6.085,6.12,131123.0,,,,6.123240926190319,5.762144645132305,5.70798245927227,5.913572867008578,5.820696642402281,5.675943737629948,5.674385766607986,5.655003088894083,5.604962231041158,5.581339800070678,5.5764864851605696,5.575350514209613,5.571098753563515,,,,5.671271227058501,5.8778624909651604,5.765377140891078,5.660407500389797,5.659897028661633,5.642064044695614,5.618003005948854,5.594208984489734,5.5799024799162655,5.573161708311285,5.8778624909651604,,5.690624501239619,"rgba(38, 166, 154, 0.5)",0.4175154418032181,5.766911766059458,0.8456890418605365,69.17029439313123,15.163943909227442,True,False,True,False,True,4.795352740880439,0.0,0.0,0.0,0.0,0,0.9828506097560973,0.9649390243902439,False,False,False,False,0.04431467816453002,0.04693199496645263,False,False,False,False,199804.0,446276.25165530015,False,False,False,False,59584.64835826571,False,False,False,False
2025-04-18 14:00:00+00:00,6.12,6.12,6.12,6.12,0.0,,,,6.123240926190319,5.762144645132305,5.70798245927227,5.913572867008578,5.820696642402281,5.675943737629948,5.674385766607986,5.655003088894083,5.604962231041158,5.581339800070678,5.5764864851605696,5.575350514209613,5.571098753563515,,,,5.671271227058501,5.8778624909651604,5.765377140891078,5.660407500389797,5.659897028661633,5.642064044695614,5.618003005948854,5.594208984489734,5.5799024799162655,5.573161708311285,5.8778624909651604,,5.690624501239619,"rgba(38, 166, 154, 0.5)",0.4099994726430265,5.766911766059458,0.8611919221856288,68.81132998224243,15.163943909227442,True,False,True,False,True,4.795352740880439,0.0,0.0,0.0,0.0,0,0.986928104575163,0.9696270665128797,False,False,False,False,0.048132351638754844,0.04753217330260374,False,False,False,False,199804.0,442454.9764358381,False,False,False,False,58660.85536046314,False,False,False,False
2025-04-18 15:00:00+00:00,6.12,6.12,6.12,6.12,0.0,,,,6.123240926190319,5.762144645132305,5.70798245927227,5.913572867008578,5.820696642402281,5.675943737629948,5.674385766607986,5.655003088894083,5.604962231041158,5.581339800070678,5.5764864851605696,5.575350514209613,5.571098753563515,,,,5.671271227058501,5.8778624909651604,5.765377140891078,5.660407500389797,5.659897028661633,5.642064044695614,5.618003005948854,5.594208984489734,5.5799024799162655,5.573161708311285,5.8778624909651604,,5.690624501239619,"rgba(38, 166, 154, 0.5)",0.4023797229501429,5.766911766059458,0.8775000672295102,68.57202037498323,15.163943909227442,True,False,True,False,True,4.795352740880439,0.0,0.0,0.0,0.0,0,0.9803012746234062,0.9718037852452683,False,False,False,False,0.048132351638754844,0.04783226247067929,False,False,False,False,199804.0,438692.945793422,False,False,False,False,57751.38473471952,False,False,False,False
2025-04-18 16:00:00+00:00,6.12,6.12,6.12,6.12,0.0,,,,6.123240926190319,5.762144645132305,5.70798245927227,5.913572867008578,5.820696642402281,5.675943737629948,5.674385766607986,5.655003088894083,5.604962231041158,5.581339800070678,5.5764864851605696,5.575350514209613,5.571098753563515,,,,5.671271227058501,5.8778624909651604,5.765377140891078,5.660407500389797,5.659897028661633,5.642064044695614,5.618003005948854,5.594208984489734,5.5799024799162655,5.573161708311285,5.8778624909651604,,5.690624501239619,"rgba(38, 166, 154, 0.5)",0.3931955018851247,5.766911766059458,0.8979966257185205,68.41248063681043,15.163943909227442,True,False,True,False,True,4.795352740880439,0.0,0.0,0.0,0.0,0,0.977795091546552,0.9777950915465521,False,False,False,False,0.048132351638754844,0.047982307054717066,False,False,False,False,199804.0,434989.24120747746,False,False,False,False,56856.014428754876,False,False,False,False
2025-04-18 17:00:00+00:00,6.12,6.12,6.12,6.12,0.0,,,,6.123240926190319,5.762144645132305,5.70798245927227,5.913572867008578,5.820696642402281,5.675943737629948,5.674385766607986,5.655003088894083,5.604962231041158,5.581339800070678,5.5764864851605696,5.575350514209613,5.571098753563515,,,,5.671271227058501,5.8778624909651604,5.765377140891078,5.660407500389797,5.659897028661633,5.642064044695614,5.618003005948854,5.594208984489734,5.5799024799162655,5.573161708311285,5.8778624909651604,,5.690624501239619,"rgba(38, 166, 154, 0.5)",0.3826613773687151,5.766911766059458,0.9227171980837835,68.3061208113619,15.163943909227442,True,False,True,False,True,4.795352740880439,0.0,0.0,0.0,0.0,0,0.9784567175871519,0.9784567175871522,False,False,False,False,0.048132351638754844,0.048057329346735955,False,False,False,False,199804.0,431342.9583980592,False,False,False,False,55974.52583296022,False,False,False,False
2025-04-18 18:00:00+00:00,6.12,6.12,6.12,6.12,0.0,,,,6.123240926190319,5.762144645132305,5.70798245927227,5.913572867008578,5.820696642402281,5.675943737629948,5.674385766607986,5.655003088894083,5.604962231041158,5.581339800070678,5.5764864851605696,5.575350514209613,5.571098753563515,,,,5.671271227058501,5.8778624909651604,5.765377140891078,5.660407500389797,5.659897028661633,5.642064044695614,5.618003005948854,5.594208984489734,5.5799024799162655,5.573161708311285,5.8778624909651604,,5.690624501239619,"rgba(38, 166, 154, 0.5)",0.3728985925963691,5.766911766059458,0.9468746757184198,68.23521426106286,15.384544677919223,True,False,True,False,False,4.795352740880439,0.0,0.0,0.0,0.0,0,0.9784059678052609,0.9752650176678445,False,False,False,False,0.048132351638754844,0.0480948404927454,False,False,False,False,199804.0,427753.207105066,False,False,False,False,55106.703727022854,False,False,False,False
2025-04-18 19:00:00+00:00,6.12,6.12,6.12,6.12,0.0,,,,6.123240926190319,5.762144645132305,5.70798245927227,5.913572867008578,5.820696642402281,5.675943737629948,5.674385766607986,5.655003088894083,5.604962231041158,5.581339800070678,5.5764864851605696,5.575350514209613,5.571098753563515,,,,5.671271227058501,5.8778624909651604,5.765377140891078,5.660407500389797,5.659897028661633,5.642064044695614,5.618003005948854,5.594208984489734,5.5799024799162655,5.573161708311285,5.8778624909651604,,5.690624501239619,"rgba(38, 166, 154, 0.5)",0.3619848560865891,5.766911766059458,0.9754226675606594,68.18794322753018,15.680954126067576,True,False,True,False,False,4.795352740880439,0.0,0.0,0.0,0.0,0,0.9783464566929132,0.9755905511811025,False,False,False,False,0.048132351638754844,0.04811359606575012,False,False,False,False,199804.0,424219.1108708789,False,False,False,False,54252.336227379084,False,False,False,False
2025-04-21 14:00:00+00:00,6.095,6.125,6.075,6.1,22073.0,,,,6.120912191505137,5.766016822834941,5.709892029403206,5.914285298443692,5.821131325777087,5.676472154485718,5.674913827857809,5.655527224877151,5.605486959810026,5.58185211781729,5.576982570609219,5.575839119261129,5.57157310592198,,,,5.674989265617077,5.8782379032044,5.76585331048499,5.660934744120016,5.660424304295973,5.642586580227567,5.618527548182543,5.59473170878375,5.580408358763999,5.57364399958676,5.8782379032044,,5.691357498777021,"rgba(38, 166, 154, 0.5)",0.35114965624513106,5.76768970884411,0.9463494702210662,65.86883125860399,15.680954126067576,True,False,True,False,False,4.191816995878828,0.0,0.0,0.0,0.0,0,0.977147360126083,0.9747832939322298,False,False,False,False,0.040498295155456526,0.044305945610603324,False,False,False,False,177731.0,420397.58977210557,False,False,False,False,53753.4317897453,False,False,False,False
2025-04-21 15:00:00+00:00,6.095,6.115,5.985,5.985,152777.0,,,,6.082999644389167,5.785296229694553,5.7202781936588485,5.9172241689408835,5.823339504773841,5.679480941876553,5.677922963195631,5.658541899469138,5.608566608407092,5.584883894448412,5.579923605862979,5.578737182778557,5.574390994257708,,,,5.694997548206558,5.87997330503751,5.768413324726946,5.663959600964304,5.663450060768457,5.6456092692423,5.621591287533059,5.597811303514243,5.583403723146132,5.57650686122808,5.87997330503751,,5.694230526787868,"rgba(38, 166, 154, 0.5)",0.33810898344273166,5.770425342251082,0.6346316373024219,56.26774972121906,9.49324921165487,False,True,True,False,False,0.8267804638211622,0.0,0.0,0.0,0.0,0,0.9702194357366768,0.9757053291536049,False,False,False,False,0.02143183192209679,0.03286888876635006,False,False,False,False,24954.0,414266.6814035458,False,False,False,False,55288.68090928413,False,False,False,False
2025-04-21 16:00:00+00:00,5.985,6.01,5.965,5.965,170428.0,,,,6.05070123613526,5.800049995131427,5.72939612960345,5.918978291662349,5.825180065559144,5.682320508299858,5.68076510934432,5.6614157533814,5.611560032562806,5.587854358978387,5.582810737058288,5.581583707298303,5.577163340408396,,,,5.711930856109547,5.881247001211954,5.770690611921113,5.666835822863077,5.666327807137219,5.6485069370947825,5.624555629752286,5.600815554077367,5.586340346573513,5.579321126341824,5.881247001211954,,5.696797867761133,"rgba(38, 166, 154, 0.5)",0.32268499128964206,5.7726576363358575,0.5960685152892526,48.98140261493494,3.3228907656072906,False,True,False,True,False,0.25926781675491384,0.0,0.0,0.0,0.0,0,0.9775236593059934,0.9810725552050473,False,False,False,False,-0.0023809757904182565,0.015243956487965902,False,False,False,False,-145474.0,405588.531304266,False,False,False,False,57073.78663162081,False,False,False,False
2025-04-21 17:00:00+00:00,5.965,5.975,5.945,5.945,149477.0,,,,6.030058073534477,5.809706253158097,5.73613516197815,5.9198399796650545,5.826504142499507,5.68456171346288,5.683009589202387,5.663699849876821,5.613970562939117,5.590259370752069,5.585151625577567,5.583892680840266,5.579414890723905,,,,5.723969984393276,5.882061592252309,5.772414185972564,5.669117742863804,5.668611299609397,5.650818789909199,5.626935441052641,5.603240696956721,5.5887190885584115,5.58160530684224,5.882061592252309,,5.698856435766124,"rgba(38, 166, 154, 0.5)",0.31717841058958757,5.7743597804052005,0.5379944343551157,43.267945483921295,-1.278647435780499,False,True,False,True,False,0.0,0.0,0.0,0.0,0.0,0,0.9711690363349129,0.985387045813586,False,False,False,False,-0.012857869690758068,0.0011930433986039168,False,False,False,False,-294951.0,394727.45329954865,False,False,False,False,58506.394590820484,False,False,False,False
2025-04-21 18:00:00+00:00,5.945,5.965,5.935,5.935,145356.0,,,,6.01531002582919,5.8174366497481085,5.742030917620722,5.920411943453808,5.827667859610528,5.686626785552942,5.685078273306159,5.665812059151024,5.61621461469594,5.592504755061843,5.587339119840251,5.5860510067457225,5.58152116672388,,,,5.734126523811,5.882730389816791,5.7739694877795635,5.671225940441838,5.670721120507699,5.65296088695764,5.62914745133336,5.605501197844674,5.590940640120303,5.583741254501971,5.882730389816791,,5.700829133498042,#000000,0.3090868562146854,5.792947268589456,0.45958839256456896,39.03140823130459,-4.598039131386912,False,True,False,True,False,0.0,0.0,0.0,0.0,0.0,0,0.9695411392405062,0.9869462025316453,False,False,False,False,-0.01666822822443827,-0.007737592412917177,False,False,False,False,-440307.0,381781.18270575715,False,False,False,False,59852.90010104032,False,False,False,False
2025-04-21 19:00:00+00:00,5.935,6.005,5.935,6.005,203475.0,,,,6.008739126623108,5.829599558059232,5.751139975314321,5.922301109740898,5.829756241532341,5.68986566851368,5.688320676594914,5.669097481714288,5.619649980092133,5.595922637010532,5.590666347997942,5.589333575012792,5.584722524936795,,,,5.749086965187016,5.884180496763362,5.7765569493674,5.674511605649949,5.674008664817555,5.656277580073998,5.632546248166479,5.6089521484293705,5.594321599603703,5.586988634220039,5.884180496763362,,5.704632425887906,"rgba(38, 166, 154, 0.5)",0.30163371976769093,5.815467548826598,0.6283529948819172,41.781752808132694,-4.598039131386912,False,True,False,True,True,1.4255280309791054,0.0,0.0,0.0,0.0,0,0.9695652173913041,0.9845849802371541,False,False,False,False,-0.009047884464237694,-0.008392738438577435,False,False,False,False,-236832.0,372190.28064830357,False,False,False,False,62079.59932428,False,False,False,False
2025-04-22 14:00:00+00:00,6.055,6.105,6.04,6.1,27969.0,,,,6.010645804277297,5.832139759515399,5.752858006233194,5.922973859775297,5.830224942441965,5.690455993420367,5.688910879515943,5.669686523609437,5.620246198347595,5.596508338196296,5.591235161254193,5.589894455277082,5.5852684241290484,,,,5.751827071666967,5.884577572130387,5.777078530866466,5.6751030841661025,5.67460025155446,5.656866760408961,5.633140671584071,5.609547505236572,5.5949005666326235,5.587542919068906,5.884577572130387,,5.705488403448201,"rgba(38, 166, 154, 0.5)",0.2952440279430375,5.817329702981295,0.9574124123291018,48.33966674750844,-9.403351992128584,False,True,False,False,True,4.056326845900287,0.0,0.0,0.0,0.0,0,0.9724950884086442,0.9795677799607072,False,False,False,False,0.030008984065188964,0.010808122813305765,False,False,False,False,-208863.0,363181.7026537562,False,False,False,False,61550.75282312837,False,False,False,False
2025-04-22 15:00:00+00:00,6.105,6.15,6.085,6.15,50487.0,,,,6.015949658367693,5.837431530250898,5.756348224762247,5.924526889617471,5.831222804075083,5.691643677949731,5.6900978414763275,5.670865520247886,5.621427002711581,5.597663374835546,5.592355984159788,5.590999444365316,5.58634315301263,,,,5.757344480768556,5.885459068209038,5.778159100976391,5.676288479716419,5.675785718267993,5.658042553731704,5.634320920466776,5.61072425168618,5.596042049083391,5.588634521441589,5.885459068209038,,5.707290271746968,"rgba(38, 166, 154, 1.0)",0.2920544346398217,5.821241783709771,1.1256744541327457,54.47600037756217,-4.060710555431683,False,True,True,False,True,5.393025661769855,0.0,0.0,0.0,0.0,0,0.9772727272727271,0.9753134796238243,False,False,False,False,0.047177806168320194,0.02899296449081298,False,False,False,False,-158376.0,355095.5367211398,False,False,False,False,61379.221771607,False,False,False,False
2025-04-22 16:00:00+00:00,6.145,6.19,6.145,6.175,44933.0,,,,6.021890262148498,5.84263677470099,5.759742240641018,5.926168014327435,5.832229050313428,5.692795641878061,5.691248775171034,5.672004838784486,5.622559305767264,5.598767518946958,5.593426821753477,5.592055031082714,5.587369339674019,,,,5.762657103562884,5.886371920626903,5.779228990332631,5.677435031770686,5.676932237590072,5.659176354965331,5.635454807206684,5.611851010039984,5.5971330601609,5.5896770574807,5.886371920626903,,5.709078747344616,"rgba(38, 166, 154, 1.0)",0.2900609597314907,5.824949697532967,1.2068163285092712,59.361673319234896,0.16990052564514713,False,False,True,False,True,6.055793762136801,0.0,0.0,0.0,0.0,0,0.9806782334384855,0.9763406940063091,False,False,False,False,0.06628737223243854,0.04764016836162576,False,False,False,False,-113443.0,347831.3733611221,False,False,False,False,61124.24158910146,False,False,False,False
2025-04-22 17:00:00+00:00,6.175,6.195,6.11,6.115,32519.0,,,6.140000000000001,6.025097054576048,5.8459674116145735,5.761986936740774,5.927197655342435,5.832889222046991,5.693573694384068,5.692026313617075,5.67277667273163,5.623331119184275,5.5995221312889,5.594159142163129,5.592777054033158,5.588071640625263,,,,5.766140488930411,5.886959433974292,5.779940490742048,5.678211163987881,5.677708402229531,5.6599457778888365,5.636226549024051,5.612619963846303,5.597878851267142,5.59039035046498,5.886959433974292,,5.728141563362658,"rgba(38, 166, 154, 0.5)",0.29223162786446877,5.852170029168604,0.8993892028459421,58.880892085566224,0.16990052564514713,False,False,True,False,True,4.208791637845682,0.0,0.0,0.0,0.0,0,0.9780133490380838,0.9752650176678446,False,False,False,False,0.06055005799633596,0.05409511317898086,False,False,False,False,-145962.0,340175.6621462209,False,False,False,False,60680.74947144097,False,False,False,False
2025-04-22 18:00:00+00:00,6.115,6.175,6.115,6.155,24211.0,,,6.1435564663023685,6.027538841813689,5.848467997884006,5.763677484146693,5.927987594000954,5.8333921829832684,5.694161993437061,5.692614194096154,5.673359885993061,5.6239134991112625,5.600091230498135,5.594711399705164,5.593321546418793,5.588601235822715,,,,5.768749336975971,5.887409431178034,5.780480614199265,5.678797716716355,5.678294969946277,5.66052694674399,5.63680907291618,5.613200035066233,5.598441292025947,5.59092824459981,5.887409431178034,,5.729126383857557,"rgba(38, 166, 154, 1.0)",0.2944972047466605,5.853807409588067,1.022734971868518,60.08171371946207,0.9780947903788899,False,False,True,False,True,5.28939140927903,0.0,0.0,0.0,0.0,0,0.9815469179426777,0.9760502552021987,False,False,False,False,0.05768291669801232,0.05588901493849659,False,False,False,False,-121751.0,333014.0084695353,False,False,False,False,60115.32699901553,False,False,False,False
2025-04-22 19:00:00+00:00,6.155,6.155,6.115,6.115,54376.0,,,6.136106165883631,6.031833137715486,5.853571403499711,5.767226279767296,5.9295821464573155,5.8344446034674,5.695419794431048,5.693871318423399,5.674609601465062,5.625167076934048,5.601318619660971,5.595903060439294,5.5944966244684,5.5897446533875526,,,,5.774178759206973,5.888337426872829,5.781622293310266,5.680053861527132,5.679551211929173,5.661773868712112,5.638061592726538,5.614449741810566,5.599654518309248,5.5920893294732155,5.888337426872829,,5.730544462078278,"rgba(38, 166, 154, 0.5)",0.29543742191919936,5.856095946379545,0.876341432776461,58.61729375059169,0.9780947903788899,False,False,True,False,True,4.057974386605228,0.0,0.0,0.0,0.0,0,0.9815613966261276,0.9752844252648096,False,False,False,False,0.05386152653177901,0.0548752707351378,False,False,False,False,-176127.0,325120.349423496,False,False,False,False,60026.345185077305,False,False,False,False
2025-04-23 14:00:00+00:00,6.13,6.165,5.975,6.025,56012.0,,,6.10892226849691,6.0328071019507465,5.857285249339408,5.7700824938878545,5.930602018895695,5.8352523071630875,5.6964896528278555,5.694941404221733,5.6756828526928835,5.626264621819826,5.602401887458483,5.596956717540898,5.595536134175425,5.590757736583107,,,,5.778479608731618,5.888996082237843,5.782543420867259,5.681130004658006,5.6806276804147675,5.662850578180103,5.639153150894027,5.6155479225816896,5.600725904905507,5.5931172694128595,5.888996082237843,,5.730714752914065,"rgba(38, 166, 154, 0.5)",0.29575779901072485,5.85597309529153,0.5715044718139155,53.63422190556537,0.9780947903788899,False,True,True,False,False,1.3687974301346806,0.0,0.0,0.0,0.0,0,0.9725125822686795,0.9725125822686795,False,False,False,False,0.02905577222446654,0.04196552147980217,False,False,False,False,-232139.0,316480.6695874728,False,False,False,False,59964.107275231145,False,False,False,False
2025-04-23 15:00:00+00:00,6.025,6.025,5.935,5.955,91753.0,,,6.060274048979349,6.028867797047368,5.860638568116662,5.773307504067164,5.931141836309166,5.836065767055931,5.697824311881441,5.696278127996488,5.677044536914565,5.627703334111896,5.603840575396173,5.598360176233168,5.596921838498944,5.592111577857892,,,,5.78320764096369,5.889527832701528,5.783581547442457,5.682489582942323,5.681988203807716,5.664229538182826,5.640573074401751,5.6169961695615545,5.602150128743246,5.594489273471955,5.889527832701528,,5.729983874695219,#000000,0.29410984955216335,5.853371972686833,0.34554445377437765,47.999738053790196,6.8685617353994814,False,True,False,True,False,0.0,0.0,0.0,0.0,0.0,0,0.9691714836223505,0.9845857418111754,False,False,False,False,-0.005238161891666196,0.018363679794067986,False,False,False,False,-323892.0,306552.4111442562,False,False,False,False,60456.95832522756,False,False,False,False
2025-04-23 16:00:00+00:00,5.955,6.035,5.945,6.02,35049.0,,,6.053086565505352,6.028174370210556,5.862181976105853,5.774684463534834,5.931485880498323,5.836438341379136,5.6983831283196755,5.696837529539839,5.677611094279574,5.628294763753896,5.604429294591447,5.5989339961515645,5.59748829407555,5.592664614737175,,,,5.785215625856111,5.8897986019452695,5.784034388043986,5.683056136515084,5.682555067448207,5.664801292490567,5.641158421894786,5.61759023205501,5.602732784143556,5.59504992070603,5.8897986019452695,,5.7302786159908905,"rgba(38, 166, 154, 0.5)",0.2940333835308893,5.853293941892025,0.566963030204568,47.24522829296953,5.944621763105914,False,True,False,True,False,1.1994804513831845,0.0,0.0,0.0,0.0,0,0.969814241486068,0.9903250773993808,False,False,False,False,-0.0014285913655890943,0.008467544214239446,False,False,False,False,-288843.0,297321.47453736846,False,False,False,False,60063.03649072791,False,False,False,False
2025-04-23 17:00:00+00:00,6.015,6.045,5.925,5.97,49420.0,,,6.042566561814334,6.026596162140853,5.863993514419752,5.776427992558519,5.931825275265318,5.836896925847145,5.6991155554977855,5.69757100229508,5.678357235916438,5.629080810126841,5.605214616943093,5.599700107972201,5.598244758843181,5.59340370505379,,,,5.787726717255904,5.8901092642090775,5.7846108605525135,5.683801371367366,5.68330079273076,5.6655562751889175,5.641934724116427,5.618381105948167,5.603510234806662,5.595798905575795,5.8901092642090775,,5.730571853185246,#000000,0.2927790883833525,5.852936706999032,0.399834884545066,45.07031106642246,3.53078518506544,False,True,False,True,False,0.0,0.0,0.0,0.0,0.0,0,0.9695685670261938,0.9888289676425268,False,False,False,False,-0.003333364534521917,0.002567089839858765,False,False,False,False,-338263.0,287467.45167632395,False,False,False,False,59898.0281730422,False,False,False,False
2025-04-23 18:00:00+00:00,5.975,5.975,5.895,5.935,52555.0,,,6.028287117375398,6.023512518307222,5.865135870094824,5.777847183515733,5.931848719461928,5.837229051180456,5.6997661597230245,5.698223229165188,5.6790289085313335,5.629806174758519,5.6059463190428165,5.600415442436627,5.598951494889174,5.594095463416804,,,5.935,5.789718445960697,5.8902730799108705,5.785079857502771,5.684470007477606,5.683970074644779,5.666240859770598,5.642647007766993,5.6191141815630035,5.6042350954057145,5.596499294884787,5.8902730799108705,,5.738693662271475,#000000,0.29052836303831325,5.865306282112636,0.23988610667307883,42.54131615453991,0.7633624146696505,False,True,False,True,False,0.0,0.0,0.0,0.0,0.0,0,0.9650805832693782,0.9942440521872603,False,False,False,False,-0.022384708194610314,-0.009908809177375775,False,False,False,False,-390818.0,276951.39816196234,False,False,False,False,59784.18277501054,False,False,False,False
2025-04-23 19:00:00+00:00,5.935,5.97,5.905,5.96,132421.0,,,6.0074114229615105,6.017373364440361,5.868247160843807,5.78153344421488,5.932088952960138,5.838140589610438,5.701458676808185,5.69991958267418,5.680771322689417,5.631678077416125,5.607831239598849,5.602257851551652,5.600771749797268,5.5958768686086575,,,5.942158820603754,5.794835457941746,5.890771697546768,5.786326667597697,5.686205689281863,5.6857073166686485,5.6680140673374,5.644487331470758,5.621004321619426,5.606102316703689,5.5983030398007845,5.890771697546768,,5.73957108122992,#000000,0.2874920602115418,5.864280964903357,0.3329449690757061,42.10660352331635,-0.10935463328522133,False,True,False,True,False,0.0,0.0,0.0,0.0,0.0,0,0.967075038284839,0.993874425727412,False,False,False,False,-0.021431870034832833,-0.015670339606104304,False,False,False,False,-258397.0,268651.4229966606,False,False,False,False,60910.334980049134,False,False,False,False
2025-04-24 14:00:00+00:00,6.085,6.085,5.985,6.07,73453.0,,,6.01220298818982,6.018591094162991,5.8720211355517575,5.784737564245427,5.933238270382282,5.8391143531966,5.702775194632395,5.701236700928812,5.682096125387061,5.633040670127056,5.609180332178837,5.6035719850169485,5.602068974208043,5.5971427098692725,,,5.971862974614562,5.7993560160892725,5.89155560011372,5.78744769595508,5.687532843425867,5.687034957739327,5.669345423922215,5.645840614281345,5.622369380714493,5.60743732802411,5.5995865799568385,5.89155560011372,,5.742415500516565,"rgba(38, 166, 154, 0.5)",0.28799621494007827,5.867528806081169,0.703034218560679,46.304789345404586,-0.10935463328522133,False,True,False,True,True,2.6083406493851378,0.0,0.0,0.0,0.0,0,0.9719058466211083,0.9836750189825361,False,False,False,False,0.015715559435215205,2.2609914555450292e-05,False,False,False,False,-184944.0,261618.93581841778,False,False,False,False,61104.79490283907,False,False,False,False
2025-04-24 15:00:00+00:00,6.065,6.075,6.015,6.025,41588.0,,,6.013892110704735,6.019045071491013,5.873989334522423,5.7864609546378505,5.9338317709228665,5.83963968734623,5.703498189868633,5.701960123156212,5.682824915892162,5.63379272672303,5.609926017250705,5.604298659203499,5.602786398454028,5.5978430354870605,,,5.981077016746829,5.801760412324612,5.891972290976397,5.7880578682351675,5.68826259898875,5.687765009331566,5.6700785191264,5.646586946705919,5.6231232786925265,5.608175337764498,5.600296563286804,5.891972290976397,,5.743637793513598,"rgba(38, 166, 154, 0.5)",0.2862688209320562,5.868835791164258,0.5455159535966595,47.3642588246815,-0.10935463328522133,False,True,False,True,True,1.3020877746573802,0.0,0.0,0.0,0.0,0,0.9742228961334339,0.9863532979529944,False,False,False,False,0.019526270598720478,0.009774440256637963,False,False,False,False,-226532.0,254050.70425534152,False,False,False,False,60802.20893535319,False,False,False,False
2025-04-24 16:00:00+00:00,6.025,6.115,6.025,6.085,39810.0,,,6.017453033689663,6.020250230068942,5.876240958852833,5.788325849448524,5.934590800170497,5.840232295219517,5.704262831482862,5.702724883895877,5.683591426032653,5.6345750348709025,5.6106982846917965,5.605050566119121,5.603528572625001,5.598566970769288,,,5.992079891631135,5.8043668924902345,5.892468330371822,5.788724345337118,5.689031186953654,5.688533808774894,5.670847150363366,5.647365337601803,5.623905893710224,5.608939448168819,5.601030753416722,5.892468330371822,,5.745095391070291,"rgba(38, 166, 154, 0.5)",0.28546639568091847,5.870572001804671,0.7511497025205263,50.178382465775776,-6.91706394369146,False,True,False,False,True,2.9519725587819607,0.0,0.0,0.0,0.0,0,0.9726858877086493,0.9882397572078907,False,False,False,False,0.02905577222446654,0.019415106240552253,False,False,False,False,-186722.0,247217.0189180494,False,False,False,False,60476.7483317043,False,False,False,False
2025-04-24 17:00:00+00:00,6.085,6.135,6.075,6.135,38155.0,,,6.022612871459163,6.022166556940473,5.87877701153649,5.790336987321353,5.935515726676972,5.8408937686033084,5.705071488578439,5.703533354515162,5.684398053812873,5.635390081820324,5.611499602470704,5.605830110126954,5.60429787007557,5.599316831676386,,,6.004487934169705,5.807181159382436,5.893044862889304,5.789449063493544,5.6898410061295515,5.689343756062831,5.671653734262993,5.648178253117238,5.624719720372297,5.6097321015356005,5.60179149873442,5.893044862889304,,5.746762536230565,"rgba(38, 166, 154, 0.5)",0.28517630077289735,5.872692226327403,0.9198091600237428,53.60162181932111,-3.4190857161960793,False,True,True,False,True,4.29790540208074,0.0,0.0,0.0,0.0,0,0.9753601213040178,0.9874905231235784,False,False,False,False,0.048981844219803373,0.03419847523017781,False,False,False,False,-148567.0,241080.83257823467,False,False,False,False,60130.6747141585,False,False,False,False
2025-04-24 18:00:00+00:00,6.135,6.145,6.08,6.095,33364.0,,,6.026328815339537,6.023635015697177,5.880874186066739,5.792030786723193,5.936279583335504,5.841452072631019,5.705761678338169,5.704223448730084,5.685087325402889,5.6360881788392225,5.612186654661823,5.606498694246783,5.604957729475495,5.59996018539637,,,6.012775583085772,5.809535086475269,5.893527723127562,5.79006399352621,5.690532789280688,5.690035667298687,5.6723434288488725,5.648874132673845,5.625417091888938,5.610411793699265,5.602444104766393,5.893527723127562,,5.74805302998222,"rgba(38, 166, 154, 0.5)",0.2838806531365189,5.8742960590645685,0.7774532660008153,54.14366933322528,-2.602581772933604,False,False,True,False,True,3.1067895775163734,0.0,0.0,0.0,0.0,0,0.9773156899810961,0.983742911153119,False,False,False,False,0.058184952516681265,0.04619171387342954,False,False,False,False,-181931.0,234522.5095925256,False,False,False,False,59715.687509287825,False,False,False,False
2025-04-24 19:00:00+00:00,6.095,6.125,6.065,6.115,154553.0,,,6.039134789276161,6.029448670502899,5.889901605047193,5.799525099904279,5.939629594801878,5.843959828974076,5.708888668401901,5.707350275756781,5.688213599996789,5.639261121916657,5.615312660633516,5.609541922763669,5.607961699364432,5.602890051032552,,,6.037052677833559,5.819797832532351,5.895684498022684,5.792837227073262,5.693669482362665,5.693173016012977,5.675473544702609,5.652035402321033,5.628588101585976,5.613504767659581,5.605415551134034,5.895684498022684,,5.753130067584539,"rgba(38, 166, 154, 0.5)",0.27908694437847437,5.880382162080084,0.840662175876445,55.19642766859473,-1.2095971120654383,False,False,True,False,True,3.653564375074641,0.0,0.0,0.0,0.0,0,0.9788519637462234,0.9837613293051362,False,False,False,False,0.05588891076474092,0.051040312319085235,False,False,False,False,-27378.0,230462.0365755872,False,False,False,False,61186.033439376384,False,False,False,False
2025-04-25 14:00:00+00:00,6.14,6.215,6.105,6.115,76419.0,,,6.047342619515762,6.033554171606574,5.8949565760502125,5.803610686230633,5.941666066961366,5.845387530692283,5.710585208164339,5.709046148252039,5.689902321073363,5.6409595948808935,5.616980019597841,5.611164157358782,5.609562827283584,5.604450886276739,,,6.04989557872165,5.8253502656205685,5.896955379928765,5.794380155123399,5.695365663159463,5.694869372773701,5.677160086844156,5.653731321964886,5.630282656635861,5.61515423140188,5.606998915087294,5.896955379928765,,5.755972497648242,"rgba(38, 166, 154, 0.5)",0.27393569640657767,5.90671724272868,0.7603344872666209,55.89826655884104,-0.10395627129816631,False,False,True,False,True,3.653564375074641,0.0,0.0,0.0,0.0,0,0.9827392120075044,0.9748592870544089,False,False,False,False,0.08256224994279314,0.0668012811309392,False,False,False,False,-27378.0,226464.51662867886,False,False,False,False,61422.2034635721,False,False,False,False
2025-04-25 15:00:00+00:00,6.115,6.155,6.105,6.135,31512.0,,,6.0499549845814045,6.034970857263827,5.896875103631202,5.805202703438023,5.942439812227199,5.845946295253198,5.711259598438219,5.709720363144854,5.690574753227249,5.64163821730999,5.617647231329523,5.611813603901298,5.61020391680515,5.605076084004483,,,6.053719644915384,5.827491813686772,5.897447705712687,5.794988418831902,5.696040759508262,5.695544565481198,5.677832303275642,5.654408367137944,5.630960169095816,5.615814382539106,5.6076330112520525,5.897447705712687,,5.757008186639695,"rgba(38, 166, 154, 0.5)",0.2641817726660939,5.907747224028765,0.8602136842289473,57.154445646684906,1.5251270693002965,False,False,True,False,True,4.214115364379076,0.0,0.0,0.0,0.0,0,0.983139752716373,0.9793930310977894,False,False,False,False,0.0717312486502246,0.0692662648905819,False,False,False,False,4134.0,223017.53187474585,False,False,False,False,60958.47937886555,False,False,False,False
2025-04-25 16:00:00+00:00,6.135,6.16,6.125,6.135,33754.0,,,6.05284708662726,6.036570572118066,5.898967653813528,5.806934031374897,5.943297840186651,5.846559786067794,5.711993849305318,5.7104543805122425,5.691306325161938,5.642375369294586,5.618371552733411,5.612518584268977,5.610899820238195,5.605754692019755,,,6.057835491380999,5.829814700589918,5.897991454856188,5.7956535966546685,5.69677536254441,5.696279260018481,5.6785633250896606,5.655144083601796,5.631695901182965,5.616531025465937,5.608321297824552,5.897991454856188,,5.758138281717288,"rgba(38, 166, 154, 0.5)",0.2520917536379219,5.909079935039765,0.8961818929020688,57.991898371914154,2.7426659868649423,True,False,True,False,True,4.214115364379076,0.0,0.0,0.0,0.0,0,0.988700564971751,0.9804143126177023,False,False,False,False,0.07676650313436723,0.07301638401247457,False,False,False,False,4134.0,219623.98874490484,False,False,False,False,60536.704504774614,False,False,False,False
2025-04-25 17:00:00+00:00,6.135,6.135,6.06,6.07,37191.0,,,6.0540599814051514,6.037424920350401,5.90074659337752,5.808528314701282,5.943988581793872,5.847114291247948,5.712702649337571,5.711163313714418,5.692017135937429,5.643100993264705,5.61908848733112,5.613217302548976,5.611589802068916,5.606428290425402,,,6.059358428160629,5.831914746452348,5.898460450439949,5.796274019467333,5.697487932054407,5.696992025881188,5.679276222940692,5.655866030355083,5.632421941912819,5.61724066315841,5.609004115401212,5.898460450439949,,5.759018689349152,"rgba(38, 166, 154, 0.5)",0.23597635016634208,5.909430847375573,0.6804459536357805,54.85988369423975,2.7426659868649423,False,False,True,False,False,2.1625717896634242,0.0,0.0,0.0,0.0,0,0.9819140919366991,0.9822908816880183,False,False,False,False,0.06589115030074434,0.06945376715660945,False,False,False,False,-33057.0,215706.45403568153,False,False,False,False,60174.755597723844,False,False,False,False
2025-04-25 18:00:00+00:00,6.075,6.125,6.075,6.115,25548.0,,,6.055228571539745,6.038182497350643,5.902056241648321,5.809677679289468,5.944513629213503,5.847519948704898,5.713209542985059,5.711670220953194,5.692524420031465,5.643616695036846,5.619597159952551,5.613712888091476,5.612079153644486,5.60690588942944,,,6.060872144974684,5.833430182039683,5.898809447859124,5.796722925439493,5.697996733238017,5.697500942439182,5.679784400376469,5.656379630972439,5.632937536080289,5.617744109007145,5.609488316216123,5.898809447859124,,5.759686436260549,"rgba(38, 166, 154, 0.5)",0.22543717288617016,5.909992736376493,0.9093764839174122,54.93539100732535,2.7426659868649423,False,False,True,False,False,3.4712470849161114,0.0,0.0,0.0,0.0,0,0.9841688654353559,0.9796456841311723,False,False,False,False,0.07317583305062222,0.07131480010361584,False,False,False,False,-7509.0,212245.74932195002,False,False,False,False,59637.906673728125,False,False,False,False
2025-04-25 19:00:00+00:00,6.115,6.135,6.105,6.135,44569.0,,,6.057913390121035,6.039847871073037,5.904522427299615,5.811795932949905,5.945534565524115,5.848279312345838,5.7141356813659385,5.712596220860519,5.6934491760062205,5.644552474562274,5.620518462841918,5.614610158588083,5.612965061286627,5.607770250620516,,,6.064379498551137,5.836225773111302,5.899474248013804,5.797553537990568,5.698924780081235,5.698429149968442,5.680709589232752,5.657312630142904,5.633872306258511,5.61865584469853,5.610364757747006,5.899474248013804,,5.760975724049673,"rgba(38, 166, 154, 1.0)",0.21189124781569138,5.91142872062799,1.055122765459751,55.874771835597144,2.7426659868649423,False,False,True,False,False,4.049376310826791,0.0,0.0,0.0,0.0,0,0.9871843196381452,0.9758763663776856,False,False,False,False,0.0834740724069948,0.07739443625530532,False,False,False,False,37060.0,209529.6911929275,False,False,False,False,59404.280213670325,False,False,False,False
2025-04-28 14:00:00+00:00,6.165,6.205,6.155,6.175,26404.0,,,6.0605973944739135,6.0414039722623665,5.906305139353146,5.813248892121005,5.94631209848046,5.848813552291239,5.714753357906329,5.71321354874568,5.694062642116616,5.645166494507537,5.621120222287593,5.61519563577482,5.613542973944803,5.608333626268347,,,6.067955929502418,5.838158055791216,5.8999589588617605,5.798123463577729,5.699541265035309,5.699045664071058,5.681321465506948,5.657926448628702,5.634484374361586,5.619251169982908,5.610936247399253,5.8999589588617605,,5.76195090373011,"rgba(38, 166, 154, 1.0)",0.21314278511560414,5.912876941435712,1.229800288206413,58.160814713279436,3.754008004056338,True,False,True,False,True,5.200704741063781,0.0,0.0,0.0,0.0,0,0.9905944319036867,0.9721595184349135,False,False,False,False,0.1107998245517162,0.09409713040351075,False,False,False,False,63464.0,207265.10683334724,False,False,False,False,58892.647962295596,False,False,False,False
2025-04-28 15:00:00+00:00,6.175,6.185,6.12,6.165,32918.0,,,6.06319473989107,6.042996343994143,5.908320955132076,5.814937701466203,5.947184364958822,5.8494335400100015,5.715485236607237,5.713945141512989,5.694791161697117,5.645898992776395,5.621839522165134,5.615895834094456,5.614234231898715,5.609007794443132,,,6.071296278714364,5.840385185290606,5.900514045102996,5.798791253465778,5.700272943181271,5.699777414756866,5.682049027678312,5.6586579003853155,5.635215194597388,5.619962899290667,5.611619972446776,5.900514045102996,,5.763028307022314,"rgba(38, 166, 154, 1.0)",0.21401302898787786,5.914284437352414,1.1714967253782802,59.013897803419425,4.783610649392429,True,False,True,False,True,4.870075667346004,0.0,0.0,0.0,0.0,1,0.9883589936162218,0.972962823882839,False,False,False,False,0.11190026583397036,0.10299869811874056,False,False,False,False,30546.0,204525.27571965192,False,False,False,False,58489.94024194993,False,False,False,False
2025-04-28 16:00:00+00:00,6.165,6.195,6.15,6.19,26960.0,,,6.0656889958650515,6.044510505984271,5.910089837266998,5.816395435724655,5.947966718804537,5.84997513401397,5.716112194361029,5.714571759559908,5.6954140251355705,5.646522733722185,5.622451002033312,5.616490875025166,5.614821627624465,5.609580503233711,,,6.07449845608802,5.84230952080232,5.901005181317591,5.799369326558565,5.700898814415405,5.700403319066885,5.682670374253364,5.65928136037719,5.635837024579568,5.6205678816643205,5.612200881072702,5.901005181317591,,5.76398533954203,"rgba(38, 166, 154, 1.0)",0.21581137493083896,5.915623789069256,1.2713704781255086,60.66637837270827,6.55302716323898,True,False,True,False,True,5.5999308429481935,0.0,0.0,0.0,0.0,1,0.9973624717407684,0.9713639788997739,False,False,False,False,0.12063065357629618,0.11181467584751836,False,False,False,False,57506.0,202245.90710384335,False,False,False,False,58001.103959129,False,False,False,False
2025-04-28 17:00:00+00:00,6.195,6.205,6.165,6.205,38802.0,,,6.069498023090181,6.046842519335585,5.912719928013841,5.818549595937988,5.949148101149794,5.850783021044698,5.717037506874774,5.715496496356991,5.696332338981112,5.647440330698017,5.623349767997805,5.617365348434889,5.615684841429602,5.610422026964673,,,6.07933513373391,5.845149334885803,5.901742843790734,5.800227394034903,5.701821800204079,5.701326330529162,5.683585899544955,5.660199032308492,5.636751428806393,5.6214570603841025,5.613054504165574,5.901742843790734,,5.765412824347923,"rgba(38, 166, 154, 1.0)",0.21118727012548008,5.917654602953265,1.3606189278170253,62.403513359970354,8.355821704670547,True,False,True,False,True,6.039330753331278,0.0,0.0,0.0,0.0,1,0.997739261492087,0.969856819894499,False,False,False,False,0.12609637015511838,0.11895552300131837,False,False,False,False,96308.0,200603.45893169072,False,True,False,False,57703.44343263088,False,True,False,False
2025-04-28 18:00:00+00:00,6.205,6.235,6.195,6.195,47467.0,,6.208333333333333,6.074450066865396,6.049913657655493,5.9160595807294625,5.821267631232004,5.950676072106451,5.851814206850449,5.718204145642963,5.716662300660064,5.697488756762422,5.648592894954803,5.624477518573167,5.618462434385431,5.61676776990364,5.61147759477652,,,6.085536157530104,5.848725251592032,5.902691743524562,5.801316464948083,5.702984447252637,5.70248897602601,5.684737996875064,5.661352409188139,5.637899422571815,5.622572730129352,5.614125319384592,5.902691743524562,,5.7911040515471,"rgba(38, 166, 154, 1.0)",0.20584974402973247,5.945565437742651,1.211731223825672,62.723393630049515,8.84764372862226,True,False,True,False,True,5.691784950198873,0.0,0.0,0.0,0.0,1,1.0007530120481927,0.9661144578313253,False,False,False,False,0.1392453648135789,0.12910044390744863,False,False,False,False,48841.0,198250.5525916645,False,False,False,False,57544.738883287755,False,False,False,False
2025-04-28 19:00:00+00:00,6.195,6.235,6.185,6.205,172352.0,6.208333333333334,6.208333333333333,6.0898013485149365,6.060146267055475,5.927576391459345,5.830825946979873,5.956075820197046,5.855508938602049,5.722394009557004,5.720849343384816,5.701644131056827,5.652738309960037,5.628536061118997,5.6224119206892595,5.620666813413387,5.615279210759241,,,6.103784502146211,5.861137756006316,5.9060883504398625,5.805222465441076,5.7071614980286665,5.706666064418197,5.688879049238455,5.665499804845533,5.642029282004197,5.626588292145029,5.617981254678279,5.9060883504398625,6.208333333333334,5.82075596133477,"rgba(38, 166, 154, 1.0)",0.20007149622970455,5.978751027488987,1.1308406083555942,63.439480341514155,9.757194487475964,True,False,True,False,True,5.993765143547371,-1.0,6.235,6.185,0.0,0,1.0015043249341853,0.9650244452801805,False,False,False,False,0.1370506615095091,0.13307555270847887,False,False,False,False,221193.0,198606.24945070848,False,True,False,False,59324.69641998097,False,True,False,False
2025-04-29 14:00:00+00:00,6.095,6.155,6.075,6.135,21001.0,6.198920049512205,6.200775461617252,6.09024041927142,6.060626680717265,5.928503839556532,5.831698457589105,5.956497597768159,5.855844610311203,5.722809470718305,5.721264825643169,5.702060029561009,5.653161095124002,5.628953393806779,5.622818902798723,5.62106885205206,5.615671917656035,,,6.104102544667607,5.862228911886291,5.906379874144584,5.805592066434744,5.707578554488215,5.7070832145323545,5.689295721991047,5.665920870295203,5.642452032041468,5.627001492952666,5.6183792069512,5.906379874144584,6.198920049512205,5.820515158779255,"rgba(38, 166, 154, 0.5)",0.19403080929312203,5.978241226379435,0.8079066112833126,58.6221638984862,12.515072972336668,True,False,True,False,False,3.5491680094863014,0.0,0.0,0.0,0.0,1,0.9917757009345791,0.9708411214953273,False,False,False,False,0.10053534305274085,0.11680544788060987,False,False,False,False,200192.0,198630.83473054244,False,False,False,False,58730.530584012275,False,False,False,False
2025-04-29 15:00:00+00:00,6.135,6.135,6.105,6.105,29433.0,6.187833092444468,6.191433736782447,6.090709499653163,6.061215320140314,5.929744495939359,5.832884600056227,5.9570614041448415,5.856301870617648,5.72338058054853,5.721836007353282,5.702632290327425,5.653743935845995,5.629529202359846,5.6233805669604235,5.621623737073598,5.616214036331525,,,6.104367572858799,5.86370397650358,5.906774510640057,5.806097718354084,5.708152263090582,5.7076570645298395,5.689869359099561,5.666501075787263,5.643035040612947,5.627571647442083,5.618928508017639,5.906774510640057,6.187833092444468,5.820281622766654,"rgba(38, 166, 154, 0.5)",0.18500730445766592,5.977639832766542,0.6884061556747971,53.68642940704946,8.05199442776943,False,False,True,False,False,2.5258761204281903,0.0,0.0,0.0,0.0,0,0.9955089820359275,0.970434131736527,False,False,False,False,0.10273613977935603,0.10977079382998295,False,False,False,False,170759.0,198198.71326185187,False,False,False,False,58276.305303639994,False,False,False,False
2025-04-29 16:00:00+00:00,6.105,6.125,6.09,6.095,27620.0,6.1785126953826985,6.183264707890051,6.090930011107673,6.061638895574455,5.930821431766884,5.833943022477763,5.957548032058738,5.856710214625398,5.723899079892934,5.7223546400700895,5.703152708258548,5.654275738576054,5.630055347598195,5.623893989106807,5.622131023724869,5.616709818168597,,,6.104344495976487,5.8650090682822285,5.907122809844902,5.806552858018144,5.70867376902224,5.708178719090812,5.690391523457408,5.6670300525391575,5.643567338853,5.628092694286413,5.619430772660821,5.907122809844902,6.1785126953826985,5.820083794699278,"rgba(38, 166, 154, 0.5)",0.17522250976377593,5.977072183857617,0.6730175038661748,49.839665850627675,4.717784432157515,False,True,False,False,False,2.1838674250985584,0.0,0.0,0.0,0.0,0,0.9951256092988373,0.9715035620547432,False,False,False,False,0.09723596022273513,0.10350337702635903,False,False,False,False,143139.0,197345.07429655184,False,False,False,False,57801.0137485448,False,False,False,False
2025-04-29 17:00:00+00:00,6.095,6.155,6.095,6.135,18148.0,6.1751217383964985,6.18011018782507,6.091354434160321,6.06207671722742,5.931623293803738,5.834698092715553,5.957920546661982,5.85700491066773,5.724261391633308,5.722716957300996,5.703515234865248,5.654643895776458,5.630418648798325,5.624248300402235,5.622481047020796,5.617051735044443,,,6.104691112584928,5.865948025148048,5.907380065816986,5.806876281756222,5.709037339765853,5.708542367079669,5.690754627283767,5.66739680084074,5.643935402598924,5.628452409632143,5.61977724462742,5.907380065816986,6.1751217383964985,5.8202083931905175,"rgba(38, 166, 154, 0.5)",0.16367026289141046,5.977074727176239,0.9648989989619465,50.09683499033913,4.717784432157515,False,True,False,False,False,3.4718249047372964,0.0,0.0,0.0,0.0,0,0.9958770614692649,0.9685157421289355,False,False,False,False,0.10493792867427651,0.10422065285031777,False,False,False,False,161287.0,196786.0343849774,False,False,False,False,57186.238341590615,False,False,False,False
2025-04-29 18:00:00+00:00,6.135,6.14,6.105,6.12,9825.0,6.173235115915113,6.178347982380224,6.091539510420123,6.062287746985425,5.932040076238469,5.835096015986936,5.958113679037634,5.8571602736445065,5.72445403821713,5.7229096201181155,5.703708166467248,5.654840169190854,5.630612482074867,5.624437376459484,5.622667846703688,5.617234240908734,,,6.104822872673513,5.8664407260561156,5.907514895384459,5.807047480744917,5.709230782328061,5.7087358546767994,5.690947962930845,5.667592240366135,5.6441316933634855,5.628644342948676,5.619962165209218,5.907514895384459,6.173235115915113,5.820262358052512,"rgba(38, 166, 154, 0.5)",0.15509639548319684,5.977052404459932,0.9216693598501795,49.28745462583704,4.305188819961124,False,True,False,False,False,2.9442752635502742,0.0,0.0,0.0,0.0,0,0.9977452085682071,0.9695603156708005,False,False,False,False,0.10383690883005248,0.10402878084018513,False,False,False,False,151462.0,196083.33617745838,False,False,False,False,56451.95557660471,False,False,False,False
2025-04-29 19:00:00+00:00,6.125,6.135,6.08,6.095,31097.0,6.166211192467268,6.171812679708897,6.091763104688548,6.062742716471137,5.933220882679478,5.836268125650978,5.958653782734874,5.857616811335705,5.725034466624394,5.723490210658349,5.704290906414059,5.655435951878679,5.6312021074769785,5.625012842422359,5.623236475523092,5.617790056347978,,,6.104787157100789,5.867876605614353,5.907904088915459,5.807556611886008,5.7098146886708125,5.709319930621812,5.691532747901491,5.6681847861919845,5.6447280981848005,5.629228292398256,5.620525203223652,5.907904088915459,6.166211192467268,5.820277010568823,"rgba(38, 166, 154, 0.5)",0.14995065254338305,5.976727417494233,0.7887433665655329,47.18599859986311,2.2010020931178502,False,True,False,True,False,2.063187395720366,0.0,0.0,0.0,0.0,0,0.9943651389932379,0.969947407963937,False,False,False,False,0.09723596022273513,0.10063237053146012,False,False,False,False,120365.0,194909.4084847846,False,False,False,False,56058.855490145725,False,False,False,False
2025-04-30 14:00:00+00:00,5.86,5.955,5.85,5.905,64239.0,6.1210243233480055,6.130864004951144,6.08466157680052,6.059174282471859,5.932801251090816,5.836868087922014,5.958231995154018,5.857791284627955,5.72559694317315,5.724055420143678,5.704888686750222,5.656114364813237,5.63190148634591,5.62570201375894,5.623919308374302,5.618462929817319,,,6.095279669957491,5.8683150770433965,5.90788539927898,5.807895393692792,5.710405174994733,5.709911357568001,5.692151376566985,5.668843501442123,5.645420075187216,5.629923094536939,5.621204071300143,5.90788539927898,6.1210243233480055,5.816385005999778,#000000,0.14603766637408358,5.969856112997036,-0.44410537779276066,39.24232698394697,-5.150650149493252,False,True,False,True,False,0.0,0.0,0.0,0.0,0.0,0,0.9855822550831789,0.9719038817005545,False,False,False,False,0.007623887796842005,0.054128129164151065,False,False,False,False,56126.0,192757.72773308252,False,False,False,False,56185.67943603494,False,False,False,False
2025-04-30 15:00:00+00:00,5.905,5.975,5.845,5.855,61115.0,6.088788292742758,6.100553749384024,6.077981243152756,6.055681307695326,5.93225903635463,5.837330537521239,5.957752630112843,5.857913835111631,5.726093871623672,5.724555076277895,5.705420833698124,5.656726051918485,5.632535069387948,5.626327090156588,5.6245388554623865,5.6190740471521785,,,6.086530429343265,5.868586613716535,5.907822551108699,5.808176354178004,5.7109298407575215,5.710436948464696,5.692704246514185,5.669435756703037,5.646045347864983,5.630552779234028,5.621820324342606,5.907822551108699,6.088788292742758,5.813427133939411,"rgba(239, 83, 80, 0.5)",0.14202248901978684,5.964355845494657,-0.7699896421292878,33.019419813673835,-10.596655118486233,False,True,False,True,False,0.0,0.0,0.0,0.0,0.0,0,0.9860345461227487,0.9713340683572217,False,False,False,False,0.010891497254326423,0.03250981320923874,False,False,False,False,-4989.0,189691.8869930347,False,False,False,False,56262.10301067006,False,False,False,False
2025-04-30 16:00:00+00:00,5.855,5.905,5.83,5.875,48904.0,6.066669478129165,6.079328261179227,6.0723758315114535,6.052633842767868,5.931609196543055,5.837549672027619,5.957249848337901,5.85794872186094,5.726437619968553,5.724901197686091,5.705795192747385,5.6571683090401,5.632997633417446,5.626784491051568,5.624992509785377,5.619522382991645,,5.869999999999999,6.079332652246014,5.868599643797935,5.907705633873356,5.808341831056289,5.711297425700594,5.710805319815432,5.693096511697471,5.669861429550053,5.646499471750247,5.631012843225531,5.622271996722638,5.907705633873356,6.066669478129165,5.821040082359252,"rgba(239, 83, 80, 0.5)",0.13921676014867737,5.967442796366624,-0.664020598295058,30.21749527052817,-12.87652680121164,False,True,False,True,False,0.0,0.0,0.0,0.0,0.0,0,0.991173225450533,0.9738874586244944,False,False,False,False,-0.0076239313637277055,0.012442940922755519,False,False,False,False,43915.0,187431.7802179489,False,False,False,False,56148.02389422556,False,False,False,False
2025-04-30 17:00:00+00:00,5.875,5.885,5.84,5.865,38739.0,6.051593026497701,6.064647018399597,6.068006172199992,6.050204345080651,5.931049311201578,5.837685946942235,5.956825523220288,5.85796100582375,5.7266961638154585,5.7251616648125125,5.706078541554417,5.657506407534612,5.633352502397483,5.62713570303011,5.62534093486471,5.6198669715587775,,5.867053272936801,6.0737908885880625,5.868561463730561,5.907597245789118,5.808458180008513,5.7115752210280135,5.711083748293727,5.693394348575809,5.670186153882171,5.6468472067056785,5.631365895887401,5.6226190237121445,5.907597245789118,6.051593026497701,5.8193526783174505,"rgba(239, 83, 80, 0.5)",0.13741182266820073,5.9642432473201925,-0.7222322315004032,28.121329272410406,-14.70520148597906,False,True,False,True,False,0.0,0.0,0.0,0.0,0.0,0,0.9875091844232179,0.9768552534900808,False,False,False,False,-0.009802315274213259,0.0013203128242711302,False,False,False,False,5176.0,184606.1092068179,False,False,False,False,55878.116547028265,False,False,False,False
2025-04-30 18:00:00+00:00,5.865,5.925,5.86,5.86,28993.0,6.042659248258279,6.05578935095133,6.065135913650816,6.04860089716804,5.930748084306301,5.837859233107732,5.956572234632398,5.858001411284739,5.726914902057238,5.725381743421975,5.70631458467622,5.657781196258416,5.633638493516949,5.6274182245559325,5.62562107351202,5.620143603548836,,5.870685823130652,6.070171273934976,5.868632188028724,5.907549927032404,5.80857392065943,5.711807501393506,5.711316477778964,5.693640548490952,5.670451471955408,5.6471287071842635,5.631650253752328,5.622897823492038,5.907549927032404,6.042659248258279,5.818576944447518,"rgba(239, 83, 80, 0.5)",0.13330237253143887,5.962538268388977,-0.769215629412699,26.601006970853973,-16.18923588650005,False,True,False,True,False,0.0,0.0,0.0,0.0,0.0,0,0.9908223201174742,0.9739353891336272,False,False,False,False,0.003267316361370494,0.0022938145928208123,False,False,False,False,-23817.0,181374.74317260366,False,False,False,False,55461.29303467124,False,False,False,False
2025-04-30 19:00:00+00:00,5.865,5.935,5.855,5.91,114107.0,6.01820149705592,6.030858553984816,6.055697134345445,6.043237574335948,5.930027219776356,5.838808120086692,5.955831716713157,5.858281269599524,5.7278711017406225,5.7263428276898365,5.707333928234709,5.658944189053308,5.634840418910198,5.628603812558038,5.626796205585908,5.6213026085243,,5.885182266273155,6.058424422389137,5.869284568053572,5.907496090748298,5.8091392738226935,5.712813560609217,5.712324205634403,5.694697160438474,5.671579321139678,5.648316168584127,5.632844753047446,5.624066612627145,5.907496090748298,6.01820149705592,5.816679246192991,#000000,0.1301765260249169,5.95766345225495,-0.3661447552059175,29.35110632204912,-16.18923588650005,False,True,False,True,False,0.0,0.0,0.0,0.0,0.0,0,0.9901207464324914,0.9721917306988658,False,False,False,False,0.0043564411333127636,0.003325127863066788,False,False,False,False,90290.0,179962.5766117881,False,False,False,False,56370.528801575565,False,False,False,False
2025-05-01 14:00:00+00:00,6.015,6.065,5.995,6.005,48607.0,6.018437336059069,6.030271943564406,6.054888259591984,6.042910955493842,5.930933346474688,5.839989865385462,5.956196773477917,5.85874372758573,5.728560864690322,5.727033607801238,5.708037044700083,5.65968454883018,5.635582539575471,5.6293307241693284,5.627515299304231,5.622007668704839,,5.908930600799475,6.057374434094196,5.870622722607469,5.907841835714654,5.8096976266162805,5.7135152935643525,5.713026385584398,5.69540876499611,5.672310513162724,5.649061510187123,5.63358061994551,5.62477971122738,5.907841835714654,6.018437336059069,5.818078873786881,#000000,0.126748953831127,5.958885933243928,0.3638220700228557,36.39567238387332,-21.245901328971406,False,True,False,True,True,0.0,0.0,0.0,0.0,0.0,0,0.9970972423802609,0.9629898403483312,False,False,False,False,0.06325251134004022,0.0332888196015535,False,False,False,False,138897.0,179325.9010054038,False,False,False,False,56250.16401395424,False,False,False,False
2025-05-01 15:00:00+00:00,6.005,6.015,5.875,5.885,120864.0,6.004913246088429,6.015854459604469,6.047639843810241,6.038632628133714,5.930790964338746,5.841334344266125,5.955772481755196,5.859206788661238,5.729700990595131,5.728178362162934,5.70923713107759,5.661024319329253,5.636956627814601,5.6306841405033605,5.628856307650062,5.623328670137694,,5.913783534142566,6.04859560406558,5.87178472437211,5.907970072498956,5.810445972351154,5.714703386256471,5.71421610475531,5.696644544553224,5.673616054764841,5.650424518571827,5.634945599474793,5.626112645809173,5.907970072498956,6.004913246088429,5.817082257757915,"rgba(239, 83, 80, 0.5)",0.125925868368307,5.955554223034259,-0.560283791952124,36.81277966230834,-20.834904334904436,False,True,False,True,True,0.0,0.0,0.0,0.0,0.0,0,0.9859256586070007,0.9714904366654639,False,False,False,False,0.02614454564938925,0.029716682625471374,False,False,False,False,18033.0,176825.23587353705,False,False,False,False,57251.92891296271,False,False,False,False
2025-05-01 16:00:00+00:00,5.885,5.895,5.855,5.875,64520.0,5.9955953958436154,6.0062582270274145,6.042645678004365,6.035523378860716,5.930085314858591,5.84161619328898,5.955190279341182,5.859265491870447,5.730149778721439,5.728630186638443,5.709725143752428,5.66159957451781,5.637558416571285,5.631279685173132,5.6294472010373156,5.623913047244025,,5.908399134415242,6.042660073156415,5.871820988630882,5.907839054838012,5.81066885830248,5.715182669918017,5.714696394529946,5.697155547519038,5.674169952549938,5.651015130646715,5.635544328388919,5.626701138294153,5.907839054838012,5.9955953958436154,5.815770995094617,"rgba(239, 83, 80, 0.5)",0.12420279116558196,5.952660771373031,-0.6252739623982925,36.7986522518966,-20.548447708464387,False,True,False,True,True,0.0,0.0,0.0,0.0,0.0,0,0.9833694866232824,0.9815618221258138,False,False,False,False,-0.004356484698493066,0.012680098963489154,False,False,False,False,-46487.0,173363.03066619538,False,False,False,False,57364.61218562995,False,False,False,False
2025-05-01 17:00:00+00:00,5.875,5.925,5.875,5.89,48483.0,5.990536193529083,6.000920956410456,6.039539917413761,6.03356863235291,5.929770684237323,5.841960354578654,5.954875003356579,5.859369666131889,5.730535368302329,5.729017868301571,5.7101377967768,5.662073496244115,5.638049709032652,5.631764909590881,5.629928373663608,5.624388128598482,,5.907290782131794,6.039003015601562,5.872029793828371,5.9078057922401195,5.8108914026363605,5.715589513118106,5.715103946130019,5.6975841604295665,5.67462886182478,5.6514996344366235,5.636032808088806,5.627179956405672,5.9078057922401195,5.990536193529083,5.815183210669004,#000000,0.12257841762910904,5.951094458980024,-0.49841122247866365,37.58608037642753,-19.353504614386964,False,True,False,True,True,0.0,0.0,0.0,0.0,0.0,0,0.9833694866232826,0.9797541576283445,False,False,False,False,0.006534724266869336,0.009607411615179244,False,False,False,False,1996.0,170706.1774775722,False,False,False,False,57226.91277189925,False,False,False,False
2025-05-01 18:00:00+00:00,5.895,5.995,5.89,5.945,82075.0,5.986775304284346,5.996534771915203,6.036195371407717,6.031468275452055,5.929983454456636,5.843021982779979,5.954770697874835,5.859763710418774,5.731366283621661,5.729851652584248,5.711005959323684,5.663030170722097,5.6390264783320205,5.632726291039094,5.63088081504687,5.625325812072011,,5.912260095325766,6.035111151313589,5.873029996014964,5.907983953532481,5.811469069794999,5.716450530090841,5.715965994516042,5.698474662713169,5.675563806239561,5.65247078575612,5.637002902588194,5.628126366732188,5.907983953532481,5.986775304284346,5.815252134083924,#000000,0.12031022213235794,5.950075961586838,-0.0421906093835748,40.847055166235904,-15.880234323417092,False,True,False,True,True,0.0,0.0,0.0,0.0,0.0,0,0.9841555635577959,0.9751530428519989,False,False,False,False,0.025054722808831722,0.01733106721200548,False,False,False,False,84071.0,169362.9964314083,False,False,False,False,57612.15443435043,False,False,False,False
2025-05-01 19:00:00+00:00,5.945,5.965,5.89,5.9,280808.0,5.972114679400629,5.9803689606204955,6.02366690855517,6.0231231245154095,5.929389997766904,5.845627060620698,5.953677851465618,5.860689275091279,5.733831127649245,5.732327508250725,5.713613548762114,5.6659670519316165,5.6420508862810195,5.635709948609021,5.633838860279998,5.628243715774826,,5.914206692538903,6.020843604004515,5.875104657426299,5.908158524906371,5.813040337706371,5.719028521584511,5.718547795200584,5.70116702810932,5.678419845332644,5.655463674080221,5.6400089825534625,5.631068502366227,5.908158524906371,5.972114679400629,5.814245903718525,#000000,0.11803770965623073,5.9450044877389,-0.3812721194774888,41.27683578881566,-15.088471062765834,False,True,False,True,True,0.0,0.0,0.0,0.0,0.0,0,0.9856270212001432,0.9755659360402447,False,False,False,False,0.018516944536898814,0.01792400587445215,False,False,False,False,-196737.0,163687.02749448724,False,False,False,False,61072.555140794604,False,False,False,False
2025-05-02 14:00:00+00:00,5.88,5.965,5.855,5.94,85558.0,5.968921792859421,5.976791946424922,6.0204147442626725,6.020856434173769,5.9292464863443515,5.846402723768374,5.953372881531136,5.860973480712698,5.734575931001286,5.733075631664222,5.714401417430903,5.666854313896107,5.642964883232472,5.636611961469233,5.634733279144673,5.629126283039355,,5.914722118812855,6.017224381354438,5.875722462738167,5.9082190714525815,5.81351736986944,5.719807420817181,5.71932784182178,5.701980489435532,5.6792826817352395,5.656367912106796,5.640917571520785,5.631958238977314,5.9082190714525815,5.968921792859421,5.814102158017455,#000000,0.11353453258844967,5.943775614053302,-0.033255204097134165,43.48203968757602,-12.617506391452494,False,True,False,True,True,0.0,0.0,0.0,0.0,0.0,0,0.9824624194702931,0.9770937723693631,False,False,False,False,0.010891497254326423,0.014407751564389285,False,False,False,False,-111179.0,159425.53869612308,False,False,False,False,61452.17444093732,False,False,False,False
2025-05-02 15:00:00+00:00,5.945,5.945,5.885,5.905,18041.0,5.968191557048318,5.975988301837578,6.0197000990537095,6.020352690258511,5.929190013712887,5.846545935127161,5.953293396577181,5.861024650122172,5.734725198125008,5.733225623410966,5.714560079738733,5.6670344809571835,5.643151070060326,5.636795860595565,5.634915676887257,5.629306390281638,,5.914665853151495,6.016431546662493,5.8758264597448155,5.9082227845114375,5.813609585933269,5.7199640868292585,5.7194847555804245,5.702144719875104,5.679457564264923,5.656551791564322,5.641102708548264,5.632139744647823,5.9082227845114375,5.968191557048318,5.814049632531644,#000000,0.10793107577108965,5.9434863284694615,-0.35658245963457846,43.5283590713897,-12.161750208425126,False,True,False,True,True,0.0,0.0,0.0,0.0,0.0,1,0.9828448892065758,0.9796283059328094,False,False,False,False,0.07700110738726645,0.04570442947582787,False,False,False,False,-129220.0,154950.41406517543,False,False,False,False,60779.13297673674,False,False,False,False
2025-05-02 16:00:00+00:00,5.905,5.985,5.905,5.935,77938.0,5.966806402866306,5.974251240637585,6.0175459257947415,6.018815089534543,5.929360788933601,5.84743917976177,5.953198452176575,5.861374773546006,5.735476001080047,5.7339791641261435,5.715346464617879,5.667904850310708,5.644041984501995,5.637673896938484,5.635786008597641,5.630164219351846,,5.916655561722341,6.01408185444902,5.876639247473626,5.908377667937638,5.8141272552773025,5.720743418143017,5.720265058959879,5.702952421283358,5.680307266980884,5.6574361815666965,5.6419879684571335,5.6330050232425855,5.908377667937638,5.966806402866306,5.814271524683091,#000000,0.10252189394820137,5.942932089267001,-0.07736971062014149,45.04749954216986,-10.304879862033637,False,False,False,True,True,0.0,0.0,0.0,0.0,0.0,1,0.9996354356543928,0.9763033175355453,False,False,False,False,0.0926121769596807,0.06915830321775429,False,False,False,False,-51282.0,151753.0122967231,False,False,False,False,61045.161922833846,False,False,False,False
2025-05-02 17:00:00+00:00,5.935,5.945,5.905,5.935,26854.0,5.966126391328758,5.9734642295788145,6.016705354728578,6.018209954301419,5.92935596605674,5.84770007680796,5.953128686501773,5.86147479114343,5.735716787375407,5.734220953075153,5.715600269601771,5.668188920975171,5.6443340269492674,5.637962041255053,5.636071721818326,5.630446094370415,,5.91694472491396,6.013163263474345,5.876858196585393,5.908409460223697,5.814286107502666,5.720994544135129,5.720516534163733,5.703213985347682,5.680583892125383,5.657725398823394,5.642278265938888,5.633289210255557,5.908409460223697,5.966126391328758,5.814286512916543,#000000,0.10309105570200208,5.942652612312552,-0.07423158353012549,46.06025985602329,-8.96315328300615,False,False,False,True,True,0.0,0.0,0.0,0.0,0.0,1,1.0011025358324144,0.9753766997427419,False,False,False,False,0.08220026350123215,0.07567928335949323,False,False,False,False,-51282.0,148605.18264871187,False,False,False,False,60515.0663891465,False,False,False,False
2025-05-02 18:00:00+00:00,5.935,5.975,5.905,5.905,46584.0,5.965002088249288,5.972161134154636,6.015284172245454,6.017179196989244,5.929347706275249,5.848148688953122,5.953008587145105,5.86164758612624,5.736133059571659,5.734638963752519,5.716039116742275,5.668680235052119,5.644839216290057,5.638460536344277,5.636566030932745,5.630933804753203,,5.917413771559503,6.011615602338578,5.877233643366768,5.908464371118457,5.814560624964434,5.7214287376611495,5.720951332782434,5.7036662869365955,5.68106229675115,5.658225645832604,5.642780455227556,5.633780898196502,5.908464371118457,5.965002088249288,5.814318922257218,#000000,0.10421357142165327,5.942183165343521,-0.3567977264024079,45.27527220755516,-8.96315328300615,False,False,False,True,True,0.0,0.0,0.0,0.0,0.0,1,0.9944913698127064,0.9731913330885055,False,False,False,False,0.10194116500287072,0.08881022418118198,False,False,False,False,-97866.0,144783.9240029954,False,False,False,False,60299.080863733376,False,False,False,False
2025-05-02 19:00:00+00:00,5.905,5.92,5.89,5.905,85269.0,5.961903494119942,5.96878975506498,6.012130598574473,6.0148726948722295,5.928992984749848,5.848721816510364,5.952586686450518,5.861851709254151,5.736798437258316,5.7353078469597705,5.7167499500523515,5.669494377461672,5.645683564012057,5.639295486464926,5.637394499950161,5.631752685005562,,5.9165435326409845,6.008170234634281,5.877599460783532,5.9084469819762715,5.814957348455693,5.722129709117861,5.721653490290152,5.704404007579607,5.681851033288512,5.659057852761722,5.64362038679409,5.6346057092997395,5.9084469819762715,5.961903494119942,5.814064537605133,#000000,0.10543979111102768,5.940864894306526,-0.34014572609272575,44.75194710857641,-8.96315328300615,False,False,False,True,True,0.0,0.0,0.0,0.0,0.0,1,0.9963167587476977,0.9749539594843465,False,False,False,False,0.10065296320690624,0.0947315936940441,False,False,False,False,-97866.0,141021.90967736754,False,False,False,False,60686.21139297782,False,False,False,False
2025-05-05 14:00:00+00:00,5.78,5.805,5.725,5.745,44900.0,5.956514401297742,5.963370041197769,6.008365803207752,6.012124965221862,5.927693723439734,5.848244529348957,5.951691919471702,5.861595687938233,5.736843025608521,5.735355352804842,5.716832157550782,5.669655246260681,5.64587575075142,5.639491516882374,5.637590725033944,5.631951525421206,,5.910911285471592,6.003990020061981,5.876777757028647,5.90805126676546,5.814826856363358,5.72220235826043,5.721727028479138,5.704507860438978,5.681992617927098,5.659233830588467,5.643813545616812,5.634803525184742,5.90805126676546,5.956514401297742,5.812867541919373,"rgba(255, 0, 0, 1.0)",0.10980736613563462,5.938565134605982,-1.7627700346340087,38.85585420651884,-6.609140562085869,False,True,False,True,False,0.0,0.0,0.0,0.0,0.0,1,0.995229357798165,0.9746788990825691,False,False,False,False,0.03429912659437078,0.06451536014420745,False,False,False,False,-142766.0,136622.09712423003,False,False,False,False,60441.4639295208,False,False,False,False
2025-05-05 15:00:00+00:00,5.745,5.775,5.72,5.77,39570.0,5.951920184477155,5.958745986649176,6.005096302634959,6.009720581728492,5.926542769935471,5.847812619217048,5.950896697724499,5.861363856430303,5.736876096817073,5.735391007212968,5.716898539949128,5.669791225435916,5.646039576290058,5.639658911756769,5.637758369918304,5.632121636451432,5.755,5.906168555483975,6.000371870846091,5.876042808617971,5.907696525730802,5.81470559616289,5.722260257573636,5.7217857138824355,5.704593406599994,5.682111532129492,5.659383202814635,5.643978297242102,5.634972644976558,5.907696525730802,5.951920184477155,5.816447728463451,"rgba(239, 83, 80, 1.0)",0.1137789860107981,5.937482861509354,-1.4720017059517423,36.45030239008584,-8.83204429847676,False,True,False,True,False,0.0,0.0,0.0,0.0,0.0,0,0.9952258538376787,0.9717223650385606,False,False,False,False,0.04630890246738815,0.05541213130579779,False,False,False,False,-103196.0,132903.98709129624,False,False,False,False,60117.87534146621,False,False,False,False
2025-05-05 16:00:00+00:00,5.775,5.815,5.775,5.795,29603.0,5.949288650068045,5.956071889994781,6.003087445858086,6.008228903195689,5.925890153692585,5.847630240121694,5.950426590716279,5.86125605412054,5.736955190109257,5.735471835089129,5.717000029059127,5.66994029282863,5.646206690513082,5.6398271457287805,5.637926158128171,5.632289919501727,5.772118239775635,5.903694953036027,5.998163259090805,5.8756785443155195,5.907501450424993,5.814675761349904,5.722356197424487,5.72188219255956,5.7047078514918255,5.6822489228262905,5.659541267343159,5.644145523973821,5.635140916140717,5.907501450424993,5.949288650068045,5.816566725159158,"rgba(239, 83, 80, 1.0)",0.11692039333822896,5.9371758026424635,-1.216005168843175,36.34877052232362,-8.995234340693294,False,True,False,True,False,0.0,0.0,0.0,0.0,0.0,0,1.0187353629976579,0.9625292740046841,False,False,False,False,0.07524509833867567,0.06532861482223673,False,False,False,False,-73593.0,129702.48341546218,False,False,False,False,59644.776498962856,False,False,False,False
2025-05-05 17:00:00+00:00,5.795,5.795,5.765,5.775,22465.0,5.947140367128486,5.95389613674379,6.001468363211531,6.007023258624328,5.925336690369447,5.847449112262067,5.95003367295431,5.861153958842786,5.736997875408789,5.735515894710977,5.7170604516432295,5.670038135384201,5.646319082158538,5.6399408850012165,5.638039764414731,5.632404336163839,5.773641866183606,5.901613286795645,5.996383726314386,5.875347635306984,5.9073319980416965,5.8146340533198115,5.722412169856369,5.721938588110613,5.704778512226634,5.682337583382377,5.659646244573819,5.644258188012019,5.635255088184358,5.9073319980416965,5.947140367128486,5.816150274062659,"rgba(239, 83, 80, 1.0)",0.1207192409482558,5.936298419241993,-1.336145074927454,35.606275509551,-9.889180889318745,False,True,False,True,False,0.0,0.0,0.0,0.0,0.0,0,1.0118436636399522,0.9648637978681408,False,False,False,False,0.06609604667537129,0.065712330748804,False,False,False,False,-96058.0,126202.32088188913,False,False,False,False,59068.345855568085,False,False,False,False
2025-05-05 18:00:00+00:00,5.775,5.785,5.765,5.765,22727.0,5.944937591563887,5.951666998581556,5.999805729001858,6.005781169669244,5.924755779432308,5.847249250905211,5.9496226311017875,5.861042634904895,5.737034018785239,5.7355534503603405,5.717114820233996,5.6701308570689,5.646426858072264,5.640050227022501,5.638149056145284,5.632514625257726,5.773249347848263,5.899466385433651,5.994558365339687,5.8749923004872375,5.907152185111133,5.814584224978083,5.722461944249973,5.721988795863529,5.704843392614687,5.68242089409768,5.659746302726152,5.644366315855142,5.635365033442496,5.907152185111133,5.944937591563887,5.8156380897714675,"rgba(239, 83, 80, 1.0)",0.1236012915760484,5.935295318104618,-1.3777794384926842,34.76390277299157,-10.924427079213245,False,True,False,True,False,0.0,0.0,0.0,0.0,0.0,0,1.0166799046862587,0.9543288324066722,False,False,False,False,0.0630488916826096,0.0643806112157068,False,False,False,False,-118785.0,122404.0678449606,False,False,False,False,58504.91413687711,False,False,False,False
2025-05-05 19:00:00+00:00,5.765,5.77,5.73,5.745,136225.0,5.931179482780113,5.93777667314735,5.989353438819913,5.99788702578205,5.920846846499571,5.845709928799551,5.946880115676395,5.86020842507582,5.73710418877264,5.735632537042262,5.717300023568805,5.670556193261348,5.646949362225471,5.640586315259594,5.638686587563424,5.633061812091798,5.759704577197813,5.885848422071029,5.983126606039475,5.8724427813890205,5.905900393101988,5.814126888803161,5.722617709957584,5.722147268415125,5.705094783800771,5.682787305574563,5.660218062773018,5.644892509845783,5.635908163111649,5.905900393101988,5.931179482780113,5.811851662016826,"rgba(239, 83, 80, 1.0)",0.126759970377396,5.9283525711538205,-1.4464548280339145,33.49331833788308,-12.363858886857145,False,True,False,True,False,0.0,0.0,0.0,0.0,0.0,0,1.0164262820512817,0.9571314102564102,False,False,False,False,0.047829507944681514,0.056105059580194155,False,False,False,False,-255010.0,116552.6869481395,False,False,False,False,59709.87670839839,False,False,False,False
2025-05-06 14:00:00+00:00,5.805,5.855,5.775,5.815,59514.0,5.927732976169945,5.934218642949487,5.986243881783458,5.995469440583947,5.919832092067738,5.84550255121521,5.946099759962333,5.86006271311446,5.737314954043518,5.735846534560017,5.717552586279167,5.67089860004327,5.647324956288384,5.640962741707176,5.639061566843046,5.633436567261207,5.770316667956557,5.883165074403208,5.9797842033666475,5.871942035218116,5.905588457237189,5.814129514036579,5.722860070716406,5.722390646041516,5.705371635053034,5.683107625309297,5.660577335606254,5.645267808356984,5.636283545418357,5.905588457237189,5.927732976169945,5.811544030494508,"rgba(239, 83, 80, 0.5)",0.1283952231717429,5.927203158668841,-0.87388888696238,37.296225032472165,-12.363858886857145,False,True,False,True,True,0.0,0.0,0.0,0.0,0.0,0,1.0152487961476722,0.9494382022471912,False,False,False,False,0.08746368999770732,0.07178437478895074,False,False,False,False,-195496.0,111714.72280940865,False,False,False,False,59706.839860206164,False,False,False,False
2025-05-06 15:00:00+00:00,5.815,5.865,5.805,5.855,23194.0,5.926749311281191,5.933185028626035,5.985245914746991,5.994681147103196,5.919541131176289,5.8454924827424,5.94585948551045,5.860039634398043,5.737424875714803,5.735957614319199,5.717677501401879,5.671056217955216,5.647494087190705,5.641131415189449,5.639229357968288,5.633603589882769,5.775281869878207,5.882561443975762,5.978722322493535,5.871839527826375,5.905503083446901,5.814161744407256,5.722981417100439,5.722512363313677,5.705505306478907,5.683257196583511,5.660741002480688,5.645436531873793,5.636451180399921,5.905503083446901,5.926749311281191,5.811556329681017,"rgba(239, 83, 80, 0.5)",0.12913007618895378,5.926949309890389,-0.5571847552006922,41.94264010949311,-12.669535966499737,False,False,False,True,True,0.0,0.0,0.0,0.0,0.0,0,1.017820980153908,0.9518023491292024,False,False,False,False,0.09970838782963369,0.08574638130929221,False,False,False,False,-172302.0,107311.36276585193,False,False,False,False,59140.74931973785,False,False,False,False
2025-05-06 16:00:00+00:00,5.86,5.895,5.775,5.785,56163.0,5.92382969278067,5.930160926556405,5.982501933855887,5.992519365885921,5.918637041403389,5.845320953837914,5.945152955597403,5.859913321946424,5.737630723390282,5.736166466014449,5.717922210678443,5.6713846452677945,5.647853343993017,5.64149128972354,5.639587807846998,5.633961686788996,5.781490192000397,5.880376169576029,5.975790987873435,5.871404418534431,5.9052220786057354,5.814173533850886,5.723216660573172,5.722748553830838,5.705772619454299,5.683565032705531,5.661085137003389,5.6457954503129955,5.636809942981892,5.9052220786057354,5.92382969278067,5.811185376621165,"rgba(239, 83, 80, 1.0)",0.1311959884576352,5.925795791275624,-1.0731714660703073,41.88854839451645,-12.669535966499737,False,False,False,True,True,0.0,0.0,0.0,0.0,0.0,0,1.0231118448204701,0.9554271564176644,False,False,False,False,0.09970838782963369,0.09272738456946295,False,False,False,False,-228465.0,102105.5276842108,False,False,False,False,59094.58266361788,False,False,False,False
2025-05-06 17:00:00+00:00,5.785,5.855,5.785,5.85,36756.0,5.922204654466958,5.928464186635867,5.980878637893852,5.991225901669589,5.918121861175107,5.845257888094456,5.944736937239597,5.859854148464691,5.737784268152813,5.736321903152164,5.718100251072727,5.67161579522138,5.648103677634536,5.641741505807284,5.639836881303901,5.634210075598181,5.785673569253847,5.87927888407495,5.9740677878986865,5.87118523205742,5.905063714774851,5.814202751898213,5.723388795481157,5.72292128987515,5.705964939898322,5.683783113000815,5.661326193452016,5.646045368282409,5.637059011879103,5.905063714774851,5.922204654466958,5.811022870032863,"rgba(239, 83, 80, 0.5)",0.13183039199001464,5.925165695683375,-0.5701697047905949,44.98902930062292,-9.833729197837783,False,False,False,True,True,0.0,0.0,0.0,0.0,0.0,0,1.0246141009595324,0.9453483521068003,False,False,False,False,0.09052227066003882,0.09162482761475088,False,False,False,False,-191709.0,97550.26368910675,False,False,False,False,58748.24804867807,False,False,False,False
2025-05-06 18:00:00+00:00,5.855,5.865,5.82,5.855,36414.0,5.920930445954094,5.9271140766298664,5.979478090099945,5.990095001160124,5.9177127660355,5.845263609768908,5.944387182746049,5.859828354730667,5.7379632836668,5.736502694003993,5.718302266126426,5.671868158668028,5.648373666307053,5.642010627378902,5.640104565962664,5.634476427998365,5.790474377347533,5.878590005075774,5.972593227760847,5.871057314386026,5.904942169845359,5.81426201913532,5.723585356642035,5.723118421607735,5.70618040756982,5.684023078454771,5.661587859710809,5.64631466493914,5.637326391106301,5.904942169845359,5.920930445954094,5.810981939934906,"rgba(239, 83, 80, 0.5)",0.1322859651533954,5.924719512719716,-0.527036353696862,47.280439630491294,-7.679313761438472,True,False,False,False,True,0.0,0.0,0.0,0.0,0.0,0,1.0238893545683148,0.9396479463537304,False,False,False,False,0.10430764749456942,0.09796623755466015,False,False,False,False,-155295.0,93630.1820815237,False,False,False,False,58401.98063707066,False,False,False,False
2025-05-06 19:00:00+00:00,5.855,5.87,5.815,5.815,272854.0,5.911100858201124,5.916792098993717,5.968879324367643,5.981414584523077,5.914241830211189,5.844911260671493,5.941496715028589,5.859445653600545,5.739123901692496,5.737677051049377,5.719640863094245,5.673593744916367,5.650239117128355,5.643874983670015,5.641960458048619,5.636327095169477,5.806374412802437,5.872405658621342,5.961479569671695,5.869638058890653,5.903842522054573,5.814519387766441,5.724881082391654,5.724418520662028,5.707622907909563,5.685653331849536,5.663385713955954,5.648176985626167,5.639182154034243,5.903842522054573,5.911100858201124,5.809638206227211,"rgba(239, 83, 80, 0.5)",0.13331017816953245,5.920123400272402,-0.7885624467376738,46.898899639750155,-7.679313761438472,True,False,False,True,True,0.0,0.0,0.0,0.0,0.0,0,1.0216468590831915,0.9494906621392191,False,False,False,False,0.10430764749456942,0.10113694252461478,False,False,False,False,-428149.0,85540.58235932954,False,False,False,False,61726.81814657344,False,False,False,False
2025-05-07 14:00:00+00:00,5.805,5.825,5.765,5.775,37461.0,5.909238178170557,5.914879832480756,5.967099381204764,5.979957782099143,5.913534750673063,5.844682773771242,5.9409513474124855,5.859304909900382,5.739205984022581,5.737761257852014,5.719750435087857,5.673761850979709,5.6504300718267695,5.6440679908434594,5.64215321865161,5.636521069179304,5.8055000478688035,5.870857409255445,5.959603018075606,5.869220256975593,5.903599504359764,5.814470960473666,5.724983767921556,5.724521864329421,5.707748421958795,5.68580702334803,5.663565031377764,5.648368339816531,5.639375779561887,5.903599504359764,5.909238178170557,5.809152168049692,"rgba(239, 83, 80, 1.0)",0.13500143476043652,5.919083954669984,-1.0672772102434607,44.94507491376695,-7.679313761438472,True,False,False,True,False,0.0,0.0,0.0,0.0,0.0,0,1.0119658119658115,0.952991452991453,False,False,False,False,0.07524509833867567,0.08819102043164523,False,False,False,False,-465610.0,76995.61209019265,False,False,False,False,61350.603911742845,False,False,False,False
2025-05-07 15:00:00+00:00,5.775,5.835,5.775,5.805,50853.0,5.907134570538542,5.912703370025006,5.964958644708851,5.978183978727692,5.912713603508278,5.844466412692858,5.940297372671199,5.859159399121669,5.739354626407124,5.737912645952457,5.719934631187897,5.674022349043578,5.65071967453423,5.644359346514601,5.642443820497106,5.636812418004581,5.80546917998201,5.869251184907617,5.957361410168534,5.868775374938391,5.903318705894936,5.814447243327035,5.72515916586351,5.724698120881167,5.707953293068327,5.686048719820093,5.663840038058867,5.648658099397306,5.639667141159782,5.903318705894936,5.907134570538542,5.808661672617087,"rgba(239, 83, 80, 0.5)",0.1359211151717741,5.917921044093211,-0.8307836788309438,45.3188108557988,-7.679313761438472,True,False,False,True,False,0.0,0.0,0.0,0.0,0.0,0,1.0132990132990132,0.948519948519949,False,False,False,False,0.0813513644944314,0.08477119246303831,False,False,False,False,-414757.0,69371.54058491834,False,False,False,False,61187.85036272357,False,False,False,False
2025-05-07 16:00:00+00:00,5.805,5.825,5.785,5.82,21410.0,5.906316223603064,5.911853971994205,5.964101824452374,5.977469141611039,5.912387467258065,5.844387476257858,5.94003402193146,5.859104003803538,5.7394217580372,5.73798091437237,5.720016487333478,5.67413588913589,5.650845218947328,5.644485505202672,5.642569612652744,5.636938417391854,5.805583950241893,5.868648955534889,5.956467317572026,5.8686044507523265,5.9032069505289195,5.8144425594902245,5.725237391804645,5.724776703370214,5.708043720070233,5.686154450284413,5.663959590810477,5.648783664046793,5.639793203524517,5.9032069505289195,5.906316223603064,5.808478564129796,"rgba(239, 83, 80, 0.5)",0.1364470329204048,5.917467081858334,-0.7143217391556619,46.39097520280576,-7.679313761438472,True,False,False,True,False,0.0,0.0,0.0,0.0,0.0,0,1.0113487560017453,0.9633347883020518,False,False,False,False,0.0813513644944314,0.08306127847873485,False,False,False,False,-393347.0,62197.60972313666,False,False,False,False,60571.13950438677,False,False,False,False
2025-05-07 17:00:00+00:00,5.825,5.835,5.755,5.765,46972.0,5.904114560453536,5.9095932689411095,5.961955182623901,5.97569096467574,5.911506204698952,5.844090568205815,5.939349595513183,5.85892125345985,5.7395165821839464,5.738078403443381,5.720145803828455,5.674338610822737,5.651076805555014,5.644719911160624,5.642803821566474,5.637174369471471,5.80450023593867,5.866824346486798,5.954214844672751,5.868074423944972,5.902897190398691,5.814374685017862,5.7253580398139645,5.724898175661099,5.708193041483028,5.686339086393935,5.664176413767,5.649015847306711,5.6400285955495875,5.902897190398691,5.904114560453536,5.807889765411644,"rgba(239, 83, 80, 1.0)",0.13812655771405918,5.916207648913832,-1.0947036646410373,44.53593331867393,-7.679313761438472,True,False,False,True,False,0.0,0.0,0.0,0.0,0.0,1,1.0148666375163966,0.9440314822912115,False,False,False,False,0.07524509833867567,0.07915318840870525,False,False,False,False,-440319.0,54406.654533630666,False,False,False,False,60360.30013222573,False,False,False,False
2025-05-07 18:00:00+00:00,5.775,5.815,5.735,5.81,137611.0,5.898185390746769,5.903493729987226,5.956008987138565,5.970709613716696,5.909026323000789,5.843261635962076,5.937400094678253,5.858402967308614,5.739802222132612,5.738371760928647,5.720531369314214,5.674937148175901,5.651759077895308,5.64541026185655,5.643493547174376,5.637869060141755,5.802117137894513,5.862009678154337,5.948005700127119,5.866590006129309,5.902011676436352,5.814188807350228,5.725718506650548,5.725261032253821,5.708636603227889,5.6868851255983355,5.664815879558012,5.649699808251472,5.640721714825818,5.902011676436352,5.898185390746769,5.806313211304704,"rgba(239, 83, 80, 0.5)",0.1395324561035738,5.911386190069784,-0.7266136704031528,45.81526948848562,-7.679313761438472,True,False,False,True,False,0.0,0.0,0.0,0.0,0.0,1,1.0229175848391359,0.9418245923314238,False,False,False,False,0.0630488916826096,0.07110104004565743,False,False,False,False,-302708.0,48869.99322303174,False,False,False,False,61557.98540149355,False,False,False,False
2025-05-07 19:00:00+00:00,5.815,5.845,5.775,5.845,63961.0,5.896431083361082,5.901649105920406,5.953923696572435,5.968906115224647,5.908227113944041,5.843117710753821,5.936717309496565,5.858280895278846,5.7400320870673935,5.73860485396411,5.7208030987567895,5.675299648447524,5.652155530138254,5.645807792562003,5.643889702306188,5.638265189995072,5.803260364390619,5.8609139742711625,5.945866384981746,5.86621246936355,5.901728171216035,5.814212051254862,5.725979997957306,5.7255235437610015,5.708932777242701,5.687225219434169,5.665195554598998,5.65009604752203,5.641118373284322,5.901728171216035,5.896431083361082,5.805971792196804,#000000,0.14037905570016052,5.910916090597857,-0.4695578715007803,48.39601598228954,-5.830404463666355,True,False,False,False,True,0.0,0.0,0.0,0.0,0.0,1,1.0318443166740374,0.9283502874834145,False,False,False,False,0.08440674074060378,0.0777538903931306,False,False,False,False,-238747.0,44410.815033527375,False,False,False,False,61595.24144178047,False,False,False,False
2025-05-08 14:00:00+00:00,5.995,6.045,5.955,5.975,29737.0,5.897435501257168,5.902582772910373,5.954194122804673,5.969033445777247,5.908580508670715,5.843576583390441,5.936867616842414,5.858486646172632,5.740360154452549,5.738933671301884,5.721141026838338,5.675662613995094,5.652523441463069,5.64617007847117,5.64424883679458,5.638618953503256,5.808247180660263,5.862544425639644,5.946224136616157,5.866700740148187,5.901875476317979,5.814468130176881,5.726316217025537,5.725860050389339,5.70927679748793,5.687581953709059,5.665562552458976,5.6504615667095575,5.641475282377794,5.901875476317979,5.897435501257168,5.806579893328644,#000000,0.14032860405885395,5.9127774261188595,0.44340620573011585,54.691923533942614,-0.002310055547866341,True,False,True,False,True,1.280349696388953,0.0,0.0,0.0,0.0,0,1.045092838196286,0.9208664898320071,False,False,False,False,0.20222968030991623,0.1399917853515234,False,False,False,False,-209010.0,40481.81014928664,False,False,False,False,61101.315217876894,False,False,False,False
2025-05-08 15:00:00+00:00,5.975,6.045,5.975,6.015,26213.0,5.898487706520925,5.9035710808812984,5.954554833004515,5.969242655156337,5.908963941803777,5.844033043954205,5.937047540108334,5.858694646396685,5.740671593960595,5.739245695449728,5.721460180900731,5.676002082352593,5.652866179047088,5.646507252872699,5.644582986400103,5.638947839647648,5.812885104529894,5.864165755890388,5.946671657248996,5.867196388455196,5.9020337587370575,5.814718659001024,5.726634172659133,5.726178240337556,5.709600784338091,5.687916357219037,5.665905174242907,5.650801969917884,5.6418072273062565,5.9020337587370575,5.898487706520925,5.807181968084559,"rgba(38, 166, 154, 0.5)",0.14030394933211127,5.91437677606303,0.7171802676686337,59.901345063785676,4.574538253028379,True,False,True,False,True,2.5969442352804464,0.0,0.0,0.0,0.0,0,1.0587449933244322,0.9043168669336895,False,False,False,False,0.20455979037074515,0.1722757878611343,False,False,False,False,-182797.0,37020.12317022793,False,False,False,False,60560.41110597182,False,False,False,False
2025-05-08 16:00:00+00:00,6.015,6.05,5.985,6.03,45938.0,5.900444536661923,5.905416858046444,5.955284965597775,5.969689647140055,5.909693831637323,5.844874399942207,5.937402752598985,5.859081545598834,5.741235744156029,5.739810805394367,5.722037021800914,5.676613019821302,5.653481944291287,5.647112790200676,5.645183029141997,5.639538239035734,5.820906749322469,5.86711065434483,5.947559767695291,5.868116442843841,5.902335250420149,5.815178391034673,5.7272091701299415,5.726753631916808,5.710185637851088,5.6885187845877345,5.666521300501809,5.651413466379032,5.642403213338971,5.902335250420149,5.900444536661923,5.808275052788605,"rgba(38, 166, 154, 0.5)",0.14039686349512484,5.916912168477972,0.8054868798828626,63.74706689195144,7.843913309197092,True,False,True,False,True,3.0883870670249607,0.0,0.0,0.0,0.0,0,1.059405940594059,0.907740774077408,False,False,False,False,0.20304346370489168,0.18765962578301298,False,False,False,False,-136859.0,34324.32281099959,False,False,False,False,60333.70705781721,False,False,False,False
2025-05-08 17:00:00+00:00,6.025,6.025,5.985,5.99,34360.0,5.901613585890086,5.906509789223311,5.955645891093072,5.969881726468771,5.91012916579331,5.845422024987874,5.937598679712797,5.859331328808307,5.741623742358584,5.74019963277538,5.722435936724275,5.677039964624324,5.653914148113186,5.647538308326625,5.645604835681855,5.639953676371365,5.825909707932486,5.868943504151538,5.94802018371535,5.868701380799744,5.902518999733809,5.815484979854021,5.7276062467343944,5.72715103059305,5.710591327032061,5.688938746598333,5.666952717989769,5.651842839503512,5.642822372033913,5.902518999733809,5.901613585890086,5.808960291248455,"rgba(38, 166, 154, 0.5)",0.1396892303689535,5.918271539115098,0.5134859766601161,63.89248209662975,7.843913309197092,True,False,True,False,True,1.6722766276915877,0.0,0.0,0.0,0.0,0,1.0551755585955307,0.912904696762426,False,False,False,False,0.18622862824070813,0.18694412701186056,False,False,False,False,-171219.0,31137.604627883316,False,False,False,False,59931.01392513787,False,False,False,False
2025-05-08 18:00:00+00:00,5.985,6.015,5.985,6.005,19617.0,5.902279894956205,5.907133442181543,5.9558569970984685,5.9699963099542845,5.9103804065997405,5.845736300081739,5.937712963451294,5.859475224657293,5.741846164635829,5.7404225243137486,5.722664538857977,5.677284468445092,5.6541616071413765,5.647781934200582,5.64584633678557,5.640191526940775,5.828668810521828,5.86998045093677,5.948287752221404,5.869037225521597,5.902625385511147,5.81566114048226,5.727833813858063,5.72737878043411,5.710823767330585,5.689179288125144,5.667199755125577,5.652088676798933,5.6430623546681655,5.902625385511147,5.902279894956205,5.809348627569681,"rgba(38, 166, 154, 0.5)",0.13826710669129635,5.918991770822273,0.6220440366178658,64.47993238495447,8.51851621870059,True,False,True,False,True,2.1776132494610323,0.0,0.0,0.0,0.0,0,1.0453504351809433,0.9134218964727441,False,False,False,False,0.15152888419246824,0.1692365056021644,False,False,False,False,-151602.0,28304.43246310993,False,False,False,False,59305.990453430306,False,False,False,False
2025-05-08 19:00:00+00:00,6.005,6.045,5.995,6.02,90441.0,5.905786567430786,5.910443782159381,5.957185430557097,5.970813789246343,5.9117501873054525,5.8473374636949265,5.938384161324393,5.8602199409754085,5.7429387159603635,5.741517004959416,5.723782586774572,5.678470407888016,5.655357886495856,5.648958774773865,5.647012664374487,5.641339476706602,5.841581812193841,5.8751962670246405,5.94989968334967,5.870774925610484,5.903203168692942,5.816548634150126,5.728948022491855,5.728493772039271,5.71195786094655,5.690348280064257,5.668396150751753,5.653276821965922,5.644220969478728,5.903203168692942,5.905786567430786,5.811304532962135,"rgba(38, 166, 154, 0.5)",0.13639311229336573,5.922370354423387,0.7157960100406106,65.3773377157367,9.621607088805952,True,False,True,False,True,2.6861332980926917,0.0,0.0,0.0,0.0,0,1.0546950629235232,0.953533397870281,False,False,False,False,0.16867008138587347,0.16895329349401894,False,False,False,False,-61161.0,26917.37149468962,False,False,False,False,59788.70377973371,False,False,False,False
2025-05-09 14:00:00+00:00,6.045,6.065,5.98,6.015,193388.0,5.912625819226236,5.916909127121206,5.959849196822553,5.972475134032056,5.9145672881970235,5.850664375451141,5.939783259932511,5.861789394853035,5.745246336803516,5.743828795420039,5.726145297325587,5.680978939458863,5.657889796449267,5.651450386187753,5.649482360961273,5.643770979055517,5.864082711477257,5.885216446111573,5.953114451139098,5.874359610236474,5.9044197427204175,5.8184207139920705,5.7313022268981575,5.730849654739733,5.7143551699980435,5.692820398142316,5.670927347657852,5.65579183474381,5.646674667930715,5.9044197427204175,5.912625819226236,5.815136522757993,"rgba(38, 166, 154, 0.5)",0.13547786628169886,5.92788535715785,0.6430175292325062,65.61070822470013,10.193508517117067,True,False,True,False,True,2.502052264804174,0.0,0.0,0.0,0.0,0,0.9999999999999997,0.9576229907452509,False,False,False,False,0.17081944932887977,0.16988637141144936,False,False,False,False,-254549.0,22553.55178159366,False,False,False,False,61860.01069787737,False,False,False,False
2025-05-09 15:00:00+00:00,6.015,6.03,5.975,5.985,341450.0,5.920661658038295,5.924435361335471,5.962413855326075,5.973836642576567,5.9181739244548455,5.855468024610419,5.9414543783254175,5.8640886912452315,5.748890069334542,5.74748112716014,5.729902162183114,5.685020514031484,5.661992790056944,5.655495475299459,5.653494346523303,5.647727126256203,5.8882284600167365,5.89735068299969,5.956376748945283,5.8793360428098325,5.906085617757674,5.821270301131665,5.735038644989106,5.734589321473839,5.7181817705995766,5.696790967017104,5.675015759947412,5.659870022226185,5.650663686715921,5.906085617757674,5.920661658038295,5.820078141543706,#000000,0.13379088160255798,5.933216129463547,0.3870508207747918,63.58347472865057,10.193508517117067,True,False,True,False,True,1.393774347273915,0.0,0.0,0.0,0.0,0,0.9945759368836287,0.968441814595661,False,False,False,False,0.153666506392699,0.16177643890207416,False,False,False,False,-595999.0,12963.589738468176,False,False,False,False,66194.73921418935,False,False,False,False
2025-05-09 16:00:00+00:00,5.985,6.005,5.95,5.975,296080.0,5.924949670519818,5.9283859485808135,5.9632257266520385,5.973968327333568,5.920320322069574,5.858829845584207,5.9423291062922,5.86572859646055,5.751716988751569,5.750316375500176,5.73283839181188,5.688222625343905,5.6652631276583785,5.658725939573804,5.656700507177368,5.6508939417907635,5.900289750497894,5.904192863746244,5.957614249463143,5.882652997711169,5.907173827322472,5.823395042044786,5.737953195753192,5.737506884413748,5.721184574627854,5.699926797038906,5.678263415832695,5.663122786075255,5.653854052052238,5.907173827322472,5.924949670519818,5.823174857483442,#000000,0.13271279020755467,5.935635121392901,0.29661706716839253,61.520975028332316,10.193508517117067,True,False,True,False,False,1.023998234293277,0.0,0.0,0.0,0.0,0,1.0163850486431127,0.9615975422427037,False,False,False,False,0.1323496074577516,0.14706302317991288,False,False,False,False,-892079.0,-1068.0783194925716,False,False,False,False,69758.851784512,False,False,False,False
2025-05-09 17:00:00+00:00,5.975,6.015,5.97,5.985,191704.0,5.928022141847274,5.931262475985631,5.964178078281789,5.974437200311837,5.921937428670329,5.861144058848224,5.9430837195633535,5.866889728753747,5.753616507461404,5.752220957037072,5.734804477672873,5.690352786784176,5.66743369368481,5.660869415957531,5.658827799148041,5.652994649282959,5.907568690680911,5.908732022599805,5.958844577310152,5.884970517169823,5.90799248098036,5.824857041753283,5.739906406009998,5.739461952457719,5.723191419089091,5.702015986393216,5.680421450093834,5.665281529644945,5.655970588052072,5.90799248098036,5.928022141847274,5.8253050931634265,#000000,0.13256145948400797,5.937465995927264,0.35858087454499543,60.6962600575875,10.193508517117067,True,False,True,False,False,1.3875831745025131,0.0,0.0,0.0,0.0,0,1.0164439876670086,0.9563206577595069,False,False,False,False,0.14512417496346963,0.14609359907169125,False,False,False,False,-700375.0,-11910.046097484934,False,False,False,False,71649.4742374653,False,False,False,False
2025-05-09 18:00:00+00:00,5.985,6.01,5.975,5.99,267179.0,5.931952964762446,5.934952677561468,5.965476423869181,5.975111989669363,5.924122138841327,5.864276447055141,5.944132413991421,5.868493701709107,5.756232229722493,5.754843702619151,5.737512577033715,5.69328816801225,5.670426252673439,5.663825831418771,5.661762416653043,5.655893641070676,5.916112572532378,5.914426652007588,5.9604950103609555,5.888087100206006,5.909129462774729,5.826872493302219,5.742596458350579,5.742154572551172,5.725956065254038,5.704894565949918,5.68339567880967,5.668258255674519,5.658890842487861,5.909129462774729,5.931952964762446,5.828128023011772,#000000,0.1325781088828193,5.939805775050997,0.3786011534782683,60.437644252656405,10.193508517117067,True,False,True,False,False,1.5717122451537904,0.0,0.0,0.0,0.0,0,1.026521060842433,0.9542381695267813,False,False,False,False,0.14512417496346963,0.14560888701758046,False,False,False,False,-433196.0,-18441.611274268114,False,False,False,False,74680.9397531635,False,False,False,False
2025-05-09 19:00:00+00:00,5.995,6.045,5.985,6.025,405264.0,5.939352116877515,5.942023936601541,5.969010087626472,5.977535628154099,5.928396321443328,5.86968745793889,5.946484853133582,5.871359453569524,5.760529067503845,5.759149881635005,5.7419327481280416,5.698021361436854,5.675229629454242,5.668567343460259,5.666468173060776,5.660539185413936,5.929761568225878,5.924227869524523,5.964593849599348,5.893612999026082,5.9113348026829975,5.830318211398657,5.746994120065554,5.746555773359396,5.730452657674771,5.709549293176533,5.6881811157971915,5.673035072512993,5.663571927177422,5.9113348026829975,5.939352116877515,5.833093195061875,"rgba(38, 166, 154, 0.5)",0.1326058305893675,5.9445423559162265,0.606742883975609,62.18669751587516,10.193508517117067,True,False,True,False,False,2.860601974114438,0.0,0.0,0.0,0.0,0,1.0246978455070936,0.9542827115081451,False,False,False,False,0.16437595220347676,0.15499241961052862,False,False,False,False,-27932.0,-18588.749083969386,False,False,False,False,79806.25851668035,False,False,False,False
