date,Open,High,Low,Close,Volume,Gap_Up_aVWAP_445,Gap_Up_aVWAP_444,Gap_Up_aVWAP_443,Gap_Up_aVWAP_440,Gap_Up_aVWAP_437,Gap_Up_aVWAP_415,Gap_Up_aVWAP_407,Gap_Up_aVWAP_401,Gap_Up_aVWAP_399,Gap_Up_aVWAP_391,Gap_Down_aVWAP_446,Gap_Down_aVWAP_433,Gap_Down_aVWAP_430,Gap_Down_aVWAP_429,Gap_Down_aVWAP_425,Gap_Down_aVWAP_421,Gap_Down_aVWAP_409,Gap_Down_aVWAP_396,Gap_Down_aVWAP_395,Gap_Down_aVWAP_394,aVWAP_OB_bull_397,aVWAP_OB_bull_89,aVWAP_OB_bear_420,color,Liquidity,Liquidity_Level,StDev,StDev_Mean,StdDev_ZScore,OB,OB_High,OB_Low,OB_Mitigated_Index,FVG,FVG_High,FVG_Low,FVG_Mitigated_Index,QQEMOD,QQE1_Value,QQE1_Above_Upper,QQE1_Below_Lower,QQE2_Above_Threshold,QQE2_Below_Threshold,QQE2_Above_TL,banker_RSI,TTM_squeeze_Active,VI_plus,VI_minus,VI_Regular_Bullish,VI_Regular_Bearish,VI_Hidden_Bullish,VI_Hidden_Bearish,Fisher,Fisher_Signal,Fisher_Regular_Bullish,Fisher_Regular_Bearish,Fisher_Hidden_Bullish,Fisher_Hidden_Bearish,OBV,OBV_Smoothed,OBV_Regular_Bullish,OBV_Regular_Bearish,OBV_Hidden_Bullish,OBV_Hidden_Bearish,Volume_MA,Vol_Regular_Bullish,Vol_Regular_Bearish,Vol_Hidden_Bullish,Vol_Hidden_Bearish
2024-02-13 17:00:00+00:00,39.62,39.62,39.62,39.62,0.0,,,,,,,,,,,,,,,,,,,,,,,,"rgba(38, 166, 154, 1.0)",-1.0,42.085,,,,0.0,0.0,0.0,0.0,0.0,0.0,0.0,0.0,,,False,False,False,False,False,,0,,,False,False,False,False,,,False,False,False,False,0.0,0.0,False,False,False,False,0.0,False,False,False,False
2024-02-14 17:00:00+00:00,39.62,39.62,39.62,39.62,1.0,,,,,,,,,,,,,,,,,,,,,,,,"rgba(38, 166, 154, 1.0)",0.0,0.0,,,,0.0,0.0,0.0,0.0,0.0,0.0,0.0,0.0,,,False,False,False,False,False,,0,,,False,False,False,False,,,False,False,False,False,0.0,0.0,False,False,False,False,0.015503875968992248,False,False,False,False
2024-02-15 17:00:00+00:00,39.62,39.62,39.62,39.62,0.0,,,,,,,,,,,,,,,,,,,,,,,,"rgba(38, 166, 154, 1.0)",0.0,0.0,,,,0.0,0.0,0.0,0.0,0.0,0.0,0.0,0.0,,,False,False,False,False,False,,0,,,False,False,False,False,,,False,False,False,False,0.0,0.0,False,False,False,False,0.015263505798930353,False,False,False,False
2024-02-16 17:00:00+00:00,40.72,40.72,40.72,40.72,2.0,,,,,,,,,,,,,,,,,,,,,,,,"rgba(38, 166, 154, 1.0)",0.0,0.0,,,,0.0,0.0,0.0,0.0,0.0,0.0,0.0,0.0,100.0,,False,False,True,False,False,,0,,,False,False,False,False,,,False,False,False,False,2.0,0.031007751937984496,False,False,False,False,0.046034614236156235,False,False,False,False
2024-02-19 17:00:00+00:00,40.72,40.72,40.72,40.72,0.0,,,,,,,,,,,,,,,,,,,,,,,,"rgba(38, 166, 154, 1.0)",0.0,0.0,,,,0.0,0.0,0.0,0.0,0.0,0.0,0.0,0.0,100.0,50.0,False,False,True,False,True,,0,,,False,False,False,False,,,False,False,False,False,2.0,0.0615347635358452,False,False,False,False,0.04532089928675846,False,False,False,False
2024-02-20 17:00:00+00:00,40.17,40.49,40.17,40.49,100.0,,,,,,,,,,,,,,,,,,,,,,,,"rgba(239, 83, 80, 1.0)",0.0,0.0,,,,0.0,0.0,0.0,0.0,0.0,0.0,0.0,0.0,93.0248230933394,43.72234078400547,False,False,True,False,False,,0,,,False,False,False,False,,,False,False,False,False,-98.0,-1.4587991087670362,False,False,False,False,1.5950058465846382,False,False,False,False
2024-02-21 17:00:00+00:00,40.49,40.49,39.875,39.94,11.0,,,,,,,,,,,,,,,,,,,,,,,,"rgba(239, 83, 80, 1.0)",0.0,0.0,,,,0.0,0.0,0.0,0.0,0.0,0.0,0.0,0.0,78.88099534926621,31.411406428739227,False,False,True,False,False,,0,,,False,False,False,False,,,False,False,False,False,-109.0,-3.1261045489411905,False,False,False,False,1.7408197094282873,False,False,False,False
2024-02-22 17:00:00+00:00,39.94,41.15,39.94,41.15,105.0,,,,,,,,,,,,,,,,,,,,,,,,"rgba(38, 166, 154, 1.0)",0.0,0.0,,,,0.0,0.0,0.0,0.0,0.0,0.0,0.0,0.0,77.2136387097421,30.98262077882505,False,False,True,False,False,,0,,,False,False,False,False,,,False,False,False,False,-4.0,-3.139653315624273,False,False,False,False,3.34173723331312,False,False,False,False
2024-02-23 17:00:00+00:00,41.15,41.15,41.15,41.15,0.0,,,,,,,,,,,,,,,,,,,,,,,,"rgba(38, 166, 154, 1.0)",0.0,0.0,,,,0.0,0.0,0.0,0.0,0.0,0.0,0.0,0.0,76.10206761672603,30.62413294569764,False,False,True,False,False,,0,,,False,False,False,False,,,False,False,False,False,-4.0,-3.1529920239091678,False,False,False,False,3.28992735372687,False,False,False,False
2024-02-26 17:00:00+00:00,41.15,41.15,40.75,40.75,100.0,,,,,,,,,,,,,,,,,,,,,,,,"rgba(239, 83, 80, 1.0)",0.0,0.0,,,,0.0,0.0,0.0,0.0,0.0,0.0,0.0,0.0,71.30483150168808,26.60771111533336,False,False,True,False,False,,0,,,False,False,False,False,,,False,False,False,False,-104.0,-4.716511527414452,False,False,False,False,4.789308324986918,False,False,False,False
2024-02-27 17:00:00+00:00,40.75,40.75,40.75,40.75,0.0,,,,,,,,,,,,,,,,,,,,,,,,"rgba(239, 83, 80, 1.0)",0.0,0.0,,,,0.0,0.0,0.0,0.0,0.0,0.0,0.0,0.0,68.1066740916628,24.01697540395594,False,False,True,False,False,,0,,,False,False,False,False,,,False,False,False,False,-104.0,-6.25579041846229,False,False,False,False,4.715055482739059,False,False,False,False
2024-02-28 17:00:00+00:00,40.75,40.89,40.75,40.89,100.0,,,,,,,,,,,,,,,,,,,,,,,,"rgba(38, 166, 154, 1.0)",0.0,0.0,,,,0.0,0.0,0.0,0.0,0.0,0.0,0.0,0.0,66.84246567550457,23.031525664056446,False,False,True,False,False,,0,,,False,False,False,False,,,False,False,False,False,-4.0,-6.22081692360241,False,False,False,False,6.19234144424698,False,False,False,False
2024-02-29 17:00:00+00:00,40.89,41.34,40.89,41.34,2.0,,,,,,,,,,,,,,,,,,,,,,,,"rgba(38, 166, 154, 1.0)",0.0,0.0,,,,0.0,0.0,0.0,0.0,0.0,0.0,0.0,0.0,68.34734836843622,23.031525664056446,False,False,True,False,False,,0,,,False,False,False,False,,,False,False,False,False,-2.0,-6.155377901531055,False,False,False,False,6.127343902475709,False,False,False,False
2024-03-01 17:00:00+00:00,41.34,41.34,41.34,41.34,0.0,,,,,,,,,,,,,,,,,,,,,,,,"rgba(38, 166, 154, 1.0)",0.0,0.0,,,,0.0,0.0,0.0,0.0,0.0,0.0,0.0,0.0,69.3506034970573,23.031525664056446,False,False,True,False,True,,0,,,False,False,False,False,,,False,False,False,False,-2.0,-6.090953437941426,False,False,False,False,6.032346322592365,False,False,False,False
2024-03-04 17:00:00+00:00,41.34,41.34,41.34,41.34,0.0,,,,,,,,,,,,,,,,,,,,,,,,"rgba(38, 166, 154, 1.0)",0.0,0.0,,,,0.0,0.0,0.0,0.0,0.0,0.0,0.0,0.0,70.01944024947137,23.031525664056446,False,False,True,False,True,,0,,,False,False,False,False,,,False,False,False,False,-2.0,-6.027527803244659,False,False,False,False,5.938821573404886,False,False,False,False
2024-03-05 17:00:00+00:00,41.34,41.34,41.34,41.34,0.0,,,,,,,,,,,,,,,,,,,,,,,,"rgba(38, 166, 154, 1.0)",0.0,0.0,,,,0.0,0.0,0.0,0.0,0.0,0.0,0.0,0.0,70.46533141774742,23.031525664056446,False,False,True,False,True,,0,,,False,False,False,False,,,False,False,False,False,-2.0,-5.965085511721486,False,False,False,False,5.846746820328841,False,False,False,False
2024-03-06 17:00:00+00:00,41.34,41.51,41.34,41.51,96.0,,,,,,,,,,,,,,,,,,,,,,,,"rgba(38, 166, 154, 1.0)",0.0,0.0,,41.453333333333326,,0.0,0.0,0.0,0.0,0.0,0.0,0.0,0.0,71.78120648191037,23.031525664056446,False,False,True,False,True,,0,,,False,False,False,False,,,False,False,False,False,94.0,-4.415239224718052,False,False,False,False,7.244471675827619,False,False,False,False
2024-03-07 17:00:00+00:00,41.51,41.51,41.51,41.51,0.0,,,,,,,,,,,,,,,,,,,,,,,,"rgba(38, 166, 154, 1.0)",0.0,0.0,,41.453333333333326,,0.0,0.0,0.0,0.0,0.0,0.0,0.0,0.0,72.65845652468568,23.031525664056446,False,False,True,False,True,,0,,,False,False,False,False,,,False,False,False,False,94.0,-2.8894215623193222,False,False,False,False,7.1321542855047095,False,False,False,False
2024-03-08 17:00:00+00:00,41.51,41.51,41.505,41.505,10.0,,,,,,,,,,,,,,,,,,,,,,,,"rgba(38, 166, 154, 1.0)",0.0,0.0,,41.490566037735846,,0.0,0.0,0.0,0.0,0.0,0.0,0.0,0.0,73.145172415845,18.559369862431907,False,False,True,False,True,,0,,,False,False,False,False,,,False,False,False,False,84.0,-1.5422987473996428,False,False,False,False,7.1766170097604505,False,False,False,False
2024-03-11 17:00:00+00:00,41.505,41.505,41.505,41.505,0.0,,,,,,,,,,,,,,,,,,,,,,,,"rgba(38, 166, 154, 1.0)",0.0,0.0,,41.490566037735846,,0.0,0.0,0.0,0.0,0.0,0.0,0.0,0.0,73.46964967661788,19.26298152808519,False,False,True,False,True,,0,,,False,False,False,False,,,False,False,False,False,84.0,-0.21606155751747758,False,False,False,False,7.065351629764164,False,False,False,False
2024-03-12 17:00:00+00:00,41.505,41.505,41.505,41.505,0.0,,,,,,,,,,,,,,,,,,,,,,,,"rgba(38, 166, 154, 1.0)",0.0,0.0,,41.490566037735846,,0.0,0.0,0.0,0.0,0.0,0.0,0.0,0.0,73.68596785046647,19.868580629613703,False,False,True,False,True,,0,,,False,False,False,False,,,False,False,False,False,84.0,1.0896138154672896,False,False,False,False,6.955811294418983,False,False,False,False
2024-03-13 17:00:00+00:00,41.505,41.505,41.505,41.505,0.0,,,,,,,,,,,,,,,,,,,,,,,,"rgba(38, 166, 154, 1.0)",0.0,0.0,,41.490566037735846,,0.0,0.0,0.0,0.0,0.0,0.0,0.0,0.0,73.83017996636553,20.40020681647212,False,False,True,False,True,,0,,,False,False,False,False,,,False,False,False,False,84.0,2.3750461594135333,False,False,False,False,6.847969258846596,False,False,False,False
2024-03-14 17:00:00+00:00,41.505,41.505,41.505,41.505,0.0,,,,,,,,,,,,,,,,,,,,,,,,"rgba(38, 166, 154, 1.0)",0.0,0.0,,41.490566037735846,,0.0,0.0,0.0,0.0,0.0,0.0,0.0,0.0,73.9263213769649,20.87187801742128,False,False,True,False,True,,0,,,False,False,False,False,,,False,False,False,False,84.0,3.6405493197327035,False,False,False,False,6.741799192817966,False,False,False,False
2024-03-15 17:00:00+00:00,41.505,41.505,41.06,41.11,2.0,,,,,,,,,,,,,,,,,,,,,,,,"rgba(239, 83, 80, 1.0)",0.0,0.0,,41.45782921810699,,0.0,0.0,0.0,0.0,0.0,0.0,0.0,0.0,65.08980931274236,18.665387078502633,False,False,True,False,False,,0,,,False,False,False,False,,,False,False,False,False,82.0,4.855424524077932,False,False,False,False,6.668282926262649,False,False,False,False
2024-03-18 17:00:00+00:00,41.11,41.11,40.94,40.94,1.0,,,,,,,,,,,,,,,,,,,,,,,,"rgba(239, 83, 80, 1.0)",0.0,0.0,,41.32367972241825,,0.0,0.0,0.0,0.0,0.0,0.0,0.0,0.0,56.851319888345394,11.441249505893616,False,False,True,False,False,,0,,,False,False,False,False,,,False,False,False,False,81.0,6.035960577968197,False,False,False,False,6.580402570816717,False,False,False,False
2024-03-19 17:00:00+00:00,40.94,40.94,40.94,40.94,0.0,,,,,,,,,,,,,,,,,,,,,,,,"rgba(239, 83, 80, 1.0)",0.0,0.0,,41.32367972241825,,0.0,0.0,0.0,0.0,0.0,0.0,0.0,0.0,51.358993605414085,6.963743851697785,False,False,False,False,False,,0,,,False,False,False,False,,,False,False,False,False,81.0,7.198193747302023,False,False,False,False,6.478380825532737,False,False,False,False
2024-03-20 17:00:00+00:00,40.94,40.94,40.94,40.94,0.0,,,,,,,,,,,,,,,,,,,,,,,,"rgba(239, 83, 80, 1.0)",0.0,0.0,,41.32367972241825,,0.0,0.0,0.0,0.0,0.0,0.0,0.0,0.0,47.69744275012655,4.093643274478367,False,False,False,True,False,,0,,,False,False,False,False,,,False,False,False,False,81.0,8.342407797731449,False,False,False,False,6.3779408127337796,False,False,False,False
2024-03-21 17:00:00+00:00,42.92,42.92,42.31,42.31,45.0,,,,,,,,,,,,,,,,,,,,,,,,"rgba(38, 166, 154, 1.0)",0.0,0.0,,42.331337026292054,,0.0,0.0,0.0,0.0,0.0,0.0,0.0,0.0,57.78186854146156,0.12654528098671847,False,False,True,False,True,,0,,,False,False,False,False,,,False,False,False,False,126.0,10.16655651404569,False,False,False,False,6.976732428040233,False,False,False,False
2024-03-22 17:00:00+00:00,42.31,42.31,42.31,42.31,0.0,,,,,,,,,,,,,,,,,,,,,,,,"rgba(38, 166, 154, 1.0)",0.0,0.0,,42.331337026292054,,0.0,0.0,0.0,0.0,0.0,0.0,0.0,0.0,64.50481906901824,5.6775751350879915,False,False,True,False,True,,0,,,False,False,False,False,,,False,False,False,False,126.0,11.962423854913197,False,False,False,False,6.868566033807051,False,False,False,False
2024-03-25 17:00:00+00:00,42.31,42.31,42.31,42.31,0.0,,,,,,,,,,,,,,,,,,,,,,,,"rgba(38, 166, 154, 1.0)",0.0,0.0,,42.331337026292054,,0.0,0.0,0.0,0.0,0.0,0.0,0.0,0.0,68.98678608738936,9.314405977967752,False,False,True,False,True,,0,,,False,False,False,False,,,False,False,False,False,126.0,13.730448291271133,False,False,False,False,6.762076637934073,False,False,False,False
2024-03-26 17:00:00+00:00,42.31,42.31,42.31,42.31,0.0,,,,,,,,,,,,,,,,,,,,,,,,"rgba(38, 166, 154, 1.0)",0.0,0.0,,42.331337026292054,,0.0,0.0,0.0,0.0,0.0,0.0,0.0,0.0,71.97476409963679,11.84959424105282,False,False,True,False,True,,0,,,False,False,False,False,,,False,False,False,False,126.0,15.471061496057626,False,False,False,False,6.6572382404467225,False,False,False,False
2024-03-27 17:00:00+00:00,42.31,42.31,42.31,42.31,0.0,,,,,,,,,,,,,,,,,,,,,,,,"rgba(38, 166, 154, 1.0)",0.0,0.0,,42.331337026292054,,0.0,0.0,0.0,0.0,0.0,0.0,0.0,0.0,73.96674944113505,13.757602403280714,False,False,True,False,True,,0,,,False,False,False,False,,,False,False,False,False,126.0,17.18468844960712,False,False,False,False,6.554025244470804,False,False,False,False
2024-03-28 17:00:00+00:00,42.31,42.31,41.875,41.875,63.0,,,,,,,,,,,,,,,,,,,,,,,,"rgba(239, 83, 80, 1.0)",0.0,0.0,,42.14368000890748,,0.0,0.0,0.0,0.0,0.0,0.0,0.0,0.0,68.40845755633026,13.757602403280714,False,False,True,False,False,,0,,,False,False,False,False,,,False,False,False,False,63.0,17.895003357365148,False,False,False,False,7.429156636029396,False,False,False,False
2024-03-29 17:00:00+00:00,41.875,41.875,41.875,41.875,0.0,,,,,,,,,,,,,,,,,,,,,,,,"rgba(239, 83, 80, 1.0)",0.0,0.0,,42.14368000890748,,0.0,0.0,0.0,0.0,0.0,0.0,0.0,0.0,64.70292963312707,13.757602403280714,False,False,True,False,False,,0,,,False,False,False,False,,,False,False,False,False,63.0,18.594305630894368,False,False,False,False,7.3139759129901805,False,False,False,False
2024-04-01 17:00:00+00:00,41.115,41.21,41.115,41.21,79.0,,,,,,,,,,,,,,,,,,,,,,,,"rgba(239, 83, 80, 1.0)",0.0,0.0,,41.758346995904844,,0.0,0.0,0.0,0.0,0.0,0.0,0.0,0.0,55.75933367185093,16.78029418887128,False,False,True,False,False,,0,,,False,False,False,False,,,False,False,False,False,-16.0,18.05795980715957,False,False,False,False,8.425387139145371,False,False,False,False
2024-04-02 17:00:00+00:00,40.32,40.32,40.32,40.32,0.0,,,,,,,,,,,,,,,,,,,,,,,,"rgba(239, 83, 80, 1.0)",0.0,0.0,,41.758346995904844,,0.0,0.0,0.0,0.0,0.0,0.0,0.0,0.0,45.53122861626284,7.471884511371371,False,False,False,True,False,,0,,,False,False,False,False,,,False,False,False,False,-16.0,17.529929422552442,False,False,False,False,8.294760981949318,False,False,False,False
2024-04-03 17:00:00+00:00,40.985,40.985,40.985,40.985,0.0,,,,,,,,,,,,,,,,,,,,,,,,"rgba(239, 83, 80, 1.0)",0.0,0.0,,41.758346995904844,,0.0,0.0,0.0,0.0,0.0,0.0,0.0,0.0,44.237133598865384,6.418177801885761,False,False,False,True,False,,0,,,False,False,False,False,,,False,False,False,False,-16.0,17.010085555536126,False,False,False,False,8.16616003649274,False,False,False,False
2024-04-04 17:00:00+00:00,40.95,40.95,40.95,40.95,0.0,,,,,,,,,,,,,,,,,,,,,,,,"rgba(239, 83, 80, 1.0)",0.0,0.0,,41.758346995904844,,0.0,0.0,0.0,0.0,0.0,0.0,0.0,0.0,43.19491823159606,5.146790720286134,False,False,False,True,False,,0,,,False,False,False,False,,,False,False,False,False,-16.0,16.49830128335727,False,False,False,False,8.039552904144013,False,False,False,False
2024-04-05 17:00:00+00:00,40.95,40.95,40.2,40.2,17.0,,,,,,,,,,,,,,,,,,,,,,,,"rgba(239, 83, 80, 1.0)",0.0,0.0,,41.65628159443822,,0.0,0.0,0.0,0.0,0.0,0.0,0.0,0.0,39.2439946020333,0.9662146569606449,False,False,False,True,False,,0,,,False,False,False,False,,,False,False,False,False,-33.0,15.73088575958429,False,False,False,False,8.178474564544882,False,False,False,False
2024-04-08 17:00:00+00:00,40.56,40.595,40.56,40.595,2.0,,,,,,,,,,,,,,,,,,,,,,,,"rgba(239, 83, 80, 1.0)",0.0,0.0,,41.64653409225203,,0.0,0.0,0.0,0.0,0.0,0.0,0.0,0.0,39.43441588891126,0.5598117127211708,False,False,False,True,False,,0,,,False,False,False,False,,,False,False,False,False,-31.0,15.00637590284655,False,False,False,False,8.082684261218605,False,False,False,False
2024-04-09 17:00:00+00:00,40.695,41.02,40.695,41.02,222.0,,,,,,,,,,,,,,,,,,,,,,,,"rgba(239, 83, 80, 1.0)",0.0,0.0,,41.278883760181216,,0.0,0.0,0.0,0.0,0.0,0.0,0.0,0.0,42.168705143760235,0.5598117127211708,False,False,False,True,False,,0,,,False,False,False,False,,,False,False,False,False,191.0,17.734959222182262,False,False,False,False,11.399231792052424,False,False,False,False
2024-04-10 17:00:00+00:00,41.02,41.02,41.02,41.02,0.0,,,,,,,,,,,,,,,,,,,,,,,,"rgba(239, 83, 80, 1.0)",0.0,0.0,,41.278883760181216,,0.0,0.0,0.0,0.0,0.0,0.0,0.0,0.0,43.991564646992884,0.5598117127211708,False,False,False,True,True,,0,,,False,False,False,False,,,False,False,False,False,191.0,20.42123892416393,False,False,False,False,11.22249951620665,False,False,False,False
2024-04-11 17:00:00+00:00,41.02,41.02,39.545,39.66,202.0,,,,,,,,,,,,,,,,,,,,,,,,"rgba(239, 83, 80, 1.0)",0.0,0.0,,40.90352372406294,,0.0,0.0,0.0,0.0,0.0,0.0,0.0,0.0,39.73091220048407,-0.6458348537488519,False,False,False,True,True,,0,,,False,False,False,False,,,False,False,False,False,-11.0,19.93408793309162,False,False,False,False,14.18029022138174,False,False,False,False
2024-04-12 17:00:00+00:00,39.66,39.66,39.13,39.13,3.0,,,,,,,,,,,,,,,,,,,,,,,,"rgba(239, 83, 80, 1.0)",0.0,0.0,,40.896166340603195,,0.0,0.0,0.0,0.0,0.0,0.0,0.0,0.0,35.52419866856685,-5.043191746017953,False,True,False,True,False,,0,,,False,False,False,False,,,False,False,False,False,-14.0,19.40797804265609,False,False,False,False,14.0069523884921,False,False,False,False
2024-04-15 17:00:00+00:00,39.165,39.165,39.165,39.165,0.0,,,,,,,,,,,,,,,,,,,,,,,,"rgba(239, 83, 80, 1.0)",0.0,0.0,,40.896166340603195,,0.0,0.0,0.0,0.0,0.0,0.0,0.0,0.0,32.954492722900014,-7.855243231159918,False,True,False,True,False,,0,,,False,False,False,False,,,False,False,False,False,-14.0,18.89002489470793,False,False,False,False,13.789790335957338,False,False,False,False
2024-04-16 17:00:00+00:00,39.165,39.165,38.71,38.71,5.0,,,,,,,,,,,,,,,,,,,,,,,,"rgba(239, 83, 80, 1.0)",0.0,0.0,,40.6282857098135,,0.0,0.0,0.0,0.0,0.0,0.0,0.0,0.0,30.09333794583521,-10.952994237619933,False,True,False,True,False,,0,,,False,False,False,False,,,False,False,False,False,-19.0,18.30258264827835,False,False,False,False,13.653514516795209,False,False,False,False
2024-04-17 17:00:00+00:00,38.71,38.71,38.71,38.71,0.0,,,,,,,,,,,,,,,,,,,,,,,,"rgba(239, 83, 80, 1.0)",0.0,0.0,,40.6282857098135,,0.0,0.0,0.0,0.0,0.0,0.0,0.0,0.0,28.185901427792004,-13.179255403333542,False,True,False,True,False,,0,,,False,False,False,False,,,False,False,False,False,-19.0,17.72424803357636,False,False,False,False,13.44183212118598,False,False,False,False
2024-04-18 17:00:00+00:00,38.71,38.71,38.71,38.71,0.0,,,,,,,,,,,,,,,,,,,,,,,,"rgba(239, 83, 80, 1.0)",0.0,0.0,,40.6282857098135,,0.0,0.0,0.0,0.0,0.0,0.0,0.0,0.0,26.91427708242987,-14.873158815423494,False,True,False,True,False,,0,,,False,False,False,False,,,False,False,False,False,-19.0,17.154879847009283,False,False,False,False,13.233431623183096,False,False,False,False
2024-04-19 17:00:00+00:00,38.71,38.71,38.71,38.71,0.0,,,,,,,,,,,,,,,,,,,,,,,,"rgba(239, 83, 80, 1.0)",0.0,0.0,,40.6282857098135,,0.0,0.0,0.0,0.0,0.0,0.0,0.0,0.0,26.06652751885511,-16.234894589432457,False,True,False,True,False,,0,,,False,False,False,False,,,False,False,False,False,-19.0,16.594339074187435,False,False,False,False,13.028262140653124,False,False,False,False
2024-04-22 17:00:00+00:00,38.71,39.69,38.71,39.69,125.0,,,,,,,,,,,,,,,,,,,,,,,,"rgba(239, 83, 80, 1.0)",0.0,0.0,,40.10525572657184,,0.0,0.0,0.0,0.0,1.0,39.69,38.71,0.0,33.04709361315626,-16.234894589432457,False,True,False,True,True,0.0,0,,,False,False,False,False,,,False,False,False,False,106.0,17.98047335210701,False,False,False,False,14.76425807645695,False,False,False,False
2024-04-23 17:00:00+00:00,39.69,39.69,39.69,39.69,0.0,,,,,,,,,,,,,,,,,,,,,,,,"rgba(239, 83, 80, 1.0)",0.0,0.0,,40.10525572657184,,0.0,0.0,0.0,0.0,0.0,0.0,0.0,0.0,37.700804342690354,-20.253061216840965,False,True,False,True,True,0.0,0,,,False,False,False,False,,,False,False,False,False,106.0,19.345117176105347,False,False,False,False,14.53535485046537,False,False,False,False
2024-04-24 17:00:00+00:00,40.16,40.48,40.16,40.48,123.0,,,,,,,,,,,,,,,,,,,,,,,,"rgba(38, 166, 154, 1.0)",0.0,0.0,,40.293035674823436,,0.0,0.0,0.0,0.0,0.0,0.0,0.0,0.0,44.93556814447932,-13.547859396040138,False,True,False,True,True,1.5249689007997809,0,,,False,False,False,False,,,False,False,False,False,229.0,22.59558047570061,False,False,False,False,16.216977255884512,False,False,False,False
2024-04-25 17:00:00+00:00,40.48,40.48,40.48,40.48,0.0,,,,,,,,,,,,,,,,,,,,,,,,"rgba(38, 166, 154, 1.0)",0.0,0.0,,40.293035674823436,,0.0,0.0,0.0,0.0,0.0,0.0,0.0,0.0,49.758744012338624,-9.206583681178401,False,True,True,False,True,1.5249689007997809,0,,,False,False,False,False,,,False,False,False,False,229.0,25.79564899545719,False,False,False,False,15.96555125191731,False,False,False,False
2024-04-26 17:00:00+00:00,40.48,40.83,40.48,40.83,100.0,,,,,,,,,,,,,,,,,,,,,,,,"rgba(38, 166, 154, 1.0)",0.0,0.0,,40.40140030477783,,0.0,0.0,0.0,0.0,0.0,0.0,0.0,0.0,54.54336541306347,-4.850227410703795,False,False,True,False,True,4.1530288762924314,0,,,False,False,False,False,,,False,False,False,False,329.0,30.49649164669041,False,False,False,False,17.26841092243022,False,False,False,False
2024-04-29 17:00:00+00:00,40.83,40.87,40.83,40.87,8.0,,,,,,,,,,,,,,,,,,,,,,,,"rgba(38, 166, 154, 1.0)",0.0,0.0,,40.40954767150557,,0.0,0.0,0.0,0.0,0.0,0.0,0.0,0.0,57.90884779697906,-1.7196392355892272,False,False,True,False,True,4.447318459394779,0,,,False,False,False,False,,,False,False,False,False,337.0,35.2484840242611,False,False,False,False,17.12471462905921,False,False,False,False
2024-04-30 17:00:00+00:00,40.87,40.87,40.14,40.14,4.0,,,,,,,,,,,,,,,,,,,,,,,,"rgba(38, 166, 154, 1.0)",0.0,0.0,,40.4102257579678,,0.0,0.0,0.0,0.0,0.0,0.0,0.0,0.0,55.159648623782466,-1.7196392355892272,False,False,True,False,True,0.0,0,,,False,False,False,False,,,False,False,False,False,333.0,39.86478659752837,False,False,False,False,16.921230681321855,False,False,False,False
2024-05-01 17:00:00+00:00,40.22,40.22,40.22,40.22,0.0,,,,,,,,,,,,,,,,,,,,,,,,"rgba(38, 166, 154, 1.0)",0.0,0.0,,40.4102257579678,,0.0,0.0,0.0,0.0,0.0,0.0,0.0,0.0,53.79290461122008,-1.7196392355892272,False,False,True,False,False,0.0,0,,,False,False,False,False,,,False,False,False,False,333.0,44.40951858826436,False,False,False,False,16.658886019595936,False,False,False,False
2024-05-02 17:00:00+00:00,40.22,40.22,40.22,40.22,0.0,,,,,,,,,,,,,,,,,,,,,,,,"rgba(38, 166, 154, 1.0)",0.0,0.0,,40.4102257579678,,0.0,0.0,0.0,0.0,0.0,0.0,0.0,0.0,52.88174193617849,-1.7196392355892272,False,False,True,False,False,0.0,0,,,False,False,False,False,,,False,False,False,False,333.0,48.88378961790367,False,False,False,False,16.40060871696654,False,False,False,False
2024-05-03 17:00:00+00:00,40.22,40.22,40.22,40.22,0.0,,,,,,,,,,,,,,,,,,,,,,,,"rgba(38, 166, 154, 1.0)",0.0,0.0,,40.4102257579678,,0.0,0.0,0.0,0.0,0.0,0.0,0.0,0.0,52.27430015281743,-1.7196392355892272,False,False,True,False,False,0.0,0,,,False,False,False,False,,,False,False,False,False,333.0,53.2886921044478,False,False,False,False,16.146335713602717,False,False,False,False
2024-05-06 17:00:00+00:00,40.22,43.34,40.22,43.32,174.0,,,,,,,,,,,,,,,,,,,,,,,,"rgba(38, 166, 154, 1.0)",0.0,0.0,,40.84737594128685,,0.0,0.0,0.0,0.0,0.0,0.0,0.0,0.0,61.74106450177172,3.061303184463455,True,False,True,False,True,18.032252323810898,0,,,False,False,False,False,,,False,False,False,False,507.0,60.322975947789686,False,False,False,False,18.593679345949962,False,False,False,False
2024-05-07 17:00:00+00:00,43.32,43.68,43.32,43.68,6.0,,,,,,,,,,,,,,,,,,,,,,,,"rgba(38, 166, 154, 1.0)",0.0,0.0,,40.86789300035987,,0.0,0.0,0.0,0.0,0.0,0.0,0.0,0.0,68.5241968854107,9.35906714201409,True,False,True,False,True,19.65194226174849,0,,,False,False,False,False,,,False,False,False,False,513.0,67.34122438270768,False,False,False,False,18.398428503377094,False,False,False,False
2024-05-08 17:00:00+00:00,43.68,43.68,43.68,43.68,0.0,,,,,,,,,,,,,,,,,,,,,,,,"rgba(38, 166, 154, 1.0)",0.0,0.0,,40.86789300035987,,0.0,0.0,0.0,0.0,0.0,0.0,0.0,0.0,73.04628514117002,13.484915969236795,True,False,True,False,True,19.65194226174849,0,,,False,False,False,False,,,False,False,False,False,513.0,74.25066276437111,False,False,False,False,18.113181549836362,False,False,False,False
2024-05-09 17:00:00+00:00,43.68,43.68,43.68,43.68,0.0,,,,,,,,,,,,,,,,,,,,,,,,"rgba(38, 166, 154, 1.0)",0.0,0.0,,40.86789300035987,,0.0,0.0,0.0,0.0,0.0,0.0,0.0,0.0,76.06101064500956,16.32703045530627,True,False,True,False,True,19.65194226174849,0,,,False,False,False,False,,,False,False,False,False,513.0,81.05297807034985,False,False,False,False,17.83235702968386,False,False,False,False
2024-05-10 17:00:00+00:00,44.07,44.07,44.07,44.07,0.0,,,,,,,,,,,,,,,,,,,,,,,,"rgba(38, 166, 154, 1.0)",0.0,0.0,,40.86789300035987,,0.0,0.0,0.0,0.0,0.0,0.0,0.0,0.0,78.67697512634035,18.96028664471929,True,False,True,False,True,20.0,0,,,False,False,False,False,,,False,False,False,False,513.0,87.74983112352271,False,False,False,False,17.55588637806085,False,False,False,False
2024-05-13 17:00:00+00:00,44.07,44.07,44.07,44.07,0.0,,,,,,,,,,,,,,,,,,,,,,,,"rgba(38, 166, 154, 1.0)",0.0,0.0,,40.86789300035987,,0.0,0.0,0.0,0.0,0.0,0.0,0.0,0.0,80.42095144722755,20.92959956595523,True,False,True,False,True,20.0,0,,,False,False,False,False,,,False,False,False,False,513.0,94.34285699757662,False,False,False,False,17.283702093129676,False,False,False,False
2024-05-14 17:00:00+00:00,44.07,44.625,44.07,44.625,101.0,,,,,,,,,,,,,,,,,,,,,,,,"rgba(38, 166, 154, 1.0)",0.0,0.0,,41.26453461832284,,0.0,0.0,0.0,0.0,0.0,0.0,0.0,0.0,82.4128323024986,23.246161835173254,True,False,True,False,True,20.0,0,,,False,False,False,False,,,False,False,False,False,614.0,102.39955688908705,False,False,False,False,18.581629192460998,False,False,False,False
2024-05-15 17:00:00+00:00,44.625,44.625,44.625,44.625,0.0,,,,,,,,,,,,,,,,,,,,,,,,"rgba(38, 166, 154, 1.0)",0.0,0.0,,41.26453461832284,,0.0,0.0,0.0,0.0,0.0,0.0,0.0,0.0,83.74075287267931,25.015753271954978,True,False,True,False,True,20.0,0,,,False,False,False,False,,,False,False,False,False,614.0,110.33134670476011,False,False,False,False,18.293541918159278,False,False,False,False
2024-05-16 17:00:00+00:00,44.915,44.915,44.915,44.915,0.0,,,,,,,,,,,,,,,,,,,,,,,,"rgba(38, 166, 154, 1.0)",0.0,0.0,,41.26453461832284,,0.0,0.0,0.0,0.0,0.0,0.0,0.0,0.0,85.0466348672671,26.82271640573761,True,False,True,False,True,20.0,0,,,False,False,False,False,,,False,False,False,False,614.0,118.14016303491886,False,False,False,False,18.009921113226575,False,False,False,False
2024-05-17 17:00:00+00:00,44.915,44.915,44.25,44.55,189.0,,,,,,,,,,,,,,,,,,,,,,,,"rgba(38, 166, 154, 1.0)",0.0,0.0,,42.21017042235791,,0.0,0.0,0.0,0.0,0.0,0.0,0.0,0.0,82.52509942888068,26.82271640573761,True,False,True,False,True,20.0,0,,,False,False,False,False,,,False,False,False,False,425.0,122.89767988709065,False,False,False,False,20.66093008821531,False,False,False,False
2024-05-20 17:00:00+00:00,44.55,44.55,44.55,44.55,0.0,,,,,,,,,,,,,,,,,,,,,,,,"rgba(38, 166, 154, 1.0)",0.0,0.0,,42.21017042235791,,0.0,0.0,0.0,0.0,0.0,0.0,0.0,0.0,80.84407580328974,26.82271640573761,True,False,True,False,False,20.0,0,,,False,False,False,False,,,False,False,False,False,425.0,127.58143678806597,False,False,False,False,20.340605590723598,False,False,False,False
2024-05-21 17:00:00+00:00,44.55,44.55,44.55,44.55,0.0,,,,,,,,,,,,,,,,,,,,,,,,"rgba(38, 166, 154, 1.0)",0.0,0.0,,42.21017042235791,,0.0,0.0,0.0,0.0,0.0,0.0,0.0,0.0,79.7233933862291,26.82271640573761,True,False,True,False,False,20.0,0,,,False,False,False,False,,,False,False,False,False,425.0,132.19257730297969,False,False,False,False,20.02524736451083,False,False,False,False
2024-05-22 17:00:00+00:00,44.55,44.55,44.3,44.3,100.0,,,,,,,,,,,,,,,,,,,,,,,,"rgba(38, 166, 154, 1.0)",0.0,0.0,,42.375093246233014,,0.0,0.0,0.0,0.0,0.0,0.0,0.0,0.0,76.34960641389644,33.112014824305405,True,False,True,False,False,20.0,0,,,False,False,False,False,,,False,False,False,False,325.0,135.18183967037533,False,False,False,False,21.265166010022288,False,False,False,False
2024-05-23 17:00:00+00:00,44.3,44.3,44.3,44.3,0.0,,,,,,,,,,,,,,,,,,,,,,,,"rgba(38, 166, 154, 1.0)",0.0,0.0,,42.375093246233014,,0.0,0.0,0.0,0.0,0.0,0.0,0.0,0.0,74.10041509900799,30.673845398630775,True,False,True,False,False,20.0,0,,,False,False,False,False,,,False,False,False,False,325.0,138.1247568847881,False,False,False,False,20.93547351374287,False,False,False,False
2024-05-24 17:00:00+00:00,44.74,44.82,44.74,44.82,3.0,,,,,,,,,,,,,,,,,,,,,,,,"rgba(38, 166, 154, 1.0)",0.0,0.0,,42.38114220329336,,0.0,0.0,0.0,0.0,0.0,0.0,0.0,0.0,74.7408404905938,30.673845398630775,True,False,True,False,False,20.0,0,,,False,False,False,False,,,False,False,False,False,328.0,141.0685591036286,False,False,False,False,20.657404156940654,False,False,False,False
2024-05-27 17:00:00+00:00,44.82,44.82,44.82,44.82,0.0,,,,,,,,,,,,,,,,,,,,,,,,"rgba(38, 166, 154, 1.0)",0.0,0.0,1.7092708181355334,42.38114220329336,1.4268410662781572,0.0,0.0,0.0,0.0,0.0,0.0,0.0,0.0,75.167790751651,30.673845398630775,True,False,True,False,False,20.0,0,,,False,False,False,False,,,False,False,False,False,328.0,143.96672097799095,False,False,False,False,20.3371343250501,False,False,False,False
2024-05-28 17:00:00+00:00,44.82,44.82,44.82,44.82,0.0,,,,,,,,,,,,,,,,,,,,,,,,"rgba(38, 166, 154, 1.0)",0.0,0.0,1.7380018220166855,42.38114220329336,1.4032538779946275,0.0,0.0,0.0,0.0,0.0,0.0,0.0,0.0,75.45242425902246,30.673845398630775,True,False,True,False,False,20.0,0,,,False,False,False,False,,,False,False,False,False,328.0,146.81995011011512,False,False,False,False,20.021829916909788,False,False,False,False
2024-05-29 17:00:00+00:00,44.82,44.82,44.82,44.82,0.0,,,,,,,,,,,,,,,,,,,,,,,,"rgba(38, 166, 154, 1.0)",0.0,0.0,1.7635049738497413,42.38114220329336,1.382960543276837,0.0,0.0,0.0,0.0,0.0,0.0,0.0,0.0,75.64217993060345,30.51859173119695,True,False,True,False,False,20.0,0,,,False,False,False,False,,,False,False,False,False,328.0,149.62894313166373,False,False,False,False,19.71141394920576,False,False,False,False
2024-05-30 17:00:00+00:00,44.82,44.82,42.71,42.71,6.0,,,,,,,,,,,,,,,,,,,,,,,,"rgba(239, 83, 80, 1.0)",0.0,0.0,1.7522248739842132,42.45208047375933,0.1471954485238027,0.0,0.0,0.0,0.0,0.0,0.0,0.0,0.0,61.10844457951445,16.92569308094403,False,False,True,False,False,6.680585965809804,0,,,False,False,False,False,,,False,False,False,False,322.0,152.30136261799453,False,False,False,False,19.498833887977764,False,False,False,False
2024-05-31 17:00:00+00:00,42.71,42.71,42.71,42.71,0.0,,,,,,,,,,,,,,,,,,,,,,,,"rgba(239, 83, 80, 1.0)",0.0,0.0,1.7528580908009834,42.45208047375933,0.14714227443409947,0.0,0.0,0.0,0.0,0.0,0.0,0.0,0.0,51.41928767878844,8.574897418768536,False,True,False,True,False,6.680585965809804,0,,,False,False,False,False,,,False,False,False,False,322.0,154.93234924407213,False,False,False,False,19.196526385838574,False,False,False,False
2024-06-03 17:00:00+00:00,42.71,42.71,42.71,42.71,0.0,,,,,,,,,,,,,,,,,,,,,,,,"rgba(239, 83, 80, 1.0)",0.0,0.0,1.753084111188303,42.45208047375933,0.14712330377909982,0.0,0.0,0.0,0.0,0.0,0.0,0.0,0.0,44.95984974497111,3.3317300814060573,False,True,False,True,False,6.680585965809804,0,,,False,False,False,False,,,False,False,False,False,322.0,157.52254537982296,False,False,False,False,18.898905821717044,False,False,False,False
2024-06-04 17:00:00+00:00,42.71,42.71,42.71,42.71,0.0,,,,,,,,,,,,,,,,,,,,,,,,"rgba(239, 83, 80, 1.0)",0.0,0.0,1.7508866042382303,42.45208047375933,0.1473079556473531,0.0,0.0,0.0,0.0,0.0,0.0,0.0,0.0,40.653557789092886,-0.10039471061062955,False,True,False,True,False,6.680585965809804,0,,,False,False,False,False,,,False,False,False,False,322.0,160.07258343594972,False,False,False,False,18.605899529907475,False,False,False,False
2024-06-05 17:00:00+00:00,42.71,42.71,42.71,42.71,0.0,,,,,,,,,,,,,,,,,,,,,,,,"rgba(239, 83, 80, 1.0)",0.0,0.0,1.7415274620002064,42.45208047375933,0.14809960328988447,0.0,0.0,0.0,0.0,0.0,0.0,0.0,0.0,37.78269648517407,-2.494544799278046,False,True,False,True,False,6.680585965809794,0,,,False,False,False,False,,,False,False,False,False,322.0,162.5830860183381,False,False,False,False,18.317435971304256,False,False,False,False
2024-06-06 17:00:00+00:00,42.71,42.71,42.28,42.37,246.0,,,,,,,,,,,,,,,,,,,,,,,,"rgba(239, 83, 80, 1.0)",0.0,0.0,1.7412604811064434,42.31333862787595,0.03254043420777749,0.0,0.0,0.0,0.0,0.0,0.0,0.0,0.0,34.33265487282398,-5.683397421254142,False,True,False,True,False,4.3945123019906625,0,,,False,False,False,False,,,False,False,False,False,76.0,161.2407125916972,False,False,False,False,21.84739820430729,False,False,False,False
2024-06-07 17:00:00+00:00,42.37,42.37,41.61,41.61,1.0,,,,,,,,,,,,,,,,,,,,,,,,"rgba(239, 83, 80, 1.0)",0.0,0.0,1.7397625990062207,42.31260712144151,-0.40385229676902457,0.0,0.0,0.0,0.0,0.0,0.0,0.0,0.0,29.603780356314523,-10.171581440510181,False,True,False,True,False,0.0,0,,,False,False,False,False,,,False,False,False,False,75.0,159.903647280198,False,False,False,False,21.524182728271516,False,False,False,False
2024-06-10 17:00:00+00:00,41.61,41.61,41.61,41.61,0.0,,,,,,,,,,,,,,,,,,,,,,,,"rgba(239, 83, 80, 1.0)",0.0,0.0,1.7355611471496688,42.31260712144151,-0.4048299436729205,0.0,0.0,0.0,0.0,0.0,0.0,0.0,0.0,26.451197345308216,-13.263849760300673,False,True,False,True,False,0.0,0,,,False,False,False,False,,,False,False,False,False,75.0,158.58731166345072,False,False,False,False,21.190474468918467,False,False,False,False
2024-06-11 17:00:00+00:00,41.61,41.61,41.1,41.12,2.0,,,,,,,,,,,,,,,,,,,,,,,,"rgba(239, 83, 80, 1.0)",0.0,0.0,1.7330200505174411,42.30993472916798,-0.6866249059338305,0.0,0.0,0.0,0.0,0.0,0.0,0.0,0.0,23.15325203788657,-16.60479725037768,False,True,False,True,False,0.0,0,,,False,False,False,False,,,False,False,False,False,73.0,157.2603765989011,False,False,False,False,20.892947732966242,False,False,False,False
2024-06-12 17:00:00+00:00,42.295,42.53,42.205,42.205,300.0,,,,,,,,,,,,,,,,,,,,,,,,"rgba(239, 83, 80, 1.0)",0.0,0.0,1.7301451977812106,42.26898174562012,-0.03698056423366703,0.0,0.0,0.0,0.0,0.0,0.0,0.0,0.0,29.503467526844602,-16.60479725037768,False,True,False,True,True,3.036783788097935,0,,,False,False,False,False,,,False,False,False,False,373.0,160.60517696170882,False,False,False,False,25.22018885338537,False,False,False,False
2024-06-13 17:00:00+00:00,41.03,41.04,41.03,41.04,106.0,,,,,,,,,,,,,,,,,,,,,,,,"rgba(239, 83, 80, 1.0)",0.0,0.0,1.7316544892877013,42.17428971757131,-0.6550323546574768,0.0,0.0,0.0,0.0,0.0,0.0,0.0,0.0,29.92805939566724,-16.60479725037768,False,True,False,True,True,0.0,0,,,False,False,False,False,,,False,False,False,False,267.0,162.25470910183736,False,False,False,False,26.4725890262011,False,False,False,False
2024-06-14 17:00:00+00:00,41.04,41.04,40.825,40.98,435.0,,,,,,,,,,,,,,,,,,,,,,,,"rgba(239, 83, 80, 1.0)",0.0,0.0,1.7335357478832585,41.894031562405104,-0.5272643287115303,0.0,0.0,0.0,0.0,0.0,0.0,0.0,0.0,30.05267040061397,-16.60479725037768,False,True,False,True,True,0.0,0,,,False,False,False,False,,,False,False,False,False,-168.0,157.13448105374684,False,False,False,False,32.806347335872395,False,False,False,False
2024-06-17 17:00:00+00:00,40.745,40.745,40.745,40.745,0.0,,,,,,,,,,,,,,,,,,,,,,,,"rgba(239, 83, 80, 1.0)",0.0,0.0,1.7371550470978798,41.894031562405104,-0.6614444486833214,1.0,40.745,40.745,0.0,0.0,0.0,0.0,0.0,29.492155024185877,-16.60479725037768,False,True,False,True,True,0.0,0,,,False,False,False,False,,,False,False,False,False,-168.0,152.09363638624689,False,False,False,False,32.29772179578135,False,False,False,False
2024-06-18 17:00:00+00:00,41.115,41.115,41.115,41.115,0.0,,,,,,,,,,,,,,,,,,,,,,,,"rgba(239, 83, 80, 1.0)",0.0,0.0,1.7381885828498385,41.894031562405104,-0.44818587010153094,0.0,0.0,0.0,0.0,0.0,0.0,0.0,0.0,31.53991091669443,-16.60479725037768,False,True,False,True,True,0.0,0,,,False,False,False,False,,,False,False,False,False,-168.0,147.1309443492508,False,False,False,False,31.79698192297854,False,False,False,False
2024-06-19 17:00:00+00:00,41.115,41.115,41.115,41.115,0.0,,,,,,,,,,,,,,,,,,,,,,,,"rgba(239, 83, 80, 1.0)",0.0,0.0,1.7397280697731863,41.894031562405104,-0.4477892700246347,0.0,0.0,0.0,0.0,0.0,0.0,0.0,0.0,32.90508151170013,-16.60479725037768,False,True,False,True,True,0.0,0,,,False,False,False,False,,,False,False,False,False,-168.0,142.2451932740686,False,False,False,False,31.30400545905639,False,False,False,False
2024-06-20 17:00:00+00:00,40.81,40.81,40.81,40.81,0.0,,,,,,,,,,,,,,,,,,,,,,,,"rgba(239, 83, 80, 1.0)",0.0,0.0,1.743241019553014,41.894031562405104,-0.6218483561630848,0.0,0.0,0.0,0.0,0.0,0.0,0.0,0.0,32.67863993680392,-16.60479725037768,False,True,False,True,True,0.0,0,,,False,False,False,False,,,False,False,False,False,-168.0,137.43519027757142,False,False,False,False,30.818672041086526,False,False,False,False
2024-06-21 17:00:00+00:00,40.81,40.81,40.81,40.81,0.0,,,,,,,,,,,,,,,,,,,,,,,,"rgba(239, 83, 80, 1.0)",0.0,0.0,1.7466853241558997,41.894031562405104,-0.6206221277601728,0.0,0.0,0.0,0.0,0.0,0.0,0.0,0.0,32.527678886873105,-16.60479725037768,False,True,False,True,True,0.0,0,,,False,False,False,False,,,False,False,False,False,-168.0,132.6997609709424,False,False,False,False,30.34086317223247,False,False,False,False
2024-06-24 17:00:00+00:00,41.235,41.26,41.235,41.26,10.0,,,,,,,,,,,,,,,,,,,,,,41.251666666666665,,"rgba(239, 83, 80, 1.0)",0.0,0.0,1.7474597728295884,41.850782589284925,-0.33808079503215,0.0,0.0,0.0,0.0,0.0,0.0,0.0,0.0,35.85155601946354,-20.218050617778417,False,True,False,True,True,0.0,0,,,False,False,False,False,,,False,False,False,False,-158.0,128.1927879326332,False,False,False,False,30.025500952507937,False,False,False,False
2024-06-25 17:00:00+00:00,41.11,41.3,41.11,41.3,100.0,,,,,,,,,,,,,,,,,,,,,,41.23803030303031,,"rgba(239, 83, 80, 1.0)",0.0,0.0,1.7480710681947227,41.82006104990245,-0.2975056674552324,0.0,0.0,0.0,0.0,0.0,0.0,0.0,0.0,38.35367695986536,-17.48831601595576,False,True,False,True,True,0.0,0,,,False,False,False,False,,,False,False,False,False,-58.0,125.30607804220477,False,False,False,False,31.11037690673262,False,False,False,False
2024-06-26 17:00:00+00:00,41.3,41.3,40.81,40.81,1.0,,,,,,,,,,,,,,,,,,,,,,41.23564564564565,,"rgba(239, 83, 80, 1.0)",0.0,0.0,1.7514240100738148,41.819513909291864,-0.5763960659927889,0.0,0.0,0.0,0.0,0.0,0.0,0.0,0.0,37.55521528414275,-17.48831601595576,False,True,False,True,True,0.0,0,,,False,False,False,False,,,False,False,False,False,-59.0,122.44861946790702,False,False,False,False,30.643549357791027,False,False,False,False
2024-06-27 17:00:00+00:00,41.53,41.53,41.53,41.53,0.0,,,,,,,,,,,,,,,,,,,,,,41.23564564564565,,"rgba(239, 83, 80, 1.0)",0.0,0.0,1.751373818535675,41.819513909291864,-0.16530674732475184,0.0,0.0,0.0,0.0,0.0,0.0,0.0,0.0,41.72016198736022,-13.825435868117943,False,True,False,True,True,0.0,0,,,False,False,False,False,,,False,False,False,False,-59.0,119.63546257693172,False,False,False,False,30.168455569298143,False,False,False,False
2024-06-28 17:00:00+00:00,41.53,41.53,41.35,41.37,3.0,,,,,,,,,,,,,,,,,,,,,,41.240409356725145,,"rgba(239, 83, 80, 1.0)",0.0,0.0,1.7502909668019335,41.81920086903175,-0.25664353958959873,0.0,0.0,0.0,0.0,0.0,0.0,0.0,0.0,43.626893511914254,-11.889544733433432,False,True,False,True,True,0.0,0,,,False,False,False,False,,,False,False,False,False,-62.0,116.81940889356844,False,False,False,False,29.747239203882668,False,False,False,False
2024-07-01 17:00:00+00:00,41.37,41.68,41.37,41.66,31.0,,,,,,,,,,,,,,,,,,,,,,41.310873563218394,,"rgba(239, 83, 80, 1.0)",0.0,0.0,1.747586500456145,41.819449022029275,-0.09123955923650125,0.0,0.0,0.0,0.0,0.0,0.0,0.0,0.0,46.58175527507293,-8.99084946629322,False,True,False,True,True,0.6180456116527573,0,,,False,False,False,False,,,False,False,False,False,-31.0,114.52763511227279,False,False,False,False,29.766661851884486,False,False,False,False
2024-07-02 17:00:00+00:00,41.44,41.44,41.44,41.44,0.0,,,,,,,,,,,,,,,,,,,,,,41.310873563218394,,"rgba(239, 83, 80, 1.0)",0.0,0.0,1.7452486386789676,41.819449022029275,-0.2174183171496377,0.0,0.0,0.0,0.0,0.0,0.0,0.0,0.0,47.22535179714977,-8.22465496422123,False,True,False,False,True,0.0,0,,,False,False,False,False,,,False,False,False,False,-31.0,112.27139270743135,False,False,False,False,29.305163218521933,False,False,False,False
2024-07-03 17:00:00+00:00,43.0,43.0,43.0,43.0,0.0,,,,,,,,,,,,,,,,,,,,,,41.310873563218394,,"rgba(38, 166, 154, 1.0)",0.0,0.0,1.7477776416594484,41.819449022029275,0.6754583362502777,0.0,0.0,0.0,0.0,0.0,0.0,0.0,0.0,54.121694423201795,-1.7214836231226727,False,False,True,False,True,7.112360983164923,0,,,False,False,False,False,,,False,False,False,False,-31.0,110.05013080499054,False,False,False,False,28.850819602730894,False,False,False,False
2024-07-04 17:00:00+00:00,43.0,43.0,43.0,43.0,0.0,,,,,,,,,,,,,,,,,,,,,,41.310873563218394,,"rgba(38, 166, 154, 1.0)",0.0,0.0,1.7521752298317697,41.819449022029275,0.6737630790980149,0.0,0.0,0.0,0.0,0.0,0.0,0.0,0.0,58.71925617390315,2.398419451991309,False,False,True,False,True,7.112360983164923,0,,,False,False,False,False,,,False,False,False,False,-31.0,107.86330707157983,False,False,False,False,28.403520074006384,False,False,False,False
2024-07-05 17:00:00+00:00,43.0,43.0,43.0,43.0,0.0,,,,,,,,,,,,,,,,,,,,,,41.310873563218394,,"rgba(38, 166, 154, 1.0)",0.0,0.0,1.7565129717197645,41.819449022029275,0.6720992084760254,0.0,0.0,0.0,0.0,0.0,0.0,0.0,0.0,61.78429734103739,5.104088418912674,True,False,True,False,True,7.112360983164912,0,,,False,False,False,False,,,False,False,False,False,-31.0,105.71038758209797,False,False,False,False,27.963155421696207,False,False,False,False
2024-07-08 17:00:00+00:00,43.0,43.0,42.41,42.41,100.0,,,,,,,,,,,,,,,,,,,,,,41.839768707482996,,"rgba(38, 166, 154, 1.0)",0.0,0.0,1.7569098024810585,41.882453897061154,0.3002693150176843,0.0,0.0,0.0,0.0,0.0,0.0,0.0,0.0,60.008832377623825,5.104088418912674,True,False,True,False,True,3.892011144626153,0,,,False,False,False,False,,,False,False,False,False,-131.0,102.04045909245303,False,False,False,False,29.0800057252358,False,False,False,False
2024-07-09 17:00:00+00:00,42.41,42.41,42.41,42.41,0.0,,,,,,,,,,,,,,,,,,,,,,41.839768707482996,,"rgba(38, 166, 154, 1.0)",0.0,0.0,1.7573055183105364,41.882453897061154,0.30020169938692404,0.0,0.0,0.0,0.0,0.0,0.0,0.0,0.0,58.825189068681446,5.104088418912674,True,False,True,False,False,3.8920111446261636,0,,,False,False,False,False,,,False,False,False,False,-131.0,98.42742871892662,False,False,False,False,28.62915292329416,False,False,False,False
2024-07-10 17:00:00+00:00,43.835,44.03,43.76,44.03,347.0,,,,,,,,,,,,,,,,,,,,,,43.07081644144144,,"rgba(38, 166, 154, 1.0)",0.0,0.0,1.7745792598668362,42.20832043538976,1.026541674304782,0.0,0.0,0.0,0.0,0.0,0.0,0.0,0.0,63.40002558402506,6.498246021458371,True,False,True,False,True,11.061197408002045,0,,,False,False,False,False,,,False,False,False,False,216.0,100.25025928142388,False,False,False,False,33.565135048514406,False,False,False,False
2024-07-11 17:00:00+00:00,44.03,44.03,44.03,44.03,0.0,,,,,,,,,,,,,,,,,,,,,,43.07081644144144,,"rgba(38, 166, 154, 1.0)",0.0,0.0,1.7920372371854993,42.20832043538976,1.0165411336381036,0.0,0.0,0.0,0.0,0.0,0.0,0.0,0.0,66.44991659425413,9.425858146585092,True,False,True,False,True,11.061197408002045,0,,,False,False,False,False,,,False,False,False,False,216.0,102.0448289049677,False,False,False,False,33.044745357839766,False,False,False,False
2024-07-12 17:00:00+00:00,44.03,44.03,44.03,44.03,0.0,,,,,,,,,,,,,,,,,,,,,,43.07081644144144,,"rgba(38, 166, 154, 1.0)",0.0,0.0,1.8088642422378813,42.20832043538976,1.0070847342067564,0.0,0.0,0.0,0.0,0.0,0.0,0.0,0.0,68.48317726774019,11.458496604163791,True,False,True,False,True,11.061197408002045,0,,,False,False,False,False,,,False,False,False,False,216.0,103.81157574365038,False,False,False,False,32.532423724384884,False,False,False,False
2024-07-15 17:00:00+00:00,44.03,44.03,44.03,44.03,0.0,,,,,,,,,,,,,,,,,,,,,,43.07081644144144,,"rgba(38, 166, 154, 1.0)",0.0,0.0,1.8230223222405602,42.20832043538976,0.9992634442190114,0.0,0.0,0.0,0.0,0.0,0.0,0.0,0.0,69.83868438339755,12.959042016617772,True,False,True,False,True,11.061197408002045,0,,,False,False,False,False,,,False,False,False,False,216.0,105.55093115847751,False,False,False,False,32.02804506199132,False,False,False,False
2024-07-16 17:00:00+00:00,44.03,47.275,44.03,47.275,2.0,,,,,,,,,,,,,,,,,,,,,,43.08132996632996,,"rgba(38, 166, 154, 1.0)",0.0,0.0,1.912934418658953,42.47617131519438,2.5086216432708657,0.0,0.0,0.0,0.0,0.0,0.0,0.0,0.0,75.70626599098183,18.60787566806465,True,False,True,False,True,20.0,0,,,False,False,False,False,,,False,False,False,False,218.0,107.29432757462514,False,False,False,False,31.562493975758898,False,False,False,False
2024-07-17 17:00:00+00:00,46.955,46.955,46.955,46.955,0.0,,,,,,,,,,,,,,,,,,,,,,43.08132996632996,,"rgba(38, 166, 154, 1.0)",0.0,0.0,1.990372566871572,42.47617131519438,2.2502463907274177,0.0,0.0,0.0,0.0,0.0,0.0,0.0,0.0,77.9633592216352,20.783196496641423,True,False,True,False,True,20.0,0,,,False,False,False,False,,,False,False,False,False,218.0,109.01069458897203,False,False,False,False,31.073152983886665,False,False,False,False
2024-07-18 17:00:00+00:00,46.955,46.955,46.955,46.955,0.0,,,,,,,,,,,,,,,,,,,,,,43.08132996632996,,"rgba(38, 166, 154, 1.0)",0.0,0.0,2.0615098726309626,42.47617131519438,2.1725962821073472,0.0,0.0,0.0,0.0,0.0,0.0,0.0,0.0,79.46808804207078,22.372324606704183,True,False,True,False,True,20.0,0,,,False,False,False,False,,,False,False,False,False,218.0,110.70045126201121,False,False,False,False,30.591398674058965,False,False,False,False
2024-07-19 17:00:00+00:00,46.315,46.315,46.315,46.315,0.0,,,,,,,,,,,,,,,,,,,,,,43.08132996632996,,"rgba(38, 166, 154, 1.0)",0.0,0.0,2.101220188195243,42.47617131519438,1.8269521235196318,0.0,0.0,0.0,0.0,0.0,0.0,0.0,0.0,77.01706895125983,22.372324606704183,True,False,True,False,True,17.398128384528405,0,,,False,False,False,False,,,False,False,False,False,218.0,112.36401015717382,False,False,False,False,30.11711342329836,False,False,False,False
2024-07-22 17:00:00+00:00,46.315,46.315,46.315,46.315,0.0,,,,,,,,,,,,,,,,,,,,,,43.08132996632996,,"rgba(38, 166, 154, 1.0)",0.0,0.0,2.141981958773622,42.47617131519438,1.7921853492190551,0.0,0.0,0.0,0.0,0.0,0.0,0.0,0.0,75.38305622405252,22.372324606704183,True,False,True,False,False,17.398128384528405,0,,,False,False,False,False,,,False,False,False,False,218.0,114.00177744155872,False,False,False,False,29.65018143223947,False,False,False,False
2024-07-23 17:00:00+00:00,46.315,47.18,46.315,47.18,39.0,,,,,,,,,,,,,,,,,,,,,,43.31609004739337,,"rgba(38, 166, 154, 1.0)",0.0,0.0,2.2064790610488054,42.592538010066995,2.0790870264376977,0.0,0.0,0.0,0.0,0.0,0.0,0.0,0.0,75.93798371507927,22.372324606704183,True,False,True,False,False,20.0,0,,,False,False,False,False,,,False,False,False,False,257.0,116.21880414789113,False,False,False,False,29.79513985964661,False,False,False,False
2024-07-24 17:00:00+00:00,47.18,47.18,45.93,45.945,101.0,,,,,,,,,,,,,,,,,,,,,,43.73379200726612,,"rgba(38, 166, 154, 1.0)",0.0,0.0,2.236236306793133,42.726529574970755,1.4392353863732237,0.0,0.0,0.0,0.0,0.0,0.0,0.0,0.0,70.62522739588645,27.181931208518847,True,False,True,False,False,13.95815725115947,0,,,False,False,False,False,,,False,False,False,False,156.0,116.83556687428042,False,False,False,False,30.89909117965209,False,False,False,False
2024-07-25 17:00:00+00:00,45.945,45.945,45.945,45.945,0.0,,,,,,,,,,,,,,,,,,,,,,43.73379200726612,,"rgba(38, 166, 154, 1.0)",0.0,0.0,2.245275022781819,42.726529574970755,1.433441512675659,0.0,0.0,0.0,0.0,0.0,0.0,0.0,0.0,67.0833898497579,23.770430898150607,True,False,True,False,False,13.95815725115947,0,,,False,False,False,False,,,False,False,False,False,156.0,117.44276738785747,False,False,False,False,30.42003550244818,False,False,False,False
2024-07-26 17:00:00+00:00,46.975,47.3,46.975,47.3,52.0,,,,,,,,,,,,,,,,,,,,,,43.96255725190839,,"rgba(38, 166, 154, 1.0)",0.0,0.0,2.2723823629846214,42.82934643932124,1.967386137783103,0.0,0.0,0.0,0.0,0.0,0.0,0.0,0.0,67.85600119412632,23.770430898150607,True,False,True,False,False,18.18220659192732,0,,,False,False,False,False,,,False,False,False,False,208.0,118.84675549037131,False,False,False,False,30.75460859543348,False,False,False,False
2024-07-29 17:00:00+00:00,47.3,47.59,47.115,47.59,105.0,,,,,,,,,,,,,,,,,,,,,,44.3713748597082,,"rgba(38, 166, 154, 1.0)",0.0,0.0,2.3025671983033784,43.0254959903993,1.9823543099910435,0.0,0.0,0.0,0.0,0.0,0.0,0.0,0.0,68.91736346289784,23.770430898150607,True,False,True,False,False,19.02807770971332,0,,,False,False,False,False,,,False,False,False,False,313.0,121.85688331222602,False,False,False,False,31.905699935039163,False,False,False,False
2024-07-30 17:00:00+00:00,47.89,47.89,47.89,47.89,0.0,,,,,,,,,,,,,,,,,,,,,,44.3713748597082,,"rgba(38, 166, 154, 1.0)",0.0,0.0,2.324636960903781,43.0254959903993,2.0925865377746815,0.0,0.0,0.0,0.0,0.0,0.0,0.0,0.0,70.19134735062246,23.770430898150607,True,False,True,False,True,19.894072600479294,0,,,False,False,False,False,,,False,False,False,False,313.0,124.82034248567987,False,False,False,False,31.41103792054243,False,False,False,False
2024-07-31 17:00:00+00:00,48.315,48.68,48.315,48.68,102.0,,,,,,,,,,,,,,,,,,,,,,44.80145518630413,,"rgba(38, 166, 154, 1.0)",0.0,0.0,2.3636586066961898,43.625054428865376,2.1386106931068984,0.0,0.0,0.0,0.0,0.0,0.0,0.0,0.0,72.3862968403585,23.770430898150607,True,False,True,False,True,20.0,0,,,False,False,False,False,,,False,False,False,False,415.0,129.31925190450653,False,False,False,False,32.505440433402235,False,False,False,False
2024-08-01 17:00:00+00:00,48.68,48.68,47.54,47.54,1.0,,,,,,,,,,,,,,,,,,,,,,44.80459255533199,,"rgba(38, 166, 154, 1.0)",0.0,0.0,2.3628305422038065,43.96101138016594,1.5147038926016008,0.0,0.0,0.0,0.0,0.0,0.0,0.0,0.0,68.88959225503163,23.770430898150607,True,False,True,False,False,16.70380549207234,0,,,False,False,False,False,,,False,False,False,False,414.0,133.732906913739,False,False,False,False,32.01698399257429,False,False,False,False
2024-08-02 17:00:00+00:00,47.54,47.54,45.27,45.27,100.0,,,,,,,,,,,,,,,,,,,,,,44.91629951249238,,"rgba(239, 83, 80, 1.0)",0.0,0.0,2.315305025339064,43.832224037325275,0.6209877087206568,0.0,0.0,0.0,0.0,0.0,0.0,0.0,0.0,60.31255453883562,16.801872921868025,True,False,True,False,False,7.408764544828998,0,,,False,False,False,False,,,False,False,False,False,314.0,136.52774556623916,False,False,False,False,33.07098424075143,False,False,False,False
2024-08-05 17:00:00+00:00,45.27,45.27,45.27,45.27,0.0,,,,,,,,,,,,,,,,,,,,,,44.91629951249238,,"rgba(239, 83, 80, 1.0)",0.0,0.0,2.2876215332259933,43.832224037325275,0.6285025480797878,0.0,0.0,0.0,0.0,0.0,0.0,0.0,0.0,54.59452939470495,11.789676571611459,False,False,True,False,False,7.408764544828998,0,,,False,False,False,False,,,False,False,False,False,314.0,139.27925338691762,False,False,False,False,32.55825580291032,False,False,False,False
2024-08-06 17:00:00+00:00,45.27,45.27,44.54,44.68,201.0,,,,,,,,,,,,,,,,,,,,,,44.90290476190476,,"rgba(239, 83, 80, 1.0)",0.0,0.0,2.2516597982037183,43.74598499749882,0.41481177718156864,0.0,0.0,0.0,0.0,0.0,0.0,0.0,0.0,49.479643782119346,7.350204061287577,False,False,False,True,False,5.208581626241752,0,,,False,False,False,False,,,False,False,False,False,113.0,138.87182310184912,False,False,False,False,35.16975571294272,False,False,False,False
2024-08-07 17:00:00+00:00,44.68,44.68,44.68,44.68,0.0,,,,,,,,,,,,,,,,,,,,,,44.90290476190476,,"rgba(239, 83, 80, 1.0)",0.0,0.0,2.229452473889788,43.74598499749882,0.41894367044818615,0.0,0.0,0.0,0.0,0.0,0.0,0.0,0.0,46.06972004039561,4.398714668016993,False,True,False,True,False,5.208581626241752,0,,,False,False,False,False,,,False,False,False,False,113.0,138.47070956538633,False,False,False,False,34.624488182509495,False,False,False,False
2024-08-08 17:00:00+00:00,44.68,44.68,44.68,44.68,0.0,,,,,,,,,,,,,,,,,,,,,,44.90290476190476,,"rgba(239, 83, 80, 1.0)",0.0,0.0,2.205581116863087,43.74598499749882,0.42347796476857313,0.0,0.0,0.0,0.0,0.0,0.0,0.0,0.0,43.796437545913115,2.3129986208879103,False,True,False,True,False,5.208581626241752,0,,,False,False,False,False,0.07270253186157699,0.07270253186157699,False,False,False,False,113.0,138.07581484344234,False,False,False,False,34.08767441223803,False,False,False,False
2024-08-09 17:00:00+00:00,44.68,45.06,44.68,44.98,211.0,,,,,,,,,,,,,,,,,,,,,,44.90343182824258,,"rgba(239, 83, 80, 1.0)",0.0,0.0,2.188649620693573,43.77021976568588,0.5527518991051401,0.0,0.0,0.0,0.0,0.0,0.0,0.0,0.0,43.52694438110523,1.8498348558679965,False,True,False,True,False,6.200918302160851,0,0.9138049788448294,0.990357177998623,False,False,False,False,0.08559539841755905,0.07914896513956801,False,False,False,False,324.0,140.95836034974556,False,False,False,False,36.83050116553667,False,False,False,False
2024-08-12 17:00:00+00:00,44.31,44.31,44.31,44.31,25.0,,,,,,,,,,,,,,,,,,,,,,44.89374156324842,,"rgba(239, 83, 80, 1.0)",0.0,0.0,2.1666850650639393,43.85561459329685,0.20971456074985415,0.0,0.0,0.0,0.0,0.0,0.0,0.0,0.0,41.42860336616214,-0.49553686070698433,False,True,False,True,False,3.652350475335492,0,0.9090997377877053,0.9920365154899491,False,False,False,False,0.047660571930009284,0.06340476853478864,False,False,False,False,299.0,143.40861832881927,False,False,False,False,36.64708254281516,False,False,False,False
2024-08-13 17:00:00+00:00,44.465,44.465,44.465,44.465,0.0,,,,,,,,,,,,,,,,,,,,,,44.89374156324842,,"rgba(239, 83, 80, 1.0)",0.0,0.0,2.1294583078061518,43.85561459329685,0.2861692123622585,0.0,0.0,0.0,0.0,0.0,0.0,0.0,0.0,40.734283810852546,-1.601558500455269,False,True,False,True,False,4.177085280531724,0,0.9093725793958173,0.9920604182804034,False,False,False,False,0.05814205228588519,0.06077341041033692,False,False,False,False,299.0,145.8208878120934,False,False,False,False,36.07891072044593,False,False,False,False
2024-08-14 17:00:00+00:00,44.465,44.465,44.465,44.465,0.0,,,,,,,,,,,,,,,,,,,,,,44.89374156324842,,"rgba(239, 83, 80, 1.0)",0.0,0.0,2.0918063404067113,43.85561459329685,0.29132018338976406,0.0,0.0,0.0,0.0,0.0,0.0,0.0,0.0,40.27140410731282,-2.5882058752294697,False,True,False,True,False,4.177085280531724,0,0.9074000791452316,0.9918876137712709,False,False,False,False,0.05814205228588519,0.059457731348111054,False,False,False,False,299.0,148.19575776849504,False,False,False,False,35.51954776353979,False,False,False,False
2024-08-15 17:00:00+00:00,44.465,46.79,44.465,46.79,28.0,,,,,,,,,,,,,,,,,,,,,,44.9138796236904,,"rgba(38, 166, 154, 1.0)",0.0,0.0,2.079250627310503,43.9321534626638,1.3744598653952584,0.0,0.0,0.0,0.0,0.0,0.0,0.0,0.0,47.84756093004361,-9.429617859398803,False,True,False,False,True,11.474174046436662,0,0.9114726189350233,0.9482644471767717,False,False,False,False,0.13732418277897016,0.0983909570635406,False,False,False,False,327.0,150.96791656278194,False,False,False,False,35.40296562767096,False,False,False,False
2024-08-16 17:00:00+00:00,46.24,46.48,46.24,46.48,32.0,,,,,,,,,,,,,,,,,,,,,,44.94377016551435,,"rgba(38, 166, 154, 1.0)",0.0,0.0,2.0573497515006887,43.98853533599859,1.2110068607362756,0.0,0.0,0.0,0.0,0.0,0.0,0.0,0.0,51.737774727249814,-5.724883104405741,False,True,True,False,True,10.278730096104923,0,0.9452378700463445,0.9482644471767717,False,False,False,False,0.18804773121416843,0.1432193441388545,False,False,False,False,295.0,153.20097211994812,False,False,False,False,35.35020647065281,False,False,False,False
2024-08-19 17:00:00+00:00,46.48,46.935,46.48,46.875,321.0,,,,,,,,,,,,,,,,,,,,,,45.249251220362616,,"rgba(38, 166, 154, 1.0)",0.0,0.0,2.0839516711208805,44.3257672103167,1.2232686702912663,0.0,0.0,0.0,0.0,0.0,0.0,0.0,0.0,55.32177363154071,-2.3194843642941194,False,False,True,False,True,11.421509319264775,0,0.9552224646617968,0.9394744331657343,False,False,False,False,0.21243395006805854,0.17782664710345653,False,False,False,False,616.0,160.3761508467706,False,False,False,False,39.77888544010005,False,False,False,False
2024-08-20 17:00:00+00:00,46.81,46.81,46.62,46.62,10.0,,,,,,,,,,,,,,,,,,,,,,45.25671262573707,,"rgba(38, 166, 154, 1.0)",0.0,0.0,2.105871271187,44.333175672154766,1.0859278813164277,0.0,0.0,0.0,0.0,0.0,0.0,0.0,0.0,56.65683472270659,-0.9265831674861715,False,False,True,False,True,10.427862933634731,0,0.9545893719806764,0.9522705314009667,False,False,False,False,0.2129629246440075,0.19539478587373202,False,False,False,False,606.0,167.28504773286718,False,False,False,False,39.317197293741906,False,False,False,False
2024-08-21 17:00:00+00:00,46.62,47.11,46.62,47.11,4.0,,,,,,,,,,,,,,,,,,,,,,45.26022239529249,,"rgba(38, 166, 154, 1.0)",0.0,0.0,2.1355596414012696,44.3366819387417,1.2986376065051313,0.0,0.0,0.0,0.0,0.0,0.0,0.0,0.0,58.88397871949634,1.4182008128432386,False,False,True,False,True,11.851511496778755,0,0.9318529862174579,0.9469754977029102,False,False,False,False,0.22356752646222572,0.20948115616797885,False,False,False,False,610.0,174.14884544243515,False,False,False,False,38.7696438473273,False,False,False,False
2024-08-22 17:00:00+00:00,47.11,47.24,47.11,47.24,3.0,,,,,,,,,,,,,,,,,,,,,,45.26323397269742,,"rgba(38, 166, 154, 1.0)",0.0,0.0,2.166351553662053,44.33970027590371,1.3387945826214385,0.0,0.0,0.0,0.0,0.0,0.0,0.0,0.0,60.71818065048917,3.4429032564682913,False,False,True,False,True,12.226188750195089,0,0.9486242062728498,0.9441985761015976,False,False,False,False,0.2456443259310334,0.22756274104950613,False,False,False,False,613.0,180.95273931154466,False,False,False,False,38.21507572566331,False,False,False,False
2024-08-23 17:00:00+00:00,48.87,49.22,48.87,49.22,1.0,,,,,,,,,,,,,,,,,,,,,,45.265223661485315,,"rgba(38, 166, 154, 1.0)",0.0,0.0,2.2453423764288862,44.34171703740272,2.1726232105216696,0.0,0.0,0.0,0.0,0.0,0.0,0.0,0.0,65.84466149583406,8.469667441124152,True,False,True,False,True,17.526012862986267,0,0.9529193697868398,0.9323447636700654,False,False,False,False,0.3428282472488955,0.2851954941492008,False,False,False,False,614.0,187.6666503299703,False,False,False,False,37.63809780743597,False,False,False,False
2024-08-26 17:00:00+00:00,49.22,49.53,49.22,49.53,2.0,,,,,,,,,,,,,,,,,,,,,,45.26953157349896,,"rgba(38, 166, 154, 1.0)",0.0,0.0,2.3288317703119605,44.34608312675448,2.225973099186596,0.0,0.0,0.0,0.0,0.0,0.0,0.0,0.0,69.6985274817253,12.169327927773693,True,False,True,False,True,18.2909152661554,0,0.9595343680709536,0.9294161123429421,False,False,False,False,0.3428282474706438,0.3140118708099223,False,False,False,False,616.0,194.30747745663743,False,False,False,False,37.08556915925867,False,False,False,False
2024-08-27 17:00:00+00:00,49.6,49.6,49.6,49.6,0.0,,,,,,,,,,,,,,,,,,,,,,45.26953157349896,,"rgba(38, 166, 154, 1.0)",0.0,0.0,2.409168781180791,44.34608312675448,2.1808006621563694,0.0,0.0,0.0,0.0,0.0,0.0,0.0,0.0,72.37107972988298,14.77710141375897,True,False,True,False,True,18.46428284137087,0,0.9624116114625979,0.9372906587272056,False,False,False,False,0.34282824761413033,0.3284200592120263,False,False,False,False,616.0,200.84534602320116,False,False,False,False,36.51059909477404,False,False,False,False
2024-08-28 17:00:00+00:00,49.6,49.6,49.6,49.6,0.0,,,,,,,,,,,,,,,,,,,,,,45.26953157349896,,"rgba(38, 166, 154, 1.0)",0.0,0.0,2.4851180804689728,44.34608312675448,2.114151804108255,0.0,0.0,0.0,0.0,0.0,0.0,0.0,0.0,74.15278122865476,16.642933487508202,True,False,True,False,True,18.46428284137087,0,0.9540379605508003,0.9372906587272056,False,False,False,False,0.34282824761413033,0.33562415341307833,False,False,False,False,616.0,207.28185228640731,False,False,False,False,35.94454329485506,False,False,False,False
2024-08-29 17:00:00+00:00,49.865,50.02,49.84,49.97,123.0,,,,,,,,,,,,,,,,,,,,,,45.549277372262765,,"rgba(38, 166, 154, 1.0)",0.0,0.0,2.5669936898254186,45.029208072485275,1.924738633794907,0.0,0.0,0.0,0.0,0.0,0.0,0.0,0.0,75.96491486129872,18.62809123451919,True,False,True,False,True,19.399781709493322,0,0.9543943870014773,0.9344534711964555,False,False,False,False,0.34282824781416754,0.33922620061362296,False,False,False,False,739.0,215.52554449902115,False,False,False,False,37.2942402980356,False,False,False,False
2024-08-30 17:00:00+00:00,49.84,49.84,49.84,49.84,0.0,,,,,,,,,,,,,,,,,,,,,,45.549277372262765,,"rgba(38, 166, 154, 1.0)",0.0,0.0,2.641417219586455,45.029208072485275,1.8212919533658203,0.0,0.0,0.0,0.0,0.0,0.0,0.0,0.0,76.31994212730507,19.351824152190986,True,False,True,False,True,18.84306010585355,0,0.9521090440228405,0.9355314054153626,False,False,False,False,0.3368986996671311,0.33806245014037706,False,False,False,False,739.0,223.64142753004407,False,False,False,False,36.71603502209706,False,False,False,False
2024-09-02 17:00:00+00:00,49.84,49.84,49.84,49.84,0.0,,,,,,,,,,,,,,,,,,,,,,45.549277372262765,,"rgba(38, 166, 154, 1.0)",0.0,0.0,2.711941904225051,45.029208072485275,1.7739288293822917,0.0,0.0,0.0,0.0,0.0,0.0,0.0,0.0,76.5566269713093,20.079536847865242,True,False,True,False,True,18.84306010585355,0,0.951958610495196,0.9384700665188476,False,False,False,False,0.3368986996671311,0.33748057490375405,False,False,False,False,739.0,231.63148291717516,False,False,False,False,36.14679416904129,False,False,False,False
2024-09-03 17:00:00+00:00,49.84,49.84,47.81,47.81,68.0,,,,,,,,,,,,,,,,,,,,,,45.64336238027948,,"rgba(239, 83, 80, 1.0)",0.0,0.0,2.7373054532046748,45.080544254446934,0.9971323230871378,0.0,0.0,0.0,0.0,0.0,0.0,0.0,0.0,66.73747476483825,23.623138678922842,True,False,True,False,False,10.631922797808024,0,0.9145146927871775,0.9406945681211047,False,False,False,False,0.2714784452708289,0.30447951008729146,False,False,False,False,671.0,238.44339791070732,False,False,False,False,36.64064232145926,False,False,False,False
2024-09-04 17:00:00+00:00,47.81,47.81,47.81,47.81,0.0,,,,,,,,,,,,,,,,,,,,,,45.64336238027948,,"rgba(239, 83, 80, 1.0)",0.0,0.0,2.7614331097855187,45.080544254446934,0.9884200112908277,0.0,0.0,0.0,0.0,0.0,0.0,0.0,0.0,60.191373293857566,17.717708024486768,False,False,True,False,False,10.631922797808024,0,0.9145961350075699,0.9768456674681634,False,False,False,False,0.20825340015853827,0.2563664551229149,False,False,False,False,671.0,245.14970181906844,False,False,False,False,36.07257034748315,False,False,False,False
2024-09-05 17:00:00+00:00,47.645,47.645,47.19,47.19,100.0,,,,,,,,,,,,,,,,,,,,,,45.71975933423302,,"rgba(239, 83, 80, 1.0)",0.0,0.0,2.7761850598413615,45.102521291888635,0.7519234716401242,0.0,0.0,0.0,0.0,0.0,0.0,0.0,0.0,53.77718451336433,12.053914055406253,False,True,False,False,False,8.31366934177807,0,0.9075134325728883,0.9770104818109757,False,False,False,False,0.18426336984832212,0.22031491248561852,False,False,False,False,571.0,250.20164442652475,False,False,False,False,37.06369328783225,False,False,False,False
2024-09-06 17:00:00+00:00,47.19,47.19,47.19,47.19,0.0,,,,,,,,,,,,,,,,,,,,,,45.71975933423302,,"rgba(239, 83, 80, 1.0)",0.0,0.0,2.790806940362997,45.102521291888635,0.7479839174542996,0.0,0.0,0.0,0.0,0.0,0.0,0.0,0.0,49.501058659702174,8.354584284732766,False,True,False,True,False,8.31366934177807,0,0.9075134325728883,0.9850259843213255,False,False,False,False,0.17045542535737163,0.19538516892149507,False,False,False,False,571.0,255.17526234239259,False,False,False,False,36.48906238414493,False,False,False,False
2024-09-09 17:00:00+00:00,47.19,47.245,47.08,47.1,10.0,,,,,,,,,,,,,,,,,,,,,,45.72612703388565,,"rgba(239, 83, 80, 1.0)",0.0,0.0,2.803966635302886,45.104896984306556,0.711528800155617,0.0,0.0,0.0,0.0,0.0,0.0,0.0,0.0,46.33051626371966,5.516104596460032,False,True,False,True,False,7.974148302333052,0,0.9058492886000352,0.984103284735641,False,False,False,False,0.16879078692965335,0.1820879779255742,False,False,False,False,561.0,259.9167311432857,False,False,False,False,36.07837924640625,False,False,False,False
2024-09-10 17:00:00+00:00,46.5,47.24,46.46,47.24,79.0,,,,,,,,,,,,,,,,,,,,,,45.768971309111876,,"rgba(239, 83, 80, 1.0)",0.0,0.0,2.8183158586785786,45.33236519766635,0.6768704779698059,0.0,0.0,0.0,0.0,0.0,0.0,0.0,0.0,45.004666918995895,4.167936785833291,False,True,False,True,False,8.404924792827934,0,0.8963784439438574,0.9844047825333571,False,False,False,False,0.14993709775834665,0.16601253784196043,False,False,False,False,640.0,265.80949500152934,False,False,False,False,36.74383073095809,False,False,False,False
2024-09-11 17:00:00+00:00,47.24,47.24,47.24,47.24,0.0,,,,,,,,,,,,,,,,,,,,,,45.768971309111876,,"rgba(239, 83, 80, 1.0)",0.0,0.0,2.83221984532489,45.33236519766635,0.6735475727573065,0.0,0.0,0.0,0.0,0.0,0.0,0.0,0.0,44.12076735584672,2.991612566147637,False,True,False,True,False,8.404924792827934,0,0.9169649873395619,0.9842835938182142,False,False,False,False,0.17348444610527103,0.16974849197361574,False,False,False,False,640.0,271.6108981798002,False,False,False,False,36.17415893667967,False,False,False,False
2024-09-12 17:00:00+00:00,47.24,47.24,47.24,47.24,0.0,,,,,,,,,,,,,,,,,,,,,,45.768971309111876,,"rgba(239, 83, 80, 1.0)",0.0,0.0,2.834377563270472,45.33236519766635,0.6730348232549908,0.0,0.0,0.0,0.0,0.0,0.0,0.0,0.0,43.53150098041394,1.9192872396627365,False,True,False,True,False,8.404924792827934,0,0.9188195113407481,0.9773185042473077,False,False,False,False,0.17348444610527103,0.1716164690394434,False,False,False,False,640.0,277.32235712274905,False,False,False,False,35.61331926324277,False,False,False,False
2024-09-13 17:00:00+00:00,47.24,49.23,47.24,49.23,25.0,,,,,,,,,,,,,,,,,,,,,,45.798899586364286,,"rgba(38, 166, 154, 1.0)",0.0,0.0,2.8659462959328206,45.38246235440522,1.3425016550571698,0.0,0.0,0.0,0.0,0.0,0.0,0.0,0.0,51.66177901422128,1.9192872396627365,False,True,True,False,True,14.296979464161662,0,0.9215536938309218,0.9415249217229421,False,False,False,False,0.23450002918264126,0.2030582491110423,False,False,False,False,665.0,283.3328632138692,False,False,False,False,35.44877167776614,False,False,False,False
2024-09-16 17:00:00+00:00,49.23,49.23,49.23,49.23,0.0,,,,,,,,,,,,,,,,,,,,,,45.798899586364286,,"rgba(38, 166, 154, 1.0)",0.0,0.0,2.89452605932439,45.38246235440522,1.3292461586933608,0.0,0.0,0.0,0.0,0.0,0.0,0.0,0.0,57.08196437009285,-1.7817027733130573,False,False,True,False,True,14.296979464161673,0,0.9552339849369554,0.9415249217229421,False,False,False,False,0.2972822384730161,0.25017024379202923,False,False,False,False,665.0,289.25018316404174,False,False,False,False,34.89917831842093,False,False,False,False
2024-09-17 17:00:00+00:00,50.38,50.38,50.2,50.26,101.0,,,,,,,,,,,,,,,,,,,,,,45.98453992343451,,"rgba(38, 166, 154, 1.0)",0.0,0.0,2.9419159703459328,45.65269658408514,1.566089399682308,0.0,0.0,0.0,0.0,0.0,0.0,0.0,0.0,63.10275511539599,3.7947413369114287,True,False,True,False,True,17.059702639873795,0,0.9545961720024034,0.9480731267702349,False,False,False,False,0.342828248019387,0.2964992459057081,False,False,False,False,766.0,296.64165319250617,False,False,False,False,35.923997259220606,False,False,False,False
2024-09-18 17:00:00+00:00,50.26,50.26,50.26,50.26,0.0,,,,,,,,,,,,,,,,,,,,,,45.98453992343451,,"rgba(38, 166, 154, 1.0)",0.0,0.0,2.9851158442518564,45.65269658408514,1.5434253329855478,0.0,0.0,0.0,0.0,0.0,0.0,0.0,0.0,67.11661561226475,7.495154488782347,True,False,True,False,True,17.059702639873795,0,0.9556261265127458,0.9396618316024382,False,False,False,False,0.3409106578099502,0.31870495185782916,False,False,False,False,766.0,303.9185267864208,False,False,False,False,35.36703606140323,False,False,False,False
2024-09-19 17:00:00+00:00,51.71,51.75,51.71,51.75,11.0,,,,,,,,,,,,,,,,,,,,,,46.01037634408602,,"rgba(38, 166, 154, 1.0)",0.0,0.0,3.0571526630846013,45.687633304796236,1.9830107826826568,0.0,0.0,0.0,0.0,0.0,0.0,0.0,0.0,72.21085806653414,12.264224841765483,True,False,True,False,True,20.0,0,0.9567327809858567,0.9404971127290994,False,False,False,False,0.34282824872677936,0.33076660029230426,False,False,False,False,777.0,311.2531232703522,False,False,False,False,34.98925255657527,False,False,False,False
2024-09-20 17:00:00+00:00,51.75,51.75,51.75,51.75,0.0,,,,,,,,,,,,,,,,,,,,,,46.01037634408602,,"rgba(38, 166, 154, 1.0)",0.0,0.0,3.110773350444821,45.687633304796236,1.9488294427933437,0.0,0.0,0.0,0.0,0.0,0.0,0.0,0.0,75.60701970271373,15.510525498494644,True,False,True,False,True,20.0,0,0.9574022930789188,0.9404971127290994,False,False,False,False,0.3428282487355043,0.33679742451390426,False,False,False,False,777.0,318.4740050801142,False,False,False,False,34.44678352469038,False,False,False,False
2024-09-23 17:00:00+00:00,52.46,52.55,52.46,52.55,1.0,,,,,,,,,,,,,,,,,,,,,,46.01303333333333,,"rgba(38, 166, 154, 1.0)",0.0,0.0,3.1796934168603546,45.69132960186618,2.157022548704115,0.0,0.0,0.0,0.0,0.0,0.0,0.0,0.0,78.84218948123694,18.730127040486025,True,False,True,False,True,20.0,0,0.9579651498885128,0.9397968453216623,False,False,False,False,0.34282824904636444,0.33981283678013435,False,False,False,False,778.0,325.59843910987985,False,False,False,False,33.92822874136184,False,False,False,False
2024-09-24 17:00:00+00:00,52.83,53.055,52.805,52.88,789.0,,,,,,,,,,,,,,,,,,,,,,47.693902953586495,,"rgba(38, 166, 154, 1.0)",0.0,0.0,3.240826864515538,47.41492451348489,1.6863213355681899,0.0,0.0,0.0,0.0,0.0,0.0,0.0,0.0,81.34819217679163,21.380048292734912,True,False,True,False,True,20.0,0,0.9666749154499712,0.9357419780582371,False,False,False,False,0.34282824920683125,0.3413205429934828,False,False,False,False,1567.0,344.84497493763365,False,False,False,False,45.63476783064306,False,False,False,False
2024-09-25 17:00:00+00:00,52.275,52.29,52.2,52.29,55.0,,,,,,,,,,,,,,,,,,,,,,47.77014318963772,,"rgba(38, 166, 154, 1.0)",0.0,0.0,3.2965629206932987,47.48091439610052,1.4588180840449663,0.0,0.0,0.0,0.0,0.0,0.0,0.0,0.0,79.40697268470397,21.380048292734912,True,False,True,False,True,20.0,0,0.9643527204502815,0.9322130679500782,False,False,False,False,0.30755015786624984,0.3244353504298663,False,False,False,False,1512.0,362.9404016827866,False,False,False,False,45.77996522861758,False,False,False,False
2024-09-26 17:00:00+00:00,52.29,52.29,52.29,52.29,0.0,,,,,,,,,,,,,,,,,,,,,,47.77014318963772,,"rgba(38, 166, 154, 1.0)",0.0,0.0,3.32466967403399,47.48091439610052,1.4464852377542725,0.0,0.0,0.0,0.0,0.0,0.0,0.0,0.0,78.11282635664554,21.380048292734912,True,False,True,False,True,20.0,0,0.9669612620797885,0.9313620219707613,False,False,False,False,0.30984420089432707,0.3171397756620967,False,False,False,False,1512.0,380.7552791760767,False,False,False,False,45.07019832584831,False,False,False,False
2024-09-27 17:00:00+00:00,52.29,52.29,52.29,52.29,0.0,,,,,,,,,,,,,,,,,,,,,,47.77014318963772,,"rgba(38, 166, 154, 1.0)",0.0,0.0,3.344454879564273,47.48091439610052,1.4379280860640644,0.0,0.0,0.0,0.0,0.0,0.0,0.0,0.0,77.25006213793992,21.380048292734912,True,False,True,False,False,20.0,0,0.968061027747506,0.930337832173695,False,False,False,False,0.30984420089432707,0.3134919882782119,False,False,False,False,1512.0,398.2939570183081,False,False,False,False,44.37143556110647,False,False,False,False
2024-09-30 17:00:00+00:00,52.29,53.15,52.29,53.09,195.0,,,,,,,,,,,,,,,,,,,,,,48.05368348141779,,"rgba(38, 166, 154, 1.0)",0.0,0.0,3.372097684349109,48.204934640151166,1.4486725525544097,0.0,0.0,0.0,0.0,0.0,0.0,0.0,0.0,78.26578749411361,21.380048292734912,True,False,True,False,False,20.0,0,0.9681651069518716,0.9161931818181825,False,False,False,False,0.33192917515055176,0.32271058171438183,False,False,False,False,1707.0,418.5839731885669,False,False,False,False,46.706762141554435,False,False,False,False
2024-10-01 17:00:00+00:00,53.09,53.09,53.09,53.09,0.0,,,,,,,,,,,,,,,,,,,,,,48.05368348141779,,"rgba(38, 166, 154, 1.0)",0.0,0.0,3.3997857643156095,48.204934640151166,1.4368744675393454,0.0,0.0,0.0,0.0,0.0,0.0,0.0,0.0,78.94293773156274,21.540367155647445,True,False,True,False,False,20.0,0,0.981523284006354,0.9171473957027011,False,False,False,False,0.3428282492647846,0.3327694154895832,False,False,False,False,1707.0,438.55941546471314,False,False,False,False,45.98262629439855,False,False,False,False
2024-10-02 17:00:00+00:00,52.81,52.81,52.72,52.72,300.0,,,,,,,,,,,,,,,,,,,,,,48.42552168558107,,"rgba(38, 166, 154, 1.0)",0.0,0.0,3.410706641268437,48.51071369434206,1.2341390651212714,0.0,0.0,0.0,0.0,0.0,0.0,0.0,0.0,76.65223729926487,21.540367155647445,True,False,True,False,False,20.0,0,0.99251156920488,0.9166175851914183,False,False,False,False,0.326179192495787,0.32947430399268507,False,False,False,False,1407.0,453.57399817068654,False,False,False,False,49.92088015029935,False,False,False,False
2024-10-03 17:00:00+00:00,52.72,52.72,52.72,52.72,0.0,,,,,,,,,,,,,,,,,,,,,,48.42552168558107,,"rgba(38, 166, 154, 1.0)",0.0,0.0,3.4073010811575606,48.51071369434206,1.23537257359949,0.0,0.0,0.0,0.0,0.0,0.0,0.0,0.0,75.12510367773295,21.540367155647445,True,False,True,False,False,20.0,0,0.9924614602744367,0.9176689818736242,False,False,False,False,0.3238878306057849,0.32668106729923496,False,False,False,False,1407.0,468.3557966486604,False,False,False,False,49.146913016186176,False,False,False,False
2024-10-04 17:00:00+00:00,53.02,53.02,53.02,53.02,0.0,,,,,,,,,,,,,,,,,,,,,,48.42552168558107,,"rgba(38, 166, 154, 1.0)",0.0,0.0,3.4032826297058376,48.51071369434206,1.3249814359519427,0.0,0.0,0.0,0.0,0.0,0.0,0.0,0.0,74.99265312837188,21.540367155647445,True,False,True,False,False,20.0,0,0.9918512859689331,0.9230116288939825,False,False,False,False,0.33922709184568556,0.33295407957246026,False,False,False,False,1407.0,482.9084199564331,False,False,False,False,48.38494537252437,False,False,False,False
2024-10-07 17:00:00+00:00,53.02,53.02,53.02,53.02,0.0,,,,,,,,,,,,,,,,,,,,,,48.42552168558107,,"rgba(38, 166, 154, 1.0)",0.0,0.0,3.4024544572019115,48.51071369434206,1.3253039423094182,0.0,0.0,0.0,0.0,0.0,0.0,0.0,0.0,74.90435276213117,21.540367155647445,True,False,True,False,False,20.0,0,0.9863339275103981,0.9230116288939825,False,False,False,False,0.33922709184568556,0.3360905857090729,False,False,False,False,1407.0,497.2354211974186,False,False,False,False,47.63479118070229,False,False,False,False
2024-10-08 17:00:00+00:00,53.02,53.02,53.02,53.02,0.0,,,,,,,,,,,,,,,,,,,,,,48.42552168558107,,"rgba(38, 166, 154, 1.0)",0.0,0.0,3.3952660167244835,48.51071369434206,1.3281098692844664,0.0,0.0,0.0,0.0,0.0,0.0,0.0,0.0,74.84548585130403,21.540367155647445,True,False,True,False,False,20.0,0,1.0116663764582972,0.9210343026292885,False,False,False,False,0.33922709184568556,0.33765883877737923,False,False,False,False,1407.0,511.34029838815627,False,False,False,False,46.89626728642783,False,False,False,False
2024-10-09 17:00:00+00:00,52.93,52.93,52.86,52.86,7.0,,,,,,,,,,,,,,,,,,,,,,48.43374209694415,,"rgba(38, 166, 154, 1.0)",0.0,0.0,3.364541141090402,48.51768937144925,1.2906100554155997,0.0,0.0,0.0,0.0,0.0,0.0,0.0,0.0,73.12803670610973,21.540367155647445,True,False,True,False,False,20.0,0,1.017788293024886,0.8966876971608838,False,False,False,False,0.33281740587218106,0.3352381223247801,False,False,False,False,1400.0,525.1179681805879,False,False,False,False,46.27772050679329,False,False,False,False
2024-10-10 17:00:00+00:00,52.86,53.17,52.86,53.17,14.0,,,,,,,,,,,,,,,,,,,,,,48.45076596675415,,"rgba(38, 166, 154, 1.0)",0.0,0.0,3.3513938702983994,48.53256203527715,1.3837340951840864,0.0,0.0,0.0,0.0,0.0,0.0,0.0,0.0,73.27664370932928,21.540367155647445,True,False,True,False,False,20.0,0,1.017702973750763,0.8849742740036632,False,False,False,False,0.33897019133879724,0.3371041568317887,False,False,False,False,1414.0,538.8990849529819,False,False,False,False,45.77729073149416,False,False,False,False
2024-10-11 17:00:00+00:00,53.17,53.17,53.17,53.17,0.0,,,,,,,,,,,,,,,,,,,,,,48.45076596675415,,"rgba(38, 166, 154, 1.0)",0.0,0.0,3.32670723900584,48.53256203527715,1.394002426888851,0.0,0.0,0.0,0.0,0.0,0.0,0.0,0.0,73.37571504480897,21.540367155647445,True,False,True,False,False,20.0,0,1.0312939521800282,0.8840541490857952,False,False,False,False,0.3428282492932804,0.33996620306253456,False,False,False,False,1414.0,552.4665410002225,False,False,False,False,45.06756529379658,False,False,False,False
2024-10-14 17:00:00+00:00,53.545,53.82,53.545,53.82,100.0,,,,,,,,,,,,,,,,,,,,,,48.58574211423699,,"rgba(38, 166, 154, 1.0)",0.0,0.0,3.316483127249878,48.659120367327915,1.5561302242932358,0.0,0.0,0.0,0.0,0.0,0.0,0.0,0.0,75.67584582550762,22.234049024420926,True,False,True,False,True,20.0,0,1.0309403789327307,0.8726751260212069,False,False,False,False,0.34282824946860746,0.341397226265571,False,False,False,False,1514.0,567.3740364885912,False,False,False,False,45.91923094815632,False,False,False,False
2024-10-15 17:00:00+00:00,53.6,53.64,53.6,53.64,1.0,,,,,,,,,,,,,,,,,,,,,,48.587031023608624,,"rgba(38, 166, 154, 1.0)",0.0,0.0,3.2880727083102843,48.66030210247477,1.5144731699331115,0.0,0.0,0.0,0.0,0.0,0.0,0.0,0.0,75.24980418672682,22.234049024420926,True,False,True,False,True,20.0,0,1.0286580086580086,0.8731601731601737,False,False,False,False,0.3397396493034473,0.3405684377845092,False,False,False,False,1513.0,582.0349041399309,False,False,False,False,45.22280876291358,False,False,False,False
2024-10-16 17:00:00+00:00,54.49,54.85,54.49,54.84,261.0,,,,,,,,,,,,,,,,,,,,,,48.971126158517094,,"rgba(38, 166, 154, 1.0)",0.0,0.0,3.3195836287806118,49.0340024124703,1.7490138031745956,0.0,0.0,0.0,0.0,0.0,0.0,0.0,0.0,77.99117131637996,24.749534477704188,True,False,True,False,True,20.0,0,1.028748303934871,0.8696573948439625,False,False,False,False,0.34282824962769115,0.3416983437061002,False,False,False,False,1774.0,600.5149831455133,False,False,False,False,48.568191572790894,False,False,False,False
2024-10-17 17:00:00+00:00,55.32,55.38,55.23,55.38,197.0,,,,,,,,,,,,,,,,,,,,,,49.257850385290304,,"rgba(38, 166, 154, 1.0)",0.0,0.0,3.3576270913674233,49.834573893981315,1.6515908274257651,0.0,0.0,0.0,0.0,0.0,0.0,0.0,0.0,80.65695804178576,27.271860458726323,True,False,True,False,True,20.0,0,1.0349453178400547,0.8826896787423107,False,False,False,False,0.3428282496721495,0.3422632966891248,False,False,False,False,1971.0,621.7628128641875,False,False,False,False,50.869459920499565,False,False,False,False
2024-10-18 17:00:00+00:00,55.38,55.38,55.38,55.38,0.0,,,,,,,,,,,,,,,,,,,,,,49.257850385290304,,"rgba(38, 166, 154, 1.0)",0.0,0.0,3.387101044623006,49.834573893981315,1.6372189766295884,0.0,0.0,0.0,0.0,0.0,0.0,0.0,0.0,82.43414919205628,28.914921520886622,True,False,True,False,True,20.0,0,1.020762132604238,0.8826896787423107,False,False,False,False,0.3428282495297897,0.3425457731094572,False,False,False,False,1971.0,642.6812188662931,False,False,False,False,50.080786123282515,False,False,False,False
2024-10-21 17:00:00+00:00,55.38,55.38,55.38,55.38,0.0,,,,,,,,,,,,,,,,,,,,,,49.257850385290304,,"rgba(38, 166, 154, 1.0)",0.0,0.0,3.3938282949340937,49.834573893981315,1.633973679309659,0.0,0.0,0.0,0.0,0.0,0.0,0.0,0.0,83.61894329223664,30.03616206150518,True,False,True,False,True,20.0,0,1.021046249783475,0.8866274034297598,False,False,False,False,0.3428282495297897,0.3426870113196234,False,False,False,False,1971.0,663.275308496273,False,False,False,False,49.304339826797516,False,False,False,False
2024-10-22 17:00:00+00:00,54.35,54.44,54.35,54.38,130.0,,,,,,,,,,,,,,,,,,,,,,49.406145439727354,,"rgba(239, 83, 80, 1.0)",0.0,0.0,3.368178159942979,50.845553729667515,1.0493644048782513,0.0,0.0,0.0,0.0,0.0,0.0,0.0,0.0,76.20180695658536,30.423664849772223,True,False,True,False,False,20.0,0,1.013699795779442,0.888614703880191,False,False,False,False,0.2954218475174872,0.31905442941855533,False,False,False,False,1841.0,681.5346060389664,False,False,False,False,50.55543533335879,False,False,False,False
2024-10-23 17:00:00+00:00,54.38,54.38,54.38,54.38,0.0,,,,,,,,,,,,,,,,,,,,,,49.406145439727354,,"rgba(239, 83, 80, 1.0)",0.0,0.0,3.3733676025570847,50.845553729667515,1.0477501081273508,0.0,0.0,0.0,0.0,0.0,0.0,0.0,0.0,71.25704939948452,26.213517796625453,True,False,True,False,False,20.0,0,1.0142954973463452,0.8949666153055987,False,False,False,False,0.2947102881267028,0.30688235877262904,False,False,False,False,1841.0,699.5108136972771,False,False,False,False,49.771630134391984,False,False,False,False
2024-10-24 17:00:00+00:00,54.63,54.63,54.63,54.63,0.0,,,,,,,,,,,,,,,,,,,,,,49.406145439727354,,"rgba(239, 83, 80, 1.0)",0.0,0.0,3.3780522627824805,50.845553729667515,1.1203042392290472,0.0,0.0,0.0,0.0,0.0,0.0,0.0,0.0,69.03028215223011,24.481319260741472,False,False,True,False,False,20.0,0,1.0082736267485501,0.8960252473558517,False,False,False,False,0.30660816401230234,0.3067452613924657,False,False,False,False,1841.0,717.2083204616604,False,False,False,False,48.99997695401381,False,False,False,False
2024-10-25 17:00:00+00:00,53.79,53.79,53.21,53.39,51.0,,,,,,,,,,,,,,,,,,,,,,49.45162161172161,,"rgba(239, 83, 80, 1.0)",0.0,0.0,3.3539021740045634,51.22279843099622,0.6461731608635854,0.0,0.0,0.0,0.0,0.0,0.0,0.0,0.0,60.7281497011016,17.10788254566242,False,True,True,False,False,16.994393339711976,0,1.0100320350699716,0.8972348676445797,False,False,False,False,0.25344367837079135,0.28009446988162856,False,False,False,False,1790.0,733.8407496017896,False,False,False,False,49.0309850632539,False,False,False,False
2024-10-28 17:00:00+00:00,54.435,54.67,54.435,54.67,1.0,,,,,,,,,,,,,,,,,,,,,,49.45275104372666,,"rgba(239, 83, 80, 1.0)",0.0,0.0,3.34806669640904,51.22519042565336,1.0288951465755936,0.0,0.0,0.0,0.0,0.0,0.0,0.0,0.0,60.20179704294786,16.973341110613276,False,True,True,False,False,20.0,0,1.0128078003635765,0.8793587836721207,False,False,False,False,0.30291095491509307,0.2915027123983608,False,False,False,False,1791.0,750.2308154994363,False,False,False,False,48.286318628164686,False,False,False,False
2024-10-29 17:00:00+00:00,54.67,54.67,54.67,54.67,0.0,,,,,,,,,,,,,,,,,,,,,,49.45275104372666,,"rgba(239, 83, 80, 1.0)",0.0,0.0,3.388601379080467,51.22519042565336,1.0165874320931274,0.0,0.0,0.0,0.0,0.0,0.0,0.0,0.0,59.85089527084536,16.637426935801344,False,True,True,False,False,20.0,0,1.0166914559576932,0.8793587836721207,False,False,False,False,0.3085195804714808,0.3000111464349208,False,False,False,False,1791.0,766.3667718482823,False,False,False,False,47.53769353315438,False,False,False,False
2024-10-30 17:00:00+00:00,54.67,54.67,54.67,54.67,0.0,,,,,,,,,,,,,,,,,,,,,,49.45275104372666,,"rgba(239, 83, 80, 1.0)",0.0,0.0,3.4224461932871466,51.22519042565336,1.00653432655957,0.0,0.0,0.0,0.0,0.0,0.0,0.0,0.0,59.616960756110366,16.165016668207585,False,True,True,False,False,20.0,0,1.0166914559576932,0.8793587836721207,False,False,False,False,0.30730224522261984,0.3036566958287703,False,False,False,False,1791.0,782.2525583312547,False,False,False,False,46.80067502876439,False,False,False,False
2024-10-31 17:00:00+00:00,54.67,54.67,54.67,54.67,0.0,,,,,,,,,,,,,,,,,,,,,,49.45275104372666,,"rgba(239, 83, 80, 1.0)",0.0,0.0,3.4528549774780912,51.22519042565336,0.9976699272967077,0.0,0.0,0.0,0.0,0.0,0.0,0.0,0.0,59.4610044129537,15.610109241053081,False,True,True,False,False,20.0,0,1.01759888482314,0.9271650113260155,False,False,False,False,0.30730224522261984,0.3054794705256951,False,False,False,False,1791.0,797.8920535509252,False,False,False,False,46.075083167853315,False,False,False,False
2024-11-01 17:00:00+00:00,54.67,54.67,54.67,54.67,0.0,,,,,,,,,,,,,,,,,,,,,,49.45275104372666,,"rgba(239, 83, 80, 1.0)",0.0,0.0,3.4716234162339497,51.22519042565336,0.9922762815339012,0.0,0.0,0.0,0.0,0.0,0.0,0.0,0.0,59.35703351751592,15.01524254827649,False,True,True,False,False,20.0,0,0.9633526214273191,0.932667017359285,False,False,False,False,0.30730224522261984,0.30639085787415743,False,False,False,False,1791.0,813.2890759764923,False,False,False,False,45.360740793157916,False,False,False,False
2024-11-04 17:00:00+00:00,54.67,54.67,54.67,54.67,0.0,,,,,,,,,,,,,,,,,,,,,,49.45275104372666,,"rgba(239, 83, 80, 1.0)",0.0,0.0,3.48668545591199,51.22519042565336,0.9879897736417997,0.0,0.0,0.0,0.0,0.0,0.0,0.0,0.0,59.287719587224075,14.412358339486559,False,True,True,False,False,20.0,0,0.9570401543047521,0.932667017359285,False,False,False,False,0.30730224522261984,0.30684655154838864,False,False,False,False,1791.0,828.4473848760816,False,False,False,False,44.65747349403919,False,False,False,False
2024-11-05 17:00:00+00:00,54.67,54.67,54.67,54.67,0.0,,,,,,,,,,,,,,,,,,,,,,49.45275104372666,,"rgba(239, 83, 80, 1.0)",0.0,0.0,3.5095725555289854,51.22519042565336,0.9815467609922139,0.0,0.0,0.0,0.0,0.0,0.0,0.0,0.0,59.24151030036283,13.824299452982174,False,True,True,False,False,20.0,0,0.9570401543047521,0.932667017359285,False,False,False,False,0.30730224522261984,0.3070743983855042,False,False,False,False,1791.0,843.370681234592,False,False,False,False,43.96510956389904,False,False,False,False
2024-11-06 17:00:00+00:00,56.01,57.07,56.01,57.07,203.0,,,,,,,,,,,,,,,,,,,,,,49.76292665825271,,"rgba(38, 166, 154, 1.0)",0.0,0.0,3.5626905158477413,51.8331953225544,1.4699016527399662,0.0,0.0,0.0,0.0,0.0,0.0,0.0,0.0,66.49392907144836,11.71599335159685,False,False,True,False,True,20.0,0,0.9585027100271005,0.9170054200542009,False,False,False,False,0.3428282497262036,0.3249513240558539,False,False,False,False,1994.0,861.209895479017,False,False,False,False,46.430766779962624,False,False,False,False
2024-11-07 17:00:00+00:00,57.145,57.73,57.145,57.73,2.0,,,,,,,,,,,,,,,,,,,,,,49.76619498177741,,"rgba(38, 166, 154, 1.0)",0.0,0.0,3.625903518341884,51.83819291490923,1.6249210866441024,0.0,0.0,0.0,0.0,0.0,0.0,0.0,0.0,72.22813767959548,16.94300472469473,True,False,True,False,True,20.0,0,0.9767169179229483,0.908123953098828,False,False,False,False,0.3428282499783255,0.3338897870170897,False,False,False,False,1996.0,878.80354051035,False,False,False,False,45.74191768259886,False,False,False,False
2024-11-08 17:00:00+00:00,57.165,57.18,57.07,57.18,63.0,,,,,,,,,,,,,,,,,,,,,,49.86263816836136,,"rgba(38, 166, 154, 1.0)",0.0,0.0,3.6874172068885,51.96299297837176,1.4148133310986073,0.0,0.0,0.0,0.0,0.0,0.0,0.0,0.0,72.77366627142786,17.320779545108394,True,False,True,False,True,20.0,0,0.9663071649527634,0.9175654209514259,False,False,False,False,0.3290246925429596,0.3314572397800246,False,False,False,False,1933.0,895.1476716652282,False,False,False,False,46.0094848503105,False,False,False,False
2024-11-11 17:00:00+00:00,58.735,59.005,58.585,58.815,663.0,,,,,,,,,,,,,,,,,,,,,,50.943735558798494,,"rgba(38, 166, 154, 1.0)",0.0,0.0,3.7891257138917154,53.86220615955962,1.3071072892309739,0.0,0.0,0.0,0.0,0.0,0.0,0.0,0.0,75.59451385137157,19.97029542240253,True,False,True,False,True,20.0,0,0.9600843744929419,0.9131916274541624,False,False,False,False,0.3428282503120276,0.33714274504602615,False,False,False,False,2596.0,921.5174752053022,False,False,False,False,55.57522927123592,False,False,False,False
2024-11-12 17:00:00+00:00,57.935,58.09,57.67,58.0,188.0,,,,,,,,,,,,,,,,,,,,,,51.17504732510289,,"rgba(38, 166, 154, 1.0)",0.0,0.0,3.864342446075434,54.00962854794838,1.0326133120278143,0.0,0.0,0.0,0.0,0.0,0.0,0.0,0.0,73.77699383367646,19.97029542240253,True,False,True,False,True,20.0,0,0.9502280547331362,0.9174201808434029,False,False,False,False,0.3057249357972674,0.3214338404216468,False,False,False,False,2408.0,944.5637158997936,False,False,False,False,57.62832649183691,False,False,False,False
2024-11-13 17:00:00+00:00,58.0,58.0,58.0,58.0,0.0,,,,,,,,,,,,,,,,,,,,,,51.17504732510289,,"rgba(38, 166, 154, 1.0)",0.0,0.0,3.9409005670378194,54.00962854794838,1.0125531928989988,0.0,0.0,0.0,0.0,0.0,0.0,0.0,0.0,72.5653138218797,19.97029542240253,True,False,True,False,False,20.0,0,0.9657877709479135,0.9179877062439346,False,False,False,False,0.31054271456356225,0.3159882774926045,False,False,False,False,2408.0,967.252650537006,False,False,False,False,56.73486406560688,False,False,False,False
2024-11-14 17:00:00+00:00,58.0,58.0,58.0,58.0,0.0,,,,,,,,,,,,,,,,,,,,,,51.17504732510289,,"rgba(38, 166, 154, 1.0)",0.0,0.0,4.000365467538385,54.00962854794838,0.9975017243879679,0.0,0.0,0.0,0.0,0.0,0.0,0.0,0.0,71.75752714734853,19.97029542240253,False,False,True,False,False,20.0,0,0.9609349725008091,0.9120834681332908,False,False,False,False,0.31054271456356225,0.3132654960280834,False,False,False,False,2408.0,989.5898187457346,False,False,False,False,55.85525377001607,False,False,False,False
2024-11-15 17:00:00+00:00,58.0,58.0,58.0,58.0,0.0,,,,,,,,,,,,,,,,,,,,,,51.17504732510289,,"rgba(38, 166, 154, 1.0)",0.0,0.0,4.016707564368781,54.00962854794838,0.993443358299025,0.0,0.0,0.0,0.0,0.0,0.0,0.0,0.0,71.2190026976611,19.97029542240253,False,False,True,False,False,20.0,0,0.9609349725008091,0.9120834681332908,False,False,False,False,0.31054271456356225,0.3119041052958228,False,False,False,False,2408.0,1011.5806742690565,False,False,False,False,54.98928084334915,False,False,False,False
2024-11-18 17:00:00+00:00,58.0,58.0,58.0,58.0,0.0,,,,,,,,,,,,,,,,,,,,,,51.17504732510289,,"rgba(38, 166, 154, 1.0)",0.0,0.0,4.025736951168039,54.00962854794838,0.991215149040933,0.0,0.0,0.0,0.0,0.0,0.0,0.0,0.0,70.85998639786948,19.97029542240253,False,False,True,False,False,20.0,0,0.9648367711547834,0.9117264901737865,False,False,False,False,0.31054271456356225,0.31122340992969255,False,False,False,False,2408.0,1033.2305862958929,False,False,False,False,54.13673385352978,False,False,False,False
2024-11-19 17:00:00+00:00,56.715,56.89,56.715,56.82,66.0,,,,,,,,,,,,,,,,,,,,,,51.23986546954905,,"rgba(239, 83, 80, 1.0)",0.0,0.0,3.99137002602921,54.48684822124616,0.5845491055799101,0.0,0.0,0.0,0.0,0.0,0.0,0.0,0.0,64.47833994046326,19.50743607009052,False,True,True,False,False,19.983692383087998,0,0.9627714581178907,0.9095537347864137,False,False,False,False,0.2630478157012995,0.28713561281549604,False,False,False,False,2342.0,1053.521584957972,False,False,False,False,54.320660460451805,False,False,False,False
2024-11-20 17:00:00+00:00,56.82,56.82,56.82,56.82,0.0,,,,,,,,,,,,,,,,,,,,,,51.23986546954905,,"rgba(239, 83, 80, 1.0)",0.0,0.0,3.9499875447402792,54.48684822124616,0.5906731989220101,0.0,0.0,0.0,0.0,0.0,0.0,0.0,0.0,60.22390896885911,15.618788159256695,False,True,True,False,False,19.983692383087998,0,0.9641453437073877,0.91120558273843,False,False,False,False,0.2637331330370976,0.2754343729262968,False,False,False,False,2342.0,1073.4979944935071,False,False,False,False,53.478479678119214,False,False,False,False
2024-11-21 17:00:00+00:00,56.82,57.6,56.82,57.57,36.0,,,,,,,,,,,,,,,,,,,,,,51.27784967659968,,"rgba(239, 83, 80, 1.0)",0.0,0.0,3.9148403508920655,54.514652607907706,0.7804526157487058,0.0,0.0,0.0,0.0,0.0,0.0,0.0,0.0,60.19555867010341,15.61157888165367,False,True,True,False,False,20.0,0,0.9633209221262777,0.8999445456706018,False,False,False,False,0.2790702072527907,0.2772522900895438,False,False,False,False,2378.0,1093.7228317881813,False,False,False,False,53.2074954970631,False,False,False,False
2024-11-22 17:00:00+00:00,57.57,58.39,57.57,58.39,64.0,,,,,,,,,,,,,,,,,,,,,,51.35284698423578,,"rgba(239, 83, 80, 1.0)",0.0,0.0,3.895871224077399,54.58923122914315,0.9755889125305798,0.0,0.0,0.0,0.0,0.0,0.0,0.0,0.0,62.52413917971064,15.61157888165367,False,True,True,False,True,20.0,0,0.9755220145460236,0.8888715101274737,False,False,False,False,0.30973878619149,0.2934955381405169,False,False,False,False,2442.0,1114.6263537759614,False,False,False,False,53.37482114827142,False,False,False,False
2024-11-25 17:00:00+00:00,59.455,59.76,59.26,59.76,161.0,,,,,,,,,,,,,,,,,,,,,,51.574077316436004,,"rgba(38, 166, 154, 1.0)",0.0,0.0,3.8823858156578614,54.84960747133514,1.2647873657638538,0.0,0.0,0.0,0.0,0.0,0.0,0.0,0.0,66.80365136287888,11.128724747815532,False,True,True,False,True,20.0,0,0.9885919914248528,0.8835464359543683,False,False,False,False,0.34282825046837756,0.3181618943044472,False,False,False,False,2603.0,1137.7019141825356,False,False,False,False,55.043428572329226,False,False,False,False
2024-11-26 17:00:00+00:00,59.76,60.005,59.76,60.005,2.0,,,,,,,,,,,,,,,,,,,,,,51.57686086569985,,"rgba(38, 166, 154, 1.0)",0.0,0.0,3.868416164481448,54.85264516966824,1.3319029316543094,0.0,0.0,0.0,0.0,0.0,0.0,0.0,0.0,70.04887287210333,14.12975946993501,False,False,True,False,True,20.0,0,1.0293978562421189,0.8762610340479198,False,False,False,False,0.3428282505452038,0.3304950724248255,False,False,False,False,2605.0,1160.4507217145892,False,False,False,False,54.22104983477373,False,False,False,False
2024-11-27 17:00:00+00:00,60.795,61.45,60.795,61.45,310.0,,,,,,,,,,,,,,,,,,,,,,52.05126089713109,,"rgba(38, 166, 154, 1.0)",0.0,0.0,3.8830951340161053,55.404418477846065,1.5568976070646185,0.0,0.0,0.0,0.0,0.0,0.0,0.0,0.0,74.09416192981433,17.851004614214446,True,False,True,False,True,20.0,0,1.0325190722046702,0.8364028666101568,False,False,False,False,0.3428282507807104,0.33666166160276795,False,False,False,False,2915.0,1187.6530361066111,False,False,False,False,58.186614953614445,False,False,False,False
2024-11-28 17:00:00+00:00,61.45,61.45,61.45,61.45,0.0,,,,,,,,,,,,,,,,,,,,,,52.05126089713109,,"rgba(38, 166, 154, 1.0)",0.0,0.0,3.943811550968084,55.404418477846065,1.532928600675642,0.0,0.0,0.0,0.0,0.0,0.0,0.0,0.0,76.79102130162167,20.320516236868855,True,False,True,False,True,20.0,0,1.0426138552824231,0.8364028666101568,False,False,False,False,0.3428282508382018,0.33974495622048484,False,False,False,False,2915.0,1214.4336091902294,False,False,False,False,57.284496892318096,False,False,False,False
2024-11-29 17:00:00+00:00,61.46,61.46,61.185,61.37,28.0,,,,,,,,,,,,,,,,,,,,,,52.09229577612961,,"rgba(38, 166, 154, 1.0)",0.0,0.0,3.9847927794924574,55.447013090769104,1.4863977217870044,0.0,0.0,0.0,0.0,0.0,0.0,0.0,0.0,78.13468121237482,21.643127799678922,True,False,True,False,True,20.0,0,1.0383670963781466,0.8369398403928796,False,False,False,False,0.3382741538624426,0.3390095550414637,False,False,False,False,2887.0,1240.3648710632492,False,False,False,False,56.83047368468526,False,False,False,False
2024-12-02 17:00:00+00:00,61.37,61.73,61.37,61.72,32.0,,,,,,,,,,,,,,,,,,,,,,52.140099178311615,,"rgba(38, 166, 154, 1.0)",0.0,0.0,4.0339105197166685,56.199675648533606,1.3684796240483108,0.0,0.0,0.0,0.0,0.0,0.0,0.0,0.0,79.512805025256,23.129630425096252,True,False,True,False,True,20.0,0,1.0409798534798536,0.8337148962148966,False,False,False,False,0.34282825085539576,0.34091890294842975,False,False,False,False,2919.0,1266.3902218994779,False,False,False,False,56.44550510042657,False,False,False,False
2024-12-03 17:00:00+00:00,61.27,61.27,60.98,60.995,11.0,,,,,,,,,,,,,,,,,,,,,,52.15551567398119,,"rgba(38, 166, 154, 1.0)",0.0,0.0,4.048181170944861,56.20529329150611,1.1831749880344293,0.0,0.0,0.0,0.0,0.0,0.0,0.0,0.0,76.33071833755702,23.129630425096252,True,False,True,False,False,20.0,0,1.0375968403463467,0.8346498556888962,False,False,False,False,0.3277722885040055,0.33434559572621764,False,False,False,False,2908.0,1291.8415362886333,False,False,False,False,55.74092362600135,False,False,False,False
2024-12-04 17:00:00+00:00,60.7,60.71,60.535,60.71,30.0,,,,,,,,,,,,,,,,,,,,,,52.19527925117004,,"rgba(38, 166, 154, 1.0)",0.0,0.0,4.057833618530384,56.217188143746114,1.1071946951538734,0.0,0.0,0.0,0.0,0.0,0.0,0.0,0.0,72.76264074988765,29.236926916392548,True,False,True,False,False,20.0,0,1.045093850144972,0.8329009613917296,False,False,False,False,0.31015355054128035,0.322249573133749,False,False,False,False,2878.0,1316.4331403771816,False,False,False,False,55.34183953877652,False,False,False,False
2024-12-05 17:00:00+00:00,60.71,60.71,60.71,60.71,0.0,,,,,,,,,,,,,,,,,,,,,,52.19527925117004,,"rgba(38, 166, 154, 1.0)",0.0,0.0,4.062200455484718,56.217188143746114,1.1060044686341768,0.0,0.0,0.0,0.0,0.0,0.0,0.0,0.0,70.38392235810807,26.89956800295778,False,False,True,False,False,20.0,0,1.0477643827254695,0.8213032198992835,False,False,False,False,0.3132078252239519,0.3177286991788505,False,False,False,False,2878.0,1340.6434792860625,False,False,False,False,54.48382652267146,False,False,False,False
2024-12-06 17:00:00+00:00,59.99,59.99,59.665,59.665,100.0,,,,,,,,,,,,,,,,,,,,,,52.311685611879156,,"rgba(239, 83, 80, 1.0)",0.0,0.0,4.076264795702604,56.24342544809599,0.8393896675974529,0.0,0.0,0.0,0.0,0.0,0.0,0.0,0.0,63.908537838999784,20.837566176107018,False,True,True,False,False,20.0,0,1.0501778551426624,0.822750321652918,False,False,False,False,0.2826510221176306,0.30018986064824055,False,False,False,False,2778.0,1362.9280765064336,False,False,False,False,55.18950363084709,False,False,False,False
2024-12-09 17:00:00+00:00,60.125,60.125,59.15,59.15,36.0,,,,,,,,,,,,,,,,,,,,,,52.35108055810163,,"rgba(239, 83, 80, 1.0)",0.0,0.0,4.081657345329761,56.25676525506718,0.7088382243167136,0.0,0.0,0.0,0.0,0.0,0.0,0.0,0.0,57.71874096217257,15.254152776523043,False,True,True,False,False,19.31733736076844,0,1.0423586774341005,0.8319366143531928,False,False,False,False,0.2761407248394987,0.2881652927438696,False,False,False,False,2742.0,1384.3090365605976,False,False,False,False,54.89199194664791,False,False,False,False
2024-12-10 17:00:00+00:00,59.07,59.32,59.07,59.32,3.0,,,,,,,,,,,,,,,,,,,,,,52.35423474321779,,"rgba(239, 83, 80, 1.0)",0.0,0.0,4.086811614348142,56.25755960323862,0.7493470915100767,0.0,0.0,0.0,0.0,0.0,0.0,0.0,0.0,54.30891475198187,12.27197814021308,False,True,True,False,False,19.72819040734033,0,1.0418823893053089,0.8369523220771199,False,False,False,False,0.26106564319839803,0.2746154679711338,False,False,False,False,2745.0,1405.4050204898908,False,False,False,False,54.087464939723134,False,False,False,False
2024-12-11 17:00:00+00:00,60.275,60.275,59.93,59.93,14.0,,,,,,,,,,,,,,,,,,,,,,52.370640459139615,,"rgba(239, 83, 80, 1.0)",0.0,0.0,4.098122534320564,56.26840019028414,0.893482266342952,0.0,0.0,0.0,0.0,0.0,0.0,0.0,0.0,54.43420696049515,12.27197814021308,False,True,True,False,False,20.0,0,1.0483612193444878,0.8335243334097341,False,False,False,False,0.29211549179800983,0.28336547988457184,False,False,False,False,2759.0,1426.3909891644662,False,False,False,False,53.46595385538634,False,False,False,False
2024-12-12 17:00:00+00:00,59.29,59.29,59.01,59.01,5.0,,,,,,,,,,,,,,,,,,,,,,52.37576583434835,,"rgba(239, 83, 80, 1.0)",0.0,0.0,4.095959795780269,56.269448280505735,0.6690865770502994,0.0,0.0,0.0,0.0,0.0,0.0,0.0,0.0,51.07912373688542,9.007498820117547,False,True,False,False,False,17.439862908209577,0,1.0459700589747467,0.8395584454861643,False,False,False,False,0.2592841380515862,0.271324808968079,False,False,False,False,2754.0,1446.974074603777,False,False,False,False,52.71454371809352,False,False,False,False
2024-12-13 17:00:00+00:00,59.22,59.22,58.66,58.66,216.0,,,,,,,,,,,,,,,,,,,,,,52.581796874999995,,"rgba(239, 83, 80, 1.0)",0.0,0.0,4.083381263186213,56.31875680761099,0.573358949725445,0.0,0.0,0.0,0.0,0.0,0.0,0.0,0.0,47.7375380753585,5.681405842946944,False,True,False,True,False,16.06441615210225,0,1.0405609167671892,0.8410735826296748,False,False,False,False,0.2521547653673996,0.26173978716773927,False,False,False,False,2538.0,1463.8892052300748,False,False,False,False,55.24610117982851,False,False,False,False
2024-12-16 17:00:00+00:00,58.66,59.2,58.66,59.2,84.0,,,,,,,,,,,,,,,,,,,,,,52.66054018637158,,"rgba(239, 83, 80, 1.0)",0.0,0.0,4.074611856825564,56.351643669126474,0.6990497330689596,0.0,0.0,0.0,0.0,0.0,0.0,0.0,0.0,47.765138120350045,5.403926499722154,False,True,False,True,False,17.4133964146021,0,1.0402333233622494,0.842656296739456,False,False,False,False,0.25181590215254734,0.2567778446601433,False,False,False,False,2622.0,1481.8444113505388,False,False,False,False,55.691898060761396,False,False,False,False
2024-12-17 17:00:00+00:00,58.45,58.93,58.45,58.93,113.0,,,,,,,,,,,,,,,,,,,,,,52.75943274602492,,"rgba(239, 83, 80, 1.0)",0.0,0.0,4.016318400661877,56.386090915362956,0.633393279830059,0.0,0.0,0.0,0.0,0.0,0.0,0.0,0.0,46.81677515354754,4.049597485966558,False,True,False,True,False,16.34664182560972,0,1.0328355991382512,0.843696605007058,False,False,False,False,0.24369996339517985,0.2502389040276616,False,False,False,False,2509.0,1497.7693041978173,False,False,False,False,56.58039576524571,False,False,False,False
2024-12-18 17:00:00+00:00,58.93,58.93,58.93,58.93,0.0,,,,,,,,,,,,,,,,,,,,,,52.75943274602492,,"rgba(239, 83, 80, 1.0)",0.0,0.0,3.951531989376113,56.386090915362956,0.6437779300475024,0.0,0.0,0.0,0.0,0.0,0.0,0.0,0.0,46.1845331756792,2.9314485425383126,False,True,False,True,False,16.34664182560972,0,1.0399673129782334,0.843696605007058,False,False,False,False,0.250754954157248,0.2504969290924548,False,False,False,False,2509.0,1513.4472994815721,False,False,False,False,55.703180327024846,False,False,False,False
2024-12-19 17:00:00+00:00,58.93,58.93,58.93,58.93,0.0,,,,,,,,,,,,,,,,,,,,,,52.75943274602492,,"rgba(239, 83, 80, 1.0)",0.0,0.0,3.8630165615687737,56.386090915362956,0.6585291686153062,0.0,0.0,0.0,0.0,0.0,0.0,0.0,0.0,45.76303852376697,1.9712462831846054,False,True,False,True,False,16.34664182560972,0,1.04023633236108,0.8430184728143002,False,False,False,False,0.250754954157248,0.2506259416248514,False,False,False,False,2509.0,1528.8822250710052,False,False,False,False,54.839565128156245,False,False,False,False
2024-12-20 17:00:00+00:00,56.605,57.0,56.21,56.21,9.0,,,,,,,,,,,,,,,,,,,,,,52.764214592274676,,"rgba(239, 83, 80, 1.0)",0.0,0.0,3.7451518907361234,56.38130329944261,-0.045740013874026215,0.0,0.0,0.0,0.0,0.0,0.0,0.0,0.0,38.516070691323414,-5.144125945153853,False,True,False,True,False,6.3015208710531105,0,1.0291849823448873,0.8493190170786199,False,False,False,False,0.17244555328491332,0.21153574745488235,False,False,False,False,2500.0,1543.938314604788,False,False,False,False,54.12887419593677,False,False,False,False
2024-12-23 17:00:00+00:00,56.055,56.055,56.055,56.055,0.0,,,,,,,,,,,,,,,,,,,,,,52.764214592274676,,"rgba(239, 83, 80, 1.0)",0.0,0.0,3.6162465696149546,56.38130329944261,-0.09023259148984152,0.0,0.0,0.0,0.0,0.0,0.0,0.0,0.0,33.45285652047818,-9.870389646828208,False,True,False,True,False,5.784950176837352,0,1.0336712527154235,0.8600289645184653,False,False,False,False,0.15078944134446623,0.1811625943996743,False,False,False,False,2500.0,1558.760976393861,False,False,False,False,53.28966684406178,False,False,False,False
2024-12-24 17:00:00+00:00,56.055,56.055,56.055,56.055,0.0,,,,,,,,,,,,,,,,,,,,,,52.764214592274676,,"rgba(239, 83, 80, 1.0)",0.0,0.0,3.483045243916714,56.38130329944261,-0.09368333644603367,0.0,0.0,0.0,0.0,0.0,0.0,0.0,0.0,30.077380406581355,-12.959740002373728,False,True,False,True,False,5.7849501768373415,0,1.0340260500512217,0.8657251573247479,False,False,False,False,0.15078944134446623,0.16597601787207028,False,False,False,False,2500.0,1573.353829473026,False,False,False,False,52.463470458882526,False,False,False,False
2024-12-25 17:00:00+00:00,56.055,56.055,56.055,56.055,0.0,,,,,,,,,,,,,,,,,,,,,,52.764214592274676,,"rgba(239, 83, 80, 1.0)",0.0,0.0,3.3403544074794276,56.38130329944261,-0.09768523325308755,0.0,0.0,0.0,0.0,0.0,0.0,0.0,0.0,27.8270629973168,-15.080420369008792,False,True,False,True,False,5.7849501768373415,0,1.0367571533382245,0.865370506236244,False,False,False,False,0.15078944134446623,0.15838272960826827,False,False,False,False,2500.0,1587.7204367680179,False,False,False,False,51.65008331998512,False,False,False,False
2024-12-26 17:00:00+00:00,56.055,57.77,56.055,57.68,8.0,,,,,,,,,,,,,,,,,,,,,,52.769249309326476,,"rgba(239, 83, 80, 1.0)",0.0,0.0,3.1934123746541503,57.44016338385313,0.07510355319295141,0.0,0.0,0.0,0.0,0.0,0.0,0.0,0.0,34.04088878079042,-15.080420369008792,False,True,False,True,True,10.359803776917289,0,1.0357271224211058,0.8455898210049605,False,False,False,False,0.17970953461729255,0.1690461321127804,False,False,False,False,2508.0,1601.988336973165,False,False,False,False,50.97333784215589,False,False,False,False
2024-12-27 17:00:00+00:00,57.035,57.24,56.99,57.24,15.0,,,,,,,,,,,,,,,,,,,,,,52.778633490184895,,"rgba(239, 83, 80, 1.0)",0.0,0.0,3.098776349603909,57.432071570206915,-0.0619830373468108,0.0,0.0,0.0,0.0,0.0,0.0,0.0,0.0,36.879228650234516,-20.88646069749054,False,True,False,True,True,8.828914632049973,0,1.0446983220278472,0.8476258479114606,False,False,False,False,0.17895514747117683,0.1740006397919786,False,False,False,False,2493.0,1615.8024712836584,False,False,False,False,50.41561167406045,False,False,False,False
2024-12-30 17:00:00+00:00,57.24,57.59,57.24,57.59,7.0,,,,,,,,,,,,,,,,,,,,,,52.783314814814815,,"rgba(239, 83, 80, 1.0)",0.0,0.0,2.9993016274212754,57.44820276932201,0.04727674915440504,0.0,0.0,0.0,0.0,0.0,0.0,0.0,0.0,40.11314623356621,-17.826922078594144,False,True,False,True,True,9.778362936154306,0,1.0491171982852576,0.8398604955314979,False,False,False,False,0.18965546150876522,0.18182805065037191,False,False,False,False,2500.0,1629.510960100966,False,False,False,False,49.74250141554788,False,False,False,False
2024-12-31 17:00:00+00:00,57.59,57.59,57.59,57.59,0.0,,,,,,,,,,,,,,,,,,,,,,52.783314814814815,,"rgba(239, 83, 80, 1.0)",0.0,0.0,2.923225338282705,57.44820276932201,0.04850711603413217,0.0,0.0,0.0,0.0,0.0,0.0,0.0,0.0,42.26909128912068,-15.680571333347302,False,True,False,True,True,9.778362936154306,0,1.0542032986994117,0.8398604955314979,False,False,False,False,0.19591703568442076,0.18887254316739632,False,False,False,False,2500.0,1643.0069142079278,False,False,False,False,48.9712998432138,False,False,False,False
2025-01-01 17:00:00+00:00,57.59,57.59,57.59,57.59,0.0,,,,,,,,,,,,,,,,,,,,,,52.783314814814815,,"rgba(239, 83, 80, 1.0)",0.0,0.0,2.841710882327474,57.44820276932201,0.04989854230415477,0.0,0.0,0.0,0.0,0.0,0.0,0.0,0.0,43.706387992823664,-14.07515815371277,False,True,False,True,True,9.778362936154306,0,1.0542032986994117,0.8398604955314979,False,False,False,False,0.19591703568442076,0.19239478942590854,False,False,False,False,2500.0,1656.293628716332,False,False,False,False,48.21205488440428,False,False,False,False
2025-01-02 17:00:00+00:00,57.59,57.59,57.59,57.59,0.0,,,,,,,,,,,,,,,,,,,,,,52.783314814814815,,"rgba(239, 83, 80, 1.0)",0.0,0.0,2.7936803489110105,57.44820276932201,0.05075642627950175,0.0,0.0,0.0,0.0,0.0,0.0,0.0,0.0,44.66458579529231,-12.793923741033346,False,True,False,True,True,9.778362936154284,0,1.0633198973983147,0.8384756320996707,False,False,False,False,0.19591703568442076,0.19415591255516465,False,False,False,False,2500.0,1669.3743476509626,False,False,False,False,47.46458116526623,False,False,False,False
2025-01-03 17:00:00+00:00,57.59,57.59,57.59,57.59,0.0,,,,,,,,,,,,,,,,,,,,,,52.783314814814815,,"rgba(239, 83, 80, 1.0)",0.0,0.0,2.7425697327029606,57.44820276932201,0.051702324643627236,0.0,0.0,0.0,0.0,0.0,0.0,0.0,0.0,45.30338433027141,-11.71392124756423,False,True,False,True,True,9.778362936154284,0,1.0633198973983147,0.8298277757420304,False,False,False,False,0.18401176407465086,0.18908383831490777,False,False,False,False,2500.0,1682.2522647416454,False,False,False,False,46.72869618595978,False,False,False,False
2025-01-06 17:00:00+00:00,57.59,57.59,57.59,57.59,0.0,,,,,,,,,,,,,,,,,,,,,,52.783314814814815,,"rgba(239, 83, 80, 1.0)",0.0,0.0,2.705937112657518,57.44820276932201,0.05240226390137148,0.0,0.0,0.0,0.0,0.0,0.0,0.0,0.0,45.72925002025748,-10.767579370029729,False,True,False,True,True,9.778362936154284,0,1.064859995495834,0.8297425118234371,False,False,False,False,0.18283225534232653,0.18595804682861716,False,False,False,False,2500.0,1694.9305242030152,False,False,False,False,46.004220276099936,False,False,False,False
2025-01-07 17:00:00+00:00,57.59,57.59,57.59,57.59,0.0,,,,,,,,,,,,,,,,,,,,,,52.783314814814815,,"rgba(239, 83, 80, 1.0)",0.0,0.0,2.6736306590291314,57.44820276932201,0.053035459553521465,0.0,0.0,0.0,0.0,0.0,0.0,0.0,0.0,46.01316048024819,-9.919082020395614,False,True,False,True,True,9.778362936154284,0,1.0608062457773442,0.8297425118234371,False,False,False,False,0.18283225534232653,0.18439515108547183,False,False,False,False,2500.0,1707.4122215021932,False,False,False,False,45.290976550889084,False,False,False,False
2025-01-08 17:00:00+00:00,57.59,57.59,57.59,57.59,0.0,,,,,,,,,,,,,,,,,,,,,,52.783314814814815,,"rgba(239, 83, 80, 1.0)",0.0,0.0,2.62696018618849,57.44820276932201,0.05397768547216961,0.0,0.0,0.0,0.0,0.0,0.0,0.0,0.0,46.202434120242,-9.15011043500364,False,True,False,True,True,9.778362936154306,0,1.0608062457773442,0.8297425118234371,False,False,False,False,0.18283225534232653,0.1836137032138992,False,False,False,False,2500.0,1719.7004041145624,False,False,False,False,44.58879086792956,False,False,False,False
2025-01-09 17:00:00+00:00,57.59,57.59,57.59,57.59,0.0,,,,,,,,,,,,,,,,,,,,,,52.783314814814815,,"rgba(239, 83, 80, 1.0)",0.0,0.0,2.5774825346092762,57.44820276932201,0.05501384733902364,0.0,0.0,0.0,0.0,0.0,0.0,0.0,0.0,46.32861654690454,-8.451437783742712,False,True,False,True,True,9.778362936154306,0,1.0608062457773442,0.8297425118234371,False,False,False,False,0.18032864163867673,0.18197117242628796,False,False,False,False,2500.0,1731.798072267825,False,False,False,False,43.89749178470584,False,False,False,False
2025-01-10 17:00:00+00:00,57.59,57.59,57.59,57.59,0.0,,,,,,,,,,,,,,,,,,,,,,52.783314814814815,,"rgba(239, 83, 80, 1.0)",0.0,0.0,2.5250326908952547,57.44820276932201,0.05615659202721846,0.0,0.0,0.0,0.0,0.0,0.0,0.0,0.0,46.41273816467957,-7.818132410776329,False,True,False,True,True,9.778362936154306,0,1.0639204545454544,0.8722380050505053,False,False,False,False,0.18032864163867673,0.18114990703248235,False,False,False,False,2500.0,1743.7081796745256,False,False,False,False,43.2169105167259,False,False,False,False
2025-01-13 17:00:00+00:00,54.835,55.12,54.725,54.865,363.0,,,,,,,,,,,,,,,,,,,,,,52.88754977651361,,"rgba(239, 83, 80, 1.0)",0.0,0.0,2.4975435679630325,56.63618074000533,-0.7091691062870554,0.0,0.0,0.0,0.0,0.0,0.0,0.0,0.0,36.54411449516411,-8.758864988769147,False,True,False,True,False,0.0,0,1.0159320233669678,0.8771716865184739,False,False,False,False,0.07642746136185882,0.1287886841971706,False,False,True,False,2137.0,1749.8057272764709,False,False,False,False,48.174787873055735,False,False,False,False
2025-01-14 17:00:00+00:00,54.96,55.695,54.96,55.31,416.0,,,,,,,,,,,,,,,,,,,,,,53.017385989656795,,"rgba(239, 83, 80, 1.0)",0.0,0.0,2.46511579319786,56.472840098605694,-0.4717182461831551,0.0,0.0,0.0,0.0,0.0,0.0,0.0,0.0,32.879252734529175,-11.946785431992325,False,True,False,True,False,1.0632733172389308,0,1.0178317224844535,0.8686596238855177,False,False,False,False,0.0920426865724648,0.11041568538481769,False,False,False,False,2553.0,1762.2583516597815,False,False,False,False,53.877504340140135,False,False,False,False
2025-01-15 17:00:00+00:00,57.105,57.105,56.845,56.975,56.0,,,,,,,,,,,,,,,,,,,,,,53.04560067897305,,"rgba(38, 166, 154, 1.0)",0.0,0.0,2.416164082564243,56.505617491547156,0.1942676459103291,0.0,0.0,0.0,0.0,0.0,0.0,0.0,0.0,38.0469715324272,-11.946785431992325,False,True,False,True,True,6.22277929996207,0,1.0226837531300637,0.8613934305494185,False,False,False,False,0.1561109170727067,0.13326330122876218,False,False,False,False,2609.0,1775.386129153428,False,False,False,False,53.91041124959533,False,False,False,False
2025-01-16 17:00:00+00:00,56.975,56.975,56.975,56.975,0.0,,,,,,,,,,,,,,,,,,,,,,53.04560067897305,,"rgba(38, 166, 154, 1.0)",0.0,0.0,2.364820826308026,56.505617491547156,0.198485442631038,0.0,0.0,0.0,0.0,0.0,0.0,0.0,0.0,41.49211739769255,-14.803489908324046,False,True,False,True,True,6.22277929996207,0,1.0245986154072768,0.8633082928266317,False,False,False,False,0.1561109170727069,0.14468710915073454,False,False,False,False,2609.0,1788.3103752130646,False,False,False,False,53.07459092014424,False,False,False,False
2025-01-17 17:00:00+00:00,58.335,58.335,58.19,58.19,1.0,,,,,,,,,,,,,,,,,,,,,,53.04626166836388,,"rgba(38, 166, 154, 1.0)",0.0,0.0,2.321892624640509,56.50688204799244,0.7248905199774895,0.0,0.0,0.0,0.0,0.0,0.0,0.0,0.0,47.586642472972315,-9.3908104070157,False,False,False,False,True,9.685878100245663,0,1.024420560064342,0.8748263508079259,False,False,False,False,0.2070534246333077,0.17587026689202112,False,False,False,False,2610.0,1801.049749240769,False,False,False,False,52.26723292138231,False,False,False,False
2025-01-20 17:00:00+00:00,58.19,58.19,58.19,58.19,0.0,,,,,,,,,,,,,,,,,,,,,,53.04626166836388,,"rgba(38, 166, 154, 1.0)",0.0,0.0,2.2760406727788878,56.50688204799244,0.7394937938224919,0.0,0.0,0.0,0.0,0.0,0.0,0.0,0.0,51.64965918982549,-5.891378413990026,False,False,True,False,True,9.685878100245663,0,1.030609964995904,0.8746555447977957,False,False,False,False,0.20415890599927192,0.1900145864456465,False,False,False,False,2610.0,1813.5916135936252,False,False,False,False,51.456888224926765,False,False,False,False
2025-01-21 17:00:00+00:00,59.7,59.82,59.41,59.785,855.0,,,,,,,,,,,,,,,,,,,,,,53.69655684383729,,"rgba(38, 166, 154, 1.0)",0.0,0.0,2.244050086961612,57.516480087598026,1.0109043134030444,0.0,0.0,0.0,0.0,0.0,0.0,0.0,0.0,57.95605218554759,-0.2746774369371181,True,False,True,False,True,13.89171669025836,0,1.0296662546353526,0.8537046462589983,False,False,False,False,0.26173997690417744,0.22587728167491197,False,False,False,False,3465.0,1839.1948443906233,False,False,False,False,63.91492096562557,False,False,False,False
2025-01-22 17:00:00+00:00,59.005,59.005,58.835,58.885,16.0,,,,,,,,,,,,,,,,,,,,,,53.70611206600206,,"rgba(38, 166, 154, 1.0)",0.0,0.0,2.1924390712356643,57.523506287272596,0.6209950053298678,0.0,0.0,0.0,0.0,0.0,0.0,0.0,0.0,58.73676326176191,0.3157888246068694,True,False,True,False,True,10.713732991243141,0,1.0218695143358694,0.8581041544763023,False,False,False,False,0.2334668985308371,0.22967209010287454,False,False,False,False,3449.0,1864.1530638574352,False,False,False,False,63.172053973910444,False,False,False,False
2025-01-23 17:00:00+00:00,58.885,58.885,58.885,58.885,0.0,,,,,,,,,,,,,,,,,,,,,,53.70611206600206,,"rgba(38, 166, 154, 1.0)",0.0,0.0,2.1450992228042254,57.523506287272596,0.6346996438456404,0.0,0.0,0.0,0.0,0.0,0.0,0.0,0.0,59.25723731257145,0.9992977664326474,True,False,True,False,True,10.713732991243141,0,1.0206967665905575,0.8631509169919721,False,False,False,False,0.23205307825309124,0.2308625841779829,False,False,False,False,3449.0,1888.7243341852268,False,False,False,False,62.19264228439245,False,False,False,False
2025-01-24 17:00:00+00:00,60.015,61.04,60.015,61.01,586.0,,,,,,,,,,,,,,,,,,,,,,54.14545295107198,,"rgba(38, 166, 154, 1.0)",0.0,0.0,2.1273807289165183,58.31168896935487,1.2683724140057373,0.0,0.0,0.0,0.0,0.0,0.0,0.0,0.0,63.61536924678599,5.356276419321681,True,False,True,False,True,15.907549972249054,0,1.0133352451964441,0.852093490106109,False,False,False,False,0.2995006417858739,0.2651816129819284,False,True,False,False,4035.0,1921.9999259032854,False,False,False,False,70.31368659006078,False,False,False,False
2025-01-27 17:00:00+00:00,61.01,61.01,61.01,61.01,0.0,,,,,,,,,,,,,,,,,,,,,,54.14545295107198,,"rgba(38, 166, 154, 1.0)",0.0,0.0,2.121322057177994,58.31168896935487,1.2719949908194077,0.0,0.0,0.0,0.0,0.0,0.0,0.0,0.0,66.52079053626235,8.300781192900658,True,False,True,False,True,15.907549972249054,0,1.0279187817258886,0.8561276287164618,False,False,False,False,0.31980118712391814,0.2924914000529233,False,False,False,False,4035.0,1954.7596169745523,False,False,False,False,69.22355191424589,False,False,False,False
2025-01-28 17:00:00+00:00,59.825,60.425,59.825,60.425,36.0,,,,,,,,,,,,,,,,,,,,,,54.16886333654223,,"rgba(38, 166, 154, 1.0)",0.0,0.0,2.094872016559811,58.32845873323674,1.00079682681818,0.0,0.0,0.0,0.0,0.0,0.0,0.0,0.0,66.15476433947131,8.300781192900658,True,False,True,False,True,13.849906208993222,0,1.03043698818755,0.8562214653235746,False,False,False,False,0.28274813772506624,0.28761976888899476,False,False,False,False,3999.0,1986.453266323784,False,False,False,False,68.70845808611804,False,False,False,False
2025-01-29 17:00:00+00:00,60.425,60.425,60.425,60.425,0.0,,,,,,,,,,,,,,,,,,,,,,54.16886333654223,,"rgba(38, 166, 154, 1.0)",0.0,0.0,2.091605379382703,58.32845873323674,1.0023598559409015,0.0,0.0,0.0,0.0,0.0,0.0,0.0,0.0,65.91074687494395,8.50267405307364,True,False,True,False,True,13.849906208993222,0,1.0744848257774446,0.8342450355938559,False,False,False,False,0.29521930196431273,0.2914195354266538,False,False,False,False,3999.0,2017.6555412645005,False,False,False,False,67.64321067393017,False,False,False,False
2025-01-30 17:00:00+00:00,60.425,60.425,60.425,60.425,0.0,,,,,,,,,,,,,,,,,,,,,,54.16886333654223,,"rgba(38, 166, 154, 1.0)",0.0,0.0,2.095140026282092,58.32845873323674,1.0006688051698651,0.0,0.0,0.0,0.0,0.0,0.0,0.0,0.0,65.74806856525905,8.936675041365682,True,False,True,False,True,13.849906208993222,0,1.0744848257774446,0.8002248032971155,False,False,False,False,0.29521930196431273,0.2933194186954833,False,False,False,False,3999.0,2048.3740600045858,False,False,False,False,66.59447872549714,False,False,False,False
2025-01-31 17:00:00+00:00,60.425,60.425,60.425,60.425,0.0,,,,,,,,,,,,,,,,,,,,,,54.16886333654223,,"rgba(38, 166, 154, 1.0)",0.0,0.0,2.0964824100132793,58.32845873323674,1.0000280740490357,0.0,0.0,0.0,0.0,0.0,0.0,0.0,0.0,65.63961635880244,9.4717081059244,True,False,True,False,True,13.849906208993222,0,1.0863701795590575,0.7980150011364503,False,False,False,False,0.29521930196431273,0.29426936032989803,False,False,False,False,3999.0,2078.6163226401736,False,False,False,False,65.56200618711733,False,False,False,False
2025-02-03 17:00:00+00:00,60.425,60.425,60.425,60.425,0.0,,,,,,,,,,,,,,,,,,,,,,54.16886333654223,,"rgba(38, 166, 154, 1.0)",0.0,0.0,2.095636743417129,58.32845873323674,1.000431622202165,0.0,0.0,0.0,0.0,0.0,0.0,0.0,0.0,65.56731488783137,10.050723391421144,True,False,True,False,True,13.849906208993232,0,1.0842488067277827,0.7890749299189337,False,False,False,False,0.29521930196431273,0.2947443311471054,False,False,False,False,3999.0,2108.3897129868374,False,False,False,False,64.54554097491396,False,False,False,False
2025-02-04 17:00:00+00:00,60.425,60.425,60.425,60.425,0.0,,,,,,,,,,,,,,,,,,,,,,54.16886333654223,,"rgba(38, 166, 154, 1.0)",0.0,0.0,2.0721190181128137,58.32845873323674,1.0117861225330047,0.0,0.0,0.0,0.0,0.0,0.0,0.0,0.0,65.51911390718399,10.635208696704844,True,False,True,False,True,13.849906208993222,0,1.0842488067277827,0.7890749299189337,False,False,False,False,0.29521930196431273,0.2949818165557091,False,False,False,False,3999.0,2137.7015003823903,False,False,False,False,63.54483491328739,False,False,False,False
2025-02-05 17:00:00+00:00,60.425,60.425,59.505,59.51,13.0,,,,,,,,,,,,,,,,,,,,,,54.17670120344655,,"rgba(38, 166, 154, 1.0)",0.0,0.0,2.033896801265438,58.33253582648091,0.5789203133543961,0.0,0.0,0.0,0.0,0.0,0.0,0.0,0.0,60.41745663877328,15.21125214467844,True,False,True,False,False,10.435483469680861,0,1.0697377320207413,0.7964980837153385,False,False,False,False,0.27613194499103644,0.28555688077337277,False,False,False,False,3986.0,2166.3572910741364,False,False,False,False,62.76119406191859,False,False,False,False
2025-02-06 17:00:00+00:00,59.51,59.51,59.51,59.51,0.0,,,,,,,,,,,,,,,,,,,,,,54.17670120344655,,"rgba(38, 166, 154, 1.0)",0.0,0.0,1.998781696501609,58.33253582648091,0.5890909325315323,0.0,0.0,0.0,0.0,0.0,0.0,0.0,0.0,57.01635179316614,11.90083575246846,True,False,True,False,False,10.435483469680861,0,1.075077810673347,0.8071054429514922,False,False,False,False,0.2566868464459196,0.2711218636096462,False,False,False,False,3986.0,2194.568805941204,False,False,False,False,61.788152293516745,False,False,False,False
2025-02-07 17:00:00+00:00,59.51,59.51,59.46,59.46,86.0,,,,,,,,,,,,,,,,,,,,,,54.22494390347163,,"rgba(38, 166, 154, 1.0)",0.0,0.0,1.9238498096498247,58.53397043770595,0.48134192058505937,0.0,0.0,0.0,0.0,0.0,0.0,0.0,0.0,54.48410353623125,9.484473573029156,True,False,True,False,False,10.249083090351625,0,1.0744373479318732,0.8067974452554747,False,False,False,False,0.2556563115275412,0.2633890875685937,False,False,False,False,3900.0,2221.009599647542,False,False,False,False,62.16352977733819,False,False,False,False
2025-02-10 17:00:00+00:00,59.46,59.46,59.46,59.46,0.0,,,,,,,,,,,,,,,,,,,,,,54.22494390347163,,"rgba(38, 166, 154, 1.0)",0.0,0.0,1.882214408902624,58.53397043770595,0.4919894130626409,0.0,0.0,0.0,0.0,0.0,0.0,0.0,0.0,52.795938031607996,7.839276906993476,True,False,False,False,False,10.249083090351625,0,1.0744373479318732,0.8075577858880781,False,False,False,False,0.24835091391053216,0.2558700007395629,False,False,False,False,3900.0,2247.040458567735,False,False,False,False,61.19975412187558,False,False,False,False
2025-02-11 17:00:00+00:00,59.46,59.46,59.46,59.46,0.0,,,,,,,,,,,,,,,,,,,,,,54.22494390347163,,"rgba(38, 166, 154, 1.0)",0.0,0.0,1.8373883443429964,58.53397043770595,0.5039922916378204,0.0,0.0,0.0,0.0,0.0,0.0,0.0,0.0,51.670494361859156,6.652144105900149,True,False,False,False,False,10.249083090351625,0,1.0771656025853236,0.8371561440844962,False,False,False,False,0.24391505042576203,0.24989252558266245,False,False,False,False,3900.0,2272.667738279863,False,False,False,False,60.2509207246372,False,False,False,False
2025-02-12 17:00:00+00:00,59.46,59.46,59.46,59.46,0.0,,,,,,,,,,,,,,,,,,,,,,54.22494390347163,,"rgba(38, 166, 154, 1.0)",0.0,0.0,1.7891318091829336,58.53397043770595,0.517585992010812,0.0,0.0,0.0,0.0,0.0,0.0,0.0,0.0,50.92019858202659,5.738130870228737,True,False,False,False,False,10.249083090351625,0,1.0545440089051443,0.8357318915480643,False,False,False,False,0.24166116052121406,0.24577684305193825,False,False,False,False,3900.0,2297.8976958259113,False,False,False,False,59.316797922704836,False,False,False,False
2025-02-13 17:00:00+00:00,59.46,60.7,59.46,60.3,55.0,,,,,,,,,,,,,,,,,,,,,,54.25925532288049,,"rgba(38, 166, 154, 1.0)",0.0,0.0,1.7460348592537582,59.244610518564485,0.6044492616181656,0.0,0.0,0.0,0.0,0.0,0.0,0.0,0.0,55.455106177917955,5.738130870228737,True,False,True,False,True,12.72385517919406,0,1.0501020888958694,0.8254279880634525,False,False,False,False,0.2710489364151717,0.258412889733555,False,False,False,False,3955.0,2323.5892044177576,False,False,False,False,59.24987082312801,False,False,False,False
2025-02-14 17:00:00+00:00,60.3,60.3,60.3,60.3,0.0,,,,,,,,,,,,,,,,,,,,,,54.25925532288049,,"rgba(38, 166, 154, 1.0)",0.0,0.0,1.6984877163294645,59.244610518564485,0.6213700995826292,0.0,0.0,0.0,0.0,0.0,0.0,0.0,0.0,58.4783779085122,3.3012448646600205,True,False,True,False,True,12.72385517919406,0,1.0623669478829934,0.8300875187258538,False,False,False,False,0.281051022861337,0.26973195629744595,False,False,False,False,3955.0,2348.8823950469396,False,False,False,False,58.331268174707425,False,False,False,False
2025-02-17 17:00:00+00:00,60.3,60.3,60.3,60.3,0.0,,,,,,,,,,,,,,,,,,,,,,54.25925532288049,,"rgba(38, 166, 154, 1.0)",0.0,0.0,1.6461047989142616,59.244610518564485,0.6411435542449216,0.0,0.0,0.0,0.0,0.0,0.0,0.0,0.0,60.49389239557503,5.1922410908021135,True,False,True,False,True,12.72385517919406,0,1.0628526023043308,0.8335319825188721,False,False,False,False,0.281051022861337,0.27539148957939147,False,False,False,False,3955.0,2373.783443185747,False,False,False,False,57.426907427812736,False,False,False,False
2025-02-18 17:00:00+00:00,60.3,60.3,60.3,60.3,0.0,,,,,,,,,,,,,,,,,,,,,,54.25925532288049,,"rgba(38, 166, 154, 1.0)",0.0,0.0,1.5884077528105736,59.244610518564485,0.6644323408571104,0.0,0.0,0.0,0.0,0.0,0.0,0.0,0.0,61.837568720283585,6.533924148241454,True,False,True,False,True,12.72385517919406,0,1.0551795525121428,0.8352575842025642,False,False,False,False,0.281051022861337,0.2782212562203642,False,False,False,False,3955.0,2398.298428562712,False,False,False,False,56.53656777776913,False,False,False,False
2025-02-19 17:00:00+00:00,60.3,60.3,60.3,60.3,0.0,,,,,,,,,,,,,,,,,,,,,,54.25925532288049,,"rgba(38, 166, 154, 1.0)",0.0,0.0,1.5860555981301236,59.244610518564485,0.6654177083576142,0.0,0.0,0.0,0.0,0.0,0.0,0.0,0.0,62.73335293675595,7.551000034895971,True,False,True,False,True,12.72385517919406,0,1.0548384444627146,0.8356490997286857,False,False,False,False,0.281051022861337,0.2796361395408506,False,False,False,False,3955.0,2422.4333366470114,False,False,False,False,55.66003184323007,False,False,False,False
2025-02-20 17:00:00+00:00,60.3,60.3,60.3,60.3,0.0,,,,,,,,,,,,,,,,,,,,,,54.25925532288049,,"rgba(38, 166, 154, 1.0)",0.0,0.0,1.5905556001336951,59.244610518564485,0.6635351076987188,0.0,0.0,0.0,0.0,0.0,0.0,0.0,0.0,63.33054241440419,8.373391349770365,True,False,True,False,True,12.72385517919406,0,1.0493347657218413,0.8399305842492361,False,False,False,False,0.281051022861337,0.2803435812010938,False,False,False,False,3955.0,2446.1940601098486,False,False,False,False,54.797085613102475,False,False,False,False
2025-02-21 17:00:00+00:00,60.3,60.3,60.3,60.3,0.0,,,,,,,,,,,,,,,,,,,,,,54.25925532288049,,"rgba(38, 166, 154, 1.0)",0.0,0.0,1.5877131892034877,59.244610518564485,0.6647230045150484,0.0,0.0,0.0,0.0,0.0,0.0,0.0,0.0,63.728668732836354,9.074120254769404,True,False,True,False,True,12.72385517919406,0,1.044262430710681,0.8397451807727315,False,False,False,False,0.281051022861337,0.2806973020312154,False,False,False,False,3955.0,2469.5864002631843,False,False,False,False,53.94751839429468,False,False,False,False
2025-02-24 17:00:00+00:00,60.3,60.3,60.3,60.3,0.0,,,,,,,,,,,,,,,,,,,,,,54.25925532288049,,"rgba(38, 166, 154, 1.0)",0.0,0.0,1.5962805783082816,59.244610518564485,0.6611553731700479,0.0,0.0,0.0,0.0,0.0,0.0,0.0,0.0,63.9940862784578,9.692843640354184,True,False,True,False,True,12.72385517919406,0,1.044262430710681,0.8397451807727315,False,False,False,False,0.281051022861337,0.28087416244627617,False,False,False,False,3955.0,2492.616068476158,False,False,False,False,53.11112276027461,False,False,False,False
2025-02-25 17:00:00+00:00,57.07,58.02,57.07,58.02,8.0,,,,,,,,,,,,,,,,,,,,,,54.26215224476921,,"rgba(239, 83, 80, 1.0)",0.0,0.0,1.5961319375796286,59.13757490237816,-0.7001770192461957,0.0,0.0,0.0,0.0,0.0,0.0,0.0,0.0,49.64637542876675,4.984223708738796,False,False,False,True,False,3.189630094459293,0,1.0272748833899912,0.8497114396394976,False,False,False,False,0.15132833914038185,0.216101250793329,False,False,False,False,3947.0,2515.164656561799,False,False,False,False,52.41172550817733,False,False,False,False
2025-02-26 17:00:00+00:00,58.02,58.02,58.02,58.02,0.0,,,,,,,,,,,,,,,,,,,,,,54.26215224476921,,"rgba(239, 83, 80, 1.0)",0.0,0.0,1.5959832378490173,59.13757490237816,-0.7002422556043685,0.0,0.0,0.0,0.0,0.0,0.0,0.0,0.0,40.081234862306054,-3.1744891214789206,False,True,False,True,False,3.189630094459293,0,1.0444426839895429,0.848609680741504,False,False,False,False,0.17322222034602583,0.19466173556967742,False,False,False,False,3947.0,2537.3636541344845,False,False,False,False,51.59914061657768,False,False,False,False
2025-02-27 17:00:00+00:00,58.02,58.02,58.02,58.02,0.0,,,,,,,,,,,,,,,,,,,,,,54.26215224476921,,"rgba(239, 83, 80, 1.0)",0.0,0.0,1.5958344790999544,59.13757490237816,-0.7003075300193212,0.0,0.0,0.0,0.0,0.0,0.0,0.0,0.0,33.70447448466559,-8.283230750808428,False,True,False,True,False,3.189630094459293,0,1.0444426839895429,0.848609680741504,False,False,False,False,0.17322222034602583,0.1839419779578516,False,False,False,False,3947.0,2559.218481202167,False,False,False,False,50.799153940351665,False,False,False,False
2025-02-28 17:00:00+00:00,58.02,58.02,58.02,58.02,0.0,,,,,,,,,,,,,,,,,,,,,,54.26215224476921,,"rgba(239, 83, 80, 1.0)",0.0,0.0,1.5956856613159331,59.13757490237816,-0.7003728425161854,0.0,0.0,0.0,0.0,0.0,0.0,0.0,0.0,29.453300899571943,-11.618246769054743,False,True,False,True,False,3.189630094459293,0,1.0791520013096503,0.8435786199557996,False,False,False,False,0.17322222034602583,0.17858209915193873,False,False,False,False,3947.0,2580.7344737416684,False,False,False,False,50.011570158330706,False,False,False,False
2025-03-03 17:00:00+00:00,58.02,58.02,58.02,58.02,0.0,,,,,,,,,,,,,,,,,,,,,,54.26215224476921,,"rgba(239, 83, 80, 1.0)",0.0,0.0,1.5955367844804356,59.13757490237816,-0.7004381931201178,0.0,0.0,0.0,0.0,0.0,0.0,0.0,0.0,26.61918517617618,-13.939748170583563,False,True,False,True,False,3.1896300944592717,0,1.0791520013096503,0.8103462388475079,False,False,False,False,0.17322222034602583,0.17590215974898227,False,False,False,False,3947.0,2601.9168850014876,False,False,False,False,49.23619697758139,False,False,False,False
2025-03-04 17:00:00+00:00,53.25,54.72,53.25,54.72,3502.0,,,,,,,,,,,,,,,,,,,,,,54.25349957734573,,"rgba(239, 83, 80, 1.0)",0.0,0.0,1.6498397328660999,55.49711799238425,-0.4710263529865653,0.0,0.0,0.0,0.0,0.0,0.0,0.0,0.0,20.275210932726935,-19.698894489822656,False,True,False,True,False,0.0,0,1.0585575228021766,0.822411282287116,False,False,False,False,-0.009653363249888925,0.08312439824954668,False,False,False,False,445.0,2568.476313140999,False,False,False,False,102.76741872986695,False,False,False,False
2025-03-05 17:00:00+00:00,54.72,55.15,54.72,55.15,100.0,,,,,,,,,,,,,,,,,,,,,,54.259243244617295,,"rgba(239, 83, 80, 1.0)",0.0,0.0,1.6885734503707084,55.49307922693829,-0.20317696388213022,0.0,0.0,0.0,0.0,0.0,0.0,0.0,0.0,18.679919959207094,-21.16140227759403,False,True,False,True,False,0.0,0,1.0805604203152364,0.8100967029620043,False,False,False,False,0.03301198436109253,0.05806819130531961,False,False,False,False,545.0,2537.1045873558674,False,False,False,False,102.72451301312482,False,False,False,False
2025-03-06 17:00:00+00:00,53.65,53.65,52.21,52.21,294.0,,,,,,,,,,,,,,,,,,,,,,54.224831555654994,,"rgba(239, 83, 80, 1.0)",0.0,0.0,1.8488229150383007,55.35319297931156,-1.7001049444729768,0.0,0.0,0.0,0.0,0.0,0.0,0.0,0.0,15.567867552990123,-24.283615314838237,False,True,False,True,False,0.0,0,1.0515780245470485,0.8186002337814147,False,False,False,False,-0.05708232819086813,0.0004929315572257398,False,False,False,False,251.0,2501.6611053813576,False,False,False,False,105.69002443927792,False,False,False,False
2025-03-07 17:00:00+00:00,52.21,52.21,52.21,52.21,0.0,,,,,,,,,,,,,,,,,,,,,,54.224831555654994,,"rgba(239, 83, 80, 1.0)",0.0,0.0,1.9975993181906102,55.35319297931156,-1.5734852083142505,0.0,0.0,0.0,0.0,0.0,0.0,0.0,0.0,13.493165948845473,-26.56329024771272,False,True,False,True,False,0.0,0,1.0613360922258352,0.8377180017735741,False,False,False,False,-0.1011189274111373,-0.05031299792695578,False,False,False,False,251.0,2466.76713475529,False,False,False,False,104.05141940921159,False,False,False,False
2025-03-10 17:00:00+00:00,52.21,52.21,52.21,52.21,0.0,,,,,,,,,,,,,,,,,,,,,,54.224831555654994,,"rgba(239, 83, 80, 1.0)",0.0,0.0,2.1286297605871294,55.35319297931156,-1.476627376686017,0.0,0.0,0.0,0.0,0.0,0.0,0.0,0.0,12.110031546082375,-28.337035892724273,False,True,False,True,False,0.0,0,1.04980786284363,0.8377180017735741,False,False,False,False,-0.1011189274111373,-0.07571596266904654,False,False,False,False,251.0,2432.4141559218747,False,False,False,False,102.43821910829358,False,False,False,False
2025-03-11 17:00:00+00:00,52.21,52.21,52.21,52.21,0.0,,,,,,,,,,,,,,,,,,,,,,54.224831555654994,,"rgba(239, 83, 80, 1.0)",0.0,0.0,2.245420013279388,55.35319297931156,-1.3998240688703005,0.0,0.0,0.0,0.0,0.0,0.0,0.0,0.0,11.187941944240308,-29.79902503186888,False,True,False,True,False,0.0,0,1.04980786284363,0.8377180017735741,False,False,False,False,-0.13375862100127464,-0.10473729183516059,False,False,False,False,251.0,2398.593781411458,False,False,False,False,100.85002966475415,False,False,False,False
2025-03-12 17:00:00+00:00,52.21,52.21,52.21,52.21,0.0,,,,,,,,,,,,,,,,,,,,,,54.224831555654994,,"rgba(239, 83, 80, 1.0)",0.0,0.0,2.3320945482508986,55.35319297931156,-1.3477982621540765,0.0,0.0,0.0,0.0,0.0,0.0,0.0,0.0,10.573215543012264,-31.05833581780338,False,True,False,True,False,0.0,0,1.0513171920207092,0.8631033957667125,False,False,False,False,-0.17203445929873507,-0.1383858755669478,False,False,False,False,251.0,2365.297753792676,False,False,False,False,99.2864633133626,False,False,False,False
2025-03-13 17:00:00+00:00,52.21,52.21,52.21,52.21,0.0,,,,,,,,,,,,,,,,,,,,,,54.224831555654994,,"rgba(239, 83, 80, 1.0)",0.0,0.0,2.4092845878444535,55.35319297931156,-1.3046167294515087,0.0,0.0,0.0,0.0,0.0,0.0,0.0,0.0,10.163397942193567,-32.174443610319706,False,True,False,True,False,0.0,0,1.0210141617176793,0.8631033957667125,False,False,False,False,-0.21946209667615277,-0.1789239861215503,False,False,False,False,251.0,2332.5179436563553,False,False,False,False,97.74713830075233,False,False,False,False
2025-03-14 17:00:00+00:00,49.31,50.28,49.31,50.28,100.0,,,,,,,,,,,,,,,,,,,,,,54.193231904444595,,"rgba(239, 83, 80, 1.0)",0.0,0.0,2.5503962719827977,54.844500232615324,-1.789721967036388,0.0,0.0,0.0,0.0,0.0,0.0,0.0,0.0,8.813907428024923,-34.147497133657446,False,True,False,True,False,0.0,0,1.0060812815188371,0.8693266093147434,False,False,False,False,-0.34282825441539394,-0.2608761202684721,False,False,False,False,151.0,2298.695960033776,False,False,False,False,97.78206638911276,False,False,False,False
2025-03-17 17:00:00+00:00,50.28,50.28,50.28,50.28,0.0,,,,,,,,,,,,,,,,,,,,,,54.193231904444595,,"rgba(239, 83, 80, 1.0)",0.0,0.0,2.6694436829752,54.844500232615324,-1.7099069224520997,0.0,0.0,0.0,0.0,0.0,0.0,0.0,0.0,7.914247085245826,-35.63781558555955,False,True,False,True,False,0.0,0,1.0195787600118658,0.8675467220409373,False,False,False,False,-0.31256528918037846,-0.2867207047244253,False,False,False,False,151.0,2265.3983482503063,False,False,False,False,96.26606535982418,False,False,False,False
2025-03-18 17:00:00+00:00,51.73,52.06,51.7,52.06,14.0,,,,,,,,,,,,,,,,,,,,,,54.19089884870447,,"rgba(239, 83, 80, 1.0)",0.0,0.0,2.7296672106835143,54.85232593807308,-1.0229547129937033,0.0,0.0,0.0,0.0,0.0,0.0,0.0,0.0,16.30941658139403,-40.3420990144089,False,True,False,True,True,0.0,0,1.0194949047408062,0.8633879781420766,False,False,False,False,-0.21624366073058257,-0.25148218272750394,False,False,False,False,165.0,2232.8340327735573,False,False,False,False,94.99062248602844,False,False,False,False
2025-03-19 17:00:00+00:00,52.06,52.06,52.06,52.06,0.0,,,,,,,,,,,,,,,,,,,,,,54.19089884870447,,"rgba(239, 83, 80, 1.0)",0.0,0.0,2.787789821720737,54.85232593807308,-1.0016271371381722,0.0,0.0,0.0,0.0,0.0,0.0,0.0,0.0,21.906196245492836,-35.16922678351717,False,True,False,True,True,0.0,0,1.0242209422537292,0.8633879781420766,False,False,False,False,-0.205680742281663,-0.22858146250458347,False,False,False,False,165.0,2200.774590404975,False,False,False,False,93.51789965678769,False,False,False,False
2025-03-20 17:00:00+00:00,52.06,53.685,52.06,53.685,100.0,,,,,,,,,,,,,,,,,,,,,,54.18320803661013,,"rgba(38, 166, 154, 1.0)",0.0,0.0,2.8032320583520427,54.90737253750817,-0.4360582756130328,0.0,0.0,0.0,0.0,0.0,0.0,0.0,0.0,31.196847461653526,-26.79592452506468,False,True,False,True,True,0.0,0,1.02392937914934,0.8426351499233969,False,False,False,False,-0.15852439083737976,-0.19355292667098162,False,False,False,False,265.0,2170.7625812514093,False,False,False,False,93.61839733652742,False,False,False,False
2025-03-21 17:00:00+00:00,53.685,53.685,53.425,53.425,73.0,,,,,,,,,,,,,,,,,,,,,,54.179628182659066,,"rgba(38, 166, 154, 1.0)",0.0,0.0,2.833712973505941,54.92084661077155,-0.5278751322936042,0.0,0.0,0.0,0.0,0.0,0.0,0.0,0.0,36.67800409128935,-22.130276011856957,False,True,False,True,True,0.0,0,1.0426856055059304,0.8457314394494069,False,False,False,False,-0.11945479613977428,-0.15650386140537795,False,False,False,False,192.0,2140.0840916196044,False,False,False,False,93.2987322615425,False,False,False,False
2025-03-24 17:00:00+00:00,53.425,55.135,53.425,55.135,211.0,,,,,,,,,,,,,,,,,,,,,,54.18547596787725,,"rgba(38, 166, 154, 1.0)",0.0,0.0,2.8404625067499,54.856070051003535,0.09819877866144386,0.0,0.0,0.0,0.0,0.0,0.0,0.0,0.0,44.540799088464226,-15.223354504787707,False,False,False,True,True,0.0,0,1.0444316214656664,0.8245816503173689,False,False,False,False,-0.07834364516266333,-0.11742375328402063,False,False,False,False,403.0,2113.1525553154243,False,False,False,False,95.12355811795268,False,False,False,False
2025-03-25 17:00:00+00:00,55.135,55.135,55.135,55.135,0.0,,,,,,,,,,,,,,,,,,,,,,54.18547596787725,,"rgba(38, 166, 154, 1.0)",0.0,0.0,2.8447055104950882,54.856070051003535,0.09805231085164905,0.0,0.0,0.0,0.0,0.0,0.0,0.0,0.0,49.782662419914146,-10.726870396420296,True,False,True,False,True,0.0,0,1.067801500288517,0.8245816503173689,False,False,False,False,-0.030187816688692807,-0.07380578498635672,False,False,False,False,403.0,2086.6385622097587,False,False,False,False,93.64877427116272,False,False,False,False
2025-03-26 17:00:00+00:00,54.79,54.79,53.915,54.32,105.0,,,,,,,,,,,,,,,,,,,,,,54.18664656197953,,"rgba(38, 166, 154, 1.0)",0.0,0.0,2.851372582389627,54.7386388725739,-0.14682012275753012,0.0,0.0,0.0,0.0,0.0,0.0,0.0,0.0,50.726225901227174,-9.934324653358004,True,False,True,False,True,0.0,0,1.054224553444854,0.8276155372838108,False,False,False,False,-0.07424928968610525,-0.07402753733623099,False,False,False,False,298.0,2058.907731787902,False,False,False,False,93.82476226695864,False,False,False,False
2025-03-27 17:00:00+00:00,53.935,54.22,53.83,54.165,712.0,,,,,,,,,,,,,,,,,,,,,,54.181085789974176,,"rgba(38, 166, 154, 1.0)",0.0,0.0,2.8678179355934375,54.66740760236907,-0.1751881094449969,0.0,0.0,0.0,0.0,0.0,0.0,0.0,0.0,50.891375323852245,-9.455919503292506,True,False,True,False,True,0.0,0,1.0518740202365686,0.8456605386917486,False,False,False,False,-0.0927662550076499,-0.08339689617194045,False,False,False,False,-414.0,2020.5680770315003,False,False,False,False,103.40887447987402,False,False,False,False
2025-03-28 17:00:00+00:00,54.165,54.165,54.165,54.165,0.0,,,,,,,,,,,,,,,,,,,,,,54.181085789974176,,"rgba(38, 166, 154, 1.0)",0.0,0.0,2.885365658280018,54.66740760236907,-0.1741226804052822,0.0,0.0,0.0,0.0,0.0,0.0,0.0,0.0,51.00147493893563,-8.742454391069792,True,False,False,False,True,0.0,0,1.0452472566623914,0.8455892831694457,False,False,False,False,-0.08484357633490229,-0.08412023625342137,False,False,False,False,-414.0,1982.822835527136,False,False,False,False,101.80563611584496,False,False,False,False
2025-03-31 17:00:00+00:00,51.155,52.32,51.155,52.32,101.0,,,,,,,,,,,,,,,,,,,,,,54.165758843239104,,"rgba(239, 83, 80, 1.0)",0.0,0.0,2.9303728247258234,54.59624859313078,-0.7767778126811407,0.0,0.0,0.0,0.0,0.0,0.0,0.0,0.0,46.20982579759284,-8.742454391069792,True,False,False,True,False,0.0,0,1.0288421920065927,0.8511880236231288,False,False,False,False,-0.22463969007622978,-0.15437996316482558,False,False,False,False,-515.0,1944.0969000926068,False,False,False,False,101.79314563342875,False,False,False,False
2025-04-01 17:00:00+00:00,52.32,52.32,52.32,52.32,0.0,,,,,,,,,,,,,,,,,,,,,,54.165758843239104,,"rgba(239, 83, 80, 1.0)",0.0,0.0,2.97432576204061,54.59624859313078,-0.7652990207666776,0.0,0.0,0.0,0.0,0.0,0.0,0.0,0.0,43.015393036697645,-8.742454391069792,False,False,False,True,False,0.0,0,1.0448427413816785,0.8499519296799891,False,False,False,False,-0.1905020788238379,-0.17244102099433173,False,False,False,False,-515.0,1905.9713667578376,False,False,False,False,100.2149573290345,False,False,False,False
2025-04-02 17:00:00+00:00,52.32,52.32,52.32,52.32,0.0,,,,,,,,,,,,,,,,,,,,,,54.165758843239104,,"rgba(239, 83, 80, 1.0)",0.0,0.0,3.015028637456768,54.59624859313078,-0.7549674868265391,0.0,0.0,0.0,0.0,0.0,0.0,0.0,0.0,40.88577119610085,-0.22934935870279105,False,False,False,True,False,0.0,0,1.0450282719624882,0.8493311267411394,False,False,False,False,-0.1905020788238379,-0.18147154990908482,False,False,False,False,-515.0,1868.4369269631425,False,False,False,False,98.6612370603673,False,False,False,False
2025-04-03 17:00:00+00:00,52.095,52.095,50.37,50.37,988.0,,,,,,,,,,,,,,,,,,,,,,53.96449960997617,,"rgba(239, 83, 80, 1.0)",0.0,0.0,3.0997209508232695,53.940824792055544,-1.1519826618932114,0.0,0.0,0.0,0.0,0.0,0.0,0.0,0.0,35.80202861885141,-5.361035802673342,False,False,False,True,False,0.0,0,1.02068224550094,0.8532769272092401,False,False,False,False,-0.2546552642048319,-0.21806340705695837,False,False,False,False,-1503.0,1816.1665870102256,False,False,False,False,112.44943493540036,False,False,False,False
2025-04-04 17:00:00+00:00,50.37,50.37,50.37,50.37,0.0,,,,,,,,,,,,,,,,,,,,,,53.96449960997617,,"rgba(239, 83, 80, 1.0)",0.0,0.0,3.1876467399538626,53.940824792055544,-1.1202071883621678,0.0,0.0,0.0,0.0,0.0,0.0,0.0,0.0,32.41286690068512,-8.795442846863523,False,True,False,True,False,0.0,0,1.0206822455009399,0.8764437281762022,False,False,False,False,-0.3070114500956112,-0.2625374285762848,False,False,False,False,-1503.0,1764.7066399247958,False,False,False,False,110.70603284337865,False,False,False,False
2025-04-07 17:00:00+00:00,45.495,45.9,45.495,45.9,1.0,,,,,,,,,,,,,,,,,,,,,,53.96398104814908,,"rgba(239, 83, 80, 1.0)",0.0,0.0,3.424587248095686,53.93931074601022,-2.347526917435277,0.0,0.0,0.0,0.0,0.0,0.0,0.0,0.0,26.176355575945333,-14.788927657882674,False,True,False,True,False,0.0,0,1.015219450584149,0.8838017050836757,False,False,False,False,-0.34282825441539394,-0.30268284149583935,False,False,False,False,-1504.0,1714.0290176003805,False,False,False,False,109.0051641171247,False,False,False,False
2025-04-08 17:00:00+00:00,47.795,47.795,44.55,44.61,100.0,,,,,,,,,,,,,,,,,,,,,,53.9117417672197,,"rgba(239, 83, 80, 1.0)",0.0,0.0,3.6943870476247387,53.19817497716424,-2.324654906606471,0.0,0.0,0.0,0.0,0.0,0.0,0.0,0.0,21.419053636877447,-19.276351104909445,False,True,False,True,False,0.0,0,1.0031664839848984,0.8677992936304958,True,False,False,False,-0.32079317650116473,-0.311738008998502,False,False,False,False,-1604.0,1662.5867072499868,False,False,False,False,108.86554916957239,True,False,False,False
2025-04-09 17:00:00+00:00,44.61,50.5,44.61,50.45,255.0,,,,,,,,,,,,,,,,,,,,,,53.82669852167996,,"rgba(38, 166, 154, 1.0)",0.0,0.0,3.758931529469914,53.119784251749294,-0.7102508334664414,0.0,0.0,0.0,0.0,0.0,0.0,0.0,0.0,30.013780126866,-19.276351104909445,False,True,False,True,True,0.0,0,1.0001136363636363,0.845909090909091,False,False,False,False,-0.25825771641506784,-0.28499786270678495,False,False,False,False,-1349.0,1615.8954404709173,False,False,False,False,111.13119957004413,False,False,False,False
2025-04-10 17:00:00+00:00,48.85,48.85,46.78,46.78,10.0,,,,,,,,,,,,,,,,,,,,,,53.82276905483092,,"rgba(38, 166, 154, 1.0)",0.0,0.0,3.9158534478737868,53.10990730242844,-1.6164821760286825,0.0,0.0,0.0,0.0,0.0,0.0,0.0,0.0,32.27030381421918,-27.94377772012335,False,False,False,True,True,0.0,0,1.0063722258844212,0.8545923972753242,False,False,False,False,-0.2467279216697511,-0.26586289218826803,False,False,False,False,-1359.0,1569.7730305411355,False,False,False,False,109.56327399531476,False,False,False,False
2025-04-11 17:00:00+00:00,48.09,48.8,48.09,48.8,116.0,,,,,,,,,,,,,,,,,,,,,,53.78532386096278,,"rgba(38, 166, 154, 1.0)",0.0,0.0,4.007097258794856,53.03743848467711,-1.0574833129834071,0.0,0.0,0.0,0.0,0.0,0.0,0.0,0.0,36.3086027017589,-24.060409589597683,False,False,False,True,True,0.0,0,1.00759534583064,0.8438375350140057,False,False,False,False,-0.21904862772884678,-0.2424557599585574,False,False,False,False,-1243.0,1526.1641463466995,False,False,False,False,109.66306819693779,False,False,False,False
2025-04-14 17:00:00+00:00,49.23,49.5,49.23,49.445,4.0,,,,,,,,,,,,,,,,,,,,,,53.78424546440039,,"rgba(38, 166, 154, 1.0)",0.0,0.0,4.076839937239834,53.03588752906883,-0.8808016955161573,0.0,0.0,0.0,0.0,0.0,0.0,0.0,0.0,39.76843144767905,-20.63095891110428,True,False,False,True,True,0.0,0,1.0148954609468097,0.8439497345899687,False,False,False,False,-0.17920192904647755,-0.2108288445025175,False,False,False,False,-1239.0,1483.2933843878359,False,False,False,False,108.02488109310929,False,False,False,False
2025-04-15 17:00:00+00:00,49.41,49.41,48.79,49.35,27.0,,,,,,,,,,,,,,,,,,,,,,53.77663552642325,,"rgba(38, 166, 154, 1.0)",0.0,0.0,4.1445442462361095,53.02357569044992,-0.886364210922852,0.0,0.0,0.0,0.0,0.0,0.0,0.0,0.0,41.96893308702285,-18.253973784496644,True,False,False,True,True,0.0,0,1.0059507708953204,0.8464701109007303,False,False,False,False,-0.19061655225874646,-0.20072269838063198,False,False,False,False,-1266.0,1440.6686807539159,False,False,False,False,106.76868138623938,False,False,False,False
2025-04-16 17:00:00+00:00,49.07,49.13,48.24,48.92,59.0,,,,,,,,,,,,,,,,,,,,,,53.75858115119329,,"rgba(38, 166, 154, 1.0)",0.0,0.0,4.217449560195431,52.989116758493,-0.9648287905794037,0.0,0.0,0.0,0.0,0.0,0.0,0.0,0.0,42.917578806654774,-16.878326930118277,True,False,False,True,True,0.0,0,0.9960442615063878,0.8489335542844924,False,False,False,False,-0.20859259378704426,-0.20465764608383813,False,False,False,False,-1325.0,1397.7900965561805,False,False,False,False,106.02808167482482,False,False,False,False
2025-04-17 17:00:00+00:00,49.53,50.11,49.53,49.79,15.0,,,,,,,,,,,,,,,,,,,,,,53.754969203561394,,"rgba(38, 166, 154, 1.0)",0.0,0.0,4.268546652260271,52.984597412481676,-0.7484040055624275,0.0,0.0,0.0,0.0,0.0,0.0,0.0,0.0,44.854585930787515,-14.469903562690163,True,False,False,True,True,0.0,0,1.0032726313011349,0.8424914225389286,False,False,False,False,-0.1597087916281487,-0.18218321885599342,False,False,False,False,-1310.0,1355.808854749108,False,False,False,False,104.61679358684304,False,False,False,False
2025-04-18 17:00:00+00:00,49.79,49.79,49.79,49.79,0.0,,,,,,,,,,,,,,,,,,,,,,53.754969203561394,,"rgba(38, 166, 154, 1.0)",0.0,0.0,4.316500426031229,52.984597412481676,-0.7400896784849673,0.0,0.0,0.0,0.0,0.0,0.0,0.0,0.0,46.145924013542675,-12.633013312762372,True,False,False,True,True,0.0,0,1.0070441325577673,0.8441752494796948,False,False,False,False,-0.16099019692909516,-0.1715867078925443,False,False,False,False,-1310.0,1314.4784849080365,False,False,False,False,102.99482779479897,False,False,False,False
2025-04-21 17:00:00+00:00,49.79,49.79,49.79,49.79,0.0,,,,,,,,,,,,,,,,,,,,,,53.754969203561394,,"rgba(38, 166, 154, 1.0)",0.0,0.0,4.36141456513926,52.984597412481676,-0.7324681854405817,0.0,0.0,0.0,0.0,0.0,0.0,0.0,0.0,47.00681606871278,-11.157899583066595,True,False,False,True,True,0.0,0,1.0067239447142322,0.8435348737926252,False,False,False,False,-0.16099019692909516,-0.16628845241081974,False,False,False,False,-1310.0,1273.7888959947336,False,False,False,False,101.39800875922069,False,False,False,False
2025-04-22 17:00:00+00:00,49.79,49.79,49.79,49.79,0.0,,,,,,,,,,,,,,,,,,,,,,53.754969203561394,,"rgba(38, 166, 154, 1.0)",0.0,0.0,4.403382082645753,52.984597412481676,-0.7254872169898591,0.0,0.0,0.0,0.0,0.0,0.0,0.0,0.0,47.580744105492855,-9.921673852196925,True,False,False,False,True,0.0,0,1.0067419337578254,0.8431162716036172,False,False,False,False,-0.16099019692909516,-0.16363932466995745,False,False,False,False,-1310.0,1233.730153421172,False,False,False,False,99.82594660791494,False,False,False,False
2025-04-23 17:00:00+00:00,51.115,51.56,50.87,50.95,82.0,,,,,,,,,,,,,,,,,,,,,,53.74189148462782,,"rgba(38, 166, 154, 1.0)",0.0,0.0,4.425103856876586,52.985902504054835,-0.4600801630657891,0.0,0.0,0.0,0.0,0.0,0.0,0.0,0.0,50.21148590875331,-6.830038986737577,True,False,False,False,True,0.0,0,1.0129004744389358,0.8363452209606055,False,False,False,False,-0.10062368472473109,-0.13213150469734428,False,False,False,False,-1228.0,1195.563794453402,False,False,False,False,99.54957534267595,False,False,False,False
2025-04-24 17:00:00+00:00,52.78,52.94,52.66,52.94,155.0,,,,,,,,,,,,,,,,,,,,,,53.73355004508565,,"rgba(38, 166, 154, 1.0)",0.0,0.0,4.425080189633243,53.03899860541439,-0.02237216076814175,0.0,0.0,0.0,0.0,0.0,0.0,0.0,0.0,54.97044375852869,-1.9703443663128155,True,False,True,False,True,0.0,0,1.0117454102957515,0.8348764615628804,False,False,False,False,-0.0343093100774209,-0.0832204073873826,False,False,False,False,-1073.0,1160.3922627564498,False,False,False,False,100.40927184899104,False,False,False,False
2025-04-25 17:00:00+00:00,53.285,53.41,52.89,53.28,157.0,,,,,,,,,,,,,,,,,,,,,,53.72849918612036,,"rgba(38, 166, 154, 1.0)",0.0,0.0,4.422033436295073,53.08695912095854,0.043654323700274375,0.0,0.0,0.0,0.0,0.0,0.0,0.0,0.0,58.5864946724704,1.626204514443991,True,False,True,False,True,0.0,0,1.0116285188108392,0.8308339910549856,False,False,False,False,-0.019726578639180932,-0.05147349301328176,False,False,False,False,-916.0,1128.2001346516986,False,False,False,False,101.28664747923924,False,False,False,False
2025-04-28 17:00:00+00:00,53.28,53.28,53.28,53.28,0.0,,,,,,,,,,,,,,,,,,,,,,53.72849918612036,,"rgba(38, 166, 154, 1.0)",0.0,0.0,4.4273186087137395,53.08695912095854,0.04360221075156494,0.0,0.0,0.0,0.0,0.0,0.0,0.0,0.0,60.997195281764874,4.061765367891738,True,False,True,False,True,0.0,0,1.0157327019205469,0.8322020520915546,False,False,False,False,-0.014312601998690137,-0.03289304750598595,False,False,False,False,-916.0,1096.5071093082613,False,False,False,False,99.71631185940606,False,False,False,False
2025-04-29 17:00:00+00:00,53.28,53.28,53.28,53.28,0.0,,,,,,,,,,,,,,,,,,,,,,53.72849918612036,,"rgba(38, 166, 154, 1.0)",0.0,0.0,4.432552520483739,53.08695912095854,0.0435507257160248,0.0,0.0,0.0,0.0,0.0,0.0,0.0,0.0,62.604329021294525,5.801513486281436,True,False,True,False,True,0.0,0,1.0157327019205469,0.8322020520915546,False,False,False,False,-0.014312601998690137,-0.023602824752338044,False,False,False,False,-916.0,1065.305448698831,False,False,False,False,98.17032252825247,False,False,False,False
2025-04-30 17:00:00+00:00,52.93,53.725,52.93,53.725,563.0,,,,,,,,,,,,,,,,,,,,,,53.719789013732814,,"rgba(38, 166, 154, 1.0)",0.0,0.0,4.43012432969736,53.21104123226808,0.11601452453300151,0.0,0.0,0.0,0.0,0.0,0.0,0.0,0.0,64.41921611489605,7.791897694393768,True,False,True,False,True,0.0,0,1.0119494886245042,0.8289501147985805,False,False,False,False,-0.012334644227526814,-0.017968734489932428,False,False,False,False,-353.0,1043.3162169360585,False,False,False,False,105.37698419448111,False,False,False,False
2025-05-01 17:00:00+00:00,53.915,54.425,53.915,54.06,4.0,,,,,,,,,,,,,,,,,,,,,,53.71988430593158,,"rgba(38, 166, 154, 1.0)",0.0,0.0,4.426089159998041,53.21213273364624,0.19156127129489067,0.0,0.0,0.0,0.0,0.0,0.0,0.0,0.0,66.18688096333261,9.760206948093682,True,False,True,False,True,0.3405629127599994,0,1.020099461251554,0.8249067550766679,False,False,False,False,0.022746389585771548,0.00238882754791956,False,False,False,False,-349.0,1021.7299189990653,False,False,False,False,103.80524800541939,False,False,False,False
2025-05-02 17:00:00+00:00,54.06,54.06,54.06,54.06,0.0,,,,,,,,,,,,,,,,,,,,,,53.71988430593158,,"rgba(38, 166, 154, 1.0)",0.0,0.0,4.412094860047092,53.21213273364624,0.19216886609385134,0.0,0.0,0.0,0.0,0.0,0.0,0.0,0.0,67.36532419562366,11.206285237133727,True,False,True,False,True,0.3405629127599781,0,1.0216017405719022,0.8286883547451306,False,False,False,False,0.01816474576257866,0.01027678665524911,False,False,False,False,-349.0,1000.4782923479169,False,False,False,False,102.19586431541288,False,False,False,False
2025-05-05 17:00:00+00:00,55.395,55.395,55.16,55.16,0.0,,,,,,,,,,,,,,,,,,,,,,53.71988430593158,,"rgba(38, 166, 154, 1.0)",0.0,0.0,4.39623587457097,53.21213273364624,0.44307615012669144,0.0,0.0,0.0,0.0,0.0,0.0,0.0,0.0,69.95483682191542,13.954494595455266,True,False,True,False,True,2.6433094125310106,0,1.0218427531297471,0.8354198313341364,False,False,False,False,0.06896102357390141,0.03961890511457526,False,False,False,False,-349.0,979.5561482805073,False,False,False,False,100.61143231052276,False,False,False,False
2025-05-06 17:00:00+00:00,54.48,54.605,54.42,54.545,0.0,,,,,,,,,,,,,,,,,,,,,,53.71988430593158,,"rgba(38, 166, 154, 1.0)",0.0,0.0,4.359829014541277,53.21213273364624,0.3057154906553136,0.0,0.0,0.0,0.0,0.0,0.0,0.0,0.0,69.15021103299608,13.954494595455266,True,False,True,False,True,1.3007103007064025,0,1.00879258910347,0.844140890773015,False,False,False,False,0.03701894885789912,0.03831892698623719,False,False,False,False,-349.0,958.9583785397242,False,False,False,False,99.05156514291775,False,False,False,False
2025-05-07 17:00:00+00:00,54.545,54.545,54.545,54.545,0.0,,,,,,,,,,,,,,,,,,,,,,53.71988430593158,,"rgba(38, 166, 154, 1.0)",0.0,0.0,4.334671041271294,53.21213273364624,0.30748983109981254,0.0,0.0,0.0,0.0,0.0,0.0,0.0,0.0,68.6137938403832,13.954494595455266,True,False,True,False,True,1.3007103007064025,0,1.0167588932806324,0.8436890645586297,False,False,False,False,0.03837397163183159,0.038346449309034386,False,False,False,False,-349.0,938.67995406624,False,False,False,False,97.51588196240739,False,False,False,False
2025-05-08 17:00:00+00:00,54.545,54.545,54.545,54.545,0.0,,,,,,,,,,,,,,,,,,,,,,53.71988430593158,,"rgba(38, 166, 154, 1.0)",0.0,0.0,4.308578586080608,53.21213273364624,0.3093519683404987,0.0,0.0,0.0,0.0,0.0,0.0,0.0,0.0,68.25618237864127,13.954494595455266,True,False,True,False,True,1.3007103007064025,0,1.0159054271896832,0.845137023105857,False,False,False,False,0.03837397163183159,0.03836021047043299,False,False,False,False,-349.0,918.7159237706394,False,False,False,False,96.00400782345534,False,False,False,False
2025-05-09 17:00:00+00:00,56.47,56.795,56.41,56.68,190.0,,,,,,,,,,,,,,,,,,,,,,53.751373582540296,,"rgba(38, 166, 154, 1.0)",0.0,0.0,4.252389180065565,53.33953662416732,0.7855497778736169,0.0,0.0,0.0,0.0,0.0,0.0,0.0,0.0,71.62202346021255,16.74451671950588,True,False,True,False,True,5.719447722905063,0,1.0226222717858848,0.8408475386331046,False,False,False,False,0.12465844454025328,0.08150932750534313,False,False,False,False,-159.0,902.0071497586914,False,False,False,False,97.46131002774285,False,False,False,False
2025-05-12 17:00:00+00:00,56.68,56.68,56.68,56.68,0.0,,,,,,,,,,,,,,,,,,,,,,53.751373582540296,,"rgba(38, 166, 154, 1.0)",0.0,0.0,4.194642021041203,53.33953662416732,0.7963643522084155,0.0,0.0,0.0,0.0,0.0,0.0,0.0,0.0,73.8659175145934,19.035309231904805,True,False,True,False,True,5.719447722905063,0,1.0219850246933249,0.8411130582550047,False,False,False,False,0.12793681007850488,0.104723068791924,False,False,False,False,-159.0,885.5574265066186,False,False,False,False,95.95028196529722,False,False,False,False
2025-05-13 17:00:00+00:00,56.68,56.68,56.68,56.68,0.0,,,,,,,,,,,,,,,,,,,,,,53.751373582540296,,"rgba(38, 166, 154, 1.0)",0.0,0.0,4.146961440523548,53.33953662416732,0.8055207225198958,0.0,0.0,0.0,0.0,0.0,0.0,0.0,0.0,75.36184688418064,20.604885008972417,True,False,True,False,True,5.719447722905063,0,1.0219850246933249,0.8411130582550047,False,False,False,False,0.12793681007850488,0.11632993943521444,False,False,False,False,-159.0,869.3627377235703,False,False,False,False,94.46268069451742,False,False,False,False
2025-05-14 17:00:00+00:00,56.68,56.68,56.68,56.68,0.0,,,,,,,,,,,,,,,,,,,,,,53.751373582540296,,"rgba(38, 166, 154, 1.0)",0.0,0.0,4.098109641118768,53.33953662416732,0.8151229880030109,0.0,0.0,0.0,0.0,0.0,0.0,0.0,0.0,76.35913313057213,21.73985480652054,True,False,True,False,True,5.719447722905063,0,1.0219850246933249,0.8411130582550047,False,False,False,False,0.12793681007850488,0.12213337475685966,False,False,False,False,-159.0,853.4191293867707,False,False,False,False,92.9981430093311,False,False,False,False
2025-05-15 17:00:00+00:00,59.34,59.725,59.33,59.6,112.0,,,,,,,,,,,,,,,,,,,,,,53.78815705037462,,"rgba(38, 166, 154, 1.0)",0.0,0.0,4.0832019177235,53.779783881314884,1.4254049238716198,0.0,0.0,0.0,0.0,0.0,0.0,0.0,0.0,80.06813591969754,25.35084592243571,True,False,True,False,True,11.37581730993357,0,1.0212962962962966,0.8420267489711932,False,False,False,False,0.2509331240574057,0.18653324940713267,False,False,False,False,-47.0,839.4591428846502,False,False,False,False,93.29274544329496,False,False,False,False
2025-05-16 17:00:00+00:00,59.6,59.6,59.6,59.6,0.0,,,,,,,,,,,,,,,,,,,,,,53.78815705037462,,"rgba(38, 166, 154, 1.0)",0.0,0.0,4.0682094219571425,53.779783881314884,1.4306579418630607,0.0,0.0,0.0,0.0,0.0,0.0,0.0,0.0,82.54080444578115,27.702211724946878,True,False,True,False,True,11.37581730993356,0,1.0262211332951052,0.8412135745191053,False,False,False,False,0.25414821223724243,0.22034073082218755,False,False,False,False,-47.0,825.7155902817874,False,False,False,False,91.84634628913535,False,False,False,False
2025-05-19 17:00:00+00:00,59.23,59.37,59.23,59.37,4.0,,,,,,,,,,,,,,,,,,,,,,53.78941041607697,,"rgba(38, 166, 154, 1.0)",0.0,0.0,4.049317092908246,53.78325369637063,1.3796761714249774,0.0,0.0,0.0,0.0,0.0,0.0,0.0,0.0,83.01224315736812,28.24241653112216,True,False,True,False,True,10.80128683234376,0,1.023575842550761,0.8410967440411278,False,False,False,False,0.24087697744273348,0.23060885413246052,False,False,False,False,-51.0,812.1231005099767,False,False,False,False,90.48438743193945,False,False,False,False
2025-05-20 17:00:00+00:00,58.81,58.865,58.53,58.625,53.0,,,,,,,,,,,,,,,,,,,,,,53.80401973510928,,"rgba(38, 166, 154, 1.0)",0.0,0.0,4.019018469658907,53.812590255248395,1.1974092134888925,0.0,0.0,0.0,0.0,0.0,0.0,0.0,0.0,79.73834336548374,28.24241653112216,True,False,True,False,False,8.95553795887756,0,1.0186309616482434,0.8492916082827336,False,False,False,False,0.21446843521535397,0.22253864467390724,False,False,False,False,-104.0,797.9196415873414,False,False,False,False,89.90323413842101,False,False,False,False
2025-05-21 17:00:00+00:00,58.31,58.31,57.09,57.145,304.0,,,,,,,,,,,,,,,,,,,,,,53.866617560019215,,"rgba(239, 83, 80, 1.0)",0.0,0.0,3.988243345381768,53.935309517072,0.8047880244430675,0.0,0.0,0.0,0.0,0.0,0.0,0.0,0.0,72.12182457368763,27.61064859582669,True,False,True,False,False,5.447450107149862,0,0.9972182155367814,0.8610138058932615,False,False,False,False,0.17136786474421548,0.19695325470906136,False,False,False,False,-408.0,779.2232130355997,False,False,False,False,93.2225638417013,False,False,False,False
2025-05-22 17:00:00+00:00,57.145,57.145,57.09,57.105,0.0,,,,,,,,,,,,,,,,,,,,,,53.866617560019215,,"rgba(239, 83, 80, 1.0)",0.0,0.0,3.956605318786374,53.935309517072,0.8011136384713373,0.0,0.0,0.0,0.0,0.0,0.0,0.0,0.0,66.91658833848255,23.107285923922802,True,False,True,False,False,5.354851295370686,0,0.9886155935035772,0.8764948561282568,False,False,False,False,0.1464972209261677,0.17172523781761453,False,False,False,False,-408.0,760.8166515931872,False,False,False,False,91.7772527743881,False,False,False,False
2025-05-23 17:00:00+00:00,57.105,57.105,57.105,57.105,0.0,,,,,,,,,,,,,,,,,,,,,,53.866617560019215,,"rgba(239, 83, 80, 1.0)",0.0,0.0,3.925323364197336,53.935309517072,0.8074979279003035,0.0,0.0,0.0,0.0,0.0,0.0,0.0,0.0,63.446430848345834,20.185715359894914,True,False,True,False,False,5.354851295370686,0,0.9835078534031413,0.8791623036649212,False,False,False,False,0.1459655902001285,0.15884541400887153,False,False,False,False,-408.0,742.6954631963936,False,False,False,False,90.35434963059913,False,False,False,False
2025-05-26 17:00:00+00:00,57.105,57.105,57.105,57.105,0.0,,,,,,,,,,,,,,,,,,,,,,53.866617560019215,,"rgba(239, 83, 80, 1.0)",0.0,0.0,3.893533460856705,53.935309517072,0.8140909831119215,0.0,0.0,0.0,0.0,0.0,0.0,0.0,0.0,61.13299252158802,18.185145118060575,True,False,True,False,False,5.354851295370686,0,0.9806496199032478,0.8842698421136567,False,False,False,False,0.1459655902001285,0.15240550210450002,False,False,False,False,-408.0,724.8552234569146,False,False,False,False,88.95350700066736,False,False,False,False
2025-05-27 17:00:00+00:00,57.105,58.25,57.105,58.09,4.0,,,,,,,,,,,,,,,,,,,,,,53.86749371278522,,"rgba(239, 83, 80, 1.0)",0.0,0.0,3.8724474882881927,53.93767581427363,1.0722738522044872,0.0,0.0,0.0,0.0,0.0,0.0,0.0,0.0,62.35748001766875,18.185145118060575,True,False,True,False,False,7.390937023667004,0,0.974002100840336,0.8736344537815125,False,False,False,False,0.17040348139841668,0.16140449175145835,False,False,False,False,-404.0,707.3535920854895,False,False,False,False,87.6363983649981,False,False,False,False
2025-05-28 17:00:00+00:00,57.84,57.98,57.715,57.83,116.0,,,,,,,,,,,,,,,,,,,,,,53.892904586043414,,"rgba(239, 83, 80, 1.0)",0.0,0.0,3.8478390003965806,54.00617994669598,0.9937578087102692,0.0,0.0,0.0,0.0,0.0,0.0,0.0,0.0,62.01525523442771,18.185145118060575,True,False,True,False,False,6.747228486410364,0,0.9820566631689402,0.8755508919202516,False,False,False,False,0.17769784336126881,0.16955116755636357,False,False,False,False,-520.0,688.3248542236989,False,False,False,False,88.07614412678107,False,False,False,False
2025-05-29 17:00:00+00:00,57.83,57.83,57.83,57.83,0.0,,,,,,,,,,,,,,,,,,,,,,53.892904586043414,,"rgba(239, 83, 80, 1.0)",0.0,0.0,3.806325224112057,54.00617994669598,1.0045962518076847,0.0,0.0,0.0,0.0,0.0,0.0,0.0,0.0,61.78710537893369,18.185145118060575,True,False,True,False,False,6.747228486410364,0,0.9812513166210238,0.8795028439014111,False,False,False,False,0.19133873792201092,0.18044495273918726,False,False,False,False,-520.0,669.5911355535641,False,False,False,False,86.71062251241237,False,False,False,False
2025-05-30 17:00:00+00:00,57.83,57.83,57.83,57.83,0.0,,,,,,,,,,,,,,,,,,,,,,53.892904586043414,,"rgba(239, 83, 80, 1.0)",0.0,0.0,3.7640616264784934,54.00617994669598,1.0158760490012042,0.0,0.0,0.0,0.0,0.0,0.0,0.0,0.0,61.63500547527101,17.61269516269411,True,False,True,False,False,6.7472284864103536,0,0.9878980891719746,0.8784501061571123,False,False,False,False,0.19538438931563634,0.1879146710274118,False,False,False,False,-520.0,651.147862134129,False,False,False,False,85.36627177578582,False,False,False,False
2025-06-02 17:00:00+00:00,57.83,57.83,57.83,57.83,0.0,,,,,,,,,,,,,,,,,,,,,,53.892904586043414,,"rgba(239, 83, 80, 1.0)",0.0,0.0,3.7210226580365804,54.00617994669598,1.0276261137634888,0.0,0.0,0.0,0.0,0.0,0.0,0.0,0.0,61.53360553949589,16.96453014661452,False,False,True,False,False,6.7472284864103536,0,0.9898655856624706,0.8749199914657559,False,False,False,False,0.19538438931563634,0.19164953017152409,False,False,False,False,-520.0,632.990530938251,False,False,False,False,84.04276368623874,False,False,False,False
2025-06-03 17:00:00+00:00,57.83,57.83,57.83,57.83,0.0,,,,,,,,,,,,,,,,,,,,,,53.892904586043414,,"rgba(239, 83, 80, 1.0)",0.0,0.0,3.677181093282297,54.00617994669598,1.0398780903909277,0.0,0.0,0.0,0.0,0.0,0.0,0.0,0.0,61.46600558231248,16.336523549469845,False,False,True,False,False,6.7472284864103536,0,0.9879987198634522,0.8749199914657559,False,False,False,False,0.19538438931563634,0.1935169597435802,False,False,False,False,-520.0,615.1147087531618,False,False,False,False,82.73977510195597,False,False,False,False
2025-06-04 17:00:00+00:00,57.83,58.35,57.83,57.98,1020.0,,,,,,,,,,,,,,,,,,,,,,54.11436567164177,,"rgba(239, 83, 80, 1.0)",0.0,0.0,3.634598224323048,54.54498633791307,0.9450875860499554,0.0,0.0,0.0,0.0,0.0,0.0,0.0,0.0,62.10167409040793,16.336523549469845,False,False,True,False,False,7.085883426617954,0,0.9914176902858982,0.8686370219385289,False,False,False,False,0.20705092952273646,0.20028394463315835,False,False,False,False,500.0,613.3299845864462,False,False,False,False,97.27094137944502,False,False,False,False
2025-06-05 17:00:00+00:00,57.98,58.31,57.92,57.92,31.0,,,,,,,,,,,,,,,,,,,,,,54.12072239879121,,"rgba(239, 83, 80, 1.0)",0.0,0.0,3.5903773647935155,54.55865938406321,0.9362081682269358,0.0,0.0,0.0,0.0,0.0,0.0,0.0,0.0,62.03507685553882,15.93357123957368,False,False,True,False,False,6.919977895136945,0,0.9978948504804062,0.869696642556407,False,False,False,False,0.20817559778040806,0.2042297712067832,False,False,False,False,469.0,611.0923104068114,False,False,False,False,96.24348492394975,False,False,False,False
2025-06-06 17:00:00+00:00,57.92,57.92,57.92,57.92,0.0,,,,,,,,,,,,,,,,,,,,,,54.12072239879121,,"rgba(239, 83, 80, 1.0)",0.0,0.0,3.545317160109343,54.55865938406321,0.9481071690164727,0.0,0.0,0.0,0.0,0.0,0.0,0.0,0.0,61.9906786989594,15.42912306526165,False,False,True,False,False,6.919977895136945,0,0.9987551418055859,0.8648516995020563,False,False,False,False,0.19941671151259144,0.20182324135968732,False,False,False,False,469.0,608.8893288501167,False,False,False,False,94.75133787086526,False,False,False,False
2025-06-09 17:00:00+00:00,57.635,58.65,57.635,58.495,6.0,,,,,,,,,,,,,,,,,,,,,,54.12201599041615,,"rgba(239, 83, 80, 1.0)",0.0,0.0,3.5085657306777795,54.77152435452072,1.061252925354196,0.0,0.0,0.0,0.0,0.0,0.0,0.0,0.0,64.75112967226072,15.42912306526165,False,False,True,False,True,8.265853565938759,0,0.9929684119428818,0.8607745564690606,False,False,False,False,0.20941333288948127,0.2056182871245843,False,False,False,False,475.0,606.8135253020529,False,False,False,False,93.37534813643323,False,False,False,False
2025-06-10 17:00:00+00:00,58.495,58.495,58.495,58.495,0.0,,,,,,,,,,,,,,,,,,,,,,54.12201599041615,,"rgba(239, 83, 80, 1.0)",0.0,0.0,3.5162100771009572,54.77152435452072,1.0589457295876943,0.0,0.0,0.0,0.0,0.0,0.0,0.0,0.0,66.59143032112826,13.355973166464672,True,False,True,False,True,8.265853565938759,0,1.005354020979021,0.8572989510489506,False,False,False,False,0.22533639076123904,0.21547733894291166,False,False,False,False,475.0,604.7699047547343,False,False,False,False,91.9276683203645,False,False,False,False
2025-06-11 17:00:00+00:00,58.495,58.495,58.495,58.495,0.0,,,,,,,,,,,,,,,,,,,,,,54.12201599041615,,"rgba(239, 83, 80, 1.0)",0.0,0.0,3.523826303866272,54.77152435452072,1.0566569757975735,0.0,0.0,0.0,0.0,0.0,0.0,0.0,0.0,67.81829742037328,14.619691856671153,True,False,True,False,True,8.265853565938759,0,1.0092348284960422,0.8556508355321014,False,False,False,False,0.22533639076123904,0.22040686485207533,False,False,False,False,475.0,602.757968246909,False,False,False,False,90.50243315260691,False,False,False,False
2025-06-12 17:00:00+00:00,58.495,58.495,58.495,58.495,0.0,,,,,,,,,,,,,,,,,,,,,,54.12201599041615,,"rgba(239, 83, 80, 1.0)",0.0,0.0,3.531414592911322,54.77152435452072,1.0543864356661723,0.0,0.0,0.0,0.0,0.0,0.0,0.0,0.0,68.63620881986998,15.507341356981584,True,False,True,False,True,8.265853565938759,0,1.0092899800928998,0.8545675735456754,False,False,False,False,0.22533639076123904,0.2228716278066572,False,False,False,False,475.0,600.7772245531585,False,False,False,False,89.09929465411687,False,False,False,False
2025-06-13 17:00:00+00:00,58.495,58.495,58.495,58.495,0.0,,,,,,,,,,,,,,,,,,,,,,54.12201599041615,,"rgba(239, 83, 80, 1.0)",0.0,0.0,3.538975123948731,54.77152435452072,1.0521338848306687,0.0,0.0,0.0,0.0,0.0,0.0,0.0,0.0,69.1814830862011,16.16787527971593,True,False,True,False,True,8.265853565938759,0,1.0147206423553028,0.8533511765361879,False,False,False,False,0.22533639076123904,0.22410400928394814,False,False,False,False,475.0,598.8271900639622,False,False,False,False,87.71791024087474,False,False,False,False
2025-06-16 17:00:00+00:00,59.065,59.065,58.675,58.675,0.0,,,,,,,,,,,,,,,,,,,,,,54.12201599041615,,"rgba(239, 83, 80, 1.0)",0.0,0.0,3.5495799307361273,54.77152435452072,1.0997007312551927,0.0,0.0,0.0,0.0,0.0,0.0,0.0,0.0,70.63769539793611,17.67277685263491,True,False,True,False,True,8.71963261781331,0,1.009308510638298,0.8499556737588649,False,False,False,False,0.24240027987627283,0.23325214458011048,False,False,False,False,475.0,596.9073886676217,False,False,False,False,86.35794264024102,False,False,False,False
2025-06-17 17:00:00+00:00,58.675,58.675,58.675,58.675,0.0,,,,,,,,,,,,,,,,,,,,,,54.12201599041615,,"rgba(239, 83, 80, 1.0)",0.0,0.0,3.588003156164812,54.77152435452072,1.0879242507834552,0.0,0.0,0.0,0.0,0.0,0.0,0.0,0.0,71.60850360575947,18.696262108645712,True,False,True,False,True,8.71963261781331,0,1.009308510638298,0.8542774822695032,False,False,False,False,0.23351037417681167,0.23338125937846108,False,False,False,False,475.0,595.0173516340152,False,False,False,False,85.01905980860937,False,False,False,False
2025-06-18 17:00:00+00:00,58.675,58.675,58.675,58.675,0.0,,,,,,,,,,,,,,,,,,,,,,54.12201599041615,,"rgba(239, 83, 80, 1.0)",0.0,0.0,3.6240765310217573,54.77152435452072,1.0770952578031638,0.0,0.0,0.0,0.0,0.0,0.0,0.0,0.0,72.2557090776417,19.428950004064248,True,False,True,False,True,8.71963261781331,0,1.0186243144424134,0.8497486288848259,False,False,False,False,0.23351037417681167,0.23344581677763637,False,False,False,False,475.0,593.1566175001545,False,False,False,False,83.70093485033635,False,False,False,False
2025-06-19 17:00:00+00:00,58.675,58.675,58.675,58.675,0.0,,,,,,,,,,,,,,,,,,,,,,54.12201599041615,,"rgba(239, 83, 80, 1.0)",0.0,0.0,3.6527514213187198,54.77152435452072,1.0686398265968067,0.0,0.0,0.0,0.0,0.0,0.0,0.0,0.0,72.68717939222985,19.98505240119991,True,False,True,False,True,8.71963261781331,0,1.0186573570651867,0.8404395352830077,False,False,False,False,0.23351037417681167,0.23347809547722403,False,False,False,False,475.0,591.3247319575165,False,False,False,False,82.40324593792803,False,False,False,False
2025-06-20 17:00:00+00:00,58.94,59.0,58.715,59.0,620.0,,,,,,,,,,,,,,,,,,,,,,54.27164261567182,,"rgba(38, 166, 154, 1.0)",0.0,0.0,3.684474080822421,55.11984265931592,1.0531102283715832,0.0,0.0,0.0,0.0,0.0,0.0,0.0,0.0,75.10670096183048,22.350471426312083,True,False,True,False,True,9.590285693861674,0,1.0185882084616265,0.8377808187934769,False,False,False,False,0.24182929960057253,0.23765369753889828,False,False,False,False,1095.0,599.133650841896,False,False,False,False,90.73807933423923,False,False,False,False
2025-06-23 17:00:00+00:00,59.0,59.0,59.0,59.0,0.0,,,,,,,,,,,,,,,,,,,,,,54.27164261567182,,"rgba(38, 166, 154, 1.0)",0.0,0.0,3.7136897377767615,55.11984265931592,1.0448253932508036,0.0,0.0,0.0,0.0,0.0,0.0,0.0,0.0,76.71971534156424,23.87780792102059,True,False,True,False,True,9.590285693861663,0,1.0218382939901927,0.8377808187934768,False,False,False,False,0.24834774860653325,0.24300072307271575,False,False,False,False,1095.0,606.8215012164403,False,False,False,False,89.3312874065766,False,False,False,False
2025-06-24 17:00:00+00:00,59.0,59.0,59.0,59.0,0.0,,,,,,,,,,,,,,,,,,,,,,54.27164261567182,,"rgba(38, 166, 154, 1.0)",0.0,0.0,3.7404571371150004,55.11984265931592,1.037348430538848,0.0,0.0,0.0,0.0,0.0,0.0,0.0,0.0,77.79505826138674,24.904458999266424,True,False,True,False,True,9.590285693861663,0,1.0222739168362895,0.8544925850537944,False,False,False,False,0.24834774860653325,0.2456742358396245,False,False,False,False,1095.0,614.3901601123094,False,False,False,False,87.94630620647465,False,False,False,False
2025-06-25 17:00:00+00:00,60.46,60.46,59.88,60.175,7.0,,,,,,,,,,,,,,,,,,,,,,54.27372574733514,,"rgba(38, 166, 154, 1.0)",0.0,0.0,3.785547734297982,55.125029349218835,1.334013201056006,0.0,0.0,0.0,0.0,0.0,0.0,0.0,0.0,82.21871487295724,28.97021114155561,True,False,True,False,True,12.732239231350878,0,1.0163698195861433,0.8480604069398808,False,False,False,False,0.30271395147799635,0.2741940936588104,False,False,False,False,1102.0,621.9500025911883,False,False,False,False,86.6913247149014,False,False,False,False
2025-06-26 17:00:00+00:00,60.175,60.175,60.175,60.175,0.0,,,,,,,,,,,,,,,,,,,,,,54.27372574733514,,"rgba(38, 166, 154, 1.0)",0.0,0.0,3.827121895106024,55.125029349218835,1.3195217683656406,0.0,0.0,0.0,0.0,0.0,0.0,0.0,0.0,85.1678192806709,31.525286397413936,True,False,True,False,True,12.732239231350889,0,1.016956999826379,0.8547948376642165,False,False,False,False,0.30294983710682877,0.2885719653828196,False,False,False,False,1102.0,629.3926382099295,False,False,False,False,85.34727316893394,False,False,False,False
2025-06-27 17:00:00+00:00,60.175,60.175,60.175,60.175,0.0,,,,,,,,,,,,,,,,,,,,,,54.27372574733514,,"rgba(38, 166, 154, 1.0)",0.0,0.0,3.8405893527656,55.125029349218835,1.3148947171726886,0.0,0.0,0.0,0.0,0.0,0.0,0.0,0.0,87.13388888581335,33.18827170018501,True,False,True,False,True,12.732239231350889,0,1.0129058394583021,0.8547948376642165,False,False,False,False,0.30294983710682877,0.2957609012448242,False,False,False,False,1102.0,636.7198841291554,False,False,False,False,84.02405963143109,False,False,False,False
2025-06-30 17:00:00+00:00,60.175,61.8,60.175,61.785,3.0,,,,,,,,,,,,,,,,,,,,,,54.274781717013795,,"rgba(38, 166, 154, 1.0)",0.0,0.0,3.882800926655387,55.127983306455064,1.714488282889958,0.0,0.0,0.0,0.0,0.0,0.0,0.0,0.0,89.99211781261133,35.724528468210636,True,False,True,False,True,16.802056648526666,0,1.0126675755510113,0.8390138604862529,False,False,False,False,0.3417403266509474,0.3187506139478858,False,False,False,False,1105.0,643.9800409643623,False,False,False,False,82.76787266040115,False,False,False,False
2025-07-01 17:00:00+00:00,61.785,61.785,61.785,61.785,0.0,,,,,,,,,,,,,,,,,,,,,,54.274781717013795,,"rgba(38, 166, 154, 1.0)",0.0,0.0,3.9431516719634296,55.127983306455064,1.6882476879795436,0.0,0.0,0.0,0.0,0.0,0.0,0.0,0.0,91.89760376380997,37.40410721645114,True,False,True,False,True,16.802056648526655,0,1.030958872983413,0.8391842763008407,False,False,False,False,0.34282824981146154,0.3307894318796737,False,False,False,False,1105.0,651.1276372284807,False,False,False,False,81.48464982845695,False,False,False,False
2025-07-02 17:00:00+00:00,61.785,61.785,61.785,61.785,0.0,,,,,,,,,,,,,,,,,,,,,,54.274781717013795,,"rgba(38, 166, 154, 1.0)",0.0,0.0,3.9983328868259256,55.127983306455064,1.6649480876089837,0.0,0.0,0.0,0.0,0.0,0.0,0.0,0.0,93.16792773127574,38.582558039171474,True,False,True,False,True,16.802056648526644,0,1.0309588729834127,0.8391842763008407,False,False,False,False,0.34282824981146154,0.3368088408455676,False,False,False,False,1105.0,658.1644180466437,False,False,False,False,80.22132192413979,False,False,False,False
2025-07-03 17:00:00+00:00,64.32,64.32,64.31,64.31,0.0,,,,,,,,,,,,,,,,,,,,,,54.274781717013795,,"rgba(38, 166, 154, 1.0)",0.0,0.0,4.125814456313781,55.127983306455064,2.225504028542436,0.0,0.0,0.0,0.0,0.0,0.0,0.0,0.0,94.78314858279998,40.160872780590395,True,False,True,False,True,20.0,0,1.0300922091546574,0.8435757274584507,False,False,False,False,0.3428282504371067,0.3398185456413372,False,False,False,False,1105.0,665.092101487781,False,False,False,False,78.97758049895933,False,False,False,False
2025-07-04 17:00:00+00:00,64.31,64.31,64.31,64.31,0.0,,,,,,,,,,,,,,,,,,,,,,54.274781717013795,,"rgba(38, 166, 154, 1.0)",0.0,0.0,4.242986723209626,55.127983306455064,2.164045586878283,0.0,0.0,0.0,0.0,0.0,0.0,0.0,0.0,95.85996248381613,41.2912764131259,True,False,True,False,True,20.0,0,1.0300922091546574,0.8436861575837888,False,False,False,False,0.3426293491337183,0.3412239473875277,False,False,False,False,1105.0,671.9123789840944,False,False,False,False,77.75312188657236,False,False,False,False
2025-07-07 17:00:00+00:00,62.91,63.25,62.825,62.95,620.0,,,,,,,,,,,,,,,,,,,,,,54.53957715943729,,"rgba(239, 83, 80, 1.0)",0.0,0.0,4.32638341359631,56.277156256938156,1.5423606983355735,0.0,0.0,0.0,0.0,0.0,0.0,0.0,0.0,87.82149896141209,42.97698651334274,True,False,True,False,False,17.42697374659719,0,1.0249891351586264,0.8462081703607124,False,False,False,False,0.2928022522794205,0.31701309983347414,False,False,False,False,485.0,669.0145126432557,False,False,False,False,86.1600502294162,False,False,False,False
2025-07-08 17:00:00+00:00,62.99,63.115,62.845,62.86,941.0,,,,,,,,,,,,,,,,,,,,,,54.90913292815957,,"rgba(239, 83, 80, 1.0)",0.0,0.0,4.403747842811037,56.96484859035587,1.3386668855865023,0.0,0.0,0.0,0.0,0.0,0.0,0.0,0.0,81.99467913660426,37.90218211693232,True,False,True,False,False,17.10229020814575,0,1.0251327050157077,0.848120463655075,False,False,False,False,0.29058543344144594,0.30379926663746004,False,False,False,False,-456.0,651.5724271759184,False,False,False,False,99.41338278399888,False,False,False,False
2025-07-09 17:00:00+00:00,62.205,62.54,62.095,62.42,302.0,,,,,,,,,,,,,,,,,,,,,,55.012749247034236,,"rgba(239, 83, 80, 1.0)",0.0,0.0,4.465502838830515,57.121322188639304,1.1865803253522027,0.0,0.0,0.0,0.0,0.0,0.0,0.0,0.0,75.83240257322171,32.60112296484925,False,False,True,False,False,15.51604186039756,0,1.0199838839645445,0.852108514638732,False,False,False,False,0.2652372924931099,0.28451827956528497,False,False,False,False,-758.0,629.7185910956716,False,False,False,False,102.55426057029348,False,False,False,False
2025-07-10 17:00:00+00:00,63.805,63.925,63.68,63.76,327.0,,,,,,,,,,,,,,,,,,,,,,55.14307378476164,,"rgba(239, 83, 80, 1.0)",0.0,0.0,4.551108195902464,57.34602673437887,1.4093212003607989,0.0,0.0,0.0,0.0,0.0,0.0,0.0,0.0,74.76176921088219,31.917983266310245,False,False,True,False,False,18.537964419956808,0,1.0281306220356539,0.8459357793163603,False,False,False,False,0.3225730233988748,0.3035456514820799,False,False,False,False,-431.0,613.2733416213201,False,False,False,False,106.0340394761804,False,False,False,False
2025-07-11 17:00:00+00:00,63.76,63.76,63.76,63.76,0.0,,,,,,,,,,,,,,,,,,,,,,55.14307378476164,,"rgba(239, 83, 80, 1.0)",0.0,0.0,4.631552633058654,57.34602673437887,1.384843004879203,0.0,0.0,0.0,0.0,0.0,0.0,0.0,0.0,74.04801363598918,31.23735063152175,False,False,True,False,False,18.537964419956808,0,1.027727347747153,0.8537162348022224,False,False,False,False,0.3209049577774628,0.3122253046297714,False,False,False,False,-431.0,597.0830572550981,False,False,False,False,104.39010087965046,False,False,False,False
2025-07-14 17:00:00+00:00,63.71,63.905,63.64,63.795,298.0,,,,,,,,,,,,,,,,,,,,,,55.25840308583889,,"rgba(239, 83, 80, 1.0)",0.0,0.0,4.691532171595635,57.53399998801329,1.3345320426220766,0.0,0.0,0.0,0.0,0.0,0.0,0.0,0.0,73.6468984213267,30.609972140171095,False,False,True,False,False,18.615866934021494,0,1.0229421968552401,0.8568071176766827,False,False,False,False,0.3213953856979133,0.3168103451638423,False,False,False,False,-133.0,585.7639400883523,False,False,False,False,107.39180474198146,False,False,False,False
2025-07-15 17:00:00+00:00,63.445,63.49,63.25,63.395,292.0,,,,,,,,,,,,,,,,,,,,,,55.36327369631562,,"rgba(239, 83, 80, 1.0)",0.0,0.0,4.737648418840328,57.69080401363077,1.2040142032670076,0.0,0.0,0.0,0.0,0.0,0.0,0.0,0.0,71.06690428001227,27.864645967153905,False,True,True,False,False,17.13342386453927,0,1.0169632925472747,0.8574527252502779,False,False,False,False,0.30567705078451785,0.31124369797418006,False,False,False,False,-425.0,570.0931813272927,False,False,False,False,110.25394730412127,False,False,False,False
2025-07-16 17:00:00+00:00,63.395,63.395,63.395,63.395,0.0,,,,,,,,,,,,,,,,,,,,,,55.36327369631562,,"rgba(239, 83, 80, 1.0)",0.0,0.0,4.7786975985867155,57.69080401363077,1.1936716790901842,0.0,0.0,0.0,0.0,0.0,0.0,0.0,0.0,69.34690818580265,25.93892731458982,False,True,True,False,False,17.13342386453926,0,1.0188615315111813,0.8579737971538286,False,False,False,False,0.30664901667373423,0.30894635732395714,False,False,False,False,-425.0,554.6653800664044,False,False,False,False,108.54458378002636,False,False,False,False
2025-07-17 17:00:00+00:00,67.6,68.145,67.6,68.115,154.0,,,,,,,,,,,,,,,,,,,,,,55.44845004319875,,"rgba(38, 166, 154, 1.0)",0.0,0.0,4.902442866884093,58.56199742527864,1.9486208884251772,0.0,0.0,0.0,0.0,0.0,0.0,0.0,0.0,74.87315414296484,25.93892731458982,False,False,True,False,True,20.0,0,1.0179011683996138,0.8578089827419871,False,False,False,False,0.342828251075337,0.32588730419964707,False,False,False,False,-271.0,541.8643664219641,False,True,False,False,109.24931891521975,False,False,False,False
2025-07-18 17:00:00+00:00,68.115,68.115,68.115,68.115,0.0,,,,,,,,,,,,,,,,,,,,,,55.44845004319875,,"rgba(38, 166, 154, 1.0)",0.0,0.0,5.011832928810171,58.56199742527864,1.9060895904583306,0.0,0.0,0.0,0.0,0.0,0.0,0.0,0.0,78.5573181144063,21.60891312447788,True,False,True,False,True,20.0,0,1.0238380973161683,0.8600807331442285,False,False,False,False,0.34282825111146786,0.33435777765555746,False,False,False,False,-271.0,529.2618181053444,False,True,False,False,107.5555310250613,False,False,False,False
2025-07-21 17:00:00+00:00,68.115,68.115,68.115,68.115,0.0,,,,,,,,,,,,,,,,,,,,,,55.44845004319875,,"rgba(38, 166, 154, 1.0)",0.0,0.0,4.997432539012565,58.56199742527864,1.9115820974361601,0.0,0.0,0.0,0.0,0.0,0.0,0.0,0.0,81.01342742870061,23.969920847468927,True,False,True,False,True,20.0,0,1.030095910042994,0.8582295226546134,False,False,False,False,0.34282825111146786,0.33859301438351264,False,False,False,False,-271.0,516.854658134719,False,True,False,False,105.88800341226965,False,False,False,False
2025-07-22 17:00:00+00:00,66.16,66.475,66.065,66.425,500.0,,,,,,,,,,,,,,,,,,,,,,55.68215198670276,,"rgba(38, 166, 154, 1.0)",0.0,0.0,4.8766000820612625,58.86228452762159,1.5508172384686845,0.0,0.0,0.0,0.0,0.0,0.0,0.0,0.0,76.05226915707107,23.969920847468927,False,False,True,False,False,20.0,0,1.0244717550668392,0.8600689952565759,False,False,False,False,0.2830015775623097,0.31079729597291117,False,False,False,False,-771.0,496.8879192489094,False,False,False,False,111.99826692525772,False,False,False,False
2025-07-23 17:00:00+00:00,67.53,67.83,67.53,67.765,134.0,,,,,,,,,,,,,,,,,,,,,,55.751028693137286,,"rgba(38, 166, 154, 1.0)",0.0,0.0,4.93884426517735,58.98633782575626,1.777472967945165,0.0,0.0,0.0,0.0,0.0,0.0,0.0,0.0,74.66944910061483,23.969920847468927,False,False,True,False,False,20.0,0,1.0285838495815671,0.8662645364634278,False,False,False,False,0.3285230392510136,0.31966016761196236,False,False,False,False,-637.0,479.3082615861356,False,False,False,False,112.33937906595139,False,False,False,False
2025-07-24 17:00:00+00:00,67.765,67.765,67.765,67.765,0.0,,,,,,,,,,,,,,,,,,,,,,55.751028693137286,,"rgba(38, 166, 154, 1.0)",0.0,0.0,4.893574747647193,58.98633782575626,1.793916028045649,0.0,0.0,0.0,0.0,0.0,0.0,0.0,0.0,73.74756906297733,30.900452090665397,False,False,True,False,False,20.0,0,1.0203238778393653,0.8666449298989239,False,False,False,False,0.33130796040178273,0.3254840640068726,False,False,False,False,-637.0,462.0011567553428,False,False,False,False,110.59768326647928,False,False,False,False
2025-07-25 17:00:00+00:00,67.07,67.76,67.07,67.635,14.0,,,,,,,,,,,,,,,,,,,,,,55.75804771261372,,"rgba(38, 166, 154, 1.0)",0.0,0.0,4.888096499393893,58.99831715264651,1.7668805941994836,0.0,0.0,0.0,0.0,0.0,0.0,0.0,0.0,72.64159052652414,29.498923941024287,False,True,True,False,False,20.0,0,1.0194493006993006,0.865930944055944,False,False,False,False,0.3198719110030502,0.32267798750496135,False,False,False,False,-651.0,444.74532486766304,False,False,False,False,109.10004476622377,False,False,False,False
2025-07-28 17:00:00+00:00,67.65,67.72,67.37,67.675,239.0,,,,,,,,,,,,,,,,,,,,,,55.877601127554605,,"rgba(38, 166, 154, 1.0)",0.0,0.0,4.8875992116839395,59.19830154054026,1.7343276509243968,0.0,0.0,0.0,0.0,0.0,0.0,0.0,0.0,71.97373084559095,28.434405139164156,False,True,True,False,False,20.0,0,1.016109720256885,0.8668771089583107,False,False,False,False,0.3241100015764383,0.32339399454069984,False,False,False,False,-412.0,431.4624516139008,False,False,False,False,111.11399756054588,False,False,False,False
2025-07-29 17:00:00+00:00,67.39,67.815,67.39,67.655,859.0,,,,,,,,,,,,,,,,,,,,,,56.28915282821276,,"rgba(38, 166, 154, 1.0)",0.0,0.0,4.871837239696074,59.82326196122885,1.6075533014439798,0.0,0.0,0.0,0.0,0.0,0.0,0.0,0.0,71.43552661353637,27.43773252117886,False,True,True,False,False,20.0,0,1.0162522346822689,0.8664608050273577,False,False,False,False,0.32598812843783626,0.3246910614892681,False,False,False,False,-1271.0,405.0676849222124,False,False,False,False,122.70912938131261,False,False,False,False
2025-07-30 17:00:00+00:00,68.25,68.515,66.96,67.34,219.0,,,,,,,,,,,,,,,,,,,,,,56.38937001240159,,"rgba(38, 166, 154, 1.0)",0.0,0.0,4.82417576585049,60.57559809362117,1.4021881114413104,0.0,0.0,0.0,0.0,0.0,0.0,0.0,0.0,69.54328849528372,25.201210211450103,False,True,True,False,False,20.0,0,1.0114011720831113,0.8612147043153968,False,True,False,False,0.33040641560432327,0.32754873854679567,False,False,False,False,-1490.0,375.6867905823331,False,False,False,False,124.202011096331,False,False,False,False
2025-07-31 17:00:00+00:00,67.605,67.72,66.885,66.885,336.0,,,,,,,,,,,,,,,,,,,,,,56.53380233269496,,"rgba(38, 166, 154, 1.0)",0.0,0.0,4.7781027134773755,60.73605032864661,1.286901944156481,0.0,0.0,0.0,0.0,0.0,0.0,0.0,0.0,66.17656424299847,21.72449963320203,False,True,True,False,False,19.90845851512497,0,1.0105085282779744,0.870834873528014,False,False,False,False,0.3162132869508213,0.3218810127488085,False,False,False,False,-1826.0,341.552111658576,False,False,False,False,127.48570084677547,False,False,False,False
2025-08-01 17:00:00+00:00,66.885,66.885,66.885,66.885,0.0,,,,,,,,,,,,,,,,,,,,,,56.53380233269496,,"rgba(38, 166, 154, 1.0)",0.0,0.0,4.720439375831469,60.73605032864661,1.302622315803029,0.0,0.0,0.0,0.0,0.0,0.0,0.0,0.0,63.93208140814163,19.412156417606525,False,True,True,False,False,19.90845851512497,0,1.0105085282779744,0.87965358821355,False,False,False,False,0.30270621948969356,0.312293616119251,False,False,False,False,-1826.0,307.9466525630942,False,False,False,False,125.50917835302701,False,False,False,False
2025-08-04 17:00:00+00:00,66.885,66.885,66.885,66.885,0.0,,,,,,,,,,,,,,,,,,,,,,56.53380233269496,,"rgba(38, 166, 154, 1.0)",0.0,0.0,4.650754659289195,60.73605032864661,1.322140194833063,0.0,0.0,0.0,0.0,0.0,0.0,0.0,0.0,62.43575951823707,17.80283307264108,False,True,True,False,False,19.90845851512496,0,1.0204233989228388,0.878472777688903,False,False,False,False,0.30270621948969356,0.3074999178044723,False,False,False,False,-1826.0,274.86220833730977,False,False,False,False,123.56329961887155,False,False,False,False
2025-08-05 17:00:00+00:00,66.94,67.46,66.94,67.11,46.0,,,,,,,,,,,,,,,,,,,,,,56.55328720297358,,"rgba(38, 166, 154, 1.0)",0.0,0.0,4.573090580718763,60.7587250422789,1.3888364653216332,0.0,0.0,0.0,0.0,0.0,0.0,0.0,0.0,62.2945024174247,17.38869780849481,False,True,True,False,False,20.0,0,1.020245919016324,0.8640025439898239,False,False,False,False,0.3128869951213133,0.31019345646289276,False,False,False,False,-1780.0,243.0038795258786,False,False,False,False,122.36076784183477,False,False,False,False
2025-08-06 17:00:00+00:00,67.11,67.11,67.11,67.11,0.0,,,,,,,,,,,,,,,,,,,,,,56.55328720297358,,"rgba(38, 166, 154, 1.0)",0.0,0.0,4.516703316230327,60.7587250422789,1.4061749273852953,0.0,0.0,0.0,0.0,0.0,0.0,0.0,0.0,62.200331016883126,16.925533707830894,False,True,True,False,False,20.0,0,1.0225898822780781,0.8676423798918229,False,False,False,False,0.30997187004354887,0.3100826632532208,False,False,False,False,-1780.0,211.63947829291922,False,False,False,False,120.46370167374431,False,False,False,False
2025-08-07 17:00:00+00:00,65.75,65.85,64.55,64.93,73.0,,,,,,,,,,,,,,,,,,,,,,56.578091238798656,,"rgba(239, 83, 80, 1.0)",0.0,0.0,4.464159644696021,61.2028444011675,0.8349064315522027,0.0,0.0,0.0,0.0,0.0,0.0,0.0,0.0,53.101145361472774,8.311103182245375,False,True,False,False,False,12.699419780041268,0,1.0085699535363966,0.8706246773360864,False,False,False,False,0.24921291945767057,0.2796477913554457,False,False,False,False,-1853.0,179.62956390078094,False,False,False,False,119.72783032996533,False,False,False,False
2025-08-08 17:00:00+00:00,65.17,65.17,64.71,64.71,0.0,,,,,,,,,,,,,,,,,,,,,,56.578091238798656,,"rgba(239, 83, 80, 1.0)",0.0,0.0,4.410122016248229,61.2028444011675,0.7952513753386106,0.0,0.0,0.0,0.0,0.0,0.0,0.0,0.0,46.48489619322777,2.4583239010818545,False,True,False,True,False,11.977554582561147,0,1.0101736717706298,0.8782242318363989,False,False,False,False,0.24108881689662798,0.26036830412603684,False,False,False,False,-1853.0,148.11592725115642,False,False,False,False,117.871584898493,False,False,False,False
2025-08-11 17:00:00+00:00,64.71,64.71,64.71,64.71,0.0,,,,,,,,,,,,,,,,,,,,,,56.578091238798656,,"rgba(239, 83, 80, 1.0)",0.0,0.0,4.35000595629695,61.2028444011675,0.8062415624409955,0.0,0.0,0.0,0.0,0.0,0.0,0.0,0.0,42.07406341439777,-1.2617419804471552,False,True,False,True,False,11.977554582561147,0,1.0101736717706298,0.8829513924570958,False,False,False,False,0.2339280771933568,0.24714819065969681,False,False,False,False,-1853.0,117.09087411547958,False,False,False,False,116.04411846595822,False,False,False,False
2025-08-12 17:00:00+00:00,64.71,64.71,64.71,64.71,0.0,,,,,,,,,,,,,,,,,,,,,,56.578091238798656,,"rgba(239, 83, 80, 1.0)",0.0,0.0,4.283555555633346,61.2028444011675,0.8187487131385971,0.0,0.0,0.0,0.0,0.0,0.0,0.0,0.0,39.133508228511104,-3.732718617678728,False,True,False,True,False,11.977554582561147,0,1.0103049859477464,0.8943478713438118,False,False,False,False,0.2339280771933568,0.2405381339265268,False,False,False,False,-1853.0,86.54682955554965,False,False,False,False,114.24498484633096,False,False,False,False
2025-08-13 17:00:00+00:00,65.85,66.34,65.84,66.34,691.0,,,,,,,,,,66.17333333333335,,,,,,,,,,,,56.83434509546262,,"rgba(38, 166, 154, 1.0)",0.0,0.0,4.244377916833041,61.47770987255935,1.145583692761428,0.0,0.0,0.0,0.0,0.0,0.0,0.0,0.0,44.57787931506655,-3.732718617678728,False,True,False,True,True,15.812640069430525,0,1.0015353121801436,0.8868986693961104,False,False,False,False,0.27727525418599247,0.25890669405625966,False,False,False,False,-1162.0,67.18951436864191,False,False,False,False,123.18692306576769,False,False,False,False
2025-08-14 17:00:00+00:00,66.34,66.34,66.34,66.34,0.0,,,,,,,,,,66.17333333333335,,,,,,,,,,,,56.83434509546262,,"rgba(38, 166, 154, 1.0)",0.0,0.0,4.205950650432425,61.47770987255935,1.1560502087538156,0.0,0.0,0.0,0.0,0.0,0.0,0.0,0.0,48.20746003943685,-9.899306586485778,False,True,False,False,True,15.812640069430515,0,1.0066530194472876,0.8868986693961104,False,False,False,False,0.28523335368656527,0.27207002387141244,False,False,False,False,-1162.0,48.13231259548468,False,False,False,False,121.27704828955423,False,False,False,False
2025-08-15 17:00:00+00:00,66.34,66.34,66.34,66.34,0.0,,,,,,,,,,66.17333333333335,,,,,,,,,,,,56.83434509546262,,"rgba(38, 166, 154, 1.0)",0.0,0.0,4.160643709942023,61.47770987255935,1.1686389093644372,0.0,0.0,0.0,0.0,0.0,0.0,0.0,0.0,50.627180522350386,-7.661848778647538,False,True,False,False,True,15.812640069430525,0,1.0066530194472876,0.8868986693961104,False,False,False,False,0.28523335368656527,0.2786516887789888,False,False,False,False,-1162.0,29.370571314934526,False,False,False,False,119.3967839749875,False,False,False,False
2025-08-18 17:00:00+00:00,65.21,65.3,64.85,65.095,87.0,,,,,,,,,,66.05125749785776,,,,,,,,,,65.08166666666666,,56.861983359654865,,"rgba(38, 166, 154, 1.0)",0.0,0.0,4.116435808532035,61.4861642045773,0.8766894379702834,0.0,0.0,0.0,0.0,0.0,0.0,0.0,0.0,47.32686387336211,-7.661848778647538,False,True,False,True,True,11.539025805636925,0,1.0020163322915616,0.8885976408912187,False,False,False,False,0.24530313990168995,0.2619774143403394,False,False,False,False,-1249.0,9.550872534858023,False,False,False,False,118.89450825444506,False,False,False,False
2025-08-19 17:00:00+00:00,64.72,64.805,64.52,64.7,8.0,,,,,,,,,,66.0372497879559,,,,,,,,,64.675,65.04742105263158,,56.864390234510374,,"rgba(38, 166, 154, 1.0)",0.0,0.0,4.0491563830523285,61.48636630163068,0.7936551208098377,0.0,0.0,0.0,0.0,0.0,0.0,0.0,0.0,43.95052598846207,-7.661848778647538,False,True,False,True,False,10.240364250572885,0,0.996692226732822,0.8912945421741089,False,False,False,False,0.2324521825297796,0.2472147984350595,False,False,False,False,-1257.0,-10.085575101341325,False,False,False,False,117.17521355282575,False,False,False,False
2025-08-20 17:00:00+00:00,63.925,64.27,63.845,64.175,4.0,,,,,,,,,,66.02742405063292,,,,,,,,64.09666666666668,64.48222222222222,65.00900673400672,,56.8655040490766,,"rgba(239, 83, 80, 1.0)",0.0,0.0,3.9714030890221252,61.486001756998235,0.677090233029927,0.0,0.0,0.0,0.0,0.0,0.0,0.0,0.0,40.277601626324326,-1.1668939007621333,False,True,False,True,False,8.540105058861858,0,0.990707612800636,0.8932617769827071,False,False,False,False,0.21373840323830892,0.2304766008366842,False,False,False,False,-1261.0,-29.4795971927934,False,False,False,False,115.42055907913853,False,False,False,False
2025-08-21 17:00:00+00:00,63.59,63.99,63.59,63.915,3.0,,,,,,,,,,66.01911727616647,,,,,,,,63.983095238095245,64.35211111111111,64.97437908496731,63.83166666666667,56.86630857971461,,"rgba(239, 83, 80, 1.0)",0.0,0.0,3.8859047469928636,61.82618098867003,0.537537368342962,1.0,63.99,63.59,432.0,0.0,0.0,0.0,0.0,37.16969984255246,-4.2574495010002735,False,True,False,True,False,7.7064294878110395,0,0.9864137147374141,0.8948174497307444,False,False,False,False,0.2055116479845814,0.21799412441063282,False,False,False,False,-1264.0,-48.61944839910667,False,False,False,False,113.6776046748108,False,False,False,False
2025-08-22 17:00:00+00:00,63.915,63.915,63.915,63.915,0.0,,,,,,,,,,66.01911727616647,,,,,,,,63.983095238095245,64.35211111111111,64.97437908496731,63.83166666666667,56.86630857971461,,"rgba(239, 83, 80, 1.0)",0.0,0.0,3.8429977858412747,61.82618098867003,0.5435389577963813,0.0,0.0,0.0,0.0,0.0,0.0,0.0,0.0,35.09776532003788,-6.454003040059703,False,True,False,True,False,7.7064294878110395,0,0.9989793314621075,0.8921153355447816,False,False,False,False,0.2093524470714551,0.21367328574104394,False,False,False,False,-1264.0,-67.4625577262523,False,False,False,False,111.9151611914804,False,False,False,False
2025-08-25 17:00:00+00:00,64.98,65.13,64.91,64.99,56.0,,,,,,,,,65.00999999999999,65.95255594817434,,,,,,,,64.89589947089947,64.87100938967136,64.98700421940927,64.9500847457627,56.88382727668511,,"rgba(239, 83, 80, 1.0)",0.0,0.0,3.8059399142169292,61.90049759452543,0.8117580611122774,0.0,0.0,0.0,0.0,0.0,0.0,0.0,0.0,39.22010698118856,-6.454003040059703,False,True,False,True,True,10.478409460709589,0,0.9894142554693011,0.8912188728702489,False,False,False,False,0.2435851701348075,0.22862922793792573,False,False,False,False,-1208.0,-85.14530876925615,False,False,False,False,111.04825946758147,False,False,False,False
2025-08-26 17:00:00+00:00,65.01,65.315,64.97,65.3,111.0,,,,,,,,,65.13296407185628,65.86496354166667,,,,,,,,65.08670498084291,65.06860805860805,65.07283147459727,65.11,56.91911550574405,,"rgba(239, 83, 80, 1.0)",0.0,0.0,3.7684170596066,61.924684455403096,0.8956852416301458,0.0,0.0,0.0,0.0,0.0,0.0,0.0,0.0,43.229052212660285,-6.454003040059703,False,True,False,True,True,11.251118933628995,0,0.9900537499372077,0.8897372783443009,False,False,False,False,0.2474135004356309,0.23802136418677833,False,False,False,False,-1097.0,-100.83297840074054,False,False,False,False,111.04751125878177,False,False,False,False
2025-08-27 17:00:00+00:00,65.455,65.78,65.455,65.47,367.0,,,,,,,,65.56833333333334,65.43217852684144,65.78292640040192,,,,,,,,65.41342883548984,65.4026684881603,65.35875786163521,65.42323711980137,57.038853828743875,,"rgba(239, 83, 80, 1.0)",0.0,0.0,3.728775953058457,62.02017754976761,0.9251889879312106,0.0,0.0,0.0,0.0,1.0,65.72,65.315,405.0,46.59277435744619,-11.944178204886555,False,True,False,True,True,11.675488442550819,0,0.993400989851522,0.8868669699545068,False,False,False,False,0.2623265992299157,0.25017398170834704,False,False,False,False,-730.0,-110.58750586739572,False,False,False,False,115.0157668981805,False,False,False,False
2025-08-28 17:00:00+00:00,66.3,66.3,65.72,65.76,12.0,,,,,,,,65.57967897977133,65.4430463980464,65.784214588001,,,,,,,,65.42456600361665,65.4138770053476,65.36927469135803,65.43424104432302,57.042875160244336,,"rgba(38, 166, 154, 1.0)",0.0,0.0,3.734449513806561,62.02404005673536,1.0004044583954077,0.0,0.0,0.0,0.0,0.0,0.0,0.0,0.0,50.0093223110081,-8.54987267026165,False,True,False,False,True,12.400864046871693,0,0.9936040458128809,0.8801626258118893,False,False,False,False,0.2747359228728006,0.2624549522905738,False,False,False,False,-718.0,-120.00475383844385,False,False,False,False,113.4186232253405,False,False,False,False
2025-08-29 17:00:00+00:00,66.145,66.145,65.76,65.815,210.0,,,,,,,,65.69626202603283,65.57182980599647,65.80081557994404,,,,,,,,65.55725425950197,65.54809987029832,65.50080419580419,65.56495169082126,57.11250692054467,,"rgba(38, 166, 154, 1.0)",0.0,0.0,3.738929764489119,62.0863056543503,0.9972624736263754,0.0,0.0,0.0,0.0,0.0,0.0,0.0,0.0,52.514951282043526,-5.966673945198664,False,True,True,False,True,12.539327885018963,0,1.0089674476466928,0.8763217914161309,False,False,False,False,0.27291291293288755,0.2676839326117307,False,False,False,False,-508.0,-126.02018401149122,False,False,False,False,114.91600891176932,False,False,False,False
2025-09-01 17:00:00+00:00,65.815,65.815,65.815,65.815,0.0,,,,,,,,65.69626202603283,65.57182980599647,65.80081557994404,,,,,,,,65.55725425950197,65.54809987029832,65.50080419580419,65.56495169082126,57.11250692054467,,"rgba(38, 166, 154, 1.0)",0.0,0.0,3.7389282115560913,62.0863056543503,0.9972628878311274,0.0,0.0,0.0,0.0,0.0,0.0,0.0,0.0,54.185370596067145,-4.0743869109100785,False,True,True,False,True,12.539327885018963,0,0.9942726231386024,0.8836821826512546,False,False,False,False,0.26856068489759455,0.2681223087546626,False,False,False,False,-508.0,-131.94235170123554,False,False,False,False,113.13436536274965,False,False,False,False
2025-09-02 17:00:00+00:00,65.535,66.36,65.535,66.36,4.0,,,,,,,,65.69888420460933,65.57453070175438,65.80154754239106,,,,,,,,65.56000651890483,65.55087096774194,65.5035150812065,65.56767802533858,57.11384930430881,,"rgba(38, 166, 154, 1.0)",0.0,0.0,3.733483929555757,62.08759457737834,1.1443481486017881,0.0,0.0,0.0,0.0,1.0,66.36,65.815,409.0,57.64587597419214,-0.48754642934892445,False,False,True,False,True,13.932986393251106,0,1.0110738433690036,0.8752595432039608,False,False,False,False,0.27275447411936427,0.2704383914370134,False,False,False,False,-504.0,-137.7106873337745,False,False,False,False,111.4423596982109,False,False,False,False
2025-09-03 17:00:00+00:00,66.36,66.36,66.36,66.36,0.0,,,,,,,,65.69888420460933,65.57453070175438,65.80154754239106,,,,,,,,65.56000651890483,65.55087096774194,65.5035150812065,65.56767802533858,57.11384930430881,,"rgba(38, 166, 154, 1.0)",0.0,0.0,3.6983771069516496,62.08759457737834,1.1552108665692955,0.0,0.0,0.0,0.0,0.0,0.0,0.0,0.0,59.9528795596088,1.9949481598668655,False,False,True,False,True,13.932986393251106,0,1.0198583825799925,0.8599265293084171,False,False,False,False,0.28587151162080576,0.27815495152890957,False,False,False,False,-504.0,-143.38959140611905,False,False,False,False,109.71457117575801,False,False,False,False
2025-09-04 17:00:00+00:00,66.375,66.76,66.375,66.71,538.0,,,,,,,66.615,66.13466696139109,66.00578839239856,66.01084329666827,,,,,,,,65.994938697318,65.98689642041127,65.93064285714286,66.0007750448373,57.30126659089243,,"rgba(38, 166, 154, 1.0)",0.0,0.0,3.6624730199170656,62.7741232013329,1.074650045819647,0.0,0.0,0.0,0.0,1.0,66.71,66.36,409.0,62.89325920435079,5.071921338555768,False,False,True,False,True,14.830712747864329,0,1.0197741610560356,0.8564385304564489,False,False,False,False,0.29250590064218246,0.28533042608554604,False,False,False,False,34.0,-140.63936518276836,False,False,False,False,116.3546553435757,False,False,False,False
2025-09-05 17:00:00+00:00,66.71,66.71,66.71,66.71,0.0,,,,,,,66.615,66.13466696139109,66.00578839239856,66.01084329666827,,,,,,,,65.994938697318,65.98689642041127,65.93064285714286,66.0007750448373,57.30126659089243,,"rgba(38, 166, 154, 1.0)",0.0,0.0,3.621626513543658,62.7741232013329,1.0867704839105434,0.0,0.0,0.0,0.0,0.0,0.0,0.0,0.0,64.85351230084545,7.2364225017587955,True,False,True,False,True,14.830712747864329,0,1.0233260881089963,0.8569686688225626,False,False,False,False,0.2970765605425699,0.291203493314058,False,False,False,False,34.0,-137.93177812567117,False,False,False,False,114.55070719871406,False,False,False,False
2025-09-08 17:00:00+00:00,66.245,66.61,66.14,66.56,138.0,,,,,,,66.57859467455621,66.16750853690569,66.04719591457753,66.03720652011366,,,,,,,66.43666666666667,66.03718295218295,66.02967263955892,65.97604681404421,66.04257702107945,57.34725685831023,,"rgba(38, 166, 154, 1.0)",0.0,0.0,3.5737457725537243,62.810569683251316,1.0491597767094165,0.0,0.0,0.0,0.0,0.0,0.0,0.0,0.0,64.77326555741203,7.583553438638845,True,False,True,False,True,14.245257767818636,0,1.0182325973546922,0.85782789692786,False,False,False,False,0.28635027885970976,0.2887768860868839,False,False,False,False,-104.0,-137.4057040462034,False,False,False,False,114.91426212586578,False,False,False,False
2025-09-09 17:00:00+00:00,66.56,66.56,66.56,66.56,0.0,,,,,,,66.57859467455621,66.16750853690569,66.04719591457753,66.03720652011366,,,,,,,66.43666666666667,66.03718295218295,66.02967263955892,65.97604681404421,66.04257702107945,57.34725685831023,,"rgba(38, 166, 154, 1.0)",0.0,0.0,3.5423745026628493,62.810569683251316,1.0584511360755873,0.0,0.0,0.0,0.0,0.0,0.0,0.0,0.0,64.71976772845642,8.085816026939227,True,False,True,False,True,14.245257767818636,0,1.0226590082731728,0.8583548506086314,False,False,False,False,0.292265670019086,0.29052127805298494,False,False,False,False,-104.0,-136.8877861540142,False,False,False,False,113.13264565879808,False,False,False,False
2025-09-10 17:00:00+00:00,66.56,66.56,66.56,66.56,0.0,,,,,,,66.57859467455621,66.16750853690569,66.04719591457753,66.03720652011366,,,,,,,66.43666666666667,66.03718295218295,66.02967263955892,65.97604681404421,66.04257702107945,57.34725685831023,,"rgba(38, 166, 154, 1.0)",0.0,0.0,3.5015131761170424,62.810569683251316,1.0708028581250602,0.0,0.0,0.0,0.0,0.0,0.0,0.0,0.0,64.68410250915267,8.66762902080962,True,False,True,False,True,14.245257767818625,0,1.0339185736804912,0.8538892210686523,False,False,False,False,0.292265670019086,0.29139347403603544,False,False,False,False,-104.0,-136.37789799658762,False,False,False,False,111.37865115246012,False,False,False,False
2025-09-11 17:00:00+00:00,66.56,66.56,66.56,66.56,0.0,,,,,,,66.57859467455621,66.16750853690569,66.04719591457753,66.03720652011366,,,,,,,66.43666666666667,66.03718295218295,66.02967263955892,65.97604681404421,66.04257702107945,57.34725685831023,,"rgba(38, 166, 154, 1.0)",0.0,0.0,3.456198463603984,62.810569683251316,1.0848423075910205,0.0,0.0,0.0,0.0,0.0,0.0,0.0,0.0,64.66032569628351,9.277319522618718,True,False,True,False,True,14.245257767818625,0,1.023373376093928,0.8538892210686523,False,False,False,False,0.292265670019086,0.2918295720275607,False,False,False,False,-104.0,-135.87591508191184,False,False,False,False,109.65185035939872,False,False,False,False
2025-09-12 17:00:00+00:00,66.56,66.56,66.56,66.56,0.0,,,,,,,66.57859467455621,66.16750853690569,66.04719591457753,66.03720652011366,,,,,,,66.43666666666667,66.03718295218295,66.02967263955892,65.97604681404421,66.04257702107945,57.34725685831023,,"rgba(38, 166, 154, 1.0)",0.0,0.0,3.406252634348737,62.810569683251316,1.100749333428571,0.0,0.0,0.0,0.0,0.0,0.0,0.0,0.0,64.64447448770406,9.880622521522007,True,False,True,False,True,14.245257767818636,0,1.0238345989690147,0.8549969513885038,False,False,False,False,0.292265670019086,0.2920476210233234,False,False,False,False,-104.0,-135.38171484808376,False,False,False,False,107.9518216716561,False,False,False,False
2025-09-15 17:00:00+00:00,66.56,66.56,66.56,66.56,0.0,,,,,,,66.57859467455621,66.16750853690569,66.04719591457753,66.03720652011366,,,,,,,66.43666666666667,66.03718295218295,66.02967263955892,65.97604681404421,66.04257702107945,57.34725685831023,,"rgba(38, 166, 154, 1.0)",0.0,0.0,3.3514686467411234,62.810569683251316,1.1187424714220524,0.0,0.0,0.0,0.0,0.0,0.0,0.0,0.0,64.63390701531776,10.455811073333308,True,False,True,False,True,14.245257767818636,0,1.0198436893742029,0.8549969513885038,False,False,False,False,0.292265670019086,0.2921566455212047,False,False,False,False,-104.0,-134.89517663338478,False,False,False,False,106.27815001783198,False,False,False,False
2025-09-16 17:00:00+00:00,69.86,69.93,69.735,69.735,90.0,,,,,,69.80000000000001,66.95708877284595,66.40807088545498,66.26852774137177,66.18323990225673,,,,,,,67.76429824561404,66.25809197651662,66.24987345879299,66.1874447174447,66.26374645737954,57.388008326667155,,"rgba(38, 166, 154, 1.0)",0.0,0.0,3.3457450792213383,62.905763063695396,2.0411707331551945,0.0,0.0,0.0,0.0,0.0,0.0,0.0,0.0,73.14270257218942,18.65573476768364,True,False,True,False,True,20.0,0,1.0194671016856984,0.873300706905927,False,False,False,False,0.3428282513465825,0.31749244843389357,False,False,False,False,-14.0,-133.02083280961136,False,False,False,False,106.02577559895086,False,False,False,False
2025-09-17 17:00:00+00:00,70.01,70.055,69.465,69.615,174.0,,,,,,69.74178030303031,67.46697872340425,66.78303870406609,66.6209431372549,66.42950795560904,,,,,,,68.60718905472638,66.6101259519625,66.60109912536443,66.52774139844617,66.61602955568604,57.46548760659056,,"rgba(38, 166, 154, 1.0)",0.0,0.0,3.3334539523219604,63.064797024711275,1.9649897880623464,0.0,0.0,0.0,0.0,-1.0,69.735,69.615,418.0,77.9201661796912,22.937252734601827,True,False,True,False,True,20.0,0,1.001679670567837,0.8723992197659297,False,False,False,False,0.3406049918274678,0.32904872013068065,False,False,False,False,-188.0,-133.87322299860963,False,False,False,False,107.07963954315316,False,False,False,False
2025-09-18 17:00:00+00:00,69.615,69.615,69.615,69.615,0.0,,,,,,69.74178030303031,67.46697872340425,66.78303870406609,66.6209431372549,66.42950795560904,,,,,,,68.60718905472638,66.6101259519625,66.60109912536443,66.52774139844617,66.61602955568604,57.46548760659056,,"rgba(38, 166, 154, 1.0)",0.0,0.0,3.3122127711607035,63.064797024711275,1.9775912442343861,0.0,0.0,0.0,0.0,0.0,0.0,0.0,0.0,81.10514191802571,25.68564222693297,True,False,True,False,True,20.0,0,1.003367561002539,0.8908578999668763,False,False,False,False,0.33616815784276594,0.3326084389867233,False,False,False,False,-188.0,-134.71239783584048,False,False,False,False,105.41949009287171,False,False,False,False
2025-09-19 17:00:00+00:00,69.615,72.03,69.615,71.64,347.0,,,,,,70.51030278232406,68.44516317016316,67.57891666666666,67.37936899527764,66.99955223004694,,,,,,,69.75975300400535,67.36779454722492,67.3573472356935,67.26521870637505,67.37417723577235,57.63425757413554,,"rgba(38, 166, 154, 1.0)",0.0,0.0,3.334331652305477,63.41684556349187,2.4662077123678885,0.0,0.0,0.0,0.0,1.0,71.64,69.615,420.0,84.85161223520923,28.99483030259968,True,False,True,False,True,20.0,0,0.984890036027316,0.8677206000967898,False,False,False,False,0.34282825146750273,0.337718345227113,False,False,False,False,159.0,-130.1587172492383,False,False,False,False,109.16492435499772,False,False,False,False
2025-09-22 17:00:00+00:00,71.64,71.64,71.64,71.64,0.0,,,,,,70.51030278232406,68.44516317016316,67.57891666666666,67.37936899527764,66.99955223004694,,,,,,,69.75975300400535,67.36779454722492,67.3573472356935,67.26521870637505,67.37417723577235,57.63425757413554,,"rgba(38, 166, 154, 1.0)",0.0,0.0,3.3611205995446323,63.41684556349187,2.446551438119243,0.0,0.0,0.0,0.0,0.0,0.0,0.0,0.0,87.34925911333158,31.197123135643423,True,False,True,False,True,20.0,0,1.0162916144499534,0.8702119544488639,False,False,False,False,0.34282825156039665,0.34027329839375486,False,False,False,False,159.0,-125.67563636165322,False,False,False,False,107.47244490763342,False,False,False,False
2025-09-23 17:00:00+00:00,72.67,72.74,71.59,71.59,351.0,,,,,,71.04411122661122,69.20119963369963,68.2702838786792,68.05179663608561,67.54665256450434,,,,,,,70.46608636363636,68.03995426195425,68.02879817654372,67.92623799999998,68.04652367069275,57.811638824275754,71.97333333333333,"rgba(38, 166, 154, 1.0)",0.0,0.0,3.377136858399275,64.53221207652263,2.089873232683466,-1.0,72.74,71.59,0.0,-1.0,71.64,70.62,0.0,88.64486789897649,32.420229892981055,True,False,True,False,True,20.0,0,1.0176359210170407,0.8541520151474168,False,False,False,False,0.3428282516170274,0.3415507750053911,False,False,False,False,-192.0,-126.70392106922449,False,False,False,False,111.2480659168174,False,False,False,False
2025-09-24 17:00:00+00:00,70.48,70.62,69.73,69.76,210.0,,,,,,70.86359641638225,69.29613906926406,68.42224634712548,68.21162129345603,67.70040233264727,,,,,,70.03666666666668,70.39724809160306,68.20030210325046,68.189550133435,68.08977675276752,68.20658879101238,57.901453260565354,71.24837789661319,"rgba(239, 83, 80, 1.0)",0.0,0.0,3.342135331876183,64.59798570044791,1.544525815671948,0.0,0.0,0.0,0.0,-1.0,71.59,69.76,423.0,79.449305097378,36.39091516141012,True,False,True,False,False,18.658313594579162,0,1.0042954870870233,0.868642944264729,False,False,False,False,0.28809105484663194,0.3148209149260115,False,False,False,False,-402.0,-130.97207733171712,False,False,False,False,112.77910365454115,False,False,False,False
2025-09-25 17:00:00+00:00,69.76,69.76,69.76,69.76,0.0,,,,,,70.86359641638225,69.29613906926406,68.42224634712548,68.21162129345603,67.70040233264727,,,,,,70.03666666666668,70.39724809160306,68.20030210325046,68.189550133435,68.08977675276752,68.20658879101238,57.901453260565354,71.24837789661319,"rgba(239, 83, 80, 1.0)",0.0,0.0,3.299841508615302,64.59798570044791,1.564321888210386,0.0,0.0,0.0,0.0,0.0,0.0,0.0,0.0,73.31892989631234,31.054775195033216,True,False,True,False,False,18.658313594579173,0,1.0175294439879485,0.8737332237743082,False,False,False,False,0.2768943852762393,0.2958576501011254,False,False,False,False,-402.0,-135.1740606288998,False,False,False,False,111.03059041958701,False,False,False,False
2025-09-26 17:00:00+00:00,69.76,69.76,69.76,69.76,0.0,,,,,,70.86359641638225,69.29613906926406,68.42224634712548,68.21162129345603,67.70040233264727,,,,,,70.03666666666668,70.39724809160306,68.20030210325046,68.189550133435,68.08977675276752,68.20658879101238,57.901453260565354,71.24837789661319,"rgba(239, 83, 80, 1.0)",0.0,0.0,3.249970703956435,64.59798570044791,1.5883264096097813,0.0,0.0,0.0,0.0,0.0,0.0,0.0,0.0,69.2320130956019,27.575426812645787,True,False,True,False,False,18.658313594579162,0,1.0047658175842236,0.8737332237743082,False,False,False,False,0.2768943852762393,0.28637601768868237,False,False,False,False,-402.0,-139.3108968982192,False,False,False,False,109.30918591695776,False,False,False,False
2025-09-29 17:00:00+00:00,69.76,69.76,69.76,69.76,0.0,,,,,,70.86359641638225,69.29613906926406,68.42224634712548,68.21162129345603,67.70040233264727,,,,,,70.03666666666668,70.39724809160306,68.20030210325046,68.189550133435,68.08977675276752,68.20658879101238,57.901453260565354,71.24837789661319,"rgba(239, 83, 80, 1.0)",0.0,0.0,3.1973752425137607,64.59798570044791,1.6144537028108554,0.0,0.0,0.0,0.0,0.0,0.0,0.0,0.0,66.50740189512828,25.17838397126451,True,False,True,False,False,18.658313594579162,0,1.0047658175842236,0.8737332237743082,False,False,False,False,0.2768943852762393,0.2816352014824608,False,False,False,False,-402.0,-143.38359617111502,False,False,False,False,107.61446985622973,False,False,False,False
2025-09-30 17:00:00+00:00,67.895,68.43,67.605,68.43,66.0,,,,,,70.71919628432956,69.25678944618599,68.41521074325222,68.21022375966093,67.70905634073648,,,,,68.155,69.58670289855074,70.2896984011628,68.19918687057068,68.18870211974712,68.09132744956771,68.20531689702403,57.9250739965096,70.92275917065392,"rgba(239, 83, 80, 1.0)",0.0,0.0,3.1165425373939404,64.5929299818589,1.2311944958561905,0.0,0.0,0.0,0.0,0.0,0.0,0.0,0.0,59.032696593460386,18.31395366653706,False,False,True,False,False,13.505438281514095,0,1.014593353738522,0.87401617839965,False,False,False,False,0.23057819041122846,0.25610669594684465,False,False,False,False,-468.0,-148.41640863357836,False,False,False,False,106.96928427706337,False,False,False,False
2025-10-01 17:00:00+00:00,68.34,68.635,67.96,67.96,44.0,,,,,,70.63221918876754,69.23270429009193,68.41124003658696,68.2098154280108,67.71502088673694,,,,,68.167,69.39396875000001,70.22448239436619,68.19895779816514,68.18864251738017,68.09278900709221,68.20498836212177,57.940806788875726,70.74323397913562,"rgba(239, 83, 80, 1.0)",0.0,0.0,3.022619811111047,64.59208002744366,1.1142387012008517,0.0,0.0,0.0,0.0,0.0,0.0,0.0,0.0,52.58709240660655,12.532235613487416,False,True,False,False,False,11.783721505303898,0,1.0183386685475555,0.8539959850252291,False,False,False,False,0.23795060641849963,0.24702865118267214,False,False,False,False,-512.0,-154.05336353848412,False,False,False,False,105.99301630377556,False,False,False,False
2025-10-02 17:00:00+00:00,67.795,68.405,67.75,68.185,105.0,,,,,,70.44153208363373,69.17573194377121,68.39946285140562,68.20622682725234,67.72658692846609,,,,,68.14079069767442,69.07757647058824,70.07912459016393,68.19578091872792,68.18585623678648,68.0935264957265,68.20158292050012,57.97789541303517,70.38738402061857,"rgba(239, 83, 80, 1.0)",0.0,0.0,2.9227317716491625,64.59344032726136,1.2288365657010287,0.0,0.0,0.0,0.0,0.0,0.0,0.0,0.0,49.31265709104663,9.612325226842941,False,True,False,True,False,12.37879656401794,0,1.0214362881673962,0.849604821743333,False,False,False,False,0.23019190289439292,0.23861027703853255,False,False,False,False,-407.0,-157.9750168169572,False,False,False,False,105.97762070216663,False,False,False,False
2025-10-03 17:00:00+00:00,69.125,69.125,68.385,68.75,529.0,,,,,,69.97542710508002,69.08952481995885,68.45823757195186,68.29256911296739,67.85762404503419,,,,,68.5763216845878,68.89778127183789,69.73767202207075,68.28358836955444,68.27501435501436,68.19457971434086,68.28858022851466,58.1722559783597,69.72499872286079,"rgba(239, 83, 80, 1.0)",0.0,0.0,2.8314188370195352,64.71070128409724,1.4265988002519214,0.0,0.0,0.0,0.0,0.0,0.0,0.0,0.0,49.52711670684744,9.612325226842941,False,True,False,False,False,13.85366442501465,0,1.0381291603410017,0.8569426602826111,False,False,False,False,0.2432353843385855,0.24092283068855902,False,False,False,False,122.0,-153.63431888181057,False,False,False,False,112.53610720290823,False,False,False,False
2025-10-06 17:00:00+00:00,68.19,68.225,67.74,67.945,429.0,,,,,,69.60854939587774,68.93054562506896,68.40028131341082,68.25596976108613,67.86816389739106,,,,67.96999999999998,68.35457232168228,68.60998794890335,69.43226271982816,68.24807374164027,68.24054355461891,68.1697677912267,68.25246212121212,58.31350785809501,69.29080353710111,"rgba(239, 83, 80, 1.0)",0.0,0.0,2.721662677432334,64.76402519443175,1.1687615926633603,0.0,0.0,0.0,0.0,-1.0,68.385,67.72,432.0,46.87840015108529,6.769121522072538,False,True,False,True,False,10.911909879933297,0,1.0291640866873066,0.886439628482972,False,False,False,False,0.22012216328579082,0.23052249698717492,False,False,False,False,-307.0,-156.01208137976698,False,False,False,False,117.4425241454988,False,False,False,False
2025-10-07 17:00:00+00:00,67.455,67.72,67.455,67.695,139.0,,,,,,69.49746041331186,68.87304483122364,68.37150546229684,68.23353698979592,67.8609431360068,,,67.62333333333333,67.88516431924882,68.27710111788616,68.51987954445903,69.33636600559369,68.22596044478398,68.21874121135113,68.15088305983755,68.2301707876625,58.35679343947908,69.16705641573233,"rgba(239, 83, 80, 1.0)",0.0,0.0,2.599612675584857,64.7765361304983,1.1226533463663395,0.0,0.0,0.0,0.0,0.0,0.0,0.0,0.0,44.34566991496682,3.93704220323,False,True,False,True,False,10.019899862631895,0,1.0169524300631685,0.8847492587340465,False,False,False,False,0.20547656298289,0.21799952998503247,False,False,False,False,-446.0,-160.50801810256127,False,False,False,False,117.77674857735151,False,False,False,False
2025-10-08 17:00:00+00:00,67.695,67.695,67.695,67.695,0.0,,,,,,69.49746041331186,68.87304483122364,68.37150546229684,68.23353698979592,67.8609431360068,,,67.62333333333333,67.88516431924882,68.27710111788616,68.51987954445903,69.33636600559369,68.22596044478398,68.21874121135113,68.15088305983755,68.2301707876625,58.35679343947908,69.16705641573233,"rgba(239, 83, 80, 1.0)",0.0,0.0,2.5087296182123096,64.7765361304983,1.1633234001443946,0.0,0.0,0.0,0.0,0.0,0.0,0.0,0.0,42.65718309088784,1.8421657570849845,False,True,False,True,False,10.019899862631895,0,1.0205823957643942,0.8986763732627399,False,False,False,False,0.20727069856463093,0.2126351142748317,False,False,False,False,-446.0,-164.93425038004094,False,False,False,False,115.95075247537707,False,False,False,False
2025-10-09 17:00:00+00:00,67.835,67.835,67.37,67.565,15.0,,,,,,69.4860110710951,68.86698320209975,68.36839437367304,68.23108386277,67.86008354483926,,,67.62008658008658,67.87757004002286,68.26933433810599,68.51080459770114,69.32643218303627,68.22354050397429,68.21635358649789,68.14879902567912,68.22773235144743,58.361423779434546,69.1545268361582,"rgba(239, 83, 80, 1.0)",0.0,0.0,2.409284700022838,64.77788212271169,1.1568237980600178,0.0,0.0,0.0,0.0,-1.0,67.695,43.825,437.0,41.071476977214246,-0.21245840999139887,False,True,False,True,False,9.544615524409792,0,1.0069043351258051,0.9000863041890724,False,False,False,False,0.20455879902093133,0.20859695664788153,False,False,False,False,-461.0,-169.52441704081548,False,False,False,False,114.38562453002238,False,False,False,False
2025-10-10 17:00:00+00:00,43.825,43.825,43.095,43.095,541.0,,,,,,64.83275657894737,65.15035252960173,65.22584087568654,65.22237563300565,65.34228759410388,,43.338333333333324,48.71875059952038,56.066424970344,61.048953426124186,61.95724013474494,64.90240402769037,65.22044055320097,65.21946893787576,65.21685015290518,65.22144414675894,58.094528602390646,63.40460477562783,"rgba(239, 83, 80, 1.0)",0.0,0.0,3.543039659250997,62.130857056407805,-5.372747382802937,0.0,0.0,0.0,0.0,-1.0,67.37,43.095,435.0,28.87776376133684,-11.835550442970622,False,True,False,True,False,0.0,0,1.0007061434479976,0.9262584485019669,False,False,False,False,-0.34282825441539394,-0.06711564888375621,False,False,False,False,-1002.0,-182.4310152262292,False,False,False,False,120.999800893898,False,False,False,False
2025-10-13 17:00:00+00:00,43.095,43.095,43.095,43.095,0.0,,,,,,64.83275657894737,65.15035252960173,65.22584087568654,65.22237563300565,65.34228759410388,,43.338333333333324,48.71875059952038,56.066424970344,61.048953426124186,61.95724013474494,64.90240402769037,65.22044055320097,65.21946893787576,65.21685015290518,65.22144414675894,58.094528602390646,63.40460477562783,"rgba(239, 83, 80, 1.0)",0.0,0.0,4.405751078711323,62.130857056407805,-4.320683741845845,0.0,0.0,0.0,0.0,0.0,0.0,0.0,0.0,20.748621617418568,-19.158048247269935,False,True,False,True,False,0.0,0,1.0085696796572128,0.932258722709651,False,False,False,False,-0.34282825441539394,-0.20497195164957507,False,False,False,False,-1002.0,-195.1375111141946,False,False,False,False,119.12383498856624,False,False,False,False
2025-10-14 17:00:00+00:00,43.095,43.095,43.095,43.095,0.0,,,,,,64.83275657894737,65.15035252960173,65.22584087568654,65.22237563300565,65.34228759410388,,43.338333333333324,48.71875059952038,56.066424970344,61.048953426124186,61.95724013474494,64.90240402769037,65.22044055320097,65.21946893787576,65.21685015290518,65.22144414675894,58.094528602390646,63.40460477562783,"rgba(239, 83, 80, 1.0)",0.0,0.0,5.112951733825666,62.130857056407805,-3.723066058001803,0.0,0.0,0.0,0.0,0.0,0.0,0.0,0.0,15.329193521473053,-23.923014361677218,False,True,False,True,False,0.0,0,1.0016523804606012,0.9395848394092738,False,False,False,False,-0.34282825441539394,-0.2739001030324845,False,False,False,False,-1002.0,-207.6470070659125,False,False,False,False,117.27695382595282,False,False,False,False
2025-10-15 17:00:00+00:00,43.095,43.095,43.095,43.095,0.0,,,,,,64.83275657894737,65.15035252960173,65.22584087568654,65.22237563300565,65.34228759410388,,43.338333333333324,48.71875059952038,56.066424970344,61.048953426124186,61.95724013474494,64.90240402769037,65.22044055320097,65.21946893787576,65.21685015290518,65.22144414675894,58.094528602390646,63.40460477562783,"rgba(239, 83, 80, 1.0)",0.0,0.0,5.722589328408958,62.130857056407805,-3.326441225112394,0.0,0.0,0.0,0.0,0.0,0.0,0.0,0.0,11.716241457509376,-27.185727235734053,False,True,False,True,False,0.0,0,0.9989672622121245,0.9362800784880718,False,False,False,False,-0.34282825441539394,-0.30836417872393923,False,False,False,False,-1002.0,-219.96255734396036,False,False,False,False,115.45870647981401,False,False,False,False
2025-10-16 17:00:00+00:00,44.41,44.59,43.81,43.985,297.0,,,,,44.12833333333332,62.990019478573565,63.594524046847745,63.8654501375018,63.90979851944968,64.21031770271888,,43.618321400159104,47.34440188172042,53.57127140511376,58.7277413394919,59.727688421052626,63.12689352517985,63.90990585774058,63.911184210526315,63.93207282051281,63.90974944165271,57.95963120751894,61.30443873807777,"rgba(239, 83, 80, 1.0)",0.0,0.0,6.233041162637515,58.47036643704096,-2.3239645077061337,0.0,0.0,0.0,0.0,0.0,0.0,0.0,0.0,10.862766398734982,-28.17362295936089,False,True,False,True,False,0.0,0,0.998982964658022,0.9293160437325196,False,False,False,False,-0.31492652370840646,-0.3116453512161729,False,False,False,False,-705.0,-227.48251769521676,False,False,False,False,118.27330017780139,False,False,False,False
2025-10-17 17:00:00+00:00,44.24,44.515,44.12,44.455,61.0,,,,,44.16837523277467,62.65563812046301,63.30657543773523,63.61054781801299,63.66314266997655,63.99516468218707,,43.66887282165368,47.17170940170939,53.19226720647772,58.33410751722071,59.342948823207436,62.803200886123676,63.663605315706114,63.66527393964391,63.690238722312245,63.66324719178554,57.93271221464892,60.93364310489176,"rgba(239, 83, 80, 1.0)",0.0,0.0,6.6740246161199535,58.3581831304474,-2.0831782814924993,0.0,0.0,0.0,0.0,0.0,0.0,0.0,0.0,11.14778921536975,-28.384671512244374,False,True,False,True,False,0.0,0,1.0007586869657579,0.9290880582671589,False,False,False,False,-0.3119880095428323,-0.3118166803795026,False,False,False,False,-644.0,-233.94015307978702,False,False,False,False,117.3853420355099,False,False,False,False
2025-10-20 17:00:00+00:00,44.455,44.455,44.455,44.455,0.0,,,,,44.16837523277467,62.65563812046301,63.30657543773523,63.61054781801299,63.66314266997655,63.99516468218707,,43.66887282165368,47.17170940170939,53.19226720647772,58.33410751722071,59.342948823207436,62.803200886123676,63.663605315706114,63.66527393964391,63.690238722312245,63.66324719178554,57.93271221464892,60.93364310489176,"rgba(239, 83, 80, 1.0)",0.0,0.0,7.07507224169646,58.3581831304474,-1.9650941581217973,0.0,0.0,0.0,0.0,0.0,0.0,0.0,0.0,11.337804426459595,-28.91184202743266,False,True,False,True,False,0.0,0,1.004223103466035,0.9355204202502962,False,False,False,False,-0.3085559343674164,-0.31018630737345954,False,False,False,False,-644.0,-240.29767008630196,False,False,False,False,115.56541425201361,False,False,False,False
2025-10-21 17:00:00+00:00,45.35,45.35,45.025,45.15,256.0,,,,45.175000000000004,44.588075461454935,61.430940977923726,62.234593148575826,62.651884352359666,62.73328716437459,63.176201201201195,,44.00269841269841,46.78121466768525,52.0113578826237,56.9768426000537,57.99562530955917,61.613111374824186,62.73500359688705,62.738043747959516,62.77731477914739,62.733934157994625,57.827582029657286,59.60790776645853,"rgba(239, 83, 80, 1.0)",0.0,0.0,7.421342960228417,57.99298159426923,-1.7305468380986866,0.0,0.0,0.0,0.0,0.0,0.0,0.0,0.0,12.939816908422205,-28.91184202743266,False,True,False,True,False,0.0,0,1.00343785811022,0.9406709032190854,False,False,False,False,-0.2903884036983653,-0.30028735553591246,False,False,False,False,-388.0,-242.5876286896151,False,False,False,False,117.74269465120719,False,False,False,False
2025-10-22 17:00:00+00:00,44.92,45.11,44.76,45.0,219.0,,,,45.07433684210527,44.6849799919968,60.49939796884413,61.40279145599766,61.898237391417084,61.99998901236893,62.522304435704136,,44.15475012130034,46.519712041884816,51.221895758814505,56.002233740589894,57.01467994961639,60.70367198537355,62.002600326059685,62.006615952917606,62.05605772192446,62.001023468875495,57.73748356507378,58.624271408134064,"rgba(239, 83, 80, 1.0)",0.0,0.0,7.748705941366231,57.65066979529304,-1.6326170964570774,0.0,0.0,0.0,0.0,0.0,0.0,0.0,0.0,13.943106648772883,-28.91184202743266,False,True,False,True,False,0.0,0,0.9978614646359274,0.9475798038806594,False,False,False,False,-0.2966293373269268,-0.29845834643141966,False,False,False,False,-607.0,-248.23743289597763,False,False,False,False,119.31257535428924,False,False,False,False
2025-10-23 17:00:00+00:00,45.065,45.5,45.065,45.41,182.0,,,,45.14377473363775,44.79974220032841,59.81832757912042,60.78428415416051,61.33168419734535,61.447294056941665,62.02422846382346,,44.291630248500425,46.392555555555546,50.72014960261804,55.328194010868295,56.326829399719784,60.03615032991493,61.45052261428398,61.455207652258146,61.51161779605458,61.4485960441694,57.665691782926025,57.921464382500965,"rgba(239, 83, 80, 1.0)",0.0,0.0,8.044965029403354,57.399527744666095,-1.49031446387223,0.0,0.0,0.0,0.0,1.0,46.14,45.11,0.0,15.611127309335963,-28.91184202743266,False,True,False,True,True,0.0,0,0.9963158987131591,0.9417808219178084,False,False,False,False,-0.28804603912176624,-0.293252192776593,False,False,False,False,-425.0,-250.97793781231906,False,False,False,False,120.28447341081188,False,False,False,False
2025-10-24 17:00:00+00:00,46.325,46.535,46.14,46.14,163.0,,,46.27166666666667,45.36797764227642,45.00341256366723,59.294831673779036,60.3009256232121,60.88430259401009,61.00979365640845,61.625955224652294,,44.47938239286406,46.38203505961914,50.40516145380827,54.84355384110307,55.82345362407862,59.52108815426997,61.013470234940826,61.01863732580703,61.08004864489228,61.011290142006956,57.606974549478345,57.3950110895481,"rgba(239, 83, 80, 1.0)",0.0,0.0,8.302187935870949,57.225207606640105,-1.3352152098056789,0.0,0.0,0.0,0.0,0.0,0.0,0.0,0.0,18.52445786993757,-28.91184202743266,False,True,False,True,True,0.0,0,0.9998974201159153,0.9374775606503566,False,False,False,False,-0.26223291974224866,-0.2777425562594208,False,False,False,False,-262.0,-251.14882249739935,False,False,False,False,120.94672963700084,False,False,False,False
2025-10-27 17:00:00+00:00,46.775,46.84,46.6,46.84,466.0,,46.76,46.63345257021727,45.872396319336445,45.50132603406327,58.047771135781375,59.12367350746269,59.77865417996528,59.924760348583874,60.62385264477554,,44.96577498093058,46.457337181131535,49.79148904142581,53.770963838268784,54.68869559376679,58.287851513894644,59.929396931614164,59.935585167074166,60.007540983606546,59.92667456040067,57.44948794242273,56.17823839921434,"rgba(239, 83, 80, 1.0)",0.0,0.0,8.526339232208704,56.78389689809548,-1.1662563061685218,0.0,0.0,0.0,0.0,1.0,47.41,46.535,446.0,22.158631346309843,-34.97470677781142,False,True,False,True,True,0.0,0,1.0034911181846187,0.9354656535578602,False,False,False,False,-0.25295954844416346,-0.2653510523517921,False,False,False,False,204.0,-244.0922516059668,False,False,False,False,126.29639274340393,False,False,False,False
2025-10-28 17:00:00+00:00,47.78,47.99,47.41,47.455,176.0,47.61833333333334,46.995306334371755,46.84878053830228,46.082577519379846,45.70604761904763,57.67007956104251,58.757896796724474,59.429459128732255,59.580743329097835,60.300962053886295,,45.163509106310876,46.53858383035122,49.66157212409419,53.477345896601584,54.36945912433726,57.91213418700813,59.58563250304088,59.592083927533935,59.666731270188585,59.582767899666614,57.39587232482234,55.82367419785047,"rgba(239, 83, 80, 1.0)",0.0,0.0,8.723760166432825,56.6521706582127,-1.0542667935326164,0.0,0.0,0.0,0.0,0.0,0.0,0.0,0.0,26.04449023982756,-31.06773992137866,False,True,False,True,True,0.0,0,0.9978025347506131,0.9350470155355682,False,False,False,False,-0.22938945221703141,-0.24737025228441178,False,False,False,False,380.0,-234.41640274385878,False,False,False,False,127.0669913055217,False,False,False,False
2025-10-29 17:00:00+00:00,47.235,47.295,46.535,46.535,98.0,47.32147201946473,46.9678963963964,46.842220376522704,46.126913461538464,45.761346889120624,57.454990587602516,58.54969352739321,59.23051415877094,59.384675737670726,60.11670748110013,46.78833333333334,45.228264199539105,46.54795063145809,49.569008875739634,53.30420188413452,54.18353561895228,57.69821493982207,59.38970447325938,59.396301815155766,59.47244509441706,59.386761242248966,57.36375805787251,55.619978912660066,"rgba(239, 83, 80, 1.0)",0.0,0.0,8.933982707001825,56.561844955761714,-1.122326434312816,0.0,0.0,0.0,0.0,0.0,0.0,0.0,0.0,27.567025031024524,-29.399460306587514,False,True,False,True,True,0.0,0,0.988203726204941,0.9373734305386799,False,False,False,False,-0.2482483858749657,-0.24780931907968873,False,False,False,False,282.0,-226.40994688736484,False,False,False,False,126.6163402775291,False,False,False,False
