date,Close,High,Low,Open,Volume,Gap_Up_aVWAP_921,Gap_Up_aVWAP_905,Gap_Up_aVWAP_881,Gap_Up_aVWAP_872,Gap_Up_aVWAP_870,Gap_Up_aVWAP_860,Gap_Up_aVWAP_851,Gap_Up_aVWAP_841,Gap_Up_aVWAP_828,Gap_Up_aVWAP_822,Gap_Down_aVWAP_935,Gap_Down_aVWAP_918,Gap_Down_aVWAP_891,Gap_Down_aVWAP_848,Gap_Down_aVWAP_816,Gap_Down_aVWAP_815,Gap_Down_aVWAP_773,Gap_Down_aVWAP_768,Gap_Down_aVWAP_738,Gap_Down_aVWAP_724,aVWAP_OB_bull_896,color,Liquidity,Liquidity_Level,StDev,StDev_Mean,StdDev_ZScore,OB,OB_High,OB_Low,OB_Mitigated_Index,FVG,FVG_High,FVG_Low,FVG_Mitigated_Index,QQEMOD,QQE1_Value,QQE1_Above_Upper,QQE1_Below_Lower,QQE2_Above_Threshold,QQE2_Below_Threshold,QQE2_Above_TL,banker_RSI,TTM_squeeze_Active,VI_plus,VI_minus,VI_Regular_Bullish,VI_Regular_Bearish,VI_Hidden_Bullish,VI_Hidden_Bearish,Fisher,Fisher_Signal,Fisher_Regular_Bullish,Fisher_Regular_Bearish,Fisher_Hidden_Bullish,Fisher_Hidden_Bearish,OBV,OBV_Smoothed,OBV_Regular_Bullish,OBV_Regular_Bearish,OBV_Hidden_Bullish,OBV_Hidden_Bearish,Volume_MA,Vol_Regular_Bullish,Vol_Regular_Bearish,Vol_Hidden_Bullish,Vol_Hidden_Bearish
2022-01-03 00:00:00+00:00,23.2700556046,23.2795303829,22.9384383627,23.1184591511,1384636,,,,,,,,,,,,,,,,,,,,,,#000000,1.0,22.41672,,,,0.0,0.0,0.0,0.0,0.0,0.0,0.0,0.0,,,False,False,False,False,False,,0,,,False,False,False,False,,,False,False,False,False,0,0.0,False,False,False,False,1384636.0,False,False,False,False
2022-01-04 00:00:00+00:00,23.5448241765,23.9332900884,23.1753078212,23.393227723,1645643,,,,,,,,,,,,,,,,,,,,,,"rgba(38, 166, 154, 0.5)",0.0,0.0,,,,0.0,0.0,0.0,0.0,0.0,0.0,0.0,0.0,100.0,,False,False,True,False,False,,0,,,False,False,False,False,,,False,False,False,False,1645643,64535.01960784314,False,False,False,False,1394871.568627451,False,False,False,False
2022-01-05 00:00:00+00:00,23.2132069345,23.9332900884,23.2037321562,23.6679962949,1039341,,,,,,,,,,,,,,,,,,,,,,"rgba(38, 166, 154, 0.5)",0.0,0.0,,,,0.0,0.0,0.0,0.0,0.0,0.0,0.0,0.0,80.98765431971364,-26.049382721145435,False,False,True,False,True,,0,,,False,False,False,False,,,False,False,False,False,606302,85780.78354479047,False,False,False,False,1380929.193387159,False,False,False,False
2022-01-06 00:00:00+00:00,22.8815896926,23.2984799396,22.7963166876,23.0805600378,944795,,,,,,,,,,,,,,,,,,,,,,"rgba(38, 166, 154, 0.5)",0.0,0.0,,,,0.0,0.0,0.0,0.0,0.0,0.0,0.0,0.0,62.791648168852426,-26.049382721145435,False,False,True,False,True,,0,,,False,False,False,False,,,False,False,False,False,-338493,69142.59595479869,False,False,False,False,1363825.891685702,False,False,False,False
2022-01-07 00:00:00+00:00,22.6257706774,22.919488806,22.5120733373,22.919488806,753022,,,,,,,,,,,,,,,,,,,,,,#000000,0.0,0.0,,,,0.0,0.0,0.0,0.0,0.0,0.0,0.0,0.0,48.491776869076915,-26.049382721145435,False,False,False,False,False,,0,,,False,False,False,False,,,False,False,False,False,-1091515,23626.61179970854,False,False,False,False,1339872.7978941058,False,False,False,False
2022-01-10 00:00:00+00:00,22.6731445691,22.7015689041,21.9720109719,22.4457498889,1199588,,,,,,,,,,,,,,,,,,,,,,"rgba(239, 83, 80, 0.5)",0.0,0.0,,,,0.0,0.0,0.0,0.0,0.0,0.0,0.0,0.0,40.235258351037395,-26.049382721145435,False,False,False,True,False,,0,,,False,False,False,False,,,False,False,False,False,108073,26938.234866386636,False,False,False,False,1334371.4332708076,False,False,False,False
2022-01-11 00:00:00+00:00,22.9952870327,22.9952870327,22.6162958991,22.6257706774,784232,,,,,,,,,,,,,,,,,,,,,,"rgba(239, 83, 80, 0.5)",0.0,0.0,,,,0.0,0.0,0.0,0.0,0.0,0.0,0.0,0.0,41.42880389484741,-26.049382721145435,False,False,False,True,False,,0,,,False,False,False,False,,,False,False,False,False,892305,60874.18644025383,False,False,False,False,1312797.337848423,False,False,False,False
2022-01-12 00:00:00+00:00,23.2132069345,23.393227723,22.9005392493,23.2132069345,544544,,,,,,,,,,,,,,,,,,,,,,"rgba(239, 83, 80, 0.5)",0.0,0.0,,,,0.0,0.0,0.0,0.0,0.0,0.0,0.0,0.0,45.29392056531269,-26.049382721145435,False,False,False,True,False,,0,,,False,False,False,False,,,False,False,False,False,1436849,114833.98305043996,False,False,False,False,1282669.7559720145,False,False,False,False
2022-01-13 00:00:00+00:00,23.3079547179,23.6869458516,23.2321564912,23.3269042746,729465,,,,,,,,,,,,,,,,,,,,,,#000000,0.0,0.0,,,,0.0,0.0,0.0,0.0,0.0,0.0,0.0,0.0,49.00883916163485,-26.049382721145435,False,False,False,False,False,,0,,,False,False,False,False,,,False,False,False,False,2166314,195284.17979355995,False,False,False,False,1260975.4518162492,False,False,False,False
2022-01-14 00:00:00+00:00,23.4027025014,23.4169146689,22.8721149143,23.2132069345,745222,,,,,,,,,,,,,,,,,,,,,,"rgba(38, 166, 154, 0.5)",0.0,0.0,,,,0.0,0.0,0.0,0.0,0.0,0.0,0.0,0.0,52.56048511683949,-26.049382721145435,False,False,True,False,False,,0,,,False,False,False,False,,,False,False,False,False,2911536,301803.8590173419,False,False,False,False,1240749.8262548277,False,False,False,False
2022-01-18 00:00:00+00:00,22.9384383627,23.2700556046,22.7773671309,23.0237113677,845989,,,,,,,,,,,,,,,,,,,,,,#000000,0.0,0.0,,,,0.0,0.0,0.0,0.0,0.0,0.0,0.0,0.0,49.255596559583466,-26.049382721145435,False,False,False,False,False,,0,,,False,False,False,False,,,False,False,False,False,2065547,370970.25670293637,False,False,False,False,1225269.009538952,False,False,False,False
2022-01-19 00:00:00+00:00,22.6541950124,23.2511060479,22.6305080666,23.0237113677,676944,,,,,,,,,,,,,,,,,,,,,,"rgba(239, 83, 80, 0.5)",0.0,0.0,,,,0.0,0.0,0.0,0.0,0.0,0.0,0.0,0.0,44.7616853950325,-26.049382721145435,False,False,False,True,False,,0,,,False,False,False,False,,,False,False,False,False,1388603,410877.4231067428,False,False,False,False,1203766.067988405,False,False,False,False
2022-01-20 00:00:00+00:00,22.1236074254,22.9668626977,22.0809709228,22.6826193475,831958,,,,,,,,,,,,,,,,,,,,,,"rgba(239, 83, 80, 0.5)",0.0,0.0,,,,0.0,0.0,0.0,0.0,0.0,0.0,0.0,0.0,38.80111224423929,-26.049382721145435,False,False,False,True,False,,0,,,False,False,False,False,,,False,False,False,False,556645,416593.7986711843,False,False,False,False,1189185.35943984,False,False,False,False
2022-01-21 00:00:00+00:00,21.7256667351,22.2657291005,21.6782928434,21.8677884102,1080179,,,,,,,,,,,,,,,,,,,,,,"rgba(239, 83, 80, 0.5)",0.0,0.0,,,,0.0,0.0,0.0,0.0,0.0,0.0,0.0,0.0,33.30242397840682,-26.049382721145435,False,False,False,True,False,,0,,,False,False,False,False,,,False,False,False,False,-523534,379726.0418605496,False,False,False,False,1184910.600246121,False,False,False,False
2022-01-24 00:00:00+00:00,21.6782928434,21.7540910701,20.806613236,21.3750999365,1722708,,,,,,,,,,,,,,,,,,,,,,"rgba(239, 83, 80, 0.5)",0.0,0.0,,,,0.0,0.0,0.0,0.0,0.0,0.0,0.0,0.0,29.474534140783355,-26.049382721145435,False,False,False,True,False,,0,,,False,False,False,False,,,False,False,False,False,-2246242,276746.90296405746,False,False,False,False,1206000.6943541162,False,False,False,False
2022-01-25 00:00:00+00:00,21.0529574729,21.4982720549,20.7592393443,21.2993017097,1726791,,,,,,,,,,,,,,,,,,,,,,"rgba(239, 83, 80, 0.5)",0.0,0.0,,,,0.0,0.0,0.0,0.0,0.0,0.0,0.0,0.0,25.17385565913229,-26.049382721145435,False,False,False,True,False,,0,,,False,False,False,False,,,False,False,False,False,-3973033,110088.86755370226,False,False,False,False,1226423.8435951313,False,False,False,False
2022-01-26 00:00:00+00:00,20.9866340245,21.5882824491,20.7308150093,21.4319486065,1458770,,,,,,,,,,,,,,,,,,,,,,"rgba(239, 83, 80, 0.5)",0.0,0.0,,,,0.0,0.0,0.0,0.0,0.0,0.0,0.0,0.0,22.156000359921606,-0.7729823978118588,False,False,False,True,False,,0,,,False,False,False,False,,,False,False,False,False,-5431803,-107240.22529154096,False,False,False,False,1235535.4575717929,False,False,False,False
2022-01-27 00:00:00+00:00,20.4465716591,21.3514129906,20.1812778655,21.251927818,1276240,,,,,,,,,,,,,,,,,,,,,,"rgba(239, 83, 80, 0.5)",0.0,0.0,,,,0.0,0.0,0.0,0.0,0.0,0.0,0.0,0.0,19.08871791147073,-5.712673976936692,False,False,False,True,False,,0,,,False,False,False,False,,,False,False,False,False,-6708043,-366095.2360644217,False,False,False,False,1237131.7141376052,False,False,False,False
2022-01-28 00:00:00+00:00,20.7308150093,20.749764566,19.7549128402,20.4465716591,1484135,,,,,,,,,,,,,,,,,,,,,,"rgba(239, 83, 80, 0.5)",0.0,0.0,,20.411830805166666,,0.0,0.0,0.0,0.0,0.0,0.0,0.0,0.0,20.00631186718064,-6.718859313207659,False,False,False,True,False,,0,,,False,False,False,False,,,False,False,False,False,-5223908,-556597.6973952287,False,False,False,False,1246818.1175047578,False,False,False,False
2022-01-31 00:00:00+00:00,21.2614025964,21.2708773747,20.4749959941,20.6171176692,865842,,,,,,,,,,,,,,,,,,,,,,"rgba(239, 83, 80, 0.5)",0.0,0.0,,20.629433589114388,,0.0,0.0,0.0,0.0,0.0,0.0,0.0,0.0,25.133279986718172,-6.718859313207659,False,False,False,True,False,,0,,,False,False,False,False,,,False,False,False,False,-4358066,-705674.8857326707,False,False,False,False,1231877.8776026105,False,False,False,False
2022-02-01 00:00:00+00:00,21.7161919567,21.7446162917,21.223503483,21.3656251581,1209103,,,,,,,,,,,,,,,,,,,,,,"rgba(239, 83, 80, 0.5)",0.0,0.0,,20.94605710274469,,0.0,0.0,0.0,0.0,0.0,0.0,0.0,0.0,31.576339979083638,-6.718859313207659,False,False,False,True,True,,0,,,False,False,False,False,,,False,False,False,False,-3148963,-801490.1059000168,False,False,False,False,1230984.7451476064,False,False,False,False
2022-02-02 00:00:00+00:00,22.1899308737,22.4078507756,21.8251519076,21.8867379668,1545996,,,,,,,,,,,,,,,,,,,,,,"rgba(239, 83, 80, 0.5)",0.0,0.0,,21.307921000388824,,0.0,0.0,0.0,0.0,0.0,0.0,0.0,0.0,38.438071556395144,-6.718859313207659,False,False,False,True,True,,0,,,False,False,False,False,,,False,False,False,False,-1602967,-832920.5723353103,False,False,False,False,1243338.1276908375,False,False,False,False
2022-02-03 00:00:00+00:00,21.8962127452,22.1615065387,21.7825154051,21.7919901834,922317,,,,,,,,,,,,,,,,,,,,,,"rgba(239, 83, 80, 0.5)",0.0,0.0,,21.40567439712865,,0.0,0.0,0.0,0.0,0.0,0.0,0.0,0.0,41.51069061655712,-6.718859313207659,False,False,False,True,True,,0,,,False,False,False,False,,,False,False,False,False,-2525284,-899287.7655770627,False,False,False,False,1230749.0638598243,False,False,False,False
2022-02-04 00:00:00+00:00,21.7635658484,22.057283977,21.64039373,21.7919901834,955067,,,,,,,,,,,,,,,,,,,,,,"rgba(239, 83, 80, 0.5)",0.0,0.0,,21.46240291450876,,0.0,0.0,0.0,0.0,0.0,0.0,0.0,0.0,42.905505513471766,-6.718859313207659,False,False,False,True,True,,0,,,False,False,False,False,,,False,False,False,False,-3480351,-1000505.9316328643,False,False,False,False,1219938.0025319883,False,False,False,False
2022-02-07 00:00:00+00:00,21.6877676217,21.9483240261,21.5788076708,21.8014649618,1073410,,,,,,,,,,,,,,,,,,,,,,"rgba(239, 83, 80, 0.5)",0.0,0.0,,21.499164983252417,,0.0,0.0,0.0,0.0,0.0,0.0,0.0,0.0,43.451383968471674,-23.3378120947166,False,False,False,True,True,,0,,,False,False,False,False,,,False,False,False,False,-4553761,-1139849.2676472617,False,False,False,False,1214191.8063542633,False,False,False,False
2022-02-08 00:00:00+00:00,22.2088804304,22.2325673763,21.7209293459,21.7351415134,1006980,,,,,,,,,,,,,,,,,,,,,,#000000,0.0,0.0,,21.560827082945803,,0.0,0.0,0.0,0.0,0.0,0.0,0.0,0.0,46.77532029447987,-19.029281133757916,False,False,False,False,True,,0,,,False,False,False,False,,,False,False,False,False,-3546781,-1234238.7473473693,False,False,False,False,1206065.8531639,False,False,False,False
2022-02-09 00:00:00+00:00,22.9858122544,22.9952870327,22.4599620565,22.4931237806,742894,,,,,,,,,,,,,,,,,,,,,,"rgba(38, 166, 154, 0.5)",0.0,0.0,,21.655745143248637,,0.0,0.0,0.0,0.0,0.0,0.0,0.0,0.0,52.22040254227877,-12.915192759331148,False,False,True,False,True,,0,,,False,False,False,False,,,False,False,False,False,-2803887,-1295793.5807847274,False,False,False,False,1187902.2510790413,False,False,False,False
2022-02-10 00:00:00+00:00,22.6447202341,23.3553286096,22.4457498889,22.6541950124,845162,,,,,,,,,,,,,,,,,,,,,,"rgba(38, 166, 154, 0.5)",0.0,0.0,,21.747754515289124,,0.0,0.0,0.0,0.0,0.0,0.0,0.0,0.0,53.93032509906557,-10.46274295818472,False,False,True,False,True,,0,,,False,False,False,False,,,False,False,False,False,-3649049,-1388078.1070284636,False,False,False,False,1174461.456919079,False,False,False,False
2022-02-11 00:00:00+00:00,22.0762335337,22.6541950124,21.8583136318,22.6447202341,819444,,,,,,,,,,,,,,,,,,,,,,"rgba(38, 166, 154, 0.5)",0.0,0.0,,21.779794932310615,,0.0,0.0,0.0,0.0,0.0,0.0,0.0,0.0,52.32990480953805,-10.46274295818472,False,False,True,False,True,,0,,,False,False,False,False,,,False,False,False,False,-4468493,-1508878.6910665631,False,False,False,False,1160539.203706566,False,False,False,False
2022-02-14 00:00:00+00:00,22.0383344203,22.2562543221,21.7919901834,22.1236074254,1523198,,,,,,,,,,,,,,,,,,,,,,#000000,0.0,0.0,,21.808992105212727,,0.0,0.0,0.0,0.0,0.0,0.0,0.0,0.0,51.092595999355694,-10.46274295818472,False,False,False,False,True,,0,,,False,False,False,False,,,False,False,False,False,-5991691,-1684675.2522012077,False,False,False,False,1174761.1172867008,False,False,False,False
2022-02-15 00:00:00+00:00,23.0237113677,23.0521357027,22.2088804304,22.2467795438,946092,,,,,,,,,,,,,,,,,,,,,,"rgba(38, 166, 154, 0.5)",0.0,0.0,,21.873644552819506,,0.0,0.0,0.0,0.0,0.0,0.0,0.0,0.0,54.195041485232096,-7.9329193517150145,False,False,True,False,True,,0,,,False,False,False,False,,,False,False,False,False,-5045599,-1816476.1834874349,False,False,False,False,1165793.7009225166,False,False,False,False
2022-02-16 00:00:00+00:00,23.3458538313,23.4595511714,22.7110436825,22.9289635843,1168927,,,,,,,,,,,,,,,,,,,,,,"rgba(38, 166, 154, 0.5)",0.0,0.0,,21.974107923339993,,0.0,0.0,0.0,0.0,0.0,0.0,0.0,0.0,57.26889649678899,-4.3165692058334315,False,False,True,False,True,,0,,,False,False,False,False,,,False,False,False,False,-3876672,-1897268.1762918492,False,False,False,False,1165916.5753961434,False,False,False,False
2022-02-17 00:00:00+00:00,22.7584175742,23.2321564912,22.6068211207,22.9952870327,1324524,,,,,,,,,,,,,,,,,,,,,,"rgba(38, 166, 154, 0.5)",0.0,0.0,,22.045979090533717,,0.0,0.0,0.0,0.0,0.0,0.0,0.0,0.0,56.51616133436806,-4.3165692058334315,False,False,True,False,True,,0,,,False,False,False,False,,,False,False,False,False,-5201196,-2026833.9733000123,False,False,False,False,1172136.4744002162,False,False,False,False
2022-02-18 00:00:00+00:00,22.4552246673,22.9858122544,22.3604768839,22.8057914659,1049621,,,,,,,,,,,,,,,,,,,,,,"rgba(38, 166, 154, 0.5)",0.0,0.0,,22.079271500872046,,0.0,0.0,0.0,0.0,0.0,0.0,0.0,0.0,54.73098073836178,-4.3165692058334315,False,False,True,False,True,,0,,,False,False,False,False,,,False,False,False,False,-6250817,-2192480.3665039334,False,False,False,False,1167331.9459923648,False,False,False,False
2022-02-22 00:00:00+00:00,22.2088804304,22.6636697908,22.0762335337,22.2657291005,1599768,,,,,,,,,,,,,,,,,,,,,,#000000,0.0,0.0,,22.099139391187975,,0.0,0.0,0.0,0.0,0.0,0.0,0.0,0.0,52.536932967711515,-4.3165692058334315,False,False,False,False,False,,0,,,False,False,False,False,,,False,False,False,False,-7850585,-2414366.8227194655,False,False,False,False,1184290.2226201151,False,False,False,False
2022-02-23 00:00:00+00:00,22.1520317604,23.2084695454,22.0383344203,22.5689220074,2456814,,,,,,,,,,,,,,,,,,,,,,#000000,0.0,0.0,,22.141016004582955,,0.0,0.0,0.0,0.0,0.0,0.0,0.0,0.0,50.837925086155906,-4.3165692058334315,False,False,False,False,False,,0,,,False,False,False,False,,,False,False,False,False,-10307399,-2723897.49633831,False,False,False,False,1234193.115850699,False,False,False,False
2022-02-24 00:00:00+00:00,22.474174224,22.5783967857,21.1861728563,21.5266963899,1967032,,,,,,,,,,,,,,,,,,,,,,#000000,0.0,0.0,,22.135875088383703,,0.0,0.0,0.0,0.0,0.0,0.0,0.0,0.0,51.17803157028441,-4.3165692058334315,False,False,False,False,False,,1,,,False,False,False,False,,,False,False,False,False,-8340367,-2944151.202364259,False,False,False,False,1262931.8956212597,False,False,False,False
2022-02-25 00:00:00+00:00,23.4500763931,23.5400867873,22.5404976724,22.5499724507,1797589,,,,,,,,,,,,,,,,,,,,,,"rgba(38, 166, 154, 0.5)",0.0,0.0,,22.693357737944773,,0.0,0.0,0.0,0.0,0.0,0.0,0.0,0.0,54.916340360945355,-3.5220846957415475,False,False,True,False,False,,1,,,False,False,False,False,,,False,False,False,False,-6542778,-3085273.8218793864,False,False,False,False,1283898.8408910143,False,False,False,False
2022-02-28 00:00:00+00:00,23.364803388,23.5359044706,22.8419945245,23.0226012228,1792085,,,,,,,,,,,,,,,,,,,,,,"rgba(38, 166, 154, 0.5)",0.0,0.0,,22.745317947716426,,0.0,0.0,0.0,0.0,0.0,0.0,0.0,0.0,56.98012264243663,-1.166783571650278,False,False,True,False,True,,1,,,False,False,False,False,,,False,False,False,False,-8334863,-3291140.0641586264,False,False,False,False,1303827.7098756805,False,False,False,False
2022-03-01 00:00:00+00:00,21.881927339,23.2792528467,21.6775566014,23.1937023054,1978354,,,,,,,,,,,,,,,,,,,,,,#000000,0.0,0.0,,22.579677760131233,,0.0,0.0,0.0,0.0,0.0,0.0,0.0,0.0,52.59835694646433,-1.166783571650278,False,False,False,False,False,,1,,,False,False,False,False,,,False,False,False,False,-10313217,-3566515.6302700527,False,False,False,False,1330279.721253105,False,False,False,False
2022-03-02 00:00:00+00:00,22.4902867437,22.6518822106,21.8708057686,22.0245115744,877020,,,,,,,,,,,,,,,,,,,,,,#000000,0.0,0.0,,22.54358774253711,,0.0,0.0,0.0,0.0,0.0,0.0,0.0,0.0,51.79516285909189,-1.166783571650278,False,False,False,False,False,,1,,,False,False,False,False,,,False,False,False,False,-9436197,-3796699.213396718,False,False,False,False,1312504.8302235715,False,False,False,False
2022-03-03 00:00:00+00:00,21.8248936448,22.8229832931,21.6110172915,22.7564439833,1558943,,,,,,,,,,,,,,,,,,,,,,#000000,0.0,0.0,,22.468612840595213,,0.0,0.0,0.0,0.0,0.0,0.0,0.0,0.0,49.25544665065598,-1.166783571650278,False,False,False,False,False,,1,,,False,False,False,False,,,False,False,False,False,-10995140,-4078991.008949788,False,False,False,False,1322169.0721755885,False,False,False,False
2022-03-04 00:00:00+00:00,20.9123545377,21.6157700994,20.8172983807,21.5302195581,2188978,,,,,,,,,,,,,,,,,,,,,,"rgba(239, 83, 80, 0.5)",0.0,0.0,,22.26449767205396,,0.0,0.0,0.0,0.0,0.0,0.0,0.0,0.0,45.308336235190566,3.05419013459732,False,False,False,True,False,,1,,,False,False,False,False,,,False,False,False,False,-13184118,-4436054.812520385,False,False,False,False,1356161.5791490949,False,False,False,False
2022-03-07 00:00:00+00:00,18.944692088,20.8458152278,18.7640853897,20.8172983807,4338100,,,,,,,,,,,,,,,,,,,,,,"rgba(239, 83, 80, 0.5)",0.0,0.0,,21.691598352673395,,0.0,0.0,0.0,0.0,0.0,0.0,0.0,0.0,39.35512241274634,-2.609943948720229,False,False,False,True,False,,0,,,False,False,False,False,,,False,False,False,False,-17522218,-4949237.682617625,False,False,False,False,1473100.340751091,False,False,False,False
2022-03-08 00:00:00+00:00,18.8211190839,19.4960177985,18.3363326832,19.0587594764,2610953,,,,,,,,,,,,,,,,,,,,,,"rgba(239, 83, 80, 0.5)",-1.0,16.9205,,20.559105801039433,,0.0,0.0,0.0,0.0,0.0,0.0,0.0,0.0,35.22099991396104,-6.421999021505833,False,False,False,True,False,,0,,,False,False,False,False,,,False,False,False,False,-20133171,-5544686.048005169,False,False,False,False,1517722.013662813,False,False,False,False
2022-03-09 00:00:00+00:00,20.5606467568,20.7982871493,19.3106582924,19.44848972,2761067,,,,,,,,,,,,,,,,,,,,,,"rgba(239, 83, 80, 0.5)",0.0,0.0,,20.716864008981762,,0.0,0.0,0.0,0.0,0.0,0.0,0.0,0.0,37.787924217959336,-6.421999021505833,False,False,False,True,False,,0,,,False,False,False,False,,,False,False,False,False,-17372104,-6008506.359848104,False,False,False,False,1566480.6405779968,False,False,False,False
2022-03-10 00:00:00+00:00,20.5416355254,20.6509501059,19.9912603764,20.1043772033,1648841,,,,,,,,,,,,,,,,,,,,,,"rgba(239, 83, 80, 0.5)",0.0,0.0,,20.751682000069504,,0.0,0.0,0.0,0.0,0.0,0.0,0.0,0.0,39.4617043928299,-6.421999021505833,False,False,False,True,True,,0,,,False,False,False,False,,,False,False,False,False,-19020945,-6518798.07122661,False,False,False,False,1569710.458594546,False,False,False,False
2022-03-11 00:00:00+00:00,20.3610288271,20.8933433063,20.3420175957,20.712736608,1249248,,,,,,,,,,,,,,,,,,,,,,"rgba(239, 83, 80, 0.5)",0.0,0.0,,20.773771386972175,,0.0,0.0,0.0,0.0,0.0,0.0,0.0,0.0,40.19710333303584,-6.421999021505833,False,False,False,True,True,,0,,,False,False,False,False,,,False,False,False,False,-20270193,-7058068.460590272,False,False,False,False,1557143.303355544,False,False,False,False
2022-03-14 00:00:00+00:00,20.1804221288,20.6271860667,20.0235794698,20.5036130626,1520121,,,,,,,,,,,,,,,,,,,,,,"rgba(239, 83, 80, 0.5)",0.0,0.0,,20.767805928986295,,0.0,0.0,0.0,0.0,0.0,0.0,0.0,0.0,40.2916332630833,-6.421999021505833,False,False,False,True,True,,0,,,False,False,False,False,,,False,False,False,False,-21790314,-7635803.57978281,False,False,False,False,1555691.4483219935,False,False,False,False
2022-03-15 00:00:00+00:00,20.3990512899,20.5131186783,20.0533320469,20.2469614387,2016258,,,,,,,,,,,,,,,,,,,,,,"rgba(239, 83, 80, 0.5)",0.0,0.0,,20.759645759947244,,0.0,0.0,0.0,0.0,0.0,0.0,0.0,0.0,41.079851374941235,-6.421999021505833,False,False,False,True,True,0.0,0,,,False,False,False,False,-0.13691363663757553,-0.13691363663757553,False,False,False,False,-19774056,-8111813.4786148565,False,False,False,False,1573752.881721131,False,False,False,False
2022-03-16 00:00:00+00:00,20.9503770005,21.5302195581,20.5701523725,20.6937253766,1720867,,,,,,,,,,,,,,,,,,,,,,"rgba(239, 83, 80, 0.5)",0.0,0.0,,20.801573958079747,,0.0,0.0,0.0,0.0,0.0,0.0,0.0,0.0,43.365014208303336,-6.421999021505833,False,False,False,True,True,0.0,0,0.8897011918598623,1.0086780487911802,False,False,False,False,-0.027266995632020348,-0.08209031613479793,False,False,False,False,-18053189,-8501671.342198588,False,False,False,False,1579522.0628301064,False,False,False,False
2022-03-17 00:00:00+00:00,21.5302195581,21.5682420209,20.7602646865,20.8743320749,1295237,,,,,,,,,,,,,,,,,,,,,,#000000,0.0,0.0,,20.840486660358206,,0.0,0.0,0.0,0.0,0.0,0.0,0.0,0.0,46.55890654522609,-10.742881434798171,True,False,False,False,True,0.0,0,0.8886901771705993,1.0237614461437394,False,False,False,False,-0.011078612584407942,-0.04658446435960294,False,False,False,False,-16757952,-8825447.054269232,False,False,False,False,1568373.6289936318,False,False,False,False
2022-03-18 00:00:00+00:00,21.1880173929,21.5777476366,21.0549387731,21.311590397,1467795,,,,,,,,,,,,,,,,,,,,,,#000000,0.0,0.0,,20.87684662295111,,0.0,0.0,0.0,0.0,0.0,0.0,0.0,0.0,47.65022906549254,-9.438776434017804,True,False,False,False,True,0.0,0,0.8946831925110931,1.023648281930351,False,False,False,False,0.018665990583531192,-0.013959236888035872,False,False,False,False,-18225747,-9194086.267827302,False,False,False,False,1564429.3690330973,False,False,False,False
2022-03-21 00:00:00+00:00,21.1404893144,21.4826914796,21.0359275417,21.2735679342,1285333,,,,,,,,,,,,,,,,,,,,,,#000000,0.0,0.0,,20.901532123483296,,0.0,0.0,0.0,0.0,0.0,0.0,0.0,0.0,48.22985823997792,-8.562767259840697,True,False,False,False,True,0.0,0,0.9041220709529316,1.0103636290130973,False,False,False,False,0.01037911476264563,-0.0017900610626951207,False,False,False,False,-19511080,-9598674.257324273,False,False,False,False,1553484.4133847405,False,False,False,False
2022-03-22 00:00:00+00:00,21.311590397,21.6252757151,21.1785117772,21.3210960127,1058443,,,,,,,,,,,,,,,,,,,,,,#000000,0.0,0.0,,20.92484591907088,,0.0,0.0,0.0,0.0,0.0,0.0,0.0,0.0,49.19091887444717,-7.287291525685227,True,False,False,False,True,0.0,0,0.9138791879118647,0.9965636194041354,False,False,False,False,0.031101468724091585,0.014655703830698232,False,False,False,False,-18452637,-9945888.482527243,False,False,False,False,1534071.0246245547,False,False,False,False
2022-03-23 00:00:00+00:00,21.026421926,21.2450510871,20.8838376906,21.2450510871,879432,,,,,,,,,,,,,,,,,,,,,,#000000,0.0,0.0,,20.93326403302648,,0.0,0.0,0.0,0.0,0.0,0.0,0.0,0.0,48.83020086397535,-7.279775262243923,True,False,False,False,True,0.0,0,0.9176715284407809,0.9989137987230265,False,False,False,False,-0.017930539140512142,-0.0016374176549069554,False,False,False,False,-19332069,-10313973.99301637,False,False,False,False,1508398.9060118273,False,False,False,False
2022-03-24 00:00:00+00:00,21.1404893144,21.2545567028,20.9693882319,21.0549387731,985728,,,,,,,,,,,,,,,,,,,,,,#000000,0.0,0.0,,20.94393299028774,,0.0,0.0,0.0,0.0,0.0,0.0,0.0,0.0,49.02578046987108,-6.675054152004854,True,False,False,False,True,0.0,0,0.9035850778582835,1.0059789390938518,False,False,False,False,-0.01102483034241648,-0.006331123998661718,False,False,False,False,-18346341,-10628968.777603963,False,False,False,False,1487902.0077368538,False,False,False,False
2022-03-25 00:00:00+00:00,21.2355454714,21.3686240912,20.9788938476,21.1404893144,792538,,,,,,,,,,,,,,,,,,,,,,#000000,0.0,0.0,,20.9535444574102,,0.0,0.0,0.0,0.0,0.0,0.0,0.0,0.0,49.537009119176275,-5.763945328184555,True,False,False,False,True,0.0,0,0.8964879939786486,1.0130716459827311,False,False,False,False,-0.002048882197248483,-0.0041900030979551,False,False,False,False,-17553803,-10900530.903972436,False,False,False,False,1460632.8309628596,False,False,False,False
2022-03-28 00:00:00+00:00,21.0454331574,21.2640623185,20.6604557216,21.2640623185,912743,,,,,,,,,,,,,,,,,,,,,,#000000,0.0,0.0,,20.95825740507648,,0.0,0.0,0.0,0.0,0.0,0.0,0.0,0.0,49.08001098925548,-5.763945328184555,True,False,False,False,True,0.0,0,0.8811384887145656,1.02339800392873,False,False,False,False,-0.013949744215348002,-0.009069873656651552,False,False,False,False,-18466546,-11197237.378326459,False,False,False,False,1439146.9552388259,False,False,False,False
2022-03-29 00:00:00+00:00,21.786871182,22.0150059587,21.3306016284,21.3306016284,1308425,,,,,,,,,,,,,,,,,,,,,,"rgba(38, 166, 154, 1.0)",0.0,0.0,,21.170935301163905,,0.0,0.0,0.0,0.0,0.0,0.0,0.0,0.0,51.6919412964705,-3.0346584038576623,True,False,True,False,True,0.0,0,0.9007011120431502,0.9943063455626576,False,False,False,False,0.09610119843849647,0.04351566239092246,False,False,False,False,-17158121,-11430997.520352874,False,False,False,False,1434020.6040529897,False,False,False,False
2022-03-30 00:00:00+00:00,21.3401072441,21.8153880291,21.1880173929,21.6632981779,1325144,,,,,,,,,,,,,,,,,,,,,,#000000,0.0,0.0,,21.153337275734895,,0.0,0.0,0.0,0.0,0.0,0.0,0.0,0.0,51.524122962658325,-2.9549625625328133,True,False,False,False,True,0.0,0,0.9027915809966789,0.9988657810804975,False,False,False,False,0.06948870695290939,0.05650218467191592,False,False,False,False,-18483265,-11707557.029358644,False,False,False,False,1429750.9333058137,False,False,False,False
2022-03-31 00:00:00+00:00,20.8172983807,21.3781297069,20.7982871493,21.2640623185,1056725,,,,,,,,,,,,,,,,,,,,,,#000000,0.0,0.0,,21.11371622174808,,0.0,0.0,0.0,0.0,0.0,0.0,0.0,0.0,49.45552528117945,-2.9549625625328133,True,False,False,False,False,0.0,0,0.8967158393199101,1.0091612264403977,False,False,False,False,0.005506165705425283,0.031004175188670602,False,False,False,False,-19539990,-12014711.263501443,False,False,False,False,1415122.4653330366,False,False,False,False
2022-04-01 00:00:00+00:00,21.0739500045,21.2593095107,20.8743320749,21.0454331574,955714,,,,,,,,,,,,,,,,,,,,,,#000000,0.0,0.0,,21.098945914943503,,0.0,0.0,0.0,0.0,0.0,0.0,0.0,0.0,49.13937266074839,-2.9549625625328133,True,False,False,False,False,0.0,1,0.9097241829770764,1.0037262101080904,False,False,False,False,0.002202442957769001,0.016603309073219802,False,False,False,False,-18584276,-12272341.253168052,False,False,False,False,1397106.4470846823,False,False,False,False
2022-04-04 00:00:00+00:00,20.6842197609,21.1880173929,20.5178714862,21.1880173929,2227113,,,,,,,,,,,,,,,,,,,,,,#000000,0.0,0.0,,21.04967408620113,,0.0,0.0,0.0,0.0,0.0,0.0,0.0,0.0,47.49342597691413,-2.9549625625328133,True,False,False,False,False,0.0,1,0.9110574607317168,0.9880760750424987,False,False,False,False,-0.03084404477876245,-0.007120367852771325,False,False,False,False,-20811389,-12607205.870690875,False,False,False,False,1429655.7236695967,False,False,False,False
2022-04-05 00:00:00+00:00,20.3420175957,20.7412534551,20.3039951329,20.5606467568,2822131,,,,,,,,,,,,,,,,,,,,,,"rgba(239, 83, 80, 0.5)",0.0,0.0,,20.97654951696638,,0.0,0.0,0.0,0.0,0.0,0.0,0.0,0.0,45.23273208831345,-0.6941439454589045,False,False,False,True,False,0.0,1,0.9264625515378158,0.9862911763506532,False,False,False,False,-0.08204119765102416,-0.044580782751897745,False,False,False,False,-23633520,-13039610.346350057,False,False,False,False,1484262.5972511813,False,False,False,False
2022-04-06 00:00:00+00:00,20.0758603562,20.2849839015,19.6243436105,20.0853659719,1670483,,,,,,,,,,,,,,,,,,,,,,"rgba(239, 83, 80, 0.5)",0.0,0.0,,20.916632805560422,,0.0,0.0,0.0,0.0,0.0,0.0,0.0,0.0,42.86685919039655,-2.973976388995176,False,False,False,True,False,0.0,1,0.9141733585696608,0.9943986591641899,False,False,False,False,-0.17124288115615874,-0.10791183195402825,False,False,False,False,-25304003,-13520566.921002997,False,False,False,False,1491565.358143292,False,False,False,False
2022-04-07 00:00:00+00:00,19.9427817364,20.113882819,19.4009616415,20.0853659719,1305321,,,,,,,,,,,,,,,,,,,,,,"rgba(239, 83, 80, 1.0)",0.0,0.0,,20.869398862234902,,0.0,0.0,0.0,0.0,0.0,0.0,0.0,0.0,40.86206973219981,-4.867482088483655,False,True,False,True,False,0.0,0,0.9089114810143678,1.0010038522969642,False,False,False,False,-0.2027904926295458,-0.15535116229178703,False,False,False,False,-26609324,-14033851.512336213,False,False,False,False,1484261.6578239473,False,False,False,False
2022-04-08 00:00:00+00:00,19.5340402613,20.1519052817,19.44848972,19.9332761207,1166470,,,,,,,,,,,,,,,,,,,,,,"rgba(239, 83, 80, 1.0)",0.0,0.0,,20.828093130053688,,0.0,0.0,0.0,0.0,0.0,0.0,0.0,0.0,38.27208425722094,-7.2829786130923395,False,True,False,True,False,0.0,0,0.9231519732279003,0.993956864234587,False,False,False,False,-0.1959170418467909,-0.17563410206928898,False,False,False,False,-27775794,-14572751.217734793,False,False,False,False,1471799.239870067,False,False,False,False
2022-04-11 00:00:00+00:00,19.1633212491,19.5815683398,19.1538156334,19.3439279473,1038647,,,,,,,,,,,,,,,,,,,,,,"rgba(239, 83, 80, 1.0)",0.0,0.0,,20.781337996254802,,0.0,0.0,0.0,0.0,0.0,0.0,0.0,0.0,35.526241405212154,-9.802298821056837,False,True,False,True,False,0.0,0,0.9254480216324728,0.9930516217385844,False,False,False,False,-0.26638281668360425,-0.22100845937644661,False,False,False,False,-28814441,-15131248.856254999,False,False,False,False,1454812.8775222213,False,False,False,False
2022-04-12 00:00:00+00:00,19.0967819392,19.4579953357,18.849635931,19.3154111002,1280448,,,,,,,,,,,,,,,,,,,,,,"rgba(239, 83, 80, 1.0)",0.0,0.0,,20.722826363474482,,0.0,0.0,0.0,0.0,0.0,0.0,0.0,0.0,33.516319689457475,-11.617182440293732,False,True,False,True,False,0.0,0,0.8982598620401178,1.00989969629253,False,False,False,False,-0.30216490812901176,-0.2615866837527292,False,False,False,False,-30094889,-15718058.273656763,False,False,False,False,1447975.0391880167,False,False,False,False
2022-04-13 00:00:00+00:00,19.3344223316,19.3629391787,18.9922201665,18.9922201665,656960,,,,,,,,,,,,,,,,,,,,,,"rgba(239, 83, 80, 1.0)",0.0,0.0,,20.696874171677123,,0.0,0.0,0.0,0.0,0.0,0.0,0.0,0.0,33.721664496116,-11.617182440293732,False,True,False,True,False,0.0,0,0.8819277243790339,1.0248925982369732,False,False,False,False,-0.2981533891153539,-0.2798700364340415,False,False,False,False,-29437929,-16256092.41978787,False,False,False,False,1416954.8415728004,False,False,False,False
2022-04-14 00:00:00+00:00,19.4199728729,19.5530514927,19.3249167159,19.4009616415,897652,,,,,,,,,,,,,,,,,,,,,,"rgba(239, 83, 80, 1.0)",0.0,0.0,,20.6685283391061,,0.0,0.0,0.0,0.0,0.0,0.0,0.0,0.0,34.41575135990707,-11.617182440293732,False,True,False,True,False,0.0,0,0.8762130101931793,1.0364047095956141,False,False,False,False,-0.2546061540349309,-0.2672380952344862,False,False,False,False,-28540277,-16737825.148423642,False,False,False,False,1396590.02425622,False,False,False,False
2022-04-18 00:00:00+00:00,19.2868942531,19.4675009514,19.0587594764,19.3914560258,806859,,,,,,,,,,,,,,,,,,,,,,"rgba(239, 83, 80, 1.0)",0.0,0.0,,20.640948056108428,,0.0,0.0,0.0,0.0,0.0,0.0,0.0,0.0,34.381792804316724,-11.617182440293732,False,True,False,True,False,0.0,0,0.8710251549104691,1.032880595523561,False,False,False,False,-0.2837877796895406,-0.27551293746201344,False,False,False,False,-29347136,-17232307.926916834,False,False,False,False,1373463.317422643,False,False,False,False
2022-04-19 00:00:00+00:00,19.9047592736,20.1233884347,19.2013437119,19.2013437119,785580,,,,,,,,,,,,,,,,,,,,,,"rgba(239, 83, 80, 0.75)",0.0,0.0,,20.62534129107382,,0.0,0.0,0.0,0.0,0.0,0.0,0.0,0.0,38.19713680651596,-11.617182440293732,False,True,False,True,True,0.0,0,0.8802126337851076,1.0124834792236872,False,False,False,False,-0.21813376748870045,-0.24682335247535694,False,False,False,False,-28561556,-17676592.16507696,False,False,False,False,1350409.0696805788,False,False,False,False
2022-04-20 00:00:00+00:00,20.2659726701,20.3895456742,20.0663547405,20.0663547405,716882,,,,,,,,,,,,,,,,,,,,,,"rgba(239, 83, 80, 0.5)",0.0,0.0,1.2659347880729654,20.620970049368964,-0.28042311706225453,0.0,0.0,0.0,0.0,0.0,0.0,0.0,0.0,42.56998475922786,-12.417481615760863,False,False,False,True,True,0.0,0,0.9006029040467508,0.9983939529386041,False,False,False,False,-0.12807050857563235,-0.18744693052549466,False,False,False,False,-27844674,-18075340.472328845,False,False,False,False,1325564.8708695758,False,False,False,False
2022-04-21 00:00:00+00:00,19.9808041992,20.6461972981,19.8429727715,20.5891636039,1158648,,,,,,,,,,,,,,,,,,,,,,"rgba(239, 83, 80, 0.5)",0.0,0.0,1.2608549995792404,20.611708503536413,-0.5003781596987363,0.0,0.0,0.0,0.0,0.0,0.0,0.0,0.0,44.10207434094052,-11.068757151077449,False,False,False,True,True,0.0,0,0.8926282172542853,0.9999846629464316,False,False,False,False,-0.1254594733148679,-0.15645320192018128,False,False,False,False,-29003322,-18503888.767531637,False,False,False,False,1319019.1112276316,False,False,False,False
2022-04-22 00:00:00+00:00,19.2108493276,19.8049503087,19.1823324805,19.7621750381,745817,,,,,,,,,,,,,,,,,,,,,,"rgba(239, 83, 80, 0.75)",0.0,0.0,1.2632860780569972,20.59221770726863,-1.0934723366802652,0.0,0.0,0.0,0.0,0.0,0.0,0.0,0.0,42.07888239756872,-11.068757151077449,False,True,False,True,True,0.0,0,0.8602069510007359,1.0318158004796463,False,False,False,False,-0.24562412914677065,-0.20103866553347596,False,False,False,False,-29749139,-18944878.972726475,False,False,False,False,1296540.5970618422,False,False,False,False
2022-04-25 00:00:00+00:00,19.5055234142,19.5245346456,18.7640853897,19.039748245,993381,,,,,,,,,,,,,,,,,,,,,,"rgba(239, 83, 80, 0.75)",0.0,0.0,1.2639699767784685,20.30439562749492,-0.6320341685101086,0.0,0.0,0.0,0.0,0.0,0.0,0.0,0.0,42.28710624762616,-11.068757151077449,False,True,False,True,True,0.0,0,0.8491182027055121,1.0486545427371523,False,False,False,False,-0.3037721559019919,-0.2524054107177339,False,False,False,False,-28755758,-19329619.326737203,False,False,False,False,1284651.9854123583,False,False,False,False
2022-04-26 00:00:00+00:00,19.2108493276,19.6956357282,19.0492538607,19.4199728729,974628,,,,,,,,,,,,,,,,,,,,,,"rgba(239, 83, 80, 0.75)",0.0,0.0,1.2749580966466447,20.28992679702124,-0.8463630861746744,0.0,0.0,0.0,0.0,0.0,0.0,0.0,0.0,41.33601047428243,-11.068757151077449,False,True,False,True,True,0.0,0,0.87138999868626,1.0259920199349875,False,False,False,False,-0.26559548983587583,-0.25900045027680485,False,False,False,False,-29730386,-19737492.529610254,False,False,False,False,1272494.182062854,False,False,False,False
2022-04-27 00:00:00+00:00,19.0207370136,19.5340402613,18.9161752409,19.3154111002,1848935,,,,,,,,,,,,,,,,,,,,,,"rgba(239, 83, 80, 1.0)",0.0,0.0,1.2922519436303983,20.236701157481086,-0.9409652273108646,0.0,0.0,0.0,0.0,0.0,0.0,0.0,0.0,40.024497094015715,-11.068757151077449,False,True,False,True,False,0.0,0,0.8701634901703209,1.0197202621722194,False,False,False,False,-0.29015809039392104,-0.27457927033536295,False,False,False,False,-31579321,-20201877.95982162,False,False,False,False,1295099.704334899,False,False,False,False
2022-04-28 00:00:00+00:00,20.2469614387,20.3039951329,19.2060965197,19.3344223316,2440067,,,,,,,,,,,,,,,,,,,,,,"rgba(239, 83, 80, 0.5)",0.0,0.0,1.286623914874892,20.27335327287407,-0.020512469781531508,0.0,0.0,0.0,0.0,0.0,0.0,0.0,0.0,44.73718348854223,-10.566305421689819,False,False,False,True,True,0.0,0,0.86739601342759,1.0198705405498671,False,False,False,False,-0.20317290005841088,-0.2388760851968869,False,False,False,False,-29139254,-20552363.294730574,False,False,False,False,1340000.3825962755,False,False,False,False
2022-04-29 00:00:00+00:00,19.6005795712,20.5701523725,19.5197818378,20.142399666,1728477,,,,,,,,,,,,,,,,,,,,,,"rgba(239, 83, 80, 0.5)",0.0,0.0,1.283123949926771,20.27867119783921,-0.5284693085791965,0.0,0.0,0.0,0.0,0.0,0.0,0.0,0.0,45.45264719929824,-9.891498420580774,True,False,False,True,True,0.0,1,0.8635790347265551,1.0233483835602615,False,False,False,False,-0.15691491284329337,-0.19789549902009013,False,False,False,False,-30867731,-20956887.51846663,False,False,False,False,1355234.7597493627,False,False,False,False
2022-05-02 00:00:00+00:00,19.5815683398,19.6100851869,18.8591415467,19.4389841043,1576779,,,,,,,,,,,,,,,,,,,,,,"rgba(239, 83, 80, 0.5)",0.0,0.0,1.2737448512539828,20.247556530282086,-0.5228583965041588,0.0,0.0,0.0,0.0,0.0,0.0,0.0,0.0,45.86196791250921,-9.396073103506701,True,False,False,True,True,0.0,1,0.8522409402870947,1.045096663354929,False,False,False,False,-0.2885633822202032,-0.24322944062014668,False,False,False,False,-32444510,-21407382.51774245,False,False,False,False,1363922.7691709562,False,False,False,False
2022-05-03 00:00:00+00:00,20.1043772033,20.2089389759,19.6481076497,19.6481076497,1173210,,,,,,,,,,,,,,,,,,,,,,#000000,0.0,0.0,1.2532322354691021,20.251776561288032,-0.11761535796504512,0.0,0.0,0.0,0.0,0.0,0.0,0.0,0.0,48.19284433197882,-7.053584826976397,True,False,False,False,True,0.0,1,0.877149044363856,1.0236144568053547,False,False,False,False,-0.17540322552220824,-0.20931633307117747,False,False,False,False,-31271300,-21794202.811164316,False,False,False,False,1356443.837046605,False,False,False,False
2022-05-04 00:00:00+00:00,20.712736608,20.8039905187,19.8762424265,20.2944895172,932751,,,,,,,,,,,,,,,,,,,,,,"rgba(38, 166, 154, 1.0)",0.0,0.0,1.2241942166436177,20.300688386557642,0.3365872962315357,0.0,0.0,0.0,0.0,0.0,0.0,0.0,0.0,51.775311621217,-3.615858545578277,True,False,True,False,True,0.0,0,0.8912697961250144,1.0000394245695585,False,False,False,False,-0.110496464002147,-0.15990639853666222,False,False,False,False,-30338549,-22129275.2107265,False,False,False,False,1339828.4316722283,False,False,False,False
2022-05-05 00:00:00+00:00,20.1043772033,20.522624294,19.9142648893,20.3515232114,817994,,,,,,,,,,,,,,,,,,,,,,"rgba(38, 166, 154, 1.0)",0.0,0.0,1.208766709928159,20.283024699627763,-0.14779319686788883,0.0,0.0,0.0,0.0,0.0,0.0,0.0,0.0,51.72082085801039,-3.615858545578277,True,False,True,False,True,0.0,0,0.8872928535376252,1.0164015081869013,False,False,False,False,-0.12956330661806048,-0.14473485257736135,False,False,False,False,-31156543,-22483285.712266635,False,False,False,False,1319364.3363125331,False,False,False,False
2022-05-06 00:00:00+00:00,19.7621750381,20.1899277445,19.4675009514,19.8857480422,814987,,,,,,,,,,,,,,,,,,,,,,#000000,0.0,0.0,1.2017959023793638,20.25158619593196,-0.4072331723406642,0.0,0.0,0.0,0.0,0.0,0.0,0.0,0.0,50.45549271703352,-3.615858545578277,True,False,False,False,True,0.0,1,0.8959280846584552,1.008905302819895,False,False,False,False,-0.19134491366389825,-0.16803988312062978,False,False,False,False,-31971530,-22855373.723550297,False,False,False,False,1299584.8329277278,False,False,False,False
2022-05-09 00:00:00+00:00,19.2963998688,19.795444693,19.1918380962,19.3914560258,887908,,,,,,,,,,,,,,,,,,,,,,#000000,0.0,0.0,1.2095617121622915,20.208227043791947,-0.7538492379705926,0.0,0.0,0.0,0.0,0.0,0.0,0.0,0.0,48.06839693936078,-3.615858545578277,True,False,False,False,False,0.0,1,0.8532234309524905,1.046703970685881,False,False,False,False,-0.24562412914677065,-0.20683200613370023,False,False,False,False,-32859438,-23247689.96968558,False,False,False,False,1283440.6434011504,False,False,False,False
2022-05-10 00:00:00+00:00,19.1443100177,19.6481076497,18.4408944559,19.6481076497,1205650,,,,,,,,,,,,,,,,,,,,,,"rgba(239, 83, 80, 0.5)",0.0,0.0,1.223441263979395,20.145174338432984,-0.8180730454337852,0.0,0.0,0.0,0.0,0.0,0.0,0.0,0.0,45.99295227633023,1.2934868515784643,True,False,False,True,False,0.0,1,0.8276821698819452,1.049819358233897,False,False,False,False,-0.31637350031597494,-0.2616027532248376,False,False,False,False,-34065088,-23671901.657148894,False,False,False,False,1280390.0299344384,False,False,False,False
2022-05-11 00:00:00+00:00,18.659523617,19.7621750381,18.6215011542,19.1062875549,1251109,,,,,,,,,,,,,,,,,,,,,,"rgba(239, 83, 80, 0.5)",0.0,0.0,1.2469814361606404,20.094478911801563,-1.1507431090711968,0.0,0.0,0.0,0.0,0.0,0.0,0.0,0.0,43.141660046231316,-1.4485673350024442,False,False,False,True,False,0.0,1,0.8631221263154187,1.0429791481767767,False,False,False,False,-0.28292694827680953,-0.2722648507508236,False,False,False,False,-35316197,-24128540.69020188,False,False,False,False,1279241.754250735,False,False,False,False
2022-05-12 00:00:00+00:00,18.8211190839,19.0587594764,18.3838607617,18.5074337658,1269063,,,,,,,,,,,,,,,,,,,,,,"rgba(239, 83, 80, 1.0)",0.0,0.0,1.268791640489906,20.03980765702504,-0.9605111936696549,0.0,0.0,0.0,0.0,0.0,0.0,0.0,0.0,42.01552095462828,-2.5552732114945584,False,True,False,True,False,0.0,1,0.8512767102993479,1.045122817479814,False,False,False,False,-0.34282825441539394,-0.30754655258310876,False,False,False,False,-34047134,-24517505.133723374,False,False,False,False,1278842.587417373,False,False,False,False
2022-05-13 00:00:00+00:00,19.3059054845,19.6290964183,18.944692088,19.0017257822,1063087,,,,,,,,,,,,,,,,,,,,,,"rgba(239, 83, 80, 0.5)",0.0,0.0,1.2808058217355551,20.02413355477523,-0.5607626527665188,0.0,0.0,0.0,0.0,0.0,0.0,0.0,0.0,43.4575401638572,-2.5552732114945584,False,False,False,True,False,0.0,1,0.8683998701841187,1.031558477725716,False,False,False,False,-0.2064087864684172,-0.25697766952576295,False,False,False,False,-32984047,-24849526.383381285,False,False,False,False,1270381.5839892407,False,False,False,False
2022-05-16 00:00:00+00:00,19.1918380962,19.4294784886,18.944692088,19.134804402,1050245,,,,,,,,,,,,,,,,,,,,,,"rgba(239, 83, 80, 0.5)",0.0,0.0,1.2937383028959955,20.0059132949219,-0.6292425577101759,0.0,0.0,0.0,0.0,0.0,0.0,0.0,0.0,43.99426432239369,-2.5552732114945584,False,False,False,True,False,0.0,1,0.8938670993134898,1.0102374837013715,False,False,False,False,-0.22980722099492132,-0.24339244526034215,False,False,False,False,-34034292,-25209713.27030751,False,False,False,False,1261748.7767739764,False,False,False,False
2022-05-17 00:00:00+00:00,19.7716806538,19.9047592736,19.5055234142,19.638602034,1102421,,,,,,,,,,,,,,,,,,,,,,#000000,0.0,0.0,1.2990873166865484,20.00865084732492,-0.18241282974675968,0.0,0.0,0.0,0.0,0.0,0.0,0.0,0.0,46.79160393763286,-2.5552732114945584,True,False,False,False,True,0.0,1,0.9567078548906882,0.9726221013799912,False,False,False,False,-0.11044692333147382,-0.176919684295908,False,False,False,False,-32931871,-25512542.985197414,False,False,False,False,1255500.628665193,False,False,False,False
2022-05-18 00:00:00+00:00,18.9922201665,19.7498177377,18.849635931,19.5150290299,1131947,,,,,,,,,,,,,,,,,,,,,,"rgba(239, 83, 80, 0.5)",0.0,0.0,1.3140592985411748,19.99111705626815,-0.7601611973501422,0.0,0.0,0.0,0.0,0.0,0.0,0.0,0.0,45.78256842707333,-2.5552732114945584,True,False,False,True,True,0.0,1,0.9492718004965204,0.9376760075680022,False,False,False,False,-0.2034170324418507,-0.19016835836887935,False,False,False,False,-34063818,-25847887.103424966,False,False,False,False,1250655.3883253816,False,False,False,False
2022-05-19 00:00:00+00:00,18.944692088,19.258377406,18.7260629269,18.8306246996,1189574,,,,,,,,,,,,,,,,,,,,,,"rgba(239, 83, 80, 0.5)",0.0,0.0,1.3254306111585819,19.96622796775254,-0.7707199993363658,0.0,0.0,0.0,0.0,0.0,0.0,0.0,0.0,44.95059807679428,-2.5552732114945584,True,False,False,True,True,0.0,1,0.9289592875494985,1.0030308437932458,False,False,False,False,-0.2762386362576961,-0.23320349731328774,False,False,False,False,-35253392,-26216730.43270242,False,False,False,False,1248260.039763602,False,False,False,False
2022-05-20 00:00:00+00:00,19.1728268648,19.229860559,18.3363326832,19.229860559,1991392,,,,,,,,,,,,,,,,,,,,,,"rgba(239, 83, 80, 0.5)",0.0,0.0,1.3257741903437248,19.7808840672413,-0.4586431134880149,0.0,0.0,0.0,0.0,0.0,0.0,0.0,0.0,45.426377119441426,-2.5552732114945584,True,False,False,True,True,0.0,1,0.8977769151318093,0.9994936666090167,False,False,False,False,-0.32740105025389177,-0.28030227378358974,False,False,False,False,-33262000,-26493015.513772912,False,False,False,False,1277402.4695767942,False,False,False,False
2022-05-23 00:00:00+00:00,19.4960177985,19.6481076497,19.0872763235,19.4960177985,853306,,,,,,,,,,,,,,,,,,,,,,#000000,0.0,0.0,1.3248030389798464,19.798170558070655,-0.22807372166305326,0.0,0.0,0.0,0.0,0.0,0.0,0.0,0.0,47.14292374615458,-2.5552732114945584,True,False,False,False,True,0.0,1,0.90964490701366,0.9942912904210587,False,False,False,False,-0.18763021799567275,-0.23396624588963125,False,False,False,False,-32408694,-26725002.905389663,False,False,False,False,1260771.2354757434,False,False,False,False
2022-05-24 00:00:00+00:00,19.3059054845,19.4057144494,18.9066696252,19.3629391787,1173211,,,,,,,,,,,,,,,,,,,,,,#000000,0.0,0.0,1.327040144742074,19.793501246104903,-0.3674310559004786,0.0,0.0,0.0,0.0,0.0,0.0,0.0,0.0,47.47443336128703,-7.149022089997672,True,False,False,False,True,0.0,1,0.9110134562940441,0.9909128505788644,False,False,False,False,-0.23709884999052075,-0.235532547940076,False,False,False,False,-33581905,-26993901.026746932,False,False,False,False,1257337.5007512043,False,False,False,False
2022-05-25 00:00:00+00:00,19.4960177985,19.7198750482,19.2108493276,19.3059054845,805469,,,,,,,,,,,,,,,,,,,,,,#000000,0.0,0.0,1.3270660299387107,19.799879178191947,-0.2289723139895172,0.0,0.0,0.0,0.0,0.0,0.0,0.0,0.0,48.56614485938358,-5.887247725269603,True,False,False,False,True,0.0,1,0.9192532973748422,0.9782703355667421,False,False,False,False,-0.16510234771663077,-0.20031744782835337,False,False,False,False,-32776436,-27220667.104129408,False,False,False,False,1239617.167388412,False,False,False,False
2022-05-26 00:00:00+00:00,19.8952536579,20.0520963169,19.5150290299,19.5815683398,791013,,,,,,,,,,,,,,,,,,,,,,#000000,0.0,0.0,1.3154937117119436,19.816147490668403,0.06013420400820506,0.0,0.0,0.0,0.0,0.0,0.0,0.0,0.0,51.00491523719392,-3.409903649764523,True,False,False,False,True,0.0,1,0.9160367517796516,0.9996284812028308,False,False,False,False,-0.09272864408754793,-0.14652304595795065,False,False,False,False,-31985423,-27407520.27651649,False,False,False,False,1222024.8470986702,False,False,False,False
2022-05-27 00:00:00+00:00,20.237455823,20.2469614387,20.0283322777,20.0378378934,732420,,,,,,,,,,,,,,,,,,,,,,"rgba(38, 166, 154, 1.0)",0.0,0.0,1.2845722311000398,19.838867462155854,0.31028878812273375,0.0,0.0,0.0,0.0,0.0,0.0,0.0,0.0,53.94653429735209,-0.5639983632493539,True,False,True,False,True,0.0,1,0.920664126448239,0.990785680136241,False,False,False,False,-0.01328581653214752,-0.07990443124504909,False,False,False,False,-31253003,-27558323.520574667,False,False,False,False,1202824.6570163693,False,False,False,False
2022-05-31 00:00:00+00:00,20.3135007486,20.5043274349,19.8745993703,20.141756731,1225819,,,,,,,,,,,,,,,,,,,,,,"rgba(38, 166, 154, 1.0)",0.0,0.0,1.2602168921590111,19.872110052835655,0.35024978518431926,0.0,0.0,0.0,0.0,0.0,0.0,0.0,0.0,56.19420147361741,1.555187890536267,True,False,True,False,True,0.0,1,0.9072975288332615,0.9832846620758569,False,False,False,False,-0.0016980497476374672,-0.04080124049634328,False,False,False,False,-30027184,-27655141.578591347,False,False,False,False,1203726.3959569037,False,False,False,False
2022-06-01 00:00:00+00:00,20.2848767457,20.5424927721,19.7982686958,20.447079429,1220997,,,,,,,,,,,,,,,,,,,,,,"rgba(38, 166, 154, 1.0)",0.0,0.0,1.2464527539691335,19.897475215895756,0.31080322023488194,0.0,0.0,0.0,0.0,0.0,0.0,0.0,0.0,57.514945895613266,2.805508902951594,True,False,True,False,True,0.0,1,0.9064018818786436,0.9794228564721985,False,False,False,False,-0.005965300940855438,-0.023383270718599358,False,False,False,False,-31248181,-27796045.085313257,False,False,False,False,1204403.674546829,False,False,False,False
2022-06-02 00:00:00+00:00,21.0768074935,21.1245141651,20.2672252772,20.3707487545,1187278,,,,,,,,,,,,,,,,,,,,,,"rgba(38, 166, 154, 1.0)",0.0,0.0,1.2348484142312897,20.05147061014852,0.8303342106891435,0.0,0.0,0.0,0.0,0.0,0.0,0.0,0.0,61.196957542690555,6.262598794804347,True,False,True,False,True,1.7324708671572822,0,0.9182909329163522,0.9676979008481664,False,False,False,True,0.11200837141363666,0.04431255034751865,False,False,False,True,-30060903,-27884863.042751953,False,False,False,False,1203732.0794665613,False,False,False,False
2022-06-03 00:00:00+00:00,20.723778124,21.0195594877,20.5854287765,21.0195594877,806913,,,,,,,,,,,,,,,,,,,,,,"rgba(38, 166, 154, 1.0)",0.0,0.0,1.1979030966235484,20.0710189167767,0.5449182067090298,0.0,0.0,0.0,0.0,0.0,0.0,0.0,0.0,61.50932874109814,6.529808917435538,True,False,True,False,True,0.1196064908293728,0,0.9369371669504007,0.9598537334559492,False,False,False,False,0.13622155805806382,0.09026705420279124,False,False,False,False,-30867816,-28001841.590095013,False,False,False,False,1188170.546938461,False,False,False,False
2022-06-06 00:00:00+00:00,20.723778124,21.0863488278,20.661759451,20.9623114818,599488,,,,,,,,,,,,,,,,,,,,,,"rgba(38, 166, 154, 1.0)",0.0,0.0,1.1483745407596393,20.087338269781455,0.5542093033493628,0.0,0.0,0.0,0.0,0.0,0.0,0.0,0.0,61.71757620670319,6.827660564497194,True,False,True,False,True,0.1196064908293728,0,0.9369245108449846,0.9583238788752141,False,False,False,False,0.1525597756827854,0.12141341494278832,False,False,False,False,-30867816,-28114232.74342462,False,False,False,False,1165084.956862443,False,False,False,False
2022-06-07 00:00:00+00:00,20.9813941504,20.9957061519,20.3421247516,20.4184554261,723683,,,,,,,,,,,,,,,,,,,,,,"rgba(38, 166, 154, 1.0)",0.0,0.0,1.1164765690716225,20.103154864086147,0.7866168539874784,0.0,0.0,0.0,0.0,0.0,0.0,0.0,0.0,62.82126664576781,8.037432916379231,True,False,True,False,True,1.2967120683717503,0,0.9277466498373693,0.9646590374787269,False,False,False,False,0.10590911761513977,0.11366126627896404,False,False,False,False,-30144133,-28193836.67505503,False,False,False,False,1147775.0762011707,False,False,False,False
2022-06-08 00:00:00+00:00,20.4566207633,21.0281466885,20.4089140917,20.8478154701,496229,,,,,,,,,,,,,,,,,,,,,,"rgba(38, 166, 154, 0.75)",0.0,0.0,1.0891600982353413,20.109499449401266,0.3187055001933497,0.0,0.0,0.0,0.0,0.0,0.0,0.0,0.0,60.38714519994147,8.037432916379231,True,False,True,False,False,0.0,0,0.9390884895218609,0.9606534238879977,False,False,False,False,0.11714247337537273,0.11540186982716838,False,False,False,False,-30640362,-28289778.844660714,False,False,False,False,1122224.2496834777,False,False,False,False
2022-06-09 00:00:00+00:00,20.017719385,20.4089140917,20.0081780507,20.3421247516,1317938,,,,,,,,,,,,,,,,,,,,,,"rgba(38, 166, 154, 0.75)",0.0,0.0,1.0671695442648257,20.096627982954974,-0.07394195081657325,0.0,0.0,0.0,0.0,0.0,0.0,0.0,0.0,56.56981601636934,11.53269488837141,True,False,True,False,False,0.0,0,0.9132962833119679,1.0040016493879915,False,False,False,False,0.023039001527707388,0.06922043567743788,False,False,False,False,-31958300,-28433642.419379905,False,False,False,False,1129899.2987154983,False,False,False,False
2022-06-10 00:00:00+00:00,19.3593673175,19.865058036,19.3307433146,19.588359341,730932,,,,,,,,,,,,,,,,,,,,,,#000000,0.0,0.0,1.0501894133503513,20.07308221669425,-0.679605878826499,0.0,0.0,0.0,0.0,0.0,0.0,0.0,0.0,51.355578196953026,6.74203160889774,True,False,False,False,False,0.0,0,0.9015085975450788,1.0096957003071656,False,False,False,False,-0.08577603596708538,-0.008277800144823752,False,False,False,False,-32689232,-28600528.285286576,False,False,False,False,1114253.5222952827,False,False,False,False
2022-06-13 00:00:00+00:00,18.6437672442,19.0254206166,18.4052338864,18.8250525961,1234583,,,,,,,,,,,,,,,,,,,,,,"rgba(239, 83, 80, 0.5)",0.0,0.0,1.0341083240455626,20.002422806079636,-1.31384259297363,0.0,0.0,0.0,0.0,0.0,0.0,0.0,0.0,45.64691942515537,1.6536196816004818,False,False,False,True,False,0.0,0,0.8949684988903458,1.0116029455907418,False,False,False,False,-0.34282825441539394,-0.17555302728010885,False,False,False,False,-33923815,-28809284.627040043,False,False,False,False,1118972.3253425264,False,False,False,False
2022-06-14 00:00:00+00:00,18.4147752207,18.7964285931,18.0999111884,18.6533085785,1157502,,,,,,,,,,,,,,,,,,,,,,"rgba(239, 83, 80, 1.0)",0.0,0.0,0.9830829864289918,19.938772624326667,-1.5502225393631552,0.0,0.0,0.0,0.0,0.0,0.0,0.0,0.0,41.219702357638795,-2.140788439843469,False,True,False,True,False,0.0,0,0.8862747943940038,1.0164011629240732,False,False,False,False,-0.34282825441539394,-0.2591906408477514,False,False,False,False,-35081317,-29055246.680881612,False,False,False,False,1120483.2929761529,False,False,False,False
2022-06-15 00:00:00+00:00,18.548353901,18.8441352647,18.2621138717,18.7105565843,1367546,,,,,,,,,,,,,,,,,,,,,,"rgba(239, 83, 80, 1.0)",0.0,0.0,0.925367052592256,19.88125828975096,-1.440406144801741,0.0,0.0,0.0,0.0,0.0,0.0,0.0,0.0,39.029533300575096,-3.8934235630046885,False,True,False,True,False,0.0,0,0.901171800796616,1.0129582760735685,False,False,False,False,-0.31110874619542067,-0.28514969352158603,False,False,False,False,-33713771,-29237933.909082334,False,False,False,False,1130172.0265849312,False,False,False,False
2022-06-16 00:00:00+00:00,17.2411911004,18.0474338497,17.0694470828,17.9567911738,2523780,,,,,,,,,,,,,,,,,,,,,,"rgba(239, 83, 80, 1.0)",0.0,0.0,0.9577251934762763,19.717804984189243,-2.585933731992394,0.0,0.0,0.0,0.0,0.0,0.0,0.0,0.0,34.490374343039726,-7.9470607959915185,False,True,False,True,False,0.0,0,0.8742457664195424,1.0082836087955513,False,False,False,False,-0.34282825441539394,-0.31398897396849,False,False,False,False,-36237551,-29512428.69696146,False,False,False,False,1184823.319660032,False,False,False,False
2022-06-17 00:00:00+00:00,17.1839430945,17.4320177866,16.7975190549,17.0980710857,2497675,,,,,,,,,,,,,,,,,,,,,,"rgba(239, 83, 80, 1.0)",0.0,0.0,0.9684427129275507,19.569545818765626,-2.463339020905096,0.0,0.0,0.0,0.0,0.0,0.0,0.0,0.0,31.35685852512028,-10.692353677619202,False,True,False,True,False,0.0,0,0.8861046673283087,1.0144618077363738,False,False,False,False,-0.34282825441539394,-0.328408614191942,False,False,False,False,-38735226,-29874107.02257081,False,False,False,False,1236307.6992812073,False,False,False,False
2022-06-21 00:00:00+00:00,17.4320177866,17.5751378013,17.2411911004,17.5274311297,1320508,,,,,,,,,,,,,,,,,,,,,,"rgba(239, 83, 80, 1.0)",0.0,0.0,0.9859348937002951,19.510704940261064,-2.1083411967088215,0.0,0.0,0.0,0.0,0.0,0.0,0.0,0.0,30.69107067885819,-11.253915158636303,False,True,False,True,False,0.0,0,0.9025840484159846,1.003915230316612,False,False,False,False,-0.2860442038436654,-0.30722640901780374,False,False,False,False,-37414718,-30169817.2569798,False,False,False,False,1239609.671858415,False,False,False,False
2022-06-22 00:00:00+00:00,17.2125670975,17.5178897954,16.9931164083,17.0599057485,1011425,,,,,,,,,,,,,,,,,,,,,,"rgba(239, 83, 80, 1.0)",0.0,0.0,1.025700547811314,19.46488566476132,-2.1958831669412855,0.0,0.0,0.0,0.0,0.0,0.0,0.0,0.0,29.732949501420876,-12.283563877714414,False,True,False,True,False,0.0,0,0.8935381639926291,1.0066887692287996,False,False,False,False,-0.31534508443498616,-0.311285746726395,False,False,False,False,-38426143,-30493594.73709824,False,False,False,False,1230661.2533541636,False,False,False,False
2022-06-23 00:00:00+00:00,16.9167857338,17.4320177866,16.7545830505,17.1553190916,1093455,,,,,,,,,,,,,,,,,,,,,,"rgba(239, 83, 80, 1.0)",0.0,0.0,1.075101095209778,19.413425656345773,-2.3222373539286716,0.0,0.0,0.0,0.0,0.0,0.0,0.0,0.0,28.424029268979766,-13.754842845282226,False,True,False,True,False,0.0,0,0.8959117200594511,0.9927400737546551,False,False,False,False,-0.34282825441539394,-0.3270570005708945,False,False,False,False,-39519598,-30847555.649368897,False,False,False,False,1225280.6159677259,False,False,False,False
2022-06-24 00:00:00+00:00,17.8232124934,17.9758738424,17.1266950887,17.1648604259,2425064,,,,,,,,,,,,,,,,,,,,,,"rgba(239, 83, 80, 0.75)",0.0,0.0,1.0935312189814181,19.340725701837826,-1.3877182307162028,0.0,0.0,0.0,0.0,0.0,0.0,0.0,0.0,32.39656358770807,-13.754842845282226,False,True,False,True,True,0.0,0,0.9104517606003302,0.9679806585063331,False,False,False,False,-0.25546665291778375,-0.2912618267443391,False,False,False,False,-37094534,-31092535.192530904,False,False,False,False,1272330.9447533053,False,False,False,False
2022-06-27 00:00:00+00:00,17.7945884905,17.9758738424,17.5560551327,17.9758738424,1569031,,,,,,,,,,,,,,,,,,,,,,"rgba(239, 83, 80, 0.75)",0.0,0.0,1.1138979497402564,19.302290570991396,-1.3535369921840394,0.0,0.0,0.0,0.0,0.0,0.0,0.0,0.0,34.95402529459125,-13.754842845282226,False,True,False,True,True,0.0,0,0.9186882656927733,0.9653362421624725,False,False,False,False,-0.2158657689288288,-0.25356379783658395,False,False,False,False,-38663565,-31389438.322235577,False,False,False,False,1283966.2410374896,False,False,False,False
2022-06-28 00:00:00+00:00,17.4511004553,18.0784431862,17.3461457778,17.9281671708,1207455,,,,,,,,,,,,,,,,,,,,,,"rgba(239, 83, 80, 0.75)",0.0,0.0,1.1414371610059477,19.27100669765028,-1.594398977466614,0.0,0.0,0.0,0.0,0.0,0.0,0.0,0.0,35.564919876976305,-13.754842845282226,False,True,False,True,True,0.0,0,0.9046985110515624,0.9682651858347958,False,False,False,False,-0.22569908570981298,-0.23963144177319845,False,False,False,False,-39871020,-31722049.36842242,False,False,False,False,1280965.80021249,False,False,False,False
2022-06-29 00:00:00+00:00,17.1744017602,17.4415591209,16.8213723907,17.4415591209,1758549,,,,,,,,,,,,,,,,,,,,,,"rgba(239, 83, 80, 0.75)",0.0,0.0,1.1760138943875875,19.212777673360073,-1.733292372554462,0.0,0.0,0.0,0.0,0.0,0.0,0.0,0.0,35.14235463288158,-13.754842845282226,False,True,False,True,True,0.0,0,0.8978492800176715,0.9834773953194169,False,False,False,False,-0.33536984818661175,-0.28750064497990513,False,False,False,False,-41629569,-32110579.550052915,False,False,False,False,1299694.5531453337,False,False,False,False
2022-06-30 00:00:00+00:00,16.983575074,17.2411911004,16.55421503,16.9263270681,1772063,,,,,,,,,,,,,,,,,,,,,,"rgba(239, 83, 80, 0.75)",0.0,0.0,1.2148105937678255,19.151506798674234,-1.784584144883221,0.0,0.0,0.0,0.0,0.0,0.0,0.0,0.0,34.302382059612526,-13.754842845282226,False,True,False,True,True,0.0,0,0.8857472931722407,1.0072590519776643,False,False,False,False,-0.34282825441539394,-0.31516444969764956,False,False,False,False,-43401632,-32553365.92063908,False,False,False,False,1318218.8059631637,False,False,False,False
2022-07-01 00:00:00+00:00,16.1630203232,16.8690790623,15.9578816355,16.830913725,3355599,,,,,,,,,,,,,,,,,,,,,,"rgba(239, 83, 80, 0.75)",0.0,0.0,1.2757178184502083,19.013996114126517,-2.234801262233675,0.0,0.0,0.0,0.0,0.0,0.0,0.0,0.0,31.702033223028682,-13.754842845282226,False,True,False,True,True,0.0,0,0.848574303897589,1.0259890174757245,False,False,False,False,-0.34282825441539394,-0.3289963520565218,False,False,False,False,-46757231,-33110380.237476762,False,False,False,False,1398116.0684744122,True,False,False,False
2022-07-05 00:00:00+00:00,16.4588016869,16.4969670241,15.5046682558,15.6382469361,3190364,,,,,,,,,,,,,,,,,,,,,,"rgba(239, 83, 80, 0.75)",0.0,0.0,1.315225488722884,18.58571082307206,-1.6171440976538103,0.0,0.0,0.0,0.0,0.0,0.0,0.0,0.0,31.66499738773787,-13.754842845282226,False,True,False,True,True,0.0,0,0.843072738145174,1.0430473603882628,True,False,False,False,-0.34282825441539394,-0.3359123032359579,False,False,False,False,-43566867,-33520438.541889437,False,False,False,False,1468400.3010832588,False,False,False,False
2022-07-06 00:00:00+00:00,16.5637563643,16.7736657192,16.124854986,16.5828390329,3105783,,,,,,,,,,,,,,,,,,,,,,"rgba(239, 83, 80, 0.75)",0.0,0.0,1.3373778397371772,18.520839311198273,-1.4633732433332973,0.0,0.0,0.0,0.0,0.0,0.0,0.0,0.0,32.24042513146624,-13.754842845282226,False,True,False,True,True,0.0,0,0.8803346880836184,1.017358148242884,False,False,False,False,-0.2760720457799184,-0.30599217450793814,False,False,False,False,-40461084,-33792620.7167173,False,False,False,False,1532611.3873152877,False,False,False,False
2022-07-07 00:00:00+00:00,16.7259590476,17.0026577426,16.6877937104,16.706876379,1098467,,,,,,,,,,,,,,,,,,,,,,"rgba(239, 83, 80, 0.75)",0.0,0.0,1.3581775596947332,18.505762011420696,-1.3104346711638561,0.0,0.0,0.0,0.0,0.0,0.0,0.0,0.0,33.574856500660935,-13.754842845282226,False,True,False,True,True,0.0,0,0.9030123311535956,0.999965963735382,False,False,False,False,-0.21907764254088968,-0.2625349085244139,False,False,False,False,-39362617,-34011051.9435127,False,False,False,False,1515586.1172244921,False,False,False,False
2022-07-08 00:00:00+00:00,16.5351323614,16.7832070535,16.4492603526,16.6019217016,1220356,,,,,,,,,,,,,,,,,,,,,,"rgba(239, 83, 80, 0.75)",0.0,0.0,1.3819636306476195,18.4807976131657,-1.4078990275988066,0.0,0.0,0.0,0.0,0.0,0.0,0.0,0.0,33.830103140096,-13.754842845282226,False,True,False,True,True,0.0,0,0.887532118406664,1.0108786247494082,False,False,False,False,-0.25184476531967137,-0.25718983692204267,False,False,False,False,-40582973,-34268774.337884754,False,False,False,False,1504008.4655686298,False,False,False,False
2022-07-11 00:00:00+00:00,16.7164177133,16.8022897221,16.3729296781,16.6019217016,1272625,,,,,,,,,,,,,,,,,,,,,,"rgba(239, 83, 80, 0.75)",0.0,0.0,1.3947604668159528,18.456209855288407,-1.2473770108785156,0.0,0.0,0.0,0.0,0.0,0.0,0.0,0.0,35.13874987602961,-13.754842845282226,False,True,False,True,True,0.0,0,0.888530652161356,1.0058609131032554,False,False,False,False,-0.2559767698336352,-0.25658330337783897,False,False,False,False,-39310348,-34466483.1089481,False,False,False,False,1494934.6041737816,False,False,False,False
2022-07-12 00:00:00+00:00,16.9644924054,17.0837590843,16.6019217016,16.6019217016,1411575,,,,,,,,,,,,,,,,,,,,,,"rgba(239, 83, 80, 0.75)",0.0,0.0,1.4044453606015521,18.437000061913835,-1.0484620461725398,0.0,0.0,0.0,0.0,0.0,0.0,0.0,0.0,37.517785598324636,-17.486423166361334,False,True,False,True,True,0.0,0,0.8895392284473607,1.0253603878846547,False,False,False,False,-0.21941647627415192,-0.23799988982599546,False,False,False,False,-37898773,-34601082.71251876,False,False,False,False,1491665.6000885353,False,False,False,False
2022-07-13 00:00:00+00:00,16.9167857338,17.0408230799,16.5351323614,16.5828390329,1263252,,,,,,,,,,,,,,,,,,,,,,"rgba(239, 83, 80, 0.75)",0.0,0.0,1.4108732111800255,18.418086274801674,-1.0640931652150483,0.0,0.0,0.0,0.0,0.0,0.0,0.0,0.0,38.89062106001616,-15.987940945505919,False,True,False,True,True,0.0,1,0.8766750495027688,1.0347874112574065,False,False,False,False,-0.2272235210237147,-0.2326117054248551,False,False,False,False,-39162025,-34779943.194380775,False,False,False,False,1482708.2040066319,False,False,False,False
2022-07-14 00:00:00+00:00,16.7164177133,16.7450417162,16.2965990036,16.6496283731,961945,,,,,,,,,,,,,,,,,,,,,,"rgba(239, 83, 80, 0.75)",0.0,0.0,1.4174758610235088,18.3990883172367,-1.18708942438124,0.0,0.0,0.0,0.0,0.0,0.0,0.0,0.0,38.899184214048105,-15.757321082514984,False,True,False,True,True,0.0,0,0.8835396438599163,1.0104198996051963,False,False,False,False,-0.2656517441020917,-0.2491317247634734,False,False,False,False,-40123970,-34989512.87303251,False,False,False,False,1462286.117574999,False,False,False,False
2022-07-15 00:00:00+00:00,17.0217404113,17.2221084318,16.6877937104,17.0312817456,764894,,,,,,,,,,,,,,,,,,,,,,"rgba(239, 83, 80, 0.75)",0.0,0.0,1.4189457967550054,18.38999210543136,-0.9642734044249057,0.0,0.0,0.0,0.0,0.0,0.0,0.0,0.0,40.91441910612645,-13.626469014206009,False,True,False,True,True,0.0,0,0.8734874928525181,1.0137479290368732,False,False,False,False,-0.20354338351361137,-0.2263375541385424,False,False,False,False,-39359076,-35160868.28977633,False,False,False,False,1434937.407081862,False,False,False,False
2022-07-18 00:00:00+00:00,17.260273769,17.4415591209,17.1648604259,17.2984391063,1993299,,,,,,,,,,,,,,,,,,,,,,"rgba(239, 83, 80, 0.5)",0.0,0.0,1.3968460612557303,18.377190104911378,-0.7995987295173359,0.0,0.0,0.0,0.0,0.0,0.0,0.0,0.0,43.69271474321899,-10.873272526701783,False,False,False,True,True,0.0,0,0.8747270689203261,1.0208915084572177,False,False,False,False,-0.15483798929703535,-0.19058777171778887,False,False,False,False,-37365777,-35247335.2980204,False,False,False,False,1456833.9401374753,False,False,False,False
2022-07-19 00:00:00+00:00,17.7659644875,17.842295162,17.4988071268,17.565596467,1130220,,,,,,,,,,,,,,,,,,,,,,#000000,0.0,0.0,1.3762199615199167,18.377387208912758,-0.44427688778579716,0.0,0.0,0.0,0.0,0.0,0.0,0.0,0.0,48.15364260502125,-6.674685638654914,True,False,False,False,True,0.0,0,0.8813443096850897,1.0025307940635984,False,False,False,False,-0.10423787206054776,-0.14741282188916832,False,False,False,False,-36235557,-35286089.090254895,False,False,False,False,1444025.5503281625,False,False,False,False
2022-07-20 00:00:00+00:00,17.9758738424,18.0140391796,17.7087164817,17.7755058218,998909,,,,,,,,,,,,,,,,,,,,,,"rgba(38, 166, 154, 1.0)",0.0,0.0,1.3628058100738978,18.380189197752287,-0.2966786260841995,0.0,0.0,0.0,0.0,0.0,0.0,0.0,0.0,52.06879247069554,-3.1338592645703827,True,False,True,False,True,0.0,0,0.8998064143918931,0.9872247519597368,False,False,False,False,-0.07817649818982085,-0.1127946600394946,False,False,False,False,-35236648,-35284150.22397039,False,False,False,False,1426569.9993349013,False,False,False,False
2022-07-21 00:00:00+00:00,18.1285351914,18.1380765257,17.7277991503,17.842295162,743740,,,,,,,,,,,,,,,,,,,,,,"rgba(38, 166, 154, 1.0)",0.0,0.0,1.3415626513815633,18.383024192707243,-0.1896959497531963,0.0,0.0,0.0,0.0,0.0,0.0,0.0,0.0,55.34715394492101,-0.24412334526586932,True,False,True,False,True,0.0,0,0.9082290487842407,0.9712897273731278,False,False,False,False,-0.06843262068872108,-0.09061364036410784,False,False,False,False,-34492908,-35253121.11714802,False,False,False,False,1399792.35230216,False,False,False,False
2022-07-22 00:00:00+00:00,18.1571591943,18.3956925521,18.0903698541,18.2144072002,566719,,,,,,,,,,,,,,,,,,,,,,"rgba(38, 166, 154, 1.0)",0.0,0.0,1.3267783170610041,18.386898336664064,-0.17315563527821867,0.0,0.0,0.0,0.0,0.0,0.0,0.0,0.0,57.66233030973801,1.763556056293126,True,False,True,False,True,0.0,0,0.9406498469763386,0.9577380115166249,False,False,False,False,-0.026335020659180693,-0.05847433051164427,False,False,False,False,-33926189,-35201084.56353437,False,False,False,False,1367122.8090746244,False,False,False,False
2022-07-25 00:00:00+00:00,18.2239485345,18.3384445462,18.0426631826,18.2907378746,1068080,,,,,,,,,,,,,,,,,,,,,,"rgba(38, 166, 154, 1.0)",0.0,0.0,1.3165811995068215,18.39330078737671,-0.12863031383111612,0.0,0.0,0.0,0.0,0.0,0.0,0.0,0.0,59.5266269073058,3.4228098866190138,True,False,True,False,True,0.0,0,0.9316522067952594,0.9621198485056881,False,False,False,False,-0.033448598044172405,-0.045961464277908336,False,False,False,False,-32858109,-35109203.16888596,False,False,False,False,1355395.640091306,False,False,False,False
2022-07-26 00:00:00+00:00,18.2621138717,18.3861512178,18.1094525227,18.118993857,860635,,,,,,,,,,,,,,,,,,,,,,"rgba(38, 166, 154, 1.0)",0.0,0.0,1.309430185369995,18.398559885573718,-0.10420258781125083,0.0,0.0,0.0,0.0,0.0,0.0,0.0,0.0,60.962914170581854,4.766566206834263,True,False,True,False,True,0.0,0,0.9407263986944824,0.937039187685121,False,False,False,False,-0.025688474724154794,-0.03582496950103156,False,False,False,False,-31997474,-34987174.57402769,False,False,False,False,1335993.2620485097,False,False,False,False
2022-07-27 00:00:00+00:00,18.729639253,18.8345939304,18.1857831972,18.3289032119,1148692,,,,,,,,,,,,,,,,,,,,,,"rgba(38, 166, 154, 1.0)",0.0,0.0,1.3022682660476916,18.410511439551403,0.24505535592687816,0.0,0.0,0.0,0.0,0.0,0.0,0.0,0.0,64.03556384172956,7.691024916142638,True,False,True,False,True,0.0,0,0.9285396335117492,0.9447865392297922,False,False,False,False,0.009853469029801677,-0.012985750235614942,False,False,False,False,-30848782,-34824884.66916385,False,False,False,False,1328648.1145171956,False,False,False,False
2022-07-28 00:00:00+00:00,18.6914739157,19.0826686225,18.3289032119,18.6246845755,887745,,,,,,,,,,,,,,,,,,,,,,"rgba(38, 166, 154, 1.0)",0.0,0.0,1.2991104580071973,18.42057140116182,0.20852923850196686,0.0,0.0,0.0,0.0,0.0,0.0,0.0,0.0,65.72113658752785,9.309460068668962,True,False,True,False,True,0.0,0,0.9338346123757969,0.9306688433716827,False,False,False,False,0.03635961908949675,0.011686934426940906,False,False,False,False,-31736527,-34703772.60370645,False,False,False,False,1311357.7963008352,False,False,False,False
2022-07-29 00:00:00+00:00,18.853676599,19.1017512911,18.8059699275,18.853676599,1519854,,,,,,,,,,,,,,,,,,,,,,"rgba(38, 166, 154, 1.0)",0.0,0.0,1.2982593388110042,18.44113702216096,0.3177636120198148,0.0,0.0,0.0,0.0,0.0,0.0,0.0,0.0,67.54142419843504,11.10953584219665,True,False,True,False,True,0.0,0,0.9369772362649252,0.9465570195680734,False,False,False,False,0.07005563627458884,0.040871285350764876,False,False,False,False,-30216673,-34527807.91336502,False,False,False,False,1319534.118014528,False,False,False,False
2022-08-01 00:00:00+00:00,19.158999297,19.2925779773,18.4529405579,18.7868872588,1304917,,,,,,,,,,,,,,,,,,,,,,"rgba(38, 166, 154, 1.0)",0.0,0.0,1.2985087759178815,18.509208257949474,0.5004132826065859,0.0,0.0,0.0,0.0,0.0,0.0,0.0,0.0,69.9346008946791,13.46790871435789,True,False,True,False,True,0.06592724876884404,0,0.9475316016559,0.9357125776492643,False,False,False,False,0.059025861914252145,0.049948573632508514,False,False,False,False,-28911756,-34307570.583429135,False,False,False,False,1318960.8977002327,False,False,False,False
2022-08-02 00:00:00+00:00,18.9395486078,19.2639539744,18.8870712691,18.9872552794,824660,,,,,,,,,,,,,,,,,,,,,,"rgba(38, 166, 154, 1.0)",0.0,0.0,1.296878318405747,18.52137894340772,0.32244325350919323,0.0,0.0,0.0,0.0,0.0,0.0,0.0,0.0,69.32580643455267,13.46790871435789,True,False,True,False,True,0.0,0,0.9657775036762106,0.9200145624505252,False,False,False,False,0.08663311225593935,0.06829084294422394,False,False,False,False,-29736416,-34128309.61937309,False,False,False,False,1299576.5487708119,False,False,False,False
2022-08-03 00:00:00+00:00,18.7773459245,18.9967966137,18.7105565843,18.9967966137,878690,,,,,,,,,,,,,,,,,,,,,,"rgba(38, 166, 154, 0.75)",0.0,0.0,1.2944312195316068,18.524413072794072,0.1954007659035393,0.0,0.0,0.0,0.0,0.0,0.0,0.0,0.0,67.39604909291589,13.46790871435789,True,False,True,False,False,0.0,0,0.9722980539973736,0.9264549302796882,False,False,False,False,0.05643280322172936,0.06236182308297665,False,False,False,False,-30615106,-33990536.92841729,False,False,False,False,1283071.1939170545,False,False,False,False
2022-08-04 00:00:00+00:00,18.729639253,18.9013832706,18.6771619143,18.7582632559,738070,,,,,,,,,,,,,,,,,,,,,,"rgba(38, 166, 154, 0.75)",0.0,0.0,1.2927854931810103,18.52673820399784,0.15694873594450856,0.0,0.0,0.0,0.0,0.0,0.0,0.0,0.0,65.65938905016091,13.46790871435789,True,False,True,False,False,0.0,0,0.9450946237040976,0.9432125170052961,False,False,False,False,0.04768662003450887,0.05502422155874276,False,False,False,False,-31353176,-33887111.009655826,False,False,False,False,1261698.59807717,False,False,False,False
2022-08-05 00:00:00+00:00,18.4529405579,18.7582632559,18.3670685491,18.4433992236,1307561,,,,,,,,,,,,,,,,,,,,,,"rgba(38, 166, 154, 0.75)",0.0,0.0,1.2856836249023227,18.522805228384026,-0.054340484027969385,0.0,0.0,0.0,0.0,0.0,0.0,0.0,0.0,62.02633417896526,18.276340664581525,True,False,True,False,False,0.0,0,0.9433669402257099,0.942514635799794,False,False,False,False,0.016961971815797092,0.035993096687269924,False,False,False,False,-32660737,-33839017.911237955,False,False,False,False,1263497.1236427713,False,False,False,False
2022-08-08 00:00:00+00:00,18.3861512178,18.7964285931,18.3479858805,18.5292712324,1034898,,,,,,,,,,,,,,,,,,,,,,"rgba(38, 166, 154, 0.75)",0.0,0.0,1.2730531369531788,18.521915047301025,-0.10664427552957677,0.0,0.0,0.0,0.0,0.0,0.0,0.0,0.0,59.0433357054121,15.415375669623884,True,False,True,False,False,0.0,0,0.9320690720527596,0.9519387991870767,False,False,False,False,0.018254589990431072,0.027123843338850498,False,False,False,False,-33695635,-33833395.05197372,False,False,False,False,1254532.4521273684,False,False,False,False
2022-08-09 00:00:00+00:00,17.8518364963,18.3098205433,17.8060380916,18.300279209,1932548,,,,,,,,,,,,,,,,,,,,,,#000000,0.0,0.0,1.2673205904572888,18.453094606095018,-0.4744325266411605,0.0,0.0,0.0,0.0,0.0,0.0,0.0,0.0,53.28845122257523,10.047809254819988,True,False,False,False,False,0.0,0,0.9035455082857912,0.9782917453297226,False,False,False,False,-0.051443281956799924,-0.012159719308974713,False,False,False,False,-35628183,-33903778.89307279,False,False,False,False,1281121.2971419813,False,False,False,False
2022-08-10 00:00:00+00:00,18.7868872588,18.8345939304,18.2811965403,18.2811965403,881153,,,,,,,,,,,,,,,,,,,,,,"rgba(38, 166, 154, 0.75)",0.0,0.0,1.2657253088027882,18.475942261942308,0.24566546524364444,0.0,0.0,0.0,0.0,0.0,0.0,0.0,0.0,55.09289295356906,10.047809254819988,True,False,True,False,False,0.0,0,0.8942947417186435,0.9575795195510061,False,False,False,False,0.016315684251533815,0.002077982471279551,False,False,False,False,-34747030,-33936847.56393269,False,False,False,False,1265436.2658815114,False,False,False,False
2022-08-11 00:00:00+00:00,18.7773459245,19.1399166283,18.7582632559,18.8823006019,730196,,,,,,,,,,,,,,,,,,,,,,"rgba(38, 166, 154, 0.75)",0.0,0.0,1.2618094628883816,18.49617854492722,0.2228287137181296,0.0,0.0,0.0,0.0,0.0,0.0,0.0,0.0,56.23222150095211,10.047809254819988,True,False,True,False,False,0.0,0,0.9149123092405504,0.955585201574418,False,False,False,False,0.06940638085284123,0.03574218166206039,False,False,False,False,-35477226,-33997254.56142552,False,False,False,False,1244446.4515332168,False,False,False,False
2022-08-12 00:00:00+00:00,19.2734953087,19.2925779773,18.7582632559,18.8155112618,714518,,,,,,,,,,,,,,,,,,,,,,"rgba(38, 166, 154, 1.0)",0.0,0.0,1.262217367806829,18.51732259052984,0.5990828025794402,0.0,0.0,0.0,0.0,0.0,0.0,0.0,0.0,59.16082056579391,10.047809254819988,True,False,True,False,True,1.0389868479512927,0,0.9169206567658268,0.951332219051419,False,False,False,False,0.07980185566643887,0.05777201866424963,False,False,False,False,-34762708,-34027272.343330406,False,False,False,False,1223664.9436299533,False,False,False,False
2022-08-15 00:00:00+00:00,19.2448713058,19.2734953087,18.9824846122,19.1399166283,794750,,,,,,,,,,,,,,,,,,,,,,"rgba(38, 166, 154, 1.0)",0.0,0.0,1.263408938766271,18.537913030100626,0.5595640920426961,0.0,0.0,0.0,0.0,0.0,0.0,0.0,0.0,60.8996315217369,3.7466150380846557,True,False,True,False,True,0.8938534145932273,0,0.9066996440406955,0.9714233192368293,False,False,False,False,0.09379833900909282,0.07578517883667123,False,False,False,False,-35557458,-34087279.62398411,False,False,False,False,1206844.749762112,False,False,False,False
2022-08-16 00:00:00+00:00,19.6837726841,19.6933140184,19.0349619509,19.1208339597,921612,,,,,,,,,,,,,,,,,,,,,,"rgba(38, 166, 154, 1.0)",0.0,0.0,1.2553617292702288,18.566606897913864,0.889915440416978,0.0,0.0,0.0,0.0,0.0,0.0,0.0,0.0,63.75129937379511,6.5526714029760385,True,False,True,False,True,3.042753320573503,0,0.8999817242279118,0.9553074482000684,False,False,False,False,0.12617188712438296,0.10097853298052709,False,False,False,False,-34635846,-34108792.030886695,False,False,False,False,1195659.1517322254,False,False,False,True
2022-08-17 00:00:00+00:00,19.3975326547,19.5215700008,19.1971646342,19.4738633292,793668,,,,,,,,,,,,,,,,,,,,,,"rgba(38, 166, 154, 1.0)",0.0,0.0,1.2534577822102098,18.585341345852846,0.6479606416540217,0.0,0.0,0.0,0.0,0.0,0.0,0.0,0.0,63.504739522597006,6.5526714029760385,True,False,True,False,True,1.5652415139722606,0,0.8975447205615041,0.9580563338174036,False,False,False,False,0.14077807292123698,0.12087830295088203,False,False,False,False,-35429514,-34160585.049283296,False,False,False,False,1179894.7928407656,False,False,False,False
2022-08-18 00:00:00+00:00,19.6074420096,19.7076260199,19.3212019803,19.3975326547,647293,,,,,,,,,,,,,,,,,,,,,,"rgba(38, 166, 154, 1.0)",1.0,19.417494,1.2537275062024704,18.68079427238818,0.739114147713507,0.0,0.0,0.0,0.0,0.0,0.0,0.0,0.0,64.19875871565894,7.388492016739576,True,False,True,False,True,2.5910492780308516,0,0.9121471242759391,0.947957629806229,False,False,False,False,0.16297387381436262,0.14192608838262233,False,False,False,False,-34782221,-34184962.929703556,False,False,False,False,1159008.4480234806,False,False,False,False
2022-08-19 00:00:00+00:00,19.1399166283,19.4834046636,19.0349619509,19.4834046636,1473585,,,,,,,,,,,,,,,,,,,,,,"rgba(38, 166, 154, 1.0)",0.0,0.0,1.243278478908666,18.681432599923454,0.3687701799350676,0.0,0.0,0.0,0.0,0.0,0.0,0.0,0.0,61.47573787549192,7.388492016739576,True,False,True,False,True,0.20351415400111605,0,0.8952414475075163,0.9525318046887699,False,False,False,False,0.1831077858665046,0.16251693712456347,False,False,False,False,-36255806,-34266172.46187204,False,False,False,False,1171344.783395109,False,False,False,False
2022-08-22 00:00:00+00:00,18.4720232266,18.9109246049,18.4624818922,18.8727592676,672229,,,,,,,,,,,,,,,,,,,,,,"rgba(38, 166, 154, 0.75)",0.0,0.0,1.2188653053470335,18.66629425579367,-0.15938679060058725,0.0,0.0,0.0,0.0,0.0,0.0,0.0,0.0,56.180582375975774,13.027349012511564,True,False,True,False,False,0.0,0,0.8924194808798259,0.9449626710535782,False,False,False,False,0.1642735638398323,0.16339525048219788,False,False,False,False,-36928035,-34370559.228073135,False,False,False,False,1151771.6154188302,False,False,False,False
2022-08-23 00:00:00+00:00,18.7105565843,18.8727592676,18.4720232266,18.4720232266,1077986,,,,,,,,,,,,,,,,,,,,,,#000000,0.0,0.0,1.2059417269201953,18.655955447655646,0.04527676207356883,0.0,0.0,0.0,0.0,0.0,0.0,0.0,0.0,53.88747624492292,10.850323003198504,True,False,False,False,False,0.0,0,0.9108177558266656,0.9319796442799457,False,False,False,False,0.17355480080566454,0.16847502564393121,False,False,False,False,-35850049,-34428578.43481537,False,False,False,False,1148878.0618729938,False,False,False,False
2022-08-24 00:00:00+00:00,18.5865192383,18.791657926,18.5292712324,18.6723912471,774063,,,,,,,,,,,,,,,,,,,,,,#000000,0.0,0.0,1.197800575462729,18.650355319316592,-0.05329441505062886,0.0,0.0,0.0,0.0,0.0,0.0,0.0,0.0,51.741681704299076,8.770543459993846,False,False,False,False,False,0.0,0,0.9340689607581601,0.91496100945041,False,False,False,False,0.1712472245352285,0.16986112508957985,False,False,False,False,-36624112,-34514677.79031281,False,False,False,False,1134179.4319956214,False,False,False,False
2022-08-25 00:00:00+00:00,19.1017512911,19.1160632926,18.729639253,18.729639253,688501,,,,,,,,,,,,,,,,,,,,,,#000000,0.0,0.0,1.1963728810425314,18.655170393508488,0.37327902083701364,0.0,0.0,0.0,0.0,0.0,0.0,0.0,0.0,52.87631838519383,8.770543459993846,False,False,False,False,False,0.15559758681029479,0,0.9468315408384896,0.8891602154420285,False,False,False,False,0.22247926050431122,0.19617019279694553,False,False,False,False,-35935611,-34570400.66128094,False,False,False,False,1116701.8464271657,False,False,False,False
2022-08-26 00:00:00+00:00,18.5578952354,19.1685406313,18.4958765623,19.0826686225,1060225,,,,,,,,,,,,,,,,,,,,,,#000000,0.0,0.0,1.194337800172232,18.65405484645218,-0.08051290936141578,0.0,0.0,0.0,0.0,0.0,0.0,0.0,0.0,50.96140220766294,7.863178560052518,False,False,False,False,False,0.0,0,0.9326785313457938,0.889351124613155,False,False,False,False,0.2046638702289545,0.20041703151295,False,False,False,False,-36995836,-34665515.77260325,False,False,False,False,1114487.0681359041,False,False,False,False
2022-08-29 00:00:00+00:00,18.4052338864,18.6199139084,18.2239485345,18.3575272148,1009968,,,,,,,,,,,,,,,,,,,,,,#000000,0.0,0.0,1.194355472980338,18.644358536859077,-0.20021229514055397,0.0,0.0,0.0,0.0,0.0,0.0,0.0,0.0,49.010100286878405,5.832605200396301,False,False,False,False,False,0.0,0,0.967302060678749,0.8943605037614694,False,False,False,False,0.12543996316722666,0.16292849734008835,False,False,False,False,-38005804,-34796507.46779528,False,False,False,False,1110388.2811501825,False,False,False,False
2022-08-30 00:00:00+00:00,18.0331218482,18.6628499128,18.0092685125,18.5674365697,668703,,,,,,,,,,,,,,,,,,,,,,"rgba(239, 83, 80, 0.5)",0.0,0.0,1.1952863823428415,18.635654457117568,-0.5040905826573233,0.0,0.0,0.0,0.0,0.0,0.0,0.0,0.0,46.15667692137356,2.9724034796471415,False,False,False,True,False,0.0,0,0.9694799016086835,0.8696612269048221,False,False,False,False,0.10908644644072459,0.13600747189040646,False,False,False,False,-38674507,-34948585.88082292,False,False,False,False,1093067.2897325284,False,False,False,False
2022-08-31 00:00:00+00:00,17.8900018336,18.1103928578,17.7941796491,18.0337351102,1053295,,,,,,,,,,,,,,,,,,,,,,"rgba(239, 83, 80, 1.0)",0.0,0.0,1.1939878695557289,18.615559918467284,-0.607676261516172,0.0,0.0,0.0,0.0,0.0,0.0,0.0,0.0,43.690023654208744,0.5172717225410253,False,True,False,True,False,0.0,0,0.9466933214089863,0.8977029262390543,False,False,False,False,0.036583531368131965,0.08629550162926922,False,False,False,False,-39727802,-35136006.120790645,False,False,False,False,1091507.5920959588,False,False,False,False
2022-09-01 00:00:00+00:00,17.4300553483,17.8229263045,17.1234243581,17.7941796491,1258978,,,,,,,,,,,,,,,,,,,,,,"rgba(239, 83, 80, 1.0)",0.0,0.0,1.1976660537678823,18.494501646924054,-0.8887671945575161,0.0,0.0,0.0,0.0,0.0,0.0,0.0,0.0,40.380394725818846,-2.698199526173738,False,True,False,True,False,0.0,0,0.9288598188551164,0.9047290840989195,False,False,False,False,-0.05348072988793405,0.016407385870667583,False,False,False,False,-40986780,-35365448.23370082,False,False,False,False,1098075.0590725879,False,False,False,False
2022-09-02 00:00:00+00:00,17.487548659,17.8708373967,17.3641296854,17.640864154,1151658,,,,,,,,,,,,,,,,,,,,,,"rgba(239, 83, 80, 1.0)",0.0,0.0,1.1935122862007845,18.47589662603361,-0.8281003710315707,0.0,0.0,0.0,0.0,0.0,0.0,0.0,0.0,38.558481867961376,-4.4951603057688985,False,True,False,True,False,0.0,0,0.9464400746578655,0.8990816244502103,False,False,False,False,-0.026328779661762287,-0.004960696895547352,False,False,False,False,-39835122,-35540729.55786941,False,False,False,False,1100176.3508736629,False,False,False,False
2022-09-06 00:00:00+00:00,17.2671576348,17.7366863385,17.1904998872,17.6696108094,848395,,,,,,,,,,,,,,,,,,,,,,"rgba(239, 83, 80, 1.0)",0.0,0.0,1.1995967253744129,18.455375944498186,-0.9905147993191835,0.0,0.0,0.0,0.0,0.0,0.0,0.0,0.0,36.547725831162865,-6.513979891437309,False,True,False,True,False,0.0,0,0.9324970498697724,0.9311719704692574,False,False,False,False,-0.055285999426713396,-0.030123348161130374,False,False,False,False,-40683517,-35742407.49677649,False,False,False,False,1090302.5724080289,False,False,False,False
2022-09-07 00:00:00+00:00,17.9762417996,18.0145706733,17.2096643241,17.2671576348,1027735,,,,,,,,,,,,,,,,,,,,,,"rgba(239, 83, 80, 1.0)",0.0,0.0,1.1991992313287463,18.446292703145325,-0.39197065113567064,0.0,0.0,0.0,0.0,0.0,0.0,0.0,0.0,39.591106509920614,-6.513979891437309,False,True,False,True,False,0.0,0,0.917966751799106,0.9216649189449083,False,False,False,False,-0.02733747229491267,-0.028730410228021523,False,False,False,False,-39655782,-35895873.16356958,False,False,False,False,1087848.942117518,False,False,False,False
2022-09-08 00:00:00+00:00,18.2828727897,18.3068283359,17.6983574647,17.7941796491,983055,,,,,,,,,,,,,,,,,,,,,,"rgba(239, 83, 80, 0.75)",0.0,0.0,1.1960239399190116,18.448696577417014,-0.13864587671066325,0.0,0.0,0.0,0.0,0.0,0.0,0.0,0.0,43.1564271791643,-6.513979891437309,False,True,False,True,True,0.0,0,0.9441258984995068,0.914088670594916,False,False,False,False,0.04604942900742424,0.008659509389701357,False,False,False,False,-38672727,-36004769.3924492,False,False,False,False,1083739.3757599683,False,False,False,False
2022-09-09 00:00:00+00:00,18.5224282508,18.7140726197,18.330783882,18.330783882,668937,,,,,,,,,,,,,,,,,,,,,,"rgba(239, 83, 80, 0.75)",0.0,0.0,1.1892948509149408,18.45784383816201,0.05430479463381653,0.0,0.0,0.0,0.0,0.0,0.0,0.0,0.0,46.659501936329114,-10.66712796714458,False,True,False,True,True,0.0,0,0.9865370404191917,0.8738251827842186,False,False,False,False,0.14466446566364713,0.07666198752667425,False,False,False,False,-38003790,-36083162.35745119,False,False,False,False,1067472.615926244,False,False,False,False
2022-09-12 00:00:00+00:00,18.7524014935,18.8865525517,18.5799215615,18.6853259644,673067,,,,,,,,,,,,,,,,,,,,,,#000000,0.0,0.0,1.185262200973523,18.469657374347758,0.2385498490713762,0.0,0.0,0.0,0.0,0.0,0.0,0.0,0.0,50.02909875437817,-7.508017792731472,False,False,False,False,True,0.0,0,1.0041541991724947,0.8555636710811314,False,False,False,False,0.18535634976914592,0.13100916864791007,False,False,False,False,-37330723,-36132086.30421781,False,False,False,False,1052005.7290271756,False,False,False,False
2022-09-13 00:00:00+00:00,17.9570773627,18.4122327387,17.8947929428,18.15830395,1355205,,,,,,,,,,,,,,,,,,,,,,#000000,0.0,0.0,1.1790795168972115,18.465654958088365,-0.4313344334288012,0.0,0.0,0.0,0.0,0.0,0.0,0.0,0.0,48.433821080215125,-7.508017792731472,False,False,False,False,True,0.0,0,1.0049973342675949,0.8497988024819794,False,False,False,False,0.07450351296854414,0.1027563408082271,False,False,False,False,-38685928,-36232236.958954364,False,False,False,False,1063895.8965163059,False,False,False,False
2022-09-14 00:00:00+00:00,17.7462685569,17.9666595811,17.5162953143,17.9666595811,1228659,,,,,,,,,,,,,,,,,,,,,,"rgba(239, 83, 80, 0.75)",0.0,0.0,1.167439897136862,18.451399991513725,-0.603998061350358,0.0,0.0,0.0,0.0,0.0,0.0,0.0,0.0,46.52749045495131,-7.508017792731472,False,True,False,True,True,0.0,0,1.0080836581132675,0.849482369226974,False,False,False,False,-0.051801422328965105,0.025477459239630997,False,False,False,False,-39914587,-36376642.842916936,False,False,False,False,1070357.194692137,False,False,False,False
2022-09-15 00:00:00+00:00,17.7462685569,18.0768550932,17.5929530618,17.6983574647,1012569,,,,,,,,,,,,,,,,,,,,,,"rgba(239, 83, 80, 1.0)",0.0,0.0,1.147889872788775,18.44205268066509,-0.6061418784667009,0.0,0.0,0.0,0.0,0.0,0.0,0.0,0.0,45.256603371442104,-7.508017792731472,False,True,False,True,False,0.0,0,0.9863272801688288,0.8551675404178504,False,False,False,False,-0.04030472493345899,-0.007413632846913997,False,False,False,False,-39914587,-36515385.751037836,False,False,False,False,1068090.99097872,False,False,False,False
2022-09-16 00:00:00+00:00,17.2000821057,17.5354597512,16.9365710985,17.4588020036,1940125,,,,,,,,,,,,,,,,,,,,,,"rgba(239, 83, 80, 1.0)",0.0,0.0,1.1303613631143623,18.401970339966642,-1.0632778804073837,0.0,0.0,0.0,0.0,0.0,0.0,0.0,0.0,42.28668226389074,-0.2542653636660219,False,True,False,True,False,0.0,0,0.9394336362726798,0.8843197688351022,False,False,False,False,-0.1740570670017144,-0.09073534992431419,False,False,False,False,-41854712,-36724771.09413439,False,False,False,False,1102288.4030972014,False,False,False,False
2022-09-19 00:00:00+00:00,17.7845974307,17.7845974307,17.0371843921,17.0371843921,920272,,,,,,,,,,,,,,,,,,,,,,"rgba(239, 83, 80, 1.0)",0.0,0.0,1.1064970514597723,18.39066785470508,-0.5477379476117955,0.0,0.0,0.0,0.0,0.0,0.0,0.0,0.0,43.47446556085448,-0.2542653636660219,False,True,False,True,False,0.0,0,0.95360137349582,0.8679513478022344,False,False,False,False,-0.1345719421206348,-0.11265364602247449,False,False,False,False,-40934440,-36889856.14926638,False,False,False,False,1095150.5049365268,False,False,False,False
2022-09-20 00:00:00+00:00,17.1617532319,17.6312819356,17.0371843921,17.6312819356,1278862,,,,,,,,,,,,,,,,,,,,,,"rgba(239, 83, 80, 1.0)",0.0,0.0,1.061733457021453,18.369565744147042,-1.1375854309379998,0.0,0.0,0.0,0.0,0.0,0.0,0.0,0.0,41.99013323357716,-0.8560386732753358,False,True,False,True,False,0.0,0,0.9512101707022205,0.8702984958688477,False,False,False,False,-0.1518220711757337,-0.13223785859910409,False,False,False,False,-42213302,-37098618.73164809,False,False,False,False,1102354.877291957,False,False,False,False
2022-09-21 00:00:00+00:00,16.8934511155,17.5642064065,16.8886600063,17.3438153823,1284280,,,,,,,,,,,,,,,,,,,,,,"rgba(239, 83, 80, 1.0)",0.0,0.0,1.0291433282593998,18.34611654264921,-1.4115287805500494,0.0,0.0,0.0,0.0,0.0,0.0,0.0,0.0,40.14315777504184,-2.8673937870862147,False,True,False,True,False,0.0,1,0.937171124796499,0.8845512888204294,False,False,False,False,-0.17623513894803172,-0.1542364987735679,False,False,False,False,-43497582,-37349558.46766189,False,False,False,False,1109489.1958295272,False,False,False,False
2022-09-22 00:00:00+00:00,16.5676556884,16.970108863,16.55807347,16.970108863,1353908,,,,,,,,,,,,,,,,,,,,,,"rgba(239, 83, 80, 1.0)",0.0,0.0,0.9987569095758603,18.313242902067014,-1.747759837184315,0.0,0.0,0.0,0.0,0.0,0.0,0.0,0.0,37.92863726263623,-5.205674807340273,False,True,False,True,False,0.0,0,0.9268478400858531,0.905235611170673,False,False,False,False,-0.2837431406703401,-0.21898981972195403,False,False,False,False,-44851490,-37643751.86108691,False,False,False,False,1119074.2469734673,False,False,False,False
2022-09-23 00:00:00+00:00,16.1172914216,16.3281002273,15.6669271547,16.2801891351,1536104,,,,,,,,,,,,,,,,,,,,,,"rgba(239, 83, 80, 1.0)",0.0,0.0,0.9644490590621964,18.261738072887,-2.2234939535035667,0.0,0.0,0.0,0.0,0.0,0.0,0.0,0.0,35.22878248103552,-7.957200041202995,False,True,False,True,False,0.0,0,0.9177600388075838,0.9167868707306557,False,False,False,False,-0.34282825441539394,-0.280909037068674,False,False,False,False,-46387594,-37986647.63124037,False,False,False,False,1135428.3549352922,False,False,False,False
2022-09-26 00:00:00+00:00,16.0597981109,16.3376824458,15.954393708,15.954393708,1758889,,,,,,,,,,,,,,,,,,,,,,"rgba(239, 83, 80, 1.0)",0.0,0.0,0.9468572337468809,18.209862763972126,-2.270737949124537,0.0,0.0,0.0,0.0,0.0,0.0,0.0,0.0,33.27821106201275,-9.97038436376031,False,True,False,True,False,0.0,0,0.9133358597930002,0.9341149851184807,False,False,False,False,-0.31185875842780275,-0.29638389774823837,False,False,False,False,-48146483,-38385072.54766232,False,False,False,False,1159877.7919966532,False,False,False,False
2022-09-27 00:00:00+00:00,15.8298248683,16.3472646642,15.7723315576,16.2897713535,1315108,,,,,,,,,,,,,,,,,,,,,,"rgba(239, 83, 80, 1.0)",0.0,0.0,0.9465140705284798,18.17110041690613,-2.473577119988183,0.0,0.0,0.0,0.0,0.0,0.0,0.0,0.0,31.36574559997823,-11.95449790291947,False,True,False,True,False,0.0,0,0.8943052084651469,0.9478685790138511,False,False,False,False,-0.329766975714588,-0.3130754367314132,False,False,False,False,-49461591,-38819445.820303015,False,False,False,False,1165965.2511340394,False,False,False,False
2022-09-28 00:00:00+00:00,16.2226958244,16.3568468827,15.628598281,15.8010782129,1412928,,,,,,,,,,,,,,,,,,,,,,"rgba(239, 83, 80, 1.0)",0.0,0.0,0.950008271302038,18.13372720630177,-2.01159446673301,0.0,0.0,0.0,0.0,0.0,0.0,0.0,0.0,32.62957602039227,-11.95449790291947,False,True,False,True,False,0.0,0,0.885881346333417,0.9675569504377658,False,False,False,False,-0.34282825441539394,-0.32795184557340357,False,False,False,False,-48048663,-39181375.90578133,False,False,False,False,1175650.0648150574,False,False,False,False
2022-09-29 00:00:00+00:00,15.6765093732,16.0597981109,15.3986250383,15.9352292711,1785847,,,,,,,,,,,,,,,,,,,,,,"rgba(239, 83, 80, 1.0)",0.0,0.0,0.9778120632295165,18.08037609171169,-2.4584138495614383,0.0,0.0,0.0,0.0,0.0,0.0,0.0,0.0,31.849208623571272,-11.95449790291947,False,True,False,True,False,0.0,0,0.8658031441485895,0.9794773983757343,False,False,False,False,-0.34282825441539394,-0.33539004999439875,False,False,False,False,-49834510,-39599145.87026049,False,False,False,False,1199579.3563909375,False,False,False,False
2022-09-30 00:00:00+00:00,15.5902694072,15.9591848173,15.5519405334,15.628598281,2264014,,,,,,,,,,,,,,,,,,,,,,"rgba(239, 83, 80, 1.0)",0.0,0.0,1.0080788709098363,18.01755276783042,-2.4078308063730063,0.0,0.0,0.0,0.0,0.0,0.0,0.0,0.0,31.09182738052821,-12.822515933591404,False,True,False,True,False,0.0,0,0.8707468049375612,0.9877739217006906,False,False,False,False,-0.33768079858988154,-0.3365354242921401,False,False,False,False,-52098524,-40089317.56162283,False,False,False,False,1241321.8914344301,False,False,False,False
2022-10-03 00:00:00+00:00,16.2418602613,16.3568468827,15.8010782129,15.9064826158,897102,,,,,,,,,,,,,,,,,,,,,,"rgba(239, 83, 80, 0.75)",0.0,0.0,1.0191667711521966,17.999257728094367,-1.7243472967702616,0.0,0.0,0.0,0.0,0.0,0.0,0.0,0.0,34.42088646714309,-12.822515933591404,False,True,False,True,True,0.0,0,0.8611351314683451,0.9752349642932479,False,False,False,False,-0.2758030792419393,-0.3061692517670397,False,False,False,False,-51201422,-40525086.36312781,False,False,False,False,1227823.0721624917,False,False,False,False
2022-10-04 00:00:00+00:00,17.0276021737,17.1186332489,16.5676556884,16.5676556884,1179822,,,,,,,,,,,,,,,,,,,,,,"rgba(239, 83, 80, 0.75)",0.0,0.0,1.0208772929052672,17.987895207354292,-0.9406547097559969,0.0,0.0,0.0,0.0,0.0,0.0,0.0,0.0,40.13760423557423,-16.138641691184887,False,True,False,True,True,0.0,0,0.881381267662871,0.9500210656463287,False,False,False,False,-0.13661471254050292,-0.22139198215377132,False,False,False,False,-50021600,-40897498.662613,False,False,False,False,1225940.6771757274,False,False,False,False
2022-10-05 00:00:00+00:00,16.9892732999,17.1521710134,16.6826423097,16.7688822757,994103,,,,,,,,,,,,,,,,,,,,,,"rgba(239, 83, 80, 0.75)",0.0,0.0,1.022549756468565,17.97904937798835,-0.9679490624559924,0.0,0.0,0.0,0.0,0.0,0.0,0.0,0.0,43.78605106192879,-12.800894694992756,False,True,False,True,True,0.0,0,0.8838921273920846,0.9508621230025804,False,False,False,False,-0.123445768945472,-0.17241887554962165,False,False,False,False,-51015703,-41294290.98956935,False,False,False,False,1216849.003560993,False,False,False,False
2022-10-06 00:00:00+00:00,16.4047579749,16.7209711835,16.2706069167,16.385593538,2168235,,,,,,,,,,,,,,,,,,,,,,"rgba(239, 83, 80, 0.75)",0.0,0.0,1.0334827012589025,17.947763314840675,-1.4930151593840064,0.0,0.0,0.0,0.0,0.0,0.0,0.0,0.0,43.885323418019354,-12.742688090719156,False,True,False,True,True,0.0,0,0.8575113557462719,0.9725280445048694,False,False,False,False,-0.19891992768833425,-0.18566940161897794,False,False,False,False,-53183938,-41760551.65664507,False,False,False,False,1254158.258323307,False,False,False,False
2022-10-07 00:00:00+00:00,15.628598281,16.3664291011,15.5806871887,16.2418602613,2297752,,,,,,,,,,,,,,,,,,,,,,"rgba(239, 83, 80, 0.75)",0.0,0.0,1.0598644557131311,17.90010136169659,-2.1432014900133662,0.0,0.0,0.0,0.0,0.0,0.0,0.0,0.0,41.50107242347289,-12.742688090719156,False,True,False,True,True,0.0,0,0.8272305256835618,0.9924335107178893,False,False,False,False,-0.29572435041298184,-0.2406968760159799,False,False,False,False,-55481690,-42298635.51324722,False,False,False,False,1295083.503094942,False,False,False,False
2022-10-10 00:00:00+00:00,15.5711049703,15.7244204654,15.4417450213,15.7244204654,1007165,,,,,,,,,,,,,,,,,,,,,,"rgba(239, 83, 80, 1.0)",0.0,0.0,1.084409828155856,17.876909899653715,-2.1263224193338037,0.0,0.0,0.0,0.0,0.0,0.0,0.0,0.0,39.74743267753477,-12.742688090719156,False,True,False,True,False,0.0,0,0.8087418622214536,1.0197880845374092,False,False,False,False,-0.34282825441539394,-0.2917625652156869,False,False,False,False,-56488855,-42855114.70880616,False,False,False,False,1283792.5814049444,False,False,False,False
2022-10-11 00:00:00+00:00,15.5231938781,15.7052560285,15.0824118297,15.3602961646,1678531,,,,,,,,,,,,,,,,,,,,,,"rgba(239, 83, 80, 1.0)",0.0,0.0,1.1125232194542802,17.836991416310546,-2.07977460402626,0.0,0.0,0.0,0.0,0.0,0.0,0.0,0.0,38.43169767079389,-12.742688090719156,False,True,False,True,False,0.0,0,0.8070420206103215,1.0274134666880106,False,False,False,False,-0.34282825441539394,-0.3172954098155404,False,False,False,False,-58167386,-43455595.935911804,False,False,False,False,1299272.5193890643,False,False,False,False
2022-10-12 00:00:00+00:00,15.4082072568,15.6381804994,15.3794606014,15.5902694072,828789,,,,,,,,,,,,,,,,,,,,,,"rgba(239, 83, 80, 1.0)",0.0,0.0,1.1421061420114953,17.81830864030708,-2.1102253939921654,0.0,0.0,0.0,0.0,0.0,0.0,0.0,0.0,37.18398150295768,-6.371612908024581,False,True,False,True,False,0.0,0,0.8013284377213548,1.0289033350155794,False,False,False,False,-0.32229700514428067,-0.31979620747991055,False,False,False,False,-58996175,-44065030.4090133,False,False,False,False,1280822.1852953755,False,False,False,False
2022-10-13 00:00:00+00:00,15.6190160625,15.6765093732,14.6703764366,14.9578429899,1784807,,,,,,,,,,,,,,,,,,,,,,"rgba(239, 83, 80, 1.0)",-1.0,16.397736,1.165120114970296,17.601144186005495,-1.7012221298368262,0.0,0.0,0.0,0.0,0.0,0.0,0.0,0.0,37.635141524729256,-6.371612908024581,False,True,False,True,False,0.0,0,0.787756665753458,1.0175353129454243,True,False,False,False,-0.34282825441539394,-0.3313122309476523,False,False,False,False,-57211368,-44580573.05964023,False,False,False,False,1300586.295675949,False,False,False,False
2022-10-14 00:00:00+00:00,15.3794606014,15.9256470527,15.2453095432,15.8202426498,1455477,,,,,,,,,,,,,,,,,,,,,,"rgba(239, 83, 80, 1.0)",0.0,0.0,1.1920050480138307,17.579822476444313,-1.8459333529758533,0.0,0.0,0.0,0.0,0.0,0.0,0.0,0.0,37.05455772031686,-7.024332669052178,False,True,False,True,False,0.0,0,0.811939200511332,1.0054446811464515,False,False,False,False,-0.2740122298936017,-0.302662230420627,False,False,False,False,-58666845,-45132975.88083081,False,False,False,False,1306660.440943559,True,False,False,False
2022-10-17 00:00:00+00:00,15.8873181789,15.9879314726,15.7531671207,15.7531671207,1183320,,,,,,,,,,,,,,,,,,,,,,"rgba(239, 83, 80, 1.0)",0.0,0.0,1.205948663732156,17.571178849011552,-1.3962954815177295,0.0,0.0,0.0,0.0,0.0,0.0,0.0,0.0,39.614924272643165,-7.024332669052178,False,True,False,True,False,0.0,0,0.8284527876978921,0.9856907642078713,False,False,False,False,-0.2278762597682482,-0.2652692450944376,False,False,False,False,-57483525,-45617311.14040607,False,False,False,False,1301823.5609065567,False,False,False,False
2022-10-18 00:00:00+00:00,16.2610246982,16.5532823607,16.12687364,16.2897713535,1202449,,,,,,,,,,,,,,,,,,,,,,"rgba(239, 83, 80, 0.75)",0.0,0.0,1.2044703597907909,17.57075415832809,-1.0873903616487344,0.0,0.0,0.0,0.0,0.0,0.0,0.0,0.0,43.17195397727105,-12.629599092828585,False,True,False,True,True,0.0,0,0.8348916289444399,0.9692769788151417,False,False,False,False,-0.15382708871748618,-0.2095481669059619,False,False,False,False,-56281076,-46035497.99764505,False,False,False,False,1297926.519302378,False,False,False,False
2022-10-19 00:00:00+00:00,15.8585715236,16.2418602613,15.7867048853,16.1364558585,980418,,,,,,,,,,,,,,,,,,,,,,"rgba(239, 83, 80, 0.5)",0.0,0.0,1.2138300882202258,17.560447974866182,-1.4020714000931982,0.0,0.0,0.0,0.0,0.0,0.0,0.0,0.0,43.76109645803824,-11.950164031318174,False,False,False,True,True,0.0,0,0.84049214234203,0.9651644408523803,False,False,False,False,-0.2049825083684689,-0.20726533763721539,False,False,False,False,-57261494,-46475733.1349923,False,False,False,False,1285475.2048199319,False,False,False,False
2022-10-20 00:00:00+00:00,15.8298248683,16.3520557734,15.7340026838,15.8969003974,1034322,,,,,,,,,,,,,,,,,,,,,,"rgba(239, 83, 80, 0.5)",0.0,0.0,1.2247970141685989,17.549288806898296,-1.403876657688851,0.0,0.0,0.0,0.0,0.0,0.0,0.0,0.0,44.02975275835422,-11.482546450252492,False,False,False,True,True,0.0,1,0.8351124458856535,0.9937064311987344,False,False,False,False,-0.20042980667758042,-0.2038475721573979,False,False,False,False,-58295816,-46939265.79636515,False,False,False,False,1275626.059532876,False,False,False,False
2022-10-21 00:00:00+00:00,16.5772379068,16.6107756714,15.868153742,15.9352292711,947264,,,,,,,,,,,,,,,,,,,,,,#000000,0.0,0.0,1.2262525562291582,17.54515885542283,-0.7893324614949447,0.0,0.0,0.0,0.0,0.0,0.0,0.0,0.0,47.74839296456452,-7.782505949355574,False,False,False,False,True,0.0,0,0.8244288756763055,0.9940718116348012,False,False,False,False,-0.16952796205219461,-0.18668776710479626,False,False,False,False,-57348552,-47347473.09846848,False,False,False,False,1262749.1160217829,False,False,False,False
2022-10-24 00:00:00+00:00,16.5293268146,16.7497178388,16.4143401933,16.7209711835,1243068,,,,,,,,,,,,,,,,,,,,,,#000000,0.0,0.0,1.2263169111159697,17.542946747561803,-0.826556270874052,0.0,0.0,0.0,0.0,0.0,0.0,0.0,0.0,49.98232846046711,-5.594012125859166,True,False,False,False,True,0.0,0,0.8418639811243857,0.9944994492676493,False,False,False,False,-0.11636132363942704,-0.15152454537211166,False,False,False,False,-58591620,-47788420.03578345,False,False,False,False,1261977.3075503404,False,False,False,False
2022-10-25 00:00:00+00:00,16.9413622077,16.9461533169,16.4335046302,16.5389090331,1061572,,,,,,,,,,,,,,,,,,,,,,"rgba(38, 166, 154, 1.0)",0.0,0.0,1.2245539234936,17.543454142608567,-0.4916826636681098,0.0,0.0,0.0,0.0,0.0,0.0,0.0,0.0,53.17154328705126,-2.5472235688189144,True,False,True,False,True,0.0,0,0.8361098094926221,0.9872461815719322,False,False,False,False,-0.09977891646128151,-0.12565173091669657,False,False,False,False,-57530048,-48170444.661831155,False,False,False,False,1254118.2758816995,False,False,False,False
2022-10-26 00:00:00+00:00,17.0850954843,17.2767398532,16.8934511155,17.0371843921,1476814,,,,,,,,,,,,,,,,,,,,,,"rgba(38, 166, 154, 1.0)",0.0,0.0,1.2238654955623642,17.549299427552352,-0.3792932678758567,0.0,0.0,0.0,0.0,0.0,0.0,0.0,0.0,55.853090707064446,-0.029190930549255256,True,False,True,False,True,0.0,0,0.8484906657935268,0.990174905789392,False,False,False,False,-0.0393732304452092,-0.08251248068095288,False,False,False,False,-56053234,-48479573.65548483,False,False,False,False,1262851.4415333977,False,False,False,False
2022-10-27 00:00:00+00:00,16.7305534019,17.4827575497,16.4335046302,17.2671576348,1965741,,,,,,,,,,,,,,,,,,,,,,"rgba(38, 166, 154, 1.0)",0.0,0.0,1.2253406345645959,17.504319728654522,-0.6314703886641833,0.0,0.0,0.0,0.0,0.0,0.0,0.0,0.0,55.589410178723966,-0.029190930549255256,True,False,True,False,True,0.0,0,0.8359306256975529,0.9831346231400404,False,False,False,False,-0.058723936773292434,-0.07061820872712266,False,False,False,False,-58018975,-48853667.825857975,False,False,False,False,1290415.7379438528,False,False,False,False
2022-10-28 00:00:00+00:00,17.0467666106,17.2671576348,16.6634778728,16.7497178388,1263640,,,,,,,,,,,,,,,,,,,,,,"rgba(38, 166, 154, 1.0)",0.0,0.0,1.2229306829655953,17.507737781417397,-0.3769397376632562,0.0,0.0,0.0,0.0,0.0,0.0,0.0,0.0,56.75838880772399,0.9885413348960412,True,False,True,False,True,0.0,0,0.8406421358522804,0.9966228080632846,False,False,False,False,-0.040567390428709396,-0.055592799577916026,False,False,False,False,-56755335,-49163537.12680472,False,False,False,False,1289365.709004878,False,False,False,False
2022-10-31 00:00:00+00:00,16.4814157224,17.0276021737,16.471833504,16.8455400233,1847624,,,,,,,,,,,,,,,,,,,,,,"rgba(38, 166, 154, 1.0)",0.0,0.0,1.2276351888581558,17.494016452484143,-0.8248384693387443,0.0,0.0,0.0,0.0,0.0,0.0,0.0,0.0,54.58165845261638,0.9885413348960412,True,False,True,False,True,0.0,0,0.8472924896201918,1.0006229898580334,False,False,False,False,-0.0525802456365347,-0.054086522607225365,False,False,False,False,-58602959,-49533710.53359669,False,False,False,False,1311258.1910046868,False,False,False,False
2022-11-01 00:00:00+00:00,16.6059845622,16.8167933679,16.4909979409,16.7305534019,1405306,,,,,,,,,,,,,,,,,,,,,,"rgba(38, 166, 154, 0.75)",0.0,0.0,1.2319485320122259,17.485205840161136,-0.7136834495228821,0.0,0.0,0.0,0.0,0.0,0.0,0.0,0.0,53.71274639525602,0.9885413348960412,True,False,True,False,False,0.0,0,0.8644832677161536,0.9958418915878539,False,False,False,False,-0.06951094614685979,-0.06179873437704258,False,False,False,False,-57197653,-49834257.29698505,False,False,False,False,1314946.340377052,False,False,False,False
2022-11-02 00:00:00+00:00,16.0214692371,16.7593000573,15.9735581449,16.6059845622,2627325,,,,,,,,,,,,,,,,,,,,,,#000000,0.0,0.0,1.243819798564034,17.452816779584342,-1.150767614518442,0.0,0.0,0.0,0.0,0.0,0.0,0.0,0.0,50.476477896190154,6.130959938442189,True,False,False,False,False,0.0,0,0.8487065618326862,0.9965373089681496,False,False,False,False,-0.12058235133567928,-0.09119054285636093,False,False,False,False,-59824978,-50226050.26573074,False,False,False,False,1366412.1701661872,False,False,False,False
2022-11-03 00:00:00+00:00,15.8010782129,16.0502158925,15.6765093732,15.8106604314,1555161,,,,,,,,,,,,,,,,,,,,,,#000000,0.0,0.0,1.2579745490111727,17.327155358643424,-1.213122433154941,0.0,0.0,0.0,0.0,0.0,0.0,0.0,0.0,47.44176774910227,3.2164978349566127,True,False,False,False,False,0.0,0,0.8375350497872327,1.017339572062965,False,False,False,False,-0.21166013032857356,-0.15142533659246724,False,False,False,False,-61380139,-50663465.510211885,False,False,False,False,1373814.085061631,False,False,False,False
2022-11-04 00:00:00+00:00,16.7593000573,16.7784644942,16.1939491691,16.1939491691,1609595,,,,,,,,,,,,,,,,,,,,,,#000000,0.0,0.0,1.2583187422491824,17.344207875077366,-0.46483279485440493,0.0,0.0,0.0,0.0,0.0,0.0,0.0,0.0,49.76499633673819,3.2164978349566127,True,False,False,False,False,0.0,0,0.8421046621122764,1.0051425971503183,False,False,False,False,-0.09346342314701192,-0.12244437986973958,False,False,False,False,-59770544,-51020605.84314475,False,False,False,False,1383060.3954513709,False,False,False,False
2022-11-07 00:00:00+00:00,16.8742866786,16.9605266446,16.5490661846,16.9605266446,777190,,,,,,,,,,,,,,,,,,,,,,#000000,0.0,0.0,1.2574079849067734,17.350613379986424,-0.3788163484755815,0.0,0.0,0.0,0.0,0.0,0.0,0.0,0.0,51.74721398745542,3.2164978349566127,True,False,False,False,True,0.0,0,0.8601229650160882,1.000923204440031,False,False,False,False,-0.03682741553531288,-0.07963589770252623,False,False,False,False,-58993354,-51333262.63360967,False,False,False,False,1359300.7721003368,False,False,False,False
2022-11-08 00:00:00+00:00,16.883868897,17.1521710134,16.6922245282,16.9413622077,1073034,,,,,,,,,,,,,,,,,,,,,,"rgba(38, 166, 154, 1.0)",0.0,0.0,1.2556532555226987,17.358779446882167,-0.3782179099153243,0.0,0.0,0.0,0.0,0.0,0.0,0.0,0.0,53.10718692963269,3.2164978349566127,True,False,True,False,True,0.0,0,0.8740452497960927,0.9766160920162498,False,False,False,False,-0.005773962910822619,-0.042704930306674424,False,False,False,False,-57920320,-51591578.608762234,False,False,False,False,1348074.6241748335,False,False,False,False
2022-11-09 00:00:00+00:00,16.5005801593,16.9221977708,16.5005801593,16.7593000573,831514,,,,,,,,,,,,,,,,,,,,,,#000000,0.0,0.0,1.2562243256774948,17.357635651386836,-0.6822471708025691,0.0,0.0,0.0,0.0,0.0,0.0,0.0,0.0,52.098534961788026,3.2164978349566127,True,False,False,False,True,0.0,1,0.8738407432752896,0.9854657739085824,False,False,False,False,-0.044888815159030676,-0.04379687273285255,False,False,False,False,-58751834,-51872372.93783038,False,False,False,False,1327817.3447954282,False,False,False,False
2022-11-10 00:00:00+00:00,17.8037618676,17.8420907414,17.2479931979,17.3629798192,1533696,,,,,,,,,,,,,,,,,,,,,,"rgba(38, 166, 154, 1.0)",0.0,0.0,1.2474976394119888,17.386179903341212,0.33473567489523676,0.0,0.0,0.0,0.0,0.0,0.0,0.0,0.0,56.05095946715193,0.040160769592354484,True,False,True,False,True,1.420924075534277,1,0.884862570984052,0.935762206701151,False,False,False,False,0.11014718960511918,0.03317515843613332,False,False,False,False,-57218138,-52082010.78340566,False,False,False,False,1335891.0175485488,False,False,False,False
2022-11-11 00:00:00+00:00,18.244543916,18.3403661004,17.7462685569,17.9762417996,4023415,,,,,,,,,,,,,,,,,,,,,,"rgba(38, 166, 154, 1.0)",0.0,0.0,1.242240455907832,17.46708450831808,0.6258525907641219,0.0,0.0,0.0,0.0,0.0,0.0,0.0,0.0,59.811924095887164,3.5777327643465853,True,False,True,False,True,3.252996058207433,0,0.9239976320531343,0.9122812426663368,False,False,False,False,0.20490654640615436,0.11904085242114384,False,False,False,False,-53194723,-52125646.55660544,False,False,False,False,1441284.1148995862,False,False,False,False
2022-11-14 00:00:00+00:00,18.1391395131,18.5415926877,18.0337351102,18.1103928578,3004801,,,,,,,,,,,,,,,,,,,,,,"rgba(38, 166, 154, 1.0)",0.0,0.0,1.2335060178575235,17.51505689390343,0.5059420952647965,0.0,0.0,0.0,0.0,0.0,0.0,0.0,0.0,61.77923435268171,5.3991387075753465,True,False,True,False,True,2.780424812671395,0,0.9255050193590908,0.9073514540006751,False,False,False,False,0.25262961983815907,0.18583523612965147,False,False,False,False,-56199524,-52285406.45634641,False,False,False,False,1502598.5025505829,False,False,False,False
2022-11-15 00:00:00+00:00,18.3020372266,18.4649349402,18.1008106393,18.4457705033,2236605,,,,,,,,,,,,,,,,,,,,,,"rgba(38, 166, 154, 1.0)",0.0,0.0,1.220630034496483,17.546140360780562,0.6192677915968611,0.0,0.0,0.0,0.0,0.0,0.0,0.0,0.0,63.539848813847634,7.088937736031937,True,False,True,False,True,3.4617194588740112,0,0.9328565580349774,0.9049447345771966,False,False,False,False,0.25168364168620083,0.21875943890792615,False,False,False,False,-53962919,-52351191.26197988,False,False,False,False,1531383.071078011,False,False,False,False
2022-11-16 00:00:00+00:00,18.244543916,18.6949081828,18.1391395131,18.5799215615,1796096,,,,,,,,,,,,,,,,,,,,,,"rgba(38, 166, 154, 1.0)",0.0,0.0,1.2110808985581158,17.569888562717537,0.55706877557535,0.0,0.0,0.0,0.0,0.0,0.0,0.0,0.0,64.37770734884695,7.986989317005822,True,False,True,False,True,3.196050314522452,0,0.9329360563249202,0.9057352959438312,False,False,False,False,0.2783451581009575,0.24855229850444183,False,False,False,False,-55759015,-52484831.408568904,False,False,False,False,1541763.9702514224,False,False,False,False
2022-11-17 00:00:00+00:00,18.244543916,18.2637083529,17.6121174987,17.7079396832,1024151,,,,,,,,,,,,,,,,,,,,,,"rgba(38, 166, 154, 1.0)",0.0,0.0,1.204145148002296,17.578279206613722,0.5533093003709957,0.0,0.0,0.0,0.0,0.0,0.0,0.0,0.0,64.93627970551316,8.718334648983323,True,False,True,False,True,3.196050314522452,0,0.8999356840879407,0.9294398271464902,False,False,False,False,0.1846128429270593,0.21658257071575054,False,False,False,False,-55759015,-52613230.765095614,False,False,False,False,1521465.4223984254,False,False,False,False
2022-11-18 00:00:00+00:00,18.3403661004,18.5415926877,18.1103928578,18.5320104693,1607884,,,,,,,,,,,,,,,,,,,,,,"rgba(38, 166, 154, 1.0)",0.0,0.0,1.1989198997950492,17.596335974635334,0.6205836819389317,0.0,0.0,0.0,0.0,0.0,0.0,0.0,0.0,65.64146241449521,9.657454061086653,True,False,True,False,True,3.61550378608883,0,0.8971257657030939,0.9336547047311871,False,False,False,False,0.26021356137720336,0.23839806604647695,False,False,False,False,-54151131,-52673540.57822912,False,False,False,False,1524854.386225938,False,False,False,False
2022-11-21 00:00:00+00:00,18.0241528918,18.3499483189,17.985824018,18.1774683869,916211,,,,,,,,,,,,,,,,,,,,,,"rgba(38, 166, 154, 1.0)",0.0,0.0,1.194550164439214,17.603726746568142,0.35195352840558874,0.0,0.0,0.0,0.0,0.0,0.0,0.0,0.0,63.955568924234896,9.657454061086653,True,False,True,False,True,2.098902159221595,0,0.8868227316167431,0.947392083514074,False,False,False,False,0.28692891295339074,0.26266348949993384,False,False,False,False,-55067342,-52767415.14378877,False,False,False,False,1500986.0181386464,False,False,False,False
2022-11-22 00:00:00+00:00,18.3116194451,18.3116194451,18.1199750762,18.1487217315,660608,,,,,,,,,,,,,,,,,,,,,,"rgba(38, 166, 154, 1.0)",0.0,0.0,1.1936930600647142,17.609868148175526,0.5878825306117049,0.0,0.0,0.0,0.0,0.0,0.0,0.0,0.0,63.98754465084801,9.657454061086653,True,False,True,False,True,3.3805697908890053,0,0.9088578118253594,0.9400338482610223,False,False,False,False,0.2975344003048331,0.28009894490238346,False,False,False,False,-54406734,-52831702.15775783,False,False,False,False,1468030.0174273269,False,False,False,False
2022-11-23 00:00:00+00:00,18.6949081828,18.7715659304,18.4361882848,18.5128460324,752067,,,,,,,,,,,,,,,,,,,,,,"rgba(38, 166, 154, 1.0)",0.0,0.0,1.202588979690913,17.620019356428553,0.8938123037246785,0.0,0.0,0.0,0.0,0.0,0.0,0.0,0.0,65.37833270662847,10.10930118243445,True,False,True,False,True,5.053658666632035,0,0.9278090852445668,0.9141341542442482,False,False,False,False,0.3428282328246115,0.31146358886349745,False,False,False,False,-53654667,-52863975.28882616,False,False,False,False,1439953.0363517455,False,False,False,False
2022-11-25 00:00:00+00:00,18.6374148721,18.6949081828,18.5032638139,18.5990859984,412411,,,,,,,,,,,,,,,,,,,,,,"rgba(38, 166, 154, 1.0)",0.0,0.0,1.200286189833006,17.62534550366412,0.8431900466810215,0.0,0.0,0.0,0.0,0.0,0.0,0.0,0.0,65.88501930627618,10.885246299213385,True,False,True,False,True,4.76843575464736,0,0.9267808628333079,0.9195552900754382,False,False,False,False,0.34179414748606324,0.3266288681747803,False,False,False,False,-54067078,-52911155.78730357,False,False,False,False,1399657.2702203046,False,False,False,False
2022-11-28 00:00:00+00:00,18.0145706733,18.4639767183,17.9666595811,18.3595305373,1189684,,,,,,,,,,,,,,,,,,,,,,"rgba(38, 166, 154, 0.75)",0.0,0.0,1.1911519128991568,17.634042928918156,0.31946197647928354,0.0,0.0,0.0,0.0,0.0,0.0,0.0,0.0,62.193270869927304,10.885246299213385,True,False,True,False,False,1.7457460495222143,0,0.9305035748434152,0.9099837389921389,False,False,False,False,0.26101323349572925,0.2938210508352548,False,False,False,False,-55256762,-53003140.344664216,False,False,False,False,1391423.0243293121,False,False,False,False
2022-11-29 00:00:00+00:00,18.1295572947,18.2435856941,17.9570773627,18.0145706733,816457,,,,,,,,,,,,,,,,,,,,,,"rgba(38, 166, 154, 0.75)",0.0,0.0,1.1731337987526973,17.639440949129455,0.4177838419553234,0.0,0.0,0.0,0.0,0.0,0.0,0.0,0.0,60.2653091247577,15.25649309065247,True,False,True,False,False,2.2649619401808287,0,0.9256392273632404,0.9246232802565959,False,False,False,False,0.2374863441022821,0.26565369746876843,False,False,False,False,-54440305,-53059499.74291268,False,False,False,False,1368875.3371007117,False,False,False,False
2022-11-30 00:00:00+00:00,18.8194770226,18.8194770226,17.8862002991,18.06900708,978434,,,,,,,,,,,,,,,,,,,,,,"rgba(38, 166, 154, 0.75)",0.0,0.0,1.1646800162258226,17.64991542852206,1.0041913467940635,0.0,0.0,0.0,0.0,0.0,0.0,0.0,0.0,61.731716990111366,15.25649309065247,True,False,True,False,False,5.290030307279178,0,0.9289106337251595,0.9055275571557081,False,False,False,False,0.289529082072587,0.2775913897706777,False,False,False,False,-53461871,-53075279.0078965,False,False,False,False,1353563.9121163702,False,False,False,False
2022-12-01 00:00:00+00:00,18.9156911178,19.1273621272,18.8290984321,19.011905213,994951,,,,,,,,,,,,,,,,,,,,,,"rgba(38, 166, 154, 1.0)",0.0,0.0,1.1467675839143094,17.740961514473366,1.0243833360870582,0.0,0.0,0.0,0.0,0.0,0.0,0.0,0.0,63.04184182034301,15.25649309065247,True,False,True,False,True,5.700175588110479,0,0.9652416812098099,0.891758905288646,False,False,False,False,0.3428282349489292,0.3102098123598035,False,False,False,False,-52466920,-53051421.79190056,False,True,False,False,1339500.6606608264,False,False,False,False
2022-12-02 00:00:00+00:00,18.9060697083,18.9589874606,18.6174274226,18.6174274226,934551,,,,,,,,,,,,,,,,,,,,,,"rgba(38, 166, 154, 1.0)",0.0,0.0,1.1359739620028013,17.74889861213642,1.0186598767839774,0.0,0.0,0.0,0.0,0.0,0.0,0.0,0.0,63.8474993388343,15.25649309065247,True,False,True,False,True,5.651754943115616,0,0.969259640987537,0.876808714810749,False,False,False,False,0.30626732303597654,0.30823856769789004,False,False,False,False,-53401471,-53065149.211826034,False,False,False,False,1323620.2818113822,False,False,False,False
2022-12-05 00:00:00+00:00,18.550077556,18.8675840702,18.5404561465,18.6462916512,884016,,,,,,,,,,,,,,,,,,,,,,"rgba(38, 166, 154, 1.0)",0.0,0.0,1.1132021794084093,17.753606117643315,0.7154777928839094,0.0,0.0,0.0,0.0,0.0,0.0,0.0,0.0,61.94299083012823,15.25649309065247,True,False,True,False,True,3.865196894405699,0,0.9881990319554739,0.8622062849150507,False,False,False,False,0.2903250184362019,0.29928179306704594,False,False,False,False,-54285487,-53113005.595676,False,False,False,False,1306380.8982109358,False,False,False,False
2022-12-06 00:00:00+00:00,18.4346206417,18.7232629274,18.1940854037,18.569320375,804366,,,,,,,,,,,,,,,,,,,,,,"rgba(38, 166, 154, 0.75)",0.0,0.0,1.1001761819883489,17.75536359972306,0.6174075144485655,0.0,0.0,0.0,0.0,0.0,0.0,0.0,0.0,59.92942523091427,14.742503978577346,True,False,True,False,False,3.2912522654611642,1,0.9660948498382392,0.8682910233969614,False,False,False,False,0.24464130108267415,0.27196154707486003,False,False,False,False,-55089853,-53190529.02329655,False,False,False,False,1286694.0394575659,False,False,False,False
2022-12-07 00:00:00+00:00,18.2133282228,18.4827276893,18.1315462418,18.328785137,770183,,,,,,,,,,,,,,,,,,,,,,"rgba(38, 166, 154, 0.75)",0.0,0.0,1.0967570893556573,17.755470422234165,0.41746509323666836,0.0,0.0,0.0,0.0,0.0,0.0,0.0,0.0,57.191806034405595,12.10277718471464,True,False,True,False,False,2.19254878815633,1,0.9700399826036589,0.8760675922831149,False,False,False,False,0.21692820466123905,0.24444487586804953,False,False,False,False,-55860036,-53295215.571402565,False,False,False,False,1266438.704576877,False,False,False,False
2022-12-08 00:00:00+00:00,18.1844639942,18.4163399637,18.107492718,18.3480279561,725234,,,,,,,,,,,,,,,,,,,,,,"rgba(38, 166, 154, 0.75)",0.0,0.0,1.0890525157737783,17.75617729177024,0.39326542680585247,0.0,0.0,0.0,0.0,0.0,0.0,0.0,0.0,55.18349724200236,10.193392428229451,True,False,True,False,False,2.048635943568822,1,0.9738718011681471,0.8769258795947922,False,False,False,False,0.20872323934044254,0.22658405760424605,False,False,False,False,-56585270,-53424237.313700505,False,False,False,False,1245214.9906719015,False,False,False,False
2022-12-09 00:00:00+00:00,18.1171141276,18.309542318,18.1171141276,18.1555997656,542126,,,,,,,,,,,,,,,,,,,,,,#000000,0.0,0.0,1.0826537323591,17.756649494330087,0.33294544921991054,0.0,0.0,0.0,0.0,0.0,0.0,0.0,0.0,53.39169109679624,8.480436953782842,False,False,False,False,False,1.708136569318583,0,0.987999034882263,0.8730794894806017,False,False,False,False,0.1999380018297877,0.21326102971701688,False,False,False,False,-57127396,-53569459.22296715,False,False,False,False,1217642.8733906506,False,False,False,False
2022-12-12 00:00:00+00:00,18.107492718,18.1459783561,17.8862002991,18.088249899,697569,,,,,,,,,,,,,,,,,,,,,,#000000,0.0,0.0,1.0656685684188492,17.756051665685895,0.32978457160986147,0.0,0.0,0.0,0.0,0.0,0.0,0.0,0.0,52.12815646656922,7.235600234741447,False,False,False,False,False,1.6587522584277004,0,0.9737947568282449,0.8747072514342799,False,False,False,False,0.1645713747089711,0.188916202212994,False,False,False,False,-57824965,-53736341.80245863,False,False,False,False,1197247.819532194,False,False,False,False
2022-12-13 00:00:00+00:00,18.309542318,18.8579626607,18.1748425847,18.7328843369,1119652,,,,,,,,,,,,,,,,,,,,,,#000000,0.0,0.0,1.0618975494087468,17.76383387762536,0.5138993311346126,0.0,0.0,0.0,0.0,0.0,0.0,0.0,0.0,52.75728159658976,7.235600234741447,False,False,False,False,False,2.6567709394405057,0,0.9805160354067282,0.870467253225659,False,False,False,False,0.255294137803045,0.2221051700080195,False,False,False,False,-56705313,-53852772.04549947,False,False,False,False,1194204.846217206,False,False,False,False
2022-12-14 00:00:00+00:00,18.2614352704,18.4731062798,18.06900708,18.3191637275,1199323,,,,,,,,,,,,,,,,,,,,,,#000000,0.0,0.0,1.0598872293888415,17.76865516768723,0.4649363527069962,0.0,0.0,0.0,0.0,0.0,0.0,0.0,0.0,52.772917764199086,7.235600234741447,False,False,False,False,False,2.400876476554803,0,0.959687669333476,0.9075500476184963,False,False,False,False,0.21037942340559082,0.21624229670680517,False,False,False,False,-57904636,-54011668.67116615,False,False,False,False,1194405.5581302566,False,False,False,False
2022-12-15 00:00:00+00:00,17.7130149277,17.9631715752,17.6841506991,17.9631715752,1236332,,,,,,,,,,,,,,,,,,,,,,"rgba(239, 83, 80, 1.0)",0.0,0.0,1.0572705105533133,17.765179493566144,-0.04933890177154647,0.0,0.0,0.0,0.0,0.0,0.0,0.0,0.0,48.91994673251316,3.813018768402948,False,True,False,True,False,0.0,0,0.9379628164380054,0.9170735421740414,False,False,False,False,0.13045695469094076,0.17334962569887297,False,False,False,False,-59140968,-54212817.66445375,False,False,False,False,1196049.732321227,False,False,False,False
2022-12-16 00:00:00+00:00,17.6745292896,17.7418791562,17.4436154611,17.4724796897,1781402,,,,,,,,,,,,,,,,,,,,,,"rgba(239, 83, 80, 1.0)",0.0,0.0,1.0557460916919525,17.75794165813177,-0.0790079823057584,0.0,0.0,0.0,0.0,0.0,0.0,0.0,0.0,46.12240948779435,1.1499373698672173,False,True,False,True,False,0.0,0,0.953649887553796,0.9179658118201173,False,False,False,False,0.08990772652918197,0.13162867611402745,False,False,False,False,-60922370,-54475937.36388694,False,False,False,False,1219004.7232105907,False,False,False,False
2022-12-19 00:00:00+00:00,17.4147512325,17.6889614039,17.2800514993,17.6649078801,1535626,,,,,,,,,,,,,,,,,,,,,,"rgba(239, 83, 80, 1.0)",0.0,0.0,1.055707932534772,17.750101018429785,-0.31765394158269294,0.0,0.0,0.0,0.0,0.0,0.0,0.0,0.0,42.770173494183325,-1.9692270611511091,False,True,False,True,False,0.0,0,0.9746621573216266,0.9065107727198779,False,False,False,False,0.07100929164966274,0.1013189838818451,False,False,False,False,-62457996,-54788959.27118549,False,False,False,False,1231421.243868999,False,False,False,False
2022-12-20 00:00:00+00:00,17.3955084135,17.5109653277,17.3281585469,17.3570227754,822491,,,,,,,,,,,,,,,,,,,,,,"rgba(239, 83, 80, 1.0)",0.0,0.0,1.0554550300824508,17.745930996049278,-0.3320109076763826,0.0,0.0,0.0,0.0,0.0,0.0,0.0,0.0,40.42846873993111,-4.100062263100305,False,True,False,True,False,0.0,0,0.9817978983549103,0.8882053312421866,False,False,False,False,0.05969534570335872,0.0805071647926019,False,False,False,False,-63280487,-55121960.358589984,False,False,False,False,1215384.7637172737,False,False,False,False
2022-12-21 00:00:00+00:00,17.6360436515,17.7947969086,17.5205867373,17.5302081468,1791509,,,,,,,,,,,,,,,,,,,,,,"rgba(239, 83, 80, 1.0)",0.0,0.0,1.0565070830631853,17.742925530699996,-0.10116532194948262,0.0,0.0,0.0,0.0,0.0,0.0,0.0,0.0,41.20039761809607,-4.100062263100305,False,True,False,True,False,0.0,0,0.9982838216407703,0.8712821129638728,False,False,False,False,0.10127674718626366,0.09089195598943278,False,False,False,False,-61488978,-55371647.32491979,False,False,False,False,1237977.8710224787,False,False,False,False
2022-12-22 00:00:00+00:00,17.385887004,17.4147512325,17.0539483755,17.4147512325,947523,,,,,,,,,,,,,,,,,,,,,,"rgba(239, 83, 80, 1.0)",0.0,0.0,1.0530748225928894,17.712497239591226,-0.31014912576396314,0.0,0.0,0.0,0.0,0.0,0.0,0.0,0.0,40.13624061775489,-4.357630309001777,False,True,False,True,False,0.0,0,0.968514679247797,0.8764173644547715,False,False,True,False,0.027503524307238156,0.05919774014833547,False,False,False,False,-62436501,-55648700.410217054,False,False,False,False,1226587.4839235581,False,False,False,False
2022-12-23 00:00:00+00:00,17.645665061,17.6841506991,17.3185371373,17.3281585469,711403,,,,,,,,,,,,,,,,,,,,,,"rgba(239, 83, 80, 1.0)",0.0,0.0,1.0469637348189098,17.71726944163005,-0.06839241728123256,0.0,0.0,0.0,0.0,0.0,0.0,0.0,0.0,41.74848105279043,-4.357630309001777,False,True,False,True,False,0.0,0,1.0061763317169998,0.8641639681473569,False,False,False,False,0.04272379733204125,0.05096076874018836,False,False,False,False,-61725098,-55886990.51177718,False,False,False,False,1206384.1708285166,False,False,False,False
2022-12-27 00:00:00+00:00,17.7226363372,17.8060539578,17.5494509658,17.6552864706,542347,,,,,,,,,,,,,,,,,,,,,,"rgba(239, 83, 80, 0.75)",0.0,0.0,1.037495520422321,17.72100597952495,0.0015714358693204578,0.0,0.0,0.0,0.0,0.0,0.0,0.0,0.0,43.47125846641612,-4.357630309001777,False,True,False,True,True,0.0,0,0.9924620716367812,0.8669628809554331,False,False,False,False,0.054499522109223555,0.05273014542470596,False,False,False,False,-61182751,-56094667.39366827,False,False,False,False,1180343.4974626927,False,False,False,False
2022-12-28 00:00:00+00:00,17.1742159945,17.7899862039,17.1597838802,17.7322577467,704881,,,,,,,,,,,,,,,,,,,,,,"rgba(239, 83, 80, 0.75)",0.0,0.0,1.0215517846937068,17.717068185258498,-0.5313995813939699,0.0,0.0,0.0,0.0,0.0,0.0,0.0,0.0,41.22877886302006,-4.357630309001777,False,True,False,True,True,0.0,0,0.9714450161555537,0.8852224545220412,False,False,False,False,0.01146115970566167,0.03209565256518381,False,False,False,False,-61887632,-56321842.47626952,False,False,True,False,1161697.9093269007,False,False,True,False
2022-12-29 00:00:00+00:00,17.5398295563,17.7033935182,17.2704300897,17.2704300897,595926,,,,,,,,,,,,,,,,,,,,,,"rgba(239, 83, 80, 0.75)",0.0,0.0,1.0184112598997874,17.71624951173337,-0.1732305625241522,0.0,0.0,0.0,0.0,0.0,0.0,0.0,0.0,42.62658038322269,-4.357630309001777,False,True,False,True,True,0.0,0,0.9664558966602179,0.9054695438568672,False,False,False,False,0.014009888994493952,0.02305277077983888,False,False,False,False,-61291706,-56516739.08504327,False,False,False,False,1139510.7756278068,False,False,False,False
2022-12-30 00:00:00+00:00,17.5013439182,17.5590723754,17.2704300897,17.3474013659,638769,,,,,,,,,,,,,,,,,,,,,,"rgba(239, 83, 80, 0.75)",0.0,0.0,1.016954637579611,17.71435082577581,-0.2094556627253053,0.0,0.0,0.0,0.0,0.0,0.0,0.0,0.0,43.32168938405421,-4.357630309001777,False,True,False,True,True,0.0,0,0.9808137072262129,0.8987405065179078,False,False,False,False,-0.0012809156434406498,0.010885927568199116,False,False,False,False,-61930475,-56729042.45425726,False,False,False,False,1119873.8432502458,False,False,False,False
2023-01-03 00:00:00+00:00,17.4243726421,17.7130149277,17.0972447184,17.6360436515,1340178,,,,,,,,,,,,,,,,,,,,,,"rgba(239, 83, 80, 0.75)",0.0,0.0,1.0151857960965465,17.709822378060643,-0.2811797968984748,0.0,0.0,0.0,0.0,0.0,0.0,0.0,0.0,43.289423267478256,-4.357630309001777,False,True,False,True,True,0.0,0,0.975912431390038,0.8969521158656987,False,False,False,False,-0.003319578785819541,0.0037831743911897874,False,False,False,False,-63270653,-56985576.201149136,False,False,False,False,1128513.2219463147,False,False,False,False
2023-01-04 00:00:00+00:00,17.5013439182,17.7322577467,17.4099405278,17.7033935182,1422668,,,,,,,,,,,,,,,,,,,,,,"rgba(239, 83, 80, 0.75)",0.0,0.0,1.0159021677149007,17.708961205083273,-0.20436740217837446,0.0,0.0,0.0,0.0,0.0,0.0,0.0,0.0,43.935822088230005,-4.357630309001777,False,True,False,True,True,0.0,1,0.9844415073589458,0.9065054817216757,False,False,False,False,0.031857947906797045,0.017820561148993417,False,False,False,False,-61847985,-57176258.899143286,False,False,False,False,1140048.7034386161,False,False,False,False
2023-01-05 00:00:00+00:00,17.2127016326,17.4580475754,17.0876233088,17.2896729088,1180709,,,,,,,,,,,,,,,,,,,,,,"rgba(239, 83, 80, 0.75)",0.0,0.0,1.0134005238449753,17.702455897575323,-0.4832780854672632,0.0,0.0,0.0,0.0,0.0,0.0,0.0,0.0,42.45086209198659,-4.357630309001777,False,True,False,True,True,0.0,1,0.946830736219718,0.9220846039533749,False,False,False,False,-0.03136130440798695,-0.006770371629496766,False,False,False,False,-63028694,-57405766.15800042,False,False,False,False,1141643.2248723959,False,False,False,False
2023-01-06 00:00:00+00:00,17.8188504324,17.8284718419,17.3955084135,17.4147512325,965338,,,,,,,,,,,,,,,,,,,,,,"rgba(239, 83, 80, 0.75)",0.0,0.0,1.0161964332235625,17.703930919032004,0.11308789286285088,0.0,0.0,0.0,0.0,0.0,0.0,0.0,0.0,46.03889834223807,-8.67792690050669,False,True,False,True,True,0.49586331944969686,1,0.9514123699087051,0.9077404347053533,False,False,False,False,0.040533627956772615,0.016881628163637925,False,False,False,False,-62063356,-57588416.74003962,False,False,False,False,1134729.294485243,False,False,False,False
2023-01-09 00:00:00+00:00,18.4249992322,18.7617485654,17.9150645276,17.9920358038,1598491,,,,,,,,,,,,,,,,,,,,,,#000000,0.0,0.0,1.0258019619187173,17.721221710150115,0.6860754299333779,0.0,0.0,0.0,0.0,0.0,0.0,0.0,0.0,51.5462402291959,-3.529801292102867,False,True,False,False,True,3.6428530482512116,1,0.9510338780117189,0.888680313987849,False,False,False,False,0.19693676069759503,0.10690919443061647,False,False,False,False,-60464865,-57701218.63258708,False,False,False,False,1152916.0280348414,False,False,False,False
2023-01-10 00:00:00+00:00,18.309542318,18.5019705084,18.107492718,18.3768921846,2203718,,,,,,,,,,,,,,,,,,,,,,"rgba(38, 166, 154, 0.5)",0.0,0.0,1.0310984019997689,17.739512807048477,0.5528371587483546,0.0,0.0,0.0,0.0,0.0,0.0,0.0,0.0,54.38003190681674,-1.0406135165768688,False,False,True,False,True,3.002472796994475,0,0.9766469521688094,0.9049036440579338,False,False,False,False,0.1895316895600007,0.1482204419953086,False,False,False,False,-62668583,-57896017.23523073,False,False,False,False,1194123.9485040633,False,False,False,False
2023-01-11 00:00:00+00:00,18.6943986988,18.7473164512,18.5308347369,18.5404561465,749278,,,,,,,,,,,,,,,,,,,,,,"rgba(38, 166, 154, 1.0)",0.0,0.0,1.0368196608072415,17.748360185112986,0.9124426835718497,0.0,0.0,0.0,0.0,0.0,0.0,0.0,0.0,57.979072831343004,2.1697725495450655,True,False,True,False,True,4.9428397463878895,0,0.9753249364265074,0.8782834763434164,False,False,False,False,0.2641119164557903,0.20616617922554945,False,False,False,False,-61919305,-58053793.226005994,False,False,False,False,1176679.0093470411,False,False,False,False
2023-01-12 00:00:00+00:00,18.7617485654,18.8387198416,18.5789417846,18.7521271559,701578,,,,,,,,,,,,,,,,,,,,,,"rgba(38, 166, 154, 1.0)",0.0,0.0,1.0417240922017605,17.756848757900805,0.9646506354434663,0.0,0.0,0.0,0.0,0.0,0.0,0.0,0.0,60.65840000949549,4.517292707898434,True,False,True,False,True,5.278380847186771,0,0.9859047756613606,0.8635324130016476,False,False,False,False,0.2800136701035254,0.24308992466453744,False,False,False,False,-61217727,-58177869.06028026,False,False,False,False,1158047.5972157847,False,False,False,False
2023-01-13 00:00:00+00:00,18.790612794,18.8483412511,18.5019705084,18.5019705084,586040,,,,,,,,,,,,,,,,,,,,,,"rgba(38, 166, 154, 1.0)",0.0,0.0,1.0417736239489734,17.763574609609144,0.9858554303743461,0.0,0.0,0.0,0.0,0.0,0.0,0.0,0.0,62.571970945107864,6.211564171282539,True,False,True,False,True,5.424110892646713,0,0.9822667178785148,0.8547172254167718,False,False,False,False,0.27232018841948225,0.2577050565420098,False,False,False,False,-60631687,-58274097.21477908,False,False,False,False,1135615.9267367343,False,False,False,False
2023-01-17 00:00:00+00:00,18.6655344702,18.809855613,18.6366702417,18.790612794,742480,,,,,,,,,,,,,,,,,,,,,,"rgba(38, 166, 154, 1.0)",0.0,0.0,1.0449111010473318,17.77169412978445,0.855422379492035,0.0,0.0,0.0,0.0,0.0,0.0,0.0,0.0,62.7219063691849,6.37339164246756,True,False,True,False,True,4.687618096356193,0,1.0099844510383784,0.8500491028124086,False,False,False,False,0.28332074304485055,0.2705128997934302,False,False,False,False,-61374167,-58395668.578905396,False,False,False,False,1120198.831570588,False,False,False,False
2023-01-18 00:00:00+00:00,18.6943986988,19.0070945082,18.6078060131,18.7521271559,1009387,,,,,,,,,,,,,,,,,,,,,,"rgba(38, 166, 154, 1.0)",0.0,0.0,1.0372368908928669,17.7829847490542,0.8786941129342623,0.0,0.0,0.0,0.0,0.0,0.0,0.0,0.0,62.9789848606379,6.7936529236443945,True,False,True,False,True,4.838915110739247,0,1.0215522862892552,0.8110842410706817,False,False,False,False,0.2928651264834671,0.28168901313844863,False,False,False,False,-60364780,-58472888.6346346,False,False,False,False,1115853.2695482122,False,False,False,False
2023-01-19 00:00:00+00:00,18.569320375,18.6366702417,18.3768921846,18.4731062798,823823,,,,,,,,,,,,,,,,,,,,,,"rgba(38, 166, 154, 1.0)",0.0,0.0,1.0238950514965688,17.789567734475014,0.761555238874596,0.0,0.0,0.0,0.0,0.0,0.0,0.0,0.0,61.938060466667096,6.7936529236443945,True,False,True,False,True,4.086432351878347,0,1.0038207574952605,0.856489165227855,False,False,False,False,0.19517684277560976,0.2384329279570292,False,False,False,False,-61188603,-58579387.23719794,False,False,False,False,1104401.1021149491,False,False,False,False
2023-01-20 00:00:00+00:00,18.9926623939,18.9926623939,18.569320375,18.6655344702,722166,,,,,,,,,,,,,,,,,,,,,,"rgba(38, 166, 154, 1.0)",0.0,0.0,1.0296053914352912,17.797698387767788,1.1606038741370701,0.0,0.0,0.0,0.0,0.0,0.0,0.0,0.0,63.59619711142761,7.775155993869475,True,False,True,False,True,6.321975065681325,0,0.9965924825399021,0.8488393378144776,False,False,False,False,0.2796413105695749,0.2590371192633021,False,False,False,False,-60466437,-58653389.18868038,False,False,False,False,1089411.490267304,False,False,False,False
2023-01-23 00:00:00+00:00,19.4352472319,19.5218399176,19.0407694415,19.1177407177,931889,,,,,,,,,,,,,,,,,,,,,,"rgba(38, 166, 154, 1.0)",0.0,0.0,1.052652539347087,17.81260209910259,1.5414821815789879,0.0,0.0,0.0,0.0,0.0,0.0,0.0,0.0,66.55618514820073,10.765381142755253,True,False,True,False,True,8.556500063844531,0,1.0090098824469311,0.8364865217499399,False,False,False,False,0.3428282255950877,0.30093267242919486,False,False,False,False,-59534548,-58687944.43618311,False,False,False,False,1083234.137707802,False,False,False,False
2023-01-24 00:00:00+00:00,19.4352472319,19.4785435747,19.27168327,19.4641114605,720264,,,,,,,,,,,,,,,,,,,,,,"rgba(38, 166, 154, 1.0)",0.0,0.0,1.0739764811811698,17.824187096078738,1.5000888418426093,0.0,0.0,0.0,0.0,0.0,0.0,0.0,0.0,68.52951050604948,12.756116382123885,True,False,True,False,True,8.556500063844531,0,1.0279875489116783,0.8265709167629103,False,False,False,False,0.34282821981757267,0.32188044612338373,False,False,False,False,-59534548,-58721144.57594063,False,False,False,False,1069000.0146604374,False,False,False,False
2023-01-25 00:00:00+00:00,18.9541767559,19.3486545462,18.9445553463,19.0984978987,1230002,,,,,,,,,,,,,,,,,,,,,,"rgba(38, 166, 154, 0.75)",0.0,0.0,1.077815222715756,17.839264460833597,1.0344187682348507,0.0,0.0,0.0,0.0,0.0,0.0,0.0,0.0,65.46984545876504,12.756116382123885,True,False,True,False,False,5.58891780846351,0,1.0098667916778115,0.8689302404034059,False,False,False,False,0.2656264147616248,0.29375343044250424,False,False,False,False,-60764550,-58801278.12198217,False,False,False,False,1075313.8180070869,False,False,False,False
2023-01-26 00:00:00+00:00,19.3582759557,19.4160044129,18.8772054797,18.9926623939,903250,,,,,,,,,,,,,,,,,,,,,,"rgba(38, 166, 154, 0.75)",0.0,0.0,1.0727525394066615,17.851120473121885,1.404942358292364,0.0,0.0,0.0,0.0,0.0,0.0,0.0,0.0,65.37244886868895,12.756116382123885,True,False,True,False,False,7.639517670182549,0,0.9835373846202297,0.8886711365289917,False,False,False,False,0.2656264147781538,0.279689922610329,False,False,False,False,-59861300,-58842847.60739464,False,False,False,False,1068566.2173009266,False,False,False,False
2023-01-27 00:00:00+00:00,19.4352472319,19.5266506223,19.1947119939,19.252440451,644826,,,,,,,,,,,,,,,,,,,,,,"rgba(38, 166, 154, 0.75)",0.0,0.0,1.0654800830025537,17.86042506573314,1.4780399852514994,0.0,0.0,0.0,0.0,0.0,0.0,0.0,0.0,65.64598642273067,12.756116382123885,True,False,True,False,False,8.024096444209366,0,0.9848125830904604,0.8920064517849786,False,False,False,False,0.33784319551361125,0.30876655906197015,False,False,False,False,-59216474,-58857499.62279093,False,False,False,False,1051948.9538773608,False,False,False,False
2023-01-30 00:00:00+00:00,19.1850905844,19.4496793462,19.1850905844,19.2909260891,767557,,,,,,,,,,,,,,,,,,,,,,"rgba(38, 166, 154, 0.75)",0.0,0.0,1.0491882042758776,17.870387847651305,1.2530666389411707,0.0,0.0,0.0,0.0,0.0,0.0,0.0,0.0,63.745373723538364,12.756116382123885,True,False,True,False,False,6.481346272466137,0,0.9811211401078411,0.8915138888395394,False,False,False,False,0.3229836061213974,0.3158750825916838,False,False,False,False,-59984031,-58901677.32385796,False,False,False,False,1040796.3282351114,False,False,False,False
2023-01-31 00:00:00+00:00,19.7046466985,19.7527537461,19.2620618605,19.27168327,892110,,,,,,,,,,,,,,,,,,,,,,"rgba(38, 166, 154, 0.75)",0.0,0.0,1.0381245311097516,17.884214451054614,1.7535779117938284,0.0,0.0,0.0,0.0,0.0,0.0,0.0,0.0,64.84711502963901,12.756116382123885,True,False,True,False,False,9.07743699839088,0,0.9793236274295114,0.8844953245682531,False,False,False,False,0.3428282218312022,0.329351652211443,False,False,False,False,-59091921,-58909137.86017726,False,False,False,False,1034965.4918337344,False,False,False,False
2023-02-01 00:00:00+00:00,20.2049599936,20.3396597268,19.6854038794,19.733510927,1681209,,,,,,,,,,,,,,,,,,,,,,"rgba(38, 166, 154, 1.0)",0.0,0.0,1.043926933702483,17.917074904636273,2.191614197412564,0.0,0.0,0.0,0.0,0.0,0.0,0.0,0.0,67.31911210132485,12.756116382123885,True,False,True,False,True,11.443648236651857,0,1.02415255308757,0.8364883045293569,False,False,False,False,0.3428282277556006,0.3360899399835218,False,False,False,False,-57410712,-58850376.061738946,False,False,False,False,1060308.3745069213,False,False,False,False
2023-02-02 00:00:00+00:00,20.9554299362,21.0708868504,20.3781453649,20.397388184,1978330,,,,,,,,,,,,,,,,,,,,,,"rgba(38, 166, 154, 1.0)",0.0,0.0,1.0643123705763204,18.11569544186285,2.668140080716573,0.0,0.0,0.0,0.0,0.0,0.0,0.0,0.0,70.8809069961878,15.547895049567103,True,False,True,False,True,14.753557001786547,0,1.0246508481277492,0.8143733371933385,False,False,False,False,0.34282823319412475,0.3394590865888233,False,False,False,False,-55432382,-58716337.078925654,False,True,False,False,1096309.2225654735,False,True,False,False
2023-02-03 00:00:00+00:00,20.8303516124,20.9891048695,20.5298749931,20.5705735553,1686429,,,,,,,,,,,,,,,,,,,,,,"rgba(38, 166, 154, 1.0)",0.0,0.0,1.0895228145663811,18.152765661027036,2.457576762574372,0.0,0.0,0.0,0.0,0.0,0.0,0.0,0.0,72.30478166058279,16.918586138519146,True,False,True,False,True,13.965601204919068,0,1.0372575317007071,0.8101301424432386,False,False,False,False,0.3428282334046664,0.34114365999674484,False,False,False,False,-57118811,-58653688.99739916,False,False,False,False,1119451.1746217294,False,False,False,False
2023-02-06 00:00:00+00:00,20.3011740888,20.6186806029,20.0125318031,20.6186806029,1097125,,,,,,,,,,,,,,,,,,,,,,"rgba(38, 166, 154, 1.0)",0.0,0.0,1.1029113276059175,18.166158980008152,1.9357994204541458,0.0,0.0,0.0,0.0,0.0,0.0,0.0,0.0,69.6113866284598,16.918586138519146,True,False,True,False,True,10.716899035020955,0,1.0018999421494015,0.8243676733182108,False,False,False,False,0.2521015617506323,0.2966226108736886,False,False,False,False,-58215936,-58636522.21318743,False,False,False,False,1118575.6383620538,False,False,False,False
2023-02-07 00:00:00+00:00,20.195338584,20.2723098602,19.8201036127,20.156852946,1783475,,,,,,,,,,,,,,,,,,,,,,"rgba(38, 166, 154, 0.75)",0.0,0.0,1.1007215494429619,18.18484015638427,1.8265277250483365,0.0,0.0,0.0,0.0,0.0,0.0,0.0,0.0,67.152166525443,16.918586138519146,True,False,True,False,False,10.082834227396688,0,0.9833661152085719,0.8538347038028508,False,False,False,False,0.19904192777323937,0.24783226932346397,False,False,False,False,-59999411,-58689968.83227812,False,False,False,False,1144650.1231321692,False,False,False,False
2023-02-08 00:00:00+00:00,19.8201036127,20.176095765,19.8104822032,20.0125318031,920517,,,,,,,,,,,,,,,,,,,,,,"rgba(38, 166, 154, 0.75)",0.0,0.0,1.085991405234942,18.19339791046914,1.4978992415496497,0.0,0.0,0.0,0.0,0.0,0.0,0.0,0.0,63.275274112511696,19.159970908533595,True,False,True,False,False,7.865223320077767,0,0.9792404805659345,0.8551051699142642,False,False,False,False,0.1887570482610873,0.21829465879227564,False,False,False,False,-60919928,-58777418.211404465,False,False,False,False,1135860.5888916922,False,False,False,False
2023-02-09 00:00:00+00:00,19.4160044129,20.1616636507,19.3486545462,20.0895030793,1107802,,,,,,,,,,,,,,,,,,,,,,"rgba(38, 166, 154, 0.5)",0.0,0.0,1.079879239041458,18.19992613240262,1.126124326250423,0.0,0.0,0.0,0.0,0.0,0.0,0.0,0.0,58.593964662724105,14.88371372684702,False,False,True,False,False,5.55789127591866,0,0.9868713580390223,0.8541126173921977,False,False,False,False,0.1429279143377418,0.18061128656500872,False,False,False,False,-62027730,-58904881.41880037,False,False,False,False,1134760.2520724102,False,False,False,False
2023-02-10 00:00:00+00:00,19.1273621272,19.3197903176,18.9589874606,19.2620618605,3581076,,,,,,,,,,,,,,,,,,,,,,#000000,0.0,0.0,1.0675498418201819,18.204750517324772,0.8642328196144625,0.0,0.0,0.0,0.0,0.0,0.0,0.0,0.0,54.13171543837295,10.899889650036314,False,False,False,False,False,3.955509049222897,0,0.9686018160245172,0.8782540876213133,False,False,False,False,0.026680309242803357,0.10364579790390603,False,False,False,False,-65608806,-59167780.42198467,False,False,False,False,1230694.2029715313,False,False,False,False
2023-02-13 00:00:00+00:00,19.4160044129,19.47373287,18.9830409844,19.0984978987,2714378,,,,,,,,,,,,,,,,,,,,,,#000000,0.0,0.0,1.0656515759741183,18.2179884536706,1.124209813263109,0.0,0.0,0.0,0.0,0.0,0.0,0.0,0.0,52.66360448447299,9.698356122207123,False,True,False,False,False,5.368813573390934,0,0.9722282023811148,0.8947255113082704,False,False,False,False,0.04336394048580923,0.07350486919485763,False,False,False,False,-62894428,-59313923.46425978,False,False,False,False,1288877.8812863731,False,False,False,False
2023-02-14 00:00:00+00:00,19.5314613271,19.7046466985,19.3101689081,19.3582759557,1962842,,,,,,,,,,,,,,,,,,,,,,#000000,0.0,0.0,1.066775337833528,18.232787866779173,1.2173823430885198,0.0,0.0,0.0,0.0,0.0,0.0,0.0,0.0,52.271824799875276,9.328938189493527,False,True,False,False,False,5.929643212075611,0,0.945314175437143,0.8981342483422404,False,False,False,False,0.09586954393459718,0.0846872065647274,False,False,False,False,-60931586,-59377361.2107594,False,False,False,False,1315307.8467261232,False,False,False,False
2023-02-15 00:00:00+00:00,19.8008607937,19.8778320699,19.2909260891,19.4448686414,1238546,,,,,,,,,,,,,,,,,,,,,,#000000,0.0,0.0,1.065097484550099,18.243776995223268,1.461916698765325,0.0,0.0,0.0,0.0,0.0,0.0,0.0,0.0,53.34448717540954,9.328938189493527,False,True,False,False,False,7.229274055334862,0,0.9543911752399113,0.8841747984764715,False,False,False,False,0.11043474686108931,0.09756097671290836,False,False,False,False,-59693040,-59389740.77112178,False,False,False,False,1312297.5782270595,False,False,False,False
2023-02-16 00:00:00+00:00,19.492975689,19.7912393842,19.3678973653,19.5025970985,1413121,,,,,,,,,,,,,,,,,,,,,,#000000,0.0,0.0,1.0627448513428848,18.25467970560826,1.165186527911219,0.0,0.0,0.0,0.0,0.0,0.0,0.0,0.0,52.32176306969409,9.116216870914393,False,True,False,False,False,5.463667211309353,0,0.9625634517938787,0.885575296116191,False,False,False,False,0.10952311674130824,0.1035420467271083,False,False,False,False,-61106161,-59457051.368332684,False,False,False,False,1316251.4379044296,False,False,False,False
2023-02-17 00:00:00+00:00,19.3678973653,19.5218399176,19.1947119939,19.4641114605,1826157,,,,,,,,,,,,,,,,,,,,,,#000000,0.0,0.0,1.0458560598287254,18.265390801018377,1.0541666359538753,0.0,0.0,0.0,0.0,0.0,0.0,0.0,0.0,50.96466940246341,7.564350218580813,False,True,False,False,False,4.753785234670897,0,0.9699103713372471,0.890098164755022,False,False,False,False,0.067758970425115,0.08565050857611164,False,False,False,False,-62932318,-59593336.334280424,False,False,False,False,1336247.7344571971,False,False,False,False
2023-02-21 00:00:00+00:00,18.7521271559,19.2043334034,18.7280736321,19.1658477653,1559284,,,,,,,,,,,,,,,,,,,,,,"rgba(239, 83, 80, 1.0)",0.0,0.0,1.0252537164191116,18.26804832658123,0.4721551568810728,0.0,0.0,0.0,0.0,0.0,0.0,0.0,0.0,47.17903728752291,3.7756039620050785,False,True,False,True,False,1.3691279123042044,0,0.9454277286287178,0.8876949009735235,False,False,False,False,-0.005750990351217321,0.039949759112447164,False,False,False,False,-64491602,-59785425.18391649,False,False,False,False,1344994.2546745618,False,False,False,False
2023-02-22 00:00:00+00:00,19.5891897842,19.7190788128,18.2806780894,18.8579626607,2470053,,,,,,,,,,,,,,,,,,,,,,#000000,0.0,0.0,0.9943412132966314,18.32499756024791,1.2713867302762165,0.0,0.0,0.0,0.0,0.0,0.0,0.0,0.0,48.908078362760534,3.7756039620050785,False,True,False,False,False,5.462628652107632,0,0.9303324767255415,0.8687359460390038,False,False,False,False,0.0005539161992994556,0.02025183765587331,False,False,False,False,-62021549,-59873116.31395898,False,False,False,False,1389114.205471638,False,False,False,False
2023-02-23 00:00:00+00:00,19.8297250222,20.2145814031,19.3486545462,19.8489678413,2276245,,,,,,,,,,,,,,,,,,,,,,#000000,0.0,0.0,0.9559292209594529,18.359746639488502,1.5377481412652103,0.0,0.0,0.0,0.0,0.0,0.0,0.0,0.0,51.05468638142133,3.7756039620050785,False,True,False,False,True,6.578014884089921,0,0.9751991876379695,0.8478753319858016,False,False,False,False,0.14798728321271587,0.08411956043429458,False,False,False,False,-59745304,-59868104.06635275,False,False,False,False,1423903.6483943188,False,False,False,False
2023-02-24 00:00:00+00:00,19.7623751556,19.8633999556,19.4352472319,19.5410827366,1530948,,,,,,,,,,,,,,,,,,,,,,#000000,0.0,0.0,0.9435604432376795,18.37415593704822,1.4712562703331713,0.0,0.0,0.0,0.0,0.0,0.0,0.0,0.0,52.13678555971854,3.7756039620050785,False,True,False,False,True,6.205857771589518,0,0.9881686644283012,0.8564723224376086,False,False,False,False,0.12276029330684346,0.10343992687056902,False,False,False,False,-61276252,-59923325.553946756,False,False,False,False,1428101.4661043454,False,False,False,False
2023-02-27 00:00:00+00:00,19.733510927,20.0895030793,19.695025289,20.0317746222,1075343,,,,,,,,,,,,,,,,,,,,,,#000000,0.0,0.0,0.931796571431494,18.385833813812834,1.4463211762163573,0.0,0.0,0.0,0.0,0.0,0.0,0.0,0.0,52.698207648243695,3.7756039620050785,False,False,False,False,True,6.04417188244302,0,0.9895706245982515,0.874650714320972,False,False,False,False,0.16922946267043432,0.13633469477050167,False,False,False,False,-62351595,-60018551.80673316,False,False,False,False,1414267.80076692,False,False,False,False
2023-02-28 00:00:00+00:00,19.8393464318,20.0759890742,19.7813931316,19.8683230819,1584193,,,,,,,,,,,,,,,,,,,,,,"rgba(38, 166, 154, 0.5)",0.0,0.0,0.9203009998790623,18.40297014955436,1.5607679253139952,0.0,0.0,0.0,0.0,0.0,0.0,0.0,0.0,53.602331529552714,3.7756039620050785,False,False,True,False,True,6.554063398917023,0,0.9954626077194784,0.8571423522193312,False,False,False,False,0.1762551200341181,0.1562949074023099,False,False,False,False,-60767402,-60047918.48097892,False,False,False,False,1420931.534070178,False,False,False,False
2023-03-01 00:00:00+00:00,19.9938885656,20.2595078581,19.5302621641,19.7330987148,1528953,,,,,,,,,,,,,,,,,,,,,,"rgba(38, 166, 154, 0.5)",0.0,0.0,0.8982934378779883,18.418867447909623,1.7533481279914516,0.0,0.0,0.0,0.0,0.0,0.0,0.0,0.0,54.98378353751883,-0.7550248943483737,False,False,True,False,True,7.299971123722813,1,1.0044695844437626,0.8419214528388689,False,False,False,False,0.16973438125091259,0.16301464432661122,False,False,False,False,-59238449,-60016174.57976406,False,False,False,False,1425167.6699889945,False,False,False,False
2023-03-02 00:00:00+00:00,20.2257017664,20.2788256249,19.6171921144,19.7717342482,1045241,,,,,,,,,,,,,,,,,,,,,,"rgba(38, 166, 154, 0.5)",0.0,0.0,0.9093076108307008,18.43055475916298,1.974191116246193,0.0,0.0,0.0,0.0,0.0,0.0,0.0,0.0,57.02541813750477,1.42787382017044,False,False,True,False,True,8.41069749602945,1,1.0175551776448837,0.8345654809032,False,False,False,False,0.17998789355738473,0.17150126894199796,False,False,False,False,-58193208,-59944685.69428312,False,False,False,False,1410268.584891387,False,False,False,False
2023-03-03 00:00:00+00:00,20.4188794337,20.4768327339,20.1967251163,20.4092205503,774964,,,,,,,,,,,,,,,,,,,,,,"rgba(38, 166, 154, 1.0)",0.0,0.0,0.9281923579003309,18.52009298006274,2.0456820587625995,0.0,0.0,0.0,0.0,0.0,0.0,0.0,0.0,59.26777070038531,3.736951091162503,True,False,True,False,True,9.326914461290503,1,1.0476439756399674,0.8235759044617507,False,False,False,False,0.2563274096026689,0.21391433927233344,False,False,False,False,-57418244,-59845609.54940928,False,False,False,False,1385354.679601529,False,False,False,False
2023-03-06 00:00:00+00:00,19.8586641985,20.4092205503,19.8490053151,20.3899027836,1075521,,,,,,,,,,,,,,,,,,,,,,"rgba(38, 166, 154, 0.5)",0.0,0.0,0.9339754002450548,18.521595237184584,1.4315890557338011,0.0,0.0,0.0,0.0,0.0,0.0,0.0,0.0,56.97560890992209,3.736951091162503,False,False,True,False,True,6.027782119851615,1,1.0307940644121083,0.8215187980020661,False,False,False,False,0.21524008189327143,0.21457721058280244,False,False,False,False,-58493765,-59792596.03766774,False,False,False,False,1373204.3392249984,False,False,False,False
2023-03-07 00:00:00+00:00,19.6171921144,19.9842296822,19.5882154643,19.8779819652,943444,,,,,,,,,,,,,,,,,,,,,,"rgba(38, 166, 154, 0.5)",0.0,0.0,0.9372465000465892,18.520431235779647,1.170194691114703,0.0,0.0,0.0,0.0,0.0,0.0,0.0,0.0,54.086865874488254,3.736951091162503,False,False,True,False,False,4.657077627044739,1,1.017753744880421,0.8538801418978822,False,False,False,False,0.14886851932949813,0.18172286495615028,False,False,False,False,-59437209,-59778659.29109253,False,False,False,False,1356350.992588724,False,False,False,False
2023-03-08 00:00:00+00:00,19.820028665,19.9214469404,19.5495799308,19.607533231,1211388,,,,,,,,,,,,,,,,,,,,,,#000000,0.0,0.0,0.9423573694523919,18.5249473710512,1.3742995342641349,0.0,0.0,0.0,0.0,0.0,0.0,0.0,0.0,53.31814911859031,8.885892013293912,False,True,False,False,False,5.662460588136316,1,1.0354465699251278,0.8488015112990321,False,False,False,False,0.13701928358081517,0.15937107426848274,False,False,False,False,-58225821,-59717763.671834,False,False,False,False,1350666.1693499505,False,False,False,False
2023-03-09 00:00:00+00:00,19.1728834796,20.0325240991,19.1342479461,19.9262763821,899015,,,,,,,,,,,,,,,,,,,,,,#000000,0.0,0.0,0.9408297230429618,18.52383591492011,0.6898671978396371,0.0,0.0,0.0,0.0,0.0,0.0,0.0,0.0,49.51357991367951,5.219236347698427,False,True,False,False,False,2.0760500959320645,1,1.0080191021503062,0.8581765977002792,False,False,False,False,0.10778700390091138,0.13357903908469707,False,False,False,False,-59124836,-59694511.606271885,False,False,False,False,1332954.3587872074,False,False,False,False
2023-03-10 00:00:00+00:00,18.6319860111,19.105271296,18.4532966689,19.105271296,801846,,,,,,,,,,,,,,,,,,,,,,"rgba(239, 83, 80, 1.0)",0.0,0.0,0.9393821396130145,18.51369115056263,0.1259283688170867,0.0,0.0,0.0,0.0,0.0,0.0,0.0,0.0,44.893195124755245,0.9211664592085214,False,True,False,True,False,0.0,1,0.972352356102318,0.8985451043152943,False,False,False,False,-0.04486962462370686,0.0443547072304951,False,False,False,False,-59926682,-59703616.32759456,False,False,False,False,1312126.5800112386,False,False,False,False
2023-03-13 00:00:00+00:00,18.3615372769,18.5933504777,18.0331352425,18.3229017435,1155468,,,,,,,,,,,,,,,,,,,,,,"rgba(239, 83, 80, 1.0)",0.0,0.0,0.9362568741437329,18.49515429456205,-0.14271405781052549,0.0,0.0,0.0,0.0,0.0,0.0,0.0,0.0,40.91169983781719,-2.672151410028988,False,True,False,True,False,0.0,0,0.9696508048462826,0.9160688460986344,False,False,False,False,-0.1338516380384121,-0.0447484654039585,False,False,False,False,-61082150,-59757676.471610464,False,False,False,False,1305983.1062853076,False,False,False,False
2023-03-14 00:00:00+00:00,18.7092570781,18.9797058123,18.4291494605,18.7478926115,851147,,,,,,,,,,,,,,,,,,,,,,"rgba(239, 83, 80, 1.0)",0.0,0.0,0.9343600471101252,18.48906929033479,0.23565625311808422,0.0,0.0,0.0,0.0,0.0,0.0,0.0,0.0,40.42232147165601,-3.0294069487222828,False,True,False,True,False,0.0,0,0.9818310113775985,0.8992651078925767,False,False,False,False,-0.05907796990651693,-0.051913217655237716,False,False,False,False,-60231003,-59776238.2962532,False,False,False,False,1288146.3962349033,False,False,False,False
2023-03-15 00:00:00+00:00,17.9365464089,18.1224799136,17.7047332081,18.1007474261,1159974,,,,,,,,,,,,,,,,,,,,,,"rgba(239, 83, 80, 1.0)",0.0,0.0,0.9400730496413128,18.469349374390212,-0.5667676205519399,0.0,0.0,0.0,0.0,0.0,0.0,0.0,0.0,37.57894037622295,-5.725984088783832,False,True,False,True,False,0.0,0,0.9561953871883683,0.9066858163116368,False,False,False,False,-0.21181843520359153,-0.13186582642941463,False,False,False,False,-61390977,-59839561.38267464,False,False,False,False,1283120.027755103,False,False,False,False
2023-03-16 00:00:00+00:00,18.2746073266,18.376025602,17.7143920915,17.7723453917,1118600,,,,,,,,,,,,,,,,,,,,,,"rgba(239, 83, 80, 1.0)",0.0,0.0,0.9420252626113901,18.456128802164198,-0.1926927894279608,0.0,0.0,0.0,0.0,0.0,0.0,0.0,0.0,37.59858317832759,-5.788731515690081,False,True,False,True,False,0.0,0,0.9631030677104467,0.9031237271183796,False,False,False,False,-0.1859075213300693,-0.15888667387974198,False,False,False,False,-60272377,-59856534.54413838,False,False,False,False,1276668.2619607854,False,False,False,False
2023-03-17 00:00:00+00:00,17.7530276249,18.2794367683,17.7047332081,18.1200651928,1132772,,,,,,,,,,,,,,,,,,,,,,"rgba(239, 83, 80, 1.0)",0.0,0.0,0.9455557663473065,18.441430981953772,-0.7280409908694048,0.0,0.0,0.0,0.0,0.0,0.0,0.0,0.0,36.04039274425621,-7.457973886679241,False,True,False,True,False,0.0,0,0.9515144535405544,0.9083168663405818,False,False,False,False,-0.19633540420053092,-0.17761103904013645,False,False,False,False,-61405149,-59917264.52279962,False,False,False,False,1271025.2712956565,False,False,False,False
2023-03-20 00:00:00+00:00,17.9172286421,18.1490418429,17.8592753419,17.9558641756,1118986,,,,,,,,,,,,,,,,,,,,,,"rgba(239, 83, 80, 1.0)",0.0,0.0,0.94798029166094,18.429359106844714,-0.5402332403423912,0.0,0.0,0.0,0.0,0.0,0.0,0.0,0.0,35.93100687199187,-7.815964597144024,False,True,False,True,False,0.0,0,0.9668152895989832,0.9005973523712394,False,False,False,False,-0.25303140123776974,-0.2153212201389531,False,False,False,False,-60286163,-59931731.12974866,False,False,False,False,1265062.946931121,False,False,False,False
2023-03-21 00:00:00+00:00,18.2746073266,18.4291494605,18.1587007263,18.2263129098,681107,,,,,,,,,,,,,,,,,,,,,,"rgba(239, 83, 80, 1.0)",0.0,0.0,0.950085253076023,18.425139389679067,-0.15844058477036535,0.0,0.0,0.0,0.0,0.0,0.0,0.0,0.0,37.79767454201933,-7.815964597144024,False,True,False,True,False,0.0,0,0.9641909819760401,0.9021088485583427,False,False,False,False,-0.24668377284401719,-0.23100249649148513,False,False,False,False,-59605056,-59918920.340346746,False,False,False,False,1242162.7137181358,False,False,False,False
2023-03-22 00:00:00+00:00,17.7530276249,18.3518783936,17.7530276249,18.2939250934,1066878,,,,,,,,,,,,,,,,,,,,,,"rgba(239, 83, 80, 1.0)",0.0,0.0,0.9578689476568446,18.41494674036997,-0.6910330657332284,0.0,0.0,0.0,0.0,0.0,0.0,0.0,0.0,37.28574531388949,-7.815964597144024,False,True,False,True,False,0.0,0,0.9324990848260498,0.9360067005924662,False,False,False,False,-0.30710330337062963,-0.2690528999310574,False,False,False,False,-60671934,-59948450.28778413,False,False,False,False,1235288.803376248,False,False,False,False
2023-03-23 00:00:00+00:00,17.7337098582,18.2359717932,17.5888266077,17.7916631584,893933,,,,,,,,,,,,,,,,,,,,,,"rgba(239, 83, 80, 1.0)",0.0,0.0,0.965636029183619,18.406047047127295,-0.6962635699246955,0.0,0.0,0.0,0.0,0.0,0.0,0.0,0.0,36.882302900271675,-7.815964597144024,False,True,False,True,False,0.0,0,0.9198284126792081,0.931241683099774,False,False,False,False,-0.34282825441539394,-0.30594057717322565,False,False,False,False,-61565867,-60011878.39414554,False,False,False,False,1221902.301283062,False,False,False,False
2023-03-24 00:00:00+00:00,17.8109809251,17.8399575752,17.2411068066,17.5018966574,804706,,,,,,,,,,,,,,,,,,,,,,"rgba(239, 83, 80, 1.0)",0.0,0.0,0.9718029174023161,18.350105312236693,-0.5547672038048637,0.0,0.0,0.0,0.0,0.0,0.0,0.0,0.0,37.08479408737076,-7.815964597144024,False,True,False,True,False,0.0,0,0.8999161601195728,0.9615075251620719,False,False,False,False,-0.34282825441539394,-0.32438441579430977,False,False,False,False,-60761161,-60041262.02574768,False,False,False,False,1205541.6620170595,False,False,False,False
2023-03-27 00:00:00+00:00,17.965523059,18.1683596096,17.8641047836,18.0621118926,753915,,,,,,,,,,,,,,,,,,,,,,"rgba(239, 83, 80, 1.0)",0.0,0.0,0.9755174453012796,18.353596532347016,-0.3978129506716962,0.0,0.0,0.0,0.0,0.0,0.0,0.0,0.0,38.18695806921109,-7.815964597144024,False,True,False,True,False,0.0,0,0.9195599677257411,0.952709192056524,False,False,False,False,-0.2367934012115831,-0.28058890850294643,False,False,False,False,-60007246,-60039928.06395366,False,False,False,False,1187830.8125261944,False,False,False,False
2023-03-28 00:00:00+00:00,18.0234763591,18.1345535178,17.873763667,17.9268875255,1039412,,,,,,,,,,,,,,,,,,,,,,"rgba(239, 83, 80, 0.75)",0.0,0.0,0.9772196651475374,18.35069331605307,-0.3348448344044233,0.0,0.0,0.0,0.0,0.0,0.0,0.0,0.0,39.295026026126116,-7.815964597144024,False,True,False,True,True,0.0,0,0.9225164710853314,0.9541691772649092,False,False,False,False,-0.2394119339537098,-0.2600004212283281,False,False,False,False,-58967834,-59997885.15948489,False,False,False,False,1182010.4669369317,False,False,False,False
2023-03-29 00:00:00+00:00,18.1973362597,18.2939250934,18.0331352425,18.2939250934,1107363,,,,,,,,,,,,,,,,,,,,,,"rgba(239, 83, 80, 0.75)",0.0,0.0,0.9771174620098005,18.349834714675467,-0.15606972641937994,0.0,0.0,0.0,0.0,0.0,0.0,0.0,0.0,41.171895431788855,-7.815964597144024,False,True,False,True,True,0.0,0,0.9233494586516949,0.9466680398489115,False,False,False,False,-0.20509140017094177,-0.23254591069963493,False,False,False,False,-57860471,-59914064.99636784,False,False,False,False,1179083.115292346,False,False,False,False
2023-03-30 00:00:00+00:00,18.1683596096,18.4001728104,18.0910885427,18.3711961603,838707,,,,,,,,,,,,,,,,,,,,,,"rgba(239, 83, 80, 0.75)",0.0,0.0,0.9766760250415724,18.348806554864115,-0.18475619410892677,0.0,0.0,0.0,0.0,0.0,0.0,0.0,0.0,42.26456419536687,-12.069026368265135,False,True,False,True,True,0.0,0,0.9263110185322043,0.9498622553783018,False,False,False,False,-0.18760015971989205,-0.2100730352097635,False,False,False,False,-58699178,-59866422.369059294,False,False,False,False,1165735.032339705,False,False,False,False
2023-03-31 00:00:00+00:00,18.6513037779,18.6609626612,18.2166540264,18.3035839767,1127186,,,,,,,,,,,,,,,,,,,,,,#000000,0.0,0.0,0.973736927367473,18.35258118785074,0.30677956402132966,0.0,0.0,0.0,0.0,0.0,0.0,0.0,0.0,46.00337531779965,-8.429695634197934,False,True,False,False,True,0.27482436694294776,0,0.9402610320486515,0.927288305987164,False,False,False,False,-0.14686864837612157,-0.17847084179294254,False,False,False,False,-57571992,-59776444.707527556,False,False,False,False,1164223.3055812852,False,False,False,False
2023-04-03 00:00:00+00:00,18.1973362597,18.7285748448,17.994499709,18.5933504777,1295164,,,,,,,,,,,,,,,,,,,,,,#000000,0.0,0.0,0.9745445631594111,18.344760024551174,-0.1512745239409449,0.0,0.0,0.0,0.0,0.0,0.0,0.0,0.0,45.93040930372858,-8.429695634197934,False,True,False,False,True,0.0,1,0.9258424802283691,0.9386104550105547,False,False,False,False,-0.16309588064114863,-0.17078336121704557,False,False,False,False,-58867156,-59740786.3268402,False,False,False,False,1169358.234774176,False,False,False,False
2023-04-04 00:00:00+00:00,17.5501910743,18.2166540264,17.4294550322,18.1587007263,1434424,,,,,,,,,,,,,,,,,,,,,,"rgba(239, 83, 80, 1.0)",0.0,0.0,0.9829994603893402,18.31524350264136,-0.7782836707136568,0.0,0.0,0.0,0.0,0.0,0.0,0.0,0.0,43.07187278402841,-8.429695634197934,False,True,False,True,False,0.0,1,0.8908817072595614,0.9749988232770262,False,False,False,False,-0.2791011239929425,-0.22494224260499404,False,False,False,False,-60301580,-59762778.23559157,False,False,False,False,1179752.9706653848,False,False,False,False
2023-04-05 00:00:00+00:00,17.5984854911,17.6564387913,17.2990601068,17.3859900571,2142700,,,,,,,,,,,,,,,,,,,,,,"rgba(239, 83, 80, 1.0)",0.0,0.0,0.9847385795763703,18.280018009842415,-0.6920948695191844,0.0,0.0,0.0,0.0,0.0,0.0,0.0,0.0,41.47709005948323,-3.9882486672562365,False,True,False,True,False,0.0,1,0.8785089572507003,0.9936783220626808,False,False,False,False,-0.34282825441539394,-0.283885248510194,False,False,False,False,-58158880,-59699880.26556837,False,False,False,False,1217515.5992667421,False,False,False,False
2023-04-06 00:00:00+00:00,17.6371210245,17.6516093496,17.2894012234,17.5115555408,1207292,,,,,,,,,,,,,,,,,,,,,,"rgba(239, 83, 80, 1.0)",0.0,0.0,0.9853053975259296,18.265306063561464,-0.6375536363028318,0.0,0.0,0.0,0.0,0.0,0.0,0.0,0.0,40.67994150607353,-4.798763582355633,False,True,False,True,False,0.0,1,0.8925092318112456,0.9922626554694853,False,False,False,False,-0.34282825441539394,-0.31335675146279396,False,False,False,False,-56951588,-59592104.09829118,False,False,False,False,1217114.6738053013,False,False,False,False
2023-04-10 00:00:00+00:00,17.5308733075,17.6371210245,17.3232073152,17.4439433572,865683,,,,,,,,,,,,,,,,,,,,,,"rgba(239, 83, 80, 1.0)",0.0,0.0,0.9832519518517708,18.255374294408945,-0.7368416462784382,0.0,0.0,0.0,0.0,0.0,0.0,0.0,0.0,39.657996732668934,-5.870420012249113,False,True,False,True,False,0.0,1,0.8953064577675691,0.9951730781673391,False,False,False,False,-0.3406546944909798,-0.3270057229768869,False,False,False,False,-57817271,-59522502.80031898,False,False,False,False,1203333.0395384268,False,False,False,False
2023-04-11 00:00:00+00:00,17.888251992,17.9751819423,17.675756558,17.675756558,666558,,,,,,,,,,,,,,,,,,,,,,"rgba(239, 83, 80, 1.0)",0.0,0.0,0.975617236217777,18.252507072868138,-0.37335859530348453,0.0,0.0,0.0,0.0,0.0,0.0,0.0,0.0,41.519324436798236,-5.870420012249113,False,True,False,True,False,0.0,1,0.8917572859408546,0.9845162925326123,False,False,False,False,-0.26478908490013414,-0.2958974039385105,False,False,False,False,-57150713,-59429491.435600586,False,False,False,False,1182283.0379879004,False,False,False,False
2023-04-12 00:00:00+00:00,17.6274621412,18.1490418429,17.6033149328,18.1200651928,940134,,,,,,,,,,,,,,,,,,,,,,"rgba(239, 83, 80, 1.0)",0.0,0.0,0.9757522990445259,18.247595999558943,-0.6355443476445715,0.0,0.0,0.0,0.0,0.0,0.0,0.0,0.0,41.412388932060175,-5.870420012249113,False,True,False,True,False,0.0,1,0.8905969973127379,0.9756865901794702,False,False,False,False,-0.25391326529117714,-0.2749053346148438,False,False,False,False,-58090847,-59376995.57538095,False,False,False,False,1172786.9972824927,False,False,False,False
2023-04-13 00:00:00+00:00,17.994499709,18.0234763591,17.569508841,17.6371210245,615221,,,,,,,,,,,,,,,,,,,,,,"rgba(239, 83, 80, 0.75)",0.0,0.0,0.9665899705236451,18.24515597284421,-0.25932015796565533,0.0,0.0,0.0,0.0,0.0,0.0,0.0,0.0,43.72347290169826,-5.870420012249113,False,True,False,True,True,0.0,1,0.8889335751239694,0.9937739799610968,False,False,False,False,-0.2710312797848762,-0.27296830719986,False,False,False,False,-57475626,-59302432.062620915,False,False,False,False,1150921.6640557281,False,False,False,False
2023-04-14 00:00:00+00:00,17.782004275,18.1587007263,17.5646793993,17.9075697588,1462886,,,,,,,,,,,,,,,,,,,,,,"rgba(239, 83, 80, 0.75)",0.0,0.0,0.964561198318837,18.238778058613896,-0.47355604228121795,0.0,0.0,0.0,0.0,0.0,0.0,0.0,0.0,44.106401223876674,-5.870420012249113,False,True,False,True,True,0.0,1,0.873257652491184,1.010042716856204,False,False,False,False,-0.2570145408689768,-0.2649914240344184,False,False,False,False,-58938512,-59288160.68761618,False,False,False,False,1163155.5595829545,False,False,False,False
2023-04-17 00:00:00+00:00,17.8592753419,17.9075697588,17.675756558,17.7337098582,728116,,,,,,,,,,,,,,,,,,,,,,"rgba(239, 83, 80, 0.75)",0.0,0.0,0.9626681195278932,18.2354476337467,-0.39076010123943916,0.0,0.0,0.0,0.0,0.0,0.0,0.0,0.0,44.87502019596522,-9.249398190616752,False,True,False,True,True,0.0,1,0.8552233817043084,1.050067650555895,False,False,False,False,-0.2720736409040163,-0.2685325324692174,False,False,False,False,-58210396,-59245895.405748874,False,False,False,False,1146095.1846973486,False,False,False,False
2023-04-18 00:00:00+00:00,17.8302986918,18.0427941259,17.7626865083,17.994499709,631008,,,,,,,,,,,,,,,,,,,,,,"rgba(239, 83, 80, 0.75)",0.0,0.0,0.9507885926737908,18.233202307973905,-0.423757309751547,0.0,0.0,0.0,0.0,0.0,0.0,0.0,0.0,45.21119055491587,-8.743174962324588,False,True,False,True,True,0.0,1,0.8518538738725389,1.042341787232742,False,False,False,False,-0.23468765613520387,-0.2516100943022106,False,False,False,False,-58841404,-59230032.99768029,False,False,False,False,1125895.6872582368,False,False,False,False
2023-04-19 00:00:00+00:00,17.8496164586,17.8592753419,17.6156783035,17.7240509748,838717,,,,,,,,,,,,,,,,,,,,,,"rgba(239, 83, 80, 0.75)",0.0,0.0,0.9459510819688511,18.229029955411303,-0.4010920903241763,0.0,0.0,0.0,0.0,0.0,0.0,0.0,0.0,45.5847538907066,-8.17280614755036,False,True,False,True,True,0.0,1,0.8707106284076541,1.0442041423806294,False,False,False,False,-0.2752746363427744,-0.2634423653224925,False,False,False,False,-58002687,-59181901.78208499,False,False,False,False,1114633.7779539924,False,False,False,False
2023-04-20 00:00:00+00:00,17.7433687416,17.8254692502,17.5598499576,17.7530276249,757963,,,,,,,,,,,,,,,,,,,,,,"rgba(239, 83, 80, 0.75)",0.0,0.0,0.9418904126142701,18.22468677603178,-0.5110127759936048,0.0,0.0,0.0,0.0,0.0,0.0,0.0,0.0,45.09663799001602,-8.17280614755036,False,True,False,True,True,0.0,1,0.8751668416932226,1.032760383937084,False,False,False,False,-0.2864301579356626,-0.2749362616290776,False,False,False,False,-58760650,-59165382.10435617,False,False,False,False,1100646.6886224633,False,False,False,False
2023-04-21 00:00:00+00:00,17.6178032578,17.7337098582,17.3908194987,17.6854154414,650020,,,,,,,,,,,,,,,,,,,,,,"rgba(239, 83, 80, 0.75)",0.0,0.0,0.9383422778364106,18.219952747900066,-0.6417162525048732,0.0,0.0,0.0,0.0,0.0,0.0,0.0,0.0,43.91197962233126,-8.17280614755036,False,True,False,True,True,0.0,1,0.869278585545411,1.0329971886737639,False,False,False,False,-0.3192969754890202,-0.2971166185590489,False,False,False,False,-59410670,-59175001.237518676,False,False,False,False,1082975.0537745235,False,False,False,False
2023-04-24 00:00:00+00:00,17.6467799079,17.7530276249,17.4922377741,17.6950743247,827879,,,,,,,,,,,,,,,,,,,,,,"rgba(239, 83, 80, 1.0)",0.0,0.0,0.9357721760551305,18.214652713904236,-0.6068494239678904,0.0,0.0,0.0,0.0,0.0,0.0,0.0,0.0,43.40697774497827,-8.17280614755036,False,True,False,True,False,0.0,1,0.8884775001336167,1.0323900833802613,False,False,False,False,-0.30400179058553406,-0.30055920457229146,False,False,False,False,-58582791,-59151777.306635596,False,False,False,False,1072971.2869598363,False,False,False,False
2023-04-25 00:00:00+00:00,17.0189524892,17.4970672157,16.9706580724,17.4149667071,1144664,,,,,,,,,,,,,,,,,,,,,,"rgba(239, 83, 80, 1.0)",0.0,0.0,0.9404701735121261,18.20094905479527,-1.256814515638682,0.0,0.0,0.0,0.0,0.0,0.0,0.0,0.0,39.419520872437076,-7.1744325123146595,False,True,False,True,False,0.0,1,0.8799994437679506,1.0073282622924051,False,False,False,False,-0.34282825441539394,-0.3216937294938427,False,False,False,False,-59727455,-59174352.90245381,False,False,False,False,1075782.765902588,False,False,False,False
2023-04-26 00:00:00+00:00,16.9996347225,17.1058824395,16.8933870054,16.9513403056,1233395,,,,,,,,,,,,,,,,,,,,,,"rgba(239, 83, 80, 1.0)",0.0,0.0,0.9566128752365122,18.184618320984846,-1.2387284649413384,0.0,0.0,0.0,0.0,0.0,0.0,0.0,0.0,36.67036593352815,-9.693517376426868,False,True,False,True,False,0.0,0,0.8747205625802761,1.0287703264703707,False,False,False,False,-0.34282825441539394,-0.33226099195461833,False,False,False,False,-60960850,-59244411.61216151,True,False,False,False,1081963.6378279766,False,False,False,False
2023-04-27 00:00:00+00:00,17.3087189901,17.3183778735,16.4973727875,16.748503755,1472847,,,,,,,,,,,,,,,,,,,,,,"rgba(239, 83, 80, 1.0)",0.0,0.0,0.9708973636496074,18.10708497512303,-0.8222969954537395,0.0,0.0,0.0,0.0,0.0,0.0,0.0,0.0,37.874267853404646,-9.693517376426868,False,True,False,True,False,0.0,1,0.8489078704440148,1.0290072543886037,True,False,False,False,-0.34282825441539394,-0.3375446231850061,False,False,False,False,-59488003,-59253964.21560616,False,False,False,False,1097292.3971288402,False,False,False,False
2023-04-28 00:00:00+00:00,17.5308733075,17.7337098582,17.3280367569,17.3763311737,1139818,,,,,,,,,,,,,,,,,,,,,,"rgba(239, 83, 80, 0.75)",0.0,0.0,0.9800302447841179,18.11121531545558,-0.5921674469173358,0.0,0.0,0.0,0.0,0.0,0.0,0.0,0.0,40.56262301902258,-13.461674699892193,False,True,False,True,True,0.0,1,0.88017367394272,1.0197976868372165,False,False,False,False,-0.21325975759964358,-0.27540219039232483,False,False,False,False,-58348185,-59218443.46205298,False,False,False,False,1098960.0678296702,False,False,False,False
2023-05-01 00:00:00+00:00,17.782004275,17.8302986918,17.583997166,17.6467799079,1262920,,,,,,,,,,,,,,,,,,,,,,"rgba(239, 83, 80, 0.5)",0.0,0.0,0.9865177560645274,18.114709368758103,-0.33725200759219,0.0,0.0,0.0,0.0,0.0,0.0,0.0,0.0,44.25390959288059,-10.125298337909946,False,False,False,True,True,0.0,1,0.884832075860598,1.0110629779194185,False,False,False,False,-0.17801169050216017,-0.2267069404472425,False,False,False,False,-57085265,-59134789.40471757,False,False,False,False,1105389.8690912516,False,False,False,False
2023-05-02 00:00:00+00:00,17.3666722903,17.6854154414,17.0286113725,17.5405321909,1537222,,,,,,,,,,,,,,,,,,,,,,"rgba(239, 83, 80, 0.5)",0.0,0.0,0.9993522378301779,18.103031868307895,-0.736836873059594,0.0,0.0,0.0,0.0,0.0,0.0,0.0,0.0,43.94574966623242,-10.125298337909946,False,False,False,True,True,0.0,1,0.868353230092979,1.002402771916239,False,False,False,False,-0.24854377121974097,-0.23762535583349173,False,False,False,False,-58622487,-59114699.11433649,False,False,False,False,1122324.4624602222,False,False,False,False
2023-05-03 00:00:00+00:00,17.5308733075,17.8399575752,17.4004783821,17.5018966574,1757017,,,,,,,,,,,,,,,,,,,,,,"rgba(239, 83, 80, 0.5)",0.0,0.0,1.0088759628423902,18.09752969656865,-0.5616710179833831,0.0,0.0,0.0,0.0,0.0,0.0,0.0,0.0,44.97549289067213,-9.618716900839019,False,False,False,True,True,0.0,1,0.9048785152932763,0.9892070221428632,False,False,False,False,-0.19533434820288445,-0.2164798520181881,False,False,False,False,-56865470,-59026494.051029176,False,False,False,False,1147214.3658931549,False,False,False,False
2023-05-04 00:00:00+00:00,17.0286113725,17.5405321909,17.0141230475,17.4439433572,989295,,,,,,,,,,,,,,,,,,,,,,"rgba(239, 83, 80, 0.75)",0.0,0.0,1.0274754714300145,18.087920800933855,-1.030982692909969,0.0,0.0,0.0,0.0,0.0,0.0,0.0,0.0,42.8346453027355,-9.618716900839019,False,True,False,True,True,0.0,1,0.9038500068755247,1.0213837905436265,False,False,False,False,-0.2649154324144551,-0.2406976422163216,False,False,False,False,-57854765,-58980543.89216529,False,False,False,False,1141021.4495836194,False,False,False,False
2023-05-05 00:00:00+00:00,17.5115555408,17.5888266077,17.357013407,17.3763311737,769583,,,,,,,,,,,,,,,,,,,,,,"rgba(239, 83, 80, 0.5)",0.0,0.0,1.03648086355107,18.084249478545065,-0.5525369139792582,0.0,0.0,0.0,0.0,0.0,0.0,0.0,0.0,44.68837838623875,-9.618716900839019,False,False,False,True,True,0.0,1,0.8599934264393906,1.026460181054617,False,False,False,False,-0.22495896290174291,-0.23282830255903225,False,False,False,False,-57085182,-58906215.97482548,False,False,False,False,1126455.235874458,False,False,False,False
2023-05-08 00:00:00+00:00,17.5212144242,17.6564387913,17.4246255905,17.5888266077,637272,,,,,,,,,,,,,,,,,,,,,,"rgba(239, 83, 80, 0.5)",0.0,0.0,1.0449763407285224,18.08168242468323,-0.5363451579128482,0.0,0.0,0.0,0.0,0.0,0.0,0.0,0.0,45.98460644478184,-8.833897323029504,False,False,False,True,True,0.0,1,0.8580963401868421,1.009575237726669,False,False,False,False,-0.21131555122878776,-0.22207192689391,False,False,False,False,-56447910,-58809811.81894997,False,False,False,False,1107271.5795656557,False,False,False,False
2023-05-09 00:00:00+00:00,17.1831535064,17.3859900571,17.1493474146,17.3859900571,928723,,,,,,,,,,,,,,,,,,,,,,"rgba(239, 83, 80, 0.5)",0.0,0.0,1.058058303591398,18.074093797713036,-0.8420521707441754,0.0,0.0,0.0,0.0,0.0,0.0,0.0,0.0,44.92027939440813,-8.833897323029504,False,False,False,True,True,0.0,1,0.8337335559125113,1.024348721709391,False,False,False,False,-0.26690917528789676,-0.2444905510909034,False,False,False,False,-57376633,-58753608.72801075,False,False,False,False,1100269.6744846497,False,False,False,False
2023-05-10 00:00:00+00:00,17.1155413228,17.477749449,16.960999189,17.4246255905,793304,,,,,,,,,,,,,,,,,,,,,,"rgba(239, 83, 80, 0.5)",0.0,0.0,1.0683051845626148,18.067269730860367,-0.8908768971761801,0.0,0.0,0.0,0.0,0.0,0.0,0.0,0.0,43.8465342971703,-8.833897323029504,False,False,False,True,True,0.0,1,0.825705798428215,1.0218480083937016,False,False,False,False,-0.2769094011194329,-0.26069997610516815,False,False,False,False,-58169937,-58730719.640637785,False,False,False,False,1088231.8048970164,False,False,False,False
2023-05-11 00:00:00+00:00,17.173494623,17.2362773649,16.9320225389,16.960999189,1301497,,,,,,,,,,,,,,,,,,,,,,"rgba(239, 83, 80, 0.5)",0.0,0.0,1.0765137566761758,18.0553853258421,-0.819209877600644,0.0,0.0,0.0,0.0,0.0,0.0,0.0,0.0,43.587544195961385,-8.833897323029504,False,False,False,True,True,0.0,1,0.8318193418589455,1.0397771680933516,False,False,False,False,-0.3052069484210412,-0.2829534622631047,False,False,False,False,-56868440,-58657689.06649513,False,False,False,False,1096595.1458814472,False,False,False,False
2023-05-12 00:00:00+00:00,17.0382702559,17.2604245733,16.9851463974,17.2024712731,1260901,,,,,,,,,,,,,,,,,,,,,,"rgba(239, 83, 80, 0.5)",0.0,0.0,1.090096205370905,18.044180938780716,-0.9227723919454032,0.0,0.0,0.0,0.0,0.0,0.0,0.0,0.0,42.597954396164276,-8.833897323029504,False,False,False,True,False,0.0,1,0.8276749387954911,1.0402193117450835,False,False,False,False,-0.29707526436385917,-0.29001436331348196,False,False,False,False,-58129341,-58636969.534475714,False,False,False,False,1103038.5127096258,False,False,False,False
2023-05-15 00:00:00+00:00,17.1638357397,17.2507656899,17.0286113725,17.1348590896,1173663,,,,,,,,,,,,,,,,,,,,,,"rgba(239, 83, 80, 0.5)",0.0,0.0,1.097580801251069,18.034976946839926,-0.7936920964242093,0.0,0.0,0.0,0.0,0.0,0.0,0.0,0.0,43.025493038584244,-8.833897323029504,False,False,False,True,False,0.0,1,0.8047097151426842,1.0490510699773272,False,False,False,False,-0.2904008895176596,-0.29020762641557074,False,False,False,False,-56955678,-58571036.533123724,False,False,False,False,1105808.1004465031,False,False,False,False
2023-05-16 00:00:00+00:00,17.1252002062,17.1976418314,16.9320225389,17.0865646727,924647,,,,,,,,,,,,,,,,,,,,,,"rgba(239, 83, 80, 0.5)",0.0,0.0,1.1040147177909458,17.97822947955172,-0.7726611426508635,0.0,0.0,0.0,0.0,0.0,0.0,0.0,0.0,43.043545506720065,-8.833897323029504,False,False,False,True,False,0.0,1,0.8132885088484271,1.0494811169290337,False,False,False,False,-0.30295013980039365,-0.2965788831079822,False,False,False,False,-57880325,-58543949.806334555,False,False,False,False,1098703.7435662483,False,False,False,False
2023-05-17 00:00:00+00:00,17.463261124,17.5357027492,17.1348590896,17.173494623,1504086,,,,,,,,,,,,,,,,,,,,,,"rgba(239, 83, 80, 0.5)",0.0,0.0,1.107298654789983,17.980385848228913,-0.4670146775595922,0.0,0.0,0.0,0.0,0.0,0.0,0.0,0.0,45.890726528533584,-8.065605760035389,True,False,False,True,True,0.0,1,0.8327315644761794,1.016552070129057,False,False,False,False,-0.2344419525468726,-0.2655104178274274,False,False,False,False,-56376239,-58458941.53941947,False,False,False,False,1114601.0869558074,False,False,False,False
2023-05-18 00:00:00+00:00,17.9462052922,17.9606936173,17.3328661985,17.4149667071,1399736,,,,,,,,,,,,,,,,,,,,,,#000000,0.0,0.0,1.0993642363720755,17.98836925449441,-0.038353041602983036,0.0,0.0,0.0,0.0,0.0,0.0,0.0,0.0,50.85772898793416,-3.3698395665888583,True,False,False,False,True,0.0,1,0.8445013058080619,0.9958303162363817,False,False,False,False,-0.14881453105442194,-0.20716247444092467,False,False,False,False,-54976503,-58322375.322187334,False,False,False,False,1125782.8482516583,False,False,False,False
2023-05-19 00:00:00+00:00,17.7916631584,18.2359717932,17.6805859997,18.1587007263,1010133,,,,,,,,,,,,,,,,,,,,,,"rgba(38, 166, 154, 1.0)",0.0,0.0,1.0823504523928786,17.9941150113412,-0.18704833771133747,0.0,0.0,0.0,0.0,0.0,0.0,0.0,0.0,52.897759658381645,-1.5707375101877759,True,False,True,False,True,0.0,1,0.8748307687096054,0.9887523114430993,False,False,False,False,0.04047367887210558,-0.08334439778440955,False,False,False,False,-55986636,-58230777.701709405,False,False,False,False,1121247.5600849267,False,False,False,False
2023-05-22 00:00:00+00:00,17.9172286421,18.0427941259,17.8109809251,17.8399575752,997414,,,,,,,,,,,,,,,,,,,,,,"rgba(38, 166, 154, 1.0)",0.0,0.0,1.042017311497427,17.998390260670366,-0.07788893492924154,0.0,0.0,0.0,0.0,0.0,0.0,0.0,0.0,55.01919280276124,0.3307229226437798,True,False,True,False,True,0.0,1,0.9072326911436921,0.9586179882160811,False,False,False,False,0.04438393939887792,-0.019480229192765815,False,False,False,False,-54989222,-58103657.87026983,False,False,False,False,1116391.3420423805,False,False,False,False
2023-05-23 00:00:00+00:00,17.6371210245,18.086259101,17.6274621412,17.9075697588,826084,,,,,,,,,,,,,,,,,,,,,,"rgba(38, 166, 154, 1.0)",0.0,0.0,1.004810805907839,17.99905636742877,-0.3602024787161447,0.0,0.0,0.0,0.0,0.0,0.0,0.0,0.0,54.15647858428048,0.3307229226437798,True,False,True,False,True,0.0,1,0.9187403590113737,0.9356915227172073,False,False,False,False,0.01863116830032694,-0.0004245304462194375,False,False,False,False,-55815306,-58013918.58123964,False,False,False,False,1105006.7403936596,False,False,False,False
2023-05-24 00:00:00+00:00,17.2604245733,17.5405321909,17.2024712731,17.5212144242,1268997,,,,,,,,,,,,,,,,,,,,,,#000000,0.0,0.0,0.9853597923153284,17.99041835138269,-0.7408398270112104,0.0,0.0,0.0,0.0,0.0,0.0,0.0,0.0,51.035343818600424,0.3307229226437798,True,False,False,False,False,0.0,1,0.8881754331881395,0.9751144946818852,False,False,False,False,-0.13086821756969716,-0.0656463740079583,False,False,False,False,-57084303,-57977463.06824985,False,False,False,False,1111437.7309664574,False,False,False,False
2023-05-25 00:00:00+00:00,17.675756558,17.7433687416,17.2604245733,17.2990601068,2170191,,,,,,,,,,,,,,,,,,,,,,#000000,0.0,0.0,0.9621828162805937,17.984384549150416,-0.3207581614723139,0.0,0.0,0.0,0.0,0.0,0.0,0.0,0.0,51.71771124834251,0.3307229226437798,True,False,False,False,False,0.0,1,0.9197540582011909,0.9530987615410444,False,False,False,False,-0.07404672318086432,-0.0698465485944113,False,False,False,False,-54914112,-57857331.65380868,False,False,False,False,1152957.4670069884,False,False,False,False
2023-05-26 00:00:00+00:00,18.0331352425,18.2359717932,17.7481981832,17.7626865083,2077342,,,,,,,,,,,,,,,,,,,,,,"rgba(38, 166, 154, 0.75)",0.0,0.0,0.944895200601634,17.990903466122447,0.04469466703890747,0.0,0.0,0.0,0.0,0.0,0.0,0.0,0.0,54.1186842237032,0.3307229226437798,True,False,True,False,False,0.08131693104041204,0,0.937835534335963,0.9391535088819934,False,False,False,False,0.13828804839569175,0.034220749900640224,False,False,False,False,-52836770,-57660446.883071095,False,False,False,False,1189207.8408498515,False,False,False,False
2023-05-30 00:00:00+00:00,17.7433687416,18.1973362597,17.6902448831,18.0814296593,1789547,,,,,,,,,,,,,,,,,,,,,,"rgba(38, 166, 154, 0.75)",0.0,0.0,0.9362736957144236,17.992459548533592,-0.2660448628149508,0.0,0.0,0.0,0.0,0.0,0.0,0.0,0.0,53.757357578945985,0.3307229226437798,True,False,True,False,False,0.0,0,0.9354403715721483,0.9363217316902559,False,False,False,False,0.1171257015889262,0.07567322574478322,False,False,False,False,-54626317,-57541461.39746047,False,False,False,False,1212750.5529733866,False,False,False,False
2023-05-31 00:00:00+00:00,17.3956489404,17.7449201963,17.1725034158,17.5799865477,2149948,,,,,,,,,,,,,,,,,,,,,,#000000,0.0,0.0,0.934690702036387,17.982818036528418,-0.6281961453656981,0.0,0.0,0.0,0.0,0.0,0.0,0.0,0.0,51.45695056244821,0.3307229226437798,True,False,False,False,False,0.0,1,0.9103369951707964,0.9562136138744922,False,False,False,False,-0.0927945253007138,-0.008560649777965293,False,False,False,False,-56776265,-57511453.69559928,False,False,False,False,1249503.394033254,False,False,False,False
2023-06-01 00:00:00+00:00,17.5993905064,17.8419399896,17.2501192505,17.3568410231,3059639,,,,,,,,,,,,,,,,,,,,,,#000000,0.0,0.0,0.9259000473853745,17.974361626434266,-0.4049801283552569,0.0,0.0,0.0,0.0,0.0,0.0,0.0,0.0,51.16059860516165,0.3307229226437798,True,False,False,False,False,0.0,1,0.9115467938843004,0.9746465837664384,False,False,False,False,-0.054940756347960945,-0.03175070306296312,False,False,False,False,-53716626,-57362636.92322284,False,False,False,False,1320489.1040711657,False,False,False,False
2023-06-02 00:00:00+00:00,18.5016745841,18.5113765635,17.8322380103,17.8322380103,2077871,,,,,,,,,,,,,,,,,,,,,,"rgba(38, 166, 154, 1.0)",0.0,0.0,0.9128681126124532,17.98407884206003,0.5669994765823434,0.0,0.0,0.0,0.0,0.0,0.0,0.0,0.0,55.14603959183901,0.3307229226437798,True,False,True,False,True,2.7589091906897885,0,0.9463501189867369,0.9314397750680672,False,False,False,False,0.21829587855820032,0.0932725877476186,False,False,False,False,-51638755,-57138170.9654494,False,False,False,False,1350190.3548919042,False,False,False,False
2023-06-05 00:00:00+00:00,18.2106152042,18.5889923981,17.938959783,18.4919726048,1487600,,,,,,,,,,,,,,,,,,,,,,"rgba(38, 166, 154, 1.0)",0.0,0.0,0.8922099466612068,17.989858714123542,0.24742661847983616,0.0,0.0,0.0,0.0,0.0,0.0,0.0,0.0,56.06440766977708,0.9282193477871488,True,False,True,False,True,1.1230860486459235,0,0.9584031291166419,0.9228439303335803,False,False,False,False,0.26035558135508674,0.17681408455135267,False,False,False,False,-53126355,-56980844.849157274,False,False,False,False,1355578.968425555,False,False,False,False
2023-06-06 00:00:00+00:00,18.4434627082,18.5210785428,18.0165756176,18.0456815556,1205653,,,,,,,,,,,,,,,,,,,,,,"rgba(38, 166, 154, 1.0)",0.0,0.0,0.8786316917763412,17.995164868596166,0.5102227062826545,0.0,0.0,0.0,0.0,0.0,0.0,0.0,0.0,57.627955172797996,2.491140024638341,True,False,True,False,True,2.370366038777025,0,0.9772193916599529,0.9078690131971073,False,False,False,False,0.2625931590869648,0.21970362181915873,False,False,False,False,-51920702,-56782407.87468052,False,False,False,False,1349699.5186833763,False,False,False,False
2023-06-07 00:00:00+00:00,18.6472042741,18.6666082328,18.3852508322,18.5016745841,1248039,,,,,,,,,,,,,,,,,,,,,,"rgba(38, 166, 154, 1.0)",0.0,0.0,0.8686116410826726,18.003163301283283,0.741460213466584,0.0,0.0,0.0,0.0,0.0,0.0,0.0,0.0,59.4715955106723,4.323397681409695,True,False,True,False,True,3.4489481409847365,0,0.9681275493430038,0.9159647642167661,False,False,False,False,0.3428282086408113,0.281265915229985,False,False,False,False,-50672663,-56542810.036457755,False,False,False,False,1345712.8316761851,False,False,False,False
2023-06-08 00:00:00+00:00,18.2009132249,18.6326513051,18.0747874936,18.5695884395,1303413,,,,,,,,,,,,,,,,,,,,,,"rgba(38, 166, 154, 1.0)",0.0,0.0,0.8653788729991478,18.007925695934254,0.2230092910598877,0.0,0.0,0.0,0.0,0.0,0.0,0.0,0.0,57.99313157040045,4.323397681409695,True,False,True,False,True,0.928618689113673,0,0.9537785312986201,0.9164855161691144,False,False,False,False,0.26584663666244235,0.2735562759462137,False,False,False,False,-51976076,-56363722.4271849,False,False,False,False,1344054.0147477072,False,False,False,False
2023-06-09 00:00:00+00:00,17.9486617623,18.1815092662,17.8322380103,18.1718072869,1704323,,,,,,,,,,,,,,,,,,,,,,"rgba(38, 166, 154, 0.75)",0.0,0.0,0.8476936215680951,18.008961723232396,-0.07113414492945247,0.0,0.0,0.0,0.0,0.0,0.0,0.0,0.0,55.64919958704556,4.323397681409695,True,False,True,False,False,0.0,0,0.9358670916865022,0.9432771333811966,False,False,False,False,0.11883469554614629,0.19619548574617998,False,False,False,False,-53680399,-56258494.05749138,False,False,False,False,1358182.2102477972,False,False,False,False
2023-06-12 00:00:00+00:00,18.2203171835,18.2639760905,17.8904498863,18.0456815556,1271943,,,,,,,,,,,,,,,,,,,,,,"rgba(38, 166, 154, 0.75)",0.0,0.0,0.8226670818398913,18.0111832932729,0.25421448705516875,0.0,0.0,0.0,0.0,0.0,0.0,0.0,0.0,55.404674882540746,4.323397681409695,True,False,True,False,False,1.0261531429111592,1,0.9360597454932342,0.9444807730845992,False,False,False,False,0.14804180261071762,0.1721186441784488,False,False,False,False,-52408456,-56107512.172883876,False,False,False,False,1354800.2804341582,False,False,False,False
2023-06-13 00:00:00+00:00,18.5113765635,18.5598864601,18.2591251009,18.3658468735,1470095,,,,,,,,,,,,,,,,,,,,,,"rgba(38, 166, 154, 0.75)",0.0,0.0,0.7999128614660875,18.017613185190548,0.6172714580491663,0.0,0.0,0.0,0.0,0.0,0.0,0.0,0.0,56.545913018262866,4.323397681409695,True,False,True,False,False,2.578024353522821,1,0.9467839833581133,0.9429733392145005,False,False,False,False,0.290408794559404,0.2312637193689264,False,False,False,False,-50938361,-55904800.36218255,False,False,False,False,1359321.6419857598,False,False,False,False
2023-06-14 00:00:00+00:00,18.3658468735,18.5986943775,18.2251681732,18.5986943775,1279606,,,,,,,,,,,,,,,,,,,,,,"rgba(38, 166, 154, 0.75)",0.0,0.0,0.7759347562795067,18.022444916125583,0.44256550514759774,0.0,0.0,0.0,0.0,0.0,0.0,0.0,0.0,56.41336037952475,4.323397681409695,True,False,True,False,False,1.7564698253458637,1,0.9543694565718466,0.9433433153633808,False,False,False,False,0.29148428601136506,0.2613740026901457,False,False,False,False,-52217967,-55760218.6617048,False,False,False,False,1356195.5383784752,False,False,False,False
2023-06-15 00:00:00+00:00,18.5695884395,18.6035453671,18.1329993696,18.2494231215,1425986,,,,,,,,,,,,,,,,,,,,,,"rgba(38, 166, 154, 0.75)",0.0,0.0,0.7490517027044473,18.028047148808977,0.7229691738711626,0.0,0.0,0.0,0.0,0.0,0.0,0.0,0.0,57.283304479512594,4.323397681409695,True,False,True,False,False,2.848030370087912,0,0.9752410535574616,0.918998535831832,False,False,False,False,0.27222289175719433,0.26679844722367,False,False,False,False,-50791981,-55565385.81222618,False,False,False,False,1358932.4192263782,False,False,False,False
2023-06-16 00:00:00+00:00,18.3949528115,18.7054161501,18.3076349975,18.6569062534,1430483,,,,,,,,,,,,,,,,,,,,,,"rgba(38, 166, 154, 0.75)",0.0,0.0,0.7134856704460204,18.033810932007263,0.5061655677919613,0.0,0.0,0.0,0.0,0.0,0.0,0.0,0.0,56.71791147076209,4.323397681409695,True,False,True,False,False,1.8463505068388244,0,0.9891486718847802,0.8890586654804029,False,False,False,False,0.3339718541908704,0.30038515070727023,False,False,False,False,-52222464,-55434290.83919771,False,False,False,False,1361738.3243547555,False,False,False,False
2023-06-20 00:00:00+00:00,18.3173369769,18.4337607288,18.1232973902,18.4337607288,1363918,,,,,,,,,,,,,,,,,,,,,,"rgba(38, 166, 154, 0.75)",0.0,0.0,0.6646775576839034,18.037152992581333,0.4215336911554192,0.0,0.0,0.0,0.0,0.0,0.0,0.0,0.0,55.828222627251016,4.323397681409695,True,False,True,False,False,1.400520763446174,0,0.9811660826027906,0.9009516945164074,False,False,False,False,0.23322459917718294,0.2668048749422266,False,False,False,False,-53586382,-55361823.82589584,False,False,False,False,1361823.8018310396,False,False,False,False
2023-06-21 00:00:00+00:00,18.1038934316,18.3124859872,18.0844894729,18.2882310389,1452580,,,,,,,,,,,,,,,,,,,,,,"rgba(38, 166, 154, 0.75)",0.0,0.0,0.5992249985228648,18.039151072634894,0.10804348804656069,0.0,0.0,0.0,0.0,0.0,0.0,0.0,0.0,53.84342098000916,7.90699933370523,True,False,True,False,False,0.17665050269030758,1,0.9775544907302003,0.9052451783893595,False,False,False,False,0.1990241730792646,0.23291452401074558,False,False,False,False,-55038962,-55349162.57782149,False,False,False,False,1365382.8684259008,False,False,False,False
2023-06-22 00:00:00+00:00,17.8128340516,17.9486617623,17.6673043617,17.9486617623,966949,,,,,,,,,,,,,,,,,,,,,,#000000,0.0,0.0,0.5548786777331634,18.037766728988778,-0.40537271734371283,0.0,0.0,0.0,0.0,0.0,0.0,0.0,0.0,50.79397412142149,4.937347376515746,True,False,False,False,False,0.0,1,0.9542924992993606,0.9333065422521348,False,False,False,False,0.03716863072502917,0.13504157736788738,False,False,False,False,-56005911,-55374917.417906925,False,False,False,False,1349758.0108405715,False,False,False,False
2023-06-23 00:00:00+00:00,17.6284964444,17.7546221757,17.4732647751,17.5799865477,1686247,,,,,,,,,,,,,,,,,,,,,,"rgba(239, 83, 80, 0.5)",0.0,0.0,0.5178195416872079,18.013463261274612,-0.7434381785211852,0.0,0.0,0.0,0.0,0.0,0.0,0.0,0.0,47.75597172085648,2.0928312671050477,False,False,False,True,False,0.0,0,0.9455551274588171,0.9469707836895926,False,False,False,False,-0.04202141814876478,0.0465100796095613,False,False,False,False,-57692158,-55465789.597596854,False,False,False,False,1362953.6574742745,False,False,False,False
2023-06-26 00:00:00+00:00,17.9292578036,18.0553835349,17.5508806097,17.5508806097,1072610,,,,,,,,,,,,,,,,,,,,,,"rgba(239, 83, 80, 0.5)",0.0,0.0,0.46492174055918783,18.016736306870463,-0.18815748036486524,0.0,0.0,0.0,0.0,0.0,0.0,0.0,0.0,47.8300968193203,2.0928312671050477,False,False,False,True,False,0.0,0,0.9508145356831494,0.927455432297804,False,False,False,False,0.03518733346978643,0.04084870653967387,False,False,False,False,-56619548,-55511035.02514207,False,False,False,False,1351567.6316909697,False,False,False,False
2023-06-27 00:00:00+00:00,18.3270389562,18.4240587495,17.793430093,17.9195558243,1671481,,,,,,,,,,,,,,,,,,,,,,#000000,0.0,0.0,0.4419613300861845,18.02800108698637,0.6766154612561098,0.0,0.0,0.0,0.0,0.0,0.0,0.0,0.0,50.23408132009208,2.0928312671050477,True,False,False,False,True,1.510191742903178,1,0.9622736953612028,0.9168417214850632,False,False,False,False,0.161213541898479,0.10103112421907644,False,False,False,False,-54948067,-55488957.84768552,False,False,False,False,1364113.2539775984,False,False,False,False
2023-06-28 00:00:00+00:00,18.2300191629,18.4143567702,18.1329993696,18.3173369769,1288466,,,,,,,,,,,,,,,,,,,,,,#000000,0.0,0.0,0.43452187663320185,18.034617805817547,0.4496927947482823,0.0,0.0,0.0,0.0,0.0,0.0,0.0,0.0,51.191840330117174,2.0928312671050477,True,False,False,False,True,0.9504617709142948,1,0.9728433678745261,0.9059532655639388,False,False,False,False,0.23113729429030416,0.1660842092546903,False,False,False,False,-56236533,-55518274.52032531,False,False,False,False,1361146.6949980848,False,False,False,False
2023-06-29 00:00:00+00:00,18.4337607288,18.5889923981,18.2176976491,18.2882310389,1041106,,,,,,,,,,,,,,,,,,,,,,"rgba(38, 166, 154, 1.0)",0.0,0.0,0.43579815103972036,18.04104620276374,0.9011385778010433,0.0,0.0,0.0,0.0,0.0,0.0,0.0,0.0,53.00418558895896,-1.5083268834917476,True,False,True,False,True,2.093391132083479,1,0.9728545470548393,0.90454433831769,False,False,False,False,0.2876799756340587,0.22688209244437452,False,False,False,False,-55195427,-55505613.83325373,False,False,False,False,1348596.079507964,False,False,False,False
2023-06-30 00:00:00+00:00,18.6278003154,18.7296710984,18.4337607288,18.5695884395,1006986,,,,,,,,,,,,,,,,,,,,,,"rgba(38, 166, 154, 1.0)",0.0,0.0,0.43367126987970345,18.048789771264836,1.3351369674448907,0.0,0.0,0.0,0.0,0.0,0.0,0.0,0.0,55.26684629815507,0.6623899195623437,True,False,True,False,True,3.1708052402805933,1,0.9894691219656869,0.8899940980032559,False,False,False,False,0.3428282101664035,0.284855151305389,False,False,False,False,-54188441,-55453959.99665554,False,False,False,False,1335199.6058017695,False,False,False,False
2023-07-03 00:00:00+00:00,18.7151181294,18.8024359434,18.5113765635,18.5501844808,586374,,,,,,,,,,,,,,,,,,,,,,"rgba(38, 166, 154, 1.0)",0.0,0.0,0.4454628883362062,18.05345013679686,1.4853493072665465,0.0,0.0,0.0,0.0,0.0,0.0,0.0,0.0,57.242301104338196,2.5372751231480493,True,False,True,False,True,3.6549398235082116,1,0.9966527926133726,0.8862436890092567,False,False,False,False,0.3428282120686547,0.31384168168702187,False,False,False,False,-53602067,-55381336.74188474,False,False,False,False,1305833.8957703277,False,False,False,False
2023-07-05 00:00:00+00:00,18.2106152042,18.5259295325,18.2106152042,18.5016745841,1437745,,,,,,,,,,,,,,,,,,,,,,"rgba(38, 166, 154, 1.0)",0.0,0.0,0.44467665005308243,18.05756641723037,0.34417994952368414,0.0,0.0,0.0,0.0,0.0,0.0,0.0,0.0,54.861012707844445,2.5372751231480493,True,False,True,False,True,0.6488483737583941,1,0.982586075850115,0.8872623253305311,False,False,False,False,0.2247949477018844,0.2693183146944531,False,False,False,False,-55039812,-55367943.614752,False,False,False,False,1311006.8802499226,False,False,False,False
2023-07-06 00:00:00+00:00,17.909853845,18.1135954109,17.7109632687,18.0165756176,1255755,,,,,,,,,,,,,,,,,,,,,,#000000,0.0,0.0,0.4446426584241263,18.0551332710457,-0.3267329917480036,0.0,0.0,0.0,0.0,0.0,0.0,0.0,0.0,51.49897250047547,6.582782558414536,True,False,False,False,False,0.0,1,0.9601997180843085,0.9034539197447472,False,False,False,False,0.049052963906282235,0.15918563930036767,False,False,False,False,-56295567,-55404321.00240879,False,False,False,False,1308840.1398479647,False,False,False,False
2023-07-07 00:00:00+00:00,18.3270389562,18.5550354705,17.9147048346,17.9195558243,1379669,,,,,,,,,,,,,,,,,,,,,,#000000,0.0,0.0,0.4481137830846613,18.05801242885204,0.6003531636453387,0.0,0.0,0.0,0.0,0.0,0.0,0.0,0.0,51.825848445795884,6.582782558414536,True,False,False,False,False,1.300173519324339,1,0.9991675229051971,0.8785415688428108,False,False,False,False,0.17243278244200938,0.16580921087118852,False,False,False,False,-54915898,-55385167.15917707,False,False,False,False,1311617.7422068682,False,False,False,False
2023-07-10 00:00:00+00:00,18.3076349975,18.5501844808,18.1718072869,18.1718072869,1300534,,,,,,,,,,,,,,,,,,,,,,#000000,0.0,0.0,0.4485575971628152,18.061564463211027,0.5485818005210472,0.0,0.0,0.0,0.0,0.0,0.0,0.0,0.0,51.91978502328914,6.582782558414536,True,False,False,False,False,1.1875108060286763,1,1.0140578028713276,0.8622413491174684,False,False,False,False,0.22190988098336725,0.1938595459272779,False,False,False,False,-56216432,-55417765.78038582,False,False,False,False,1311183.0856497362,False,False,False,False
2023-07-11 00:00:00+00:00,18.5307805221,18.5404825015,18.3464429149,18.3464429149,1076134,,,,,,,,,,,,,,,,,,,,,,"rgba(38, 166, 154, 0.75)",0.0,0.0,0.45532951289267487,18.065697760247428,1.0214201994022625,0.0,0.0,0.0,0.0,0.0,0.0,0.0,0.0,53.29591262693094,6.582782558414536,True,False,True,False,False,2.444685622407256,1,1.038746360747454,0.8669205087594125,False,False,False,False,0.24638358409549885,0.22012156501138835,False,False,False,False,-55140298,-55406884.69095893,False,False,False,False,1301965.4744477856,False,False,False,False
2023-07-12 00:00:00+00:00,18.8024359434,18.8849027677,18.5841414085,18.8121379227,967518,,,,,,,,,,,,,,,,,,,,,,"rgba(38, 166, 154, 1.0)",0.0,0.0,0.4680008323765302,18.071861566293205,1.561053584876983,0.0,0.0,0.0,0.0,0.0,0.0,0.0,0.0,55.66735274994622,6.582782558414536,True,False,True,False,True,3.9479879225657335,1,1.0101184320531365,0.8712971559077564,False,False,False,False,0.34282821005640485,0.2814748875338966,False,False,False,False,-54172780,-55358488.428568386,False,False,False,False,1288849.887214539,False,False,False,False
2023-07-13 00:00:00+00:00,19.1323032407,19.1517071993,18.8121379227,18.8703497987,1681349,,,,,,,,,,,,,,,,,,,,,,"rgba(38, 166, 154, 1.0)",0.0,0.0,0.4900924450593564,18.086151463570786,2.134600905758733,0.0,0.0,0.0,0.0,0.0,0.0,0.0,0.0,58.79295293895851,3.730894530749019,True,False,True,False,True,5.726428994528995,0,1.0108026230282359,0.8657893382885834,False,False,False,False,0.34282821578093114,0.3121515516574139,False,False,False,False,-52491431,-55246054.803918645,False,False,False,False,1304242.009284557,False,False,False,False
2023-07-14 00:00:00+00:00,18.9188596954,19.083793344,18.6908631811,19.083793344,1460617,,,,,,,,,,,,,,,,,,,,,,"rgba(38, 166, 154, 1.0)",0.0,0.0,0.5042938063544641,18.096010012937633,1.6316870683198337,0.0,0.0,0.0,0.0,0.0,0.0,0.0,0.0,59.2093011924066,4.169771819532571,True,False,True,False,True,4.413993929919659,0,1.0333407157830352,0.8625049914520204,False,False,False,False,0.3067020084203138,0.3094267800388638,False,False,False,False,-53952048,-55195309.43905909,False,False,False,False,1310374.3618616334,False,False,False,False
2023-07-17 00:00:00+00:00,19.1323032407,19.258428972,18.7151181294,18.9285616747,2047717,,,,,,,,,,,,,,,,,,,,,,"rgba(38, 166, 154, 1.0)",0.0,0.0,0.5238241972278698,18.111345375049858,1.9490467814452908,0.0,0.0,0.0,0.0,0.0,0.0,0.0,0.0,60.525726094310045,5.532126736729076,True,False,True,False,True,5.565878479354371,0,1.018714047917045,0.8635848828034945,False,False,False,False,0.34282821587844464,0.32612749795865426,False,False,False,False,-51904331,-55066251.461056784,False,False,False,False,1339289.759435687,False,False,False,False
2023-07-18 00:00:00+00:00,19.6756140832,19.7629318972,19.1905151166,19.2196210546,1845219,,,,,,,,,,,,,,,,,,,,,,"rgba(38, 166, 154, 1.0)",0.0,0.0,0.561069772214392,18.13195369212684,2.751280620555883,0.0,0.0,0.0,0.0,0.0,0.0,0.0,0.0,63.60455130489564,8.52499011698552,True,False,True,False,True,8.389286847991524,0,1.055622708789692,0.8245428513779558,False,False,False,False,0.34282822370681404,0.3344778608327341,False,False,False,False,-50059112,-54869893.05081926,False,False,False,False,1359130.121810758,False,False,False,False
2023-07-19 00:00:00+00:00,19.6659121039,19.7435279385,19.5300843932,19.6853160625,1422737,,,,,,,,,,,,,,,,,,,,,,"rgba(38, 166, 154, 1.0)",0.0,0.0,0.5951032960731286,18.14820338120694,2.5503282080739074,0.0,0.0,0.0,0.0,0.0,0.0,0.0,0.0,65.57551402199233,10.413109147370868,True,False,True,False,True,8.327545623498018,0,1.0717362391258785,0.8402299951609323,False,False,False,False,0.34282822561815157,0.3386530432254429,False,False,False,False,-51481849,-54737028.578238115,False,False,False,False,1361624.5091907284,False,False,False,False
2023-07-20 00:00:00+00:00,19.4621705379,19.7726338765,19.3214918376,19.6562101245,1473536,,,,,,,,,,,,,,,,,,,,,,"rgba(38, 166, 154, 1.0)",0.0,0.0,0.6149600342724454,18.16285523175372,2.11284511794899,0.0,0.0,0.0,0.0,0.0,0.0,0.0,0.0,65.15223140111166,10.413109147370868,True,False,True,False,True,7.026146503832614,0,1.0582147856108648,0.843636470341583,False,False,False,False,0.31719755715006936,0.3279253001877561,False,False,False,False,-52955385,-54667160.20262093,False,False,False,False,1366013.1951048176,False,False,False,False
2023-07-21 00:00:00+00:00,19.4039586619,19.5203824139,19.2176806588,19.5203824139,998928,,,,,,,,,,,,,,,,,,,,,,"rgba(38, 166, 154, 1.0)",0.0,0.0,0.6365067686890113,18.1713961028509,1.9364484710630212,0.0,0.0,0.0,0.0,0.0,0.0,0.0,0.0,64.37660778994342,10.413109147370868,True,False,True,False,True,6.654348446471442,0,1.0690618745221976,0.848571612659763,False,False,False,False,0.2674878490951163,0.29770657464143624,False,False,False,False,-53954313,-54639205.41036128,False,False,False,False,1351617.69725757,False,False,False,False
2023-07-24 00:00:00+00:00,19.200217096,19.5979982485,19.1808131373,19.3845547033,1053426,,,,,,,,,,,,,,,,,,,,,,"rgba(38, 166, 154, 0.75)",0.0,0.0,0.6497636501344882,18.1797369937595,1.570540460410918,0.0,0.0,0.0,0.0,0.0,0.0,0.0,0.0,62.15462989995757,10.413109147370868,True,False,True,False,False,5.353574068021224,0,1.0764541153223246,0.8485280391847188,False,False,False,False,0.27310749306784465,0.28540703385464045,False,False,False,False,-55007739,-54653657.70799418,False,False,False,False,1339923.9052082535,False,False,False,False
2023-07-25 00:00:00+00:00,19.28753491,19.5203824139,19.200217096,19.2681309513,925343,,,,,,,,,,,,,,,,,,,,,,"rgba(38, 166, 154, 0.75)",0.0,0.0,0.6646255886893563,18.186956429726077,1.6559375669604723,0.0,0.0,0.0,0.0,0.0,0.0,0.0,0.0,61.19432999874875,10.413109147370868,True,False,True,False,False,5.835414868568151,0,1.0786541480003953,0.8409971758825882,False,False,False,False,0.2650844922314767,0.2752457630430586,False,False,False,False,-54082396,-54631255.28807284,False,False,False,False,1323665.8304942045,False,False,False,False
2023-07-26 00:00:00+00:00,19.2681309513,19.5446373622,19.1808131373,19.3457467859,1784745,,,,,,,,,,,,,,,,,,,,,,"rgba(38, 166, 154, 0.75)",0.0,0.0,0.6782613751679903,18.200387193965106,1.5742364174437014,0.0,0.0,0.0,0.0,0.0,0.0,0.0,0.0,60.37721745855573,15.141372454391131,True,False,True,False,False,5.708799321731828,0,1.0749613808015164,0.8416462054878722,False,False,False,False,0.2657517901219284,0.2704987765824935,False,False,False,False,-55867141,-54679721.394422926,False,False,False,False,1341747.3665532554,False,False,False,False
2023-07-27 00:00:00+00:00,19.9763754425,20.3547526364,19.4136606413,19.5009784552,2829721,,,,,,,,,,,,,,,,,,,,,,"rgba(38, 166, 154, 1.0)",0.0,0.0,0.7110501028793278,18.232226838509135,2.4529194172507762,0.0,0.0,0.0,0.0,0.0,0.0,0.0,0.0,63.4691082331488,15.141372454391131,True,False,True,False,True,9.528293165721422,0,1.074025787719003,0.804648590997147,False,False,False,False,0.34282822814511327,0.30666350236380335,False,False,False,False,-53037420,-54615317.41817105,False,False,False,False,1400099.2737472453,False,False,False,False
2023-07-28 00:00:00+00:00,20.3062427397,20.3644546157,20.0345873184,20.1510110704,2000849,,,,,,,,,,,,,,,,,,,,,,"rgba(38, 166, 154, 1.0)",0.0,0.0,0.7556260833142034,18.2579707344652,2.710695210852178,0.0,0.0,0.0,0.0,0.0,0.0,0.0,0.0,66.73731713900952,11.766954031013832,True,False,True,False,True,11.199693459071703,0,1.1029080458263998,0.80033494172788,False,False,False,False,0.3428282285566122,0.3247458654602078,False,False,False,False,-51036571,-54474974.42138003,False,False,False,False,1423658.086541471,False,False,False,False
2023-07-31 00:00:00+00:00,20.3353486777,20.3984115434,20.1655640394,20.315944719,1886768,,,,,,,,,,,,,,,,,,,,,,"rgba(38, 166, 154, 1.0)",0.0,0.0,0.7957440787770216,18.282102022008687,2.5802851827021414,0.0,0.0,0.0,0.0,0.0,0.0,0.0,0.0,69.01810993112068,13.880127574773091,True,False,True,False,True,11.34600169078168,0,1.1009417459986872,0.8127943920188924,False,False,False,False,0.34282822896749393,0.3337870472138509,False,False,False,False,-49149803,-54266144.16956121,False,False,False,False,1441819.2596182763,False,False,False,False
2023-08-01 00:00:00+00:00,20.2577328431,20.403262533,20.1704150291,20.2286269051,1307762,,,,,,,,,,,,,,,,,,,,,,"rgba(38, 166, 154, 1.0)",0.0,0.0,0.8318961408765702,18.298108966875372,2.355611211466579,0.0,0.0,0.0,0.0,0.0,0.0,0.0,0.0,69.74178038535065,14.569811634138063,True,False,True,False,True,10.810538918998116,0,1.0939553894322416,0.8285731073982201,False,False,False,False,0.3428282290098381,0.3383076381118445,False,False,False,False,-50457565,-54116788.12369606,False,False,False,False,1436562.1121822656,False,False,False,False
2023-08-02 00:00:00+00:00,19.9860774218,20.1898189877,19.8648026801,19.9278655458,1480872,,,,,,,,,,,,,,,,,,,,,,"rgba(38, 166, 154, 1.0)",0.0,0.0,0.8562483247887055,18.31322170070745,1.9537039345511786,0.0,0.0,0.0,0.0,0.0,0.0,0.0,0.0,67.5860010439306,14.569811634138063,True,False,True,False,True,8.95121102787132,0,1.061538652268485,0.8466166666824235,False,False,False,False,0.278207993834637,0.30825781597324076,False,False,False,False,-51938437,-54031362.58943348,False,False,False,False,1438299.7548417845,False,False,False,False
2023-08-03 00:00:00+00:00,20.1122031531,20.374156595,19.7684620254,19.9084615871,1335814,,,,,,,,,,,,,,,,,,,,,,"rgba(38, 166, 154, 0.75)",0.0,0.0,0.8829301179911792,18.327124065836195,2.0217671261743506,0.0,0.0,0.0,0.0,0.0,0.0,0.0,0.0,66.8065636873922,14.569811634138063,True,False,True,False,False,9.622336917207118,0,1.0511813453551064,0.832889887166126,False,False,False,False,0.2889916844780959,0.29862475022566837,False,False,False,False,-50602623,-53896902.21337727,False,False,False,False,1434280.705632303,False,False,False,False
2023-08-04 00:00:00+00:00,19.8793556491,20.315944719,19.8599516905,20.2286269051,977793,,,,,,,,,,,,,,,,,,,,,,"rgba(38, 166, 154, 0.75)",0.0,0.0,0.9016277490446352,18.336681879754362,1.7109874568304424,0.0,0.0,0.0,0.0,0.0,0.0,0.0,0.0,64.1472928328314,19.390147511670136,True,False,True,False,False,8.032943603798852,0,1.063614731429341,0.837463220755382,False,False,False,False,0.2930867286687522,0.2958557394472103,False,False,False,False,-51580416,-53806059.61677424,False,False,False,False,1416379.226980056,False,False,False,False
2023-08-07 00:00:00+00:00,20.0636932564,20.1413090911,19.8745046595,19.9472695045,1007137,,,,,,,,,,,,,,,,,,,,,,"rgba(38, 166, 154, 0.75)",0.0,0.0,0.923785394329239,18.346412289742403,1.8589609417937547,0.0,0.0,0.0,0.0,0.0,0.0,0.0,0.0,63.45739381133433,18.647030020594073,True,False,True,False,False,9.033828033309234,0,1.080596155843803,0.8237222081678349,False,False,False,False,0.2713769660812757,0.283616352764243,False,False,False,False,-50573279,-53679283.90631251,False,False,False,False,1400330.5121965245,False,False,False,False
2023-08-08 00:00:00+00:00,20.2383288844,20.2819877914,19.5349353829,19.7435279385,1379290,,,,,,,,,,,,,,,,,,,,,,"rgba(38, 166, 154, 0.75)",0.0,0.0,0.9482332702089994,18.35940632314597,1.9814982455107284,0.0,0.0,0.0,0.0,0.0,0.0,0.0,0.0,63.95796761588081,18.647030020594073,True,False,True,False,False,9.973349987946204,0,1.0617532678817587,0.8286134409378273,False,False,False,False,0.24657677553724283,0.2650965641507429,False,False,False,False,-49193989,-53503389.9884179,False,False,False,False,1399505.3940711708,False,False,False,False
2023-08-09 00:00:00+00:00,20.2480308637,20.490580347,20.1413090911,20.1898189877,1380764,,,,,,,,,,,,,,,,,,,,,,"rgba(38, 166, 154, 0.75)",0.0,0.0,0.9699728934667725,18.48367725792366,1.8189720740240243,0.0,0.0,0.0,0.0,0.0,0.0,0.0,0.0,64.3456702997254,18.647030020594073,True,False,True,False,False,10.025809946441143,0,1.0710226028402547,0.8427235703576793,False,False,False,False,0.34282822849319555,0.3039623963219692,False,False,False,False,-47813225,-53280246.263381906,False,False,False,False,1398770.437440929,False,False,False,False
2023-08-10 00:00:00+00:00,19.7920378352,20.3353486777,19.7435279385,20.286838781,1002971,,,,,,,,,,,,,,,,,,,,,,"rgba(38, 166, 154, 0.75)",0.0,0.0,0.980119605549462,18.485032771488513,1.3335158855217162,0.0,0.0,0.0,0.0,0.0,0.0,0.0,0.0,60.41747955417547,15.313479781483323,True,False,True,False,False,6.858629450517398,0,1.0553735810497131,0.8486023600383501,False,False,False,False,0.2726931269579542,0.2883277616399617,False,False,False,False,-48816196,-53105185.46873948,False,False,False,False,1383248.890874618,False,False,False,False
2023-08-11 00:00:00+00:00,19.6659121039,19.9327165355,19.6610611142,19.7726338765,775973,,,,,,,,,,,,,,,,,,,,,,"rgba(38, 166, 154, 0.5)",0.0,0.0,0.9776475453506313,18.485638878756017,1.2072584140951113,0.0,0.0,0.0,0.0,0.0,0.0,0.0,0.0,56.82754292759952,11.921804721241614,False,False,True,False,False,6.006974126869213,0,1.076104855574946,0.8442298277588017,False,False,False,False,0.20932698348549178,0.24882737256272675,False,False,False,False,-49592169,-52967420.11702421,False,False,False,False,1359434.1500560055,False,False,False,False
2023-08-14 00:00:00+00:00,19.4718725172,19.6465081452,19.3797037136,19.5106804346,983651,,,,,,,,,,,,,,,,,,,,,,#000000,0.0,0.0,0.9704978903443763,18.484477452140194,1.0174108309595968,0.0,0.0,0.0,0.0,0.0,0.0,0.0,0.0,53.015006314568915,8.423153863872294,False,True,False,False,False,4.705167602845762,0,1.0609370768175246,0.8589419517884544,False,False,False,False,0.13470473868587526,0.191766055624301,False,False,False,False,-50575820,-52873631.87714091,False,False,False,False,1344697.5559361624,False,False,False,False
2023-08-15 00:00:00+00:00,19.1614091787,19.3894056929,19.112899282,19.258428972,1348541,,,,,,,,,,,,,,,,,,,,,,"rgba(239, 83, 80, 1.0)",0.0,0.0,0.9643390729732174,18.481017249007024,0.7055525890859278,0.0,0.0,0.0,0.0,0.0,0.0,0.0,0.0,48.489141332748396,4.342194195598729,False,True,False,True,False,2.667390610094998,0,1.0291882876133351,0.9066438102290513,False,False,False,False,0.07002444771256741,0.1308952516684342,False,False,False,False,-51924361,-52836405.56823343,False,False,False,False,1344848.2792327835,False,False,False,False
2023-08-16 00:00:00+00:00,18.7733300054,19.14200522,18.7248201088,19.1226012613,1320221,,,,,,,,,,,,,,,,,,,,,,"rgba(239, 83, 80, 1.0)",0.0,0.0,0.9583734805304099,18.474972435387173,0.3113165963729507,0.0,0.0,0.0,0.0,0.0,0.0,0.0,0.0,43.463584608169526,-0.11818891371459017,False,True,False,True,False,0.21462303673784433,0,1.0046807713810046,0.9204268863444126,False,False,False,False,-0.007702139094299065,0.06159655628706756,False,False,False,False,-53244582,-52852412.48712624,False,False,False,False,1343882.5035765958,False,False,False,False
2023-08-17 00:00:00+00:00,18.6472042741,19.025581468,18.6326513051,18.7830319847,623299,,,,,,,,,,,,,,,,,,,,,,"rgba(239, 83, 80, 1.0)",0.0,0.0,0.9547907365293288,18.472289574159245,0.18319689671118233,0.0,0.0,0.0,0.0,0.0,0.0,0.0,0.0,39.53642926862952,-3.5038836998617313,False,True,False,True,False,0.0,0,0.996470422126955,0.9223492870209908,False,False,False,False,-0.03318993053671716,0.014203312875175199,False,False,False,False,-53867881,-52892234.781748734,False,False,False,False,1315624.326965749,False,False,False,False
2023-08-18 00:00:00+00:00,18.7248201088,18.8897537574,18.4356041049,18.4725686462,1304279,,,,,,,,,,,,,,,,,,,,,,"rgba(239, 83, 80, 1.0)",0.0,0.0,0.9455809799454334,18.46698885154578,0.27266967369531864,0.0,0.0,0.0,0.0,0.0,0.0,0.0,0.0,37.68961004811724,-5.0141116852393,False,True,False,True,False,0.0,0,0.9692865576660065,0.9365289749854926,False,False,False,False,-0.07396692453608798,-0.029881805830456392,False,False,False,False,-52563602,-52879347.22168016,False,False,False,False,1315179.4121827786,False,False,False,False
2023-08-21 00:00:00+00:00,18.3658468735,18.8024359434,18.3415919252,18.8024359434,1271665,,,,,,,,,,,,,,,,,,,,,,"rgba(239, 83, 80, 1.0)",0.0,0.0,0.938528498697117,18.460967924246685,-0.10135126517599927,0.0,0.0,0.0,0.0,0.0,0.0,0.0,0.0,34.792799115874985,-7.638452189469021,False,True,False,True,False,0.0,0,0.9802928852527674,0.9394710047294549,False,False,False,False,-0.09627481796899813,-0.06307831189972726,False,False,False,False,-53835267,-52916834.27181035,False,False,False,False,1313472.964646199,False,False,False,False
2023-08-22 00:00:00+00:00,18.3270389562,18.5210785428,18.3076349975,18.5210785428,1142026,,,,,,,,,,,,,,,,,,,,,,"rgba(239, 83, 80, 1.0)",0.0,0.0,0.9220519842553732,18.455337789619744,-0.1391449024681139,0.0,0.0,0.0,0.0,0.0,0.0,0.0,0.0,32.6955360597148,-9.581970768569825,False,True,False,True,False,0.0,0,0.9912538234888195,0.9316852700169534,False,False,False,False,-0.1353080875464715,-0.09919319972309938,False,False,True,False,-54977293,-52997636.574876614,False,False,False,False,1306749.5542679166,False,False,True,False
2023-08-23 00:00:00+00:00,18.7539260468,18.7733300054,18.2785290595,18.3755488528,1196456,,,,,,,,,,,,,,,,,,,,,,"rgba(239, 83, 80, 1.0)",0.0,0.0,0.9140862627844484,18.477965096653683,0.3018981483275954,0.0,0.0,0.0,0.0,0.0,0.0,0.0,0.0,35.39879991643761,-9.581970768569825,False,True,False,True,False,0.20195797331389187,0,0.9870753063056966,0.9238618044715955,False,False,True,False,-0.10764910269910702,-0.10342115121110321,False,False,False,False,-53780837,-53028350.31703831,False,False,False,False,1302424.3168456454,False,False,False,False
2023-08-24 00:00:00+00:00,19.1614091787,19.3602997549,18.6083963568,18.6666082328,2554849,,,,,,,,,,,,,,,,,,,,,,"rgba(239, 83, 80, 0.75)",0.0,0.0,0.9080958152277971,18.49875759048183,0.729715495993057,0.0,0.0,0.0,0.0,0.0,0.0,0.0,0.0,40.220722055929016,-9.581970768569825,False,True,False,True,True,2.6855069270075376,0,0.9873284152178416,0.9133724386131397,False,False,False,False,0.004739699934400965,-0.049340725638351124,False,False,False,False,-51225988,-52957669.44186034,False,False,False,False,1351539.010302679,False,False,False,False
2023-08-25 00:00:00+00:00,19.5882962692,19.7532299178,19.2099190753,19.229323034,3942141,,,,,,,,,,,,,,,,,,,,,,"rgba(239, 83, 80, 0.75)",0.0,0.0,0.8998696817539338,18.537858566851426,1.1673220285643682,0.0,0.0,0.0,0.0,0.0,0.0,0.0,0.0,45.940797929317434,-12.600887456379468,False,True,False,True,True,5.164283587894843,0,1.0150498697948676,0.8953349964268168,False,False,False,False,0.126870228068972,0.038764751215310436,False,False,False,False,-47283847,-52735166.60100307,False,False,False,False,1453131.24519277,False,False,False,False
2023-08-28 00:00:00+00:00,19.5397863726,19.7871868455,19.4524685586,19.7532299178,1672942,,,,,,,,,,,,,,,,,,,,,,#000000,0.0,0.0,0.8881785341309526,18.551298996092335,1.1129377017368012,0.0,0.0,0.0,0.0,0.0,0.0,0.0,0.0,49.402332139123516,-9.49332566322665,False,True,False,False,True,4.846916815552561,0,1.0309816359203732,0.893285476270065,False,False,False,False,0.16134982773405449,0.10005728947468245,False,False,False,False,-48956789,-52586994.93037551,False,False,False,False,1461751.2747930535,False,False,False,False
2023-08-29 00:00:00+00:00,19.9957794011,20.0054813804,19.4136606413,19.4912764759,1730137,,,,,,,,,,,,,,,,,,,,,,"rgba(38, 166, 154, 0.5)",0.0,0.0,0.884001069584496,18.567982508322963,1.615152901849019,0.0,0.0,0.0,0.0,0.0,0.0,0.0,0.0,54.036589179404146,-5.243969282246667,False,False,True,False,True,7.413425586069671,0,1.0206939523650835,0.8887984318124413,False,False,False,False,0.18393157601887167,0.14199443274677706,False,False,False,False,-47226652,-52376785.40369412,False,False,False,False,1472276.2051933259,False,False,False,False
2023-08-30 00:00:00+00:00,20.0442892978,20.2140739361,19.8599516905,19.9763754425,1518839,,,,,,,,,,,,,,,,,,,,,,"rgba(38, 166, 154, 0.5)",0.0,0.0,0.8757245313321304,18.585159946411785,1.6661967310298162,0.0,0.0,0.0,0.0,0.0,0.0,0.0,0.0,57.350642478115645,-2.2155859256740555,False,False,True,False,True,7.680776184822811,0,1.0501540933473572,0.8665583398758945,False,False,False,False,0.268111944668841,0.20505318870780903,False,False,False,False,-45707813,-52115257.074137494,False,False,False,False,1474102.1971465289,False,False,False,False
2023-08-31 00:00:00+00:00,20.0830972151,20.2778896226,19.9467425298,20.1220556966,852036,,,,,,,,,,,,,,,,,,,,,,"rgba(38, 166, 154, 1.0)",0.0,0.0,0.8695499729873426,18.594744892629073,1.7116351776283616,0.0,0.0,0.0,0.0,0.0,0.0,0.0,0.0,59.75090265869301,0.051999235697351764,True,False,True,False,True,7.8974585690094266,0,1.055999338917934,0.8587757304743028,False,False,False,False,0.28796524765738923,0.24650921818259913,False,False,False,False,-44855777,-51830571.581034064,False,False,False,False,1449707.4443172533,False,False,False,False
2023-09-01 00:00:00+00:00,20.3363273449,20.3947650671,20.1804934189,20.2681500022,877054,,,,,,,,,,,,,,,,,,,,,,"rgba(38, 166, 154, 1.0)",0.0,0.0,0.8660418896327374,18.713096174201723,1.8743102269413776,0.0,0.0,0.0,0.0,0.0,0.0,0.0,0.0,62.56135245045084,2.805523432109993,True,False,True,False,True,9.305395413964558,0,1.0768019116138723,0.8381420396684646,False,False,False,False,0.3350862209279627,0.2907977195552809,False,False,False,False,-43978723,-51522655.95040528,False,False,False,False,1427250.4465008904,False,False,False,False
2023-09-05 00:00:00+00:00,20.1415349373,20.3850254467,19.9418727196,20.2194519004,2341480,,,,,,,,,,,,,,,,,,,,,,"rgba(38, 166, 154, 1.0)",0.0,0.0,0.86446141393479,18.73169155701505,1.6308922035834221,0.0,0.0,0.0,0.0,0.0,0.0,0.0,0.0,62.62235328671059,3.0929044524234044,True,False,True,False,True,7.939442003524537,0,1.077066466646764,0.8330460140483357,False,False,False,False,0.2985077477335648,0.29465273364442285,False,False,False,False,-46320203,-51318638.18764429,False,False,False,False,1463102.5858537967,False,False,False,False
2023-09-06 00:00:00+00:00,20.20971228,20.3606763958,19.7616897427,20.1610141781,2362976,,,,,,,,,,,,,,,,,,,,,,"rgba(38, 166, 154, 1.0)",0.0,0.0,0.8716790053029464,18.75105123142545,1.6733924296680789,0.0,0.0,0.0,0.0,0.0,0.0,0.0,0.0,63.032981971314385,3.8912294531887923,True,False,True,False,True,8.325261179527665,0,1.0647640099473374,0.8488665802540296,False,False,False,False,0.266159197216215,0.2804059654303189,False,False,False,False,-43957227,-51029955.39597197,False,False,False,False,1498391.7393497264,False,False,False,False
2023-09-07 00:00:00+00:00,20.0051802521,20.1999726596,19.8201274649,19.9857010113,2946598,,,,,,,,,,,,,,,,,,,,,,"rgba(38, 166, 154, 1.0)",0.0,0.0,0.8715227761091203,18.77031629738072,1.4169038246278343,0.0,0.0,0.0,0.0,0.0,0.0,0.0,0.0,61.40152393050006,3.8912294531887923,True,False,True,False,True,6.883125125789508,0,1.0563982324307273,0.8715461929269617,False,False,False,False,0.2511583535456411,0.26578215948798,False,False,False,False,-46903825,-50868146.36083582,False,False,False,False,1555184.1417281686,False,False,False,False
2023-09-08 00:00:00+00:00,19.6253350574,20.053878354,19.6058558167,19.9857010113,1542459,,,,,,,,,,,,,,,,,,,,,,"rgba(38, 166, 154, 0.5)",0.0,0.0,0.8673323647480644,18.77548020351052,0.979849119473757,0.0,0.0,0.0,0.0,0.0,0.0,0.0,0.0,57.318011722754505,3.8912294531887923,False,False,True,False,False,4.282799335458186,0,1.0301675258944076,0.8788951565755466,False,False,False,False,0.19912313117098204,0.232452645329481,False,False,False,False,-48446284,-50773171.36629324,False,False,False,False,1554685.116562358,False,False,False,False
2023-09-11 00:00:00+00:00,19.1870521405,19.9175236687,19.1334842284,19.9175236687,1464024,,,,,,,,,,,,,,,,,,,,,,#000000,0.0,0.0,0.8542230982011392,18.77469520999187,0.4827274413165499,0.0,0.0,0.0,0.0,0.0,0.0,0.0,0.0,51.908319662883656,10.584166876719905,False,True,False,False,False,1.4252606823639447,0,1.004144528316655,0.8953891292001176,False,False,False,False,0.11344441217693634,0.17294852875320868,False,False,False,False,-49910308,-50739333.58722292,False,False,False,False,1551129.778657952,False,False,False,False
2023-09-12 00:00:00+00:00,18.9825201126,19.3623653073,18.9630408719,19.0799163164,862044,,,,,,,,,,,,,,,,,,,,,,"rgba(239, 83, 80, 1.0)",0.0,0.0,0.8307108684328339,18.77159361379297,0.25391084530403524,0.0,0.0,0.0,0.0,0.0,0.0,0.0,0.0,47.23818811922486,6.126870024175275,False,True,False,True,False,0.13570468086604848,0,0.9865475523477608,0.9275262970402504,False,False,False,False,0.013342942334685828,0.09314573554394726,False,False,False,False,-50772352,-50740628.426939666,False,False,False,False,1524106.8069458758,False,False,False,False
2023-09-13 00:00:00+00:00,18.836425807,19.0263484043,18.7487692236,18.9630408719,1231571,,,,,,,,,,,,,,,,,,,,,,"rgba(239, 83, 80, 1.0)",0.0,0.0,0.8167004148741305,18.764777667791197,0.08772879002375256,0.0,0.0,0.0,0.0,0.0,0.0,0.0,0.0,43.398261696272414,2.5078315079384197,False,True,False,True,False,0.0,0,0.9732567404601822,0.9460837611271462,False,False,False,False,-0.0622875684975625,0.015429083523192378,False,False,False,False,-52003923,-50790169.39058909,False,False,False,False,1512634.8145166258,False,False,False,False
2023-09-14 00:00:00+00:00,19.2844483443,19.3672351175,18.889993719,18.992259733,1085794,,,,,,,,,,,,,,,,,,,,,,"rgba(239, 83, 80, 1.0)",0.0,0.0,0.8094388696371441,18.763223919177896,0.6439330314786562,0.0,0.0,0.0,0.0,0.0,0.0,0.0,0.0,44.31979635108744,2.5078315079384197,False,True,False,True,False,1.9982107219817955,0,0.9995417097817443,0.9242510218400503,False,False,False,False,0.003982082489848867,0.009705583006520623,False,False,False,False,-50918129,-50795187.414487556,False,False,False,False,1495895.9590453857,False,False,False,False
2023-09-15 00:00:00+00:00,19.0214785941,19.2114011915,18.9386918209,19.1967917609,1402048,,,,,,,,,,,,,,,,,,,,,,"rgba(239, 83, 80, 1.0)",0.0,0.0,0.79561353713835,18.760015061026273,0.3286313277350136,0.0,0.0,0.0,0.0,0.0,0.0,0.0,0.0,43.47317280197621,2.3621598507750576,False,True,False,True,False,0.34543724330054815,0,1.0168530677006338,0.9130743082014513,False,False,False,False,-0.06362898098786686,-0.02696169899067312,False,False,False,False,-52320177,-50854990.92764491,False,False,False,False,1492215.6469259588,False,False,False,False
2023-09-18 00:00:00+00:00,19.0993955571,19.1675728998,18.8568790098,19.0214785941,1085179,,,,,,,,,,,,,,,,,,,,,,"rgba(239, 83, 80, 1.0)",0.0,0.0,0.7722003996837132,18.75781395004006,0.44234839453573027,0.0,0.0,0.0,0.0,0.0,0.0,0.0,0.0,43.49127280493305,1.9975407059428676,False,True,False,True,False,0.8268081264507892,0,1.0040671190273607,0.934505080032469,False,False,False,False,-0.1105903032179155,-0.06877600110429431,False,False,False,False,-51234998,-50869893.16577648,False,False,False,False,1476253.425477882,False,False,False,False
2023-09-19 00:00:00+00:00,19.0604370756,19.250359673,18.9386918209,19.148093659,1149217,,,,,,,,,,,,,,,,,,,,,,"rgba(239, 83, 80, 1.0)",0.0,0.0,0.753150275512749,18.756312945926204,0.4038027198048167,0.0,0.0,0.0,0.0,0.0,0.0,0.0,0.0,43.267699032370814,1.290535675657054,False,True,False,True,False,0.5781722612774374,0,0.9959064086173888,0.930215006146156,False,False,False,False,-0.09420578686783239,-0.08149089398606335,False,False,False,False,-52384215,-50929278.335746035,False,False,False,False,1463428.4676160042,False,False,False,False
2023-09-20 00:00:00+00:00,18.7098107421,19.1870521405,18.6708522606,19.1091351775,818120,,,,,,,,,,,,,,,,,,,,,,"rgba(239, 83, 80, 1.0)",0.0,0.0,0.7513886017640614,18.753666257092583,-0.058365957228551806,0.0,0.0,0.0,0.0,0.0,0.0,0.0,0.0,41.1415781822964,-1.2169811615327077,False,True,False,True,False,0.0,0,0.9773831288335291,0.9353778316242871,False,False,False,False,-0.15256793285638323,-0.11702941342122329,False,False,False,False,-53202335,-51018417.812775604,False,False,False,False,1438122.2531996903,False,False,False,False
2023-09-21 00:00:00+00:00,18.4078825104,18.602674918,18.3397051678,18.602674918,732077,,,,,,,,,,,,,,,,,,,,,,"rgba(239, 83, 80, 1.0)",0.0,0.0,0.7486504876898518,18.748707921521913,-0.4552530409398573,0.0,0.0,0.0,0.0,0.0,0.0,0.0,0.0,38.29795786751049,-4.300753681587977,False,True,False,True,False,0.0,0,0.9550383769732343,0.9716486458705409,False,False,False,False,-0.3208490143139554,-0.21893921386758936,False,False,False,False,-53934412,-51132770.52600009,False,False,False,False,1410434.2040546045,False,False,False,False
2023-09-22 00:00:00+00:00,18.5539768161,18.7195503625,18.3494447882,18.4565806123,733535,,,,,,,,,,,,,,,,,,,,,,"rgba(239, 83, 80, 1.0)",0.0,0.0,0.7474866875255706,18.7445878191778,-0.2550025388529445,0.0,0.0,0.0,0.0,0.0,0.0,0.0,0.0,37.708318314739664,-5.213620315589992,False,True,False,True,False,0.0,0,0.9455000057872516,0.9790095312316034,False,False,False,False,-0.29671304933808273,-0.2578261316028361,False,False,False,False,-53200877,-51213872.740666755,False,False,False,False,1383889.1372289339,False,False,False,False
2023-09-25 00:00:00+00:00,18.992259733,19.148093659,18.3494447882,18.4565806123,1121362,,,,,,,,,,,,,,,,,,,,,,"rgba(239, 83, 80, 1.0)",0.0,0.0,0.7458318895485969,18.741554693395468,0.3361414859269,0.0,0.0,0.0,0.0,0.0,0.0,0.0,0.0,40.72123242274676,-5.213620315589992,False,True,False,True,False,0.283452495884287,0,0.9540542418754606,0.9591011720112576,False,False,False,False,-0.21728904483557585,-0.23755758821920597,False,False,False,False,-52079515,-51247819.495934725,False,False,False,False,1373593.9553768188,False,False,False,False
2023-09-26 00:00:00+00:00,18.5539768161,18.9825201126,18.5539768161,18.8072069459,932760,,,,,,,,,,,,,,,,,,,,,,"rgba(239, 83, 80, 1.0)",0.0,0.0,0.7412637102530026,18.738158154223047,-0.24846938488352976,0.0,0.0,0.0,0.0,0.0,0.0,0.0,0.0,40.38556307104777,-5.213620315589992,False,True,False,True,False,0.0,0,0.9615801656612835,0.973914600314021,False,False,False,False,-0.2102145628071136,-0.22388607551315978,False,False,False,False,-53012275,-51317013.82942748,False,False,False,False,1356306.3492836102,False,False,False,False
2023-09-27 00:00:00+00:00,18.7487692236,18.8412956172,18.578325867,18.7390296032,935633,,,,,,,,,,,,,,,,,,,,,,"rgba(239, 83, 80, 0.75)",0.0,0.0,0.7302667055765897,18.735171661444674,0.018619994656047762,0.0,0.0,0.0,0.0,0.0,0.0,0.0,0.0,41.53854095121859,-5.213620315589992,False,True,False,True,True,0.0,0,0.9417247965047804,1.0048543675844477,False,False,False,False,-0.23150326272815236,-0.22769466912065606,False,False,False,False,-52076642,-51346803.16944993,False,False,False,False,1339809.3551940569,False,False,False,False
2023-09-28 00:00:00+00:00,19.0506974552,19.1140049877,18.7146805523,18.7877277051,785658,,,,,,,,,,,,,,,,,,,,,,"rgba(239, 83, 80, 0.75)",0.0,0.0,0.7229710869804632,18.734378344550173,0.43752664020210913,0.0,0.0,0.0,0.0,0.0,0.0,0.0,0.0,44.265041619355955,-5.213620315589992,False,True,False,True,True,0.6988071458859153,0,0.9329246954901784,0.9914510199861633,False,False,False,False,-0.1577616240369136,-0.19272814657878484,False,False,False,False,-51290984,-51344614.182412684,False,False,False,False,1318077.9295001724,False,False,False,False
2023-09-29 00:00:00+00:00,19.0993955571,19.2941879646,19.0214785941,19.2162710016,817577,,,,,,,,,,,,,,,,,,,,,,"rgba(239, 83, 80, 0.75)",0.0,0.0,0.7195337992430871,18.77657216113592,0.4486563331752764,0.0,0.0,0.0,0.0,0.0,0.0,0.0,0.0,46.38807047098817,-9.711563426541588,False,True,False,True,True,0.9963561359558533,0,0.956142119970734,0.9844131178019109,False,False,False,False,-0.07207998873895917,-0.132404067658872,False,False,False,False,-50473407,-51310449.19486709,False,False,False,False,1298450.442068793,False,False,False,False
2023-10-02 00:00:00+00:00,18.836425807,19.1286144183,18.6757220708,19.0506974552,793488,,,,,,,,,,,,,,,,,,,,,,"rgba(239, 83, 80, 0.75)",0.0,0.0,0.7148939692680476,18.76896505021586,0.09436470257709734,0.0,0.0,0.0,0.0,0.0,0.0,0.0,0.0,46.155237913374705,-9.711563426541588,False,True,False,True,True,0.0,0,0.9453622534308451,0.9805503236900849,False,False,False,False,-0.16209614584970727,-0.14725010675428962,False,False,False,False,-51266895,-51308741.187225245,False,False,False,False,1278647.993360213,False,False,False,False
2023-10-03 00:00:00+00:00,18.6124145383,18.9094729598,18.5052787142,18.7098107421,1049314,,,,,,,,,,,,,,,,,,,,,,"rgba(239, 83, 80, 0.75)",0.0,0.0,0.7144592332982049,18.759118267816106,-0.20533533990297367,0.0,0.0,0.0,0.0,0.0,0.0,0.0,0.0,44.7232507416648,-9.711563426541588,False,True,False,True,True,0.0,1,0.9392080496228529,0.9941388955768199,False,False,False,False,-0.2323946536157284,-0.18982238018500902,False,False,False,False,-52316209,-51348249.72890268,False,False,False,False,1269654.5034245185,False,False,False,False
2023-10-04 00:00:00+00:00,18.6318937791,18.7438994134,18.3250957372,18.6221541587,708580,,,,,,,,,,,,,,,,,,,,,,"rgba(239, 83, 80, 0.75)",0.0,0.0,0.7116918772921016,18.75316124571957,-0.1703932143794847,0.0,0.0,0.0,0.0,0.0,0.0,0.0,0.0,43.92276291054203,-9.711563426541588,False,True,False,True,True,0.0,1,0.9303758756871288,0.9981781634183625,False,False,False,False,-0.2967130493570103,-0.24326771477100967,False,False,False,False,-51607629,-51358421.46502415,False,False,False,False,1247651.5817215962,False,False,False,False
2023-10-05 00:00:00+00:00,18.4565806123,18.7536390338,18.4468409919,18.6416333995,893743,,,,,,,,,,,,,,,,,,,,,,"rgba(239, 83, 80, 1.0)",0.0,0.0,0.7097186863760548,18.74708250610583,-0.40931977610619324,0.0,0.0,0.0,0.0,0.0,0.0,0.0,0.0,42.35920042626499,-9.711563426541588,False,True,False,True,False,0.0,1,0.9366507056027102,0.9988373709385613,False,False,False,False,-0.2719990304500097,-0.25763337261050967,False,False,False,False,-52501372,-51403243.054631054,False,False,False,False,1233772.8138109455,False,False,False,False
2023-10-06 00:00:00+00:00,18.9630408719,18.9727804922,18.2715278252,18.3884032697,1694920,,,,,,,,,,,,,,,,,,,,,,"rgba(239, 83, 80, 0.75)",0.0,0.0,0.6997446969308729,18.743123665659063,0.3142820620227743,0.0,0.0,0.0,0.0,0.0,0.0,0.0,0.0,45.13118746963631,-9.711563426541588,False,True,False,True,True,0.28410042074636976,1,0.9232851518520482,1.0331101461693106,False,False,False,False,-0.2638339335529465,-0.2607336530817281,False,False,False,False,-50806452,-51379839.48386121,False,False,False,False,1251857.0171909083,False,False,False,False
2023-10-09 00:00:00+00:00,18.758508844,18.91434277,18.4809296633,18.758508844,981627,,,,,,,,,,,,,,,,,,,,,,"rgba(239, 83, 80, 0.75)",0.0,0.0,0.6837601657920666,18.74079911120878,0.0259005038275468,0.0,0.0,0.0,0.0,0.0,0.0,0.0,0.0,45.675227549274126,-9.439224549313572,False,True,False,True,True,0.0,1,0.9049824305081979,1.0365658070379535,False,False,False,False,-0.2359638630858583,-0.2483487580837932,False,False,False,False,-51788079,-51395848.87665096,False,False,False,False,1241259.7616147941,False,False,False,False
2023-10-10 00:00:00+00:00,18.8656446681,19.1042653673,18.8169465662,18.8851239089,834325,,,,,,,,,,,,,,,,,,,,,,#000000,0.0,0.0,0.660923528863926,18.741367120700673,0.188036197792731,0.0,0.0,0.0,0.0,0.0,0.0,0.0,0.0,46.793611001299766,-8.18310110931236,False,True,False,False,True,0.0,1,0.9122382716281593,1.0264874658769914,False,False,False,False,-0.14134251427455086,-0.19484563617917203,False,False,False,False,-50953754,-51378511.82266465,False,False,False,False,1225301.535669116,False,False,False,False
2023-10-11 00:00:00+00:00,18.8851239089,19.0993955571,18.7195503625,18.9727804922,741553,,,,,,,,,,,,,,,,,,,,,,#000000,0.0,0.0,0.6456412522227667,18.741477326797963,0.22248668530317772,0.0,0.0,0.0,0.0,0.0,0.0,0.0,0.0,47.68267980127679,-7.134226603500046,False,False,False,False,True,0.0,1,0.9081455057451879,1.0267543974348259,False,False,False,False,-0.1594947184163346,-0.1771701772977533,False,False,False,False,-50212201,-51332774.14334446,False,False,False,False,1206331.0048585627,False,False,False,False
2023-10-12 00:00:00+00:00,18.6903315013,18.992259733,18.4906692836,18.9825201126,508774,,,,,,,,,,,,,,,,,,,,,,#000000,0.0,0.0,0.6404482246924009,18.740374161266647,-0.0781369329123849,0.0,0.0,0.0,0.0,0.0,0.0,0.0,0.0,46.87401563779809,-7.134226603500046,False,False,False,False,True,0.0,1,0.9151935089867302,1.0248718582042164,False,False,False,False,-0.21994746971578802,-0.19855882350677068,False,False,False,False,-50720975,-51308782.02007605,False,False,False,False,1178975.8281974427,False,False,False,False
2023-10-13 00:00:00+00:00,18.5052787142,18.7487692236,18.4273617512,18.7098107421,723102,,,,,,,,,,,,,,,,,,,,,,"rgba(239, 83, 80, 1.0)",0.0,0.0,0.6356356736816846,18.73742810956696,-0.3652239875435573,0.0,0.0,0.0,0.0,0.0,0.0,0.0,0.0,45.10425521609248,-7.134226603500046,False,True,False,True,False,0.0,1,0.9156056010785772,1.0449552045213997,False,False,False,False,-0.2765504729403253,-0.237554648223548,False,False,False,False,-51444077,-51314087.70556326,False,False,False,False,1161098.423170092,False,False,False,False
2023-10-16 00:00:00+00:00,18.6513730198,18.9240823904,18.6221541587,18.7000711217,788067,,,,,,,,,,,,,,,,,,,,,,"rgba(239, 83, 80, 1.0)",0.0,0.0,0.6326034128596248,18.7360052366354,-0.13378400292345327,0.0,0.0,0.0,0.0,0.0,0.0,0.0,0.0,45.21305388623439,-7.134226603500046,False,True,False,True,False,0.0,1,0.9148325576684683,1.0288234390512327,False,False,False,False,-0.20844920412043083,-0.2230019261719894,False,False,False,False,-50656010,-51288280.73671765,False,False,False,False,1146469.73990852,False,False,False,False
2023-10-17 00:00:00+00:00,18.7098107421,18.889993719,18.4468409919,18.4565806123,1208076,,,,,,,,,,,,,,,,,,,,,,"rgba(239, 83, 80, 0.5)",0.0,0.0,0.6316748964443059,18.733269722875313,-0.037137744284858595,0.0,0.0,0.0,0.0,0.0,0.0,0.0,0.0,45.80009917871166,-7.134226603500046,False,False,False,True,False,0.0,1,0.9068097934232081,1.022141285481415,False,False,False,False,-0.24670739379631446,-0.23485465998415195,False,False,False,False,-49447934,-51216110.27645421,False,False,False,False,1148885.6716768134,False,False,False,False
2023-10-18 00:00:00+00:00,18.0475165565,18.4955390938,17.9598599731,18.3981428901,708377,,,,,,,,,,,,,,,,,,,,,,"rgba(239, 83, 80, 1.0)",0.0,0.0,0.6431843152903511,18.7278091693589,-1.057694655616402,0.0,0.0,0.0,0.0,0.0,0.0,0.0,0.0,42.10941445482025,-3.6973389712411944,False,True,False,True,False,0.0,1,0.8902287366387228,1.0368589556632695,False,False,False,False,-0.34282825441539394,-0.28884145719977294,False,False,False,False,-50156311,-51174549.52051483,False,False,False,False,1131610.8218071344,False,False,False,False
2023-10-19 00:00:00+00:00,17.9793392139,18.2812674456,17.8965524407,18.0280373158,1199135,,,,,,,,,,,,,,,,,,,,,,"rgba(239, 83, 80, 1.0)",0.0,0.0,0.6484763179237338,18.717715682347553,-1.1386328968984658,0.0,0.0,0.0,0.0,0.0,0.0,0.0,0.0,39.317028330601396,-6.337915856017261,False,True,False,True,False,0.0,1,0.8597329338998934,1.0561679460220286,False,False,False,False,-0.34282825441539394,-0.3158348558075834,False,False,False,False,-51355446,-51181643.50010248,False,False,False,False,1134258.82879509,False,False,False,False
2023-10-20 00:00:00+00:00,17.8916826305,18.1059542788,17.8429845286,18.0182976954,916939,,,,,,,,,,,,,,,,,,,,,,"rgba(239, 83, 80, 1.0)",0.0,0.0,0.6489631389956757,18.709520318551537,-1.2602220972322222,0.0,0.0,0.0,0.0,0.0,0.0,0.0,0.0,37.017225854216974,-8.461341037906095,False,True,False,True,False,0.0,0,0.8735952510994068,1.0579608006098968,False,False,False,False,-0.34282825441539394,-0.3293315551114887,False,False,False,False,-52272385,-51224417.67656906,False,False,False,False,1125736.4825678316,False,False,False,False
2023-10-23 00:00:00+00:00,17.7066298434,18.0182976954,17.7066298434,17.7845468064,1564769,,,,,,,,,,,,,,,,,,,,,,"rgba(239, 83, 80, 1.0)",0.0,0.0,0.663852887769116,18.694426916074043,-1.487975861630348,0.0,0.0,0.0,0.0,0.0,0.0,0.0,0.0,34.58722213159916,-10.691955582124834,False,True,False,True,False,0.0,0,0.8713286552153778,1.0432326126288491,False,False,False,False,-0.34282825441539394,-0.3360799047634413,False,False,False,False,-53837154,-51326877.92454675,False,False,False,False,1142953.4440357597,False,False,False,False
2023-10-24 00:00:00+00:00,17.8722033898,17.9842090241,17.7309788943,17.8429845286,875944,,,,,,,,,,,,,,,,,,,,,,"rgba(239, 83, 80, 1.0)",0.0,0.0,0.673407054107529,18.686923356866934,-1.2098476873645008,0.0,0.0,0.0,0.0,0.0,0.0,0.0,0.0,34.73607026833036,-10.691955582124834,False,True,False,True,False,0.0,0,0.8838918511332984,1.0313127188763098,False,False,False,False,-0.34282825441539394,-0.33945407958941765,False,False,False,False,-52961210,-51390969.3784861,False,False,False,False,1132482.485446122,False,False,False,False
2023-10-25 00:00:00+00:00,17.1612111023,17.7796769962,17.1125130004,17.7553279453,2164407,,,,,,,,,,,,,,,,,,,,,,"rgba(239, 83, 80, 1.0)",0.0,0.0,0.7086934255031504,18.612426682661948,-2.0477339398649397,0.0,0.0,0.0,0.0,0.0,0.0,0.0,0.0,31.76503230995825,-13.364801582599156,False,True,False,True,False,0.0,0,0.869522668827967,1.0278855025926563,True,False,False,False,-0.34282825441539394,-0.3411411670024058,False,False,False,False,-55125617,-51537426.14795723,True,False,False,False,1172950.1134678428,False,False,False,False
2023-10-26 00:00:00+00:00,17.8235052879,18.992259733,17.3754827506,18.6513730198,2930209,,,,,,,,,,,,,,,,,,,,,,"rgba(239, 83, 80, 0.75)",0.0,0.0,0.7241105397310933,18.60619093538266,-1.080892494360485,0.0,0.0,0.0,0.0,0.0,0.0,0.0,0.0,35.03170414244589,-13.364801582599156,False,True,False,True,True,0.0,0,0.8968749629813879,0.9552861649802392,False,False,False,False,-0.1599887507459294,-0.25056495887416763,False,False,False,False,-52195408,-51563229.35784126,False,False,False,False,1241862.2266651823,False,False,False,False
2023-10-27 00:00:00+00:00,17.5313166766,17.9598599731,17.4923581951,17.8040260471,1487325,,,,,,,,,,,,,,,,,,,,,,"rgba(239, 83, 80, 0.75)",0.0,0.0,0.7475982587983004,18.586294121988274,-1.411155567809989,0.0,0.0,0.0,0.0,0.0,0.0,0.0,0.0,35.91578672037832,-13.364801582599156,False,True,False,True,True,0.0,0,0.90613534484076,0.9945654088404134,False,False,False,False,-0.27143698105277025,-0.26100096996346894,False,False,False,False,-53682733,-51646347.147729844,False,False,False,False,1251488.2177763516,False,False,False,False
2023-10-30 00:00:00+00:00,17.7261090841,17.8429845286,17.4436600932,17.6579317415,1162319,,,,,,,,,,,,,,,,,,,,,,"rgba(239, 83, 80, 0.75)",0.0,0.0,0.7644319408187551,18.574228848226333,-1.10947714091845,0.0,0.0,0.0,0.0,0.0,0.0,0.0,0.0,37.8363713793391,-17.42868496202236,False,True,False,True,True,0.0,0,0.9122683233288726,0.9937409762508157,False,False,False,False,-0.2922345933290402,-0.2766177816462546,False,False,False,False,-52520414,-51680624.27919142,False,False,False,False,1247991.3857066908,False,False,False,False
2023-10-31 00:00:00+00:00,17.7553279453,17.8235052879,17.5313166766,17.5605355377,1151649,,,,,,,,,,,,,,,,,,,,,,"rgba(239, 83, 80, 0.75)",0.0,0.0,0.7801202319347408,18.56440132772986,-1.0371137028754087,0.0,0.0,0.0,0.0,0.0,0.0,0.0,0.0,39.32018120266085,-15.976618023739356,False,True,False,True,True,0.0,0,0.919466991426554,0.9907689653467391,False,False,False,False,-0.2836420244728181,-0.28012990305953633,False,False,False,False,-51368765,-51668394.50353686,False,False,False,False,1244213.2529338796,False,False,False,False
2023-11-01 00:00:00+00:00,17.6384525007,17.7066298434,17.2975657876,17.6871506026,1215520,,,,,,,,,,,,,,,,,,,,,,"rgba(239, 83, 80, 0.75)",0.0,0.0,0.794634512365303,18.55130292306479,-1.1487676512408247,0.0,0.0,0.0,0.0,0.0,0.0,0.0,0.0,39.68897949947795,-15.51346327664502,False,True,False,True,True,0.0,0,0.9096990846603523,0.9817648306528408,False,False,False,False,-0.32829984797001704,-0.30421487551477666,False,False,False,False,-52584285,-51704311.77790797,False,False,False,False,1243088.0273286293,False,False,False,False
2023-11-02 00:00:00+00:00,18.0962146584,18.1449127603,17.7163694638,17.774807186,1271330,,,,,,,,,,,,,,,,,,,,,,"rgba(239, 83, 80, 0.5)",0.0,0.0,0.7990814604239088,18.548346677101343,-0.5658146773440191,0.0,0.0,0.0,0.0,0.0,0.0,0.0,0.0,43.10014338364627,-12.176525437461464,False,False,False,True,True,0.0,0,0.925530710355447,0.971342985984507,False,False,False,False,-0.22098324990810675,-0.26259906271144173,False,False,False,False,-51312955,-51688964.45328413,False,False,False,False,1244195.555668683,False,False,False,False
2023-11-03 00:00:00+00:00,18.8948635292,18.9776503024,18.3640542187,18.4565806123,1205464,,,,,,,,,,,,,,,,,,,,,,#000000,0.0,0.0,0.7976925370637076,18.559652498601626,0.42022585773746723,0.0,0.0,0.0,0.0,0.0,0.0,0.0,0.0,49.28446909180926,-6.412531935631812,True,False,False,False,True,1.4432814064622228,0,0.928060744097145,0.968304249179176,False,False,False,False,-0.0455584962090551,-0.15407877946024842,False,False,False,False,-50107491,-51626945.886488676,False,False,False,False,1242676.6711326563,False,False,False,False
2023-11-06 00:00:00+00:00,18.8266861866,18.9825201126,18.7390296032,18.8461654274,1250555,,,,,,,,,,,,,,,,,,,,,,"rgba(38, 166, 154, 1.0)",0.0,0.0,0.7968208939582009,18.571175406006645,0.3206627518564516,0.0,0.0,0.0,0.0,0.0,0.0,0.0,0.0,52.96502902081702,-3.1723326710105937,True,False,True,False,True,1.0281995903238297,0,0.9193134591837513,0.9866316814194688,False,False,False,False,-0.0014138942574112153,-0.07774633685882981,False,False,False,False,-51358046,-51616400.79290088,False,False,False,False,1242985.6252058854,False,False,False,False
2023-11-07 00:00:00+00:00,18.4760598531,18.7000711217,18.4565806123,18.7000711217,835307,,,,,,,,,,,,,,,,,,,,,,"rgba(38, 166, 154, 1.0)",0.0,0.0,0.7990214227040418,18.574187678917855,-0.12281000612695897,0.0,0.0,0.0,0.0,0.0,0.0,0.0,0.0,53.236064944297745,-3.059206822204267,True,False,True,False,True,0.0,0,0.8947649141341124,0.9948138197479495,False,False,False,False,-0.06711861055008572,-0.07243247370445777,False,False,False,False,-52193353,-51639026.369649865,False,False,False,False,1226998.228138988,False,False,False,False
2023-11-08 00:00:00+00:00,18.6124145383,18.6757220708,18.3299655474,18.5052787142,1269718,,,,,,,,,,,,,,,,,,,,,,"rgba(38, 166, 154, 1.0)",0.0,0.0,0.7996863766768455,18.577924188235123,0.04312984573803229,0.0,0.0,0.0,0.0,0.0,0.0,0.0,0.0,54.10041066874122,-2.2016810220299092,True,False,True,False,True,0.0,0,0.8898229730113406,1.0053046334847349,False,False,False,False,-0.08475248103006076,-0.07859247736725927,False,False,False,False,-50923635,-51610971.80613418,False,False,False,False,1228673.513310008,False,False,False,False
2023-11-09 00:00:00+00:00,18.4663202327,18.7682484643,18.4078825104,18.7682484643,714114,,,,,,,,,,,,,,,,,,,,,,"rgba(38, 166, 154, 1.0)",0.0,0.0,0.8014616061951353,18.579777274846336,-0.14156266659480216,0.0,0.0,0.0,0.0,0.0,0.0,0.0,0.0,53.7517974739683,-2.2016810220299092,True,False,True,False,True,0.0,0,0.8738461683110454,1.010346534379845,False,False,False,False,-0.0648465355859861,-0.07171950647662269,False,False,False,False,-51637749,-51612021.892168134,False,False,False,False,1208494.7088664782,False,False,False,False
2023-11-10 00:00:00+00:00,18.7682484643,18.7682484643,18.3640542187,18.5052787142,494992,,,,,,,,,,,,,,,,,,,,,,"rgba(38, 166, 154, 1.0)",0.0,0.0,0.7935325139226593,18.581492887840643,0.2353471006955616,0.0,0.0,0.0,0.0,0.0,0.0,0.0,0.0,55.10785395108266,-0.8967327695319298,True,False,True,False,True,0.7115703984815305,0,0.8685875801532631,1.0130779615229257,False,False,False,False,-0.06995968039377337,-0.07083959343519802,False,False,False,False,-51142757,-51593619.347377226,False,False,False,False,1180514.2104795573,False,False,False,False
2023-11-13 00:00:00+00:00,18.7877277051,18.8802540987,18.6124145383,18.6513730198,724311,,,,,,,,,,,,,,,,,,,,,,"rgba(38, 166, 154, 1.0)",0.0,0.0,0.7783848811846455,18.584966225774856,0.2604900020881128,0.0,0.0,0.0,0.0,0.0,0.0,0.0,0.0,56.11245383967192,0.2994403884417878,True,False,True,False,True,0.8296330296664465,0,0.8731983600295531,1.0175408935241321,False,False,False,False,-0.014194513248271532,-0.04251705334173478,False,False,False,False,-50418446,-51547534.118068315,False,False,False,False,1162623.8884999668,False,False,False,False
2023-11-14 00:00:00+00:00,19.9175236687,19.9175236687,19.148093659,19.148093659,1054746,,,,,,,,,,,,,,,,,,,,,,"rgba(38, 166, 154, 1.0)",0.0,0.0,0.7698325286510237,18.60108439243315,1.710033321888389,0.0,0.0,0.0,0.0,0.0,0.0,0.0,0.0,61.15621210225132,5.217395050968506,True,False,True,False,True,7.206149665640343,0,0.8943112789383748,0.9802988015042806,False,False,False,False,0.19924333541357747,0.07836314103592135,False,False,False,False,-49363700,-51461893.56441858,False,False,False,False,1158393.3830685958,False,False,False,False
2023-11-15 00:00:00+00:00,19.8590859464,20.1123160762,19.6594237287,19.898044428,1126225,,,,,,,,,,,,,,,,,,,,,,"rgba(38, 166, 154, 1.0)",0.0,0.0,0.7620257658262534,18.619794715189258,1.6263114540057544,0.0,0.0,0.0,0.0,0.0,0.0,0.0,0.0,64.10275911908953,7.9960000122359105,True,False,True,False,True,6.834821072389541,0,0.9229784422214392,0.9708846122043497,False,False,False,False,0.3073607401103359,0.1928619405731286,False,False,False,False,-50489925,-51423777.15012765,False,False,False,False,1157131.8778502196,False,False,False,False
2023-11-16 00:00:00+00:00,19.8298670853,19.8785651872,19.639944488,19.7519501223,949281,,,,,,,,,,,,,,,,,,,,,,"rgba(38, 166, 154, 1.0)",0.0,0.0,0.7593528085753679,18.633480616234728,1.5755343965999513,0.0,0.0,0.0,0.0,0.0,0.0,0.0,0.0,65.84449846950858,9.645600186719584,True,False,True,False,True,6.646657122614499,0,0.9195727170738913,0.9742300178692844,False,False,False,False,0.3048541065648923,0.24885802356901046,False,False,False,False,-51439206,-51424382.20306382,False,False,False,False,1148980.863032564,False,False,False,False
2023-11-17 00:00:00+00:00,19.9175236687,20.0246594928,19.8201274649,19.9662217706,749750,,,,,,,,,,,,,,,,,,,,,,"rgba(38, 166, 154, 1.0)",0.0,0.0,0.7556281650560037,18.64487133191736,1.6842309427260629,0.0,0.0,0.0,0.0,0.0,0.0,0.0,0.0,67.3177586855353,11.10429479819976,True,False,True,False,True,7.1244141176715985,0,0.935738586246573,0.9613591499014226,False,False,False,False,0.3428282245055272,0.2958431240372688,False,False,False,False,-50689456,-51395561.56764955,False,False,False,False,1133324.7507567774,False,False,False,False
2023-11-20 00:00:00+00:00,20.0636179743,20.131795317,19.8201274649,19.9175236687,807841,,,,,,,,,,,,,,,,,,,,,,"rgba(38, 166, 154, 1.0)",0.0,0.0,0.7590119072244187,18.657330330183125,1.8527873288041528,0.0,0.0,0.0,0.0,0.0,0.0,0.0,0.0,68.82525069066764,12.648643685506407,True,False,True,False,True,7.921768840707081,0,0.955196364260264,0.9498370776841658,False,False,False,False,0.3428282251388447,0.3193356745880568,False,False,False,False,-49881615,-51336191.114016235,False,False,False,False,1120560.6820996488,False,False,False,False
2023-11-21 00:00:00+00:00,19.8785651872,20.11221868,19.8785651872,20.0246594928,723579,,,,,,,,,,,,,,,,,,,,,,"rgba(38, 166, 154, 1.0)",0.0,0.0,0.7556133958311225,18.667641542312214,1.6025703773499844,0.0,0.0,0.0,0.0,0.0,0.0,0.0,0.0,68.18350376344186,12.648643685506407,True,False,True,False,True,6.681550304549397,0,0.9650166926507449,0.9257187773978164,False,False,False,False,0.3428282253619884,0.3310819499750226,False,False,False,False,-50605194,-51307524.5605254,False,False,False,False,1104992.7729977018,False,False,False,False
2023-11-22 00:00:00+00:00,19.975961391,20.0782274049,19.8298670853,19.9467425298,610272,,,,,,,,,,,,,,,,,,,,,,"rgba(38, 166, 154, 1.0)",0.0,0.0,0.7501138921511642,18.676061731364733,1.7329363890427822,0.0,0.0,0.0,0.0,0.0,0.0,0.0,0.0,68.17811699920892,12.648643685506407,True,False,True,False,True,7.225944465168691,0,0.9723230077959487,0.9122120403546484,False,False,False,False,0.33086304187289167,0.33097249592395717,False,False,False,False,-49994922,-51256049.95030872,False,False,False,False,1085591.958370341,False,False,False,False
2023-11-24 00:00:00+00:00,20.0733575947,20.1804934189,19.9662217706,19.9662217706,338278,,,,,,,,,,,,,,,,,,,,,,"rgba(38, 166, 154, 1.0)",0.0,0.0,0.7462515117216023,18.68100970138972,1.865789042220006,0.0,0.0,0.0,0.0,0.0,0.0,0.0,0.0,68.60336156251627,13.147446967026688,True,False,True,False,True,7.772577457668245,0,0.9741215584959438,0.9241191460935442,False,False,False,False,0.34282822622416637,0.33690036107406174,False,False,False,False,-49656644,-51193328.14833583,False,False,False,False,1056285.5286303277,False,False,False,False
2023-11-27 00:00:00+00:00,20.0343991132,20.1610141781,19.9272632891,19.9370029095,624826,,,,,,,,,,,,,,,,,,,,,,"rgba(38, 166, 154, 1.0)",0.0,0.0,0.7505241452495507,18.689721899290056,1.7916508381790106,0.0,0.0,0.0,0.0,0.0,0.0,0.0,0.0,68.48236389538653,13.383258199102563,True,False,True,False,True,7.50098019379055,0,0.9733291012548294,0.9208689863697296,False,False,False,False,0.3346132158875077,0.3357567884807847,False,False,False,False,-50281470,-51157569.005263835,False,False,False,False,1039365.5471154129,False,False,False,False
2023-11-28 00:00:00+00:00,20.20971228,20.2681500022,19.8785651872,20.0246594928,1596421,,,,,,,,,,,,,,,,,,,,,,"rgba(38, 166, 154, 1.0)",0.0,0.0,0.7602105957413597,18.71205981989758,1.9700494422100325,0.0,0.0,0.0,0.0,0.0,0.0,0.0,0.0,69.24439802396913,14.47121526631507,True,False,True,False,True,8.502888848871795,0,0.9749175265374453,0.9143418156872625,False,False,False,False,0.34282822621007053,0.3392925073454276,False,False,False,False,-48685049,-51060607.43642996,False,False,False,False,1061210.85899324,False,False,False,False
2023-11-29 00:00:00+00:00,20.3850254467,20.5895574746,20.2438009513,20.4142443079,1488274,,,,,,,,,,,,,,,,,,,,,,"rgba(38, 166, 154, 1.0)",0.0,0.0,0.7759009526393849,18.73558911686466,2.1258336186138784,0.0,0.0,0.0,0.0,0.0,0.0,0.0,0.0,70.53691144148301,16.014943016352845,True,False,True,False,True,9.495042095883608,0,0.9862053260554691,0.902342467011348,False,False,False,False,0.34282822948233266,0.3410603684138801,False,False,False,False,-47196775,-50909084.59578565,False,False,False,False,1077958.4331503678,False,False,False,False
2023-11-30 00:00:00+00:00,20.4921612709,20.5214916544,20.2477414084,20.4041701204,1508893,,,,,,,,,,,,,,,,,,,,,,"rgba(38, 166, 154, 1.0)",0.0,0.0,0.7955829395689396,18.758211717884247,2.1794705074435545,0.0,0.0,0.0,0.0,0.0,0.0,0.0,0.0,71.85858542508365,17.52654213293752,True,False,True,False,True,10.098882623835244,0,0.9984081179317932,0.9014824410099342,False,False,False,False,0.3348548864797427,0.3379576274468114,False,False,False,False,-45687882,-50704331.552813664,False,False,False,False,1094857.8279287848,False,False,False,False
2023-12-01 00:00:00+00:00,20.7756883114,20.7854651059,20.3552861479,20.4237237094,905569,,,,,,,,,,,,,,,,,,,,,,"rgba(38, 166, 154, 1.0)",0.0,0.0,0.821863920433534,18.772971441015862,2.4367986239470185,0.0,0.0,0.0,0.0,0.0,0.0,0.0,0.0,73.84485661137201,19.599517709722605,True,False,True,False,True,11.675242300298862,0,1.016975963563634,0.8681476758103118,False,False,False,False,0.34282823070889396,0.3403929290778527,False,False,False,False,-44782313,-50472095.531134695,False,False,False,False,1087434.73663746,False,False,False,False
2023-12-04 00:00:00+00:00,20.4921612709,20.8050186949,20.4383889011,20.6681435719,1563228,,,,,,,,,,,,,,,,,,,,,,"rgba(38, 166, 154, 0.75)",0.0,0.0,0.8385312008038156,18.796490768457552,2.022191304052822,0.0,0.0,0.0,0.0,0.0,0.0,0.0,0.0,71.92319497383292,19.599517709722605,True,False,True,False,False,9.579008793466482,0,1.0203050902757864,0.8725396901958011,False,False,False,False,0.3428282310920681,0.34161058008496037,False,False,False,False,-46345541,-50310269.86324707,False,False,False,False,1106093.2959850107,False,False,False,False
2023-12-05 00:00:00+00:00,20.0033215459,20.3699513396,19.9935447514,20.3161789699,1069663,,,,,,,,,,,,,,,,,,,,,,"rgba(38, 166, 154, 0.75)",0.0,0.0,0.84527379116903,18.807617236010735,1.4145763448261932,0.0,0.0,0.0,0.0,0.0,0.0,0.0,0.0,66.28945809890078,20.856350671033425,True,False,True,False,False,6.127121617534023,0,1.000810828520752,0.9048622165582563,False,False,False,False,0.24324893363788908,0.2924297568614247,False,False,False,False,-47415204,-50196737.86860993,False,False,False,False,1104664.6569267751,False,False,False,False
2023-12-06 00:00:00+00:00,19.8860000119,20.4432772984,19.8566696284,20.1206430799,1341268,,,,,,,,,,,,,,,,,,,,,,"rgba(38, 166, 154, 0.75)",0.0,0.0,0.847015929507883,18.820349469565848,1.2581233778605494,0.0,0.0,0.0,0.0,0.0,0.0,0.0,0.0,61.649697368869205,16.7121790023196,True,False,True,False,False,5.3242870807719385,0,0.9856626141413081,0.8950438860540932,False,False,False,False,0.2362581365222661,0.2643439466918454,False,False,False,False,-48756472,-50140256.85415464,False,False,False,False,1113943.219400235,False,False,False,False
2023-12-07 00:00:00+00:00,20.1988574359,20.2575182029,19.9153303954,19.9739911624,1089575,,,,,,,,,,,,,,,,,,,,,,"rgba(38, 166, 154, 0.75)",0.0,0.0,0.8525574814713931,18.83087759330996,1.6045602464588076,0.0,0.0,0.0,0.0,0.0,0.0,0.0,0.0,60.52303889833874,15.882943318208149,True,False,True,False,False,7.151310440047972,0,0.9870515089686134,0.897244758578991,False,False,False,False,0.22234355715073087,0.24334375192128815,False,False,False,False,-47666897,-50043262.35007015,False,False,False,False,1112987.602953167,False,False,False,False
2023-12-08 00:00:00+00:00,20.3552861479,20.4432772984,20.171971251,20.1890806414,897564,,,,,,,,,,,,,,,,,,,,,,"rgba(38, 166, 154, 0.75)",0.0,0.0,0.8640211325072872,18.840775201574605,1.752863314732202,0.0,0.0,0.0,0.0,0.0,0.0,0.0,0.0,60.65911075180281,15.882943318208149,True,False,True,False,False,8.047038947728176,0,0.99247850985656,0.9006207544253857,False,False,False,False,0.2711811187179052,0.2572624353195967,False,False,False,False,-46769333,-49914872.96379289,False,False,False,False,1104539.618523631,False,False,False,False
2023-12-11 00:00:00+00:00,20.6779203664,20.8539026674,20.2770717919,20.2770717919,1429786,,,,,,,,,,,,,,,,,,,,,,"rgba(38, 166, 154, 0.75)",0.0,0.0,0.8827676659128099,18.85924338225573,2.0601989111865557,0.0,0.0,0.0,0.0,0.0,0.0,0.0,0.0,62.39603004326858,15.882943318208149,True,False,True,False,False,9.85700543096316,0,0.9834811071276228,0.8915868507774393,False,False,False,False,0.32977240306243516,0.2935174191910159,False,False,False,False,-45339547,-49735448.41619317,False,False,False,False,1117294.3785815279,False,False,False,False
2023-12-12 00:00:00+00:00,20.6485899829,20.7756883114,20.5508220379,20.7072507499,1085350,,,,,,,,,,,,,,,,,,,,,,"rgba(38, 166, 154, 0.75)",0.0,0.0,0.8985420670007508,18.873253619056705,1.9757966032343937,0.0,0.0,0.0,0.0,0.0,0.0,0.0,0.0,63.27989094052752,15.882943318208149,True,False,True,False,False,9.644738690177505,0,1.0115521733216772,0.8864772087559709,False,False,False,False,0.34282823139330165,0.3181728252921588,False,False,False,False,-46424897,-49605622.87046011,False,False,False,False,1116041.6578528406,False,False,False,False
2023-12-13 00:00:00+00:00,21.2743048308,21.3720727758,20.5166032571,20.5703756269,1281460,,,,,,,,,,,,,,,,,,,,,,"rgba(38, 166, 154, 1.0)",0.0,0.0,0.9305915530324195,18.89322628691147,2.5586719932386672,0.0,0.0,0.0,0.0,0.0,0.0,0.0,0.0,66.50880630870961,11.003013715381655,True,False,True,False,True,13.019786736913684,0,1.0174044696548052,0.8523360024719021,False,False,False,False,0.3428282332431202,0.3305005292676395,False,False,False,False,-45143437,-49430635.189265594,False,False,False,False,1122528.6516625332,False,False,False,False
2023-12-14 00:00:00+00:00,21.9097964733,22.2422074863,21.4502871318,21.5089478988,1530619,,,,,,,,,,,,,,,,,,,,,,"rgba(38, 166, 154, 1.0)",0.0,0.0,0.9786026617953923,18.925701442373242,3.049342851216028,0.0,0.0,0.0,0.0,0.0,0.0,0.0,0.0,70.48157075768945,14.739124557786639,True,False,True,False,True,16.168386584853334,0,1.057880201258975,0.8098610954517064,False,False,False,False,0.34282823758284936,0.3366643834252444,False,False,False,False,-43612818,-49202485.49556891,False,False,False,False,1138532.1947345906,False,False,False,False
2023-12-15 00:00:00+00:00,21.8609125008,21.9928992265,21.7044837888,21.8706892953,1488334,,,,,,,,,,,,,,,,,,,,,,"rgba(38, 166, 154, 1.0)",0.0,0.0,1.0214848021422482,18.95591622795694,2.8438957356494488,0.0,0.0,0.0,0.0,0.0,0.0,0.0,0.0,72.6907779709934,16.759400782080007,True,False,True,False,True,15.806301227822946,0,1.0637062339844443,0.8210123041951692,False,False,False,False,0.3428282375921944,0.3397463105087194,False,False,False,False,-45101152,-49041648.88789954,False,False,False,False,1152249.912588136,False,False,False,False
2023-12-18 00:00:00+00:00,21.7142605833,21.9977876238,21.6849301998,21.9000196788,1016056,,,,,,,,,,,,,,,,,,,,,,"rgba(38, 166, 154, 1.0)",0.0,0.0,1.0569071120714593,18.975512890117994,2.591285139348021,0.0,0.0,0.0,0.0,0.0,0.0,0.0,0.0,72.81313362432695,16.905118532737134,True,False,True,False,True,14.715540359034012,0,1.0717183813847426,0.8274367975641838,False,False,False,False,0.3415951617077265,0.34067073610822296,False,False,False,False,-46117208,-48926964.93151133,False,False,False,False,1146908.9748395816,False,False,False,False
2023-12-19 00:00:00+00:00,21.7044837888,21.9880108293,21.6800418026,21.9586804458,1593749,,,,,,,,,,,,,,,,,,,,,,"rgba(38, 166, 154, 1.0)",0.0,0.0,1.0874581296062589,19.005223463958465,2.4821740270762147,0.0,0.0,0.0,0.0,0.0,0.0,0.0,0.0,72.80123448629243,17.072563008885254,True,False,True,False,True,14.642290098912465,0,1.064869516047785,0.8260941881236619,False,False,False,False,0.34036308518463,0.3405169106464265,False,False,False,False,-47710957,-48879278.34596186,False,False,False,False,1164432.1130811668,False,False,False,False
2023-12-20 00:00:00+00:00,22.1639931303,22.3839710065,21.6067158438,21.7826981448,3348148,,,,,,,,,,,,,,,,,,,,,,"rgba(38, 166, 154, 1.0)",0.0,0.0,1.133758117950338,19.07034119896941,2.7286701478472697,0.0,0.0,0.0,0.0,0.0,0.0,0.0,0.0,74.29578275405527,18.726239527444903,True,False,True,False,True,16.916678943304124,0,1.0482410457626352,0.8229097875644411,False,False,False,False,0.3428282381345157,0.34167257439047105,False,False,False,False,-44362809,-48702161.90102218,False,False,False,False,1250068.0302152387,False,False,False,False
2023-12-21 00:00:00+00:00,22.7994847728,22.863033937,22.3693058148,22.4084129928,2443914,,,,,,,,,,,,,,,,,,,,,,"rgba(38, 166, 154, 1.0)",0.0,0.0,1.199821584638819,19.125356251022406,3.062229058734272,0.0,0.0,0.0,0.0,0.0,0.0,0.0,0.0,76.81563030927384,21.301315050187767,True,False,True,False,True,19.849405580938253,0,1.075909077580974,0.7955255081557459,False,False,False,False,0.34282824008953555,0.34225040724000333,False,False,False,False,-41918895,-48436151.43431543,False,False,False,False,1296885.519226406,False,False,False,False
2023-12-22 00:00:00+00:00,22.9363598957,23.0243510462,22.8190383618,22.9070295122,1012223,,,,,,,,,,,,,,,,,,,,,,"rgba(38, 166, 154, 1.0)",0.0,0.0,1.2682522506940124,19.149033524319112,2.9862563770798674,0.0,0.0,0.0,0.0,0.0,0.0,0.0,0.0,78.77073225248019,23.285020010548962,True,False,True,False,True,20.0,0,1.1056993354529097,0.7804307775260142,False,False,False,False,0.34282824088888275,0.34253932406444304,False,False,False,False,-40906672,-48140877.73100895,False,False,False,False,1285722.2831783118,False,False,False,False
2023-12-26 00:00:00+00:00,23.0634582242,23.214998539,22.9168063067,23.0536814297,706705,,,,,,,,,,,,,,,,,,,,,,"rgba(38, 166, 154, 1.0)",0.0,0.0,1.3382364396026927,19.394025737718515,2.7419911593282422,0.0,0.0,0.0,0.0,0.0,0.0,0.0,0.0,80.33052750664721,24.88707642883547,True,False,True,False,True,20.0,0,1.1128700220848156,0.7611705052775486,False,False,False,False,0.34282824123598143,0.34268378265021227,False,False,False,False,-40199967,-47829469.46704781,False,False,False,False,1263015.7230536721,False,False,False,False
2023-12-27 00:00:00+00:00,22.9852438682,23.1609328654,22.921694704,23.0732350187,649720,,,,,,,,,,,,,,,,,,,,,,"rgba(38, 166, 154, 1.0)",0.0,0.0,1.4003324990197947,19.407806416130796,2.5547057249427123,0.0,0.0,0.0,0.0,0.0,0.0,0.0,0.0,80.55852282554444,25.27662714284679,True,False,True,False,True,20.0,0,1.110538114805126,0.7745786619474821,False,False,False,False,0.3395910537817436,0.34113741821597793,False,False,False,False,-40849687,-47555752.50755574,False,False,False,False,1238964.9103849006,False,False,False,False
2023-12-28 00:00:00+00:00,22.9461366902,23.0439046352,22.7799311838,23.0145742517,779238,,,,,,,,,,,,,,,,,,,,,,"rgba(38, 166, 154, 1.0)",0.0,0.0,1.4559528881522228,19.422594542797874,2.4200935181865115,0.0,0.0,0.0,0.0,0.0,0.0,0.0,0.0,80.28387344905836,25.27662714284679,True,False,True,False,True,20.0,0,1.1129151343749084,0.7764742231183418,False,False,False,False,0.322666264259687,0.33190184123783245,False,False,False,False,-41628925,-47323327.8994163,False,False,False,False,1220936.4040952967,False,False,False,False
2023-12-29 00:00:00+00:00,22.6235024718,22.8776991288,22.5941720883,22.8092615673,685421,,,,,,,,,,,,,,,,,,,,,,"rgba(38, 166, 154, 0.75)",0.0,0.0,1.4974357464107295,19.432690355439636,2.1308507720672236,0.0,0.0,0.0,0.0,0.0,0.0,0.0,0.0,76.7679697548026,25.27662714284679,True,False,True,False,False,17.54389868189323,0,1.135229314987028,0.768701583769608,False,False,False,False,0.2999295174321429,0.31591567933498765,False,False,False,False,-42314346,-47126897.23669409,False,False,False,False,1199935.8000131282,False,False,False,False
2024-01-02 00:00:00+00:00,22.3008682533,22.5452881158,22.119997555,22.4084129928,968780,,,,,,,,,,,,,,,,,,,,,,"rgba(38, 166, 154, 0.75)",0.0,0.0,1.5301342699639668,19.441811970807937,1.8685002608035113,0.0,0.0,0.0,0.0,0.0,0.0,0.0,0.0,71.60632541393642,26.923711710761197,True,False,True,False,False,15.084482049821741,0,1.1168519259301137,0.7717421387857931,False,False,False,False,0.24890035642354996,0.28240801787926884,False,False,False,False,-43283126,-46976161.10976491,False,False,False,False,1190870.86667928,False,False,False,False
2024-01-03 00:00:00+00:00,21.8315821173,22.0075644183,21.7191489806,21.9977876238,1272351,,,,,,,,,,,,,,,,,,,,,,"rgba(38, 166, 154, 0.75)",0.0,0.0,1.5500902243134922,19.448226141549313,1.53755951645088,0.0,0.0,0.0,0.0,0.0,0.0,0.0,0.0,64.84694288400561,20.77614882503434,True,False,True,False,False,11.665992543039295,0,1.0967076802044045,0.7780511044078119,False,False,False,False,0.19106236640905977,0.2367351921441643,False,False,False,False,-44555477,-46881232.32114668,False,False,False,False,1194066.1660251906,False,False,False,False
2024-01-04 00:00:00+00:00,21.7142605833,21.9293500623,21.6067158438,21.8609125008,1288417,,,,,,,,,,,,,,,,,,,,,,"rgba(38, 166, 154, 0.5)",0.0,0.0,1.5671724461526977,19.457183857936556,1.4402223130609617,0.0,0.0,0.0,0.0,0.0,0.0,0.0,0.0,59.6090730351999,16.234942718186588,False,False,True,False,False,10.83506540987041,0,1.0977238596803014,0.7777395852616784,False,False,False,False,0.1794785763815661,0.20810688426286522,False,False,False,False,-45843894,-46840552.386984065,False,False,False,False,1197766.198730085,False,False,False,False
2024-01-05 00:00:00+00:00,21.8511357063,22.0654430417,21.6947069943,21.7142605833,1099573,,,,,,,,,,,,,,,,,,,,,,"rgba(38, 166, 154, 0.5)",0.0,0.0,1.5855076609607135,19.468425261429445,1.5028060119411772,0.0,0.0,0.0,0.0,0.0,0.0,0.0,0.0,56.99921901051355,14.142318858500843,False,False,True,False,False,11.559174113392434,0,1.1012159739701484,0.7722005635423314,False,False,False,False,0.19309913155125097,0.2006030079070581,False,False,False,False,-44744321,-46758347.23455332,False,False,False,False,1193915.4850543956,False,False,False,False
2024-01-08 00:00:00+00:00,22.0760019798,22.0955555688,21.7826981448,21.8022517338,1080892,,,,,,,,,,,,,,,,,,,,,,"rgba(38, 166, 154, 0.5)",0.0,0.0,1.604401779758099,19.48162252116466,1.6170385070418611,0.0,0.0,0.0,0.0,0.0,0.0,0.0,0.0,56.640549204027685,13.974306376917355,False,False,True,False,False,12.737076349188843,0,1.1393407409471479,0.7611856784700197,False,False,False,False,0.19892036022621382,0.19976168406663597,False,False,False,False,-43663429,-46636977.89202182,False,False,False,False,1189483.1915228507,False,False,False,False
2024-01-09 00:00:00+00:00,22.1542163358,22.1639931303,21.7533677613,21.8022517338,1339899,,,,,,,,,,,,,,,,,,,,,,"rgba(38, 166, 154, 0.5)",0.0,0.0,1.6202021770298072,19.498802939627822,1.638939531015904,0.0,0.0,0.0,0.0,0.0,0.0,0.0,0.0,56.869118238557284,13.974306376917355,False,False,True,False,False,13.144694439458632,0,1.1451263302073902,0.8103678911097005,False,False,False,False,0.20133402930761804,0.200547856687127,False,False,False,False,-42323530,-46467823.072726846,False,False,False,False,1195381.8506788174,False,False,False,False
2024-01-10 00:00:00+00:00,22.1639931303,22.2715378698,21.9391268568,22.1835467193,1252653,,,,,,,,,,,,,,,,,,,,,,"rgba(38, 166, 154, 0.5)",0.0,0.0,1.636144937842243,19.51616727850027,1.6183320869431639,0.0,0.0,0.0,0.0,0.0,0.0,0.0,0.0,57.083485598447,13.974306376917355,False,True,True,False,False,13.196303069600766,0,1.1494244447165411,0.7537537803147302,False,False,False,False,0.21951259624065977,0.21003022646389338,False,False,False,False,-41070877,-46256178.12869834,False,False,False,False,1197627.7781031777,False,False,False,False
2024-01-11 00:00:00+00:00,22.1248859523,22.2422074863,21.9684572403,22.2128771028,1343000,,,,,,,,,,,,,,,,,,,,,,"rgba(38, 166, 154, 0.5)",0.0,0.0,1.653817571850742,19.534352603418363,1.5663960723205064,0.0,0.0,0.0,0.0,0.0,0.0,0.0,0.0,56.865726169216295,13.59527206396865,False,True,True,False,False,12.896971033355364,0,1.1541547300748602,0.7479642332102299,False,False,False,False,0.21951259624065977,0.21477141135227656,False,False,False,False,-42413877,-46105499.65306311,False,False,False,False,1203328.649550112,False,False,False,False
2024-01-12 00:00:00+00:00,21.7435909668,22.3301986368,21.7240373778,22.3106450478,2367598,,,,,,,,,,,,,,,,,,,,,,#000000,0.0,0.0,1.6599255917065925,19.561890388334042,1.3143363710796943,0.0,0.0,0.0,0.0,0.0,0.0,0.0,0.0,53.56237605127274,10.150236061494219,False,True,False,False,False,10.02597252432886,0,1.1358416517503487,0.746600268348564,False,False,False,False,0.20980032434950596,0.21228586785089126,False,False,False,False,-44781475,-46053577.11764887,False,False,False,False,1248986.2711363821,False,False,False,False
2024-01-16 00:00:00+00:00,21.5578318713,21.5969390493,21.2791932281,21.5480550768,1086185,,,,,,,,,,,,,,,,,,,,,,"rgba(239, 83, 80, 1.0)",0.0,0.0,1.6644774726636147,19.57006441361376,1.1942291141407115,0.0,0.0,0.0,0.0,0.0,0.0,0.0,0.0,50.068097780784264,6.665758560116075,False,True,False,True,False,8.66741409232803,0,1.133159067168045,0.7716262523933851,False,False,False,False,0.12137791030751517,0.1668318890792032,False,False,False,False,-45867660,-46046286.25029009,False,False,False,False,1242601.9075624063,False,False,False,False
2024-01-17 00:00:00+00:00,21.2840816253,21.4014031593,21.2156440638,21.2156440638,867201,,,,,,,,,,,,,,,,,,,,,,"rgba(239, 83, 80, 1.0)",0.0,0.0,1.667734297945042,19.69944266104093,0.9501747168068918,0.0,0.0,0.0,0.0,0.0,0.0,0.0,0.0,46.04379194354328,2.80034927732369,False,True,False,True,False,6.7042803931496024,0,1.1070180935905392,0.7957943507332893,False,False,False,False,0.07595877813025159,0.1213953336047274,False,False,False,False,-46734861,-46073289.181651264,False,False,False,False,1227880.3033442728,False,False,False,False
2024-01-18 00:00:00+00:00,21.8706892953,21.8951312816,21.3867379676,21.4209567483,1034227,,,,,,,,,,,,,,,,,,,,,,"rgba(239, 83, 80, 1.0)",0.0,0.0,1.6781230806631944,19.72050008563746,1.2813060224478792,0.0,0.0,0.0,0.0,0.0,0.0,0.0,0.0,47.859319405273396,2.80034927732369,False,True,False,True,False,10.037204177951676,0,1.0931362133852403,0.7963199681622328,False,False,False,False,0.12453269557367515,0.12296401458920128,False,False,False,False,-45700634,-46058675.25295906,False,False,False,False,1220286.0561543014,False,False,False,False
2024-01-19 00:00:00+00:00,22.4670737598,22.6528328553,21.6458230218,21.8022517338,3236408,,,,,,,,,,,,,,,,,,,,,,#000000,0.0,0.0,1.6952301741558562,19.786790852750876,1.5810731474171515,0.0,0.0,0.0,0.0,0.0,0.0,0.0,0.0,52.23500767036366,2.80034927732369,False,True,False,False,True,13.167608607917597,0,1.0842785016752667,0.7680267828918461,False,False,False,False,0.20005358305963145,0.16150879882441638,False,False,False,False,-42464226,-45917716.45872537,False,False,False,False,1299349.6617953093,False,False,False,False
2024-01-22 00:00:00+00:00,22.6235024718,22.7897079783,22.5061809378,22.5452881158,1445096,,,,,,,,,,,,,,,,,,,,,,"rgba(38, 166, 154, 0.5)",0.0,0.0,1.711249412682636,19.816702502506576,1.6402050738432974,0.0,0.0,0.0,0.0,0.0,0.0,0.0,0.0,55.847365032774356,-1.4715471600033823,False,True,True,False,True,13.954927061753295,0,1.139177114400221,0.7517514277612218,False,False,False,False,0.2763748567781166,0.21894182780126648,False,False,False,False,-41019130,-45725615.02897144,False,False,False,False,1305065.204470003,False,False,False,False
2024-01-23 00:00:00+00:00,22.4768505543,22.8679223343,22.2275422945,22.7994847728,1570122,,,,,,,,,,,,,,,,,,,,,,"rgba(38, 166, 154, 0.5)",0.0,0.0,1.7229722330415629,20.020933199158165,1.4253957829641888,0.0,0.0,0.0,0.0,0.0,0.0,0.0,0.0,57.157083086778904,-0.24970753405449386,False,True,True,False,True,12.88441526903172,0,1.130139730485695,0.7503738492118932,False,False,False,False,0.259681388459132,0.23931160813019925,False,False,False,False,-42589252,-45602620.40038433,False,False,False,False,1315459.5886084342,False,False,False,False
2024-01-24 00:00:00+00:00,21.9195732678,22.5452881158,21.9000196788,22.5452881158,1368072,,,,,,,,,,,,,,,,,,,,,,"rgba(38, 166, 154, 0.5)",0.0,0.0,1.7222222974200705,20.02576863979221,1.0996284456685719,0.0,0.0,0.0,0.0,0.0,0.0,0.0,0.0,54.45844539427529,-0.24970753405449386,False,True,True,False,True,8.966241588564035,0,1.1096942911567986,0.7728412550942714,False,False,False,False,0.209321211561272,0.22431640984573564,False,False,False,False,-43957324,-45538098.97291828,False,False,False,False,1317522.8204277114,False,False,False,False
2024-01-25 00:00:00+00:00,21.9880108293,22.2470958835,21.7924749393,22.0857787743,1350079,,,,,,,,,,,,,,,,,,,,,,#000000,0.0,0.0,1.727355559427743,20.032792289855553,1.1319143466283172,0.0,0.0,0.0,0.0,0.0,0.0,0.0,0.0,53.060800386122175,-0.24970753405449386,False,True,False,False,True,9.33311424515417,1,1.1065022892112966,0.787114513307084,False,False,False,False,0.17183202293969008,0.19807421639271286,False,False,False,False,-42607245,-45423163.52299992,False,False,False,False,1318799.5333521147,False,False,False,False
2024-01-26 00:00:00+00:00,22.0173412128,22.2470958835,21.9733456376,22.2128771028,857875,,,,,,,,,,,,,,,,,,,,,,#000000,0.0,0.0,1.7295746639973593,20.03993157517251,1.1432924399212354,0.0,0.0,0.0,0.0,0.0,0.0,0.0,0.0,52.311779205531984,-0.24970753405449386,False,True,False,False,False,9.49227609460603,1,1.1033631769580499,0.7923340197669688,False,False,False,False,0.15264846072556912,0.175361338559141,False,False,False,False,-41749370,-45279093.18876463,False,False,False,False,1300724.0614559534,False,False,False,False
2024-01-29 00:00:00+00:00,22.3204218423,22.374194212,21.8315821173,21.9391268568,850509,,,,,,,,,,,,,,,,,,,,,,#000000,0.0,0.0,1.7362411689461108,20.04887224782737,1.3083145562384344,0.0,0.0,0.0,0.0,0.0,0.0,0.0,0.0,53.637972184520805,-0.24970753405449386,False,True,False,False,False,11.124725388058256,1,1.091219747180318,0.8213645564252415,False,False,False,False,0.1386663290783049,0.15701383381872294,False,False,False,False,-40898861,-45107319.37744053,False,False,False,False,1283068.5688498376,False,False,False,False
2024-01-30 00:00:00+00:00,22.2128771028,22.4181897873,22.1346627468,22.2617610753,777645,,,,,,,,,,,,,,,,,,,,,,"rgba(38, 166, 154, 0.5)",0.0,0.0,1.7403337948289055,20.05809847708068,1.2381410003769762,0.0,0.0,0.0,0.0,0.0,0.0,0.0,0.0,53.74060010006438,-0.24970753405449386,False,True,True,False,False,10.354569074465442,1,1.0820140605626127,0.8271201254101691,False,False,False,False,0.17416199252907355,0.16558791317389826,False,False,False,False,-41676506,-44972777.67636443,False,False,False,False,1263248.0367380793,False,False,False,False
2024-01-31 00:00:00+00:00,21.7338141723,22.2617610753,21.7338141723,22.1933235138,1383788,,,,,,,,,,,,,,,,,,,,,,#000000,0.0,0.0,1.7350983684329602,20.066463834665367,0.9609543573834881,0.0,0.0,0.0,0.0,0.0,0.0,0.0,0.0,50.76117897958342,-0.24970753405449386,False,True,False,False,False,7.0206758045389,1,1.0629352656254085,0.8258342201030511,False,False,False,False,0.10613917062267418,0.13586354189828623,False,False,False,False,-43060294,-44897778.316507004,False,False,False,False,1267975.0941208997,False,False,False,False
2024-02-01 00:00:00+00:00,21.9391268568,21.9880108293,21.5285014878,21.8511357063,826989,,,,,,,,,,,,,,,,,,,,,,#000000,0.0,0.0,1.7282851962490946,20.070718135065203,1.0810766219544174,0.0,0.0,0.0,0.0,0.0,0.0,0.0,0.0,50.13629678016669,-0.24970753405449386,False,True,False,False,False,8.162352698344172,1,1.044248323447008,0.8474395588336452,False,False,False,False,0.052707256947585,0.09428539942293561,False,False,False,False,-42233305,-44793289.16684006,False,False,False,False,1250681.521802433,False,False,False,False
2024-02-02 00:00:00+00:00,21.7631445558,21.8364705146,21.4453987346,21.7044837888,1416380,,,,,,,,,,,,,,,,,,,,,,#000000,0.0,0.0,1.7206567102249275,20.075953497343683,0.980550651637981,0.0,0.0,0.0,0.0,0.0,0.0,0.0,0.0,48.657006113545485,4.751862885935637,False,True,False,False,False,6.9584613321815,1,1.0353043680823737,0.8559211240728344,False,False,False,False,0.027782675803438826,0.061034037613187216,False,False,False,False,-43649685,-44748441.94461104,False,False,False,False,1257179.5013395925,False,False,False,False
2024-02-05 00:00:00+00:00,21.3134120088,21.5138362961,21.0983225298,21.5089478988,1682036,,,,,,,,,,,,,,,,,,,,,,"rgba(239, 83, 80, 1.0)",0.0,0.0,1.7094436223771894,20.185608500495313,0.6597488759157435,0.0,0.0,0.0,0.0,0.0,0.0,0.0,0.0,45.31089018626659,1.359043429661,False,True,False,True,False,3.9770579822193355,1,1.0049871383929279,0.8611639203950068,False,False,False,False,-0.04327161133140287,0.008881213140892172,False,False,False,False,-45331721,-44771315.63305767,False,False,False,False,1273840.5405027457,False,False,False,False
2024-02-06 00:00:00+00:00,21.7533677613,21.7729213503,21.4111799538,21.4111799538,1179149,,,,,,,,,,,,,,,,,,,,,,"rgba(239, 83, 80, 1.0)",0.0,0.0,1.6888176055796436,20.197707840727332,0.9211533059774851,0.0,0.0,0.0,0.0,0.0,0.0,0.0,0.0,46.0037383500446,1.359043429661,False,True,False,True,False,6.4657060656339205,1,1.01676248545797,0.8449607546952524,False,False,False,False,0.008088106932598734,0.008484660036745452,False,False,False,False,-44152572,-44747051.17685933,False,False,False,False,1270127.14675754,False,False,False,False
2024-02-07 00:00:00+00:00,22.0564483908,22.1297743495,21.7191489806,21.8706892953,1103333,,,,,,,,,,,,,,,,,,,,,,#000000,0.0,0.0,1.6679973322190793,20.214183442967418,1.104477154877496,0.0,0.0,0.0,0.0,0.0,0.0,0.0,0.0,48.178987580023005,1.359043429661,False,True,False,False,True,8.113216766194533,1,1.0242406447693089,0.8350025893091217,False,False,False,False,0.08086746174124966,0.04467606088899756,False,False,False,False,-43049239,-44680470.30717857,False,False,False,False,1263586.199825872,False,False,False,False
2024-02-08 00:00:00+00:00,22.2226538973,22.2862030615,21.9195732678,22.0173412128,862822,,,,,,,,,,,,,,,,,,,,,,#000000,0.0,0.0,1.6449952908944312,20.227929966647864,1.212601605423166,0.0,0.0,0.0,0.0,0.0,0.0,0.0,0.0,50.50981261031438,1.359043429661,False,True,False,False,True,9.001023941553488,1,1.0346711296289839,0.8282016547943581,False,False,False,False,0.11815584143523973,0.08141595116211864,False,False,False,False,-42186417,-44582664.295132354,False,False,False,False,1247869.9566954456,False,False,False,False
2024-02-09 00:00:00+00:00,22.4670737598,22.5159577323,22.1248859523,22.2519842808,1115563,,,,,,,,,,,,,,,,,,,,,,"rgba(38, 166, 154, 0.5)",0.0,0.0,1.618106357170138,20.248215886526797,1.3712682503477118,0.0,0.0,0.0,0.0,0.0,0.0,0.0,0.0,53.29789028822175,-2.555631796771152,False,True,True,False,True,10.28991241528907,1,1.0458869363594419,0.8227976216027199,False,False,False,False,0.1663831616275422,0.12389955639483041,False,False,False,False,-41070854,-44444946.244342856,False,False,False,False,1242681.448589742,False,False,False,False
2024-02-12 00:00:00+00:00,22.6821632388,22.941248293,22.4670737598,22.4768505543,993658,,,,,,,,,,,,,,,,,,,,,,"rgba(38, 166, 154, 0.5)",0.0,0.0,1.595638688416136,20.269974778641412,1.5117385142829403,0.0,0.0,0.0,0.0,0.0,0.0,0.0,0.0,56.17149213458598,0.20338001136541095,False,True,True,False,True,11.405122968586948,1,1.0461821441921968,0.8204631745193363,False,False,False,False,0.25527279056201146,0.18958617347842094,False,False,False,False,-40077196,-44273661.9210353,False,False,False,False,1232915.8231548502,False,False,False,False
2024-02-13 00:00:00+00:00,22.1737699248,22.4084129928,21.9537920486,22.1346627468,1259164,,,,,,,,,,,,,,,,,,,,,,"rgba(38, 166, 154, 0.5)",0.0,0.0,1.5425131813594584,20.283992622096747,1.2251287869305207,0.0,0.0,0.0,0.0,0.0,0.0,0.0,0.0,54.7557043963396,0.20338001136541095,False,True,True,False,True,7.9569255805404175,1,1.0162300707363099,0.8322190089979915,False,False,False,False,0.13481411339281843,0.16220014343561967,False,False,False,False,-41336360,-44158473.610406466,False,False,False,False,1233945.1634232874,False,False,False,False
2024-02-14 00:00:00+00:00,22.6821632388,22.784819581,22.256872678,22.4181897873,1418834,,,,,,,,,,,,,,,,,,,,,,"rgba(38, 166, 154, 0.5)",0.0,0.0,1.5119433047945208,20.30733693195536,1.5707112160316032,0.0,0.0,0.0,0.0,0.0,0.0,0.0,0.0,56.228192760728774,0.2501911083795676,False,True,True,False,True,10.580212757762514,1,1.020914901445583,0.8251514238919943,False,False,False,False,0.21239908105713332,0.18729961224637648,False,False,False,False,-39917526,-43992161.939410135,False,False,False,False,1241195.706034139,False,False,False,False
2024-02-15 00:00:00+00:00,23.3078780867,23.3274316757,22.8288151563,22.8288151563,1197876,,,,,,,,,,,,,,,,,,,,,,"rgba(38, 166, 154, 0.5)",0.0,0.0,1.4798391940738527,20.335443603138206,2.0086199199650694,0.0,0.0,0.0,0.0,0.0,0.0,0.0,0.0,59.51697617302166,3.446165049932816,False,False,True,False,True,13.597578583465129,0,1.0351364534520784,0.8026158056264674,False,False,False,False,0.34282822965830584,0.26506392095234116,False,False,False,False,-38719650,-43785396.76531562,False,False,False,False,1239496.8940328003,False,False,False,False
2024-02-16 00:00:00+00:00,23.3274316757,23.6011819217,23.1318957857,23.1318957857,1840939,,,,,,,,,,,,,,,,,,,,,,"rgba(38, 166, 154, 0.5)",0.0,0.0,1.4496657474153591,20.582777321178632,1.8933015141006633,0.0,0.0,0.0,0.0,0.0,0.0,0.0,0.0,61.77497927084618,5.620183843899682,False,False,True,False,True,13.689152112102931,0,1.0662213282332254,0.777537725471336,False,False,False,False,0.3428282318351586,0.3039460763937499,False,False,False,False,-36878711,-43514546.343146384,False,False,False,False,1263082.8589726905,False,False,False,False
2024-02-20 00:00:00+00:00,22.9559134847,23.2296637307,22.8483687453,22.9754670737,1999188,,,,,,,,,,,,,,,,,,,,,,"rgba(38, 166, 154, 0.5)",0.0,0.0,1.4090008664537985,20.60802329045596,1.6663511358607308,0.0,0.0,0.0,0.0,0.0,0.0,0.0,0.0,60.89357858078351,5.620183843899682,False,False,True,False,True,11.196835017439277,0,1.0561297887054646,0.7912803412794605,False,False,False,False,0.2705089410618875,0.28722750872781866,False,False,False,False,-38877899,-43332717.035572015,False,False,False,False,1291949.7272482715,False,False,False,False
2024-02-21 00:00:00+00:00,22.4866273488,22.6723864443,20.9418938179,21.4698407208,3472754,,,,,,,,,,,,,,,,,,,,,,"rgba(38, 166, 154, 0.5)",-1.0,22.306871,1.3526760567683822,20.7300406770592,1.2986011417525798,0.0,0.0,0.0,0.0,0.0,0.0,0.0,0.0,57.73388931983868,5.620183843899682,False,False,True,False,False,8.183807129458707,0,0.978236706909563,0.8095711854089894,False,False,True,False,-0.006460348143036537,0.14038358029239106,False,False,False,False,-42350653,-43294204.72045154,False,False,False,False,1377471.4634346138,False,False,False,False
2024-02-22 00:00:00+00:00,23.0145742517,23.3176548812,22.7799311838,22.7799311838,1667191,,,,,,,,,,,,,,,,,,,,,,"rgba(38, 166, 154, 0.5)",0.0,0.0,1.31483429261824,20.775126176710796,1.7032169662458185,0.0,0.0,0.0,0.0,0.0,0.0,0.0,0.0,57.87912515381754,5.620183843899682,False,False,True,False,False,10.761514263630634,0,1.0287980109479453,0.7928063899377714,False,False,False,False,0.26089329235848424,0.20063843632543765,False,False,False,False,-40683462,-43191822.65298285,False,False,False,False,1388833.0138881584,False,False,False,False
2024-02-23 00:00:00+00:00,22.8679223343,23.078123416,22.5746184993,23.0145742517,1584807,,,,,,,,,,,,,,,,,,,,,,"rgba(38, 166, 154, 0.5)",0.0,0.0,1.294560812173907,20.80138751396389,1.596321162283492,0.0,0.0,0.0,0.0,0.0,0.0,0.0,0.0,57.18577941305168,5.620183843899682,False,False,True,False,False,9.83384657513999,0,1.0167753889842817,0.817567644859794,False,False,False,False,0.2007742870173918,0.20070636167141473,False,False,False,False,-42268269,-43155604.862669796,False,False,False,False,1396518.2682454854,False,False,False,False
2024-02-26 00:00:00+00:00,22.8483687453,23.0144764838,22.7163820195,22.8385919508,1298877,,,,,,,,,,,,,,,,,,,,,,"rgba(38, 166, 154, 0.5)",0.0,0.0,1.2695580411477059,20.820991353307118,1.5969158764573634,0.0,0.0,0.0,0.0,0.0,0.0,0.0,0.0,56.61304064712431,5.620183843899682,False,False,True,False,False,9.709181977851895,0,1.0115952828135186,0.8175206624239524,False,False,False,False,0.19592703651595997,0.19831669909368735,False,False,False,False,-43567146,-43171743.73080039,False,False,False,False,1392689.1989025252,False,False,False,False
2024-02-27 00:00:00+00:00,22.8776991288,23.136784183,22.8288151563,23.0243510462,927613,,,,,,,,,,,,,,,,,,,,,,"rgba(38, 166, 154, 0.5)",0.0,0.0,1.2311860031600559,20.83559551195095,1.6586475249130774,0.0,0.0,0.0,0.0,0.0,0.0,0.0,0.0,56.375323868690344,5.620183843899682,False,False,True,False,False,9.855708259602487,0,1.0176741584452382,0.8323868271266962,False,False,False,False,0.21012048878420747,0.20421859393894742,False,False,False,False,-42639533,-43150872.721749395,False,False,False,False,1374450.9165926224,False,False,False,False
2024-02-28 00:00:00+00:00,22.8288151563,22.9852438682,22.7114936223,22.7603775948,777264,,,,,,,,,,,,,,,,,,,,,,"rgba(38, 166, 154, 0.5)",0.0,0.0,1.192617024605781,20.845760589047522,1.6627756658999353,0.0,0.0,0.0,0.0,0.0,0.0,0.0,0.0,55.89100516819059,5.620183843899682,False,False,True,False,False,9.53307231758549,0,0.9824237630792698,0.8701755227046766,False,False,False,False,0.16551642552733686,0.18486750973314214,False,False,False,False,-43416797,-43161301.12481805,False,False,False,False,1351031.8218242843,False,False,False,False
2024-02-29 00:00:00+00:00,23.0536814297,23.0978267772,22.828049654,22.9653907349,1670839,,,,,,,,,,,,,,,,,,,,,,"rgba(38, 166, 154, 0.5)",0.0,0.0,1.148143481834859,20.87074901121625,1.9012714464878406,0.0,0.0,0.0,0.0,0.0,0.0,0.0,0.0,56.789599410503286,5.620183843899682,False,False,True,False,False,10.68096934263226,0,0.9767823664139779,0.8552791775731041,False,False,False,False,0.2034825262690086,0.19417501800107537,False,False,False,False,-41745958,-43105797.4728644,False,False,False,False,1363573.2797919593,False,False,False,False
2024-03-01 00:00:00+00:00,23.1812124334,23.3381736687,22.9457705805,22.9457705805,1131576,,,,,,,,,,,,,,,,,,,,,,"rgba(38, 166, 154, 0.5)",0.0,0.0,1.111999733778381,20.889544783593585,2.0608526964478013,0.0,0.0,0.0,0.0,0.0,0.0,0.0,0.0,58.054949371115654,5.620183843899682,False,False,True,False,False,11.327071475092787,1,0.982452472484027,0.8461518896887854,False,False,False,False,0.2640368592029066,0.22910593860199097,False,False,False,False,-40614382,-43008094.90530109,False,False,False,False,1354475.3472510984,False,False,False,False
2024-03-04 00:00:00+00:00,23.112541893,23.3455312266,23.0733015841,23.1223519702,892917,,,,,,,,,,,,,,,,,,,,,,"rgba(38, 166, 154, 0.5)",0.0,0.0,1.0708881125015457,20.904017413358194,2.062329811919187,0.0,0.0,0.0,0.0,0.0,0.0,0.0,0.0,58.337212201044125,5.620183843899682,False,False,True,False,True,10.853214957555622,1,0.9878317046600942,0.8452281099103826,False,False,False,False,0.2873251130640458,0.2582155258330184,False,False,False,False,-41507299,-42949240.16391674,False,False,False,False,1336375.019907918,False,False,False,False
2024-03-05 00:00:00+00:00,22.7691891908,23.1027318158,22.6514682644,22.9359605033,1449862,,,,,,,,,,,,,,,,,,,,,,"rgba(38, 166, 154, 0.5)",0.0,0.0,1.0555789329939327,20.919428766657347,1.7523658026180822,0.0,0.0,0.0,0.0,0.0,0.0,0.0,0.0,55.92199268120334,5.620183843899682,False,False,True,False,False,8.514351376593797,1,0.9728563260973802,0.8692114484638683,False,False,False,False,0.17498895828484798,0.2166022420589332,False,False,False,False,-42957161,-42949550.78493961,False,False,False,False,1340825.4897154507,False,False,False,False
2024-03-06 00:00:00+00:00,23.2498829738,23.259693051,22.9653907349,23.0536814297,1587452,,,,,,,,,,,,,,,,,,,,,,"rgba(38, 166, 154, 0.5)",0.0,0.0,1.0445440637688346,20.942632184355794,2.208859223343225,0.0,0.0,0.0,0.0,0.0,0.0,0.0,0.0,57.0763565098938,5.620183843899682,False,False,True,False,False,11.004910959936144,1,0.9542866542969463,0.8818885074450885,False,False,False,False,0.2539631502536038,0.23528269615626848,False,False,False,False,-41369709,-42887596.20513806,False,False,False,False,1350497.1175697467,False,False,False,False
2024-03-07 00:00:00+00:00,23.691336448,23.8679178377,23.4853248267,23.4853248267,1168532,,,,,,,,,,,,,,,,,,,,,,"rgba(38, 166, 154, 1.0)",0.0,0.0,1.0397818419976035,20.966995750527197,2.620107975956637,0.0,0.0,0.0,0.0,0.0,0.0,0.0,0.0,59.82590775692906,5.716633568478585,True,False,True,False,True,13.175221855780443,1,0.9490457538784122,0.8751136281759593,False,False,False,False,0.34282822317116374,0.2890554596637161,False,False,False,False,-40201177,-42782246.432387546,False,False,False,False,1343361.2306062272,False,False,False,False
2024-03-08 00:00:00+00:00,23.4951349039,23.9660186097,23.4558945951,23.7992472973,998641,,,,,,,,,,,,,,,,,,,,,,"rgba(38, 166, 154, 1.0)",0.0,0.0,1.030488649624644,20.986404799428175,2.434505324620149,0.0,0.0,0.0,0.0,0.0,0.0,0.0,0.0,60.205921451233365,6.139016305087466,True,False,True,False,True,11.839596951429819,1,0.9443103349261774,0.8799554221479922,False,False,False,False,0.3428282236172484,0.3159418416404822,False,False,False,False,-41199818,-42720190.41543117,False,False,False,False,1329842.7901902967,False,False,False,False
2024-03-11 00:00:00+00:00,23.5245651355,23.6815263708,23.2989333598,23.4657046723,881752,,,,,,,,,,,,,,,,,,,,,,"rgba(38, 166, 154, 1.0)",0.0,0.0,1.0232862864920749,21.00146327662065,2.4656852067555692,0.0,0.0,0.0,0.0,0.0,0.0,0.0,0.0,60.60096208873187,6.643529422898872,True,False,True,False,True,11.985694283798967,1,0.9380869631379359,0.889971445991644,False,False,False,False,0.276241798011662,0.29609181982607213,False,False,False,False,-40318066,-42625989.45796328,False,False,False,False,1312270.602339697,False,False,False,False
2024-03-12 00:00:00+00:00,23.6520961392,23.6717162936,23.4215593249,23.5539953672,668681,,,,,,,,,,,,,,,,,,,,,,"rgba(38, 166, 154, 1.0)",0.0,0.0,1.0115012274094182,21.01325669763818,2.6088346410811782,0.0,0.0,0.0,0.0,0.0,0.0,0.0,0.0,61.49942617332989,7.6530727413819335,True,False,True,False,True,12.623683212752436,1,0.9487519888233159,0.8855708862030061,False,False,False,False,0.2930111877057093,0.2945515037658907,False,False,False,False,-39649385,-42509259.871376485,False,False,False,False,1287031.794404807,False,False,False,False
2024-03-13 00:00:00+00:00,23.9463984553,24.1671251924,23.6128558304,23.6128558304,1684571,,,,,,,,,,,,,,,,,,,,,,"rgba(38, 166, 154, 1.0)",0.0,0.0,1.0066676517351154,21.048344751452532,2.8788584781206734,0.0,0.0,0.0,0.0,0.0,0.0,0.0,0.0,63.460409587494446,9.63462237878484,True,False,True,False,True,14.076172680311192,1,0.9670505238995153,0.8626896414427025,False,False,False,False,0.3428282257511887,0.31868986475853966,False,False,False,False,-37964814,-42331046.307793096,False,False,False,False,1302621.567173246,False,False,False,False
2024-03-14 00:00:00+00:00,23.6619062164,23.9954488413,23.4951349039,23.8581077605,836051,,,,,,,,,,,,,,,,,,,,,,"rgba(38, 166, 154, 1.0)",0.0,0.0,0.9952901614486073,21.06321320455135,2.6109903548793745,0.0,0.0,0.0,0.0,0.0,0.0,0.0,0.0,62.39035270011102,9.63462237878484,True,False,True,False,True,12.076112946353025,1,0.980571408530002,0.8593592114090703,False,False,False,False,0.3018886940067604,0.31028927938265005,False,False,False,False,-38800865,-42192607.82513454,False,False,False,False,1284324.68218606,False,False,False,False
2024-03-15 00:00:00+00:00,23.6520961392,23.8532027219,23.4362744407,23.4362744407,1189356,,,,,,,,,,,,,,,,,,,,,,"rgba(38, 166, 154, 0.75)",0.0,0.0,0.9800809924903394,21.082822347423164,2.6214912966003285,0.0,0.0,0.0,0.0,0.0,0.0,0.0,0.0,61.596672212617044,9.63462237878484,True,False,True,False,False,12.00737233389938,1,0.9970285992934828,0.8542934243565556,False,False,False,False,0.27401418601834787,0.292151732700499,False,False,False,False,-39990221,-42106239.71434495,False,False,False,False,1280600.4201395477,False,False,False,False
2024-03-18 00:00:00+00:00,23.6128558304,23.9414934167,23.593235676,23.7501969112,1416499,,,,,,,,,,,,,,,,,,,,,,"rgba(38, 166, 154, 0.75)",0.0,0.0,0.9665658471799671,21.10643732015084,2.5931171865443394,0.0,0.0,0.0,0.0,0.0,0.0,0.0,0.0,60.72168961706556,9.63462237878484,True,False,True,False,False,11.727920340843042,0,1.0079074764853169,0.8477221244324323,False,False,False,False,0.3080675158314994,0.3001096242659992,False,False,False,False,-41406720,-42078807.56868437,False,False,False,False,1285929.7762125067,False,False,False,False
2024-03-19 00:00:00+00:00,23.5245651355,23.7992472973,23.5147550583,23.6128558304,1203018,,,,,,,,,,,,,,,,,,,,,,"rgba(38, 166, 154, 0.75)",0.0,0.0,0.9539230346209431,21.12452058774324,2.5159729460883153,0.0,0.0,0.0,0.0,0.0,0.0,0.0,0.0,59.33168075209552,12.95518296413821,True,False,True,False,False,11.09306355873839,0,1.0011909398939651,0.8584662494330176,False,False,False,False,0.2773905611496562,0.2887500927078277,False,False,False,False,-42609738,-42099628.36991244,False,False,False,False,1282678.3340080946,False,False,False,False
2024-03-20 00:00:00+00:00,24.122979845,24.1622201538,23.5245651355,23.6030457532,1005809,,,,,,,,,,,,,,,,,,,,,,"rgba(38, 166, 154, 1.0)",0.0,0.0,0.9550277965251041,21.142622857675565,3.120701824772586,0.0,0.0,0.0,0.0,0.0,0.0,0.0,0.0,61.79801774722853,12.95518296413821,True,False,True,False,True,14.172545914802846,0,0.9980493076373068,0.8469945846171248,False,False,False,False,0.32952914969330926,0.3091396212005685,False,False,False,False,-41603929,-42080189.17893548,False,False,False,False,1271820.7130666007,False,False,False,False
2024-03-21 00:00:00+00:00,24.1524100766,24.4761426243,24.1425999994,24.2308906942,1556302,,,,,,,,,,,,,,,,,,,,,,"rgba(38, 166, 154, 1.0)",0.0,0.0,0.9612786237970299,21.174748460448136,3.0976051505131403,0.0,0.0,0.0,0.0,0.0,0.0,0.0,0.0,63.5810362206957,9.77724235301141,True,False,True,False,True,14.319284982197594,0,1.023203771914587,0.8360172521906767,False,False,False,False,0.3428282297538689,0.32598392547721866,False,False,False,False,-40047627,-42000480.85819291,False,False,False,False,1282976.8419659496,False,False,False,False
2024-03-22 00:00:00+00:00,24.2897511575,24.5742433964,24.172030231,24.2014604626,1708723,,,,,,,,,,,,,,,,,,,,,,"rgba(38, 166, 154, 1.0)",0.0,0.0,0.9618300052764,21.21002913872774,3.2019400537283538,0.0,0.0,0.0,0.0,0.0,0.0,0.0,0.0,65.43080092193023,11.508468240470435,True,False,True,False,True,15.008440083568338,0,1.016094353755811,0.8361964624410346,False,False,False,False,0.3428282302665931,0.3344060778719059,False,False,False,False,-38338904,-41856889.608852014,False,False,False,False,1299672.769731991,False,False,False,False
2024-03-25 00:00:00+00:00,24.2897511575,24.4957627788,24.2112705398,24.2897511575,921442,,,,,,,,,,,,,,,,,,,,,,"rgba(38, 166, 154, 1.0)",0.0,0.0,0.9443274778308142,21.22832302625431,3.2419136402532778,0.0,0.0,0.0,0.0,0.0,0.0,0.0,0.0,66.66397738941991,12.665515067254653,True,False,True,False,True,15.008440083568338,0,1.0164830374318496,0.8382286829708496,False,False,False,False,0.3380975595866178,0.33625181872926185,False,False,False,False,-38338904,-41718929.38889703,False,False,False,False,1284840.190526815,False,False,False,False
2024-03-26 00:00:00+00:00,24.2014604626,24.4369023155,24.2014604626,24.3878519295,1582605,,,,,,,,,,,,,,,,,,,,,,"rgba(38, 166, 154, 1.0)",0.0,0.0,0.9162350524588415,21.258054258925355,3.212501198001117,0.0,0.0,0.0,0.0,0.0,0.0,0.0,0.0,66.45256490880335,12.665515067254653,True,False,True,False,True,14.329357148690526,0,1.0262364609042534,0.8417488501725845,False,False,False,False,0.3298536986176411,0.33305275867345147,False,False,False,False,-39921509,-41648442.31482264,False,False,False,False,1296517.2418787046,False,False,False,False
2024-03-27 00:00:00+00:00,24.4172821611,24.4859527015,24.2112705398,24.3878519295,1299818,,,,,,,,,,,,,,,,,,,,,,"rgba(38, 166, 154, 1.0)",0.0,0.0,0.901135709466006,21.282781387584787,3.478389259895885,0.0,0.0,0.0,0.0,0.0,0.0,0.0,0.0,67.53026338827928,13.620699399119637,True,False,True,False,True,15.450020813977822,0,1.040196043141948,0.814241943448276,False,False,False,False,0.33691717409665334,0.3349849663850524,False,False,False,False,-38621691,-41529746.18482959,False,False,False,False,1296646.6833736573,False,False,False,False
2024-03-28 00:00:00+00:00,24.505572856,24.6625340912,24.3780418523,24.5448131648,1309116,,,,,,,,,,,,,,,,,,,,,,"rgba(38, 166, 154, 1.0)",0.0,0.0,0.8902329267471474,21.30866774809784,3.5910883678313748,0.0,0.0,0.0,0.0,0.0,0.0,0.0,0.0,68.71549371639426,14.849311927320585,True,False,True,False,True,15.905675895100728,0,1.0561134141904545,0.804979333633855,False,False,False,False,0.34282823137216045,0.3389065988786064,False,False,False,False,-37312575,-41364366.92267942,False,False,False,False,1297135.6761825336,False,False,False,False
2024-04-01 00:00:00+00:00,24.5153829332,24.6625340912,24.3760798369,24.6429139368,958777,,,,,,,,,,,,,,,,,,,,,,"rgba(38, 166, 154, 1.0)",0.0,0.0,0.8866637706746596,21.327186626019888,3.5957218650698057,0.0,0.0,0.0,0.0,0.0,0.0,0.0,0.0,69.55975556799136,15.76073909104079,True,False,True,False,True,15.956897736394307,0,1.0539496965413735,0.8270820237404622,False,False,False,False,0.34260219233657585,0.34075439560759113,False,False,False,False,-36353798,-41167874.02375081,False,False,False,False,1283866.708489101,False,False,False,False
2024-04-02 00:00:00+00:00,24.2014604626,24.4172821611,24.0935496134,24.3780418523,1073601,,,,,,,,,,,,,,,,,,,,,,"rgba(38, 166, 154, 0.75)",0.0,0.0,0.871257601153801,21.344872582653935,3.2786949303662936,0.0,0.0,0.0,0.0,0.0,0.0,0.0,0.0,66.20377965596015,15.76073909104079,True,False,True,False,False,13.453396370735206,0,1.0281076863908873,0.8612322535130512,False,False,False,False,0.2829266663444285,0.31184053097600983,False,False,False,False,-37427399,-41021188.72870176,False,False,False,False,1275620.9944307047,False,False,False,False
2024-04-03 00:00:00+00:00,24.5644333192,24.7606348633,24.1425999994,24.2014604626,1872534,,,,,,,,,,,,,,,,,,,,,,"rgba(38, 166, 154, 0.75)",0.0,0.0,0.8797223438540858,21.37884874126698,3.621125006302433,0.0,0.0,0.0,0.0,0.0,0.0,0.0,0.0,66.30869321193278,15.76073909104079,True,False,True,False,False,15.389206534973876,0,0.9953528290031314,0.8559286200774774,False,False,False,False,0.3270852195104313,0.3194628752432206,False,False,False,False,-35554865,-40806823.09228209,False,False,False,False,1299029.3475902851,False,False,False,False
2024-04-04 00:00:00+00:00,24.4957627788,25.0058867934,24.3633267365,24.7213945544,1876487,,,,,,,,,,,,,,,,,,,,,,"rgba(38, 166, 154, 0.75)",0.0,0.0,0.8958966312555137,21.413728041269145,3.440167793924704,0.0,0.0,0.0,0.0,0.0,0.0,0.0,0.0,65.60610212347021,19.462442736259277,True,False,True,False,False,14.843679292965813,0,1.0163078661520804,0.8489324879610028,False,False,False,False,0.342828232492896,0.33114555386805833,False,False,False,False,-37431352,-40674451.67689847,False,False,False,False,1321674.7457239996,False,False,False,False
2024-04-05 00:00:00+00:00,24.2407007714,24.5399081262,24.1671251924,24.4957627788,1184099,,,,,,,,,,,,,,,,,,,,,,"rgba(38, 166, 154, 0.75)",0.0,0.0,0.9039670360427969,21.432172379275958,3.106892486277649,0.0,0.0,0.0,0.0,0.0,0.0,0.0,0.0,62.470947848424125,16.440888961307564,True,False,True,False,False,12.83452016619631,0,1.022070785669255,0.8532698397606586,False,False,False,False,0.27182380423721625,0.3014846790526373,False,False,False,False,-38615451,-40593706.552314214,False,False,False,False,1316279.6184407054,False,False,False,False
2024-04-08 00:00:00+00:00,24.8685457125,24.8783557897,24.2407007714,24.4761426243,1326670,,,,,,,,,,,,,,,,,,,,,,"rgba(38, 166, 154, 0.75)",0.0,0.0,0.9239995736266109,21.45605858447275,3.6931695916628646,0.0,0.0,0.0,0.0,0.0,0.0,0.0,0.0,64.06420262360896,16.440888961307564,True,False,True,False,False,16.14067099611144,0,1.0295295252890375,0.8275854092793002,False,False,False,False,0.3156471061696533,0.3085658926111453,False,False,False,False,-37288781,-40464101.62869405,False,False,False,False,1316687.0843842071,False,False,False,False
2024-04-09 00:00:00+00:00,25.2217084919,25.2315185691,24.8342104423,25.0058867934,1312334,,,,,,,,,,,,,,,,,,,,,,"rgba(38, 166, 154, 1.0)",0.0,0.0,0.9522083088166305,21.48358541264126,3.9257408748137683,0.0,0.0,0.0,0.0,0.0,0.0,0.0,0.0,66.60036906747297,12.360383017262883,True,False,True,False,True,17.884187967945014,0,1.0466672498578662,0.813679657840208,False,False,False,False,0.34282823454149264,0.325697063576319,False,False,False,False,-35976447,-40288115.17266683,False,False,False,False,1316516.3751926697,False,False,False,False
2024-04-10 00:00:00+00:00,24.8096852493,25.3198092639,24.7213945544,24.8096852493,1723166,,,,,,,,,,,,,,,,,,,,,,"rgba(38, 166, 154, 1.0)",0.0,0.0,0.9722507937671634,21.76621670461953,3.130332794985945,0.0,0.0,0.0,0.0,0.0,0.0,0.0,0.0,64.76268681935898,12.360383017262883,True,False,True,False,True,14.720291509827081,0,1.0477685327093182,0.8157366526823457,False,True,False,False,0.340393131789498,0.33304509768290846,False,False,False,False,-37699613,-40186605.28354265,False,False,False,False,1332463.419302761,False,False,False,False
2024-04-11 00:00:00+00:00,24.7115844772,24.8587356353,24.3976620067,24.8489255581,954960,,,,,,,,,,,,,,,,,,,,,,"rgba(38, 166, 154, 0.75)",0.0,0.0,0.9927049674713407,21.77623397937452,2.956921335150085,0.0,0.0,0.0,0.0,0.0,0.0,0.0,0.0,62.77926059269433,12.360383017262883,True,False,True,False,False,13.983886931086094,0,1.021405875612193,0.838052969449728,False,False,False,False,0.2643237042437087,0.2986844009633086,False,False,False,False,-38654573,-40126525.58614882,False,False,False,False,1317659.3636438292,False,False,False,False
2024-04-12 00:00:00+00:00,24.1425999994,24.6085786666,23.9954488413,24.4859527015,718477,,,,,,,,,,,,,,,,,,,,,,"rgba(38, 166, 154, 0.5)",0.0,0.0,1.001547034890942,21.77908737962276,2.3598618311865946,0.0,0.0,0.0,0.0,0.0,0.0,0.0,0.0,57.69336928318752,12.636266229073314,False,False,True,False,False,9.86159348186738,0,1.0169425338723324,0.8389258450096945,False,False,False,False,0.2033253249334616,0.2510048629483851,False,False,False,False,-39373050,-40096977.5239469,False,False,False,False,1294162.0160499536,False,False,False,False
2024-04-15 00:00:00+00:00,23.9856387641,24.5153829332,23.8188674517,24.3682317751,1077746,,,,,,,,,,,,,,,,,,,,,,#000000,0.0,0.0,1.007894573330656,21.784151812056777,2.184243283271443,0.0,0.0,0.0,0.0,0.0,0.0,0.0,0.0,53.43076770105966,8.87022856529984,False,True,False,False,False,8.769203195145579,1,1.0179503773697196,0.8331200188691845,False,False,False,False,0.17855436896694465,0.21477961595766487,False,False,False,False,-40450796,-40110852.75830193,False,False,False,False,1285675.1134597596,False,False,False,False
2024-04-16 00:00:00+00:00,23.6226659076,23.9071581465,23.5049449811,23.8286775289,1430729,,,,,,,,,,,,,,,,,,,,,,"rgba(239, 83, 80, 1.0)",0.0,0.0,1.0102912735452023,21.785160568173005,1.818787697709219,0.0,0.0,0.0,0.0,0.0,0.0,0.0,0.0,48.7504341256528,4.773662707138541,False,True,False,True,False,6.299690819295169,0,1.0095290623378101,0.8526498720156093,False,False,False,False,0.09531386129448746,0.15504673862607615,False,False,False,False,-41881525,-40180290.88542735,False,False,False,False,1291363.50116722,False,False,False,False
2024-04-17 00:00:00+00:00,23.3185535143,23.8826329535,23.3185535143,23.8384876061,1197150,,,,,,,,,,,,,,,,,,,,,,"rgba(239, 83, 80, 1.0)",0.0,0.0,1.0108013750534157,21.786318863204585,1.515861265042743,0.0,0.0,0.0,0.0,0.0,0.0,0.0,0.0,44.29500563768057,0.9276022695432502,False,True,False,True,False,4.30102799851975,0,1.0263647159583325,0.850042497025029,False,False,False,False,0.05532513247032985,0.105185935548203,False,False,False,False,-43078675,-40293953.00756745,False,False,False,False,1287668.854062623,False,False,False,False
2024-04-18 00:00:00+00:00,23.1812124334,23.4509895565,23.0438713525,23.4362744407,1083692,,,,,,,,,,,,,,,,,,,,,,"rgba(239, 83, 80, 1.0)",0.0,0.0,1.0098035468723352,21.785106449500667,1.382552069878831,0.0,0.0,0.0,0.0,0.0,0.0,0.0,0.0,40.75752911848154,-2.0761510778458288,False,True,False,True,False,3.4126919829092266,0,1.0063136219504545,0.8820920341158701,False,False,False,False,-0.03532379555779725,0.034931069995202874,False,False,False,False,-44162367,-40445655.51707461,False,False,False,False,1279669.761746442,False,False,False,False
2024-04-19 00:00:00+00:00,23.3185535143,23.3528887845,23.0046310437,23.2008325878,1030915,,,,,,,,,,,,,,,,,,,,,,"rgba(239, 83, 80, 1.0)",0.0,0.0,1.006571894149089,21.78536345951492,1.523179877857777,0.0,0.0,0.0,0.0,0.0,0.0,0.0,0.0,39.50980397047854,-3.0483224776381377,False,True,False,True,False,4.221736244611314,0,0.9920383948966197,0.9005156403579638,False,False,False,False,-0.049399604960489694,-0.0072342674826434104,False,False,False,False,-43131452,-40550980.869346194,False,False,False,False,1269914.673050503,False,False,False,False
2024-04-22 00:00:00+00:00,23.2498829738,23.4019391705,22.9850108893,23.2498829738,1385263,,,,,,,,,,,,,,,,,,,,,,"rgba(239, 83, 80, 1.0)",0.0,0.0,0.9965804036023076,21.786940355053698,1.4679624578792119,0.0,0.0,0.0,0.0,0.0,0.0,0.0,0.0,38.346228463053386,-4.130295299628308,False,True,False,True,False,3.7675567174976266,0,0.983016338252407,0.9051318328973319,False,False,False,False,-0.046381902881647605,-0.02680808518214551,False,False,False,False,-44516715,-40706499.85486203,False,False,False,False,1274438.1368524441,False,False,False,False
2024-04-23 00:00:00+00:00,23.5245651355,23.6324759848,23.0487763911,23.1321620474,915382,,,,,,,,,,,,,,,,,,,,,,"rgba(239, 83, 80, 1.0)",0.0,0.0,0.985100361768925,21.790561038200394,1.7602309009265722,0.0,0.0,0.0,0.0,0.0,0.0,0.0,0.0,39.82678980506705,-4.130295299628308,False,True,False,True,False,5.396288279327905,0,0.977381139977267,0.905844694995027,False,False,False,False,-0.016242207376033404,-0.021525146279089455,False,False,False,False,-43601333,-40820022.72329882,False,False,False,False,1260357.5040347013,False,False,False,False
2024-04-24 00:00:00+00:00,23.3676039003,23.6079507918,23.1076368544,23.5049449811,1572995,,,,,,,,,,,,,,,,,,,,,,"rgba(239, 83, 80, 1.0)",0.0,0.0,0.9747024747637972,21.79665458416126,1.611721891359139,0.0,0.0,0.0,0.0,0.0,0.0,0.0,0.0,39.924512303616055,-4.130295299628308,False,True,False,True,False,4.338517350209301,0,0.9658709540064412,0.9242568871972751,False,False,False,False,-0.01272887924663089,-0.01712701276286017,False,False,False,False,-45174328,-40990779.79297338,False,False,False,False,1272617.7979941247,False,False,False,False
2024-04-25 00:00:00+00:00,23.2302628194,23.3381736687,22.9997260051,23.210642665,1899791,,,,,,,,,,,,,,,,,,,,,,"rgba(239, 83, 80, 1.0)",0.0,0.0,0.967131901407019,21.801493381566672,1.4773263458218073,0.0,0.0,0.0,0.0,0.0,0.0,0.0,0.0,39.232504476395015,-4.130295299628308,False,True,False,True,False,3.417326453906977,0,0.9873581813366337,0.9223545568722563,False,False,False,False,-0.05141190251359737,-0.03426945763822877,False,False,False,False,-47074119,-41229342.11481756,False,False,False,False,1297212.825523767,False,False,False,False
2024-04-26 00:00:00+00:00,23.3970341319,23.5245651355,23.2695031282,23.4068442091,1579320,,,,,,,,,,,,,,,,,,,,,,"rgba(239, 83, 80, 1.0)",0.0,0.0,0.9607773711147425,21.809235154561357,1.6526190406591263,0.0,0.0,0.0,0.0,0.0,0.0,0.0,0.0,40.22773057169558,-4.130295299628308,False,True,False,True,False,4.432557165750669,0,0.9876325876772905,0.9311160492479666,False,False,False,False,-0.0046994552192426075,-0.01948445642873569,False,False,False,False,-45494799,-41396614.93384432,False,False,False,False,1308275.8519738154,False,False,False,False
2024-04-29 00:00:00+00:00,23.691336448,23.7452918726,23.5049449811,23.5638054444,2457737,,,,,,,,,,,,,,,,,,,,,,"rgba(239, 83, 80, 0.75)",0.0,0.0,0.9557987759278316,21.827053510721566,1.9504973057416846,0.0,0.0,0.0,0.0,0.0,0.0,0.0,0.0,43.20420087967203,-4.130295299628308,False,True,False,True,True,6.189895202100061,0,0.9748544553439206,0.9418061209618896,False,False,False,False,0.04199247741664976,0.011254010493957033,False,False,False,False,-43037062,-41460946.19134062,False,False,False,False,1353352.7597395482,False,False,False,False
2024-04-30 00:00:00+00:00,22.6907085732,23.6128558304,22.6612783416,23.3872240547,1951384,,,,,,,,,,,,,,,,,,,,,,"rgba(239, 83, 80, 0.75)",0.0,0.0,0.949659376199911,21.971522658154903,0.757309339610733,0.0,0.0,0.0,0.0,0.0,0.0,0.0,0.0,40.11005590224156,-4.130295299628308,False,True,False,True,True,0.0,0,0.9247053320021033,0.9567266815396608,True,False,False,False,-0.05795482836973747,-0.02335040893789022,False,False,False,False,-44988446,-41599279.5171704,True,False,False,False,1376804.9652399581,True,False,False,False
2024-05-01 00:00:00+00:00,22.8771000401,23.4853248267,22.8672899629,22.9359605033,1204596,,,,,,,,,,,,,,,,,,,,,,"rgba(239, 83, 80, 1.0)",0.0,0.0,0.935459844895893,21.975710527189424,0.9635790545460469,0.0,0.0,0.0,0.0,0.0,0.0,0.0,0.0,39.36254773706985,-4.306643654480737,False,True,False,True,False,0.8539092595107647,0,0.9424639992180339,0.9440909921740183,False,False,False,False,-0.04990264123880559,-0.036626525088347905,False,False,False,False,-43783850,-41684948.9478696,False,False,False,False,1370051.67248545,False,False,False,False
2024-05-02 00:00:00+00:00,23.1517822018,23.3332686301,22.9065302717,23.1714023562,804935,,,,,,,,,,,,,,,,,,,,,,"rgba(239, 83, 80, 1.0)",0.0,0.0,0.9157379889276223,21.97892024038593,1.2807833415184127,0.0,0.0,0.0,0.0,0.0,0.0,0.0,0.0,40.69205807873077,-4.306643654480737,False,True,False,True,False,2.4778692251907266,0,1.0192144153423044,0.9336920063002988,False,False,False,False,-0.24711053435056574,-0.14186852971945682,False,False,False,False,-42978915,-41735692.71461981,False,False,False,False,1347890.2343487658,False,False,False,False
2024-05-03 00:00:00+00:00,23.3676039003,23.5834255988,23.2989333598,23.5147550583,1279326,,,,,,,,,,,,,,,,,,,,,,"rgba(239, 83, 80, 0.75)",0.0,0.0,0.8876045854777076,21.98981348422059,1.55225698314513,0.0,0.0,0.0,0.0,0.0,0.0,0.0,0.0,42.916675810191684,-4.306643654480737,False,True,False,True,True,3.72938446896093,0,0.9618232625353166,0.9470064394951668,False,False,False,False,-0.14715328950912338,-0.14451090961429008,False,False,False,False,-41699589,-41734276.882673934,False,False,False,False,1345201.4408448928,False,False,False,False
2024-05-06 00:00:00+00:00,23.4068442091,23.5736155216,23.2547880124,23.5441852899,1266639,,,,,,,,,,,,,,,,,,,,,,"rgba(239, 83, 80, 0.75)",0.0,0.0,0.8731702289512627,21.998716081597482,1.612661633223314,0.0,0.0,0.0,0.0,0.0,0.0,0.0,0.0,44.64496474994712,-4.306643654480737,False,True,False,True,True,3.9568413528584188,0,0.9687268598672597,0.9362777855535594,False,False,False,False,-0.16040708580181212,-0.1524589977080511,False,False,False,False,-40432950,-41683244.455902405,False,False,False,False,1342120.5608117597,False,False,False,False
2024-05-07 00:00:00+00:00,23.5441852899,23.7698170656,23.4558945951,23.4558945951,1274428,,,,,,,,,,,,,,,,,,,,,,#000000,0.0,0.0,0.8687796500018956,22.1784519604801,1.5720134897461284,0.0,0.0,0.0,0.0,0.0,0.0,0.0,0.0,46.68049189022046,-9.235737485185886,False,True,False,False,True,4.7574692059089685,1,0.9692772020363476,0.9226655539376873,False,False,False,False,-0.09935173096270546,-0.12590536433537827,False,False,False,False,-39158522,-41584235.732141525,False,False,False,False,1339465.9505838477,False,False,False,False
2024-05-08 00:00:00+00:00,23.3381736687,23.5736155216,23.3038383984,23.3479837459,2146537,,,,,,,,,,,,,,,,,,,,,,#000000,0.0,0.0,0.8654443257138805,22.183621760964076,1.3340568231047885,0.0,0.0,0.0,0.0,0.0,0.0,0.0,0.0,46.72296917673445,-8.990103149999278,False,True,False,False,True,3.405030645957339,1,0.9573911738792024,0.9367838472460782,False,False,False,False,-0.15281404554383887,-0.1393597049396086,False,False,False,False,-41305059,-41573287.62499872,False,False,False,False,1371115.795658991,False,False,False,False
2024-05-09 00:00:00+00:00,23.5441852899,23.6373810234,23.3038383984,23.4166542863,999380,,,,,,,,,,,,,,,,,,,,,,#000000,0.0,0.0,0.8607373957204718,22.189772071668912,1.5735498712675184,0.0,0.0,0.0,0.0,0.0,0.0,0.0,0.0,48.14747769937012,-7.384525933595775,False,True,False,False,True,4.622764299728914,1,0.9627399397297205,0.9273452029857204,False,False,False,False,-0.1493951354927031,-0.14437742021615585,False,False,False,False,-40305679,-41523577.48284191,False,False,False,False,1356537.9213194225,False,False,False,False
2024-05-10 00:00:00+00:00,23.4755147495,23.6815263708,23.4068442091,23.6324759848,753961,,,,,,,,,,,,,,,,,,,,,,#000000,0.0,0.0,0.8456521736439122,22.194633025556282,1.5146673347085522,0.0,0.0,0.0,0.0,0.0,0.0,0.0,0.0,48.62011782847786,-6.671863565881409,False,True,False,False,True,4.164775921709236,1,0.9621435917760242,0.9304142322722966,False,False,False,False,-0.12643740727672456,-0.13540741374644022,False,False,False,False,-41059640,-41505383.8560638,False,False,False,False,1332907.4538167,False,False,False,False
2024-05-13 00:00:00+00:00,23.3185535143,23.6324759848,23.3136484757,23.6030457532,926089,,,,,,,,,,,,,,,,,,,,,,#000000,0.0,0.0,0.831162809839981,22.198586057249834,1.3474706083947459,0.0,0.0,0.0,0.0,0.0,0.0,0.0,0.0,47.84630469982663,-6.671863565881409,False,True,False,False,True,3.1167852054408414,1,0.9525785418023484,0.9431381589177149,False,False,False,False,-0.14862748624699607,-0.14201744999671814,False,False,False,False,-41985729,-41524220.920531884,False,False,False,False,1316953.7889611432,False,False,False,False
2024-05-14 00:00:00+00:00,23.2400728966,23.4657046723,23.137067086,23.4460845179,1043335,,,,,,,,,,,,,,,,,,,,,,#000000,0.0,0.0,0.8167800432620452,22.2005326828014,1.2727296931091763,0.0,0.0,0.0,0.0,0.0,0.0,0.0,0.0,46.7905717379185,-6.671863565881409,False,True,False,False,True,2.5927139736508806,1,0.93912053259925,0.9510555361023152,False,False,False,False,-0.20283921790528914,-0.17242833395100365,False,False,False,False,-43029064,-41583234.37462867,False,False,False,False,1306223.6403744319,False,False,False,False
2024-05-15 00:00:00+00:00,23.3283635915,23.5490903286,23.2253577808,23.4657046723,2042500,,,,,,,,,,,,,,,,,,,,,,#000000,0.0,0.0,0.8077852032969586,22.208057820540542,1.3868857295069943,0.0,0.0,0.0,0.0,0.0,0.0,0.0,0.0,46.85188881915049,-6.671863565881409,False,True,False,False,True,3.146093123282075,1,0.962101181040765,0.9365415124374259,False,False,False,False,-0.24010388900280816,-0.2062661114769059,False,False,False,False,-40986564,-41559835.53640794,False,False,False,False,1335097.2231048464,False,False,False,False
2024-05-16 00:00:00+00:00,23.2695031282,23.4362744407,23.2498829738,23.3381736687,747472,,,,,,,,,,,,,,,,,,,,,,"rgba(239, 83, 80, 0.75)",0.0,0.0,0.796510711113233,22.21032837610167,1.3297683726286456,0.0,0.0,0.0,0.0,0.0,0.0,0.0,0.0,46.430388705554556,-6.671863565881409,False,True,False,True,True,2.741909797746338,1,0.9573317844795204,0.9568849968825429,False,False,False,False,-0.2586153891980293,-0.23244075033746758,False,False,False,False,-41734036,-41566666.92713704,False,False,False,False,1312053.096708578,False,False,False,False
2024-05-17 00:00:00+00:00,23.3479837459,23.5147550583,23.2910852981,23.3185535143,1270220,,,,,,,,,,,,,,,,,,,,,,#000000,0.0,0.0,0.7728407228776865,22.215465961562195,1.4653961040262644,0.0,0.0,0.0,0.0,0.0,0.0,0.0,0.0,46.90231513597017,-6.671863565881409,False,True,False,False,True,3.2468324569587814,1,0.9443232433522755,0.9696845741402719,False,False,False,False,-0.2366762183331289,-0.23455848433529825,False,False,False,False,-40463816,-41523417.87117088,False,False,False,False,1310412.5831121635,False,False,False,False
2024-05-20 00:00:00+00:00,23.3970341319,23.568710483,23.3038383984,23.3479837459,1218182,,,,,,,,,,,,,,,,,,,,,,#000000,0.0,0.0,0.753615692901869,22.220991851742035,1.5605331619747755,0.0,0.0,0.0,0.0,0.0,0.0,0.0,0.0,47.699314596288815,-6.027912289933873,False,True,False,False,True,3.5651805658333338,1,0.9456601691873197,0.9714049282877696,False,False,False,False,-0.22454547992067017,-0.22955198212798422,False,False,False,False,-39245634,-41434093.01347791,False,False,False,False,1306795.6974999218,False,False,False,False
2024-05-21 00:00:00+00:00,23.6619062164,23.6717162936,23.3185535143,23.3577938231,1483781,,,,,,,,,,,,,,,,,,,,,,#000000,0.0,0.0,0.7285938064296362,22.2299564847055,1.9653608348821292,0.0,0.0,0.0,0.0,0.0,0.0,0.0,0.0,50.622295388059,-3.0800372944318255,False,False,False,False,True,5.26988565705884,1,0.9536414694910204,0.9531811067206725,False,False,False,False,-0.20329352153070662,-0.21642275182934542,False,False,False,False,-37761853,-41290083.60118466,False,False,False,False,1313736.2975979643,False,False,False,False
2024-05-22 00:00:00+00:00,23.3774139775,23.6520961392,23.259693051,23.4951349039,1089190,,,,,,,,,,,,,,,,,,,,,,#000000,0.0,0.0,0.6845297886921434,22.234746505468785,1.6692735523086402,0.0,0.0,0.0,0.0,0.0,0.0,0.0,0.0,49.87491096494034,-3.0800372944318255,False,True,False,False,True,3.2239718713869685,1,0.9450564519892335,0.9535128216934674,False,False,False,False,-0.21744021226931545,-0.21693148204933044,False,False,False,False,-38851043,-41194434.95015781,False,False,False,False,1304930.5604372597,False,False,False,False
2024-05-23 00:00:00+00:00,23.4264643635,23.7109566024,23.3381736687,23.5638054444,1478258,,,,,,,,,,,,,,,,,,,,,,#000000,0.0,0.0,0.654244395389322,22.24221192523888,1.810107119918703,0.0,0.0,0.0,0.0,0.0,0.0,0.0,0.0,49.83170876136424,-3.0800372944318255,False,True,False,False,True,3.5443899018601357,1,0.9392863728664256,0.973630831651905,False,False,False,False,-0.19273622708085647,-0.20483385456509345,False,False,False,False,-37372785,-41044566.32466142,False,False,False,False,1311727.7149299162,False,False,False,False
2024-05-24 00:00:00+00:00,23.8875379921,23.9071581465,23.5392802513,23.6128558304,1518281,,,,,,,,,,,,,,,,,,,,,,"rgba(38, 166, 154, 0.5)",0.0,0.0,0.6335725140838256,22.25442699400937,2.5776228636625453,0.0,0.0,0.0,0.0,0.0,0.0,0.0,0.0,53.40006378534535,-0.21086821329686245,False,False,True,False,True,6.478433646885652,1,0.94892026579123,0.9509966777504391,False,False,False,False,-0.1224545896644304,-0.16364422211476193,False,False,False,False,-35854504,-40841034.46879235,False,False,False,False,1319827.843756194,False,False,False,False
2024-05-28 00:00:00+00:00,23.6128558304,24.2014604626,23.5785205602,24.024879073,1335774,,,,,,,,,,,,,,,,,,,,,,"rgba(38, 166, 154, 0.5)",0.0,0.0,0.6151078452153884,22.433139287673296,1.9179019612627628,0.0,0.0,0.0,0.0,0.0,0.0,0.0,0.0,53.28967629994807,-0.21086821329686245,False,False,True,False,True,4.494168867537354,1,0.9539804405575668,0.9311306096470684,False,False,False,False,-0.0643965745842481,-0.11402039834950502,False,False,False,False,-37190278,-40697867.54844755,False,False,False,False,1320453.1832167355,False,False,False,False
2024-05-29 00:00:00+00:00,23.2989333598,23.4657046723,23.2204527422,23.3577938231,993477,,,,,,,,,,,,,,,,,,,,,,#000000,0.0,0.0,0.6028656001625892,22.425596309625952,1.4486430307825056,0.0,0.0,0.0,0.0,0.0,0.0,0.0,0.0,50.84105975673154,-0.21086821329686245,False,False,False,False,False,2.298858618673968,1,0.9337802709115862,0.9627400009212388,False,False,False,False,-0.2586153891980293,-0.18631789377376715,False,False,False,False,-38183755,-40599274.89948882,False,False,False,False,1307630.5877964713,False,False,False,False
2024-05-30 00:00:00+00:00,23.4657046723,23.5981407146,23.3430787073,23.3774139775,1049362,,,,,,,,,,,,,,,,,,,,,,#000000,0.0,0.0,0.5943210570719192,22.427698640312183,1.7465408967702223,0.0,0.0,0.0,0.0,0.0,0.0,0.0,0.0,50.5195243521967,-0.21086821329686245,False,False,False,False,False,3.3711710729327535,1,0.9411174915827538,0.9479536961143117,False,False,False,False,-0.21212544803653943,-0.1992216709051533,False,False,False,False,-37134393,-40463397.17794024,False,False,False,False,1297502.4078828841,False,False,False,False
2024-05-31 00:00:00+00:00,23.6520961392,23.6619388758,23.3026789886,23.5044550896,1793809,,,,,,,,,,,,,,,,,,,,,,#000000,0.0,0.0,0.5717361335879095,22.435486036888314,2.1279223593528966,0.0,0.0,0.0,0.0,0.0,0.0,0.0,0.0,51.67684417745014,-0.21086821329686245,False,False,False,False,False,4.556126336105667,1,0.9379828002191033,0.9613526190467646,False,False,False,False,-0.20790837927736508,-0.20356502509125918,False,False,False,False,-35340584,-40262502.54351121,False,False,False,False,1316965.41149532,False,False,False,False
2024-06-03 00:00:00+00:00,23.3666567767,23.927692765,23.3076003569,23.7898944521,1246113,,,,,,,,,,,,,,,,,,,,,,#000000,0.0,0.0,0.5625691143387013,22.440785812726872,1.6457906066554824,0.0,0.0,0.0,0.0,0.0,0.0,0.0,0.0,50.26183624220417,-0.21086821329686245,False,False,False,False,False,2.551353153449284,1,0.9111656430978392,0.9649830723062577,False,False,False,False,-0.15961196857802562,-0.1815884968346424,False,False,False,False,-36586697,-40118353.30651077,False,False,False,False,1314186.8855543272,False,False,False,False
2024-06-04 00:00:00+00:00,22.7957780518,23.2534653054,22.7662498418,23.1402738341,1885959,,,,,,,,,,,,,,,,,,,,,,"rgba(239, 83, 80, 1.0)",0.0,0.0,0.5691219451421298,22.55277056800384,0.4269866693252737,0.0,0.0,0.0,0.0,0.0,0.0,0.0,0.0,45.983831985435465,-0.09282530443780956,False,True,False,True,False,0.0,1,0.886262036373676,0.9965614435820748,False,False,False,False,-0.34282825441539394,-0.2622083756250182,False,False,False,False,-38472656,-40053816.15723584,False,False,False,False,1336609.3214149417,False,False,False,False
2024-06-05 00:00:00+00:00,23.5339832995,23.5831969827,22.815463525,22.8745199449,1375581,,,,,,,,,,,,,,,,,,,,,,#000000,0.0,0.0,0.5683618101470373,22.562816454010274,1.7087123521520242,0.0,0.0,0.0,0.0,0.0,0.0,0.0,0.0,47.945145587174565,-0.09282530443780956,False,True,False,False,False,3.380422823610136,1,0.8884016670932612,0.9773606079490429,False,False,False,False,-0.27490724905120856,-0.2685578123381134,False,False,False,False,-37097075,-39937865.52361875,False,False,False,False,1338137.6225359244,False,False,False,False
2024-06-06 00:00:00+00:00,23.2879148836,23.6127251926,23.2337798321,23.5339832995,1672469,,,,,,,,,,,,,,,,,,,,,,#000000,0.0,0.0,0.5646612626694123,22.571963494342004,1.2679307694552397,0.0,0.0,0.0,0.0,0.0,0.0,0.0,0.0,47.903862032131435,-0.09282530443780956,False,True,False,False,False,1.7967793276269646,1,0.9082837083568159,0.973549310833377,False,False,False,False,-0.19766591701307898,-0.2331118646755962,False,False,False,False,-38769544,-39892048.99328076,False,False,False,False,1351248.6569462803,False,False,False,False
2024-06-07 00:00:00+00:00,23.1501165707,23.3223644618,23.0024755211,23.0221609944,987875,,,,,,,,,,,,,,,,,,,,,,"rgba(239, 83, 80, 1.0)",0.0,0.0,0.5521784544597331,22.571614259379324,1.0476727345088086,0.0,0.0,0.0,0.0,0.0,0.0,0.0,0.0,47.145410499284225,-0.09282530443780956,False,True,False,True,False,0.9202441165993989,1,0.8980908169292818,0.9891993613713931,False,False,False,False,-0.28792836438990566,-0.2605201145327509,False,False,False,False,-39757419,-39886769.38570113,False,False,False,False,1336998.7096150536,False,False,False,False
2024-06-10 00:00:00+00:00,23.2682294103,23.4060277233,22.9335763647,22.953261838,983091,,,,,,,,,,,,,,,,,,,,,,#000000,0.0,0.0,0.5493121600661572,22.57235860867248,1.2668039271945286,0.0,0.0,0.0,0.0,0.0,0.0,0.0,0.0,47.39086194934873,-0.09282530443780956,False,True,False,False,False,1.6524598352195596,1,0.8884944105817151,0.9934076545238839,False,False,False,False,-0.285316659165695,-0.272918386849223,False,False,False,False,-38774328,-39843144.23332069,False,False,False,False,1323119.9759046594,False,False,False,False
2024-06-11 00:00:00+00:00,23.3568140401,23.3764995134,23.0910601509,23.1894875172,789851,,,,,,,,,,,,,,,,,,,,,,#000000,0.0,0.0,0.5433320066716278,22.574046080076503,1.4406807447597656,0.0,0.0,0.0,0.0,0.0,0.0,0.0,0.0,48.128826643686,-0.09282530443780956,False,False,False,False,False,2.203124781131887,1,0.8955566672018327,0.9947161657717687,False,False,False,False,-0.2628357983601601,-0.2678770926046915,False,False,False,False,-37984477,-39770255.32221008,False,False,False,False,1302207.4670456531,False,False,False,False
2024-06-12 00:00:00+00:00,26.5261752373,26.5852316571,25.177720318,25.5517443102,5407344,,,,,,,,,,,,,,,,,,,,,,"rgba(38, 166, 154, 1.0)",0.0,0.0,0.6323284704142251,22.793980435928823,5.902303906901888,0.0,0.0,0.0,0.0,0.0,0.0,0.0,0.0,58.118943431325334,3.530550031762573,True,False,True,False,True,17.863517935403134,0,0.9325924492597769,0.9332397096414462,False,False,False,False,0.34282822862305407,0.03747556800918128,False,False,False,False,-32577133,-39488172.09388812,False,False,False,False,1463193.2134360198,False,False,False,False
2024-06-13 00:00:00+00:00,26.3293205045,26.6521622662,25.842105041,26.6442880769,2731380,,,,,,,,,,,,,,,,,,,,,,"rgba(38, 166, 154, 1.0)",0.0,0.0,0.696983773432874,22.882723554188658,4.945017490630693,0.0,0.0,0.0,0.0,0.0,0.0,0.0,0.0,63.810741264549364,8.435063885827766,True,False,True,False,True,16.614404911949006,0,0.9571732027713156,0.9445559971270748,False,False,False,False,0.34282823153635705,0.19015189977276917,False,False,False,False,-35308513,-39324263.89412781,False,False,False,False,1512926.0285953917,False,False,False,False
2024-06-14 00:00:00+00:00,26.043881142,26.1127802985,25.5911152567,25.8863973558,1695835,,,,,,,,,,,,,,,,,,,,,,"rgba(38, 166, 154, 1.0)",0.0,0.0,0.7399026117909923,22.92476856113239,4.215571794398123,0.0,0.0,0.0,0.0,0.0,0.0,0.0,0.0,66.20158321385317,10.229268392127103,True,False,True,False,True,14.826667136037592,0,0.930505893599894,0.9669059346964042,False,False,False,False,0.25480641865810816,0.22247915921543865,False,False,False,False,-37004348,-39233286.80024044,False,False,False,False,1520098.929434788,False,False,False,False
2024-06-17 00:00:00+00:00,26.6639735502,26.7525581799,25.8076554627,26.1127802985,1697321,,,,,,,,,,,,,,,,,,,,,,"rgba(38, 166, 154, 1.0)",0.0,0.0,0.8083873230734586,22.973514517661876,4.565211411909748,0.0,0.0,0.0,0.0,0.0,0.0,0.0,0.0,68.93710199982245,12.488393355560447,True,False,True,False,True,17.32165985127684,0,0.9477587891814534,0.925467678819053,False,False,False,False,0.34282823176704114,0.28265369549123986,False,False,False,False,-35307027,-39079315.82768199,False,False,False,False,1527048.8145549924,False,False,False,False
2024-06-18 00:00:00+00:00,27.4120215346,27.4218642712,26.5163325006,26.7525581799,2291653,,,,,,,,,,,,,,,,,,,,,,"rgba(38, 166, 154, 1.0)",0.0,0.0,0.9065489778285659,23.362432896468725,4.467037895548847,0.0,0.0,0.0,0.0,0.0,0.0,0.0,0.0,71.91596096230626,15.067315823416834,True,False,True,False,True,20.0,0,0.9722572186665986,0.9137338320737535,False,False,False,False,0.34282823570833293,0.31274096559978637,False,False,False,False,-33015374,-38841514.18738073,False,False,False,False,1557033.292415581,False,False,False,False
2024-06-20 00:00:00+00:00,26.8805137562,27.3726505881,26.8116145997,27.3234369049,2127663,,,,,,,,,,,,,,,,,,,,,,"rgba(38, 166, 154, 1.0)",0.0,0.0,0.9673496641424715,23.423499590283214,3.5736965588149885,0.0,0.0,0.0,0.0,0.0,0.0,0.0,0.0,71.41747716363555,15.067315823416834,True,False,True,False,True,16.887398300737217,0,0.9598234107982864,0.9279865467473793,False,False,False,False,0.34282823627213815,0.3277846009359623,False,False,False,False,-35143037,-38696475.866306975,False,False,False,False,1579410.9280071268,False,False,False,False
2024-06-21 00:00:00+00:00,26.7919291265,26.9297274394,26.5409393422,26.8017718631,2074215,,,,,,,,,,,,,,,,,,,,,,"rgba(38, 166, 154, 1.0)",0.0,0.0,1.0140393086509494,23.47070365790161,3.2752433167673365,0.0,0.0,0.0,0.0,0.0,0.0,0.0,0.0,70.68037807341047,15.067315823416834,True,False,True,False,True,16.358961597604974,0,0.9535460028076782,0.947470876709064,False,False,False,False,0.2793621494490346,0.30357337519249844,False,False,False,False,-37217252,-38638467.087236114,False,False,False,False,1598815.0092617495,False,False,False,False
2024-06-24 00:00:00+00:00,26.4474333442,27.1167394355,26.4277478709,26.9986265958,2443511,,,,,,,,,,,,,,,,,,,,,,"rgba(38, 166, 154, 1.0)",0.0,0.0,1.0504925401521896,23.52216974315692,2.784659090124795,0.0,0.0,0.0,0.0,0.0,0.0,0.0,0.0,68.60419613933338,15.067315823416834,True,False,True,False,True,14.32056842112311,0,0.9618227749238538,0.923661380309124,False,False,False,False,0.2858189831939097,0.29469617919320407,False,False,False,False,-39660763,-38678557.123030774,False,False,False,False,1631940.342231877,False,False,False,False
2024-06-25 00:00:00+00:00,26.289949558,26.5261752373,26.2407358748,26.4277478709,1608296,,,,,,,,,,,,,,,,,,,,,,"rgba(38, 166, 154, 0.75)",0.0,0.0,1.082568575699476,23.54832115617893,2.532521692724761,0.0,0.0,0.0,0.0,0.0,0.0,0.0,0.0,66.50268517262278,15.067315823416834,True,False,True,False,False,13.400505742288374,0,0.9733027690266192,0.9392793073568135,False,False,False,False,0.21885339806217194,0.256774788627688,False,False,False,False,-41269059,-38780145.43193153,False,False,False,False,1631013.1131247445,False,False,False,False
2024-06-26 00:00:00+00:00,26.6049171304,26.6984231284,26.2605197754,26.289949558,1715266,,,,,,,,,,,,,,,,,,,,,,"rgba(38, 166, 154, 0.75)",0.0,0.0,1.1205472697743963,23.579895963399327,2.69959264423509,0.0,0.0,0.0,0.0,0.0,0.0,0.0,0.0,65.96168294586082,15.067315823416834,True,False,True,False,False,14.668776528315718,0,0.9805820391268905,0.9284773886204644,False,False,False,False,0.23519093132744956,0.24598285997756877,False,False,False,False,-39553793,-38810484.55224794,False,False,False,False,1634317.1479041663,False,False,False,False
2024-06-27 00:00:00+00:00,26.4179051342,26.6098384987,26.3391632412,26.5557034472,1227415,,,,,,,,,,,,,,,,,,,,,,"rgba(38, 166, 154, 0.75)",0.0,0.0,1.150731590509682,23.601022662929356,2.4479057449209263,0.0,0.0,0.0,0.0,0.0,0.0,0.0,0.0,64.67574016642612,21.12854591508375,True,False,True,False,False,13.564012125599568,0,0.9986693483391378,0.9108079287541322,False,False,False,False,0.23434220335366426,0.24016253166561652,False,False,False,False,-40781208,-38887767.824708804,False,False,False,False,1618360.2009275323,False,False,False,False
2024-06-28 00:00:00+00:00,26.6935017601,26.939570176,26.3883769243,26.5163325006,2241944,,,,,,,,,,,,,,,,,,,,,,"rgba(38, 166, 154, 0.75)",0.0,0.0,1.1872509897305032,23.644303624271764,2.568284349478941,0.0,0.0,0.0,0.0,0.0,0.0,0.0,0.0,64.63772440369155,20.773787907626527,True,False,True,False,False,14.681536622267565,0,1.0077990469807687,0.8970349368854503,False,False,False,False,0.26694252440656985,0.2535525280360932,False,False,False,False,-38539264,-38874101.008053556,False,False,False,False,1642814.4675578251,False,False,False,False
2024-07-01 00:00:00+00:00,26.4179051342,26.9100419661,26.2210504015,26.7820863898,1116805,,,,,,,,,,,,,,,,,,,,,,"rgba(38, 166, 154, 0.75)",0.0,0.0,1.2153672493622267,23.663192548537484,2.266568057604048,0.0,0.0,0.0,0.0,0.0,0.0,0.0,0.0,63.179281882384686,19.046476162484097,True,False,True,False,False,13.04726588439932,0,1.0118301550008681,0.8827327958419101,False,False,False,False,0.24994223539285704,0.2517473817144751,False,False,False,False,-39656069,-38904766.41950244,False,False,False,False,1622186.6453006556,False,False,False,False
2024-07-02 00:00:00+00:00,26.6541308135,26.7033444967,26.3096350312,26.3785341877,906898,,,,,,,,,,,,,,,,,,,,,,"rgba(38, 166, 154, 0.75)",0.0,0.0,1.2465975113223489,23.678670363672758,2.3868653858220634,0.0,0.0,0.0,0.0,0.0,0.0,0.0,0.0,62.98951975642785,18.522835189357323,True,False,True,False,False,14.019209669085502,0,1.0167011070572514,0.8870924745927279,False,False,False,False,0.2398101728357735,0.2457787772751243,False,False,False,False,-38749171,-38898664.63834548,False,False,False,False,1594136.1101908262,False,False,False,False
2024-07-03 00:00:00+00:00,26.4966470273,26.8706710196,26.4277478709,26.7525581799,505620,,,,,,,,,,,,,,,,,,,,,,"rgba(38, 166, 154, 0.75)",0.0,0.0,1.2718790303258591,23.68742790704544,2.2087156508389247,0.0,0.0,0.0,0.0,0.0,0.0,0.0,0.0,61.99639500665288,17.22690731839198,True,False,True,False,False,13.079190630079527,0,1.0219499562400103,0.882683055702789,False,False,False,False,0.26438307729489324,0.25508092728500875,False,False,False,False,-39254791,-38912630.37801821,False,False,False,False,1551449.203908833,False,False,False,False
2024-07-05 00:00:00+00:00,26.6541308135,26.7279513383,26.2604213481,26.3686914511,2008262,,,,,,,,,,,,,,,,,,,,,,"rgba(38, 166, 154, 0.75)",0.0,0.0,1.2989937855482838,23.72040552282445,2.2584598350770966,0.0,0.0,0.0,0.0,0.0,0.0,0.0,0.0,61.916587088310315,16.79817810598078,True,False,True,False,False,13.739289319722413,0,1.013173959463938,0.8964927328048735,False,False,False,False,0.2377054589753943,0.24639319313020153,False,False,False,False,-37246529,-38847293.06907632,False,False,False,False,1569363.4312065258,False,False,False,False
2024-07-08 00:00:00+00:00,26.9494129127,27.1118180672,26.6639735502,26.7328727066,1091373,,,,,,,,,,,,,,,,,,,,,,"rgba(38, 166, 154, 0.75)",0.0,0.0,1.3309676914954665,23.741817251363283,2.4099725950016753,0.0,0.0,0.0,0.0,0.0,0.0,0.0,0.0,62.91694592746633,16.79817810598078,True,False,True,False,False,14.963794642213767,0,1.0260748124944787,0.8802365225964077,False,False,False,False,0.3062043136983808,0.27629875341429116,False,False,False,False,-36155156,-38741719.06636745,False,False,False,False,1550618.7084141131,False,False,False,False
2024-07-09 00:00:00+00:00,26.7525581799,27.047840279,26.6442880769,26.9494129127,1015381,,,,,,,,,,,,,,,,,,,,,,"rgba(38, 166, 154, 0.75)",0.0,0.0,1.3592055459852774,23.760376587762156,2.201419499041872,0.0,0.0,0.0,0.0,0.0,0.0,0.0,0.0,62.34728377721091,16.649841943397092,True,False,True,False,False,13.756916237084852,1,1.0305582547803485,0.8736262626367582,False,False,False,False,0.29880318680483986,0.28755097010956554,False,False,False,False,-37170537,-38680104.083372645,False,False,False,False,1529628.9943586579,False,False,False,False
2024-07-10 00:00:00+00:00,27.0675257523,27.1462676454,26.7525581799,26.7919291265,1362677,,,,,,,,,,,,,,,,,,,,,,"rgba(38, 166, 154, 0.75)",0.0,0.0,1.393667065250609,23.786989499203994,2.353888051811069,0.0,0.0,0.0,0.0,0.0,0.0,0.0,0.0,63.14916449840701,16.649841943397092,True,False,True,False,False,15.069531147037605,0,1.0257635983304567,0.8789743108994315,False,False,False,False,0.31714798616327383,0.30234947813641966,False,False,False,False,-35807860,-38567467.06049529,False,False,False,False,1523081.8573249849,False,False,False,False
2024-07-11 00:00:00+00:00,27.3628078514,27.6384044773,27.3431223781,27.4809206911,1605797,,,,,,,,,,,,,,,,,,,,,,"rgba(38, 166, 154, 1.0)",0.0,0.0,1.4342127568889362,23.824276957514346,2.467228712678138,0.0,0.0,0.0,0.0,0.0,0.0,0.0,0.0,64.69561729701297,16.649841943397092,True,False,True,False,True,16.273620484488546,0,1.0326574942603457,0.8782745466465269,False,False,False,False,0.34282823788620054,0.3225888580113101,False,False,False,False,-34202063,-38396274.74439743,False,False,False,False,1526325.5884102795,False,False,False,False
2024-07-12 00:00:00+00:00,27.6679326872,27.8697087882,27.4321007173,27.5202916376,1059529,,,,,,,,,,,,,,,,,,,,,,"rgba(38, 166, 154, 1.0)",0.0,0.0,1.4808820268186895,23.850177048658256,2.578028208461178,0.0,0.0,0.0,0.0,0.0,0.0,0.0,0.0,66.6839635271061,12.840996347708938,True,False,True,False,True,17.49192053710949,0,1.069776442566586,0.8620850331137051,False,False,False,False,0.3428282384565474,0.33270854823392876,False,False,False,False,-33142534,-38190245.69559754,False,False,False,False,1508019.8398451705,False,False,False,False
2024-07-15 00:00:00+00:00,27.2545377484,27.7466745803,27.2446950118,27.6580899505,1517200,,,,,,,,,,,,,,,,,,,,,,"rgba(38, 166, 154, 1.0)",0.0,0.0,1.5138454651450994,23.882978234153335,2.2271490663173523,0.0,0.0,0.0,0.0,0.0,0.0,0.0,0.0,65.24675602237326,12.840996347708938,True,False,True,False,True,14.9131900035778,0,1.0620861905620789,0.867242449518128,False,False,False,False,0.31825282980869923,0.325480689021314,False,False,False,False,-34659734,-38051794.2565545,False,False,False,False,1508379.846125752,False,False,False,False
2024-07-16 00:00:00+00:00,28.1305413091,28.2338900438,27.293908695,27.3628078514,1571505,,,,,,,,,,,,,,,,,,,,,,"rgba(38, 166, 154, 1.0)",1.0,27.870274,1.5690922218880021,24.243915259673486,2.4769901954838267,0.0,0.0,0.0,0.0,0.0,0.0,0.0,0.0,66.98162816083895,13.139158516176153,True,False,True,False,True,18.329622998394534,0,1.0608411942150233,0.8449990671851255,False,False,False,False,0.34282823883585906,0.3341544639285865,False,False,False,False,-33088229,-37857144.6386504,False,False,False,False,1510855.3423561146,False,False,False,False
2024-07-17 00:00:00+00:00,26.8903564928,27.9828018322,26.8608282829,27.8746301566,1681576,,,,,,,,,,,,,,,,,,,,,,"rgba(38, 166, 154, 0.75)",0.0,0.0,1.5911301473217432,24.257696834491348,1.65458473823782,0.0,0.0,0.0,0.0,0.0,0.0,0.0,0.0,62.25359867893319,16.398957137541657,True,False,True,False,False,11.24552150126917,0,1.0282394379696445,0.868437930590564,False,False,False,False,0.29040625053182084,0.31228035723020364,False,False,False,False,-34769805,-37736072.49595823,False,False,False,False,1517550.2701068553,False,False,False,False
2024-07-18 00:00:00+00:00,26.289949558,27.3037514316,26.1718367183,26.9297274394,1639956,,,,,,,,,,,,,,,,,,,,,,"rgba(38, 166, 154, 0.5)",0.0,0.0,1.6025062971172865,24.26151350398595,1.2657897554992203,0.0,0.0,0.0,0.0,0.0,0.0,0.0,0.0,57.02956067954344,11.705446246157528,False,False,True,False,False,8.128440343830615,0,1.0041442210263798,0.8964444970304094,False,False,False,False,0.18979308124230715,0.25103671923625537,False,False,False,False,-36409761,-37684060.28043046,False,False,False,False,1522350.4948085472,False,False,False,False
2024-07-19 00:00:00+00:00,26.5261752373,26.6393667086,26.181679455,26.2702640847,1320246,,,,,,,,,,,,,,,,,,,,,,#000000,0.0,0.0,1.6160022207465343,24.26755200179964,1.3976609725554443,0.0,0.0,0.0,0.0,0.0,0.0,0.0,0.0,54.41016970202683,9.542873742698596,False,False,False,False,False,9.084867758499591,0,0.9990163658251834,0.9295060849282932,False,False,False,False,0.14308023907611167,0.19705847915618352,False,False,False,False,-35089515,-37582313.40668809,False,False,False,False,1514424.8283454669,False,False,False,False
2024-07-22 00:00:00+00:00,27.1659531187,27.1954813286,26.5753889204,26.6344453403,1079911,,,,,,,,,,,,,,,,,,,,,,"rgba(38, 166, 154, 0.5)",0.0,0.0,1.641040889625361,24.282994475781557,1.7567865987645215,0.0,0.0,0.0,0.0,0.0,0.0,0.0,0.0,54.80226790713587,9.542873742698596,False,False,True,False,False,11.591186100223222,0,1.0166325357364927,0.9020911020942475,False,False,False,False,0.21112542630259742,0.20409195272939046,False,False,False,False,-34009604,-37442207.15544542,False,False,False,False,1497385.0703711347,False,False,False,False
2024-07-23 00:00:00+00:00,27.2250095385,27.3726505881,26.9690983859,27.1659531187,990077,,,,,,,,,,,,,,,,,,,,,,"rgba(38, 166, 154, 0.5)",0.0,0.0,1.6660117547543551,24.29993432969723,1.7557350363557653,0.0,0.0,0.0,0.0,0.0,0.0,0.0,0.0,55.250988401212695,9.542873742698596,False,False,True,False,False,11.81747326047983,0,1.0305133899217793,0.8983233970894865,False,False,False,False,0.2529298639774623,0.22851090835342638,False,False,False,False,-33019527,-37268768.71797697,False,False,False,False,1477490.6362389335,False,False,False,False
2024-07-24 00:00:00+00:00,26.2997922946,27.1856385919,26.2801068213,27.0970539622,766402,,,,,,,,,,,,,,,,,,,,,,#000000,0.0,0.0,1.6742997110094868,24.30667321639408,1.1904195318795137,0.0,0.0,0.0,0.0,0.0,0.0,0.0,0.0,52.19960762836223,7.700662870001963,False,True,False,False,False,7.131798466754258,0,1.001089408896405,0.9073021100945319,False,False,False,False,0.18908503752190686,0.2087979729376666,False,False,False,False,-33785929,-37132186.76825239,False,False,False,False,1449604.8073668187,False,False,False,False
2024-07-25 00:00:00+00:00,26.0832520886,26.6738162868,25.9848247222,26.3293205045,1492653,,,,,,,,,,,,,,,,,,,,,,#000000,0.0,0.0,1.6809658523242537,24.31416419806741,1.0524234552929732,0.0,0.0,0.0,0.0,0.0,0.0,0.0,0.0,49.48838869947544,5.1514432590412795,False,True,False,False,False,6.086637826794952,0,0.9941832110890383,0.9242559155758915,False,False,False,False,0.13159285868125192,0.17019541580945927,False,False,False,False,-35278582,-37059496.38518366,False,False,False,False,1451292.971783806,False,False,False,False
2024-07-26 00:00:00+00:00,26.506489764,26.7820863898,26.3194777679,26.4080623976,1368006,,,,,,,,,,,,,,,,,,,,,,#000000,0.0,0.0,1.6918050594075946,24.326693941947404,1.2884438487350771,0.0,0.0,0.0,0.0,0.0,0.0,0.0,0.0,49.29417396236484,4.928605538595079,False,True,False,False,False,7.792366752104243,0,1.0035183543339121,0.9079802704620197,False,False,False,False,0.16301257257514626,0.16660399419230276,False,False,False,False,-33910576,-36936009.31125489,False,False,False,False,1448026.8160275784,False,False,False,False
2024-07-29 00:00:00+00:00,26.4966470273,26.7328727066,26.3588487144,26.6246026036,1663233,,,,,,,,,,,,,,,,,,,,,,#000000,0.0,0.0,1.7028464430834758,24.342097678741585,1.2652634401120786,0.0,0.0,0.0,0.0,0.0,0.0,0.0,0.0,49.128693268146904,4.600525842239186,False,True,False,False,False,7.743765514593143,0,1.0018675168080748,0.9125944249667366,False,False,False,False,0.1623111052535822,0.16445754972294246,False,False,False,False,-35573809,-36882589.69120568,False,False,False,False,1456466.2742225754,False,False,False,False
2024-07-30 00:00:00+00:00,25.6895426231,26.7722436532,25.4041032606,25.6993853597,1938540,,,,,,,,,,,,,,,,,,,,,,"rgba(239, 83, 80, 1.0)",0.0,0.0,1.7055738771228193,24.348717400163608,0.7861431515345836,0.0,0.0,0.0,0.0,0.0,0.0,0.0,0.0,46.31626546625464,1.7575557008506877,False,True,False,True,False,3.8698017607260837,0,0.9701273159913049,0.9110131871186701,False,False,False,False,0.09766962741857729,0.1310635885707599,False,False,False,False,-37512349,-36907286.13468781,False,False,False,False,1475371.126213847,False,False,False,False
2024-07-31 00:00:00+00:00,26.5261752373,26.9592556493,26.2801068213,26.4572760808,2708706,,,,,,,,,,,,,,,,,,,,,,"rgba(239, 83, 80, 1.0)",0.0,0.0,1.7142979162257113,24.376305111713215,1.2540819802896634,0.0,0.0,0.0,0.0,0.0,0.0,0.0,0.0,47.58966860327751,1.7575557008506877,False,True,False,True,False,7.226108852111299,0,0.9794059818274395,0.8926591736484661,False,False,False,False,0.17285015593046865,0.15195687225061427,False,False,False,False,-34803643,-36824790.325484365,False,False,False,False,1523737.199695657,False,False,False,False
2024-08-01 00:00:00+00:00,25.7387563063,26.7013759494,25.4730024171,26.3883769243,1342285,,,,,,,,,,,,,,,,,,,,,,"rgba(239, 83, 80, 1.0)",0.0,0.0,1.7137914825898213,24.38199734963371,0.7916709649040874,0.0,0.0,0.0,0.0,0.0,0.0,0.0,0.0,46.07320268610246,1.379318161403333,False,True,False,True,False,3.661476447759675,0,0.9550969384895526,0.9052770958308602,False,False,False,False,0.09753167564797892,0.1247442739492966,False,False,False,False,-36145928,-36798168.273504585,False,False,False,False,1516621.4271585725,False,False,False,False
2024-08-02 00:00:00+00:00,24.7544826426,24.9710228486,24.2229748642,24.9710228486,1720569,,,,,,,,,,,,,,,,,,,,,,"rgba(239, 83, 80, 1.0)",0.0,0.0,1.7072686356804772,24.36914144342385,0.2257062486376444,0.0,0.0,0.0,0.0,0.0,0.0,0.0,0.0,42.72499790627735,-1.8851330238863184,False,True,False,True,False,0.0,0,0.9264432405827098,0.9397841486222567,False,False,False,False,-0.11010113453916008,0.007321569705068261,False,False,False,False,-37866497,-36840063.517680876,False,False,False,False,1524619.3711915696,False,False,False,False
2024-08-05 00:00:00+00:00,24.0162773948,24.3066381256,23.3174430935,23.6914670857,1408284,,,,,,,,,,,,,,,,,,,,,,"rgba(239, 83, 80, 1.0)",0.0,0.0,1.700279998177538,24.440195549681594,-0.24932255589430866,0.0,0.0,0.0,0.0,0.0,0.0,0.0,0.0,39.07000607023708,-5.327098573769064,False,True,False,True,False,0.0,0,0.8920180391322111,0.9474475275618965,False,False,True,False,-0.2222206038907661,-0.10744951709284892,False,False,False,False,-39274781,-36935542.63463457,False,False,False,False,1520057.1997722925,False,False,False,False
2024-08-06 00:00:00+00:00,24.1540757077,24.6757407495,24.0064346581,24.065491078,1306738,,,,,,,,,,,,,,,,,,,,,,"rgba(239, 83, 80, 1.0)",0.0,0.0,1.6904024069452954,24.43768353563156,-0.16777533371125847,0.0,0.0,0.0,0.0,0.0,0.0,0.0,0.0,37.17356784967314,-7.073201337120885,False,True,False,True,False,0.0,0,0.9101664771621985,0.9391247998453718,False,False,False,False,-0.1462195699954706,-0.12683454354415974,False,False,False,False,-37968043,-36976032.84504106,False,False,False,False,1511691.740957693,False,False,False,False
2024-08-07 00:00:00+00:00,23.8587936086,24.5182569633,23.7013098224,24.49857149,1806409,,,,,,,,,,,,,,,,,,,,,,"rgba(239, 83, 80, 1.0)",0.0,0.0,1.6845063548796944,24.417695959733333,-0.33178999266716924,0.0,0.0,0.0,0.0,0.0,0.0,0.0,0.0,35.31940165632371,-8.828266024994058,False,True,False,True,False,0.0,0,0.9000040662837901,0.9527500140366026,False,False,False,False,-0.1791917524363072,-0.15301314799023347,False,False,False,False,-39774452,-37085774.772686504,True,False,False,False,1523249.2805279796,True,False,False,False
2024-08-08 00:00:00+00:00,24.5773133831,24.606841593,24.0556483413,24.3607731771,1172997,,,,,,,,,,,,,,,,,,,,,,"rgba(239, 83, 80, 1.0)",0.0,0.0,1.673283876799884,24.41354693875679,0.09787128568788313,0.0,0.0,0.0,0.0,0.0,0.0,0.0,0.0,36.91609370996393,-8.828266024994058,False,True,False,True,False,0.0,0,0.9036497346747263,0.9531619503644525,False,False,False,False,-0.1476157373856139,-0.15031444268792368,False,False,False,False,-38601455,-37145213.212973304,False,False,False,False,1509513.8969778628,False,False,False,False
2024-08-09 00:00:00+00:00,24.8430672723,24.8725954822,24.4395150702,24.5674706465,957417,,,,,,,,,,,,,,,,,,,,,,"rgba(239, 83, 80, 0.75)",0.0,0.0,1.6647673534453822,24.41406194662612,0.25769686364044603,0.0,0.0,0.0,0.0,0.0,0.0,0.0,0.0,38.94128741540155,-8.828266024994058,False,True,False,True,True,0.121762107778558,0,0.9222363111017325,0.92942082929332,False,False,False,False,-0.10180994210339396,-0.12606219239565883,False,False,False,False,-37644038,-37164774.96932729,False,False,False,False,1487863.0382728486,False,False,False,False
2024-08-12 00:00:00+00:00,24.7052689594,24.9513373753,24.5576279098,24.7938535891,948768,,,,,,,,,,,,,,,,,,,,,,"rgba(239, 83, 80, 0.75)",0.0,0.0,1.654279342867984,24.414009989580506,0.17606395865074778,0.0,0.0,0.0,0.0,0.0,0.0,0.0,0.0,39.90856936320145,-8.828266024994058,False,True,False,True,True,0.0,0,0.9235413152026328,0.9323238115002455,False,False,False,False,-0.08802165894643148,-0.10704192567104515,False,False,False,False,-38592806,-37220776.18621642,False,False,False,False,1466722.0563797958,False,False,False,False
2024-08-13 00:00:00+00:00,25.1678775813,25.2564622111,24.8627527456,24.9710228486,1395658,,,,,,,,,,,,,,,,,,,,,,"rgba(239, 83, 80, 0.75)",0.0,0.0,1.6412162346271129,24.419637817166,0.4559056560295381,0.0,0.0,0.0,0.0,0.0,0.0,0.0,0.0,42.29419944305114,-13.561696671710266,False,True,False,True,True,1.4186459210288405,0,0.9291423381052549,0.9216635981185012,False,False,False,False,-0.04546609135066404,-0.07625400851085459,False,False,False,False,-37197148,-37219849.59067853,False,False,False,False,1463935.2306394118,False,False,False,False
2024-08-14 00:00:00+00:00,25.148192108,25.3352041042,24.9267305337,25.2170912645,869591,,,,,,,,,,,,,,,,,,,,,,"rgba(239, 83, 80, 0.75)",0.0,0.0,1.6300309040073953,24.422813791954006,0.4450089346543475,0.0,0.0,0.0,0.0,0.0,0.0,0.0,0.0,43.81895248565079,-11.996678225213458,False,True,False,True,True,1.3374589310326463,0,0.9303669175213266,0.9264003895419229,False,False,False,False,-0.03554291605145978,-0.05589846228115719,False,False,False,False,-38066739,-37253060.940063685,False,False,False,False,1440627.6137515919,False,False,False,False
2024-08-15 00:00:00+00:00,25.502530627,25.7092280964,25.3647323141,25.61080073,1298604,,,,,,,,,,,,,,,,,,,,,,"rgba(239, 83, 80, 0.75)",0.0,0.0,1.6229201014829913,24.432787118717975,0.6591473648668925,0.0,0.0,0.0,0.0,0.0,0.0,0.0,0.0,46.19090488226024,-9.632881144757754,False,True,False,True,True,2.7473555785491754,0,0.9516511985248597,0.8959220503943639,False,False,False,False,0.010588623609574908,-0.02265491933579114,False,False,False,False,-36768135,-37234044.23653178,False,False,False,False,1435058.0602711374,False,False,False,False
2024-08-16 00:00:00+00:00,25.148192108,25.4926878904,25.0497647417,25.4533169438,1657442,,,,,,,,,,,,,,,,,,,,,,#000000,0.0,0.0,1.5986235194286469,24.438292566598843,0.4440692463068961,0.0,0.0,0.0,0.0,0.0,0.0,0.0,0.0,46.45384540166124,-9.235743915218663,False,True,False,False,True,1.2579948857510317,0,0.9412454147694693,0.9105620039831507,False,False,False,False,-0.027536376057646087,-0.025095647696718612,False,False,False,False,-38425577,-37280771.01156975,False,False,False,False,1443778.999084034,False,False,False,False
2024-08-19 00:00:00+00:00,25.2367767378,25.3647323141,25.1088211615,25.2269340011,904967,,,,,,,,,,,,,,,,,,,,,,#000000,0.0,0.0,1.5770732641408756,24.44102513450823,0.5045749118860766,0.0,0.0,0.0,0.0,0.0,0.0,0.0,0.0,46.99864224954455,-8.485110497149734,False,True,False,False,True,1.616607843533739,0,0.9309171199643841,0.9146900632134892,False,False,False,False,-0.03248201359802524,-0.028788830647371925,False,False,False,False,-37520610,-37290176.46209643,False,False,False,False,1422649.1167670132,False,False,False,False
2024-08-20 00:00:00+00:00,24.9611801119,25.4828451537,24.9414946387,25.2269340011,803062,,,,,,,,,,,,,,,,,,,,,,"rgba(239, 83, 80, 0.75)",0.0,0.0,1.559904177129918,24.44238161015703,0.3325835710610825,0.0,0.0,0.0,0.0,0.0,0.0,0.0,0.0,46.29152645948046,-8.485110497149734,False,True,False,True,True,0.45175826668724994,0,0.9331374273327397,0.903779093005231,False,False,False,False,-0.03660445549858773,-0.03269664307297983,False,False,False,False,-38323672,-37330705.69887696,False,False,False,False,1398351.58277615,False,False,False,False
2024-08-21 00:00:00+00:00,25.4336314705,25.4533169438,25.0497647417,25.1875630546,983895,,,,,,,,,,,,,,,,,,,,,,#000000,0.0,0.0,1.5458255188523493,24.44580398645943,0.6390290961000249,0.0,0.0,0.0,0.0,0.0,0.0,0.0,0.0,47.874936703187025,-7.194536745336563,False,True,False,False,True,2.3830247854275584,0,0.9356538892834598,0.9045208962984189,False,False,False,False,-0.036044940583892335,-0.03437079182843608,False,False,False,False,-37339777,-37331061.436175905,False,False,False,False,1382098.383451595,False,False,False,False
2024-08-22 00:00:00+00:00,25.0300792684,25.4828451537,25.0202365318,25.4041032606,1024312,,,,,,,,,,,,,,,,,,,,,,#000000,0.0,0.0,1.531715598882479,24.447803236732376,0.38014630920547304,0.0,0.0,0.0,0.0,0.0,0.0,0.0,0.0,47.31278932945334,-7.194536745336563,False,True,False,False,True,0.674309066519772,0,0.9307625034624907,0.9033471415366031,False,False,False,False,-0.08982989455853248,-0.06210034319348428,False,False,False,False,-38364089,-37371572.32103176,False,False,False,False,1368067.5448848659,False,False,False,False
2024-08-23 00:00:00+00:00,25.8174981994,25.8174981994,25.148192108,25.2367767378,1458034,,,,,,,,,,,,,,,,,,,,,,#000000,0.0,0.0,1.520575974631603,24.456351367842878,0.8951521359443371,0.0,0.0,0.0,0.0,0.0,0.0,0.0,0.0,49.97824030700729,-4.8099678270856145,False,True,False,False,True,3.804402536594843,0,0.9180636488523715,0.9254174768130072,False,False,False,False,-0.051003090243361096,-0.056551716718422684,False,False,False,False,-36906055,-37353316.739814825,False,False,False,False,1371595.6411638907,False,False,False,False
2024-08-26 00:00:00+00:00,25.5911152567,26.152151245,25.5714297834,26.0143529321,700928,,,,,,,,,,,,,,,,,,,,,,#000000,0.0,0.0,1.5044776219661447,24.461448999964176,0.7508694315170379,0.0,0.0,0.0,0.0,0.0,0.0,0.0,0.0,50.817256625910844,-3.8636104192015637,False,True,False,False,True,2.8426841316342433,0,0.9102417150197079,0.916846597893741,False,False,False,False,0.012329383158770591,-0.022111166779826046,False,False,False,False,-37606983,-37363264.43629268,False,False,False,False,1345294.949353542,False,False,False,False
2024-08-27 00:00:00+00:00,25.7092280964,25.7535204112,25.2958331576,25.5222161003,1018957,,,,,,,,,,,,,,,,,,,,,,"rgba(38, 166, 154, 0.5)",0.0,0.0,1.491446975385507,24.466864182561487,0.8329923452473991,0.0,0.0,0.0,0.0,0.0,0.0,0.0,0.0,51.825829170314535,-2.734519079341929,False,False,True,False,True,3.3084767366357504,0,0.915302333781667,0.9184387312231687,False,False,False,False,-0.04400098458114368,-0.03305607568048487,False,False,False,False,-36588026,-37332862.92898708,False,False,False,False,1332497.3827122266,False,False,False,False
2024-08-28 00:00:00+00:00,25.8174981994,25.8667118826,25.5615870468,25.5615870468,625069,,,,,,,,,,,,,,,,,,,,,,"rgba(38, 166, 154, 0.5)",0.0,0.0,1.4770024187292836,24.47101877673131,0.9116298020873336,0.0,0.0,0.0,0.0,0.0,0.0,0.0,0.0,52.92609224210612,-1.5155746486425556,False,False,True,False,True,3.738756557178661,0,0.9151483951189414,0.9331209123922183,False,False,False,False,-0.012329399870662698,-0.022692737775573783,False,False,False,False,-35962957,-37279141.12785033,False,False,False,False,1304755.0931941003,False,False,False,False
2024-08-29 00:00:00+00:00,26.0930948252,26.3588487144,25.8174981994,26.0340384054,811120,,,,,,,,,,,,,,,,,,,,,,"rgba(38, 166, 154, 0.5)",0.0,0.0,1.4603523635572102,24.478763213609906,1.1054397910226366,0.0,0.0,0.0,0.0,0.0,0.0,0.0,0.0,54.74020452476229,0.35315885666568647,False,False,True,False,True,4.832606591380241,0,0.9000089346550366,0.9379041774097561,False,False,False,False,0.05017905020254288,0.013743156213484549,False,False,False,False,-35151837,-37195717.43656208,False,False,False,False,1285396.8542453123,False,False,False,False
2024-08-30 00:00:00+00:00,26.398219661,26.5018775916,26.023076674,26.2402647191,1021932,,,,,,,,,,,,,,,,,,,,,,"rgba(38, 166, 154, 0.5)",0.0,0.0,1.4433491571317567,24.673965190643727,1.1946204851657194,0.0,0.0,0.0,0.0,0.0,0.0,0.0,0.0,57.07182475305921,2.6502711835600508,False,False,True,False,True,6.028660179052537,0,0.8980453675244927,0.932863531557178,False,False,False,False,0.07941395922772919,0.04657855772060687,False,False,False,False,-34129905,-37075489.49787337,False,False,False,False,1275064.8991768688,False,False,False,False
2024-09-03 00:00:00+00:00,25.351768171,26.2007759836,25.2333019646,25.9934601224,1425817,,,,,,,,,,,,,,,,,,,,,,"rgba(38, 166, 154, 0.5)",0.0,0.0,1.422510439869749,24.659222415374877,0.4868475732863759,0.0,0.0,0.0,0.0,0.0,0.0,0.0,0.0,53.815823047469586,2.6502711835600508,False,False,True,False,False,1.4671795730221078,0,0.8784940051071817,0.9240555198929417,False,False,False,False,-0.011846752340165871,0.0173659026902205,False,False,False,False,-35555722,-37015890.77246657,False,False,False,False,1280976.746267972,False,False,False,False
2024-09-04 00:00:00+00:00,25.2135575969,25.5837644919,25.203685413,25.2431741485,936836,,,,,,,,,,,,,,,,,,,,,,#000000,0.0,0.0,1.3998536201578615,24.653290184850754,0.40023285576535106,0.0,0.0,0.0,0.0,0.0,0.0,0.0,0.0,51.12724160003032,5.937483296660268,False,False,False,False,False,0.8914005518006896,0,0.8799197043273643,0.9482267540381525,False,False,False,False,-0.06593827462264229,-0.024286185966210894,False,False,False,False,-36492558,-36995367.918644354,False,False,False,False,1267481.0307280517,False,False,False,False
2024-09-05 00:00:00+00:00,25.5393396645,25.6084449516,25.1938132292,25.203685413,1010076,,,,,,,,,,,,,,,,,,,,,,#000000,0.0,0.0,1.3776242060530455,24.65281208919634,0.6435191624888795,0.0,0.0,0.0,0.0,0.0,0.0,0.0,0.0,50.75405225726454,5.611922299032905,False,False,False,False,False,2.2097000978520995,0,0.8858617105729497,0.9294570582344702,False,False,False,False,-0.06469642615455048,-0.04449130606038069,False,False,False,False,-35482482,-36936039.059089676,False,False,False,False,1257386.71579754,False,False,False,False
2024-09-06 00:00:00+00:00,24.6607153003,25.5837644919,24.5225047262,25.4406178259,1339340,,,,,,,,,,,,,,,,,,,,,,"rgba(239, 83, 80, 1.0)",0.0,0.0,1.3591508254913502,24.642199536336783,0.013623038456033798,0.0,0.0,0.0,0.0,0.0,0.0,0.0,0.0,47.35716955640398,2.396247561763282,False,True,False,True,False,0.0,1,0.8671014741591893,0.9367470341811501,False,False,False,False,-0.1233466393365968,-0.08391897269848875,False,False,False,False,-36821822,-36931559.958733216,False,False,False,False,1260600.5700799895,False,False,False,False
2024-09-09 00:00:00+00:00,24.6508431165,24.9470086325,24.5175686343,24.7002040358,1044798,,,,,,,,,,,,,,,,,,,,,,"rgba(239, 83, 80, 1.0)",0.0,0.0,1.3456343900644896,24.63298465692383,0.013271405448631445,0.0,0.0,0.0,0.0,0.0,0.0,0.0,0.0,45.061093820350564,0.27737594494804796,False,True,False,True,False,0.0,1,0.8652197960108146,0.9535584776608491,False,False,False,False,-0.17817107192926895,-0.13104502231387885,False,False,False,False,-37866620,-36968228.97995937,False,False,False,False,1252137.7241944997,False,False,False,False
2024-09-10 00:00:00+00:00,24.5817378294,24.7199484035,24.2806362215,24.6607153003,855928,,,,,,,,,,,,,,,,,,,,,,"rgba(239, 83, 80, 1.0)",0.0,0.0,1.3266423114134698,24.624619142096957,-0.03232319090687525,0.0,0.0,0.0,0.0,0.0,0.0,0.0,0.0,43.29275025830978,-1.3654439631349788,False,True,False,True,False,0.0,0,0.8561172666727378,0.9702267857147194,False,False,False,False,-0.21846556296070627,-0.17475529263729256,False,False,False,False,-38722548,-37037025.804274686,False,False,False,False,1236600.0879515782,False,False,False,False
2024-09-11 00:00:00+00:00,24.9568808164,25.0062417357,24.1967226586,24.6804596681,1023713,,,,,,,,,,,,,,,,,,,,,,"rgba(239, 83, 80, 1.0)",0.0,0.0,1.3051836830768213,24.71486753820207,0.1854246887514011,0.0,0.0,0.0,0.0,0.0,0.0,0.0,0.0,44.02514937514647,-1.3654439631349788,False,True,False,True,False,0.0,0,0.8591508591009719,0.9608258645417934,False,False,False,False,-0.20081177954012142,-0.187783536088707,False,False,False,False,-37698835,-37062979.10606784,False,False,False,False,1228251.5746985753,False,False,False,False
2024-09-12 00:00:00+00:00,24.9766251841,25.1691327695,24.8087980583,24.9371364486,1200639,,,,,,,,,,,,,,,,,,,,,,"rgba(239, 83, 80, 1.0)",0.0,0.0,1.2922373411858872,24.719659395802417,0.19885339953244732,0.0,0.0,0.0,0.0,0.0,0.0,0.0,0.0,44.61298889081607,-1.3654439631349788,False,True,False,True,False,0.0,0,0.8747866456825882,0.9496474493692082,False,False,False,False,-0.13424239729218734,-0.16101296669044718,False,False,False,False,-36498196,-37040830.74896713,False,False,False,False,1227168.7286319647,False,False,False,False
2024-09-13 00:00:00+00:00,25.2925350678,25.3813847226,25.1444523098,25.2135575969,648375,,,,,,,,,,,,,,,,,,,,,,"rgba(239, 83, 80, 0.75)",0.0,0.0,1.2720506016918567,24.725423272534012,0.4458248708909183,0.0,0.0,0.0,0.0,0.0,0.0,0.0,0.0,46.5944565989931,-1.3654439631349788,False,True,False,True,True,1.286770494134153,0,0.8761425199667495,0.9431699434229454,False,False,False,False,-0.0879146608405996,-0.12446381376552339,False,False,False,False,-35849821,-36994124.48430176,False,False,False,False,1204470.9353522798,False,False,False,False
2024-09-16 00:00:00+00:00,25.5590840323,25.6380615032,25.2135575969,25.351768171,1342910,,,,,,,,,,,,,,,,,,,,,,#000000,0.0,0.0,1.2431442875658072,24.738893431527902,0.6597710410415086,0.0,0.0,0.0,0.0,0.0,0.0,0.0,0.0,49.159419052101114,-6.068152270725065,False,False,False,False,True,2.3969649860055533,0,0.8831247991526682,0.9310291488588543,False,False,False,False,-0.060558348471391264,-0.09251108111845732,False,False,False,False,-34506911,-36896586.70060366,False,False,False,False,1209899.9182796413,False,False,False,False
2024-09-17 00:00:00+00:00,25.3616403549,25.9539713869,25.1592605856,25.7367833419,1419273,,,,,,,,,,,,,,,,,,,,,,#000000,0.0,0.0,1.217461803308051,24.749050612397145,0.5031695785759724,0.0,0.0,0.0,0.0,0.0,0.0,0.0,0.0,49.82090024034115,-5.340935117531529,False,False,False,False,True,1.5257975172353753,0,0.870903748195032,0.9340512189409649,False,False,False,False,-0.038657688859710694,-0.065584384989084,False,False,False,False,-35926184,-36858531.69273685,False,False,False,False,1218110.6273667142,False,False,False,False
2024-09-18 00:00:00+00:00,24.9173920809,25.5097231129,24.7396927713,25.5097231129,1637597,,,,,,,,,,,,,,,,,,,,,,#000000,0.0,0.0,1.1978769869068622,24.745851192039357,0.14320409418966634,0.0,0.0,0.0,0.0,0.0,0.0,0.0,0.0,48.123817381951156,-5.340935117531529,False,False,False,False,True,0.0,0,0.8604732482920607,0.9460161824888894,False,False,False,False,-0.1112278430113183,-0.08840611400020115,False,False,False,False,-37563781,-36886188.5283158,False,False,False,False,1234561.0733523332,False,False,False,False
2024-09-19 00:00:00+00:00,25.4998509291,25.7170389741,25.2925350678,25.5294674807,1204000,,,,,,,,,,,,,,,,,,,,,,#000000,0.0,0.0,1.1672250237858817,24.752630895046252,0.6401679357679866,0.0,0.0,0.0,0.0,0.0,0.0,0.0,0.0,49.814372881634725,-5.265606586338258,False,False,False,False,True,2.0564087922773275,0,0.8641586054872359,0.93250709820024,False,False,False,False,-0.04732970911387498,-0.06786791155703807,False,False,False,False,-36359781,-36865545.095832825,False,False,False,False,1233362.599887536,False,False,False,False
2024-09-20 00:00:00+00:00,25.282662884,25.4159373662,24.9371364486,25.3616403549,1339040,,,,,,,,,,,,,,,,,,,,,,#000000,0.0,0.0,1.1177409877367388,24.75357526113027,0.4733544073936629,0.0,0.0,0.0,0.0,0.0,0.0,0.0,0.0,49.893239059964785,-5.028420680513136,False,False,False,False,True,1.1121956819822287,0,0.8420710443147345,0.9497780204288873,False,False,False,False,-0.10247263132586318,-0.08517027144145062,False,False,False,False,-37698821,-36898222.58227076,False,False,False,False,1237506.811656652,False,False,False,False
2024-09-23 00:00:00+00:00,25.3813847226,25.5689562161,25.1938132292,25.4504900097,1178455,,,,,,,,,,,,,,,,,,,,,,#000000,0.0,0.0,1.0884858961213921,24.757208791596614,0.5734350194407802,0.0,0.0,0.0,0.0,0.0,0.0,0.0,0.0,50.423790536409356,-4.295424801331876,False,False,False,False,True,1.5297605574401345,1,0.8484166777786448,0.9539156647265364,False,False,False,False,-0.06800847533939457,-0.0765893733904226,False,False,False,False,-36520366,-36883404.67708367,False,False,False,False,1235191.0543367835,False,False,False,False
2024-09-24 00:00:00+00:00,25.7960164451,25.9835879385,25.5689562161,25.6084449516,958564,,,,,,,,,,,,,,,,,,,,,,"rgba(38, 166, 154, 1.0)",0.0,0.0,1.0492473053125864,24.765076978933205,0.9825514546922413,0.0,0.0,0.0,0.0,0.0,0.0,0.0,0.0,52.67117898572815,-1.9636430170630277,True,False,True,False,True,3.267131726988108,1,0.8598357573440675,0.9328253347245126,False,False,False,False,-0.001953679301867733,-0.03927152634614517,False,False,False,False,-35561802,-36831577.12111961,False,False,False,False,1224342.9345588705,False,False,False,False
2024-09-25 00:00:00+00:00,25.6578058709,25.9638435708,25.6281893193,25.8157608128,762563,,,,,,,,,,,,,,,,,,,,,,"rgba(38, 166, 154, 1.0)",0.0,0.0,1.0027125401675456,24.770644616622643,0.8847613037023727,0.0,0.0,0.0,0.0,0.0,0.0,0.0,0.0,53.38495690155197,-1.1219950559872274,True,False,True,False,True,2.6426294021998196,1,0.8586177503404149,0.9478319865153051,False,False,False,False,0.032755707907604056,-0.0032579092192705564,False,False,False,False,-36324365,-36811686.44970316,False,False,False,False,1206233.917517346,False,False,False,False
2024-09-26 00:00:00+00:00,26.6746408093,26.7980431076,25.7466555257,25.7565277096,1368102,,,,,,,,,,,,,,,,,,,,,,"rgba(38, 166, 154, 1.0)",0.0,0.0,0.9614251097604052,24.790958569968875,1.9592604979919388,0.0,0.0,0.0,0.0,0.0,0.0,0.0,0.0,57.62506322994159,2.9787608308376647,True,False,True,False,True,6.731986353156515,0,0.876348857971612,0.916894675278777,False,False,False,False,0.1546642496861046,0.07570317023341702,False,False,False,False,-34956263,-36738924.74579323,False,False,False,False,1212581.6854578424,False,False,False,False
2024-09-27 00:00:00+00:00,26.6647686254,26.9757424172,26.467324948,26.8128513834,894631,,,,,,,,,,,,,,,,,,,,,,"rgba(38, 166, 154, 1.0)",0.0,0.0,0.919295710527809,24.989941566622424,1.8218588856636604,0.0,0.0,0.0,0.0,0.0,0.0,0.0,0.0,60.39314716529821,5.548463920469722,True,False,True,False,True,6.686250381879386,0,0.917011126390609,0.8891704405874155,False,False,False,False,0.24658513844185662,0.16114415433763682,False,False,False,False,-35850894,-36704100.01066408,False,False,False,False,1200113.0311261625,False,False,False,False
2024-09-30 00:00:00+00:00,26.8128513834,26.842467935,26.398219661,26.5265580512,1129784,,,,,,,,,,,,,,,,,,,,,,"rgba(38, 166, 154, 1.0)",0.0,0.0,0.9224446406999891,25.00710357336063,1.9575676743799983,0.0,0.0,0.0,0.0,0.0,0.0,0.0,0.0,62.716347518264804,7.674874302403396,True,False,True,False,True,7.266393619318421,0,0.9145670491718048,0.872911872889778,False,False,False,False,0.22557209591430097,0.1933581251259689,False,False,False,False,-34721110,-36626335.696520396,False,False,False,False,1197355.0299055288,False,False,False,False
2024-10-01 00:00:00+00:00,26.4278362126,26.7437460963,26.0823097772,26.7437460963,1740969,,,,,,,,,,,,,,,,,,,,,,"rgba(38, 166, 154, 1.0)",0.0,0.0,0.9231010937830169,25.02103036270808,1.523999764886643,0.0,0.0,0.0,0.0,0.0,0.0,0.0,0.0,61.85348590378603,7.674874302403396,True,False,True,False,True,5.453716333601516,0,0.8924983643631438,0.8924956726048635,False,False,False,False,0.1831048537685632,0.18823148944726603,False,False,False,False,-36462079,-36619894.25744117,False,False,False,False,1218673.2248111942,False,False,False,False
2024-10-02 00:00:00+00:00,26.3784752932,26.6450242577,26.1672105585,26.3389865578,958877,,,,,,,,,,,,,,,,,,,,,,"rgba(38, 166, 154, 1.0)",0.0,0.0,0.924494691620784,25.029605947244704,1.4590341709702168,0.0,0.0,0.0,0.0,0.0,0.0,0.0,0.0,60.97919678260627,7.674874302403396,True,False,True,False,True,5.222470780737719,0,0.883352951859402,0.9011257591354039,False,False,False,False,0.2620001324445038,0.22511581094588493,False,False,False,False,-37420956,-36651308.443423875,False,False,False,False,1208485.1375636964,False,False,False,False
2024-10-03 00:00:00+00:00,25.9342270192,26.2797534546,25.9243548353,26.1612872482,1153203,,,,,,,,,,,,,,,,,,,,,,"rgba(38, 166, 154, 0.75)",0.0,0.0,0.9204829038551837,25.032585361180235,0.9795311289796844,0.0,0.0,0.0,0.0,0.0,0.0,0.0,0.0,57.85528500846746,7.674874302403396,True,False,True,False,False,3.15935000832836,0,0.8935229546381108,0.9032978607490834,False,False,False,False,0.19179255155555938,0.20845418125072215,False,False,False,False,-38574159,-36726714.34760333,False,False,False,False,1206317.2106004143,False,False,False,False
2024-10-04 00:00:00+00:00,26.0921819611,26.4080918448,25.9589074789,26.4080918448,801294,,,,,,,,,,,,,,,,,,,,,,"rgba(38, 166, 154, 0.75)",0.0,0.0,0.904021766772331,25.036947964479236,1.1672661382792946,0.0,0.0,0.0,0.0,0.0,0.0,0.0,0.0,56.545744224971,11.77543456912376,True,False,True,False,False,3.8234704074892214,0,0.9022917820977048,0.881996408030408,False,False,False,False,0.21102813597860012,0.20974115861466114,False,False,False,False,-37772865,-36767739.86338359,False,False,False,False,1190433.9474396138,False,False,False,False
2024-10-07 00:00:00+00:00,25.282662884,26.0329488579,25.203685413,25.7663998935,2271661,,,,,,,,,,,,,,,,,,,,,,#000000,0.0,0.0,0.8994508932733375,25.02802517236966,0.28310351741788564,0.0,0.0,0.0,0.0,0.0,0.0,0.0,0.0,51.84918261437126,7.350780033741387,True,False,False,False,False,0.1885406983544371,0,0.8746690410702105,0.903084811773782,False,False,False,False,0.07991199905842955,0.14482657883654534,False,False,False,False,-40044526,-36896241.280505806,False,False,False,False,1232835.0083243349,False,False,False,False
2024-10-08 00:00:00+00:00,25.351768171,25.4949148371,24.7791815067,25.1444523098,1097578,,,,,,,,,,,,,,,,,,,,,,#000000,0.0,0.0,0.8950825493991377,25.02097874562079,0.36956303706430765,0.0,0.0,0.0,0.0,0.0,0.0,0.0,0.0,49.09376173851783,4.860979771460862,False,False,False,False,False,0.4878537464771924,0,0.8618004505420168,0.9190368983030271,False,False,False,False,-0.029438973028288733,0.0576938029041283,False,False,False,False,-38946948,-36976661.151858516,False,False,False,False,1227530.811919459,False,False,False,False
2024-10-09 00:00:00+00:00,25.4603621936,25.5788284,25.1247079421,25.4208734581,959498,,,,,,,,,,,,,,,,,,,,,,"rgba(239, 83, 80, 0.5)",0.0,0.0,0.8935965914346778,25.018164597093694,0.4948514807966704,0.0,0.0,0.0,0.0,0.0,0.0,0.0,0.0,47.87254371101467,3.7657881714268484,False,False,False,True,False,0.96283435314907,0,0.8987114246216316,0.9153096735744034,False,False,False,False,0.019279781527461713,0.038486792215795006,False,False,False,False,-37987450,-37016299.930217005,False,False,False,False,1217019.7212559506,False,False,False,False
2024-10-10 00:00:00+00:00,25.2925350678,25.4751704694,25.1247079421,25.2135575969,789263,,,,,,,,,,,,,,,,,,,,,,"rgba(239, 83, 80, 0.5)",0.0,0.0,0.894347360540352,25.01531534711123,0.3099687357731759,0.0,0.0,0.0,0.0,0.0,0.0,0.0,0.0,46.25994884832848,2.2113933313621743,False,False,False,True,False,0.20680940045906837,0,0.8864550106288483,0.9413210754843232,False,False,False,False,0.007520464074155038,0.023003628144975023,False,False,False,False,-38776713,-37085335.73687516,False,False,False,False,1200244.9478733642,False,False,False,False
2024-10-11 00:00:00+00:00,25.6479336871,25.6874224225,25.282662884,25.282662884,527633,,,,,,,,,,,,,,,,,,,,,,"rgba(239, 83, 80, 0.5)",0.0,0.0,0.8900218033958162,25.01526069049227,0.7108511209431175,0.0,0.0,0.0,0.0,0.0,0.0,0.0,0.0,47.261947912212754,2.2113933313621743,False,False,False,True,False,1.7814576367778834,0,0.9154463359148599,0.9240748000708335,False,False,False,False,0.04955037360186824,0.03627700087342163,False,False,False,False,-38249080,-37130972.766801625,False,False,False,False,1173868.0087410754,False,False,False,False
2024-10-14 00:00:00+00:00,25.8453773644,26.1217985127,25.6611624134,25.8453773644,1043984,,,,,,,,,,,,,,,,,,,,,,#000000,0.0,0.0,0.887289520387791,25.019740413755645,0.9305158369091409,0.0,0.0,0.0,0.0,0.0,0.0,0.0,0.0,48.989584615561085,2.2113933313621743,False,False,False,False,False,2.645015346150039,0,0.9599316428356193,0.8727543568063935,False,False,False,False,0.14266783241090714,0.08947241664216438,False,False,False,False,-37205096,-37133879.560260385,False,False,False,False,1168774.5182022098,False,False,False,False
2024-10-15 00:00:00+00:00,25.3418959872,25.9342270192,25.1543244937,25.726911158,1331051,,,,,,,,,,,,,,,,,,,,,,"rgba(239, 83, 80, 0.5)",0.0,0.0,0.8828999005321463,25.019032060537885,0.3656857662658219,0.0,0.0,0.0,0.0,0.0,0.0,0.0,0.0,47.52812218145924,2.2113933313621743,False,False,False,True,False,0.3331087632420413,0,0.9888497631809177,0.8687848867201606,False,False,False,False,0.03251353647741253,0.060992976559788456,False,False,False,False,-38536147,-37188870.44025018,False,False,False,False,1175138.3018021232,False,False,False,False
2024-10-16 00:00:00+00:00,25.1641966776,25.7663998935,25.1641966776,25.5393396645,1109154,,,,,,,,,,,,,,,,,,,,,,"rgba(239, 83, 80, 1.0)",0.0,0.0,0.8828339663759616,25.0173145157217,0.1663757484108264,0.0,0.0,0.0,0.0,0.0,0.0,0.0,0.0,45.738258286333945,1.4606795414712295,False,True,False,True,False,0.0,0,0.9648227873806524,0.8874491719797728,False,False,False,False,0.012544812588620639,0.03676889457420455,False,False,False,False,-39645301,-37285201.05043645,False,False,False,False,1172550.6821236087,False,False,False,False
2024-10-17 00:00:00+00:00,25.1938132292,25.5887005839,25.1444523098,25.5887005839,827669,,,,,,,,,,,,,,,,,,,,,,"rgba(239, 83, 80, 1.0)",0.0,0.0,0.8793747507439031,25.015714800278925,0.20252847693251758,0.0,0.0,0.0,0.0,0.0,0.0,0.0,0.0,44.736972425819374,0.3396690909419249,False,True,False,True,False,0.0,0,0.9745734197679314,0.8866708960417098,False,False,False,False,-0.044155782878627405,-0.003693444152211428,False,False,False,False,-38817632,-37345296.38179189,False,False,False,False,1159025.9102756241,False,False,False,False
2024-10-18 00:00:00+00:00,24.9173920809,25.2530463324,24.8236063342,25.2530463324,648621,,,,,,,,,,,,,,,,,,,,,,"rgba(239, 83, 80, 1.0)",0.0,0.0,0.8803992184329966,25.01235512760895,-0.1078636199586483,0.0,0.0,0.0,0.0,0.0,0.0,0.0,0.0,42.74844251774063,-1.7219225307827912,False,True,False,True,False,0.0,0,0.9569521167278237,0.9078624304154264,False,False,False,False,-0.1718039754471435,-0.08774870979967746,False,False,False,False,-39466253,-37428471.15113339,False,False,False,False,1139010.031441286,False,False,False,False
2024-10-21 00:00:00+00:00,24.5027603585,24.8680311616,24.4188467956,24.8285424261,952728,,,,,,,,,,,,,,,,,,,,,,"rgba(239, 83, 80, 1.0)",0.0,0.0,0.8852053771521001,25.00360490426815,-0.5657947394981675,0.0,0.0,0.0,0.0,0.0,0.0,0.0,0.0,39.7076629453528,-4.713642077489013,False,True,False,True,False,0.0,0,0.9267691050452563,0.9298153102250925,False,False,False,False,-0.2958025258590696,-0.19177561782937352,False,False,False,False,-40418981,-37545746.047167376,False,False,False,False,1131704.853737706,False,False,False,False
2024-10-22 00:00:00+00:00,24.3250610489,24.5718656455,24.2460835779,24.4435272553,1418732,,,,,,,,,,,,,,,,,,,,,,"rgba(239, 83, 80, 1.0)",0.0,0.0,0.8874185780583397,24.988326562656514,-0.7474099936106027,0.0,0.0,0.0,0.0,0.0,0.0,0.0,0.0,37.02052148684575,-7.297749368207086,False,True,False,True,False,0.0,0,0.916050757034855,0.9432250882631839,False,False,False,False,-0.34282825441539394,-0.26730193612238373,False,False,False,False,-41837713,-37714058.476690225,False,False,False,False,1142960.8202577962,False,False,False,False
2024-10-23 00:00:00+00:00,26.5660467867,27.5730095412,24.2065948424,24.2065948424,7626243,,,,,,,,,,,,,,,,,,,,,,"rgba(239, 83, 80, 0.75)",0.0,0.0,0.8846151775919311,25.172059921404447,1.5758116078114501,0.0,0.0,0.0,0.0,0.0,0.0,0.0,0.0,45.47248908844162,-10.82729638579901,False,True,False,True,True,5.5166463770910035,0,0.9176684436434357,0.865023259033799,False,False,False,False,0.09289164589542186,-0.08720514511348093,False,False,False,False,-34211470,-37576702.065839626,False,False,False,False,1397207.1802476866,False,False,False,False
2024-10-24 00:00:00+00:00,26.6351520738,27.0695281639,26.176095524,26.7536182802,3783188,,,,,,,,,,,,,,,,,,,,,,#000000,0.0,0.0,0.8767756015268935,25.217622512373044,1.6167529741456617,0.0,0.0,0.0,0.0,0.0,0.0,0.0,0.0,51.29551358824939,-5.743735670922334,True,False,False,False,True,5.784226834320215,0,0.9806230645392153,0.8859821807289956,False,False,False,False,0.3115262493230869,0.112160552104803,False,False,False,False,-30428282,-37296371.86717925,False,False,False,False,1490775.055532091,False,False,False,False
2024-10-25 00:00:00+00:00,26.6252798899,27.1336973591,26.4574527642,26.9510619575,2286265,,,,,,,,,,,,,,,,,,,,,,"rgba(38, 166, 154, 1.0)",0.0,0.0,0.8614994308125853,25.2441831527957,1.6031313402048561,0.0,0.0,0.0,0.0,0.0,0.0,0.0,0.0,55.128123696373585,-2.5484915541447606,True,False,True,False,True,5.738902404786586,0,0.9826260561377447,0.9014725451305338,False,False,False,False,0.3428282233813942,0.2274943877430986,False,False,False,False,-32714547,-37116692.460623205,False,False,False,False,1521970.7396288717,False,False,False,False
2024-10-28 00:00:00+00:00,26.3291143739,26.8039664179,26.250136903,26.8029791995,2098844,,,,,,,,,,,,,,,,,,,,,,"rgba(38, 166, 154, 1.0)",0.0,0.0,0.8326554335809571,25.260171158252753,1.2837761846459117,0.0,0.0,0.0,0.0,0.0,0.0,0.0,0.0,56.173917810564284,-1.8192229087240364,True,False,True,False,True,4.375613048777819,0,0.9864581680079746,0.9057462144711774,False,False,False,False,0.2615464864995794,0.244520437121339,False,False,False,False,-34813391,-37026366.913147785,False,False,False,False,1544593.2204277397,False,False,False,False
2024-10-29 00:00:00+00:00,27.3360771284,27.7753893105,26.2303925352,26.9708063253,2215802,,,,,,,,,,,,,,,,,,,,,,"rgba(38, 166, 154, 1.0)",0.0,0.0,0.8348435373643316,25.291093237863652,2.44954149970727,0.0,0.0,0.0,0.0,0.0,0.0,0.0,0.0,59.8259163493242,1.5306647518069738,True,False,True,False,True,8.28391914886392,0,0.9845652828755653,0.875572063653384,False,False,False,False,0.3428282258617519,0.2936743314915454,False,False,False,False,-32597589,-36852689.347926304,False,False,False,False,1570915.133352142,False,False,False,False
2024-10-30 00:00:00+00:00,27.2570996574,27.7161562072,27.2274831058,27.6026260928,1420960,,,,,,,,,,,,,,,,,,,,,,"rgba(38, 166, 154, 1.0)",0.0,0.0,0.8052002893384019,25.313765705929892,2.4134789532513232,0.0,0.0,0.0,0.0,0.0,0.0,0.0,0.0,61.85791544250161,3.413955021713882,True,False,True,False,True,7.916687954137558,0,1.0205288220515099,0.8808507177924579,False,False,False,False,0.3428282302333811,0.31825128086246324,False,False,False,False,-34018549,-36741546.5891841,False,False,False,False,1565034.5398873521,False,False,False,False
2024-10-31 00:00:00+00:00,26.7536182802,27.1978665542,26.7437460963,27.1485056349,1200718,,,,,,,,,,,,,,,,,,,,,,"rgba(38, 166, 154, 1.0)",0.0,0.0,0.8024547752933099,25.32624503047485,1.7787584966435306,0.0,0.0,0.0,0.0,0.0,0.0,0.0,0.0,60.75039652460262,3.413955021713882,True,False,True,False,True,5.604662098951096,0,1.0049662740682046,0.8969316350801075,False,False,False,False,0.22579947272035142,0.2720253767914073,False,False,False,False,-35219267,-36681849.350392565,False,False,False,False,1550747.6167545149,False,False,False,False
2024-11-01 00:00:00+00:00,26.8523401189,27.2570996574,26.7383163952,26.7634904641,1329851,,,,,,,,,,,,,,,,,,,,,,"rgba(38, 166, 154, 1.0)",0.0,0.0,0.8113146561247182,25.340257615966486,1.8637436061565122,0.0,0.0,0.0,0.0,0.0,0.0,0.0,0.0,60.33820272129125,3.413955021713882,True,False,True,False,True,5.989669074923132,0,1.0057007081668827,0.8961942553297276,False,False,False,False,0.23190536953434376,0.25196537316287554,False,False,False,False,-33889416,-36572342.1601811,False,False,False,False,1542085.0043327692,False,False,False,False
2024-11-04 00:00:00+00:00,27.0596559801,27.217610922,26.8523401189,26.8622123027,1100384,,,,,,,,,,,,,,,,,,,,,,"rgba(38, 166, 154, 1.0)",0.0,0.0,0.8215147809794906,25.352458026091192,2.07810984480805,0.0,0.0,0.0,0.0,0.0,0.0,0.0,0.0,60.761013299739304,3.413955021713882,True,False,True,False,True,6.80046754410618,0,1.0090304918529547,0.9102032638381472,False,False,False,False,0.2403922570370103,0.24617881509994294,False,False,False,False,-32789032,-36423977.05586027,False,False,False,False,1524763.3963197195,False,False,False,False
2024-11-05 00:00:00+00:00,27.4940320702,27.5039042541,26.9017010382,26.9017010382,785853,,,,,,,,,,,,,,,,,,,,,,"rgba(38, 166, 154, 1.0)",0.0,0.0,0.8305662921403516,25.362805676851558,2.5659919184250986,0.0,0.0,0.0,0.0,0.0,0.0,0.0,0.0,62.40527928939118,4.898402653827702,True,False,True,False,True,8.471608712222807,0,0.9973523965202549,0.911773224320506,False,False,False,False,0.2790553938176882,0.2626171044588156,False,False,False,False,-32003179,-36250612.426218696,False,False,False,False,1495786.518032672,False,False,False,False
2024-11-06 00:00:00+00:00,28.5306113763,28.6688219504,27.8593028733,28.2936789635,1271091,,,,,,,,,,,,,,,,,,,,,,"rgba(38, 166, 154, 1.0)",0.0,0.0,0.8765249261417707,25.391025442957982,3.581855848825247,0.0,0.0,0.0,0.0,0.0,0.0,0.0,0.0,65.9990751069831,8.625446038806196,True,False,True,False,True,12.217709386348169,0,1.0239128438777274,0.8765123958754742,False,False,False,False,0.34282823520292377,0.3027226698308697,False,False,False,False,-30732088,-36034199.70362188,False,False,False,False,1486974.9290902142,False,False,False,False
2024-11-07 00:00:00+00:00,28.4615060892,28.7872881568,28.4220173538,28.6885663182,1068242,,,,,,,,,,,,,,,,,,,,,,"rgba(38, 166, 154, 1.0)",0.0,0.0,0.9315576066610295,25.647832002867126,3.0203973068481416,0.0,0.0,0.0,0.0,0.0,0.0,0.0,0.0,68.01035949045897,10.766479452904669,True,False,True,False,True,11.884897078248812,0,1.0329201783214512,0.8765780041332472,False,False,False,False,0.3428282367625243,0.322775453296697,False,False,False,False,-31800330,-35868165.597597495,False,False,False,False,1470554.0299102059,False,False,False,False
2024-11-08 00:00:00+00:00,28.2048293087,28.5108670086,27.958024712,28.2147014925,1015678,,,,,,,,,,,,,,,,,,,,,,"rgba(38, 166, 154, 1.0)",0.0,0.0,0.9748083129487851,25.659133392088428,2.6114835940523187,0.0,0.0,0.0,0.0,0.0,0.0,0.0,0.0,67.89828513983234,10.936387956479138,True,False,True,False,True,10.64623677446448,0,1.0109741203896891,0.900038180022862,False,False,False,False,0.2787682569950599,0.30077185514587845,False,False,False,False,-32816008,-35748473.14278975,False,False,False,False,1452715.754227453,False,False,False,False
2024-11-11 00:00:00+00:00,28.3726564344,28.4565699973,28.10610747,28.2640624119,872535,,,,,,,,,,,,,,,,,,,,,,"rgba(38, 166, 154, 1.0)",0.0,0.0,1.0180086866416298,25.674789111624836,2.6501417504356675,0.0,0.0,0.0,0.0,0.0,0.0,0.0,0.0,68.27296657737105,11.669053400289087,True,False,True,False,True,11.2525820873012,0,1.0092585043298032,0.9056816294508555,False,False,False,False,0.2867504163581274,0.2937611357520029,False,False,False,False,-31943473,-35599257.45091565,False,False,False,False,1429963.5677871606,False,False,False,False
2024-11-12 00:00:00+00:00,28.0271299991,28.2640624119,27.7605810347,28.1653405732,1056694,,,,,,,,,,,,,,,,,,,,,,"rgba(38, 166, 154, 1.0)",0.0,0.0,1.0481697379549022,25.687524063797678,2.2320868945016095,0.0,0.0,0.0,0.0,0.0,0.0,0.0,0.0,66.53718439585094,11.669053400289087,True,False,True,False,True,9.57841550592211,0,1.026004822543382,0.90344488642783,False,False,False,False,0.24140619187524393,0.2675836638136234,False,False,False,False,-33000167,-35497332.33519347,False,False,False,False,1415325.5455209976,False,False,False,False
2024-11-13 00:00:00+00:00,28.1455962055,28.402272986,27.9481525281,28.0567465507,948169,,,,,,,,,,,,,,,,,,,,,,"rgba(38, 166, 154, 1.0)",0.0,0.0,1.0835336767614767,25.702810253981518,2.254462416728578,0.0,0.0,0.0,0.0,0.0,0.0,0.0,0.0,65.76807697809588,11.669053400289087,True,False,True,False,True,10.019676519754327,0,1.0326872098261717,0.8802224912317685,False,False,False,False,0.26873466302196747,0.26815916341779544,False,False,False,False,-32051998,-35362221.184793726,False,False,False,False,1397005.6809907623,False,False,False,False
2024-11-14 00:00:00+00:00,27.8790472411,28.3084872393,27.7901975863,28.1455962055,952624,,,,,,,,,,,,,,,,,,,,,,"rgba(38, 166, 154, 0.75)",0.0,0.0,1.106825976080618,25.715439485091217,1.9547858495970032,0.0,0.0,0.0,0.0,0.0,0.0,0.0,0.0,63.70588739571002,11.669053400289087,True,False,True,False,False,8.723164411311298,0,1.0280001832945995,0.8842724259636106,False,False,False,False,0.24758484885025595,0.2578720061340257,False,False,False,False,-33004622,-35269766.31480181,False,False,False,False,1379578.9484028893,False,False,False,False
2024-11-15 00:00:00+00:00,27.7112201153,28.0073856313,27.6667952879,27.7704532185,910159,,,,,,,,,,,,,,,,,,,,,,"rgba(38, 166, 154, 0.75)",0.0,0.0,1.128186163475042,25.725032518804948,1.7605140541497097,0.0,0.0,0.0,0.0,0.0,0.0,0.0,0.0,61.38313444584122,17.063938744338273,True,False,True,False,False,7.910843665262302,0,1.0459795972633847,0.8903813407118182,False,False,False,False,0.2123960888957054,0.23513404751486555,False,False,False,False,-33914781,-35216629.635789976,False,False,False,False,1361170.322975325,False,False,False,False
2024-11-18 00:00:00+00:00,27.6717313798,28.0567465507,27.6124982766,27.661859196,776024,,,,,,,,,,,,,,,,,,,,,,"rgba(38, 166, 154, 0.75)",0.0,0.0,1.1403867985193206,25.73338540207551,1.699726777126184,0.0,0.0,0.0,0.0,0.0,0.0,0.0,0.0,59.60384031830605,15.196047322424079,True,False,True,False,False,7.718149876073237,0,1.0443965584592274,0.8687278462276243,False,False,False,False,0.21199010902044496,0.22356207826765526,False,False,False,False,-34690805,-35196009.06183743,False,False,False,False,1338223.4083488416,False,False,False,False
2024-11-19 00:00:00+00:00,27.3558214961,27.5335208057,27.0596559801,27.434798967,2354591,,,,,,,,,,,,,,,,,,,,27.316332760633333,,"rgba(38, 166, 154, 0.75)",0.0,0.0,1.131737924611224,25.74585869557179,1.422557966396032,0.0,0.0,0.0,0.0,0.0,0.0,0.0,0.0,56.6060048687288,12.231166511322897,True,False,True,False,False,6.178015120058223,0,1.0348371666897052,0.8744110201786028,False,False,False,False,0.12488043434842779,0.17422125630804153,False,False,False,False,-37045396,-35268534.039804585,False,False,False,False,1378080.9609626126,False,False,False,False
2024-11-20 00:00:00+00:00,27.3558214961,27.5433929896,27.0399116123,27.3953102316,1895145,,,,,,,,,,,,,,,,,,,,27.314865279676308,,#000000,0.0,0.0,1.1243570426258696,25.92001412990144,1.2770030441978792,0.0,0.0,0.0,0.0,0.0,0.0,0.0,0.0,54.60744790234397,10.26578663433979,False,False,False,False,False,6.178015120058223,0,1.0372144078066239,0.8819714290253918,False,False,False,False,0.12409186864122532,0.14915656247463344,False,False,False,False,-37045396,-35338214.90098872,False,False,False,False,1398357.9821013336,False,False,False,False
2024-11-21 00:00:00+00:00,28.1949571248,28.2048293087,27.3459493122,27.3459493122,1094464,,,,,,,,,,,,,,,,,,,,27.43781993374457,,"rgba(38, 166, 154, 0.75)",0.0,0.0,1.1258799100013663,25.945173459970157,1.9982447904475988,0.0,0.0,0.0,0.0,0.0,0.0,0.0,0.0,57.18704678735696,10.26578663433979,True,False,True,False,False,9.548514218030789,0,1.0270634908446181,0.8682206202492723,False,False,False,False,0.20226689797022707,0.17571173022243025,False,False,False,False,-35950932,-35362243.022518575,False,False,False,False,1386440.5710385363,False,False,False,False
2024-11-22 00:00:00+00:00,28.6688219504,28.698438502,28.1209157458,28.1554683893,957498,,,,,,,,,,,,,,,,,,,,27.59861176057508,,"rgba(38, 166, 154, 1.0)",0.0,0.0,1.1534963416239294,25.974845204786284,2.335487897448422,0.0,0.0,0.0,0.0,0.0,0.0,0.0,0.0,60.52110448403104,4.607386781067532,True,False,True,False,True,11.344887340390283,0,1.0458030738102408,0.8653974298002458,False,False,False,False,0.3087828403168245,0.24224728526962738,False,False,False,False,-34993434,-35347779.92359628,False,False,False,False,1369619.2937429075,False,False,False,False
2024-11-25 00:00:00+00:00,28.9551152826,29.3993635566,28.8366490762,28.9057543632,2453327,,,,,,,,,,,,,,,,,,,,28.009160372794746,,"rgba(38, 166, 154, 1.0)",0.0,0.0,1.1909728106811632,26.271431927326592,2.2533540070814104,0.0,0.0,0.0,0.0,0.0,0.0,0.0,0.0,63.60505667971588,7.477398432966851,True,False,True,False,True,12.404029128818166,0,1.0601238004016789,0.8563246186445496,False,False,False,False,0.342828238686946,0.2925377619782867,False,False,False,False,-32540107,-35237675.10306309,False,False,False,False,1412117.6351647542,False,False,False,False
2024-11-26 00:00:00+00:00,28.2838067796,29.0637093051,28.2591263199,28.8366490762,1483565,,,,,,,,,,,,,,,,,,,,28.085433518920816,,"rgba(38, 166, 154, 1.0)",0.0,0.0,1.204488719027118,26.28804050460717,1.6569406117849206,0.0,0.0,0.0,0.0,-1.0,28.8366490762,28.5306113763,0.0,61.73461329743858,7.477398432966851,True,False,True,False,True,9.05759254912605,0,1.043988992111005,0.8764379437811672,False,False,False,False,0.2725610416297382,0.28254940180401245,False,False,False,False,-34023672,-35190067.13823709,False,False,False,False,1414919.4926092736,False,False,False,False
2024-11-27 00:00:00+00:00,28.10610747,28.5306113763,27.8593028733,28.2640624119,1245026,,,,,,,,,,,,,,,,,,,,28.094096849370125,,"rgba(38, 166, 154, 0.75)",0.0,0.0,1.218703914522408,26.293860743287706,1.4870279032643368,0.0,0.0,0.0,0.0,0.0,0.0,0.0,0.0,59.58190711107962,7.477398432966851,True,False,True,False,False,8.197198564709613,0,1.0447331899781382,0.8788061795677743,False,False,False,False,0.20338776452608015,0.2429685831650463,False,False,False,False,-35268698,-35193150.70144348,False,False,False,False,1408257.0027030278,False,False,False,False
2024-11-29 00:00:00+00:00,28.3134233312,28.4121451699,28.1554683893,28.1949571248,800922,,,,,,,,,,,,,,,,,,,,28.107109117799464,,"rgba(38, 166, 154, 0.75)",0.0,0.0,1.2356744459663698,26.301693455195185,1.62804198352708,0.0,0.0,0.0,0.0,0.0,0.0,0.0,0.0,58.99232286827224,7.477398432966851,True,False,True,False,False,9.001420144418606,0,1.0475941212016164,0.8973718852173962,False,False,False,False,0.21639746645466532,0.2296830248098558,False,False,False,False,-34467776,-35164704.634720206,False,False,False,False,1384439.9437734974,False,False,False,False
2024-12-02 00:00:00+00:00,28.1850849409,28.3335838079,28.0266861496,28.2741842611,849819,,,,,,,,,,,,,,,,,,,,28.111940793591074,,"rgba(38, 166, 154, 0.75)",0.0,0.0,1.252021546763838,26.308536248836866,1.4988150139376941,0.0,0.0,0.0,0.0,0.0,0.0,0.0,0.0,57.88264379148064,7.477398432966851,True,False,True,False,False,8.367440234484029,0,1.0578008166687924,0.8921569513411743,False,False,False,False,0.20122415798674223,0.215453591398299,False,False,False,False,-35317595,-35170700.335319415,False,False,False,False,1363474.4165666935,False,False,False,False
2024-12-03 00:00:00+00:00,27.5910894733,28.2840841856,27.5564397377,28.2048847899,994805,,,,,,,,,,,,,,,,,,,,28.09071963368316,,#000000,0.0,0.0,1.2534069184767886,26.31011926684662,1.021990693979962,0.0,0.0,0.0,0.0,0.0,0.0,0.0,0.0,54.189254920194266,10.417572142357187,False,False,False,False,False,5.498145187003118,0,1.0344254899666032,0.8996807826449476,False,False,False,False,0.16357207916894617,0.1895128352836226,False,False,False,False,-36312400,-35215472.87118924,False,False,False,False,1349016.7923876075,False,False,False,False
2024-12-04 00:00:00+00:00,27.5316899265,27.6900887179,27.4623904553,27.6009893977,1189132,,,,,,,,,,,,,,,,,,,,28.049628689559785,,#000000,0.0,0.0,1.2542868951412989,26.308458692819375,0.9752403843323459,0.0,0.0,0.0,0.0,0.0,0.0,0.0,0.0,51.45851940264791,7.77636428188211,False,True,False,False,False,5.216426291940607,0,1.0259200904271535,0.9363520263964525,False,False,False,False,0.11440839575773164,0.1519606155206771,False,False,False,False,-37501532,-35305122.24878965,False,False,False,False,1342746.80052927,False,False,False,False
2024-12-05 00:00:00+00:00,27.3732911351,27.5712896243,27.2346921927,27.3633912107,999694,,,,,,,,,,,,,,,,,,,,28.00940701486628,,"rgba(239, 83, 80, 1.0)",0.0,0.0,1.2487444589031618,26.305756891274275,0.8548860707365202,0.0,0.0,0.0,0.0,0.0,0.0,0.0,0.0,48.90124428881472,5.318871720522452,False,True,False,True,False,4.459733040411297,0,1.016838049744443,0.9394889701970193,False,False,False,False,0.08987112315921124,0.12091586933994417,False,False,False,False,-38501226,-35430459.6507979,False,False,False,False,1329293.7495281221,False,False,False,False
2024-12-06 00:00:00+00:00,27.541589851,27.6207892467,27.2445921171,27.4623904553,783250,,,,,,,,,,,,,,,,,,,,27.984655513850388,,"rgba(239, 83, 80, 1.0)",0.0,0.0,1.2505097759674042,26.305515450480435,0.9884564073586145,0.0,0.0,0.0,0.0,0.0,0.0,0.0,0.0,48.192809322260494,4.560499011740262,False,True,False,True,False,5.1738632880449025,0,1.0166158228630429,0.9663220919193497,False,False,False,False,0.09406904531170553,0.10749245732582485,False,False,False,False,-37717976,-35520166.17429602,False,False,False,False,1307880.2691544704,False,False,False,False
2024-12-09 00:00:00+00:00,27.4920902287,27.9870864517,27.457440493,27.7098885668,894918,,,,,,,,,,,,,,,,,,,,27.967791833594685,,"rgba(239, 83, 80, 1.0)",0.0,0.0,1.2457235743066495,26.30837140789555,0.9502259130508071,0.0,0.0,0.0,0.0,0.0,0.0,0.0,0.0,47.45680771068001,3.6742716109809663,False,True,False,True,False,4.931006292963499,0,1.0001450972666135,0.9602325042628743,False,False,False,False,0.13519569252481511,0.12134407492531998,False,False,False,False,-38612894,-35641449.618441276,False,False,False,False,1291685.670364099,False,False,False,False
2024-12-10 00:00:00+00:00,27.0960932502,27.3633912107,27.0366937034,27.3633912107,901660,,,,,,,,,,,,,,,,,,,27.16539272143333,27.929507452824367,,"rgba(239, 83, 80, 1.0)",0.0,0.0,1.2456018244686593,26.305216323289706,0.6349355880621486,0.0,0.0,0.0,0.0,0.0,0.0,0.0,0.0,44.980294726485255,1.127103913531009,False,True,False,True,False,3.0022001955973288,0,0.9906764365270924,0.9719666143450331,False,False,False,False,0.06126198561304871,0.09130303026918435,False,False,False,False,-39514554,-35793336.06477691,False,False,False,False,1276390.5460360951,False,False,False,False
2024-12-11 00:00:00+00:00,27.2247922682,27.4227907574,27.026793779,27.2247922682,854972,,,,,,,,,,,,,,,,,,,27.19430313027149,27.89900483462036,,"rgba(239, 83, 80, 1.0)",0.0,0.0,1.2442357355441545,26.303680565381192,0.7403032050160253,0.0,0.0,0.0,0.0,0.0,0.0,0.0,0.0,44.21419419560833,0.20503462082644575,False,True,False,True,False,3.573794841103897,0,1.0028611431990169,0.9687437086983034,False,False,False,False,0.06474461604958816,0.07802382315938625,False,False,False,False,-38659582,-35905737.86615821,False,False,False,False,1259864.3285444835,False,False,False,False
2024-12-12 00:00:00+00:00,27.541589851,27.7494882647,27.1109431369,27.1851925704,2061740,,,,,,,,,,,,,,,,,,,27.3417303313507,27.8582072617696,,"rgba(239, 83, 80, 1.0)",0.0,0.0,1.2465682204373294,26.308702166609635,0.9890254413495609,0.0,0.0,0.0,0.0,0.0,0.0,0.0,0.0,45.7483602263418,0.20503462082644575,False,True,False,True,False,4.9702659472460695,0,1.0028216749725263,0.9550457997093228,False,False,False,False,0.0937190942041225,0.08587145868175437,False,False,False,False,-36597842,-35932879.20474024,False,False,False,False,1291310.4333074451,False,False,False,False
2024-12-13 00:00:00+00:00,27.0168938545,27.6009893977,26.9129446477,27.5118900776,880623,,,,,,,,,,,,,,,,,,,27.3108480177878,27.831772659024864,,"rgba(239, 83, 80, 1.0)",0.0,0.0,1.24512270305179,26.307961211217552,0.5693676948824866,0.0,0.0,0.0,0.0,0.0,0.0,0.0,0.0,44.11590716303687,-0.16842139877697804,False,True,False,True,False,2.4123604051685312,0,1.0074432349352134,0.9515684748822111,False,False,False,False,0.06927439417061025,0.07757292642618231,False,False,False,False,-37478465,-35993490.41239749,False,False,False,False,1275205.0437659768,False,False,False,False
2024-12-16 00:00:00+00:00,26.5614973293,27.1257930236,26.4030985379,26.8782949121,1274853,,,,,,,,,,,,,,,,,,,27.179805902473436,27.771408546438924,,"rgba(239, 83, 80, 1.0)",0.0,0.0,1.2440438441597486,26.29992087860819,0.2102630481391778,0.0,0.0,0.0,0.0,0.0,0.0,0.0,0.0,41.1921929578891,-3.0963532671036162,False,True,False,True,False,0.27985269754957187,0,0.9907118845824918,0.9721074510898515,False,False,False,False,0.00013388655076387626,0.038853406488473095,False,False,False,False,-38753318,-36101718.94524465,False,False,False,False,1275191.2381280954,False,False,False,False
2024-12-17 00:00:00+00:00,26.4426982358,26.6060469894,26.1377805624,26.4426982358,1277096,,,,,,,,,,,,,,,,,,,27.041668998771204,27.7018102035292,,"rgba(239, 83, 80, 1.0)",0.0,0.0,1.2439847118256937,26.288432279300558,0.12400952763562245,0.0,0.0,0.0,0.0,0.0,0.0,0.0,0.0,38.804326547860256,-5.446811236143347,False,True,False,True,False,0.0,0,1.0084413380295805,0.9783544774888092,False,False,False,False,-0.0549371090077699,-0.008041851259648403,False,False,False,False,-40030414,-36255785.41798015,False,False,False,False,1275265.9346720916,False,False,False,False
2024-12-18 00:00:00+00:00,25.4230060163,26.7396959696,25.4032061674,26.5218976315,1162879,,,,,,,,,,,,,,,,,,,26.87770067729733,27.620505149158046,,"rgba(239, 83, 80, 1.0)",0.0,0.0,1.243089626985798,26.271799111951026,-0.682809249811818,0.0,0.0,0.0,0.0,0.0,0.0,0.0,0.0,34.261792193338515,-9.744513594212414,False,True,False,True,False,0.0,0,0.9983912055193759,0.9573736871549146,False,False,False,False,-0.09729951125360607,-0.05267068125662724,False,False,False,False,-41193293,-36449413.16629466,False,False,False,False,1270858.603900637,False,False,False,False
2024-12-19 00:00:00+00:00,25.0666087357,25.63090443,24.9379097177,25.5121053364,1803718,,,,,,,,,,,,,,,,,,,26.583618052186925,27.466515720696087,,"rgba(239, 83, 80, 1.0)",0.0,0.0,1.2453289024374432,26.235692732267637,-0.938775286014341,0.0,0.0,0.0,0.0,0.0,0.0,0.0,0.0,30.470426687304876,-13.216401260885803,False,True,False,True,False,0.0,0,0.972754669519434,0.9954245246703739,False,False,False,False,-0.21035128547349777,-0.1315109833650625,False,False,False,False,-42997011,-36706181.7087929,False,False,False,False,1291755.0508064944,False,False,False,False
2024-12-20 00:00:00+00:00,25.0369089623,25.373506394,24.8191106241,24.858710322,2255617,,,,,,,,,,,,,,,,,,,26.31107588078368,27.28958556217905,,"rgba(239, 83, 80, 1.0)",0.0,0.0,1.2521289951840062,26.193340745099164,-0.9235724012837996,0.0,0.0,0.0,0.0,0.0,0.0,0.0,0.0,27.879791766174023,-15.544656218250289,False,True,False,True,False,0.0,0,0.9691954281186175,1.000285928044707,False,False,False,False,-0.23806358579759962,-0.18478728458133106,False,False,False,False,-45252628,-37041336.46531083,False,False,False,False,1329553.5586180047,False,False,False,False
2024-12-23 00:00:00+00:00,25.2844070738,25.4032061674,24.8983100198,24.9181098688,1280680,,,,,,,,,,,,,,,,,,,26.207181831352806,27.205109964992936,,"rgba(239, 83, 80, 1.0)",0.0,0.0,1.2415362794965983,26.17466043626309,-0.7170578719004945,0.0,0.0,0.0,0.0,0.0,0.0,0.0,0.0,27.967462092268203,-15.544656218250289,False,True,False,True,False,0.0,0,0.966824542116145,1.0060046737491901,False,False,False,False,-0.23000642233336996,-0.2073968534573505,False,False,False,False,-43971948,-37313125.1529457,False,False,False,False,1327636.9484761222,False,False,False,False
2024-12-24 00:00:00+00:00,25.482405563,25.5913047321,25.2052076781,25.3933062429,524706,,,,,,,,,,,,,,,,,,,26.178486311791904,27.176191055818165,,"rgba(239, 83, 80, 1.0)",0.0,0.0,1.2280431064675954,26.169702901703523,-0.5596687405220648,0.0,0.0,0.0,0.0,0.0,0.0,0.0,0.0,29.42378616509061,-15.544656218250289,False,True,False,True,False,0.0,0,0.9648990970134467,1.0141743850549891,False,False,False,False,-0.19373400496476306,-0.2005654292110568,False,False,False,False,-43447242,-37553678.75479096,False,False,False,False,1296149.460300588,False,False,False,False
2024-12-26 00:00:00+00:00,25.5814048077,25.6606042033,25.2765861335,25.373506394,686429,,,,,,,,,,,,,,,,,,,26.147649107361108,27.14141277496985,,"rgba(239, 83, 80, 0.75)",0.0,0.0,1.2116538707747093,26.163946748194483,-0.4807824697675554,0.0,0.0,0.0,0.0,0.0,0.0,0.0,0.0,31.09611647622844,-15.544656218250289,False,True,False,True,True,0.0,0,0.9828521857169327,1.0061809041682837,False,False,False,False,-0.18352053798506612,-0.19204298359806146,False,False,False,False,-42760813,-37757880.09774034,False,False,False,False,1272238.8540142905,False,False,False,False
2024-12-27 00:00:00+00:00,25.3438066206,25.6903039767,25.1458081314,25.3438066206,785678,,,,,,,,,,,,,,,,,,,26.11002078374045,27.100714144017786,,"rgba(239, 83, 80, 0.75)",0.0,0.0,1.205508741496168,26.15526847954202,-0.6731281416797594,0.0,0.0,0.0,0.0,0.0,0.0,0.0,0.0,31.339943242376343,-15.544656218250289,False,True,False,True,True,0.0,0,0.9783378220601946,0.9998966646853251,False,False,False,False,-0.190855046233988,-0.19144901491602473,False,False,False,False,-43546491,-37984884.44684856,False,False,False,False,1253158.0362098087,False,False,False,False
2024-12-30 00:00:00+00:00,25.2547073004,25.353706545,24.8191106241,25.0369089623,919184,,,,,,,,,,,,,,,,,,,26.05667159781525,27.048791450896722,,"rgba(239, 83, 80, 0.75)",0.0,0.0,1.2009504676311447,26.14118217235175,-0.7381444079873741,0.0,0.0,0.0,0.0,0.0,0.0,0.0,0.0,31.180521984747166,-15.544656218250289,False,True,False,True,True,0.0,0,0.9686448537724336,1.004946845307089,False,False,False,False,-0.23953176057208417,-0.21549038774405443,False,False,False,False,-44465675,-38239033.09599175,False,False,False,False,1240061.0151819729,False,False,False,False
2024-12-31 00:00:00+00:00,25.1755079047,25.373506394,24.98740934,25.2943069983,789974,,,,,,,,,,,,,,,,,,,26.016952405414024,27.007127420548713,,"rgba(239, 83, 80, 0.75)",0.0,0.0,1.2027166584532953,26.130106699801523,-0.7937021478767444,0.0,0.0,0.0,0.0,0.0,0.0,0.0,0.0,30.777775202040978,-15.544656218250289,False,True,False,True,True,0.0,0,0.9841683772813818,0.9936415281459587,False,False,False,False,-0.22562400723605341,-0.22055719749005392,False,False,False,False,-45255649,-38514194.50399208,False,False,False,False,1222410.543998366,False,False,False,False
2025-01-02 00:00:00+00:00,24.9181098688,25.4428058652,24.9082099443,25.2547073004,1090861,,,,,,,,,,,,,,,,,,,25.96242638834454,26.94989570756069,,"rgba(239, 83, 80, 0.75)",0.0,0.0,1.2122758960276603,26.113996705488283,-0.9864807512934319,0.0,0.0,0.0,0.0,0.0,0.0,0.0,0.0,29.57609863488814,-15.544656218250289,False,True,False,True,True,0.0,0,0.9961045130840533,0.9807761432964833,False,False,False,False,-0.22635381386549647,-0.2234555056777752,False,False,False,False,-46346510,-38821344.13128652,False,False,False,False,1217251.7383513714,False,False,False,False
2025-01-03 00:00:00+00:00,25.0666087357,25.1755079047,24.8488103975,25.0270090378,1368019,,,,,,,,,,,,,,,,,,,25.898408406026373,26.880634417667302,,"rgba(239, 83, 80, 0.75)",0.0,0.0,1.216710385936253,26.093844983437133,-0.844273427440729,0.0,0.0,0.0,0.0,0.0,0.0,0.0,0.0,30.133421147708752,-15.544656218250289,False,True,False,True,True,0.0,0,0.9997081266704131,0.9798590873557006,False,False,False,False,-0.34282825441539394,-0.2831418800465846,False,False,False,False,-44978491,-39062800.87123606,False,False,False,False,1223164.179984651,False,False,False,False
2025-01-06 00:00:00+00:00,25.244807376,25.4527057897,25.116108358,25.244807376,1484959,,,,,,,,,,,,,,,,,,,25.854893949356782,26.81997590602883,,"rgba(239, 83, 80, 0.75)",0.0,0.0,1.2113015712623796,26.078158038021094,-0.6879795104637749,0.0,0.0,0.0,0.0,0.0,0.0,0.0,0.0,32.08132999326841,-15.544656218250289,False,True,False,True,True,0.0,0,1.0087118545833578,1.0716607570987746,False,False,False,False,-0.29446275271753064,-0.2888023163820576,False,False,False,False,-43493532,-39236555.03314838,False,False,False,False,1233430.6435146648,False,False,False,False
2025-01-07 00:00:00+00:00,25.5319051853,25.6408043544,25.2052076781,25.3240067717,1443524,,,,,,,,,,,,,,,,,,,25.82989999932296,26.771885798342083,,"rgba(239, 83, 80, 0.75)",0.0,0.0,1.2109254239664435,26.06703551191398,-0.4419184831887769,0.0,0.0,0.0,0.0,0.0,0.0,0.0,0.0,35.69876628718062,-19.126811982302485,False,True,False,True,True,0.0,0,0.9417477368032126,1.0481509918437482,False,False,False,False,-0.27035793384320794,-0.27958012511263275,False,False,False,False,-42050008,-39346886.52204452,False,False,False,False,1241669.5986709525,False,False,False,False
2025-01-08 00:00:00+00:00,25.2250075271,25.4428058652,24.9032599821,25.3636064695,1993396,,,,,,,,,,,,,,,,,,,25.778578271133338,26.69828979686463,,"rgba(239, 83, 80, 0.75)",0.0,0.0,1.2117702952565452,26.04594366091883,-0.6774684418592949,0.0,0.0,0.0,0.0,0.0,0.0,0.0,0.0,36.48906776680075,-18.29485771346665,False,True,False,True,True,0.0,0,0.9176114869743943,1.0544197782034066,False,False,False,False,-0.3140754436701589,-0.2968277843913958,False,False,False,False,-44043404,-39531063.67804277,False,False,False,False,1271149.0653897387,False,False,False,False
2025-01-10 00:00:00+00:00,25.1260082824,25.3042069227,24.6310120594,24.7399112285,1330618,,,,,,,,,,,,,,,,,,,25.74003077993822,26.64774072210151,,"rgba(239, 83, 80, 0.75)",0.0,0.0,1.2154999434494766,26.030101038131637,-0.743803206741338,0.0,0.0,0.0,0.0,0.0,0.0,0.0,0.0,36.52551887837305,-18.099631827562604,False,True,False,True,True,0.0,0,0.9156502205223497,1.0473849900865864,False,False,False,False,-0.34282825441539394,-0.3198280194033949,False,False,False,False,-45374022,-39760199.29851168,False,False,False,False,1273481.180472494,False,False,False,False
2025-01-13 00:00:00+00:00,24.7498111529,24.9082099443,24.5914123615,24.8983100198,1518390,,,,,,,,,,,,,,,,,,,25.685730938745326,26.584662006878563,,"rgba(239, 83, 80, 0.75)",0.0,0.0,1.2303407677477665,26.008467948206686,-1.023014784441186,0.0,0.0,0.0,0.0,0.0,0.0,0.0,0.0,34.8531785661379,-18.099631827562604,False,True,False,True,True,0.0,0,0.9037281169978788,1.0916016586205024,False,False,False,False,-0.34282825441539394,-0.33132813690939444,False,False,False,False,-46892412,-40039893.91425632,False,False,False,False,1283085.4479049454,False,False,False,False
2025-01-14 00:00:00+00:00,24.6310120594,24.7003115306,24.2944146277,24.4132137212,2588587,,,,,,,,,,,,,,,,,,,25.58794188458044,26.47512479728093,,"rgba(239, 83, 80, 1.0)",0.0,0.0,1.2460119791215443,25.94000270359304,-1.0505441890822738,0.0,0.0,0.0,0.0,0.0,0.0,0.0,0.0,33.25427336092804,-18.099631827562604,False,True,False,True,False,0.0,0,0.8539377817743435,1.0953804641282945,True,False,False,False,-0.34282825441539394,-0.33707819566239416,False,False,False,False,-49480999,-40410133.32938353,False,False,False,False,1334281.5872027907,False,False,False,False
2025-01-15 00:00:00+00:00,25.2547073004,25.4527057897,25.0270090378,25.1260082824,1236022,,,,,,,,,,,,,,,,,,,25.57448376083059,26.444410013883907,,"rgba(239, 83, 80, 0.75)",0.0,0.0,1.2546342009240616,25.942277591456353,-0.548024508298869,0.0,0.0,0.0,0.0,0.0,0.0,0.0,0.0,37.08892039504822,-17.528219442282982,False,True,False,True,True,0.0,1,0.8855696285176056,1.0594320425587809,False,False,False,False,-0.22780467090451287,-0.2824414332834535,False,False,False,False,-48244977,-40717382.100780256,False,False,False,False,1330428.2700575832,False,False,False,False
2025-01-16 00:00:00+00:00,25.4923054875,25.5368551476,25.2250075271,25.2646072249,835303,,,,,,,,,,,,,,,,,,,25.570444607792275,26.427381399815584,,"rgba(239, 83, 80, 0.75)",0.0,0.0,1.2600613462772772,25.94351092465604,-0.3580821191675135,0.0,0.0,0.0,0.0,0.0,0.0,0.0,0.0,41.13598182173314,-13.796303971692609,False,True,False,True,True,0.0,1,0.8921900371687094,1.058967315492263,False,False,False,False,-0.20668730165748067,-0.2445643674704671,False,False,False,False,-47409674,-40979824.9203575,False,False,False,False,1311011.592800423,False,False,False,False
2025-01-17 00:00:00+00:00,25.6903039767,25.888302466,25.67545409,25.739803599,788038,,,,,,,,,,,,,,,,,,,25.57474677235903,26.416962911557196,,"rgba(239, 83, 80, 0.5)",0.0,0.0,1.2629754940254687,25.94801731069662,-0.20405252137966076,0.0,0.0,0.0,0.0,0.0,0.0,0.0,0.0,45.003071439645524,-10.333315241632306,False,False,False,True,True,0.0,1,0.8979508479050587,1.0479782289346682,False,False,False,False,-0.14758567080806415,-0.19607501913926562,False,False,False,False,-46621636,-41201072.41367682,False,False,False,False,1290502.8244553083,False,False,False,False
2025-01-21 00:00:00+00:00,26.0368013329,26.1457005019,25.8289029192,25.8289029192,1066225,,,,,,,,,,,,,,,,,,,25.588121591023004,26.408523759821467,,#000000,0.0,0.0,1.2640273766742591,25.95626564382992,0.06371356392768718,0.0,0.0,0.0,0.0,0.0,0.0,0.0,0.0,49.430207074402105,-6.407500229633889,False,False,False,False,True,0.0,0,0.8961201358752074,1.044180865664409,False,False,False,False,-0.11772207807977389,-0.15689854860951974,False,False,False,False,-45555411,-41371830.789611064,False,False,False,False,1281707.6156531393,False,False,False,False
2025-01-22 00:00:00+00:00,25.8784025415,26.3238991422,25.8586026926,26.0071015595,1202574,,,,,,,,,,,,,,,,,,,25.60280055791019,26.3997813561592,,"rgba(38, 166, 154, 0.5)",0.0,0.0,1.2658942345291595,26.00293877745357,-0.09837807342561068,0.0,0.0,0.0,0.0,0.0,0.0,0.0,0.0,51.298878831559165,-4.8805319040432025,False,False,True,False,True,0.0,0,0.8719480087660825,1.0697283088517375,False,False,False,False,-0.10269291795357906,-0.1297957332815494,False,False,False,False,-46757985,-41583052.52335181,False,False,False,False,1278604.3366079181,False,False,False,False
2025-01-23 00:00:00+00:00,25.9279021638,26.0170014839,25.6210045055,25.8289029192,1091863,,,,,,,,,,,,,,,,,,,25.610354296351424,26.38887203904571,,"rgba(38, 166, 154, 1.0)",0.0,0.0,1.2659309268002672,26.0007916889238,-0.057577805850778756,0.0,0.0,0.0,0.0,0.0,0.0,0.0,0.0,52.82639464521418,-3.5459528263471327,True,False,True,False,True,0.0,0,0.8417315959371242,1.0857862989372546,False,False,False,False,-0.14217078090309623,-0.1359832570923228,False,False,False,False,-45666122,-41743172.89498508,False,False,False,False,1271281.1469370194,False,False,False,False
2025-01-24 00:00:00+00:00,25.8190029947,26.0813509929,25.759603448,25.9378020883,1023992,,,,,,,,,,,,,,,,,,,25.617894559954678,26.379608994630832,,"rgba(38, 166, 154, 1.0)",0.0,0.0,1.2674378351700588,26.00134736361897,-0.14386849110789143,0.0,0.0,0.0,0.0,0.0,0.0,0.0,0.0,53.034261874010106,-3.312382059045653,True,False,True,False,True,0.0,0,0.8633975364447307,1.0735011560585077,False,False,False,False,-0.1274112875905686,-0.1316972723414457,False,False,False,False,-46690114,-41937170.58537783,False,False,False,False,1261583.5333316464,False,False,False,False
2025-01-27 00:00:00+00:00,25.2844070738,25.5814048077,24.6706117572,25.4329059407,1356954,,,,,,,,,,,,,,,,,,25.17880787956667,25.602569619144546,26.35095978903925,,#000000,0.0,0.0,1.2674157550222058,25.97920559050998,-0.5482009466560614,0.0,0.0,0.0,0.0,0.0,0.0,0.0,0.0,49.783128864651275,-3.312382059045653,False,False,False,False,False,0.0,0,0.8259095310070255,1.0790504731688408,False,False,False,False,-0.2449927640317425,-0.1883450181865941,False,False,False,False,-48047068,-42176774.40555909,False,False,False,False,1265323.5516323661,False,False,False,False
2025-01-28 00:00:00+00:00,25.1557080558,25.3141068472,25.0270090378,25.1260082824,1232313,,,,,,,,,,,,,,,,,,25.172525635400238,25.589145184267128,26.32582152196043,,#000000,0.0,0.0,1.269954789506941,25.963638260750862,-0.6361881632530705,0.0,0.0,0.0,0.0,0.0,0.0,0.0,0.0,46.923707359315245,-3.312382059045653,False,False,False,False,False,0.0,0,0.8542557079916875,1.0869110878960755,False,False,False,False,-0.2382506066908953,-0.21329781243874468,False,False,False,False,-49279381,-42455307.99749795,False,False,False,False,1264029.020195803,False,False,False,False
2025-01-29 00:00:00+00:00,25.0666087357,25.4527057897,24.9379097177,25.1458081314,1552268,,,,,,,,,,,,,,,,,,25.164985475560467,25.57287363887655,26.295290913955583,,"rgba(239, 83, 80, 0.5)",0.0,0.0,1.2749816472879936,25.946970981918582,-0.6904901322236247,0.0,0.0,0.0,0.0,0.0,0.0,0.0,0.0,44.53339971539369,1.166219401813109,False,False,False,True,False,0.0,0,0.844209034374682,1.0866987059166655,False,False,False,False,-0.23451416650151763,-0.22390598947013116,False,False,False,False,-50831649,-42783791.958380386,False,False,False,False,1275332.509599889,False,False,False,False
2025-01-30 00:00:00+00:00,25.5418051098,25.611104581,25.0567088112,25.2844070738,991718,,,,,,,,,,,,,,,,,,25.2110084843628,25.56892895296646,26.280704379367826,,"rgba(239, 83, 80, 0.5)",0.0,0.0,1.2722111831321838,25.94183406552134,-0.3144359686702891,0.0,0.0,0.0,0.0,0.0,0.0,0.0,0.0,46.380459274581064,1.166219401813109,False,False,False,True,False,0.0,0,0.8547872269470372,1.077134362650036,False,False,False,False,-0.21370536192037692,-0.21880567569525405,False,False,False,False,-49839931,-43060503.29334586,False,False,False,False,1264210.3719685208,False,False,False,False
2025-01-31 00:00:00+00:00,25.5517050343,25.7893032213,25.3636064695,25.5814048077,970214,,,,,,,,,,,,,,,,,,25.267788830896745,25.568912850552955,26.269486321341223,,#000000,0.0,0.0,1.273095903388243,25.939611032356755,-0.3046950328128263,0.0,0.0,0.0,0.0,0.0,0.0,0.0,0.0,47.67691543400315,1.166219401813109,False,False,False,False,False,0.0,1,0.871316943602813,1.058991236850725,False,False,False,False,-0.1777129998045529,-0.19825933774990348,False,False,False,False,-48869717,-43288315.59556759,False,False,False,False,1252681.1024795594,False,False,False,False
2025-02-03 00:00:00+00:00,24.7696110018,25.244807376,24.5468627015,24.9280097932,1084740,,,,,,,,,,,,,,,,,24.853760359766667,25.205309655801532,25.551562195259915,26.244996140475116,,"rgba(239, 83, 80, 0.5)",0.0,0.0,1.2861647365244833,25.90137036367194,-0.8799489907725325,0.0,0.0,0.0,0.0,0.0,0.0,0.0,0.0,44.29093976612331,0.9706946330641983,False,False,False,True,False,0.0,1,0.8435333640140857,1.0682775413123646,False,False,False,False,-0.2801926357955435,-0.2392259867727235,False,False,False,False,-49954457,-43549732.90554534,False,False,False,False,1246095.1768921257,False,False,False,False
2025-02-04 00:00:00+00:00,25.0963085091,25.3636064695,24.665661795,24.7894108508,1391145,,,,,,,,,,,,,,,,,24.95944878143501,25.17880606117689,25.536181553320407,26.218883836357826,,"rgba(239, 83, 80, 0.5)",0.0,0.0,1.2893345175134465,25.893370367481804,-0.6181963234172777,0.0,0.0,0.0,0.0,0.0,0.0,0.0,0.0,44.20762332686898,0.7520505592933446,False,False,False,True,False,0.0,1,0.8677925413790033,1.0496938315483875,False,False,False,False,-0.26194560860655886,-0.2505857976896412,False,False,False,False,-48563312,-43746343.850425914,False,False,False,False,1251783.4052492974,False,False,False,False
2025-02-05 00:00:00+00:00,25.0666087357,25.1755079047,24.8438604353,25.0864085846,2375691,,,,,,,,,,,,,,,,,24.993339243688816,25.146245443937158,25.511309734605177,26.17634641138707,,"rgba(239, 83, 80, 0.5)",0.0,0.0,1.290695537678541,25.874034272011386,-0.6255739736759525,0.0,0.0,0.0,0.0,0.0,0.0,0.0,0.0,44.0004232886618,0.28635002162182843,False,False,False,True,False,0.0,1,0.8742218392194485,1.0572710099130815,False,False,False,False,-0.2627024280656275,-0.25664411287763433,False,False,False,False,-50939003,-44028408.915115096,False,False,False,False,1295858.2128865798,False,False,False,False
2025-02-06 00:00:00+00:00,25.3834063184,25.6594162124,25.1854078292,25.2547073004,1323164,,,,,,,,,,,,,,,,,25.082497654404637,25.174605450038865,25.508602327900498,26.161378354814378,,"rgba(239, 83, 80, 0.5)",0.0,0.0,1.2883933028116241,25.874014669953617,-0.38079082721322555,0.0,0.0,0.0,0.0,0.0,0.0,0.0,0.0,45.895219359772426,0.28635002162182843,False,False,False,True,False,0.0,1,0.8698956565598488,1.0607453915656222,False,False,False,False,-0.20051327605204528,-0.2285786944648398,False,False,False,False,-49615839,-44247523.8204047,False,False,False,False,1296929.0280674982,False,False,False,False
2025-02-07 00:00:00+00:00,25.1260082824,25.4428058652,24.923059831,25.3933062429,1139427,,,,,,,,,,,,,,,,,25.09518783622203,25.173701266769047,25.500893287959073,26.144892220061315,,"rgba(239, 83, 80, 0.5)",0.0,0.0,1.285264171871236,25.867420725482383,-0.5768560731004801,0.0,0.0,0.0,0.0,0.0,0.0,0.0,0.0,45.699204009497606,0.28635002162182843,False,False,False,True,False,0.0,1,0.8310980946997524,1.0872481864392207,False,False,False,False,-0.23638157659615996,-0.2324801355304999,False,False,False,False,-50755266,-44502729.39607511,False,False,False,False,1290752.4779472041,False,False,False,False
2025-02-10 00:00:00+00:00,25.0963085091,25.2745071494,24.9131599065,25.2745071494,1381972,,,,,,,,,,,,,,,,,25.09510371867346,25.166320336456806,25.49016343495974,26.124251775768478,,"rgba(239, 83, 80, 0.5)",0.0,0.0,1.2748887135501639,25.857859095849385,-0.5973467163488366,0.0,0.0,0.0,0.0,0.0,0.0,0.0,0.0,45.40150545577717,0.28635002162182843,False,False,False,True,False,0.0,1,0.8077495604228309,1.1170978537885137,False,False,False,False,-0.23996196052428773,-0.2362210480273938,False,False,False,False,-52137238,-44802121.890346676,False,False,False,False,1294329.7141061374,False,False,False,False
2025-02-11 00:00:00+00:00,25.5517050343,25.6507042789,25.1557080558,25.1755079047,1228801,,,,,,,,,,,,,,,,,25.139378221334287,25.188275776650563,25.489303911384518,26.11271810778211,,#000000,0.0,0.0,1.2548492921910601,25.856886780922242,-0.24320191159320206,0.0,0.0,0.0,0.0,0.0,0.0,0.0,0.0,48.09535859739081,0.28635002162182843,True,False,False,False,True,0.0,1,0.8348322996225755,1.0888984016468628,False,False,False,False,-0.17383622831179238,-0.2050286381695931,False,False,False,False,-50908437,-45041585.22798014,False,False,False,False,1291759.960611779,False,False,False,False
2025-02-12 00:00:00+00:00,25.739803599,25.9279021638,25.1359082069,25.2547073004,1737701,,,,,,,,,,,,,,,,,25.20818907286695,25.22866430336441,25.492820931784998,26.10058923858184,,#000000,0.0,0.0,1.2576690123730045,25.858604249074848,-0.09446098210744094,0.0,0.0,0.0,0.0,0.0,0.0,0.0,0.0,50.924954577546885,-4.353685405684097,True,False,False,False,True,0.0,1,0.8499640476369879,1.0578362157375671,False,False,False,False,-0.150805996395021,-0.17791731728230706,False,False,False,False,-49170736,-45203512.70923582,False,False,False,False,1309247.8445093564,False,False,False,False
2025-02-13 00:00:00+00:00,25.8289029192,25.9774017861,25.4428058652,25.9180022393,1166246,,,,,,,,,,,,,,,,,25.257416964732627,25.26076067692294,25.49812764984341,26.095092727244317,,"rgba(38, 166, 154, 1.0)",0.0,0.0,1.2596363254873202,25.86162007804095,-0.02597349582490943,0.0,0.0,0.0,0.0,0.0,0.0,0.0,0.0,53.29717828754775,-2.016172645371654,True,False,True,False,True,0.0,1,0.8535043441636294,1.0528916221457953,False,False,False,False,-0.11314161314788959,-0.14552946521509832,False,False,False,False,-48004490,-45313354.95593245,False,False,False,False,1303639.9290384012,False,False,False,False
2025-02-14 00:00:00+00:00,25.868502617,26.1061008041,25.7002039012,25.8586026926,1300372,,,,,,,,,,,,,,,,,25.315783580833397,25.30130533541992,25.50698687300313,26.091599534359347,,"rgba(38, 166, 154, 1.0)",0.0,0.0,1.2612751402407838,25.866858589521826,0.001303464585737569,0.0,0.0,0.0,0.0,0.0,0.0,0.0,0.0,55.10449602156669,-0.23597646722350163,True,False,True,False,True,0.0,1,0.8684780075252552,1.0449505544006985,False,False,False,False,-0.05900548472333097,-0.10226747496921465,False,False,False,False,-46704118,-45367894.68315079,False,False,False,False,1303511.7749584639,False,False,False,False
2025-02-18 00:00:00+00:00,26.125900653,26.2743995199,25.9081023149,25.9873017106,2180326,,,,,,,,,,,,,,,,,25.420994974575635,25.379274255677494,25.528661414281355,26.091912918672737,,"rgba(38, 166, 154, 1.0)",0.0,0.0,1.2617430996769603,25.87994709280698,0.19493156749261384,0.0,0.0,0.0,0.0,0.0,0.0,0.0,0.0,57.73359487226767,2.3035428568085266,True,False,True,False,True,1.3234286635424404,1,0.891030417865214,1.0357614951777199,False,False,False,False,-0.0037989539439661937,-0.05303321445659042,False,False,False,False,-44523792,-45334792.617144875,False,False,False,False,1337896.6465287202,False,False,False,False
2025-02-19 00:00:00+00:00,27.2742918905,27.4178407952,25.932852126,25.9675018616,2226629,,,,,,,,,,,,,,,,,25.595654076097258,25.51443895385082,25.576886889156974,26.11366536711349,,"rgba(38, 166, 154, 1.0)",0.0,0.0,1.2611709199692192,25.987257470096733,1.0205075299664206,0.0,0.0,0.0,0.0,0.0,0.0,0.0,0.0,63.641746085536354,7.807974909214138,True,False,True,False,True,7.026286059320867,0,0.900267026989993,0.9714027317607409,False,False,False,False,0.1162615946627547,0.03161419010308214,False,False,False,True,-42297163,-45215669.88706076,False,False,False,False,1372748.8956844567,False,False,False,True
2025-02-20 00:00:00+00:00,26.8188953653,27.2643919661,26.7198961207,27.1257930236,2012836,,,,,,,,,,,,,,,,,25.72678738336686,25.621676015534355,25.61946504355388,26.13376973566355,,"rgba(38, 166, 154, 1.0)",0.0,0.0,1.2583476183432356,26.015099340344257,0.638771046441076,0.0,0.0,0.0,0.0,0.0,0.0,0.0,0.0,64.35814396057553,8.346361632298532,True,False,True,False,True,4.535158187929316,0,0.9370449056043625,0.9725125644229436,False,False,False,False,0.18257760454119562,0.10709589732213888,False,False,False,False,-44309999,-45180153.38168583,False,False,False,False,1397850.3507556545,False,False,False,False
2025-02-21 00:00:00+00:00,26.2347998221,26.9376944588,25.8190029947,26.9376944588,1690305,,,,,,,,,,,,,,,,,25.772672568410933,25.663948700662175,25.637712433981854,26.137735011392714,,"rgba(38, 166, 154, 1.0)",0.0,0.0,1.257995375129432,26.01588115442009,0.17402183824196316,0.0,0.0,0.0,0.0,0.0,0.0,0.0,0.0,61.4786381634067,8.346361632298532,True,False,True,False,True,1.4946771936123149,0,0.9068914170834669,0.9863532874866542,False,False,False,False,0.055013208974627435,0.08105455314838315,False,False,False,False,-46000304,-45212316.15103149,False,False,False,False,1409319.1605299425,False,False,False,False
2025-02-24 00:00:00+00:00,26.0071015595,26.4525981602,25.7002039012,26.2347998221,1527668,,,,,,,,,,,,,,,,,25.79071047711347,25.683861375834265,25.647133067852693,26.136224429421016,,"rgba(38, 166, 154, 0.75)",0.0,0.0,1.2579243940381586,26.01176964870485,-0.0037109457666713386,0.0,0.0,0.0,0.0,0.0,0.0,0.0,0.0,58.41486833367538,8.346361632298532,True,False,True,False,False,0.34887495942579605,0,0.8961250887082829,1.0159411992672054,False,False,False,False,0.025347186989002658,0.05320087006869291,False,False,False,False,-47527972,-45303126.18432437,False,False,False,False,1413960.2914895527,False,False,False,False
2025-02-25 00:00:00+00:00,26.0269014084,26.31894918,25.8190029947,25.8289029192,1507709,,,,,,,,,,,,,,,,,25.806473180653477,25.701692082408908,25.656057127032515,26.134814288177175,,"rgba(38, 166, 154, 0.75)",0.0,0.0,1.256438004839784,26.009834637366282,0.01358345653981928,0.0,0.0,0.0,0.0,0.0,0.0,0.0,0.0,56.46551580302912,13.02949996680325,True,False,True,False,False,0.4479613607573718,0,0.9128863209353079,1.0034229343547205,False,False,False,False,0.02367529650937112,0.03843808328903202,False,False,False,False,-46020263,-45331249.19670381,False,False,False,False,1417636.711431139,False,False,False,False
2025-02-26 00:00:00+00:00,25.8487027681,26.3040992933,25.7794032969,26.0566011818,1611800,,,,,,,,,,,,,,,,,25.81672004797942,25.715162495075766,25.663402571873824,26.131947694077894,,"rgba(38, 166, 154, 0.75)",0.0,0.0,1.251476140917529,26.00711611584312,-0.1265811968472519,0.0,0.0,0.0,0.0,0.0,0.0,0.0,0.0,54.20552103611243,10.870117777253967,True,False,True,False,False,0.0,0,0.9122499122571436,1.005963598204605,False,False,False,False,0.01754609233535681,0.027992087812194415,False,False,False,False,-47632063,-45421477.18898993,False,False,False,False,1425250.9580416826,False,False,False,False
2025-02-27 00:00:00+00:00,25.6705041278,26.1160007286,25.5715048832,25.8289029192,1722855,,,,,,,,,,,,,,,,,25.814870284649803,25.718678435967647,25.666326681874807,26.125342304952756,,#000000,0.0,0.0,1.2284391351463126,26.000676431254742,-0.2687738399146788,0.0,0.0,0.0,0.0,0.0,0.0,0.0,0.0,51.75707837509866,8.510454162798105,True,False,False,False,False,0.0,0,0.9018793355217308,1.0237609274714925,False,False,False,False,-0.007991213151863161,0.010000437330165627,False,False,False,False,-49354918,-45575729.76981386,False,False,False,False,1436921.704785146,False,False,False,False
2025-02-28 00:00:00+00:00,25.8487027681,25.888302466,25.3883562807,25.6903039767,1701692,,,,,,,,,,,,,,,,,25.808895966959607,25.718200629211218,25.667296260173618,26.117625634342428,,#000000,0.0,0.0,1.204343935501593,25.993719215936608,-0.12041115794402166,0.0,0.0,0.0,0.0,0.0,0.0,0.0,0.0,51.167538118738406,7.84410060491922,True,False,False,False,False,0.0,0,0.9017539754444956,1.0266692360957757,False,False,False,False,-0.02816221688320387,-0.009080889776519122,False,False,False,False,-47653226,-45657200.21021332,False,False,False,False,1447304.8536171012,False,False,False,False
2025-03-03 00:00:00+00:00,25.2250075271,26.138669217,25.0810064998,26.0492892691,1305879,,,,,,,,,,,,,,,,,25.79537601500375,25.7100081813216,25.664072718542485,26.108717071706526,,"rgba(239, 83, 80, 0.5)",0.0,0.0,1.1899747192184686,25.985327982396523,-0.6389383261821501,0.0,0.0,0.0,0.0,0.0,0.0,0.0,0.0,47.69576306533597,4.4228374997406945,False,False,False,True,False,0.0,0,0.9098424452553736,1.0014321479233943,False,False,False,False,-0.03570743719827926,-0.022394163487399192,False,False,False,False,-48959105,-45786686.67255789,False,False,False,False,1441758.7417105483,False,False,False,False
2025-03-04 00:00:00+00:00,24.430519101,25.0959031578,24.2815525211,24.887349946,2008053,,,,,,,,,,,,,,,,,25.72414806905139,25.654037818408966,25.636482319405864,26.076965396368696,,"rgba(239, 83, 80, 0.5)",0.0,0.0,1.1827897427216134,25.952876709873937,-1.2870906416308383,0.0,0.0,0.0,0.0,0.0,0.0,0.0,0.0,42.58759679822051,-0.41143368202644837,False,False,False,True,False,0.0,0,0.8888681835499255,1.0147265317648435,False,False,False,False,-0.2870029673251995,-0.15469856540629934,False,False,False,False,-50967158,-45989842.410888955,False,False,False,False,1463966.3596826836,False,False,False,False
2025-03-05 00:00:00+00:00,25.1058342631,25.1902486584,24.5695545756,24.5894167862,1760425,,,,,,,,,,,,,,,,,25.685893534026047,25.624385803679587,25.62130312709522,26.056608546048572,,"rgba(239, 83, 80, 0.5)",0.0,0.0,1.1703531006103272,25.934097541115836,-0.7077037499058233,0.0,0.0,0.0,0.0,0.0,0.0,0.0,0.0,42.817803803448776,-0.41143368202644837,False,False,False,True,False,0.0,0,0.9171226711205037,1.0115806302435972,False,False,False,False,-0.2329212905116471,-0.19380992795897323,False,False,False,False,-49206733,-46115994.983010955,False,False,False,False,1475592.1887147352,False,False,False,False
2025-03-06 00:00:00+00:00,24.5099679436,25.3739741069,24.4702435223,24.917143262,2647332,,,,,,,,,,,,,,,,,25.623166493816502,25.57402238720732,25.594181724892454,26.022820947065036,,"rgba(239, 83, 80, 1.0)",0.0,0.0,1.1629551043224198,25.903663279414456,-1.1984085461549046,0.0,0.0,0.0,0.0,0.0,0.0,0.0,0.0,41.01874779510304,-1.9999702901064182,False,True,False,True,False,0.0,0,0.9302486908232585,0.9672525319162933,False,False,False,False,-0.2211696027497197,-0.20748976535434646,False,False,False,False,-51854065,-46341017.33661837,False,False,False,False,1521542.7695494515,False,False,False,False
2025-03-07 00:00:00+00:00,24.6787967341,24.6986589448,24.033274888,24.400725785,4850477,,,,,,,,,,,,,,,,,25.492760635861664,25.464730422534963,25.53116350474121,25.950759920026975,,"rgba(239, 83, 80, 1.0)",0.0,0.0,1.1565268158904936,25.783102382827042,-0.9548465574287244,0.0,0.0,0.0,0.0,0.0,0.0,0.0,0.0,40.66369346913206,-2.543392549669079,False,True,False,True,False,0.0,0,0.9196625525812632,0.9816281849973356,False,False,False,False,-0.34282825441539394,-0.2751590098848702,False,False,False,False,-47003588,-46367000.49988824,False,False,False,False,1652089.209959277,False,False,False,False
2025-03-10 00:00:00+00:00,25.0263854205,25.7314938987,24.490105733,25.5725962134,7327448,,,,,,,,,,,,,,,,,25.43291324948657,25.41501665936151,25.49614110543516,25.893880704142433,,"rgba(239, 83, 80, 1.0)",0.0,0.0,1.1470293767941515,25.76156746079809,-0.6409443865795857,0.0,0.0,0.0,0.0,0.0,0.0,0.0,0.0,42.10766371777953,-2.543392549669079,False,True,False,True,False,0.0,0,0.9341932288133153,0.9487077542148978,False,False,False,False,-0.14379462245497596,-0.20947681616992309,False,False,False,False,-39676140,-46104613.81361811,False,False,False,False,1874652.2997647955,False,False,False,False
2025-03-11 00:00:00+00:00,25.3044563697,25.6768728194,24.5943823389,25.1356275791,4586503,,,,,,,,,,,,,,,,,25.41274086023863,25.39821376177878,25.48196365357676,25.866225261227235,,"rgba(239, 83, 80, 0.5)",0.0,0.0,1.1342834749867612,25.748600009131327,-0.3915631755426144,0.0,0.0,0.0,0.0,0.0,0.0,0.0,0.0,44.3318924572887,-2.543392549669079,False,False,False,True,True,0.0,0,0.9290953905311417,0.9577606600813197,False,False,False,False,-0.13743080702786178,-0.17345381159889245,False,False,False,False,-35089637,-45672653.93857427,False,False,False,False,1980999.386048529,False,False,False,False
2025-03-12 00:00:00+00:00,24.9469365779,25.6719072667,24.8029355507,25.4732851602,3529756,,,,,,,,,,,,,,,,,25.396271371528503,25.384100273482066,25.470144880348798,25.844871939446143,,"rgba(239, 83, 80, 0.5)",0.0,0.0,1.1299820003440635,25.73628471772067,-0.6985493039538025,0.0,0.0,0.0,0.0,0.0,0.0,0.0,0.0,44.3726988731649,-2.543392549669079,False,False,False,True,True,0.0,0,0.9345867504242684,0.9607934243421112,False,False,False,False,-0.11144880903792896,-0.1424513103184107,False,False,False,False,-38619393,-45396055.47039489,False,False,False,False,2041734.939536822,False,False,False,False
2025-03-13 00:00:00+00:00,25.0462476312,25.4434918442,24.6490034182,24.9667987886,2907421,,,,,,,,,,,,,,,,,25.379652170199705,25.369512934965172,25.458391613812925,25.82597230281001,,"rgba(239, 83, 80, 0.5)",0.0,0.0,1.123591606415387,25.723742794334765,-0.6029727876805603,0.0,0.0,0.0,0.0,0.0,0.0,0.0,0.0,44.888390007281586,-2.543392549669079,False,False,False,True,True,0.0,0,0.9343707800581079,0.9693009165673854,False,False,False,False,-0.16039615504886723,-0.15142373268363896,False,False,False,False,-35711972,-45016287.491163716,False,False,False,False,2075683.4124961626,False,False,False,False
2025-03-14 00:00:00+00:00,25.9201848998,26.0592203744,25.2250075271,25.4434918442,2635894,,,,,,,,,,,,,,,,,25.39430911975194,25.383273372997905,25.46516949426635,25.82405736684378,,#000000,0.0,0.0,1.0925816921597529,25.729499224143275,0.1745276138389132,0.0,0.0,0.0,0.0,0.0,0.0,0.0,0.0,48.899418750094,-6.922180686168019,False,False,False,False,True,0.7238042109371072,0,0.9579970607138756,0.9343809071782749,False,False,False,False,-0.009284271649952677,-0.08035400216679582,False,False,False,False,-33076078,-44548043.98170632,False,False,False,False,2097652.455143372,False,False,False,False
2025-03-17 00:00:00+00:00,26.3869468501,26.550810088,25.8010116359,25.8010116359,2575472,,,,,,,,,,,,,,,,,25.427331039010596,25.413908967894752,25.483445514865096,25.83254789640283,,"rgba(38, 166, 154, 1.0)",0.0,0.0,1.0459053765303978,25.745816702812157,0.6129905837320353,0.0,0.0,0.0,0.0,0.0,0.0,0.0,0.0,53.10642401560354,-2.870177949192815,True,False,True,False,True,2.8376748226501256,1,0.9710787408129158,0.920527833053856,False,False,False,False,0.1255227425260084,0.022584370179606288,False,False,False,False,-30500606,-43997164.0608551,False,False,False,False,2116390.4765102984,False,False,False,False
2025-03-18 00:00:00+00:00,26.138669217,26.5855689567,26.0095648478,26.3869468501,3241520,,,,,,,,,,,,,,,,,25.46534655268114,25.44943712551051,25.505219740224785,25.842719916362906,,"rgba(38, 166, 154, 1.0)",0.0,0.0,0.9832005688353194,25.790815471944097,0.35379733910036765,0.0,0.0,0.0,0.0,0.0,0.0,0.0,0.0,54.705455451972576,-1.3460230560923634,True,False,True,False,True,1.653604744189792,1,0.9800037541901485,0.9216963589017181,False,False,False,False,0.15671212336214863,0.08964824677087746,False,False,False,False,-33742126,-43595005.70552745,False,False,False,False,2160513.202921659,False,False,False,False
2025-03-19 00:00:00+00:00,25.9996337425,26.3372913235,25.8208738466,26.168462533,5061969,,,,,,,,,,,,,,,,,25.505114948826666,25.487199502359193,25.52862690387669,25.850510461279246,,"rgba(38, 166, 154, 1.0)",0.0,0.0,0.9414925662487299,25.801903162404415,0.2100182063926633,0.0,0.0,0.0,0.0,0.0,0.0,0.0,0.0,55.09689682051474,-0.8711027758634273,True,False,True,False,True,0.9930280404933391,1,0.9761499969541858,0.9215684744405185,False,False,False,False,0.10087390725898548,0.09526107701493147,False,False,False,False,-38804095,-43407126.854330294,False,False,False,False,2274295.7831992414,False,False,False,False
2025-03-20 00:00:00+00:00,26.0492892691,26.3273602182,25.7215627933,25.8208738466,3512738,,,,,,,,,,,,,,,,,25.52879694434752,25.50991415846555,25.54315510856232,25.85508651460709,,"rgba(38, 166, 154, 1.0)",0.0,0.0,0.9033678717227188,25.81017102761198,0.2646964198893021,0.0,0.0,0.0,0.0,0.0,0.0,0.0,0.0,55.55705257436309,-0.22554410182056728,True,False,True,False,True,1.224723439487935,0,0.9666373544274094,0.9323619112484304,False,False,False,False,0.0870250284173638,0.09114305271614764,False,False,False,False,-35291357,-43088861.369846754,False,False,False,False,2322862.1446424085,False,False,False,False
2025-03-21 00:00:00+00:00,25.0561787365,25.8208738466,24.6887278395,25.711631688,43421920,,,,,,,,,,,,,,,,,25.407398061142327,25.40072994955151,25.450022264721124,25.697205940147054,,#000000,0.0,0.0,0.8579968075641188,25.65715017640226,-0.7004355198108926,0.0,0.0,0.0,0.0,0.0,0.0,0.0,0.0,51.54196851249759,-0.22554410182056728,True,False,False,False,False,0.0,1,0.9274946110594443,0.9480467807681151,False,False,False,False,-0.10702874630376359,-0.007942846793807974,False,False,False,False,-78713277,-44485897.27691159,False,False,False,False,3934589.9036760395,False,False,False,False
2025-03-24 00:00:00+00:00,25.4335607389,25.5725962134,25.0363165259,25.1952142111,2861653,,,,,,,,,,,,,,,,,25.40602159461877,25.39956384084378,25.448277563669095,25.691830333766696,,#000000,0.0,0.0,0.810192601234739,25.653567403183494,-0.27154859714616475,0.0,0.0,0.0,0.0,0.0,0.0,0.0,0.0,50.51391975289687,-0.22554410182056728,False,False,False,False,False,0.0,1,0.9492672636300042,0.9520500651068295,False,False,False,False,-0.09442232444220279,-0.051182585618005386,False,False,False,False,-75851624,-45715925.775856234,False,False,False,False,3892513.946669136,False,False,False,False
2025-03-25 00:00:00+00:00,24.7383833661,25.4335607389,24.5745201282,25.4136985282,2146355,,,,,,,,,,,,,,,,,25.397711204479414,25.39173978413949,25.441563308810952,25.682981768264057,,"rgba(239, 83, 80, 0.5)",0.0,0.0,0.7877500867766443,25.645566417474207,-1.1516127596840584,0.0,0.0,0.0,0.0,0.0,0.0,0.0,0.0,47.39457828589845,3.2457529420910447,False,False,False,True,False,0.0,1,0.9439387717216173,0.9523266018522418,False,False,False,False,-0.17129803501097052,-0.11124031031448794,False,False,False,False,-77997979,-46981888.64739128,False,False,False,False,3824037.125231131,False,False,False,False
2025-03-26 00:00:00+00:00,24.5397612596,24.8972810513,24.3411391531,24.8079011034,1772211,,,,,,,,,,,,,,,,,25.386606144525874,25.381217048609336,25.432821842499976,25.672817094620715,,"rgba(239, 83, 80, 1.0)",0.0,0.0,0.7682575017966704,25.635859318561785,-1.426732646799306,0.0,0.0,0.0,0.0,0.0,0.0,0.0,0.0,44.69470035123839,0.6556821321017807,False,True,False,True,False,0.0,1,0.944684526445214,0.9629433363864408,False,False,False,False,-0.2729374007786703,-0.19208885554657912,False,False,False,False,-79770190,-48267704.38670927,False,False,False,False,3743573.355614224,False,False,False,False
2025-03-27 00:00:00+00:00,23.4374085684,24.460312417,22.7720245116,24.3510702584,6807222,,,,,,,,,,,,,,,,,25.294514331465653,25.29336053165336,25.36142889498994,25.59965210793673,,"rgba(239, 83, 80, 1.0)",0.0,0.0,0.7826001747100769,25.56225893441886,-2.7151161406346946,0.0,0.0,0.0,0.0,0.0,0.0,0.0,0.0,40.06119775111739,-3.681023130900627,False,True,False,True,False,0.0,1,0.9096937524971148,0.9699943489942833,False,False,False,False,-0.34282825441539394,-0.26745855498098653,False,False,False,False,-86577412,-49770045.86174028,False,False,False,False,3863716.439707784,False,False,False,False
2025-03-28 00:00:00+00:00,22.7620934063,23.5963062537,22.5535401945,23.4969952004,2691845,,,,,,,,,,,,,,,,,25.249172581243315,25.249961269493507,25.32598830259336,25.56419415183252,,"rgba(239, 83, 80, 1.0)",0.0,0.0,0.8153010264692229,25.52653722203203,-3.3907032200165954,0.0,0.0,0.0,0.0,0.0,0.0,0.0,0.0,35.666189208223834,-7.6774988977201915,False,True,False,True,False,0.0,0,0.8945595445510929,1.00861729602132,False,False,False,False,-0.34282825441539394,-0.30514340469819023,False,False,False,False,-89269257,-51319034.5338289,False,False,False,False,3817760.6969741452,False,False,False,False
2025-03-31 00:00:00+00:00,22.4542291412,22.5982301684,22.2059515081,22.4045736146,3223459,,,,,,,,,,,,,,,,,25.18456710613835,25.188015681824314,25.275293393121206,25.514211573242445,,"rgba(239, 83, 80, 1.0)",0.0,0.0,0.8574442978247245,25.476077940726228,-3.524250854769744,0.0,0.0,0.0,0.0,0.0,0.0,0.0,0.0,32.19886951450961,-10.764013963963961,False,True,False,True,False,0.0,0,0.8753560319387341,1.0343530893631225,False,False,False,False,-0.34282825441539394,-0.3239858295567921,False,False,False,False,-92492716,-52933688.70897287,False,False,False,False,3794454.7480731984,False,False,False,False
2025-04-01 00:00:00+00:00,22.4145047199,22.5833335104,21.9795223066,22.3946425093,3589852,,,,,,,,,,,,,,,,,25.113681297731645,25.119915328450272,25.219092903357566,25.458755817736524,,"rgba(239, 83, 80, 1.0)",0.0,0.0,0.9055868240429189,25.420524267259086,-3.3194161703225293,0.0,0.0,0.0,0.0,0.0,0.0,0.0,0.0,29.81623831299384,-12.879120366319114,False,True,False,True,False,0.0,0,0.8622920541247722,1.0417575503492493,False,False,False,False,-0.34282825441539394,-0.33340704198609306,False,False,False,False,-96082568,-54625801.62234649,False,False,False,False,3786431.110893857,False,False,False,False
2025-04-02 00:00:00+00:00,22.5336779838,22.707472327,22.0867782442,22.0867782442,1926373,,,,,,,,,,,,,,,,,25.078607567848287,25.086163940996766,25.190991603073467,25.430865895292023,,"rgba(239, 83, 80, 1.0)",0.0,0.0,0.9388829827958828,25.39283836649286,-3.045278735565765,0.0,0.0,0.0,0.0,0.0,0.0,0.0,0.0,28.904863721190374,-13.731672668296497,False,True,False,True,False,0.0,0,0.865493362539882,1.0491224335676845,False,False,False,False,-0.3247439367032185,-0.3290754893446558,False,False,False,False,-94156195,-56176013.127352506,False,False,False,False,3713487.6555646863,False,False,False,False
2025-04-03 00:00:00+00:00,19.9913150205,21.7938106371,19.9342111648,21.7093962418,3988506,,,,,,,,,,,,,,,,20.573112274133333,24.959355908208007,24.971362108778212,25.09620607963659,25.339608344378902,,"rgba(239, 83, 80, 1.0)",0.0,0.0,1.091223403230332,25.300763770325126,-4.865592814548924,0.0,0.0,0.0,0.0,0.0,0.0,0.0,0.0,24.788021083821633,-17.66913692935288,False,True,False,True,False,0.0,0,0.8117239103721109,1.0556078479082909,False,False,False,False,-0.34282825441539394,-0.33595187188002484,False,False,False,False,-98144701,-57821844.024319075,False,False,False,False,3724272.6886797966,False,False,False,False
2025-04-04 00:00:00+00:00,18.1739227459,19.3408276216,17.597918637,19.0379289092,4671370,,,,,,,,,,,,,,,18.370889668166665,19.38517417723281,24.761257154771165,24.780404192286355,24.938325295427337,25.189581692191467,,"rgba(239, 83, 80, 1.0)",0.0,0.0,1.3441520747573132,25.14895045503081,-5.1891656012138,0.0,0.0,0.0,0.0,0.0,0.0,0.0,0.0,20.75160406672135,-21.454140933334152,False,True,False,True,False,0.0,0,0.7821443233760782,1.0901285716002636,False,False,False,False,-0.34282825441539394,-0.33939006314770936,False,False,False,False,-102816071,-59586323.513561465,False,False,False,False,3761413.7597119613,False,False,False,False
2025-04-07 00:00:00+00:00,18.2633026938,18.8095134867,16.684256947,17.5085386891,6117240,,,,,,,,,,,,,,,18.11467793738085,18.77823638158223,24.502057332488377,24.52994563075511,24.728975846266817,24.990229876017352,,"rgba(239, 83, 80, 1.0)",0.0,0.0,1.5492542790967827,24.94904246284726,-4.315456706658287,0.0,0.0,0.0,0.0,0.0,0.0,0.0,0.0,18.424691938334856,-23.629058430798693,False,True,False,True,False,0.0,0,0.7664118959514205,1.1004628458464734,False,False,False,False,-0.34282825441539394,-0.3411091587815517,False,False,False,False,-96698831,-61041715.96401004,False,False,False,False,3853799.102468355,False,False,False,False
2025-04-08 00:00:00+00:00,17.3794343198,19.0379289092,16.8828790535,18.8095134867,5785738,,,,,,,,,,,,,,,17.993223098108924,18.493635319968224,24.2690822746653,24.30424176849299,24.537969301000295,24.807637228882776,,"rgba(239, 83, 80, 1.0)",0.0,0.0,1.7727939162266841,24.767720258167365,-4.167594366576468,0.0,0.0,0.0,0.0,0.0,0.0,0.0,0.0,16.32371632259479,-25.67013007461091,False,True,False,True,False,0.0,0,0.7991250098280744,1.0866713129727408,False,False,False,False,-0.32581718023942635,-0.33346316951048904,False,False,False,False,-102484569,-62666925.88699004,False,False,False,False,3929561.4121754784,True,False,False,False
2025-04-09 00:00:00+00:00,19.2365510157,19.4351731222,16.6544636311,17.1808122133,7658207,,,,,,,,,,,,,,,18.1350697063648,18.479640288236265,24.01397408988349,24.056247345602017,24.324362306807974,24.601550691950013,,"rgba(239, 83, 80, 0.75)",0.0,0.0,1.8875076423744213,24.23343400920721,-2.6473445094088706,0.0,0.0,0.0,0.0,0.0,0.0,0.0,0.0,21.273092318093184,-25.67013007461091,False,True,False,True,True,0.0,0,0.7972772490792313,1.0672780230959324,False,False,False,False,-0.3191422852808611,-0.32630272739567506,False,False,False,False,-94826362,-63928080.24436298,False,False,False,False,4075782.8077764404,False,False,False,False
2025-04-10 00:00:00+00:00,17.8859206914,18.7151679861,17.5135042417,18.4321314843,3297813,,,,,,,,,,,,,,,18.12346557667521,18.433452238974503,23.903398385886007,23.948576756460263,24.23091700292584,24.511305561099686,,"rgba(239, 83, 80, 0.75)",0.0,0.0,2.049000125964624,24.14203196582175,-3.053250800302666,0.0,0.0,0.0,0.0,0.0,0.0,0.0,0.0,23.037026190660654,-25.67013007461091,False,True,False,True,True,0.0,0,0.8116854220880386,1.072767876933049,False,False,False,False,-0.3136659186265975,-0.3199843230111363,False,False,False,False,-98124175,-65269103.56811345,False,False,False,False,4045274.187863639,False,False,False,False
2025-04-11 00:00:00+00:00,18.1242672192,18.2434404831,17.111294476,17.8561273754,2986764,,,,,,,,,,,,,,,18.094384805947364,18.380900863967348,23.803233340885782,23.8509551524307,24.145836606836717,24.429081751019663,,"rgba(239, 83, 80, 0.75)",0.0,0.0,2.184798236307943,24.059187333918832,-2.7164614178507223,0.0,0.0,0.0,0.0,0.0,0.0,0.0,0.0,24.895657754865894,-33.399938429927126,False,True,False,True,True,0.0,0,0.8029515847431447,1.0852281149686176,False,False,False,False,-0.34282825441539394,-0.3314062887132651,False,False,False,False,-95137411,-66440409.74191293,False,False,False,False,4003763.984418006,False,False,False,False
2025-04-14 00:00:00+00:00,18.7399957494,19.2067576997,18.4322307954,18.8393068027,3524214,,,,,,,,,,18.792994748166663,,,,,18.166710117023737,18.419089470013187,23.707651171474826,23.757548675025916,24.06322714760274,24.348454947637638,,"rgba(239, 83, 80, 0.75)",0.0,0.0,2.2859239430078238,23.9898750903767,-2.2966115548310406,0.0,0.0,0.0,0.0,0.0,0.0,0.0,0.0,27.882099662511095,-30.417176422014613,False,True,False,True,True,0.0,0,0.8204109519210251,1.069106500867253,False,False,False,False,-0.25442577411130485,-0.29291603141228495,False,False,False,False,-91613197,-67427577.86968106,False,False,False,False,3984958.1026761234,False,False,False,False
2025-04-15 00:00:00+00:00,18.6208224855,19.0279978039,18.3030271151,18.7797201707,2761187,,,,,,,,,,18.7304474426551,,,,,18.203016152948,18.434761723339683,23.63317717155011,23.684710922927554,23.998562636953476,24.28530035920858,,"rgba(239, 83, 80, 0.75)",0.0,0.0,2.382347822654018,23.933295193391718,-2.2299316067010904,0.0,0.0,0.0,0.0,0.0,0.0,0.0,0.0,29.699349249257843,-28.523384339963194,False,True,False,True,True,0.0,0,0.8352631881513092,1.068276268238848,False,False,False,False,-0.2660921353585225,-0.2795040833854037,False,False,False,False,-94374384,-68484315.36498769,False,False,False,False,3936967.0790417655,False,False,False,False
2025-04-16 00:00:00+00:00,18.4718559056,18.7499268548,18.2682682465,18.422200379,3349941,,,,,,,,,,18.64917426628071,,,,,18.22751698077443,18.43946109486373,23.543014709187226,23.596466072947756,23.919955520598396,24.20849179048321,,"rgba(239, 83, 80, 0.75)",0.0,0.0,2.4756584266560613,23.862796397885212,-2.177578471343037,0.0,0.0,0.0,0.0,0.0,0.0,0.0,0.0,30.680546602695483,-27.34238965564986,False,True,False,True,True,0.0,0,0.8312682963948526,1.076968384920398,False,False,False,False,-0.2780157636028179,-0.27875992349411083,False,False,False,False,-97724325,-69630982.40949798,False,False,False,False,3913946.448491108,False,False,False,False
2025-04-17 00:00:00+00:00,18.7995823814,19.0776533305,18.5562703009,18.6406846962,2563352,,,,,,,,,,18.68321468742375,,,,,18.2625415809606,18.459862143711476,23.480300457812813,23.534983633997072,23.864707398587527,24.15424211887178,,"rgba(239, 83, 80, 0.75)",0.0,0.0,2.553834941564272,23.814740708838173,-1.9637754366248483,0.0,0.0,0.0,0.0,0.0,0.0,0.0,0.0,32.40707702528622,-25.39812928132397,False,True,False,True,True,0.0,0,0.8327724800708801,1.063923701040164,False,False,False,False,-0.25461708722640447,-0.2666885053602577,False,False,False,False,-95160973,-70632158.51108629,False,False,False,False,3860981.9603149863,False,False,False,False
2025-04-21 00:00:00+00:00,17.8759895861,18.7499268548,17.6475741636,18.5810980642,4998811,,,,,,,,,,18.511122758150776,,,,,18.244587206454106,18.424215284452945,23.344521917512246,23.401920708715554,23.745463262326446,24.03768464429929,,"rgba(239, 83, 80, 0.75)",0.0,0.0,2.6547818002735575,23.703900431863374,-2.195250413861827,0.0,0.0,0.0,0.0,0.0,0.0,0.0,0.0,32.01646816018022,-25.39812928132397,False,True,False,True,True,0.0,0,0.810204184789751,1.081047940468701,False,False,False,False,-0.30190756222223486,-0.2842980337912463,False,False,False,False,-100159784,-71790104.60869075,False,False,False,False,3905602.7069693008,False,False,False,False
2025-04-22 00:00:00+00:00,18.7399957494,18.7846857234,17.9157140074,18.1143361139,11040716,,,,,,,,,,18.499005774139796,,,,,18.288848386500643,18.434054632444273,23.088101808438186,23.149821300801705,23.515754144480322,23.811323564943905,,"rgba(239, 83, 80, 0.75)",0.0,0.0,2.724367585172872,23.49725981605956,-1.7461902323866092,0.0,0.0,0.0,0.0,1.0,18.9882733826,18.7499268548,0.0,34.44166871075535,-22.789723183928828,False,True,False,True,True,0.0,0,0.8218259713957943,1.074406970709946,False,False,False,False,-0.29020811775264704,-0.2872530757719467,False,False,False,False,-89119068,-72469671.80050682,False,False,False,False,4185411.0714018773,False,False,False,False
2025-04-23 00:00:00+00:00,19.0875844358,20.145247153,18.9882733826,19.5444152808,4909290,,,,,,,,,19.407034990466666,18.63348883536938,,,,,18.375073676619436,18.504659516510138,23.003796148240795,23.066475263370094,23.43756682495882,23.732976939856584,,"rgba(239, 83, 80, 0.75)",0.0,0.0,2.7823210920675345,23.431702186227994,-1.5613286916499969,0.0,0.0,0.0,0.0,0.0,0.0,0.0,0.0,37.05596256394434,-20.026892579057083,False,True,False,True,True,0.0,0,0.8423842406966943,1.045234721432674,False,False,False,False,-0.19870117045905508,-0.2429771231155009,False,False,False,False,-84209778,-72930068.12205558,False,False,False,False,4213798.480366509,False,False,False,False
2025-04-24 00:00:00+00:00,20.3885592335,20.5226291554,19.5394497281,20.0509016524,4803484,,,,,,,,,19.774575948808717,18.825461637225853,,,,,18.49961121397319,18.613750818272152,22.941252005289858,23.004289181892375,23.377476847440633,23.671684570439382,,"rgba(239, 83, 80, 0.5)",0.0,0.0,2.810137608925677,23.384831628677553,-1.0662368937594608,0.0,0.0,0.0,0.0,0.0,0.0,0.0,0.0,42.04450965757078,-15.154161245036448,False,False,False,True,True,0.0,0,0.8434725936333364,1.0366515762837318,False,False,False,False,-0.16470352732368332,-0.2038403252195921,False,False,False,False,-79406294,-73184037.7643279,False,False,False,False,4236923.402705078,False,False,False,False
2025-04-25 00:00:00+00:00,20.0608327577,20.4580769708,19.9317283885,19.9714528098,2366600,,,,,,,,,19.848170983516646,18.903223117754937,,,,,18.554758084098655,18.66234789911077,22.91143486891416,22.974616157407645,23.34867204520497,23.642251487761968,,#000000,0.0,0.0,2.84086665914059,23.3619461406289,-1.162009266541057,0.0,0.0,0.0,0.0,0.0,0.0,0.0,0.0,44.595762326391174,-12.695977495493807,False,False,False,False,True,0.0,0,0.8508473342793775,1.0436478971280896,False,False,False,False,-0.1527977681630041,-0.1783190466912981,False,False,False,False,-81772894,-73520855.65592289,False,False,False,False,4163577.386912722,False,False,False,False
2025-04-28 00:00:00+00:00,19.9019350725,20.6368368666,19.733106282,20.2197304429,1714044,,,,,,,,,19.878299751643457,18.951645234061655,,,,,18.591044643830564,18.69433403359901,22.889776619899482,22.953062096605258,23.32774604206893,23.62088098696182,,#000000,0.0,0.0,2.8702595302036267,23.345041820611357,-1.1995802859914524,0.0,0.0,0.0,0.0,0.0,0.0,0.0,0.0,45.911186732248986,-11.352254655681335,False,False,False,False,True,0.0,0,0.841946302800677,1.0407753756706946,False,False,False,False,-0.15351807396299208,-0.16591856032714508,False,False,False,False,-83486938,-73911682.41451415,False,False,False,False,4067517.2540926156,False,False,False,False
2025-04-29 00:00:00+00:00,20.100557179,20.2942137329,19.8175206773,19.8622106512,2179234,,,,,,,,,19.90455865563719,19.00680861810886,,,,,18.634196530904397,18.732439923264142,22.86252391074728,22.925932149203753,23.301364857016097,23.593928282092428,,#000000,0.0,0.0,2.896334147126395,23.32352618090959,-1.1127752663163075,0.0,0.0,0.0,0.0,0.0,0.0,0.0,0.0,47.31983133686278,-9.839583150429888,True,False,False,False,True,0.0,0,0.8387537560585699,1.0500186202520463,False,False,False,False,-0.1628967285429432,-0.16440764443504413,False,False,False,False,-81307704,-74201722.47669008,False,False,False,False,3993466.930402709,False,False,False,False
2025-04-30 00:00:00+00:00,20.2693859696,20.3587659175,19.5990363601,19.762899598,2355166,,,,,,,,,19.926554484839148,19.060871320741953,,,,,18.678240505668107,18.77146304277875,22.833708733048535,22.89723043048298,23.273373324660795,23.565296467101902,,#000000,0.0,0.0,2.91855059474548,23.30054066426414,-1.0385821990276245,0.0,0.0,0.0,0.0,0.0,0.0,0.0,0.0,48.727083912421236,-8.278488094967031,True,False,False,False,True,0.0,0,0.8322926032575301,1.0524807371914662,False,False,False,False,-0.16850129102755496,-0.16645446773129954,False,False,False,False,-78952538,-74388028.96780027,False,False,False,False,3929219.8350927993,False,False,False,False
2025-05-01 00:00:00+00:00,20.4978013921,20.7858034465,20.2892481802,20.3389037069,2229050,,,,,,,,,19.991368333561372,19.12772273666386,,,,,18.730123102777902,18.818366910876797,22.81132724499921,22.87482781487331,23.250978579764023,23.542052372423505,,"rgba(38, 166, 154, 1.0)",0.0,0.0,2.9381208400650656,23.283095310968882,-0.9479848074619013,0.0,0.0,0.0,0.0,0.0,0.0,0.0,0.0,50.31511318078597,-6.5213603210494,True,False,True,False,True,0.0,0,0.8419435267440755,1.0674091043978438,False,False,False,False,-0.1280381386663462,-0.14724630319882287,False,False,False,False,-76723488,-74479615.59651399,False,False,False,False,3862546.508226415,False,False,False,False
2025-05-02 00:00:00+00:00,20.9248389211,21.2823587128,20.7311823672,21.1135299222,1764905,,,,,,,,,20.069493307021276,19.1923615963005,,,,,18.779087171105125,18.86320433710207,22.79737767106322,22.860765021583273,23.236421209112788,23.526636960839877,,"rgba(38, 166, 154, 1.0)",0.0,0.0,2.9515597809308924,23.27261184119734,-0.795434649592926,0.0,0.0,0.0,0.0,0.0,0.0,0.0,0.0,52.558466913394305,-4.157621173362379,True,False,True,False,True,0.0,0,0.8313615235059912,1.049733072427077,False,False,False,False,-0.07760852203711806,-0.11242741261797046,False,False,False,False,-74958583,-74498398.6319448,False,False,False,False,3780286.056923419,False,False,False,False
2025-05-05 00:00:00+00:00,20.7460790252,20.8652522891,20.5474569187,20.7063546039,2073817,,,,,,,,,20.124757155016404,19.252535936145346,,,,,18.8274842212634,18.907384289975564,22.778950984794143,22.842259204544888,23.217610262817917,23.506934773854717,,"rgba(38, 166, 154, 1.0)",0.0,0.0,2.962129589340219,23.258148388673675,-0.8480619391244155,0.0,0.0,0.0,0.0,0.0,0.0,0.0,0.0,53.40770052368255,-3.1089980454947153,True,False,True,False,True,0.0,0,0.8421090058385678,1.0510990879429998,False,False,False,False,-0.09840396114624424,-0.10541568688210734,False,False,False,False,-77032400,-74597771.23461364,False,False,False,False,3713365.7017499516,False,False,False,False
2025-05-06 00:00:00+00:00,20.5772502347,20.7460790252,20.3587659175,20.4680080761,1887986,,,,,,,,,20.156071423407006,19.297835110771967,,,,,18.865964057836052,18.942445772754503,22.76118479182415,22.82444715503213,23.19965391490432,23.488228152468857,,"rgba(38, 166, 154, 1.0)",0.0,0.0,2.971437305988359,23.243859495801484,-0.8974139402932877,0.0,0.0,0.0,0.0,0.0,0.0,0.0,0.0,53.3473333673699,-2.854911450703895,True,False,True,False,True,0.0,0,0.8395161847117664,1.044039037354172,False,False,False,False,-0.11031863988111336,-0.10786716338161034,False,False,False,False,-78920386,-74767285.5391386,False,False,False,False,3641782.184034267,False,False,False,False
2025-05-07 00:00:00+00:00,20.7858034465,20.8652522891,20.4680080761,20.5971124453,2753290,,,,,,,,,20.208249546831883,19.365544525778784,,,,,18.92368134695677,18.995360505621395,22.73746180265908,22.800604015798907,23.175320162659975,23.462706102446123,,"rgba(38, 166, 154, 1.0)",0.0,0.0,2.9747145246785736,23.224754119146912,-0.8198940276161277,0.0,0.0,0.0,0.0,0.0,0.0,0.0,0.0,53.99768297193496,-1.8681024077509107,True,False,True,False,True,0.0,0,0.8389856981068634,1.0389804795957465,False,False,False,False,-0.1014759176055502,-0.10467154049358027,False,False,False,False,-76167096,-74822180.06701553,False,False,False,False,3606939.3532878254,False,False,False,False
2025-05-08 00:00:00+00:00,21.1830476595,21.3171175814,20.7957345518,21.0340810796,1716425,,,,,,,,,20.257944289165014,19.41597070976779,,,,,18.965388400910257,19.033972484111654,22.725751035782302,22.788743423206874,23.162761476466688,23.449261899276134,,"rgba(38, 166, 154, 1.0)",0.0,0.0,2.968315124558857,23.21552561582407,-0.6847244551321451,0.0,0.0,0.0,0.0,0.0,0.0,0.0,0.0,55.69667729764309,0.08589992801998392,True,False,True,False,True,0.0,0,0.8462875683289995,1.0292659050358621,False,False,False,False,-0.07140567860834608,-0.08803860955096318,False,False,False,False,-74450671,-74807611.08399531,False,False,False,False,3532801.535511832,False,False,False,False
2025-05-09 00:00:00+00:00,21.0340810796,21.2922898181,20.8205623151,21.1830476595,1457107,,,,,,,,,20.293728397605673,19.455334156123836,,,,,18.99876373804803,19.064893459670387,22.71564068529494,22.778511671413035,23.1519651385373,23.43772970673174,,"rgba(38, 166, 154, 1.0)",0.0,0.0,2.963881423921665,23.20743076801539,-0.7332782178376479,0.0,0.0,0.0,0.0,0.0,0.0,0.0,0.0,56.162636554207786,0.845973069348517,True,False,True,False,True,0.0,0,0.8508070693545987,1.02597857486938,False,False,False,False,-0.0714056786083464,-0.07972214407965479,False,False,False,False,-75907778,-74850754.88462295,False,False,False,False,3451401.7498054863,False,False,False,False
2025-05-12 00:00:00+00:00,22.6826445637,22.7918867223,22.0917437968,22.2854003507,2735584,,,,,,,,22.522091694266663,20.468165475394276,19.588110585276908,,,,,19.101626302213038,19.161704510631047,22.713474214980675,22.77571139545048,23.145982631686376,23.42954445833112,,"rgba(38, 166, 154, 1.0)",0.0,0.0,2.9475031653008563,23.20750343880629,-0.1780689775960665,0.0,0.0,0.0,0.0,0.0,0.0,0.0,0.0,60.64644998442394,5.308066230489857,True,False,True,False,True,0.0,0,0.8624293696470886,1.0017381831144054,False,False,False,False,0.03480090448438849,-0.02246061979763315,False,False,False,True,-73172194,-74784928.9675789,False,False,False,False,3423330.465499389,False,False,False,True
2025-05-13 00:00:00+00:00,22.6329890371,22.9706466181,22.5436090891,22.692575669,1884311,,,,,,,,22.60107815924265,20.583156277721585,19.67868345516098,,,,,19.172872666316454,19.22896015453544,22.713491614029234,22.775263701475154,23.14318619168285,23.42517609443154,,"rgba(38, 166, 154, 1.0)",0.0,0.0,2.931869492694912,23.12845536937511,-0.16899331075602853,0.0,0.0,0.0,0.0,0.0,0.0,0.0,0.0,63.41346755249802,7.977703918642874,True,False,True,False,True,0.0,0,0.875974435137541,1.003202608494338,False,False,False,False,0.05899692069747572,0.018268150449921285,False,False,False,False,-75056505,-74795579.008066,False,False,False,False,3362976.760970001,False,False,False,False
2025-05-14 00:00:00+00:00,22.1364337708,22.6230579317,22.0271916122,22.5038846678,1615498,,,,,,,,22.513287041090233,20.65371111791628,19.7412728307982,,,,,19.224218224490354,19.277386429048484,22.71055075935503,22.772000624077094,23.138304209030537,23.419106130507217,,"rgba(38, 166, 154, 1.0)",0.0,0.0,2.9232366835698267,23.116532330280656,-0.3352785509942935,0.0,0.0,0.0,0.0,0.0,0.0,0.0,0.0,63.06811535218223,7.977703918642874,True,False,True,False,True,0.0,0,0.8832821421687977,0.9915428847629432,False,False,False,False,0.025858292284635938,0.02206322136727861,False,False,False,False,-76672003,-74869164.26265165,False,False,False,False,3294448.1821084325,False,False,False,False
2025-05-15 00:00:00+00:00,21.9676049803,22.0271916122,21.6597407152,21.927880559,1032426,,,,,,,,22.424014164517754,20.685907491514428,19.773954414471234,,,,,19.25218118107952,19.303721335578356,22.707126115253367,22.768409174098352,23.13388068989894,23.4140054158346,,"rgba(38, 166, 154, 1.0)",0.0,0.0,2.916041996583994,23.10708689541672,-0.3907632045257138,0.0,0.0,0.0,0.0,0.0,0.0,0.0,0.0,62.12235981703512,7.977703918642874,True,False,True,False,True,0.0,0,0.8698463501790492,1.0061804296505594,False,False,False,False,-0.011025796094305951,0.00551871263648633,False,False,False,False,-77704429,-74980351.11509669,False,False,False,False,3205741.4298688862,False,False,False,False
2025-05-16 00:00:00+00:00,22.1860892974,22.2210467882,21.5703607672,21.5703607672,1157794,,,,,,,,22.36471809606591,20.723134663053642,19.811248733093162,,,,,19.28410270166586,19.33383407019867,22.70381764586677,22.76490256747604,23.129381380207544,23.408725378161407,,"rgba(38, 166, 154, 1.0)",0.0,0.0,2.9081190238569867,23.10107292481195,-0.31463073550491283,0.0,0.0,0.0,0.0,0.0,0.0,0.0,0.0,62.11092284836655,7.977703918642874,True,False,True,False,True,0.0,0,0.8693746983804098,1.0060048013945182,False,False,False,False,-0.007025925803733752,-0.000753606583623711,False,False,False,False,-76546635,-75041774.01254387,False,False,False,False,3125429.7659524595,False,False,False,False
2025-05-19 00:00:00+00:00,22.2854003507,22.310228114,21.6200162939,21.6796029258,1626477,,,,,,,,22.317335726025732,20.775041352724124,19.863402355279042,,,,,19.32898841880151,19.376244566677357,22.69973424544172,22.76053046781715,23.123557485423508,23.401785925510435,,"rgba(38, 166, 154, 1.0)",0.0,0.0,2.894150622025589,23.09595252976438,-0.28006565135061257,0.0,0.0,0.0,0.0,0.0,0.0,0.0,0.0,62.39164370707271,7.977703918642874,True,False,True,False,True,0.0,0,0.8794135424913645,0.9903349295911935,False,False,False,False,-0.0017108349681243336,-0.0012322207758740222,False,False,False,False,-74920158,-75037004.75715001,False,False,False,False,3066647.304542559,False,False,False,False
2025-05-20 00:00:00+00:00,22.0271916122,22.325124772,21.8782250323,22.1960204027,1420387,,,,,,,,22.287561261200356,20.81737070982606,19.90711620796808,,,,,19.367089651905328,19.412287209737855,22.6962390367279,22.756784437415615,23.118547519014516,23.395806838935297,,"rgba(38, 166, 154, 0.75)",0.0,0.0,2.8802615918100316,23.092244472637287,-0.3697764340106276,0.0,0.0,0.0,0.0,0.0,0.0,0.0,0.0,61.293309313746455,7.977703918642874,True,False,True,False,False,0.0,0,0.8732799980079246,1.0113808220411742,False,False,False,False,0.008744458578506658,0.0037561189013163177,False,False,False,False,-76340545,-75088123.98235981,False,False,False,False,3002088.0769134397,False,False,False,False
2025-05-21 00:00:00+00:00,21.2227720808,21.8583628217,21.1532543436,21.7987761897,2479980,,,,,,,,22.131839157031127,20.849286786100517,19.957259974178456,,,,21.411463082033336,19.415413058451204,19.457811640672162,22.683773859183397,22.74403623773414,23.104399668021347,23.380294083107575,,"rgba(38, 166, 154, 0.75)",0.0,0.0,2.878666486688283,23.073425626807765,-0.6428857092565877,0.0,0.0,0.0,0.0,0.0,0.0,0.0,0.0,57.14321460536944,11.755892470279257,True,False,True,False,False,0.0,0,0.8526753896510161,1.0165213181306108,False,False,False,False,-0.03689461494302333,-0.016569248020853508,False,False,False,False,-78820525,-75234492.64971825,False,False,False,False,2981613.2503678147,False,False,False,False
2025-05-22 00:00:00+00:00,21.441256398,21.6001540832,21.0539432903,21.0837366063,1341089,,,,,,,,22.06460547480282,20.86384927094748,19.98218747407029,,,,21.39519721981905,19.440020107641548,19.48101271503714,22.67689146792367,22.737006307389418,23.096639470133255,23.371810830778426,,"rgba(38, 166, 154, 0.75)",0.0,0.0,2.871512406401202,23.064268028764097,-0.5652114290525314,0.0,0.0,0.0,0.0,0.0,0.0,0.0,0.0,55.21687213419771,9.903854143448399,True,False,True,False,False,0.0,0,0.8451884595773699,1.021968297534449,False,False,False,False,-0.05060767955897883,-0.03358846378991617,False,False,False,False,-77479436,-75322529.64384696,False,False,False,False,2917278.966039665,False,False,False,False
2025-05-23 00:00:00+00:00,21.2525653968,21.4015319767,20.8404245258,20.8652522891,974086,,,,,,,,22.01072865145232,20.869897195584553,19.997203925865705,,,,21.34840266862502,19.455688022607557,19.495759751040044,22.67118101331223,22.731206076567855,23.09039925870627,23.365083238865978,,#000000,0.0,0.0,2.8650968675427033,23.056683423172423,-0.6296883176308634,0.0,0.0,0.0,0.0,0.0,0.0,0.0,0.0,53.16689349402392,7.9461132121577265,True,False,False,False,False,0.0,0,0.8424537397766217,1.0205878707787763,False,False,False,False,-0.06643975702209387,-0.05001411040600502,False,False,False,False,-78453522,-75445313.65781374,False,False,False,False,2841075.3203126197,False,False,False,False
2025-05-27 00:00:00+00:00,21.9378116643,21.9775360856,21.4909119246,21.6696718205,1156101,,,,,,,21.802086558166668,21.99688481370012,20.891610178819228,20.02399940028628,,,,21.436536064060032,19.480715115580512,19.5194863431249,22.667302837892468,22.727155474961027,23.085478916276067,23.35944879203123,,"rgba(38, 166, 154, 0.75)",0.0,0.0,2.850327649287113,23.053220716600052,-0.39132660856692164,0.0,0.0,0.0,0.0,0.0,0.0,0.0,0.0,54.37374512097871,7.9461132121577265,True,False,True,False,False,0.0,0,0.8418051513493932,1.0240955961746683,False,False,False,False,-0.019391834881923205,-0.03470297264396412,False,False,False,False,-77297421,-75517945.31829165,False,False,False,False,2774997.895986635,False,False,False,False
2025-05-28 00:00:00+00:00,21.3121520288,21.898087243,21.2575309495,21.898087243,1121959,,,,,,,21.648015888617017,21.966174830731873,20.904821104613983,20.04481050224138,,,,21.44489865975988,19.501292886187354,19.538957731831808,22.662223263821545,22.72194015796582,23.079584485308864,23.352928846844133,,#000000,0.0,0.0,2.841030877433059,23.047613096859987,-0.6108561092542643,0.0,0.0,0.0,0.0,0.0,0.0,0.0,0.0,52.67728584540085,7.518235783440616,True,False,False,False,False,0.0,0,0.8234738822759148,1.0354550784494654,False,False,False,False,-0.03137550236232187,-0.033039237503143,False,False,False,False,-78419380,-75631727.0705155,False,False,False,False,2710172.841242061,False,False,False,False
2025-05-29 00:00:00+00:00,21.6895340311,21.7590517684,21.411463082,21.6498096098,1501077,,,,,,,21.636894421536276,21.94025491226062,20.925364947892895,20.07418492036364,,,,21.475556007655435,19.529941609561792,19.566121221165144,22.656245389515927,22.715763805545407,23.07240887982671,23.344883599290306,,#000000,0.0,0.0,2.8290906884238125,23.041649586819624,-0.477932913657475,0.0,0.0,0.0,0.0,0.0,0.0,0.0,0.0,52.9088512861405,7.518235783440616,True,False,False,False,False,0.0,0,0.8196970436559002,1.0371447309508535,False,False,False,False,-0.023018252518994566,-0.028028745011068782,False,False,False,False,-76918303,-75682181.0285345,False,False,False,False,2662757.3180560977,False,False,False,False
2025-05-30 00:00:00+00:00,21.2327031862,21.6249818465,21.014218869,21.5107741353,1440266,,,,,,,21.541345907788678,21.89671116600464,20.935162166869578,20.09556768937304,,,,21.448961127752273,19.552492107327065,19.587451781761345,22.648770996657497,22.708140469340442,23.064043555378504,23.335773454180337,,#000000,0.0,0.0,2.812826828514584,23.033245253991627,-0.640118349817671,0.0,0.0,0.0,0.0,0.0,0.0,0.0,0.0,51.338929220567955,6.01884077359361,True,False,False,False,False,0.0,0,0.8144903195474996,1.033211565350119,False,False,False,False,-0.042035452464705886,-0.03503209873788733,False,False,False,False,-78358569,-75787137.41957237,False,False,False,False,2614816.4820538983,False,False,False,False
2025-06-02 00:00:00+00:00,21.0936677116,21.203322884,20.7347962382,21.203322884,1505774,,,,,,,21.422510374241362,21.83868042416183,20.937219759634136,20.112080173484188,,,,21.391664220230805,19.571758534926197,19.605620381027137,22.639450299019956,22.698699705106385,23.05401347568511,23.325042544717572,,#000000,0.0,0.0,2.793331297642738,22.8613525635627,-0.6328232005471146,1.0,21.203323,20.734797,0.0,0.0,0.0,0.0,0.0,49.787382516019704,4.420340869552589,True,False,False,False,False,0.0,0,0.8095907402700657,1.0414505367963118,False,False,False,False,-0.04518853770807781,-0.04011031822298257,False,False,False,False,-79864343,-75947027.8344911,False,False,False,False,2571324.6200125692,False,False,False,False
2025-06-03 00:00:00+00:00,21.3428840125,21.5223197492,20.944137931,21.0936677116,1336124,,,,,,,21.397196102430005,21.807436934920148,20.945078757337594,20.13032593831695,,,,21.37899730191475,19.591436527936576,19.62426109947729,22.632570056119086,22.691682848274496,23.04631364887469,23.31666031313553,,#000000,0.0,0.0,2.7693465845549117,22.860536903430635,-0.5480184023895119,0.0,0.0,0.0,0.0,0.0,0.0,0.0,0.0,49.790025503216846,4.2619044295480535,True,False,False,False,False,0.0,0,0.8382843490933846,1.029191719508466,False,False,False,False,-0.02230196403058076,-0.031206141126781665,False,False,False,False,-78528219,-76048251.01745224,False,False,False,False,2522885.380012077,False,False,False,False
2025-06-04 00:00:00+00:00,21.5123510972,21.6568965517,21.2930407524,21.3329153605,1408432,,,,,,,21.41061649752128,21.78992508947999,20.958260700096144,20.152503419486635,,,,21.38970326268193,19.614318325945227,19.646003668736554,22.626538321050596,22.685481306255035,23.039254355313204,23.30882985790361,,#000000,0.0,0.0,2.7423487028149376,22.860992959548277,-0.4917835069493304,0.0,0.0,0.0,0.0,0.0,0.0,0.0,0.0,50.491660309838124,4.2619044295480535,True,False,False,False,False,0.0,0,0.8377053325600606,1.020958045430533,False,False,False,False,0.012095392647244437,-0.009555374239768613,False,False,False,False,-77119787,-76090272.03637567,False,False,False,False,2479181.3258939562,False,False,False,False
2025-06-05 00:00:00+00:00,21.193354232,21.6518125392,21.0737304075,21.5921003135,1265349,,,,,,,21.398320553643217,21.76726234108645,20.965698072921906,20.169197895251568,,,,21.38290778203294,19.63246678730994,19.66322985183429,22.62032018472581,22.679129850602937,23.032232596592152,23.30115791943357,,#000000,0.0,0.0,2.7106887612471042,22.85564897469709,-0.6132370364542769,0.0,0.0,0.0,0.0,0.0,0.0,0.0,0.0,49.58085563771804,3.7083994190264633,True,False,False,False,False,0.0,0,0.8420224511074496,1.0181500342507024,False,False,False,False,0.020394896531389005,0.005419761145810196,False,False,False,False,-78385136,-76180266.70161586,False,False,False,False,2431580.0582118407,False,False,False,False
2025-06-06 00:00:00+00:00,21.6020689655,21.6519122257,21.3727899687,21.5223197492,1560450,,,,,,,21.416587816165034,21.7549699528438,20.980502067147736,20.193268755209253,,,,21.397457025743783,19.657399099466915,19.686968430350493,22.614094657788637,22.672709724952963,23.02482439989838,23.292886886246464,,#000000,0.0,0.0,2.6493599998038784,22.853385202212912,-0.47230887339038236,0.0,0.0,0.0,0.0,0.0,0.0,0.0,0.0,50.732014156023126,3.7083994190264633,True,False,False,False,False,0.0,0,0.8494405556473577,1.0024597809577511,False,False,False,False,0.09649368712199338,0.05095672413390179,False,False,False,False,-76824686,-76205538.04665053,False,False,False,False,2397418.0951447096,False,False,False,False
2025-06-09 00:00:00+00:00,21.8911598746,22.2001880878,21.6917868339,21.8712225705,2307123,,,,,,21.927711598766667,21.497341996462193,21.767879979380535,21.015145459118152,20.237088519941832,,,,21.46052406894486,19.700390403766566,19.728054771191484,22.608283975478233,22.666540981588714,23.01681823262875,23.283461075032495,,#000000,0.0,0.0,2.595224821367518,22.857374392196434,-0.37230474587064893,0.0,0.0,0.0,0.0,0.0,0.0,0.0,0.0,52.63980783621836,3.7083994190264633,True,False,False,False,True,0.0,1,0.8878207641707374,0.9818710354540828,False,False,False,False,0.19436769737466894,0.12266221075428536,False,False,False,False,-74517563,-76139342.94678187,False,False,False,False,2393877.111021388,False,False,False,False
2025-06-10 00:00:00+00:00,21.9808777429,22.2201253918,21.8313479624,22.2201253918,1232748,,,,,,21.956641174296262,21.53731219690238,21.777207417568064,21.034229668928237,20.260713372552623,,,,21.49340400648568,19.723533012112064,19.750202492711782,22.605593418521103,22.663652490783807,23.01291072612166,23.278783153381582,,"rgba(38, 166, 154, 1.0)",0.0,0.0,2.5517601408892827,22.8590879254784,-0.3441585941037332,0.0,0.0,0.0,0.0,0.0,0.0,0.0,0.0,54.26384941268484,0.32196119040052906,True,False,True,False,True,0.0,1,0.8943374290188838,0.9613652218607841,False,False,False,False,0.23944582864214023,0.1810540196982128,False,False,False,False,-73284815,-76027400.67435905,False,False,False,False,2348342.636079373,False,False,False,False
2025-06-11 00:00:00+00:00,21.6718495298,22.1162520376,21.5821316614,22.0207523511,1838628,,,,,,21.89970183328682,21.563607375991282,21.777904606170335,21.055237683064213,20.290503856212627,,,,21.51768048177487,19.75395239942994,19.779300168973098,22.60015279219708,22.657950800323746,23.005867609116123,23.270666283825403,,"rgba(38, 166, 154, 1.0)",0.0,0.0,2.5116180569637234,22.856859588445065,-0.47181141071967597,0.0,0.0,0.0,0.0,0.0,0.0,0.0,0.0,53.73254258592149,0.32196119040052906,True,False,True,False,True,0.0,1,0.9002900202311332,0.9446190503139097,False,False,False,False,0.21530038506009955,0.19817720237915618,False,False,False,False,-75123443,-75991951.35379595,False,False,False,False,2328353.8268213584,False,False,False,False
2025-06-12 00:00:00+00:00,21.5721630094,21.6020689655,21.2132915361,21.3727899687,1244057,,,,,,21.81757429047124,21.556959051425984,21.76675316295804,21.06275543484177,20.305749841823783,,,,21.51478598459704,19.770801512128727,19.79539058430998,22.59504052270218,22.652694682160604,22.999876294375845,23.26402023595622,,#000000,0.0,0.0,2.4692351999137587,22.85169197031011,-0.5181883689957113,0.0,0.0,0.0,0.0,0.0,0.0,0.0,0.0,52.869059482847135,0.32196119040052906,True,False,False,False,True,0.0,1,0.8950812487601679,0.9543038420814132,False,False,False,False,0.1559211742855133,0.17704918833233474,False,False,False,False,-76367500,-76006678.7516863,False,False,False,False,2285832.3826322854,False,False,False,False
2025-06-13 00:00:00+00:00,20.944137931,21.4126645768,20.8843260188,21.1235736677,1509765,,,,,,21.680713496117544,21.52173615523508,21.738513504797936,21.06314151475849,20.317788696253004,,,,21.48878366459694,19.786288985489044,19.810126855279147,22.586825089347023,22.644349521897777,22.990875704609525,23.254323066507027,,#000000,0.0,0.0,2.4310218201883056,22.841099579000467,-0.7803145295723957,0.0,0.0,0.0,0.0,0.0,0.0,0.0,0.0,49.44006863841993,3.351361181130663,True,False,False,False,False,0.0,1,0.8815748807068586,0.9579085884236245,False,False,False,False,0.12159024589144388,0.1493197171118893,True,False,False,False,-77877265,-76080035.0751496,False,False,False,False,2255398.3676270978,False,False,False,False
2025-06-16 00:00:00+00:00,21.5023824451,21.5821316614,21.0787147335,21.3329153605,2021156,,,,,,21.6223946380706,21.509672318588333,21.720201946773305,21.072391444559027,20.33959617654347,,,,21.481287782055308,19.811248336041103,19.833981024559915,22.57818115590962,22.635483902808406,22.980875126267367,23.243291783990408,,#000000,0.0,0.0,2.3921765852960544,22.832374035830174,-0.5559755073706546,0.0,0.0,0.0,0.0,0.0,0.0,0.0,0.0,49.84583729536288,3.351361181130663,True,False,False,False,False,0.0,1,0.9328444994260724,0.9444450701203226,False,False,False,False,0.14565332062053843,0.14748651886621386,False,False,False,False,-75856109,-76071253.66043785,False,False,False,False,2246212.3924260354,False,False,False,False
2025-06-17 00:00:00+00:00,21.3628213166,21.5023824451,21.2332288401,21.3229467085,2034060,,,,,,21.579627279510667,21.49774796369331,21.702529252034108,21.08058088714065,20.360229321843384,,,,21.473288357182575,19.835260154111218,19.856946374358383,22.569451383689803,22.626534813865593,22.970801130866437,23.23219323135193,,#000000,0.0,0.0,2.3476648388332437,22.823589503815146,-0.6222217767426826,0.0,0.0,0.0,0.0,0.0,0.0,0.0,0.0,49.48759024180502,3.3369993566798186,False,False,False,False,False,0.0,1,0.9787154925011975,0.8978427680026664,False,False,False,False,0.15061769815167197,0.1490521085089429,False,False,False,False,-77890169,-76142583.67375402,False,False,False,False,2237892.69076227,False,False,False,False
2025-06-18 00:00:00+00:00,21.3030094044,21.731661442,21.2581504702,21.4126645768,2227862,,,,,,21.556648119365963,21.492175790043675,21.688451015019044,21.09096210163339,20.383292858570062,,,,21.47029384628093,19.861800701928395,19.88236919660289,22.560540184270952,22.61737327046972,22.96035031963578,23.220603755623166,,#000000,0.0,0.0,2.3145963497601922,22.815222655767677,-0.6533377845879483,0.0,0.0,0.0,0.0,0.0,0.0,0.0,0.0,48.96830413841265,2.704038767391907,False,False,False,False,False,0.0,1,1.0025856372511048,0.8732881892234124,False,False,False,False,0.1675533567750167,0.1583027326419798,False,False,False,False,-80118031,-76298483.56890093,False,False,False,False,2237499.33034022,False,False,False,False
2025-06-20 00:00:00+00:00,21.4126645768,21.5921003135,21.2531661442,21.4226332288,4312704,,,,,,21.525022002744436,21.482046509673392,21.663906863032746,21.108773914528648,20.42476344966645,,,,21.464155259504913,19.9103846954512,19.928967304236405,22.543506738734894,22.59986146424251,22.94036665066607,23.19844429747585,,#000000,0.0,0.0,2.2940966424122395,22.799211141380695,-0.6043976260401752,0.0,0.0,0.0,0.0,0.0,0.0,0.0,0.0,49.20565514701727,2.704038767391907,False,False,False,False,False,0.0,1,0.9970651641917683,0.8771141042667173,False,False,False,False,0.1579122074703242,0.158107470056152,False,False,False,False,-75805327,-76279144.09561071,False,False,False,False,2318879.905620996,False,False,False,False
2025-06-23 00:00:00+00:00,21.8911598746,21.9659247649,21.2132915361,21.2631347962,2754326,,,,,,21.54619039842946,21.499013699471373,21.66534983475753,21.12824035666501,20.456305547969414,,,,21.48029073092463,19.945147757303836,19.962421156160186,22.53544891005094,22.591447569755232,22.93009739674055,23.18668626237727,,#000000,0.0,0.0,2.260200785682518,22.79353897350591,-0.39924731670837704,0.0,0.0,0.0,0.0,1.0,22.0107836991,21.5921003135,0.0,51.694593945525185,2.704038767391907,True,False,False,False,True,0.0,1,1.002434889468412,0.8704735206644176,False,False,False,False,0.18023375829455074,0.16917061417535137,False,False,False,False,-73051001,-76152550.24872403,False,False,False,False,2335956.2230476234,False,False,False,False
2025-06-24 00:00:00+00:00,22.2300940439,22.5889655172,22.0107836991,22.1802507837,2172123,,,,,22.276614420066664,21.613262935552576,21.545996744351644,21.69077687306069,21.15778513265892,20.49139974685488,,,,21.522742635566303,19.980516591904834,19.99657652088426,22.533535781421307,22.589167883742213,22.925891638512994,23.181125624659792,,"rgba(38, 166, 154, 1.0)",0.0,0.0,2.237115233664114,22.79596202063169,-0.2529453861904427,0.0,0.0,0.0,0.0,1.0,22.2151410658,21.9659247649,0.0,54.764795748595546,1.0436872980194636,True,False,True,False,True,0.0,1,1.0128268413817767,0.8406245028719477,False,False,False,False,0.2775006144183174,0.2233356142968344,False,False,False,False,-70878878,-75945739.57230347,False,False,False,False,2329531.390771246,False,False,False,False
2025-06-25 00:00:00+00:00,22.5690282132,22.6288401254,22.2151410658,22.2998746082,2828934,,,,,22.38657374353077,21.70488570805382,21.61347607114008,21.730873928912903,21.200360570870732,20.53988803022061,,,,21.58430585484161,20.028768808904804,20.04324283589935,22.532939561378974,22.588063946178092,22.92211045029784,23.175519299445117,,"rgba(38, 166, 154, 1.0)",0.0,0.0,2.211891220979354,22.80126783409954,-0.10499595038706887,0.0,0.0,0.0,0.0,0.0,0.0,0.0,0.0,58.076096238934966,4.07596186221496,True,False,True,False,True,0.582331600046011,1,1.0319151442765058,0.8212162211901841,False,False,False,False,0.2892843669567409,0.25630999062678766,False,False,False,False,-68049944,-75636100.53025235,False,False,False,False,2349115.8068194324,False,False,False,False
2025-06-26 00:00:00+00:00,22.8880250784,23.047523511,22.7584326019,22.7684012539,2368093,,,,22.89799373043333,22.550919711660615,21.802814169994868,21.687402458762985,21.779012230814594,21.24521576615269,20.58726673643751,,,,21.652019864907494,20.07456048454175,20.08761088720959,22.535830111609677,22.590468932745722,22.9219438000159,23.173697237035924,,"rgba(38, 166, 154, 1.0)",0.0,0.0,2.1812430423777687,22.810182804554934,0.03568711616849843,0.0,0.0,0.0,0.0,0.0,0.0,0.0,0.0,61.35781862145418,7.001554219055407,True,False,True,False,True,1.799927084440931,0,1.011703640020019,0.8350150953067438,False,False,False,False,0.3428282386708835,0.2995691146488356,False,False,False,False,-65681851,-75245737.80357578,False,False,False,False,2349860.010473572,False,False,False,False
2025-06-27 00:00:00+00:00,22.7185579937,23.1472100313,22.7085893417,23.0076489028,4522823,,,,22.87182220329776,22.667755543673078,21.945826695282904,21.80334184794684,21.857811088812454,21.32269886919312,20.67118685699754,,,,21.760113867502362,20.156897109249503,20.167478136677744,22.54063143472475,22.594377688573303,22.921112432440253,23.16978913314064,,"rgba(38, 166, 154, 1.0)",0.0,0.0,2.142196115577295,22.824139105356636,-0.049286389275420735,0.0,0.0,0.0,0.0,0.0,0.0,0.0,0.0,62.39902243615094,7.8296858758727055,True,False,True,False,True,1.1247376366847668,0,1.0143403474502528,0.8246326677414005,False,False,False,False,0.3428282387538537,0.32119867670134467,False,False,False,False,-70204674,-75048049.02696498,False,False,False,False,2435074.2453569616,False,False,False,False
2025-06-30 00:00:00+00:00,22.5789968652,22.8979937304,22.4494043887,22.79830721,2440858,,,,22.811743380489354,22.663391837859766,21.993280812524215,21.845897098888603,21.887547994833113,21.356041734544576,20.709726553828023,,,,21.800806460878654,20.19594655953352,20.205387985524936,22.54144097352143,22.59475111408307,22.9191649687871,23.166286042569737,,"rgba(38, 166, 154, 1.0)",0.0,0.0,2.10907774485387,22.828239794783862,-0.11817626457441488,0.0,0.0,0.0,0.0,0.0,0.0,0.0,0.0,62.150322942856725,7.8296858758727055,True,False,True,False,True,0.5664641813207609,0,1.007193616408246,0.8235267951371459,False,False,False,False,0.3035125201322853,0.312355598416815,False,False,False,False,-72645532,-74953832.67296636,False,False,False,False,2435301.059264532,False,False,False,False
2025-07-01 00:00:00+00:00,23.057492163,23.4412852665,22.3696551724,22.3696551724,2136538,,,,22.838645145933892,22.701370011015975,22.04748626064301,21.893105281338645,21.92187254876352,21.390669916429072,20.74752917902548,,,,21.84565223744234,20.233394111270986,20.2417856049518,22.544316085432353,22.59720797107372,22.919389551065805,23.165071917465465,,"rgba(38, 166, 154, 1.0)",0.0,0.0,2.076745009409129,22.834576626268916,0.10733890570152692,0.0,0.0,0.0,0.0,0.0,0.0,0.0,0.0,63.798998977890676,9.149589232728864,True,False,True,False,True,2.4284430017623286,0,0.9981788684620446,0.8219877872026512,False,False,False,False,0.3393194918039625,0.32583754511038876,False,False,False,False,-70508994,-74779525.2740265,False,False,False,False,2423584.8608620013,False,False,False,False
2025-07-02 00:00:00+00:00,23.9746081505,23.9945454545,23.0375548589,23.2867711599,3038038,,,,23.012524472404984,22.852051310887845,22.16766056739323,21.994351469723966,21.998181900698253,21.45868413641265,20.815799437547632,,,,21.94102163618694,20.298415835807074,20.30507589696439,22.555294318771004,22.607468640281105,22.92580674474571,23.169177406737536,,"rgba(38, 166, 154, 1.0)",0.0,0.0,2.0327322317892653,22.852588341419114,0.5519761981110782,0.0,0.0,0.0,0.0,0.0,0.0,0.0,0.0,67.42449872821386,12.575511867357974,True,False,True,False,True,5.813366073095544,0,1.0496197539283678,0.7945873868071949,False,False,False,False,0.3428282400778201,0.3343328925941044,False,False,False,False,-67470956,-74492914.71426076,False,False,False,False,2447681.062396825,False,False,False,False
2025-07-03 00:00:00+00:00,23.9247648903,24.4132288401,23.7852037618,24.3434482759,1335804,,,,23.099250662582183,22.928253118357322,22.226785538554697,22.04440548962478,22.036677295898834,21.49214274452875,20.848602911612165,,,,21.98823504665662,20.32930435070752,20.33516790242664,22.561644424214123,22.613478395697406,22.9299894693051,23.172290107224704,,"rgba(38, 166, 154, 1.0)",0.0,0.0,1.9716179712827564,22.86230366058587,0.5388778379935755,0.0,0.0,0.0,0.0,0.0,0.0,0.0,0.0,69.50338051982925,14.4772523699083,True,False,True,False,True,5.604869106610035,0,1.0666392694806892,0.7817594412779093,False,False,False,False,0.3428282380741964,0.3385805653341504,False,False,False,False,-68806760,-74269928.25487798,False,False,False,False,2404078.0403420473,False,False,False,False
2025-07-07 00:00:00+00:00,24.5826959248,24.9714733542,24.0742946708,24.3633855799,6497433,,,,23.519110868827127,23.31195105509987,22.535006352378772,22.310008564857124,22.24709588574261,21.673002126083375,21.02274563044502,,,,22.24005277229808,20.491922235447017,20.49380123062061,22.601991806848567,22.65203259862103,22.958884320959772,23.19568319859949,,"rgba(38, 166, 154, 1.0)",0.0,0.0,1.929477879594084,22.91953102490053,0.8619766608826637,0.0,0.0,0.0,0.0,0.0,0.0,0.0,0.0,72.33565806166804,17.090106670018713,True,False,True,False,True,7.935414903688493,0,1.0453001314373083,0.7951811227804284,False,False,False,False,0.34282823811564944,0.3407044017248999,False,False,False,False,-62309327,-73800885.06841218,False,False,False,False,2564601.7642502026,False,False,False,False
2025-07-08 00:00:00+00:00,24.3135423197,24.7322257053,24.2188401254,24.6225705329,2863913,,,,23.62165484915804,23.417158851787015,22.639536667345975,22.40452236650119,22.324695833587203,21.74299611220576,21.091927757171522,,,,22.330890075250668,20.557652532826697,20.558004471867587,22.61817974981032,22.667482410090095,22.970344047805305,23.204836966146264,,"rgba(38, 166, 154, 1.0)",0.0,0.0,1.8849564173760456,22.94123061219789,0.7280336536440652,0.0,0.0,0.0,0.0,0.0,0.0,0.0,0.0,72.42940448973853,17.16937340542887,True,False,True,False,True,6.788803516959362,0,1.0481951950671304,0.8244600846368884,False,False,False,False,0.33512958614810434,0.3379169939365021,False,False,False,False,-65173240,-73462546.04612151,False,False,False,False,2576339.4597698026,False,False,False,False
2025-07-09 00:00:00+00:00,24.6823824451,24.7122884013,24.2337931034,24.6026332288,1866921,,,,23.685183414988742,23.48268507712877,22.70588630044875,22.46514604492338,22.375124629870886,21.788716117346546,21.137117772068247,,,,22.389344666765925,20.60063770723627,20.600017700844923,22.6292774652431,22.678095768030737,22.97833450013389,23.21131838049875,,"rgba(38, 166, 154, 1.0)",0.0,0.0,1.8457797062089751,22.95572753667228,0.9354609884481148,0.0,0.0,0.0,0.0,0.0,0.0,0.0,0.0,73.35202949766456,18.15116962846666,True,False,True,False,True,8.082486624060714,0,1.0356938629755796,0.8226928195959552,False,False,False,False,0.3347254601200687,0.3363212270282854,False,False,False,False,-63306319,-73064262.63254812,False,False,False,False,2548519.128014124,False,False,False,False
2025-07-10 00:00:00+00:00,25.0213166144,25.2705329154,24.7421943574,24.921630094,2002033,,,25.0113479624,23.776507841449178,23.57250363272723,22.788966711426607,22.540274558914223,22.437866692685695,21.84417767430093,21.190769697475144,,,,22.461603178148266,20.65107260912585,20.649336196394533,22.643916298573387,22.692170892588376,22.989352744592182,23.220620747671255,,"rgba(38, 166, 154, 1.0)",0.0,0.0,1.8448507901546347,23.02389324257185,1.0827018545281513,0.0,0.0,0.0,0.0,0.0,0.0,0.0,0.0,74.68612379991407,19.559648856834045,True,False,True,False,True,9.251737323967575,0,1.0578776294526797,0.8080230571899734,False,False,False,False,0.34282823968315873,0.3395747333557221,False,False,False,False,-61304286,-72603087.07833056,False,False,False,False,2527088.299464551,False,False,False,False
2025-07-11 00:00:00+00:00,24.6026332288,24.7621316614,24.383322884,24.5727272727,2254052,,,24.784330883839157,23.834515902147132,23.635184026569807,22.858905467355036,22.605943049808996,22.493839599593894,21.896231794212227,21.242843567964744,,,,22.52543508743744,20.70104519296382,20.698231160568437,22.657238575530414,22.70492429420765,22.99901619464711,23.228500054616163,,"rgba(38, 166, 154, 1.0)",0.0,0.0,1.8226619218302205,23.029122833438013,0.863303488439562,0.0,0.0,0.0,0.0,0.0,0.0,0.0,0.0,72.8504695731784,19.559648856834045,True,False,True,False,True,7.436098047740536,0,1.0340267801370842,0.805930822015845,False,False,False,False,0.2801810749853069,0.30987790417051453,False,False,False,False,-63558338,-72248391.03604308,False,False,False,False,2516380.993603196,False,False,False,False
2025-07-14 00:00:00+00:00,24.3932915361,24.7721003135,24.2188401254,24.4680564263,1432753,,,24.703002338035226,23.861933657310953,23.666533835330387,22.897661168494302,22.64310395015492,22.525944993971418,21.92685486373482,21.27394826147149,,,,22.561772701697045,20.731182379705864,20.727732702578205,22.6650844726161,22.712423884274465,23.00463215200289,23.233016865940172,,"rgba(38, 166, 154, 0.75)",0.0,0.0,1.814509432823251,23.034647158556208,0.748766775728378,0.0,0.0,0.0,0.0,0.0,0.0,0.0,0.0,70.35995154164809,19.559648856834045,True,False,True,False,False,6.539571698436781,0,1.0360858887017792,0.8064205441673936,False,False,False,False,0.2602682748701774,0.28507308952034593,False,False,False,False,-64991091,-71963791.03462963,False,False,False,False,2473885.7781677763,False,False,False,False
2025-07-15 00:00:00+00:00,24.124137931,24.6823824451,24.0942319749,24.6724137931,1484048,,,24.6196742830853,23.880929592917695,23.690498203048122,22.9319378067027,22.676782492216944,22.555434928193087,21.955844354902833,21.303941722912306,,,,22.59492701253557,20.760566574445267,20.756508576718833,22.672416960235896,22.719415154353317,23.009765361528892,23.237051384390476,,"rgba(38, 166, 154, 0.75)",0.0,0.0,1.8053538090457617,23.03930702943946,0.6008965644988661,0.0,0.0,0.0,0.0,0.0,0.0,0.0,0.0,67.12853620412332,22.404864041806718,True,False,True,False,False,5.392528657869175,0,1.0092409180347992,0.8249501943621429,False,False,False,False,0.24309217646459458,0.26408263299247026,False,False,False,False,-66475139,-71748549.77836965,False,False,False,False,2435068.610396491,False,False,False,False
2025-07-16 00:00:00+00:00,24.1540438871,24.383322884,23.6456426332,24.1540438871,1631359,,,24.516156808747642,23.88911822924276,23.70528513549953,22.961475418473572,22.70703097671517,22.58244864018014,21.983735379971808,21.33365539721481,,,,22.62503061765794,20.79016844210642,20.785510864920102,22.679228233474234,22.725877299664266,23.01432391448437,23.240461227902546,,"rgba(38, 166, 154, 0.75)",0.0,0.0,1.8182471434205387,23.04217027409573,0.6115085163354518,0.0,0.0,0.0,0.0,0.0,0.0,0.0,0.0,65.08877619440128,20.49490152249706,True,False,True,False,False,5.503371190644419,0,0.987101508677901,0.8593637240012904,False,False,False,False,0.18510530857089186,0.22459397078168106,False,False,False,False,-64843780,-71477774.49294339,False,False,False,False,2403550.5864593736,False,False,False,False
2025-07-17 00:00:00+00:00,24.6126018809,24.6973354232,23.9845768025,23.9845768025,1729662,,,24.502256977287633,23.91406602970839,23.734767661902662,23.00114994678482,22.74608080667378,22.616967887309354,22.017643492448673,21.36865374031665,,,,22.66352097581345,20.824469679213777,20.819125795721888,22.68829426000199,22.734543747189306,23.02080982328048,23.24566442844148,,"rgba(38, 166, 154, 0.75)",0.0,0.0,1.849429180326256,23.05214590637035,0.8437500560331671,0.0,0.0,0.0,0.0,0.0,0.0,0.0,0.0,65.3977429200987,20.49490152249706,True,False,True,False,False,7.192788615770198,0,1.0066553215165792,0.83855001668171,False,False,False,False,0.23566569464916684,0.23012983271542395,False,False,False,False,-63114118,-71149787.96380836,False,False,False,False,2377123.58306881,False,False,False,False
2025-07-18 00:00:00+00:00,24.642507837,24.7471786834,24.4032601881,24.7023197492,1834073,,,24.51640284064296,23.945855880692992,23.770379869103692,23.045567601725686,22.789497108262914,22.65541538279925,22.054992255173687,21.406877922605123,,,,22.70625343956639,20.861785700840908,20.855707893090134,22.698712161035797,22.74452801156733,23.028425102662734,23.251898372253944,,"rgba(38, 166, 154, 0.75)",0.0,0.0,1.8830339476400264,23.06500010822349,0.837747896554692,0.0,0.0,0.0,0.0,0.0,0.0,0.0,0.0,65.70711516838603,20.49490152249706,True,False,True,False,False,7.3023063503322305,0,1.0269415672643687,0.832673673611026,False,False,False,False,0.2708657691544109,0.2504978009349174,False,False,False,False,-61280045,-70762739.2201296,False,False,False,False,2355827.481771994,False,False,False,False
2025-07-21 00:00:00+00:00,24.3932915361,24.911661442,24.3534169279,24.8817554859,1713670,,,24.52083098149864,23.971130057988656,23.799430829968532,23.083755825023022,22.82730094796899,22.68921493722954,22.088326344224495,21.44129315810146,,,,22.743601421778646,20.895580380012955,20.888851915782016,22.70811640153384,22.753537113106418,23.035272770164386,23.25747890717141,,"rgba(38, 166, 154, 0.75)",0.0,0.0,1.9105040103485198,23.0760324311779,0.6894825123564137,0.0,0.0,0.0,0.0,0.0,0.0,0.0,0.0,64.2064273791135,19.308695965414486,True,False,True,False,False,6.187269599153119,0,1.0215150152585408,0.8320636907000354,False,False,False,False,0.2756657134494692,0.2630817571921933,False,False,False,False,-62993715,-70458071.60365392,False,False,False,False,2330644.835427994,False,False,False,False
2025-07-22 00:00:00+00:00,24.4531034483,24.5976489028,24.2138557994,24.4231974922,1840435,,,24.509353472934535,23.990411161356164,23.823287033787686,23.119193930730994,22.863182461933597,22.72173484598404,22.12129475504267,21.475901148068242,,,,22.77927484316284,20.929914368091897,20.922540503510483,22.717399510530928,22.762414631809115,23.041928605255567,23.262817245156768,,"rgba(38, 166, 154, 0.75)",0.0,0.0,1.937628070320377,23.085950172863797,0.7055808575327617,0.0,0.0,0.0,0.0,0.0,0.0,0.0,0.0,63.46428431273129,18.40172079343057,True,False,True,False,False,6.414827843905208,0,1.0063593906009767,0.8571249809862574,False,False,False,False,0.2361064800502771,0.2495941186212352,False,False,False,False,-61153280,-70093177.81527534,False,False,False,False,2311420.9203131706,False,False,False,False
2025-07-23 00:00:00+00:00,24.1341065831,24.7322257053,24.0144827586,24.6026332288,3526441,,,24.470233582543038,24.013395242203664,23.85547935687709,23.175924798875783,22.922319872079417,22.776311470124263,22.17855857107921,21.537231978719287,,,,22.83854902534073,20.991524369445674,20.98303240734282,22.73359423062313,22.777871969117225,23.053338665379997,23.271796031183257,,"rgba(38, 166, 154, 0.5)",0.0,0.0,1.9531948140819526,23.10186873666925,0.5284868867092123,0.0,0.0,0.0,0.0,0.0,0.0,0.0,0.0,60.802359980432165,15.710005735469096,False,False,True,False,False,4.975520593981688,0,0.9988871665381336,0.8530124715281867,False,False,False,False,0.23051660232536939,0.24005536047330228,False,False,False,False,-64679721,-69880885.3911469,False,False,False,False,2359068.7665753993,False,False,False,False
2025-07-24 00:00:00+00:00,23.6157366771,23.9447021944,23.316677116,23.7752351097,2996404,,,24.357488840789333,23.989934323867782,23.84285020831456,23.193658283140625,22.946190329743125,22.800652312231996,22.210262601762476,21.575156264448133,,,23.625705329166667,22.863886337167667,21.03189240049853,21.02272098106118,22.7413151367084,22.78508255228273,23.05773795948988,23.274396200003775,,"rgba(38, 166, 154, 0.5)",0.0,0.0,1.927009072448373,23.104000247263592,0.26555994839516633,0.0,0.0,0.0,0.0,0.0,0.0,0.0,0.0,56.10778865664865,11.249637191539897,False,True,True,False,False,2.6978735375028577,0,0.9660174336121207,0.9014605298411575,False,False,False,False,0.10550078803617673,0.1727780742547395,False,False,False,False,-67676125,-69794424.19933723,False,False,False,False,2384062.30514107,False,False,False,False
2025-07-25 00:00:00+00:00,23.7453291536,23.8101253918,23.4363009404,23.7353605016,1373890,,,24.317483107423442,23.981132662102837,23.838451725929666,23.202008587283814,22.95718730414999,22.811848071903377,22.22471947432839,21.59240384080785,,,23.637718408097545,22.875522124348628,21.05025748011194,21.04078416080851,22.74496180253223,22.78849628132077,23.059866757220178,23.27570397473989,,#000000,0.0,0.0,1.90169368406583,23.105646426579696,0.33637527030781283,0.0,0.0,0.0,0.0,0.0,0.0,0.0,0.0,53.71716817275952,9.078046774682257,False,True,False,False,False,3.219369025951366,0,0.9545853391139969,0.9120043161470776,False,False,False,False,0.10426507133941199,0.13852157279707575,False,False,False,False,-66302235,-69657475.60328479,False,False,False,False,2344447.7049394595,False,False,False,False
2025-07-28 00:00:00+00:00,23.6954858934,23.7253918495,23.4662068966,23.7154231975,1524280,,,24.276075464861254,23.970892827816098,23.83289181269588,23.210258551383728,22.968417100710386,22.823439448821297,22.2400452493987,21.61089236543065,,,23.63547120748063,22.88748776508028,21.070067233864684,21.060274908988422,22.74882172242208,22.792103069520692,23.06207573758772,23.277015184427974,,#000000,0.0,0.0,1.847064437061726,23.107374222415654,0.3184034401744551,0.0,0.0,0.0,0.0,0.0,0.0,0.0,0.0,51.84119864475614,7.361598959397625,False,True,False,False,False,2.998575298332959,0,0.9726336290351337,0.9015657905720554,False,False,False,False,0.09973679436782612,0.11912918358245093,False,False,False,False,-67826515,-69585673.22668539,False,False,False,False,2312284.265530069,False,False,False,False
2025-07-29 00:00:00+00:00,23.6456426332,23.7752351097,23.4313166144,23.7752351097,3555528,,,24.195035432586373,23.948436481725743,23.820325099077184,23.22781527214341,22.99277084485962,22.84886776489233,22.274237458756353,21.652499782487137,,,23.62867134735385,22.913559019848453,21.11490851155488,21.104416896245056,22.75757841585987,22.8002818701516,23.067058003432194,23.279936393179263,,#000000,0.0,0.0,1.835169660181453,23.111788988370513,0.2909015206674151,0.0,0.0,0.0,0.0,0.0,0.0,0.0,0.0,50.291176314480026,5.898179670625822,False,True,False,False,False,2.7745567943832405,0,0.987868522062697,0.882458704067764,False,False,False,False,0.10097136701176432,0.11005027529710762,False,False,False,False,-71382043,-69656119.10014871,False,False,False,False,2361038.921783792,False,False,False,False
2025-07-30 00:00:00+00:00,23.0774294671,23.7054545455,23.0176175549,23.595799373,2209754,,,24.129101526186602,23.922547772242044,23.800966406469712,23.228833688635586,22.999016981875748,22.857024961148554,22.28931897987886,21.673039873099587,,,23.560096585861302,22.921231036064636,21.13819661380448,21.1273701875438,22.76074940636016,22.80313783969702,23.068165773547204,23.279866877979746,,"rgba(239, 83, 80, 1.0)",0.0,0.0,1.781201268050136,23.111060018061117,-0.01888082585856918,0.0,0.0,0.0,0.0,0.0,0.0,0.0,0.0,46.27285032199909,2.1191050853366917,False,True,False,True,False,0.2601189843034959,0,0.9766223293965164,0.8917649771004008,False,False,False,False,0.061187346843501744,0.08561881107030468,False,False,False,False,-73591797,-69810459.4099468,False,False,False,False,2355106.179753055,False,False,False,False
2025-07-31 00:00:00+00:00,23.5260188088,24.0742946708,22.5590595611,22.5590595611,3254492,,,24.05876606892816,23.894147848133766,23.780660415775824,23.23466859311944,23.011599494099364,22.871817503751487,22.31333284016832,21.704557138711795,,,23.522206466276124,22.93564978570665,21.173468242937744,21.16214309610217,22.766435393124624,22.80834980713108,23.070744107601318,23.280693302256726,23.386457680233335,"rgba(239, 83, 80, 1.0)",0.0,0.0,1.7347732047791748,23.087968497591554,0.25251157327173906,0.0,0.0,0.0,0.0,0.0,0.0,0.0,0.0,46.50667623678575,2.1191050853366917,False,True,False,True,False,2.1572667958488623,0,0.9601174111534367,0.885338824589929,False,False,False,False,0.05382970104494807,0.06972425605762637,False,False,False,False,-70337305,-69831120.02132143,False,False,False,False,2390376.211919602,False,False,False,False
2025-08-01 00:00:00+00:00,23.0973667712,23.595799373,22.6587460815,22.9677742947,3607339,,,23.969322995040926,23.85106187761738,23.746495746648456,23.23004277860643,23.01527232723507,22.879191750664116,22.332375787855,21.73278563529646,,,23.443346468998236,22.94168292815957,21.20669247402941,21.194941077452654,22.769934278777992,22.811379599851424,23.07115843912276,23.27930112609618,23.244960710065012,"rgba(239, 83, 80, 1.0)",0.0,0.0,1.6973841227456024,23.078854586390786,0.01090630256354118,0.0,0.0,0.0,0.0,0.0,0.0,0.0,0.0,44.635517319188054,0.5140332563446748,False,True,False,True,False,0.29373220640682973,0,0.9555023751249108,0.9035897263135461,False,False,False,False,0.02281876579373937,0.04627151092568287,False,False,False,False,-73944644,-69992434.68715197,False,False,False,False,2438100.2428247156,False,False,False,False
2025-08-04 00:00:00+00:00,23.2668338558,23.4313166144,22.8780564263,23.1870846395,1577951,,,23.938310966943536,23.835452742048552,23.73428040642461,23.229399175132073,23.017919222650207,22.88324964702233,22.341191697709668,21.7454298001395,,,23.423619567054903,22.945268435094672,21.221426106596454,21.20948902934275,22.77176765857066,22.81300566154182,23.07162727270433,23.278977205706358,23.235071760181224,"rgba(239, 83, 80, 1.0)",0.0,0.0,1.655266712064,23.078200208271316,0.11395966955287423,0.0,0.0,0.0,0.0,0.0,0.0,0.0,0.0,44.438167496773644,0.17610439033443015,False,True,False,True,False,1.0146089041270372,0,0.9910520697144953,0.89807267694139,False,False,False,False,0.02730306984585628,0.036787290385769576,False,False,False,False,-72366693,-70085542.85628326,False,False,False,False,2404368.8999688444,False,False,False,False
2025-08-05 00:00:00+00:00,23.4961128527,23.590815047,23.1472100313,23.5060815047,1512457,,,23.918901580208697,23.826038636356294,23.72760243560511,23.232308211779657,23.02348550391351,22.889734371595523,22.351608279482605,21.759151564654715,,,23.422762969767117,22.95157944444218,21.2368933560544,21.22475623061236,22.774419228834056,22.815445459432855,23.072885314566303,23.2794467786622,23.261865488545304,"rgba(239, 83, 80, 1.0)",0.0,0.0,1.6074531477893594,23.080879617994874,0.25831747275258016,0.0,0.0,0.0,0.0,0.0,0.0,0.0,0.0,45.67735988881964,0.17610439033443015,False,True,False,True,False,1.987256358574239,0,1.0034315660476414,0.8836514470506383,False,False,False,False,0.06241424320074418,0.04960076679325688,False,False,False,False,-70854236,-70115687.68544863,False,False,False,False,2369391.9627151643,False,False,False,False
2025-08-06 00:00:00+00:00,23.0973667712,23.595799373,22.9278996865,23.3964263323,1593691,,,23.892303655712816,23.81188983592778,23.71649991738567,23.23188934425988,23.02618126668071,22.89378705046871,22.360292504168065,21.771609495586162,,,23.407946641986346,22.955172563089523,21.25144706843829,21.239133792677233,22.776300728391462,22.817120622856553,23.073406641669216,23.279177130893846,23.254295404191723,"rgba(239, 83, 80, 1.0)",0.0,0.0,1.561767187512336,23.08059271020273,0.010740436302794705,0.0,0.0,0.0,0.0,0.0,0.0,0.0,0.0,44.52490895675719,-0.05674610642937239,False,True,False,True,False,0.23208841623693033,0,1.0045641627591184,0.8784063380762608,False,False,False,False,0.04484484325148383,0.047222805022370355,False,False,False,False,-72447927,-70207148.05072516,False,False,False,False,2338972.3171184915,False,False,False,False
2025-08-07 00:00:00+00:00,23.595799373,23.9147962382,23.4014106583,23.5260188088,1530725,,,23.883470659878405,23.80814002067189,23.714910819452026,23.238239182141644,23.03468322879472,22.902798523838563,22.372624663765517,21.786902144596816,,,23.42214149517612,22.964266067395844,21.268256452801907,21.255725347866303,22.779882666981226,22.82047707443668,23.07550394881331,23.28045335545059,23.299133241776747,"rgba(239, 83, 80, 1.0)",0.0,0.0,1.4843295634510094,23.085692185257095,0.3436616775030229,0.0,0.0,0.0,0.0,0.0,0.0,0.0,0.0,46.54780956703215,-0.05674610642937239,False,True,False,True,False,2.344848509983265,0,0.9964201058976033,0.8792034172136288,False,False,False,False,0.1100345260302652,0.07862866552631778,False,False,False,False,-70917202,-70234993.3036379,False,False,False,False,2307276.3438981585,False,False,False,False
2025-08-08 00:00:00+00:00,23.8250783699,23.8948589342,23.5260188088,23.7453291536,1373133,,,23.879407197732778,23.80701532705621,23.715507642719146,23.24531061840566,23.04348311366064,22.911895584191537,22.384442289211925,21.801221133777005,,,23.439313020023256,22.97353491973115,21.2838341036323,21.271101207467353,22.78348443427246,22.82387181622862,23.077742243875782,23.28194515927849,23.341850068674894,#000000,0.0,0.0,1.4348364000078164,23.09099391837741,0.5116154367972489,0.0,0.0,0.0,0.0,0.0,0.0,0.0,0.0,49.02156864565873,-0.05674610642937239,False,True,False,False,True,3.295914372211225,0,1.009846818064304,0.8772598862181635,False,False,False,False,0.11870253035450626,0.09866559794041202,False,False,False,False,-69544069,-70207898.23290701,False,False,False,False,2270643.271588427,False,False,False,False
2025-08-11 00:00:00+00:00,23.7054545455,24.1154652038,23.6506269592,23.8649529781,1524558,,,23.877608197408172,23.80736141839509,23.717594361077957,23.254074973154115,23.054017870394826,22.92265663597585,22.398037829697202,21.817480765040248,,,23.460527573511182,22.984546407662986,21.301422685870715,21.288463426962288,22.787761275075848,22.827916069025807,23.08048658824219,23.283855458349432,23.38785102411976,#000000,0.0,0.0,1.3905767928697121,23.097229166600492,0.43739071586569683,0.0,0.0,0.0,0.0,0.0,0.0,0.0,0.0,49.9919778969854,-5.247149652335295,False,True,False,False,True,2.754045121404978,0,1.0122087922501213,0.8685263229938557,False,False,False,False,0.14742399904468564,0.12304479849254883,False,False,False,False,-71068627,-70241652.30220477,False,False,False,False,2241385.0256437827,False,False,False,False
2025-08-12 00:00:00+00:00,24.7023197492,24.7222570533,23.8749216301,23.9646394984,994480,,,23.889099947655517,23.815643120585833,23.726473132052185,23.26561260695634,23.06605662876655,22.93419455843509,22.410499874778615,21.83112536876352,,,23.494314305494814,22.99668085417005,21.315505050728593,21.302353563730662,22.792161748677536,22.832139825002862,23.083724343012097,23.2864922222925,23.449113069037743,"rgba(38, 166, 154, 0.5)",0.0,0.0,1.3942365971965054,23.10522985741176,1.1454941686365334,0.0,0.0,0.0,0.0,0.0,0.0,0.0,0.0,54.75640522431968,-0.6835241681054995,False,True,True,False,True,6.7694291732852,1,1.0293492086044294,0.8417387566266799,False,False,False,False,0.21767011282685264,0.17035745565970073,False,False,False,False,-70074147,-70235083.46682419,False,False,False,False,2192486.7893440267,False,False,False,False
2025-08-13 00:00:00+00:00,25.4200626959,25.4250470219,24.7721003135,24.8219435737,967510,,25.205736677100003,23.915073370565292,23.833312790963273,23.744116985475355,23.28390807084881,23.084074619390414,22.95095050337901,22.427053607750395,21.848164997356808,,,23.550261309040128,23.014537783611193,21.33244954127142,21.31905543988153,22.79842526661204,22.838200376921275,23.088654334671933,23.290766426300323,23.5438677004762,"rgba(38, 166, 154, 0.5)",0.0,0.0,1.4055116197547939,23.11764491806748,1.6381350004308046,0.0,0.0,0.0,0.0,0.0,0.0,0.0,0.0,59.945945978325646,4.085218281811443,False,False,True,False,True,9.446239417149084,0,1.0668497865379971,0.8075586590337531,False,False,False,False,0.34282823566494086,0.25659284566232077,False,False,False,False,-69106637,-70190830.66420364,False,False,False,False,2144448.483879555,False,False,False,False
2025-08-14 00:00:00+00:00,25.1409404389,25.2705329154,24.8717868339,24.9814420063,1470526,,25.138594938562033,23.949404788896107,23.857215286764873,23.7681602667063,23.309491108010107,23.109479795318382,22.97471565983608,22.450848603914892,21.872888839205782,,,23.623353213870033,23.03978147012378,21.35719070098719,21.34344954972991,22.80744587951474,22.84692248964554,23.095712062017668,23.29685096686443,23.661358491262497,"rgba(38, 166, 154, 1.0)",0.0,0.0,1.4018940623461882,23.13435272983236,1.431340472124865,0.0,0.0,0.0,0.0,0.0,0.0,0.0,0.0,61.824223320638964,5.677549459328894,True,False,True,False,True,8.151717921577916,0,1.0583032431145776,0.8181336336829507,False,False,False,False,0.3376966846710032,0.297144765166662,False,False,False,False,-70577163,-70205980.95188195,False,False,False,False,2118020.151178396,False,False,False,False
2025-08-15 00:00:00+00:00,24.8618181818,25.3702194357,24.7322257053,25.180815047,1789318,,25.074889562054018,23.984937715488957,23.882708085895196,23.79403062336173,23.33786430533712,23.137929336114514,23.001516130003324,22.478093832161647,21.901492905095147,,,23.697675755826697,23.068135788713136,21.38601587023165,21.37188068422557,22.817820998649587,22.85694709428288,23.103779792499324,23.30376473580683,23.773357001711382,"rgba(38, 166, 154, 1.0)",0.0,0.0,1.3936708952398074,23.15211781995287,1.2267604695532826,0.0,0.0,0.0,0.0,0.0,0.0,0.0,0.0,61.56626807738783,5.677549459328894,True,False,True,False,True,6.87105956544351,0,1.0416912874970077,0.820924430440173,False,False,False,False,0.3339753966267152,0.31556008089668863,False,False,False,False,-72366481,-70290706.443965,False,False,False,False,2105129.8707400276,False,False,False,False
2025-08-18 00:00:00+00:00,24.9315987461,25.175830721,24.6724137931,24.7322257053,2265358,,25.023155205270264,24.02402948722197,23.911674422101044,23.82364357772029,23.371151027443283,23.1715785109487,23.033421410676166,22.51093493014911,21.936255692117303,,,23.776943282467165,23.101759042926027,21.42124814188888,21.406644546775464,22.8304475256578,22.869142612703264,23.113565738047438,23.31212069124916,23.884711206995387,"rgba(38, 166, 154, 1.0)",0.0,0.0,1.3881373811283257,23.17216605626621,1.2674773504072507,0.0,0.0,0.0,0.0,0.0,0.0,0.0,0.0,61.636347181512576,5.677549459328894,True,False,True,False,True,7.137686888966446,0,1.0470594429819116,0.8267323963151884,False,False,False,False,0.3104558223501419,0.31300795162341527,False,False,False,False,-70101123,-70283271.79910363,False,False,False,False,2111413.3267894383,False,False,False,False
2025-08-19 00:00:00+00:00,24.8917241379,25.2356426332,24.8219435737,24.921630094,1810213,,25.014423076387878,24.054822748249656,23.934915906534357,23.847372589627618,23.397694009285445,23.198407092098904,23.058904522741827,22.53715023361103,21.96397903575947,,,23.836063558825906,23.128569839378475,21.44934730403784,21.43437687438529,22.84069800963595,22.87904977715287,23.121551631092228,23.31896767679815,23.963388933530776,"rgba(38, 166, 154, 1.0)",0.0,0.0,1.3843566564235013,23.18776250946063,1.2308689531219295,0.0,0.0,0.0,0.0,0.0,0.0,0.0,0.0,61.444550028148385,5.677549459328894,True,False,True,False,True,6.950678345726757,0,1.048117961506441,0.8304336219343273,False,False,False,False,0.3297995783071175,0.32140376496526635,False,False,False,False,-71911336,-70347117.45404075,False,False,False,False,2099601.549268284,False,False,False,False
2025-08-20 00:00:00+00:00,24.9714733542,25.0312852665,24.6126018809,24.7322257053,1260114,,24.995628012798953,24.072682975007243,23.948852335081046,23.8617617760017,23.414399249073092,23.21548260106018,23.07525027417218,22.554257562436018,21.982281037041794,,,23.870236656157775,23.145693079526488,21.468039253587495,21.452831560370342,22.847408304933236,22.885529673633634,23.12674054384767,23.323384311396236,24.00653271222043,"rgba(38, 166, 154, 1.0)",0.0,0.0,1.3886500076279749,23.19737532339122,1.2775703172602928,0.0,0.0,0.0,0.0,0.0,0.0,0.0,0.0,61.63921887092705,6.13434944135718,True,False,True,False,True,7.265404936284195,0,1.0338172739920481,0.8547846469583026,False,False,False,False,0.2917874649191583,0.3065956149422123,False,False,False,False,-70651222,-70359043.12250975,False,False,False,False,2066680.4689048217,False,False,False,False
2025-08-21 00:00:00+00:00,24.911661442,24.9914106583,24.7222570533,24.7920376176,1099193,,24.983203516111818,24.08769881204559,23.96071735408342,23.874027536427803,23.428697538020916,23.230124762736615,23.089295722887666,22.56899789874886,21.998076844312887,,,23.89834873915282,23.160385484796112,21.484193992017417,21.46878394552509,22.853235117520665,22.89115714733,23.13125032571543,23.32722468440191,24.041085633232985,"rgba(38, 166, 154, 1.0)",0.0,0.0,1.3860053980414777,23.205532060996074,1.2309687851250837,0.0,0.0,0.0,0.0,0.0,0.0,0.0,0.0,61.353640573019035,6.196622399246415,True,False,True,False,True,6.97525159072292,0,1.0329537548935133,0.8562017968119136,False,False,False,False,0.2981392143595485,0.3023674146508804,False,False,False,False,-71750415,-70413606.72554858,False,False,False,False,2028739.7838497309,False,False,False,False
2025-08-22 00:00:00+00:00,25.8287774295,26.1278369906,24.8967084639,25.0213166144,1418795,,25.05772746575283,24.12378470193856,23.987669782446126,23.90085207161697,23.456010814354634,23.257008722340967,23.114510167024914,22.593788403686997,22.023409861341218,,,23.95827332326211,23.187040343740335,21.50933837757685,21.493597744817087,22.863451275802,22.90107549308846,23.1395015272599,23.334518567332047,24.11809111719873,"rgba(38, 166, 154, 1.0)",0.0,0.0,1.3985538443340875,23.22136001336572,1.8643668434344651,0.0,0.0,0.0,0.0,0.0,0.0,0.0,0.0,64.47162869990424,9.43959205913297,True,False,True,False,True,10.532868577722319,0,1.04602928307816,0.8189991965211842,False,False,False,False,0.34282823744253943,0.32259782604670995,False,False,False,False,-70331620,-70410391.5598408,False,False,False,False,2004820.3805615061,False,False,False,False
2025-08-25 00:00:00+00:00,25.5895297806,25.7988714734,25.5197492163,25.7789341693,968633,,25.100654441870585,24.147748472245038,24.00577323715797,23.91888640590454,23.47442417133063,23.275157132041937,23.13156112821695,22.610583857017232,22.040589294117936,,,23.99726599738451,23.20504266143657,21.526405430655704,21.510443028175757,22.87042873340548,22.907850828371483,23.14514467480307,23.339511233268638,24.1670724421854,"rgba(38, 166, 154, 1.0)",0.0,0.0,1.4061363762932528,23.23193384165126,1.6766481393246162,0.0,0.0,0.0,0.0,0.0,0.0,0.0,0.0,64.95451944876561,10.108813439083796,True,False,True,False,True,9.358462632739627,0,1.080088129628436,0.8133456244107147,False,False,False,False,0.34282823799579804,0.332713032021254,False,False,False,False,-71300253,-70445288.08690587,False,False,False,False,1964185.5813238001,False,False,False,False
2025-08-26 00:00:00+00:00,25.5895297806,25.8138244514,25.449968652,25.5596238245,1342556,,25.14889318155393,24.17934139981945,24.029943501153458,23.943011965108372,23.49922579996328,23.299667127329105,23.154646827914533,22.63341978754011,22.064012458530627,,,24.047837306648347,23.22937689294164,21.54972463864403,21.53346342111422,22.87997831608063,22.917123801820352,23.152867124578936,23.346340730853257,24.229176516286632,"rgba(38, 166, 154, 1.0)",0.0,0.0,1.4188268728520754,23.246061941055395,1.651694004663056,0.0,0.0,0.0,0.0,0.0,0.0,0.0,0.0,65.27644661467319,10.667912557469037,True,False,True,False,True,9.358462632739627,0,1.0948249373039933,0.8098545246729355,False,False,False,False,0.3381450468122678,0.33542903941676094,False,False,False,False,-71300253,-70478816.12271348,False,False,False,False,1939807.950683651,False,False,False,False
2025-08-27 00:00:00+00:00,25.6692789969,25.8636677116,25.4001253918,25.5396865204,1132970,,25.185050304432878,24.20543820271766,24.050115837010942,23.96315929749309,23.519970477718523,23.320187993191045,23.174004347167042,22.652591959606223,22.083687780200126,,,24.088803351401484,23.249757986537794,21.56932491668582,21.55281542795112,22.888063364870174,22.92497648418974,23.15941647290235,23.352139379619413,24.278519682903557,"rgba(38, 166, 154, 1.0)",0.0,0.0,1.427898348151563,23.257806156289895,1.6888266897512667,0.0,0.0,0.0,0.0,0.0,0.0,0.0,0.0,65.79303406270517,11.434168631196847,True,False,True,False,True,9.669796101943554,0,1.0917208628384834,0.8172229182541567,False,False,False,False,0.33810431531260093,0.3367666773646809,False,False,False,False,-70167283,-70466599.13750903,False,False,False,False,1908167.2467352725,False,False,False,False
2025-08-28 00:00:00+00:00,25.8287774295,25.8935736677,25.4898432602,25.8586833856,1881188,,25.24474510823525,24.249447777686267,24.08441035781888,23.99737255901334,23.555013205055435,23.354811628951325,23.206675107797743,22.684865283728158,22.11672474293017,,,24.156171938808434,23.2841352837533,21.602191779580586,21.58526988019725,22.901833505933215,22.938358407830687,23.170619646762724,23.36209130564618,24.358357025164672,"rgba(38, 166, 154, 1.0)",0.0,0.0,1.459068535036818,23.2775523517525,1.7485299809327477,0.0,0.0,0.0,0.0,0.0,0.0,0.0,0.0,66.74837056354596,12.604354342353787,True,False,True,False,True,10.296094759203413,0,1.0891607639696756,0.8144000423496506,False,False,False,False,0.3428282370660254,0.33979745721535315,False,False,False,False,-68286095,-70381089.17133221,False,False,False,False,1907109.2370593795,False,False,False,False
2025-08-29 00:00:00+00:00,25.6393730408,25.9085266458,25.5297178683,25.8487147335,1631443,,25.283118757479013,24.284526679538242,24.11226572857487,24.0252550595764,23.583912539287088,23.38349500150392,23.233851202326687,22.711908830277174,22.144546745734573,,,24.20875594732087,23.312657238984663,21.629973746510895,21.612711117899757,22.913480993610776,22.94967672482048,23.180088524340448,23.370493295385124,24.41880815206739,"rgba(38, 166, 154, 1.0)",0.0,0.0,1.4838551530210142,23.293724375453586,1.580780078548,0.0,0.0,0.0,0.0,0.0,0.0,0.0,0.0,65.84474111167812,12.604354342353787,True,False,True,False,True,9.316631259937253,0,1.0899396972555104,0.8209503074900791,False,False,False,False,0.3428282371767231,0.34131284719603816,False,False,False,False,-69917538,-70362910.69402507,False,False,False,False,1896298.7963903842,False,False,False,False
2025-09-02 00:00:00+00:00,25.44,25.51,24.97,25.19,1269249,,25.284590568334828,24.303498148863522,24.12814752670195,24.041445574987478,23.601844608926722,23.401679581653593,23.251332235172594,22.729933910302158,22.16357266767084,,25.306666666666665,24.237232513830467,23.33086133219555,21.649299935832417,21.631812533178582,22.921226710833945,22.957188382196964,23.18628231881253,23.375908881576358,24.4490398506622,"rgba(38, 166, 154, 0.75)",0.0,0.0,1.4990523000719531,23.303636800195616,1.42514253819019,0.0,0.0,0.0,0.0,0.0,0.0,0.0,0.0,63.69892151726158,12.604354342353787,True,False,True,False,False,8.289327720706801,0,1.0677319017802598,0.8271661237828705,False,False,False,False,0.25906867181494897,0.30019075950549357,False,False,False,False,-71186787,-70395219.56876919,False,False,False,False,1871708.6082966435,False,False,False,False
2025-09-03 00:00:00+00:00,25.13,25.535,24.98,25.4,1615270,,25.279463032778658,24.32453145152454,24.14623304053256,24.06001702865716,23.62293411705013,23.423240303033026,23.272183695944932,22.751710711419783,22.186760274290897,,25.255335260402166,24.26847537598974,23.352500290699066,21.672993832010178,21.65523826188825,22.930635828094278,22.966308620653894,23.19377416035641,23.382432065289496,24.480852539890172,"rgba(38, 166, 154, 0.5)",0.0,0.0,1.505458479171233,23.315263542439954,1.2054377338650162,0.0,0.0,0.0,0.0,0.0,0.0,0.0,0.0,60.08898848148296,14.131128065609303,False,False,True,False,False,6.709794225376733,0,1.0698287336034007,0.8375960337341898,False,False,False,False,0.24572444062938004,0.2729576000674368,False,False,False,False,-72802057,-70489605.35038608,False,False,False,False,1861652.1922850104,False,False,False,False
2025-09-04 00:00:00+00:00,25.7,25.72,24.44,25.15,4546806,,25.280700455804453,24.38321497082521,24.197261334414367,24.112328523260103,23.681986841190966,23.483588538767698,23.330649566278346,22.812735330967776,22.25167916586546,,25.27450516967028,24.352498989510263,23.413070730156,21.739345745211477,21.720859249215767,22.957529784691065,22.992395642837717,23.215306140072837,23.401256567002957,24.565199959330055,"rgba(38, 166, 154, 0.5)",0.0,0.0,1.5234849835017348,23.42067372226024,1.496126514158821,0.0,0.0,0.0,0.0,0.0,0.0,0.0,0.0,60.54273643299267,14.131128065609303,False,False,True,False,False,9.0561865413165,0,1.0289036361637578,0.8558875342951211,False,False,False,False,0.2048838280005249,0.23892071403398085,False,False,False,False,-68255251,-70401983.61115526,False,False,False,False,1966952.341607167,False,False,False,False
2025-09-05 00:00:00+00:00,26.21,26.22,25.79,25.85,3079928,26.073333333333334,25.36331734334852,24.450272712122597,24.252450912831605,24.167386656105403,23.738132325502118,23.539181413105013,23.383529818145973,22.865052137704712,22.305134429395785,,25.508571767482586,24.44359989486842,23.468330520351874,21.792588207189556,21.773491494219858,22.981437207577795,23.015681470492186,23.235085918830233,23.419030667025492,24.665052760203235,"rgba(38, 166, 154, 1.0)",0.0,0.0,1.5521095803461094,23.467394434346726,1.7670179994905342,0.0,0.0,0.0,0.0,1.0,25.94,25.72,923.0,62.7979588561272,14.131128065609303,True,False,True,False,True,11.061910249544937,1,1.063013597539979,0.8430933078321491,False,False,False,False,0.34282823218211034,0.2908744731080456,False,False,False,False,-65175323,-70197016.52836485,False,False,False,False,2010598.4458578662,False,False,False,False
2025-09-08 00:00:00+00:00,26.27,26.3,25.94,26.2,2205781,26.11367333250216,25.41935178284475,24.49778923398484,24.292016817598675,24.20686106936107,23.778347707013253,23.579014952250937,23.421482124430053,22.902598537182165,22.343466863431317,,25.623297090081433,24.50666444841644,23.507933283223583,21.830765524884665,21.811240062043876,22.998863279019492,23.032663581754175,23.249561133727987,23.432073809928056,24.73318357938476,"rgba(38, 166, 154, 1.0)",0.0,0.0,1.5768994453255876,23.495847300294734,1.7592451490351542,0.0,0.0,0.0,0.0,0.0,0.0,0.0,0.0,64.51161062360542,10.25180969192835,True,False,True,False,True,11.294520493764399,1,1.0566237937721168,0.851236214950765,False,False,False,False,0.3428282329240152,0.3168513530160304,False,False,False,False,-62969542,-69913586.15470348,False,False,False,False,2018252.6636673617,False,False,False,False
2025-09-09 00:00:00+00:00,25.74,26.23,25.74,26.17,1093442,26.077619226027622,25.435462384224536,24.51678053996489,24.30833114800087,24.223277384573024,23.79562580607519,23.596330628477734,23.43812661375745,22.91940304190736,22.36088369089179,,25.645468910219556,24.53150588570026,23.52521394153281,21.84829690589223,21.8285831691979,23.006710751263334,23.0403044940968,23.25603354510955,23.437868479539745,24.75886733856114,"rgba(38, 166, 154, 0.5)",0.0,0.0,1.5749948667839955,23.506218087011003,1.418278852902033,0.0,0.0,0.0,0.0,0.0,0.0,0.0,0.0,62.07989197160681,10.25180969192835,False,False,True,False,False,8.55459922074061,1,1.0502882614722444,0.8558834957865602,False,False,False,False,0.3140821077954442,0.3154667304057373,False,False,False,False,-64062984,-69684150.77608767,False,False,False,False,1981985.5788176614,False,False,False,False
2025-09-10 00:00:00+00:00,25.82,25.975,25.7325,25.74,1634273,26.029668561882325,25.454753598963205,24.54302319318618,24.33120122254797,24.246362291657366,23.820201963335446,23.62106530554462,23.461987907110835,22.94366636319828,22.38615809312616,,25.666317587669006,24.565454228540176,23.54993306728665,21.87383106324845,21.853849155631313,23.018116280414066,23.05140812383171,23.265427704597787,23.446266333987438,24.79328723531549,"rgba(38, 166, 154, 0.5)",0.0,0.0,1.5765256803559535,23.520387474582325,1.4586584627650725,0.0,0.0,0.0,0.0,0.0,0.0,0.0,0.0,60.82291610123838,10.25180969192835,False,False,True,False,False,8.877961339121256,0,1.0588449746161408,0.8551025252349927,False,False,False,False,0.28262640538293776,0.29904656789433753,False,False,False,False,-62428711,-69399623.72604501,False,False,False,False,1968349.7914130474,False,False,False,False
2025-09-11 00:00:00+00:00,26.36,26.445,25.78,25.84,1292068,26.05262483980786,25.4814889860225,24.56847840463909,24.35291151490637,24.26808158356984,23.842532910708233,23.643280871307187,23.48326440645644,22.964864055975784,22.407893524572035,,25.707131419064527,24.598146395288833,23.572054006967207,21.89556127286225,21.875346142998062,23.028186171765405,23.06122549130727,23.273815943008984,23.4538349375928,24.827625297483586,"rgba(38, 166, 154, 0.5)",0.0,0.0,1.5832175657136272,23.534750538626724,1.7844985569622633,0.0,0.0,0.0,0.0,1.0,26.11,25.975,933.0,62.19988459658636,10.25180969192835,False,False,True,False,False,11.02247753800761,0,1.0638478140770136,0.8555781263618119,False,False,False,False,0.3409732200963212,0.32000989399532936,False,False,False,False,-61136643,-69075585.26620011,False,False,False,False,1941828.9368478297,False,False,False,False
2025-09-12 00:00:00+00:00,26.32,26.46,26.11,26.2,1009889,26.076516846945996,25.503869022668024,24.589044545527155,24.37044871857289,24.285601377805396,23.860438421389553,23.661060742085773,23.500279883637557,22.981756291130644,22.42516157959561,,25.740679344052165,24.62436918835243,23.58974818342139,21.91279221599848,21.892392647091032,23.03626378407835,23.06910377968535,23.280565894698366,23.45993998251211,24.8552248563368,"rgba(38, 166, 154, 0.75)",0.0,0.0,1.598573687818262,23.54633936915146,1.7350846269927285,0.0,0.0,0.0,0.0,0.0,0.0,0.0,0.0,62.84028782060962,10.25180969192835,True,False,True,False,False,10.81211333011699,0,1.0537454387183196,0.8707951946144152,False,False,False,False,0.34282823095999326,0.3314190624776613,False,False,False,False,-62146532,-68803857.68713345,False,False,False,False,1905282.272657719,False,False,False,False
2025-09-15 00:00:00+00:00,26.77,27.0,26.32,26.35,1848386,26.170753792184605,25.56093825517133,24.63397239658754,24.40823856175508,24.32312048440619,23.897813968104046,23.69783963447133,23.53527517468236,23.01591203516845,22.459597791183647,,25.83085669985627,24.681317077776445,23.626243974307318,21.94682873213479,21.926057459405435,23.05274635704412,23.085199154944704,23.294470617264576,23.47261238864736,24.91644048678482,"rgba(38, 166, 154, 1.0)",0.0,0.0,1.6104839920906227,23.571787067453105,1.9858706750603516,0.0,0.0,0.0,0.0,0.0,0.0,0.0,0.0,64.90482597166654,10.379153958659394,True,False,True,False,True,12.564845431298341,0,1.0355262108956251,0.8669317934905872,False,False,False,False,0.3428282334497905,0.3371236479637259,False,False,False,False,-60298146,-68470300.36606939,False,False,False,False,1903051.046278985,False,False,False,False
2025-09-16 00:00:00+00:00,26.51,26.95,26.255,26.88,1872045,26.224226077372652,25.607651777401173,24.67492252455834,24.44325753549179,24.358008612420974,23.93303073335088,23.73267663345113,23.56857504024539,23.048717440443294,22.492901055355897,,25.895459147509982,24.73250517811206,23.66087360542357,21.97991647891237,21.958794802658133,23.06872180457859,23.10079640913786,23.307925224184334,23.48485255009391,24.970354774202782,"rgba(38, 166, 154, 1.0)",0.0,0.0,1.6205354628843873,23.594569440217903,1.7990538476664562,0.0,0.0,0.0,0.0,0.0,0.0,0.0,0.0,64.43894667475344,10.379153958659394,True,False,True,False,True,11.177479549167828,1,1.0289736394948295,0.8911874950646297,False,False,False,False,0.3308202028000462,0.333971925381886,False,False,False,False,-62170191,-68223237.2536745,False,False,False,False,1901835.1228954955,False,False,False,False
2025-09-17 00:00:00+00:00,26.35,27.02,26.125,26.76,1806113,26.255476615320845,25.64567189013029,24.711357404702575,24.474857572278054,24.389575459552056,23.96521884048102,23.764647713872815,23.599249304334595,23.079151817337898,22.523955531324464,,25.94224500270339,24.777462839111273,23.692697995893532,22.010890545947085,21.989449598605965,23.083677930689078,23.11539748723423,23.320512352346288,23.496291950789885,25.01690853467207,"rgba(38, 166, 154, 1.0)",0.0,0.0,1.6151758520646409,23.61473931172601,1.6934754718983533,0.0,0.0,0.0,0.0,0.0,0.0,0.0,0.0,63.0401187676739,10.379153958659394,True,False,True,False,True,10.328541292471318,1,1.019355201259218,0.8821711807198657,False,False,False,False,0.3245916976730708,0.3292818115274784,False,False,False,False,-63976304,-68056690.85156962,False,False,False,False,1898081.3141544957,False,False,False,False
2025-09-18 00:00:00+00:00,26.99,27.045,26.34,26.61,2670265,26.33281860065359,25.713702550982397,24.771050765584857,24.526356346469793,24.440835901927805,24.016697175772627,23.815513270246054,23.64791247325043,23.126953491674293,22.572320335210783,,26.02967266774889,24.850529772417215,23.74324722714809,22.058857307115137,22.036920069954384,23.107431614054097,23.13860811126999,23.340642080588598,23.514683507916253,25.09340671766832,"rgba(38, 166, 154, 1.0)",0.0,0.0,1.617722725553646,23.79383130139555,1.9757209613968916,0.0,0.0,0.0,0.0,0.0,0.0,0.0,0.0,64.55221466846908,10.379153958659394,True,False,True,False,True,12.828360235361849,1,1.025894803765393,0.8815612641989446,False,False,False,False,0.3428282336409093,0.33605502258419384,False,False,False,False,-61306039,-67791959.40641004,False,False,False,False,1928363.0273249077,False,False,False,False
2025-09-19 00:00:00+00:00,26.51,27.02,26.24,26.96,6265477,26.397851524957265,25.82083939753178,24.885792244399546,24.62865287194973,24.54331687531047,24.12216020952779,23.92075707402091,23.749507883275946,23.228509716037955,22.676387101198078,,26.13867073924056,24.98697476407435,23.848185803265476,22.16307558015926,22.140131712613787,23.15900345262845,23.18899145809525,23.38426268706946,23.55443496151806,25.230865978859743,"rgba(38, 166, 154, 1.0)",0.0,0.0,1.6117777220739213,23.849829221706965,1.6504575921735145,0.0,0.0,0.0,0.0,0.0,0.0,0.0,0.0,62.58502743689617,10.379153958659394,True,False,True,False,True,10.304851475209983,1,1.0075112544607747,0.901685330827523,False,False,False,False,0.3298988563788423,0.3329769394815181,False,False,False,False,-67571516,-67783314.56694299,False,False,False,False,2098445.928214127,False,False,False,False
2025-09-22 00:00:00+00:00,26.42,26.69,26.41,26.42,2204160,26.40674069257183,25.849120887312377,24.920981161133316,24.66084173675962,24.575708703538737,24.15605086676559,23.954810363964565,23.782600049668392,23.261983857475503,22.710974406118044,,26.162240852881865,25.027784441786284,23.88221973990854,22.197939332026806,22.17467786761979,23.176352957419592,23.205942288411162,23.39893930658942,23.567798831123056,25.270798910275357,"rgba(38, 166, 154, 0.5)",0.0,0.0,1.6049777674722026,23.868306217618716,1.589862385695308,0.0,0.0,0.0,0.0,0.0,0.0,0.0,0.0,60.75510068737333,10.379153958659394,False,False,True,False,False,9.838473444881082,1,1.0340877510798197,0.9032175058876226,False,False,False,False,0.3135025956077038,0.3232397675446109,False,False,False,False,-69775676,-67861446.38784719,False,False,False,False,2102591.578088083,False,False,False,False
2025-09-23 00:00:00+00:00,25.83,26.71,25.81,26.4,1855866,26.388072815007543,25.85809860435851,24.942445131897276,24.68155253427872,24.596821253769882,24.179236082337088,23.978517939803904,23.805951472109026,23.28631839411848,22.73667278113037,,26.159908846465964,25.051860298722506,23.90604819798107,22.22424495394511,22.200763312011336,23.18912768092346,23.218410305971414,23.409652795481858,23.57747671660148,25.29251876987765,"rgba(38, 166, 154, 0.5)",0.0,0.0,1.5780870578459956,23.877506308103012,1.2372534722907087,0.0,0.0,0.0,0.0,-1.0,26.41,26.13,940.0,56.479852799844785,11.16319563012808,False,True,True,False,False,6.845235899832915,1,1.0192262110791948,0.9039991258519997,False,False,False,False,0.25534343894349987,0.2892916032440554,False,False,False,False,-71631542,-68009293.27459827,False,False,False,False,2092916.0652218836,False,False,False,False
2025-09-24 00:00:00+00:00,25.34,26.13,25.26,25.95,1628395,26.344703619890417,25.850049416532663,24.952279806682284,24.692588026610167,24.608460659891996,24.19358697739221,23.993749057720745,23.821360179077,23.30332210186272,22.75535226578678,,26.13484780471691,25.06184806161872,23.921535347742974,22.24387515819558,22.220251509510813,23.198194793438667,23.227240520693723,23.417122446006044,23.584115001656915,25.29877965783746,#000000,0.0,0.0,1.552935417975855,23.878982444591003,0.9408102478036938,0.0,0.0,0.0,0.0,-1.0,25.81,25.205,938.0,51.586269797505864,6.730319989994456,False,True,False,False,False,4.469135326810701,1,1.0050464790381592,0.9210268849200958,False,False,False,False,0.14637792436438998,0.21783476380422268,False,False,False,False,-73259937,-68215200.87167285,False,False,False,False,2074699.5528602412,False,False,False,False
2025-09-25 00:00:00+00:00,24.82,25.205,24.75,25.1,1483791,26.278770867723786,25.826553986871037,24.9518997225045,24.695169889630677,24.611850181405828,24.2003677530126,24.001766559889095,23.830042338996407,23.314218717995626,22.768277982388184,24.925000000000004,26.089263589363593,25.059515387519355,23.929940704535504,22.258104510845275,22.234404332597876,23.20414969516287,23.233013369049264,23.42184368201657,23.588159776158033,25.29142288994512,"rgba(239, 83, 80, 1.0)",0.0,0.0,1.5288056100788636,23.87378292986776,0.6189256919873729,0.0,0.0,0.0,0.0,-1.0,25.26,25.04,937.0,46.51384656882613,2.257644082111476,False,True,False,True,False,2.046946298412937,0,1.0022131105922563,0.9368789131167276,False,False,False,False,0.012517377715684976,0.11517607075995383,False,False,False,False,-74743728,-68471221.54337196,False,False,False,False,2051526.6684343494,False,False,False,False
2025-09-26 00:00:00+00:00,24.97,25.04,24.61,24.82,1732329,26.20648700205461,25.799101705558613,24.950642172400336,24.69745104284075,24.6150787967363,24.207573711895666,24.01043991564395,23.83953729432805,23.326354536103455,22.782818381381094,24.897170296817286,26.038030063787023,25.055882492098164,23.939077159006057,22.274209215641903,22.25042779934723,23.210843113841978,23.23949940778835,23.42713028322526,23.592669972106915,25.28203146086545,"rgba(239, 83, 80, 1.0)",0.0,0.0,1.5059382441422553,23.91682324063825,0.6993492352414561,0.0,0.0,0.0,0.0,0.0,0.0,0.0,0.0,43.97193503833488,0.18449977656764815,False,True,False,True,False,2.6956343594230283,0,0.9862437928912732,0.9522758466456532,False,False,False,False,-0.015715588210070713,0.04973024127494156,False,False,False,False,-73011399,-68649267.71814169,False,False,False,False,2039009.112809473,False,False,False,False
2025-09-29 00:00:00+00:00,24.98,25.15,24.86,25.12,1545369,26.1534144094696,25.779002448195875,24.951290093346806,24.700830053783726,24.619236097883743,24.215039921178903,24.019118056159726,23.848856084055758,23.33787275345047,22.796376349612395,24.92946242341419,26.00030544744213,25.054869373972828,23.94813590769109,22.289083180514606,22.265223067312007,23.217208627352438,23.245675825537237,23.432213364242767,23.597051686154018,25.27642552618787,"rgba(239, 83, 80, 1.0)",0.0,0.0,1.4744236728796387,23.917664994507298,0.7205086468924483,0.0,0.0,0.0,0.0,0.0,0.0,0.0,0.0,42.33629659428206,-1.1618739114404164,False,True,False,True,False,2.7393439757799882,0,0.980576983278305,0.95017769997713,False,False,False,False,0.01760938334285445,0.033669812308898005,False,False,False,False,-71466030,-68759728.98409691,False,False,False,False,2019650.677013023,False,False,False,False
2025-09-30 00:00:00+00:00,25.17,25.235,24.815,25.0,1654690,26.104957535713115,25.760570914531456,24.953102408120248,24.705280463407785,24.624472262741516,24.223648163383743,24.028957962555058,23.859324569716918,23.350592894545255,22.81120998110553,24.966565776661362,25.965691880401693,25.055201534210788,23.958361755403722,22.305276100214286,22.281328969779626,23.224265822257163,23.252528677673872,23.437884591198884,23.601968488701843,25.27224159145966,"rgba(239, 83, 80, 1.0)",0.0,0.0,1.4393365472137327,23.91957629792058,0.8687500532797489,0.0,0.0,0.0,0.0,0.0,0.0,0.0,0.0,42.40465219984735,-1.1618739114404164,False,True,False,True,False,3.5764518379961174,0,0.9806495023458309,0.952617088447318,False,False,False,False,0.02131321867421367,0.02749151549155584,False,False,False,False,-69811340,-68800968.63177939,False,False,False,False,2005338.4936007478,False,False,False,False
2025-10-01 00:00:00+00:00,25.62,25.73,24.94,24.99,1978121,26.07059998695415,25.750561516514605,24.961420795175407,24.71548555969994,24.63542532071106,24.23794081241729,24.044418688776798,23.875215146259578,23.3686548226018,22.83144764330783,25.07577428354161,25.942800885675442,25.063092241155548,23.974178421789155,22.326851343533338,22.302771044125336,23.234246150487063,23.262245468647066,23.446080496951108,23.609217983020788,25.276033468187553,"rgba(239, 83, 80, 1.0)",0.0,0.0,1.3858577715742422,23.930864691648647,1.2188374182385313,0.0,0.0,0.0,0.0,1.0,25.62,25.235,946.0,44.928565471619685,-1.1618739114404164,False,True,False,True,False,5.521641301509316,0,0.9896803199912986,0.9264362330623712,False,False,False,False,0.07886070917420882,0.05317611233288233,False,False,False,False,-67833219,-68763017.66582726,False,False,False,False,2004271.1409105223,False,False,False,False
2025-10-02 00:00:00+00:00,26.5,26.555,25.62,25.71,2376817,26.07949924615,25.767216579192883,24.98735968204819,24.74060099354303,24.660978242676883,24.265831132735496,24.072953387326102,23.90343642427975,23.398158014832642,22.862668376822167,25.32936907967236,25.956582597436853,25.0917593017494,24.00287468369893,22.35892564062336,22.334603944996637,23.25041802954102,23.278046541843793,23.45975022009941,23.621623188431688,25.302670789439237,#000000,0.0,0.0,1.359242012958003,23.96299750582958,1.8664832825828834,0.0,0.0,0.0,0.0,1.0,26.49,25.73,943.0,50.24190790117194,-6.6257271151930155,False,True,False,False,True,9.1028622898619,0,1.0186970303003562,0.9042382710810047,False,False,False,False,0.22155694399130574,0.13736652816209405,False,False,False,False,-65456402,-68633346.4632458,False,False,False,False,2018880.7824434428,False,False,False,False
2025-10-03 00:00:00+00:00,26.86,27.075,26.49,26.5,2501774,26.12118696294899,25.80431540464746,25.025873879658192,24.77618953411777,24.69670789962931,24.302846927547332,24.110118027678226,23.939700438881125,23.434834792811415,22.900510521502117,25.608135349713937,25.998225653642784,25.13520951615275,24.040024031966702,22.397129584475213,22.372497994788702,23.270553553694374,23.297753612935413,23.476998838874437,23.637451507515202,25.345879774551875,"rgba(38, 166, 154, 0.5)",0.0,0.0,1.3315979988360787,24.004644968214144,2.14430709139069,0.0,0.0,0.0,0.0,1.0,26.85,26.555,943.0,54.94815907360623,-2.324232991554325,False,False,True,False,True,10.490884485343578,0,1.0724934911076156,0.8664155537242086,False,False,False,False,0.34282823415242447,0.24009738115725926,False,False,False,False,-62954628,-68410651.62154989,False,False,False,False,2037817.7713672295,False,False,False,False
2025-10-06 00:00:00+00:00,27.15,27.303,26.85,27.18,1788895,26.159686073250416,25.8365338592179,25.056789613421742,24.80445316422381,24.724977026264856,24.331676369019263,24.138895288837702,23.967670154285482,23.462814047245867,22.929120927708837,25.785443546004434,26.035475981283252,25.170156779500946,24.068735223980987,22.42583341534606,22.400964830444426,23.285991857340523,23.31287435989438,23.490297921134584,23.649709251781093,25.38117113722681,"rgba(38, 166, 154, 1.0)",0.0,0.0,1.3039443318286126,24.035128043884136,2.3888074667632933,0.0,0.0,0.0,0.0,0.0,0.0,0.0,0.0,58.9562260098583,1.2707579734898218,True,False,True,False,True,11.588790882361828,0,1.0802552621838915,0.8547713924575322,False,False,False,False,0.3428282356608999,0.29146280840907957,False,False,False,False,-61165733,-68126537.16580284,False,False,False,False,2028056.0940587108,False,False,False,False
2025-10-07 00:00:00+00:00,26.45,27.43,26.19,27.29,1966119,26.181639592453294,25.859221053253798,25.083101289488148,24.829315282556255,24.75004628428172,24.358082386864496,24.16559059600244,23.99388729883614,23.48965793755629,22.95706562616072,25.889887729289068,26.05890546983269,25.199283787094977,24.095482091486055,22.45424141558302,22.429157490096717,23.30100412069245,23.327566916894888,23.50315137163944,23.661489199435998,25.409470464180146,"rgba(38, 166, 154, 1.0)",0.0,0.0,1.2599268968562236,24.19636574981491,1.7887023888515838,0.0,0.0,0.0,0.0,-1.0,26.85,26.72,0.0,57.99207534205752,1.2707579734898218,True,False,True,False,True,8.105051811740054,0,1.0563030687727428,0.8530962325960447,False,False,False,False,0.29361881456587435,0.29254081148747696,False,False,False,False,-63131852,-67930667.15930077,False,False,False,False,2025627.1884093499,False,False,False,False
2025-10-08 00:00:00+00:00,26.35,26.72,26.3,26.6,1758817,26.191460804554424,25.873098105729227,25.102615558696378,24.84828672305722,24.769303489997945,24.378894125672762,24.186838227477832,24.014922931619203,23.511572434955518,22.980173621841303,25.94294969668826,26.071247356234093,25.220476819655754,24.116839895403814,22.477952971014616,22.452701346639426,23.313404843404218,23.339697829697027,23.513726908246465,23.671144055096637,25.42934111930906,"rgba(38, 166, 154, 0.5)",0.0,0.0,1.2258458712541431,24.206347812225864,1.7487126547002203,0.0,0.0,0.0,0.0,0.0,0.0,0.0,0.0,56.88291485914348,1.2707579734898218,False,False,True,False,True,7.620491763503985,0,1.060800076166041,0.8777556781715641,False,False,False,False,0.23982004638620205,0.2661804289368395,False,False,False,False,-64890669,-67811451.54521054,False,False,False,False,2015164.043765846,False,False,False,False
2025-10-09 00:00:00+00:00,25.81,26.52,25.8,26.4,1563877,26.186902200698356,25.87654281170553,25.1143508111795,24.86054719350944,24.781959075523808,24.393442653814166,24.20202201703694,24.030212032846208,23.528091081040202,22.998053022358622,25.95066385097559,26.070497904074386,25.23262667866837,24.132210719299078,22.49663581139164,22.471268372841806,23.32291034011531,23.348985561422186,23.52175509698419,23.67840738687848,25.439528502645107,"rgba(38, 166, 154, 0.5)",0.0,0.0,1.1915401415417712,24.206537514750558,1.345705804904458,0.0,0.0,0.0,0.0,-1.0,26.3,26.04,952.0,53.790981500950224,1.2707579734898218,False,False,True,False,False,5.048663592017068,0,1.0579802803033764,0.8820418116898688,False,False,False,False,0.1787118823001423,0.2224461556184909,False,False,False,False,-66454546,-67758239.56304541,False,False,False,False,1997466.5126377735,False,False,False,False
2025-10-10 00:00:00+00:00,23.94,26.04,23.92,25.86,3096566,26.097671292421666,25.82865073034113,25.1027557078745,24.856023419282092,24.77909215768382,24.397523874608797,24.208895520934192,24.039081034704235,23.54218761242476,23.016736715512803,25.776689688568602,25.9979523737072,25.215603166487213,24.14000442366006,22.518577748413367,22.493180972081877,23.331883157722185,23.357662725689256,23.52869673232881,23.68416190483227,25.413884894634737,"rgba(239, 83, 80, 1.0)",0.0,0.0,1.1655128563422248,24.15791399367344,-0.18696833114078734,0.0,0.0,0.0,0.0,-1.0,25.8,25.26,948.0,46.49820137612825,4.755175021803481,False,True,False,True,False,0.0,0,1.0123269882327288,0.9108841926467036,False,False,False,False,-0.020372633557251035,0.10103676103061994,False,False,False,False,-69551112,-67828548.28606324,False,False,False,False,2040568.4533186452,False,False,False,False
2025-10-13 00:00:00+00:00,25.09,25.26,24.22,24.55,2060476,26.05198807115089,25.804358152810885,25.098870784059276,24.856031829660875,24.78007523710639,24.402663398797774,24.215692486740636,24.047003524130957,23.553249404000344,23.03061928259023,25.702371355639407,25.96086397680275,25.20894457548503,24.147345003543194,22.53444576576781,22.509013356989936,23.338798895122498,23.364371406994636,23.534192094380963,23.68884467802128,25.402335601944454,"rgba(239, 83, 80, 1.0)",0.0,0.0,1.1411317389864142,24.143935591832133,0.8290580095582906,0.0,0.0,0.0,0.0,0.0,0.0,0.0,0.0,45.774811500775314,4.146624260189505,False,True,False,True,False,1.675842376136952,0,1.0097126801155065,0.9126072393845024,False,False,False,False,-0.0632927871999591,0.018871986915330423,False,False,False,False,-67490636,-67815296.82386468,False,False,False,False,2041349.1414237965,False,False,False,False
2025-10-14 00:00:00+00:00,25.25,25.469,24.695,24.77,1792321,26.02362954544811,25.79017966419529,25.09940083351378,24.859202669967626,24.783977785682076,24.409754297915942,24.22403451229316,24.056122680586025,23.564765716364963,23.044360293068035,25.665318753422927,25.93824287609483,25.20781794879775,24.156093515821144,22.549725654228716,22.524243595501336,23.34586936383748,23.371249339062985,23.539944482277203,23.693861694513703,25.39765422407255,"rgba(239, 83, 80, 1.0)",0.0,0.0,1.111326064570475,24.140498487633515,0.9983582206319482,0.0,0.0,0.0,0.0,0.0,0.0,0.0,0.0,45.796365715775934,4.017173689886285,False,True,False,True,False,2.280254387641346,0,1.0175123260604044,0.9017114913934735,False,False,False,False,-0.015083882584293258,0.0018940521655185826,False,False,False,False,-65698315,-67732277.92881118,False,False,False,False,2031583.3319561968,False,False,False,False
2025-10-15 00:00:00+00:00,25.63,25.68,25.05,25.55,2379911,26.001063537591484,25.780924184950198,25.105654552403333,24.86794373216223,24.793530258915734,24.42294779126814,24.238623104376757,24.071459825921327,23.582814976732422,23.06503829484455,25.648320485502076,25.921165517367772,25.21288811170784,24.171128880805025,22.572178175937758,22.546603396372962,23.356809261818697,23.381915492723788,23.549013923507186,23.70191299257889,25.398933489358964,"rgba(239, 83, 80, 1.0)",0.0,0.0,1.0774854010960933,24.145179484018506,1.378042351637461,0.0,0.0,0.0,0.0,0.0,0.0,0.0,0.0,47.00641003203734,4.017173689886285,False,True,False,True,False,3.7045024799667736,0,1.0200382597161703,0.9006965846982925,False,False,False,False,0.033894090294368115,0.01789407122994335,False,False,False,False,-63318404,-67559184.83356369,False,False,False,False,2045243.2405069342,False,False,False,False
2025-10-16 00:00:00+00:00,25.38,25.9,25.21,25.84,1923862,25.98542969289869,25.7747475570933,25.111160879594703,24.87533331815497,24.801549443531023,24.433810104325286,24.25057724404485,24.083995191981412,23.597487540303092,23.081794818253346,25.63908863302602,25.909414960270393,25.217547681070876,24.183432954618397,22.590345210276215,22.564696290113456,23.36575121788709,23.390636914559813,23.55644824121143,23.708527509744425,25.400715586625708,"rgba(239, 83, 80, 1.0)",0.0,0.0,1.0533341132768381,24.150019258474863,1.167702370996762,0.0,0.0,0.0,0.0,0.0,0.0,0.0,0.0,47.05956469638095,4.017173689886285,False,True,False,True,False,2.6831156181035354,0,1.0316188164240627,0.8941914446749144,False,False,False,False,0.03625533116637412,0.027074701198158732,False,False,False,False,-65242266,-67468325.27146314,False,False,False,False,2040483.1918596036,False,False,False,False
2025-10-17 00:00:00+00:00,25.59,25.8,25.07,25.34,1828163,25.971159757844315,25.768919565913972,25.11611944854772,24.882085688932488,24.808894838240274,24.44383516175031,24.261638633199407,24.095621487470066,23.611150960474458,23.09744015943776,25.63075371290616,25.898579964420236,25.221682224733076,24.19482774081162,22.60734195546104,22.581626790684453,23.374139845736938,23.398819071592943,23.563424211554757,23.71473308055066,25.402179519059207,#000000,0.0,0.0,1.0474623183393519,24.154560573922048,1.3703971980144352,0.0,0.0,0.0,0.0,0.0,0.0,0.0,0.0,47.80909834546925,4.017173689886285,False,True,False,False,False,3.4786874093855076,0,1.022218947320519,0.916067785982026,False,False,False,False,0.008143269959466872,0.017608985578812804,False,False,False,False,-63414103,-67309336.16277832,False,False,False,False,2032156.9098258938,False,False,False,False
2025-10-20 00:00:00+00:00,26.02,26.17,25.71,25.76,1879521,25.97103137263167,25.772948653502336,25.127511818969424,24.89426348107812,24.821517317060458,24.45859803983339,24.277182042829384,24.11143093736702,23.62853646285986,23.11650332925539,25.648633352655693,25.90032798283819,25.233266175665857,24.210613079586096,22.627488052413018,22.60167200193347,23.38463915444443,23.40908344420261,23.57232067388108,23.722784053923675,25.41189394321163,#000000,0.0,0.0,1.0442895212713277,24.16678224273627,1.7746206578876744,0.0,0.0,0.0,0.0,1.0,25.815,25.8,0.0,49.722845361884595,4.017173689886285,False,True,False,False,False,5.085734320386056,0,1.0341161873251623,0.9010793323309938,False,False,False,False,0.09540478231856067,0.056506883948686734,False,False,False,False,-61534582,-67082875.21521839,False,False,False,False,2026171.1878719374,False,False,False,False
2025-10-21 00:00:00+00:00,26.09,26.43,25.815,25.97,2495375,25.976171595024105,25.781870021512166,25.144707230040343,24.91214495543865,24.83992542137471,24.479604100772733,24.299119821252326,24.133620944788817,23.652632984449394,23.142692714667604,25.67919510184686,25.907294164627245,25.251033267192685,24.23283624349988,22.65501029261201,22.62905246897979,23.399223492853334,23.423350427657116,23.584740085397165,23.73406952570743,25.427525328701865,#000000,0.0,0.0,1.0486252871221402,24.184945401669626,1.8167162490985014,0.0,0.0,0.0,0.0,0.0,0.0,0.0,0.0,51.227275610996806,4.017173689886285,False,True,False,False,True,5.345716998385537,0,1.0333665266005716,0.9003354754653655,False,False,False,False,0.10371066823391208,0.0801087760912994,False,False,False,False,-59039207,-66767437.245994136,False,False,False,False,2044571.3373671556,False,False,False,False
