date,Open,High,Low,Close,Volume,Gap_Up_aVWAP_442,Gap_Up_aVWAP_428,Gap_Up_aVWAP_426,Gap_Up_aVWAP_423,Gap_Up_aVWAP_420,Gap_Up_aVWAP_419,Gap_Up_aVWAP_418,Gap_Up_aVWAP_414,Gap_Up_aVWAP_412,Gap_Up_aVWAP_407,Gap_Down_aVWAP_432,Gap_Down_aVWAP_413,Gap_Down_aVWAP_411,Gap_Down_aVWAP_410,Gap_Down_aVWAP_405,Gap_Down_aVWAP_403,Gap_Down_aVWAP_399,Gap_Down_aVWAP_396,Gap_Down_aVWAP_390,Gap_Down_aVWAP_389,aVWAP_OB_bull_339,color,Liquidity,Liquidity_Level,StDev,StDev_Mean,StdDev_ZScore,OB,OB_High,OB_Low,OB_Mitigated_Index,FVG,FVG_High,FVG_Low,FVG_Mitigated_Index,QQEMOD,QQE1_Value,QQE1_Above_Upper,QQE1_Below_Lower,QQE2_Above_Threshold,QQE2_Below_Threshold,QQE2_Above_TL,banker_RSI,TTM_squeeze_Active,VI_plus,VI_minus,VI_Regular_Bullish,VI_Regular_Bearish,VI_Hidden_Bullish,VI_Hidden_Bearish,Fisher,Fisher_Signal,Fisher_Regular_Bullish,Fisher_Regular_Bearish,Fisher_Hidden_Bullish,Fisher_Hidden_Bearish,OBV,OBV_Smoothed,OBV_Regular_Bullish,OBV_Regular_Bearish,OBV_Hidden_Bullish,OBV_Hidden_Bearish,Volume_MA,Vol_Regular_Bullish,Vol_Regular_Bearish,Vol_Hidden_Bullish,Vol_Hidden_Bearish
2024-02-13 17:00:00+00:00,33.67,33.755,33.34,33.64,7336.0,,,,,,,,,,,,,,,,,,,,,,"rgba(38, 166, 154, 1.0)",-1.0,35.41,,,,0.0,0.0,0.0,0.0,0.0,0.0,0.0,0.0,,,False,False,False,False,False,,0,,,False,False,False,False,,,False,False,False,False,0.0,0.0,False,False,False,False,7336.0,False,False,False,False
2024-02-14 17:00:00+00:00,34.105,34.355,34.03,34.335,11205.0,,,,,,,,,,,,,,,,,,,,,,"rgba(38, 166, 154, 1.0)",0.0,0.0,,,,0.0,0.0,0.0,0.0,0.0,0.0,0.0,0.0,100.0,,False,False,True,False,False,,0,,,False,False,False,False,,,False,False,False,False,11205.0,173.72093023255815,False,False,False,False,7395.984496124031,False,False,False,False
2024-02-15 17:00:00+00:00,34.425,34.75,34.37,34.745,16619.0,,,,,,,,,,,,,,,,,,,,,,"rgba(38, 166, 154, 1.0)",0.0,0.0,,,,0.0,0.0,0.0,0.0,0.0,0.0,0.0,0.0,100.0,50.0,False,False,True,False,True,,0,,,False,False,False,False,,,False,False,False,False,27824.0,602.4074274382549,False,False,False,False,7538.976984556216,False,False,False,False
2024-02-16 17:00:00+00:00,34.54,34.75,34.49,34.525,16894.0,,,,,,,,,,,,,,,,,,,,,,"rgba(239, 83, 80, 1.0)",0.0,0.0,,,,0.0,0.0,0.0,0.0,0.0,0.0,0.0,0.0,93.530821171858,44.1777390546722,False,False,True,False,False,,0,,,False,False,False,False,,,False,False,False,False,10930.0,762.5251417415377,False,False,False,False,7684.016101074723,False,False,False,False
2024-02-19 17:00:00+00:00,34.525,34.525,34.525,34.525,0.0,,,,,,,,,,,,,,,,,,,,,,"rgba(239, 83, 80, 1.0)",0.0,0.0,,,,0.0,0.0,0.0,0.0,0.0,0.0,0.0,0.0,89.21803528643,40.68438248747552,False,False,True,False,False,,0,,,False,False,False,False,,,False,False,False,False,10930.0,920.160410861824,False,False,False,False,7564.884068499921,False,False,False,False
2024-02-20 17:00:00+00:00,34.15,34.18,33.785,33.865,15584.0,,,,,,,,,,,,,,,,,,,,,,"rgba(239, 83, 80, 1.0)",0.0,0.0,,,,0.0,0.0,0.0,0.0,0.0,0.0,0.0,0.0,74.94559408648382,28.30496628315018,False,False,True,False,False,,0,,,False,False,False,False,,,False,False,False,False,-4654.0,833.7393192205553,False,False,False,False,7689.211447282868,False,False,False,False
2024-02-21 17:00:00+00:00,35.115,35.315,34.83,35.125,16948.0,,,,,,,,,,,,,,,,,,,,,,"rgba(38, 166, 154, 1.0)",0.0,0.0,,,,0.0,0.0,0.0,0.0,0.0,0.0,0.0,0.0,73.94870586241831,28.30496628315018,False,False,True,False,False,,0,,,False,False,False,False,,,False,False,False,False,12294.0,1011.4177793876785,False,False,False,False,7832.75855662732,False,False,False,False
2024-02-22 17:00:00+00:00,35.005,35.64,35.0,35.53,14011.0,,,,,,,,,,,,,,,,,,,,,,"rgba(38, 166, 154, 1.0)",0.0,0.0,,,,0.0,0.0,0.0,0.0,0.0,0.0,0.0,0.0,74.65878719424967,28.30496628315018,False,False,True,False,True,,0,,,False,False,False,False,,,False,False,False,False,26305.0,1403.5663409475594,False,False,False,False,7928.545245671858,False,False,False,False
2024-02-23 17:00:00+00:00,35.51,35.625,35.32,35.475,12959.0,,,,,,,,,,,,,,,,,,,,,,"rgba(38, 166, 154, 1.0)",0.0,0.0,,,,0.0,0.0,0.0,0.0,0.0,0.0,0.0,0.0,74.57496479174453,28.30496628315018,False,False,True,False,True,,0,,,False,False,False,False,,,False,False,False,False,13346.0,1588.7203511654268,False,False,False,False,8006.536792250588,False,False,False,False
2024-02-26 17:00:00+00:00,35.075,35.14,34.86,34.91,6661.0,,,,,,,,,,,,,,,,,,,,,,"rgba(239, 83, 80, 1.0)",0.0,0.0,,,,0.0,0.0,0.0,0.0,0.0,0.0,0.0,0.0,69.49640869994255,25.31619787294214,False,False,True,False,False,,0,,,False,False,False,False,,,False,False,False,False,6685.0,1667.7324387442575,False,False,False,False,7985.675756711819,False,False,False,False
2024-02-27 17:00:00+00:00,34.85,34.85,34.505,34.73,6633.0,,,,,,,,,,,,,,,,,,,,,,"rgba(38, 166, 154, 1.0)",0.0,0.0,,,,0.0,0.0,0.0,0.0,0.0,0.0,0.0,0.0,64.77223466469583,21.105726194304907,False,False,True,False,False,,0,,,False,False,False,False,,,False,False,False,False,52.0,1642.6823234148892,False,False,False,False,7964.704039553496,False,False,False,False
2024-02-28 17:00:00+00:00,34.67,35.025,34.6,34.9,5719.0,,,,,,,,,,,,,,,,,,,,,,"rgba(239, 83, 80, 1.0)",0.0,0.0,,,,0.0,0.0,0.0,0.0,0.0,0.0,0.0,0.0,62.621674071453334,19.24565150743237,False,False,True,False,False,,0,,,False,False,False,False,,,False,False,False,False,5771.0,1706.687248633263,False,False,False,False,7929.886922661194,False,False,False,False
2024-02-29 17:00:00+00:00,34.745,34.885,34.325,34.82,11842.0,,,,,,,,,,,,,,,,,,,,,,"rgba(239, 83, 80, 1.0)",0.0,0.0,,,,0.0,0.0,0.0,0.0,0.0,0.0,0.0,0.0,60.52130997859485,17.276275706497344,False,False,True,False,False,,0,,,False,False,False,False,,,False,False,False,False,-6071.0,1586.1029502048402,False,False,False,False,7990.5398385889275,False,False,False,False
2024-03-01 17:00:00+00:00,34.97,34.97,34.6,34.61,8133.0,,,,,,,,,,,,,,,,,,,,,,"rgba(239, 83, 80, 1.0)",0.0,0.0,,,,0.0,0.0,0.0,0.0,0.0,0.0,0.0,0.0,57.39469001915231,14.275951620713968,False,False,True,False,False,,0,,,False,False,False,False,,,False,False,False,False,-14204.0,1341.2951525272458,False,False,False,False,7992.748523261967,False,False,False,False
2024-03-04 17:00:00+00:00,34.785,34.975,34.49,34.505,6908.0,,,,,,,,,,,,,,,,,,,,,,"rgba(239, 83, 80, 1.0)",0.0,0.0,,,,0.0,0.0,0.0,0.0,0.0,0.0,0.0,0.0,54.47185724915433,11.450981022795197,False,False,True,False,False,,0,,,False,False,False,False,,,False,False,False,False,-21112.0,993.1820493872885,False,False,False,False,7975.930716699766,False,False,False,False
2024-03-05 17:00:00+00:00,34.41,34.53,34.14,34.15,8803.0,,,,,,,,,,,,,,,,,,,,,,"rgba(239, 83, 80, 1.0)",0.0,0.0,,,,0.0,0.0,0.0,0.0,0.0,0.0,0.0,0.0,49.96898802320344,7.181865558624445,False,False,False,False,False,,0,,,False,False,False,False,,,False,False,False,False,-29915.0,513.9854284665553,False,False,False,False,7988.753496285816,False,False,False,False
2024-03-06 17:00:00+00:00,34.48,34.505,34.115,34.32,10937.0,,,,,,,,,,,,,,,,,,,,,,"rgba(239, 83, 80, 1.0)",0.0,0.0,,,,0.0,0.0,0.0,0.0,0.0,0.0,0.0,0.0,48.507039276578546,5.727198992784494,False,False,False,True,False,,0,,,False,False,False,False,,,False,False,False,False,-18978.0,211.78410399420557,False,False,False,False,8034.462744405416,False,False,False,False
2024-03-07 17:00:00+00:00,34.585,34.595,34.38,34.39,8458.0,,,,,,,,,,,,,,,,,,,,,,"rgba(239, 83, 80, 1.0)",0.0,0.0,,,,0.0,0.0,0.0,0.0,0.0,0.0,0.0,0.0,48.166946187204914,5.136969419402348,False,False,False,True,False,,0,,,False,False,False,False,,,False,False,False,False,-10520.0,45.399854319876795,False,False,False,False,8041.029213484401,False,False,False,False
2024-03-08 17:00:00+00:00,34.27,34.31,33.94,34.08,7717.0,,,,,,,,,,,,,,,,,,,,,,"rgba(239, 83, 80, 1.0)",0.0,0.0,,,,0.0,0.0,0.0,0.0,0.0,0.0,0.0,0.0,45.59090945898721,2.3796480849530752,False,False,False,True,False,,0,,,False,False,False,False,,,False,False,False,False,-18237.0,-238.04820543702053,False,False,False,False,8036.005504748208,False,False,False,False
2024-03-11 17:00:00+00:00,34.015,34.055,33.81,33.875,16128.0,,,,,,,,,,,,,,,,,,,,,,"rgba(239, 83, 80, 1.0)",0.0,0.0,,,,0.0,0.0,0.0,0.0,0.0,0.0,0.0,0.0,42.53318099041731,-0.7598792297866837,False,False,False,True,False,,0,,,False,False,False,False,,,False,False,False,False,-34365.0,-767.1482332597025,False,False,False,False,8161.46278374436,False,False,False,False
2024-03-12 17:00:00+00:00,33.78,33.92,33.715,33.865,14768.0,,,,,,,,,,,,,,,,,,,,,,"rgba(239, 83, 80, 1.0)",0.0,0.0,,33.833333333333336,,0.0,0.0,0.0,0.0,0.0,0.0,0.0,0.0,40.42881220834038,-2.9744399863964617,False,False,False,True,False,,0,,,False,False,False,False,,,False,False,False,False,-49133.0,-1517.0064001859087,False,False,False,False,8263.88971732972,False,False,False,False
2024-03-13 17:00:00+00:00,34.54,35.165,34.455,35.14,20493.0,,,,,,,,,,,,,,,,,,,,,,"rgba(38, 166, 154, 1.0)",0.0,0.0,,34.4648826370967,,0.0,0.0,0.0,0.0,0.0,0.0,0.0,0.0,48.33183614413634,-8.720821278794858,False,False,False,False,True,,0,,,False,False,False,False,,,False,False,False,False,-28640.0,-1937.5179288651968,False,False,False,False,8453.488326363366,False,False,False,False
2024-03-14 17:00:00+00:00,34.34,34.505,34.22,34.46,8761.0,,,,,,,,,,,,,,,,,,,,,,"rgba(38, 166, 154, 1.0)",0.0,0.0,,34.45097500492179,,0.0,0.0,0.0,0.0,0.0,0.0,0.0,0.0,49.15354091030617,-7.990962847632311,False,False,False,False,True,,0,,,False,False,False,False,,,False,False,False,False,-37401.0,-2487.339356324651,False,False,False,False,8458.255949210445,False,False,False,False
2024-03-15 17:00:00+00:00,34.34,34.485,34.14,34.185,13490.0,,,,,,,,,,,,,,,,,,,,,,"rgba(38, 166, 154, 1.0)",0.0,0.0,,34.40852555408726,,0.0,0.0,0.0,0.0,0.0,0.0,0.0,0.0,48.237498428719874,-7.990962847632311,False,False,False,False,True,,0,,,False,False,False,False,,,False,False,False,False,-50891.0,-3237.783707389385,False,False,False,False,8536.2674848816,False,False,False,False
2024-03-18 17:00:00+00:00,33.765,33.92,33.765,33.785,5664.0,,,,,,,,,,,,,,,,,,,,,,"rgba(38, 166, 154, 1.0)",0.0,0.0,,34.35606055569626,,0.0,0.0,0.0,0.0,0.0,0.0,0.0,0.0,45.70971428318096,-7.990962847632311,False,False,False,True,False,,0,,,False,False,False,False,,,False,False,False,False,-56555.0,-4064.4072158019526,False,False,False,False,8491.736206046227,False,False,False,False
2024-03-19 17:00:00+00:00,34.05,37.53,33.96,37.26,90917.0,,,,,,,,,,,,,,,,,,,,,,"rgba(38, 166, 154, 1.0)",0.0,0.0,,35.473511007421926,,0.0,0.0,0.0,0.0,0.0,0.0,0.0,0.0,54.860522531559894,-2.6005221679889488,False,False,True,False,True,,0,,,False,False,False,False,,,False,False,False,False,34362.0,-3468.6489643941704,False,False,False,False,9769.647272619153,False,False,False,False
2024-03-20 17:00:00+00:00,38.06,38.08,37.525,37.795,84937.0,,,,,,,,,,,,,,,,,,,,,,"rgba(38, 166, 154, 1.0)",0.0,0.0,,37.05010319137068,,0.0,0.0,0.0,0.0,0.0,0.0,0.0,0.0,61.73626074867241,3.5237329921745513,False,False,True,False,True,,0,,,False,False,False,False,,,False,False,False,False,119299.0,-1565.2745618454235,False,False,False,False,10935.032586221956,False,False,False,False
2024-03-21 17:00:00+00:00,37.845,38.05,37.52,37.595,47542.0,,,,,,,,,,,,,,,,,,,,,,"rgba(38, 166, 154, 1.0)",0.0,0.0,,37.153957067520466,,0.0,0.0,0.0,0.0,0.0,0.0,0.0,0.0,65.43532681277667,6.700444403680926,False,False,True,False,True,,0,,,False,False,False,False,,,False,False,False,False,71757.0,-428.4951112741767,False,False,False,False,11502.582468606111,False,False,False,False
2024-03-22 17:00:00+00:00,37.22,37.52,37.19,37.435,7224.0,,,,,,,,,,,,,,,,,,,,,,"rgba(38, 166, 154, 1.0)",0.0,0.0,,37.154264452722884,,0.0,0.0,0.0,0.0,0.0,0.0,0.0,0.0,67.15665307328919,8.264726356843383,False,False,True,False,True,,0,,,False,False,False,False,,,False,False,False,False,64533.0,578.6598516913144,False,False,False,False,11436.247856689737,False,False,False,False
2024-03-25 17:00:00+00:00,37.635,37.835,37.37,37.395,10161.0,,,,,,,,,,,,,,,,,,,,,,"rgba(38, 166, 154, 1.0)",0.0,0.0,,37.16318329607796,,0.0,0.0,0.0,0.0,0.0,0.0,0.0,0.0,68.10291352752604,9.371529477610338,False,False,True,False,True,,0,,,False,False,False,False,,,False,False,False,False,54372.0,1412.6651253085033,False,False,False,False,11416.476572089896,False,False,False,False
2024-03-26 17:00:00+00:00,36.91,36.935,36.655,36.685,14435.0,,,,,,,,,,,,,,,,,,,,,,"rgba(38, 166, 154, 1.0)",0.0,0.0,,37.124023665215276,,0.0,0.0,0.0,0.0,0.0,0.0,0.0,0.0,65.32998951808685,9.371529477610338,False,False,True,False,True,,0,,,False,False,False,False,,,False,False,False,False,39937.0,2009.9416349936428,False,False,False,False,11463.275384925711,False,False,False,False
2024-03-27 17:00:00+00:00,36.59,36.66,36.49,36.6,13782.0,,,,,,,,,,,,,,,,,,,,,,"rgba(38, 166, 154, 1.0)",0.0,0.0,,37.08242614618107,,0.0,0.0,0.0,0.0,0.0,0.0,0.0,0.0,63.09736709569535,9.371529477610338,False,False,True,False,False,,0,,,False,False,False,False,,,False,False,False,False,26155.0,2384.28362514878,False,False,False,False,11499.224603764073,False,False,False,False
2024-03-28 17:00:00+00:00,37.095,37.19,37.04,37.14,5905.0,,,,,,,,,,,,,,,,,,,,,,"rgba(38, 166, 154, 1.0)",0.0,0.0,,37.07988600395448,,0.0,0.0,0.0,0.0,0.0,0.0,0.0,0.0,63.27814760769471,9.371529477610338,False,False,True,False,False,,0,,,False,False,False,False,,,False,False,False,False,32060.0,2844.3722511154656,False,False,False,False,11412.492439364629,False,False,False,False
2024-03-29 17:00:00+00:00,37.14,37.14,37.14,37.14,0.0,,,,,,,,,,,,,,,,,,,,,,"rgba(38, 166, 154, 1.0)",0.0,0.0,,37.07988600395448,,0.0,0.0,0.0,0.0,0.0,0.0,0.0,0.0,63.39866794902762,9.371529477610338,False,False,True,False,False,,0,,,False,False,False,False,,,False,False,False,False,32060.0,3297.3277200904195,False,False,False,False,11235.554572087658,False,False,False,False
2024-04-01 17:00:00+00:00,37.295,37.295,36.86,37.035,5685.0,,,,,,,,,,,,,,,,,,,,,,"rgba(38, 166, 154, 1.0)",0.0,0.0,,37.076315936601006,,0.0,0.0,0.0,0.0,0.0,0.0,0.0,0.0,62.86535997153173,9.371529477610338,False,False,True,False,False,,0,,,False,False,False,False,,,False,False,False,False,26375.0,3655.1210887711877,False,False,False,False,11149.49946244289,False,False,False,False
2024-04-02 17:00:00+00:00,36.54,36.67,36.41,36.555,4278.0,,,,,,,,,,,,,,,,,,,,,,"rgba(38, 166, 154, 1.0)",0.0,0.0,,37.06493008939398,,0.0,0.0,0.0,0.0,0.0,0.0,0.0,0.0,59.84206471051442,9.371529477610338,False,False,True,False,False,,0,,,False,False,False,False,,,False,False,False,False,22097.0,3941.041692046053,False,False,False,False,11042.964587056178,False,False,False,False
2024-04-03 17:00:00+00:00,36.58,37.55,36.52,36.805,31930.0,,,,,,,,,,,,,,,,,,,,,,"rgba(38, 166, 154, 1.0)",0.0,0.0,,37.039948295007164,,0.0,0.0,0.0,0.0,0.0,0.0,0.0,0.0,58.912804327011315,14.80745171283921,False,False,True,False,False,,0,,,False,False,False,False,,,False,False,False,False,54027.0,4717.568177440688,False,False,False,False,11366.794593458408,False,False,False,False
2024-04-04 17:00:00+00:00,36.85,36.89,36.035,36.05,5982.0,,,,,,,,,,,,,,,,,,,,,,"rgba(38, 166, 154, 1.0)",0.0,0.0,,37.02313295268444,,0.0,0.0,0.0,0.0,0.0,0.0,0.0,0.0,54.61700340058682,10.456407075694948,False,False,True,False,False,,0,,,False,False,False,False,,,False,False,False,False,48045.0,5389.311306472615,False,False,False,False,11283.309405962927,False,False,False,False
2024-04-05 17:00:00+00:00,36.545,36.545,36.185,36.2,12558.0,,,,,,,,,,,,,,,,,,,,,,"rgba(38, 166, 154, 1.0)",0.0,0.0,,36.989737468488215,,0.0,0.0,0.0,0.0,0.0,0.0,0.0,0.0,52.49827687371588,8.280621079646124,False,False,False,False,False,,0,,,False,False,False,False,,,False,False,False,False,60603.0,6245.337487767612,False,False,False,False,11303.072050831719,False,False,False,False
2024-04-08 17:00:00+00:00,36.26,36.795,36.22,36.47,8528.0,,,,,,,,,,,,,,,,,,,,,,"rgba(38, 166, 154, 1.0)",0.0,0.0,,36.97389576922618,,0.0,0.0,0.0,0.0,0.0,0.0,0.0,0.0,52.420288063113176,7.9426193215926375,False,False,False,False,False,,0,,,False,False,False,False,,,False,False,False,False,69131.0,7220.308999585168,False,False,False,False,11260.047677950608,False,False,False,False
2024-04-09 17:00:00+00:00,37.14,37.19,36.88,36.995,27090.0,,,,,,,,,,,,,,,,,,,,,,"rgba(38, 166, 154, 1.0)",0.0,0.0,,36.97168266257628,,0.0,0.0,0.0,0.0,0.0,0.0,0.0,0.0,54.67173053177984,7.9426193215926375,False,False,True,False,False,,0,,,False,False,False,False,,,False,False,False,False,96221.0,8600.164674010204,False,False,False,False,11505.473295346723,False,False,False,False
2024-04-10 17:00:00+00:00,36.845,36.92,36.62,36.7,5469.0,,,,,,,,,,,,,,,,,,,,,,"rgba(38, 166, 154, 1.0)",0.0,0.0,,36.96704256118855,,0.0,0.0,0.0,0.0,0.0,0.0,0.0,0.0,54.518996219569765,7.9426193215926375,False,True,True,False,False,,0,,,False,False,False,False,,,False,False,False,False,90752.0,9873.836539529426,False,False,False,False,11411.884562085532,False,False,False,False
2024-04-11 17:00:00+00:00,36.26,36.6,36.22,36.23,7296.0,,,,,,,,,,,,,,,,,,,,,,"rgba(38, 166, 154, 1.0)",0.0,0.0,,36.95295445889646,,0.0,0.0,0.0,0.0,0.0,0.0,0.0,0.0,52.05638648924626,6.963751763335068,False,True,False,False,False,,0,,,False,False,False,False,,,False,False,False,False,83456.0,11014.645275350675,False,False,False,False,11348.072398332268,False,False,False,False
2024-04-12 17:00:00+00:00,35.58,35.72,35.285,35.615,13791.0,,,,,,,,,,,,,,,,,,,,,,"rgba(38, 166, 154, 1.0)",0.0,0.0,,36.8977086191258,,0.0,0.0,0.0,0.0,0.0,0.0,0.0,0.0,47.880695879582476,2.913403122696927,False,True,False,True,False,,0,,,False,False,False,False,,,False,False,False,False,69665.0,11923.953100539036,False,False,False,False,11385.947244869752,False,False,False,False
2024-04-15 17:00:00+00:00,35.69,35.715,35.1,35.34,6510.0,,,,,,,,,,,,,,,,,,,,,,"rgba(239, 83, 80, 1.0)",0.0,0.0,,36.8704626775543,,0.0,0.0,0.0,0.0,0.0,0.0,0.0,0.0,44.108033832825136,-0.6030821489328488,False,True,False,True,False,,0,,,False,False,False,False,,,False,False,False,False,63155.0,12718.232897429903,False,False,False,False,11310.351163553942,False,False,False,False
2024-04-16 17:00:00+00:00,35.88,36.245,35.85,35.97,22591.0,,,,,,,,,,,,,,,,,,,,,,"rgba(239, 83, 80, 1.0)",0.0,0.0,,36.81940683779577,,0.0,0.0,0.0,0.0,0.0,0.0,0.0,0.0,45.020058780554976,-0.6030821489328488,False,True,False,True,False,,0,,,False,False,False,False,,,False,False,False,False,85746.0,13850.446340880602,False,False,False,False,11485.244943963959,False,False,False,False
2024-04-17 17:00:00+00:00,35.225,35.41,35.2,35.205,12998.0,,,,,,,,,,,,,,,,,,,,,,"rgba(239, 83, 80, 1.0)",0.0,0.0,,36.76911848130785,,0.0,0.0,0.0,0.0,0.0,0.0,0.0,0.0,42.79762081854723,-1.833046295539745,False,True,False,True,False,,0,,,False,False,False,False,,,False,False,False,False,72748.0,14763.586707688655,False,False,False,False,11508.698510724207,False,False,False,False
2024-04-18 17:00:00+00:00,35.04,35.16,34.745,35.11,5161.0,,,,,,,,,,,,,,,,,,,,,,"rgba(239, 83, 80, 1.0)",0.0,0.0,,36.16618173876035,,0.0,0.0,0.0,0.0,0.0,0.0,0.0,0.0,41.00023987263805,-3.641879359865051,False,True,False,True,False,,0,,,False,False,False,False,,,False,False,False,False,67587.0,15582.554355631466,False,False,False,False,11410.284580325382,False,False,False,False
2024-04-19 17:00:00+00:00,35.41,35.55,35.09,35.195,19637.0,,,,,,,,,,,,,,,,,,,,,,"rgba(239, 83, 80, 1.0)",0.0,0.0,,36.193211123736454,,0.0,0.0,0.0,0.0,0.0,0.0,0.0,0.0,40.308129497586236,-4.486423283897878,False,True,False,True,False,,0,,,False,False,False,False,,,False,False,False,False,87224.0,16693.274443141054,False,False,False,False,11537.830555824214,False,False,False,False
2024-04-22 17:00:00+00:00,35.1,35.195,34.875,34.885,8116.0,,,,,,,,,,,,,,,,,,,,,,"rgba(239, 83, 80, 1.0)",0.0,0.0,,36.152790857458534,,0.0,0.0,0.0,0.0,0.0,0.0,0.0,0.0,38.67225219682957,-6.264488214667367,False,True,False,True,False,0.0,0,,,False,False,False,False,,,False,False,False,False,79108.0,17660.944606813286,False,False,False,False,11484.778919299808,False,False,False,False
2024-04-23 17:00:00+00:00,35.765,35.88,35.485,35.675,4502.0,,,,,,,,,,,,,,,,,,,,,,"rgba(239, 83, 80, 1.0)",0.0,0.0,,36.16685329454702,,0.0,0.0,0.0,0.0,0.0,0.0,0.0,0.0,42.01845751931141,-6.264488214667367,False,True,False,True,True,4.183109960176523,0,,,False,False,False,False,,,False,False,False,False,83610.0,18683.41058190145,False,False,False,False,11376.51878101609,False,False,False,False
2024-04-24 17:00:00+00:00,35.56,35.73,35.56,35.65,827.0,,,,,,,,,,,,,,,,,,,,,,"rgba(239, 83, 80, 1.0)",0.0,0.0,,36.16864019874532,,0.0,0.0,0.0,0.0,0.0,0.0,0.0,0.0,44.131023111545204,-11.006706757440895,False,True,False,True,True,4.035374838972913,0,,,False,False,False,False,,,False,False,False,False,82783.0,19677.202665902976,False,False,False,False,11212.960350302661,False,False,False,False
2024-04-25 17:00:00+00:00,34.975,35.16,34.855,35.065,5257.0,,,,,,,,,,,,,,,,,,,,,,"rgba(239, 83, 80, 1.0)",0.0,0.0,,36.14767607825248,,0.0,0.0,0.0,0.0,0.0,0.0,0.0,0.0,42.946507922817375,-11.006706757440895,False,True,False,True,True,0.6645704514349013,0,,,False,False,False,False,,,False,False,False,False,77526.0,20574.083244726186,False,False,False,False,11120.619879755333,False,False,False,False
2024-04-26 17:00:00+00:00,35.43,35.535,35.29,35.315,2219.0,,,,,,,,,,,,,,,,,,,,,,"rgba(239, 83, 80, 1.0)",0.0,0.0,,36.14635084122228,,0.0,0.0,0.0,0.0,0.0,0.0,0.0,0.0,43.57872980731679,-11.006706757440895,False,True,False,True,True,2.021830500749118,0,,,False,False,False,False,,,False,False,False,False,79745.0,21491.461799071516,False,False,False,False,10982.610269216491,False,False,False,False
2024-04-29 17:00:00+00:00,35.45,35.53,35.175,35.445,6753.0,,,,,,,,,,,,,,,,,,,,,,"rgba(239, 83, 80, 1.0)",0.0,0.0,,36.14130764650161,,0.0,0.0,0.0,0.0,0.0,0.0,0.0,0.0,44.74119225570391,-9.953482323735187,False,True,False,True,True,2.722075716446959,0,,,False,False,False,False,,,False,False,False,False,86498.0,22499.31510451227,False,False,False,False,10917.034916205383,False,False,False,False
2024-04-30 17:00:00+00:00,34.665,34.815,34.57,34.67,10161.0,,,,,,,,,,,,,,,,,,,,,,"rgba(239, 83, 80, 1.0)",0.0,0.0,,36.08381413204399,,0.0,0.0,0.0,0.0,0.0,0.0,0.0,0.0,42.1778920058422,-9.953482323735187,False,True,False,True,False,0.0,0,,,False,False,False,False,,,False,False,False,False,76337.0,23334.007893589598,False,False,False,False,10905.313444636306,False,False,False,False
2024-05-01 17:00:00+00:00,34.52,35.1,34.38,34.605,10612.0,,,,,,,,,,,,,,,,,,,,,,"rgba(239, 83, 80, 1.0)",0.0,0.0,,36.0345433522266,,0.0,0.0,0.0,0.0,0.0,0.0,0.0,0.0,40.2259456744021,-9.953482323735187,False,True,False,True,False,0.0,1,,,False,False,False,False,,,False,False,False,False,65725.0,23991.23257740991,False,False,False,False,10900.765949370627,False,False,False,False
2024-05-02 17:00:00+00:00,33.425,33.97,33.33,33.55,19000.0,,,,,,,,,,,,,,,,,,,,,,"rgba(239, 83, 80, 1.0)",0.0,0.0,,35.860894899669745,,0.0,0.0,0.0,0.0,0.0,0.0,0.0,0.0,35.72379996825342,-9.41606672645377,False,True,False,True,False,0.0,0,,,False,False,False,False,,,False,False,False,False,46725.0,24343.694087837666,False,False,False,False,11026.335469535423,False,False,False,False
2024-05-03 17:00:00+00:00,33.395,33.505,33.1,33.1,3913.0,,,,,,,,,,,,,,,,,,,,,,"rgba(239, 83, 80, 1.0)",0.0,0.0,,35.82364110269329,,0.0,0.0,0.0,0.0,0.0,0.0,0.0,0.0,31.71968261212723,-13.054987069795253,False,True,False,True,False,0.0,0,,,False,False,False,False,,,False,False,False,False,42812.0,24630.024412057235,False,False,False,False,10916.051198689911,False,False,False,False
2024-05-06 17:00:00+00:00,33.135,33.39,32.97,33.075,5922.0,,,,,,,,,,,,,,,,,,,,,,"rgba(239, 83, 80, 1.0)",0.0,0.0,,35.7683726214132,,0.0,0.0,0.0,0.0,0.0,0.0,0.0,0.0,28.99504678482046,-15.482446438912234,False,True,False,True,False,0.0,0,,,False,False,False,False,,,False,False,False,False,36890.0,24820.101552955573,False,False,False,False,10838.624048322625,False,False,False,False
2024-05-07 17:00:00+00:00,32.83,32.85,32.44,32.64,6667.0,,,,,,,,,,,,,,,,,,,,,,"rgba(239, 83, 80, 1.0)",0.0,0.0,,35.69629488678092,,0.0,0.0,0.0,0.0,0.0,0.0,0.0,0.0,26.234315303001715,-17.997812110358332,False,True,False,True,False,0.0,0,,,False,False,False,False,,,False,False,False,False,30223.0,24903.86742035161,False,False,False,False,10773.947706488165,False,False,False,False
2024-05-08 17:00:00+00:00,32.62,33.25,32.6,33.25,13367.0,,,,,,,,,,,,,,,,,,,,,,"rgba(239, 83, 80, 1.0)",0.0,0.0,,35.58823679335412,,0.0,0.0,0.0,0.0,0.0,0.0,0.0,0.0,28.61001060747857,-17.997812110358332,False,True,False,True,True,0.0,0,,,False,False,False,False,,,False,False,False,False,43590.0,25193.574902206623,False,False,False,False,10814.150067627883,False,False,False,False
2024-05-09 17:00:00+00:00,32.495,32.67,32.34,32.66,5202.0,,,,,,,,,,,,,,,,,,,,,,"rgba(239, 83, 80, 1.0)",0.0,0.0,,34.79449256900262,,0.0,0.0,0.0,0.0,0.0,0.0,0.0,0.0,28.54897745184811,-17.997812110358332,False,True,False,True,True,0.0,0,,,False,False,False,False,,,False,False,False,False,38388.0,25398.13963240497,False,False,False,False,10727.13998906001,False,False,False,False
2024-05-10 17:00:00+00:00,33.48,33.675,33.415,33.605,16749.0,,,,,,,,,,,,,,,,,,,,,,"rgba(239, 83, 80, 1.0)",0.0,0.0,,34.92703778163758,,0.0,0.0,0.0,0.0,0.0,0.0,0.0,0.0,33.52878510142024,-22.461641197658764,False,True,False,True,True,0.0,0,,,False,False,False,False,,,False,False,False,False,55137.0,25859.20723500334,False,False,False,False,10820.502159772257,False,False,False,False
2024-05-13 17:00:00+00:00,33.7,34.015,33.7,33.995,16235.0,,,,,,,,,,,,,,,,,,,,,,"rgba(239, 83, 80, 1.0)",0.0,0.0,,34.95009248809332,,0.0,0.0,0.0,0.0,0.0,0.0,0.0,0.0,38.52527965835365,-17.843542761158687,False,True,False,True,True,0.0,0,,,False,False,False,False,,,False,False,False,False,71372.0,26564.8319290343,False,False,False,False,10904.447862721525,False,False,False,False
2024-05-14 17:00:00+00:00,34.52,34.56,34.445,34.555,22690.0,,,,,,,,,,,,,,,,,,,,,,"rgba(38, 166, 154, 1.0)",0.0,0.0,,35.0207712311036,,0.0,0.0,0.0,0.0,1.0,35.065,34.015,0.0,44.01344812666402,-12.891611759976193,False,True,False,True,True,0.0,0,,,False,False,False,False,,,False,False,False,False,94062.0,27611.29965106477,False,False,False,False,11087.16960128398,False,False,False,False
2024-05-15 17:00:00+00:00,35.16,35.34,35.065,35.14,5517.0,,,,,,,,,,,,,,,,,,,,,,"rgba(38, 166, 154, 1.0)",0.0,0.0,,35.05036077571438,,0.0,0.0,0.0,0.0,0.0,0.0,0.0,0.0,49.603407206126306,-7.92763817195636,False,False,False,False,True,2.038825892759661,0,,,False,False,False,False,,,False,False,False,False,99579.0,28727.07795104826,False,False,False,False,11000.810382659422,False,False,False,False
2024-05-16 17:00:00+00:00,35.63,35.73,35.47,35.57,11423.0,,,,,,,,,,,,,,,,,,,,,,"rgba(38, 166, 154, 1.0)",0.0,0.0,,35.12342208807358,,0.0,0.0,0.0,0.0,0.0,0.0,0.0,0.0,54.58758238447155,-3.5412694108455085,True,False,True,False,True,3.932344329284753,0,,,False,False,False,False,,,False,False,False,False,111002.0,30002.658137853712,False,False,False,False,11007.355958122065,False,False,False,False
2024-05-17 17:00:00+00:00,35.325,35.705,35.325,35.395,43611.0,,,,,,,,,,,,,,,,,,,,,,"rgba(38, 166, 154, 1.0)",0.0,0.0,,35.26844910584184,,0.0,0.0,0.0,0.0,0.0,0.0,0.0,0.0,57.00256871361027,-1.4252237498379827,True,False,True,False,True,3.0907154234884757,0,,,False,False,False,False,,,False,False,False,False,67391.0,30582.322352770705,False,False,False,False,11512.838811484515,False,False,False,False
2024-05-20 17:00:00+00:00,35.66,35.805,35.6,35.805,22269.0,,,,,,,,,,,,,,,,,,,,,,"rgba(38, 166, 154, 1.0)",0.0,0.0,,35.331046934825366,,0.0,0.0,0.0,0.0,0.0,0.0,0.0,0.0,59.88563826802911,1.3153285200729314,True,False,True,False,True,4.878184452167304,0,,,False,False,False,False,,,False,False,False,False,89660.0,31498.25533954945,False,False,False,False,11679.601000453747,False,False,False,False
2024-05-21 17:00:00+00:00,35.575,36.01,35.57,35.975,7684.0,,,,,,,,,,,,,,,,,,,,,,"rgba(38, 166, 154, 1.0)",0.0,0.0,,35.351885970570166,,0.0,0.0,0.0,0.0,0.0,0.0,0.0,0.0,62.31827341674088,3.7563014817466964,True,False,True,False,True,5.607981441614335,0,,,False,False,False,False,,,False,False,False,False,97344.0,32519.119597851008,False,False,False,False,11617.65369812113,False,False,False,False
2024-05-22 17:00:00+00:00,35.58,35.725,35.39,35.645,32686.0,,,,,,,,,,,,,,,,,,,,,,"rgba(38, 166, 154, 1.0)",0.0,0.0,,35.39919427665957,,0.0,0.0,0.0,0.0,0.0,0.0,0.0,0.0,61.95262138283349,3.7563014817466964,True,False,True,False,True,3.9797960047238874,0,,,False,False,False,False,,,False,False,False,False,64658.0,33017.3968133882,False,False,False,False,11944.294726057236,False,False,False,False
2024-05-23 17:00:00+00:00,36.1,36.1,35.475,35.525,8810.0,,,,,,,,,,,,,,,,,,,,,,"rgba(38, 166, 154, 1.0)",0.0,0.0,,35.412202940539096,,0.0,0.0,0.0,0.0,0.0,0.0,0.0,0.0,60.99393040325146,3.7563014817466964,True,False,True,False,True,3.3922522790076144,0,,,False,False,False,False,,,False,False,False,False,55848.0,33371.35965349071,False,False,False,False,11895.70100937418,False,False,False,False
2024-05-24 17:00:00+00:00,37.21,37.69,37.015,37.625,25059.0,,,,,,,,,,,,,,,,,,,,,,"rgba(38, 166, 154, 1.0)",0.0,0.0,,35.55515415212159,,0.0,0.0,0.0,0.0,0.0,0.0,0.0,0.0,65.92289581791623,8.202681624626877,True,False,True,False,True,11.789302332055847,0,,,False,False,False,False,,,False,False,False,False,80907.0,34108.34632552961,False,False,False,False,12099.783164267603,False,False,False,False
2024-05-27 17:00:00+00:00,37.625,37.625,37.625,37.625,0.0,,,,,,,,,,,,,,,,,,,,,,"rgba(38, 166, 154, 1.0)",0.0,0.0,1.2850634541068684,35.55515415212159,1.6106954417414157,0.0,0.0,0.0,0.0,0.0,0.0,0.0,0.0,69.20887276102607,11.531044265717782,True,False,True,False,True,11.789302332055847,0,,,False,False,False,False,,,False,False,False,False,80907.0,34833.90684761442,False,False,False,False,11912.189626837097,False,False,False,False
2024-05-28 17:00:00+00:00,37.78,37.78,37.18,37.195,18887.0,,,,,,,,,,,,,,,,,,,,,,"rgba(38, 166, 154, 1.0)",0.0,0.0,1.2897801090611236,35.645056146528106,1.2017117046409977,0.0,0.0,0.0,0.0,0.0,0.0,0.0,0.0,68.98307060481065,11.616901880401024,True,False,True,False,True,9.672377241265949,0,,,False,False,False,False,,,False,False,False,False,62020.0,35255.39666393047,False,False,False,False,12020.326221769854,False,False,False,False
2024-05-29 17:00:00+00:00,36.19,36.34,36.0,36.13,27924.0,,,,,,,,,,,,,,,,,,,,,,"rgba(38, 166, 154, 1.0)",0.0,0.0,1.2880060258098627,35.684263690998634,0.34606694384143266,0.0,0.0,0.0,0.0,0.0,0.0,0.0,0.0,64.02501211187236,11.616901880401024,True,False,True,False,False,4.75586633902596,0,,,False,False,False,False,,,False,False,False,False,34096.0,35237.421521854034,False,False,False,False,12266.894807478848,False,False,False,False
2024-05-30 17:00:00+00:00,37.255,37.34,36.96,37.335,51781.0,,,,,,,,,,,,,,,,,,,,,,"rgba(38, 166, 154, 1.0)",0.0,0.0,1.3064606854102099,35.848102316957565,1.1381113106940308,0.0,0.0,0.0,0.0,0.0,0.0,0.0,0.0,63.95163896531672,11.616901880401024,True,False,True,False,False,9.169095118561948,0,,,False,False,False,False,,,False,False,False,False,85877.0,36022.531265701255,False,False,False,False,12879.516593409408,False,False,False,False
2024-05-31 17:00:00+00:00,37.575,38.285,37.575,38.26,8155.0,,,,,,,,,,,,,,,,,,,,,,"rgba(38, 166, 154, 1.0)",0.0,0.0,1.344326389475946,35.88316394699612,1.768049836416907,0.0,0.0,0.0,0.0,0.0,0.0,0.0,0.0,65.7644368440632,11.616901880401024,True,False,True,False,False,12.256839786219683,0,,,False,False,False,False,,,False,False,False,False,94032.0,36921.90287398496,False,False,False,False,12806.268274131742,False,False,False,False
2024-06-03 17:00:00+00:00,37.78,37.96,37.585,37.67,7873.0,,,,,,,,,,,,,,,,,,,,,,"rgba(38, 166, 154, 1.0)",0.0,0.0,1.3648289666138023,35.91134663632643,1.2885521971568834,0.0,0.0,0.0,0.0,0.0,0.0,0.0,0.0,64.66719787866444,11.616901880401024,True,False,True,False,False,9.671988753670895,0,,,False,False,False,False,,,False,False,False,False,86159.0,37685.26872089992,False,False,False,False,12729.78349468784,False,False,False,False
2024-06-04 17:00:00+00:00,37.16,37.525,37.11,37.125,2327.0,,,,,,,,,,,,,,,,,,,,,,"rgba(38, 166, 154, 1.0)",0.0,0.0,1.3650957726359199,35.917383477428665,0.8846386801414663,0.0,0.0,0.0,0.0,0.0,0.0,0.0,0.0,61.98092967371877,11.616901880401024,True,False,True,False,False,7.371956965760557,0,,,False,False,False,False,,,False,False,False,False,83832.0,38400.7219190255,False,False,False,False,12568.50002965392,False,False,False,False
2024-06-05 17:00:00+00:00,37.79,38.29,37.755,38.01,11994.0,,,,,,,,,,,,,,,,,,,,,,"rgba(38, 166, 154, 1.0)",0.0,0.0,1.3944758032198892,35.96420435373533,1.4670714554823092,0.0,0.0,0.0,0.0,0.0,0.0,0.0,0.0,62.3073464122167,11.616901880401024,True,False,True,False,False,10.284825582906116,0,,,False,False,False,False,,,False,False,False,False,95826.0,39291.03630787781,False,False,False,False,12559.593052449984,False,False,False,False
2024-06-06 17:00:00+00:00,38.27,38.635,38.19,38.195,20743.0,,,,,,,,,,,,,,,,,,,,,,"rgba(38, 166, 154, 1.0)",0.0,0.0,1.4275991879520769,36.05137427643613,1.50155992077787,0.0,0.0,0.0,0.0,0.0,0.0,0.0,0.0,62.935842155979714,11.616901880401024,True,False,True,False,False,10.873982159173615,0,,,False,False,False,False,,,False,False,False,False,116569.0,40489.14427209676,False,False,False,False,12686.467578768586,False,False,False,False
2024-06-07 17:00:00+00:00,38.585,38.71,38.35,38.36,6768.0,,,,,,,,,,,,,,,,,,,,,,"rgba(38, 166, 154, 1.0)",0.0,0.0,1.4630913434503214,36.0798033064458,1.5584786990653299,0.0,0.0,0.0,0.0,0.0,0.0,0.0,0.0,63.74051366537264,11.616901880401024,True,False,True,False,False,11.400922634906664,0,,,False,False,False,False,,,False,False,False,False,123337.0,41773.607151599135,False,False,False,False,12594.708391500855,False,False,False,False
2024-06-10 17:00:00+00:00,38.855,38.87,38.145,38.145,4367.0,,,,,,,,,,,,,,,,,,,,,,"rgba(38, 166, 154, 1.0)",0.0,0.0,1.4892998294440136,36.5550141693794,1.0676062665059058,0.0,0.0,0.0,0.0,0.0,0.0,0.0,0.0,63.29180888102843,11.616901880401024,True,False,True,False,False,10.467120633067058,0,,,False,False,False,False,,,False,False,False,False,118970.0,42970.45045157434,False,False,False,False,12467.14702108999,False,False,False,False
2024-06-11 17:00:00+00:00,38.505,38.545,38.1,38.125,6764.0,,,,,,,,,,,,,,,,,,,,,,"rgba(38, 166, 154, 1.0)",0.0,0.0,1.5119482092278729,36.55900530524945,1.0357462545296297,0.0,0.0,0.0,0.0,0.0,0.0,0.0,0.0,62.894701285416275,11.616901880401024,True,False,True,False,False,10.379530407982081,0,,,False,False,False,False,,,False,False,False,False,112206.0,44043.86982441814,False,False,False,False,12378.726137042082,False,False,False,False
2024-06-12 17:00:00+00:00,38.53,38.54,38.03,38.1,4844.0,,,,,,,,,,,,,,,,,,,,,,"rgba(38, 166, 154, 1.0)",0.0,0.0,1.5337940945004018,36.56753456818002,0.9991337411682658,0.0,0.0,0.0,0.0,0.0,0.0,0.0,0.0,62.493742408338235,11.616901880401024,True,False,True,False,False,10.268068382292505,0,,,False,False,False,False,,,False,False,False,False,107362.0,45025.54626124887,False,False,False,False,12261.908677553056,False,False,False,False
2024-06-13 17:00:00+00:00,37.875,37.88,37.645,37.72,1843.0,,,,,,,,,,,,,,,,,,,,,,"rgba(38, 166, 154, 1.0)",0.0,0.0,1.5464827865220456,36.560455983691824,0.7497943245239251,0.0,0.0,0.0,0.0,0.0,0.0,0.0,0.0,60.14645360952405,13.856617582172397,True,False,True,False,False,8.575792422238507,0,,,False,False,False,False,,,False,False,False,False,105519.0,45963.429264950435,False,False,False,False,12100.375209684016,False,False,False,False
2024-06-14 17:00:00+00:00,37.425,37.6,37.36,37.565,1790.0,,,,,,,,,,,,,,,,,,,,,,"rgba(38, 166, 154, 1.0)",0.0,0.0,1.5536222916864977,36.550591485402016,0.6529312304709625,0.0,0.0,0.0,0.0,0.0,0.0,0.0,0.0,57.761723933136835,11.451418469838956,True,False,True,False,False,7.891070027932464,0,,,False,False,False,False,,,False,False,False,False,103729.0,46859.01950890469,False,False,False,False,11940.524431239302,False,False,False,False
2024-06-17 17:00:00+00:00,37.98,37.98,37.81,37.885,7439.0,,,,,,,,,,,,,,,,,,,,,,"rgba(38, 166, 154, 1.0)",0.0,0.0,1.5636562691102884,36.552774128114336,0.8519940719731778,0.0,0.0,0.0,0.0,0.0,0.0,0.0,0.0,57.63538078998525,11.17702142052886,True,False,True,False,False,9.029679590277965,0,,,False,False,False,False,,,False,False,False,False,111168.0,47856.057966130975,False,False,False,False,11870.73335478598,False,False,False,False
2024-06-18 17:00:00+00:00,37.925,38.055,37.88,37.895,7584.0,,,,,,,,,,,,,,,,,,,,,,"rgba(38, 166, 154, 1.0)",0.0,0.0,1.5676127687642665,36.56384964470789,0.8491576375340762,0.0,0.0,0.0,0.0,0.0,0.0,0.0,0.0,57.597644358401766,10.906638506940538,True,False,True,False,False,9.065351975622562,0,,,False,False,False,False,,,False,False,False,False,118752.0,48955.21985812895,False,False,False,False,11804.272372541236,False,False,False,False
2024-06-19 17:00:00+00:00,37.895,37.895,37.895,37.895,0.0,,,,,,,,,,,,,,,,,,,,,,"rgba(38, 166, 154, 1.0)",0.0,0.0,1.5724929195331716,36.56384964470789,0.8465223205502873,0.0,0.0,0.0,0.0,0.0,0.0,0.0,0.0,57.57248673734611,10.602743133565802,True,False,True,False,False,9.065351975622562,0,,,False,False,False,False,,,False,False,False,False,118752.0,50037.34048048354,False,False,False,False,11621.260397773154,False,False,False,False
2024-06-20 17:00:00+00:00,37.84,38.035,37.66,37.905,10963.0,,,,,,,,,,,,,,,,,,,,,,"rgba(38, 166, 154, 1.0)",0.0,0.0,1.5770575920519272,36.577986124155885,0.841449216903692,0.0,0.0,0.0,0.0,0.0,0.0,0.0,0.0,57.614122339771704,10.34893987890095,True,False,True,False,False,9.102454259689008,0,,,False,False,False,False,,,False,False,False,False,129715.0,51272.653031173715,False,False,False,False,11611.054810210779,False,False,False,False
2024-06-21 17:00:00+00:00,37.93,37.99,37.695,37.79,15905.0,,,,,,,,,,,,,,,,,,,,,,"rgba(38, 166, 154, 1.0)",0.0,0.0,1.5735780138797497,36.59972703678709,0.7564117906542326,0.0,0.0,0.0,0.0,0.0,0.0,0.0,0.0,56.66749160601091,9.198498648413185,True,False,True,False,False,8.550746549298246,0,,,False,False,False,False,,,False,False,False,False,113810.0,52242.22430200823,False,False,False,False,11677.627603850922,False,False,False,False
2024-06-24 17:00:00+00:00,38.425,38.425,38.22,38.225,9175.0,,,,,,,,,,,,,,,,,,,,,,"rgba(38, 166, 154, 1.0)",0.0,0.0,1.571781373055634,36.63068939415999,1.014333566468333,0.0,0.0,0.0,0.0,0.0,0.0,0.0,0.0,58.71012654267321,9.198498648413185,True,False,True,False,True,10.191700342554451,1,,,False,False,False,False,,,False,False,False,False,122985.0,53339.01152213213,False,False,False,False,11638.82717588424,False,False,False,False
2024-06-25 17:00:00+00:00,37.99,38.08,37.75,37.83,6853.0,,,,,,,,,,,,,,,,,,,,,,"rgba(38, 166, 154, 1.0)",0.0,0.0,1.561315170957815,36.6416258054479,0.761136647268385,0.0,0.0,0.0,0.0,0.0,0.0,0.0,0.0,56.86116544829338,9.198498648413185,True,False,True,False,False,8.28597682747446,0,,,False,False,False,False,,,False,False,False,False,116132.0,54312.54622721535,False,False,False,False,11564.628304940297,False,False,False,False
2024-06-26 17:00:00+00:00,37.81,37.95,37.565,37.62,6255.0,,,,,,,,,,,,,,,,,,,,,,"rgba(38, 166, 154, 1.0)",0.0,0.0,1.5652497426151275,36.64774524512466,0.6211499215779781,0.0,0.0,0.0,0.0,0.0,0.0,0.0,0.0,54.13936831465209,6.92252634171399,False,False,True,False,False,7.287375950232626,0,,,False,False,False,False,,,False,False,False,False,109877.0,55174.01062679341,False,False,False,False,11482.308486259051,False,False,False,False
2024-06-27 17:00:00+00:00,37.93,37.95,37.715,37.91,10438.0,,,,,,,,,,,,,,,,,,,,,,"rgba(38, 166, 154, 1.0)",0.0,0.0,1.5637299483450828,36.66377098895547,0.796959227111707,0.0,0.0,0.0,0.0,0.0,0.0,0.0,0.0,54.29963600311525,6.92252634171399,False,False,True,False,False,8.412410807333917,1,,,False,False,False,False,,,False,False,False,False,120315.0,56183.948446533046,False,False,False,False,11466.117657014725,False,False,False,False
2024-06-28 17:00:00+00:00,37.945,38.075,37.79,37.91,17295.0,,,,,,,,,,,,,,,,,,,,,,"rgba(38, 166, 154, 1.0)",0.0,0.0,1.556103574102089,36.69341866437525,0.7818125707517531,0.0,0.0,0.0,0.0,0.0,0.0,0.0,0.0,54.40648112875736,6.92252634171399,False,False,True,False,False,8.412410807333917,1,,,False,False,False,False,,,False,False,False,False,120315.0,57178.22831557905,False,False,False,False,11556.487925898218,False,False,False,False
2024-07-01 17:00:00+00:00,37.65,37.805,37.625,37.725,4725.0,,,,,,,,,,,,,,,,,,,,,,"rgba(38, 166, 154, 1.0)",0.0,0.0,1.5361325692368577,36.69851616342261,0.6682260744509458,0.0,0.0,0.0,0.0,0.0,0.0,0.0,0.0,52.925006498990676,5.661931560753558,False,False,True,False,False,7.501906721299964,1,,,False,False,False,False,,,False,False,False,False,115590.0,58083.837178903406,False,False,False,False,11450.573384411424,False,False,False,False
2024-07-02 17:00:00+00:00,37.78,38.115,37.78,38.075,12557.0,,,,,,,,,,,,,,,,,,,,,,"rgba(38, 166, 154, 1.0)",0.0,0.0,1.545431168151935,36.72131585154032,0.8759265222264503,0.0,0.0,0.0,0.0,0.0,0.0,0.0,0.0,54.4997505395017,5.661931560753558,False,False,True,False,True,8.894923281883457,1,,,False,False,False,False,,,False,False,False,False,128147.0,59170.087765277,False,False,False,False,11467.7272854283,False,False,False,False
2024-07-03 17:00:00+00:00,38.57,38.57,38.57,38.57,0.0,,,,,,,,,,,,,,,,,,,,,,"rgba(38, 166, 154, 1.0)",0.0,0.0,1.557616934138003,36.72131585154032,1.1868670068631206,0.0,0.0,0.0,0.0,0.0,0.0,0.0,0.0,58.322429377625696,5.246739714294208,True,False,True,False,True,10.806821351379774,0,,,False,False,False,False,,,False,False,False,False,128147.0,60239.49725728821,False,False,False,False,11289.93306394879,False,False,False,False
2024-07-04 17:00:00+00:00,38.57,38.57,38.57,38.57,0.0,,,,,,,,,,,,,,,,,,,,,,"rgba(38, 166, 154, 1.0)",0.0,0.0,1.5718775913416796,36.72131585154032,1.1760993086501945,0.0,0.0,0.0,0.0,0.0,0.0,0.0,0.0,60.87088193637503,7.472954746788652,True,False,True,False,True,10.806821351379774,0,,,False,False,False,False,,,False,False,False,False,128147.0,61292.326757175215,False,False,False,False,11114.895342027105,False,False,False,False
2024-07-05 17:00:00+00:00,38.42,38.45,38.26,38.32,1156.0,,,,,,,,,,,,,,,,,,,,,,"rgba(38, 166, 154, 1.0)",0.0,0.0,1.5830692563088413,36.724442054995976,1.0078889086155982,0.0,0.0,0.0,0.0,0.0,0.0,0.0,0.0,60.11700028604271,7.472954746788652,True,False,True,False,True,9.5213015938246,0,,,False,False,False,False,,,False,False,False,False,126991.0,62310.91083845932,False,False,False,False,10960.493863856142,False,False,False,False
2024-07-08 17:00:00+00:00,38.905,38.905,38.65,38.655,2581.0,,,,,,,,,,,,,,,,,,,,,,"rgba(38, 166, 154, 1.0)",0.0,0.0,1.6002858697322868,36.733990010877335,1.2004167664393823,0.0,0.0,0.0,0.0,0.0,0.0,0.0,0.0,61.600499329397636,7.957014372254569,True,False,True,False,True,10.835706231786272,0,,,False,False,False,False,,,False,False,False,False,129572.0,63353.718422359176,False,False,False,False,10830.579230307985,False,False,False,False
2024-07-09 17:00:00+00:00,38.87,38.9,38.37,38.38,5095.0,,,,,,,,,,,,,,,,,,,,,,"rgba(38, 166, 154, 1.0)",0.0,0.0,1.615914133389037,36.74994196950771,1.008752876660341,0.0,0.0,0.0,0.0,0.0,0.0,0.0,0.0,60.064029031833215,7.957014372254569,True,False,True,False,True,9.416266373951235,0,,,False,False,False,False,,,False,False,False,False,124477.0,64301.3661987567,False,False,False,False,10741.655521310962,False,False,False,False
2024-07-10 17:00:00+00:00,39.075,39.1,38.91,39.04,2586.0,,,,,,,,,,,,,,,,,,,,,,"rgba(38, 166, 154, 1.0)",0.0,0.0,1.64337333796307,36.76087813703963,1.3868558107345799,0.0,0.0,0.0,0.0,0.0,0.0,0.0,0.0,62.48895897852379,8.633817029181166,True,False,True,False,True,11.968903263655971,0,,,False,False,False,False,,,False,False,False,False,127063.0,65274.41478482249,False,False,False,False,10615.21124966273,False,False,False,False
2024-07-11 17:00:00+00:00,39.095,39.365,39.095,39.36,9375.0,,,,,,,,,,,,,,,,,,,,,,"rgba(38, 166, 154, 1.0)",0.0,0.0,1.6751238545038636,36.804760120497136,1.5254035530761825,0.0,0.0,0.0,0.0,0.0,0.0,0.0,0.0,65.3685794781843,11.290182040168098,True,False,True,False,True,13.159718355591576,0,,,False,False,False,False,,,False,False,False,False,136438.0,66377.7261835074,False,False,False,False,10595.983168272609,False,False,False,False
2024-07-12 17:00:00+00:00,39.925,40.005,39.52,39.555,8333.0,,,,,,,,,,,,,,,,,,,,,,"rgba(38, 166, 154, 1.0)",0.0,0.0,1.7102648548905592,37.323616089961696,1.3047007916099,0.0,0.0,0.0,0.0,0.0,0.0,0.0,0.0,67.9973387064785,13.676317730402438,True,False,True,False,True,13.877756163911126,0,,,False,False,False,False,,,False,False,False,False,144771.0,67593.12577756155,False,False,False,False,10560.898157911794,False,False,False,False
2024-07-15 17:00:00+00:00,39.7,39.7,39.22,39.22,3645.0,,,,,,,,,,,,,,,,,,,,,,"rgba(38, 166, 154, 1.0)",0.0,0.0,1.7371928064687574,37.32128847430574,1.09297685243921,0.0,0.0,0.0,0.0,0.0,0.0,0.0,0.0,66.70642710446242,13.676317730402438,True,False,True,False,True,12.104783740819773,0,,,False,False,False,False,,,False,False,False,False,141126.0,68733.17033914974,False,False,False,False,10453.674930657347,False,False,False,False
2024-07-16 17:00:00+00:00,39.775,39.81,39.47,39.63,9039.0,,,,,,,,,,,,,,,,,,,,,,"rgba(38, 166, 154, 1.0)",0.0,0.0,1.7727553933593414,37.36073001858363,1.2800807093392301,0.0,0.0,0.0,0.0,0.0,0.0,0.0,0.0,67.5974036052048,13.676317730402438,True,False,True,False,True,13.633590474278158,0,,,False,False,False,False,,,False,False,False,False,150165.0,69995.67932613967,False,False,False,False,10431.741985995994,False,False,False,False
2024-07-17 17:00:00+00:00,39.475,39.685,39.42,39.55,5481.0,,,,,,,,,,,,,,,,,,,,,,"rgba(38, 166, 154, 1.0)",0.0,0.0,1.8048591195551493,37.37902755942487,1.2028486971937264,0.0,0.0,0.0,0.0,0.0,0.0,0.0,0.0,67.4709785056173,13.676317730402438,True,False,True,False,True,13.20669986577127,0,,,False,False,False,False,,,False,False,False,False,144684.0,71153.63778619951,False,False,False,False,10354.986296290628,False,False,False,False
2024-07-18 17:00:00+00:00,39.535,39.55,38.99,39.24,5104.0,,,,,,,,,,,,,,,,,,,,,,"rgba(38, 166, 154, 1.0)",0.0,0.0,1.8280233084444415,37.385710632611996,1.0143685580059236,0.0,0.0,0.0,0.0,0.0,0.0,0.0,0.0,64.70778265599574,13.676317730402438,True,False,True,False,False,11.558262615475439,0,,,False,False,False,False,,,False,False,False,False,139580.0,72214.5116189716,False,False,False,False,10273.57565603806,False,False,False,False
2024-07-19 17:00:00+00:00,39.445,39.5,39.345,39.41,2329.0,,,,,,,,,,,,,,,,,,,,,,"rgba(38, 166, 154, 1.0)",0.0,0.0,1.8537877586320386,37.392002763835805,1.0885805167110003,0.0,0.0,0.0,0.0,0.0,0.0,0.0,0.0,63.800330038651566,13.676317730402438,True,False,True,False,False,12.21484461364754,0,,,False,False,False,False,,,False,False,False,False,141909.0,73295.04632255345,False,False,False,False,10150.40394044057,False,False,False,False
2024-07-22 17:00:00+00:00,39.45,39.47,39.325,39.36,3982.0,,,,,,,,,,,,,,,,,,,,,,"rgba(38, 166, 154, 1.0)",0.0,0.0,1.8781235196213524,37.40215312438769,1.0424484093607602,0.0,0.0,0.0,0.0,0.0,0.0,0.0,0.0,62.73615726509736,16.777764413260982,True,False,True,False,False,11.944789459237573,0,,,False,False,False,False,,,False,False,False,False,137927.0,74297.09211600223,False,False,False,False,10054.769770821336,False,False,False,False
2024-07-23 17:00:00+00:00,39.58,39.65,39.15,39.21,11115.0,,,,,,,,,,,,,,,,,,,,,,"rgba(38, 166, 154, 1.0)",0.0,0.0,1.898984489165204,37.42876988650526,0.937990870203355,0.0,0.0,0.0,0.0,0.0,0.0,0.0,0.0,60.61707321915349,14.637110353016624,False,False,True,False,False,11.128388400092899,0,,,False,False,False,False,,,False,False,False,False,126812.0,75111.27673435878,False,False,False,False,10071.207448793099,False,False,False,False
2024-07-24 17:00:00+00:00,39.26,39.385,38.94,38.985,11638.0,,,,,,,,,,,,,,,,,,,,,,"rgba(38, 166, 154, 1.0)",0.0,0.0,1.915598307024156,37.6825632063658,0.6799112260949478,0.0,0.0,0.0,0.0,0.0,0.0,0.0,0.0,57.224666702874075,11.40933819385831,False,True,True,False,False,9.908067251259858,0,,,False,False,False,False,,,False,False,False,False,115174.0,75732.40422684934,False,False,False,False,10095.49880617615,False,False,False,False
2024-07-25 17:00:00+00:00,39.33,39.53,38.98,39.03,11786.0,,,,,,,,,,,,,,,,,,,,,,"rgba(38, 166, 154, 1.0)",0.0,0.0,1.93093986591134,37.70802685863807,0.684626779269484,0.0,0.0,0.0,0.0,0.0,0.0,0.0,0.0,55.345552978449646,9.656114970794462,False,True,True,False,False,10.095741604937562,0,,,False,False,False,False,,,False,False,False,False,126960.0,76526.63051790593,False,False,False,False,10121.708127010628,False,False,False,False
2024-07-26 17:00:00+00:00,40.12,40.145,39.815,39.94,5824.0,,,,,,,,,,,,,,,,,,,,,,"rgba(38, 166, 154, 1.0)",0.0,0.0,1.9573886308682256,37.7558769182989,1.1158351730756189,0.0,0.0,0.0,0.0,0.0,0.0,0.0,0.0,59.66037780278569,5.0101858868302855,False,False,True,False,True,13.740383304398595,0,,,False,False,False,False,,,False,False,False,False,132784.0,77398.83779669809,False,False,False,False,10055.076993258524,False,False,False,False
2024-07-29 17:00:00+00:00,39.905,40.04,39.835,39.975,11354.0,,,,,,,,,,,,,,,,,,,,,,"rgba(38, 166, 154, 1.0)",0.0,0.0,1.9796635554539876,37.82495226224528,1.0860672419974198,0.0,0.0,0.0,0.0,0.0,0.0,0.0,0.0,62.69239751823223,7.707648156259616,True,False,True,False,True,13.875093489228039,0,,,False,False,False,False,,,False,False,False,False,144138.0,78433.55348977254,False,False,False,False,10075.215334448316,False,False,False,False
2024-07-30 17:00:00+00:00,40.16,40.36,40.07,40.335,9056.0,,,,,,,,,,,,,,,,,,,,,,"rgba(38, 166, 154, 1.0)",0.0,0.0,2.013200184279226,37.884278742884625,1.2173261637132191,0.0,0.0,0.0,0.0,0.0,0.0,0.0,0.0,66.22848317572783,10.875398457033548,True,False,True,False,True,15.254026534494965,0,,,False,False,False,False,,,False,False,False,False,153194.0,79592.63017985359,False,False,False,False,10059.413546317335,False,False,False,False
2024-07-31 17:00:00+00:00,40.93,41.19,40.66,40.67,4801.0,,,,,,,,,,,,,,,,,,,,,,"rgba(38, 166, 154, 1.0)",0.0,0.0,2.0443071845651746,37.92656480532197,1.341987747923294,0.0,0.0,0.0,0.0,0.0,0.0,0.0,0.0,69.76191136470938,14.03387258756284,True,False,True,False,True,16.507009106955806,0,,,False,False,False,False,,,False,False,False,False,157995.0,80808.1707972202,False,False,False,False,9977.887754901561,False,False,False,False
2024-08-01 17:00:00+00:00,40.8,41.3,40.64,41.29,8282.0,,,,,,,,,,,,,,,,,,,,,,"rgba(38, 166, 154, 1.0)",0.0,0.0,2.0863364438068652,38.00076100521869,1.5765621142003097,0.0,0.0,0.0,0.0,0.0,0.0,0.0,0.0,73.78406345113893,17.642960419025854,True,False,True,False,True,18.73540521391141,0,,,False,False,False,False,,,False,False,False,False,166277.0,82133.26892439507,False,False,False,False,9951.594921492235,False,False,False,False
2024-08-02 17:00:00+00:00,40.8,41.36,40.43,41.34,19285.0,,,,,,,,,,,,,,,,,,,,,,"rgba(38, 166, 154, 1.0)",0.0,0.0,2.1267319004934526,38.13937867617849,1.5049481897924673,0.0,0.0,0.0,0.0,0.0,0.0,0.0,0.0,76.58179562049615,20.142202369553303,True,False,True,False,True,18.91124478005189,0,,,False,False,False,False,,,False,False,False,False,185562.0,83736.8151426215,False,False,False,False,10096.298876197781,False,False,False,False
2024-08-05 17:00:00+00:00,40.79,40.835,40.44,40.615,5766.0,,,,,,,,,,,,,,,,,,,,,,"rgba(38, 166, 154, 1.0)",0.0,0.0,2.1422607364798,38.165959532225905,1.143203731492742,0.0,0.0,0.0,0.0,0.0,0.0,0.0,0.0,71.91386355563819,20.142202369553303,True,False,True,False,False,14.760659245117882,0,,,False,False,False,False,,,False,False,False,False,179796.0,85226.1048303328,False,False,False,False,10029.162459512545,False,False,False,False
2024-08-06 17:00:00+00:00,40.305,40.48,40.08,40.145,11720.0,,,,,,,,,,,,,,,,,,,,,,"rgba(38, 166, 154, 1.0)",0.0,0.0,2.156875225584143,38.20009976361916,0.9017212555047602,0.0,0.0,0.0,0.0,0.0,0.0,0.0,0.0,65.711223564119,23.153886230574685,True,False,True,False,False,12.210916314356542,0,,,False,False,False,False,,,False,False,False,False,168076.0,86510.59932908732,False,False,False,False,10055.376995023978,False,False,False,False
2024-08-07 17:00:00+00:00,40.66,40.66,39.97,39.98,14001.0,,,,,,,,,,,,,,,,,,,,,,"rgba(38, 166, 154, 1.0)",0.0,0.0,2.1667924315543807,38.23720586084226,0.8043198387523989,0.0,0.0,0.0,0.0,0.0,0.0,0.0,0.0,60.59381945181673,18.63632479021318,False,False,True,False,False,11.332411300505296,0,,,False,False,False,False,,,False,False,False,False,154075.0,87558.10941700844,False,False,False,False,10116.54944471353,False,False,False,False
2024-08-08 17:00:00+00:00,40.975,41.58,40.875,41.39,9281.0,,,,,,,,,,,,,,,,,,,,,,"rgba(38, 166, 154, 1.0)",0.0,0.0,2.1945378507508764,38.29125600874745,1.4120257666972071,0.0,0.0,0.0,0.0,0.0,0.0,0.0,0.0,62.92459360981546,18.63632479021318,True,False,True,False,False,16.47328175684127,0,,,False,False,False,False,0.3428282459240484,0.3428282459240484,False,False,False,False,163356.0,88733.27051131839,False,False,False,False,10103.59518975673,False,False,False,False
2024-08-09 17:00:00+00:00,41.695,41.81,41.595,41.7,7797.0,,,,,,,,,,,,,,,,,,,,,,"rgba(38, 166, 154, 1.0)",0.0,0.0,2.229764090862707,38.34341451420391,1.50535453483665,0.0,0.0,0.0,0.0,0.0,0.0,0.0,0.0,65.33255148121995,18.63632479021318,True,False,True,False,True,17.514620829433124,0,0.9112158711451582,0.7861585805015383,False,False,False,False,0.3428282463625794,0.3428282461433139,False,False,False,False,171153.0,90011.0957747088,False,False,False,False,10067.834024024067,False,False,False,False
2024-08-12 17:00:00+00:00,41.49,41.595,41.325,41.505,16525.0,,,,,,,,,,,,,,,,,,,,,,"rgba(38, 166, 154, 1.0)",0.0,0.0,2.258507234420075,38.43443602435726,1.359554633630023,0.0,0.0,0.0,0.0,0.0,0.0,0.0,0.0,65.6990991556683,18.63632479021318,True,False,True,False,True,16.46998851097857,0,0.9019401512660311,0.7924366984544553,False,False,False,False,0.32342277431484256,0.3331255102290782,False,False,False,False,154628.0,91012.90824331796,False,False,False,False,10167.945124426795,False,False,False,False
2024-08-13 17:00:00+00:00,41.99,41.99,41.7,41.855,27554.0,,,,,,,,,,,,,,,,,,,,,,"rgba(38, 166, 154, 1.0)",0.0,0.0,2.279341828504679,38.592017921238536,1.4315457374386362,0.0,0.0,0.0,0.0,0.0,0.0,0.0,0.0,67.02474858081045,18.63632479021318,True,False,True,False,True,17.655891723442206,0,0.900387673303108,0.7928904658650366,False,False,False,False,0.342828246485441,0.33797687835725965,False,False,False,False,182182.0,92426.38253411923,False,False,False,False,10437.496362807775,False,False,False,False
2024-08-14 17:00:00+00:00,41.66,41.72,41.465,41.615,4289.0,,,,,,,,,,,,,,,,,,,,,,"rgba(38, 166, 154, 1.0)",0.0,0.0,2.289283494659147,38.61183121019895,1.311837872769967,0.0,0.0,0.0,0.0,0.0,0.0,0.0,0.0,66.29723677979806,18.63632479021318,True,False,True,False,True,16.36066143123324,0,0.894129222695966,0.7950147589373562,False,False,False,False,0.3229339281872204,0.33045540327224,False,False,False,False,177893.0,93751.44637079955,False,False,False,False,10342.170837803003,False,False,False,False
2024-08-15 17:00:00+00:00,42.09,42.12,41.805,41.945,9077.0,,,,,,,,,,,,,,,,,,,,,,"rgba(38, 166, 154, 1.0)",0.0,0.0,2.278083045097398,38.659830666408105,1.4420761967663212,0.0,0.0,0.0,0.0,0.0,0.0,0.0,0.0,66.94800380914148,18.63632479021318,True,False,True,False,True,17.488648571092632,0,0.8963247751857163,0.7879577740127718,False,False,False,False,0.3428282465839627,0.33664182492810135,False,False,False,False,186970.0,95196.6952642755,False,False,False,False,10322.55578605412,False,False,False,False
2024-08-16 17:00:00+00:00,42.17,42.245,42.04,42.175,14341.0,,,,,,,,,,,,,,,,,,,,,,"rgba(38, 166, 154, 1.0)",0.0,0.0,2.2536229830096732,38.73746724856819,1.525336215217794,0.0,0.0,0.0,0.0,0.0,0.0,0.0,0.0,68.12929279234082,18.63632479021318,True,False,True,False,True,18.264815928424177,0,0.902739546467427,0.7838510945077989,False,False,False,False,0.34282824673023066,0.339735035829166,False,False,False,False,201311.0,96841.87828343402,False,False,False,False,10384.857246735452,False,False,False,False
2024-08-19 17:00:00+00:00,42.495,42.535,42.38,42.52,7096.0,,,,,,,,,,,,,,,,,,,,,,"rgba(38, 166, 154, 1.0)",0.0,0.0,2.2299724839735453,38.77883112519479,1.677674904821648,0.0,0.0,0.0,0.0,0.0,0.0,0.0,0.0,69.96422540929223,13.989045560616312,True,False,True,False,True,19.41307435058685,0,0.9020611702127662,0.7883643617021274,False,False,False,False,0.3428282469734687,0.34128164140131734,False,False,False,False,208407.0,98571.57009299319,False,False,False,False,10333.867211902343,False,False,False,False
2024-08-20 17:00:00+00:00,42.74,42.875,42.585,42.63,15536.0,,,,,,,,,,,,,,,,,,,,,,"rgba(38, 166, 154, 1.0)",0.0,0.0,2.1867238690056734,38.87152532981218,1.71876967341873,0.0,0.0,0.0,0.0,0.0,0.0,0.0,0.0,71.5108565067973,15.867587137420173,True,False,True,False,True,19.776702105464825,0,0.9012881265434158,0.7878262030301006,False,False,False,False,0.34282824717179883,0.3420549442865581,False,False,False,False,223943.0,100515.31319232663,False,False,False,False,10414.520433423237,False,False,False,False
2024-08-21 17:00:00+00:00,42.715,42.75,42.555,42.585,21659.0,,,,,,,,,,,,,,,,,,,,,,"rgba(38, 166, 154, 1.0)",0.0,0.0,2.154539170225479,38.98745173934001,1.6697530081495326,0.0,0.0,0.0,0.0,0.0,0.0,0.0,0.0,72.1278837549007,16.861065142239553,True,False,True,False,True,19.518597715030623,0,0.8964641400975873,0.7889846935365283,False,False,False,False,0.3372247828750169,0.33963986358078746,False,False,False,False,202284.0,102093.12229012002,False,False,False,False,10588.85344995931,False,False,False,False
2024-08-22 17:00:00+00:00,42.28,42.49,41.875,41.975,12474.0,,,,,,,,,,,,,,,,,,,,,,"rgba(38, 166, 154, 1.0)",0.0,0.0,2.0785235946058416,39.037609194754545,1.4132102290628485,0.0,0.0,0.0,0.0,0.0,0.0,0.0,0.0,67.58732812304508,16.861065142239553,True,False,True,False,False,16.087418222515335,0,0.8937917222963951,0.7894526034712949,False,False,False,False,0.3036618716264081,0.3216508676035978,False,False,False,False,189810.0,103453.07388252126,False,False,False,False,10618.080528254515,False,False,False,False
2024-08-23 17:00:00+00:00,42.48,42.545,42.13,42.52,11002.0,,,,,,,,,,,,,,,,,,,,,,"rgba(38, 166, 154, 1.0)",0.0,0.0,2.04022573605322,39.08564617325415,1.6833205101066664,0.0,0.0,0.0,0.0,0.0,0.0,0.0,0.0,66.89936889711365,16.861065142239553,True,False,True,False,False,17.974689868510904,0,0.9006194631319522,0.7840538200226469,False,False,False,False,0.3146539525851933,0.31815241009439554,False,False,False,False,200812.0,104962.51459752093,False,False,False,False,10624.032768126539,False,False,False,False
2024-08-26 17:00:00+00:00,43.71,43.88,43.675,43.775,22507.0,,,,,,,,,,,,,,,,,,,,,,"rgba(38, 166, 154, 1.0)",0.0,0.0,2.0430222379760603,39.23117684916873,2.2240693548850685,0.0,0.0,0.0,0.0,0.0,0.0,0.0,0.0,69.9417385051839,16.861065142239553,True,False,True,False,True,20.0,0,0.9057236842105264,0.7859868421052629,False,False,False,False,0.34282824784491167,0.3304903289696536,False,False,False,False,223319.0,106797.4988673268,False,False,False,False,10808.264818233105,False,False,False,False
2024-08-27 17:00:00+00:00,44.57,44.895,44.52,44.885,18225.0,,,,,,,,,,,,,,,,,,,,,,"rgba(38, 166, 154, 1.0)",0.0,0.0,2.093249590193842,39.36972889019114,2.63478905508737,0.0,0.0,0.0,0.0,0.0,0.0,0.0,0.0,73.82884551135686,18.50166321776541,True,False,True,False,True,20.0,0,0.9114899732183682,0.7796067672610879,False,False,False,False,0.3428282483456737,0.33665928865766365,False,False,False,False,241544.0,108886.59190814343,False,False,False,False,10923.25296058608,False,False,False,False
2024-08-28 17:00:00+00:00,45.145,45.165,44.595,44.67,38700.0,,,,,,,,,,,,,,,,,,,,,,"rgba(38, 166, 154, 1.0)",0.0,0.0,2.1417064489591815,39.63743426813029,2.3497924910836483,0.0,0.0,0.0,0.0,0.0,0.0,0.0,0.0,75.10800286528486,19.74497449112927,True,False,True,False,True,20.0,0,0.9091146002996938,0.7777705387973156,False,False,False,False,0.3428282484302819,0.3397437685439728,False,False,False,False,202844.0,110343.29590956755,False,False,False,False,11353.900201507226,False,False,False,False
2024-08-29 17:00:00+00:00,45.26,45.27,44.91,45.09,6889.0,,,,,,,,,,,,,,,,,,,,,,"rgba(38, 166, 154, 1.0)",0.0,0.0,2.2064855407278947,39.68434648869612,2.4498930138108306,0.0,0.0,0.0,0.0,0.0,0.0,0.0,0.0,76.67439832321747,21.346310046673793,True,False,True,False,True,20.0,0,0.9116575591985429,0.7736794171220399,False,False,False,False,0.34282824853015265,0.3412860085370627,False,False,False,False,209733.0,111884.22155438045,False,False,False,False,11284.67694256913,False,False,False,False
2024-08-30 17:00:00+00:00,45.125,45.645,45.075,45.635,17838.0,,,,,,,,,,,,,,,,,,,,,,"rgba(38, 166, 154, 1.0)",0.0,0.0,2.2773438910709154,40.515511651075286,2.2480084667921125,0.0,0.0,0.0,0.0,0.0,0.0,0.0,0.0,78.5449377229233,23.265280699942394,True,False,True,False,True,20.0,0,0.9185488058151612,0.7635643821391483,False,False,False,False,0.34282824865376327,0.342057128595413,False,False,False,False,227571.0,113677.81501865362,False,False,False,False,11386.278850436274,False,False,False,False
2024-09-02 17:00:00+00:00,45.635,45.635,45.635,45.635,0.0,,,,,,,,,,,,,,,,,,,,,,"rgba(38, 166, 154, 1.0)",0.0,0.0,2.3473830070914707,40.515511651075286,2.1809343994817545,0.0,0.0,0.0,0.0,0.0,0.0,0.0,0.0,79.79196398939385,24.629786622965312,True,False,True,False,True,20.0,0,0.9257664709719504,0.7621656881930854,False,False,False,False,0.34282824877443724,0.3424426886849251,False,False,False,False,227571.0,115443.60083231791,False,False,False,False,11209.74739539075,False,False,False,False
2024-09-03 17:00:00+00:00,45.06,45.115,44.355,44.43,9706.0,,,,,,,,,,,,,,,,,,,,,,"rgba(38, 166, 154, 1.0)",0.0,0.0,2.375436616101749,40.52699919101289,1.643066702992983,0.0,0.0,0.0,0.0,0.0,0.0,0.0,0.0,73.61025562258095,29.10892975084012,True,False,True,False,False,20.0,0,0.9143004313952742,0.7671753267658231,False,False,False,False,0.2928546237386868,0.31764865621180594,False,False,False,False,217865.0,117031.5295015843,False,False,False,False,11186.433482283916,False,False,False,False
2024-09-04 17:00:00+00:00,44.57,44.89,44.525,44.77,13974.0,,,,,,,,,,,,,,,,,,,,,,"rgba(38, 166, 154, 1.0)",0.0,0.0,2.399587336895074,40.576369852340605,1.7476463903521473,0.0,0.0,0.0,0.0,0.0,0.0,0.0,0.0,70.45882842762225,26.268056237818527,True,False,True,False,False,20.0,0,0.920169960728771,0.7662396188759414,False,False,False,False,0.29135095402897776,0.3044998051203919,False,False,False,False,231839.0,118811.49028450547,False,False,False,False,11229.651567829902,False,False,False,False
2024-09-05 17:00:00+00:00,44.455,44.46,44.05,44.11,8728.0,,,,,,,,,,,,,,,,,,,,,,"rgba(38, 166, 154, 1.0)",0.0,0.0,2.3976300855275463,40.59423235419474,1.466351155262424,0.0,0.0,0.0,0.0,0.0,0.0,0.0,0.0,65.3458347370086,21.632747160298152,False,True,True,False,False,17.896733229222193,0,0.9142290213147283,0.7661780707930614,False,False,False,False,0.26678649265508286,0.28564314888773734,False,False,False,False,223111.0,120428.5369467612,False,False,False,False,11190.866272204632,False,False,False,False
2024-09-06 17:00:00+00:00,43.81,44.305,43.775,44.02,8837.0,,,,,,,,,,,,,,,,,,,,,,"rgba(38, 166, 154, 1.0)",0.0,0.0,2.428595714429214,40.61171386969839,1.4033979019446023,0.0,0.0,0.0,0.0,0.0,0.0,0.0,0.0,61.54857553298193,18.26945553212225,False,True,True,False,False,17.459915320153645,0,0.9122896481387044,0.7674018357980621,False,False,False,False,0.25522596644442425,0.2704345576660808,False,False,False,False,214274.0,121883.50536619127,False,False,False,False,11154.372221472777,False,False,False,False
2024-09-09 17:00:00+00:00,44.335,44.345,43.86,44.02,7657.0,,,,,,,,,,,,,,,,,,,,,,"rgba(38, 166, 154, 1.0)",0.0,0.0,2.456173233905694,40.630576444361665,1.3799611154660423,0.0,0.0,0.0,0.0,0.0,0.0,0.0,0.0,59.017069396964146,16.00000405828513,False,True,True,False,False,17.459915320153655,0,0.9105314009661835,0.7742995169082125,False,False,False,False,0.2585795777213426,0.2645070676937117,False,False,False,False,214274.0,123315.91613570768,False,False,False,False,11100.149396333665,False,False,False,False
2024-09-10 17:00:00+00:00,43.56,44.09,43.56,44.055,7858.0,,,,,,,,,,,,,,,,,,,,,,"rgba(38, 166, 154, 1.0)",0.0,0.0,2.4747304303100375,41.00913322615656,1.230787295673999,0.0,0.0,0.0,0.0,0.0,0.0,0.0,0.0,57.487529103498005,14.511815391508378,False,True,True,False,False,17.56926505924544,0,0.9174597009127986,0.7761377613776137,False,False,False,False,0.24373183572019355,0.2541194517069526,False,False,False,False,222132.0,124847.9484436812,False,False,False,False,11049.883514219966,False,False,False,False
2024-09-11 17:00:00+00:00,44.415,44.99,44.395,44.935,9495.0,,,,,,,,,,,,,,,,,,,,,,"rgba(38, 166, 154, 1.0)",0.0,0.0,2.4889502780261172,41.101227889399574,1.5403168735218098,0.0,0.0,0.0,0.0,0.0,0.0,0.0,0.0,59.89566466336845,14.511815391508378,False,True,True,False,False,20.0,0,0.9254738194667523,0.7694828140057821,False,False,False,False,0.2905313107433298,0.27232538122514116,False,False,False,False,231627.0,126503.437615097,False,False,False,False,11025.77679306927,False,False,False,False
2024-09-12 17:00:00+00:00,44.9,44.905,44.51,44.745,8580.0,,,,,,,,,,,,,,,,,,,,,,"rgba(38, 166, 154, 1.0)",0.0,0.0,2.5167958984777434,41.14691927972235,1.4296275365252742,0.0,0.0,0.0,0.0,0.0,0.0,0.0,0.0,60.38021018395179,14.511815391508378,False,True,True,False,True,19.273631414663583,0,0.9291404342798405,0.7663497366054219,False,False,False,False,0.29135095402897776,0.2818381676270595,False,False,False,False,223047.0,128000.2370319172,False,False,False,False,10987.857773021684,False,False,False,False
2024-09-13 17:00:00+00:00,44.92,45.015,44.855,44.99,6160.0,,,,,,,,,,,,,,,,,,,,,,"rgba(38, 166, 154, 1.0)",0.0,0.0,2.5593199811210714,41.183031204650845,1.487492311798219,0.0,0.0,0.0,0.0,0.0,0.0,0.0,0.0,61.606336981557845,14.511815391508378,False,True,True,False,True,20.0,0,0.92872032815547,0.8022997780915876,False,False,False,False,0.30382971084903887,0.2928339392380492,False,False,False,False,229207.0,129569.33413219756,False,False,False,False,10913.00726491282,False,False,False,False
2024-09-16 17:00:00+00:00,45.585,45.645,45.47,45.58,4894.0,,,,,,,,,,,,,,,,,,,,,,"rgba(38, 166, 154, 1.0)",0.0,0.0,2.60441122152601,41.22402957687004,1.67253557622811,0.0,0.0,0.0,0.0,0.0,0.0,0.0,0.0,64.33579951970091,14.511815391508378,False,True,True,False,True,20.0,0,0.8859010648335355,0.8101496158511928,False,False,False,False,0.33846277756797966,0.3156483584030144,False,False,False,False,234101.0,131189.9801146441,False,False,False,False,10819.689322821148,False,False,False,False
2024-09-17 17:00:00+00:00,45.53,45.675,45.425,45.57,3161.0,,,,,,,,,,,,,,,,,,,,,,"rgba(38, 166, 154, 1.0)",0.0,0.0,2.635018313695998,41.24812506887677,1.640168840064406,0.0,0.0,0.0,0.0,0.0,0.0,0.0,0.0,66.08485718688851,9.987763317804749,False,False,True,False,True,20.0,0,0.8849276146664862,0.8086185901772426,False,False,False,False,0.3380409738572292,0.3268446661301218,False,False,False,False,230940.0,132736.49205085117,False,False,False,False,10700.949953475085,False,False,False,False
2024-09-18 17:00:00+00:00,46.01,46.665,45.965,46.115,27755.0,,,,,,,,,,,,,,,,,,,,,,"rgba(38, 166, 154, 1.0)",0.0,0.0,2.688807091737219,41.484728690837365,1.7220541121717483,0.0,0.0,0.0,0.0,0.0,0.0,0.0,0.0,68.8411202500572,12.834727204472472,True,False,True,False,True,20.0,0,0.8933646112600535,0.7934986595174264,False,False,False,False,0.34282824905219617,0.334836457591159,False,False,False,False,258695.0,134689.3371353341,False,False,False,False,10965.353830165393,False,False,False,False
2024-09-19 17:00:00+00:00,46.445,46.455,46.18,46.285,9483.0,,,,,,,,,,,,,,,,,,,,,,"rgba(38, 166, 154, 1.0)",0.0,0.0,2.7442155593239788,41.55106230833408,1.7250604368820401,0.0,0.0,0.0,0.0,0.0,0.0,0.0,0.0,71.12459716052287,15.188160672754336,True,False,True,False,True,20.0,0,0.8927828130245049,0.7993286337697215,False,False,False,False,0.34282824905316694,0.338832353322163,False,False,False,False,268178.0,136758.92880765448,False,False,False,False,10942.371600240349,False,False,False,False
2024-09-20 17:00:00+00:00,46.1,46.17,45.575,45.705,24677.0,,,,,,,,,,,,,,,,,,,,,,"rgba(38, 166, 154, 1.0)",0.0,0.0,2.78251933449646,41.671187622507595,1.4496978789987038,0.0,0.0,0.0,0.0,0.0,0.0,0.0,0.0,68.43778392845462,15.188160672754336,False,False,True,False,False,20.0,0,0.8874336758680906,0.7956209282020285,False,False,False,False,0.31914834467427944,0.3289903489982212,False,False,False,False,243501.0,138413.84464009394,False,False,False,False,11155.311575430422,False,False,False,False
2024-09-23 17:00:00+00:00,46.27,46.525,46.225,46.51,9941.0,,,,,,,,,,,,,,,,,,,,,,"rgba(38, 166, 154, 1.0)",0.0,0.0,2.8331117883707266,41.73091126355194,1.68686910134119,0.0,0.0,0.0,0.0,0.0,0.0,0.0,0.0,69.19091405853229,15.188160672754336,True,False,True,False,False,20.0,0,0.8926335420274412,0.7838017850006661,False,False,False,False,0.3428282490753968,0.335909299036809,False,False,False,False,253442.0,140197.2268937359,False,False,False,False,11136.485039377236,False,False,False,False
2024-09-24 17:00:00+00:00,46.755,46.98,46.75,46.935,12533.0,,,,,,,,,,,,,,,,,,,,,,"rgba(38, 166, 154, 1.0)",0.0,0.0,2.8890653231523187,41.81546146194116,1.772039730992585,0.0,0.0,0.0,0.0,0.0,0.0,0.0,0.0,70.76083051395452,15.190303754507326,True,False,True,False,False,20.0,0,0.8947965310206806,0.7829886591060709,False,False,False,False,0.3428282492576111,0.33936877414721,False,False,False,False,265975.0,142147.26988763147,False,False,False,False,11158.136434115573,False,False,False,False
2024-09-25 17:00:00+00:00,46.865,47.045,46.78,46.935,6422.0,,,,,,,,,,,,,,,,,,,,,,"rgba(38, 166, 154, 1.0)",0.0,0.0,2.9388278796666665,41.85698301470651,1.7279055437127075,0.0,0.0,0.0,0.0,0.0,0.0,0.0,0.0,71.807441484236,16.471610985196676,True,False,True,False,True,20.0,0,0.8942365219703519,0.782224290367613,False,False,False,False,0.3428282492746158,0.3410985117109129,False,False,False,False,265975.0,144067.07965681548,False,False,False,False,11084.70796226882,False,False,False,False
2024-09-26 17:00:00+00:00,47.465,47.57,47.41,47.495,4711.0,,,,,,,,,,,,,,,,,,,,,,"rgba(38, 166, 154, 1.0)",0.0,0.0,2.991417028406036,42.45244571457799,1.6856741261879193,0.0,0.0,0.0,0.0,0.0,0.0,0.0,0.0,73.84669116323539,18.670574522918727,True,False,True,False,True,20.0,0,0.9002850891732412,0.7812769342968906,False,False,False,False,0.3428282494727338,0.34196338059182335,False,False,False,False,270686.0,146030.1636931439,False,False,False,False,10985.890784559224,False,False,False,False
2024-09-27 17:00:00+00:00,47.32,47.335,46.8,46.85,12223.0,,,,,,,,,,,,,,,,,,,,,,"rgba(38, 166, 154, 1.0)",0.0,0.0,3.018699044111333,42.48435290956923,1.4462015015862442,0.0,0.0,0.0,0.0,0.0,0.0,0.0,0.0,70.88050478107098,18.670574522918727,True,False,True,False,False,20.0,0,0.8979267404120023,0.7790289461482413,False,False,False,False,0.32208546072529726,0.3320244206585603,False,False,False,False,258463.0,147773.3084420874,False,False,False,False,11005.070772395515,False,False,False,False
2024-09-30 17:00:00+00:00,46.78,47.14,46.635,47.09,7845.0,,,,,,,,,,,,,,,,,,,,,,"rgba(38, 166, 154, 1.0)",0.0,0.0,3.051899728850001,42.51965567848099,1.4975407869121529,0.0,0.0,0.0,0.0,0.0,0.0,0.0,0.0,69.66446988708564,18.670574522918727,True,False,True,False,False,20.0,0,0.8935432230522943,0.7918223052294556,False,False,False,False,0.3133299724608602,0.3226771965597103,False,False,False,False,266308.0,149611.05559802402,False,False,False,False,10956.077427087057,False,False,False,False
2024-10-01 17:00:00+00:00,46.81,47.12,46.725,46.935,13272.0,,,,,,,,,,,,,,,,,,,,,,"rgba(38, 166, 154, 1.0)",0.0,0.0,3.0764583109053323,42.58004580114003,1.4155739355942731,0.0,0.0,0.0,0.0,0.0,0.0,0.0,0.0,67.84062725260878,22.83110324661868,False,False,True,False,False,20.0,0,0.9006040268456376,0.7819463087248322,False,False,False,False,0.315028750782498,0.3188529736711041,False,False,False,False,253036.0,151214.54310813217,False,False,False,False,10991.98320341129,False,False,False,False
2024-10-02 17:00:00+00:00,46.89,47.06,46.805,46.83,12011.0,,,,,,,,,,,,,,,,,,,,,,"rgba(38, 166, 154, 1.0)",0.0,0.0,3.0938221091787077,42.63302303009171,1.3565669976488821,0.0,0.0,0.0,0.0,0.0,0.0,0.0,0.0,65.91207129546368,20.84460251107464,False,True,True,False,False,20.0,0,0.9011580931861028,0.7792216536493402,False,False,False,False,0.31551443914150934,0.3171837064063067,False,False,False,False,241025.0,152606.9532925022,False,False,False,False,11007.781913435922,False,False,False,False
2024-10-03 17:00:00+00:00,46.875,46.875,46.655,46.76,6965.0,,,,,,,,,,,,,,,,,,,,,,"rgba(38, 166, 154, 1.0)",0.0,0.0,3.105213659939299,42.66005596028514,1.320342008219493,0.0,0.0,0.0,0.0,0.0,0.0,0.0,0.0,64.12226540808967,18.99939130563827,False,True,True,False,False,20.0,0,0.8984232252825337,0.7842593219191988,False,False,False,False,0.30739794557740946,0.3122908259918581,False,False,False,False,234060.0,153869.79122595178,False,False,False,False,10945.103124080326,False,False,False,False
2024-10-04 17:00:00+00:00,46.915,47.015,46.855,46.96,12301.0,,,,,,,,,,,,,,,,,,,,,,"rgba(38, 166, 154, 1.0)",0.0,0.0,3.1138772968470607,42.71426763883257,1.3634873684542506,0.0,0.0,0.0,0.0,0.0,0.0,0.0,0.0,63.88449638821477,18.554854748289003,False,True,True,False,False,20.0,0,0.8958049577771725,0.7883410514846092,False,False,False,False,0.3156358837428896,0.3139633548673738,False,False,False,False,246361.0,155303.76345500676,False,False,False,False,10966.124781071328,False,False,False,False
2024-10-07 17:00:00+00:00,46.81,46.82,46.535,46.73,12505.0,,,,,,,,,,,,,,,,,,,,,,"rgba(38, 166, 154, 1.0)",0.0,0.0,3.121326616496034,43.11663376398993,1.1576379789649793,0.0,0.0,0.0,0.0,0.0,0.0,0.0,0.0,61.91020039603978,16.45884279694495,False,True,True,False,False,20.0,0,0.8951272628283652,0.7865795562814755,False,False,False,False,0.3031736122844443,0.30856848357590905,False,False,False,False,233856.0,156521.62758748725,False,False,False,False,10989.983311597354,False,False,False,False
2024-10-08 17:00:00+00:00,47.22,47.4,47.095,47.365,23738.0,,,,,,,,,,,,,,,,,,,,,,"rgba(38, 166, 154, 1.0)",0.0,0.0,3.129646026670106,43.25737201137537,1.3124896405601139,0.0,0.0,0.0,0.0,0.0,0.0,0.0,0.0,63.54548344211099,16.45884279694495,False,True,True,False,False,20.0,0,0.9042899809937553,0.7787808851479772,False,False,False,False,0.33088895362102927,0.3197287185984692,False,False,False,False,257594.0,158088.64111326262,False,False,False,False,11187.626981184992,False,False,False,False
2024-10-09 17:00:00+00:00,47.485,47.505,47.3,47.44,8498.0,,,,,,,,,,,,,,,,,,,,,,"rgba(38, 166, 154, 1.0)",0.0,0.0,3.1298693349808997,43.30068096480476,1.3225213554228124,0.0,0.0,0.0,0.0,0.0,0.0,0.0,0.0,64.93681624449758,16.45884279694495,False,True,True,False,True,20.0,0,0.9122325836533186,0.7700219418540863,False,False,False,False,0.33850955865675797,0.32911913862761355,False,False,False,False,266092.0,159763.11179367718,False,False,False,False,11145.927338065845,False,False,False,False
2024-10-10 17:00:00+00:00,47.15,47.15,46.615,46.69,17547.0,,,,,,,,,,,,,,,,,,,,,,"rgba(38, 166, 154, 1.0)",0.0,0.0,3.116621339941106,43.34602309734611,1.0729493698188808,0.0,0.0,0.0,0.0,0.0,0.0,0.0,0.0,60.571689234016915,15.121472812487085,False,True,True,False,False,18.63800657658344,0,0.9057842198824014,0.7715028032271297,False,False,False,False,0.3130874329671982,0.3211032857974059,False,False,False,False,248545.0,161139.57517672094,False,False,False,False,11245.168774684978,False,False,False,False
2024-10-11 17:00:00+00:00,47.61,47.72,47.47,47.625,9991.0,,,,,,,,,,,,,,,,,,,,,,"rgba(38, 166, 154, 1.0)",0.0,0.0,3.116430373082316,43.3972014828503,1.3566157465498523,0.0,0.0,0.0,0.0,0.0,0.0,0.0,0.0,61.63411905081614,15.121472812487085,False,True,True,False,False,20.0,0,0.9036925807112142,0.7727117602894,False,False,False,False,0.34282824950712615,0.33196576765226604,False,False,False,False,258536.0,162649.59726700434,False,False,False,False,11225.72429755808,False,False,False,False
2024-10-14 17:00:00+00:00,47.2,47.48,47.09,47.47,15305.0,,,,,,,,,,,,,,,,,,,,,,"rgba(38, 166, 154, 1.0)",0.0,0.0,3.1035465211607054,43.45847768643693,1.292560716010401,0.0,0.0,0.0,0.0,0.0,0.0,0.0,0.0,61.404819120370774,15.121472812487085,False,True,True,False,False,20.0,0,0.9007121336620101,0.7695152013147082,False,False,False,False,0.32768748092764854,0.3298266242899573,False,False,False,False,243231.0,163898.9213403841,False,False,False,False,11288.968882092062,False,False,False,False
2024-10-15 17:00:00+00:00,47.73,47.815,47.3,47.545,10543.0,,,,,,,,,,,,,,,,,,,,,,"rgba(38, 166, 154, 1.0)",0.0,0.0,3.0944671636691727,43.50420436470121,1.3058130597538926,0.0,0.0,0.0,0.0,0.0,0.0,0.0,0.0,61.55724002114354,15.121472812487085,False,True,True,False,False,20.0,0,0.9094081423195345,0.762299007868628,False,False,False,False,0.3409887643162682,0.33540769430311274,False,False,False,False,253774.0,165292.33341262623,False,False,False,False,11277.40347306738,False,False,False,False
2024-10-16 17:00:00+00:00,47.63,47.785,47.55,47.615,5637.0,,,,,,,,,,,,,,,,,,,,,,"rgba(38, 166, 154, 1.0)",0.0,0.0,3.092064664894897,43.52914091624451,1.321401563862306,0.0,0.0,0.0,0.0,0.0,0.0,0.0,0.0,61.9643656053491,15.121472812487085,False,True,True,False,False,20.0,0,0.9077619929997935,0.7672774689451651,False,False,False,False,0.3428282495305951,0.3391179719168539,False,False,False,False,259411.0,166751.5375457638,False,False,False,False,11189.95535720587,False,False,False,False
2024-10-17 17:00:00+00:00,47.79,47.79,47.36,47.39,13586.0,,,,,,,,,,,,,,,,,,,,,,"rgba(38, 166, 154, 1.0)",0.0,0.0,3.080772963730653,43.5823905130487,1.235926675473186,0.0,0.0,0.0,0.0,0.0,0.0,0.0,0.0,60.56265451021866,14.303122262547433,False,True,True,False,False,19.85326467606814,0,0.9082436784759813,0.7626944425409443,False,False,False,False,0.33831650743976277,0.33871723967830836,False,False,False,False,245825.0,167977.48270009304,False,False,False,False,11227.103336163918,False,False,False,False
2024-10-18 17:00:00+00:00,47.545,47.56,47.425,47.51,11528.0,,,,,,,,,,,,,,,,,,,,,,"rgba(38, 166, 154, 1.0)",0.0,0.0,3.0614652795119772,43.62521351567767,1.2689304400478432,0.0,0.0,0.0,0.0,0.0,0.0,0.0,0.0,60.27272173016645,13.764367494728269,False,True,True,False,False,20.0,0,0.9074715830329915,0.772456334904353,False,False,False,False,0.33430369222582146,0.3365104659520649,False,False,False,False,257353.0,169363.1496349753,False,False,False,False,11231.768400719515,False,False,False,False
2024-10-21 17:00:00+00:00,47.315,47.365,47.195,47.215,15806.0,,,,,,,,,,,,,,,,,,,,,,"rgba(38, 166, 154, 1.0)",0.0,0.0,3.039631153536434,43.67352441630514,1.1651004364705766,0.0,0.0,0.0,0.0,0.0,0.0,0.0,0.0,57.843468901759465,11.279128046408665,False,True,True,False,False,18.634955002466373,0,0.9030919277858473,0.7715293629383692,False,False,False,False,0.3240149374729618,0.3302627017125134,False,False,False,False,241547.0,170482.27909799892,False,False,False,False,11302.686720088204,False,False,False,False
2024-10-22 17:00:00+00:00,46.9,47.045,46.82,46.875,5832.0,,,,,,,,,,,,,,,,,,,,,,"rgba(38, 166, 154, 1.0)",0.0,0.0,3.0017414510144635,43.68682766643718,1.0621075750829068,0.0,0.0,0.0,0.0,0.0,0.0,0.0,0.0,53.97785236150141,7.626815357646372,False,True,True,False,False,16.82934017973819,0,0.9046393545245874,0.7712318286151493,False,False,False,False,0.3073304800692523,0.31879659089088286,False,False,False,False,235715.0,171493.63911198342,False,False,False,False,11217.869871714744,False,False,False,False
2024-10-23 17:00:00+00:00,46.985,47.035,46.64,46.96,13493.0,,,,,,,,,,,,,,,,,,,,,,"rgba(38, 166, 154, 1.0)",0.0,0.0,2.9754580039605676,43.98000336913038,1.0015253540473474,0.0,0.0,0.0,0.0,0.0,0.0,0.0,0.0,52.01952459985437,5.854876317275519,False,True,False,False,False,17.11409681467094,0,0.8991087592257341,0.7758668709093443,False,False,False,False,0.30279834533755434,0.3107974681142186,False,False,False,False,249208.0,172698.5129242007,False,False,False,False,11253.143207036996,False,False,False,False
2024-10-24 17:00:00+00:00,47.605,47.965,47.59,47.95,8849.0,,,,,,,,,,,,,,,,,,,,,,"rgba(38, 166, 154, 1.0)",0.0,0.0,2.9680754176207094,44.04395988968207,1.3160178097661415,0.0,0.0,0.0,0.0,0.0,0.0,0.0,0.0,56.10301202133121,1.8934368488424624,False,True,True,False,True,20.0,0,0.9060171128898699,0.7715981231024015,False,False,False,False,0.34282824956577784,0.3268128588399982,False,False,False,False,258057.0,174021.90032072473,False,False,False,False,11215.869668943398,False,False,False,False
2024-10-25 17:00:00+00:00,48.225,48.24,47.97,48.07,14733.0,,,,,,,,,,,,,,,,,,,,,,"rgba(38, 166, 154, 1.0)",0.0,0.0,2.962427948718923,44.129797778801425,1.3300584147211014,0.0,0.0,0.0,0.0,0.0,0.0,0.0,0.0,59.31066109534376,4.709201011110039,False,True,True,False,True,20.0,0,0.9174260869565213,0.7645913043478263,False,False,False,False,0.3428282496675887,0.3348205542537934,False,False,False,False,272790.0,175553.18868784528,False,False,False,False,11270.39882136288,False,False,False,False
2024-10-28 17:00:00+00:00,48.335,48.42,48.28,48.385,4542.0,,,,,,,,,,,,,,,,,,,,,,"rgba(38, 166, 154, 1.0)",0.0,0.0,2.950975674659498,44.15614581770586,1.4330359340498755,0.0,0.0,0.0,0.0,0.0,0.0,0.0,0.0,62.676241645212556,7.671475565844524,False,True,True,False,True,20.0,0,0.9210544717152643,0.7630235647856796,False,False,False,False,0.3428282497410007,0.33882440199739705,False,False,False,False,277332.0,177131.15475470037,False,False,False,False,11166.082560566556,False,False,False,False
2024-10-29 17:00:00+00:00,48.6,48.655,48.42,48.595,5347.0,,,,,,,,,,,,,,,,,,,,,,"rgba(38, 166, 154, 1.0)",0.0,0.0,2.947514180940693,44.18854771512707,1.4949723782046798,0.0,0.0,0.0,0.0,0.0,0.0,0.0,0.0,65.68021949221742,10.317130434437665,False,False,True,False,True,20.0,0,0.9336879432624108,0.748794326241135,False,False,False,False,0.34282824979566756,0.3408263258965323,False,False,False,False,282679.0,178767.55545617786,False,False,False,False,11075.864226294207,False,False,False,False
2024-10-30 17:00:00+00:00,48.775,48.885,48.36,48.37,11383.0,,,,,,,,,,,,,,,,,,,,,,"rgba(38, 166, 154, 1.0)",0.0,0.0,2.93311030530096,44.250284224797525,1.4045553512791455,0.0,0.0,0.0,0.0,0.0,0.0,0.0,0.0,65.71255632084514,10.331430436330301,False,False,True,False,True,20.0,0,0.9368048175699601,0.7398512221041446,False,False,False,False,0.34282824982003096,0.34182728785828165,False,False,False,False,271296.0,180202.10498398906,False,False,False,False,11080.62602123538,False,False,False,False
2024-10-31 17:00:00+00:00,48.4,49.02,48.295,48.91,13756.0,,,,,,,,,,,,,,,,,,,,,,"rgba(38, 166, 154, 1.0)",0.0,0.0,2.9168662485124903,44.32459251521757,1.572032137956563,0.0,0.0,0.0,0.0,0.0,0.0,0.0,0.0,67.81129329998399,12.423995183825404,True,False,True,False,True,20.0,0,0.9379937923250559,0.7374435665914222,False,False,False,False,0.34282824982998844,0.34232776884413507,False,False,False,False,285052.0,181827.68475167916,False,False,False,False,11122.104687572817,False,False,False,False
2024-11-01 17:00:00+00:00,49.65,49.92,49.48,49.655,9714.0,,,,,,,,,,,,,,,,,,,,,,"rgba(38, 166, 154, 1.0)",0.0,0.0,2.9150208998987384,44.39547438626156,1.8042840152264927,0.0,0.0,0.0,0.0,0.0,0.0,0.0,0.0,71.26633979787567,15.74507872832227,True,False,True,False,True,20.0,0,0.9541786541295342,0.7266858466072555,False,False,False,False,0.3428282501079927,0.34257800947606387,False,False,False,False,294766.0,183578.66638343607,False,False,False,False,11100.273607145331,False,False,False,False
2024-11-04 17:00:00+00:00,49.37,49.605,48.865,49.025,20441.0,,,,,,,,,,,,,,,,,,,,,,"rgba(38, 166, 154, 1.0)",0.0,0.0,2.892007716212082,44.505331842157204,1.562813312186664,0.0,0.0,0.0,0.0,0.0,0.0,0.0,0.0,69.05384145656184,15.74507872832227,True,False,True,False,True,20.0,0,0.9427130751453177,0.7365361720008403,False,False,False,False,0.32292772789923746,0.33275286868765064,False,False,False,False,274325.0,184985.58628446807,False,False,False,False,11245.091070600442,False,False,False,False
2024-11-05 17:00:00+00:00,50.3,50.36,50.09,50.225,37278.0,,,,,,,,,,,,,,,,,,,,,,"rgba(38, 166, 154, 1.0)",0.0,0.0,2.885594317912195,45.175004001553916,1.7500713690411942,0.0,0.0,0.0,0.0,0.0,0.0,0.0,0.0,70.771557421462,15.74507872832227,True,False,True,False,True,20.0,0,0.9569757727652456,0.7262600946811473,False,False,False,False,0.34282824997500044,0.3377905593313255,False,False,False,False,311603.0,186948.64696222826,False,False,False,False,11648.702061753924,False,False,False,False
2024-11-06 17:00:00+00:00,49.4,49.84,48.94,49.44,35332.0,,,,,,,,,,,,,,,,,,,,,,"rgba(38, 166, 154, 1.0)",0.0,0.0,2.8475152088908025,45.28396191705007,1.4595314785232825,0.0,0.0,0.0,0.0,0.0,0.0,0.0,0.0,67.80639224878665,15.74507872832227,True,False,True,False,False,20.0,0,0.9383409626855317,0.7329033153003193,False,False,False,False,0.30549106445163016,0.32164081189147786,False,False,False,False,276271.0,188333.48964498442,False,False,False,False,12015.88497552518,False,False,False,False
2024-11-07 17:00:00+00:00,49.34,49.455,48.87,49.2,27288.0,,,,,,,,,,,,,,,,,,,,,,"rgba(38, 166, 154, 1.0)",0.0,0.0,2.7984619038011895,45.35955567689891,1.3723411127678984,0.0,0.0,0.0,0.0,0.0,0.0,0.0,0.0,64.71452968853949,20.527366781388167,False,False,True,False,False,19.562282723284902,0,0.9348924098803011,0.7442053552895593,False,False,False,False,0.2935493044690619,0.3075950581802699,False,False,False,False,248983.0,189273.7921311087,False,False,False,False,12252.66195264882,False,False,False,False
2024-11-08 17:00:00+00:00,48.855,49.285,48.845,49.245,40607.0,,,,,,,,,,,,,,,,,,,,,,"rgba(38, 166, 154, 1.0)",0.0,0.0,2.768650341179118,45.46813734638769,1.364152994488935,0.0,0.0,0.0,0.0,0.0,0.0,0.0,0.0,62.80915000506565,18.66260716293506,False,True,True,False,False,19.693240691323716,0,0.9303437759911277,0.7479900194067093,False,False,False,False,0.28663684993036703,0.29711595405531843,False,False,False,False,289590.0,190829.08217558762,False,False,False,False,12692.26409291783,False,False,False,False
2024-11-11 17:00:00+00:00,49.67,49.67,48.63,48.715,20843.0,,,,,,,,,,,,,,,,,,,,,,"rgba(38, 166, 154, 1.0)",0.0,0.0,2.7244554377768697,45.51799744586223,1.1734464472454353,0.0,0.0,0.0,0.0,0.0,0.0,0.0,0.0,58.98267004424368,15.010633753493778,False,True,True,False,False,17.07912354605209,0,0.9260998687754675,0.7474273085157815,False,False,False,False,0.2896009665167755,0.29335846028604695,False,False,False,False,268747.0,192037.11190929942,False,False,False,False,12818.632091477244,False,False,False,False
2024-11-12 17:00:00+00:00,48.355,48.9,48.28,48.825,19912.0,,,,,,,,,,,,,,,,,,,,,,"rgba(38, 166, 154, 1.0)",0.0,0.0,2.6859635193029963,45.55387519354822,1.2178589854044752,0.0,0.0,0.0,0.0,0.0,0.0,0.0,0.0,56.90955143979748,13.015392654005836,False,True,True,False,False,17.41579028836128,0,0.9202623403520879,0.7645150155333106,False,False,False,False,0.2625100196541965,0.27793423997012173,False,False,False,False,288659.0,193535.1256781475,False,False,False,False,12928.606787733412,False,False,False,False
2024-11-13 17:00:00+00:00,49.09,49.12,48.335,48.485,14647.0,,,,,,,,,,,,,,,,,,,,,,"rgba(239, 83, 80, 1.0)",0.0,0.0,2.6456025676479538,45.57985701149409,1.0981025736940888,0.0,0.0,0.0,0.0,0.0,0.0,0.0,0.0,53.89341990938752,10.10648223124182,False,True,True,False,False,15.75206445112153,0,0.9234518742276528,0.762460524509131,False,False,False,False,0.2689164738255264,0.2734253568978241,False,False,False,False,274012.0,194782.8291560057,False,False,False,False,12955.248542962352,False,False,False,False
2024-11-14 17:00:00+00:00,47.985,48.3,47.895,48.145,12329.0,,,,,,,,,,,,,,,,,,,,,,"rgba(239, 83, 80, 1.0)",0.0,0.0,2.6111832566864184,45.771886363047926,0.9088269200850917,0.0,0.0,0.0,0.0,0.0,0.0,0.0,0.0,50.372949505277155,6.758157883561729,False,True,False,False,False,14.115020220030605,0,0.915080126010135,0.7759211066977127,False,False,False,False,0.2387004925865051,0.25606292474216463,False,False,False,False,261683.0,195820.04110707538,False,False,False,False,12945.539263226501,False,False,False,False
2024-11-15 17:00:00+00:00,48.025,48.32,47.93,48.3,9550.0,,,,,,,,,,,,,,,,,,,,,,"rgba(239, 83, 80, 1.0)",0.0,0.0,2.5761459481064786,45.78388113296784,0.9766988818632559,0.0,0.0,0.0,0.0,0.0,0.0,0.0,0.0,48.900294504211914,5.287533523587001,False,True,False,True,False,14.621674447411749,0,0.9159128289473679,0.7783031798245615,False,False,False,False,0.2400101802193073,0.24803655248073597,False,False,False,False,271233.0,196989.234268206,False,False,False,False,12892.895243641593,False,False,False,False
2024-11-18 17:00:00+00:00,48.66,48.67,48.34,48.61,9613.0,,,,,,,,,,,,,,,,,,,,,,"rgba(239, 83, 80, 1.0)",0.0,0.0,2.522175707062608,45.80717294561963,1.1112735114099639,0.0,0.0,0.0,0.0,0.0,0.0,0.0,0.0,49.61773511735065,5.287533523587001,False,True,False,False,False,15.629935394428593,0,0.9266616262286063,0.772355488349715,False,False,False,False,0.25687620095553776,0.25245637671813687,False,False,False,False,280846.0,198289.33916327258,False,False,False,False,12842.044154592884,False,False,False,False
2024-11-19 17:00:00+00:00,48.68,48.92,48.655,48.9,24847.0,,,,,,,,,,,,,,,,,,,,,,"rgba(239, 83, 80, 1.0)",0.0,0.0,2.4520068577861047,45.87141725818117,1.2351444826517781,0.0,0.0,0.0,0.0,0.0,0.0,0.0,0.0,51.56938242526361,5.287533523587001,False,True,False,False,True,16.56147506573424,0,0.9288968659395274,0.7724699710064893,False,False,False,False,0.26878866639888915,0.260622521558513,False,False,False,False,305693.0,199954.51219950092,False,False,False,False,13028.167501033304,False,False,False,False
2024-11-20 17:00:00+00:00,49.035,49.08,48.78,49.03,16438.0,,,,,,,,,,,,,,,,,,,,,,"rgba(239, 83, 80, 1.0)",0.0,0.0,2.370280682432559,45.91153298802374,1.315653051171923,0.0,0.0,0.0,0.0,0.0,0.0,0.0,0.0,53.516969643853514,5.287533523587001,False,True,True,False,True,16.97790935790186,0,0.9280804931623315,0.7819032098065614,False,False,False,False,0.27598914659999046,0.26830583407925174,False,False,False,False,322131.0,201848.72131268695,False,False,False,False,13081.03312117232,False,False,False,False
2024-11-21 17:00:00+00:00,49.12,49.54,49.06,49.495,18194.0,,,,,,,,,,,,,,,,,,,,,,"rgba(239, 83, 80, 1.0)",0.0,0.0,2.333578092053305,45.96631930683471,1.5121331080291442,0.0,0.0,0.0,0.0,0.0,0.0,0.0,0.0,56.93247036316147,1.0458130294711623,False,True,True,False,True,18.448774268549343,0,0.9235314808301084,0.7756595145972566,False,False,False,False,0.2948182728872333,0.2815620534832425,False,False,False,False,340325.0,203995.64036210265,False,False,False,False,13160.303925495231,False,False,False,False
2024-11-22 17:00:00+00:00,50.08,50.125,49.69,49.81,13508.0,,,,,,,,,,,,,,,,,,,,,,"rgba(239, 83, 80, 1.0)",0.0,0.0,2.3060005801549788,46.016254533229244,1.6451624077717244,0.0,0.0,0.0,0.0,0.0,0.0,0.0,0.0,60.44218814606557,4.435567734857415,False,True,True,False,True,19.422661528539297,0,0.9359398073271913,0.7711834610786865,False,False,False,False,0.32618725905156104,0.30387465626740173,False,False,False,False,353833.0,206318.7002014499,False,False,False,False,13165.694562309258,False,False,False,False
2024-11-25 17:00:00+00:00,49.89,50.135,49.86,50.005,10530.0,,,,,,,,,,,,,,,,,,,,,,"rgba(239, 83, 80, 1.0)",0.0,0.0,2.2711448734141655,46.0550082911442,1.739207284878249,0.0,0.0,0.0,0.0,0.0,0.0,0.0,0.0,63.50173003572044,7.35264388238371,False,False,True,False,True,20.0,0,0.9419093044778238,0.7591656581476474,False,False,False,False,0.3299949591084938,0.3169348076879478,False,False,False,False,364363.0,208768.99942313283,False,False,False,False,13124.831080723068,False,False,False,False
2024-11-26 17:00:00+00:00,49.46,49.575,49.11,49.485,19156.0,,,,,,,,,,,,,,,,,,,,,,"rgba(239, 83, 80, 1.0)",0.0,0.0,2.2305123295448626,46.101786742317195,1.5167875168720324,0.0,0.0,0.0,0.0,0.0,0.0,0.0,0.0,61.68852382101981,7.35264388238371,False,False,True,False,True,17.317459822878735,0,0.9310640732265439,0.7683781464530894,False,False,False,False,0.29297975573492324,0.30495728171143555,False,False,False,False,345207.0,210884.31726153387,False,False,False,False,13218.337575595579,False,False,False,False
2024-11-27 17:00:00+00:00,49.44,49.67,49.33,49.59,7597.0,,,,,,,,,,,,,,,,,,,,,,"rgba(239, 83, 80, 1.0)",0.0,0.0,2.1787676345596823,46.12133977445857,1.5920285259067715,0.0,0.0,0.0,0.0,0.0,0.0,0.0,0.0,60.987780706647,7.35264388238371,False,False,True,False,False,17.653614933610967,0,0.9282210359255509,0.7752849516664263,False,False,False,False,0.301766671034563,0.3033619763729993,False,False,False,False,352804.0,213084.62242026976,False,False,False,False,13131.185055043708,False,False,False,False
2024-11-28 17:00:00+00:00,49.59,49.59,49.59,49.59,0.0,,,,,,,,,,,,,,,,,,,,,,"rgba(239, 83, 80, 1.0)",0.0,0.0,2.1309361559887887,46.12133977445857,1.627763561002568,0.0,0.0,0.0,0.0,0.0,0.0,0.0,0.0,60.520618630398474,7.35264388238371,False,False,True,False,False,17.653614933610967,0,0.9355285204341802,0.7738763021781891,False,False,False,False,0.306808069528344,0.30508502295067164,False,False,False,False,352804.0,215250.8143207307,False,False,False,False,12927.600790624425,False,False,False,False
2024-11-29 17:00:00+00:00,49.6,49.725,49.58,49.63,1144.0,,,,,,,,,,,,,,,,,,,,,,"rgba(239, 83, 80, 1.0)",0.0,0.0,2.0848957413385487,46.124454281488035,1.6814009684058977,0.0,0.0,0.0,0.0,0.0,0.0,0.0,0.0,60.44116738967978,7.35264388238371,False,False,True,False,False,17.78587147740604,0,0.9423189680445611,0.766270888302551,False,False,False,False,0.3099076435580274,0.30749633325434955,False,False,False,False,353948.0,217401.15828475036,False,False,False,False,12744.909305498464,False,False,False,False
2024-12-02 17:00:00+00:00,50.39,50.595,50.02,50.09,12792.0,,,,,,,,,,,,,,,,,,,,,,"rgba(239, 83, 80, 1.0)",0.0,0.0,2.0522069157920164,46.44100101885195,1.7780853154077698,0.0,0.0,0.0,0.0,0.0,0.0,0.0,0.0,62.80044126860487,7.730651941989876,True,False,True,False,False,19.293481123257237,0,0.9426639223757713,0.7694795648338727,False,False,False,False,0.3428282486414114,0.3251622909478805,False,False,False,False,366740.0,219716.48916405655,False,False,False,False,12745.63939378531,False,False,False,False
2024-12-03 17:00:00+00:00,50.17,50.455,49.945,50.105,7969.0,,,,,,,,,,,,,,,,,,,,,,"rgba(239, 83, 80, 1.0)",0.0,0.0,2.0175174692522693,46.464059558174846,1.8046636509048686,0.0,0.0,0.0,0.0,0.0,0.0,0.0,0.0,64.44517887891212,9.566744149637742,True,False,True,False,True,19.34228096078169,0,0.937707090788601,0.7788822619836538,False,False,False,False,0.33663382622197635,0.33089805858492843,False,False,False,False,374709.0,222119.4738281797,False,False,False,False,12671.58296907546,False,False,False,False
2024-12-04 17:00:00+00:00,50.17,50.18,49.24,49.365,23551.0,,,,,,,,,,,,,,,,,,,,,,"rgba(239, 83, 80, 1.0)",0.0,0.0,1.962903250588399,46.49439829792605,1.4624264854691462,0.0,0.0,0.0,0.0,0.0,0.0,0.0,0.0,59.46190875291863,14.521066163323383,False,False,True,False,False,15.35761868836665,0,0.9277037904288007,0.7876481779599007,False,False,False,False,0.3087038144738673,0.3198009365293979,False,False,False,False,351158.0,224120.07113316917,False,False,False,False,12840.256101337856,False,False,False,False
2024-12-05 17:00:00+00:00,49.38,49.465,49.03,49.09,39354.0,,,,,,,,,,,,,,,,,,,,,,"rgba(239, 83, 80, 1.0)",0.0,0.0,1.8766874496791157,46.53568304151429,1.36107744468716,0.0,0.0,0.0,0.0,0.0,0.0,0.0,0.0,54.47031656283703,9.941929411757187,False,True,True,False,False,13.93324422329674,0,0.9273221634332738,0.7996031746031748,False,False,False,False,0.2827635975970089,0.3012822670632034,False,False,False,False,311804.0,225479.51189079444,False,False,False,False,13251.32189821634,False,False,False,False
2024-12-06 17:00:00+00:00,48.655,48.775,48.2,48.24,11545.0,,,,,,,,,,,,,,,,,,,,,,"rgba(239, 83, 80, 1.0)",0.0,0.0,1.794163460368601,46.533674890091,0.9510421695682328,0.0,0.0,0.0,0.0,0.0,0.0,0.0,0.0,47.28297972119246,3.518433220970138,False,True,False,True,False,9.721026899560538,0,0.9191793823464985,0.801635394611959,False,False,False,False,0.24091247066858015,0.27109736886589175,False,False,False,False,300259.0,226638.8837994643,False,False,False,False,13224.867295143218,False,False,False,False
2024-12-09 17:00:00+00:00,47.98,48.015,47.68,47.885,24122.0,,,,,,,,,,,,,,,,,,,,,,"rgba(239, 83, 80, 1.0)",0.0,0.0,1.7447241657103614,46.514133539885705,0.78572102516626,0.0,0.0,0.0,0.0,0.0,0.0,0.0,0.0,41.29613776310977,-1.6302846647465827,False,True,False,True,False,8.044763589497279,0,0.9147880644925944,0.8095133873203475,False,False,False,False,0.20630613973419512,0.23870175430004342,False,False,False,False,276137.0,227406.29645373617,False,False,False,False,13393.815089016965,False,False,False,False
2024-12-10 17:00:00+00:00,47.945,48.4,47.895,48.255,13899.0,,,,,,,,,,,,,,,,,,,,,,"rgba(239, 83, 80, 1.0)",0.0,0.0,1.7214708042046563,46.5142918130076,1.0111749689514087,0.0,0.0,0.0,0.0,0.0,0.0,0.0,0.0,39.97394467203465,-2.566802143285713,False,True,False,True,False,9.424636317614468,0,0.9222975435527364,0.7975071069319923,False,False,False,False,0.22246239614006466,0.23058207522005403,False,False,False,False,290036.0,228377.29960949218,False,False,False,False,13401.647413218252,False,False,False,False
2024-12-11 17:00:00+00:00,48.87,48.99,48.645,48.86,10214.0,,,,,,,,,,,,,,,,,,,,,,"rgba(239, 83, 80, 1.0)",0.0,0.0,1.6969454858601882,46.52546750394377,1.3757262773075136,0.0,0.0,0.0,0.0,0.0,0.0,0.0,0.0,42.69520307409155,-2.566802143285713,False,True,False,True,False,11.604554124955346,0,0.9325068870523407,0.7891837030593013,False,False,False,False,0.2574467996315184,0.2440144374257862,False,False,False,False,300250.0,229491.60504190315,False,False,False,False,13352.226523090836,False,False,False,False
2024-12-12 17:00:00+00:00,49.005,49.465,48.79,48.86,11128.0,,,,,,,,,,,,,,,,,,,,,,"rgba(239, 83, 80, 1.0)",0.0,0.0,1.6793392308439454,46.54103276607996,1.3808807603182434,0.0,0.0,0.0,0.0,0.0,0.0,0.0,0.0,44.50937534212949,-2.566802143285713,False,True,False,True,True,11.604554124955346,0,0.9318936877076404,0.786075400837787,False,False,False,False,0.27487336636462056,0.2594439018952034,False,False,False,False,300250.0,230588.63442109845,False,False,False,False,13317.742390949894,False,False,False,False
2024-12-13 17:00:00+00:00,48.33,48.955,48.145,48.83,13908.0,,,,,,,,,,,,,,,,,,,,,,"rgba(239, 83, 80, 1.0)",0.0,0.0,1.6697391310516267,46.55241708181072,1.364035181205118,0.0,0.0,0.0,0.0,0.0,0.0,0.0,0.0,45.54701329642562,-2.566802143285713,False,True,False,True,True,11.456162600950822,0,0.9222786803120296,0.7963930437271886,False,False,False,False,0.2425317273175171,0.2509878146063602,False,False,False,False,286342.0,231453.02768588762,False,False,False,False,13326.89367171036,False,False,False,False
2024-12-16 17:00:00+00:00,49.26,49.385,48.55,48.64,9620.0,,,,,,,,,,,,,,,,,,,,,,"rgba(239, 83, 80, 1.0)",0.0,0.0,1.6573221725974265,46.5632674403398,1.2530650913850119,0.0,0.0,0.0,0.0,0.0,0.0,0.0,0.0,45.11357334159794,-2.566802143285713,False,True,False,True,True,10.509297792813065,0,0.9287128712871279,0.7904526166902406,False,False,False,False,0.26585929623107796,0.2584235554187191,False,False,False,False,276722.0,232154.87221788935,False,False,False,False,13269.422451993922,False,False,False,False
2024-12-17 17:00:00+00:00,48.53,48.645,48.38,48.465,24340.0,,,,,,,,,,,,,,,,,,,,,,"rgba(239, 83, 80, 1.0)",0.0,0.0,1.6158214796360757,46.57907636712181,1.167160887911302,0.0,0.0,0.0,0.0,0.0,0.0,0.0,0.0,43.8154629964778,-2.566802143285713,False,True,False,True,True,9.63810093041771,0,0.9295225952684509,0.8025924351891204,False,False,False,False,0.2404494047024198,0.24943648006056945,False,False,False,False,252382.0,232468.47109823214,False,False,False,False,13441.059313203317,False,False,False,False
2024-12-18 17:00:00+00:00,48.255,48.38,46.99,47.02,19218.0,,,,,,,,,,,,,,,,,,,,,,"rgba(239, 83, 80, 1.0)",0.0,0.0,1.5808185101906609,46.56754104228678,0.28621815521293176,0.0,0.0,0.0,0.0,0.0,0.0,0.0,0.0,37.61078063684038,-5.571592238837226,False,True,False,True,False,2.9468792623952744,0,0.9096419116622537,0.8077191026891462,False,False,False,False,0.19498310729464233,0.2222097936776059,False,False,False,False,233164.0,232479.25449205798,False,False,False,False,13530.624285091639,False,False,False,False
2024-12-19 17:00:00+00:00,47.275,47.315,46.74,46.74,9479.0,,,,,,,,,,,,,,,,,,,,,,"rgba(239, 83, 80, 1.0)",0.0,0.0,1.5272450230266306,46.556592474399835,0.12009043921236517,0.0,0.0,0.0,0.0,0.0,0.0,0.0,0.0,32.81827802375412,-10.09587024992193,False,True,False,True,False,1.747197269471588,0,0.9047552642588196,0.8280574536326875,False,False,False,False,0.159425223828097,0.19081750875285147,False,False,False,False,223685.0,232342.90946117335,False,False,False,False,13467.808404702622,False,False,False,False
2024-12-20 17:00:00+00:00,47.09,47.35,46.585,46.77,22035.0,,,,,,,,,,,,,,,,,,,,,,"rgba(239, 83, 80, 1.0)",0.0,0.0,1.4674721999604987,46.53305269848101,0.1614662966190252,0.0,0.0,0.0,0.0,0.0,0.0,0.0,0.0,29.86190910341368,-12.868372602000292,False,True,False,True,False,1.8702520902066553,0,0.9076388888888882,0.8254861111111114,False,False,False,False,0.15620152024767955,0.17350951450026553,False,False,False,False,245720.0,232550.30621371328,False,False,False,False,13600.633080598705,False,False,False,False
2024-12-23 17:00:00+00:00,46.76,46.76,46.76,46.76,0.0,,,,,,,,,,,,,,,,,,,,,,"rgba(239, 83, 80, 1.0)",0.0,0.0,1.4042942089264872,46.53305269848101,0.16160951179345823,0.0,0.0,0.0,0.0,0.0,0.0,0.0,0.0,27.863176127589448,-14.840346408337808,False,True,False,True,False,1.82635484329602,0,0.9120418848167532,0.8308551483420596,False,False,False,False,0.1450772300416447,0.1592933722709551,False,False,False,False,245720.0,232754.48751272546,False,False,False,False,13389.77055221733,False,False,False,False
2024-12-24 17:00:00+00:00,46.865,46.975,46.805,46.815,2571.0,,,,,,,,,,,,,,,,,,,,,,"rgba(239, 83, 80, 1.0)",0.0,0.0,1.337874093511541,46.53041978029062,0.21271076335922875,0.0,0.0,0.0,0.0,0.0,0.0,0.0,0.0,27.06636405586456,-15.832210502981617,False,True,False,True,False,2.0601204601529055,0,0.9111313103062503,0.8295343308628169,False,False,False,False,0.15204232109046484,0.15566784668071,False,False,False,False,248291.0,232995.36367531886,False,False,False,False,13222.037675438765,False,False,False,False
2024-12-25 17:00:00+00:00,46.815,46.815,46.815,46.815,0.0,,,,,,,,,,,,,,,,,,,,,,"rgba(239, 83, 80, 1.0)",0.0,0.0,1.2987028282233275,46.53041978029062,0.2191265111039237,0.0,0.0,0.0,0.0,0.0,0.0,0.0,0.0,26.53515600804797,-16.719188058330815,False,True,False,True,False,2.060120460152927,0,0.9098631098631093,0.8328536328536333,False,False,False,False,0.14802225531947624,0.1518450510000931,False,False,False,False,248291.0,233232.50532376353,False,False,False,False,13017.04484326142,False,False,False,False
2024-12-26 17:00:00+00:00,47.2,47.32,47.045,47.22,10196.0,,,,,,,,,,,,,,,,,,,,,,"rgba(239, 83, 80, 1.0)",0.0,0.0,1.2473625617115454,46.52421108275284,0.5578080813107321,0.0,0.0,0.0,0.0,0.0,0.0,0.0,0.0,30.264620917749127,-16.719188058330815,False,True,False,True,True,3.8040205308720125,0,0.9139197984463565,0.8272097417593957,False,False,False,False,0.16460168522531457,0.15822336811270382,False,False,False,False,258487.0,233624.04787688344,False,False,False,False,12973.307713908529,False,False,False,False
2024-12-27 17:00:00+00:00,46.62,46.93,46.5,46.87,5478.0,,,,,,,,,,,,,,,,,,,,,,"rgba(239, 83, 80, 1.0)",0.0,0.0,1.2051885688495851,46.518448652628805,0.2916982092742266,0.0,0.0,0.0,0.0,0.0,0.0,0.0,0.0,31.0182517872775,-16.719188058330815,False,True,False,True,True,2.1768592561860594,0,0.9044932079414832,0.83448275862069,False,False,False,False,0.1323954521935009,0.14530941015310236,False,False,False,False,253009.0,233924.58977026507,False,False,False,False,12857.101392762659,False,False,False,False
2024-12-30 17:00:00+00:00,46.02,46.425,46.02,46.3,10485.0,,,,,,,,,,,,,,,,,,,,,,"rgba(239, 83, 80, 1.0)",0.0,0.0,1.1885805865863845,46.486094973866045,-0.15656908413800924,0.0,0.0,0.0,0.0,0.0,0.0,0.0,0.0,29.335294745680773,-16.719188058330815,False,True,False,True,True,0.0,0,0.890128933869402,0.8366837654235413,True,False,False,False,0.10481427529540219,0.12506184272425228,False,False,False,False,242524.0,234057.91395987335,True,False,False,False,12820.324626983393,True,False,False,False
2024-12-31 17:00:00+00:00,46.745,47.075,46.67,47.045,10097.0,,,,,,,,,,,,,,,,,,,,,,"rgba(239, 83, 80, 1.0)",0.0,0.0,1.1598908887792394,46.49982270681441,0.47002463633400554,0.0,0.0,0.0,0.0,0.0,0.0,0.0,0.0,33.85506713255021,-22.28179777107557,False,True,False,True,True,2.810554093188358,0,0.8951375077155195,0.8311501268774437,False,False,False,False,0.14125626869017338,0.13315905570721281,False,False,False,False,252621.0,234345.71374344119,False,False,False,False,12778.102539743339,False,False,False,False
2025-01-01 17:00:00+00:00,47.045,47.045,47.045,47.045,0.0,,,,,,,,,,,,,,,,,,,,,,"rgba(239, 83, 80, 1.0)",0.0,0.0,1.144251488296033,46.49982270681441,0.4764488390549892,0.0,0.0,0.0,0.0,0.0,0.0,0.0,0.0,36.8682487237965,-19.352017648544887,False,True,False,True,True,2.810554093188358,0,0.90247262208141,0.8308423445140855,False,False,False,False,0.14656855044884254,0.13986380307802768,False,False,False,False,252621.0,234629.05151486068,False,False,False,False,12579.992422848092,False,False,False,False
2025-01-02 17:00:00+00:00,46.86,46.97,46.61,46.73,9793.0,,,,,,,,,,,,,,,,,,,,,,"rgba(239, 83, 80, 1.0)",0.0,0.0,1.1362598793905956,46.49549640636677,0.20638200634083653,0.0,0.0,0.0,0.0,0.0,0.0,0.0,0.0,37.31842426894221,-18.751425942998075,False,True,False,True,True,1.3856758879077091,0,0.8964731865553173,0.8358064738767347,False,False,False,False,0.13186852929296788,0.1358661661854978,False,False,False,False,242828.0,234756.16699525042,False,False,False,False,12536.783237997734,False,False,False,False
2025-01-03 17:00:00+00:00,46.58,46.885,46.52,46.87,11453.0,,,,,,,,,,,,,,,,,,,,,,"rgba(239, 83, 80, 1.0)",0.0,0.0,1.1118043933211559,46.48841203672234,0.34321501657120584,0.0,0.0,0.0,0.0,0.0,0.0,0.0,0.0,38.68296295512304,-17.184280774301016,False,True,False,True,True,1.991994813019783,0,0.8988655229662418,0.8365384615384621,False,False,False,False,0.12006264250819551,0.12796440434684664,False,False,False,False,254281.0,235058.87758447134,False,False,False,False,12519.980397098543,False,False,False,False
2025-01-06 17:00:00+00:00,47.24,47.275,46.955,47.07,11217.0,,,,,,,,,,,,,,,,,,,,,,"rgba(239, 83, 80, 1.0)",0.0,0.0,1.1032286278938825,46.489387668634194,0.5262846854094274,0.0,0.0,0.0,0.0,0.0,0.0,0.0,0.0,41.09049182654046,-14.653146892037988,False,True,False,True,True,2.858162305522587,0,0.9031473633016042,0.8410338358924481,False,False,False,False,0.1418866627118408,0.13492553352934372,False,False,False,False,265498.0,235530.80196300667,False,False,False,False,12499.779150631897,False,False,False,False
2025-01-07 17:00:00+00:00,46.515,46.69,46.265,46.425,10510.0,,,,,,,,,,,,,,,,,,,,,,"rgba(239, 83, 80, 1.0)",0.0,0.0,1.1117255883458825,46.4758388582536,-0.045729682564244964,0.0,0.0,0.0,0.0,0.0,0.0,0.0,0.0,39.364451924510675,-14.653146892037988,False,True,False,True,True,0.0,0,0.8945406860376828,0.849333977500173,False,False,False,False,0.10355838452884604,0.11924195902909487,False,False,False,False,254988.0,235832.46394807633,False,False,False,False,12468.929861474813,False,False,False,False
2025-01-08 17:00:00+00:00,46.485,47.03,46.355,46.92,18752.0,,,,,,,,,,,,,,,,,,,,,,"rgba(239, 83, 80, 1.0)",0.0,0.0,1.1119287601131569,46.46458234284826,0.4095744920793266,0.0,0.0,0.0,0.0,0.0,0.0,0.0,0.0,41.593567447659886,-13.925239249720185,False,True,False,True,True,2.0783653788237544,0,0.8921697136943767,0.8514660227664717,False,False,False,False,0.11644541018309203,0.11784368460609346,False,False,False,False,273740.0,236420.17768531546,False,False,False,False,12566.341801606986,False,False,False,False
2025-01-09 17:00:00+00:00,46.92,46.92,46.92,46.92,0.0,,,,,,,,,,,,,,,,,,,,,,"rgba(239, 83, 80, 1.0)",0.0,0.0,1.117717078901313,46.46458234284826,0.40745342962765263,0.0,0.0,0.0,0.0,0.0,0.0,0.0,0.0,43.07964446309269,-12.310324384276562,False,False,False,True,True,2.0783653788237544,0,0.9034655184387796,0.8477672060559766,False,False,False,False,0.1301238308495883,0.12398375772784088,False,False,False,False,273740.0,236998.77958166716,False,False,False,False,12371.51479693091,False,False,False,False
2025-01-10 17:00:00+00:00,48.16,48.32,47.98,48.285,21112.0,,,,,,,,,,,,,,,,,,,,,,"rgba(38, 166, 154, 1.0)",0.0,0.0,1.1094244591813558,46.498074918696105,1.6106775603473387,0.0,0.0,0.0,0.0,0.0,0.0,0.0,0.0,50.46754166760919,-5.36316192231002,True,False,True,False,True,7.609336856500022,0,0.9045395233843824,0.8497355950827558,False,False,False,False,0.2050609138361079,0.1645223357819744,False,False,False,False,294852.0,237895.72873543977,False,False,False,False,12507.026195428105,False,False,False,False
2025-01-13 17:00:00+00:00,47.995,48.155,47.76,47.96,38550.0,,,,,,,,,,,,,,,,,,,,,,"rgba(38, 166, 154, 1.0)",0.0,0.0,1.1037503553095955,46.53239944093899,1.2934089236696815,0.0,0.0,0.0,0.0,0.0,0.0,0.0,0.0,53.50079921788263,-2.682072218699126,True,False,True,False,True,6.114586667482563,0,0.9007732840621356,0.8490385273386715,False,False,False,False,0.19320301393747089,0.17886267485972263,False,False,False,False,256302.0,238181.09728217713,False,False,False,False,12910.7932311579,False,False,False,False
2025-01-14 17:00:00+00:00,49.105,49.35,49.02,49.195,22306.0,,,,,,,,,,,,,,,,,,,,,,"rgba(38, 166, 154, 1.0)",0.0,0.0,1.1033370757397354,46.581999916328186,2.36826998849823,0.0,0.0,0.0,0.0,0.0,0.0,0.0,0.0,59.17663028748731,2.4481031795443258,True,False,True,False,True,10.630806463303454,0,0.9104134244536161,0.8418025576831994,False,False,False,False,0.2698940431113356,0.2243783589855291,False,False,False,False,278608.0,238807.87096772477,False,False,False,False,13056.455351605066,False,False,False,False
2025-01-15 17:00:00+00:00,49.24,49.6,49.21,49.545,18344.0,,,,,,,,,,,,,,,,,,,,,,"rgba(38, 166, 154, 1.0)",0.0,0.0,1.1058083260914873,46.62446810338091,2.6410832941924,0.0,0.0,0.0,0.0,0.0,0.0,0.0,0.0,63.742059379999205,6.476910817451561,True,False,True,False,True,11.82849538776664,0,0.9095759049162608,0.8392760669908161,False,False,False,False,0.28394736141474847,0.2541628602001388,False,False,False,False,296952.0,239709.33033256623,False,False,False,False,13138.43278801429,False,False,False,False
2025-01-16 17:00:00+00:00,49.465,49.62,49.34,49.495,13225.0,,,,,,,,,,,,,,,,,,,,,,"rgba(38, 166, 154, 1.0)",0.0,0.0,1.1050750045879076,46.653595760996076,2.5712320224485636,0.0,0.0,0.0,0.0,0.0,0.0,0.0,0.0,66.4790238343111,8.887347037887196,True,False,True,False,True,11.59362526670537,0,0.9117627232895175,0.838894506235255,False,False,False,False,0.2887630823037891,0.27146297125196395,False,False,False,False,283727.0,240391.7748235342,False,False,False,False,13139.774915331896,False,False,False,False
2025-01-17 17:00:00+00:00,49.655,49.81,49.38,49.77,12093.0,,,,,,,,,,,,,,,,,,,,,,"rgba(38, 166, 154, 1.0)",0.0,0.0,1.1111951726456093,46.68120556964125,2.7797046877055274,0.0,0.0,0.0,0.0,0.0,0.0,0.0,0.0,68.9810307932391,11.233842303098541,True,False,True,False,True,12.541806873129527,0,0.9145806625733751,0.8386073814182582,False,False,False,False,0.29617266633021716,0.2838178187910906,False,False,False,False,295820.0,241251.12715185148,False,False,False,False,13123.545846877138,False,False,False,False
2025-01-20 17:00:00+00:00,49.77,49.77,49.77,49.77,0.0,,,,,,,,,,,,,,,,,,,,,,"rgba(38, 166, 154, 1.0)",0.0,0.0,1.1121042670991286,46.68120556964125,2.777432406060025,0.0,0.0,0.0,0.0,0.0,0.0,0.0,0.0,70.64903543252443,12.945406534082302,True,False,True,False,True,12.541806873129516,0,0.9222101547651363,0.8345777898452351,False,False,False,False,0.3072169980267444,0.2955174084089175,False,False,False,False,295820.0,242097.1561882569,False,False,False,False,12920.080019793771,False,False,False,False
2025-01-21 17:00:00+00:00,50.72,51.15,50.71,51.07,21000.0,,,,,,,,,,,,,,,,,,,,,,"rgba(38, 166, 154, 1.0)",0.0,0.0,1.1539572025098712,46.75550190776406,3.7388718427787935,0.0,0.0,0.0,0.0,0.0,0.0,0.0,0.0,74.38333170353145,16.64229647261331,True,False,True,False,True,16.823951484694053,0,0.9225399382467441,0.8324607329842936,False,False,False,False,0.342828247677549,0.3191728280432332,False,False,False,False,316820.0,243255.64989076453,False,False,False,False,13045.35009700627,False,False,False,False
2025-01-22 17:00:00+00:00,50.78,51.085,50.675,50.89,5062.0,,,,,,,,,,,,,,,,,,,,,,"rgba(38, 166, 154, 1.0)",0.0,0.0,1.1876817907315125,46.772133834067034,3.467145996569254,0.0,0.0,0.0,0.0,0.0,0.0,0.0,0.0,75.64548334003807,18.063934301921336,True,False,True,False,True,15.943015518998525,0,0.9206478281493522,0.8429897675679344,False,False,False,False,0.339463053729894,0.32931794088656363,False,False,False,False,311758.0,244317.70183044262,False,False,False,False,12921.577227285243,False,False,False,False
2025-01-23 17:00:00+00:00,50.94,51.185,50.89,51.0,11064.0,,,,,,,,,,,,,,,,,,,,,,"rgba(38, 166, 154, 1.0)",0.0,0.0,1.2107610889079572,46.809152136275614,3.4613334555575372,0.0,0.0,0.0,0.0,0.0,0.0,0.0,0.0,76.70521712204634,19.423027830646333,True,False,True,False,True,16.294222638212766,0,0.9233840947546522,0.8404060913705586,False,False,False,False,0.3428282475717108,0.3360730942291372,False,False,False,False,322822.0,245534.82273229622,False,False,False,False,12892.777580350587,False,False,False,False
2025-01-24 17:00:00+00:00,51.07,51.26,51.01,51.16,8690.0,,,,,,,,,,,,,,,,,,,,,,"rgba(38, 166, 154, 1.0)",0.0,0.0,1.248461034615865,46.83838293677313,3.4615554217569726,0.0,0.0,0.0,0.0,0.0,0.0,0.0,0.0,77.74199318632884,20.839004098055312,True,False,True,False,True,16.807861156983144,0,0.9228474576271181,0.8437966101694919,False,False,False,False,0.3428282475922008,0.33945067091066905,False,False,False,False,331512.0,246867.80222481873,False,False,False,False,12827.618238019568,False,False,False,False
2025-01-27 17:00:00+00:00,51.06,51.235,50.965,51.145,11463.0,,,,,,,,,,,,,,,,,,,,,,"rgba(38, 166, 154, 1.0)",0.0,0.0,1.2813362253997496,46.87550171543679,3.3320671030206923,0.0,0.0,0.0,0.0,0.0,0.0,0.0,0.0,78.30251963758289,21.86228559771584,True,False,True,False,True,16.731082862148774,0,0.9179935761634656,0.850474953871387,False,False,False,False,0.34044200604327074,0.33994633847696987,False,False,False,False,320049.0,248002.39443838742,False,False,False,False,12806.461366112286,False,False,False,False
2025-01-28 17:00:00+00:00,51.515,51.85,51.49,51.84,19674.0,,,,,,,,,,,,,,,,,,,,,,"rgba(38, 166, 154, 1.0)",0.0,0.0,1.3332458597429322,46.94793068595479,3.6692927101896067,0.0,0.0,0.0,0.0,0.0,0.0,0.0,0.0,80.07411248015461,24.010491748605205,True,False,True,False,True,18.947350517236053,0,0.920775850293675,0.8459226881573558,False,False,False,False,0.34282824791269323,0.3413872931948315,False,False,False,False,339723.0,249424.41933081552,False,False,False,False,12912.934833304344,False,False,False,False
2025-01-29 17:00:00+00:00,51.79,52.11,51.66,51.67,8744.0,,,,,,,,,,,,,,,,,,,,,,"rgba(38, 166, 154, 1.0)",0.0,0.0,1.376263792674271,46.97962164878588,3.4080518401926914,0.0,0.0,0.0,0.0,0.0,0.0,0.0,0.0,79.77496659331314,24.16500861966486,True,False,True,False,True,18.06385501971628,0,0.9254777945827024,0.8421559191530322,False,False,False,False,0.3428282480331654,0.34210777061399844,False,False,False,False,330979.0,250688.83143421373,False,False,False,False,12848.300184725982,False,False,False,False
2025-01-30 17:00:00+00:00,52.465,52.875,52.08,52.395,7600.0,,,,,,,,,,,,,,,,,,,,,,"rgba(38, 166, 154, 1.0)",0.0,0.0,1.4365283539529752,47.61724092696691,3.3259065579080773,0.0,0.0,0.0,0.0,0.0,0.0,0.0,0.0,80.98497331188415,25.768757150381433,True,False,True,False,True,20.0,0,0.9327034983227214,0.8264530704456773,False,False,False,False,0.34282824834318565,0.342468009478592,False,False,False,False,338579.0,252051.4697065515,False,False,False,False,12766.931189613952,False,False,False,False
2025-01-31 17:00:00+00:00,52.15,52.46,51.545,51.66,13622.0,,,,,,,,,,,,,,,,,,,,,,"rgba(38, 166, 154, 1.0)",0.0,0.0,1.4706571185560169,47.640046397957676,2.7334404133503005,0.0,0.0,0.0,0.0,0.0,0.0,0.0,0.0,76.56378876211488,25.768757150381433,True,False,True,False,False,16.577751045530437,0,0.9325069808622211,0.830007491657019,False,False,False,False,0.31416791732834237,0.3283179634034672,False,False,False,False,324957.0,253181.78800567472,False,False,False,False,12780.18807039513,False,False,False,False
2025-02-03 17:00:00+00:00,50.89,51.15,50.83,51.135,18713.0,,,,,,,,,,,,,,,,,,,,,,"rgba(38, 166, 154, 1.0)",0.0,0.0,1.4857369936881608,47.65542429757416,2.341986311983939,0.0,0.0,0.0,0.0,0.0,0.0,0.0,0.0,70.65308867144543,26.222086273544846,True,False,True,False,False,14.041389567570405,0,0.9282169804907888,0.8436544082659241,False,False,False,False,0.2476765319092123,0.2879972476563397,False,False,False,False,306244.0,254004.4579590751,False,False,False,False,12872.169650699081,False,False,False,False
2025-02-04 17:00:00+00:00,51.45,51.71,51.33,51.545,9904.0,,,,,,,,,,,,,,,,,,,,,,"rgba(38, 166, 154, 1.0)",0.0,0.0,1.5025697267624212,47.68235829588291,2.5706904879814805,0.0,0.0,0.0,0.0,0.0,0.0,0.0,0.0,68.13160869239397,23.967630479100507,True,False,True,False,False,15.35774659357607,0,0.9312698193850815,0.8550944436784785,False,False,False,False,0.27971495790371476,0.28385610278002726,False,False,False,False,316148.0,254967.92372715144,False,False,False,False,12826.151516579715,False,False,False,False
2025-02-05 17:00:00+00:00,52.26,52.55,52.14,52.5,20322.0,,,,,,,,,,,,,,,,,,,,,,"rgba(38, 166, 154, 1.0)",0.0,0.0,1.5443626283768437,47.766823672901666,3.064808899236961,0.0,0.0,0.0,0.0,0.0,0.0,0.0,0.0,69.07372090916334,23.967630479100507,True,False,True,False,False,18.2694623455164,0,0.9277166108185727,0.8539287423921225,False,False,False,False,0.3339467334792476,0.30890141812963745,False,False,False,False,336470.0,256231.52180890102,False,False,False,False,12942.366221749022,False,False,False,False
2025-02-06 17:00:00+00:00,52.27,52.41,51.86,51.9,20977.0,,,,,,,,,,,,,,,,,,,,,,"rgba(38, 166, 154, 1.0)",0.0,0.0,1.5779456310068207,47.833305371190555,2.577208332719713,0.0,0.0,0.0,0.0,0.0,0.0,0.0,0.0,66.60438451244218,22.504564392724134,True,False,True,False,False,15.438904538825348,0,0.9280457890433357,0.853638593622241,False,False,False,False,0.3196969581540437,0.31429918814184055,False,False,False,False,315493.0,257150.30441651496,False,False,False,False,13066.934187303299,False,False,False,False
2025-02-07 17:00:00+00:00,51.56,51.785,51.14,51.185,15274.0,,,,,,,,,,,,,,,,,,,,,,"rgba(38, 166, 154, 1.0)",0.0,0.0,1.594864082434781,47.864736795598795,2.0818471247608548,0.0,0.0,0.0,0.0,0.0,0.0,0.0,0.0,61.888403435131636,18.044969277673005,True,False,True,False,False,12.220219749692419,0,0.9165704975901156,0.8662684135496577,False,False,False,False,0.27519979305163184,0.29474949059673616,False,False,False,False,300219.0,257818.03613098757,False,False,False,False,13101.15226191875,False,False,False,False
2025-02-10 17:00:00+00:00,50.98,50.99,50.61,50.67,16294.0,,,,,,,,,,,,,,,,,,,,,,"rgba(239, 83, 80, 1.0)",0.0,0.0,1.604546238233639,47.885549837296196,1.7353505286136603,0.0,0.0,0.0,0.0,0.0,0.0,0.0,0.0,56.85685169641843,13.434397094975495,False,False,True,False,False,9.996902860745028,0,0.9160346695557957,0.8729008667388952,False,False,False,False,0.22860852902273945,0.2616790098097378,False,False,False,False,283925.0,258222.7952607397,False,False,False,False,13150.65377723784,False,False,False,False
2025-02-11 17:00:00+00:00,50.595,50.84,50.59,50.745,20301.0,,,,,,,,,,,,,,,,,,,,,,"rgba(239, 83, 80, 1.0)",0.0,0.0,1.6156354786891403,47.912366867651485,1.7532625209783046,0.0,0.0,0.0,0.0,0.0,0.0,0.0,0.0,53.81070211712954,10.699187573523254,False,False,True,False,False,10.242206612758682,0,0.9134334443160967,0.8802065638377389,False,False,False,False,0.22097333214388062,0.2413261709768092,False,False,False,False,304226.0,258936.02324119332,False,False,False,False,13261.511858210895,False,False,False,False
2025-02-12 17:00:00+00:00,50.465,50.59,50.34,50.495,12455.0,,,,,,,,,,,,,,,,,,,,,,"rgba(239, 83, 80, 1.0)",0.0,0.0,1.6218184599751606,48.35816265276817,1.3175564343154367,0.0,0.0,0.0,0.0,0.0,0.0,0.0,0.0,50.80675412360162,7.919096598107835,False,False,False,False,False,9.161921347462787,0,0.9061609444972174,0.8846519202062696,False,False,False,False,0.20375469416370648,0.22254043257025785,False,False,False,False,291771.0,259445.0926483066,False,False,False,False,13249.007798393672,False,False,False,False
2025-02-13 17:00:00+00:00,50.68,51.075,50.57,51.035,8726.0,,,,,,,,,,,,,,,,,,,,,,"rgba(239, 83, 80, 1.0)",0.0,0.0,1.6369784651896238,48.38133571326349,1.6210746464701435,0.0,0.0,0.0,0.0,0.0,0.0,0.0,0.0,51.18570375990393,7.919096598107835,False,False,False,False,False,10.950977414480441,0,0.9067108645650112,0.8804627249357332,False,False,False,False,0.2277581344693653,0.22514928351981156,False,False,False,False,300497.0,260081.5563281778,False,False,False,False,13178.88364648059,False,False,False,False
2025-02-14 17:00:00+00:00,51.005,51.08,50.87,50.945,8179.0,,,,,,,,,,,,,,,,,,,,,,"rgba(239, 83, 80, 1.0)",0.0,0.0,1.6493373635305233,48.399101932790956,1.5435884273908462,0.0,0.0,0.0,0.0,0.0,0.0,0.0,0.0,51.02809779124702,7.70637877362585,False,False,False,False,False,10.55559450758647,0,0.9086965362977016,0.8842947197180238,False,False,False,False,0.23807484372476176,0.23161206362228665,False,False,False,False,292318.0,260581.34615254714,False,False,False,False,13101.366070566162,False,False,False,False
2025-02-17 17:00:00+00:00,50.945,50.945,50.945,50.945,0.0,,,,,,,,,,,,,,,,,,,,,,"rgba(239, 83, 80, 1.0)",0.0,0.0,1.6623200356429495,48.399101932790956,1.5315330457557448,0.0,0.0,0.0,0.0,0.0,0.0,0.0,0.0,50.92302714547574,7.133015954180152,False,False,False,False,False,10.55559450758647,0,0.909881745276607,0.8841239635721082,False,False,False,False,0.23604145879743596,0.2338267612098613,False,False,False,False,292318.0,261073.38729746887,False,False,False,False,12898.244115983742,False,False,False,False
2025-02-18 17:00:00+00:00,51.45,51.98,51.41,51.97,32412.0,,,,,,,,,,,,,,,,,,,,,,"rgba(239, 83, 80, 1.0)",0.0,0.0,1.68928946628456,48.50783314988141,2.049481109790684,0.0,0.0,0.0,0.0,0.0,0.0,0.0,0.0,55.035408110346495,7.133015954180152,False,False,True,False,True,13.88920029834776,0,0.9190066986940928,0.8746870559577781,False,False,False,False,0.2866711184804731,0.26024893984516717,False,False,False,False,324730.0,262060.31152541508,False,False,False,False,13200.782966898723,False,False,False,False
2025-02-19 17:00:00+00:00,53.51,53.98,53.2,53.92,15133.0,,,,,,,,,,,,,,,,,,,,,,"rgba(38, 166, 154, 1.0)",0.0,0.0,1.7751810515451178,48.59837393126862,2.997793416113494,0.0,0.0,0.0,0.0,0.0,0.0,0.0,0.0,62.09624446190449,5.647561085612828,True,False,True,False,True,19.46585530288052,0,0.9266609145815353,0.8693834207207807,False,False,False,False,0.34282824686729096,0.30153859335622907,False,False,False,False,339863.0,263266.5547575792,False,False,False,False,13230.7398201251,False,False,False,False
2025-02-20 17:00:00+00:00,53.995,55.12,53.985,55.095,32698.0,,,,,,,,,,,,,,,,,,,,,,"rgba(38, 166, 154, 1.0)",0.0,0.0,1.8990227524738792,49.43273606966403,2.9816725065350953,0.0,0.0,0.0,0.0,0.0,0.0,0.0,0.0,68.3330637775185,11.278285475373117,True,False,True,False,True,20.0,0,0.9308945793149316,0.8562687063518462,False,True,False,False,0.3428282475111049,0.322183420433667,False,False,False,False,372561.0,264961.04228071746,False,False,False,False,13532.557807409981,False,False,False,False
2025-02-21 17:00:00+00:00,54.65,54.67,54.07,54.16,18861.0,,,,,,,,,,,,,,,,,,,,,,"rgba(38, 166, 154, 1.0)",0.0,0.0,1.97913551971674,49.50930994348349,2.3498593250360797,0.0,0.0,0.0,0.0,0.0,0.0,0.0,0.0,68.52358640251605,11.344046217410337,True,False,True,False,True,18.38761336085747,0,0.9249467234949384,0.8628129994672352,False,False,False,False,0.3302794379716144,0.3262314292026407,False,False,False,False,353700.0,266336.84007481486,False,False,False,False,13615.169314271841,False,False,False,False
2025-02-24 17:00:00+00:00,54.705,54.77,54.06,54.11,33631.0,,,,,,,,,,,,,,,,,,,,,,"rgba(38, 166, 154, 1.0)",0.0,0.0,2.0507808884059964,49.64101812245423,2.1791610711856024,0.0,0.0,0.0,0.0,0.0,0.0,0.0,0.0,68.44886620498343,11.46918800243408,True,False,True,False,True,18.177345795534844,0,0.9239563945759103,0.8653283701143317,False,False,False,False,0.3333642158029704,0.32979782250280554,False,False,False,False,320069.0,267169.896817841,False,False,False,False,13925.49227063972,False,False,False,False
2025-02-25 17:00:00+00:00,54.06,54.54,53.91,54.48,26578.0,,,,,,,,,,,,,,,,,,,,,,"rgba(38, 166, 154, 1.0)",0.0,0.0,2.1292636230809,49.736927716567294,2.2275646059128174,0.0,0.0,0.0,0.0,0.0,0.0,0.0,0.0,69.11905910526377,12.47946040962443,True,False,True,False,True,19.12726912173857,0,0.9209966777408634,0.8730232558139538,False,False,False,False,0.32038040463455464,0.3250891135686801,False,False,False,False,346647.0,268402.099967952,False,False,False,False,14121.655181172437,False,False,False,False
2025-02-26 17:00:00+00:00,54.97,55.09,54.42,54.675,16157.0,,,,,,,,,,,,,,,,,,,,,,"rgba(38, 166, 154, 1.0)",0.0,0.0,2.2062460616811754,49.802667515808956,2.208426597928197,0.0,0.0,0.0,0.0,0.0,0.0,0.0,0.0,69.94821497581222,13.708935525366016,True,False,True,False,True,19.625105649166944,0,0.9256801592568011,0.8708692767086931,False,False,False,False,0.3428282476390206,0.33395868060385037,False,False,False,False,362804.0,269865.6953172861,False,False,False,False,14153.21091479767,False,False,False,False
2025-02-27 17:00:00+00:00,54.16,54.49,53.79,53.845,25460.0,,,,,,,,,,,,,,,,,,,,,,"rgba(38, 166, 154, 1.0)",0.0,0.0,2.252227019984564,49.87493319872219,1.7627294078485118,0.0,0.0,0.0,0.0,0.0,0.0,0.0,0.0,66.75866873978757,13.708935525366016,True,False,True,False,False,16.0996053117747,0,0.908506591460615,0.8776808552502136,False,False,False,False,0.3016957325046528,0.31782720655425156,False,False,False,False,337344.0,270911.87058368477,False,False,False,False,14328.509970382202,False,False,False,False
2025-02-28 17:00:00+00:00,53.75,54.045,53.605,54.045,9068.0,,,,,,,,,,,,,,,,,,,,,,"rgba(38, 166, 154, 1.0)",0.0,0.0,2.3010569800038017,49.89821379277987,1.802122347797437,0.0,0.0,0.0,0.0,0.0,0.0,0.0,0.0,65.17074098472531,13.708935525366016,True,False,True,False,False,16.634290288324497,0,0.9151137343325152,0.8822203063863654,False,False,False,False,0.2810132742529673,0.29942024040360943,False,False,False,False,346412.0,272082.4152257982,False,False,False,False,14246.951676267749,False,False,False,False
2025-03-03 17:00:00+00:00,53.64,53.64,52.47,52.93,6379.0,,,,,,,,,,,,,,,,,,,,,,"rgba(38, 166, 154, 1.0)",0.0,0.0,2.325343446491964,49.9068267208146,1.3000975334401415,0.0,0.0,0.0,0.0,0.0,0.0,0.0,0.0,59.90406169805213,15.916496382158357,False,False,True,False,False,12.13453505445375,0,0.8952424519670628,0.8822376159979093,False,False,False,False,0.2313898136187172,0.2654050270111633,False,False,False,False,340033.0,273135.9126641579,False,False,False,False,14124.96792934887,False,False,False,False
2025-03-04 17:00:00+00:00,51.39,51.62,50.895,50.91,11582.0,,,,,,,,,,,,,,,,,,,,,,"rgba(239, 83, 80, 1.0)",0.0,0.0,2.3259873656630643,49.89460044508562,0.43654560205442755,0.0,0.0,0.0,0.0,0.0,0.0,0.0,0.0,51.56613741905042,8.276089243093537,False,True,False,False,False,4.882912558036185,0,0.890202377128172,0.8918085448120787,False,False,False,False,0.11936979390861695,0.19238741045989013,False,False,False,False,328451.0,273993.5109174268,False,False,False,False,14085.54206997912,False,False,False,False
2025-03-05 17:00:00+00:00,50.675,51.15,50.675,51.04,6638.0,,,,,,,,,,,,,,,,,,,,,,"rgba(239, 83, 80, 1.0)",0.0,0.0,2.3278355991297044,49.88700038071101,0.49530972879702373,0.0,0.0,0.0,0.0,0.0,0.0,0.0,0.0,46.45881041331798,3.857507834532221,False,True,False,True,False,5.264037678744867,0,0.8908319403368905,0.8957824353863959,False,False,False,False,0.0982887573518687,0.14533808390587943,False,False,False,False,335089.0,274940.7278024279,False,False,False,False,13970.07630145231,False,False,False,False
2025-03-06 17:00:00+00:00,50.95,50.985,50.06,50.275,19735.0,,,,,,,,,,,,,,,,,,,,,,"rgba(239, 83, 80, 1.0)",0.0,0.0,2.327789110753617,49.85590295538153,0.1800408132688558,0.0,0.0,0.0,0.0,0.0,0.0,0.0,0.0,41.59206473500187,-0.37771399061131916,False,True,False,True,False,2.727109164045192,0,0.8818756787836195,0.8983581422091615,False,False,False,False,0.0745614671316284,0.10994977551875391,False,False,False,False,315354.0,275567.29016208014,False,False,False,False,14059.4549634453,False,False,False,False
2025-03-07 17:00:00+00:00,48.94,49.66,48.77,49.515,13865.0,,,,,,,,,,,,,,,,,,,,,,"rgba(239, 83, 80, 1.0)",0.0,0.0,2.3281932406406343,49.819266766925,-0.1306879350106151,0.0,0.0,0.0,0.0,0.0,0.0,0.0,0.0,37.08250293040054,-4.353353199697544,False,True,False,True,False,0.3139351055723125,0,0.8731701161029783,0.9053508329126707,False,False,False,False,-0.033381340620464724,0.03828421744914459,False,False,False,False,301489.0,275969.1771363115,False,False,False,False,14056.44015781049,False,False,False,False
2025-03-10 17:00:00+00:00,49.305,49.87,48.51,49.26,16432.0,,,,,,,,,,,,,,,,,,,,,,"rgba(239, 83, 80, 1.0)",0.0,0.0,2.329313226705907,49.778467239139445,-0.22258373549557295,0.0,0.0,0.0,0.0,0.0,0.0,0.0,0.0,33.673593793292845,-7.422226716760875,False,True,False,True,False,0.0,0,0.8643695474800727,0.9111278478629266,False,False,False,False,-0.0355686152453717,0.001357801101886446,False,False,False,False,285057.0,276110.0736148183,False,False,False,False,14093.270542960714,False,False,False,False
2025-03-11 17:00:00+00:00,47.44,48.365,47.11,47.99,24645.0,,,,,,,,,,,,,,,,,,,,,,"rgba(239, 83, 80, 1.0)",0.0,0.0,2.339172343426459,49.6880900992999,-0.7259362928395887,0.0,0.0,0.0,0.0,0.0,0.0,0.0,0.0,29.661947652835917,-11.171252625941577,False,True,False,True,False,0.0,0,0.8415653028627595,0.9198304460007375,False,False,False,False,-0.14260345513562142,-0.07062282701686749,False,False,False,False,260412.0,275866.692628542,False,False,False,False,14256.863247721012,False,False,False,False
2025-03-12 17:00:00+00:00,48.03,48.375,48.01,48.33,9330.0,,,,,,,,,,,,,,,,,,,,,,"rgba(239, 83, 80, 1.0)",0.0,0.0,2.3457017870720174,49.66093574326983,-0.5673934131802626,0.0,0.0,0.0,0.0,0.0,0.0,0.0,0.0,28.431316864792926,-12.477415376012381,False,True,False,True,False,0.0,0,0.8497024722409667,0.9222747070731862,False,False,False,False,-0.1414685809355552,-0.10604570397621135,False,False,False,False,269742.0,275771.7361536809,False,False,False,False,14180.47777101216,False,False,False,False
2025-03-13 17:00:00+00:00,46.475,46.52,45.83,45.955,5462.0,,,,,,,,,,,,,,,,,,,,,,"rgba(239, 83, 80, 1.0)",0.0,0.0,2.3883097268466544,49.63342033884879,-1.540177263233567,0.0,0.0,0.0,0.0,0.0,0.0,0.0,0.0,24.98937800887853,-15.987151512400928,False,True,False,True,False,0.0,0,0.8392921415716855,0.926934613077385,False,False,False,False,-0.29331970493651527,-0.19968270445636332,False,False,False,False,264280.0,275593.5697016858,False,False,False,False,14045.30757301197,False,False,False,False
2025-03-14 17:00:00+00:00,46.43,46.59,46.32,46.53,5271.0,,,,,,,,,,,,,,,,,,,,,,"rgba(239, 83, 80, 1.0)",0.0,0.0,2.4179572422241504,49.60956080487748,-1.273620869343726,0.0,0.0,0.0,0.0,0.0,0.0,0.0,0.0,24.77478841425008,-16.58461122621881,False,True,False,True,False,0.0,0,0.842061264704126,0.9224338687526128,False,False,False,False,-0.29498689824654317,-0.24733480135145325,False,False,False,False,269551.0,275499.88645049685,False,False,False,False,13909.271796686202,False,False,False,False
2025-03-17 17:00:00+00:00,46.71,46.94,46.68,46.79,16048.0,,,,,,,,,,,,,,,,,,,,,,"rgba(239, 83, 80, 1.0)",0.0,0.0,2.44178023964847,49.54542900697587,-1.128450858203586,0.0,0.0,0.0,0.0,0.0,0.0,0.0,0.0,25.572735333328026,-16.58461122621881,False,True,False,True,False,0.0,0,0.8415412402167369,0.9276339554485254,False,False,False,False,-0.2664736904633063,-0.2569042459073798,False,False,False,False,285599.0,275656.46185436513,False,False,False,False,13942.430373481764,False,False,False,False
2025-03-18 17:00:00+00:00,46.45,46.52,46.2,46.36,11798.0,,,,,,,,,,,,,,,,,,,,,,"rgba(239, 83, 80, 1.0)",0.0,0.0,2.4718261896239224,49.4958220052244,-1.268625609028562,0.0,0.0,0.0,0.0,0.0,0.0,0.0,0.0,25.51677372803972,-17.000039684289078,False,True,False,True,False,0.0,0,0.8350540216086433,0.9279111644657864,False,False,False,False,-0.3026951360701495,-0.27979969098876467,False,False,False,False,273801.0,275627.6950039099,False,False,False,False,13909.183390947162,False,False,False,False
2025-03-19 17:00:00+00:00,46.46,46.85,46.31,46.77,7588.0,,,,,,,,,,,,,,,,,,,,,,"rgba(239, 83, 80, 1.0)",0.0,0.0,2.4941595255191173,49.46722295616467,-1.0814155744922869,0.0,0.0,0.0,0.0,0.0,0.0,0.0,0.0,27.098279877762398,-17.000039684289078,False,True,False,True,False,0.0,0,0.8444604835799348,0.9217490677252497,False,False,False,False,-0.3082521232521588,-0.2940259071204617,False,False,False,False,281389.0,275717.0175619888,False,False,False,False,13811.180547676664,False,False,False,False
2025-03-20 17:00:00+00:00,46.28,46.425,45.98,46.01,4538.0,,,,,,,,,,,,,,,,,,,,,,"rgba(239, 83, 80, 1.0)",0.0,0.0,2.5283188214823857,49.448302979398605,-1.35991669649585,0.0,0.0,0.0,0.0,0.0,0.0,0.0,0.0,26.946839364112535,-17.000039684289078,False,True,False,True,False,0.0,0,0.8347172081829118,0.9318892900120339,False,False,False,False,-0.34045620561536527,-0.3172410563679135,False,False,False,False,276851.0,275734.5986850587,False,False,False,False,13667.410306627413,False,False,False,False
2025-03-21 17:00:00+00:00,45.44,45.555,44.98,45.115,7693.0,,,,,,,,,,,,,,,,,,,,,,"rgba(239, 83, 80, 1.0)",0.0,0.0,2.5761723702190626,49.410177824691885,-1.667271132298747,0.0,0.0,0.0,0.0,0.0,0.0,0.0,0.0,25.6316667399009,-18.573187539958653,False,True,False,True,False,0.0,0,0.82518527372699,0.940234281616065,False,False,False,False,-0.34282825441539394,-0.3300346553916537,False,False,False,False,269158.0,275632.6359147477,False,False,False,False,13574.783790245592,False,False,False,False
2025-03-24 17:00:00+00:00,45.765,45.765,45.335,45.51,3377.0,,,,,,,,,,,,,,,,,,,,,,"rgba(239, 83, 80, 1.0)",0.0,0.0,2.611258391539683,49.39479988755916,-1.4877117868326146,0.0,0.0,0.0,0.0,0.0,0.0,0.0,0.0,26.386370262761496,-18.573187539958653,False,True,False,True,False,0.0,0,0.8272354096019988,0.9361651496222264,False,False,False,False,-0.320930261396632,-0.32548245839414286,False,False,False,False,272535.0,275584.61055172834,False,False,False,False,13416.678615203024,False,False,False,False
2025-03-25 17:00:00+00:00,45.01,45.165,44.94,45.135,9851.0,,,,,,,,,,,,,,,,,,,,,,"rgba(239, 83, 80, 1.0)",0.0,0.0,2.656104464799335,49.34676380121135,-1.5856920753791013,0.0,0.0,0.0,0.0,0.0,0.0,0.0,0.0,26.298354984266048,-18.907931976643663,False,True,False,True,False,0.0,0,0.820492974517742,0.942367230292927,False,False,False,False,-0.34282825441539394,-0.3341553564047684,False,False,False,False,262684.0,275384.6010858101,False,False,False,False,13361.396776207626,False,False,False,False
2025-03-26 17:00:00+00:00,44.5,44.55,43.88,44.175,23937.0,,,,,,,,,,,,,,,,,,,,,,"rgba(239, 83, 80, 1.0)",0.0,0.0,2.7249746953117073,49.21746071809834,-1.8504614838346372,0.0,0.0,0.0,0.0,0.0,0.0,0.0,0.0,24.89212761598882,-20.694830693491248,False,True,False,True,False,0.0,0,0.818784007570381,0.9422167021528272,False,False,False,False,-0.34282825441539394,-0.33849180541008117,False,False,False,False,238747.0,274816.5762627743,False,False,False,False,13525.359616886577,False,False,False,False
2025-03-27 17:00:00+00:00,44.24,44.81,44.24,44.805,15611.0,,,,,,,,,,,,,,,,,,,,,,"rgba(239, 83, 80, 1.0)",0.0,0.0,2.7758495169118214,49.14398946145306,-1.5631212841394435,0.0,0.0,0.0,0.0,0.0,0.0,0.0,0.0,26.617949123162397,-20.694830693491248,False,True,False,True,False,0.0,0,0.8244950986181645,0.9361639305539153,False,False,False,False,-0.3211963156589436,-0.3298440605345124,False,False,False,False,254358.0,274499.38903389405,False,False,False,False,13557.695126702289,False,False,False,False
2025-03-28 17:00:00+00:00,45.01,45.065,44.77,44.96,4857.0,,,,,,,,,,,,,,,,,,,,,,"rgba(239, 83, 80, 1.0)",0.0,0.0,2.8214115405378455,49.12316852727434,-1.4755623089571372,0.0,0.0,0.0,0.0,0.0,0.0,0.0,0.0,28.411815008070377,-20.694830693491248,False,True,False,True,True,0.0,0,0.8294903630128885,0.9328367033226915,False,False,False,False,-0.2942158378576751,-0.3120299491960937,False,False,False,False,259215.0,274262.42176205077,False,False,False,False,13422.80062861388,False,False,False,False
2025-03-31 17:00:00+00:00,44.16,44.405,44.05,44.215,18720.0,,,,,,,,,,,,,,,,,,,,,,"rgba(239, 83, 80, 1.0)",0.0,0.0,2.8811899474891582,49.03427924896968,-1.6726697429891728,0.0,0.0,0.0,0.0,0.0,0.0,0.0,0.0,28.222649941826248,-20.694830693491248,False,True,False,True,True,0.0,0,0.8234672924611321,0.9338809034907598,False,False,False,False,-0.34195011973028755,-0.32699003446319064,False,False,False,False,240495.0,273738.8958432593,False,False,False,False,13504.927750650873,False,False,False,False
2025-04-01 17:00:00+00:00,45.15,45.465,44.34,45.045,11497.0,,,,,,,,,,,,,,,,,,,,,,"rgba(239, 83, 80, 1.0)",0.0,0.0,2.920551160496962,48.989022117520214,-1.3504376060473107,0.0,0.0,0.0,0.0,0.0,0.0,0.0,0.0,31.46310944321028,-22.343767239687068,False,True,False,True,True,0.0,0,0.8292272911715263,0.9187873166772941,False,False,False,False,-0.2952390965856075,-0.3111145655243991,False,False,False,False,251992.0,273401.73466739483,False,False,False,False,13473.797087850084,False,False,False,False
2025-04-02 17:00:00+00:00,45.4,45.56,45.1,45.56,6425.0,,,,,,,,,,,,,,,,,,,,,,"rgba(239, 83, 80, 1.0)",0.0,0.0,2.940097366163508,48.96680663321417,-1.158739391566362,0.0,0.0,0.0,0.0,0.0,0.0,0.0,0.0,35.46459632367737,-18.60435500750897,False,True,False,True,True,0.0,0,0.8366757209732415,0.9200138704270936,False,False,False,False,-0.26630175241342335,-0.2887081589689112,False,False,False,False,258417.0,273169.4131996833,False,False,False,False,13364.513412069462,False,False,False,False
2025-04-03 17:00:00+00:00,41.755,42.13,41.535,41.79,20723.0,,,,,,,,,,,,,,,,,,,,,,"rgba(239, 83, 80, 1.0)",0.0,0.0,3.049221359773669,48.836987583591124,-2.3110777316980995,0.0,0.0,0.0,0.0,0.0,0.0,0.0,0.0,32.00368398579357,-18.60435500750897,False,True,False,True,False,0.0,0,0.835820895522388,0.9225989014037621,False,False,False,False,-0.34282825441539394,-0.31576820669215255,False,False,False,False,237694.0,272619.4067934866,False,False,False,False,13478.598475448229,False,False,False,False
2025-04-04 17:00:00+00:00,40.06,40.38,39.56,39.78,29783.0,,,,,,,,,,,,,,,,,,,,,,"rgba(239, 83, 80, 1.0)",0.0,0.0,3.2237671405632993,48.6167962672031,-2.741139754175612,0.0,0.0,0.0,0.0,0.0,0.0,0.0,0.0,28.00453995541998,-17.127654834890365,False,True,False,True,False,0.0,0,0.8247613853286064,0.9319334605944916,False,False,False,False,-0.34282825441539394,-0.3292982305537733,False,False,False,False,207911.0,271616.1756804093,False,False,False,False,13731.379894433527,False,False,False,False
2025-04-07 17:00:00+00:00,39.0,39.525,38.615,39.085,26585.0,,,,,,,,,,,,,,,,,,,,,,"rgba(239, 83, 80, 1.0)",0.0,0.0,3.4128781980307616,48.41575765229527,-2.733984956650119,0.0,0.0,0.0,0.0,0.0,0.0,0.0,0.0,24.851805457376127,-19.87324062076066,False,True,False,True,False,0.0,0,0.8121660279591947,0.9402493657904685,False,False,False,False,-0.34282825441539394,-0.33606324248458364,False,False,False,False,181326.0,270216.3279954417,False,False,False,False,13930.660826302774,False,False,False,False
2025-04-08 17:00:00+00:00,38.67,38.69,37.48,37.68,19818.0,,,,,,,,,,,,,,,,,,,,,,"rgba(239, 83, 80, 1.0)",0.0,0.0,3.6442464834903183,47.779853702193094,-2.7714518619826847,0.0,0.0,0.0,0.0,0.0,0.0,0.0,0.0,21.87003068789967,-22.507260894372923,False,True,False,True,False,0.0,0,0.8045817052935821,0.9447626184231654,True,False,False,False,-0.34282825441539394,-0.33944574844998876,False,False,False,False,161508.0,268530.92756140383,True,False,False,False,14021.937402639165,True,False,False,False
2025-04-09 17:00:00+00:00,37.565,41.57,37.565,41.11,25900.0,,,,,,,,,,,,,,,,,,,,,,"rgba(239, 83, 80, 1.0)",0.0,0.0,3.7444035982123287,47.70020116274604,-1.7600135748967785,0.0,0.0,0.0,0.0,1.0,39.73,38.69,0.0,27.760438595822396,-28.44896515334127,False,True,False,True,True,0.0,0,0.8107168793443302,0.9239547670920222,False,False,False,False,-0.27827169260467266,-0.3088587205273307,False,False,False,False,187408.0,267273.20775425027,False,False,False,False,14206.093411900572,False,False,False,False
2025-04-10 17:00:00+00:00,40.03,40.555,39.73,40.195,13796.0,,,,,,,,,,,,,,,,,,,,,,"rgba(239, 83, 80, 1.0)",0.0,0.0,3.8683472877622918,47.636129368752535,-1.9235939317788027,0.0,0.0,0.0,0.0,0.0,0.0,0.0,0.0,30.66212806376579,-25.964553494344877,False,True,False,True,True,0.0,0,0.8343189180850515,0.9283694143055485,False,False,False,False,-0.2538553294356952,-0.28135702498151294,False,False,False,False,173612.0,265821.09600612236,False,False,False,False,14199.735374506765,False,False,False,False
2025-04-11 17:00:00+00:00,40.97,41.91,40.88,41.505,20938.0,,,,,,,,,,,,,,,,,,,,,,"rgba(239, 83, 80, 1.0)",0.0,0.0,3.9500792066410373,47.572324096994045,-1.5360006165935622,0.0,0.0,0.0,0.0,0.0,0.0,0.0,0.0,34.954503558058754,-22.103406084882863,False,True,False,True,True,0.0,0,0.8389292426474322,0.9185249149184743,False,False,False,False,-0.20163926225312456,-0.24149814361731875,False,False,False,False,194550.0,264716.1177734693,False,False,False,False,14304.20459350666,False,False,False,False
2025-04-14 17:00:00+00:00,41.24,41.83,41.21,41.45,17767.0,,,,,,,,,,,,,,,,,,,,,,"rgba(239, 83, 80, 1.0)",0.0,0.0,4.0265166433629,47.51156599599053,-1.505411881503606,0.0,0.0,0.0,0.0,0.0,0.0,0.0,0.0,37.740165548004896,-19.589979882505478,False,False,False,True,True,0.0,0,0.8404088448110104,0.9193948287203363,False,False,False,False,-0.19649152325109673,-0.21899483343420773,False,False,False,False,176783.0,263352.81362194265,False,False,False,False,14357.891343994928,False,False,False,False
2025-04-15 17:00:00+00:00,41.13,41.265,40.695,41.23,16051.0,,,,,,,,,,,,,,,,,,,,,,"rgba(239, 83, 80, 1.0)",0.0,0.0,4.109918620004808,47.44566694199053,-1.5123576685280602,0.0,0.0,0.0,0.0,0.0,0.0,0.0,0.0,39.265229786694675,-18.098447154508264,False,False,False,True,True,0.0,0,0.8357877748638289,0.9235424652007264,False,False,False,False,-0.2188072394413123,-0.21890103643776002,False,False,False,False,160732.0,261761.79325571097,False,False,False,False,14384.141090599656,False,False,False,False
2025-04-16 17:00:00+00:00,40.94,40.96,40.165,40.67,20793.0,,,,,,,,,,,,,,,,,,,,,,"rgba(239, 83, 80, 1.0)",0.0,0.0,4.203524420001473,47.34995112751206,-1.5891310386415487,0.0,0.0,0.0,0.0,0.0,0.0,0.0,0.0,39.4103591304508,-17.69474383432288,False,False,False,True,True,0.0,0,0.8289598640475832,0.9226270805218175,False,False,False,False,-0.23620774146559945,-0.22755438895167973,False,False,False,False,139939.0,259873.06777887823,False,False,False,False,14483.503244233769,False,False,False,False
2025-04-17 17:00:00+00:00,41.35,41.4,41.075,41.11,8694.0,,,,,,,,,,,,,,,,,,,,,,"rgba(239, 83, 80, 1.0)",0.0,0.0,4.281822370300991,47.31637118725075,-1.4494695600402676,0.0,0.0,0.0,0.0,0.0,0.0,0.0,0.0,40.548094803626526,-16.221090264959052,False,False,False,True,True,0.0,0,0.8372324539571926,0.916326530612245,False,False,False,False,-0.20814049487575212,-0.2178474419137159,False,False,False,False,148633.0,258148.41556525222,False,False,False,False,14393.74350401309,False,False,False,False
2025-04-18 17:00:00+00:00,41.11,41.11,41.11,41.11,0.0,,,,,,,,,,,,,,,,,,,,,,"rgba(239, 83, 80, 1.0)",0.0,0.0,4.358007652896206,47.31637118725075,-1.4241304012227187,0.0,0.0,0.0,0.0,0.0,0.0,0.0,0.0,41.30658525241034,-15.05269400474981,False,False,False,True,True,0.0,0,0.8393883364149717,0.9173954325121186,False,False,False,False,-0.21341610643264333,-0.21563177417317964,False,False,False,False,148633.0,256450.5021456359,False,False,False,False,14170.584689997382,False,False,False,False
2025-04-21 17:00:00+00:00,40.34,40.82,40.25,40.78,11483.0,,,,,,,,,,,,,,,,,,,,,,"rgba(239, 83, 80, 1.0)",0.0,0.0,4.439416407145792,47.26538623413586,-1.4608645910522888,0.0,0.0,0.0,0.0,1.0,41.62,41.11,0.0,41.1433815885375,-14.715507145411252,False,False,False,True,True,0.0,0,0.8362514922403501,0.9176780740151216,False,False,False,False,-0.23735871719749976,-0.22649524568533969,False,False,False,False,137150.0,254600.88195733147,False,False,False,False,14128.916710307501,False,False,False,False
2025-04-22 17:00:00+00:00,41.9,42.02,41.62,41.85,6591.0,,,,,,,,,,,,,,,,,,,,,,"rgba(38, 166, 154, 1.0)",0.0,0.0,4.493784783974852,47.2446999071238,-1.2004802558328282,0.0,0.0,0.0,0.0,0.0,0.0,0.0,0.0,43.91427377512778,-11.667098693266759,True,False,False,True,True,0.0,0,0.83871768150464,0.9179693315468215,False,False,False,False,-0.18417824339735864,-0.20533674454134915,False,False,False,False,143741.0,252882.12409752785,False,False,False,False,14012.0497845663,False,False,False,False
2025-04-23 17:00:00+00:00,42.52,42.98,42.52,42.625,12531.0,,,,,,,,,,,,,,,,,,,,,,"rgba(38, 166, 154, 1.0)",0.0,0.0,4.535359377677134,47.21623672212124,-1.0123203785612074,0.0,0.0,0.0,0.0,1.0,42.14,42.02,0.0,47.55247360833974,-7.991853534685518,True,False,False,False,True,0.0,0,0.8387715930902109,0.9152517348294701,False,False,False,False,-0.14633868405668002,-0.17583771429901457,False,False,False,False,156272.0,251384.2927161708,False,False,False,False,13989.087772402481,False,False,False,False
2025-04-24 17:00:00+00:00,42.96,42.96,42.14,42.465,9567.0,,,,,,,,,,,,,,,,,,,,,,"rgba(38, 166, 154, 1.0)",0.0,0.0,4.578368756278563,47.19239279069615,-1.0325495918635248,0.0,0.0,0.0,0.0,0.0,0.0,0.0,0.0,49.537588561349224,-5.959767983019631,True,False,False,False,True,0.0,0,0.8348111497575074,0.9188752265713026,False,False,False,False,-0.15443758341051658,-0.16513764885476556,False,False,False,False,146705.0,249761.35794537747,False,False,False,False,13920.528272055157,False,False,False,False
2025-04-25 17:00:00+00:00,42.36,42.625,42.335,42.49,19836.0,,,,,,,,,,,,,,,,,,,,,,"rgba(38, 166, 154, 1.0)",0.0,0.0,4.620798895475942,47.14187655075244,-1.0067256022128392,0.0,0.0,0.0,0.0,0.0,0.0,0.0,0.0,50.926357808674794,-4.459920215511765,True,False,False,False,True,0.0,0,0.8357251310182693,0.9248175539991186,False,False,False,False,-0.15727690028247082,-0.1612072745686182,False,False,False,False,166541.0,248471.1198376972,False,False,False,False,14012.241012023293,False,False,False,False
2025-04-28 17:00:00+00:00,42.66,42.685,42.38,42.61,16023.0,,,,,,,,,,,,,,,,,,,,,,"rgba(38, 166, 154, 1.0)",0.0,0.0,4.660065343856058,47.10212096484256,-0.9639609390381367,0.0,0.0,0.0,0.0,0.0,0.0,0.0,0.0,52.195829786946355,-3.030854061183227,True,False,True,False,True,0.0,0,0.836401119128258,0.9263240563490897,False,False,False,False,-0.15514717931172026,-0.15817722694016922,False,False,False,False,182564.0,247449.30402626004,False,False,False,False,14043.41556997642,False,False,False,False
2025-04-29 17:00:00+00:00,42.69,42.98,42.68,42.865,19989.0,,,,,,,,,,,,,,,,,,,,,,"rgba(38, 166, 154, 1.0)",0.0,0.0,4.691120702075435,47.05758590440891,-0.893727996074378,0.0,0.0,0.0,0.0,1.0,45.375,42.685,0.0,53.80473843462792,-1.2716286516681734,True,False,True,False,True,0.0,0,0.8387350999901487,0.9238006107772635,False,False,False,False,-0.14310451206721744,-0.15064086950369332,False,False,False,False,202553.0,246753.23729717074,False,False,False,False,14135.595173542675,False,False,False,False
2025-04-30 17:00:00+00:00,45.69,46.37,45.375,46.2,47710.0,,,,,,,,,,,,,,,,,,,,,,"rgba(38, 166, 154, 1.0)",0.0,0.0,4.689101246027301,47.07107848275145,-0.18576661860083424,0.0,0.0,0.0,0.0,1.0,46.02,42.98,0.0,60.9870823749022,5.49173830560396,True,False,True,False,True,0.2284130126030739,0,0.8384693043603674,0.9202442190279317,False,False,False,False,-0.02168006260277516,-0.08616046605323424,False,False,False,False,250263.0,246807.652222796,False,False,False,False,14656.128581704805,False,False,False,False
2025-05-01 17:00:00+00:00,46.395,46.565,46.02,46.04,10168.0,,,,,,,,,,,,,,,,,,,,,,"rgba(38, 166, 154, 1.0)",0.0,0.0,4.687608792250958,47.07396866941661,-0.22057486348388392,0.0,0.0,0.0,0.0,0.0,0.0,0.0,0.0,65.21015535016961,9.244172476995182,True,False,True,False,True,0.0,0,0.8507131842713955,0.915622590593678,False,False,False,False,-0.00504803522992578,-0.04560425064158001,False,False,False,False,240095.0,246703.58009531078,False,False,False,False,14586.545192841164,False,False,False,False
2025-05-02 17:00:00+00:00,47.7,47.71,47.22,47.405,17189.0,,,,,,,,,,,,,,,,,,,,,,"rgba(38, 166, 154, 1.0)",0.0,0.0,4.680726792529725,47.09390564024117,0.06646283227966408,0.0,0.0,0.0,0.0,0.0,0.0,0.0,0.0,69.58508935726748,13.119043563829479,True,False,True,False,True,2.818111241237993,0,0.8498486959027811,0.9143090446227008,False,False,False,False,0.041397354942458636,-0.002103447849560687,False,False,False,False,257284.0,246867.61761321293,False,False,False,False,14626.893329386261,False,False,False,False
2025-05-05 17:00:00+00:00,48.115,48.115,47.68,47.76,13318.0,,,,,,,,,,,,,,,,,,,,,,"rgba(38, 166, 154, 1.0)",0.0,0.0,4.673668916830058,47.112036958082314,0.13864119462641972,0.0,0.0,0.0,0.0,0.0,0.0,0.0,0.0,72.85843452879845,16.00365578097619,True,False,True,False,True,3.5605465564325733,0,0.8607998454404946,0.9059602009273572,False,False,False,False,0.05856416017070622,0.028230356160572765,False,False,False,False,270602.0,247235.59253393832,False,False,False,False,14606.600409550814,False,False,False,False
2025-05-06 17:00:00+00:00,47.325,47.405,46.97,46.97,20217.0,,,,,,,,,,,,,,,,,,,,,,"rgba(38, 166, 154, 1.0)",0.0,0.0,4.65572106355406,47.12645910799702,-0.03360577359795388,0.0,0.0,0.0,0.0,0.0,0.0,0.0,0.0,72.12770638090413,16.00365578097619,True,False,True,False,True,1.767544887142975,0,0.8567847674138347,0.9058568329718009,False,False,False,False,0.030396278377542114,0.02931331726905744,False,False,False,False,250385.0,247284.42055666796,False,False,False,False,14693.583348937624,False,False,False,False
2025-05-07 17:00:00+00:00,47.23,47.25,46.68,46.735,7530.0,,,,,,,,,,,,,,,,,,,,,,"rgba(38, 166, 154, 1.0)",0.0,0.0,4.639307223445419,47.13012115115821,-0.0851681365617273,0.0,0.0,0.0,0.0,0.0,0.0,0.0,0.0,70.80382770314904,16.00365578097619,True,False,True,False,True,1.239379126502726,0,0.8544124019065045,0.9058302440903186,False,False,False,False,0.021581032120130236,0.025447174694593837,False,False,False,False,242855.0,247215.74736974286,False,False,False,False,14582.520041202157,False,False,False,False
2025-05-08 17:00:00+00:00,47.72,47.72,47.275,47.32,5747.0,,,,,,,,,,,,,,,,,,,,,,"rgba(38, 166, 154, 1.0)",0.0,0.0,4.620420828304492,47.13504485824245,0.040029934205239794,0.0,0.0,0.0,0.0,0.0,0.0,0.0,0.0,70.88164067927232,16.00365578097619,True,False,True,False,True,2.5063151813891515,0,0.8569364161849709,0.9002408477842008,False,False,False,False,0.0426863734452705,0.034066774069932165,False,False,False,False,248602.0,247237.23965858406,False,False,False,False,14445.535234361812,False,False,False,False
2025-05-09 17:00:00+00:00,47.485,47.62,47.13,47.155,8314.0,,,,,,,,,,,,,,,,,,,,,,"rgba(38, 166, 154, 1.0)",0.0,0.0,4.599204917577953,47.14110042514674,0.0030221690710363143,0.0,0.0,0.0,0.0,0.0,0.0,0.0,0.0,70.27267192954545,16.00365578097619,True,False,True,False,False,2.1250496092310023,0,0.8587344458377545,0.8936529372045918,False,False,False,False,0.03782846947655791,0.035947621773245036,False,False,False,False,240288.0,247129.49950883858,False,False,False,False,14350.472672588761,False,False,False,False
2025-05-12 17:00:00+00:00,48.42,48.58,48.2,48.41,7778.0,,,,,,,,,,,,,,,,,,,,,,"rgba(38, 166, 154, 1.0)",0.0,0.0,4.579296704331972,47.15252297528956,0.27460046943909056,0.0,0.0,0.0,0.0,0.0,0.0,0.0,0.0,71.85514774609331,16.16187373703022,True,False,True,False,False,4.805021577514005,0,0.8593135845077173,0.8883136803758034,False,False,False,False,0.07815514018252058,0.05705138097788281,False,False,False,False,248066.0,247144.01889629842,False,False,False,False,14248.573871463355,False,False,False,False
2025-05-13 17:00:00+00:00,49.02,49.21,48.995,49.12,9213.0,,,,,,,,,,,,,,,,,,,,,,"rgba(38, 166, 154, 1.0)",0.0,0.0,4.553451022709652,47.17020160179308,0.4282023433397196,0.0,0.0,0.0,0.0,0.0,0.0,0.0,0.0,73.8200856710482,18.380334977738215,True,False,True,False,True,6.2642497439294225,0,0.866915422885572,0.8787791810179875,False,False,False,False,0.10660780242760731,0.08182959170274506,False,False,False,False,257279.0,247301.15038627828,False,False,False,False,14170.50295872749,False,False,False,False
2025-05-14 17:00:00+00:00,49.195,49.25,49.03,49.07,6148.0,,,,,,,,,,,,,,,,,,,,,,"rgba(38, 166, 154, 1.0)",0.0,0.0,4.529185934053116,47.18173863528722,0.41690965930890794,0.0,0.0,0.0,0.0,0.0,0.0,0.0,0.0,74.90758568383191,19.73892993905794,True,False,True,False,True,6.143035407375127,0,0.8666986104456158,0.8783900335409685,False,False,False,False,0.10810968413616542,0.09496963791945524,False,False,False,False,251131.0,247360.5278996693,False,False,False,False,14046.123067894505,False,False,False,False
2025-05-15 17:00:00+00:00,49.015,49.34,49.005,49.285,10651.0,,,,,,,,,,,,,,,,,,,,,,"rgba(38, 166, 154, 1.0)",0.0,0.0,4.495241776660072,47.201875925448576,0.46340645910689254,0.0,0.0,0.0,0.0,0.0,0.0,0.0,0.0,75.93714133646108,21.045777023278205,True,False,True,False,True,6.590760669983926,0,0.8628672769975555,0.8808416814456217,False,False,False,False,0.10941170780280107,0.10219067286112815,False,False,False,False,261782.0,247584.1166144031,False,False,False,False,13993.485500950404,False,False,False,False
2025-05-16 17:00:00+00:00,50.215,50.33,50.065,50.085,8412.0,,,,,,,,,,,,,,,,,,,,,,"rgba(38, 166, 154, 1.0)",0.0,0.0,4.477650322927618,47.222743025471736,0.6392319114050062,0.0,0.0,0.0,0.0,0.0,0.0,0.0,0.0,77.67250427907203,22.980724760373676,True,False,True,False,True,8.23896939841163,0,0.8639219419324132,0.8814374107567828,False,False,False,False,0.15068940279657575,0.12644003782885194,False,False,False,False,270194.0,247934.65744208675,False,False,False,False,13906.95084202094,False,False,False,False
2025-05-19 17:00:00+00:00,50.115,50.235,49.845,50.12,12880.0,,,,,,,,,,,,,,,,,,,,,,"rgba(38, 166, 154, 1.0)",0.0,0.0,4.466976222969623,47.252964482508645,0.6418291422167817,0.0,0.0,0.0,0.0,0.0,0.0,0.0,0.0,78.8733495847665,24.376890984716724,True,False,True,False,True,8.31070018408331,0,0.8607570857903746,0.8839642381586459,False,False,False,False,0.14431697053919845,0.1353785041840252,False,False,False,False,283074.0,248479.45345073656,False,False,False,False,13891.029123539995,False,False,False,False
2025-05-20 17:00:00+00:00,50.475,50.49,49.97,50.19,13145.0,,,,,,,,,,,,,,,,,,,,,,"rgba(38, 166, 154, 1.0)",0.0,0.0,4.451634629422462,47.513413153666754,0.6012593281224641,0.0,0.0,0.0,0.0,0.0,0.0,0.0,0.0,79.77055960384635,25.489243733825674,True,False,True,False,True,8.45661230901053,0,0.859581550166429,0.8862101759391349,False,False,False,False,0.15200584561283043,0.1436921748984278,False,False,False,False,296219.0,249219.60145925224,False,False,False,False,13879.462780539374,False,False,False,True
2025-05-21 17:00:00+00:00,49.5,49.5,48.89,48.895,14969.0,,,,,,,,,,,,,,,,,,,,,,"rgba(38, 166, 154, 1.0)",0.0,0.0,4.4120704400051185,47.49854929935111,0.31650689163685963,0.0,0.0,0.0,0.0,0.0,0.0,0.0,0.0,73.7423363533607,28.317530566410497,True,False,True,False,False,5.1463337742779025,0,0.8485163485163486,0.8943016443016447,False,False,False,False,0.1103133250366244,0.1270027499675261,False,False,False,False,281250.0,249716.19678546538,False,False,False,False,13896.354830453492,False,False,False,False
2025-05-22 17:00:00+00:00,48.91,49.225,48.88,48.92,8735.0,,,,,,,,,,,,,,,,,,,,,,"rgba(38, 166, 154, 1.0)",0.0,0.0,4.381335225745659,47.501701686856435,0.3237137174095567,0.0,0.0,0.0,0.0,0.0,0.0,0.0,0.0,69.79076589738573,24.766191527049656,True,False,True,False,False,5.200871616365635,0,0.8473167044595616,0.8974867724867728,False,False,False,False,0.10460603734308967,0.1158043936553079,False,False,False,False,289985.0,250340.51931592327,False,False,False,False,13816.333825330183,False,False,False,False
2025-05-23 17:00:00+00:00,49.16,49.235,48.885,48.975,3497.0,,,,,,,,,,,,,,,,,,,,,,"rgba(38, 166, 154, 1.0)",0.0,0.0,4.3604253759763925,47.5041581611771,0.3373161359271161,0.0,0.0,0.0,0.0,0.0,0.0,0.0,0.0,67.31981107041449,22.599463264222038,True,False,True,False,False,5.322993876200307,0,0.8523671589344225,0.8956265729616795,False,False,False,False,0.10490624847410815,0.11035532106470802,False,False,False,False,293482.0,251009.37948156786,False,False,False,False,13656.344153619637,False,False,False,False
2025-05-26 17:00:00+00:00,48.975,48.975,48.975,48.975,0.0,,,,,,,,,,,,,,,,,,,,,,"rgba(38, 166, 154, 1.0)",0.0,0.0,4.345540223935023,47.5041581611771,0.3384715738497999,0.0,0.0,0.0,0.0,0.0,0.0,0.0,0.0,65.67250785243367,21.100409281338912,True,False,True,False,False,5.322993876200307,0,0.8506502786908677,0.8986708589395458,False,False,False,False,0.10150494550869625,0.10593013328670214,False,False,False,False,293482.0,251667.8697221637,False,False,False,False,13444.617887672046,False,False,False,False
2025-05-27 17:00:00+00:00,50.01,50.065,49.735,49.77,12973.0,,,,,,,,,,,,,,,,,,,,,,"rgba(38, 166, 154, 1.0)",0.0,0.0,4.3355789974630445,47.53476652726496,0.5155559324470808,0.0,0.0,0.0,0.0,0.0,0.0,0.0,0.0,66.96333728804018,21.100409281338912,True,False,True,False,False,7.110709318801533,0,0.8497336036588242,0.8958461030694521,False,False,False,False,0.13866235757192052,0.12229624542931133,False,False,False,False,306455.0,252517.2825946883,False,False,False,False,13437.305982436821,False,False,False,False
2025-05-28 17:00:00+00:00,49.55,49.555,49.105,49.105,10187.0,,,,,,,,,,,,,,,,,,,,,,"rgba(38, 166, 154, 1.0)",0.0,0.0,4.323257841068443,47.546670611323314,0.3604525674766507,0.0,0.0,0.0,0.0,0.0,0.0,0.0,0.0,64.29986818538914,19.787954702390437,True,False,True,False,False,5.3510487569197025,0,0.8460094777835125,0.9003894336789757,False,False,False,False,0.11572683361185146,0.1190115395205814,False,False,False,False,296268.0,253195.58829089467,False,False,False,False,13386.913641623847,False,False,False,False
2025-05-29 17:00:00+00:00,48.725,48.91,48.04,48.15,18480.0,,,,,,,,,,,,,,,,,,,,,,"rgba(38, 166, 154, 1.0)",0.0,0.0,4.299195584719902,47.54677272916986,0.14031166038924003,0.0,0.0,0.0,0.0,0.0,0.0,0.0,0.0,58.64824583454842,14.51610788834033,False,False,True,False,False,2.9045359566116566,0,0.8375287113861155,0.9109829841091269,False,False,False,False,0.08154197253674009,0.10027675602866074,False,False,False,False,277788.0,253576.865991811,False,False,False,False,13465.876220823477,False,False,False,False
2025-05-30 17:00:00+00:00,47.0,47.31,46.53,46.57,35902.0,,,,,,,,,,,,,,,,,,,,,,"rgba(239, 83, 80, 1.0)",0.0,0.0,4.273343340559677,47.49659941953105,-0.21683242971291303,0.0,0.0,0.0,0.0,0.0,0.0,0.0,0.0,50.64364857091523,7.320312212464792,False,False,False,False,False,0.0,0,0.8316399907214104,0.917652516817444,False,False,False,False,0.019798625213000645,0.06003769062083069,False,False,False,False,241886.0,253395.61225550386,False,False,False,False,13813.723101120786,False,False,False,False
2025-06-02 17:00:00+00:00,46.36,46.665,46.03,46.61,34183.0,,,,,,,,,,,,,,,,,,,,,46.43500000000001,"rgba(239, 83, 80, 1.0)",0.0,0.0,4.246495462344351,47.42048093063008,-0.19085877703555534,1.0,46.665,46.03,0.0,0.0,0.0,0.0,0.0,45.47258551217527,2.9169219301017364,False,True,False,True,False,0.0,0,0.8330696938680562,0.9208616358053413,False,False,False,False,-0.002870435760733569,0.02858362743004856,False,False,False,False,276069.0,253747.13764689138,False,False,False,False,14129.52584373907,False,False,False,False
2025-06-03 17:00:00+00:00,46.605,46.68,46.44,46.545,11191.0,,,,,,,,,,,,,,,,,,,,,46.464596685326406,"rgba(239, 83, 80, 1.0)",0.0,0.0,4.203159629834839,47.41313695909961,-0.20654389448770982,0.0,0.0,0.0,0.0,0.0,0.0,0.0,0.0,41.864987920357095,-0.13637878237045697,False,True,False,True,False,0.0,0,0.8385457935213237,0.9139128408296437,False,False,False,False,0.005542946175788938,0.01706328680291875,False,False,False,False,264878.0,253919.70915624188,False,False,False,False,14083.96730352606,False,False,False,False
2025-06-04 17:00:00+00:00,47.465,47.9,47.42,47.84,20486.0,,,,,,,,,,,,,,,,,,,,,46.8550945945946,"rgba(239, 83, 80, 1.0)",0.0,0.0,4.120309140636645,47.44347319148108,0.09623714992842793,0.0,0.0,0.0,0.0,0.0,0.0,0.0,0.0,44.57237683598322,-0.13637878237045697,False,True,False,True,False,2.1287929607347174,0,0.8461110079821793,0.9050956005197702,False,False,False,False,0.04913367891984415,0.03309848286138145,False,False,False,False,285364.0,254407.21754141644,False,False,False,False,14183.223624401624,False,False,False,False
2025-06-05 17:00:00+00:00,47.735,47.995,47.4,47.66,9392.0,,,,,,,,,,,,,,,,,,,,,46.958672859193115,"rgba(239, 83, 80, 1.0)",0.0,0.0,4.001947253502888,47.45234222204973,0.05188918413867276,0.0,0.0,0.0,0.0,0.0,0.0,0.0,0.0,45.78745048784886,-0.13637878237045697,False,True,False,True,True,1.6860630391462053,0,0.8494548828578056,0.8992809093017866,False,False,False,False,0.05062207895551004,0.04186028090844575,False,False,False,False,275972.0,254741.5552539526,False,False,False,False,14108.941087589195,False,False,False,False
2025-06-06 17:00:00+00:00,47.86,47.9,47.71,47.825,11614.0,,,,,,,,,,,,,,,,,,,,,47.07271828640282,"rgba(239, 83, 80, 1.0)",0.0,0.0,3.904695864314185,47.4636184408599,0.09255050116523708,0.0,0.0,0.0,0.0,0.0,0.0,0.0,0.0,47.20543716037554,-0.13637878237045697,False,True,False,True,True,2.077596315467929,0,0.8495813953488371,0.9031162790697678,False,False,False,False,0.054890090851125214,0.04837518587978548,False,False,False,False,287586.0,255250.77145156573,False,False,False,False,14070.25983041727,False,False,False,False
2025-06-09 17:00:00+00:00,48.165,48.285,47.845,47.885,11056.0,,,,,,,,,,,,,,,,,,,,,47.177978663289835,"rgba(239, 83, 80, 1.0)",0.0,0.0,3.804752370865038,47.47577536661922,0.107556180663537,0.0,0.0,0.0,0.0,0.0,0.0,0.0,0.0,48.38729579622922,-0.13637878237045697,False,True,False,False,True,2.221816013475369,0,0.8469107017952903,0.9036605269293544,False,False,False,False,0.06522129457139712,0.0567982402255913,False,False,False,False,298642.0,255923.50367712285,False,False,False,False,14023.527119868164,False,False,False,False
2025-06-10 17:00:00+00:00,48.23,48.86,48.185,48.85,22386.0,,,,,,,,,,,,,,,,,,,,,47.44846989948023,"rgba(38, 166, 154, 1.0)",0.0,0.0,3.696712641165241,47.51428701871339,0.3613245364036686,0.0,0.0,0.0,0.0,0.0,0.0,0.0,0.0,52.531605826949075,-5.116008656203768,False,True,True,False,True,4.509745687020047,0,0.8463613113229482,0.9002092536619394,False,False,False,False,0.08343542249452626,0.07011683136005878,False,False,False,False,321028.0,256932.87571313645,False,False,False,False,14153.17786219579,False,False,False,False
2025-06-11 17:00:00+00:00,48.135,48.455,47.845,47.91,10744.0,,,,,,,,,,,,,,,,,,,,,47.4994246304266,"rgba(38, 166, 154, 1.0)",0.0,0.0,3.569991577702169,47.522731552049905,0.1084788127705774,0.0,0.0,0.0,0.0,0.0,0.0,0.0,0.0,51.583592110816895,-5.116008656203768,False,True,True,False,True,2.1005428989221997,0,0.845803936130709,0.8957482361678427,False,False,False,False,0.06860171423250032,0.06935927279627954,False,False,False,False,310284.0,257760.02492688625,False,False,False,False,14100.322391464071,False,False,False,False
2025-06-12 17:00:00+00:00,47.895,48.02,47.74,47.85,22486.0,,,,,,,,,,,,,,,,,,,,,47.55369626194602,"rgba(38, 166, 154, 1.0)",0.0,0.0,3.462242896429054,47.53341188060695,0.09144018165784412,0.0,0.0,0.0,0.0,0.0,0.0,0.0,0.0,50.7367098062835,-5.116008656203768,False,True,False,False,True,1.94868006905088,0,0.8402463490878552,0.9032799888023143,False,False,False,False,0.057868947842208654,0.0636141103192441,False,False,False,False,287798.0,258225.72996677947,False,False,False,False,14230.332897022767,False,False,False,False
2025-06-13 17:00:00+00:00,47.315,47.33,46.215,46.32,10288.0,,,,,,,,,,,,,,,,,,,,,47.49516635536078,"rgba(239, 83, 80, 1.0)",0.0,0.0,3.3362403882105856,47.49048983690499,-0.3508409768796041,0.0,0.0,0.0,0.0,0.0,0.0,0.0,0.0,45.73814014475133,-5.116008656203768,False,True,False,True,False,0.0,0,0.8325424978117656,0.8992490901552497,False,False,False,False,0.013957112910832346,0.038785611615038226,False,False,False,False,277510.0,258524.71089752708,False,False,False,False,14169.211456758847,False,False,False,False
2025-06-16 17:00:00+00:00,47.905,48.02,47.775,47.87,9481.0,,,,,,,,,,,,,,,,,,,,,47.5166751006403,"rgba(239, 83, 80, 1.0)",0.0,0.0,3.244687233500765,47.53283715516369,0.10391227892635262,0.0,0.0,0.0,0.0,0.0,0.0,0.0,0.0,47.46358317950207,-5.116008656203768,False,True,False,True,False,1.8822103745741003,0,0.8474163295329165,0.8862633321073926,False,False,False,False,0.05856416017070622,0.04867488589287222,False,False,False,False,286991.0,258966.0487130693,False,False,False,False,14096.526007816849,False,False,False,False
2025-06-17 17:00:00+00:00,47.6,47.66,47.02,47.2,5694.0,,,,,,,,,,,,,,,,,,,,,47.50957062623487,"rgba(239, 83, 80, 1.0)",0.0,0.0,3.196128736596903,47.532779801280796,-0.10411964870824399,0.0,0.0,0.0,0.0,0.0,0.0,0.0,0.0,46.86580876100234,-5.116008656203768,False,True,False,True,False,0.2888667969924654,0,0.8433530517723667,0.8781583895079564,False,False,False,False,0.036440834641784964,0.04255786026732859,False,False,False,False,281297.0,259312.26501209146,False,False,False,False,13966.254286765425,False,False,False,False
2025-06-18 17:00:00+00:00,47.385,47.565,47.145,47.16,8262.0,,,,,,,,,,,,,,,,,,,,,47.49988322128059,"rgba(239, 83, 80, 1.0)",0.0,0.0,3.142948667147452,47.53215676680151,-0.11841006844673899,0.0,0.0,0.0,0.0,0.0,0.0,0.0,0.0,46.36270139887027,-5.116008656203768,False,True,False,True,False,0.1939319878853425,0,0.8454319624620482,0.8789677063207291,False,False,False,False,0.037035517797793696,0.039796689032561144,False,False,False,False,273035.0,259525.02059329936,False,False,False,False,13877.816235807823,False,False,False,False
2025-06-19 17:00:00+00:00,47.16,47.16,47.16,47.16,0.0,,,,,,,,,,,,,,,,,,,,,47.49988322128059,"rgba(239, 83, 80, 1.0)",0.0,0.0,3.1041515545916085,47.53215676680151,-0.11989001189424173,0.0,0.0,0.0,0.0,0.0,0.0,0.0,0.0,46.02729649078222,-5.116008656203768,False,True,False,True,False,0.1939319878853425,0,0.8440375414059625,0.877346337872654,False,False,False,False,0.029306525524140283,0.034551607278350716,False,False,False,False,273035.0,259734.47763836448,False,False,False,False,13662.656294167391,False,False,False,False
2025-06-20 17:00:00+00:00,46.8,46.815,46.44,46.53,11063.0,,,,,,,,,,,,,,,,,,,,,47.44940712093557,"rgba(239, 83, 80, 1.0)",0.0,0.0,3.075108314213302,47.512810153827495,-0.31960180045850634,0.0,0.0,0.0,0.0,0.0,0.0,0.0,0.0,43.98255001135437,-0.6707718175458766,False,True,False,True,False,0.0,0,0.841324357741448,0.8794706232541102,False,False,False,False,0.008215539730944129,0.021383573504647424,False,False,False,False,261972.0,259769.1679075371,False,False,False,False,13622.35154542061,False,False,False,False
2025-06-23 17:00:00+00:00,46.625,47.315,46.625,47.185,7938.0,,,,,,,,,,,,,,,,,,,,,47.43371536800735,"rgba(239, 83, 80, 1.0)",0.0,0.0,3.052610176863651,47.50949222666019,-0.10629992297070308,0.0,0.0,0.0,0.0,0.0,0.0,0.0,0.0,45.09360931234711,-0.6707718175458766,False,True,False,True,False,0.2765951974630454,0,0.8431845048649633,0.8734654905883426,False,False,False,False,0.021779085588417055,0.02158132954653224,False,False,False,False,269910.0,259926.39011052102,False,False,False,False,13534.222064096259,False,False,False,False
2025-06-24 17:00:00+00:00,47.895,47.96,47.7,47.745,8109.0,,,,,,,,,,,,,,,,,,,,,47.4476337116459,"rgba(239, 83, 80, 1.0)",0.0,0.0,3.0503113679493574,47.51846341869448,0.07426670722399444,0.0,0.0,0.0,0.0,0.0,0.0,0.0,0.0,47.69876555595824,-0.6707718175458766,False,True,False,False,True,1.6235421919998743,0,0.8486484034833093,0.8727322206095794,False,False,False,False,0.055882932453447075,0.03873213099998966,False,False,False,False,278019.0,260206.89569020286,False,False,False,False,13450.110094110269,False,False,False,False
2025-06-25 17:00:00+00:00,47.17,47.17,46.77,46.81,7493.0,,,,,,,,,,,,,,,,,,,,,47.42970155409121,"rgba(239, 83, 80, 1.0)",0.0,0.0,3.037943024452477,47.513228533532484,-0.23148180458691225,0.0,0.0,0.0,0.0,0.0,0.0,0.0,0.0,46.503259044270024,-0.6707718175458766,False,True,False,True,True,0.0,0,0.8504457215258612,0.8740666998506723,False,False,False,False,0.021779085588417055,0.030255608294203356,False,False,False,False,270526.0,260366.88180353303,False,False,False,False,13357.75179807755,False,False,False,False
2025-06-26 17:00:00+00:00,48.26,48.375,48.11,48.36,7461.0,,,,,,,,,,,,,,,,,,,,,47.45741966711291,"rgba(239, 83, 80, 1.0)",0.0,0.0,3.053038948297165,47.526114085633544,0.2731330744508043,0.0,0.0,0.0,0.0,0.0,0.0,0.0,0.0,50.11553282119944,-4.686148724138299,False,True,False,False,True,2.9709022188045147,0,0.8587357252045679,0.868716842010611,False,False,False,False,0.07228218834980524,0.0512688983220043,False,False,False,False,277987.0,260640.06193061004,False,False,False,False,13266.329289580222,False,False,False,False
2025-06-27 17:00:00+00:00,49.35,49.475,48.58,48.82,17425.0,,,,,,,,,,,,,,,,,,,,,47.56341038100334,"rgba(239, 83, 80, 1.0)",0.0,0.0,3.0722452584270616,47.5693633139623,0.4070757966367589,0.0,0.0,0.0,0.0,0.0,0.0,0.0,0.0,53.56511882237064,-1.431860082215735,False,True,True,False,True,4.002560120353671,0,0.8588973554459886,0.865710443747199,False,False,False,False,0.10360546893556484,0.07743718362878457,False,False,False,False,295412.0,261179.16174563934,False,False,False,False,13330.804804470452,False,False,False,False
2025-06-30 17:00:00+00:00,49.065,49.52,49.03,49.3,17688.0,,,,,,,,,,,,,,,,,,,,,47.6784534803106,"rgba(38, 166, 154, 1.0)",0.0,0.0,3.096863942648903,47.61338527061854,0.5446202224624742,0.0,0.0,0.0,0.0,0.0,0.0,0.0,0.0,56.9081348644535,1.6517432019231677,False,False,True,False,True,5.0690445658668395,0,0.858574610244989,0.8640089086859689,False,False,False,False,0.11352053263514826,0.09547885813196641,False,False,False,False,313100.0,261984.13598214107,False,False,False,False,13398.35821835463,False,False,False,False
2025-07-01 17:00:00+00:00,49.33,49.56,49.315,49.56,6017.0,,,,,,,,,,,,,,,,,,,,,47.71849635986497,"rgba(38, 166, 154, 1.0)",0.0,0.0,3.126267522401313,47.62839626790392,0.617862584777261,0.0,0.0,0.0,0.0,0.0,0.0,0.0,0.0,59.69529598882747,4.2044197152768135,False,False,True,False,True,5.644877388088659,0,0.8639750167298685,0.8633058219942006,False,False,False,False,0.12004241004929506,0.10776063409063073,False,False,False,False,319117.0,262869.9168196273,False,False,False,False,13283.918556054557,False,False,False,False
2025-07-02 17:00:00+00:00,49.665,50.18,49.66,50.115,7076.0,,,,,,,,,,,,,,,,,,,,,47.77628328883412,"rgba(38, 166, 154, 1.0)",0.0,0.0,3.162988819181927,47.64988957098498,0.779361094818095,0.0,0.0,0.0,0.0,0.0,0.0,0.0,0.0,62.70551803959784,6.983184460859178,True,False,True,False,True,6.8668983991379875,0,0.8672660909819283,0.8582302145464259,False,False,False,False,0.13946961191494844,0.1236151230027896,False,False,False,False,326193.0,263851.67004722997,False,False,False,False,13187.671756735883,False,False,False,False
2025-07-03 17:00:00+00:00,50.86,50.945,50.86,50.945,0.0,,,,,,,,,,,,,,,,,,,,,47.77628328883412,"rgba(38, 166, 154, 1.0)",0.0,0.0,3.215980788567001,47.64988957098498,1.0246051346852965,0.0,0.0,0.0,0.0,0.0,0.0,0.0,0.0,66.20744978080812,10.215683695777642,True,False,True,False,True,8.65089583676383,0,0.8686976187308768,0.8604053035342117,False,False,False,False,0.17937074738139935,0.15149293519209447,False,False,False,False,326193.0,264818.20229455974,False,False,False,False,12983.211729499668,False,False,False,False
2025-07-04 17:00:00+00:00,50.945,50.945,50.945,50.945,0.0,,,,,,,,,,,,,,,,,,,,,47.77628328883412,"rgba(38, 166, 154, 1.0)",0.0,0.0,3.26497352058017,47.64988957098498,1.009230368407243,0.0,0.0,0.0,0.0,0.0,0.0,0.0,0.0,68.54207094161497,12.384076579878261,True,False,True,False,True,8.65089583676383,0,0.8733363108530597,0.8575703439035286,False,False,False,False,0.18110866934273942,0.16630080226741695,False,False,False,False,326193.0,265769.74954580684,False,False,False,False,12781.92162516634,False,False,False,False
2025-07-07 17:00:00+00:00,50.745,51.105,50.375,50.9,38582.0,,,,,,,,,,,,,,,,,,,,,48.14451581439244,"rgba(38, 166, 154, 1.0)",0.0,0.0,3.311828000168829,47.786280224149905,0.9401816083719816,0.0,0.0,0.0,0.0,0.0,0.0,0.0,0.0,69.8606609968677,13.710741306983202,True,False,True,False,True,8.527429815018913,0,0.8675059149145129,0.8592473550287936,False,False,False,False,0.17273553221174734,0.16951816723958213,False,False,False,False,287611.0,266108.37358385633,False,False,False,False,13181.92284028004,False,False,False,False
2025-07-08 17:00:00+00:00,50.76,50.99,50.59,50.59,19202.0,,,,,,,,,,,,,,,,,,,,,48.29219235330548,"rgba(38, 166, 154, 1.0)",0.0,0.0,3.349465400398699,47.84219425549699,0.8203714372376949,0.0,0.0,0.0,0.0,0.0,0.0,0.0,0.0,69.04271590264284,13.710741306983202,True,False,True,False,True,7.669708174796526,0,0.864863662648459,0.8597927138472489,False,False,False,False,0.1747755070046929,0.17214683712213752,False,False,False,False,268409.0,266144.0422104632,False,False,False,False,13275.257369888102,False,False,False,False
2025-07-09 17:00:00+00:00,50.405,50.79,50.375,50.565,11059.0,,,,,,,,,,,,,,,,,,,,,48.365130436288894,"rgba(38, 166, 154, 1.0)",0.0,0.0,3.378448065803715,47.87045226830905,0.7975696767296399,0.0,0.0,0.0,0.0,0.0,0.0,0.0,0.0,68.35517494108176,13.710741306983202,True,False,True,False,True,7.599909197660821,0,0.8617393645665052,0.8633997486986181,False,False,False,False,0.16631882363853717,0.16923283038033735,False,False,False,False,257350.0,266007.7004707661,False,False,False,False,13240.896790509993,False,False,False,False
2025-07-10 17:00:00+00:00,51.515,51.575,51.28,51.285,7016.0,,,,,,,,,,,,,,,,,,,,,48.42498556843392,"rgba(38, 166, 154, 1.0)",0.0,0.0,3.4226948736628144,47.89356561446296,0.9908667032032797,0.0,0.0,0.0,0.0,0.0,0.0,0.0,0.0,69.77018280717,14.333537955438857,True,False,True,False,True,9.231777733158328,0,0.8671641124167822,0.859032214825075,False,False,False,False,0.2009179456122154,0.18507538799627637,False,False,False,False,264366.0,265982.2477502891,False,False,False,False,13144.386762750148,False,False,False,False
2025-07-11 17:00:00+00:00,50.66,51.065,50.645,51.05,10076.0,,,,,,,,,,,,,,,,,,,,,48.49415194735163,"rgba(38, 166, 154, 1.0)",0.0,0.0,3.4608208264503215,47.92087187006716,0.9041577957511042,0.0,0.0,0.0,0.0,0.0,0.0,0.0,0.0,69.29006059012707,14.333537955438857,True,False,True,False,True,8.55799175196691,0,0.8606450452071434,0.8654131618010888,False,False,False,False,0.1774296313661519,0.18125250968121415,False,False,False,False,254290.0,265800.9725913699,False,False,False,False,13096.814874955573,False,False,False,False
2025-07-14 17:00:00+00:00,51.175,51.27,50.875,50.93,6891.0,,,,,,,,,,,,,,,,,,,,,48.54124159261689,"rgba(38, 166, 154, 1.0)",0.0,0.0,3.488935245048784,47.939657774331494,0.8570930715645007,0.0,0.0,0.0,0.0,0.0,0.0,0.0,0.0,68.22550206034529,14.333537955438857,True,False,True,False,True,8.21116315029101,0,0.8611273561563726,0.8659408880291515,False,False,False,False,0.18632897883000532,0.18379074425560973,False,False,False,False,247399.0,265515.67069072847,False,False,False,False,13000.600690847736,False,False,False,False
2025-07-15 17:00:00+00:00,51.005,51.115,50.485,50.51,22977.0,,,,,,,,,,,,,,,,,,,,,48.667541707344355,"rgba(38, 166, 154, 1.0)",0.0,0.0,3.5142526187609118,47.991948454302985,0.7165254803409241,0.0,0.0,0.0,0.0,0.0,0.0,0.0,0.0,65.00356105143814,14.333537955438857,True,False,True,False,False,6.995649913540724,0,0.85689941252971,0.8679312973675953,False,False,False,False,0.17518367429546713,0.17948720927553843,False,False,False,False,224422.0,264878.5595172288,False,False,False,False,13155.27354835397,False,False,False,False
2025-07-16 17:00:00+00:00,50.155,50.545,50.15,50.54,4233.0,,,,,,,,,,,,,,,,,,,,,48.68611176927779,"rgba(38, 166, 154, 1.0)",0.0,0.0,3.541022956233978,48.15571920994453,0.6733310739649228,0.0,0.0,0.0,0.0,0.0,0.0,0.0,0.0,62.98102100742889,17.66244607914507,True,False,True,False,False,7.067976595013235,0,0.853490041270411,0.8747084155750944,False,False,False,False,0.15676969214297323,0.16812845070925583,False,False,False,False,228655.0,264316.9539433183,False,False,False,False,13016.943725898871,False,False,False,False
2025-07-17 17:00:00+00:00,52.8,53.85,52.73,53.3,21310.0,,,,,,,,,,,,,,,,,,,,,48.92049900647522,"rgba(38, 166, 154, 1.0)",0.0,0.0,3.575483066966137,48.72716171979539,1.2789427874664065,0.0,0.0,0.0,0.0,0.0,0.0,0.0,0.0,68.26405274848572,13.261613584810895,True,False,True,False,True,13.234876641290413,0,0.8577154308617235,0.8681711248584127,False,False,False,False,0.27901975272410856,0.22357410171668218,False,False,False,False,249965.0,264094.44302946836,False,False,False,False,13145.518241776408,False,False,False,False
2025-07-18 17:00:00+00:00,52.475,52.54,52.19,52.385,6092.0,,,,,,,,,,,,,,,,,,,,,48.96997182552848,"rgba(38, 166, 154, 1.0)",0.0,0.0,3.5354826664380723,48.72868636012599,1.0341766555901883,0.0,0.0,0.0,0.0,0.0,0.0,0.0,0.0,67.76479245551134,13.261613584810895,True,False,True,False,True,10.605927807351865,0,0.849344978165939,0.8765065502183409,False,False,False,False,0.239872081593394,0.23172309165503807,False,False,False,False,243873.0,263780.9322848254,False,False,False,False,13036.161369810883,False,False,False,False
2025-07-21 17:00:00+00:00,51.955,52.03,51.59,51.64,5907.0,,,,,,,,,,,,,,,,,,,,,49.00812953241211,"rgba(38, 166, 154, 1.0)",0.0,0.0,3.4518248770731867,48.71991112011342,0.8459551060314886,0.0,0.0,0.0,0.0,0.0,0.0,0.0,0.0,64.69577453819355,13.261613584810895,True,False,True,False,False,8.53800160690794,0,0.8446272359315838,0.8777037907472692,False,False,False,False,0.2167322570441379,0.22422767434958799,False,False,False,False,237966.0,263380.7007765336,False,False,False,False,12925.631736170404,False,False,False,False
2025-07-22 17:00:00+00:00,51.935,52.135,51.865,51.96,13786.0,,,,,,,,,,,,,,,,,,,,,49.10047366850776,"rgba(38, 166, 154, 1.0)",0.0,0.0,3.3123733727283313,48.73223887950859,0.9744557020855321,0.0,0.0,0.0,0.0,0.0,0.0,0.0,0.0,63.424426024437665,13.261613584810895,True,False,True,False,False,9.234304570938036,0,0.8434635269583352,0.8759177998870402,False,False,False,False,0.22462711529378485,0.22442739482168642,False,False,False,False,251752.0,263200.41084201366,False,False,False,False,12938.970779020474,False,False,False,False
2025-07-23 17:00:00+00:00,53.205,53.325,53.02,53.14,27899.0,,,,,,,,,,,,,,,,,,,,,49.340236881995985,"rgba(38, 166, 154, 1.0)",0.0,0.0,3.2969035773278934,48.8599508428527,1.2982027095303281,0.0,0.0,0.0,0.0,0.0,0.0,0.0,0.0,65.03779028619356,13.261613584810895,True,False,True,False,False,11.728546706523261,0,0.8448231345210433,0.8736982528616923,False,False,False,False,0.27400282660893777,0.2492151107153121,False,False,False,False,279651.0,263455.4587359359,False,False,False,False,13170.90921655504,False,False,False,False
2025-07-24 17:00:00+00:00,52.73,52.9,52.145,52.15,18385.0,,,,,,,,,,,,,,,,,,,,,49.45475634894124,"rgba(38, 166, 154, 1.0)",0.0,0.0,3.226227054782139,48.90153454035661,1.0068930067486381,0.0,0.0,0.0,0.0,0.0,0.0,0.0,0.0,62.67283375323329,17.841508101437213,True,False,True,False,False,9.001130375836315,0,0.8386862250352823,0.8758499764786387,False,False,False,False,0.24648393540693006,0.24784952306112107,False,False,False,False,261266.0,263421.5136392547,False,False,False,False,13251.747833352634,False,False,False,False
2025-07-25 17:00:00+00:00,51.975,52.265,51.975,52.26,8545.0,,,,,,,,,,,,,,,,,,,,,49.501149939371864,"rgba(38, 166, 154, 1.0)",0.0,0.0,3.1868726063349633,48.91721473073528,1.0489234061693666,0.0,0.0,0.0,0.0,0.0,0.0,0.0,0.0,61.35624088958885,16.45204468590586,True,False,True,False,False,9.235613480395134,0,0.8351072961373393,0.8847210300429187,False,False,False,False,0.2296275090379753,0.23873851604954818,False,False,False,False,269811.0,263520.5754432973,False,False,False,False,13178.77499872701,False,False,False,False
2025-07-28 17:00:00+00:00,52.65,52.68,52.31,52.54,16109.0,,,,,,,,,,,,,,,,,,,,,49.595155714420564,"rgba(38, 166, 154, 1.0)",0.0,0.0,3.1441979312107224,48.95747778918347,1.1394073430475866,0.0,0.0,0.0,0.0,0.0,0.0,0.0,0.0,61.172508614159256,16.036216332958915,True,False,True,False,False,9.83694746537002,0,0.8360522022838501,0.8837039581007987,False,False,False,False,0.24532797686305938,0.24203324645630378,False,False,False,False,285920.0,263867.8533434012,False,False,False,False,13224.204843707987,False,False,False,False
2025-07-29 17:00:00+00:00,51.625,51.95,51.54,51.88,16559.0,,,,,,,,,,,,,,,,,,,,,49.663451637129874,"rgba(38, 166, 154, 1.0)",0.0,0.0,3.0754117866810584,48.97827482596019,0.943524111667437,0.0,0.0,0.0,0.0,0.0,0.0,0.0,0.0,58.65886109899955,13.430843770952094,True,False,True,False,False,8.0112790177513,0,0.830172450866555,0.8948092719219028,False,False,False,False,0.2140375271031933,0.22803538677974855,False,False,False,False,269361.0,263953.0184078446,False,False,False,False,13275.907094193133,False,False,False,False
2025-07-30 17:00:00+00:00,52.07,52.22,51.36,51.62,10516.0,,,,,,,,,,,,,,,,,,,,,49.703561824068466,"rgba(38, 166, 154, 1.0)",0.0,0.0,2.9756225028182532,48.99141498368163,0.8833731475779603,0.0,0.0,0.0,0.0,0.0,0.0,0.0,0.0,56.09484000401599,10.873641448606634,False,False,True,False,False,7.2993501247683135,0,0.8331468892522159,0.8888649858015665,False,False,False,False,0.21590278095848522,0.2219690838691169,False,False,False,False,258845.0,263873.824324002,False,False,False,False,13233.11783691882,False,False,False,False
2025-07-31 17:00:00+00:00,51.14,51.17,50.29,50.52,29351.0,,,,,,,,,,,,,,,,,,,,,49.752637073709685,"rgba(239, 83, 80, 1.0)",0.0,0.0,2.8665267428661156,49.13257887478406,0.48400773816912723,0.0,0.0,0.0,0.0,0.0,0.0,0.0,0.0,51.13621598644646,6.224091789498814,False,True,False,False,False,4.361023730811311,0,0.8278210950218491,0.8876274526604406,False,False,False,False,0.17232770855012283,0.19714839620961988,False,False,False,False,229494.0,263340.8037918469,False,False,False,False,13483.007482858062,False,False,False,False
2025-08-01 17:00:00+00:00,51.25,51.25,50.765,51.145,22657.0,,,,,,,,,,,,,,,,,,,,,49.80219251088112,"rgba(239, 83, 80, 1.0)",0.0,0.0,2.7544302594280863,49.15629981893042,0.7220005568347568,0.0,0.0,0.0,0.0,0.0,0.0,0.0,0.0,49.964914370069685,5.164212892053115,False,True,False,False,False,5.7935786472789275,0,0.8274076926368034,0.8883754759765544,False,False,False,False,0.1836664074260643,0.1904074018178421,False,False,False,False,252151.0,263167.31846174074,False,False,False,False,13625.239924984293,False,False,False,False
2025-08-04 17:00:00+00:00,52.02,52.235,51.815,52.07,19202.0,,,,,,,,,,,,,,,,,,,,,49.872189724384675,"rgba(239, 83, 80, 1.0)",0.0,0.0,2.631614288942198,49.2121219047607,1.0859790917110619,0.0,0.0,0.0,0.0,0.0,0.0,0.0,0.0,51.86457327839002,5.164212892053115,False,True,False,False,False,7.850167402425832,0,0.8289439931594701,0.8888841385207358,False,False,False,False,0.22566794542442958,0.20803767362113584,False,False,False,False,271353.0,263294.22825303156,False,False,False,False,13711.701321496164,False,False,False,False
2025-08-05 17:00:00+00:00,52.55,52.785,52.42,52.53,28620.0,,,,,,,,,,,,,,,,,,,,,49.992732893701294,"rgba(239, 83, 80, 1.0)",0.0,0.0,2.5452270611463614,49.3052488664068,1.2669797452730152,0.0,0.0,0.0,0.0,0.0,0.0,0.0,0.0,54.3000071221955,5.164212892053115,False,True,True,False,True,8.847720228249802,0,0.8343943601794488,0.883999145481735,False,False,False,False,0.24985041054424828,0.22894404208269206,False,False,False,False,299973.0,263862.89138089155,False,False,False,False,13942.837735116378,False,False,False,False
2025-08-06 17:00:00+00:00,53.025,53.05,52.755,52.87,26514.0,,,,,,,,,,,,,,,,,,,,,50.10762066262993,"rgba(239, 83, 80, 1.0)",0.0,0.0,2.482926451944295,49.38980739431405,1.4016494942734732,0.0,0.0,0.0,0.0,0.0,0.0,0.0,0.0,56.763541627521846,1.3666026653514933,False,False,True,False,True,9.580699802837454,0,0.8408614119964037,0.8751980134435076,False,False,False,False,0.2625249308558435,0.24573448646926777,False,False,False,False,326487.0,264833.80779359094,False,False,False,False,14137.739475657208,False,False,False,False
2025-08-07 17:00:00+00:00,52.25,52.33,52.055,52.23,20521.0,,,,,,,,,,,,,,,,,,,,,50.170039371544206,"rgba(239, 83, 80, 1.0)",0.0,0.0,2.392816153435744,49.42778741958858,1.1710939749331912,0.0,0.0,0.0,0.0,0.0,0.0,0.0,0.0,56.02909476642318,1.3666026653514933,False,False,True,False,True,7.818125497541015,0,0.8414868617816709,0.8718649861140786,False,False,False,False,0.23265404301955922,0.2391942647444135,False,False,False,False,305966.0,265471.51619989186,False,False,False,False,14236.704755104383,False,False,False,False
2025-08-08 17:00:00+00:00,51.93,51.975,51.45,51.585,11495.0,,,,,,,,,,,,,,,,,,,,,50.19463443203901,"rgba(239, 83, 80, 1.0)",0.0,0.0,2.2823785246379678,49.43973161253379,0.9399266442039862,0.0,0.0,0.0,0.0,0.0,0.0,0.0,0.0,53.43228341334245,1.3666026653514933,False,True,True,False,False,6.080538923307444,0,0.8364169962996046,0.872017353579176,False,False,False,False,0.21269131180329456,0.22594278827385403,False,False,False,False,294471.0,265921.1205998935,False,False,False,False,14194.197704637649,False,False,False,False
2025-08-11 17:00:00+00:00,51.23,51.31,50.945,50.95,34955.0,,,,,,,,,,,,,,,,,,,,51.06833333333333,50.23612964543093,"rgba(239, 83, 80, 1.0)",0.0,0.0,2.156746085118623,49.4500739673548,0.6954578672911831,0.0,0.0,0.0,0.0,0.0,0.0,0.0,0.0,49.872331444905306,5.300352144676189,False,True,False,False,False,4.406879374350066,0,0.835936836743357,0.8747771457678923,False,False,False,False,0.18858396412764486,0.20726337620074944,False,False,False,False,259516.0,265821.8164045463,False,False,False,False,14516.070608441716,False,False,False,False
2025-08-12 17:00:00+00:00,48.355,49.19,48.21,49.12,54475.0,,,,,,,,,,,,,,,,,,,48.84000000000001,49.71097608930635,50.13991542973964,"rgba(239, 83, 80, 1.0)",0.0,0.0,2.020816940770964,49.35912946233401,-0.11833306496469811,0.0,0.0,0.0,0.0,0.0,0.0,0.0,0.0,43.65992036129994,-0.42054910303653514,False,True,False,True,False,0.0,0,0.8293872446852857,0.884701959149646,True,False,False,False,0.09051634241640381,0.14888985930857662,False,False,False,False,205041.0,264879.47816571617,False,False,False,False,15135.588893582155,False,False,False,False
2025-08-13 17:00:00+00:00,54.49,55.07,54.135,54.925,164998.0,,,,,,,,,,,,,,,,,,,53.25301781995963,52.95287142793508,50.92911735123735,"rgba(38, 166, 154, 1.0)",0.0,0.0,2.0846386642195673,50.236003473569674,2.249309008276385,0.0,0.0,0.0,0.0,0.0,0.0,0.0,0.0,50.7534584040492,-5.953211009434,False,True,False,False,True,11.60570836314465,0,0.8420319834513489,0.8820112976370438,False,False,False,False,0.336067601362308,0.24247873033544232,False,False,False,False,370039.0,266509.8583491934,False,False,False,False,17459.037127790183,False,False,False,False
2025-08-14 17:00:00+00:00,56.665,56.745,55.5,56.275,139167.0,,,,,,,,,,,,,,,,,,,54.386219774704436,54.09155972933261,51.595845352593386,"rgba(38, 166, 154, 1.0)",0.0,0.0,2.1869400441611346,50.808238274243124,2.4997309552918323,0.0,0.0,0.0,0.0,0.0,0.0,0.0,0.0,56.8107968608657,-0.7371085035644143,False,False,True,False,True,13.872791517160952,0,0.8498941259509061,0.8717355501529295,False,False,False,False,0.3428282503091839,0.29265349032231314,False,False,False,False,509206.0,270272.5892275005,False,False,False,False,19345.982288599636,False,False,False,False
2025-08-15 17:00:00+00:00,56.905,56.905,56.215,56.385,58314.0,,,,,,,,,,,,,,,,,,,54.68208015752337,54.402558129328405,51.843973247662944,"rgba(38, 166, 154, 1.0)",0.0,0.0,2.305214812838936,51.4620586866489,2.1355672737884053,0.0,0.0,0.0,0.0,0.0,0.0,0.0,0.0,60.955831928240045,2.7569482630436752,True,False,True,False,True,14.054006997626196,0,0.8551095034010932,0.8746117249243112,False,False,False,False,0.3428282504064216,0.3177408703643674,False,False,False,False,567520.0,274881.07621622144,False,False,False,False,19950.13760195468,False,False,False,False
2025-08-18 17:00:00+00:00,56.57,56.695,56.16,56.49,47545.0,,,,,,,,,,,,,,,,,,,54.86286958278346,54.59730355548259,52.02632721805772,"rgba(38, 166, 154, 1.0)",0.0,0.0,2.420112122337181,51.60513295880824,2.0184465819188104,0.0,0.0,0.0,0.0,0.0,0.0,0.0,0.0,63.83146144775322,5.256344064722981,True,False,True,False,True,14.22948560631136,0,0.8485161906277349,0.8810963481581672,False,False,False,False,0.33752560762087264,0.32763323899262,False,False,False,False,615065.0,280155.24557721027,False,False,False,False,20377.964925955384,False,False,False,False
2025-08-19 17:00:00+00:00,56.685,56.685,56.2,56.54,38111.0,,,,,,,,,,,,,,,,,,,54.98511128575503,54.73042399523779,52.16321006532634,"rgba(38, 166, 154, 1.0)",0.0,0.0,2.514926506546859,51.71344653254156,1.9191628283744873,0.0,0.0,0.0,0.0,0.0,0.0,0.0,0.0,65.8076882365373,7.1371632905361935,True,False,True,False,True,14.314387893772562,0,0.8422084416883379,0.8900580116023207,False,False,False,False,0.3381249845022324,0.3328791117474262,False,False,False,False,653176.0,285938.51308764116,False,False,False,False,20652.89570229716,False,False,False,False
2025-08-20 17:00:00+00:00,55.105,55.29,54.505,54.61,40328.0,,,,,,,,,,,,,,,,,,54.80166666666666,54.97148550417666,54.73539563264019,52.246407486466545,"rgba(38, 166, 154, 1.0)",0.0,0.0,2.5406186591398954,51.75219045699801,1.1248478919577323,0.0,0.0,0.0,0.0,0.0,0.0,0.0,0.0,62.425600356070895,7.1371632905361935,True,False,True,False,True,9.65590032762957,0,0.8372425288724851,0.8918918918918922,False,False,False,False,0.27752074836965723,0.30519993005854174,False,False,False,False,612848.0,291006.87722581724,False,False,False,False,20957.93607900573,False,False,False,False
2025-08-21 17:00:00+00:00,54.205,54.58,54.185,54.21,28362.0,,,,,,,,,,,,,,,,,,54.60485170087835,54.93939094462921,54.716196383260076,52.29150302814266,"rgba(38, 166, 154, 1.0)",0.0,0.0,2.562670450494258,51.77001108051232,0.9521274649329512,0.0,0.0,0.0,0.0,0.0,0.0,0.0,0.0,59.33592012060241,7.1371632905361935,False,False,True,False,False,8.732280934852994,0,0.8341686555290375,0.8978520286396183,False,False,False,False,0.2577727068331712,0.2814863184458565,False,False,False,False,584486.0,295556.9411447968,False,False,False,False,21072.727767703313,False,False,False,False
2025-08-22 17:00:00+00:00,55.84,55.98,55.635,55.7,16569.0,,,,,,,,,,,,,,,,,,54.8316073180935,54.96284851160151,54.744275081456934,52.3350595883304,"rgba(38, 166, 154, 1.0)",0.0,0.0,2.6145908900860757,51.80392391354728,1.490128379635125,0.0,0.0,0.0,0.0,0.0,0.0,0.0,0.0,59.75358854923769,7.1371632905361935,False,False,True,False,False,11.37098806664693,0,0.8370387890255442,0.8913197729422897,False,False,False,False,0.31294921214269733,0.2972177652942769,False,False,False,False,601055.0,300293.3451580558,False,False,False,False,21002.902530994732,False,False,False,False
2025-08-25 17:00:00+00:00,55.055,55.08,54.65,54.68,10552.0,,,,,,,,,,,,,,,,,54.803333333333335,54.82849340541971,54.96003576913244,54.745258987815554,52.35457770195584,"rgba(38, 166, 154, 1.0)",0.0,0.0,2.6526401144096288,51.815888092145315,1.079721252911883,0.0,0.0,0.0,0.0,0.0,0.0,0.0,0.0,57.83291212784127,7.1371632905361935,False,False,True,False,False,9.033604488862473,0,0.8296258449929258,0.8981685269611698,False,False,False,False,0.27626840470496505,0.286743084999621,False,False,False,False,590503.0,304792.7196517293,False,False,False,False,20840.873034390163,False,False,False,False
2025-08-26 17:00:00+00:00,54.72,54.87,54.605,54.825,10442.0,,,,,,,,,,,,,,,,,54.78509605919152,54.8224173905678,54.956719489168066,54.74560619616102,52.373306139571426,"rgba(38, 166, 154, 1.0)",0.0,0.0,2.696749975884113,51.82746069331737,1.1115377152084362,0.0,0.0,0.0,0.0,0.0,0.0,0.0,0.0,56.814953290341776,14.437035679505072,False,True,True,False,False,9.291548286389041,0,0.8348736176935231,0.8960505529225911,False,False,False,False,0.2713634756512125,0.27905328032541676,False,False,False,False,600945.0,309384.2278741831,False,False,False,False,20679.65019664768,False,False,False,False
2025-08-27 17:00:00+00:00,54.75,55.365,54.645,55.355,15833.0,,,,,,,,,,,,,,,,,54.92979756700247,54.8612262121237,54.9609000964736,54.75463243189707,52.40528613221154,"rgba(38, 166, 154, 1.0)",0.0,0.0,2.749472676714302,51.84998373141114,1.2747958174937923,0.0,0.0,0.0,0.0,0.0,0.0,0.0,0.0,57.12746599780222,14.194098993945119,False,True,True,False,False,10.236081521926124,0,0.8370113493064315,0.8888713745271123,False,False,False,False,0.28166919360682763,0.2803612369661222,False,False,False,False,616778.0,314150.0227908624,False,False,False,False,20604.50833313376,False,False,False,False
2025-08-28 17:00:00+00:00,55.175,55.235,54.82,54.99,18767.0,,,,,,,,,,,,,,,,,54.958559556786696,54.88171475462599,54.962477953925365,54.76183495033053,52.44079037131813,"rgba(38, 166, 154, 1.0)",0.0,0.0,2.7921949001383926,51.87476003943061,1.1156957418749622,0.0,0.0,0.0,0.0,0.0,0.0,0.0,0.0,56.40263694286542,12.90359991312323,False,True,True,False,False,9.383677718784451,0,0.848339160839161,0.8880324221233313,False,False,False,False,0.2825386651935952,0.2814499510798587,False,False,False,False,598011.0,318550.9681739498,False,False,False,False,20576.01983184486,False,False,False,False
2025-08-29 17:00:00+00:00,54.655,54.81,54.535,54.59,12786.0,,,,,,,,,,,,,,,,54.644999999999996,54.89992878034513,54.86201510250219,54.956292385461424,54.75967371909499,52.461033292128775,"rgba(38, 166, 154, 1.0)",0.0,0.0,2.828315678380871,51.88762612996652,0.9554710921026023,0.0,0.0,0.0,0.0,-1.0,54.82,54.59,407.0,54.88643584627956,10.916951590819195,False,True,True,False,False,8.450441484843083,0,0.8523660067600193,0.8828665700949622,False,False,False,False,0.2688678340093088,0.27515889254458376,False,False,False,False,585225.0,322685.44928753196,False,False,False,False,20455.244330575948,False,False,False,False
2025-09-01 17:00:00+00:00,54.59,54.59,54.59,54.59,0.0,,,,,,,,,,,,,,,,54.644999999999996,54.89992878034513,54.86201510250219,54.956292385461424,54.75967371909499,52.461033292128775,"rgba(38, 166, 154, 1.0)",0.0,0.0,2.8628124629805307,51.88762612996652,0.9439577006801166,0.0,0.0,0.0,0.0,0.0,0.0,0.0,0.0,53.875635115222316,9.464924078626453,False,True,True,False,False,8.450441484843083,0,0.8540210849456719,0.8803974633437007,False,False,False,False,0.2657049879692326,0.2704319402569082,False,False,False,False,585225.0,326755.829918733,False,False,False,False,20138.108759559265,False,False,False,False
2025-09-02 17:00:00+00:00,53.275,53.43,52.515,52.55,23085.0,,,,,,,,,,,,,,,52.83166666666667,53.47801831563101,54.37791674410977,54.596795926604955,54.884093754569435,54.69736274579804,52.46707859296491,"rgba(38, 166, 154, 1.0)",0.0,0.0,2.8694279541020418,52.06710837266559,0.1682884655264072,1.0,53.43,52.515,0.0,-1.0,54.59,53.18,407.0,48.58916862839449,4.201147542018525,False,True,False,True,False,3.821357321661189,0,0.853339205637412,0.88056534272902,False,False,False,False,0.20465029362926748,0.23754111694308783,False,False,False,False,562140.0,330405.1968967371,False,False,False,False,20183.79699584517,False,False,False,False
2025-09-03 17:00:00+00:00,53.155,53.18,52.755,53.005,11423.0,,,,,,,,,,,,,,,52.880768662339165,53.35773110754007,54.22271494246171,54.49863512749783,54.85260588986673,54.67033076252471,52.47118520262966,"rgba(38, 166, 154, 1.0)",0.0,0.0,2.871970201418578,52.0666713617597,0.3267194895604498,0.0,0.0,0.0,0.0,0.0,0.0,0.0,0.0,46.361519016187884,1.9863053026283524,False,True,False,True,False,4.708764159656063,0,0.8614975202612799,0.8743599048425468,False,False,False,False,0.20446409494032067,0.22100260594170423,False,False,False,False,573563.0,334175.0853169427,False,False,False,False,20047.970685832064,False,False,False,False
2025-09-04 17:00:00+00:00,54.65,55.11,54.65,55.09,27575.0,,,,,,,,,,54.95,,,,,53.79984560990931,53.94417963376031,54.37643580938657,54.55633154399335,54.85634461038443,54.68056840000336,52.51818526453986,"rgba(38, 166, 154, 1.0)",0.0,0.0,2.904242527347891,52.15746740055765,1.0097409468486425,0.0,0.0,0.0,0.0,1.0,55.06,53.18,410.0,49.610013721968926,1.9863053026283524,False,True,False,False,True,8.580765691379835,0,0.8664128256513026,0.8717034068136272,False,False,False,False,0.27684630423162926,0.24892445508666675,False,False,False,False,601138.0,338314.0452345095,False,False,False,False,20164.668814733894,False,False,False,False
2025-09-05 17:00:00+00:00,55.37,55.505,55.06,55.5,25523.0,,,,,,,,,,55.1446742815172,,,,,54.25292194598544,54.30285729938641,54.53655206236457,54.640828279688,54.87345437170775,54.70267073269903,52.56711195932193,"rgba(38, 166, 154, 1.0)",0.0,0.0,2.942420507242265,52.223384786363866,1.113578159740019,0.0,0.0,0.0,0.0,1.0,55.285,55.11,410.0,52.526287308719006,-3.3380224652956585,False,True,True,False,True,9.306881582131648,0,0.8841887114470317,0.8617578934536146,False,False,False,False,0.29242216772673835,0.27067331140670253,False,False,False,False,626661.0,342784.5406572303,False,False,False,False,20247.743716831043,False,False,False,False
2025-09-08 17:00:00+00:00,55.335,55.76,55.285,55.755,27013.0,,,,,,,,,,55.298207674351836,,,,,54.57039653111614,54.5778835210549,54.69353062038591,54.73741479595514,54.898914213155386,54.732751228661044,52.62148157869123,"rgba(38, 166, 154, 1.0)",0.0,0.0,2.9827647175663587,52.63866388201701,1.0447810716111767,0.0,0.0,0.0,0.0,0.0,0.0,0.0,0.0,54.951458341182814,-1.0049361450224055,False,True,True,False,True,9.75952834276104,0,0.8789539935842776,0.8600316725545134,False,False,False,False,0.3017752820084201,0.28622429670756133,False,False,False,False,653674.0,347604.5322749477,False,False,False,False,20352.631411143742,False,False,False,False
2025-09-09 17:00:00+00:00,54.555,55.04,54.54,54.925,26534.0,,,,,,,,,,55.18295846031225,,,,54.834999999999994,54.620136801909986,54.622201911146625,54.71144545250629,54.7461983647227,54.896787431768004,54.736010730171465,52.65978451830819,"rgba(38, 166, 154, 1.0)",0.0,0.0,3.0108329143006554,52.64313577835965,0.7578847071858752,0.0,0.0,0.0,0.0,0.0,0.0,0.0,0.0,54.32365671753344,-1.0049361450224055,False,True,True,False,True,7.863201965580746,0,0.8780057447681576,0.8582273286828068,False,False,False,False,0.2733815964618394,0.2798029465847004,False,False,False,False,627140.0,351938.41549549106,False,False,False,False,20448.466583063993,False,False,False,False
2025-09-10 17:00:00+00:00,54.01,54.28,53.815,54.245,16035.0,,,,,,,,,,55.04315214378871,,,54.11333333333333,54.56316075078109,54.568436967198515,54.574196288844185,54.668927330117754,54.71355000798944,54.881343474253896,54.72424184024994,52.67482725679374,"rgba(38, 166, 154, 1.0)",0.0,0.0,3.0215720015181966,52.63138205908867,0.5340325963109794,0.0,0.0,0.0,0.0,0.0,0.0,0.0,0.0,52.24188540974065,-1.0049361450224055,False,True,True,False,False,6.341803078264061,0,0.8705088902513797,0.8632740649908033,False,False,False,False,0.2450325850950622,0.2624177658398813,False,False,False,False,611105.0,355956.5020769563,False,False,False,False,20380.040744566875,False,False,False,False
2025-09-11 17:00:00+00:00,54.94,55.255,54.92,55.17,27956.0,,,,,,,,,55.11500000000001,55.05648613213309,,,54.749886113068584,54.7819089684509,54.65096578879143,54.650580407214676,54.71811560246762,54.74667721914422,54.88910691159383,54.7367072479578,52.71807444705425,"rgba(38, 166, 154, 1.0)",0.0,0.0,3.0331745671743406,52.669873097571326,0.8242608023572332,0.0,0.0,0.0,0.0,0.0,0.0,0.0,0.0,53.03110069399373,-1.0049361450224055,False,True,True,False,False,8.048086308775229,0,0.8729306487695748,0.8635346756152126,False,False,False,False,0.28485929607803345,0.2736385309589574,False,False,False,False,639061.0,360345.719099019,False,False,False,False,20497.49747720925,False,False,False,False
2025-09-12 17:00:00+00:00,54.185,54.22,53.8,53.905,20495.0,,,,,,,,,54.632774658933776,54.926965131974924,,53.97500000000001,54.50361109388085,54.60021704021094,54.58359569439649,54.587190133913246,54.66253495195589,54.70265692119566,54.867370188083214,54.71930042196162,52.73419623918358,"rgba(38, 166, 154, 1.0)",0.0,0.0,2.995426167997835,52.66203074063313,0.4149557323917228,0.0,0.0,0.0,0.0,0.0,0.0,0.0,0.0,50.605631470801725,-1.0049361450224055,False,True,False,False,False,5.264498398273261,0,0.8717917626611696,0.8638696899882787,False,False,False,False,0.2436113649087357,0.25862494793384655,False,False,False,False,618566.0,364349.1343067862,False,False,False,False,20497.45875663236,False,False,False,False
2025-09-15 17:00:00+00:00,54.86,54.945,54.655,54.93,34893.0,,,,,,,,54.843333333333334,54.72092766125936,54.91280093581331,,54.52202742471294,54.62289110375431,54.66758940697148,54.62127477840786,54.62247228779637,54.682956942430216,54.715109948051314,54.86643493413293,54.72394538617519,52.77926932688541,"rgba(38, 166, 154, 1.0)",0.0,0.0,2.9682857339205797,52.69577545703714,0.752698608975168,0.0,0.0,0.0,0.0,1.0,54.385,54.22,416.0,51.31711691736965,-1.0049361450224055,False,True,False,False,False,7.144960916570998,0,0.8722676220764061,0.862203614991345,False,False,False,False,0.2737662464516949,0.26619559719277075,False,False,False,False,653459.0,368831.4578059057,False,False,False,False,20720.645442576042,False,False,False,False
2025-09-16 17:00:00+00:00,54.545,55.045,54.385,54.695,9929.0,,,,,,,,54.81342804128925,54.719586983014025,54.9034000067916,,54.550348250327886,54.630652254790746,54.670567472995586,54.62472603186391,54.625710745674844,54.68374718642418,54.71494344221728,54.86470362997356,54.72378077129339,52.79092918760271,"rgba(38, 166, 154, 1.0)",0.0,0.0,2.931713396878973,52.703438929550664,0.679316427236544,0.0,0.0,0.0,0.0,0.0,0.0,0.0,0.0,51.22630258412179,-1.0049361450224055,False,True,False,False,False,6.629995050035063,0,0.8753979447914569,0.86060850292162,False,False,False,False,0.2704992277118826,0.2683474124523267,False,False,False,False,643530.0,373090.3499329459,False,False,False,False,20553.333110133,False,False,False,False
2025-09-17 17:00:00+00:00,54.74,55.34,53.995,54.3,19859.0,,,,,,,,54.73101261060693,54.68894027920188,54.87321720975466,,54.5491012922263,54.61748350326838,54.65455187613866,54.618868976275024,54.62004913942716,54.6756120214546,54.70698298656239,54.85785147499358,54.720088292127905,52.811881256286746,"rgba(38, 166, 154, 1.0)",0.0,0.0,2.9129834586946783,52.71496394401421,0.54412806610857,0.0,0.0,0.0,0.0,0.0,0.0,0.0,0.0,50.190731229364744,-1.0049361450224055,False,True,False,False,False,5.761623246291691,0,0.8774419165527777,0.855253637752231,False,False,False,False,0.26867599734836917,0.2685117049003479,False,False,False,False,623671.0,376975.32125181495,False,False,False,False,20542.568255712333,False,False,False,False
2025-09-18 17:00:00+00:00,54.435,54.695,54.165,54.455,24385.0,,,,,,,,54.65088120045809,54.64450177069018,54.832461000703304,,54.52444765929482,54.58903335677816,54.62527425785457,54.603930778235856,54.60563850649287,54.65967624660893,54.692371389676985,54.84709390955468,54.713119500210794,52.83539180961731,"rgba(38, 166, 154, 1.0)",0.0,0.0,2.88994825228741,52.726645890481294,0.5980571133585879,0.0,0.0,0.0,0.0,1.0,55.5,55.34,0.0,49.927035505499006,-1.0049361450224055,False,True,False,False,False,6.055297162112009,0,0.8776052144524022,0.8637643840025752,False,False,False,False,0.2595856974012731,0.26404870115081047,False,False,False,False,648056.0,381178.122472717,False,False,False,False,20602.14084089509,False,False,False,False
2025-09-19 17:00:00+00:00,55.54,56.205,55.5,56.185,34732.0,,,,,,,55.96333333333333,55.01909464073194,54.91042875914133,54.965636978165364,,54.87079417111941,54.84254500293882,54.84161305539263,54.74725034933335,54.74343011233416,54.77349395157406,54.78375048991602,54.88642613875006,54.755663770774106,52.898492845352045,"rgba(38, 166, 154, 1.0)",0.0,0.0,2.8945808142265115,52.79698489344608,1.1704683075014668,0.0,0.0,0.0,0.0,1.0,56.33,54.695,0.0,53.74072557147511,-0.43918001914265403,False,False,True,False,True,9.23231309945017,0,0.8842566759665207,0.8554802710243126,False,False,False,False,0.3147203912566941,0.2893845462037523,False,False,False,False,682788.0,385854.24460492295,False,False,False,False,20821.20842475718,False,False,False,False
2025-09-22 17:00:00+00:00,56.435,56.865,56.33,56.35,16554.0,,,,,,56.51499999999999,56.14139927725565,55.195531152625776,55.051115466032506,55.04797904968596,,55.04001201970402,54.97770459257234,54.961339070126606,54.83182864101473,54.82517049123364,54.84306660778224,54.84111114558107,54.913325296336204,54.78374340087125,52.93293454210947,"rgba(38, 166, 154, 1.0)",0.0,0.0,2.899277169934982,52.836950178515394,1.2116985081365605,0.0,0.0,0.0,0.0,0.0,0.0,0.0,0.0,56.60191010878169,2.310532071064763,True,False,True,False,True,9.5259424809845,0,0.8961361361361361,0.8501301301301301,False,False,False,False,0.34282825041454246,0.3161063983091474,False,False,False,False,699342.0,390714.519882366,False,False,False,False,20755.050154605906,False,False,False,False
2025-09-23 17:00:00+00:00,56.995,57.8,56.915,57.41,27378.0,,,,,57.375,57.05094373122098,56.57073824536424,55.55127847334008,55.34542121339681,55.23598882235882,,55.37964437951033,55.260342970912134,55.216725384863125,55.01831157201945,55.005950831488214,54.999986651544965,54.97274635615905,54.978782320239155,54.85038366243241,53.00181434461746,"rgba(38, 166, 154, 1.0)",0.0,0.0,2.939610239531496,52.92076580947093,1.5271528620217845,0.0,0.0,0.0,0.0,0.0,0.0,0.0,0.0,60.41498224976046,5.8426097533108745,True,False,True,False,True,11.387703207107975,0,0.8946216882806908,0.8425491288089746,False,False,False,False,0.3428282505723138,0.32946732444073057,False,False,False,False,726720.0,395923.90717101144,False,False,False,False,20857.731547557752,False,False,False,False
2025-09-24 17:00:00+00:00,56.9,57.28,56.625,56.83,24843.0,,,,,57.15457928802589,57.0006338785896,56.65256541425539,55.72677620088659,55.5068583972274,55.35044691104121,,55.558272937904015,55.419932149169384,55.36520375444152,55.13643111793047,55.1211428725525,55.10177122268135,55.060031868505575,55.0243208900092,54.89738907971488,53.05606456019791,"rgba(38, 166, 154, 1.0)",0.0,0.0,2.945402727170471,52.98145242296094,1.3066286459020835,0.0,0.0,0.0,0.0,-1.0,56.915,56.83,423.0,61.01954288508527,6.389772771372279,True,False,True,False,True,10.037616257244807,0,0.8875019812965607,0.8482723093992711,False,False,False,False,0.32734207332231685,0.3284046988815237,False,False,False,False,701877.0,400667.3659745616,False,False,False,False,20919.518655347554,False,False,False,False
2025-09-25 17:00:00+00:00,56.545,56.83,56.4,56.72,30519.0,,,,,56.968463077109014,56.89286306322638,56.65198124493257,55.85307327619696,55.63533727009474,55.451052559930126,,55.69505535325503,55.55047217914212,55.49003405897684,55.24417375541617,55.22682213444405,55.196821209615834,55.143353875829234,55.070049014728376,54.94514893423874,53.11629794966645,"rgba(38, 166, 154, 1.0)",0.0,0.0,2.94287037363762,53.044692901935804,1.2488851466200415,0.0,0.0,0.0,0.0,0.0,0.0,0.0,0.0,61.05127843067282,6.56679109190101,True,False,True,False,True,9.781198569462521,0,0.8896181384248212,0.8504375497215594,False,False,False,False,0.3145520395548866,0.32147836921820516,False,False,False,False,671358.0,404864.1199904599,False,False,False,False,21068.3478234817,False,False,False,False
2025-09-26 17:00:00+00:00,57.01,57.685,56.965,57.66,20711.0,,,,57.436666666666675,57.06219793267666,56.98671512298099,56.75700861246286,55.987599113491896,55.76299106827167,55.55016242743826,,55.83153202697964,55.67718761184041,55.61044606155093,55.3452073052066,55.325838399375776,55.28640689593465,55.222110794404074,55.11437877610773,54.99038805641715,53.16488348610122,"rgba(38, 166, 154, 1.0)",0.0,0.0,2.917141600456697,53.09870913779014,1.5636165421300632,0.0,0.0,0.0,0.0,0.0,0.0,0.0,0.0,62.975496699892844,8.570948003712267,True,False,True,False,True,11.452086381808726,0,0.890603197384683,0.852928278116653,False,False,False,False,0.3415797634866298,0.33152906635241747,False,False,False,False,692069.0,409316.90882781707,False,False,False,False,21062.80754714865,False,False,False,False
2025-09-29 17:00:00+00:00,56.635,57.515,56.595,57.49,31317.0,,,,57.29421087363215,57.09421998050972,57.030855713864035,56.83157385311074,56.12560710477852,55.90207278052319,55.665944718704644,,55.97650542654014,55.81761479969926,55.74640515012472,55.466029885382625,55.44475991382076,55.3955377266351,55.31974911648524,55.17182375439164,55.04943293858253,53.23235158213206,"rgba(38, 166, 154, 1.0)",0.0,0.0,2.9197400198958956,53.170344033845666,1.4794659581740277,0.0,0.0,0.0,0.0,0.0,0.0,0.0,0.0,63.61222294981921,9.371344307751613,True,False,True,False,True,11.045271828388572,0,0.881395625769063,0.8549597110308422,False,False,False,False,0.3312468439534156,0.3313879551529165,False,False,False,False,660752.0,413215.12729560287,False,False,False,False,21221.787275099836,False,False,False,False
2025-09-30 17:00:00+00:00,57.495,57.875,57.4,57.765,44729.0,,,,57.472554164901084,57.24019096883699,57.178957864705275,56.996010805244175,56.34297980192736,56.11799704498145,55.849428116556,,56.20038364615409,56.0343596385098,55.95690475958679,55.65448075249418,55.63050184788168,55.56759904838562,55.475201133219564,55.26675876555725,55.14613993927797,53.33608827594168,"rgba(38, 166, 154, 1.0)",0.0,0.0,2.906324107840981,53.2816587698433,1.542615711049254,0.0,0.0,0.0,0.0,1.0,58.845,57.515,0.0,64.6235730624125,10.555943389400582,True,False,True,False,True,11.538208385798058,0,0.8931503492219093,0.8478127680431322,False,False,False,False,0.3428282506273483,0.3371081028901324,False,False,False,False,705481.0,417746.3811359811,False,False,False,False,21586.2401855634,False,False,False,False
2025-10-01 17:00:00+00:00,58.94,59.41,58.845,59.34,74188.0,,,59.19833333333333,58.221520820536824,57.81283288986998,57.73333168664281,57.53175323227454,56.88057644332893,56.634449442696756,56.289029403646346,,56.736920973531596,56.546283534304706,56.452671448922494,56.0929030593187,56.062676059902486,55.970794162465424,55.84186279754596,55.498998472573334,55.37902302950959,53.55442480116726,"rgba(38, 166, 154, 1.0)",0.0,0.0,2.9256360700559148,53.52523003703588,1.9875233363707432,0.0,0.0,0.0,0.0,1.0,59.015,57.875,0.0,68.01250434192146,13.879566068074745,True,False,True,False,True,14.273589052986289,0,0.9044570302881065,0.8387507182139048,False,False,False,False,0.3428282508955763,0.3399681768928543,False,False,False,False,779669.0,423357.5845292217,False,False,False,False,22401.771345477144,False,False,False,False
2025-10-02 17:00:00+00:00,59.015,59.87,59.015,59.85,22685.0,,,59.28731891239044,58.380480133932416,57.95774868232201,57.87621469505173,57.673446561841274,57.027433616815685,56.77801324811773,56.415962258705264,,56.884347627532016,56.68921974835553,56.59232040419478,56.219946665466935,56.18824177185229,56.089271313946426,55.95109196520619,55.57137371703125,55.45154426313125,53.622255749936386,"rgba(38, 166, 154, 1.0)",0.0,0.0,2.9508104124270402,53.599516391917945,2.1182260919775717,0.0,0.0,0.0,0.0,1.0,60.28,59.41,430.0,70.95819349030089,16.65420632803584,True,False,True,False,True,15.126306282428267,0,0.914911125740619,0.8296165240289666,False,False,False,False,0.3428282509474898,0.34139821392017206,False,False,False,False,802354.0,429233.49794737325,False,False,False,False,22406.162487407728,False,False,False,False
2025-10-03 17:00:00+00:00,60.785,61.14,60.28,60.98,35815.0,,60.8,59.69562013897262,58.7581527962402,58.28382210334684,58.19475119573075,57.98152481674374,57.326004706060864,57.065540006280926,56.66772170716898,,57.18081613224194,56.973979990574236,56.86956463934172,56.46917272381045,56.43441088566367,56.321482936850934,56.16501218257854,55.7138415263962,55.59350200832975,53.747630690895235,"rgba(38, 166, 154, 1.0)",0.0,0.0,2.9837407019669557,53.73963514585659,2.426606591306805,0.0,0.0,0.0,0.0,1.0,60.815,59.87,430.0,74.22739556202835,19.65917639049343,True,False,True,False,True,16.968656708899918,0,0.9342023843900833,0.8182830741306054,False,False,False,False,0.3428282509122243,0.3421132324161982,False,False,False,False,838169.0,435573.58325051476,False,False,False,False,22614.051441091327,False,False,False,False
2025-10-06 17:00:00+00:00,61.94,62.25,60.815,61.155,27989.0,,61.06612741102961,59.99367450433685,59.04610720288178,58.54076501045543,58.44675917412333,58.22641904664589,57.56368934251216,57.295235804203216,56.87126180644111,,57.41688873320679,57.20161987258996,57.09174964044889,56.67057547382918,56.63352136272786,56.51011212054948,56.33970611992005,55.83253552307012,55.71162915190724,53.85077163541035,"rgba(38, 166, 154, 1.0)",0.0,0.0,3.0293229374659094,54.502412531478534,2.1960641390338176,0.0,0.0,0.0,0.0,0.0,0.0,0.0,0.0,76.59041558870526,21.799514695431313,True,False,True,False,True,17.24947516850482,0,0.9365701521473431,0.8292662367766683,False,False,False,False,0.342828250952759,0.34247074168447855,False,False,False,False,866158.0,442249.3106419797,False,False,False,False,22697.383976888363,False,False,False,False
2025-10-07 17:00:00+00:00,60.02,61.145,60.015,61.05,19938.0,,60.98768662479202,60.07569303952236,59.16762766849815,58.662343539417364,58.56797047428403,58.3480757320162,57.690097679353556,57.42023739558949,56.986016148124975,,57.54394236398641,57.32637739622975,57.21461408930757,56.78538836402054,56.74731989222258,56.61891895625856,56.441674616726104,55.90430740488996,55.78333078796093,53.916199885083984,"rgba(38, 166, 154, 1.0)",0.0,0.0,3.074778146248314,54.55252243429165,2.11315329323393,0.0,0.0,0.0,0.0,0.0,0.0,0.0,0.0,77.65189062713837,22.8039619638391,True,False,True,False,True,16.976974655424844,0,0.9160015203344739,0.8342835423793237,False,False,False,False,0.3095863291804107,0.3260285354324446,False,False,False,False,846220.0,448512.4221048947,False,False,False,False,22654.60282995986,False,False,False,False
2025-10-08 17:00:00+00:00,61.505,61.8,61.125,61.55,17260.0,,61.073810617611535,60.199203866077056,59.303773481269296,58.791749317207774,58.696073204950515,58.474653048972996,57.81683524748064,57.54435603243992,57.098910048800775,,57.6705408702901,57.449860147827536,57.33588333793296,56.89768380006534,56.858557461419714,56.725144872347045,56.54106191890098,55.974209537415824,55.852981696872604,53.978003774966076,"rgba(38, 166, 154, 1.0)",0.0,0.0,3.098470369493331,54.623113748332955,2.2355825377151315,0.0,0.0,0.0,0.0,0.0,0.0,0.0,0.0,78.98111416293075,24.157682519768002,True,False,True,False,True,17.798023669310435,0,0.9201652048028615,0.8385421101933067,False,False,False,False,0.340361103517009,0.3331948194747268,False,False,False,False,863480.0,454946.02796373353,False,False,False,False,22570.965576782186,False,False,False,False
2025-10-09 17:00:00+00:00,60.28,60.81,60.075,60.715,35384.0,,60.93358912693874,60.24988931473883,59.43560571305635,58.94104868251461,58.847501339358516,58.631630958691964,57.990617887163694,57.720169166005896,57.26670498044613,60.53333333333334,57.847138706271295,57.62652251047344,57.511529437213305,57.06723151898239,57.027089811237275,56.88805690460272,56.695889515694745,56.08821695255675,55.967199047875866,54.08583970017499,"rgba(38, 166, 154, 1.0)",0.0,0.0,3.127646163254402,54.7158548307587,1.9181022584086131,0.0,0.0,0.0,0.0,0.0,0.0,0.0,0.0,75.84943081672168,24.157682519768002,True,False,True,False,False,15.613032063813485,0,0.9081455805892551,0.8411463837342015,False,False,False,False,0.30484347475076756,0.31901914711274715,False,False,False,False,828096.0,460731.29884801677,False,False,False,False,22769.61727326618,False,False,False,False
2025-10-10 17:00:00+00:00,60.18,60.615,59.375,59.375,20851.0,,60.78171820245871,60.21201633150997,59.45656728427962,58.98179233345711,58.891079721107204,58.68137059447481,58.05592597496802,57.78945354616197,57.33727158687764,60.25709975993598,57.91522782530973,57.697125173925194,57.58292062105219,57.140009660962015,57.099749896094146,56.959372037560726,56.76498294645412,56.141949088818876,56.021369813883844,54.14058717213078,"rgba(38, 166, 154, 1.0)",0.0,0.0,3.125422907599668,54.755485717087346,1.478044546125264,0.0,0.0,0.0,0.0,0.0,0.0,0.0,0.0,68.88005563802199,24.37477229493942,True,False,True,False,False,12.2489729681118,0,0.9077563725077817,0.8395305796248005,False,False,False,False,0.2894981181691073,0.30425863264092723,False,False,False,False,807245.0,466103.60429223353,False,False,False,False,22739.871269029496,False,False,False,False
2025-10-13 17:00:00+00:00,59.375,60.535,59.375,60.465,12371.0,,60.73381798028395,60.207976722543066,59.47933247163936,59.01350381259465,58.92408247069033,58.71728539903687,58.099581450150374,57.83497010254982,57.38280130814215,60.23327959653675,57.96027720787158,57.743275298497075,57.62934870697079,57.18663688435616,57.14625519153862,57.00489075557322,56.808940665688105,56.17597319487351,56.05559778933407,54.174481885136196,"rgba(38, 166, 154, 1.0)",0.0,0.0,3.1538464475005403,54.78450175052879,1.8011334235923482,0.0,0.0,0.0,0.0,0.0,0.0,0.0,0.0,66.65930000156882,22.519012060013395,True,False,True,False,False,14.12486783273641,0,0.9145547009624683,0.8400369856680537,False,False,False,False,0.28813300044953377,0.29619581654523053,False,False,False,False,819616.0,471584.416628788,False,False,False,False,22579.113574936015,False,False,False,False
2025-10-14 17:00:00+00:00,60.25,60.85,60.15,60.685,14093.0,,60.72061103822698,60.225742275953344,59.51975675644639,59.060927490901776,58.97250308243729,58.76811655066813,58.157370986787654,57.89419166895269,57.440865616664546,60.28924108312474,58.01932104561311,57.80301217911023,57.68911524883468,57.245645117869344,57.205037033735195,57.06221376031801,56.86404862903481,56.21824024893928,56.09801111381232,54.215429195459706,"rgba(38, 166, 154, 1.0)",0.0,0.0,3.1862311295334695,54.82369914003311,1.83957177671072,0.0,0.0,0.0,0.0,0.0,0.0,0.0,0.0,65.62426568039369,21.58668974559535,True,False,True,False,False,14.497372739072837,0,0.9168032959179385,0.8425190229957541,False,False,False,False,0.3068252207034317,0.3015105186243311,False,False,False,False,833709.0,477198.75125469826,False,False,False,False,22447.545922611425,False,False,False,False
2025-10-15 17:00:00+00:00,60.55,60.59,60.07,60.375,9636.0,,60.70189042104374,60.229702054833865,59.54030642578482,59.08727013152172,58.99970119270654,58.79728171971602,58.191925010531776,57.930054433493815,57.47668819365327,60.295060035017414,58.054861605826,57.83932494496291,57.72561913136751,57.282258403232575,57.24155757383365,57.09799445863374,56.898652123392935,56.24525579838584,56.12516880880994,54.24218018100439,"rgba(38, 166, 154, 1.0)",0.0,0.0,3.2149434613157246,54.848206571587085,1.7190950618307483,0.0,0.0,0.0,0.0,0.0,0.0,0.0,0.0,63.80944896288551,19.78059342155447,True,False,True,False,False,13.716804443105993,0,0.9154746967795903,0.8422835633626099,False,False,False,False,0.3009728382841356,0.30124167845423333,False,False,False,False,824073.0,482576.6465840828,False,False,False,False,22248.91730365621,False,False,False,False
2025-10-16 17:00:00+00:00,60.565,60.805,60.195,60.535,16208.0,,60.68717689120078,60.24461659127946,59.57935598685437,59.13478177253225,59.04847223410799,58.84900677462131,58.25196070259704,57.99206963254774,57.53837750199189,60.327404454148734,58.116429688716,57.902029435027195,57.788573372071895,57.345176868941124,57.30430462030342,57.159451372489784,56.95807075949517,56.2917227237754,56.171847221583896,54.28786773536102,"rgba(38, 166, 154, 1.0)",0.0,0.0,3.256017710844117,54.891507616615684,1.7332499035827564,0.0,0.0,0.0,0.0,0.0,0.0,0.0,0.0,62.99653970341426,18.81571036150264,True,False,True,False,False,13.997014632368138,0,0.9211232187761947,0.8401508801341159,False,False,False,False,0.3045057537031374,0.3028737160786854,False,False,False,False,840281.0,488122.4505130117,False,False,False,False,22155.259671041385,False,False,False,False
2025-10-17 17:00:00+00:00,60.115,60.79,60.02,60.7,14921.0,,60.674956199751115,60.2566298000969,59.61233086818979,59.17555391718382,59.090428944638816,58.89371465907899,58.304352093301816,58.04640322690568,57.592838995517766,60.34866599440592,58.17025454031614,57.957032248602054,57.84389499295282,57.40082324370857,57.35983275613561,57.2139680695187,57.010944982971274,56.33353128296017,56.2138685490301,54.32928718407242,"rgba(38, 166, 154, 1.0)",0.0,0.0,3.295415506481322,54.930632022627364,1.7507255051830712,0.0,0.0,0.0,0.0,0.0,0.0,0.0,0.0,62.88639039125999,18.386545921868702,True,False,True,False,False,14.289124951220959,0,0.9148783977110161,0.8433476394849788,False,False,False,False,0.2995952098093676,0.3012344629440265,False,False,False,False,855202.0,493813.60631901154,False,False,False,False,22043.100606374075,False,False,False,False
2025-10-20 17:00:00+00:00,59.855,60.16,59.66,59.895,16639.0,,60.621820424019965,60.23931870812106,59.62353245463714,59.19900867996846,59.11580892922796,58.923299628490724,58.34483869619217,58.0901893730231,57.63924912359854,60.29597505644656,58.21280723609142,58.00190508823738,57.889691699372506,57.449078759325786,57.40816250348073,57.262019013871395,57.05828933918655,56.37263444900304,56.25337322604367,54.370415879219536,"rgba(38, 166, 154, 1.0)",0.0,0.0,3.3112017061387076,54.96525070673268,1.4888097225028465,0.0,0.0,0.0,0.0,0.0,0.0,0.0,0.0,59.56595773827521,14.973980631371063,False,False,True,False,False,12.210152585870159,0,0.9052972881926901,0.8492925720060639,False,False,False,False,0.28096154041559335,0.2910980016798099,False,False,False,False,838563.0,499158.5581590269,False,False,False,False,21959.316100848893,False,False,False,False
2025-10-21 17:00:00+00:00,59.78,59.79,59.33,59.36,17621.0,,60.54496277915633,60.202352889068884,59.61846069983231,59.208700949611554,59.12786794767216,58.940429356062566,58.37480047563494,58.124344413608355,57.67784069964724,60.206303542897714,58.24522964763877,58.03742238722193,57.92655921273512,57.48996213389446,57.44926766628667,57.3034296048906,57.09975723524875,56.40840401079095,56.28968414879942,54.410124591934526,"rgba(38, 166, 154, 1.0)",0.0,0.0,3.307192996108728,54.995903349805026,1.319577253377655,0.0,0.0,0.0,0.0,-1.0,59.66,59.63,442.0,55.51549376027255,11.053277247436604,False,True,True,False,False,10.854510349234346,0,0.9046292779676754,0.8510359961176522,False,False,False,False,0.2679007294297793,0.2794993655547946,False,False,False,False,820942.0,504147.4487302048,False,False,False,False,21892.055386107048,False,False,False,False
2025-10-22 17:00:00+00:00,59.605,59.63,59.235,59.34,18788.0,,60.46756038734382,60.16217175899094,59.6098155164168,59.21524643547507,59.13688580821523,58.954748847431325,58.40259039433277,58.15665725938385,57.715266719206994,60.120657707880106,58.27562869107399,58.07120474956572,57.96185256782501,57.52987557160717,57.48945966793804,57.34414375345338,57.14080868249813,56.444543430772,56.32643149292607,54.451039228235686,"rgba(38, 166, 154, 1.0)",0.0,0.0,3.2981666037274437,55.027355425642085,1.3075884551993087,0.0,0.0,0.0,0.0,0.0,0.0,0.0,0.0,52.7462790540188,8.422519452525322,False,True,False,False,False,10.803631901360067,0,0.9022683194198501,0.8496922168816933,False,False,False,False,0.2629499331275078,0.2712246493411512,False,False,False,False,802154.0,508767.7053390388,False,False,False,False,21843.93049639996,False,False,False,False
2025-10-23 17:00:00+00:00,60.525,60.95,60.48,60.745,28325.0,60.725,60.491402922234684,60.20175863478947,59.673057880802766,59.28869732633242,59.212012919413326,59.03390079637568,58.49363080764116,58.25101157310134,57.81065830286049,60.20422657202231,58.36899775387051,58.166712070562504,58.058052148464625,57.627378156647275,57.58685397551079,57.44023513917598,57.2346509446723,56.521064626672526,56.403366867275444,54.52762378214601,"rgba(38, 166, 154, 1.0)",0.0,0.0,3.3247856843477717,55.102425838894675,1.6971241748510582,0.0,0.0,0.0,0.0,1.0,60.39,59.63,446.0,55.409655497117114,8.422519452525322,False,True,True,False,True,13.41960608587923,0,0.9038325201217734,0.845489803578131,False,False,False,False,0.31078482369697386,0.29100473651906256,False,False,False,False,830479.0,513755.47734928626,False,False,False,False,21944.412194130193,False,False,False,False
2025-10-24 17:00:00+00:00,60.7,60.745,60.39,60.49,11697.0,60.67141821997901,60.4932544761329,60.21135278995712,59.69293423597555,59.31337460249041,59.237490362458935,59.06123581817508,58.526256772142766,58.28524369848821,57.845941043021284,60.22245482618588,58.40266931035717,58.20149147912223,58.093253424906514,57.66364642083122,57.62313303585768,57.47621478026376,57.27002441468167,56.550528712076876,56.43304356586951,54.55778763163529,"rgba(38, 166, 154, 1.0)",0.0,0.0,3.3369850002493098,55.13107781709488,1.6059173722701046,0.0,0.0,0.0,0.0,0.0,0.0,0.0,0.0,56.17859314184953,8.422519452525322,False,True,True,False,True,12.757322275197332,0,0.9011511511511515,0.8502252252252254,False,False,False,False,0.2978343498688691,0.2944195431939658,False,False,False,False,818782.0,518484.57072371594,False,False,False,False,21785.537586469258,False,False,False,False
2025-10-27 17:00:00+00:00,60.955,61.065,60.705,61.0,21460.0,60.75934799345066,60.52048043831393,60.24640713532431,59.74250816708162,59.36951958671751,59.29474158121284,59.121178055917255,58.59432616178699,58.355643581552314,57.917194115042825,60.28565327977456,58.472358235862245,58.27270635516694,58.16497987964794,57.73641114937878,57.69583519394312,57.5480536713096,57.340338576700425,56.608540605685185,56.491354041797344,54.61582838913018,"rgba(38, 166, 154, 1.0)",0.0,0.0,3.3525861672753408,55.18839196396056,1.7334701469470517,0.0,0.0,0.0,0.0,0.0,0.0,0.0,0.0,58.109380373849305,8.422519452525322,False,False,True,False,True,13.69445104058498,0,0.8979478409576744,0.8513894826849082,False,False,False,False,0.311673368868167,0.3030464560310664,False,False,False,False,840242.0,523473.0579993172,False,False,False,False,21780.490492105393,False,False,False,False
2025-10-28 17:00:00+00:00,61.21,61.345,60.625,61.215,28321.0,60.85468965402047,60.56220716256894,60.2961474683499,59.80910962473581,59.44397083002558,59.3705337318747,59.20025534085499,58.683451256889015,58.44770147989767,58.01042841588408,60.36817764051342,58.56350640867882,58.36579276391386,58.258730205620424,57.83156791906055,57.79092460676892,57.64210242255151,57.43251925173276,56.68516428533383,56.56835874757022,54.692469360489035,"rgba(38, 166, 154, 1.0)",0.0,0.0,3.3587278962544715,55.264293393504374,1.7717144080446754,0.0,0.0,0.0,0.0,0.0,0.0,0.0,0.0,59.97393067080254,4.418997396806411,False,False,True,False,True,14.088953098358715,0,0.8919103521878338,0.8508858057630737,False,False,False,False,0.31635069823429507,0.30969857713268073,False,False,False,False,868563.0,528823.2896582425,False,False,False,False,21881.893740289805,False,False,False,False
2025-10-29 17:00:00+00:00,62.0,62.385,60.17,60.21,64947.0,60.88279922455573,60.616215399231336,60.37292455136068,59.924556077653214,59.57940310042515,59.509451406623775,59.347376750184246,58.85467360474732,58.62674091886117,58.19577596981522,60.47669431849512,58.7396522178173,58.547512994377506,58.44271811030993,58.02186555410691,57.981415715221225,57.831770196926996,57.620069039823534,56.84598742026979,56.730307191215935,54.85781052647211,"rgba(38, 166, 154, 1.0)",0.0,0.0,3.3399667555119152,55.42294798806844,1.4332633712690517,0.0,0.0,0.0,0.0,0.0,0.0,0.0,0.0,57.113799054570535,4.418997396806411,False,False,True,False,False,11.435904565635465,1,0.8883742670179318,0.8513639840231156,False,False,False,False,0.3304406776974621,0.3200696274150714,False,False,False,False,803616.0,533083.6417565643,False,False,False,False,22549.569806331823,False,False,False,False
