date,Open,High,Low,Close,Volume,Gap_Up_aVWAP_434,Gap_Up_aVWAP_428,Gap_Up_aVWAP_424,Gap_Up_aVWAP_422,Gap_Up_aVWAP_418,Gap_Up_aVWAP_406,Gap_Up_aVWAP_398,Gap_Up_aVWAP_381,Gap_Up_aVWAP_369,Gap_Up_aVWAP_364,Gap_Down_aVWAP_439,Gap_Down_aVWAP_429,Gap_Down_aVWAP_417,Gap_Down_aVWAP_401,Gap_Down_aVWAP_397,Gap_Down_aVWAP_394,Gap_Down_aVWAP_390,Gap_Down_aVWAP_386,Gap_Down_aVWAP_383,Gap_Down_aVWAP_382,aVWAP_OB_bull_135,aVWAP_OB_bear_371,color,Liquidity,Liquidity_Level,StDev,StDev_Mean,StdDev_ZScore,OB,OB_High,OB_Low,OB_Mitigated_Index,FVG,FVG_High,FVG_Low,FVG_Mitigated_Index,QQEMOD,QQE1_Value,QQE1_Above_Upper,QQE1_Below_Lower,QQE2_Above_Threshold,QQE2_Below_Threshold,QQE2_Above_TL,banker_RSI,TTM_squeeze_Active,VI_plus,VI_minus,VI_Regular_Bullish,VI_Regular_Bearish,VI_Hidden_Bullish,VI_Hidden_Bearish,Fisher,Fisher_Signal,Fisher_Regular_Bullish,Fisher_Regular_Bearish,Fisher_Hidden_Bullish,Fisher_Hidden_Bearish,OBV,OBV_Smoothed,OBV_Regular_Bullish,OBV_Regular_Bearish,OBV_Hidden_Bullish,OBV_Hidden_Bearish,Volume_MA,Vol_Regular_Bullish,Vol_Regular_Bearish,Vol_Hidden_Bullish,Vol_Hidden_Bearish
2024-02-02 17:00:00+00:00,1.89,1.89,1.89,1.89,0.0,,,,,,,,,,,,,,,,,,,,,,,"rgba(38, 166, 154, 1.0)",0.0,0.0,,,,0.0,0.0,0.0,0.0,0.0,0.0,0.0,0.0,,,False,False,False,False,False,,0,,,False,False,False,False,,,False,False,False,False,0.0,0.0,False,False,False,False,0.0,False,False,False,False
2024-02-05 17:00:00+00:00,1.89,1.89,1.89,1.89,0.0,,,,,,,,,,,,,,,,,,,,,,,"rgba(38, 166, 154, 1.0)",0.0,0.0,,,,0.0,0.0,0.0,0.0,0.0,0.0,0.0,0.0,,,False,False,False,False,False,,0,,,False,False,False,False,,,False,False,False,False,0.0,0.0,False,False,False,False,0.0,False,False,False,False
2024-02-06 17:00:00+00:00,1.89,1.89,1.89,1.89,0.0,,,,,,,,,,,,,,,,,,,,,,,"rgba(38, 166, 154, 1.0)",0.0,0.0,,,,0.0,0.0,0.0,0.0,0.0,0.0,0.0,0.0,,,False,False,False,False,False,,0,,,False,False,False,False,,,False,False,False,False,0.0,0.0,False,False,False,False,0.0,False,False,False,False
2024-02-07 17:00:00+00:00,1.89,1.89,1.89,1.89,0.0,,,,,,,,,,,,,,,,,,,,,,,"rgba(38, 166, 154, 1.0)",0.0,0.0,,,,0.0,0.0,0.0,0.0,0.0,0.0,0.0,0.0,,,False,False,False,False,False,,0,,,False,False,False,False,,,False,False,False,False,0.0,0.0,False,False,False,False,0.0,False,False,False,False
2024-02-08 17:00:00+00:00,1.89,1.89,1.89,1.89,0.0,,,,,,,,,,,,,,,,,,,,,,,"rgba(38, 166, 154, 1.0)",0.0,0.0,,,,0.0,0.0,0.0,0.0,0.0,0.0,0.0,0.0,,,False,False,False,False,False,,0,,,False,False,False,False,,,False,False,False,False,0.0,0.0,False,False,False,False,0.0,False,False,False,False
2024-02-09 17:00:00+00:00,1.89,1.89,1.89,1.89,0.0,,,,,,,,,,,,,,,,,,,,,,,"rgba(38, 166, 154, 1.0)",0.0,0.0,,,,0.0,0.0,0.0,0.0,0.0,0.0,0.0,0.0,,,False,False,False,False,False,,0,,,False,False,False,False,,,False,False,False,False,0.0,0.0,False,False,False,False,0.0,False,False,False,False
2024-02-12 17:00:00+00:00,1.89,1.89,1.89,1.89,0.0,,,,,,,,,,,,,,,,,,,,,,,"rgba(38, 166, 154, 1.0)",0.0,0.0,,,,0.0,0.0,0.0,0.0,0.0,0.0,0.0,0.0,,,False,False,False,False,False,,0,,,False,False,False,False,,,False,False,False,False,0.0,0.0,False,False,False,False,0.0,False,False,False,False
2024-02-13 17:00:00+00:00,1.89,1.89,1.89,1.89,0.0,,,,,,,,,,,,,,,,,,,,,,,"rgba(38, 166, 154, 1.0)",0.0,0.0,,,,0.0,0.0,0.0,0.0,0.0,0.0,0.0,0.0,,,False,False,False,False,False,,0,,,False,False,False,False,,,False,False,False,False,0.0,0.0,False,False,False,False,0.0,False,False,False,False
2024-02-14 17:00:00+00:00,1.89,1.89,1.89,1.89,0.0,,,,,,,,,,,,,,,,,,,,,,,"rgba(38, 166, 154, 1.0)",0.0,0.0,,,,0.0,0.0,0.0,0.0,0.0,0.0,0.0,0.0,,,False,False,False,False,False,,0,,,False,False,False,False,,,False,False,False,False,0.0,0.0,False,False,False,False,0.0,False,False,False,False
2024-02-15 17:00:00+00:00,1.89,1.89,1.89,1.89,0.0,,,,,,,,,,,,,,,,,,,,,,,"rgba(38, 166, 154, 1.0)",0.0,0.0,,,,0.0,0.0,0.0,0.0,0.0,0.0,0.0,0.0,,,False,False,False,False,False,,0,,,False,False,False,False,,,False,False,False,False,0.0,0.0,False,False,False,False,0.0,False,False,False,False
2024-02-16 17:00:00+00:00,1.89,1.89,1.89,1.89,0.0,,,,,,,,,,,,,,,,,,,,,,,"rgba(38, 166, 154, 1.0)",0.0,0.0,,,,0.0,0.0,0.0,0.0,0.0,0.0,0.0,0.0,,,False,False,False,False,False,,0,,,False,False,False,False,,,False,False,False,False,0.0,0.0,False,False,False,False,0.0,False,False,False,False
2024-02-19 17:00:00+00:00,1.89,1.89,1.89,1.89,0.0,,,,,,,,,,,,,,,,,,,,,,,"rgba(38, 166, 154, 1.0)",0.0,0.0,,,,0.0,0.0,0.0,0.0,0.0,0.0,0.0,0.0,,,False,False,False,False,False,,0,,,False,False,False,False,,,False,False,False,False,0.0,0.0,False,False,False,False,0.0,False,False,False,False
2024-02-20 17:00:00+00:00,1.89,1.89,1.89,1.89,0.0,,,,,,,,,,,,,,,,,,,,,,,"rgba(38, 166, 154, 1.0)",0.0,0.0,,,,0.0,0.0,0.0,0.0,0.0,0.0,0.0,0.0,,,False,False,False,False,False,,0,,,False,False,False,False,,,False,False,False,False,0.0,0.0,False,False,False,False,0.0,False,False,False,False
2024-02-21 17:00:00+00:00,1.89,1.89,1.89,1.89,0.0,,,,,,,,,,,,,,,,,,,,,,,"rgba(38, 166, 154, 1.0)",0.0,0.0,,,,0.0,0.0,0.0,0.0,0.0,0.0,0.0,0.0,,,False,False,False,False,False,,0,,,False,False,False,False,,,False,False,False,False,0.0,0.0,False,False,False,False,0.0,False,False,False,False
2024-02-22 17:00:00+00:00,1.89,1.89,1.89,1.89,0.0,,,,,,,,,,,,,,,,,,,,,,,"rgba(38, 166, 154, 1.0)",0.0,0.0,,,,0.0,0.0,0.0,0.0,0.0,0.0,0.0,0.0,,,False,False,False,False,False,,0,,,False,False,False,False,,,False,False,False,False,0.0,0.0,False,False,False,False,0.0,False,False,False,False
2024-02-23 17:00:00+00:00,1.89,1.89,1.89,1.89,0.0,,,,,,,,,,,,,,,,,,,,,,,"rgba(38, 166, 154, 1.0)",0.0,0.0,,,,0.0,0.0,0.0,0.0,0.0,0.0,0.0,0.0,,,False,False,False,False,False,,0,,,False,False,False,False,,,False,False,False,False,0.0,0.0,False,False,False,False,0.0,False,False,False,False
2024-02-26 17:00:00+00:00,1.89,1.89,1.89,1.89,0.0,,,,,,,,,,,,,,,,,,,,,,,"rgba(38, 166, 154, 1.0)",0.0,0.0,,,,0.0,0.0,0.0,0.0,0.0,0.0,0.0,0.0,,,False,False,False,False,False,,0,,,False,False,False,False,,,False,False,False,False,0.0,0.0,False,False,False,False,0.0,False,False,False,False
2024-02-27 17:00:00+00:00,1.89,2.12,1.89,2.12,33.0,,,,,,,,,,,,,,,,,,,,,,,"rgba(38, 166, 154, 1.0)",0.0,0.0,,2.043333333333333,,0.0,0.0,0.0,0.0,0.0,0.0,0.0,0.0,100.0,,False,False,True,False,False,,0,,,False,False,False,False,,,False,False,False,False,33.0,0.5116279069767442,False,False,False,False,0.5116279069767442,False,False,False,False
2024-02-28 17:00:00+00:00,2.12,2.12,2.12,2.12,0.0,,,,,,,,,,,,,,,,,,,,,,,"rgba(38, 166, 154, 1.0)",0.0,0.0,,2.043333333333333,,0.0,0.0,0.0,0.0,0.0,0.0,0.0,0.0,100.0,50.0,False,False,True,False,True,,0,,,False,False,False,False,,,False,False,False,False,33.0,1.0153235983414457,False,False,False,False,0.5036956913647016,False,False,False,False
2024-02-29 17:00:00+00:00,2.12,2.12,2.12,2.12,0.0,,,,,,,,,,,,,,,,,,,,,,,"rgba(38, 166, 154, 1.0)",0.0,0.0,,2.043333333333333,,0.0,0.0,0.0,0.0,0.0,0.0,0.0,0.0,100.0,50.0,False,False,True,False,True,,0,,,False,False,False,False,,,False,False,False,False,33.0,1.511210054181113,False,False,False,False,0.49588645583966745,False,False,False,False
2024-03-01 17:00:00+00:00,2.12,2.12,2.12,2.12,0.0,,,,,,,,,,,,,,,,,,,,,,,"rgba(38, 166, 154, 1.0)",0.0,0.0,,2.043333333333333,,0.0,0.0,0.0,0.0,0.0,0.0,0.0,0.0,100.0,50.0,False,False,True,False,True,,0,,,False,False,False,False,,,False,False,False,False,33.0,1.9994083479147393,False,False,False,False,0.48819829373362605,False,False,False,False
2024-03-04 17:00:00+00:00,2.12,2.12,2.12,2.12,0.0,,,,,,,,,,,,,,,,,,,,,,,"rgba(38, 166, 154, 1.0)",0.0,0.0,,2.043333333333333,,0.0,0.0,0.0,0.0,0.0,0.0,0.0,0.0,100.0,50.0,False,False,True,False,True,,0,,,False,False,False,False,,,False,False,False,False,33.0,2.480037675854046,False,False,False,False,0.48062932793930624,False,False,False,False
2024-03-05 17:00:00+00:00,2.12,2.12,2.12,2.12,0.0,,,,,,,,,,,,,,,,,,,,,,,"rgba(38, 166, 154, 1.0)",0.0,0.0,,2.043333333333333,,0.0,0.0,0.0,0.0,0.0,0.0,0.0,0.0,100.0,50.0,False,False,True,False,True,,0,,,False,False,False,False,,,False,False,False,False,33.0,2.953215386305921,False,False,False,False,0.4731777104518751,False,False,False,False
2024-03-06 17:00:00+00:00,2.12,2.12,2.12,2.12,0.0,,,,,,,,,,,,,,,,,,,,,,,"rgba(38, 166, 154, 1.0)",0.0,0.0,,2.043333333333333,,0.0,0.0,0.0,0.0,0.0,0.0,0.0,0.0,100.0,50.0,False,False,True,False,True,,0,,,False,False,False,False,,,False,False,False,False,33.0,3.4190570082236587,False,False,False,False,0.46584162191773754,False,False,False,False
2024-03-07 17:00:00+00:00,2.12,2.12,2.12,2.12,0.0,,,,,,,,,,,,,,,,,,,,,,,"rgba(38, 166, 154, 1.0)",0.0,0.0,,2.043333333333333,,0.0,0.0,0.0,0.0,0.0,0.0,0.0,0.0,100.0,50.0,False,False,True,False,True,,0,,,False,False,False,False,,,False,False,False,False,33.0,3.8776762794139894,False,False,False,False,0.45861927119033075,False,False,False,False
2024-03-08 17:00:00+00:00,2.12,2.12,2.12,2.12,0.0,,,,,,,,,,,,,,,,,,,,,,,"rgba(38, 166, 154, 1.0)",0.0,0.0,,2.043333333333333,,0.0,0.0,0.0,0.0,0.0,0.0,0.0,0.0,100.0,50.0,False,False,True,False,True,,0,,,False,False,False,False,,,False,False,False,False,33.0,4.3291851743067955,False,False,False,False,0.4515088948928062,False,False,False,False
2024-03-11 17:00:00+00:00,2.12,2.12,2.12,2.12,0.0,,,,,,,,,,,,,,,,,,,,,,,"rgba(38, 166, 154, 1.0)",0.0,0.0,,2.043333333333333,,0.0,0.0,0.0,0.0,0.0,0.0,0.0,0.0,100.0,50.0,False,False,True,False,True,,0,,,False,False,False,False,,,False,False,False,False,33.0,4.773693931294287,False,False,False,False,0.44450875698749137,False,False,False,False
2024-03-12 17:00:00+00:00,1.55,1.55,1.55,1.55,0.0,,,,,,,,,,,,,,,,,,,,,,,"rgba(239, 83, 80, 1.0)",0.0,0.0,,2.043333333333333,,0.0,0.0,0.0,0.0,0.0,0.0,0.0,0.0,70.35084071587767,23.315756644289905,False,False,True,False,False,,0,,,False,False,False,False,,,False,False,False,False,33.0,5.211311079646313,False,False,False,False,0.43761714835202636,False,False,False,False
2024-03-13 17:00:00+00:00,1.55,1.55,1.55,1.55,0.0,,,,,,,,,,,,,,,,,,,,,,,"rgba(239, 83, 80, 1.0)",0.0,0.0,,2.043333333333333,,0.0,0.0,0.0,0.0,0.0,0.0,0.0,0.0,50.58473452646278,7.305210630863847,False,False,False,True,False,,0,,,False,False,False,False,,,False,False,False,False,33.0,5.642143466008386,False,False,False,False,0.43083238636207244,False,False,False,False
2024-03-14 17:00:00+00:00,1.55,1.55,1.55,1.55,0.0,,,,,,,,,,,,,,,,,,,,,,,"rgba(239, 83, 80, 1.0)",0.0,0.0,,2.043333333333333,,0.0,0.0,0.0,0.0,0.0,0.0,0.0,0.0,37.4073304001862,-2.4197136143282734,False,False,False,True,False,,0,,,False,False,False,False,,,False,False,False,False,33.0,6.066296280488875,False,False,False,False,0.4241528144804899,False,False,False,False
2024-03-15 17:00:00+00:00,1.55,1.55,1.55,1.55,0.0,,,,,,,,,,,,,,,,,,,,,,,"rgba(239, 83, 80, 1.0)",0.0,0.0,,2.043333333333333,,0.0,0.0,0.0,0.0,0.0,0.0,0.0,0.0,28.6223943160018,-8.523487205619588,False,False,False,True,False,,0,,,False,False,False,False,,,False,False,False,False,33.0,6.483873082341761,False,False,False,False,0.4175768018528854,False,False,False,False
2024-03-18 17:00:00+00:00,1.55,1.55,1.55,1.55,0.0,,,,,,,,,,,,,,,,,,,,,,,"rgba(239, 83, 80, 1.0)",0.0,0.0,,2.043333333333333,,0.0,0.0,0.0,0.0,0.0,0.0,0.0,0.0,22.765770259878867,-12.592669599813803,False,False,False,True,False,,0,,,False,False,False,False,,,False,False,False,False,33.0,6.894975825251191,False,False,False,False,0.41110274290942983,False,False,False,False
2024-03-19 17:00:00+00:00,1.55,1.55,1.55,1.55,0.0,,,,,,,,,,,,,,,,,,,,,,,"rgba(239, 83, 80, 1.0)",0.0,0.0,,2.043333333333333,,0.0,0.0,0.0,0.0,0.0,0.0,0.0,0.0,18.86135422246358,-15.548343775465476,False,False,False,True,False,,0,,,False,False,False,False,,,False,False,False,False,33.0,7.29970488222404,False,False,False,False,0.4047290569728495,False,False,False,False
2024-03-20 17:00:00+00:00,1.55,1.55,1.55,1.55,0.0,,,,,,,,,,,,,,,,,,,,,,,"rgba(239, 83, 80, 1.0)",0.0,0.0,,2.043333333333333,,0.0,0.0,0.0,0.0,0.0,0.0,0.0,0.0,16.258410197520053,-17.907410686468772,False,False,False,True,False,,0,,,False,False,False,False,,,False,False,False,False,33.0,7.698159070096535,False,False,False,False,0.39845418787249526,False,False,False,False
2024-03-21 17:00:00+00:00,1.55,1.55,1.55,1.55,0.0,,,,,,,,,,,,,,,,,,,,,,,"rgba(239, 83, 80, 1.0)",0.0,0.0,,2.043333333333333,,0.0,0.0,0.0,0.0,0.0,0.0,0.0,0.0,14.523114180891035,-19.94646291315359,False,False,False,True,False,,0,,,False,False,False,False,,,False,False,False,False,33.0,8.09043567366093,False,False,False,False,0.39227660356439453,False,False,False,False
2024-03-22 17:00:00+00:00,1.54,1.54,1.54,1.54,0.0,,,,,,,,,,,,,,,,,,,,,,,"rgba(239, 83, 80, 1.0)",0.0,0.0,,2.043333333333333,,0.0,0.0,0.0,0.0,0.0,0.0,0.0,0.0,13.224419667832512,-21.930908865580186,False,False,False,True,False,,0,,,False,False,False,False,,,False,False,False,False,33.0,8.476630469418126,False,False,False,False,0.3861947957571946,False,False,False,False
2024-03-25 17:00:00+00:00,1.54,1.54,1.54,1.54,0.0,,,,,,,,,,,,,,,,,,,,,,,"rgba(239, 83, 80, 1.0)",0.0,0.0,,2.043333333333333,,0.0,0.0,0.0,0.0,0.0,0.0,0.0,0.0,12.358623325793497,-23.742793353274358,False,False,False,True,False,,0,,,False,False,False,False,,,False,False,False,False,33.0,8.856837748962029,False,False,False,False,0.38020727954390476,False,False,False,False
2024-03-26 17:00:00+00:00,1.54,1.54,1.54,1.54,0.0,,,,,,,,,,,,,,,,,,,,,,,"rgba(239, 83, 80, 1.0)",0.0,0.0,,2.043333333333333,,0.0,0.0,0.0,0.0,0.0,0.0,0.0,0.0,11.781425764434154,-25.423710904554355,False,False,False,True,False,,0,,,False,False,False,False,,,False,False,False,False,33.0,9.231150342001378,False,False,False,False,0.3743125930393481,False,False,False,False
2024-03-27 17:00:00+00:00,1.54,1.54,1.54,1.54,0.0,,,,,,,,,,,,,,,,,,,,,,,"rgba(239, 83, 80, 1.0)",0.0,0.0,,2.043333333333333,,0.0,0.0,0.0,0.0,0.0,0.0,0.0,0.0,11.396627390194592,-26.988204768159633,False,False,False,True,False,,0,,,False,False,False,False,,,False,False,False,False,33.0,9.599659639024612,False,False,False,False,0.36850929702323415,False,False,False,False
2024-03-28 17:00:00+00:00,1.54,1.54,1.54,1.54,0.0,,,,,,,,,,,,,,,,,,,,,,,"rgba(239, 83, 80, 1.0)",0.0,0.0,,2.043333333333333,,0.0,0.0,0.0,0.0,0.0,0.0,0.0,0.0,11.14009514070155,-28.438695619563262,False,False,False,True,False,,0,,,False,False,False,False,,,False,False,False,False,33.0,9.962455613613379,False,False,False,False,0.3627959745887654,False,False,False,False
2024-03-29 17:00:00+00:00,1.54,1.54,1.54,1.54,0.0,,,,,,,,,,,,,,,,,,,,,,,"rgba(239, 83, 80, 1.0)",0.0,0.0,,2.043333333333333,,0.0,0.0,0.0,0.0,0.0,0.0,0.0,0.0,10.969073641039522,-29.773596844071275,False,False,False,True,False,,0,,,False,False,False,False,,,False,False,False,False,33.0,10.31962684441007,False,False,False,False,0.3571712307966915,False,False,False,False
2024-04-01 17:00:00+00:00,1.54,1.54,1.54,1.54,0.0,,,,,,,,,,,,,,,,,,,,,,,"rgba(239, 83, 80, 1.0)",0.0,0.0,,2.043333333333333,,0.0,0.0,0.0,0.0,0.0,0.0,0.0,0.0,10.855059307931503,-30.991385948365483,False,False,False,True,False,,0,,,False,False,False,False,,,False,False,False,False,33.0,10.671260536744796,False,False,False,False,0.3516336923347273,False,False,False,False
2024-04-02 17:00:00+00:00,1.54,1.54,1.54,1.54,0.0,,,,,,,,,,,,,,,,,,,,,,,"rgba(239, 83, 80, 1.0)",0.0,0.0,,2.043333333333333,,0.0,0.0,0.0,0.0,0.0,0.0,0.0,0.0,10.779049752526157,-32.092352591537576,False,False,False,True,False,,0,,,False,False,False,False,,,False,False,False,False,33.0,11.017442543927046,False,False,False,False,0.3461820071822509,False,False,False,False
2024-04-03 17:00:00+00:00,1.54,1.54,1.54,1.54,0.0,,,,,,,,,,,,,,,,,,,,,,,"rgba(239, 83, 80, 1.0)",0.0,0.0,,2.043333333333333,,0.0,0.0,0.0,0.0,0.0,0.0,0.0,0.0,10.72837671558926,-33.079074767188956,False,False,False,True,False,,0,,,False,False,False,False,,,False,False,False,False,33.0,11.358257388207246,False,False,False,False,0.3408148442802005,False,False,False,False
2024-04-04 17:00:00+00:00,1.54,1.54,1.54,1.54,0.0,,,,,,,,,,,,,,,,,,,,,,,"rgba(239, 83, 80, 1.0)",0.0,0.0,,2.043333333333333,,0.0,0.0,0.0,0.0,0.0,0.0,0.0,0.0,10.694594690964662,-33.956251978817235,False,False,False,True,False,,0,,,False,False,False,False,,,False,False,False,False,33.0,11.693788281413333,False,False,False,False,0.3355308932060888,False,False,False,False
2024-04-05 17:00:00+00:00,1.54,1.54,1.54,1.54,0.0,,,,,,,,,,,,,,,,,,,,,,,"rgba(239, 83, 80, 1.0)",0.0,0.0,,2.043333333333333,,0.0,0.0,0.0,0.0,0.0,0.0,0.0,0.0,10.67207334121493,-34.73026024648307,False,False,False,True,False,,0,,,False,False,False,False,,,False,False,False,False,33.0,12.02411714526739,False,False,False,False,0.3303288638540564,False,False,False,False
2024-04-08 17:00:00+00:00,1.54,1.54,1.54,1.54,0.0,,,,,,,,,,,,,,,,,,,,,,,"rgba(239, 83, 80, 1.0)",0.0,0.0,,2.043333333333333,,0.0,0.0,0.0,0.0,0.0,0.0,0.0,0.0,10.657059108048442,-35.4086313402913,False,False,False,True,False,,0,,,False,False,False,False,,,False,False,False,False,33.0,12.349324631387276,False,False,False,False,0.325207486119885,False,False,False,False
2024-04-09 17:00:00+00:00,1.54,1.54,1.54,1.54,0.0,,,,,,,,,,,,,,,,,,,,,,,"rgba(239, 83, 80, 1.0)",0.0,0.0,,2.043333333333333,,0.0,0.0,0.0,0.0,0.0,0.0,0.0,0.0,10.647049619270783,-35.999560653068315,False,False,False,True,False,,0,,,False,False,False,False,,,False,False,False,False,33.0,12.66949014097817,False,False,False,False,0.3201655095908945,False,False,False,False
2024-04-10 17:00:00+00:00,1.54,1.54,1.54,1.54,0.0,,,,,,,,,,,,,,,,,,,,,,,"rgba(239, 83, 80, 1.0)",0.0,0.0,,2.043333333333333,,0.0,0.0,0.0,0.0,0.0,0.0,0.0,0.0,10.640376626752344,-36.511490622800935,False,False,False,True,False,,0,,,False,False,False,False,,,False,False,False,False,33.0,12.984691844218819,False,False,False,False,0.31520170324064806,False,False,False,False
2024-04-11 17:00:00+00:00,1.54,1.54,1.54,1.54,0.0,,,,,,,,,,,,,,,,,,,,,,,"rgba(239, 83, 80, 1.0)",0.0,0.0,,2.043333333333333,,0.0,0.0,0.0,0.0,0.0,0.0,0.0,0.0,10.635927965073385,-36.95278419374694,False,False,False,True,False,0.0,0,,,False,False,False,False,,,False,False,False,False,33.0,13.295006699347208,False,False,False,False,0.31031485512838997,False,False,False,False
2024-04-12 17:00:00+00:00,1.54,1.54,1.54,1.54,0.0,,,,,,,,,,,,,,,,,,,,,,,"rgba(239, 83, 80, 1.0)",0.0,0.0,,2.043333333333333,,0.0,0.0,0.0,0.0,0.0,0.0,0.0,0.0,10.632962190620745,-37.33148564633242,False,False,False,True,False,0.0,0,,,False,False,False,False,,,False,False,False,False,33.0,13.600510471450352,False,False,False,False,0.3055037721031436,False,False,False,False
2024-04-15 17:00:00+00:00,1.54,1.54,1.27,1.27,100.0,,,,,,,,,,,,,,,,,,,,,,,"rgba(239, 83, 80, 1.0)",0.0,0.0,,1.36,,0.0,0.0,0.0,0.0,0.0,0.0,0.0,0.0,7.5403098863546925,-40.43676564069875,False,False,False,True,False,0.0,0,,,False,False,False,False,,,False,False,False,False,-67.0,12.350890154063524,False,False,False,False,1.8511548764116221,False,False,False,False
2024-04-16 17:00:00+00:00,1.27,1.27,1.27,1.27,0.0,,,,,,,,,,,,,,,,,,,,,,,"rgba(239, 83, 80, 1.0)",0.0,0.0,,1.36,,0.0,0.0,0.0,0.0,0.0,0.0,0.0,0.0,5.478541683510658,-42.38135572384043,False,False,False,True,False,0.0,0,,,False,False,False,False,,,False,False,False,False,-67.0,11.120643795085796,False,False,False,False,1.8224548008083412,False,False,False,False
2024-04-17 17:00:00+00:00,1.27,1.27,1.27,1.27,0.0,,,,,,,,,,,,,,,,,,,,,,,"rgba(239, 83, 80, 1.0)",0.0,0.0,,1.36,,0.0,0.0,0.0,0.0,0.0,0.0,0.0,0.0,4.104029548281301,-43.62902675264329,False,False,False,True,False,0.0,0,,,False,False,False,False,,,False,False,False,False,-67.0,9.909471023068962,False,False,False,False,1.7941996876175141,False,False,False,False
2024-04-18 17:00:00+00:00,1.27,1.27,1.27,1.27,0.0,,,,,,,,,,,,,,,,,,,,,,,"rgba(239, 83, 80, 1.0)",0.0,0.0,,1.36,,0.0,0.0,0.0,0.0,0.0,0.0,0.0,0.0,3.1876881247950624,-44.46323347363097,False,False,False,True,False,0.0,0,,,False,False,False,False,,,False,False,False,False,-67.0,8.717076123486496,False,False,False,False,1.7663826381970875,False,False,False,False
2024-04-19 17:00:00+00:00,1.27,1.27,1.27,1.27,0.0,,,,,,,,,,,,,,,,,,,,,,,"rgba(239, 83, 80, 1.0)",0.0,0.0,,1.36,,0.0,0.0,0.0,0.0,0.0,0.0,0.0,0.0,2.576793842470903,-45.05443525418659,False,False,False,True,False,0.0,0,,,False,False,False,False,,,False,False,False,False,-67.0,7.5431679665332165,False,False,False,False,1.7389968608606985,False,False,False,False
2024-04-22 17:00:00+00:00,1.27,1.27,1.27,1.27,0.0,,,,,,,,,,,,,,,,,,,,,,,"rgba(239, 83, 80, 1.0)",0.0,0.0,,1.36,,0.0,0.0,0.0,0.0,0.0,0.0,0.0,0.0,2.1695309875881303,-45.50311945858292,False,False,False,True,False,0.0,0,,,False,False,False,False,,,False,False,False,False,-67.0,6.387459936044329,False,False,False,False,1.7120356692194474,False,False,False,False
2024-04-23 17:00:00+00:00,1.27,1.27,1.27,1.27,0.0,,,,,,,,,,,,,,,,,,,,,,,"rgba(239, 83, 80, 1.0)",0.0,0.0,,1.36,,0.0,0.0,0.0,0.0,0.0,0.0,0.0,0.0,1.898022417666282,-45.86708081735442,False,True,False,True,False,0.0,0,,,False,False,False,False,,,False,False,False,False,-67.0,5.249669859516509,False,False,False,False,1.6854924805493783,False,False,False,False
2024-04-24 17:00:00+00:00,1.27,1.27,1.27,1.27,0.0,,,,,,,,,,,,,,,,,,,,,,,"rgba(239, 83, 80, 1.0)",0.0,0.0,,1.36,,0.0,0.0,0.0,0.0,0.0,0.0,0.0,0.0,1.71701670438505,-46.178551614770484,False,True,False,True,False,0.0,0,,,False,False,False,False,,,False,False,False,False,-67.0,4.129519939213928,False,False,False,False,1.6593608141842715,False,False,False,False
2024-04-25 17:00:00+00:00,1.27,1.27,1.27,1.27,0.0,,,,,,,,,,,,,,,,,,,,,,,"rgba(239, 83, 80, 1.0)",0.0,0.0,,1.36,,0.0,0.0,0.0,0.0,0.0,0.0,0.0,0.0,1.5963462288642285,-46.454829963819286,False,True,False,True,False,0.0,0,,,False,False,False,False,,,False,False,False,False,-67.0,3.026736684342394,False,False,False,False,1.6336342899333525,False,False,False,False
2024-04-26 17:00:00+00:00,1.27,1.27,1.27,1.27,0.0,,,,,,,,,,,,,,,,,,,,,,,"rgba(239, 83, 80, 1.0)",0.0,0.0,,1.36,,0.0,0.0,0.0,0.0,0.0,0.0,0.0,0.0,1.5158992451836806,-46.70477424048235,False,True,False,True,False,0.0,0,,,False,False,False,False,,,False,False,False,False,-67.0,1.94105084427507,False,False,False,False,1.608306626523533,False,False,False,False
2024-04-29 17:00:00+00:00,1.27,1.27,1.27,1.27,0.0,,,,,,,,,,,,,,,,,,,,,,,"rgba(239, 83, 80, 1.0)",0.0,0.0,,1.36,,0.0,0.0,0.0,0.0,0.0,0.0,0.0,0.0,1.462267922729982,-46.93269375877285,False,True,False,True,False,0.0,0,,,False,False,False,False,,,False,False,False,False,-67.0,0.8721973428134409,False,False,False,False,1.5833716400658038,False,False,False,False
2024-04-30 17:00:00+00:00,1.27,1.27,1.27,1.27,0.0,,,,,,,,,,,,,,,,,,,,,,,"rgba(239, 83, 80, 1.0)",0.0,0.0,,1.36,,0.0,0.0,0.0,0.0,0.0,0.0,0.0,0.0,1.4265137077608496,-47.1406185303205,False,True,False,True,False,0.0,0,,,False,False,False,False,,,False,False,False,False,-67.0,-0.18008478653250404,False,False,False,False,1.5588232425454036,False,False,False,False
2024-05-01 17:00:00+00:00,1.27,1.27,1.27,1.27,0.0,,,,,,,,,,,,,,,,,,,,,,,"rgba(239, 83, 80, 1.0)",0.0,0.0,,1.36,,0.0,0.0,0.0,0.0,0.0,0.0,0.0,0.0,1.4026775644480947,-47.329574925988986,False,True,False,True,False,0.0,0,,,False,False,False,False,,,False,False,False,False,-67.0,-1.2160524642606823,False,False,False,False,1.5346554403353974,False,False,False,False
2024-05-02 17:00:00+00:00,1.27,1.27,1.27,1.27,0.0,,,,,,,,,,,,,,,,,,,,,,,"rgba(239, 83, 80, 1.0)",0.0,0.0,,1.36,,0.0,0.0,0.0,0.0,0.0,0.0,0.0,0.0,1.3867868022395915,-47.500263473866816,False,True,False,True,False,0.0,0,,,False,False,False,False,,,False,False,False,False,-67.0,-2.235958627605478,False,False,False,False,1.5108623327332982,True,False,False,False
2024-05-03 17:00:00+00:00,1.27,1.27,1.27,1.27,0.0,,,,,,,,,,,,,,,,,,,,,,,"rgba(239, 83, 80, 1.0)",0.0,0.0,,1.36,,0.0,0.0,0.0,0.0,0.0,0.0,0.0,0.0,1.376192960767256,-47.65338650297603,False,True,False,True,False,0.0,0,,,False,False,False,False,,,False,False,False,False,-67.0,-3.240052292293765,False,False,False,False,1.4874381105203789,True,False,False,False
2024-05-06 17:00:00+00:00,1.27,1.27,1.27,1.27,0.0,,,,,,,,,,,,,,,,,,,,,,,"rgba(239, 83, 80, 1.0)",0.0,0.0,,1.36,,0.0,0.0,0.0,0.0,0.0,0.0,0.0,0.0,1.369130399785699,-47.78977830939731,False,True,False,True,False,0.0,0,,,False,False,False,False,,,False,False,False,False,-67.0,-4.228578613343474,False,False,False,False,1.4643770545433188,True,False,False,False
2024-05-07 17:00:00+00:00,1.27,1.27,1.27,1.27,0.0,,,,,,,,,,,,,,,,,,,,,,,"rgba(239, 83, 80, 1.0)",0.0,0.0,,1.36,,0.0,0.0,0.0,0.0,0.0,0.0,0.0,0.0,1.3644220257979942,-47.91043021470034,False,True,False,True,False,0.0,0,,,False,False,False,False,,,False,False,False,False,-67.0,-5.201778944919544,False,False,False,False,1.4416735343178408,True,False,False,False
2024-05-08 17:00:00+00:00,1.27,1.27,1.27,1.27,0.0,,,,,,,,,,,,,,,,,,,,,,,"rgba(239, 83, 80, 1.0)",0.0,0.0,,1.36,,0.0,0.0,0.0,0.0,0.0,0.0,0.0,0.0,1.361283109806191,-48.016465009514846,False,True,False,True,False,0.0,0,,,False,False,False,False,,,False,False,False,False,-67.0,-6.159890899261877,False,False,False,False,1.4193220066539982,True,False,False,False
2024-05-09 17:00:00+00:00,1.27,1.27,1.27,1.27,0.0,,,,,,,,,,,,,,,,,,,,,,,"rgba(239, 83, 80, 1.0)",0.0,0.0,,1.36,,0.0,0.0,0.0,0.0,0.0,0.0,0.0,0.0,1.359190499144989,-48.10909179678361,False,True,False,True,False,0.0,0,,,False,False,False,False,,,False,False,False,False,-67.0,-7.103148404699677,False,False,False,False,1.3973170143027733,True,False,False,False
2024-05-10 17:00:00+00:00,1.27,1.27,1.27,1.27,0.0,,,,,,,,,,,,,,,,,,,,,,,"rgba(239, 83, 80, 1.0)",0.0,0.0,,1.36,,0.0,0.0,0.0,0.0,0.0,0.0,0.0,0.0,1.3577954253708544,-48.18955794437203,False,True,False,True,False,0.0,0,,,False,False,False,False,,,False,False,False,False,-67.0,-8.03178176276635,False,False,False,False,1.3756531846236606,True,False,False,False
2024-05-13 17:00:00+00:00,1.27,1.27,1.27,1.27,0.0,,,,,,,,,,,,,,,,,,,,,,,"rgba(239, 83, 80, 1.0)",0.0,0.0,,1.36,,0.0,0.0,0.0,0.0,0.0,0.0,0.0,0.0,1.356865376188098,-48.259106341087936,False,True,False,True,False,0.0,0,,,False,False,False,False,,,False,False,False,False,-67.0,-8.946017704428886,False,False,False,False,1.3543252282729061,True,False,False,False
2024-05-14 17:00:00+00:00,1.27,1.27,1.27,1.27,0.0,,,,,,,,,,,,,,,,,,,,,,,"rgba(239, 83, 80, 1.0)",0.0,0.0,,1.36,,0.0,0.0,0.0,0.0,0.0,0.0,0.0,0.0,1.3562453433995936,-48.31894124432776,False,True,False,True,False,0.0,0,,,False,False,False,False,,,False,False,False,False,-67.0,-9.846079445445492,False,False,False,False,1.333327937912086,True,False,False,False
2024-05-15 17:00:00+00:00,1.27,1.27,1.27,1.27,0.0,,,,,,,,,,,,,,,,,,,,,,,"rgba(239, 83, 80, 1.0)",0.0,0.0,,1.36,,0.0,0.0,0.0,0.0,0.0,0.0,0.0,0.0,1.3558319882072574,-48.37020331758062,False,True,False,True,False,0.0,0,,,False,False,False,False,,,False,False,False,False,-67.0,-10.732186740864941,False,False,False,False,1.3126561869367046,True,False,False,False
2024-05-16 17:00:00+00:00,1.27,1.27,1.27,1.27,0.0,,,,,,,,,,,,,,,,,,,,,,,"rgba(239, 83, 80, 1.0)",0.0,0.0,0.3034768495259536,1.36,-0.2965629837682337,0.0,0.0,0.0,0.0,0.0,0.0,0.0,0.0,1.3555564180790332,-48.41395309802324,False,True,False,True,False,0.0,0,,,False,False,False,False,,,False,False,False,False,-67.0,-11.604555938680988,False,False,False,False,1.2923049282245076,True,False,False,False
2024-05-17 17:00:00+00:00,1.27,1.27,1.27,1.27,0.0,,,,,,,,,,,,,,,,,,,,,,,"rgba(239, 83, 80, 1.0)",0.0,0.0,0.30422685940262095,1.36,-0.2958318676290576,0.0,0.0,0.0,0.0,0.0,0.0,0.0,0.0,1.355372704660217,-48.45116155405729,False,True,False,True,False,0.0,0,,,False,False,False,False,,,False,False,False,False,-67.0,-12.463400032654926,False,False,False,False,1.2722691929031973,True,False,False,False
2024-05-20 17:00:00+00:00,1.27,1.27,1.27,1.27,0.0,,,,,,,,,,,,,,,,,,,,,,,"rgba(239, 83, 80, 1.0)",0.0,0.0,0.3047478355021465,1.36,-0.29532613365966354,0.0,0.0,0.0,0.0,0.0,0.0,0.0,0.0,1.3552502290476731,-48.48270624703364,False,True,False,True,False,0.0,0,,,False,False,False,False,,,False,False,False,False,-67.0,-13.30892871431919,False,False,False,False,1.2525440891372561,True,False,False,False
2024-05-21 17:00:00+00:00,1.27,1.27,1.27,1.27,0.0,,,,,,,,,,,,,,,,,,,,,,,"rgba(239, 83, 80, 1.0)",0.0,0.0,0.30504095131962544,1.36,-0.29504235287312963,0.0,0.0,0.0,0.0,0.0,0.0,0.0,0.0,1.3551685786393104,-48.509371692470744,False,True,False,True,False,0.0,0,,,False,False,False,False,,,False,False,False,False,-67.0,-14.141348424174707,False,False,False,False,1.2331248009335778,True,False,False,False
2024-05-22 17:00:00+00:00,1.27,1.27,1.27,1.27,0.0,,,,,,,,,,,,,,,,,,,,,,,"rgba(239, 83, 80, 1.0)",0.0,0.0,0.30510686357110733,1.36,-0.29497861485841315,0.0,0.0,0.0,0.0,0.0,0.0,0.0,0.0,1.3551141450337352,-48.531852700689754,False,True,False,True,False,0.0,0,,,False,False,False,False,,,False,False,False,False,-67.0,-14.96086240209448,False,False,False,False,1.2140065869656154,True,False,False,False
2024-05-23 17:00:00+00:00,1.27,1.27,1.27,1.27,0.0,,,,,,,,,,,,,,,,,,,,,,,"rgba(239, 83, 80, 1.0)",0.0,0.0,0.30494571958283334,1.36,-0.2951344918798019,0.0,0.0,0.0,0.0,0.0,0.0,0.0,0.0,1.3550778559633518,-48.55075969477676,False,True,False,True,False,0.0,0,,,False,False,False,False,,,False,False,False,False,-67.0,-15.767670736945727,False,False,False,False,1.1951847794157608,True,False,False,False
2024-05-24 17:00:00+00:00,1.27,1.27,1.27,1.27,0.0,,,,,,,,,,,,,,,,,,,,,,,"rgba(239, 83, 80, 1.0)",0.0,0.0,0.3045571589423949,1.36,-0.2955110308768773,0.0,0.0,0.0,0.0,0.0,0.0,0.0,0.0,1.355053663249763,-48.56662521740002,False,True,False,True,False,0.0,0,,,False,False,False,False,,,False,False,False,False,-67.0,-16.561970415442694,False,False,False,False,1.1766547828356715,True,False,False,False
2024-05-27 17:00:00+00:00,1.27,1.27,1.27,1.27,0.0,,,,,,,,,,,,,,,,,,,,,,,"rgba(239, 83, 80, 1.0)",0.0,0.0,0.3039403094551821,1.36,-0.2961107730702997,0.0,0.0,0.0,0.0,0.0,0.0,0.0,0.0,1.3550375347740369,-48.57991102894437,False,True,False,True,False,0.0,0,,,False,False,False,False,,,False,False,False,False,-67.0,-17.34395537024203,False,False,False,False,1.1584120730242657,True,False,False,False
2024-05-28 17:00:00+00:00,1.27,1.27,1.27,1.27,0.0,,,,,,,,,,,,,,,,,,,,,,,"rgba(239, 83, 80, 1.0)",0.0,0.0,0.30309377729976245,1.36,-0.29693780189683433,0.0,0.0,0.0,0.0,0.0,0.0,0.0,0.0,1.3550267824568862,-48.591015360644995,False,True,False,True,False,0.0,0,,,False,False,False,False,,,False,False,False,False,-67.0,-18.113816527292542,False,False,False,False,1.1404521959231142,True,False,False,False
2024-05-29 17:00:00+00:00,1.27,1.27,1.27,1.27,0.0,,,,,,,,,,,,,,,,,,,,,,,"rgba(239, 83, 80, 1.0)",0.0,0.0,0.30201563112104246,1.36,-0.29799782105956524,0.0,0.0,0.0,0.0,0.0,0.0,0.0,0.0,1.3550196142454525,-48.60028001711663,False,True,False,True,False,0.0,0,,,False,False,False,False,,,False,False,False,False,-67.0,-18.871741852450796,False,False,False,False,1.1227707665289575,True,False,False,False
2024-05-30 17:00:00+00:00,1.27,1.27,1.27,1.27,0.0,,,,,,,,,,,,,,,,,,,,,,,"rgba(239, 83, 80, 1.0)",0.0,0.0,0.30070337963269167,1.36,-0.2992982656527999,0.0,0.0,0.0,0.0,0.0,0.0,0.0,0.0,1.35501483543783,-48.60799712527554,False,True,False,True,False,0.0,0,,,False,False,False,False,,,False,False,False,False,-67.0,-19.61791639737404,False,False,False,False,1.1053634678230821,True,False,False,False
2024-05-31 17:00:00+00:00,1.27,1.27,1.27,1.27,0.0,,,,,,,,,,,,,,,,,,,,,,,"rgba(239, 83, 80, 1.0)",0.0,0.0,0.29915394211188534,1.36,-0.3008484506827577,0.0,0.0,0.0,0.0,0.0,0.0,0.0,0.0,1.3550116495660816,-48.6144154049164,False,True,False,True,False,0.0,0,,,False,False,False,False,,,False,False,False,False,-67.0,-20.35252234470157,False,False,False,False,1.088226049717298,True,False,False,False
2024-06-03 17:00:00+00:00,1.27,1.27,1.27,1.27,0.0,,,,,,,,,,,,,,,,,,,,,,,"rgba(239, 83, 80, 1.0)",0.0,0.0,0.29736361094982233,1.36,-0.3026597629499019,0.0,0.0,0.0,0.0,0.0,0.0,0.0,0.0,1.3550095256515826,-48.61974589427238,False,True,False,True,False,0.0,0,,,False,False,False,False,,,False,False,False,False,-67.0,-21.075739052535653,False,False,False,False,1.0713543280162545,True,False,False,False
2024-06-04 17:00:00+00:00,1.27,1.27,1.27,1.27,0.0,,,,,,,,,,,,,,,,,,,,,,,"rgba(239, 83, 80, 1.0)",0.0,0.0,0.2953280051580459,1.36,-0.3047459043101457,0.0,0.0,0.0,0.0,0.0,0.0,0.0,0.0,1.3550081097085833,-48.62416710570667,False,True,False,True,False,0.0,0,,,False,False,False,False,,,False,False,False,False,-67.0,-21.787743098232774,False,False,False,False,1.0547441833958475,True,False,False,False
2024-06-05 17:00:00+00:00,1.94,2.31,1.53,2.26,10434.0,,,,,,,,,,,,,,,,,,,,,,,"rgba(38, 166, 154, 1.0)",0.0,0.0,0.3048037028930218,2.033333333333333,0.7436480085880739,0.0,0.0,0.0,0.0,0.0,0.0,0.0,0.0,34.10559051327832,-19.18663085116558,True,False,False,True,True,20.0,0,,,False,False,False,False,,,False,False,False,False,10367.0,139.27873353894913,False,False,False,False,162.80583342086257,False,False,False,False
2024-06-06 17:00:00+00:00,1.81,1.88,1.785,1.86,419.0,,,,,,,,,,,,,,,,,,,,,,,"rgba(38, 166, 154, 1.0)",0.0,0.0,0.3043159808754979,2.025933689609632,-0.545267748122366,0.0,0.0,0.0,0.0,0.0,0.0,0.0,0.0,45.59208053200608,-10.810794790842706,True,False,False,False,True,14.530634517103351,0,,,False,False,False,False,,,False,False,False,False,9948.0,291.35193146857785,False,False,False,False,166.77783600348485,False,False,False,False
2024-06-07 17:00:00+00:00,1.86,2.215,1.86,2.105,897.0,,,,,,,,,,,,,,,,,,,,,,,"rgba(38, 166, 154, 1.0)",0.0,0.0,0.30893681385512334,2.0285343262411346,0.2475123401600307,0.0,0.0,0.0,0.0,0.0,0.0,0.0,0.0,55.10208982368461,-3.9864899487972068,True,False,True,False,True,20.0,0,,,False,False,False,False,,,False,False,False,False,10845.0,454.9743821434836,False,False,False,False,178.09910986389593,False,False,False,False
2024-06-10 17:00:00+00:00,2.14,2.14,2.14,2.14,0.0,,,,,,,,,,,,,,,,,,,,,,,"rgba(38, 166, 154, 1.0)",0.0,0.0,0.31437922529533896,2.0285343262411346,0.35455801398502307,0.0,0.0,0.0,0.0,0.0,0.0,0.0,0.0,61.68039760032368,0.5786793933121004,True,False,True,False,True,20.0,0,,,False,False,False,False,,,False,False,False,False,10845.0,616.060050637383,False,False,False,False,175.33788335437816,False,False,False,False
2024-06-11 17:00:00+00:00,2.14,2.14,2.14,2.14,0.0,,,,,,,,,,,,,,,,,,,,,,,"rgba(38, 166, 154, 1.0)",0.0,0.0,0.31490772279173157,2.0285343262411346,0.35396297293281953,0.0,0.0,0.0,0.0,0.0,0.0,0.0,0.0,66.06593611808307,3.6813241894769533,True,False,True,False,True,20.0,0,,,False,False,False,False,,,False,False,False,False,10845.0,774.6482669065708,False,False,False,False,172.61946655818625,False,False,False,False
2024-06-12 17:00:00+00:00,2.2,2.2,2.2,2.2,0.0,,,,,,,,,,,,,,,,,,,,,,,"rgba(38, 166, 154, 1.0)",0.0,0.0,0.3171129193262296,2.0285343262411346,0.5407085719597265,0.0,0.0,0.0,0.0,0.0,0.0,0.0,0.0,69.46394439932908,6.413864137922104,True,False,True,False,True,20.0,0,,,False,False,False,False,,,False,False,False,False,10845.0,930.7777511405774,False,False,False,False,169.94319575883452,False,False,False,False
2024-06-13 17:00:00+00:00,2.2,2.2,1.93,1.93,100.0,,,,,,,,,,,,,,,,,,,,,,,"rgba(38, 166, 154, 1.0)",0.0,0.0,0.3129536275120855,2.028462306610408,-0.3146226723529691,0.0,0.0,0.0,0.0,0.0,0.0,0.0,0.0,66.07169361324371,6.413864137922104,True,False,True,False,True,12.210707449666124,0,,,False,False,False,False,,,False,False,False,False,10745.0,1082.9362356190181,False,False,False,False,168.85880512691458,False,False,False,False
2024-06-14 17:00:00+00:00,1.93,1.99,1.93,1.99,100.0,,,,,,,,,,,,,,,,,,,,,,,"rgba(38, 166, 154, 1.0)",0.0,0.0,0.30989354463913765,2.027973082287308,-0.12253589319366585,0.0,0.0,0.0,0.0,0.0,0.0,0.0,0.0,64.52549538295072,6.413864137922104,True,False,True,False,False,13.958424138311134,0,,,False,False,False,False,,,False,False,False,False,10845.0,1234.2860614233743,False,False,False,False,167.79122675285387,False,False,False,False
2024-06-17 17:00:00+00:00,1.99,1.99,1.99,1.99,0.0,,,,,,,,,,,,,,,,,,,,,,,"rgba(38, 166, 154, 1.0)",0.0,0.0,0.3067930164703153,2.027973082287308,-0.12377427206196556,0.0,0.0,0.0,0.0,0.0,0.0,0.0,0.0,63.4946965627554,6.413864137922104,True,False,True,False,False,13.958424138311134,0,,,False,False,False,False,,,False,False,False,False,10845.0,1383.2893783005313,False,False,False,False,165.18981238459256,False,False,False,False
2024-06-18 17:00:00+00:00,1.94,1.94,1.94,1.94,0.0,,,,,,,,,,,,,,,,,,,,,,,"rgba(38, 166, 154, 1.0)",0.0,0.0,0.3026318936646685,2.027973082287308,-0.2906933609079107,0.0,0.0,0.0,0.0,0.0,0.0,0.0,0.0,61.72907432763726,6.413864137922104,True,False,True,False,False,11.860572678604495,0,,,False,False,False,False,,,False,False,False,False,10845.0,1529.9825662338565,False,False,False,False,162.62873002204074,False,False,False,False
2024-06-19 17:00:00+00:00,1.94,1.94,1.94,1.94,0.0,,,,,,,,,,,,,,,,,,,,,,,"rgba(38, 166, 154, 1.0)",0.0,0.0,0.29839318942545534,2.027973082287308,-0.29482268833513503,0.0,0.0,0.0,0.0,0.0,0.0,0.0,0.0,60.551992837558494,6.413864137922104,True,False,True,False,False,11.860572678604495,0,,,False,False,False,False,,,False,False,False,False,10845.0,1674.4014411759672,False,False,False,False,160.1073543627843,False,False,False,False
2024-06-20 17:00:00+00:00,2.1,2.1,2.1,2.1,0.0,,,,,,,,,,,,,,,,,,,,,,,"rgba(38, 166, 154, 1.0)",0.0,0.0,0.29784470528862633,2.027973082287308,0.24182708785403637,0.0,0.0,0.0,0.0,0.0,0.0,0.0,0.0,62.216770904919315,6.413864137922104,True,False,True,False,False,16.460338158835764,0,,,False,False,False,False,,,False,False,False,False,10845.0,1816.5812637933939,False,False,False,False,157.6250697990202,False,False,False,False
2024-06-21 17:00:00+00:00,2.1,2.1,2.1,2.1,0.0,,,,,,,,,,,,,,,,,,,,,,,"rgba(38, 166, 154, 1.0)",0.0,0.0,0.297294966821333,2.027973082287308,0.24227425873637015,0.0,0.0,0.0,0.0,0.0,0.0,0.0,0.0,63.32662294982653,6.413864137922104,True,False,True,False,False,16.460338158835764,0,,,False,False,False,False,,,False,False,False,False,10845.0,1956.5567480756667,False,False,False,False,155.18127026725244,False,False,False,False
2024-06-24 17:00:00+00:00,2.1,2.1,2.1,2.1,0.0,,,,,,,,,,,,,,,,,,,,,,,"rgba(38, 166, 154, 1.0)",0.0,0.0,0.29674396705237693,2.027973082287308,0.24272411812833608,0.0,0.0,0.0,0.0,0.0,0.0,0.0,0.0,64.066524313098,6.413864137922104,True,False,True,False,False,16.460338158835764,0,,,False,False,False,False,,,False,False,False,False,10845.0,2094.3620698109276,False,False,False,False,152.7753591003183,False,False,False,False
2024-06-25 17:00:00+00:00,2.17,2.17,2.17,2.17,0.0,,,,,,,,,,,,,,,,,,,,,,,"rgba(38, 166, 154, 1.0)",0.0,0.0,0.30650863045033616,2.027973082287308,0.46337004443894375,0.0,0.0,0.0,0.0,0.0,0.0,0.0,0.0,65.69328843337186,7.761780766866295,True,False,True,False,False,18.377778181949644,0,,,False,False,False,False,,,False,False,False,False,10845.0,2230.030874930138,False,False,False,False,150.4067488817087,False,False,False,False
2024-06-26 17:00:00+00:00,2.17,2.17,2.17,2.17,0.0,,,,,,,,,,,,,,,,,,,,,,,"rgba(38, 166, 154, 1.0)",0.0,0.0,0.3157523975785089,2.027973082287308,0.4498047166130492,0.0,0.0,0.0,0.0,0.0,0.0,0.0,0.0,66.77779784688778,9.50627691405866,True,False,True,False,True,18.377778181949644,0,,,False,False,False,False,,,False,False,False,False,10845.0,2363.5962877219185,False,False,False,False,148.07486130214733,False,False,False,False
2024-06-27 17:00:00+00:00,2.19,2.19,2.19,2.19,0.0,,,,,,,,,,,,,,,,,,,,,,,"rgba(38, 166, 154, 1.0)",0.0,0.0,0.3250612832033954,2.027973082287308,0.49845037254501195,0.0,0.0,0.0,0.0,0.0,0.0,0.0,0.0,67.85750004365136,11.191261238011968,True,False,True,False,True,18.924198541284436,0,,,False,False,False,False,,,False,False,False,False,10845.0,2495.0909189200283,False,False,False,False,145.7791270183931,False,False,False,False
2024-06-28 17:00:00+00:00,2.19,2.19,2.19,2.19,0.0,,,,,,,,,,,,,,,,,,,,,,,"rgba(38, 166, 154, 1.0)",0.0,0.0,0.3338899451847804,2.027973082287308,0.48527043131839026,0.0,0.0,0.0,0.0,0.0,0.0,0.0,0.0,68.5773015081604,12.493112669697112,True,False,True,False,True,18.924198541284436,0,,,False,False,False,False,,,False,False,False,False,10845.0,2624.5468736654543,False,False,False,False,143.51898551423196,False,False,False,False
2024-07-01 17:00:00+00:00,2.04,2.04,2.04,2.04,0.0,,,,,,,,,,,,,,,,,,,,,,,"rgba(239, 83, 80, 1.0)",0.0,0.0,0.3388858666728827,2.027973082287308,0.035489581878318376,0.0,0.0,0.0,0.0,0.0,0.0,0.0,0.0,63.3046533685402,12.493112669697112,True,False,True,False,False,12.34198263309095,0,,,False,False,False,False,,,False,False,False,False,10845.0,2751.9957593450595,False,False,False,False,141.2938849636237,False,False,False,False
2024-07-02 17:00:00+00:00,2.04,2.04,2.04,2.04,1.0,,,,,,,,,,,,,,,,,,,,,,,"rgba(239, 83, 80, 1.0)",0.0,0.0,0.34368334734642497,2.0287257080997403,0.0328043007824162,0.0,0.0,0.0,0.0,0.0,0.0,0.0,0.0,59.7895546087934,15.8401022199821,True,False,True,False,False,12.34198263309095,0,,,False,False,False,False,,,False,False,False,False,10845.0,2877.468693308702,False,False,False,False,139.1187859719396,False,False,False,False
2024-07-03 17:00:00+00:00,2.2,2.2,2.2,2.2,0.0,,,,,,,,,,,,,,,,,,,,,,,"rgba(239, 83, 80, 1.0)",0.0,0.0,0.35175845264756495,2.0287257080997403,0.4869088165789256,0.0,0.0,0.0,0.0,0.0,0.0,0.0,0.0,61.37765126175569,15.8401022199821,True,False,True,False,False,16.866745609878564,0,,,False,False,False,False,,,False,False,False,False,10845.0,3000.9963104667063,False,False,False,False,136.96190556927385,False,False,False,False
2024-07-04 17:00:00+00:00,2.2,2.2,2.2,2.2,0.0,,,,,,,,,,,,,,,,,,,,,,,"rgba(239, 83, 80, 1.0)",0.0,0.0,0.3594405688323491,2.0287257080997403,0.47650239497630537,0.0,0.0,0.0,0.0,0.0,0.0,0.0,0.0,62.43638236373054,15.8401022199821,True,False,True,False,True,16.866745609878564,0,,,False,False,False,False,,,False,False,False,False,10845.0,3122.608770769548,False,False,False,False,134.838465172851,False,False,False,False
2024-07-05 17:00:00+00:00,2.2,2.2,2.2,2.2,0.0,,,,,,,,,,,,,,,,,,,,,,,"rgba(239, 83, 80, 1.0)",0.0,0.0,0.36674257608998345,2.0287257080997403,0.4670150210709003,0.0,0.0,0.0,0.0,0.0,0.0,0.0,0.0,63.14220309838044,15.8401022199821,True,False,True,False,True,16.866745609878564,0,,,False,False,False,False,,,False,False,False,False,10845.0,3242.3357665715703,False,False,False,False,132.74794633296182,False,False,False,False
2024-07-08 17:00:00+00:00,2.2,2.2,2.2,2.2,0.0,,,,,,,,,,,,,,,,,,,,,,,"rgba(239, 83, 80, 1.0)",0.0,0.0,0.37369203729640654,2.0287257080997403,0.45833005471403143,0.0,0.0,0.0,0.0,0.0,0.0,0.0,0.0,63.61275025481371,15.8401022199821,True,False,True,False,True,16.866745609878553,0,,,False,False,False,False,,,False,False,False,False,10845.0,3360.2065298805383,False,False,False,False,130.68983863787713,False,False,False,False
2024-07-09 17:00:00+00:00,2.2,2.2,2.2,2.2,0.0,,,,,,,,,,,,,,,,,,,,,,,"rgba(239, 83, 80, 1.0)",0.0,0.0,0.3803082794094648,2.0287257080997403,0.4503564638829615,0.0,0.0,0.0,0.0,0.0,0.0,0.0,0.0,63.92644835910256,15.8401022199821,True,False,True,False,True,16.866745609878553,0,,,False,False,False,False,,,False,False,False,False,10845.0,3476.2498394947934,False,False,False,False,128.66363958922787,False,False,False,False
2024-07-10 17:00:00+00:00,2.2,2.2,2.2,2.2,0.0,,,,,,,,,,,,,,,,,,,,,,,"rgba(239, 83, 80, 1.0)",0.0,0.0,0.38660841049188677,2.0287257080997403,0.4430175010480125,0.0,0.0,0.0,0.0,0.0,0.0,0.0,0.0,64.13558042862846,15.8401022199821,True,False,True,False,True,16.866745609878553,0,,,False,False,False,False,,,False,False,False,False,10845.0,3590.494028029758,False,False,False,False,126.66885447931736,False,False,False,False
2024-07-11 17:00:00+00:00,2.2,2.2,2.2,2.2,0.0,,,,,,,,,,,,,,,,,,,,,,,"rgba(239, 83, 80, 1.0)",0.0,0.0,0.3926076486338058,2.0287257080997403,0.4362479755457117,0.0,0.0,0.0,0.0,0.0,0.0,0.0,0.0,64.2750018083124,15.8401022199821,True,False,True,False,True,16.866745609878553,0,,,False,False,False,False,,,False,False,False,False,10845.0,3702.966988835498,False,False,False,False,124.7049962703357,False,False,False,False
2024-07-12 17:00:00+00:00,2.2,2.2,2.2,2.2,0.0,,,,,,,,,,,,,,,,,,,,,,,"rgba(239, 83, 80, 1.0)",0.0,0.0,0.3983195896456709,2.0287257080997403,0.4299921378524682,0.0,0.0,0.0,0.0,0.0,0.0,0.0,0.0,64.36794939476835,15.8401022199821,True,False,True,False,True,16.866745609878553,0,,,False,False,False,False,,,False,False,False,False,10845.0,3813.6961828070403,False,False,False,False,122.77158547544677,False,False,False,False
2024-07-15 17:00:00+00:00,2.2,2.2,2.2,2.2,0.0,,,,,,,,,,,,,,,,,,,,,,,"rgba(239, 83, 80, 1.0)",0.0,0.0,0.40375642688662233,2.0287257080997403,0.42420202006680363,0.0,0.0,0.0,0.0,0.0,0.0,0.0,0.0,64.42991445240565,15.8401022199821,True,False,True,False,True,16.866745609878553,0,,,False,False,False,False,,,False,False,False,False,10845.0,3922.7086450891015,False,False,False,False,120.8681500417189,False,False,False,False
2024-07-16 17:00:00+00:00,2.2,2.2,2.08,2.08,100.0,,,,,,,,,,,,,,,,,,,,,,,"rgba(239, 83, 80, 1.0)",0.0,0.0,0.40693330130589195,2.0971349264936454,-0.04210745701729879,0.0,0.0,0.0,0.0,0.0,0.0,0.0,0.0,56.92141742071939,10.407103067845156,True,False,True,False,False,11.263097973082282,0,,,False,False,False,False,,,False,False,False,False,10745.0,4028.480604079968,False,False,False,False,120.54461283176977,False,False,False,False
2024-07-17 17:00:00+00:00,2.08,2.08,2.08,2.08,0.0,,,,,,,,,,,,,,,,,,,,,,,"rgba(239, 83, 80, 1.0)",0.0,0.0,0.4099574247285811,2.0971349264936454,-0.04179684391614518,0.0,0.0,0.0,0.0,0.0,0.0,0.0,0.0,51.91575273292855,5.9957563773175195,False,False,False,False,False,11.263097973082282,0,,,False,False,False,False,,,False,False,False,False,10745.0,4132.612687737643,False,False,False,False,118.67570410569581,False,False,False,False
2024-07-18 17:00:00+00:00,2.08,2.08,2.08,2.08,0.0,,,,,,,,,,,,,,,,,,,,,,,"rgba(239, 83, 80, 1.0)",0.0,0.0,0.4128321540134532,2.0971349264936454,-0.04150579436960949,0.0,0.0,0.0,0.0,0.0,0.0,0.0,0.0,48.578642941068,3.2095209371159044,False,False,False,True,False,11.263097973082282,0,,,False,False,False,False,,,False,False,False,False,10745.0,4235.130320485896,False,False,False,False,116.83577070870828,False,False,False,False
2024-07-19 17:00:00+00:00,2.08,2.08,2.08,2.08,0.0,,,,,,,,,,,,,,,,,,,,,,,"rgba(239, 83, 80, 1.0)",0.0,0.0,0.4155605895698048,2.0971349264936454,-0.041233280834892694,0.0,0.0,0.0,0.0,0.0,0.0,0.0,0.0,46.353903079827624,1.3745795272193817,False,False,False,True,False,11.263097973082282,0,,,False,False,False,False,,,False,False,False,False,10745.0,4336.0585325713855,False,False,False,False,115.02436341089884,False,False,False,False
2024-07-22 17:00:00+00:00,2.08,2.08,2.08,2.08,0.0,,,,,,,,,,,,,,,,,,,,,,,"rgba(239, 83, 80, 1.0)",0.0,0.0,0.418145595144489,2.0971349264936454,-0.04097837378323791,0.0,0.0,0.0,0.0,0.0,0.0,0.0,0.0,44.870743172334045,0.08837956143954528,False,False,False,True,False,11.263097973082282,0,,,False,False,False,False,,,False,False,False,False,10745.0,4435.421966174929,False,False,False,False,113.24103994716397,False,False,False,False
2024-07-23 17:00:00+00:00,2.08,2.08,2.08,2.08,0.0,,,,,,,,,,,,,,,,,,,,,,,"rgba(239, 83, 80, 1.0)",0.0,0.0,0.4205898153697887,2.0971349264936454,-0.04074023161635539,0.0,0.0,0.0,0.0,0.0,0.0,0.0,0.0,43.88196990067166,-0.8841674759240163,False,True,False,True,False,11.263097973082282,0,,,False,False,False,False,,,False,False,False,False,10745.0,4533.244881428031,False,False,False,False,111.48536490922343,False,False,False,False
2024-07-24 17:00:00+00:00,2.08,2.08,2.08,2.08,0.0,,,,,,,,,,,,,,,,,,,,,,,"rgba(239, 83, 80, 1.0)",0.0,0.0,0.4228956913539862,2.0971349264936454,-0.04051809191714487,0.0,0.0,0.0,0.0,0.0,0.0,0.0,0.0,43.2227877195634,-1.676401153906383,False,True,False,True,False,11.263097973082282,0,,,False,False,False,False,,,False,False,False,False,10745.0,4629.551162336123,False,False,False,False,109.756909639313,False,False,False,False
2024-07-25 17:00:00+00:00,2.08,2.08,2.08,2.08,0.0,,,,,,,,,,,,,,,,,,,,,,,"rgba(239, 83, 80, 1.0)",0.0,0.0,0.4250654745538125,2.0971349264936454,-0.04031126383913378,0.0,0.0,0.0,0.0,0.0,0.0,0.0,0.0,42.78333293215789,-2.361095865631974,False,True,False,True,False,11.263097973082282,0,,,False,False,False,False,,,False,False,False,False,10745.0,4724.364322609981,False,False,False,False,108.05525212552519,False,False,False,False
2024-07-26 17:00:00+00:00,1.605,1.605,1.605,1.605,0.0,,,,,,,,,,,,,,,,,,,,,,,"rgba(239, 83, 80, 1.0)",0.0,0.0,0.4248268009563556,2.0971349264936454,-1.1584366273167515,0.0,0.0,0.0,0.0,0.0,0.0,0.0,0.0,31.58311223099771,-12.792470896329398,False,True,False,True,False,0.0,0,,,False,False,False,False,,,False,False,False,False,10745.0,4817.707511406726,False,False,False,False,106.37997689877285,False,False,False,False
2024-07-29 17:00:00+00:00,1.605,1.605,1.605,1.605,0.0,,,,,,,,,,,,,,,,,,,,,,,"rgba(239, 83, 80, 1.0)",0.0,0.0,0.42212075041145286,2.0971349264936454,-1.1658629101126818,0.0,0.0,0.0,0.0,0.0,0.0,0.0,0.0,24.116298430224255,-19.245518762836255,False,True,False,True,False,0.0,0,,,False,False,False,False,,,False,False,False,False,10745.0,4909.603518981815,False,False,False,False,104.73067493135001,False,False,False,False
2024-07-30 17:00:00+00:00,1.605,1.605,1.605,1.605,0.0,,,,,,,,,,,,,,,,,,,,,,,"rgba(239, 83, 80, 1.0)",0.0,0.0,0.41934902361112486,2.0971349264936454,-1.1735687906358814,0.0,0.0,0.0,0.0,0.0,0.0,0.0,0.0,19.138422563041953,-23.342324157647287,False,True,False,True,False,0.0,0,,,False,False,False,False,-0.09252118829247367,-0.09252118829247367,False,False,False,False,10745.0,5000.074782253414,False,False,False,False,103.1069435370655,False,False,False,False
2024-07-31 17:00:00+00:00,1.605,1.605,1.605,1.605,0.0,,,,,,,,,,,,,,,,,,,,,,,"rgba(239, 83, 80, 1.0)",0.0,0.0,0.4165103094016257,2.0971349264936454,-1.1815672154686037,0.0,0.0,0.0,0.0,0.0,0.0,0.0,0.0,15.819838651587075,-26.065934706811493,False,True,False,True,False,0.0,0,0.9617903930131004,0.8569868995633187,False,False,False,False,-0.09252118829247367,-0.09252118829247367,False,False,False,False,10745.0,5089.143390280493,False,False,False,False,101.50838627292495,False,False,False,False
2024-08-01 17:00:00+00:00,1.605,1.605,1.605,1.605,0.0,,,,,,,,,,,,,,,,,,,,,,,"rgba(239, 83, 80, 1.0)",0.0,0.0,0.4136032285060536,2.0971349264936454,-1.1898720623416084,0.0,0.0,0.0,0.0,0.0,0.0,0.0,0.0,13.607449377283823,-28.000871167482448,False,True,False,True,False,0.0,0,0.9617903930131004,0.8569868995633187,False,False,False,False,-0.09252118829247367,-0.09252118829247367,False,False,False,False,10745.0,5176.831089655989,False,False,False,False,99.93461284233696,False,False,False,False
2024-08-02 17:00:00+00:00,1.605,1.605,1.605,1.605,0.0,,,,,,,,,,,,,,,,,,,,,,,"rgba(239, 83, 80, 1.0)",0.0,0.0,0.41062632889524037,2.0971349264936454,-1.198498225424799,0.0,0.0,0.0,0.0,0.0,0.0,0.0,0.0,12.132523194414997,-29.48640210954907,False,True,False,True,False,0.0,0,0.9617903930131004,0.8569868995633187,False,False,False,False,-0.09252118829247367,-0.09252118829247367,False,False,False,False,10745.0,5263.159289816361,False,False,False,False,98.3852389998201,False,False,False,False
2024-08-05 17:00:00+00:00,1.605,1.605,1.605,1.605,0.0,,,,,,,,,,,,,,,,,,,,,,,"rgba(239, 83, 80, 1.0)",0.0,0.0,0.40757808073041907,2.0971349264936454,-1.2074617104327405,0.0,0.0,0.0,0.0,0.0,0.0,0.0,0.0,11.149239072502446,-30.71338785299839,False,True,False,True,False,0.0,0,0.9617903930131004,0.8569868995633187,False,False,False,False,-0.09252118829247367,-0.09252118829247367,False,False,False,False,10745.0,5348.14906826882,False,False,False,False,96.85988645718723,False,False,False,False
2024-08-06 17:00:00+00:00,1.605,1.605,1.605,1.605,0.0,,,,,,,,,,,,,,,,,,,,,,,"rgba(239, 83, 80, 1.0)",0.0,0.0,0.4044568708284734,2.0971349264936454,-1.2167797409043286,0.0,0.0,0.0,0.0,0.0,0.0,0.0,0.0,10.493716324560737,-31.78482228690943,False,True,False,True,False,0.0,0,0.9617903930131004,0.8569868995633187,False,False,False,False,-0.09252118829247367,-0.09252118829247367,False,False,False,False,10745.0,5431.82117573752,False,False,False,False,95.35818279118432,False,False,False,False
2024-08-07 17:00:00+00:00,1.605,1.605,1.32,1.32,4.0,,,,,,,,,,,,,,,,,,,,,,,"rgba(239, 83, 80, 1.0)",0.0,0.0,0.40374625203961473,1.9617278625952024,-1.589433609236916,0.0,0.0,0.0,0.0,0.0,0.0,0.0,0.0,8.385784700935034,-34.257002682734125,False,True,False,True,False,0.0,0,0.905447070914697,0.865364850976362,False,False,False,False,-0.19585349701359392,-0.1441873426530338,False,False,False,False,10741.0,5514.134025726085,False,False,False,False,93.94177685643727,False,False,False,False
2024-08-08 17:00:00+00:00,1.32,1.32,1.32,1.32,0.0,,,,,,,,,,,,,,,,,,,,,,,"rgba(239, 83, 80, 1.0)",0.0,0.0,0.4030332626605537,1.9617278625952024,-1.5922454101156511,0.0,0.0,0.0,0.0,0.0,0.0,0.0,0.0,6.980496951851232,-36.049169375770134,False,True,False,True,False,0.0,0,0.905447070914697,0.9239465570400824,False,False,False,False,-0.3035041789729303,-0.22384576081298205,False,False,False,False,10741.0,5595.170707497774,False,False,False,False,92.48531519974831,False,False,False,False
2024-08-09 17:00:00+00:00,1.32,1.32,1.32,1.32,0.0,,,,,,,,,,,,,,,,,,,,,,,"rgba(239, 83, 80, 1.0)",0.0,0.0,0.4023178900877822,1.9617278625952024,-1.5950766257378786,1.0,1.32,1.32,0.0,0.0,0.0,0.0,0.0,6.043638452462031,-37.418757896244976,False,True,False,True,False,0.0,0,0.905447070914697,0.9239465570400824,False,False,False,False,-0.3035041789729303,-0.2636749698929562,False,False,False,False,10741.0,5674.951006606335,False,False,False,False,91.05143434393825,False,False,False,False
2024-08-12 17:00:00+00:00,1.35,1.35,1.35,1.35,0.0,,,,,,,,,,,,,,,,,,,,,,,"rgba(239, 83, 80, 1.0)",0.0,0.0,0.40120872553004316,1.9617278625952024,-1.524712259901723,0.0,0.0,0.0,0.0,0.0,0.0,0.0,0.0,7.834904754719573,-37.418757896244976,False,True,False,True,False,0.0,0,0.906026557711951,0.9244126659856997,False,False,False,False,-0.280346574212553,-0.2720107720527546,False,False,False,False,10741.0,5753.494401852748,False,False,False,False,89.63978419907099,False,False,False,False
2024-08-13 17:00:00+00:00,1.35,1.35,1.35,1.35,0.0,,,,,,,,,,,,,,,,,,,,,,,"rgba(239, 83, 80, 1.0)",0.0,0.0,0.40009360391274934,1.9617278625952024,-1.5289618644556118,0.0,0.0,0.0,0.0,0.0,0.0,0.0,0.0,9.029082289557934,-37.418757896244976,False,True,False,True,True,0.0,0,0.906026557711951,0.9244126659856997,False,False,False,False,-0.280346574212553,-0.27617867313265376,False,False,False,False,10741.0,5830.820070041077,False,False,False,False,88.25002010296136,False,False,False,False
2024-08-14 17:00:00+00:00,1.35,1.35,1.35,1.35,0.0,,,,,,,,,,,,,,,,,,,,,,,"rgba(239, 83, 80, 1.0)",0.0,0.0,0.3989724752862484,1.9617278625952024,-1.5332583084993758,0.0,0.0,0.0,0.0,0.0,0.0,0.0,0.0,9.82520064611684,-37.418757896244976,False,True,False,True,True,0.0,0,0.906026557711951,0.9244126659856997,False,False,False,False,-0.280346574212553,-0.27826262367260335,False,False,False,False,10741.0,5906.946890660595,False,False,False,False,86.88180273702397,False,False,False,False
2024-08-15 17:00:00+00:00,1.35,1.35,1.35,1.35,0.0,,,,,,,,,,,,,,,,,,,,,,,"rgba(239, 83, 80, 1.0)",0.0,0.0,0.3978452888672605,1.9617278625952024,-1.5376023788968451,0.0,0.0,0.0,0.0,0.0,0.0,0.0,0.0,10.355946217156113,-37.418757896244976,False,True,False,True,True,0.0,0,0.906026557711951,0.9244126659856997,False,False,False,False,-0.280346574212553,-0.2793045989425782,False,False,False,False,10741.0,5981.893450495314,False,False,False,False,85.5347980434267,False,False,False,False
2024-08-16 17:00:00+00:00,1.35,1.35,1.35,1.35,0.0,,,,,,,,,,,,,,,,,,,,,,,"rgba(239, 83, 80, 1.0)",0.0,0.0,0.3967119930193761,1.9617278625952024,-1.541994881322694,0.0,0.0,0.0,0.0,0.0,0.0,0.0,0.0,10.709776597848961,-37.418757896244976,False,True,False,True,True,0.0,0,0.906026557711951,0.9244126659856997,False,False,False,False,-0.280346574212553,-0.2798255865775656,False,False,False,False,10741.0,6055.678048162053,False,False,False,False,84.20867714352862,False,False,False,False
2024-08-19 17:00:00+00:00,1.35,1.35,1.35,1.35,0.0,,,,,,,,,,,,,,,,,,,,,,,"rgba(239, 83, 80, 1.0)",0.0,0.0,0.39557253523295915,1.9617278625952024,-1.5464366408424834,0.0,0.0,0.0,0.0,0.0,0.0,0.0,0.0,10.945663518310859,-37.418757896244976,False,True,False,True,True,0.0,0,0.906026557711951,0.9244126659856997,False,False,False,False,-0.280346574212553,-0.28008608039505933,False,False,False,False,10741.0,6128.318698578145,False,False,False,False,82.90311625758244,False,False,False,False
2024-08-20 17:00:00+00:00,1.35,1.35,1.35,1.35,0.0,,,,,,,,,,,,,,,,,,,,,,,"rgba(239, 83, 80, 1.0)",0.0,0.0,0.39442686210443334,1.9617278625952024,-1.5509285025147035,0.0,0.0,0.0,0.0,0.0,0.0,0.0,0.0,11.102921465285458,-37.418757896244976,False,True,False,True,True,0.0,0,0.906026557711951,0.9244126659856997,False,False,False,False,-0.280346574212553,-0.2802163273038062,False,False,False,False,10741.0,6199.8331373598785,False,False,False,False,81.61779662568193,False,False,False,False
2024-08-21 17:00:00+00:00,1.35,1.35,1.35,1.35,0.0,,,,,,,,,,,,,,,,,,,,,,,"rgba(239, 83, 80, 1.0)",0.0,0.0,0.39327491931492686,1.9617278625952024,-1.555471332015817,0.0,0.0,0.0,0.0,0.0,0.0,0.0,0.0,11.207760096601858,-37.418757896244976,False,True,False,True,True,0.0,0,0.906026557711951,0.9244126659856997,False,False,False,False,-0.280346574212553,-0.28028145075817956,False,False,False,False,10741.0,6270.238825152748,False,False,False,False,80.35240442993492,False,False,False,False
2024-08-22 17:00:00+00:00,1.35,1.35,1.35,1.35,0.0,,,,,,,,,,,,,,,,,,,,,,,"rgba(239, 83, 80, 1.0)",0.0,0.0,0.3921166516082536,1.9617278625952024,-1.5600660162893376,0.0,0.0,0.0,0.0,0.0,0.0,0.0,0.0,11.277652517479456,-37.418757896244976,False,True,False,True,True,0.0,0,0.906026557711951,0.9244126659856997,False,False,False,False,-0.280346574212553,-0.28031401248536625,False,False,False,False,10741.0,6339.552951894566,False,False,False,False,79.1066307178429,False,False,False,False
2024-08-23 17:00:00+00:00,1.35,1.35,1.35,1.35,0.0,,,,,,,,,,,,,,,,,,,,,,,"rgba(239, 83, 80, 1.0)",0.0,0.0,0.39095200276820247,1.9617278625952024,-1.5647134642200542,0.0,0.0,0.0,0.0,0.0,0.0,0.0,0.0,11.32424746473119,-37.418757896244976,False,True,False,True,True,0.0,0,0.9013933547695606,0.9699892818863881,False,False,False,False,-0.280346574212553,-0.28033029334895965,False,False,False,False,10741.0,6407.79244101248,False,False,False,False,77.88017132686859,False,False,False,False
2024-08-26 17:00:00+00:00,1.49,1.49,1.49,1.49,0.0,,,,,,,,,,,,,,,,,,,,,,,"rgba(38, 166, 154, 1.0)",0.0,0.0,0.388252228316584,1.9617278625952024,-1.215003619272345,0.0,0.0,0.0,0.0,0.0,0.0,0.0,0.0,27.124089679638733,-26.692791195561135,False,True,False,True,True,0.0,0,0.8563995837669096,0.9708636836628515,False,False,False,False,-0.17565557301772677,-0.2279929331833432,False,False,False,False,10741.0,6474.9739535549215,False,False,False,False,76.67272681017295,False,False,False,False
2024-08-27 17:00:00+00:00,1.49,1.49,1.49,1.49,0.0,,,,,,,,,,,,,,,,,,,,,,,"rgba(38, 166, 154, 1.0)",0.0,0.0,0.38551092808852483,1.9617278625952024,-1.2236432957534205,0.0,0.0,0.0,0.0,0.0,0.0,0.0,0.0,37.65731782291043,-17.856970403799437,False,False,False,True,True,0.0,0,0.8563995837669096,0.9708636836628515,False,False,False,False,-0.17565557301772677,-0.20182425310053498,False,False,False,False,10741.0,6541.113892259496,False,False,False,False,75.48400236350359,False,False,False,False
2024-08-28 17:00:00+00:00,1.49,1.49,1.49,1.49,0.0,,,,,,,,,,,,,,,,,,,,,,,"rgba(38, 166, 154, 1.0)",0.0,0.0,0.38272720979454433,1.9617278625952024,-1.2325433115885212,0.0,0.0,0.0,0.0,0.0,0.0,0.0,0.0,44.67946991842489,-12.402802693734415,True,False,False,False,True,0.0,0,0.8563995837669096,0.9708636836628515,False,False,False,False,-0.17565557301772677,-0.18873991305913088,False,False,False,False,10741.0,6606.228405557798,False,False,False,False,74.31370775321672,False,False,False,False
2024-08-29 17:00:00+00:00,1.49,1.49,1.49,1.49,0.0,,,,,,,,,,,,,,,,,,,,,,,"rgba(38, 166, 154, 1.0)",0.0,0.0,0.3799001409806492,1.9617278625952024,-1.241715418629525,0.0,0.0,0.0,0.0,0.0,0.0,0.0,0.0,49.36090464876787,-8.909730538627016,True,False,True,False,True,0.0,0,0.8563995837669096,0.9708636836628515,False,False,False,False,-0.17565557301772677,-0.18219774303842884,False,False,False,False,10741.0,6670.333391518142,False,False,False,False,73.16155724541491,False,False,False,False
2024-08-30 17:00:00+00:00,1.49,1.49,1.49,1.49,0.0,,,,,,,,,,,,,,,,,,,,,,,"rgba(38, 166, 154, 1.0)",0.0,0.0,0.3770287464845031,1.9617278625952024,-1.2511721373865896,0.0,0.0,0.0,0.0,0.0,0.0,0.0,0.0,52.48186113566319,-6.530596341076198,True,False,True,False,True,0.0,0,0.8563995837669096,0.9708636836628515,False,False,False,False,-0.17565557301772677,-0.1789266580280778,False,False,False,False,10741.0,6733.444501727163,False,False,False,False,72.02726953618367,False,False,False,False
2024-09-02 17:00:00+00:00,1.49,1.49,1.49,1.49,0.0,,,,,,,,,,,,,,,,,,,,,,,"rgba(38, 166, 154, 1.0)",0.0,0.0,0.3741120056785037,1.9617278625952024,-1.2609268225425132,0.0,0.0,0.0,0.0,0.0,0.0,0.0,0.0,54.5624987935934,-4.772290415049916,True,False,True,False,True,0.0,0,0.8563995837669096,0.9708636836628515,False,False,False,False,-0.17565557301772677,-0.17729111552290228,False,False,False,False,10741.0,6795.577145111238,False,False,False,False,70.9105676829095,False,False,False,False
2024-09-03 17:00:00+00:00,1.49,1.49,1.49,1.49,0.0,,,,,,,,,,,,,,,,,,,,,,,"rgba(38, 166, 154, 1.0)",0.0,0.0,0.3711488494774953,1.9617278625952024,-1.2709937354226009,0.0,0.0,0.0,0.0,0.0,0.0,0.0,0.0,55.94959056554688,-3.35680856036457,True,False,True,False,True,0.0,0,0.8563995837669096,0.9708636836628515,False,False,False,False,-0.17565557301772677,-0.17647334427031452,False,False,False,False,10741.0,6856.74649169866,False,False,False,False,69.81117903666284,False,False,False,False
2024-09-04 17:00:00+00:00,1.49,1.49,1.49,1.49,0.0,,,,,,,,,,,,,,,,,,,,,,,"rgba(38, 166, 154, 1.0)",0.0,0.0,0.36813815708603576,1.9617278625952024,-1.2813881243094212,0.0,0.0,0.0,0.0,0.0,0.0,0.0,0.0,56.87431841351586,-2.1341278792076253,True,False,True,False,True,0.0,0,0.8563995837669096,0.9708636836628515,False,False,False,False,-0.17565557301772677,-0.17606445864402065,False,False,False,False,10741.0,6916.967476323487,False,False,False,False,68.7288351756293,False,False,False,False
2024-09-05 17:00:00+00:00,1.49,1.49,1.49,1.49,0.0,,,,,,,,,,,,,,,,,,,,,,,"rgba(38, 166, 154, 1.0)",0.0,0.0,0.3650787524569124,1.9617278625952024,-1.2921263136256527,0.0,0.0,0.0,0.0,0.0,0.0,0.0,0.0,57.490803645495184,-1.0282635054769997,True,False,True,False,True,0.0,0,0.8563995837669096,0.9708636836628515,False,False,False,False,-0.17565557301772677,-0.1758600158308737,False,False,False,False,10741.0,6976.25480227196,False,False,False,False,67.66327183957303,False,False,False,False
2024-09-06 17:00:00+00:00,1.49,1.49,1.49,1.49,0.0,,,,,,,,,,,,,,,,,,,,,,,"rgba(38, 166, 154, 1.0)",0.0,0.0,0.36196940042888553,1.9617278625952024,-1.3032258031653163,0.0,0.0,0.0,0.0,0.0,0.0,0.0,0.0,57.90179380014806,-0.004407029529694739,True,False,True,False,True,0.0,0,0.8370720188902008,0.9669421487603309,False,False,False,False,-0.17565557301772677,-0.17575779442430023,False,False,False,False,10741.0,7034.622944872394,False,False,False,False,66.61422886531608,False,False,False,False
2024-09-09 17:00:00+00:00,1.49,1.49,1.49,1.49,0.0,,,,,,,,,,,,,,,,,,,,,,,"rgba(38, 166, 154, 1.0)",0.0,0.0,0.3588088025073476,1.9617278625952024,-1.3147053787387015,0.0,0.0,0.0,0.0,0.0,0.0,0.0,0.0,58.17578723658332,0.950669542077577,True,False,True,False,True,0.0,0,0.8370720188902008,0.9669421487603309,False,False,False,False,-0.17565557301772677,-0.1757066837210135,False,False,False,False,10741.0,7092.086155029411,False,False,False,False,65.58145012321815,False,False,False,False
2024-09-10 17:00:00+00:00,1.49,1.49,1.49,1.49,0.0,,,,,,,,,,,,,,,,,,,,,,,"rgba(38, 166, 154, 1.0)",0.0,0.0,0.35559559224662113,1.9617278625952024,-1.3265852358148422,0.0,0.0,0.0,0.0,0.0,0.0,0.0,0.0,58.35844952754015,1.8399635182290552,True,False,True,False,True,0.0,0,0.8370720188902008,0.9669421487603309,False,False,False,False,-0.17565557301772677,-0.17568112836937014,False,False,False,False,10741.0,7148.6584627033735,False,False,False,False,64.56468345464111,False,False,False,False
2024-09-11 17:00:00+00:00,1.49,1.49,1.49,1.49,0.0,,,,,,,,,,,,,,,,,,,,,,,"rgba(38, 166, 154, 1.0)",0.0,0.0,0.3523283301868475,1.9617278625952024,-1.3388871180044895,0.0,0.0,0.0,0.0,0.0,0.0,0.0,0.0,58.480224388178044,2.66254461170017,True,False,True,False,True,0.0,0,0.8370720188902008,0.9669421487603309,False,False,False,False,-0.17565557301772677,-0.17566835069354847,False,False,False,False,10741.0,7204.353680335879,False,False,False,False,63.56368061038311,False,False,False,False
2024-09-12 17:00:00+00:00,1.49,1.49,1.49,1.49,0.0,,,,,,,,,,,,,,,,,,,,,,,"rgba(38, 166, 154, 1.0)",0.0,0.0,0.3490054982917,1.9617278625952024,-1.351634472534672,0.0,0.0,0.0,0.0,0.0,0.0,0.0,0.0,58.561407628603305,3.416832708155283,True,False,True,False,True,0.0,1,0.8370720188902008,0.9669421487603309,False,False,False,False,-0.17565557301772677,-0.17566196185563762,False,False,False,False,10741.0,7259.185406222145,False,False,False,False,62.57819719006709,False,False,False,False
2024-09-13 17:00:00+00:00,1.49,1.49,1.49,1.49,0.0,,,,,,,,,,,,,,,,,,,,,,,"rgba(38, 166, 154, 1.0)",0.0,0.0,0.3456254938252993,1.9617278625952024,-1.3648526252338409,0.0,0.0,0.0,0.0,0.0,0.0,0.0,0.0,58.61552978888681,4.102112757087461,True,False,True,False,True,0.0,0,0.8370720188902008,0.9669421487603309,False,False,False,False,-0.17565557301772677,-0.17565876743668218,False,False,False,False,10741.0,7313.167027831103,False,False,False,False,61.607992582469144,False,False,False,False
2024-09-16 17:00:00+00:00,1.49,1.49,1.49,1.49,0.0,,,,,,,,,,,,,,,,,,,,,,,"rgba(38, 166, 154, 1.0)",0.0,0.0,0.3421866225975011,1.9617278625952024,-1.378568977987415,0.0,0.0,0.0,0.0,0.0,0.0,0.0,0.0,58.65161122907582,4.719063783264701,True,False,True,False,True,0.0,0,0.8370720188902008,0.9669421487603309,False,False,False,False,-0.17565557301772677,-0.17565717022720448,False,False,False,False,10741.0,7366.3117250740315,False,False,False,False,60.65282990677195,False,False,False,False
2024-09-17 17:00:00+00:00,1.49,1.49,1.49,1.49,0.0,,,,,,,,,,,,,,,,,,,,,,,"rgba(38, 166, 154, 1.0)",0.0,0.0,0.33868709149589077,1.9617278625952024,-1.392813232153921,0.0,0.0,0.0,0.0,0.0,0.0,0.0,0.0,58.675665522535155,5.269771080243011,True,False,True,False,True,0.0,0,0.8370720188902008,0.9669421487603309,False,False,False,False,-0.17565557301772677,-0.1756563716224656,False,False,False,False,10741.0,7418.632473522496,False,False,False,False,59.71247595472897,False,False,False,False
2024-09-18 17:00:00+00:00,1.49,1.49,1.49,1.49,0.0,,,,,,,,,,,,,,,,,,,,,,,"rgba(38, 166, 154, 1.0)",0.0,0.0,0.33566482370643763,1.9617278625952024,-1.4053538806549517,0.0,0.0,0.0,0.0,0.0,0.0,0.0,0.0,58.69170171817471,5.757497356262441,True,False,True,False,True,0.0,0,0.8366863905325445,0.9668639053254441,False,False,False,False,-0.17565557301772677,-0.1756559723200962,False,False,False,False,10741.0,7470.142047576411,False,False,False,False,58.78670113372542,False,False,False,False
2024-09-19 17:00:00+00:00,1.49,1.49,1.49,1.49,0.0,,,,,,,,,,,,,,,,,,,,,,,"rgba(38, 166, 154, 1.0)",0.0,0.0,0.3370690441742471,1.9617278625952024,-1.3994992146218674,0.0,0.0,0.0,0.0,0.0,0.0,0.0,0.0,58.70239251526775,6.186368899565792,True,False,True,False,True,0.0,0,0.8366863905325445,0.9668639053254441,False,False,False,False,-0.17565557301772677,-0.17565577266891147,False,False,False,False,10741.0,7520.853023582978,False,False,False,False,57.87527941072192,False,False,False,False
2024-09-20 17:00:00+00:00,1.49,1.49,1.49,1.49,0.0,,,,,,,,,,,,,,,,,,,,,,,"rgba(38, 166, 154, 1.0)",0.0,0.0,0.33621486051695043,1.9617278625952024,-1.4030547664368334,0.0,0.0,0.0,0.0,0.0,0.0,0.0,0.0,58.709519713329776,6.561060000024284,True,False,True,False,True,0.0,0,0.8366863905325445,0.9668639053254441,False,False,False,False,-0.17565557301772677,-0.17565567284331912,False,False,False,False,10741.0,7570.777782907272,False,False,False,False,56.97798825706732,False,False,False,False
2024-09-23 17:00:00+00:00,1.49,1.49,1.49,1.49,0.0,,,,,,,,,,,,,,,,,,,,,,,"rgba(38, 166, 154, 1.0)",0.0,0.0,0.33462965948793155,1.9617278625952024,-1.4097012898290784,0.0,0.0,0.0,0.0,0.0,0.0,0.0,0.0,58.71427117870446,6.88651560492746,True,False,True,False,True,0.0,0,0.8366863905325445,0.9668639053254441,False,False,False,False,-0.17565557301772677,-0.17565562293052295,False,False,False,False,10741.0,7619.928514955221,False,False,False,False,56.09460859416705,False,False,False,False
2024-09-24 17:00:00+00:00,1.49,1.49,1.49,1.49,0.0,,,,,,,,,,,,,,,,,,,,,,,"rgba(38, 166, 154, 1.0)",0.0,0.0,0.33280825310279394,1.9617278625952024,-1.4174163597123914,0.0,0.0,0.0,0.0,0.0,0.0,0.0,0.0,58.71743882228758,7.167727356401585,True,False,True,False,True,0.0,0,0.8366863905325445,0.9668639053254441,False,False,False,False,-0.17565557301772677,-0.17565559797412486,False,False,False,False,10741.0,7668.317220149713,False,False,False,False,55.22492473999392,False,False,False,False
2024-09-25 17:00:00+00:00,1.49,1.49,1.49,1.49,0.0,,,,,,,,,,,,,,,,,,,,,,,"rgba(38, 166, 154, 1.0)",0.0,0.0,0.32967223690172004,1.9617278625952024,-1.4308995717338222,0.0,0.0,0.0,0.0,0.0,0.0,0.0,0.0,58.719550584676334,7.409564630237149,True,False,True,False,True,0.0,0,0.8366863905325445,0.9668639053254441,False,False,False,False,-0.17565557301772677,-0.1756555854959258,False,False,False,False,10741.0,7715.955712860569,False,False,False,False,54.36872435642812,False,False,False,False
2024-09-26 17:00:00+00:00,1.49,1.49,1.49,1.49,0.0,,,,,,,,,,,,,,,,,,,,,,,"rgba(38, 166, 154, 1.0)",0.0,0.0,0.33001594283083147,1.9617278625952024,-1.4294093144373132,0.0,0.0,0.0,0.0,0.0,0.0,0.0,0.0,58.72095842626884,7.6166554531739195,True,False,True,False,True,0.0,0,0.8366863905325445,0.9668639053254441,False,False,False,False,-0.17565557301772677,-0.1756555792568263,False,False,False,False,10741.0,7762.855624289087,False,False,False,False,53.52579839741372,False,False,False,False
2024-09-27 17:00:00+00:00,1.49,1.49,1.49,1.49,0.0,,,,,,,,,,,,,,,,,,,,,,,"rgba(38, 166, 154, 1.0)",0.0,0.0,0.32966360140314277,1.9617278625952024,-1.4309370539768218,0.0,0.0,0.0,0.0,0.0,0.0,0.0,0.0,58.72189698733051,7.7933093851135595,True,False,True,False,True,0.0,0,0.8366863905325445,0.9668639053254441,False,False,False,False,-0.17565557301772677,-0.17565557613727653,False,False,False,False,10741.0,7809.02840530786,False,False,False,False,52.69594105791894,False,False,False,False
2024-09-30 17:00:00+00:00,1.52,1.825,1.52,1.825,52.0,,,,,,,,,,,,,,,,,,,,,1.7233333333333332,,"rgba(38, 166, 154, 1.0)",0.0,0.0,0.3283818777850839,1.7233333333333332,0.30959889550666553,0.0,0.0,0.0,0.0,0.0,0.0,0.0,0.0,71.9370734853211,19.836569574755657,True,False,True,False,True,11.328397752194295,0,0.8486842105263157,0.9024122807017544,False,False,False,False,-0.04438399105727905,-0.11001978359727779,False,False,False,False,10793.0,7855.291530806962,False,False,False,False,52.68515127407523,False,False,False,False
2024-10-01 17:00:00+00:00,1.68,2.63,1.68,2.57,219.0,,,,,,,,,,,,,,,,,,,,,2.1839606396063957,,"rgba(38, 166, 154, 1.0)",0.0,0.0,0.34193441497477883,2.190796432964329,1.108995030709737,0.0,0.0,0.0,0.0,0.0,0.0,0.0,0.0,81.13146301051904,27.44551386651341,True,False,True,False,True,20.0,0,0.9038112522686027,0.7731397459165156,False,False,False,False,0.30739397778317346,0.09868709709294783,False,False,False,False,11012.0,7904.2327473835985,False,False,False,False,55.26367606052368,False,True,False,False
2024-10-02 17:00:00+00:00,2.39,2.39,1.96,1.96,354.0,,,,,,,,,,,,,,,,,,,,,2.138293333333333,,"rgba(38, 166, 154, 1.0)",0.0,0.0,0.34211158023857274,2.1406469458987782,-0.5280351684465152,0.0,0.0,0.0,0.0,0.0,0.0,0.0,0.0,74.187273268648,29.434888370482255,True,False,True,False,False,9.040966263865332,0,0.9297385620915033,0.8055555555555557,False,False,False,False,0.32304540942015186,0.21086625325654984,False,False,False,False,10658.0,7946.926813315636,False,False,False,False,59.89524697431401,False,False,False,False
2024-10-03 17:00:00+00:00,1.84,1.84,1.84,1.84,0.0,,,,,,,,,,,,,,,,,,,,,2.138293333333333,,"rgba(239, 83, 80, 1.0)",0.0,0.0,0.33957781153969735,2.1406469458987782,-0.8853550958927477,0.0,0.0,0.0,0.0,0.0,0.0,0.0,0.0,67.94536524548667,24.606732758573997,True,False,True,False,False,5.393593247346207,0,0.9310897435897436,0.8782051282051282,False,False,False,False,0.07465446736693555,0.1427603603117427,False,False,False,False,10658.0,7988.95895574485,False,False,False,False,58.96663849409209,False,False,False,False
2024-10-04 17:00:00+00:00,1.82,1.82,1.82,1.82,0.0,,,,,,,,,,,,,,,,,,,,,2.138293333333333,,"rgba(239, 83, 80, 1.0)",0.0,0.0,0.33689970972741207,2.1406469458987782,-0.9517578574294882,0.0,0.0,0.0,0.0,0.0,0.0,0.0,0.0,63.510134099134554,21.25337156953556,True,False,True,False,False,4.80456038183317,0,0.9313099041533547,0.8785942492012779,False,False,False,False,0.06039586622894775,0.10157811327034522,False,False,False,False,10658.0,8030.3394370511305,False,False,False,False,58.05242704457128,False,False,False,False
2024-10-07 17:00:00+00:00,1.82,1.82,1.82,1.82,0.0,,,,,,,,,,,,,,,,,,,,,2.138293333333333,,"rgba(239, 83, 80, 1.0)",0.0,0.0,0.3341578765890258,2.1406469458987782,-0.9595672236484061,0.0,0.0,0.0,0.0,0.0,0.0,0.0,0.0,60.55331333489981,18.97490015558901,True,False,True,False,False,4.80456038183317,0,0.9313099041533547,0.8785942492012779,False,False,False,False,0.06039586622894775,0.08098698974964648,False,False,False,False,10658.0,8071.078360507701,False,False,False,False,57.152389415973275,False,False,False,False
2024-10-08 17:00:00+00:00,1.82,1.82,1.82,1.82,0.0,,,,,,,,,,,,,,,,,,,,,2.138293333333333,,"rgba(239, 83, 80, 1.0)",0.0,0.0,0.33013749524367253,2.1406469458987782,-0.9712527371727666,0.0,0.0,0.0,0.0,0.0,0.0,0.0,0.0,58.58209949207665,17.298087808405043,True,False,True,False,False,4.80456038183317,0,0.9313099041533547,0.8785942492012779,False,False,False,False,0.06039586622894775,0.07069142798929712,False,False,False,False,10658.0,8111.185672747892,False,False,False,False,56.26630585913648,False,False,False,False
2024-10-09 17:00:00+00:00,1.82,1.82,1.82,1.82,0.0,,,,,,,,,,,,,,,,,,,,,2.138293333333333,,"rgba(239, 83, 80, 1.0)",0.0,0.0,0.3259998480074815,2.1406469458987782,-0.9835800472257261,0.0,0.0,0.0,0.0,0.0,0.0,0.0,0.0,57.26795693019454,15.955136927267091,True,False,True,False,False,4.80456038183317,0,0.9313099041533547,0.8785942492012779,False,False,False,False,0.06039586622894775,0.06554364710912243,False,False,False,False,10658.0,8150.671166193661,False,False,False,False,55.393960031863045,False,False,False,False
2024-10-10 17:00:00+00:00,1.82,1.82,1.82,1.82,0.0,,,,,,,,,,,,,,,,,,,,,2.138293333333333,,"rgba(239, 83, 80, 1.0)",0.0,0.0,0.32133767426322896,2.1406469458987782,-0.9978504594394837,0.0,0.0,0.0,0.0,0.0,0.0,0.0,0.0,56.3918618889398,14.800726865931182,True,False,True,False,False,4.80456038183317,0,0.9732888146911519,0.8731218697829717,False,False,False,False,0.06039586622894775,0.06296975666903509,False,False,False,False,10658.0,8189.544481446472,False,False,False,False,54.535138946097724,False,False,False,False
2024-10-11 17:00:00+00:00,1.65,1.67,1.65,1.67,1.0,,,,,,,,,,,,,,,,,,,,,2.1375346112886047,,"rgba(239, 83, 80, 1.0)",0.0,0.0,0.3162072960164806,2.1398798275836475,-1.4859866723605186,0.0,0.0,0.0,0.0,0.0,0.0,0.0,0.0,52.7687128119484,11.025416484707321,False,False,False,False,False,0.23108548013270536,0,0.9707792207792209,0.8327922077922079,False,False,False,False,-0.0532761845693813,0.004846786049826895,False,False,False,False,10657.0,8227.79960576513,False,False,False,False,53.70513679189465,False,False,False,False
2024-10-14 17:00:00+00:00,1.67,1.67,1.67,1.67,0.0,,,,,,,,,,,,,,,,,,,,,2.1375346112886047,,"rgba(239, 83, 80, 1.0)",0.0,0.0,0.31360865324060744,2.1398798275836475,-1.4982999439851088,0.0,0.0,0.0,0.0,0.0,0.0,0.0,0.0,50.35328009395413,8.423875656893351,False,False,False,False,False,0.23108548013270536,0,0.974025974025974,0.8327922077922079,False,False,False,False,-0.046161823816266837,-0.02065751888321997,False,False,False,False,10657.0,8265.461627381175,False,False,False,False,52.87249901217535,False,False,False,False
2024-10-15 17:00:00+00:00,1.62,1.62,1.62,1.62,0.0,,,,,,,,,,,,,,,,,,,,,2.1375346112886047,,"rgba(239, 83, 80, 1.0)",0.0,0.0,0.3109928448526585,2.1398798275836475,-1.6716777771204185,0.0,0.0,0.0,0.0,0.0,0.0,0.0,0.0,47.74506179356461,5.634546173740603,False,False,False,True,False,0.0,0,0.9742351046698873,0.8341384863123995,False,False,False,False,-0.08179485648147045,-0.05122618768234521,False,False,False,False,10657.0,8302.539741685343,False,False,False,False,52.05277034531992,False,False,False,False
2024-10-16 17:00:00+00:00,1.62,1.62,1.62,1.62,0.0,,,,,,,,,,,,,,,,,,,,,2.1375346112886047,,"rgba(239, 83, 80, 1.0)",0.0,0.0,0.30512577527757123,2.1398798275836475,-1.703821406469891,0.0,0.0,0.0,0.0,0.0,0.0,0.0,0.0,46.00624959330493,3.638124661331382,False,True,False,True,False,0.0,0,0.9742351046698873,0.8341384863123995,False,False,False,False,-0.08179485648147045,-0.06651052208190783,False,False,False,False,10657.0,8339.043001504175,False,False,False,False,51.24575065004364,False,False,False,False
2024-10-17 17:00:00+00:00,1.62,1.62,1.62,1.62,0.0,,,,,,,,,,,,,,,,,,,,,2.1375346112886047,,"rgba(239, 83, 80, 1.0)",0.0,0.0,0.2989409685919661,2.1398798275836475,-1.7390718643627854,0.0,0.0,0.0,0.0,0.0,0.0,0.0,0.0,44.847041459798476,2.124692378678816,False,True,False,True,False,0.0,0,0.9742351046698873,0.8341384863123995,False,False,False,False,-0.08179485648147045,-0.07415268928168914,False,False,False,False,10657.0,8374.98031931031,False,False,False,False,50.45124288802746,False,False,False,False
2024-10-18 17:00:00+00:00,1.62,1.62,1.62,1.62,0.0,,,,,,,,,,,,,,,,,,,,,2.1375346112886047,,"rgba(239, 83, 80, 1.0)",0.0,0.0,0.2924182645483035,2.1398798275836475,-1.7778637336033103,0.0,0.0,0.0,0.0,0.0,0.0,0.0,0.0,44.074236037460835,0.911358006366207,False,True,False,True,False,0.0,0,0.9742351046698873,0.8341384863123995,False,False,False,False,-0.08179485648147045,-0.07797377288157979,False,False,False,False,10657.0,8410.360469398522,False,False,False,False,49.66905307580998,False,False,False,False
2024-10-21 17:00:00+00:00,1.62,1.62,1.62,1.62,0.0,,,,,,,,,,,,,,,,,,,,,2.1375346112886047,,"rgba(239, 83, 80, 1.0)",0.0,0.0,0.28553450746793313,2.1398798275836475,-1.820725040184617,0.0,0.0,0.0,0.0,0.0,0.0,0.0,0.0,43.559032422569075,-0.10774865377656795,False,True,False,True,False,0.0,0,0.9742351046698873,0.8341384863123995,False,False,False,False,-0.08179485648147045,-0.07988431468152513,False,False,False,False,10657.0,8445.192090028,False,False,False,False,48.89899023742532,False,False,False,False
2024-10-22 17:00:00+00:00,1.74,1.98,1.74,1.98,100.0,,,,,,,,,,,,,,,,,,,,,2.1048163452708906,,"rgba(38, 166, 154, 1.0)",0.0,0.0,0.2809250645490574,2.02984971102991,-0.17744842778599748,0.0,0.0,0.0,0.0,0.0,0.0,0.0,0.0,52.03580722052871,-4.569262477014789,False,True,True,False,True,9.0143452476917,0,0.9756468797564688,0.8066971080669711,False,False,False,False,0.08894343448339231,0.004529559900933594,False,False,False,False,10757.0,8481.034073128341,False,False,False,False,49.69125395467454,False,False,False,False
2024-10-23 17:00:00+00:00,1.98,1.98,1.98,1.98,0.0,,,,,,,,,,,,,,,,,,,,,2.1048163452708906,,"rgba(38, 166, 154, 1.0)",0.0,0.0,0.2762071457934924,2.02984971102991,-0.18047944011984565,0.0,0.0,0.0,0.0,0.0,0.0,0.0,0.0,57.686990419168474,0.6070206943736878,False,False,True,False,True,9.0143452476917,0,1.0121765601217656,0.8066971080669711,False,False,False,False,0.17565549983767845,0.09009252986930602,False,False,False,False,10757.0,8516.320366568212,False,False,False,False,48.92084691661757,False,False,False,False
2024-10-24 17:00:00+00:00,1.98,1.98,1.98,1.98,0.0,,,,,,,,,,,,,,,,,,,,,2.1048163452708906,,"rgba(38, 166, 154, 1.0)",0.0,0.0,0.2713750936276976,2.02984971102991,-0.18369302194806222,0.0,0.0,0.0,0.0,0.0,0.0,0.0,0.0,61.45444588492831,3.976993385108514,True,False,True,False,True,9.0143452476917,0,1.0121765601217656,0.8066971080669711,False,False,False,False,0.17565549983767845,0.13287401485349223,False,False,False,False,10757.0,8551.059585691186,False,False,False,False,48.16238417372427,False,False,False,False
2024-10-25 17:00:00+00:00,1.98,1.98,1.79,1.79,100.0,,,,,,,,,,,,,,,,,,,,,2.074370460048426,,"rgba(239, 83, 80, 1.0)",0.0,0.0,0.26404454647373937,1.9602610693743183,-0.6448194884087547,0.0,0.0,0.0,0.0,0.0,0.0,0.0,0.0,58.05483562257699,3.976993385108514,False,False,True,False,False,3.1240108074622768,0,0.9837278106508877,0.812130177514793,False,False,False,False,0.10685642302111809,0.11986521893730516,False,False,False,False,10657.0,8583.709824672716,False,False,False,False,48.96606814002312,False,False,False,False
2024-10-28 17:00:00+00:00,1.79,1.79,1.79,1.79,0.0,,,,,,,,,,,,,,,,,,,,,2.074370460048426,,"rgba(239, 83, 80, 1.0)",0.0,0.0,0.2563864798054438,1.9602610693743183,-0.6640797498507687,0.0,0.0,0.0,0.0,0.0,0.0,0.0,0.0,55.78842878100944,3.976993385108514,False,False,True,False,False,3.1240108074622768,0,0.9837278106508877,0.8402366863905325,False,False,False,False,0.039052058567527824,0.07945863875241649,False,False,False,False,10657.0,8615.85385839872,False,False,False,False,48.206904292890975,False,False,False,False
2024-10-29 17:00:00+00:00,1.79,1.79,1.79,1.79,0.0,,,,,,,,,,,,,,,,,,,,,2.074370460048426,,"rgba(239, 83, 80, 1.0)",0.0,0.0,0.2516916997274879,1.9602610693743183,-0.6764667629431709,0.0,0.0,0.0,0.0,0.0,0.0,0.0,0.0,54.27749088663107,3.976993385108514,False,True,True,False,False,3.1240108074622768,0,0.9837278106508877,0.8402366863905325,False,False,False,False,0.039052058567527824,0.05925534865997216,False,False,False,False,10657.0,8647.499535012692,False,False,False,False,47.459510427884915,False,False,False,False
2024-10-30 17:00:00+00:00,1.79,1.79,1.79,1.79,0.0,,,,,,,,,,,,,,,,,,,,,2.074370460048426,,"rgba(239, 83, 80, 1.0)",0.0,0.0,0.2468462883862958,1.9602610693743183,-0.6897453086589358,0.0,0.0,0.0,0.0,0.0,0.0,0.0,0.0,53.270198957045494,10.778033310363043,False,True,True,False,False,3.1240108074622874,0,0.9837278106508877,0.8402366863905325,False,False,False,False,0.039052058567527824,0.04915370361374999,False,False,False,False,10657.0,8678.654580981487,False,False,False,False,46.723704064661895,False,False,False,False
2024-10-31 17:00:00+00:00,1.79,1.79,1.79,1.79,0.0,,,,,,,,,,,,,,,,,,,,,2.074370460048426,,"rgba(239, 83, 80, 1.0)",0.0,0.0,0.2418411920293199,1.9602610693743183,-0.7040201379493551,0.0,0.0,0.0,0.0,0.0,0.0,0.0,0.0,52.59867100398844,9.69890277979377,False,True,True,False,False,3.1240108074622874,0,0.9837278106508877,0.8402366863905325,False,False,False,False,0.039052058567527824,0.04410288109063891,False,False,False,False,10657.0,8709.326602981773,False,False,False,False,45.99930555203148,False,False,False,False
2024-11-01 17:00:00+00:00,1.79,1.79,1.79,1.79,0.0,,,,,,,,,,,,,,,,,,,,,2.074370460048426,,"rgba(239, 83, 80, 1.0)",0.0,0.0,0.23666627965962567,1.9602610693743183,-0.7194141456027804,0.0,0.0,0.0,0.0,0.0,0.0,0.0,0.0,52.150985701950404,8.751111087319494,False,True,False,False,False,3.124010807462298,0,0.9837278106508877,0.8402366863905325,False,False,False,False,0.039052058567527824,0.04157746982908336,False,False,False,False,10657.0,8739.52308975725,False,False,False,False,45.286138024093006,False,False,False,False
2024-11-04 17:00:00+00:00,1.79,1.79,1.79,1.79,0.0,,,,,,,,,,,,,,,,,,,,,2.074370460048426,,"rgba(239, 83, 80, 1.0)",0.0,0.0,0.23131015409485942,1.9602610693743183,-0.7360726122922164,0.0,0.0,0.0,0.0,0.0,0.0,0.0,0.0,51.85252883392505,7.898426800802724,False,True,False,False,False,3.1240108074622874,0,0.9837278106508877,0.8402366863905325,False,False,False,False,0.039052058567527824,0.0403147641983056,False,False,False,False,10657.0,8769.251413947059,False,False,False,False,44.584027357052804,False,False,False,False
2024-11-05 17:00:00+00:00,1.79,1.79,1.79,1.79,0.0,,,,,,,,,,,,,,,,,,,,,2.074370460048426,,"rgba(239, 83, 80, 1.0)",0.0,0.0,0.2257599179228695,1.9602610693743183,-0.7541687246382136,0.0,0.0,0.0,0.0,0.0,0.0,0.0,0.0,51.65355758857481,7.122811213477895,False,True,False,False,False,3.1240108074622874,0,0.9837278106508877,0.8402366863905325,False,False,False,False,0.039052058567527824,0.039683411382916714,False,False,False,False,10657.0,8798.518833885862,False,False,False,False,43.8928021267109,False,False,False,False
2024-11-06 17:00:00+00:00,1.79,1.79,1.79,1.79,0.0,,,,,,,,,,,,,,,,,,,,,2.074370460048426,,"rgba(239, 83, 80, 1.0)",0.0,0.0,0.22000088042411925,1.9602610693743183,-0.7739108545660717,0.0,0.0,0.0,0.0,0.0,0.0,0.0,0.0,51.52091009167465,6.415605942407886,False,True,False,False,False,3.124010807462298,0,0.9837278106508877,0.8402366863905325,False,False,False,False,0.039052058567527824,0.039367734975222266,False,False,False,False,10657.0,8827.332495376004,False,False,False,False,43.21229356660685,False,False,False,False
2024-11-07 17:00:00+00:00,1.79,1.79,1.79,1.79,0.0,,,,,,,,,,,,,,,,,,,,,2.074370460048426,,"rgba(239, 83, 80, 1.0)",0.0,0.0,0.21401618613536724,1.9602610693743183,-0.7955523012013053,0.0,0.0,0.0,0.0,0.0,0.0,0.0,0.0,51.43247842707454,5.772512634769761,False,True,False,False,False,3.124010807462298,0,0.9837278106508877,0.8402366863905325,False,False,False,False,0.039052058567527824,0.03920989677137504,False,False,False,False,10657.0,8855.699433432188,False,False,False,False,42.5423355268145,False,False,False,False
2024-11-08 17:00:00+00:00,1.79,1.79,1.79,1.79,0.0,,,,,,,,,,,,,,,,,,,,,2.074370460048426,,"rgba(239, 83, 80, 1.0)",0.0,0.0,0.21511840443794705,1.9602610693743183,-0.7914760702096585,0.0,0.0,0.0,0.0,0.0,0.0,0.0,0.0,51.373523984007804,5.190868816157554,False,True,False,False,False,3.124010807462298,0,0.9837278106508877,0.8402366863905325,False,False,False,False,0.039052058567527824,0.039130977669451436,False,False,False,False,10657.0,8883.62657399913,False,False,False,False,41.88276443337551,False,False,False,False
2024-11-11 17:00:00+00:00,1.79,1.79,1.79,1.79,0.0,,,,,,,,,,,,,,,,,,,,,2.074370460048426,,"rgba(239, 83, 80, 1.0)",0.0,0.0,0.21618648106344399,1.9602610693743183,-0.7875657559010454,0.0,0.0,0.0,0.0,0.0,0.0,0.0,0.0,51.334221021963316,4.668281156682426,False,True,False,False,False,3.124010807462298,0,0.9837278106508877,0.8402366863905325,False,False,False,False,0.039052058567527824,0.03909151811848963,False,False,False,False,10657.0,8911.120735642553,False,False,False,False,41.23341924836194,False,False,False,False
2024-11-12 17:00:00+00:00,1.79,1.79,1.79,1.79,0.0,,,,,,,,,,,,,,,,,,,,,2.074370460048426,,"rgba(239, 83, 80, 1.0)",0.0,0.0,0.2172209196369635,1.9602610693743183,-0.7838152497414698,0.0,0.0,0.0,0.0,0.0,0.0,0.0,0.0,51.308019047266995,4.202034767711368,False,True,False,False,False,3.124010807462298,0,0.9837278106508877,0.8402366863905325,False,False,False,False,0.039052058567527824,0.03907178834300873,False,False,False,False,10657.0,8938.188631213985,False,False,False,False,40.594141430557876,False,False,False,False
2024-11-13 17:00:00+00:00,1.79,1.99,1.79,1.99,200.0,,,,,,,,,,,,,,,,,,,,,2.044928525016244,,"rgba(38, 166, 154, 1.0)",0.0,0.0,0.22162794486694626,1.9116666666666666,0.3534452001545228,0.0,0.0,0.0,0.0,0.0,0.0,0.0,0.0,60.32068330227542,6.9227902102838215,False,False,True,False,True,9.417769670440542,0,0.9841954022988505,0.8160919540229885,False,False,False,False,0.1104468678987898,0.07475932812089926,False,False,False,False,10857.0,8967.937644683536,False,False,False,False,43.06555009054922,False,False,False,False
2024-11-14 17:00:00+00:00,2.0,2.14,2.0,2.07,101.0,,,,,,,,,,,,,,,,,,,,,2.047175391895889,,"rgba(38, 166, 154, 1.0)",0.0,0.0,0.22778569824360032,1.9550117295917442,0.5048089994012004,0.0,0.0,0.0,0.0,0.0,0.0,0.0,0.0,67.7731595841324,13.443453069844537,True,False,True,False,True,11.680826287622434,0,1.0126582278481013,0.8002812939521801,False,False,False,False,0.24237934182532084,0.15856933497311004,False,False,False,False,10958.0,8998.791324610924,False,False,False,False,43.96375861627714,False,False,False,False
2024-11-15 17:00:00+00:00,2.07,2.07,2.07,2.07,0.0,,,,,,,,,,,,,,,,,,,,,2.047175391895889,,"rgba(38, 166, 154, 1.0)",0.0,0.0,0.2336146052450146,1.9550117295917442,0.4922135338569956,0.0,0.0,0.0,0.0,0.0,0.0,0.0,0.0,72.74147710537038,17.49176650926063,True,False,True,False,True,11.680826287622434,0,1.022503516174402,0.8101265822784811,False,False,False,False,0.24237934182532042,0.20047433839921525,False,False,False,False,10958.0,9029.16665291153,False,False,False,False,43.28214995555966,False,False,False,False
2024-11-18 17:00:00+00:00,2.96,3.11,2.72,2.86,20770.0,,,,,,,,,,,,,,,,,,,,,2.852944847848259,,"rgba(38, 166, 154, 1.0)",0.0,0.0,0.2735753433123473,2.8795950028196855,-0.07162561721548699,0.0,0.0,0.0,0.0,0.0,0.0,0.0,0.0,80.17811805594471,23.8059291762559,True,False,True,False,True,20.0,0,1.019631901840491,0.7865030674846627,False,False,False,False,0.3428282093906182,0.2716512738949167,False,False,False,False,31728.0,9381.086549765616,False,False,False,False,364.6266127469463,False,False,False,False
2024-11-19 17:00:00+00:00,2.83,2.855,2.795,2.855,900.0,,,,,,,,,,,,,,,,,,,,,2.852236405374976,,"rgba(38, 166, 154, 1.0)",0.0,0.0,0.3072161401306203,2.877774274481147,-0.07413111326593774,0.0,0.0,0.0,0.0,0.0,0.0,0.0,0.0,84.97554701755084,27.660116695398372,True,False,True,False,True,20.0,0,1.0279975654290932,0.8186244674376142,False,False,False,False,0.3028193060901475,0.2872352899925321,False,False,False,False,30828.0,9713.596835815762,False,False,False,False,372.9269753400169,False,False,False,False
2024-11-20 17:00:00+00:00,3.44,3.54,3.26,3.375,1013.0,,,,,,,,,,,,,,,,,,,,,2.8751865462690747,,"rgba(38, 166, 154, 1.0)",0.0,0.0,0.3630495461682512,2.9003435125463453,1.3074151791768955,0.0,0.0,0.0,0.0,0.0,0.0,0.0,0.0,88.84689311078434,30.83327086901788,True,False,True,False,True,20.0,0,1.0325842696629213,0.8011235955056181,False,False,False,False,0.34282821964273796,0.315031754817635,False,False,False,False,31841.0,10056.65734998916,False,False,False,False,382.850588125443,False,False,False,False
2024-11-21 17:00:00+00:00,3.1,3.1,3.1,3.1,0.0,,,,,,,,,,,,,,,,,,,,,2.8751865462690747,,"rgba(38, 166, 154, 1.0)",0.0,0.0,0.3954432796083246,2.9003435125463453,0.5048928575835425,0.0,0.0,0.0,0.0,0.0,0.0,0.0,0.0,85.59477838070916,30.83327086901788,True,False,True,False,False,20.0,0,1.0190735694822888,0.8250681198910081,False,False,False,False,0.24163791092300713,0.27833483287032107,False,False,False,False,31841.0,10394.399096500954,False,False,False,False,376.9149200924904,False,False,False,False
2024-11-22 17:00:00+00:00,3.29,3.45,3.29,3.45,1565.0,,,,,,,,,,,,,,,,,,,,,2.9073487684729065,,"rgba(38, 166, 154, 1.0)",0.0,0.0,0.4408523480631502,2.931879278185026,1.1752704144398831,0.0,0.0,0.0,0.0,0.0,0.0,0.0,0.0,84.8622873057638,30.83327086901788,True,False,True,False,False,20.0,0,1.0183727034120733,0.8146981627296588,False,False,False,False,0.33243183662357045,0.3053833347469458,False,False,False,False,33406.0,10751.168102756752,False,False,False,False,395.3348438119866,False,False,False,False
2024-11-25 17:00:00+00:00,3.52,3.695,3.42,3.42,700.0,,,,,,,,,,,,,,,,,,,,,2.9235720677532764,,"rgba(38, 166, 154, 1.0)",0.0,0.0,0.4792598272148232,2.9834489678700336,0.9108859272994875,0.0,0.0,0.0,0.0,0.0,0.0,0.0,0.0,83.83257902057379,30.83327086901788,True,False,True,False,False,20.0,0,1.0311224489795916,0.7948979591836735,False,False,False,False,0.34282822203692076,0.3241057783919333,False,False,False,False,32706.0,11091.553093411687,False,False,False,False,400.0583346055992,False,False,False,False
2024-11-26 17:00:00+00:00,3.32,3.32,3.32,3.32,0.0,,,,,,,,,,,,,,,,,,,,,2.9235720677532764,,"rgba(38, 166, 154, 1.0)",0.0,0.0,0.509142203891785,2.9834489678700336,0.6610157821477674,0.0,0.0,0.0,0.0,0.0,0.0,0.0,0.0,81.29094856445604,30.83327086901788,True,False,True,False,False,20.0,0,1.0308080808080808,0.8247474747474748,False,False,False,False,0.26769141036087213,0.2958985943764027,False,False,False,False,32706.0,11426.6607973898,False,False,False,False,393.8558798055124,False,False,False,False
2024-11-27 17:00:00+00:00,3.32,3.32,3.32,3.32,0.0,,,,,,,,,,,,,,,,,,,,,2.9235720677532764,,"rgba(38, 166, 154, 1.0)",0.0,0.0,0.5360625551771576,2.9834489678700336,0.6278204453559401,0.0,0.0,0.0,0.0,0.0,0.0,0.0,0.0,79.59652826037755,37.35332400862944,True,False,True,False,False,20.0,0,1.0308080808080808,0.8247474747474748,False,False,False,False,0.26769141036087213,0.2817950023686374,False,False,False,False,32706.0,11756.573033089184,False,False,False,False,387.7495870953494,False,False,False,False
2024-11-28 17:00:00+00:00,3.32,3.32,3.32,3.32,0.0,,,,,,,,,,,,,,,,,,,,,2.9235720677532764,,"rgba(38, 166, 154, 1.0)",0.0,0.0,0.5604478743110906,2.9834489678700336,0.6005037177519122,0.0,0.0,0.0,0.0,0.0,0.0,0.0,0.0,78.46691472432522,35.83938590000574,True,False,True,False,False,20.0,0,1.0308080808080808,0.8247474747474748,False,False,False,False,0.26769141036087213,0.2747432063647548,False,False,False,False,32706.0,12081.37035040563,False,False,False,False,381.73796558999516,False,False,False,False
2024-11-29 17:00:00+00:00,3.33,3.33,3.33,3.33,0.0,,,,,,,,,,,,,,,,,,,,,2.9235720677532764,,"rgba(38, 166, 154, 1.0)",0.0,0.0,0.5829534155356539,2.9834489678700336,0.5944746576560218,0.0,0.0,0.0,0.0,0.0,0.0,0.0,0.0,77.78995505773374,34.6892556266005,True,False,True,False,False,20.0,0,1.0307769929364279,0.8249243188698285,False,False,False,False,0.26921455724940385,0.2719788818070793,False,False,False,False,32706.0,12401.132050399341,False,False,False,False,375.81954751883245,False,False,False,False
2024-12-02 17:00:00+00:00,3.33,3.33,3.07,3.07,100.0,,,,,,,,,,,,,,,,,,,,,2.92446259153136,,"rgba(38, 166, 154, 1.0)",0.0,0.0,0.5958175698790501,2.98144413034065,0.1486291679470387,0.0,0.0,0.0,0.0,0.0,0.0,0.0,0.0,71.7538646252076,28.677973026211504,True,False,True,False,False,20.0,0,1.0049288061336257,0.8953997809419498,False,False,False,False,0.22843992771590896,0.2502094047614941,False,False,False,False,32606.0,12714.385817059816,False,False,False,False,371.54327546427686,False,False,False,False
2024-12-03 17:00:00+00:00,3.07,3.07,3.07,3.07,0.0,,,,,,,,,,,,,,,,,,,,,2.92446259153136,,"rgba(38, 166, 154, 1.0)",0.0,0.0,0.607533026574176,2.98144413034065,0.14576305449385754,0.0,0.0,0.0,0.0,0.0,0.0,0.0,0.0,67.72980433685684,24.79523144322343,True,False,True,False,False,20.0,0,1.019641825534373,0.9139225880993647,False,False,False,False,0.18839891546738313,0.21930416011443862,False,False,False,False,32606.0,13022.782936175168,False,False,False,False,365.7829146043656,False,False,False,False
2024-12-04 17:00:00+00:00,2.58,2.58,2.58,2.58,0.0,,,,,,,,,,,,,,,,,,,,,2.92446259153136,,"rgba(239, 83, 80, 1.0)",0.0,0.0,0.6085881756718312,2.98144413034065,-0.6596318272163089,0.0,0.0,0.0,0.0,0.0,0.0,0.0,0.0,58.21700225416209,16.041536455975617,False,True,True,False,False,9.610270154802784,0,1.0108077360637087,0.9533560864618885,False,False,False,False,0.0416889223940711,0.13049654125425486,False,False,False,False,32606.0,13326.398704606561,False,False,False,False,360.111861664763,False,False,False,False
2024-12-05 17:00:00+00:00,2.58,2.58,2.58,2.58,0.0,,,,,,,,,,,,,,,,,,,,,2.92446259153136,,"rgba(239, 83, 80, 1.0)",0.0,0.0,0.6091941952838746,2.98144413034065,-0.658975632808818,0.0,0.0,0.0,0.0,0.0,0.0,0.0,0.0,51.87513419903225,10.506702379372257,False,True,False,False,False,9.610270154802784,0,0.9828669331810393,0.9486007995431183,False,False,False,False,0.0416889223940711,0.08609273182416298,False,False,False,False,32606.0,13625.307251821963,False,False,False,False,354.5287320265496,False,False,False,False
2024-12-06 17:00:00+00:00,3.21,3.21,3.21,3.21,0.0,,,,,,,,,,,,,,,,,,,,,2.92446259153136,,"rgba(239, 83, 80, 1.0)",0.0,0.0,0.622119871998263,2.98144413034065,0.367382364632114,0.0,0.0,0.0,0.0,0.0,0.0,0.0,0.0,54.91238996992503,10.506702379372257,False,True,True,False,False,18.46759162664513,0,0.9840170484816194,0.9520511454448589,False,False,False,False,0.23154845341692518,0.15882059262054407,False,False,False,False,32606.0,13919.581557995267,False,False,False,False,349.0321625377659,False,False,False,False
2024-12-09 17:00:00+00:00,2.82,2.82,2.82,2.82,0.0,,,,,,,,,,,,,,,,,,,,,2.92446259153136,,"rgba(239, 83, 80, 1.0)",0.0,0.0,0.6270214732590328,2.98144413034065,-0.25747783325748236,0.0,0.0,0.0,0.0,0.0,0.0,0.0,0.0,52.87638605338731,10.506702379372257,False,True,False,False,False,11.10049299340342,0,0.9845599588265568,0.9536798764796709,False,False,False,False,0.11293578999137306,0.13587819130595857,False,False,False,False,32606.0,14209.293471824798,False,False,False,False,343.6208111805912,False,False,False,False
2024-12-10 17:00:00+00:00,2.82,2.99,2.82,2.99,1.0,,,,,,,,,,,,,,,,,,,,,2.9244629304197236,,"rgba(239, 83, 80, 1.0)",0.0,0.0,0.634619897587851,2.980100622892337,0.015598907543381618,0.0,0.0,0.0,0.0,0.0,0.0,0.0,0.0,53.04157208910806,10.506702379372257,False,True,True,False,False,13.264836903479956,0,1.0124804992199685,0.9355174206968278,False,False,False,False,0.1384077981665126,0.1371429947362356,False,False,False,False,32607.0,14494.529231951545,False,False,False,False,338.3088606196518,False,False,False,False
2024-12-11 17:00:00+00:00,2.99,2.99,2.99,2.99,0.0,,,,,,,,,,,,,,,,,,,,,2.9244629304197236,,"rgba(239, 83, 80, 1.0)",0.0,0.0,0.6414967576614009,2.980100622892337,0.015431686893869468,0.0,0.0,0.0,0.0,0.0,0.0,0.0,0.0,53.15169611292189,10.506702379372257,False,True,True,False,False,13.264836903479956,0,1.030350601779173,0.913134484563056,False,False,False,False,0.16405957121285972,0.15060128297454767,False,False,False,False,32607.0,14775.342732231364,False,False,False,False,333.06376200539364,False,False,False,False
2024-12-12 17:00:00+00:00,2.99,2.99,2.99,2.99,0.0,,,,,,,,,,,,,,,,,,,,,2.9244629304197236,,"rgba(239, 83, 80, 1.0)",0.0,0.0,0.6476750380823357,2.980100622892337,0.015284481453806993,0.0,0.0,0.0,0.0,0.0,0.0,0.0,0.0,53.225112128797775,10.506702379372257,False,True,True,False,False,13.264836903479956,0,1.0240711669283096,0.913134484563056,False,False,False,False,0.16405957121285972,0.1573304270937037,False,False,False,False,32607.0,15051.802534832426,False,False,False,False,327.8999827494961,False,False,False,False
2024-12-13 17:00:00+00:00,2.94,2.94,2.94,2.94,0.0,,,,,,,,,,,,,,,,,,,,,2.9244629304197236,,"rgba(239, 83, 80, 1.0)",0.0,0.0,0.6522513885564936,2.980100622892337,-0.06148031816549184,0.0,0.0,0.0,0.0,0.0,0.0,0.0,0.0,52.63330104479566,9.766779146362865,False,True,True,False,False,12.340379945233355,0,1.0240711669283098,0.913134484563056,False,False,False,False,0.14894650222052955,0.1531384646571166,False,False,False,False,32607.0,15323.97613894355,False,False,False,False,322.8162620867132,False,False,False,False
2024-12-16 17:00:00+00:00,2.89,2.89,2.89,2.89,0.0,,,,,,,,,,,,,,,,,,,,,2.9244629304197236,,"rgba(239, 83, 80, 1.0)",0.0,0.0,0.655370729276791,2.980100622892337,-0.1374803891406074,0.0,0.0,0.0,0.0,0.0,0.0,0.0,0.0,51.57093258845313,8.092167454358872,False,True,False,False,False,11.416807189093358,0,1.0239458615304529,0.9135866736074962,False,False,False,False,0.13390067927207594,0.14351957196459628,False,False,False,False,32607.0,15591.929997254501,False,False,False,False,317.8113587985471,False,False,False,False
2024-12-17 17:00:00+00:00,2.89,2.89,2.56,2.56,1600.0,,,,,,,,,,,,,,,,,,,,,2.9098049275153617,,"rgba(239, 83, 80, 1.0)",0.0,0.0,0.6537433995325937,2.900551776007444,-0.5209257581046755,0.0,0.0,0.0,0.0,0.0,0.0,0.0,0.0,47.16599734476511,3.475040669580089,False,True,False,True,False,5.67173742396,0,0.989769820971867,0.9150895140664963,False,False,False,False,0.08463725693441983,0.11407841444950806,False,False,False,False,31007.0,15830.9233306304,False,False,False,False,337.6902524605851,False,False,False,False
2024-12-18 17:00:00+00:00,2.52,2.52,2.52,2.52,0.0,,,,,,,,,,,,,,,,,,,,,2.9098049275153617,,"rgba(239, 83, 80, 1.0)",0.0,0.0,0.6514470241126482,2.900551776007444,-0.5841638105965761,0.0,0.0,0.0,0.0,0.0,0.0,0.0,0.0,43.84994542649274,0.1024296238442659,False,True,False,True,False,5.013803948292182,0,0.989811512990321,0.9490575649516046,False,False,False,False,0.02397105491987938,0.06902473468469372,False,False,False,False,31007.0,16066.211341008222,False,False,False,False,332.4547446704985,False,False,False,False
2024-12-19 17:00:00+00:00,2.52,2.52,2.52,2.52,0.0,,,,,,,,,,,,,,,,,,,,,2.9098049275153617,,"rgba(239, 83, 80, 1.0)",0.0,0.0,0.6488479881387564,2.900551776007444,-0.5865037465848827,0.0,0.0,0.0,0.0,0.0,0.0,0.0,0.0,41.63924414764449,-2.1734987365898277,False,True,False,True,False,5.013803948292182,0,0.989811512990321,0.9490575649516049,False,False,False,False,0.02397105491987938,0.046497894802286555,False,False,False,False,31007.0,16297.851475256155,False,False,False,False,327.30040754382406,False,False,False,False
2024-12-20 17:00:00+00:00,2.8,2.8,2.8,2.8,0.0,,,,,,,,,,,,,,,,,,,,,2.9098049275153617,,"rgba(239, 83, 80, 1.0)",0.0,0.0,0.6489298328231858,2.900551776007444,-0.15495015165197643,0.0,0.0,0.0,0.0,0.0,0.0,0.0,0.0,44.52216147953468,-2.1734987365898277,False,True,False,True,True,8.940623394864094,0,0.9900249376558602,0.950124688279302,False,False,False,False,0.10696472526398411,0.07673131003313532,False,False,False,False,31007.0,16525.900289593268,False,False,False,False,322.225982620664,False,False,False,False
2024-12-23 17:00:00+00:00,2.8,2.8,2.8,2.8,0.0,,,,,,,,,,,,,,,,,,,,,2.9098049275153617,,"rgba(239, 83, 80, 1.0)",0.0,0.0,0.6485350643795058,2.900551776007444,-0.15504447103974023,0.0,0.0,0.0,0.0,0.0,0.0,0.0,0.0,46.44410636746147,-2.1734987365898277,False,True,False,True,True,8.940623394864094,0,0.9900249376558602,0.950124688279302,False,False,False,False,0.10696472526398411,0.09184801764855971,False,False,False,False,31007.0,16750.413463398025,False,False,False,False,317.2302309521266,False,False,False,False
2024-12-24 17:00:00+00:00,2.68,2.68,2.68,2.68,0.0,,,,,,,,,,,,,,,,,,,,,2.9098049275153617,,"rgba(239, 83, 80, 1.0)",0.0,0.0,0.6462713707759958,2.900551776007444,-0.341268058559706,0.0,0.0,0.0,0.0,0.0,0.0,0.0,0.0,46.02460910050164,-2.1734987365898277,False,True,False,True,True,6.890255313258482,0,0.9901234567901235,0.9506172839506175,False,False,False,False,0.07128248168998931,0.0815652496692745,False,False,False,False,31007.0,16971.445812802707,False,False,False,False,312.31193279783,False,False,False,False
2024-12-25 17:00:00+00:00,2.68,2.68,2.68,2.68,0.0,,,,,,,,,,,,,,,,,,,,,2.9098049275153617,,"rgba(239, 83, 80, 1.0)",0.0,0.0,0.6436033975464497,2.900551776007444,-0.3426827404085084,0.0,0.0,0.0,0.0,0.0,0.0,0.0,0.0,45.74494425586175,-2.1734987365898277,False,True,False,True,True,6.890255313258482,0,0.9901234567901235,0.9506172839506173,False,False,False,False,0.07128248168998931,0.07642386567963191,False,False,False,False,31007.0,17189.051304077082,False,False,False,False,307.4698873280962,False,False,False,False
2024-12-26 17:00:00+00:00,2.68,2.68,2.68,2.68,0.0,,,,,,,,,,,,,,,,,,,,,2.9098049275153617,,"rgba(239, 83, 80, 1.0)",0.0,0.0,0.6405260928921441,2.900551776007444,-0.344329104551533,0.0,0.0,0.0,0.0,0.0,0.0,0.0,0.0,45.55850102610182,-2.1734987365898277,False,True,False,True,True,6.890255313258482,0,0.9899749373433584,0.9498746867167922,False,False,False,False,0.07128248168998931,0.07385317368481062,False,False,False,False,31007.0,17403.283066804568,False,False,False,False,302.70291233076136,False,False,False,False
2024-12-27 17:00:00+00:00,2.68,2.68,2.68,2.68,0.0,,,,,,,,,,,,,,,,,,,,,2.9098049275153617,,"rgba(239, 83, 80, 1.0)",0.0,0.0,0.6370335247941914,2.900551776007444,-0.3462169060548241,0.0,0.0,0.0,0.0,0.0,0.0,0.0,0.0,45.434205539595204,-2.1734987365898277,False,True,False,True,True,6.890255313258482,0,0.9899749373433584,0.9498746867167922,False,False,False,False,0.07128248168998931,0.07256782768739997,False,False,False,False,31007.0,17614.19340685411,False,False,False,False,298.0098439225325,False,False,False,False
2024-12-30 17:00:00+00:00,2.68,2.68,2.68,2.68,0.0,,,,,,,,,,,,,,,,,,,,,2.9098049275153617,,"rgba(239, 83, 80, 1.0)",0.0,0.0,0.6331188209502553,2.900551776007444,-0.348357636369766,0.0,0.0,0.0,0.0,0.0,0.0,0.0,0.0,45.35134188192413,-2.1734987365898277,False,True,False,True,True,6.890255313258493,0,0.989811512990321,0.9490575649516049,False,False,False,False,0.07128248168998931,0.07192515468869465,False,False,False,False,31007.0,17821.833819150943,False,False,False,False,293.38953626481884,False,False,False,False
2024-12-31 17:00:00+00:00,2.94,2.94,2.94,2.94,100.0,,,,,,,,,,,,,,,,,,,,,2.909913246759459,,"rgba(38, 166, 154, 1.0)",0.0,0.0,0.6318114098824565,2.904108294283714,0.056807625115480445,0.0,0.0,0.0,0.0,0.0,0.0,0.0,0.0,50.480559033138206,-3.7126643757734996,False,True,False,False,True,10.657462861571855,0,0.9900744416873449,0.9503722084367248,False,False,False,False,0.14894650222052955,0.1104358284546121,False,False,False,False,31107.0,18027.805387846278,False,False,False,False,290.39124888086815,False,False,False,False
2025-01-01 17:00:00+00:00,2.94,2.94,2.94,2.94,0.0,,,,,,,,,,,,,,,,,,,,,2.909913246759459,,"rgba(38, 166, 154, 1.0)",0.0,0.0,0.6299001636896248,2.904108294283714,0.056979991092637544,0.0,0.0,0.0,0.0,0.0,0.0,0.0,0.0,53.90003713394759,-0.49404926624873013,False,True,True,False,True,10.657462861571855,0,0.9900744416873449,0.9503722084367248,False,False,False,False,0.14894650222052955,0.12969116533757083,False,False,False,False,31107.0,18230.58359888742,False,False,False,False,285.8890589757384,False,False,False,False
2025-01-02 17:00:00+00:00,2.94,2.94,2.94,2.94,0.0,,,,,,,,,,,,,,,,,,,,,2.909913246759459,,"rgba(38, 166, 154, 1.0)",0.0,0.0,0.6273795638344597,2.904108294283714,0.057208917512263965,0.0,0.0,0.0,0.0,0.0,0.0,0.0,0.0,56.17968920115385,1.604848735822607,False,True,True,False,True,10.657462861571855,0,0.9900744416873449,0.9503722084367248,False,False,False,False,0.14894650222052955,0.1393188337790502,False,False,False,False,31107.0,18430.21796169537,False,False,False,False,281.45667046448665,False,False,False,False
2025-01-03 17:00:00+00:00,2.94,2.94,2.94,2.94,0.0,,,,,,,,,,,,,,,,,,,,,2.909913246759459,,"rgba(38, 166, 154, 1.0)",0.0,0.0,0.6242422289146738,2.904108294283714,0.05749643976936347,0.0,0.0,0.0,0.0,0.0,0.0,0.0,0.0,57.699457245958016,3.039950993073255,False,True,True,False,True,10.657462861571855,0,0.9900744416873449,0.9503722084367248,False,False,False,False,0.14894650222052955,0.14413266799978985,False,False,False,False,31107.0,18626.757218103194,False,False,False,False,277.0930011549597,False,False,False,False
2025-01-06 17:00:00+00:00,2.94,3.11,2.94,3.11,20.0,,,,,,,,,,,,,,,,,,,,,2.9100160715992742,,"rgba(38, 166, 154, 1.0)",0.0,0.0,0.622990159423677,2.9071215603969063,0.3256527194438749,0.0,0.0,0.0,0.0,0.0,0.0,0.0,0.0,61.710808645210506,6.782361398481633,False,False,True,False,True,13.085062180949663,0,0.9902391410444119,0.93460224499756,False,False,False,False,0.17468268824029265,0.15940767812004125,False,False,False,False,31127.0,18820.55943177601,False,False,False,False,273.1070631525572,False,False,False,False
2025-01-07 17:00:00+00:00,3.13,3.14,3.075,3.14,200.0,,,,,,,,,,,,,,,,,,,,,2.911498967824602,,"rgba(38, 166, 154, 1.0)",0.0,0.0,0.6214683861267238,2.9269086502788797,0.3428836518124494,0.0,0.0,0.0,0.0,0.0,0.0,0.0,0.0,64.82394280109669,9.609197792588127,False,False,True,False,True,13.502873218033233,0,1.0033947623666344,0.9321047526673135,False,False,False,False,0.1998826573338361,0.17964516772693867,False,False,False,False,31327.0,19014.457735159325,False,False,False,False,271.97362031298263,False,False,False,False
2025-01-08 17:00:00+00:00,3.16,3.16,3.16,3.16,1.0,,,,,,,,,,,,,,,,,,,,,2.9115078122219464,,"rgba(38, 166, 154, 1.0)",0.0,0.0,0.6194825070787522,2.9411797202916192,0.3532307647236974,0.0,0.0,0.0,0.0,0.0,0.0,0.0,0.0,67.20427183343637,11.776853154495171,True,False,True,False,True,13.783890389689567,0,1.0096805421103583,0.932236205227493,False,False,False,False,0.2160484753047895,0.19784682151586408,False,False,False,False,31328.0,19205.36536717236,False,False,False,False,267.77247891278137,False,False,False,False
2025-01-09 17:00:00+00:00,3.16,3.16,3.16,3.16,0.0,,,,,,,,,,,,,,,,,,,,,2.9115078122219464,,"rgba(38, 166, 154, 1.0)",0.0,0.0,0.616675919092994,2.9411797202916192,0.354838372852667,0.0,0.0,0.0,0.0,0.0,0.0,0.0,0.0,68.79115785499614,13.286036171979731,True,False,True,False,True,13.783890389689567,0,1.0096805421103583,0.932236205227493,False,False,False,False,0.2160484753047895,0.20694764841032678,False,False,False,False,31328.0,19393.313190937126,False,False,False,False,263.620967611808,False,False,False,False
2025-01-10 17:00:00+00:00,3.16,3.16,3.16,3.16,0.0,,,,,,,,,,,,,,,,,,,,,2.9115078122219464,,"rgba(38, 166, 154, 1.0)",0.0,0.0,0.6130373502428644,2.9411797202916192,0.35694444983114293,0.0,0.0,0.0,0.0,0.0,0.0,0.0,0.0,69.84908186936933,14.408642729628127,True,False,True,False,True,13.783890389689557,0,1.0215475024485798,0.931439764936337,False,False,False,False,0.2160484753047895,0.21149806185755815,False,False,False,False,31328.0,19578.347094953602,False,False,False,False,259.5338208271288,False,False,False,False
2025-01-13 17:00:00+00:00,3.16,3.16,3.16,3.16,0.0,,,,,,,,,,,,,,,,,,,,,2.9115078122219464,,"rgba(38, 166, 154, 1.0)",0.0,0.0,0.6144580634280189,2.9411797202916192,0.3561191442221423,0.0,0.0,0.0,0.0,0.0,0.0,0.0,0.0,70.55436454561811,15.3024115315378,True,False,True,False,True,13.783890389689557,0,1.0215475024485798,0.9196865817825662,False,False,False,False,0.2160484753047895,0.21377326858117382,False,False,False,False,31328.0,19760.512256272148,False,False,False,False,255.51004065926634,False,False,False,False
2025-01-14 17:00:00+00:00,2.945,2.945,2.945,2.945,0.0,,,,,,,,,,,,,,,,,,,,,2.9115078122219464,,"rgba(239, 83, 80, 1.0)",0.0,0.0,0.616943147175529,2.9411797202916192,0.0061922718906442294,0.0,0.0,0.0,0.0,0.0,0.0,0.0,0.0,62.571933603616,18.29142047091034,False,False,True,False,False,9.29455828972376,0,1.021103117505995,0.9213429256594724,False,False,False,False,0.1504546624055937,0.18211396549338377,False,False,False,False,31328.0,19939.85315152374,False,False,False,False,251.5486446800529,False,False,False,False
2025-01-15 17:00:00+00:00,2.945,2.945,2.945,2.945,0.0,,,,,,,,,,,,,,,,,,,,,2.9115078122219464,,"rgba(239, 83, 80, 1.0)",0.0,0.0,0.6166813097847521,2.9411797202916192,0.006194901074128635,0.0,0.0,0.0,0.0,0.0,0.0,0.0,0.0,57.250312975614605,13.572404097074283,False,True,True,False,False,9.29455828972376,0,1.021103117505995,0.9213429256594724,False,False,False,False,0.1504546624055937,0.16628431394948873,False,False,False,False,31328.0,20116.413567779186,False,False,False,False,247.64866569276523,False,False,False,False
2025-01-16 17:00:00+00:00,2.945,2.945,2.945,2.945,0.0,,,,,,,,,,,,,,,,,,,,,2.9115078122219464,,"rgba(239, 83, 80, 1.0)",0.0,0.0,0.6145937426206584,2.9411797202916192,0.006215943058728113,0.0,0.0,0.0,0.0,0.0,0.0,0.0,0.0,53.70256589028034,10.512214798080876,False,True,False,False,False,9.29455828972375,0,1.021103117505995,0.9213429256594724,False,False,False,False,0.1504546624055937,0.1583694881775412,False,False,False,False,31328.0,20290.236613239973,False,False,False,False,243.80915149597817,False,False,False,False
2025-01-17 17:00:00+00:00,2.945,2.945,2.945,2.945,0.0,,,,,,,,,,,,,,,,,,,,,2.9115078122219464,,"rgba(239, 83, 80, 1.0)",0.0,0.0,0.6118435220671173,2.9411797202916192,0.006243883559433258,0.0,0.0,0.0,0.0,0.0,0.0,0.0,0.0,51.33740116672416,8.423217573826442,False,True,False,False,False,9.29455828972375,0,1.021103117505995,0.9213429256594724,False,False,False,False,0.1504546624055937,0.15441207529156745,False,False,False,False,31328.0,20461.364727763383,False,False,False,False,240.02916465107927,False,False,False,False
2025-01-20 17:00:00+00:00,2.945,2.945,2.945,2.945,0.0,,,,,,,,,,,,,,,,,,,,,2.9115078122219464,,"rgba(239, 83, 80, 1.0)",0.0,0.0,0.608706367176688,2.9411797202916192,0.006276063327709054,0.0,0.0,0.0,0.0,0.0,0.0,0.0,0.0,49.760624684353374,6.897433282961757,False,True,False,False,False,9.29455828972376,0,1.021103117505995,0.9213429256594724,False,False,False,False,0.1504546624055937,0.15243336884858055,False,False,False,False,31328.0,20629.839693224414,False,False,False,False,236.30778225338813,False,False,False,False
2025-01-21 17:00:00+00:00,2.945,2.945,2.945,2.945,0.0,,,,,,,,,,,,,,,,,,,,,2.9115078122219464,,"rgba(239, 83, 80, 1.0)",0.0,0.0,0.6051762605277126,2.9411797202916192,0.006312672782387957,0.0,0.0,0.0,0.0,0.0,0.0,0.0,0.0,48.70944036277285,5.698530052158858,False,True,False,True,False,9.29455828972376,0,1.021103117505995,0.9213429256594724,False,False,False,False,0.1504546624055937,0.15144401562708712,False,False,False,False,31328.0,20795.702643717057,False,False,False,False,232.64409570682398,False,False,False,False
2025-01-22 17:00:00+00:00,2.795,2.795,2.795,2.795,0.0,,,,,,,,,,,,,,,,,,,,,2.9115078122219464,,"rgba(239, 83, 80, 1.0)",0.0,0.0,0.6001493582869616,2.9411797202916192,-0.24357223459984675,0.0,0.0,0.0,0.0,0.0,0.0,0.0,0.0,42.84129310180229,0.04309382780759563,False,True,False,True,False,6.066185733785105,0,1.0217821782178218,0.9188118811881187,False,False,False,False,0.10547316199508917,0.12845858881108815,False,False,False,False,31328.0,20958.99407559741,False,False,False,False,229.037210502067,False,False,False,False
2025-01-23 17:00:00+00:00,2.87,2.87,2.87,2.87,0.0,,,,,,,,,,,,,,,,,,,,,2.9115078122219464,,"rgba(239, 83, 80, 1.0)",0.0,0.0,0.5952606136795863,2.9411797202916192,-0.11957740635924782,0.0,0.0,0.0,0.0,0.0,0.0,0.0,0.0,42.54863791670334,-0.3722328043853196,False,True,False,True,False,7.387347539425175,0,1.0216216216216214,0.9194103194103194,False,False,False,False,0.1278995564314801,0.12817907262128414,False,False,False,False,31328.0,21119.75385737109,False,False,False,False,225.48624599815898,False,False,False,False
2025-01-24 17:00:00+00:00,2.87,2.87,2.87,2.87,0.0,,,,,,,,,,,,,,,,,,,,,2.9115078122219464,,"rgba(239, 83, 80, 1.0)",0.0,0.0,0.5871433899486223,2.9411797202916192,-0.1212305571520573,0.0,0.0,0.0,0.0,0.0,0.0,0.0,0.0,42.3535344599707,-0.9095008127412925,False,True,False,True,False,7.387347539425175,0,1.0216216216216214,0.9194103194103194,False,False,False,False,0.1278995564314801,0.12803931452638212,False,False,False,False,31328.0,21278.02123942735,False,False,False,False,221.99033520748984,False,False,False,False
2025-01-27 17:00:00+00:00,2.87,2.87,2.87,2.87,0.0,,,,,,,,,,,,,,,,,,,,,2.9115078122219464,,"rgba(239, 83, 80, 1.0)",0.0,0.0,0.5784640037233113,2.9411797202916192,-0.12304952396945606,0.0,0.0,0.0,0.0,0.0,0.0,0.0,0.0,42.223465488815606,-1.515026788911328,False,True,False,True,False,7.387347539425175,0,1.0216216216216214,0.9194103194103194,False,False,False,False,0.1278995564314801,0.1279694354789311,False,False,False,False,31328.0,21433.834863622273,False,False,False,False,218.5486245841179,False,False,False,False
2025-01-28 17:00:00+00:00,2.87,2.87,2.87,2.87,0.0,,,,,,,,,,,,,,,,,,,,,2.9115078122219464,,"rgba(239, 83, 80, 1.0)",0.0,0.0,0.568054503475607,2.9411797202916192,-0.12530438515337933,0.0,0.0,0.0,0.0,0.0,0.0,0.0,0.0,42.13675284137888,-2.1478209637048664,False,True,False,True,False,7.387347539425175,0,1.0216216216216214,0.9194103194103194,False,False,False,False,0.1278995564314801,0.12793449595520562,False,False,False,False,31328.0,21587.2327727134,False,False,False,False,215.16027381537188,False,False,False,False
2025-01-29 17:00:00+00:00,2.87,2.87,2.87,2.87,0.0,,,,,,,,,,,,,,,,,,,,,2.9115078122219464,,"rgba(239, 83, 80, 1.0)",0.0,0.0,0.5569453933476519,2.9411797202916192,-0.12780376881075645,0.0,0.0,0.0,0.0,0.0,0.0,0.0,0.0,42.0789444097544,-2.7779577774719115,False,True,False,True,False,7.387347539425175,0,1.0216216216216214,0.9194103194103194,False,False,False,False,0.1278995564314801,0.12791702619334286,False,False,False,False,31328.0,21738.252419648074,False,False,False,False,211.82445561668393,False,False,False,False
2025-01-30 17:00:00+00:00,2.87,2.96,2.87,2.96,82.0,,,,,,,,,,,,,,,,,,,,,2.9115616239043267,,"rgba(38, 166, 154, 1.0)",0.0,0.0,0.5457059482743261,2.9234316516809753,0.06701108616217938,0.0,0.0,0.0,0.0,0.0,0.0,0.0,0.0,46.957758815876105,-2.7779577774719115,False,True,False,True,True,9.064956981038577,0,1.0214320506575743,0.9113492450073064,False,False,False,False,0.14141564022829511,0.134666333210819,False,False,False,False,31410.0,21888.20199453725,False,False,False,False,209.8116733590609,False,False,False,False
2025-01-31 17:00:00+00:00,2.96,2.96,2.96,2.96,0.0,,,,,,,,,,,,,,,,,,,,,2.9115616239043267,,"rgba(38, 166, 154, 1.0)",0.0,0.0,0.5336241465017575,2.9234316516809753,0.06852828635801665,0.0,0.0,0.0,0.0,0.0,0.0,0.0,0.0,50.21030175329057,-4.917714222361596,False,True,False,False,True,9.064956981038577,0,1.0301997077447635,0.9113492450073064,False,False,False,False,0.15498325004287122,0.1448247916268451,False,False,False,False,31410.0,22035.82676981574,False,False,False,False,206.5587791984553,False,False,False,False
2025-02-03 17:00:00+00:00,2.96,2.96,2.96,2.96,0.0,,,,,,,,,,,,,,,,,,,,,2.9115616239043267,,"rgba(38, 166, 154, 1.0)",0.0,0.0,0.5206413491208836,2.9234316516809753,0.07023711885498775,0.0,0.0,0.0,0.0,0.0,0.0,0.0,0.0,52.37866371156689,-2.8052603324698566,False,False,True,False,True,9.064956981038577,0,1.0596192384769538,0.908817635270541,False,False,False,False,0.15498325004287122,0.14990402083485815,False,False,False,False,31410.0,22181.162788888363,False,False,False,False,203.356317505456,False,False,False,False
2025-02-04 17:00:00+00:00,2.96,2.96,2.85,2.86,215.0,,,,,,,,,,,,,,,,,,,,,2.9113983588081997,,"rgba(239, 83, 80, 1.0)",0.0,0.0,0.5146053066395847,2.909438030228353,-0.0960698026050051,0.0,0.0,0.0,0.0,0.0,0.0,0.0,0.0,48.40227032070332,-2.8052603324698566,False,True,False,False,False,6.672639879767765,0,1.04806739345887,0.881565906838454,False,False,False,False,0.1384077981665126,0.14415590950068538,False,False,False,False,31195.0,22320.912203014126,False,False,False,False,203.53683971467373,False,False,False,False
2025-02-05 17:00:00+00:00,2.86,2.86,2.86,2.86,0.0,,,,,,,,,,,,,,,,,,,,,2.9113983588081997,,"rgba(239, 83, 80, 1.0)",0.0,0.0,0.5082231456415235,2.909438030228353,-0.09727622728781476,0.0,0.0,0.0,0.0,0.0,0.0,0.0,0.0,45.75134139346095,1.3547030342060822,False,True,False,True,False,6.672639879767765,0,1.0490584737363726,0.8914767096134788,False,False,False,False,0.12206354582930824,0.13310972766499682,False,False,False,False,31195.0,22458.49495955654,False,False,False,False,200.38122979661676,False,False,False,False
2025-02-06 17:00:00+00:00,2.86,2.86,2.86,2.86,0.0,,,,,,,,,,,,,,,,,,,,,2.9113983588081997,,"rgba(239, 83, 80, 1.0)",0.0,0.0,0.5014816515555143,2.909438030228353,-0.09858392640090484,0.0,0.0,0.0,0.0,0.0,0.0,0.0,0.0,43.984055441966035,-0.3362293921740189,False,True,False,True,False,6.672639879767765,0,1.0492047713717696,0.8911530815109345,False,False,False,False,0.12206354582930824,0.12758663674715254,False,False,False,False,31195.0,22593.944650106052,False,False,False,False,197.27454406333587,False,False,False,False
2025-02-07 17:00:00+00:00,2.82,2.82,2.82,2.82,0.0,,,,,,,,,,,,,,,,,,,,,2.9113983588081997,,"rgba(239, 83, 80, 1.0)",0.0,0.0,0.4898579772115967,2.909438030228353,-0.18257951159121338,0.0,0.0,0.0,0.0,0.0,0.0,0.0,0.0,40.91273845054776,-3.278737035011389,False,True,False,True,False,5.696659535448006,0,1.049009900990099,0.8915841584158415,False,False,False,False,0.10994251904061186,0.1187645778938822,False,False,False,False,31195.0,22727.294345453243,False,False,False,False,194.2160240003384,False,False,False,False
2025-02-10 17:00:00+00:00,3.18,3.18,3.18,3.18,0.0,,,,,,,,,,,,,,,,,,,,,2.9113983588081997,,"rgba(38, 166, 154, 1.0)",0.0,0.0,0.4801733452009188,2.909438030228353,0.5634672821300317,0.0,0.0,0.0,0.0,0.0,0.0,0.0,0.0,51.62966133411682,-5.10065247119509,False,False,True,False,True,12.550157087052114,0,1.0473231357552581,0.8953154875717019,False,False,False,False,0.22064710434544718,0.1697058411196647,False,False,False,False,31195.0,22858.57660366327,False,False,False,False,191.20492285304633,False,False,False,False
2025-02-11 17:00:00+00:00,3.18,3.18,3.18,3.18,0.0,,,,,,,,,,,,,,,,,,,,,2.9113983588081997,,"rgba(38, 166, 154, 1.0)",0.0,0.0,0.46954849887183336,2.909438030228353,0.576217303264128,0.0,0.0,0.0,0.0,0.0,0.0,0.0,0.0,58.774276589829526,1.0087686650013552,True,False,True,False,True,12.550157087052114,0,1.0473231357552581,0.8953154875717019,False,False,False,False,0.22064710434544718,0.19517647273255595,False,False,False,False,31195.0,22987.82347802508,False,False,False,False,188.24050544447195,False,False,False,False
2025-02-12 17:00:00+00:00,3.18,3.18,3.18,3.18,0.0,,,,,,,,,,,,,,,,,,,,,2.9113983588081997,,"rgba(38, 166, 154, 1.0)",0.0,0.0,0.4579179969076244,2.909438030228353,0.5908524486890337,0.0,0.0,0.0,0.0,0.0,0.0,0.0,0.0,63.53735342697133,4.943633898931694,True,False,True,False,True,12.550157087052114,0,1.0473231357552581,0.8953154875717019,False,False,False,False,0.22064710434544718,0.20791178853900155,False,True,False,False,31195.0,23115.066524877402,False,False,False,False,185.32204799572045,False,False,False,False
2025-02-13 17:00:00+00:00,3.18,3.18,3.18,3.18,0.0,,,,,,,,,,,,,,,,,,,,,2.9113983588081997,,"rgba(38, 166, 154, 1.0)",0.0,0.0,0.4452030309181845,2.909438030228353,0.6077271513934701,0.0,0.0,0.0,0.0,0.0,0.0,0.0,0.0,66.71273798506587,7.615173356283023,True,False,True,False,True,12.550157087052114,0,1.0473231357552581,0.8953154875717019,False,False,False,False,0.22064710434544718,0.21427944644222435,False,True,False,False,31195.0,23240.336811313413,False,False,False,False,182.44883794927517,False,False,False,False
2025-02-14 17:00:00+00:00,3.18,3.18,3.18,3.18,0.0,,,,,,,,,,,,,,,,,,,,,2.9113983588081997,,"rgba(38, 166, 154, 1.0)",0.0,0.0,0.4313077014537678,2.909438030228353,0.6273061409747375,0.0,0.0,0.0,0.0,0.0,0.0,0.0,0.0,68.82966102379555,9.561845811815402,True,False,True,False,True,12.550157087052114,0,1.0473231357552581,0.8953154875717019,False,False,False,False,0.22064710434544718,0.21746327539383575,False,True,False,False,31195.0,23363.664922765918,False,False,False,False,179.62017379502285,False,True,False,False
2025-02-17 17:00:00+00:00,3.18,3.18,3.18,3.18,0.0,,,,,,,,,,,,,,,,,,,,,2.9113983588081997,,"rgba(38, 166, 154, 1.0)",0.0,0.0,0.4161137773201877,2.909438030228353,0.6502115154996598,0.0,0.0,0.0,0.0,0.0,0.0,0.0,0.0,70.24094304961534,11.093751870286141,True,False,True,False,True,12.550157087052114,0,1.0473231357552581,0.8953154875717019,False,False,False,False,0.22064710434544718,0.21905518986964145,False,True,False,False,31195.0,23485.080970474974,False,False,False,False,176.83536489897597,False,True,False,False
2025-02-18 17:00:00+00:00,3.18,3.18,3.18,3.18,0.0,,,,,,,,,,,,,,,,,,,,,2.9113983588081997,,"rgba(38, 166, 154, 1.0)",0.0,0.0,0.39947311019111764,2.909438030228353,0.6772970767474282,0.0,0.0,0.0,0.0,0.0,0.0,0.0,0.0,71.18179773349522,12.3836081138478,True,False,True,False,True,12.550157087052114,0,1.0473231357552581,0.8953154875717019,False,False,False,True,0.22064710434544718,0.21985114710754433,False,False,False,False,31195.0,23604.614598839704,False,False,False,True,174.09373133465076,False,False,False,False
2025-02-19 17:00:00+00:00,2.975,2.975,2.975,2.975,0.0,,,,,,,,,,,,,,,,,,,,,2.9113983588081997,,"rgba(239, 83, 80, 1.0)",0.0,0.0,0.37970501827194736,2.909438030228353,0.17266553407701146,0.0,0.0,0.0,0.0,0.0,0.0,0.0,0.0,61.27328873098582,20.487040667901937,True,False,True,False,False,7.216951865915384,0,1.0464135021097047,0.8973277074542898,False,False,False,False,0.14505973624257357,0.18245544167505895,False,False,False,False,31195.0,23722.29499265614,False,False,False,False,171.39460371705925,False,False,False,False
2025-02-20 17:00:00+00:00,2.975,2.975,2.975,2.975,0.0,,,,,,,,,,,,,,,,,,,,,2.9113983588081997,,"rgba(239, 83, 80, 1.0)",0.0,0.0,0.35814383843507336,2.909438030228353,0.18306044313961495,0.0,0.0,0.0,0.0,0.0,0.0,0.0,0.0,54.667616062646225,14.439345071971616,False,False,True,False,False,7.216951865915384,0,1.0470308788598575,0.8959619952494063,False,False,False,False,0.14505973624257357,0.16375758895881626,False,False,False,False,31195.0,23838.150884242867,False,False,False,False,168.7373230392754,False,False,False,False
2025-02-21 17:00:00+00:00,2.975,2.975,2.975,2.975,0.0,,,,,,,,,,,,,,,,,,,,,2.9113983588081997,,"rgba(239, 83, 80, 1.0)",0.0,0.0,0.33444295491172926,2.909438030228353,0.19603334083969925,0.0,0.0,0.0,0.0,0.0,0.0,0.0,0.0,50.26383428375316,10.44217763693679,False,True,False,False,False,7.216951865915384,0,1.0470308788598575,0.8959619952494063,False,False,False,False,0.14505973624257357,0.1544086626006949,False,False,False,False,31195.0,23952.210560456155,False,False,False,False,166.1212405115347,False,False,False,False
2025-02-24 17:00:00+00:00,2.975,2.975,2.975,2.975,0.0,,,,,,,,,,,,,,,,,,,,,2.9113983588081997,,"rgba(239, 83, 80, 1.0)",0.0,0.0,0.3081089809534006,2.909438030228353,0.2127882464470031,0.0,0.0,0.0,0.0,0.0,0.0,0.0,0.0,47.32797976449112,7.6530080155428735,False,True,False,True,False,7.216951865915384,0,1.0470308788598575,0.8959619952494063,False,False,False,False,0.14505973624257357,0.14973419942163424,False,False,False,False,31195.0,24064.50186959637,False,False,False,False,163.54571740282873,False,False,False,False
2025-02-25 17:00:00+00:00,2.975,2.975,2.975,2.975,0.0,,,,,,,,,,,,,,,,,,,,,2.9113983588081997,,"rgba(239, 83, 80, 1.0)",0.0,0.0,0.27839570968527866,2.909438030228353,0.23549921026356266,0.0,0.0,0.0,0.0,0.0,0.0,0.0,0.0,45.37074341831642,5.572372508579178,False,True,False,True,False,7.216951865915384,0,1.0470308788598575,0.8959619952494063,False,False,False,False,0.14505973624257357,0.1473969678321039,False,False,False,False,31195.0,24175.052228207278,False,False,False,False,161.01012488495542,False,False,False,False
2025-02-26 17:00:00+00:00,2.975,2.975,2.975,2.975,0.0,,,,,,,,,,,,,,,,,,,,,2.9113983588081997,,"rgba(239, 83, 80, 1.0)",0.0,0.0,0.255529832887462,2.909438030228353,0.25657266328085204,0.0,0.0,0.0,0.0,0.0,0.0,0.0,0.0,44.06591918753329,3.9109900743588923,False,True,False,True,False,7.216951865915384,0,1.0470308788598575,0.8959619952494063,False,False,False,False,0.14505973624257357,0.14622835203733875,False,False,False,False,31195.0,24283.888627769957,False,False,False,False,158.5138438789871,False,False,False,False
2025-02-27 17:00:00+00:00,2.975,2.975,2.975,2.975,0.0,,,,,,,,,,,,,,,,,,,,,2.9113983588081997,,"rgba(239, 83, 80, 1.0)",0.0,0.0,0.23398413744648439,2.909438030228353,0.28019835227779993,0.0,0.0,0.0,0.0,0.0,0.0,0.0,0.0,43.1960363670112,2.5060954502162076,False,True,False,True,False,7.216951865915384,0,1.0470308788598575,0.8959619952494063,False,False,False,False,0.14505973624257357,0.14564404413995616,False,False,False,False,31195.0,24391.037641292904,False,False,False,False,156.05626490411908,False,False,False,False
2025-02-28 17:00:00+00:00,2.975,2.975,2.975,2.975,0.0,,,,,,,,,,,,,,,,,,,,,2.9113983588081997,,"rgba(239, 83, 80, 1.0)",0.0,0.0,0.20953881147298747,2.909438030228353,0.31288699840744805,0.0,0.0,0.0,0.0,0.0,0.0,0.0,0.0,42.61611448666314,1.2693558402575746,False,True,False,True,False,7.216951865915384,0,1.0470308788598575,0.8959619952494063,False,False,False,False,0.14505973624257357,0.14535189019126488,False,False,False,False,31195.0,24496.52542979999,False,False,False,False,153.63678792886142,False,False,False,False
2025-03-03 17:00:00+00:00,2.975,2.975,2.74,2.74,49.0,,,,,,,,,,,,,,,,,,,,,2.911238031618794,,"rgba(239, 83, 80, 1.0)",0.0,0.0,0.21085802832262943,2.8596416453937166,-0.5674037946075033,0.0,0.0,0.0,0.0,0.0,0.0,0.0,0.0,34.49189892075991,-6.808931170149883,False,True,False,True,False,0.9804822960136157,0,1.0241635687732342,0.8982342007434946,False,False,False,False,0.10694758692167053,0.12614973855646772,False,False,False,False,31146.0,24599.61805879534,False,False,False,False,152.0145121470186,False,False,False,False
2025-03-04 17:00:00+00:00,2.74,2.74,2.74,2.74,0.0,,,,,,,,,,,,,,,,,,,,,2.911238031618794,,"rgba(239, 83, 80, 1.0)",0.0,0.0,0.21212141687131494,2.8596416453937166,-0.5640243552884519,0.0,0.0,0.0,0.0,0.0,0.0,0.0,0.0,29.075755210157755,-12.00203303053813,False,True,False,True,False,0.9804822960136157,0,1.0241635687732342,0.9200743494423792,False,False,False,False,0.06914260186265136,0.09764617020955954,False,False,False,False,31146.0,24701.112352457425,False,False,False,False,149.65769800520434,False,False,False,False
2025-03-05 17:00:00+00:00,2.74,2.74,2.21,2.21,100.0,,,,,,,,,,,,,,,,,,,,,2.909400203202187,,"rgba(239, 83, 80, 1.0)",0.0,0.0,0.2242717543959081,2.6201883231064786,-1.828978973350211,0.0,0.0,0.0,0.0,0.0,0.0,0.0,0.0,21.724299389062224,-18.832484955759373,False,True,False,True,False,0.0,0,0.9760850310008856,0.9238263950398583,False,False,False,False,-0.015563544984781576,0.04104131261238898,False,False,False,False,31046.0,24799.482703582114,False,False,False,False,148.88781121442597,False,False,False,False
2025-03-06 17:00:00+00:00,2.21,2.21,2.21,2.21,0.0,,,,,,,,,,,,,,,,,,,,,2.909400203202187,,"rgba(239, 83, 80, 1.0)",0.0,0.0,0.23942935161423534,2.6201883231064786,-1.713191471058099,0.0,0.0,0.0,0.0,0.0,0.0,0.0,0.0,16.8233288416652,-23.287644581264285,False,True,False,True,False,0.0,0,0.9760850310008856,0.970770593445527,False,False,False,False,-0.10049414398784143,-0.029726415687726222,False,False,False,False,31046.0,24896.32793298394,False,False,False,False,146.57947305606277,False,False,False,False
2025-03-07 17:00:00+00:00,2.21,2.21,2.21,2.21,0.0,,,,,,,,,,,,,,,,,,,,,2.909400203202187,,"rgba(239, 83, 80, 1.0)",0.0,0.0,0.24653256642136562,2.6201883231064786,-1.663830174896236,0.0,0.0,0.0,0.0,0.0,0.0,0.0,0.0,13.55601514340052,-26.338468982774366,False,True,False,True,False,0.0,0,0.9760850310008856,0.970770593445527,False,False,False,False,-0.10049414398784143,-0.06511027983778382,False,False,False,False,31046.0,24991.67168596093,False,False,False,False,144.30692308620132,False,False,False,False
2025-03-10 17:00:00+00:00,2.21,2.21,2.21,2.21,0.0,,,,,,,,,,,,,,,,,,,,,2.909400203202187,,"rgba(239, 83, 80, 1.0)",0.0,0.0,0.2531858627196231,2.6201883231064786,-1.620107531678099,0.0,0.0,0.0,0.0,0.0,0.0,0.0,0.0,11.377806011224067,-28.564524686763235,False,True,False,True,False,0.0,0,0.9760850310008856,0.970770593445527,False,False,False,False,-0.10049414398784143,-0.08280221191281262,False,False,False,False,31046.0,25085.53724121735,False,False,False,False,142.06960644920596,False,False,False,False
2025-03-11 17:00:00+00:00,2.21,2.21,2.21,2.21,0.0,,,,,,,,,,,,,,,,,,,,,2.909400203202187,,"rgba(239, 83, 80, 1.0)",0.0,0.0,0.26113039095647195,2.6201883231064786,-1.570818017788107,0.0,0.0,0.0,0.0,0.0,0.0,0.0,0.0,9.925666589773098,-30.304378744109563,False,True,False,True,False,0.0,0,0.9760850310008856,0.970770593445527,False,False,False,False,-0.10049414398784143,-0.09164817795032702,False,False,False,False,31046.0,25177.947516547312,False,False,False,False,139.86697689185394,False,False,False,False
2025-03-12 17:00:00+00:00,2.21,2.21,2.21,2.21,0.0,,,,,,,,,,,,,,,,,,,,,2.909400203202187,,"rgba(239, 83, 80, 1.0)",0.0,0.0,0.2680132106465648,2.6201883231064786,-1.5304780018750772,0.0,0.0,0.0,0.0,0.0,0.0,0.0,0.0,8.957573642139117,-31.750597950597864,False,True,False,True,False,0.0,0,0.9760850310008856,0.970770593445527,False,False,False,False,-0.10049414398784143,-0.09607116096908422,False,False,False,False,31046.0,25268.9250744303,False,False,False,False,137.69849662996472,False,False,False,False
2025-03-13 17:00:00+00:00,2.21,2.21,2.21,2.21,0.0,,,,,,,,,,,,,,,,,,,,,2.909400203202187,,"rgba(239, 83, 80, 1.0)",0.0,0.0,0.2739143681537716,2.6201883231064786,-1.497505683514217,0.0,0.0,0.0,0.0,0.0,0.0,0.0,0.0,8.312178343716464,-33.00912766113554,False,True,False,True,False,0.0,0,0.9760850310008856,0.970770593445527,False,False,False,False,-0.10049414398784143,-0.09828265247846282,False,False,False,False,31046.0,25358.492127539907,False,False,False,False,135.56363621709704,False,False,False,False
2025-03-14 17:00:00+00:00,2.21,2.21,2.21,2.21,0.0,,,,,,,,,,,,,,,,,,,,,2.909400203202187,,"rgba(239, 83, 80, 1.0)",0.0,0.0,0.2786656105846601,2.6201883231064786,-1.4719732450870944,0.0,0.0,0.0,0.0,0.0,0.0,0.0,0.0,7.8819148114346955,-34.135918623748665,False,True,False,True,False,0.0,0,0.9760850310008856,0.970770593445527,False,False,False,False,-0.10049414398784143,-0.09938839823315213,False,False,False,False,31046.0,25446.67054416719,False,False,False,False,133.46187441528159,False,False,False,False
2025-03-17 17:00:00+00:00,2.21,2.21,2.21,2.21,0.0,,,,,,,,,,,,,,,,,,,,,2.909400203202187,,"rgba(239, 83, 80, 1.0)",0.0,0.0,0.28702839109972417,2.6201883231064786,-1.4290862361555177,0.0,0.0,0.0,0.0,0.0,0.0,0.0,0.0,7.595072456580183,-35.15914096112246,False,True,False,True,False,0.0,0,0.9760850310008856,0.970770593445527,False,False,False,False,-0.10049414398784143,-0.09994127111049678,False,False,False,False,31046.0,25533.481853559944,False,False,False,False,131.39269806775783,False,False,False,False
2025-03-18 17:00:00+00:00,2.21,2.21,2.21,2.21,0.0,,,,,,,,,,,,,,,,,,,,,2.909400203202187,,"rgba(239, 83, 80, 1.0)",0.0,0.0,0.2947024763206928,2.6201883231064786,-1.3918726718133008,0.0,0.0,0.0,0.0,0.0,0.0,0.0,0.0,7.403844220010508,-36.0923610261394,False,True,False,True,False,0.0,0,0.9760850310008856,0.970770593445527,False,False,False,False,-0.10049414398784143,-0.1002177075491691,False,False,False,False,31046.0,25618.94725117917,False,False,False,False,129.35560197368406,False,False,False,False
2025-03-19 17:00:00+00:00,2.21,2.21,2.21,2.21,0.0,,,,,,,,,,,,,,,,,,,,,2.909400203202187,,"rgba(239, 83, 80, 1.0)",0.0,0.0,0.30189106680426164,2.6201883231064786,-1.358729582324588,0.0,0.0,0.0,0.0,0.0,0.0,0.0,0.0,7.276358728964058,-36.94212452844147,False,True,False,True,False,0.0,0,0.9760850310008856,0.970770593445527,False,False,False,False,-0.10049414398784143,-0.10035592576850527,False,False,False,False,31046.0,25703.087603874064,False,False,False,False,127.35008876478973,False,False,False,False
2025-03-20 17:00:00+00:00,2.21,2.21,2.21,2.21,0.0,,,,,,,,,,,,,,,,,,,,,2.909400203202187,,"rgba(239, 83, 80, 1.0)",0.0,0.0,0.3088325590826662,2.6201883231064786,-1.3281900209125368,0.0,0.0,0.0,0.0,0.0,0.0,0.0,0.0,7.191368401599758,-37.71213441997671,False,True,False,True,False,0.0,0,0.9760850310008856,0.970770593445527,False,False,False,False,-0.10049414398784143,-0.10042503487817335,False,False,False,False,31046.0,25785.92345497679,False,False,False,False,125.37566878394027,False,False,False,False
2025-03-21 17:00:00+00:00,2.1,2.23,2.1,2.23,11.0,,,,,,,,,,,,,,,,,,,,,2.9091217809530487,,"rgba(239, 83, 80, 1.0)",0.0,0.0,0.312665264408387,2.413039791702089,-0.5854177375553051,0.0,0.0,0.0,0.0,0.0,0.0,0.0,0.0,9.833934245675383,-37.71213441997671,False,True,False,True,True,0.0,0,0.9667250437828371,0.9693520140105081,False,False,False,False,-0.11502702560554078,-0.10772603024185706,False,False,False,False,31057.0,25867.645571953894,False,False,False,False,123.60240260124353,False,False,False,False
2025-03-24 17:00:00+00:00,2.23,2.23,2.15,2.15,116.0,,,,,,,,,,,,,,,,,,,,,2.906158237414255,,"rgba(239, 83, 80, 1.0)",0.0,0.0,0.3216275894669257,2.2898521421493476,-0.4348263231433051,0.0,0.0,0.0,0.0,0.0,0.0,0.0,0.0,10.176647738589805,-37.71213441997671,False,True,False,True,True,0.0,0,0.971304347826087,0.9695652173913045,False,False,False,False,-0.106947619210799,-0.10733682472632802,False,False,False,False,30941.0,25946.302229753055,False,False,False,False,123.4845358942475,False,False,False,False
2025-03-25 17:00:00+00:00,2.15,2.15,2.15,2.15,0.0,,,,,,,,,,,,,,,,,,,,,2.906158237414255,,"rgba(239, 83, 80, 1.0)",0.0,0.0,0.32926155434725474,2.2898521421493476,-0.42474482763892035,0.0,0.0,0.0,0.0,0.0,0.0,0.0,0.0,10.405123400532753,-37.71213441997671,False,True,False,True,True,0.0,0,0.971304347826087,0.9765217391304349,False,False,False,False,-0.11988178906189836,-0.1136093068941132,False,False,False,False,30941.0,26023.739404485565,False,False,False,False,121.57004696565451,False,False,False,False
2025-03-26 17:00:00+00:00,2.15,2.15,2.15,2.15,0.0,,,,,,,,,,,,,,,,,,,,,2.906158237414255,,"rgba(239, 83, 80, 1.0)",0.0,0.0,0.3363447127067182,2.2898521421493476,-0.41580003153281114,0.0,0.0,0.0,0.0,0.0,0.0,0.0,0.0,10.557440508494718,-37.71213441997671,False,True,False,True,True,0.0,0,0.971304347826087,0.9765217391304349,False,False,False,False,-0.15058608181039018,-0.1320976943522517,False,False,False,False,30941.0,26099.97600286563,False,False,False,False,119.68524003595444,False,False,False,False
2025-03-27 17:00:00+00:00,2.15,2.15,2.15,2.15,0.0,,,,,,,,,,,,,,,,,,,,,2.906158237414255,,"rgba(239, 83, 80, 1.0)",0.0,0.0,0.34291119854867547,2.2898521421493476,-0.40783778057191683,0.0,0.0,0.0,0.0,0.0,0.0,0.0,0.0,10.658985247136028,-37.71213441997671,False,True,False,True,True,0.0,0,0.9704433497536947,1.0031347962382446,False,False,False,False,-0.15058608181039018,-0.14134188808132092,False,False,False,False,30941.0,26175.030638480115,False,False,False,False,117.82965491911793,False,False,False,False
2025-03-28 17:00:00+00:00,2.15,2.15,2.15,2.15,0.0,,,,,,,,,,,,,,,,,,,,,2.906158237414255,,"rgba(239, 83, 80, 1.0)",0.0,0.0,0.3494061886754207,2.2898521421493476,-0.40025662590442185,0.0,0.0,0.0,0.0,0.0,0.0,0.0,0.0,10.726681739563569,-37.71213441997671,False,True,False,True,True,0.0,0,0.9520313264806657,1.0822320117474304,False,False,False,False,-0.15058608181039018,-0.14596398494585555,False,False,False,False,30941.0,26248.921636333136,False,False,False,False,116.00283856378276,False,False,False,False
2025-03-31 17:00:00+00:00,2.15,2.15,2.15,2.15,0.0,,,,,,,,,,,,,,,,,,,,,2.906158237414255,,"rgba(239, 83, 80, 1.0)",0.0,0.0,0.3557986575082651,2.2898521421493476,-0.3930654014513784,0.0,0.0,0.0,0.0,0.0,0.0,0.0,0.0,10.771812734515262,-37.71213441997671,False,True,False,True,True,0.0,0,0.9385736595523165,1.0812077043206665,False,False,False,False,-0.15058608181039018,-0.14827503337812287,False,False,False,False,30941.0,26321.667037320218,False,False,False,False,114.20434494263884,False,False,False,False
2025-04-01 17:00:00+00:00,2.15,2.15,1.83,1.83,1.0,,,,,,,,,,,,,,,,,,,,,2.9061244230523298,,"rgba(239, 83, 80, 1.0)",0.0,0.0,0.37048424605720504,2.2613674128034833,-1.164334023360544,0.0,0.0,0.0,0.0,0.0,0.0,0.0,0.0,8.283986149468582,-39.35626754959511,False,True,False,True,False,0.0,0,0.9071902090770015,1.0356960734319225,False,False,False,False,-0.20686233656112035,-0.1775686849696216,False,False,False,False,30940.0,26393.26909875711,False,False,False,False,112.44923881949714,False,False,False,False
2025-04-02 17:00:00+00:00,1.83,1.83,1.83,1.83,0.0,,,,,,,,,,,,,,,,,,,,,2.9061244230523298,,"rgba(239, 83, 80, 1.0)",0.0,0.0,0.38410476236108754,2.2613674128034833,-1.1230462495488802,0.0,0.0,0.0,0.0,0.0,0.0,0.0,0.0,6.625435092770796,-40.98561567842694,False,True,False,True,False,0.0,0,0.9070005109862034,1.0684721512519162,False,False,False,False,-0.26446230605711823,-0.2210154955133699,False,False,False,False,30940.0,26463.76105071436,False,False,False,False,110.70583976803206,False,False,False,False
2025-04-03 17:00:00+00:00,1.85,1.85,1.85,1.85,0.0,,,,,,,,,,,,,,,,,,,,,2.9061244230523298,,"rgba(239, 83, 80, 1.0)",0.0,0.0,0.39644821753816506,2.2613674128034833,-1.0376321411102873,0.0,0.0,0.0,0.0,0.0,0.0,0.0,0.0,7.200263356190715,-40.98561567842694,False,True,False,True,False,0.0,0,0.9071902090770015,1.068332483426823,False,False,False,False,-0.25717531471190364,-0.23909540511263677,False,False,False,False,30940.0,26533.160104191655,False,False,False,False,108.98947015922536,False,False,False,False
2025-04-04 17:00:00+00:00,1.85,1.85,1.85,1.85,0.0,,,,,,,,,,,,,,,,,,,,,2.9061244230523298,,"rgba(239, 83, 80, 1.0)",0.0,0.0,0.4086079642743978,2.2613674128034833,-1.0067532911013755,0.0,0.0,0.0,0.0,0.0,0.0,0.0,0.0,7.583482198470661,-40.98561567842694,False,True,False,True,True,0.0,0,0.9071902090770015,1.068332483426823,False,False,False,False,-0.25717531471190364,-0.2481353599122702,False,False,False,False,30940.0,26601.483203351472,False,False,False,False,107.29971093195054,False,False,False,False
2025-04-07 17:00:00+00:00,1.85,1.85,1.85,1.85,0.0,,,,,,,,,,,,,,,,,,,,,2.9061244230523298,,"rgba(239, 83, 80, 1.0)",0.0,0.0,0.4200291924646685,2.2613674128034833,-0.9793781484321142,0.0,0.0,0.0,0.0,0.0,0.0,0.0,0.0,7.838961426657292,-40.98561567842694,False,True,False,True,True,0.0,0,0.9071902090770015,1.068332483426823,False,False,False,False,-0.25717531471190364,-0.2526553373120869,False,False,False,False,30940.0,26668.747029656097,False,False,False,False,105.63614952215286,False,False,False,False
2025-04-08 17:00:00+00:00,1.85,1.85,1.85,1.85,0.0,,,,,,,,,,,,,,,,,,,,,2.9061244230523298,,"rgba(239, 83, 80, 1.0)",0.0,0.0,0.4310137641246088,2.2613674128034833,-0.9544182739476373,0.0,0.0,0.0,0.0,0.0,0.0,0.0,0.0,8.009280912115045,-40.98561567842694,False,True,False,True,True,0.0,0,0.9071902090770015,1.068332483426823,False,False,False,False,-0.25717531471190364,-0.2549153260119953,False,False,False,False,30940.0,26734.968005940496,False,False,False,False,103.99837976211948,False,False,False,False
2025-04-09 17:00:00+00:00,1.85,1.85,1.85,1.85,0.0,,,,,,,,,,,,,,,,,,,,,2.9061244230523298,,"rgba(239, 83, 80, 1.0)",0.0,0.0,0.4414441696918807,2.2613674128034833,-0.9318673595589891,0.0,0.0,0.0,0.0,0.0,0.0,0.0,0.0,8.122827235753547,-40.98561567842694,False,True,False,True,True,0.0,0,0.9076284379865075,1.0695381421899326,False,False,False,False,-0.25717531471190364,-0.2560453203619495,False,False,False,False,30940.0,26800.16230042204,False,False,False,False,102.38600178131142,False,False,False,False
2025-04-10 17:00:00+00:00,1.85,1.85,1.85,1.85,0.0,,,,,,,,,,,,,,,,,,,,,2.9061244230523298,,"rgba(239, 83, 80, 1.0)",0.0,0.0,0.45135882930634225,2.2613674128034833,-0.9113977307936599,0.0,0.0,0.0,0.0,0.0,0.0,0.0,0.0,8.198524784845883,-40.98561567842694,False,True,False,True,True,0.0,0,0.9055526725480021,1.0695381421899326,False,False,False,False,-0.25717531471190364,-0.25661031753692654,False,False,False,False,30940.0,26864.34583064805,False,False,False,False,100.79862190873294,False,False,False,False
2025-04-11 17:00:00+00:00,1.85,1.85,1.85,1.85,0.0,,,,,,,,,,,,,,,,,,,,,2.9061244230523298,,"rgba(239, 83, 80, 1.0)",0.0,0.0,0.4607910354796167,2.2613674128034833,-0.8927417877722151,0.0,0.0,0.0,0.0,0.0,0.0,0.0,0.0,8.248989817574106,-40.98561567842694,False,True,False,True,True,0.0,0,0.9050599895670318,1.0699008868022954,False,False,False,False,-0.25717531471190364,-0.25689281612441506,False,False,False,False,30940.0,26927.534267382187,False,False,False,False,99.2358525768146,False,False,False,False
2025-04-14 17:00:00+00:00,1.83,1.83,1.83,1.83,0.0,,,,,,,,,,,,,,,,,,,,,2.9061244230523298,,"rgba(239, 83, 80, 1.0)",0.0,0.0,0.470225171286811,2.2613674128034833,-0.917363508259266,0.0,0.0,0.0,0.0,0.0,0.0,0.0,0.0,7.986825902157842,-40.98561567842694,False,True,False,True,True,0.0,0,0.9052576782925558,1.0697553357626237,False,False,False,False,-0.26446230605711823,-0.2606775610907667,False,False,False,False,30940.0,26989.743038430523,False,False,False,False,97.69731222678645,False,False,False,False
2025-04-15 17:00:00+00:00,1.83,1.83,1.83,1.83,0.0,,,,,,,,,,,,,,,,,,,,,2.9061244230523298,,"rgba(239, 83, 80, 1.0)",0.0,0.0,0.47779672635097736,2.2613674128034833,-0.9028262208866866,0.0,0.0,0.0,0.0,0.0,0.0,0.0,0.0,7.812049958547,-40.98561567842694,False,True,False,True,True,0.0,0,0.9052576782925558,1.0697553357626237,False,False,False,False,-0.26446230605711823,-0.2625699335739424,False,False,False,False,30940.0,27050.987332408342,False,False,False,False,96.18262521551844,False,False,False,False
2025-04-16 17:00:00+00:00,1.83,1.83,1.83,1.83,0.0,,,,,,,,,,,,,,,,,,,,,2.9061244230523298,,"rgba(239, 83, 80, 1.0)",0.0,0.0,0.48479244188798026,2.2613674128034833,-0.889798139433779,0.0,0.0,0.0,0.0,0.0,0.0,0.0,0.0,7.695532662806438,-41.16260192286616,False,True,False,True,True,0.0,0,0.9052576782925558,1.0697553357626237,False,False,False,False,-0.26446230605711823,-0.26351611981553036,False,False,False,False,30940.0,27111.28210244852,False,False,False,False,94.69142172380498,False,False,False,False
2025-04-17 17:00:00+00:00,1.83,1.83,1.83,1.83,0.0,,,,,,,,,,,,,,,,,,,,,2.9061244230523298,,"rgba(239, 83, 80, 1.0)",0.0,0.0,0.49123692014313286,2.2613674128034833,-0.8781249843309715,0.0,0.0,0.0,0.0,0.0,0.0,0.0,0.0,7.617854465646063,-41.357209111315846,False,True,False,True,True,0.0,0,0.9052576782925558,1.0697553357626237,False,False,False,False,-0.3261572161972212,-0.29483666800637576,False,False,False,False,30940.0,27170.642069852416,False,False,False,False,93.22333766607157,False,False,False,False
2025-04-18 17:00:00+00:00,1.83,1.83,1.83,1.83,0.0,,,,,,,,,,,,,,,,,,,,,2.9061244230523298,,"rgba(239, 83, 80, 1.0)",0.0,0.0,0.49715159831957767,2.2613674128034833,-0.8676778155024512,0.0,0.0,0.0,0.0,0.0,0.0,0.0,0.0,7.5660690008724805,-41.51964804095875,False,True,False,True,True,0.0,0,0.9015684153596537,1.098431584640346,False,False,False,False,-0.3261572161972212,-0.31049694210179846,False,False,False,False,30940.0,27229.08172768416,False,False,False,False,91.77801460148132,False,False,False,False
2025-04-21 17:00:00+00:00,1.83,2.0,1.83,2.0,3.0,,,,,,,,,,,,,,,,,,,,,2.9060236916137736,,"rgba(38, 166, 154, 1.0)",0.0,0.0,0.4974552358873215,2.126611589845428,-0.25451855908117704,0.0,0.0,0.0,0.0,0.0,0.0,0.0,0.0,26.639579817299705,-26.074664686668672,True,False,False,True,True,0.0,0,0.8778544875199148,1.0785979819437068,False,False,False,False,-0.2912924034133908,-0.30089467275759463,False,False,False,False,30943.0,27286.661855937116,False,False,False,False,90.40161127432657,False,False,False,False
2025-04-22 17:00:00+00:00,2.0,2.0,2.0,2.0,0.0,,,,,,,,,,,,,,,,,,,,,2.9060236916137736,,"rgba(38, 166, 154, 1.0)",0.0,0.0,0.4968375484497407,2.126611589845428,-0.2548349862857354,0.0,0.0,0.0,0.0,0.0,0.0,0.0,0.0,39.355253694917856,-15.67396380596535,True,False,False,True,True,0.0,0,0.8959107806691448,1.0785979819437068,False,False,False,False,-0.2571033013380136,-0.2789989870478041,False,False,False,False,30943.0,27343.34926902336,False,False,False,False,89.00003590573236,False,False,False,False
2025-04-23 17:00:00+00:00,1.94,1.94,1.94,1.94,0.0,,,,,,,,,,,,,,,,,,,,,2.9060236916137736,,"rgba(239, 83, 80, 1.0)",0.0,0.0,0.4963174115150222,2.126611589845428,-0.37599243048071046,0.0,0.0,0.0,0.0,0.0,0.0,0.0,0.0,43.151806354569416,-13.537480430269106,True,False,False,True,True,0.0,0,0.9149165320409262,1.079698438341411,False,False,False,False,-0.2811711802321396,-0.28008508363997187,False,False,False,False,30943.0,27399.157807488114,False,False,False,False,87.62019038781402,False,False,False,False
2025-04-24 17:00:00+00:00,1.94,1.94,1.94,1.94,0.0,,,,,,,,,,,,,,,,,,,,,2.9060236916137736,,"rgba(239, 83, 80, 1.0)",0.0,0.0,0.4952555260025222,2.126611589845428,-0.3767986020300918,0.0,0.0,0.0,0.0,0.0,0.0,0.0,0.0,45.68284146100379,-12.05442170481603,True,False,False,False,True,0.0,0,0.9149165320409262,1.059235325794292,False,False,False,False,-0.2811711802321396,-0.28062813193605574,False,False,False,False,30943.0,27454.1010972945,False,False,False,False,86.26173782366186,False,False,False,False
2025-04-25 17:00:00+00:00,1.94,1.94,1.94,1.94,0.0,,,,,,,,,,,,,,,,,,,,,2.9060236916137736,,"rgba(239, 83, 80, 1.0)",0.0,0.0,0.4936483958636325,2.126611589845428,-0.37802531398679656,0.0,0.0,0.0,0.0,0.0,0.0,0.0,0.0,47.37019819862671,-10.897014998150638,True,False,False,False,True,0.0,0,0.9149165320409262,1.059235325794292,False,False,False,False,-0.2811711802321396,-0.28089965608409767,False,False,False,False,30943.0,27508.1925531504,False,False,False,False,84.92434653957407,False,False,False,False
2025-04-28 17:00:00+00:00,1.77,1.77,1.77,1.77,0.0,,,,,,,,,,,,,,,,,,,,,2.9060236916137736,,"rgba(239, 83, 80, 1.0)",0.0,0.0,0.49438603292320915,2.126611589845428,-0.7213221371503006,0.0,0.0,0.0,0.0,0.0,0.0,0.0,0.0,40.60453850149288,-10.897014998150638,True,False,False,True,False,0.0,0,0.916446324695928,1.0581702802749868,False,False,False,False,-0.34282825441539394,-0.3118639552497458,False,False,False,False,30943.0,27561.445381783724,False,False,False,False,83.6076900040768,False,False,False,False
2025-04-29 17:00:00+00:00,1.855,1.855,1.85,1.85,100.0,,,,,,,,,,,,,,,,,,,,,2.9023594217001465,,"rgba(239, 83, 80, 1.0)",0.0,0.0,0.4964866927079063,1.9848991320171234,-0.2717074475478185,0.0,0.0,0.0,0.0,0.0,0.0,0.0,0.0,40.908506971725025,-10.897014998150638,True,False,False,True,False,0.0,0,0.9171907756813417,1.0571278825995807,False,False,False,False,-0.3090124980684714,-0.3104382266591086,False,False,False,False,31043.0,27615.422972763823,False,False,False,False,83.86183434509887,False,False,False,False
2025-04-30 17:00:00+00:00,1.85,1.85,1.78,1.78,100.0,,,,,,,,,,,,,,,,,,,,,2.898553138925447,,"rgba(239, 83, 80, 1.0)",0.0,0.0,0.4993407816473787,1.9320973307720641,-0.30459625242360283,0.0,0.0,0.0,0.0,0.0,0.0,0.0,0.0,38.85335764456531,-2.169782156791257,True,False,False,True,False,0.0,0,0.9105098855359,1.0572320499479708,False,False,False,False,-0.3242942372212815,-0.31736623194019503,False,False,False,False,30943.0,27667.01331427136,False,False,False,False,84.11203846377951,False,False,False,False
2025-05-01 17:00:00+00:00,1.78,1.78,1.73,1.76,200.0,,,,,,,,,,,,,,,,,,,,,2.8906981036894366,,"rgba(239, 83, 80, 1.0)",-1.0,1.725,0.50204651448118,1.8503474361176342,-0.1799582977107214,0.0,0.0,0.0,0.0,0.0,0.0,0.0,0.0,36.90620048419014,-4.336423804872545,True,False,False,True,False,0.0,0,0.9057971014492754,1.0641821946169774,True,False,False,False,-0.34282825441539394,-0.3300972431777945,False,False,False,False,30743.0,27714.70303032917,True,False,False,False,85.90875104573642,False,False,False,False
2025-05-02 17:00:00+00:00,1.76,1.76,1.76,1.76,0.0,,,,,,,,,,,,,,,,,,,,,2.8906981036894366,,"rgba(239, 83, 80, 1.0)",0.0,0.0,0.5042362166308179,1.8503474361176342,-0.17917680868167996,0.0,0.0,0.0,0.0,0.0,0.0,0.0,0.0,35.60809571060669,-5.9954832016670565,True,False,False,True,False,0.0,0,0.908902691511387,1.0662525879917184,False,False,False,False,-0.34077511491021945,-0.33543617904400697,False,False,False,False,30743.0,27761.65337094422,True,False,False,False,84.5768324248723,False,False,False,False
2025-05-05 17:00:00+00:00,1.76,1.76,1.76,1.76,0.0,,,,,,,,,,,,,,,,,,,,,2.8906981036894366,,"rgba(239, 83, 80, 1.0)",0.0,0.0,0.5059165885742367,1.8503474361176342,-0.17858168353848486,0.0,0.0,0.0,0.0,0.0,0.0,0.0,0.0,34.742692528217724,-7.341213868181256,True,False,False,True,False,0.0,0,0.908902691511387,1.0662525879917184,False,False,False,False,-0.34077511491021945,-0.3381056469771132,False,False,False,False,30743.0,27807.875799301673,True,False,False,False,83.26556370510683,False,False,False,False
2025-05-06 17:00:00+00:00,1.86,1.86,1.86,1.86,0.0,,,,,,,,,,,,,,,,,,,,,2.8906981036894366,,"rgba(239, 83, 80, 1.0)",0.0,0.0,0.5055648255098367,1.8503474361176342,0.019092633417745745,0.0,0.0,0.0,0.0,0.0,0.0,0.0,0.0,40.01262334561224,-7.341213868181256,True,False,False,True,True,0.0,0,0.9098360655737703,1.0655737704918034,False,False,False,False,-0.3002631367902549,-0.3191843918836841,False,False,False,False,30743.0,27853.381600862886,False,False,False,False,81.97462473293463,False,False,False,False
2025-05-07 17:00:00+00:00,2.05,2.05,2.05,2.05,0.0,,,,,,,,,,,,,,,,,,,,,2.8906981036894366,,"rgba(38, 166, 154, 1.0)",0.0,0.0,0.5046812213022535,1.8503474361176342,0.3956013329903427,0.0,0.0,0.0,0.0,0.0,0.0,0.0,0.0,49.44065298525879,-8.946303434571263,True,False,False,False,True,0.0,0,0.9115577889447234,1.0643216080402012,False,False,False,False,-0.22574130781508467,-0.2724628498493844,False,False,False,False,30743.0,27898.181886120823,False,False,False,False,80.70370031847052,False,False,False,False
2025-05-08 17:00:00+00:00,2.05,2.28,2.05,2.28,33.0,,,,,,,,,,,,,,,,,,,,,2.8899188053274707,,"rgba(38, 166, 154, 1.0)",0.0,0.0,0.5014205046889502,1.8761702952158488,0.8053713420328944,0.0,0.0,0.0,0.0,0.0,0.0,0.0,0.0,59.19510120885565,-0.19529254036410038,True,False,True,False,True,0.7825849709650612,0,0.9135559921414538,1.0402750491159138,False,False,False,False,-0.18185369376450447,-0.22715827180694442,False,False,False,False,30776.0,27942.799221219724,False,False,False,False,79.96410806547098,False,False,False,False
2025-05-09 17:00:00+00:00,2.28,2.28,2.28,2.28,0.0,,,,,,,,,,,,,,,,,,,,,2.8899188053274707,,"rgba(38, 166, 154, 1.0)",0.0,0.0,0.4980125183852987,1.8761702952158488,0.8108826382386617,0.0,0.0,0.0,0.0,0.0,0.0,0.0,0.0,65.69806669125356,5.390792252953403,True,False,True,False,True,0.7825849709650612,0,0.9361493123772102,1.0402750491159138,False,False,False,False,-0.13864865737117923,-0.18290346458906181,False,False,False,False,30776.0,27986.724814689187,False,False,False,False,78.72435445205282,False,False,False,False
2025-05-12 17:00:00+00:00,2.2,2.2,2.2,2.2,0.0,,,,,,,,,,,,,,,,,,,,,2.8899188053274707,,"rgba(38, 166, 154, 1.0)",0.0,0.0,0.4946926245587171,1.8761702952158488,0.6546079094529026,0.0,0.0,0.0,0.0,0.0,0.0,0.0,0.0,66.72087620100521,6.136808148250438,True,False,True,False,True,0.0,0,0.9353876739562624,1.0606361829025845,False,False,False,False,-0.16864035537850922,-0.1757719099837855,False,False,False,False,30776.0,28029.969391205632,False,False,False,False,77.50382182488922,False,False,False,False
2025-05-13 17:00:00+00:00,2.28,2.39,2.28,2.39,1.0,,,,,,,,,,,,,,,,,,,,,2.8899003710320192,,"rgba(38, 166, 154, 1.0)",0.0,0.0,0.49094584204351793,1.8971031865839805,1.0039739034439745,0.0,0.0,0.0,0.0,0.0,0.0,0.0,0.0,70.02906515202896,9.360393013031043,True,False,True,False,True,3.7548330174109488,0,0.9158415841584158,1.0633663366336632,False,False,False,False,-0.11817537286917512,-0.1469736414264803,False,False,False,False,30777.0,28072.559013047405,False,False,False,True,76.31771606016224,False,False,False,False
2025-05-14 17:00:00+00:00,2.39,2.39,2.39,2.39,0.0,,,,,,,,,,,,,,,,,,,,,2.8899003710320192,,"rgba(38, 166, 154, 1.0)",0.0,0.0,0.4870850231939172,1.8971031865839805,1.0119317777089374,0.0,0.0,0.0,0.0,0.0,0.0,0.0,0.0,72.23452445271147,11.71790665400961,True,False,True,False,True,3.7548330174109488,0,0.9198019801980196,1.0564356435643563,False,False,False,False,-0.09780023835070721,-0.12238693988859375,False,False,False,False,30777.0,28114.488330674576,False,False,False,True,75.13449565612872,False,False,False,False
2025-05-15 17:00:00+00:00,2.39,2.39,2.39,2.39,0.0,,,,,,,,,,,,,,,,,,,,,2.8899003710320192,,"rgba(38, 166, 154, 1.0)",0.0,0.0,0.4816292544465481,1.8971031865839805,1.023394673113076,0.0,0.0,0.0,0.0,0.0,0.0,0.0,0.0,73.70483065316647,13.559161724156652,True,False,True,False,True,3.7548330174109488,0,0.9105960264900662,1.1059602649006623,False,False,False,False,-0.09780023835070721,-0.11009358911965048,False,False,False,False,30777.0,28155.767581361793,False,False,False,True,73.96961975448332,False,False,False,False
2025-05-16 17:00:00+00:00,2.39,2.39,2.39,2.39,0.0,,,,,,,,,,,,,,,,,,,,,2.8899003710320192,,"rgba(38, 166, 154, 1.0)",0.0,0.0,0.4759880004543976,1.8971031865839805,1.0355236118252567,0.0,0.0,0.0,0.0,0.0,0.0,0.0,0.0,74.68503478680313,15.08457947819295,True,False,True,False,True,3.7548330174109488,0,0.902167871039466,1.0789327404113394,False,False,False,False,-0.09780023835070721,-0.10394691373517884,False,False,False,False,30777.0,28196.406843666264,False,False,False,True,72.82280394433629,False,False,False,False
2025-05-19 17:00:00+00:00,2.39,2.39,2.03,2.03,175.0,,,,,,,,,,,,,,,,,,,,,2.8854786053341535,,"rgba(239, 83, 80, 1.0)",0.0,0.0,0.4711936921219283,2.0016458718062022,0.06017510138157902,0.0,0.0,0.0,0.0,0.0,0.0,0.0,0.0,64.26009820731775,24.170092244476294,True,False,True,False,False,0.0,0,0.8500576701268743,1.1141868512110726,False,False,False,False,-0.16487600071774342,-0.13441145722646114,False,False,False,False,30602.0,28233.702861593916,False,False,False,False,74.40694651884269,False,False,False,False
2025-05-20 17:00:00+00:00,2.38,2.38,2.38,2.38,0.0,,,,,,,,,,,,,,,,,,,,,2.8854786053341535,,"rgba(239, 83, 80, 1.0)",0.0,0.0,0.4668363140803672,2.0016458718062022,0.8104642179328468,0.0,0.0,0.0,0.0,0.0,0.0,0.0,0.0,63.378460308502966,23.178323160327594,True,False,True,False,False,2.860193474718475,0,0.8644939965694683,1.055460263007433,False,False,False,False,-0.10149830329856087,-0.117954880262511,False,False,False,False,30602.0,28270.42064668548,False,False,False,False,73.25335044878311,False,False,False,False
2025-05-21 17:00:00+00:00,2.38,2.38,2.38,2.38,0.0,,,,,,,,,,,,,,,,,,,,,2.8854786053341535,,"rgba(239, 83, 80, 1.0)",0.0,0.0,0.4623481002078033,2.0016458718062022,0.8183317461967414,0.0,0.0,0.0,0.0,0.0,0.0,0.0,0.0,62.79070170929312,22.186861948352032,True,False,True,False,False,2.860193474718475,0,0.858844550327576,1.0768314472900538,False,False,False,False,-0.10149830329856087,-0.10972659178053593,False,False,False,False,30602.0,28306.56916379113,False,False,False,False,72.11763958911204,False,False,False,False
2025-05-22 17:00:00+00:00,2.38,2.38,2.38,2.38,0.0,,,,,,,,,,,,,,,,,,,,,2.8854786053341535,,"rgba(239, 83, 80, 1.0)",0.0,0.0,0.4577252017972787,2.0016458718062022,0.826596671339426,0.0,0.0,0.0,0.0,0.0,0.0,0.0,0.0,62.39886264315321,21.19999070709372,True,False,True,False,False,2.860193474718475,0,0.8380541871921183,1.1096059113300494,False,False,False,False,-0.06820080026840547,-0.0889636960244707,False,False,False,False,30602.0,28342.15723877111,False,False,False,False,70.99953664974596,False,False,False,False
2025-05-23 17:00:00+00:00,2.38,2.38,2.38,2.38,0.0,,,,,,,,,,,,,,,,,,,,,2.8854786053341535,,"rgba(239, 83, 80, 1.0)",0.0,0.0,0.4536279381897741,2.0016458718062022,0.8340626675324265,0.0,0.0,0.0,0.0,0.0,0.0,0.0,0.0,62.137636599059945,20.232021552776374,True,False,True,False,False,2.860193474718475,0,0.8360349127182045,1.0766832917705735,False,False,False,False,-0.06820080026840547,-0.07858224814643808,False,False,False,False,30602.0,28377.193560650623,False,False,False,False,69.89876863967238,False,False,False,False
2025-05-26 17:00:00+00:00,2.38,2.38,2.38,2.38,0.0,,,,,,,,,,,,,,,,,,,,,2.8854786053341535,,"rgba(239, 83, 80, 1.0)",0.0,0.0,0.441495737789716,2.0016458718062022,0.8569825160441467,0.0,0.0,0.0,0.0,0.0,0.0,0.0,0.0,61.96348590299776,19.299194937628343,True,False,True,False,False,2.860193474718475,0,0.8360349127182045,1.0766832917705735,False,False,False,False,-0.06820080026840547,-0.07339152420742177,False,False,False,False,30602.0,28411.686683741307,False,False,False,False,68.81506680029761,False,False,False,False
2025-05-27 17:00:00+00:00,2.0,2.0,2.0,2.0,0.0,,,,,,,,,,,,,,,,,,,,,2.8854786053341535,,"rgba(239, 83, 80, 1.0)",0.0,0.0,0.4295797233794188,2.0016458718062022,-0.0038313535686798454,0.0,0.0,0.0,0.0,0.0,0.0,0.0,0.0,53.91383706783616,11.275530036382733,True,False,True,False,False,0.0,0,0.843452380952381,1.0732142857142857,False,False,False,False,-0.23137567582042,-0.1523836000139209,False,False,False,False,30602.0,28445.64502972981,False,False,False,False,67.74816653982788,False,False,False,False
2025-05-28 17:00:00+00:00,2.0,2.0,2.0,2.0,0.0,,,,,,,,,,,,,,,,,,,,,2.8854786053341535,,"rgba(239, 83, 80, 1.0)",0.0,0.0,0.4167219999294787,2.0016458718062022,-0.003949567832945622,0.0,0.0,0.0,0.0,0.0,0.0,0.0,0.0,48.547404511061764,6.1679027342501485,True,False,False,True,False,0.0,0,0.8432657926102501,1.0733015494636473,False,False,False,False,-0.22246472998823644,-0.18742416500107867,False,False,False,False,30602.0,28479.076889734,False,False,False,False,66.69780736866775,False,False,False,False
2025-05-29 17:00:00+00:00,2.0,2.0,2.0,2.0,0.0,,,,,,,,,,,,,,,,,,,,,2.8854786053341535,,"rgba(239, 83, 80, 1.0)",0.0,0.0,0.402832404289855,2.0016458718062022,-0.004085748288059673,0.0,0.0,0.0,0.0,0.0,0.0,0.0,0.0,44.96978280654551,2.8088586342287414,False,False,False,True,False,0.0,0,0.8702337023370232,1.0756457564575646,False,False,False,False,-0.22246472998823644,-0.20494444749465757,False,False,False,False,30602.0,28511.99042632727,False,False,False,False,65.66373283582018,False,False,False,False
2025-05-30 17:00:00+00:00,2.0,2.0,2.0,2.0,0.0,,,,,,,,,,,,,,,,,,,,,2.8854786053341535,,"rgba(239, 83, 80, 1.0)",0.0,0.0,0.3878000785210083,2.0016458718062022,-0.004244124478982217,0.0,0.0,0.0,0.0,0.0,0.0,0.0,0.0,42.58470167020133,0.48861224528835834,False,False,False,True,False,0.0,0,0.8702337023370232,1.0436654366543663,False,False,False,False,-0.22246472998823644,-0.213704588741447,False,False,False,False,30602.0,28544.393675531497,False,False,False,False,64.64569046627258,False,False,False,False
2025-06-02 17:00:00+00:00,2.0,2.0,2.0,2.0,0.0,,,,,,,,,,,,,,,,,,,,,2.8854786053341535,,"rgba(239, 83, 80, 1.0)",0.0,0.0,0.37148632557617706,2.0016458718062022,-0.0044305044166820465,0.0,0.0,0.0,0.0,0.0,0.0,0.0,0.0,40.994647579305216,-1.2170986211831973,False,False,False,True,False,0.0,0,0.8619109947643978,1.0464659685863873,False,False,False,False,-0.22246472998823644,-0.21808465936484173,False,False,False,False,30602.0,28576.294548779068,False,False,False,False,63.64343169935363,False,False,False,False
2025-06-03 17:00:00+00:00,2.0,2.0,2.0,2.0,0.0,,,,,,,,,,,,,,,,,,,,,2.8854786053341535,,"rgba(239, 83, 80, 1.0)",0.0,0.0,0.3537138865149528,2.0016458718062022,-0.0046531161736921515,0.0,0.0,0.0,0.0,0.0,0.0,0.0,0.0,39.934611518707804,-2.5566815640696134,False,False,False,True,False,0.0,0,0.8619109947643978,1.0464659685863873,False,False,False,False,-0.22246472998823644,-0.2202746946765391,False,False,False,False,30602.0,28607.700834844505,False,False,False,False,62.656711828045815,False,False,False,False
2025-06-04 17:00:00+00:00,2.0,2.0,2.0,2.0,0.0,,,,,,,,,,,,,,,,,,,,,2.8854786053341535,,"rgba(239, 83, 80, 1.0)",0.0,0.0,0.34174037877676366,2.0016458718062022,-0.004816146725457269,0.0,0.0,0.0,0.0,0.0,0.0,0.0,0.0,39.22792081164286,-3.671961481781935,False,False,False,True,False,0.0,0,0.8495007132667618,1.050641940085592,False,False,False,False,-0.22000866866253221,-0.22014168166953565,False,False,False,False,30602.0,28638.62020174614,False,False,False,False,61.6852899392389,False,False,False,False
2025-06-05 17:00:00+00:00,2.0,2.0,2.0,2.0,0.0,,,,,,,,,,,,,,,,,,,,,2.8854786053341535,,"rgba(239, 83, 80, 1.0)",0.0,0.0,0.32881133175712085,2.0016458718062022,-0.005005520331087535,0.0,0.0,0.0,0.0,0.0,0.0,0.0,0.0,38.75679367359957,-4.641477709098218,False,True,False,True,False,0.0,0,0.8406344410876133,1.0536253776435045,False,False,False,False,-0.22000866866253221,-0.22007517516603392,False,False,False,False,30602.0,28669.060198618292,False,False,False,False,60.72892885490961,False,False,False,False
2025-06-06 17:00:00+00:00,2.0,2.0,2.0,2.0,0.0,,,,,,,,,,,,,,,,,,,,,2.8854786053341535,,"rgba(239, 83, 80, 1.0)",0.0,0.0,0.3148090369251322,2.0016458718062022,-0.005228159338366319,0.0,0.0,0.0,0.0,0.0,0.0,0.0,0.0,38.44270891490404,-5.5071921537510065,False,True,False,True,False,0.0,0,0.8364341085271318,1.0813953488372094,False,False,False,False,-0.22000866866253221,-0.22004192191428307,False,False,False,False,30602.0,28699.02825755444,False,False,False,False,59.787395074213336,False,False,False,False
2025-06-09 17:00:00+00:00,2.0,2.0,2.0,2.0,0.0,,,,,,,,,,,,,,,,,,,,,2.8854786053341535,,"rgba(239, 83, 80, 1.0)",0.0,0.0,0.29958304357890414,2.0016458718062022,-0.005493875042259351,0.0,0.0,0.0,0.0,0.0,0.0,0.0,0.0,38.233319075773686,-6.290689965234762,False,True,False,True,False,0.0,0,0.8100775193798448,1.0813953488372094,False,False,False,False,-0.22000866866253221,-0.22002529528840764,False,False,False,False,30602.0,28728.53169542181,False,False,False,False,58.860458716473595,False,False,False,False
2025-06-10 17:00:00+00:00,1.895,1.895,1.895,1.895,0.0,,,,,,,,,,,,,,,,,,,,,2.8854786053341535,,"rgba(239, 83, 80, 1.0)",0.0,0.0,0.28376112908285733,2.0016458718062022,-0.37582974155372056,0.0,0.0,0.0,0.0,0.0,0.0,0.0,0.0,34.84935872844685,-9.92272301849475,False,True,False,True,False,0.0,0,0.8131197559115179,1.080091533180778,False,False,False,False,-0.27164828388563866,-0.24583678958702315,False,False,False,False,30602.0,28757.577715647825,False,False,False,False,57.9478934650554,False,False,False,False
2025-06-11 17:00:00+00:00,1.895,1.895,1.895,1.895,0.0,,,,,,,,,,,,,,,,,,,,,2.8854786053341535,,"rgba(239, 83, 80, 1.0)",0.0,0.0,0.2662150116586819,2.0016458718062022,-0.40060051888784703,0.0,0.0,0.0,0.0,0.0,0.0,0.0,0.0,32.593385163562296,-12.320982488810408,False,True,False,True,False,0.0,0,0.8116833205226749,1.080707148347425,False,False,False,False,-0.27164828388563866,-0.2587425367363309,False,False,False,False,30602.0,28786.173409978863,False,False,False,False,57.049476512108804,False,False,False,False
2025-06-12 17:00:00+00:00,1.895,1.895,1.895,1.895,0.0,,,,,,,,,,,,,,,,,,,,,2.8854786053341535,,"rgba(239, 83, 80, 1.0)",0.0,0.0,0.2465768889457443,2.0016458718062022,-0.43250554527706814,0.0,0.0,0.0,0.0,0.0,0.0,0.0,0.0,31.08940278697259,-13.969054901122142,False,True,False,True,False,0.0,0,0.8102246320681642,1.0813323005422153,False,False,False,False,-0.27164828388563866,-0.2651954103109848,False,False,False,False,30602.0,28814.325760211745,False,False,False,False,56.16498850416913,False,False,False,False
2025-06-13 17:00:00+00:00,1.895,1.985,1.895,1.985,100.0,,,,,,,,,,,,,,,,,,,,,2.8823118810196378,,"rgba(239, 83, 80, 1.0)",0.0,0.0,0.2235973698051558,1.9902627445443428,-0.023536701477878355,0.0,0.0,0.0,0.0,0.0,0.0,0.0,0.0,35.81716323734777,-13.969054901122142,False,True,False,True,True,0.0,0,0.8559935639581657,1.0699919549477073,False,False,False,False,-0.24935876298156998,-0.2572770866462774,False,False,False,False,30702.0,28843.592027495284,False,False,False,False,56.844601085499846,False,False,False,False
2025-06-16 17:00:00+00:00,1.985,1.985,1.985,1.985,0.0,,,,,,,,,,,,,,,,,,,,,2.8823118810196378,,"rgba(239, 83, 80, 1.0)",0.0,0.0,0.2095622421461776,1.9902627445443428,-0.025113037971180703,0.0,0.0,0.0,0.0,0.0,0.0,0.0,0.0,38.96900353759789,-16.382695879374914,False,True,False,True,True,0.0,0,0.8696356275303644,1.017004048582996,False,False,False,False,-0.22730942874818927,-0.24229325769723334,False,False,False,False,30702.0,28872.404554200784,False,False,False,False,55.96328944076341,False,False,False,False
2025-06-17 17:00:00+00:00,1.985,1.985,1.985,1.985,0.0,,,,,,,,,,,,,,,,,,,,,2.8823118810196378,,"rgba(239, 83, 80, 1.0)",0.0,0.0,0.1939883204434441,1.9902627445443428,-0.027129182480225857,0.0,0.0,0.0,0.0,0.0,0.0,0.0,0.0,41.07023040443131,-14.422970362781655,False,True,False,True,True,0.0,0,0.8696356275303644,1.017004048582996,False,False,False,False,-0.22730942874818927,-0.2348013432227113,False,False,False,False,30702.0,28900.770375065887,False,False,False,False,55.095641542457,False,False,False,False
2025-06-18 17:00:00+00:00,1.985,1.985,1.9,1.9,100.0,,,,,,,,,,,,,,,,,,,,,2.879076190799218,,"rgba(239, 83, 80, 1.0)",0.0,0.0,0.19382412851033975,1.9707643027697506,-0.3650954260112959,0.0,0.0,0.0,0.0,0.0,0.0,0.0,0.0,38.800188644182924,-14.422970362781655,False,True,False,True,False,0.0,0,0.8511705685618727,1.0175585284280935,False,False,False,False,-0.2481277357153066,-0.24146453946900895,False,False,False,False,30602.0,28927.14602816564,False,False,False,False,55.79183314644992,False,False,False,False
2025-06-19 17:00:00+00:00,1.9,1.9,1.9,1.9,0.0,,,,,,,,,,,,,,,,,,,,,2.879076190799218,,"rgba(239, 83, 80, 1.0)",0.0,0.0,0.19357036572390518,1.9707643027697506,-0.3655740510956298,0.0,0.0,0.0,0.0,0.0,0.0,0.0,0.0,37.286827470684,-14.422970362781655,False,True,False,True,False,0.0,0,0.8511705685618727,1.031772575250836,False,False,False,False,-0.2691589999922934,-0.2553117697306512,False,False,False,False,30602.0,28953.11275641113,False,False,False,False,54.92684348526465,False,False,False,False
2025-06-20 17:00:00+00:00,1.9,1.9,1.9,1.9,0.0,,,,,,,,,,,,,,,,,,,,,2.879076190799218,,"rgba(239, 83, 80, 1.0)",0.0,0.0,0.1932266791867766,1.9707643027697506,-0.36622428676812546,0.0,0.0,0.0,0.0,0.0,0.0,0.0,0.0,36.27792002168472,-14.422970362781655,False,True,False,True,False,0.0,0,0.848122866894198,1.0324232081911264,False,False,False,False,-0.2691589999922934,-0.2622353848614723,False,False,False,False,30602.0,28978.676899722584,False,False,False,False,54.07526451650085,False,False,False,False
2025-06-23 17:00:00+00:00,1.9,1.9,1.9,1.9,0.0,,,,,,,,,,,,,,,,,,,,,2.879076190799218,,"rgba(239, 83, 80, 1.0)",0.0,0.0,0.19279258798507254,1.9707643027697506,-0.3670488762525962,0.0,0.0,0.0,0.0,0.0,0.0,0.0,0.0,35.6053150556852,-14.422970362781655,False,True,False,True,False,0.0,0,0.848122866894198,1.0324232081911264,False,False,False,False,-0.2691589999922934,-0.26569719242688283,False,False,False,False,30602.0,29003.844699726884,False,False,False,False,53.236888322446575,False,False,False,False
2025-06-24 17:00:00+00:00,1.9,1.9,1.83,1.83,99.0,,,,,,,,,,,,,,,,,,,,,2.8756434092804186,,"rgba(239, 83, 80, 1.0)",0.0,0.0,0.19306939890307,1.9382300984544778,-0.5605761403380883,0.0,0.0,0.0,0.0,0.0,0.0,0.0,0.0,32.382657699283214,-12.433415914889885,False,True,False,True,False,0.0,0,0.8381112984822934,1.0320404721753795,True,False,False,False,-0.2866544112325237,-0.27617580182970325,False,False,False,False,30503.0,29027.087417560575,True,False,False,False,53.9463939298505,False,False,False,False
2025-06-25 17:00:00+00:00,1.83,1.83,1.83,1.83,0.0,,,,,,,,,,,,,,,,,,,,,2.8756434092804186,,"rgba(239, 83, 80, 1.0)",0.0,0.0,0.1932111993844238,1.9382300984544778,-0.5601647254367335,0.0,0.0,0.0,0.0,0.0,0.0,0.0,0.0,30.234219461681885,-14.597231327755296,False,True,False,True,False,0.0,0,0.8381112984822934,1.0438448566610454,True,False,False,False,-0.30432235502042854,-0.29024907842506587,False,False,False,False,30503.0,29049.969783179793,True,False,False,False,53.110015729387705,False,False,False,False
2025-06-26 17:00:00+00:00,1.96,1.96,1.96,1.96,0.0,,,,,,,,,,,,,,,,,,,,,2.8756434092804186,,"rgba(38, 166, 154, 1.0)",0.0,0.0,0.1920912180086223,1.9382300984544778,0.11333106099907696,0.0,0.0,0.0,0.0,0.0,0.0,0.0,0.0,37.77484174882194,-17.931186329863365,False,True,False,True,True,0.0,0,0.8415841584158416,1.0429042904290429,False,False,False,False,-0.2395309234561227,-0.2648900009405943,False,False,False,False,30503.0,29072.497383440572,False,False,False,False,52.28660463280805,False,False,False,False
2025-06-27 17:00:00+00:00,1.96,1.96,1.96,1.96,0.0,,,,,,,,,,,,,,,,,,,,,2.8756434092804186,,"rgba(38, 166, 154, 1.0)",0.0,0.0,0.19090568871037347,1.9382300984544778,0.11403484983912492,0.0,0.0,0.0,0.0,0.0,0.0,0.0,0.0,42.80192327358198,-13.522558310030306,False,True,False,True,True,0.0,0,0.8344827586206897,1.0448275862068965,False,False,False,False,-0.2395309234561227,-0.2522104621983585,False,False,False,False,30503.0,29094.675718581027,False,False,False,False,51.47595959974126,False,False,False,False
2025-06-30 17:00:00+00:00,1.96,1.96,1.96,1.96,0.0,,,,,,,,,,,,,,,,,,,,,2.8756434092804186,,"rgba(38, 166, 154, 1.0)",0.0,0.0,0.1896533822672442,1.9382300984544778,0.11478783708083719,0.0,0.0,0.0,0.0,0.0,0.0,0.0,0.0,46.153310956755334,-10.649140374983062,False,False,False,True,True,0.0,0,0.8344827586206897,1.0448275862068965,False,False,False,False,-0.2395309234561227,-0.2458706928272406,False,False,False,False,30503.0,29116.510203564267,False,False,False,False,50.677882706722016,False,False,False,False
2025-07-01 17:00:00+00:00,1.96,2.64,1.96,2.43,817.0,,,,,,,,,,2.3433333333333333,,,,,,,,,,,2.8613371053872387,,"rgba(38, 166, 154, 1.0)",0.0,0.0,0.19438693186343398,2.2312621616331625,1.0223827109245205,0.0,0.0,0.0,0.0,1.0,2.64,1.96,374.0,58.628579788943796,0.5447989884553834,True,False,True,False,True,7.608514004399378,0,0.8518518518518519,0.935185185185185,False,False,False,False,-0.07773516575297275,-0.16180292929010667,False,False,False,False,31320.0,29150.672836067144,False,False,False,False,62.558845765532524,False,False,False,False
2025-07-02 17:00:00+00:00,2.64,2.64,2.64,2.64,0.0,,,,,,,,,,2.3433333333333333,,,,,,,,,,,2.8613371053872387,,"rgba(38, 166, 154, 1.0)",0.0,0.0,0.20617785115357645,2.2312621616331625,1.9824527032361958,0.0,0.0,0.0,0.0,0.0,0.0,0.0,0.0,68.29603006937597,8.748804612863864,True,False,True,False,True,12.335036441672095,0,0.9267563527653214,0.9058295964125561,False,False,False,False,0.08006535580428302,-0.040868786742911827,False,False,False,False,31320.0,29184.305815352924,False,False,False,False,61.58894118002039,False,False,False,False
2025-07-03 17:00:00+00:00,2.7,2.7,2.7,2.7,0.0,,,,,,,,,,2.3433333333333333,,,,,,,,,,,2.8613371053872387,,"rgba(38, 166, 154, 1.0)",0.0,0.0,0.21956191024955218,2.2312621616331625,2.13487775650191,0.0,0.0,0.0,0.0,0.0,0.0,0.0,0.0,75.04397155824682,14.26723639125295,True,False,True,False,True,13.59070971154576,0,0.9255319148936171,0.9300911854103343,False,False,False,False,0.10810333099118169,0.03361727212413493,False,False,False,False,31320.0,29217.417353099387,False,False,False,False,60.6340738749038,False,True,False,False
2025-07-04 17:00:00+00:00,2.7,2.7,2.7,2.7,0.0,,,,,,,,,,2.3433333333333333,,,,,,,,,,,2.8613371053872387,,"rgba(38, 166, 154, 1.0)",0.0,0.0,0.23177297450676093,2.2312621616331625,2.022400753859956,0.0,0.0,0.0,0.0,0.0,0.0,0.0,0.0,79.54259921749406,17.960184476546885,True,False,True,False,True,13.59070971154576,0,0.9040675364543361,0.9339984650805834,False,False,False,False,0.10810333099118169,0.07086030155765831,False,False,False,False,31320.0,29250.01553367149,False,False,False,False,59.694010714052574,False,True,False,False
2025-07-07 17:00:00+00:00,2.75,2.75,2.67,2.67,150.0,,,,,,,,,2.6966666666666668,2.3981420199931054,,,,,,,,,,,2.860528549761585,2.6966666666666668,"rgba(38, 166, 154, 1.0)",0.0,0.0,0.24279737965548037,2.3153704265270987,1.4605988498562308,-1.0,2.75,2.67,0.0,-1.0,2.7,2.67,0.0,81.23025978089382,19.426740645914435,True,False,True,False,True,12.676068474257843,0,0.8904942965779468,0.9269961977186313,False,True,False,False,0.11279164699692895,0.09182597427729364,False,False,False,False,31170.0,29279.78273469984,False,False,False,False,61.09410357119904,False,False,False,False
2025-07-08 17:00:00+00:00,2.67,2.67,2.67,2.67,0.0,,,,,,,,,2.6966666666666668,2.3981420199931054,,,,,,,,,,,2.860528549761585,2.6966666666666668,"rgba(38, 166, 154, 1.0)",0.0,0.0,0.2531501174836422,2.3153704265270987,1.400866714967321,0.0,0.0,0.0,0.0,0.0,0.0,0.0,0.0,82.35536682316032,20.769970937172857,True,False,True,False,True,12.676068474257843,0,0.8904942965779468,0.9391634980988594,False,False,False,False,0.0940659095938109,0.09294594193555228,False,False,False,False,31170.0,29309.0884287355,False,False,False,False,60.14690816699441,False,False,False,False
2025-07-09 17:00:00+00:00,2.65,2.65,2.65,2.65,0.0,,,,,,,,,2.6966666666666668,2.3981420199931054,,,,,,,,,,,2.860528549761585,2.6966666666666668,"rgba(38, 166, 154, 1.0)",0.0,0.0,0.2622878035515409,2.3153704265270987,1.2758106512838474,0.0,0.0,0.0,0.0,0.0,0.0,0.0,0.0,82.08630132302804,21.077013601821676,True,False,True,False,True,12.052191588130288,0,0.8908263836239575,0.9393479909021986,False,False,False,False,0.08472845887875571,0.088837200407154,False,False,False,False,31170.0,29337.93977092565,False,False,False,False,59.21439796285496,False,False,False,False
2025-07-10 17:00:00+00:00,2.625,2.625,2.515,2.515,2.0,,,,,,,,,2.6947587719298247,2.3984588923288612,,,,,,,,,,,2.8605083303328858,2.6947587719298247,"rgba(38, 166, 154, 1.0)",0.0,0.0,0.2674142112161584,2.3156296029602794,0.7455489973139985,0.0,0.0,0.0,0.0,-1.0,2.65,2.565,0.0,76.05373662542861,21.077013601821676,True,False,True,False,False,7.984995594290332,0,0.8766716196136701,0.9405646359583952,False,False,False,False,0.04750937058279978,0.06817328549497689,False,False,False,False,31168.0,29366.312797733,False,False,False,False,58.32735303319829,False,False,False,False
2025-07-11 17:00:00+00:00,2.565,2.565,2.565,2.565,0.0,,,,,,,,,2.6947587719298247,2.3984588923288612,,,,,,,,,,,2.8605083303328858,2.6947587719298247,"rgba(38, 166, 154, 1.0)",0.0,0.0,0.2735322501861374,2.3156296029602794,0.9116672599666955,0.0,0.0,0.0,0.0,0.0,0.0,0.0,0.0,73.02033427643781,21.077013601821676,True,False,True,False,False,9.147771511825017,0,0.8735719725818736,0.9405940594059408,False,False,False,False,0.0451886018286606,0.05668094366181875,False,False,False,False,31168.0,29394.245932651866,False,False,False,False,57.42305298617196,False,False,False,False
2025-07-14 17:00:00+00:00,2.23,2.28,2.08,2.28,300.0,,,,,,,,,2.3752286135693215,2.3546939847649067,,,,,,,,,,,2.8542150983760655,2.3752286135693215,"rgba(239, 83, 80, 1.0)",0.0,0.0,0.27448710565556794,2.281413188506284,-0.005148469553457074,0.0,0.0,0.0,0.0,0.0,0.0,0.0,0.0,63.28652628717265,24.214390672206022,True,False,True,False,False,1.434119783804661,0,0.8539007092198582,0.9446808510638298,False,False,False,False,-0.1339533976561899,-0.03863622699718558,False,False,False,False,30868.0,29417.094832920826,False,False,False,False,61.183935885611156,False,False,False,False
2025-07-15 17:00:00+00:00,2.28,2.28,2.28,2.28,0.0,,,,,,,,,2.3752286135693215,2.3546939847649067,,,,,,,,,,,2.8542150983760655,2.3752286135693215,"rgba(239, 83, 80, 1.0)",0.0,0.0,0.2741560678692873,2.281413188506284,-0.00515468622404531,0.0,0.0,0.0,0.0,0.0,0.0,0.0,0.0,56.797320960995876,18.18334443031972,True,False,True,False,False,1.434119783804661,0,0.8822695035460991,0.9446808510638298,False,False,False,False,-0.08706142370046238,-0.06284882534882398,False,False,False,False,30868.0,29439.589486673987,False,False,False,False,60.235347732345865,False,False,False,False
2025-07-16 17:00:00+00:00,2.07,2.07,2.07,2.07,0.0,,,,,,,,,2.3752286135693215,2.3546939847649067,,,,,,,,,,,2.8542150983760655,2.3752286135693215,"rgba(239, 83, 80, 1.0)",0.0,0.0,0.2726788693055725,2.281413188506284,-0.7753192942477987,0.0,0.0,0.0,0.0,0.0,0.0,0.0,0.0,48.911584966307714,10.923962910273332,False,False,False,True,False,0.0,0,0.8856749311294765,0.9462809917355373,False,False,False,False,-0.18622869485308083,-0.12453876010095241,False,False,False,False,30868.0,29461.735386105396,False,False,False,False,59.30146637215446,False,False,False,False
2025-07-17 17:00:00+00:00,2.07,2.07,2.07,2.07,0.0,,,,,,,,,2.3752286135693215,2.3546939847649067,,,,,,,,,,,2.8542150983760655,2.3752286135693215,"rgba(239, 83, 80, 1.0)",0.0,0.0,0.27139366706414175,2.281413188506284,-0.7789908688485291,0.0,0.0,0.0,0.0,0.0,0.0,0.0,0.0,43.65442763651561,6.11289305947254,False,True,False,True,False,0.0,0,0.8856749311294765,0.9462809917355373,False,False,False,False,-0.18622869485308083,-0.15538372747701662,False,False,False,False,30868.0,29483.5379382588,False,False,False,False,58.38206379274121,False,False,False,False
2025-07-18 17:00:00+00:00,2.07,2.07,2.07,2.07,0.0,,,,,,,,,2.3752286135693215,2.3546939847649067,,,,,,,,,,,2.8542150983760655,2.3752286135693215,"rgba(239, 83, 80, 1.0)",0.0,0.0,0.2700700609801789,2.281413188506284,-0.7828086820841661,0.0,0.0,0.0,0.0,0.0,0.0,0.0,0.0,40.14965608332086,2.745756031233441,False,True,False,True,False,0.0,0,0.8856749311294765,0.9462809917355373,False,False,False,False,-0.18622869485308083,-0.17080621116504874,False,False,False,False,30868.0,29505.002466347807,False,False,False,False,57.47691551688475,False,False,False,False
2025-07-21 17:00:00+00:00,2.25,2.25,2.25,2.25,0.0,,,,,,,,,2.3752286135693215,2.3546939847649067,,,,,,,,,,,2.8542150983760655,2.3752286135693215,"rgba(239, 83, 80, 1.0)",0.0,0.0,0.26937532007045994,2.281413188506284,-0.11661494638063861,0.0,0.0,0.0,0.0,0.0,0.0,0.0,0.0,42.922131422457106,2.745756031233441,False,True,False,True,False,0.8489945097007165,0,0.8861454046639233,0.9465020576131689,False,False,False,False,-0.10107970447706657,-0.13594295782105764,False,False,False,False,30868.0,29526.134211055592,False,False,False,False,56.585800547630726,False,False,False,False
2025-07-22 17:00:00+00:00,2.18,2.18,2.18,2.18,0.0,,,,,,,,,2.3752286135693215,2.3546939847649067,,,,,,,,,,,2.8542150983760655,2.3752286135693215,"rgba(239, 83, 80, 1.0)",0.0,0.0,0.26813859533141804,2.281413188506284,-0.3782118287780902,0.0,0.0,0.0,0.0,0.0,0.0,0.0,0.0,43.29784373750569,2.745756031233441,False,True,False,True,False,0.0,0,0.8860672614962251,0.9464653397391901,False,False,False,False,-0.13395339765618977,-0.13494817773862372,False,False,False,False,30868.0,29546.938331814417,False,False,False,False,55.70850131433412,False,False,False,False
2025-07-23 17:00:00+00:00,2.16,2.16,2.16,2.16,0.0,,,,,,,,,2.3752286135693215,2.3546939847649067,,,,,,,,,,,2.8542150983760655,2.3752286135693215,"rgba(239, 83, 80, 1.0)",0.0,0.0,0.2667476453622524,2.281413188506284,-0.45516123803604963,0.0,0.0,0.0,0.0,0.0,0.0,0.0,0.0,43.130371702646045,2.745756031233441,False,True,False,True,False,0.0,0,0.8863791923340177,0.9466119096509241,False,False,False,False,-0.14339590250365242,-0.13917204012113807,False,False,False,False,30868.0,29567.419908065353,False,False,False,False,54.84480361953824,False,False,False,False
2025-07-24 17:00:00+00:00,2.16,2.16,2.16,2.16,0.0,,,,,,,,,2.3752286135693215,2.3546939847649067,,,,,,,,,,,2.8542150983760655,2.3752286135693215,"rgba(239, 83, 80, 1.0)",0.0,0.0,0.26528414139498674,2.281413188506284,-0.457672244815831,0.0,0.0,0.0,0.0,0.0,0.0,0.0,0.0,43.018723679406285,2.745756031233441,False,True,False,True,False,0.0,0,0.8863791923340177,0.9466119096509241,False,False,False,False,-0.14339590250365242,-0.14128397131239523,False,False,False,False,30868.0,29587.583940498447,False,False,False,False,53.99449658667718,False,False,False,False
2025-07-25 17:00:00+00:00,2.16,2.16,2.16,2.16,0.0,,,,,,,,,2.3752286135693215,2.3546939847649067,,,,,,,,,,,2.8542150983760655,2.3752286135693215,"rgba(239, 83, 80, 1.0)",0.0,0.0,0.26374687564863025,2.281413188506284,-0.4603398171360081,0.0,0.0,0.0,0.0,0.0,0.0,0.0,0.0,42.94429166391311,2.0818823978647316,False,True,False,True,False,0.0,0,0.8863791923340177,0.9466119096509241,False,False,False,False,-0.14339590250365242,-0.14233993690802382,False,False,False,False,30868.0,29607.435352273664,False,False,False,False,53.15737260858916,False,False,False,False
2025-07-28 17:00:00+00:00,2.06,2.06,2.06,2.06,0.0,,,,,,,,,2.3752286135693215,2.3546939847649067,,,,,,,,,,,2.8542150983760655,2.3752286135693215,"rgba(239, 83, 80, 1.0)",0.0,0.0,0.261846664434885,2.281413188506284,-0.845583383634601,0.0,0.0,0.0,0.0,0.0,0.0,0.0,0.0,40.49102327470874,-1.136402591083609,False,True,False,True,False,0.0,0,0.8879135719108711,0.9473328831870358,False,False,False,False,-0.19102703925220946,-0.16668348808011663,False,False,False,False,30868.0,29626.978990222906,False,False,False,False,52.333227296828085,False,False,False,False
2025-07-29 17:00:00+00:00,2.06,2.3,2.06,2.3,100.0,,,,,,,,2.2199999999999998,2.347107487922705,2.3448551253956658,,,,,,,,2.2199999999999998,2.2199999999999998,2.2199999999999998,2.852166004329424,2.347107487922705,"rgba(239, 83, 80, 1.0)",0.0,0.0,0.2607447407328083,2.2719352777836024,0.10763293686201736,0.0,0.0,0.0,0.0,1.0,2.3,2.06,389.0,45.56950826378315,-1.136402591083609,False,True,False,True,True,2.1328458389818366,0,0.8901389808074123,0.928524156187955,False,False,False,False,-0.1339533976561899,-0.15031844286815327,False,False,False,False,30968.0,29647.770013630303,False,False,False,False,53.07224702866021,False,False,False,False
2025-07-30 17:00:00+00:00,2.3,2.3,2.3,2.3,0.0,,,,,,,,2.2199999999999998,2.347107487922705,2.3448551253956658,,,,,,,,2.2199999999999998,2.2199999999999998,2.2199999999999998,2.852166004329424,2.347107487922705,"rgba(239, 83, 80, 1.0)",0.0,0.0,0.2594847979369118,2.2719352777836024,0.1081555545432021,0.0,0.0,0.0,0.0,0.0,0.0,0.0,0.0,48.95516492316609,-8.914407767136339,False,False,False,False,True,2.1328458389818366,0,0.9099933818663136,0.928524156187955,False,False,False,False,-0.07773516575297275,-0.114026804310563,False,False,False,False,30968.0,29668.238695589524,False,False,False,False,52.24942149333214,False,False,False,False
2025-07-31 17:00:00+00:00,2.3,2.3,2.3,2.3,0.0,,,,,,,,2.2199999999999998,2.347107487922705,2.3448551253956658,,,,,,,,2.2199999999999998,2.2199999999999998,2.2199999999999998,2.852166004329424,2.347107487922705,"rgba(239, 83, 80, 1.0)",0.0,0.0,0.2580645215780287,2.2719352777836024,0.10875079629228211,0.0,0.0,0.0,0.0,0.0,0.0,0.0,0.0,51.21226936275471,-6.448975597585225,False,False,True,False,True,2.1328458389818366,0,0.9099933818663136,0.928524156187955,False,False,False,False,-0.07773516575297275,-0.09588098503176787,False,False,False,False,30968.0,29688.390033642398,False,False,False,False,51.43935294304792,False,False,False,False
2025-08-01 17:00:00+00:00,2.25,2.25,2.25,2.25,0.0,,,,,,,,2.2199999999999998,2.347107487922705,2.3448551253956658,,,,,,,,2.2199999999999998,2.2199999999999998,2.2199999999999998,2.852166004329424,2.347107487922705,"rgba(239, 83, 80, 1.0)",0.0,0.0,0.25610407512825106,2.2719352777836024,-0.08564985845155995,0.0,0.0,0.0,0.0,0.0,0.0,0.0,0.0,51.14031468689766,-6.08834619543839,False,False,False,False,True,0.8899756840728408,0,0.923949299533022,0.9279519679786525,False,False,False,False,-0.10107970447706657,-0.09848034475441722,False,False,False,False,30968.0,29708.228947849493,False,False,False,False,50.64184359509369,False,False,False,False
2025-08-04 17:00:00+00:00,2.25,2.25,2.25,2.25,0.0,,,,,,,,2.2199999999999998,2.347107487922705,2.3448551253956658,,,,,,,,2.2199999999999998,2.2199999999999998,2.2199999999999998,2.852166004329424,2.347107487922705,"rgba(239, 83, 80, 1.0)",0.0,0.0,0.25599500276654036,2.2719352777836024,-0.08568635147775398,0.0,0.0,0.0,0.0,0.0,0.0,0.0,0.0,51.09234490299296,-5.5751127125176225,False,False,False,False,True,0.8899756840728408,0,0.9226150767178118,0.914609739826551,False,False,False,False,-0.10107970447706657,-0.0997800246157419,False,False,False,False,30968.0,29727.76028199136,False,False,False,False,49.85669873315425,False,False,False,False
2025-08-05 17:00:00+00:00,2.25,2.355,2.25,2.3,666.0,,,,,,,,2.291005221932115,2.3222605363984674,2.330720720720721,,,,,,,2.3016666666666667,2.291005221932115,2.291005221932115,2.291005221932115,2.840569946547743,2.3222605363984674,"rgba(239, 83, 80, 1.0)",0.0,0.0,0.2562018489148487,2.287427133913309,0.04907406460938366,0.0,0.0,0.0,0.0,1.0,2.3,2.25,394.0,52.64490454179135,-3.5519406422103614,False,False,True,False,True,2.1128594110714296,0,0.9236842105263158,0.9019736842105263,False,False,False,False,-0.0765703648564417,-0.0881751947360918,False,False,False,False,31634.0,29757.31438614653,False,False,False,False,59.40930805512086,False,False,False,False
2025-08-06 17:00:00+00:00,2.3,2.3,2.3,2.3,0.0,,,,,,,,2.291005221932115,2.3222605363984674,2.330720720720721,,,,,,,2.3016666666666667,2.291005221932115,2.291005221932115,2.291005221932115,2.840569946547743,2.3222605363984674,"rgba(239, 83, 80, 1.0)",0.0,0.0,0.2557964421562962,2.287427133913309,0.04915184113080271,0.0,0.0,0.0,0.0,0.0,0.0,0.0,0.0,53.67994430099027,-2.071339095405577,False,False,True,False,True,2.1128594110714296,0,0.9298941798941799,0.9087301587301588,False,False,False,False,-0.07773516575297275,-0.08295518024453227,False,False,False,False,31634.0,29786.410287136503,False,False,False,False,58.48823351163061,False,False,False,False
2025-08-07 17:00:00+00:00,2.055,2.055,2.055,2.055,0.0,,,,,,,,2.291005221932115,2.3222605363984674,2.330720720720721,,,,,,,2.3016666666666667,2.291005221932115,2.291005221932115,2.291005221932115,2.840569946547743,2.3222605363984674,"rgba(239, 83, 80, 1.0)",0.0,0.0,0.2549018005584258,2.287427133913309,-0.9118300985089919,0.0,0.0,0.0,0.0,0.0,0.0,0.0,0.0,47.3897183943138,3.254813501453711,False,False,False,True,False,0.0,0,0.928811282740094,0.9073203492276696,False,False,False,False,-0.19342946116755694,-0.1381923207060446,False,False,False,False,31634.0,29815.05508888632,False,False,False,False,57.58143919362083,False,False,False,False
2025-08-08 17:00:00+00:00,2.055,2.055,1.76,1.965,234.0,,,,,,,,2.20575,2.258507805325987,2.2890509769355076,,,,,,1.9266666666666665,2.2041666666666666,2.20575,2.20575,2.20575,2.8338557659100183,2.258507805325987,"rgba(239, 83, 80, 1.0)",0.0,0.0,0.2546459651507699,2.222590042950193,-1.0115614547345366,0.0,0.0,0.0,0.0,-1.0,2.055,1.99,398.0,41.63710796975825,-2.0843001900556857,False,True,False,True,False,0.0,0,0.8934108527131781,0.9108527131782945,False,False,False,False,-0.26543116226028585,-0.20181174148316522,False,False,False,False,31400.0,29839.627878205913,False,False,False,False,60.31661067899105,False,False,False,False
2025-08-11 17:00:00+00:00,1.99,1.99,1.99,1.99,0.0,,,,,,,,2.20575,2.258507805325987,2.2890509769355076,,,,,,1.9266666666666665,2.2041666666666666,2.20575,2.20575,2.20575,2.8338557659100183,2.258507805325987,"rgba(239, 83, 80, 1.0)",0.0,0.0,0.2515086551266241,2.222590042950193,-0.9247794785952541,0.0,0.0,0.0,0.0,0.0,0.0,0.0,0.0,38.74057153320872,-4.677688747408155,False,True,False,True,False,0.0,0,0.9201545396007726,0.9162910495814554,False,False,False,False,-0.22487323070576457,-0.21334248609446488,False,False,False,False,31400.0,29863.819694047677,False,False,False,False,59.38146942815398,False,False,False,False
2025-08-12 17:00:00+00:00,1.83,1.83,1.83,1.83,0.0,,,,,,,,2.20575,2.258507805325987,2.2890509769355076,,,,,,1.9266666666666665,2.2041666666666666,2.20575,2.20575,2.20575,2.8338557659100183,2.258507805325987,"rgba(239, 83, 80, 1.0)",0.0,0.0,0.2518398425712378,2.222590042950193,-1.5588877396917098,0.0,0.0,0.0,0.0,0.0,0.0,0.0,0.0,34.339607332941206,-8.707811473738133,False,True,False,True,False,0.0,0,0.9217665615141954,0.9179810725552051,False,False,False,False,-0.30432235502042854,-0.2588324205574467,False,False,False,False,31400.0,29887.636442977167,False,False,False,False,58.46082649128337,False,False,False,False
2025-08-13 17:00:00+00:00,2.0,2.0,1.96,1.96,100.0,,,,,,,1.9733333333333334,2.184621212121212,2.2401331615120275,2.27572393414943,,,,,1.9733333333333334,1.94063872255489,2.1810833333333335,2.184621212121212,2.184621212121212,2.184621212121212,2.831162509258969,2.2401331615120275,"rgba(239, 83, 80, 1.0)",0.0,0.0,0.24912594954909512,2.210965499246441,-1.0073840147952284,0.0,0.0,0.0,0.0,0.0,0.0,0.0,0.0,35.63800227550215,-8.707811473738133,False,True,False,True,False,0.0,0,0.9234095120444717,0.9147621988882026,False,False,False,False,-0.22974828234732275,-0.24429035145238473,False,False,False,False,31500.0,29912.63432758217,False,False,False,False,59.10484468521696,False,False,False,False
2025-08-14 17:00:00+00:00,1.96,1.96,1.96,1.96,0.0,,,,,,,1.9733333333333334,2.184621212121212,2.2401331615120275,2.27572393414943,,,,,1.9733333333333334,1.94063872255489,2.1810833333333335,2.184621212121212,2.184621212121212,2.184621212121212,2.831162509258969,2.2401331615120275,"rgba(239, 83, 80, 1.0)",0.0,0.0,0.24593771642503293,2.210965499246441,-1.0204433174971785,0.0,0.0,0.0,0.0,0.0,0.0,0.0,0.0,36.50359890387612,-8.707811473738133,False,True,False,True,False,0.0,0,0.9234095120444717,0.9197035206917851,False,False,False,False,-0.2395309234561227,-0.24191063745425373,False,False,False,False,31500.0,29937.244648084772,False,False,False,False,58.188490504050804,False,False,False,False
2025-08-15 17:00:00+00:00,1.96,1.96,1.96,1.96,0.0,,,,,,,1.9733333333333334,2.184621212121212,2.2401331615120275,2.27572393414943,,,,,1.9733333333333334,1.94063872255489,2.1810833333333335,2.184621212121212,2.184621212121212,2.184621212121212,2.831162509258969,2.2401331615120275,"rgba(239, 83, 80, 1.0)",0.0,0.0,0.24267790910498446,2.210965499246441,-1.0341505750235849,0.0,0.0,0.0,0.0,0.0,0.0,0.0,0.0,37.08066332279209,-8.707811473738133,False,True,False,True,True,0.0,0,0.9234095120444717,0.9197035206917851,False,False,False,False,-0.22270881749158222,-0.23230972747291798,False,False,False,False,31500.0,29961.473413230742,False,False,False,False,57.28634336445312,False,False,False,False
2025-08-18 17:00:00+00:00,1.915,1.915,1.915,1.915,0.0,,,,,,,1.9733333333333334,2.184621212121212,2.2401331615120275,2.27572393414943,,,,,1.9733333333333334,1.94063872255489,2.1810833333333335,2.184621212121212,2.184621212121212,2.184621212121212,2.831162509258969,2.2401331615120275,"rgba(239, 83, 80, 1.0)",0.0,0.0,0.2399041099730922,2.210965499246441,-1.2336824878891677,0.0,0.0,0.0,0.0,0.0,0.0,0.0,0.0,36.47730542927199,-8.707811473738133,False,True,False,True,True,0.0,0,0.9218651543793319,0.9180844360428482,False,False,False,False,-0.2484303799646676,-0.24037005371879278,False,False,False,False,31500.0,29985.32653860701,False,False,False,False,56.398183002213536,False,False,False,False
2025-08-19 17:00:00+00:00,1.915,1.915,1.915,1.915,0.0,,,,,,,1.9733333333333334,2.184621212121212,2.2401331615120275,2.27572393414943,,,,,1.9733333333333334,1.94063872255489,2.1810833333333335,2.184621212121212,2.184621212121212,2.184621212121212,2.831162509258969,2.2401331615120275,"rgba(239, 83, 80, 1.0)",0.0,0.0,0.23906326201079656,2.210965499246441,-1.2380216715735877,0.0,0.0,0.0,0.0,0.0,0.0,0.0,0.0,36.07506683359193,-8.707811473738133,False,True,False,True,True,0.0,0,0.9218651543793319,0.9180844360428482,False,False,False,False,-0.2484303799646676,-0.2444002168417302,False,False,False,False,31500.0,30008.80984808597,False,False,False,False,55.52379256807069,False,False,False,False
2025-08-20 17:00:00+00:00,1.915,1.915,1.915,1.915,0.0,,,,,,,1.9733333333333334,2.184621212121212,2.2401331615120275,2.27572393414943,,,,,1.9733333333333334,1.94063872255489,2.1810833333333335,2.184621212121212,2.184621212121212,2.184621212121212,2.831162509258969,2.2401331615120275,"rgba(239, 83, 80, 1.0)",0.0,0.0,0.24039803704734308,2.210965499246441,-1.2311477368184773,0.0,0.0,0.0,0.0,0.0,0.0,0.0,0.0,35.80690776980522,-8.95904467679673,False,True,False,True,True,0.0,0,0.9218651543793319,0.9180844360428482,False,False,False,False,-0.2484303799646676,-0.2464152984031989,False,False,False,False,31500.0,30031.929075247426,False,False,False,False,54.662958574767266,False,False,False,False
2025-08-21 17:00:00+00:00,1.915,1.915,1.915,1.915,0.0,,,,,,,1.9733333333333334,2.184621212121212,2.2401331615120275,2.27572393414943,,,,,1.9733333333333334,1.94063872255489,2.1810833333333335,2.184621212121212,2.184621212121212,2.184621212121212,2.831162509258969,2.2401331615120275,"rgba(239, 83, 80, 1.0)",0.0,0.0,0.24156608034070243,2.210965499246441,-1.2251947741546083,0.0,0.0,0.0,0.0,0.0,0.0,0.0,0.0,35.628135060614085,-9.648795366879263,False,True,False,True,True,0.0,0,0.9218651543793319,0.9180844360428482,False,False,False,False,-0.2484303799646676,-0.24742283918393326,False,False,False,False,31500.0,30054.689864778473,False,False,False,False,53.81547084492591,False,False,False,False
2025-08-22 17:00:00+00:00,1.915,1.915,1.885,1.885,100.0,,,,,,,1.9341666666666668,2.160486111111111,2.2192413236481037,2.260303766707169,,,,1.895,1.9341666666666668,1.9301228878648233,2.1550757575757578,2.160486111111111,2.160486111111111,2.160486111111111,2.8282416565265773,2.2192413236481037,"rgba(239, 83, 80, 1.0)",0.0,0.0,0.24304205693961892,2.195658294394319,-1.2782079706949592,0.0,0.0,0.0,0.0,0.0,0.0,0.0,0.0,34.61004378384226,-11.081026206644665,False,True,False,True,True,0.0,0,0.9183929692404267,0.9183929692404269,False,False,False,False,-0.2570747126476757,-0.25224877591580447,False,False,False,False,31400.0,30075.547386254773,False,False,False,False,54.53151005663249,False,False,False,False
2025-08-25 17:00:00+00:00,1.92,1.92,1.92,1.92,0.0,,,,,,,1.9341666666666668,2.160486111111111,2.2192413236481037,2.260303766707169,,,,1.895,1.9341666666666668,1.9301228878648233,2.1550757575757578,2.160486111111111,2.160486111111111,2.160486111111111,2.8282416565265773,2.2192413236481037,"rgba(239, 83, 80, 1.0)",0.0,0.0,0.2443617905579434,2.195658294394319,-1.1280744578148547,0.0,0.0,0.0,0.0,0.0,0.0,0.0,0.0,35.98105922959811,-11.081026206644665,False,True,False,True,True,0.0,0,0.91875,0.9150000000000001,False,False,False,False,-0.24555706152096587,-0.24890291871838516,False,False,False,False,31400.0,30096.081535305086,False,False,False,False,53.6860602883126,False,False,False,False
2025-08-26 17:00:00+00:00,1.92,1.92,1.92,1.92,0.0,,,,,,,1.9341666666666668,2.160486111111111,2.2192413236481037,2.260303766707169,,,,1.895,1.9341666666666668,1.9301228878648233,2.1550757575757578,2.160486111111111,2.160486111111111,2.160486111111111,2.8282416565265773,2.2192413236481037,"rgba(239, 83, 80, 1.0)",0.0,0.0,0.2439716052005718,2.195658294394319,-1.129878594550777,0.0,0.0,0.0,0.0,0.0,0.0,0.0,0.0,36.89506952676868,-11.081026206644665,False,True,False,True,True,0.0,0,0.91875,0.9150000000000001,False,False,False,False,-0.24555706152096587,-0.2472299901196755,False,False,False,False,31400.0,30116.29732545539,False,False,False,False,52.85371826833876,False,False,False,False
2025-08-27 17:00:00+00:00,1.92,1.92,1.92,1.92,0.0,,,,,,,1.9341666666666668,2.160486111111111,2.2192413236481037,2.260303766707169,,,,1.895,1.9341666666666668,1.9301228878648233,2.1550757575757578,2.160486111111111,2.160486111111111,2.160486111111111,2.8282416565265773,2.2192413236481037,"rgba(239, 83, 80, 1.0)",0.0,0.0,0.2434173370982427,2.195658294394319,-1.1324513597939165,0.0,0.0,0.0,0.0,0.0,0.0,0.0,0.0,37.50440972488239,-11.081026206644665,False,True,False,True,True,0.0,0,0.91875,0.9150000000000001,False,False,False,False,-0.23548274483964893,-0.24135636747966221,False,False,False,False,31400.0,30136.199692502592,False,False,False,False,52.03428077580637,False,False,False,False
2025-08-28 17:00:00+00:00,1.92,1.92,1.92,1.92,0.0,,,,,,,1.9341666666666668,2.160486111111111,2.2192413236481037,2.260303766707169,,,,1.895,1.9341666666666668,1.9301228878648233,2.1550757575757578,2.160486111111111,2.160486111111111,2.160486111111111,2.8282416565265773,2.2192413236481037,"rgba(239, 83, 80, 1.0)",0.0,0.0,0.24269786206774005,2.195658294394319,-1.1358084988708281,0.0,0.0,0.0,0.0,0.0,0.0,0.0,0.0,37.91063652362487,-11.081026206644665,False,True,False,True,True,0.0,0,0.9465550547327751,0.912427559562138,False,False,False,False,-0.22306942091179194,-0.23221289419572708,False,False,False,False,31400.0,30155.793495719605,False,False,False,False,51.22754774052255,False,False,False,False
2025-08-29 17:00:00+00:00,1.92,1.92,1.92,1.92,0.0,,,,,,,1.9341666666666668,2.160486111111111,2.2192413236481037,2.260303766707169,,,,1.895,1.9341666666666668,1.9301228878648233,2.1550757575757578,2.160486111111111,2.160486111111111,2.160486111111111,2.8282416565265773,2.2192413236481037,"rgba(239, 83, 80, 1.0)",0.0,0.0,0.24181170546708533,2.195658294394319,-1.1399708457531261,0.0,0.0,0.0,0.0,0.0,0.0,0.0,0.0,38.18145438945319,-11.081026206644665,False,True,False,True,True,0.0,0,0.9465550547327751,0.8821635544108178,False,False,False,False,-0.2194235828738352,-0.22581823853478114,False,False,False,False,31400.0,30175.08351904178,False,False,False,False,50.43332219415786,False,False,False,False
2025-09-01 17:00:00+00:00,1.92,1.92,1.92,1.92,0.0,,,,,,,1.9341666666666668,2.160486111111111,2.2192413236481037,2.260303766707169,,,,1.895,1.9341666666666668,1.9301228878648233,2.1550757575757578,2.160486111111111,2.160486111111111,2.160486111111111,2.8282416565265773,2.2192413236481037,"rgba(239, 83, 80, 1.0)",0.0,0.0,0.2426850923605601,2.195658294394319,-1.1358682633244332,0.0,0.0,0.0,0.0,0.0,0.0,0.0,0.0,38.361999633338726,-11.081026206644665,False,True,False,True,True,0.0,0,1.015894955079475,0.8735314443676574,False,False,False,False,-0.2194235828738352,-0.22262091070430817,False,False,False,False,31400.0,30194.074472234926,False,False,False,False,49.65141022215541,False,False,False,False
2025-09-02 17:00:00+00:00,1.92,1.965,1.92,1.965,51.0,,,,,,1.9499999999999997,1.9373837981407704,2.1519051425526246,2.2111783127813665,2.2540238095238094,,,,1.9135761589403972,1.9373837981407704,1.9322130584192438,2.145988995076745,2.1519051425526246,2.1519051425526246,2.1519051425526246,2.826846406246755,2.2111783127813665,"rgba(239, 83, 80, 1.0)",0.0,0.0,0.2413255809814525,2.190140630933149,-0.9329331354658681,0.0,0.0,0.0,0.0,1.0,1.965,1.92,414.0,42.40526826807617,-10.401603015009378,False,True,False,True,True,0.0,0,1.0157967032967032,0.7953296703296704,False,False,False,False,-0.20316890646772282,-0.2128949085860155,False,False,False,False,31451.0,30213.561689719656,False,False,False,False,49.67231859080416,False,False,False,False
2025-09-03 17:00:00+00:00,1.965,1.965,1.965,1.965,0.0,,,,,,1.9499999999999997,1.9373837981407704,2.1519051425526246,2.2111783127813665,2.2540238095238094,,,,1.9135761589403972,1.9373837981407704,1.9322130584192438,2.145988995076745,2.1519051425526246,2.1519051425526246,2.1519051425526246,2.826846406246755,2.2111783127813665,"rgba(239, 83, 80, 1.0)",0.0,0.0,0.2398290119125593,2.190140630933149,-0.9387547784053504,0.0,0.0,0.0,0.0,0.0,0.0,0.0,0.0,45.10078069123446,-7.94146708510835,False,False,False,True,True,0.0,0,1.021978021978022,0.7953296703296704,False,False,False,False,-0.18701946078024478,-0.19995718468313015,False,False,False,False,31451.0,30232.74677980152,False,False,False,False,48.902205124280066,False,False,False,False
2025-09-04 17:00:00+00:00,1.965,1.965,1.965,1.965,0.0,,,,,,1.9499999999999997,1.9373837981407704,2.1519051425526246,2.2111783127813665,2.2540238095238094,,,,1.9135761589403972,1.9373837981407704,1.9322130584192438,2.145988995076745,2.1519051425526246,2.1519051425526246,2.1519051425526246,2.826846406246755,2.2111783127813665,"rgba(239, 83, 80, 1.0)",0.0,0.0,0.23819280176111615,2.190140630933149,-0.9452033364087238,0.0,0.0,0.0,0.0,0.0,0.0,0.0,0.0,46.89778897333999,-6.353110675844306,False,False,False,True,True,0.0,0,1.021978021978022,0.7953296703296704,False,False,False,False,-0.18701946078024478,-0.19348832273168748,False,False,False,False,31451.0,30251.6344266263,False,False,False,False,48.14403140142301,False,False,False,False
2025-09-05 17:00:00+00:00,1.965,1.965,1.965,1.965,0.0,,,,,,1.9499999999999997,1.9373837981407704,2.1519051425526246,2.2111783127813665,2.2540238095238094,,,,1.9135761589403972,1.9373837981407704,1.9322130584192438,2.145988995076745,2.1519051425526246,2.1519051425526246,2.1519051425526246,2.826846406246755,2.2111783127813665,"rgba(239, 83, 80, 1.0)",0.0,0.0,0.2364140511974768,2.190140630933149,-0.9523149313366684,0.0,0.0,0.0,0.0,0.0,0.0,0.0,0.0,48.09579449474368,-5.278406919232168,False,False,False,False,True,0.0,0,1.021978021978022,0.7953296703296704,False,False,False,False,-0.18701946078024478,-0.19025389175596613,False,False,False,False,31451.0,30270.229241717363,False,False,False,False,47.39761230992808,False,False,False,False
2025-09-08 17:00:00+00:00,1.98,1.98,1.75,1.75,33.0,,,,,,1.9015476190476188,1.9245187793427232,2.1435462097611633,2.203869047619048,2.2484998041519777,,,,1.8979891304347827,1.9245187793427232,1.9254890604890602,2.137088963963964,2.1435462097611633,2.1435462097611633,2.1435462097611633,2.825819303978009,2.203869047619048,"rgba(239, 83, 80, 1.0)",0.0,0.0,0.2373221856881893,2.160536152138735,-1.7298684105249496,0.0,0.0,0.0,0.0,-1.0,1.965,1.64,418.0,38.87833026879738,-6.881776821724586,False,True,False,True,False,0.0,0,0.992676431424767,0.7996005326231692,False,False,False,False,-0.2596616824217249,-0.2249577870888455,False,False,False,False,31418.0,30288.02413719461,False,False,False,False,47.17439351442531,False,False,False,False
2025-09-09 17:00:00+00:00,1.565,1.64,1.52,1.58,417.0,,,,,,1.6339121756487027,1.7195767950546839,2.005392906133647,2.0830360736956184,2.1546397306397305,,,1.58,1.6773544093178037,1.7195767950546839,1.7714046345811052,1.9919883406204457,2.005392906133647,2.005392906133647,2.005392906133647,2.809860018841648,2.0830360736956184,"rgba(239, 83, 80, 1.0)",0.0,0.0,0.24423511785325305,2.0163911480117447,-1.7867665872438014,0.0,0.0,0.0,0.0,0.0,0.0,0.0,0.0,30.374606954468028,-14.15068096387872,False,True,False,True,False,0.0,0,0.977390180878553,0.8352713178294574,False,False,False,False,-0.34282825441539394,-0.28389302075211975,False,False,False,False,31001.0,30299.07802654043,False,False,False,False,52.908123847534995,False,False,False,False
2025-09-10 17:00:00+00:00,1.69,1.69,1.69,1.69,0.0,,,,,,1.6339121756487027,1.7195767950546839,2.005392906133647,2.0830360736956184,2.1546397306397305,,,1.58,1.6773544093178037,1.7195767950546839,1.7714046345811052,1.9919883406204457,2.005392906133647,2.005392906133647,2.005392906133647,2.809860018841648,2.0830360736956184,"rgba(239, 83, 80, 1.0)",0.0,0.0,0.24820617701077852,2.0163911480117447,-1.3150001017000112,0.0,0.0,0.0,0.0,0.0,0.0,0.0,0.0,30.517299524351984,-14.15068096387872,False,True,False,True,False,0.0,0,0.9853503184713377,0.8299363057324841,False,False,False,False,-0.27228765701301,-0.27809033888256485,False,False,False,False,31001.0,30309.960537756855,False,False,False,False,52.08784285765073,False,False,False,False
2025-09-11 17:00:00+00:00,1.69,1.69,1.69,1.69,0.0,,,,,,1.6339121756487027,1.7195767950546839,2.005392906133647,2.0830360736956184,2.1546397306397305,,,1.58,1.6773544093178037,1.7195767950546839,1.7714046345811052,1.9919883406204457,2.005392906133647,2.005392906133647,2.005392906133647,2.809860018841648,2.0830360736956184,"rgba(239, 83, 80, 1.0)",0.0,0.0,0.252046006096484,2.0163911480117447,-1.2949665541885287,0.0,0.0,0.0,0.0,0.0,0.0,0.0,0.0,30.612427904274618,-14.15068096387872,False,True,False,True,False,0.0,0,0.9853503184713377,0.8299363057324841,False,False,False,False,-0.27228765701301,-0.2751889979477874,False,False,False,False,31001.0,30320.67432786915,False,False,False,False,51.28027940249335,False,False,False,False
2025-09-12 17:00:00+00:00,1.69,1.69,1.69,1.69,0.0,,,,,,1.6339121756487027,1.7195767950546839,2.005392906133647,2.0830360736956184,2.1546397306397305,,,1.58,1.6773544093178037,1.7195767950546839,1.7714046345811052,1.9919883406204457,2.005392906133647,2.005392906133647,2.005392906133647,2.809860018841648,2.0830360736956184,"rgba(239, 83, 80, 1.0)",0.0,0.0,0.25576051579835596,2.0163911480117447,-1.2761592499644263,0.0,0.0,0.0,0.0,0.0,0.0,0.0,0.0,30.675846824223047,-14.15068096387872,False,True,False,True,False,0.0,0,0.9853503184713377,0.8299363057324841,False,False,False,False,-0.27228765701301,-0.2737383274803987,False,False,False,False,31001.0,30331.22201270839,False,False,False,False,50.485236310981826,False,False,False,False
2025-09-15 17:00:00+00:00,1.69,1.69,1.69,1.69,0.0,,,,,,1.6339121756487027,1.7195767950546839,2.005392906133647,2.0830360736956184,2.1546397306397305,,,1.58,1.6773544093178037,1.7195767950546839,1.7714046345811052,1.9919883406204457,2.005392906133647,2.005392906133647,2.005392906133647,2.809860018841648,2.0830360736956184,"rgba(239, 83, 80, 1.0)",0.0,0.0,0.25935509068276014,2.0163911480117447,-1.2584721092325974,0.0,0.0,0.0,0.0,0.0,0.0,0.0,0.0,30.718126104188666,-14.15068096387872,False,True,False,True,False,0.0,0,0.9853503184713377,0.8299363057324841,False,False,False,False,-0.27228765701301,-0.2730129922467044,False,False,False,False,31001.0,30341.60616755012,False,False,False,False,49.702519468951095,False,False,False,False
2025-09-16 17:00:00+00:00,1.73,1.73,1.73,1.73,0.0,,,,,,1.6339121756487027,1.7195767950546839,2.005392906133647,2.0830360736956184,2.1546397306397305,,,1.58,1.6773544093178037,1.7195767950546839,1.7714046345811052,1.9919883406204457,2.005392906133647,2.005392906133647,2.005392906133647,2.809860018841648,2.0830360736956184,"rgba(38, 166, 154, 1.0)",0.0,0.0,0.2621137226541244,2.0163911480117447,-1.0926217258363686,0.0,0.0,0.0,0.0,0.0,0.0,0.0,0.0,33.16653980922013,-14.15068096387872,False,True,False,True,True,0.0,0,0.9854245880861852,0.8307984790874525,False,False,False,False,-0.24731109085183572,-0.26016204154927003,False,False,False,False,31001.0,30351.82932774314,False,False,False,False,48.93193777175805,False,False,False,False
2025-09-17 17:00:00+00:00,1.73,1.74,1.73,1.74,90.0,,,,1.7366666666666666,1.7366666666666666,1.6495600676818951,1.7215212810788032,1.9918890750046532,2.069138059146976,2.142346405228758,,,1.6078106508875738,1.6850795947901593,1.7215212810788032,1.7683544715447155,1.978399369209541,1.9918890750046532,1.9918890750046532,1.9918890750046532,2.806901027306333,2.069138059146976,"rgba(38, 166, 154, 1.0)",0.0,0.0,0.26462974303902537,2.009841125011478,-1.0196931074814366,0.0,0.0,0.0,0.0,1.0,1.75,1.73,436.0,35.39061726244286,-14.15068096387872,False,True,False,True,True,0.0,0,0.9993564993564994,0.8294723294723296,False,False,False,False,-0.24421077043922812,-0.2521864059942491,False,False,False,False,31091.0,30363.289338165727,False,False,False,False,49.56865191483157,False,False,False,False
2025-09-18 17:00:00+00:00,1.75,1.77,1.75,1.77,20.0,,,1.7633333333333332,1.7415151515151515,1.7415151515151515,1.6532842334969995,1.7225524044389642,1.9893649917172838,2.0664354102224185,2.139885281385281,,,1.6137128399746994,1.6872808251289264,1.7225524044389642,1.7682583732057415,1.9758854471069554,1.9893649917172838,1.9893649917172838,1.9893649917172838,2.80626201702284,2.0664354102224185,"rgba(38, 166, 154, 1.0)",0.0,0.0,0.2666228229723206,2.008652001934661,-0.8950921728086143,0.0,0.0,0.0,0.0,1.0,1.77,1.74,426.0,38.64227848495487,-16.781060425795914,False,True,False,True,True,0.0,0,0.9941709844559585,0.8257772020725391,False,False,False,False,-0.22877673916609195,-0.2404815725801705,False,False,False,False,31111.0,30374.881751527497,False,False,False,False,49.110223202973714,False,False,False,False
2025-09-19 17:00:00+00:00,1.77,1.77,1.77,1.77,0.0,,,1.7633333333333332,1.7415151515151515,1.7415151515151515,1.6532842334969995,1.7225524044389642,1.9893649917172838,2.0664354102224185,2.139885281385281,,,1.6137128399746994,1.6872808251289264,1.7225524044389642,1.7682583732057415,1.9758854471069554,1.9893649917172838,1.9893649917172838,1.9893649917172838,2.80626201702284,2.0664354102224185,"rgba(38, 166, 154, 1.0)",0.0,0.0,0.2685656260497519,2.008652001934661,-0.8886170782349136,0.0,0.0,0.0,0.0,0.0,0.0,0.0,0.0,40.810052633296216,-14.631960108649068,False,False,False,True,True,0.0,0,0.9967616580310882,0.815414507772021,False,False,False,False,-0.22263338642533012,-0.2315574795027503,False,False,False,False,31111.0,30386.294437550325,False,False,False,False,48.348824393625286,False,False,False,False
2025-09-22 17:00:00+00:00,1.77,1.78,1.77,1.78,60.0,,,1.7733333333333334,1.7539215686274512,1.7539215686274512,1.6643169398907103,1.726280137772675,1.982544094067344,2.0589510690199457,2.132944798301486,,,1.6303691084611016,1.6942369217466493,1.726280137772675,1.7687149321266966,1.9691360813099947,1.982544094067344,1.982544094067344,1.982544094067344,2.804374121386223,2.0589510690199457,"rgba(38, 166, 154, 1.0)",0.0,0.0,0.2703229300049964,2.0054262484290017,-0.8339146384098276,0.0,0.0,0.0,0.0,1.0,1.78,1.77,436.0,42.91126609385549,-12.535138736432387,True,False,False,True,True,0.0,0,0.9967658473479948,0.8143596377749031,False,False,False,False,-0.2195679261268089,-0.22556270281477958,False,False,False,False,31171.0,30398.46041526272,False,False,False,False,48.52946277511947,False,False,False,False
2025-09-23 17:00:00+00:00,1.78,1.78,1.78,1.78,0.0,,,1.7733333333333334,1.7539215686274512,1.7539215686274512,1.6643169398907103,1.726280137772675,1.982544094067344,2.0589510690199457,2.132944798301486,,,1.6303691084611016,1.6942369217466493,1.726280137772675,1.7687149321266966,1.9691360813099947,1.982544094067344,1.982544094067344,1.982544094067344,2.804374121386223,2.0589510690199457,"rgba(38, 166, 154, 1.0)",0.0,0.0,0.27152484000315413,2.0054262484290017,-0.8302232990041835,0.0,0.0,0.0,0.0,0.0,0.0,0.0,0.0,44.31207506756167,-11.059365403424565,True,False,False,True,True,0.0,0,0.9980595084087969,0.8143596377749031,False,False,False,False,-0.21650652198710768,-0.22103461240094363,False,False,False,False,31171.0,30410.437773165624,False,False,False,False,47.77706800341219,False,False,False,False
2025-09-24 17:00:00+00:00,1.95,1.95,1.95,1.95,0.0,,,1.7733333333333334,1.7539215686274512,1.7539215686274512,1.6643169398907103,1.726280137772675,1.982544094067344,2.0589510690199457,2.132944798301486,,,1.6303691084611016,1.6942369217466493,1.726280137772675,1.7687149321266966,1.9691360813099947,1.982544094067344,1.982544094067344,1.982544094067344,2.804374121386223,2.0589510690199457,"rgba(38, 166, 154, 1.0)",0.0,0.0,0.2711848377328937,2.0054262484290017,-0.20438549917600646,0.0,0.0,0.0,0.0,0.0,0.0,0.0,0.0,52.92590825817342,-3.0440807230814926,True,False,True,False,True,0.0,0,0.9981012658227847,0.818354430379747,False,False,False,False,-0.1143901626676303,-0.16771238753428697,False,False,False,False,31171.0,30422.229435597164,False,False,False,False,47.03633826692518,False,False,False,False
2025-09-25 17:00:00+00:00,1.81,1.81,1.81,1.81,0.0,,,1.7733333333333334,1.7539215686274512,1.7539215686274512,1.6643169398907103,1.726280137772675,1.982544094067344,2.0589510690199457,2.132944798301486,,,1.6303691084611016,1.6942369217466493,1.726280137772675,1.7687149321266966,1.9691360813099947,1.982544094067344,1.982544094067344,1.982544094067344,2.804374121386223,2.0589510690199457,"rgba(38, 166, 154, 1.0)",0.0,0.0,0.2720050343996199,2.0054262484290017,-0.718465556567194,0.0,0.0,0.0,0.0,0.0,0.0,0.0,0.0,51.944137058320145,-3.0440807230814926,True,False,True,False,True,0.0,0,0.9981343283582091,0.8215174129353235,False,False,False,False,-0.19821965103200795,-0.18296601928314746,False,False,False,False,31171.0,30433.8382815569,False,False,False,False,46.3070927123992,False,False,False,False
2025-09-26 17:00:00+00:00,1.81,1.81,1.81,1.81,0.0,,,1.7733333333333334,1.7539215686274512,1.7539215686274512,1.6643169398907103,1.726280137772675,1.982544094067344,2.0589510690199457,2.132944798301486,,,1.6303691084611016,1.6942369217466493,1.726280137772675,1.7687149321266966,1.9691360813099947,1.982544094067344,1.982544094067344,1.982544094067344,2.804374121386223,2.0589510690199457,"rgba(38, 166, 154, 1.0)",0.0,0.0,0.2732818233160681,2.0054262484290017,-0.7151088427969782,0.0,0.0,0.0,0.0,0.0,0.0,0.0,0.0,51.28962292508463,-3.0440807230814926,True,False,False,False,True,0.0,0,1.0395077720207253,0.814119170984456,False,False,False,False,-0.19821965103200795,-0.1905928351575777,False,False,False,False,31171.0,30445.26714540873,False,False,False,False,45.58915329050154,False,False,False,False
2025-09-29 17:00:00+00:00,1.81,1.81,1.81,1.81,0.0,,,1.7733333333333334,1.7539215686274512,1.7539215686274512,1.6643169398907103,1.726280137772675,1.982544094067344,2.0589510690199457,2.132944798301486,,,1.6303691084611016,1.6942369217466493,1.726280137772675,1.7687149321266966,1.9691360813099947,1.982544094067344,1.982544094067344,1.982544094067344,2.804374121386223,2.0589510690199457,"rgba(38, 166, 154, 1.0)",0.0,0.0,0.2745325757266974,2.0054262484290017,-0.7118508538074271,0.0,0.0,0.0,0.0,0.0,0.0,0.0,0.0,50.853280169594285,-3.0440807230814926,True,False,False,False,False,0.0,0,1.0395077720207253,0.7726683937823835,False,False,False,False,-0.19821965103200795,-0.19440624309479282,False,False,False,False,31171.0,30456.518817572934,False,False,False,False,44.88234471235423,False,False,False,False
2025-09-30 17:00:00+00:00,1.81,1.81,1.81,1.81,0.0,,,1.7733333333333334,1.7539215686274512,1.7539215686274512,1.6643169398907103,1.726280137772675,1.982544094067344,2.0589510690199457,2.132944798301486,,,1.6303691084611016,1.6942369217466493,1.726280137772675,1.7687149321266966,1.9691360813099947,1.982544094067344,1.982544094067344,1.982544094067344,2.804374121386223,2.0589510690199457,"rgba(38, 166, 154, 1.0)",0.0,0.0,0.27575764591263646,2.0054262484290017,-0.708688412907743,0.0,0.0,0.0,0.0,0.0,0.0,0.0,0.0,50.56238499926739,-3.0440807230814926,True,False,False,False,False,0.0,0,1.0396103896103897,0.7720779220779221,False,False,False,False,-0.19821965103200795,-0.19631294706340038,False,False,False,False,31171.0,30467.59604520746,False,False,False,False,44.18649440673634,False,False,False,False
2025-10-01 17:00:00+00:00,1.81,1.81,1.81,1.81,0.0,,,1.7733333333333334,1.7539215686274512,1.7539215686274512,1.6643169398907103,1.726280137772675,1.982544094067344,2.0589510690199457,2.132944798301486,,,1.6303691084611016,1.6942369217466493,1.726280137772675,1.7687149321266966,1.9691360813099947,1.982544094067344,1.982544094067344,1.982544094067344,2.804374121386223,2.0589510690199457,"rgba(38, 166, 154, 1.0)",0.0,0.0,0.2765647538336416,2.0054262484290017,-0.7066202244504154,0.0,0.0,0.0,0.0,0.0,0.0,0.0,0.0,50.36845488571612,-3.0440807230814926,True,False,False,False,False,0.0,0,1.0396103896103897,0.7720779220779221,False,False,False,False,-0.19821965103200795,-0.19726629904770415,False,False,False,False,31171.0,30478.501532878665,False,False,False,False,43.50143247794973,False,False,False,False
2025-10-02 17:00:00+00:00,1.82,1.82,1.82,1.82,0.0,,,1.7733333333333334,1.7539215686274512,1.7539215686274512,1.6643169398907103,1.726280137772675,1.982544094067344,2.0589510690199457,2.132944798301486,,,1.6303691084611016,1.6942369217466493,1.726280137772675,1.7687149321266966,1.9691360813099947,1.982544094067344,1.982544094067344,1.982544094067344,2.804374121386223,2.0589510690199457,"rgba(38, 166, 154, 1.0)",0.0,0.0,0.27725629668964014,2.0054262484290017,-0.6687900352235003,0.0,0.0,0.0,0.0,0.0,0.0,0.0,0.0,50.83426530436159,-3.0440807230814926,True,False,False,False,False,0.0,0,1.0395590142671856,0.7723735408560312,False,False,False,False,-0.1921535686659158,-0.19470993385680996,False,False,False,False,31171.0,30489.23794322163,False,False,False,False,42.8269916643381,False,False,False,False
2025-10-03 17:00:00+00:00,1.82,1.82,1.82,1.82,0.0,,,1.7733333333333334,1.7539215686274512,1.7539215686274512,1.6643169398907103,1.726280137772675,1.982544094067344,2.0589510690199457,2.132944798301486,,,1.6303691084611016,1.6942369217466493,1.726280137772675,1.7687149321266966,1.9691360813099947,1.982544094067344,1.982544094067344,1.982544094067344,2.804374121386223,2.0589510690199457,"rgba(38, 166, 154, 1.0)",0.0,0.0,0.2779419700922091,2.0054262484290017,-0.6671401529156797,0.0,0.0,0.0,0.0,0.0,0.0,0.0,0.0,51.14480558345856,-3.0440807230814926,True,False,False,False,False,0.0,0,1.0395590142671856,0.7723735408560312,False,False,False,False,-0.1921535686659158,-0.19343175126136286,False,False,False,False,31171.0,30499.807897590286,False,False,False,False,42.16300729744914,False,False,False,False
2025-10-06 17:00:00+00:00,1.82,1.82,1.74,1.74,100.0,1.7666666666666666,1.7666666666666666,1.7696296296296294,1.7586419753086422,1.7586419753086422,1.6775918720276697,1.7304394095434261,1.9715914087603588,2.0468881551795297,2.121639917695473,,1.7666666666666666,1.6502086365841826,1.7025526215078455,1.7304394095434261,1.7685449515905944,1.958314626759309,1.9715914087603588,1.9715914087603588,1.9715914087603588,2.8012124997461054,2.0468881551795297,"rgba(239, 83, 80, 1.0)",0.0,0.0,0.27960536862185226,1.978200470828822,-0.8519166566897093,0.0,0.0,0.0,0.0,-1.0,1.82,1.79,438.0,46.77138116503778,1.064585318638045,True,False,False,True,False,0.0,0,1.0288831835686778,0.7747111681643133,False,False,False,False,-0.21650652198710768,-0.20496913662423527,False,False,False,False,31071.0,30508.663589100513,False,False,False,False,43.059704858729,False,False,False,False
2025-10-07 17:00:00+00:00,1.74,1.79,1.74,1.79,200.0,1.7711111111111113,1.7711111111111113,1.7715789473684211,1.7648936170212766,1.7648936170212766,1.6973120494335738,1.737765442641617,1.953327191770306,2.026029991104334,2.101389534883721,,1.7711111111111113,1.677970687711387,1.7157703081232494,1.737765442641617,1.7692265717674966,1.9404506679542894,1.953327191770306,1.953327191770306,1.953327191770306,2.794987079320857,2.026029991104334,"rgba(239, 83, 80, 1.0)",0.0,0.0,0.2800364036824268,1.9680159707025702,-0.6356886760495889,0.0,0.0,0.0,0.0,0.0,0.0,0.0,0.0,47.10510993064474,1.064585318638045,True,False,False,True,False,0.0,0,1.0286989795918366,0.7799744897959184,False,False,False,False,-0.22570296867754097,-0.21533605265088812,False,False,False,False,31271.0,30520.482758261744,False,False,False,False,45.4928877291363,False,False,False,False
2025-10-08 17:00:00+00:00,1.79,1.79,1.79,1.79,0.0,1.7711111111111113,1.7711111111111113,1.7715789473684211,1.7648936170212766,1.7648936170212766,1.6973120494335738,1.737765442641617,1.953327191770306,2.026029991104334,2.101389534883721,,1.7711111111111113,1.677970687711387,1.7157703081232494,1.737765442641617,1.7692265717674966,1.9404506679542894,1.953327191770306,1.953327191770306,1.953327191770306,2.794987079320857,2.026029991104334,"rgba(239, 83, 80, 1.0)",0.0,0.0,0.28046574841865407,1.9680159707025702,-0.6347155462165166,0.0,0.0,0.0,0.0,0.0,0.0,0.0,0.0,47.32759577438271,1.064585318638045,True,False,False,True,False,0.0,0,1.035076530612245,0.7799744897959184,False,False,False,False,-0.21039562138586804,-0.21286583701837808,False,False,False,False,31271.0,30532.11868449024,False,False,False,False,44.78757164031248,False,False,False,False
2025-10-09 17:00:00+00:00,1.72,1.72,1.72,1.72,0.0,1.7711111111111113,1.7711111111111113,1.7715789473684211,1.7648936170212766,1.7648936170212766,1.6973120494335738,1.737765442641617,1.953327191770306,2.026029991104334,2.101389534883721,,1.7711111111111113,1.677970687711387,1.7157703081232494,1.737765442641617,1.7692265717674966,1.9404506679542894,1.953327191770306,1.953327191770306,1.953327191770306,2.794987079320857,2.026029991104334,"rgba(239, 83, 80, 1.0)",0.0,0.0,0.2826627411337139,1.9680159707025702,-0.8774271759617798,0.0,0.0,0.0,0.0,0.0,0.0,0.0,0.0,44.00519264127584,-2.064483982483736,True,False,False,True,False,0.0,0,1.0348542458808618,0.7813688212927757,False,False,False,False,-0.25352580237647176,-0.23319581969742492,False,False,False,False,31271.0,30543.574208761707,False,False,False,False,44.09319068464872,False,False,False,False
2025-10-10 17:00:00+00:00,1.72,1.72,1.72,1.72,0.0,1.7711111111111113,1.7711111111111113,1.7715789473684211,1.7648936170212766,1.7648936170212766,1.6973120494335738,1.737765442641617,1.953327191770306,2.026029991104334,2.101389534883721,,1.7711111111111113,1.677970687711387,1.7157703081232494,1.737765442641617,1.7692265717674966,1.9404506679542894,1.953327191770306,1.953327191770306,1.953327191770306,2.794987079320857,2.026029991104334,"rgba(239, 83, 80, 1.0)",0.0,0.0,0.28480635115400327,1.9680159707025702,-0.8708231740536593,0.0,0.0,0.0,0.0,0.0,0.0,0.0,0.0,41.79025721920459,-4.200128579271279,False,False,False,True,False,0.0,0,1.0348542458808618,0.7813688212927757,False,False,False,False,-0.25352580237647176,-0.24336081103694834,False,False,False,False,31271.0,30554.85212800571,False,False,False,False,43.4095753251968,False,False,False,False
2025-10-13 17:00:00+00:00,1.72,1.74,1.72,1.74,98.0,1.7618090452261308,1.7618090452261308,1.7637377963737797,1.7594483568075117,1.7594483568075117,1.7006142812597445,1.7374231678486998,1.9438254737769947,2.015488178365797,2.0911946485773507,1.7333333333333334,1.7618090452261308,1.6834788494077837,1.717242657542059,1.7374231678486998,1.76688622754491,1.9310926694329185,1.9438254737769947,1.9438254737769947,1.9438254737769947,2.7918457125603866,2.015488178365797,"rgba(239, 83, 80, 1.0)",0.0,0.0,0.2866217490474629,1.9608763746090396,-0.7706197291136612,0.0,0.0,0.0,0.0,0.0,0.0,0.0,0.0,41.83902611316727,-4.256121235791717,False,False,False,True,False,0.0,0,1.0347661188369153,0.7793931731984831,False,False,False,False,-0.24731109085183572,-0.24533595094439203,False,False,False,False,31369.0,30567.474575633525,False,False,False,False,44.25593849844956,False,False,False,False
