date,Open,High,Low,Close,Volume,Gap_Up_aVWAP_888,Gap_Up_aVWAP_828,Gap_Up_aVWAP_810,Gap_Up_aVWAP_804,Gap_Up_aVWAP_763,Gap_Up_aVWAP_750,Gap_Up_aVWAP_744,Gap_Up_aVWAP_731,Gap_Up_aVWAP_714,Gap_Up_aVWAP_702,Gap_Down_aVWAP_876,Gap_Down_aVWAP_846,Gap_Down_aVWAP_816,Gap_Down_aVWAP_774,Gap_Down_aVWAP_768,Gap_Down_aVWAP_767,Gap_Down_aVWAP_762,Gap_Down_aVWAP_756,Gap_Down_aVWAP_738,Gap_Down_aVWAP_726,aVWAP_OB_bull_513,aVWAP_OB_bull_228,aVWAP_OB_bull_11,color,Liquidity,Liquidity_Level,StDev,StDev_Mean,StdDev_ZScore,OB,OB_High,OB_Low,OB_Mitigated_Index,FVG,FVG_High,FVG_Low,FVG_Mitigated_Index,QQEMOD,QQE1_Value,QQE1_Above_Upper,QQE1_Below_Lower,QQE2_Above_Threshold,QQE2_Below_Threshold,QQE2_Above_TL,banker_RSI,TTM_squeeze_Active,VI_plus,VI_minus,VI_Regular_Bullish,VI_Regular_Bearish,VI_Hidden_Bullish,VI_Hidden_Bearish,Fisher,Fisher_Signal,Fisher_Regular_Bullish,Fisher_Regular_Bearish,Fisher_Hidden_Bullish,Fisher_Hidden_Bearish,OBV,OBV_Smoothed,OBV_Regular_Bullish,OBV_Regular_Bearish,OBV_Hidden_Bullish,OBV_Hidden_Bearish,Volume_MA,Vol_Regular_Bullish,Vol_Regular_Bearish,Vol_Hidden_Bullish,Vol_Hidden_Bearish
2025-04-14 14:00:00+00:00,124.99,125.72,123.935,125.535,9130.0,,,,,,,,,,,,,,,,,,,,,,,,"rgba(38, 166, 154, 1.0)",0.0,0.0,,,,0.0,0.0,0.0,0.0,0.0,0.0,0.0,0.0,,,False,False,False,False,False,,0,,,False,False,False,False,,,False,False,False,False,0.0,0.0,False,False,False,False,9130.0,False,False,False,False
2025-04-14 15:00:00+00:00,125.66,125.7,123.57,123.765,13859.0,,,,,,,,,,,,,,,,,,,,,,,,"rgba(239, 83, 80, 1.0)",0.0,0.0,,,,0.0,0.0,0.0,0.0,0.0,0.0,0.0,0.0,0.0,,False,False,False,True,False,,0,,,False,False,False,False,,,False,False,False,False,-13859.0,-214.86821705426357,False,False,False,False,9203.317829457364,False,False,False,False
2025-04-14 16:00:00+00:00,123.6,125.095,123.38,124.63,10076.0,,,,,,,,,,,,,,,,,,,,,,,,"rgba(38, 166, 154, 1.0)",0.0,0.0,,,,0.0,0.0,0.0,0.0,0.0,0.0,0.0,0.0,11.825017088174954,-67.73752563226243,False,False,False,True,True,,0,,,False,False,False,False,,,False,False,False,False,-3783.0,-270.1880896580734,False,False,False,False,9216.847785589809,False,False,False,False
2025-04-14 17:00:00+00:00,125.56,125.56,124.71,124.86,10758.0,,,,,,,,,,,,,,,,,,,,,,,,"rgba(239, 83, 80, 1.0)",0.0,0.0,,,,0.0,0.0,0.0,0.0,0.0,0.0,0.0,0.0,21.771804481359144,-57.60291526957917,False,False,False,True,True,,0,,,False,False,False,False,,,False,False,False,False,6975.0,-157.85959214399477,False,False,False,False,9240.741618371361,False,False,False,False
2025-04-14 18:00:00+00:00,124.87,125.53,124.67,125.475,10258.0,,,,,,,,,,,,,,,,,,,,,,,,"rgba(38, 166, 154, 1.0)",0.0,0.0,,,,0.0,0.0,0.0,0.0,0.0,0.0,0.0,0.0,32.75786563296915,-46.42026474261322,False,False,False,True,True,,0,,,False,False,False,False,,,False,False,False,False,17233.0,111.76613796676486,False,False,False,False,9256.51306614855,False,False,False,False
2025-04-14 19:00:00+00:00,125.55,125.82,124.82,124.91,20006.0,,,,,,,,,,,,,,,,,,,,,,,,"rgba(239, 83, 80, 1.0)",0.0,0.0,,,,0.0,0.0,0.0,0.0,0.0,0.0,0.0,0.0,36.6528397791047,-41.62184559584013,False,False,False,True,True,,0,,,False,False,False,False,,,False,False,False,False,-2773.0,67.04108156417935,False,False,False,False,9423.171778301285,False,False,False,False
2025-04-15 14:00:00+00:00,124.4,125.79,123.6,123.87,8402.0,,,,,,,,,,,,,,,,,,,,,,,,"rgba(239, 83, 80, 1.0)",0.0,0.0,,,,0.0,0.0,0.0,0.0,0.0,0.0,0.0,0.0,35.09885648745758,-41.62184559584013,False,False,False,True,True,,0,,,False,False,False,False,,,False,False,False,False,-11175.0,-107.25412900270715,False,False,False,False,9407.339657707465,False,False,False,False
2025-04-15 15:00:00+00:00,123.97,124.33,123.73,124.225,7227.0,,,,,,,,,,,,,,,,,,,,,,,,"rgba(38, 166, 154, 1.0)",0.0,0.0,,,,0.0,0.0,0.0,0.0,0.0,0.0,0.0,0.0,36.26502144484878,-38.50922279285162,False,False,False,True,True,,0,,,False,False,False,False,,,False,False,False,False,-3948.0,-166.80057661506828,False,False,False,False,9373.535942084092,False,False,False,False
2025-04-15 16:00:00+00:00,124.225,124.31,123.13,123.34,6670.0,,,,,,,,,,,,,,,,,,,,,,,,"rgba(239, 83, 80, 1.0)",0.0,0.0,,,,0.0,0.0,0.0,0.0,0.0,0.0,0.0,0.0,34.28780136978473,-38.44734086527191,False,False,False,True,True,,0,,,False,False,False,False,,,False,False,False,False,-10618.0,-328.8346762024315,False,False,False,False,9331.620656160307,False,False,False,False
2025-04-15 17:00:00+00:00,123.22,123.6,122.55,122.72,9169.0,,,,,,,,,,,,,,,,,,,,,,,,"rgba(239, 83, 80, 1.0)",0.0,0.0,,,,0.0,0.0,0.0,0.0,0.0,0.0,0.0,0.0,31.509790615732705,-38.44734086527191,False,False,False,True,True,,0,,,False,False,False,False,,,False,False,False,False,-19787.0,-630.5116579667349,False,False,False,False,9329.099405677202,False,False,False,False
2025-04-15 18:00:00+00:00,122.8,122.91,121.96,122.33,8527.0,,,,,,,,,,,,,,,,,,,,,,,,"rgba(239, 83, 80, 1.0)",0.0,0.0,,,,0.0,0.0,0.0,0.0,0.0,0.0,0.0,0.0,28.855795654175814,-38.44734086527191,False,False,False,True,True,,0,,,False,False,False,False,,,False,False,False,False,-28314.0,-1059.7130276106614,False,False,False,False,9316.66375597678,False,False,False,False
2025-04-15 19:00:00+00:00,122.22,122.77,121.75,122.22,28841.0,,,,,,,,,,,,,,,,,,,,,,,122.24666666666667,"rgba(239, 83, 80, 1.0)",0.0,0.0,,122.24666666666667,,1.0,122.77,121.75,0.0,0.0,0.0,0.0,0.0,26.862176736850085,-38.44734086527191,False,False,False,True,True,,0,,,False,False,False,False,,,False,False,False,False,-57155.0,-1929.4073992756123,False,False,False,False,9619.366643481017,False,False,False,False
2025-04-16 14:00:00+00:00,125.86,126.75,125.67,126.36,12128.0,,,,,,,,,,,,,,,,,,,,,,,123.43472853458306,"rgba(38, 166, 154, 1.0)",0.0,0.0,,123.43472853458306,,0.0,0.0,0.0,0.0,0.0,0.0,0.0,0.0,39.60802973476973,-27.15351211700048,False,False,False,True,True,,0,,,False,False,False,False,,,False,False,False,False,-45027.0,-2597.587129519401,False,False,False,False,9658.260183892162,False,False,False,False
2025-04-16 15:00:00+00:00,126.36,127.2,126.08,126.67,12936.0,,,,,,,,,,,,,,,,,,,,,,,124.20632210988468,"rgba(38, 166, 154, 1.0)",0.0,0.0,,124.20632210988468,,0.0,0.0,0.0,0.0,0.0,0.0,0.0,0.0,48.61814065382988,-18.044467558688034,False,False,False,False,True,,0,,,False,False,False,False,,,False,False,False,False,-32091.0,-3054.849344565612,False,False,False,False,9709.077855459725,False,False,False,False
2025-04-16 16:00:00+00:00,126.66,127.05,126.435,126.83,15545.0,,,,,,,,,,,,,,,,,,,,,,,124.78052342212622,"rgba(38, 166, 154, 1.0)",0.0,0.0,,124.78052342212622,,0.0,0.0,0.0,0.0,0.0,0.0,0.0,0.0,54.90244587122079,-11.658771005414032,False,False,True,False,True,,0,,,False,False,False,False,,,False,False,False,False,-16546.0,-3264.0144710064546,False,False,False,False,9799.557268553373,False,False,False,False
2025-04-16 17:00:00+00:00,126.76,127.66,124.595,124.595,9315.0,,,,,,,,,,,,,,,,,,,,,,,124.8794083878203,"rgba(239, 83, 80, 1.0)",0.0,0.0,,124.8794083878203,,0.0,0.0,0.0,0.0,0.0,0.0,0.0,0.0,52.755747713370134,-11.658771005414032,False,False,True,False,True,,0,,,False,False,False,False,,,False,False,False,False,-25861.0,-3614.3553319210832,False,False,False,False,9792.044752761847,False,False,False,False
2025-04-16 18:00:00+00:00,124.635,125.26,124.34,124.39,13093.0,,,,,,,,,,,,,,,,,,,,,,,124.84861008295412,"rgba(239, 83, 80, 1.0)",0.0,0.0,,124.84861008295412,,0.0,0.0,0.0,0.0,0.0,0.0,0.0,0.0,50.86826182719027,-11.658771005414032,False,False,False,False,True,,0,,,False,False,False,False,,,False,False,False,False,-38954.0,-4162.256799643237,False,False,False,False,9843.22235349422,False,False,False,False
2025-04-16 19:00:00+00:00,124.395,124.59,123.42,123.99,21260.0,,,,,,,,,,,,,,,,,,,,,,,124.68911777966372,"rgba(239, 83, 80, 1.0)",0.0,0.0,,124.68911777966372,,0.0,0.0,0.0,0.0,0.0,0.0,0.0,0.0,48.69332629345572,-11.658771005414032,False,False,False,False,True,,0,,,False,False,False,False,,,False,False,False,False,-60214.0,-5031.276074067373,False,False,False,False,10020.22665809121,False,False,False,False
2025-04-17 14:00:00+00:00,127.405,127.77,126.41,126.485,12106.0,,,,,,,,,,,,,,,,,,,,,,,124.90172641293469,"rgba(239, 83, 80, 1.0)",0.0,0.0,,124.90172641293469,,0.0,0.0,0.0,0.0,0.0,0.0,0.0,0.0,52.63556880175375,-10.986044534384568,False,False,True,False,True,,0,,,False,False,False,False,,,False,False,False,False,-48108.0,-5699.132258965554,False,False,False,False,10052.564229283593,False,False,False,False
2025-04-17 15:00:00+00:00,126.61,128.33,126.61,127.41,6303.0,,,,,,,,,,,,,,,,,,,,,,,125.02384406497019,"rgba(239, 83, 80, 1.0)",0.0,0.0,,125.02384406497019,,0.0,0.0,0.0,0.0,0.0,0.0,0.0,0.0,56.68657330276355,-6.313737903862318,False,False,True,False,True,,0,,,False,False,False,False,,,False,False,False,False,-41805.0,-6258.91315417539,False,False,False,False,9994.431450535008,False,False,False,False
2025-04-17 16:00:00+00:00,128.01,128.805,127.335,128.6,6812.0,,,,,,,,,,,,,,,,,,,,,,,125.18254022124397,"rgba(38, 166, 154, 1.0)",0.0,0.0,,125.18254022124397,,0.0,0.0,0.0,0.0,0.0,0.0,0.0,0.0,60.97536342414343,-1.5361809834674176,False,False,True,False,True,,0,,,False,False,False,False,,,False,False,False,False,-34993.0,-6704.402872715306,False,False,False,False,9945.091428046093,False,False,False,False
2025-04-17 17:00:00+00:00,128.61,128.665,127.58,128.45,5312.0,,,,,,,,,,,,,,,,,,,,,,,125.29529237527063,"rgba(38, 166, 154, 1.0)",0.0,0.0,,125.29529237527063,,0.0,0.0,0.0,0.0,0.0,0.0,0.0,0.0,63.39808303580607,1.4575391947030027,False,False,True,False,True,,0,,,False,False,False,False,,,False,False,False,False,-40305.0,-7225.342363060806,False,False,False,False,9873.260553192664,False,False,False,False
2025-04-17 18:00:00+00:00,128.425,128.88,128.245,128.27,9081.0,,,,,,,,,,,,,,,,,,,,,,,125.48375396118692,"rgba(38, 166, 154, 1.0)",0.0,0.0,,126.97437698059345,,0.0,0.0,0.0,0.0,0.0,0.0,0.0,0.0,64.44941263934814,3.246797954099968,False,False,True,False,True,,0,,,False,False,False,False,,,False,False,False,False,-49386.0,-7878.995969835057,False,False,False,False,9860.977443840839,False,False,False,False
2025-04-17 19:00:00+00:00,128.35,128.625,127.38,127.74,32899.0,,,,,,,,,,,,,,,,,,,,,,,125.91463869181334,"rgba(38, 166, 154, 1.0)",0.0,0.0,,126.97430660174278,,0.0,0.0,0.0,0.0,0.0,0.0,0.0,0.0,63.467137304240026,3.246797954099968,False,False,True,False,True,,0,,,False,False,False,False,,,False,False,False,False,-82285.0,-9032.57742766707,False,False,False,False,10218.156088122376,False,False,False,False
2025-04-18 14:00:00+00:00,127.74,127.74,127.74,127.74,0.0,,,,,,,,,,,,,,,,,,,,,,,125.91463869181334,"rgba(38, 166, 154, 1.0)",0.0,0.0,,126.97430660174278,,0.0,0.0,0.0,0.0,0.0,0.0,0.0,0.0,62.81228708083462,3.3077347024898387,False,False,True,False,True,,0,,,False,False,False,False,,,False,False,False,False,-82285.0,-10168.273901656728,False,False,False,False,10059.735063500324,False,False,False,False
2025-04-18 15:00:00+00:00,127.74,127.74,127.74,127.74,0.0,,,,,,,,,,,,,,,,,,,,,,,125.91463869181334,"rgba(38, 166, 154, 1.0)",0.0,0.0,,126.97430660174278,,0.0,0.0,0.0,0.0,0.0,0.0,0.0,0.0,62.37572026523101,3.7682760801442186,False,False,True,False,True,,0,,,False,False,False,False,,,False,False,False,False,-82285.0,-11286.362678375228,False,False,False,False,9903.770178794892,False,False,False,False
2025-04-18 16:00:00+00:00,127.74,127.74,127.74,127.74,0.0,,,,,,,,,,,,,,,,,,,,,,,125.91463869181334,"rgba(38, 166, 154, 1.0)",0.0,0.0,,126.97430660174278,,0.0,0.0,0.0,0.0,0.0,0.0,0.0,0.0,62.08467572149527,4.366574093123496,False,False,True,False,True,,0,,,False,False,False,False,,,False,False,False,False,-82285.0,-12387.116745377161,False,False,False,False,9750.223354317452,False,False,False,False
2025-04-18 17:00:00+00:00,127.74,127.74,127.74,127.74,0.0,,,,,,,,,,,,,,,,,,,,,,,125.91463869181334,"rgba(38, 166, 154, 1.0)",0.0,0.0,,126.97430660174278,,0.0,0.0,0.0,0.0,0.0,0.0,0.0,0.0,61.890646025671444,5.0310447291497695,False,False,True,False,True,,0,,,False,False,False,False,,,False,False,False,False,-82285.0,-13470.804857851934,False,False,False,False,9599.057100762142,False,False,False,False
2025-04-18 18:00:00+00:00,127.74,127.74,127.74,127.74,0.0,,,,,,,,,,,,,,,,,,,,,,,125.91463869181334,"rgba(38, 166, 154, 1.0)",0.0,0.0,,126.97430660174278,,0.0,0.0,0.0,0.0,0.0,0.0,0.0,0.0,61.761292895122224,5.712580549790559,False,False,True,False,True,,0,,,False,False,False,False,,,False,False,False,False,-82285.0,-14537.691604241825,False,False,False,False,9450.23451005265,False,False,False,False
2025-04-18 19:00:00+00:00,127.74,127.74,127.74,127.74,0.0,,,,,,,,,,,,,,,,,,,,,,,125.91463869181334,"rgba(38, 166, 154, 1.0)",0.0,0.0,,126.97430660174278,,0.0,0.0,0.0,0.0,0.0,0.0,0.0,0.0,61.67505747475608,6.378639009962669,False,False,True,False,True,,0,,,False,False,False,False,,,False,False,False,False,-82285.0,-15588.037470842726,False,False,False,False,9303.719246330904,False,False,False,False
2025-04-21 14:00:00+00:00,125.67,126.96,125.66,126.665,1752.0,,,,,,,,,,,,,,,,,,,,,,,125.9194416515906,"rgba(38, 166, 154, 1.0)",0.0,0.0,,126.94454532501784,,0.0,0.0,0.0,0.0,0.0,0.0,0.0,0.0,56.29148213197047,11.432933308906222,False,False,True,False,False,,0,,,False,False,False,False,,,False,False,False,False,-84037.0,-16649.261696100977,False,False,False,False,9186.638327783137,False,False,False,False
2025-04-21 15:00:00+00:00,126.59,126.6,125.48,125.57,3560.0,,,,,,,,,,,,,,,,,,,,,,,125.91876843700304,"rgba(38, 166, 154, 1.0)",0.0,0.0,,126.5382330597805,,0.0,0.0,0.0,0.0,0.0,0.0,0.0,0.0,49.22115432522345,4.764801171527573,False,False,False,True,False,,0,,,False,False,False,False,,,False,False,False,False,-87597.0,-17749.226631045145,False,False,False,False,9099.40362502681,False,False,False,False
2025-04-21 16:00:00+00:00,125.58,126.67,125.58,126.305,12938.0,,,,,,,,,,,,,,,,,,,,,,,125.93566311557562,"rgba(38, 166, 154, 1.0)",0.0,0.0,,126.50618057881225,,0.0,0.0,0.0,0.0,0.0,0.0,0.0,0.0,47.702890637473395,3.4340232070961108,False,False,False,True,False,,0,,,False,False,False,False,,,False,False,False,False,-74659.0,-18631.54869878088,False,False,False,False,9158.916747119418,False,False,False,False
2025-04-21 17:00:00+00:00,126.3,126.63,126.01,126.4,3684.0,,,,,,,,,,,,,,,,,,,,,,,125.94295787664912,"rgba(38, 166, 154, 1.0)",0.0,0.0,,126.50096180352084,,0.0,0.0,0.0,0.0,0.0,0.0,0.0,0.0,47.07840696689604,2.7627334637154846,False,False,False,True,False,,0,,,False,False,False,False,,,False,False,False,False,-70975.0,-19443.075075543966,False,False,False,False,9074.03431693152,False,False,False,False
2025-04-21 18:00:00+00:00,126.4,126.69,125.66,125.89,3786.0,,,,,,,,,,,,,,,,,,,,,,,125.94541275729318,"rgba(38, 166, 154, 1.0)",0.0,0.0,,126.4729188121115,,0.0,0.0,0.0,0.0,0.0,0.0,0.0,0.0,44.94125282168632,0.58196578655987,False,False,False,True,False,,0,,,False,False,False,False,,,False,False,False,False,-74761.0,-20300.717322434757,False,False,False,False,8992.049288762038,False,False,False,False
2025-04-21 19:00:00+00:00,125.73,127.04,125.72,126.75,23735.0,,,,,,,,,,,,,,,,,,,,,,,126.001742121323,"rgba(38, 166, 154, 1.0)",0.0,0.0,,126.47946531946057,,0.0,0.0,0.0,0.0,0.0,0.0,0.0,0.0,46.998746062454245,0.58196578655987,False,False,False,True,False,,0,,,False,False,False,False,,,False,False,False,False,-51026.0,-20777.07829417995,False,False,False,False,9220.622168006037,False,False,False,False
2025-04-22 14:00:00+00:00,128.49,130.42,128.285,130.42,4668.0,,,,,,,,,,,,,,,,,,,,,,,126.07390929174629,"rgba(38, 166, 154, 1.0)",0.0,0.0,,126.64608595593155,,0.0,0.0,0.0,0.0,0.0,0.0,0.0,0.0,55.83501584304693,-0.3872286133493006,False,False,True,False,True,,0,,,False,False,False,False,,,False,False,False,False,-46358.0,-21173.681731479486,False,False,False,False,9150.038878579586,False,False,False,False
2025-04-22 15:00:00+00:00,130.44,131.12,130.12,130.95,7252.0,,,,,,,,,,,,,,,,,,,,,,,126.21061030231387,"rgba(38, 166, 154, 1.0)",0.0,0.0,,126.93969886674988,,0.0,0.0,0.0,0.0,0.0,0.0,0.0,0.0,62.33754959027262,5.311174595658493,False,False,True,False,True,,0,,,False,False,False,False,,,False,False,False,False,-39106.0,-21451.702169751123,False,False,False,False,9120.611919221763,False,False,False,False
2025-04-22 16:00:00+00:00,131.26,132.18,131.26,131.77,2524.0,,,,,,,,,,,,,,,,,,,,,,,126.26650645213003,"rgba(38, 166, 154, 1.0)",0.0,0.0,,127.05455535762788,,0.0,0.0,0.0,0.0,0.0,0.0,0.0,0.0,67.55688921417455,9.774991712495336,False,False,True,False,True,,0,,,False,False,False,False,,,False,False,False,False,-36582.0,-21686.280430685216,False,False,False,False,9018.338866210574,False,False,False,False
2025-04-22 17:00:00+00:00,131.71,131.825,130.02,130.325,4760.0,,,,,,,,,,,,,,,,,,,,,,,126.34993283914693,"rgba(38, 166, 154, 1.0)",0.0,0.0,,127.20825758012988,,0.0,0.0,0.0,0.0,0.0,0.0,0.0,0.0,66.46588638178602,9.774991712495336,False,False,True,False,True,,0,,,False,False,False,False,,,False,False,False,False,-41342.0,-21991.020268969165,False,False,False,False,8952.318108594905,False,False,False,False
2025-04-22 18:00:00+00:00,130.25,131.555,130.25,131.455,7196.0,,,,,,,,,,,,,,,,,,,,,,,126.48028603825828,"rgba(38, 166, 154, 1.0)",0.0,0.0,,127.43455500174106,,0.0,0.0,0.0,0.0,0.0,0.0,0.0,0.0,67.33322612975934,9.774991712495336,False,False,True,False,True,,0,,,False,False,False,False,,,False,False,False,False,-34146.0,-22179.46956712468,False,False,False,False,8925.088370477155,False,False,False,False
2025-04-22 19:00:00+00:00,131.47,131.61,130.97,131.41,27679.0,,,,,,,,,,,,,,,,,,,,,,,126.94450277523217,"rgba(38, 166, 154, 1.0)",0.0,0.0,,128.11625504609322,,0.0,0.0,0.0,0.0,0.0,0.0,0.0,0.0,67.77412041272586,10.0784675908777,True,False,True,False,True,,0,,,False,False,False,False,,,False,False,False,False,-61825.0,-22794.128953680887,False,False,False,False,9215.846690314718,False,False,False,False
2025-04-23 14:00:00+00:00,134.95,135.76,132.59,134.07,27330.0,,,,,,,,,,,,,,,,,,,,,,,127.56584889176769,"rgba(38, 166, 154, 1.0)",0.0,0.0,,128.99135892203296,,0.0,0.0,0.0,0.0,0.0,0.0,0.0,0.0,71.03545552163702,13.52109646328882,True,False,True,False,True,,0,,,False,False,False,False,,,False,False,False,False,-34495.0,-22975.537807112192,False,False,False,False,9496.686276511387,False,False,False,False
2025-04-23 15:00:00+00:00,134.01,134.225,132.61,133.43,19390.0,,,,,,,,,,,,,,,,,,,,,,,127.90389407584942,"rgba(38, 166, 154, 1.0)",0.0,0.0,,129.3883468636336,,0.0,0.0,0.0,0.0,0.0,0.0,0.0,0.0,71.36409621247975,14.233475456021182,True,False,True,False,True,,0,,,False,False,False,False,,,False,False,False,False,-53885.0,-23454.75427521898,False,False,False,False,9650.070985402683,False,False,False,False
2025-04-23 16:00:00+00:00,133.57,134.41,132.85,134.185,12968.0,,,,,,,,,,,,,,,,,,,,,,,128.123629097834,"rgba(38, 166, 154, 1.0)",0.0,0.0,,129.63625826141737,,0.0,0.0,0.0,0.0,0.0,0.0,0.0,0.0,72.3903132858787,15.687888165547946,True,False,True,False,True,,0,,,False,False,False,False,,,False,False,False,False,-40917.0,-23725.48676707605,False,False,False,False,9701.51174531892,False,False,False,False
2025-04-23 17:00:00+00:00,134.27,135.37,133.85,135.06,26506.0,,,,,,,,,,,,,,,,,,,,,,,128.5922568572132,"rgba(38, 166, 154, 1.0)",0.0,0.0,,130.16171955851394,,0.0,0.0,0.0,0.0,0.0,0.0,0.0,0.0,73.93825182299426,17.62317506088698,True,False,True,False,True,,0,,,False,False,False,False,,,False,False,False,False,-14411.0,-23581.076119524485,False,False,False,False,9962.046446941882,False,False,False,False
2025-04-23 18:00:00+00:00,135.14,135.32,133.995,134.04,31230.0,,,,,,,,,,,,,,,,,,,,,,,129.04231666785546,"rgba(38, 166, 154, 1.0)",0.0,0.0,,130.6145259626085,,0.0,0.0,0.0,0.0,0.0,0.0,0.0,0.0,71.95648059231263,17.62317506088698,True,False,True,False,True,,0,,,False,False,False,False,,,False,False,False,False,-45641.0,-23923.090443252786,False,False,False,False,10291.782160942783,False,False,False,False
2025-04-23 19:00:00+00:00,134.065,134.65,133.605,134.53,30685.0,,,,,,,,,,,,,,,,,,,,,,,129.4085761635344,"rgba(38, 166, 154, 1.0)",0.0,0.0,,130.95148483718404,,0.0,0.0,0.0,0.0,0.0,0.0,0.0,0.0,71.27166547072389,17.62317506088698,True,False,True,False,True,,0,,,False,False,False,False,,,False,False,False,False,-14956.0,-23784.06578521786,False,False,False,False,10607.956080928165,False,False,False,False
2025-04-24 14:00:00+00:00,135.505,136.65,134.4,136.47,18179.0,,,,,,,,,,,,,,,,,,,,,,,129.66528070587603,"rgba(38, 166, 154, 1.0)",0.0,0.0,,131.20917322801373,,0.0,0.0,0.0,0.0,0.0,0.0,0.0,0.0,72.92101464936216,17.62317506088698,True,False,True,False,True,,0,,,False,False,False,False,,,False,False,False,False,3223.0,-23365.35158699743,False,False,False,False,10725.336606805246,False,False,False,False
2025-04-24 15:00:00+00:00,136.485,136.53,135.65,135.89,22302.0,,,,,,,,,,,,,,,,,,,,,,,129.9620798805525,"rgba(38, 166, 154, 1.0)",0.0,0.0,,131.50052129714274,,0.0,0.0,0.0,0.0,0.0,0.0,0.0,0.0,72.3451815396034,17.62317506088698,True,False,True,False,True,20.0,0,,,False,False,False,False,,,False,False,False,False,-19079.0,-23298.896523633128,False,False,False,False,10904.81976018811,False,False,False,False
2025-04-24 16:00:00+00:00,136.01,137.0,135.35,136.78,10628.0,,,,,,,,,,,,,,,,,,,,,,,130.10167161155627,"rgba(38, 166, 154, 1.0)",0.0,0.0,,131.63714449829808,,0.0,0.0,0.0,0.0,0.0,0.0,0.0,0.0,72.94266515133815,18.2970480986358,True,False,True,False,True,20.0,0,,,False,False,False,False,,,False,False,False,False,-8451.0,-23068.69657753029,False,False,False,False,10900.527980960387,False,False,False,False
2025-04-24 17:00:00+00:00,136.77,137.05,136.49,136.92,24354.0,,,,,,,,,,,,,,,,,,,,,,,130.42077900886162,"rgba(38, 166, 154, 1.0)",0.0,0.0,,131.94989847531068,,0.0,0.0,0.0,0.0,0.0,0.0,0.0,0.0,73.49413780336143,19.210550444889677,True,False,True,False,True,20.0,0,,,False,False,False,False,,,False,False,False,False,15903.0,-22464.48422749106,False,False,False,False,11109.108942495885,False,False,False,False
2025-04-24 18:00:00+00:00,136.91,137.66,136.31,137.23,21066.0,,,,,,,,,,,,,,,,,,,,,,,130.68305229956874,"rgba(38, 166, 154, 1.0)",0.0,0.0,,132.2031956483144,,0.0,0.0,0.0,0.0,0.0,0.0,0.0,0.0,74.22063615529387,20.267441460275336,True,False,True,False,True,20.0,0,,,False,False,False,False,,,False,False,False,False,36969.0,-21543.034859622978,False,False,False,False,11263.479346488195,False,False,False,False
2025-04-24 19:00:00+00:00,137.215,138.25,136.77,137.54,58728.0,,,,,,,,,,,,,,,,,,,,,,,131.36068817777752,"rgba(38, 166, 154, 1.0)",0.0,0.0,,132.8465740853512,,0.0,0.0,0.0,0.0,0.0,0.0,0.0,0.0,75.07397309197829,21.40502379570212,True,False,True,False,True,20.0,0,,,False,False,False,False,,,False,False,False,False,95697.0,-19725.359900559055,False,False,False,False,11999.363387627913,False,False,False,False
2025-04-25 14:00:00+00:00,136.575,136.705,135.9,136.52,14301.0,,,,,,,,,,,,,,,,,,,,,,,131.47885873135678,"rgba(38, 166, 154, 1.0)",0.0,0.0,,132.94598007549834,,0.0,0.0,0.0,0.0,0.0,0.0,0.0,0.0,71.95319144024216,21.40502379570212,True,False,True,False,False,20.0,0,,,False,False,False,False,,,False,False,False,False,81396.0,-18157.586878844962,False,False,False,False,12035.04767619182,False,False,False,False
2025-04-25 15:00:00+00:00,136.54,137.31,136.44,137.14,9758.0,,,,,,,,,,,,,,,,,,,,,,,131.5656546624716,"rgba(38, 166, 154, 1.0)",0.0,0.0,,133.02218390511328,,0.0,0.0,0.0,0.0,0.0,0.0,0.0,0.0,70.89830854544444,24.499433180353265,True,False,True,False,False,20.0,0,,,False,False,False,False,,,False,False,False,False,91154.0,-16462.83359390163,False,False,False,False,11999.74461144466,False,False,False,False
2025-04-25 16:00:00+00:00,137.14,137.63,136.92,137.14,4009.0,,,,,,,,,,,,,,,,,,,,,,,131.60224569864494,"rgba(38, 166, 154, 1.0)",0.0,0.0,,133.05478412210914,,0.0,0.0,0.0,0.0,0.0,0.0,0.0,0.0,70.19505328224595,23.689672666401606,True,False,True,False,False,20.0,0,,,False,False,False,False,,,False,False,False,False,91154.0,-14794.355553686099,False,False,False,False,11875.857098088929,False,False,False,False
2025-04-25 17:00:00+00:00,137.19,137.51,136.1,136.24,8855.0,,,,,,,,,,,,,,,,,,,,,,,131.67278730720065,"rgba(38, 166, 154, 1.0)",0.0,0.0,,133.114292048363,,0.0,0.0,0.0,0.0,0.0,0.0,0.0,0.0,66.48099547145023,20.1390725008372,True,False,True,False,False,20.0,0,,,False,False,False,False,,,False,False,False,False,82299.0,-13289.032211768485,False,False,False,False,11829.022104320107,False,False,False,False
2025-04-25 18:00:00+00:00,136.3,137.45,136.245,136.94,4980.0,,,,,,,,,,,,,,,,,,,,,,,131.71364832538399,"rgba(38, 166, 154, 1.0)",0.0,0.0,,133.14941479892545,,0.0,0.0,0.0,0.0,0.0,0.0,0.0,0.0,65.50898339174839,19.222551440878107,True,False,True,False,False,20.0,0,,,False,False,False,False,,,False,False,False,False,87279.0,-11729.83791391161,False,False,False,False,11722.835715105843,False,False,False,False
2025-04-25 19:00:00+00:00,136.84,137.67,136.74,137.6,11198.0,,,,,,,,,,,,,,,,,,,,,,,131.81117533672435,"rgba(38, 166, 154, 1.0)",0.0,0.0,,133.235786167044,,0.0,0.0,0.0,0.0,0.0,0.0,0.0,0.0,66.13196513966881,19.222551440878107,True,False,True,False,False,20.0,0,,,False,False,False,False,,,False,False,False,False,98477.0,-10021.20476795949,False,False,False,False,11714.698727274743,False,False,False,False
2025-04-28 14:00:00+00:00,137.05,138.26,137.01,137.7,4921.0,,,,,,,,,,,,,,,,,,,,,,,131.8553925839504,"rgba(38, 166, 154, 1.0)",0.0,0.0,,133.27557704863537,,0.0,0.0,0.0,0.0,0.0,0.0,0.0,0.0,66.73786052527329,19.222551440878107,True,False,True,False,False,20.0,0,,,False,False,False,False,,,False,False,False,False,103398.0,-8262.767484735312,False,False,False,False,11609.370064836374,False,False,False,False
2025-04-28 15:00:00+00:00,137.735,137.81,136.56,136.615,57110.0,,,,,,,,,,,,,,,,,,,,,,,132.27017049311138,"rgba(38, 166, 154, 1.0)",0.0,0.0,,133.62474778616897,,0.0,0.0,0.0,0.0,0.0,0.0,0.0,0.0,63.15033604718836,16.835986563201246,False,False,True,False,False,19.376362066102633,1,,,False,False,False,False,,,False,False,False,False,46288.0,-7417.01915163864,False,False,False,False,12314.806187862167,False,False,False,False
2025-04-28 16:00:00+00:00,136.73,136.82,136.26,136.6,8281.0,,,,,,,,,,,,,,,,,,,,,,,132.31978900817197,"rgba(38, 166, 154, 1.0)",0.0,0.0,,133.6638680632857,,0.0,0.0,0.0,0.0,0.0,0.0,0.0,0.0,60.707653592381945,14.5805169710259,False,False,True,False,False,19.323631401899668,0,,,False,False,False,False,,,False,False,False,False,38007.0,-6712.770792698506,False,False,False,False,12252.266557042598,False,False,False,False
2025-04-28 17:00:00+00:00,136.65,136.775,136.03,136.775,5330.0,,,,,,,,,,,,,,,,,,,,,,,132.3508765808833,"rgba(38, 166, 154, 1.0)",0.0,0.0,,133.68819560200234,,0.0,0.0,0.0,0.0,0.0,0.0,0.0,0.0,59.589192040483944,13.538803271255837,False,True,True,False,False,19.691516733671595,1,,,False,False,False,False,,,False,False,False,False,43337.0,-5936.805354052018,False,False,False,False,12144.944594917906,False,False,False,False
2025-04-28 18:00:00+00:00,136.775,137.21,136.64,137.19,6267.0,,,,,,,,,,,,,,,,,,,,,,,132.39103873871028,"rgba(38, 166, 154, 1.0)",0.0,0.0,,133.7212879838714,,0.0,0.0,0.0,0.0,0.0,0.0,0.0,0.0,60.04592737922595,13.538803271255837,False,True,True,False,False,20.0,1,,,False,False,False,False,,,False,False,False,False,49604.0,-5075.707596624855,False,False,False,False,12053.81367096569,False,False,False,False
2025-04-28 19:00:00+00:00,137.195,138.06,137.08,137.575,20942.0,,,,,,,,,,,,,,,,,,,,,,,132.53598887126807,"rgba(38, 166, 154, 1.0)",0.0,0.0,,133.8457705928533,,0.0,0.0,0.0,0.0,0.0,0.0,0.0,0.0,61.40599009537502,13.538803271255837,False,False,True,False,True,20.0,1,,,False,False,False,False,,,False,False,False,False,70546.0,-3903.2780214833842,False,False,False,False,12191.61500940033,False,False,False,False
2025-04-29 14:00:00+00:00,136.675,137.57,136.32,137.38,7875.0,,,,,,,,,,,,,,,,,,,,,,,132.5834040339804,"rgba(38, 166, 154, 1.0)",0.0,0.0,,133.88453446477794,,0.0,0.0,0.0,0.0,0.0,0.0,0.0,0.0,61.368397786238404,13.538803271255837,False,False,True,False,True,20.0,1,,,False,False,False,False,,,False,False,False,False,62671.0,-2871.118672313099,False,False,False,False,12124.690745688697,False,False,False,False
2025-04-29 15:00:00+00:00,137.38,137.61,137.0,137.505,3101.0,,,,,,,,,,,,,,,,,,,,,,,132.60295532302163,"rgba(38, 166, 154, 1.0)",0.0,0.0,,133.90090701916264,,0.0,0.0,0.0,0.0,0.0,0.0,0.0,0.0,61.74169130817493,13.538803271255837,False,False,True,False,True,20.0,1,,,False,False,False,False,,,False,False,False,False,65772.0,-1806.8842742927409,False,False,False,False,11984.788563584996,False,False,False,False
2025-04-29 16:00:00+00:00,137.61,138.24,137.39,137.47,2763.0,,,,,,,,,,,,,,,,,,,,,,,132.62143174385767,"rgba(38, 166, 154, 1.0)",0.0,0.0,,133.91677572328754,,0.0,0.0,0.0,0.0,0.0,0.0,0.0,0.0,61.78992684145909,13.538803271255837,False,False,True,False,True,20.0,1,,,False,False,False,False,,,False,False,False,False,63009.0,-801.9868436835511,False,False,False,False,11841.815097482904,False,False,False,False
2025-04-29 17:00:00+00:00,137.435,138.51,137.38,138.31,3798.0,,,,,,,,,,,,,,,,,,,,,,,132.64842973638636,"rgba(38, 166, 154, 1.0)",0.0,0.0,,133.94052449121236,,0.0,0.0,0.0,0.0,0.0,0.0,0.0,0.0,64.44414350063916,11.348915925319666,False,False,True,False,True,20.0,1,,,False,False,False,False,,,False,False,False,False,66807.0,246.2145027301474,False,False,False,False,11717.104785894022,False,False,False,False
2025-04-29 18:00:00+00:00,138.31,138.46,137.92,138.1,4593.0,,,,,,,,,,,,,,,,,,,,,,,132.6812797430963,"rgba(38, 166, 154, 1.0)",0.0,0.0,,133.9695368323744,,0.0,0.0,0.0,0.0,0.0,0.0,0.0,0.0,64.9380328049257,11.9413105653612,False,False,True,False,True,20.0,1,,,False,False,False,False,,,False,False,False,False,62214.0,1206.9553631529357,False,False,False,False,11606.653548903418,False,False,False,False
2025-04-29 19:00:00+00:00,138.105,138.64,137.98,138.3,14767.0,,,,,,,,,,,,,,,,,,,,,,,132.78705031110206,"rgba(38, 166, 154, 1.0)",0.0,0.0,,134.0633843477986,,0.0,0.0,0.0,0.0,0.0,0.0,0.0,0.0,65.89786197889356,12.988069126398052,True,False,True,False,True,20.0,1,,,False,False,False,False,,,False,False,False,False,76981.0,2381.7467528714947,False,False,False,False,11655.651168300265,False,False,False,False
2025-04-30 14:00:00+00:00,133.18,134.91,133.18,134.265,6492.0,,,,,,,,,,,,,,,,,,,,,,,132.79796456161264,"rgba(239, 83, 80, 1.0)",0.0,0.0,,134.07678100555472,,0.0,0.0,0.0,0.0,0.0,0.0,0.0,0.0,53.934179971170586,7.86831450261441,False,True,False,False,False,8.325943757933963,0,,,False,False,False,False,,,False,False,False,False,70489.0,3437.6731598037195,False,False,False,False,11575.594561039796,False,False,False,False
2025-04-30 15:00:00+00:00,134.38,135.37,133.525,133.87,5488.0,,,,,,,,,,,,,,,,,,,,,,,132.80799291829706,"rgba(239, 83, 80, 1.0)",0.0,0.0,,134.09298946447254,,0.0,0.0,0.0,0.0,0.0,0.0,0.0,0.0,45.37976601742211,0.6675552375099585,False,True,False,True,False,7.156260227222241,0,,,False,False,False,False,,,False,False,False,False,65001.0,4392.143343372653,False,False,False,False,11481.213250015924,False,False,False,False
2025-04-30 16:00:00+00:00,133.93,135.03,133.75,134.95,6939.0,,,,,,,,,,,,,,,,,,,,,,,132.82325195397897,"rgba(239, 83, 80, 1.0)",0.0,0.0,5.300380616963711,134.13242200054322,0.15424892258494405,0.0,0.0,0.0,0.0,0.0,0.0,0.0,0.0,43.28866271644507,-0.5596103014407205,False,True,False,True,False,9.713163750001705,0,,,False,False,False,False,,,False,False,False,False,71940.0,5439.396934948271,False,False,False,False,11410.791339162965,False,False,False,False
2025-04-30 17:00:00+00:00,134.955,136.19,134.58,135.91,7721.0,,,,,,,,,,,,,,,,,,,,,,,132.84927401213434,"rgba(239, 83, 80, 1.0)",0.0,0.0,5.2935517462371156,134.23348674409857,0.3167085798477674,0.0,0.0,0.0,0.0,0.0,0.0,0.0,0.0,44.55842012093852,-0.5596103014407205,False,True,False,True,False,11.871174833345211,0,,,False,False,False,False,,,False,False,False,False,79661.0,6590.1194630886075,False,False,False,False,11353.58527188912,False,False,False,False
2025-04-30 18:00:00+00:00,135.94,136.63,135.685,136.21,7189.0,,,,,,,,,,,,,,,,,,,,,,,132.87845904809802,"rgba(239, 83, 80, 1.0)",0.0,0.0,5.257045077412393,134.32808693569257,0.35797925195531133,0.0,0.0,0.0,0.0,0.0,0.0,0.0,0.0,46.18264073473674,-0.5596103014407205,False,True,False,True,True,12.52962979254951,0,,,False,False,False,False,,,False,False,False,False,86850.0,7834.458696219017,False,False,False,False,11289.01805837146,False,False,False,False
2025-04-30 19:00:00+00:00,136.32,138.0,135.965,137.64,19856.0,,,,,,,,,,,,,,,,,,,,,,,132.98076531814183,"rgba(38, 166, 154, 1.0)",0.0,0.0,5.251445984481593,134.5937434838008,0.580079567646909,0.0,0.0,0.0,0.0,0.0,0.0,0.0,0.0,50.489521007730005,-6.545937205165735,False,True,False,False,True,15.5458909949724,0,,,False,False,False,False,,,False,False,False,False,106706.0,9367.350809455931,False,False,False,False,11421.839483823063,False,False,False,False
2025-05-01 14:00:00+00:00,140.83,141.34,139.59,140.13,9233.0,,,,,,,,,,,,,,,,,,,,,,,133.06100943104116,"rgba(38, 166, 154, 1.0)",0.0,0.0,5.290755472375223,135.92500219532664,0.7947821112937524,0.0,0.0,0.0,0.0,0.0,0.0,0.0,0.0,57.076330901282205,-0.5112733788578225,False,True,True,False,True,20.0,0,,,False,False,False,False,,,False,False,False,False,115939.0,11019.624440317079,False,False,False,False,11387.903987949838,False,False,False,False
2025-05-01 15:00:00+00:00,140.13,140.14,137.98,138.12,9661.0,,,,,,,,,,,,,,,,,,,,,,,133.12503246075863,"rgba(38, 166, 154, 1.0)",0.0,0.0,5.2946469711917015,135.85547016948945,0.4277017604444478,0.0,0.0,0.0,0.0,0.0,0.0,0.0,0.0,56.82148610431538,-0.5112733788578225,False,True,True,False,True,14.423591949189941,0,,,False,False,False,False,,,False,False,False,False,106278.0,12496.498480002087,False,False,False,False,11361.130282710305,False,False,False,False
2025-05-01 16:00:00+00:00,138.08,138.08,136.95,137.04,3629.0,,,,,,,,,,,,,,,,,,,,,,,133.14285606152052,"rgba(38, 166, 154, 1.0)",0.0,0.0,5.2677326652396035,135.79948527049066,0.23549310649250718,0.0,0.0,0.0,0.0,0.0,0.0,0.0,0.0,54.64145346195641,-0.5112733788578225,False,True,True,False,True,11.524802475214347,0,,,False,False,False,False,,,False,False,False,False,102649.0,13894.21168186252,False,False,False,False,11241.252293831076,False,False,False,False
2025-05-01 17:00:00+00:00,136.89,137.47,136.83,136.855,8495.0,,,,,,,,,,,,,,,,,,,,,,,133.18101948511426,"rgba(38, 166, 154, 1.0)",0.0,0.0,5.212578638549538,135.7055205749645,0.22052030381556725,0.0,0.0,0.0,0.0,0.0,0.0,0.0,0.0,52.849205441157906,-0.5112733788578225,False,True,True,False,False,11.037304006833697,0,,,False,False,False,False,,,False,False,False,False,94154.0,15138.549485244495,False,False,False,False,11198.67473888796,False,False,False,False
2025-05-01 18:00:00+00:00,136.93,138.24,136.93,137.82,8356.0,,,,,,,,,,,,,,,,,,,,,,,133.22365672516818,"rgba(38, 166, 154, 1.0)",0.0,0.0,5.171381510750258,135.70193535704357,0.40957423824821226,0.0,0.0,0.0,0.0,0.0,0.0,0.0,0.0,53.44818775337271,-0.5112733788578225,False,True,True,False,False,12.89963262758248,0,,,False,False,False,False,,,False,False,False,False,102510.0,16493.14561725621,False,False,False,False,11154.602262316052,False,False,False,False
2025-05-01 19:00:00+00:00,137.77,138.82,137.71,137.735,28087.0,,,,,,,,,,,,,,,,,,,,,,,133.37437956366762,"rgba(38, 166, 154, 1.0)",0.0,0.0,5.101856070133716,135.80779887579075,0.3777450985909038,0.0,0.0,0.0,0.0,0.0,0.0,0.0,0.0,53.6580437985976,-0.5112733788578225,False,True,True,False,False,12.670204261605676,0,,,False,False,False,False,,,False,False,False,False,74423.0,17391.28289450805,False,False,False,False,11417.120056698748,False,False,False,False
2025-05-02 14:00:00+00:00,138.27,139.85,137.39,139.62,7665.0,,,,,,,,,,,,,,,,,,,,,,,133.42115609137844,"rgba(38, 166, 154, 1.0)",0.0,0.0,5.038253151621075,135.86792063032993,0.7447183094527171,0.0,0.0,0.0,0.0,0.0,0.0,0.0,0.0,56.951794324966144,0.5395506978546152,False,True,True,False,True,16.146363840569848,0,,,False,False,False,False,,,False,False,False,False,82088.0,18394.33277211258,False,False,False,False,11358.947652718924,False,False,False,False
2025-05-02 15:00:00+00:00,139.62,139.81,138.64,139.09,5649.0,,,,,,,,,,,,,,,,,,,,,,,133.45652279563112,"rgba(38, 166, 154, 1.0)",0.0,0.0,4.943114633434992,135.91472577784324,0.6423630560131774,0.0,0.0,0.0,0.0,0.0,0.0,0.0,0.0,57.85176986156943,1.7619703626651102,False,True,True,False,True,14.71091497277719,0,,,False,False,False,False,,,False,False,False,False,76439.0,19294.250093475173,False,False,False,False,11270.421332521732,False,False,False,False
2025-05-02 16:00:00+00:00,139.06,140.46,139.06,139.905,6731.0,,,,,,,,,,,,,,,,,,,,,,,133.50266500894156,"rgba(38, 166, 154, 1.0)",0.0,0.0,4.84676043194674,135.98530144579098,0.8087254588390378,0.0,0.0,0.0,0.0,0.0,0.0,0.0,0.0,59.73905443026945,3.9104826965039123,False,False,True,False,True,16.164836632474493,0,,,False,False,False,False,,,False,False,False,False,83170.0,20284.5717974523,False,False,False,False,11200.042707211316,False,False,False,False
2025-05-02 17:00:00+00:00,139.87,141.0,139.75,140.73,6804.0,,,,,,,,,,,,,,,,,,,,,,,133.5536247060399,"rgba(38, 166, 154, 1.0)",0.0,0.0,4.8585761158876295,136.07052784862498,0.959020099765126,0.0,0.0,0.0,0.0,1.0,140.75,140.46,0.0,62.192616561141406,6.519017253328116,False,False,True,False,True,17.594796466561412,0,,,False,False,False,False,,,False,False,False,False,89974.0,21365.02804865459,False,False,False,False,11131.887006324318,False,False,False,False
2025-05-02 18:00:00+00:00,140.82,141.67,140.75,141.18,11172.0,,,,,,,,,,,,,,,,,,,,,,,133.644065207978,"rgba(38, 166, 154, 1.0)",0.0,0.0,4.8780192313706054,136.22690581050423,1.0153904596444308,0.0,0.0,0.0,0.0,0.0,0.0,0.0,0.0,64.45213009686125,8.87870576039795,True,False,True,False,True,18.36098397036047,0,,,False,False,False,False,,,False,False,False,False,101146.0,22601.942342473896,False,False,False,False,11132.50891320301,False,False,False,False
2025-05-02 19:00:00+00:00,141.16,142.13,140.97,141.55,30083.0,,,,,,,,,,,,,,,,,,,,,,,133.88809036249654,"rgba(38, 166, 154, 1.0)",0.0,0.0,4.900512514105105,136.601534297576,1.0097853414680378,0.0,0.0,0.0,0.0,1.0,142.315,141.67,0.0,66.47546875938889,10.986759511795341,True,False,True,False,True,18.98821330899931,0,,,False,False,False,False,,,False,False,False,False,131229.0,24286.082771272748,False,False,False,False,11426.314976564205,False,False,False,False
2025-05-05 14:00:00+00:00,142.4,144.01,142.315,143.2,11794.0,,,,,,,,,,,,,,,,,,,,,,,133.99912761652192,"rgba(38, 166, 154, 1.0)",0.0,0.0,4.90247195874756,136.7815081604918,1.3092358086935252,0.0,0.0,0.0,0.0,1.0,142.52,142.13,0.0,69.79439896886183,14.247562727101382,True,False,True,False,True,20.0,0,,,False,False,False,False,,,False,False,False,False,143023.0,26126.965208927435,False,False,False,False,11432.015519563209,False,False,False,False
2025-05-05 15:00:00+00:00,143.115,143.33,142.52,143.09,6031.0,,,,,,,,,,,,,,,,,,,,,,,134.0537030293565,"rgba(38, 166, 154, 1.0)",0.0,0.0,4.883466199034959,136.8634504995362,1.2750266402364459,0.0,0.0,0.0,0.0,0.0,0.0,0.0,0.0,71.62959053335071,16.083907308544966,True,False,True,False,True,20.0,0,,,False,False,False,False,,,False,False,False,False,136992.0,27845.802957626234,False,False,False,False,11348.278844841298,False,False,False,False
2025-05-05 16:00:00+00:00,143.23,144.4,143.2,144.3,7445.0,,,,,,,,,,,,,,,,,,,,,,,134.1275124245758,"rgba(38, 166, 154, 1.0)",0.0,0.0,4.870913323351527,136.98046871963155,1.5027020179722927,0.0,0.0,0.0,0.0,0.0,0.0,0.0,0.0,74.12859786218323,18.555579164337473,True,False,True,False,True,20.0,0,,,False,False,False,False,,,False,False,False,False,144437.0,29653.41841564753,False,False,False,False,11287.762893758487,False,False,False,False
2025-05-05 17:00:00+00:00,144.41,144.68,143.37,143.6,18644.0,,,,,,,,,,,,,,,,,,,,,,,134.30608843604202,"rgba(38, 166, 154, 1.0)",0.0,0.0,4.89104865872154,137.24265028515788,1.2997927762394923,0.0,0.0,0.0,0.0,0.0,0.0,0.0,0.0,73.37877075230833,18.555579164337473,True,False,True,False,True,20.0,0,,,False,False,False,False,,,False,False,False,False,125793.0,31143.954564242144,False,False,False,False,11401.813081452154,False,False,False,False
2025-05-05 18:00:00+00:00,143.615,144.15,143.515,143.76,21373.0,,,,,,,,,,,,,,,,,,,,,,,134.50138429156684,"rgba(38, 166, 154, 1.0)",0.0,0.0,4.924558035686719,137.50215339482054,1.2707427874401747,0.0,0.0,0.0,0.0,0.0,0.0,0.0,0.0,73.09457967832776,18.555579164337473,True,False,True,False,True,20.0,0,,,False,False,False,False,,,False,False,False,False,147166.0,32942.74596634691,False,False,False,False,11556.405126700956,False,False,False,False
2025-05-05 19:00:00+00:00,143.805,143.915,142.9,143.27,54551.0,,,,,,,,,,,,,,,,,,,,,,,134.94300274349425,"rgba(38, 166, 154, 1.0)",0.0,0.0,4.960157943031614,137.99226244314892,1.0640261091414716,0.0,0.0,0.0,0.0,0.0,0.0,0.0,0.0,71.12930190975996,18.555579164337473,True,False,True,False,False,20.0,0,,,False,False,False,False,,,False,False,False,False,92615.0,33867.89719167486,False,False,False,False,12222.987992953655,False,False,False,False
2025-05-06 14:00:00+00:00,143.05,145.01,142.58,143.92,22168.0,,,,,,,,,,,,,,,,,,,,,,,135.1195640775806,"rgba(38, 166, 154, 1.0)",0.0,0.0,4.999476659998891,138.17980021184098,1.1481601332568832,0.0,0.0,0.0,0.0,0.0,0.0,0.0,0.0,70.89927856351372,18.555579164337473,True,False,True,False,False,20.0,0,,,False,False,False,False,,,False,False,False,False,114783.0,35122.394909633396,False,False,False,False,12377.17422562104,False,False,False,False
2025-05-06 15:00:00+00:00,143.9,144.75,143.22,144.63,22084.0,,,,,,,,,,,,,,,,,,,,,,,135.2956673750644,"rgba(38, 166, 154, 1.0)",0.0,0.0,5.043038976363054,138.36535685611548,1.2422357180357264,0.0,0.0,0.0,0.0,0.0,0.0,0.0,0.0,71.81265160893918,18.555579164337473,True,False,True,False,False,20.0,0,,,False,False,False,False,,,False,False,False,False,136867.0,36699.83064746854,False,False,False,False,12527.667648479628,False,False,False,False
2025-05-06 16:00:00+00:00,144.68,145.94,143.72,143.845,11790.0,,,,,,,,,,,,,,,,,,,,,,,135.3900070432533,"rgba(38, 166, 154, 1.0)",0.0,0.0,5.048019544764474,138.46448759922575,1.0658660001335811,0.0,0.0,0.0,0.0,0.0,0.0,0.0,0.0,69.50853021591065,18.555579164337473,True,False,True,False,False,20.0,0,,,False,False,False,False,,,False,False,False,False,125077.0,38070.019319600804,False,False,False,False,12516.23094075126,False,False,False,False
2025-05-06 17:00:00+00:00,143.845,145.605,143.805,145.605,13276.0,,,,,,,,,,,,,,,,,,,,,,,135.4996909941633,"rgba(38, 166, 154, 1.0)",0.0,0.0,5.08466357015107,138.58256467467575,1.3811012721763212,0.0,0.0,0.0,0.0,0.0,0.0,0.0,0.0,70.6677972494728,18.555579164337473,True,False,True,False,False,20.0,0,,,False,False,False,False,,,False,False,False,False,138353.0,39624.794213870555,False,False,False,False,12528.01030601093,False,False,False,False
2025-05-06 18:00:00+00:00,145.63,146.33,145.25,146.3,23182.0,,,,,,,,,,,,,,,,,,,,,,,135.7039853671989,"rgba(38, 166, 154, 1.0)",0.0,0.0,5.127577762619649,138.81193952520897,1.4603504464387558,0.0,0.0,0.0,0.0,0.0,0.0,0.0,0.0,72.27663533542793,18.555579164337473,True,False,True,False,True,20.0,0,,,False,False,False,False,,,False,False,False,False,161535.0,41514.87492373303,False,False,False,False,12693.188440801458,False,False,False,False
2025-05-06 19:00:00+00:00,146.31,146.35,144.5,144.53,31835.0,,,,,,,,,,,,,,,,,,,,,,,135.9501047639911,"rgba(38, 166, 154, 1.0)",0.0,0.0,5.116636504298203,139.05780685496765,1.0694903068520625,0.0,0.0,0.0,0.0,0.0,0.0,0.0,0.0,68.06181056950192,22.30979345514706,True,False,True,False,False,18.97954889213307,0,,,False,False,False,False,,,False,False,False,False,129700.0,42882.08616522554,False,False,False,False,12989.960713037093,False,False,False,False
2025-05-07 14:00:00+00:00,145.53,145.955,144.03,144.195,19474.0,,,,,,,,,,,,,,,,,,,,,,,136.08813104283882,"rgba(38, 166, 154, 1.0)",0.0,0.0,5.088915573254436,139.18514982522305,0.9844632127730645,0.0,0.0,0.0,0.0,0.0,0.0,0.0,0.0,64.40074231422402,18.973152254041608,True,False,True,False,False,18.093841448167396,0,,,False,False,False,False,,,False,False,False,False,110226.0,43926.177852586385,False,False,False,False,13090.488453920238,False,False,False,False
2025-05-07 15:00:00+00:00,144.29,145.64,144.28,145.55,15835.0,,,,,,,,,,,,,,,,,,,,,,,136.2026345812814,"rgba(38, 166, 154, 1.0)",0.0,0.0,5.080060720003131,139.2933708375816,1.2316051927848932,0.0,0.0,0.0,0.0,0.0,0.0,0.0,0.0,64.29321448118338,18.901114121382705,True,False,True,False,False,20.0,0,,,False,False,False,False,,,False,False,False,False,126061.0,45199.58594789512,False,False,False,False,13133.039020526125,False,False,False,False
2025-05-07 16:00:00+00:00,145.67,145.76,144.41,144.85,10548.0,,,,,,,,,,,,,,,,,,,,,,,136.27606532981196,"rgba(38, 166, 154, 1.0)",0.0,0.0,5.04489896862201,139.36058916893066,1.0881111525150604,0.0,0.0,0.0,0.0,0.0,0.0,0.0,0.0,62.37238649026831,17.010766352195475,True,False,True,False,False,18.38140390194604,0,,,False,False,False,False,,,False,False,False,False,115513.0,46289.716398315344,False,False,False,False,13092.96089617688,False,False,False,False
2025-05-07 17:00:00+00:00,144.85,145.285,143.81,143.905,9118.0,,,,,,,,,,,,,,,,,,,,,,,136.33374113333196,"rgba(38, 166, 154, 1.0)",0.0,0.0,4.951260680303971,139.40863943345337,0.9081243862665264,0.0,0.0,0.0,0.0,0.0,0.0,0.0,0.0,58.8246711493647,13.651794692810952,False,False,True,False,False,15.956261632222144,0,,,False,False,False,False,,,False,False,False,False,106395.0,47221.581260356965,False,False,False,False,13031.33359546096,False,False,False,False
2025-05-07 18:00:00+00:00,143.78,144.3,142.73,144.145,7473.0,,,,,,,,,,,,,,,,,,,,,,,136.37685124798602,"rgba(38, 166, 154, 1.0)",0.0,0.0,4.81372964447422,139.44096890020336,0.9772113199578015,0.0,0.0,0.0,0.0,0.0,0.0,0.0,0.0,56.97657469062675,11.916218894381167,False,True,True,False,False,16.35098325312085,1,,,False,False,False,False,,,False,False,False,False,113868.0,48254.85907027391,False,False,False,False,12945.15788080265,False,False,False,False
2025-05-07 19:00:00+00:00,144.09,144.86,143.63,144.67,18489.0,,,,,,,,,,,,,,,,,,,,,,,136.4907920955986,"rgba(38, 166, 154, 1.0)",0.0,0.0,4.694108392826417,139.53484849294315,1.093956738388151,0.0,0.0,0.0,0.0,1.0,147.99,144.3,0.0,56.88579014994639,11.70894026221589,False,True,True,False,False,17.213300250402053,1,,,False,False,False,False,,,False,False,False,False,132357.0,49558.76823197509,False,False,False,False,13031.108921410361,False,False,False,False
2025-05-08 14:00:00+00:00,148.165,150.085,147.99,149.2,20547.0,,,,,,,,,,,,,,,,,,,,,,,136.68689352643275,"rgba(38, 166, 154, 1.0)",0.0,0.0,4.6774507475221245,139.758837352065,2.018441915809896,0.0,0.0,0.0,0.0,1.0,149.105,144.86,0.0,62.824307086277386,7.6747875034159065,True,False,True,False,True,20.0,0,,,False,False,False,False,,,False,False,False,False,152904.0,51161.0198872933,False,False,False,False,13147.63436448927,False,False,False,False
2025-05-08 15:00:00+00:00,149.2,150.84,149.105,150.24,11636.0,,,,,,,,,,,,,,,,,,,,,,,136.80373876467834,"rgba(38, 166, 154, 1.0)",0.0,0.0,4.656109761174867,139.89446029407807,2.2219277973617757,0.0,0.0,0.0,0.0,0.0,0.0,0.0,0.0,67.60090217133467,11.970827402103055,True,False,True,False,True,20.0,0,,,False,False,False,False,,,False,False,False,False,164540.0,52918.83353245154,False,False,False,False,13124.198172791763,False,False,False,False
2025-05-08 16:00:00+00:00,150.27,151.73,150.24,151.41,5987.0,,,,,,,,,,,,,,,,,,,,,,,136.8678322906623,"rgba(38, 166, 154, 1.0)",0.0,0.0,4.683626297784341,141.8299320059143,2.045438167989129,0.0,0.0,0.0,0.0,0.0,0.0,0.0,0.0,71.61760428540516,15.50350697625889,True,False,True,False,True,20.0,0,,,False,False,False,False,,,False,False,False,False,170527.0,54742.21595830501,False,False,False,False,13013.543937554681,False,False,False,False
2025-05-08 17:00:00+00:00,151.385,151.4,150.31,150.475,4306.0,,,,,,,,,,,,,,,,,,,,,,,136.9122985445959,"rgba(38, 166, 154, 1.0)",0.0,0.0,4.767075059365161,141.8453731616274,1.8102561278994858,0.0,0.0,0.0,0.0,0.0,0.0,0.0,0.0,71.91999373892672,15.710446951248741,True,False,True,False,True,20.0,0,,,False,False,False,False,,,False,False,False,False,166221.0,56470.56919926152,False,False,False,False,12878.543256352283,False,False,False,False
2025-05-08 18:00:00+00:00,150.51,150.75,150.325,150.52,8550.0,,,,,,,,,,,,,,,,,,,,,,,136.99850562816457,"rgba(38, 166, 154, 1.0)",0.0,0.0,4.848393867054307,141.89560859875033,1.7788141058122247,0.0,0.0,0.0,0.0,0.0,0.0,0.0,0.0,72.1657380234128,16.118911012533047,True,False,True,False,True,20.0,0,,,False,False,False,False,,,False,False,False,False,174771.0,58304.684405474516,False,False,False,False,12811.434058579378,False,False,False,False
2025-05-08 19:00:00+00:00,150.49,151.47,149.99,149.99,15650.0,,,,,,,,,,,,,,,,,,,,,,,137.1529516779663,"rgba(38, 166, 154, 1.0)",0.0,0.0,4.917544603552433,142.02006361484038,1.6207146101739773,0.0,0.0,0.0,0.0,0.0,0.0,0.0,0.0,70.87542852329092,16.118911012533047,True,False,True,False,True,20.0,0,,,False,False,False,False,,,False,False,False,False,159121.0,59867.72805810282,False,False,False,False,12855.442832864968,False,False,False,False
2025-05-09 14:00:00+00:00,150.58,151.02,149.645,150.63,4763.0,,,,,,,,,,,,,,,,,,,,,,,137.1990773256689,"rgba(38, 166, 154, 1.0)",0.0,0.0,4.957117667311046,142.0588849536062,1.7290521673339947,0.0,0.0,0.0,0.0,0.0,0.0,0.0,0.0,70.81222782967801,16.118911012533047,True,False,True,False,True,20.0,0,,,False,False,False,False,,,False,False,False,False,163884.0,61480.38343704696,False,False,False,False,12729.978602898069,False,False,False,False
2025-05-09 15:00:00+00:00,150.71,150.92,150.16,150.645,4411.0,,,,,,,,,,,,,,,,,,,,,,,137.24196888123157,"rgba(38, 166, 154, 1.0)",0.0,0.0,5.010258889932126,142.09822987348556,1.7058539916347975,0.0,0.0,0.0,0.0,0.0,0.0,0.0,0.0,70.78948546104196,16.118911012533047,True,False,True,False,True,20.0,0,,,False,False,False,False,,,False,False,False,False,168295.0,63136.42400391445,False,False,False,False,12601.002190450037,False,False,False,False
2025-05-09 16:00:00+00:00,150.7,150.73,150.25,150.34,2241.0,,,,,,,,,,,,,,,,,,,,,,,137.26343507537086,"rgba(38, 166, 154, 1.0)",0.0,0.0,5.040401011860081,142.11670043930883,1.6314772458266162,0.0,0.0,0.0,0.0,0.0,0.0,0.0,0.0,69.75031873970289,16.118911012533047,True,False,True,False,False,20.0,0,,,False,False,False,False,,,False,False,False,False,166054.0,64732.04533718709,False,False,False,False,12440.382001450811,False,False,False,False
2025-05-09 17:00:00+00:00,150.45,151.08,150.4,151.08,2214.0,,,,,,,,,,,,,,,,,,,,,,,137.28523728815605,"rgba(38, 166, 154, 1.0)",0.0,0.0,5.133152340906585,142.13903556460494,1.741807731701954,0.0,0.0,0.0,0.0,1.0,150.75,150.73,0.0,70.19944439631348,16.118911012533047,True,False,True,False,False,20.0,0,,,False,False,False,False,,,False,False,False,False,168268.0,66337.25393661055,False,False,False,False,12281.833443288782,False,False,False,False
2025-05-09 18:00:00+00:00,151.02,151.445,150.75,151.34,4351.0,,,,,,,,,,,,,,,,,,,,,,,137.32890171718688,"rgba(38, 166, 154, 1.0)",0.0,0.0,5.209427222064034,142.18800150181482,1.7568147337624298,0.0,0.0,0.0,0.0,0.0,0.0,0.0,0.0,70.88616988728543,16.992273052627937,True,False,True,False,False,20.0,0,,,False,False,False,False,,,False,False,False,False,172619.0,67985.03294534526,False,False,False,False,12158.874785253298,False,False,False,False
2025-05-09 19:00:00+00:00,151.34,151.655,150.87,150.9,14228.0,,,,,,,,,,,,,,,,,,,,,,,137.46941698054658,"rgba(38, 166, 154, 1.0)",0.0,0.0,5.276480474539636,142.33615868718812,1.6230215110497626,0.0,0.0,0.0,0.0,0.0,0.0,0.0,0.0,69.63151847910476,16.992273052627937,True,False,True,False,False,20.0,0,,,False,False,False,False,,,False,False,False,False,158391.0,69386.67584541743,False,False,False,False,12190.954245947045,False,False,False,False
2025-05-12 14:00:00+00:00,158.835,160.13,157.92,158.05,11022.0,,,,,,,,,,,,,,,,,,,,,,,137.63541857672067,"rgba(38, 166, 154, 1.0)",0.0,0.0,5.580055379298299,142.70095851317265,2.7506969812112376,0.0,0.0,0.0,0.0,0.0,0.0,0.0,0.0,74.98889545196377,21.1202602699029,True,False,True,False,True,20.0,0,,,False,False,False,False,,,False,False,False,False,169413.0,70937.4715687443,False,False,False,False,12172.830924304455,False,False,False,False
2025-05-12 15:00:00+00:00,158.02,158.19,156.255,156.97,8970.0,,,,,,,,,,,,,,,,,,,,,,,137.7587367582207,"rgba(38, 166, 154, 1.0)",0.0,0.0,5.79514903383202,142.91907971469888,2.424600334395542,0.0,0.0,0.0,0.0,0.0,0.0,0.0,0.0,76.05726004274365,22.090603875950592,True,False,True,False,True,20.0,0,,,False,False,False,False,,,False,False,False,False,160443.0,72325.15418008159,False,False,False,False,12123.174630904387,False,False,False,False
2025-05-12 16:00:00+00:00,156.84,157.74,156.53,157.73,6419.0,,,,,,,,,,,,,,,,,,,,,,,137.8469095647943,"rgba(38, 166, 154, 1.0)",0.0,0.0,6.021491261224987,143.06616941399935,2.4352490022575397,0.0,0.0,0.0,0.0,0.0,0.0,0.0,0.0,77.24101303260004,23.25191438326445,True,False,True,False,True,20.0,0,,,False,False,False,False,,,False,False,False,False,166862.0,73790.84171217335,False,False,False,False,12034.737814921373,False,False,False,False
2025-05-12 17:00:00+00:00,157.69,157.95,157.12,157.12,8453.0,,,,,,,,,,,,,,,,,,,,,,,137.96219068105208,"rgba(38, 166, 154, 1.0)",0.0,0.0,6.232734073906564,143.24826413403323,2.225626137980281,0.0,0.0,0.0,0.0,0.0,0.0,0.0,0.0,76.5618582899479,23.25191438326445,True,False,True,False,True,20.0,0,,,False,False,False,False,,,False,False,False,False,158409.0,75102.75114299236,False,False,False,False,11979.206996085382,False,False,False,False
2025-05-12 18:00:00+00:00,157.2,158.04,157.045,157.93,11416.0,,,,,,,,,,,,,,,,,,,,,,,138.11791270677267,"rgba(38, 166, 154, 1.0)",0.0,0.0,6.442733143655745,143.48271653023457,2.242415314685491,0.0,0.0,0.0,0.0,0.0,0.0,0.0,0.0,76.74014409271717,23.25191438326445,True,False,True,False,True,20.0,0,,,False,False,False,False,,,False,False,False,False,169825.0,76571.31314077543,False,False,False,False,11970.475104673205,False,False,False,False
2025-05-12 19:00:00+00:00,157.93,158.79,157.85,158.12,28842.0,,,,,,,,,,,,,,,,,,,,,,,138.51197369266254,"rgba(38, 166, 154, 1.0)",0.0,0.0,6.650620737810725,144.0367579248816,2.1175830994317626,0.0,0.0,0.0,0.0,0.0,0.0,0.0,0.0,77.00977792343407,23.528444165246114,True,False,True,False,True,20.0,0,,,False,False,False,False,,,False,False,False,False,198667.0,78464.26952618976,False,False,False,False,12232.049134058116,False,False,False,False
2025-05-13 14:00:00+00:00,160.71,161.63,160.015,160.78,26507.0,,,,,,,,,,,,,,,,,,,,,,,138.905913651453,"rgba(38, 166, 154, 1.0)",0.0,0.0,6.9269490378501315,144.60089671583773,2.33567522956451,0.0,0.0,0.0,0.0,0.0,0.0,0.0,0.0,78.9650740061823,25.582582756665644,True,False,True,False,True,20.0,0,,,False,False,False,False,,,False,False,False,False,225174.0,80738.8389909,False,False,False,False,12453.366201747138,False,False,False,False
2025-05-13 15:00:00+00:00,160.68,162.96,160.66,162.36,15484.0,,,,,,,,,,,,,,,,,,,,,,,139.14176301473583,"rgba(38, 166, 154, 1.0)",0.0,0.0,7.2356203292841075,144.92997718500447,2.4089189346285207,0.0,0.0,0.0,0.0,0.0,0.0,0.0,0.0,81.04973864368824,27.65733978595128,True,False,True,False,True,20.0,0,,,False,False,False,False,0.34282825254268184,0.34282825254268184,False,False,False,False,240658.0,83218.20582825039,False,False,False,False,12500.352772262686,False,False,False,False
2025-05-13 16:00:00+00:00,162.4,163.86,161.96,163.48,17482.0,,,,,,,,,,,,,,,,,,,,,,,139.41493853563426,"rgba(38, 166, 154, 1.0)",0.0,0.0,7.558390357264747,145.30731509744825,2.404306213833619,0.0,0.0,0.0,0.0,0.0,0.0,0.0,0.0,82.92429474396317,29.4737953612472,True,False,True,False,True,20.0,0,1.0872459893048128,0.8464171122994645,False,False,False,False,0.34282825259335786,0.34282825256801985,False,False,False,False,258140.0,85930.17162936278,False,False,False,False,12577.5876130028,False,False,False,False
2025-05-13 17:00:00+00:00,163.5,164.11,163.255,163.37,11606.0,,,,,,,,,,,,,,,,,,,,,,,139.5964738940225,"rgba(38, 166, 154, 1.0)",0.0,0.0,7.836226490065453,145.5519562808502,2.2738040741598047,0.0,0.0,0.0,0.0,0.0,0.0,0.0,0.0,83.86328563786968,30.41972280508513,True,False,True,False,True,20.0,0,1.0967828779108895,0.8439090052496966,False,False,False,False,0.34282825262733757,0.3428282525976787,False,False,False,False,246534.0,88420.15346456647,False,False,False,False,12562.524239157794,False,False,False,False
2025-05-13 18:00:00+00:00,163.28,164.15,163.01,164.085,11070.0,,,,,,,,,,,,,,,,,,,,,,,139.76831137919547,"rgba(38, 166, 154, 1.0)",0.0,0.0,8.119340483801121,145.77816812728236,2.2547190759202147,0.0,0.0,0.0,0.0,0.0,0.0,0.0,0.0,84.83581113911151,31.437177661470272,True,False,True,False,True,20.0,0,1.0967863894139886,0.8399405887118548,False,False,False,False,0.34099660069482446,0.34191242664625154,False,False,False,False,257604.0,91043.15883720884,False,False,False,False,12539.384328473177,False,False,False,False
2025-05-13 19:00:00+00:00,164.08,164.855,162.72,162.82,39932.0,,,,,,,,,,,,,,,,,,,,,,,140.3612679904108,"rgba(38, 166, 154, 1.0)",0.0,0.0,8.339446890078044,148.93175773150932,1.665367314109809,0.0,0.0,0.0,0.0,0.0,0.0,0.0,0.0,81.81832781553787,31.437177661470272,True,False,True,False,False,20.0,0,1.0878967561911401,0.8401169810308277,False,False,False,False,0.3428282526318586,0.34237033963905505,False,False,False,False,217672.0,93006.39668469397,False,False,False,False,12964.076044310801,False,False,False,False
2025-05-14 14:00:00+00:00,162.65,163.34,162.3,163.28,11092.0,,,,,,,,,,,,,,,,,,,,,,,140.5173511711957,"rgba(38, 166, 154, 1.0)",0.0,0.0,8.54068384396252,149.07082354782452,1.6637047702239987,0.0,0.0,0.0,0.0,0.0,0.0,0.0,0.0,80.20453345756324,33.84787816143229,True,False,True,False,False,20.0,0,1.0857747875733774,0.8482322352373545,False,False,False,False,0.3256685689975753,0.33401945431831515,False,False,False,False,228764.0,95111.16572834214,False,False,False,False,12935.051609515285,False,False,False,False
2025-05-14 15:00:00+00:00,163.33,164.01,162.88,163.8,11361.0,,,,,,,,,,,,,,,,,,,,,,,140.67914357012793,"rgba(38, 166, 154, 1.0)",0.0,0.0,8.746401804314871,149.23698074615461,1.6650297550543594,0.0,0.0,0.0,0.0,0.0,0.0,0.0,0.0,79.58133430976191,33.21016947322774,True,False,True,False,False,20.0,0,1.0880186430235983,0.8463021991267772,False,False,False,False,0.3367318579965676,0.33537565615744136,False,False,False,False,240125.0,97359.44222867792,False,False,False,False,12910.647708592567,False,False,False,False
2025-05-14 16:00:00+00:00,163.755,164.45,163.64,164.04,14047.0,,,,,,,,,,,,,,,,,,,,,,,140.88020424829094,"rgba(38, 166, 154, 1.0)",0.0,0.0,8.948063969977568,149.45347282172884,1.6301321969994502,0.0,0.0,0.0,0.0,0.0,0.0,0.0,0.0,79.38046931267459,32.87495146345245,True,False,True,False,False,20.0,0,1.0993604447202956,0.842620827374045,False,False,False,False,0.34282825264284955,0.33910195440014546,False,False,False,False,254172.0,99790.64467474492,False,False,False,False,12928.265573575627,False,False,False,False
2025-05-14 17:00:00+00:00,164.08,164.59,163.59,164.16,8634.0,,,,,,,,,,,,,,,,,,,,,,,141.00244654199582,"rgba(38, 166, 154, 1.0)",0.0,0.0,9.135935245546056,149.5817346583911,1.5957058527440944,0.0,0.0,0.0,0.0,0.0,0.0,0.0,0.0,79.36175968364822,32.63234758317729,True,False,True,False,False,20.0,0,1.0981770202224195,0.834343107951638,False,False,False,False,0.3428282526447565,0.340965103522451,False,False,False,False,262806.0,102318.01452474887,False,False,False,False,12861.687812744996,False,False,False,False
2025-05-14 18:00:00+00:00,164.19,164.47,163.29,163.74,10124.0,,,,,,,,,,,,,,,,,,,,,,,141.14243927276104,"rgba(38, 166, 154, 1.0)",0.0,0.0,9.280873251279008,149.71946456646944,1.5106914030528735,0.0,0.0,0.0,0.0,0.0,0.0,0.0,0.0,77.74167639656599,30.90015678802291,True,False,True,False,False,20.0,0,1.0997926596117078,0.8348816544147339,False,False,False,False,0.33911445409736585,0.34003977880990843,False,False,False,False,252682.0,104649.23910576051,False,False,False,False,12819.243040454377,False,False,False,False
2025-05-14 19:00:00+00:00,163.7,164.09,163.45,163.545,26776.0,,,,,,,,,,,,,,,,,,,,,,,141.5023423672561,"rgba(38, 166, 154, 1.0)",0.0,0.0,9.404638087111563,150.05683539945238,1.4342034723305566,0.0,0.0,0.0,0.0,0.0,0.0,0.0,0.0,75.89725732940886,29.04209160675704,True,False,True,False,False,20.0,0,1.1040075563351772,0.8327351234651189,False,False,False,False,0.33717272731595993,0.3386062530629342,False,False,False,False,225906.0,106529.18888706654,False,False,False,False,13035.626869284542,False,False,False,False
2025-05-15 14:00:00+00:00,162.775,162.81,161.945,162.6,10096.0,,,,,,,,,,,,,,,,,,,,,,,141.6276443613986,"rgba(38, 166, 154, 1.0)",0.0,0.0,9.494705579218131,151.68968242625266,1.149094880585626,0.0,0.0,0.0,0.0,0.0,0.0,0.0,0.0,71.20903155059653,24.688161521702426,False,False,True,False,False,20.0,0,1.1016538926986685,0.8325400026892561,False,False,False,False,0.31279747036663835,0.32570186171478627,False,False,False,False,215810.0,108223.46502835232,False,False,False,False,12990.051258908039,False,False,False,False
2025-05-15 15:00:00+00:00,162.605,163.24,162.13,163.2,7335.0,,,,,,,,,,,,,,,,,,,,,,,141.71949572305735,"rgba(38, 166, 154, 1.0)",0.0,0.0,9.59049942804227,151.7766289547815,1.1911132606730541,0.0,0.0,0.0,0.0,0.0,0.0,0.0,0.0,69.2678048876281,23.015841570191526,False,True,True,False,False,20.0,0,1.103728193962852,0.8295567561755767,False,False,False,False,0.31708264544214243,0.32139225357846435,False,False,False,False,223145.0,110005.19425271895,False,False,False,False,12902.376045591634,False,False,False,False
2025-05-15 16:00:00+00:00,163.15,163.9,163.13,163.78,5478.0,,,,,,,,,,,,,,,,,,,,,,,141.7899812457495,"rgba(38, 166, 154, 1.0)",0.0,0.0,9.690965843608252,151.86159875366522,1.2298465848164815,0.0,0.0,0.0,0.0,0.0,0.0,0.0,0.0,69.03428617307843,22.82785355512712,False,True,True,False,False,20.0,0,1.1087761652629555,0.8313626512304184,False,False,False,False,0.33224059999196176,0.32681642678521305,False,False,False,False,228623.0,111844.23000073881,False,False,False,False,12787.269440233624,False,False,False,False
2025-05-15 17:00:00+00:00,163.87,164.42,163.69,164.32,4472.0,,,,,,,,,,,,,,,,,,,,,,,141.84860294902424,"rgba(38, 166, 154, 1.0)",0.0,0.0,9.786415160041214,151.93685081316426,1.2653406772887803,0.0,0.0,0.0,0.0,0.0,0.0,0.0,0.0,69.79880954467149,22.82785355512712,False,False,True,False,False,20.0,0,1.1098342176889449,0.8306161163500393,False,False,False,False,0.3421816892915058,0.33449905803835944,False,False,False,False,233095.0,113724.08689995216,False,False,False,False,12658.35053418349,False,False,False,False
2025-05-15 18:00:00+00:00,164.405,164.82,163.93,164.62,7915.0,,,,,,,,,,,,,,,,,,,,,,,141.953055036209,"rgba(38, 166, 154, 1.0)",0.0,0.0,9.876068989009518,152.06511396655574,1.2712432494564223,0.0,0.0,0.0,0.0,0.0,0.0,0.0,0.0,70.80580907874611,22.82785355512712,False,False,True,False,True,20.0,0,1.1090370045020312,0.8278522016031621,False,False,False,False,0.34282825258072047,0.33866365530953996,False,False,False,False,241010.0,115697.51190925523,False,False,False,False,12584.810215824056,False,False,False,False
2025-05-15 19:00:00+00:00,164.65,165.51,164.645,165.25,20691.0,,,,,,,,,,,,,,,,,,,,,,,142.22969844626905,"rgba(38, 166, 154, 1.0)",0.0,0.0,9.964506186487135,153.8077896428396,1.1482967788887708,0.0,0.0,0.0,0.0,0.0,0.0,0.0,0.0,72.46898777129299,22.82785355512712,False,False,True,False,True,20.0,0,1.1244130803211734,0.8251882310449249,False,False,False,False,0.3428282526121007,0.3407459539608203,False,False,False,False,261701.0,117961.13187965438,False,False,False,False,12710.48757681903,False,False,False,False
2025-05-16 14:00:00+00:00,163.48,164.225,162.84,163.58,17620.0,,,,,,,,,,,,,,,,,,,,,,,142.44416673613222,"rgba(38, 166, 154, 1.0)",0.0,0.0,10.018109243755514,153.85414006760195,0.9708278973360555,0.0,0.0,0.0,0.0,0.0,0.0,0.0,0.0,67.35956017045888,21.343129176260547,False,True,True,False,False,20.0,0,1.1138298751756632,0.8148301231710338,False,False,False,False,0.31521417723872697,0.32798006559977366,False,False,False,False,244081.0,119916.47867221788,False,False,False,False,12786.604048496254,False,False,False,False
2025-05-16 15:00:00+00:00,163.55,164.035,163.35,163.71,18668.0,,,,,,,,,,,,,,,,,,,,,,,142.66831492702633,"rgba(38, 166, 154, 1.0)",0.0,0.0,10.05910462809284,153.97060995471517,0.9682163975196051,0.0,0.0,0.0,0.0,0.0,0.0,0.0,0.0,64.25470496368801,18.61066741847705,False,True,True,False,False,20.0,0,1.1220368016798363,0.811681494170304,False,False,False,False,0.31677069213540476,0.3223753788675892,False,False,False,False,262749.0,122130.93636722225,False,False,False,False,12877.7884818529,False,False,False,False
2025-05-16 16:00:00+00:00,163.71,164.03,163.47,163.58,19972.0,,,,,,,,,,,,,,,,,,,,,,,142.90288829780104,"rgba(38, 166, 154, 1.0)",0.0,0.0,10.08911121408075,154.10485261886737,0.9391458950228206,0.0,0.0,0.0,0.0,0.0,0.0,0.0,0.0,61.736189998057846,16.408097258570237,False,True,True,False,False,20.0,0,1.121715893108298,0.8193248945147673,False,False,False,False,0.31784404287677936,0.3201097108721843,False,False,False,False,242777.0,124001.41797393198,False,False,False,False,12987.776257328049,False,False,False,False
2025-05-16 17:00:00+00:00,163.55,164.02,163.35,163.81,17806.0,,,,,,,,,,,,,,,,,,,,,,,143.1079800209892,"rgba(38, 166, 154, 1.0)",0.0,0.0,10.034227146742907,154.22764446641156,0.9549669738838688,0.0,0.0,0.0,0.0,0.0,0.0,0.0,0.0,60.693895392659314,15.485360498954023,False,True,True,False,False,20.0,0,1.121421492283732,0.822058615319269,False,False,False,False,0.31663074197833596,0.31837022642526014,False,False,False,False,260583.0,126118.96188131288,False,False,False,False,13062.477400625288,False,False,False,False
2025-05-16 18:00:00+00:00,163.845,164.06,162.69,163.3,11816.0,,,,,,,,,,,,,,,,,,,,,,,143.23941694189065,"rgba(38, 166, 154, 1.0)",0.0,0.0,9.945497215567695,154.2954592636242,0.9053886941198879,0.0,0.0,0.0,0.0,0.0,0.0,0.0,0.0,58.06229649876497,13.001779911498005,False,True,True,False,False,20.0,0,1.1136421589460264,0.8244227227652638,False,False,False,False,0.31085655498404524,0.31461339070465266,False,False,False,False,248767.0,128020.48185214523,False,False,False,False,13043.152169607842,False,False,False,False
2025-05-16 19:00:00+00:00,163.3,164.22,162.705,164.06,27266.0,,,,,,,,,,,,,,,,,,,,,,,143.54089732462876,"rgba(38, 166, 154, 1.0)",0.0,0.0,9.878064723653345,154.4751184337116,0.9703197776521035,0.0,0.0,0.0,0.0,0.0,0.0,0.0,0.0,58.55011829213642,13.001779911498005,False,True,True,False,False,20.0,0,1.1120657980271897,0.8231536700488955,False,False,False,False,0.31248431715642144,0.31354885393053705,False,False,False,False,276033.0,130315.24957536778,False,False,False,False,13263.66143829609,False,False,False,False
2025-05-19 14:00:00+00:00,163.27,164.04,162.925,162.925,9972.0,,,,,,,,,,,,,,,,,,,,,,,143.64698667666866,"rgba(38, 166, 154, 1.0)",0.0,0.0,9.797884228769002,154.53076475620463,0.8567395825261781,0.0,0.0,0.0,0.0,0.0,0.0,0.0,0.0,55.04228002929357,10.048463226118933,False,True,True,False,False,20.0,0,1.1091288295143877,0.825765902877596,False,False,False,False,0.3128566021278329,0.313202728029185,False,False,False,False,266061.0,132419.83485326904,False,False,False,False,13212.627927624833,False,False,False,False
2025-05-19 15:00:00+00:00,162.945,163.2,162.17,162.77,14828.0,,,,,,,,,,,,,,,,,,,,,,,143.7980265272854,"rgba(38, 166, 154, 1.0)",0.0,0.0,9.707890332699053,154.5940421361662,0.8421971801942143,0.0,0.0,0.0,0.0,0.0,0.0,0.0,0.0,52.242288655274,7.405513405720448,False,True,False,False,False,20.0,0,1.1098820475196114,0.8288560302500138,False,False,False,False,0.29807548370492465,0.3056391058670548,False,False,False,False,251233.0,134261.89942918735,False,False,False,False,13237.672455878712,False,False,False,False
2025-05-19 16:00:00+00:00,162.725,162.95,161.87,162.17,14675.0,,,,,,,,,,,,,,,,,,,,,,,143.94218814477756,"rgba(38, 166, 154, 1.0)",0.0,0.0,9.62658952032301,154.64643485364286,0.7815400387098549,0.0,0.0,0.0,0.0,0.0,0.0,0.0,0.0,48.64172610444373,4.058984714272839,False,True,False,True,False,20.0,0,1.1055141078139898,0.8263308464688387,False,False,False,False,0.29300803842482254,0.29932357214593863,False,False,False,False,236558.0,135847.88548454878,False,False,False,False,13259.956603849585,False,False,False,False
2025-05-19 17:00:00+00:00,162.17,162.43,161.24,161.33,12807.0,,,,,,,,,,,,,,,,,,,,,,,144.06170587542564,"rgba(239, 83, 80, 1.0)",0.0,0.0,9.571349393696599,154.67687309987548,0.6951085606075651,0.0,0.0,0.0,0.0,0.0,0.0,0.0,0.0,44.177524108227594,-0.012905756709940874,False,True,False,True,False,20.0,0,1.1013039117352055,0.8303800289758155,False,False,False,False,0.2824592413485075,0.290891406747223,False,False,False,False,223751.0,137210.72446928447,False,False,False,False,13252.934020844164,False,False,False,False
2025-05-19 18:00:00+00:00,161.335,161.46,160.71,161.22,15893.0,,,,,,,,,,,,,,,,,,,,,,,144.2033466994157,"rgba(239, 83, 80, 1.0)",0.0,0.0,9.466204126658564,154.70197341010712,0.6885575783789541,0.0,0.0,0.0,0.0,0.0,0.0,0.0,0.0,40.948339652404975,-2.9004751962034447,False,True,False,True,False,20.0,0,1.0979412907163866,0.8364685644525824,False,False,False,False,0.26879101898486235,0.2798412128660427,False,False,False,False,207858.0,138306.0310666599,False,False,False,False,13293.865276334953,False,False,False,False
2025-05-19 19:00:00+00:00,161.18,162.29,161.155,162.15,17122.0,,,,,,,,,,,,,,,,,,,,,,,144.35984616808457,"rgba(239, 83, 80, 1.0)",0.0,0.0,9.33617271401649,154.75678719530165,0.791889035385865,0.0,0.0,0.0,0.0,0.0,0.0,0.0,0.0,42.508146243314386,-2.9004751962034447,False,True,False,True,False,20.0,0,1.0997821831316,0.8329151617083455,False,False,False,False,0.28040255789146534,0.28012188537875404,False,False,False,False,224980.0,139649.8135307427,False,False,False,False,13353.216202283249,False,False,False,False
2025-05-20 14:00:00+00:00,162.31,163.34,161.78,162.475,5330.0,,,,,,,,,,,,,,,,,,,,,,,144.4098330867253,"rgba(239, 83, 80, 1.0)",0.0,0.0,9.19150985891255,154.7805606569491,0.837124635795281,0.0,0.0,0.0,0.0,0.0,0.0,0.0,0.0,44.68355176547022,-2.9004751962034447,False,True,False,True,True,20.0,0,1.1023482135534841,0.8285995462125141,False,False,False,False,0.29577027019523844,0.2879460777869962,False,False,False,False,230310.0,141055.39781708774,False,False,False,False,13228.82525341064,False,False,False,False
2025-05-20 15:00:00+00:00,162.47,163.095,162.13,162.39,4291.0,,,,,,,,,,,,,,,,,,,,,,,144.44989119154263,"rgba(239, 83, 80, 1.0)",0.0,0.0,9.054469854792798,154.79971920606982,0.8382910226281667,0.0,0.0,0.0,0.0,0.0,0.0,0.0,0.0,45.837967333719064,-2.9004751962034447,False,True,False,True,True,20.0,0,1.1037145809539348,0.83083156578017,False,False,False,False,0.2967380865155624,0.2923420821512793,False,False,False,False,226019.0,142372.6629672104,False,False,False,False,13090.254319249234,False,False,False,False
2025-05-20 16:00:00+00:00,162.28,162.38,161.66,162.37,3161.0,,,,,,,,,,,,,,,,,,,,,,,144.47863450338247,"rgba(239, 83, 80, 1.0)",0.0,0.0,8.900731268672104,154.81160243465288,0.8491883798301391,0.0,0.0,0.0,0.0,0.0,0.0,0.0,0.0,46.53104745958982,-2.9004751962034447,False,True,False,True,True,20.0,0,1.1089743589743588,0.8334429103659866,False,False,False,False,0.28584642058958193,0.28909425137043065,False,False,False,False,222858.0,143620.49764988932,False,False,False,False,12936.312391819014,False,False,False,False
2025-05-20 17:00:00+00:00,162.34,162.525,161.985,162.13,3514.0,,,,,,,,,,,,,,,,,,,,,,,144.51061648197745,"rgba(239, 83, 80, 1.0)",0.0,0.0,8.775528406358847,154.82529981562664,0.8323943409584649,0.0,0.0,0.0,0.0,0.0,0.0,0.0,0.0,46.02705861111606,-2.9004751962034447,False,True,False,True,True,20.0,0,1.1124948453608248,0.830432989690721,False,False,False,False,0.2900451487881577,0.28956970007929417,False,False,False,False,219344.0,144794.50543826312,False,False,False,False,12790.230029155153,False,False,False,False
2025-05-20 18:00:00+00:00,162.11,162.11,161.17,161.38,8087.0,,,,,,,,,,,,,,,,,,,,,,,144.58105453670748,"rgba(239, 83, 80, 1.0)",0.0,0.0,8.617013811467825,154.84786829424013,0.7580505089903274,0.0,0.0,0.0,0.0,0.0,0.0,0.0,0.0,43.059739152072616,-2.9004751962034447,False,True,False,True,False,19.04794288930966,0,1.10749167744243,0.8329160590970364,False,False,False,False,0.27867802787959706,0.2841238639794456,False,False,False,False,211257.0,145824.9317105381,False,False,False,False,12717.311734129491,False,False,False,False
2025-05-20 19:00:00+00:00,161.42,161.68,161.15,161.53,15920.0,,,,,,,,,,,,,,,,,,,,,,,144.717223665329,"rgba(239, 83, 80, 1.0)",0.0,0.0,8.466941490183952,154.89086022777354,0.7841249145188336,0.0,0.0,0.0,0.0,0.0,0.0,0.0,0.0,41.87701315598427,-2.9004751962034447,False,True,False,True,False,19.287104575724054,0,1.1050675768669658,0.8349803187536122,False,False,False,False,0.2745611727107538,0.2793425183450997,False,False,False,False,227177.0,147086.2040871189,False,False,False,False,12766.965815770895,False,False,False,False
2025-05-21 14:00:00+00:00,158.94,158.97,156.9,157.01,12594.0,,,,,,,,,,,,,,,,,,,,,,,144.79912087675905,"rgba(239, 83, 80, 1.0)",0.0,0.0,8.296678664674504,154.85035125863183,0.2603028065391377,0.0,0.0,0.0,0.0,0.0,0.0,0.0,0.0,33.6776319315217,-10.56046047275229,False,True,False,True,False,8.334409181263801,0,1.0916893843288618,0.8393208993495096,False,False,False,False,0.21127028504173567,0.2453064016934177,False,False,False,False,214583.0,148132.66603925658,False,False,False,False,12764.284175216308,False,False,False,False
2025-05-21 15:00:00+00:00,157.06,158.14,156.63,157.84,12527.0,,,,,,,,,,,,,,,,,,,,,,,144.87899366960718,"rgba(239, 83, 80, 1.0)",0.0,0.0,8.130395272019653,154.81340657467823,0.3722566153379587,0.0,0.0,0.0,0.0,0.0,0.0,0.0,0.0,31.0828009426084,-12.817410594950218,False,True,False,True,False,9.754553560609484,0,1.089815838433953,0.8458489497667643,False,False,False,False,0.19014411057574168,0.2177252561345797,False,False,False,False,227110.0,149357.12082934563,False,False,False,False,12760.60535079435,False,False,False,False
2025-05-21 16:00:00+00:00,158.01,158.91,157.61,158.59,14297.0,,,,,,,,,,,,,,,,,,,,,,,144.97485826970717,"rgba(239, 83, 80, 1.0)",0.0,0.0,7.966423792143893,154.7942952660993,0.4764628185665737,0.0,0.0,0.0,0.0,0.0,0.0,0.0,0.0,31.7176032373966,-12.817410594950218,False,True,False,True,False,11.011423420016698,0,1.0907054871220607,0.8528937808974949,False,False,False,False,0.20212574920155277,0.20992550266806623,False,False,False,False,241407.0,150784.25073896817,False,False,False,False,12784.425422875058,False,False,False,False
2025-05-21 17:00:00+00:00,158.52,158.89,157.435,158.31,11613.0,,,,,,,,,,,,,,,,,,,,,,,145.05082041881562,"rgba(239, 83, 80, 1.0)",0.0,0.0,7.83043084313944,154.7791538938068,0.4509133886657991,0.0,0.0,0.0,0.0,0.0,0.0,0.0,0.0,31.715802352904255,-12.817410594950218,False,True,False,True,False,10.384821857542072,0,1.0795281168265038,0.8571817785527462,False,False,False,False,0.19904256399044867,0.20448403332925746,False,False,False,False,229794.0,152009.20809185237,False,False,False,False,12766.263788411878,False,False,False,False
2025-05-21 18:00:00+00:00,158.26,158.26,157.34,157.34,8878.0,,,,,,,,,,,,,,,,,,,,,,,145.10583918776746,"rgba(239, 83, 80, 1.0)",0.0,0.0,7.681555824954482,154.76222537639796,0.3355797552401846,0.0,0.0,0.0,0.0,0.0,0.0,0.0,0.0,30.330717110892152,-13.996469465336702,False,True,False,True,False,8.24113685941629,0,1.0743206373458474,0.8660918913019752,False,False,False,False,0.19177106958580986,0.19812755145753366,False,False,False,False,220916.0,153077.53044701746,False,False,False,False,12705.980628901616,False,False,False,False
2025-05-21 19:00:00+00:00,157.295,157.55,156.65,156.74,27544.0,,,,,,,,,,,,,,,,,,,,,,,145.264603316879,"rgba(239, 83, 80, 1.0)",0.0,0.0,7.5520197358117604,154.69490568086883,0.2708009765166954,0.0,0.0,0.0,0.0,0.0,0.0,0.0,0.0,28.640269099091476,-15.898599934001417,False,True,False,True,False,6.9426318157223434,0,1.0777055742919033,0.8673740780346025,False,False,False,False,0.17778536617215482,0.18795645881484424,False,False,False,False,193372.0,153702.25090520323,False,False,False,False,12936.02744085663,False,False,False,False
2025-05-22 14:00:00+00:00,155.005,156.62,154.965,156.42,9268.0,,,,,,,,,,,,,,,,,,,,,,,145.31269218056002,"rgba(239, 83, 80, 1.0)",0.0,0.0,7.40029528264045,154.7976060430911,0.2192336785147874,0.0,0.0,0.0,0.0,0.0,0.0,0.0,0.0,27.111619658386427,-17.628306441705227,False,True,False,True,False,6.252841885799931,0,1.0667031314098183,0.8706686722275396,False,False,False,False,0.14973734365893893,0.16884690123689158,False,False,False,False,184104.0,154173.59585240937,False,False,False,False,12879.158798362727,False,False,True,False
2025-05-22 15:00:00+00:00,156.51,157.545,156.43,157.485,7245.0,,,,,,,,,,,,,,,,,,,,,,,145.35400346582472,"rgba(239, 83, 80, 1.0)",0.0,0.0,7.245491608486539,154.8371879403074,0.36544270599820755,0.0,0.0,0.0,0.0,0.0,0.0,0.0,0.0,29.929086014674443,-17.628306441705227,False,True,False,True,True,8.163547954322429,0,1.0705362500681905,0.8662102449402649,False,False,False,False,0.1627743839599304,0.165810642598411,False,False,False,False,191349.0,154749.95870741075,False,False,False,False,12791.807499163306,False,False,False,False
2025-05-22 16:00:00+00:00,157.68,158.66,157.61,158.31,7748.0,,,,,,,,,,,,,,,,,,,,,,,145.40173107247318,"rgba(239, 83, 80, 1.0)",0.0,0.0,7.07126856873442,154.88940661848554,0.48373122138771557,0.0,0.0,0.0,0.0,0.0,0.0,0.0,0.0,34.313217948323775,-21.083133639758387,False,True,False,True,True,9.600336677467748,0,1.0751936047964028,0.8763982568629084,False,False,False,False,0.18743788087644558,0.1766242617374283,False,False,False,False,199097.0,155437.50973520282,False,False,False,False,12713.608933284804,False,False,False,False
2025-05-22 17:00:00+00:00,158.125,159.68,158.11,159.62,8580.0,,,,,,,,,,,,,,,,,,,,,,,145.45803873670695,"rgba(239, 83, 80, 1.0)",0.0,0.0,6.908541930364447,154.95200927138666,0.6756839251559839,0.0,0.0,0.0,0.0,0.0,0.0,0.0,0.0,40.50811162973628,-15.415786003073002,False,True,False,True,True,11.801623904041382,0,1.0778777278027654,0.8621800211005607,False,False,False,False,0.202988448219551,0.18980635497848963,False,False,False,False,207677.0,156247.4243129516,False,False,False,False,12649.521973078838,False,False,False,False
2025-05-22 18:00:00+00:00,159.62,160.27,159.26,160.18,9507.0,,,,,,,,,,,,,,,,,,,,,,,145.5233600893012,"rgba(38, 166, 154, 1.0)",0.0,0.0,6.756782810328155,155.02124240174732,0.7634931805662327,0.0,0.0,0.0,0.0,0.0,0.0,0.0,0.0,45.84053483642358,-10.717278680367414,False,True,False,True,True,12.716090241801275,0,1.0831848056143478,0.8595020608221008,False,False,False,False,0.22051998423775404,0.20516316960812184,False,False,False,False,217184.0,157192.1774243787,False,False,False,False,12600.80070217839,False,False,False,False
2025-05-22 19:00:00+00:00,160.18,160.58,158.99,158.99,20109.0,,,,,,,,,,,,,,,,,,,,,,,145.65596674952468,"rgba(38, 166, 154, 1.0)",0.0,0.0,6.568585863962829,155.49765959023156,0.5316731001307968,0.0,0.0,0.0,0.0,0.0,0.0,0.0,0.0,46.480578086437426,-10.284633380431615,False,True,False,True,True,10.04765298228157,0,1.0760815099381995,0.8631757697232894,False,False,False,False,0.22096641038120063,0.21306478999466122,False,False,False,False,197075.0,157810.51575888446,False,False,False,False,12717.206892842292,False,False,False,False
2025-05-23 14:00:00+00:00,159.27,159.63,157.69,157.84,9620.0,,,,,,,,,,,,,,,,,,,,,,,145.71340675691772,"rgba(38, 166, 154, 1.0)",0.0,0.0,6.415674349619093,155.4645215557846,0.3702616926553407,0.0,0.0,0.0,0.0,0.0,0.0,0.0,0.0,44.614442625189724,-10.284633380431615,False,True,False,True,True,7.570640544286412,0,1.067804133721737,0.8686364266888611,False,False,False,False,0.19598370317282104,0.20452424658374113,False,False,False,False,187455.0,158270.12016572346,False,False,False,False,12669.188181325359,False,False,False,False
2025-05-23 15:00:00+00:00,157.95,159.5,157.95,158.57,8028.0,,,,,,,,,,,,,,,,,,,,,,,145.7620211512816,"rgba(38, 166, 154, 1.0)",0.0,0.0,6.2731060334021365,155.46098071048758,0.4956108302582416,0.0,0.0,0.0,0.0,0.0,0.0,0.0,0.0,45.20808187012128,-10.284633380431615,False,True,False,True,True,8.819164963443356,0,1.0705596107055961,0.8654888299048885,False,False,False,False,0.19742030667489316,0.20097227662931716,False,False,False,False,195483.0,158847.0640391231,False,False,False,False,12597.231775413338,False,False,False,False
2025-05-23 16:00:00+00:00,158.57,159.15,158.28,158.74,2993.0,,,,,,,,,,,,,,,,,,,,,,,145.78012219958157,"rgba(38, 166, 154, 1.0)",0.0,0.0,6.073036905227251,155.46124350249872,0.5398874646520202,0.0,0.0,0.0,0.0,0.0,0.0,0.0,0.0,46.029989766396895,-10.284633380431615,False,True,False,True,True,9.109081876220284,0,1.0685110888220215,0.8775493146104985,False,False,False,False,0.19719923852633117,0.19908575757782415,False,False,False,False,198476.0,159461.46614704368,False,False,False,False,12448.328957189877,False,False,False,False
2025-05-23 17:00:00+00:00,158.74,159.62,158.74,159.19,2745.0,,,,,,,,,,,,,,,,,,,,,,,145.7972674308244,"rgba(38, 166, 154, 1.0)",0.0,0.0,5.849755371030551,155.4669097271859,0.6364523021341649,0.0,0.0,0.0,0.0,0.0,0.0,0.0,0.0,47.73456024516612,-8.323261095024783,False,False,False,False,True,9.879622841624002,0,1.0641089936476096,0.8742616739106209,False,False,False,False,0.20749944097117898,0.20329259927450155,False,False,False,False,201221.0,160108.90078042285,False,False,False,False,12297.889748551273,False,False,False,False
2025-05-23 18:00:00+00:00,159.23,159.66,159.23,159.465,1573.0,,,,,,,,,,,,,,,,,,,,,,,145.80726916309848,"rgba(38, 166, 154, 1.0)",0.0,0.0,5.655374365699945,155.47175081256708,0.7060981164486877,0.0,0.0,0.0,0.0,0.0,0.0,0.0,0.0,49.58102147344327,-6.243413729951534,False,False,False,False,True,10.351062021860201,0,1.068740183980256,0.8756170069553515,False,False,False,False,0.21338879019470747,0.2083406947346045,False,False,False,False,202794.0,160770.6852644473,False,False,False,False,12131.612388108619,False,False,False,False
2025-05-23 19:00:00+00:00,159.465,159.87,158.78,159.155,8796.0,,,,,,,,,,,,,,,,,,,,,,,145.86218066056628,"rgba(38, 166, 154, 1.0)",0.0,0.0,5.423672235904592,155.49087677005625,0.6755797678346672,0.0,0.0,0.0,0.0,0.0,0.0,0.0,0.0,49.88151026375924,-5.590629282981865,False,False,False,False,True,9.646175783236853,0,1.0596443151948998,0.8750908785862093,False,False,False,False,0.21072013187657,0.20953041330558725,False,False,False,False,193998.0,161285.83743088995,False,False,False,False,12079.897467362749,False,False,False,False
2025-05-26 14:00:00+00:00,159.155,159.155,159.155,159.155,0.0,,,,,,,,,,,,,,,,,,,,,,,145.86218066056628,"rgba(38, 166, 154, 1.0)",0.0,0.0,5.138447707902319,155.49087677005625,0.7130797933992343,0.0,0.0,0.0,0.0,0.0,0.0,0.0,0.0,50.08183612396988,-4.9659812066642814,False,False,False,False,True,9.646175783236853,0,1.0632255156091517,0.8816071227318835,False,False,False,False,0.2069445799050296,0.20823749660530844,False,False,False,False,193998.0,161793.00274203892,False,False,False,False,11892.612235310613,False,False,False,False
2025-05-26 15:00:00+00:00,159.155,159.155,159.155,159.155,0.0,,,,,,,,,,,,,,,,,,,,,,,145.86218066056628,"rgba(38, 166, 154, 1.0)",0.0,0.0,4.837904812310044,155.49087677005625,0.7573781155471263,0.0,0.0,0.0,0.0,0.0,0.0,0.0,0.0,50.21538669744365,-4.372306779004077,False,False,False,False,True,9.646175783236853,0,1.0611433117399707,0.8839640868280488,False,False,False,False,0.2069445799050296,0.207591038255169,False,False,False,False,193998.0,162292.30502510807,False,False,False,False,11708.230650267038,False,False,False,False
2025-05-26 16:00:00+00:00,159.155,159.155,159.155,159.155,0.0,,,,,,,,,,,,,,,,,,,,,,,145.86218066056628,"rgba(38, 166, 154, 1.0)",0.0,0.0,4.531849331162722,155.49087677005625,0.8085271513216133,0.0,0.0,0.0,0.0,0.0,0.0,0.0,0.0,50.30442041309283,-3.8141894291825906,False,False,False,False,True,9.646175783236863,0,1.0707525524836528,0.8788000458873466,False,False,False,False,0.2069445799050296,0.20726780908009929,False,False,False,False,193998.0,162783.86618750947,False,False,False,False,11526.707694448944,False,False,False,False
2025-05-26 17:00:00+00:00,159.155,159.155,159.155,159.155,0.0,,,,,,,,,,,,,,,,,,,,,,,145.86218066056628,"rgba(38, 166, 154, 1.0)",0.0,0.0,4.3740586457014565,155.49087677005625,0.8376941250078161,0.0,0.0,0.0,0.0,0.0,0.0,0.0,0.0,50.363776223525605,-3.2958112802317956,True,False,False,False,True,9.646175783236853,1,1.0679944659018852,0.8816798293653082,False,False,False,False,0.2069445799050296,0.20710619449256445,False,False,False,False,193998.0,163267.80624661784,False,False,False,False,11347.99904802338,False,False,False,False
2025-05-26 18:00:00+00:00,159.155,159.155,159.155,159.155,0.0,,,,,,,,,,,,,,,,,,,,,,,145.86218066056628,"rgba(38, 166, 154, 1.0)",0.0,0.0,4.2389750237825,155.49087677005625,0.8643889641685605,0.0,0.0,0.0,0.0,0.0,0.0,0.0,0.0,50.40334676381413,-2.820039997170298,True,False,False,False,True,9.646175783236853,1,1.0654954850659877,0.8830458439453577,False,False,False,False,0.2069445799050296,0.20702538719879704,False,False,False,False,193998.0,163744.24335907336,False,False,False,False,11172.061078286582,False,False,False,False
2025-05-26 19:00:00+00:00,159.155,159.155,159.155,159.155,0.0,,,,,,,,,,,,,,,,,,,,,,,145.86218066056628,"rgba(38, 166, 154, 1.0)",0.0,0.0,4.13005202506328,155.49087677005625,0.8871857322154709,0.0,0.0,0.0,0.0,0.0,0.0,0.0,0.0,50.429727124006476,-2.3881937271831006,True,False,False,False,True,9.646175783236842,0,1.070819959147943,0.8813831339363876,False,False,False,False,0.2069445799050296,0.2069849835519133,False,False,False,False,193998.0,164213.29384963034,False,False,False,False,10998.85082901082,False,False,False,False
2025-05-27 14:00:00+00:00,160.305,162.42,160.305,161.84,12543.0,,,,,,,,,,,,,,,,,,,,,,,145.95274529110665,"rgba(38, 166, 154, 1.0)",0.0,0.0,3.99365921191336,155.6033534473286,1.5616371407122214,0.0,0.0,0.0,0.0,0.0,0.0,0.0,0.0,58.842420396382295,5.555445234271417,True,False,True,False,True,14.621194149831641,0,1.0691733225685534,0.8702747902309624,False,False,False,False,0.25646832652041596,0.23172665503616463,False,False,False,False,206541.0,164869.53735583762,False,False,False,False,11022.79112623546,False,False,False,False
2025-05-27 15:00:00+00:00,161.84,162.635,161.84,162.21,10155.0,,,,,,,,,,,,,,,,,,,,,,,146.0285973822056,"rgba(38, 166, 154, 1.0)",0.0,0.0,3.8505337959188233,155.6996703374355,1.6907602965242916,0.0,0.0,0.0,0.0,0.0,0.0,0.0,0.0,65.04366833049585,10.96785262246842,True,False,True,False,True,15.260657239000459,0,1.0752294107462343,0.8702025740174297,False,False,False,False,0.2764311321303419,0.25407889358325325,False,False,False,False,216696.0,165673.04840458432,False,False,False,False,11009.337000247313,False,False,False,False
2025-05-27 16:00:00+00:00,162.31,163.02,162.27,162.505,9074.0,,,,,,,,,,,,,,,,,,,,,,,146.09731379736957,"rgba(38, 166, 154, 1.0)",0.0,0.0,3.678362360841728,155.7842575493907,1.8271017891427561,0.0,0.0,0.0,0.0,0.0,0.0,0.0,0.0,69.64035686966605,14.763046986656107,True,False,True,False,True,15.7709972265678,0,1.075999537117399,0.8707111033964009,False,False,False,False,0.2858010368610807,0.269939965222167,False,False,False,False,225770.0,166604.78408823418,False,False,False,False,10979.331775437277,False,False,False,False
2025-05-27 17:00:00+00:00,162.54,162.97,162.095,162.945,9629.0,,,,,,,,,,,,,,,,,,,,,,,146.16992659926774,"rgba(38, 166, 154, 1.0)",0.0,0.0,3.5184429500550713,155.86661622629637,2.0117943858071734,0.0,0.0,0.0,0.0,0.0,0.0,0.0,0.0,73.36501272363358,17.797373378558476,True,False,True,False,True,16.531197363321574,0,1.0777594154996957,0.8681105215853411,False,False,False,False,0.28320943172064283,0.2765746984714049,False,False,False,False,235399.0,167671.36107911426,False,False,False,False,10958.396399073907,False,False,False,False
2025-05-27 18:00:00+00:00,162.94,163.16,162.645,162.99,18501.0,,,,,,,,,,,,,,,,,,,,,,,146.30985716980203,"rgba(38, 166, 154, 1.0)",0.0,0.0,3.343783167891316,156.59241088506909,1.9132787007135463,0.0,0.0,0.0,0.0,0.0,0.0,0.0,0.0,75.9162355729871,19.874368661057943,True,False,True,False,True,16.609408780809954,0,1.0827098196160319,0.8612319471028361,False,False,False,False,0.2917470925022126,0.2841608954868088,False,False,False,False,253900.0,169008.23920191868,False,False,False,False,11075.33598978594,False,False,False,False
2025-05-27 19:00:00+00:00,162.92,162.97,162.095,162.215,24624.0,,,,,,,,,,,,,,,,,,,,,,,146.48696472935623,"rgba(38, 166, 154, 1.0)",0.0,0.0,3.130947071984283,156.70077719206662,1.7611996246358328,0.0,0.0,0.0,0.0,0.0,0.0,0.0,0.0,72.99711497324125,19.874368661057943,True,False,True,False,False,14.505349069430387,0,1.0806675938803894,0.8620769587389894,False,False,False,False,0.28320943172064283,0.2836851636037258,False,False,False,False,229276.0,169942.623090261,False,False,False,False,11285.392796145847,False,False,False,False
2025-05-28 14:00:00+00:00,160.72,160.92,159.07,159.47,6372.0,,,,,,,,,,,,,,,,,,,,,,,146.52477162274675,"rgba(239, 83, 80, 1.0)",0.0,0.0,2.927667678551548,156.6724558881867,0.9555538466023469,0.0,0.0,0.0,0.0,0.0,0.0,0.0,0.0,61.976795607833935,19.445008621881087,True,False,True,False,False,7.644957399396077,0,1.0647500499614584,0.8708995917435122,False,False,False,False,0.2256591575455713,0.2546721605746486,False,False,False,False,222904.0,170763.72970901665,False,False,False,False,11209.216163647461,False,False,False,False
2025-05-28 15:00:00+00:00,159.49,159.905,159.055,159.5,7626.0,,,,,,,,,,,,,,,,,,,,,,,146.56861057484414,"rgba(239, 83, 80, 1.0)",0.0,0.0,2.716809572320374,156.64005841408093,1.0526838594272376,0.0,0.0,0.0,0.0,0.0,0.0,0.0,0.0,54.72920300994035,13.30991273174871,True,False,True,False,False,7.702481759907041,0,1.0621982229079168,0.8814605296991512,False,False,False,False,0.21416771157781164,0.23441993607623013,False,False,False,False,230530.0,171690.33855073733,False,False,False,False,11153.662424676182,False,False,False,False
2025-05-28 16:00:00+00:00,159.5,160.32,159.5,160.29,4089.0,,,,,,,,,,,,,,,,,,,,,,,146.59299036821,"rgba(239, 83, 80, 1.0)",0.0,0.0,2.4548293678430215,156.63311075219545,1.4896714597388625,0.0,0.0,0.0,0.0,0.0,0.0,0.0,0.0,52.44936084131467,11.626824284080449,True,False,False,False,False,9.212237063473026,0,1.069284527696626,0.8760096236466746,False,False,False,False,0.22375854583819194,0.22908924095721103,False,False,False,False,234619.0,172665.97671274142,False,False,False,False,11044.132774681202,False,False,False,False
2025-05-28 17:00:00+00:00,160.23,160.64,160.2,160.555,5216.0,,,,,,,,,,,,,,,,,,,,,,,146.6249486394092,"rgba(239, 83, 80, 1.0)",0.0,0.0,2.431128135045199,156.63278669383251,1.6133305561430522,0.0,0.0,0.0,0.0,0.0,0.0,0.0,0.0,51.73040697841377,10.99458965117175,True,False,False,False,False,9.713566454860924,0,1.069466743119266,0.874283256880734,False,False,False,False,0.23518660167155053,0.23213792131438077,False,False,False,False,239835.0,173707.35691874544,False,False,False,False,10953.774127011726,False,False,False,False
2025-05-28 18:00:00+00:00,160.555,160.57,159.43,159.59,6587.0,,,,,,,,,,,,,,,,,,,,,,,146.66335182928555,"rgba(239, 83, 80, 1.0)",0.0,0.0,2.3904897100915092,156.6232660592073,1.2410569801947087,0.0,0.0,0.0,0.0,0.0,0.0,0.0,0.0,48.587507086216675,7.850912748479054,False,False,False,True,False,7.380861870489166,0,1.0627110882134068,0.8784990554696891,False,False,False,False,0.22577100804853464,0.2289544646814577,False,False,False,False,233248.0,174630.46766419124,False,False,False,False,10886.07220256193,False,False,False,False
2025-05-28 19:00:00+00:00,159.5,159.89,158.34,158.61,17480.0,,,,,,,,,,,,,,,,,,,,,,,146.7571881977504,"rgba(239, 83, 80, 1.0)",0.0,0.0,2.3760170416016195,156.57001274144287,0.8585743379946627,0.0,0.0,0.0,0.0,0.0,0.0,0.0,0.0,44.32587667136068,3.644411861900984,False,False,False,True,False,5.095333188078634,0,1.056393124321855,0.8842156358860143,False,False,False,False,0.20605706330317494,0.2175057639923163,False,False,False,False,215768.0,175268.25886319604,False,False,False,False,10988.3036412819,False,False,False,False
2025-05-29 14:00:00+00:00,158.195,158.24,156.41,158.15,5012.0,,,,,,,,,,,,,,,,,,,,,,,146.78088648285404,"rgba(239, 83, 80, 1.0)",0.0,0.0,2.355730576604395,156.6237207020423,0.6479006186512697,0.0,0.0,0.0,0.0,0.0,0.0,0.0,0.0,40.58922949656359,-0.056029104940144236,False,True,False,True,False,4.044968159286817,0,1.0409288906488656,0.8922611302822877,False,False,False,False,0.16664530222579216,0.19207553310905423,False,False,False,False,210756.0,175818.45640020072,False,False,False,False,10895.64777087443,False,False,False,False
2025-05-29 15:00:00+00:00,158.08,158.41,157.38,157.44,4658.0,,,,,,,,,,,,,,,,,,,,,,,146.8031088161409,"rgba(239, 83, 80, 1.0)",0.0,0.0,2.3652732219373185,156.60850352312693,0.35154352112946113,0.0,0.0,0.0,0.0,0.0,0.0,0.0,0.0,36.825580273003034,-3.794331088992678,False,True,False,True,False,2.445398702972316,0,1.0459805803319409,0.8925426216551879,False,False,False,False,0.17913420984078282,0.18560487147491853,False,False,False,False,206098.0,176287.9066885697,False,False,False,False,10798.940053496532,False,False,False,False
2025-05-29 16:00:00+00:00,157.49,158.7,157.24,158.63,9749.0,,,,,,,,,,,,,,,,,,,,,,,146.85121592167133,"rgba(239, 83, 80, 1.0)",0.0,0.0,2.3573579939650746,156.59895276426494,0.8615777666924653,0.0,0.0,0.0,0.0,0.0,0.0,0.0,0.0,38.524585524027216,-3.794331088992678,False,True,False,True,False,4.872456059849263,0,1.0579605718238416,0.8866439935439243,False,False,False,False,0.17902650672015522,0.18231568909753687,False,False,False,False,215847.0,176901.2259647159,False,False,False,False,10782.661913132244,False,False,False,False
2025-05-29 17:00:00+00:00,158.64,159.59,158.63,159.21,5486.0,,,,,,,,,,,,,,,,,,,,,,,146.88036972564214,"rgba(239, 83, 80, 1.0)",0.0,0.0,2.3671016546068686,156.61503628796675,1.0962620498291349,0.0,0.0,0.0,0.0,0.0,0.0,0.0,0.0,41.38361813207748,-3.794331088992678,False,True,False,True,True,6.020062126130675,0,1.0643124076595498,0.883571366493815,False,False,False,False,0.20445837008244835,0.1933870295899926,False,False,False,False,221333.0,177590.09067844122,False,False,False,False,10700.543123781355,False,False,False,False
2025-05-29 18:00:00+00:00,159.23,159.92,158.935,159.715,7314.0,,,,,,,,,,,,,,,,,,,,,,,146.92022129962268,"rgba(239, 83, 80, 1.0)",0.0,0.0,2.3673170715213567,156.63854304629595,1.2995542467519854,0.0,0.0,0.0,0.0,0.0,0.0,0.0,0.0,44.70612904931528,-3.794331088992678,False,False,False,True,True,7.008604904047882,0,1.0648868253047012,0.879483459082995,False,False,False,False,0.20733340852089316,0.20036021905544288,False,False,False,False,228647.0,178381.67066792274,False,False,False,False,10648.038579226606,False,False,False,False
2025-05-29 19:00:00+00:00,159.73,160.1,159.61,159.93,20796.0,,,,,,,,,,,,,,,,,,,,,,,147.03533952154447,"rgba(239, 83, 80, 1.0)",0.0,0.0,2.3532004715830737,156.6975853570117,1.3736248492308722,0.0,0.0,0.0,0.0,0.0,0.0,0.0,0.0,47.52195999596616,-11.137090266408144,False,False,False,False,True,7.429285216542873,0,1.0644058885383807,0.8844199088678584,False,False,False,False,0.21402338065055163,0.20719179985299724,False,False,False,False,249443.0,179483.39670407897,False,False,False,False,10805.371314432394,False,False,False,False
2025-05-30 14:00:00+00:00,160.06,161.28,159.94,160.705,15383.0,,,,,,,,,,,,,,,,,,,,,,,147.12415821258855,"rgba(239, 83, 80, 1.0)",0.0,0.0,2.336791386063661,157.03604099358063,1.5700841026291905,0.0,0.0,0.0,0.0,0.0,0.0,0.0,0.0,51.438918671460264,-7.155276420771841,True,False,True,False,True,8.932846039059633,0,1.0596788763586562,0.880321706442871,False,False,False,False,0.22896997080526993,0.21808088532913358,False,False,False,False,264826.0,180806.53784044983,False,False,False,False,10876.342301805535,False,False,False,False
2025-05-30 15:00:00+00:00,160.705,161.095,159.84,159.96,6968.0,,,,,,,,,,,,,,,,,,,,,,,147.1629975436386,"rgba(239, 83, 80, 1.0)",0.0,0.0,2.310432873524442,157.04440041653757,1.2619278477521167,0.0,0.0,0.0,0.0,0.0,0.0,0.0,0.0,51.60467950415029,-6.620816558770528,True,False,True,False,True,7.1399891526736745,0,1.057726647346389,0.888879131172975,False,False,False,False,0.22476358711104516,0.22142223622008939,False,False,False,False,257858.0,182001.13415300098,False,False,False,False,10815.747847513976,False,False,False,False
2025-05-30 16:00:00+00:00,159.94,160.37,159.6,159.82,4178.0,,,,,,,,,,,,,,,,,,,,,,,147.1855259525309,"rgba(239, 83, 80, 1.0)",0.0,0.0,2.3026336410041517,157.04301460762844,1.2060040046841956,0.0,0.0,0.0,0.0,0.0,0.0,0.0,0.0,51.273721937685075,-6.419882660606213,False,False,False,False,True,6.804916666667513,0,1.0473268801191364,0.9038272524199555,False,False,False,False,0.2128061478768826,0.21711419204848598,False,False,False,False,253680.0,183112.43439869088,False,False,False,False,10712.837028172675,False,False,False,False
2025-05-30 17:00:00+00:00,159.9,160.485,159.72,159.91,5287.0,,,,,,,,,,,,,,,,,,,,,,,147.21416191386837,"rgba(239, 83, 80, 1.0)",0.0,0.0,2.287529402164073,157.0462442862292,1.251898974964687,0.0,0.0,0.0,0.0,0.0,0.0,0.0,0.0,51.35119566543089,-5.702001584340422,False,False,False,False,True,6.986913992016003,0,1.0581150888995678,0.8951225372417105,False,False,False,False,0.21571242135419116,0.21641330670133857,False,False,False,False,258967.0,184288.47417545537,False,False,False,False,10628.715523859919,False,False,False,False
2025-05-30 18:00:00+00:00,159.91,160.48,159.74,160.435,6859.0,,,,,,,,,,,,,,,,,,,,,,,147.25164147106938,"rgba(239, 83, 80, 1.0)",0.0,0.0,2.2609643920197726,157.05701315915658,1.4940468999716465,0.0,0.0,0.0,0.0,0.0,0.0,0.0,0.0,53.11974951296721,-3.4183145285141023,True,False,True,False,True,8.050445476236519,0,1.0648298705209278,0.8827160493827162,False,False,False,False,0.21589804956825526,0.2161556781347969,False,False,False,False,265826.0,185552.62186265763,False,False,False,False,10570.27032193961,False,False,False,False
2025-05-30 19:00:00+00:00,160.425,161.1,160.15,160.73,24524.0,,,,,,,,,,,,,,,,,,,,,,,147.38840347017995,"rgba(239, 83, 80, 1.0)",0.0,0.0,2.2282712565556633,157.1285199870933,1.6162664228203718,0.0,0.0,0.0,0.0,0.0,0.0,0.0,0.0,55.207804026899765,-0.9478576510099472,True,False,True,False,True,8.645375250619391,0,1.067894926665064,0.8755409954315941,False,False,False,False,0.2269275428419653,0.2215416104883811,False,False,False,False,290350.0,187177.38741517454,False,False,False,False,10786.607216173104,False,False,False,False
2025-06-02 14:00:00+00:00,157.56,159.735,157.31,159.275,16373.0,,,,,,,,,,,,,,,,,,,,,,,147.4654068446175,"rgba(239, 83, 80, 1.0)",0.0,0.0,2.1976132999724007,157.08513363807725,0.9964748402051695,0.0,0.0,0.0,0.0,0.0,0.0,0.0,0.0,51.47752781206333,-0.9478576510099472,False,False,False,False,False,5.064628492295665,0,1.0490810297217854,0.8842602215030139,False,False,False,False,0.17027285431581812,0.19590723240209962,False,False,False,False,273977.0,188523.11784284623,False,False,False,False,10873.21795700763,False,False,False,False
2025-06-02 15:00:00+00:00,159.29,159.62,158.65,159.62,11444.0,,,,,,,,,,,,,,,,,,,,,,,147.5210756240883,"rgba(239, 83, 80, 1.0)",0.0,0.0,2.1708421415669488,157.0777774637664,1.1710766469636424,0.0,0.0,0.0,0.0,0.0,0.0,0.0,0.0,50.19563815614535,-0.9478576510099472,False,False,False,False,False,5.781569541376278,0,1.0524501500698349,0.8882945529107605,False,False,False,False,0.18380260084077443,0.18985491662143703,False,False,False,False,285421.0,190025.41058946878,False,False,False,False,10882.06729100751,False,False,False,False
2025-06-02 16:00:00+00:00,159.62,159.89,159.1,159.36,5456.0,,,,,,,,,,,,,,,,,,,,,,,147.54777526168712,"rgba(239, 83, 80, 1.0)",0.0,0.0,2.1478434774449884,157.07724784379917,1.06281122445493,0.0,0.0,0.0,0.0,0.0,0.0,0.0,0.0,48.516957214649096,4.17896270918105,False,False,False,True,False,5.149715564300745,0,1.057598223129334,0.8917369511060423,False,False,False,False,0.18972601646579365,0.18979046654361534,False,False,False,False,279965.0,191419.82282839174,False,False,False,False,10797.942216728325,False,False,False,False
2025-06-02 17:00:00+00:00,159.395,159.58,158.18,158.4,6697.0,,,,,,,,,,,,,,,,,,,,,,,147.57838489801546,"rgba(239, 83, 80, 1.0)",0.0,0.0,2.148331403629152,157.06562412362362,0.6211219898951522,0.0,0.0,0.0,0.0,0.0,0.0,0.0,0.0,44.72799231312276,0.4227849525582599,False,True,False,True,False,2.8553392674571185,1,1.044510385756677,0.893504780745137,False,False,False,False,0.17005844932411426,0.1799244579338648,False,False,False,False,273268.0,192688.78681554843,False,False,False,False,10734.361717244165,False,False,False,False
2025-06-02 18:00:00+00:00,158.37,158.655,157.4,158.62,7104.0,,,,,,,,,,,,,,,,,,,,,,,147.609237539492,"rgba(239, 83, 80, 1.0)",0.0,0.0,2.1353259387887964,157.04669809892658,0.7367970727531331,0.0,0.0,0.0,0.0,0.0,0.0,0.0,0.0,43.118081987412516,-1.2329422734201145,False,True,False,True,False,3.335066898877738,1,1.03734925301494,0.902861942761145,False,False,False,False,0.14259722152389542,0.1612608397288801,False,False,False,False,280372.0,194048.21647732286,False,False,False,False,10678.077039457434,False,False,False,False
2025-06-02 19:00:00+00:00,158.58,159.21,158.19,158.71,32581.0,,,,,,,,,,,,,,,,,,,,,,,147.7547499999329,"rgba(239, 83, 80, 1.0)",0.0,0.0,2.1078961331402226,157.0097345893951,0.80661726347586,0.0,0.0,0.0,0.0,0.0,0.0,0.0,0.0,42.440018905717345,-2.0984808926840657,False,True,False,True,False,3.5334419981898897,0,1.0380016822879117,0.9026375871184813,False,False,False,False,0.15487156542468236,0.15806620257678122,False,False,False,False,312953.0,195891.70149317832,False,False,False,False,11017.657240396078,False,False,False,False
2025-06-03 14:00:00+00:00,160.24,162.83,160.24,162.44,11074.0,,,,,,,,,,,,,,,,,,,,,,,147.81724975752476,"rgba(38, 166, 154, 1.0)",0.0,0.0,2.071046134225283,157.0662877297424,2.594684966912981,0.0,0.0,0.0,0.0,0.0,0.0,0.0,0.0,51.39698853960719,-4.621764273272419,False,False,True,False,True,11.02282071905923,0,1.0345772904138668,0.8903136422591679,False,False,False,False,0.23484926328352815,0.19645773293015467,False,False,False,False,324027.0,197878.29526847787,False,False,False,False,11018.530771552727,False,False,False,False
2025-06-03 15:00:00+00:00,162.48,163.73,162.46,163.2,11599.0,,,,,,,,,,,,,,,,,,,,,,,147.8881049300295,"rgba(38, 166, 154, 1.0)",0.0,0.0,2.0375800829891313,157.54763349664853,2.7740585759257295,0.0,0.0,0.0,0.0,0.0,0.0,0.0,0.0,58.380574877447074,1.5475718720788052,True,False,True,False,True,12.3870451135322,0,1.0462150220913111,0.8876877761413847,False,False,False,False,0.2778720027254613,0.237164867827808,False,False,False,False,335626.0,200013.91859764874,False,False,False,False,11027.53029447439,False,False,False,False
2025-06-03 16:00:00+00:00,163.2,163.6,162.97,163.495,9312.0,,,,,,,,,,,,,,,,,,,,,,,147.94534940427525,"rgba(38, 166, 154, 1.0)",0.0,0.0,1.9896867470410395,157.61600447870447,2.9547342213735295,0.0,0.0,0.0,0.0,0.0,0.0,0.0,0.0,63.4180967293331,5.8335415357982185,True,False,True,False,True,12.911435462276302,0,1.046301810385898,0.9007860886136257,False,False,False,False,0.28399141782197224,0.2605781428248901,False,False,False,False,344938.0,202260.80358063092,False,False,False,False,11000.932925567811,False,False,False,False
2025-06-03 17:00:00+00:00,163.52,163.73,162.12,162.24,15715.0,,,,,,,,,,,,,,,,,,,,,,,148.0369141908195,"rgba(38, 166, 154, 1.0)",0.0,0.0,1.9656557899805576,157.99537023069638,2.15939626405578,0.0,0.0,0.0,0.0,0.0,0.0,0.0,0.0,62.72342420064915,5.8335415357982185,True,False,True,False,True,9.827380012599189,0,1.039829302987198,0.8964556661925084,False,False,False,False,0.27087799431009746,0.26572806856749376,False,False,False,False,329223.0,204229.20972666764,False,False,False,False,11074.019236799319,False,False,False,False
2025-06-03 18:00:00+00:00,162.21,162.73,162.14,162.395,11064.0,,,,,,,,,,,,,,,,,,,,,,,148.09950406312225,"rgba(38, 166, 154, 1.0)",0.0,0.0,1.940317437110785,158.02583108483014,2.251780472413701,0.0,0.0,0.0,0.0,0.0,0.0,0.0,0.0,62.54993046105024,5.8335415357982185,True,False,True,False,True,10.114251918706863,0,1.0367261904761909,0.9089880952380955,False,False,False,False,0.2548984927219094,0.2603132806447016,False,False,False,False,340287.0,206338.63283168053,False,False,False,False,11073.863899794676,False,False,False,False
2025-06-03 19:00:00+00:00,162.395,162.545,161.8,161.975,20757.0,,,,,,,,,,,,,,,,,,,,,,,148.2129198398417,"rgba(38, 166, 154, 1.0)",0.0,0.0,1.9118365940010595,158.07031923043718,2.0423716032086014,0.0,0.0,0.0,0.0,0.0,0.0,0.0,0.0,61.105012532959265,5.8335415357982185,True,False,True,False,False,9.090810721649326,0,1.0338041628094485,0.9114581778003403,False,False,False,False,0.24639065780601505,0.2533519692253583,False,False,False,False,319530.0,208093.5377490188,False,False,False,False,11223.99004088313,False,False,False,False
2025-06-04 14:00:00+00:00,162.08,162.345,158.48,158.84,23142.0,,,,,,,,,,,,,,,,,,,,,,,148.31737477008897,"rgba(239, 83, 80, 1.0)",0.0,0.0,1.872058834352889,157.98488507678667,0.4567778039459542,0.0,0.0,0.0,0.0,0.0,0.0,0.0,0.0,53.35093041749086,11.11012056657286,False,False,False,False,False,2.0355364914850007,0,1.0128614537251341,0.9112003046904754,False,False,False,False,0.19017888470755193,0.22176542696645513,False,False,False,False,296388.0,209462.44414050688,False,False,False,False,11408.765389086493,False,False,False,False
2025-06-04 15:00:00+00:00,158.83,158.83,156.95,157.62,23114.0,,,,,,,,,,,,,,,,,,,,,,,148.40135865682836,"rgba(239, 83, 80, 1.0)",0.0,0.0,1.8586223392608368,157.82672197598362,-0.11122322788061624,0.0,0.0,0.0,0.0,0.0,0.0,0.0,0.0,46.505692749582124,4.84178292449451,False,True,False,True,False,0.0,0,1.0074035210446546,0.9307158680191209,False,False,False,False,0.11044691372452405,0.16610617034548958,False,False,False,False,273274.0,210451.77058794087,False,False,False,False,11590.24189468205,False,False,False,False
2025-06-04 16:00:00+00:00,157.63,158.02,156.91,157.16,10807.0,,,,,,,,,,,,,,,,,,,,,,,148.4383164873827,"rgba(239, 83, 80, 1.0)",0.0,0.0,1.8302923189950853,157.75969551407792,-0.32765012880957867,0.0,0.0,0.0,0.0,0.0,0.0,0.0,0.0,41.35866378793514,0.24522926854717042,False,True,False,True,False,0.0,0,1.0091058630008223,0.9413699917753495,False,False,False,False,0.09729717319084485,0.13170167176816722,False,False,False,False,262467.0,211258.2082532441,False,False,False,False,11578.098609493181,False,False,False,False
2025-06-04 17:00:00+00:00,157.09,157.47,156.61,156.945,10126.0,,,,,,,,,,,,,,,,,,,,,,,148.47130345018783,"rgba(239, 83, 80, 1.0)",0.0,0.0,1.8315605097567316,157.69703440968226,-0.41059763282521977,0.0,0.0,0.0,0.0,0.0,0.0,0.0,0.0,37.64477266570225,-3.10043116503914,False,True,False,True,False,0.0,0,1.0035977587732234,0.9428487171925687,False,False,False,False,0.08418089186553432,0.10794128181685077,False,False,False,False,252341.0,211895.15076094575,True,False,False,False,11555.585452756852,False,False,False,False
2025-06-04 18:00:00+00:00,156.945,157.8,156.82,157.445,11575.0,,,,,,,,,,,,,,,,,,,,,,,148.51021968206365,"rgba(239, 83, 80, 1.0)",0.0,0.0,1.8229307360588087,157.64184944969793,-0.10798515039771954,0.0,0.0,0.0,0.0,0.0,0.0,0.0,0.0,36.718729572685625,-4.068394154790639,False,True,False,True,False,0.0,0,1.0019012536391183,0.9475372823955797,False,False,False,False,0.09250995719361103,0.1002256195052309,False,False,False,False,263916.0,212701.67555534968,False,False,False,False,11555.886453489304,False,False,False,False
2025-06-04 19:00:00+00:00,157.49,157.66,156.96,156.96,25888.0,,,,,,,,,,,,,,,,,,,,,,,148.59446693881029,"rgba(239, 83, 80, 1.0)",0.0,0.0,1.8326811993300482,157.5316622014361,-0.3119267015152769,0.0,0.0,0.0,0.0,0.0,0.0,0.0,0.0,35.31359360336751,-5.728360311988212,False,True,False,True,False,0.0,0,1.0022426888344,0.9460259553854433,False,False,False,False,0.09250995719361103,0.09636778834942097,False,False,False,False,238028.0,213094.33174829,False,False,False,False,11778.089764287919,False,False,False,False
2025-06-05 14:00:00+00:00,157.0,157.795,156.05,157.655,7464.0,,,,,,,,,,,,,,,,,,,,,,157.16666666666666,148.6183798526446,"rgba(239, 83, 80, 1.0)",0.0,0.0,1.8398859688518268,157.4841156645675,0.09287767738081273,1.0,157.795,156.05,0.0,0.0,0.0,0.0,0.0,36.59315110459375,-5.728360311988212,False,True,False,True,False,0.0,0,0.9882055100521225,0.9497542814594196,True,False,False,False,0.08055990905010349,0.08846384869976223,False,False,False,False,245492.0,213596.62117854904,False,False,False,False,11711.204651663298,False,False,False,False
2025-06-05 15:00:00+00:00,157.7,158.68,157.68,158.68,13693.0,,,,,,,,,,,,,,,,,,,,,,157.93037324132283,148.66791194558598,"rgba(239, 83, 80, 1.0)",0.0,0.0,1.8355427751155045,157.51115694299034,0.6367833388879296,0.0,0.0,0.0,0.0,0.0,0.0,0.0,0.0,40.29550502125065,-5.728360311988212,False,True,False,True,True,1.8282190810993804,0,1.0022448368751873,0.9441783897036814,False,False,False,False,0.1194412889886954,0.10395256884422882,False,False,False,False,259185.0,214303.41774942426,False,False,False,False,11741.930160939835,False,False,False,False
2025-06-05 16:00:00+00:00,158.73,159.02,158.365,158.73,10213.0,,,,,,,,,,,,,,,,,,,,,,158.182565242801,148.70588422201223,"rgba(239, 83, 80, 1.0)",0.0,0.0,1.816248638572529,157.51976510784206,0.6663376734085844,0.0,0.0,0.0,0.0,0.0,0.0,0.0,0.0,42.89711136517222,-5.728360311988212,False,True,False,True,True,1.929593481533189,0,1.0092290988056463,0.9393171673301965,False,False,False,False,0.1353846109247207,0.11966858988447476,False,False,False,False,269398.0,215157.5973192006,False,False,False,False,11718.225817359373,False,False,False,False
2025-06-05 17:00:00+00:00,158.73,159.16,158.7,159.06,8878.0,,,,,,,,,,,,,,,,,,,,,,158.3569947575035,148.73953982362096,"rgba(239, 83, 80, 1.0)",0.0,0.0,1.7871684081021482,157.5288023023117,0.8567730331101405,0.0,0.0,0.0,0.0,0.0,0.0,0.0,0.0,45.561394244595704,-12.364773580052535,False,True,False,True,True,2.605070661594567,0,1.0103158469613764,0.936709244819321,False,False,False,False,0.14279575493955204,0.1312321724120134,False,False,False,False,278276.0,216136.17720572464,False,False,False,False,11674.191308563104,False,False,False,False
2025-06-05 18:00:00+00:00,159.06,159.06,157.975,158.44,8345.0,,,,,,,,,,,,,,,,,,,,,,158.38012230842577,148.7694948214659,"rgba(239, 83, 80, 1.0)",0.0,0.0,1.7621454010421114,157.52328863591677,0.5202245873360365,0.0,0.0,0.0,0.0,0.0,0.0,0.0,0.0,45.6070045979326,-11.880379632699373,False,True,False,True,True,1.2536777799136622,0,1.0051358414878748,0.9379444478210663,False,False,False,False,0.12993325596587801,0.1305827141889457,False,False,False,False,269931.0,216970.205466101,False,False,False,False,11622.575939438095,False,False,False,False
2025-06-05 19:00:00+00:00,158.415,158.57,157.45,158.13,16929.0,,,,,,,,,,,,,,,,,,,,,,158.29482820019737,148.82696581875032,"rgba(239, 83, 80, 1.0)",0.0,0.0,1.7385259832956321,157.49517771971063,0.365149722459696,0.0,0.0,0.0,0.0,0.0,0.0,0.0,0.0,44.810712146722175,-11.880379632699373,False,True,False,True,True,0.5821642300027889,0,1.0056037764580479,0.9379016293589161,False,False,False,False,0.11416648375618091,0.12237459897256331,False,False,False,False,253002.0,217528.83793949476,False,False,False,False,11704.846079911924,False,False,False,False
2025-06-06 14:00:00+00:00,160.88,160.93,160.22,160.56,14847.0,,,,,,,,,,,,,,,,,,,,,,158.71513299074684,148.8903984238338,"rgba(239, 83, 80, 1.0)",0.0,0.0,1.7157357363873285,157.55308968711432,1.7525486292061865,0.0,0.0,0.0,0.0,0.0,0.0,0.0,0.0,50.40626451968926,-6.540079380174717,True,False,False,False,True,5.479136526221147,0,1.0162026540914726,0.9254556996463229,False,False,False,False,0.18959462674214644,0.15598461285735488,False,False,False,False,267849.0,218308.9954908204,False,False,False,False,11753.561644564452,False,False,False,False
2025-06-06 15:00:00+00:00,160.5,161.25,160.29,161.16,10820.0,,,,,,,,,,,,,,,,,,,,,,158.97437764788882,148.93748998509815,"rgba(239, 83, 80, 1.0)",0.0,0.0,1.712627453006708,157.59614753243483,2.0809268596672497,0.0,0.0,0.0,0.0,0.0,0.0,0.0,0.0,55.19263262379809,-1.9286685983264604,True,False,True,False,True,6.612954542774329,0,1.0112029551579012,0.9267871741302575,False,False,False,False,0.15396386392595665,0.15497423839165575,False,False,False,False,278669.0,219244.80951421856,False,False,False,False,11739.087820617717,False,False,False,False
2025-06-06 16:00:00+00:00,161.14,161.43,160.695,160.755,5065.0,,,,,,,,,,,,,,,,,,,,,,159.0788634584883,148.9595174940576,"rgba(239, 83, 80, 1.0)",0.0,0.0,1.7023763200698565,157.61532973104173,1.8442868547592546,0.0,0.0,0.0,0.0,0.0,0.0,0.0,0.0,57.110879488762116,-0.02936705722062527,True,False,True,False,True,5.70635885824872,0,1.007572216509302,0.9377707145305543,False,False,False,False,0.1558169149779725,0.15539557668481413,False,False,False,False,273604.0,220087.58766128492,False,False,False,False,11635.613590840698,False,False,False,False
2025-06-06 17:00:00+00:00,160.755,160.84,160.15,160.3,6359.0,,,,,,,,,,,,,,,,,,,,,,159.1625943431469,148.98584219535644,"rgba(239, 83, 80, 1.0)",0.0,0.0,1.6804825508177865,157.63189887381031,1.5876993931839982,0.0,0.0,0.0,0.0,0.0,0.0,0.0,0.0,56.980987549876936,0.10123666457574387,True,False,True,False,True,4.691520306450585,0,0.9972084561821721,0.9458001380089083,False,False,False,False,0.1255383669965337,0.14046697184067392,False,False,False,False,267245.0,220818.710333203,False,False,False,False,11553.805628192005,False,False,False,False
2025-06-06 18:00:00+00:00,160.39,160.515,160.015,160.46,7885.0,,,,,,,,,,,,,,,,,,,,,,159.24589896046385,149.0180330690968,"rgba(239, 83, 80, 1.0)",0.0,0.0,1.6725137740311062,157.64990665206525,1.6801615577501903,0.0,0.0,0.0,0.0,0.0,0.0,0.0,0.0,57.279564279080304,0.8118629791070191,True,False,True,False,True,5.007329144051717,0,0.9891743466733998,0.9531309178134079,False,False,False,False,0.11509351056180628,0.1277802412012401,False,False,False,False,275130.0,221660.745831913,False,False,False,False,11496.924920778176,False,False,False,False
2025-06-06 19:00:00+00:00,160.42,160.65,160.11,160.115,28611.0,,,,,,,,,,,,,,,,,,,,,,159.4609854023344,149.13292959304786,"rgba(239, 83, 80, 1.0)",0.0,0.0,1.6700171898558005,157.7064003809519,1.4422603753294847,0.0,0.0,0.0,0.0,0.0,0.0,0.0,0.0,56.305124114754676,0.8118629791070191,True,False,True,False,True,4.224353393047757,0,0.9893576586849112,0.950082351450653,False,False,False,False,0.12031267311387457,0.12404645715755733,False,False,False,False,246519.0,222046.1451213407,False,False,False,False,11762.259418130452,False,False,False,False
2025-06-09 14:00:00+00:00,160.65,161.91,160.64,161.06,11259.0,,,,,,,,,,,,,,,,,,,,,,159.59144597476413,149.1811458233918,"rgba(239, 83, 80, 1.0)",0.0,0.0,1.6722750404195659,157.7425628239972,1.9837868148594044,0.0,0.0,0.0,0.0,0.0,0.0,0.0,0.0,58.057153846765004,2.352918857871579,True,False,True,False,True,6.1087370270357155,0,0.9893864221566291,0.9352194938139801,False,False,False,False,0.16117789550852846,0.1426121763330429,False,False,False,False,257778.0,222600.12736752143,False,False,False,False,11754.45694653153,False,False,False,False
2025-06-09 15:00:00+00:00,161.16,161.31,160.53,161.31,10390.0,,,,,,,,,,,,,,,,,,,,,,159.68571423091436,149.22473694015144,"rgba(239, 83, 80, 1.0)",0.0,0.0,1.6625174035529877,157.77171687174587,2.1282683241044125,0.0,0.0,0.0,0.0,0.0,0.0,0.0,0.0,59.80011243384927,4.366384931981479,True,False,True,False,True,6.600347917491071,0,0.9907588469059485,0.9432599507979564,False,False,False,False,0.14491232308567709,0.14376224970936,False,False,False,False,268168.0,223306.6060129862,False,False,False,False,11733.302575267477,False,False,False,False
2025-06-09 16:00:00+00:00,161.3,161.99,161.14,161.95,7528.0,,,,,,,,,,,,,,,,,,,,,,159.77552180018935,149.2578284578742,"rgba(38, 166, 154, 1.0)",0.0,0.0,1.6478651299441769,157.7992050420653,2.51889240357632,0.0,0.0,0.0,0.0,0.0,0.0,0.0,0.0,62.362616997680824,7.0631129312009975,True,False,True,False,True,7.852058549349703,0,0.996772254042594,0.9359197493750201,False,False,False,False,0.17277869381317978,0.1582704717612699,False,False,False,False,275696.0,224118.84467945152,False,False,False,False,11668.104085728446,False,False,False,False
2025-06-09 17:00:00+00:00,161.97,162.285,161.7,161.71,7504.0,,,,,,,,,,,,,,,,,,,,,,159.86613888730872,149.29118103011885,"rgba(38, 166, 154, 1.0)",0.0,0.0,1.6174577343850365,157.82791756169462,2.400113681969793,0.0,0.0,0.0,0.0,0.0,0.0,0.0,0.0,63.03487549590746,7.966028740912456,True,False,True,False,True,7.275918612933818,0,0.9970537920547428,0.9333460051954637,False,False,False,False,0.19277458526644112,0.17552252851385552,False,False,False,False,268192.0,224802.14941310344,False,False,False,False,11603.544332461339,False,False,False,False
2025-06-09 18:00:00+00:00,161.73,161.81,161.315,161.39,7691.0,,,,,,,,,,,,,,,,,,,,,,159.9348352690469,149.32412178142943,"rgba(38, 166, 154, 1.0)",0.0,0.0,1.6049047795276838,157.8520392778531,2.2044676838635233,0.0,0.0,0.0,0.0,0.0,0.0,0.0,0.0,62.0963100734849,7.966028740912456,True,False,True,False,True,6.504801164650395,0,0.9940447907757614,0.9351579080743774,False,False,False,False,0.1698070341289847,0.1726647813214201,False,False,False,False,260501.0,225355.61996483826,False,False,False,False,11542.884730407673,False,False,False,False
2025-06-09 19:00:00+00:00,161.38,161.44,160.22,160.22,15808.0,,,,,,,,,,,,,,,,,,,,,,159.98971271202458,149.3864308929395,"rgba(38, 166, 154, 1.0)",0.0,0.0,1.5953145697874225,157.88024254795218,1.466643316847282,0.0,0.0,0.0,0.0,0.0,0.0,0.0,0.0,57.2555262096523,12.19526866913823,True,False,True,False,False,3.7511158155080864,0,0.9865782409600506,0.9402810674246018,False,False,False,False,0.13020509480535553,0.15143493806338781,False,False,False,False,244693.0,225655.42430646866,False,False,False,False,11609.010548540888,False,False,False,False
2025-06-10 14:00:00+00:00,162.835,164.43,162.835,163.25,7477.0,,,,,,,,,,,,,,,,,,,,,,160.11683130527587,149.42314944123956,"rgba(38, 166, 154, 1.0)",0.0,0.0,1.6419412812797616,157.92221740734996,3.24480701800582,0.0,0.0,0.0,0.0,0.0,0.0,0.0,0.0,60.66147137940203,12.19526866913823,True,False,True,False,True,9.590939361909257,0,0.9847071181413748,0.9264396935244691,False,False,False,False,0.2671450836912399,0.20929001087731386,False,False,False,False,252170.0,226066.5029993916,False,False,False,False,11544.94836949374,False,False,False,False
2025-06-10 15:00:00+00:00,163.23,164.24,162.925,163.75,6798.0,,,,,,,,,,,,,,,,,,,,,,160.22892496706686,149.4566826707586,"rgba(38, 166, 154, 1.0)",0.0,0.0,1.7002721350809664,157.96049496501237,3.4050461191095933,0.0,0.0,0.0,0.0,0.0,0.0,0.0,0.0,63.64580589324926,8.245940330123261,True,False,True,False,True,10.48138617865527,0,0.9845722732031781,0.9291433146517218,False,False,False,False,0.22758114178599695,0.2184355763316554,False,False,False,False,258968.0,226576.6037280832,False,False,False,False,11471.3522707419,False,False,False,False
2025-06-10 16:00:00+00:00,163.81,165.085,163.75,164.285,5447.0,,,,,,,,,,,,,,,,,,,,,,160.3320001202375,149.48482437023978,"rgba(38, 166, 154, 1.0)",0.0,0.0,1.767697497152976,157.99569972248153,3.5579052907230486,0.0,0.0,0.0,0.0,0.0,0.0,0.0,0.0,66.37900571426798,10.771047745489412,True,False,True,False,True,11.426328004266864,0,0.9889302476128826,0.9392458326590069,False,False,False,False,0.29103333364564304,0.2547344549886492,False,False,False,False,264415.0,227163.24553074857,False,False,False,False,11377.9514603428,False,False,False,False
2025-06-10 17:00:00+00:00,164.21,164.39,163.34,163.45,4479.0,,,,,,,,,,,,,,,,,,,,,,160.4000331931332,149.50688386960007,"rgba(38, 166, 154, 1.0)",0.0,0.0,1.7919226299456017,158.02031790776167,3.0300873494762186,0.0,0.0,0.0,0.0,0.0,0.0,0.0,0.0,65.46636846682598,10.771047745489412,True,False,True,False,True,9.456360667482848,0,0.9970375675499712,0.9307897649586568,False,False,False,False,0.24882368936255972,0.25177907217560447,False,False,False,False,259936.0,227671.35025120206,False,False,False,False,11270.990972585547,False,False,False,False
2025-06-10 18:00:00+00:00,163.435,163.435,162.43,162.845,8053.0,,,,,,,,,,,,,,,,,,,,,,160.4870972634313,149.5440877337823,"rgba(38, 166, 154, 1.0)",0.0,0.0,1.8100568031501327,158.05506907703725,2.6462876273421894,0.0,0.0,0.0,0.0,0.0,0.0,0.0,0.0,63.051483865827635,10.771047745489412,True,False,True,False,False,8.0566755932017,0,0.9892112125162976,0.9338983050847467,False,False,False,False,0.1794293572406311,0.2156042147081178,False,False,False,False,251883.0,228046.7246659121,False,False,False,False,11221.099639677243,False,False,False,False
2025-06-10 19:00:00+00:00,162.84,162.92,162.23,162.69,13687.0,,,,,,,,,,,,,,,,,,,,,,160.6057686865392,149.6054857512116,"rgba(38, 166, 154, 1.0)",0.0,0.0,1.825268646153239,158.10702397509672,2.5108501340676153,0.0,0.0,0.0,0.0,0.0,0.0,0.0,0.0,60.976645335864674,10.771047745489412,True,False,True,False,False,7.698376918266664,0,0.9840467179955633,0.9385684457784165,False,False,False,False,0.15330616714911022,0.184455190928614,False,False,False,False,238196.0,228204.07777186696,False,False,False,False,11259.33065301558,False,False,False,False
2025-06-11 14:00:00+00:00,164.28,164.79,163.76,164.21,7676.0,,,,,,,,,,,,,,,,,,,,,,160.716476642178,149.64397696533788,"rgba(38, 166, 154, 1.0)",0.0,0.0,1.878140773681572,158.15061185832903,3.2262694184489886,0.0,0.0,0.0,0.0,0.0,0.0,0.0,0.0,62.60171535182805,10.771047745489412,True,False,True,False,False,10.48339474569935,0,0.9876267288569306,0.9314287565186417,False,False,False,False,0.28005542270598804,0.23225530681730103,False,False,False,False,245872.0,228477.99904672173,False,False,False,False,11203.775139015339,False,False,False,False
2025-06-11 15:00:00+00:00,164.12,165.07,164.02,164.34,7856.0,,,,,,,,,,,,,,,,,,,,,,160.8297602219649,149.68376090588663,"rgba(38, 166, 154, 1.0)",0.0,0.0,1.9327579533676107,158.19618945063274,3.1787790802580163,0.0,0.0,0.0,0.0,0.0,0.0,0.0,0.0,63.9095243762318,10.771047745489412,True,False,True,False,True,10.715551888377725,0,0.984107460754168,0.9345201488914071,False,False,False,False,0.30091377626905513,0.26658454154317807,False,False,False,False,253728.0,228869.47192971827,False,False,False,False,11151.871648487968,False,False,False,False
2025-06-11 16:00:00+00:00,164.28,164.49,163.845,164.49,4126.0,,,,,,,,,,,,,,,,,,,,,,160.88342463607265,149.70428653383505,"rgba(38, 166, 154, 1.0)",0.0,0.0,1.9854430644472314,158.218659896338,3.15866025874079,0.0,0.0,0.0,0.0,0.0,0.0,0.0,0.0,65.05985249432362,10.771047745489412,True,False,True,False,True,10.986759694079023,0,0.9808719741441859,0.9521799353604651,False,False,False,False,0.271817292220378,0.26920091688177805,False,False,False,False,257854.0,229318.84445793967,False,False,False,False,11042.94340587575,False,False,False,False
2025-06-11 17:00:00+00:00,164.47,164.95,164.38,164.75,4533.0,,,,,,,,,,,,,,,,,,,,,,160.94752623217943,149.72741592059785,"rgba(38, 166, 154, 1.0)",0.0,0.0,2.041351235055916,158.24526030110243,3.1864872576518612,0.0,0.0,0.0,0.0,0.0,0.0,0.0,0.0,66.33160758603151,11.30232122696124,True,False,True,False,True,11.460885329320533,0,0.9799172671470514,0.9574326127568729,False,False,False,False,0.31026538318117386,0.28973315003147593,False,False,False,False,262387.0,229831.52903998713,False,False,False,False,10942.014050745895,False,False,False,False
2025-06-11 18:00:00+00:00,164.75,165.92,164.13,164.94,9703.0,,,,,,,,,,,,,,,,,,,,,,161.08828377949112,149.77768443205352,"rgba(38, 166, 154, 1.0)",0.0,0.0,2.098304620230039,158.67615847640795,2.9851916939044525,0.0,0.0,0.0,0.0,0.0,0.0,0.0,0.0,67.56070011591946,12.738943694531919,True,False,True,False,True,11.809886544052304,0,0.9695533150831274,0.9569339654136351,False,False,False,False,0.3386461154568187,0.31418963274414735,False,False,False,False,272090.0,230486.69913239044,False,False,False,False,10922.804530579291,False,False,False,False
2025-06-11 19:00:00+00:00,164.885,165.21,164.51,164.72,25037.0,,,,,,,,,,,,,,,,,,,,,,161.39491107779546,149.9043338088253,"rgba(38, 166, 154, 1.0)",0.0,0.0,2.1451709333600384,158.8005737271992,2.759419392061702,0.0,0.0,0.0,0.0,0.0,0.0,0.0,0.0,67.31389515053581,12.793147649582352,True,False,True,False,True,11.250143622268915,0,0.963406075594025,0.9633058182668859,False,False,False,False,0.3255754900432507,0.319882561393699,False,False,False,False,247053.0,230743.54100630686,False,False,False,False,11141.629266539301,False,False,False,False
2025-06-12 14:00:00+00:00,164.31,165.06,164.05,164.34,6398.0,,,,,,,,,,,,,,,,,,,,,,161.45853739547078,149.9356476782158,"rgba(38, 166, 154, 1.0)",0.0,0.0,2.179537945908972,158.82723390458057,2.529327881520479,0.0,0.0,0.0,0.0,0.0,0.0,0.0,0.0,65.33338397277228,12.793147649582352,True,False,True,False,True,10.280959391392546,0,0.9619359801986824,0.9645449376191597,False,False,False,False,0.3016911076034378,0.3107868344985684,False,False,False,False,240655.0,230897.2070372168,False,False,False,False,11068.084626747994,False,False,False,False
2025-06-12 15:00:00+00:00,164.35,164.9,164.16,164.83,5029.0,,,,,,,,,,,,,,,,,,,,,,161.50907570946936,149.96041415713208,"rgba(38, 166, 154, 1.0)",0.0,0.0,2.2225057646434387,158.85011503648286,2.69060492829656,0.0,0.0,0.0,0.0,0.0,0.0,0.0,0.0,65.37485323151995,12.793147649582352,True,False,True,False,True,11.223913990044181,1,0.9642784793031267,0.9700519954081984,False,False,False,False,0.2997484405828726,0.3052676375407205,False,False,False,False,245684.0,231126.45964129097,False,False,False,False,10974.455407728643,False,False,False,False
2025-06-12 16:00:00+00:00,164.76,165.16,164.43,164.79,4747.0,,,,,,,,,,,,,,,,,,,,,,161.55774466834205,149.98397482846104,"rgba(38, 166, 154, 1.0)",0.0,0.0,2.2611536300610315,158.87325017873667,2.616695187183554,0.0,0.0,0.0,0.0,0.0,0.0,0.0,0.0,65.19260629227057,12.793147649582352,True,False,True,False,False,11.119394443919724,0,0.9688726485316013,0.9579780755176622,False,False,False,False,0.32045604090009255,0.31286183922040656,False,False,False,False,240937.0,231278.5610422012,False,False,False,False,10877.905711484787,False,False,False,False
2025-06-12 17:00:00+00:00,164.83,165.09,164.69,164.89,3986.0,,,,,,,,,,,,,,,,,,,,,,161.59869906152653,150.00382947148222,"rgba(38, 166, 154, 1.0)",0.0,0.0,2.305780059911206,158.89322775866557,2.600756397193123,0.0,0.0,0.0,0.0,0.0,0.0,0.0,0.0,65.37994670957492,12.793147649582352,True,False,True,False,False,11.316324423712498,0,0.9665419925195516,0.9628017681060871,False,False,False,False,0.3279438703652609,0.3204028547928337,False,False,False,False,244923.0,231490.1027314694,False,False,False,False,10771.054460143938,False,False,False,False
2025-06-12 18:00:00+00:00,164.89,164.93,164.43,164.605,5621.0,,,,,,,,,,,,,,,,,,,,,,161.65076720554933,150.0312979026003,"rgba(38, 166, 154, 1.0)",0.0,0.0,2.34031211439676,158.91840376412713,2.4298452334160716,0.0,0.0,0.0,0.0,0.0,0.0,0.0,0.0,63.79779321127224,12.793147649582352,True,False,True,False,False,10.549354500723258,0,0.9595202398800605,0.9668120485211944,False,False,False,False,0.31143800977439073,0.3159204322836122,False,False,False,False,239302.0,231611.21741780321,False,False,False,False,10691.20865456031,False,False,False,False
2025-06-12 19:00:00+00:00,164.53,165.11,164.49,165.08,24669.0,,,,,,,,,,,,,,,,,,,,,,161.87634076025097,150.1525862244071,"rgba(38, 166, 154, 1.0)",0.0,0.0,2.382025602921265,159.03527964717054,2.537638699355858,0.0,0.0,0.0,0.0,0.0,0.0,0.0,0.0,64.41508273592999,12.793147649582352,True,False,True,False,False,11.508802816189714,0,0.9601667122164529,0.9664525826728622,False,False,False,False,0.3208492653612441,0.3183848488224281,False,False,False,False,263971.0,232112.91947334114,False,False,False,False,10907.918597900461,False,False,False,False
2025-06-13 14:00:00+00:00,164.23,165.45,164.0,164.85,16840.0,,,,,,,,,,,,,,,,,,,,,,162.00737577769348,150.2335498599071,"rgba(38, 166, 154, 1.0)",0.0,0.0,2.4132229710715816,159.10742551692599,2.3796286343669446,0.0,0.0,0.0,0.0,0.0,0.0,0.0,0.0,63.40624775947118,12.793147649582352,True,False,True,False,False,10.877147617153,0,0.958944281524927,0.9633772079383491,False,False,False,False,0.31496088854827764,0.3166728686853529,False,False,False,False,247131.0,232345.7579311188,False,False,False,False,10999.888852196578,False,False,False,False
2025-06-13 15:00:00+00:00,165.13,165.55,164.18,165.25,10592.0,,,,,,,,,,,,,,,,,,,,,,162.09016033971747,150.28480337571028,"rgba(38, 166, 154, 1.0)",0.0,0.0,2.452145350467477,159.15485570477122,2.4856374415435036,0.0,0.0,0.0,0.0,0.0,0.0,0.0,0.0,64.18395304641645,12.793147649582352,True,False,True,False,False,11.697399813673787,1,0.9592833876221502,0.9603013029315967,False,False,False,False,0.3259699744873741,0.32132142158636345,False,False,False,False,257723.0,232739.2035445898,False,False,False,False,10993.564994022989,False,False,False,False
2025-06-13 16:00:00+00:00,165.07,165.07,164.12,164.31,6215.0,,,,,,,,,,,,,,,,,,,,,,162.1287356002109,150.31370855808976,"rgba(38, 166, 154, 1.0)",0.0,0.0,2.4775725550960592,159.1777935562246,2.0714656502063242,0.0,0.0,0.0,0.0,0.0,0.0,0.0,0.0,59.67280654876508,12.676831139521084,True,False,True,False,False,9.117154898736072,1,0.9640547348355916,0.9585063653073735,False,False,False,False,0.30480398557213456,0.31306270357924904,False,False,False,False,251508.0,233030.19263692174,False,False,False,False,10919.478715045887,False,False,False,False
2025-06-13 17:00:00+00:00,164.36,164.66,163.9,164.65,7611.0,,,,,,,,,,,,,,,,,,,,,,162.17246714611824,150.34870651967688,"rgba(38, 166, 154, 1.0)",0.0,0.0,2.504627270825985,159.20456531808318,2.1741497209367235,0.0,0.0,0.0,0.0,0.0,0.0,0.0,0.0,58.070509175277735,11.280640544667868,False,False,True,False,False,9.83298127888838,1,0.9612051317046542,0.9641394840999054,False,False,False,False,0.28043948669046687,0.296751095134858,False,False,False,False,259119.0,233434.67027045783,False,False,False,False,10868.184471401764,False,False,False,False
2025-06-13 18:00:00+00:00,164.65,165.84,164.3,165.74,15701.0,,,,,,,,,,,,,,,,,,,,,,162.29152519215043,150.42489586556653,"rgba(38, 166, 154, 1.0)",0.0,0.0,2.5528682191103416,159.27688247238754,2.531708248483278,0.0,0.0,0.0,0.0,0.0,0.0,0.0,0.0,60.54560437122991,11.280640544667868,True,False,True,False,True,12.069726301085588,1,0.9573348720385585,0.9607969587943799,False,False,False,False,0.3422300949907655,0.31949059506281174,False,False,False,False,274820.0,234076.3032895205,False,False,False,False,10943.11184393817,False,False,False,False
2025-06-13 19:00:00+00:00,165.75,166.1,165.41,166.0,24248.0,,,,,,,,,,,,,,,,,,,,,,162.4887694328061,150.5452897353118,"rgba(38, 166, 154, 1.0)",0.0,0.0,2.6094286282182986,159.3988035391308,2.529747849580565,0.0,0.0,0.0,0.0,0.0,0.0,0.0,0.0,62.87935676483674,9.162635245828803,True,False,True,False,True,12.59110810713294,1,0.9610579208256945,0.9625517756501668,False,False,False,False,0.3428282469809386,0.3311594210218752,False,False,False,False,299068.0,235083.92649433413,False,False,False,False,11149.389179691067,False,False,False,False
2025-06-16 14:00:00+00:00,164.3,166.07,163.895,166.045,16906.0,,,,,,,,,,,,,,,,,,,,,,162.5951180041998,150.62541443508857,"rgba(38, 166, 154, 1.0)",0.0,0.0,2.664914517838585,159.77815344267628,2.351612599719151,0.0,0.0,0.0,0.0,0.0,0.0,0.0,0.0,64.55896787209466,10.659384473378935,True,False,True,False,True,12.682292562743378,1,0.9495809632795935,0.9657702534414869,False,False,False,False,0.2864054887997925,0.30878245491083384,False,False,False,False,315974.0,236338.03616108862,False,False,False,False,11238.638959850894,False,False,False,False
2025-06-16 15:00:00+00:00,165.97,166.69,165.78,166.52,18083.0,,,,,,,,,,,,,,,,,,,,,,162.73856929343307,150.7158844822214,"rgba(38, 166, 154, 1.0)",0.0,0.0,2.722092216666349,159.89290373810377,2.434559792398295,0.0,0.0,0.0,0.0,0.0,0.0,0.0,0.0,66.95792148400508,12.857394457033976,True,False,True,False,True,13.64780848201504,1,0.9576308261820632,0.9664142688877678,False,False,False,False,0.3428282473226708,0.32580535111675235,False,False,False,False,334057.0,237853.05885626553,False,False,False,False,11344.753084504368,False,False,False,False
2025-06-16 16:00:00+00:00,166.52,166.95,166.29,166.75,8507.0,,,,,,,,,,,,,,,,,,,,,,162.80822711208106,150.75898674975025,"rgba(38, 166, 154, 1.0)",0.0,0.0,2.7689313286360484,159.9441033517719,2.4579506822152304,0.0,0.0,0.0,0.0,0.0,0.0,0.0,0.0,69.13317289465448,14.850537885613818,True,False,True,False,True,14.113903278750008,0,0.9741529031159543,0.9624723310063008,False,False,False,False,0.3428282475748712,0.33431679934581177,False,False,False,False,342564.0,239476.48430035444,False,False,False,False,11300.756912651586,False,False,False,False
2025-06-16 17:00:00+00:00,166.79,167.45,166.45,167.205,8264.0,,,,,,,,,,,,,,,,,,,,,,162.8798670366588,150.8016085742645,"rgba(38, 166, 154, 1.0)",0.0,0.0,2.8150346468671694,159.9965820863513,2.5606853264384846,0.0,0.0,0.0,0.0,0.0,0.0,0.0,0.0,71.64251993361557,17.16370651251593,True,False,True,False,True,15.033527000127886,0,0.9718295500883513,0.9578632594807674,False,False,False,False,0.34282824777718995,0.33857252356150086,False,False,False,False,350828.0,241202.86438872103,False,False,False,False,11253.675410129856,False,False,False,False
2025-06-16 18:00:00+00:00,167.205,167.735,166.91,166.99,13763.0,,,,,,,,,,,,,,,,,,,,,,162.99878521472084,150.87286548521237,"rgba(38, 166, 154, 1.0)",0.0,0.0,2.8362904605445647,160.08150784152062,2.4357491782251977,0.0,0.0,0.0,0.0,0.0,0.0,0.0,0.0,71.78506615333197,17.34559646338691,True,False,True,False,True,14.38257958943925,0,0.9741867643567044,0.9559716427529603,False,False,False,False,0.34282824799165046,0.3407003857765757,False,False,False,False,337065.0,242689.09904936102,False,False,False,False,11292.579667337144,False,False,False,False
2025-06-16 19:00:00+00:00,166.95,166.98,165.93,166.76,45046.0,,,,,,,,,,,,,,,,,,,,,,163.29210904542023,151.09264262230553,"rgba(38, 166, 154, 1.0)",0.0,0.0,2.8681661828164327,160.28211527406935,2.258545813956147,0.0,0.0,0.0,0.0,0.0,0.0,0.0,0.0,70.26503870790222,17.34559646338691,True,False,True,False,True,13.682667190811973,0,0.9683683480496634,0.9610609289894796,False,False,False,False,0.28805383345916835,0.314377109617872,False,False,False,False,292019.0,243453.9037152624,False,False,False,False,11815.888509704011,False,False,False,False
2025-06-17 14:00:00+00:00,169.1,169.78,168.7,168.77,13956.0,,,,,,,,,,,,,,,,,,,,,,163.43634628254483,151.17041087793396,"rgba(38, 166, 154, 1.0)",0.0,0.0,2.9570800715484706,160.3867790459599,2.834965828182744,0.0,0.0,0.0,0.0,0.0,0.0,0.0,0.0,73.59916499477188,19.085071113327686,True,False,True,False,True,17.684897027680933,0,0.9786878115694737,0.953059654053331,False,False,False,False,0.34282824890762226,0.3286026792627471,False,False,False,False,305975.0,244423.22303750637,False,False,False,False,11849.068532809375,False,False,False,False
2025-06-17 15:00:00+00:00,168.745,170.15,168.47,169.86,10504.0,,,,,,,,,,,,,,,,,,,,,,163.5477992497698,151.22983083599308,"rgba(38, 166, 154, 1.0)",0.0,0.0,3.07841010210731,160.46706231683578,3.0512301388091037,0.0,0.0,0.0,0.0,0.0,0.0,0.0,0.0,77.10681748489439,22.342278767300257,True,False,True,False,True,19.682839653056394,0,0.9770737250183811,0.9517077735445497,False,False,False,False,0.3428282489361439,0.3357154640994455,False,False,False,False,316479.0,245540.36686638222,False,False,False,False,11828.214757106904,False,False,False,False
2025-06-17 16:00:00+00:00,169.88,170.85,169.69,170.27,8660.0,,,,,,,,,,,,,,,,,,,,,,163.64825404754964,151.28060139988042,"rgba(38, 166, 154, 1.0)",0.0,0.0,3.2050174234603297,160.53914029436456,3.0361331687019133,0.0,0.0,0.0,0.0,0.0,0.0,0.0,0.0,79.84935776914668,24.840861876695115,True,False,True,False,True,20.0,0,0.9838941424132055,0.9459685234069576,False,False,False,False,0.3428282492994718,0.3392718566994587,False,False,False,False,325139.0,246774.45420178713,False,False,False,False,11779.095148469587,False,False,False,False
2025-06-17 17:00:00+00:00,170.43,171.28,170.36,170.36,6529.0,,,,,,,,,,,,,,,,,,,,,,163.72644585827496,151.31949583132956,"rgba(38, 166, 154, 1.0)",0.0,0.0,3.3306212390239547,160.5950382773057,2.9318739724232246,0.0,0.0,0.0,0.0,0.0,0.0,0.0,0.0,81.76818688478379,26.612015324557817,True,False,True,False,True,20.0,0,0.9928148915549913,0.936871303011062,False,False,False,False,0.3428282494867124,0.34105005309308556,False,False,False,False,331668.0,248090.63320641057,False,False,False,False,11697.698324462306,False,False,False,False
2025-06-17 18:00:00+00:00,170.36,171.335,170.275,170.98,6261.0,,,,,,,,,,,,,,,,,,,,,,163.80188782823487,151.35702508043767,"rgba(38, 166, 154, 1.0)",0.0,0.0,3.4598163415298164,161.15955232482685,2.8384303401581326,0.0,0.0,0.0,0.0,0.0,0.0,0.0,0.0,83.649246327111,28.41670325768574,True,False,True,False,True,20.0,0,0.9942511447575122,0.9348240248671416,False,True,False,False,0.3420891274560431,0.34156959027456435,False,False,False,False,337929.0,249483.4761024352,False,False,False,False,11613.408427959015,False,False,False,False
2025-06-17 19:00:00+00:00,170.77,170.83,170.02,170.08,40231.0,,,,,,,,,,,,,,,,,,,,,,164.21582659581873,151.58803392606134,"rgba(38, 166, 154, 1.0)",0.0,0.0,3.5501526321710983,161.41643613647338,2.4403356027620773,0.0,0.0,0.0,0.0,0.0,0.0,0.0,0.0,79.94951452300441,28.41670325768574,True,False,True,False,False,18.856263960127112,0,0.9957486693669874,0.9336189870451583,False,False,False,False,0.3234818207086398,0.3325257054916021,False,False,False,False,297698.0,250230.98810084705,False,False,False,False,12057.092018223217,False,False,False,False
2025-06-18 14:00:00+00:00,170.59,170.59,168.11,168.11,5197.0,,,,,,,,,,,,,,,,,,,,,,164.25429804644116,151.61530643575998,"rgba(38, 166, 154, 1.0)",0.0,0.0,3.5880489214979696,161.43583814093944,1.860108935268973,0.0,0.0,0.0,0.0,0.0,0.0,0.0,0.0,70.3462436457979,26.66509083780072,True,False,True,False,False,13.109652379536612,0,0.9866640193255901,0.9295476355935017,False,False,False,False,0.2719499777914284,0.30223784164151524,False,False,False,False,292501.0,250886.33712253935,False,False,False,False,11950.73400243681,False,False,False,False
2025-06-18 15:00:00+00:00,168.05,168.79,167.9,168.57,6976.0,,,,,,,,,,,,,,,,,,,,,,164.2993731073268,151.65069221326735,"rgba(38, 166, 154, 1.0)",0.0,0.0,3.63686709673023,161.45674821308006,1.9558734475931738,0.0,0.0,0.0,0.0,0.0,0.0,0.0,0.0,65.1158225849048,22.266081130712905,False,False,True,False,False,13.99956434767623,0,0.9823002983095791,0.9468677494199546,False,False,False,False,0.225021884746817,0.26362986319416615,False,False,False,False,299477.0,251639.68073304262,False,False,False,False,11873.606343484302,False,False,False,False
2025-06-18 16:00:00+00:00,168.51,169.3,168.15,168.82,5532.0,,,,,,,,,,,,,,,,,,,,,,164.33729451083948,151.67920876888041,"rgba(38, 166, 154, 1.0)",0.0,0.0,3.689646284225957,161.47799728789886,1.989893379072622,0.0,0.0,0.0,0.0,0.0,0.0,0.0,0.0,62.265745505001206,19.947104683402713,False,True,True,False,False,14.482138217137209,0,0.9797593725073122,0.950312416910397,False,False,False,False,0.24264095294605803,0.2531354080701121,False,False,False,False,305009.0,252467.11203950708,False,False,False,False,11775.286865290747,False,False,False,False
2025-06-18 17:00:00+00:00,168.73,168.94,168.15,168.49,6048.0,,,,,,,,,,,,,,,,,,,,,,164.37590194088614,151.70985820138287,"rgba(38, 166, 154, 1.0)",0.0,0.0,3.715230385833367,161.4995165774272,1.8815746795214638,0.0,0.0,0.0,0.0,0.0,0.0,0.0,0.0,59.25538869733317,17.270433594225196,False,True,True,False,False,13.53870344565031,0,0.9774065817056534,0.9510198649053345,False,False,False,False,0.2342772914752857,0.2437063497726989,False,False,False,False,298961.0,253187.9475117628,False,False,False,False,11686.491720092441,False,False,False,False
2025-06-18 18:00:00+00:00,168.305,168.885,167.69,167.77,7600.0,,,,,,,,,,,,,,,,,,,,,,164.41870651768417,151.74727599377368,"rgba(38, 166, 154, 1.0)",0.0,0.0,3.7287650021744714,161.5223984519728,1.6755149612227764,0.0,0.0,0.0,0.0,0.0,0.0,0.0,0.0,55.007568322466284,13.340352320803255,False,True,True,False,False,11.508101548061326,0,0.9776089696808865,0.9468586213759708,False,False,False,False,0.2223680232798839,0.2330371865262914,False,False,False,False,291361.0,253779.77778289825,False,False,False,False,11623.135259315814,False,False,False,False
2025-06-18 19:00:00+00:00,167.83,168.31,167.295,167.375,18247.0,,,,,,,,,,,,,,,,,,,,,,164.5054114794682,151.83394200426804,"rgba(38, 166, 154, 1.0)",0.0,0.0,3.729407861846135,162.3602690478655,1.344645353338238,0.0,0.0,0.0,0.0,0.0,0.0,0.0,0.0,51.0546582519342,9.652774922315665,False,True,False,False,False,10.41150586434901,0,0.9729175622499255,0.9517873086207475,False,False,False,False,0.2001016025857324,0.2165693945560119,False,False,False,False,273114.0,254079.53316610912,False,False,False,False,11725.830836690762,False,False,False,False
2025-06-19 14:00:00+00:00,167.375,167.375,167.375,167.375,0.0,,,,,,,,,,,,,,,,,,,,,,164.5054114794682,151.83394200426804,"rgba(38, 166, 154, 1.0)",0.0,0.0,3.7107875951846605,162.3602690478655,1.351392615045365,0.0,0.0,0.0,0.0,0.0,0.0,0.0,0.0,48.41938487157948,7.106917123289634,False,True,False,True,False,10.41150586434901,0,0.9788345702020033,0.9550733801457626,False,False,False,False,0.18063678071123407,0.198603087633623,False,False,False,False,273114.0,254374.64117903766,False,False,False,False,11544.035009765325,False,False,False,False
2025-06-19 15:00:00+00:00,167.375,167.375,167.375,167.375,0.0,,,,,,,,,,,,,,,,,,,,,,164.5054114794682,151.83394200426804,"rgba(38, 166, 154, 1.0)",0.0,0.0,3.69227054585435,162.3602690478655,1.358169963402329,0.0,0.0,0.0,0.0,0.0,0.0,0.0,0.0,46.662535951343,5.235477777058762,False,True,False,True,False,10.41150586434902,0,0.9788932304712287,0.9520422135390584,False,False,False,False,0.18063678071123407,0.18961993417242853,False,False,False,False,273114.0,254665.1738739363,False,False,False,False,11365.057722792219,False,False,False,False
2025-06-19 16:00:00+00:00,167.375,167.375,167.375,167.375,0.0,,,,,,,,,,,,,,,,,,,,,,164.5054114794682,151.83394200426804,"rgba(38, 166, 154, 1.0)",0.0,0.0,3.6715840617535003,162.3602690478655,1.3658221813228837,0.0,0.0,0.0,0.0,0.0,0.0,0.0,0.0,45.49130333785202,3.7651128792518307,False,True,False,True,False,10.41150586434902,0,0.995106316986594,0.9494778922700492,False,False,False,False,0.18063678071123407,0.18512835744183131,False,False,False,False,273114.0,254951.2021859683,False,False,False,False,11188.85527747761,False,False,False,False
2025-06-19 17:00:00+00:00,167.375,167.375,167.375,167.375,0.0,,,,,,,,,,,,,,,,,,,,,,164.5054114794682,151.83394200426804,"rgba(38, 166, 154, 1.0)",0.0,0.0,3.6919410932510632,162.3602690478655,1.358291160522989,0.0,0.0,0.0,0.0,0.0,0.0,0.0,0.0,44.71048159552469,2.539976267539039,False,True,False,True,False,10.41150586434902,0,0.9969353996169248,0.9431655928956998,False,False,False,False,0.18063678071123407,0.1828825690765327,False,False,False,False,273114.0,255232.79595052692,False,False,False,False,11015.384653020594,False,False,False,False
2025-06-19 18:00:00+00:00,167.375,167.375,167.375,167.375,0.0,,,,,,,,,,,,,,,,,,,,,,164.5054114794682,151.83394200426804,"rgba(38, 166, 154, 1.0)",0.0,0.0,3.7139290624729098,162.3602690478655,1.3502495249048871,0.0,0.0,0.0,0.0,0.0,0.0,0.0,0.0,44.18993376730647,1.4739419188553669,False,True,False,True,False,10.41150586434902,0,0.9900193287647161,0.9480583377262353,False,False,False,False,0.18063678071123407,0.1817596748938834,False,False,False,False,273114.0,255510.0239202862,False,False,False,False,10844.60349560942,False,False,False,False
2025-06-19 19:00:00+00:00,167.375,167.375,167.375,167.375,0.0,,,,,,,,,,,,,,,,,,,,,,164.5054114794682,151.83394200426804,"rgba(38, 166, 154, 1.0)",0.0,0.0,3.7355641324152398,162.3602690478655,1.342429355882109,0.0,0.0,0.0,0.0,0.0,0.0,0.0,0.0,43.84290188182766,0.5211415227645944,False,True,False,True,False,10.41150586434902,0,0.9911589262888794,0.9473796335747768,False,False,False,False,0.18063678071123407,0.18119822780255873,False,False,False,False,273114.0,255782.9537819872,False,False,False,False,10676.470108080592,False,False,False,False
2025-06-20 14:00:00+00:00,169.12,169.92,168.63,169.57,5691.0,,,,,,,,,,,,,,,,,,,,,,164.54568856293108,151.86368459684465,"rgba(38, 166, 154, 1.0)",0.0,0.0,3.786452676830086,162.40850220862015,1.8913474966166097,0.0,0.0,0.0,0.0,0.0,0.0,0.0,0.0,52.673335828307216,-4.233125774848546,False,True,True,False,True,15.258998404547949,0,0.9922750096562382,0.9348291723726263,False,False,False,False,0.26840965614575457,0.22480394197415665,False,False,False,False,278805.0,256139.88473110364,False,False,False,False,10599.175997877792,False,False,False,False
2025-06-20 15:00:00+00:00,169.53,169.53,168.82,169.14,5985.0,,,,,,,,,,,,,,,,,,,,,,164.58552200861726,151.8944812373259,"rgba(38, 166, 154, 1.0)",0.0,0.0,3.827177454766127,162.44666178810303,1.7488967498910963,0.0,0.0,0.0,0.0,0.0,0.0,0.0,0.0,56.325105592145476,-0.816336579087924,False,True,True,False,True,13.924883759229708,0,0.9981721677387605,0.9322296038525086,False,False,False,False,0.2636994121323404,0.24425167705324852,False,False,False,False,272820.0,256398.49116938107,False,False,False,False,10527.638385507593,False,False,False,False
2025-06-20 16:00:00+00:00,169.24,169.37,168.77,169.0,3156.0,,,,,,,,,,,,,,,,,,,,,,164.6057231285392,151.91056734119647,"rgba(38, 166, 154, 1.0)",0.0,0.0,3.8600039291862394,162.4640127151138,1.6932592310246979,0.0,0.0,0.0,0.0,0.0,0.0,0.0,0.0,58.04396177416923,0.8659041080130976,False,True,True,False,True,13.490341500637484,0,1.0101722549089107,0.9270574891897647,False,False,False,False,0.2520998372756878,0.24817575716446816,False,False,False,False,269664.0,256604.15797295654,False,False,False,False,10413.34941829042,False,False,False,False
2025-06-20 17:00:00+00:00,169.05,169.075,168.12,168.53,4779.0,,,,,,,,,,,,,,,,,,,,,,164.6327547943989,151.9341996227626,"rgba(38, 166, 154, 1.0)",0.0,0.0,3.840111781640658,162.48304863269814,1.574681079913342,0.0,0.0,0.0,0.0,0.0,0.0,0.0,0.0,56.87338909054214,0.8659041080130976,False,True,True,False,True,12.033412230342744,0,0.9952448545067428,0.9356990773598306,False,False,False,False,0.22833964797101136,0.23825770256773976,False,False,False,False,264885.0,256732.54312066262,False,False,False,False,10325.995163743282,False,False,False,False
2025-06-20 18:00:00+00:00,168.505,168.59,167.825,168.14,4577.0,,,,,,,,,,,,,,,,,,,,,,164.6557737070471,151.95624128306832,"rgba(38, 166, 154, 1.0)",0.0,0.0,3.7832496125197097,162.49652417258727,1.4917006291990504,0.0,0.0,0.0,0.0,0.0,0.0,0.0,0.0,54.358047367665684,0.8659041080130976,False,True,True,False,False,10.836790890683574,0,0.9856217524378958,0.9468645455192544,False,False,False,False,0.20891831662583119,0.2235880095967855,False,False,False,False,260308.0,256787.97656065234,False,False,False,False,10236.86345577827,False,False,False,False
2025-06-20 19:00:00+00:00,168.13,169.54,168.13,169.12,31567.0,,,,,,,,,,,,,,,,,,,,,,164.8386272236475,152.11355124842365,"rgba(38, 166, 154, 1.0)",0.0,0.0,3.7223327145538394,162.63642842828807,1.7418033445430625,0.0,0.0,0.0,0.0,0.0,0.0,0.0,0.0,56.270223519730195,0.8659041080130976,False,True,True,False,False,13.021760309332965,0,0.9842157770968433,0.9473027862894614,False,False,False,False,0.2402493345050548,0.23191867205092015,False,False,False,False,291875.0,257331.9614201771,False,False,False,False,10567.563247161552,False,False,False,False
2025-06-23 14:00:00+00:00,170.0,170.0,169.07,169.39,10429.0,,,,,,,,,,,,,,,,,,,,,,164.90340555588224,152.1665831926196,"rgba(38, 166, 154, 1.0)",0.0,0.0,3.651647348849597,162.689311855501,1.834976793859889,0.0,0.0,0.0,0.0,0.0,0.0,0.0,0.0,58.36692960080656,1.7884008943607768,False,True,True,False,True,13.609482639808785,0,0.9827094474153303,0.9481996434937617,False,False,False,False,0.27575815670876447,0.25383841437984234,False,False,False,False,302304.0,258029.2023283914,False,False,False,False,10565.414979763698,False,False,False,False
2025-06-23 15:00:00+00:00,169.39,170.62,169.39,170.41,7775.0,,,,,,,,,,,,,,,,,,,,,,164.95725454654473,152.20739266813578,"rgba(38, 166, 154, 1.0)",0.0,0.0,3.6053385716484603,163.57337372361494,1.8962508348443867,0.0,0.0,0.0,0.0,0.0,0.0,0.0,0.0,62.36041123318816,5.75137247173226,False,False,True,False,True,15.774454982599902,0,0.9868825505754523,0.9458503109586107,False,False,False,False,0.2999809647643989,0.2769096895721206,False,False,False,False,310079.0,258836.17593570316,False,False,False,False,10522.152732015424,False,False,False,False
2025-06-23 16:00:00+00:00,170.41,170.58,168.07,168.07,5666.0,,,,,,,,,,,,,,,,,,,,,,164.98663069481407,152.2349785021287,"rgba(38, 166, 154, 1.0)",0.0,0.0,3.49830843035228,163.5675136904997,1.2870466967507732,0.0,0.0,0.0,0.0,0.0,0.0,0.0,0.0,56.832068941419884,5.75137247173226,False,True,True,False,False,8.85208900936873,0,0.9867933931368361,0.9395913427310271,False,False,False,False,0.265037935241185,0.2709738124066528,False,False,False,False,304413.0,259542.79336305658,False,False,False,False,10446.863542371773,False,False,False,False
2025-06-23 17:00:00+00:00,168.02,168.4,167.03,167.04,25415.0,,,,,,,,,,,,,,,,,,,,,,165.0674560470785,152.34718260993213,"rgba(239, 83, 80, 1.0)",0.0,0.0,3.393930402435581,163.53465302956468,1.0328281828996184,0.0,0.0,0.0,0.0,0.0,0.0,0.0,0.0,50.896464370837876,8.327500621173847,False,True,False,False,False,6.07510290832932,0,0.978276378683028,0.9548762217307559,False,False,False,False,0.18461087039003235,0.2277923413983426,False,False,False,False,278998.0,259844.42447370684,False,False,False,False,10678.92767349779,False,False,False,False
2025-06-23 18:00:00+00:00,166.84,166.85,165.825,166.665,15040.0,,,,,,,,,,,,,,,,,,,,,,165.09331383922043,152.40828675138104,"rgba(239, 83, 80, 1.0)",0.0,0.0,3.309354706974844,163.51316835280275,0.9524006721172545,0.0,0.0,0.0,0.0,0.0,0.0,0.0,0.0,46.1984564139714,4.131010969951781,False,True,False,True,False,5.089721037715098,0,0.9686154503077967,0.9621748567768571,False,False,False,False,0.11766359639884136,0.172727968898592,False,False,False,False,263958.0,259908.20083845558,False,False,False,False,10746.541197939685,False,False,False,False
2025-06-23 19:00:00+00:00,166.7,166.895,166.065,166.625,26562.0,,,,,,,,,,,,,,,,,,,,,,165.13930607808362,152.51553868221308,"rgba(239, 83, 80, 1.0)",0.0,0.0,3.22021129909371,163.5091912108018,0.9675789877748454,0.0,0.0,0.0,0.0,0.0,0.0,0.0,0.0,42.98317204861524,1.2409245745044402,False,True,False,True,False,4.983912101236271,0,0.967038052183818,0.9651870572740545,False,False,False,False,0.12453075319871865,0.14862936104865532,False,False,False,False,237396.0,259559.1744688671,False,False,False,False,10991.742109599534,False,False,False,False
2025-06-24 14:00:00+00:00,165.99,167.19,165.99,166.97,6915.0,,,,,,,,,,,,,,,,,,,,,,165.152358183207,152.54356495249272,"rgba(239, 83, 80, 1.0)",0.0,0.0,3.136273823424144,163.5134928798741,1.102106293879702,0.0,0.0,0.0,0.0,0.0,0.0,0.0,0.0,42.14666278181434,0.36588283408971733,False,True,False,True,False,5.788652677903176,0,0.9634902085767914,0.9638443287651833,False,False,False,False,0.12983968601647994,0.13923452353256763,False,False,False,False,244311.0,259322.76866314822,False,False,False,False,10928.536805574735,False,False,False,False
2025-06-24 15:00:00+00:00,167.12,167.13,164.73,165.3,7342.0,,,,,,,,,,,,,,,,,,,,,,165.15730182821352,152.57111697737486,"rgba(239, 83, 80, 1.0)",0.0,0.0,3.023730411859433,163.50617496768223,0.5932489964324159,0.0,0.0,0.0,0.0,0.0,0.0,0.0,0.0,38.19190531050882,-3.546828475289118,False,True,False,True,False,1.4485631683611722,0,0.9581418195852777,0.9660713659169857,False,False,False,False,0.09808451611027667,0.11865951982142214,False,False,False,False,236969.0,258976.1986063552,False,False,False,False,10872.931583782878,False,False,False,False
2025-06-24 16:00:00+00:00,165.3,166.015,165.21,165.35,7044.0,,,,,,,,,,,,,,,,,,,,,,165.16034871008816,152.59705221031928,"rgba(239, 83, 80, 1.0)",0.0,0.0,2.8930281806532885,163.4982541110107,0.6400718463002091,0.0,0.0,0.0,0.0,0.0,0.0,0.0,0.0,35.750840916990626,-6.047327534390497,False,True,False,True,False,1.5690819510570648,0,0.9591096224966857,0.9690531016677141,False,False,False,False,0.08288219261385611,0.10077085621763912,False,False,False,False,244013.0,258744.21103106288,False,False,False,False,10813.568303414151,False,False,False,False
2025-06-24 17:00:00+00:00,165.35,166.43,165.26,166.15,5617.0,,,,,,,,,,,,,,,,,,,,,,165.16551034372344,152.61833120831247,"rgba(239, 83, 80, 1.0)",0.0,0.0,2.8287738119685906,163.49669496138964,0.9379700234017264,0.0,0.0,0.0,0.0,0.0,0.0,0.0,0.0,37.153174701010606,-6.047327534390497,False,True,False,True,False,3.4823281126493626,0,0.9597868217054263,0.9664313399778522,False,False,False,False,0.094010459743148,0.09739065798039356,False,False,False,False,249630.0,258602.90543368206,False,False,False,False,10733.001352973622,False,False,False,False
2025-06-24 18:00:00+00:00,166.17,166.21,164.39,164.97,6710.0,,,,,,,,,,,,,,,,,,,,,,165.16570088868485,152.64222402235842,"rgba(239, 83, 80, 1.0)",0.0,0.0,2.777600555667946,164.04004638735827,0.33480466107485124,0.0,0.0,0.0,0.0,0.0,0.0,0.0,0.0,35.70263983427972,-6.639953303598659,False,True,False,True,False,0.5207438320124496,0,0.9543403964456597,0.9683526999316479,False,False,False,False,0.06795654579975942,0.0826736018900765,False,False,True,False,242920.0,258359.7596130048,False,False,False,False,10670.62923897403,False,False,True,False
2025-06-24 19:00:00+00:00,164.97,165.84,164.5,165.275,19081.0,,,,,,,,,,,,,,,,,,,,,,165.1665515797881,152.7097541838067,"rgba(239, 83, 80, 1.0)",0.0,0.0,2.713266038300453,164.01735735272945,0.4635161571027975,0.0,0.0,0.0,0.0,0.0,0.0,0.0,0.0,35.84439577406054,-6.994187879192637,False,True,False,True,False,1.2547137169329439,0,0.9554998645353563,0.9711460308859392,False,False,False,False,0.06175674828079612,0.07221517508543632,False,False,False,False,262001.0,258416.21295233804,False,False,False,False,10801.022584106217,False,False,False,False
2025-06-25 14:00:00+00:00,164.66,166.39,164.66,165.9,9970.0,,,,,,,,,,,,,,,,,,,,,,165.1719584855668,152.74599772552415,"rgba(239, 83, 80, 1.0)",0.0,0.0,2.631883095927833,164.0202437038451,0.7142248449649423,0.0,0.0,0.0,0.0,0.0,0.0,0.0,0.0,38.119620461150085,-6.994187879192637,False,True,False,True,False,2.743639650754961,0,0.9570864296712861,0.9677980852915584,False,False,False,False,0.07869958081844444,0.07545737795194038,False,False,False,False,271971.0,258626.36468951107,False,False,False,False,10788.138513034803,False,False,False,False
2025-06-25 15:00:00+00:00,166.16,166.83,165.95,166.83,4163.0,,,,,,,,,,,,,,,,,,,,,,165.1783019469741,152.76210704074933,"rgba(239, 83, 80, 1.0)",0.0,0.0,2.551878025976067,164.03054111224458,1.0970190813429144,0.0,0.0,0.0,0.0,0.0,0.0,0.0,0.0,42.43347192186724,-6.994187879192637,False,True,False,True,True,4.892845550685532,0,0.9656021290751831,0.964737192282103,False,False,False,False,0.1201922826501834,0.0978248303010619,False,False,False,False,276134.0,258897.80089587523,False,False,False,False,10685.423187251316,False,False,False,False
2025-06-25 16:00:00+00:00,166.865,167.18,166.095,166.145,6005.0,,,,,,,,,,,,,,,,,,,,,,165.18692718748653,152.78517151070716,"rgba(239, 83, 80, 1.0)",0.0,0.0,2.453994074752213,164.042506301915,0.8567639668393631,0.0,0.0,0.0,0.0,0.0,0.0,0.0,0.0,43.468378696460114,-13.019330480597567,False,True,False,True,True,3.1458594035119134,0,0.9660748042128006,0.9761342155009454,False,False,False,False,0.13213441437739,0.11497962233922596,False,False,False,False,270129.0,259071.92801376863,False,False,False,False,10612.858486673775,False,False,False,False
2025-06-25 17:00:00+00:00,166.1,166.18,165.47,165.62,6427.0,,,,,,,,,,,,,,,,,,,,,,165.19095971854526,152.80848306961616,"rgba(239, 83, 80, 1.0)",0.0,0.0,2.380908207363724,164.0432008660594,0.662267923250396,0.0,0.0,0.0,0.0,0.0,0.0,0.0,0.0,42.863421839233574,-13.019330480597567,False,True,False,True,True,1.8319480290249253,1,0.9514641807680619,0.9843280305333203,False,False,False,False,0.09305231524165417,0.10401596879044006,False,False,False,False,263702.0,259143.71207557066,False,False,False,False,10547.961455872632,False,False,False,False
2025-06-25 18:00:00+00:00,165.68,166.745,165.39,166.65,12095.0,,,,,,,,,,,,,,,,,,,,,,165.20503389705254,152.85382892488573,"rgba(239, 83, 80, 1.0)",0.0,0.0,2.3103591390412443,164.05729860718077,1.1222070841744367,0.0,0.0,0.0,0.0,0.0,0.0,0.0,0.0,45.541772828232624,-10.41420139230813,False,True,False,True,True,4.214573601916122,1,0.9486135415264504,0.9835778705074715,False,False,False,False,0.10468183938821439,0.10434890408932723,False,False,False,False,275797.0,259401.9025860269,False,False,False,False,10571.946549580032,False,False,False,False
2025-06-25 19:00:00+00:00,166.64,166.85,165.76,165.765,18806.0,,,,,,,,,,,,,,,,,,,,,,165.22345977133915,152.92301874465412,"rgba(239, 83, 80, 1.0)",0.0,0.0,2.254415237497988,164.07178035253295,0.7510682235035875,0.0,0.0,0.0,0.0,0.0,0.0,0.0,0.0,45.0739177491823,-10.41420139230813,False,True,False,True,True,2.0157330882112348,1,0.9523505494136231,0.9825598978460305,False,False,False,False,0.11609897150854881,0.11022393779893802,False,False,False,False,256991.0,259364.52425135984,False,False,False,False,10699.606292997396,False,False,False,False
2025-06-26 14:00:00+00:00,166.135,168.005,165.88,167.94,7811.0,,,,,,,,,,,,,,,,,,,,,,165.24038554812438,152.95402973250472,"rgba(239, 83, 80, 1.0)",0.0,0.0,2.1947642386058472,164.093214285875,1.752710221198308,0.0,0.0,0.0,0.0,0.0,0.0,0.0,0.0,49.763309365150796,-5.9181823957593735,False,True,False,False,True,6.765605033346802,0,0.9492758437416957,0.9755846399149619,False,False,False,False,0.14690307101539804,0.12856350440716802,False,False,False,False,264802.0,259448.82620095115,False,False,False,False,10654.821699307513,False,False,False,False
2025-06-26 15:00:00+00:00,168.01,168.42,167.8,167.86,6976.0,,,,,,,,,,,,,,,,,,,,,,165.26076558893558,152.983060300799,"rgba(239, 83, 80, 1.0)",0.0,0.0,2.1193371286477523,164.12013719593241,1.7646379868095015,0.0,0.0,0.0,0.0,0.0,0.0,0.0,0.0,52.67287618713662,-3.098716872334478,False,False,True,False,True,6.566368750891602,0,0.96575593197777,0.971646311025326,False,False,False,False,0.2040877031204519,0.16632560376380995,False,False,False,False,257826.0,259423.66610481238,False,False,False,False,10597.785703969412,False,False,False,False
2025-06-26 16:00:00+00:00,167.91,168.79,167.87,168.79,5985.0,,,,,,,,,,,,,,,,,,,,,,165.2808622090332,153.00863121647063,"rgba(239, 83, 80, 1.0)",0.0,0.0,2.0023871721990765,164.6409938288115,2.0720299394606774,0.0,0.0,0.0,0.0,0.0,0.0,0.0,0.0,56.35157140590863,0.3853077158601792,True,False,True,False,True,8.488837115446874,0,0.9789569681821257,0.9635546848611775,False,False,False,False,0.2150012303226372,0.1906634170432236,False,False,False,False,263811.0,259491.68678535792,False,False,False,False,10526.26964654353,False,False,False,False
2025-06-26 17:00:00+00:00,168.78,168.78,167.97,168.13,5535.0,,,,,,,,,,,,,,,,,,,,,,165.2981364831844,153.03191509348366,"rgba(239, 83, 80, 1.0)",0.0,0.0,1.969653614308968,164.6573102773641,1.7630966670524186,0.0,0.0,0.0,0.0,0.0,0.0,0.0,0.0,56.86739540980195,0.963610663396608,True,False,True,False,True,6.824249877909505,0,0.9796621621621626,0.9566891891891901,False,False,False,False,0.21723968856266154,0.20395155280294258,False,False,False,False,258276.0,259472.8389282206,False,False,False,False,10448.885621015723,False,False,False,False
2025-06-26 18:00:00+00:00,168.13,168.3,167.52,167.59,6255.0,,,,,,,,,,,,,,,,,,,,,,165.31426606979332,153.0573004463364,"rgba(239, 83, 80, 1.0)",0.0,0.0,1.941421214814897,164.66492045080585,1.5066692003121231,0.0,0.0,0.0,0.0,0.0,0.0,0.0,0.0,55.71670718506144,0.963610663396608,True,False,True,False,True,5.48452906468664,0,0.9736077318194114,0.9627264125439314,False,False,False,False,0.19420782120905827,0.19907968700600043,False,False,False,False,252021.0,259357.30654173656,False,False,False,False,10383.864138519353,False,False,False,False
2025-06-26 19:00:00+00:00,167.575,167.875,167.25,167.53,32517.0,,,,,,,,,,,,,,,,,,,,,,165.3867280380416,153.18564594887982,"rgba(239, 83, 80, 1.0)",0.0,0.0,1.9215861691335674,164.71796671317642,1.4633917187754886,0.0,0.0,0.0,0.0,0.0,0.0,0.0,0.0,54.7788802154768,0.963610663396608,True,False,True,False,True,5.335397136997845,0,0.9670930507273285,0.9678018157885862,False,False,False,False,0.17712900980097568,0.18810434840348805,False,False,False,False,219504.0,258739.42582015923,False,False,False,False,10727.013531720604,False,False,False,False
2025-06-27 14:00:00+00:00,165.695,165.88,165.23,165.87,7218.0,,,,,,,,,,,,,,,,,,,,,,165.38867858699172,153.21011702683458,"rgba(239, 83, 80, 1.0)",0.0,0.0,1.8844860029980337,164.70142146942925,0.6201046485416505,0.0,0.0,0.0,0.0,0.0,0.0,0.0,0.0,50.10087632870245,5.69926750997022,False,False,False,False,False,1.3419124658545094,0,0.9662770838217076,0.9698938414654571,False,False,False,False,0.08013330227841119,0.13411882534094963,False,False,False,False,212286.0,258019.2176679087,False,False,False,False,10672.610221151292,False,False,False,False
2025-06-27 15:00:00+00:00,165.94,166.205,164.59,165.79,14679.0,,,,,,,,,,,,,,,,,,,,,,165.39067678375497,153.25906484043108,"rgba(239, 83, 80, 1.0)",0.0,0.0,1.8301202392438851,164.98883821057916,0.4377645644484166,0.0,0.0,0.0,0.0,0.0,0.0,0.0,0.0,46.81505919572659,2.578695274313027,False,True,False,True,False,1.1557450923831034,0,0.9693044118631591,0.9631786838053165,False,False,False,False,0.07260979346854861,0.10336430940474911,False,False,False,False,197607.0,257082.59413817368,False,False,False,False,10734.724791366001,False,False,False,False
2025-06-27 16:00:00+00:00,165.82,165.94,165.395,165.77,9280.0,,,,,,,,,,,,,,,,,,,,,,165.39346463472634,153.29024358022355,"rgba(239, 83, 80, 1.0)",0.0,0.0,1.7684761649357745,164.98098351809205,0.44615613009215704,0.0,0.0,0.0,0.0,0.0,0.0,0.0,0.0,44.57824281367428,0.4407718216064396,False,True,False,True,False,1.1083986824844345,0,0.988626747452866,0.9558947974139398,False,False,False,False,0.08551273533632438,0.09443852237053674,False,False,False,False,188327.0,256016.61593448106,False,False,False,False,10712.170918631644,False,False,False,False
2025-06-27 17:00:00+00:00,165.74,166.75,165.72,166.53,20225.0,,,,,,,,,,,,,,,,,,,,,,165.41147522422227,153.36108758042676,"rgba(239, 83, 80, 1.0)",0.0,0.0,1.7405853576849897,165.0013889809556,0.8782166368890323,0.0,0.0,0.0,0.0,0.0,0.0,0.0,0.0,45.65276460564563,0.4407718216064396,False,True,False,True,False,2.847767485992332,0,0.984260230849948,0.9515621297769359,False,False,False,False,0.11273092114643649,0.10358472175848661,False,False,False,False,208552.0,255280.730416117,False,False,False,False,10859.656640823401,False,False,False,False
2025-06-27 18:00:00+00:00,166.5,166.62,165.41,165.73,22795.0,,,,,,,,,,,,,,,,,,,,,,165.42222610207,153.43750197299462,"rgba(239, 83, 80, 1.0)",0.0,0.0,1.719734025108857,164.99362370007262,0.4281919699069512,0.0,0.0,0.0,0.0,0.0,0.0,0.0,0.0,44.2645126729384,-0.07064629631823038,False,True,False,True,False,0.9279989411882248,0,0.9830807310209208,0.9543281456616833,False,False,False,False,0.1021618206824698,0.10287327122047821,False,False,False,False,185757.0,254202.84312284386,False,False,False,False,11044.70072391141,False,False,False,False
2025-06-27 19:00:00+00:00,165.66,167.84,165.625,167.705,45334.0,,,,,,,,,,,,,,,,,,,,,,165.48817367789445,153.6003319488377,"rgba(239, 83, 80, 1.0)",0.0,0.0,1.6971315811107845,165.07949062588108,1.5470275866297414,0.0,0.0,0.0,0.0,0.0,0.0,0.0,0.0,48.573595607712946,-0.07064629631823038,False,False,False,False,True,5.2604426898155054,0,0.9753227541689089,0.9524946207638525,False,False,False,False,0.13672804971198407,0.11980066046623114,False,False,False,False,231091.0,253844.51997365247,False,False,False,False,11576.317766951543,False,False,False,False
2025-06-30 14:00:00+00:00,167.47,167.99,165.81,166.225,10192.0,,,,,,,,,,,,,,,,,,,,,,165.49884284295058,153.63538163570266,"rgba(239, 83, 80, 1.0)",0.0,0.0,1.6790651275941286,165.08885095246643,0.6766557347072718,0.0,0.0,0.0,0.0,0.0,0.0,0.0,0.0,47.92880428242432,-0.07064629631823038,False,False,False,False,True,1.8244907146193299,0,0.9747190074375486,0.9540739752526436,False,False,False,False,0.14484146835798334,0.13232106441210723,False,False,False,False,220899.0,253333.73671824698,False,False,False,False,11554.855475991053,False,False,False,False
2025-06-30 15:00:00+00:00,166.225,167.07,166.215,166.62,3471.0,,,,,,,,,,,,,,,,,,,,,,165.50231060506138,153.64723885801035,"rgba(239, 83, 80, 1.0)",0.0,0.0,1.6619604265623895,165.09175015799232,0.9195464690869473,0.0,0.0,0.0,0.0,0.0,0.0,0.0,0.0,48.43261716098448,-0.07064629631823038,False,False,False,False,True,2.6677992916604403,0,0.9729837636412039,0.9615051903114197,False,False,False,False,0.13237604482127793,0.1323485546166926,False,False,False,False,224370.0,252884.6865365687,False,False,False,False,11429.524383340029,False,False,False,False
2025-06-30 16:00:00+00:00,166.65,167.01,166.47,166.88,5731.0,,,,,,,,,,,,,,,,,,,,,,165.50875065145806,153.6669972249831,"rgba(239, 83, 80, 1.0)",0.0,0.0,1.639606816744029,165.09791235010653,1.0868993905699798,0.0,0.0,0.0,0.0,0.0,0.0,0.0,0.0,49.39907972720439,-0.07064629631823038,False,False,False,False,True,3.223388615221662,0,0.9724024887937383,0.9696594634374797,False,False,False,False,0.1370909469978201,0.13471975080725634,False,False,False,False,230101.0,252531.45108638937,False,False,False,False,11341.175168094447,False,False,False,False
2025-06-30 17:00:00+00:00,166.88,166.99,165.81,165.81,3978.0,,,,,,,,,,,,,,,,,,,,,,165.5111597410588,153.68006875788635,"rgba(239, 83, 80, 1.0)",0.0,0.0,1.615029001496768,165.09839180123697,0.4406163592749916,0.0,0.0,0.0,0.0,0.0,0.0,0.0,0.0,47.51695344706561,-0.07064629631823038,False,False,False,True,True,0.7790807809157521,0,0.9686401820676737,0.9685397771009744,False,False,False,False,0.12067410968440855,0.12769693024583245,False,False,False,False,226123.0,252122.0177362128,False,False,False,False,11227.017413550346,False,False,False,False
2025-06-30 18:00:00+00:00,165.81,166.43,165.64,166.22,2620.0,,,,,,,,,,,,,,,,,,,,,,165.51249420423875,153.68858988174344,"rgba(239, 83, 80, 1.0)",0.0,0.0,1.5965178521558168,165.09829212692182,0.7025965112532315,0.0,0.0,0.0,0.0,0.0,0.0,0.0,0.0,47.38415815525556,-0.07064629631823038,False,False,False,True,True,1.6749520996492748,0,0.9691128735401404,0.9674396814242217,False,False,False,False,0.10312167362619475,0.11540930193601359,False,False,False,False,228743.0,251759.55234495367,False,False,False,False,11093.575283107704,False,False,False,False
2025-06-30 19:00:00+00:00,166.22,166.36,165.73,166.08,10736.0,,,,,,,,,,,,,,,,,,,,,,165.51752938579068,153.7232729943617,"rgba(239, 83, 80, 1.0)",0.0,0.0,1.5779531073542632,165.09753075975232,0.622622583439752,0.0,0.0,0.0,0.0,0.0,0.0,0.0,0.0,46.94269482755873,-0.07064629631823038,False,True,False,True,True,1.3538314436725578,1,0.9688839764201508,0.9686495176848884,False,False,False,False,0.1036016710023509,0.10950548646918225,False,False,False,False,218007.0,251236.2569597606,False,False,False,False,11088.031480268824,False,False,False,False
2025-07-01 14:00:00+00:00,166.25,167.95,166.17,167.89,5545.0,,,,,,,,,,,,,,,,,,,,,,165.52618170519153,153.74296150148828,"rgba(239, 83, 80, 1.0)",0.0,0.0,1.558202640373975,165.1080518096849,1.7853571276502347,0.0,0.0,0.0,0.0,0.0,0.0,0.0,0.0,51.0773306824796,-3.2832122982235106,True,False,False,False,True,5.209801275485368,1,0.9713117478891037,0.9576823349511344,False,False,False,False,0.1526093094286967,0.13105739794893947,False,False,False,False,223552.0,250807.04367356273,False,False,False,False,11002.093007706515,False,False,False,False
2025-07-01 15:00:00+00:00,167.97,169.915,167.64,169.75,8320.0,,,,,,,,,,,,,,,,,,,,,,165.55151755286957,153.77621836948438,"rgba(38, 166, 154, 1.0)",0.0,0.0,1.5568307145845446,165.14500635611913,2.957928309572028,0.0,0.0,0.0,0.0,0.0,0.0,0.0,0.0,56.837378150631594,2.061646875766556,True,False,True,False,True,8.842035912062325,0,0.9785481266682048,0.9491877286057939,False,False,False,False,0.23735991726013336,0.18420865760453642,False,False,False,False,231872.0,250513.47710498035,False,False,False,False,10960.51017037773,False,False,False,False
2025-07-01 16:00:00+00:00,169.67,171.36,169.395,169.605,9827.0,,,,,,,,,,,,,,,,,,,,,,165.58943598612026,153.81791179820362,"rgba(38, 166, 154, 1.0)",0.0,0.0,1.559569884687816,165.20101189190353,2.82384787712031,0.0,0.0,0.0,0.0,0.0,0.0,0.0,0.0,60.242918657203454,5.051942074412203,True,False,True,False,True,8.496354555603897,0,1.0100146393398997,0.9366183124833649,False,False,False,False,0.31942335699139845,0.25181600729796744,False,False,False,False,222045.0,250072.10536691864,False,False,False,False,10942.936369286603,False,False,False,False
2025-07-01 17:00:00+00:00,169.605,170.935,169.605,170.8,2797.0,,,,,,,,,,,,,,,,,,,,,,165.6008835718515,153.82997690255,"rgba(38, 166, 154, 1.0)",0.0,0.0,1.5842487434367805,165.21775014240308,3.523594309746533,0.0,0.0,0.0,0.0,0.0,0.0,0.0,0.0,64.16314790781624,8.52203046620258,True,False,True,False,True,10.72494580403172,0,1.0024893786510893,0.9388276686139149,False,False,False,False,0.3137890362431083,0.2828025217705379,False,False,False,False,224842.0,249680.9409426253,False,False,False,False,10816.64278216588,False,False,False,False
2025-07-01 18:00:00+00:00,170.71,171.31,170.63,171.26,4146.0,,,,,,,,,,,,,,,,,,,,,,165.61991186490874,153.8484949510471,"rgba(38, 166, 154, 1.0)",0.0,0.0,1.62637848669426,165.24575297658757,3.6979381322467226,0.0,0.0,0.0,0.0,0.0,0.0,0.0,0.0,67.34668995116195,11.324772853231927,True,False,True,False,True,11.559994934830197,0,1.0063110343453137,0.938085431475454,False,False,False,False,0.3428282491428714,0.3128153854567046,False,False,False,False,228988.0,249360.12015281717,False,False,False,False,10713.221963837726,False,False,False,False
2025-07-01 19:00:00+00:00,171.105,171.46,169.76,169.95,15343.0,,,,,,,,,,,,,,,,,,,,,,165.68058485546112,153.9139999019218,"rgba(38, 166, 154, 1.0)",0.0,0.0,1.608949080656087,165.33073040282324,2.8709855723296953,0.0,0.0,0.0,0.0,0.0,0.0,0.0,0.0,65.44738700260208,11.324772853231927,True,False,True,False,True,8.410941790972252,0,1.0066299807730563,0.9351587880395155,False,False,False,False,0.32396308304414884,0.31838923425042676,False,False,False,False,213645.0,248806.39735975023,False,False,False,False,10785.001468274351,False,False,False,False
2025-07-02 14:00:00+00:00,170.96,171.95,170.36,171.805,5178.0,,,,,,,,,,,,,,,,,,,,,,165.70490999409247,153.93729996200676,"rgba(38, 166, 154, 1.0)",0.0,0.0,1.64709369212275,165.36490641767844,3.9099740428376415,0.0,0.0,0.0,0.0,0.0,0.0,0.0,0.0,66.82503494925712,11.324772853231927,True,False,True,False,True,11.73648524249883,0,1.0129968662378368,0.9234372422892962,False,False,False,False,0.3428282492114057,0.33060874173091626,False,False,False,False,218823.0,248341.53848595565,False,False,False,False,10698.071212952269,False,False,False,False
2025-07-02 15:00:00+00:00,171.83,172.66,171.79,172.66,6031.0,,,,,,,,,,,,,,,,,,,,,,165.73792695371006,153.9659096078436,"rgba(38, 166, 154, 1.0)",0.0,0.0,1.731292369956672,165.4116627369254,4.186662743310076,0.0,0.0,0.0,0.0,0.0,0.0,0.0,0.0,68.72554354901062,12.54932174714115,True,False,True,False,True,13.188350172092989,0,1.0172362555720658,0.9223377909856373,False,False,False,False,0.3428282495752853,0.33671849565310075,False,False,False,False,224854.0,247977.39060245245,False,False,False,False,10625.713519728202,False,False,False,False
2025-07-02 16:00:00+00:00,172.77,172.84,172.31,172.79,4806.0,,,,,,,,,,,,,,,,,,,,,,165.765092179126,153.98898640911457,"rgba(38, 166, 154, 1.0)",0.0,0.0,1.8153504042167756,165.44979291332865,4.043410610767588,0.0,0.0,0.0,0.0,0.0,0.0,0.0,0.0,70.14179356619684,14.103640775405992,True,False,True,False,True,13.407656311696662,0,1.0176548178712757,0.9401359623905033,False,False,False,False,0.3428282496835133,0.339773372668307,False,False,False,False,229660.0,247693.40005047643,False,False,False,False,10535.48540314327,False,False,False,False
2025-07-02 17:00:00+00:00,172.77,173.08,172.55,172.97,3203.0,,,,,,,,,,,,,,,,,,,,,,165.7836533646572,154.0045154821054,"rgba(38, 166, 154, 1.0)",0.0,0.0,1.8982863704257233,165.47568931364935,3.947934728451912,0.0,0.0,0.0,0.0,0.0,0.0,0.0,0.0,71.3089866001516,15.484004784687244,True,False,True,False,True,13.714868649313328,0,1.0044195138534768,0.9444501104878469,False,False,False,False,0.3428282497549717,0.34130081121163935,False,False,False,False,232863.0,247463.4713675233,False,False,False,False,10421.80345890849,False,False,False,False
2025-07-02 18:00:00+00:00,173.04,173.84,172.86,173.675,6052.0,,,,,,,,,,,,,,,,,,,,,,165.82136834151967,154.03470590699013,"rgba(38, 166, 154, 1.0)",0.0,0.0,2.0044091556024655,165.52824761094368,4.064415873518429,0.0,0.0,0.0,0.0,0.0,0.0,0.0,0.0,72.95123285043363,17.331455106768587,True,False,True,False,True,14.912671533424195,0,1.003052399525183,0.9385450228929968,False,False,False,False,0.3428282499067492,0.3420645305591943,False,False,False,False,238915.0,247330.93692771674,False,False,False,False,10354.0545680727,False,False,False,False
2025-07-02 19:00:00+00:00,173.745,174.46,173.565,174.42,15028.0,,,,,,,,,,,,,,,,,,,,,,165.92175478925057,154.11191823862418,"rgba(38, 166, 154, 1.0)",0.0,0.0,2.1312440367409993,165.66615601649633,4.107386968640923,0.0,0.0,0.0,0.0,0.0,0.0,0.0,0.0,74.87534425788903,19.419277089176603,True,False,True,False,True,16.15288513093904,0,1.0136664167405092,0.934905596073888,False,False,False,False,0.3428282500815283,0.3424463903203613,False,False,False,False,253943.0,247433.44953348857,False,False,False,False,10426.518838335138,False,False,False,False
2025-07-03 14:00:00+00:00,175.565,176.57,175.28,176.35,10040.0,,,,,,,,,,,,,,,,,,,,,,166.0028108105026,154.16808053645903,"rgba(38, 166, 154, 1.0)",0.0,0.0,2.3312344968447953,165.77715041553242,4.535300759652183,0.0,0.0,0.0,0.0,0.0,0.0,0.0,0.0,77.81608046809717,22.388957133082116,True,False,True,False,True,19.197565454141657,0,1.0191542456329674,0.9198759020705475,False,False,False,False,0.3428282505177087,0.342637320419035,False,False,False,False,263983.0,247690.03171126393,False,False,False,False,10420.52629820591,False,False,False,False
2025-07-03 15:00:00+00:00,176.335,176.835,175.63,175.985,15968.0,,,,,,,,,,,,,,,,,,,,,,166.13013637919792,154.25715136431174,"rgba(38, 166, 154, 1.0)",0.0,0.0,2.4925023191184277,166.5961074042744,3.7668541062968304,0.0,0.0,0.0,0.0,0.0,0.0,0.0,0.0,78.45465445386631,23.199282707241252,True,False,True,False,True,18.266348278037285,0,1.023734283601157,0.9170980972231566,False,False,False,False,0.34282825057977695,0.342732785499406,False,False,False,False,248015.0,247695.06997930634,False,False,False,False,10506.533642419772,False,False,False,False
2025-07-03 16:00:00+00:00,175.985,176.54,175.44,176.235,16273.0,,,,,,,,,,,,,,,,,,,,,,166.2556589594778,154.34686177846618,"rgba(38, 166, 154, 1.0)",0.0,0.0,2.646322319714616,166.75237491756536,3.5833220359405327,0.0,0.0,0.0,0.0,0.0,0.0,0.0,0.0,79.1183461656208,24.11674113425491,True,False,True,False,True,18.655646809597883,0,1.045627376425856,0.9161785359503997,False,False,False,False,0.3335550767374581,0.33814393111843205,False,False,False,False,264288.0,247952.32470830932,False,False,False,False,10595.936221607062,False,False,False,False
2025-07-03 17:00:00+00:00,176.235,176.235,176.235,176.235,0.0,,,,,,,,,,,,,,,,,,,,,,166.2556589594778,154.34686177846618,"rgba(38, 166, 154, 1.0)",0.0,0.0,2.7938811004771713,166.75237491756536,3.3940689461749463,0.0,0.0,0.0,0.0,0.0,0.0,0.0,0.0,79.56080730679047,24.877431060328092,True,False,True,False,True,18.655646809597883,0,1.0624327607149058,0.8928682977615829,False,False,False,False,0.34282825058027344,0.3404860908493528,False,False,False,False,264288.0,248205.5909919014,False,False,False,False,10431.658140651914,False,False,False,False
2025-07-03 18:00:00+00:00,176.235,176.235,176.235,176.235,0.0,,,,,,,,,,,,,,,,,,,,,,166.2556589594778,154.34686177846618,"rgba(38, 166, 154, 1.0)",0.0,0.0,2.927338863169029,166.75237491756536,3.2393328977872797,0.0,0.0,0.0,0.0,0.0,0.0,0.0,0.0,79.85578140090357,25.533909217226636,True,False,True,False,True,18.655646809597883,0,1.0631972860490335,0.88637079005351,False,False,False,False,0.34282825058027344,0.3416571707148131,False,False,False,False,264288.0,248454.93066644558,False,False,False,False,10269.927006688318,False,False,False,False
2025-07-03 19:00:00+00:00,176.235,176.235,176.235,176.235,0.0,,,,,,,,,,,,,,,,,,,,,,166.2556589594778,154.34686177846618,"rgba(38, 166, 154, 1.0)",0.0,0.0,3.050169578803674,166.75237491756536,3.1088845513153047,0.0,0.0,0.0,0.0,0.0,0.0,0.0,0.0,80.05243079697897,26.115131161224255,True,False,True,False,True,18.655646809597883,0,1.0656908623904864,0.8818127440976746,False,False,False,False,0.34282825058027344,0.3422427106475433,False,False,False,False,264288.0,248700.40460960148,False,False,False,False,10110.703332166018,False,False,False,False
2025-07-04 14:00:00+00:00,176.235,176.235,176.235,176.235,0.0,,,,,,,,,,,,,,,,,,,,,,166.2556589594778,154.34686177846618,"rgba(38, 166, 154, 1.0)",0.0,0.0,3.1656421291880115,166.75237491756536,2.9954823367437773,0.0,0.0,0.0,0.0,0.0,0.0,0.0,0.0,80.18353039436258,26.63673921496992,True,False,True,False,True,18.655646809597883,0,1.064658990256865,0.8833303808680253,False,False,False,False,0.34282825058027344,0.34253548061390837,False,False,False,False,264288.0,248942.07275518903,False,False,False,False,9953.94824174484,False,False,False,False
2025-07-04 15:00:00+00:00,176.235,176.235,176.235,176.235,0.0,,,,,,,,,,,,,,,,,,,,,,166.2556589594778,154.34686177846618,"rgba(38, 166, 154, 1.0)",0.0,0.0,3.270594681027822,166.75237491756536,2.8993580700909805,0.0,0.0,0.0,0.0,0.0,0.0,0.0,0.0,80.27093012595165,27.107196032647494,True,False,True,False,True,18.655646809597883,0,1.06398433327399,0.8817518248175186,False,False,False,False,0.34282825058027344,0.3426818655970909,False,False,False,False,264288.0,249179.99410782172,False,False,False,False,9799.62346280306,False,False,False,False
2025-07-04 16:00:00+00:00,176.235,176.235,176.235,176.235,0.0,,,,,,,,,,,,,,,,,,,,,,166.2556589594778,154.34686177846618,"rgba(38, 166, 154, 1.0)",0.0,0.0,3.3764577405727714,166.75237491756536,2.808453654991118,0.0,0.0,0.0,0.0,0.0,0.0,0.0,0.0,80.3291966136777,27.531341770429748,True,False,True,False,True,18.655646809597883,0,1.0713513123738105,0.881237381021056,False,False,False,False,0.342828250351429,0.34275505797426,False,False,False,False,264288.0,249414.22675731283,False,False,False,False,9647.691316092934,False,False,False,False
2025-07-04 17:00:00+00:00,176.235,176.235,176.235,176.235,0.0,,,,,,,,,,,,,,,,,,,,,,166.2556589594778,154.34686177846618,"rgba(38, 166, 154, 1.0)",0.0,0.0,3.4773784044258793,166.75237491756536,2.7269465613421637,0.0,0.0,0.0,0.0,0.0,0.0,0.0,0.0,80.36804093882839,27.91237857683126,True,False,True,False,True,18.655646809597894,0,1.0602230213214199,0.8869637862772879,False,False,False,False,0.342828250351429,0.3427916541628445,False,False,False,False,264288.0,249644.82789285836,False,False,False,False,9498.114706541106,False,False,False,False
2025-07-04 18:00:00+00:00,176.235,176.235,176.235,176.235,0.0,,,,,,,,,,,,,,,,,,,,,,166.2556589594778,154.34686177846618,"rgba(38, 166, 154, 1.0)",0.0,0.0,3.5735883623864244,166.75237491756536,2.653530323258105,0.0,0.0,0.0,0.0,0.0,0.0,0.0,0.0,80.39393715559552,28.252914854402093,True,False,True,False,True,18.655646809597894,0,1.05551094890511,0.8889051094890517,False,False,False,False,0.342828250351429,0.34280995225713673,False,False,False,False,264288.0,249871.8538170001,False,False,False,False,9350.85711419163,False,False,False,False
2025-07-04 19:00:00+00:00,176.235,176.235,176.235,176.235,0.0,,,,,,,,,,,,,,,,,,,,,,166.2556589594778,154.34686177846618,"rgba(38, 166, 154, 1.0)",0.0,0.0,3.664926271642647,166.75237491756536,2.587398594019865,0.0,0.0,0.0,0.0,0.0,0.0,0.0,0.0,80.41120130010694,28.555463115424473,True,False,True,False,True,18.655646809597894,0,1.05324447048484,0.8895561740149411,False,False,False,False,0.342828250351429,0.34281910130428284,False,False,False,False,264288.0,250095.3599593722,False,False,False,False,9205.882585289435,False,False,False,False
2025-07-07 14:00:00+00:00,177.11,177.43,176.14,176.575,5879.0,,,,,,,,,,,,,,,,,,,,,,166.30315225028244,154.38004497443552,"rgba(38, 166, 154, 1.0)",0.0,0.0,3.7591339511997903,166.81627374317833,2.5960038624606607,0.0,0.0,0.0,0.0,0.0,0.0,0.0,0.0,81.30017633492739,29.612352008717195,True,False,True,False,True,19.291912387788425,0,1.0577717649639842,0.8802515631284513,False,False,False,False,0.3428282504704799,0.3428236758873814,False,False,False,False,270167.0,250406.54817705633,False,False,False,False,9154.303010323707,False,False,False,False
2025-07-07 15:00:00+00:00,176.575,176.76,175.85,176.005,4954.0,,,,,,,,,,,,,,,,,,,,,,166.34089540086885,154.4072940457757,"rgba(38, 166, 154, 1.0)",0.0,0.0,3.830887111761835,166.86256894593149,2.3865049497279185,0.0,0.0,0.0,0.0,0.0,0.0,0.0,0.0,76.28542491741305,28.299746542904018,True,False,True,False,False,17.504919906186032,0,1.059581792214451,0.8813857252719088,False,False,False,False,0.321456431979147,0.3321400539332642,False,False,False,False,265213.0,250636.1055696601,False,False,False,False,9089.182033419464,False,False,False,False
2025-07-07 16:00:00+00:00,176.035,176.25,174.52,174.545,5148.0,,,,,,,,,,,,,,,,,,,,,,166.37547302529114,154.43411288641892,"rgba(239, 83, 80, 1.0)",0.0,0.0,3.8665535052561824,167.4594508576509,1.8325232361887709,0.0,0.0,0.0,0.0,0.0,0.0,0.0,0.0,64.80426418521303,18.095087290444056,False,False,True,False,False,13.139071259840648,0,1.045214631085521,0.8927029121913415,False,False,False,False,0.2812567078275006,0.30669838088038237,False,False,False,False,260065.0,250782.28997943283,False,False,False,False,9028.078436002108,False,False,False,False
2025-07-07 17:00:00+00:00,174.61,175.13,174.58,174.66,3527.0,,,,,,,,,,,,,,,,,,,,,,166.3981566206647,154.452167548881,"rgba(239, 83, 80, 1.0)",0.0,0.0,3.9014775129152843,167.47450802680976,1.8417360985431015,0.0,0.0,0.0,0.0,0.0,0.0,0.0,0.0,57.763136562167155,12.443400452527165,False,True,True,False,False,13.372844542582538,0,1.0450070323488048,0.9028055370493748,False,False,False,False,0.2585015611471769,0.28259997101377965,False,False,False,False,263592.0,250980.89013479045,False,False,False,False,8942.790398234632,False,False,False,False
2025-07-07 18:00:00+00:00,174.755,175.78,174.67,175.37,8108.0,,,,,,,,,,,,,,,,,,,,,,166.4528184800708,154.49453458245864,"rgba(239, 83, 80, 1.0)",0.0,0.0,3.946385058129385,167.53926817963838,1.9842797154906733,0.0,0.0,0.0,0.0,0.0,0.0,0.0,0.0,56.44954960336885,11.963203736476842,False,True,True,False,False,14.8059122481957,0,1.0424801623915856,0.8995386602694228,False,False,False,False,0.27435827719315375,0.2784791241034667,False,False,False,False,271700.0,251302.11664432858,False,False,False,False,8929.847911440298,False,False,False,False
2025-07-07 19:00:00+00:00,175.3,176.505,175.17,176.455,16916.0,,,,,,,,,,,,,,,,,,,,,,166.57448981354548,154.58562867517117,"rgba(38, 166, 154, 1.0)",0.0,0.0,4.009913759716061,167.70278281847325,2.1826447415034926,0.0,0.0,0.0,0.0,0.0,0.0,0.0,0.0,59.21254794919189,11.963203736476842,False,True,True,False,True,16.912233355097765,0,1.0499559212459597,0.8903540993241261,False,False,False,False,0.30091078047208747,0.2896949522877771,False,False,False,False,288616.0,251880.62646379633,False,False,False,False,9053.664222890837,False,False,False,False
2025-07-08 14:00:00+00:00,178.74,179.37,177.5,178.4,14644.0,,,,,,,,,,,,,,,,,,,,,,166.70320821488772,154.6725461701295,"rgba(38, 166, 154, 1.0)",0.0,0.0,4.116184369748954,167.9147945720232,2.5473119000780575,0.0,0.0,0.0,0.0,0.0,0.0,0.0,0.0,64.8490609080911,8.049704165030803,False,False,True,False,True,20.0,0,1.0593351860540663,0.8760602013931501,False,False,False,False,0.34282825031316383,0.31626160130047043,False,False,False,False,303260.0,252677.20589846614,False,False,False,False,9140.336095404156,False,False,False,False
2025-07-08 15:00:00+00:00,178.42,179.17,178.16,178.67,11837.0,,,,,,,,,,,,,,,,,,,,,,166.80734554274133,154.74305628378184,"rgba(38, 166, 154, 1.0)",0.0,0.0,4.221785757470622,168.06880099549193,2.511069867946001,0.0,0.0,0.0,0.0,0.0,0.0,0.0,0.0,68.98875734988945,11.60159455375694,True,False,True,False,True,20.0,0,1.0631991654976443,0.878889248588181,False,False,False,False,0.34282825026256175,0.32954492578151606,False,False,False,False,315097.0,253644.95464422635,False,False,False,False,9182.14483811107,False,False,False,False
2025-07-08 16:00:00+00:00,178.74,179.67,178.39,179.38,15486.0,,,,,,,,,,,,,,,,,,,,,,166.94628345326745,154.83651758188003,"rgba(38, 166, 154, 1.0)",0.0,0.0,4.338675829669088,168.26522321560063,2.5617900992725455,0.0,0.0,0.0,0.0,0.0,0.0,0.0,0.0,72.69068404675451,14.852619218814567,True,False,True,False,True,20.0,0,1.0650588490143698,0.8877175247310279,False,False,False,False,0.3428282503458466,0.3361865880636813,False,False,False,False,330583.0,254837.79255671898,False,False,False,False,9279.879026667488,False,False,False,False
2025-07-08 17:00:00+00:00,179.29,180.295,179.14,180.21,10971.0,,,,,,,,,,,,,,,,,,,,,,167.04865167482987,154.90428665838454,"rgba(38, 166, 154, 1.0)",0.0,0.0,4.483581064524422,168.4083361507115,2.632195934331861,0.0,0.0,0.0,0.0,0.0,0.0,0.0,0.0,76.091130275859,17.937966117769463,True,False,True,False,True,20.0,0,1.0710762251107193,0.8791992222662303,False,False,False,False,0.3428282504939771,0.3395074192788292,False,False,False,False,341554.0,256182.22988142102,False,False,False,False,9306.097956486597,False,False,False,False
2025-07-08 18:00:00+00:00,179.96,180.55,179.4,179.52,6720.0,,,,,,,,,,,,,,,,,,,,,,167.11027695263806,154.9455194954532,"rgba(38, 166, 154, 1.0)",0.0,0.0,4.599264691524339,168.49081359928124,2.398032542254783,0.0,0.0,0.0,0.0,0.0,0.0,0.0,0.0,75.14827944786407,17.937966117769463,True,False,True,False,True,20.0,0,1.0684080048862863,0.8825135630366834,False,False,False,False,0.3428282505467201,0.3411678349127747,False,False,False,False,334834.0,257401.63717008117,False,False,False,False,9266.003414525565,False,False,False,False
2025-07-08 19:00:00+00:00,179.47,180.1,179.085,179.95,21318.0,,,,,,,,,,,,,,,,,,,,,,167.30021353537703,155.07484188302055,"rgba(38, 166, 154, 1.0)",0.0,0.0,4.718315408840007,168.7313048596007,2.3776908002759813,0.0,0.0,0.0,0.0,0.0,0.0,0.0,0.0,75.19091625006203,17.937966117769463,True,False,True,False,True,20.0,0,1.0619291521902652,0.8882123285217955,False,False,False,False,0.32810141788047326,0.334634626396624,False,False,False,False,356152.0,258932.6505472892,False,False,False,False,9452.85607476548,False,False,False,False
2025-07-09 14:00:00+00:00,179.81,180.2,179.11,179.65,6607.0,,,,,,,,,,,,,,,,,,,,,,167.35765171076264,155.11455427658956,"rgba(38, 166, 154, 1.0)",0.0,0.0,4.819653380867905,168.8009399639069,2.251004206891627,0.0,0.0,0.0,0.0,0.0,0.0,0.0,0.0,73.81892543606409,17.937966117769463,True,False,True,False,True,20.0,0,1.0645909123332626,0.8845852057921396,False,False,False,False,0.33049823891176877,0.3325664326541964,False,False,False,False,349545.0,260337.49317446302,False,False,False,False,9408.734275156712,False,False,False,False
2025-07-09 15:00:00+00:00,179.75,180.7,179.065,180.58,7906.0,,,,,,,,,,,,,,,,,,,,,,167.42823911959718,155.1627970467441,"rgba(38, 166, 154, 1.0)",0.0,0.0,4.934401938988674,168.88771366210167,2.3695447761385084,0.0,0.0,0.0,0.0,0.0,0.0,0.0,0.0,74.47517083996601,17.937966117769463,True,False,True,False,True,20.0,0,1.0718679990043034,0.8787383094484552,False,False,False,False,0.33889593534104084,0.3357311839976186,False,False,False,False,357451.0,261843.12893920002,False,False,False,False,9385.436069340329,False,False,False,False
2025-07-09 16:00:00+00:00,180.6,180.69,179.42,179.565,7209.0,,,,,,,,,,,,,,,,,,,,,,167.490804906214,155.20623241150454,"rgba(38, 166, 154, 1.0)",0.0,0.0,5.0239507200844935,168.96218203464898,2.110454213446724,0.0,0.0,0.0,0.0,0.0,0.0,0.0,0.0,70.70141115219478,17.937966117769463,True,False,True,False,False,19.631265674568372,0,1.0759815494134315,0.89666945120401,False,False,False,False,0.3428282501782222,0.3392797170879204,False,False,False,False,350242.0,263213.65407192556,False,False,False,False,9351.692874466835,False,False,False,False
2025-07-09 17:00:00+00:00,179.565,179.565,178.185,178.85,8394.0,,,,,,,,,,,,,,,,,,,,,,167.55691176911765,155.2545236731853,"rgba(38, 166, 154, 1.0)",0.0,0.0,5.094794132470113,169.03396017621947,1.9266803659879008,0.0,0.0,0.0,0.0,0.0,0.0,0.0,0.0,65.72906308988007,22.529739772472695,False,False,True,False,False,17.54574900051685,0,1.066325419298628,0.9035068612502726,False,False,False,False,0.29360146380705765,0.316440590447489,False,False,False,False,341848.0,264432.79121809726,False,False,False,False,9336.844922924714,False,False,False,False
2025-07-09 18:00:00+00:00,178.93,179.265,178.57,179.125,4461.0,,,,,,,,,,,,,,,,,,,,,,167.59210209063048,155.28023800432857,"rgba(38, 166, 154, 1.0)",0.0,0.0,5.171198406071323,169.07222655024046,1.9439929897017552,0.0,0.0,0.0,0.0,0.0,0.0,0.0,0.0,63.12256768581498,19.97381032284214,False,True,True,False,False,18.03842519893908,0,1.063425486906412,0.9114085637172664,False,False,False,False,0.2953493762549876,0.3058949833512383,False,False,False,False,346309.0,265702.1898038632,False,False,False,False,9261.250427995648,False,False,False,False
2025-07-09 19:00:00+00:00,179.07,179.63,178.995,179.29,13801.0,,,,,,,,,,,,,,,,,,,,,,167.70261472529154,155.3605022890353,"rgba(38, 166, 154, 1.0)",0.0,0.0,5.232689090431108,169.193864252203,1.9294354343084397,0.0,0.0,0.0,0.0,0.0,0.0,0.0,0.0,61.825789197820406,18.56502218900404,False,True,True,False,False,18.33591526439536,0,1.0697274556429488,0.9033839400036584,False,False,False,False,0.3116804572858654,0.30878772031855184,False,False,False,False,360110.0,267165.8767836482,False,False,False,False,9331.634142290288,False,False,False,False
2025-07-10 14:00:00+00:00,180.01,181.78,179.77,181.21,12710.0,,,,,,,,,,,,,,,,,,,,,,167.81647460592447,155.43890234500222,"rgba(38, 166, 154, 1.0)",0.0,0.0,5.319264878425068,169.32938959274637,2.2335060725103917,0.0,0.0,0.0,0.0,0.0,0.0,0.0,0.0,64.9221150502747,18.56502218900404,False,True,True,False,True,20.0,0,1.0778167867096171,0.880596474718593,False,False,False,False,0.3428282503458466,0.32580798533219923,False,False,False,False,372820.0,268803.92520560714,False,False,False,False,9384.011907526097,False,False,False,False
2025-07-10 15:00:00+00:00,181.13,182.46,181.13,181.485,9101.0,,,,,,,,,,,,,,,,,,,,,,167.9015369000571,155.4964370421492,"rgba(38, 166, 154, 1.0)",0.0,0.0,5.399313853638228,169.4323231759245,2.232260829948614,0.0,0.0,0.0,0.0,0.0,0.0,0.0,0.0,67.41824751645474,18.56502218900404,False,True,True,False,True,20.0,0,1.0886983463630797,0.8725366574197501,False,False,False,False,0.34282825021367713,0.3343181177729382,False,False,False,False,381921.0,270557.6783031946,False,False,False,False,9379.624126014063,False,False,False,False
2025-07-10 16:00:00+00:00,181.45,182.4,181.45,182.21,7609.0,,,,,,,,,,,,,,,,,,,,,,167.9735321242024,155.54494691105342,"rgba(38, 166, 154, 1.0)",0.0,0.0,5.487602155259982,169.5193233133498,2.312608736492667,0.0,0.0,0.0,0.0,0.0,0.0,0.0,0.0,70.1622185145231,13.510803442891131,False,False,True,False,True,20.0,0,1.0884222763105313,0.8810622298107313,False,False,False,False,0.3428282502444373,0.33857318400868774,False,False,False,False,389530.0,272402.2104225249,False,False,False,False,9352.172589176635,False,False,False,False
2025-07-10 17:00:00+00:00,182.15,183.1,182.02,182.93,3766.0,,,,,,,,,,,,,,,,,,,,,,168.01056445722304,155.5694907244307,"rgba(38, 166, 154, 1.0)",0.0,0.0,5.589013673882577,170.44581722023884,2.2337005253896,0.0,0.0,0.0,0.0,0.0,0.0,0.0,0.0,72.93285936411624,16.28148653463694,True,False,True,False,True,20.0,0,1.090654850542985,0.8780372643736608,False,False,False,False,0.3428282503884392,0.3407007171985635,False,False,False,False,393296.0,274276.5327415555,False,False,False,False,9265.565262212656,False,True,False,False
2025-07-10 18:00:00+00:00,182.93,182.94,182.18,182.19,6424.0,,,,,,,,,,,,,,,,,,,,,,168.0722505784326,155.61087504041242,"rgba(38, 166, 154, 1.0)",0.0,0.0,5.637001753216449,170.5101382377412,2.071998958594315,0.0,0.0,0.0,0.0,0.0,0.0,0.0,0.0,71.68700495286262,16.28148653463694,True,False,True,False,True,20.0,0,1.0930105966032808,0.8750907243431559,False,False,False,False,0.34282825036365633,0.3417644837811099,False,False,False,False,386872.0,276022.1989006011,False,False,False,False,9221.509986829513,False,False,False,False
2025-07-10 19:00:00+00:00,182.2,182.75,181.495,182.23,30686.0,,,,,,,,,,,,,,,,,,,,,,168.35420709009185,155.8047794565754,"rgba(38, 166, 154, 1.0)",0.0,0.0,5.677323751732105,170.8123200958173,2.0111024848106003,0.0,0.0,0.0,0.0,0.0,0.0,0.0,0.0,70.92974013992716,16.28148653463694,False,False,True,False,True,20.0,0,1.0837395731773372,0.8804029899252519,False,False,False,False,0.3252031648672766,0.3334838243241932,False,False,False,False,417558.0,278216.55240601813,False,False,False,False,9554.29277773138,False,False,False,False
2025-07-11 14:00:00+00:00,180.25,181.93,180.25,181.86,5905.0,,,,,,,,,,,,,,,,,,,,,,168.40406031496843,155.84062930846375,"rgba(38, 166, 154, 1.0)",0.0,0.0,5.714511104386944,170.85897657440483,1.925103167119556,0.0,0.0,0.0,0.0,0.0,0.0,0.0,0.0,68.82481332474546,16.28148653463694,False,False,True,False,False,20.0,0,1.0742850961018358,0.8913129710432369,False,False,False,False,0.284349233978013,0.3089165291511031,False,False,False,False,411653.0,280285.33453925815,False,False,False,False,9497.714595130892,False,False,False,False
2025-07-11 15:00:00+00:00,181.82,182.08,181.225,181.54,3993.0,,,,,,,,,,,,,,,,,,,,,,168.4382495679189,155.86506867058372,"rgba(38, 166, 154, 1.0)",0.0,0.0,5.715785756990838,170.89310565414405,1.862717533251484,0.0,0.0,0.0,0.0,0.0,0.0,0.0,0.0,66.06370942327911,21.98102272344731,False,True,True,False,False,20.0,0,1.0784885815143004,0.8852388156472879,False,False,False,False,0.30648354869287164,0.3077000389219874,False,False,False,False,407660.0,282260.13555415336,False,False,False,False,9412.37018280328,False,False,False,False
2025-07-11 16:00:00+00:00,181.55,181.61,181.09,181.15,2987.0,,,,,,,,,,,,,,,,,,,,,,168.46306882626192,155.88308538790116,"rgba(38, 166, 154, 1.0)",0.0,0.0,5.707287112910012,170.9165724669379,1.793045860600539,0.0,0.0,0.0,0.0,0.0,0.0,0.0,0.0,62.61741955795632,18.577198264245226,False,True,True,False,False,18.941480206702977,0,1.0811162521688837,0.8871457489878545,False,False,False,False,0.29454528593361157,0.3011226624277995,False,False,False,False,404673.0,284158.0094215308,False,False,False,False,9312.752040434238,False,False,False,False
2025-07-11 17:00:00+00:00,181.15,181.175,179.985,180.0,12561.0,,,,,,,,,,,,,,,,,,,,,,168.55917109623044,155.95590623809886,"rgba(38, 166, 154, 1.0)",0.0,0.0,5.684251380503527,170.99473307954628,1.58424853470432,0.0,0.0,0.0,0.0,0.0,0.0,0.0,0.0,56.44120032336895,12.807387664782297,False,True,True,False,False,15.545235083760208,0,1.0720977156445923,0.8894934063558408,False,False,False,False,0.2645132198961308,0.2828179411619651,False,False,False,False,392112.0,285831.71470181714,False,False,False,False,9363.112473915877,False,False,False,False
2025-07-11 18:00:00+00:00,180.0,181.125,179.275,181.06,10710.0,,,,,,,,,,,,,,,,,,,,,,168.64057899103867,156.0179079066287,"rgba(38, 166, 154, 1.0)",0.0,0.0,5.688226124323903,171.06531636774486,1.7570826851478418,0.0,0.0,0.0,0.0,0.0,0.0,0.0,0.0,55.64093358285439,12.092601631142287,False,True,True,False,False,17.500421795496873,0,1.0645149760526131,0.8925941811423264,False,False,False,False,0.24986538634078845,0.2663416637513768,False,False,False,False,402822.0,287645.51757465716,False,False,False,False,9383.994451064467,False,False,False,False
2025-07-11 19:00:00+00:00,180.99,181.14,179.435,179.86,23064.0,,,,,,,,,,,,,,,,,,,,,,168.8072232361664,156.14852050096846,"rgba(38, 166, 154, 1.0)",0.0,0.0,5.655180323074231,171.20574969086516,1.530322609488478,0.0,0.0,0.0,0.0,0.0,0.0,0.0,0.0,51.77862389077435,8.413163838738456,False,True,False,False,False,14.115083349333734,0,1.0632104536279614,0.892984879067956,False,False,False,False,0.25322873200764145,0.25978519787950916,False,False,False,False,379758.0,289073.61807737564,False,False,False,False,9596.08756035029,False,False,False,False
2025-07-14 14:00:00+00:00,175.38,176.27,174.4,174.84,11408.0,,,,,,,,,,,,,,,,,,,,,,168.85248657749514,156.19931748328807,"rgba(239, 83, 80, 1.0)",0.0,0.0,5.567772419173684,171.19261792235562,0.6550882117745915,0.0,0.0,0.0,0.0,0.0,0.0,0.0,0.0,42.373142213400634,-0.20011325302368022,False,True,False,True,False,2.074069258585478,0,1.0471417330915809,0.9042797030549761,False,False,False,False,0.06925162909603763,0.1645184134877734,False,False,False,False,368350.0,290302.7092699745,False,False,False,False,9624.179226081293,False,False,False,False
2025-07-14 15:00:00+00:00,174.77,175.46,174.11,175.05,9300.0,,,,,,,,,,,,,,,,,,,,,,168.88720177314863,156.2398833097532,"rgba(239, 83, 80, 1.0)",0.0,0.0,5.49731285544402,171.6378762781365,0.6206893825379546,0.0,0.0,0.0,0.0,0.0,0.0,0.0,0.0,36.64863661239075,-5.142227140484195,False,True,False,True,False,2.4922708227485764,0,1.0445246281104266,0.911495387548082,False,False,False,False,0.049323326618292126,0.10692087005303277,False,False,False,False,377650.0,291656.9308316803,False,False,False,False,9619.153191568405,False,False,False,False
2025-07-14 16:00:00+00:00,175.09,175.645,174.95,175.12,5504.0,,,,,,,,,,,,,,,,,,,,,,168.9088005508138,156.26427704279615,"rgba(239, 83, 80, 1.0)",0.0,0.0,5.405479700525406,171.64229070661332,0.643367376451095,0.0,0.0,0.0,0.0,0.0,0.0,0.0,0.0,33.0309995013517,-8.225735293632738,False,True,False,True,False,2.6334252028721004,0,1.0538561554779988,0.9120988161226306,False,False,False,False,0.06789131389821816,0.08740609197562546,False,False,False,False,383154.0,293075.49004359223,False,False,False,False,9555.352366892927,False,False,False,False
2025-07-14 17:00:00+00:00,175.105,175.88,174.62,175.395,9419.0,,,,,,,,,,,,,,,,,,,,,,168.94577088528,156.3060086004145,"rgba(239, 83, 80, 1.0)",0.0,0.0,5.352155204525815,171.64682858334797,0.7003106736296746,0.0,0.0,0.0,0.0,0.0,0.0,0.0,0.0,31.46078576265164,-9.6468157336135,False,True,False,True,False,3.19380253896464,0,1.0504040542391453,0.9111080673880293,False,False,False,False,0.06616860740841926,0.07678734969202236,False,False,False,False,392573.0,294618.08709717996,False,False,False,False,9553.238376708541,False,False,False,False
2025-07-14 18:00:00+00:00,175.44,176.43,175.44,176.24,8386.0,,,,,,,,,,,,,,,,,,,,,,168.98211247424774,156.34444812022014,"rgba(239, 83, 80, 1.0)",0.0,0.0,5.297496093897973,171.66752681930322,0.8631385657770818,0.0,0.0,0.0,0.0,0.0,0.0,0.0,0.0,32.92835125908686,-9.6468157336135,False,True,False,True,False,4.89589800526938,0,1.05739249614528,0.9049169093712526,False,False,False,False,0.09105496928867353,0.08392115949034795,False,False,False,False,400959.0,296266.7834212547,False,False,False,False,9535.141657689805,False,False,False,False
2025-07-14 19:00:00+00:00,176.24,176.35,175.365,175.645,19721.0,,,,,,,,,,,,,,,,,,,,,,169.06314763966563,156.43311697318725,"rgba(239, 83, 80, 1.0)",0.0,0.0,5.253523679784213,171.6948082339697,0.7519128125815486,0.0,0.0,0.0,0.0,0.0,0.0,0.0,0.0,32.986859652947686,-9.6468157336135,False,True,False,True,False,3.557928576365356,0,1.0582962709544992,0.9028053369825525,False,False,False,False,0.07849533669691407,0.081208248093631,False,False,False,False,381238.0,297584.16662402597,False,False,False,False,9693.061942066706,False,False,False,False
2025-07-15 14:00:00+00:00,174.635,176.845,174.635,175.58,7750.0,,,,,,,,,,,,,,,,,,,,,,169.09400136740948,156.46756236925089,"rgba(239, 83, 80, 1.0)",0.0,0.0,5.196450223751531,171.70390248588348,0.7459125647735395,0.0,0.0,0.0,0.0,0.0,0.0,0.0,0.0,32.9224907602135,-9.6468157336135,False,True,False,True,False,3.4115518358355352,0,1.0503337419970031,0.907914453071789,False,False,False,False,0.07405772068859412,0.07763298439111256,False,False,False,False,373488.0,298760.9702422581,False,False,False,False,9662.936950716836,False,False,False,False
2025-07-15 15:00:00+00:00,175.42,176.42,175.14,176.03,5061.0,,,,,,,,,,,,,,,,,,,,,,169.11453095384633,156.49019603841987,"rgba(239, 83, 80, 1.0)",0.0,0.0,5.127669488899103,171.71179807545883,0.8421373362479098,0.0,0.0,0.0,0.0,0.0,0.0,0.0,0.0,34.40296702274717,-9.6468157336135,False,True,False,True,False,4.341628512836952,0,1.0460280849331798,0.9129299233430571,False,False,False,False,0.07556806292509463,0.0766005236581036,False,False,False,False,378549.0,299997.9939594324,False,False,False,False,9591.5890910158,False,False,False,False
2025-07-15 16:00:00+00:00,175.9,175.92,174.94,174.97,4318.0,,,,,,,,,,,,,,,,,,,,,,169.13043434209413,156.50888164657593,"rgba(239, 83, 80, 1.0)",0.0,0.0,5.053032336408721,171.71379968179076,0.644405200961662,0.0,0.0,0.0,0.0,0.0,0.0,0.0,0.0,33.488252252509845,-9.835307027618391,False,True,False,True,False,1.9389839477695467,0,1.0546044763369213,0.914744575431403,False,False,False,False,0.059466198830284235,0.06803336124419392,False,False,False,False,374231.0,301148.8932778908,False,False,False,False,9509.82801983726,False,False,False,False
2025-07-15 17:00:00+00:00,174.97,175.74,174.83,175.24,5290.0,,,,,,,,,,,,,,,,,,,,,,169.14978510572683,156.53171474871456,"rgba(239, 83, 80, 1.0)",0.0,0.0,4.936778216829427,171.716615438134,0.7137012049386435,0.0,0.0,0.0,0.0,0.0,0.0,0.0,0.0,33.83339964531957,-10.071730697532999,False,True,False,True,False,2.509543624097745,0,1.0409704425081154,0.9202118571672648,False,False,False,False,0.05394530760812564,0.06098933442615978,False,False,False,False,379521.0,302363.964699939,False,False,False,False,9444.404329607225,False,False,False,False
2025-07-15 18:00:00+00:00,175.21,176.005,175.09,175.42,4995.0,,,,,,,,,,,,,,,,,,,,,,169.16864242516417,156.55349333872292,"rgba(239, 83, 80, 1.0)",0.0,0.0,4.81230121667372,171.72173015595249,0.7685033994201551,0.0,0.0,0.0,0.0,0.0,0.0,0.0,0.0,34.72877548417326,-10.071730697532999,False,True,False,True,True,2.892613312950779,0,1.0391936144085145,0.9203165506890437,False,False,False,False,0.06394266632491043,0.062466000375535104,False,False,False,False,384516.0,303637.6396658314,False,False,False,False,9375.421316745098,False,False,False,False
2025-07-15 19:00:00+00:00,175.43,176.19,175.22,175.64,17560.0,,,,,,,,,,,,,,,,,,,,,,169.23589760804828,156.63037780358496,"rgba(239, 83, 80, 1.0)",0.0,0.0,4.6804337665693545,171.74634314914846,0.8319008547161826,0.0,0.0,0.0,0.0,0.0,0.0,0.0,0.0,36.17689024615482,-10.071730697532999,False,True,False,True,True,3.3647284947708087,0,1.0389969293756398,0.9224496758785399,False,False,False,False,0.06994708664099422,0.06620654350826466,False,False,False,False,402076.0,305163.8157950433,False,False,False,False,9502.31400950874,False,False,False,False
2025-07-16 14:00:00+00:00,175.54,175.54,171.48,172.34,19720.0,,,,,,,,,,,,,,,,,,,,,,169.28041185024014,156.7044686578232,"rgba(239, 83, 80, 1.0)",0.0,0.0,4.577527316503166,172.01549501244835,0.07089089045557947,0.0,0.0,0.0,0.0,0.0,0.0,0.0,0.0,31.875974649736705,-13.012040566384997,False,True,False,True,False,0.0,0,1.0094405711045134,0.9297461387063419,False,False,True,False,-0.013474077665212353,0.026366232921526154,False,False,True,False,382356.0,306360.59384473256,False,False,False,False,9660.727745795426,False,False,True,False
2025-07-16 15:00:00+00:00,172.4,173.74,172.3,173.64,11625.0,,,,,,,,,,,,,,,,,,,,,,169.30689412162687,156.74811611587293,"rgba(239, 83, 80, 1.0)",0.0,0.0,4.437408418037245,171.99621527404176,0.3704380059488204,0.0,0.0,0.0,0.0,0.0,0.0,0.0,0.0,32.89526859051836,-13.012040566384997,False,True,False,True,False,0.0,0,1.0214620836522148,0.9369447309752773,False,False,False,False,-0.03208115842966067,-0.0028574627540672564,False,False,False,False,393981.0,307719.04975411657,False,False,False,False,9691.181579193946,False,False,False,False
2025-07-16 16:00:00+00:00,173.625,174.37,173.34,174.09,16527.0,,,,,,,,,,,,,,,,,,,,,,169.35061554437098,156.8124173333107,"rgba(239, 83, 80, 1.0)",0.0,0.0,4.343242248047485,171.99982526958442,0.4812475590914199,0.0,0.0,0.0,0.0,0.0,0.0,0.0,0.0,34.786601489582274,-13.012040566384997,False,True,False,True,True,0.0,0,1.0231664137582202,0.9406170966110272,False,False,False,False,-0.0003795303783173493,-0.0016184965661923028,False,False,False,False,410508.0,309312.67688971164,False,False,False,False,9797.163260136675,False,False,False,False
2025-07-16 17:00:00+00:00,174.145,174.48,173.21,173.355,15601.0,,,,,,,,,,,,,,,,,,,,,,169.38891054244056,156.8717900750781,"rgba(239, 83, 80, 1.0)",0.0,0.0,4.208284298706313,171.99177065957502,0.32393945932883894,0.0,0.0,0.0,0.0,0.0,0.0,0.0,0.0,34.85046843536855,-13.012040566384997,False,True,False,True,True,0.0,0,1.0239069421431715,0.9422108003922501,False,False,False,False,-0.0007590589683298862,-0.0011887777672610945,False,False,False,False,394907.0,310639.7206588634,False,False,False,False,9887.145225095795,False,False,False,False
2025-07-16 18:00:00+00:00,173.47,173.87,173.17,173.79,16064.0,,,,,,,,,,,,,,,,,,,,,,169.4269941840014,156.93223092490894,"rgba(239, 83, 80, 1.0)",0.0,0.0,4.075663366112715,171.98290077458003,0.4433877538673013,0.0,0.0,0.0,0.0,0.0,0.0,0.0,0.0,36.15822764849766,-13.012040566384997,False,True,False,True,True,0.0,0,1.0154336691428378,0.95091754011058,False,False,False,False,-0.013094482218082359,-0.007141629992671727,False,False,False,False,410971.0,312195.2443695787,False,False,False,False,9982.910415404387,False,False,False,False
2025-07-16 19:00:00+00:00,173.75,173.83,172.36,172.37,37712.0,,,,,,,,,,,,,,,,,,,,,,169.49806111217146,157.06606124462317,"rgba(239, 83, 80, 1.0)",0.0,0.0,3.958692055817444,171.92580586840756,0.11220729607893595,0.0,0.0,0.0,0.0,0.0,0.0,0.0,0.0,34.74850839724365,-13.012040566384997,False,True,False,True,True,0.0,0,1.005985189192845,0.954857471342103,False,False,False,False,-0.029232017019743414,-0.01818682350620757,False,False,False,False,373259.0,313141.96926307364,False,False,False,False,10412.818781057033,False,False,False,False
2025-07-17 14:00:00+00:00,174.04,174.48,172.78,173.15,8320.0,,,,,,,,,,,,,,,,,,,,,,169.51615370205218,157.0964259191113,"rgba(239, 83, 80, 1.0)",0.0,0.0,3.790650896114753,171.9236873895481,0.3235097728753731,0.0,0.0,0.0,0.0,0.0,0.0,0.0,0.0,36.040461524742405,-13.012040566384997,False,True,False,True,True,0.0,0,1.0065809354329653,0.9484269549743147,False,False,False,False,-0.008919157268131037,-0.013552990387169304,False,False,False,False,381579.0,314203.00849930506,False,False,False,False,10380.371978249947,False,False,False,False
2025-07-17 15:00:00+00:00,173.15,174.2,173.03,173.76,12261.0,,,,,,,,,,,,,,,,,,,,,,169.54380706941842,157.14149528187698,"rgba(239, 83, 80, 1.0)",0.0,0.0,3.6214717305944646,171.9245567790511,0.5068224626587382,0.0,0.0,0.0,0.0,0.0,0.0,0.0,0.0,38.531159607079786,-15.559226684977041,False,True,False,True,True,0.0,0,1.0109639564124056,0.9479966471081311,False,False,False,False,-0.009488498203583655,-0.01152074429537648,False,False,False,False,393840.0,315437.6905380755,False,False,False,False,10409.529001842971,False,False,False,False
2025-07-17 16:00:00+00:00,173.72,174.03,173.11,173.38,4984.0,,,,,,,,,,,,,,,,,,,,,,169.55451931316748,157.15957254489373,"rgba(239, 83, 80, 1.0)",0.0,0.0,3.4395026641327027,171.923932320607,0.4233366918354011,0.0,0.0,0.0,0.0,0.0,0.0,0.0,0.0,39.42485814102511,-14.583505614723883,False,True,False,True,True,0.0,0,1.0245654457357773,0.9469725205841496,False,False,False,False,-0.011196559394404358,-0.011358651844890419,False,False,False,False,388856.0,316575.9589018263,False,False,False,False,10325.412273132228,False,False,False,False
2025-07-17 17:00:00+00:00,173.36,173.71,173.2,173.66,5999.0,,,,,,,,,,,,,,,,,,,,,,169.56739061820588,157.18130050853264,"rgba(239, 83, 80, 1.0)",0.0,0.0,3.3111888532098273,171.92345230626364,0.5244483992669179,0.0,0.0,0.0,0.0,0.0,0.0,0.0,0.0,40.84334646532136,-13.094037149390289,False,True,False,True,True,0.0,0,1.0266671196113737,0.9367802425518906,False,False,False,False,-0.015561924965169907,-0.013460288405030163,False,False,False,False,394855.0,317789.587445984,False,False,False,False,10258.336113858859,False,False,False,False
2025-07-17 18:00:00+00:00,173.68,174.17,173.46,174.07,5236.0,,,,,,,,,,,,,,,,,,,,,,169.57962000151312,157.200653858336,"rgba(239, 83, 80, 1.0)",0.0,0.0,3.231115504807094,171.92582029596642,0.6636035452287519,0.0,0.0,0.0,0.0,0.0,0.0,0.0,0.0,43.00335921269665,-10.947103041900164,False,True,False,True,True,0.11372783089166205,0,1.026815223687349,0.936931411632424,False,False,False,False,-0.001897646487749211,-0.0076789674463896875,False,False,False,False,400091.0,319065.57833829435,False,False,False,False,10180.470437675,False,False,False,False
2025-07-17 19:00:00+00:00,174.1,174.69,174.1,174.52,21160.0,,,,,,,,,,,,,,,,,,,,,,169.63439941430116,157.2809102355842,"rgba(239, 83, 80, 1.0)",0.0,0.0,3.139453771276364,171.95013289382007,0.8185714119100236,0.0,0.0,0.0,0.0,0.0,0.0,0.0,0.0,45.742078309629235,-8.332607694003464,False,True,False,True,True,1.0642191586359537,0,1.0310080163738704,0.9306498379669115,False,False,False,False,0.020117720205486994,0.006219376379548653,False,False,False,False,421251.0,320649.8484415766,False,False,False,False,10350.69570220717,False,False,False,False
2025-07-18 14:00:00+00:00,177.5,178.28,175.925,176.05,11422.0,,,,,,,,,,,,,,,,,,,,,,169.67746683990399,157.32972619787648,"rgba(239, 83, 80, 1.0)",0.0,0.0,3.068573659911999,172.4608978352098,1.1696320709776065,0.0,0.0,0.0,0.0,0.0,0.0,0.0,0.0,51.15360887438928,-3.378745944957089,False,False,True,False,True,4.182666110442842,0,1.0363752179160524,0.9145433820571279,False,False,False,False,0.12349636000023005,0.06485786818988935,False,False,False,False,432673.0,322386.641488994,False,False,False,False,10367.305071165198,False,False,False,False
2025-07-18 15:00:00+00:00,176.15,176.17,174.69,175.49,10510.0,,,,,,,,,,,,,,,,,,,,,,169.70943011018952,157.37143268406862,"rgba(239, 83, 80, 1.0)",0.0,0.0,3.0081003673114437,172.4515161671517,1.0101005491262953,0.0,0.0,0.0,0.0,0.0,0.0,0.0,0.0,53.04156290606864,-1.7912011657285518,False,False,True,False,True,2.9546717719370292,0,1.0306473714113833,0.9250693492864549,False,False,False,False,0.059466198830284235,0.0621620335100868,False,False,False,False,422163.0,323933.56177598634,False,False,False,False,10369.517395643257,False,False,False,False
2025-07-18 16:00:00+00:00,175.48,175.84,175.13,175.465,7253.0,,,,,,,,,,,,,,,,,,,,,,169.7313903269465,157.4001476727654,"rgba(239, 83, 80, 1.0)",0.0,0.0,2.908673456969467,172.4583091448405,1.0336983163081315,0.0,0.0,0.0,0.0,0.0,0.0,0.0,0.0,54.221347913125804,-0.7283460180737507,True,False,True,False,True,2.899638214036237,0,1.0328975817450026,0.9213983967002632,False,False,False,False,0.0615612593645112,0.061861646437298995,False,False,False,False,414910.0,325344.04919031216,False,False,False,False,10321.199296485998,False,False,False,False
2025-07-18 17:00:00+00:00,175.465,175.99,174.965,175.365,9874.0,,,,,,,,,,,,,,,,,,,,,,169.76082128164092,157.43901067528668,"rgba(239, 83, 80, 1.0)",0.0,0.0,2.8564390008829537,172.4709402704492,1.0131704995822497,0.0,0.0,0.0,0.0,0.0,0.0,0.0,0.0,54.66101736929241,-0.20949086029332875,True,False,True,False,True,2.6758149743167436,0,1.0315845116955205,0.9209396061847499,False,False,False,False,0.06127553791637787,0.06156859217683843,False,False,False,False,405036.0,326579.5833113926,False,False,False,False,10314.26597405986,False,False,False,False
2025-07-18 18:00:00+00:00,175.45,175.45,174.64,175.29,16210.0,,,,,,,,,,,,,,,,,,,,,,169.80585540849148,157.50134543727523,"rgba(239, 83, 80, 1.0)",0.0,0.0,2.82162409625024,172.48549193263,0.993933979759036,0.0,0.0,0.0,0.0,0.0,0.0,0.0,0.0,54.67124414072759,0.04521241221459604,True,False,True,False,True,2.5053885929975372,0,1.0292803154781467,0.9249096286559322,False,False,False,False,0.04481433316473307,0.053191462670785755,False,False,False,False,388826.0,327544.644035247,False,False,False,False,10405.672703144202,False,False,False,False
2025-07-18 19:00:00+00:00,175.33,175.46,174.35,174.46,38160.0,,,,,,,,,,,,,,,,,,,,,,169.9017752526074,157.64332317152707,"rgba(239, 83, 80, 1.0)",0.0,0.0,2.79623810673358,172.5086368022599,0.6978530165371319,0.0,0.0,0.0,0.0,0.0,0.0,0.0,0.0,51.76425611911408,0.04521241221459604,True,False,False,False,False,0.631497036934185,0,1.027176040715125,0.9253882291530736,False,False,False,False,0.03949147539226418,0.046341469031524966,False,False,False,False,350666.0,327903.1146703594,False,False,False,False,10835.97235115747,False,False,False,False
2025-07-21 14:00:00+00:00,174.615,176.07,174.28,176.01,4536.0,,,,,,,,,,,,,,,,,,,,,,169.91453119723417,157.6607252645063,"rgba(239, 83, 80, 1.0)",0.0,0.0,2.761852169361144,172.51703118624937,1.2647196879326803,0.0,0.0,0.0,0.0,0.0,0.0,0.0,0.0,54.35524919129681,0.04521241221459604,True,False,True,False,True,3.9069201921526293,0,1.0264108352144472,0.9223153821347957,False,False,False,False,0.04975925374548927,0.048050361388507115,False,False,False,False,355202.0,328326.3532026019,False,False,False,False,10738.298361217045,False,False,False,False
2025-07-21 15:00:00+00:00,176.01,176.445,175.54,175.69,4517.0,,,,,,,,,,,,,,,,,,,,,,169.9281762527724,157.6784467895486,"rgba(239, 83, 80, 1.0)",0.0,0.0,2.7404006283029236,172.52825612082256,1.1537524282117255,0.0,0.0,0.0,0.0,0.0,0.0,0.0,0.0,54.98780678780595,0.4626179689763603,True,False,True,False,True,3.1815249258550473,0,1.0343368279311342,0.9203616427815721,False,False,False,False,0.08092084524761334,0.06448560331806022,False,False,False,False,350685.0,328672.9988893833,False,False,False,False,10641.84412305864,False,False,False,False
2025-07-21 16:00:00+00:00,175.69,176.11,175.42,175.67,3767.0,,,,,,,,,,,,,,,,,,,,,,169.93920727292485,157.69307126740975,"rgba(239, 83, 80, 1.0)",0.0,0.0,2.729118199005606,172.53656857531547,1.1481479350459163,0.0,0.0,0.0,0.0,0.0,0.0,0.0,0.0,55.33706307737448,1.0178659829786554,True,False,True,False,True,3.1357146238835725,0,1.0339714471122647,0.9299480856586635,False,False,False,False,0.07223578660489621,0.06836069496147822,False,False,False,False,346918.0,328955.86712365644,False,False,False,False,10535.257392468584,False,False,False,False
2025-07-21 17:00:00+00:00,175.67,175.9,175.34,175.34,3497.0,,,,,,,,,,,,,,,,,,,,,,169.94904626630264,157.70647106026183,"rgba(239, 83, 80, 1.0)",0.0,0.0,2.73425551571624,172.54312919463578,1.0229003066056097,0.0,0.0,0.0,0.0,0.0,0.0,0.0,0.0,54.319915893998285,1.0178659829786554,True,False,True,False,True,2.3724010937983984,0,1.0325190046130857,0.928951984926256,False,False,False,False,0.06670600786273848,0.06753335141210834,False,False,False,False,343421.0,329180.13274964626,False,False,False,False,10426.137122817909,False,False,False,False
2025-07-21 18:00:00+00:00,175.33,175.53,174.79,174.83,7095.0,,,,,,,,,,,,,,,,,,,,,,169.96720542039395,157.7328703262512,"rgba(239, 83, 80, 1.0)",0.0,0.0,2.7425273525124108,172.55144717950833,0.8308222772707503,0.0,0.0,0.0,0.0,0.0,0.0,0.0,0.0,51.82533596772017,1.0178659829786554,True,False,False,False,False,1.1985041330494006,1,1.029243752028562,0.9303797468354436,False,False,False,False,0.049188566459787565,0.05836095893594795,False,False,False,False,336326.0,329290.92138918664,False,False,False,False,10374.491586030033,False,False,False,False
2025-07-21 19:00:00+00:00,174.77,175.2,174.56,174.92,15297.0,,,,,,,,,,,,,,,,,,,,,,170.0047271756907,157.7890028190598,"rgba(239, 83, 80, 1.0)",0.0,0.0,2.7507104454948372,172.56614817160738,0.8557250481408493,0.0,0.0,0.0,0.0,0.0,0.0,0.0,0.0,50.52153145050661,4.531500578385547,True,False,False,False,False,1.399584850165315,1,1.0320356457540574,0.930464760789671,False,False,False,False,0.03854120906520629,0.04845108400057712,False,False,False,False,351623.0,329637.15516609844,False,False,False,False,10450.809545936543,False,False,False,False
2025-07-22 14:00:00+00:00,176.54,176.765,175.79,175.97,2831.0,,,,,,,,,,,,,,,,,,,,,,170.01341285239698,157.8001263659983,"rgba(239, 83, 80, 1.0)",0.0,0.0,2.751659695725569,172.57373377104435,1.234260993185828,0.0,0.0,0.0,0.0,0.0,0.0,0.0,0.0,53.301056851659254,4.531500578385547,True,False,True,False,True,3.7118793206960596,1,1.036043019087298,0.9197106223557154,False,False,False,False,0.09181840113756358,0.07013474256907035,False,False,False,False,354454.0,330021.91245034494,False,False,False,False,10332.672963829,False,False,False,False
2025-07-22 15:00:00+00:00,175.97,176.57,175.57,176.31,3284.0,,,,,,,,,,,,,,,,,,,,,,170.02341701846433,157.81299545410698,"rgba(239, 83, 80, 1.0)",0.0,0.0,2.7514541609845966,172.58232472277788,1.3548018826118424,0.0,0.0,0.0,0.0,0.0,0.0,0.0,0.0,56.1292615934275,1.871553340970614,True,False,True,False,True,4.4442965383942195,1,1.0327385771186164,0.9269129885690235,False,False,False,False,0.08388220996679588,0.07700847626793311,False,False,False,False,357738.0,330451.6192340605,False,False,False,False,10223.391212451805,False,False,False,False
2025-07-22 16:00:00+00:00,176.25,176.275,175.855,176.09,1999.0,,,,,,,,,,,,,,,,,,,,,,170.02941468398132,157.8207874334292,"rgba(239, 83, 80, 1.0)",0.0,0.0,2.7519295065478073,172.58730345488925,1.2728147784224144,0.0,0.0,0.0,0.0,0.0,0.0,0.0,0.0,57.00107649576324,2.718069009647685,True,False,True,False,True,3.9090108074916614,1,1.0283570454102515,0.9313649061261616,False,False,False,False,0.08369111043098416,0.08034979334945863,False,False,False,False,355739.0,330843.6716490363,False,False,False,False,10095.88127117348,False,False,False,False
2025-07-22 17:00:00+00:00,176.09,176.625,176.05,176.23,2536.0,,,,,,,,,,,,,,,,,,,,,,170.03729324617922,157.8307865821092,"rgba(239, 83, 80, 1.0)",0.0,0.0,2.7519441530708924,172.59432453775872,1.3211298122399102,0.0,0.0,0.0,0.0,0.0,0.0,0.0,0.0,58.05034557582445,3.8175399716058465,True,False,True,False,True,4.218696242143018,1,1.0276626977654544,0.9328331430435497,False,False,False,False,0.09411531087623488,0.08723255211284675,False,False,False,False,358275.0,331268.9635614543,False,False,False,False,9978.6738096049,False,False,False,False
2025-07-22 18:00:00+00:00,176.28,176.45,175.91,176.13,4177.0,,,,,,,,,,,,,,,,,,,,,,170.04994121973505,157.84710926602781,"rgba(239, 83, 80, 1.0)",0.0,0.0,2.7522771112838087,172.60500697284522,1.280755129163042,0.0,0.0,0.0,0.0,0.0,0.0,0.0,0.0,58.2160879611038,4.168149546940057,True,False,True,False,True,3.9679681045999295,1,1.0358216846766466,0.9328508641485747,False,False,False,False,0.0880879714731682,0.08766026179300748,False,False,False,False,354098.0,331622.90211088915,False,False,False,False,9888.725378448235,False,False,False,False
2025-07-22 19:00:00+00:00,176.08,176.19,175.24,175.245,13043.0,,,,,,,,,,,,,,,,,,,,,,170.0852260550154,157.8962141399025,"rgba(239, 83, 80, 1.0)",0.0,0.0,2.75752667282672,172.62766381849946,0.9491607850224477,0.0,0.0,0.0,0.0,0.0,0.0,0.0,0.0,54.23755111327996,4.168149546940057,True,False,True,False,False,1.7736245489280336,1,1.0383735957848694,0.9199390264108432,False,False,False,False,0.07032848518927659,0.07899437349114204,False,False,False,False,341055.0,331769.1361866893,False,False,False,False,9937.628860952913,False,False,False,False
2025-07-23 14:00:00+00:00,176.34,177.03,175.83,175.83,7582.0,,,,,,,,,,,,,,,,,,,,,,170.1080221933212,157.92571502709137,"rgba(239, 83, 80, 1.0)",0.0,0.0,2.7590727486660946,172.64674427369732,1.1537411356194474,0.0,0.0,0.0,0.0,0.0,0.0,0.0,0.0,53.99910863756097,8.09716759725923,True,False,True,False,False,3.1208586290439477,1,1.04509590307352,0.9018520352579977,False,False,False,False,0.09765832960304283,0.08832635154709242,False,False,False,False,348637.0,332030.6534551127,False,False,False,False,9901.10748326372,False,False,False,False
2025-07-23 15:00:00+00:00,175.86,177.04,175.86,177.025,6173.0,,,,,,,,,,,,,,,,,,,,,,170.12769714126273,157.95020220567844,"rgba(239, 83, 80, 1.0)",0.0,0.0,2.7583596738078846,172.66500633842674,1.5806472603894863,0.0,0.0,0.0,0.0,0.0,0.0,0.0,0.0,57.5044904048569,8.09716759725923,True,False,True,False,True,5.775590982428575,1,1.0434023775809267,0.9021306022985482,False,False,False,False,0.09842470613244368,0.09337552883976805,False,False,False,False,354810.0,332383.82161859935,False,False,False,False,9843.307367244128,False,False,False,False
2025-07-23 16:00:00+00:00,177.025,177.7,176.8,176.86,4776.0,,,,,,,,,,,,,,,,,,,,,,170.1439502224654,157.96958752717165,"rgba(239, 83, 80, 1.0)",0.0,0.0,2.7575138348789836,172.68159433268596,1.5152800375695763,0.0,0.0,0.0,0.0,0.0,0.0,0.0,0.0,59.0793117060217,4.758228280719557,True,False,True,False,True,5.357439237121078,0,1.0501864255782491,0.8995281618108032,False,False,False,False,0.12918425114768203,0.11127988999372504,False,False,False,False,350034.0,332657.4677950552,False,False,False,False,9764.744462325614,False,False,False,False
2025-07-23 17:00:00+00:00,176.86,177.65,176.855,177.395,5576.0,,,,,,,,,,,,,,,,,,,,,,170.16331757656013,157.99238268509427,"rgba(38, 166, 154, 1.0)",0.0,0.0,2.7581232406856406,172.7018017963265,1.701591188690625,0.0,0.0,0.0,0.0,0.0,0.0,0.0,0.0,61.57042356024058,7.122122506092282,True,False,True,False,True,6.530165921410614,0,1.0594944307343428,0.8983859134262658,False,False,False,False,0.12928072673433333,0.12028030836402918,False,False,False,False,355610.0,333013.3210075349,False,False,False,False,9699.802687715915,False,False,False,False
2025-07-23 18:00:00+00:00,177.395,177.71,177.01,177.205,5189.0,,,,,,,,,,,,,,,,,,,,,,170.1812677480041,158.01355664792007,"rgba(38, 166, 154, 1.0)",0.0,0.0,2.7567012258581998,173.17188948276106,1.463020540422689,0.0,0.0,0.0,0.0,0.0,0.0,0.0,0.0,62.26094387052171,7.840103545049686,True,False,True,False,True,6.035659438759545,0,1.0573669280827631,0.8904722175871853,False,False,False,False,0.13343146603751208,0.12685588720077062,False,False,False,False,350421.0,333283.20750354213,False,False,False,False,9629.867762324971,False,False,False,False
2025-07-23 19:00:00+00:00,177.33,177.57,176.82,177.4,23507.0,,,,,,,,,,,,,,,,,,,,,,170.26096147119756,158.10867711138522,"rgba(38, 166, 154, 1.0)",0.0,0.0,2.7440577289516486,173.24507469784876,1.5141537505986096,0.0,0.0,0.0,0.0,0.0,0.0,0.0,0.0,63.303855829749345,8.973132787726264,True,False,True,False,True,6.47095404274603,0,1.0559218232321543,0.893879053579198,False,False,False,False,0.1270623899370853,0.12695913856892796,False,False,False,False,373928.0,333913.35932519264,False,False,False,True,9845.01709934319,False,False,False,True
2025-07-24 14:00:00+00:00,173.41,174.54,171.59,174.485,10204.0,,,,,,,,,,,,,,,,,,,,,,170.2768926130451,158.14170244420214,"rgba(239, 83, 80, 1.0)",0.0,0.0,2.746055718482141,173.18696513317698,0.47269065157225154,0.0,0.0,0.0,0.0,0.0,0.0,0.0,0.0,54.255576710054285,9.260223680958632,True,False,True,False,False,0.0,0,1.0371263730890834,0.896313439160338,False,False,False,False,-0.03037161406208784,0.04829376225342006,False,False,False,False,363724.0,334375.539800771,False,False,False,False,9850.58272570996,False,False,False,False
2025-07-24 15:00:00+00:00,174.39,174.715,173.39,174.25,4024.0,,,,,,,,,,,,,,,,,,,,,,170.28424233858667,158.15517646633901,"rgba(239, 83, 80, 1.0)",0.0,0.0,2.7574579411655136,173.1758128424796,0.3895570414634788,0.0,0.0,0.0,0.0,0.0,0.0,0.0,0.0,47.75377041600948,3.639723451966141,False,False,False,True,False,0.0,0,1.0481483896205501,0.8927500325987746,False,False,False,False,0.0028361309380491705,0.025564946595734616,False,False,False,False,359700.0,334768.16709068156,False,False,False,False,9760.24810980748,False,False,False,False
2025-07-24 16:00:00+00:00,174.21,174.24,170.26,171.24,15200.0,,,,,,,,,,,,,,,,,,,,,,170.29593142456758,158.19886592037503,"rgba(239, 83, 80, 1.0)",0.0,0.0,2.832926489603099,173.2458439489368,-0.7080465929131151,0.0,0.0,0.0,0.0,0.0,0.0,0.0,0.0,39.2542514489335,-3.6812458582070207,False,True,False,True,False,0.0,0,1.0262464662040605,0.9008288357748653,False,False,False,False,-0.06657890249879572,-0.02050697795153055,False,False,False,False,344500.0,334919.04822105856,False,False,False,False,9844.585348415116,False,False,False,False
2025-07-24 17:00:00+00:00,171.27,171.64,170.86,171.365,19292.0,,,,,,,,,,,,,,,,,,,,,,170.30488753223494,158.2514101624817,"rgba(239, 83, 80, 1.0)",0.0,0.0,2.895218949538219,173.1258804225484,-0.6082028520949129,0.0,0.0,0.0,0.0,0.0,0.0,0.0,0.0,34.01604828184249,-7.9239370358855155,False,True,False,True,False,0.0,0,1.0221557656440927,0.9206058267412699,False,False,False,False,-0.10532437831515871,-0.06291567813334463,False,False,False,False,363792.0,335366.69088429795,False,False,False,False,9991.056893400926,False,False,False,False
2025-07-24 18:00:00+00:00,171.47,171.715,171.26,171.39,33425.0,,,,,,,,,,,,,,,,,,,,,,170.32259384369695,158.34260689522773,"rgba(239, 83, 80, 1.0)",0.0,0.0,2.9502103040016054,173.00129747564262,-0.5461635983906294,0.0,0.0,0.0,0.0,0.0,0.0,0.0,0.0,30.618302588171588,-10.667181074256192,False,True,False,True,False,0.0,0,1.0238925481079684,0.9220586336045463,False,False,False,False,-0.0960980798608849,-0.07950687899711475,False,False,False,False,397217.0,336325.61040547164,False,False,False,False,10354.37384079006,False,False,False,False
2025-07-24 19:00:00+00:00,171.45,172.24,171.2,171.34,75406.0,,,,,,,,,,,,,,,,,,,,,,170.36524699999634,158.54591114543422,"rgba(239, 83, 80, 1.0)",0.0,0.0,2.99413514562547,172.824773163426,-0.4958938361868157,0.0,0.0,0.0,0.0,0.0,0.0,0.0,0.0,28.287515179791818,-12.694589335908724,False,True,False,True,False,0.0,0,1.0274824408789223,0.9123977060377604,False,False,False,False,-0.08708180173756297,-0.08329434036733886,False,False,False,False,321811.0,336100.57768600696,False,False,False,False,11362.926184343703,False,False,False,False
2025-07-25 14:00:00+00:00,170.79,172.03,170.46,171.85,4371.0,,,,,,,,,,,,,,,,,,,,,,170.36734700166812,158.5573744740309,"rgba(239, 83, 80, 1.0)",0.0,0.0,3.010025699510068,172.815441880042,-0.3207420721355087,0.0,0.0,0.0,0.0,0.0,0.0,0.0,0.0,28.938711833394237,-12.694589335908724,False,True,False,True,False,0.0,0,1.0231974518194396,0.9175058717544483,False,False,False,False,-0.10551880286327647,-0.09440657161530766,False,False,False,False,326182.0,335946.80128777423,False,False,False,False,11254.52422799729,False,False,False,False
2025-07-25 15:00:00+00:00,171.85,172.12,171.47,171.72,7362.0,,,,,,,,,,,,,,,,,,,,,,170.3719196994616,158.5771191605515,"rgba(239, 83, 80, 1.0)",0.0,0.0,3.035291447484163,172.8034016973325,-0.35693498172325266,0.0,0.0,0.0,0.0,0.0,0.0,0.0,0.0,29.128532747387872,-12.694589335908724,False,True,False,True,False,0.0,0,1.02739328235408,0.917368438034395,False,False,False,False,-0.08417640491456416,-0.08929148826493591,False,False,False,False,318820.0,335681.26948486303,False,False,False,False,11194.175015160123,False,False,False,False
2025-07-25 16:00:00+00:00,171.71,172.59,171.71,172.59,4553.0,,,,,,,,,,,,,,,,,,,,,,170.375792481122,158.58978697095856,"rgba(239, 83, 80, 1.0)",0.0,0.0,3.0344218871456383,172.79937945619685,-0.06900143222793496,0.0,0.0,0.0,0.0,0.0,0.0,0.0,0.0,32.8810202540777,-12.694589335908724,False,True,False,True,True,0.0,0,1.0291657172618078,0.9218449920249994,False,False,False,False,-0.07044257921011349,-0.0798670337375247,False,False,False,False,323373.0,335490.4436013768,False,False,False,False,11091.21106143671,False,False,False,False
2025-07-25 17:00:00+00:00,172.535,172.81,172.075,172.61,7195.0,,,,,,,,,,,,,,,,,,,,,,170.3825200763053,158.61005182247388,"rgba(239, 83, 80, 1.0)",0.0,0.0,3.0349694523299338,172.79500979280118,-0.060959359132638564,0.0,0.0,0.0,0.0,0.0,0.0,0.0,0.0,35.461667059458286,-12.694589335908724,False,True,False,True,True,0.0,0,1.019028103044496,0.9231720010408537,False,False,False,False,-0.05914680871719109,-0.0695069212273579,False,False,False,False,330568.0,335414.12664631667,False,False,False,False,11030.80468839118,False,False,False,False
2025-07-25 18:00:00+00:00,172.55,172.65,172.27,172.5,5760.0,,,,,,,,,,,,,,,,,,,,,,170.38781195796642,158.62620333275007,"rgba(239, 83, 80, 1.0)",0.0,0.0,3.01716858051427,172.79131448834738,-0.09655227428416613,0.0,0.0,0.0,0.0,0.0,0.0,0.0,0.0,36.857048523786105,-12.694589335908724,False,True,False,True,True,0.0,0,1.0199778024417312,0.9264216230332312,False,False,False,False,-0.05847149962424643,-0.06398921042580216,False,False,False,False,324808.0,335249.69057428074,False,False,False,False,10949.08678624558,False,False,False,False
2025-07-25 19:00:00+00:00,172.57,172.73,171.045,171.61,14726.0,,,,,,,,,,,,,,,,,,,,,,170.39685903217887,158.66531117385608,"rgba(239, 83, 80, 1.0)",0.0,0.0,3.0296936440135,172.76931243482477,-0.38265005345193576,0.0,0.0,0.0,0.0,0.0,0.0,0.0,0.0,35.417445757912624,-12.694589335908724,False,True,False,True,True,0.0,0,1.0113285941506798,0.9263154477878407,False,False,False,False,-0.08059502845346095,-0.07229211943963156,False,False,False,False,310082.0,334859.4938211911,False,False,False,False,11007.643580257276,False,False,False,False
2025-07-28 14:00:00+00:00,173.71,174.185,173.28,173.53,3481.0,,,,,,,,,,,,,,,,,,,,,,170.4018182878933,158.6758335654225,"rgba(239, 83, 80, 1.0)",0.0,0.0,3.0216451175171817,172.77240222855173,0.2507236098164883,0.0,0.0,0.0,0.0,0.0,0.0,0.0,0.0,41.27657740708068,-16.156572201173866,False,True,False,True,True,0.0,0,1.017711608804466,0.9110890072514924,False,False,False,False,-0.009470059172521458,-0.04088108930607651,False,False,False,False,313563.0,334529.3156224129,False,False,False,False,10890.951431726155,False,False,False,False
2025-07-28 15:00:00+00:00,173.53,173.935,173.23,173.935,1894.0,,,,,,,,,,,,,,,,,,,,,,170.40453915811912,158.68156591693173,"rgba(239, 83, 80, 1.0)",0.0,0.0,3.0042145126200666,172.77412927949084,0.386414057861912,0.0,0.0,0.0,0.0,0.0,0.0,0.0,0.0,46.23445366695739,-11.430768934944538,False,False,False,True,True,0.0,0,1.0191135911743954,0.9100121865178633,False,False,False,False,-0.015239346044217925,-0.028060217675147214,False,False,False,False,315457.0,334233.62080656155,False,False,False,False,10751.463812629625,False,False,False,False
2025-07-28 16:00:00+00:00,174.05,174.36,173.63,173.82,3279.0,,,,,,,,,,,,,,,,,,,,,,170.4095766138094,158.69163597958257,"rgba(239, 83, 80, 1.0)",0.0,0.0,2.9833540816630775,172.77801647246505,0.349265792464729,0.0,0.0,0.0,0.0,0.0,0.0,0.0,0.0,49.146774539181344,-8.651597961801237,False,False,False,False,True,0.0,0,1.0279253595956976,0.9041078139173258,False,False,False,False,0.000624907113391105,-0.013717655280878054,False,False,False,False,312178.0,333891.6731971575,False,False,False,False,10635.611660495833,False,False,False,False
2025-07-28 17:00:00+00:00,173.83,174.13,173.465,173.65,2228.0,,,,,,,,,,,,,,,,,,,,,,170.4128089219745,158.69838632245995,"rgba(239, 83, 80, 1.0)",0.0,0.0,2.920828993455137,172.78009219082548,0.29782907904700046,0.0,0.0,0.0,0.0,0.0,0.0,0.0,0.0,50.47016244894867,-7.233829878382949,True,False,False,False,True,0.0,0,1.0311949931547035,0.907132146815308,False,False,False,False,-0.012356705930921879,-0.013037180605899966,False,False,False,False,309950.0,333520.4844654186,False,False,False,False,10505.261092116052,False,False,False,False
2025-07-28 18:00:00+00:00,173.65,174.635,173.57,174.4,1893.0,,,,,,,,,,,,,,,,,,,,,,170.41592289343794,158.70428955295404,"rgba(239, 83, 80, 1.0)",0.0,0.0,2.8405007837882765,172.78287701793911,0.5693091131290557,0.0,0.0,0.0,0.0,0.0,0.0,0.0,0.0,53.593778614415655,-4.05401232523279,True,False,True,False,True,0.47723432471034144,0,1.026541485283607,0.9024429861607438,False,False,False,False,-0.0073800090033871195,-0.010208594804643542,False,False,False,False,311843.0,333184.399434947,False,False,False,False,10371.737664331305,False,False,False,False
2025-07-28 19:00:00+00:00,174.32,174.955,174.22,174.79,12280.0,,,,,,,,,,,,,,,,,,,,,,170.43840391708747,158.743592263062,"rgba(239, 83, 80, 1.0)",0.0,0.0,2.7299398039759804,172.80676879677634,0.7264743348315612,0.0,0.0,0.0,0.0,0.0,0.0,0.0,0.0,56.712389895798864,-0.9053816462847308,True,False,True,False,True,1.3930480846391795,0,1.0287081339712916,0.9054454317612216,False,False,False,False,0.011967931035479412,0.0008796681154179349,False,False,False,False,324123.0,333043.91262200207,False,False,False,False,10401.323126899813,False,False,False,False
2025-07-29 14:00:00+00:00,174.54,174.71,173.66,173.93,4345.0,,,,,,,,,,,,,,,,,,,,,,170.44526183762008,158.75696884172046,"rgba(239, 83, 80, 1.0)",0.0,0.0,2.5876543658526274,172.81200454619733,0.4320497623469509,0.0,0.0,0.0,0.0,0.0,0.0,0.0,0.0,55.411178918100084,-0.9053816462847308,True,False,True,False,True,0.0,0,1.0265737454000714,0.9056241247923932,False,False,False,False,-0.00449322434067073,-0.0018067781126263976,False,False,False,False,319778.0,332838.23955809505,False,False,False,False,10307.42664431222,False,False,False,False
2025-07-29 15:00:00+00:00,174.01,174.22,173.34,173.76,9438.0,,,,,,,,,,,,,,,,,,,,,,170.45874654729047,158.78532774630548,"rgba(239, 83, 80, 1.0)",0.0,0.0,2.462610279233482,172.81939106975915,0.38195606433252527,0.0,0.0,0.0,0.0,0.0,0.0,0.0,0.0,53.934893379515,-0.9053816462847308,True,False,True,False,True,0.0,0,1.023291721419185,0.9160315374507233,False,False,False,False,-0.02067162962233865,-0.011239203867482523,False,False,False,False,310340.0,332489.42964246566,False,False,False,False,10293.947161454666,False,False,False,False
2025-07-29 16:00:00+00:00,173.73,173.77,172.91,173.3,4058.0,,,,,,,,,,,,,,,,,,,,,,170.46373415322847,158.79712575228615,"rgba(239, 83, 80, 1.0)",0.0,0.0,2.3277111481427806,172.8203718470652,0.20605140518294324,0.0,0.0,0.0,0.0,0.0,0.0,0.0,0.0,51.331935932295096,-0.9053816462847308,True,False,False,False,False,0.0,0,1.0194194061505828,0.9192735949098627,False,False,False,False,-0.038260718061026405,-0.024749960964254462,False,False,False,False,306282.0,332083.1129038228,False,False,False,False,10197.265810114282,False,False,False,False
2025-07-29 17:00:00+00:00,173.36,173.96,173.0,173.735,6799.0,,,,,,,,,,,,,,,,,,,,,,170.4727443333945,158.81717348363316,"rgba(239, 83, 80, 1.0)",0.0,0.0,2.190474207164105,172.82375645837993,0.4160028630512027,0.0,0.0,0.0,0.0,0.0,0.0,0.0,0.0,51.24900113781463,-0.9053816462847308,True,False,False,False,False,0.0,0,1.0173196012848955,0.9119780110607019,False,False,False,False,-0.03266214117172028,-0.028706051067987372,False,False,False,False,313081.0,331788.50650221313,False,False,False,False,10144.579518484603,False,False,False,False
2025-07-29 18:00:00+00:00,173.825,174.94,173.825,174.705,5274.0,,,,,,,,,,,,,,,,,,,,,,170.48177752831256,158.8336601394988,"rgba(239, 83, 80, 1.0)",0.0,0.0,2.0489268406161165,172.8317090388756,0.9142790869785807,0.0,0.0,0.0,0.0,0.0,0.0,0.0,0.0,54.251625588795456,-0.9053816462847308,True,False,True,False,False,1.2725601460505338,0,1.020408836135839,0.9049126277612931,False,False,False,False,0.003394867302876441,-0.012655591882555465,False,False,False,False,318355.0,331580.23508357414,False,False,False,False,10069.066657732903,False,False,False,False
2025-07-29 19:00:00+00:00,174.66,175.48,174.65,175.46,7657.0,,,,,,,,,,,,,,,,,,,,,,170.49711968545571,158.85861206764403,"rgba(239, 83, 80, 1.0)",0.0,0.0,1.9124966584199283,173.14934662166073,1.2081868839699328,0.0,0.0,0.0,0.0,0.0,0.0,0.0,0.0,58.122003139510475,1.79184085724917,True,False,True,False,True,3.0339067260653536,0,1.0302709847984137,0.9009914077990755,False,False,False,False,0.030663159558210265,0.009003783837827399,False,False,False,False,326012.0,331493.9058574722,False,False,False,False,10031.670275442471,False,False,False,False
2025-07-30 14:00:00+00:00,171.52,172.04,170.535,171.75,6941.0,,,,,,,,,,,,,,,,,,,,,,170.4998976247346,158.8759816978364,"rgba(239, 83, 80, 1.0)",0.0,0.0,1.8425878418555373,173.0466694164725,-0.703721899720512,0.0,0.0,0.0,0.0,0.0,0.0,0.0,0.0,51.08350774121363,7.861110141199127,True,False,False,False,False,0.0,0,1.0156657123556472,0.9001511885997369,False,False,False,False,-0.12107868852868056,-0.05603745234542658,False,False,False,False,319071.0,331301.3026658835,False,False,False,False,9983.75290683096,False,False,False,False
2025-07-30 15:00:00+00:00,171.75,171.8,171.16,171.59,5057.0,,,,,,,,,,,,,,,,,,,,,,170.50207164116554,158.88868186539742,"rgba(239, 83, 80, 1.0)",0.0,0.0,1.717086147470967,173.01312456906356,-0.828802079126681,0.0,0.0,0.0,0.0,0.0,0.0,0.0,0.0,46.13442157948555,3.422190174987911,False,False,False,True,False,0.0,0,1.0191064363601274,0.9012512464215645,False,False,False,False,-0.1427554527327118,-0.0993964525390692,False,False,False,False,314014.0,331033.28246951324,False,False,False,False,9907.369140833582,False,False,False,False
2025-07-30 16:00:00+00:00,171.65,172.67,171.65,172.42,2567.0,,,,,,,,,,,,,,,,,,,,,,170.5039631002124,158.8954909897941,"rgba(239, 83, 80, 1.0)",0.0,0.0,1.6161484996657294,173.0065775420814,-0.36294779978618136,0.0,0.0,0.0,0.0,0.0,0.0,0.0,0.0,45.13720664771744,2.55969235770732,False,True,False,True,False,0.0,0,1.0197213151854128,0.9055963273091725,False,False,False,False,-0.16963138145211143,-0.13451391699559032,False,False,False,False,316581.0,330809.2160746371,False,False,False,False,9793.56496810748,False,False,False,False
2025-07-30 17:00:00+00:00,172.42,172.88,172.33,172.46,2247.0,,,,,,,,,,,,,,,,,,,,,,170.50590932854564,158.90158385914023,"rgba(239, 83, 80, 1.0)",0.0,0.0,1.6310318764453338,173.00368566878734,-0.3333384691243681,0.0,0.0,0.0,0.0,0.0,0.0,0.0,0.0,44.58304423890563,1.8502657146490975,False,True,False,True,False,0.0,0,1.0147780030079123,0.9160073236121105,False,False,False,False,-0.2075344598343226,-0.17102418841495645,False,False,False,False,318828.0,330623.46078665816,False,False,False,False,9676.563960849999,False,False,False,False
2025-07-30 18:00:00+00:00,172.43,172.43,170.55,170.55,4875.0,,,,,,,,,,,,,,,,,,,,,,170.50728625929295,158.9134500065172,"rgba(239, 83, 80, 1.0)",0.0,0.0,1.688029431129429,172.97972795079346,-1.439387196683984,0.0,0.0,0.0,0.0,0.0,0.0,0.0,0.0,40.75381706413074,-1.986096711595735,False,True,False,True,False,0.0,0,0.9914636140637776,0.9281766148814395,False,False,False,False,-0.2709228287302526,-0.2209735085726045,False,False,False,False,313953.0,330365.00403027586,False,False,False,False,9602.121108743797,False,False,False,False
2025-07-30 19:00:00+00:00,170.51,171.015,169.49,170.89,14447.0,,,,,,,,,,,,,,,,,,,,,,170.50703056856295,158.94644790264232,"rgba(239, 83, 80, 1.0)",0.0,0.0,1.7312368046782731,172.9054220494752,-1.1641515730424552,0.0,0.0,0.0,0.0,0.0,0.0,0.0,0.0,39.21861408058497,-3.6627494066986372,False,True,False,True,False,0.0,0,0.9831776311491474,0.9347357418174697,False,False,False,False,-0.34282825441539394,-0.2819008814939992,False,False,False,False,328400.0,330334.53885151184,False,False,False,False,9677.235510158622,False,False,False,False
2025-07-31 14:00:00+00:00,170.915,171.42,170.56,170.7,2451.0,,,,,,,,,,,,,,,,,,,,,,170.50742644885264,158.95223493491895,"rgba(239, 83, 80, 1.0)",0.0,0.0,1.7743212964572688,172.8973161046846,-1.2383980900595144,0.0,0.0,0.0,0.0,0.0,0.0,0.0,0.0,37.859130687752824,-5.261557736152788,False,True,False,True,False,0.0,0,0.9834910277324634,0.9346166394779776,False,False,False,False,-0.2990586856492561,-0.2904797835716276,False,False,False,False,325949.0,330266.5460011008,False,False,False,False,9565.200851086394,False,False,False,False
2025-07-31 15:00:00+00:00,170.7,170.7,169.45,169.73,4663.0,,,,,,,,,,,,,,,,,,,,,,170.50636123196549,158.96236990376593,"rgba(239, 83, 80, 1.0)",0.0,0.0,1.8318002394136272,172.8740905457883,-1.7163937847255455,0.0,0.0,0.0,0.0,0.0,0.0,0.0,0.0,35.33574593174374,-7.960944439042827,False,True,False,True,False,0.0,0,0.981871727748691,0.940117801047121,False,False,False,False,-0.34282825441539394,-0.31665401899351076,False,False,False,False,321286.0,330127.3127297659,False,False,False,False,9489.197737116061,False,False,False,False
2025-07-31 16:00:00+00:00,169.8,170.72,169.7,170.43,3713.0,,,,,,,,,,,,,,,,,,,,,,170.50601620057793,158.97066359586685,"rgba(239, 83, 80, 1.0)",0.0,0.0,1.8716620690978314,172.8590713160866,-1.2978151110672742,0.0,0.0,0.0,0.0,0.0,0.0,0.0,0.0,35.995386397542376,-7.960944439042827,False,True,False,True,False,0.0,0,0.9821499143722827,0.9455275984718751,False,False,False,False,-0.3348404821461563,-0.32574725056983356,False,False,False,False,324999.0,330047.8040052734,False,False,False,False,9399.64428382744,False,False,False,False
2025-07-31 17:00:00+00:00,170.41,170.64,169.73,169.88,2166.0,,,,,,,,,,,,,,,,,,,,,,170.50563508579137,158.97541072307138,"rgba(239, 83, 80, 1.0)",0.0,0.0,1.9237039114004477,172.84983570787577,-1.5438112332545744,0.0,0.0,0.0,0.0,0.0,0.0,0.0,0.0,35.41772434120757,-8.593027544462025,False,True,False,True,False,0.0,0,0.9729355985776373,0.9507441064138028,False,False,False,False,-0.33631656710659763,-0.3310319088382156,False,False,False,False,322833.0,329935.946578835,False,False,False,False,9287.49476004717,False,False,False,False
2025-07-31 18:00:00+00:00,169.92,170.35,169.575,170.08,2956.0,,,,,,,,,,,,,,,,,,,,,,170.50501570693407,158.98183513521494,"rgba(239, 83, 80, 1.0)",0.0,0.0,1.9601184878688065,172.83718943815396,-1.4066442693226036,0.0,0.0,0.0,0.0,0.0,0.0,0.0,0.0,35.74212955841897,-8.731272965488643,False,True,False,True,False,0.0,0,0.9685414680648237,0.9539134150751132,False,False,False,False,-0.34282825441539394,-0.33693008162680477,False,False,False,False,325789.0,329871.6528334267,False,False,False,False,9189.332050589073,False,False,False,False
2025-07-31 19:00:00+00:00,170.16,170.355,169.55,170.19,7838.0,,,,,,,,,,,,,,,,,,,,,,170.50347818110973,158.99887991436987,"rgba(239, 83, 80, 1.0)",0.0,0.0,2.001950449836906,172.80600910579247,-1.3067301970463814,0.0,0.0,0.0,0.0,0.0,0.0,0.0,0.0,36.37485261993122,-8.731272965488643,False,True,False,True,False,0.0,0,0.9668591678697993,0.9555387846174045,False,False,False,False,-0.34282825441539394,-0.33987916802109935,False,False,False,False,333627.0,329929.8752701178,False,False,False,False,9168.381166083816,False,False,False,False
2025-08-01 14:00:00+00:00,165.76,166.15,165.09,165.96,2444.0,,,,,,,,,,,,,,,,,,,,,,170.49865172031164,159.00211752918446,"rgba(239, 83, 80, 1.0)",0.0,0.0,2.1915006788097893,172.77914796505297,-3.111633973463546,0.0,0.0,0.0,0.0,0.0,0.0,0.0,0.0,31.033017639457125,-13.853486087630465,False,True,False,True,False,0.0,0,0.9548881789137381,0.9626198083067098,False,False,False,False,-0.34282825441539394,-0.34135371121824665,False,False,False,False,331183.0,329949.3035605035,False,False,False,False,9064.127194516626,False,False,False,False
2025-08-01 15:00:00+00:00,166.015,166.35,165.515,165.665,7135.0,,,,,,,,,,,,,,,,,,,,,,170.4849410582547,159.0117057887433,"rgba(239, 83, 80, 1.0)",0.0,0.0,2.3706398516655387,172.70622180402603,-2.970177776720952,0.0,0.0,0.0,0.0,0.0,0.0,0.0,0.0,27.23582682745283,-17.449394118512537,False,True,False,True,False,0.0,0,0.953081053439018,0.9652902071081572,False,False,False,False,-0.3292254919951519,-0.3352896016066993,False,False,False,False,324048.0,329857.8104820461,False,False,False,False,9034.21824576443,False,False,False,False
2025-08-01 16:00:00+00:00,165.66,166.23,165.625,165.815,5066.0,,,,,,,,,,,,,,,,,,,,,,170.4753525074379,159.01854374763565,"rgba(239, 83, 80, 1.0)",0.0,0.0,2.52175910466889,172.65799371066328,-2.713579460462292,0.0,0.0,0.0,0.0,0.0,0.0,0.0,0.0,25.227000863022234,-19.341107668743234,False,True,False,True,False,0.0,0,0.9478033506568969,0.9743051744730309,False,False,False,False,-0.3294422009252127,-0.332365901265956,False,False,False,False,329114.0,329846.278536588,False,False,False,False,8972.695482264206,False,False,False,False
2025-08-01 17:00:00+00:00,165.76,165.76,164.96,165.22,5077.0,,,,,,,,,,,,,,,,,,,,,,170.46457973882357,159.02480896961868,"rgba(239, 83, 80, 1.0)",0.0,0.0,2.692225083624943,172.60743435136573,-2.7439883820631095,0.0,0.0,0.0,0.0,0.0,0.0,0.0,0.0,23.321525593133643,-21.198359125284412,False,True,False,True,False,0.0,0,0.9407615904752664,0.9786469960205774,False,False,False,False,-0.34282825441539394,-0.33759707784067494,False,False,False,False,324037.0,329756.2122026874,False,False,False,False,8912.297102694218,False,False,False,False
2025-08-01 18:00:00+00:00,165.19,165.87,164.76,165.49,3964.0,,,,,,,,,,,,,,,,,,,,,,170.45629743337204,159.02973863176013,"rgba(239, 83, 80, 1.0)",0.0,0.0,2.8407964639424526,172.3510051371848,-2.415169556942884,0.0,0.0,0.0,0.0,0.0,0.0,0.0,0.0,23.10516034680084,-21.58142921770487,False,True,False,True,False,0.0,0,0.9407007214260298,0.9760279512147786,False,False,False,False,-0.34282825441539394,-0.34021266612803447,False,False,False,False,328001.0,329728.9996103976,False,False,False,False,8835.579318156324,False,False,False,False
2025-08-01 19:00:00+00:00,165.45,165.78,165.16,165.515,7767.0,,,,,,,,,,,,,,,,,,,,,,170.44050189500868,159.03954521210053,"rgba(239, 83, 80, 1.0)",0.0,0.0,2.9755936647425534,172.2860895450516,-2.275542398574585,0.0,0.0,0.0,0.0,0.0,0.0,0.0,0.0,23.0659609051118,-21.935936234140875,False,True,False,True,False,0.0,0,0.9383921379088129,0.9747381988077984,False,False,False,False,-0.33618563540459123,-0.33819915076631285,False,False,False,False,335768.0,329822.6275234147,False,False,False,False,8819.012196944597,False,False,False,False
2025-08-04 14:00:00+00:00,167.39,168.4,166.64,168.37,8748.0,,,,,,,,,,,,,,,,,,,,,,170.43109802478907,159.0545147584496,"rgba(239, 83, 80, 1.0)",0.0,0.0,3.025715659517694,172.2908752810552,-1.2958505432331997,0.0,0.0,0.0,0.0,0.0,0.0,0.0,0.0,31.86155126206243,-23.614389672112004,False,True,False,True,True,0.0,0,0.9417626217891942,0.9623877008730868,False,False,False,False,-0.25073592955535284,-0.2944675401608329,False,False,False,False,344516.0,330050.43174785783,False,False,False,False,8817.911232650882,False,False,False,False
2025-08-04 15:00:00+00:00,168.37,168.79,167.36,167.53,14609.0,,,,,,,,,,,,,,,,,,,,,,170.4160751427661,159.07965593714584,"rgba(239, 83, 80, 1.0)",0.0,0.0,3.090997298170223,172.2506564942641,-1.5272276352549958,0.0,0.0,0.0,0.0,0.0,0.0,0.0,0.0,36.04174357995004,-19.938995315639538,False,True,False,True,True,0.0,0,0.9467991723619038,0.9602796413568255,False,False,False,False,-0.2282524016480481,-0.2613599709044405,False,False,False,False,329907.0,330048.207999829,False,False,False,False,8907.695554625287,False,False,False,False
2025-08-04 16:00:00+00:00,167.42,167.43,166.74,166.805,8251.0,,,,,,,,,,,,,,,,,,,,,,170.40466413580504,159.09234610164236,"rgba(239, 83, 80, 1.0)",0.0,0.0,3.171544410211569,172.2030609940323,-1.702029136546825,0.0,0.0,0.0,0.0,0.0,0.0,0.0,0.0,37.493224569614895,-18.716503564423267,False,True,False,True,True,0.0,0,0.94256925380584,0.9683366608435244,False,False,False,False,-0.2685323171360135,-0.264946144020227,False,False,False,False,321656.0,329918.0962478937,False,False,False,False,8897.514228196987,False,False,False,False
2025-08-04 17:00:00+00:00,166.91,166.91,166.235,166.36,6373.0,,,,,,,,,,,,,,,,,,,,,,170.39464436806907,159.10151375975784,"rgba(239, 83, 80, 1.0)",0.0,0.0,3.2601085346435843,172.16063689343704,-1.7792772331953028,0.0,0.0,0.0,0.0,0.0,0.0,0.0,0.0,37.67120420092671,-18.454485883488204,False,True,False,True,True,0.0,0,0.9396725792923493,0.9717001646422919,False,False,False,False,-0.28971557503797896,-0.27733085952910297,False,False,False,False,315283.0,329691.1955308721,False,False,False,False,8858.374472721065,False,False,False,False
2025-08-04 18:00:00+00:00,166.405,167.33,166.405,167.16,7915.0,,,,,,,,,,,,,,,,,,,,,,170.383744205053,159.11357898102708,"rgba(239, 83, 80, 1.0)",0.0,0.0,3.3226950284747034,172.11802311898794,-1.492169180890471,0.0,0.0,0.0,0.0,0.0,0.0,0.0,0.0,39.98020918199033,-16.07756944539547,False,False,False,True,True,0.0,0,0.9408059286706811,0.9689979928979472,False,False,False,False,-0.2774925325737395,-0.27741169605142124,False,False,False,False,323198.0,329590.52583271905,False,False,False,False,8843.748511903685,False,False,False,False
2025-08-04 19:00:00+00:00,167.165,168.37,167.08,168.03,15926.0,,,,,,,,,,,,,,,,,,,,,,170.36749563568927,159.1403959267921,"rgba(239, 83, 80, 1.0)",0.0,0.0,3.365608789286236,172.06102210679535,-1.1977096445752478,0.0,0.0,0.0,0.0,0.0,0.0,0.0,0.0,43.64008463914794,-12.497907056359551,True,False,False,True,True,0.0,0,0.9454094292803975,0.9628710596452539,False,False,False,False,-0.24240339712861292,-0.2599075465900171,False,False,False,False,339124.0,329738.33163376217,False,False,False,False,8953.55086055634,False,False,False,False
2025-08-05 14:00:00+00:00,169.61,169.61,165.75,166.15,8316.0,,,,,,,,,,,,,,,,,,,,,,170.3569213668281,159.15327966026524,"rgba(239, 83, 80, 1.0)",0.0,0.0,3.44604130890808,172.02169307370292,-1.7038951502190296,0.0,0.0,0.0,0.0,0.0,0.0,0.0,0.0,42.373017172829655,-12.497907056359551,False,False,False,True,True,0.0,0,0.9387101601077363,0.9563070477330546,False,False,False,False,-0.24422962550615807,-0.2520685860480876,False,False,False,False,330808.0,329754.9156394403,False,False,False,False,8943.666351090349,False,False,False,False
2025-08-05 15:00:00+00:00,166.195,167.02,165.54,167.02,9221.0,,,,,,,,,,,,,,,,,,,,,,170.3429273637787,159.1663746808421,"rgba(239, 83, 80, 1.0)",0.0,0.0,3.4998684762930075,171.96957824435157,-1.4142183564549413,0.0,0.0,0.0,0.0,0.0,0.0,0.0,0.0,43.57422382251683,-12.330406377994152,True,False,False,True,True,0.0,0,0.9380024324404501,0.9720565987363181,False,False,False,False,-0.30191875833172016,-0.2769936721899039,False,False,False,False,340029.0,329914.20376906137,False,False,False,False,8947.966097585073,False,False,False,False
2025-08-05 16:00:00+00:00,167.02,168.1,166.57,167.11,5172.0,,,,,,,,,,,,,,,,,,,,,,170.33662259694762,159.17442902798192,"rgba(239, 83, 80, 1.0)",0.0,0.0,3.5452321008146708,171.94731139412096,-1.364455487416286,0.0,0.0,0.0,0.0,0.0,0.0,0.0,0.0,44.58633028616825,-11.077158992747641,True,False,False,True,True,0.0,0,0.9447554726147107,0.972777629669126,False,False,False,False,-0.258284891608882,-0.26763928189939296,False,False,False,False,345201.0,330151.20836178906,False,False,False,False,8889.423987544995,False,False,False,False
2025-08-05 17:00:00+00:00,167.22,168.19,167.14,168.0,3868.0,,,,,,,,,,,,,,,,,,,,,,170.33271326585586,159.18082642837038,"rgba(239, 83, 80, 1.0)",0.0,0.0,3.553897051442314,171.93398169619022,-1.1069486930111405,0.0,0.0,0.0,0.0,0.0,0.0,0.0,0.0,47.31597258673528,-8.239611161259816,True,False,False,False,True,0.0,0,0.9497233154795378,0.9681294942739628,False,False,False,False,-0.24483872288798234,-0.25623900239368763,False,False,False,False,349069.0,330444.5074569551,False,False,False,False,8811.572452854374,False,False,False,False
2025-08-05 18:00:00+00:00,167.97,168.23,167.3,168.1,6024.0,,,,,,,,,,,,,,,,,,,,,,170.32688588498115,159.19088646193129,"rgba(239, 83, 80, 1.0)",0.0,0.0,3.5653938766276005,171.9142472343043,-1.0697968769476,0.0,0.0,0.0,0.0,0.0,0.0,0.0,0.0,49.362185695659505,-6.1067364735189,True,False,False,False,True,0.0,0,0.9583444830969586,0.9647072815389655,False,False,False,False,-0.24078141371156714,-0.24851020805262738,False,False,False,False,355093.0,330826.65462816507,False,False,False,False,8768.354275290741,False,False,False,False
2025-08-05 19:00:00+00:00,168.24,169.71,168.24,168.82,31942.0,,,,,,,,,,,,,,,,,,,,,,170.3094472349105,159.25022421628364,"rgba(239, 83, 80, 1.0)",0.0,0.0,3.5646063136297736,171.818245673951,-0.8411155146325108,0.0,0.0,0.0,0.0,0.0,0.0,0.0,0.0,52.345524832448916,-3.147510953198612,True,False,True,False,True,0.0,0,0.9631774927596201,0.9490513623736637,False,False,False,False,-0.19225896376556845,-0.22038458590909793,False,False,False,False,387035.0,331698.1018432323,False,False,False,False,9127.635604356,False,False,False,False
2025-08-06 14:00:00+00:00,168.23,168.345,164.59,166.01,9248.0,,,,,,,,,,,,,,,,,,,,,,170.29512973696816,159.26267300858834,"rgba(239, 83, 80, 1.0)",0.0,0.0,3.6110140486375153,171.74052847572904,-1.586958233488804,0.0,0.0,0.0,0.0,0.0,0.0,0.0,0.0,48.22658869664597,-3.147510953198612,True,False,False,False,False,0.0,1,0.9394370284387702,0.9589669181659906,False,False,False,False,-0.29408637839722174,-0.25723548215315983,False,False,False,False,377787.0,332412.6584038023,False,False,False,False,9129.501719017147,False,False,False,False
2025-08-06 15:00:00+00:00,165.94,165.94,163.17,163.21,17613.0,,,,,,,,,,,,,,,,,,,,,,170.25317083301587,159.278874794583,"rgba(239, 83, 80, 1.0)",0.0,0.0,3.727210261486643,171.5415514598323,-2.2353317562796033,0.0,0.0,0.0,0.0,0.0,0.0,0.0,0.0,42.00837616466842,-1.7643203932007836,False,False,False,True,False,0.0,0,0.9285118379793452,0.9769281666235159,False,False,False,False,-0.34282825441539394,-0.30003186828427686,False,False,False,False,360174.0,332843.0668006426,False,False,False,False,9261.028824148665,False,False,False,False
2025-08-06 16:00:00+00:00,163.01,163.775,162.19,163.23,8273.0,,,,,,,,,,,,,,,,,,,,,,170.23035120804343,159.2848136427899,"rgba(239, 83, 80, 1.0)",0.0,0.0,3.841943444720444,171.44611616217043,-2.1385312616876053,0.0,0.0,0.0,0.0,0.0,0.0,0.0,0.0,37.911939529696994,-5.363141336095573,False,True,False,True,False,0.0,0,0.9148282359762291,1.0004348456298024,False,False,False,False,-0.34282825441539394,-0.3214300613498354,False,False,False,False,368447.0,333395.0657649737,False,False,False,False,9245.710547805274,False,False,False,False
2025-08-06 17:00:00+00:00,163.245,163.34,161.82,161.875,12685.0,,,,,,,,,,,,,,,,,,,,,,170.19215416492926,159.2921560641525,"rgba(239, 83, 80, 1.0)",0.0,0.0,3.9688489798962037,171.29780890004133,-2.3741918495189918,0.0,0.0,0.0,0.0,0.0,0.0,0.0,0.0,33.82039911557658,-8.996050431243198,False,True,False,True,False,0.0,0,0.9091250686475708,1.0017920628956276,False,False,False,False,-0.34282825441539394,-0.33212915788261466,False,False,False,False,355762.0,333741.83993916016,False,False,False,False,9299.032864893565,False,False,False,False
2025-08-06 18:00:00+00:00,161.77,162.35,160.86,162.35,10947.0,,,,,,,,,,,,,,,,,,,,,,170.15744003608134,159.29744827811624,"rgba(239, 83, 80, 1.0)",0.0,0.0,4.073483011728994,171.17268418899937,-2.165882161186325,0.0,0.0,0.0,0.0,0.0,0.0,0.0,0.0,32.366334987697556,-10.29852612031894,False,True,False,True,False,0.0,0,0.9023643869626727,1.0103929097260322,False,False,False,False,-0.34282825441539394,-0.3374787061490043,False,False,False,False,366709.0,334252.9586997933,False,False,False,False,9324.58274295723,False,False,False,False
2025-08-06 19:00:00+00:00,162.18,162.54,161.08,162.475,38444.0,,,,,,,,,,,,,,,,,,,,,,170.04035630789392,159.31714637632373,"rgba(239, 83, 80, 1.0)",0.0,0.0,4.164589981223787,170.80443061727854,-2.0000601871569836,0.0,0.0,0.0,0.0,0.0,0.0,0.0,0.0,31.74928666052069,-11.05025856962336,False,True,False,True,False,0.0,0,0.899481268011528,1.0128818443804044,False,False,False,False,-0.3355996568320842,-0.3365391814905443,False,False,False,False,405153.0,335352.1841463081,False,False,False,False,9776.046576399753,False,False,False,False
2025-08-07 14:00:00+00:00,163.95,164.03,161.67,161.73,5796.0,,,,,,,,,,,,,,,,,,,,,,170.0239608735876,159.3205743746515,"rgba(239, 83, 80, 1.0)",0.0,0.0,4.271995018892137,170.75821792005917,-2.113349355543134,0.0,0.0,0.0,0.0,0.0,0.0,0.0,0.0,30.409300156914618,-12.630462451824698,False,True,False,True,False,0.0,0,0.9020662812660984,1.0057237708202174,False,False,False,False,-0.2994261810257698,-0.31798268125815704,False,False,False,False,399357.0,336344.5068727219,False,False,False,False,9714.340427928439,False,False,False,False
2025-08-07 15:00:00+00:00,161.75,162.76,161.7,162.73,8572.0,,,,,,,,,,,,,,,,,,,,,,169.99958706175556,159.32550243796646,"rgba(239, 83, 80, 1.0)",0.0,0.0,4.3496397282721615,170.69079700111914,-1.8302198569170858,0.0,0.0,0.0,0.0,0.0,0.0,0.0,0.0,32.43469101867541,-12.630462451824698,False,True,False,True,False,0.0,0,0.9040656919687567,1.0104145804125786,False,False,False,False,-0.32089389338407814,-0.31943828732111756,False,False,False,False,407929.0,337454.3439754704,False,False,False,False,9696.629723619471,False,False,False,False
2025-08-07 16:00:00+00:00,162.71,163.52,162.42,162.43,3929.0,,,,,,,,,,,,,,,,,,,,,,169.98904252364918,159.32804457089517,"rgba(239, 83, 80, 1.0)",0.0,0.0,4.42611258268385,170.66267500164173,-1.8600238579222261,0.0,0.0,0.0,0.0,0.0,0.0,0.0,0.0,33.30718228886956,-12.630462451824698,False,True,False,True,False,0.0,0,0.9080479501044261,1.0066374846222077,False,False,False,False,-0.29530247464398046,-0.307370380982549,False,False,False,False,404000.0,338486.0595727499,False,False,False,False,9607.2091077494,False,False,False,False
2025-08-07 17:00:00+00:00,162.37,162.37,161.63,162.22,2196.0,,,,,,,,,,,,,,,,,,,,,,169.98257701892476,159.32917000030545,"rgba(239, 83, 80, 1.0)",0.0,0.0,4.48421576901254,170.6450208800145,-1.8788170137204967,0.0,0.0,0.0,0.0,0.0,0.0,0.0,0.0,33.53822708736214,-12.630462451824698,False,True,False,True,True,0.0,0,0.9035531535675274,1.0158109584315538,False,False,False,False,-0.32893005374614326,-0.3181502173643461,False,False,False,False,401804.0,339467.733067746,False,False,False,False,9492.306640962588,False,False,False,False
2025-08-07 18:00:00+00:00,162.31,162.79,162.18,162.69,11047.0,,,,,,,,,,,,,,,,,,,,,,169.95217598092378,159.33580536163183,"rgba(239, 83, 80, 1.0)",0.0,0.0,4.517163213289188,170.5651198254587,-1.7433773042095628,0.0,0.0,0.0,0.0,0.0,0.0,0.0,0.0,35.23771361982274,-12.630462451824698,False,True,False,True,True,0.0,0,0.9043111906273448,1.0133895077047392,False,False,False,False,-0.3120308017508138,-0.31509050955758,False,False,False,False,412851.0,340605.45813646313,False,False,False,False,9516.41041397092,False,False,False,False
2025-08-07 19:00:00+00:00,162.72,162.96,161.45,161.56,16510.0,,,,,,,,,,,,,,,,,,,,,,169.90377765145377,159.34394395406946,"rgba(239, 83, 80, 1.0)",0.0,0.0,4.573021767943779,170.4393115459498,-1.9416727049480704,0.0,0.0,0.0,0.0,0.0,0.0,0.0,0.0,34.31434775513152,-12.630462451824698,False,True,False,True,True,0.0,0,0.9072952710495966,1.0059111880046145,False,False,False,False,-0.3217654333792728,-0.3184279714684264,False,False,False,False,396341.0,341469.57506458,False,False,False,False,9624.838159490751,False,False,False,False
2025-08-08 14:00:00+00:00,162.635,163.135,160.31,161.26,6475.0,,,,,,,,,,,,,,,,,,,,,,169.88395389454865,159.34661571805194,"rgba(239, 83, 80, 1.0)",0.0,0.0,4.624766610132418,170.38842227542722,-1.973812528274991,0.0,0.0,0.0,0.0,0.0,0.0,0.0,0.0,33.206150441964965,-12.630462451824698,False,True,False,True,True,0.0,0,0.8997322395032193,1.0031333675155254,False,False,False,False,-0.338680859559527,-0.3285544155139767,False,False,False,False,389866.0,342219.9072341214,False,False,False,False,9576.003459343608,False,False,False,False
2025-08-08 15:00:00+00:00,161.26,162.75,161.26,162.56,5174.0,,,,,,,,,,,,,,,,,,,,,,169.86936007768517,159.34934213867822,"rgba(239, 83, 80, 1.0)",0.0,0.0,4.640049434731724,170.35234794197945,-1.6793674402802947,0.0,0.0,0.0,0.0,0.0,0.0,0.0,0.0,36.644830221397676,-12.630462451824698,False,False,False,True,True,0.0,0,0.9031947161039774,1.0073702412336658,False,False,False,False,-0.3287549211613691,-0.3286546683376729,False,False,False,False,395040.0,343038.8234010343,False,False,False,False,9507.755343694871,False,False,False,False
2025-08-08 16:00:00+00:00,162.58,162.91,162.06,162.22,3287.0,,,,,,,,,,,,,,,,,,,,,,169.8603662049035,159.35119731338085,"rgba(239, 83, 80, 1.0)",0.0,0.0,4.671099101904946,170.33051341781078,-1.7363179930186425,0.0,0.0,0.0,0.0,0.0,0.0,0.0,0.0,38.20142798796552,-16.57786402298921,False,False,False,True,True,0.0,1,0.9051761137657731,1.0199719591404628,False,False,False,False,-0.3120308017508138,-0.3203427350442434,False,False,False,False,391753.0,343794.0819529562,False,False,False,False,9411.30952441278,False,False,False,False
2025-08-08 17:00:00+00:00,162.22,162.68,161.955,162.68,3541.0,,,,,,,,,,,,,,,,,,,,,,169.85075548448273,159.35322062773818,"rgba(239, 83, 80, 1.0)",0.0,0.0,4.6758241909702045,170.30738385411533,-1.631238374797126,0.0,0.0,0.0,0.0,0.0,0.0,0.0,0.0,40.64115175991677,-14.1404859902335,True,False,False,True,True,0.0,1,0.8964339037555993,1.0252670265303787,False,False,False,False,-0.31784720265889055,-0.31909496885156696,False,False,False,False,395294.0,344592.53029477084,False,False,False,False,9320.296973646691,False,False,False,False
2025-08-08 18:00:00+00:00,162.57,162.72,161.24,161.285,7284.0,,,,,,,,,,,,,,,,,,,,,,169.82923080579573,159.35644535096256,"rgba(239, 83, 80, 1.0)",0.0,0.0,4.67726448215549,170.25465561788684,-1.9177140082857214,0.0,0.0,0.0,0.0,0.0,0.0,0.0,0.0,39.28642612283977,-14.1404859902335,True,False,False,True,True,0.0,1,0.8908226942233931,1.0246178508043748,False,False,False,False,-0.3296307790467049,-0.32436287394913593,False,False,False,False,388010.0,345265.66935996816,False,False,False,False,9288.726477931237,False,False,False,False
2025-08-08 19:00:00+00:00,161.285,161.48,160.7,160.87,11663.0,,,,,,,,,,,,,,,,,,,,,,169.7919039835132,159.3600167433947,"rgba(239, 83, 80, 1.0)",0.0,0.0,4.682349676764074,170.1627759822656,-1.984639470302812,0.0,0.0,0.0,0.0,0.0,0.0,0.0,0.0,37.631027862092644,-14.1404859902335,False,False,False,True,False,0.0,1,0.8842690829844585,1.0357859723576313,False,False,False,False,-0.34282825441539394,-0.33359556418226494,False,False,False,False,376347.0,345747.5504551625,False,False,False,False,9325.536920133854,False,False,False,False
2025-08-11 14:00:00+00:00,160.93,161.46,159.02,159.09,8602.0,,,,,,,,,,,,,,,,,,,,,,169.76096318450334,159.36080346781094,"rgba(239, 83, 80, 1.0)",0.0,0.0,4.708900325901613,170.08585596707405,-2.335121834410176,0.0,0.0,0.0,0.0,0.0,0.0,0.0,0.0,33.90291496831469,-11.279302609022615,False,True,False,True,False,0.0,0,0.8749218971882992,1.0346492473729063,False,False,False,False,-0.34282825441539394,-0.33821190929882944,False,False,False,False,367745.0,346088.5961845398,False,False,False,False,9314.319293465112,False,False,False,False
2025-08-11 15:00:00+00:00,159.055,159.52,158.44,159.06,5884.0,,,,,,,,,,,,,,,,,,,,,,169.73810275694575,159.36042016127845,"rgba(239, 83, 80, 1.0)",0.0,0.0,4.728179637522419,170.02886047371027,-2.3198908067414257,0.0,0.0,0.0,0.0,0.0,0.0,0.0,0.0,31.379326122677522,-13.648052165508311,False,True,False,True,False,0.0,0,0.875394456289979,1.0446339729921827,False,False,False,False,-0.34282825441539394,-0.3405200818571117,False,False,False,False,361861.0,346333.1295770275,False,False,False,False,9261.136048605187,False,False,False,False
2025-08-11 16:00:00+00:00,159.06,159.44,158.52,158.65,4871.0,,,,,,,,,,,,,,,,,,,,,,169.7190113484161,159.35998112543592,"rgba(239, 83, 80, 1.0)",0.0,0.0,4.740624486554422,169.98169957488216,-2.3903389958478343,0.0,0.0,0.0,0.0,0.0,0.0,0.0,0.0,29.148944750370436,-15.755203124000303,False,True,False,True,False,0.0,0,0.8839344449846984,1.042387666962218,False,False,False,False,-0.34282825441539394,-0.34167416813625284,False,False,False,False,356990.0,346498.3523742829,False,False,False,False,9193.071923820611,False,False,False,False
2025-08-11 17:00:00+00:00,158.65,159.05,158.09,158.97,7726.0,,,,,,,,,,,,,,,,,,,,,158.70333333333335,169.68840414357842,159.35905005080903,"rgba(239, 83, 80, 1.0)",0.0,0.0,4.797844626815237,169.35761713565228,-2.1650590929092837,1.0,159.05,158.09,0.0,0.0,0.0,0.0,0.0,28.966660346443252,-16.04422570771829,False,True,False,True,False,0.0,0,0.8759718728561631,1.0454493482734972,True,False,False,False,-0.34282825441539394,-0.34225121127582336,False,False,False,False,364716.0,346780.7965235188,False,False,False,False,9170.326622676104,False,False,False,False
2025-08-11 18:00:00+00:00,158.97,159.19,158.43,158.71,7232.0,,,,,,,,,,,,,,,,,,,,,158.73878905379507,169.66009791634394,159.3582781017297,"rgba(239, 83, 80, 1.0)",0.0,0.0,4.856231158322241,169.29279112521937,-2.1792189828285613,0.0,0.0,0.0,0.0,0.0,0.0,0.0,0.0,28.412778222857444,-16.810596611845163,False,True,False,True,False,0.0,0,0.8788536195478422,1.0419045444165342,False,False,False,False,-0.3347733172174908,-0.3385122642466571,False,False,False,False,357484.0,346946.73766268906,False,False,False,False,9140.275047130737,False,False,False,False
2025-08-11 19:00:00+00:00,158.69,159.67,158.53,158.59,24863.0,,,,,,,,,,,,,,,,,,,,,158.8581752509145,169.56524932873384,159.35633531067842,"rgba(239, 83, 80, 1.0)",0.0,0.0,4.951023197552133,169.08334986825025,-2.1194305600180448,0.0,0.0,0.0,0.0,0.0,0.0,0.0,0.0,27.83414014733974,-17.65842870596928,False,True,False,True,False,0.0,0,0.8857004168808179,1.036691222660043,False,False,False,False,-0.3248582791479593,-0.3316852716973082,False,False,False,False,332621.0,346724.63320280245,True,False,False,False,9384.038224694601,False,False,False,False
2025-08-12 14:00:00+00:00,160.42,161.65,160.37,160.37,14908.0,,,,,,,,,,,,,,,,,,,,,159.38621395116544,169.51901903374582,159.3602423593832,"rgba(239, 83, 80, 1.0)",0.0,0.0,4.99907637685385,169.0139293675361,-1.7291052818393051,0.0,0.0,0.0,0.0,0.0,0.0,0.0,0.0,34.22836943732501,-20.565903220588766,False,True,False,True,True,0.0,0,0.8908518602540837,1.0227710980036306,False,False,False,False,-0.26166030901495874,-0.2966727903561335,False,False,False,False,347529.0,346737.10400585976,False,False,False,False,9469.68104291639,False,False,False,False
2025-08-12 15:00:00+00:00,160.44,160.79,159.74,159.75,6618.0,,,,,,,,,,,,,,,,,,,,,159.46249667193723,169.49700993151038,159.36112407595598,"rgba(239, 83, 80, 1.0)",0.0,0.0,5.054014927944756,168.97174391757972,-1.8246372535606636,0.0,0.0,0.0,0.0,0.0,0.0,0.0,0.0,36.95462370903193,-18.104082036918566,False,False,False,True,True,0.0,0,0.8859476845131361,1.0278370762530964,False,False,False,False,-0.27736331034635614,-0.28701805035124484,False,False,False,False,340911.0,346646.77681197046,False,False,False,False,9425.468933723887,False,False,False,False
2025-08-12 16:00:00+00:00,159.75,159.98,159.6,159.69,4446.0,,,,,,,,,,,,,,,,,,,,,159.48237537934634,169.48175446124063,159.36144341815427,"rgba(239, 83, 80, 1.0)",0.0,0.0,5.105318128990072,168.94079466131186,-1.8119918147278784,0.0,0.0,0.0,0.0,0.0,0.0,0.0,0.0,38.622834212907726,-16.56958152993583,True,False,False,True,True,0.0,0,0.8951842190110505,1.0259108362399987,False,False,False,False,-0.29545455279544475,-0.2912363015733448,False,False,False,False,336465.0,346488.91980713373,False,False,False,False,9348.267864983982,False,False,False,False
2025-08-12 17:00:00+00:00,159.91,160.32,159.76,160.23,17133.0,,,,,,,,,,,,,,,,,,,,,159.61066894982676,169.4254903184978,159.36374442231676,"rgba(239, 83, 80, 1.0)",0.0,0.0,5.135225283442603,168.83252022275684,-1.6751982138921486,0.0,0.0,0.0,0.0,0.0,0.0,0.0,0.0,41.603956036430894,-13.764449657062798,True,False,False,True,True,0.0,0,0.896977011155918,1.0188384893886333,False,False,False,False,-0.28591011217077106,-0.2885732068720579,False,False,False,False,353598.0,346599.1381046975,False,False,False,False,9468.961386457098,False,False,False,False
2025-08-12 18:00:00+00:00,160.28,160.64,160.07,160.16,25088.0,,,,,,,,,,,,,,,,,,,,,159.76845458304788,169.34593523972046,159.36793210209697,"rgba(239, 83, 80, 1.0)",0.0,0.0,5.163156480084081,168.68389995327698,-1.65090870016362,0.0,0.0,0.0,0.0,0.0,0.0,0.0,0.0,43.371102474870966,-12.071915203143078,True,False,False,True,True,0.0,0,0.8937787203959,1.0180570283963721,False,False,False,False,-0.2739556872132987,-0.2812644470426783,False,False,False,False,328510.0,346318.6863511363,False,False,False,False,9711.117023876368,False,False,False,False
2025-08-12 19:00:00+00:00,160.175,160.495,158.9,159.1,24259.0,,,,,,,,,,,,,,,,,,,,,159.71891407669492,169.2637049769762,159.36849969467895,"rgba(239, 83, 80, 1.0)",0.0,0.0,5.193034191791294,168.52070836991524,-1.8141048223419556,0.0,0.0,0.0,0.0,0.0,0.0,0.0,0.0,41.55704494725181,-12.071915203143078,True,False,False,True,True,0.0,0,0.8890489489930916,1.0202557695134509,False,False,False,False,-0.29899921213700625,-0.2901318295898423,False,False,False,False,304251.0,345666.4741596458,False,False,False,False,9936.665597149602,False,False,False,False
2025-08-13 14:00:00+00:00,159.58,160.14,158.44,158.93,15219.0,,,,,,,,,,,,,,,,,,,,,159.66227423634277,169.21110375041243,159.36795913482507,"rgba(239, 83, 80, 1.0)",0.0,0.0,5.219400422056353,168.41666320003122,-1.8175771990863343,0.0,0.0,0.0,0.0,0.0,0.0,0.0,0.0,39.925699932057285,-12.071915203143078,True,False,False,True,False,0.0,0,0.8822478622466913,1.0257408925852183,False,False,False,False,-0.3147034714076663,-0.3024176504987543,False,False,False,False,289032.0,344788.4202967055,False,False,False,False,10018.562254558135,False,False,False,False
2025-08-13 15:00:00+00:00,158.935,159.87,158.63,158.88,26252.0,,,,,,,,,,,,,,,,,,,,,159.5813461472051,169.1212602464094,159.36683098001637,"rgba(239, 83, 80, 1.0)",0.0,0.0,5.241939171649696,168.24382997335215,-1.786329384361256,0.0,0.0,0.0,0.0,0.0,0.0,0.0,0.0,38.70464734700522,-12.071915203143078,False,False,False,True,False,0.0,1,0.8839732155910994,1.0268136495219167,False,False,False,False,-0.31625301040903775,-0.30933533045389605,False,False,False,False,262780.0,343516.9719200124,False,False,False,False,10270.243459913823,False,False,False,False
2025-08-13 16:00:00+00:00,158.94,160.255,158.94,159.86,12578.0,,,,,,,,,,,,,,,,,,,,,159.58834348600809,169.0811519471348,159.36754212840134,"rgba(239, 83, 80, 1.0)",0.0,0.0,5.254839397173452,168.17179235841058,-1.5817405119710104,0.0,0.0,0.0,0.0,0.0,0.0,0.0,0.0,42.014453501219805,-12.071915203143078,True,False,False,True,True,0.0,0,0.8891631405735783,1.0272390691114255,False,False,False,False,-0.3028395056234904,-0.3060874180386932,False,False,False,False,275358.0,342460.2436731905,False,False,False,False,10306.02263107795,False,False,False,False
2025-08-13 17:00:00+00:00,159.89,160.74,159.74,160.65,19380.0,,,,,,,,,,,,,,,,,,,,,159.66261453461806,169.02451697609624,159.37100547702622,"rgba(239, 83, 80, 1.0)",0.0,0.0,5.218517466632227,168.07752924375325,-1.4233025550351566,0.0,0.0,0.0,0.0,0.0,0.0,0.0,0.0,46.78381167021456,-8.827685154271279,True,False,False,False,True,0.0,0,0.8907169766894283,1.0219272427595958,False,False,False,False,-0.2783109849682784,-0.2921992015034858,False,False,False,False,294738.0,341720.3639263193,False,False,False,False,10446.704450751162,False,False,False,False
2025-08-13 18:00:00+00:00,160.68,161.18,160.34,160.925,18049.0,,,,,,,,,,,,,,,,,,,,,159.75557235498388,168.9750705538087,159.37560624603978,"rgba(239, 83, 80, 1.0)",0.0,0.0,5.164148642147536,167.99972218733603,-1.3699687359103523,0.0,0.0,0.0,0.0,0.0,0.0,0.0,0.0,50.7695412062357,-5.201404428079599,True,False,True,False,True,0.0,0,0.8959205329246012,1.0170665566232397,False,False,False,False,-0.2586966957980334,-0.2754479486507596,False,False,False,False,312787.0,341271.7846406399,False,False,False,False,10564.569498026338,False,False,False,False
2025-08-13 19:00:00+00:00,160.925,161.825,160.92,161.75,33773.0,,,,,,,,,,,,,,,,,,,,,159.98412684513548,168.89174491594468,159.38818663380715,"rgba(239, 83, 80, 1.0)",0.0,0.0,5.096506016534521,167.87986812675433,-1.2027589307002264,0.0,0.0,0.0,0.0,0.0,0.0,0.0,0.0,55.59214781262989,-0.8522678952430738,True,False,True,False,True,0.0,0,0.8999852616064852,1.0122033898305096,False,False,False,False,-0.23583934083807537,-0.2556436447444175,False,False,False,False,346560.0,341353.7724756687,False,False,False,False,10924.390125963913,False,False,False,False
2025-08-14 14:00:00+00:00,159.465,160.81,159.34,160.44,18563.0,,,,,,,,,,,,,,,,,,,,,159.99841718371383,168.8388070571027,159.39081166998756,"rgba(239, 83, 80, 1.0)",0.0,0.0,5.041705259028423,167.7933860538908,-1.4585116892191865,0.0,0.0,0.0,0.0,0.0,0.0,0.0,0.0,54.03350657037581,-0.8522678952430738,True,False,True,False,True,0.0,0,0.8858987844787286,1.0140836839644705,False,False,False,False,-0.28457796496215404,-0.27011080485328576,False,False,False,False,327997.0,341146.6907318598,False,False,False,False,11042.818186026487,False,False,False,False
2025-08-14 15:00:00+00:00,160.49,161.34,160.15,161.19,11749.0,,,,,,,,,,,,,,,,,,,,,160.0349462135846,168.8083073891209,159.39389306874412,"rgba(239, 83, 80, 1.0)",0.0,0.0,4.953034991863728,167.74713868112346,-1.3238627814854467,0.0,0.0,0.0,0.0,0.0,0.0,0.0,0.0,55.021187889566335,-0.8522678952430738,True,False,True,False,True,0.0,0,0.8900140072370729,1.0120520602311205,False,False,False,False,-0.25925970634689094,-0.2646852556000884,False,False,False,False,339746.0,341124.9745964821,False,False,False,False,11053.76674128189,False,False,False,False
2025-08-14 16:00:00+00:00,161.14,161.285,160.51,160.81,10599.0,,,,,,,,,,,,,,,,,,,,,160.06454418326717,168.78090697860947,159.39661586780934,"rgba(239, 83, 80, 1.0)",0.0,0.0,4.850183786802476,167.70572998820674,-1.4217461216563108,0.0,0.0,0.0,0.0,0.0,0.0,0.0,0.0,54.42661642840574,-0.8522678952430738,True,False,True,False,True,0.0,0,0.9128040248876191,1.0093477419546912,False,False,False,False,-0.2535431859584464,-0.2591142207792674,False,False,False,False,329147.0,340939.2695639785,False,False,False,False,11046.716094130234,False,False,False,False
2025-08-14 17:00:00+00:00,160.79,161.55,160.68,161.4,12270.0,,,,,,,,,,,,,,,,,,,,,160.10977919033598,168.7507814959752,159.40048425954154,"rgba(239, 83, 80, 1.0)",0.0,0.0,4.754624551067878,167.6620632062743,-1.3170468328288605,0.0,0.0,0.0,0.0,0.0,0.0,0.0,0.0,55.6404265706497,-0.456855924972686,True,False,True,False,True,0.0,0,0.9086238312871525,0.9970427457657506,False,False,False,False,-0.24541800061595676,-0.25226611069761207,False,False,False,False,341417.0,340946.67623740516,False,False,False,False,11065.681736081702,False,False,False,False
2025-08-14 18:00:00+00:00,161.4,161.81,161.32,161.57,16620.0,,,,,,,,,,,,,,,,,,,,,160.18375297741798,168.71226814114132,159.40672547275486,"rgba(239, 83, 80, 1.0)",0.0,0.0,4.6539485076338645,167.60882453374248,-1.297570122195596,0.0,0.0,0.0,0.0,0.0,0.0,0.0,0.0,56.90249943041928,1.1024389674314747,True,False,True,False,True,0.0,0,0.9059306542000062,0.9992508016422438,False,False,False,False,-0.2287063408924408,-0.24048622579502643,False,False,False,False,358037.0,341211.6424972904,False,False,False,False,11151.795197537798,False,False,False,False
2025-08-14 19:00:00+00:00,161.56,162.555,161.5,162.32,26119.0,,,,,,,,,,,,,,,,,,,,,160.3272083224877,168.65723486052823,159.4189781451196,"rgba(239, 83, 80, 1.0)",0.0,0.0,4.55161207656048,167.53872457988737,-1.1465662038209143,0.0,0.0,0.0,0.0,0.0,0.0,0.0,0.0,59.61745023496177,3.9681192109253587,True,False,True,False,True,0.0,0,0.907669687331213,0.9954389965792484,False,False,False,False,-0.21166024765682726,-0.22607323672592683,False,False,False,False,384156.0,341877.44648958044,False,False,False,False,11383.844884397677,False,False,False,False
2025-08-15 14:00:00+00:00,162.19,162.91,161.54,162.38,13059.0,,,,,,,,,,,,,,,,,,,,,160.39667017277716,168.6306935426005,159.42540395860587,"rgba(38, 166, 154, 1.0)",0.0,0.0,4.429591630049511,167.50574901928232,-1.1571606250359996,0.0,0.0,0.0,0.0,0.0,0.0,0.0,0.0,61.57089040865536,6.048655449139936,True,False,True,False,True,0.0,0,0.9085176329946207,0.9896891811117763,False,False,False,False,-0.20441841819374254,-0.21524582745983467,False,False,False,False,397215.0,342735.39305563347,False,False,False,False,11409.816281538799,False,False,False,False
2025-08-15 15:00:00+00:00,162.35,162.81,162.17,162.565,5654.0,,,,,,,,,,,,,,,,,,,,,160.42885292587093,168.619699098532,159.4284089152133,"rgba(38, 166, 154, 1.0)",0.0,0.0,4.267171748327614,167.49263656989578,-1.154778120151132,0.0,0.0,0.0,0.0,0.0,0.0,0.0,0.0,63.344590892521225,7.947216764293266,True,False,True,False,True,0.0,0,0.9167117198293989,0.9899981978734917,False,False,False,False,-0.19473450966453312,-0.20499016856218388,False,False,False,False,402869.0,343667.69703926705,False,False,False,False,11320.578819809514,False,False,False,False
2025-08-15 16:00:00+00:00,162.66,163.43,162.66,162.79,5165.0,,,,,,,,,,,,,,,,,,,,,160.4635007191029,168.61041963682968,159.431543902218,"rgba(38, 166, 154, 1.0)",0.0,0.0,4.063265935557089,167.16416382863997,-1.0765142862942503,0.0,0.0,0.0,0.0,0.0,0.0,0.0,0.0,65.11280314291359,9.834413686799493,True,False,True,False,True,0.0,0,0.9184142835527311,0.9920108942351348,False,False,False,False,-0.17456721365366482,-0.18977869110792434,False,False,False,False,408034.0,344665.6242169528,False,False,False,False,11225.143489269833,False,False,False,False
2025-08-15 17:00:00+00:00,162.77,162.98,162.66,162.86,6989.0,,,,,,,,,,,,,,,,,,,,,160.50659800265933,168.59763110867866,159.43562517967257,"rgba(38, 166, 154, 1.0)",0.0,0.0,3.9649759698435716,167.1469395219067,-1.0812018923978006,0.0,0.0,0.0,0.0,0.0,0.0,0.0,0.0,66.48220053586732,11.354157108855276,True,False,True,False,True,0.0,0,0.916471482889734,0.9930038022813699,False,False,False,False,-0.18272531389611188,-0.18625200250201812,False,False,False,False,415023.0,345756.43624459696,False,False,False,False,11159.466846025338,False,False,False,False
2025-08-15 18:00:00+00:00,162.87,163.02,162.16,162.74,14865.0,,,,,,,,,,,,,,,,,,,,,160.58604421358,168.56971240740293,159.44378113945461,"rgba(38, 166, 154, 1.0)",0.0,0.0,3.865318574798225,167.10919717252966,-1.1303588793474109,0.0,0.0,0.0,0.0,0.0,0.0,0.0,0.0,66.61114160774682,11.771547269252629,True,False,True,False,True,0.0,0,0.9129111767032835,0.991723214557406,False,False,False,False,-0.19108965162211028,-0.1886708270620642,False,False,False,False,400158.0,346599.87134157994,False,False,False,False,11216.91697244355,False,False,False,False
2025-08-15 19:00:00+00:00,162.74,162.785,162.06,162.395,25059.0,,,,,,,,,,,,,,,,,,,,,160.69397976357445,168.52145895557058,159.4564682317499,"rgba(38, 166, 154, 1.0)",0.0,0.0,3.735898438681063,167.04531814479975,-1.244765675814653,0.0,0.0,0.0,0.0,0.0,0.0,0.0,0.0,64.49008484303283,11.771547269252629,True,False,True,False,True,0.0,0,0.9118701756518569,0.9912174071597896,False,False,False,False,-0.1971976748575881,-0.19293425095982614,False,False,False,False,375099.0,347041.71829752444,False,False,False,False,11431.522910855278,False,False,False,False
2025-08-18 14:00:00+00:00,162.52,162.52,161.15,161.935,20761.0,,,,,,,,,,,,,,,,,,,,,160.74876846833084,168.47853475078222,159.46497518727608,"rgba(38, 166, 154, 1.0)",0.0,0.0,3.5979003987429525,166.98150069443494,-1.402623790307843,0.0,0.0,0.0,0.0,0.0,0.0,0.0,0.0,60.47902975760661,15.260409009151985,True,False,True,False,False,0.0,0,0.9051395362915434,0.9956413826502823,False,False,False,False,-0.21873984806349459,-0.20583704951166037,False,False,False,False,354338.0,347154.8389440744,False,False,False,False,11576.165966500932,False,False,False,False
2025-08-18 15:00:00+00:00,161.81,162.45,161.56,162.18,12685.0,,,,,,,,,,,,,,,,,,,,,160.78520269940566,168.45334520117507,159.4705628145919,"rgba(38, 166, 154, 1.0)",0.0,0.0,3.507119120092431,166.9486903514389,-1.3597172460207771,0.0,0.0,0.0,0.0,0.0,0.0,0.0,0.0,58.9446377857319,13.757238137536355,True,False,True,False,False,0.0,0,0.9040855795962771,0.9993956243200784,False,False,False,False,-0.21248664225613828,-0.20916184588389933,False,False,False,False,367023.0,347462.8724488174,False,False,False,False,11593.357191826499,False,False,False,False
2025-08-18 16:00:00+00:00,162.17,162.35,161.93,162.15,14119.0,,,,,,,,,,,,,,,,,,,,,160.8258458668928,168.42588777445553,159.47694493945457,"rgba(38, 166, 154, 1.0)",0.0,0.0,3.400413385043729,166.91465008381567,-1.40119730876615,0.0,0.0,0.0,0.0,0.0,0.0,0.0,0.0,57.739012152780106,12.499652557973377,True,False,True,False,False,0.0,0,0.901801134961757,1.015574882802863,False,False,False,False,-0.20753252058562063,-0.20834718323475998,False,False,False,False,352904.0,347547.2310155024,False,False,False,False,11632.514444666398,False,False,False,False
2025-08-18 17:00:00+00:00,162.15,162.87,162.15,162.83,11757.0,,,,,,,,,,,,,,,,,,,,,160.86938712499256,168.40491435011393,159.48317546504254,"rgba(38, 166, 154, 1.0)",0.0,0.0,3.2899000614623164,166.8932276665879,-1.2350611236445406,0.0,0.0,0.0,0.0,0.0,0.0,0.0,0.0,59.91467417671454,12.499652557973377,True,False,True,False,True,0.0,0,0.9103557263262275,0.999349281110561,False,False,False,False,-0.19400513215581164,-0.2011761576952858,False,False,False,False,364661.0,347812.5607672,False,False,False,False,11634.444453276223,False,False,False,False
2025-08-18 18:00:00+00:00,162.8,162.81,162.215,162.77,20771.0,,,,,,,,,,,,,,,,,,,,,160.94059463616276,168.3681123430813,159.49405861369587,"rgba(38, 166, 154, 1.0)",0.0,0.0,3.2012254128910484,166.85474674304024,-1.2759947258294644,0.0,0.0,0.0,0.0,0.0,0.0,0.0,0.0,60.94793129366851,12.499652557973377,True,False,True,False,True,0.0,1,0.9078535330046819,0.9975506154466259,False,False,False,False,-0.19391397431526708,-0.19754506600527644,False,False,False,False,343890.0,347751.7458715845,False,False,False,False,11776.096477256437,False,False,False,False
2025-08-18 19:00:00+00:00,162.76,162.96,162.28,162.67,21244.0,,,,,,,,,,,,,,,,,,,,,161.0091510931582,168.33119861279127,159.5052476985064,"rgba(38, 166, 154, 1.0)",0.0,0.0,3.085868557918833,166.81627628235918,-1.343633471269924,0.0,0.0,0.0,0.0,0.0,0.0,0.0,0.0,60.89680211348858,12.499652557973377,True,False,True,False,True,0.0,1,0.9090852597564008,0.9975453641561032,False,False,False,False,-0.18999717592004772,-0.19377112096266208,False,False,False,False,322646.0,347362.5095014824,False,False,False,False,11922.885679159437,False,False,False,False
2025-08-19 14:00:00+00:00,163.885,165.33,163.68,164.33,20582.0,,,,,,,,,,,,,,,,,,,,,161.13869504144745,168.30710997648333,159.52223450684343,"rgba(38, 166, 154, 1.0)",0.0,0.0,2.9845124822577054,166.8142085818136,-0.8323666248949146,0.0,0.0,0.0,0.0,0.0,0.0,0.0,0.0,66.04860732949477,11.439465173389749,True,False,True,False,True,0.0,1,0.9145112735762121,0.9823370399950856,False,False,False,False,-0.12213644501297226,-0.15795378298781718,False,False,False,False,343228.0,347298.4085789788,False,False,False,False,12057.135513591073,False,False,False,False
2025-08-19 15:00:00+00:00,164.33,164.67,163.49,163.5,20566.0,,,,,,,,,,,,,,,,,,,,,161.2384176283409,168.27988804957138,159.53717486068558,"rgba(38, 166, 154, 1.0)",0.0,0.0,2.8669665640314945,166.79899287265349,-1.1506910872425664,0.0,0.0,0.0,0.0,0.0,0.0,0.0,0.0,64.83886005881463,11.439465173389749,True,False,True,False,True,0.0,1,0.9151621223286663,0.9864591009579964,False,False,False,False,-0.13731751490105473,-0.14763564894443595,False,False,False,False,322662.0,346916.4487560489,False,False,False,False,12189.055893225319,False,False,False,False
2025-08-19 16:00:00+00:00,163.42,163.54,162.93,163.345,16920.0,,,,,,,,,,,,,,,,,,,,,161.29736248086724,168.2546420652272,159.54766288719316,"rgba(38, 166, 154, 1.0)",0.0,0.0,2.7370758020086337,166.7765264093541,-1.2537199031301318,0.0,0.0,0.0,0.0,0.0,0.0,0.0,0.0,63.264144666736215,11.439465173389749,True,False,True,False,False,0.0,1,0.911511814920203,0.9971235927254739,False,False,False,False,-0.16769606285038857,-0.15766585589741228,False,False,False,False,305742.0,346278.0852094435,False,False,False,False,12262.403863872989,False,False,False,False
2025-08-19 17:00:00+00:00,163.39,163.79,162.89,163.52,15410.0,,,,,,,,,,,,,,,,,,,,,161.35145086108562,168.23245606644394,159.55749121006482,"rgba(38, 166, 154, 1.0)",0.0,0.0,2.713251182986425,166.75768346376344,-1.1932855623782586,0.0,0.0,0.0,0.0,0.0,0.0,0.0,0.0,62.80990373429872,11.439465173389749,True,False,True,False,False,0.0,1,0.9034672605239553,0.99789675543596,False,False,False,False,-0.16390560782567412,-0.1607857318615432,False,False,False,False,321152.0,345888.53350076993,False,False,False,False,12311.203803967981,False,False,False,False
2025-08-19 18:00:00+00:00,163.46,164.19,162.96,164.1,23961.0,,,,,,,,,,,,,,,,,,,,,161.4436990491875,168.2008285611698,159.57405699403762,"rgba(38, 166, 154, 1.0)",0.0,0.0,2.696532788800524,166.73503640977395,-0.9771942773023283,0.0,0.0,0.0,0.0,0.0,0.0,0.0,0.0,64.3246434184176,11.439465173389749,True,False,True,False,False,0.0,0,0.9049600789173529,0.9933721754678019,False,False,False,False,-0.15543892828868636,-0.15811233007511477,False,False,False,False,345113.0,345876.5097255642,False,False,False,False,12491.820799255298,False,False,False,False
2025-08-19 19:00:00+00:00,164.07,165.16,164.03,164.4,22916.0,,,,,,,,,,,,,,,,,,,,,161.55319388775104,168.1762234096023,159.59271477983322,"rgba(38, 166, 154, 1.0)",0.0,0.0,2.6795802531979858,166.72688288717717,-0.8683758899925126,0.0,0.0,0.0,0.0,0.0,0.0,0.0,0.0,66.17106329131943,11.82357449485692,True,False,True,False,True,0.0,0,0.9123583079900472,0.9861456701379296,False,False,False,False,-0.11892903639383111,-0.13852068323447295,False,False,False,False,368029.0,346219.95918718335,False,False,False,False,12653.435980662192,False,False,False,False
2025-08-20 14:00:00+00:00,163.93,164.37,163.605,163.86,7197.0,,,,,,,,,,,,,,,,,,,,,161.57955002929515,168.16733493343986,159.59785463228187,"rgba(38, 166, 154, 1.0)",0.0,0.0,2.666970854834336,166.72080574501655,-1.0726797931934053,0.0,0.0,0.0,0.0,0.0,0.0,0.0,0.0,64.26492380717285,11.82357449485692,True,False,True,False,True,0.0,0,0.9129713794374156,0.9885456332145934,False,False,False,False,-0.14062974285875396,-0.13957521304661347,False,False,False,False,360832.0,346446.50245559914,False,False,False,False,12568.840073985259,False,False,False,False
2025-08-20 15:00:00+00:00,164.02,166.0,163.78,166.0,18637.0,,,,,,,,,,,,,,,,,,,,,161.68165858591578,168.15160507421302,159.61511749086915,"rgba(38, 166, 154, 1.0)",0.0,0.0,2.674827546852442,166.72339222470495,-0.2704444350276681,0.0,0.0,0.0,0.0,0.0,0.0,0.0,0.0,67.94054431038725,13.44162917097178,True,False,True,False,True,3.1815573757830506,0,0.916271289537713,0.9767335766423363,False,False,False,False,-0.10843256118742832,-0.1240038871170209,False,False,False,False,379469.0,346958.47916171385,False,False,False,False,12662.9200728382,False,False,False,False
2025-08-20 16:00:00+00:00,166.015,166.14,165.46,165.745,16624.0,,,,,,,,,,,,,,,,,,,,,161.7806708164763,168.14022263131912,159.63184202215882,"rgba(38, 166, 154, 1.0)",0.0,0.0,2.678224040106477,166.73119029695908,-0.368225466649113,0.0,0.0,0.0,0.0,0.0,0.0,0.0,0.0,69.18901711991428,14.63140398342884,True,False,True,False,True,2.5359726448082114,0,0.9237602229913928,0.9833981682849885,False,False,False,False,-0.07619287098431395,-0.10009837905066743,False,False,False,False,362845.0,347204.7818103694,False,False,False,False,12724.33216473218,False,False,False,False
2025-08-20 17:00:00+00:00,165.745,166.32,165.56,166.2,10600.0,,,,,,,,,,,,,,,,,,,,,161.84506069038204,168.1337697372483,159.6428818000041,"rgba(38, 166, 154, 1.0)",0.0,0.0,2.6274555173191305,166.73752406901866,-0.20457970286291444,0.0,0.0,0.0,0.0,0.0,0.0,0.0,0.0,70.8490783194758,16.270196870368835,True,False,True,False,True,3.609308559851076,0,0.9256112150679472,0.9810730390502782,False,False,False,False,-0.07124857792788318,-0.08567347848927531,False,False,False,False,373445.0,347611.60689858074,False,False,False,False,12691.396782333233,False,False,False,False
2025-08-20 18:00:00+00:00,166.2,166.45,165.73,166.24,15660.0,,,,,,,,,,,,,,,,,,,,,161.9391756000066,168.1248171783593,159.65941024954142,"rgba(38, 166, 154, 1.0)",0.0,0.0,2.5993339288881514,166.74738567951013,-0.1951983444186231,0.0,0.0,0.0,0.0,0.0,0.0,0.0,0.0,72.02982868896719,17.502415740797588,True,False,True,False,True,3.7040414148143057,0,0.9252419453632243,0.9787149332353309,False,False,False,False,-0.06595497101080926,-0.07581422475004229,False,False,False,False,389105.0,348254.91531875776,False,False,False,False,12737.421638421089,False,False,False,False
2025-08-20 19:00:00+00:00,166.28,166.67,165.735,165.84,20095.0,,,,,,,,,,,,,,,,,,,,,162.05247194699265,168.11311211941867,159.68030705149752,"rgba(38, 166, 154, 1.0)",0.0,0.0,2.5808643970637575,166.75795833317366,-0.3556786378308046,0.0,0.0,0.0,0.0,0.0,0.0,0.0,0.0,70.62965919897258,17.502415740797588,True,False,True,False,True,2.652590721885968,0,0.9242452022980078,0.9795562889622302,False,False,False,False,-0.061987202825582406,-0.06890071378781235,False,False,False,False,369010.0,348576.69957738166,False,False,False,False,12851.492620771149,False,False,False,False
2025-08-21 14:00:00+00:00,164.93,165.34,163.13,163.62,14848.0,,,,,,,,,,,,,,,,,,,,,162.09164324713493,168.0959009654924,159.69073953851623,"rgba(38, 166, 154, 1.0)",0.0,0.0,2.5467722780082362,166.74403088796691,-1.2266628292381652,0.0,0.0,0.0,0.0,0.0,0.0,0.0,0.0,61.6662695033652,16.790493847925163,True,False,True,False,False,0.0,0,0.9121177393087643,0.9837746546836365,False,False,False,False,-0.1317739627451372,-0.10033733826647477,False,False,False,False,354162.0,348663.29338238353,False,False,False,False,12882.44622354989,False,False,False,False
2025-08-21 15:00:00+00:00,163.625,164.41,163.375,164.22,19790.0,,,,,,,,,,,,,,,,,,,,,162.14077301621143,168.07302728292964,159.70447653091475,"rgba(38, 166, 154, 1.0)",0.0,0.0,2.497968484497906,166.7251768023106,-1.002885672040077,0.0,0.0,0.0,0.0,0.0,0.0,0.0,0.0,57.51841985798531,13.281791909088135,False,False,True,False,False,0.0,0,0.9176789751318766,0.9878221552373782,False,False,False,False,-0.14403468505263534,-0.12218601165955506,False,False,False,False,373952.0,349055.3663531993,False,False,False,False,12989.540080549117,False,False,False,False
2025-08-21 16:00:00+00:00,164.17,164.42,164.065,164.1,6332.0,,,,,,,,,,,,,,,,,,,,,162.15754135136416,168.06610747979684,159.70905026058117,"rgba(38, 166, 154, 1.0)",0.0,0.0,2.4219916102983436,166.71999003906342,-1.0817502537676795,0.0,0.0,0.0,0.0,0.0,0.0,0.0,0.0,54.40110861923969,10.6547314443604,False,False,True,False,False,0.0,0,0.9211286448356595,0.9963209583751413,False,False,False,False,-0.13150593317815457,-0.1268459724188548,False,False,False,False,367620.0,349343.19013066904,False,False,False,False,12886.322404881688,False,False,False,False
2025-08-21 17:00:00+00:00,164.13,164.99,163.955,164.88,10139.0,,,,,,,,,,,,,,,,,,,,,162.1891613952978,168.0562561551393,159.71702749871275,"rgba(38, 166, 154, 1.0)",0.0,0.0,2.400611459268987,166.71446742805747,-0.7641667380093633,0.0,0.0,0.0,0.0,0.0,0.0,0.0,0.0,54.666315309361366,10.6547314443604,False,True,True,False,False,0.3029324276892851,0,0.9203749923905767,0.9930906434528526,False,False,False,False,-0.12329528729257518,-0.125070629855715,False,False,False,False,377759.0,349783.7453224416,False,False,False,False,12843.728259069569,False,False,False,False
2025-08-21 18:00:00+00:00,164.87,165.175,164.57,165.145,9127.0,,,,,,,,,,,,,,,,,,,,,162.22101124646116,168.04834413061303,159.7247058939709,"rgba(38, 166, 154, 1.0)",0.0,0.0,2.362390332073909,166.7115846702489,-0.6631354052628567,0.0,0.0,0.0,0.0,0.0,0.0,0.0,0.0,55.57916129234319,10.6547314443604,False,True,True,False,False,0.9451714625819285,0,0.9182497331910355,0.9959749961884439,False,False,False,False,-0.10905454735657492,-0.11706258860614496,False,False,False,False,386886.0,350358.9740771325,False,False,False,False,12786.104565130505,False,False,False,False
2025-08-21 19:00:00+00:00,165.145,165.245,164.455,164.945,38442.0,,,,,,,,,,,,,,,,,,,,,162.34373587643498,168.01458851544535,159.75630098714126,"rgba(38, 166, 154, 1.0)",0.0,0.0,2.3178279518569957,166.69674553923133,-0.7557703054827147,0.0,0.0,0.0,0.0,0.0,0.0,0.0,0.0,55.41917115976363,10.6547314443604,False,True,True,False,False,0.44561429970182687,0,0.917210465329024,0.9952430322619998,False,False,False,False,-0.10985436744275663,-0.1134584780244508,False,False,False,False,348444.0,350329.2845565568,False,False,False,False,13183.870385826156,False,False,False,False
2025-08-22 14:00:00+00:00,166.39,168.71,166.39,168.58,12280.0,,,,,,,,,,,,,,,,,,,,,162.42431908317155,168.01417702611735,159.7721950567286,"rgba(38, 166, 154, 1.0)",0.0,0.0,2.3374840328008206,166.7149770852272,0.7978762158807624,0.0,0.0,0.0,0.0,1.0,165.85,165.245,0.0,62.06148877869145,5.888825305690801,True,False,True,False,True,8.551800661125363,0,0.9207351752626698,0.9800041907384685,False,False,False,False,-0.011783097341012762,-0.06262078768273178,False,False,False,False,360724.0,350490.4429355249,False,False,False,False,13169.856891472262,False,False,False,False
2025-08-22 15:00:00+00:00,168.48,169.56,165.85,169.44,9530.0,,,,,,,,,,,,,,,,,,,,,162.48960741073336,168.01488401909603,159.78507735676487,"rgba(38, 166, 154, 1.0)",0.0,0.0,2.385824880487993,166.7310372169911,1.135440746369789,0.0,0.0,0.0,0.0,1.0,169.35,168.71,0.0,67.37032352993657,10.763730193684914,True,False,True,False,True,10.251381608950119,0,0.9200564722491841,0.9745286626077242,False,False,False,False,0.03552569644543637,-0.013547545618647707,False,False,False,False,370254.0,350796.85467295867,False,False,False,False,13113.425001681993,False,False,False,False
2025-08-22 16:00:00+00:00,169.35,170.49,169.35,170.25,11154.0,,,,,,,,,,,,,,,,,,,,,162.58668414933214,168.02106013185764,159.80319424104823,"rgba(38, 166, 154, 1.0)",0.0,0.0,2.4422688498874012,166.7613428891463,1.4284492516106635,0.0,0.0,0.0,0.0,0.0,0.0,0.0,0.0,71.65770942735367,14.60892612232972,True,False,True,False,True,11.804851597026502,0,0.9603205806744295,0.967155602600938,False,False,False,False,0.12478123589529011,0.0556168451383212,False,False,False,False,381408.0,351271.44607337785,False,False,False,False,13083.046319485373,False,False,False,False
2025-08-22 17:00:00+00:00,170.31,171.09,170.3,170.655,5500.0,,,,,,,,,,,,,,,,,,,,,162.63774886204018,168.02507500681344,159.8126717948847,"rgba(38, 166, 154, 1.0)",0.0,0.0,2.5872443512989918,166.7782164548312,1.4984218801066678,0.0,0.0,0.0,0.0,0.0,0.0,0.0,0.0,74.87339570995672,17.501993528859174,True,False,True,False,True,12.569067571470597,0,0.9547439941761713,0.964177384130066,False,False,False,False,0.15641013151347172,0.10601348832589647,False,False,False,False,386908.0,351823.9507854185,False,False,False,False,12965.479709880949,False,False,False,False
2025-08-22 18:00:00+00:00,170.655,170.655,170.13,170.56,6925.0,,,,,,,,,,,,,,,,,,,,,162.6992962751397,168.02967041194916,159.82432576243764,"rgba(38, 166, 154, 1.0)",0.0,0.0,2.7466674319941258,166.7982108706498,1.3695830392611765,0.0,0.0,0.0,0.0,0.0,0.0,0.0,0.0,76.63471242173325,19.175558576014836,True,False,True,False,True,12.316329683562447,0,0.9721766072811778,0.9632223082881493,False,False,False,False,0.14403112131564777,0.12502230482077212,False,False,False,False,379983.0,352260.52519184607,False,False,False,False,12871.82886166574,False,False,False,False
2025-08-22 19:00:00+00:00,170.525,170.81,170.18,170.59,13317.0,,,,,,,,,,,,,,,,,,,,,162.81613775850295,168.0387433449695,159.84682980482327,"rgba(38, 166, 154, 1.0)",0.0,0.0,2.895022145894651,166.8365073744264,1.2965333031722523,0.0,0.0,0.0,0.0,0.0,0.0,0.0,0.0,77.84191977005626,20.504250277976922,True,False,True,False,True,12.374572437800776,0,0.9687393394324706,0.9461001705690808,False,False,False,False,0.14822056777972215,0.13662143630024715,False,False,False,False,393300.0,352896.79611910426,False,False,False,False,12878.730739779448,False,False,False,False
2025-08-25 14:00:00+00:00,171.33,172.34,170.67,172.34,19227.0,,,,,,,,,,,,,,,,,,,,,163.00532092647805,168.05828524664506,159.8829581058094,"rgba(38, 166, 154, 1.0)",0.0,0.0,3.0973329852660165,166.9043566459357,1.7549431655949168,0.0,0.0,0.0,0.0,0.0,0.0,0.0,0.0,80.26989997890732,23.060689231955067,True,False,True,False,True,15.656660194690598,0,0.9690499630814671,0.9370846665025848,False,False,False,False,0.18980371458142972,0.16321257544083845,False,False,False,False,412527.0,353821.29540407937,False,False,False,False,12977.153519007672,False,False,False,False
2025-08-25 15:00:00+00:00,172.18,172.62,172.06,172.345,8509.0,,,,,,,,,,,,,,,,,,,,,163.09168511874998,168.06815518464342,159.89962401805252,"rgba(38, 166, 154, 1.0)",0.0,0.0,3.2831888229040587,166.93641045424113,1.6473586618069824,0.0,0.0,0.0,0.0,0.0,0.0,0.0,0.0,81.89248089381677,24.891594082132997,True,False,True,False,True,15.665726096212065,0,0.9779066897062458,0.9384102690693661,False,False,False,False,0.2246724739747754,0.19394252470780693,False,False,False,False,421036.0,354863.383847427,False,False,False,False,12907.87982103856,False,False,False,False
2025-08-25 16:00:00+00:00,172.32,172.58,172.09,172.5,14422.0,,,,,,,,,,,,,,,,,,,,,163.23521811758482,168.08496840815215,159.92787899746813,"rgba(38, 166, 154, 1.0)",0.0,0.0,3.4598432917689954,166.9900368034983,1.5925470409627982,0.0,0.0,0.0,0.0,0.0,0.0,0.0,0.0,83.10738331506923,26.398369052299387,True,False,True,False,True,15.951081812192701,0,0.9825422465208751,0.9369408548707758,False,False,False,False,0.2244621534531695,0.20920233908048821,False,False,False,False,435458.0,356112.912780025,False,False,False,False,12931.354552495324,False,False,False,False
2025-08-25 17:00:00+00:00,172.46,172.79,171.84,172.755,15794.0,,,,,,,,,,,,,,,,,,,,,163.3885979823369,168.10353570738525,159.9588527549376,"rgba(38, 166, 154, 1.0)",0.0,0.0,3.6284576700105515,167.04787571373078,1.5728788386974966,0.0,0.0,0.0,0.0,0.0,0.0,0.0,0.0,84.14581651282023,27.788117932090998,True,False,True,False,True,16.423996808662515,0,0.974761255115962,0.9363140270370836,False,False,False,False,0.22362106644671892,0.21641170276360355,False,False,False,False,451252.0,357587.93738808663,False,False,False,False,12975.736652456637,False,False,False,False
2025-08-25 18:00:00+00:00,172.755,172.78,171.69,172.66,23452.0,,,,,,,,,,,,,,,,,,,,,163.6051178839575,168.13028479231502,160.0042525361965,"rgba(38, 166, 154, 1.0)",0.0,0.0,3.7849884263208455,167.12980812067684,1.4610855454315654,0.0,0.0,0.0,0.0,0.0,0.0,0.0,0.0,84.27828976068838,28.386493834907483,True,False,True,False,True,16.14649331546005,0,0.9723787700501643,0.9393695423298452,False,False,False,False,0.22025981588661614,0.21833575932510985,False,False,False,False,427800.0,358676.4964983489,False,False,False,False,13138.159340015447,False,False,False,False
2025-08-25 19:00:00+00:00,172.635,172.73,172.17,172.2,19969.0,,,,,,,,,,,,,,,,,,,,,163.7812224596552,168.15274560952855,160.0426178235435,"rgba(38, 166, 154, 1.0)",0.0,0.0,3.9157186147967336,167.19699198132926,1.2776730176078892,0.0,0.0,0.0,0.0,0.0,0.0,0.0,0.0,81.66331231056333,28.386493834907483,True,False,True,False,False,14.79972952858197,0,0.9730617812083455,0.9409777116463629,False,False,False,False,0.22930450965406265,0.22382013448958626,False,False,False,False,407831.0,359438.58182395593,False,False,False,False,13244.063846371795,False,False,False,False
2025-08-26 14:00:00+00:00,171.46,172.85,171.325,171.66,22108.0,,,,,,,,,,,,,,,,,,,,,163.9589340639324,168.17487550095652,160.0833720453052,"rgba(38, 166, 154, 1.0)",0.0,0.0,4.022090687129133,167.26379689889256,1.0930144154072594,0.0,0.0,0.0,0.0,0.0,0.0,0.0,0.0,77.05526689698294,32.73643266119356,True,False,True,False,False,13.237960594560949,0,0.9668492982024134,0.9396700320118203,False,False,False,False,0.2140752686225528,0.21894770155606952,False,False,False,False,385723.0,359846.09218327445,False,False,False,False,13381.489213094714,False,False,False,False
2025-08-26 15:00:00+00:00,171.655,171.91,170.61,171.83,7261.0,,,,,,,,,,,,,,,,,,,,,164.01211075546556,168.1811405582645,160.09614023187729,"rgba(38, 166, 154, 1.0)",0.0,0.0,4.128340034618862,167.28327538787482,1.101344505054791,0.0,0.0,0.0,0.0,0.0,0.0,0.0,0.0,74.39379595811505,30.153364028597892,True,False,True,False,False,13.581101788836456,0,0.969917620560921,0.9458208632871561,False,False,False,False,0.17966230397992008,0.1993050027679948,False,False,False,False,392984.0,360359.8581959369,False,False,False,False,13286.597907465339,False,False,False,False
2025-08-26 16:00:00+00:00,171.87,172.05,171.51,171.68,10054.0,,,,,,,,,,,,,,,,,,,,,164.0873956034027,168.1905597684038,160.1142332323707,"rgba(38, 166, 154, 1.0)",0.0,0.0,4.218038955560519,167.3114949571414,1.0356720478125805,0.0,0.0,0.0,0.0,0.0,0.0,0.0,0.0,71.77627449719944,27.617389466968746,True,False,True,False,False,13.140200340328388,0,0.9716285464316963,0.9569116360454946,False,False,False,False,0.20123317617486358,0.20026908947142918,False,False,False,False,382930.0,360709.78287506965,False,False,False,False,13236.480110450371,False,False,False,False
2025-08-26 17:00:00+00:00,171.71,172.2,171.51,171.985,10165.0,,,,,,,,,,,,,,,,,,,,,164.16351421504484,168.2004365205506,160.13270670790334,"rgba(38, 166, 154, 1.0)",0.0,0.0,4.306473481497629,167.34041228458207,1.0785130189174483,0.0,0.0,0.0,0.0,0.0,0.0,0.0,0.0,70.89338665382255,26.641335824682116,True,False,True,False,False,13.772509411987059,0,0.9719383769257212,0.9544076747601642,False,False,False,False,0.20435920523572682,0.202314147353578,False,False,False,False,393095.0,361211.8792646035,False,False,False,False,13188.860263776722,False,False,False,False
2025-08-26 18:00:00+00:00,172.02,172.23,171.72,172.19,4895.0,,,,,,,,,,,,,,,,,,,,,164.2003355582486,168.20536399967062,160.14169393890677,"rgba(38, 166, 154, 1.0)",0.0,0.0,4.402629000621401,167.3545673424008,1.0983057298075107,0.0,0.0,0.0,0.0,0.0,0.0,0.0,0.0,70.87308110562024,26.333516753163423,True,False,True,False,False,14.198756388838028,0,0.9707106424257601,0.9568169728072101,False,False,False,False,0.20936908455905104,0.2058416159563145,False,False,False,False,397990.0,361782.08268685767,False,False,False,False,13060.273282942973,False,False,False,False
2025-08-26 19:00:00+00:00,172.24,173.58,171.95,173.5,38082.0,,,,,,,,,,,,,,,,,,,,,164.50924024441827,168.25277836731493,160.2167726724597,"rgba(38, 166, 154, 1.0)",0.0,0.0,4.524313901496531,167.4803872392203,1.3305028987463834,0.0,0.0,0.0,0.0,1.0,174.79,172.23,0.0,73.6224801997792,26.333516753163423,True,False,True,False,True,16.83896554462213,0,0.9733437013996893,0.9472472783825818,False,False,False,False,0.2426233836035405,0.22423249977992749,False,False,False,False,436072.0,362933.86435062735,False,False,False,False,13448.207030494244,False,False,False,False
2025-08-27 14:00:00+00:00,174.96,176.065,174.79,175.89,16280.0,,,,,,,,,,,,,,,,,,,,,164.67276399852923,168.28356724787804,160.25500034971407,"rgba(38, 166, 154, 1.0)",0.0,0.0,4.710841122461739,167.5537364158104,1.7695913250908626,0.0,0.0,0.0,0.0,0.0,0.0,0.0,0.0,78.01929784741719,22.541575735265255,True,False,True,False,True,20.0,0,0.982496147919877,0.9424961479198768,False,False,False,False,0.34282825002175543,0.28353037490084143,False,False,False,False,452352.0,364320.1920351137,False,False,False,False,13492.110797463327,False,False,False,False
2025-08-27 15:00:00+00:00,175.935,176.725,175.77,176.62,11542.0,,,,,,,,,,,,,,,,,,,,,164.79398733470754,168.30758527705785,160.28337854983857,"rgba(38, 166, 154, 1.0)",0.0,0.0,4.896433018667958,167.60943598137325,1.8402302215252229,0.0,0.0,0.0,0.0,0.0,0.0,0.0,0.0,81.44442789316305,25.75064717387167,True,False,True,False,True,20.0,0,0.9845509940296676,0.9404813196282392,False,False,False,False,0.34282825022556146,0.3131793125632014,False,False,False,False,463894.0,365863.97200356156,False,False,False,False,13461.876521533663,False,False,False,False
2025-08-27 16:00:00+00:00,176.67,176.74,176.22,176.45,16449.0,,,,,,,,,,,,,,,,,,,,,164.9639007428195,168.34198333338034,160.32389541393567,"rgba(38, 166, 154, 1.0)",0.0,0.0,5.057333700889992,167.68817054391513,1.7324997665356634,0.0,0.0,0.0,0.0,0.0,0.0,0.0,0.0,82.88622045443299,27.13773419921702,True,False,True,False,True,20.0,0,0.9912269862844436,0.9391449400716668,False,False,False,False,0.34282825027995206,0.3280037814215767,False,False,False,False,447445.0,367128.7941430412,False,False,False,False,13508.188513447869,False,False,False,False
2025-08-27 17:00:00+00:00,176.4,177.44,176.29,177.44,14341.0,,,,,,,,,,,,,,,,,,,,,165.11540445139843,168.3738850504854,160.36033225216394,"rgba(38, 166, 154, 1.0)",0.0,0.0,5.211032183206119,167.7596724803692,1.8576602828952236,0.0,0.0,0.0,0.0,0.0,0.0,0.0,0.0,84.59585639356271,28.871334451650682,True,False,True,False,True,20.0,0,0.993647073336212,0.931906494788133,False,False,False,False,0.34282825036697834,0.3354160158942775,False,False,False,False,461786.0,368596.34772221884,False,False,False,False,13521.100319440926,False,False,False,False
2025-08-27 18:00:00+00:00,177.44,178.25,177.33,178.08,24657.0,,,,,,,,,,,,,,,,,,,,,165.38470460032278,168.4333835363192,160.42570575410033,"rgba(38, 166, 154, 1.0)",0.0,0.0,5.3683733087386445,167.8897109250441,1.898207983853905,0.0,0.0,0.0,0.0,0.0,0.0,0.0,0.0,86.14685676123032,30.511552820742537,True,False,True,False,True,20.0,0,1.0027128676243915,0.924163018681793,False,False,False,False,0.34282825056181615,0.33912213322804685,False,False,False,False,486443.0,370423.4276024945,False,False,False,False,13693.749926891454,False,False,False,False
2025-08-27 19:00:00+00:00,178.08,178.53,177.55,177.815,39661.0,,,,,,,,,,,,,,,,,,,,,165.79740137238298,168.52832172912866,160.53030976001463,"rgba(38, 166, 154, 1.0)",0.0,0.0,5.494544840111464,168.09219124834345,1.7695385213125867,0.0,0.0,0.0,0.0,0.0,0.0,0.0,0.0,85.81958476497856,30.511552820742537,True,False,True,False,True,20.0,0,1.003513963380803,0.9236175328278158,False,False,False,False,0.3428282506112971,0.34097519191967196,False,False,False,False,446782.0,371607.28143811476,False,False,False,False,14096.342951280734,False,False,False,False
2025-08-28 14:00:00+00:00,176.89,177.61,176.55,176.945,4028.0,,,,,,,,,,,,,,,,,,,,,165.83471736657273,168.5369182180868,160.54030070130506,"rgba(38, 166, 154, 1.0)",0.0,0.0,5.5876315253476205,168.11040688362633,1.581098015553924,0.0,0.0,0.0,0.0,0.0,0.0,0.0,0.0,81.49733427272072,30.511552820742537,True,False,True,False,False,20.0,0,0.9915572810747523,0.9346459604363097,False,False,False,False,0.3067281167256788,0.3238516543226754,False,False,False,False,442754.0,372710.33133829903,False,False,False,False,13940.2446109508,False,False,False,False
2025-08-28 15:00:00+00:00,176.935,178.6,176.935,178.6,3887.0,,,,,,,,,,,,,,,,,,,,,165.87371900646477,168.5461813058533,160.55052009531175,"rgba(38, 166, 154, 1.0)",0.0,0.0,5.7098499349172736,168.12979169614442,1.8337098913628922,0.0,0.0,0.0,0.0,0.0,0.0,0.0,0.0,80.75399381169757,30.511552820742537,True,False,True,False,False,20.0,0,0.9889028539897613,0.9322215750590109,False,False,False,False,0.33249705985316913,0.32817435708792225,False,False,False,False,446641.0,373856.5432555347,False,False,False,False,13784.38035341668,False,False,False,False
2025-08-28 16:00:00+00:00,178.56,178.75,178.25,178.48,2124.0,,,,,,,,,,,,,,,,,,,,,165.89570701237298,168.55147392275768,160.5562422879359,"rgba(38, 166, 154, 1.0)",0.0,0.0,5.81171880500631,168.1408042606678,1.779025463246059,0.0,0.0,0.0,0.0,0.0,0.0,0.0,0.0,79.75879648570637,34.91200516183112,True,False,True,False,False,20.0,0,1.011469624401311,0.9292601462062011,False,False,False,False,0.34282825069909884,0.3355013038935105,False,False,False,False,444517.0,374952.0542128132,False,False,False,False,13603.599262666034,False,False,False,False
2025-08-28 17:00:00+00:00,178.48,178.49,177.87,178.355,3202.0,,,,,,,,,,,,,,,,,,,,,165.92804216408277,168.55923770417877,160.56473924899402,"rgba(38, 166, 154, 1.0)",0.0,0.0,5.925947107181487,168.1569617258778,1.7209128076360098,0.0,0.0,0.0,0.0,0.0,0.0,0.0,0.0,78.53334469165888,33.48627798899673,True,False,True,False,False,20.0,0,1.0051367704525405,0.9293772847598639,False,False,False,False,0.3309820395360346,0.3332416717147726,False,False,False,False,441315.0,375980.9370932347,False,False,False,False,13442.334157818499,False,False,False,False
2025-08-28 18:00:00+00:00,178.35,178.63,178.12,178.18,5613.0,,,,,,,,,,,,,,,,,,,,,165.98464529617996,168.57291791685083,160.57967477154915,"rgba(38, 166, 154, 1.0)",0.0,0.0,6.014305886575176,168.18533020147038,1.6618160078687076,0.0,0.0,0.0,0.0,0.0,0.0,0.0,0.0,76.87902752982698,31.671098969030893,True,False,True,False,False,20.0,0,1.0040166993484727,0.9341198051742678,False,False,False,False,0.33818995891107656,0.3357158153129246,False,False,False,False,435702.0,376906.8450452775,False,False,False,False,13320.949132115888,False,False,False,False
2025-08-28 19:00:00+00:00,178.19,179.27,178.19,179.095,21196.0,,,,,,,,,,,,,,,,,,,,,166.20299614824808,168.62708788420514,160.63756492005115,"rgba(38, 166, 154, 1.0)",0.0,0.0,6.113479832113064,168.2962136430784,1.7663894628714434,0.0,0.0,0.0,0.0,0.0,0.0,0.0,0.0,77.20888675074838,31.671098969030893,True,False,True,False,False,20.0,0,1.00009455966715,0.9315703208724705,False,False,False,False,0.3428282507414969,0.33927203302721076,False,False,False,False,456898.0,378147.01799031196,False,False,False,False,13443.042944021066,False,False,False,False
2025-08-29 14:00:00+00:00,180.75,180.76,178.3,178.59,6494.0,,,,,,,,,,,,,,,,,,,,,166.27030666451094,168.6441587173411,160.65558183791754,"rgba(38, 166, 154, 1.0)",0.0,0.0,6.1964810923558415,168.82205025068788,1.5763704598989496,0.0,0.0,0.0,0.0,0.0,0.0,0.0,0.0,75.04821135700749,29.446029838526556,False,False,True,False,False,20.0,0,1.0121560497549946,0.9198077647945724,False,False,False,False,0.34282825088172214,0.3410501419544665,False,False,False,False,450404.0,379267.2812772839,False,False,False,False,13335.305844113762,False,False,False,False
2025-08-29 15:00:00+00:00,178.62,179.2,178.21,179.17,2431.0,,,,,,,,,,,,,,,,,,,,,166.29463603443762,168.6503198540098,160.66218797581266,"rgba(38, 166, 154, 1.0)",0.0,0.0,6.281505169080473,168.82933102793916,1.6462087817679147,0.0,0.0,0.0,0.0,0.0,0.0,0.0,0.0,74.6415735745004,28.819276257887424,False,False,True,False,False,20.0,0,1.0183113240253399,0.9204513221343251,False,False,False,False,0.31394521922517954,0.327497680589823,False,False,False,False,452835.0,380407.8660636826,False,False,False,False,13166.246838778665,False,False,False,False
2025-08-29 16:00:00+00:00,179.2,179.27,178.76,179.175,1969.0,,,,,,,,,,,,,,,,,,,,,166.31459848489664,168.6554063684909,160.66759635094064,"rgba(38, 166, 154, 1.0)",0.0,0.0,6.336410153282862,168.8388618202539,1.631229344330088,0.0,0.0,0.0,0.0,0.0,0.0,0.0,0.0,74.37943645894308,28.275370635745844,False,False,True,False,False,20.0,0,1.015066805647683,0.9223917369468397,False,False,False,False,0.32473650517846825,0.3261170928841456,False,False,False,False,454804.0,381561.2944968038,False,False,False,False,12992.64611259605,False,False,False,False
2025-08-29 17:00:00+00:00,179.175,180.0,179.17,179.795,11360.0,,,,,,,,,,,,,,,,,,,,,166.433805153691,168.68630384365008,160.69973048037156,"rgba(38, 166, 154, 1.0)",0.0,0.0,6.39086163106219,168.91299818735985,1.702744080664989,0.0,0.0,0.0,0.0,0.0,0.0,0.0,0.0,75.29627519361107,28.275370635745844,False,False,True,False,False,20.0,0,1.0247347585114805,0.9130007917656374,False,False,False,False,0.34282825089097024,0.3344726718875579,False,False,False,False,466164.0,382872.9643495665,False,False,False,False,12967.333769765104,False,False,False,False
2025-08-29 18:00:00+00:00,179.76,179.76,178.99,179.07,2516.0,,,,,,,,,,,,,,,,,,,,,166.45916545246348,168.69288621950503,160.70668979802994,"rgba(38, 166, 154, 1.0)",0.0,0.0,6.415053441527447,168.92521403396154,1.5814031883767043,0.0,0.0,0.0,0.0,0.0,0.0,0.0,0.0,72.27039925685993,25.92190711975492,False,False,True,False,False,20.0,0,1.021819104401878,0.9143092731193709,False,False,False,False,0.3354448603263528,0.33495876610695535,False,False,False,False,463648.0,384125.2904836817,False,False,False,False,12805.297587288125,False,False,False,False
2025-08-29 19:00:00+00:00,179.08,179.84,178.82,179.765,11111.0,,,,,,,,,,,,,,,,,,,,,166.57171611710072,168.72240947009078,160.7376939720666,"rgba(38, 166, 154, 1.0)",0.0,0.0,6.462591433475545,168.9838326473535,1.6682421384092418,0.0,0.0,0.0,0.0,0.0,0.0,0.0,0.0,71.74368842092247,25.30184482819874,False,True,True,False,False,20.0,0,1.0205362236166573,0.9133548836914496,False,False,False,False,0.33386730667557146,0.3344130363912634,False,False,False,False,474759.0,385530.4642746324,False,False,False,False,12779.029407640248,False,False,False,False
2025-09-01 14:00:00+00:00,179.765,179.765,179.765,179.765,0.0,,,,,,,,,,,,,,,,,,,,,166.57171611710072,168.72240947009078,160.7376939720666,"rgba(38, 166, 154, 1.0)",0.0,0.0,6.513266771446682,168.9838326473535,1.6552626709395248,0.0,0.0,0.0,0.0,0.0,0.0,0.0,0.0,71.39254786363082,24.783747138749234,False,True,True,False,False,20.0,0,1.0276441924902069,0.9115576929201569,False,False,False,False,0.34282825092090174,0.3386206436560826,False,False,False,False,474759.0,386913.8524254133,False,False,False,False,12580.904920700088,False,False,False,False
2025-09-01 15:00:00+00:00,179.765,179.765,179.765,179.765,0.0,,,,,,,,,,,,,,,,,,,,,166.57171611710072,168.72240947009078,160.7376939720666,"rgba(38, 166, 154, 1.0)",0.0,0.0,6.558346720912761,168.9838326473535,1.6438849318942408,0.0,0.0,0.0,0.0,0.0,0.0,0.0,0.0,71.15845415876973,24.33056226878847,False,True,True,False,False,20.0,0,1.0279467315449131,0.9111338754081569,False,False,False,False,0.34282825092090174,0.34072444728849216,False,False,False,False,474759.0,388275.7926978875,False,False,False,False,12385.85213123187,False,False,False,False
2025-09-01 16:00:00+00:00,179.765,179.765,179.765,179.765,0.0,,,,,,,,,,,,,,,,,,,,,166.57171611710072,168.72240947009078,160.7376939720666,"rgba(38, 166, 154, 1.0)",0.0,0.0,6.607313299369984,168.9838326473535,1.6317021555001017,0.0,0.0,0.0,0.0,0.0,0.0,0.0,0.0,71.00239168886233,23.923003375807284,False,True,True,False,False,20.0,0,1.0401416374346417,0.9070421603018071,False,False,False,False,0.34282825092090174,0.34177634910469695,False,False,False,False,474759.0,389616.61761730013,False,False,False,False,12193.823416018973,False,False,False,False
2025-09-01 17:00:00+00:00,179.765,179.765,179.765,179.765,0.0,,,,,,,,,,,,,,,,,,,,,166.57171611710072,168.72240947009078,160.7376939720666,"rgba(38, 166, 154, 1.0)",0.0,0.0,6.623897911391446,168.9838326473535,1.6276167744230452,0.0,0.0,0.0,0.0,0.0,0.0,0.0,0.0,70.8983500422574,23.551583715617824,False,True,True,False,False,20.0,0,1.0375361884795848,0.9078566437057004,False,False,False,False,0.34282825092090174,0.3423023000127994,False,False,False,False,474759.0,390936.654553466,False,False,False,False,12004.771890189222,False,False,False,False
2025-09-01 18:00:00+00:00,179.765,179.765,179.765,179.765,0.0,,,,,,,,,,,,,,,,,,,,,166.57171611710072,168.72240947009078,160.7376939720666,"rgba(38, 166, 154, 1.0)",0.0,0.0,6.644422959780924,168.9838326473535,1.622588961886611,0.0,0.0,0.0,0.0,0.0,0.0,0.0,0.0,70.82898894452077,23.211907452026338,False,True,True,False,False,20.0,0,1.0369528900768459,0.9066822586034081,False,False,False,False,0.34282825092090174,0.34256527546685056,False,False,False,False,474759.0,392236.2258006991,False,False,False,False,11818.651395767683,False,False,False,False
2025-09-01 19:00:00+00:00,179.765,179.765,179.765,179.765,0.0,,,,,,,,,,,,,,,,,,,,,166.57171611710072,168.72240947009078,160.7376939720666,"rgba(38, 166, 154, 1.0)",0.0,0.0,6.648364265396476,168.9838326473535,1.6216270532528583,0.0,0.0,0.0,0.0,0.0,0.0,0.0,0.0,70.78274821269636,22.901972346937043,False,True,True,False,False,20.0,0,1.0420040996001207,0.9033569676400418,False,False,False,False,0.34282825092090174,0.34269676319387615,False,False,False,False,474759.0,393515.6486565022,False,False,False,False,11635.416490406944,False,False,False,False
2025-09-02 14:00:00+00:00,179.57,179.78,178.005,178.19,6951.0,,,,,,,,,,,,,,,,,,,,,166.6367488341227,168.73940048625934,160.7561949227168,"rgba(38, 166, 154, 1.0)",0.0,0.0,6.626879293541311,169.01056969109132,1.3851814560520417,0.0,0.0,0.0,0.0,0.0,0.0,0.0,0.0,61.179785245445856,14.00577231215243,False,True,True,False,False,17.823075112794083,0,1.0313796333467151,0.9044225879834071,False,False,False,False,0.31263334800822695,0.3276650556010515,False,False,False,False,467808.0,394667.46805717656,False,False,False,False,11562.789878152573,False,False,False,False
2025-09-02 15:00:00+00:00,178.19,179.06,177.94,178.715,10897.0,,,,,,,,,,,,,,,,,,,,,166.73657819754973,168.76568873600874,160.7849818437529,"rgba(38, 166, 154, 1.0)",0.0,0.0,6.609120423003441,169.05383554173304,1.4617927711894465,0.0,0.0,0.0,0.0,0.0,0.0,0.0,0.0,57.334777156705286,10.884553826395823,False,True,True,False,False,18.87907371480244,0,1.0281741797812751,0.908942384635903,False,False,False,False,0.29923090891103604,0.31344798225604376,False,False,False,False,478705.0,395970.3755291583,False,False,False,False,11552.467554460285,False,False,False,False
2025-09-02 16:00:00+00:00,178.67,179.12,178.245,178.965,11125.0,,,,,,,,,,,,,,,,,,,,,166.838523849427,168.79294044712472,160.81461288758297,"rgba(38, 166, 154, 1.0)",0.0,0.0,6.6012017231095586,169.1026531785729,1.494022942353193,0.0,0.0,0.0,0.0,0.0,0.0,0.0,0.0,55.88154043692798,9.897875057718366,False,True,True,False,False,19.378236196337987,0,1.0282189929030081,0.9209868198715786,False,False,False,False,0.3054493657640554,0.3094486740100496,False,False,False,False,489830.0,397425.5635054504,False,False,False,False,11545.840150515163,False,False,False,False
2025-09-02 17:00:00+00:00,179.01,179.61,179.01,179.43,3853.0,,,,,,,,,,,,,,,,,,,,,166.87510647450063,168.80288419207685,160.82517931364802,"rgba(38, 166, 154, 1.0)",0.0,0.0,6.594403664068502,169.12223031459018,1.5631086919314114,0.0,0.0,0.0,0.0,0.0,0.0,0.0,0.0,56.818267835235204,9.897875057718366,False,True,True,False,False,20.0,0,1.0283695172085756,0.9195800631943739,False,False,False,False,0.327009983690063,0.3182293288500563,False,False,False,False,493683.0,398917.926861955,False,False,False,False,11426.571310972291,False,False,False,False
2025-09-02 18:00:00+00:00,179.48,179.54,178.49,178.615,7593.0,,,,,,,,,,,,,,,,,,,,,166.94389310582983,168.82155762148304,160.84544150894328,"rgba(38, 166, 154, 1.0)",0.0,0.0,6.570338874664175,169.1564585330086,1.4395819831248609,0.0,0.0,0.0,0.0,0.0,0.0,0.0,0.0,53.65998703023296,8.202082656616774,False,True,True,False,False,17.553679813329946,0,1.029676106494828,0.9116499915211129,False,False,False,False,0.31683844150666307,0.3175338851783597,False,False,False,False,486090.0,400269.4318718472,False,False,False,False,11367.136096848688,False,False,False,False
2025-09-02 19:00:00+00:00,178.63,180.09,178.43,180.03,24295.0,,,,,,,,,,,,,,,,,,,,,167.17021732016343,168.8845862371898,160.912240976454,"rgba(38, 166, 154, 1.0)",0.0,0.0,6.565647249952298,169.27946545893278,1.6373914302425143,0.0,0.0,0.0,0.0,0.0,0.0,0.0,0.0,56.36610891062857,8.202082656616774,False,True,True,False,True,20.0,0,1.0324775958493364,0.9050266154571798,False,False,False,False,0.3252814396222646,0.32140766240031216,False,False,False,False,510385.0,401976.6499823612,False,False,False,False,11567.568095347156,False,False,False,False
2025-09-03 14:00:00+00:00,179.62,179.62,178.43,179.15,7523.0,,,,,,,,,,,,,,,,,,,,,167.2361616365548,168.90313314163302,160.93233079425104,"rgba(38, 166, 154, 1.0)",0.0,0.0,6.54008915758681,169.31341613723225,1.5040443066983047,0.0,0.0,0.0,0.0,0.0,0.0,0.0,0.0,54.856181024723526,8.202082656616774,False,True,True,False,True,17.49294302053837,0,1.0287506709608163,0.908950617283951,False,False,False,False,0.31718219187361757,0.31929492713696483,False,False,False,False,502862.0,403540.763936123,False,False,False,False,11504.861613248751,False,False,False,False
2025-09-03 15:00:00+00:00,179.195,179.78,178.75,179.68,8329.0,,,,,,,,,,,,,,,,,,,,,167.3103770810311,168.92426605341643,160.95493316497667,"rgba(38, 166, 154, 1.0)",0.0,0.0,6.512823779020276,169.35315383603597,1.5856173165977328,0.0,0.0,0.0,0.0,0.0,0.0,0.0,0.0,55.42802995193448,8.202082656616774,False,True,True,False,True,18.531247678570622,0,1.0264148407043956,0.9147062777255011,False,False,False,False,0.3254542093891819,0.32237456826307337,False,False,False,False,511191.0,405209.75984409003,False,False,False,False,11455.62344870226,False,False,False,False
2025-09-03 16:00:00+00:00,179.68,179.69,178.75,179.075,4540.0,,,,,,,,,,,,,,,,,,,,,167.3496830042771,168.93549560170058,160.96707564627823,"rgba(38, 166, 154, 1.0)",0.0,0.0,6.461521991097516,169.37373546197438,1.5013900055423028,0.0,0.0,0.0,0.0,0.0,0.0,0.0,0.0,53.69524569863357,8.202082656616774,False,True,True,False,False,16.604721355787508,0,1.036061977238448,0.9221170985876873,False,False,False,False,0.32389995571710833,0.32313726199009085,False,False,False,False,506651.0,406782.492249608,False,False,False,False,11348.404480505325,False,False,False,False
2025-09-03 17:00:00+00:00,179.075,179.4,178.29,178.33,4828.0,,,,,,,,,,,,,,,,,,,,,167.38944756436493,168.94683047576336,160.97961766345043,"rgba(38, 166, 154, 1.0)",0.0,0.0,6.382190385526937,169.393530331006,1.4002198507364323,0.0,0.0,0.0,0.0,0.0,0.0,0.0,0.0,50.289310663966454,5.242640583992085,False,True,False,False,False,14.293648636443148,0,1.034435356381882,0.906110385593512,False,False,False,False,0.31100568612692076,0.3170714740585058,False,False,False,False,501823.0,408255.9884938001,False,False,False,False,11247.312938171908,False,False,False,False
2025-09-03 18:00:00+00:00,178.41,178.6,177.44,177.495,8602.0,,,,,,,,,,,,,,,,,,,,,167.45445755891578,168.9652461350168,161.0008756059245,"rgba(239, 83, 80, 1.0)",0.0,0.0,6.290544715667727,169.4230250803294,1.283191724170706,0.0,0.0,0.0,0.0,0.0,0.0,0.0,0.0,45.918236874171946,1.181003906015519,False,True,False,True,False,11.789460976160953,0,1.0215683572216099,0.9188257993384789,False,False,False,False,0.28298088807543365,0.3000261810669697,False,False,False,False,493221.0,409573.2754938962,False,False,False,False,11206.30033447932,False,False,False,False
2025-09-03 19:00:00+00:00,177.49,178.95,177.37,178.945,17104.0,,,,,,,,,,,,,,,,,,,,,167.58839165868778,169.00400116753616,161.04442720163416,"rgba(239, 83, 80, 1.0)",0.0,0.0,6.206644051206234,169.91740454874017,1.454505104011137,0.0,0.0,0.0,0.0,0.0,0.0,0.0,0.0,47.625154803338425,1.181003906015519,False,True,False,True,False,14.78192292234468,0,1.0173053152039555,0.9175250652382917,False,False,False,False,0.28770510704519386,0.2938656440560818,False,False,False,False,510325.0,411135.3177343009,False,False,False,False,11297.737538595919,False,False,False,False
2025-09-04 14:00:00+00:00,179.04,179.77,178.36,179.77,6637.0,,,,,,,,,,,,,,,,,,,,,167.64362897005878,169.02034876136076,161.06211951793742,"rgba(239, 83, 80, 1.0)",0.0,0.0,6.140554595371177,169.95883678216327,1.5977650007757453,0.0,0.0,0.0,0.0,0.0,0.0,0.0,0.0,50.782947346539714,1.181003906015519,False,True,False,False,True,16.392755182007793,1,1.0229295003422314,0.9124572210814511,False,False,False,False,0.31855791996491556,0.3062117820104987,False,False,False,False,516962.0,412776.0414903583,False,False,False,False,11225.4780418735,False,False,False,False
2025-09-04 15:00:00+00:00,179.62,179.79,179.06,179.485,5543.0,,,,,,,,,,,,,,,,,,,,,167.68993250836616,169.0341540164736,161.07698655692755,"rgba(239, 83, 80, 1.0)",0.0,0.0,6.059863233969044,169.99093010850544,1.5667135585296403,0.0,0.0,0.0,0.0,0.0,0.0,0.0,0.0,52.0146997418495,-3.6329456224817847,False,True,True,False,True,15.5390182832376,1,1.0223798374879494,0.9228067759261811,False,False,False,False,0.3309928274529273,0.318602304731713,False,False,False,False,511419.0,414305.3896843062,False,False,False,False,11137.377607115772,False,False,False,False
2025-09-04 16:00:00+00:00,179.39,180.11,179.33,179.69,3800.0,,,,,,,,,,,,,,,,,,,,,167.72217738654365,169.0438374598584,161.0873116033114,"rgba(239, 83, 80, 1.0)",0.0,0.0,5.969941910471973,170.01363000297883,1.6208482665547699,0.0,0.0,0.0,0.0,0.0,0.0,0.0,0.0,53.37918681652668,-2.19593352281818,False,True,True,False,True,15.943929450115732,1,1.053925372081541,0.9123933131127882,False,False,False,False,0.34125654377250536,0.3299294242521092,False,False,False,False,515219.0,415869.94178222393,False,False,False,False,11023.619814757387,False,False,False,False
2025-09-04 17:00:00+00:00,179.76,180.005,179.34,179.63,2601.0,,,,,,,,,,,,,,,,,,,,,167.744053913251,169.05042334419994,161.09435264276172,"rgba(239, 83, 80, 1.0)",0.0,0.0,5.9084262260320894,170.02819607066033,1.6251034644445297,0.0,0.0,0.0,0.0,0.0,0.0,0.0,0.0,54.070912865203056,-1.3039592494443397,False,True,True,False,True,15.759347021779728,1,1.065510942368996,0.8950535477631719,False,False,False,False,0.3395992787821287,0.3347643515171189,False,False,False,False,512618.0,417369.91167707316,False,False,False,False,10893.036561815412,False,False,False,False
2025-09-04 18:00:00+00:00,179.615,179.735,178.74,178.83,7699.0,,,,,,,,,,,,,,,,,,,,,167.80533764284743,169.06884936674268,161.1145389447198,"rgba(239, 83, 80, 1.0)",0.0,0.0,5.80991242743036,170.06128294531192,1.509268369225037,0.0,0.0,0.0,0.0,0.0,0.0,0.0,0.0,51.78187114856536,-1.3039592494443397,False,True,False,False,True,13.320465788501874,1,1.0685227150102514,0.880975504478256,False,False,False,False,0.3245042076304581,0.32963427957378855,False,False,False,False,504919.0,418727.2618836302,False,False,False,False,10843.5166151206,False,False,False,False
2025-09-04 19:00:00+00:00,178.825,179.19,178.43,178.98,17432.0,,,,,,,,,,,,,,,,,,,,,167.93884482641235,169.10934937733563,161.15948278950393,"rgba(239, 83, 80, 1.0)",0.0,0.0,5.6999480730995575,170.12811272730656,1.5529768270116697,0.0,0.0,0.0,0.0,0.0,0.0,0.0,0.0,50.79134853999135,-1.3039592494443397,False,True,False,False,False,13.635957856736844,1,1.0693334297804626,0.8811168577525407,False,False,False,False,0.30980737766535793,0.31972082861957324,False,False,False,False,522351.0,420333.8314668297,False,False,False,False,10945.663644343536,False,False,False,False
2025-09-05 14:00:00+00:00,180.0,180.01,178.09,178.35,5400.0,,,,,,,,,,,,,,,,,,,,,167.97936441731193,169.1217634938855,161.17331996085957,"rgba(239, 83, 80, 1.0)",0.0,0.0,5.578199562614777,170.14841323681074,1.4702928195965739,0.0,0.0,0.0,0.0,0.0,0.0,0.0,0.0,48.08581056186263,3.11137420445268,False,True,False,True,False,11.734603895014619,1,1.0735893275644492,0.8684333874166215,False,False,False,False,0.318041885460424,0.31888135703999865,False,False,False,False,516951.0,421831.7720642432,False,False,False,False,10859.684363035884,False,False,False,False
2025-09-05 15:00:00+00:00,178.525,178.525,177.86,177.94,2686.0,,,,,,,,,,,,,,,,,,,,,167.9980969572992,169.1274762624019,161.17991860060155,"rgba(239, 83, 80, 1.0)",0.0,0.0,5.458495798145649,170.15590171074655,1.4260518972823704,0.0,0.0,0.0,0.0,0.0,0.0,0.0,0.0,45.08330036189916,0.17572990242148734,False,True,False,True,False,10.516400858862347,1,1.0707499274731653,0.8798230345227732,False,False,False,False,0.28880358349737545,0.30384247026868705,False,False,False,False,514265.0,423264.8453655727,False,False,False,False,10732.960574461684,False,False,False,False
2025-09-05 16:00:00+00:00,178.28,178.84,177.97,178.84,1706.0,,,,,,,,,,,,,,,,,,,,,168.01047709287124,169.13127918613,161.18421630242088,"rgba(239, 83, 80, 1.0)",0.0,0.0,5.345778802850369,170.16173411347842,1.6233866395471386,0.0,0.0,0.0,0.0,0.0,0.0,0.0,0.0,46.57991496765101,0.17572990242148734,False,True,False,True,False,12.483185006944083,1,1.067768655622343,0.8869300689048525,False,False,False,False,0.29600280464941797,0.2999226374590525,False,False,False,False,515971.0,424702.1500885871,False,False,False,False,10593.007697338247,False,False,False,False
2025-09-05 17:00:00+00:00,178.87,178.87,177.62,178.25,5174.0,,,,,,,,,,,,,,,,,,,,,168.0467713340931,169.14242319978936,161.1970100406674,"rgba(239, 83, 80, 1.0)",0.0,0.0,5.202812035916385,170.17746417229068,1.551571683155661,0.0,0.0,0.0,0.0,0.0,0.0,0.0,0.0,45.714929285518295,0.17572990242148734,False,True,False,True,False,10.733967646286093,1,1.0648927604128542,0.8775711880535829,False,False,False,False,0.2905794804533927,0.2952510589562226,False,False,False,False,510797.0,426036.9539631826,False,False,False,False,10508.992074123702,False,False,False,False
2025-09-05 18:00:00+00:00,178.315,179.32,178.26,179.165,9467.0,,,,,,,,,,,,,,,,,,,,,168.11682577703215,169.16423498159264,161.2212851411869,"rgba(239, 83, 80, 1.0)",0.0,0.0,5.1154350673157065,170.2144635267063,1.7497116776013386,0.0,0.0,0.0,0.0,0.0,0.0,0.0,0.0,48.2069671493851,0.17572990242148734,False,True,False,False,True,12.705095188152644,1,1.0642480597452046,0.8797408112461561,False,False,False,False,0.3091230171379388,0.3021870380470807,False,False,False,False,520264.0,427497.8383978619,False,False,False,False,10492.837158245815,False,False,False,False
2025-09-05 19:00:00+00:00,179.17,180.45,179.005,180.29,25947.0,,,,,,,,,,,,,,,,,,,,,168.32164041757687,169.229600332634,161.291219276583,"rgba(239, 83, 80, 1.0)",0.0,0.0,5.026924930038995,170.34097834757412,1.979146653448969,0.0,0.0,0.0,0.0,0.0,0.0,0.0,0.0,52.75834729706145,-2.4102896195264165,False,True,True,False,True,15.0133983663195,0,1.0748405902714524,0.864128256513026,False,False,False,False,0.34151838206324076,0.3218527100551607,False,False,False,False,546211.0,429338.3525312284,False,False,False,False,10732.436582148981,False,False,False,False
2025-09-08 14:00:00+00:00,177.64,180.01,177.375,179.88,8953.0,,,,,,,,,,,,,,,,,,,,,168.38574901614427,169.2502399006728,161.31416302468318,"rgba(239, 83, 80, 1.0)",0.0,0.0,4.936031558807626,170.8226380275022,1.8349481490523019,0.0,0.0,0.0,0.0,0.0,0.0,0.0,0.0,54.337191430103026,-0.9360579090650276,False,True,True,False,True,13.789884008288183,1,1.0559736257435681,0.8705296352038987,False,False,False,False,0.30579076222007906,0.3138217361376199,False,False,False,False,537258.0,431011.52536020154,False,False,False,False,10704.848418084655,False,False,False,False
2025-09-08 15:00:00+00:00,179.885,181.02,179.6,179.72,10239.0,,,,,,,,,,,,,,,,,,,,,168.46506927494434,169.27618667699304,161.341838977903,"rgba(239, 83, 80, 1.0)",0.0,0.0,4.835726799114169,170.89733363591017,1.8244757676769507,0.0,0.0,0.0,0.0,0.0,0.0,0.0,0.0,54.813741367375485,-0.36318494240440913,False,True,True,False,True,13.311880488366231,1,1.0772016637980495,0.8644219736087204,False,False,False,False,0.34282825100850506,0.32832499357306244,False,False,False,False,527019.0,432500.01333911315,False,False,False,False,10697.62596199032,False,False,False,False
2025-09-08 16:00:00+00:00,179.73,180.32,179.38,180.31,6303.0,,,,,,,,,,,,,,,,,,,,,168.5129103948075,169.29193614109755,161.35873586418245,"rgba(239, 83, 80, 1.0)",0.0,0.0,4.721906020714914,170.9298216812652,1.9865237210533497,0.0,0.0,0.0,0.0,0.0,0.0,0.0,0.0,56.76601756782952,1.662587429203839,False,True,True,False,True,14.536681506831371,1,1.0849478390462,0.8689251572098432,False,False,False,False,0.32723593098348325,0.32778046227827284,False,False,False,False,533322.0,434063.14491525094,False,False,False,False,10629.492226145507,False,False,False,False
2025-09-08 17:00:00+00:00,180.215,180.54,180.0,180.04,3319.0,,,,,,,,,,,,,,,,,,,,,168.53835713755907,169.30035761376993,161.36771158915946,"rgba(239, 83, 80, 1.0)",0.0,0.0,4.518632229471712,170.9476482505369,2.012191142744562,0.0,0.0,0.0,0.0,0.0,0.0,0.0,0.0,56.97560717441945,2.1023928302184984,False,False,True,False,True,13.714168694986519,0,1.0831228725156474,0.8635847882581164,False,False,False,False,0.3414661072438517,0.3346232847610623,False,False,False,False,530003.0,435550.584528968,False,False,False,False,10516.151261399065,False,False,False,False
2025-09-08 18:00:00+00:00,180.04,181.06,179.815,180.82,6890.0,,,,,,,,,,,,,,,,,,,,,168.59250362823363,169.31839357723692,161.38668457229966,"rgba(38, 166, 154, 1.0)",0.0,0.0,4.32780452423573,170.98856611743648,2.271690837122479,0.0,0.0,0.0,0.0,0.0,0.0,0.0,0.0,59.235391867265626,4.478465735979924,False,False,True,False,True,15.330023402014138,0,1.0756934306569346,0.8613503649635035,False,False,False,False,0.3428282510283693,0.33872576789471576,False,False,False,False,536893.0,437121.7847688289,False,False,False,False,10459.93186199753,False,False,False,False
2025-09-08 19:00:00+00:00,180.745,181.12,180.145,181.1,32586.0,,,,,,,,,,,,,,,,,,,,,168.84677572787268,169.40459583522738,161.4769498971688,"rgba(38, 166, 154, 1.0)",0.0,0.0,4.115204298016034,171.16576494110558,2.4140320478581763,0.0,0.0,0.0,0.0,0.0,0.0,0.0,0.0,61.428866719472715,6.7172946044834845,False,False,True,False,True,15.900793521138592,0,1.0787249544626598,0.8594899817850636,False,False,False,False,0.3428282510583055,0.34077700947651063,False,False,False,False,569479.0,439173.8346173741,False,False,False,False,10802.971678090591,False,False,False,False
2025-09-09 14:00:00+00:00,185.825,186.26,184.87,185.34,27442.0,,,,,,,,,,,,,,,,,,,,,169.1339532264788,169.5057617368565,161.5706664043701,"rgba(38, 166, 154, 1.0)",0.0,0.0,4.003055688701077,172.21183685905004,3.279535475363279,0.0,0.0,0.0,0.0,0.0,0.0,0.0,0.0,68.49776882778475,13.296795956993634,True,False,True,False,True,20.0,0,1.0885191229688502,0.8534378769601929,False,False,False,False,0.34282825167170955,0.3418026305741101,False,False,False,False,596921.0,441619.52710392646,False,False,False,False,11060.941109438025,False,True,False,False
2025-09-09 15:00:00+00:00,185.49,185.85,178.48,182.7,23758.0,,,,,,,,,,,,,,,,,,,,,169.32837718007573,169.57528351405108,161.64061680733266,"rgba(38, 166, 154, 1.0)",0.0,0.0,3.815705532625246,172.2645329890146,2.734872206924643,0.0,0.0,0.0,0.0,0.0,0.0,0.0,0.0,66.15012354268137,13.296795956993634,True,False,True,False,False,16.060955100642197,0,1.0449091648590023,0.8543587310195225,False,False,False,False,0.25208063684331816,0.2969416337087141,False,False,False,False,573163.0,443658.96079223766,False,False,False,False,11257.79473564829,False,False,False,False
2025-09-09 16:00:00+00:00,182.79,183.88,182.41,183.88,4828.0,,,,,,,,,,,,,,,,,,,,,169.3703108719746,169.590470082872,161.65549003409305,"rgba(38, 166, 154, 1.0)",0.0,0.0,3.620204186416358,172.29192880058022,3.2009440911924942,0.0,0.0,0.0,0.0,0.0,0.0,0.0,0.0,66.05193645551346,13.296795956993634,True,False,True,False,False,18.02615142318127,0,1.083486864551348,0.8667007847151142,False,False,False,False,0.27776306550745894,0.28735234960808653,False,False,False,False,577991.0,445741.62806677655,False,False,False,False,11158.107995560718,False,False,False,False
2025-09-09 17:00:00+00:00,183.72,184.14,183.45,184.14,4567.0,,,,,,,,,,,,,,,,,,,,,169.4112108561128,169.60534514607806,161.66987666811465,"rgba(38, 166, 154, 1.0)",0.0,0.0,3.55437128789993,172.3222994071347,3.3248357123230314,0.0,0.0,0.0,0.0,0.0,0.0,0.0,0.0,66.29971833385429,13.296795956993634,True,False,True,False,False,18.450087184806932,0,1.0947933771209635,0.8512931034482758,False,False,False,False,0.29499458025785724,0.2911734649329719,False,False,False,False,582558.0,447862.81212775677,False,False,False,False,11055.92027469931,False,False,False,False
2025-09-09 18:00:00+00:00,184.18,184.39,183.98,184.38,5196.0,,,,,,,,,,,,,,,,,,,,,169.45854961966418,169.62263273214748,161.68647201355384,"rgba(38, 166, 154, 1.0)",0.0,0.0,3.509990114458834,172.3594812697028,3.424658856097806,0.0,0.0,0.0,0.0,0.0,0.0,0.0,0.0,66.77245156663875,13.296795956993634,True,False,True,False,False,18.843669013935127,0,1.098214898729832,0.848506694129763,False,False,False,False,0.30541520848496373,0.2982943367089678,False,False,False,False,587754.0,450031.667753683,False,False,False,False,10965.068797572188,False,False,False,False
2025-09-09 19:00:00+00:00,184.43,184.805,182.85,183.2,24597.0,,,,,,,,,,,,,,,,,,,,,169.66920784762257,169.7004082137451,161.76251166619437,"rgba(38, 166, 154, 1.0)",0.0,0.0,3.4523094594196984,172.50188792122242,3.098827670152091,0.0,0.0,0.0,0.0,0.0,0.0,0.0,0.0,64.08052016729151,13.296795956993634,True,False,True,False,False,15.677406775522861,0,1.0927750690442908,0.8440451430324932,False,False,False,False,0.29544521397511647,0.2968697753420422,False,False,False,False,563157.0,451785.5488737809,False,False,False,False,11176.416568152463,False,False,False,False
2025-09-10 14:00:00+00:00,184.59,184.72,177.485,178.78,20030.0,,,,,,,,,,,,,,,,,,,,,169.79679659165404,169.74828604641064,161.8147817482516,"rgba(239, 83, 80, 1.0)",0.0,0.0,3.345861410245753,172.99791033356018,1.7281318493150386,0.0,0.0,0.0,0.0,0.0,0.0,0.0,0.0,55.251287892567454,10.803402308208163,False,False,True,False,False,5.319392531771705,0,1.051593521421108,0.8521094566353185,False,False,False,False,0.2223024799908612,0.25958612766645167,False,False,False,False,543127.0,453201.69540286955,False,False,False,False,11313.68142756095,False,False,False,False
2025-09-10 15:00:00+00:00,178.7,179.55,177.99,179.465,8458.0,,,,,,,,,,,,,,,,,,,,,169.84308855203182,169.7658550767549,161.83519005179235,"rgba(239, 83, 80, 1.0)",0.0,0.0,3.2319252107006884,172.97551970798148,2.007930217732852,0.0,0.0,0.0,0.0,0.0,0.0,0.0,0.0,50.59222537226755,6.777810377700817,False,True,False,False,False,6.555785097538902,0,1.0540901393773612,0.8893122313403671,False,False,False,False,0.16095187971071126,0.21026900368858148,False,False,False,False,551585.0,454727.017954763,False,False,False,False,11269.40729690109,False,False,False,False
2025-09-10 16:00:00+00:00,179.475,181.25,178.92,181.25,7897.0,,,,,,,,,,,,,,,,,,,,,169.89276964854494,169.78480292164951,161.8558308084933,"rgba(239, 83, 80, 1.0)",0.0,0.0,3.1260310832313323,172.9956919954609,2.6405073349452244,0.0,0.0,0.0,0.0,0.0,0.0,0.0,0.0,50.37221725513028,6.737800849527183,False,True,False,False,False,9.639548660957171,0,1.0600418820757804,0.8931025456449182,False,False,False,False,0.194991771014948,0.20263038735176475,False,False,False,False,559482.0,456351.1262035264,False,False,False,False,11217.12191245301,False,False,False,False
2025-09-10 17:00:00+00:00,181.12,181.23,180.73,181.1,3613.0,,,,,,,,,,,,,,,,,,,,,169.91651142334254,169.79389174513886,161.86553588131608,"rgba(239, 83, 80, 1.0)",0.0,0.0,3.062279323910995,173.0093776969246,2.6420262318665477,0.0,0.0,0.0,0.0,0.0,0.0,0.0,0.0,49.99675014139382,6.2604562003252155,False,True,False,False,False,9.313809478938417,0,1.076142631993696,0.8870830049908061,False,False,False,False,0.21841279718962062,0.21052159227069267,False,False,False,False,555869.0,457894.03897556476,False,False,False,False,11099.228549469244,False,False,False,False
2025-09-10 18:00:00+00:00,181.12,181.59,180.94,181.59,2257.0,,,,,,,,,,,,,,,,,,,,,169.93176161799528,169.79974043743968,161.87170528613765,"rgba(239, 83, 80, 1.0)",0.0,0.0,2.998840767019994,173.01951768968053,2.8579317730284592,0.0,0.0,0.0,0.0,0.0,0.0,0.0,0.0,50.56000261904786,6.2604562003252155,False,True,False,False,False,10.145790800100361,0,1.0783021960013113,0.8796132415601438,False,False,False,False,0.22591949502222805,0.21822054364646037,False,False,False,False,558126.0,459448.02286741644,False,False,False,False,10962.139734748791,False,False,False,False
2025-09-10 19:00:00+00:00,181.59,181.84,181.11,181.625,9884.0,,,,,,,,,,,,,,,,,,,,,169.99894980294803,169.82561870688068,161.89888660418714,"rgba(239, 83, 80, 1.0)",0.0,0.0,2.93372702875956,173.0640110501807,2.9181273056065655,0.0,0.0,0.0,0.0,0.0,0.0,0.0,0.0,50.99749656967067,6.2604562003252155,False,True,False,False,False,10.205607549835136,0,1.0787749754339997,0.8807402554864063,False,False,False,False,0.2314667658019805,0.22484365472422044,False,False,False,False,568010.0,461131.1542958286,False,False,False,False,10945.424390024004,False,False,False,False
2025-09-11 14:00:00+00:00,183.62,183.72,182.0,182.12,6403.0,,,,,,,,,,,,,,,,,,,,,170.0461319264939,169.84387598250044,161.91742919073815,"rgba(239, 83, 80, 1.0)",0.0,0.0,2.8764593444642106,173.10457864642567,3.1342078138266247,0.0,0.0,0.0,0.0,0.0,0.0,0.0,0.0,52.21499979536922,6.2604562003252155,False,True,True,False,True,11.056727133056942,0,1.0793254418680074,0.8714447867682822,False,False,False,False,0.2684227182697494,0.2466331864969849,False,False,False,False,574413.0,462887.4619811646,False,False,False,False,10874.999205682547,False,False,False,False
2025-09-11 15:00:00+00:00,182.12,182.69,181.42,182.69,5869.0,,,,,,,,,,,,,,,,,,,,,170.08788571424697,169.8601118255103,161.93411201338304,"rgba(239, 83, 80, 1.0)",0.0,0.0,2.8190399330515445,173.13558728332407,3.3892434813200745,0.0,0.0,0.0,0.0,0.0,0.0,0.0,0.0,54.07821761166423,6.2604562003252155,False,False,True,False,True,12.02866751263721,0,1.0833279168020802,0.876925576860578,False,False,False,False,0.24686191515120548,0.2467475508240952,False,False,False,False,580282.0,464707.53233804577,False,False,False,False,10797.38681489677,False,False,False,False
2025-09-11 16:00:00+00:00,182.69,182.69,182.28,182.41,3921.0,,,,,,,,,,,,,,,,,,,,,170.11606254313904,169.8711038088315,161.94534818272606,"rgba(239, 83, 80, 1.0)",0.0,0.0,2.7339990213318957,173.1569187262645,3.384449373075399,0.0,0.0,0.0,0.0,0.0,0.0,0.0,0.0,54.607069077664455,6.2604562003252155,False,False,True,False,True,11.370603985954283,0,1.0926848453067646,0.8735579444153114,False,False,False,False,0.2583496740342386,0.2525486124291669,False,False,False,False,576361.0,466438.5938521846,False,False,False,False,10690.776166603797,False,False,False,False
2025-09-11 17:00:00+00:00,182.24,182.715,182.16,182.34,5820.0,,,,,,,,,,,,,,,,,,,,,170.15746470639888,169.88731293499535,161.9619588839186,"rgba(239, 83, 80, 1.0)",0.0,0.0,2.617735590470653,173.1869433535437,3.496555068348453,0.0,0.0,0.0,0.0,0.0,0.0,0.0,0.0,54.76844008970005,6.2604562003252155,False,False,True,False,True,11.20432075530918,0,1.0910617283950617,0.8710452674897115,False,False,False,False,0.25595715370029926,0.25425288306473304,False,False,False,False,570541.0,468052.584645174,False,False,False,False,10615.260257044047,False,False,False,False
2025-09-11 18:00:00+00:00,182.35,182.35,181.29,181.59,6874.0,,,,,,,,,,,,,,,,,,,,,170.20338441560648,169.90539450527592,161.98090920121768,"rgba(239, 83, 80, 1.0)",0.0,0.0,2.4842473836271184,173.21349121810192,3.3718496946419174,0.0,0.0,0.0,0.0,0.0,0.0,0.0,0.0,52.847159366845965,6.2604562003252155,False,True,True,False,True,9.427259745007177,0,1.0838611770915807,0.8761216679862756,False,False,False,False,0.23739377985337673,0.24582333145905488,False,False,False,False,563667.0,469534.97868168284,False,False,False,False,10557.256222051115,False,False,False,False
2025-09-11 19:00:00+00:00,181.63,182.36,181.085,182.15,13089.0,,,,,,,,,,,,,,,,,,,,,170.29073401707336,169.9400244376573,162.0171144227841,"rgba(239, 83, 80, 1.0)",0.0,0.0,2.3368210060698993,173.2651610493196,3.8021050510937764,0.0,0.0,0.0,0.0,0.0,0.0,0.0,0.0,53.00987594761723,6.2604562003252155,False,True,True,False,True,10.441239250758098,0,1.0770902624559555,0.8794744294793686,False,False,False,False,0.23472594960909496,0.24027464053407493,False,False,False,False,576756.0,471197.3200974707,False,False,False,False,10596.508063569703,False,False,False,False
2025-09-12 14:00:00+00:00,182.32,182.61,180.25,180.36,7010.0,,,,,,,,,,,,,,,,,,,,,170.33381628020362,169.95726286453578,162.03567923044145,"rgba(239, 83, 80, 1.0)",0.0,0.0,2.1669552434284727,173.28386176302192,3.265475029277718,0.0,0.0,0.0,0.0,0.0,0.0,0.0,0.0,48.95923670925609,2.904272629424952,False,True,False,False,False,6.338796630090329,0,1.0669687978872548,0.8819079912621037,False,False,False,False,0.22674194701101996,0.23350829377254745,False,False,False,False,569746.0,472725.2066075874,False,False,False,False,10540.903287390327,False,False,False,False
2025-09-12 15:00:00+00:00,180.34,181.19,180.3,180.89,12697.0,,,,,,,,,,,,,,,,,,,,,170.40896785888438,169.9875677060745,162.06871996405403,"rgba(239, 83, 80, 1.0)",0.0,0.0,1.9901295353726822,173.31314482214106,3.807217089735844,0.0,0.0,0.0,0.0,0.0,0.0,0.0,0.0,47.683988205537936,1.6393521841616945,False,True,False,True,False,7.32060829187002,0,1.0635189774357638,0.8953632450763005,False,False,False,False,0.20815318022979803,0.22083073700117273,False,False,False,False,582443.0,474426.2576679349,False,False,False,False,10574.331143399779,False,False,False,False
2025-09-12 16:00:00+00:00,180.94,181.335,180.24,180.275,5858.0,,,,,,,,,,,,,,,,,,,,,170.4426938945175,170.00126468819997,162.08378126361615,"rgba(239, 83, 80, 1.0)",0.0,0.0,1.8528147274915363,173.32555702102658,3.750748996032669,0.0,0.0,0.0,0.0,0.0,0.0,0.0,0.0,45.53646943311705,-0.4450193127509223,False,True,False,True,False,5.95002034486523,0,1.0788028284821578,0.893011017924683,False,False,False,False,0.2058170747371971,0.21332390586918493,False,False,False,False,576585.0,476010.1141381994,False,False,False,False,10501.209730323813,False,False,False,False
2025-09-12 17:00:00+00:00,180.3,180.43,180.065,180.21,9899.0,,,,,,,,,,,,,,,,,,,,,170.49706227508713,170.0235008538547,162.10865372906733,"rgba(239, 83, 80, 1.0)",0.0,0.0,1.7954215746241184,173.34209119899919,3.8252346401923227,0.0,0.0,0.0,0.0,0.0,0.0,0.0,0.0,43.96526480853881,-1.979429668711326,False,True,False,True,False,5.80492671582077,0,1.0727182539682543,0.901917989417989,False,False,False,False,0.18997879725479705,0.201651351561991,False,False,False,False,566686.0,477415.9418259793,False,False,False,False,10491.873145357551,False,False,False,False
2025-09-12 18:00:00+00:00,180.05,180.73,179.89,180.21,7493.0,,,,,,,,,,,,,,,,,,,,,170.53799076652123,170.0403366790093,162.12747871465695,"rgba(239, 83, 80, 1.0)",0.0,0.0,1.7549459066108708,173.35560191195054,3.9057603212890992,0.0,0.0,0.0,0.0,0.0,0.0,0.0,0.0,42.91779505881999,-3.060816332452845,False,True,False,True,False,5.8049267158207805,0,1.0691501669255943,0.8996132614947274,False,False,False,False,0.1904157160230739,0.19603353379253244,False,False,False,False,566686.0,478799.97373565397,False,False,False,False,10445.378988065186,False,False,False,False
2025-09-12 19:00:00+00:00,180.22,180.75,179.85,180.28,11633.0,,,,,,,,,,,,,,,,,,,,,170.60096607563224,170.0664076688723,162.15665439435628,"rgba(239, 83, 80, 1.0)",0.0,0.0,1.7076968631966534,173.3776078383861,4.041930573493736,0.0,0.0,0.0,0.0,0.0,0.0,0.0,0.0,42.48863338296327,-3.6296242100475027,False,True,False,True,False,5.943719566338668,0,1.0677484384811131,0.901252519911431,False,False,False,False,0.1873750074470292,0.19170427061978082,False,False,False,False,578319.0,480342.9043754113,False,False,False,False,10463.791716932392,False,False,False,False
2025-09-15 14:00:00+00:00,179.64,181.79,179.12,181.02,7116.0,,,,,,,,,,,,,,,,,,,,,170.64046602168756,170.08283380350113,162.17479876030026,"rgba(239, 83, 80, 1.0)",0.0,0.0,1.685887335530823,173.3944196357201,4.52318503352354,0.0,0.0,0.0,0.0,0.0,0.0,0.0,0.0,44.91901283739121,-3.6296242100475027,False,True,False,True,True,7.406253806689822,0,1.0578595862518327,0.897572894608242,False,False,False,False,0.19013464757209178,0.1909194590959363,False,False,False,False,585435.0,481972.2391912964,False,False,False,False,10411.887969383053,False,False,False,False
2025-09-15 15:00:00+00:00,180.97,181.09,179.61,180.18,6283.0,,,,,,,,,,,,,,,,,,,,,170.67387338604064,170.09681546973647,162.1904865187704,"rgba(239, 83, 80, 1.0)",0.0,0.0,1.6706214736148992,173.40679578561262,4.054302139270063,0.0,0.0,0.0,0.0,0.0,0.0,0.0,0.0,44.02842681175323,-3.6296242100475027,False,True,False,True,True,5.43310790067471,0,1.0597141000649777,0.9072449642625077,False,False,False,False,0.18710915247100698,0.18901430578347164,False,False,False,False,579152.0,483478.9021495708,False,False,False,False,10347.874202415873,False,False,False,False
2025-09-15 16:00:00+00:00,180.13,180.76,180.0,180.0,5005.0,,,,,,,,,,,,,,,,,,,,,170.7002105047383,170.10788222549746,162.20293629674543,"rgba(239, 83, 80, 1.0)",0.0,0.0,1.6501016949263192,173.41655031746907,3.9897236047775175,0.0,0.0,0.0,0.0,0.0,0.0,0.0,0.0,42.939081403355125,-3.6296242100475027,False,True,False,True,False,5.0141859053007956,0,1.0622349794507149,0.911344510405114,False,False,False,False,0.1879732318471956,0.18849376881533364,False,False,False,False,574147.0,484884.6090929883,False,False,False,False,10265.038943463687,False,False,False,False
2025-09-15 17:00:00+00:00,179.995,180.45,179.955,180.1,7552.0,,,,,,,,,,,,,,,,,,,,,170.73932620402482,170.12439565958076,162.2216008970951,"rgba(239, 83, 80, 1.0)",0.0,0.0,1.6089065869094175,173.43074815755713,4.1452076190787235,0.0,0.0,0.0,0.0,0.0,0.0,0.0,0.0,42.637856445417206,-3.8100975919729123,False,True,False,True,False,5.220215380984531,0,1.0578863168892232,0.9126318195174503,False,False,False,False,0.18286475117337592,0.18567925999435478,False,False,False,False,581699.0,486385.60740162415,False,False,False,False,10222.976324185182,False,False,False,False
2025-09-15 18:00:00+00:00,180.09,180.09,179.05,179.05,11419.0,,,,,,,,,,,,,,,,,,,,,170.79307061636882,170.14735162734397,162.2485388555654,"rgba(239, 83, 80, 1.0)",0.0,0.0,1.6040006992636717,173.84188050539495,3.2469558753907544,0.0,0.0,0.0,0.0,0.0,0.0,0.0,0.0,39.59677833488605,-6.80072817775833,False,True,False,True,False,2.76731633626655,0,1.049272810278485,0.9196830365877515,False,False,False,False,0.1647358874491902,0.17520757372177248,False,False,False,False,570280.0,487686.29565896327,False,False,False,False,10241.519326910991,False,False,False,False
2025-09-15 19:00:00+00:00,179.09,180.45,179.09,179.98,20377.0,,,,,,,,,,,,,,,,,,,,,170.8921943239112,170.18998499611163,162.29763716426956,"rgba(239, 83, 80, 1.0)",0.0,0.0,1.5925355866007196,173.8875422410708,3.825633668842269,0.0,0.0,0.0,0.0,0.0,0.0,0.0,0.0,41.293462493012065,-6.80072817775833,False,True,False,True,True,4.709803604543634,1,1.0489281782267994,0.9147399779807003,False,False,False,False,0.1704561932474528,0.17283188348461265,False,False,False,False,590657.0,489282.74068750645,False,False,False,False,10398.658562152681,False,False,False,False
2025-09-16 14:00:00+00:00,182.19,184.31,181.83,182.945,14540.0,,,,,,,,,,,,,,,,,,,,,170.9863396778227,170.23015293812423,162.33884109157253,"rgba(239, 83, 80, 1.0)",0.0,0.0,1.6109453410612642,174.00884560110745,5.547149348348188,0.0,0.0,0.0,0.0,0.0,0.0,0.0,0.0,49.35820424209246,-4.999231828126014,False,True,False,False,True,10.364523039693896,0,1.056656954649101,0.8981821636686088,False,False,False,False,0.2667593368376121,0.21979561016111238,False,False,False,False,605197.0,491079.86098692496,False,False,False,False,10462.865406150313,False,False,False,False
2025-09-16 15:00:00+00:00,182.94,184.49,182.6,184.05,10317.0,,,,,,,,,,,,,,,,,,,,,171.056010228087,170.26001973965538,162.36894324044073,"rgba(38, 166, 154, 1.0)",0.0,0.0,1.6532619217707398,174.0900955685384,6.024395953421568,0.0,0.0,0.0,0.0,0.0,0.0,0.0,0.0,56.30149189865244,0.977888511534097,True,False,True,False,True,12.283242183940384,0,1.0617120940614295,0.8963186519538492,False,False,False,False,0.28098659365059314,0.2503911019058528,False,False,False,False,615514.0,493009.072444492,False,False,False,False,10460.603926985192,False,False,False,False
2025-09-16 16:00:00+00:00,184.035,184.35,181.55,183.21,7303.0,,,,,,,,,,,,,,,,,,,,,171.10225602420786,170.2800220746742,162.3895262783214,"rgba(38, 166, 154, 1.0)",0.0,0.0,1.681331183778093,174.13295380199773,5.398725893851198,0.0,0.0,0.0,0.0,0.0,0.0,0.0,0.0,58.48960835549628,2.5417903753623676,True,False,True,False,True,10.318636971868639,0,1.0602897647608664,0.8964636236173857,False,False,False,False,0.26262001045493844,0.2565055561803956,False,False,False,False,608211.0,494795.14884070144,False,False,False,False,10411.64882734201,False,False,False,False
2025-09-16 17:00:00+00:00,183.25,184.185,183.2,184.09,4620.0,,,,,,,,,,,,,,,,,,,,,171.13324832987976,170.29342355810124,162.40302265102326,"rgba(38, 166, 154, 1.0)",0.0,0.0,1.7234617766259241,174.16473291453832,5.758913380076636,0.0,0.0,0.0,0.0,0.0,0.0,0.0,0.0,61.303625940093355,4.912821581175123,True,False,True,False,True,11.838396515198141,0,1.067976583421561,0.8971165223889889,False,False,False,False,0.2846922291243521,0.27059889265237386,False,False,False,False,612831.0,496625.1620369696,False,False,False,False,10321.85582226694,False,False,False,False
2025-09-16 18:00:00+00:00,184.1,184.31,183.645,183.785,8265.0,,,,,,,,,,,,,,,,,,,,,171.18870058823995,170.317488325007,162.42722417069285,"rgba(38, 166, 154, 1.0)",0.0,0.0,1.760518128584925,174.21969276693068,5.4332341586040656,0.0,0.0,0.0,0.0,0.0,0.0,0.0,0.0,62.26615852988729,5.751221803924437,True,False,True,False,True,11.122739972825226,0,1.0683393962006034,0.8958741410938031,False,False,False,False,0.2926307179459345,0.28161480529915417,False,False,False,False,604566.0,498298.6634007375,False,False,False,False,10289.966584712414,False,False,False,False
2025-09-16 19:00:00+00:00,183.785,184.715,182.68,182.97,16755.0,,,,,,,,,,,,,,,,,,,,,171.29565464537183,170.3643771461339,162.47507631815208,"rgba(38, 166, 154, 1.0)",0.0,0.0,1.7771600560613403,174.3111056562307,4.872321046287592,0.0,0.0,0.0,0.0,0.0,0.0,0.0,0.0,60.5628565392393,5.751221803924437,True,False,True,False,True,9.229998335059125,0,1.0604761611052862,0.8974279898846602,False,False,False,False,0.2839239814633463,0.28276939338125023,False,False,False,False,587811.0,499686.4515650671,False,False,False,False,10390.199660918424,False,False,False,False
2025-09-17 14:00:00+00:00,184.92,186.195,184.645,185.28,12122.0,,,,,,,,,,,,,,,,,,,,,171.38390440596467,170.4030331144213,162.51271426532304,"rgba(38, 166, 154, 1.0)",0.0,0.0,1.857792917016748,175.08377339697046,5.488354762059643,0.0,0.0,0.0,0.0,0.0,0.0,0.0,0.0,63.12561008649297,6.632311562947507,True,False,True,False,True,13.160668304482485,0,1.0610052203472142,0.8796588563797497,False,False,False,False,0.33815487970140795,0.3104621365413291,False,False,False,False,599933.0,501240.66161832184,False,False,False,False,10417.049278578603,False,False,False,False
2025-09-17 15:00:00+00:00,185.44,186.05,183.78,184.03,9308.0,,,,,,,,,,,,,,,,,,,,,171.44731166774747,170.4310937227209,162.54058145859995,"rgba(38, 166, 154, 1.0)",0.0,0.0,1.8906941191655842,175.1239397128675,4.710471248021333,0.0,0.0,0.0,0.0,0.0,0.0,0.0,0.0,61.73599731793448,6.632311562947507,True,False,True,False,True,10.344326631341346,0,1.0548307581314258,0.8825828172909274,False,False,False,False,0.32141761616111747,0.3159398763512233,False,False,False,False,590625.0,502626.46531416185,False,False,False,False,10399.854716120019,False,False,False,False
2025-09-17 16:00:00+00:00,184.06,185.32,184.0,184.51,3214.0,,,,,,,,,,,,,,,,,,,,,171.4690484580306,170.44075037245545,162.55018318230668,"rgba(38, 166, 154, 1.0)",0.0,0.0,1.939008407304794,175.1400337641221,4.832349463044392,0.0,0.0,0.0,0.0,0.0,0.0,0.0,0.0,61.56971753414855,6.632311562947507,True,False,True,False,True,11.143644905303354,0,1.0542457118613255,0.89781198860537,False,False,False,False,0.31309623176902296,0.3145180540601231,False,False,False,False,593839.0,504040.6131387485,False,False,False,False,10288.446115870096,False,False,False,False
2025-09-17 17:00:00+00:00,184.51,184.735,183.96,183.96,5006.0,,,,,,,,,,,,,,,,,,,,,171.5017573611311,170.45534998413112,162.56485658797743,"rgba(38, 166, 154, 1.0)",0.0,0.0,1.971141679970669,175.16012146839833,4.464356175418412,0.0,0.0,0.0,0.0,0.0,0.0,0.0,0.0,60.09461615069381,6.632311562947507,True,False,True,False,False,9.916208294436526,0,1.0552905793359058,0.8971048394446636,False,False,False,False,0.3029552923642738,0.30873667321219844,False,False,False,False,588833.0,505355.22378776013,False,False,False,False,10206.547726476761,False,False,False,False
2025-09-17 18:00:00+00:00,184.0,185.47,183.02,184.13,2659.0,,,,,,,,,,,,,,,,,,,,,171.51904707459295,170.46308561378876,162.5726382788667,"rgba(38, 166, 154, 1.0)",0.0,0.0,2.0048522513004827,175.1713314479644,4.468493150168244,0.0,0.0,0.0,0.0,0.0,0.0,0.0,0.0,59.435664646296324,6.632311562947507,True,False,True,False,False,10.207388247618507,0,1.0523959741625362,0.8870362024936156,False,False,False,False,0.29944092295377034,0.3040887980829844,False,False,False,False,591492.0,506690.67768252356,False,False,False,False,10089.531482655415,False,False,False,False
2025-09-17 19:00:00+00:00,184.0,185.47,184.0,184.53,9224.0,,,,,,,,,,,,,,,,,,,,,171.5808229506421,170.49074888462977,162.60016249044455,"rgba(38, 166, 154, 1.0)",0.0,0.0,2.0454012359953433,175.2220136563397,4.550689703250719,0.0,0.0,0.0,0.0,0.0,0.0,0.0,0.0,59.788094726997606,6.632311562947507,True,False,True,False,False,10.89597540098439,0,1.0583250995538793,0.8889188299050867,False,False,False,False,0.31512100872994975,0.30960490340646707,False,False,False,False,600716.0,508148.4346176782,False,False,False,False,10076.112389901067,False,False,False,False
2025-09-18 14:00:00+00:00,184.09,184.25,183.39,183.4,5088.0,,,,,,,,,,,,,,,,,,,,,171.61210039641753,170.50490314889052,162.61463809508246,"rgba(38, 166, 154, 1.0)",0.0,0.0,2.061053976850329,175.23833461310502,3.9599474242627615,0.0,0.0,0.0,0.0,0.0,0.0,0.0,0.0,56.9437271642869,6.632311562947507,True,False,True,False,False,8.342724467048715,1,1.052604775171505,0.8968874509451483,False,False,False,False,0.2842770186444771,0.29694096102547207,False,False,False,False,595628.0,509504.7069491871,False,False,False,False,9998.777314088647,False,False,False,False
2025-09-18 15:00:00+00:00,183.4,183.96,182.14,183.9,6368.0,,,,,,,,,,,,,,,,,,,,,171.64990127009355,170.52211048731775,162.632429682967,"rgba(38, 166, 154, 1.0)",0.0,0.0,2.084037524950178,175.8146358293957,3.879663429187815,0.0,0.0,0.0,0.0,0.0,0.0,0.0,0.0,56.19538439838807,10.773207287223244,True,False,True,False,False,9.225486835423172,1,1.0385453026641607,0.9048300963632565,False,False,False,False,0.2590533099656887,0.27799713549558036,False,False,False,False,601996.0,510938.6804848586,False,False,False,False,9942.486192939985,False,False,False,False
2025-09-18 16:00:00+00:00,183.9,183.9,183.02,183.315,9444.0,,,,,,,,,,,,,,,,,,,,,171.70588757287592,170.5477003528122,162.6588587661433,"rgba(38, 166, 154, 1.0)",0.0,0.0,2.095715464060272,175.8446128051321,3.5645999292263895,0.0,0.0,0.0,0.0,0.0,0.0,0.0,0.0,54.14526663664957,8.597743373943722,False,False,True,False,False,7.914535083513513,1,1.0464873568702298,0.9007037213740456,False,False,False,False,0.272442067590985,0.2752196015432827,False,False,False,False,592552.0,512204.0032680391,False,False,False,False,9934.757724832387,False,False,False,False
2025-09-18 17:00:00+00:00,183.23,183.42,182.73,183.38,10923.0,,,,,,,,,,,,,,,,,,,,,171.768693944598,170.5766329686961,162.6889979161855,"rgba(38, 166, 154, 1.0)",0.0,0.0,2.085499060975186,175.86979524820487,3.6011547031257516,0.0,0.0,0.0,0.0,0.0,0.0,0.0,0.0,52.953744655324925,7.267052984273519,False,False,True,False,False,8.03271326328144,1,1.0441167619620828,0.9124887150165513,False,False,False,False,0.25986705661658294,0.26754332907993283,False,False,False,False,603475.0,513619.0574809377,False,False,False,False,9950.079310493898,False,False,False,False
2025-09-18 18:00:00+00:00,183.48,184.775,183.27,184.73,11823.0,,,,,,,,,,,,,,,,,,,,,171.84227740462404,170.61047606768417,162.72323782499123,"rgba(38, 166, 154, 1.0)",0.0,0.0,2.1071455543892608,175.93850065484676,4.172231636699332,0.0,0.0,0.0,0.0,0.0,0.0,0.0,0.0,55.41099769940277,7.267052984273519,True,False,True,False,True,10.442881380169428,1,1.0370714178769282,0.905644557568498,False,False,False,False,0.2909682225591111,0.279255775819522,False,False,False,False,615298.0,515195.47519441147,False,False,False,False,9979.11684056376,False,False,False,False
2025-09-18 19:00:00+00:00,184.78,185.73,184.78,185.16,12051.0,,,,,,,,,,,,,,,,,,,,,171.92215332471443,170.64722688292588,162.7595852335443,"rgba(38, 166, 154, 1.0)",0.0,0.0,2.139353257495215,176.02861025865485,4.268294499449008,0.0,0.0,0.0,0.0,0.0,0.0,0.0,0.0,57.92261408471748,3.5560761465414643,True,False,True,False,True,11.189307286919643,1,1.045151451723829,0.9009060191968422,False,False,False,False,0.3322705193981042,0.30576314760881307,False,False,False,False,627349.0,516934.2895324826,False,False,False,False,10011.239060089903,False,False,False,False
2025-09-19 14:00:00+00:00,184.625,184.625,183.215,183.655,4603.0,,,,,,,,,,,,,,,,,,,,,171.94924577642277,170.65987990934437,162.77257934312357,"rgba(38, 166, 154, 1.0)",0.0,0.0,2.1454134757610257,176.04465863079878,3.547260915055857,0.0,0.0,0.0,0.0,0.0,0.0,0.0,0.0,55.266673078306,3.5560761465414643,True,False,True,False,False,7.77136555304245,1,1.0331868914747093,0.9057824744716216,False,False,False,False,0.2875781841237894,0.2966706658663012,False,False,False,False,622746.0,518574.7811676379,False,False,False,False,9927.39039249161,False,False,False,False
2025-09-19 15:00:00+00:00,183.655,183.9,182.85,183.84,8992.0,,,,,,,,,,,,,,,,,,,,,172.0004824293595,170.68396327703658,162.79755431159177,"rgba(38, 166, 154, 1.0)",0.0,0.0,2.140451312180409,176.0701732992317,3.6299945981267996,0.0,0.0,0.0,0.0,0.0,0.0,0.0,0.0,53.95894328252389,3.5560761465414643,False,False,True,False,False,8.10411688980749,1,1.030969119871852,0.9114532348491587,False,False,False,False,0.2696586540069558,0.28316465993662854,False,False,False,False,631738.0,520329.24967666675,False,False,False,False,9912.888215863832,False,False,False,False
2025-09-19 16:00:00+00:00,183.78,184.5,183.55,184.455,5888.0,,,,,,,,,,,,,,,,,,,,,172.03563142640388,170.70046559545798,162.81437800692564,"rgba(38, 166, 154, 1.0)",0.0,0.0,2.162687094441421,176.09513325081292,3.8654999008750632,0.0,0.0,0.0,0.0,0.0,0.0,0.0,0.0,54.6120119466908,3.5560761465414643,True,False,True,False,False,9.208732269069134,1,1.0493719835726496,0.901945501963488,False,False,False,False,0.2910509874536314,0.28710782369513,False,False,False,False,637626.0,522147.8039452455,False,False,False,False,9850.486848176019,False,False,False,False
2025-09-19 17:00:00+00:00,184.455,184.97,183.57,184.16,8351.0,,,,,,,,,,,,,,,,,,,,,172.08540193408362,170.7239144509697,162.83826631409968,"rgba(38, 166, 154, 1.0)",0.0,0.0,2.1673673302278824,176.13086142049642,3.704558275619748,0.0,0.0,0.0,0.0,0.0,0.0,0.0,0.0,54.147363904584466,3.5560761465414643,False,False,True,False,False,8.533592519766142,1,1.0479181622397702,0.8937843981813829,False,False,False,False,0.29847409364215205,0.292790958668641,False,False,False,False,629275.0,523808.6907057843,False,False,False,False,9827.238990064761,False,False,False,False
2025-09-19 18:00:00+00:00,184.26,184.58,183.98,184.58,9596.0,,,,,,,,,,,,,,,,,,,,,172.14277772158056,170.75105045859019,162.86583799731642,"rgba(38, 166, 154, 1.0)",0.0,0.0,2.184366704767284,176.17344466418805,3.8485091891691185,0.0,0.0,0.0,0.0,0.0,0.0,0.0,0.0,54.957057074015566,3.5560761465414643,True,False,True,False,False,9.298855461299208,1,1.0461754427884475,0.8963292613721212,False,False,False,False,0.2983385159600712,0.2955647373143561,False,False,False,False,638871.0,525592.6024777876,False,False,False,False,9823.653889443603,False,False,False,False
2025-09-19 19:00:00+00:00,184.84,185.66,184.48,185.22,25218.0,,,,,,,,,,,,,,,,,,,,,172.30000309877454,170.82569587460026,162.9404409362586,"rgba(38, 166, 154, 1.0)",0.0,0.0,2.2033856013197215,176.30985235475333,4.043844000754984,0.0,0.0,0.0,0.0,0.0,0.0,0.0,0.0,57.082963553137105,3.5560761465414643,True,False,True,False,True,10.454381801474689,1,1.049776186213071,0.8933751119068933,False,False,False,False,0.3252306505530051,0.3103976939336806,False,False,False,False,664089.0,527739.8334471242,False,False,False,False,10062.325922165408,False,False,False,False
2025-09-22 14:00:00+00:00,186.16,188.61,185.61,188.51,5247.0,,,,,,,,,,,,,,,,,,,,,172.3384159408448,170.84378215919656,162.95761276207034,"rgba(38, 166, 154, 1.0)",0.0,0.0,2.305063974800452,176.3568060426502,5.272389005342854,0.0,0.0,0.0,0.0,0.0,0.0,0.0,0.0,63.4996514298616,9.110083607743967,True,False,True,False,True,15.906169149550674,0,1.049696186925764,0.8765961194117472,False,False,False,False,0.342828251088091,0.32661297251088584,False,False,False,False,669336.0,529935.1228510448,False,False,False,False,9987.669706317882,False,False,False,False
2025-09-22 15:00:00+00:00,188.56,188.68,187.55,187.93,8569.0,,,,,,,,,,,,,,,,,,,,,172.40268461618248,170.87407450324025,162.98614704524618,"rgba(38, 166, 154, 1.0)",0.0,0.0,2.3547654920431946,176.43673488686147,4.880853380930939,0.0,0.0,0.0,0.0,0.0,0.0,0.0,0.0,65.95980357863822,11.22508082282674,True,False,True,False,True,14.545594463200615,0,1.061637615350813,0.8768419510766073,False,False,False,False,0.3428282508138494,0.3347206116623676,False,False,False,False,660767.0,531963.5240471526,False,False,False,False,9965.674827150162,False,False,False,False
2025-09-22 16:00:00+00:00,187.91,187.975,186.92,187.025,5120.0,,,,,,,,,,,,,,,,,,,,,172.43901495458334,170.89133895183727,163.00265848779082,"rgba(38, 166, 154, 1.0)",0.0,0.0,2.399334446003447,176.47705071084246,4.3961979984604405,0.0,0.0,0.0,0.0,0.0,0.0,0.0,0.0,64.96729352652991,11.22508082282674,True,False,True,False,True,12.461391905471167,0,1.0559640401274075,0.8946506712708004,False,False,False,False,0.3187928360443713,0.32675672385336946,False,False,False,False,655647.0,533881.0973177394,False,False,False,False,9890.548085643957,False,False,False,False
2025-09-22 17:00:00+00:00,187.02,187.38,186.905,187.11,3398.0,,,,,,,,,,,,,,,,,,,,,172.46274609968046,170.90265493058826,163.01352548147648,"rgba(38, 166, 154, 1.0)",0.0,0.0,2.4533965387950327,176.5023961533712,4.3236401775632505,0.0,0.0,0.0,0.0,0.0,0.0,0.0,0.0,64.44920602804261,11.22508082282674,True,False,True,False,True,12.60058589522944,0,1.0602501062344443,0.9013537303466278,False,False,False,False,0.3037316090631233,0.3152441664582464,False,False,False,False,659045.0,535821.6229407202,False,False,False,False,9789.888425401416,False,False,False,False
2025-09-22 18:00:00+00:00,187.11,187.345,186.91,187.2,6371.0,,,,,,,,,,,,,,,,,,,,,172.50709464974355,170.92385520676086,163.03389081041996,"rgba(38, 166, 154, 1.0)",0.0,0.0,2.5007296682905817,176.549079583056,4.259125067374682,0.0,0.0,0.0,0.0,0.0,0.0,0.0,0.0,64.27054907109463,11.22508082282674,True,False,True,False,False,12.750280854578719,0,1.0392013412589545,0.9068129858253314,False,False,False,False,0.30209068783719184,0.3086674271477191,False,False,False,False,665416.0,537830.838088926,False,False,False,False,9736.88240330217,False,False,False,False
2025-09-22 19:00:00+00:00,187.25,187.795,187.04,187.255,22470.0,,,,,,,,,,,,,,,,,,,,,172.66362327793883,170.99915680417982,163.10607213345054,"rgba(38, 166, 154, 1.0)",0.0,0.0,2.5474175370564867,176.7107461637225,4.139193392089652,0.0,0.0,0.0,0.0,0.0,0.0,0.0,0.0,64.26345455100967,11.22508082282674,True,False,True,False,False,12.843265012540964,0,1.0345248261559108,0.9079846285226303,False,False,False,False,0.31394808176219663,0.31130775445495784,False,False,False,False,687886.0,540157.2747077025,False,False,False,False,9934.295079219966,False,False,False,False
2025-09-23 14:00:00+00:00,192.2,192.605,190.89,191.27,8874.0,,,,,,,,,,,,,,,,,,,,,172.7420433311215,171.0363348513166,163.1394051747853,"rgba(38, 166, 154, 1.0)",0.0,0.0,2.7265017880050615,176.81917902101782,5.300132588416761,0.0,0.0,0.0,0.0,0.0,0.0,0.0,0.0,69.4227974142272,15.006706110656069,True,False,True,False,True,19.06681137059516,0,1.035819038307706,0.8946760287974403,False,False,False,False,0.34282825093035624,0.327068002692657,False,False,False,False,696760.0,542585.2239370403,False,False,False,False,9917.856395821207,False,False,False,False
2025-09-23 15:00:00+00:00,191.11,191.44,190.82,191.075,6169.0,,,,,,,,,,,,,,,,,,,,,172.79480812372012,171.06150355526898,163.16214411476338,"rgba(38, 166, 154, 1.0)",0.0,0.0,2.8653158088907844,176.88829264335908,4.951184547483734,0.0,0.0,0.0,0.0,0.0,0.0,0.0,0.0,72.24756445774419,17.635502494301008,True,False,True,False,True,18.60233949171908,0,1.0351100708127166,0.902491778021392,False,False,False,False,0.320664209369467,0.32386610603106203,False,False,False,False,690591.0,544879.8871318148,False,False,False,False,9859.734591234832,False,False,False,False
2025-09-23 16:00:00+00:00,191.09,191.585,190.76,191.43,5426.0,,,,,,,,,,,,,,,,,,,,,172.84133756008356,171.08375036320803,163.18221861135675,"rgba(38, 166, 154, 1.0)",0.0,0.0,3.0047992392942335,176.94858440214256,4.819428668804789,0.0,0.0,0.0,0.0,0.0,0.0,0.0,0.0,74.46397002841655,19.689328764125747,True,False,True,False,True,19.114948605068456,0,1.0325031281654058,0.9106834296609664,False,False,False,False,0.32217972316864746,0.32302291459985477,False,False,False,False,696017.0,547223.0981840348,False,False,False,False,9790.994520052896,False,False,False,False
2025-09-23 17:00:00+00:00,191.375,191.45,190.01,190.05,5494.0,,,,,,,,,,,,,,,,,,,,,172.88629018449868,171.10538497788906,163.20196967324463,"rgba(38, 166, 154, 1.0)",0.0,0.0,3.070760462786788,177.00319283509575,4.248721879486483,0.0,0.0,0.0,0.0,0.0,0.0,0.0,0.0,71.59875689140313,19.689328764125747,True,False,True,False,False,15.839836024322924,0,1.0196491020093652,0.913609151798945,False,False,False,False,0.3064690631400188,0.31474598886993677,False,False,False,False,690523.0,549444.8020881583,False,False,False,False,9724.374449974557,False,False,False,False
2025-09-23 18:00:00+00:00,190.05,190.65,189.61,190.19,6155.0,,,,,,,,,,,,,,,,,,,,,172.93537557263824,171.12912489299075,163.22377722298606,"rgba(38, 166, 154, 1.0)",0.0,0.0,3.1227554101059574,177.06040361857686,4.204490796471839,0.0,0.0,0.0,0.0,0.0,0.0,0.0,0.0,69.89907132474846,19.689328764125747,True,False,True,False,False,16.05218891658165,0,1.0170447831738156,0.9183800070896845,False,False,False,False,0.2853968719718789,0.30007143042090784,False,False,False,False,696678.0,551727.4873271016,False,False,False,False,9669.03531121526,False,False,False,False
2025-09-23 19:00:00+00:00,190.21,191.41,190.21,190.68,19851.0,,,,,,,,,,,,,,,,,,,,,173.09740386851303,171.20775808621664,163.29547598546787,"rgba(38, 166, 154, 1.0)",0.0,0.0,3.1990409007512444,177.25070813024539,4.197911901220445,0.0,0.0,0.0,0.0,0.0,0.0,0.0,0.0,69.52407248760811,24.494806552882054,True,False,True,False,False,16.798305018622468,0,1.0219135256296823,0.9151477614581488,False,False,False,False,0.3092983602522384,0.3046848953365731,False,False,False,False,716529.0,554282.5495390845,False,False,False,False,9826.895228870839,False,False,False,False
2025-09-24 14:00:00+00:00,193.53,194.05,193.09,193.61,7177.0,,,,,,,,,,193.58333333333331,,,,,,,,,,,173.16448492228645,171.24010443625815,163.32395485338043,"rgba(38, 166, 154, 1.0)",0.0,0.0,3.357071533237548,177.33912105762653,4.846747762530371,0.0,0.0,0.0,0.0,0.0,0.0,0.0,0.0,72.53739066026631,24.494806552882054,True,False,True,False,True,20.0,0,1.0252313602235028,0.9063791397473953,False,False,False,False,0.34282825109554804,0.32375657321606055,False,False,False,False,723706.0,556909.2697012692,False,False,False,False,9785.811581911601,False,False,False,False
2025-09-24 15:00:00+00:00,193.79,194.71,193.34,194.04,7788.0,,,,,,,,,,193.81578505401492,,,,,,,,,,,173.23836305041073,171.27579847326194,163.3552529665576,"rgba(38, 166, 154, 1.0)",0.0,0.0,3.530242124763405,177.43635784980802,4.703258746396819,0.0,0.0,0.0,0.0,0.0,0.0,0.0,0.0,74.89792923188426,19.830648595682362,True,False,True,False,True,20.0,0,1.0237805584520911,0.9027053643841964,False,False,False,False,0.34282825116190124,0.33329241218898087,False,False,False,False,731494.0,559616.0097059007,False,False,False,False,9754.837758936226,False,False,False,False
2025-09-24 16:00:00+00:00,194.07,194.66,194.0,194.43,5031.0,,,,,,,,,,193.9535483763419,,,,,,,,,,,173.28657104271292,171.29913413330556,163.3756567948933,"rgba(38, 166, 154, 1.0)",0.0,0.0,3.716439444433165,177.4996037805534,4.555542064544213,0.0,0.0,0.0,0.0,0.0,0.0,0.0,0.0,76.79646539439176,21.703961392544144,True,False,True,False,True,20.0,0,1.032662804576286,0.9032051468661756,False,False,False,False,0.34282825120491445,0.33806033169694766,False,False,False,False,736525.0,562358.78474922,False,False,False,False,9681.599964224037,False,False,False,False
2025-09-24 17:00:00+00:00,194.5,194.89,193.62,193.78,5230.0,,,,,,,,,,193.98322048679933,,,,,,,,,,,173.33582207383526,171.32306297383604,163.39665695783145,"rgba(38, 166, 154, 1.0)",0.0,0.0,3.8560340196054916,177.56269967333336,4.205694307729637,0.0,0.0,0.0,0.0,0.0,0.0,0.0,0.0,75.85180178560819,21.703961392544144,True,False,True,False,True,20.0,0,1.0346193041199592,0.8963750181976998,False,False,False,False,0.34036686255061155,0.33921359712377963,False,False,False,False,731295.0,564977.9508771391,False,False,False,False,9612.582910515137,False,False,False,False
2025-09-24 18:00:00+00:00,193.75,194.15,193.435,193.49,7441.0,,,,,,,,,,193.91680936929214,,,,,,,,,,,173.40413455937056,171.35641745807143,163.42609207139122,"rgba(38, 166, 154, 1.0)",0.0,0.0,3.9703652542614707,177.64741153124015,3.990209326901523,0.0,0.0,0.0,0.0,0.0,0.0,0.0,0.0,74.24425852944073,21.703961392544144,True,False,True,False,False,19.78163215613184,0,1.0282722513089009,0.9015997673065735,False,False,False,False,0.32521619960503534,0.3322148983644075,False,False,False,False,723854.0,567441.1454371834,False,False,False,False,9578.914958414127,False,False,False,False
2025-09-24 19:00:00+00:00,193.44,193.7,192.93,193.09,16292.0,,,,,,,,,,193.6915887102814,,,,,,,,,,,173.54882032031512,171.4276307876203,163.48938186946103,"rgba(38, 166, 154, 1.0)",0.0,0.0,4.070128589950595,177.81861531359777,3.752064424723151,0.0,0.0,0.0,0.0,0.0,0.0,0.0,0.0,71.79997901708954,21.703961392544144,True,False,True,False,False,18.809868878580005,0,1.0253227119432495,0.9051343179439469,False,False,False,False,0.30955646914179624,0.3208856837531019,False,False,False,False,707562.0,569613.5617869946,False,False,False,False,9682.993796268172,False,False,False,False
2025-09-25 14:00:00+00:00,193.3,194.655,193.07,194.06,3771.0,,,,,,,,,,193.70851956508,,,,,,,,,,,173.58316962568378,171.44456613389113,163.50433090870848,"rgba(38, 166, 154, 1.0)",0.0,0.0,4.184596063685318,177.85972762425848,3.8714064940055777,0.0,0.0,0.0,0.0,0.0,0.0,0.0,0.0,71.67664059984506,26.3698366961101,True,False,True,False,False,20.0,0,1.0247609141602378,0.9003784923868133,False,False,False,False,0.32685506734878844,0.32387037555094517,False,False,False,False,711333.0,571810.7623794442,False,False,False,False,9591.334977721379,False,False,False,False
2025-09-25 15:00:00+00:00,194.12,194.34,193.83,194.01,11929.0,,,,,,,,,,193.77336452259806,,,,,,,,,,,173.6917684159297,171.49828386234446,163.55172767523382,"rgba(38, 166, 154, 1.0)",0.0,0.0,4.297121548618102,177.988437600419,3.7284405894297605,0.0,0.0,0.0,0.0,0.0,0.0,0.0,0.0,71.40734475277604,25.816486309025464,True,False,True,False,False,20.0,0,1.0280047692441914,0.9094134411260069,False,False,False,False,0.33325842683732065,0.3285644011941329,False,False,False,False,699404.0,573788.9521099954,False,False,False,False,9627.577846283839,False,False,False,False
2025-09-25 16:00:00+00:00,194.015,195.77,193.64,194.8,11931.0,,,,,,,,,,193.9234253383819,,,,,,,,,,,173.80280965905152,171.55335967435423,163.60003370790108,"rgba(38, 166, 154, 1.0)",0.0,0.0,4.4258652638018425,178.12080606024253,3.76857245885293,0.0,0.0,0.0,0.0,0.0,0.0,0.0,0.0,72.41773953059939,25.816486309025464,True,False,True,False,False,20.0,0,1.0179300291545188,0.9087463556851313,False,False,False,False,0.3428282504026206,0.3356963257983767,False,False,False,False,711335.0,575921.4489765071,False,False,False,False,9663.289817659283,False,False,False,False
2025-09-25 17:00:00+00:00,194.715,195.44,194.61,194.66,8899.0,,,,,,,,,,194.02542911953586,,,,,,,,,,,173.88552560877244,171.5945636118508,163.63615884220144,"rgba(38, 166, 154, 1.0)",0.0,0.0,4.5639886952977005,178.2181867482605,3.602509635635068,0.0,0.0,0.0,0.0,0.0,0.0,0.0,0.0,72.4995982429591,25.816486309025464,True,False,True,False,False,20.0,0,1.0178847556528081,0.9144566010211526,False,False,False,False,0.3428282504215539,0.3392622881099653,False,False,False,False,702436.0,577882.9148838479,False,False,False,False,9651.440363121928,False,False,False,False
2025-09-25 18:00:00+00:00,194.6,196.19,194.495,196.03,7924.0,,,,,,,,,,194.1565927297771,,,,,,,,,,,173.96095980363103,171.63217942278402,163.66894197012726,"rgba(38, 166, 154, 1.0)",0.0,0.0,4.724699427972013,178.30798482455552,3.7509296507886685,0.0,0.0,0.0,0.0,0.0,0.0,0.0,0.0,74.44902923685152,25.816486309025464,True,False,True,False,True,20.0,0,1.0144885540423068,0.9107794842074763,False,False,False,False,0.342828250406964,0.3410452692584647,False,False,False,False,710360.0,579936.8231802224,False,False,False,False,9624.658341988254,False,False,False,False
2025-09-25 19:00:00+00:00,195.94,196.69,195.63,196.435,17259.0,,,,,,,,,,194.48331386138017,,,,,,,,,,,174.12857100544707,171.71601771634613,163.7416303816129,"rgba(38, 166, 154, 1.0)",0.0,0.0,4.892764534778591,178.50805909284608,3.6639696800706876,0.0,0.0,0.0,0.0,0.0,0.0,0.0,0.0,76.21549891703242,22.625841346817936,True,False,True,False,True,20.0,0,1.020671460048707,0.9118926127797752,False,False,False,False,0.34282825053354044,0.3419367598960026,False,False,False,False,727619.0,582226.469332467,False,False,False,False,9743.020228158979,False,False,False,False
2025-09-26 14:00:00+00:00,199.9,201.53,198.58,200.585,8302.0,,,,,,,,,200.23166666666668,194.8844336437653,,,,,,,,,,,174.2226451577381,171.76265174840168,163.78074628619396,"rgba(38, 166, 154, 1.0)",1.0,198.175,5.191379093447736,179.96122962818328,3.9726958868881073,0.0,0.0,0.0,0.0,0.0,0.0,0.0,0.0,80.27664395044675,26.472650989045164,True,False,True,False,True,20.0,0,1.0188524358139666,0.9004161123220202,False,True,False,False,0.3428282511916392,0.3423825055438209,False,False,False,False,735921.0,584609.3302730488,False,False,False,False,9720.678829272794,False,False,False,False
2025-09-26 15:00:00+00:00,200.67,201.455,200.185,201.17,7322.0,,,,,,,,,200.56205645161293,195.2353113453052,,,,,,,,,,,174.30728724019588,171.80466990118555,163.81584116152308,"rgba(38, 166, 154, 1.0)",0.0,0.0,5.487395099860797,180.0859872085221,3.8422625686298275,0.0,0.0,0.0,0.0,0.0,0.0,0.0,0.0,83.22940588934156,29.145121802146818,True,False,True,False,True,20.0,0,1.0266497103292354,0.9025858414582452,False,False,False,False,0.3428282512955219,0.3426053784196714,False,False,False,False,743243.0,587068.7670130016,False,False,False,False,9683.490010214302,False,True,False,False
2025-09-26 16:00:00+00:00,201.23,201.24,199.73,199.99,12778.0,,,,,,,,,200.45315576367867,195.70248818374873,,,,,,,,,,,174.45033171507103,171.8761626673212,163.87591368919556,"rgba(38, 166, 154, 1.0)",0.0,0.0,5.71275250156511,180.25771991151544,3.454075786248146,0.0,0.0,0.0,0.0,0.0,0.0,0.0,0.0,81.45878772414366,29.145121802146818,True,False,True,False,False,20.0,0,1.0308460800361232,0.8998984026641081,False,False,False,False,0.3321026637108208,0.33735402106524615,False,False,False,False,730465.0,589291.9644236527,False,False,False,False,9731.466909280745,False,False,False,False
2025-09-26 17:00:00+00:00,200.0,200.0,197.72,197.94,18054.0,,,,,,,,,199.7148357585673,196.03005016080309,,,,,,,,,,,174.63615746481955,171.97032957399264,163.95635558130448,"rgba(38, 166, 154, 1.0)",0.0,0.0,5.806594948150434,180.4349270363025,3.014688146841268,0.0,0.0,0.0,0.0,0.0,0.0,0.0,0.0,75.15121288024353,30.011805926003902,True,False,True,False,False,20.0,0,1.01726804848553,0.9127879179908318,False,False,False,False,0.28038692996861475,0.3088704755169305,False,False,False,False,712411.0,591200.7866806503,False,False,False,False,9860.498430067091,False,False,False,False
2025-09-26 18:00:00+00:00,197.94,198.86,197.33,198.67,7122.0,,,,,,,,,199.52499253424918,196.12789870116694,,,,,,,,,,,174.7078683301388,172.00692343094298,163.98774220035472,"rgba(38, 166, 154, 1.0)",0.0,0.0,5.919000046422012,180.50587067493018,3.068783440211304,0.0,0.0,0.0,0.0,0.0,0.0,0.0,0.0,71.86137514677972,27.229796842472695,True,False,True,False,False,20.0,0,1.0076335877862592,0.9205044319548138,False,False,False,False,0.2566061480932218,0.28273831180507614,False,False,False,False,719533.0,593190.4333987798,False,False,False,False,9818.04109006605,False,False,False,False
2025-09-26 19:00:00+00:00,198.63,199.26,198.47,198.75,28692.0,,,,,,,,,199.2814485231555,196.52922682291398,,,,,,,,,,,174.99893072530278,172.15633013795033,164.11559013995293,"rgba(38, 166, 154, 1.0)",0.0,0.0,6.046559092976688,180.81753674463818,2.9657302574270834,0.0,0.0,0.0,0.0,0.0,0.0,0.0,0.0,69.77177869250642,25.459433501755868,True,False,True,False,False,20.0,0,1.0161186691622202,0.9168924770232145,False,False,False,False,0.2805433535795209,0.28164083269229856,False,False,False,False,748225.0,595594.0700902715,False,False,False,False,10110.660608049522,False,False,False,False
2025-09-29 14:00:00+00:00,195.83,197.27,195.295,196.5,4150.0,,,,,,,,,199.14091668595236,196.52555827566147,,,,,,,,,,,175.03614260700178,172.17581262756397,164.13269316365495,"rgba(38, 166, 154, 1.0)",0.0,0.0,6.108460099958661,180.84759525623696,2.5624141743790667,0.0,0.0,0.0,0.0,0.0,0.0,0.0,0.0,63.55163894920803,19.838110733093487,False,True,True,False,False,17.321242044753404,0,1.002088715440004,0.9218105864893092,False,False,False,False,0.20132806595706432,0.24148444932468144,False,False,False,False,744075.0,597896.1000113526,False,False,False,False,10018.247265289065,False,False,False,False
2025-09-29 15:00:00+00:00,196.5,196.725,196.215,196.5,4334.0,,,,,,,,,199.01384335676667,196.52457801707163,,,,,,,,,,,175.07509323475423,172.1962304711023,164.1506043441608,"rgba(38, 166, 154, 1.0)",0.0,0.0,6.169202010101111,180.88007834114632,2.5319193038708225,0.0,0.0,0.0,0.0,0.0,0.0,0.0,0.0,59.40487912034243,16.237810879526066,False,True,True,False,False,17.321242044753404,0,1.0068376068376068,0.9281499862145026,False,False,False,False,0.20698509445998212,0.22423477189233176,False,False,False,False,744075.0,600162.4395460602,False,False,False,False,9930.119400710939,False,False,False,False
2025-09-29 16:00:00+00:00,196.45,196.68,195.01,195.01,4360.0,,,,,,,,,198.85582571090134,196.5042826933481,,,,,,,,,,,175.11246912787462,172.21596497824902,164.1680944953677,"rgba(239, 83, 80, 1.0)",0.0,0.0,6.196541550670287,180.90780523266383,2.2758170266462114,0.0,0.0,0.0,0.0,0.0,0.0,0.0,0.0,53.98011598910948,11.431941175239906,False,True,False,False,False,14.13034369715053,0,0.9995846256092153,0.9363369517058043,False,False,False,False,0.18817697504984296,0.20620587347108738,False,False,False,False,739715.0,602326.0451344933,False,False,False,False,9843.760960389838,False,False,False,False
2025-09-29 17:00:00+00:00,195.07,195.07,194.495,194.9,3857.0,,,,,,,,,198.69861045154647,196.47332601931222,,,,,,,,,,,175.1442194530936,172.23283891084057,164.18318390396922,"rgba(239, 83, 80, 1.0)",0.0,0.0,6.223034659904482,180.92898748349037,2.2450481605905233,0.0,0.0,0.0,0.0,0.0,0.0,0.0,0.0,50.17954930526393,8.109449945579648,False,True,False,False,False,13.898877302086461,0,0.9972244580754389,0.9364678453468042,False,False,False,False,0.15649543566118576,0.18135065456613658,False,False,False,False,735858.0,604396.3080006251,False,False,False,False,9750.942961003948,False,False,False,False
2025-09-29 18:00:00+00:00,194.94,195.64,194.67,195.41,5378.0,,,,,,,,,198.52035855638294,196.44247867262578,,,,,,,,,,,175.1892576350911,172.25675998784087,164.20448594561134,"rgba(239, 83, 80, 1.0)",0.0,0.0,6.259460744409611,180.9619800412833,2.3081892432379836,0.0,0.0,0.0,0.0,0.0,0.0,0.0,0.0,48.84396029097684,6.896192097787214,False,True,False,True,False,14.64046019337048,0,0.9951551728911157,0.9338611887821492,False,False,False,False,0.1675640108171138,0.1744573326916252,False,False,False,False,741236.0,606517.8536130185,False,False,False,False,9683.145395717065,False,False,False,False
2025-09-29 19:00:00+00:00,195.46,196.81,195.4,196.49,13161.0,,,,,,,,,198.26421406688794,196.4304156623514,,,,,,,,,,,175.30404616667093,172.3176112072731,164.25815764292287,"rgba(239, 83, 80, 1.0)",0.0,0.0,6.3062174110975695,181.05998141642016,2.4467945802861757,0.0,0.0,0.0,0.0,0.0,0.0,0.0,0.0,50.28201435722431,6.896192097787214,False,True,False,False,False,16.183015589943317,0,0.9969368325192483,0.9316444518034055,False,False,False,False,0.19598444147733457,0.18522088708447987,False,False,False,False,754397.0,608810.5535570027,False,False,False,False,9737.065622140055,False,False,False,False
2025-09-30 14:00:00+00:00,195.08,195.08,192.155,192.19,5810.0,,,,,,,,,198.022874459401,196.3487563250026,,,,,,,,,,193.14166666666665,175.34689591599115,172.3409161703106,164.2795087334323,"rgba(239, 83, 80, 1.0)",0.0,0.0,6.289296092038236,181.08245415156728,1.766103183231271,0.0,0.0,0.0,0.0,0.0,0.0,0.0,0.0,44.727082594919395,2.852731235142116,False,True,False,True,False,7.606199177897857,0,0.9764231383482659,0.933573342717159,False,False,False,False,0.12210989868463373,0.1536653928845568,False,False,False,False,748587.0,610977.6302460413,False,False,False,False,9676.180883812302,False,False,False,False
2025-09-30 15:00:00+00:00,192.3,193.78,191.96,192.965,7591.0,,,,,,,,,197.7259163095538,196.2404421737733,,,,,,,,,,193.0057186030893,175.40182071171796,172.37093614822172,164.30712570771914,"rgba(239, 83, 80, 1.0)",0.0,0.0,6.266534620038274,181.11092579231428,1.8916474457478265,0.0,0.0,0.0,0.0,0.0,0.0,0.0,0.0,42.55867451428752,0.6871196185667117,False,True,False,True,False,8.752215214820339,0,0.9763900493221571,0.9412985472872816,False,False,False,False,0.10020243956469803,0.1269339162246274,False,False,False,False,756178.0,613228.7987693585,False,False,False,False,9643.852498016762,False,False,False,False
2025-09-30 16:00:00+00:00,193.0,193.3,191.84,192.15,6759.0,,,,,,,,,197.46590978426673,196.13673527501055,,,,,,,,,,192.8126986607143,175.44912677003617,172.3969797646315,164.33126607807506,"rgba(239, 83, 80, 1.0)",0.0,0.0,6.240612143686068,181.13374070557614,1.765252997747913,0.0,0.0,0.0,0.0,0.0,0.0,0.0,0.0,40.14682580412421,-1.8068922877552893,False,True,False,True,False,7.251343489971106,0,0.9708784596871237,0.9439229843561974,False,False,False,False,0.09143819581832813,0.10918605602147777,False,False,False,False,749419.0,615340.2747574305,False,False,False,False,9599.126102698672,False,False,False,False
2025-09-30 17:00:00+00:00,192.15,192.15,191.415,191.675,6275.0,,,,,,,,,197.2165905959452,196.02854265426114,,,,,,,,,,192.55964964378032,175.49105274863487,172.42027529931636,164.35309660116425,"rgba(239, 83, 80, 1.0)",0.0,0.0,6.1796927771381895,181.15108305970477,1.702983840754759,0.0,0.0,0.0,0.0,0.0,0.0,0.0,0.0,37.981167915797315,-4.130420109115882,False,True,False,True,False,6.383989908757183,0,0.9687283575728514,0.9502690320174738,False,False,False,False,0.06849507209727268,0.08884056405937522,False,False,False,False,743144.0,617321.7278619665,False,False,False,False,9547.589263897142,False,False,False,False
2025-09-30 18:00:00+00:00,191.675,192.27,191.33,192.255,4769.0,,,,,,,,,197.047753618803,195.95358632822644,,,,,,,,,,192.4667297995983,175.52317252441827,172.43812982534695,164.3697885472527,"rgba(239, 83, 80, 1.0)",0.0,0.0,6.128022052773094,181.16585744632383,1.8095794137454246,0.0,0.0,0.0,0.0,0.0,0.0,0.0,0.0,37.88864997992314,-4.630259487547676,False,True,False,True,False,7.273842197870515,0,0.9684336072091172,0.9498807315133847,False,False,False,False,0.06900404917436645,0.07892230661687083,False,False,False,False,747913.0,619346.3987478275,False,False,False,False,9473.502608642922,False,False,False,False
2025-09-30 19:00:00+00:00,192.35,193.445,192.34,192.91,9574.0,,,,,,,,192.89833333333334,196.7967772351663,195.84483040848704,,,,,,,,,,192.56806317131785,175.59097154950683,172.47560942216575,164.40438560100912,"rgba(239, 83, 80, 1.0)",0.0,0.0,6.066121705797175,181.2060482441767,1.9293961320687376,0.0,0.0,0.0,0.0,0.0,0.0,0.0,0.0,39.32271620835608,-4.630259487547676,False,True,False,True,False,8.271068811991512,0,0.9735040033712599,0.9442951959544881,False,False,False,False,0.10086036014354396,0.0898913333802074,False,False,False,False,757487.0,621488.1134959231,False,False,False,False,9475.06070773373,False,False,False,False
2025-10-01 14:00:00+00:00,191.6,193.48,191.37,192.235,4926.0,,,,,,,,192.71601471264367,196.66292012327375,195.78218367009148,,,,,,,,,,192.54581765272184,175.62457436071395,172.49433458041918,164.42181909810984,"rgba(239, 83, 80, 1.0)",0.0,0.0,5.992142567524877,181.2243232878496,1.8375191491310783,0.0,0.0,0.0,0.0,0.0,0.0,0.0,0.0,39.19484447573413,-4.630259487547676,False,True,False,True,False,7.001386656578177,0,0.9687418598593383,0.9447251888512634,False,False,False,False,0.08720724318917565,0.08854928828469152,False,False,False,False,752561.0,623520.2512711801,False,False,False,False,9404.53263474561,False,False,False,False
2025-10-01 15:00:00+00:00,192.11,192.455,191.82,192.08,5064.0,,,,,,,,192.56130920738772,196.5261595989969,195.71567089681548,,,,,,,,,,192.5031770012606,175.65847827522367,172.51331227330422,164.43956245023764,"rgba(239, 83, 80, 1.0)",0.0,0.0,5.911788480318805,181.24210881547612,1.8332677531689094,0.0,0.0,0.0,0.0,0.0,0.0,0.0,0.0,38.85621119600833,-5.186132507307349,False,True,False,True,False,6.709459120203384,0,0.971181556195965,0.9502297686735727,False,False,False,False,0.07882733820413185,0.08368831324441169,False,False,False,False,747497.0,625442.3714065106,False,False,False,False,9337.237555137152,False,False,False,False
2025-10-01 16:00:00+00:00,192.14,192.775,192.0,192.19,5163.0,,,,,,,,192.5112718216255,196.40100005189086,195.65399387450302,,,,,,,,,,192.48642175180132,175.6933270500629,172.5328235074645,164.45776201327072,"rgba(239, 83, 80, 1.0)",0.0,0.0,5.828158358078557,181.2615424312516,1.8751133543926768,0.0,0.0,0.0,0.0,0.0,0.0,0.0,0.0,38.946704594186386,-5.690042538359208,False,True,False,True,False,6.8850618019331655,0,0.9811571887151913,0.9483780045410654,False,False,False,False,0.0861135440146101,0.0849009286295109,False,False,False,False,752660.0,627414.7377412934,False,False,False,False,9272.520693817194,False,False,False,False
2025-10-01 17:00:00+00:00,192.19,192.495,191.92,192.03,6115.0,,,,,,,,192.43931251756266,196.25617026628646,195.58013086263216,,,,,,,,,,192.4531011400144,175.7339851788398,172.55568075426018,164.47915276506956,"rgba(239, 83, 80, 1.0)",0.0,0.0,5.753315162613158,181.2837678102401,1.8678330468652704,0.0,0.0,0.0,0.0,0.0,0.0,0.0,0.0,38.68752308385075,-6.5182542070666045,False,True,False,True,False,6.573730964703877,0,0.9810249162479058,0.945927554438861,False,False,False,False,0.08086660101058199,0.08288376482004645,False,False,False,False,746545.0,629261.7185515059,False,False,False,False,9223.566884610726,False,False,False,False
2025-10-01 18:00:00+00:00,192.06,192.64,191.85,192.48,10476.0,,,,,,,,192.4099064975717,196.03936257226854,195.46666974832397,,,,,,,,,,192.4343558276569,175.80391190496496,172.5950640749882,164.51595322394462,"rgba(239, 83, 80, 1.0)",0.0,0.0,5.658250394116244,181.3241781951941,1.9716027089232964,0.0,0.0,0.0,0.0,0.0,0.0,0.0,0.0,39.99735265121974,-6.5182542070666045,False,True,False,True,False,7.312304332272188,0,0.9790526563850116,0.9454583540624757,False,False,False,False,0.08195933828459588,0.08242155155232117,False,False,False,False,757021.0,631242.4826049709,False,False,False,False,9242.984452291179,False,False,False,False
2025-10-01 19:00:00+00:00,192.57,193.17,192.21,192.38,18719.0,,,,,,,,192.46501873844463,195.7297544043701,195.2978942447267,,,,,,,,,,192.46560391344536,175.92937196697858,172.6659808004637,164.58208877523995,"rgba(239, 83, 80, 1.0)",0.0,0.0,5.55175725528555,181.40201801730646,1.977388685761062,0.0,0.0,0.0,0.0,0.0,0.0,0.0,0.0,40.6196115159982,-6.5182542070666045,False,True,False,True,False,7.111332453342939,0,0.9772049981701255,0.9455743190254615,False,False,False,False,0.09494213782212359,0.08868184468722237,False,False,False,False,738302.0,632902.3200839636,False,False,False,False,9389.8994220231,False,False,False,False
2025-10-02 14:00:00+00:00,191.665,191.665,189.96,190.69,4354.0,,,,,,,,192.35051741185362,195.62845450990514,195.23702767645634,,,,,,,,,190.7716666666667,192.38845131370192,175.95513485747222,172.68090749470724,164.59643302619392,"rgba(239, 83, 80, 1.0)",0.0,0.0,5.434101231039345,181.41298534216725,1.7071847327471295,0.0,0.0,0.0,0.0,0.0,0.0,0.0,0.0,37.525825459004366,-8.585544255323555,False,True,False,True,False,3.7937411549492843,0,0.970333264119601,0.9496989202657807,False,False,False,False,0.04033106211263106,0.06450645339992672,False,False,False,False,733948.0,634468.9197725842,False,False,False,False,9311.823461991733,False,False,False,False
2025-10-02 15:00:00+00:00,190.7,192.29,189.855,192.155,28851.0,,,,,,,,192.0667217205408,195.12822537293283,194.92582043967016,,,,,,,,,191.34657240375446,192.1670210640224,176.13113772051517,172.78279302722453,164.69347974291713,"rgba(239, 83, 80, 1.0)",0.0,0.0,5.286537806729101,182.34374711793782,1.8558938270664933,0.0,0.0,0.0,0.0,0.0,0.0,0.0,0.0,39.9701635355772,-8.585544255323555,False,True,False,True,True,6.2507820789215565,1,0.970219476255719,0.9495127058397747,False,False,False,False,0.04787206118012402,0.05618925729002537,False,False,False,False,762799.0,636458.533419521,False,False,False,False,9614.756431573256,False,False,False,False
2025-10-02 16:00:00+00:00,192.32,192.46,190.745,191.56,14329.0,,,,,,,,192.00299797343152,194.93030854972653,194.7954976695726,,,,,,,,,191.41945060377836,192.1072695490302,176.2179416266357,172.83340177116946,164.7416959897986,"rgba(239, 83, 80, 1.0)",0.0,0.0,5.152719348526451,182.3916496501077,1.7793226701769091,0.0,0.0,0.0,0.0,0.0,0.0,0.0,0.0,40.36541422016249,-8.585544255323555,False,True,False,True,True,5.1052468497147,1,0.9769544773420137,0.9483542603213971,False,False,False,False,0.06326188773407258,0.05972557251204898,False,False,False,False,748470.0,638195.1453044896,False,False,False,False,9687.845479145764,False,False,False,False
2025-10-02 17:00:00+00:00,191.56,192.14,191.21,192.065,12238.0,,,,,,,,191.9827732891519,194.78787186448338,194.6989834473908,,,,,,,,,191.49838979789868,192.08277381196763,176.29234442699206,172.8769069713116,164.78307071640077,"rgba(239, 83, 80, 1.0)",0.0,0.0,5.08369501002461,182.43624031418412,1.8940474727199,0.0,0.0,0.0,0.0,0.0,0.0,0.0,0.0,42.06195101887922,-11.707727791244018,False,True,False,True,True,5.948393316942941,1,0.9776921883885641,0.950809078219511,False,False,False,False,0.06536926587554735,0.06254741919379816,False,False,False,False,760708.0,640094.569408296,False,False,False,False,9727.382758538852,False,False,False,False
2025-10-02 18:00:00+00:00,192.07,192.89,192.07,192.48,14073.0,,,,,,,,192.0350392509822,194.6729421388366,194.6195776629,,,,,,,,,191.68546001760444,192.11663594530526,176.38071505591154,172.92846476873706,164.83167777510764,"rgba(239, 83, 80, 1.0)",0.0,0.0,5.033621949245107,182.500364161358,1.9825954231899845,0.0,0.0,0.0,0.0,0.0,0.0,0.0,0.0,44.343332767300126,-9.473782460539041,False,True,False,True,True,6.6398927487218415,1,0.9821017510281146,0.946408711170887,False,False,False,False,0.08881171257319521,0.0756795658834967,False,False,False,False,774781.0,642182.731122896,False,False,False,False,9794.756669259179,False,False,False,False
2025-10-02 19:00:00+00:00,192.48,192.56,192.0,192.35,19032.0,,,,,,,,192.06843170017135,194.5234255329965,194.51265852130334,,,,,,,,,191.81207225685586,192.13593457275587,176.49740721608327,172.99713433032701,164.89672380187673,"rgba(239, 83, 80, 1.0)",0.0,0.0,4.963802362291037,182.5771692361809,1.9688194755821116,0.0,0.0,0.0,0.0,0.0,0.0,0.0,0.0,45.5086949553981,-8.302631189475491,False,True,False,True,True,6.379396374096526,1,0.9840738723315952,0.9464633102482297,False,False,False,False,0.08297940258381961,0.07932948423365815,False,False,False,False,755749.0,643943.4484698278,False,False,False,False,9937.969744154385,False,False,False,False
2025-10-03 14:00:00+00:00,197.47,197.61,194.35,195.06,4532.0,,,,,,,195.67333333333335,192.17219689078584,194.54044729335425,194.5252779417128,,,,,,,,,191.99171926276492,192.2209146479371,176.53081377688696,173.0162563984577,164.91406652905667,"rgba(239, 83, 80, 1.0)",0.0,0.0,4.928895028116587,183.65925288805695,2.313043196681643,0.0,0.0,0.0,0.0,0.0,0.0,0.0,0.0,52.16943765715188,-2.151804699004174,False,True,True,False,True,10.740876692609095,0,0.9905011048180222,0.9258882990882075,False,False,False,False,0.1913301242573059,0.13532980424548202,False,False,False,False,760281.0,645747.1314392878,False,False,False,False,9854.15625974889,False,False,False,False
2025-10-03 15:00:00+00:00,195.15,195.45,194.47,195.02,12824.0,,,,,,,195.16104325113315,192.3836684775161,194.55811847407185,194.53885009170133,,,,,,,,,192.33936209362594,192.39653289423615,176.6213142015279,173.06854048399472,164.96193096857385,"rgba(239, 83, 80, 1.0)",0.0,0.0,4.882930163536666,183.7208342401321,2.3140133857011844,0.0,0.0,0.0,0.0,0.0,0.0,0.0,0.0,56.48794713463002,1.581357149751618,False,False,True,False,True,10.65887621532352,0,0.9914401447023152,0.9384505642880798,False,False,False,False,0.16043778220404187,0.14788379322476194,False,False,False,False,747457.0,647324.0286262755,False,False,False,False,9900.200348745031,False,False,False,False
2025-10-03 16:00:00+00:00,195.02,196.38,194.96,196.11,13577.0,,,,,,,195.44880709921443,192.63719350873282,194.6094994502262,194.57799184251482,,,,,,,,,192.72068318391084,192.61245914535002,176.7204887344319,173.1257273023977,165.01384790471903,"rgba(38, 166, 154, 1.0)",0.0,0.0,4.827696989789177,183.8350659209003,2.54260656894205,0.0,0.0,0.0,0.0,0.0,0.0,0.0,0.0,61.067120660078984,5.524254439668518,False,False,True,False,True,12.325582965714148,0,0.9888931346325307,0.9378932620048401,False,False,False,False,0.181760035201624,0.16482191421319298,False,False,False,False,761034.0,649086.9739188913,False,False,False,False,9957.204994500922,False,False,False,False
2025-10-03 17:00:00+00:00,196.0,196.18,194.805,195.32,14706.0,,,,,,,195.44435811477027,192.8444154709322,194.6444575979482,194.60551332892234,,,,,,,,,193.00885742441307,192.79312082620623,176.8246364321193,173.18630956700602,165.06919092098013,"rgba(38, 166, 154, 1.0)",0.0,0.0,4.802201528727923,183.9306328839295,2.37169703269148,0.0,0.0,0.0,0.0,0.0,0.0,0.0,0.0,61.62589182017746,5.841646341833041,False,False,True,False,True,10.684066885018101,0,0.9845876498070278,0.9392138939670931,False,False,False,False,0.1764148635189895,0.17061838886609124,False,False,False,False,746328.0,650594.5867263502,False,False,False,False,10030.829723268349,False,False,False,False
2025-10-03 18:00:00+00:00,195.24,195.26,194.265,194.35,6660.0,,,,,,,195.34001720874204,192.9022027113292,194.64409145577102,194.60579266923384,,,,,,,,,193.08299853281534,192.844725893936,176.8693857636607,173.21264280344295,165.09352147656173,"rgba(38, 166, 154, 1.0)",0.0,0.0,4.739336988449375,183.96151725286956,2.191969630446001,0.0,0.0,0.0,0.0,0.0,0.0,0.0,0.0,59.31527999569899,5.841646341833041,False,False,True,False,False,8.712495510707686,0,0.9801972666649758,0.9452825883009205,False,False,False,False,0.15453301720517992,0.16257570303563557,False,False,False,False,739668.0,651975.5698778797,False,False,False,False,9978.568797326205,False,False,False,False
2025-10-03 19:00:00+00:00,194.4,194.47,193.25,193.3,21339.0,,,,,,,194.85704147315246,192.97483573307673,194.58889059138497,194.56484557357805,,,,,,,,,193.15865030177463,192.91332431317474,177.0036575193624,173.2928512807201,165.16870529622398,"rgba(38, 166, 154, 1.0)",0.0,0.0,4.674659907656017,184.02898058267414,1.9832500332574095,0.0,0.0,0.0,0.0,0.0,0.0,0.0,0.0,55.311450190944484,11.511387372057449,False,False,True,False,False,6.637609694945027,0,0.9750695322376737,0.9489001264222502,False,False,False,False,0.1276797072852461,0.14512770516044082,False,False,False,False,718329.0,653004.3052286102,False,False,False,False,10154.699513646729,False,False,False,False
2025-10-06 14:00:00+00:00,195.96,197.08,195.31,196.45,4436.0,,,,,,196.28,194.93789097522864,193.03830963080333,194.60864756221108,194.58036112912464,,,,,,,,,193.23964606817157,192.97028475951464,177.03562398768938,173.31156882164402,165.18570976787683,"rgba(38, 166, 154, 1.0)",0.0,0.0,4.623659841870685,184.06310974538368,2.6790228256940063,0.0,0.0,0.0,0.0,0.0,0.0,0.0,0.0,58.14373401290061,11.511387372057449,False,False,True,False,True,11.458802373101165,0,0.9786570922781554,0.9336026130101978,False,False,False,False,0.19763123735057217,0.1713794712555065,False,False,False,False,722765.0,654085.8663878565,False,False,False,False,10066.037505683214,False,False,False,False
2025-10-06 15:00:00+00:00,196.45,196.45,194.9,195.115,5597.0,,,,,,195.8383615734742,194.97471168823927,193.09627096674205,194.62142621271622,194.59060753552131,,,,,,,,,193.31093491099682,193.02291394841959,177.0741528503314,173.3343292110122,165.20659261281727,"rgba(38, 166, 154, 1.0)",0.0,0.0,4.554311528155472,184.09807263343293,2.419010491148595,0.0,0.0,0.0,0.0,0.0,0.0,0.0,0.0,57.26843397481292,11.511387372057449,False,False,True,False,True,8.89995939952157,0,0.9782441326213829,0.9342853594933566,False,False,False,False,0.18191075089833375,0.17664511107692013,False,False,False,False,717168.0,655063.8839632386,False,False,False,False,9996.750102494329,False,False,False,False
2025-10-06 16:00:00+00:00,195.03,195.29,194.48,194.55,5699.0,,,,,,195.45254947453174,194.96187007198537,193.13571879832483,194.62364033831375,194.5926833110744,,,,,,,,,193.356665203451,193.05938955274087,177.11170200919582,173.3567100236055,165.22732510915665,"rgba(38, 166, 154, 1.0)",0.0,0.0,4.483405496588635,184.1268001984044,2.324839858791825,0.0,0.0,0.0,0.0,0.0,0.0,0.0,0.0,55.60678615125048,11.511387372057449,False,False,True,False,True,7.841140713326581,0,0.9777239467572355,0.9438104038158979,False,False,False,False,0.15819418156163292,0.16741964631927653,False,False,False,False,711469.0,655938.3818862891,False,False,False,False,9930.118317959532,False,False,False,False
2025-10-06 17:00:00+00:00,194.59,194.95,194.29,194.7,4891.0,,,,,,195.261424380546,194.94551484707355,193.16561683018102,194.6239248164679,194.59320453673567,,,,,,,,,193.3903804144535,193.08727733294057,177.14357045917646,173.37576709258232,165.24501881577947,"rgba(38, 166, 154, 1.0)",0.0,0.0,4.380088688475756,184.15034091001377,2.4085491962167183,0.0,0.0,0.0,0.0,0.0,0.0,0.0,0.0,54.77104331323457,10.78245663526247,False,False,True,False,False,8.069962646020883,0,0.9779231806603063,0.9380900054942312,False,False,False,False,0.14984916558619446,0.15863440595273548,False,False,False,False,716360.0,656875.1511593699,False,False,False,False,9851.992452564811,False,False,False,False
2025-10-06 18:00:00+00:00,194.7,194.86,193.81,194.07,3846.0,,,,,,195.1019263149291,194.9181185338457,193.18218005664863,194.62029507465363,194.59059331735924,,,,,,,,,193.40762414652536,193.10307682404698,177.16797789675445,173.39044717638058,165.25872810134456,"rgba(38, 166, 154, 1.0)",0.0,0.0,4.2782934966219415,184.16653052884632,2.314817690505165,0.0,0.0,0.0,0.0,0.0,0.0,0.0,0.0,52.89051600479519,8.696604344912728,False,False,True,False,False,6.874418053717225,0,0.9751447394689556,0.940307446596127,False,False,False,False,0.14133901651744274,0.1499867112350891,False,False,False,False,712514.0,657737.7689708525,False,False,False,False,9758.876290509543,False,False,False,False
2025-10-06 19:00:00+00:00,194.02,194.02,193.3,193.45,13272.0,,,,,,194.57024230942477,194.75985899496314,193.20265954830433,194.58718649240006,194.56523451070862,,,,,,,,,193.41947443404354,193.12494657024152,177.24845413706774,173.43935781695055,165.30486808641325,"rgba(38, 166, 154, 1.0)",0.0,0.0,4.150100143152279,184.2105009553785,2.226331588616429,0.0,0.0,0.0,0.0,0.0,0.0,0.0,0.0,50.38485742929612,6.077860104936235,False,True,False,False,False,5.707975693209047,0,0.9740344206523913,0.9442665599359616,False,False,False,False,0.11696822152244242,0.13347746637876576,False,False,False,False,699242.0,658381.2454209168,False,False,False,False,9813.343324765208,False,False,False,False
2025-10-07 14:00:00+00:00,190.29,190.55,187.8,188.54,7173.0,,,,,,193.6747897092221,194.40913966023348,193.09064299028236,194.4911802600473,194.4895402736231,,,,,,,,188.96333333333334,193.2682941318362,193.0263201726853,177.27939942983346,173.4596468351274,165.32567368956097,"rgba(239, 83, 80, 1.0)",0.0,0.0,4.0399476793947,184.87134058581535,0.9080957738379215,0.0,0.0,0.0,0.0,0.0,0.0,0.0,0.0,42.58665120829149,-1.2406204262590848,False,True,False,True,False,0.0,0,0.9573510711141544,0.9505526753399198,False,False,False,False,-0.017338762802164273,0.05806935178830074,False,False,False,False,692069.0,658903.5361895848,False,False,False,False,9772.407769342492,False,False,False,False
2025-10-07 15:00:00+00:00,188.54,190.09,187.975,189.37,6290.0,,,,,,193.1183414381689,194.14391290591308,193.00129084520222,194.41232952298324,194.4269550385808,,,,,,,,189.048209165862,193.14917030667968,192.94730184058344,177.30682094830513,173.47760263495002,165.34402800749385,"rgba(239, 83, 80, 1.0)",0.0,0.0,3.954546343612394,184.8610267929971,1.1401998649696048,0.0,0.0,0.0,0.0,0.0,0.0,0.0,0.0,39.12882779973078,-4.292546187103753,False,True,False,True,False,0.0,0,0.9547116462730949,0.9584653634280701,False,False,False,False,-0.021590746940311007,0.018239302423994866,False,False,False,False,698359.0,659515.2488068006,False,False,False,False,9718.41695121315,False,False,False,False
2025-10-07 16:00:00+00:00,189.355,190.65,189.28,190.205,6526.0,,,,,,192.770920232115,193.94029021527314,192.93342599953564,194.34650629951932,194.3743555871108,,,,,,,,189.3736410025514,193.0588324377355,192.88726614387537,177.33729045894606,173.49725639550897,165.36376005599928,"rgba(239, 83, 80, 1.0)",0.0,0.0,3.8695661441741134,184.8712987719094,1.3783718973562042,0.0,0.0,0.0,0.0,0.0,0.0,0.0,0.0,38.51603054146708,-4.847434265529422,False,True,False,True,False,0.07942452277403333,0,0.9701598840779033,0.9546135520789844,False,False,False,False,0.005088477772002788,0.011663890097998827,False,False,False,False,704885.0,660218.655802044,False,False,False,False,9668.922114760233,False,False,False,False
2025-10-07 17:00:00+00:00,190.175,190.575,190.1,190.41,6100.0,,,,,,192.54067666718888,193.78149250492237,192.87940153544866,194.2911481961424,194.32983243841045,,,,,,,,189.6046562408167,192.98740605034473,192.8393593419282,177.3663459285103,173.5159358416263,165.38241183990436,"rgba(239, 83, 80, 1.0)",0.0,0.0,3.735003470938454,184.88074973180892,1.4803869156249547,0.0,0.0,0.0,0.0,0.0,0.0,0.0,0.0,38.53116487943117,-5.059186026392737,False,True,False,True,False,0.4091380004858536,0,0.9630872483221476,0.9597562179234113,False,False,False,False,0.016239521090515328,0.013951705594257078,False,False,False,False,710985.0,661005.7309058883,False,False,False,False,9613.589988949996,False,False,False,False
2025-10-07 18:00:00+00:00,190.39,191.335,190.11,191.29,10800.0,,,,,,192.3049362410112,193.57245131563567,192.80884108833416,194.2100218902443,194.26397746571342,,,,,,,,189.9873099478616,192.8944412974213,192.77672408986336,177.41963549931154,173.54998282191733,165.41609210165572,"rgba(239, 83, 80, 1.0)",0.0,0.0,3.5930249408012176,184.9052385458794,1.7769877914337102,0.0,0.0,0.0,0.0,0.0,0.0,0.0,0.0,40.36707189941836,-5.059186026392737,False,True,False,True,False,1.819828539436724,0,0.9642725144757915,0.952617962301343,False,False,False,False,0.027769038687631753,0.020860372140944414,False,False,False,False,721785.0,661948.0451554094,False,False,False,False,9631.983942609686,False,False,False,False
2025-10-07 19:00:00+00:00,191.33,191.575,191.135,191.38,15771.0,,,,,,192.1406679314019,193.3600628001065,192.73691527345272,194.1136115256897,194.18460393969528,,,,,,,,190.39941144448662,192.800452975551,192.71269956753224,177.4992841633191,173.6007493590808,165.46598378010785,"rgba(239, 83, 80, 1.0)",0.0,0.0,3.462767995286944,184.94477358991693,1.8584053043235438,0.0,0.0,0.0,0.0,0.0,0.0,0.0,0.0,41.78041115611005,-5.059186026392737,False,True,False,True,True,1.963979317929983,0,0.9662516948107975,0.9524959940835698,False,False,False,False,0.04672785613976432,0.03379411414035437,False,False,False,False,737556.0,663120.261509589,False,False,False,False,9727.162486135117,False,False,False,False
2025-10-08 14:00:00+00:00,188.41,189.38,188.13,189.085,15014.0,,,,,,191.67412257901307,192.98314159308512,192.56179866271847,193.94967192032416,194.0495432677268,,,,,,,188.86499999999998,190.05899040498073,192.58316583924784,192.55363025498548,177.56075642884548,173.64205105622537,165.50873784835332,"rgba(239, 83, 80, 1.0)",0.0,0.0,3.3397963780507958,184.9078654579799,1.2507153338665509,0.0,0.0,0.0,0.0,0.0,0.0,0.0,0.0,39.36856290781025,-5.059186026392737,False,True,False,True,True,0.0,0,0.9601864961187326,0.9564516916467316,False,False,False,False,-0.031139313970487602,0.0013274000849333827,False,False,False,False,722542.0,664041.5287730062,False,False,False,False,9809.128959218295,False,False,False,False
2025-10-08 15:00:00+00:00,189.4,190.73,189.4,189.68,11813.0,,,,,189.93666666666667,191.49904011840172,192.7945904194566,192.47159363546453,193.8534156592094,193.96899262115798,,,,,,,189.33689765286215,190.04081120183173,192.47298481372226,192.47118889517063,177.61319841943416,173.67666704431858,165.54380547583955,"rgba(239, 83, 80, 1.0)",0.0,0.0,3.216944808493809,184.90766151993188,1.4835002662984957,0.0,0.0,0.0,0.0,0.0,0.0,0.0,0.0,39.107537017872446,-5.4047878417285204,False,True,False,True,True,0.0,0,0.9633576642335765,0.9489781021897814,False,False,False,False,0.008081807071255082,0.004704603578094232,False,False,False,False,734355.0,665131.6601098587,False,False,False,False,9840.19672729243,False,False,False,False
2025-10-08 16:00:00+00:00,189.67,189.91,189.01,189.33,8205.0,,,,,189.72352849102475,191.36282497428905,192.65536439260364,192.40038129465742,193.78071025040327,193.9078974196247,,,,,,,189.35558070716297,189.98241242074533,192.3870890706564,192.40578421266443,177.64783649018372,173.69985782481854,165.56758536216708,"rgba(239, 83, 80, 1.0)",0.0,0.0,3.115907131518303,184.90189639314843,1.4211282364804871,0.0,0.0,0.0,0.0,0.0,0.0,0.0,0.0,38.428717000062925,-6.429872871724477,False,True,False,True,False,0.0,0,0.9558984297356388,0.958979328165375,False,False,False,False,-0.010027548417731924,-0.002661472419818846,False,False,False,False,726150.0,666077.6808833493,False,False,False,False,9814.844840047586,False,False,False,False
2025-10-08 17:00:00+00:00,189.28,190.35,189.19,189.95,10759.0,,,,,189.7607487192817,191.24173369214049,192.5104942810847,192.32414369362414,193.69760334507754,193.837375023441,,,,,,,189.46704971136978,189.96575636611107,192.29620342443351,192.33543771428378,177.69453401250752,173.73096094252196,165.5992347819834,"rgba(239, 83, 80, 1.0)",0.0,0.0,3.0918182979246622,184.9030384255325,1.632360342085821,0.0,0.0,0.0,0.0,0.0,0.0,0.0,0.0,39.49783331374087,-6.429872871724477,False,True,False,True,False,0.0,0,0.9881813054401888,0.9533148746346719,False,False,False,False,-0.0007483009526048362,-0.0017048866862118411,False,False,False,False,736909.0,667175.8408696539,False,False,False,False,9829.482904542972,False,False,False,False
2025-10-08 18:00:00+00:00,189.95,190.17,189.36,189.37,7476.0,,,,,189.7358472102406,191.15803794164322,192.41151102592656,192.26980708767758,193.6390516167117,193.7874558427546,,,,,,,189.49038754450848,189.94229497672927,192.23202319276038,192.28511453392588,177.7262495596764,173.75223956569602,165.62100002301537,"rgba(239, 83, 80, 1.0)",0.0,0.0,3.063736820665358,184.9024669215044,1.4581974040202867,0.0,0.0,0.0,0.0,0.0,0.0,0.0,0.0,39.22616900810847,-6.429872871724477,False,True,False,True,False,0.0,0,0.9687966249935688,0.9439471111797092,False,False,False,False,-0.000897960917552215,-0.0013014238018820281,False,False,False,False,729433.0,668141.0681429926,False,False,False,False,9792.994797495794,False,False,False,False
2025-10-08 19:00:00+00:00,189.3,189.31,188.58,188.72,17766.0,,,,,189.46125034958376,190.90623669734998,192.143854797679,192.11412886031968,193.48118507856654,193.65250480918755,,,,,,188.87,189.33522297148272,189.7882814710614,192.04989211737188,192.14037605063734,177.79615810094032,173.80015888529556,165.67092600991083,"rgba(239, 83, 80, 1.0)",0.0,0.0,3.0243083119550054,184.88554542430268,1.2678781989719208,0.0,0.0,0.0,0.0,0.0,0.0,0.0,0.0,37.986624704788866,-7.85433151369476,False,True,False,True,False,0.0,0,0.9596595875970588,0.9494266467835658,False,False,False,False,-0.025447669996618884,-0.013374546899250456,False,False,False,False,711667.0,668815.8887919384,False,False,False,False,9916.607281255549,False,False,False,False
2025-10-09 14:00:00+00:00,187.3,187.97,186.84,187.94,3152.0,,,,,189.361214953271,190.8425995021853,192.08351342294085,192.07761727744852,193.44674966163566,193.62309770277506,,,,,187.58333333333331,188.67612040666728,189.26078802992518,189.73349021771978,192.0073715774542,192.10636617559547,177.80703912263823,173.80790572953015,165.67927134140206,"rgba(239, 83, 80, 1.0)",0.0,0.0,3.0034521684092623,184.8777623275253,1.0195726453325145,0.0,0.0,0.0,0.0,0.0,0.0,0.0,0.0,35.97951146676769,-10.013533170620818,False,True,False,True,False,0.0,0,0.9507757476778608,0.9540930897213435,False,False,False,False,-0.07165982556328658,-0.04251718623126852,False,False,False,False,708515.0,669431.3788881873,False,False,False,False,9811.729648988021,False,False,False,False
2025-10-09 15:00:00+00:00,187.97,189.26,187.77,189.09,3458.0,,,,,189.32507469915424,190.79864639618194,192.03519730472274,192.04807631096108,193.4165805003896,193.59710154611804,,,,,188.17100151285928,188.6804537249754,189.23610902893154,189.70624022470702,191.97325550949157,192.07875659151404,177.82031714409788,173.81708687339002,165.68888869705395,"rgba(239, 83, 80, 1.0)",0.0,0.0,2.9606081019492776,184.87462154287908,1.4238218338811868,0.0,0.0,0.0,0.0,0.0,0.0,0.0,0.0,37.861195606420864,-10.013533170620818,False,True,False,True,True,0.0,0,0.9611970840260905,0.949507609668756,False,False,False,False,-0.03833168928441661,-0.04042443775784256,False,False,False,False,711973.0,670090.9389054248,False,False,False,False,9713.2222125696,False,False,False,False
2025-10-09 16:00:00+00:00,189.09,189.56,188.2,188.2,4981.0,,,,,189.27558581077747,190.73688766555892,191.96690548778426,192.00575852297138,193.3733083435621,193.55973236231276,,,,,188.3782739481782,188.67585221014866,189.20097631035372,189.66747341395384,191.9245527576525,192.03914938216866,177.8392929944407,173.8302444802399,165.70269562854543,"rgba(239, 83, 80, 1.0)",0.0,0.0,2.9370550121062617,184.87009238695714,1.133757317897447,0.0,0.0,0.0,0.0,0.0,0.0,0.0,0.0,37.589242072771654,-10.013533170620818,False,True,False,True,True,0.0,0,0.9905590717299577,0.9459124472573842,False,False,False,False,-0.02739460731143078,-0.033909522534636666,False,False,False,False,706992.0,670663.0483797593,False,False,False,False,9639.854426328211,False,False,False,False
2025-10-09 17:00:00+00:00,188.17,188.955,188.17,188.39,9730.0,,,,,189.17863985863286,190.61806045434236,191.83552771851544,191.92253888483054,193.28842150205818,193.4861820995086,,,,,188.4361063427294,188.63332164999449,189.12765139210714,189.58947497023274,191.82929050114043,191.96108714651848,177.875663914887,173.85562311858752,165.729444563735,"rgba(239, 83, 80, 1.0)",0.0,0.0,2.980767220904645,184.8605322525004,1.1840803007852483,0.0,0.0,0.0,0.0,0.0,0.0,0.0,0.0,37.94812115931743,-10.013533170620818,False,True,False,True,True,0.0,0,0.9876870117833974,0.9215146299483652,False,False,False,False,-0.05074704822930976,-0.04232828538197321,False,False,False,False,716722.0,671377.1406529413,False,False,False,False,9641.25203212157,False,False,False,False
2025-10-09 18:00:00+00:00,188.365,188.365,186.64,187.51,13127.0,,,,,188.9357903065943,190.4094392202108,191.62460890966653,191.78526529193516,193.15549803203376,193.37102710637222,,,,,188.0812923343397,188.3496529347174,188.9257141254507,189.41644645179514,191.67265299749536,191.83214059448287,177.91976204621866,173.8873955756564,165.76385283558238,"rgba(239, 83, 80, 1.0)",0.0,0.0,3.041846452047213,184.83414680937844,0.8796805600823996,0.0,0.0,0.0,0.0,0.0,0.0,0.0,0.0,36.66311150870352,-10.013533170620818,False,True,False,True,True,0.0,0,0.9744481925150735,0.9333050014608626,False,False,False,False,-0.08382164555697949,-0.06307496546947636,False,False,False,False,703595.0,671876.6423482444,False,False,False,False,9695.294636274724,False,False,False,False
2025-10-09 19:00:00+00:00,187.57,188.12,187.3,187.55,21933.0,,,,,188.68619049525506,190.13224728936638,191.3260054394133,191.58148653777923,192.95214323170026,193.19293469678524,,,,,187.9161069923083,188.1446646301716,188.7072607536587,189.20210540296398,191.44346810900353,191.63957067398982,177.99369990692543,173.9407408137842,165.8215006267311,"rgba(239, 83, 80, 1.0)",0.0,0.0,3.102784927496698,184.80085395799202,0.8860253308713802,0.0,0.0,0.0,0.0,0.0,0.0,0.0,0.0,35.93849925800954,-10.84681525869965,False,True,False,True,False,0.0,0,0.9684955846084492,0.9347105465538735,False,False,False,False,-0.07733498215621812,-0.07020497381284724,False,False,False,False,725528.0,672708.4463428453,False,False,False,False,9885.02650237899,False,False,False,False
2025-10-10 14:00:00+00:00,185.565,186.08,184.63,184.69,5344.0,,,,,188.5249383832722,190.01253804088864,191.21450283077883,191.50486192614073,192.88232041330718,193.13219475614764,,,,185.13333333333338,187.6751812339679,187.94221964331393,188.56339697042742,189.08483783487398,191.35693074638456,191.56727238354668,178.00688513081312,173.9512961980599,165.83388273064378,"rgba(239, 83, 80, 1.0)",0.0,0.0,3.2315225430035808,184.77890093616003,-0.0275105418504678,0.0,0.0,0.0,0.0,0.0,0.0,0.0,0.0,31.70837352379689,-14.887298458469857,False,True,False,True,False,0.0,0,0.9588606765715487,0.9403610827241049,False,False,False,False,-0.15147263329691188,-0.11083880355487956,False,False,False,False,720184.0,673444.5014383051,False,False,False,False,9814.622990714199,False,False,False,False
2025-10-10 15:00:00+00:00,184.73,185.34,182.38,182.55,2601.0,,,,,188.41467809215175,189.93662325773684,191.1468175694783,191.45838945609816,192.8413857026707,193.0967123625471,,,,184.57352087266628,187.50325920571257,187.79904341064497,188.46462773070132,189.00651823308638,191.30432661185816,191.52346331524365,178.01174931378202,173.95564191417915,165.83937006753612,"rgba(239, 83, 80, 1.0)",0.0,0.0,3.434191156720208,184.76361107245157,-0.6445800397918573,0.0,0.0,0.0,0.0,0.0,0.0,0.0,0.0,27.219889656890576,-18.9417358373517,False,True,False,True,False,0.0,0,0.9467999689191642,0.9461783521976747,False,False,False,False,-0.1993573708044528,-0.15509808717966617,False,False,False,False,717583.0,674128.8192454631,False,False,False,False,9702.783874579094,False,False,False,False
2025-10-10 16:00:00+00:00,182.24,182.69,181.27,181.375,6807.0,,,,,188.05940567195168,189.6978383935239,190.93855424198384,191.3148707996547,192.71749279544437,192.98948387276366,,,,183.28374039678235,186.9554182540687,187.33803739824594,188.14448363181071,188.75397363117176,191.14184512623135,191.38817474059618,178.02058090321543,173.96502333062892,165.8523726730482,"rgba(239, 83, 80, 1.0)",0.0,0.0,3.6737903298067747,184.71261894071205,-0.9084946720101993,0.0,0.0,0.0,0.0,0.0,0.0,0.0,0.0,23.51379708472068,-22.152964380199258,False,True,False,True,False,0.0,0,0.9381660342049178,0.9698237770962214,False,False,False,False,-0.2609118680419835,-0.20800497761082484,False,False,False,False,710776.0,674696.9925904947,False,False,False,False,9657.88800055461,False,False,False,False
2025-10-10 17:00:00+00:00,181.37,182.68,181.16,182.24,6763.0,,,,,187.75473917534757,189.48106601066868,190.74597514229356,191.18003810693122,192.59985119493132,192.88725747815525,,,,182.88859330699512,186.52749965766324,186.96254033297794,187.86666805435252,188.52828285934916,190.98994981663768,191.26080869306318,178.02989165074393,173.9746173872473,165.86547135003877,"rgba(239, 83, 80, 1.0)",0.0,0.0,3.8668204318595705,184.66563555156023,-0.627294593660177,0.0,0.0,0.0,0.0,0.0,0.0,0.0,0.0,23.520822046790705,-22.152964380199258,False,True,False,True,False,0.0,0,0.9406863254075385,0.9645675423112869,False,False,False,False,-0.262906179050488,-0.23545557833065645,False,False,False,False,717539.0,675361.2097596342,False,False,False,False,9613.006016049887,False,False,False,False
2025-10-10 18:00:00+00:00,182.18,182.59,181.27,181.43,5848.0,,,,,187.5040452050972,189.29698219932732,190.58120772378635,191.06329995265654,192.49771150713576,192.79828020450933,,,,182.64810358269685,186.1948090211438,186.66301356188225,187.63606336858837,188.33756748635332,190.85888794967767,191.15037425056437,178.03737971786123,173.9826243138501,165.8765964719455,"rgba(239, 83, 80, 1.0)",0.0,0.0,4.0714711377117245,184.6247693578454,-0.7846719895062141,0.0,0.0,0.0,0.0,0.0,0.0,0.0,0.0,22.85579925577956,-22.68725197773031,False,True,False,True,False,0.0,0,0.9370898568697364,0.9651991939234232,False,False,False,False,-0.26257365227734847,-0.24901461530400246,False,False,False,False,711691.0,675924.4623215003,False,False,False,False,9554.633829754539,False,False,False,False
2025-10-10 19:00:00+00:00,181.57,181.76,180.78,180.82,14878.0,,,,,186.8898366539275,188.82917087729825,190.15937260384263,190.75928436578656,192.23126773247793,192.56537021745487,,,,182.10987946150263,185.42922924567202,185.9544443298851,187.06463316731012,187.8545457871339,190.51921372213923,190.8621771672602,178.05302945875363,174.00124267117192,165.9036867016981,"rgba(239, 83, 80, 1.0)",0.0,0.0,4.27860383054252,184.76542120216212,-0.9221281891064569,0.0,0.0,0.0,0.0,0.0,0.0,0.0,0.0,21.92849959135843,-23.713140075751348,False,True,False,True,False,0.0,0,0.9353200484648504,0.9696836895156099,False,False,False,False,-0.28464645133042926,-0.26683053331721585,False,False,False,False,696813.0,676248.3156188414,True,False,False,False,9637.166638595552,False,False,False,False
2025-10-13 14:00:00+00:00,180.82,180.82,180.82,180.82,0.0,,,,,186.8898366539275,188.82917087729825,190.15937260384263,190.75928436578656,192.23126773247793,192.56537021745487,,,,182.10987946150263,185.42922924567202,185.9544443298851,187.06463316731012,187.8545457871339,190.51921372213923,190.8621771672602,178.05302945875363,174.00124267117192,165.9036867016981,"rgba(239, 83, 80, 1.0)",0.0,0.0,4.472718954600348,184.76542120216212,-0.8821080068319784,0.0,0.0,0.0,0.0,0.0,0.0,0.0,0.0,21.31029981507768,-24.506950885223574,False,True,False,True,False,0.0,0,0.9396822105290448,0.9724979911350741,False,False,False,False,-0.29985123999188207,-0.28334088665454893,False,False,False,False,696813.0,676567.1479348284,True,False,False,False,9487.753202338257,False,False,False,False
2025-10-13 15:00:00+00:00,180.82,180.82,180.82,180.82,0.0,,,,,186.8898366539275,188.82917087729825,190.15937260384263,190.75928436578656,192.23126773247793,192.56537021745487,,,,182.10987946150263,185.42922924567202,185.9544443298851,187.06463316731012,187.8545457871339,190.51921372213923,190.8621771672602,178.05302945875363,174.00124267117192,165.9036867016981,"rgba(239, 83, 80, 1.0)",0.0,0.0,4.65371989927362,184.76542120216212,-0.8477994566836624,0.0,0.0,0.0,0.0,0.0,0.0,0.0,0.0,20.898166630890515,-25.15757178422252,False,True,False,True,False,0.0,0,0.9403506940820376,0.9723671850537529,False,False,False,False,-0.29985123999188207,-0.2915960633232155,False,False,False,False,696813.0,676881.0371141335,True,False,False,False,9340.656253464796,False,False,False,False
2025-10-13 16:00:00+00:00,180.82,180.82,180.82,180.82,0.0,,,,,186.8898366539275,188.82917087729825,190.15937260384263,190.75928436578656,192.23126773247793,192.56537021745487,,,,182.10987946150263,185.42922924567202,185.9544443298851,187.06463316731012,187.8545457871339,190.51921372213923,190.8621771672602,178.05302945875363,174.00124267117192,165.9036867016981,"rgba(239, 83, 80, 1.0)",0.0,0.0,4.8236955030661575,184.76542120216212,-0.8179250119859838,0.0,0.0,0.0,0.0,0.0,0.0,0.0,0.0,20.623411174765735,-25.71525429560984,False,True,False,True,False,0.0,0,0.9440188101025049,0.9733435485575406,False,False,False,False,-0.29985123999188207,-0.29572365165754877,False,False,False,False,696813.0,677190.0597945346,True,False,False,False,9195.839877442086,False,False,False,False
2025-10-13 17:00:00+00:00,180.82,183.6,180.82,183.275,322.0,,,,,186.88085000935706,188.821424205066,190.15205143366384,190.7538656001205,192.2263710635723,192.56105553143712,,,,182.1133225649821,185.41990799509486,185.94509293690916,187.05610917947723,187.84689551452217,190.51321395915758,190.85702079642206,178.0535251565375,174.00172612383332,165.90432751952676,"rgba(239, 83, 80, 1.0)",0.0,0.0,4.913250435998679,184.765140715292,-0.30329020160949943,0.0,0.0,0.0,0.0,0.0,0.0,0.0,0.0,28.513895109954674,-25.608961116635648,False,True,False,True,True,0.0,0,0.9443107507193306,0.9516348417473194,False,False,False,False,-0.2532856271878223,-0.27450463942268555,False,False,False,False,697135.0,677499.283673689,False,False,False,False,9058.260964613526,False,False,False,False
2025-10-13 18:00:00+00:00,183.28,183.735,182.6,182.61,3234.0,,,,,186.8011395285625,188.74978188271655,190.08329228070176,190.7025862500442,192.17957437622417,192.51972440797817,,,,182.17464153401605,185.34273607495416,185.86519131150092,186.98003579449343,187.77723561974167,190.4565864422988,190.80817066512202,178.05895689808543,174.00681475575863,165.9109217173661,"rgba(239, 83, 80, 1.0)",0.0,0.0,5.012616580387567,184.76451018463518,-0.4298174715905736,0.0,0.0,0.0,0.0,0.0,0.0,0.0,0.0,32.52598170252024,-22.128542820321194,False,True,False,True,True,0.0,0,0.953946336105445,0.951697264501282,False,False,False,False,-0.2218345200216382,-0.24816957972216186,False,False,False,False,693901.0,677753.5738492907,False,False,False,False,8967.962345007116,False,False,False,False
2025-10-13 19:00:00+00:00,182.67,184.29,182.67,183.34,11756.0,,,,,186.5681814187844,188.52281226697852,189.85929350307254,190.53232537721814,192.0215426568547,192.3794133983795,,,,182.43174682466594,185.14571904201847,185.6481152113389,186.75461702177506,187.56233194600503,190.26973751724623,190.645546983441,178.08040392049838,174.02619256969737,165.93548271683463,"rgba(239, 83, 80, 1.0)",0.0,0.0,5.082835206725977,184.7493300749849,-0.2772724311659693,0.0,0.0,0.0,0.0,0.0,0.0,0.0,0.0,37.074059578931,-18.18935946023857,False,True,False,True,True,0.0,0,0.9552219422872136,0.9441313212643835,False,False,False,False,-0.21166538870772206,-0.22991748421494196,False,False,False,False,705657.0,678186.1851074412,False,False,False,False,9011.187735007006,False,False,False,False
2025-10-14 14:00:00+00:00,182.25,184.715,182.04,184.38,5392.0,,,,,186.48034128907773,188.43041414375267,189.76576023284554,190.45983154350776,191.95324223684224,192.31845525008984,,,,182.54138742817804,185.08091832458976,185.57195226563184,186.6684241529601,187.4768950575881,190.1906785087474,190.57612010908994,178.09069215478328,174.03531594123294,165.94690365767525,"rgba(239, 83, 80, 1.0)",0.0,0.0,5.128919522517665,184.7384604124039,-0.06989004425398755,0.0,0.0,0.0,0.0,0.0,0.0,0.0,0.0,42.467053727546975,-13.514820455367413,False,False,False,True,True,0.0,0,0.9533034887310903,0.944015642688073,False,False,False,False,-0.21499601440614605,-0.222456749310544,False,False,False,False,711049.0,678695.6861135273,False,False,False,False,8955.076297254958,False,False,False,False
2025-10-14 15:00:00+00:00,184.4,185.09,184.04,185.07,7680.0,,,,,186.40703424850886,188.33197571418668,189.65901793260014,190.37443311740765,191.8696978657217,192.24322876338607,,,,182.77974699705013,185.05990000472417,185.52746442682286,186.59338086605837,187.3928478374465,190.098554208658,190.4939653469939,178.10793299853444,174.0496499222129,165.96407964405597,"rgba(38, 166, 154, 1.0)",0.0,0.0,5.143977019444288,184.7355947359693,0.0650090898086514,0.0,0.0,0.0,0.0,0.0,0.0,0.0,0.0,47.45585841984749,-9.245432556977057,True,False,False,False,True,0.0,0,0.9638284744716956,0.9422335338577825,False,False,False,False,-0.1766768151481973,-0.19956678222937063,False,False,False,False,718729.0,679316.3576466509,False,False,False,False,8935.307672491315,False,False,False,False
2025-10-14 16:00:00+00:00,184.985,186.04,184.85,185.63,2699.0,,,,,186.39394982159908,188.30578372644453,189.62829451509646,190.34905484803357,191.8439270188549,192.21983084902362,,,,182.88012281108504,185.0691966642252,185.527083788225,186.57876957360673,187.37275769079997,190.07147369701417,190.46944204264935,178.1146754965382,174.05504220036534,165.97035678146898,"rgba(38, 166, 154, 1.0)",0.0,0.0,5.140984334533836,185.2008914975051,0.08346815990323539,0.0,0.0,0.0,0.0,0.0,0.0,0.0,0.0,51.85280029555034,-5.480559977874016,True,False,True,False,True,0.0,0,0.9715299725402833,0.9422568778819757,False,False,False,False,-0.1486139332852779,-0.17409035775732426,False,False,False,False,721428.0,679969.2513265478,False,False,False,False,8838.620731832534,False,False,False,False
2025-10-14 17:00:00+00:00,185.6,185.6,185.06,185.12,2398.0,,,,,186.37949530978122,188.28090172050997,189.5997654206668,190.3255904918838,191.82032028115907,192.1984194190535,,,,182.95548988404957,185.0726602222003,185.52281027653038,186.56320163174752,187.3529513101586,190.04639411052085,190.4467821466988,178.1204561933124,174.05972575606637,165.97586011898522,"rgba(38, 166, 154, 1.0)",0.0,0.0,5.0548742581552055,185.19459188414518,-0.014756427229586682,0.0,0.0,0.0,0.0,0.0,0.0,0.0,0.0,53.33285495298528,-4.259700725069472,True,False,True,False,True,0.0,0,0.9697813638729831,0.9404737116085379,False,False,False,False,-0.15226715090872933,-0.1631787543330268,False,False,False,False,719030.0,680574.844329237,False,False,False,False,8738.766146842881,False,False,False,False
2025-10-14 18:00:00+00:00,185.08,185.175,184.36,185.045,3660.0,,,,,186.3504970052803,188.23877309775446,189.5529857438843,190.28739650736009,191.78243749470232,192.16412314181682,,,,183.04329955153563,185.06692716965102,185.50700944664092,186.53305734475845,187.31778464685084,190.00545878332528,190.4099364630879,178.12876779478398,174.06661156832837,165.9840795546133,"rgba(38, 166, 154, 1.0)",0.0,0.0,4.943015791711725,185.17913905599863,-0.027137088298112403,0.0,0.0,0.0,0.0,0.0,0.0,0.0,0.0,54.09931497592439,-3.43206953626553,True,False,True,False,True,0.0,0,0.9641175093023865,0.9409851422029096,False,False,False,False,-0.17019629118307783,-0.16668752275805232,False,False,False,False,715370.0,681114.3041070782,False,False,False,False,8660.025586426713,False,False,False,False
2025-10-14 19:00:00+00:00,185.15,185.15,183.02,183.245,15408.0,,,,,186.16119724246664,188.02023668314112,189.32368718224882,190.10214292559186,191.60374649461892,192.00283267985156,,,,183.16711303935014,184.93830611250394,185.35177665835982,186.3438892489184,187.120869132856,189.80605848917457,190.23150760658604,178.15808554254366,174.0926796203347,166.01667410926603,"rgba(38, 166, 154, 1.0)",0.0,0.0,4.883360465133288,185.0853469404536,-0.376860760862012,0.0,0.0,0.0,0.0,0.0,0.0,0.0,0.0,50.14773930107371,-3.43206953626553,True,False,False,False,False,0.0,0,0.9577377573662216,0.9400123845399665,False,False,False,False,-0.1920979565424163,-0.1793927396502343,False,False,False,False,699962.0,681406.5164465033,False,False,False,False,8764.645344776687,False,False,False,False
2025-10-15 14:00:00+00:00,184.83,185.1,184.16,184.18,1794.0,,,,,186.1467651909556,188.00003565002856,189.30129350637526,190.08349775364746,191.5852157569255,191.98596983104207,,,,183.1914992648886,184.93293101907844,185.34261624036253,186.328961359774,187.1037443100627,189.78619017814688,190.21347367409183,178.16188510981823,174.09591604755502,166.02060515909034,"rgba(38, 166, 154, 1.0)",0.0,0.0,4.847392038670995,185.08211486315284,-0.18610313668794237,0.0,0.0,0.0,0.0,0.0,0.0,0.0,0.0,49.886898373289654,-3.43206953626553,True,False,False,False,False,0.0,0,0.963770908810607,0.9340168041316588,False,False,False,False,-0.17952402978745832,-0.17945838471884631,False,False,False,False,701756.0,681722.0123155498,False,False,False,False,8656.573323927436,False,False,False,False
2025-10-15 15:00:00+00:00,184.18,184.69,183.91,183.91,2100.0,,,,,186.12709905377318,187.9746230109205,189.27367316694733,190.06063002063036,191.56270529009132,191.96551522009418,,,,183.21232180495318,184.92259886714174,185.32836825183753,186.3089089097058,187.08164319349876,189.76177266773496,190.19137322269725,178.16610902488267,174.09958892445823,166.0251273552134,"rgba(38, 166, 154, 1.0)",0.0,0.0,4.791051507711427,185.07599735077775,-0.2433698216145306,0.0,0.0,0.0,0.0,0.0,0.0,0.0,0.0,49.07931738324928,-3.43206953626553,True,False,False,False,False,0.0,0,0.9623662843149893,0.9379816986725099,False,False,False,False,-0.21857558009984285,-0.19901698240934457,False,False,False,False,699656.0,682000.0586362389,False,False,False,False,8554.921024331661,False,False,False,False
2025-10-15 16:00:00+00:00,183.85,183.97,182.52,182.92,3674.0,,,,,186.07593984857374,187.91910723785784,189.2164188955277,190.01410088557625,191.51819057937985,191.92527610961773,,,,183.20960626754464,184.88126362561604,185.28274738203828,186.25818550563164,187.03032519922195,189.71175984751352,190.146525167163,178.1722151834189,174.10534957798228,166.03258337247067,"rgba(38, 166, 154, 1.0)",0.0,0.0,4.7412223088541605,185.05360311603872,-0.4500111948039763,0.0,0.0,0.0,0.0,0.0,0.0,0.0,0.0,46.372154299985795,3.1040086256876123,True,False,False,True,False,0.0,0,0.9498678667678385,0.9562521259059635,False,False,False,False,-0.25538614582089286,-0.22720156411511871,False,False,False,False,695982.0,682216.8329209483,False,False,False,False,8479.247830155977,False,False,False,False
2025-10-15 17:00:00+00:00,182.92,183.88,181.98,183.84,6922.0,,,,,185.9871789215686,187.81994666687046,189.11307098492014,189.9293239916409,191.43654057054235,191.85127465100848,,,,183.21110918435824,184.81240629961187,185.20540847312554,186.16972518666856,186.93949259384695,189.6209114685683,190.06470413261957,178.18390204421587,174.11629896412404,166.0466925360438,"rgba(38, 166, 154, 1.0)",0.0,0.0,4.718248656798599,185.01750373341753,-0.24956372990661274,0.0,0.0,0.0,0.0,0.0,0.0,0.0,0.0,47.03428444932659,3.1040086256876123,True,False,False,True,False,0.0,0,0.9430156196855137,0.9576672509876775,False,False,False,False,-0.2665052736113107,-0.2468534188632147,False,False,False,False,702904.0,682537.5641934917,False,False,False,False,8455.104452944257,False,False,False,False
2025-10-15 18:00:00+00:00,183.83,184.24,183.59,184.16,10266.0,,,,,185.89907824809796,187.70360306911584,188.98527260406962,189.82132034551432,191.32936283871743,191.75333282723943,,,,183.278568849369,184.76480483382312,185.14134346620685,186.0793922632545,186.83866137107,189.5063227659186,189.96002812332145,178.20374100940268,174.13384527206023,166.0685027218579,"rgba(38, 166, 154, 1.0)",0.0,0.0,4.684132479988636,184.98878371295058,-0.17693430245435593,0.0,0.0,0.0,0.0,0.0,0.0,0.0,0.0,48.28054121869839,3.1040086256876123,True,False,False,False,False,0.0,1,0.9564446561350589,0.9545394406075525,False,False,False,False,-0.2319363818423162,-0.23939490035276545,False,False,False,False,713170.0,683012.485678864,False,False,False,False,8483.18035289861,False,False,False,False
2025-10-15 19:00:00+00:00,184.24,184.81,184.0,184.155,26752.0,,,,,185.73595787365963,187.4551264625725,188.70026860399332,189.5722337478379,191.0758123754304,191.5194504682661,,,,183.46930934348615,184.7063141552241,185.0418719710888,185.90759608639738,186.63234881260237,189.24493452412364,189.71747310660825,178.2576734385334,174.18077454201512,166.1261150943002,"rgba(38, 166, 154, 1.0)",0.0,0.0,4.672564609186419,184.9334487803543,-0.1665998965158961,0.0,0.0,0.0,0.0,0.0,0.0,0.0,0.0,49.097480871948534,3.1040086256876123,True,False,False,False,False,0.0,0,0.9498357876893745,0.9506038775293998,False,False,False,False,-0.21494520761246386,-0.22717005398261464,False,False,False,False,686418.0,683065.2843505094,False,False,False,False,8766.417866807158,False,False,False,False
2025-10-16 14:00:00+00:00,182.85,184.11,182.85,184.09,2800.0,,,,,185.71397931660408,187.42634301591926,188.66838258226633,189.54444959685915,191.04792295614223,191.49372366724478,,,,183.47332862725634,184.69237430589016,185.02483280700577,185.88507288411836,186.60726392281236,189.2157412996693,189.69042583618955,178.2626749308003,174.18535380389156,166.13191327359823,"rgba(38, 166, 154, 1.0)",0.0,0.0,4.659231471057787,184.92426076103487,-0.17905544427597775,0.0,0.0,0.0,0.0,0.0,0.0,0.0,0.0,49.44142336140259,3.1040086256876123,True,False,False,False,True,0.0,1,0.9413472706155638,0.9548886073276323,False,False,False,False,-0.247131137673353,-0.2371505958279838,False,False,False,False,683618.0,683073.8535853851,False,False,False,False,8673.915264221,False,False,False,False
2025-10-16 15:00:00+00:00,184.16,184.9,183.72,183.85,3249.0,,,,,185.6948678297897,187.3976442881765,188.6353529179811,189.51511409150785,191.0178869343071,191.4658786746097,,,,183.48790170903706,184.68403563489326,185.01237918002244,185.86500006553212,186.5833123960279,189.18511406302116,189.6617928243285,178.26897265947366,174.19092638194397,166.13881774689798,"rgba(38, 166, 154, 1.0)",0.0,0.0,4.635365236296734,184.91656989483008,-0.23009403584391136,0.0,0.0,0.0,0.0,0.0,0.0,0.0,0.0,48.885698915417045,3.1040086256876123,True,False,False,False,True,0.0,1,0.9508127171002048,0.9526423249277443,False,False,False,False,-0.2182295873255428,-0.2276900915767633,False,False,False,False,680369.0,683031.917870883,False,False,False,False,8589.808050822223,False,False,False,False
2025-10-16 16:00:00+00:00,183.94,184.12,182.495,183.16,2652.0,,,,,185.6707028572782,187.36819943725285,188.60341251691113,189.48742986756008,190.9903787317756,191.4405321132683,,,,183.483973842842,184.6661485949475,184.9920788929329,185.84052215490553,186.5569962067967,189.1559707710878,189.6348616754154,178.27332040903863,174.19506078359834,166.14416881814873,"rgba(38, 166, 154, 1.0)",0.0,0.0,4.593559124733984,184.9060666566061,-0.3801119369955251,0.0,0.0,0.0,0.0,0.0,0.0,0.0,0.0,46.41463526006315,0.9449137072912208,True,False,False,True,False,0.0,0,0.9422886636536255,0.9732837696895147,False,False,False,False,-0.253187380801301,-0.24043873618903214,False,False,False,False,677717.0,682949.5160434275,False,False,False,False,8497.74901127459,False,False,False,False
2025-10-16 17:00:00+00:00,183.16,183.16,181.095,181.4,4352.0,,,,,185.61007611134212,187.30493052130888,188.53855388372776,189.4326265077404,190.93771402820013,191.3923505780687,,,,183.44030462103575,184.6100439897651,184.93416830122746,185.7804924008625,186.49709334904617,189.09776887549867,189.58174113775658,178.27847772342747,174.20081045459006,166.15223874468657,"rgba(239, 83, 80, 1.0)",0.0,0.0,4.650290192436199,184.87878790067506,-0.7480797448583715,0.0,0.0,0.0,0.0,0.0,0.0,0.0,0.0,40.97139708038581,-4.276100992796657,False,False,False,True,False,0.0,0,0.9393606768044557,0.9776183336902984,False,False,False,False,-0.29513316124715105,-0.2677859487180916,False,False,False,False,673365.0,682800.9188954674,False,False,False,False,8433.473832805217,False,False,False,False
2025-10-16 18:00:00+00:00,181.25,181.7,180.43,181.17,5022.0,,,,,185.52824153126693,187.22339692769,188.4566006436667,189.36388377632488,190.87248894542333,191.33281062119252,,,,183.36880255070278,184.53019292968648,184.85344050813353,185.69993558086324,186.41840431183897,189.02456935719323,189.51518015117992,178.28311935493105,174.20675791335628,166.1610766438245,"rgba(239, 83, 80, 1.0)",0.0,0.0,4.697189620754922,184.84181719512426,-0.7817051240384352,0.0,0.0,0.0,0.0,0.0,0.0,0.0,0.0,36.95345510961072,-7.940125816629681,False,True,False,True,False,0.0,0,0.934604466820203,0.9815221466445296,False,False,False,False,-0.3337820365501693,-0.30078399263413047,False,False,False,False,668343.0,682576.7651141423,False,False,False,False,8380.582765629943,False,False,False,False
2025-10-16 19:00:00+00:00,181.175,181.695,180.335,181.185,20224.0,,,,,185.2247712266454,186.91422972393133,188.14286699226275,189.09725198368537,190.61761246728508,191.09920745201782,,,,183.1171339097241,184.23993724185058,184.5578487488277,185.39993939316244,186.12188382587777,188.74186260568874,189.2565162706059,178.3014715443927,174.23050735563285,166.19649474142307,"rgba(239, 83, 80, 1.0)",0.0,0.0,4.748126669947666,184.93692986987608,-0.7901916125412537,0.0,0.0,0.0,0.0,0.0,0.0,0.0,0.0,34.342089841304045,-10.26810434701315,False,True,False,True,False,0.0,0,0.934515069809659,0.9784831415681152,True,False,False,False,-0.33562388625998646,-0.3182039394470585,False,False,False,False,688567.0,682669.6369728378,False,False,False,False,8564.20163748064,False,False,False,False
2025-10-17 14:00:00+00:00,182.375,184.075,182.375,183.39,1551.0,,,,183.27999999999997,185.21466785910474,186.9002762422961,188.12707492586213,189.0829421610377,190.6030074706323,191.085579429622,,,,183.1184909229932,184.23379833614402,184.55023452877188,185.3894533457498,186.1098480611942,188.7270130428635,189.24250794269676,178.30398306333396,174.23290769367844,166.19960626445618,"rgba(239, 83, 80, 1.0)",0.0,0.0,4.7629618567277126,184.94018295949306,-0.3254661712865553,0.0,0.0,0.0,0.0,0.0,0.0,0.0,0.0,40.149500632027966,-15.786821538530774,False,False,False,True,True,0.0,0,0.9442032652408987,0.9706767518044059,False,False,False,False,-0.25609026045792344,-0.287147099952491,False,False,False,False,690118.0,682785.115469383,False,False,False,False,8455.469829147607,False,False,False,False
2025-10-17 15:00:00+00:00,183.28,184.545,183.03,184.545,5509.0,,,,183.87303682719545,185.19338485876006,186.86179433921404,188.08046919266147,189.039262098076,190.55693399368113,191.04223158106348,,,,183.1449788337151,184.2294940157019,184.53965951101816,185.36615402214554,186.07917321037704,188.68218433170657,189.19955318621723,178.31424263852665,174.24213851718457,166.21114028118438,"rgba(239, 83, 80, 1.0)",0.0,0.0,4.7554309464527975,184.95851370448943,-0.08695609486200136,0.0,0.0,0.0,0.0,0.0,0.0,0.0,0.0,46.568546098533375,-10.121998201534147,True,False,False,False,True,0.0,0,0.942485887740974,0.9681808499307708,False,False,False,False,-0.23637883157484696,-0.261762965763669,False,False,False,False,695627.0,682984.2144543537,False,False,False,False,8409.788126370124,False,False,False,False
2025-10-17 16:00:00+00:00,184.51,184.81,183.72,183.74,3689.0,,,,183.94749744162246,185.18015840985748,186.83704575617412,188.05022911235784,189.01072144331394,190.52667561909135,191.013706599607,,,,183.16282503011752,184.22744976369904,184.53350427160137,185.35156816210187,186.05962694226912,188.6529601306017,189.1714585907547,178.32115209564066,174.24834155396064,166.21887712563915,"rgba(239, 83, 80, 1.0)",0.0,0.0,4.745478383691634,184.96570352584752,-0.25828871754210786,0.0,0.0,0.0,0.0,0.0,0.0,0.0,0.0,48.65973555799903,-8.455008078897983,True,False,False,False,True,0.0,0,0.9508869120545471,0.9617535822724133,False,False,False,False,-0.21978696116307533,-0.24077496346337215,False,False,False,False,691938.0,683123.0328349062,False,False,False,False,8336.59761278299,False,False,False,False
2025-10-17 17:00:00+00:00,183.785,184.13,183.33,184.095,4210.0,,,,183.9205272188426,185.1622297588976,186.8069323894888,188.014229878339,188.97699129140184,190.49122207895925,190.98032689441456,,,,183.17735740844674,184.22126837203427,184.52301649354715,185.3322557319224,186.0351412252281,188.61834130863446,189.13828509302698,178.32869227116456,174.25523990702777,166.2275808291567,"rgba(239, 83, 80, 1.0)",0.0,0.0,4.737661844913716,184.96754977174294,-0.18417307952860665,0.0,0.0,0.0,0.0,0.0,0.0,0.0,0.0,50.87083382345865,-6.451917470079316,True,False,True,False,True,0.0,0,0.9552246799850043,0.9636334422366244,False,False,False,False,-0.23838528026901723,-0.2395801218661947,False,False,False,False,696148.0,683324.9703103341,False,False,False,False,8272.619355220464,False,False,False,False
2025-10-17 18:00:00+00:00,184.05,184.27,183.715,183.78,7541.0,,,,183.92090911111111,185.13294908872385,186.75572698974528,187.95232631966036,188.91847354829534,190.4293095827845,190.9218876818357,,,,183.20445985858478,184.21269347598914,184.50689249074352,185.3004563228115,185.99397669677396,188.5584562789096,189.08066042107342,178.3423175781192,174.26766152468488,166.24321137787084,"rgba(239, 83, 80, 1.0)",0.0,0.0,4.732651232098048,184.96707494649493,-0.2508266272494128,0.0,0.0,0.0,0.0,0.0,0.0,0.0,0.0,51.435841929353415,-5.783625023282724,True,False,True,False,True,0.0,0,0.9524908120288654,0.9624969820532775,False,False,False,False,-0.22924046828273023,-0.23441029507446248,False,False,False,False,688607.0,683406.8622435072,False,False,False,False,8261.276419480611,False,False,False,False
2025-10-17 19:00:00+00:00,183.795,184.72,183.66,184.14,12967.0,,,,184.01319729137884,185.0955214649807,186.67925404049973,187.85652852202372,188.82586764464634,190.3295472476209,190.82716274796132,,,,183.26154953407496,184.210847239053,184.49219126749173,185.2583949439485,185.93497634566074,188.46437544879666,188.98918527915745,178.36664201380614,174.28950129763797,166.27040585524847,"rgba(239, 83, 80, 1.0)",0.0,0.0,4.719864579481401,184.9646656472762,-0.17472231107249914,0.0,0.0,0.0,0.0,0.0,0.0,0.0,0.0,52.75538867544628,-4.241152295516528,True,False,True,False,True,0.0,0,0.9538432705951654,0.9575914968809409,False,False,False,False,-0.22238492185723052,-0.2283976084658465,False,False,False,False,701574.0,683688.5232939954,False,False,False,False,8334.233374217345,False,False,False,False
2025-10-20 14:00:00+00:00,186.405,187.05,185.895,186.23,5069.0,,,186.39166666666668,184.31062331425565,185.1149867025348,186.67596295351444,187.84215456542248,188.80743752551658,190.30515128682717,190.80295791589788,,,,183.3320259357802,184.2501155300743,184.52436328299032,185.27468937947754,185.94068938427355,188.44713640259266,188.97039443188567,178.37970733453716,174.29992293360257,166.28232864891118,"rgba(38, 166, 154, 1.0)",0.0,0.0,4.693004783813395,185.46354869229188,0.1633178193961512,0.0,0.0,0.0,0.0,0.0,0.0,0.0,0.0,57.80279012559612,0.7240432767277696,True,False,True,False,True,0.0,0,0.9538690476190481,0.9558886054421776,False,False,False,False,-0.14446416564038705,-0.18643088705311678,False,False,False,False,706643.0,684044.4066537785,False,False,False,False,8283.609600973667,False,False,False,False
2025-10-20 15:00:00+00:00,186.2,186.21,185.1,185.2,6723.0,,,185.8851991463139,184.48029659253615,185.12257075161122,186.6584310492189,187.81210750882047,188.77458816593543,190.2660178474235,190.76487643520605,,,,183.3949861336347,184.2793462786989,184.54587161999504,185.27896798136965,185.9335514124568,188.41501754881372,188.93744537598934,178.39505629141868,174.31270403103457,166.29742244807778,"rgba(38, 166, 154, 1.0)",0.0,0.0,4.663352201662584,185.44891163390758,-0.053376117252918194,0.0,0.0,0.0,0.0,0.0,0.0,0.0,0.0,58.12354135196567,1.243257492555557,True,False,True,False,True,0.0,0,0.941818471506719,0.9655584470763192,False,False,False,False,-0.1721249432841808,-0.17927791516864877,False,False,False,False,699920.0,684290.5398839525,False,False,False,False,8259.414103284153,False,False,False,False
2025-10-20 16:00:00+00:00,185.39,186.03,185.28,185.86,3796.0,,,185.8457814772047,184.57271785329544,185.1291229184145,186.65060328903016,187.79706499021384,188.7575554604602,190.24521014407938,190.74450428728827,,,,183.43249231210996,184.29811598917476,184.56029918323387,185.28361399855672,185.93163190819593,188.39853701666607,188.9202907433159,178.40396089713983,174.32004935462012,166.3060318790463,"rgba(38, 166, 154, 1.0)",0.0,0.0,4.629559883153713,185.45348204225084,0.08780920174041432,0.0,0.0,0.0,0.0,0.0,0.0,0.0,0.0,59.55230196082108,2.9313697081551027,True,False,True,False,True,0.0,0,0.9515693869373588,0.9628422599171906,False,False,False,False,-0.1721249432841808,-0.1757014292264148,False,False,False,False,703716.0,684591.7098082323,False,False,False,False,8190.213884628584,False,False,False,False
2025-10-20 17:00:00+00:00,185.89,186.5,185.89,186.45,5819.0,,,185.96381378365334,184.7473965256532,185.14804776316794,186.64590786931592,187.7805001494897,188.73653461410228,190.21756230688243,190.71701984926327,,,,183.50111192786437,184.33683516198204,184.59200503984778,185.29933155319404,185.93644077540156,188.37883783609593,188.89886403213947,178.41860405145832,174.33183964583188,166.31959265714312,"rgba(38, 166, 154, 1.0)",0.0,0.0,4.613395309235249,185.47404261866552,0.21154861352998805,0.0,0.0,0.0,0.0,0.0,0.0,0.0,0.0,61.52771171304205,5.1400608035768585,True,False,True,False,True,0.04423689174501533,0,0.9565229031135392,0.95620164377694,False,False,False,False,-0.15382694746211478,-0.1647641883442648,False,False,False,False,709535.0,684978.427485624,False,False,False,False,8153.4508786653505,False,False,False,False
2025-10-20 18:00:00+00:00,186.46,186.76,186.28,186.33,7297.0,,,186.08910459633964,184.94176071226357,185.1744869608234,186.64294828215623,187.76261855487536,188.71253323426654,190.1849635207739,190.68438246155904,,,,183.58780588741317,184.38752649798406,184.63414131685843,185.32178099076154,185.9452927263032,188.35668315700465,188.87426130582503,178.43730065848874,174.34680993325864,166.33672209165903,"rgba(38, 166, 154, 1.0)",0.0,0.0,4.578396973487704,185.49841948909477,0.18163136917150371,0.0,0.0,0.0,0.0,0.0,0.0,0.0,0.0,62.444427565508235,6.369911166823535,True,False,True,False,True,0.0,0,0.9547491881156236,0.9579162081644713,False,False,False,False,-0.14286408990709068,-0.15381413912567773,False,False,False,False,702238.0,685246.0177571647,False,False,False,False,8140.172570468989,False,False,False,False
2025-10-20 19:00:00+00:00,186.33,186.705,186.055,186.43,21512.0,,,186.22086091418407,185.30703663503846,185.24319065537787,186.63209381711886,187.71030837010937,188.64282200396372,190.09057213417483,190.58968613999733,,,,183.81136742760594,184.51983682370002,184.74422399134409,185.37992353417448,185.96685344565975,188.2922724777603,188.8028019716181,178.49150804221432,174.39051129697614,166.3869014490976,"rgba(38, 166, 154, 1.0)",0.0,0.0,4.550010303918035,185.5436393475143,0.19480409785499977,0.0,0.0,0.0,0.0,0.0,0.0,0.0,0.0,63.256809702075856,7.544441832581299,True,False,True,False,True,0.011283724928695449,0,0.9532458433264176,0.9605756016060804,False,False,False,False,-0.14758221969008303,-0.15069817940788038,False,False,False,False,723750.0,685842.9787221699,False,False,False,False,8347.487724415207,False,False,False,False
2025-10-21 14:00:00+00:00,182.83,184.33,182.83,184.24,2224.0,,,186.11819129799136,185.26890941563244,185.23485180720388,186.619247941986,187.69488782241672,188.62779777207706,190.07440938594513,190.5742186330034,,,183.8,183.81127465407238,184.5149691128105,184.73816615750906,185.3711373581584,185.9562053760162,188.27706191620206,188.7879288217536,178.4952431182691,174.39403801160373,166.3914035281778,"rgba(38, 166, 154, 1.0)",0.0,0.0,4.524074668216489,185.53259550419585,-0.285714891771541,0.0,0.0,0.0,0.0,0.0,0.0,0.0,0.0,57.440538075386804,13.274263334088793,True,False,True,False,False,0.0,0,0.9418706409610446,0.9605929618923874,False,False,False,False,-0.24362841756905113,-0.19716329848846575,False,False,False,False,721526.0,686396.2038582602,False,False,False,False,8252.549930238227,False,False,False,False
2025-10-21 15:00:00+00:00,184.13,184.5,183.34,183.6,6742.0,,,185.8556224020817,185.16522639788408,185.21038104138265,186.58118928059127,187.64903275632165,188.58294075700684,190.0260190750334,190.52784840405062,,,183.81002602423973,183.81132435797352,184.50087481042945,184.72052227972827,185.3453105870588,185.92475182879036,188.2317099774555,188.74349590253885,178.50656223675617,174.40472815432705,166.40504769531023,"rgba(38, 166, 154, 1.0)",0.0,0.0,4.494491250808944,185.50206400672124,-0.4231989563621695,0.0,0.0,0.0,0.0,0.0,0.0,0.0,0.0,52.217313846440824,8.417681246782088,True,False,False,False,False,0.0,0,0.9419175175706146,0.9654157273571154,False,False,False,False,-0.23176235234525733,-0.21446282541686154,False,False,False,False,714784.0,686836.3247286748,False,False,False,False,8229.130551474844,False,False,False,False
2025-10-21 16:00:00+00:00,183.5,184.45,183.28,183.7,4481.0,,,185.71163870694124,185.10396573522982,185.1945398908263,186.55643023914243,187.61912436976252,188.55356605053743,189.99425159403958,190.49736406138186,,,183.81001735207357,183.81130344192366,184.49177237818577,184.70912147850922,185.32857733316143,185.90432021491975,188.20205130699927,188.71438085793284,178.51405404488062,174.41181732069074,166.41410259835223,"rgba(38, 166, 154, 1.0)",0.0,0.0,4.462818301161693,185.48356399595278,-0.3996497001655925,0.0,0.0,0.0,0.0,0.0,0.0,0.0,0.0,49.031269925143924,5.536877992250368,True,False,False,True,False,0.0,0,0.9369313759695133,0.9831995920667734,False,False,False,False,-0.23367743801560906,-0.2240701317162353,False,False,False,False,719265.0,687339.0948879202,False,False,False,False,8171.020000289187,False,False,False,False
2025-10-21 17:00:00+00:00,183.7,184.15,183.14,183.86,4111.0,,,185.59062873176538,185.04872424714983,185.179360080752,186.53334273042313,187.59143016491998,188.52640904755728,189.96495587940927,190.46925222193428,,,183.78816038273152,183.80995180738242,184.48251530759973,184.69785034370673,185.31261939737797,185.88509984071078,188.17461855766217,188.6874678885543,178.52078785266565,174.4182472393728,166.42235702153405,"rgba(38, 166, 154, 1.0)",0.0,0.0,4.36749027856135,185.4667670902436,-0.36789253959664175,0.0,0.0,0.0,0.0,0.0,0.0,0.0,0.0,47.41807219502976,4.020129739193074,False,False,False,True,False,0.0,0,0.9257190428874514,0.9851760345892537,False,False,False,False,-0.24135479437570287,-0.2327124630459691,False,False,False,False,723376.0,687897.8065950841,False,False,False,False,8108.073953773075,False,False,False,False
2025-10-21 18:00:00+00:00,183.78,183.89,183.03,183.03,3899.0,,,185.4669255507653,184.98569183622672,185.1613893390938,186.50872930535056,187.56285062329601,188.498814053449,189.9356598211911,190.44123794647194,,,183.7024841931926,183.8033591613908,184.46945754025936,184.68313192159266,185.2940527717537,185.8638745599403,188.14660187525794,188.66017669132432,178.52666789409065,174.4240753827202,166.42999759604191,"rgba(38, 166, 154, 1.0)",0.0,0.0,4.273720273130606,185.44829099434816,-0.5658514923291169,0.0,0.0,0.0,0.0,0.0,0.0,0.0,0.0,44.35505846546957,1.0610627461387665,False,False,False,True,False,0.0,0,0.9284370127426214,0.9827678907468155,False,False,False,False,-0.24783239289934939,-0.24027242797265924,False,False,False,False,719477.0,688387.4064928348,False,False,False,False,8042.816993249462,False,False,False,False
2025-10-21 19:00:00+00:00,183.04,183.47,182.81,182.81,10516.0,,,185.15512337417417,184.81089365041586,185.10733524979526,186.43838789350622,187.48256264043147,188.42178685274973,189.8545505159713,190.3637666607688,,,183.48130245311145,183.77645241458865,184.427249229019,184.63694612114773,185.23864060617487,185.80208862452236,188.06823380421596,188.58405800883835,178.5415104858474,174.4392509776671,166.45022134361466,"rgba(38, 166, 154, 1.0)",0.0,0.0,4.141122896853149,185.39642658520796,-0.6245713178841885,0.0,0.0,0.0,0.0,0.0,0.0,0.0,0.0,41.820174602740124,-1.422046990180732,False,True,False,True,False,0.0,0,0.9274070095340414,0.9818450382704456,False,False,False,False,-0.25908553123127664,-0.24967897960196794,False,False,False,False,708961.0,688706.3769348064,False,False,False,False,8081.160915834742,False,False,False,False
2025-10-22 14:00:00+00:00,184.0,184.12,182.545,183.33,6512.0,,,185.02125396932766,184.73331548117602,185.07988008658526,186.39996833972677,187.43752794540208,188.37777483008733,189.80745043499667,190.3185397757538,,,183.45598276384737,183.7670716726313,184.40771065089947,184.6147478619979,185.21017015185663,185.7691792457912,188.02373121048825,188.54044969247875,178.5512672042322,174.4489506660047,166.46294756300478,"rgba(38, 166, 154, 1.0)",0.0,0.0,4.016481699602005,185.37085428173268,-0.5081199005425301,0.0,0.0,0.0,0.0,0.0,0.0,0.0,0.0,42.09640966511988,-1.422046990180732,False,True,False,True,False,0.0,0,0.9264073886234426,0.9782985879401019,False,False,False,False,-0.2523085466584258,-0.25099376313019683,False,False,False,False,715473.0,689121.3633389178,False,False,False,False,8056.83283962025,False,False,False,False
2025-10-22 15:00:00+00:00,183.05,183.99,182.865,183.63,5232.0,,,184.9362427297471,184.68324696032968,185.0604332034857,186.3713890779699,187.4034585652545,188.34408826544157,189.77104040115623,190.2834616523377,,,183.46065230154554,183.76253825673493,184.39481760075745,184.59965418332717,185.18984041328076,185.7450966628953,187.98980108650153,188.5070164824309,178.5593442454872,174.4568714811852,166.47325728951014,"rgba(38, 166, 154, 1.0)",0.0,0.0,3.908483632599844,185.3529524265677,-0.44082375379467265,0.0,0.0,0.0,0.0,0.0,0.0,0.0,0.0,43.37163238850338,-1.422046990180732,False,True,False,True,False,0.0,0,0.9275648027279759,0.9814316541012877,False,False,False,False,-0.24897244265585347,-0.24998310289302517,False,False,False,False,720705.0,689611.0321243609,False,False,False,False,8013.0369816416405,False,False,False,False
2025-10-22 16:00:00+00:00,183.63,183.72,181.795,183.43,5245.0,,,184.83287553691343,184.61696311287702,185.03517354273532,186.33828440928988,187.36548167252067,188.30725540819975,189.7320078817115,190.24602460259666,,,183.40934149612625,183.74970889377548,184.37508511193408,184.5780817841882,185.1639102314384,185.71606857180623,187.95246636449434,188.47055449730524,178.5665755182395,174.46434786499356,166.48326880189202,"rgba(38, 166, 154, 1.0)",0.0,0.0,3.823392894435488,185.61952737614516,-0.5726660682274526,0.0,0.0,0.0,0.0,0.0,0.0,0.0,0.0,43.59344923053693,-1.422046990180732,False,True,False,True,False,0.0,0,0.9192445457505708,0.9947899706935862,False,False,False,False,-0.27262154756840457,-0.26130232523071484,False,False,False,False,715460.0,690011.7913162312,False,False,False,False,7970.121679600685,False,False,False,False
2025-10-22 17:00:00+00:00,183.52,183.735,183.11,183.33,3041.0,,,184.7899997880368,184.58990061928344,185.02367572844278,186.32169359696448,187.345791819827,188.28775719472165,189.7109441544566,190.22570942605006,,,183.40830791813292,183.7463304766308,184.36718740977054,184.56898083730633,185.15192573369777,185.70199788861973,187.9328383759333,188.45119644696902,178.5711456555396,174.4688849699938,166.4892119310419,"rgba(38, 166, 154, 1.0)",0.0,0.0,3.6261109288689743,185.61660149144302,-0.6305933647088467,0.0,0.0,0.0,0.0,0.0,0.0,0.0,0.0,43.41004735448101,-1.422046990180732,False,True,False,True,False,0.0,0,0.9267630857732079,0.9883862914823769,False,False,False,False,-0.24914789115423913,-0.255225108192477,False,False,False,False,712419.0,690359.1899004757,False,False,False,False,7893.701188444084,False,False,False,False
2025-10-22 18:00:00+00:00,183.48,184.34,183.465,184.22,3789.0,,,184.76206100797424,184.57432501619834,185.01490177632027,186.30557752498834,187.32531389552383,188.2667110937184,189.68743643332502,190.20283404623765,,,183.4490574216136,183.74937498466596,184.363632206659,184.56367300986048,185.14237070530663,185.6893191457274,187.9119066364303,188.43019706402976,178.57755471072133,174.4749218745346,166.49688100738004,"rgba(38, 166, 154, 1.0)",0.0,0.0,3.4563909013677248,185.62172883430586,-0.405546963380554,0.0,0.0,0.0,0.0,0.0,0.0,0.0,0.0,46.78712045950579,-1.422046990180732,False,True,False,True,True,0.0,0,0.9283545676335059,0.985172133369478,False,False,False,False,-0.2323715160017411,-0.24379831209710906,False,False,False,False,716208.0,690759.9466462047,False,False,False,False,7830.062410328672,False,False,False,False
2025-10-22 19:00:00+00:00,184.22,188.805,184.04,188.535,49413.0,,,185.5138401074072,185.2350205967199,185.2287813555791,186.37396194730042,187.31059625232535,188.19799989307012,189.5567945189073,190.0619914714518,,,185.1763679641335,184.1938191405782,184.67977152249392,184.84533713866753,185.33734030424935,185.81716092860228,187.8608401760078,188.3545130343949,178.7069838416799,174.57848105331988,166.61398448874326,"rgba(38, 166, 154, 1.0)",0.0,0.0,3.31056849585691,185.89363170365763,0.797859430985333,0.0,0.0,0.0,0.0,0.0,0.0,0.0,0.0,56.80217810992749,0.9017524960477488,True,False,True,False,True,4.871333877996946,0,0.9366795366795373,0.9609372919717757,False,False,False,False,-0.14614925005347876,-0.1949737810752939,False,False,False,False,765621.0,691920.5831323101,False,False,False,False,8474.75911714528,False,False,False,False
2025-10-23 14:00:00+00:00,192.51,196.24,192.51,196.115,8939.0,,194.955,186.02731375233228,185.66983118731034,185.40377827292303,186.50132981811763,187.41169944876563,188.27087812649188,189.60615954394095,190.1021858545684,,,185.9421654810298,184.44404856356527,184.88814090886757,185.04240646123145,185.5053080206368,185.9618614296833,187.94333040651935,188.4231201227914,178.75136220412222,174.60860925923996,166.64305766432244,"rgba(38, 166, 154, 1.0)",0.0,0.0,3.367637247481557,186.0629036645329,2.984910664883644,0.0,0.0,0.0,0.0,0.0,0.0,0.0,0.0,67.32221784794726,10.172904436704165,True,False,True,False,True,15.935137699845843,0,0.9640248919975322,0.9375900020571908,False,False,False,False,0.11785768079164115,-0.038558050141826374,False,False,False,False,774560.0,693201.8144015765,False,False,False,False,8481.956650212796,False,False,False,False
2025-10-23 15:00:00+00:00,196.135,196.27,194.96,196.19,9968.0,,195.40400900900903,186.5864929424227,186.15146314259155,185.6083907993813,186.6528400061853,187.5337110304321,188.36043512697526,189.6687502730032,190.15396614290464,,,186.73442850006447,184.7312313087825,185.129583641138,185.2714122552588,185.70209368999213,186.13268619320672,188.04398472968106,188.50772049309376,178.80315016006372,174.64350263348888,166.67638041989989,"rgba(38, 166, 154, 1.0)",0.0,0.0,3.4488740583362567,186.2467312245336,2.8830478026394095,0.0,0.0,0.0,0.0,0.0,0.0,0.0,0.0,74.35694930814674,15.990847097020875,True,False,True,False,True,16.029069544295965,0,0.9736544491852164,0.9414743227265726,False,False,False,False,0.15957584536647568,0.060508897612324655,False,False,False,False,784528.0,694617.7242558156,False,False,False,False,8504.996081992442,False,False,False,False
2025-10-23 16:00:00+00:00,196.145,196.82,195.79,196.31,13397.0,,195.77835598274723,187.28017341856437,186.76102469323868,185.8839152756659,186.85957192569103,187.70179487931222,188.4853602157351,189.757601138676,190.2281223411561,,,187.66701672860202,185.11151647461475,185.4521796324623,185.57817353341528,185.96754336827962,186.36454432410275,188.18373033597229,188.62599897738934,178.8742920456185,174.69132252505554,166.72181312463138,"rgba(38, 166, 154, 1.0)",0.0,0.0,3.552447604395668,186.47695886516124,2.7679623262203,0.0,0.0,0.0,0.0,0.0,0.0,0.0,0.0,79.08465163420854,19.80167844699656,True,False,True,False,True,16.181787248007172,0,0.9752068265778666,0.9466933763463249,False,False,False,False,0.18302153288859294,0.1217652152504588,False,False,False,False,797925.0,696219.387445648,False,False,False,False,8580.841103977054,False,False,False,False
2025-10-23 17:00:00+00:00,196.305,196.865,195.54,196.37,3669.0,,195.82731039020007,187.45228366615464,186.91462370497058,185.95657569099524,186.914371759157,187.74645763119375,188.51868366196356,189.7813445537372,190.24796149637453,,,187.89029188919898,185.2109134265628,185.53692626095736,185.65886773200447,186.0376099302494,186.4259109312768,188.22095849020093,188.65756844665353,178.8936209755292,174.7043528227846,166.73421107503543,"rgba(38, 166, 154, 1.0)",0.0,0.0,3.751921235173989,186.5347721636352,2.6213844107814013,0.0,0.0,0.0,0.0,0.0,0.0,0.0,0.0,82.25743631758093,22.441706164825064,True,False,True,False,True,16.259400112274207,0,0.9725988186005369,0.94988159983346,False,False,False,False,0.17952665691543626,0.15064593608294752,False,False,False,False,801594.0,697853.1023689712,False,False,False,False,8504.688528721596,False,False,False,False
2025-10-23 18:00:00+00:00,196.37,197.275,196.2,197.095,7313.0,,196.00121609758352,187.79839252433652,187.2251029220437,186.10664481243649,187.02858728173936,187.84026318926615,188.58932783440574,189.8324803232093,190.29101577486688,,,188.33187487232672,185.4142832717643,185.71114685055173,185.82499983432004,186.18246883687155,186.55328966315716,188.29959484340495,188.72461215619973,178.9333422791403,174.73099738943347,166.75939164781414,"rgba(38, 166, 154, 1.0)",0.0,0.0,3.9566503179752073,186.6524562392121,2.639238477392613,0.0,0.0,0.0,0.0,0.0,0.0,0.0,0.0,84.6365885695675,24.634607939775137,True,False,True,False,True,17.19979859441703,0,0.9726578728707943,0.9476007478188625,False,False,False,False,0.1978180760137923,0.17423200604836991,False,False,False,False,808907.0,699574.8682237158,False,False,False,False,8486.212737578626,False,False,False,False
2025-10-23 19:00:00+00:00,197.09,197.2,195.27,195.93,23148.0,,196.04725050425992,188.6680470727878,188.0264635424358,186.5253527872339,187.34804430775637,188.10202391601172,188.786362018957,189.97340027053139,190.4090582572208,,,189.38401430716021,185.97575397301318,186.19529851160618,186.28737732835214,186.58705211478465,186.90981915927247,188.51906304072182,188.91153198944946,179.05289526408765,174.81217164778417,166.8369105701066,"rgba(38, 166, 154, 1.0)",0.0,0.0,4.096981648802593,186.95826804262163,2.1898394297178534,0.0,0.0,0.0,0.0,0.0,0.0,0.0,0.0,82.89748648669294,24.634607939775137,True,False,True,False,True,14.841428104520354,0,0.9699047717627584,0.9493582444881491,False,False,False,False,0.18063431468513688,0.17743316036675338,False,False,False,False,785759.0,700911.0563132706,False,False,False,False,8713.527268778957,False,False,False,False
2025-10-24 14:00:00+00:00,197.425,197.455,196.195,197.31,4365.0,,196.10516871707233,188.8285579671706,188.1759218137189,186.60708706830107,187.41139719128222,188.15459206103714,188.82655097039506,190.00285374242927,190.43402376764112,,,189.57256443982337,186.08344914897242,186.28900768570193,186.37711525319085,186.66617792229832,186.9800432792961,188.5635615560698,188.94976789733744,179.07637027215364,174.82801952758885,166.85190686618915,"rgba(38, 166, 154, 1.0)",0.0,0.0,4.275451767920487,187.0167111701798,2.4075324406774197,0.0,0.0,0.0,0.0,0.0,0.0,0.0,0.0,82.62618602838589,24.634607939775137,True,False,True,False,True,16.64561950210803,0,0.9743854043189205,0.9430758130186063,False,False,False,False,0.20082182110204116,0.18912749073439727,False,False,False,False,790124.0,702294.2027270184,False,False,False,False,8646.108241356027,False,False,False,False
2025-10-24 15:00:00+00:00,197.295,198.78,197.295,198.3,14010.0,,196.43883420391708,189.3707182006133,188.6815007115299,186.88885352678167,187.632744460453,188.34040645766908,188.9705510664584,190.1108791550967,190.52658925427124,,,190.20314756631973,186.44995865685846,186.6099488040516,186.68507790071,186.93933754801142,187.2238731453373,188.7221596453965,189.08712211162936,179.15606524930334,174.88133777593944,166.90175307748385,"rgba(38, 166, 154, 1.0)",0.0,0.0,4.46733851878678,188.21901474315763,2.256597572458004,0.0,0.0,0.0,0.0,0.0,0.0,0.0,0.0,83.01026101853853,24.634607939775137,True,False,True,False,True,17.899214371063678,0,0.9827209941205174,0.9341703252971844,False,False,False,False,0.24284111221888385,0.21598430147664055,False,False,False,False,804134.0,703873.114312646,False,False,False,False,8729.269353893143,False,False,False,False
2025-10-24 16:00:00+00:00,198.27,198.405,197.53,198.095,8389.0,,196.5802590184339,189.66222824214293,188.95696933909682,187.04940769505683,187.7595544391001,188.44712186152654,189.053604499571,190.1732901285031,190.58013446505112,,,190.53324179405894,186.65687289703277,186.79208856126752,186.86009544117562,187.09513733782705,187.36334727537945,188.81350138665337,189.16639529723992,179.2031797554479,174.91298998745935,166.93141468040506,"rgba(38, 166, 154, 1.0)",0.0,0.0,4.640807957186994,188.32633320212383,2.104949588087976,0.0,0.0,0.0,0.0,0.0,0.0,0.0,0.0,82.66418197615741,24.634607939775137,True,False,True,False,True,17.47943460643364,0,0.9831473703197888,0.9407838791970531,False,False,False,False,0.24039361109159413,0.22818895628411734,False,False,False,False,795745.0,705297.4846333801,False,False,False,False,8723.993860034334,False,False,False,False
2025-10-24 17:00:00+00:00,197.97,197.97,197.37,197.875,7552.0,,196.6670657402813,189.90031430828105,189.18436378318324,187.1865432143859,187.8681341353889,188.53852257253817,189.12484817724342,190.22671793308368,190.6259474037024,,,190.7974395620403,186.8325995639408,186.9472961414353,187.00935986581447,187.2282899085396,187.4827299056796,188.89182240930865,189.234408396599,179.2447827631814,174.94107586104303,166.95783551338022,"rgba(38, 166, 154, 1.0)",0.0,0.0,4.825144188667949,188.41352272273213,1.9608693351565631,0.0,0.0,0.0,0.0,0.0,0.0,0.0,0.0,81.74022241982865,24.634607939775137,True,False,True,False,True,17.024075876202932,0,0.9777863577863587,0.9408236808236818,False,False,False,False,0.23002281040949482,0.2291058833468061,False,False,False,False,788193.0,706582.6864220097,False,False,False,False,8705.82341259194,False,False,False,False
2025-10-24 18:00:00+00:00,197.875,198.37,197.68,198.175,5266.0,,196.73700029555292,190.06497307828144,189.3420514206612,187.28308895758727,187.9449940322639,188.60349292023417,189.1757533813315,190.26517851902722,190.65904301947094,,,190.97887811817958,186.95555357794345,187.05623915964225,187.11423140489427,187.32209409359274,187.56704218216632,188.94767466360835,189.2830510853241,179.27420824299844,174.96090785271906,166.9764331386553,"rgba(38, 166, 154, 1.0)",0.0,0.0,5.0044640135640615,188.47834703661383,1.937600697518146,0.0,0.0,0.0,0.0,0.0,0.0,0.0,0.0,81.37535055067819,24.645772785732362,True,False,True,False,True,17.418590666872664,0,0.980213681862975,0.9457237695140304,False,False,False,False,0.2424038499112695,0.2357548666290378,False,False,False,False,793459.0,707929.6060123661,False,False,False,False,8652.49281704788,False,False,False,False
2025-10-24 19:00:00+00:00,198.215,198.215,196.06,196.16,9725.0,,196.74327404866617,190.30693764244253,189.57895663271682,187.4366035812463,188.06660673360216,188.70548171728132,189.255124707004,190.3238930687219,190.70911441400506,,,191.23560993787325,187.15067903911168,187.2294866391409,187.28103731518843,187.47126985538173,187.70096736183527,189.03502181470978,189.35878134361883,179.32467345703478,174.9954464970735,167.0093271312849,"rgba(38, 166, 154, 1.0)",0.0,0.0,5.121004507140841,188.56313410415228,1.4834718237905231,0.0,0.0,0.0,0.0,0.0,0.0,0.0,0.0,75.20122932890732,24.645772785732362,True,False,True,False,False,13.300404068402418,0,0.9670074947845578,0.9451927782213417,False,False,False,False,0.21157913513241763,0.22366700088072772,False,False,False,False,783734.0,709104.8679346549,False,False,False,False,8669.120835388223,False,False,False,False
2025-10-27 14:00:00+00:00,195.85,196.34,195.125,195.92,8379.0,,196.67925867440115,190.4714375708751,189.74429918711058,187.5510389266973,188.15686935128656,188.78057491359678,189.31317474988663,190.36584693742452,190.74452751245545,,,191.40219940404816,187.29565510086303,187.35857340832328,187.40537412505756,187.58250178755884,187.80074961121358,189.09910102552794,189.41408323386412,179.36540724927715,175.0237346309535,167.03664543716783,"rgba(38, 166, 154, 1.0)",0.0,0.0,5.2223576248813925,188.61731036933867,1.3983511194002487,0.0,0.0,0.0,0.0,0.0,0.0,0.0,0.0,70.48355983079155,27.253339512421093,True,False,True,False,False,12.824769061326009,0,0.9626913841625581,0.9586119645761803,False,False,False,False,0.16355545012318423,0.19361122550195597,False,False,False,False,775355.0,710132.0017651253,False,False,False,False,8664.622837940342,False,False,False,False
2025-10-27 15:00:00+00:00,195.72,195.79,194.615,195.71,3547.0,,196.64292956154162,190.53283583785492,189.8069579821381,187.59610378976924,188.19236457655717,188.8099965790131,189.3358544753896,190.38204389790613,190.7581263148301,,,191.46266051736583,187.35258742553611,187.40937012949493,187.45432006060412,187.62631665836727,187.84005438415207,189.12417059350693,189.435674172706,179.38214731048086,175.03544281655275,167.04802421136776,"rgba(38, 166, 154, 1.0)",0.0,0.0,5.320204614875147,188.6375830139971,1.3293505603578897,0.0,0.0,0.0,0.0,0.0,0.0,0.0,0.0,66.77907307209462,23.739192238018262,True,False,True,False,False,12.404404191490798,0,0.9535843218153696,0.9634089736977833,False,False,False,False,0.14564363524667098,0.1696274303743135,False,False,False,False,771808.0,711088.2187920227,False,False,False,False,8585.279848204833,False,False,False,False
2025-10-27 16:00:00+00:00,195.66,197.26,195.48,195.95,5481.0,,196.62593143219075,190.6410462026991,189.91560237134146,187.67230325924714,188.25300798084197,188.86082741313646,189.37550485484434,190.4111373354004,190.7828637661603,,,191.57228694415434,187.44824991365746,187.49493592489156,187.53685463925785,187.70045707314085,187.9068248568211,189.1677861195444,189.47351155180567,179.40933104170216,175.0542709082941,167.06612159652798,"rgba(38, 166, 154, 1.0)",0.0,0.0,5.42431635830264,188.67946088259953,1.340360450450485,0.0,0.0,0.0,0.0,0.0,0.0,0.0,0.0,64.77172742658928,21.775993660374738,True,False,True,False,False,12.75186164864936,0,0.953091796311358,0.9718760657974141,False,False,False,False,0.1852400837194692,0.17743375704689135,False,False,False,False,777289.0,712114.5874929215,False,False,False,False,8537.151478465223,False,False,False,False
2025-10-27 17:00:00+00:00,196.01,196.11,194.47,194.5,6865.0,,196.54751762336355,190.74295486752825,190.0216384860326,187.75271075344514,188.3164204212026,188.91328225423027,189.41592223211944,190.43971951931255,190.80675852360727,,,191.6689940243648,187.54917335275792,187.58534898699438,187.6240555136283,187.77868617581672,187.97709466932733,189.21248490081814,189.51197750106198,179.44082849299954,175.07646870692693,167.08782312394092,"rgba(38, 166, 154, 1.0)",0.0,0.0,5.4976531233663275,188.7150597041713,1.052256329385595,0.0,0.0,0.0,0.0,0.0,0.0,0.0,0.0,59.61951453152759,16.887085528899362,False,False,True,False,False,9.848295874871592,0,0.939488361132205,0.9775601581524452,False,False,False,False,0.15691997553358467,0.167176866290238,False,False,False,False,770424.0,713018.609392256,False,False,False,False,8511.22664934173,False,False,False,False
2025-10-27 18:00:00+00:00,194.47,196.15,194.445,195.89,3232.0,,196.52376993961394,190.79437889928332,190.07458118972588,187.79235881144407,188.34792042350887,188.93953818869733,189.43632264801295,190.45441506245214,190.8191532942926,,,191.7187652109748,187.59868063347022,187.62979952275884,187.6669630519203,187.81728303082082,188.01186532036644,189.23496966240714,189.53142546371774,179.45605761995685,175.0871471483328,167.0981994805642,"rgba(38, 166, 154, 1.0)",0.0,0.0,5.592093739144763,188.73507182570978,1.279472145505282,0.0,0.0,0.0,0.0,0.0,0.0,0.0,0.0,59.0367722398486,16.240429675188636,False,False,True,False,False,11.890917467552217,0,0.9417996337954497,0.9762490190949525,False,False,False,False,0.2022303847145189,0.18470362550237845,False,False,False,False,773656.0,713958.7239753217,False,False,False,False,8429.378174158137,False,False,False,False
2025-10-27 19:00:00+00:00,195.98,196.63,195.85,196.1,11089.0,,196.50002785085164,190.98765747660792,190.27112382756607,187.93741588149842,188.46428455857637,189.03748056876006,189.51323659615994,190.5110887330424,190.86746363406434,,,191.9099445170091,187.7785649029826,187.79179376776986,187.82350981125873,187.9586058521103,188.13966528289006,189.31937745013855,189.60490331446834,179.51035535535834,175.1249509601068,167.13461732748578,"rgba(38, 166, 154, 1.0)",0.0,0.0,5.69163735763317,188.81773618717384,1.2794672877497664,0.0,0.0,0.0,0.0,0.0,0.0,0.0,0.0,59.039956852237005,15.914881771701971,False,False,True,False,False,12.194473187275477,0,0.9593461639862916,0.9669918270498296,False,False,False,False,0.23840646118517095,0.2115550433437747,False,False,False,False,784745.0,715056.1856191152,False,False,False,False,8470.612621070413,False,False,False,False
2025-10-28 14:00:00+00:00,193.89,194.28,192.525,192.79,10011.0,,196.29890664962934,191.05686769908834,190.35361699222767,188.01816507213718,188.52683702349606,189.08758901200517,189.5507204570494,190.53483464573415,190.8862274291302,,193.19833333333332,191.9577948618068,187.87907302916352,187.88257516494446,187.91114722809925,188.0372201398589,188.21001122603386,189.36139639420307,189.64033151270613,179.55032692860243,175.1541284987985,167.1640361199818,"rgba(38, 166, 154, 1.0)",0.0,0.0,5.729316166763136,188.83828042872125,0.6897366904279831,0.0,0.0,0.0,0.0,-1.0,195.85,193.315,848.0,52.52897549750337,9.56961274550305,False,True,False,False,False,5.933290508191682,0,0.951355017084432,0.96416181955711,False,False,False,False,0.13095123947286258,0.17125314140831865,False,False,False,False,774734.0,715981.423051377,False,False,False,False,8494.494595937538,False,False,False,False
2025-10-28 15:00:00+00:00,192.75,193.315,192.28,192.82,5581.0,,196.18415379832007,191.08685514747847,190.3915345025415,188.05877753640488,188.55812058507792,189.11238022147768,189.56907016186122,190.54596322006068,190.89480009830575,,193.05754361210876,191.97498031846658,187.9294783169634,187.92822557738668,187.95523122398015,188.07676828298594,188.24535948595312,189.38206747542242,189.65763055894556,179.57187007248004,175.17000004511272,167.18016054445687,"rgba(38, 166, 154, 1.0)",0.0,0.0,5.768371343364577,188.84723654667516,0.688714927809692,0.0,0.0,0.0,0.0,0.0,0.0,0.0,0.0,48.256129595093384,5.548481833676298,False,True,False,True,False,5.979127388119004,0,0.9442013129102853,0.9713191622382004,False,False,False,False,0.12985967258475636,0.1505564069965375,False,False,False,False,780315.0,716978.84284903,False,False,False,False,8449.324137085794,False,False,False,False
2025-10-28 16:00:00+00:00,192.87,194.08,192.87,194.02,6430.0,,196.09200075415635,191.1366593474935,190.44870303304253,188.1129663430392,188.60071578514734,189.14702977648764,189.59545345282646,190.56343325134813,190.9089438438434,,193.23247600883963,192.0133849384918,187.9962109828737,187.9887854982775,188.01379501417495,188.12958901541643,188.29289875645856,189.41142714667873,189.68265830066227,179.59819560127124,175.1891320709691,167.19932934596784,"rgba(38, 166, 154, 1.0)",0.0,0.0,5.823738657851128,188.86755928843965,0.8847307570394192,0.0,0.0,0.0,0.0,0.0,0.0,0.0,0.0,48.04896827976493,5.23144015431064,False,True,False,True,False,7.799469023620009,0,0.9582861208464001,0.9640043215895026,False,False,False,False,0.15636735890530468,0.15346188295092109,False,False,False,False,786745.0,718060.4886963319,False,False,False,False,8418.016786123224,False,False,False,False
2025-10-28 17:00:00+00:00,194.02,194.21,192.71,193.0,5017.0,,196.01495499146324,191.16898452763414,190.4872201045324,188.15190019892682,188.6311928452392,189.17163030421634,189.61404982895954,190.57540154013967,190.91848633982517,,193.24624184819456,192.0360258754453,188.04405541747926,188.032291879675,188.05587762379065,188.16754672605828,188.32703226349244,189.43219071003884,189.70026885787465,179.61815814051326,175.20374993882123,167.2140689132283,"rgba(38, 166, 154, 1.0)",0.0,0.0,5.8551208687252645,188.8808575124336,0.7035110939500013,0.0,0.0,0.0,0.0,0.0,0.0,0.0,0.0,46.138019727645116,3.153964149437172,False,True,False,True,False,5.9477708404546235,0,0.9528403282040537,0.960652213804494,False,False,False,False,0.15577824225373055,0.1546200626023258,False,False,False,False,781728.0,719047.5818948384,False,False,False,False,8365.287843702708,False,False,False,False
2025-10-28 18:00:00+00:00,193.0,193.0,192.24,192.61,2684.0,,195.96539965880135,191.18043027334127,190.502463499091,188.16973422805347,188.6449535906068,189.18249579413907,189.62207747249337,190.58015483380083,190.9220942983758,,193.18939093182607,192.0414135166966,188.06598922869063,188.05226915269174,188.07519491948472,188.18492984509442,188.3425989612628,189.44124610469785,189.70783094212902,179.62827674199647,175.2112628360263,167.22173912829066,"rgba(38, 166, 154, 1.0)",0.0,0.0,5.860792673842036,188.88513931311175,0.6355557847171609,0.0,0.0,0.0,0.0,0.0,0.0,0.0,0.0,44.21766016747276,1.038425198648028,False,True,False,True,False,5.247585550201368,0,0.956486237323852,0.9666008165415523,False,False,False,False,0.12294622815971841,0.1387831453810221,False,False,False,False,779044.0,719977.7589197245,False,False,False,False,8277.205861629798,False,False,False,False
2025-10-28 19:00:00+00:00,192.5,193.055,191.97,192.22,9793.0,,195.78603899922618,191.2150456331426,190.55114460143443,188.23071670321562,188.6918570581634,189.21927129947605,189.64905886378182,190.59561284428295,190.9335782064293,,192.9974785319027,192.05364716077875,188.14079555973197,188.12054968761123,188.1412413841154,188.24438465167037,188.39581559379903,189.47178300381515,189.73320289576287,179.66449167703007,175.2383029689392,167.24946395488428,"rgba(239, 83, 80, 1.0)",0.0,0.0,5.843827495125736,188.89875173123627,0.5683344129397961,0.0,0.0,0.0,0.0,0.0,0.0,0.0,0.0,42.27756992194787,-1.1054014335661222,False,True,False,True,False,4.5454878296329895,0,0.9578900359891779,0.9579425749336703,False,False,False,False,0.11876493262085705,0.1287740390009396,False,False,False,False,769251.0,720741.6851380233,False,False,False,False,8300.706545945615,False,False,False,False
2025-10-29 14:00:00+00:00,191.8,194.335,191.775,194.335,3229.0,,195.7482834886856,191.23580852482272,190.5755349638844,188.25547029235605,188.71142525927436,189.2352007020696,189.66122831342543,190.6036076178139,190.9400247065058,,193.03405458728116,192.06890127606277,188.17091563854288,188.14807363123964,188.1679058961422,188.2685442447239,188.41763513136465,189.48531419363067,189.7447508256729,179.67738291462595,175.24775267317062,167.2589790677986,"rgba(239, 83, 80, 1.0)",0.0,0.0,5.862246811989363,189.59902118373972,0.8078777588439889,0.0,0.0,0.0,0.0,1.0,193.09,193.055,876.0,45.7120239573769,-1.1054014335661222,False,True,False,True,True,7.79906129285941,0,0.9563110590074259,0.9545916373583438,False,False,False,False,0.13991120502303236,0.134342622011986,False,False,False,False,772480.0,721543.8295544881,False,False,False,False,8222.075436706149,False,False,False,False
2025-10-29 15:00:00+00:00,194.375,194.375,193.09,193.565,3703.0,,195.71007689102277,191.26118309409713,190.60485426507012,188.284620360784,188.73457940321865,189.25415468315438,189.6757968739692,190.6133391414133,190.94794160247497,,193.08528591112642,192.08835816554307,188.20629471813123,188.18043345852146,188.19926890667588,188.29700355700953,188.44338303313808,189.50147141482506,189.7585931515436,179.69234535442732,175.25869326480193,167.26996353601888,"rgba(239, 83, 80, 1.0)",0.0,0.0,5.854074772450059,189.6161232761882,0.6745518083225817,0.0,0.0,0.0,0.0,0.0,0.0,0.0,0.0,46.4912720113158,-1.1054014335661222,False,True,False,True,True,6.402551136278493,0,0.9593326381647559,0.9604535974973939,False,False,False,False,0.16649768902087986,0.15042015551643292,False,False,False,False,768777.0,722276.1267706975,False,False,False,False,8152.012251640937,False,False,False,False
2025-10-29 16:00:00+00:00,193.65,194.79,193.505,194.63,6617.0,,195.66535470277097,191.31675608658108,190.66638256249055,188.34194788268778,188.7806410690326,189.29240480882473,189.70563718928807,190.63413038653363,190.96522364246223,,193.23779518829107,192.13534916912994,188.27556611607113,188.24386304323457,188.26079367386524,188.35300395280106,188.49424871137515,189.5343565936115,189.78703614702562,179.7202067934818,175.27888040458794,167.29003826078255,"rgba(239, 83, 80, 1.0)",0.0,0.0,5.846501816940647,189.66106529731184,0.849898769943135,0.0,0.0,0.0,0.0,0.0,0.0,0.0,0.0,49.05821468157296,-7.152893042484514,False,True,False,False,True,7.997484705508306,0,0.9821456953642395,0.9559205298013255,False,False,False,False,0.18289672072659197,0.16665843812151243,False,False,False,False,775394.0,723099.6596889814,False,False,False,False,8128.213612080613,False,False,False,False
2025-10-29 17:00:00+00:00,194.455,195.615,194.2,195.24,7799.0,,195.64190597341363,191.39464901961315,190.74996304559463,188.41600618039885,188.84081160992358,189.34302797414463,189.74566783247187,190.66301485909918,190.98964370067995,,193.46595004162288,192.20552452172223,188.36459329567072,188.32551508042485,188.34006514447304,188.42539376063868,188.56026346825266,189.57822219806303,189.82529990665137,179.75450068332879,175.30350441659814,167.31428147356337,"rgba(239, 83, 80, 1.0)",0.0,0.0,5.842480816407093,189.72038968378916,0.9447374308376759,0.0,0.0,0.0,0.0,0.0,0.0,0.0,0.0,51.85047095744184,-4.30401883244361,False,True,True,False,True,8.8957776455333,0,0.9868326740821375,0.9445432583822249,False,False,False,False,0.21318957134010222,0.18992400473080734,False,False,False,False,783193.0,724031.3393837259,False,False,False,False,8123.109525071611,False,False,False,False
2025-10-29 18:00:00+00:00,195.23,196.115,194.52,195.98,11880.0,,195.636487381722,191.52334731594075,190.88606464002658,188.5343525096171,188.9377992888644,189.42535337734455,189.81139989302056,190.71145635462284,191.03101074574096,,193.80439600975112,192.32468129074724,188.50602918145765,188.45555387104218,188.46643452882333,188.5411531915846,188.666186737913,189.64996869974763,189.8882520416448,179.80821474786464,175.34188188230854,167.35182074781463,"rgba(239, 83, 80, 1.0)",0.0,0.0,5.844310907367676,189.809113247986,1.0558792729925794,0.0,0.0,0.0,0.0,0.0,0.0,0.0,0.0,54.96201156508812,-1.2212172160964485,False,True,True,False,True,9.974931844691955,0,0.9891765704584053,0.9393834889643472,False,False,False,False,0.22968980943203776,0.20980690708142255,False,False,False,False,795073.0,725132.7604785518,False,False,False,False,8181.355889023988,False,False,False,False
2025-10-29 19:00:00+00:00,196.225,197.39,195.165,195.645,19249.0,,195.67010335177764,191.7410319196777,191.11414786775387,188.73182887231488,189.1012332519877,189.56533316361268,189.92433367817853,190.79630534403717,191.10413529325234,,194.27776298196602,192.5295829113709,188.7400785580422,188.67157838058884,188.67664356185736,188.73449753478928,188.84383273516022,189.77272972072203,189.99662651356303,179.89737234333205,175.40537489843746,167.41356973115398,"rgba(239, 83, 80, 1.0)",0.0,0.0,5.833496122309831,189.95005158605255,0.9762496270748332,0.0,0.0,0.0,0.0,0.0,0.0,0.0,0.0,56.16054400882375,0.08639818008156652,False,True,True,False,True,9.3389139713668,0,0.9948939306206254,0.9270937516449975,False,False,False,False,0.2688277907508298,0.23931734891612616,False,False,False,False,775824.0,725918.6711688068,False,False,False,False,8352.947270589508,False,False,False,False
2025-10-30 14:00:00+00:00,196.56,199.795,196.41,199.28,4649.0,,195.722430843321,191.81829429515147,191.191804299513,188.79325988920792,189.15295996411916,189.61055964574757,189.9615432279196,190.82565343656336,191.12996582128892,,194.48063476542288,192.60744563859393,188.81247034266033,188.73845927998963,188.7417948862512,188.7946886486487,188.89946364592572,189.81284665342955,190.03247750367805,179.92197110610888,175.42244684165527,167.4297040334833,"rgba(38, 166, 154, 1.0)",0.0,0.0,5.92634734899126,190.00497121226095,1.5650498091911158,0.0,0.0,0.0,0.0,1.0,199.235,197.39,860.0,61.710563953423396,5.394195052934066,False,False,True,False,True,14.363990072977938,0,0.9979035096800921,0.9125168236877533,False,False,False,False,0.3428282501298008,0.2910727995229635,False,False,False,False,780473.0,726764.4747165772,False,False,False,False,8295.5217315106,False,False,False,False
2025-10-30 15:00:00+00:00,199.33,200.035,199.235,199.785,13197.0,,195.92038455229465,192.0657166014449,191.4381112861792,188.98438649678621,189.31505408527926,189.75334862510132,190.07991730510523,190.92049654333428,191.21400621254404,,195.1059318639099,192.8603098722718,189.0367851700961,188.9460072735388,188.94411551707637,188.9820497293605,189.0731017657804,189.9400774488243,190.14670008880088,179.99589712425353,175.4732636847851,167.4771638891737,"rgba(38, 166, 154, 1.0)",0.0,0.0,6.012779425058701,190.17817428500516,1.597734597573576,0.0,0.0,0.0,0.0,0.0,0.0,0.0,0.0,65.87289481268326,9.237924816369336,True,False,True,False,True,15.01477837315284,0,1.007754551584627,0.9169044037553824,False,False,False,False,0.34282825047886656,0.31695052500091503,False,False,False,False,793670.0,727801.7696822117,False,False,False,False,8371.51364264997,False,True,False,False
2025-10-30 16:00:00+00:00,199.88,200.59,199.0,199.31,7952.0,,196.028883840147,192.20646797849435,191.57885983042954,189.09580664289513,189.40986409952723,189.8370124883351,190.1494872358423,190.97634000327238,191.2635491475397,,195.41157403083992,193.00304721773165,189.16690013279597,189.0667270225519,189.06188460012632,189.09133538660313,189.17455952191096,190.01477246093123,190.21386442612544,180.04005945366325,175.50371617191638,167.50564821673842,"rgba(38, 166, 154, 1.0)",0.0,0.0,6.08873532187224,191.13661260216153,1.3423785015711955,0.0,0.0,0.0,0.0,0.0,0.0,0.0,0.0,67.38114076973298,10.656840276238903,True,False,True,False,True,14.096977956155644,0,1.0115982732615605,0.9139751391272698,False,False,False,False,0.34282825051205984,0.32988938775648746,False,False,False,False,785718.0,728699.6957336502,False,False,False,False,8365.009555167024,False,False,False,False
2025-10-30 17:00:00+00:00,199.18,199.76,198.85,199.185,8544.0,,196.12739623898614,192.34476075657165,191.71812270132065,189.20885736938033,189.50620879954934,189.92201895757776,190.22025639068528,191.03302934595973,191.3138205235113,,195.67218012954973,193.14169901746862,189.2983908579388,189.18901441098802,189.1812537615769,189.20226869482508,189.2776566717849,190.09073128787503,190.28219631094126,180.08640083087914,175.53585215550385,167.53584669190542,"rgba(38, 166, 154, 1.0)",0.0,0.0,6.16650573956036,191.2145080906493,1.2925459321665942,0.0,0.0,0.0,0.0,0.0,0.0,0.0,0.0,68.03616416155626,11.458161830424324,True,False,True,False,True,13.85370138514697,0,1.0084655535069738,0.9130852527980483,False,False,False,False,0.32381958760452473,0.32685448768050607,False,False,False,False,777174.0,729451.2353346789,False,False,False,False,8367.78460082335,False,False,False,False
2025-10-30 18:00:00+00:00,199.19,199.33,196.6,196.71,11070.0,,196.18125027850235,192.4735403845007,191.85181182707692,189.3272471943741,189.60677823048854,190.01006201080594,190.2932179041872,191.0902424532157,191.36414784979374,,195.82319767597005,193.26454504077824,189.43523907263526,189.31687313290172,189.30616439452496,189.3185134321121,189.38569179123917,190.16922198321092,190.35256561325522,180.14076176595972,175.5743542045147,167.57277359778172,"rgba(38, 166, 154, 1.0)",0.0,0.0,6.1999111029658724,191.25156923774514,0.8804046818741798,0.0,0.0,0.0,0.0,-1.0,198.85,196.71,0.0,62.70239571485994,11.458161830424324,False,False,True,False,False,9.20821807528585,0,0.9958868894601554,0.9178149100257078,False,False,False,False,0.2729286317756895,0.2998915597280978,False,False,False,False,766104.0,730019.4952519707,False,False,False,False,8409.679413213686,False,False,False,False
2025-10-30 19:00:00+00:00,196.71,196.71,195.5,195.655,8523.0,,196.17482811677803,192.53865688062388,191.92301507007363,189.39891953108585,189.66732903070334,190.06244901089062,190.3362986698973,191.12292011210346,191.3925116286094,,195.8308956585896,193.32109895914263,189.51747091736993,189.39415026926076,189.38173244262973,189.38893863330853,189.45111460028832,190.21573953432946,190.39403942698715,180.17857897048884,175.6017652775783,167.59963601881225,"rgba(38, 166, 154, 1.0)",0.0,0.0,6.220007483121296,191.25338619554506,0.7076541011243513,0.0,0.0,0.0,0.0,-1.0,196.6,196.13,869.0,57.29214423221811,14.430653102389087,False,True,True,False,False,7.335831846015271,0,0.9906731237348514,0.9300740512978204,False,False,False,False,0.20445415990927365,0.2521728598186857,False,False,False,False,757581.0,730446.8054031029,False,False,False,False,8411.436321535954,False,False,False,False
2025-10-31 14:00:00+00:00,195.97,196.13,194.74,195.095,3936.0,,196.16378911103953,192.5624895039877,191.9500348054008,189.42835070525024,189.6921262702907,190.08376454310562,190.3537555520959,191.13590466103696,191.40369042851762,,195.8175213638143,193.3403324149229,189.55108263705284,189.42584683985817,189.41274683726223,189.4178709890716,189.4779902092491,190.23462739490344,190.41082806465073,180.19528367658367,175.6140059640417,167.61174748029165,"rgba(38, 166, 154, 1.0)",0.0,0.0,6.225485087651516,191.25175816774188,0.6173401394666145,0.0,0.0,0.0,0.0,-1.0,195.5,195.26,869.0,52.75568322719899,10.307981434441977,False,True,False,False,False,6.35602565940761,0,0.9871765397093022,0.9339923876669997,False,False,False,False,0.18027571200298947,0.2162242859108376,False,False,False,False,753645.0,730806.4673348377,False,False,False,False,8342.049711899737,False,False,False,False
2025-10-31 15:00:00+00:00,195.065,195.26,193.805,194.2,6046.0,,196.12983882578445,192.5866282842816,191.97985426660705,189.46617615489902,189.72377365131086,190.1106039202524,190.37551882760408,191.15143919477225,191.4168224333481,,195.76339181792918,193.35606899603403,189.59402606082963,189.46654798480014,189.45260061510044,189.45507594400172,189.51251245953185,190.25828481887453,190.43170943052328,180.21934927518237,175.63192171320418,167.6297274400508,"rgba(239, 83, 80, 1.0)",0.0,0.0,6.218333488835511,191.23956305395097,0.47608204856883723,0.0,0.0,0.0,0.0,-1.0,194.74,194.615,867.0,48.31324325868117,6.272518710212303,False,True,False,True,False,4.8072007996652495,0,0.9806094888651086,0.9412933802170931,False,False,False,False,0.1480283440068878,0.1821263149588627,False,False,False,False,747599.0,731066.8166784836,False,False,False,False,8306.452041947803,False,False,False,False
2025-10-31 16:00:00+00:00,194.25,194.615,193.52,194.175,3708.0,,196.1059043314477,192.5986101032654,191.9954510108813,189.4876201376756,189.74167320656227,190.12569739726175,190.38771029648868,191.15997367418368,191.42397262995956,,195.72482789117353,193.36267954091983,189.61827847456206,189.48960079402755,189.47518479302875,189.4761761671754,189.53208985855272,190.2715627831737,190.44339551459447,180.23373850434808,175.64270666514452,167.64061170992147,"rgba(239, 83, 80, 1.0)",0.0,0.0,6.184845324232411,191.23199331517276,0.47584159838184864,0.0,0.0,0.0,0.0,0.0,0.0,0.0,0.0,45.3115153667845,3.5130580257884674,False,True,False,True,False,4.763918536124763,0,0.9886354890844269,0.940150329647778,False,False,False,False,0.1315359922638513,0.156831153611357,False,False,False,False,743891.0,731265.641226104,False,False,False,False,8235.158211840086,False,False,False,False
2025-10-31 17:00:00+00:00,194.11,195.1,194.075,194.44,9970.0,,196.05765604065175,192.63895499325812,192.04469740616275,189.54964917975175,189.79381183980908,190.17009719166523,190.42389026882356,191.18603368077694,191.4461013795053,,195.6550744254704,193.38999375864645,189.68841352745966,189.5562013002765,189.5404415054843,189.53721683613105,189.58884179229952,190.31081557456596,190.47814214819343,180.27348930524764,175.67232451953436,167.67031313593458,"rgba(239, 83, 80, 1.0)",0.0,0.0,6.163571911781881,191.22998520085972,0.5208043071590075,0.0,0.0,0.0,0.0,0.0,0.0,0.0,0.0,44.020623161246654,2.1782443472268653,False,True,False,True,False,5.1735259312497845,0,0.9919636166309218,0.9404377374092363,False,False,False,False,0.14998417839317302,0.15340766600226502,False,False,False,False,753861.0,731615.9568660094,False,False,False,False,8262.054983749542,False,False,False,False
2025-10-31 18:00:00+00:00,194.62,195.15,194.43,195.0,5830.0,,196.03648153764038,192.66564380815362,192.0762224793843,189.58751359303304,189.8258099038119,190.1975301280573,190.4463871631739,191.2025313521033,191.4602271213186,,195.62865020503406,193.40969716929874,189.73116560815723,189.59680058550794,189.58023322050929,189.5744855427625,189.6235537210465,190.33515712051982,190.4997766825767,180.29715340532059,175.68989526453572,167.68785836620924,"rgba(239, 83, 80, 1.0)",0.0,0.0,6.140559748672907,191.23627830634453,0.6129281120453036,0.0,0.0,0.0,0.0,0.0,0.0,0.0,0.0,44.66377894823516,2.1782443472268653,False,True,False,True,False,6.04072002356547,0,0.9891428571428581,0.9407532467532478,False,False,False,False,0.157195150453079,0.15530140822767202,False,False,False,False,759691.0,732051.2288525829,False,False,False,False,8224.34870493172,False,False,False,False
2025-10-31 19:00:00+00:00,194.98,196.33,194.72,194.94,15757.0,,196.00426232022895,192.74945244511872,192.17180424511443,189.6960869188724,189.9181924047739,190.27740821330246,190.51241913736035,191.2520235983487,191.50302490313487,,195.60403489821718,193.476831120548,189.85352561879844,189.71300965214135,189.6941741129352,189.6813794444026,189.72334249838346,190.40636134593424,190.56338361476395,180.36278072690104,175.7383842442676,167.73598381157063,"rgba(239, 83, 80, 1.0)",0.0,0.0,6.097456856519115,191.2741043380739,0.6012171546579614,0.0,0.0,0.0,0.0,0.0,0.0,0.0,0.0,44.9516354433938,2.1782443472268653,False,True,False,True,False,5.930832760948103,0,0.9882751837664365,0.9331970183248792,False,False,False,False,0.18351086755121468,0.16940613788944336,False,False,False,False,743934.0,732235.4578626204,False,False,False,False,8341.133996328126,False,False,False,False
2025-11-03 15:00:00+00:00,195.86,195.875,193.46,194.99,4347.0,,195.98898859816606,192.7668786395053,192.19273113833282,189.72244116817342,189.94057740006255,190.29663632784363,190.52826021821977,191.26363928620736,191.5129775554769,,195.58560313758383,193.48923196377336,189.88302022772734,189.74115837002591,189.7217997309946,189.7073446613233,189.7475960784098,190.42347495188523,190.57862860892394,180.38011747681375,175.75134139155435,167.74896461340265,"rgba(239, 83, 80, 1.0)",0.0,0.0,6.065416106875473,191.28049725103662,0.6115825664060325,0.0,0.0,0.0,0.0,0.0,0.0,0.0,0.0,45.29880990309331,2.1318228688938277,False,True,False,True,False,6.010379155563406,0,0.9775119371566472,0.9399548185038773,False,False,False,False,0.1528310670675597,0.16111860247850152,False,False,False,False,748281.0,732484.2259577735,False,False,False,False,8279.20943824552,False,False,False,False
2025-11-03 16:00:00+00:00,195.01,195.97,194.91,194.91,6107.0,,195.976539055089,192.79669155663842,192.22702232113193,189.76254107769816,189.97482088209492,190.3262888735079,190.55285345058542,191.28208065785404,191.52893589353226,,195.57584213249748,193.5127254348379,189.92794149641077,189.78396451514234,189.76380861350938,189.74685091823068,189.7845503235249,190.4499650019987,190.60233121157722,180.40522700574127,175.76998132925658,167.7675091359476,"rgba(239, 83, 80, 1.0)",0.0,0.0,6.033737769282267,191.29570265934072,0.599014653745751,0.0,0.0,0.0,0.0,0.0,0.0,0.0,0.0,45.29785678233388,1.4973689550852356,False,True,False,True,False,5.858340153811206,0,0.9853536129461778,0.9379320940236605,False,False,False,False,0.180455344355262,0.17078697341688176,False,False,False,False,742174.0,732634.4550126917,False,False,False,False,8245.531772536287,False,False,False,False
2025-11-03 17:00:00+00:00,194.73,195.33,194.14,194.92,7574.0,,195.95195736610023,192.82588045339568,192.26212623288387,189.80732318012312,190.01298899220393,190.35914618824665,190.58001496831002,191.30206370303205,191.5460901919334,,195.54763280959963,193.5334715401365,189.97783950274822,189.83169655298437,189.8106855442515,189.7909941722952,189.82585370117314,190.47927186076444,190.62848639009124,180.43527639501016,175.79249721952485,167.79008389476482,"rgba(239, 83, 80, 1.0)",0.0,0.0,5.998430761006538,191.30856341012,0.6020635619163146,0.0,0.0,0.0,0.0,0.0,0.0,0.0,0.0,45.33601007019305,0.8859165772688016,False,True,False,True,False,5.874887720183192,0,0.9791841004184109,0.9581066945606705,False,False,False,False,0.15523504111822375,0.16301100726755274,False,False,False,False,749748.0,732899.7812915647,False,False,False,False,8235.120427225647,False,False,False,False
2025-11-03 18:00:00+00:00,194.88,194.93,194.385,194.43,6540.0,,195.92774159161465,192.8477318055127,192.28916855181097,189.84371664090807,190.04400400708488,190.38577577791398,190.60200855121056,191.31808634938523,191.55978815969388,,195.51835066104888,193.54789496902188,190.01822384322162,189.87043347636106,189.84875053626766,189.82688404568597,189.8594554807002,190.5030171939738,190.64965836645155,180.46073573758272,175.8116769486706,167.8093914967423,"rgba(239, 83, 80, 1.0)",0.0,0.0,5.954515393931858,191.31778829050938,0.5226641470542209,0.0,0.0,0.0,0.0,0.0,0.0,0.0,0.0,43.77270433365824,-1.1588024719279417,False,True,False,True,False,4.918548596851892,0,0.9797918905459606,0.948785154509476,False,False,False,False,0.15247507244598268,0.15774303985676771,False,False,False,False,743208.0,733059.5986358814,False,False,False,False,8208.839490369435,False,False,False,False
2025-11-03 19:00:00+00:00,194.505,195.67,194.24,195.52,6590.0,,195.91401793007256,192.87616321924187,192.32230885699764,189.8841126772403,190.07864908290702,190.41581808730328,190.6270205487753,191.33682539133872,191.57600869791187,,195.50723506332096,193.56971391434513,190.06312762801488,189.91341058435472,189.89097653512846,189.86671664586106,189.8968077483358,190.52992451266286,190.6737788871486,180.48731391814226,175.83154087694825,167.82922615132054,"rgba(239, 83, 80, 1.0)",0.0,0.0,5.911986459803152,191.3339438013456,0.7080625483695339,0.0,0.0,0.0,0.0,0.0,0.0,0.0,0.0,46.84604665555388,-1.1588024719279417,False,True,False,True,True,6.7504511144564034,0,0.9764644214388688,0.9497837767003026,False,False,False,False,0.163082736002138,0.16041288792945285,False,False,False,False,749798.0,733319.10873455,False,False,False,False,8183.741203697041,False,False,False,False
2025-11-03 20:00:00+00:00,195.52,196.52,194.77,195.805,16895.0,,195.904758928284,192.96301575215742,192.41990135169812,189.9955558587188,190.17485763629236,190.4999747068994,190.69763109842705,191.39092285991728,191.6232973146388,,195.52073099720772,193.6418177726273,190.18692604396523,190.03181736222513,190.00733800485625,189.97662121943966,190.00007885366225,190.60563286043225,190.7419844308321,180.55757949746985,175.88373889828014,167.88097623101385,"rgba(239, 83, 80, 1.0)",0.0,0.0,5.854924917775435,191.77558460647947,0.6882095757175831,0.0,0.0,0.0,0.0,0.0,0.0,0.0,0.0,49.798427691272245,-5.036947853831855,False,True,False,False,True,7.223137419224482,1,0.9800941668846466,0.9443892231232027,False,False,False,False,0.18783033738620744,0.17412161265783016,False,False,False,False,766693.0,733836.5334053321,False,False,False,False,8318.799479608715,False,False,False,False
2025-11-04 15:00:00+00:00,175.74,181.62,175.03,180.43,47215.0,,194.0968172114243,191.8593476384243,191.41879859049754,189.43787598896776,189.6658415411361,190.01093895391276,190.26051233815295,190.97670264797148,191.23201833644188,179.0266666666666,192.8019798063373,192.37794028313508,189.54138374688517,189.43637548038936,189.42507480083134,189.42876146226752,189.48006386232498,190.15027343038554,190.31380313477055,180.53806820812645,175.90664785418295,167.93851610144065,"rgba(239, 83, 80, 1.0)",0.0,0.0,5.87863077993862,189.76970658820102,-1.588755432655107,0.0,0.0,0.0,0.0,0.0,0.0,0.0,0.0,37.325612954505274,-6.804093934034313,False,True,False,True,False,0.0,0,0.9486413430075413,0.9489021672120272,False,False,False,False,-0.34282825441539394,-0.08435332087878189,False,False,False,False,719478.0,733613.9204843192,False,False,False,False,8921.841348141914,False,False,False,False
2025-11-04 16:00:00+00:00,180.475,184.46,179.91,183.13,46626.0,,192.98744119342714,191.18048539465437,190.8057167376047,189.1061940592592,189.3566774806153,189.70755802950208,189.9837173377294,190.70524443858358,190.97213806587897,180.75243301613008,191.35981583896032,191.60075056642276,189.16090382529364,189.08455741282847,189.08048944632102,189.10253730848444,189.16801753883018,189.8642755944297,190.04160474471018,180.56245393516963,175.95376841242123,168.01237575085068,"rgba(239, 83, 80, 1.0)",0.0,0.0,5.836208409883809,189.33908046367054,-1.063889434303831,0.0,0.0,0.0,0.0,1.0,181.85,181.62,879.0,32.900393069522245,-10.359256312509409,False,True,False,True,False,0.0,0,0.9769607843137263,0.9327497665732969,False,False,False,False,-0.2145750535065064,-0.14946418719264415,False,False,False,False,766104.0,734117.642647353,False,False,False,False,9506.401947395527,False,False,False,False
2025-11-04 17:00:00+00:00,183.075,183.815,181.85,182.21,20713.0,,192.56502339032812,190.9134169885527,190.56330441122887,188.97141008559908,189.23008295533515,189.58271183139962,189.8689396381038,190.5919051393598,190.86321827183266,181.09101988290817,190.8484154837348,191.29762264241182,189.00769193900865,188.94221765239485,188.94087803193892,188.96982985085955,189.04060500936228,189.7460143362166,189.92857995161765,180.57377999607283,175.9748813369791,168.04522815683907,"rgba(239, 83, 80, 1.0)",0.0,0.0,5.812774395343936,189.16699486997453,-1.196845842760922,0.0,0.0,0.0,0.0,0.0,0.0,0.0,0.0,29.560833610885837,-13.077637045835836,False,True,False,True,False,0.0,0,0.9856628292958551,0.9490547825882252,False,False,False,False,-0.19382829639385257,-0.17164624179324836,False,False,False,False,745391.0,734292.4233815025,False,False,False,False,9680.147653637456,False,False,False,False
2025-11-04 18:00:00+00:00,182.35,184.31,181.84,184.29,24916.0,,192.1403538718125,190.64439206210636,190.31951005175523,188.8373894221242,189.1028832780507,189.4559960235118,189.75127484199194,190.4738973713338,190.74911811090368,181.51780577663055,190.363619049128,190.99243211638725,188.85609546656804,188.8011699820431,188.80241438918435,188.83778958894635,188.9133322003704,189.6252544835804,189.8124942561456,180.59285127024407,176.00334462442677,168.08685769239486,"rgba(239, 83, 80, 1.0)",0.0,0.0,5.796590116782182,189.01164531725775,-0.8145556649913424,0.0,0.0,0.0,0.0,0.0,0.0,0.0,0.0,30.16121953001717,-13.077637045835836,False,True,False,True,False,0.0,0,0.9875999156137935,0.9440003750498122,False,False,False,False,-0.18610141167116795,-0.17887382673220814,False,False,False,False,770307.0,734850.7889104715,False,False,False,False,9916.36241869734,False,False,False,False
2025-11-04 19:00:00+00:00,184.51,186.54,183.69,185.87,39283.0,,191.67541628590308,190.35950181796693,190.06458109223013,188.7087906652834,188.97696709033437,189.32636863901087,189.62755364837705,190.34369436164553,190.62109385731694,182.36363662894232,189.89399176836588,190.66624699393864,188.7114708289372,188.66681413012205,188.67034640739698,188.71097193054914,188.78980451717135,189.49967356789512,189.6897957852638,180.64173597416521,176.0589984107177,168.16002612678167,"rgba(239, 83, 80, 1.0)",0.0,0.0,5.776874798057106,188.89850065315414,-0.5242455062679726,0.0,0.0,0.0,0.0,0.0,0.0,0.0,0.0,32.52680962458224,-13.077637045835836,False,True,False,True,True,0.0,0,0.9982586082797382,0.9287886879193861,False,False,False,False,-0.12187134927664468,-0.1503725880044264,False,False,False,False,809590.0,736009.5363692238,False,False,False,False,10371.659125384202,False,False,False,False
2025-11-04 20:00:00+00:00,185.95,187.185,183.64,184.01,74698.0,,190.89838609373632,189.85546976449154,189.60817577892058,188.46106123487175,188.7341413860857,189.07728821318312,189.3891013078914,190.09408003054432,190.3754790197563,183.12442542476978,189.1436456259214,190.09810623161545,188.4363134809718,188.40912807645725,188.4165943491286,188.46633532247117,188.5509837165676,189.25783518667538,189.45320671255246,180.72392888560236,176.15830874612857,168.29409470474624,"rgba(239, 83, 80, 1.0)",0.0,0.0,5.77200010769561,188.64254697792646,-0.8025895515403838,0.0,0.0,0.0,0.0,0.0,0.0,0.0,0.0,32.83532304337032,-13.077637045835836,False,True,False,True,True,0.0,0,0.9989231544700554,0.9252165146863409,False,False,False,False,-0.11259969485429697,-0.13148614142936169,False,False,False,False,734892.0,735992.2102239646,False,False,False,False,11368.96673584336,False,False,False,False
2025-11-05 15:00:00+00:00,187.59,188.75,186.26,188.08,13034.0,,190.8351614885,189.82096462195125,189.5788966803183,188.45238204585883,188.72335231849874,189.06372738074168,189.374195430454,190.07489322202397,190.35540431077524,183.34805749541871,189.1063518965632,190.0572041976586,188.42700371886144,188.40062353258313,188.4081382664117,188.4577090739095,188.54182353767047,189.2435040259782,189.43805569838727,180.74709021329227,176.18076590020544,168.32109879283766,"rgba(38, 166, 154, 1.0)",0.0,0.0,5.7201676107864525,188.64599241204687,-0.09894682298811802,0.0,0.0,0.0,0.0,1.0,187.79,187.185,886.0,37.49799332431243,-19.836487918233004,False,True,False,True,True,0.0,0,1.00277126892574,0.9088635544340312,False,False,False,False,-0.047838043655966674,-0.08966209254266418,False,False,False,False,747926.0,736177.2302204923,False,False,False,False,11394.781205055091,False,False,False,False
2025-11-05 16:00:00+00:00,188.08,189.3,187.79,188.825,13363.0,,190.79156811353158,189.8018974032905,189.5643545339686,188.45452178387072,188.722455421262,189.05948628764085,189.36761029991175,190.06320197331354,190.3423125664709,183.60067304393812,189.0943033101126,190.03285278988972,188.42969607380468,188.40349748991815,188.41087734177955,188.45976098542147,188.5428729216659,189.23786157907293,189.43104557814567,180.77387297130497,176.20557462655867,168.35004834180074,"rgba(38, 166, 154, 1.0)",0.0,0.0,5.6557325618177625,188.66353090792583,0.02854963354601409,0.0,0.0,0.0,0.0,0.0,0.0,0.0,0.0,41.3107073669065,-16.121900995565163,False,True,False,True,True,0.0,0,1.0121485673223756,0.9031482978532299,False,False,False,False,-0.015832716926589937,-0.05274740473462706,False,False,False,False,761289.0,736566.5599845158,False,False,False,False,11425.296225131755,False,False,False,False
2025-11-05 17:00:00+00:00,188.87,189.66,187.9,188.385,11825.0,,190.75458262493885,189.78567091453976,189.55199102941785,188.45647539609487,188.7217698759388,189.0558906799156,189.3619591647084,190.05308538633133,190.3309599957986,183.8053151702991,189.08437001751113,190.0121403479918,188.4321334612339,188.40608918381906,188.41335156748187,188.46163776700843,188.54387797920802,189.2330374058569,189.4250209563163,180.79745197600627,176.22746334923286,168.37560985062186,"rgba(38, 166, 154, 1.0)",0.0,0.0,5.599896811307526,188.67757209603005,-0.052245979861500993,0.0,0.0,0.0,0.0,0.0,0.0,0.0,0.0,43.43297153583936,-13.97736026577951,False,True,False,True,True,0.0,0,1.02612332586735,0.8971751154180198,False,False,False,False,-0.008607573175639411,-0.030677488955133236,False,False,False,False,749464.0,736766.5202948333,False,False,False,False,11431.49318288165,False,False,False,False
2025-11-05 18:00:00+00:00,188.275,188.99,187.98,188.29,14538.0,,190.70608095053677,189.76245498487285,189.5335138696616,188.4560289045052,188.71837708183023,189.04912657345517,189.35294759781752,190.03885458830615,190.31534371438215,184.0244068686842,189.06666205875757,189.98338610082095,188.4319694110623,188.4062678940311,188.4134356587395,188.46113444618882,188.54244334832018,189.22493927281772,189.415599547081,180.825410387584,176.25377590698025,168.40659486070103,"rgba(38, 166, 154, 1.0)",0.0,0.0,5.577370377994296,188.68915560695044,-0.07156698944099643,0.0,0.0,0.0,0.0,0.0,0.0,0.0,0.0,44.74914519221946,-12.482133704026872,False,True,False,True,True,0.0,0,1.025819493257989,0.8976178990650777,False,False,False,False,-0.017677669383393848,-0.024177579169263542,False,False,False,False,734926.0,736737.9850964638,False,False,False,False,11479.656079271082,False,False,False,False
2025-11-05 19:00:00+00:00,188.27,188.62,186.29,186.59,25985.0,,190.5793559538211,189.6859080410072,189.4664186938033,188.42842269926177,188.68780890731628,189.0140035310411,189.31619155328107,189.99480527829002,190.27001487537925,184.27020037869207,188.9802614520916,189.89530461645103,188.40211324687954,188.37844276437497,188.38587264369002,188.4337576068831,188.51454271399413,189.1889368591559,189.37853840930725,180.86671207547212,176.29570880380732,168.45828563735856,"rgba(38, 166, 154, 1.0)",0.0,0.0,5.557429575485539,188.66989320501665,-0.3742545320216551,0.0,0.0,0.0,0.0,-1.0,187.98,187.06,888.0,43.871879095328715,-12.482133704026872,False,True,False,True,True,0.0,0,1.0120068610634656,0.9023213264722706,False,False,False,False,-0.04937870687527137,-0.03677814302226746,False,False,False,False,708941.0,736307.0240872164,False,False,False,False,11704.545132305639,False,False,False,False
2025-11-05 20:00:00+00:00,186.58,187.06,185.85,186.04,38340.0,,190.3654678043043,189.545425120815,189.33996501519394,188.36375350943277,188.62083548205226,188.94173707835918,189.24358712501453,189.91341625285307,190.18778821115632,184.48195178066365,188.81278317513005,189.7374712959693,188.33195072086312,188.31234671500712,188.32050937742892,188.36969331419107,188.45068781256555,189.11667365306732,189.30585669436687,180.91858743707718,176.35220229365578,168.53059391434567,"rgba(38, 166, 154, 1.0)",0.0,0.0,5.554861579027606,188.6058853204732,-0.46191705841252756,0.0,0.0,0.0,0.0,0.0,0.0,0.0,0.0,42.74139131651165,-12.482133704026872,False,True,False,True,True,0.0,0,1.0062226477024077,0.9094183078045229,False,False,False,False,-0.08025101698660148,-0.05851458000443446,False,False,False,False,670601.0,735288.3260393525,False,False,False,False,12117.497920952062,False,False,False,False
2025-11-06 15:00:00+00:00,194.24,195.72,192.41,194.26,18849.0,194.12999999999997,190.45609675793293,189.6375154861064,189.4326782257775,188.44927856711206,188.6962886834026,189.0091862676466,189.30105159578136,189.95879324237583,190.22769120146498,184.94898584948055,188.97222025316054,189.8306926967456,188.42629154610142,188.40261323896502,188.40935000244755,188.45413267996335,188.53066455934214,189.1779249596936,189.36150547663217,180.98012299603863,176.40133846601637,168.58145063822016,"rgba(38, 166, 154, 1.0)",0.0,0.0,5.526019936023415,188.72566046809897,1.001505531281814,0.0,0.0,0.0,0.0,1.0,193.72,187.06,890.0,49.82872885882207,-6.933161492305949,False,False,False,False,True,4.161052641725167,0,1.0067818185808666,0.8971094967407772,False,False,False,False,0.15508810391269148,0.04828676195412851,False,False,False,False,689450.0,734577.6543178121,False,False,False,False,12221.862294270635,False,False,False,False
2025-11-06 16:00:00+00:00,194.065,195.105,193.72,194.005,6219.0,194.1663858305409,190.48620464938088,189.6680588677027,189.46341608727684,188.47765685943645,188.72139191970493,189.03168360341485,189.32028279774792,189.97407023273936,190.24116825376097,185.09561947048056,189.02418416210904,189.8616077332561,188.45753136204183,188.43253115943463,188.43880504058515,188.482157848096,188.55723831018744,189.1983958852089,189.38014160481532,181.00052538405973,176.41762444121028,168.59828196816966,"rgba(38, 166, 154, 1.0)",0.0,0.0,5.492041722280902,188.76449552578862,0.9541996836897556,0.0,0.0,0.0,0.0,0.0,0.0,0.0,0.0,54.26336129123162,-2.807582789449711,True,False,True,False,True,3.85243629419098,0,1.0079996502885125,0.9012720755376821,False,False,False,False,0.1660483417000398,0.10716755182708415,False,False,False,False,683231.0,733781.582157846,False,False,False,False,12128.794661801323,False,False,False,False
2025-11-06 17:00:00+00:00,193.95,194.865,193.48,194.14,4938.0,194.16560921149102,190.50905988174512,189.6914278525228,189.4869695388389,188.49955068257228,188.74075475612497,189.04902181570878,189.3350953165184,189.98580149905166,190.25150241653688,185.20738837625018,189.06383730090502,189.88521885136254,188.48161419809298,188.45560714916908,188.46152649490472,188.50378109379866,188.57774318231057,189.21416802720526,189.39449350417794,181.016540773996,176.43045154982124,168.61157087393943,"rgba(38, 166, 154, 1.0)",0.0,0.0,5.457980649082649,188.79421627812178,0.9794435095288767,0.0,0.0,0.0,0.0,0.0,0.0,0.0,0.0,57.31856231310551,0.027141506549924088,True,False,True,False,True,4.0019638433162505,0,1.0135965975451207,0.9006588950836296,False,False,False,False,0.15847461435735205,0.1328210830922181,False,False,False,False,688169.0,733074.4103414452,False,False,False,False,12017.309473246263,False,False,False,False
2025-11-06 18:00:00+00:00,194.235,196.135,194.235,195.485,12096.0,194.4872127214859,190.58071675556107,189.7617880554467,189.55730733897113,188.5629752605124,188.7973172359177,189.10022570300055,189.3793559226069,190.0219184322516,190.28379474689703,185.50280176571232,189.17927695262526,189.9568837563981,188.5512552231207,188.52233084235155,188.52724924724552,188.56643916923025,188.6373212563066,189.26105952156703,189.43748720374728,181.05894597363672,176.46377996588595,168.64549336496063,"rgba(38, 166, 154, 1.0)",0.0,0.0,5.392473222877823,188.87851225972415,1.2251313019501942,0.0,0.0,0.0,0.0,0.0,0.0,0.0,0.0,60.36284965991547,2.917551846381585,True,False,True,False,True,5.487176197203922,0,1.0122774978547389,0.9019560386367141,False,False,False,False,0.1905595523760464,0.16169031773413226,False,False,False,False,700265.0,732565.7373128956,False,False,False,False,12018.529481412987,False,False,False,False
2025-11-06 19:00:00+00:00,195.44,196.22,194.04,194.31,13637.0,194.5776026360956,190.65184202672808,189.83302957268748,189.6288078590451,188.6286062353723,188.85579093534466,189.15302493988676,189.4249097359317,190.05878454222386,190.31663191992595,185.80204205813928,189.29561386399962,190.0291165193941,188.62319140086666,188.59134189180674,188.5952416640345,188.6312894737374,188.69898583389815,189.30936591730338,189.48171585892499,181.1050218646369,176.50036141218004,168.6830209110252,"rgba(38, 166, 154, 1.0)",0.0,0.0,5.300636499260458,188.96428997087335,1.0085034183861656,0.0,0.0,0.0,0.0,0.0,0.0,0.0,0.0,60.72835571021659,3.4458379197278433,True,False,True,False,True,4.013729982413729,0,1.0130620282244838,0.8985450169565697,False,False,False,False,0.18880725548323496,0.1752487866086836,False,False,False,False,686628.0,731853.5243313003,False,False,False,False,12043.62204759263,False,False,False,False
2025-11-06 20:00:00+00:00,194.23,194.82,192.55,192.74,17005.0,194.29530742512554,190.70707620036598,189.8936447343094,189.69071027734267,188.68946964418595,188.90946681168737,189.2007112110815,189.46540379213067,190.08997262760926,190.34373022699125,186.09236222778677,189.39712906417702,190.08942319579953,188.68977366805055,188.65539215485373,188.65835585484058,188.6914367503372,188.75603161014692,189.3526132037126,189.52088900316653,181.1558830249464,176.54209625586228,168.7270170714316,"rgba(38, 166, 154, 1.0)",0.0,0.0,5.2015483124586765,189.04263545167038,0.7108199955528154,0.0,0.0,0.0,0.0,0.0,0.0,0.0,0.0,58.893332684308,3.4458379197278433,True,False,True,False,True,2.0895797188919047,0,1.0057264789775082,0.9070481416160433,False,False,False,False,0.1431448796961469,0.15919683315241523,False,False,False,False,669623.0,730888.7100005824,False,False,False,False,12120.542636002046,False,False,False,False
