date,Close,High,Low,Open,Volume,Gap_Up_aVWAP_887,Gap_Up_aVWAP_864,Gap_Up_aVWAP_855,Gap_Up_aVWAP_785,Gap_Up_aVWAP_774,Gap_Up_aVWAP_765,Gap_Up_aVWAP_759,Gap_Up_aVWAP_755,Gap_Up_aVWAP_753,Gap_Up_aVWAP_733,Gap_Down_aVWAP_870,Gap_Down_aVWAP_729,Gap_Down_aVWAP_698,Gap_Down_aVWAP_694,Gap_Down_aVWAP_674,Gap_Down_aVWAP_648,Gap_Down_aVWAP_603,Gap_Down_aVWAP_573,Gap_Down_aVWAP_541,Gap_Down_aVWAP_527,aVWAP_OB_bull_817,aVWAP_OB_bull_747,aVWAP_OB_bear_272,color,Liquidity,Liquidity_Level,StDev,StDev_Mean,StdDev_ZScore,OB,OB_High,OB_Low,OB_Mitigated_Index,FVG,FVG_High,FVG_Low,FVG_Mitigated_Index,QQEMOD,QQE1_Value,QQE1_Above_Upper,QQE1_Below_Lower,QQE2_Above_Threshold,QQE2_Below_Threshold,QQE2_Above_TL,banker_RSI,TTM_squeeze_Active,VI_plus,VI_minus,VI_Regular_Bullish,VI_Regular_Bearish,VI_Hidden_Bullish,VI_Hidden_Bearish,Fisher,Fisher_Signal,Fisher_Regular_Bullish,Fisher_Regular_Bearish,Fisher_Hidden_Bullish,Fisher_Hidden_Bearish,OBV,OBV_Smoothed,OBV_Regular_Bullish,OBV_Regular_Bearish,OBV_Hidden_Bullish,OBV_Hidden_Bearish,Volume_MA,Vol_Regular_Bullish,Vol_Regular_Bearish,Vol_Hidden_Bullish,Vol_Hidden_Bearish
2022-01-03 00:00:00+00:00,66.2788377,66.5922951563,65.3872253799,65.9305516374,2122267,,,,,,,,,,,,,,,,,,,,,,,,#000000,-1.0,63.01281,,,,0.0,0.0,0.0,0.0,0.0,0.0,0.0,0.0,,,False,False,False,False,False,,0,,,False,False,False,False,,,False,False,False,False,0,0.0,False,False,False,False,2122267.0,False,False,False,False
2022-01-04 00:00:00+00:00,62.4912267699,66.8012667938,61.8207760996,66.0350374562,6510991,,,,,,,,,,,,,,,,,,,,,,,,"rgba(239, 83, 80, 0.5)",0.0,0.0,,,,0.0,0.0,0.0,0.0,0.0,0.0,0.0,0.0,0.0,,False,False,False,True,False,,0,,,False,False,False,False,,,False,False,False,False,-6510991,-255332.98039215687,False,False,False,False,2294373.823529412,False,False,False,False
2022-01-05 00:00:00+00:00,60.8978180338,63.1094345309,60.8716965792,62.6653698012,3530392,,,,,,,,,,,,,,,,,,,,,,,,"rgba(239, 83, 80, 0.5)",0.0,0.0,,,,0.0,0.0,0.0,0.0,0.0,0.0,0.0,0.0,0.0,-50.0,False,False,False,True,True,,0,,,False,False,False,False,,,False,False,False,False,-10041383,-639099.6478277586,False,False,False,False,2342845.1245674742,False,False,False,False
2022-01-06 00:00:00+00:00,60.297024576,61.2320855824,59.5917452993,60.8629894276,3111101,,,,,,,,,,,,,,,,,,,,,,,,"rgba(239, 83, 80, 0.5)",0.0,0.0,,,,0.0,0.0,0.0,0.0,0.0,0.0,0.0,0.0,0.0,-50.0,False,False,False,True,True,,0,,,False,False,False,False,,,False,False,False,False,-13152484,-1129820.6028149053,False,False,False,False,2372972.8059569853,False,False,False,False
2022-01-07 00:00:00+00:00,60.1925387572,61.0632539135,60.1054672416,60.2621959697,2041528,,,,,,,,,,,,,,,,,,,,,,,,"rgba(239, 83, 80, 0.5)",0.0,0.0,,,,0.0,0.0,0.0,0.0,0.0,0.0,0.0,0.0,0.0,-50.0,False,False,False,True,True,,0,,,False,False,False,False,,,False,False,False,False,-15194012,-1681357.5203515757,False,False,False,False,2359974.9704292603,False,False,False,False
2022-01-10 00:00:00+00:00,59.7310597244,60.0793457869,58.5381799602,59.957445665,3510570,,,,,,,,,,,,,,,,,,,,,,,,"rgba(239, 83, 80, 0.5)",0.0,0.0,,,,0.0,0.0,0.0,0.0,0.0,0.0,0.0,0.0,0.0,-50.0,False,False,False,True,True,,0,,,False,False,False,False,,,False,False,False,False,-18704582,-2348934.9509260235,False,False,False,False,2405096.344137917,False,False,False,False
2022-01-11 00:00:00+00:00,60.9587680948,61.0023038526,59.1563877212,59.9661528166,2513098,,,,,,,,,,,,,,,,,,,,,,,,"rgba(239, 83, 80, 0.5)",0.0,0.0,,,,0.0,0.0,0.0,0.0,0.0,0.0,0.0,0.0,7.2751799209299435,-43.33108507248089,False,False,False,True,True,,0,,,False,False,False,False,,,False,False,False,False,-16191484,-2891780.011674023,False,False,False,False,2409331.7031913316,False,False,False,False
2022-01-12 00:00:00+00:00,62.9527058028,63.2574561075,61.9078476152,61.9949191308,5619302,,,,,,,,,,,,,,,,,,,,,,,,"rgba(239, 83, 80, 0.5)",0.0,0.0,,,,0.0,0.0,0.0,0.0,0.0,0.0,0.0,0.0,19.435483573358578,-32.58831672002852,False,False,False,True,True,,0,,,False,False,False,False,,,False,False,False,False,-10572182,-3192972.2465103357,False,False,False,False,2535212.8913014755,False,False,False,False
2022-01-13 00:00:00+00:00,61.8468975542,63.5622064122,61.6988759777,63.3184061684,2147461,,,,,,,,,,,,,,,,,,,,,,,,"rgba(239, 83, 80, 0.5)",0.0,0.0,,,,0.0,0.0,0.0,0.0,0.0,0.0,0.0,0.0,25.411002082502023,-28.038940925703134,False,False,False,True,True,,0,,,False,False,False,False,,,False,False,False,False,-12719643,-3566567.1780197346,False,False,False,False,2520006.934779849,False,False,False,False
2022-01-14 00:00:00+00:00,62.6740769528,63.2748704106,61.6988759777,61.8207760996,2436834,,,,,,,,,,,,,,,,,,,,,,,,"rgba(239, 83, 80, 0.5)",0.0,0.0,,,,0.0,0.0,0.0,0.0,0.0,0.0,0.0,0.0,31.635750721808847,-23.227466474734275,False,False,False,True,True,,0,,,False,False,False,False,,,False,False,False,False,-10282809,-3829949.210254255,False,False,False,False,2516745.251062992,False,False,False,False
2022-01-18 00:00:00+00:00,64.5983574483,64.9205220561,62.5434696793,62.9492229422,5348621,,,,,,,,,,,,,,,,,,,,,,,,"rgba(239, 83, 80, 0.5)",0.0,0.0,,,,0.0,0.0,0.0,0.0,0.0,0.0,0.0,0.0,39.801734542863116,-16.588332347431916,False,False,False,True,True,,0,,,False,False,False,False,,,False,False,False,False,-4934188,-3873252.692205069,False,False,False,False,2627799.2020016983,False,False,False,False
2022-01-19 00:00:00+00:00,64.2761928404,65.2252723608,63.8495424138,64.9988864202,3118603,,,,,,,,,,,,,,,,,,,,,,,,"rgba(239, 83, 80, 0.5)",0.0,0.0,,,,0.0,0.0,0.0,0.0,0.0,0.0,0.0,0.0,44.53154249086988,-13.135485491023012,False,False,False,True,True,,0,,,False,False,False,False,,,False,False,False,False,-8052791,-4037156.155255851,False,False,False,False,2647046.409766338,False,False,False,False
2022-01-20 00:00:00+00:00,62.6827841043,64.6244789029,62.6740769528,64.6244789029,2104241,,,,,,,,,,,,,,,,,,,,,,,,"rgba(239, 83, 80, 0.5)",0.0,0.0,,,,0.0,0.0,0.0,0.0,0.0,0.0,0.0,0.0,44.59014007901315,-13.135485491023012,False,False,False,True,True,,0,,,False,False,False,False,,,False,False,False,False,-10157032,-4277151.286422288,False,False,False,False,2625759.923108835,False,False,False,False
2022-01-21 00:00:00+00:00,61.6640473714,62.3954481027,61.1764468839,62.1690621621,4092378,,,,,,,,,,,,,,,,,,,,,,,,"rgba(239, 83, 80, 0.5)",0.0,0.0,,,,0.0,0.0,0.0,0.0,0.0,0.0,0.0,0.0,43.021483101562055,-13.135485491023012,False,False,False,True,True,,0,,,False,False,False,False,,,False,False,False,False,-14249410,-4668220.2555821985,False,False,False,False,2683274.357496724,False,False,False,False
2022-01-24 00:00:00+00:00,60.6278963354,61.6466330683,58.6949086883,60.1751244541,3780672,,,,,,,,,,,,,,,,,,,,,,,,"rgba(239, 83, 80, 0.5)",0.0,0.0,,,,0.0,0.0,0.0,0.0,0.0,0.0,0.0,0.0,40.543863024570534,-13.135485491023012,False,False,False,True,True,,0,,,False,False,False,False,,,False,False,False,False,-18030082,-5192214.833794661,False,False,False,False,2726309.559163519,False,False,False,False
2022-01-25 00:00:00+00:00,60.6540177901,60.7846250635,58.7123229914,60.0445171806,3331204,,,,,,,,,,,,,,,,,,,,,,,,"rgba(239, 83, 80, 0.5)",0.0,0.0,,,,0.0,0.0,0.0,0.0,0.0,0.0,0.0,0.0,38.95605017857165,-13.135485491023012,False,False,False,True,False,,0,,,False,False,False,False,,,False,False,False,False,-14698878,-5565025.154038008,False,False,False,False,2750030.9097845578,False,False,False,False
2022-01-26 00:00:00+00:00,60.9761823979,62.4738124668,60.4189246979,61.8730190089,2264785,,,,,,,,,,,,,,,,,,,,,,,,"rgba(239, 83, 80, 0.5)",0.0,0.0,,,,0.0,0.0,0.0,0.0,0.0,0.0,0.0,0.0,38.728715648064366,-13.135485491023012,False,False,False,True,False,,0,,,False,False,False,False,,,False,False,False,False,-12434093,-5834400.363683577,False,False,False,False,2731001.658420458,False,False,False,False
2022-01-27 00:00:00+00:00,60.3405603338,62.2996694355,59.9748599681,61.7815939175,1467573,,,,,,,,,,,,,,,,,,,,,,,,"rgba(239, 83, 80, 0.5)",0.0,0.0,,,,0.0,0.0,0.0,0.0,0.0,0.0,0.0,0.0,37.585591528615716,-13.135485491023012,False,False,False,True,False,,0,,,False,False,False,False,,,False,False,False,False,-13901666,-6150763.721970496,False,False,False,False,2681455.4365216168,False,False,False,False
2022-01-28 00:00:00+00:00,59.7136454212,60.4015103947,59.0954376602,60.3057317275,3075581,,,,,,,,,,,,,,,,,,,,,,,,"rgba(239, 83, 80, 0.5)",0.0,0.0,,,,0.0,0.0,0.0,0.0,0.0,0.0,0.0,0.0,35.90849287795259,-5.907784254348883,False,False,False,True,False,,1,,,False,False,False,False,,,False,False,False,False,-16977247,-6575331.693657927,False,False,False,False,2696911.3409717493,False,False,False,False
2022-01-31 00:00:00+00:00,60.775917912,60.8804037307,59.0780233571,59.5830381478,2004274,,,,,,,,,,,,,,,,,,,,,,,,"rgba(239, 83, 80, 0.5)",0.0,0.0,,,,0.0,0.0,0.0,0.0,0.0,0.0,0.0,0.0,37.63653723266847,-5.907784254348883,False,False,False,True,False,,0,,,False,False,False,False,,,False,False,False,False,-14972973,-6904650.960573303,False,False,False,False,2669749.09230619,False,False,False,False
2022-02-01 00:00:00+00:00,63.6579850794,63.7189351404,61.3157613089,61.4899043401,2847460,,,,,,,,,,,,,,,,,,,,,,,,"rgba(239, 83, 80, 0.5)",0.0,0.0,,,,0.0,0.0,0.0,0.0,0.0,0.0,0.0,0.0,44.17296192988603,-13.84518072291958,False,False,False,True,True,,0,,,False,False,False,False,,,False,False,False,False,-12125513,-7109390.648393958,False,False,False,False,2676718.147509869,False,False,False,False
2022-02-02 00:00:00+00:00,64.2674856888,64.4764573264,63.1355559856,63.6841065341,2236906,,,,,,,,,,,,,,,,,,,,,,,,#000000,0.0,0.0,,,,0.0,0.0,0.0,0.0,0.0,0.0,0.0,0.0,49.385158617466374,-8.93085324657035,False,False,False,False,True,,0,,,False,False,False,False,,,False,False,False,False,-9888607,-7218379.524927529,False,False,False,False,2659470.6123134037,False,False,False,False
2022-02-03 00:00:00+00:00,62.7611484684,63.8930781716,62.6044197403,63.8843710201,1403773,,,,,,,,,,,,,,,,,,,,,,,,#000000,0.0,0.0,,,,0.0,0.0,0.0,0.0,0.0,0.0,0.0,0.0,50.065489675064605,-8.283069733125899,False,False,False,False,True,,0,,,False,False,False,False,,,False,False,False,False,-11292380,-7378144.2494401755,False,False,False,False,2610227.5686932704,False,False,False,False
2022-02-04 00:00:00+00:00,63.04848447,63.6231564732,62.2996694355,62.3780337996,2028627,,,,,,,,,,,,,,,,,,,,,,,,#000000,0.0,0.0,,,,0.0,0.0,0.0,0.0,0.0,0.0,0.0,0.0,50.98164050093982,-7.233962842619562,False,False,False,False,True,,1,,,False,False,False,False,,,False,False,False,False,-9263753,-7452089.690638601,False,False,False,False,2587419.703254319,False,False,False,False
2022-02-07 00:00:00+00:00,63.2139203497,63.5012563513,62.1777693137,63.1094345309,2837085,,,,,,,,,,,,,,,,,,,,,,,,"rgba(38, 166, 154, 0.5)",0.0,0.0,,,,0.0,0.0,0.0,0.0,0.0,0.0,0.0,0.0,51.871956706820555,-6.097297849469513,False,False,True,False,True,,1,,,False,False,False,False,,,False,False,False,False,-6426668,-7411877.075319441,False,False,False,False,2597210.4992051297,False,False,False,False
2022-02-08 00:00:00+00:00,64.6941361154,64.8595719952,62.9527058028,63.3009918653,3448192,,,,,,,,,,,,,,,,,,,,,,,,"rgba(38, 166, 154, 0.5)",0.0,0.0,,,,0.0,0.0,0.0,0.0,0.0,0.0,0.0,0.0,54.76560408076236,-3.052344027855561,False,False,True,False,True,,0,,,False,False,False,False,,,False,False,False,False,-2978476,-7238018.20962064,False,False,False,False,2630582.322765713,False,False,False,False
2022-02-09 00:00:00+00:00,65.4516583015,66.1221089718,65.0946650874,65.4081225436,2384183,,,,,,,,,,,,,,,,,,,,,,,,"rgba(38, 166, 154, 0.5)",0.0,0.0,,,,0.0,0.0,0.0,0.0,0.0,0.0,0.0,0.0,57.7115268552799,-0.029675670647208108,False,False,True,False,True,,0,,,False,False,False,False,,,False,False,False,False,-594293,-6977479.966106105,False,False,False,False,2620919.6042258814,False,False,False,False
2022-02-10 00:00:00+00:00,66.0437446078,67.8461249814,64.8125533767,65.0685436327,2340223,,,,,,,,,,,,,,,,,,,,,,,,"rgba(38, 166, 154, 0.5)",0.0,0.0,,,,0.0,0.0,0.0,0.0,0.0,0.0,0.0,0.0,60.431818701551535,2.7322541354683807,False,False,True,False,True,,0,,,False,False,False,False,,,False,False,False,False,1745930,-6635385.457631356,False,False,False,False,2609911.8942562393,False,False,False,False
2022-02-11 00:00:00+00:00,66.418152125,66.7751453391,65.4777797561,66.078573214,4679276,,,,,,,,,,,,,,,,,,,,,,,,"rgba(38, 166, 154, 0.5)",0.0,0.0,,,,0.0,0.0,0.0,0.0,0.0,0.0,0.0,0.0,62.71814919390169,5.070849130183298,False,False,True,False,True,,0,,,False,False,False,False,,,False,False,False,False,6425206,-6123205.400469342,False,False,False,False,2691063.427814818,False,False,False,False
2022-02-14 00:00:00+00:00,63.9017853232,66.4007378219,62.9765633981,66.2091804875,3008135,,,,,,,,,,,,,,,,,,,,,,,,"rgba(38, 166, 154, 0.5)",0.0,0.0,,,,0.0,0.0,0.0,0.0,0.0,0.0,0.0,0.0,58.97022504415895,5.070849130183298,False,False,True,False,False,,0,,,False,False,False,False,,,False,False,False,False,3417071,-5749076.914176427,False,False,False,False,2703497.6071161977,False,False,False,False
2022-02-15 00:00:00+00:00,64.7899147826,64.981472117,61.4289542792,63.7624708982,2835616,,,,,,,,,,,,,,,,,,,,,,,,"rgba(38, 166, 154, 0.5)",0.0,0.0,,,,0.0,0.0,0.0,0.0,0.0,0.0,0.0,0.0,57.82421764291362,5.070849130183298,False,False,True,False,False,,0,,,False,False,False,False,,,False,False,False,False,6252687,-5278419.505777352,False,False,False,False,2708678.720562621,False,False,False,False
2022-02-16 00:00:00+00:00,65.3558796343,65.7041656968,64.1586462943,64.5983574483,2885505,,,,,,,,,,,,,,,,,,,,,,,,"rgba(38, 166, 154, 0.5)",0.0,0.0,,,,0.0,0.0,0.0,0.0,0.0,0.0,0.0,0.0,57.88096749098537,5.070849130183298,False,False,True,False,False,,0,,,False,False,False,False,,,False,False,False,False,9138192,-4713062.191825299,False,False,False,False,2715613.0844621263,False,False,False,False
2022-02-17 00:00:00+00:00,67.1930886141,68.5775257127,66.4442735797,67.454303161,4359486,,,,,,,,,,,,,,,,,,,,,,,,"rgba(38, 166, 154, 0.5)",0.0,0.0,,,,0.0,0.0,0.0,0.0,0.0,0.0,0.0,0.0,60.23023072370288,5.070849130183298,False,False,True,False,False,,0,,,False,False,False,False,,,False,False,False,False,13497678,-3998915.517636072,False,False,False,False,2780078.6889930232,False,False,False,False
2022-02-18 00:00:00+00:00,65.9827945468,67.732932011,65.3907082405,67.6458604954,3007081,,,,,,,,,,,,,,,,,,,,,,,,"rgba(38, 166, 154, 0.5)",0.0,0.0,,,,0.0,0.0,0.0,0.0,0.0,0.0,0.0,0.0,59.48400103814855,5.070849130183298,False,False,True,False,False,,0,,,False,False,False,False,,,False,False,False,False,10490597,-3430699.340473873,False,False,False,False,2788980.7404050613,False,False,False,False
2022-02-22 00:00:00+00:00,65.9479659406,67.0624813407,65.0859579358,66.4703950344,2672803,,,,,,,,,,,,,,,,,,,,,,,,"rgba(38, 166, 154, 0.5)",0.0,0.0,,,,0.0,0.0,0.0,0.0,0.0,0.0,0.0,0.0,58.92135728934154,5.070849130183298,False,False,True,False,False,,0,,,False,False,False,False,,,False,False,False,False,7817794,-2989581.954572937,False,False,False,False,2784424.750585255,False,False,False,False
2022-02-23 00:00:00+00:00,65.3994153921,66.5487593984,65.2252723608,66.3920306703,1564606,,,,,,,,,,,,,,,,,,,,,,,,"rgba(38, 166, 154, 0.5)",0.0,0.0,,,,0.0,0.0,0.0,0.0,0.0,0.0,0.0,0.0,57.48329100476455,5.070849130183298,False,False,True,False,False,,0,,,False,False,False,False,,,False,False,False,False,6253188,-2627120.3877269393,False,False,False,False,2736588.72115054,False,False,False,False
2022-02-24 00:00:00+00:00,67.4630103126,67.6284461923,64.8682791467,65.1033722389,5500158,,,,,,,,,,,,,,,,,,,,,,,,"rgba(38, 166, 154, 0.5)",0.0,0.0,,,,0.0,0.0,0.0,0.0,0.0,0.0,0.0,0.0,59.337122626195914,5.070849130183298,False,False,True,False,False,,1,,,False,False,False,False,,,False,False,False,False,11753346,-2063180.5293847062,False,False,False,False,2844963.9869877733,False,False,False,False
2022-02-25 00:00:00+00:00,70.7194849973,70.7717279066,66.9057526125,67.9593179517,6068045,,,,,,,,,,,,,,,,,,,,,,,,"rgba(38, 166, 154, 0.5)",0.0,0.0,,,,0.0,0.0,0.0,0.0,0.0,0.0,0.0,0.0,63.578077939078895,7.479667178506645,False,False,True,False,True,,0,,,False,False,False,False,,,False,False,False,False,17821391,-1283393.4105853061,False,False,False,False,2971359.32083139,False,False,False,False
2022-02-28 00:00:00+00:00,74.872796293,74.9859892633,70.5801705723,70.9719923926,8293616,,,,,,,,,,,,,,,,,,,,,,,,"rgba(38, 166, 154, 0.5)",0.0,0.0,,,,0.0,0.0,0.0,0.0,0.0,0.0,0.0,0.0,68.78010046121051,12.397405574797936,False,False,True,False,True,,0,,,False,False,False,False,,,False,False,False,False,26115007,-208946.3356603922,False,False,False,False,3180075.2690340807,False,False,False,False
2022-03-01 00:00:00+00:00,73.9498382273,76.9799269713,73.2619732538,74.8466748383,4868810,,,,,,,,,,,,,,,,,,,,,,,,"rgba(38, 166, 154, 0.5)",0.0,0.0,,,,0.0,0.0,0.0,0.0,0.0,0.0,0.0,0.0,70.69949429913795,14.136727474575991,False,False,True,False,True,,0,,,False,False,False,False,,,False,False,False,False,21246197,632431.8343655055,False,False,False,False,3246300.1604445092,False,False,False,False
2022-03-02 00:00:00+00:00,76.6229337572,78.2250496448,74.9076248992,75.2036680524,6768664,,,,,,,,,,,,,,,,,,,,,,,,"rgba(38, 166, 154, 0.5)",0.0,0.0,,,,0.0,0.0,0.0,0.0,0.0,0.0,0.0,0.0,73.31568196253244,16.592148620766153,False,False,True,False,True,,0,,,False,False,False,False,,,False,False,False,False,28014861,1706252.585959015,False,False,False,False,3384432.0757211954,False,False,False,False
2022-03-03 00:00:00+00:00,78.0857352198,79.1908468962,76.3617192103,77.4936489135,5205388,,,,,,,,,,,,,,,,,,,,,,,,"rgba(38, 166, 154, 0.5)",0.0,0.0,,,,0.0,0.0,0.0,0.0,0.0,0.0,0.0,0.0,75.67897376246998,18.833620837699385,False,False,True,False,True,,0,,,False,False,False,False,,,False,False,False,False,33220249,2942095.5825880733,False,False,False,False,3455842.111967423,False,False,False,False
2022-03-04 00:00:00+00:00,82.7092327,82.7788899125,77.6590847932,77.8680564307,8018529,,,,,,,,,,,,,,,,,,,,,,,,"rgba(38, 166, 154, 0.5)",0.0,0.0,,,,0.0,0.0,0.0,0.0,0.0,0.0,0.0,0.0,78.76582521589921,21.768786429722383,False,False,True,False,True,,0,,,False,False,False,False,,,False,False,False,False,41238778,4443926.265623835,False,False,False,False,3634771.009537328,False,False,False,False
2022-03-07 00:00:00+00:00,86.5403793878,88.490781338,83.5973621594,83.7802123422,11337402,,,,,,,,,,,,,,,,,,,,,,,,"rgba(38, 166, 154, 0.5)",0.0,0.0,,,,0.0,0.0,0.0,0.0,0.0,0.0,0.0,0.0,81.69811016567218,24.545739085098177,False,False,True,False,True,,0,,,False,False,False,False,,,False,False,False,False,52576180,6331465.627756234,False,False,False,False,3936834.969947629,False,False,False,False
2022-03-08 00:00:00+00:00,82.5525039718,86.5142579331,81.9517105139,84.7205847111,9054270,,,,,,,,,,,,,,,,,,,,,,,,"rgba(38, 166, 154, 0.5)",0.0,0.0,,,,0.0,0.0,0.0,0.0,0.0,0.0,0.0,0.0,78.79993361749804,24.545739085098177,False,False,True,False,True,,0,,,False,False,False,False,,,False,False,False,False,43521910,7789914.426667755,False,False,False,False,4137518.6966163497,False,False,False,False
2022-03-09 00:00:00+00:00,82.7440613062,82.787597064,77.4152845495,79.0261075887,7279254,,,,,,,,,,,,,,,,,,,,,,,,"rgba(38, 166, 154, 0.5)",0.0,0.0,,,,0.0,0.0,0.0,0.0,0.0,0.0,0.0,0.0,76.94618620790163,24.545739085098177,False,False,True,False,False,,0,,,False,False,False,False,,,False,False,False,False,50801164,9476630.096210195,False,False,False,False,4260724.002631395,False,False,False,False
2022-03-10 00:00:00+00:00,88.7258744302,88.908724613,84.2500502406,84.8773134392,8450397,,,,,,,,,,,,,,,,,,,,,,,,"rgba(38, 166, 154, 0.5)",0.0,0.0,,,,0.0,0.0,0.0,0.0,0.0,0.0,0.0,0.0,77.76444280421825,24.545739085098177,False,False,True,False,False,,0,,,False,False,False,False,,,False,False,False,False,59251561,11428588.170868618,False,False,False,False,4425024.904488988,False,False,False,False
2022-03-11 00:00:00+00:00,88.290516852,89.0306247349,85.7219071409,85.7567357471,4644146,,,,,,,,,,,,,,,,,,,,,,,,"rgba(38, 166, 154, 0.5)",0.0,0.0,,,,0.0,0.0,0.0,0.0,0.0,0.0,0.0,0.0,77.83086483579133,24.545739085098177,False,False,True,False,False,,0,,,False,False,False,False,,,False,False,False,False,54607415,13121875.497501222,False,False,False,False,4433617.888626675,False,False,False,False
2022-03-14 00:00:00+00:00,86.2530433862,87.2630729676,83.4036280371,86.7667653285,5642400,,,,,,,,,,,,,,,,,,,,,,,,"rgba(38, 166, 154, 0.5)",0.0,0.0,,,,0.0,0.0,0.0,0.0,0.0,0.0,0.0,0.0,75.6599001445512,24.545739085098177,False,False,True,False,False,,0,,,False,False,False,False,,,False,False,False,False,48965015,14527488.811324704,False,False,False,False,4481021.108680531,False,False,False,False
2022-03-15 00:00:00+00:00,84.8337776814,85.6087141705,82.2738751218,83.2839047031,4037454,,,,,,,,,,,,,,,,,,,,,,,,"rgba(38, 166, 154, 0.5)",0.0,0.0,,,,0.0,0.0,0.0,0.0,0.0,0.0,0.0,0.0,72.75506972446156,29.473613503760063,False,False,True,False,False,20.0,0,,,False,False,False,False,0.25458903006020145,0.25458903006020145,False,False,False,False,44927561,15719648.504998244,False,False,False,False,4463626.320104824,False,False,False,False
2022-03-16 00:00:00+00:00,81.690495967,86.6535723581,80.7849522045,85.5651784127,6189022,,,,,,,,,,,,,,,,,,,,,,,,"rgba(38, 166, 154, 0.5)",0.0,0.0,,,,0.0,0.0,0.0,0.0,0.0,0.0,0.0,0.0,67.91856424444734,24.795611161531923,False,False,True,False,False,18.04520805767377,0,1.0514401801162547,0.8586282118895158,False,False,False,False,0.24902987346465502,0.25180945176242825,False,False,False,False,38738539,16622350.09303753,False,False,False,False,4531288.895786989,False,False,False,False
2022-03-17 00:00:00+00:00,85.539056958,85.8742822932,82.8572542765,83.0226901562,6368433,,,,,,,,,,,,,,,,,,,,,,,,"rgba(38, 166, 154, 0.75)",0.0,0.0,,,,0.0,0.0,0.0,0.0,0.0,0.0,0.0,0.0,66.76739065326191,23.65941124537771,True,False,True,False,False,20.0,0,1.0840048705056344,0.8565274920818264,False,False,False,False,0.2652601728121685,0.25853481228729835,False,False,False,False,45106972,17739394.089389,False,False,False,False,4603333.762618871,False,False,False,False
2022-03-18 00:00:00+00:00,86.7667653285,87.454630302,85.1820637439,85.539056958,3299715,,,,,,,,,,,,,,,,,,,,,,,,"rgba(38, 166, 154, 0.75)",0.0,0.0,,,,0.0,0.0,0.0,0.0,0.0,0.0,0.0,0.0,66.58831016810069,23.314207502970618,True,False,True,False,False,20.0,0,1.1076015281220004,0.8185301459408103,False,False,False,False,0.31515920117467167,0.286847006730985,False,False,False,False,48406687,18942033.02706002,False,False,False,False,4552211.458202446,False,False,False,False
2022-03-21 00:00:00+00:00,91.6166487492,91.8343275383,88.0024842783,88.4385384286,4611306,,,,,,,,,,,,,,,,,,,,,,,,"rgba(38, 166, 154, 0.75)",0.0,0.0,,,,0.0,0.0,0.0,0.0,0.0,0.0,0.0,0.0,68.46728016617297,23.314207502970618,True,False,True,False,False,20.0,0,1.125172323118538,0.7778737427084791,False,False,False,False,0.3428282519957067,0.31483762936334586,False,False,False,False,53017993,20278345.18286159,False,False,False,False,4554528.891214115,False,False,False,False
2022-03-22 00:00:00+00:00,91.041976746,92.0694206305,89.7968540725,91.8778632961,4214452,,,,,,,,,,,,,,,,,,,,,,,,"rgba(38, 166, 154, 0.75)",0.0,0.0,,,,0.0,0.0,0.0,0.0,0.0,0.0,0.0,0.0,69.17544982215662,23.314207502970618,True,False,True,False,False,20.0,0,1.1329573399820803,0.7770933559594531,False,False,False,False,0.3428282520733471,0.32883294071834646,False,False,False,False,48803541,21396980.31294545,False,False,False,False,4541192.542539052,False,False,False,False
2022-03-23 00:00:00+00:00,91.860448993,93.8979224588,90.5543762585,91.9475205086,2698898,,,,,,,,,,,,,,,,,,,,,,,,"rgba(38, 166, 154, 1.0)",0.0,0.0,,,,0.0,0.0,0.0,0.0,0.0,0.0,0.0,0.0,69.98300268753664,23.314207502970618,True,False,True,False,True,20.0,0,1.147856722233937,0.7610804600325706,False,False,False,False,0.34282825213488094,0.3358305964266137,False,False,False,False,51502439,22577586.5359672,False,False,False,False,4468945.697733599,False,False,False,False
2022-03-24 00:00:00+00:00,93.0272073025,94.3322351788,91.4599200211,92.1216635399,2720804,,,,,,,,,,,,,,,,,,,,,,,,"rgba(38, 166, 154, 1.0)",0.0,0.0,,,,0.0,0.0,0.0,0.0,0.0,0.0,0.0,0.0,71.00350002995174,23.314207502970618,True,False,True,False,True,20.0,0,1.1487848332630997,0.7661043196193625,False,False,False,False,0.3428282521809711,0.3393294243037924,False,False,False,False,54223243,23818592.671811625,False,False,False,False,4400391.121351889,False,False,False,False
2022-03-25 00:00:00+00:00,94.4116444011,94.7686376151,92.9706108173,93.1665217275,2111890,,,,,,,,,,,,,,,,,,,,,,,,"rgba(38, 166, 154, 1.0)",0.0,0.0,,94.05029761116668,,0.0,0.0,0.0,0.0,0.0,0.0,0.0,0.0,72.243846837099,23.314207502970618,True,False,True,False,True,20.0,0,1.1472928445811803,0.7718719963445722,False,False,False,False,0.34282825224472374,0.3410788382742581,False,False,False,False,56335133,25093751.116054304,False,False,False,False,4310645.97933809,False,False,False,False
2022-03-28 00:00:00+00:00,92.896600029,93.2187646369,90.7720550476,92.5744354212,4244000,,,,,,,,,,,,,,,,,,,,,,,,"rgba(38, 166, 154, 1.0)",0.0,0.0,,92.87877639639423,,0.0,0.0,0.0,0.0,0.0,0.0,0.0,0.0,71.33237957277566,23.314207502970618,True,False,True,False,True,20.0,0,1.1239197528155929,0.7791128278851288,False,False,False,False,0.30266260517934185,0.3218707217268,False,False,False,False,52091133,26152471.974248253,False,False,False,False,4308032.4115209095,False,False,False,False
2022-03-29 00:00:00+00:00,88.2295667911,89.2395963724,83.4754620375,87.2979015738,6979022,,,,,,,,,,,,,,,,,,,,,,,,"rgba(38, 166, 154, 0.75)",0.0,0.0,,89.79237204289431,,0.0,0.0,0.0,0.0,0.0,0.0,0.0,0.0,66.29334189499163,21.720235278827772,True,False,True,False,False,18.872601063840854,0,1.066825963117014,0.7905029170998998,False,False,False,False,0.1868389060425626,0.2543548138846813,False,False,False,False,45112111,26895987.230160087,False,False,False,False,4412777.101265187,False,False,False,False
2022-03-30 00:00:00+00:00,89.2831321303,91.6276235481,88.5745358435,90.0354689285,2964126,,,,,,,,,,,,,,,,,,,,,,,,"rgba(38, 166, 154, 0.75)",0.0,0.0,,89.79892959750981,,0.0,0.0,0.0,0.0,0.0,0.0,0.0,0.0,63.59571403958005,19.16545156813659,True,False,True,False,False,19.809141961015044,0,1.091415026767093,0.7849117497573505,False,False,False,False,0.2630066949322658,0.25868075440847355,False,False,False,False,48076237,27726585.26034989,False,False,False,False,4355967.254156749,False,False,False,False
2022-03-31 00:00:00+00:00,90.9715158752,92.2924793234,89.248139721,89.9742322124,3685545,,,,,,,,,,,,,,,,,,,,,,,,"rgba(38, 166, 154, 0.5)",0.0,0.0,,89.99043969543371,,0.0,0.0,0.0,0.0,0.0,0.0,0.0,0.0,62.82848582079504,18.40664142562403,False,False,True,False,False,20.0,0,1.086443108158856,0.7849041042004753,False,False,False,False,0.2769182354355028,0.2677994949219882,False,False,False,False,51761782,28669141.99523813,False,False,False,False,4329676.185366288,False,False,False,False
2022-04-01 00:00:00+00:00,90.7790576245,93.4516028788,90.2104309746,91.1902184329,2859234,,,,,,,,,,,,,,,,,,,,,,,,"rgba(38, 166, 154, 0.5)",0.0,0.0,,90.17692524342424,,0.0,0.0,0.0,0.0,0.0,0.0,0.0,0.0,62.1291413896185,17.61647281654504,False,False,True,False,False,20.0,0,1.0991720808375542,0.7755920560169448,False,False,False,False,0.29918602845046066,0.2834927616862244,False,False,False,False,48902548,29462608.897385657,False,False,False,False,4272011.785940159,False,False,False,False
2022-04-04 00:00:00+00:00,89.9304917009,92.1262653796,88.2771003651,91.8375780035,3510229,,,,,,,,,,,,,,,,,,,,,,,,"rgba(38, 166, 154, 0.5)",0.0,0.0,,90.16818239519152,,0.0,0.0,0.0,0.0,0.0,0.0,0.0,0.0,60.79871141529287,16.181413788010786,False,False,True,False,False,19.666753187686716,0,1.0933650121105956,0.7750310889769918,False,False,False,False,0.2650915049482846,0.2742921333172545,False,False,False,False,45392319,30087303.41121367,False,False,False,False,4242137.951197408,False,False,False,False
2022-04-05 00:00:00+00:00,88.530795332,91.8463261058,88.2071155467,91.1464779213,3244644,,,,,,,,,,,,,,,,,,,,,,,,"rgba(38, 166, 154, 0.5)",0.0,0.0,,90.09801349050852,,0.0,0.0,0.0,0.0,0.0,0.0,0.0,0.0,58.51857817222781,13.869113072758545,False,False,True,False,False,17.537966008334273,0,1.107955222686293,0.7731770070015196,False,False,False,False,0.26146718454863993,0.2678796589329472,False,False,False,False,42147675,30560259.159793526,False,False,False,False,4203020.5413465295,False,False,False,False
2022-04-06 00:00:00+00:00,88.5132991274,91.3214399674,88.0496497052,88.4433143089,3449923,,,,,,,,,,,,,,,,,,,,,,,,"rgba(38, 166, 154, 0.5)",0.0,0.0,,90.01416617217997,,0.0,0.0,0.0,0.0,0.0,0.0,0.0,0.0,56.980727820737606,12.288452425414462,False,False,True,False,False,17.511431313270336,0,1.106092382004834,0.7727788797063501,False,False,False,False,0.25441894018530353,0.26114929955912536,False,False,False,False,38697752,30879376.52607613,False,False,False,False,4173487.30443098,False,False,False,False
2022-04-07 00:00:00+00:00,91.2864475582,91.5838830366,88.8894675265,89.0294371634,2917257,,,,,,,,,,,,,,,,,,,,,,,,"rgba(38, 166, 154, 0.5)",0.0,0.0,,90.06059726822633,,0.0,0.0,0.0,0.0,0.0,0.0,0.0,0.0,58.21235958991417,12.288452425414462,False,False,True,False,False,20.0,0,1.097876713127119,0.7805727506045418,False,False,False,False,0.26581718357297907,0.2634832415660522,False,False,False,False,41615009,31300381.72113197,False,False,False,False,4124223.370923883,False,False,False,False
2022-04-08 00:00:00+00:00,92.7473806432,94.3220390582,91.4176690928,92.7736249502,3077338,,,,,,,,,,,,,,,,,,,,,,,,"rgba(38, 166, 154, 0.5)",0.0,0.0,,90.27880172542787,,0.0,0.0,0.0,0.0,0.0,0.0,0.0,0.0,60.06166901886197,12.288452425414462,False,False,True,False,True,20.0,0,1.114661598459634,0.7630848507785073,False,False,False,False,0.321277517967524,0.2923803797667881,False,False,False,False,44692347,31825556.830107186,False,False,False,False,4083169.0426523583,False,False,False,False
2022-04-11 00:00:00+00:00,94.2695504444,94.3657795698,90.5865993738,92.826113564,2734821,,,,,,,,,,,,,,,,,,,,,,,,"rgba(38, 166, 154, 0.5)",0.0,0.0,,90.46177595262442,,0.0,0.0,0.0,0.0,0.0,0.0,0.0,0.0,62.290973438705606,7.089060940130082,False,False,True,False,True,20.0,1,1.1132580706443644,0.7549937997369945,False,False,False,False,0.31266929561796,0.30252483769237404,False,False,False,False,47427168,32437384.719122592,False,False,False,False,4030292.6488228543,False,False,False,False
2022-04-12 00:00:00+00:00,95.231841698,96.404087407,94.2957947513,94.8469251966,2621639,,,,,,,,,,,,,,,,,,,,,,,,"rgba(38, 166, 154, 0.5)",0.0,0.0,,90.74807988819228,,0.0,0.0,0.0,0.0,0.0,0.0,0.0,0.0,64.37845042410459,9.138931478133536,False,False,True,False,True,20.0,1,1.1350701775119196,0.7460356352225834,False,False,False,False,0.342828252159533,0.32267654492595355,False,False,False,False,50048807,33128028.730137393,False,False,False,False,3975051.329261174,False,False,False,False
2022-04-13 00:00:00+00:00,96.0104228032,97.235157126,93.6309389761,96.6227899646,3198956,,,,,,,,,,,,,,,,,,,,,,,,"rgba(38, 166, 154, 0.5)",0.0,0.0,,91.0758766011868,,0.0,0.0,0.0,0.0,0.0,0.0,0.0,0.0,66.25289456291719,10.976598543186284,False,False,True,False,True,20.0,1,1.1205251342312241,0.7569768482063529,False,False,False,False,0.3428282521429873,0.3327523985344704,False,False,False,False,53247763,33917037.91719083,False,False,False,False,3944616.2183097554,False,False,False,False
2022-04-14 00:00:00+00:00,97.978745822,98.7485788248,95.5730176879,95.774224041,2850003,,,,,,,,,,,,,,,,,,,,,,,,"rgba(38, 166, 154, 1.0)",0.0,0.0,,91.43503594911704,,0.0,0.0,0.0,0.0,0.0,0.0,0.0,0.0,68.63786547713714,13.28384602499164,True,False,True,False,True,20.0,1,1.1199451584721722,0.7551575929245317,False,False,False,False,0.3428282522573815,0.33779032539592596,False,False,False,False,56097766,34786870.39102648,False,False,False,False,3901690.2097485885,False,False,False,False
2022-04-18 00:00:00+00:00,100.1657713983,102.5714995324,97.9000129012,98.2324407888,4532081,,,,,,,,,,,,,,,,,,,,,,,,"rgba(38, 166, 154, 1.0)",0.0,0.0,,96.18549385300375,,0.0,0.0,0.0,0.0,0.0,0.0,0.0,0.0,71.30803205004877,15.826246873543425,True,False,True,False,True,20.0,0,1.1365036830660777,0.7361564834749085,False,False,False,False,0.3428282524348269,0.34030928891537643,False,False,False,False,60629847,35800320.45412348,False,False,False,False,3926411.4172094283,False,False,False,False
2022-04-19 00:00:00+00:00,99.1509915309,99.652257793,97.4713558882,99.4571751116,2427867,,,,,,,,,,,,,,,,,,,,,,,,"rgba(38, 166, 154, 1.0)",0.0,0.0,,96.07140481282127,,0.0,0.0,0.0,0.0,0.0,0.0,0.0,0.0,71.59207118410814,16.150161692750885,True,False,True,False,True,20.0,0,1.1317864784111002,0.7504445163430822,False,False,False,False,0.3100216004432564,0.3251654446793164,False,False,False,False,58201980,36678816.906902954,False,False,False,False,3867644.969475725,False,False,False,False
2022-04-20 00:00:00+00:00,98.9585332802,100.4369625698,96.0191709055,98.9497851779,2702969,,,,,,,,,,,,,,,,,,,,,,,,"rgba(38, 166, 154, 1.0)",0.0,0.0,13.69817177743179,96.03453102174876,0.2134593072681884,0.0,0.0,0.0,0.0,0.0,0.0,0.0,0.0,71.49114120099205,16.219676478265654,True,False,True,False,True,20.0,0,1.122016105744231,0.7496889786269546,False,False,False,False,0.30317633557726437,0.31417089012829036,False,False,False,False,55499011,37416863.73408323,False,False,False,False,3821971.4020453044,False,False,False,False
2022-04-21 00:00:00+00:00,94.400771979,99.8422665751,93.6309389761,99.5184118277,3536150,,,,,,,,,,,,,,,,,,,,,,,,"rgba(38, 166, 154, 0.5)",0.0,0.0,13.813618793424158,95.66906076493441,-0.09181437571870545,0.0,0.0,0.0,0.0,-1.0,96.0191709055,95.2580860049,0.0,65.7400005957366,21.225933037275993,False,False,True,False,False,18.471569803487903,0,1.101772136972604,0.7663219233155698,False,False,False,False,0.2743136908180793,0.29424229047318484,False,False,False,False,51962861,37987294.9994133,False,False,False,False,3810762.719612155,False,False,False,False
2022-04-22 00:00:00+00:00,90.8140500337,95.2580860049,90.7528133176,93.4822212369,3146264,,,,,,,,,,,,,,,,,,,,,,,,"rgba(38, 166, 154, 0.5)",0.0,0.0,13.816815810736967,95.06041456715553,-0.30733307815797245,0.0,0.0,0.0,0.0,0.0,0.0,0.0,0.0,58.804683478946316,14.865107917128952,False,True,True,False,False,13.552309884839676,0,1.0751480972322751,0.8013843809464936,False,False,False,False,0.20391339639360193,0.2490778434333934,False,False,False,False,48816597,38411973.509240225,False,False,False,False,3784703.946294031,False,False,False,False
2022-04-25 00:00:00+00:00,87.1136027585,88.0933902167,83.9905302354,87.472274953,7621994,,,,,,,,,,,,,,,,,,,,,,,,#000000,0.0,0.0,13.742383545585358,90.80139873864528,-0.2683519906071869,0.0,0.0,0.0,0.0,0.0,0.0,0.0,0.0,51.74047511761166,8.620191238069353,False,True,False,False,False,8.903611968327638,0,1.0531090205326694,0.8379899795368115,False,False,False,False,0.07717505135840479,0.1631264473958991,False,False,False,False,41194603,38521096.23436806,False,False,False,False,3935185.9091844615,False,False,False,False
2022-04-26 00:00:00+00:00,86.5537242109,88.4608105135,84.9440733867,87.5335116692,4122102,,,,,,,,,,,,,,,,,,,,,,,,"rgba(239, 83, 80, 1.0)",0.0,0.0,13.643259745065697,90.38413567457035,-0.2807548588273176,0.0,0.0,0.0,0.0,0.0,0.0,0.0,0.0,46.69997034358695,4.377577860113895,False,True,False,True,False,8.22905300795804,0,1.0540000978270454,0.8323499679336113,False,False,False,False,0.08902851822952051,0.1260774828127098,False,False,False,False,37072501,38464288.57811834,False,False,False,False,3942515.9519615415,False,False,False,False
2022-04-27 00:00:00+00:00,88.4345662066,89.1344143911,84.9703176936,87.472274953,3300977,,,,,,,,,,,,,,,,,,,,,,,,"rgba(239, 83, 80, 1.0)",0.0,0.0,13.550621101588177,90.21620836072877,-0.1314804790696982,0.0,0.0,0.0,0.0,0.0,0.0,0.0,0.0,45.21774761741502,3.3596980662675264,False,True,False,True,False,10.019874165047174,0,1.0670510607142114,0.8276132932728196,False,False,False,False,0.09531841654378889,0.11069794967824935,False,False,False,False,40373478,38539158.75152546,False,False,False,False,3917357.56168854,False,False,False,False
2022-04-28 00:00:00+00:00,88.618276355,89.361865051,86.3087773464,89.1169181865,2941244,,,,,,,,,,,,,,,,,,,,,,,,"rgba(239, 83, 80, 1.0)",0.0,0.0,13.44011876913779,90.13224452211006,-0.11264544555860159,0.0,0.0,0.0,0.0,0.0,0.0,0.0,0.0,44.41170958726498,2.7171249513879516,False,True,False,True,False,10.193111148544148,0,1.082296284057843,0.8185649663339539,False,False,False,False,0.09849636486653879,0.10459715727239408,False,False,False,False,43314722,38726435.74166171,False,False,False,False,3879078.598485068,False,False,False,False
2022-04-29 00:00:00+00:00,85.9501051518,91.6363716504,85.6351734689,89.589315711,4584524,,,,,,,,,,,,,,,,,,,,,,,,"rgba(239, 83, 80, 1.0)",0.0,0.0,13.316433728867588,89.95892902119833,-0.3010433537252494,0.0,0.0,0.0,0.0,0.0,0.0,0.0,0.0,42.00112624591681,0.3902348750865343,False,True,False,True,False,6.9550126480981795,0,1.0630579501505137,0.8147713893833052,False,False,False,False,0.1075224946965472,0.10605982598447064,False,False,False,False,38730198,38726583.28120439,False,False,False,False,3906743.1240346734,False,False,False,False
2022-05-02 00:00:00+00:00,86.7899229732,87.7347180222,84.6291417037,85.4427152181,4154193,,,,,,,,,,,,,,,,,,,,,,,,"rgba(239, 83, 80, 1.0)",0.0,0.0,13.223991678984186,89.6871631813487,-0.21908968777960106,0.0,0.0,0.0,0.0,0.0,0.0,0.0,0.0,41.30462202035425,-0.42313780398473,False,True,False,True,False,7.775661623663115,0,1.0518453281492706,0.847254543568403,False,False,False,False,0.06003225716753395,0.08304604157600229,False,False,False,False,42884391,38889634.56429441,False,False,False,False,3916447.0407391964,False,False,False,False
2022-05-03 00:00:00+00:00,92.397456551,93.5522060554,86.9102093799,90.105453747,8118116,,,,,,,,,,,,,,,,,,,,,,,,"rgba(239, 83, 80, 0.75)",0.0,0.0,13.163915283438675,89.99226462059175,0.1827109851910234,0.0,0.0,0.0,0.0,0.0,0.0,0.0,0.0,45.688776203787654,-0.42313780398473,False,True,False,True,True,12.880152106244804,0,1.0667514423856936,0.816758974789466,False,False,False,False,0.13864744990354666,0.11084674573977447,False,False,False,False,51002507,39364649.16961621,False,False,False,False,4081218.3724749144,False,False,False,False
2022-05-04 00:00:00+00:00,93.8758858407,94.1820694214,91.0852412052,93.141045247,4054342,,,,,,,,,,,,,,,,,,,,,,,,#000000,0.0,0.0,13.126102380035052,90.2472982695353,0.27644059646249663,0.0,0.0,0.0,0.0,0.0,0.0,0.0,0.0,49.60739083632642,-8.852287916653808,False,True,False,False,True,14.123739828564112,0,1.088624832362236,0.8113215221930313,False,False,False,False,0.18604528507219514,0.14844601540598482,False,False,False,False,55056849,39980029.55512146,False,False,False,False,4080164.3970837416,False,False,False,False
2022-05-05 00:00:00+00:00,90.5603550669,94.3220390582,89.2673855461,94.2345580352,3919731,,,,,,,,,,,,,,,,,,,,,,,,#000000,0.0,0.0,13.065676333532162,90.34581109057318,0.016420426379016483,0.0,0.0,0.0,0.0,0.0,0.0,0.0,0.0,49.55278245362234,-8.768841680445071,False,True,False,False,True,10.219715187848013,0,1.077471006265888,0.8115667438350299,False,False,False,False,0.16763651789132922,0.15804126664865703,False,False,False,False,51137118,40417562.43531277,False,False,False,False,4073872.8913157517,False,False,False,False
2022-05-06 00:00:00+00:00,90.7965538291,91.2427070467,87.7434661245,89.790522064,3045819,,,,,,,,,,,,,,,,,,,,,,,,#000000,0.0,0.0,12.992828845299723,90.34197950251466,0.034986555429750855,0.0,0.0,0.0,0.0,0.0,0.0,0.0,0.0,49.698328405052735,-8.308397069220334,False,True,False,False,True,10.425341999253977,0,1.0715242277512484,0.8324467496966345,False,False,False,False,0.10455654959641683,0.13129890812253692,False,False,False,False,54182937,40957381.04569266,False,False,False,False,4033557.052440624,False,False,False,False
2022-05-09 00:00:00+00:00,81.2436261115,88.3558332859,80.8674577123,87.9971610913,5212015,,,,,,,,,,,,,,,,,,,,,,,,"rgba(239, 83, 80, 1.0)",0.0,0.0,12.827257091416806,88.2623965171658,-0.5471762478638017,0.0,0.0,0.0,0.0,0.0,0.0,0.0,0.0,44.388483222741556,-8.308397069220334,False,True,False,True,False,0.5308387781978077,0,1.0159000128987485,0.8541782464781327,False,False,False,False,-0.045656755094437534,0.04282107651404969,False,False,False,False,48970922,41271637.55370471,False,False,False,False,4079771.089599815,False,False,False,False
2022-05-10 00:00:00+00:00,82.4858566389,86.8217660656,81.602298306,83.7368352686,3304295,,,,,,,,,,,,,,,,,,,,,,,,"rgba(239, 83, 80, 1.0)",0.0,0.0,12.63557750267293,88.07781152194818,-0.4425563360175071,0.0,0.0,0.0,0.0,0.0,0.0,0.0,0.0,41.82781903083381,-8.308397069220334,False,True,False,True,False,1.6580347840010567,0,1.0003344806250718,0.8802731156717335,False,False,False,False,-0.09134577501394234,-0.024262349249946323,False,False,False,False,52275217,41703150.47316727,False,False,False,False,4049360.262556685,False,False,False,False
2022-05-11 00:00:00+00:00,84.8828366706,87.4110382369,83.0719794933,83.0894756979,3229203,,,,,,,,,,,,,,,,,,,,,,,,"rgba(239, 83, 80, 1.0)",0.0,0.0,12.41859155486142,88.05555857486345,-0.25548162126496954,0.0,0.0,0.0,0.0,0.0,0.0,0.0,0.0,41.936067266206344,-8.308397069220334,False,True,False,True,False,3.780582864418154,0,0.9919413162795424,0.8847672083014558,False,False,False,False,-0.08832981818685796,-0.05629608371840214,False,False,False,False,55504420,42244376.72912149,False,False,False,False,4017197.2326525017,False,False,False,False
2022-05-12 00:00:00+00:00,83.4656440971,84.3929429415,81.3660995438,83.5443770178,2982302,,,,,,,,,,,,,,,,,,,,,,,,"rgba(239, 83, 80, 1.0)",0.0,0.0,12.185493017294027,87.84166150884467,-0.3591169766815418,0.0,0.0,0.0,0.0,0.0,0.0,0.0,0.0,41.263609663468976,-1.2672383277738604,False,True,False,True,False,2.4286808038644025,0,0.978408762388498,0.9065134605190756,False,False,False,False,-0.18201875510740023,-0.11915741941290119,False,False,False,False,52522118,42647425.40641084,False,False,False,False,3976613.105881816,False,False,False,False
2022-05-13 00:00:00+00:00,86.5624723132,88.2421079559,85.4077228089,85.7751431057,2599195,,,,,,,,,,,,,,,,,,,,,,,,"rgba(239, 83, 80, 1.0)",0.0,0.0,11.958783590166385,87.90151481694593,-0.11197146379059938,0.0,0.0,0.0,0.0,0.0,0.0,0.0,0.0,43.07818163076105,-1.2672383277738604,False,True,False,True,False,5.103198731862925,0,0.9815991745798801,0.8943836126960275,False,False,False,False,-0.11004756015894139,-0.11460248978592129,False,False,False,False,55121313,43136597.46890454,False,False,False,False,3922596.7095727255,False,False,False,False
2022-05-16 00:00:00+00:00,88.6707649689,89.3181245395,86.641205234,87.699725613,2845248,,,,,,,,,,,,,,,,,,,,,,,,"rgba(239, 83, 80, 0.75)",0.0,0.0,11.71496209279616,88.02614541558732,0.05502532131188656,0.0,0.0,0.0,0.0,0.0,0.0,0.0,0.0,45.673757731587,-1.2672383277738604,False,True,False,True,True,6.848003281102102,1,0.9807258869634377,0.9046292981952391,False,False,False,False,-0.07187645607204414,-0.09323947292898271,False,False,False,False,57966561,43718164.6662024,False,False,False,False,3880347.7405698737,False,False,False,False
2022-05-17 00:00:00+00:00,91.1114855121,91.3564323767,88.5132991274,90.0792094401,2718107,,,,,,,,,,,,,,,,,,,,,,,,#000000,0.0,0.0,11.457523351066943,88.22457301426847,0.25196653843718303,0.0,0.0,0.0,0.0,0.0,0.0,0.0,0.0,48.88423556686898,-8.090987362053504,False,True,False,False,True,8.80012868783512,1,0.9653361957514615,0.9172111855710456,False,False,False,False,-0.007661878198952615,-0.050450675563967665,False,False,False,False,60684668,44383517.73811603,False,False,False,False,3834769.6723122317,False,False,False,False
2022-05-18 00:00:00+00:00,88.7494978896,91.5488906274,88.3820775928,90.7528133176,2883492,,,,,,,,,,,,,,,,,,,,,,,,#000000,0.0,0.0,11.187912051508794,88.3550614338332,0.035255591387456466,0.0,0.0,0.0,0.0,0.0,0.0,0.0,0.0,49.40674909929055,-7.385069740701525,False,True,False,False,True,6.495008242755436,1,0.9724795128152306,0.9063827945633955,False,False,False,False,-0.00665816123604404,-0.028554418400005853,False,False,False,False,57801176,44909700.41505266,False,False,False,False,3797464.6655548895,False,False,False,False
2022-05-19 00:00:00+00:00,88.6707649689,89.991728417,87.6909775107,87.9271762729,2693658,,,,,,,,,,,,,,,,,,,,,,,,#000000,0.0,0.0,10.973553988201214,88.41989465046173,0.022861355464966968,0.0,0.0,0.0,0.0,0.0,0.0,0.0,0.0,49.70115120333946,-6.799175560233024,False,True,False,False,True,6.418830786255022,1,0.9907631319561336,0.8944375116370517,False,False,False,False,-0.10366104337041157,-0.06610773088520872,False,False,False,False,55107518,45309614.83014864,False,False,False,False,3754178.1296507763,False,False,False,False
2022-05-20 00:00:00+00:00,84.8740885683,90.2804157931,83.4647692868,90.105453747,3455460,,,,,,,,,,,,,,,,,,,,,,,,#000000,0.0,0.0,10.744688209899666,88.34871764181088,-0.3233810982350812,0.0,0.0,0.0,0.0,0.0,0.0,0.0,0.0,47.46005126079632,-6.799175560233024,False,True,False,False,True,2.838595287759187,1,0.9444859593290609,0.9161597970974703,False,False,False,False,-0.18007837328717893,-0.12309305208619382,False,False,False,False,51652058,45558338.09171144,False,False,False,False,3742463.693193883,False,False,False,False
2022-05-23 00:00:00+00:00,88.7757421965,89.4056055625,84.8915847729,85.495203832,2622238,,,,,,,,,,,,,,,,,,,,,,,,#000000,0.0,0.0,10.478398313846832,88.35477531382958,0.040174735685904836,0.0,0.0,0.0,0.0,0.0,0.0,0.0,0.0,48.649064354168914,-6.799175560233024,False,True,False,False,True,6.019370230180936,1,0.9445117097953002,0.9213713191982985,False,False,False,False,-0.1692593355718271,-0.14617619382901045,False,False,False,False,54274296,45900140.36262472,False,False,False,False,3698533.2738529467,False,False,False,False
2022-05-24 00:00:00+00:00,86.8861520985,88.0365275517,85.5127000366,87.2010837815,1927301,,,,,,,,,,,,,,,,,,,,,,,,#000000,0.0,0.0,10.192546578120906,88.33335968317276,-0.14198685025185925,0.0,0.0,0.0,0.0,0.0,0.0,0.0,0.0,48.25210736425722,-6.799175560233024,False,True,False,False,True,4.292137321615691,1,0.9597466760650454,0.9202160159611549,False,False,False,False,-0.18392897139831993,-0.16505258261366518,False,False,False,False,52346995,46152958.1915414,False,False,False,False,3629073.184682243,False,False,False,False
2022-05-25 00:00:00+00:00,85.9850975611,87.04361794,84.637889806,85.9238608449,2415557,,,,,,,,,,,,,,,,,,,,,,,,#000000,0.0,0.0,9.890699861860995,88.27686006819704,-0.23170883143812476,0.0,0.0,0.0,0.0,0.0,0.0,0.0,0.0,47.42764502749358,-6.799175560233024,False,True,False,False,True,3.47805621368207,1,0.9638370106241595,0.9195179863553895,False,False,False,False,-0.22091936701653356,-0.19298597481509938,False,False,False,False,49931438,46301133.87030449,False,False,False,False,3581484.3146947045,False,False,False,False
2022-05-26 00:00:00+00:00,83.8418124962,85.783891208,83.2119491302,85.7576469011,2867544,,,,,,,,,,,,,,,,,,,,,,,,"rgba(239, 83, 80, 1.0)",0.0,0.0,9.61313295244966,88.15425443378754,-0.4485990112608004,0.0,0.0,0.0,0.0,0.0,0.0,0.0,0.0,45.58479983940691,-6.799175560233024,False,True,False,True,False,1.5699664883520796,1,0.9625940941038532,0.9287305888053003,False,False,False,False,-0.275200952088234,-0.23409346345166668,False,False,False,False,47063894,46331046.03225333,False,False,False,False,3553486.655294912,False,False,False,False
2022-05-27 00:00:00+00:00,83.605613734,84.1984726272,81.5148172829,83.5356289155,3568619,,,,,,,,,,,,,,,,,,,,,,,,"rgba(239, 83, 80, 1.0)",0.0,0.0,9.342673123098601,87.96317973879353,-0.46641533396046836,0.0,0.0,0.0,0.0,0.0,0.0,0.0,0.0,44.21421311380297,-6.799175560233024,False,True,False,True,False,1.3611836435251554,1,0.9492850373628047,0.9380710600002641,False,False,False,False,-0.34282825441539394,-0.2884608589335303,False,False,False,False,43495275,46219839.325106144,False,False,False,False,3554080.080577465,False,False,False,False
2022-05-31 00:00:00+00:00,85.0228063075,87.04361794,82.9495060611,83.6668504501,4333665,,,,,,,,,,,,,,,,,,,,,,,,"rgba(239, 83, 80, 1.0)",0.0,0.0,9.072711148591111,87.84765902550488,-0.3113570653512478,0.0,0.0,0.0,0.0,0.0,0.0,0.0,0.0,44.52748525172604,-6.799175560233024,False,True,False,True,False,2.5703277095564374,1,0.9453278800394324,0.9323566628911405,False,False,False,False,-0.2540619844317347,-0.2712614216826325,False,False,False,False,47828940,46282941.31235689,False,False,False,False,3584652.0382018783,False,False,False,False
2022-06-01 00:00:00+00:00,82.6083300711,86.3612659602,82.5820857642,86.1863039141,3173534,,,,,,,,,,,,,,,,,,,,,,,,"rgba(239, 83, 80, 1.0)",0.0,0.0,8.804784664725643,87.72934183450087,-0.5816169228893281,0.0,0.0,0.0,0.0,0.0,0.0,0.0,0.0,43.149321409542154,-2.1286917695281318,False,True,False,True,False,0.4174898848646613,1,0.935230531813002,0.9578921294554339,False,False,False,False,-0.27542610623510655,-0.2733437639588695,False,False,False,False,44655406,46219116.398146816,False,False,False,False,3568529.7621939615,False,False,False,False
2022-06-02 00:00:00+00:00,83.8768049054,85.5297588361,82.5033528435,82.8182845265,1937698,,,,,,,,,,,,,,,,,,,,,,,,"rgba(239, 83, 80, 1.0)",0.0,0.0,8.434905223631935,87.663531971299,-0.44893534254419243,0.0,0.0,0.0,0.0,0.0,0.0,0.0,0.0,43.3716999137046,-2.148121451501275,False,True,False,True,False,1.5108711615511012,1,0.9261572329339187,0.9633548923766455,False,False,False,False,-0.2941505613430854,-0.28374716265097744,False,False,False,False,46593104,46233782.57861164,False,False,False,False,3504575.575441257,False,False,False,False
2022-06-03 00:00:00+00:00,81.7947565567,83.3694149717,81.6110464083,83.2119491302,2825555,,,,,,,,,,,,,,,,,,,,,,,,"rgba(239, 83, 80, 1.0)",0.0,0.0,8.082791947809545,87.52234994640064,-0.7086157143080782,0.0,0.0,0.0,0.0,0.0,0.0,0.0,0.0,42.14769423466991,-3.5624984152881822,False,True,False,True,False,0.0,1,0.9149722079383786,0.9805662287837601,False,False,False,False,-0.34282825441539394,-0.31328770853318566,False,False,False,False,43767549,46137067.53631315,False,False,False,False,3477947.317580816,False,False,False,False
2022-06-06 00:00:00+00:00,80.7012437685,82.8357807311,80.1063728118,82.2584059789,3055594,,,,,,,,,,,,,,,,,,,,,,,,"rgba(239, 83, 80, 1.0)",0.0,0.0,7.738486051996418,87.34728575071222,-0.8588297423496198,0.0,0.0,0.0,0.0,0.0,0.0,0.0,0.0,40.65036433009979,-5.1864144241676655,False,True,False,True,False,0.0,1,0.9028506227338937,0.9853959594495607,False,False,False,False,-0.34282825441539394,-0.3280579814742898,False,False,False,False,40711955,45924318.02508518,False,False,False,False,3461384.4423815683,False,False,False,False
2022-06-07 00:00:00+00:00,78.3130118391,80.0101436864,77.4863161712,80.0101436864,6137478,,,,,,,,,,,,,,,,,,,,,,,,"rgba(239, 83, 80, 1.0)",0.0,0.0,7.470002930076334,86.87837410101753,-1.146634391190259,0.0,0.0,0.0,0.0,0.0,0.0,0.0,0.0,38.270495853117765,-7.571512579553044,False,True,False,True,False,0.0,0,0.8805321081839366,0.9982732400617543,False,False,False,False,-0.34282825441539394,-0.33544311794484183,False,False,False,False,34574477,45479226.220179886,False,False,False,False,3566329.2877783696,False,False,False,False
2022-06-08 00:00:00+00:00,77.2457433578,79.1528296605,75.9772685235,77.2107509486,4894663,,,,,,,,,,,,,,,,,,,,,,,,"rgba(239, 83, 80, 1.0)",0.0,0.0,7.160525807508282,86.49386222021803,-1.2915418659228597,0.0,0.0,0.0,0.0,0.0,0.0,0.0,0.0,36.110520440005054,-9.670621528445608,False,True,False,True,False,0.0,0,0.8896308289279532,1.0007609848517707,False,False,False,False,-0.34282825441539394,-0.3391356861801179,False,False,False,False,29679814,44859641.427231655,False,False,False,False,3618420.8059047083,False,False,False,False
2022-06-09 00:00:00+00:00,78.0680649746,79.284051195,76.1084900581,77.420705404,4279529,,,,,,,,,,,,,,,,,,,,,,,,"rgba(239, 83, 80, 1.0)",0.0,0.0,6.817525134363227,86.19851770476532,-1.19258126225078,0.0,0.0,0.0,0.0,0.0,0.0,0.0,0.0,35.618476622031196,-10.196583817867356,False,True,False,True,False,0.0,0,0.9273111785771732,0.9984549384459597,False,False,False,False,-0.33854724466927005,-0.33884146542469396,False,False,False,False,33959343,44432178.74381081,False,False,False,False,3644346.617437857,False,False,False,False
2022-06-10 00:00:00+00:00,75.6360925336,78.9341271028,75.2861684414,77.8581105192,4003070,,,,,,,,,,,,,,,,,,,,,,,,"rgba(239, 83, 80, 1.0)",0.0,0.0,6.478863481581619,85.90249488544944,-1.5845992713128143,0.0,0.0,0.0,0.0,0.0,0.0,0.0,0.0,33.911602995718376,-11.901020790495743,False,True,False,True,False,0.0,0,0.8987774887655852,1.014283289203459,False,False,False,False,-0.34282825441539394,-0.3408348599200439,False,False,False,False,29956273,43864496.16562215,False,False,False,False,3658414.2010677457,False,False,False,False
2022-06-13 00:00:00+00:00,73.7202581287,75.9466501655,73.212868195,73.9214644817,5163178,,,,,,,,,,,,,,,,,,,,,,,,"rgba(239, 83, 80, 1.0)",0.0,0.0,6.262355076854331,85.45547669965602,-1.8739305623741136,0.0,0.0,0.0,0.0,0.0,0.0,0.0,0.0,31.820235930456807,-13.932731152309813,False,True,False,True,False,0.0,0,0.8844919300228603,1.0330855199187503,False,False,False,False,-0.34282825441539394,-0.34183155716771896,False,False,False,False,24793095,43116598.08069579,False,False,False,False,3717424.5461239126,False,False,False,False
2022-06-14 00:00:00+00:00,76.3009483088,77.70939278,74.472594927,74.6650531777,4721499,,,,,,,,,,,,,,,,,,,,,,,,"rgba(239, 83, 80, 1.0)",0.0,0.0,6.097934166060149,85.14461491803858,-1.450272562544315,0.0,0.0,0.0,0.0,0.0,0.0,0.0,0.0,33.3690644540857,-13.932731152309813,False,True,False,True,False,0.0,0,0.8826044213292074,1.026013474761011,False,False,False,False,-0.2997933838903423,-0.3208124705290306,False,False,False,False,29514594,42583186.15596262,False,False,False,False,3756800.014903367,False,False,False,False
2022-06-15 00:00:00+00:00,76.9658040841,77.8099959566,75.4873747944,77.2107509486,3807353,,,,,,,,,,,,,,,,,,,,,,,,"rgba(239, 83, 80, 0.75)",0.0,0.0,6.046163210373597,84.9263664680136,-1.3166304161712679,0.0,0.0,0.0,0.0,0.0,0.0,0.0,0.0,35.10941595020974,-13.932731152309813,False,True,False,True,True,0.0,0,0.8968986730679206,1.018857162470769,False,False,False,False,-0.2841882096484692,-0.30250034008874993,False,False,False,False,33321947,42220000.306709185,False,False,False,False,3758782.484907157,False,False,False,False
2022-06-16 00:00:00+00:00,74.56007595,76.7995901403,74.2014037555,75.1374507022,3841816,,,,,,,,,,,,,,,,,,,,,,,,"rgba(239, 83, 80, 0.75)",0.0,0.0,6.028684369707781,84.67570423367255,-1.6779163849579455,0.0,0.0,0.0,0.0,0.0,0.0,0.0,0.0,34.759374783468495,-13.932731152309813,False,True,False,True,True,0.0,0,0.8892630602869748,1.021868838686119,False,False,False,False,-0.31647269452669935,-0.30948651730772464,False,False,False,False,29480131,41720397.58879902,False,False,False,False,3762038.701185308,False,False,False,False
2022-06-17 00:00:00+00:00,72.6442415451,75.2336798276,72.1980883276,74.1926556532,3975433,,,,,,,,,,,,,,,,,,,,,,,,"rgba(239, 83, 80, 0.75)",0.0,0.0,6.13823751318265,84.38071187994984,-1.912026100268077,0.0,0.0,0.0,0.0,0.0,0.0,0.0,0.0,33.467240086373536,-13.932731152309813,False,True,False,True,True,0.0,0,0.8795432185478258,1.0273008723745791,False,False,False,False,-0.34282825441539394,-0.3261573858615593,False,False,False,False,25504698,41084487.80100299,False,False,False,False,3770407.1050603944,False,False,False,False
2022-06-21 00:00:00+00:00,75.4873747944,76.6421242988,74.5775721547,74.67380128,3274393,,,,,,,,,,,,,,,,,,,,,,,,"rgba(239, 83, 80, 0.75)",0.0,0.0,6.1963035780430165,84.19830129492902,-1.4058262947923874,0.0,0.0,0.0,0.0,0.0,0.0,0.0,0.0,35.64980340040503,-13.932731152309813,False,True,False,True,True,0.0,0,0.8800299975875469,1.013201921364208,False,False,False,False,-0.2907934262240748,-0.30847540604281704,False,False,False,False,28779091,40601923.220571496,False,False,False,False,3750955.5715286145,False,False,False,False
2022-06-22 00:00:00+00:00,75.4786266921,76.0909938535,72.6879820567,73.0291580466,3076324,,,,,,,,,,,,,,,,,,,,,,,,"rgba(239, 83, 80, 0.75)",0.0,0.0,6.318506385140365,84.01767578604466,-1.3514347495203132,0.0,0.0,0.0,0.0,0.0,0.0,0.0,0.0,37.098883569980885,-17.22232306639895,False,True,False,True,True,0.0,0,0.8581491965735655,1.0308182990446755,False,False,False,False,-0.3241294684903469,-0.31630243726658197,False,False,False,False,25702767,40017642.58447065,False,False,False,False,3724499.431468669,False,False,False,False
2022-06-23 00:00:00+00:00,69.0662677022,75.9160318074,69.005030986,75.6710849429,4679977,,,,,,,,,,,,,,,,,,,,,,,,"rgba(239, 83, 80, 1.0)",0.0,0.0,6.644637478177882,83.6549710956323,-2.1955604713340784,0.0,0.0,0.0,0.0,0.0,0.0,0.0,0.0,34.53286812698344,-17.22232306639895,False,True,False,True,False,0.0,0,0.8459291405929148,1.0314384564633599,False,False,False,False,-0.34282825441539394,-0.32956534584098796,False,False,False,False,21022790,39272746.40468749,False,False,False,False,3761969.1400385248,False,False,False,False
2022-06-24 00:00:00+00:00,70.1510323881,71.8569123376,68.7732062749,69.9673222396,5050144,,,,,,,,,,,,,,,,,,,,,,,,"rgba(239, 83, 80, 1.0)",0.0,0.0,6.897201285980344,83.25439480632119,-1.8998086143804218,0.0,0.0,0.0,0.0,0.0,0.0,0.0,0.0,33.927827243486306,-17.22232306639895,False,True,False,True,False,0.0,0,0.8268934365825292,1.062219733914493,False,False,False,False,-0.34282825441539394,-0.336196800128191,False,False,False,False,26072934,38755106.70254288,False,False,False,False,3812485.8012134843,False,False,False,False
2022-06-27 00:00:00+00:00,73.2041200927,73.414074548,69.8885893189,71.0608350278,3612637,,,,,,,,,,,,,,,,,,,,,,,,"rgba(239, 83, 80, 0.75)",0.0,0.0,7.053111304252111,83.02437497435221,-1.3923294923379246,0.0,0.0,0.0,0.0,0.0,0.0,0.0,0.0,36.372410148860986,-17.22232306639895,False,True,False,True,True,0.0,0,0.8358205194412801,1.0585753768136095,False,False,False,False,-0.3100956209251586,-0.3231462105266748,False,False,False,False,29685571,38399438.63577649,False,False,False,False,3804648.5933227595,False,False,False,False
2022-06-28 00:00:00+00:00,74.0264417094,77.8581105192,73.4490669572,75.5923520221,3758831,,,,,,,,,,,,,,,,,,,,,,,,"rgba(239, 83, 80, 0.75)",0.0,0.0,7.189012194642998,81.310429058876,-1.0132111550601859,0.0,0.0,0.0,0.0,0.0,0.0,0.0,0.0,38.71205120171419,-15.93288270410146,False,True,False,True,True,0.0,0,0.8439268846205312,1.0425641984215304,False,False,False,False,-0.21551696080787097,-0.2693315856672729,False,False,False,False,33444402,38205123.473589174,False,False,False,False,3802851.824957161,False,False,False,False
2022-06-29 00:00:00+00:00,72.381798476,74.9555495159,72.3290035828,74.493594201,2855035,,,,,,,,,,,,,,,,,,,,,,,,"rgba(239, 83, 80, 0.75)",0.0,0.0,7.357721904752682,81.02654310934463,-1.1749213608848958,0.0,0.0,0.0,0.0,0.0,0.0,0.0,0.0,39.203294328639956,-15.441851744099964,False,True,False,True,True,0.0,0,0.8248406803609909,1.0770882688603671,False,False,False,False,-0.2578226223379769,-0.2635771040026249,False,False,False,False,30589367,37906466.356977835,False,False,False,False,3765682.5377039392,False,False,False,False
2022-06-30 00:00:00+00:00,70.1204172204,71.2731057203,69.3020963769,71.2731057203,4143516,,,,,,,,,,,,,,,,,,,,,,,,"rgba(239, 83, 80, 0.75)",0.0,0.0,7.580820395892232,80.48946270192496,-1.3677999134689391,0.0,0.0,0.0,0.0,0.0,0.0,0.0,0.0,38.18448298780304,-15.441851744099964,False,True,False,True,True,0.0,0,0.8197112656521122,1.077787881412085,False,False,False,False,-0.34282825441539394,-0.30320267920900945,False,False,False,False,26445851,37457030.46062577,False,False,False,False,3780499.5362253534,False,False,False,False
2022-07-01 00:00:00+00:00,69.7068572242,71.1851142318,68.0262197931,69.3812887166,3544291,,,,,,,,,,,,,,,,,,,,,,,,"rgba(239, 83, 80, 0.75)",0.0,0.0,7.802775281043124,80.14360606908484,-1.337568809682495,0.0,0.0,0.0,0.0,0.0,0.0,0.0,0.0,37.266490782032434,-15.441851744099964,False,True,False,True,True,0.0,0,0.8194534098291805,1.0827286177402673,False,False,False,False,-0.34282825441539394,-0.3230154668122017,False,False,False,False,22901560,36886227.697463974,False,False,False,False,3771236.456373379,False,False,False,False
2022-07-05 00:00:00+00:00,65.7032444955,67.4542751175,64.2425857857,67.4014802244,4607217,,,,,,,,,,,,,,,,,,,,,,,,"rgba(239, 83, 80, 1.0)",0.0,0.0,8.120737484452052,79.52808317246306,-1.7024117210329806,0.0,0.0,0.0,0.0,0.0,0.0,0.0,0.0,34.596421108946565,-15.441851744099964,False,True,False,True,False,0.0,0,0.8059690403416155,1.0875591466187806,False,False,False,False,-0.34282825441539394,-0.3329218606137978,False,False,False,False,18294343,36157134.17991637,False,False,False,False,3804020.007103835,False,False,False,False
2022-07-06 00:00:00+00:00,65.2192913085,66.2047959802,63.0810981369,65.553658965,3630007,,,,,,,,,,,,,,,,,,,,,,,,"rgba(239, 83, 80, 1.0)",0.0,0.0,8.445396122492545,79.0947574224706,-1.6429621432458554,0.0,0.0,0.0,0.0,0.0,0.0,0.0,0.0,32.5955240521393,-12.777086792772302,False,True,False,True,False,0.0,0,0.8134234250315894,1.0710211824929792,False,False,False,False,-0.34282825441539394,-0.3378750575145959,False,False,False,False,14664336,35314279.34933141,False,False,False,False,3797195.9676095676,False,False,False,False
2022-07-07 00:00:00+00:00,67.727048732,68.2813951098,66.6887491672,66.9967193771,2656474,,,,,,,,,,,,,,,,,,,,,,,,"rgba(239, 83, 80, 1.0)",0.0,0.0,8.675719416759174,78.90444652118748,-1.2883539972023221,0.0,0.0,0.0,0.0,0.0,0.0,0.0,0.0,33.982815211948015,-12.777086792772302,False,True,False,True,False,0.0,0,0.8428126282751215,1.0355733634833997,False,False,False,False,-0.2693122996942752,-0.30359367860443554,False,False,False,False,17320810,34608653.10033803,False,False,False,False,3752461.7728013494,False,False,False,False
2022-07-08 00:00:00+00:00,67.1023091634,68.4133823427,65.9320223657,68.0614163885,2342158,,,,,,,,,,,,,,,,,,,,,,,,"rgba(239, 83, 80, 1.0)",0.0,0.0,8.874306059612291,78.7356752330221,-1.310904310880885,0.0,0.0,0.0,0.0,0.0,0.0,0.0,0.0,34.53547188941718,-12.777086792772302,False,True,False,True,False,0.0,0,0.8329300733057851,1.0370099074551964,False,False,False,False,-0.2772416622167184,-0.290417670410577,False,False,False,False,14978652,33838849.13561889,False,False,False,False,3697155.7424954143,False,False,False,False
2022-07-11 00:00:00+00:00,66.6447534229,67.2606938427,65.97601811,66.2927874688,1615906,,,,,,,,,,,,,,,,,,,,,,,,"rgba(239, 83, 80, 1.0)",0.0,0.0,9.074533903789343,78.61536788053488,-1.3191437251268843,0.0,0.0,0.0,0.0,0.0,0.0,0.0,0.0,34.620104293248886,-12.777086792772302,False,True,False,True,False,0.0,0,0.8304477940630086,1.047365530484181,False,False,False,False,-0.29139833628959305,-0.29090800335008504,False,False,False,False,13362746,33035864.69892795,False,False,False,False,3615538.1055348096,False,False,False,False
2022-07-12 00:00:00+00:00,65.4832657742,66.6887491672,65.2368896062,65.6328513047,1871673,,,,,,,,,,,,,,,,,,,,,,,,"rgba(239, 83, 80, 1.0)",0.0,0.0,9.279743402952901,78.46542894610498,-1.3989786794938668,0.0,0.0,0.0,0.0,0.0,0.0,0.0,0.0,33.95135746764819,-12.777086792772302,False,True,False,True,False,0.0,0,0.8177532950953061,1.052095345041608,False,False,False,False,-0.30828752746073873,-0.2995977654054119,False,False,False,False,11491073,32190970.90681313,False,False,False,False,3547151.2386510917,False,False,False,False
2022-07-13 00:00:00+00:00,66.521565339,67.8150402206,64.9553168429,64.9729151406,1922192,,,,,,,,,,,,,,,,,,,,,,,,"rgba(239, 83, 80, 1.0)",0.0,0.0,9.426350200422851,78.33032315507594,-1.2527391370995549,0.0,0.0,0.0,0.0,0.0,0.0,0.0,0.0,34.80673559450226,-12.777086792772302,False,True,False,True,False,0.0,0,0.8167610644232834,1.0593071722102445,False,False,False,False,-0.2973869340106292,-0.2984923497080205,False,False,False,False,13413265,31454590.283016536,False,False,False,False,3483427.3469392844,False,False,False,False
2022-07-14 00:00:00+00:00,63.2658802629,65.0873040757,62.4651577171,64.3217781254,2571877,,,,,,,,,,,,,,,,,,,,,,,,"rgba(239, 83, 80, 1.0)",0.0,0.0,9.61991013156664,75.67442712375157,-1.2898817859154774,0.0,0.0,0.0,0.0,0.0,0.0,0.0,0.0,33.34987149876423,-12.777086792772302,False,True,False,True,False,0.0,0,0.8017538849427612,1.0447352491996686,True,False,False,False,-0.34282825441539394,-0.32066030206170726,False,False,False,False,10841388,30646229.409172755,False,False,False,False,3447680.274510293,False,False,False,False
2022-07-15 00:00:00+00:00,64.4537653582,64.8585262055,63.4163457083,64.1281968506,1794647,,,,,,,,,,,,,,,,,,,,,,,,"rgba(239, 83, 80, 1.0)",0.0,0.0,9.78415532721915,75.59310454701155,-1.1385080077196166,0.0,0.0,0.0,0.0,0.0,0.0,0.0,0.0,33.83136774610498,-12.777086792772302,False,True,False,True,False,0.0,0,0.7883318453789977,1.0798945971021534,False,False,False,False,-0.3335855409345294,-0.32712292149811834,False,False,False,False,12636035,29939947.275479708,False,False,False,False,3382855.4402157716,False,False,False,False
2022-07-18 00:00:00+00:00,65.914424068,67.6390572435,65.6240521558,65.6944453467,3048966,,,,,,,,,,,,,,,,,,,,,,,,"rgba(239, 83, 80, 0.75)",0.0,0.0,9.949518959276777,75.61214038565883,-0.974691978310854,0.0,0.0,0.0,0.0,0.0,0.0,0.0,0.0,35.85033580131212,-12.777086792772302,False,True,False,True,True,0.0,0,0.7707878561674337,1.0697864957623113,False,False,False,False,-0.26904967396535484,-0.29808629773173656,False,False,False,False,15685001,29380929.774480503,False,False,False,False,3369761.7366778986,False,False,False,False
2022-07-19 00:00:00+00:00,69.0293227625,69.6021473529,65.9232232169,66.037612152,3268150,,,,,,,,,,,,,,,,,,,,,,,,"rgba(239, 83, 80, 0.5)",0.0,0.0,10.032869235681186,75.66264776522739,-0.6611593201211514,0.0,0.0,0.0,0.0,0.0,0.0,0.0,0.0,40.29954465441962,-13.724676741844945,False,False,False,True,True,0.0,0,0.7809626056897403,1.0599427068738945,False,False,False,False,-0.23370030057048405,-0.2658932991511103,False,False,False,False,18953151,28971997.273520485,False,False,False,False,3365776.96269053,False,False,False,False
2022-07-20 00:00:00+00:00,70.3139984952,70.7451567891,68.211001919,68.211001919,3136416,,,,,,,,,,,,,,,,,,,,,,,,"rgba(239, 83, 80, 0.5)",0.0,0.0,10.068514267989588,75.73210164822947,-0.5381234022039407,0.0,0.0,0.0,0.0,0.0,0.0,0.0,0.0,44.377385468070756,-10.039630913008281,True,False,False,True,True,0.0,0,0.8014838188443203,1.0362057335816008,False,False,False,False,-0.18850832632784975,-0.22720081273948003,False,False,False,False,22089567,28702098.047107916,False,False,False,False,3356782.4151340383,False,False,False,False
2022-07-21 00:00:00+00:00,69.7508529685,70.4635840257,68.5177402481,69.9268359456,1884978,,,,,,,,,,,,,,,,,,,,,,,,#000000,0.0,0.0,10.107478714281385,75.7402004152841,-0.5925659223324836,0.0,0.0,0.0,0.0,0.0,0.0,0.0,0.0,46.55863593448733,-8.190230714328727,True,False,False,False,True,0.0,0,0.8494873000172128,1.0369489502299025,False,False,False,False,-0.18817984307258548,-0.20769032790603276,False,False,False,False,20204589,28368862.398201723,False,False,False,False,3299064.5949327033,False,False,False,False
2022-07-22 00:00:00+00:00,68.9149338274,72.1794180523,68.6069636174,70.6395670028,2913453,,,,,,,,,,,,,,,,,,,,,,,,#000000,0.0,0.0,10.161987053708977,75.74531525210317,-0.6721501797436529,0.0,0.0,0.0,0.0,0.0,0.0,0.0,0.0,47.2029700415151,-7.698129728570194,True,False,False,False,True,0.0,0,0.8459284553463985,1.0199223695512183,False,False,False,False,-0.164718557061942,-0.18620444248398738,False,False,False,False,17291136,27934441.75513499,False,False,False,False,3283942.5716020092,False,False,False,False
2022-07-25 00:00:00+00:00,72.2234137966,72.2234137966,69.2888976537,69.7332546708,2000441,,,,,,,,,,,,,,,,,,,,,,,,"rgba(38, 166, 154, 1.0)",0.0,0.0,10.178065067059137,75.77535448299254,-0.34897995473503524,0.0,0.0,0.0,0.0,0.0,0.0,0.0,0.0,50.58554482427143,-4.567011962755942,True,False,True,False,True,0.0,0,0.8408949598510393,1.024742044428457,False,False,False,False,-0.15533509929866596,-0.17076977089132667,False,False,False,False,19291577,27595505.8823846,False,False,False,False,3233609.1766372244,False,False,False,False
2022-07-26 00:00:00+00:00,72.6017771973,73.1825210217,71.8539375362,72.4257942202,2462041,,,,,,,,,,,,,,,,,,,,,,,,"rgba(38, 166, 154, 1.0)",0.0,0.0,10.18538826084515,75.83959389972419,-0.31788839261739976,0.0,0.0,0.0,0.0,0.0,0.0,0.0,0.0,53.14167155898844,-2.255392140279916,True,False,True,False,True,0.0,0,0.8681927161198987,1.0035036832959516,False,False,False,False,-0.11013450034361721,-0.14045213561747194,False,False,False,False,21753618,27366412.239938144,False,False,False,False,3203351.6010828232,False,False,False,False
2022-07-27 00:00:00+00:00,73.4816920828,73.9039632363,71.2203108272,72.8569525141,1763874,,,,,,,,,,,,,,,,,,,,,,,,"rgba(38, 166, 154, 1.0)",0.0,0.0,10.145042862855624,75.88174021737403,-0.2365734839190685,0.0,0.0,0.0,0.0,0.0,0.0,0.0,0.0,55.560897564036594,-0.05764633306234401,True,False,True,False,True,0.0,0,0.8493340896047655,1.0226039498362236,False,False,False,False,-0.10901463432600741,-0.12473338497173968,False,False,False,False,23517492,27215474.191313118,False,False,False,False,3146901.4990795753,False,False,False,False
2022-07-28 00:00:00+00:00,73.3937005942,74.5111924987,72.5753797508,73.9656452698,2086820,,,,,,,,,,,,,,,,,,,,,,,,"rgba(38, 166, 154, 1.0)",0.0,0.0,10.076787566781498,75.93712317299952,-0.2524041081489113,0.0,0.0,0.0,0.0,0.0,0.0,0.0,0.0,57.06053923134571,1.3192901661747456,True,False,True,False,True,0.0,0,0.8498178939799278,1.026169927326103,False,False,False,False,-0.08405612187557762,-0.10439475342365864,False,False,False,False,21430672,26988619.203418486,False,False,False,False,3105329.6755862585,False,False,False,False
2022-07-29 00:00:00+00:00,75.3735090865,75.5758895101,73.164922724,74.2032222888,2386129,,,,,,,,,,,,,,,,,,,,,,,,"rgba(38, 166, 154, 1.0)",0.0,0.0,9.958392074205687,76.02062468233616,-0.06498193594047513,0.0,0.0,0.0,0.0,0.0,0.0,0.0,0.0,59.68634752445189,3.800548319949037,True,False,True,False,True,0.0,0,0.8413061115559938,1.0323916062136003,False,False,False,False,-0.06309792355640073,-0.08374633849002969,False,False,False,False,23816801,26864234.17583345,False,False,False,False,3077125.7275240524,False,False,False,False
2022-08-01 00:00:00+00:00,73.6136793156,75.0259427067,72.9185465561,74.7839661132,1678824,,,,,,,,,,,,,,,,,,,,,,,,"rgba(38, 166, 154, 1.0)",0.0,0.0,9.825017214758322,76.05552502747369,-0.24853347922950808,0.0,0.0,0.0,0.0,0.0,0.0,0.0,0.0,59.12765143486837,3.800548319949037,True,False,True,False,True,0.0,0,0.8376531058169391,1.0350433561848364,False,False,False,False,-0.061602391369273396,-0.07267436492965154,False,False,False,False,22137977,26678890.757173315,False,False,False,False,3022290.3656603643,False,False,False,False
2022-08-02 00:00:00+00:00,72.3026061363,73.8776537812,70.2700027509,73.0153371935,4316214,,,,,,,,,,,,,,,,,,,,,,,,"rgba(38, 166, 154, 1.0)",0.0,0.0,9.675447289196839,76.05191387584809,-0.3875074327296881,0.0,0.0,0.0,0.0,0.0,0.0,0.0,0.0,57.200569772548405,3.800548319949037,True,False,True,False,True,0.0,0,0.8266696191160191,1.0321819819834768,False,False,False,False,-0.09598214354491606,-0.0843282542372838,False,False,False,False,17821763,26331552.413754754,False,False,False,False,3073032.4689678014,False,False,False,False
2022-08-03 00:00:00+00:00,72.0562299684,73.6928716553,71.1675159341,73.0857303843,2416719,,,,,,,,,,,,,,,,,,,,,,,,"rgba(38, 166, 154, 0.75)",0.0,0.0,9.465205558288968,76.04827954125015,-0.42176047295181984,0.0,0.0,0.0,0.0,0.0,0.0,0.0,0.0,55.62515860765263,3.800548319949037,True,False,True,False,False,0.0,0,0.8549996165969642,1.0361373663032007,False,False,False,False,-0.08583544252846213,-0.08508184838287297,False,False,False,False,15405044,25903061.887725156,False,False,False,False,3047294.685871025,False,False,False,False
2022-08-04 00:00:00+00:00,72.5577814531,73.8512563346,70.6835627471,72.5401831553,2825564,,,,,,,,,,,,,,,,,,,,,,,,"rgba(38, 166, 154, 0.75)",0.0,0.0,9.167058561164932,76.04164026727739,-0.3800410776185397,0.0,0.0,0.0,0.0,0.0,0.0,0.0,0.0,55.134318508293504,3.800548319949037,True,False,True,False,False,0.0,0,0.8413546713523615,1.0298310585161832,False,False,False,False,-0.08653833953506207,-0.08581009395896752,False,False,False,False,18230608,25602181.343108483,False,False,False,False,3038599.364856475,False,False,False,False
2022-08-05 00:00:00+00:00,73.7368673995,73.8248588881,71.08392402,71.5106827394,2817926,,,,,,,,,,,,,,,,,,,,,,,,"rgba(38, 166, 154, 0.75)",0.0,0.0,8.866906208462073,76.04428274675628,-0.26022778328863055,0.0,0.0,0.0,0.0,0.0,0.0,0.0,0.0,56.08590067485555,3.800548319949037,True,False,True,False,False,0.0,0,0.8442070868808482,1.0259816767426782,False,False,False,False,-0.07053324103823011,-0.07817166749859882,False,False,False,False,21048534,25423606.937496386,False,False,False,False,3029945.507411123,False,False,False,False
2022-08-08 00:00:00+00:00,75.2591201513,75.8750605712,73.8160597392,74.7751669644,2522001,,,,,,,,,,,,,,,,,,,,,,,,"rgba(38, 166, 154, 0.75)",0.0,0.0,8.54041555774344,76.08807754534746,-0.09706288744882716,0.0,0.0,0.0,0.0,0.0,0.0,0.0,0.0,58.207666819718305,3.800548319949037,True,False,True,False,False,0.0,0,0.8670731941848733,1.0055472291420922,False,False,False,False,0.01428199282161855,-0.031944837338490135,False,False,False,False,23570535,25350937.44975143,False,False,False,False,3010026.114963628,False,False,False,False
2022-08-09 00:00:00+00:00,77.7316809794,78.0308520405,75.8310648269,76.0774409948,3220429,,,,,,,,,,,,,,,,,,,,,,,,"rgba(38, 166, 154, 1.0)",0.0,0.0,8.324047506183506,76.19363428125298,0.1847714945168775,0.0,0.0,0.0,0.0,0.0,0.0,0.0,0.0,61.618561584520556,6.172478750965723,True,False,True,False,True,1.7174277155260995,0,0.8872104742111936,0.9807119606819305,False,False,False,False,0.07930745126676915,0.023681306964139507,False,False,False,False,26790964,25407409.079172943,False,False,False,False,3018277.2084944663,False,False,False,False
2022-08-10 00:00:00+00:00,79.5179081969,80.0898528724,77.7228818306,78.5148052275,2639393,,,,,,,,,,,,,,,,,,,,,,,,"rgba(38, 166, 154, 1.0)",0.0,0.0,8.187485804207958,76.31050663408166,0.3917443815499368,0.0,0.0,0.0,0.0,0.0,0.0,0.0,0.0,65.07589967520332,9.448423367327933,True,False,True,False,True,3.3137979540473914,0,0.9105658112500491,0.9567170887128463,False,False,False,False,0.14151849930751184,0.08259990313582567,False,False,False,False,29430357,25565171.742734786,False,False,False,False,3003419.0042397813,False,False,False,False
2022-08-11 00:00:00+00:00,79.6498954297,81.5769090288,79.5135086224,80.3890239334,2211999,,,,,,,,,,,,,,,,,,,,,,,,"rgba(38, 166, 154, 1.0)",0.0,0.0,8.116635353935433,76.420236194598,0.3979061636095378,0.0,0.0,0.0,0.0,0.0,0.0,0.0,0.0,67.46538613203884,11.669137048589988,True,False,True,False,True,3.431348566652826,0,0.911727135163366,0.9651790064876352,False,False,False,False,0.20771749806601184,0.14515870060091876,False,False,False,False,31642356,25803492.694000088,False,False,False,False,2972382.925642143,False,False,False,False
2022-08-12 00:00:00+00:00,81.2865371166,81.3129345631,79.3155277732,79.4299167083,1438370,,,,,,,,,,,,,,,,,,,,,,,,"rgba(38, 166, 154, 1.0)",0.0,0.0,8.060759596623674,76.49204971385524,0.5947934987110868,0.0,0.0,0.0,0.0,0.0,0.0,0.0,0.0,70.07602212802495,14.106023647524808,True,False,True,False,True,4.886100871034429,0,0.911809098263169,0.9619400411564543,False,False,False,False,0.21241192900911662,0.1787853148050177,False,False,False,False,33080726,26088874.392274596,False,False,False,False,2912225.5560091175,False,False,False,False
2022-08-15 00:00:00+00:00,78.6555916091,79.993062235,78.1716384221,79.0515533076,2134140,,,,,,,,,,,,,,,,,,,,,,,,"rgba(38, 166, 154, 1.0)",0.0,0.0,7.960543204284158,76.56694569576887,0.2623747977659464,0.0,0.0,0.0,0.0,0.0,0.0,0.0,0.0,67.7295877935681,14.106023647524808,True,False,True,False,True,2.3084427620531613,0,0.8959694220250013,0.9565379729403025,False,False,False,False,0.21297452011183768,0.1958799174584277,False,False,False,False,30946586,26279372.886695202,False,False,False,False,2881712.3969499366,False,False,False,False
2022-08-16 00:00:00+00:00,80.4682162731,80.8333809506,79.0973088816,79.1219464984,1328311,,,,,,,,,,,,,,,,,,,,,,,,"rgba(38, 166, 154, 0.75)",0.0,0.0,7.860400986089954,76.62265554088643,0.48923213192543386,0.0,0.0,0.0,0.0,0.0,0.0,0.0,0.0,67.51872410165947,14.106023647524808,True,False,True,False,False,3.9208192594255316,0,0.9086071240935303,0.9367247511298386,False,False,False,False,0.2810079548383844,0.23844393614840606,False,False,False,False,32274897,26514491.479373824,False,False,False,False,2820794.6951087625,False,False,False,False
2022-08-17 00:00:00+00:00,80.6354001014,81.1633490326,79.5795022388,79.7202886205,1731079,,,,,,,,,,,,,,,,,,,,,,,,"rgba(38, 166, 154, 0.75)",0.0,0.0,7.805092606774237,76.69631833916327,0.5046809769839113,0.0,0.0,0.0,0.0,0.0,0.0,0.0,0.0,67.49903132707075,14.106023647524808,True,False,True,False,False,4.068893504177499,0,0.9213953219413255,0.9303646066547319,False,False,False,False,0.33517178193503006,0.28680785904171807,False,False,False,False,34005976,26808275.186065048,False,False,False,False,2778060.746280968,False,False,False,False
2022-08-18 00:00:00+00:00,80.8641779716,82.2632426394,80.7541886109,81.4889175402,1507205,,,,,,,,,,,,,,,,,,,,,,,,"rgba(38, 166, 154, 0.75)",0.0,0.0,7.736656274496696,76.76655201263567,0.5296378452887773,0.0,0.0,0.0,0.0,0.0,0.0,0.0,0.0,67.66292118868977,14.106023647524808,True,False,True,False,False,4.274627484036156,0,0.9492114805166892,0.9065741002581634,False,False,False,False,0.3428282502385533,0.3148180546401357,False,False,False,False,35513181,27149644.041513477,False,False,False,False,2728223.2660346557,False,False,False,False
2022-08-19 00:00:00+00:00,79.4827116014,80.2042418075,79.2891303266,79.9666647884,2019000,,,,,,,,,,,,,,,,,,,,,,,,"rgba(38, 166, 154, 0.75)",0.0,0.0,7.533682682570607,76.83416202527368,0.3515610741415762,0.0,0.0,0.0,0.0,0.0,0.0,0.0,0.0,65.55568289661709,14.106023647524808,True,False,True,False,False,2.882719174679952,0,0.9520078659190916,0.9092979968032857,False,False,False,False,0.27085212664920694,0.2928350906446713,False,False,False,False,33494181,27398449.41243452,False,False,False,False,2700410.5889352574,False,False,False,False
2022-08-22 00:00:00+00:00,80.5826052082,80.9240121838,78.7700685357,78.8579720328,2259546,,,,,,,,,,,,,,,,,,,,,,,,"rgba(38, 166, 154, 0.75)",0.0,0.0,7.282864289236017,76.91237498117138,0.5039542247757062,0.0,0.0,0.0,0.0,0.0,0.0,0.0,0.0,65.16752314495977,14.106023647524808,True,False,True,False,False,3.896977922907034,0,0.9471165767345185,0.9045333159764772,False,False,False,False,0.2748723684860163,0.2838537295653438,False,False,False,False,35753727,27726107.35704493,False,False,False,False,2683121.781526032,False,False,False,False
2022-08-23 00:00:00+00:00,84.7710000629,85.1141668682,81.2425413723,81.4801183914,3265579,,,,,,,,,,,,,,,,,,,,,,,,"rgba(38, 166, 154, 0.75)",0.0,0.0,7.16473652756603,77.09449505537167,1.0714287926699462,0.0,0.0,0.0,0.0,0.0,0.0,0.0,0.0,67.85703568034575,14.106023647524808,True,False,True,False,False,7.581324682780174,0,0.9657575139907857,0.8734004976325557,False,False,False,False,0.34282825059798894,0.3133409900816664,False,False,False,False,39019306,28168977.89206278,False,False,False,False,2705963.2410740308,False,False,False,False
2022-08-24 00:00:00+00:00,86.6540179177,86.7772060017,84.1286621965,84.7446026163,2832072,,,,,,,,,,,,,,,,,,,,,,,,"rgba(38, 166, 154, 1.0)",0.0,0.0,7.070092680675654,77.2808746718511,1.3257454561335626,0.0,0.0,0.0,0.0,0.0,0.0,0.0,0.0,70.6260324897826,15.524152184265219,True,False,True,False,True,9.146743109628495,0,1.0002328650383956,0.840978400048132,False,False,False,False,0.3428282509985568,0.32808462054011156,False,False,False,False,41851378,28705542.602177966,False,False,False,False,2710908.6826005396,False,False,False,False
2022-08-25 00:00:00+00:00,89.4785447,89.7249208679,87.8683004596,88.0706808833,3746330,,,,,,,,,,,,,,,,,,,,,,,,"rgba(38, 166, 154, 1.0)",0.0,0.0,7.2048283092013925,77.58455056377169,1.6508365814960948,0.0,0.0,0.0,0.0,0.0,0.0,0.0,0.0,73.68693457133281,18.451636813326715,True,False,True,False,True,11.406833759939936,0,1.0143607080981316,0.8437032787528691,False,False,False,False,0.34282825145517654,0.3354564359976441,False,False,False,False,45597708,29367980.460916087,False,True,False,False,2751513.4401456164,False,True,False,False
2022-08-26 00:00:00+00:00,88.3522536466,90.3936561808,88.1938689673,89.6193310817,2462715,,,,,,,,,,,,,,,,,,,,,,,,"rgba(38, 166, 154, 1.0)",0.0,0.0,7.298903173329094,79.37358882534399,1.230138913756924,0.0,0.0,0.0,0.0,0.0,0.0,0.0,0.0,74.05542800171646,18.842196386894727,True,False,True,False,True,10.216817831930587,0,1.0095442353689912,0.8395882551224046,False,False,False,False,0.34282825151284985,0.339142343755247,False,False,False,False,43134993,29907863.305586047,False,False,False,False,2740188.0111202984,False,False,False,False
2022-08-29 00:00:00+00:00,87.1291719559,88.5898306657,85.5101285667,87.058778765,2155600,,,,,,,,,,,,,,,,,,,,,,,,"rgba(38, 166, 154, 1.0)",0.0,0.0,7.336811486930427,79.36145745193373,1.0587316462748764,0.0,0.0,0.0,0.0,0.0,0.0,0.0,0.0,72.55997483466332,18.842196386894727,True,False,True,False,True,8.935871187855344,0,1.0009135522933246,0.8466505153862561,False,False,False,False,0.2789851079249119,0.30906372584007946,False,False,False,False,40979393,30342040.940661103,False,False,False,False,2717262.9910763656,False,False,False,False
2022-08-30 00:00:00+00:00,82.7471958264,86.4428383452,82.619608168,86.2228596239,3050168,,,,,,,,,,,,,,,,,,,,,,,,"rgba(38, 166, 154, 0.75)",0.0,0.0,7.328564392091073,79.23367892886974,0.4794277172923561,0.0,0.0,0.0,0.0,0.0,0.0,0.0,0.0,66.55800329938805,22.06739621519732,True,False,True,False,False,4.563585411705482,0,0.9900160250616669,0.8474862699093896,False,False,False,False,0.2098458660401844,0.25945479594013193,False,False,False,False,37929225,30639577.570439097,False,False,False,False,2730318.089465528,False,False,False,False
2022-08-31 00:00:00+00:00,80.7497890365,82.2984392348,80.1250494678,81.5593107311,2675338,,,,,,,,,,,,,,,,,,,,,,,,"rgba(38, 166, 154, 0.75)",0.0,0.0,7.255075726150464,79.08823835942044,0.22901906744964848,0.0,0.0,0.0,0.0,0.0,0.0,0.0,0.0,60.78094925685923,16.849055139369554,True,False,True,False,False,2.681459164935486,0,0.9707284124849759,0.8951843778551785,False,False,False,False,0.12155726644435857,0.19050603119224524,False,False,False,False,35253887,30820530.88140227,False,False,False,False,2728162.0075257034,False,False,False,False
2022-09-01 00:00:00+00:00,78.9811601167,80.0722545747,77.7756767237,78.9283652236,2348378,,,,,,,,,,,,,,,,,,,,,,,,"rgba(38, 166, 154, 0.75)",0.0,0.0,7.1258705269411475,78.94821830031947,0.004622848009374264,0.0,0.0,0.0,0.0,0.0,0.0,0.0,0.0,55.50443688551705,12.231688751334104,True,False,True,False,False,1.0558682679761944,0,0.9634110572614001,0.9018590622049607,False,False,False,False,0.061868471104979623,0.12618725114861243,False,False,False,False,32905509,30902294.729190417,False,False,False,False,2713268.5170344994,False,False,False,False
2022-09-02 00:00:00+00:00,80.9257720136,81.8232851967,79.5971005365,80.5298103151,2142427,,,,,,,,,,,,,,,,,,,,,,,,#000000,0.0,0.0,6.941520629808202,78.92046533721127,0.28888579078445165,0.0,0.0,0.0,0.0,0.0,0.0,0.0,0.0,53.73102682687774,10.87693502304949,False,False,False,False,False,2.752115528491057,0,0.9975961178436563,0.8806446336897195,False,False,False,False,0.10841239872457689,0.11729982493659466,False,False,False,False,35047936,31064868.896673147,False,False,False,False,2690882.575190009,False,False,False,False
2022-09-06 00:00:00+00:00,79.7730835136,82.228046044,79.5795022388,81.444921796,1800540,,,,,,,,,,,,,,,,,,,,,,,,#000000,0.0,0.0,6.804015497457742,78.9029409376341,0.1278866246396736,0.0,0.0,0.0,0.0,0.0,0.0,0.0,0.0,51.572442336990946,8.990468686839257,False,False,False,False,False,1.6880555275593672,0,0.9991385670072468,0.8479707866152506,False,False,False,False,0.1134811898490465,0.11539050739282058,False,False,False,False,33247396,31150458.194842827,False,False,False,False,2655967.1800845186,False,False,False,False
2022-09-07 00:00:00+00:00,79.4387158572,79.9138698953,77.8064737447,78.3740188458,1611273,,,,,,,,,,,,,,,,,,,,,,,,#000000,0.0,0.0,6.661228660342493,78.86475402788054,0.08616455891035985,0.0,0.0,0.0,0.0,0.0,0.0,0.0,0.0,49.845405564511424,7.390266297957076,False,False,False,False,False,1.378661325449901,0,0.9780141121263363,0.8746958646610697,False,False,False,False,0.0602123153139466,0.0878014113533836,False,False,False,False,31636123,31169503.873476442,False,False,False,False,2614998.7808655184,False,False,False,False
2022-09-08 00:00:00+00:00,80.2130409564,81.1545498838,79.0295554354,79.447515006,1885771,,,,,,,,,,,,,,,,,,,,,,,,#000000,0.0,0.0,6.601512129971935,78.85362843575776,0.20592441457015348,0.0,0.0,0.0,0.0,0.0,0.0,0.0,0.0,49.48923668754141,6.942278128970337,False,False,False,False,False,2.0739103239907024,0,0.9620151482167872,0.8974977493100983,False,False,False,False,0.09226262603974973,0.09003201869656666,False,False,False,False,33521894,31261754.466673445,False,False,False,False,2586401.6129884394,False,False,False,False
2022-09-09 00:00:00+00:00,83.6447090096,83.8646877309,81.7968877501,82.2984392348,3021564,,,,,,,,,,,,,,,,,,,,,,,,#000000,0.0,0.0,6.495426451384613,78.9411427649072,0.7241350941153619,0.0,0.0,0.0,0.0,0.0,0.0,0.0,0.0,52.29553500026019,6.942278128970337,False,False,False,False,False,5.060760422554367,0,0.979330094743356,0.854575704337498,False,False,False,False,0.1643005510418374,0.12716628486920203,False,False,False,False,36543458,31468880.09543135,False,False,False,False,2603466.8046359513,False,False,False,False
2022-09-12 00:00:00+00:00,80.0018613838,84.2254528339,77.7140826817,84.0318715591,4018631,,,,,,,,,,,,,,,,,,,,,,,,#000000,0.0,0.0,6.389538205651655,78.95461482726235,0.16390019479206663,0.0,0.0,0.0,0.0,0.0,0.0,0.0,0.0,50.84067256841856,6.942278128970337,False,False,False,False,False,1.659753043024505,0,0.9649984364103802,0.8370188157158396,False,False,False,False,0.11521050187058396,0.121188393369893,False,False,False,False,32524827,31510289.777963456,False,False,False,False,2658963.439748267,False,False,False,False
2022-09-13 00:00:00+00:00,78.8403737351,81.9904690249,78.4180145901,78.5060060786,2763838,,,,,,,,,,,,,,,,,,,,,,,,#000000,0.0,0.0,6.29216156469431,78.94614510908718,-0.016810021945506123,0.0,0.0,0.0,0.0,0.0,0.0,0.0,0.0,48.960330263986165,6.14310786896155,False,True,False,False,False,0.6146922216408868,0,0.979332165865682,0.8529345731473083,False,False,False,False,0.09518991745745044,0.10818915541367172,False,False,False,False,29760989,31441689.747455087,False,False,False,False,2663076.1676012767,False,False,False,False
2022-09-14 00:00:00+00:00,80.7585881853,81.4185243494,78.9195660748,78.9371643725,1983820,,,,,,,,,,,,,,,,,,,,,,,,#000000,0.0,0.0,6.2499668120636445,78.95356521251095,0.2888052092220719,0.0,0.0,0.0,0.0,0.0,0.0,0.0,0.0,49.42037255961273,6.14310786896155,False,True,False,False,False,2.285218609887579,0,1.0179023392501945,0.8425859967759728,False,False,False,False,0.09427137876534801,0.10123026708950986,False,False,False,False,31744809,31453576.776966654,False,False,False,False,2636438.670832599,False,False,False,False
2022-09-15 00:00:00+00:00,78.180437571,80.4506179754,78.0220528916,79.4387158572,1970300,,,,,,,,,,,,,,,,,,,,,,,,"rgba(239, 83, 80, 1.0)",0.0,0.0,6.191034389974292,78.93774474015098,-0.12232320504911966,0.0,0.0,0.0,0.0,0.0,0.0,0.0,0.0,47.68325201676738,4.400362299277056,False,True,False,True,False,0.0,0,1.0176295222587437,0.8377980325105965,False,False,False,False,0.06998299057887547,0.08560662883419266,False,False,False,False,29774509,31387730.981791493,False,False,False,False,2610315.585701909,False,False,False,False
2022-09-16 00:00:00+00:00,75.7254750406,77.8988648077,74.7927652621,76.5437958841,2847195,,,,,,,,,,,,,,,,,,,,,,,,"rgba(239, 83, 80, 1.0)",0.0,0.0,6.097389039166726,78.85714190664332,-0.5136078485277846,0.0,0.0,0.0,0.0,0.0,0.0,0.0,0.0,44.85785506403901,1.4716593473126238,False,True,False,True,False,0.0,0,0.9779156309887317,0.8737869911524657,False,False,False,False,-0.004893143772767953,0.04035674253071236,False,False,False,False,26927314,31212812.668780062,False,False,False,False,2619604.9744979125,False,False,False,False
2022-09-19 00:00:00+00:00,78.9899592656,79.3651549727,73.9586059507,74.132829098,1844073,,,,,,,,,,,,,,,,,,,,,,,,"rgba(239, 83, 80, 1.0)",0.0,0.0,6.056427586813668,78.8285245326041,0.026655108260087743,0.0,0.0,0.0,0.0,0.0,0.0,0.0,0.0,45.851731904609515,1.4716593473126238,False,True,False,True,False,0.7048310577601313,0,0.9778233904386704,0.8668492578776983,False,False,False,False,0.0032818035791132407,0.0218192730549128,False,False,False,False,28771387,31117070.48569065,False,False,False,False,2589191.955890151,False,False,False,False
2022-09-20 00:00:00+00:00,79.1131473496,79.6498954297,77.1069414108,78.2596299107,2084402,,,,,,,,,,,,,,,,,,,,,,,,"rgba(239, 83, 80, 1.0)",0.0,0.0,5.994007045068816,78.81749296356789,0.04932499808710478,0.0,0.0,0.0,0.0,0.0,0.0,0.0,0.0,46.616197830145616,1.4716593473126238,False,True,False,True,False,0.8101626497699712,0,1.0001379098488459,0.8578024065230043,False,False,False,False,0.04771548827996391,0.034767380667438355,False,False,False,False,30855789,31106824.15291847,False,False,False,False,2569396.27134544,False,False,False,False
2022-09-21 00:00:00+00:00,78.0308520405,80.446218401,77.9956554451,80.0634554258,3152155,,,,,,,,,,,,,,,,,,,,,,,,"rgba(239, 83, 80, 1.0)",0.0,0.0,5.957260793174172,78.80816861582021,-0.13048221360576706,0.0,0.0,0.0,0.0,0.0,0.0,0.0,0.0,46.265735306244224,1.4716593473126238,False,True,False,True,False,0.0,0,1.0116519720261192,0.8491281250061707,False,False,False,False,0.06958277209980628,0.052175076383622315,False,False,False,False,27703634,30973365.71554912,False,False,False,False,2592249.554822089,False,False,False,False
2022-09-22 00:00:00+00:00,77.5820954489,79.7730835136,77.5380997046,78.7347839488,1780574,,,,,,,,,,,,,,,,,,,,,,,,"rgba(239, 83, 80, 1.0)",0.0,0.0,5.931792305371712,78.79744101010795,-0.20488673551623635,0.0,0.0,0.0,0.0,0.0,0.0,0.0,0.0,45.66968477619473,1.2422846102513674,False,True,False,True,False,0.0,1,1.0104532993201147,0.8612437050413783,False,False,False,False,0.05490337447139769,0.05353922542751,False,False,False,False,25923060,30775314.51101778,False,False,False,False,2560419.1409074976,False,False,False,False
2022-09-23 00:00:00+00:00,72.9801405981,75.3559107887,72.1706189035,75.1975261094,2784873,,,,,,,,,,,,,,,,,,,,,,,,"rgba(239, 83, 80, 1.0)",0.0,0.0,5.929932155754828,78.69246246462706,-0.9633030726976226,0.0,0.0,0.0,0.0,0.0,0.0,0.0,0.0,42.12806571764347,-2.386091121019163,False,True,False,True,False,0.0,1,1.0152455732398926,0.8688831162363746,False,False,False,False,-0.0776127493357981,-0.012036761954144052,False,False,False,False,23138187,30475819.31450728,False,False,False,False,2569221.2530287723,False,False,False,False
2022-09-26 00:00:00+00:00,71.9330418844,74.5111924987,71.8450503959,71.9946359264,1992567,,,,,,,,,,,,,,,,,,,,,,,,"rgba(239, 83, 80, 1.0)",0.0,0.0,5.940010198346586,77.88126056608891,-1.0013818971800104,0.0,0.0,0.0,0.0,0.0,0.0,0.0,0.0,39.17817460446655,-5.302790196412431,False,True,False,True,False,0.0,0,1.0072644805599922,0.8752193326107744,False,False,False,False,-0.14025435814973589,-0.07614556005193997,False,False,False,False,21145620,30109929.145310916,False,False,False,False,2546607.3607531344,False,False,False,False
2022-09-27 00:00:00+00:00,74.4759959033,75.1710406713,73.0505337889,73.3585039988,2224146,,,,,,,,,,,,,,,,,,,,,,,,"rgba(239, 83, 80, 1.0)",0.0,0.0,5.932578257474637,77.92241127306214,-0.580930452189129,0.0,0.0,0.0,0.0,0.0,0.0,0.0,0.0,39.85094507852771,-5.302790196412431,False,True,False,True,False,0.0,0,1.0006327970715574,0.8797507393863773,False,False,False,False,-0.13624613943161723,-0.10619584974177859,False,False,False,False,23369766,29845609.021965392,False,False,False,False,2533961.817194188,False,False,False,False
2022-09-28 00:00:00+00:00,77.0189499222,77.4523971774,74.3469541868,74.5504505508,1960615,,,,,,,,,,,,,,,,,,,,,,,,"rgba(239, 83, 80, 0.75)",0.0,0.0,5.935661546204596,78.00626225190385,-0.1663356850821735,0.0,0.0,0.0,0.0,0.0,0.0,0.0,0.0,42.562760890976556,-5.302790196412431,False,True,False,True,True,0.0,0,1.0076883939253185,0.8770903108383934,False,False,False,False,-0.1166423303363784,-0.11141909003907849,False,False,False,False,25330381,29668541.256398123,False,False,False,False,2511477.6282846117,False,False,False,False
2022-09-29 00:00:00+00:00,73.9488091269,76.8419965623,73.4002537111,76.0457064424,1927958,,,,,,,,,,,,,,,,,,,,,,,,"rgba(239, 83, 80, 0.75)",0.0,0.0,5.934868173467531,77.97682017401848,-0.6787026989287043,0.0,0.0,0.0,0.0,0.0,0.0,0.0,0.0,42.243918923579386,-5.302790196412431,False,True,False,True,True,0.0,0,0.983894624424258,0.8889863041055582,False,False,False,False,-0.143320595049477,-0.12736984254427774,False,False,False,False,23402423,29422811.128696237,False,False,False,False,2488594.505606784,False,False,False,False
2022-09-30 00:00:00+00:00,73.771855767,75.2051779826,72.5508775832,73.453339719,2152194,,,,,,,,,,,,,,,,,,,,,,,,"rgba(239, 83, 80, 0.75)",0.0,0.0,5.936638296071293,77.90828656367796,-0.6967631495109504,0.0,0.0,0.0,0.0,0.0,0.0,0.0,0.0,41.915427010976906,-5.302790196412431,False,True,False,True,True,0.0,0,0.9759691705335366,0.8989139862537521,False,False,False,False,-0.21140504021092668,-0.1693874413776022,False,False,False,False,21250229,29102317.71188462,False,False,False,False,2475402.328916322,False,False,False,False
2022-10-03 00:00:00+00:00,74.9485956107,76.1607261264,74.6831655708,75.6475613825,1806215,,,,,,,,,,,,,,,,,,,,,,,,"rgba(239, 83, 80, 0.75)",0.0,0.0,5.933681956648386,77.8971064985617,-0.4969108404197576,0.0,0.0,0.0,0.0,0.0,0.0,0.0,0.0,42.824730605098516,-5.302790196412431,False,True,False,True,True,0.0,0,0.9836711572687321,0.8970245129351604,False,False,False,False,-0.16537373137053052,-0.16738058637406636,False,False,False,False,23056444,28865224.625144046,False,False,False,False,2449159.6885666624,False,False,False,False
2022-10-04 00:00:00+00:00,78.027584074,78.8592648658,76.4173084984,76.5500235183,1895538,,,,,,,,,,,,,,,,,,,,,,,,"rgba(239, 83, 80, 0.75)",0.0,0.0,5.941342129425614,77.94841335366087,0.013325393255343357,0.0,0.0,0.0,0.0,0.0,0.0,0.0,0.0,46.05590883341219,-8.890484873734962,False,True,False,True,True,0.31715753080989373,0,0.9834437916916844,0.8749594415842167,False,False,False,False,-0.11726178512538332,-0.14232118574972485,False,False,False,False,24951982,28711764.13004036,False,False,False,False,2427449.0341130677,False,False,False,False
2022-10-05 00:00:00+00:00,74.4354308668,77.5232669981,74.3734971908,77.2932276302,2109578,,,,,,,,,,,,,,,,,,,,,,,,"rgba(239, 83, 80, 0.75)",0.0,0.0,5.933929215876229,77.92771496383145,-0.5885281016982536,0.0,0.0,0.0,0.0,0.0,0.0,0.0,0.0,45.507435866678634,-8.890484873734962,False,True,False,True,True,0.0,1,0.9487281353558985,0.8891994067671617,False,False,False,False,-0.18353063159719624,-0.16292590867346055,False,False,False,False,22842404,28481593.14454858,False,False,False,False,2414983.5033635357,False,False,False,False
2022-10-06 00:00:00+00:00,75.6298660465,76.1253354544,72.9932609831,73.8780277829,2123242,,,,,,,,,,,,,,,,,,,,,,,,"rgba(239, 83, 80, 0.75)",0.0,0.0,5.933990052499044,77.89289916496807,-0.3813678652047989,0.0,0.0,0.0,0.0,0.0,0.0,0.0,0.0,46.13218023694619,-8.563867355638322,False,True,False,True,True,0.0,1,0.9437930231505658,0.9039925013813898,False,False,False,False,-0.2391976173761998,-0.20106176302483017,False,False,False,False,24965646,28343712.864370205,False,False,False,False,2403542.6600943776,False,False,False,False
2022-10-07 00:00:00+00:00,74.0903718149,75.4794556906,72.7632216152,75.1786349786,1409372,,,,,,,,,,,,,,,,,,,,,,,,"rgba(239, 83, 80, 0.75)",0.0,0.0,5.9358181722070045,77.85791866125267,-0.6347139917447734,0.0,0.0,0.0,0.0,0.0,0.0,0.0,0.0,45.436149605549375,-8.563867355638322,False,True,False,True,True,0.0,1,0.9323859329177346,0.9120711630823878,False,False,False,False,-0.2570387467309143,-0.22905025487787223,False,False,False,False,23556274,28155970.163806666,False,False,False,False,2364555.5753847943,False,False,False,False
2022-10-10 00:00:00+00:00,75.2759593266,76.5234805143,74.3381065188,74.8689665987,1823623,,,,,,,,,,,,,,,,,,,,,,,,"rgba(239, 83, 80, 0.75)",0.0,0.0,5.890066012467159,77.83970901606338,-0.4352667158630887,0.0,0.0,0.0,0.0,0.0,0.0,0.0,0.0,46.02245239614963,-8.296105969970341,False,True,False,True,True,0.0,1,0.9373941124572938,0.9105457771364465,False,False,False,False,-0.20412391758946555,-0.2165870862336689,False,False,False,False,25379897,28047104.549539737,False,False,False,False,2343342.5332128415,False,False,False,False
2022-10-11 00:00:00+00:00,73.0021086511,74.7274039107,71.5245480955,74.3292588508,1789501,,,,,,,,,,,,,,,,,,,,,,,,"rgba(239, 83, 80, 0.75)",0.0,0.0,5.864639061705026,77.7803927686013,-0.8147618407929967,0.0,0.0,0.0,0.0,0.0,0.0,0.0,0.0,44.74283905822813,-8.296105969970341,False,True,False,True,True,0.0,1,0.9193454815111086,0.918344982139376,False,False,False,False,-0.2982099586240176,-0.25739852242884326,False,False,False,False,23590396,27872331.66524406,False,False,False,False,2321623.257400573,False,False,False,False
2022-10-12 00:00:00+00:00,73.2144526831,73.417949047,70.9317543396,72.6393542632,1924008,,,,,,,,,,,,,,,,,,,,,,,,"rgba(239, 83, 80, 0.75)",0.0,0.0,5.864585130549104,77.71042324396362,-0.7666306244654431,0.0,0.0,0.0,0.0,0.0,0.0,0.0,0.0,44.09771183553808,-8.296105969970341,False,True,False,True,True,0.0,1,0.9326466021571732,0.9188159893440742,False,False,False,False,-0.34282825441539394,-0.3001133884221186,False,False,False,False,25514404,27779863.913665865,False,False,False,False,2306030.502208394,False,False,False,False
2022-10-13 00:00:00+00:00,76.6031095263,76.8950825702,71.5864817715,71.9669314954,1711888,,,,,,,,,,,,,,,,,,,,,,,,"rgba(239, 83, 80, 0.75)",0.0,0.0,5.863534541666641,77.69161889864549,-0.18564048094378385,0.0,0.0,0.0,0.0,0.0,0.0,0.0,0.0,46.703559051369254,-7.284822925338602,False,True,False,True,True,0.0,1,0.932279087928994,0.8959914001004525,False,False,False,False,-0.2557866253289717,-0.27795000687554516,False,False,False,False,27226292,27758155.211169165,False,False,False,False,2282730.796239437,False,False,False,False
2022-10-14 00:00:00+00:00,68.9410290401,76.8685395663,68.8171616881,76.1076401184,3088278,,,,,,,,,,,,,,,,,,,,,,,,"rgba(239, 83, 80, 1.0)",0.0,0.0,5.901668304061296,76.89602895523282,-1.3479239268087124,0.0,0.0,0.0,0.0,0.0,0.0,0.0,0.0,43.53116547545328,-7.284822925338602,False,True,False,True,False,0.0,1,0.9197026999640074,0.9004494285293551,False,False,False,False,-0.3141921859045482,-0.2960710963900467,False,False,False,False,24138014,27616188.889162533,False,False,False,False,2314320.88266142,False,False,False,False
2022-10-17 00:00:00+00:00,70.5424569477,72.0023221674,70.3478082518,70.4008942597,1944167,,,,,,,,,,,,,,,,,,,,,,,,"rgba(239, 83, 80, 1.0)",0.0,0.0,5.89670446307413,76.7975203377301,-1.0607727467435513,0.0,0.0,0.0,0.0,0.0,0.0,0.0,0.0,42.69832594286363,-3.1106894366932067,False,True,False,True,False,0.0,1,0.9180925339929852,0.9226973694846418,False,False,False,False,-0.34282825441539394,-0.3194496754027203,False,False,False,False,26082181,27556031.717038512,False,False,False,False,2299805.044125678,False,False,False,False
2022-10-18 00:00:00+00:00,72.4624009033,73.789551103,71.0025356836,72.0023221674,1861475,,,,,,,,,,,,,,,,,,,,,,,,"rgba(239, 83, 80, 1.0)",0.0,0.0,5.868838069806486,76.78307748876756,-0.736206474616539,0.0,0.0,0.0,0.0,0.0,0.0,0.0,0.0,43.61176704746934,-3.1106894366932067,False,True,False,True,False,0.0,1,0.9029987626025191,0.9224921252496713,False,False,False,False,-0.2936862400883272,-0.30656795774552376,False,False,False,False,27943656,27571232.669311512,False,False,False,False,2282615.6306305537,False,False,False,False
2022-10-19 00:00:00+00:00,72.2854475433,73.639140747,71.8253688074,72.3208382153,1417186,,,,,,,,,,,,,,,,,,,,,,,,"rgba(239, 83, 80, 1.0)",0.0,0.0,5.768635786028146,76.76832328999114,-0.7771119399752787,0.0,0.0,0.0,0.0,0.0,0.0,0.0,0.0,44.10685427203198,-3.1106894366932067,False,True,False,True,False,0.0,1,0.8984241368020313,0.9404782000553594,False,False,False,False,-0.28040199711100344,-0.2934849774282636,False,False,False,False,26526470,27530261.584240474,False,False,False,False,2248677.2137430813,False,False,False,False
2022-10-20 00:00:00+00:00,73.0728899951,74.3204111828,71.7368921274,72.6305065952,1367409,,,,,,,,,,,,,,,,,,,,,,,,"rgba(239, 83, 80, 0.75)",0.0,0.0,5.64779593294776,76.76147755083826,-0.6531021303762081,0.0,0.0,0.0,0.0,0.0,0.0,0.0,0.0,45.08651841937596,-3.1106894366932067,False,True,False,True,True,0.0,1,0.8858797286561536,0.9493861929474589,False,False,False,False,-0.26877049504007816,-0.28112773623417087,False,False,False,False,27893879,27544521.09074085,False,False,False,False,2214117.675949235,False,False,False,False
2022-10-21 00:00:00+00:00,73.3294723671,74.0195904709,70.5778476197,71.5953294395,2291116,,,,,,,,,,,,,,,,,,,,,,,,"rgba(239, 83, 80, 0.75)",0.0,0.0,5.577560412231883,76.72680280617604,-0.6091068832935487,0.0,0.0,0.0,0.0,0.0,0.0,0.0,0.0,45.96137823332252,-3.1106894366932067,False,True,False,True,True,0.0,1,0.8681489654236886,0.9611816651006481,False,False,False,False,-0.2975503699001777,-0.2893390530671743,False,False,False,False,30184995,27648069.087182384,False,False,False,False,2217137.218068873,False,False,False,False
2022-10-24 00:00:00+00:00,69.9142725199,73.630293079,69.5603657999,73.2233003511,3424536,,,,,,,,,,,,,,,,,,,,,,,,"rgba(239, 83, 80, 0.75)",0.0,0.0,5.52771913203218,76.59657701781401,-1.2088719304118067,0.0,0.0,0.0,0.0,0.0,0.0,0.0,0.0,44.07381925450045,-3.1106894366932067,False,True,False,True,True,0.0,1,0.8647255713784421,0.9624713030295899,False,False,False,False,-0.325743843125177,-0.3075414480961757,False,False,False,False,26760459,27613260.84846935,False,False,False,False,2264486.1899093096,False,False,False,False
2022-10-25 00:00:00+00:00,73.621445411,73.665683751,69.5692134679,69.8965771839,2222310,,,,,,,,,,,,,,,,,,,,,,,,"rgba(239, 83, 80, 0.75)",0.0,0.0,5.429223533182841,76.55583097660346,-0.5404797845711838,0.0,0.0,0.0,0.0,0.0,0.0,0.0,0.0,45.929437227686535,-3.1106894366932067,False,True,False,True,True,0.0,1,0.880789898246209,0.9623158853120538,False,False,False,False,-0.3248498099079309,-0.3161956290020533,False,False,False,False,28982769,27666967.050490163,False,False,False,False,2262832.221677572,False,False,False,False
2022-10-26 00:00:00+00:00,72.6128112592,74.3381065188,72.4889439073,73.8691801149,1316257,,,,,,,,,,,,,,,,,,,,,,,,"rgba(239, 83, 80, 0.75)",0.0,0.0,5.305319141107419,76.54530845366838,-0.7412366890425225,0.0,0.0,0.0,0.0,0.0,0.0,0.0,0.0,46.42626674631997,-3.1106894366932067,False,True,False,True,True,0.0,1,0.8957487428852325,0.9660436049761033,False,False,False,False,-0.2537716997470203,-0.2849836643745368,False,False,False,False,27666512,27666949.205372903,False,False,False,False,2225711.6247490398,False,False,False,False
2022-10-27 00:00:00+00:00,73.789551103,74.4265831988,72.4756724053,73.0286516551,1477861,,,,,,,,,,,,,,,,,,,,,,,,#000000,0.0,0.0,5.1951155433136185,76.53944125108437,-0.529322230691024,0.0,0.0,0.0,0.0,0.0,0.0,0.0,0.0,47.70909154709113,-6.153822873944421,False,True,False,False,True,0.0,1,0.8929015779460953,0.9676250936078942,False,False,False,False,-0.25231237825367947,-0.26864802131410814,False,False,False,False,29144373,27724887.393397495,False,False,False,False,2196384.1492686854,False,False,False,False
2022-10-28 00:00:00+00:00,72.8693936312,74.6477748988,72.0200175034,73.9045707869,1306087,,,,,,,,,,,,,,,,,,,,,,,,#000000,0.0,0.0,4.988893817078031,76.52760208639421,-0.7332704582068669,0.0,0.0,0.0,0.0,0.0,0.0,0.0,0.0,47.81659162465661,-5.924951806727734,False,True,False,False,True,0.0,1,0.8842095151944922,0.9739987945257524,False,False,False,False,-0.2568655325755647,-0.26275677694483646,False,False,False,False,27838286,27729334.397577986,False,False,False,False,2161470.5355718746,False,False,False,False
2022-10-31 00:00:00+00:00,74.7627945827,76.0987924504,73.0640423271,73.2233003511,2959732,,,,,,,,,,,,,,,,,,,,,,,,#000000,0.0,0.0,4.798633223943154,76.54287099763303,-0.37095488066293647,0.0,0.0,0.0,0.0,0.0,0.0,0.0,0.0,49.47722934340278,-4.21448339308084,False,False,False,False,True,0.0,1,0.8968663802160796,0.9556097982760633,False,False,False,False,-0.20890550454497567,-0.23583114074490608,False,False,False,False,30798018,27849674.9310063,False,False,False,False,2192774.906725919,False,False,False,False
2022-11-01 00:00:00+00:00,75.8952960865,76.3730701584,74.5150598788,76.0810971144,2046236,,,,,,,,,,,,,,,,,,,,,,,,#000000,0.0,0.0,4.640823784156465,76.47058661550031,-0.12396301944588484,0.0,0.0,0.0,0.0,0.0,0.0,0.0,0.0,51.47983317139967,-2.24161099216699,False,False,False,False,True,0.0,1,0.9087700106900355,0.9582632924237063,False,False,False,False,-0.17629957871737653,-0.20606535973114132,False,False,False,False,32844254,28045540.77684919,False,False,False,False,2187028.2829327453,False,False,False,False
2022-11-02 00:00:00+00:00,73.417949047,76.2845934784,73.2852340271,75.4086743466,2380399,,,,,,,,,,,,,,,,,,,,,,,,#000000,0.0,0.0,4.572602661305636,76.39925159653514,-0.6519924800734554,0.0,0.0,0.0,0.0,0.0,0.0,0.0,0.0,50.58703636935773,-2.24161099216699,False,False,False,False,True,0.0,1,0.8890548752445595,0.9845173011434916,False,False,False,False,-0.2011767850723978,-0.20362107240176958,False,False,False,False,30463855,28140376.62873746,False,False,False,False,2194611.4483079314,False,False,False,False
2022-11-03 00:00:00+00:00,63.0927204934,66.0655369407,61.1860480399,65.4727431849,8838252,,,,,,,,,,,,,,,,,,,,,,,,"rgba(239, 83, 80, 1.0)",0.0,0.0,4.777183297698619,73.88819848161678,-2.2597998266923196,0.0,0.0,0.0,0.0,0.0,0.0,0.0,0.0,44.20437628684988,-1.6595428102311942,False,True,False,True,False,0.0,1,0.8490811034589177,1.0118760449693913,True,False,False,False,-0.34282825441539394,-0.27322466340858176,False,False,False,False,21625603,27884895.309963446,False,False,False,False,2455146.371903699,False,False,False,False
2022-11-04 00:00:00+00:00,64.844558757,67.0122374165,64.3046740558,64.809168085,3962839,,,,,,,,,,,,,,,,,,,,,,,,"rgba(239, 83, 80, 1.0)",0.0,0.0,4.902197008664956,73.71016486404568,-1.8084964948114357,0.0,0.0,0.0,0.0,0.0,0.0,0.0,0.0,41.372251692632815,-4.076823414404636,False,True,False,True,False,0.0,0,0.8462260256376009,1.0107766168853318,False,False,False,False,-0.28522517694604055,-0.27922492017731115,False,False,False,False,25588442,27794838.31741586,False,False,False,False,2514271.5730055147,False,False,False,False
2022-11-07 00:00:00+00:00,64.7295390731,65.6850872168,63.8474265737,65.5435245289,2754522,,,,,,,,,,,,,,,,,,,,,,,,"rgba(239, 83, 80, 1.0)",0.0,0.0,5.011059891850676,73.56059057038516,-1.7623121032033184,0.0,0.0,0.0,0.0,0.0,0.0,0.0,0.0,39.43088295705926,-5.694739898176842,False,True,False,True,False,0.0,0,0.8413361205842337,1.0224388166173433,False,False,False,False,-0.30717648990562657,-0.2932007050414689,False,False,False,False,22833920,27600292.501046613,False,False,False,False,2523693.1583778476,False,False,False,False
2022-11-08 00:00:00+00:00,68.7994663521,69.268392756,64.853406425,65.048055121,3356131,,,,,,,,,,,,,,,,,,,,,,,,"rgba(239, 83, 80, 1.0)",0.0,0.0,5.06433421491201,73.5306564660281,-0.9342175917215427,0.0,0.0,0.0,0.0,0.0,0.0,0.0,0.0,41.32469967290059,-5.694739898176842,False,True,False,True,False,0.0,0,0.8632944459510606,0.9903820704804377,False,False,False,False,-0.22528670163858863,-0.2592437033400288,False,False,False,False,26190051,27544988.912770275,False,False,False,False,2556337.7796179317,False,False,False,False
2022-11-09 00:00:00+00:00,65.8974312488,69.179916076,65.8354975728,68.1447389203,2373302,,,,,,,,,,,,,,,,,,,,,,,,"rgba(239, 83, 80, 1.0)",0.0,0.0,5.18795768379365,73.47882015072089,-1.4613436276868517,0.0,0.0,0.0,0.0,0.0,0.0,0.0,0.0,41.01948671887621,-5.694739898176842,False,True,False,True,False,0.0,0,0.8889081254940715,0.9823283485560236,False,False,False,False,-0.19918703804353943,-0.2292153706917841,False,False,False,False,23816749,27398783.42599497,False,False,False,False,2549159.9059074246,False,False,False,False
2022-11-10 00:00:00+00:00,70.0558352078,70.4274372637,68.4544073002,68.5694269842,2194542,,,,,,,,,,,,,,,,,,,,,,,,"rgba(239, 83, 80, 0.75)",0.0,0.0,5.227144781685953,73.50213435914776,-0.6593081491491032,0.0,0.0,0.0,0.0,0.0,0.0,0.0,0.0,43.61953207918254,-5.694739898176842,False,True,False,True,True,0.0,0,0.9037336069426817,0.9393382859626304,False,False,False,False,-0.13089945814975834,-0.18005741442077122,False,False,False,False,26011291,27344371.958308894,False,False,False,False,2535253.3213620353,False,False,False,False
2022-11-11 00:00:00+00:00,67.8439182083,72.3031428793,67.6492695124,70.9052113356,3165382,,,,,,,,,,,,,,,,,,,,,,,,"rgba(239, 83, 80, 0.75)",0.0,0.0,5.305442868649816,73.50682840176266,-1.0673774713370574,0.0,0.0,0.0,0.0,0.0,0.0,0.0,0.0,44.11155086427245,-5.694739898176842,False,True,False,True,True,0.0,0,0.9167235377707664,0.9203915333819128,False,False,False,False,-0.11223014928485373,-0.14614378185281246,False,False,False,False,22845909,27167961.64621835,False,False,False,False,2559964.249936073,False,False,False,False
2022-11-14 00:00:00+00:00,68.8260093561,69.6222994759,67.2334291165,67.4811638204,2022937,,,,,,,,,,,,,,,,,,,,,,,,"rgba(239, 83, 80, 0.75)",0.0,0.0,5.370691183630869,73.488394820595,-0.8681164686410039,0.0,0.0,0.0,0.0,0.0,0.0,0.0,0.0,45.09691085458056,-10.077291790495174,False,True,False,True,True,0.0,0,0.9072379618095656,0.9490456480139433,False,False,False,False,-0.166493247003437,-0.15631851442812472,False,False,False,False,24868846,27077800.248327434,False,False,False,False,2538904.357781717,False,False,False,False
2022-11-15 00:00:00+00:00,70.3566559198,70.5336092797,67.5829120024,70.3655035878,2716272,,,,,,,,,,,,,,,,,,,,,,,,#000000,0.0,0.0,5.40325619849994,73.48659039851312,-0.5792681974958077,0.0,0.0,0.0,0.0,0.0,0.0,0.0,0.0,46.77728259415029,-8.334901788640181,False,False,False,False,True,0.0,0,0.9094930686212737,0.946242369063045,False,False,False,False,-0.14430078556662004,-0.1503096499973724,False,False,False,False,27585118,27097695.062118515,False,False,False,False,2545859.9515941986,False,False,False,False
2022-11-16 00:00:00+00:00,68.7729233481,70.2858745758,68.6667513321,69.29493576,1797944,,,,,,,,,,,,,,,,,,,,,,,,#000000,0.0,0.0,5.450611362300274,73.47795270521657,-0.8632113068378718,0.0,0.0,0.0,0.0,0.0,0.0,0.0,0.0,46.862499386839694,-8.071713035899293,False,False,False,False,True,0.0,0,0.9252165934688884,0.9338865283966234,False,False,False,False,-0.1296624596631312,-0.13998605483025178,False,False,False,False,25787174,27046302.07929034,False,False,False,False,2516529.914276779,False,False,False,False
2022-11-17 00:00:00+00:00,69.8434911759,69.8523388439,66.9856944125,67.6581171804,1738790,,,,,,,,,,,,,,,,,,,,,,,,#000000,0.0,0.0,5.477631360421536,73.46224258427368,-0.6606416478700747,0.0,0.0,0.0,0.0,0.0,0.0,0.0,0.0,47.69656736906107,-7.046497623751186,False,False,False,False,True,0.0,0,0.9089876668515933,0.943703890163263,False,False,False,False,-0.16680582930795096,-0.15339594206910137,False,False,False,False,27525964,27065112.350690722,False,False,False,False,2486030.309795337,False,False,False,False
2022-11-18 00:00:00+00:00,68.8348570241,69.8257958399,68.4013212922,69.0472010561,1426129,,,,,,,,,,,,,,,,,,,,,,,,#000000,0.0,0.0,5.524742909639441,73.45039087040243,-0.8354296157834515,0.0,0.0,0.0,0.0,0.0,0.0,0.0,0.0,47.53463357638226,-6.957432823014884,True,False,False,False,True,0.0,0,0.9090647282322526,0.9603998890903231,False,False,False,False,-0.12176927332956788,-0.1375826076993346,False,False,False,False,26099835,27027258.336938147,False,False,False,False,2444465.5525484607,False,False,False,False
2022-11-21 00:00:00+00:00,67.9412425563,68.7331088421,66.1717089567,68.1005005803,1676481,,,,,,,,,,,,,,,,,,,,,,,,#000000,0.0,0.0,5.594408397262135,73.41422091639039,-0.9782943917302913,0.0,0.0,0.0,0.0,0.0,0.0,0.0,0.0,46.78478889144023,-6.957432823014884,False,False,False,False,True,0.0,0,0.9173345121550496,0.967476612859316,False,False,False,False,-0.17956501735526062,-0.15857381252729763,False,False,False,False,24423354,26925144.441371944,False,False,False,False,2414348.5112720504,False,False,False,False
2022-11-22 00:00:00+00:00,71.6041771075,72.1173418513,68.7994663521,68.8614000281,2212466,,,,,,,,,,,,,,,,,,,,,,,,#000000,0.0,0.0,5.614586821705474,73.4300802124819,-0.3252070300031905,0.0,0.0,0.0,0.0,0.0,0.0,0.0,0.0,49.118086743564895,-5.049312948158054,True,False,False,False,True,0.0,0,0.9238933316806188,0.9302869593416381,False,False,False,False,-0.057473296159371016,-0.10802355434333433,False,False,False,False,26635820,26913798.38484755,False,False,False,False,2406431.5500456956,False,False,False,False
2022-11-23 00:00:00+00:00,70.8255823236,71.1352507036,69.6842331519,70.7371056437,1400597,,,,,,,,,,,,,,,,,,,,,,,,#000000,0.0,0.0,5.637350900057355,73.43483558441278,-0.4628509573151161,0.0,0.0,0.0,0.0,0.0,0.0,0.0,0.0,50.04525688099979,-4.0224864669985365,True,False,False,False,True,0.0,0,0.9235591729440593,0.9301366027826617,False,False,False,False,-0.04320746520342863,-0.07561550977338148,False,False,False,False,25235223,26847971.899167255,False,False,False,False,2366987.057887041,False,False,False,False
2022-11-25 00:00:00+00:00,72.8693936312,73.612597743,71.1971843796,71.6395677795,985461,,,,,,,,,,,,,,,,,,,,,,,,"rgba(38, 166, 154, 1.0)",0.0,0.0,5.627252006036897,73.37980523915,-0.09070352765478366,0.0,0.0,0.0,0.0,0.0,0.0,0.0,0.0,52.13688465684761,-1.9229623407737506,True,False,True,False,True,0.0,0,0.9374300984322017,0.9101831481330123,False,False,False,False,0.04156295835449398,-0.01702627570944375,False,False,False,False,26220684,26823372.373709716,False,False,False,False,2312809.565420883,False,False,False,False
2022-11-28 00:00:00+00:00,70.9582973436,72.8516982952,70.8698206636,71.6661107835,1509791,,,,,,,,,,,,,,,,,,,,,,,,"rgba(38, 166, 154, 1.0)",0.0,0.0,5.630469502751783,73.34361826571022,-0.4236451189273728,0.0,0.0,0.0,0.0,0.0,0.0,0.0,0.0,51.90995276177421,-1.9229623407737506,True,False,True,False,True,0.0,0,0.9542825344211245,0.9003566217476255,False,False,False,False,0.018513037548928673,0.0007433809197424611,False,False,False,False,24710893,26740530.045328945,False,False,False,False,2281318.6412867308,False,False,False,False
2022-11-29 00:00:00+00:00,72.2323615353,72.7986122872,70.7813439837,71.9492361594,1457344,,,,,,,,,,,,,,,,,,,,,,,,"rgba(38, 166, 154, 1.0)",0.0,0.0,5.599538701075534,73.35957297672104,-0.20130433980294296,0.0,0.0,0.0,0.0,0.0,0.0,0.0,0.0,52.72244883089629,-1.1267557895964515,True,False,True,False,True,0.0,0,0.9578694409864043,0.9075315896338458,False,False,False,False,0.015516640333149092,0.008130010626445777,False,False,False,False,26168237,26718087.180806242,False,False,False,False,2249005.9102558787,False,False,False,False
2022-11-30 00:00:00+00:00,71.1352507036,72.6128112592,69.268392756,71.8519118114,3153451,,,,,,,,,,,,,,,,,,,,,,,,"rgba(38, 166, 154, 1.0)",0.0,0.0,5.60559844230509,73.33491892794093,-0.3924056007544503,0.0,0.0,0.0,0.0,0.0,0.0,0.0,0.0,52.29663707184444,-1.1267557895964515,True,False,True,False,True,0.0,0,0.9299074165037644,0.9108226743796832,False,False,False,False,-0.020433780426155027,-0.006151884899854625,False,False,False,False,23014786,26572859.683519725,False,False,False,False,2284474.345147805,False,False,False,False
2022-12-01 00:00:00+00:00,69.507279792,71.9492361594,69.401107776,71.4449190835,2180930,,,,,,,,,,,,,,,,,,,,,,,,#000000,0.0,0.0,5.608729651881767,73.3046072743407,-0.6770387802640233,0.0,0.0,0.0,0.0,0.0,0.0,0.0,0.0,50.63778586726581,-1.1267557895964515,True,False,False,False,False,0.0,0,0.9253832444800771,0.9196915269208458,False,False,False,False,-0.02044512311830238,-0.013298504009078503,False,False,False,False,20833856,26347800.715538558,False,False,False,False,2280413.782592989,False,False,False,False
2022-12-02 00:00:00+00:00,70.2858745758,70.5955429557,68.3615067862,68.9144860361,2836908,,,,,,,,,,,,,,,,,,,,,,,,#000000,0.0,0.0,5.596337155868772,73.25621939504147,-0.530765880702261,0.0,0.0,0.0,0.0,0.0,0.0,0.0,0.0,50.24262537556352,-1.1267557895964515,True,False,False,False,False,0.0,1,0.9218678320220904,0.9238009755814568,False,False,False,False,-0.054385049148956026,-0.03384177657901726,False,False,False,False,23670764,26242818.883556653,False,False,False,False,2302237.0852364013,False,False,False,False
2022-12-05 00:00:00+00:00,69.5426704639,72.2235138673,69.0295057201,70.6220859597,2182037,,,,,,,,,,,,,,,,,,,,,,,,#000000,0.0,0.0,5.585838040961019,73.24038693979323,-0.6619806103896729,0.0,0.0,0.0,0.0,0.0,0.0,0.0,0.0,49.30718988165198,-1.1267557895964515,True,False,False,False,False,0.0,1,0.9446625982454778,0.8993908980261729,False,False,False,False,-0.00026046013340182535,-0.017051118356209545,False,False,False,False,21488727,26056383.907730903,False,False,False,False,2297523.3564036014,False,False,False,False
2022-12-06 00:00:00+00:00,68.4986456402,70.7724963157,68.2597586042,69.7019284879,1558308,,,,,,,,,,,,,,,,,,,,,,,,#000000,0.0,0.0,5.603888063494105,73.2102329844575,-0.8407711379801842,0.0,0.0,0.0,0.0,0.0,0.0,0.0,0.0,47.746532194444995,1.130304771524159,True,False,False,False,False,0.0,1,0.9418892189537742,0.9030109799302393,False,False,False,False,-0.052608862204995256,-0.0348299902806024,False,False,False,False,19930419,25816149.989780672,False,False,False,False,2268534.5188975777,False,False,False,False
2022-12-07 00:00:00+00:00,67.4634684844,68.7109896721,66.7025690366,67.9677855603,1791545,,,,,,,,,,,,,,,,,,,,,,,,"rgba(239, 83, 80, 0.5)",0.0,0.0,5.6192835156421514,73.14795827100973,-1.0116040186949222,0.0,0.0,0.0,0.0,0.0,0.0,0.0,0.0,45.803024893381576,-0.768922355132517,False,False,False,True,False,0.0,1,0.9312920143837504,0.925972948366184,False,False,False,False,-0.13866411376729007,-0.08674705202394624,False,False,False,False,18138874,25515080.343122605,False,False,False,False,2249829.0475682607,False,False,False,False
2022-12-08 00:00:00+00:00,67.5784881684,69.091439396,67.3572964684,68.5163409762,1687126,,,,,,,,,,,,,,,,,,,,,,,,"rgba(239, 83, 80, 0.5)",0.0,0.0,5.541576123564551,73.1011245393935,-0.9965822444465724,0.0,0.0,0.0,0.0,0.0,0.0,0.0,0.0,44.64995893542756,-1.890373049682509,False,False,False,True,False,0.0,1,0.9267102574137055,0.9371758925188398,False,False,False,False,-0.11389323638958741,-0.10032014420676683,False,False,False,False,19826000,25291979.15319623,False,False,False,False,2227762.2613891135,False,False,False,False
2022-12-09 00:00:00+00:00,67.9854808963,69.5463864845,67.6315741764,67.6315741764,1422414,,,,,,,,,,,,,,,,,,,,,,,,"rgba(239, 83, 80, 0.5)",0.0,0.0,5.391565828872512,73.06961855655562,-0.942979798749637,0.0,0.0,0.0,0.0,0.0,0.0,0.0,0.0,44.41686918461319,-2.1781854998676096,False,False,False,True,False,0.0,1,0.934409076134727,0.9306010089549833,False,False,False,False,-0.09652846878941686,-0.09842430649809183,False,False,False,False,21248414,25133407.970717948,False,False,False,False,2196179.976628756,False,False,False,False
2022-12-12 00:00:00+00:00,68.6402083282,68.9587243761,67.0918664285,68.0208715683,1347013,,,,,,,,,,,,,,,,,,,,,,,,"rgba(239, 83, 80, 0.5)",0.0,0.0,5.109812671742101,73.03913347897281,-0.860877968207996,0.0,0.0,0.0,0.0,0.0,0.0,0.0,0.0,45.13957140391942,-2.1781854998676096,False,False,False,True,False,0.0,1,0.9360402547924522,0.9236228417755143,False,False,False,False,-0.12340240095938676,-0.1109133537287393,False,False,False,False,22595427,25033879.305199597,False,False,False,False,2162879.310878609,False,False,False,False
2022-12-13 00:00:00+00:00,68.1712819243,71.3298993995,67.9191233863,70.3301129158,1932634,,,,,,,,,,,,,,,,,,,,,,,,"rgba(239, 83, 80, 0.5)",0.0,0.0,4.8508363371871575,73.01407270308691,-0.9983414079880261,0.0,0.0,0.0,0.0,0.0,0.0,0.0,0.0,45.066921238948396,-2.1781854998676096,False,False,False,True,False,0.0,1,0.9339777098771661,0.9209453128394037,False,False,False,False,-0.04749108014523142,-0.07920221693698536,False,False,False,False,20662793,24862464.155976087,False,False,False,False,2153850.083001016,False,False,False,False
2022-12-14 00:00:00+00:00,67.2953627925,68.8879430321,67.1449524365,68.3305399482,1519725,,,,,,,,,,,,,,,,,,,,,,,,"rgba(239, 83, 80, 1.0)",0.0,0.0,4.627634402053696,72.97623033607492,-1.2275964456167519,0.0,0.0,0.0,0.0,0.0,0.0,0.0,0.0,43.99501181804323,-2.903591835401663,False,True,False,True,False,0.0,1,0.92644611243052,0.9586739701454963,False,False,False,False,-0.09512161460864667,-0.08716191577281601,False,False,False,False,19143068,24638174.110643692,False,False,False,False,2128982.432687251,False,False,False,False
2022-12-15 00:00:00+00:00,66.1805566247,66.8175887206,65.056902789,66.6140923566,1978608,,,,,,,,,,,,,,,,,,,,,,,,"rgba(239, 83, 80, 1.0)",0.0,0.0,4.557391323539923,72.89899471579595,-1.4741850357229027,0.0,0.0,0.0,0.0,0.0,0.0,0.0,0.0,42.06206139173858,-4.827185061147986,False,True,False,True,False,0.0,0,0.9298705640358235,0.9631875610480528,False,False,False,False,-0.20368608746741323,-0.14542400162011462,False,False,False,False,17164460,24345087.282775313,False,False,False,False,2123085.39611128,False,False,False,False
2022-12-16 00:00:00+00:00,65.2073131449,65.7558685608,64.5525857131,65.030359785,2391997,,,,,,,,,,,,,,,,,,,,,,,,"rgba(239, 83, 80, 1.0)",0.0,0.0,4.549564059586273,72.79453144369923,-1.667680287479938,0.0,0.0,0.0,0.0,0.0,0.0,0.0,0.0,39.7882374679955,-6.991435422722347,False,True,False,True,False,0.0,0,0.9321140251071516,0.9578910384406679,False,False,False,False,-0.24970725651090864,-0.19756562906551162,False,False,False,False,14772463,23969690.252078243,False,False,False,False,2133630.9492049553,False,False,False,False
2022-12-19 00:00:00+00:00,64.4906520371,66.4017483247,64.4641090331,65.4727431849,1554193,,,,,,,,,,,,,,,,,,,,,,,,"rgba(239, 83, 80, 1.0)",0.0,0.0,4.5869734864217016,72.72962294408512,-1.796167109178636,0.0,0.0,0.0,0.0,0.0,0.0,0.0,0.0,37.579523690649395,-9.029450497930277,False,True,False,True,False,0.0,0,0.933608338406274,0.9501848833459696,False,False,False,False,-0.2332174209773556,-0.2153915250214336,False,False,False,False,13218270,23548065.92846733,False,False,False,False,2110907.892373388,False,False,False,False
2022-12-20 00:00:00+00:00,64.879949429,65.5877628689,64.2694603372,64.3402416811,1432620,,,,,,,,,,,,,,,,,,,,,,,,"rgba(239, 83, 80, 1.0)",0.0,0.0,4.563380885793848,72.66969687673009,-1.7070123320146597,0.0,0.0,0.0,0.0,0.0,0.0,0.0,0.0,36.86549503021675,-9.65963116604815,False,True,False,True,False,0.0,0,0.923114427710368,0.9636668718521849,False,False,False,False,-0.2631539154295473,-0.23927272022549045,False,False,False,False,14650890,23199157.068527434,False,False,False,False,2084308.3671822748,False,False,False,False
2022-12-21 00:00:00+00:00,65.5877628689,66.6583306966,65.2250084809,65.4285048449,1458378,,,,,,,,,,,,,,,,,,,,,,,,"rgba(239, 83, 80, 1.0)",0.0,0.0,4.543303549212499,72.62114614350442,-1.5480769000837573,0.0,0.0,0.0,0.0,0.0,0.0,0.0,0.0,37.76132809395832,-9.65963116604815,False,True,False,True,False,0.0,0,0.9485706134292787,0.9454464644650831,False,False,False,False,-0.20342865632335738,-0.22135068827442392,False,False,False,False,16109268,22921122.203094985,False,False,False,False,2059762.078273166,False,False,False,False
2022-12-22 00:00:00+00:00,64.5614333811,65.3046374929,63.4997132213,65.101141129,1597360,,,,,,,,,,,,,,,,,,,,,,,,"rgba(239, 83, 80, 1.0)",0.0,0.0,4.5437325878295,71.93018628412408,-1.6217400035295784,0.0,0.0,0.0,0.0,0.0,0.0,0.0,0.0,37.14176571639251,-9.65963116604815,False,True,False,True,False,0.0,0,0.9389773529188129,0.9437055914960305,False,False,False,False,-0.29490416844164763,-0.25812742835803576,False,False,False,False,14511908,22591349.09709126,False,False,False,False,2041628.6634389244,False,False,False,False
2022-12-23 00:00:00+00:00,65.5169815249,66.0124509328,64.6145193891,64.897644765,1481089,,,,,,,,,,,,,,,,,,,,,,,,"rgba(239, 83, 80, 0.75)",0.0,0.0,4.497499724189859,71.91761124787541,-1.423152888381414,0.0,0.0,0.0,0.0,0.0,0.0,0.0,0.0,38.5737820361651,-9.65963116604815,False,True,False,True,True,0.0,0,0.9401539224995641,0.9608411259165349,False,False,False,False,-0.24026875065679565,-0.2491980895074157,False,False,False,False,15992997,22332590.19132298,False,False,False,False,2019646.7158530843,False,False,False,False
2022-12-27 00:00:00+00:00,65.8266499048,66.4636820007,65.5435245289,65.7558685608,1658208,,,,,,,,,,,,,,,,,,,,,,,,"rgba(239, 83, 80, 0.75)",0.0,0.0,4.3261369365909,71.90116631252289,-1.404143349311028,0.0,0.0,0.0,0.0,0.0,0.0,0.0,0.0,40.111443203893714,-9.65963116604815,False,True,False,True,True,0.0,0,0.96355501249295,0.955200750990052,False,False,False,False,-0.19982739528403773,-0.22451274239572672,False,False,False,False,17651205,22149006.458329923,False,False,False,False,2005472.6485647282,False,False,False,False
2022-12-28 00:00:00+00:00,64.7029960691,66.1274706167,64.6764530651,65.6850872168,1864246,,,,,,,,,,,,,,,,,,,,,,,,"rgba(239, 83, 80, 0.75)",0.0,0.0,4.279175354665312,71.8410464226914,-1.668090172048979,0.0,0.0,0.0,0.0,0.0,0.0,0.0,0.0,39.603314347709876,-9.65963116604815,False,True,False,True,True,0.0,0,0.9559005898585582,0.9318984528943983,False,False,False,False,-0.23504333050535034,-0.22977803645053851,False,False,False,False,15786959,21899514.401140515,False,False,False,False,1999934.3486210136,False,False,False,False
2022-12-29 00:00:00+00:00,65.9091101705,66.4391139187,65.3252077362,65.6935154255,1800149,,,,,,,,,,,,,,,,,,,,,,,,"rgba(239, 83, 80, 0.75)",0.0,0.0,4.230388804927397,71.80597358126948,-1.3939294194190945,0.0,0.0,0.0,0.0,0.0,0.0,0.0,0.0,41.55133266321427,-11.997129175860614,False,True,False,True,True,0.0,1,0.9541696773512705,0.9408248026094322,False,False,False,False,-0.20689382479531981,-0.21833593062292916,False,False,False,False,17587108,21730400.4246252,False,False,False,False,1992099.6290672484,False,False,False,False
2022-12-30 00:00:00+00:00,65.6036842818,66.2594516312,65.0197818474,65.5408024812,1522039,,,,,,,,,,,,,,,,,,,,,,,,"rgba(239, 83, 80, 0.75)",0.0,0.0,4.123428562173331,71.76867578591319,-1.4951129651349686,0.0,0.0,0.0,0.0,0.0,0.0,0.0,0.0,42.392845682617725,-11.157599654318865,False,True,False,True,True,0.0,1,0.9456199371773092,0.9407898453955813,False,False,False,False,-0.22106880559866682,-0.219702368110798,False,False,False,False,16065069,21508230.564835977,False,False,False,False,1973665.8789077485,False,False,False,False
2023-01-03 00:00:00+00:00,64.3370651549,65.729447883,64.004689923,65.4599544518,2097659,,,,,,,,,,,,,,,,,,,,,,,,"rgba(239, 83, 80, 0.75)",0.0,0.0,4.102850803422913,71.69297518357396,-1.7928777772121511,0.0,0.0,0.0,0.0,0.0,0.0,0.0,0.0,41.176045931491466,-11.157599654318865,False,True,False,True,True,0.0,1,0.9383662899651775,0.9494379490775425,False,False,False,False,-0.26683786658361736,-0.24327011734720766,True,False,False,False,13967410,21212512.111312997,False,False,False,False,1978528.3542446995,False,False,False,False
2023-01-04 00:00:00+00:00,64.6604572724,65.1006298768,63.789095178,64.4987612136,2253363,,,,,,,,,,,,,,,,,,,,,,,,"rgba(239, 83, 80, 0.75)",0.0,0.0,4.119119868365595,71.61289896868955,-1.6878464134252493,0.0,0.0,0.0,0.0,0.0,0.0,0.0,0.0,41.03597466866904,-11.157599654318865,False,True,False,True,True,0.0,1,0.9445165448847115,0.951106144986594,False,False,False,False,-0.29230879477406907,-0.26778945606063836,False,False,False,False,16220773,21016757.636359546,False,False,False,False,1989306.1834900053,False,False,False,False
2023-01-05 00:00:00+00:00,66.9421683237,67.0769150393,64.4628287561,64.5436767855,2019751,,,,,,,,,,,,,,,,,,,,,,,,"rgba(239, 83, 80, 0.5)",0.0,0.0,4.019907381425089,71.58060542453376,-1.1538666592834268,0.0,0.0,0.0,0.0,0.0,0.0,0.0,0.0,44.95625920062514,-8.685988919210565,False,False,False,True,True,0.0,1,0.9568479408938535,0.9324474560781624,False,False,False,False,-0.2134457965472185,-0.24061762630392844,False,False,False,False,18240524,20907885.72905133,False,False,False,False,1990500.0978629463,False,False,False,False
2023-01-06 00:00:00+00:00,69.4664234631,69.7449000087,67.6563259165,67.7236992743,2137761,,,,,,,,,,,,,,,,,,,,,,,,#000000,0.0,0.0,3.8897634567314654,71.60454790817792,-0.5496798118604795,0.0,0.0,0.0,0.0,0.0,0.0,0.0,0.0,50.68974640395082,-3.4484454572750494,True,False,False,False,True,0.0,0,0.9755224039756242,0.9148506085790289,False,False,False,False,-0.04662673313585289,-0.14362217971989066,False,False,False,False,20378285,20887117.073010102,False,False,False,False,1996275.0352016545,False,False,False,False
2023-01-09 00:00:00+00:00,69.0532002018,70.3018531,68.8645548,69.7718493519,1619194,,,,,,,,,,,,,,,,,,,,,,,,"rgba(38, 166, 154, 1.0)",0.0,0.0,3.784649182267376,71.62474378866992,-0.6794668311447866,0.0,0.0,0.0,0.0,0.0,0.0,0.0,0.0,53.79778192366051,-0.8288684995836206,True,False,True,False,True,0.0,0,0.9621655290483396,0.915474388252215,False,False,False,False,0.0026959670213752398,-0.07046310634925772,False,False,False,False,18759091,20803665.07014696,False,False,False,False,1981487.5436251191,False,False,False,False
2023-01-10 00:00:00+00:00,66.7625060362,70.2479544137,66.4660632618,69.6910013225,3031537,,,,,,,,,,,,,,,,,,,,,,,,"rgba(38, 166, 154, 1.0)",0.0,0.0,3.7031491736337054,71.61086859102635,-1.3092539153827576,0.0,0.0,0.0,0.0,0.0,0.0,0.0,0.0,52.39486955569399,-0.8288684995836206,True,False,True,False,True,0.0,0,0.9444489740082268,0.917747454752368,False,False,False,False,-0.06587692596795777,-0.06817001615860774,False,False,False,False,15727554,20604601.890925508,False,False,False,False,2022665.953679036,False,False,False,False
2023-01-11 00:00:00+00:00,66.5558944056,67.7236992743,66.254960074,67.3374253562,2329089,,,,,,,,,,,,,,,,,,,,,,,,#000000,0.0,0.0,3.707891513101594,71.5784464627846,-1.3545574457714675,0.0,0.0,0.0,0.0,0.0,0.0,0.0,0.0,51.17954157276461,-0.8288684995836206,True,False,False,False,False,0.0,0,0.9458395477420213,0.9382016916567918,False,False,False,False,-0.14313028717663767,-0.1056501516676227,False,False,False,False,13398465,20322008.287359804,False,False,False,False,2034682.5437308387,False,False,False,False
2023-01-12 00:00:00+00:00,68.505230225,68.7607998289,66.4301308043,67.1218306112,2606632,,,,,,,,,,,,,,,,,,,,,,,,"rgba(38, 166, 154, 0.75)",0.0,0.0,3.7039619600465645,71.56427986190536,-0.8258858135969895,0.0,0.0,0.0,0.0,0.0,0.0,0.0,0.0,52.92400487386499,-0.8288684995836206,True,False,True,False,False,0.0,0,0.9402212019195303,0.9424998951743558,False,False,False,False,-0.10873728941371905,-0.10719372054067088,False,False,False,False,16005097,20152717.648639813,False,False,False,False,2057111.9341727667,False,False,False,False
2023-01-13 00:00:00+00:00,67.5260707581,67.8674291043,66.9870838956,67.7326823887,2475532,,,,,,,,,,,,,,,,,,,,,,,,"rgba(38, 166, 154, 0.75)",0.0,0.0,3.674291589267923,71.5410244486466,-1.0927150426149337,0.0,0.0,0.0,0.0,0.0,0.0,0.0,0.0,52.65184333672001,-0.8288684995836206,True,False,True,False,False,0.0,0,0.9281254447908334,0.9464765716131172,False,False,False,False,-0.10555481943680844,-0.10637426998873967,False,False,False,False,13529565,19892986.172222566,False,False,False,False,2073520.5642052074,False,False,False,False
2023-01-17 00:00:00+00:00,68.5142133393,69.29574429,67.6293765734,68.4423484243,2445712,,,,,,,,,,,,,,,,,,,,,,,,"rgba(38, 166, 154, 0.75)",0.0,0.0,3.5781309023971235,71.53602987396167,-0.8445237519502821,0.0,0.0,0.0,0.0,0.0,0.0,0.0,0.0,53.71727631100394,-0.8288684995836206,True,False,True,False,False,0.0,0,0.9413473006180985,0.9332115582370331,False,False,False,False,0.033633927948917314,-0.03637017101991118,False,False,False,False,15975277,19739350.518409915,False,False,False,False,2088116.3067853954,False,False,False,False
2023-01-18 00:00:00+00:00,69.4843896919,71.2989787956,68.8645548,68.9454028293,2878465,,,,,,,,,,,,,,,,,,,,,,,,"rgba(38, 166, 154, 1.0)",0.0,0.0,3.5430483781932685,71.556779895001,-0.584917275151005,0.0,0.0,0.0,0.0,0.0,0.0,0.0,0.0,55.57243797316127,0.44316828544030074,True,False,True,False,True,0.0,0,0.9867620491165213,0.8834768002763238,False,False,False,False,0.1393013837133362,0.05146560634671251,False,False,False,False,18853742,19704620.77258992,False,False,False,False,2119110.373185968,False,False,False,False
2023-01-19 00:00:00+00:00,68.4782808818,69.2148962606,67.2386110981,68.9274366006,1765777,,,,,,,,,,,,,,,,,,,,,,,,"rgba(38, 166, 154, 1.0)",0.0,0.0,3.511735508679873,71.54843639770583,-0.8742559080310559,0.0,0.0,0.0,0.0,0.0,0.0,0.0,0.0,55.1985676373015,0.44316828544030074,True,False,True,False,True,0.0,0,0.953786832841838,0.9160549217570342,False,False,False,False,-0.014580399117995673,0.01844260361435842,False,False,False,False,17087965,19602006.820723645,False,False,False,False,2105254.162472793,False,False,False,False
2023-01-20 00:00:00+00:00,70.804907505,70.9396542206,68.2267536793,68.3165848231,2080629,,,,,,,,,,,,,,,,,,,,,,,,"rgba(38, 166, 154, 1.0)",0.0,0.0,3.457766161106473,71.56161323804618,-0.21884236752552172,0.0,0.0,0.0,0.0,0.0,0.0,0.0,0.0,57.55667137529058,2.6089523481205177,True,False,True,False,True,0.21630264260923227,0,0.9665026893232921,0.8905653501535601,False,False,False,False,0.09759851888954918,0.0580205612519538,False,False,False,False,19168594,19585010.239518795,False,False,False,False,2104288.469826801,False,False,False,False
2023-01-23 00:00:00+00:00,71.0564347075,71.5684722269,70.5713465313,71.236096995,1443549,,,,,,,,,,,,,,,,,,,,,,,,"rgba(38, 166, 154, 1.0)",0.0,0.0,3.3159668196456384,71.58003827720496,-0.1579037421613631,0.0,0.0,0.0,0.0,0.0,0.0,0.0,0.0,59.38041774312736,4.446075175954505,True,False,True,False,True,0.47132960709905447,0,0.9783628248738574,0.9143128316656203,False,False,False,False,0.2235524740953184,0.1407865176736361,False,False,False,False,20612143,19625289.955616098,False,False,False,False,2078377.1180688876,False,False,False,False
2023-01-24 00:00:00+00:00,70.7060932469,72.7093277525,61.8217931298,72.7093277525,1506277,,,,,,,,,,,,,,,,,,,,,,,,"rgba(38, 166, 154, 1.0)",0.0,0.0,3.2670003793187714,71.34653667407305,-0.19603408411804277,0.0,0.0,0.0,0.0,0.0,0.0,0.0,0.0,59.97121151547417,5.1339904135808325,True,False,True,False,True,0.10729573613319587,0,0.8991871014744475,0.9094888258526569,False,False,False,False,-0.0941279087864945,0.023329304443570793,False,False,False,False,19105866,19604920.388729192,False,False,False,False,2055941.8193210883,False,False,False,False
2023-01-25 00:00:00+00:00,71.1732151944,71.7122020569,70.0682921262,70.3647349006,1319062,,,,,,,,,,,,,,,,,,,,,,,,"rgba(38, 166, 154, 1.0)",0.0,0.0,3.190837069300465,71.44596178451737,-0.08547806866778045,0.0,0.0,0.0,0.0,0.0,0.0,0.0,0.0,60.90647100581542,6.193124327890352,True,False,True,False,True,0.5955782807631493,0,0.9661022332977823,0.947978365108743,False,False,False,False,0.2080343341088433,0.11568181927620705,False,False,False,False,20424928,19637077.5499555,False,False,False,False,2027044.571504575,False,False,False,False
2023-01-26 00:00:00+00:00,73.4189937882,73.5088249319,71.4157592825,71.6942358281,1697053,,,,,,,,,,,,,,,,,,,,,,,,"rgba(38, 166, 154, 1.0)",0.0,0.0,3.1780996758464806,71.56515774210091,0.5833158916280133,0.0,0.0,0.0,0.0,0.0,0.0,0.0,0.0,63.77666370033556,9.041084500009696,True,False,True,False,True,2.9016232029870466,0,0.9819391257251103,0.9455220704866005,False,False,False,False,0.3428282452262268,0.2292550322512169,False,False,False,False,22121981,19734524.744074892,False,False,False,False,2014103.725563219,False,False,False,False
2023-01-27 00:00:00+00:00,72.5925472657,74.5239168563,72.3320369488,73.4728924744,1408974,,,,,,,,,,,,,,,,,,,,,,,,"rgba(38, 166, 154, 1.0)",0.0,0.0,3.124328946845723,71.63513547913983,0.3064375751877091,0.0,0.0,0.0,0.0,0.0,0.0,0.0,0.0,64.10763018274852,9.460575057230074,True,False,True,False,True,2.0054086528819326,0,0.9934468693298563,0.9134156054282356,False,False,False,False,0.34282824620939034,0.2860416392303036,False,False,False,False,20713007,19772896.597248428,False,False,False,False,1990373.1480901516,False,False,False,False
2023-01-30 00:00:00+00:00,71.5684722269,72.6194966088,71.5055904263,71.7032189425,1341033,,,,,,,,,,,,,,,,,,,,,,,,"rgba(38, 166, 154, 1.0)",0.0,0.0,3.1053513837207323,71.6603513556747,-0.029587353384988052,0.0,0.0,0.0,0.0,0.0,0.0,0.0,0.0,62.48971519124544,9.460575057230074,True,False,True,False,True,0.9013154543195334,0,0.982990566681859,0.9367994216744853,False,False,False,False,0.23435255307559225,0.26019709615294795,False,False,False,False,19371974,19757174.14245437,False,False,False,False,1964908.8285572047,False,False,False,False
2023-01-31 00:00:00+00:00,74.3712039119,74.6406973432,71.4876241975,71.59542157,2411060,,,,,,,,,,,,,,,,,,,,,,,,"rgba(38, 166, 154, 1.0)",0.0,0.0,3.1282242328065473,71.74870534890194,0.8383345846807264,0.0,0.0,0.0,0.0,0.0,0.0,0.0,0.0,64.18261939436312,9.616463228608268,True,False,True,False,True,3.7540941605292346,0,0.9742473022361271,0.9185011838814018,False,False,False,False,0.31325612562293215,0.28672661088794005,False,False,False,False,21783034,19836619.627064005,False,False,False,False,1982404.9529275103,False,False,False,False
2023-02-01 00:00:00+00:00,75.1437517482,75.808502212,73.8142508207,73.8142508207,2253682,,,,,,,,,,,,,,,,,,,,,,,,"rgba(38, 166, 154, 1.0)",0.0,0.0,3.0860598555068335,71.85167306515137,1.0667578845478876,0.0,0.0,0.0,0.0,0.0,0.0,0.0,0.0,65.94111057680404,11.372727048025219,True,False,True,False,True,4.517328191259022,0,1.0091431392109065,0.9038567671152659,False,False,False,False,0.34282824729998146,0.3147774290939608,False,False,False,False,24036716,20001329.28874777,False,False,False,False,1993043.2684989807,False,False,False,False
2023-02-02 00:00:00+00:00,75.9073164701,76.5002020189,74.7664609445,75.4581607513,2364748,,,,,,,,,,,,,,,,,,,,,,,75.72465981116666,"rgba(38, 166, 154, 1.0)",0.0,0.0,3.180911924956819,72.21309901096082,1.1613705585983274,-1.0,76.5002,74.766464,0.0,0.0,0.0,0.0,0.0,67.71993643145423,13.128670177376222,True,False,True,False,True,5.270696830324368,0,1.0052269149215738,0.8979830077015569,False,False,False,False,0.3428282478207246,0.3288028384573427,False,False,False,False,26401464,20252314.963698834,False,True,False,False,2007619.9246362755,False,True,False,False
2023-02-03 00:00:00+00:00,74.5239168563,75.1078192907,73.8591663926,74.9910388038,2902395,,,,,,,,,,,,,,,,,,,,,,,75.04815492281314,"rgba(38, 166, 154, 1.0)",0.0,0.0,3.2344731790689005,72.2459906101089,0.7042649977536191,0.0,0.0,0.0,0.0,0.0,0.0,0.0,0.0,66.38433241917802,13.128670177376222,True,False,True,False,True,3.715233818631763,0,1.0107395988802303,0.8939366928534893,False,False,False,False,0.268715942322151,0.29875939038974686,False,False,False,False,23499069,20379638.65139692,False,False,False,False,2042709.1432779902,False,False,False,False
2023-02-06 00:00:00+00:00,74.3262883401,75.0808699476,73.198907486,74.2993389969,2352681,,,,,,,,,,,,,,,,,,,,,,,74.78690465923127,"rgba(38, 166, 154, 0.75)",0.0,0.0,3.2655927171681234,72.27990936700665,0.6266485597958907,0.0,0.0,0.0,0.0,0.0,0.0,0.0,0.0,65.14555680431995,13.128670177376222,True,False,True,False,False,3.493510030768931,0,0.9891852665390484,0.9288279808009975,False,False,False,False,0.24714992261792051,0.27295465650383366,False,False,False,False,21146388,20409707.253302924,False,False,False,False,2054864.9023651278,False,False,False,False
2023-02-07 00:00:00+00:00,72.9428887263,74.2903558826,72.0894928607,74.1017104807,2893061,,,,,,,,,,,,,,,,,,,,,,,74.32476785109907,"rgba(38, 166, 154, 0.75)",0.0,0.0,3.274337101621076,72.28337372742062,0.2014193952580073,0.0,0.0,0.0,0.0,0.0,0.0,0.0,0.0,61.977121608545154,16.6636657137566,True,False,True,False,False,1.9453779818660735,0,0.9752645707936765,0.9311868896691153,False,False,False,False,0.18861837370131118,0.23078651510257242,False,False,False,False,18253327,20325143.32180085,False,False,False,False,2087735.3375664954,False,False,False,False
2023-02-08 00:00:00+00:00,70.2210050706,72.88899004,70.1940557275,72.5925472657,3083316,,,,,,,,,,,,,,,,,,,,,,,73.59376843636522,"rgba(38, 166, 154, 0.75)",0.0,0.0,3.247558378250963,72.22558369904267,-0.6172571498229011,0.0,0.0,0.0,0.0,0.0,0.0,0.0,0.0,56.242536687376855,11.36022216745068,True,False,True,False,False,0.0,0,0.9476272579987917,0.9675695461138086,False,False,False,False,0.08978494627593966,0.16028573068925606,False,False,False,False,15170011,20122981.269965522,False,False,False,False,2126777.7164854566,False,False,False,False
2023-02-09 00:00:00+00:00,70.5713465313,71.2720294525,70.0772752406,71.0294853644,1674876,,,,,,,,,,,,,,,,,,,,,,,73.26983370076977,#000000,0.0,0.0,3.217502128946749,72.19509540520055,-0.5046613207470007,0.0,0.0,0.0,0.0,0.0,0.0,0.0,0.0,52.91482960748449,8.467069813423947,True,False,False,False,False,0.0,0,0.9493031883151197,0.9752019932286832,False,False,False,False,0.03862191915936222,0.09945382492430914,False,False,False,False,16844887,19994428.553496286,False,False,False,False,2109056.0805448503,False,False,False,False
2023-02-10 00:00:00+00:00,71.9188136875,72.4667836644,70.5354140738,70.7240594756,1516968,,,,,,,,,,,,,,,,,,,,,,,73.12259236707574,#000000,0.0,0.0,3.2307591207973485,72.18822585273405,-0.08338974066489784,0.0,0.0,0.0,0.0,0.0,0.0,0.0,0.0,52.5272437625984,8.259328009520068,False,False,False,False,False,0.8415611028426362,0,0.9541895817107464,0.9639383214414357,False,False,False,False,0.08739073251610201,0.09342227872020557,False,False,False,False,18361855,19930406.061202314,False,False,False,False,2085836.940131327,False,False,False,False
2023-02-13 00:00:00+00:00,70.6342283319,71.9816954882,69.9604947537,71.9188136875,2115628,,,,,,,,,,,,,,,,,,,,,,,72.86923793063607,#000000,0.0,0.0,3.19563606530018,72.165046699833,-0.47903401283875485,0.0,0.0,0.0,0.0,0.0,0.0,0.0,0.0,50.59889570148545,6.457342752878581,False,False,False,False,False,0.0,0,0.96219151146608,0.9662326104617096,False,False,False,False,0.056081938028901115,0.07475210837455334,False,False,False,False,16246227,19785928.450959086,False,False,False,False,2087005.216988922,False,False,False,False
2023-02-14 00:00:00+00:00,69.1430313456,70.3961758009,68.1189563068,70.3557517862,2992824,,,,,,,,,,,,,,,,,,,,,,,72.37037461865525,"rgba(239, 83, 80, 0.5)",0.0,0.0,3.1722374204702706,72.09405470749857,-0.9302656046031704,0.0,0.0,0.0,0.0,0.0,0.0,0.0,0.0,47.59923546224739,3.632671507476836,False,False,False,True,False,0.0,0,0.9419981345614002,0.9724613818748764,False,False,False,False,-0.044702240467577835,0.015024933953487755,False,False,False,False,13253403,19529750.982294027,False,False,False,False,2122527.5222050427,False,False,False,False
2023-02-15 00:00:00+00:00,69.2148962606,69.2687949469,67.1757292974,68.0111589343,3076460,,,,,,,,,,,,,,,,,,,,,,,71.90012317437734,"rgba(239, 83, 80, 1.0)",0.0,0.0,3.127750942092224,72.01560060189667,-0.8954371345894984,0.0,0.0,0.0,0.0,0.0,0.0,0.0,0.0,45.71233450994384,1.8569369901063197,False,True,False,True,False,0.0,0,0.9428037629238801,0.9703586991759673,False,False,False,False,-0.10590641188400733,-0.04544073896525979,False,False,False,False,16329863,19404265.17906681,False,False,False,False,2159936.638981316,False,False,False,False
2023-02-16 00:00:00+00:00,69.9964272112,73.3291626444,66.7535229218,67.4092902712,4348171,,,,,,,,,,,,,,,,,,,,,,,71.62225544744511,"rgba(239, 83, 80, 1.0)",0.0,0.0,3.0997325089266132,71.97302233219284,-0.637666351951544,0.0,0.0,0.0,0.0,0.0,0.0,0.0,0.0,45.70973735310484,1.76107177392511,False,True,False,True,False,0.0,0,0.9348576081841193,0.9496941762616137,False,False,False,False,0.0013862292272712041,-0.022027254868994293,False,False,False,False,20678034,19454216.89753478,False,False,False,False,2245749.751178127,False,False,False,False
2023-02-17 00:00:00+00:00,67.1128474968,69.3047274044,67.0679319249,69.1789638031,1823524,,,,,,,,,,,,,,,,,,,,,,,71.40013063579651,"rgba(239, 83, 80, 1.0)",0.0,0.0,3.0383538434899204,71.92690540073188,-1.5844296457592144,0.0,0.0,0.0,0.0,0.0,0.0,0.0,0.0,42.53317912510444,-1.3836353768634737,False,True,False,True,False,0.0,0,0.9385613700188139,0.9664909138024673,False,False,False,False,-0.10804224319639874,-0.06503474903269651,False,False,False,False,18854510,19430698.9799844,False,False,False,False,2229191.878582906,False,False,False,False
2023-02-21 00:00:00+00:00,67.4542058431,68.0920069637,66.3672490037,66.6097930918,2127238,,,,,,,,,,,,,,,,,,,,,,,71.13827571256205,"rgba(239, 83, 80, 1.0)",0.0,0.0,2.9365437959614025,71.58327047823911,-1.4060967320895315,0.0,0.0,0.0,0.0,0.0,0.0,0.0,0.0,40.97750447469274,-2.956529044400206,False,True,False,True,False,0.0,0,0.9459874840297783,0.9588947614710304,False,False,False,False,-0.165334681340375,-0.11518471518653575,False,False,False,False,20981748,19491524.431749716,False,False,False,False,2225193.6872659298,False,False,False,False
2023-02-22 00:00:00+00:00,69.6999844369,69.7718493519,67.6698005881,67.8135304181,2751250,,,,,,,,,,,,,,,,,,,,,,,70.97857168543659,"rgba(239, 83, 80, 1.0)",0.0,0.0,2.8911666705440693,71.61101713549179,-0.6609901525435654,0.0,0.0,0.0,0.0,0.0,0.0,0.0,0.0,43.264675875128546,-2.956529044400206,False,True,False,True,False,0.0,0,0.9500706948320122,0.9457667111729368,False,False,False,False,-0.07636221287965243,-0.09577346403309409,False,False,False,False,23732998,19657856.728543848,False,False,False,False,2245823.3465888347,False,False,False,False
2023-02-23 00:00:00+00:00,69.8077818094,70.8408399625,68.6534516122,69.9874440969,1599233,,,,,,,,,,,,,,,,,,,,,,,70.92708601162957,"rgba(239, 83, 80, 0.75)",0.0,0.0,2.8117012732273414,71.62296920816821,-0.6455833043332867,0.0,0.0,0.0,0.0,0.0,0.0,0.0,0.0,44.93556852761773,-2.956529044400206,False,True,False,True,True,0.0,0,0.9568673904042817,0.9409417001639546,False,False,False,False,-0.015903627721670893,-0.05583854587738249,False,False,False,False,25332231,19880381.209777422,False,False,False,False,2220466.8624088806,False,False,False,False
2023-02-24 00:00:00+00:00,69.0532002018,69.2777780612,67.6518343593,69.2777780612,1518066,,,,,,,,,,,,,,,,,,,,,,,70.8391932073468,"rgba(239, 83, 80, 0.75)",0.0,0.0,2.769488860782932,71.60250894825998,-0.9204979238440765,0.0,0.0,0.0,0.0,0.0,0.0,0.0,0.0,45.07148679621841,-2.956529044400206,False,True,False,True,True,0.0,0,0.9482819793619421,0.9449955181669334,False,False,False,False,-0.09151371395454477,-0.07367612991596363,False,False,False,False,23814165,20034647.240766544,False,False,False,False,2192921.730549709,False,False,False,False
2023-02-27 00:00:00+00:00,69.8437142669,70.7420257044,69.6730350937,70.1491401556,1054968,,,,,,,,,,,,,,,,,,,,,,,70.81943169142757,"rgba(239, 83, 80, 0.75)",0.0,0.0,2.724311876229749,71.60853730681207,-0.6478050678817512,0.0,0.0,0.0,0.0,0.0,0.0,0.0,0.0,46.35455146098198,-2.956529044400206,False,True,False,True,True,0.0,0,0.9525989176580804,0.953743185114215,False,False,False,False,0.011152722314182264,-0.03126170380089068,False,False,False,False,24869133,20224234.91759923,False,False,False,False,2148296.0940575637,False,False,False,False
2023-02-28 00:00:00+00:00,69.87066361,70.6027874316,69.4574403487,69.9515116394,1372983,,,,,,,,,,,,,,,,,,,,,,,70.79160540088768,"rgba(239, 83, 80, 0.5)",0.0,0.0,2.725435848299891,71.61155717174634,-0.6387578569615957,0.0,0.0,0.0,0.0,0.0,0.0,0.0,0.0,47.25161576309891,-8.247261355165378,False,False,False,True,True,0.0,0,0.9573433169856186,0.9328922077818448,False,False,False,False,0.0007263614686295523,-0.015267671166130564,False,False,False,False,26242116,20460230.254163966,False,False,False,False,2117891.658996483,False,False,False,False
2023-03-01 00:00:00+00:00,70.58931276,71.3214365816,69.8077818094,70.0593090119,1375345,,,,,,,,,,,,,,,,,,,,,,,70.78459919176017,#000000,0.0,0.0,2.703982781509037,71.62184986598233,-0.3818578701917956,0.0,0.0,0.0,0.0,0.0,0.0,0.0,0.0,48.98776903925457,-6.359931066391546,False,False,False,False,True,0.0,0,0.977431219146479,0.9116393932734354,False,False,False,False,0.03214709993624707,0.008439714385058254,False,False,False,False,27617461,20740905.969686948,False,False,False,False,2088772.1821730915,False,False,False,False
2023-03-02 00:00:00+00:00,74.1556091669,74.4745097273,69.9964272112,70.3557517862,2617194,,,,,,,,,,,,,,,,,,,,,,,70.90470941322161,"rgba(38, 166, 154, 1.0)",0.0,0.0,2.7624656867676927,71.69674092566547,0.8900991071174588,0.0,0.0,0.0,0.0,0.0,0.0,0.0,0.0,54.38920377166966,-1.1550846333138196,True,False,True,False,True,3.762507103410126,1,0.9878096013780737,0.8805714582311258,False,False,False,False,0.1310696780917509,0.06975469623840458,False,False,False,False,30234655,21113209.853228636,False,False,False,False,2109494.6064015976,False,False,False,False
2023-03-03 00:00:00+00:00,74.3891701407,74.8203596307,72.5655979225,73.4369600169,2040561,,,,,,,,,,,,,,,,,,,,,,,71.03418380647648,"rgba(38, 166, 154, 1.0)",0.0,0.0,2.820295490821937,71.89186547210421,0.8854762476920397,0.0,0.0,0.0,0.0,0.0,0.0,0.0,0.0,58.20977990618738,2.3645985155926894,True,False,True,False,True,4.0129095589442905,0,1.011114258688248,0.883530196572606,False,False,False,False,0.2194302732042838,0.14459248472134417,False,False,False,False,32275216,21550935.58447457,False,False,False,False,2106791.327719182,False,False,False,False
2023-03-06 00:00:00+00:00,72.9159393832,74.2723896538,72.3589862919,74.1196767094,1575623,,,,,,,,,,,,,,,,,,,,,,,71.10301337390372,"rgba(38, 166, 154, 1.0)",0.0,0.0,2.8497058743712915,71.90658221260063,0.3541969645628987,0.0,0.0,0.0,0.0,0.0,0.0,0.0,0.0,58.20866728620914,2.3645985155926894,True,False,True,False,True,2.264849522843118,0,1.0099250930445967,0.8809206344090263,False,False,False,False,0.19628604239340616,0.17043926355737515,False,False,False,False,30699593,21909706.463514786,False,False,False,False,2085961.1972203904,False,False,False,False
2023-03-07 00:00:00+00:00,71.4966073119,72.7632264388,70.8183821766,72.4039018638,2900156,,,,,,,,,,,,,,,,,,,,,,,71.1358548671064,"rgba(38, 166, 154, 1.0)",0.0,0.0,2.8579613149765652,71.87697176002183,-0.13308943201176862,0.0,0.0,0.0,0.0,0.0,0.0,0.0,0.0,56.082465282581865,2.3645985155926894,True,False,True,False,True,0.6201632654715326,0,0.9899055792795035,0.905306051687011,False,False,False,False,0.10457303364181707,0.13750614859959612,False,False,False,False,27799437,22140676.288474992,False,False,False,False,2117890.405172532,False,False,False,False
2023-03-08 00:00:00+00:00,73.0506860988,73.2842470725,71.1417742941,71.4606748544,2768211,,,,,,,,,,,,,,,,,,,,,,,71.20431536155321,"rgba(38, 166, 154, 1.0)",0.0,0.0,2.887710511279278,71.90565125644395,0.39651995512832583,0.0,0.0,0.0,0.0,0.0,0.0,0.0,0.0,56.536607220366484,2.3645985155926894,True,False,True,False,True,2.348034633545357,0,1.01013585244217,0.891545747712694,False,False,False,False,0.12894762155140346,0.1332268850754998,False,False,False,False,30567648,22471145.76735833,False,False,False,False,2143393.173597139,False,False,False,False
2023-03-09 00:00:00+00:00,70.7779581619,73.5717067326,70.58931276,73.0686523275,3716375,,,,,,,,,,,,,,,,,,,,,,,71.23236564886832,"rgba(38, 166, 154, 0.5)",0.0,0.0,2.8913928580842616,71.90542766753398,-0.3899399220281,0.0,0.0,0.0,0.0,0.0,0.0,0.0,0.0,53.81579879984053,2.3645985155926894,False,False,True,False,False,0.0,0,0.9961855469127538,0.8970200908729165,False,False,False,False,0.12100872229596066,0.12711780368573022,False,False,False,False,26851273,22642915.462756045,False,False,False,False,2205078.735416859,False,False,False,False
2023-03-10 00:00:00+00:00,68.0650576206,71.16423208,67.9752264768,70.4994816162,3036270,,,,,,,,,,,,,,,,,,,,,,,71.12568908897782,#000000,0.0,0.0,2.8950576520641196,71.82897580470751,-1.3001185594435087,0.0,0.0,0.0,0.0,0.0,0.0,0.0,0.0,49.23285509171169,5.292300758845151,False,False,False,False,False,0.0,0,0.9667225325154747,0.9231921614882048,False,False,False,False,-0.027694756787376262,0.04971152344917698,False,False,False,False,23815003,22688879.679902866,False,False,False,False,2237674.4712828645,False,False,False,False
2023-03-13 00:00:00+00:00,66.5379281768,67.7326823887,65.3252077362,67.1487799543,2638535,,,,,,,,,,,,,,,,,,,,,,,70.93699980709174,"rgba(239, 83, 80, 1.0)",0.0,0.0,2.9095315092780023,71.71144518539076,-1.7781271631165692,0.0,0.0,0.0,0.0,0.0,0.0,0.0,0.0,44.89388455619222,1.2983336274876223,False,True,False,True,False,0.0,0,0.9535334754401612,0.9469717987771971,False,False,False,False,-0.21009917250081928,-0.08019382452582115,False,False,False,False,21176468,22629569.41794589,False,False,False,False,2253394.49201687,False,False,False,False
2023-03-14 00:00:00+00:00,68.3704835093,71.0474515931,67.5799694443,68.9813352868,3851604,,,,,,,,,,,,,,,,,,,,,,,70.82738845776387,"rgba(239, 83, 80, 1.0)",0.0,0.0,2.9010557249616826,71.64944747777375,-1.1302657650662864,0.0,0.0,0.0,0.0,0.0,0.0,0.0,0.0,44.39499546290782,0.9027029595534017,False,True,False,True,False,0.0,1,0.9642139284758344,0.92036595909058,False,False,False,False,-0.04281619147969564,-0.06150500800275839,False,False,False,False,25028072,22723628.342732325,False,False,False,False,2316069.3746828754,False,False,False,False
2023-03-15 00:00:00+00:00,65.5587687099,66.3402996606,64.1574028674,66.3133503174,2584018,,,,,,,,,,,,,,,,,,,,,,,70.62719545372143,"rgba(239, 83, 80, 1.0)",0.0,0.0,2.929740164280185,71.53618788697383,-2.040255736652485,0.0,0.0,0.0,0.0,0.0,0.0,0.0,0.0,41.7525565097594,-1.6285951603574063,False,True,False,True,False,0.0,0,0.943900067317057,0.9420478790647147,False,False,False,False,-0.29047643469891016,-0.17599072135083427,False,False,False,False,22444054,22712664.643017333,False,False,False,False,2326577.163910998,False,False,False,False
2023-03-16 00:00:00+00:00,65.2892752787,66.2414854024,64.0406223805,64.7862208736,1928055,,,,,,,,,,,,,,,,,,,,,,,70.48281150950392,"rgba(239, 83, 80, 1.0)",0.0,0.0,2.936800166307824,71.4562954318719,-2.0999114015051057,0.0,0.0,0.0,0.0,0.0,0.0,0.0,0.0,39.78967472582604,-3.5345792261558415,False,True,False,True,False,0.0,0,0.9512080877444029,0.9388592983175095,False,False,False,False,-0.2974007615010374,-0.23669574142593583,False,False,False,False,20515999,22626520.892310772,False,False,False,False,2310948.8437576257,False,False,False,False
2023-03-17 00:00:00+00:00,65.3162246218,65.6935154255,64.3729976124,64.7592715305,1921564,,,,,,,,,,,,,,,,,,,,,,,70.34472563889067,"rgba(239, 83, 80, 1.0)",0.0,0.0,2.964091310914268,71.38089777961514,-2.046048020006678,0.0,0.0,0.0,0.0,0.0,0.0,0.0,0.0,38.519950670065214,-4.844418029898961,False,True,False,True,False,0.0,0,0.9555404163488807,0.9382249520089093,False,False,False,False,-0.34282825441539394,-0.28976199792066487,False,False,False,False,22437563,22619110.77888682,False,False,False,False,2295678.849884778,False,False,False,False
2023-03-20 00:00:00+00:00,66.3223334318,67.0230163531,65.370123308,65.8462283699,2005648,,,,,,,,,,,,,,,,,,,,,,,70.23710869131388,"rgba(239, 83, 80, 1.0)",0.0,0.0,2.9597499205443554,71.32336256903834,-1.6896796254727315,0.0,0.0,0.0,0.0,0.0,0.0,0.0,0.0,39.15590350542336,-4.844418029898961,False,True,False,True,False,0.0,0,0.9573637731427105,0.9424964886747152,False,False,False,False,-0.2635016289231055,-0.2766318134218852,False,False,False,False,24443211,22690644.12089126,False,False,False,False,2284305.0910657668,False,False,False,False
2023-03-21 00:00:00+00:00,67.5709863299,68.6759093981,67.0724234821,67.7775979606,2556753,,,,,,,,,,,,,,,,,,,,,,,70.15744882099327,"rgba(239, 83, 80, 1.0)",0.0,0.0,2.9548647929548313,71.2823366311105,-1.25601357803556,0.0,0.0,0.0,0.0,0.0,0.0,0.0,0.0,41.299947254119495,-4.844418029898961,False,True,False,True,False,0.0,0,0.9450161221454236,0.9416446384417854,False,False,False,False,-0.15432806574179445,-0.2154799395818398,False,False,False,False,26999964,22859637.057326898,False,False,False,False,2294989.3227886776,False,False,False,False
2023-03-22 00:00:00+00:00,66.8074216081,68.1638718787,66.6726748924,67.7686148462,3231914,,,,,,,,,,,,,,,,,,,,,,,70.04190836771546,"rgba(239, 83, 80, 0.75)",0.0,0.0,2.965391456350664,71.22161261427664,-1.488569408508692,0.0,0.0,0.0,0.0,0.0,0.0,0.0,0.0,41.89263564775588,-4.844418029898961,False,True,False,True,True,0.0,0,0.9322049697204221,0.9502023812491558,False,False,False,False,-0.1835333513577493,-0.19950664546979457,False,False,False,False,23768050,22895261.09429447,False,False,False,False,2331731.466993043,False,False,False,False
2023-03-23 00:00:00+00:00,65.7833465693,68.3435341662,65.4509713374,67.4362396143,2175577,,,,,,,,,,,,,,,,,,,,,,,69.9513760641282,"rgba(239, 83, 80, 0.75)",0.0,0.0,2.9843878869588574,71.17328954660208,-1.806046392580198,0.0,0.0,0.0,0.0,0.0,0.0,0.0,0.0,41.209007105827396,-4.844418029898961,False,True,False,True,True,0.0,0,0.9411805061555459,0.9479687595887643,False,False,False,False,-0.2172974224385257,-0.20840203395416013,False,False,False,False,21592473,22844171.365106452,False,False,False,False,2325607.7624050807,False,False,False,False
2023-03-24 00:00:00+00:00,64.4718118705,65.1635116774,63.4926524036,65.082663648,1977436,,,,,,,,,,,,,,,,,,,,,,,69.82387446244047,"rgba(239, 83, 80, 0.75)",0.0,0.0,3.027526457003188,71.1040952214477,-2.190660740752927,0.0,0.0,0.0,0.0,0.0,0.0,0.0,0.0,39.48222523235712,-4.844418029898961,False,True,False,True,True,0.0,0,0.9272542049406993,0.9485972759761514,False,False,False,False,-0.34282825441539394,-0.27561514418477706,False,False,False,False,19615037,22717538.6449062,False,False,False,False,2311953.96780096,False,False,False,False
2023-03-27 00:00:00+00:00,65.1365623343,65.9719919712,63.7962816695,65.5228362524,1853114,,,,,,,,,,,,,,,,,,,,,,,69.72199794674464,"rgba(239, 83, 80, 0.75)",0.0,0.0,3.057775503814036,71.04878961865151,-1.9335060003512534,0.0,0.0,0.0,0.0,0.0,0.0,0.0,0.0,39.41122118213103,-5.174058772532327,False,True,False,True,True,0.0,0,0.9281912410095486,0.9503616655985127,False,False,False,False,-0.3068157980288871,-0.2912154711068321,False,False,False,False,21468151,22668543.05098831,False,False,False,False,2293960.2435734714,False,False,False,False
2023-03-28 00:00:00+00:00,64.8131702168,65.8192790268,64.4718118705,65.1185961055,1753425,,,,,,,,,,,,,,,,,,,,,,,69.63075552475267,"rgba(239, 83, 80, 0.75)",0.0,0.0,3.088831675128214,70.9990742884152,-2.002667908848878,0.0,0.0,0.0,0.0,0.0,0.0,0.0,0.0,39.01841397584896,-5.886068415960651,False,True,False,True,True,0.0,0,0.9341494817527508,0.9494702467846989,False,False,False,False,-0.2901539695604297,-0.2906847203336309,False,False,False,False,19714726,22552707.088204455,False,False,False,False,2272762.7830411787,False,False,False,False
2023-03-29 00:00:00+00:00,65.3162246218,66.3402996606,65.0557143049,65.7743634549,1980516,,,,,,,,,,,,,,,,,,,,,,,69.54340772961241,"rgba(239, 83, 80, 0.75)",0.0,0.0,3.1117398671332364,70.9512856125079,-1.810903620262876,0.0,0.0,0.0,0.0,0.0,0.0,0.0,0.0,39.64617931091581,-5.886068415960651,False,True,False,True,True,0.0,0,0.9324358410725365,0.9555337748709077,False,False,False,False,-0.2554382398930697,-0.2730614801133503,False,False,False,False,21695242,22519081.006314084,False,False,False,False,2261302.1248827013,False,False,False,False
2023-03-30 00:00:00+00:00,65.7653803405,66.7154855876,65.4758244557,66.40783246,1387208,,,,,,,,,,,,,,,,,,,,,,,69.49059003277587,"rgba(239, 83, 80, 0.75)",0.0,0.0,3.12967137160335,70.92222152669831,-1.6477260944993164,0.0,0.0,0.0,0.0,0.0,0.0,0.0,0.0,40.866652544348625,-5.886068415960651,False,True,False,True,True,0.0,0,0.9266113385315534,0.9697895004047433,False,False,False,False,-0.23082300190399666,-0.25194224100867346,False,False,False,False,23082450,22541173.908027258,False,False,False,False,2227023.9239069093,False,False,False,False
2023-03-31 00:00:00+00:00,66.8240690444,66.8512149086,65.6115537767,65.6386996409,1471912,,,,,,,,,,,,,,,,,,,,,,,69.44311121970365,"rgba(239, 83, 80, 0.75)",0.0,0.0,3.1373594711596473,70.8959190228424,-1.2978589211319616,0.0,0.0,0.0,0.0,0.0,0.0,0.0,0.0,43.48452055243759,-5.886068415960651,False,True,False,True,True,0.0,0,0.9426215040512778,0.9535880558113956,False,False,False,False,-0.22248500468662522,-0.23721362284764935,False,False,False,False,24554362,22620122.46065364,False,False,False,False,2197411.6915968345,False,False,False,False
2023-04-03 00:00:00+00:00,67.086479065,68.1270705261,66.4358831863,67.7651256701,1136125,,,,,,,,,,,,,,,,,,,,,,,69.41677395931767,"rgba(239, 83, 80, 0.75)",0.0,0.0,3.1423342136618113,70.88117419745545,-1.2076039257560154,0.0,0.0,0.0,0.0,0.0,0.0,0.0,0.0,45.66343115520301,-8.797149216958061,False,True,False,True,True,0.0,1,0.9407867204668136,0.9568996990457687,False,False,False,False,-0.15890505464098786,-0.1980593387443186,False,False,False,False,25690487,22740528.91317703,False,False,False,False,2155792.6056518606,False,False,False,False
2023-04-04 00:00:00+00:00,66.091130711,67.5027156495,65.4351056594,67.041235958,1583365,,,,,,,,,,,,,,,,,,,,,,,69.36692568039771,"rgba(239, 83, 80, 0.75)",0.0,0.0,3.152601891194875,70.85318869117219,-1.510516755532145,0.0,0.0,0.0,0.0,0.0,0.0,0.0,0.0,45.51996812189575,-8.797149216958061,False,True,False,True,True,0.0,1,0.9139521158147712,0.9675233049156269,False,False,False,False,-0.20796569208417992,-0.20301251541424925,False,False,False,False,24107122,22794120.79893479,False,False,False,False,2133344.4642537483,False,False,False,False
2023-04-05 00:00:00+00:00,64.6343026654,65.8468179331,64.3447467806,65.7291858549,1826816,,,,,,,,,,,,,,,,,,,,,,,69.28565213513336,"rgba(239, 83, 80, 1.0)",0.0,0.0,3.1740918582327247,70.80751071956644,-1.944873787491319,0.0,0.0,0.0,0.0,0.0,0.0,0.0,0.0,43.41092621747438,-8.797149216958061,False,True,False,True,False,0.0,1,0.9725251931602704,0.9874553156308747,False,False,False,False,-0.2933134879978595,-0.24816300170605438,False,False,False,False,22280306,22773971.198976565,False,False,False,False,2121323.740165366,False,False,False,False
2023-04-06 00:00:00+00:00,61.5396741464,64.1004340028,61.0962916978,63.8832670892,2972685,,,,,,,,,,,,,,,,,,,,,,,69.08134328075944,"rgba(239, 83, 80, 1.0)",0.0,0.0,3.2550760063809356,70.22338073200137,-2.667743109094434,0.0,0.0,0.0,0.0,0.0,0.0,0.0,0.0,38.89796418263017,-6.532413952792517,False,True,False,True,False,0.0,1,0.8726777507692454,0.9895338529185268,False,False,False,False,-0.34282825441539394,-0.29549562806072416,False,False,False,False,19307621,22638035.897055916,False,False,False,False,2154710.4562373124,False,False,False,False
2023-04-10 00:00:00+00:00,64.4171357518,65.4486785915,62.073542809,62.4083418009,2732096,,,,,,,,,,,,,,,,,,,,,,,68.9488110941285,"rgba(239, 83, 80, 1.0)",0.0,0.0,3.256341505474488,70.19794509400248,-1.7752466479587314,0.0,0.0,0.0,0.0,0.0,0.0,0.0,0.0,40.462880757420876,-6.532413952792517,False,True,False,True,False,0.0,1,0.868723274976649,0.9910216378518413,False,False,False,False,-0.27807935517214744,-0.2867874916164358,False,False,False,False,22039717,22614572.41089686,False,False,False,False,2177353.0265809475,False,False,False,False
2023-04-11 00:00:00+00:00,66.3263948674,66.3354434888,64.625254044,64.7428861223,2882308,,,,,,,,,,,,,,,,,,,,,,,68.86380948697058,"rgba(239, 83, 80, 0.75)",0.0,0.0,3.238240858653436,70.2005348141488,-1.1963717696897287,0.0,0.0,0.0,0.0,0.0,0.0,0.0,0.0,43.85565857353176,-11.154293667785872,False,True,False,True,True,0.0,1,0.8806813226122668,0.9903147826549609,False,False,False,False,-0.1861987179899497,-0.23649310480319274,False,False,False,False,24922025,22705060.747724436,False,False,False,False,2204998.3196562044,False,False,False,False
2023-04-12 00:00:00+00:00,65.3400951347,67.3217432215,65.3129492705,66.9869442296,2188475,,,,,,,,,,,,,,,,,,,,,,,68.80678913935914,"rgba(239, 83, 80, 0.75)",0.0,0.0,3.2414993395791294,70.19072676938733,-1.4964160490364713,0.0,0.0,0.0,0.0,0.0,0.0,0.0,0.0,44.99835868413361,-10.154882863233723,False,True,False,True,True,0.0,1,0.8945055746640174,0.9657347544279399,False,False,False,False,-0.1426565066905453,-0.18957480574686902,False,False,False,False,22733550,22706177.97330387,False,False,False,False,2204350.346336353,False,False,False,False
2023-04-13 00:00:00+00:00,66.0096931184,66.4259297028,64.7247888795,65.1500740853,1278576,,,,,,,,,,,,,,,,,,,,,,,68.77139938044057,#000000,0.0,0.0,3.2212662677308983,70.17833239123496,-1.2940995640734194,0.0,0.0,0.0,0.0,0.0,0.0,0.0,0.0,46.58913123557829,-8.653035555072634,False,True,False,False,True,0.0,1,0.8882588933795053,0.9904952593165688,False,False,False,False,-0.18122384359986043,-0.18539932467336473,False,False,False,False,24012126,22757391.621409602,False,False,False,False,2168045.4700094373,False,False,False,False
2023-04-14 00:00:00+00:00,65.9915958756,67.6203477277,65.5934565339,66.4621241884,832198,,,,,,,,,,,,,,,,,,,,,,,68.75384699869251,#000000,0.0,0.0,3.2155173949682627,70.17469940128889,-1.3009114900870191,0.0,0.0,0.0,0.0,0.0,0.0,0.0,0.0,47.62641079773741,-7.618333853411187,False,False,False,False,True,0.0,1,0.8757035954915746,0.9902681821207159,False,False,False,False,-0.12772556013625647,-0.1565624424048106,False,False,False,False,23179928,22773961.675471973,False,False,False,False,2115659.2947149496,False,False,False,False
2023-04-17 00:00:00+00:00,67.7560770487,67.8103687771,65.8830124188,65.9282555258,1820160,,,,,,,,,,,,,,,,,,,,,,,68.72827432046518,#000000,0.0,0.0,3.2003694713347772,70.17586020808132,-0.756094938742211,0.0,0.0,0.0,0.0,0.0,0.0,0.0,0.0,50.50749648260843,-4.833441471759784,False,False,False,False,True,0.0,1,0.8701997616530653,0.9946082646047613,False,False,False,False,-0.09436275158124523,-0.12546259699302792,False,False,False,False,25000088,22861260.747022092,False,False,False,False,2104071.087079069,False,False,False,False
2023-04-18 00:00:00+00:00,66.8783607728,68.1270705261,66.5842805773,67.6112991063,1379566,,,,,,,,,,,,,,,,,,,,,,,68.70998676487984,#000000,0.0,0.0,3.1736960191266568,70.01808398899094,-0.9892955082241741,0.0,0.0,0.0,0.0,0.0,0.0,0.0,0.0,51.177306066581636,-4.137890870509963,True,False,False,False,True,0.0,1,0.8904771885841444,0.9867108791764808,False,False,False,False,-0.058018978148311265,-0.09174078757066959,False,False,False,False,23620522,22891035.698119268,False,False,False,False,2075659.12287989,False,False,False,False
2023-04-19 00:00:00+00:00,66.1906655464,66.4278299133,65.1772199495,66.1273251966,1283204,,,,,,,,,,,,,,,,,,,,,,,68.67947392043551,#000000,0.0,0.0,3.170518719656263,69.97189925297599,-1.1926230503335233,0.0,0.0,0.0,0.0,0.0,0.0,0.0,0.0,50.67233160185174,-4.137890870509963,True,False,False,False,True,0.0,1,0.8826374475434086,0.9972827360208615,False,False,False,False,-0.1403032317650568,-0.11602200966786319,False,False,False,False,22337318,22869321.27858518,False,False,False,False,2044582.4513944043,False,False,False,False
2023-04-20 00:00:00+00:00,65.2405602993,66.0187417398,65.0098204536,65.5482134269,1554006,,,,,,,,,,,,,,,,,,,,,,,68.63672764984653,#000000,0.0,0.0,3.175585275355796,69.92645109640387,-1.475599107184692,0.0,0.0,0.0,0.0,-1.0,65.1772199495,64.9148099289,0.0,49.072569709212054,-4.137890870509963,False,False,False,False,True,0.0,1,0.8886058660836824,0.992730160558811,False,False,False,False,-0.15783465778728933,-0.13692833372757626,False,False,False,False,20783312,22787516.993150465,False,False,False,False,2025344.159182859,False,False,False,False
2023-04-21 00:00:00+00:00,63.901364332,64.9148099289,63.5484680974,64.8786154433,2431293,,,,,,,,,,,,,,,,,,,,,,,68.54586467774139,"rgba(239, 83, 80, 0.5)",0.0,0.0,3.184054176083681,69.83104196379027,-1.8623042523364495,0.0,0.0,0.0,0.0,-1.0,65.0098204536,64.7338375009,0.0,46.3884397392088,-4.137890870509963,False,False,False,True,False,0.0,1,0.890677270240189,0.9876344967314845,False,False,False,False,-0.23718927930681608,-0.18705880651719617,False,False,False,False,18352019,22613575.89537986,False,False,False,False,2041263.721567845,False,False,False,False
2023-04-24 00:00:00+00:00,64.4533302374,64.7338375009,63.8710514503,64.127579867,1330415,,,,,,,,,,,,,,,,,,,,,,,68.50019339318487,"rgba(239, 83, 80, 0.5)",0.0,0.0,3.1876842494028845,69.79416013181992,-1.6754576289732483,0.0,0.0,0.0,0.0,0.0,0.0,0.0,0.0,45.498803202343744,0.5516199765869629,False,False,False,True,False,0.0,1,0.894247588971616,0.9748784898799527,False,False,False,False,-0.23274032107999795,-0.20989956379859706,False,False,False,False,19682434,22498629.15438457,False,False,False,False,2013387.301114204,False,False,False,False
2023-04-25 00:00:00+00:00,62.8698214923,64.4714274802,62.8517242495,63.7927808752,1541258,,,,,,,,,,,,,,,,,,,,,,,68.43661142020586,"rgba(239, 83, 80, 1.0)",0.0,0.0,3.251849707031686,69.73813333353235,-2.1121246244500633,0.0,0.0,0.0,0.0,0.0,0.0,0.0,0.0,43.06654252226778,-1.8581446043946954,False,True,False,True,False,0.0,1,0.880831557110318,0.9877518957608611,False,False,False,False,-0.2733629145697893,-0.24163123918419316,False,False,False,False,18141176,22327748.63852635,False,False,False,False,1994872.426560706,False,False,False,False
2023-04-26 00:00:00+00:00,62.4988280149,63.2951066981,62.1414074695,63.1141342701,1126011,,,,,,,,,,,,,,,,,,,,,,,68.38436334089745,"rgba(239, 83, 80, 1.0)",0.0,0.0,3.326391617263433,69.69150824548392,-2.1623071057704313,0.0,0.0,0.0,0.0,0.0,0.0,0.0,0.0,41.04391853964965,-3.8375752105718703,False,True,False,True,False,0.0,0,0.8786942088419856,0.9938441887478361,False,False,False,False,-0.33484523569724245,-0.2882382374407178,False,False,False,False,17015165,22119412.025250807,False,False,False,False,1960799.4294406783,False,False,False,False
2023-04-27 00:00:00+00:00,62.4354876651,63.0869884059,62.1730776444,63.0869884059,1106422,,,,,,,,,,,,,,,,,,,,,,,68.33323208431557,"rgba(239, 83, 80, 1.0)",0.0,0.0,3.3995634837200064,69.64796209159462,-2.1215883924609935,0.0,0.0,0.0,0.0,0.0,0.0,0.0,0.0,39.622972841135415,-5.252294096397556,False,True,False,True,False,0.0,0,0.8961033801024865,0.9834077448394694,False,False,False,False,-0.34071547858199713,-0.3144768580113575,False,False,False,False,15908743,21875856.377201755,False,False,False,False,1927294.4322077106,False,False,False,False
2023-04-28 00:00:00+00:00,62.7974325211,63.1367558236,61.621111739,62.2092721301,1154720,,,,,,,,,,,,,,,,,,,,,,,68.28039353275824,"rgba(239, 83, 80, 1.0)",0.0,0.0,3.456543794428056,69.60471786487373,-1.9693907407587514,0.0,0.0,0.0,0.0,0.0,0.0,0.0,0.0,39.42689526990207,-5.570061390729592,False,True,False,True,False,0.0,0,0.8991276360546239,0.9725737316339415,False,False,False,False,-0.34282825441539394,-0.32865255621337575,False,False,False,False,17063463,21687135.068291884,False,False,False,False,1896997.3956505454,False,False,False,False
2023-05-01 00:00:00+00:00,63.2046204841,63.4036901549,62.5078766363,62.8336270067,2093139,,,,,,,,,,,,,,,,,,,,,,,68.19545367373041,"rgba(239, 83, 80, 1.0)",0.0,0.0,3.5020538847032223,69.54196321264439,-1.809607429578841,0.0,0.0,0.0,0.0,0.0,0.0,0.0,0.0,40.15479318633468,-5.570061390729592,False,True,False,True,False,0.0,0,0.9062145934035324,1.007599188767695,False,False,False,False,-0.30551311128202985,-0.3170828337477028,False,False,False,False,19156602,21587898.47737848,False,False,False,False,1904689.2232720926,False,False,False,False
2023-05-02 00:00:00+00:00,62.2273693729,62.9965021919,61.3406044756,62.8698214923,3687711,,,,,,,,,,,,,,,,,,,,,,,68.02870790639447,"rgba(239, 83, 80, 1.0)",0.0,0.0,3.57271084056164,69.41511891289439,-2.011847546795713,0.0,0.0,0.0,0.0,0.0,0.0,0.0,0.0,39.24818977650294,-6.083560056974179,False,True,False,True,False,0.0,0,0.8955335947660097,0.9771926872845249,False,False,False,False,-0.34282825441539394,-0.32995554408154837,False,False,False,False,15468891,21347937.399834227,False,False,False,False,1974611.6458888734,False,False,False,False
2023-05-03 00:00:00+00:00,60.6710064919,62.9331618421,60.5533744137,62.4716821507,2122644,,,,,,,,,,,,,,,,,,,,,,,67.9242437326469,"rgba(239, 83, 80, 1.0)",0.0,0.0,3.6781468285222876,69.33502873558967,-2.355540071566551,0.0,0.0,0.0,0.0,0.0,0.0,0.0,0.0,36.778108883562886,-8.596898903949537,False,True,False,True,False,0.0,0,0.8953584482629164,0.9662264055044743,False,False,False,False,-0.34282825441539394,-0.3363918992484711,False,False,False,False,13346247,21034145.619448572,False,False,False,False,1980416.8362461724,False,False,False,False
2023-05-04 00:00:00+00:00,57.241578981,60.6619578705,57.0696551744,60.5624230351,3547004,,,,,,,,,,,,,,,,,,,,,,,67.67843578594736,"rgba(239, 83, 80, 1.0)",0.0,0.0,3.88857267232505,69.13283511563527,-3.0580002321328013,0.0,0.0,0.0,0.0,0.0,0.0,0.0,0.0,32.30843165576002,-12.852615281195781,False,True,False,True,False,0.0,0,0.8529129189905729,1.0063378998761916,False,False,False,False,-0.34282825441539394,-0.33961007683193256,False,False,False,False,9799243,20593561.20299961,False,False,False,False,2041851.6269816167,False,False,False,False
2023-05-05 00:00:00+00:00,58.8522335904,59.0332060184,57.1691900098,58.2912190635,2257748,,,,,,,,,,,,,,,,,,,,,,,67.52886004977036,"rgba(239, 83, 80, 1.0)",0.0,0.0,4.0261636250343384,69.01521174622351,-2.5242337625403484,0.0,0.0,0.0,0.0,0.0,0.0,0.0,0.0,32.414784867242105,-12.852615281195781,False,True,False,True,False,0.0,0,0.843989498274388,1.032195895549762,False,False,False,False,-0.34282825441539394,-0.3412191656236633,False,False,False,False,12056991,20258793.74405845,False,False,False,False,2050318.1514137103,False,False,False,False
2023-05-08 00:00:00+00:00,58.3636080347,60.5805202779,58.2640731993,59.6394636522,2289990,,,,,,,,,,,,,,,,,,,,,,,67.39346041556391,"rgba(239, 83, 80, 1.0)",0.0,0.0,4.172826814260526,68.91355163965436,-2.528248612882807,0.0,0.0,0.0,0.0,0.0,0.0,0.0,0.0,32.064189217294654,-13.163671230429827,False,True,False,True,False,0.0,0,0.8693464047639708,1.0074701898886786,False,False,False,False,-0.2812676336811303,-0.3112433996523968,False,False,False,False,9767001,19847350.891350273,False,False,False,False,2059717.047436702,False,False,False,False
2023-05-09 00:00:00+00:00,57.7663990223,58.3274135491,57.241578981,58.1554897425,2650459,,,,,,,,,,,,,,,,,,,,,,,67.21858057761152,"rgba(239, 83, 80, 1.0)",0.0,0.0,4.313173552693386,68.78023880647547,-2.5535350362374847,0.0,0.0,0.0,0.0,0.0,0.0,0.0,0.0,31.31271708162731,-14.047472369804424,False,True,False,True,False,0.0,0,0.8449804693212616,1.04126484087674,False,False,False,False,-0.34282825441539394,-0.32703582703389533,False,False,False,False,7116542,19348103.48384634,False,False,False,False,2082883.3985176159,False,False,False,False
2023-05-10 00:00:00+00:00,57.3320651951,58.3183649277,56.5538837546,58.1645383639,2936388,,,,,,,,,,,,,,,,,,,,,,,67.0246689422582,"rgba(239, 83, 80, 1.0)",0.0,0.0,4.452507247133479,68.63426217774847,-2.5383893512862477,0.0,0.0,0.0,0.0,0.0,0.0,0.0,0.0,30.433057812712896,-15.074605467455129,False,True,False,True,False,0.0,0,0.8413853808486896,1.0397762509434294,False,False,False,False,-0.34282825441539394,-0.33493204072464466,False,False,False,False,4180154,18753281.93546021,False,False,False,False,2116354.1672031996,False,False,False,False
2023-05-11 00:00:00+00:00,55.8661885281,55.8842857709,53.1606507293,53.8392973344,6838821,,,,,,,,,,,,,,,,,,,,,,,66.49452305851004,"rgba(239, 83, 80, 1.0)",0.0,0.0,4.629610683149549,68.2307119165359,-2.6707479817772164,0.0,0.0,0.0,0.0,0.0,0.0,0.0,0.0,28.66195963409905,-16.925311643357794,False,True,False,True,False,0.0,0,0.8094070953734287,1.0546834854097153,False,False,False,False,-0.34282825441539394,-0.3388801475700193,False,False,False,False,-2658667,17913597.66348138,False,False,False,False,2301548.9449599367,False,False,False,False
2023-05-12 00:00:00+00:00,54.192193569,56.1466957916,53.2149424577,54.5360411822,8573583,,,,,,,,,,,,,,,,,,,,,,,65.86868912041307,"rgba(239, 83, 80, 1.0)",0.0,0.0,4.842873745429985,67.76719871430578,-2.8030887978684014,0.0,0.0,0.0,0.0,0.0,0.0,0.0,0.0,26.353173354130945,-19.21955819596088,False,True,False,True,False,0.0,0,0.8053490019631631,1.082822582315123,False,False,False,False,-0.3367225784263263,-0.33780136299817276,False,False,False,False,-11232250,16770623.24530564,False,False,False,False,2547511.064765429,False,False,False,False
2023-05-15 00:00:00+00:00,56.3005223554,56.381959948,54.101707355,54.3912632398,3001670,,,,,,,,,,,,,,,,,,,,,,,65.68410631744413,"rgba(239, 83, 80, 0.75)",0.0,0.0,4.937356910037311,67.6343543789189,-2.2955261752453002,0.0,0.0,0.0,0.0,0.0,0.0,0.0,0.0,28.9173019607423,-19.21955819596088,False,True,False,True,True,0.0,0,0.7894878712132473,1.0838482670198961,False,False,False,False,-0.3147328154697078,-0.3262670892339403,False,False,False,False,-8230580,15790183.902352478,False,False,False,False,2565321.219088353,False,False,False,False
2023-05-16 00:00:00+00:00,56.155744413,56.6172241044,55.2327850301,56.0743068204,3388020,,,,,,,,,,,,,,,,,,,,,,,65.4916681535624,"rgba(239, 83, 80, 0.75)",0.0,0.0,5.03796724698968,67.49700850029713,-2.251158757348777,0.0,0.0,0.0,0.0,0.0,0.0,0.0,0.0,30.49347358469474,-19.21955819596088,False,True,False,True,True,0.0,0,0.8020318955811798,1.0780229887156214,False,False,False,False,-0.28516006115190984,-0.3057135751929251,False,False,False,False,-11618600,14715329.63167199,False,False,False,False,2597583.916379006,False,False,False,False
2023-05-17 00:00:00+00:00,55.2870767585,55.6128271289,54.5450898036,55.4318547009,4842887,,,,,,,,,,,,,,,,,,,,,,,65.20592864696745,"rgba(239, 83, 80, 0.75)",0.0,0.0,5.1667884713209355,67.2907082517254,-2.3232287444809154,0.0,0.0,0.0,0.0,0.0,0.0,0.0,0.0,30.73765340383575,-19.21955819596088,False,True,False,True,True,0.0,0,0.8055330814695997,1.0698320516297903,False,False,False,False,-0.31970308461828817,-0.3127083299056066,False,False,False,False,-16461487,13492709.371606423,False,False,False,False,2685635.017697477,False,False,False,False
2023-05-18 00:00:00+00:00,55.6128271289,55.6580702359,54.6084301534,55.0427639807,4121021,,,,,,,,,,,,,,,,,,,,,,,64.97825320182827,"rgba(239, 83, 80, 0.75)",0.0,0.0,5.224826677142358,67.12654099535285,-2.203654700513455,0.0,0.0,0.0,0.0,0.0,0.0,0.0,0.0,31.560949649535768,-22.8916492674045,False,True,False,True,True,0.0,0,0.8009686137151117,1.0751645928294822,False,False,False,False,-0.31727506086582447,-0.31499169538571553,False,False,False,False,-12340466,12479643.670759112,False,False,False,False,2741924.6640622816,False,False,False,False
2023-05-19 00:00:00+00:00,56.0562095776,56.4181544336,55.3504171083,55.5766326433,4028764,,,,,,,,,,,,,,,,,,,,,,,64.77980356578335,"rgba(239, 83, 80, 0.75)",0.0,0.0,5.241060136215465,66.98418201887826,-2.085069080922486,0.0,0.0,0.0,0.0,0.0,0.0,0.0,0.0,33.03053220216995,-21.354200150375462,False,True,False,True,True,0.0,0,0.809956898486388,1.0719298305019664,False,False,False,False,-0.27715316516320104,-0.2960724302744583,False,False,False,False,-8311702,11664296.781709736,False,False,False,False,2792388.9517461136,False,False,False,False
2023-05-22 00:00:00+00:00,55.1603960589,56.3095709768,54.5450898036,56.2190847628,2403379,,,,,,,,,,,,,,,,,,,,,,,64.65771387721117,"rgba(239, 83, 80, 0.75)",0.0,0.0,5.24800421047393,66.89567669437899,-2.2361416197147483,0.0,0.0,0.0,0.0,0.0,0.0,0.0,0.0,33.00104284691894,-21.21721927238581,False,True,False,True,True,0.0,0,0.8253075746330955,1.0500079948346164,False,False,False,False,-0.2981559489125162,-0.29711418959348723,False,False,False,False,-10715081,10786674.123603472,False,False,False,False,2777133.659520776,False,False,False,False
2023-05-23 00:00:00+00:00,54.5269925608,55.3323198655,53.8121514702,55.3142226227,4063059,,,,,,,,,,,,,,,,,,,,,,,64.44162885305664,"rgba(239, 83, 80, 0.75)",0.0,0.0,5.292442537358994,66.7374271637952,-2.307145427995217,0.0,0.0,0.0,0.0,0.0,0.0,0.0,0.0,32.30668192595855,-21.21721927238581,False,True,False,True,True,0.0,0,0.8409814003204337,1.0291850176262936,False,False,False,False,-0.3403382401478126,-0.3187262148706499,False,False,False,False,-14778140,9784132.393266082,False,False,False,False,2827562.1042454517,False,False,False,False
2023-05-24 00:00:00+00:00,52.1924482394,54.5269925608,52.1028668876,54.5269925608,2679796,,,,,,,,,,,,,,,,,,,,,,,64.2816092900598,"rgba(239, 83, 80, 1.0)",0.0,0.0,5.396088324122291,66.61867023535989,-2.6734592040441454,0.0,0.0,0.0,0.0,0.0,0.0,0.0,0.0,29.78843201952042,-21.21721927238581,False,True,False,True,False,0.0,0,0.8074002757836425,1.0830923908759602,False,False,False,False,-0.34282825441539394,-0.3307772346430219,False,False,False,False,-17457936,8715815.985687021,False,False,False,False,2821767.3550593555,False,False,False,False
2023-05-25 00:00:00+00:00,51.0070788359,52.1019620254,50.7763389902,51.8124061406,3751657,,,,,,,,,,,,,,,,,,,,,,,64.03348032039095,"rgba(239, 83, 80, 1.0)",0.0,0.0,5.550041245202671,66.43287552445292,-2.77940217144992,0.0,0.0,0.0,0.0,0.0,0.0,0.0,0.0,27.282683456617704,-18.617354944570522,False,True,False,True,False,0.0,0,0.8182355916629626,1.0819231377142453,False,False,False,False,-0.34282825441539394,-0.3368027445292079,False,False,False,False,-21209593,7542270.535267922,False,False,False,False,2858233.6156452633,False,False,False,False
2023-05-26 00:00:00+00:00,50.5727450087,51.4866557702,50.4822587947,51.4414126632,3027759,,,,,,,,,,,,,,,,,,,,,,,63.83323607199736,"rgba(239, 83, 80, 1.0)",0.0,0.0,5.744842991053444,66.28250663877057,-2.7345850277432633,0.0,0.0,0.0,0.0,0.0,0.0,0.0,0.0,25.323941048773982,-20.470823275622084,False,True,False,True,False,0.0,0,0.8139859040418287,1.088538244815105,False,False,False,False,-0.34282825441539394,-0.33981549947230094,False,False,False,False,-24237352,6296010.828002513,False,False,False,False,2864881.6699336846,False,False,False,False
2023-05-30 00:00:00+00:00,49.2516462842,50.9165926219,48.6861074467,50.7084743297,4421313,,,,,,,,,,,,,,,,,,,,,,,63.524850855899274,"rgba(239, 83, 80, 1.0)",0.0,0.0,5.959275263808789,66.04976015440731,-2.818818249968038,0.0,0.0,0.0,0.0,0.0,0.0,0.0,0.0,23.197720961461098,-22.463563459986666,False,True,False,True,False,0.0,0,0.7930993745572431,1.0879148902630982,False,False,False,False,-0.34282825441539394,-0.3413218769438474,False,False,False,False,-28658665,4925239.2269043755,False,False,False,False,2925918.1926813833,False,False,False,False
2023-05-31 00:00:00+00:00,47.6862347819,48.8354096998,47.3695330328,48.7992152142,4043041,,,,,,,,,,,,,,,,,,,,,,,63.22215278872646,"rgba(239, 83, 80, 1.0)",0.0,0.0,6.183694878183219,65.82014680178216,-2.9325366754204953,0.0,0.0,0.0,0.0,0.0,0.0,0.0,0.0,20.957204935954742,-24.545195316835404,False,True,False,True,False,0.0,0,0.7650108845627841,1.1201869041341013,False,False,False,False,-0.34282825441539394,-0.34207506567962065,False,False,False,False,-32701706,3449672.7474179296,False,False,False,False,2969726.93022329,True,False,False,False
2023-06-01 00:00:00+00:00,48.3467841441,48.8263610784,47.2600447139,47.9757906667,4505300,,,,,,,,,,,,,,,,,,,,,,,62.90225764929123,"rgba(239, 83, 80, 1.0)",-1.0,46.47381,6.383227582043301,64.70540349300806,-2.562750448523346,0.0,0.0,0.0,0.0,0.0,0.0,0.0,0.0,21.051670565944104,-24.545195316835404,False,True,False,True,False,0.0,0,0.7516333160747284,1.1460239893499695,True,False,False,False,-0.34282825441539394,-0.34245166004750727,False,False,False,False,-28196406,2208650.051440756,False,False,False,False,3029945.4819792393,False,False,False,False
2023-06-02 00:00:00+00:00,49.5773966546,50.0732611074,48.655669694,49.2968893912,6305670,,,,,,,,,,,,,,,,,,,,,,,62.513897297352194,"rgba(239, 83, 80, 0.75)",0.0,0.0,6.547383740028429,64.46192967228862,-2.273355833214686,0.0,0.0,0.0,0.0,0.0,0.0,0.0,0.0,23.862393756079946,-24.545195316835404,False,True,False,True,True,0.0,0,0.7681692466822534,1.1235235282033669,False,False,False,False,-0.2929482415313621,-0.3176999507894347,False,False,False,False,-21890736,1263576.0886391578,False,False,False,False,3158405.2669996615,False,False,False,False
2023-06-05 00:00:00+00:00,50.0841194531,50.4641615519,49.2516462842,49.9845846177,3880870,,,,,,,,,,,,,,,,,,,,,,,62.294501547035786,"rgba(239, 83, 80, 0.75)",0.0,0.0,6.68286851219274,64.31599997405408,-2.129606544702823,0.0,0.0,0.0,0.0,0.0,0.0,0.0,0.0,26.800081348145493,-27.985538044415666,False,True,False,True,True,0.0,0,0.7837356859796762,1.1234830614370643,False,False,False,False,-0.27468943645257676,-0.2961946936210057,False,False,False,False,-18009866,507754.8302611518,False,False,False,False,3186737.2173134005,False,False,False,False
2023-06-06 00:00:00+00:00,51.776211655,51.8440763155,47.7948182387,47.9576934239,6397954,,,,,,,,,,,,,,,,,,,,,,,61.96409418333497,"rgba(239, 83, 80, 0.75)",0.0,0.0,6.755459911839137,64.09381746959068,-1.8233556227613343,0.0,0.0,0.0,0.0,0.0,0.0,0.0,0.0,31.95764004536156,-23.256740859367873,False,True,False,True,True,0.0,0,0.7936464198594531,1.0790236754473295,False,False,False,False,-0.27610590814687763,-0.28615030088394167,False,False,False,False,-11611912,32473.778094047797,False,False,False,False,3312667.287222679,False,False,False,False
2023-06-07 00:00:00+00:00,53.694519392,54.0655128694,52.047670297,52.1291078896,2925465,,,,,,,,,,,,,,,,,,,,,,,61.85438795968762,"rgba(239, 83, 80, 0.5)",0.0,0.0,6.815657857386985,64.0352961261099,-1.5172088961159196,0.0,0.0,0.0,0.0,0.0,0.0,0.0,0.0,38.300443597447114,-17.595411406052712,False,False,False,True,True,0.0,0,0.8331805826329866,1.0652851810378954,False,False,False,False,-0.16002042665440389,-0.22308536376917276,False,False,False,False,-8686447,-309444.6837919933,False,False,False,False,3297482.8838021816,False,False,False,False
2023-06-08 00:00:00+00:00,53.3325745359,54.3641173756,52.4005665317,53.7488111204,2828409,,,,,,,,,,,,,,,,,,,,,,,61.752085037486125,"rgba(239, 83, 80, 0.5)",0.0,0.0,6.873632212107412,63.97686887479733,-1.5485690840641964,0.0,0.0,0.0,0.0,0.0,0.0,0.0,0.0,42.01273879113856,-14.501946296995555,True,False,False,True,True,0.0,0,0.8308475239148607,1.0600691693787108,False,False,False,False,-0.14862062758179617,-0.18585299567548447,False,False,False,False,-11514856,-748872.5785452485,False,False,False,False,3279087.8295354294,False,False,False,False
2023-06-09 00:00:00+00:00,53.1968452149,53.7035680134,52.7444141449,53.3506717787,1688889,,,,,,,,,,,,,,,,,,,,,,,61.69108817694984,#000000,0.0,0.0,6.900191993386948,63.939737957660235,-1.5568976563342118,0.0,0.0,0.0,0.0,0.0,0.0,0.0,0.0,44.28367661883038,-12.669032927937025,True,False,False,False,True,0.0,0,0.8298484131977805,1.0756371758539585,False,False,False,False,-0.15415722808147864,-0.17000511187848155,False,False,False,False,-13203745,-1237298.9480140624,False,False,False,False,3216727.091122275,False,False,False,False
2023-06-12 00:00:00+00:00,53.9388321698,53.9750266554,52.7353655235,52.7353655235,1563061,,,,,,,,,,,,,,,,,,,,,,,61.637606665397925,#000000,0.0,0.0,6.90576775377769,63.90744290377982,-1.4435195461832098,0.0,0.0,0.0,0.0,0.0,0.0,0.0,0.0,46.97908068170433,-10.309298701387704,True,False,False,False,True,0.0,0,0.826675291876749,1.0785823370308343,False,False,False,False,-0.14956910774195054,-0.15978710981021604,False,False,False,False,-11640684,-1645274.8324056678,False,False,False,False,3151877.4404900293,False,False,False,False
2023-06-13 00:00:00+00:00,54.6717705032,54.9613263881,54.2736311616,54.6536732604,1963692,,,,,,,,,,,,,,,,,,,,,,,61.58029283852846,"rgba(38, 166, 154, 1.0)",0.0,0.0,6.905447933237306,63.876150482869534,-1.3329157020165203,0.0,0.0,0.0,0.0,0.0,0.0,0.0,0.0,49.88722070541634,-7.674152749791247,True,False,True,False,True,0.0,0,0.8377169654871371,1.072460734912789,False,False,False,False,-0.10571748734454581,-0.1327522985773809,False,False,False,False,-9676992,-1960244.1330956416,False,False,False,False,3105281.9330198322,False,False,False,False
2023-06-14 00:00:00+00:00,52.9434838157,54.4727008324,52.4639068815,54.3369715114,2475750,,,,,,,,,,,,,,,,,,,,,,,61.49564739292297,#000000,0.0,0.0,6.9136773841506525,63.82063711721963,-1.5732804261962097,0.0,0.0,0.0,0.0,0.0,0.0,0.0,0.0,48.97307803731119,-7.674152749791247,True,False,False,False,True,0.0,0,0.8084096207758971,1.0887489618647712,False,False,False,False,-0.1456188491771177,-0.1391855738772493,False,False,False,False,-12152742,-2359949.9317977736,False,False,False,False,3080594.4062347407,False,False,False,False
2023-06-15 00:00:00+00:00,53.9569294126,54.3550687542,53.1154076223,53.1425534865,1931669,,,,,,,,,,,,,,,,,,,,,,,61.43487339760861,#000000,0.0,0.0,6.898419698494591,63.78154198109579,-1.4241830735001195,0.0,0.0,0.0,0.0,0.0,0.0,0.0,0.0,49.95230508699579,-7.573498505633296,True,False,False,False,True,0.0,0,0.822952096479173,1.0820886382735555,False,False,False,False,-0.13631387672050413,-0.13774972529887672,False,False,False,False,-10221073,-2668229.267805704,False,False,False,False,3035538.5079510254,False,False,False,False
2023-06-16 00:00:00+00:00,54.3550687542,54.4455549682,53.6402276636,53.920734927,2205181,,,,,,,,,,,,,,,,,,,,,,,61.369680336185105,"rgba(38, 166, 154, 1.0)",0.0,0.0,6.85814629916739,63.73985043184085,-1.3684137474262115,0.0,0.0,0.0,0.0,0.0,0.0,0.0,0.0,51.20631858553131,-6.151540557550419,True,False,True,False,True,0.0,0,0.8413107897959177,1.066636946613422,False,False,False,False,-0.1256184234606927,-0.13168407437978472,False,False,False,False,-8015892,-2877941.5318133235,False,False,False,False,3002975.468423534,False,False,False,False
2023-06-20 00:00:00+00:00,53.0882617581,53.7759569846,52.5453444741,53.7759569846,2980358,,,,,,,,,,,,,,,,,,,,,,,61.27133149813353,#000000,0.0,0.0,6.746774340383111,63.6707078026407,-1.5685193413390166,0.0,0.0,0.0,0.0,0.0,0.0,0.0,0.0,49.9647329533835,-6.151540557550419,True,False,False,False,True,0.0,0,0.8561803463152461,1.0555093228267587,False,False,False,False,-0.15637447787856368,-0.1440292761291742,False,False,False,False,-10996250,-3196306.5697814287,False,False,False,False,3002088.508877513,False,False,False,False
2023-06-21 00:00:00+00:00,54.8346456885,55.4861464293,52.9434838157,53.0882617581,3372128,,,,,,,,,,,,,,,,,,,,,,,61.17998487875182,"rgba(38, 166, 154, 1.0)",0.0,0.0,6.591375955543819,62.69864723930097,-1.1930743449987529,0.0,0.0,0.0,0.0,0.0,0.0,0.0,0.0,51.756469191623886,-5.1837370004236405,True,False,True,False,True,0.0,0,0.8534676123155749,1.0582895929902099,False,False,False,False,-0.1196541350949171,-0.13184170561204567,False,False,False,False,-7624122,-3369946.390574314,False,False,False,False,3016599.8614705517,False,False,False,False
2023-06-22 00:00:00+00:00,54.0202697624,54.6355760176,53.4864010997,54.5450898036,1770309,,,,,,,,,,,,,,,,,,,,,,,61.130397742597616,"rgba(38, 166, 154, 1.0)",0.0,0.0,6.472756102460036,62.6598320683191,-1.3347578943435774,0.0,0.0,0.0,0.0,0.0,0.0,0.0,0.0,51.63603741196328,-4.982459204846528,True,False,True,False,True,0.0,0,0.829940147053805,1.0783876186046237,False,False,False,False,-0.12499019206202071,-0.1284159488370332,False,False,False,False,-9394431,-3606200.6889831647,False,False,False,False,2967725.710040334,False,False,False,False
2023-06-23 00:00:00+00:00,53.1696993507,53.8573945772,53.044647403,53.5587900709,1588429,,,,,,,,,,,,,,,,,,,,,,,61.08220982578604,#000000,0.0,0.0,6.390055007104589,62.61560644448944,-1.4782199970559393,0.0,0.0,0.0,0.0,0.0,0.0,0.0,0.0,50.25893913467565,-4.982459204846528,True,False,False,False,True,0.0,0,0.8131652995895566,1.0976143026857261,False,False,False,False,-0.1462221536684264,-0.1373190512527298,False,False,False,False,-10982860,-3895481.4462779425,False,False,False,False,2913635.642979929,False,False,False,False
2023-06-26 00:00:00+00:00,53.9750266554,54.2012421904,53.2330397005,53.4683038569,1391299,,,,,,,,,,,,,,,,,,,,,,,61.04289828833797,#000000,0.0,0.0,6.2441022854686405,62.58671920242082,-1.3791722417907957,0.0,0.0,0.0,0.0,0.0,0.0,0.0,0.0,50.619587019029,-4.982459204846528,True,False,False,False,True,0.0,0,0.8199373168148385,1.0833629904543385,False,False,False,False,-0.13694396377263396,-0.13713150751268188,False,False,False,False,-9591561,-4118857.1150513566,False,False,False,False,2853936.1667846376,False,False,False,False
2023-06-27 00:00:00+00:00,53.4773524783,53.7759569846,52.4458096387,53.694519392,3199929,,,,,,,,,,,,,,,,,,,,,,,60.947081026132665,#000000,0.0,0.0,6.152293703468065,61.60670655830931,-1.321353380029106,0.0,0.0,0.0,0.0,0.0,0.0,0.0,0.0,50.05012732438593,-4.982459204846528,True,False,False,False,True,0.0,0,0.7974165808250849,1.1002962335742181,False,False,False,False,-0.1581176722053318,-0.14762458985900684,False,False,False,False,-12791490,-4458960.365441499,False,False,False,False,2867504.5131852403,False,False,False,False
2023-06-28 00:00:00+00:00,53.6311790422,54.1107559764,52.9887269227,53.4230607499,2762537,,,,,,,,,,,,,,,,,,,,,,,60.86983582718838,#000000,0.0,0.0,6.108831928159951,61.561404602162796,-1.298157430622169,0.0,0.0,0.0,0.0,0.0,0.0,0.0,0.0,49.94015950840214,-4.982459204846528,True,False,False,False,True,0.0,0,0.7984712280267561,1.0995479755048185,False,False,False,False,-0.14277746169862482,-0.14520102577881583,False,False,False,False,-10028953,-4677391.449149677,False,False,False,False,2863388.140119152,False,False,False,False
2023-06-29 00:00:00+00:00,53.8664431986,53.9851319717,53.1451806541,53.8573132929,2335956,,,,,,,,,,,,,,,,,,,,,,,60.80655006140959,#000000,0.0,0.0,6.083529597167067,61.52253932078315,-1.2584957465725792,0.0,0.0,0.0,0.0,0.0,0.0,0.0,0.0,50.30176032491299,-4.526439840015847,True,False,False,False,True,0.0,1,0.7903798494957632,1.1055864455461646,False,False,False,False,-0.12543823752264166,-0.13531963165072874,False,False,False,False,-7692997,-4795650.4903594935,False,False,False,False,2842704.5267811464,False,False,False,False
2023-06-30 00:00:00+00:00,53.9120927267,54.5877057431,53.6381955579,54.4142375362,2618333,,,,,,,,,,,,,,,,,,,,,,,60.74063202046077,#000000,0.0,0.0,6.018279394035395,61.48822005029308,-1.2588527098129803,0.0,0.0,0.0,0.0,0.0,0.0,0.0,0.0,50.63274788374349,-3.8175212875575966,True,False,False,False,True,0.0,1,0.8127395663818303,1.0845138168954271,False,False,False,False,-0.1010473683412533,-0.11818349999599102,False,False,False,False,-5074664,-4806592.196619906,False,False,False,False,2833905.6433779644,False,False,False,False
2023-07-03 00:00:00+00:00,54.834213195,55.299838382,53.7203647085,54.0673011224,1169092,,,,,,,,,,,,,,,,,,,,,,,60.71409283273541,"rgba(38, 166, 154, 1.0)",0.0,0.0,5.988251392090606,61.47855697475154,-1.1095632672548645,0.0,0.0,0.0,0.0,0.0,0.0,0.0,0.0,52.623756518591605,-1.606359371946965,True,False,True,False,True,0.0,1,0.8186120838257038,1.0728787778168936,False,False,False,False,-0.06759648437389118,-0.0928899921849411,False,False,False,False,-3905572,-4771258.071262264,False,False,False,False,2768618.8338337303,False,False,False,False
2023-07-05 00:00:00+00:00,54.61509546,54.8616029119,54.1220805561,54.3777179137,1630219,,,,,,,,,,,,,,,,,,,,,,,60.67695557358654,"rgba(38, 166, 154, 1.0)",0.0,0.0,5.960674499359285,61.46203402540423,-1.148685197646711,0.0,0.0,0.0,0.0,0.0,0.0,0.0,0.0,53.42819276557721,-0.5985720369434517,True,False,True,False,True,0.0,1,0.8404720033858277,1.0696402302764998,False,False,False,False,-0.06834112160269053,-0.0806155568938158,False,False,False,False,-5535791,-4801239.754742175,False,False,False,False,2723975.7030951525,False,False,False,False
2023-07-06 00:00:00+00:00,53.7934039536,54.1038207449,52.8712834852,54.1038207449,2823709,,,,,,,,,,,,,,,,,,,,,,,60.60395818004532,"rgba(38, 166, 154, 1.0)",0.0,0.0,5.937305430409766,61.408296406512704,-1.2825502312733743,0.0,0.0,0.0,0.0,0.0,0.0,0.0,0.0,52.08243304638361,-0.5985720369434517,True,False,True,False,True,0.0,1,0.8178738700957856,1.069689750511243,False,False,False,False,-0.10026778474930173,-0.09044167082155877,False,False,False,False,-8359500,-4940779.372203267,False,False,False,False,2727886.8127776957,False,False,False,False
2023-07-07 00:00:00+00:00,55.5919953621,56.0301395331,53.537766596,53.5925460298,2301607,,,,,,,,,,,,,,,,,,,,,,,60.55774752769295,"rgba(38, 166, 154, 1.0)",0.0,0.0,5.877325507948622,61.3917414363641,-0.9868002148971328,0.0,0.0,0.0,0.0,0.0,0.0,0.0,0.0,54.52683441593787,0.6430973570145397,True,False,True,False,True,0.0,1,0.8395039488022454,1.043313313264789,False,False,False,False,-0.0316789204424544,-0.061060295632006586,False,False,False,False,-6057893,-4984587.749763924,False,False,False,False,2711169.957374649,False,False,False,False
2023-07-10 00:00:00+00:00,54.1951198011,55.2359290426,54.1677300843,55.1902795145,2158047,,,,,,,,,,,,,,,,,,,,,,,60.511082168012116,"rgba(38, 166, 154, 1.0)",0.0,0.0,5.798990943766173,61.365814595646654,-1.2365418163404864,0.0,0.0,0.0,0.0,0.0,0.0,0.0,0.0,53.28999039560722,0.6430973570145397,True,False,True,False,True,0.0,1,0.8515151468248306,1.034548417827501,False,False,False,False,-0.03531762094447252,-0.048188958288239554,False,False,False,False,-8215940,-5111307.445851613,False,False,False,False,2689478.861007016,False,False,False,False
2023-07-11 00:00:00+00:00,55.0076814019,55.0341581283,53.3642983891,53.9394824436,2051658,,,,,,,,,,,,,,,,,,,,,,,60.46691337634491,"rgba(38, 166, 154, 1.0)",0.0,0.0,5.723641864573319,61.33961938932559,-1.106277810045618,0.0,0.0,0.0,0.0,0.0,0.0,0.0,0.0,53.855029375350895,0.6430973570145397,True,False,True,False,True,0.0,1,0.8431403058179678,1.0341722943842897,False,False,False,False,-0.05761069104578858,-0.05289982466701407,False,False,False,False,-6164282,-5152600.565622138,False,False,False,False,2664466.2782224277,False,False,False,False
2023-07-12 00:00:00+00:00,54.2133796124,56.2310887559,54.1951198011,55.8750224365,2070795,,,,,,,,,,,,,,,,,,,,,,,60.425993858240965,"rgba(38, 166, 154, 0.75)",0.0,0.0,5.669598713223344,61.31847190226273,-1.25319138959365,0.0,0.0,0.0,0.0,0.0,0.0,0.0,0.0,52.700791782966554,0.6430973570145397,True,False,True,False,False,0.0,1,0.8600049239445139,1.0207563815524547,False,False,False,False,-0.012675660483531394,-0.03278774257527273,False,False,False,False,-8235077,-5273481.994421271,False,False,False,False,2641185.0516254697,False,False,False,False
2023-07-13 00:00:00+00:00,55.8750224365,56.0393607378,54.4324973474,54.4324973474,1922147,,,,,,,,,,,,,,,,,,,,,,,60.39238718537633,"rgba(38, 166, 154, 0.75)",0.0,0.0,5.622716223970709,61.305179715813516,-0.9657533944472826,0.0,0.0,0.0,0.0,0.0,0.0,0.0,0.0,54.597245542198635,0.8240193704773731,True,False,True,False,False,0.0,1,0.8515926679221262,1.023265836450497,False,False,False,False,0.006076637567416318,-0.013355552503928204,False,False,False,False,-6312930,-5314244.661306711,False,False,False,False,2612987.4809734905,False,False,False,False
2023-07-14 00:00:00+00:00,55.3180981932,56.1123999828,55.1720197032,55.911542059,1265722,,,,,,,,,,,,,,,,,,,,,,,60.37088133589203,"rgba(38, 166, 154, 0.75)",0.0,0.0,5.564477264721976,61.29655996621826,-1.0743977356005907,0.0,0.0,0.0,0.0,0.0,0.0,0.0,0.0,54.76956240696448,1.0759714376803942,True,False,True,False,False,0.0,1,0.8743684538334761,1.0203798263088997,False,False,False,False,0.03609747109263492,0.011370959294353358,False,False,False,False,-7578652,-5403044.949098606,False,False,False,False,2560153.5405431576,False,False,False,False
2023-07-17 00:00:00+00:00,55.3363580045,56.1373246251,55.0168113076,55.5737355508,1712422,,,,,,,,,,,,,,,,,,,,,,,60.34186456087769,"rgba(38, 166, 154, 0.75)",0.0,0.0,5.508237231283122,61.28389915686806,-1.0797539943613874,0.0,0.0,0.0,0.0,0.0,0.0,0.0,0.0,54.91465383402158,1.3668738855442157,True,False,True,False,False,0.0,1,0.8799049776475862,1.0196483350860015,False,False,False,False,0.10738334137574895,0.05937715033505116,False,False,False,False,-5866230,-5421209.0687417975,False,False,False,False,2526909.1664042105,False,False,False,False
2023-07-18 00:00:00+00:00,57.5549250718,58.0570698813,55.3820075326,55.4641766833,2614746,,,,,,,,,,,,,,,,,,,,,,,60.31174168644698,"rgba(38, 166, 154, 1.0)",0.0,0.0,5.433334044771107,61.286118138884135,-0.6867225604644966,0.0,0.0,0.0,0.0,0.0,0.0,0.0,0.0,58.1847986750872,4.564313752872302,True,False,True,False,True,0.0,1,0.9236661467641796,0.9699403515037065,False,False,False,False,0.17500194779535697,0.11718954906520407,False,False,False,False,-3251484,-5336121.81114408,False,False,False,False,2530353.7481138497,False,False,False,False
2023-07-19 00:00:00+00:00,58.8422417652,59.7095827998,57.9292512025,58.1209792207,3052858,,,,,,,,,,,,,,,,,,,,,,,60.296288270876154,"rgba(38, 166, 154, 1.0)",0.0,0.0,5.34876541892763,61.315918066688575,-0.46247612444079095,0.0,0.0,0.0,0.0,0.0,0.0,0.0,0.0,61.76939814051927,7.900276056706602,True,False,True,False,True,0.0,0,0.9483227204113407,0.9270312642110606,False,False,False,False,0.3040694697382381,0.2106295094017211,False,False,False,False,-198626,-5134651.387177645,False,False,False,False,2550844.1109329145,False,False,False,False
2023-07-20 00:00:00+00:00,58.7052931808,59.800881856,58.3674866726,59.3443865747,1849458,,,,,,,,,,,,,,,,,,,,,,,60.287901876920415,"rgba(38, 166, 154, 1.0)",0.0,0.0,5.236111067376179,61.33249515390021,-0.5017468001145184,0.0,0.0,0.0,0.0,0.0,0.0,0.0,0.0,63.842352777704384,9.735295392011516,True,False,True,False,True,0.0,0,0.9399728834785502,0.9435765772769061,False,False,False,False,0.3428282477071351,0.27672887855442807,False,False,False,False,-2048084,-5013609.528856954,False,False,False,False,2523338.773249271,False,False,False,False
2023-07-21 00:00:00+00:00,58.6687735583,58.9974501609,58.2396679938,58.5866044077,1105305,,,,,,,,,,,,,,,,,,,,,,,60.28173631982086,"rgba(38, 166, 154, 1.0)",0.0,0.0,5.111726253511568,61.339626068784455,-0.5224952155154383,0.0,0.0,0.0,0.0,0.0,0.0,0.0,0.0,65.13305090893364,10.867287424490783,True,False,True,False,True,0.0,0,0.9508275913259931,0.9264523598867545,False,False,False,False,0.3119017275641113,0.2943153030592697,False,False,False,False,-3153389,-4940659.704195897,False,False,False,False,2467729.6056708684,False,False,False,False
2023-07-24 00:00:00+00:00,60.4582350612,61.3164461901,59.8758383812,60.0930388361,2591689,,,,,,,,,,,,,,,,,,,,,,,60.28406421628902,"rgba(38, 166, 154, 1.0)",0.0,0.0,5.019336191880637,61.37958659239265,-0.18356043428273291,0.0,0.0,0.0,0.0,0.0,0.0,0.0,0.0,67.91298547403662,13.423841637382203,True,False,True,False,True,2.19764364111197,0,0.9645376497476132,0.90620594181978,False,False,False,False,0.3428282485151216,0.31857177578719564,False,False,False,False,-561700,-4768935.794227431,False,False,False,False,2472590.758389658,False,False,False,False
2023-07-25 00:00:00+00:00,60.9968994932,61.2799265676,60.0451068316,60.2847668543,1593892,,,,,,,,,,,,,,,,,,,,,,,60.286663218937015,"rgba(38, 166, 154, 1.0)",0.0,0.0,4.962697860719594,61.40385597856253,-0.08200307509825437,0.0,0.0,0.0,0.0,0.0,0.0,0.0,0.0,70.25937186579964,15.544269025147344,True,False,True,False,True,2.9686720078681823,0,1.0082023070954849,0.89120750948711,False,False,False,False,0.3428282485461555,0.33070001216667555,False,False,False,False,1032192,-4541440.586610668,False,False,False,False,2438131.983550848,False,False,False,False
2023-07-26 00:00:00+00:00,61.4716545858,61.8368508108,60.3304163824,60.3578060993,1880236,,,,,,,,,,,,,,,,,,,,,,,60.29242409017869,"rgba(38, 166, 154, 1.0)",0.0,0.0,4.961870658264847,61.43463318974035,0.007461177166717288,0.0,0.0,0.0,0.0,0.0,0.0,0.0,0.0,72.25187141605645,17.344786050124583,True,False,True,False,True,3.6482740255071846,0,1.0112261785080874,0.8856062822927393,False,False,False,False,0.3428282487356918,0.3367641304511837,False,False,False,False,2912428,-4249132.014586721,False,False,False,False,2416253.709686109,False,False,False,False
2023-07-27 00:00:00+00:00,61.3986153407,62.0103190177,61.1155882663,61.7546816602,2554981,,,,,,,,,,,,,,,,,,,,,,,60.30261226353504,"rgba(38, 166, 154, 1.0)",0.0,0.0,4.91322363008799,61.476847929882595,-0.0159228634950607,0.0,0.0,0.0,0.0,0.0,0.0,0.0,0.0,73.36152415463545,18.364954455875946,True,False,True,False,True,3.5319578187597074,0,1.0101354038947878,0.8843803616227343,False,False,False,False,0.34282824893705616,0.33979618969411995,False,False,False,False,357447,-4068481.8571519474,False,False,False,False,2421693.9955807715,False,False,False,False
2023-07-28 00:00:00+00:00,61.8459807165,62.4029049597,61.4260050576,61.7364218489,2228081,,,,,,,,,,,,,,,,,,,,,,,60.314140472974834,"rgba(38, 166, 154, 1.0)",0.0,0.0,4.82472543346862,61.51481401255778,0.06863949223824306,0.0,0.0,0.0,0.0,0.0,0.0,0.0,0.0,74.54735704283486,19.528619641671767,True,False,True,False,True,4.186514145264486,0,0.9993810971629614,0.8814673880068261,False,False,False,False,0.3428282490758788,0.34131221938499934,False,False,False,False,2585528,-3807540.2941263807,False,False,False,False,2414101.329087408,False,False,False,False
2023-07-31 00:00:00+00:00,62.8959198636,63.105907693,62.4576843935,62.4850741103,1754634,,,,,,,,,,,,,,,,,,,,,,,60.32837499652068,"rgba(38, 166, 154, 1.0)",1.0,57.72375,4.775216855534662,61.19632225385401,0.3559205081495081,0.0,0.0,0.0,0.0,0.0,0.0,0.0,0.0,76.29147347432495,21.25140817167859,True,False,True,False,True,5.706375945923984,0,1.0204996742785848,0.8596088186375952,False,False,False,False,0.34282824939010015,0.34207023438754974,False,False,False,False,4340162,-3488022.557101817,False,True,False,False,2388239.8652016274,False,True,False,False
2023-08-01 00:00:00+00:00,61.2251471338,62.3755152428,60.7686518525,62.3024759978,2493535,,,,,,,,,,,,,,,,,,,,,,,60.33740909192629,"rgba(38, 166, 154, 0.75)",0.0,0.0,4.6830356055022,61.19011028838196,0.0074816525795523845,0.0,0.0,0.0,0.0,0.0,0.0,0.0,0.0,72.71333013690204,21.25140817167859,True,False,True,False,False,2.9884018040615388,0,0.9936076862321166,0.8647400021444541,False,False,False,False,0.28316150599670825,0.312615870192129,False,False,False,False,1846627,-3278820.6136860596,False,False,False,False,2392369.0861741127,False,False,False,False
2023-08-02 00:00:00+00:00,61.5173041139,61.6542526983,59.800881856,60.4217154387,2946082,,,,,,,,,,,,,,,,,,,,,,,60.343533616054366,"rgba(38, 166, 154, 0.75)",0.0,0.0,4.59254295424955,61.20011206774295,0.06906675654792754,0.0,0.0,0.0,0.0,0.0,0.0,0.0,0.0,70.70854304908067,26.06398519539343,True,False,True,False,False,3.418542786534598,0,0.9723014551258067,0.8845823937457995,False,False,False,False,0.2426644224931121,0.2776401463426206,False,False,False,False,4792709,-2962290.0406003315,False,False,False,False,2414083.3180888533,False,False,False,False
2023-08-03 00:00:00+00:00,58.9335408215,60.339546288,58.3218371445,59.3443865747,3698353,,,,,,,,,,,,,,,,,,,,,,,60.33021482297771,"rgba(38, 166, 154, 0.75)",0.0,0.0,4.417340162816793,61.167279432877095,-0.5056750281945028,0.0,0.0,0.0,0.0,0.0,0.0,0.0,0.0,63.95001621887626,19.818787904947484,True,False,True,False,False,0.0,0,0.9500544922046161,0.8869586355464962,False,False,False,False,0.17729272151526154,0.22746643392894106,False,False,False,False,1094356,-2803205.8821454165,False,False,False,False,2464446.8350265455,False,False,False,False
2023-08-04 00:00:00+00:00,59.7734921392,60.9786396819,58.9244109159,58.9883202553,2055548,,,,,,,,,,,,,,,,,,,,,,,60.327401609741834,"rgba(38, 166, 154, 0.75)",0.0,0.0,4.269063642351427,61.16961274264581,-0.32703204271670605,0.0,0.0,0.0,0.0,0.0,0.0,0.0,0.0,60.769634102536315,17.09689504296618,True,False,True,False,False,0.6688335393511586,0,0.9666713512011251,0.8679778257442667,False,False,False,False,0.2061300396277827,0.21679823677836188,False,False,False,False,3149904,-2569750.5926495176,False,False,False,False,2448411.5865941322,False,False,False,False
2023-08-07 00:00:00+00:00,60.5769238343,61.3712256239,59.7726704477,59.8465313842,2104408,,,,,,,,,,,,,,,,,,,,,,,60.32900983916959,"rgba(38, 166, 154, 0.75)",0.0,0.0,4.145550089707969,61.183787024983374,-0.14638906238041074,0.0,0.0,0.0,0.0,0.0,0.0,0.0,0.0,59.83215212933091,16.380174634709434,True,False,True,False,False,1.8598319820104123,0,0.9978483209363348,0.8518731106834526,False,False,False,False,0.23529008674469648,0.2260441617615292,False,False,False,False,5254312,-2262924.608624046,False,False,False,False,2434921.249864951,False,False,False,False
2023-08-08 00:00:00+00:00,60.5312743062,60.6271383153,58.8878912934,59.6821930829,1724887,,,,,,,,,,,,,,,,,,,,,,,60.32733988529123,"rgba(38, 166, 154, 0.75)",0.0,0.0,4.045778748947939,61.18816970037723,-0.1623656247509956,0.0,0.0,0.0,0.0,0.0,0.0,0.0,0.0,59.11364493101129,15.692960164536956,True,False,True,False,False,1.788497802007317,0,1.004367239922775,0.8329394988357669,False,False,False,False,0.19708418673662298,0.2115641742490761,False,False,False,False,3529425,-2035773.6435799662,False,False,False,False,2407076.76947809,False,False,False,False
2023-08-09 00:00:00+00:00,61.9646694896,62.3572554316,60.7777817581,60.9056004369,2034712,,,,,,,,,,,,,,,,,,,,,,,60.335908633773364,"rgba(38, 166, 154, 0.75)",0.0,0.0,4.003428894903416,61.21597743278248,0.1870127024787786,0.0,0.0,0.0,0.0,0.0,0.0,0.0,0.0,60.65556755516634,15.692960164536956,True,False,True,False,False,3.902739728341892,0,1.027866458801215,0.8067728792949863,False,False,False,False,0.2829402658216951,0.2472522200353856,False,False,False,False,5564137,-1737737.9320670264,False,False,False,False,2392474.2294985573,False,False,False,False
2023-08-10 00:00:00+00:00,61.0699387382,63.0785179761,61.0699387382,62.4029049597,1719049,,,,,,,,,,,,,,,,,,,,,,,60.343272670072736,"rgba(38, 166, 154, 0.75)",0.0,0.0,3.929930246951513,61.23819580122773,-0.0428142619473335,0.0,0.0,0.0,0.0,0.0,0.0,0.0,0.0,59.7808890957462,15.692960164536956,True,False,True,False,False,2.4776179715904227,0,1.0533862049828098,0.7905166487303016,False,False,False,False,0.3076688021254264,0.27746051108040604,False,False,False,False,3845088,-1518803.581789888,False,False,False,False,2366065.3969692024,False,False,False,False
2023-08-11 00:00:00+00:00,60.7047425131,61.5720835477,60.3943257218,60.8599509088,1249044,,,,,,,,,,,,,,,,,,,,,,,60.34535044585025,"rgba(38, 166, 154, 0.75)",0.0,0.0,3.8892253768901663,61.24701377749934,-0.13942911810190353,0.0,0.0,0.0,0.0,0.0,0.0,0.0,0.0,58.45008841863311,14.706650678857642,True,False,True,False,False,1.8991368480743631,0,1.066840965278985,0.7867552344661187,False,False,False,False,0.25483515140648555,0.26614783124344576,False,False,False,False,2596044,-1357437.0099549904,False,False,False,False,2322260.6363037433,False,False,False,False
2023-08-14 00:00:00+00:00,58.2761876164,59.137137717,58.1574988432,58.9518006327,2854943,,,,,,,,,,,,,,,,,,,,,,,60.32967297189867,#000000,0.0,0.0,3.8288658949805,61.2271285579827,-0.7707088789532363,0.0,0.0,0.0,0.0,0.0,0.0,0.0,0.0,53.46393663327425,9.852037232042143,False,False,False,False,False,0.0,0,1.051708796936054,0.7997178395771648,False,False,False,False,0.127307914475088,0.19672787285926688,False,False,False,False,-258899,-1314357.087995971,False,False,False,False,2343150.14076242,False,False,False,False
2023-08-15 00:00:00+00:00,55.9663214928,57.819692335,55.9206719646,57.6188344112,2851064,,,,,,,,,,,,,,,,,,,,,,,60.29762799929684,"rgba(239, 83, 80, 1.0)",0.0,0.0,3.7605203800453437,61.17915456593389,-1.3861999261578362,0.0,0.0,0.0,0.0,0.0,0.0,0.0,0.0,47.42311790721291,4.228518896064145,False,True,False,True,False,0.0,0,1.0139043474223488,0.8303607843461354,False,False,False,False,0.02900827066989484,0.11286807176458086,False,False,False,False,-3109963,-1384773.006113776,False,False,False,False,2363068.331320756,False,False,False,False
2023-08-16 00:00:00+00:00,55.9571915871,56.8427924329,55.6559047014,55.9206719646,2023048,,,,,,,,,,,,,,,,,,,,,,,60.27271317908852,"rgba(239, 83, 80, 1.0)",0.0,0.0,3.6802233447111603,61.14335012437014,-1.4091966849574915,0.0,0.0,0.0,0.0,0.0,0.0,0.0,0.0,43.38631490720593,0.6288691672586353,False,True,False,True,False,0.0,0,1.003532405980606,0.846797161490286,False,False,False,False,-0.002610665059718734,0.055128703352431065,False,False,False,False,-5133011,-1531762.7313642162,False,False,False,False,2349734.2006807267,False,False,False,False
2023-08-17 00:00:00+00:00,55.9754513984,56.6510644148,55.9480616815,56.4319466797,1610671,,,,,,,,,,,,,,,,,,,,,,,60.253278486834226,"rgba(239, 83, 80, 1.0)",0.0,0.0,3.5850682004833283,61.116670256203506,-1.4340644501854622,0.0,0.0,0.0,0.0,0.0,0.0,0.0,0.0,40.73366267281711,-1.700332116487104,False,True,False,True,False,0.0,0,1.0256510987144791,0.860099828463134,False,False,False,False,-0.11036196616551942,-0.02761663140654418,False,False,False,False,-3522340,-1609824.5850362077,False,False,False,False,2320751.330065796,False,False,False,False
2023-08-18 00:00:00+00:00,56.1215298884,56.2265238031,55.1628897976,55.3820075326,1833844,,,,,,,,,,,,,,,,,,,,,,,60.22946315291138,"rgba(239, 83, 80, 1.0)",0.0,0.0,3.5103731252662604,61.084367591463334,-1.4137635875066434,0.0,0.0,0.0,0.0,0.0,0.0,0.0,0.0,39.29861418098193,-3.0013413296865465,False,True,False,True,False,0.0,0,0.9652397946532341,0.8899382251915788,False,False,False,False,-0.15489159692099594,-0.09125411416377006,False,False,False,False,-1688496,-1612909.7385641998,False,False,False,False,2301656.9249651767,False,False,False,False
2023-08-21 00:00:00+00:00,56.3315177178,56.6967139429,56.0028411153,56.4684663022,1224287,,,,,,,,,,,,,,,,,,,,,,,60.215524017158806,"rgba(239, 83, 80, 1.0)",0.0,0.0,3.4665304111216413,61.06668682857734,-1.3659678552322914,0.0,0.0,0.0,0.0,0.0,0.0,0.0,0.0,38.84850935419192,-3.5347447132284486,False,True,False,True,False,0.0,0,0.970983675319557,0.8859008565411732,False,False,False,False,-0.10939308410548303,-0.10032359913462655,False,False,False,False,-464209,-1567862.6507773683,False,False,False,False,2259407.1239861506,False,False,False,False
2023-08-22 00:00:00+00:00,55.1081103638,56.6054148866,54.884427676,56.3680373403,1519726,,,,,,,,,,,,,,,,,,,,,,,60.19476420686272,"rgba(239, 83, 80, 1.0)",0.0,0.0,3.4638277910643516,61.03938671680005,-1.712347354074872,0.0,0.0,0.0,0.0,0.0,0.0,0.0,0.0,36.86789040398474,-5.619734580123271,False,True,False,True,False,0.0,0,0.9524901761588552,0.8797071561975706,False,False,False,False,-0.15138366628409997,-0.12585363270936326,False,False,False,False,-1983935,-1584179.2134919814,False,False,True,False,2230400.0210847333,False,False,True,False
2023-08-23 00:00:00+00:00,55.1081103638,55.2907084764,54.4598870643,55.0076814019,1937274,,,,,,,,,,,,,,,,,,,,,,,60.16530812337141,"rgba(239, 83, 80, 1.0)",0.0,0.0,3.4467048579625117,60.33140737872024,-1.515446558429127,0.0,0.0,0.0,0.0,0.0,0.0,0.0,0.0,35.54747777051328,-7.111269714502193,False,True,False,True,False,0.0,0,0.9468758056545664,0.8995482356081642,False,False,True,False,-0.21273825972668503,-0.16929594621802413,False,False,True,False,-1983935,-1599855.9110020997,False,False,False,False,2218904.883002979,False,False,True,False
2023-08-24 00:00:00+00:00,55.5554757395,56.1032700772,54.5785758375,54.7794337613,1279293,,,,,,,,,,,,,,,,,,,,,,,60.147736354334086,"rgba(239, 83, 80, 1.0)",0.0,0.0,3.433551683537989,60.31947658446652,-1.3874848215645958,0.0,0.0,0.0,0.0,0.0,0.0,0.0,0.0,35.9088771423759,-7.111269714502193,False,True,False,True,False,0.0,0,0.9333046874593909,0.8990579637305816,False,False,False,False,-0.17971921286161696,-0.17450757953982055,False,False,False,False,-704642,-1564749.4831196645,False,False,False,False,2182057.358179333,False,False,False,False
2023-08-25 00:00:00+00:00,55.6559047014,56.1181518233,55.0168113076,55.838502814,1424929,,,,,,,,,,,,,,,,,,,,,,,60.129073240047795,"rgba(239, 83, 80, 1.0)",0.0,0.0,3.4254285094483268,60.304900365377534,-1.3572011942897821,0.0,0.0,0.0,0.0,0.0,0.0,0.0,0.0,36.4354875659685,-7.111269714502193,False,True,False,True,False,0.0,0,0.964181812915729,0.8936438350246129,False,False,False,False,-0.1637965780568052,-0.16915207879831287,False,False,False,False,720287,-1475140.2092718345,False,False,False,False,2152366.050015438,False,False,False,False
2023-08-28 00:00:00+00:00,56.9523513005,57.3084176199,55.9206719646,55.9206719646,2199779,,,,,,,,,,,,,,,,,,,,,,,60.107670566127005,"rgba(239, 83, 80, 0.75)",0.0,0.0,3.423294025714762,60.306937213853054,-0.9799292401279026,0.0,0.0,0.0,0.0,0.0,0.0,0.0,0.0,40.14359963305992,-7.111269714502193,False,True,False,True,True,0.0,0,0.9663626569481594,0.8758086506160644,False,False,False,False,-0.09114104776946007,-0.13014656328388646,False,False,False,False,2920066,-1302779.181457253,False,False,False,False,2154225.3813873813,False,False,False,False
2023-08-29 00:00:00+00:00,58.3309670501,58.3948763895,56.2676083784,56.8975718667,1660388,,,,,,,,,,,,,,,,,,,,,,,60.0961234677544,"rgba(239, 83, 80, 0.75)",0.0,0.0,3.4365680947133423,60.316920243158904,-0.5778885033920914,0.0,0.0,0.0,0.0,0.0,0.0,0.0,0.0,45.38747303952245,-11.351160073491997,False,True,False,True,True,0.0,0,0.9646614146396723,0.8652021237302171,False,False,False,False,-0.04200254532533299,-0.08607455430460972,False,False,False,False,4580454,-1072064.154733439,False,False,False,False,2134859.2095682686,False,False,False,False
2023-08-30 00:00:00+00:00,58.3035773332,58.6139941246,57.6051395528,58.431396012,891446,,,,,,,,,,,,,,,,,,,,,,,60.09125907323488,#000000,0.0,0.0,3.4441967441364434,60.323994649384325,-0.5866149544517082,0.0,0.0,0.0,0.0,0.0,0.0,0.0,0.0,48.81906785372539,-8.135498992932725,False,True,False,False,True,0.0,0,1.0030939154146334,0.8598227581939166,False,False,False,False,0.011140039384890712,-0.03746725745985951,False,False,False,False,3689008,-885355.4427831081,False,False,False,False,2086097.9072322582,False,False,False,False
2023-08-31 00:00:00+00:00,57.8105624294,58.759159624,57.354067148,58.3857464839,1197605,,,,,,,,,,,,,,,,,,,,,,,60.08408613586492,#000000,0.0,0.0,3.451550776556058,60.328764093354536,-0.7295855767381136,0.0,0.0,0.0,0.0,0.0,0.0,0.0,0.0,49.91887258821982,-7.08411622226933,False,True,False,False,True,0.0,0,0.994651824949108,0.8781997585316862,False,False,False,False,0.007525865445220736,-0.014970696007319387,False,False,False,False,2491403,-752933.5430661235,False,False,False,False,2051255.048125111,False,False,False,False
2023-09-01 00:00:00+00:00,58.970060444,59.2804772353,58.2761876164,58.431396012,858405,,,,,,,,,,,,,,,,,,,,,,,60.08107702918299,"rgba(38, 166, 154, 0.5)",0.0,0.0,3.4704630836515387,60.33741716624049,-0.39399834814027007,0.0,0.0,0.0,0.0,0.0,0.0,0.0,0.0,52.91934122896286,-4.172785531735066,False,False,True,False,True,0.32740160845320787,0,0.9961307898005572,0.8570054316438911,False,False,False,False,0.05684121512261367,0.02093525955764714,False,False,False,False,3349808,-592041.7178478441,False,False,False,False,2004476.6148653028,False,False,False,False
2023-09-05 00:00:00+00:00,58.5592146908,59.974350063,58.4679156345,59.189178179,1824054,,,,,,,,,,,,,,,,,,,,,,,60.075541695398954,"rgba(38, 166, 154, 0.5)",0.0,0.0,3.4836985162735408,59.999197807037845,-0.4133489478240429,0.0,0.0,0.0,0.0,0.0,0.0,0.0,0.0,53.88927489102481,-3.1485775080260865,False,False,True,False,True,0.0,0,1.0064812969022365,0.8410173819257938,False,False,False,False,0.08721988266835524,0.0540775711130012,False,False,False,False,1525754,-508990.90538322285,False,False,False,False,1997401.2182039185,False,False,False,False
2023-09-06 00:00:00+00:00,57.8105624294,58.8878912934,57.3266774312,58.431396012,1630843,,,,,,,,,,,,,,,,,,,,,,,60.06611736540631,"rgba(38, 166, 154, 0.5)",0.0,0.0,3.4904511459930965,59.97616200502582,-0.620435435147644,0.0,0.0,0.0,0.0,0.0,0.0,0.0,0.0,52.7651270147353,-3.1485775080260865,False,False,True,False,True,0.0,0,0.9901330060194118,0.8613330207903022,False,False,False,False,0.01098425070136463,0.032530910907182915,False,False,False,False,-105089,-493151.6149760377,False,False,False,False,1983026.3861174905,False,False,False,False
2023-09-07 00:00:00+00:00,57.0253905455,58.1574988432,56.7241036598,57.7101334675,1059348,,,,,,,,,,,,,,,,,,,,,,,60.05795676434723,#000000,0.0,0.0,3.4927049253957474,59.956043639779274,-0.8390783524168475,0.0,0.0,0.0,0.0,0.0,0.0,0.0,0.0,50.35005914978164,-3.1485775080260865,False,True,False,False,False,0.0,0,0.9950675754898417,0.8676612660034307,False,False,False,False,-0.04931302136550927,-0.008391055229163176,False,False,False,False,-1164437,-519476.532035801,False,False,False,False,1946803.7043089615,False,False,False,False
2023-09-08 00:00:00+00:00,57.4088465818,57.6918736562,56.9706111117,57.2536381861,661784,,,,,,,,,,,,,,,,,,,,,,,60.05298403508065,#000000,0.0,0.0,3.495515547637923,59.94707088931894,-0.7261373245025702,0.0,0.0,0.0,0.0,0.0,0.0,0.0,0.0,49.65631826989082,-3.1485775080260865,False,True,False,False,False,0.0,0,0.9912009835918139,0.8773461568108919,False,False,False,False,-0.05711507282065737,-0.032753064024910274,False,False,False,False,-502653,-518816.78568145586,False,False,False,False,1896410.7747282179,False,False,False,False
2023-09-11 00:00:00+00:00,57.3266774312,58.1666287488,57.2718979974,57.7923026181,1256192,,,,,,,,,,,,,,,,,,,,,,,60.04440056457144,#000000,0.0,0.0,3.494777000305569,59.93743801522312,-0.7470464020436359,0.0,0.0,0.0,0.0,0.0,0.0,0.0,0.0,49.00471196172464,-3.1485775080260865,False,True,False,False,False,0.0,0,0.9930826896977434,0.8696587688795457,False,False,False,False,-0.02950758199335108,-0.031130323009130677,False,False,False,False,-1758845,-567445.3431057126,False,False,False,False,1871304.156111425,False,False,False,False
2023-09-12 00:00:00+00:00,57.5001456381,58.0765165803,57.1075596961,57.4453662043,1201130,,,,,,,,,,,,,,,,,,,,,,,60.03615946357522,#000000,0.0,0.0,3.4700029983613025,59.9292901830212,-0.7000410507046697,0.0,0.0,0.0,0.0,0.0,0.0,0.0,0.0,49.03348916594243,-3.1485775080260865,False,True,False,False,False,0.0,0,0.9845744165304238,0.8786590108028267,False,False,False,False,-0.03855258910643095,-0.034841456057780815,False,False,False,False,-557715,-567063.7610231356,False,False,False,False,1845022.816656075,False,False,False,False
2023-09-13 00:00:00+00:00,57.4727559212,57.5549250718,56.6145447923,57.4544961099,1380616,,,,,,,,,,,,,,,,,,,,,,,60.0254341776783,#000000,0.0,0.0,3.422141383846175,59.91532149559664,-0.7137535538205686,0.0,0.0,0.0,0.0,0.0,0.0,0.0,0.0,48.977507360005674,-3.1485775080260865,False,True,False,False,False,0.0,0,0.9769373419360935,0.8937515940396626,False,False,False,False,-0.07469657529965147,-0.05476901567871614,False,False,False,False,-1938331,-620838.9468653656,False,False,False,False,1826810.7846303466,False,False,False,False
2023-09-14 00:00:00+00:00,58.7965922371,59.116138934,58.1483689376,58.1483689376,1369321,,,,,,,,,,,,,,,,,,,,,,,60.02040816571136,"rgba(38, 166, 154, 0.5)",0.0,0.0,3.371730990249368,59.92510500463739,-0.33469834064488163,0.0,0.0,0.0,0.0,0.0,0.0,0.0,0.0,52.28581813293607,-3.139901384501364,False,False,True,False,True,0.3173673164737103,0,0.9830958276095711,0.8757906714304684,False,False,False,False,0.03534870001919558,-0.009710157829760282,False,False,False,False,-569010,-618806.4391451551,False,False,False,False,1808870.00876249,False,False,False,False
2023-09-15 00:00:00+00:00,58.4587857289,59.3443865747,58.1209792207,58.5409548795,1488629,,,,,,,,,,,,,,,,,,,,,,,60.0148012878623,"rgba(38, 166, 154, 0.5)",0.0,0.0,3.2786917471746375,59.932893184480726,-0.44960233204326644,0.0,0.0,0.0,0.0,0.0,0.0,0.0,0.0,53.46610186917587,-1.793301211532878,False,False,True,False,True,0.0,0,1.0050387661250582,0.8687845533165744,False,False,False,False,0.018625094870603418,0.004457468520421568,False,False,False,False,-2057639,-675231.2454531882,False,False,False,False,1796311.5378306278,False,False,False,False
2023-09-18 00:00:00+00:00,57.1988587524,58.9244109159,56.9980008286,58.7965922371,941443,,,,,,,,,,,,,,,,,,,,,,,60.00888263473344,#000000,0.0,0.0,3.116931171153544,59.92844035532672,-0.875727262824521,0.0,0.0,0.0,0.0,0.0,0.0,0.0,0.0,50.96967451329858,-1.793301211532878,False,False,False,False,True,0.0,0,0.9816608785716493,0.8985142098005345,False,False,False,False,-0.04072619087741244,-0.018134361178495435,False,False,False,False,-2999082,-766362.6475922789,False,False,False,False,1762787.281445113,False,False,False,False
2023-09-19 00:00:00+00:00,57.3997166762,57.766099789,56.9203966308,57.527535355,902397,,,,,,,,,,,,,,,,,,,,,,,60.0023917821453,#000000,0.0,0.0,2.9674556867763897,59.92138719727899,-0.8497752914444807,0.0,0.0,0.0,0.0,0.0,0.0,0.0,0.0,49.84583217072714,-1.793301211532878,False,True,False,False,False,0.0,1,0.9768864824264559,0.9072353579866279,False,False,False,False,-0.08845464834046995,-0.05329450475948269,False,False,False,False,-2096685,-818532.151608268,False,False,False,False,1729046.4860943244,False,False,False,False
2023-09-20 00:00:00+00:00,57.4544961099,58.6961632752,57.1897288468,57.6462241281,1631546,,,,,,,,,,,,,,,,,,,,,,,59.99258211229175,#000000,0.0,0.0,2.8508331573868713,59.915381120630414,-0.8632160757475228,0.0,0.0,0.0,0.0,0.0,0.0,0.0,0.0,49.252467510568565,-1.793301211532878,False,True,False,False,False,0.0,1,0.9910113687916087,0.8920797262990368,False,False,False,False,-0.07406121395210262,-0.06367785935579265,False,False,False,False,-465139,-804673.5966432379,False,False,False,False,1725222.9376200372,False,False,False,False
2023-09-21 00:00:00+00:00,56.8336625273,57.4271063931,56.2949980953,57.1258195074,1748099,,,,,,,,,,,,,,,,,,,,,,,59.977797925233055,"rgba(239, 83, 80, 1.0)",0.0,0.0,2.7418313758080295,59.89556202408918,-1.1167351587720546,0.0,0.0,0.0,0.0,0.0,0.0,0.0,0.0,47.252998734646,2.138625225306704,False,True,False,True,False,0.0,1,0.9674724411002239,0.9234148139456576,False,False,False,False,-0.16573896957969259,-0.11470841446774262,False,False,False,False,-2213238,-859911.4163827187,False,False,False,False,1726120.038105526,False,False,False,False
2023-09-22 00:00:00+00:00,56.596284981,57.6097045056,56.3862971516,56.9614812061,1302056,,,,,,,,,,,,,,,,,,,,,,,59.96691871869304,"rgba(239, 83, 80, 1.0)",0.0,0.0,2.6771258278936423,59.88187919837128,-1.2272841952880424,0.0,0.0,0.0,0.0,0.0,0.0,0.0,0.0,45.3374969752482,0.19276487391565666,False,True,False,True,False,0.0,1,0.9681926234362938,0.9207011871008285,False,False,False,False,-0.15401227566531947,-0.13436034506653105,False,False,False,False,-3515294,-964044.0667206513,False,False,False,False,1709490.075826878,False,False,False,False
2023-09-25 00:00:00+00:00,56.9432213948,57.1258195074,56.2036990391,56.4228167741,925953,,,,,,,,,,,,,,,,,,,,,,,59.95896413977332,"rgba(239, 83, 80, 1.0)",0.0,0.0,2.65054709393339,59.87178311312381,-1.1048895245161827,0.0,0.0,0.0,0.0,0.0,0.0,0.0,0.0,45.249724439890485,-0.0436441917872088,False,True,False,True,False,0.0,1,0.9557545757987946,0.928189027931211,False,False,False,False,-0.18262720172171498,-0.15849377339412302,False,False,False,False,-2589341,-1027781.2013590571,False,False,False,False,1678763.1316768045,False,False,False,False
2023-09-26 00:00:00+00:00,56.8975718667,57.2490732333,56.2128289447,56.377167246,1205329,,,,,,,,,,,,,,,,,,,,,,,59.948761389590366,"rgba(239, 83, 80, 1.0)",0.0,0.0,2.6164857592965713,59.85939289778995,-1.1319843880542366,0.0,0.0,0.0,0.0,0.0,0.0,0.0,0.0,45.05973309842311,-0.45176249443650107,False,True,False,True,False,0.0,1,0.9579220638412036,0.9267803743892201,False,False,False,False,-0.17692127724652323,-0.16770752532032313,False,False,False,False,-3794670,-1136286.6444430158,False,False,False,False,1660197.087297322,False,False,False,False
2023-09-27 00:00:00+00:00,57.0892998849,57.6279643168,56.5688952641,57.2901578087,1489934,,,,,,,,,,,,,,,,,,,,,,,59.93746300022496,"rgba(239, 83, 80, 1.0)",0.0,0.0,2.5783390370298878,59.84807250896856,-1.069980551218169,0.0,0.0,0.0,0.0,0.0,0.0,0.0,0.0,45.64960117273523,-0.45176249443650107,False,True,False,True,False,0.0,1,0.9574609944634942,0.9470023808525447,False,False,False,False,-0.14543950923136728,-0.1565735172758452,False,False,False,False,-2304736,-1182108.1877981918,False,False,False,False,1653520.103481741,False,False,False,False
2023-09-28 00:00:00+00:00,57.9475110138,58.4308672782,56.5204591855,57.3030359946,1768856,,,,,,,,,,,,,,,,,,,,,,,59.92668033065614,#000000,0.0,0.0,2.554354646470066,59.841789157718345,-0.7415877613298912,0.0,0.0,0.0,0.0,0.0,0.0,0.0,0.0,48.889224855190605,-0.45176249443650107,False,True,False,False,True,0.0,1,0.9265476795470918,0.9637766003974588,False,False,False,False,-0.1134166490147562,-0.1349950831453007,False,False,False,False,-535880,-1156765.905923753,False,False,False,False,1658043.0798157903,False,False,False,False
2023-09-29 00:00:00+00:00,56.8611102671,58.5551588891,56.7690424072,58.1408535196,2024690,,,,,,,,,,,,,,,,,,,,,,,59.91319431269553,#000000,0.0,0.0,2.538620045644342,59.831335873619615,-1.1700158169064336,0.0,0.0,0.0,0.0,0.0,0.0,0.0,0.0,47.67593384847867,-0.45176249443650107,False,True,False,False,True,0.0,1,0.9242905832747391,0.9634979399853695,False,False,False,False,-0.09767933033864422,-0.11633720674197245,False,False,False,False,-2560570,-1211817.0468679196,False,False,False,False,1672421.3904112496,False,False,False,False
2023-10-02 00:00:00+00:00,55.1486480732,56.962384913,54.7757732406,56.962384913,3082713,,,,,,,,,,,,,,,,,,,,,,,59.87872483916345,"rgba(239, 83, 80, 1.0)",0.0,0.0,2.5019188401080443,59.78131320612054,-1.851644849007363,0.0,0.0,0.0,0.0,0.0,0.0,0.0,0.0,43.23757501224087,-2.2908109926758726,False,True,False,True,False,0.0,1,0.9005356545123399,0.9748733463963618,False,False,False,False,-0.2522616548140043,-0.18429943077798838,False,False,False,False,-5643283,-1385600.0254221188,False,False,False,False,1727726.9437284556,False,False,False,False
2023-10-03 00:00:00+00:00,52.6720226422,54.8079969916,52.6167819262,54.5502069839,3880910,,,,,,,,,,,,,,,,,,,,,,,59.81341599166999,"rgba(239, 83, 80, 1.0)",0.0,0.0,2.5284401061377406,59.67146563234034,-2.768285067599319,0.0,0.0,0.0,0.0,0.0,0.0,0.0,0.0,37.107885902273374,-7.869003454623282,False,True,False,True,False,0.0,0,0.8607266599212484,1.0233453582056002,False,False,False,False,-0.34282825441539394,-0.2635638425966912,False,False,False,False,-9524193,-1704760.5342290946,False,False,False,False,1812165.494954791,False,False,False,False
2023-10-04 00:00:00+00:00,53.5466673111,53.647941957,52.5615412103,52.846951576,2129999,,,,,,,,,,,,,,,,,,,,,,,59.777504023814714,"rgba(239, 83, 80, 1.0)",0.0,0.0,2.5421912230754113,59.000569640526905,-2.145354873355693,0.0,0.0,0.0,0.0,0.0,0.0,0.0,0.0,35.45387150699479,-9.141730384812021,False,True,False,True,False,0.0,0,0.8574004237450701,1.0386348172868631,False,False,False,False,-0.34282825441539394,-0.30319604850604254,False,False,False,False,-7394194,-1927875.5721024633,False,False,False,False,1824629.5539761716,False,False,False,False
2023-10-05 00:00:00+00:00,54.0162133966,54.485759482,53.1691890856,53.1691890856,1875937,,,,,,,,,,,,,,,,,,,,,,,59.74926185798974,"rgba(239, 83, 80, 1.0)",0.0,0.0,2.524416821235883,58.97581443454493,-1.9646521906460948,0.0,0.0,0.0,0.0,0.0,0.0,0.0,0.0,35.577803913614886,-9.141730384812021,False,True,False,True,False,0.0,0,0.8614164669666834,1.0349140074512346,False,False,False,False,-0.28845021928525444,-0.2958231338956485,False,False,False,False,-5518257,-2068674.8437847197,False,False,False,False,1826641.6106829885,False,False,False,False
2023-10-06 00:00:00+00:00,54.0530405405,54.3016237622,52.7041543253,53.8689048207,1223174,,,,,,,,,,,,,,,,,,,,,,,59.73035602679598,"rgba(239, 83, 80, 1.0)",0.0,0.0,2.535689154790359,58.951010322677746,-1.931612860718605,0.0,0.0,0.0,0.0,0.0,0.0,0.0,0.0,35.76004543780792,-9.141730384812021,False,True,False,True,False,0.0,0,0.8458848113162288,1.0394013614394295,False,False,False,False,-0.31264927494550726,-0.30423620442057786,False,False,False,False,-4295083,-2155984.967557868,False,False,False,False,1802976.2141856165,False,False,False,False
2023-10-09 00:00:00+00:00,56.1890148899,56.3087031078,54.0438337545,54.0714541125,1414446,,,,,,,,,,,,,,,,,,,,,,,59.715206585707215,"rgba(239, 83, 80, 0.75)",0.0,0.0,2.5118999762576584,58.95573299459694,-1.1014443771041087,0.0,0.0,0.0,0.0,0.0,0.0,0.0,0.0,40.75862844613486,-9.141730384812021,False,True,False,True,True,0.0,0,0.8624568054465179,1.0177177751618949,False,False,False,False,-0.1910059804137799,-0.2476210924171789,False,False,False,False,-2880637,-2184402.694320305,False,False,False,False,1787739.7351979453,False,False,False,False
2023-10-10 00:00:00+00:00,57.0268324149,57.2017613487,55.8943977383,55.8943977383,1583645,,,,,,,,,,,,,,,,,,,,,,,59.70315667873702,"rgba(239, 83, 80, 0.75)",0.0,0.0,2.468041549030029,58.97445064263691,-0.7891351053236315,0.0,0.0,0.0,0.0,0.0,0.0,0.0,0.0,45.56739249840153,-10.539867649783034,False,True,False,True,True,0.0,0,0.8814833934307079,1.0218385392347205,False,False,False,False,-0.07678005813907865,-0.16220057527812876,False,False,False,False,-1296992,-2149602.2749351948,False,False,False,False,1779736.0200921437,False,False,False,False
2023-10-11 00:00:00+00:00,55.9220180962,57.3674834965,55.7747095204,57.1557274187,1592558,,,,,,,,,,,,,,,,,,,,,,,59.68971966119757,#000000,0.0,0.0,2.4435760092285825,58.979039976846856,-1.2510443174681252,0.0,0.0,0.0,0.0,0.0,0.0,0.0,0.0,46.65029708868041,-9.65598623355524,False,False,False,False,True,0.0,0,0.9063118000295781,1.0169845343747803,False,False,False,False,-0.07507662202198404,-0.1186385986500564,False,False,False,False,-2889550,-2178619.8327808734,False,False,False,False,1772395.7055787263,False,False,False,False
2023-10-12 00:00:00+00:00,55.1486480732,56.2442556059,54.7895834196,56.2442556059,1838007,,,,,,,,,,,,,,,,,,,,,,,59.66991681281501,"rgba(239, 83, 80, 0.75)",0.0,0.0,2.4162197023284335,58.9629594516166,-1.5786277111890397,0.0,0.0,0.0,0.0,0.0,0.0,0.0,0.0,46.044237119722546,-9.65598623355524,False,True,False,True,True,0.0,0,0.905578415755232,1.0224636838620131,False,False,False,False,-0.15370427399007028,-0.13617143632006334,False,False,False,False,-4727557,-2278578.1530639767,False,False,False,False,1774968.6975168155,False,False,False,False
2023-10-13 00:00:00+00:00,55.6181941586,56.3271166798,55.1854752171,55.8299502364,1794109,,,,,,,,,,,,,,,,,,,,,,,59.65217829998216,#000000,0.0,0.0,2.386521718438042,58.95147541580648,-1.3967110508376532,0.0,0.0,0.0,0.0,0.0,0.0,0.0,0.0,46.59070318576819,-9.60851276894227,False,False,False,False,True,0.0,0,0.9445058807693145,1.019552098966738,False,False,False,False,-0.1357183866171808,-0.1359449114686221,False,False,False,False,-2933448,-2304259.323532056,False,False,False,False,1775719.2976141954,False,False,False,False
2023-10-16 00:00:00+00:00,56.4928388276,56.8150763372,55.5169195127,56.0693266721,1134288,,,,,,,,,,,,,,,,,,,,,,,59.64264008359916,#000000,0.0,0.0,2.3546056445897254,58.949042579951005,-1.0431486724729138,0.0,0.0,0.0,0.0,0.0,0.0,0.0,0.0,48.62507573636245,-7.48771501149929,False,False,False,False,True,0.0,0,0.9401468891485697,1.0218620917554864,False,False,False,False,-0.10512977572018592,-0.120537343594404,False,False,False,False,-1799160,-2284451.506922956,False,False,False,False,1750565.1290803053,False,False,False,False
2023-10-17 00:00:00+00:00,57.3858970685,57.5700327882,56.0232927421,56.14298096,1423231,,,,,,,,,,,,,,,,,,,,,,,59.63328394641348,#000000,0.0,0.0,2.3204039518590798,58.59485166914575,-0.5210104041053485,0.0,0.0,0.0,0.0,0.0,0.0,0.0,0.0,51.51271411157234,-4.610895919804662,True,False,False,False,True,0.0,0,0.9353402904285408,1.016829085421421,False,False,False,False,-0.05840440185830787,-0.08947087272635594,False,False,False,False,-375929,-2209607.4870436243,False,False,False,False,1737728.4965673522,False,False,False,False
2023-10-18 00:00:00+00:00,56.4836320416,57.0636595589,56.0693266721,56.980798485,1162898,,,,,,,,,,,,,,,,,,,,,,,59.62438138758315,#000000,0.0,0.0,2.303752280250442,58.583621921996595,-0.91155194870531,0.0,0.0,0.0,0.0,0.0,0.0,0.0,0.0,51.577575636701184,-4.388852634450586,True,False,False,False,True,0.0,0,0.943486565264593,1.0090809419511673,False,False,False,False,-0.07541727413914913,-0.08244407343275253,False,False,False,False,-1538827,-2183302.3699046588,False,False,False,False,1715186.1241529463,False,False,False,False
2023-10-19 00:00:00+00:00,56.0417063141,56.980798485,55.9128113103,56.3179098938,990611,,,,,,,,,,,,,,,,,,,,,,,59.616282869950105,#000000,0.0,0.0,2.28629424420034,58.57407913107428,-1.1076320659067265,0.0,0.0,0.0,0.0,0.0,0.0,0.0,0.0,50.76131414800818,-4.388852634450586,True,False,False,False,True,0.0,0,0.917382939854407,1.0340845563555052,False,False,False,False,-0.08428059734547096,-0.08336233538911175,False,False,False,False,-2529438,-2196876.3161829077,False,False,False,False,1686771.4134018505,False,False,False,False
2023-10-20 00:00:00+00:00,54.6883087737,55.7378823765,54.476552696,55.4524720108,1459495,,,,,,,,,,,,,,,,,,,,,,,59.599598686498766,#000000,0.0,0.0,2.2694043098701884,58.53092810300806,-1.6932281800098714,0.0,0.0,0.0,0.0,0.0,0.0,0.0,0.0,47.86176103384423,-4.388852634450586,False,False,False,False,False,0.0,0,0.8928779541187476,1.0579687620267306,False,False,False,False,-0.16369380751487408,-0.12352807145199292,False,False,False,False,-3988933,-2267153.048881617,False,False,False,False,1677858.6128762877,False,False,False,False
2023-10-23 00:00:00+00:00,52.2853376306,53.8965251787,52.1380290548,53.3901519493,2126821,,,,,,,,,,,,,,,,,,,,,,,59.56408288377272,"rgba(239, 83, 80, 1.0)",0.0,0.0,2.336680884129458,58.42273851994338,-2.62654645357357,0.0,0.0,0.0,0.0,0.0,0.0,0.0,0.0,42.853904979290974,-1.2325588679153512,False,True,False,True,False,0.0,0,0.87683241476793,1.0504686511876855,False,False,False,False,-0.34282825441539394,-0.23317816293369342,False,False,False,False,-6115754,-2418078.576376456,False,False,False,False,1695464.9809987864,False,False,False,False
2023-10-24 00:00:00+00:00,52.2300969147,53.1415687276,51.8102674736,52.3405783466,1413116,,,,,,,,,,,,,,,,,,,,,,,59.53938214941656,"rgba(239, 83, 80, 1.0)",0.0,0.0,2.3834685120468553,58.360142335543244,-2.571901155756799,0.0,0.0,0.0,0.0,0.0,0.0,0.0,0.0,39.454966661017586,-4.362524311435784,False,True,False,True,False,0.0,0,0.8883894189298159,1.0497430026947225,False,False,False,False,-0.34282825441539394,-0.28800320867454365,False,False,False,False,-7528870,-2618501.7694597323,False,False,False,False,1684392.4719400106,False,False,False,False
2023-10-25 00:00:00+00:00,51.6224490395,52.3312794927,51.2265572419,51.6408626114,1316164,,,,,,,,,,,,,,,,,,,,,,,59.514394696044995,"rgba(239, 83, 80, 1.0)",0.0,0.0,2.459419341355779,58.299110028465044,-2.7147306181972497,0.0,0.0,0.0,0.0,0.0,0.0,0.0,0.0,36.508030736606806,-7.048831885443526,False,True,False,True,False,0.0,0,0.9071337379480852,1.0499103661114955,False,False,False,False,-0.34282825441539394,-0.3154157315449688,False,False,False,False,-8845034,-2862679.5039907233,False,False,False,False,1669952.139707069,False,False,False,False
2023-10-26 00:00:00+00:00,51.7145168993,52.0643747669,51.0792486661,51.6040354675,1652945,,,,,,,,,,,,,,,,,,,,,,,59.48280934838659,"rgba(239, 83, 80, 1.0)",0.0,0.0,2.518197901572213,58.22914052532384,-2.5870181298922126,0.0,0.0,0.0,0.0,0.0,0.0,0.0,0.0,34.78206149604513,-8.628954484232665,False,True,False,True,False,0.0,0,0.9085675298113723,1.0397449656483364,False,False,False,False,-0.34282825441539394,-0.3291219929801814,False,False,False,False,-7192089,-3032460.2685401067,False,False,False,False,1669285.1930518898,False,False,False,False
2023-10-27 00:00:00+00:00,51.0884554521,51.981513693,50.6925636546,51.8157915452,1931218,,,,,,,,,,,,,,,,,,,,,,,59.444526168206394,"rgba(239, 83, 80, 1.0)",0.0,0.0,2.613136731863946,58.149256117702386,-2.702040264294142,0.0,0.0,0.0,0.0,0.0,0.0,0.0,0.0,32.88311949127976,-10.451396265695607,False,True,False,True,False,0.0,0,0.8995630542454683,1.037841795737839,False,False,False,False,-0.34282825441539394,-0.3359751236977877,False,False,False,False,-9123307,-3271317.0031071613,False,False,False,False,1679557.0678341687,False,False,False,False
2023-10-30 00:00:00+00:00,51.6040354675,52.5983683543,51.1114724171,51.7421372573,1452211,,,,,,,,,,,,,,,,,,,,,,,59.41777513672876,"rgba(239, 83, 80, 1.0)",0.0,0.0,2.6838175341505774,58.101249882699186,-2.4208852995870833,0.0,0.0,0.0,0.0,0.0,0.0,0.0,0.0,33.05796989598443,-10.451396265695607,False,True,False,True,False,0.0,0,0.917104311497072,1.0223694298571842,False,False,False,False,-0.294908864158529,-0.31544199392815836,False,False,False,False,-7671096,-3443857.3559264885,False,False,False,False,1670641.5357622404,False,False,False,False
2023-10-31 00:00:00+00:00,49.4404407601,51.2910047439,49.2655118263,51.134489382,3363663,,,,,,,,,,,,,,,,,,,,,,,59.34232725302698,"rgba(239, 83, 80, 1.0)",0.0,0.0,2.8209801862155217,57.95034722047359,-3.016648788232018,0.0,0.0,0.0,0.0,0.0,0.0,0.0,0.0,30.72931823560724,-12.792056086344317,False,True,False,True,False,0.0,0,0.8770849338877955,1.0423291965013601,False,False,False,False,-0.34282825441539394,-0.32913512417177615,False,False,False,False,-11034759,-3741539.773341136,False,False,False,False,1737034.5343597995,False,False,False,False
2023-11-01 00:00:00+00:00,49.8639529156,50.1401564952,48.9248607447,49.7442646977,1895963,,,,,,,,,,,,,,,,,,,,,,,59.29873042051017,"rgba(239, 83, 80, 1.0)",0.0,0.0,2.940992729785018,57.86830525702936,-2.7216498226483092,0.0,0.0,0.0,0.0,0.0,0.0,0.0,0.0,30.28938451717764,-13.423486490838094,False,True,False,True,False,0.0,0,0.8871603532992902,1.0575485816232393,False,False,False,False,-0.34282825441539394,-0.3359816892935851,False,False,False,False,-9138796,-3953196.8802689346,False,False,False,False,1743267.0232084347,False,False,False,False
2023-11-02 00:00:00+00:00,50.9963875922,51.3646590318,48.9616878887,49.2563050403,2425997,,,,,,,,,,,,,,,,,,,,,,,59.2480769233967,"rgba(239, 83, 80, 1.0)",0.0,0.0,3.0126989229020666,57.7850870590119,-2.2533614013684757,0.0,0.0,0.0,0.0,0.0,0.0,0.0,0.0,32.754320013792466,-13.423486490838094,False,True,False,True,False,0.0,0,0.8959591808768887,1.0213255481321393,False,False,False,False,-0.29533574192073403,-0.3156587156071595,False,False,False,False,-6712799,-4061416.5712387804,False,False,False,False,1770040.747788496,False,False,False,False
2023-11-03 00:00:00+00:00,51.7605508293,52.7364701441,51.4106929617,51.5027608216,2647515,,,,,,,,,,,,,,,,,,,,,,,59.20293385730735,"rgba(239, 83, 80, 0.75)",0.0,0.0,3.0621673450566087,57.728854966883105,-1.9490457133957748,0.0,0.0,0.0,0.0,0.0,0.0,0.0,0.0,36.0603097700607,-13.423486490838094,False,True,False,True,True,0.0,0,0.9225812966813826,1.0091561880722824,False,False,False,False,-0.15820609033950345,-0.23693240297333149,False,False,False,False,-4065284,-4061568.2351117693,False,False,False,False,1804451.5027771825,False,False,False,False
2023-11-06 00:00:00+00:00,49.550922192,51.1160758101,49.1504270014,51.0332147362,3160574,,,,,,,,,,,,,,,,,,,,,,,59.13485038724476,"rgba(239, 83, 80, 0.75)",0.0,0.0,3.1657205944083153,57.62180416931316,-2.549461247960082,0.0,0.0,0.0,0.0,0.0,0.0,0.0,0.0,35.37773920778458,-13.423486490838094,False,True,False,True,True,0.0,0,0.8871010468790606,1.0223016512147147,False,False,False,False,-0.29755850563727354,-0.2672454543053025,False,False,False,False,-7225858,-4185658.029813268,False,False,False,False,1857632.7771780773,False,False,False,False
2023-11-07 00:00:00+00:00,48.8604132428,49.3575796862,48.4184875153,49.0445489626,2743477,,,,,,,,,,,,,,,,,,,,,,,59.069836601206006,"rgba(239, 83, 80, 0.75)",0.0,0.0,3.2598452747355995,57.51612628956637,-2.6552527243700004,0.0,0.0,0.0,0.0,0.0,0.0,0.0,0.0,34.183373206777745,-13.423486490838094,False,True,False,True,True,0.0,0,0.8651082636457502,1.063382138252275,False,False,False,False,-0.34282825441539394,-0.3050368543603482,False,False,False,False,-9969335,-4412468.891389219,False,False,False,False,1892371.7663083486,False,False,False,False
2023-11-08 00:00:00+00:00,48.9801014607,49.7902986277,48.3724535854,49.4680611181,2182768,,,,,,,,,,,,,,,,,,,,,,,59.01954311795109,"rgba(239, 83, 80, 0.75)",0.0,0.0,3.3309465492464083,56.77948002952254,-2.3414901600828952,0.0,0.0,0.0,0.0,0.0,0.0,0.0,0.0,33.6663314260902,-13.423486490838094,False,True,False,True,True,0.0,0,0.8584226102953059,1.072941428261326,False,False,False,False,-0.3290320329162936,-0.3170344436383209,False,False,False,False,-7786567,-4544786.464275916,False,False,False,False,1903759.8539040997,False,False,False,False
2023-11-09 00:00:00+00:00,49.9836411334,50.305878643,49.3990102231,49.4220271881,2249453,,,,,,,,,,,,,,,,,,,,,,,58.97260430158527,"rgba(239, 83, 80, 0.75)",0.0,0.0,3.356344647842631,56.73828743699852,-2.0125008043915353,0.0,0.0,0.0,0.0,0.0,0.0,0.0,0.0,35.60633871316393,-13.423486490838094,False,True,False,True,True,0.0,0,0.8490910852077691,1.0628814652945706,False,False,False,False,-0.27513962345534715,-0.296087033546834,False,False,False,False,-5537114,-4583701.269598429,False,False,False,False,1917316.447868645,False,False,False,False
2023-11-10 00:00:00+00:00,49.3023389703,49.9928479194,48.4461078733,49.9007800595,1712023,,,,,,,,,,,,,,,,,,,,,,,58.93467065032351,"rgba(239, 83, 80, 0.75)",0.0,0.0,3.3934925393565063,56.68250207045689,-2.174798681465898,0.0,0.0,0.0,0.0,0.0,0.0,0.0,0.0,35.97024325558429,-13.423486490838094,False,True,False,True,True,0.0,0,0.8398395319359584,1.0689900673867667,False,False,False,False,-0.3192513739757817,-0.30766920376130785,False,False,False,False,-7249137,-4688228.160986725,False,False,False,False,1909265.7244228157,False,False,False,False
2023-11-13 00:00:00+00:00,49.9928479194,50.1861904252,48.9847048536,48.9985150326,1482332,,,,,,,,,,,,,,,,,,,,,,,58.90366040976624,"rgba(239, 83, 80, 0.75)",0.0,0.0,3.3953031037985366,56.64521781659964,-1.959286017721723,0.0,0.0,0.0,0.0,0.0,0.0,0.0,0.0,37.75277196993115,-17.47932836730952,False,True,False,True,True,0.0,0,0.8403732242791483,1.0800722051602862,False,False,False,False,-0.2936104576657385,-0.3006398307135232,False,False,False,False,-5766805,-4730525.291928423,False,False,False,False,1892523.2254258427,False,False,False,False
2023-11-14 00:00:00+00:00,51.8342051172,52.3681987045,51.4659336776,51.5580015375,1790513,,,,,,,,,,,,,,,,,,,,,,,58.875259443440335,"rgba(239, 83, 80, 0.5)",0.0,0.0,3.325910975713794,56.64231587867603,-1.4456522728916794,0.0,0.0,0.0,0.0,0.0,0.0,0.0,0.0,42.39021713459003,-12.971363177039947,False,False,False,True,True,0.0,0,0.8532539775955201,1.073716088327902,False,False,False,False,-0.12761744881340703,-0.2141286397634651,False,False,False,False,-3976292,-4700947.515774366,False,False,False,False,1888522.824428751,False,False,False,False
2023-11-15 00:00:00+00:00,53.629528385,53.8412844628,52.0643747669,52.1380290548,2433092,,,,,,,,,,,,,,,,,,,,,,,58.84408577425279,#000000,0.0,0.0,3.2715605539356534,56.24201382448077,-0.7985441187502944,0.0,0.0,0.0,0.0,0.0,0.0,0.0,0.0,48.04417265899443,-7.729554475449888,True,False,False,False,True,0.0,0,0.8743667167299146,1.0358781505918568,False,False,False,False,-0.057553466490920774,-0.13584105312719294,False,False,False,False,-1543200,-4577114.279861646,False,False,False,False,1909878.4783727215,False,False,False,False
2023-11-16 00:00:00+00:00,52.6536090702,53.5466673111,52.2577172727,53.1783958716,1645806,,,,,,,,,,,,,,,,,,,,,,,58.82186766899992,#000000,0.0,0.0,3.2156311657831513,56.234250535539026,-1.1135112457671992,0.0,0.0,0.0,0.0,0.0,0.0,0.0,0.0,50.09548270764317,-5.975018692963928,True,False,False,False,True,0.0,0,0.8838296269170207,1.0289495034395202,False,False,False,False,-0.06096020588887056,-0.09840062950803175,False,False,False,False,-3189006,-4522678.661043542,False,False,False,False,1899522.6949071246,False,False,False,False
2023-11-17 00:00:00+00:00,52.0551679809,53.3717383773,51.6868965414,53.1323619416,1450640,,,,,,,,,,,,,,,,,,,,,,,58.800968000242506,#000000,0.0,0.0,3.214810267115168,56.217141269205925,-1.2946248588538627,0.0,0.0,0.0,0.0,0.0,0.0,0.0,0.0,50.463371520894356,-5.675255482302077,True,False,False,False,True,0.0,0,0.8744865552604122,1.0247296715381493,False,False,False,False,-0.08609498445467154,-0.09224780698135164,False,False,False,False,-4639646,-4527265.615512423,False,False,False,False,1881919.4519695905,False,False,False,False
2023-11-20 00:00:00+00:00,52.2485104867,52.4786801364,51.0976622381,52.027547623,1129069,,,,,,,,,,,,,,,,,,,,,,,58.78371401938237,#000000,0.0,0.0,3.1944681402738215,56.19801395238342,-1.2363571312202473,0.0,0.0,0.0,0.0,0.0,0.0,0.0,0.0,51.022344156606394,-5.0396559290531755,True,False,False,False,True,0.0,0,0.8635700999015087,1.0425725306457678,False,False,False,False,-0.1364102908970904,-0.11432904893922102,False,False,False,False,-3510577,-4487395.473727622,False,False,False,False,1852395.9048335282,False,False,False,False
2023-11-21 00:00:00+00:00,51.8157915452,52.2669240587,51.4843472496,52.1012019109,1208433,,,,,,,,,,,,,,,,,,,,,,,58.76511241892017,#000000,0.0,0.0,3.159625245733402,56.17821728945411,-1.3806782149702435,0.0,0.0,0.0,0.0,0.0,0.0,0.0,0.0,50.607212082304954,-5.0396559290531755,True,False,False,False,True,0.0,0,0.8705042141373219,1.0442820443014393,False,False,False,False,-0.1304415154593063,-0.12238528219926366,False,False,False,False,-4719010,-4496478.396326539,False,False,False,False,1827142.4575851548,False,False,False,False
2023-11-22 00:00:00+00:00,51.1068690241,51.7145168993,50.6833568686,51.6500693974,1743900,,,,,,,,,,,,,,,,,,,,,,,58.73579034649184,#000000,0.0,0.0,3.1321390284017783,56.13694976057502,-1.60595704432753,0.0,0.0,0.0,0.0,0.0,0.0,0.0,0.0,49.07747465629617,-5.0396559290531755,True,False,False,False,True,0.0,0,0.8654459557526544,1.0432429210712921,False,False,False,False,-0.1768959383154527,-0.14964061025735817,False,False,False,False,-6462910,-4573593.361176479,False,False,False,False,1823878.0474837762,False,False,False,False
2023-11-24 00:00:00+00:00,51.5487947515,52.1656494128,50.9227333043,50.9227333043,723475,,,,,,,,,,,,,,,,,,,,,,,58.72429558037086,#000000,0.0,0.0,3.0525348304116,56.12458664626517,-1.4990138193273885,0.0,0.0,0.0,0.0,0.0,0.0,0.0,0.0,48.94354649753613,-5.0396559290531755,True,False,False,False,True,0.0,0,0.8565463882841919,1.0513937774309488,False,False,False,False,-0.15311259877230532,-0.15137660451483176,False,False,False,False,-5739435,-4619312.641130342,False,False,False,False,1780724.9867981381,False,False,False,False
2023-11-27 00:00:00+00:00,50.7385975845,51.0608350941,50.1769836392,50.8951129463,1129636,,,,,,,,,,,,,,,,,,,,,,,58.704212497997865,#000000,0.0,0.0,3.0048372911918055,56.09440856362787,-1.782396336343258,0.0,0.0,0.0,0.0,0.0,0.0,0.0,0.0,47.38881593284384,-5.0396559290531755,True,False,False,False,False,0.0,0,0.8409000446491445,1.0624512357307216,False,False,False,False,-0.2069995197226639,-0.17918806211874783,False,False,False,False,-6869071,-4707538.45912523,False,False,False,False,1755192.085355074,False,False,False,False
2023-11-28 00:00:00+00:00,51.0148011642,51.4014861757,50.1217429233,50.6741500826,1219350,,,,,,,,,,,,,,,,,,,,,,,58.68314820128778,#000000,0.0,0.0,2.9554627044335855,56.066380615962906,-1.7092347144779958,0.0,0.0,0.0,0.0,0.0,0.0,0.0,0.0,46.96079876931367,-5.0396559290531755,True,False,False,False,False,0.0,0,0.8537490191581731,1.052859758257589,False,False,False,False,-0.19590562236236703,-0.18754684224055743,False,False,False,False,-5649721,-4744486.794061496,False,False,False,False,1734178.6702431103,False,False,False,False
2023-11-29 00:00:00+00:00,51.1068690241,51.3830726037,50.7112534301,51.0055943782,1011075,,,,,,,,,,,,,,,,,,,,,,,58.666257557999245,#000000,0.0,0.0,2.9532374812722284,56.046590251562215,-1.6726461243930262,0.0,0.0,0.0,0.0,0.0,0.0,0.0,0.0,46.88868928657257,-5.0396559290531755,True,False,False,False,False,0.0,0,0.862314176560446,1.037767164998694,False,False,False,False,-0.17437005970713176,-0.1809584509738446,False,False,False,False,-4638646,-4740336.174686535,False,False,False,False,1705821.66356691,False,False,False,False
2023-11-30 00:00:00+00:00,49.2286846824,50.9319400903,49.1642371804,50.6281161527,2894214,,,,,,,,,,,,,,,,,,,,,,,58.610168406104385,"rgba(239, 83, 80, 0.5)",0.0,0.0,3.012256738805872,55.9575570371053,-2.2338309573747632,0.0,0.0,0.0,0.0,0.0,0.0,0.0,0.0,43.56337794624963,-1.8190809956992098,False,False,False,True,False,0.0,0,0.8366856031733519,1.0535565173720767,False,False,False,False,-0.24768226212196848,-0.21432035654790654,False,False,False,False,-7532860,-4849846.912934123,False,False,False,False,1752425.284603502,False,False,False,False
2023-12-01 00:00:00+00:00,51.2357640279,51.2840996544,49.3483729002,49.4128204021,1735293,,,,,,,,,,,,,,,,,,,,,,,58.58007143747789,"rgba(239, 83, 80, 0.5)",0.0,0.0,3.0303775190651563,55.922119127928546,-1.5464591690457918,0.0,0.0,0.0,0.0,0.0,0.0,0.0,0.0,45.515086807205066,-1.8190809956992098,True,False,False,True,False,0.0,0,0.8515430878700266,1.0304549338914863,False,False,False,False,-0.22635654922276932,-0.22033845288533793,False,False,False,False,-5797567,-4887012.406544549,False,False,False,False,1751753.4303053254,False,False,False,False
2023-12-04 00:00:00+00:00,49.9652275615,51.0516283081,49.7337689617,50.6281161527,1094166,,,,,,,,,,,,,,,,,,,,,,,58.56032750155959,"rgba(239, 83, 80, 0.5)",0.0,0.0,3.0680061523154283,55.896938194928886,-1.9334089760387916,0.0,0.0,0.0,0.0,0.0,0.0,0.0,0.0,44.81821971037897,-1.8190809956992098,True,False,False,True,False,0.0,1,0.8535203808229068,1.0333616802365626,False,False,False,False,-0.2203132232021819,-0.22032583804375994,False,False,False,False,-6891733,-4965628.9004055485,False,False,False,False,1725965.6879404106,False,False,False,False
2023-12-05 00:00:00+00:00,49.1274100365,49.9099868455,48.9985150326,49.7166443398,1443592,,,,,,,,,,,,,,,,,,,,,,,58.531600020012256,"rgba(239, 83, 80, 0.5)",0.0,0.0,3.1190852866607255,55.85370787613906,-2.1564969282517423,0.0,0.0,0.0,0.0,0.0,0.0,0.0,0.0,43.183129135551,-2.3328575397719504,False,False,False,True,False,0.0,0,0.8456669231139614,1.0412107418639212,False,False,False,False,-0.2957387753691405,-0.2580323067064502,False,False,False,False,-8335325,-5097773.845487684,False,False,False,False,1714892.209981963,False,False,False,False
2023-12-06 00:00:00+00:00,49.1550303944,50.0849157793,49.0537557486,49.4128204021,1349572,,,,,,,,,,,,,,,,,,,,,,,58.50515476967507,"rgba(239, 83, 80, 0.5)",0.0,0.0,3.1641109386989887,55.81587997649116,-2.1051251713790893,0.0,0.0,0.0,0.0,0.0,0.0,0.0,0.0,42.15163172657969,-3.4333063141711904,False,False,False,True,False,0.0,0,0.8462588942879008,1.0405385866952153,False,False,False,False,-0.2863276725045123,-0.2721799896054813,False,False,False,False,-6985753,-5171812.243703853,False,False,False,False,1700565.9272375724,False,False,False,False
2023-12-07 00:00:00+00:00,49.9744343474,50.5452550788,49.2563050403,49.6982307678,2357545,,,,,,,,,,,,,,,,,,,,,,,58.461820444704784,"rgba(239, 83, 80, 0.5)",0.0,0.0,3.198533065411589,55.76198143255974,-1.8094379413317085,0.0,0.0,0.0,0.0,0.0,0.0,0.0,0.0,43.203502956169054,-3.4333063141711904,False,False,False,True,False,0.0,0,0.843607642461189,1.0379878818989434,False,False,False,False,-0.2594911411307452,-0.26583556536811326,False,False,False,False,-4628208,-5150494.430225272,False,False,False,False,1726329.8124439423,False,False,False,False
2023-12-08 00:00:00+00:00,50.1033293513,50.6557365106,49.6061629079,49.9099868455,899804,,,,,,,,,,,,,,,,,,,,,,,58.44577412942307,"rgba(239, 83, 80, 0.5)",0.0,0.0,3.228973612474393,55.74344855660396,-1.746721987294868,0.0,0.0,0.0,0.0,0.0,0.0,0.0,0.0,44.175450187305564,-3.4333063141711904,True,False,False,True,False,0.0,0,0.8470751765377487,1.0475241434751765,False,False,False,False,-0.24106959546097526,-0.25345258041454427,False,False,False,False,-3728404,-5094726.178059575,False,False,False,False,1693917.0354853563,False,False,False,False
2023-12-11 00:00:00+00:00,50.2506379271,50.5176347208,49.560128978,49.8731597016,1615537,,,,,,,,,,,,,,,,,,,,,,,58.41707621925408,"rgba(239, 83, 80, 0.5)",0.0,0.0,3.2528715354984743,55.710754472789894,-1.6785527759408356,0.0,0.0,0.0,0.0,0.0,0.0,0.0,0.0,45.15252684860121,-3.4333063141711904,True,False,False,True,True,0.0,0,0.84147308837616,1.0515365481038115,False,False,False,False,-0.23837268219439048,-0.2459126313044674,False,False,False,False,-2112867,-4977790.524018023,False,False,False,False,1690843.3086035775,False,False,False,False
2023-12-12 00:00:00+00:00,48.4369010873,49.8455393436,48.3540400134,49.7995054137,2245637,,,,,,,,,,,,,,,,,,,,,,,58.37165124695863,"rgba(239, 83, 80, 0.5)",0.0,0.0,3.3079933772964734,55.647013160563816,-2.1796029347423995,0.0,0.0,0.0,0.0,0.0,0.0,0.0,0.0,42.68175929233934,-3.4333063141711904,False,False,False,True,False,0.0,0,0.8459593042566479,1.0340401058804738,False,False,False,False,-0.3231232992574054,-0.2845179652809364,False,False,False,False,-4358504,-4953504.777978101,False,False,False,False,1712599.9239524568,False,False,False,False
2023-12-13 00:00:00+00:00,50.8766993744,50.9319400903,48.1422839357,48.3172128695,1957010,,,,,,,,,,,,,,,,,,,,,,,58.33698237510776,"rgba(239, 83, 80, 0.5)",0.0,0.0,3.3054314327943435,55.081495323730564,-1.272086877257024,0.0,0.0,0.0,0.0,0.0,0.0,0.0,0.0,45.75243959602602,-3.4333063141711904,True,False,False,True,True,0.0,1,0.8769205899021283,0.9953462511600655,False,False,False,False,-0.28316558592512175,-0.2838417756030291,False,False,False,False,-2401494,-4853425.923939744,False,False,False,False,1722184.6328170663,False,False,False,False
2023-12-14 00:00:00+00:00,51.0608350941,52.9666397938,50.9412389441,51.3278318878,2732432,,,,,,,,,,,,,,,,,,,,,,,58.29865024870487,#000000,0.0,0.0,3.276368114340337,55.11085446190093,-1.2361307479688857,0.0,0.0,0.0,0.0,0.0,0.0,0.0,0.0,48.09658635497098,-6.391070473643403,True,False,False,False,True,0.0,1,0.9151606267984569,0.9528682234247421,False,False,False,False,-0.0742768108483502,-0.17905929322568964,False,False,False,False,330938,-4650117.534765637,False,False,False,False,1761802.1766281617,False,False,False,False
2023-12-15 00:00:00+00:00,50.5360482928,51.2771945649,50.2874650711,50.9503536623,2403409,,,,,,,,,,,,,,,,,,,,,,,58.260495108386046,#000000,0.0,0.0,3.2507115880046404,55.074512196836544,-1.396144745902345,0.0,0.0,0.0,0.0,0.0,0.0,0.0,0.0,48.69368507216595,-5.845927290055037,True,False,False,False,True,0.0,1,0.8981655451686037,0.98598245409552,False,False,False,False,-0.17363933794367117,-0.17634931558468042,False,False,False,False,-2072471,-4549033.35693169,False,False,False,False,1786963.2285250966,False,False,False,False
2023-12-18 00:00:00+00:00,50.5820822227,51.9170661911,50.4900143628,51.16210974,1690603,,,,,,,,,,,,,,,,,,,,,,,58.23492721215258,#000000,0.0,0.0,3.230389444781234,55.056720723633894,-1.3851699856693038,0.0,0.0,0.0,0.0,0.0,0.0,0.0,0.0,49.17974508520625,-5.310352166377655,True,False,False,False,True,0.0,1,0.9067569293672807,0.9750634089368828,False,False,False,False,-0.13762607010332642,-0.15698769284400343,False,False,False,False,-381868,-4385615.1076402515,False,False,False,False,1783184.3960339164,False,False,False,False
2023-12-19 00:00:00+00:00,52.4510597784,52.5339208523,50.9595604483,50.9595604483,1616104,,,,,,,,,,,,,,,,,,,,,,,58.213957196639136,"rgba(38, 166, 154, 1.0)",0.0,0.0,3.167600579001283,55.056790861102215,-0.8226198403852351,0.0,0.0,0.0,0.0,0.0,0.0,0.0,0.0,52.66839329285721,-1.953314225544517,True,False,True,False,True,0.0,1,0.8898167093211039,0.9883966798792996,False,False,False,False,-0.09168797011932783,-0.12433783148166563,False,False,False,False,1234236,-4165228.789693575,False,False,False,False,1776632.2236404296,False,False,False,False
2023-12-20 00:00:00+00:00,51.0792486661,52.6075751403,51.0516283081,52.0459611949,1384539,,,,,,,,,,,,,,,,,,,,,,,58.19495175149204,"rgba(38, 166, 154, 1.0)",0.0,0.0,3.1199484097068533,55.049165431002585,-1.2724302596002202,0.0,0.0,0.0,0.0,0.0,0.0,0.0,0.0,52.34435754905066,-1.953314225544517,True,False,True,False,True,0.0,1,0.8669243740461169,0.9992707084095277,False,False,False,False,-0.08471898771319991,-0.10452840959743277,False,False,False,False,-150303,-4007780.719509513,False,False,False,False,1761256.0187917855,False,False,False,False
2023-12-21 00:00:00+00:00,52.1840629848,52.4050258485,51.0124994677,51.3738658178,1198428,,,,,,,,,,,,,,,,,,,,,,,58.17930037554797,"rgba(38, 166, 154, 1.0)",0.0,0.0,3.0770663273510657,55.04536482018625,-0.9298798046545329,0.0,0.0,0.0,0.0,0.0,0.0,0.0,0.0,53.82866303884677,-0.771719560761241,True,False,True,False,True,0.0,1,0.8676391957736558,1.0041517633691668,False,False,False,False,-0.09488501697767365,-0.0997067132875532,False,False,False,False,1048125,-3809509.9069797285,False,False,False,False,1739184.3317803429,False,False,False,False
2023-12-22 00:00:00+00:00,52.5431276383,53.1507755136,52.4510597784,52.5431276383,863225,,,,,,,,,,,,,,,,,,,,,,,58.169582364845795,"rgba(38, 166, 154, 1.0)",0.0,0.0,3.045371020598564,55.04909543224967,-0.8228776648229638,0.0,0.0,0.0,0.0,0.0,0.0,0.0,0.0,55.342096871837754,0.7512603803499616,True,False,True,False,True,0.0,0,0.89555948738978,0.9769017164895832,False,False,False,False,-0.0034575266376365155,-0.05158211996259486,False,False,False,False,1911350,-3585162.4596471903,False,False,False,False,1704832.9854360158,False,False,False,False
2023-12-26 00:00:00+00:00,52.819331218,53.2152230155,52.5339208523,52.800917646,748983,,,,,,,,,,,,,,,,,,,,,,,58.16139593369402,"rgba(38, 166, 154, 1.0)",0.0,0.0,3.0045256827691844,55.0527498844056,-0.7433514977802155,0.0,0.0,0.0,0.0,0.0,0.0,0.0,0.0,56.765466454308154,2.1901683085726447,True,False,True,False,True,0.0,0,0.8911511868115582,0.9774895790802595,False,False,False,False,0.002689175732328141,-0.024446472115133358,False,False,False,False,2660333,-3340241.069072791,False,False,False,False,1667348.6722816622,False,False,False,False
2023-12-27 00:00:00+00:00,52.9298126499,53.2796705174,52.5155072804,52.5891615683,1062350,,,,,,,,,,,,,,,,,,,,,,,58.149941315886515,"rgba(38, 166, 154, 1.0)",0.0,0.0,2.9633824863326144,55.05760136888803,-0.7180270278310616,0.0,0.0,0.0,0.0,0.0,0.0,0.0,0.0,57.88898194374377,3.357939640264803,True,False,True,False,True,0.0,0,0.8856304583479933,0.9830577946094085,False,False,False,False,0.004610040069885837,-0.009918216022623761,False,False,False,False,3722683,-3063263.654599348,False,False,False,False,1643623.2341529697,False,False,False,False
2023-12-28 00:00:00+00:00,52.5431276383,53.119299183,52.4594898335,52.9706097521,1007574,,,,,,,,,,,,,,,,,,,,,,,58.138708487694345,"rgba(38, 166, 154, 1.0)",0.0,0.0,2.9173179332571664,55.059671249073766,-0.8626223361140696,0.0,0.0,0.0,0.0,0.0,0.0,0.0,0.0,57.68468216947455,3.357939640264803,True,False,True,False,True,0.0,0,0.8765385581171693,0.9953884620738483,False,False,False,False,0.005340513330715439,-0.002288851345954161,False,False,False,False,2715109,-2836660.805399374,False,False,False,False,1618680.1269312848,False,False,False,False
2023-12-29 00:00:00+00:00,52.3479727603,52.5802999961,51.9111975571,52.2736280449,1139521,,,,,,,,,,,,,,,,,,,,,,,58.12506492834404,"rgba(38, 166, 154, 1.0)",0.0,0.0,2.869980264676948,55.05727972816429,-0.9440158879173521,0.0,0.0,0.0,0.0,0.0,0.0,0.0,0.0,57.05738205198429,3.357939640264803,True,False,True,False,True,0.0,0,0.8716740163025314,1.0002509534666204,False,False,False,False,-0.0368351400553678,-0.019561995700660983,False,False,False,False,1575588,-2663631.4404817517,False,False,False,False,1599889.5729339796,False,False,False,False
2024-01-02 00:00:00+00:00,52.9984890204,53.6304191017,51.9483699148,52.3479727603,1589524,,,,,,,,,,,,,,,,,,,,,,,58.10801480233578,"rgba(38, 166, 154, 1.0)",0.0,0.0,2.785808411279479,54.694485651620326,-0.608798733018894,0.0,0.0,0.0,0.0,0.0,0.0,0.0,0.0,57.90893752734307,3.846211949503264,True,False,True,False,True,0.0,0,0.8754077609019124,0.9847242637774459,False,False,False,False,0.08422367197736906,0.03233083813835404,False,False,False,True,3165112,-2435053.2663452127,False,False,False,False,1599483.0798777451,False,False,False,False
2024-01-03 00:00:00+00:00,52.794041053,53.1285922724,52.2085764188,52.4409036546,1462302,,,,,,,,,,,,,,,,,,,,,,,58.0919849710694,"rgba(38, 166, 154, 1.0)",0.0,0.0,2.706553135335691,54.692300941012846,-0.701356963301371,0.0,0.0,0.0,0.0,0.0,0.0,0.0,0.0,57.90169765018902,4.063799946699348,True,False,True,False,True,0.0,0,0.8971131588266901,0.9785429884059357,False,False,False,False,0.2814715400823187,0.15690118911033638,False,False,False,False,1702810,-2272784.1186454007,False,False,False,False,1594103.429686461,False,False,False,False
2024-01-04 00:00:00+00:00,51.8461459311,52.9799028416,51.6695772319,52.8312134107,1285575,,,,,,,,,,,,,,,,,,,,,,,58.07655113834029,"rgba(38, 166, 154, 0.75)",0.0,0.0,2.6576650552702543,54.67848426776992,-1.065724339887482,0.0,0.0,0.0,0.0,0.0,0.0,0.0,0.0,55.41564231812934,4.063799946699348,True,False,True,False,False,0.0,0,0.9154503683415318,0.9654971476465771,False,False,False,False,0.232096948935578,0.1944990690229572,False,False,False,False,417235,-2167293.1728161694,False,False,False,False,1582004.2755811098,False,False,False,False
2024-01-05 00:00:00+00:00,52.2085764188,52.6149632196,51.3629052807,52.0413008091,1429392,,,,,,,,,,,,,,,,,,,,,,,58.05918728720376,"rgba(38, 166, 154, 0.75)",0.0,0.0,2.599899245401393,54.665388900709424,-0.9449644967030718,0.0,0.0,0.0,0.0,0.0,0.0,0.0,0.0,54.60582476971463,4.063799946699348,True,False,True,False,False,0.0,0,0.9156529952273316,0.9599666466087485,False,False,False,False,0.17526533429243332,0.18488220165769526,False,False,False,False,1846627,-2009884.5385880843,False,False,False,False,1576019.4804602822,False,False,False,False
2024-01-08 00:00:00+00:00,51.7996804839,51.8275597522,50.9540093458,51.6974565002,1020528,,,,,,,,,,,,,,,,,,,,,,,58.045750793443425,#000000,0.0,0.0,2.5386316876515,54.649773700766005,-1.1226887424156602,0.0,0.0,0.0,0.0,0.0,0.0,0.0,0.0,53.0086399645639,6.692056800523581,True,False,False,False,False,0.0,0,0.912933081778143,0.9543753859307338,False,False,False,False,0.0765200906003886,0.13070114612904193,False,False,False,False,826099,-1898669.49785914,False,False,False,False,1554235.500834389,False,False,False,False
2024-01-09 00:00:00+00:00,49.4857012158,51.2978536547,49.4578219475,51.2142158498,3112474,,,,,,,,,,,,,,,,,,,,,,,57.99609164141391,"rgba(239, 83, 80, 0.5)",0.0,0.0,2.5119243684997064,54.5585622613148,-2.0195118567780206,0.0,0.0,0.0,0.0,0.0,0.0,0.0,0.0,47.43597229864979,1.4656658612730382,True,False,False,True,False,0.0,1,0.8890426927554486,0.9519330232234402,False,False,False,False,-0.0883298449284746,0.02118565060028367,False,False,False,False,-2286375,-1913873.6351979973,False,False,False,False,1615342.8929585307,False,False,False,False
2024-01-10 00:00:00+00:00,49.5228735735,49.9735884109,48.4355821102,49.4857012158,2807899,,,,,,,,,,,,,,,,,,,,,,,57.94751495264331,"rgba(239, 83, 80, 0.5)",0.0,0.0,2.4860961789531166,54.47171829687121,-1.9906087162947752,0.0,0.0,0.0,0.0,0.0,0.0,0.0,0.0,43.82225084571535,-1.7183781204733606,False,False,False,True,False,0.0,0,0.8806888207151357,0.9691565646381581,False,False,False,False,-0.28616533353373,-0.13248984146672318,False,False,False,False,521524,-1818367.8455823897,False,False,False,False,1662109.7991170199,False,False,False,False
2024-01-11 00:00:00+00:00,49.1418569069,49.662269915,48.6679093459,49.532166663,1712942,,,,,,,,,,,,,,,,,,,,,,,57.917625583923055,"rgba(239, 83, 80, 1.0)",0.0,0.0,2.4537692154032937,54.422799266787095,-2.152175651539068,0.0,0.0,0.0,0.0,0.0,0.0,0.0,0.0,40.790002317563825,-4.32342355611533,False,True,False,True,False,0.0,0,0.8775738237783697,0.9821007485173181,False,False,False,False,-0.29313148409910683,-0.212810662782915,False,False,False,False,-1191418,-1793781.5771281784,False,False,False,False,1664103.2187594897,False,False,False,False
2024-01-12 00:00:00+00:00,47.6084971509,49.3741841426,47.13454959,48.8444780451,3187644,,,,,,,,,,,,,,,,,,,,,,,57.855510031133,"rgba(239, 83, 80, 1.0)",0.0,0.0,2.4495806209133635,54.30936602565961,-2.73551677276949,0.0,0.0,0.0,0.0,0.0,0.0,0.0,0.0,36.63376472341017,-7.972377373355684,False,True,False,True,False,0.0,0,0.8860765067739285,0.9722885225125371,False,False,False,False,-0.34282825441539394,-0.27781945859915447,False,False,False,False,-4379062,-1895165.123123152,False,False,False,False,1723849.9160630393,False,False,False,False
2024-01-16 00:00:00+00:00,45.9450341429,46.790705281,45.6476552811,46.4375678827,3549739,,,,,,,,,,,,,,,,,,,,,,,57.77396139686041,"rgba(239, 83, 80, 1.0)",0.0,0.0,2.4812126496658746,54.14314812415173,-3.3040755222474405,0.0,0.0,0.0,0.0,0.0,0.0,0.0,0.0,32.16006426893089,-11.870818442195059,False,True,False,True,False,0.0,0,0.8697339044712546,0.9810056687881485,False,False,False,False,-0.34282825441539394,-0.31032385650727423,False,False,False,False,-7928801,-2131778.294765381,False,False,False,False,1795453.4095507632,False,False,False,False
2024-01-17 00:00:00+00:00,45.4617934925,45.5640174763,44.8763288584,45.3316902405,3138014,,,,,,,,,,,,,,,,,,,,,,,57.69775700611243,"rgba(239, 83, 80, 1.0)",0.0,0.0,2.492936934176825,53.29361324561323,-3.141603642572418,0.0,0.0,0.0,0.0,0.0,0.0,0.0,0.0,28.75590138114494,-14.757624218439858,False,True,False,True,False,0.0,0,0.8530266367340473,1.0095775552351824,False,False,False,False,-0.34282825441539394,-0.32657605546133406,False,False,False,False,-11066815,-2482171.8910490917,False,False,False,False,1848102.844470341,False,False,False,False
2024-01-18 00:00:00+00:00,46.4561540616,46.5026195087,45.3688625982,45.8056378014,2651748,,,,,,,,,,,,,,,,,,,,,,,57.63823598850234,"rgba(239, 83, 80, 1.0)",0.0,0.0,2.4966699696227206,53.21343052177402,-2.7065156958631307,0.0,0.0,0.0,0.0,0.0,0.0,0.0,0.0,29.343494686345792,-14.757624218439858,False,True,False,True,False,0.0,0,0.8300384283137286,1.0203052428682116,False,False,False,False,-0.27570426413140786,-0.301140159796371,False,False,False,False,-8415067,-2714834.444341284,False,False,False,False,1879618.3407656217,False,False,False,False
2024-01-19 00:00:00+00:00,47.8129451184,47.8594105655,46.1308959315,46.6698951185,2481023,,,,,,,,,,,,,,,,,,,,,,,57.58863880045082,"rgba(239, 83, 80, 0.75)",0.0,0.0,2.501659909210312,53.17052440116015,-2.1416097619965266,0.0,0.0,0.0,0.0,0.0,0.0,0.0,0.0,33.01240033499472,-14.757624218439858,False,True,False,True,True,0.0,0,0.871814989081299,0.9872742794617692,False,False,False,False,-0.18043431016218017,-0.24078723497927557,False,False,False,False,-5934044,-2841077.9563279008,False,False,False,False,1903202.8372061856,False,False,False,False
2024-01-22 00:00:00+00:00,47.4412215412,47.6642556875,46.9951532485,47.6642556875,1906159,,,,,,,,,,,,,,,,,,,,,,,57.55121747045267,"rgba(239, 83, 80, 0.75)",0.0,0.0,2.5427510829659483,53.13398775545128,-2.238821665395202,0.0,0.0,0.0,0.0,0.0,0.0,0.0,0.0,34.90823747597803,-14.757624218439858,False,True,False,True,True,0.0,0,0.8947564320714527,0.9654483641518277,False,False,False,False,-0.15108586596500523,-0.1959365504721404,False,False,False,False,-7840203,-3037122.075687591,False,False,False,False,1903318.7651588842,False,False,False,False
2024-01-23 00:00:00+00:00,47.8408243867,48.4727544679,47.5992040615,47.8129451184,2343688,,,,,,,,,,,,,,,,,,,,,,,57.5082873319646,"rgba(239, 83, 80, 0.75)",0.0,0.0,2.565578385216356,53.101303053711646,-2.0504065271691276,0.0,0.0,0.0,0.0,0.0,0.0,0.0,0.0,37.114769479310475,-20.127923207258206,False,True,False,True,True,0.0,0,0.9012633754973427,0.9575625497400876,False,False,False,False,-0.0899059392880613,-0.14292124488010086,False,False,False,False,-5496515,-3133568.857033176,False,False,False,False,1920588.1469173594,False,False,False,False
2024-01-24 00:00:00+00:00,47.5434455249,48.2775995899,47.1856615818,48.2775995899,1992461,,,,,,,,,,,,,,,,,,,,,,,57.470945956597376,"rgba(239, 83, 80, 0.75)",0.0,0.0,2.5855777751619655,53.0651274209907,-2.1355698324506247,0.0,0.0,0.0,0.0,0.0,0.0,0.0,0.0,38.08205849003204,-19.105341797707318,False,True,False,True,True,0.0,0,0.88616067657792,0.9737563047661387,False,False,False,False,-0.11616100345308136,-0.1295411241665911,False,False,False,False,-7488976,-3304369.137149522,False,False,False,False,1923406.6901755023,False,False,False,False
2024-01-25 00:00:00+00:00,46.9486878014,47.8872898338,46.5769642241,47.8036520289,2233458,,,,,,,,,,,,,,,,,,,,,,,57.42717302135031,"rgba(239, 83, 80, 0.75)",0.0,0.0,2.6142817516297914,53.013338561391016,-2.3198152824232516,0.0,0.0,0.0,0.0,0.0,0.0,0.0,0.0,37.73819001954186,-19.105341797707318,False,True,False,True,True,0.0,0,0.890765195710232,0.974787735858918,False,False,False,False,-0.15961699436731747,-0.1445790592669543,False,False,False,False,-9722434,-3556057.955300521,False,False,False,False,1935565.565070581,False,False,False,False
2024-01-26 00:00:00+00:00,47.264652842,47.4319284517,46.7443327648,47.13454959,1566285,,,,,,,,,,,,,,,,,,,,,,,57.39672401870522,"rgba(239, 83, 80, 0.75)",0.0,0.0,2.588529685749845,52.977935222990936,-2.207153509748495,0.0,0.0,0.0,0.0,0.0,0.0,0.0,0.0,38.38011757446178,-18.312140332685466,False,True,False,True,True,0.0,0,0.8845167291108149,0.9840829871132615,False,False,False,False,-0.17224909307115094,-0.15841407616905262,False,False,False,False,-8156149,-3736453.682543638,False,False,False,False,1921083.9742834994,False,False,False,False
2024-01-29 00:00:00+00:00,47.5620317038,47.6410229639,46.1773613787,47.0416186957,1453659,,,,,,,,,,,,,,,,,,,,,,,57.36857015598412,"rgba(239, 83, 80, 0.75)",0.0,0.0,2.5262292193415585,52.94540838955154,-2.1309929615787873,0.0,0.0,0.0,0.0,0.0,0.0,0.0,0.0,39.63691770973251,-16.775739586762022,False,True,False,True,True,0.0,0,0.8596157223096199,0.9970047486408061,False,False,False,False,-0.18802316701659194,-0.17321862159282228,False,False,False,False,-6702490,-3852768.832247809,False,False,False,False,1902753.5831351269,False,False,False,False
2024-01-30 00:00:00+00:00,47.5062731672,48.0545654436,47.0880841428,47.2181873948,1569814,,,,,,,,,,,,,,,,,,,,,,,57.33958758111059,"rgba(239, 83, 80, 0.75)",0.0,0.0,2.490657598792347,52.916317480267004,-2.172134907540157,0.0,0.0,0.0,0.0,0.0,0.0,0.0,0.0,40.356366002467375,-15.7439488583436,False,True,False,True,True,0.0,0,0.8655812893475827,1.0163687754268016,False,False,False,False,-0.1287070377082908,-0.15096282965055655,False,False,False,False,-8272304,-4026083.936865542,False,False,False,False,1889697.1288945337,False,False,False,False
2024-01-31 00:00:00+00:00,46.3446369884,47.8129451184,46.1959475575,47.5620317038,1638744,,,,,,,,,,,,,,,,,,,,,,,57.307163994939465,"rgba(239, 83, 80, 0.75)",0.0,0.0,2.493908789421286,52.87641183292753,-2.6190913124947275,0.0,0.0,0.0,0.0,0.0,0.0,0.0,0.0,38.580716170629174,-15.7439488583436,False,True,False,True,True,0.0,0,0.8510409877325418,1.0167564153692334,False,False,False,False,-0.17848385865904434,-0.16472334415480044,False,False,False,False,-9911048,-4256866.841302188,False,False,False,False,1879855.8297221991,False,False,False,False
2024-02-01 00:00:00+00:00,48.3147719476,48.6307369882,46.6513089396,46.7999983705,2530510,,,,,,,,,,,,,,,,,,,,,,,57.262589643842446,"rgba(239, 83, 80, 0.5)",0.0,0.0,2.443572037460331,52.316859014286024,-1.6378019576805676,0.0,0.0,0.0,0.0,0.0,0.0,0.0,0.0,42.420335898152935,-13.433182681902075,False,False,False,True,True,0.0,0,0.8630648338103571,0.997296072226218,False,False,False,False,-0.12249725364106144,-0.14361029889793095,False,False,False,False,-7380538,-4379363.749486417,False,False,False,False,1905371.679537015,False,False,False,False
2024-02-02 00:00:00+00:00,47.3854630046,47.8965829232,46.8557569071,47.6735487769,1495738,,,,,,,,,,,,,,,,,,,,,,,57.235086550148075,"rgba(239, 83, 80, 0.5)",0.0,0.0,2.3750614238075225,52.280864985819065,-2.0611685795355643,0.0,0.0,0.0,0.0,0.0,0.0,0.0,0.0,43.18611025304995,-12.562785229166451,False,False,False,True,True,0.0,0,0.8687972194146136,0.9887327988548356,False,False,False,False,-0.14567853280917076,-0.14464441585355087,False,False,False,False,-8876276,-4555713.249506557,False,False,False,False,1889307.6136728183,False,False,False,False
2024-02-05 00:00:00+00:00,46.5769642241,47.1159634111,46.2795853624,46.7721191022,1373669,,,,,,,,,,,,,,,,,,,,,,,57.20812262683123,"rgba(239, 83, 80, 0.5)",0.0,0.0,2.279905947160961,52.23640223101091,-2.4823120506169527,0.0,0.0,0.0,0.0,0.0,0.0,0.0,0.0,42.307077503154225,-12.562785229166451,False,False,False,True,True,0.0,0,0.8512180740436026,0.9932091624467921,False,False,False,False,-0.2058343871809486,-0.17523940151724973,False,False,False,False,-10249945,-4779016.455408261,False,False,False,False,1869086.491568002,False,False,False,False
2024-02-06 00:00:00+00:00,46.8464638176,47.1159634111,46.0751373949,46.4189817038,2100000,,,,,,,,,,,,,,,,,,,,,,,57.167250322663826,"rgba(239, 83, 80, 0.5)",0.0,0.0,2.2022595389367785,52.17952444199786,-2.4216312973595278,0.0,0.0,0.0,0.0,0.0,0.0,0.0,0.0,42.37603661340603,-12.562785229166451,False,False,False,True,True,0.0,1,0.8613393798250412,0.9865262756611104,False,False,False,False,-0.21501716757890296,-0.19512828454807635,False,False,False,False,-8149945,-4911209.7316667605,False,False,False,False,1878141.9232712176,False,False,False,False
2024-02-07 00:00:00+00:00,46.1680682892,47.3854630046,45.9078617852,47.13454959,2292526,,,,,,,,,,,,,,,,,,,,,,,57.122181188089776,"rgba(239, 83, 80, 0.75)",0.0,0.0,2.1466613124680616,52.11892865541954,-2.772146836418134,0.0,0.0,0.0,0.0,0.0,0.0,0.0,0.0,41.23381472833108,-12.562785229166451,False,True,False,True,True,0.0,1,0.8558242439577194,0.9892505233067477,False,False,False,False,-0.21042140581597285,-0.2027748451820246,False,False,False,False,-10442471,-5128121.9382680645,False,False,False,False,1894392.279221366,False,False,False,False
2024-02-08 00:00:00+00:00,45.5826036551,45.8892756063,45.09471646,45.861396338,1869814,,,,,,,,,,,,,,,,,,,,45.5221985738,,,57.082393161745905,"rgba(239, 83, 80, 1.0)",0.0,0.0,2.14303674558004,52.05388787926611,-3.0196795446988802,0.0,0.0,0.0,0.0,0.0,0.0,0.0,0.0,39.51512641122085,-12.562785229166451,False,True,False,True,False,0.0,1,0.8578367290733545,0.9980953034224723,False,False,False,False,-0.3168240122401311,-0.25979942871107786,False,False,False,False,-12312285,-5409853.823041866,False,False,False,False,1893428.4251342537,False,False,False,False
2024-02-09 00:00:00+00:00,45.6383621917,46.1959475575,45.4246211348,45.5733105657,1217998,,,,,,,,,,,,,,,,,,,,45.613229897746805,,,57.057136177561084,"rgba(239, 83, 80, 1.0)",0.0,0.0,2.1847714565867697,52.01716334090052,-2.9196651805246527,0.0,0.0,0.0,0.0,0.0,0.0,0.0,0.0,38.532646681274926,-12.562785229166451,False,True,False,True,False,0.0,1,0.8625045401865605,0.9985878061612169,False,False,False,False,-0.2868904194767097,-0.27334492409389377,False,False,False,False,-11094287,-5632772.771157871,False,False,False,False,1866940.9574819303,False,False,False,False
2024-02-12 00:00:00+00:00,46.5212056876,46.7814121916,45.7219999966,45.8149308909,1288758,,,,,,,,,,,,,,,,,,,,45.827693406438094,,,57.03191926562867,"rgba(239, 83, 80, 1.0)",0.0,0.0,2.2026798533937684,51.98727009286059,-2.4815519136104944,0.0,0.0,0.0,0.0,0.0,0.0,0.0,0.0,40.367805219530005,-12.562785229166451,False,True,False,True,False,0.0,1,0.8578973156283684,0.9884119053249072,False,False,False,False,-0.2461782378927269,-0.2597615809933103,False,False,False,False,-9805529,-5796410.270328151,False,False,False,False,1844267.1160120508,False,False,False,False
2024-02-13 00:00:00+00:00,45.3595695088,46.2052406469,44.8577426796,45.6941207283,1365104,,,,,,,,,,,,,,,,,,,,45.74364531790576,,,57.00318094320554,"rgba(239, 83, 80, 1.0)",0.0,0.0,2.2526043989151137,51.94536034305484,-2.923634011114711,0.0,0.0,0.0,0.0,0.0,0.0,0.0,0.0,39.45344669311548,-12.562785229166451,False,True,False,True,False,0.0,1,0.8653662636478696,0.9881257923710117,False,False,False,False,-0.3130806299379699,-0.28642110546564015,False,False,False,False,-11170633,-6007164.102864303,False,False,False,False,1825476.4055802058,True,False,False,False
2024-02-14 00:00:00+00:00,45.3967418665,45.9822065006,44.5138983706,45.7777585332,1546215,,,,,,,,,,,,,,,,,,,,45.649014640575004,,,56.97030609209423,"rgba(239, 83, 80, 1.0)",0.0,0.0,2.296355653462804,51.29722089656676,-2.5694970294209862,0.0,0.0,0.0,0.0,0.0,0.0,0.0,0.0,38.94991496294886,-12.562785229166451,False,True,False,True,False,0.0,1,0.858052361178556,0.9984498978135096,False,False,False,False,-0.34014105712793336,-0.3132810812967868,False,False,False,False,-9624418,-6149017.196869624,False,False,False,False,1814524.9779103938,False,False,False,False
2024-02-15 00:00:00+00:00,46.8371707282,46.8882827201,45.4989658502,45.5268451185,2025954,,,,,,,,,,,,,,,,,,,,45.81414009788548,,,56.93158131810774,"rgba(239, 83, 80, 0.5)",0.0,0.0,2.3135021624713636,51.289716655992706,-1.9245912106848178,0.0,0.0,0.0,0.0,0.0,0.0,0.0,0.0,42.308128079212935,-12.119833325849143,False,False,False,True,True,0.0,1,0.8682608369840876,0.9825892606034041,False,False,False,False,-0.25148692754686786,-0.2823840044218273,False,False,False,False,-7598464,-6205858.247972776,False,False,False,False,1822816.3121099863,False,False,False,False
2024-02-16 00:00:00+00:00,47.5062731672,47.7200142241,46.5212056876,46.7442398339,1611618,,,,,,,,,,,,,,,,,,,,46.02582095333584,,,56.90342425174841,#000000,0.0,0.0,2.3144576984776806,51.29090783328117,-1.635214447241998,0.0,0.0,0.0,0.0,0.0,0.0,0.0,0.0,45.96771328187239,-8.671046627567208,True,False,False,False,True,0.0,1,0.8958333776258252,0.9539579711449893,False,False,False,False,-0.16819453836805126,-0.2252892713949393,False,False,False,False,-5986846,-6197269.532366001,False,False,False,False,1814534.0253605752,False,False,False,False
2024-02-20 00:00:00+00:00,46.9951532485,47.524859346,46.7721191022,47.394756094,2143488,,,,,,,,,,,,,,,,,,,,46.20157097157689,,,56.86564267978903,#000000,0.0,0.0,2.3334212886831094,51.273525893130476,-1.8335191614905582,0.0,0.0,0.0,0.0,0.0,0.0,0.0,0.0,47.241382970949466,-7.521049487579845,True,False,False,False,True,0.0,1,0.8983368906231107,0.9593243453174018,False,False,False,False,-0.16573042203511876,-0.19550984671502902,False,False,False,False,-8130334,-6273075.9820771385,False,False,False,False,1827434.1812287879,False,False,False,False
2024-02-21 00:00:00+00:00,46.8743430859,47.3482906469,46.5212056876,47.0323256062,2109493,,,,,,,,,,,,,,,,,,,,46.3006692494683,,,56.82805310051478,#000000,0.0,0.0,2.353180547940676,51.246702359814755,-1.858063665255566,0.0,0.0,0.0,0.0,0.0,0.0,0.0,0.0,47.81197863688995,-6.951597384598664,True,False,False,False,True,0.0,1,0.8921343628076787,0.9701599696343304,False,False,False,False,-0.18467531321387023,-0.19009257996444962,False,False,False,False,-10239827,-6428634.845525094,False,False,False,False,1838495.3113766785,False,False,False,False
2024-02-22 00:00:00+00:00,50.3220792645,50.3871308905,48.1474963379,48.2775995899,3691075,,,,,,,,,,,,,,,,,,,,46.94975033384965,,,56.78071647585848,"rgba(38, 166, 154, 1.0)",0.0,0.0,2.3486516558663824,50.947325291552644,-0.26621488354432155,0.0,0.0,0.0,0.0,0.0,0.0,0.0,0.0,54.06354164474568,-1.0894705455224099,True,False,True,False,True,0.0,0,0.8960624613813283,0.9332179282135518,False,False,False,False,0.017920117746368317,-0.08608623110904065,False,False,False,False,-6548752,-6433345.322171168,False,False,False,False,1911145.4952442597,False,False,False,False
2024-02-23 00:00:00+00:00,49.4764081264,49.9503556873,48.7701333297,49.0953914597,2660010,,,,,,,,,,,,,,,,,,,,47.252355096350705,,,56.745950636669704,"rgba(38, 166, 154, 1.0)",0.0,0.0,2.3335234321074383,50.964954870231395,-0.6378966344842163,0.0,0.0,0.0,0.0,0.0,0.0,0.0,0.0,56.341459454566134,0.8713182237791486,True,False,True,False,True,0.0,0,0.9012562651447029,0.9327350472087808,False,False,False,False,0.02591293505862717,-0.03008664802520674,False,False,False,False,-9208762,-6542185.191889946,False,False,False,False,1940512.730724877,False,False,False,False
2024-02-26 00:00:00+00:00,49.7830800776,49.9689418662,48.9374089394,49.4206495898,1497959,,,,,,,,,,,,,,,,,,,,47.40267400123166,,,56.726950624740695,"rgba(38, 166, 154, 1.0)",0.0,0.0,2.3338052078781413,50.97692885731995,-0.5115460260736063,0.0,0.0,0.0,0.0,0.0,0.0,0.0,0.0,58.28834309997932,2.5876814325694184,True,False,True,False,True,0.0,0,0.9260794348402156,0.9276947163302407,False,False,False,False,0.03390906397441646,0.0019112079746048602,False,False,False,False,-7710803,-6588013.341227596,False,False,False,False,1923157.6824611565,False,False,False,False
2024-02-27 00:00:00+00:00,49.4206495898,50.1548036548,48.9374089394,50.052579671,1827807,,,,,,,,,,,,,,,,,,,,47.5572223170296,,,56.70371320268767,"rgba(38, 166, 154, 1.0)",0.0,0.0,2.332759924237626,50.987342992056554,-0.6716050743063792,0.0,0.0,0.0,0.0,0.0,0.0,0.0,0.0,58.73717114772005,2.9973752194383394,True,False,True,False,True,0.0,0,0.9275131869497657,0.9395037174066412,False,False,False,False,0.04190952983318628,0.02191036890389557,False,False,False,False,-9538610,-6703723.014120632,False,False,False,False,1919418.4400116995,False,False,False,False
2024-02-28 00:00:00+00:00,49.0303398337,49.9178298743,48.9513485736,49.2069085329,1752603,,,,,,,,,,,,,,,,,,,,47.67200463484743,,,56.680943094191115,"rgba(38, 166, 154, 1.0)",0.0,0.0,2.3326256015254585,50.99076048343996,-0.8404351939110661,0.0,0.0,0.0,0.0,0.0,0.0,0.0,0.0,58.11638955944255,2.9973752194383394,True,False,True,False,True,0.0,0,0.8847414181992665,0.9738450985020076,False,False,False,False,0.03230952409051701,0.02710994649720629,False,False,False,False,-11291213,-6883624.582194333,False,False,False,False,1912876.6580504565,False,False,False,False
2024-02-29 00:00:00+00:00,48.5470991834,48.8909434923,48.2218410533,48.4077028419,2394387,,,,,,,,,,,,,,,,,,,48.553294576333336,47.7447626718311,,,56.64693667648312,"rgba(38, 166, 154, 1.0)",0.0,0.0,2.334224109493411,50.9729761056683,-1.0392647871308216,0.0,0.0,0.0,0.0,0.0,0.0,0.0,0.0,56.57842523890563,2.9973752194383394,True,False,True,False,True,0.0,0,0.8829778617072275,0.9614965642672585,False,False,False,False,-0.04322406582329315,-0.00805705966304343,False,False,False,False,-13685600,-7150368.716225928,False,False,False,False,1931759.416558282,False,False,False,False
2024-03-01 00:00:00+00:00,48.5470991834,49.5832786548,48.3984097525,49.1604430857,1740339,,,,,,,,,,,,,,,,,,,48.67520408760987,47.80692984911584,,,56.62327560480021,"rgba(38, 166, 154, 0.75)",0.0,0.0,2.336488657489012,50.966789170187155,-1.0356095583992941,0.0,0.0,0.0,0.0,0.0,0.0,0.0,0.0,55.55311569188102,2.9973752194383394,True,False,True,False,False,0.0,0,0.8821432402775848,0.9605472151455947,False,False,False,False,-0.005848954062238663,-0.0069530068626410466,False,False,False,False,-13685600,-7406652.295981774,False,False,False,False,1924252.7335559966,False,False,False,False
2024-03-04 00:00:00+00:00,47.3575837363,48.4355821102,47.2925321103,48.4355821102,1881996,,,,,,,,,,,,,,,,,,,48.36867466487268,47.800486442554536,,,56.59409889895129,#000000,0.0,0.0,2.3478173723766447,50.93750239253934,-1.524785828045675,0.0,0.0,0.0,0.0,0.0,0.0,0.0,0.0,52.19272491184585,7.6782180399385425,True,False,False,False,False,0.0,0,0.8605298017930691,0.9916556628843407,False,False,False,False,-0.1030782751026635,-0.05501564098265227,False,False,False,False,-15567596,-7726689.303982489,False,False,False,False,1922595.6067498792,False,False,False,False
2024-03-05 00:00:00+00:00,47.2925321103,47.7200142241,47.0230325168,47.1624288583,1725045,,,,,,,,,,,,,,,,,,,48.14061923332294,47.77762153811067,,,56.56647702621559,#000000,0.0,0.0,2.342821294738886,50.90655348620386,-1.5425937027376444,0.0,0.0,0.0,0.0,0.0,0.0,0.0,0.0,49.81682973478726,5.375432604175096,True,False,False,False,False,0.0,0,0.8529526465445476,1.0039659037057287,False,False,False,False,-0.14608654104532506,-0.10055109101398867,False,False,False,False,-17292641,-8101824.664610626,False,False,False,False,1914848.524132237,False,False,False,False
2024-03-06 00:00:00+00:00,48.7515471508,48.863064224,47.6735487769,47.8222382078,1990743,,,,,,,,,,,,,,,,,,,48.19968537835872,47.813325513679416,,,56.538528916366744,#000000,0.0,0.0,2.289288267782341,50.89378084243343,-0.935764063347354,0.0,0.0,0.0,0.0,0.0,0.0,0.0,0.0,51.54448491290688,5.375432604175096,True,False,False,False,False,0.0,0,0.8582080311925305,0.9768522819027943,False,False,False,False,-0.06806780139523758,-0.08430944620461311,False,False,False,False,-15301898,-8384180.48168472,False,False,False,False,1917824.7780878355,False,False,False,False
2024-03-07 00:00:00+00:00,49.9596487767,49.9689418662,49.0675121914,49.0675121914,2022056,,,,,,,,,,,,,,,,,,,48.45181646967098,47.9109452346456,,,56.51463400931975,"rgba(38, 166, 154, 1.0)",0.0,0.0,2.2564941972514085,50.90382876759924,-0.418427839100727,0.0,0.0,0.0,0.0,0.0,0.0,0.0,0.0,54.81762634231314,5.375432604175096,True,False,True,False,True,0.0,0,0.8573008593323007,0.9755003613141168,False,False,False,False,0.03950887356239339,-0.022400286321109863,False,False,False,False,-13279842,-8576167.207893163,False,False,False,False,1921912.2769863517,False,False,False,False
2024-03-08 00:00:00+00:00,49.1604430857,50.1919760125,48.9792278419,49.857424793,1377844,,,,,,,,,,,,,,,,,,,48.55590337910657,47.96409399893275,,,56.497923347088005,"rgba(38, 166, 154, 1.0)",0.0,0.0,2.2323395403767776,50.90702760807709,-0.7824009254803116,0.0,0.0,0.0,0.0,0.0,0.0,0.0,0.0,55.09109102753649,5.375432604175096,True,False,True,False,True,0.0,0,0.8558229537949433,0.973243130074091,False,False,False,False,0.045311292761058726,0.011455503219974432,False,False,False,False,-14657686,-8814658.14091696,False,False,False,False,1900576.2661241419,False,False,False,False
2024-03-11 00:00:00+00:00,49.4671150369,49.694795728,49.0396329232,49.0396329232,1341262,,,,,,,,,,,,,,,,,,,48.634172728123794,48.01099134029518,,,56.481632507250445,"rgba(38, 166, 154, 1.0)",0.0,0.0,2.2039782556568395,50.90913887901855,-0.6542822454883037,0.0,0.0,0.0,0.0,0.0,0.0,0.0,0.0,55.83374002269673,0.24707055180601856,True,False,True,False,True,0.0,0,0.856803124186159,0.9819214767221145,False,False,False,False,0.031612731845399894,0.021534117532687164,False,False,False,False,-13316424,-8991197.97852806,False,False,False,False,1878642.37333496,False,False,False,False
2024-03-12 00:00:00+00:00,49.2347878012,49.8853040613,48.8909434923,49.5600459312,2735178,,,,,,,,,,,,,,,,,,,48.74588210589896,48.093765673827946,,,56.448346115106695,"rgba(38, 166, 154, 1.0)",0.0,0.0,2.182078696390075,50.91077563850132,-0.7680693826826657,0.0,0.0,0.0,0.0,0.0,0.0,0.0,0.0,55.743974120133345,0.389461268591603,True,False,True,False,True,0.0,0,0.8561113887414956,0.9765929704211231,False,False,False,False,0.033437866183862554,0.02748599185827486,False,False,False,False,-16051602,-9268076.567605391,False,False,False,False,1912232.005753197,False,False,False,False
2024-03-13 00:00:00+00:00,49.8853040613,50.1083382076,48.993167476,49.1325638175,2349515,,,,,,,,,,,,,,,,,,,48.8559663027744,48.17359072706582,,,56.421296299090926,"rgba(38, 166, 154, 1.0)",0.0,0.0,2.1716661303877185,50.91717918105805,-0.4751536644234671,0.0,0.0,0.0,0.0,0.0,0.0,0.0,0.0,56.960301563896216,1.8143844346871774,True,False,True,False,True,0.0,0,0.8670796894349287,0.9650585020492906,False,False,False,False,0.04764190057879091,0.03756394621853289,False,False,False,False,-13702087,-9441959.329660082,False,False,False,False,1929380.358468758,False,False,False,False
2024-03-14 00:00:00+00:00,49.3370117849,49.9596487767,49.1418569069,49.8202524353,1602124,,,,,,,,,,,,,,,,,,,48.903176347402145,48.217390363936346,,,56.40247904974161,"rgba(38, 166, 154, 1.0)",0.0,0.0,2.1531054195156565,50.918582957682574,-0.7345535236906099,0.0,0.0,0.0,0.0,0.0,0.0,0.0,0.0,56.306705126744845,1.8143844346871774,True,False,True,False,True,0.0,0,0.8670274270395995,0.9832338929728883,False,False,False,False,0.05378229595475396,0.045673121086643426,False,False,False,False,-15304211,-9671851.552026354,False,False,False,False,1916546.7757837086,False,False,False,False
2024-03-15 00:00:00+00:00,49.9596487767,50.2477345491,49.2162016223,49.2162016223,3273940,,,,,,,,,,,,,,,,,,,49.024394052039874,48.31940584932463,,,56.36615035790393,"rgba(38, 166, 154, 1.0)",0.0,0.0,2.146892550156523,50.928128709678745,-0.45110778036289545,0.0,0.0,0.0,0.0,0.0,0.0,0.0,0.0,57.13979051470079,2.456281601013849,True,False,True,False,True,0.0,1,0.8643719555844651,0.9709986841157972,False,False,False,False,0.08937389059717239,0.06752350584190792,False,False,False,False,-12030271,-9764338.589201791,False,False,False,False,1969777.8826157202,False,False,False,False
2024-03-18 00:00:00+00:00,50.0061142239,50.6380443051,49.8481317036,50.1919760125,2002478,,,,,,,,,,,,,,,,,,,49.110721456663704,48.38904420642793,,,56.34532311215808,"rgba(38, 166, 154, 1.0)",0.0,0.0,2.137716044130371,50.93802822420072,-0.4359390962422361,0.0,0.0,0.0,0.0,0.0,0.0,0.0,0.0,57.789869574218926,3.341364251992516,True,False,True,False,True,0.0,1,0.8815951776954637,0.9623257383560115,False,False,False,False,0.161148786648608,0.11433614624525795,False,False,False,False,-10027793,-9774670.134723289,False,False,False,False,1971060.240160202,False,False,False,False
2024-03-19 00:00:00+00:00,49.3184256061,49.9473818987,49.2812532483,49.9038902402,1103035,,,,,,,,,,,,,,,,,,,49.126941210405896,48.41199482438295,,,56.33271317762591,"rgba(38, 166, 154, 1.0)",0.0,0.0,2.1245262114480674,50.93804979025923,-0.7623460588209452,0.0,0.0,0.0,0.0,0.0,0.0,0.0,0.0,56.235216070148326,3.341364251992516,True,False,True,False,True,0.0,1,0.875576232878234,0.9662261164914058,False,False,False,False,0.14091696596857642,0.1276265561069172,False,False,False,False,-11130828,-9827852.79610669,False,False,False,False,1937020.0346637233,False,False,False,False
2024-03-20 00:00:00+00:00,49.857424793,50.0989521873,48.9652882077,49.2254947118,1486571,,,,,,,,,,,,,,,,,,,49.15324555698618,48.44482238658435,,,56.31610207414417,"rgba(38, 166, 154, 1.0)",0.0,0.0,2.1265296999048733,50.939164108843606,-0.5086876124476399,0.0,0.0,0.0,0.0,0.0,0.0,0.0,0.0,56.44960078650438,3.341364251992516,True,False,True,False,True,0.0,1,0.8828328665180978,0.9573385961422918,False,False,False,False,0.22552512985415354,0.17657584298053536,False,False,False,False,-9644257,-9820652.960965252,False,False,False,False,1919355.366637695,False,False,False,False
2024-03-21 00:00:00+00:00,49.8295455247,50.3313723539,49.662269915,50.1826829231,2523045,,,,,,,,,,,,,,,,,,,49.2162479561294,48.509733780124286,,,56.289357927013455,"rgba(38, 166, 154, 1.0)",0.0,0.0,2.1131190759084024,50.945557697204734,-0.5281350138893487,0.0,0.0,0.0,0.0,0.0,0.0,0.0,0.0,56.50655895407823,3.341364251992516,True,False,True,False,True,0.0,1,0.923423165051429,0.951951553058322,False,False,False,False,0.30692937164235345,0.2417526073114444,False,False,False,False,-12167302,-9912678.413476419,False,False,False,False,1943029.469906805,False,False,False,False
2024-03-22 00:00:00+00:00,48.5378060939,49.8481317036,48.2761126956,49.8109593459,2885055,,,,,,,,,,,,,,,,,,,49.1886917231433,48.52758108121475,,,56.25401958609508,#000000,0.0,0.0,2.1109843175137475,50.60489037272776,-0.97920399582234,0.0,0.0,0.0,0.0,0.0,0.0,0.0,0.0,53.001750898157745,6.836581586823037,True,False,False,False,False,0.0,1,0.9175577494027121,0.9383252069765292,False,False,False,False,0.1766381269855432,0.2091953671484938,False,False,False,False,-15052357,-10114234.436477343,False,False,False,False,1979971.6475575187,False,False,False,False
2024-03-25 00:00:00+00:00,48.8351849557,49.2626670695,48.5470991834,48.7608402402,1279959,,,,,,,,,,,,,,,,,,,49.17768780291545,48.53485284418268,,,56.23843745811647,#000000,0.0,0.0,2.111031112502158,50.59955844891996,-0.8357875366074942,0.0,0.0,0.0,0.0,0.0,0.0,0.0,0.0,51.48214575837625,5.343231064869066,True,False,False,False,False,0.0,1,0.9176742973860152,0.9423726142586965,False,False,False,False,0.15540180541084211,0.18229858627966794,False,False,False,False,-13772398,-10257691.83112529,False,False,False,False,1952520.171182714,False,False,False,False
2024-03-26 00:00:00+00:00,49.3091325166,50.0990451182,48.993167476,49.5228735735,2389245,,,,,,,,,,,,,,,,,,,49.19583592103551,48.56927324011191,,,56.21182728223549,#000000,0.0,0.0,2.111254722329203,50.60902753261271,-0.6156978607387649,0.0,0.0,0.0,0.0,0.0,0.0,0.0,0.0,51.7355205280442,5.343231064869066,True,False,False,False,False,0.0,1,0.9465220551083067,0.9201926511651279,False,False,False,False,0.24309622171463457,0.21269740399715126,False,False,False,False,-11383153,-10301827.563238023,False,False,False,False,1969646.6350579017,False,False,False,False
2024-03-27 00:00:00+00:00,50.3406654434,50.4204520658,49.2611055081,49.5146392344,3249504,,,,,,,,,,,,,,,,,,,49.25960844495092,48.63803633466282,,,56.17884226071109,"rgba(38, 166, 154, 1.0)",0.0,0.0,2.11394569138278,50.63248373143834,-0.13804436378280732,0.0,0.0,0.0,0.0,0.0,0.0,0.0,0.0,54.29182123748771,5.343231064869066,True,False,True,False,True,0.6946060872491628,1,0.9774533146296631,0.8840730407060678,False,False,False,False,0.2845786835477381,0.24863804377244467,False,False,False,False,-8133649,-10216800.952914963,False,False,False,False,2019837.1199575919,False,False,False,False
2024-03-28 00:00:00+00:00,50.9789584231,51.5421581111,50.3406654434,50.4626920424,3274077,,,,,,,,,,,,,,,,,,,49.38391169199822,48.74447802954525,,,56.15100371630888,"rgba(38, 166, 154, 1.0)",0.0,0.0,2.1224591714259495,50.67704006754455,0.14224931137431973,0.0,0.0,0.0,0.0,0.0,0.0,0.0,0.0,57.24937910379949,3.214264845568138,True,False,True,False,True,2.0083110589860276,1,1.012094635002857,0.851369137732232,False,False,False,False,0.3428282414062449,0.2957331425893448,False,False,False,False,-4859572,-10006713.542996729,False,False,False,False,2069022.9976063138,False,False,False,False
2024-04-01 00:00:00+00:00,51.4952248037,51.8190646243,51.1479183295,51.3919715276,1721041,,,,,,,,,,,,,,,,,,,49.46201991202731,48.80918365958105,,,56.13797875659041,"rgba(38, 166, 154, 1.0)",0.0,0.0,2.137002955949815,50.704457662120205,0.3700355862298406,0.0,0.0,0.0,0.0,0.0,0.0,0.0,0.0,60.155884380274344,5.864653424069694,True,False,True,False,True,3.058064534741728,1,1.0146085854689457,0.858930478670515,False,False,False,False,0.34282824253719896,0.31928069256327185,False,False,False,False,-3138531,-9737373.051114505,False,False,False,False,2055376.6447590075,False,False,False,False
2024-04-02 00:00:00+00:00,51.2511716056,52.3118643513,51.0728250377,51.5046114652,2104390,,,,,,,,,,,,,,,,,,,49.55249979759748,48.885892597640954,,,56.12234811824789,"rgba(38, 166, 154, 1.0)",0.0,0.0,2.1509400865206496,50.73534650708761,0.23981379199956393,0.0,0.0,0.0,0.0,0.0,0.0,0.0,0.0,61.25615470506327,6.81457659698377,True,False,True,False,True,2.520273217792134,1,1.0005181327877715,0.8724261476760236,False,False,False,False,0.3428282429221597,0.33105446774271574,False,False,False,False,-5242921,-9561120.029502172,False,False,False,False,2057298.7371213995,False,False,False,False
2024-04-03 00:00:00+00:00,52.7436507787,52.9032240237,51.2417849441,51.27933159,3443853,,,,,,,,,,,,,,,,,,,49.73457249271119,49.0354974520813,,,56.10115596168695,"rgba(38, 166, 154, 1.0)",0.0,0.0,2.1826180079683994,50.79975574653997,0.890625398060114,0.0,0.0,0.0,0.0,0.0,0.0,0.0,0.0,64.47376725755731,9.783024195414654,True,False,True,False,True,5.507918467549359,0,0.9913621193369235,0.8635521112692879,False,False,False,False,0.3428282435623965,0.3369413556525561,False,False,False,False,-1799068,-9256725.832266793,False,False,False,False,2111673.4140970306,False,False,False,False
2024-04-04 00:00:00+00:00,52.7436507787,53.5978369722,52.527757565,53.1285038988,2497032,,,,,,,,,,,,,,,,,,,49.88247642334916,49.156367356388785,,,56.08857715734572,"rgba(38, 166, 154, 1.0)",0.0,0.0,2.2114861351526636,50.853411688392804,0.8547370296656688,0.0,0.0,0.0,0.0,0.0,0.0,0.0,0.0,66.61884229255334,11.70661017778778,True,False,True,False,True,5.507918467549359,0,1.0054162873223715,0.8681874716019413,False,False,False,False,0.34282824493769987,0.339884800295128,False,False,False,False,-1799068,-8964268.662373977,False,False,False,False,2126785.5155049902,False,False,False,False
2024-04-05 00:00:00+00:00,53.2786904823,53.5884503107,51.9363978926,52.0114911844,2032051,,,,,,,,,,,,,,,,,,,49.99238886786207,49.24882846586927,,,56.07834365829165,"rgba(38, 166, 154, 1.0)",0.0,0.0,2.257344145762012,50.89342360245769,1.0566695753150734,0.0,0.0,0.0,0.0,0.0,0.0,0.0,0.0,68.83697284196614,13.722535564727103,True,False,True,False,True,6.560951569610257,0,1.0024193745352172,0.8663325252276266,False,False,False,False,0.31461727395962164,0.3272510371273748,False,False,False,False,232983,-8603592.126594605,False,False,False,False,2123070.436465579,False,False,False,False
2024-04-08 00:00:00+00:00,52.3118643513,53.9075968005,52.3024776898,53.6259969566,2531507,,,,,,,,,,,,,,,,,,,50.11468732797365,49.355094977734794,,,56.06530951439687,"rgba(38, 166, 154, 1.0)",0.0,0.0,2.2807750817635872,50.83495785016557,0.6475458772517042,0.0,0.0,0.0,0.0,0.0,0.0,0.0,0.0,66.91887196917446,13.722535564727103,True,False,True,False,True,4.343995623369658,0,1.0184822917101906,0.8552829540106208,False,False,False,False,0.34282824498865283,0.3350396410580138,False,False,False,False,-2298524,-8356334.55300266,False,False,False,False,2139087.5566041837,False,False,False,False
2024-04-09 00:00:00+00:00,52.7905840861,53.0252506227,51.8800779238,52.9219973466,1662319,,,,,,,,,,,,,,,,,,,50.18188849081478,49.416272847070985,,,56.05608159807102,"rgba(38, 166, 154, 1.0)",0.0,0.0,2.287673729418492,50.854484384422264,0.8463181076830716,0.0,0.0,0.0,0.0,0.0,0.0,0.0,0.0,66.50665378124368,13.722535564727103,True,False,True,False,True,5.301204957527503,0,1.00869106691383,0.863355281434436,False,False,False,False,0.282480800966352,0.3087602210121829,False,False,False,False,-636205,-8053584.374453536,False,False,False,False,2120390.750462843,False,False,False,False
2024-04-10 00:00:00+00:00,52.0771978146,52.6497841641,51.4670648193,52.4151176274,1645988,,,,,,,,,,,,,,,,,,,50.23166006622131,49.46532291653935,,,56.04568861758557,"rgba(38, 166, 154, 0.75)",0.0,0.0,2.3016785211443973,50.8634477305206,0.5273325848632947,0.0,0.0,0.0,0.0,0.0,0.0,0.0,0.0,63.96620989142403,13.722535564727103,True,False,True,False,False,3.6803597978113842,0,1.0089269072024132,0.8703209222279737,False,False,False,False,0.246985341077714,0.27787278104494845,False,False,False,False,-2282193,-7827255.300945555,False,False,False,False,2101786.7210329277,False,False,False,False
2024-04-11 00:00:00+00:00,51.2417849441,52.2743177054,50.9507984387,52.1147444605,1660599,,,,,,,,,,,,,,,,,,,50.26432090644466,49.50244111128856,,,56.03374966696323,"rgba(38, 166, 154, 0.75)",0.0,0.0,2.287709689268176,50.86352354677248,0.16534501694073075,0.0,0.0,0.0,0.0,0.0,0.0,0.0,0.0,59.963853631301504,15.527594582191583,True,False,True,False,False,1.8273169088932981,0,0.9856018457764326,0.8839441652779586,False,False,False,False,0.20755935157091115,0.2427160663079298,False,False,False,False,-3942792,-7674923.406790827,False,False,False,False,2084485.2417767346,False,False,False,False
2024-04-12 00:00:00+00:00,49.6742124793,51.0352783919,49.2799726977,50.9226384543,2302624,,,,,,,,,,,,,,,,,,,50.255008963745524,49.51469492811632,,,56.01189536346262,#000000,0.0,0.0,2.2546197329247795,50.830789892221425,-0.5129811453486505,0.0,0.0,0.0,0.0,0.0,0.0,0.0,0.0,53.91221299034433,9.98516956575385,True,False,False,False,False,0.0,0,0.9697044440611196,0.8974202039770168,False,False,False,False,0.08259977217973098,0.16265791924383038,False,False,False,False,-6245416,-7618864.29279903,False,False,False,False,2093039.7028835295,False,False,False,False
2024-04-15 00:00:00+00:00,49.1485594372,50.4110654044,49.0546928225,50.171705537,1668565,,,,,,,,,,,,,,,,,,,50.23739120574725,49.51510826708914,,,55.9949583074838,"rgba(239, 83, 80, 0.5)",0.0,0.0,2.2133782192999965,50.80621777047199,-0.7489268299550904,0.0,0.0,0.0,0.0,0.0,0.0,0.0,0.0,48.94107160889145,5.613218689354724,False,False,False,True,False,0.0,0,0.9630827535162538,0.9246440290094998,False,False,False,False,0.046767080074482756,0.10471249965915658,False,False,False,False,-7913981,-7630437.497002991,False,False,False,False,2076393.6361037833,False,False,False,False
2024-04-16 00:00:00+00:00,48.500879796,49.045306161,48.2380532749,48.923279562,1471560,,,,,,,,,,,,,,,,,,48.59474641063332,50.20254490670189,49.500996863406954,,,55.9779227074846,"rgba(239, 83, 80, 1.0)",0.0,0.0,2.1685030742492,50.528159112182934,-0.9348750021416679,0.0,0.0,0.0,0.0,0.0,0.0,0.0,0.0,44.541604816124604,1.8111412278151349,False,True,False,True,False,0.0,0,0.9513245415318361,0.9396852986419644,False,False,True,False,-0.04495984696546441,0.029876326346846085,False,False,False,False,-9385541,-7699265.0853558155,False,False,True,False,2052674.6699820664,False,False,False,False
2024-04-17 00:00:00+00:00,48.6322930565,49.1673327601,48.3788531969,48.7449329941,1262407,,,,,,,,,,,,,,,,,,48.6554263749453,50.176157198152644,49.49093754994525,,,55.96362977043587,"rgba(239, 83, 80, 1.0)",0.0,0.0,2.1298791022816035,50.50938339962354,-0.8813130947727192,0.0,0.0,0.0,0.0,0.0,0.0,0.0,0.0,42.000462267972324,-0.30531730607470564,False,True,False,True,False,0.0,0,0.9675449488870198,0.9287891305370977,False,False,False,False,-0.03390362615219826,-0.0020136499026760877,False,False,False,False,-8123134,-7715887.39573402,False,False,False,False,2021683.7809631617,False,False,False,False
2024-04-18 00:00:00+00:00,49.4207726197,49.7117591251,48.8575729317,49.1110127913,1536626,,,,,,,,,,,,,,,,,,48.898161046075,50.158141259576055,49.488434436153845,,,55.94775326410476,"rgba(239, 83, 80, 1.0)",0.0,0.0,2.0940497995978866,50.5059411760695,-0.5182152576208441,0.0,0.0,0.0,0.0,0.0,0.0,0.0,0.0,42.571662151973186,-0.30531730607470564,False,True,False,True,False,0.0,0,0.975209726733026,0.9159858183121803,False,False,False,False,0.009082607916091199,0.0035344790067075556,False,False,False,False,-6586508,-7671598.00766602,False,False,False,False,2002661.9071999006,False,False,False,False
2024-04-19 00:00:00+00:00,49.5427992188,49.8243990627,49.2095727367,49.4019992968,1238622,,,,,,,,,,,,,,,,,,49.03922428759976,50.14746794575999,49.48889459072457,,,55.93538750178887,"rgba(239, 83, 80, 1.0)",0.0,0.0,2.041158881317902,50.50372951159122,-0.4707768227090585,0.0,0.0,0.0,0.0,0.0,0.0,0.0,0.0,43.29035911488073,-0.30531730607470564,False,True,False,True,False,0.0,0,0.9836427639308665,0.9174149214467587,False,False,False,False,0.02860541943082276,0.01606994921876516,False,False,False,False,-5347886,-7580472.046581077,False,False,False,False,1972699.5578979438,False,False,False,False
2024-04-22 00:00:00+00:00,49.0922394684,49.5427992188,48.7167730097,49.5427992188,977976,,,,,,,,,,,,,,,,,,49.05099014847948,50.13392335612854,49.485295912178124,,,55.925037660917816,"rgba(239, 83, 80, 1.0)",0.0,0.0,1.989982466286133,50.494208722733454,-0.7045133703865846,0.0,0.0,0.0,0.0,0.0,0.0,0.0,0.0,42.75325827577436,-0.30531730607470564,False,True,False,True,False,0.0,0,0.9931323786351386,0.9011506610641852,False,False,False,False,-0.003927836352409477,0.006071056433177841,False,False,False,False,-6325862,-7531271.652597506,False,False,False,False,1933690.790921554,False,False,False,False
2024-04-23 00:00:00+00:00,49.064079484,49.4019992968,48.5571997648,48.8106396244,1510713,,,,,,,,,,,,,,,,,,49.042824374084894,50.11150680326294,49.47825788141281,,,55.908855330905695,"rgba(239, 83, 80, 1.0)",0.0,0.0,1.9591917386716307,50.4779282467801,-0.7216490019188841,0.0,0.0,0.0,0.0,0.0,0.0,0.0,0.0,42.33039089464626,-0.4578607082834125,False,True,False,True,False,0.0,0,0.984825858011737,0.9088755458655282,False,False,False,False,-0.01654525233705436,-0.00523709795193826,False,False,False,False,-7836575,-7543244.3328878,False,False,False,False,1917103.4265716893,False,False,False,False
2024-04-24 00:00:00+00:00,49.0828528069,49.345679328,48.641679718,49.0546928225,1138902,,,,,,,,,,,,,,,,,,49.040403620187945,50.095419884088955,49.47325958240072,,,55.89673324507515,"rgba(239, 83, 80, 1.0)",0.0,0.0,1.9189540744530325,50.46677075859615,-0.7211834666187162,0.0,0.0,0.0,0.0,0.0,0.0,0.0,0.0,42.11496778837456,-1.0816457275994225,False,True,False,True,False,0.0,0,0.9824994856113368,0.9206066356594513,False,False,False,False,-0.015362208019276555,-0.010299652985607408,False,False,False,False,-6697673,-7510084.672774553,False,False,False,False,1886585.7235688781,False,False,False,False
2024-04-25 00:00:00+00:00,48.8575729317,49.1016261298,48.2851743155,48.9138929005,1536461,,,,,,,,,,,,,,,,,,48.99832882413178,50.06907331195709,49.46266671865909,,,55.879794883896665,"rgba(239, 83, 80, 1.0)",0.0,0.0,1.8861338963530376,50.44746553587334,-0.8429372947739838,0.0,0.0,0.0,0.0,0.0,0.0,0.0,0.0,41.37306933618414,-2.2342869284999054,False,True,False,True,False,0.0,0,0.9965476243502204,0.9191582131445908,False,False,False,False,-0.040607273029182496,-0.025453463007394952,False,False,False,False,-8234134,-7538478.764038296,False,False,False,False,1872855.3422524515,False,False,False,False
2024-04-26 00:00:00+00:00,49.326906005,49.4004035643,48.584421083,49.0077595152,1227851,,,,,,,,,,,,,,,,,,49.00922176875653,50.05422244767346,49.45852693376417,,,55.86698873887734,"rgba(239, 83, 80, 1.0)",0.0,0.0,1.8853727383895549,50.438270870690715,-0.5894669224081501,0.0,0.0,0.0,0.0,0.0,0.0,0.0,0.0,42.67804593858905,-2.2342869284999054,False,True,False,True,False,0.0,0,1.0078046695739913,0.909065664571048,False,False,False,False,-0.06281440337514618,-0.04413393319127057,False,False,False,False,-7006283,-7517608.341919148,False,False,False,False,1847561.054320983,False,False,False,False
2024-04-29 00:00:00+00:00,50.7630652094,51.27933159,49.749305771,50.2280255058,1911187,,,,,,,,,,,,,,,,,,49.22895255920562,50.066923477522614,49.47861861921614,,,55.85153176084706,#000000,0.0,0.0,1.8977621220843062,50.45538715524058,0.16212677583716112,0.0,0.0,0.0,0.0,0.0,0.0,0.0,0.0,47.78153669375389,-8.268718822684946,False,True,False,False,True,1.3914988668887212,0,1.005296238050202,0.8994241686360127,False,False,False,False,0.05293525846431466,0.0044006626365220465,False,False,False,False,-5095096,-7422607.857922319,False,False,False,False,1850056.1894456502,False,False,False,False
2024-04-30 00:00:00+00:00,49.5334125573,50.5377853342,49.5052525729,50.453305381,1447120,,,,,,,,,,,,,,,,,,49.288685424054925,50.06330194166405,49.48363109119111,,,55.83825183300061,#000000,0.0,0.0,1.8993845155153586,50.45530775130102,-0.48536522566674034,0.0,0.0,0.0,0.0,0.0,0.0,0.0,0.0,47.71601617183634,-8.17974450427242,False,True,False,False,True,0.0,0,0.9793267862618086,0.9229922514058212,False,False,False,False,0.0001739448882993375,0.002287303762410692,False,False,False,False,-6542216,-7388082.687023405,False,False,False,False,1834254.7702517032,False,False,False,False
2024-05-01 00:00:00+00:00,49.2518127133,49.7868524169,48.500879796,49.4019992968,1824956,,,,,,,,,,,,,,,,,,49.27705942796945,50.04433005598174,49.47866297594609,,,55.819696101830786,"rgba(239, 83, 80, 0.75)",0.0,0.0,1.8954179141253553,50.442669903296974,-0.6282821224397361,0.0,0.0,0.0,0.0,0.0,0.0,0.0,0.0,46.986478882835875,-8.17974450427242,False,True,False,True,True,0.0,0,0.9578669303736151,0.9332859977475102,False,False,False,False,-0.093979186777792,-0.045845941507690655,False,False,False,False,-8367172,-7426478.346355821,False,False,False,False,1833890.1125947738,False,False,False,False
2024-05-02 00:00:00+00:00,49.3926126353,49.5146392344,48.430479835,49.2799726977,2136168,,,,,,,,,,,,,,,,,,49.2587789096864,50.02148308429448,49.471786606971214,,,55.79788826521169,"rgba(239, 83, 80, 0.75)",0.0,0.0,1.8673318663362397,50.427517284965816,-0.5542157065505086,0.0,0.0,0.0,0.0,0.0,0.0,0.0,0.0,46.921911370065814,-8.17974450427242,False,True,False,True,True,0.0,0,0.9611524956301735,0.9352227903040445,False,False,False,False,-0.14674482268080544,-0.09629538209424804,False,False,False,False,-6231004,-7379596.999439906,False,False,False,False,1845744.1473949787,False,False,False,False
2024-05-03 00:00:00+00:00,49.6835991407,50.4908520268,49.6648258178,49.8994923545,989216,,,,,,,,,,,,,,,,,,49.292437448986874,50.020640382896794,49.47587953668943,,,55.789091088284756,#000000,0.0,0.0,1.8277615537848562,50.42823183631448,-0.40740144362514275,0.0,0.0,0.0,0.0,0.0,0.0,0.0,0.0,47.7684837672211,-7.332018390356012,False,True,False,False,True,0.0,1,0.9703815220778187,0.9640479740678216,False,False,False,False,-0.018470939486373163,-0.0573831607903106,False,False,False,False,-5241788,-7295761.3524030475,False,False,False,False,1812154.8082814503,False,False,False,False
2024-05-06 00:00:00+00:00,50.6973585791,50.9320251158,50.0027456306,50.0027456306,1554149,,,,,,,,,,,,,,,,,,49.381813913354755,50.02971281431335,49.4901574854098,,,55.77673146357668,#000000,0.0,0.0,1.817264347592013,50.43710825430789,0.14320994363696088,0.0,0.0,0.0,0.0,0.0,0.0,0.0,0.0,51.04899585974945,-3.9842938550370803,False,True,False,False,True,1.351554061690095,1,0.9660384000371324,0.9489852181009188,False,False,False,False,0.0263790028757765,-0.01550207895726705,False,False,False,False,-3687639,-7154266.358191163,False,False,False,False,1802036.9334468837,False,False,False,False
2024-05-07 00:00:00+00:00,51.8706912624,51.9457845541,50.7255185635,50.8099985167,1682124,,,,,,,,,,,,,,,,,,49.534786378793605,50.05704650027302,49.519019828478264,,,55.76588712444821,"rgba(38, 166, 154, 1.0)",0.0,0.0,1.8435054858932391,50.45943913997179,0.7655264024041735,0.0,0.0,0.0,0.0,0.0,0.0,0.0,0.0,55.64250741591921,0.412913982133837,True,False,True,False,True,3.919557330578545,0,0.9756317570609324,0.9308236475422333,False,False,False,False,0.12699972274971072,0.05574882189622184,False,False,False,False,-2005515,-6952354.540222882,False,False,False,False,1797334.4654685745,False,False,False,False
2024-05-08 00:00:00+00:00,52.0302645073,52.2086110752,51.27933159,51.4482914964,1749755,,,,,,,,,,,,,,,,,,49.694833470391266,50.09054720141247,49.552938501596685,,,55.75552400910842,"rgba(38, 166, 154, 1.0)",0.0,0.0,1.8673101445224876,50.48551706095839,0.8272581021813257,0.0,0.0,0.0,0.0,0.0,0.0,0.0,0.0,58.99612561126593,3.496008451724286,True,False,True,False,True,4.261850719188253,0,0.9854929792891016,0.9290761682376973,False,False,False,False,0.17509167631121716,0.11542024910371951,False,False,False,False,-255760,-6689742.989625907,False,False,False,False,1795468.6040776502,False,False,False,False
2024-05-09 00:00:00+00:00,54.602209749,54.7336230096,52.6967174714,52.6967174714,3298696,,,,,,,,,,,,,,,,,,50.19448190118272,50.224706745071316,49.672493987212924,,,55.74688606888856,"rgba(38, 166, 154, 1.0)",0.0,0.0,1.9684207117766126,50.58450160359012,2.0410820315864613,0.0,0.0,0.0,0.0,0.0,0.0,0.0,0.0,64.72779126124843,8.714952631309203,True,False,True,False,True,9.453146804440486,0,0.9988213384299791,0.8883484333759734,False,False,False,False,0.3428282427398133,0.22912424592176642,False,False,False,False,3042936,-6308069.303758224,False,False,False,False,1854418.6980353897,False,False,False,False
2024-05-10 00:00:00+00:00,54.602209749,55.4751692654,54.5740497646,54.883809593,2178392,,,,,,,,,,,,,,,,,,50.527518564065254,50.32767242261639,49.76318304731851,,,55.74407338254656,"rgba(38, 166, 154, 1.0)",0.0,0.0,2.0575779287100615,50.65802275284303,1.9169077103337993,0.0,0.0,0.0,0.0,0.0,0.0,0.0,0.0,68.54890169457009,12.028603913798506,True,False,True,False,True,9.453146804440486,0,1.044659620226324,0.860088213953028,False,False,False,False,0.34282824473749923,0.28597624532963284,False,False,False,False,3042936,-5941363.213414764,False,False,False,False,1867123.5334065508,False,False,False,False
2024-05-13 00:00:00+00:00,53.4664237116,54.8368762857,53.3631704355,54.6585297178,1365662,,,,,,,,,,,,,,,,,,50.670796190355176,50.37633689839942,49.80770699945331,,,55.74029074042902,"rgba(38, 166, 154, 1.0)",0.0,0.0,2.0968299958542715,50.691894468224596,1.323201808854814,0.0,0.0,0.0,0.0,0.0,0.0,0.0,0.0,67.52928866311527,12.028603913798506,True,False,True,False,True,6.696333669260891,0,1.020334121130149,0.8839046103937535,False,False,False,False,0.25569436994849193,0.2708353076390624,False,False,False,False,1677274,-5642593.126614185,False,False,False,False,1847458.3752337447,False,False,False,False
2024-05-14 00:00:00+00:00,53.9733034308,54.4050898583,53.7339435634,53.8794368161,901875,,,,,,,,,,,,,,,,,,50.76297161302608,50.40908119584744,49.837638931914405,,,55.738000997435634,"rgba(38, 166, 154, 1.0)",0.0,0.0,2.1501514073227517,50.7144967707379,1.5156172951186646,0.0,0.0,0.0,0.0,0.0,0.0,0.0,0.0,67.59152240641541,12.028603913798506,True,False,True,False,True,7.69681598669132,0,1.043513942565548,0.8680344060190464,False,False,False,False,0.25288966014263453,0.26186248389084843,False,False,False,False,2579149,-5320171.866746962,False,False,False,False,1810376.6742441861,False,False,False,False
2024-05-15 00:00:00+00:00,53.8231168474,54.602209749,53.6494636102,54.3487698895,1522510,,,,,,,,,,,,,,,,,,50.907079054175654,50.4628634369758,49.88707121889532,,,55.73412113784454,"rgba(38, 166, 154, 1.0)",0.0,0.0,2.1982539910622916,50.75127275805204,1.397401802447548,0.0,0.0,0.0,0.0,0.0,0.0,0.0,0.0,67.1682605533227,12.028603913798506,True,False,True,False,True,7.332200365935584,0,1.0465377581692885,0.8527504076026208,False,False,False,False,0.247111978216451,0.25448723105364973,False,False,False,False,1056639,-5070100.852364728,False,False,False,False,1799087.7850581396,False,False,False,False
2024-05-16 00:00:00+00:00,53.6635436024,53.8794368161,53.2786904823,53.7010902483,1855480,,,,,,,,,,,,,,,,,,51.0450273988341,50.51884630000813,49.93983436450707,,,55.72826668554933,"rgba(38, 166, 154, 1.0)",0.0,0.0,2.237482467848202,50.788903267434186,1.2847655238748605,0.0,0.0,0.0,0.0,0.0,0.0,0.0,0.0,66.36659330305557,12.028603913798506,True,False,True,False,True,6.940505405606803,0,1.0360112064567721,0.8899655773100185,False,False,False,False,0.1825298733486858,0.21850855220116777,False,False,False,False,-798841,-4902600.465997484,False,False,False,False,1801299.2444676245,False,False,False,False
2024-05-17 00:00:00+00:00,54.2173566289,54.4238631812,53.353783774,53.8982101391,1151523,,,,,,,,,,,,,,,,,,51.13578820341997,50.55687243144409,49.975245991057164,,,55.72531653715046,"rgba(38, 166, 154, 1.0)",0.0,0.0,2.268093367907015,50.814414046840724,1.5003538347274887,0.0,0.0,0.0,0.0,0.0,0.0,0.0,0.0,66.79909874535895,12.028603913798506,True,False,True,False,True,8.068190505556867,0,1.018320068190914,0.8979867172616501,False,False,False,False,0.21584972336005842,0.2171791377806131,False,False,False,False,352682,-4696510.957526994,False,False,False,False,1775817.823115953,False,False,False,False
2024-05-20 00:00:00+00:00,56.291808813,56.9510340477,54.4426365041,54.4426365041,2281714,,,,,,,,,,,,,,,,,,51.408972489915456,50.67002205327328,50.075855713052896,,,55.72588852475451,"rgba(38, 166, 154, 1.0)",0.0,0.0,2.3868832016753565,50.891076421374876,2.2626714151049976,0.0,0.0,0.0,0.0,0.0,0.0,0.0,0.0,69.81753864402482,13.850716449272696,True,False,True,False,True,12.054560273962704,0,1.0342755463856002,0.857636436094286,False,False,False,False,0.34282824391728944,0.28000369084895127,False,False,False,False,2634396,-4409024.410172994,False,False,False,False,1795656.8888761117,False,False,False,False
2024-05-21 00:00:00+00:00,55.9257290158,56.3105821359,55.4751692654,55.6535158333,1491026,,,,,,,,,,,,,,,,,,51.571472747259286,50.741524126277795,50.1398688893152,,,55.726279254988604,"rgba(38, 166, 154, 1.0)",0.0,0.0,2.4727114524643743,50.9391293361719,2.0166524786619617,0.0,0.0,0.0,0.0,0.0,0.0,0.0,0.0,70.64489518146702,14.861442169387004,True,False,True,False,True,11.130820052339423,0,1.0509037597538065,0.8605445057554941,False,False,False,False,0.3428282442011119,0.3114159675250316,False,False,False,False,1143370,-4191283.4529113085,False,False,False,False,1783710.5795084212,False,False,False,False
2024-05-22 00:00:00+00:00,56.6297286258,57.1084483605,55.0997028068,55.4657826039,1877467,,,,,,,,,,,,,,,,,,51.77645302034636,50.83517583291974,50.22362208152683,,,55.72780412101976,"rgba(38, 166, 154, 1.0)",0.0,0.0,2.5607393984069025,51.00186414792307,2.1977497910869634,0.0,0.0,0.0,0.0,0.0,0.0,0.0,0.0,72.02926231240309,16.41843655549181,True,False,True,False,True,12.433597091487204,0,1.0461933083039117,0.8526620370545823,False,False,False,False,0.3428282444901952,0.3271221060076134,False,False,False,False,3020837,-3908455.1998559632,False,False,False,False,1787387.30188064,False,True,False,False
2024-05-23 00:00:00+00:00,55.5784225415,57.1366083449,55.306209359,56.7893018707,1204155,,,,,,,,,,,,,,,,,,51.89138617289962,50.89067113000241,50.27378560627597,,,55.728297149287044,"rgba(38, 166, 154, 1.0)",0.0,0.0,2.611598691433976,51.183404152537996,1.682884282098022,0.0,0.0,0.0,0.0,0.0,0.0,0.0,0.0,69.73487980397624,16.41843655549181,True,False,True,False,True,9.797905655605021,0,1.0473842658634303,0.8576812842573452,False,False,False,False,0.34282824464383616,0.33497517532572474,False,False,False,False,1816682,-3683940.0155478865,False,False,False,False,1764515.4469049287,False,False,False,False
2024-05-24 00:00:00+00:00,55.2498893902,55.9820489846,55.1560227756,55.7661557709,902709,,,,,,,,,,,,,,,,,,51.962666939050926,50.92715460270974,50.30730712647163,,,55.72794605129497,"rgba(38, 166, 154, 0.75)",0.0,0.0,2.6346388282402935,51.19565801370679,1.538818654396391,0.0,0.0,0.0,0.0,0.0,0.0,0.0,0.0,67.28296873940556,16.41843655549181,True,False,True,False,False,8.990539506974134,0,1.042382227311189,0.8745133293894116,False,False,False,False,0.2803133177492291,0.3076442465374769,False,False,False,False,913973,-3503629.7012126753,False,False,False,False,1730719.115653755,False,False,False,False
2024-05-28 00:00:00+00:00,55.6629024947,56.1603955524,55.5502625571,55.8037024167,1135415,,,,,,,,,,,,,,,,,,52.05642734319905,50.97548915228818,50.35150803413763,,,55.72805100848986,"rgba(38, 166, 154, 0.75)",0.0,0.0,2.6489979232633556,51.22766727472384,1.674306793911072,0.0,0.0,0.0,0.0,0.0,0.0,0.0,0.0,66.34404742398885,21.78192275667989,True,False,True,False,False,9.787025198527022,0,1.0427950925525111,0.8710661894347521,False,False,False,False,0.3074591512289322,0.30755169888320455,False,False,False,False,2049388,-3285864.3011651197,False,False,False,False,1707373.856216353,False,False,False,False
2024-05-29 00:00:00+00:00,53.5415170034,54.9682895462,53.4476503887,54.9213562389,1475570,,,,,,,,,,,,,,,,,53.98581897943333,52.11593972227717,51.01386940714999,50.38918231937104,,,55.724301362834176,"rgba(38, 166, 154, 0.75)",0.0,0.0,2.61351415139997,51.22419511225375,0.8866689663436259,0.0,0.0,0.0,0.0,0.0,0.0,0.0,0.0,60.59001759160544,16.300424014307524,True,False,True,False,False,4.743908694701808,0,1.0047436197653474,0.8885947663281388,False,False,False,False,0.15593277252027943,0.231742235701742,False,False,False,False,573818,-3134504.2109233504,False,False,False,False,1698283.5089137508,False,False,False,False
2024-05-30 00:00:00+00:00,53.794956863,54.5458897802,53.5415170034,53.5415170034,1386829,,,,,,,,,,,,,,,,,53.97369144181715,52.16791531379136,51.04876349721178,50.42364418153346,,,55.72074137491435,"rgba(38, 166, 154, 0.5)",0.0,0.0,2.598151835250679,51.23223652267084,0.9863628081928106,0.0,0.0,0.0,0.0,0.0,0.0,0.0,0.0,57.27009527387369,13.287797190486053,False,False,True,False,False,5.249669444761725,0,1.0164374851419813,0.8856899709959585,False,False,False,False,0.14131085061741447,0.18652654315957823,False,False,False,False,1960647,-2934694.3595145917,False,False,False,False,1686069.6066034075,False,False,False,False
2024-05-31 00:00:00+00:00,55.0152228536,55.1466361141,53.6447702795,53.9733034308,1427699,,,,,,,,,,,,,,,,,54.1828556517587,52.23652868335353,51.09155773348379,50.46474245380242,,,55.71842168388537,"rgba(38, 166, 154, 0.5)",0.0,0.0,2.5733847000719785,51.25675936058775,1.4605136546071502,0.0,0.0,0.0,0.0,0.0,0.0,0.0,0.0,57.33948500697548,13.287797190486053,False,False,True,False,False,7.6323512094659165,0,1.0231250890973038,0.8791007651920931,False,False,False,False,0.1727253006500546,0.1796259219048164,False,False,False,False,3388346,-2686731.992474804,False,False,False,False,1675937.4259522934,False,False,False,False
2024-06-03 00:00:00+00:00,54.1328766757,55.6225398504,53.7010902483,55.165409437,905929,,,,,,,,,,,,,,,,,54.235622186164,52.27604520525684,51.11729673055335,50.48968035921091,,,55.7168013558624,"rgba(38, 166, 154, 0.5)",0.0,0.0,2.5254097516459915,51.271298914212345,1.1331142439845874,0.0,0.0,0.0,0.0,0.0,0.0,0.0,0.0,55.48198361288641,11.574025158658152,False,False,True,False,False,5.600846654783254,0,1.0125017640195741,0.8776400154933205,False,False,False,False,0.19669745503033798,0.1881616884675772,False,False,False,False,2482417,-2484020.267279714,False,False,False,False,1645741.0170914193,False,False,False,False
2024-06-04 00:00:00+00:00,53.7010902483,53.8888234776,53.2974638052,53.7198635712,1733260,,,,,,,,,,,,,,,,,54.08391597879532,52.32005281566067,51.153221198764285,50.52649759160002,,,55.711565228894294,#000000,0.0,0.0,2.501952569763244,51.28391479537862,0.9661156179112184,0.0,0.0,0.0,0.0,0.0,0.0,0.0,0.0,53.367546851745885,9.482065230108361,False,True,False,False,False,4.623357207790431,0,1.0245038042201784,0.8923485423910338,False,False,False,False,0.10149255805252631,0.14482712326005176,False,False,False,False,749157,-2357229.001896196,False,False,False,False,1649173.1340682264,False,False,False,False
2024-06-05 00:00:00+00:00,52.3212510128,54.0202367381,52.1615839012,53.9075968005,1481056,,,,,,,,,,,,,,,,,53.863869483549344,52.33395961203122,51.17351837011365,50.54939492958191,,,55.705412094075676,#000000,0.0,0.0,2.473997476832542,51.285128968913384,0.4188048102672929,0.0,0.0,0.0,0.0,0.0,0.0,0.0,0.0,49.47731739375415,5.761782739071663,False,True,False,False,False,1.5943343723977463,0,1.002032632581491,0.8831174731690529,False,False,False,False,0.05747707535747221,0.10115209930876198,False,False,False,False,-731899,-2293490.5704492866,False,False,False,False,1642580.3052812372,False,False,False,False
2024-06-06 00:00:00+00:00,52.4432776118,52.5746908723,51.6547980487,52.1804510908,1568017,,,,,,,,,,,,,,,,,53.60621766676789,52.33090644335569,51.186779786022576,50.56680479903682,,,55.69754805214253,"rgba(239, 83, 80, 1.0)",0.0,0.0,2.4340394253367497,51.280136766351106,0.47786442295936626,0.0,0.0,0.0,0.0,0.0,0.0,0.0,0.0,47.16598969454872,3.586515926704415,False,True,False,True,False,1.8454670608372972,0,0.9894439923599864,0.9211558020880303,False,False,False,False,-0.027592143382645845,0.03677997796305807,False,False,False,False,836118,-2170760.8225885304,False,False,False,False,1639656.2540937378,False,False,False,False
2024-06-07 00:00:00+00:00,52.0114911844,52.4902109191,51.6360247257,51.8613046009,1290319,,,,,,,,,,,,,,,,,53.42755466713347,52.324525553261644,51.19561085626987,50.57934957263706,,,55.690772419470576,"rgba(239, 83, 80, 1.0)",0.0,0.0,2.3856795452525623,51.276000660934145,0.3082939303099036,0.0,0.0,0.0,0.0,0.0,0.0,0.0,0.0,44.86658605128012,1.3948680297859468,False,True,False,True,False,0.907800398197832,0,0.9848258539103618,0.9272376595073433,False,False,False,False,-0.03209151139266901,0.002344233285194529,False,False,False,False,-454201,-2103444.7511144704,False,False,False,False,1625956.7539331992,False,False,False,False
2024-06-10 00:00:00+00:00,51.7392780018,52.4432776118,51.4482914964,52.1522911064,1415399,,,,,,,,,,,,,,,,,53.25452469532495,52.31379673093253,51.203207642471284,50.591310497133854,,,55.683025637724626,"rgba(239, 83, 80, 1.0)",0.0,0.0,2.3845980898031134,51.27112047840684,0.1963255465963296,0.0,0.0,0.0,0.0,0.0,0.0,0.0,0.0,42.85357694132142,-0.5569011076693258,False,True,False,True,False,0.316599594308979,0,0.9645233148570396,0.9456734194830475,False,False,False,False,-0.04232246853688913,-0.019989117625847302,False,False,False,False,-1869600,-2094274.3687178246,False,False,False,False,1617699.5871122896,False,False,False,False
2024-06-11 00:00:00+00:00,49.9370390003,51.4576781579,49.7675158943,51.1479183295,2142365,,,,,,,,,,,,,,,,,52.8402376006797,52.246349464731495,51.18966836584143,50.58850482213297,,,55.66679414342396,"rgba(239, 83, 80, 1.0)",0.0,0.0,2.3807546841484335,51.24104017666836,-0.5477259732179385,0.0,0.0,0.0,0.0,0.0,0.0,0.0,0.0,38.83701625412961,-4.379262921995803,False,True,False,True,False,0.0,0,0.9243308073942614,0.9646879065684602,False,False,False,False,-0.15972832472969958,-0.08985872117777344,False,False,False,False,-4011965,-2169477.922885753,False,False,False,False,1638274.7013431801,False,False,False,False
2024-06-12 00:00:00+00:00,49.204879406,51.1291450065,48.5947464107,50.7724518708,2653318,,,,,,,,,,,,,,,,,52.35490540596968,52.13814957393142,51.158515945297594,50.57266037500592,,,55.644013389440346,"rgba(239, 83, 80, 1.0)",0.0,0.0,2.3862722102864815,51.195403471246394,-0.834156328295597,0.0,0.0,0.0,0.0,0.0,0.0,0.0,0.0,35.291263004162346,-7.683113095639165,False,True,False,True,False,0.0,0,0.908951885297816,0.9780271512523728,False,False,False,False,-0.22759620784818702,-0.15872746451298023,False,False,False,False,-6665283,-2345784.004341214,False,False,False,False,1678080.3208983496,False,False,False,False
2024-06-13 00:00:00+00:00,48.1347999988,49.2799726977,47.9282934466,49.2799726977,2086095,,,,,,,,,,,,,,,,,51.938321270613194,52.02137642644076,51.11625914658317,50.54502966345443,,,55.62268006073725,"rgba(239, 83, 80, 1.0)",0.0,0.0,2.4035906337528887,51.14626354102841,-1.2529020124888781,0.0,0.0,0.0,0.0,0.0,0.0,0.0,0.0,31.802718040655805,-10.908113950856297,False,True,False,True,False,0.0,0,0.8956022350866399,1.0156473314330559,False,False,False,False,-0.34282825441539394,-0.25077785946418707,False,False,False,False,-8751378,-2596983.768876853,False,False,False,False,1694080.8965493948,False,False,False,False
2024-06-14 00:00:00+00:00,48.07848003,48.1066400144,47.3087737898,47.796880186,1729975,,,,,,,,,,,,,,,,,51.60468565535174,51.914238993301915,51.07433612660963,50.516079328072905,,,55.60357265335614,"rgba(239, 83, 80, 1.0)",0.0,0.0,2.417439890631325,51.10147200218109,-1.2504931286591872,0.0,0.0,0.0,0.0,0.0,0.0,0.0,0.0,29.420092043156817,-13.111647929154053,False,True,False,True,False,0.0,0,0.8652035928243642,1.0442534201554134,False,False,False,False,-0.34282825441539394,-0.2968030569397905,False,False,False,False,-10481353,-2906174.7191169765,False,False,False,False,1695488.5084494185,False,False,False,False
2024-06-17 00:00:00+00:00,47.6279202796,48.0127733998,47.0647205917,48.0127733998,1423905,,,,,,,,,,,,,,,,,51.35172560222789,51.82466505991287,51.03789258906623,50.490422625768396,,,55.587386484743654,"rgba(239, 83, 80, 1.0)",0.0,0.0,2.433059823069538,50.82234736985999,-1.3129258310755043,0.0,0.0,0.0,0.0,0.0,0.0,0.0,0.0,27.362543888109556,-15.080815947604556,False,True,False,True,False,0.0,0,0.8682683354177182,1.0449902984853088,False,False,False,False,-0.34282825441539394,-0.3198156556775922,False,False,False,False,-11905258,-3259079.9458182715,False,False,False,False,1684838.1747847353,False,False,False,False
2024-06-18 00:00:00+00:00,47.8813601392,48.360079874,47.3557070971,47.6654669255,1702316,,,,,,,,,,,,,,,,,51.10873658447965,51.72945515118663,50.99895419869734,50.463390816017494,,,55.56883500750637,"rgba(239, 83, 80, 1.0)",0.0,0.0,2.4438052910314494,50.79252956360111,-1.1912444232299704,0.0,0.0,0.0,0.0,0.0,0.0,0.0,0.0,26.86366565565046,-15.686652570396689,False,True,False,True,False,0.0,0,0.8658283226257089,1.0449723860247522,False,False,False,False,-0.3158399359598072,-0.3178277958186997,False,False,False,False,-10202942,-3531388.2616685354,False,False,False,False,1685523.5796951377,False,False,False,False
2024-06-20 00:00:00+00:00,48.7543196556,48.904506239,47.7360546197,47.9282934466,1731772,,,,,,,,,,,,,,,,,50.93367927865798,51.651495222181524,50.96770153047601,50.44266997378252,,,55.55151480805548,"rgba(239, 83, 80, 1.0)",0.0,0.0,2.4199339210349304,50.775824854809436,-0.8353555366275873,0.0,0.0,0.0,0.0,0.0,0.0,0.0,0.0,29.359656438175826,-15.686652570396689,False,True,False,True,False,0.0,0,0.8785729448581644,1.0223918151981657,False,False,False,False,-0.2775034171084346,-0.29766560646356716,False,False,False,False,-8471170,-3725105.192583495,False,False,False,False,1687337.243236505,False,False,False,False
2024-06-21 00:00:00+00:00,48.4070131813,48.923279562,48.0033867383,48.7167730097,2744094,,,,,,,,,,,,,,,,,50.697316999824295,51.53456600341367,50.91933711897471,50.41037248754755,,,55.524163706809645,"rgba(239, 83, 80, 0.75)",0.0,0.0,2.399317397773847,50.739611034746126,-0.9721922808588697,0.0,0.0,0.0,0.0,0.0,0.0,0.0,0.0,30.477413677602755,-15.686652570396689,False,True,False,True,True,0.0,0,0.8908624777603554,1.0185018353900694,False,False,False,False,-0.2658069715994048,-0.28173628903148595,False,False,False,False,-11215264,-4018836.910521397,False,False,False,False,1728778.6846782109,False,False,False,False
2024-06-24 00:00:00+00:00,49.4207726197,49.5146392344,48.3319198896,48.3976265199,1714479,,,,,,,,,,,,,,,,,50.607247733692034,51.48009777219763,50.89767743978343,50.3971623477371,,,55.50872774951603,"rgba(239, 83, 80, 0.75)",0.0,0.0,2.3914869984365446,50.72880768494136,-0.546954704790992,0.0,0.0,0.0,0.0,0.0,0.0,0.0,0.0,34.20169799165258,-15.686652570396689,False,True,False,True,True,0.0,0,0.9040936513158448,1.0031205125745508,False,False,False,False,-0.22866034877276678,-0.25519831890212635,False,False,False,False,-9500785,-4233815.266971538,False,False,False,False,1728217.9127300456,False,False,False,False
2024-06-25 00:00:00+00:00,48.923279562,49.0546928225,48.2568265979,49.0546928225,1723947,,,,,,,,,,,,,,,,,50.50796217721979,51.420182227737534,50.87236150968707,50.38071725730746,,,55.492452886370394,"rgba(239, 83, 80, 0.75)",0.0,0.0,2.4015169907242417,50.70997074874947,-0.7439844038790863,0.0,0.0,0.0,0.0,0.0,0.0,0.0,0.0,35.755706464567055,-21.382374065870064,False,True,False,True,True,0.0,0,0.9260623139247467,0.9879940364478653,False,False,False,False,-0.2501842931408086,-0.2526913060214675,False,False,False,False,-11224732,-4507968.864345203,False,False,False,False,1728050.4259563184,False,False,False,False
2024-06-26 00:00:00+00:00,48.9514395464,49.045306161,48.5173064536,48.78247964,1385700,,,,,,,,,,,,,,,,,50.43934111451648,51.37550307556331,50.85331193658133,50.36847301313714,,,55.479607584741,"rgba(239, 83, 80, 0.75)",0.0,0.0,2.4039778850345512,50.69611795151788,-0.7257464454972715,0.0,0.0,0.0,0.0,0.0,0.0,0.0,0.0,36.87625136926767,-20.106339763997997,False,True,False,True,True,0.0,0,0.933014508528646,0.9777622003490561,False,False,False,False,-0.24005600694533544,-0.24637365648340148,False,False,False,False,-9839032,-4717030.163782646,False,False,False,False,1714624.9190560705,False,False,False,False
2024-06-27 00:00:00+00:00,48.78247964,49.1579460986,48.4445598272,48.7637063171,1170940,,,,,,,,,,,,,,,,,50.384160095361096,51.3383163794425,50.83715289746191,50.35799030283136,,,55.46872162028313,"rgba(239, 83, 80, 0.75)",0.0,0.0,2.411734502366787,50.683962219241565,-0.7884294798517506,0.0,0.0,0.0,0.0,0.0,0.0,0.0,0.0,37.275791692133716,-19.43815485518879,False,True,False,True,True,0.0,0,0.9464076963190643,0.9550965895211803,False,False,False,False,-0.23845132998625176,-0.2424124932348266,False,False,False,False,-11009972,-4963812.196575483,False,False,False,False,1693303.9418381853,False,False,False,False
2024-06-28 00:00:00+00:00,48.2943732437,49.3758029333,48.0761900608,49.1386472997,2118419,,,,,,,,,,,,,,,,,50.28101697560374,51.26828511095578,50.805573188030195,50.33684091908793,,,55.448491657753564,"rgba(239, 83, 80, 0.75)",0.0,0.0,2.4241807623209857,50.65835928878006,-0.97516904754937,0.0,0.0,0.0,0.0,0.0,0.0,0.0,0.0,36.551251508545235,-19.43815485518879,False,True,False,True,True,0.0,0,0.9385580429095283,0.9539091688875979,False,False,False,False,-0.24451197404106165,-0.24346223363794411,False,False,False,False,-13128391,-5283991.757494092,False,False,False,False,1709975.120589629,False,False,False,False
2024-07-01 00:00:00+00:00,47.592392568,48.5694737788,47.5734201173,48.5125564267,1377882,,,,,,,,,,,,,,,,,50.19597883094602,51.213715203156035,50.779452294137116,50.318200235430076,,,55.434118760179786,"rgba(239, 83, 80, 0.75)",0.0,0.0,2.454315321515904,50.634475770751486,-1.2394834421163727,0.0,0.0,0.0,0.0,0.0,0.0,0.0,0.0,34.781900680209546,-19.43815485518879,False,True,False,True,True,0.0,0,0.9261366341367824,0.9795599398151597,False,False,False,False,-0.2980287155920851,-0.27074547461501464,False,False,False,False,-14506273,-5645649.8454355,False,False,False,False,1696951.8609586633,False,False,False,False
2024-07-02 00:00:00+00:00,47.4121542864,48.1805385396,47.0232190472,47.8959517792,2009297,,,,,,,,,,,,,,,,,50.06381111317674,51.128604115125256,50.737348138819556,50.287389386109304,,,55.41222269617651,"rgba(239, 83, 80, 1.0)",0.0,0.0,2.4828540954957488,50.59532305708312,-1.2820603419499517,0.0,0.0,0.0,0.0,0.0,0.0,0.0,0.0,33.28871109724939,-19.43815485518879,False,True,False,True,False,0.0,0,0.9121941176465547,0.9878508227289112,False,False,False,False,-0.33745242087731325,-0.304098947746164,False,False,False,False,-16515570,-6071921.224045873,False,False,False,False,1709200.6899406766,False,False,False,False
2024-07-03 00:00:00+00:00,48.2848870184,48.7212533844,47.7346859482,47.7916033003,1165672,,,,,,,,,,,,,,,,,50.012856913048154,51.0904010003425,50.71871817257348,50.27435168927123,,,55.400713242599906,"rgba(239, 83, 80, 1.0)",0.0,0.0,2.5004457122441592,50.58008102344833,-0.917913951824367,0.0,0.0,0.0,0.0,0.0,0.0,0.0,0.0,35.50461595869377,-19.43815485518879,False,True,False,True,False,0.0,0,0.9270237952387905,0.969573878044045,False,False,False,False,-0.28509034504344655,-0.29459464639480526,False,False,False,False,-15349898,-6435763.450553877,False,False,False,False,1687885.8393547677,False,False,False,False
2024-07-05 00:00:00+00:00,47.3647231597,48.7591982858,47.317292033,48.7591982858,2027745,,,,,,,,,,,,,,,,,49.910561702112126,51.01653873027764,50.68140114478594,50.247302431217165,,,55.3795727384708,"rgba(239, 83, 80, 1.0)",0.0,0.0,2.5336974303380044,50.54785089775038,-1.2563172302802312,0.0,0.0,0.0,0.0,0.0,0.0,0.0,0.0,35.14263094236646,-19.43815485518879,False,True,False,True,False,0.0,0,0.9236184594943868,0.9670215830591974,False,False,False,False,-0.3007855886101693,-0.2976901175024873,False,False,False,False,-17377643,-6864856.766218431,False,False,False,False,1701213.6495761494,False,False,False,False
2024-07-08 00:00:00+00:00,46.5583940052,47.5259889906,46.1410000899,47.4500991878,2538019,,,,,,,,,,,,,,,,,49.73621987297957,50.89923851618894,50.61906054243583,50.19972405897121,,,55.34955221686639,"rgba(239, 83, 80, 1.0)",0.0,0.0,2.5782886862446643,50.49020453874626,-1.5249690829900948,0.0,0.0,0.0,0.0,0.0,0.0,0.0,0.0,33.55294007164349,-19.43815485518879,False,True,False,True,False,0.0,1,0.9046115959244365,0.9858804870380923,False,False,False,False,-0.34282825441539394,-0.32025918595894065,False,False,False,False,-19915662,-7376653.049896141,False,False,False,False,1734029.5456712025,False,False,False,False
2024-07-09 00:00:00+00:00,46.0651102871,46.8334945402,46.0176791604,46.5868526812,2821739,,,,,,,,,,,,,,,,,49.53845783472548,50.763240544851435,50.544482818865234,50.141833848925366,,,55.31474015206495,"rgba(239, 83, 80, 1.0)",0.0,0.0,2.6370358801083165,50.42193497124926,-1.6521673887767891,0.0,0.0,0.0,0.0,0.0,0.0,0.0,0.0,31.751101443143966,-19.43815485518879,False,True,False,True,False,0.0,0,0.9082773421010955,0.9929318439347344,False,False,False,False,-0.34282825441539394,-0.33154372018716727,False,False,False,False,-22737401,-7979035.322449233,False,False,False,False,1776684.8183899787,False,False,False,False
2024-07-10 00:00:00+00:00,45.8089822027,46.2168898927,45.4010745128,46.1789449913,2939950,,,,,,,,,,,,,,,,,49.327162571606166,50.614999725841024,50.46069100362118,50.0757495590992,,,55.27677064898199,"rgba(239, 83, 80, 1.0)",0.0,0.0,2.699732437445438,50.026261462940205,-1.5621100823719816,0.0,0.0,0.0,0.0,0.0,0.0,0.0,0.0,30.172897332702135,-14.64689381688018,False,True,False,True,False,0.0,0,0.8938757909053114,1.0073257555183859,False,False,False,False,-0.34282825441539394,-0.3371859873012806,False,False,False,False,-25677351,-8673086.917647304,False,False,False,False,1822303.060806058,False,False,False,False
2024-07-11 00:00:00+00:00,47.1180813007,47.2129435541,46.1884312166,46.2738072447,2221256,,,,,,,,,,,,,,,,,49.225060834540976,50.531540041230606,50.412922677130496,50.03888522863571,,,55.25138526609784,"rgba(239, 83, 80, 0.75)",0.0,0.0,2.721209664493881,50.00983559504052,-1.0626723593083964,0.0,0.0,0.0,0.0,0.0,0.0,0.0,0.0,33.60364185205077,-14.64689381688018,False,True,False,True,True,0.0,0,0.8876457495594976,1.0110061892027555,False,False,False,False,-0.2806197254976631,-0.30890285639947185,False,False,False,False,-23456095,-9252812.72479839,False,False,False,False,1837948.2741077815,False,False,False,False
2024-07-12 00:00:00+00:00,47.127567526,47.8485206524,46.9947603711,47.345750709,2447545,,,,,,,,,,,,,,,,,49.142779548290015,50.455254432371504,50.36865851756116,50.00522365658151,,,55.22518873746094,"rgba(239, 83, 80, 0.75)",0.0,0.0,2.745355082776736,49.99341713917362,-1.0438903263016217,0.0,0.0,0.0,0.0,0.0,0.0,0.0,0.0,35.91991069498384,-19.4296971780784,False,True,False,True,True,0.0,0,0.9072852183895719,0.9926896056245766,False,False,False,False,-0.23184711074903283,-0.2703749835742523,False,False,False,False,-21008550,-9713822.029708259,False,False,False,False,1861854.0280643392,False,False,False,False
2024-07-15 00:00:00+00:00,47.4406129625,47.4595854132,46.4350730756,47.0801363993,1592453,,,,,,,,,,,,,,,,,49.087162299315644,50.404311093898244,50.33857685304856,49.98207173929814,,,55.20778267407678,"rgba(239, 83, 80, 0.75)",0.0,0.0,2.7677298279206672,49.97468160308661,-0.9155765909747048,0.0,0.0,0.0,0.0,0.0,0.0,0.0,0.0,38.46575359074163,-17.014932802875677,False,True,False,True,True,0.0,0,0.9140251560077612,0.9868559562285534,False,False,False,False,-0.26379851031758694,-0.2670867469459196,False,False,False,False,-19416097,-10094303.401092248,False,False,False,False,1851289.2818657376,False,False,False,False
2024-07-16 00:00:00+00:00,48.2943732437,48.5315288774,46.8878506115,47.1465399767,1513883,,,,,,,,,,,,,,,,,49.05715761507572,50.368620059680794,50.31739102270715,49.96638829019019,,,55.192918186778826,"rgba(239, 83, 80, 0.5)",0.0,0.0,2.782416507148457,49.968729317907176,-0.6017632765998534,0.0,0.0,0.0,0.0,0.0,0.0,0.0,0.0,42.640386982106115,-13.126970989132104,False,False,False,True,True,0.0,0,0.9231016902565266,0.9656168291802192,False,False,False,False,-0.21267148457458612,-0.23987911576025286,False,False,False,False,-17902214,-10400495.973598434,False,False,False,False,1838057.662969042,False,False,False,False
2024-07-17 00:00:00+00:00,49.5180963136,49.7362794966,47.9054380045,48.3038594691,2649395,,,,,,,,,,,,,,,,,49.05699238592796,50.336554163480486,50.29842382381359,49.95448179839958,,,55.17112652092477,#000000,0.0,0.0,2.786099882368483,49.83156487255748,-0.11251160123197008,0.0,0.0,0.0,0.0,0.0,0.0,0.0,0.0,48.23208102280141,-8.040124548197099,False,False,False,False,True,0.0,0,0.9248573824891906,0.9619809382949136,False,False,False,False,-0.13999729514684567,-0.18993820545354928,False,False,False,False,-15252819,-10590783.151104378,False,False,False,False,1869874.8134408444,False,False,False,False
2024-07-18 00:00:00+00:00,48.1900247649,49.6888483698,47.4500991878,49.366316708,2218191,,,,,,,,,,,,,,,,,49.035887793399695,50.29867855762033,50.275404595172176,49.93815881229913,,,55.15119202104617,#000000,0.0,0.0,2.8003891456447296,49.81259836275745,-0.5794100439151229,0.0,0.0,0.0,0.0,0.0,0.0,0.0,0.0,48.58730622622356,-7.890862123477035,False,False,False,False,True,0.0,0,0.9186762010883943,0.9750548085178301,False,False,False,False,-0.15628412240750195,-0.1731111639305256,False,False,False,False,-17471010,-10860595.968708128,False,False,False,False,1883534.271737282,False,False,False,False
2024-07-19 00:00:00+00:00,47.9338966805,48.1710523142,47.3362644837,48.0097864833,1400388,,,,,,,,,,,,,,,,,49.00993057989287,50.26769042882904,50.25627367468344,49.923773039957176,,,55.13749286380046,#000000,0.0,0.0,2.8179357083161216,49.790410047227866,-0.6588203418726116,0.0,0.0,0.0,0.0,0.0,0.0,0.0,0.0,48.25118869483167,-7.890862123477035,False,False,False,False,True,0.0,0,0.9053024379526541,1.0144346895256036,False,False,False,False,-0.2097583021376333,-0.19143473303407946,False,False,False,False,-18871398,-11174745.067974476,False,False,False,False,1864587.3591201336,False,False,False,False
2024-07-22 00:00:00+00:00,47.8390344271,48.1805385396,47.2271728922,48.1425936382,1476072,,,,,,,,,,,,,,,,,48.98231858179517,50.2350123467708,50.23590141850379,49.90835980452851,,,55.122981286171296,#000000,0.0,0.0,2.8260605844730513,49.7698522916725,-0.6832188507142418,0.0,0.0,0.0,0.0,0.0,0.0,0.0,0.0,47.80498610850265,-7.890862123477035,False,False,False,False,True,0.0,0,0.8950272166466142,1.0183696907765092,False,False,False,False,-0.21305828969027318,-0.2022465113621763,False,False,False,False,-20347470,-11534459.771191163,False,False,False,False,1849351.46268405,False,False,False,False
2024-07-23 00:00:00+00:00,47.0421914979,47.8295482017,46.8050358642,47.8295482017,1752538,,,,,,,,,,,,,,,,,48.93780473344998,50.18935915314553,50.207139072424575,49.88597429781856,,,55.104608048782296,"rgba(239, 83, 80, 0.5)",0.0,0.0,2.844367081414572,49.736880177155776,-0.9473772555107911,0.0,0.0,0.0,0.0,0.0,0.0,0.0,0.0,45.71571585352057,-7.890862123477035,False,False,False,True,True,0.0,0,0.8733453753996145,1.059686775026295,False,False,False,False,-0.2388344897314666,-0.22054050054682145,False,False,False,False,-22100008,-11948794.995850332,False,False,False,False,1845554.8563042833,False,False,False,False
2024-07-24 00:00:00+00:00,46.909384343,47.6682823708,46.8429807656,47.1749986527,1708232,,,,,,,,,,,,,,,,,48.89447713404348,50.144929714738986,50.17884017129198,49.86382256878684,,,55.086588228473865,"rgba(239, 83, 80, 0.5)",0.0,0.0,2.8562065101241507,49.70696561360053,-0.9794744395001498,0.0,0.0,0.0,0.0,0.0,0.0,0.0,0.0,44.037996635094146,-7.890862123477035,False,False,False,True,False,0.0,1,0.8437841030796047,1.07419309858067,False,False,False,False,-0.2429741379632396,-0.23175731925503051,False,False,False,False,-23808240,-12413871.270522868,False,False,False,False,1840169.646253135,False,False,False,False
2024-07-25 00:00:00+00:00,48.1425936382,48.3133456944,46.5868526812,46.8050358642,1747824,,,,,,,,,,,,,,,,,48.86526919264918,50.10873398557378,50.15547799623267,49.84595118590645,,,55.06948381984488,#000000,0.0,0.0,2.8599247463965813,49.68958419305671,-0.5409200213417762,0.0,0.0,0.0,0.0,0.0,0.0,0.0,0.0,46.353216736679755,-7.890862123477035,False,False,False,False,False,0.0,1,0.8596158330966329,1.053459007429488,False,False,False,False,-0.22994534291703556,-0.23085133108603303,False,False,False,False,-22060416,-12792167.142267069,False,False,False,False,1836548.2483608553,False,False,False,False
2024-07-26 00:00:00+00:00,48.5884462295,48.8825192153,47.980474047,48.5410151028,1484768,,,,,,,,,,,,,,,,,48.85762626137926,50.08870661652197,50.14230120037275,49.83654317190298,,,55.056587847812416,#000000,0.0,0.0,2.8533752378877373,49.68779695986868,-0.3852808126219288,0.0,0.0,0.0,0.0,0.0,0.0,0.0,0.0,48.95221201143901,-7.121354774580141,False,False,False,False,True,0.0,0,0.8800930093045739,1.0418044961936392,False,False,False,False,-0.16525797967567438,-0.1980546553808537,False,False,False,False,-20575648,-13097401.685707577,False,False,False,False,1822752.944503567,False,False,False,False
2024-07-29 00:00:00+00:00,47.7726308496,48.5220426521,47.1655124274,48.3797492719,1303875,,,,,,,,,,,,,,,,,48.83968583259602,50.06441478918002,50.126336930759415,49.824386290117175,,,55.04416516562616,#000000,0.0,0.0,2.8610792436329247,49.67701848463308,-0.665618626003151,0.0,0.0,0.0,0.0,0.0,0.0,0.0,0.0,48.60791805259244,-7.121354774580141,False,False,False,False,True,0.0,0,0.8683824480111139,1.0492615034037551,False,False,False,False,-0.20379827074525753,-0.20092646306305562,False,False,False,False,-21879523,-13441798.599993553,False,False,False,False,1802404.7898171525,False,False,False,False
2024-07-30 00:00:00+00:00,48.1425936382,48.3038594691,47.5544476666,47.810575751,1069700,,,,,,,,,,,,,,,,,48.82794529570575,50.046440359610834,50.1144136324809,49.815408764630114,,,55.03425887415979,#000000,0.0,0.0,2.8692908546075295,49.67019636227347,-0.5323973070281246,0.0,0.0,0.0,0.0,0.0,0.0,0.0,0.0,49.320763945133315,-6.425691597714483,True,False,False,False,True,0.0,0,0.8806772052941293,1.0411849628723393,False,False,False,False,-0.1981650752673578,-0.19954576916520672,False,False,False,False,-20809823,-13730740.733327141,False,False,False,False,1773671.2686478526,False,False,False,False
2024-07-31 00:00:00+00:00,48.5694737788,49.1386472997,48.1425936382,48.5884462295,1731741,,,,,,,,,,,,,,,,,48.823272372614554,50.026567631752144,50.10093981322963,49.80593494527942,,,55.01968116259895,#000000,0.0,0.0,2.875029727487955,49.66898743823788,-0.38243557933523364,0.0,0.0,0.0,0.0,0.0,0.0,0.0,0.0,50.854246152841384,-4.723967256304498,True,False,False,False,True,0.0,0,0.8886416658066678,1.0366466818391713,False,False,False,False,-0.15166665965028636,-0.17560621440774654,False,False,False,False,-19078082,-13940440.390843723,False,False,False,False,1772026.9443871523,False,False,False,False
2024-08-01 00:00:00+00:00,47.3267782583,48.7686845111,46.8714394416,48.3797492719,1367678,,,,,,,,,,,,,,,,,48.80320440974502,50.00081979668438,50.08368619111298,49.79259411111549,,,55.00649336146471,#000000,0.0,0.0,2.8918389477498097,49.655859863079414,-0.8053981037193341,0.0,0.0,0.0,0.0,0.0,0.0,0.0,0.0,48.801400336068575,-4.723967256304498,True,False,False,False,True,0.0,1,0.8529799155439864,1.0865171119069996,False,False,False,False,-0.20536529939791587,-0.1904857569028312,False,False,False,False,-20445760,-14195550.963751812,False,False,False,False,1756170.1230386365,False,False,False,False
2024-08-02 00:00:00+00:00,45.4579918649,46.5394215545,45.0690566256,46.3876419489,2077544,,,,,,,,,,,,,,,,45.68882334833334,48.723965167468485,49.930841997924155,50.037081588181096,49.75427993850365,,,54.98121495425361,"rgba(239, 83, 80, 0.5)",0.0,0.0,2.936912339627446,49.602145470087756,-1.4110579840164548,0.0,0.0,0.0,0.0,0.0,0.0,0.0,0.0,44.146371992985095,-0.21030377978163983,False,False,False,True,False,0.0,1,0.8099539143426779,1.0971346044449901,False,False,False,False,-0.34282825441539394,-0.26665700565911254,False,False,False,False,-22523304,-14522129.514192916,False,False,False,False,1768773.0201743762,False,False,False,False
2024-08-05 00:00:00+00:00,44.8129285412,45.107001527,43.5459482838,44.0160856121,1693287,,,,,,,,,,,,,,,,45.14987626513383,48.63792065615737,49.859797372947256,49.98953728770984,49.7145134953188,,,54.95806521315076,"rgba(239, 83, 80, 0.5)",0.0,0.0,2.9961650389331207,49.54456742903571,-1.5792317266743614,0.0,0.0,0.0,0.0,0.0,0.0,0.0,0.0,40.145593267560656,-3.9192866726609665,False,False,False,True,False,0.0,1,0.7861755388474018,1.1267388622989365,False,False,False,False,-0.34282825441539394,-0.3047426300372532,False,False,False,False,-24216591,-14902304.474420644,False,False,False,False,1765812.7840891066,False,False,False,False
2024-08-06 00:00:00+00:00,44.7560111892,45.2018637805,44.0919754148,44.670635161,7409060,,,,,,,,,,,,,,,,44.84065911107649,48.315079442540764,49.58009180913871,49.797775784406326,49.553577868138724,,,54.85982344631161,"rgba(239, 83, 80, 1.0)",0.0,0.0,3.0582876217963713,49.3348733961064,-1.4971980314320066,0.0,0.0,0.0,0.0,0.0,0.0,0.0,0.0,37.39863432902475,-6.399560817600836,False,True,False,True,False,0.0,0,0.7891157022117684,1.1271290882338556,False,False,False,False,-0.3223777262641427,-0.3135601781506979,False,False,False,False,-31625651,-15558121.985227678,False,False,False,False,1987116.596477769,False,False,False,False
2024-08-07 00:00:00+00:00,44.6611489357,45.6287439211,44.1774463052,45.0311117242,4040830,,,,,,,,,,,,,,,,44.83582395770346,48.16620350273845,49.443900366433404,49.70160876743896,49.472455743361735,,,54.807752865024426,"rgba(239, 83, 80, 1.0)",0.0,0.0,3.1203429794444593,49.23928284330758,-1.4671893243039145,0.0,0.0,0.0,0.0,0.0,0.0,0.0,0.0,35.42412123083727,-8.196605741313626,False,True,False,True,False,0.0,0,0.7948849664857125,1.1010559215960443,False,False,False,False,-0.3062150020794362,-0.30988759011506706,False,False,False,False,-35666481,-16346685.0838462,False,False,False,False,2067654.3770080528,False,False,False,False
2024-08-08 00:00:00+00:00,43.6650952742,44.3291310485,42.5931518099,44.2532412457,4417632,,,,,,,,,,,,,,,,44.541883293889846,47.959734943622884,49.26441381319809,49.57387620729817,49.36309600962715,,,54.74414786380975,"rgba(239, 83, 80, 1.0)",0.0,0.0,3.2029385930589314,48.725614358132546,-1.5799613189273023,0.0,0.0,0.0,0.0,0.0,0.0,0.0,0.0,32.69563920099671,-10.751674509389197,False,True,False,True,False,0.0,0,0.7675529209039574,1.1215514598685306,False,False,False,False,-0.34282825441539394,-0.3263579222652305,False,False,False,False,-40084113,-17277564.609969877,False,False,False,False,2159810.3622234236,False,False,False,False
2024-08-09 00:00:00+00:00,43.5797192461,43.9496820346,43.0105457252,43.6935539502,2470954,,,,,,,,,,,,,,,,44.42692974568962,47.851688233718065,49.16842733679974,49.50452857902487,49.30350299426757,,,54.70883325986451,"rgba(239, 83, 80, 1.0)",0.0,0.0,3.283935004496529,48.65772695741131,-1.5463179704708685,0.0,0.0,0.0,0.0,0.0,0.0,0.0,0.0,30.762871203302414,-12.584971694650335,False,True,False,True,False,0.0,0,0.7951391541982651,1.1221344631765546,False,False,False,False,-0.34157419751772217,-0.3339660598914763,False,False,False,False,-42555067,-18268839.21350047,False,False,False,False,2172012.0735087795,False,False,False,False
2024-08-12 00:00:00+00:00,43.7979024291,44.3575897246,43.4089671898,43.6840677249,1698586,,,,,,,,,,,,,,,,44.38611227493741,47.78602091573588,49.10815510502127,49.460436044561675,49.26561169351575,,,54.68542237107862,"rgba(239, 83, 80, 1.0)",0.0,0.0,3.3560930680472656,48.61971862928987,-1.436734948174555,0.0,0.0,0.0,0.0,0.0,0.0,0.0,0.0,30.303551725998396,-13.121719737490636,False,True,False,True,False,0.0,0,0.7997533803905263,1.109171754953744,False,False,False,False,-0.3151616858760949,-0.32456387288378563,False,False,False,False,-40856481,-19154629.087480843,False,False,False,False,2153446.345135886,False,False,False,False
2024-08-13 00:00:00+00:00,44.1109478655,44.5662866822,43.5702330207,43.9781407107,2806985,,,,,,,,,,,,,,,,44.3540901312864,47.688125162161334,49.01568346342016,49.39195935824037,49.206723331724504,,,54.64776405493841,"rgba(239, 83, 80, 1.0)",0.0,0.0,3.417525245485774,48.56378564965582,-1.3029421772487544,0.0,0.0,0.0,0.0,0.0,0.0,0.0,0.0,31.19705635225466,-13.121719737490636,False,True,False,True,False,0.0,0,0.7990667263881973,1.1162687453461537,False,False,False,False,-0.303186005729967,-0.3138749393068763,False,False,False,False,-38049496,-19895604.260520812,False,False,False,False,2179075.3119933023,False,False,False,False
2024-08-14 00:00:00+00:00,43.5322881193,44.2722136964,43.2097564575,44.0919754148,1866984,,,,,,,,,,,,,,,,44.30934111568392,47.61872679784105,48.95107035036726,49.34391955185342,49.16520781660802,,,54.62189572531171,"rgba(239, 83, 80, 1.0)",0.0,0.0,3.4907055757673726,48.51940318740257,-1.428683960836839,0.0,0.0,0.0,0.0,0.0,0.0,0.0,0.0,30.76027766073057,-13.121719737490636,False,True,False,True,False,0.0,0,0.7895853264448179,1.1302617021022718,False,False,False,False,-0.32250583135229927,-0.31819038532958777,False,False,False,False,-39916480,-20680736.642461173,False,False,False,False,2166836.437013173,False,False,False,False
2024-08-15 00:00:00+00:00,43.95916826,44.5757729076,43.9023457701,43.9496820346,2624676,,,,,,,,,,,,,,,,44.295538828889725,47.53637140481119,48.870760374072944,49.28326665712303,49.11283516117491,,,54.58730097052002,"rgba(239, 83, 80, 1.0)",0.0,0.0,3.548504552165419,48.47000742941075,-1.2711944153088608,0.0,0.0,0.0,0.0,0.0,0.0,0.0,0.0,32.12389537750233,-13.121719737490636,False,True,False,True,False,0.0,0,0.8058426246846261,1.0951433785072722,False,False,False,False,-0.28408701933346653,-0.3011387023315272,False,False,False,False,-37291804,-21332151.048639167,False,False,False,False,2184790.929679323,False,False,False,False
2024-08-16 00:00:00+00:00,44.3765621753,44.4714244287,43.8026455417,44.0824891895,1491068,,,,,,,,,,,,,,,,44.29194072519953,47.49224751050239,48.82698987109189,49.24990457499073,49.08398544205327,,,54.56788256742547,"rgba(239, 83, 80, 0.75)",0.0,0.0,3.598019484676417,48.44320476114062,-1.130244736905961,0.0,0.0,0.0,0.0,0.0,0.0,0.0,0.0,34.56975110714863,-13.121719737490636,False,True,False,True,True,0.0,0,0.8190027256875405,1.1008472176388828,False,False,False,False,-0.28600144263385213,-0.2935700724826896,False,False,False,False,-35800736,-21899546.536927827,False,False,False,False,2157586.108907585,False,False,False,False
2024-08-19 00:00:00+00:00,44.9077907947,45.5149092169,44.4050208513,44.4145070766,1215389,,,,,,,,,,,,,,,,44.31532735701234,47.46491847784843,48.79743745649718,49.226908387483704,49.06418890493056,,,54.55321401709907,"rgba(239, 83, 80, 0.5)",0.0,0.0,3.6361707555300096,48.42867458909574,-0.9682944039525828,0.0,0.0,0.0,0.0,0.0,0.0,0.0,0.0,38.0193422928928,-17.82280576992965,False,False,False,True,True,0.0,0,0.8372476760865039,1.0594870391860771,False,False,False,False,-0.2184082721074942,-0.2559891722950919,False,False,False,False,-34585347,-22397028.908028696,False,False,False,False,2120637.2026759153,False,False,False,False
2024-08-20 00:00:00+00:00,44.395534626,44.9457356961,44.3196448232,44.7844698652,1327624,,,,,,,,,,,,,,,,44.32433082493442,47.431226381798,48.76246005620438,49.199812531424534,49.04075911695971,,,54.53659552873652,"rgba(239, 83, 80, 0.5)",0.0,0.0,3.681833224095682,48.40855018905487,-1.089950391232219,0.0,0.0,0.0,0.0,0.0,0.0,0.0,0.0,39.012382346779546,-16.778530883284134,False,False,False,True,True,0.0,0,0.8355520357537738,1.0676323033527342,False,False,False,False,-0.2435733045942505,-0.2497812384446712,False,False,False,False,-35912971,-22927065.852811884,False,False,False,False,2089538.6457082324,False,False,False,False
2024-08-21 00:00:00+00:00,45.296726034,45.5481110057,44.6137178089,44.7275525131,1682395,,,,,,,,,,,,,,,,44.36218484841608,47.39829581691981,48.725149369852005,49.1702946891017,49.01533427723914,,,54.516874693838545,"rgba(239, 83, 80, 0.5)",0.0,0.0,3.7109509667835976,48.39079118573466,-0.8337661099349928,0.0,0.0,0.0,0.0,0.0,0.0,0.0,0.0,42.51599273178617,-13.370449584554926,True,False,False,True,True,0.0,0,0.8402730574136253,1.0533137718508356,False,False,False,False,-0.1825128436147372,-0.21614704102970422,False,False,False,False,-34230576,-23370340.76054475,False,False,False,False,2073572.2282294782,False,False,False,False
2024-08-22 00:00:00+00:00,44.7465249638,45.2587811326,44.423993302,45.2113500058,1615499,,,,,,,,,,,,,,,,44.380995868911086,47.362861849345485,48.68666921804904,49.13996679106864,48.98909045639251,,,54.49732489875024,"rgba(239, 83, 80, 0.5)",0.0,0.0,3.743634425802582,48.3694234412269,-0.9677490014667238,0.0,0.0,0.0,0.0,0.0,0.0,0.0,0.0,43.391629377497246,-12.47061001600295,True,False,False,True,True,0.0,0,0.8661595979055522,1.0467718920490792,False,False,False,False,-0.18993141804714653,-0.20303922953842538,False,False,False,False,-35846075,-23859585.24052339,False,False,False,False,2055608.5722204791,False,False,False,False
2024-08-23 00:00:00+00:00,45.761551076,45.9133306815,45.0595704003,45.0595704003,1234543,,,,,,,,,,,,,,,,44.41824883829218,47.34438556378721,48.6634970862453,49.121135848157124,48.972901834046944,,,54.48361896509779,#000000,0.0,0.0,3.7511311365486693,48.35993350907085,-0.6926930407081312,0.0,0.0,0.0,0.0,0.0,0.0,0.0,0.0,46.758054087368784,-9.205073130161743,True,False,False,False,True,0.0,0,0.8884530959646041,1.0258391596198508,False,False,False,False,-0.08548588448302968,-0.14426255701072754,False,False,False,False,-34611532,-24281230.21148326,False,False,False,False,2023409.9223294798,False,False,False,False
2024-08-26 00:00:00+00:00,46.0840827378,46.7196598361,46.0556240617,46.1220276392,1344898,,,,,,,,,,,,,,,,44.47950366011257,47.33258734987706,48.644349242188156,49.10490304012744,48.95908344330261,,,54.46991947890101,#000000,0.0,0.0,3.751535327111931,48.15927163545977,-0.5531572320971107,0.0,0.0,0.0,0.0,0.0,0.0,0.0,0.0,49.78531066206824,-6.334506502888011,True,False,False,False,True,0.0,0,0.9111065115375614,0.9804339177501603,False,False,False,False,0.023618719306482346,-0.0603219188521226,False,False,False,False,-33266634,-24633598.987503525,False,False,False,False,1996801.6116498925,False,False,False,False
2024-08-27 00:00:00+00:00,45.9512755829,46.0827546662,45.5813127944,45.7805235267,1342062,,,,,,,,,,,,,,,,44.52361418478243,47.316509469827,48.622240118255796,49.08653257239535,48.94331756294788,,,54.455604039832885,"rgba(38, 166, 154, 1.0)",0.0,0.0,3.710866481920655,48.1413479786665,-0.5901781717117913,0.0,0.0,0.0,0.0,0.0,0.0,0.0,0.0,51.38721454638032,-4.804912151176573,True,False,True,False,True,0.0,0,0.9135710752496277,0.9715610974990256,False,False,False,False,-0.04354832156842331,-0.05193512021027295,False,False,False,False,-34608696,-25024779.262503386,False,False,False,False,1971125.548447936,False,False,False,False
2024-08-28 00:00:00+00:00,45.3346709353,45.8848720055,45.2018637805,45.6192576958,1180328,,,,,,,,,,,,,,,,44.54937267597282,47.298843440637704,48.600313110762485,49.068568742501164,48.9278047046676,,,54.44247120861778,#000000,0.0,0.0,3.6732427605040714,48.122142822929206,-0.758858607876679,0.0,0.0,0.0,0.0,0.0,0.0,0.0,0.0,50.58981084806103,-4.804912151176573,True,False,False,False,True,0.0,0,0.9108251343723166,0.9732162173394456,False,False,False,False,-0.07856205650009207,-0.06524858835518252,False,False,False,False,-35789024,-25446906.507111095,False,False,False,False,1940113.8798813503,False,False,False,False
2024-08-29 00:00:00+00:00,45.7805235267,46.0508809491,45.0975153017,45.7236061746,1297891,,,,,,,,,,,,,,,,44.58102812259158,47.28156955326914,48.57783769197423,49.04994071438329,48.91173375182776,,,54.42834613871668,"rgba(38, 166, 154, 1.0)",0.0,0.0,3.6483543250477553,48.10939148306191,-0.638333820915661,0.0,0.0,0.0,0.0,0.0,0.0,0.0,0.0,51.33990929301483,-4.650491658930946,True,False,True,False,True,0.0,0,0.9039104197917299,0.9763275583335761,False,False,False,False,-0.07481482793898102,-0.07003170814708176,False,False,False,False,-34491133,-25801582.055851836,False,False,False,False,1914928.6689056111,False,False,False,False
2024-08-30 00:00:00+00:00,45.9323031322,46.0271653857,45.3821020621,45.7805235267,1374918,,,,,,,,,,,,,,,,44.61671510162069,47.26516277487261,48.555496624968185,49.03121471099215,48.89558889202639,,,54.413665661304755,"rgba(38, 166, 154, 1.0)",0.0,0.0,3.6090844084927705,48.0998035501727,-0.6005679481677453,0.0,0.0,0.0,0.0,0.0,0.0,0.0,0.0,52.271564900520985,-3.528416014758257,True,False,True,False,True,0.0,0,0.9013618332028672,0.9860252910666765,False,False,False,False,-0.058983091264987686,-0.06450739970603472,False,False,False,False,-33116215,-26088430.406602748,False,False,False,False,1893751.7799289206,False,False,False,False
2024-09-03 00:00:00+00:00,44.0540305134,45.4864505409,43.6176641475,45.3821020621,2594410,,,,,,,,,,,,,,,,44.60445380523523,47.20698141228042,48.49359430803078,48.98154755880738,48.85213675165876,,,54.38164693710135,#000000,0.0,0.0,3.5938390976370345,48.03987572776783,-1.1090772586308995,0.0,0.0,0.0,0.0,0.0,0.0,0.0,0.0,47.983451222694114,-3.528416014758257,True,False,False,False,False,0.0,0,0.8614987830728168,0.9882931246965257,False,False,False,False,-0.20084021122266446,-0.1326738054643496,False,False,False,False,-35710625,-26465771.371049702,False,False,False,False,1921228.5728728846,False,False,False,False
2024-09-04 00:00:00+00:00,44.5568004569,44.9931668228,44.1583789923,44.1868376683,1237950,,,,,,,,,,,,,,,,44.60358790344999,47.18179190408463,48.465990301290546,48.95915170527847,48.832536230390154,,,54.36671982162246,#000000,0.0,0.0,3.569328526651955,48.01775797953666,-0.9696382657953467,0.0,0.0,0.0,0.0,0.0,0.0,0.0,0.0,46.62264508472723,-3.528416014758257,True,False,False,False,False,0.0,0,0.8627662901339627,1.0050133948696214,False,False,False,False,-0.19518482677489327,-0.16392931611962142,False,False,False,False,-34472675,-26779767.59179285,False,False,False,False,1894433.3347210067,False,False,False,False
2024-09-05 00:00:00+00:00,44.1204340909,45.107001527,44.0160856121,44.9552219214,1396348,,,,,,,,,,,,,,,,44.598455456272056,47.15229931538766,48.43409701065822,48.93327950155152,48.80984624886948,,,54.34967175183596,"rgba(239, 83, 80, 0.5)",0.0,0.0,3.534753328302962,47.992140429278564,-1.0953257494313968,0.0,0.0,0.0,0.0,0.0,0.0,0.0,0.0,44.747806820605234,0.5967220797176367,True,False,False,True,False,0.0,0,0.8677137043115523,1.0014622563266593,False,False,False,False,-0.19700528595069172,-0.18046730103515657,False,False,False,False,-35869023,-27136208.980349995,False,False,False,False,1874900.5764966535,False,False,False,False
2024-09-06 00:00:00+00:00,43.9496820346,44.4903968794,43.6745814995,43.95916826,2093498,,,,,,,,,,,,,,,,44.57654747731033,47.103323348535746,48.382821020612624,48.891852901641755,48.773385998745276,,,54.323257378313706,"rgba(239, 83, 80, 0.5)",0.0,0.0,3.4390155440516494,47.948923390660966,-1.1629029601155243,0.0,0.0,0.0,0.0,0.0,0.0,0.0,0.0,43.11971629502598,-1.0651194751660995,True,False,False,True,False,0.0,0,0.8581027018232815,1.0118042075761553,False,False,False,False,-0.2591354659299719,-0.21980138348256423,False,False,False,False,-37962521,-27560770.236022547,False,False,False,False,1883473.0244771768,False,False,False,False
2024-09-09 00:00:00+00:00,43.7220126263,44.3481034992,43.7125264009,43.9686544853,1520080,,,,,,,,,,,,,,,,44.55862859608711,47.06746702331676,48.345403587295365,48.86153401986976,48.74664896639399,,,54.30395719155253,"rgba(239, 83, 80, 0.5)",0.0,0.0,3.3482244913956167,47.918096487758405,-1.2532265599996795,0.0,0.0,0.0,0.0,0.0,0.0,0.0,0.0,41.516019777324814,-2.720145170903834,False,False,False,True,False,0.0,0,0.8598033531355184,1.0161706099539152,False,False,False,False,-0.26601349901871524,-0.24290744125063973,False,False,False,False,-39482601,-28028293.01108049,False,False,False,False,1869222.3176349346,False,False,False,False
2024-09-10 00:00:00+00:00,42.9251696971,43.5702330207,42.3512530636,43.1907840068,3695654,,,,,,,,,,,,,,,42.94888526046667,44.45736997954939,46.957432786831035,48.237419490134506,48.775025185729994,48.66990529108082,,,54.25293416126363,"rgba(239, 83, 80, 0.5)",0.0,0.0,3.2360193923937235,47.47471042855584,-1.4059065103718318,0.0,0.0,0.0,0.0,0.0,0.0,0.0,0.0,38.77963313821209,-5.424251381831759,False,False,False,True,False,0.0,0,0.8453126490615188,1.0305364618440764,True,False,False,False,-0.34282825441539394,-0.29286784783301684,False,False,False,False,-43178255,-28622409.167508703,False,False,False,False,1940847.0894923883,True,False,False,False
2024-09-11 00:00:00+00:00,43.3141049363,43.3615360631,42.650069162,43.2287289082,2488377,,,,,,,,,,,,,,,43.01314043107956,44.40256345178492,46.88941940196391,48.16923608331298,48.719746566877106,48.620776908783995,,,54.21931827707187,"rgba(239, 83, 80, 0.5)",0.0,0.0,3.1405521869702886,47.42223091387208,-1.308090339850463,0.0,0.0,0.0,0.0,0.0,0.0,0.0,0.0,38.41170360152169,-5.900106367557306,False,False,False,True,False,0.0,0,0.8582886093040921,1.0204487513818428,False,False,False,False,-0.3371438157643706,-0.3150058317986937,False,False,False,False,-40689878,-29095643.23937111,False,False,False,False,1962318.8506887653,False,False,False,False
2024-09-12 00:00:00+00:00,43.7979024291,44.0635167388,43.2002702322,43.3141049363,1751956,,,,,,,,,,,,,,,43.16195303806528,44.3826681555078,46.85006927540708,48.12767448621644,48.68541724028266,48.59028202907831,,,54.19699852216417,"rgba(239, 83, 80, 0.5)",0.0,0.0,3.036720374366678,47.3998266728761,-1.186123119593223,0.0,0.0,0.0,0.0,0.0,0.0,0.0,0.0,39.875379226617994,-5.900106367557306,False,False,False,True,False,0.0,0,0.8765148830449662,1.0017718885388884,False,False,False,False,-0.2601236370022425,-0.2875647344004681,False,False,False,False,-38937922,-29481614.9554742,False,False,False,False,1954069.327132343,False,False,False,False
2024-09-13 00:00:00+00:00,44.3386172739,44.4333846651,43.9496820346,44.0350580627,2178108,,,,,,,,,,,,,,,43.39423534682571,44.37791863519667,46.81080214874726,48.08337231548225,48.64803835659946,48.55711087428336,,,54.17083523152308,"rgba(239, 83, 80, 0.5)",0.0,0.0,2.8974131015449545,47.38402900710604,-1.051079575633232,0.0,0.0,0.0,0.0,0.0,0.0,0.0,0.0,42.6022540092498,-5.900106367557306,False,False,False,True,True,0.0,0,0.8787010111676863,1.0077423831871715,False,False,False,False,-0.19377059865130492,-0.2406676665258865,False,False,False,False,-36759814,-29767034.525847763,False,False,False,False,1962855.1574408787,False,False,False,False
2024-09-16 00:00:00+00:00,44.1868376683,44.7180662878,43.7599575277,44.5378280062,1746032,,,,,,,,,,,,,,,43.516041879280095,44.37384033815257,46.77994197233154,48.04840960127284,48.61839850890098,48.530767987389154,,,54.14992127881355,"rgba(239, 83, 80, 0.5)",0.0,0.0,2.822166077055505,47.368366516415264,-1.1273357985489991,0.0,0.0,0.0,0.0,0.0,0.0,0.0,0.0,43.97842303786557,-5.900106367557306,True,False,False,True,True,0.0,0,0.8816692771665773,1.0034741893559218,False,False,False,False,-0.18822582209725658,-0.21444674431157154,False,False,False,False,-38505846,-30109733.015030205,False,False,False,False,1954352.2885216286,False,False,False,False
2024-09-17 00:00:00+00:00,44.4903968794,44.860359668,44.2152963443,44.4050208513,1170450,,,,,,,,,,,,,,,43.6064019852135,44.376387617639544,46.76204457855855,48.027136821796496,48.60009309793288,48.51450615487088,,,54.13637349750957,"rgba(239, 83, 80, 0.5)",0.0,0.0,2.726761480993544,47.36086903747304,-1.0527037946227433,0.0,0.0,0.0,0.0,0.0,0.0,0.0,0.0,45.91152247934332,-9.594885051970607,True,False,False,True,True,0.0,0,0.9086882424382932,0.9785451538881812,False,False,False,False,-0.15357570998818357,-0.18401122714987755,False,False,False,False,-37335396,-30393092.347774122,False,False,False,False,1923611.0223050942,False,False,False,False
2024-09-18 00:00:00+00:00,44.4145070766,45.2018637805,44.1963238937,44.3860484006,1803327,,,,,,,,,,,,,,,43.727706063773645,44.382266585132534,46.73601038281759,47.99561637668694,48.572769911119636,48.490218619899295,,,54.11575257776505,#000000,0.0,0.0,2.5749045989291934,47.34955467701582,-1.1398665417104736,0.0,0.0,0.0,0.0,0.0,0.0,0.0,0.0,46.94329956054275,-8.480412104415038,True,False,False,False,True,0.0,0,0.9108452172734786,0.9602868962733976,False,False,False,False,-0.13503168019588366,-0.15952145367288062,False,False,False,False,-39138723,-30736058.25570455,False,False,False,False,1918894.0018225415,False,False,False,False
2024-09-19 00:00:00+00:00,45.4390194142,45.6761750479,44.6184609216,45.2777535833,2989467,,,,,,,,,,,,,,,43.982122596779476,44.417637266654246,46.7067647998711,47.9542509207561,48.535465796642455,48.45713976307154,,,54.084052193195774,#000000,0.0,0.0,2.433707710846072,47.34575250345582,-0.7834684012210129,0.0,0.0,0.0,0.0,0.0,0.0,0.0,0.0,50.80924889590875,-4.7285388713333845,True,False,False,False,True,0.0,0,0.9262271832328144,0.9378232722667406,False,False,False,False,-0.08393186789801019,-0.1217266607854454,False,False,False,False,-36149256,-30948340.520186722,False,False,False,False,1960877.2566530302,False,False,False,False
2024-09-20 00:00:00+00:00,44.642176485,45.4010745128,44.4050208513,45.3915882874,3290116,,,,,,,,,,,,,,,44.11207988544203,44.434848455126854,46.66682457339841,47.9031649600895,48.490143923110786,48.416752323396736,,,54.04774613005639,#000000,0.0,0.0,2.303793959244768,47.3251829857728,-1.1646034967694525,0.0,0.0,0.0,0.0,0.0,0.0,0.0,0.0,50.6955091835124,-4.7285388713333845,True,False,False,False,True,0.0,0,0.9140719467944989,0.9659663442154336,False,False,False,False,-0.11170882118378792,-0.11671774098461665,False,False,False,False,-39439372,-31281322.146846067,False,False,False,False,2013004.2661960486,False,False,False,False
2024-09-23 00:00:00+00:00,45.0405979496,45.1164877524,44.4619382034,44.8129285412,1717069,,,,,,,,,,,,,,,44.16930871607546,44.4445080879968,46.64726377390989,47.87763829830166,48.467286559379815,48.39635600123416,,,54.02902732276273,"rgba(38, 166, 154, 1.0)",0.0,0.0,2.210868616081142,47.314631703912184,-1.028570281278408,0.0,0.0,0.0,0.0,0.0,0.0,0.0,0.0,51.78369154555749,-3.5824012919805597,True,False,True,False,True,0.0,0,0.9004533656922593,0.9821940202912067,False,False,False,False,-0.124709702261074,-0.12071372162284533,False,False,False,False,-37722303,-31533909.631283477,False,False,False,False,2001398.9616393407,False,False,False,False
2024-09-24 00:00:00+00:00,45.2398086819,45.9323031322,45.1544326537,45.3726158367,2274187,,,,,,,,,,,,,,,44.28461564088427,44.47281261304658,46.630106977910486,47.8507645070372,48.44217807534135,48.37400659634365,,,54.00588619058336,"rgba(38, 166, 154, 1.0)",0.0,0.0,2.103043302598316,47.31014713037384,-0.9844487966158051,0.0,0.0,0.0,0.0,0.0,0.0,0.0,0.0,53.082003888206366,-2.169219818116126,True,False,True,False,True,0.0,0,0.9204902523900479,0.9600212859406839,False,False,False,False,-0.039149901511740165,-0.07993181156729275,False,False,False,False,-35448116,-31687407.92025275,False,False,False,False,2012096.5317711313,False,False,False,False
2024-09-25 00:00:00+00:00,44.7654974145,45.5338816676,44.7228094004,45.3915882874,1953412,,,,,,,,,,,,,,,44.336795404842114,44.4855298973156,46.61050275801399,47.824068122044324,48.41786378276276,48.35227071125256,,,53.985104345612896,"rgba(38, 166, 154, 1.0)",0.0,0.0,2.006179282034497,47.29905763403375,-1.26287826926636,0.0,0.0,0.0,0.0,0.0,0.0,0.0,0.0,52.2946897644235,-2.169219818116126,True,False,True,False,True,0.0,0,0.9033066226753224,0.9859987687818959,False,False,False,False,-0.08608413382741106,-0.08300797269735191,False,False,False,False,-37401528,-31911491.060634997,False,False,False,False,2009795.177584028,False,False,False,False
2024-09-26 00:00:00+00:00,46.1599725406,46.8572101036,44.9172770201,44.9172770201,3111755,,,,,,,,,,,,,,,44.50608670841467,44.54002868372644,46.59856291670141,47.796866480696885,48.39065917867039,48.32810194976754,,,53.95575500425092,"rgba(38, 166, 154, 1.0)",0.0,0.0,1.9028312205793232,47.30221491288979,-0.6002857005583642,0.0,0.0,0.0,0.0,0.0,0.0,0.0,0.0,55.44295231234345,0.3419541269885755,True,False,True,False,True,0.0,0,0.8862203091581133,0.9812002805863205,False,False,False,False,0.010058788361317272,-0.03647459216801732,False,False,False,False,-34289773,-32004757.01904147,False,False,False,False,2053009.2882670076,False,False,False,False
2024-09-27 00:00:00+00:00,46.2832934701,46.9355761553,46.0051140896,46.5326956732,1998178,,,,,,,,,,,,,,,44.62422709805727,44.582821362151755,46.59628001676218,47.783847284965006,48.376563580051425,48.31563165493183,,,53.938031195808534,"rgba(38, 166, 154, 1.0)",0.0,0.0,1.8528418164869742,47.308884819944055,-0.5535234258629796,0.0,0.0,0.0,0.0,0.0,0.0,0.0,0.0,57.813307304397924,2.6496666221431013,True,False,True,False,True,0.0,0,0.9119112798406975,0.9784292281559421,False,False,False,False,0.07797230111193444,0.02074885447195856,False,False,False,False,-32291595,-32016005.567314357,False,False,False,False,2050859.0416683014,False,False,False,False
2024-09-30 00:00:00+00:00,46.1010380139,46.3792173944,45.7365271016,46.2065543307,1904574,,,,,,,,,,,,,,,44.70516845243735,44.61464912091519,46.59036417992759,47.768690001569226,48.36105384188075,48.301829852577484,,,53.920465194057364,"rgba(38, 166, 154, 1.0)",0.0,0.0,1.8188210584392757,47.309935416407214,-0.6646598888318144,0.0,0.0,0.0,0.0,0.0,0.0,0.0,0.0,58.69602616935008,3.5587583111202505,True,False,True,False,True,0.0,0,0.909055786897984,0.9609118673476662,False,False,False,False,0.029894351396614022,0.025321602934286293,False,False,False,False,-34196169,-32101502.172517717,False,False,False,False,2045122.3733675838,False,False,False,False
2024-10-01 00:00:00+00:00,47.2904946751,47.3192718524,45.7173423168,45.8612282032,2218335,,,,,,,,,,,,,,,44.83173260112788,44.66713000086685,46.59276960129158,47.758552316989324,48.34872199310885,48.29097175598068,,,53.90192900145693,"rgba(38, 166, 154, 1.0)",0.0,0.0,1.8089136744140497,47.32045972481293,-0.016565218195187886,0.0,0.0,0.0,0.0,0.0,0.0,0.0,0.0,61.83666200111812,6.598690836320259,True,False,True,False,True,0.9624588803278726,0,0.9117772144527041,0.9443662046790893,False,False,False,False,0.08358192434233261,0.05445176363830945,False,False,False,False,-31977834,-32096652.44026212,False,False,False,False,2051915.0253923847,False,False,False,False
2024-10-02 00:00:00+00:00,47.7988914739,48.6430220076,47.3960109919,47.5015273086,1990916,,,,,,,,,,,,,,,44.99369406502653,44.73706882472401,46.608350228729996,47.76025401139125,48.34592983673188,48.28878278624256,,,53.88809334190451,"rgba(38, 166, 154, 1.0)",0.0,0.0,1.8051321749032194,47.29039092383812,0.28169712840509575,0.0,0.0,0.0,0.0,0.0,0.0,0.0,0.0,64.81724335460379,9.406456757587584,True,False,True,False,True,2.235659200456592,0,0.9487192969838089,0.9152982908863807,False,False,False,False,0.26378023383782667,0.15911599873806806,False,False,False,False,-29986918,-32013917.756330274,False,False,False,False,2049522.906749546,False,False,False,False
2024-10-03 00:00:00+00:00,47.9044077906,48.1442176013,46.9451685477,47.578266448,1548763,,,,,,,,,,,,,,,45.09754862074283,44.784852937677805,46.617726853291266,47.75958312720511,48.34227504982301,48.285717073681525,,,53.876867192570224,"rgba(38, 166, 154, 1.0)",0.0,0.0,1.8085154305411983,47.2985819306498,0.334985176083845,0.0,0.0,0.0,0.0,0.0,0.0,0.0,0.0,66.98639696267722,11.425136475864832,True,False,True,False,True,2.4997025784762243,0,0.9402427620889995,0.9219621698258209,False,False,False,False,0.2054982216995765,0.1823071102188223,False,False,False,False,-28438155,-31873691.76588595,False,False,False,False,2029885.2633476031,False,False,False,False
2024-10-04 00:00:00+00:00,47.7892990814,48.4703589439,47.7413371193,48.0866632467,1258525,,,,,,,,,,,,,,,45.1864582370075,44.826943276027,46.62762910748978,47.76094742045859,48.340791010381395,48.28458259343557,,,53.86826600202665,"rgba(38, 166, 154, 1.0)",0.0,0.0,1.807342860722607,47.31452486092162,0.2626918393826822,0.0,0.0,0.0,0.0,0.0,0.0,0.0,0.0,67.91083582999829,12.32252247207326,True,False,True,False,True,2.1879080874973873,0,0.9584890595835986,0.9263934044455633,False,False,False,False,0.2745565497325344,0.22843182997567835,False,False,False,False,-29696680,-31788318.75545905,False,False,False,False,1999635.8412555403,False,False,False,False
2024-10-07 00:00:00+00:00,47.5878588404,48.2785110953,47.5063235048,47.7988914739,2023228,,,,,,,,,,,,,,,45.30868227303822,44.88803002399368,46.640870303067864,47.76121781063041,48.33698093965806,48.28144763812696,,,53.853999580764345,"rgba(38, 166, 154, 1.0)",0.0,0.0,1.7893902688192782,47.33160952060647,0.14320482471530235,0.0,0.0,0.0,0.0,0.0,0.0,0.0,0.0,67.58476360540118,12.32252247207326,True,False,True,False,True,1.6373277125035415,0,0.9283827487867465,0.9402388301261616,False,False,False,False,0.24802263646893302,0.23822723322230568,False,False,False,False,-31719908,-31785635.980735168,False,False,False,False,2000561.0239514015,False,False,False,False
2024-10-08 00:00:00+00:00,46.5902500278,47.1562011811,45.8804129881,47.041092472,1929903,,,,,,,,,,,,,,46.54228806566667,45.36153787385416,44.919924416101566,46.639811423770766,47.750810613335844,48.32519743137727,48.27097661723713,,,53.83766387813382,"rgba(38, 166, 154, 0.75)",0.0,0.0,1.7701386805300767,47.31966985311148,-0.41206931035089633,0.0,0.0,0.0,0.0,0.0,0.0,0.0,0.0,63.33255757261498,12.32252247207326,True,False,True,False,False,0.0,0,0.9200325853446017,0.9478191886879059,False,False,False,False,0.08358192434233261,0.16090457878231915,False,False,False,False,-33649811,-31858740.883451436,False,False,False,False,1997790.1210513464,False,False,False,False
2024-10-09 00:00:00+00:00,47.0315000796,47.8756306133,46.8012826613,46.9547609401,2207532,,,,,,,,,,,,,,46.912492179575565,45.44911990986728,44.96990340037848,46.647049113870814,47.745832817949676,48.317079260646594,48.2638985747376,,,53.82083612309689,"rgba(38, 166, 154, 0.75)",0.0,0.0,1.7304567557370627,47.32732008640759,-0.17094908949723395,0.0,0.0,0.0,0.0,0.0,0.0,0.0,0.0,61.71547422743923,17.38753055360955,True,False,True,False,False,0.14637215571817563,0,0.9266349533228346,0.9274786045090874,False,False,False,False,0.1806280745905173,0.17076632668641822,False,False,False,False,-31442279,-31842409.044884715,False,False,False,False,2006015.292774823,False,False,False,False
2024-10-10 00:00:00+00:00,47.0315000796,47.108239219,46.1489999761,46.7341359143,1963949,,,,,,,,,,,,,,46.86434479198022,45.501548743321116,45.00367538514345,46.648286836349115,47.737447372869454,48.306840284556856,48.25482025559292,,,53.804866370999655,"rgba(38, 166, 154, 0.75)",0.0,0.0,1.7016912238706716,47.32561620380545,-0.17283753954871708,0.0,0.0,0.0,0.0,0.0,0.0,0.0,0.0,60.637418663988726,16.288104861905694,True,False,True,False,False,0.14637215571816498,0,0.9040567558184579,0.9565295099504617,False,False,False,False,0.1414408789553094,0.15610360282086383,False,False,False,False,-31442279,-31826717.67057551,False,False,False,False,2004365.634234634,False,False,False,False
2024-10-11 00:00:00+00:00,47.0506848644,47.6645979799,47.0315000796,47.1849783584,1897950,,,,,,,,,,,,,,46.95559226569072,45.56643474186159,45.04381373709486,46.65442422687697,47.73345272142072,48.30014749463224,48.248974992286286,,,53.79056221959828,"rgba(38, 166, 154, 0.75)",0.0,0.0,1.6715388455129103,47.33307751356814,-0.16894172093349874,0.0,0.0,0.0,0.0,0.0,0.0,0.0,0.0,59.97734728215184,15.511235556214928,True,False,True,False,False,0.19872509364952506,0,0.9418368323272044,0.9382884076078585,False,False,False,False,0.23713900432160048,0.19662130357123214,False,False,False,False,-29544329,-31737212.232513726,False,False,False,False,2000192.4721077855,False,False,False,False
2024-10-14 00:00:00+00:00,46.5614728505,46.8924103893,46.1010380139,46.8780218007,1243110,,,,,,,,,,,,,46.518307084566665,46.89677734817462,45.589035924141996,45.06087874129274,46.653519307947676,47.72697935585627,48.29279465421397,48.242412917524604,,,53.780184524181955,"rgba(38, 166, 154, 0.75)",0.0,0.0,1.6411273305885912,47.33009416635569,-0.46834959209412663,0.0,0.0,0.0,0.0,0.0,0.0,0.0,0.0,57.460563619275945,12.969355077178399,True,False,True,False,False,0.0,0,0.9616335860410501,0.9209751112397881,False,False,False,False,0.12422101239930468,0.1604211579852684,False,False,False,False,-30787439,-31699966.22339554,False,False,False,False,1970502.9633976764,False,False,False,False
2024-10-15 00:00:00+00:00,45.9475597351,46.8300598385,45.9187825578,46.571065243,3358594,,,,,,,,,,,,,46.30944118235291,46.71962789316839,45.62780402820012,45.096392056116564,46.64608410631641,47.705769399168986,48.27007374977902,48.22202816933082,,,53.751194848440186,#000000,0.0,0.0,1.618600269539114,47.316162960769404,-0.8455473852473189,0.0,0.0,0.0,0.0,0.0,0.0,0.0,0.0,53.54811136052641,9.21249017716027,True,False,False,False,False,0.0,0,0.9937481785151642,0.8996456707659332,False,False,False,False,0.10831894786138023,0.13437005292332432,False,False,False,False,-34146033,-31795890.410713363,False,False,False,False,2024937.906009532,False,False,False,False
2024-10-16 00:00:00+00:00,46.0434836594,46.571065243,46.0051140896,46.0434836594,2348356,,,,,,,,,,,,,46.27467674068212,46.639030687760446,45.65121203840501,45.11943943361067,46.64072758424145,47.691041983506764,48.254286779747055,48.20783876102214,,,53.73098845370493,#000000,0.0,0.0,1.6071712883288254,47.3074544320451,-0.786456790152966,0.0,0.0,0.0,0.0,0.0,0.0,0.0,0.0,51.32888160239132,7.128899153082301,True,False,False,False,False,0.0,0,0.9835462948392372,0.904498502271693,False,False,False,False,0.09712719336909512,0.11574862314620972,False,False,False,False,-31797677,-31795960.47303833,False,False,False,False,2037620.9685189622,False,False,False,False
2024-10-17 00:00:00+00:00,46.3312554322,46.3408478247,45.4967172909,46.0434836594,2296182,,,,,,,,,,,,,46.22043918628866,46.56143881560029,45.66662167418728,45.138078003626966,46.63384513815402,47.67548914486272,48.23796655094724,48.19312903266969,,,53.71094285233745,#000000,0.0,0.0,1.5984958563540643,47.29729030560853,-0.6043399296710779,0.0,0.0,0.0,0.0,0.0,0.0,0.0,0.0,51.02247230345279,6.781105929075785,False,False,False,False,False,0.0,0,0.971563160160239,0.9163874629771992,False,False,False,False,0.04948957769761349,0.0826191004219116,False,False,False,False,-29501495,-31705981.434879966,False,False,False,False,2047760.6168123363,False,False,False,False
2024-10-18 00:00:00+00:00,45.7365271016,46.7149511294,45.6703395939,46.503918496,1660752,,,,,,,,,,,,,46.19305690105702,46.515688300899264,45.6766363076655,45.15088078279874,46.6288351409118,47.664316384754706,48.226229210119804,48.18253761193091,,,53.69648012828534,"rgba(239, 83, 80, 0.5)",0.0,0.0,1.5742877337200103,47.29023808058825,-0.9869294829077202,0.0,0.0,0.0,0.0,0.0,0.0,0.0,0.0,48.61835789477567,4.388633505779474,False,False,False,True,False,0.0,0,1.0133066832151543,0.8874772492474231,False,False,False,False,0.08478214059168174,0.08370062050679666,False,False,False,False,-31162247,-31684658.515865065,False,False,False,False,2032583.808309892,False,False,False,False
2024-10-21 00:00:00+00:00,45.3816085818,46.1202227988,44.806065036,45.7940814562,2129608,,,,,,,,,,,,,46.06938142460807,46.40638076289475,45.6686464775806,45.15597389740459,46.61605552842134,47.644958275855224,48.20724712429268,48.16531652000647,,,53.67655556290138,"rgba(239, 83, 80, 0.5)",0.0,0.0,1.5656189483194893,47.273115831868076,-1.208153013284866,0.0,0.0,0.0,0.0,0.0,0.0,0.0,0.0,45.85990565651332,1.707851565803324,False,False,False,True,False,0.0,0,0.9874410478473985,0.8926533115375009,False,False,False,False,-0.008999107092370893,0.037350756707212884,False,False,False,False,-33291855,-31747685.8289684,False,False,False,False,2036388.6785722491,False,False,False,False
2024-10-22 00:00:00+00:00,46.1585923685,46.2545162928,45.141798771,45.4295705439,1750155,,,,,,,,,,,,,46.043609135607,46.3637718901534,45.673506369675636,45.16603984469599,46.609383983257324,47.632245949576955,48.19415054572948,48.15345561465618,,,53.66107529550334,"rgba(239, 83, 80, 0.5)",0.0,0.0,1.5638612837667722,47.26447542123388,-0.7071490701977162,0.0,0.0,0.0,0.0,0.0,0.0,0.0,0.0,47.20406354321976,1.707851565803324,False,False,False,True,False,0.0,0,0.9862262762894723,0.8984886287452197,False,False,False,False,0.021151192714463724,0.029250974710838304,False,False,False,False,-31541700,-31739607.953322582,False,False,False,False,2025163.828432161,False,False,False,False
2024-10-23 00:00:00+00:00,45.8228586335,46.0147064821,45.5446792531,45.8995977729,2066351,,,,,,,,,,,,,46.01301467375453,46.31640510028941,45.67717224069132,45.176588951685254,46.601068477259716,47.61698930814494,48.17849875378062,48.139261179119096,,,53.64274279365042,"rgba(239, 83, 80, 0.5)",0.0,0.0,1.563654392151983,47.25394288414342,-0.9152177474933509,0.0,0.0,0.0,0.0,0.0,0.0,0.0,0.0,46.924306504335874,1.707851565803324,False,False,False,True,False,0.0,0,0.9880932845815565,0.9038561085798055,False,False,False,False,0.031617700482194214,0.03043433759651626,False,False,False,False,-33608051,-31812880.229662877,False,False,False,False,2026779.0116308997,False,False,False,False
2024-10-24 00:00:00+00:00,45.8516358108,45.9763369124,44.5854400101,45.8228586335,1996829,,,,,,,,,,,,,45.955612046907326,46.253541020973,45.671291651884395,45.18129361252755,46.590040419045394,47.59991505898823,48.161543863942754,48.123838974707844,,,53.62438247579597,"rgba(239, 83, 80, 0.5)",0.0,0.0,1.5636494093087405,47.08065869439916,-0.7859964492568009,0.0,0.0,0.0,0.0,0.0,0.0,0.0,0.0,46.85619659069924,1.707851565803324,False,False,False,True,False,0.0,0,0.9761614840031668,0.8993604929722286,False,False,False,False,-0.03238941685059322,-0.0009775396270384797,False,False,False,False,-31611222,-31804972.063793745,False,False,False,False,2025604.5013708645,False,False,False,False
2024-10-25 00:00:00+00:00,45.9379673426,46.8511631019,45.9187825578,46.0434836594,1935985,,,,,,,,,,,,,45.9817244670967,46.25235932936084,45.686496741578814,45.19737702614619,46.58672142492968,47.58947357796031,48.14992293314724,48.113318236092496,,,53.608322681609785,"rgba(239, 83, 80, 0.5)",0.0,0.0,1.55657802255828,47.09601681415007,-0.7439713620309151,0.0,0.0,0.0,0.0,0.0,0.0,0.0,0.0,47.19060520031397,1.707851565803324,False,False,False,True,False,0.0,0,0.9950855759508663,0.8938841259591453,False,False,False,False,0.10968862876303352,0.05435554456799752,False,False,False,False,-29675237,-31721453.041684188,False,False,False,False,2022090.0111210267,False,False,False,False
2024-10-28 00:00:00+00:00,46.3792173944,46.3888097868,45.6501955698,45.7557118865,1847562,,,,,,,,,,,,,45.994596075118515,46.245546852846985,45.697843654027686,45.21088984129466,46.5827553616942,47.57895664635107,48.13840985957925,48.10287595081385,,,53.59286147074526,#000000,0.0,0.0,1.5505241521595254,47.09638021327149,-0.46252927945214045,0.0,0.0,0.0,0.0,0.0,0.0,0.0,0.0,49.2789872908223,1.707851565803324,False,False,False,False,True,0.0,0,0.9917066099663105,0.9012099855796216,False,False,False,False,0.062450375122035946,0.058402959845016734,False,False,False,False,-27827675,-31568755.863578927,False,False,False,False,2015245.7753907903,False,False,False,False
2024-10-29 00:00:00+00:00,45.7269347092,46.4703451225,45.4007933666,46.3792173944,2167312,,,,,,,,,,,,,45.983360349637266,46.22046940444807,45.70264523300866,45.221731275928704,46.575377471860314,47.564506090071504,48.12324701463585,48.08908034206292,,,53.5741435839608,#000000,0.0,0.0,1.5388785350404062,47.08707854550596,-0.883853926957429,0.0,0.0,0.0,0.0,0.0,0.0,0.0,0.0,48.02347309670443,1.707851565803324,False,False,False,False,True,0.0,1,0.9751664402279169,0.9209566981209418,False,False,False,False,0.05164844006076405,0.05502569995289039,False,False,False,False,-29994987,-31507039.437556226,False,False,False,False,2021209.1567480143,False,False,False,False
2024-10-30 00:00:00+00:00,46.0051140896,46.8492446234,45.5159020758,45.6693803546,2109311,,,,,,,,,,,,,45.994338749528964,46.21460546575774,45.71402083063463,45.23602328794157,46.5708945285614,47.55277057265094,48.11034376732537,48.07735211674445,,,53.556618908568716,#000000,0.0,0.0,1.5110977171633393,47.08435200735441,-0.714207893702849,0.0,0.0,0.0,0.0,0.0,0.0,0.0,0.0,48.3700476634837,1.707851565803324,False,False,False,False,True,0.0,1,0.979482632559408,0.9032965055529534,False,False,False,False,0.08348096367364492,0.06925333181326765,False,False,False,False,-27885676,-31365025.185103044,False,False,False,False,2024664.1309931902,False,False,False,False
2024-10-31 00:00:00+00:00,45.7365271016,46.2161467231,45.3480352083,46.0434836594,1801074,,,,,,,,,,,,,45.980071534420844,46.19264049874488,45.7152140304259,45.24311229394136,46.56414232426976,47.54043829855387,48.097503754202044,48.065640839416794,,,53.54100567857959,"rgba(239, 83, 80, 0.75)",0.0,0.0,1.4458580533052114,47.075313938550416,-0.9259462461684748,0.0,0.0,0.0,0.0,0.0,0.0,0.0,0.0,47.5424608447264,1.707851565803324,False,True,False,True,True,0.0,1,0.974514043545593,0.9316864745825139,False,False,False,False,0.0319256325754248,0.050589482194346225,False,False,False,False,-29686750,-31299210.471961748,False,False,False,False,2015895.8905620847,False,False,False,False
2024-11-01 00:00:00+00:00,46.3888097868,46.5902500278,45.8228586335,45.9283749502,1610656,,,,,,,,,,,,,45.99532905842805,46.195778729519915,45.72613373045051,45.25519842181279,46.561929572909115,47.532624450757304,48.08857978776386,48.057525897039326,,,53.52799140334752,#000000,0.0,0.0,1.4188927766995696,47.07497697554864,-0.4835934046719867,0.0,0.0,0.0,0.0,0.0,0.0,0.0,0.0,49.65001557141404,1.707851565803324,False,False,False,False,True,0.0,1,0.9867748097018658,0.9174852279021855,False,False,False,False,0.08657947582993136,0.0685844790121388,False,False,False,False,-28076094,-31172813.747571092,False,False,False,False,2000004.1301478853,False,False,False,False
2024-11-04 00:00:00+00:00,48.7101687546,49.5830764657,48.0387012846,48.4415817666,3604720,,,,,,,,,,,,,46.29091703016214,46.41773506750622,45.855471374399954,45.345825198984,46.59828323717623,47.54948986071663,48.09601456013072,48.064722461767104,,,53.50904384839931,"rgba(38, 166, 154, 1.0)",0.0,0.0,1.4381782567809618,47.16459744769398,1.074672975772442,0.0,0.0,0.0,0.0,0.0,0.0,0.0,0.0,56.68262935644951,1.9543863827263053,True,False,True,False,True,5.467753311011766,1,0.9919474606764983,0.9057912415661713,False,False,False,False,0.3428282417548958,0.2057063603835173,False,False,False,False,-24471374,-30910012.18884282,False,True,False,False,2062934.1642597332,False,False,False,False
2024-11-05 00:00:00+00:00,48.5662828682,48.8636470335,47.7701142966,48.2017719559,1768383,,,,,,,,,,,,,46.39540501984989,46.49796136126023,45.907307546748285,45.383897208712426,46.612671604919406,47.555106154919024,48.0976159603787,48.06635898836135,,,53.4990670307751,"rgba(38, 166, 154, 1.0)",0.0,0.0,1.4551404122503435,47.18271723113079,0.9508124614102058,0.0,0.0,0.0,0.0,0.0,0.0,0.0,0.0,60.79696037888589,5.577792815542985,True,False,True,False,True,5.036667282502144,0,0.9734382469992812,0.9353456430592674,False,False,False,False,0.2814722349955177,0.2435892976895175,False,False,False,False,-26239757,-30726864.926535256,False,False,False,False,2051383.1382103318,False,False,False,False
2024-11-06 00:00:00+00:00,47.4919349161,48.5566904758,46.9259837628,48.1058480316,2090308,,,,,,,,,,,,,46.465263945430635,46.55093252275694,45.94847778227945,45.416922000563936,46.622448752145424,47.555904637933004,48.094896786535294,48.06401766628792,,,53.485615757875465,"rgba(38, 166, 154, 1.0)",0.0,0.0,1.4616141456068423,47.183733592669306,0.21086367038595755,0.0,0.0,0.0,0.0,0.0,0.0,0.0,0.0,59.70605880175346,5.577792815542985,True,False,True,False,True,1.8979130360422012,0,0.9669379231631253,0.9304000449666228,False,False,False,False,0.21247641828251507,0.2280328579860163,False,False,False,False,-28330065,-30632872.77255348,False,False,False,False,2052909.603378554,False,False,False,False
2024-11-07 00:00:00+00:00,46.9451685477,48.3456578423,46.4079945717,46.63821199,2200354,,,,,,,,,,,,,46.50750814579896,46.58220605797519,45.9795025246962,45.444262448814875,46.628399654847755,47.55329289408206,48.08931835692342,48.05902946201844,,,53.4704946744778,"rgba(38, 166, 154, 0.75)",0.0,0.0,1.4620145497143575,47.17861650679714,-0.15967553752645713,0.0,0.0,0.0,0.0,0.0,0.0,0.0,0.0,57.34277721580099,5.577792815542985,True,False,True,False,False,0.3630918627856303,0,0.9663374073052791,0.9333661205585971,False,False,False,False,0.16982637543026774,0.19892961670814202,False,False,False,False,-30530419,-30628854.977551382,False,False,False,False,2058691.7365793951,False,False,False,False
2024-11-08 00:00:00+00:00,46.3504402171,47.0027229023,45.7173423168,47.0027229023,2325769,,,,,,,,,,,,,46.49922596100601,46.57178758576398,45.988896220607984,45.4585569914218,46.62563017358504,47.543152590061986,48.07754747732849,48.04829848179002,,,53.452357259025106,"rgba(38, 166, 154, 0.5)",0.0,0.0,1.4362550425602223,47.15569148463357,-0.5606603588302502,0.0,0.0,0.0,0.0,0.0,0.0,0.0,0.0,54.142644556845724,10.167725561314192,False,False,True,False,False,0.0,1,0.9558873646705301,0.9611855599294259,False,False,False,False,0.053551156870592566,0.1262403867893673,False,False,False,False,-32856188,-30716201.370588582,False,False,False,False,2069165.3547527522,False,False,False,False
2024-11-11 00:00:00+00:00,46.839652231,47.1562011811,46.1825733496,46.2353315079,3369009,,,,,,,,,,,,,46.51596143984849,46.58147508644892,46.01455727577623,45.48668062764511,46.62709339646443,47.53324387313863,48.06437681192329,48.03633381385969,,,53.4276065509735,"rgba(38, 166, 154, 0.5)",0.0,0.0,1.4024133871217397,47.14424274269535,-0.21719024824803973,0.0,0.0,0.0,0.0,0.0,0.0,0.0,0.0,53.35630949911369,9.47112759800207,False,False,True,False,False,0.09243829153358973,1,0.9594119754644032,0.9582154083050017,False,False,False,False,0.08863206611258742,0.10743622645097736,False,False,False,False,-29487179,-30668004.414879225,False,False,False,False,2120139.6153506837,False,False,False,False
2024-11-12 00:00:00+00:00,45.074652024,47.0315000796,45.0362824543,46.4079945717,2520774,,,,,,,,,,,,,46.474028866910075,46.54257251494783,46.00693216669262,45.49039502818118,46.617256336340404,47.51688494937086,48.047362705148544,48.02071613477076,,,53.406427628409574,#000000,0.0,0.0,1.382204728521282,47.11585699488144,-1.476774698249782,0.0,0.0,0.0,0.0,0.0,0.0,0.0,0.0,48.77855072454899,5.167310089695803,False,True,False,False,False,0.0,1,0.9785060709603491,0.958515016806818,False,False,False,False,0.016707064130007714,0.06207164529049254,False,False,False,False,-32007953,-30720551.418217294,False,False,False,False,2135850.7676898725,False,False,False,False
2024-11-13 00:00:00+00:00,44.9019889603,45.5830488228,44.7149373079,44.9691357073,1800090,,,,,,,,,,,,,46.42336225611168,46.496766448936214,45.99019270339006,45.48551078842621,46.60541639186061,47.50125041695598,48.03203284191503,48.00659669491936,,,53.39010770244819,"rgba(239, 83, 80, 1.0)",0.0,0.0,1.3530672557218095,47.088352963773666,-1.615857596307969,0.0,0.0,0.0,0.0,0.0,0.0,0.0,0.0,45.40117621947576,2.0841549125818375,False,True,False,True,False,0.0,1,0.9646952124292791,0.977734458484252,False,False,False,False,-0.08331893605559224,-0.010623645382549847,False,False,False,False,-33808043,-30841629.519463677,False,False,False,False,2122683.678760858,False,False,False,False
2024-11-14 00:00:00+00:00,44.4799236934,45.5926412152,44.2784834524,45.1609835559,3938173,,,,,,,,,,,,,46.303647550743065,46.387845624488556,45.94496289467244,45.46824779141132,46.57548403869259,47.46383601187742,47.99588990075206,47.97324407107574,,,53.3534190150195,"rgba(239, 83, 80, 1.0)",0.0,0.0,1.3132196694580207,47.0274117167143,-1.9398795818872165,0.0,0.0,0.0,0.0,0.0,0.0,0.0,0.0,42.34890450539466,-0.6950801446070685,False,True,False,True,False,0.0,0,0.9595087399132382,0.9797130521970437,False,False,False,False,-0.10761899235712354,-0.059121318869836695,False,False,False,False,-37746216,-31112397.616739612,False,False,False,False,2193879.338417295,False,False,False,False
2024-11-15 00:00:00+00:00,44.3072606297,44.9979128846,44.0578584266,44.8348422133,2484966,,,,,,,,,,,,,46.222203035944744,46.31326616725617,45.91051738533485,45.45275180803751,46.553718393194046,47.437916859523625,47.971198782167875,47.95041505391456,,,53.32954566957036,"rgba(239, 83, 80, 1.0)",0.0,0.0,1.30383466788502,46.98764215461178,-2.055767951974838,0.0,0.0,0.0,0.0,0.0,0.0,0.0,0.0,39.985336040329344,-2.8652984300195357,False,True,False,True,False,0.0,0,0.9617847037026488,0.9793631720861279,False,False,False,False,-0.15441425619741267,-0.10676778753362468,False,False,False,False,-40231182,-31469997.004318453,False,False,False,False,2205294.5016166167,False,False,False,False
2024-11-18 00:00:00+00:00,43.7413094764,44.1058203887,43.4535377035,44.0386736417,2229530,,,,,,,,,,,,,46.12887258960283,46.22809066390608,45.866976603320396,45.4299471978161,46.528295475916636,47.409767717891214,47.945063492904985,47.926205039462715,,,53.30658440604999,"rgba(239, 83, 80, 1.0)",0.0,0.0,1.319484085474903,46.94383816373273,-2.427106717380445,0.0,0.0,0.0,0.0,0.0,0.0,0.0,0.0,37.359655904950415,-5.336494416292716,False,True,False,True,False,0.0,0,0.9467437422920211,0.9893175193023461,False,False,False,False,-0.2422390681903975,-0.1745034278620111,False,False,False,False,-42460712,-31901005.43552165,False,False,False,False,2206244.9133179258,False,False,False,False
2024-11-19 00:00:00+00:00,43.7029399067,43.9139725401,43.3192442095,43.4535377035,2483745,,,,,,,,,,,,,46.02797980578107,46.13530703646792,45.81781941732908,45.403454267098255,46.49929210574638,47.377883864488865,47.91549255726225,47.89878409848084,,,53.28081040854023,"rgba(239, 83, 80, 1.0)",0.0,0.0,1.3331425325033084,46.896396784548955,-2.395435446690339,0.0,0.0,0.0,0.0,0.0,0.0,0.0,0.0,35.538367156771926,-7.101613156320589,False,True,False,True,False,0.0,0,0.9659689993404863,0.9812367318372522,False,False,False,False,-0.26670418429482046,-0.2206038060784158,False,False,False,False,-44944457,-32412513.340011,False,False,False,False,2217127.2696583993,False,False,False,False
2024-11-20 00:00:00+00:00,44.0194888568,44.067450819,43.3096518171,43.463130096,2043941,,,,,,,,,,,,,45.95586732988951,46.06821670959773,45.78171385504678,45.384087798831274,46.477118789073,47.353110442299446,47.89232495126758,47.87728556079015,,,53.2600394177546,"rgba(239, 83, 80, 1.0)",0.0,0.0,1.3410743555586069,46.64170564665258,-1.9553105157695225,0.0,0.0,0.0,0.0,0.0,0.0,0.0,0.0,35.61041439508558,-7.189000022679188,False,True,False,True,False,0.0,0,0.9603708935674108,0.974644752585101,False,False,False,False,-0.3326040930721011,-0.27660394957525847,False,False,False,False,-42900516,-32823807.561971355,False,False,False,False,2210335.651240423,False,False,False,False
2024-11-21 00:00:00+00:00,44.9595433149,44.9787280997,43.9811192871,44.000304072,2075335,,,,,,,,,,,,,45.914012972704434,46.02774987030453,45.761348754432774,45.375077090144664,46.46192740490172,47.3341739255544,47.87384478986411,47.86013985019393,,,53.24090857287371,"rgba(239, 83, 80, 1.0)",0.0,0.0,1.339148428860135,46.64157211477918,-1.2560435898139366,0.0,0.0,0.0,0.0,0.0,0.0,0.0,0.0,39.00305597136486,-7.189000022679188,False,True,False,True,False,0.0,0,0.962674882969684,0.9708975056571096,False,False,False,False,-0.22397634098170263,-0.25029014527848054,False,False,False,False,-40825181,-33137586.912482284,False,False,False,False,2205041.508054524,False,False,False,False
2024-11-22 00:00:00+00:00,45.0170976695,45.1993531256,44.565295986,44.7293258966,1403974,,,,,,,,,,,,,45.89323031153431,46.00705512474868,45.75140540797446,45.37143914549853,46.45339094309507,47.322863267500686,47.86256216839668,47.84966950968232,,,53.228445468920576,"rgba(239, 83, 80, 0.75)",0.0,0.0,1.3237754978210101,46.63917683634158,-1.2253430959491223,0.0,0.0,0.0,0.0,0.0,0.0,0.0,0.0,41.45290856512911,-7.189000022679188,False,True,False,True,True,0.0,0,0.9624290150060244,0.9763755789603653,False,False,False,False,-0.17081673806221118,-0.21055344167034584,False,False,False,False,-39421207,-33384003.386502586,False,False,False,False,2173627.0959739545,False,False,False,False
2024-11-25 00:00:00+00:00,44.8923965679,45.5254944682,44.8252498209,45.2856846575,1595940,,,,,,,,,,,,,45.87424033546212,45.98767501098053,45.74244281835619,45.36878212362133,46.4447682364274,47.31095169438057,47.85050786335331,47.83847958149669,,,53.21458522141725,"rgba(239, 83, 80, 0.75)",0.0,0.0,1.3070113073204364,46.6357699251755,-1.333862490332751,0.0,0.0,0.0,0.0,0.0,0.0,0.0,0.0,42.71212495378391,-7.189000022679188,False,True,False,True,True,0.0,0,0.9704749168167641,0.9755060240353384,False,False,False,False,-0.1327127539282066,-0.1716330977992762,False,False,False,False,-41017147,-33683342.35173778,False,False,False,False,2150972.7000534073,False,False,False,False
2024-11-26 00:00:00+00:00,44.0290812493,44.6621791496,43.8372334007,44.3264454146,1991723,,,,,,,,,,,,44.176164599866674,45.826095633723945,45.941564805850376,45.716737612632514,45.355317546662754,46.42711763775689,47.29030173472102,47.83074224934988,47.82009953781754,,,53.19543667144571,"rgba(239, 83, 80, 0.75)",0.0,0.0,1.3032389432347664,46.607597321244285,-1.9785443684978878,0.0,0.0,0.0,0.0,0.0,0.0,0.0,0.0,41.20486517895565,-7.189000022679188,False,True,False,True,True,0.0,0,0.9467272422991959,0.9902735468492422,False,False,False,False,-0.2549401085148295,-0.21328660315705286,False,False,False,False,-43008870,-34049049.3183363,False,False,False,False,2144727.613776803,False,False,False,False
2024-11-27 00:00:00+00:00,44.2113367054,44.604624795,43.8372334007,44.0194888568,1276160,,,,,,,,,,,,44.19239718404938,45.797398849079336,45.91390164576203,45.70113889965826,45.34714755484502,46.41615818255166,47.277387758995914,47.81833196620523,47.808552760068636,,,53.18326652683309,"rgba(239, 83, 80, 0.75)",0.0,0.0,1.3018531863223506,46.591446295791236,-1.828247313443145,0.0,0.0,0.0,0.0,0.0,0.0,0.0,0.0,40.91876526342741,-7.189000022679188,False,True,False,True,True,0.0,0,0.9468418838561944,0.9975096044950571,False,False,False,False,-0.2588432825611918,-0.23606494285912233,False,False,False,False,-41732710,-34350369.34506821,False,False,False,False,2110666.138726732,False,False,False,False
2024-11-29 00:00:00+00:00,44.7581030739,45.1993531256,44.4895160859,44.4991084783,933850,,,,,,,,,,,,44.33091897476028,45.78474611405491,45.90115466664479,45.69444710901412,45.344368941107504,46.41036960743312,47.269839670729965,47.8108035700293,47.801549200943946,,,53.17497426154924,"rgba(239, 83, 80, 0.75)",0.0,0.0,1.284491989825302,46.58578183400347,-1.4228806209620983,0.0,0.0,0.0,0.0,0.0,0.0,0.0,0.0,42.78081602337501,-7.189000022679188,False,True,False,True,True,0.0,0,0.9494332821692524,0.9939292787425418,False,False,False,False,-0.17577719027569738,-0.20592106656740986,False,False,False,False,-40798860,-34603251.33153612,False,False,False,False,2064516.4862276448,False,False,False,False
2024-12-02 00:00:00+00:00,45.8228586335,45.8420434184,44.5854400101,44.7964726436,1554950,,,,,,,,,,,,44.62422341239658,45.77701552976106,45.89197101821195,45.6909965085113,45.3449938505688,46.404421835983484,47.260426988321726,47.80085060455624,47.79229318921096,,,53.16219353094085,#000000,0.0,0.0,1.2720775972735852,46.58506158738645,-0.5991796062756416,0.0,0.0,0.0,0.0,0.0,0.0,0.0,0.0,47.251395183410324,-9.222739099867717,False,True,False,False,True,0.0,0,0.9559791386254499,0.9778917553822734,False,False,False,False,-0.12775423996963928,-0.16683765326852457,False,False,False,False,-39243910,-34785237.94598568,False,False,False,False,2044533.4867677372,False,False,False,False
2024-12-03 00:00:00+00:00,46.7916902688,46.906798978,46.1969619382,46.4079945717,2148843,,,,,,,,,,46.631817061666666,,45.1699181024246,45.80113287526587,45.91086099833872,45.70688092703935,45.36015968986963,46.406287524838824,47.25604515624206,47.794172527594235,47.78610193084937,,,53.14736036135394,"rgba(38, 166, 154, 0.5)",0.0,0.0,1.2729620498556686,46.60555205681892,0.14622447857120244,0.0,0.0,0.0,0.0,0.0,0.0,0.0,0.0,52.472448103111795,-4.287985382120674,False,False,True,False,True,1.462546657952693,0,0.9777047710713772,0.959703509433014,False,False,False,False,0.042990446848104436,-0.061923603210210065,False,False,False,False,-37095067,-34875819.47751566,False,False,False,False,2048624.0559141005,False,False,False,False
2024-12-04 00:00:00+00:00,46.0914456215,47.5303044859,45.9811331086,46.9355761553,1485134,,,,,,,,,,46.59196149497184,,45.385694377600586,45.81515577366713,45.92167146289109,45.716424471975024,45.36964613078895,46.40700929088416,47.252584683450934,47.789217995052624,47.78150314889825,,,53.13699514642072,"rgba(38, 166, 154, 0.5)",0.0,0.0,1.2720316800884337,46.616000675841,-0.4123757784904638,0.0,0.0,0.0,0.0,0.0,0.0,0.0,0.0,53.67289504947745,-3.1986047524973884,False,False,True,False,True,0.0,0,0.9637454054647331,0.9642994382168152,False,False,False,False,0.06897342705174186,0.0035249119207658997,False,False,False,False,-38580201,-35021089.3411425,False,False,False,False,2026526.4066625673,False,False,False,False
2024-12-05 00:00:00+00:00,46.1202227988,46.6717853635,45.8804129881,46.2353315079,2175209,,,,,,,,,,46.45423345663117,,45.543382079058546,45.826300809034656,45.92916312484574,45.724859135022676,45.37963970247749,46.40551144722855,47.24541293243271,47.78025504254126,47.7731682594435,,,53.12116181202979,"rgba(38, 166, 154, 0.5)",0.0,0.0,1.265876176740212,46.62344178364096,-0.39752623051712227,0.0,0.0,0.0,0.0,0.0,0.0,0.0,0.0,54.54481027130748,-2.285603524613869,False,False,True,False,True,0.0,0,0.9696580435449467,0.9725257366048295,False,False,False,False,0.007922596928517099,0.005723754424641499,False,False,False,False,-36404992,-35075360.03364672,False,False,False,False,2032357.0965973686,False,False,False,False
2024-12-06 00:00:00+00:00,45.9763369124,46.5614728505,45.78928526,46.1585923685,1544052,,,,,,,,,,46.38174709043277,,45.61000280002489,45.831666035690944,45.932270862390496,45.72933670862393,45.3856451164666,46.40379762857469,47.23981555018402,47.773488781400765,47.76687010666782,,,53.10977976612576,"rgba(38, 166, 154, 0.5)",0.0,0.0,1.2660755341222005,46.62633009337031,-0.5133921029608776,0.0,0.0,0.0,0.0,0.0,0.0,0.0,0.0,54.63455873955223,-1.9850684301878871,False,False,True,False,True,0.0,0,0.9664695525843814,1.0009377565126139,False,False,False,False,-0.004875391148838388,0.0004241816379015554,False,False,False,False,-37949044,-35188053.522523314,False,False,False,False,2013207.877122962,False,False,False,False
2024-12-09 00:00:00+00:00,46.7916902688,47.6823439059,46.4175869641,46.503918496,1693596,,,,,,,,,,46.49072303929626,,45.76489236867388,45.85475168422315,45.95145737937281,45.74491972846208,45.39977033976486,46.4073263697664,47.238332737418865,47.76990933069654,47.76355050014388,,,53.09885702481871,"rgba(38, 166, 154, 1.0)",0.0,0.0,1.2691691327907928,46.59118610116815,0.1579806524217597,0.0,0.0,0.0,0.0,0.0,0.0,0.0,0.0,56.80866933098621,0.33812441263411586,True,False,True,False,True,1.4928514932113224,0,0.9506509050272984,0.9740938933743479,False,False,False,False,0.10665464394918024,0.0535394127935409,False,False,False,False,-36255448,-35229912.129483186,False,False,False,False,2000674.0780201005,False,False,False,False
2024-12-10 00:00:00+00:00,46.571065243,46.9643533325,45.6598838861,46.8588370158,1969015,,,,,,,,,,46.474226970791314,,45.83926714274922,45.86734167297722,45.9609179419861,45.75437153471243,45.41005495892151,46.407261707289166,47.23311802943274,47.762895773668944,47.75702070538235,,,53.08504075808752,"rgba(38, 166, 154, 1.0)",0.0,0.0,1.2736438200292983,46.58226992044396,-0.008797339780367808,0.0,0.0,0.0,0.0,0.0,0.0,0.0,0.0,57.44049832629201,1.200567691749228,True,False,True,False,True,0.8584564920359732,0,0.9424943949686143,0.9772884656267258,False,False,False,False,0.012499813348630937,0.03301961307108592,False,False,False,False,-38224463,-35347345.49695443,False,False,False,False,1999432.545548724,False,False,False,False
2024-12-11 00:00:00+00:00,45.9283749502,46.9355761553,45.8995977729,46.5806576354,1973969,,,,,,,,,,46.44083912291509,,45.88299204637132,45.87612605548549,45.967018338571286,45.761519704334724,45.418684330666565,46.406156236534095,47.22706454255983,47.755202140568066,47.74985004253793,,,53.070949913988116,"rgba(38, 166, 154, 1.0)",0.0,0.0,1.2730561672993548,46.578710703892654,-0.5108460807917576,0.0,0.0,0.0,0.0,0.0,0.0,0.0,0.0,55.63335415602428,1.200567691749228,True,False,True,False,True,0.0,0,0.9465804565885431,0.9945454923240651,False,False,False,False,0.025906063997144242,0.02946283853411508,False,False,False,False,-40198432,-35537584.18334838,False,False,False,False,1998433.9751350486,False,False,False,False
2024-12-12 00:00:00+00:00,45.9763369124,46.3696250019,45.6501955698,46.2832934701,2404583,,,,,,,,,,46.37178062927834,,45.89614860389607,45.87942313765399,45.96780090092736,45.76557867828843,45.42581581954648,46.402595604914204,47.21787784742385,47.74435602557208,47.739728560541025,,,53.05322235914114,"rgba(38, 166, 154, 0.5)",0.0,0.0,1.2731397158727955,46.57048943688559,-0.46668289197016216,0.0,0.0,0.0,0.0,0.0,0.0,0.0,0.0,54.57671788042656,1.200567691749228,False,False,True,False,False,0.0,0,0.9126823423953839,1.0281133080156402,False,False,False,False,-0.025906076711956723,0.0017783809110791787,False,False,False,False,-37793849,-35626065.15655041,False,False,False,False,2014361.3878748505,False,False,False,False
2024-12-13 00:00:00+00:00,46.2161467231,46.3648288057,45.6406031773,45.8804129881,1478614,,,,,,,,,,46.34567324710237,,45.907760156136526,45.88258638283941,45.9693867676961,45.76878877595583,45.43067848554414,46.40083848544461,47.21264070825764,47.73803707514629,47.73382871614175,,,53.042481121215225,"rgba(38, 166, 154, 0.75)",0.0,0.0,1.2742585187678355,46.56850654057314,-0.2765214532870897,0.0,0.0,0.0,0.0,0.0,0.0,0.0,0.0,54.64032173221502,1.200567691749228,True,False,True,False,False,0.0,0,0.9200465055508944,1.0192595157898139,False,False,False,False,-0.02682083968036348,-0.01252122938464215,False,False,False,False,-36315235,-35653091.42492098,False,False,False,False,1993351.6863895624,False,False,False,False
2024-12-16 00:00:00+00:00,44.9787280997,45.9955216972,44.9211737452,45.8995977729,2291475,,,,,,,,,,46.22046095515724,,45.85173699796742,45.86822164606772,45.9541918789143,45.76131968602124,45.42915879978966,46.391782063814446,47.199156331427695,47.72381924975596,47.720535042425084,,,53.024055166343196,#000000,0.0,0.0,1.2766090044909038,46.54766504340405,-1.2289878405876713,0.0,0.0,0.0,0.0,0.0,0.0,0.0,0.0,50.74390710472351,6.254147843442709,False,False,False,False,False,0.0,0,0.8892199757335579,1.027716864792267,False,False,False,False,-0.09627978303216533,-0.05440050620840374,False,False,False,False,-38606710,-35768919.604335845,False,False,False,False,2005042.7967272268,False,False,False,False
2024-12-17 00:00:00+00:00,44.4895160859,45.0842444165,44.2305214903,44.8396384095,1658392,,,,,,,,,,46.09151663274313,,45.77372580593372,45.846069378900886,45.93237637244153,45.74813996527848,45.42232955323031,46.381200052070504,47.185979571779974,47.71070471900877,47.708261412853,,,53.00957622686523,"rgba(239, 83, 80, 1.0)",0.0,0.0,1.28316603765375,46.523583529445546,-1.5851942646992183,0.0,0.0,0.0,0.0,0.0,0.0,0.0,0.0,46.91817832608058,2.5674189209331146,False,True,False,True,False,0.0,0,0.8810904062185568,1.040771498013068,False,False,False,False,-0.20039638687421407,-0.1273984465413089,False,False,False,False,-40265102,-35945240.48259719,False,False,False,False,1991448.6478359632,False,False,False,False
2024-12-18 00:00:00+00:00,43.0890267912,44.5594446267,43.0314724366,44.2401138827,2042603,,,,,,,,,,45.86537134449551,,45.61574332186636,45.79786936003192,45.88617178090158,45.717938492488386,45.40359471444562,46.360810273260014,47.16346652363214,47.689342567339374,47.68825322719343,,,52.989610710873926,"rgba(239, 83, 80, 1.0)",0.0,0.0,1.3038710445869992,46.477831114453444,-2.5990333456073094,0.0,0.0,0.0,0.0,0.0,0.0,0.0,0.0,41.58400610016497,-2.382634624809498,False,True,False,True,False,0.0,0,0.8835911729022343,1.0378762264935646,False,False,False,False,-0.31753327204635357,-0.22246585929383123,False,False,False,False,-42307705,-36194748.89504436,False,False,False,False,1993454.700862004,False,False,False,False
2024-12-19 00:00:00+00:00,42.2448962575,43.5206844505,42.2065266877,43.2616898549,2096879,,,,,,,,,,45.59589396360542,,45.41380500284616,45.73133549360045,45.82288228357472,45.6751791896531,45.375524051393754,46.333535552124076,47.13492761392667,47.662896539802446,47.66346598074676,,,52.96724872627526,"rgba(239, 83, 80, 1.0)",0.0,0.0,1.3556204085280275,46.41961466394135,-3.079562966283742,0.0,0.0,0.0,0.0,0.0,0.0,0.0,0.0,36.754363095401324,-6.710651608917857,False,True,False,True,False,0.0,0,0.8556378286701584,1.0738006733972403,False,False,False,False,-0.34282825441539394,-0.28264705685461256,False,False,False,False,-44404584,-36516703.21288576,False,False,False,False,1997510.5557301608,False,False,False,False
2024-12-20 00:00:00+00:00,42.7628854486,43.3815947603,42.0818255862,42.1489723332,2958716,,,,,,,,,,45.29348588535519,,45.1790860096681,45.64457111513696,45.73996745576992,45.61847648977507,45.33808301208723,46.29659844536134,47.09601890179053,47.62667402985283,47.629488546715365,,,52.93611787400428,"rgba(239, 83, 80, 1.0)",0.0,0.0,1.3842421102924127,46.34849287906796,-2.5903036786754896,0.0,0.0,0.0,0.0,0.0,0.0,0.0,0.0,35.40569231515522,-7.780109123568415,False,True,False,True,False,0.0,0,0.866100093447822,1.0619471952353892,False,False,False,False,-0.34282825441539394,-0.3127376556350032,False,False,False,False,-41445868,-36710003.79277259,False,False,False,False,2035204.8868779975,False,False,False,False
2024-12-23 00:00:00+00:00,42.6573691319,42.7245158789,41.9643187789,42.6285919546,1794289,,,,,,,,,,45.12171262064462,,45.040976167399535,45.58928995134299,45.68711221314873,45.581745614941354,45.31338352491364,46.27274761479234,47.071189589436806,47.603661997816246,47.60788760880884,,42.448734596566666,52.91679033315972,"rgba(239, 83, 80, 1.0)",0.0,0.0,1.4124393851635022,46.04479659926091,-2.398281655795651,1.0,42.724514,41.964317,0.0,0.0,0.0,0.0,0.0,34.321668795087234,-8.769182542558177,False,True,False,True,False,0.0,0,0.8477207117221259,1.0830141150016233,True,False,False,False,-0.34282825441539394,-0.3277829550251986,False,False,False,False,-43240157,-36966088.2322717,False,False,False,False,2025757.2050396446,False,False,False,False
2024-12-24 00:00:00+00:00,42.6861463092,42.8588093729,42.168157118,42.5902223849,847767,,,,,,,,,,45.050961434961366,,44.98332355604042,45.564822019685614,45.663646241688824,45.56535146862185,45.30235179056839,46.26193824739898,47.059858235245116,47.59311653484857,47.59798457962324,,42.48797844693922,52.9077896045076,"rgba(239, 83, 80, 1.0)",0.0,0.0,1.4354597408904848,46.02837975060451,-2.328336592241285,0.0,0.0,0.0,0.0,0.0,0.0,0.0,0.0,33.71347045597749,-9.452680912725405,False,True,False,True,False,0.0,0,0.8654367727163023,1.069809031771448,False,False,False,False,-0.3235843430336722,-0.32568364902943536,False,False,False,False,-42392390,-37178884.38002575,False,False,False,False,1979561.5107243645,False,False,False,False
2024-12-26 00:00:00+00:00,42.6094071698,42.9547332972,42.4175593212,42.5422604228,1333935,,,,,,,,,,44.95099516096019,,44.901036759207294,45.528243170303696,45.62847887009901,45.540674765981606,45.2857353900448,46.24546674898426,47.042497093689946,47.57690697448895,47.58275718415689,,42.545881337742124,52.89378129202378,"rgba(239, 83, 80, 1.0)",0.0,0.0,1.4436689046898268,46.004218354337006,-2.3515164547139586,0.0,0.0,0.0,0.0,0.0,0.0,0.0,0.0,33.14950742192252,-10.211767844157308,False,True,False,True,False,0.0,0,0.8724131637349458,1.0673911212185487,False,False,False,False,-0.3041671222077251,-0.31492538561858024,False,False,False,False,-43726325,-37435646.75727965,False,False,False,False,1954242.8240292915,False,False,False,False
2024-12-27 00:00:00+00:00,42.503890853,42.9072509547,42.302450612,42.4559288909,1263976,,,,,,,,,,44.86028610819288,,44.82536788177461,45.49336890383353,45.59492673799044,45.516962372310324,45.26965269504741,46.22961189569766,47.0258394912019,47.56136810921116,47.56815440562643,,42.5519880532374,52.8804273337093,"rgba(239, 83, 80, 1.0)",0.0,0.0,1.4634063031714186,45.979050240471985,-2.374705766908887,0.0,0.0,0.0,0.0,0.0,0.0,0.0,0.0,32.54242680801343,-11.088170133805733,False,True,False,True,False,0.0,0,0.8697361190858828,1.064596489193779,False,False,False,False,-0.3132808686475022,-0.3141031271330412,False,False,False,False,-44990301,-37731907.70797457,False,False,False,False,1927173.5368124568,False,False,False,False
2024-12-30 00:00:00+00:00,42.3791897515,42.7389044676,42.1106027635,42.3791897515,1536852,,,,,,,,,,44.75173790413839,,44.73359260463031,45.44977321953833,45.55298177615214,45.4870817976507,45.249196819850596,46.20967394867494,47.00502332677417,47.54199630961435,47.54994269324867,,42.51968939828443,52.86398306167103,"rgba(239, 83, 80, 1.0)",0.0,0.0,1.4948494057219526,45.945919364731985,-2.3860126642719552,0.0,0.0,0.0,0.0,0.0,0.0,0.0,0.0,31.851821276869515,-12.085182008233886,False,True,False,True,False,0.0,0,0.8750359117553059,1.0637158221435459,False,False,False,False,-0.33365428460577784,-0.32387870586940953,False,False,False,False,-46527153,-38076819.288054,False,False,False,False,1911866.809878635,False,False,False,False
2024-12-31 00:00:00+00:00,43.4439453111,43.4536534553,42.4197360976,42.5119634675,3477161,,,,,,,,,,44.60181629079157,,44.60475245237346,45.37712369530869,45.48218164770274,45.436376606326256,45.2150644012725,46.173448543880646,46.96564347861762,47.50457342539238,47.514726080152094,,42.7184342202806,52.829432549300854,"rgba(239, 83, 80, 0.75)",0.0,0.0,1.507796359846538,45.90492380817243,-1.6321690134090128,0.0,0.0,0.0,0.0,1.0,43.6866489162,42.7389044676,0.0,36.1318346883272,-12.085182008233886,False,True,False,True,True,0.0,0,0.8768483768089476,1.056680575192663,False,False,False,False,-0.27637768383484085,-0.30012819485212516,False,False,False,False,-43049992,-38271845.66891462,False,False,False,False,1973250.8957657474,False,False,False,False
2025-01-02 00:00:00+00:00,43.9584769539,44.3904893709,43.6866489162,43.6866489162,2145137,,,,,,,,,44.011871747,44.5704297410474,,44.57715053276252,45.351508747559954,45.456399441994,45.417906728048216,45.20335917589858,46.15799630930918,46.947353921449455,47.486490786765,47.497685206916955,,42.94220827578425,52.81021421864278,"rgba(239, 83, 80, 0.75)",0.0,0.0,1.5106974893363887,45.898937984915165,-1.2844802117646708,0.0,0.0,0.0,0.0,1.0,43.9584769539,43.4536534553,0.0,40.79305322759279,-15.449076833558927,False,True,False,True,True,0.0,0,0.9109276975172821,1.0328769627184584,False,False,False,False,-0.15839807935799205,-0.2292631371050586,False,False,False,False,-40904855,-38375100.93680033,False,False,False,False,1979991.5273043455,False,False,False,False
2025-01-03 00:00:00+00:00,45.4632393054,45.9389383714,43.9584769539,43.9584769539,3131113,,,,,,,,,44.66960366257146,44.610047644929196,,44.6117060218435,45.34534352567709,45.4480096253382,45.412377512451485,45.20219510408251,46.1472796175223,46.930988270912074,47.468743204237086,47.48092208173812,,43.3813257402315,52.78582726390516,#000000,0.0,0.0,1.5061685015532946,45.91797757456251,-0.3019172613778194,0.0,0.0,0.0,0.0,0.0,0.0,0.0,0.0,47.88816364274351,-8.9132666736784,False,False,False,False,True,0.0,0,0.9111712890733464,1.0066242238662384,False,False,False,False,-0.06428167374347199,-0.14677240542426528,False,False,False,False,-37773742,-38351518.233396396,False,False,False,False,2025133.54584143,False,False,False,False
2025-01-06 00:00:00+00:00,47.0262505222,47.4435065601,46.1039768229,46.1136849671,3021180,,,,,,,,46.85791130173334,45.46638908568236,44.75618142692933,,44.741637056123864,45.383271075078575,45.481161783003884,45.437827828135646,45.224265015976144,46.15429050131422,46.93036211341851,47.46435443870914,47.4767122058696,,43.947503231144495,52.767743681035135,"rgba(38, 166, 154, 1.0)",0.0,0.0,1.510847966148919,45.97387107969139,0.696548869302234,0.0,0.0,0.0,0.0,0.0,0.0,0.0,0.0,55.33687967796449,-2.2847513098739682,True,False,True,False,True,3.8574428795236706,0,0.9354457688256825,0.9725297101133591,False,False,False,False,0.1226906335428582,-0.012040885940703544,False,False,False,False,-34752562,-38210382.69483183,False,False,False,False,2064194.1911025506,False,False,False,False
2025-01-07 00:00:00+00:00,46.8320876381,47.5116577324,46.7252980519,47.2009971179,1612626,,,,,,,,46.91536939740992,45.719692858504246,44.83220399303025,,44.80996702667508,45.40492809506704,45.500273776278284,45.45258625518509,45.23697261177472,46.15884128347613,46.93078394086272,47.46266831824628,47.47508165719749,,44.193468344167314,52.758404636077685,"rgba(38, 166, 154, 1.0)",0.0,0.0,1.5181627872351482,46.00136780028764,0.5471875906833764,0.0,0.0,0.0,0.0,0.0,0.0,0.0,0.0,59.634297335066904,1.2966763814261526,True,False,True,False,True,3.3044811072850813,0,0.9631137509627411,0.9703197759215673,False,False,False,False,0.15858024731215312,0.07326968068572479,False,False,False,False,-36365188,-38138022.11856391,False,False,False,False,2046485.6345887252,False,False,False,False
2025-01-08 00:00:00+00:00,46.4340537258,46.9777098012,46.0797064624,46.9000446476,1986797,,,,,,,,46.789866659091,45.8495307874629,44.89826743602478,,44.87000979236001,45.422416338428995,45.51526872088087,45.464432045356844,45.24784644943168,46.16101074484416,46.92836522110729,47.45814503987286,47.470770698885005,,44.40009538347806,52.74588923762322,"rgba(38, 166, 154, 1.0)",0.0,0.0,1.5176812074909778,46.023525892261475,0.2704967495889377,0.0,0.0,0.0,0.0,0.0,0.0,0.0,0.0,61.12361031232038,2.396265271924719,True,False,True,False,True,2.1724907665153097,0,0.928670380970783,0.9968042699819284,False,False,False,False,0.09737597622306408,0.08532282845439443,False,False,False,False,-38351985,-38146412.8197967,False,False,False,False,2044144.90382054,False,False,False,False
2025-01-10 00:00:00+00:00,47.0553749548,47.3272029925,45.7350673431,46.5699677447,2286686,,,,,,,,46.76830599287306,45.98759264832246,44.97721237448581,,44.94224660494438,45.44564046560734,45.53553015210185,45.48042676827013,45.262184105394795,46.165002679326065,46.92694603109919,47.454110599749576,47.46690950329314,,44.61585416955248,52.732025628358144,"rgba(38, 166, 154, 1.0)",0.0,0.0,1.525809530722726,46.04967977325582,0.6591223617982113,0.0,0.0,0.0,0.0,0.0,0.0,0.0,0.0,63.24232182449939,4.310202015631106,True,False,True,False,True,3.811701390466272,0,0.9284017170938352,0.9824753349810308,False,False,False,False,0.09762605385680283,0.09147444115559863,False,False,False,False,-36065299,-38064800.513138,False,False,False,False,2053656.3193569896,False,False,False,False
2025-01-13 00:00:00+00:00,49.7056983224,49.734822755,47.6669880397,47.6669880397,3856176,,,,,,,49.03583637236667,47.45338612030509,46.63918632875532,45.2556226047794,,45.19697036204849,45.551949360471895,45.63317919565954,45.556032150252676,45.32374139735587,46.20003873812211,46.949390035908834,47.46828761432709,47.480152766559705,,45.21825796626122,52.71777396447772,"rgba(38, 166, 154, 1.0)",0.0,0.0,1.596772824080893,46.15145293028269,2.225892962678113,0.0,0.0,0.0,0.0,0.0,0.0,0.0,0.0,67.97473832491191,8.75416021314961,True,False,True,False,True,10.16374967812386,0,0.9574143147317198,0.9440797566129111,False,False,False,False,0.33028243381289296,0.21087843748424578,False,False,False,False,-32209123,-37835166.100858085,False,False,False,False,2124343.3656567154,False,False,False,False
2025-01-14 00:00:00+00:00,50.1813973884,50.4920580029,49.0843770934,49.4824110057,2332115,,,,,,,49.36876937333201,47.83434149022552,47.014682777033826,45.44139130272516,,45.36823554663054,45.628783089388776,45.70429253912783,45.61143297195213,45.36863489787098,46.227288376245816,46.968383017613874,47.48150180144499,47.492540962191654,,45.57623439718766,52.711263414014304,"rgba(38, 166, 154, 1.0)",0.0,0.0,1.6759678946149819,46.22063268226466,2.363270035697936,0.0,0.0,0.0,0.0,0.0,0.0,0.0,0.0,71.55848047496963,12.0950660879084,True,False,True,False,True,11.206284174394948,0,0.9798632839180372,0.9376452306961524,False,False,False,False,0.3428282444654008,0.2768533409748233,False,False,False,False,-29877008,-37523081.46945189,False,False,False,False,2132491.2728858637,False,False,False,False
2025-01-15 00:00:00+00:00,50.5211824355,51.3366665486,50.3658521283,50.5697231565,2280413,,,,,,,49.73834014850559,48.21583996310095,47.38983658318538,45.64008216873515,,45.552253590358724,45.71524427846539,45.78470623699546,45.674341823271234,45.41947031549824,46.2593973350314,46.99182956810606,47.498596476281215,47.508595385441254,,45.93417069284062,52.70679202529851,"rgba(38, 166, 154, 1.0)",0.0,0.0,1.7641161959897205,46.29601203342726,2.395063551753346,0.0,0.0,0.0,0.0,0.0,0.0,0.0,0.0,74.25172061898125,14.65810587282428,True,False,True,False,True,11.945269990738382,0,1.001606850857017,0.9095088992254612,False,False,False,False,0.34282824570878345,0.30984079334180337,False,False,False,False,-27596595,-37133807.490257695,False,False,False,False,2138292.124929555,False,False,False,False
2025-01-16 00:00:00+00:00,49.9969426485,50.6084586519,49.7930716202,50.2396462536,1618445,,,,,,,49.80163364339485,48.37917902721255,47.572747540075156,45.756523340194065,,45.66095062160206,45.76763800618739,45.83342046596008,45.71281156042375,45.4509108415658,46.27885374720206,47.005622281606016,47.50836442423981,47.51776712464289,,46.130994886728665,52.702652427332175,"rgba(38, 166, 154, 1.0)",0.0,0.0,1.828878137840737,46.3402291983419,1.9994298004324091,0.0,0.0,0.0,0.0,0.0,0.0,0.0,0.0,74.24640454709237,14.828419177410296,True,False,True,False,True,10.38803250326405,0,0.9851479135233535,0.9298027819365395,False,False,False,False,0.28717395822475317,0.29850737578327824,False,False,False,False,-29215040,-36823267.58867896,False,False,False,False,2117905.963167612,False,False,False,False
2025-01-17 00:00:00+00:00,50.113440379,50.3755602725,49.9095693507,50.1425648116,1444381,,,,,,,49.84312096057094,48.50310882294153,47.716545442442616,45.85546026216338,,45.753691925056636,45.81335861211693,45.87598315634649,45.74658779450206,45.478618014550115,46.29605344172917,47.01782982064666,47.517020963205916,47.525898571940125,,46.29169452381464,52.69896931802195,"rgba(38, 166, 154, 1.0)",0.0,0.0,1.8939516054407448,46.37810051006331,1.972246734397116,0.0,0.0,0.0,0.0,0.0,0.0,0.0,0.0,74.3829485326899,15.337160047029002,True,False,True,False,True,10.649382811637835,0,0.976346869929056,0.9619048799879301,False,False,False,False,0.28228243335283704,0.2903949045680576,False,False,False,False,-27770659,-36468263.3302994,False,False,False,False,2091493.2195139802,False,False,False,False
2025-01-21 00:00:00+00:00,49.7930716202,50.210521821,49.589200592,49.9969426485,2472305,,,,,,,49.84685377502206,48.64998910806334,47.90492116712011,46.00480661074119,,45.894605873979586,45.88470327087353,45.942437939677596,45.79975127005804,45.52259674779004,46.32310389956061,47.036722651570834,47.530198445779334,47.53827823279624,,46.521459663054635,52.692032185669355,"rgba(38, 166, 154, 1.0)",0.0,0.0,1.9402589525016445,46.435698781785916,1.730373584456501,0.0,0.0,0.0,0.0,0.0,0.0,0.0,0.0,73.30378749748999,15.337160047029002,True,False,True,False,True,9.688126522041877,0,0.9752064533958525,0.9515356878717195,False,False,False,False,0.2620223631072513,0.2762086338376545,False,False,False,False,-30242964,-36224133.94479746,False,False,False,False,2106427.0148271574,False,False,False,False
2025-01-22 00:00:00+00:00,51.0551303667,52.2880646806,50.6182638776,50.6279720218,3719592,,,,,,51.320486308300005,50.15612307049863,49.02298546392634,48.303094681161255,46.28693543614932,,46.160724083566386,46.025019152367,46.07396205305193,45.90494651520747,45.60876931182765,46.379459172864976,47.079077118463296,47.56194429380794,47.568165722098605,,46.94484724827252,52.687000891684875,"rgba(38, 166, 154, 1.0)",0.0,0.0,2.0174623967106644,46.54835465570754,2.233883376632174,0.0,0.0,0.0,0.0,0.0,0.0,0.0,0.0,74.2124620407311,16.041909036280998,True,False,True,False,True,12.50746013533325,0,0.9944516546288829,0.9097338205747935,False,False,False,False,0.3428282462841151,0.3095184400608848,False,False,False,False,-26523372,-35843711.90774658,False,False,False,False,2169688.38679472,False,False,False,False
2025-01-23 00:00:00+00:00,52.2686483922,52.3463135458,50.734761608,51.1327955203,2107620,,,,,,51.48785818818143,50.329051240865155,49.225417857942695,48.518732359894074,46.44740337799336,,46.31275343041351,46.10802790883263,46.151995742644395,45.96773553364482,45.660334160501954,46.413769160888215,47.10528469733478,47.58188320465532,47.58695482906459,,47.17520248098104,52.68512625306594,"rgba(38, 166, 154, 1.0)",0.0,0.0,2.133418165862216,46.82572681823119,2.5512680359919337,0.0,0.0,0.0,0.0,0.0,0.0,0.0,0.0,76.03155872769563,18.25264053192066,True,False,True,False,True,15.046723995088705,0,1.00580448172775,0.9043735900651999,False,False,False,False,0.3428282463613713,0.32617334321112806,False,False,False,False,-24415752,-35395556.61724672,False,True,False,False,2167254.332410613,False,False,False,False
2025-01-24 00:00:00+00:00,51.2298769624,52.258940248,50.9677570689,52.258940248,1863371,,,,,,51.487292815850275,50.42838274712585,49.36303820891719,48.672816800124124,46.574175920930756,,46.43352561831483,46.17570201767065,46.2156761779247,46.019356055861564,45.70302908685278,46.442080278302804,47.126753879624424,47.5981170962476,47.60225882841749,,47.34930593419055,52.68293035140955,"rgba(38, 166, 154, 1.0)",0.0,0.0,2.2073596187122297,46.87052753350038,1.9749158188564027,0.0,0.0,0.0,0.0,0.0,0.0,0.0,0.0,73.92212516002931,18.25264053192066,True,False,True,False,True,11.960349501694939,0,1.0221981235806412,0.881702391820298,False,False,False,False,0.34282824642463877,0.3345007948178834,False,False,False,False,-26279123,-35038049.41657038,False,False,False,False,2155337.338982746,False,False,False,False
2025-01-27 00:00:00+00:00,51.0065896457,51.7444086052,50.92407042,51.2298769624,2762473,,,,,,51.41798164139138,50.518365438966555,49.5172060142921,48.85527854846767,46.74143175930417,,46.59382637536809,46.26818165114235,46.3028028439446,46.09056759516673,45.76238544084943,46.4813369370806,47.15631850885515,47.620340899090316,47.623220129987914,,47.568279093839976,52.678984619503304,"rgba(38, 166, 154, 0.75)",0.0,0.0,2.273216790204709,46.93143117986122,1.7926836029887838,0.0,0.0,0.0,0.0,0.0,0.0,0.0,0.0,71.84832611697927,18.25264053192066,True,False,True,False,False,11.311465336148142,0,1.0131046325593527,0.8933927341466972,False,False,False,False,0.32068464905313143,0.3275927219355074,False,False,False,False,-29041596,-34802894.38062645,False,False,False,False,2179146.580591266,False,False,False,False
2025-01-28 00:00:00+00:00,50.9192163479,51.1861903135,50.3173114072,50.9483407805,1797679,,,,,,51.328409925558226,50.53816777436918,49.58317707328477,48.94206792279813,46.83441384175035,,46.68360919566155,46.321647839840026,46.35321889388111,46.132187919950645,45.79743119385186,46.50432111645642,47.17337910237073,47.632999379217814,47.63516499628513,,47.68315323271818,52.675694460398574,"rgba(38, 166, 154, 0.75)",0.0,0.0,2.3391543245756794,46.963773434019785,1.690971336231835,0.0,0.0,0.0,0.0,0.0,0.0,0.0,0.0,70.19013720355913,18.25264053192066,True,False,True,False,False,11.055069506441622,0,1.0232817566249306,0.8991476975865832,False,False,False,False,0.27540758105671376,0.3015001514961106,False,False,False,False,-30839275,-34647458.32648423,False,False,False,False,2164187.067626903,False,False,False,False
2025-01-29 00:00:00+00:00,51.5405375769,51.7735330378,50.6425342381,50.9677570689,1296693,,,,,,51.327496646707715,50.57491124004189,49.64490905439696,49.01591469439929,46.90718284095635,,46.75377086744814,46.36374579937335,46.392984298801494,46.16498976843777,45.82495855917271,46.52270080642733,47.187303986993996,47.64352845950477,47.64510522350841,,47.77383445424281,52.673975973059065,"rgba(38, 166, 154, 0.75)",0.0,0.0,2.417847669554265,46.99479292256099,1.8800790105925191,0.0,0.0,0.0,0.0,0.0,0.0,0.0,0.0,70.04771936657055,18.25264053192066,True,False,True,False,False,12.404337129236264,0,1.034984257746345,0.8624333448349604,False,False,False,False,0.31077203784101554,0.30613609466856306,False,False,False,False,-29542582,-34447267.097994655,False,False,False,False,2130167.692425848,False,False,False,False
2025-01-30 00:00:00+00:00,50.7930104732,51.8511981914,50.5308905797,51.4531642791,1531253,,,,,,51.30016624061646,50.60036612801179,49.70188120319947,49.08820023843994,46.98523324953619,,46.82936251077861,46.40998855947189,46.43669005843621,46.20126380595479,45.8555893017516,46.54305622850171,47.20259852937624,47.65500914660098,47.65594722034535,,47.867807662932755,52.67156318456383,"rgba(38, 166, 154, 0.75)",0.0,0.0,2.472785533522533,47.026732196872885,1.5230913580127488,0.0,0.0,0.0,0.0,0.0,0.0,0.0,0.0,67.54641439499079,23.961950363531443,True,False,True,False,False,10.197335431217994,0,1.0409147159389354,0.8612050900792974,False,False,False,False,0.30944219470081413,0.3077891446846886,False,False,False,False,-31073835,-34314975.64317134,False,False,False,False,2106680.8417424816,False,False,False,False
2025-01-31 00:00:00+00:00,50.1231485232,50.7930104732,49.9095693507,50.5794313007,1676185,,,,,,51.19763117248363,50.58264864133639,49.726110021856876,49.1324726847286,47.05158122557472,,46.894352653315956,46.451220958666696,46.47565401452238,46.234056052341124,45.88372531471378,46.561301449145894,47.215830341865434,47.66461680235143,47.66502316419103,,47.940916050348925,52.66765213492243,"rgba(38, 166, 154, 0.75)",0.0,0.0,2.5106437569279625,47.049448729027304,1.2242675949907338,0.0,0.0,0.0,0.0,0.0,0.0,0.0,0.0,63.94918076995557,20.33601880077798,True,False,True,False,False,8.274621638429199,0,1.0336286482588315,0.8695377024314864,False,False,False,False,0.24491664577046743,0.276352895227578,False,False,False,False,-32750020,-34253604.83363521,False,False,False,False,2089798.6518702274,False,False,False,False
2025-02-03 00:00:00+00:00,49.4727028615,49.9095693507,47.4339925788,48.3465581339,3013313,,,,,,50.853305013465004,50.435971979115905,49.670519907536026,49.120300325301315,47.11760473173283,,46.96139591420988,46.49802703141803,46.51979544717387,46.27263534891974,45.918292976191225,46.58201335363611,47.229066027539474,47.67296058271684,47.67290832707482,,47.99257083460844,52.65674329009803,"rgba(38, 166, 154, 0.75)",0.0,0.0,2.536556999694393,47.12305867301333,0.9263123946237958,0.0,0.0,0.0,0.0,0.0,0.0,0.0,0.0,59.84894237968011,16.3801256520872,True,False,True,False,False,6.453257738364826,0,0.9992093165055396,0.8734070232968503,False,False,False,False,0.12113285517245294,0.19874287520001546,False,False,False,False,-35763333,-34312809.85976716,False,False,False,False,2126014.900816493,False,False,False,False
2025-02-04 00:00:00+00:00,51.3172502602,51.5502457211,50.0454833695,50.1231485232,2035815,,,,,50.970993116933336,50.86429342257769,50.46639002142967,49.729728582033744,49.195666699464084,47.206581750008056,,47.04830528126931,46.55417534658306,46.573044081742246,46.31747997359528,45.956625271933405,46.607694652955864,47.248386661235045,47.68748765706163,47.68664482294912,,48.09321788803224,52.653418010993235,"rgba(38, 166, 154, 0.75)",0.0,0.0,2.5993549505835216,47.20486008380848,1.5820810372466996,0.0,0.0,0.0,0.0,0.0,0.0,0.0,0.0,60.64751436588277,16.3801256520872,True,False,True,False,False,10.533366768898471,0,1.0366982239362699,0.8398566052382289,False,False,False,False,0.278949933477303,0.23884640433865922,False,False,False,False,-33727518,-34289857.23781551,False,False,False,False,2122477.649804082,False,False,False,False
2025-02-05 00:00:00+00:00,50.2396462536,51.4337479907,50.2396462536,51.2492932508,1624289,,,,,50.82307476275195,50.84858226611064,50.4738228014177,49.761554103027464,49.24104530641453,47.268649362353315,,47.10932402319311,46.59466753186248,46.61147252196306,46.35013111772184,45.984788938768446,46.626421260189275,47.26229178280587,47.69781943288448,47.6964188323029,,48.16001870163592,52.650250552287574,"rgba(38, 166, 154, 0.75)",0.0,0.0,2.6354858600693585,47.243140956831766,1.1369840158009326,0.0,0.0,0.0,0.0,0.0,0.0,0.0,0.0,58.61859390480733,15.113041556488,True,False,True,False,False,7.602334675498202,0,1.039911281491885,0.8456727671980231,False,False,False,False,0.2819382661776816,0.2603923352581704,False,False,False,False,-35351807,-34331502.32652862,False,False,False,False,2102940.8400078434,False,False,False,False
2025-02-06 00:00:00+00:00,49.0261282282,50.5600150123,48.6183861716,50.4532254261,4074147,,,,,50.07424147406393,50.634216265355256,50.36856734705786,49.73245729702537,49.25278454599921,47.36122486504504,,47.20306581002215,46.66278521920776,46.676102774396185,46.40689972063184,46.035584219610186,46.65839351223533,47.28408130745868,47.7126545317191,47.71046721330131,,48.23672065811387,52.637496241470366,#000000,0.0,0.0,2.651451754809814,47.26521508572796,0.6641316928651225,0.0,0.0,0.0,0.0,0.0,0.0,0.0,0.0,54.85374210540694,11.466177972423651,False,False,False,False,False,4.472905992181968,1,1.000662699159297,0.8781895110688382,False,False,False,False,0.18805520245814591,0.22422376885815815,False,False,False,False,-39425954,-34531284.74509613,False,False,False,False,2180243.042360477,False,False,False,False
2025-02-07 00:00:00+00:00,48.8125490557,49.2979562659,48.5795535948,49.0261282282,1926491,,,,,49.83942002512076,50.52047319506207,50.30328100926028,49.70169489906987,49.240877843988926,47.39210502793467,,47.23519587088939,46.688129544915604,46.700162575605376,46.42861176211589,46.05555684603929,46.670521367666844,47.2918110367027,47.717509751569985,47.715070682442445,,48.255453717320336,52.63056465899278,#000000,0.0,0.0,2.662658004904539,47.26838965941632,0.5799315546492959,0.0,0.0,0.0,0.0,0.0,0.0,0.0,0.0,51.948914831304336,8.701677124395836,False,False,False,False,False,3.935832740254707,0,0.9901839456603672,0.9032981818531083,False,False,False,False,0.14047057735239837,0.18234717310527826,False,False,False,False,-41352445,-34798781.2256806,False,False,False,False,2170291.9818757526,False,False,False,False
2025-02-10 00:00:00+00:00,50.4629335703,50.5017661471,49.2397074006,49.3270806985,2129578,,,,,49.88073085317764,50.489949310979945,50.29229034612555,49.71602149502851,49.27036456926058,47.450303166828355,,47.29338554172611,46.72999425657987,46.74002368876367,46.463360837344,46.08628337776542,46.69075036217743,47.30644419304644,47.728116725232475,47.72512197070145,,48.31060022861498,52.625326767504674,#000000,0.0,0.0,2.6962210408229152,47.29846942146031,1.1736664394080478,0.0,0.0,0.0,0.0,0.0,0.0,0.0,0.0,53.162545057892586,8.701677124395836,False,False,False,False,False,7.530998175976759,0,0.9898985709514496,0.8832946270064257,False,False,False,False,0.2089029823546488,0.19562507772996351,False,False,False,False,-39222867,-34972274.78545783,False,False,False,False,2168695.355135527,False,False,False,False
2025-02-11 00:00:00+00:00,50.2396462536,50.6570964544,50.0357752253,50.2687706862,1570749,,,,,49.93129510295234,50.48145721199836,50.29290850573511,49.73269357368239,49.297018429290084,47.49546457326713,,47.33841866400587,46.76241177701796,46.77092569733963,46.49026629690808,46.11001012610321,46.706578494292025,47.31807883334255,47.736684260604505,47.7332430906742,,48.35449916827424,52.621842444255094,#000000,0.0,0.0,2.727244197873598,47.32324417656296,1.0693586145717817,0.0,0.0,0.0,0.0,0.0,0.0,0.0,0.0,53.50007413645518,8.701677124395836,False,False,False,False,False,6.95857730720736,0,1.0179545283427929,0.8693137874653653,False,False,False,False,0.24454989021439438,0.22008748397217895,False,False,False,False,-40793616,-35200562.67622419,False,False,False,False,2145246.4784635454,False,False,False,False
2025-02-12 00:00:00+00:00,48.4727640086,50.0843159464,47.9388160774,49.734822755,3846154,,,,,49.68557320179485,50.309878286485755,50.182686919155316,49.674845177484,49.2695692336989,47.54520809398368,,47.39107401819428,46.80729342560641,46.81369368170066,46.529688566739026,46.14693560504653,46.729092014956166,47.33229918649209,47.74550916960183,47.74162833093854,,48.37884930661942,52.607923360702756,#000000,0.0,0.0,2.732874551415525,47.33313810784268,0.417006298429264,0.0,0.0,0.0,0.0,0.0,0.0,0.0,0.0,50.45034307523083,7.026857441244729,False,True,False,False,False,2.6120255546160394,0,0.9809134241386318,0.878417109808365,False,False,False,False,0.14576206566041128,0.1829247748162951,False,False,False,False,-44639770,-35570727.66931344,False,False,False,False,2211948.734210073,False,False,False,False
2025-02-13 00:00:00+00:00,49.2202911122,49.4532865731,48.492180297,48.7348839021,1362166,,,,,49.63933575100474,50.265300383941614,50.15334585212255,49.66106548958264,49.26518088340339,47.56485404745135,,47.411596882562684,46.82442751493988,46.83004700259032,46.544657491394325,46.16084181253551,46.73778606778927,47.33801202025999,47.7492359752122,47.7451693630629,,48.390849652903334,52.60330827998879,#000000,0.0,0.0,2.7457913822700672,47.340018444471966,0.6847835126401816,0.0,0.0,0.0,0.0,0.0,0.0,0.0,0.0,49.86083747015464,6.279389866233629,False,True,False,False,False,4.232264270975389,0,0.9835084709051495,0.9025247994879645,False,False,False,False,0.1429389483979653,0.1629318616071302,False,False,False,False,-43277604,-35872958.11365409,False,False,False,False,2178623.9211037955,False,False,False,False
2025-02-14 00:00:00+00:00,49.4144539963,49.6571576014,49.0358363724,49.3562051311,1211630,,,,,49.62278625063172,50.237845882600666,50.135603513604835,49.65540278447408,49.267040606699,47.5854952012498,,47.43283683110002,46.84156386892914,46.84641768653006,46.55947001118336,46.1744293181977,46.746504972957894,47.34398482509876,47.7533256092927,47.74905390004422,,48.406048125017286,52.59957557077383,#000000,0.0,0.0,2.760668818949811,47.34927971386047,0.7480702749506707,0.0,0.0,0.0,0.0,0.0,0.0,0.0,0.0,49.8399298476204,5.97223561100914,False,True,False,False,False,4.649606476901617,0,0.990687696212905,0.9087129776439248,False,False,False,False,0.17021239991633105,0.1665721307617306,False,False,False,False,-42065974,-36115821.481746085,False,False,False,False,2140702.590864431,False,False,False,False
2025-02-18 00:00:00+00:00,50.1522729558,50.259062542,49.4241621405,49.4241621405,2702735,,,,,49.661538974311625,50.219123982034354,50.12645418585603,49.6674211411091,49.293060069227266,47.64421270526472,,47.4922063975283,46.88749449547482,46.890352097732894,46.59861886030603,46.20971835765797,46.76997343599247,47.3609361484603,47.76559989242532,47.76070952098437,,48.45759922150418,52.592759288976076,#000000,0.0,0.0,2.7866452742738836,47.381388420843464,0.994344188884445,0.0,0.0,0.0,0.0,0.0,0.0,0.0,0.0,51.22070655540636,5.97223561100914,False,True,False,False,False,6.222364003441356,0,0.9764948167091283,0.9102881656073206,False,False,False,False,0.20673829424517737,0.186655212503454,False,False,False,False,-39363239,-36243171.18834428,False,False,False,False,2162743.0774971987,False,False,False,False
2025-02-19 00:00:00+00:00,50.9192163479,50.9483407805,49.7736553318,49.9386937833,2814738,,,,,49.76006421986606,50.23960662267559,50.14649677062321,49.70384455522616,49.341244599007105,47.71753991223046,,47.565582556205214,46.943041314517714,46.943560329343974,46.64560110971376,46.25158426615772,46.79861543350512,47.38241416319103,47.78172753158011,47.77602600191893,,48.528027364289194,52.58730304607488,#000000,0.0,0.0,2.8219411663890948,47.425429727905225,1.238079185210427,0.0,0.0,0.0,0.0,0.0,0.0,0.0,0.0,53.47586351926279,5.97223561100914,False,False,False,False,True,7.815496070089978,1,0.9857252489053246,0.9086400393501096,False,False,False,False,0.2456503508348654,0.2161527816691597,False,False,False,False,-36548501,-36255144.906448424,False,False,False,False,2188311.505830642,False,False,False,False
2025-02-20 00:00:00+00:00,51.5987864421,53.4918745618,50.9774652131,52.0550692197,6049238,,,,52.022708738999995,50.196691535644156,50.45062525251058,50.32078573489124,49.89333426957583,49.54578612815517,47.93922324720318,,47.78436951922137,47.10350826577612,47.097577029505175,46.77967743356198,46.36886913424569,46.88238728127312,47.44868028651671,47.83392469929726,47.82560908656589,,48.764079233915815,52.5840851570737,"rgba(38, 166, 154, 0.5)",0.0,0.0,2.8702161902742738,47.779066295678916,1.3308126960485427,0.0,0.0,0.0,0.0,0.0,0.0,0.0,0.0,56.074121116685575,0.39561310682000794,False,False,True,False,True,9.193710558884405,1,1.006212516306137,0.8564545708162097,False,False,False,False,0.34282824692663055,0.2794905142978951,False,False,False,False,-30499263,-36029424.04737201,False,False,False,False,2339720.387954931,False,False,False,False
2025-02-21 00:00:00+00:00,51.0551303667,52.4628112762,50.9580489247,51.7638248936,2747831,,,,51.85693687060358,50.30108284081647,50.50375028939479,50.36820587957389,49.95055162411455,49.61096328309469,48.02042371406548,,47.8652371354565,47.16559044918449,47.157284211093845,46.832453385937825,46.415730537370585,46.91572137688464,47.47473972124389,47.85426235712079,47.84495165835349,,48.84528663301172,52.58126509445269,"rgba(38, 166, 154, 0.5)",0.0,0.0,2.9035463798260133,47.82095719503771,1.1138699881405338,0.0,0.0,0.0,0.0,0.0,0.0,0.0,0.0,56.491700226655304,0.9694311237857534,False,False,True,False,True,7.807022497033113,1,1.0072818510281074,0.8727573691872385,False,False,False,False,0.30405186267174766,0.2917711884848214,False,False,False,False,-33247094,-35920313.065122135,False,False,False,False,2355724.7256821883,False,False,False,False
2025-02-24 00:00:00+00:00,50.6765127428,51.0551303667,50.1231485232,51.0551303667,2323256,,,,51.59815356497978,50.32131668714696,50.50848527079158,50.37648258375175,49.97016355040441,49.63869939715292,48.06967280275479,,47.91508655998679,47.20639897291512,47.19659126802733,46.86796531383055,46.447982232084634,46.93822147465273,47.49177663617087,47.867194107761804,47.85726706554437,,48.88881566021419,52.57698866349344,"rgba(38, 166, 154, 0.5)",0.0,0.0,2.9315792377488163,47.83660791880052,0.9687286590896547,0.0,0.0,0.0,0.0,0.0,0.0,0.0,0.0,55.87211457283682,0.9694311237857534,False,False,True,False,True,6.849027688539177,1,0.9908980301211837,0.9190452278264707,False,False,False,False,0.22385562068045142,0.2578134045826364,False,False,False,False,-35570350,-35906589.02335264,False,False,False,False,2354451.4423221024,False,False,False,False
2025-02-25 00:00:00+00:00,51.9968203545,52.5210601415,50.8464052663,51.0454222225,3294984,,,,51.64156954909668,50.44301271693905,50.57936882949696,50.43977699183574,50.04286448756985,49.71948275684673,48.16703224917744,,48.01205764890532,47.28193570446393,47.269376461034916,46.93256175282035,46.50547942516901,46.979663791389854,47.52454852123479,47.89303984512146,47.88186868423513,,48.98637238630953,52.574558722693446,"rgba(38, 166, 154, 0.5)",0.0,0.0,2.9793956441358245,47.90000029004172,1.3750506994671297,0.0,0.0,0.0,0.0,0.0,0.0,0.0,0.0,57.768650346947666,2.5921720720705537,False,False,True,False,True,9.54363864935205,1,1.0119296167868292,0.8821261520313523,False,False,False,False,0.3021015612824782,0.2799574829325573,False,False,False,False,-32275366,-35764188.12047607,False,False,False,False,2391335.0720349615,False,False,False,False
2025-02-26 00:00:00+00:00,51.6376190189,52.1424425175,51.2201688182,52.1133180849,2469347,,,,51.64525118172575,50.51464833356676,50.62271100456936,50.47966639324805,50.09011648890583,49.77282790494957,48.23438279124755,,48.079370675948496,47.335451034742775,47.321003899711584,46.97868857165327,46.54679281029448,47.00948824111025,47.54809297891551,47.91159050984021,47.899538324270665,,49.05230115903348,52.57246797174198,"rgba(38, 166, 154, 0.5)",0.0,0.0,3.019358319474441,47.94239674356906,1.2238435734829036,0.0,0.0,0.0,0.0,0.0,0.0,0.0,0.0,58.136091970732124,3.1669008465588604,False,False,True,False,True,8.62572745880643,1,1.0140975701587889,0.8875127706050361,False,False,False,False,0.3019243719250269,0.2909409274287921,False,False,False,False,-34744713,-35724208.70398681,False,False,False,False,2394394.3633277086,False,False,False,False
2025-02-27 00:00:00+00:00,50.9968815015,51.783241182,50.9774652131,51.7249923168,1854025,,,,51.606394861536096,50.54571412783767,50.64101195937147,50.49808204831189,50.114969233267665,49.802649864751665,48.27737130054576,,48.12265291540941,47.37101923038058,47.35535739209562,47.0097266536658,46.57490492476932,47.02966311772325,47.56383513703819,47.923876034585234,47.91125009115519,,49.09219758344205,52.57018951013826,"rgba(38, 166, 154, 0.5)",0.0,0.0,3.050362075004898,47.96698533872176,0.9932906613302196,0.0,0.0,0.0,0.0,0.0,0.0,0.0,0.0,56.831015835883306,3.1669008465588604,False,False,True,False,True,7.00512365973584,1,1.014185209065238,0.884362416973669,False,False,False,False,0.28009112405988995,0.285516025744341,False,False,False,False,-36598738,-35758503.97049713,False,False,False,False,2373203.4079030924,False,False,False,False
2025-02-28 00:00:00+00:00,50.83184305,51.0648385109,50.113440379,50.8900919153,2464701,,,,51.49755216984544,50.55230370517818,50.64209158782028,50.5033618041553,50.13030974696815,49.82528290691038,48.32183412155862,,48.16802170466175,47.410367200703725,47.39341879457193,47.04472687567183,46.607171096604425,47.052529224097725,47.581284293778445,47.937235299019584,47.924001127200086,,49.12933691226122,52.56583911420673,"rgba(38, 166, 154, 0.5)",0.0,0.0,3.0774707226674267,47.988208920123405,0.9240166312327585,0.0,0.0,0.0,0.0,0.0,0.0,0.0,0.0,55.565331943976474,3.1669008465588604,False,False,True,False,False,6.589547734958568,1,1.0005220956370644,0.8961492224250143,False,False,False,False,0.22385562068045142,0.2546858232123962,False,False,False,False,-39063439,-35888109.26577176,False,False,False,False,2376791.5487696375,False,False,False,False
2025-03-03 00:00:00+00:00,48.1523952498,51.8414900472,47.8077561306,51.4434561349,3469581,,,,51.18391575740213,50.463078296664904,50.573690743932524,50.452146877812986,50.097988573007996,49.8055103643029,48.34593420651858,,48.194905742582364,47.44102879719353,47.42322548176766,47.0742455998142,46.636351417588145,47.07194019425169,47.59451172904063,47.946281150384124,47.93268408685725,,49.133758900549566,52.555241954637765,#000000,0.0,0.0,3.076729820057991,47.983837233285286,0.05478479631712958,0.0,0.0,0.0,0.0,0.0,0.0,0.0,0.0,49.75301725840205,4.653381320170155,False,True,False,False,False,0.27027660839309675,1,0.9796542432705613,0.886365860564552,False,False,False,False,0.1708139999659574,0.21274991158917678,False,False,False,False,-42533020,-36148694.000447385,False,False,False,False,2419646.0370531813,False,False,False,False
2025-03-04 00:00:00+00:00,47.0747912432,47.87571314,46.785488546,47.5504903092,3567138,,,,50.686414865371525,50.24868811385762,50.41173137400642,50.321130094698255,49.99223045797035,49.71552967535356,48.31782490656968,,48.171613712149664,47.43776189251574,47.42036293971712,47.07655034990555,46.643143084118556,47.073488683866515,47.59171763979758,47.941413621806184,47.928146040026604,,49.07347795222749,52.53776142740758,"rgba(239, 83, 80, 1.0)",0.0,0.0,3.076315236862801,47.8983512255532,-0.26770987982137184,0.0,0.0,0.0,0.0,0.0,0.0,0.0,0.0,44.472637561985934,-0.14778058329052612,False,True,False,True,False,0.0,0,0.9705990387857557,0.9293222708248321,False,False,False,False,0.002739850105510058,0.10774488084734342,False,False,False,False,-46100158,-36538947.490625925,False,False,False,False,2464645.7218746254,False,False,False,False
2025-03-05 00:00:00+00:00,48.4145151433,48.63780246,47.5601984534,47.7543613375,2730814,,,,50.46754682364449,50.14946557939346,50.33244908336722,50.25692610184031,49.942883124202865,49.6759303639482,48.315645378106204,,48.17221382458528,47.447432837302706,47.42990088049427,47.08806075613348,46.65635800667628,47.08116647689451,47.59544656479888,47.94280308656325,47.92953414308806,,49.052741275132,52.52686725824539,"rgba(239, 83, 80, 1.0)",0.0,0.0,3.066942588649185,47.904052466083826,0.1664402454435918,0.0,0.0,0.0,0.0,0.0,0.0,0.0,0.0,43.846337442456544,-0.5385317214935057,False,True,False,True,False,0.8493733690159644,0,0.9931454327796314,0.9025305832257123,False,False,False,False,0.054069600265576175,0.0809072405564598,False,False,False,False,-43369344,-36806806.17726805,False,False,False,False,2475083.6935658166,False,False,False,False
2025-03-06 00:00:00+00:00,49.6474494572,50.3949765609,48.3174337013,48.4145151433,3270195,,,,50.370679963898404,50.11122815373218,50.296197497344984,50.22876178445692,49.927219914023446,49.669157141364316,48.34118463160269,,48.19987970001606,47.47729181857501,47.458962617427645,47.11662382082088,46.68442759453393,47.10030006304595,47.608894164102914,47.95230797363871,47.938655514519056,,49.063865443736695,52.51764224381593,"rgba(239, 83, 80, 1.0)",0.0,0.0,3.0635609463675997,47.94477043214024,0.5557842833447102,0.0,0.0,0.0,0.0,0.0,0.0,0.0,0.0,45.67485719710545,-0.5385317214935057,False,True,False,True,False,3.3789687548359915,0,1.0169013123527775,0.8618025218871448,False,False,False,False,0.13879770644932282,0.10985247350289132,False,False,False,False,-40099149,-36935917.66051244,False,False,False,False,2506264.529112255,False,False,False,False
2025-03-07 00:00:00+00:00,49.589200592,50.4204118987,49.3173725543,49.5309517267,2899948,,,,50.324221349889044,50.09564307473124,50.277835150933434,50.215104728254346,49.923038827755256,49.671954888911515,48.36918425661743,,48.229490139965854,47.50723629908908,47.488098789661194,47.144797732112664,46.71169571218041,47.11930049132208,47.62271348144886,47.96242613878531,47.94835555619273,,49.080974335286186,52.51036362467341,"rgba(239, 83, 80, 0.75)",0.0,0.0,3.053006714810566,47.977277806042736,0.5279787882999395,0.0,0.0,0.0,0.0,0.0,0.0,0.0,0.0,46.79417208301237,-0.5385317214935057,False,True,False,True,True,3.2502791154847053,0,1.0338313175163538,0.8589250430956231,False,False,False,False,0.1738567963857322,0.14185463494431177,False,False,False,False,-42999097,-37173689.39931588,False,False,False,False,2521703.096598049,False,False,False,False
2025-03-10 00:00:00+00:00,49.064960805,49.783363476,48.4436395759,49.3270806985,1972673,,,,50.26234352415937,50.06506871559656,50.25017113682949,50.19264673209855,49.90782874753873,49.66186690608912,48.378725569213934,,48.24044312997229,47.52120480847747,47.501749152800635,47.158769933019215,46.7259252972417,47.12881055825767,47.62908342498069,47.96669404799978,47.95246778991609,,49.08123731625004,52.50421174710439,"rgba(239, 83, 80, 0.75)",0.0,0.0,3.03438164250262,47.98303138892816,0.35655680251858857,0.0,0.0,0.0,0.0,0.0,0.0,0.0,0.0,46.61490301647467,-0.5385317214935057,False,True,False,True,True,2.0879029289387994,0,1.0228709987592832,0.8603347197645356,False,False,False,False,0.1205925350429251,0.13122358499361844,False,False,False,False,-44971770,-37479496.48169565,False,False,False,False,2500172.5045745964,False,False,False,False
2025-03-11 00:00:00+00:00,49.686282034,49.8416123413,48.9484630745,49.0261282282,3411769,,,,50.20054936199717,50.03624747536797,50.220644545128955,50.169121808407404,49.89499378982899,49.656864812392236,48.40339934693885,,48.26718156215466,47.5507014941539,47.53052719858274,47.18729527129319,46.75417018295506,47.14830008625935,47.64289910181267,47.976551378401965,47.961939700696014,,49.09236002271108,52.49485107381279,#000000,0.0,0.0,3.0097814938748257,48.003272805592545,0.5591798713071134,0.0,0.0,0.0,0.0,0.0,0.0,0.0,0.0,47.7269455333667,-0.5385317214935057,False,True,False,False,True,3.3746340385061124,0,1.0272699730710437,0.8618833053064179,False,False,False,False,0.13985757398793924,0.13554057949077886,False,False,False,False,-41560001,-37639516.2667272,False,False,False,False,2535921.3867481416,False,False,False,False
2025-03-12 00:00:00+00:00,49.2785399775,49.6571576014,49.0261282282,49.540659871,1452754,,,,50.17148187199822,50.02124031502433,50.20596059973856,50.15715969499499,49.88754050448996,49.65269789288024,48.41197345451801,,48.276677292885815,47.56190901597584,47.541480553254296,47.19834275343771,46.765280242484685,47.15590146719642,47.648180039224044,47.98023950053143,47.96548951090095,,49.094961000947244,52.490656218212955,#000000,0.0,0.0,2.9789510133768946,48.009126026714135,0.42612783663967646,0.0,0.0,0.0,0.0,0.0,0.0,0.0,0.0,47.68108255327561,-0.5385317214935057,False,True,False,False,True,2.459247074056755,0,1.0242441974717833,0.8658577091834673,False,False,False,False,0.13619635426153553,0.1358684668761572,False,False,False,False,-43012755,-37850231.51116928,False,False,False,False,2493444.2343266457,False,False,False,False
2025-03-13 00:00:00+00:00,48.6086780274,49.783363476,47.9291079332,48.7834246231,1699230,,,,50.11948415493983,49.99137344953573,50.17914110731495,50.134717372081276,49.8708880162315,49.64013947712041,48.415885986787835,,48.28186313918266,47.57081840731386,47.55023706476707,47.20782758650124,46.775398604140584,47.16249603054698,47.65230878246713,47.98277807719586,47.96795191739744,,49.09073553995335,52.484919655631714,"rgba(239, 83, 80, 0.75)",0.0,0.0,2.948196464708519,48.008528586567415,0.2035649414876846,0.0,0.0,0.0,0.0,0.0,0.0,0.0,0.0,46.40182997335566,-0.5385317214935057,False,True,False,True,True,0.9717535855272743,0,1.0095193695842632,0.8657692116512851,False,False,False,False,0.10306619045510156,0.11946732866562937,False,False,False,False,-44711985,-38119319.883280285,False,False,False,False,2462298.578078542,False,False,False,False
2025-03-14 00:00:00+00:00,49.3076644101,49.4338702847,48.5115965854,48.8902142093,1671011,,,,50.08295342073148,49.97051090656388,50.159346058635855,50.118224733145304,49.85949192949644,49.63243909985983,48.422921336815484,,48.29001347491026,47.58168296732837,47.56088351982245,47.218872683026646,46.786781503095064,47.17016917605206,47.65745615225773,47.986233032327796,47.97128682601616,,49.090654343891174,52.4797663852209,"rgba(239, 83, 80, 0.75)",0.0,0.0,2.9340171444514787,48.012130912628926,0.44155621241718396,0.0,0.0,0.0,0.0,0.0,0.0,0.0,0.0,47.10013538467899,-0.5385317214935057,False,True,False,True,True,2.455111488224908,0,1.020695369796294,0.8689647786570306,False,False,False,False,0.09877732383829636,0.10912232625196286,False,False,False,False,-43040974,-38312325.92707322,False,False,False,False,2431267.692663697,False,False,False,False
2025-03-17 00:00:00+00:00,50.6279720218,50.9483407805,49.2688318333,49.2688318333,1638225,,,,50.08960044648065,49.97737394313945,50.161477482690266,50.12070336093673,49.865405656327916,49.64114045093954,48.44190401542516,,48.30964882296645,47.60055116648741,47.57926968505984,47.23644501962498,46.80359167658184,47.1823008508731,47.66667114148758,47.993269483314286,47.97803320949096,,49.10538115546671,52.47650560090678,#000000,0.0,0.0,2.9317628700117244,48.02993348454081,0.8861693978847599,0.0,0.0,0.0,0.0,0.0,0.0,0.0,0.0,50.087358572956425,-4.720155690964752,False,True,False,False,True,5.152716406703931,0,1.0275323103859697,0.8592018557488453,False,False,False,False,0.16015005837048982,0.13463619231122634,False,False,False,False,-41402749,-38433518.98875663,False,False,False,False,2400167.979225905,False,False,False,False
2025-03-18 00:00:00+00:00,50.5503068681,50.9677570689,49.9775263601,50.7250534638,1714292,,,,50.10342709025521,49.98912946497548,50.167510902166185,50.12660384738628,49.87455101424455,49.65299810523928,48.46364986812272,,48.331999488179626,47.62158913275205,47.59976777487834,47.255912594963185,46.82209592024838,47.19577595321467,47.67703873964556,48.00127986327036,47.98571126067771,,49.123176261833244,52.47343980879449,#000000,0.0,0.0,2.924882757105465,48.05033331592098,0.8547260727308795,0.0,0.0,0.0,0.0,0.0,0.0,0.0,0.0,51.90290294671494,-2.8891792781905465,False,True,False,False,True,4.97421300140665,0,1.022987256699495,0.8692512702208721,False,False,False,False,0.17206459198657448,0.1533503921489004,False,False,False,False,-43117041,-38617186.51860931,False,False,False,False,2373270.88200136,False,False,False,False
2025-03-19 00:00:00+00:00,50.8221349058,51.1910443856,50.4435172819,50.5503068681,1213632,,,,50.120152995804105,50.00217173653549,50.17566242359412,50.134174151864286,49.88411033901589,49.66430264532351,48.481149194294055,,48.34984793847637,47.63793730372952,47.61569088545072,47.27090260601993,46.836216159698054,47.20616857892594,47.68516089768358,48.007643461144724,47.99180812884299,,49.13837300267984,52.471626276695375,"rgba(38, 166, 154, 0.5)",0.0,0.0,2.904655488353876,48.06691684681661,0.9485524428044384,0.0,0.0,0.0,0.0,0.0,0.0,0.0,0.0,53.63172852275476,-1.1605924112568786,False,True,True,False,True,5.526783424833152,0,1.0262378224583748,0.8862554939883568,False,False,False,False,0.16760471192515566,0.16047755203702802,False,False,False,False,-41903409,-38746057.98846777,False,False,False,False,2327794.8474130714,False,False,False,False
2025-03-20 00:00:00+00:00,50.9192163479,51.0551303667,49.9484019275,50.3270195514,1284978,,,,50.1327314550765,50.01262768967095,50.18174630919597,50.13997402412917,49.89213558764508,49.67422665132559,48.498006842142416,,48.367126250807154,47.65410695392704,47.63145200652016,47.285847673325826,46.85039487702913,47.21656846913047,47.6932290604678,48.013925313191066,47.9978302769119,,49.15249609683739,52.46950414540752,"rgba(38, 166, 154, 0.5)",0.0,0.0,2.886102875589972,48.08237813549553,0.9829303856067725,0.0,0.0,0.0,0.0,0.0,0.0,0.0,0.0,54.978171585075046,0.2066013182688735,False,False,True,False,True,5.725995575113757,0,0.9969831530643882,0.9136578407153088,False,False,False,False,0.1302898986909464,0.1453837253639872,False,False,False,False,-40618431,-38819484.38107687,False,False,False,False,2286900.069083147,False,False,False,False
2025-03-21 00:00:00+00:00,50.9483407805,50.9920274294,50.1037322348,50.4823498587,2457872,,,,50.156959557928566,50.03293100820758,50.19393805336775,50.15157253697204,49.90782552011247,49.69342913410818,48.53012443490616,,48.40003529429401,47.684968062334605,47.66154560884883,47.31440828849401,46.877509545733055,47.23651959719591,47.70874966814344,48.02604170004564,48.00944846768505,,49.179498249069844,52.46554815488324,"rgba(38, 166, 154, 0.5)",0.0,0.0,2.874758251414224,48.11137906558435,0.9868522730633141,0.0,0.0,0.0,0.0,0.0,0.0,0.0,0.0,55.938636441986006,1.233981241185667,False,False,True,False,True,5.786750688138845,0,0.9901024326506062,0.9157272345206989,False,False,False,False,0.13571872689932388,0.14055122613165555,False,False,False,False,-38160559,-38793644.17005425,False,False,False,False,2293604.85068773,False,False,False,False
2025-03-24 00:00:00+00:00,50.9968815015,51.5890782979,50.9483407805,50.9483407805,1445110,,,,50.18280182150698,50.053014423615906,50.207858310216366,50.164341803297404,49.92250157365599,49.70988792628186,48.55283005078651,,48.423069584301125,47.705780510246505,47.681828659143655,47.33342183065889,46.89533175624858,47.249819047765996,47.71931233727435,48.03443737912057,48.01749378265882,,49.20003865683394,52.46387567402245,"rgba(38, 166, 154, 0.5)",0.0,0.0,2.876952471760445,48.132339958515466,0.9956860848770582,0.0,0.0,0.0,0.0,0.0,0.0,0.0,0.0,56.692704133956866,2.1023636213518984,False,False,True,False,True,5.889831342515812,0,1.0121671843119417,0.8986307957931073,False,False,False,False,0.22178767278220388,0.1811694494569297,False,False,False,False,-36715449,-38712146.3202482,False,False,False,False,2260330.542817623,False,False,False,False
2025-03-25 00:00:00+00:00,48.6766350368,51.734700461,48.1815196824,51.1133792319,3702571,,,,50.14310912664579,50.03056504057558,50.184185400180276,50.144778438070944,49.91124433127162,49.70494590153117,48.57385702028313,,48.44611576722439,47.733223702487514,47.70875721893334,47.36078436133308,46.923022319107034,47.269370452978315,47.73333482686713,48.044580957887106,48.02727572953964,,49.20852872659977,52.454146148474194,#000000,0.0,0.0,2.8713467778004405,48.22403139974691,0.1576276472602863,0.0,0.0,0.0,0.0,0.0,0.0,0.0,0.0,51.40155741660759,6.2259321635058456,False,True,False,False,False,0.41174656482015237,0,0.9769130995072031,0.9044342240219303,False,False,False,False,0.023620142150940673,0.10239479580393518,False,False,False,False,-40418020,-38779043.32729729,False,False,False,False,2316888.9921188923,False,False,False,False
2025-03-26 00:00:00+00:00,49.0358363724,49.7056983224,48.5795535948,48.8028409115,2054388,,,,50.1092477761285,50.009043462357766,50.16368161516411,50.12729350488792,49.89861667302383,49.69592143702363,48.58014166869286,,48.4536570510733,47.74459021479399,47.719965086546345,47.3727659833319,46.935680105611596,47.2780682843665,47.739209199187606,48.04856172715781,48.031134101023405,,49.20710410151668,52.4479966153428,#000000,0.0,0.0,2.859749286739724,48.218634975446854,0.28575980444943155,0.0,0.0,0.0,0.0,0.0,0.0,0.0,0.0,48.828836578564676,3.8961180928118964,False,True,False,False,False,1.2012635771889357,0,0.9627875555865238,0.9666519248141735,False,False,False,False,-0.08634778985074225,0.008023502976596465,False,False,False,False,-38363632,-38762752.68701112,False,False,False,False,2306594.8355652103,False,False,False,False
2025-03-27 00:00:00+00:00,49.4144539963,49.589200592,48.7737164789,48.8319653441,1482535,,,,50.089659687573906,49.99664079620959,50.151424473463095,50.11686432588852,49.891451682866446,49.691215142681735,48.5858685146858,,48.4602352827074,47.7535793505523,47.72881690006799,47.38206018033703,46.9453572167174,47.284811768146206,47.74388520190882,48.051826071459324,48.034292580300324,,49.20762571663383,52.44377425241056,#000000,0.0,0.0,2.849251703597041,48.22038074591884,0.41908310482843614,0.0,0.0,0.0,0.0,0.0,0.0,0.0,0.0,48.111096903794966,3.2661174928695758,False,True,False,False,False,2.031994425415313,0,0.9442672515248305,0.9793528936993401,False,False,False,False,-0.08108489474033988,-0.0365306958818717,False,False,False,False,-36881097,-38688962.26791265,False,False,False,False,2274278.763582261,False,False,False,False
2025-03-28 00:00:00+00:00,48.63780246,49.4241621405,48.4145151433,49.2397074006,1505034,,,,50.06076528601792,49.97730232660657,50.133432379403494,50.10130561528482,49.87946360468755,49.68184828530323,48.58790287291046,,48.46323870775486,47.75999929702872,47.73518251735696,47.38924405879252,46.953273326596594,47.290117480892164,47.74725274063957,48.05393818478775,48.03635310980171,,49.203775013588476,52.43891713486138,"rgba(239, 83, 80, 1.0)",0.0,0.0,2.834405121343308,48.215202436459904,0.14909654952211499,0.0,0.0,0.0,0.0,0.0,0.0,0.0,0.0,45.96700746063979,1.2184370666887219,False,True,False,True,False,0.25875353568078197,1,0.922441472975663,0.9971060251120888,False,False,False,False,-0.11671136410645887,-0.07662102999416529,False,False,False,False,-38386131,-38677086.531916074,False,False,False,False,2244112.3022653093,False,False,False,False
2025-03-31 00:00:00+00:00,48.7494461184,49.073330097,48.0329754989,48.072234163,2073409,,,,50.01673984376594,49.94708125571959,50.10563365417299,50.077096912295836,49.86022628806777,49.666232288129464,48.58825756738016,,48.46497875700834,47.76702556293691,47.742190608839785,47.39761559932292,46.96287716021471,47.29639032627821,47.75097413582646,48.05605385242298,48.038434582167774,,49.19576238728023,52.43186511018846,"rgba(239, 83, 80, 1.0)",0.0,0.0,2.827485858559003,48.20604637694015,0.1921847778000165,0.0,0.0,0.0,0.0,0.0,0.0,0.0,0.0,44.861220318075084,0.1258765142907734,False,True,False,True,False,0.5102748216994613,1,0.925541563200354,0.9915097513056532,False,False,False,False,-0.1670017824538406,-0.12181140622400294,False,False,False,False,-36312722,-38584366.35419388,False,False,False,False,2237418.05511765,False,False,False,False
2025-04-01 00:00:00+00:00,48.6414847921,49.1371254261,48.1409368252,48.9359247727,1667494,,,,49.98374628105776,49.924108532533126,50.08431584544736,50.0584692935811,49.84543357550633,49.6542506091275,48.58873281756071,,48.466539977421384,47.772732436791635,47.747881366460504,47.40438178569992,46.9706190122968,47.30147275767062,47.7540167950702,48.05780775100607,48.04015875886023,,49.18970748153226,52.42624405563431,"rgba(239, 83, 80, 1.0)",0.0,0.0,2.818252930713994,48.20077661124262,0.15637637631968437,0.0,0.0,0.0,0.0,0.0,0.0,0.0,0.0,43.87668014558432,-0.9136739616603933,False,True,False,True,False,0.26036185677367385,1,0.9259976063601913,0.9872031348115509,False,False,False,False,-0.15514151141514637,-0.13847645881957465,False,False,False,False,-37980216,-38560674.183441184,False,False,False,False,2215068.09217186,False,False,False,False
2025-04-02 00:00:00+00:00,49.0242567669,49.053700765,48.0918634951,48.0918634951,1538041,,,,49.95648963123965,49.904954355517894,50.0662997582655,50.04269633263368,49.833026099552555,49.644333172545515,48.58986633431334,,48.468636855151736,47.778430603907125,47.753551716245084,47.41097469609287,46.97805046484138,47.306416739228204,47.75706740142757,48.05964670830225,48.04196035911472,,49.18506817938243,52.42118804345957,"rgba(239, 83, 80, 1.0)",0.0,0.0,2.8019366679588313,48.197952483283736,0.29490469683535603,0.0,0.0,0.0,0.0,0.0,0.0,0.0,0.0,44.45077586322583,-0.9136739616603933,False,True,False,True,False,1.1446836836894292,1,0.9303458103623311,0.9860701423784403,False,False,False,False,-0.16428687386113128,-0.15138166634035297,False,False,False,False,-36442175,-38477595.78409055,False,False,False,False,2188518.010125905,False,False,False,False
2025-04-03 00:00:00+00:00,49.7701713844,50.0155380349,48.082048829,48.2390834854,3410218,,,,49.925961909743336,49.88392284151536,50.04414395555303,50.02346522411664,49.820014153298615,49.63613979767042,48.602691624150175,,48.48323339543845,47.798248490208415,47.773094627031305,47.43156463263111,46.99957657953637,47.32158736609411,47.767685643421544,48.06713483462269,48.04921164415004,,49.18731623295599,52.41173499074739,"rgba(239, 83, 80, 0.75)",0.0,0.0,2.78827294195587,48.20894448839093,0.5599261365402527,0.0,0.0,0.0,0.0,0.0,0.0,0.0,0.0,47.00739270890452,-0.9136739616603933,False,True,False,True,True,2.8423970227304984,1,0.9266076665626898,1.0025961427462553,False,False,False,False,-0.09908500499934547,-0.12523333566984923,False,False,False,False,-33031957,-38264041.32196935,False,False,False,False,2236427.813650379,False,False,False,False
2025-04-04 00:00:00+00:00,46.521516932,49.0242567669,45.7756023145,48.5237087999,5469182,,,,49.73326597177761,49.73970405077648,49.915713367742946,49.90877975950403,49.71975091018023,49.54589000260768,48.55996410767752,,48.445066464174744,47.78400887751554,47.759774673590535,47.42595931846619,47.00115940917405,47.31898774019418,47.76042468794843,48.057849407273125,48.04050908126702,,49.117738231562996,52.386181173321546,"rgba(239, 83, 80, 1.0)",0.0,0.0,2.7849014195841275,48.139967407902226,-0.5811518011089649,0.0,0.0,0.0,0.0,0.0,0.0,0.0,0.0,42.37380880866957,-2.342628737411964,False,True,False,True,False,0.0,0,0.8838424419056653,1.0068445617423512,False,False,False,False,-0.3323932731488495,-0.22881330440934936,False,False,False,False,-38501139,-38273339.27012742,False,False,False,False,2363202.487624874,False,False,False,False
2025-04-07 00:00:00+00:00,46.6491075902,47.8366821786,44.9315410368,45.2456103494,3902190,,,,49.58161894057974,49.62295723645186,49.81153533387792,49.81499455856461,49.63632218683831,49.469578974086815,48.518262273451086,,48.406787996855414,47.765007685146415,47.741662479512264,47.41434858540124,46.9956652590635,47.31172908456007,47.7504020035697,48.04698349805425,48.0302418410434,46.47244360186666,49.05608067611286,52.3659248649765,"rgba(239, 83, 80, 1.0)",0.0,0.0,2.76174717259251,48.015260294228405,-0.4946697212496701,1.0,47.83668,44.93154,0.0,0.0,0.0,0.0,0.0,39.63072569199365,-4.8436798087196,False,True,False,True,False,0.0,0,0.8715402618232619,1.0221898276501333,True,False,False,False,-0.34282825441539394,-0.28582077941237166,False,False,False,False,-34598949,-38129245.534044,False,False,False,False,2423554.939090565,False,False,False,False
2025-04-08 00:00:00+00:00,46.0111542989,47.5226128659,45.4419036698,47.1692848892,4431437,,,,49.418265337727746,49.49435808049816,49.69572797189723,49.710084843376364,49.542455657211725,49.38334999181111,48.469614329085225,,48.36190622418975,47.74170330977382,47.71938681869172,47.39949329073665,46.987845734904845,47.30221572715511,47.73791785546251,48.03368608255114,48.01765730065547,46.39415882714579,48.98565982486832,52.34251840650494,"rgba(239, 83, 80, 1.0)",0.0,0.0,2.7360925379772834,47.95177805721045,-0.7092683201954467,0.0,0.0,0.0,0.0,0.0,0.0,0.0,0.0,36.907096147043575,-7.325751151731595,False,True,False,True,False,0.0,0,0.8813648485965322,1.0190552395010186,False,False,False,False,-0.33045338012567416,-0.30813707976902294,False,False,False,False,-39030386,-38164584.37584619,False,False,False,False,2502295.4120674054,True,False,False,False
2025-04-09 00:00:00+00:00,47.5127981999,48.7543534514,45.6381969902,45.6480116562,3862616,,,,49.32959932269383,49.422280966962454,49.62836438867787,49.64859076741737,49.48842341362475,49.334755163593314,48.447462061810555,,48.34234990276457,47.73558309281915,47.71373977058444,47.39834527318418,46.99100514639064,47.30221211912572,47.734613063112135,48.028791998012,48.013081184275954,46.6816082646874,48.94864326631396,52.32555102235166,"rgba(239, 83, 80, 1.0)",0.0,0.0,2.660349280743108,47.94188737307089,-0.16129054041018165,0.0,0.0,0.0,0.0,0.0,0.0,0.0,0.0,38.95586045768226,-7.325751151731595,False,True,False,True,False,0.0,0,0.8956039501014718,0.99465758349487,False,False,False,False,-0.24305583615077378,-0.27559645795989834,False,False,False,False,-35167770,-38047062.24346007,False,False,False,False,2555641.317476527,False,False,False,False
2025-04-10 00:00:00+00:00,47.4244662057,47.8464968446,46.1093009591,47.2281728854,3145450,,,,49.25692870450857,49.362432455780535,49.572325124384236,49.59722158734616,49.44294040375087,49.2935623691381,48.42737165692107,,48.32435930930791,47.72876290444662,47.707346412816015,47.395771393619334,46.99210861093757,47.30102915639484,47.730885239760816,48.023906766530146,48.0084913145645,46.77287496908315,48.91660248875675,52.311339643125145,"rgba(239, 83, 80, 0.75)",0.0,0.0,2.5543396828435148,47.925229471703105,-0.1960441163587337,0.0,0.0,0.0,0.0,0.0,0.0,0.0,0.0,40.166330988862114,-7.325751151731595,False,True,False,True,True,0.0,0,0.8983660377573724,1.014444845050982,False,False,False,False,-0.269344736930246,-0.2724705974450722,False,False,False,False,-38313220,-38057499.802540064,False,False,False,False,2578771.0697323494,False,False,False,False
2025-04-11 00:00:00+00:00,50.2118313552,50.3492366795,47.7287208523,48.082048829,2559900,,,,49.261452025154654,49.363834876355725,49.56977557767283,49.594493486315365,49.442739624237404,49.29560188933262,48.439631593193354,,48.33751711241143,47.74413195767427,47.72248166361432,47.41134042672167,47.008129938669406,47.31264680774472,47.73932316447679,48.03007673933284,48.014456835264745,47.152829659368045,48.92384591110566,52.304943567472655,"rgba(239, 83, 80, 0.75)",0.0,0.0,2.4587414735585966,47.960207065079025,0.9157629276339254,0.0,0.0,0.0,0.0,1.0,49.7407273863,47.8464968446,0.0,46.20073786107949,-10.181624041094416,False,True,False,True,True,3.703648539970363,0,0.9189251804672883,0.9788514245421743,False,False,False,False,-0.03051457997270211,-0.15149258870888715,False,False,False,False,-35753320,-37967139.810283594,False,False,False,False,2578031.027782061,False,False,False,False
2025-04-14 00:00:00+00:00,51.1540392931,51.625143262,49.7407273863,50.4964566698,1984570,,,,49.29281280179156,49.38723523084185,49.58716533412041,49.61004269324131,49.45925782759336,49.31330320600316,48.46217381722239,,48.360395091743456,47.765664271886756,47.7435732589827,47.431564636802804,47.02755401555929,47.32750678635787,47.751215242968286,48.03960358535932,48.02362010282394,47.52079345746437,48.94458031302,52.302426846789785,#000000,0.0,0.0,2.360173291663202,48.00536416495568,1.3340864161400046,0.0,0.0,0.0,0.0,0.0,0.0,0.0,0.0,51.506207223831666,-5.403073532211302,False,False,False,False,True,5.522967848732019,0,0.9535783560982987,0.949324534483389,False,False,False,False,0.15620745594439361,0.0023574336177532296,False,False,False,False,-33768750,-37802497.07262542,False,False,False,False,2554758.0463004117,False,False,False,False
2025-04-15 00:00:00+00:00,51.2521859533,51.7723632523,51.1344099611,51.3307032815,1786718,,,,49.329600438887994,49.41536476998556,49.60907123153875,49.629785950403175,49.47955250087033,49.334476504268665,48.486690200056096,,48.38509751161192,47.78819515755046,47.76562718099305,47.45245567107251,47.0473559960024,47.34284297611161,47.7637240221197,48.04978818944041,48.033409693336516,47.839468457651726,48.96813873943686,52.30101212876113,"rgba(38, 166, 154, 1.0)",0.0,0.0,2.2538645856350987,48.049618697242956,1.4209226572299232,0.0,0.0,0.0,0.0,0.0,0.0,0.0,0.0,55.17519927766363,-2.213822221495434,True,False,True,False,True,5.710903517012074,0,1.0058533011150077,0.9372504936043994,False,False,False,False,0.2467525806566383,0.12455500713719576,False,False,False,False,-31982032,-37574243.54036561,False,False,False,False,2524638.828798435,False,False,False,False
2025-04-16 00:00:00+00:00,52.2827258853,52.5575365339,51.3797766116,51.5564405999,2587215,,,,49.39768293653985,49.468440982514515,49.65176535710714,49.66849152102845,49.51851308584784,49.37439347373444,48.52971143128666,,48.42818730208261,47.82646334298556,47.80306323504264,47.48753353821229,47.08020299101318,47.36858440192019,47.785091590998775,48.06744053879532,48.05036870651536,48.29098985207216,49.01092345368827,52.30050417071849,"rgba(38, 166, 154, 1.0)",0.0,0.0,2.149157716407391,48.12064156285967,1.9366118599233495,0.0,0.0,0.0,0.0,0.0,0.0,0.0,0.0,58.967442824039004,1.1344983327168947,True,False,True,False,True,7.662491873969039,0,0.9804735032270291,0.9502344353490355,False,False,False,False,0.3095098179377071,0.21703241253745142,False,False,False,False,-29394817,-37253481.71525323,False,False,False,False,2527092.796296536,False,False,False,False
2025-04-17 00:00:00+00:00,51.5269966018,52.5869805319,51.4877379378,52.3023552174,2808632,,,,49.46246111952915,49.51933772535915,49.69266461158496,49.70566074973201,49.55619734534742,49.41321980266222,48.572611856766656,,48.471257975352515,47.86526128025861,47.841047121732224,47.52333084669499,47.11392648956873,47.395003147849785,47.80694582275934,48.08545210707623,48.06768364862714,48.662058858024736,49.053017291513974,52.2994572924565,"rgba(38, 166, 154, 1.0)",0.0,0.0,2.013313126863754,48.18641888918047,1.659243993418612,0.0,0.0,0.0,0.0,0.0,0.0,0.0,0.0,59.72178917857856,1.7352844268016554,True,False,True,False,True,5.9562174580899665,0,0.9793059064642456,0.9482366460838945,False,False,False,False,0.3180486372255686,0.26754052488151003,False,False,False,False,-32203449,-37055441.21661585,False,False,False,False,2538133.5493829465,False,False,False,False
2025-04-21 00:00:00+00:00,51.585884598,52.3121698834,51.0166339688,51.6447725941,1647664,,,,49.495434570698045,49.545387660381124,49.71350905955097,49.72463791689451,49.57561158384946,49.43336570159008,48.59555569268224,,48.49435637332286,47.88639429867833,47.8617527121833,47.542967210370534,47.13254737583956,47.409571351355474,47.81894090463777,48.095304162609125,48.077160583693704,48.832822970636386,49.07517597346741,52.29852134489584,"rgba(38, 166, 154, 1.0)",0.0,0.0,1.8541970715002427,48.21978256587983,1.8153960460074683,0.0,0.0,0.0,0.0,0.0,0.0,0.0,0.0,60.31265484149521,2.392119568931001,True,False,True,False,True,6.069349912805226,0,0.994509982173888,0.9397789889350298,False,False,False,False,0.2721972622040473,0.26986889354277865,False,False,False,False,-30555785,-36800552.73753288,False,False,False,False,2503213.1748973406,False,False,False,False
2025-04-22 00:00:00+00:00,52.4790192057,52.5673511999,51.4190352756,51.5564405999,1260702,,,,49.52592203736559,49.56970824101654,49.73336186871525,49.742763187918435,49.59388537541002,49.452091982275334,48.61582368007792,,48.51467236831047,47.90461078839079,47.87959133500293,47.55974628436014,47.14831457268661,47.42200509862009,47.82930358997046,48.103900037814455,48.08542553903938,48.972544509565616,49.095243671284614,52.29836622010877,"rgba(38, 166, 154, 1.0)",0.0,0.0,1.7445596380496025,48.248496811766486,2.424980093350771,0.0,0.0,0.0,0.0,0.0,0.0,0.0,0.0,62.015526131352814,4.218911924991623,True,False,True,False,True,7.774109967964861,0,1.0004089652233772,0.9199467829607714,False,False,False,False,0.31255431823002,0.2912116058863993,False,False,False,False,-29295083,-36506220.59096296,False,False,False,False,2454487.246469994,False,False,False,False
2025-04-23 00:00:00+00:00,52.096247231,52.5869805319,51.3699619455,52.3906872116,2302807,,,,49.57702533103114,49.61068195007037,49.766793010961756,49.77333587199603,49.624849249409664,49.483935182492104,48.65084123188321,,48.54982652553029,47.93642411825873,47.910760723526394,47.58917491202451,47.17607752528335,47.44389479886744,47.84750763397107,48.11897835236966,48.09992939266073,49.18978415475034,49.12961623789101,52.29781273533125,"rgba(38, 166, 154, 1.0)",0.0,0.0,1.6362837359015279,48.29644973489011,2.3222118589453253,0.0,0.0,0.0,0.0,0.0,0.0,0.0,0.0,62.150441646180624,4.64521339306814,True,False,True,False,True,6.888442613521672,0,0.996636852435078,0.9410041597977374,False,False,False,False,0.31072694790960054,0.3009692768979999,False,False,False,False,-31597890,-36313737.03837618,False,False,False,False,2448539.0015103864,False,False,False,False
2025-04-24 00:00:00+00:00,52.6851271921,53.0482698349,52.1649498931,52.4593898737,2817122,,,,49.65181467337904,49.67131987961938,49.817201223083906,49.819585343658,49.67113339176646,49.53103036867391,48.700360211162455,,48.59934337678745,47.980444840712074,47.95387447931514,47.62957923064221,47.21387378000388,47.473954519792706,47.872816283063884,48.14015219272679,48.12029047339799,49.46614223332061,49.179305680340164,52.29861898343087,"rgba(38, 166, 154, 1.0)",0.0,0.0,1.592764390934869,48.36203314840502,2.7142081203595656,0.0,0.0,0.0,0.0,0.0,0.0,0.0,0.0,63.14276386236551,5.965672010246784,True,False,True,False,True,8.013625601814969,0,0.9957219420844418,0.9362723947469757,False,False,False,False,0.3428282425124962,0.32189875970524806,False,False,False,False,-28780768,-36018326.48785163,False,False,False,False,2462993.236745273,False,False,False,False
2025-04-25 00:00:00+00:00,53.0482698349,53.0678991669,52.3710578795,52.4201312096,1708999,,,,49.698299273659124,49.70929470049361,49.84899853322391,49.84882776623645,49.70033919711711,49.560685170694526,48.73127482681093,,48.63023522305464,48.00785986745016,47.98072901841206,47.65472578331605,47.23737004108433,47.49270846079752,47.888667444130185,48.15345772057464,48.133087008377146,49.62229194727328,49.21044320051708,52.29939240399899,"rgba(38, 166, 154, 1.0)",0.0,0.0,1.6006552760834536,48.401777656308134,2.902868748829594,0.0,0.0,0.0,0.0,0.0,0.0,0.0,0.0,64.34586735291012,7.495753039828308,True,False,True,False,True,8.702788685825318,0,1.0290975454802094,0.9289303052455029,False,False,False,False,0.3428282427245539,0.332363501214901,False,False,False,False,-27071769,-35667481.09617117,False,False,False,False,2433424.835304282,False,False,False,False
2025-04-28 00:00:00+00:00,54.5400990698,55.2173110251,53.0188258368,53.0188258368,2943908,,,,49.810407227863884,49.801627028209474,49.92776157912215,49.92142569901307,49.77182110949676,49.63234309603752,48.80166174203508,,48.70016741000356,48.06815524661604,48.03973941825208,47.70928960851988,47.28761804605879,47.53328060604071,47.92356927165365,48.18315589877164,48.16162940186391,49.96567097077914,49.28355884603717,52.3043011607777,"rgba(38, 166, 154, 1.0)",0.0,0.0,1.6463445666933454,48.49118279090126,3.6741496289855538,0.0,0.0,0.0,0.0,0.0,0.0,0.0,0.0,67.07538178885076,10.415156628024029,True,False,True,False,True,11.443790417445577,0,1.030147222433647,0.8931136031744067,False,False,False,False,0.34282824483869706,0.33759587302679905,False,False,False,False,-24127861,-35214946.974752694,False,False,False,False,2453443.7829394084,False,False,False,False
2025-04-29 00:00:00+00:00,55.7571176562,56.0417429708,54.5695430679,54.7069483921,3117392,,,,49.95364434398185,49.92059283163216,50.03038251642598,50.016256653281395,49.864669829603045,49.72491094986724,48.8901996500794,,48.787900151881594,48.14285545647706,48.112830570604494,47.77647971737652,47.34905480078912,47.58327179627608,47.967020400203126,48.22042696985052,48.197444246580666,50.364947773860315,49.3767958914461,52.31264063474755,"rgba(38, 166, 154, 1.0)",0.0,0.0,1.7217607901378342,48.601003782380005,4.156276478596728,0.0,0.0,0.0,0.0,0.0,0.0,0.0,0.0,70.13098969723522,13.533004265354329,True,False,True,False,True,13.558392427560833,0,1.0427357428461002,0.885755541788907,False,False,False,False,0.34282824611348284,0.34021205957014095,False,False,False,False,-21010469,-34657908.62280161,False,False,False,False,2479480.9679221767,False,False,False,False
2025-04-30 00:00:00+00:00,55.9926696407,56.2085922931,54.2947324193,55.119164365,3357657,,,,50.10113867644545,50.04419464309729,50.137568297435095,50.11559799473399,49.962075694687705,49.82209286113696,48.98356412158392,,48.880467704341996,48.22209965622882,48.19040716467162,47.847950310648514,47.41454296807946,47.63670210902227,48.013525752614456,48.260379123096484,48.23585183227668,50.73784704237801,49.47479953837535,52.321694488396446,"rgba(38, 166, 154, 1.0)",0.0,0.0,1.8116408973281706,48.713029750431865,4.018257647530609,0.0,0.0,0.0,0.0,0.0,0.0,0.0,0.0,72.38931385509565,15.829634150491017,True,False,True,False,True,13.959492067351693,0,1.0336112405317714,0.8931546077233959,False,False,False,False,0.3383534072722374,0.3392827334211892,False,False,False,False,-17652812,-33991042.0885741,False,False,False,False,2513919.2436899343,False,False,False,False
2025-05-01 00:00:00+00:00,55.6884149941,56.2871096213,55.5706390018,55.8552643164,2184437,,,,50.19890951705427,50.126683378046394,50.20948172448639,50.18239597794368,50.02755168799804,49.887372076354836,49.04609019408523,,48.94244518247365,48.27518066532201,48.24238401066757,47.8958370244152,47.45840688772754,47.67260796852905,48.04487484986232,48.28738236111211,48.261816893040695,50.968471237984446,49.54049998513391,52.328203187179575,"rgba(38, 166, 154, 1.0)",0.0,0.0,1.915261418494695,48.786480614612294,3.6036513411899147,0.0,0.0,0.0,0.0,0.0,0.0,0.0,0.0,72.91609854368714,16.521334639658534,True,False,True,False,True,13.200590290138013,0,1.0459771393475588,0.9005310026821154,False,False,False,False,0.34282824665556144,0.3410554900383753,False,False,False,False,-19837249,-33435991.37921825,False,False,False,False,2500998.3713883683,False,False,False,False
2025-05-02 00:00:00+00:00,55.7767469882,56.2674802892,55.4528630096,56.1889629611,2166127,,,,50.292359366928096,50.20597043464828,50.27882437213494,50.246927739788745,50.09087780880223,49.950548676253916,49.10683116409327,,49.00268100712788,48.326980008090636,48.29312380353916,47.94266313622113,47.5013709952162,47.707833536895485,48.07564979972911,48.31391263279385,48.28733487023727,51.17678947986764,49.60416029689686,52.334603773803146,"rgba(38, 166, 154, 1.0)",0.0,0.0,2.0150386306653205,48.85654848291772,3.4342758495887455,0.0,0.0,0.0,0.0,0.0,0.0,0.0,0.0,73.37181044393941,17.231227740401707,True,False,True,False,True,13.35637906286929,0,1.0300841209207625,0.9326298970622509,False,False,False,False,0.3375063476033996,0.33928091882088746,False,False,False,False,-17671122,-32817761.207484204,False,False,False,False,2487866.1607456873,False,False,False,False
2025-05-05 00:00:00+00:00,55.158423029,55.8258203183,55.0210177048,55.7767469882,1588767,,,,50.352976241052446,50.257720357040746,50.324149263921036,50.28919864131487,50.132506223645095,49.992193196195686,49.14745223312448,,49.04302788022272,48.362036096510266,48.327483861378546,47.97451577727416,47.53073991433951,47.73190776604112,48.09663060677501,48.3319740145445,48.30471582232228,51.30343863718918,49.646376541631,52.3386181852409,"rgba(38, 166, 154, 1.0)",0.0,0.0,2.0879130191159283,48.90239993290173,2.996304462312906,0.0,0.0,0.0,0.0,0.0,0.0,0.0,0.0,71.57384002265931,17.231227740401707,True,False,True,False,True,11.793550823410715,0,1.0247740961008687,0.9240203560713467,False,False,False,False,0.30408757826413774,0.3216842485425126,False,False,False,False,-19259889,-32286079.944445606,False,False,False,False,2452607.3701282092,False,False,False,False
2025-05-06 00:00:00+00:00,55.4234190116,55.6903779273,54.805193199,55.3252723514,1594548,,,,50.41202307488872,50.30833086538327,50.368572916305304,50.33068521525049,50.17339956837744,50.03312505126314,49.18750479871826,,49.08282517484919,48.39672522008585,48.3614933076817,48.00608568918168,47.55988731563779,47.75582646290397,48.11748299808379,48.349933872869535,48.32200303168425,51.42216888421347,49.68791457979641,52.34259785485848,"rgba(38, 166, 154, 0.75)",0.0,0.0,2.1634275925461224,48.94709428504867,2.993548177375969,0.0,0.0,0.0,0.0,0.0,0.0,0.0,0.0,70.78589035489925,17.231227740401707,True,False,True,False,False,12.278711342676878,0,1.03319463350746,0.9066997147476552,False,False,False,False,0.2908360790267568,0.3062601637846347,False,False,False,False,-17665341,-31712717.63289872,False,False,False,False,2418957.983064358,False,False,False,False
2025-05-07 00:00:00+00:00,55.5706390018,56.0613723028,54.8345390504,55.2761990213,2657847,,,,50.51093242693125,50.39347166587261,50.44355776110766,50.40081373680058,50.242517258967816,50.10228159217846,49.25507762443966,,49.149961212589254,48.45528950511745,48.418921263583215,48.059408187312066,47.60912188002269,47.7963166492356,48.1528493653965,48.380445356206366,48.3513770644476,51.61375427577544,49.758018634163065,52.34961469452905,"rgba(38, 166, 154, 0.75)",0.0,0.0,2.2387543663114875,49.02171838057363,2.925251970369663,0.0,0.0,0.0,0.0,0.0,0.0,0.0,0.0,70.49637141818151,17.231227740401707,True,False,True,False,False,12.550452096966968,0,1.0263009390326299,0.9232276378364327,False,False,False,False,0.30594704260879485,0.3061036031967148,False,False,False,False,-15007494,-31057610.82376544,False,False,False,False,2428326.1798069323,False,False,False,False
2025-05-08 00:00:00+00:00,53.7352964562,55.7374883242,52.7047565242,55.7374883242,4791700,,,,50.63133234696195,50.49895918245727,50.53656252719753,50.48833826115167,50.32994093322508,50.190687688782894,49.34619362889,,49.24099656816236,48.53749256175532,48.499680138081544,48.13551068241464,47.68052911631892,47.854883604513695,48.2034993677003,48.42386724742875,48.39324357927174,51.80519446322221,49.84973144208323,52.35646091326034,"rgba(38, 166, 154, 0.75)",0.0,0.0,2.264961094943027,49.117057018444015,2.038992832180258,0.0,0.0,0.0,0.0,0.0,0.0,0.0,0.0,64.72009335929482,20.252214399441982,True,False,True,False,False,7.977222859030171,0,0.9922484207323299,0.9246553283445555,False,False,False,False,0.21517301749132609,0.26063831034402046,False,False,False,False,-19799194,-30616104.281656995,False,False,False,False,2521007.5060890135,False,False,False,False
2025-05-09 00:00:00+00:00,54.5989870659,54.613709065,53.126787163,54.0591804349,1998851,,,,50.67992898207658,50.541830220608524,50.57453315763224,50.52415675419057,50.36574790580541,50.2269077499169,49.383612686986616,,49.278395901086995,48.5714032527539,48.53300957611847,48.1669732065128,47.710099506073874,47.879201972905314,48.2245645046943,48.441956608829486,48.41069181670447,51.878181042734944,49.887319357472435,52.359390649439696,"rgba(38, 166, 154, 0.75)",0.0,0.0,2.309366030143813,49.15569376142792,2.3570509106921884,0.0,0.0,0.0,0.0,0.0,0.0,0.0,0.0,62.59156114599921,18.233349175607216,True,False,True,False,False,9.617219483020971,0,1.0010840059358534,0.9354147151577353,False,False,False,False,0.189900675030256,0.22526949268713825,False,False,False,False,-17800343,-30113525.407866526,False,False,False,False,2500530.780360033,False,False,False,False
2025-05-12 00:00:00+00:00,55.158423029,55.1780523611,53.646964462,54.7952803863,2146433,,,,50.738717273221276,50.59364059236022,50.62059645540985,50.56759355824915,50.40896491584742,50.270444902291985,49.42772635692484,,49.32240251266409,48.61091702226732,48.57183363606106,48.20347180051608,47.744243705780946,47.90738335998774,48.24910790416268,48.46311854129248,48.43109932840651,51.96958290908182,49.93209073936836,52.3635054613101,"rgba(38, 166, 154, 0.75)",0.0,0.0,2.3589595196756252,49.20158763414627,2.5251961066601245,0.0,0.0,0.0,0.0,0.0,0.0,0.0,0.0,62.18473474020814,17.77986626771299,True,False,True,False,False,10.657816172222201,0,1.019190997603479,0.9191172426293558,False,False,False,False,0.229070889233672,0.22717019096040514,False,False,False,False,-15653910,-29546481.666381564,False,False,False,False,2486644.5928949337,False,False,False,False
2025-05-13 00:00:00+00:00,56.9839509086,57.2096882271,55.158423029,55.2074963591,2309068,,,,50.828034570121076,50.67183088781071,50.69044408617461,50.633301919292286,50.47365772820874,50.33504047085899,49.490314782988264,,49.38454880154774,48.665260979682294,48.62516774602265,48.25303520469029,47.790009182885655,47.945403727707884,48.282613584534914,48.49225043151771,48.45916834259327,52.12250566032983,49.99720072538951,52.371350582483736,"rgba(38, 166, 154, 0.75)",0.0,0.0,2.465339908232839,49.268373638940396,3.1296200754686794,0.0,0.0,0.0,0.0,0.0,0.0,0.0,0.0,64.58350221777208,17.77986626771299,True,False,True,False,False,13.895994394888504,0,1.0709881665261638,0.9001012629279622,False,False,False,False,0.34282824685762003,0.2849992189090126,False,False,False,False,-13344842,-28911123.248092093,False,False,False,False,2479680.80493827,False,False,False,False
2025-05-14 00:00:00+00:00,55.9239669785,56.645344931,55.4037896795,56.5030322737,1677884,,,,50.886040188744104,50.72293470152661,50.736190947112064,50.67643500807972,50.51625551256369,50.377673417445884,49.53214181106705,,49.42613825246488,48.70197606344305,48.66122229217675,48.28667979339252,47.82121494831039,47.97133796984266,48.30542878126574,48.51207120622137,48.47827566012169,52.21611514361697,50.040390666671584,52.37639215655167,"rgba(38, 166, 154, 0.75)",0.0,0.0,2.5341184352645905,49.31229683157719,2.6090612241777373,0.0,0.0,0.0,0.0,0.0,0.0,0.0,0.0,63.47794283434723,17.77986626771299,True,False,True,False,False,11.321979377035706,0,1.0869386351457326,0.8539869778679091,False,False,False,False,0.3308216600661809,0.3079104394875968,False,False,False,False,-15022726,-28366480.21875515,False,False,False,False,2448237.7929799063,False,False,False,False
2025-05-15 00:00:00+00:00,56.3950709475,56.9986729077,55.6786003281,55.6786003281,2079921,,,,50.96119302430385,50.789248883611904,50.795693260339284,50.732569223519626,50.57162929013458,50.43302972090872,49.58614911577052,,49.4798089230499,48.74924307935097,48.707638721727164,48.3299463058382,47.86129001101747,48.00471341671312,48.33486337527653,48.53769290235516,48.5029757811953,52.33671970149015,50.09631691323242,52.38325382258805,"rgba(38, 166, 154, 0.75)",0.0,0.0,2.6120499540909954,49.36892923759849,2.68989561202578,0.0,0.0,0.0,0.0,0.0,0.0,0.0,0.0,63.43918426617907,17.77986626771299,True,False,True,False,False,12.14734038884285,0,1.0870277319960004,0.8655287708256783,False,False,False,False,0.34282824697498254,0.32536934323128963,False,False,False,False,-12942805,-27761630.210176516,False,False,False,False,2433793.997176773,False,False,False,False
2025-05-16 00:00:00+00:00,56.8269162523,56.8661749164,55.8748936484,56.4637736096,1753025,,,,51.02484006110484,50.8455630562099,50.846335049602835,50.78039111897078,50.618800824941765,50.480175109801394,49.63210340319697,,49.525474240780134,48.78948561859874,48.747162954785395,48.36679722098631,47.89542665630163,48.033190037886,48.36001265971446,48.55961160167772,48.52410926715452,52.437002619240616,50.143913691745794,52.38925837092531,"rgba(38, 166, 154, 0.75)",0.0,0.0,2.6972135930112806,49.41688709111906,2.747290455743285,0.0,0.0,0.0,0.0,0.0,0.0,0.0,0.0,64.04492192772261,17.77986626771299,True,False,True,False,False,12.900227336783214,0,1.0806658379401424,0.8893118718339469,False,False,False,False,0.34282824699874803,0.33409879511501883,False,False,False,False,-11189780,-27111753.731346063,False,False,False,False,2407097.173758076,False,False,False,False
2025-05-19 00:00:00+00:00,56.9054335805,56.9937655747,56.0711869688,56.3558122834,1176560,,,,51.06776906631332,50.88362098489471,50.880615846714,50.81278613181891,50.650753119524055,50.5121032981015,49.66319989112592,,49.55637349538143,48.81672637608184,48.77392034847425,48.39174843655707,47.91854117274011,48.05249615508618,48.377081334677236,48.57450185714556,48.53846767655707,52.503779075840285,50.17612877016273,52.39340908471088,"rgba(38, 166, 154, 0.75)",0.0,0.0,2.7802799351818615,49.44923105034532,2.681817192507619,0.0,0.0,0.0,0.0,0.0,0.0,0.0,0.0,64.56730383312882,17.77986626771299,True,False,True,False,False,13.037930291721736,0,1.069875938481759,0.8876418787261495,False,False,False,False,0.34282824711709875,0.3384635211160588,False,False,False,False,-10013220,-26441222.996783476,False,False,False,False,2358840.8140028575,False,False,False,False
2025-05-20 00:00:00+00:00,57.5924602018,57.8181975203,56.6993255941,56.9250629125,1969016,,,,51.14714991550818,50.95394117507237,50.944062925327984,50.87272828172971,50.70973729294316,50.57092102955153,49.719874362026886,,49.612624164959726,48.86600412412734,48.8223120673673,48.436745263367214,47.96008756771429,48.08727510387643,48.40793686301398,48.601487264618676,48.56448496168151,52.62932625864917,50.23519010220574,52.40149642613352,"rgba(38, 166, 154, 1.0)",0.0,0.0,2.8756581199223037,49.50842779167568,2.8111938460691364,0.0,0.0,0.0,0.0,0.0,0.0,0.0,0.0,65.94368369879231,17.77986626771299,True,False,True,False,True,14.240877910035046,0,1.090686209881668,0.867256904413076,False,False,False,False,0.3428282476045299,0.34064588436029436,False,False,False,False,-8044204,-25719771.27141942,False,False,False,False,2343553.5663949023,False,False,False,False
2025-05-21 00:00:00+00:00,58.5739268038,58.6426294659,57.6268115329,57.680792196,3138119,,,,51.287541662836446,51.078391335745856,51.05663629183331,50.97911219119429,50.81420374704608,50.67489087501548,49.819051264073664,,49.71095390511744,48.95166750513874,48.90642222712853,48.514754074399555,48.031891167455036,48.14755874853529,48.46163283094399,48.6485882014587,48.6098925112877,52.8525406581254,50.33910833194107,52.41668513451349,"rgba(38, 166, 154, 1.0)",0.0,0.0,2.9900271597007406,49.61215837581993,2.997219740598281,0.0,0.0,0.0,0.0,0.0,0.0,0.0,0.0,68.15029966832934,13.56186692122239,True,False,True,False,True,15.913077286755808,0,1.0958056868986497,0.856586190464622,False,False,False,False,0.34282824811225154,0.341737066236273,False,False,False,False,-4906085,-24903548.280383367,False,False,False,False,2374712.99516373,False,False,False,False
2025-05-22 00:00:00+00:00,57.7985681882,58.5150388077,57.5826455358,58.4267068135,1473433,,,,51.34868019595824,51.13287942289686,51.10605126664789,51.025901006925835,50.860233413181135,50.720760005666165,49.863121213637534,,49.75468435431566,48.99001037045408,48.944087704481305,48.549786147432386,48.06423348090468,48.17474409781233,48.48583946243982,48.6698259544726,48.63037531148561,52.945626224950345,50.38507732967751,52.42340714903986,"rgba(38, 166, 154, 1.0)",0.0,0.0,3.081144173035295,49.65772832349053,2.6421483083960235,0.0,0.0,0.0,0.0,0.0,0.0,0.0,0.0,67.27649155248628,13.56186692122239,True,False,True,False,True,13.939863943988097,0,1.093308139213606,0.8560529521599456,False,False,False,False,0.3374248143545845,0.33958094029542873,False,False,False,False,-6379518,-24177115.720368333,False,False,False,False,2339368.6816278975,False,False,False,False
2025-05-23 00:00:00+00:00,58.5641121378,58.5935561358,57.5335722057,57.8083828543,1544708,,,,51.41410492307008,51.19126505084107,51.15907554116047,51.076132546073566,50.909633919333835,50.76996875521527,49.91030833033161,,49.80149910635838,49.031035834933725,48.984390430115624,48.58726088357935,48.098816392016296,48.203850346369606,48.51179072544561,48.69261910643767,48.65235970251616,53.044606659053834,50.434342773573384,52.43077299691204,"rgba(38, 166, 154, 1.0)",0.0,0.0,3.185378971169065,49.706435740466354,2.780729224844099,0.0,0.0,0.0,0.0,0.0,0.0,0.0,0.0,67.78852109205725,13.56186692122239,True,False,True,False,True,15.246493615209989,0,1.1087623961747275,0.8551350491193186,False,False,False,False,0.33834976195323363,0.3389653511243312,False,False,False,False,-4834810,-23418593.92741271,False,False,False,False,2308205.5176424896,False,False,False,False
2025-05-27 00:00:00+00:00,58.691702796,59.3787294174,57.9065295145,58.1126375009,1942677,,,,51.499703756232066,51.26773149619093,51.22862486946158,51.14204497329099,50.97441189547602,50.8344502773022,49.97192040979991,,49.862602324787275,49.08449626956654,49.036909083900625,48.63605685834087,48.14380213296809,48.24177146239113,48.54566295436389,48.722411866410795,48.68109623999311,53.17380795627524,50.49878727188976,52.44069263759545,"rgba(38, 166, 154, 1.0)",0.0,0.0,3.2759564929848115,49.769983212535536,2.7233937943222344,0.0,0.0,0.0,0.0,0.0,0.0,0.0,0.0,68.30831284955536,14.182260069557913,True,False,True,False,True,15.463165798691918,0,1.1050805934720227,0.8407136146724669,False,False,False,False,0.3428282483734105,0.3408967997488709,False,False,False,False,-2892133,-22613634.675357312,False,False,False,False,2293871.0659702355,False,False,False,False
2025-05-28 00:00:00+00:00,58.4561508115,59.0057721086,58.3236528203,58.6131854679,1361106,,,,51.55795830295636,51.31992578483466,51.27617817400687,51.18716077919872,51.01878466881537,50.878640572899926,50.01426024689924,,49.90460663740932,49.121352926898325,49.073125316846,48.669748436212586,48.17490318188004,48.26801511911345,48.56911173306063,48.74304646275173,48.701003808349256,53.25983204738698,50.54299259609957,52.44755276395386,"rgba(38, 166, 154, 1.0)",0.0,0.0,3.350183665311322,49.81340814054004,2.5797817476245197,0.0,0.0,0.0,0.0,0.0,0.0,0.0,0.0,67.87622499297626,14.182260069557913,True,False,True,False,True,14.849408315573648,0,1.1018196023395024,0.8646688824760438,False,False,False,False,0.3428282483842752,0.341862524066573,False,False,False,False,-4253239,-21893619.158676635,False,False,False,False,2257292.0437753242,False,False,False,False
2025-05-29 00:00:00+00:00,57.690606862,58.8487374523,57.651348198,58.6426294659,1774278,,,,51.62684601488729,51.3819668887901,51.33281626413232,51.24099601727312,51.07185238338571,50.93157812862444,50.06545133590669,,49.95544606098447,49.16629881060291,49.11731228852183,48.71099240952522,48.21311403967017,48.30027526723673,48.597902631167756,48.76837118239258,48.7254467886601,53.35718004354903,50.59614010449203,52.45570105463659,"rgba(38, 166, 154, 0.75)",0.0,0.0,3.414206525688742,49.86535953980159,2.291966599946628,0.0,0.0,0.0,0.0,0.0,0.0,0.0,0.0,65.18745926817482,14.182260069557913,True,False,True,False,False,12.872282927073439,0,1.0824442891059234,0.8674946452099711,False,False,False,False,0.3180186541836877,0.32994058912513036,False,False,False,False,-6027517,-21271419.074022647,False,False,False,False,2238350.316568449,False,False,False,False
2025-05-30 00:00:00+00:00,57.9359735125,58.0341201727,57.1311708989,57.5826455358,2553557,,,,51.71801638576966,51.46453405916495,51.408381392646845,51.312966929485846,51.1429448566456,51.00260114551887,50.134699823716055,,50.024284741806866,49.227589917257056,49.177598874065524,48.7674391445519,48.26558362487806,48.344620042738015,48.63745563975904,48.803163605789074,48.7590428144574,53.48026381782806,50.66766896179987,52.46663001472663,"rgba(38, 166, 154, 0.75)",0.0,0.0,3.47844275250291,49.934911625643444,2.300185012704147,0.0,0.0,0.0,0.0,0.0,0.0,0.0,0.0,63.884041359677525,17.750693218066473,True,False,True,False,False,13.316207706827694,0,1.0686690833861,0.8820905450582912,False,False,False,False,0.2788562123805853,0.30439840075285785,False,False,False,False,-3473960,-20573479.50249235,False,False,False,False,2250711.36297753,False,False,False,False
2025-06-02 00:00:00+00:00,59.1039187688,59.2511387591,58.0439348387,58.1028228348,2675173,,,58.7996641222,51.82765748821168,51.563595698386806,51.49914367944572,51.39934822001018,51.22801954518657,51.08737738217854,50.21625826412162,,50.10524269059964,49.29907173386646,49.247884522573756,48.833002735766506,48.326265446005806,48.39603612482859,48.68350672067865,48.843791020364876,48.79826409647462,53.6336371364519,50.752549405037996,52.480425201508346,"rgba(38, 166, 154, 0.75)",0.0,0.0,3.548239745001707,50.01741755167173,2.5608475949033993,0.0,0.0,0.0,0.0,0.0,0.0,0.0,0.0,65.08652068096356,17.750693218066473,True,False,True,False,False,15.385200404161608,0,1.0863457964079413,0.8626114750539889,False,False,False,False,0.34179271723851523,0.32309555899568654,False,False,False,False,-798787,-19798001.36513971,False,False,False,False,2267356.917370568,False,False,False,False
2025-06-03 00:00:00+00:00,58.6426294659,58.9763281106,58.4512434785,58.9468841125,1682210,,,58.7573530965005,51.89382370906505,51.62360629965914,51.55424449064455,51.451863843665166,51.27979455125459,51.13900469068453,50.266117569593575,,50.15475819098774,49.34296469284215,49.29105718187445,48.87334500299285,48.36367125711829,48.427771669716925,48.711940139870464,48.86889040372612,48.82250224940015,53.72368137269898,50.804307986723856,52.488919278129515,"rgba(38, 166, 154, 0.75)",0.0,0.0,3.609304929698257,50.067530575828194,2.375831096872355,0.0,0.0,0.0,0.0,0.0,0.0,0.0,0.0,64.4218689321566,17.750693218066473,True,False,True,False,False,14.179668889455641,0,1.0883422961030684,0.8633252751002398,False,False,False,False,0.34282824840827975,0.33296190370198314,False,False,False,False,-2480997,-19118903.154742077,False,False,False,False,2244409.979434467,False,False,False,False
2025-06-04 00:00:00+00:00,59.182436097,59.712428062,58.7309614601,59.0254014407,2156230,,,58.90673417337597,51.98312169965886,51.704601916825844,51.62869241732078,51.52282508392628,51.34968855065099,51.20863775344096,50.33305635410993,,50.22120268333609,49.40171761281071,49.34884255101134,48.9272807616543,48.4136122712969,48.47020577552176,48.75003196007129,48.9025646518886,48.855020697583406,53.84608547591797,50.873970522892336,52.50068051217098,"rgba(38, 166, 154, 0.75)",0.0,0.0,3.680122448757917,50.13489137745793,2.4584901305650075,0.0,0.0,0.0,0.0,0.0,0.0,0.0,0.0,64.93103322423124,17.750693218066473,True,False,True,False,False,15.133137709375191,0,1.078864700555781,0.8610113110391875,False,False,False,False,0.34282824864594647,0.3378950761739648,False,False,False,False,-324767,-18381878.207497288,False,False,False,False,2240951.941025272,False,False,False,False
2025-06-05 00:00:00+00:00,59.172621431,59.6044667358,59.0941041028,59.5946520698,1449937,,,58.976588389329926,52.04261924820234,51.75868402834072,51.67847664812604,51.570316769732294,51.39648126305531,51.25526186177817,50.37791766055213,,50.26573861234573,49.44115977251228,49.38764181998658,48.963519937293874,48.44718929173739,48.4987687624771,48.77569047222991,48.92526424867788,48.87694500257567,53.92657759135659,50.920622017168036,52.50866227052329,"rgba(38, 166, 154, 0.75)",0.0,0.0,3.752094640880529,50.179891900649416,2.3967224686635844,0.0,0.0,0.0,0.0,0.0,0.0,0.0,0.0,65.23649690054148,17.750693218066473,True,False,True,False,False,15.106930115927234,0,1.1270897451357356,0.8585880798580442,False,False,False,False,0.3428282487027237,0.34036166243834426,False,False,False,False,-1774704,-17730616.473869946,False,False,False,False,2209931.747259575,False,False,False,False
2025-06-06 00:00:00+00:00,58.6426294659,59.1382700999,58.0831935028,58.7113321281,1376035,,,58.92425194157257,52.093064929382955,51.804804960839434,51.72102835264377,51.61099420633673,51.43666109632369,51.295371748166936,50.416913893037666,,50.3044984399269,49.475778750257895,49.42171563972302,48.99546542832111,48.47690941938096,48.524064902275995,48.798383865002805,48.945330715484786,48.896335499972785,53.99153897985017,50.960918966767885,52.515474295575586,"rgba(38, 166, 154, 0.75)",0.0,0.0,3.8128267711813506,50.218602051976845,2.209391593028783,0.0,0.0,0.0,0.0,0.0,0.0,0.0,0.0,63.59436399583437,17.046910659167807,True,False,True,False,False,13.686023551005054,0,1.106491587738976,0.835645802419222,False,False,False,False,0.30119243835355675,0.3207770503959505,False,False,False,False,-3150739,-17158856.572933868,False,False,False,False,2177229.914033709,False,False,False,False
2025-06-09 00:00:00+00:00,59.3394707533,59.7933990567,58.9076254484,59.1333627669,1488913,,,58.98235645195564,52.152754147564664,51.859253412061236,51.7712662804722,51.65898352385294,51.48397594538089,51.34253208035388,50.46239005452207,,50.34965790725554,49.515892819483035,49.46118761093793,49.032381483854785,48.51115836543295,48.55325044506743,48.824626087343994,48.96857082910188,48.91878856563177,54.07053558607477,51.008133713941824,52.52370176908371,"rgba(38, 166, 154, 0.75)",0.0,0.0,3.8885111594162662,50.263983460180285,2.3339234275161767,0.0,0.0,0.0,0.0,0.0,0.0,0.0,0.0,63.93420643463591,17.046910659167807,True,False,True,False,False,14.95634308082846,0,1.1111877658351894,0.8216596777583973,False,False,False,False,0.3428282487032642,0.33180264954960736,False,False,False,False,-1661826,-16551129.883799206,False,False,False,False,2150237.0938755246,False,False,False,False
2025-06-10 00:00:00+00:00,58.7309614601,59.722242728,58.6426294659,59.4278027475,1823823,,,58.989504540924564,52.2214020659338,51.922127148974425,51.82938902251134,51.71458737264364,51.538877493562424,51.39730978720396,50.51551606531501,,50.402449775988174,49.56302818539291,49.50758593830499,49.07587443982527,48.55160751416433,48.58775034038681,48.85563707770941,48.99603789124311,48.94533445817168,54.158593078911714,51.06309241528303,52.533289070073955,"rgba(38, 166, 154, 0.5)",0.0,0.0,3.944321734336143,50.316646913003886,2.1332728701737866,0.0,0.0,0.0,0.0,0.0,0.0,0.0,0.0,62.12901763724187,15.446648334034421,False,False,True,False,False,13.325740798324539,0,1.1124180656896647,0.8205008625327075,False,False,False,False,0.3332575500520231,0.33253009980081527,False,False,False,False,-3485649,-16038758.084434533,False,False,False,False,2137436.5411745235,False,False,False,False
2025-06-11 00:00:00+00:00,59.1137334348,59.202065429,57.8378268523,58.7211467941,2059982,,,58.95147164605724,52.29380910411937,51.988750497940906,51.891114480686724,51.773738350161324,51.59737612156524,51.455742441345954,50.572550625294966,,50.45916840216149,49.61396115246028,49.557743738765375,49.123010955329775,48.59556386403955,48.62528168602555,48.8893636699347,49.0259165364272,48.974222172153205,54.248195234617675,51.121857919111484,52.543562181527626,"rgba(38, 166, 154, 0.5)",0.0,0.0,4.001770844255442,50.37277569485191,2.1842724334142636,0.0,0.0,0.0,0.0,0.0,0.0,0.0,0.0,61.772790280184516,15.013193660199022,False,False,True,False,False,14.035062469643862,1,1.1059045065390707,0.8237242783481252,False,False,False,False,0.29608254418340013,0.31430632199210773,False,False,False,False,-1425667,-15465695.688966513,False,False,False,False,2134399.1081872876,False,False,False,False
2025-06-12 00:00:00+00:00,59.3198414213,59.3689147514,58.4070774814,58.8879961164,1784193,,,58.96017526374325,52.358233291915866,52.048051925362095,51.946107817951656,51.82644946238369,51.64947899780882,51.50775986496637,50.623192440940635,,50.50951648957322,49.659125580839,49.60222146287756,49.16479020527947,48.63450109398924,48.65856893048202,48.919316606773705,49.05248082318784,48.999906798228984,54.32825948281142,51.17410609013823,52.55288359615687,"rgba(38, 166, 154, 0.5)",0.0,0.0,4.067018648401632,50.42263503163889,2.1876482895296716,0.0,0.0,0.0,0.0,0.0,0.0,0.0,0.0,61.98988134110427,15.013193660199022,False,False,True,False,False,14.41789799998486,1,1.1124957214037179,0.8221774496515599,False,False,False,False,0.316631082627253,0.3154687023096804,False,False,False,False,358526,-14845137.975673709,False,False,False,False,2120665.535317198,False,False,False,False
2025-06-13 00:00:00+00:00,61.724434596,61.7489712611,59.4081734154,59.8596480523,4158143,,60.96052642416667,59.36288122124058,52.54573708303919,52.21957083081014,52.10504702571214,51.978471370834384,51.799111547270925,51.65663410290597,50.76543150372313,,50.65063153539159,49.78403684526158,49.72514789296618,49.27957111772002,48.74075279459273,48.7495964462432,49.00162418743514,49.12570520881429,49.07067005326983,54.577243737621636,51.3224729057525,52.580939585406654,"rgba(38, 166, 154, 1.0)",0.0,0.0,4.184850091126388,50.56447773965317,2.666751881987494,0.0,0.0,0.0,0.0,0.0,0.0,0.0,0.0,66.01845735562378,12.741601119987955,True,False,True,False,True,18.631823050466696,0,1.123561291306779,0.7914519848863077,False,False,False,False,0.34282824919745986,0.3291484757535701,False,False,False,False,4516669,-14085851.427608073,False,False,False,False,2200566.6123635825,False,False,False,False
2025-06-16 00:00:00+00:00,61.6753612659,63.8738464543,61.2778672921,61.7931372581,2733853,,61.48221396648578,59.70335616874332,52.68320543877021,52.34521991136575,52.22159695978039,52.089929254787094,51.90864788276815,51.76546406490199,50.86862681912071,,50.75292492485376,49.87415670469259,49.81382075594781,49.36218717718906,48.81702924456344,48.815081014567276,49.06101264815586,49.1786549729373,49.12183622516657,54.76268209295649,51.430572232146275,52.60216284083327,"rgba(38, 166, 154, 1.0)",0.0,0.0,4.289852935825185,51.32842184379151,2.411956674714813,0.0,0.0,0.0,0.0,0.0,0.0,0.0,0.0,68.53348328338151,15.025563101995857,True,False,True,False,True,18.496392959640175,0,1.1482994189583053,0.7773482767283019,False,False,False,False,0.3428282498411024,0.33598836279733624,False,False,False,False,1782816,-13463550.744172463,False,False,False,False,2221479.804035599,False,False,False,False
2025-06-17 00:00:00+00:00,60.8214853222,61.7833225921,60.5663040057,61.4986972776,2724391,,61.36175838733518,59.844587480086005,52.799467615717795,52.452361388030496,52.32135653357133,52.18562177432389,52.00298356940118,51.85940027779461,50.95884884865536,,50.842495534043366,49.953981412009945,49.89242861572788,49.43580739817145,48.88538545421536,48.87385990379698,49.11425995683886,49.22612845754819,49.167744830351836,54.91023239332525,51.524326687163004,52.62056760777483,"rgba(38, 166, 154, 1.0)",0.0,0.0,4.365839387193791,51.384397378688746,2.1615746953937034,0.0,0.0,0.0,0.0,0.0,0.0,0.0,0.0,67.34483612947284,15.025563101995857,True,False,True,False,True,16.155414943687553,0,1.1876858954010987,0.794900673226285,False,False,False,False,0.27998515751514724,0.3079867601562417,False,False,False,False,-941575,-12972492.871851975,False,False,False,False,2241201.8117204774,False,False,False,False
2025-06-18 00:00:00+00:00,61.1846279649,61.4201799494,60.70370933,61.0472226407,2087036,,61.31558609120334,59.93770889611098,52.88685212634083,52.53309920583218,52.39665991699101,52.257928638932505,52.07430321930756,51.930437724963916,51.02719897286248,,50.91036820249861,50.01461401080193,49.952151058815616,49.49180043598522,48.937430986540626,48.91867525287221,49.154886913496966,49.26237969755126,49.20280975362729,55.01947527381109,51.59526085610998,52.634688827717945,"rgba(38, 166, 154, 1.0)",0.0,0.0,4.410964294783454,51.44179893750224,2.2087753099520526,0.0,0.0,0.0,0.0,0.0,0.0,0.0,0.0,67.15766681445359,15.025563101995857,True,False,True,False,True,16.787931512370225,0,1.2082505791590104,0.7760925725660557,False,False,False,False,0.2746154946328718,0.29130112739455677,False,False,False,False,1145461,-12418847.621975427,False,False,False,False,2235156.0936137917,False,False,False,False
2025-06-20 00:00:00+00:00,59.8105747222,61.0275933086,59.5455787397,60.9883346446,2617255,,61.09852677619111,59.953862856920324,52.981172231357135,52.62096434664879,52.47891587964991,52.3371507431298,52.15268838276743,52.00868777087507,51.10345389628785,,50.98620441161345,50.08312070052948,50.01968271291817,49.55543115125959,48.996894948429585,48.96995401553214,49.201322128360516,49.30381158762638,49.24291411729987,55.130041143187896,51.673774119329906,52.65030013508543,"rgba(38, 166, 154, 0.5)",0.0,0.0,4.40029267218509,51.49578009427857,1.8896003623760058,0.0,0.0,0.0,0.0,0.0,0.0,0.0,0.0,63.08265761640348,17.03396331243907,False,False,True,False,False,13.130373298171325,0,1.1824764261771756,0.7734548967306335,False,False,False,False,0.23750057199784638,0.2644008496962016,False,False,False,False,-1471794,-11989551.401505804,False,False,False,False,2250140.364452467,False,False,False,False
2025-06-23 00:00:00+00:00,59.211880095,60.1050147028,59.182436097,59.8694627183,2280577,,60.87890048599143,59.92257439139014,53.0543288694237,52.68961668997501,52.54340682422085,52.39943102533242,52.214474292707905,52.07048238565024,51.16431233587965,,51.0468039645397,50.138376712957225,50.07418911131388,49.60700156617587,49.04530169437647,49.01176143673431,49.23915708547067,49.33757684310219,49.27561747123996,55.21092695005771,51.736022683608354,52.66271205041325,"rgba(38, 166, 154, 0.5)",0.0,0.0,4.398317590618358,51.5372889555425,1.744892446108815,0.0,0.0,0.0,0.0,0.0,0.0,0.0,0.0,58.93072733045639,13.295427757521729,False,True,True,False,False,11.596179857367694,0,1.180030289135807,0.7989272095385269,False,False,False,False,0.2089194872798922,0.23666016848804688,False,False,False,False,-3752371,-11666524.719093813,False,False,False,False,2251333.9580033505,False,False,False,False
2025-06-24 00:00:00+00:00,58.3187454873,59.1333627669,58.2991161552,59.1333627669,1939848,,60.63877131852815,59.8484502379263,53.10661360697663,52.73923168337906,52.59023554111888,52.44483483278799,52.259711010367816,52.115865085975145,51.20977509468332,58.583741469799996,51.09216196829997,50.18031994884408,50.11560297451714,49.64642500505234,49.082549308988895,49.04397901061846,49.26826754713453,49.36354879834428,49.30079346519354,55.26320843411083,51.782040902758304,52.67182444871388,#000000,0.0,0.0,4.39779960373419,51.56365906457929,1.5360150601189142,0.0,0.0,0.0,0.0,0.0,0.0,0.0,0.0,54.239526895465275,9.160998687909824,False,True,False,False,False,9.360652826932313,0,1.1615628590307472,0.7961176024842782,False,False,False,False,0.14278411828930992,0.1897221433886784,False,False,False,False,-5692219,-11432238.22030582,False,False,False,False,2239118.822395376,False,False,False,False
2025-06-25 00:00:00+00:00,57.5532015378,58.5248534737,57.5433868717,58.3187454873,1970217,,60.373183048736365,59.74332482437891,53.151961251237296,52.782757595238394,52.631513623885645,52.48501753408366,52.29991848525553,52.15632673172095,51.250991939219745,58.22602075506147,51.13336170268375,50.21893248718638,50.153762729094154,49.68296019720467,49.117278908432,49.074061092250425,49.29540955546627,49.38775882312439,49.32427969378068,55.30367152010165,51.823338025042645,52.67994289647239,"rgba(239, 83, 80, 1.0)",0.0,0.0,4.384509994384544,51.584765295647614,1.3612550204689813,0.0,0.0,0.0,0.0,0.0,0.0,0.0,0.0,49.66126584816068,5.214198626270495,False,True,False,True,False,7.497916824553094,0,1.133360850990916,0.8445830129940188,False,False,False,False,0.07811392422889696,0.1339180338087877,False,False,False,False,-7662436,-11284402.839117358,False,False,False,False,2228573.652889675,False,False,False,False
2025-06-26 00:00:00+00:00,56.9741362426,57.9801395096,56.8661749164,57.7789388562,2258686,,60.06570628092176,59.60125472364373,53.19642236665072,52.825979205245424,52.672719873040585,52.52530682558317,52.34042126445111,52.197220922640014,51.29339397483774,57.87724959611088,51.17582986511753,50.259289989197924,50.19368421827974,49.72140676378075,49.154050794659895,49.105960854623234,49.324152806853874,49.413393124303575,49.34916729386025,55.33806175759068,51.86536845165717,52.68814672491262,"rgba(239, 83, 80, 1.0)",0.0,0.0,4.355166510614547,51.60454428548586,1.2329246066774262,0.0,0.0,0.0,0.0,0.0,0.0,0.0,0.0,45.60050727545229,1.7761030419411838,False,True,False,True,False,6.115476373544485,0,1.0913232540136812,0.8722272026847099,False,False,False,False,0.024246971114593025,0.07908250246169037,False,False,True,False,-9921122,-11230940.84542648,False,False,False,False,2229754.5292469426,False,False,True,False
2025-06-27 00:00:00+00:00,57.0428389048,57.2391322251,56.169333629,56.9250629125,4120774,,59.56788636785582,59.33682545040739,53.266305342090746,52.894851196259374,52.73876888862396,52.59019106399133,52.40595894369464,52.263610562809056,51.36344607192427,57.45267894246258,51.24612747460291,50.32702723036822,50.260754272432145,49.78637617247936,49.21656732280518,49.16030766740014,49.37308202491536,49.457043106535586,49.39158129177274,55.383717550347086,51.93407025652405,52.7015564326477,"rgba(239, 83, 80, 1.0)",0.0,0.0,4.333278637039575,52.01928492434549,1.1592963206922966,0.0,0.0,0.0,0.0,0.0,0.0,0.0,0.0,43.09454862918195,-0.2601651909458411,False,True,False,True,False,6.254941264379113,0,1.0569465257091861,0.8874533893879554,False,False,True,False,-0.025161596572522357,0.026960452944584004,False,False,False,False,-5800348,-11017976.420115637,False,False,False,False,2303912.1555509837,False,False,False,False
2025-06-30 00:00:00+00:00,57.695514195,58.2304657346,56.7444892358,57.0218715156,2855651,,59.37482472089591,59.22690451871406,53.322935399422555,52.949942227761404,52.79139902360182,52.64168573111378,52.457690743685475,52.315803491981065,51.417402621216894,57.47530315376964,51.300157208909454,50.37841068565199,50.31159653107897,49.83536977408429,49.26345410909992,49.2011175091066,49.40994860631848,49.49000131187988,49.423592211650984,55.42923007227044,51.98761669119196,52.712459338274954,"rgba(239, 83, 80, 1.0)",0.0,0.0,4.308556304287025,52.07071508374563,1.305495092557495,0.0,0.0,0.0,0.0,0.0,0.0,0.0,0.0,43.315445325841296,-0.2601651909458411,False,True,False,True,False,7.578189045744882,0,1.064141463368786,0.8865161394268851,False,False,False,False,0.022223398689192642,0.02459192581688832,False,False,False,False,-2944697,-10701377.227169925,False,False,False,False,2325548.972980357,False,False,False,False
2025-07-01 00:00:00+00:00,57.9728964748,58.5672870744,57.5271035252,58.0323355348,1114232,,59.32599613412017,59.19856529467963,53.347013819354494,52.973223398251754,52.81360006771208,52.66336574997488,52.479412461669945,52.337674788753176,51.43977890293293,57.51805564065618,51.322538945279256,50.399549801008845,50.332505299167636,49.85546184387827,49.2826250438358,49.21781482448739,49.42506043542415,49.503526536284646,49.43672556074068,55.450249546833824,52.00995781810522,52.71710782236941,"rgba(239, 83, 80, 1.0)",0.0,0.0,4.271568845160386,52.0939462861473,1.3762976559100648,0.0,0.0,0.0,0.0,0.0,0.0,0.0,0.0,44.23294484060638,-0.2601651909458411,False,True,False,True,False,8.136331878176087,0,1.0750697906172157,0.8814569462849742,False,False,False,False,0.05613421806398109,0.0403630719404347,False,False,False,False,-1830465,-10353498.316300517,False,False,False,False,2278046.3465889706,False,False,False,False
2025-07-02 00:00:00+00:00,59.4291534437,59.4390599537,58.0224290248,58.4484089545,1781307,,59.30621692547272,59.19004571881451,53.39264540822119,53.016857130070306,52.85504619966274,52.703688032838194,52.51962512826608,52.37802525204661,51.48030792814034,57.678576211048274,51.36299523053884,50.43724525328876,50.36975947501842,49.89105663351955,49.31638119459653,49.247216962931866,49.45174222062728,49.52743919827547,49.45993089535152,55.495193633904904,52.05086982270953,52.72583768922434,"rgba(239, 83, 80, 0.75)",0.0,0.0,4.26175207039666,52.144673460330566,1.709268831936401,0.0,0.0,0.0,0.0,0.0,0.0,0.0,0.0,48.29202651782509,-0.2601651909458411,False,True,False,True,True,10.975708156642856,0,1.0895929202596357,0.8625676404072427,False,False,False,False,0.09077680268519525,0.06556993731281498,False,False,False,False,-49158,-9949406.539190693,False,False,False,False,2258566.372212933,False,False,False,False
2025-07-03 00:00:00+00:00,59.5777510936,59.6470966635,58.9536409641,59.1616776739,1143524,,59.30914846887384,59.19465747353847,53.423777557071354,53.04653269079993,52.88320893235072,52.731058879046444,52.546880430477096,52.40534225069182,51.507575904483915,57.79265108293006,51.39019559863932,50.4624793300141,50.39469226317272,49.91483501499068,49.338886200010705,49.26682837696445,49.4695617656529,49.54342198288299,49.47543846492393,55.52694141511479,52.07849613805174,52.73181384679661,#000000,0.0,0.0,4.270287873894102,52.178897851714055,1.732635705222113,0.0,0.0,0.0,0.0,0.0,0.0,0.0,0.0,51.304241640182035,-5.808652108801773,False,True,False,False,True,11.257552507881151,0,1.098809635621786,0.8623189556173352,False,False,False,False,0.12667748385866118,0.09612371058573807,False,False,False,False,1094366,-9516317.420006745,False,False,False,False,2214839.2203614456,False,False,False,False
2025-07-07 00:00:00+00:00,60.1820482031,60.2365340081,59.2904623038,59.6966292135,1438784,,59.3334057561493,59.21436277111868,53.46580110948975,53.086450651534896,52.92105076771461,52.76779350347349,52.5834003877843,52.44189933071622,51.54382128756938,57.95569430128693,51.426323677781916,50.49582991751592,50.427635285964485,49.94618584231972,49.36848928241705,49.292633856079114,49.493039853480006,49.56449597493164,49.495881678221416,55.57133485390642,52.11536567297464,52.73989260836972,"rgba(38, 166, 154, 0.5)",0.0,0.0,4.283693986207731,52.22542758329174,1.8574204052451702,0.0,0.0,0.0,0.0,0.0,0.0,0.0,0.0,54.53759982845521,-2.7588612988831045,False,True,True,False,True,12.401072971914985,0,1.1055168532912862,0.8524513486946615,False,False,False,False,0.14481565202230887,0.12046968130402347,False,False,False,False,2533150,-9043789.285888834,False,False,False,False,2184405.6823080555,False,False,False,False
2025-07-08 00:00:00+00:00,60.7962518226,61.4599879921,60.1027961232,60.1820482031,2221567,,59.419604974558695,59.27910346412652,53.53838636637245,53.1550514218176,52.98597786169776,52.830711745185745,52.64580228551956,52.50425113262882,51.60502506669246,58.257378377362485,51.487259898091594,50.55165704649655,50.4827556289574,49.99846907412195,49.417679254824,49.33553078298854,49.5321431332147,49.599633437257715,49.52995611588025,55.65176210030559,52.17799729496116,52.753864859716295,"rgba(38, 166, 154, 0.5)",0.0,0.0,4.3073165428152524,52.306894540842414,1.9709155798911773,0.0,0.0,0.0,0.0,0.0,0.0,0.0,0.0,57.83503885403541,0.3389932709119634,False,True,True,False,True,13.5445084975918,0,1.1062159600384478,0.8422193112991926,False,False,False,False,0.21300350291712347,0.16673659211057346,False,False,False,False,4754717,-8502671.392324565,False,False,False,False,2185862.98888421,False,False,False,False
2025-07-09 00:00:00+00:00,61.5293335621,62.1881164765,60.6773737027,60.8556908826,1752035,,59.51102575385242,59.347865600901194,53.599888481723966,53.21303192996177,53.04082057279726,52.88381343854046,52.69839672206334,52.556746931009236,51.656250079287766,58.50607757082525,51.538226720157134,50.598150609494425,50.52865002552607,50.04191920915961,49.45847272631427,49.37112771106692,49.56463939833064,49.62886131021741,49.55829545493656,55.72161665683884,52.23060080646455,52.76577790449825,"rgba(38, 166, 154, 0.5)",0.0,0.0,4.341489978126479,52.983609055654256,1.9683851740995049,0.0,0.0,0.0,0.0,0.0,0.0,0.0,0.0,61.259392477346324,3.5476072641829433,False,False,True,False,True,14.881916368698068,0,1.1107106753713052,0.8329742312348076,False,False,False,False,0.24831813971781708,0.20752736591419527,False,False,False,False,6506752,-7914066.553409876,False,False,False,False,2168850.1265750257,False,False,False,False
2025-07-10 00:00:00+00:00,60.2315807531,61.568959602,60.1721416931,61.4996140321,1847963,,59.56264496719833,59.38992624867062,53.657178351673394,53.26741829723594,53.09243165776958,52.93391572868464,52.74814846788878,52.60649622068904,51.70530603845971,58.668725482335596,51.58709622565396,50.643150683271614,50.57310025874826,50.08417884197203,49.49832812263977,49.40595645157501,49.596411205004124,49.65744156418764,49.58602394583837,55.78339437598621,52.28064761797299,52.777145027805574,"rgba(38, 166, 154, 0.5)",0.0,0.0,4.349104451034334,53.01770336535473,1.6587041008016299,0.0,0.0,0.0,0.0,-1.0,60.6773737027,60.4544772279,883.0,59.7370397808852,3.5476072641829433,False,True,True,False,True,11.482194566416606,0,1.0935296605303528,0.8755078770272816,False,False,False,False,0.20347775202626486,0.20550255897023006,False,False,False,False,4658789,-7421013.394452627,False,False,False,False,2156266.317689731,False,False,False,False
2025-07-11 00:00:00+00:00,60.4198044429,60.4544772279,58.4385024445,59.7065357235,2660635,,59.57532421417942,59.40676439850862,53.72780519629945,53.33511203385078,53.1569566839685,52.996775695771255,52.810788339450205,52.66928887867631,51.76810052428648,58.77691712856715,51.64975553274443,50.70156369392901,50.630850421912,50.13938245330008,49.55069507507208,49.45180397962258,49.63819564455462,49.69503546074711,49.622526367800845,55.85397764102005,52.34415115174415,52.79161873964322,"rgba(38, 166, 154, 0.5)",0.0,0.0,4.35663500683099,53.04979265714835,1.6916752893450642,0.0,0.0,0.0,0.0,0.0,0.0,0.0,0.0,59.09811715004372,3.5476072641829433,False,True,True,False,True,11.835783285941282,0,1.0406454328679777,0.9080482097421161,False,False,False,False,0.09302005407822368,0.14926130652422687,False,False,False,False,7319424,-6842957.02604272,False,False,False,False,2176045.4817018984,False,False,False,False
2025-07-14 00:00:00+00:00,60.350458873,61.0785873574,60.1325156531,60.4297109529,1697485,,59.61066158625488,59.437306732498996,53.77750298800528,53.3825142091287,53.20206840356461,53.04065123305097,52.85441353121834,52.71294688038923,51.81135993442112,58.8796762436459,51.69287707909515,50.7414901714558,50.670308340987404,50.17699033484369,49.58625715111338,49.482952816841845,49.66663414597416,49.720648181573964,49.6473885957836,55.90608945604214,52.38813955345476,52.80181012365829,"rgba(38, 166, 154, 0.5)",0.0,0.0,4.317423391097364,53.09438467051566,1.6806492079156634,0.0,0.0,0.0,0.0,0.0,0.0,0.0,0.0,58.47086291759828,3.5476072641829433,False,True,True,False,True,11.654435575136539,0,1.0733038944769013,0.8991646018425545,False,False,False,False,0.18262853922495856,0.16594492287459273,False,False,False,False,5621939,-6354137.574041044,False,False,False,False,2157278.4039880987,False,False,False,False
2025-07-15 00:00:00+00:00,59.3201818338,60.6572634874,59.013080024,60.5089630329,1486589,,59.61233701042027,59.44261174343182,53.81497659516751,53.41859352538556,53.23655034880226,53.07430288665743,52.88798927171122,52.7466306840479,51.845201475071384,58.91814647732063,51.726665353442215,50.773149369781116,50.70162221246275,50.20699232303224,49.614785931674525,49.50798115514035,49.68946075636111,49.74120735820069,49.66736011632397,55.94248002833597,52.422256980643695,52.80972475581837,"rgba(38, 166, 154, 0.5)",0.0,0.0,4.2669134509445685,53.11789173080082,1.453577667863447,0.0,0.0,0.0,0.0,-1.0,60.1325156531,59.2656960288,887.0,55.27182837653179,3.5476072641829433,False,True,True,False,False,8.995079916615037,0,1.033838209633505,0.9086713591461245,False,False,False,False,0.12283397892131274,0.14438945089795274,False,False,False,False,4135350,-5942785.120157082,False,False,False,False,2130976.8587336633,False,False,False,False
2025-07-16 00:00:00+00:00,57.9134574149,59.2656960288,57.9035509049,59.032893044,2610979,,59.546329517251436,59.39981769352101,53.86524675307425,53.467957779961225,53.28413447866369,53.121064688707726,52.93498107288363,52.79401407435892,51.89415230946559,58.87392329009245,51.775694594787225,50.82014572107762,50.74817814355696,50.252034135022946,49.65805870401309,49.546042869712586,49.724097949995326,49.772398002056065,49.6976992053113,55.98293001259847,52.470770044340995,52.820947981498776,#000000,0.0,0.0,4.207301243976546,53.128561453580105,1.1372838985965825,0.0,0.0,0.0,0.0,-1.0,59.013080024,58.0050926323,887.0,50.212411542037955,7.6594955455463705,False,True,False,False,False,5.550906678160906,0,1.0169131195941352,0.9304492902763853,False,False,False,False,0.02741871493122232,0.08590408291458754,False,False,False,False,1524371,-5649955.468386216,False,False,False,False,2149800.472116657,False,False,False,False
2025-07-17 00:00:00+00:00,57.774766275,58.0050926323,57.2299082254,57.4577579552,1731496,,59.48291355987036,59.35559315616536,53.89294488678142,53.495607206819166,53.310976968514765,53.14759212582326,52.961789444973995,52.82115236420069,51.92278542993089,58.813726463778316,51.804441163433594,50.848165542143875,50.77596719248138,50.279108629611244,49.684260348543475,49.56913940864318,49.74509023071969,49.79130404598243,49.71610690149061,56.00143662765613,52.49878407778571,52.82744058311068,"rgba(239, 83, 80, 1.0)",0.0,0.0,4.125075040336485,53.534404680360964,1.0279477471743506,0.0,0.0,0.0,0.0,0.0,0.0,0.0,0.0,46.58405950743287,4.226365413948642,False,True,False,True,False,5.219983395574502,0,1.0130823995870122,0.9434177859060865,False,False,False,False,-0.04594113269166336,0.019981475111462088,False,False,False,False,-207125,-5436511.136292639,False,False,False,False,2133396.3751709056,False,False,False,False
2025-07-18 00:00:00+00:00,59.4489664637,60.370271893,58.3097178146,58.6069131143,2566904,59.37631872376666,59.477827703697535,59.35634995910185,53.95149218540294,53.55241864628411,53.36551455139351,53.200979906584735,53.015181756580006,52.874797465277744,51.97716415468922,58.852548284278946,51.85879398537933,50.89957065966045,50.826851669232916,50.328067664560656,49.73102295214568,49.61030070901171,49.782664699337865,49.82520032691,49.74906109729276,56.05544417786717,52.553285610222886,52.8404142485602,"rgba(239, 83, 80, 1.0)",0.0,0.0,4.053875374633133,53.62747698961782,1.4360306955931068,0.0,0.0,0.0,0.0,1.0,58.4880349944,58.0050926323,895.0,48.25858465571302,4.226365413948642,False,True,False,True,False,8.581082195765735,0,1.0244936147929364,0.9074124797397581,False,False,False,False,0.08488223518875589,0.05243185515010899,False,False,False,False,2359779,-5130774.268202731,False,False,False,False,2150396.674183811,False,False,False,False
2025-07-21 00:00:00+00:00,58.6861651943,59.4687794837,58.4880349944,59.4687794837,1191682,59.21927283415444,59.46489415133426,59.34842592708359,53.97580668224053,53.57621028133208,53.38844251256827,53.22349210981908,53.03776143742048,52.89753009729357,52.00046861918809,58.853431248767464,51.88211769025417,50.92184315158535,50.848913820398515,50.34938369577184,49.75147239117556,49.62832933004559,49.79911362939031,49.84004340866243,49.763500533784786,56.07628116424055,52.576479749294755,52.845964668816386,"rgba(239, 83, 80, 1.0)",0.0,0.0,3.9662913928005397,53.644310340780955,1.2711761074011936,0.0,0.0,0.0,0.0,0.0,0.0,0.0,0.0,47.790612096373785,4.226365413948642,False,True,False,True,False,6.750379039871383,0,1.0268984113845154,0.9268015114155593,False,False,False,False,0.057328573153034475,0.05488021415157173,False,False,False,False,1168097,-4883759.70866537,False,False,False,False,2112800.02029425,False,False,False,False
2025-07-22 00:00:00+00:00,59.4687794837,59.6817694485,58.8644823741,58.9140149241,1202098,59.24812670437788,59.46218698074388,59.348259195650996,54.00235619948005,53.602046229577006,53.41328837852173,53.24784223503395,53.06213206864189,52.92202724461728,52.02536995305879,58.86815406289311,51.90701602494472,50.94546852970716,50.87230694563862,50.371925576151554,49.77303692713283,49.64734005104563,49.81647874006604,49.855721945240695,49.77874831245302,56.100368297044994,52.60138981811409,52.85197679810473,#000000,0.0,0.0,3.8893436961674315,53.669095214050984,1.4911729902821487,0.0,0.0,0.0,0.0,1.0,59.5876576036,59.4687794837,891.0,49.1465635686533,4.226365413948642,False,True,False,False,False,8.280318324289013,0,1.0650724722239995,0.9129542173307049,False,False,False,False,0.07977823586126978,0.06732922500642076,False,False,False,False,2370195,-4599290.896560846,False,False,False,False,2077086.2155768285,False,False,False,False
2025-07-23 00:00:00+00:00,60.1127026332,61.4005489322,59.5876576036,59.6966292135,1935637,59.56215993224484,59.49231515202274,59.37468239816816,54.052693961719235,53.65053752278593,53.45973271664689,53.293199853162406,53.10734723828208,52.96734501275301,52.070703428727484,58.93801431503333,51.95226141528821,50.98786139790092,50.914249085151,50.412123100143546,49.8112695684159,49.6810280760944,49.847314154523225,49.88358605328718,49.80582962760958,56.15050152687541,52.64718268722539,52.86316576425982,#000000,0.0,0.0,3.8319624482075327,53.73165467437984,1.665216725128663,0.0,0.0,0.0,0.0,0.0,0.0,0.0,0.0,51.31060733418387,4.226365413948642,False,True,False,False,True,9.512828114159941,0,1.0675114599971791,0.8664599211271329,False,False,False,False,0.16312356123114516,0.11522639311878297,False,False,False,False,4305832,-4250070.390813362,False,False,False,False,2071539.187514992,False,False,False,False
2025-07-24 00:00:00+00:00,59.7263487435,60.2513937731,59.5282185436,59.8254138434,1412483,59.60859675409724,59.50045210393906,59.383239178762764,54.08587630365587,53.6827199577687,53.49065602547302,53.323475041941094,53.13759964595752,52.9977168033773,52.10137458195709,58.967530209859476,51.982907063861525,51.0168166206903,50.942913933863,50.439697082649204,49.83759875498319,49.70426132415546,49.868570568002724,49.902799693910794,49.82451385389248,56.18182797318684,52.677981562092405,52.87073263144861,#000000,0.0,0.0,3.662457122521037,53.76306823242423,1.6282185187661573,0.0,0.0,0.0,0.0,0.0,0.0,0.0,0.0,51.83949696624755,4.226365413948642,False,True,False,False,True,8.567679870801953,1,1.0590498939529738,0.8923343670194855,False,False,False,False,0.05946778043958411,0.08734708677918354,False,False,False,False,2893349,-3969936.2970559755,False,False,False,False,2045693.8468281296,False,False,False,False
2025-07-25 00:00:00+00:00,59.5282185436,59.6867227035,59.082425594,59.4687794837,986946,59.589895541828135,59.4993433938778,59.383869802475004,54.10722789486226,53.70354933689919,53.51072497074625,53.34316501774559,53.157315214509744,53.01753859356085,52.121553190749054,58.977975967933844,52.00308775648491,51.036017168709535,50.961931419375155,50.45804628750103,49.855175826519336,49.719789087706644,49.88277128797754,49.915638149765286,49.837004123506055,56.201023506776444,52.698143018384656,52.87570482404381,#000000,0.0,0.0,3.478760877673897,53.7795172691652,1.6525140636509397,0.0,0.0,0.0,0.0,0.0,0.0,0.0,0.0,51.71526141687226,4.226365413948642,False,True,False,False,True,8.08147332774459,1,1.0274936954407918,0.9319929962764765,False,False,False,False,0.00849913066923508,0.04792310872420931,False,False,False,False,1906403,-3739491.6187400552,False,False,False,False,2004174.323423105,False,False,False,False
2025-07-28 00:00:00+00:00,59.052706064,59.2557895188,58.5871000943,59.1616776739,998572,59.529298552973174,59.490674369700926,59.37851152538797,54.1267777643089,53.72276464727452,53.529301465485325,53.36143936595251,53.175661718640235,53.03601819524679,52.14055911114434,58.977691964549074,52.022117998446205,51.05427879705367,50.98002976772025,50.475572934884525,49.87203006953216,49.73469601087616,49.89639551836759,49.92795663970269,49.84899473884228,56.21744064390069,52.71701294783512,52.880369960945785,#000000,0.0,0.0,3.2428804382697245,53.79086921581851,1.62258120468635,0.0,0.0,0.0,0.0,0.0,0.0,0.0,0.0,50.48926639148213,4.226365413948642,False,True,False,False,True,6.914321224637948,1,1.0165459703384878,0.9301483509549887,False,False,False,False,-0.05675748805908965,-0.004417189667440171,False,False,False,False,907831,-3557243.6729071117,False,False,False,False,1964738.9381908264,False,False,False,False
2025-07-29 00:00:00+00:00,59.8650398834,59.9046659233,58.8694356291,58.9437344541,1690234,59.531707691157344,59.49216377114275,59.38207096953915,54.16344478423734,53.75854209509871,53.56378944017568,53.39528234372378,53.20954421289603,53.070077913741784,52.17520928009268,58.998311706667295,52.056770137783495,51.08725525837544,51.012694247762475,50.50709511086479,49.90223105890503,49.76140080534159,49.92083560957343,49.950067307086876,49.870508391687714,56.250573668182724,52.75164250165815,52.88900280408054,#000000,0.0,0.0,3.0568461754658602,53.820600886090446,1.977344835282197,0.0,0.0,0.0,0.0,0.0,0.0,0.0,0.0,51.59948048551473,4.226365413948642,False,True,False,False,True,8.541811148002594,1,1.0167508821738958,0.9248665169875088,False,False,False,False,-0.009162648901243896,-0.006789919284342034,False,False,False,False,2598065,-3315859.0190676176,False,False,False,False,1953974.0386539313,False,False,False,False
2025-07-30 00:00:00+00:00,58.7951368042,59.4440132087,58.4682219744,59.3598078737,1881429,59.44632681995092,59.47512064302974,59.371012039531415,54.19886723703069,53.79347958104527,53.59763438963725,53.4286223517746,53.24304839469335,53.10384557090577,52.210063439923694,58.99459311807912,52.09168445174807,51.12089068233451,51.04604037655297,50.53944508736614,49.9333975046718,49.7890109897626,49.946084908854594,49.972916353286884,49.89275740787717,56.27963165743993,52.786164480513214,52.897659004061865,#000000,0.0,0.0,2.835295263788433,53.84134288094087,1.747188021835871,0.0,0.0,0.0,0.0,-1.0,58.8694356291,58.8446693541,899.0,49.84881064882977,4.226365413948642,False,True,False,False,True,5.9415446982159,1,0.9996985349807499,0.9238286914244612,False,False,False,False,-0.0654062811667565,-0.03609810022554926,False,False,False,False,716636,-3157721.9594963384,False,False,False,False,1951129.1351773068,False,False,False,False
2025-07-31 00:00:00+00:00,58.7654172742,58.8446693541,58.3146710696,58.4583154644,1857982,59.3512366849212,59.451990982366894,59.354772327580726,54.23142085651313,53.825780911281655,53.629015989188204,53.459602714065035,53.27424285544021,53.135327794190005,52.242802653598744,58.981568166576345,52.12450856522627,51.15271993345157,51.07761114841292,50.57015923761525,49.963075373635036,49.815338070128455,49.97015838671145,49.99471060413866,49.913988762189724,56.3049166023575,52.818440083394776,52.90581259457903,#000000,0.0,0.0,2.7101571354382217,53.85807711228074,1.810721635934132,0.0,0.0,0.0,0.0,0.0,0.0,0.0,0.0,48.61643311111597,4.1040188439883565,False,True,False,False,True,5.87019799723997,1,0.9938400096358885,0.9354972954195044,False,False,False,False,-0.11976073595766724,-0.07792941809160825,False,False,False,False,-1141346,-3078648.3924572663,False,False,False,False,1947476.3063468242,False,False,False,False
2025-08-01 00:00:00+00:00,58.0125225148,58.6960717043,57.6063556051,58.5078480144,1521922,59.2412568234864,59.42205416700584,59.332388423694645,54.2545315536197,53.84900818525648,53.65171120386474,53.48210698606923,53.29699986608617,53.15836300932293,52.26714471911726,58.95585201426633,52.14895782289665,51.176738249930686,51.1014559629171,50.59348394709433,49.98574118554178,49.8354828837442,49.988564393292485,50.01137856147622,49.93023874392619,56.32056386467998,52.84220205187609,52.91185097225309,"rgba(239, 83, 80, 1.0)",0.0,0.0,2.60519234976054,53.865419046660065,1.5918607578135715,0.0,0.0,0.0,0.0,0.0,0.0,0.0,0.0,46.17457349397541,1.5597005944990627,False,True,False,True,False,4.0685398559004256,1,0.9703262776502218,0.9506585547302886,False,False,False,False,-0.16894122550858184,-0.12343532180009505,False,False,False,False,-2663268,-3062358.9653020795,False,False,False,False,1930787.9021763604,False,False,False,False
2025-08-04 00:00:00+00:00,58.5078480144,58.6564456643,57.9629899648,58.0719615747,920187,59.19741588568858,59.408181002491204,59.322140216196296,54.26934476351792,53.86381572681882,53.6661495082158,53.49639890144868,53.311424598799036,53.17294404100797,52.282442759614455,58.94574190499134,52.164311298586085,51.19174433456116,51.11634909862904,50.60802250850285,49.99983931235444,49.84801271990421,50.00002264019895,50.02175922698718,49.9403570040166,56.33130896420655,52.8571995986501,52.91568511777244,"rgba(239, 83, 80, 1.0)",0.0,0.0,2.4973046998949027,53.872425994621935,1.856169981970218,0.0,0.0,0.0,0.0,0.0,0.0,0.0,0.0,45.93264000608344,1.117189538674694,False,True,False,True,False,5.113755548393144,1,0.9611190461133021,0.9654822189383085,False,False,False,False,-0.1506652208011334,-0.13705027130061423,False,False,False,False,-1743081,-3010622.5745059196,False,False,False,False,1891156.4942478756,False,False,False,False
2025-08-05 00:00:00+00:00,58.5771935844,58.993267004,57.8837378849,58.5573805644,1447169,59.144830358251696,59.3893178282032,59.30826534085767,54.293039670090636,53.887466155280606,53.689200081110904,53.519205770336626,53.33442979326662,53.19618818734615,52.30677494106246,58.9334429310579,52.18872591502388,51.215574175162054,51.13999815922952,50.63109681526319,50.022202916132244,49.86789492036237,50.018213340186975,50.03824504949905,49.95642587254889,56.34887093438811,52.88108484199439,52.92182429416542,"rgba(239, 83, 80, 1.0)",0.0,0.0,2.4160195265905693,53.88513994462429,1.9420594859169142,0.0,0.0,0.0,0.0,0.0,0.0,0.0,0.0,45.96753483126203,0.8716870234264746,False,True,False,True,False,5.260562770239904,1,0.9615960493900424,0.958739519298294,False,False,False,False,-0.13588972037987565,-0.13646999584024494,False,False,False,False,-295912,-2904163.336290001,False,False,False,False,1873745.2199636453,False,False,False,False
2025-08-06 00:00:00+00:00,57.4082254053,58.9437344541,57.4082254053,58.0521485548,3037148,58.98060347202802,59.32892067625056,59.261615820352645,54.33532804961848,53.930321223754845,53.7312533300654,53.56103180621435,53.376830113763894,53.239176215995705,52.35261359539732,58.87971261879743,52.23481518947905,51.26123669972979,51.18536166649704,50.67563520453209,50.06564951549689,49.90661015766076,50.05360802878311,50.07033645936455,49.987733656573916,56.37531018040042,52.92557349977716,52.93336119524513,"rgba(239, 83, 80, 1.0)",0.0,0.0,2.301764536711608,53.89996594433406,1.5241608796258441,0.0,0.0,0.0,0.0,-1.0,57.8837378849,57.5964490951,913.0,43.432547699591176,-1.7829980056838863,False,True,False,True,False,2.4615816509496256,1,0.9547945551004454,0.9612001632267971,False,False,False,False,-0.16607852310451757,-0.15127425947238127,False,False,False,False,-3333060,-2920982.813298236,False,False,False,False,1919368.8583964435,False,False,False,False
2025-08-07 00:00:00+00:00,55.189167167,57.5964490951,54.5848700575,57.3586928553,6070189,58.30629324802314,59.06025321255229,59.04313622255817,54.36845766705265,53.96900258665951,53.77135856307031,53.60258544761341,53.420619684683984,53.28474480634357,52.40781736751392,58.58368327891702,52.291054191868895,51.322057747050884,51.24612629681687,50.73734280663036,50.12790424114292,49.96261061047943,50.10450899412189,50.116506651612205,50.03297004351253,56.35627065563539,52.97524517147907,52.946479859227956,"rgba(239, 83, 80, 1.0)",0.0,0.0,2.203752838612331,53.84961079254915,0.6078523648297822,0.0,0.0,0.0,0.0,-1.0,57.4082254053,55.5111287417,903.0,38.4405720871779,-6.575000698471406,False,True,False,True,False,0.0,0,0.9039966553275873,0.9968152184419578,False,False,False,False,-0.34282825441539394,-0.2470512569438876,False,False,False,False,-9403249,-3175189.330423795,False,False,False,False,2082146.1188514852,False,False,False,False
2025-08-08 00:00:00+00:00,55.169354147,55.5111287417,54.1588901278,55.4170168968,3801098,57.913599380802346,58.87355397425194,58.88780764615659,54.376583885553565,53.98156896281383,53.78551911005891,53.61809139575677,53.4377617126806,53.30312666576476,52.4330918618283,58.377804793632784,52.31709847434068,51.35228264217402,51.27645219081394,50.76890462598044,50.16049615503073,49.99213920116994,50.13126341731711,50.140797284021716,50.05684045094822,56.328119327911246,52.99641886505536,52.952214347027436,"rgba(239, 83, 80, 1.0)",0.0,0.0,2.134365781569899,54.051875807289,0.5235645873637721,0.0,0.0,0.0,0.0,0.0,0.0,0.0,0.0,35.0885930979765,-9.647234333675655,False,True,False,True,False,0.0,0,0.891480743173279,1.0243695790398166,True,False,False,False,-0.34282825441539394,-0.29493975567964076,False,False,False,False,-13204347,-3568489.6311914898,True,False,False,False,2149555.996543584,False,False,False,False
2025-08-11 00:00:00+00:00,55.7835577665,56.6949566858,55.119821597,55.9024358864,2285607,57.779151917188955,58.79366316410353,58.82045223805324,54.38907053263278,53.99602560428082,53.80048662110933,53.63358064649073,53.45405593617085,53.32006196542523,52.45352137372682,58.29513168895525,52.33790637461129,51.37480397161855,51.29895885140292,50.7917839025788,50.18360751300421,50.012991692819995,50.15025448129799,50.158058707460995,50.07376111175178,56.322637880464654,53.0148348565204,52.95722954545448,"rgba(239, 83, 80, 1.0)",0.0,0.0,2.037217631006166,54.06041241329463,0.8458327313583708,0.0,0.0,0.0,0.0,0.0,0.0,0.0,0.0,34.74963369737112,-9.909906526408896,False,True,False,True,False,0.0,0,0.9182255685918678,1.0028030308607943,False,False,False,False,-0.24325384850673712,-0.2690968020931889,False,False,False,False,-10918740,-3856734.7436937843,False,False,False,False,2154891.330012463,False,False,False,False
2025-08-12 00:00:00+00:00,55.5259885067,55.9420619264,54.7780470023,55.7736512565,2678230,57.61026634836952,58.69167932949664,58.73377637289761,54.39905374984312,54.00867028206782,53.81398567170671,53.64785115523853,53.46935671408651,53.33616065103652,52.474031687856545,58.188185414738356,52.358904754140184,51.39828976584229,51.322477198860575,50.81597505765194,50.20832250296988,50.03537138775513,50.17060611360546,50.176566529416306,50.09193023439305,56.31019748836961,53.032751624931514,52.96217710573301,"rgba(239, 83, 80, 1.0)",0.0,0.0,1.9614796230653508,54.047204275891474,0.7539126144463955,0.0,0.0,0.0,0.0,0.0,0.0,0.0,0.0,34.122327003032254,-10.580306540092202,False,True,False,True,False,0.0,0,0.9214032251359825,1.0018095034097934,False,False,False,False,-0.2933700195109709,-0.2812334108020799,False,False,False,False,-13596970,-4238704.753745008,False,False,False,False,2175414.4151100134,False,False,False,False
2025-08-13 00:00:00+00:00,56.3482288361,56.6850501758,55.7439317266,55.8429968265,1711844,57.55125633133344,58.64563012683654,58.694157610278396,54.41054690954402,54.021412097650106,53.82698015930607,53.66115037564351,53.48319821076254,53.350444575871826,52.49071102079019,58.14345586025979,52.37584044237833,51.41628159522129,51.34043896676333,50.83411727401025,50.226537485966986,50.051807003693554,50.185611393368106,50.190222247448,50.10530909599737,56.30975329144869,53.04806987095291,52.9664130279363,"rgba(239, 83, 80, 1.0)",0.0,0.0,1.8827681910357272,54.05463624454791,1.2182023270163524,0.0,0.0,0.0,0.0,0.0,0.0,0.0,0.0,36.174368466527966,-10.580306540092202,False,True,False,True,False,0.1955569160455397,0,0.920300756804452,1.007306692329061,False,False,False,False,-0.2156652530304722,-0.24844933191627605,False,False,False,False,-11885126,-4538564.41046089,False,False,False,False,2157235.183144915,False,False,False,False
2025-08-14 00:00:00+00:00,56.3779483661,56.417574406,55.7340252166,55.7736512565,1715113,57.49362513014148,58.5996722699914,58.65441202403342,54.42141251489231,54.03356868429741,53.83942443301188,53.67392070353582,53.49652071987718,53.36421421785372,52.50691255186689,58.09879959178622,52.39230400523938,51.43386968231796,51.35800457528287,50.851898486926444,50.24442935711373,50.06796932973431,50.200367991269,50.20365741057671,50.118476374341164,56.308603514728226,53.06288133513046,52.97054000375305,"rgba(239, 83, 80, 0.75)",0.0,0.0,1.8472639069733443,54.059117661625066,1.2552785206929256,0.0,0.0,0.0,0.0,0.0,0.0,0.0,0.0,37.6293869865664,-10.580306540092202,False,True,False,True,True,0.26216106474713996,0,0.9157234144345369,1.0092199528627501,False,False,False,False,-0.22808221090645506,-0.23826577141136557,False,False,False,False,-10170013,-4759405.531619286,False,False,False,False,2139897.0583157027,False,False,False,False
2025-08-15 00:00:00+00:00,56.5958915859,56.8435543357,56.1302856163,56.477013466,1677710,57.45539992819652,58.5625423882261,58.62200183857105,54.43398690235806,54.047230880134755,53.85325756958,53.68800111440405,53.51109539735186,53.37919906759743,52.52410802045936,58.06456935770202,52.40973409862305,51.45219755244191,51.376291651655755,50.870302972456656,50.26284413909543,50.084589584038724,50.2155660282236,50.21750089249085,50.1320353886815,56.31040020221488,53.07883308766129,52.97500221680394,"rgba(239, 83, 80, 0.75)",0.0,0.0,1.8351577208609562,54.068094626561184,1.3774276350225148,0.0,0.0,0.0,0.0,0.0,0.0,0.0,0.0,39.27427018829299,-10.580306540092202,False,True,False,True,True,0.756819937592347,0,0.9185260587377265,1.015660206455086,False,False,False,False,-0.1914604957801418,-0.21486313359575368,False,False,False,False,-8492303,-4905793.667634216,False,False,False,False,2121772.0756366556,False,False,False,False
2025-08-18 00:00:00+00:00,56.1699116562,56.6454241359,55.7835577665,56.447293936,1421523,57.4148401710067,58.52727605401976,58.591185499813456,54.44289188938063,54.05719234598713,53.863460126162494,53.698473645716014,53.52202012826183,53.39048946791208,52.53739321886189,58.030859601494925,52.42323508137059,51.46663932076469,51.390717382500625,50.88491648246578,50.2775604690496,50.09790065414458,50.22772852000482,50.22858355766179,50.14289964679357,56.309620107824315,53.09097526184427,52.97843025860989,"rgba(239, 83, 80, 0.75)",0.0,0.0,1.8324560168147777,54.07100793091989,1.1454046951306796,0.0,0.0,0.0,0.0,0.0,0.0,0.0,0.0,39.4030505084759,-10.580306540092202,False,True,False,True,True,0.0,0,0.9076664668383199,1.0170098481321062,False,False,False,False,-0.2156652530304722,-0.21526419331311294,False,False,False,False,-9913826,-5102187.092432874,False,False,False,False,2094311.327572473,False,False,False,False
2025-08-19 00:00:00+00:00,56.2590702462,56.8187880607,56.0807530663,56.1897246762,1180823,57.38796321819902,58.50105658014358,58.5681280628727,54.45099940568045,54.06611176015496,53.872539377839644,53.70775071815976,53.53165538411746,53.40041795909952,52.54891459417307,58.006530576882376,52.43492755154896,51.47903935816698,51.40309739442613,50.897418762096756,50.29011297357764,50.10925058872662,50.23810852940843,50.238045151966254,50.152171859127826,56.31006552070981,53.10159089476291,52.9814369209066,"rgba(239, 83, 80, 0.75)",0.0,0.0,1.8232544119020788,54.07517305655561,1.1978016756126044,0.0,0.0,0.0,0.0,0.0,0.0,0.0,0.0,39.79989426929241,-15.060452539965908,False,True,False,True,True,0.0,0,0.9286671399942532,1.0074036167359437,False,False,False,False,-0.1947475172333171,-0.20500585527321502,False,False,False,False,-8733003,-5244572.029984526,False,False,False,False,2058488.2559029644,False,False,False,False
2025-08-20 00:00:00+00:00,56.506732996,57.0317780256,56.1401921263,56.6157046059,1428452,57.36258144455995,58.47271513885413,58.543037381859456,54.46158773663042,54.077610225864916,53.88418716280467,53.719608901894745,53.54392759328742,53.4130332190488,52.56338577226026,57.98109246074663,52.44959671113676,51.49448350268876,51.41851001925125,50.91294244263306,50.30565895011553,50.12330376787922,50.25097140681034,50.24977378627383,50.16366269786033,56.311808679212845,53.115014651730945,52.98525186081444,"rgba(239, 83, 80, 0.75)",0.0,0.0,1.8122829767888435,54.08199066724329,1.3379490729715242,0.0,0.0,0.0,0.0,0.0,0.0,0.0,0.0,40.95780547632087,-13.714161672625622,False,True,False,True,True,0.5640250820475821,0,0.9203206747245506,1.018817815858014,False,False,False,False,-0.18271485133914508,-0.19386035330618007,False,False,False,False,-7304551,-5325355.519004742,False,False,False,False,2033780.951749907,False,False,False,False
2025-08-21 00:00:00+00:00,57.0714040655,57.0714040655,56.2392572262,56.3086027961,1985414,57.33935762219571,58.439332521198246,58.513188302739124,54.477754161833616,54.094910160704124,53.901613899252155,53.737275031415805,53.562133871340805,53.43169492528856,52.584496699881214,57.95277820547421,52.47096626270644,51.51678054987827,51.44074971436684,50.93526809075866,50.3279440500619,50.14344279100057,50.26942410836283,50.26660643382366,50.18014855259215,56.31644624424616,53.13475846766595,52.990887699524386,"rgba(239, 83, 80, 0.75)",0.0,0.0,1.7825668833426689,54.094550870427994,1.6699812068144164,0.0,0.0,0.0,0.0,0.0,0.0,0.0,0.0,43.65172394048315,-10.984140340011805,False,True,False,True,True,1.8913505615605253,0,0.9258860078624349,1.0171025957012434,False,False,False,False,-0.17660938338065724,-0.18523486834341865,False,False,False,False,-5319137,-5325111.6555143595,False,False,False,False,2031884.2085440285,False,False,False,False
2025-08-22 00:00:00+00:00,57.3586928553,57.5865425851,56.9426194356,57.0218715156,1314005,57.33821508936816,58.424479755021395,58.499593265650155,54.49062285152486,54.108345834230754,53.91501470039289,53.750757368887605,53.57592555049693,53.44575980271674,52.60000523304369,57.94257062144869,52.48662272058768,51.53282826377252,51.45673827226687,50.95120877648573,50.34374735499349,50.157705541050895,50.28251461731373,50.27855222213849,50.1918389748013,56.32264134325656,53.14948581367343,52.9950995627404,#000000,0.0,0.0,1.755726797474972,54.10735448423842,1.8518475515311068,0.0,0.0,0.0,0.0,0.0,0.0,0.0,0.0,46.361960569890925,-8.345911318838482,False,True,False,False,True,2.5619426293019814,0,0.9496753559851193,1.000373996395749,False,False,False,False,-0.12347359164207586,-0.15435422999274725,False,False,False,False,-4005132,-5273347.747454973,False,False,False,False,2003732.0827187726,False,False,False,False
2025-08-25 00:00:00+00:00,57.725233725,59.003173514,56.9624324556,57.2596277554,2455521,57.36440989070164,58.41197727488696,58.48727232858228,54.51944360180947,54.137830789886,53.94417713836774,53.77990535278468,53.605547224218284,53.475830846315375,52.63238876511628,57.94128302464095,52.51923205178905,51.56568199645614,51.489434937135215,50.98358595923595,50.375624551780966,50.1864381141889,50.30893204751183,50.302669761791336,50.215422044350476,56.34103101936777,53.18067842531065,53.004045127339595,#000000,0.0,0.0,1.7292243676665944,54.50898315638553,1.8599382640868405,0.0,0.0,0.0,0.0,0.0,0.0,0.0,0.0,49.29761090387167,-5.574129577054229,False,False,False,False,True,3.4167703360461594,0,0.9417188949628591,0.9802847171495925,False,False,False,False,-0.061691026340912766,-0.10802262816683,False,False,False,False,-1549611,-5127318.8553979155,False,False,False,False,2021449.2951611737,False,False,False,False
2025-08-26 00:00:00+00:00,58.0026160048,58.1413071447,57.3785058753,57.695514195,1605590,57.37857960735508,58.40326116972197,58.47874430996776,54.537717494087175,54.156578984723076,53.962748155889926,53.798486879664225,53.6244468061541,53.49502776887385,52.65312660374779,57.93946254131978,52.54012221487418,51.58679240088581,51.51044962559532,51.004423107729465,50.39616850210558,50.20497444191414,50.325979646583534,50.31824112762711,50.230652267485134,56.35239940518763,53.20061349230632,53.00980981831159,"rgba(38, 166, 154, 0.5)",0.0,0.0,1.6469707251994166,54.52657779556593,2.1105646603482815,0.0,0.0,0.0,0.0,0.0,0.0,0.0,0.0,52.080128643933435,-3.0019598243305765,False,False,True,False,True,4.063188705200286,0,0.9319144743590292,1.033432221374295,False,False,False,False,-0.08079281287589277,-0.09440772052136139,False,False,False,False,55979,-4924052.272833291,False,False,False,False,2005141.0875077944,False,False,False,False
2025-08-27 00:00:00+00:00,57.6261686251,58.2007462046,57.4775709752,57.695514195,2463343,57.39558159805283,58.388732027569645,58.46464793881958,54.56475808894727,54.18441682694395,53.990371379377116,53.82616047934568,53.65262341827866,53.523667286245995,52.684183023701436,57.934829386102514,52.57142065965627,51.61853285542996,51.54205507878765,51.035809906160985,50.427163295891,50.232970615403445,50.351733664989766,50.34177699479375,50.2536790719043,56.36867477210311,53.230395360425106,53.01849491149023,"rgba(38, 166, 154, 0.5)",0.0,0.0,1.5910581576152454,54.55068212084884,1.9329818269250743,0.0,0.0,0.0,0.0,0.0,0.0,0.0,0.0,52.47139895721416,-2.6482012375784834,False,False,True,False,True,3.0866739393789047,0,0.8995739657624889,1.0696899119008274,False,False,False,False,-0.029490532786459595,-0.06194912665391049,False,False,False,False,-2407364,-4825358.6150751235,False,False,False,False,2023109.7899584693,False,False,False,False
2025-08-28 00:00:00+00:00,58.2700917746,58.3493438545,57.3388798353,57.8837378849,3321882,57.42840335932338,58.37668264193879,58.45217963064753,54.602946852559604,54.223526383272684,54.02910586176515,53.86490353507395,53.69199935842637,53.56363810875046,52.72724103976239,57.93663377957098,52.61478415686143,51.66232182537336,51.58564807622301,51.07903276711151,50.46977890962234,50.27148012117623,50.38719501950871,50.37420579634695,50.2854036163853,56.39336609273033,53.27184697494395,53.030692025580976,"rgba(38, 166, 154, 1.0)",0.0,0.0,1.546779091903807,54.59082735081463,2.37866185484629,0.0,0.0,0.0,0.0,0.0,0.0,0.0,0.0,54.68566909669747,-0.5022923032860973,True,False,True,False,True,4.6042641828038775,0,0.9090143594419848,1.031651141879662,False,False,False,False,-0.02899461345505325,-0.04547187005448187,False,False,False,False,914518,-4600265.414483942,False,False,False,False,2074042.03348951,False,False,False,False
2025-08-29 00:00:00+00:00,57.0813105755,58.3196243246,57.0714040655,58.1809331847,2417228,57.43082806364916,58.357801613028876,58.434291396133716,54.62621333677606,54.24780274784044,54.05335342018147,53.889310815606116,53.716951595602204,53.589068871809026,52.7552260097882,57.92550200382109,52.64303453962676,51.69134267301051,51.614574065587135,51.10791688958647,50.49846439207076,50.297478858775385,50.41112418590052,50.39610646559601,50.30685103562785,56.40542268946172,53.29843685069716,53.03864649346276,"rgba(38, 166, 154, 0.75)",0.0,0.0,1.5456260107274937,54.605783690551995,1.6016338155326622,0.0,0.0,0.0,0.0,-1.0,57.3388798353,57.2001886954,923.0,52.163289012835875,-0.5022923032860973,True,False,True,False,False,1.56062993737471,0,0.9029737884962308,1.0257164024987788,False,False,False,False,-0.04387949602197912,-0.044675683038230496,False,False,False,False,-1502710,-4478792.65313163,False,False,False,False,2087500.3066859997,False,False,False,False
2025-09-02 00:00:00+00:00,57.0614975555,57.2001886954,56.526546016,57.1209366155,2673787,57.410156932775735,58.32490310947569,58.40394360979357,54.646557781931726,54.269662766566434,54.07546585922591,53.91177971297907,53.74012383973393,53.612825412707224,52.78217626848758,57.8987319910284,52.67032973038675,51.720034049832265,51.643216567261824,51.13678163441256,50.52739708963548,50.323792434424696,50.43532207135742,50.418270695890094,50.32858434654422,56.41171397028402,53.32357474381328,53.0463069725299,#000000,0.0,0.0,1.5265798278285543,54.60959019718776,1.6061442144168088,0.0,0.0,0.0,0.0,-1.0,57.0714040655,57.0020584956,921.0,50.42348765060305,-0.5022923032860973,False,False,False,False,False,1.5108789167261207,0,0.9146294789616635,1.0413697591903441,False,False,False,False,-0.12778562871936547,-0.08623065587879798,False,False,False,False,-4176497,-4466937.921636273,False,False,False,False,2110491.9417179213,False,False,False,False
2025-09-03 00:00:00+00:00,56.2491637362,57.0020584956,56.1897246762,56.6454241359,2190925,57.379772850131744,58.29073592491835,58.37267353333846,54.65973504743182,54.28433124907872,54.09052153651076,53.927241441348805,53.75622483651435,53.629439304128695,52.80163809943006,57.868169145533486,52.69010669800131,51.74130411002776,51.66448292516616,51.158403922409015,50.54926194450756,50.343743511912315,50.453654560601,50.435075522159885,50.34508236530901,56.41238231607581,53.34138165663591,53.0518382189737,#000000,0.0,0.0,1.5292645999270187,54.60620928068728,1.0743428283052712,0.0,0.0,0.0,0.0,0.0,0.0,0.0,0.0,47.02250159727744,2.5878103106604797,False,False,False,False,False,0.0,0,0.9139837164737589,1.0278910000903048,False,False,False,False,-0.15508279039365655,-0.12065672313622727,False,False,False,False,-6367422,-4541466.709023086,False,False,False,False,2113646.1792976107,False,False,False,False
2025-09-04 00:00:00+00:00,56.447293936,56.526546016,55.2882322669,55.9222489064,2711129,57.32954471460883,58.241364046835265,58.327609768235774,54.67231776898732,54.29901503261576,54.10587215436823,53.94321306561772,53.77305216266005,53.646936035054736,52.82289669352068,57.82192010473658,52.71178902624804,51.765201976360785,51.68841493048436,51.18296126021891,50.57431901801288,50.366683895153216,50.47471732939478,50.45439850328544,50.36407574399915,56.408510617864565,53.3604164472158,53.05787648878746,"rgba(239, 83, 80, 1.0)",0.0,0.0,1.5351639441696026,54.850113619665116,1.0403972307979317,0.0,0.0,0.0,0.0,0.0,0.0,0.0,0.0,45.492523805565966,1.1607422117145276,False,True,False,True,False,0.0,0,0.9138157112797745,1.0205752957830787,False,False,False,False,-0.22652175888244666,-0.17358924100933698,False,False,False,False,-3656293,-4506754.014551593,False,False,False,False,2137076.8781486847,False,False,False,False
2025-09-05 00:00:00+00:00,55.9024358864,57.1506561455,55.6943991766,56.467106956,2574818,57.29108755210045,58.1998519425102,58.289401416062674,54.685407378396235,54.31398269235085,54.12140681807716,53.95929281862881,53.7899117725304,53.66441054235854,52.8438214879682,57.78406184682716,52.73310137138557,51.78849684290545,51.711732372146685,51.20682043012804,50.59859954321401,50.38891330642398,50.49514829541369,50.47315167639721,50.382504899073744,56.406728078430305,53.37930973599453,53.06389407183037,"rgba(239, 83, 80, 1.0)",0.0,0.0,1.552598899613868,54.84933413588347,0.6782832003671001,0.0,0.0,0.0,0.0,0.0,0.0,0.0,0.0,43.048687131250716,-1.1654268532691958,False,True,False,True,False,0.0,1,0.9342711869335935,0.9994468336818142,False,False,False,False,-0.17289614161217992,-0.17324269131075845,False,False,False,False,-6231111,-4574375.857118198,False,False,False,False,2154243.196652658,False,False,False,False
2025-09-08 00:00:00+00:00,56.7841152758,56.9624324556,56.0807530663,56.0807530663,2980986,57.26409454822859,58.16238011673738,58.2543848160612,54.70371924644719,54.33419716774691,54.142108314054745,53.980513778880436,53.81196157540323,53.68712745013801,52.87025717676663,57.75220529908979,52.7599503887524,51.81731782780858,51.74054997198643,51.23611598693422,50.62822616644168,50.416008262112754,50.52009071619573,50.49605559996608,50.40499776672972,56.40931552442014,53.4035819656312,53.07161668050859,"rgba(239, 83, 80, 1.0)",0.0,0.0,1.5609454933164437,54.86137576107387,1.2317787667530913,0.0,0.0,0.0,0.0,0.0,0.0,0.0,0.0,44.551774821849826,-1.1654268532691958,False,True,False,True,False,0.8361903269050508,1,0.9492794633948262,0.9903428603053971,False,False,False,False,-0.16270448940415422,-0.16797359035745635,False,False,False,False,-3250125,-4522444.450956699,False,False,False,False,2186664.483058436,False,False,False,False
2025-09-09 00:00:00+00:00,55.9222489064,57.2100952054,55.9222489064,56.9723389656,2844828,57.23087970984038,58.12256702220582,58.21727950901009,54.71855375363892,54.35101214424288,54.159516136228085,53.99849730871095,53.830776704023904,53.70659987870719,52.89342725979079,57.71687770467815,52.783536967398085,51.843041593475746,51.76629850650225,51.2624525985733,50.65502255853505,50.44058014479312,50.54270594332601,50.51684022031885,50.42542734986015,56.4086189604198,53.424573674008904,53.078420914181905,"rgba(239, 83, 80, 1.0)",0.0,0.0,1.5861465358443945,54.861589321948976,0.6687021409950471,0.0,0.0,0.0,0.0,0.0,0.0,0.0,0.0,43.32734947001217,-1.1654268532691958,False,True,False,True,False,0.0,1,0.9585966829530718,0.973611712078523,False,False,False,False,-0.15812927703930463,-0.1630514336983805,False,False,False,False,-6094953,-4584111.452879966,False,False,False,False,2212474.817056144,False,False,False,False
2025-09-10 00:00:00+00:00,56.8732738657,56.9921519856,55.9816879664,55.9816879664,2462908,57.212087142177715,58.094420764155636,58.19069066264629,54.73322570298302,54.36723761043731,54.17615666658842,54.01557102521445,53.84852581060978,53.72489066731359,52.914752554359296,57.69334653242803,52.8052017232796,51.86636852895089,51.789630152233585,51.28620772866269,50.67908616728752,50.46263293818956,50.5630278651434,50.535525023058725,50.443784620753725,56.410757822641706,53.44412586747774,53.08476252359358,"rgba(239, 83, 80, 1.0)",0.0,0.0,1.5939708022358028,54.8690359737303,1.257386828641047,0.0,0.0,0.0,0.0,0.0,0.0,0.0,0.0,45.38134516073163,-1.1654268532691958,False,True,False,True,False,1.0446167460871685,1,0.9484790752264594,0.993062863986156,False,False,False,False,-0.1662676523910611,-0.1646595430447208,False,False,False,False,-3632045,-4546775.51355134,False,False,False,False,2222295.726191197,False,False,False,False
2025-09-11 00:00:00+00:00,56.5859850759,57.1159833605,56.2887897761,56.7841152758,2922391,57.192900829961836,58.06339615533631,58.16118949560038,54.75077854154589,54.386594673792835,54.195993351185294,54.03591106164672,53.86965430105817,53.74665221543199,52.940064777113676,57.667881765649774,52.83091168072273,51.894029350026045,51.817296783763545,51.31437337511626,50.707616537112244,50.48879849897832,50.58715469826723,50.557721132961106,50.465593792814566,56.41381878856174,53.46736276318441,53.09235943640576,"rgba(239, 83, 80, 1.0)",0.0,0.0,1.6062743962399857,54.87858616613708,1.0629559393834855,0.0,0.0,0.0,0.0,0.0,0.0,0.0,0.0,45.989150968690446,-1.1654268532691958,False,True,False,True,False,0.33408494017933066,1,0.9401397926846634,0.9966885842755165,False,False,False,False,-0.14418921710782825,-0.15442438007627451,False,False,False,False,-6554436,-4625507.297333641,False,False,False,False,2249750.44281115,False,False,False,False
2025-09-12 00:00:00+00:00,56.417574406,56.8831803757,56.2689767562,56.457200446,2447670,57.173840074408616,58.03592488399892,58.13510912861649,54.76417550037749,54.40157405991105,54.211434686272895,54.05181097071969,53.88623136080284,53.76376719876253,52.96021445360619,57.644655305634565,52.85140414220455,51.91627807783018,51.839564536167174,51.33712467240759,50.730745703655565,50.510050084622904,50.60675259725795,50.575763824254736,50.483331921710544,56.41491724429776,53.48572512557399,53.09844843721538,"rgba(239, 83, 80, 1.0)",0.0,0.0,1.6201530575223226,54.88331043653809,0.9469870530678375,0.0,0.0,0.0,0.0,0.0,0.0,0.0,0.0,45.93951056856828,-1.1654268532691958,False,True,False,True,False,0.0,1,0.931152976533675,1.0167162985625435,False,False,False,False,-0.1571134607325174,-0.15576892040439594,False,False,False,False,-9002106,-4797138.619006832,False,False,False,False,2257511.994073458,False,False,False,False
2025-09-15 00:00:00+00:00,56.5661720559,56.7494424908,56.1203791063,56.7048631958,4564311,57.138801677257035,57.985795938927296,58.08734451942411,54.78800457163136,54.428377944229034,54.23914358165825,54.08039875027601,53.91608338253622,53.794618732486676,52.99672706529099,57.60214419366122,52.88855962162338,51.95680441627344,51.880140622922355,51.37866359505118,50.773060031355165,50.54899108669459,50.64268162593938,50.60886917096044,50.51589116430157,56.41608861801401,53.51888960292937,53.10959835980983,"rgba(239, 83, 80, 0.75)",0.0,0.0,1.631843487795231,54.890989584571926,1.026558296709812,0.0,0.0,0.0,0.0,0.0,0.0,0.0,0.0,46.39910472866516,-1.1654268532691958,False,True,False,True,True,0.2892456949888782,1,0.9122704107138332,1.022687199587202,False,False,False,False,-0.1716202807706424,-0.16369460058751917,False,False,False,False,-4437795,-4783046.712379113,False,False,False,False,2347974.700188224,False,False,False,False
2025-09-16 00:00:00+00:00,56.1798181662,56.6652371558,55.9420619264,56.6553306459,3150296,57.10933769143827,57.94833729924384,58.0517319696792,54.802013603049176,54.444568637770104,54.256067338043025,54.09799603934768,53.93458398262177,53.813823465289,53.01995106867165,57.569257449782285,52.91224506850884,51.98304040357084,51.90643688392846,51.405745108464735,50.80081046759235,50.574603568766946,50.666314919137086,50.63066877409194,50.53735040269786,56.41416350581414,53.53971267172333,53.11675993798404,"rgba(239, 83, 80, 0.75)",0.0,0.0,1.6479970929249341,54.891810082558514,0.7815596818532462,0.0,0.0,0.0,0.0,0.0,0.0,0.0,0.0,45.56354191188404,-1.1654268532691958,False,True,False,True,True,0.0,1,0.9029222061317334,1.0345531130716672,False,False,False,False,-0.18517343937119868,-0.17443401997935892,False,False,False,False,-7588091,-4893048.44914856,False,False,False,False,2379438.280573,False,False,False,False
2025-09-17 00:00:00+00:00,55.9519684364,56.5958915859,55.8132772965,56.1600051462,2809154,57.080553828184335,57.91358258322039,58.01869953786195,54.81308998927756,54.457657776917735,54.26987013629904,54.11243619289939,53.949845405431454,53.829719587305114,53.03948854771615,57.53822309758546,52.932203528118706,52.00539973472787,51.9288650503348,51.42894324701157,50.82468303383999,50.596684242580864,50.68669147023184,50.64947985904231,50.55587985510953,56.41091886845562,53.55706145828698,53.12283157993323,"rgba(239, 83, 80, 0.75)",0.0,0.0,1.6684578952391205,54.89047425728588,0.6362127459991965,0.0,0.0,0.0,0.0,0.0,0.0,0.0,0.0,44.35015294274153,-1.1654268532691958,False,True,False,True,True,0.0,1,0.8853162856095289,1.0577355083864437,False,False,False,False,-0.19544670028855513,-0.18494036013395704,False,False,False,False,-10397245,-5108899.294279989,False,False,False,False,2396289.8774132747,False,False,False,False
2025-09-18 00:00:00+00:00,55.7043056866,55.9717814564,55.149541127,55.7241187066,2042488,57.050048801366444,57.88215236853321,57.9890961906489,54.817919640112486,54.46415671951855,54.27703776276446,54.12016310692207,53.95822335117531,53.83858855852634,53.051205612244566,57.50863148647846,52.944254986659914,52.01950236252951,51.943049795838675,51.443842786291754,50.84024162719148,50.61115120582569,50.70002498867485,50.66180430286727,50.56804312315097,56.40452702859224,53.56704009351406,53.12647960721757,"rgba(239, 83, 80, 1.0)",0.0,0.0,1.689511717802754,55.09123243318395,0.36287008071975324,0.0,0.0,0.0,0.0,0.0,0.0,0.0,0.0,42.82982695241496,-2.643482662460734,False,True,False,True,False,0.0,1,0.8617659248113916,1.0826216477553665,False,False,False,False,-0.2561044936411439,-0.22052242688755047,False,False,False,False,-12439733,-5396382.969014107,False,False,False,False,2382415.2939853035,False,False,False,False
2025-09-19 00:00:00+00:00,56.0807530663,56.2590702462,55.3625310919,55.7637447465,2312986,57.02369644765222,57.852022817980576,57.96044747782354,54.82531421758787,54.47328523705059,54.286823814480364,54.13051681835986,53.969271299423106,53.8501666971727,53.06584768209182,57.48118642573985,52.959254778325466,52.036629571546754,51.960251846447875,51.46176282549496,50.85881137205004,50.628385771279426,50.71593118244516,50.676507352951965,50.58254124235536,56.40002332832983,53.579824623449504,53.13108274481125,"rgba(239, 83, 80, 1.0)",0.0,0.0,1.7052600493520877,55.094911273911315,0.5781181543326798,0.0,0.0,0.0,0.0,0.0,0.0,0.0,0.0,43.390592634425964,-2.643482662460734,False,True,False,True,False,0.0,1,0.8734747271119045,1.0670155047051555,False,False,False,False,-0.22196994427933517,-0.22124618558344283,False,False,False,False,-10126747,-5581887.440817475,False,False,False,False,2379692.5765741155,False,False,False,False
2025-09-22 00:00:00+00:00,56.467106956,56.5661720559,55.5160819967,55.9816879664,2227563,57.00553512348652,57.82793477569152,57.93727172132069,54.83418551093843,54.48368485953433,54.297766877693995,54.14194721311248,53.981331085492556,53.86271340831542,53.08119772851983,57.46019257917208,52.97493022954523,52.054176749933866,51.977854734664994,51.479974396782666,50.87756118565094,50.645761156181784,50.731987399717305,50.691350635787906,50.597166900635976,56.39817167253709,53.59348701364608,53.13595189505011,"rgba(239, 83, 80, 0.75)",0.0,0.0,1.7111429108621048,55.10251190318652,0.7974757947750706,0.0,0.0,0.0,0.0,0.0,0.0,0.0,0.0,45.26909824904804,-2.643482662460734,False,True,False,True,True,0.1330810225001997,1,0.9058786298077735,1.0421045356493712,False,False,False,False,-0.1944663709733286,-0.2078562782783857,False,False,False,False,-7899184,-5672761.815687379,False,False,False,False,2373726.710826111,False,False,False,False
2025-09-23 00:00:00+00:00,55.8429968265,56.7543957458,55.7934642765,56.7147697058,3644581,56.975651530631005,57.78876965652947,57.899525721560096,54.84789393349425,54.499909266236976,54.314907139562976,54.15989971834705,54.00031487240511,53.88249211154626,53.10556671878437,57.42590858105145,52.99983414966096,52.08220483137695,52.005983100297854,51.50913845396105,50.90765247776444,50.6736872839185,50.75780238112597,50.71523236400374,50.62070755004775,56.394481569546656,53.61508402180056,53.143747484727164,"rgba(239, 83, 80, 0.75)",0.0,0.0,1.7255584584405037,55.10672361498847,0.42668691281369125,0.0,0.0,0.0,0.0,0.0,0.0,0.0,0.0,44.45747901112998,-2.643482662460734,False,True,False,True,True,0.0,1,0.8799029768773529,1.0500934593018953,False,False,False,False,-0.1636286885754565,-0.18574248342692112,False,False,False,False,-11543765,-5902997.234680031,False,False,False,False,2423564.1339309695,False,False,False,False
2025-09-24 00:00:00+00:00,58.4781284844,59.1715841839,55.8231838065,55.8231838065,6139442,57.021806967348226,57.79009876277562,57.89696860081971,54.89999572017738,54.55418733260959,54.36934395382765,54.214798554080055,54.05638580593574,53.93957139789523,53.16825209208466,57.4424891133034,53.063135619830575,52.14795510665212,52.07162679177896,51.575157247013344,50.97376171354661,50.73449896540211,50.81427213692268,50.7674293305552,50.67196740531062,56.426907154760094,53.67459620350974,53.16418492947648,#000000,0.0,0.0,1.7248815506896547,55.20018777220728,1.9003859777398127,0.0,0.0,0.0,0.0,0.0,0.0,0.0,0.0,50.961391967137295,-3.515596364580979,True,False,False,False,True,5.069439995612619,1,0.9039978842493676,0.9980552739439225,False,False,False,False,-0.019499194154290935,-0.10262083879060603,False,False,False,False,-5404323,-5883441.382339638,False,False,False,False,2569284.8345611277,False,False,False,False
2025-09-25 00:00:00+00:00,57.6063556051,60.0235440432,56.3086027961,58.4880349944,8083789,57.085805660402755,57.798990034217226,57.90050427491233,54.96937523985276,54.626275057605476,54.44160299798085,54.28762572389384,54.1306935300328,54.01515725848855,53.25096132313962,57.47038818253304,53.146629749664996,52.23457109524498,52.15810543686447,51.66211467546536,51.06083303027437,50.81472813749847,50.88887957386585,50.83648516226372,50.739799469218,56.47192377358853,53.753272481869075,53.191711410205954,"rgba(38, 166, 154, 1.0)",0.0,0.0,1.7187534818302332,55.297558060010374,1.3432976686284743,0.0,0.0,0.0,0.0,0.0,0.0,0.0,0.0,52.76868497937716,-1.9755361462087961,True,False,True,False,True,2.8115587643584234,1,0.9359728985795835,0.9607029430449473,False,False,False,False,0.05855698371033824,-0.022031927540133896,False,False,False,False,-13488112,-6181663.759502789,False,False,False,False,2785539.899872456,False,False,False,False
2025-09-26 00:00:00+00:00,58.2700917746,58.5970066043,57.0515910455,57.6757011751,3915609,57.113619561135195,57.802856503471006,57.901975927034115,55.001798130984064,54.66004630785005,54.47551036519917,54.32183674873853,54.16562374488509,54.050702397182036,53.28995545102378,57.48272320483462,53.18600737499115,52.27556040166627,52.19904354014032,51.703348408161794,51.102195508187464,50.85291876487898,50.92442887942698,50.86943057754531,50.772175570421965,56.492711897060076,53.790298815865306,53.20491356883435,"rgba(38, 166, 154, 1.0)",0.0,0.0,1.716967015059262,55.337193262304844,1.7081857057072953,0.0,0.0,0.0,0.0,0.0,0.0,0.0,0.0,55.28705421833751,0.27917458058523437,True,False,True,False,True,4.3591500421614775,1,0.9607121959356641,0.9640140433009291,False,False,False,False,0.018632346632661542,-0.0016997904537361767,False,False,False,False,-9572503,-6314637.847365425,False,False,False,False,2829856.3351715757,False,False,False,False
2025-09-29 00:00:00+00:00,57.75,58.88,57.54,58.54,1880585,57.12760994712006,57.805538070843156,57.90347165174776,55.017554690092474,54.67642885618311,54.49194950105984,54.3384146350756,54.18253938710704,54.06790778525799,53.30878641704024,57.489410790517404,53.205019081417525,52.2953256661406,52.2187833364032,51.72322322035579,51.12212564151214,50.871330538407584,50.94157735575643,50.8853310055051,50.787802026319774,56.50304619738094,53.80820332775972,53.21133935341576,"rgba(38, 166, 154, 1.0)",0.0,0.0,1.7122780201283854,55.35612712847065,1.398063190316404,0.0,0.0,0.0,0.0,0.0,0.0,0.0,0.0,55.51325926177386,0.44254078244618,True,False,True,False,True,3.021745795324968,1,0.9588884953137465,0.9978536443715952,False,False,False,False,0.06369916243642901,0.030999685991346414,False,False,False,False,-11453088,-6516145.69648835,False,False,False,False,2792630.008302102,False,False,False,False
2025-09-30 00:00:00+00:00,58.71,58.84,57.44,57.7,2178532,57.147924740692275,57.81187941793688,57.908196291751516,55.03722908347069,54.69672919072577,54.51225127673248,54.358834239276455,54.20332170858809,54.08900843294167,53.331660856164255,57.50060599712836,53.228088531503005,52.31913239991289,52.24254778711764,51.74707891390382,51.14597544896971,50.893348925321924,50.96209910966717,50.904361570275704,50.80649818046086,56.516924734724384,53.83007993465407,53.219180669756234,"rgba(38, 166, 154, 1.0)",0.0,0.0,1.7073015365397002,55.38097080846437,1.949877698981513,0.0,0.0,0.0,0.0,0.0,0.0,0.0,0.0,57.54173432098317,2.3991914600531175,True,False,True,False,True,5.236171766674946,1,0.9544194262738965,0.9831223995425317,False,False,False,False,0.055506229748104326,0.04325295786972537,False,False,False,False,-9274556,-6624318.649567238,False,False,False,False,2768547.7334667253,False,False,False,False
2025-10-01 00:00:00+00:00,56.63,58.92,56.61,58.64,3927523,57.15498173270077,57.80280824472052,57.89798531591793,55.06212027266435,54.72340722920016,54.5394035215068,54.38650375319531,54.2318216918594,54.1181809784058,53.36469292564123,57.497934391777555,53.26156460258015,52.35491893327424,52.278360057047436,51.7835531853024,51.18298230207804,50.927723740989904,50.994109587177434,50.93409833317243,50.83577403810409,56.5286751688018,53.8608327989319,53.23065860609169,"rgba(38, 166, 154, 0.75)",0.0,0.0,1.65684558448432,55.40119969874504,0.7416504668643688,0.0,0.0,0.0,0.0,0.0,0.0,0.0,0.0,54.09657673409685,2.3991914600531175,True,False,True,False,False,0.12621316286024253,1,0.9382105613271894,0.9887053397918438,False,False,False,False,0.011714915592098175,0.027483936730911773,False,False,False,False,-13202079,-6882270.03585872,False,False,False,False,2813997.7439190107,False,False,False,False
