date,Close,High,Low,Open,Volume,Gap_Up_aVWAP_944,Gap_Up_aVWAP_938,Gap_Up_aVWAP_930,Gap_Up_aVWAP_929,Gap_Up_aVWAP_921,Gap_Up_aVWAP_918,Gap_Up_aVWAP_917,Gap_Up_aVWAP_907,Gap_Up_aVWAP_905,Gap_Up_aVWAP_893,Gap_Down_aVWAP_945,Gap_Down_aVWAP_933,Gap_Down_aVWAP_928,Gap_Down_aVWAP_924,Gap_Down_aVWAP_920,Gap_Down_aVWAP_915,Gap_Down_aVWAP_910,Gap_Down_aVWAP_909,Gap_Down_aVWAP_902,Gap_Down_aVWAP_888,aVWAP_OB_bull_876,aVWAP_OB_bull_745,aVWAP_OB_bull_623,aVWAP_OB_bull_194,color,Liquidity,Liquidity_Level,StDev,StDev_Mean,StdDev_ZScore,OB,OB_High,OB_Low,OB_Mitigated_Index,FVG,FVG_High,FVG_Low,FVG_Mitigated_Index,QQEMOD,QQE1_Value,QQE1_Above_Upper,QQE1_Below_Lower,QQE2_Above_Threshold,QQE2_Below_Threshold,QQE2_Above_TL,banker_RSI,TTM_squeeze_Active,VI_plus,VI_minus,VI_Regular_Bullish,VI_Regular_Bearish,VI_Hidden_Bullish,VI_Hidden_Bearish,Fisher,Fisher_Signal,Fisher_Regular_Bullish,Fisher_Regular_Bearish,Fisher_Hidden_Bullish,Fisher_Hidden_Bearish,OBV,OBV_Smoothed,OBV_Regular_Bullish,OBV_Regular_Bearish,OBV_Hidden_Bullish,OBV_Hidden_Bearish,Volume_MA,Vol_Regular_Bullish,Vol_Regular_Bearish,Vol_Hidden_Bullish,Vol_Hidden_Bearish
2022-01-03 00:00:00+00:00,269.56,275.72,260.43,267.0,168981,,,,,,,,,,,,,,,,,,,,,,,,,#000000,1.0,274.89682,,,,0.0,0.0,0.0,0.0,0.0,0.0,0.0,0.0,,,False,False,False,False,False,,0,,,False,False,False,False,,,False,False,False,False,0,0.0,False,False,False,False,168981.0,False,False,False,False
2022-01-04 00:00:00+00:00,246.22,257.4,245.06,256.5,358641,,,,,,,,,,,,,,,,,,,,,,,,,"rgba(239, 83, 80, 0.5)",0.0,0.0,,,,0.0,0.0,0.0,0.0,0.0,0.0,0.0,0.0,0.0,,False,False,False,True,False,,0,,,False,False,False,False,,,False,False,False,False,-358641,-14064.35294117647,False,False,False,False,176418.64705882355,False,False,False,False
2022-01-05 00:00:00+00:00,221.58,246.85,220.4,238.18,412047,,,,,,,,,,,,,,,,,,,,,,,,,"rgba(239, 83, 80, 0.5)",0.0,0.0,,,,0.0,0.0,0.0,0.0,0.0,0.0,0.0,0.0,0.0,-50.0,False,False,False,True,True,,0,,,False,False,False,False,,,False,False,False,False,-770688,-43735.86851211073,False,False,False,False,185658.9746251442,False,False,False,False
2022-01-06 00:00:00+00:00,225.34,229.27,220.04,220.58,341195,,,,,,,,,,,,,,,,,,,,,,,,,"rgba(239, 83, 80, 0.5)",0.0,0.0,,,,0.0,0.0,0.0,0.0,0.0,0.0,0.0,0.0,2.7576542240066666,-47.47215029466056,False,False,False,True,True,,0,,,False,False,False,False,,,False,False,False,False,-429493,-58863.59915869462,False,False,False,False,191758.42660062877,False,False,False,False
2022-01-07 00:00:00+00:00,229.52,238.64,226.87,228.7,260287,,,,,,,,,,,,,,,,,,,,,,,,,"rgba(239, 83, 80, 0.5)",0.0,0.0,,,,0.0,0.0,0.0,0.0,0.0,0.0,0.0,0.0,7.4051748911352,-43.365126028904214,False,False,False,True,True,,0,,,False,False,False,False,,,False,False,False,False,-169206,-63190.75213286346,False,False,False,False,194445.82163589823,False,False,False,False
2022-01-10 00:00:00+00:00,239.16,239.23,226.6,230.18,156341,,,,,,,,,,,,,,,,,,,,,,,,,"rgba(239, 83, 80, 0.5)",0.0,0.0,,,,0.0,0.0,0.0,0.0,0.0,0.0,0.0,0.0,15.751811967622213,-36.067989517520715,False,False,False,True,True,,0,,,False,False,False,False,,,False,False,False,False,-12865,-61217.19322569235,False,False,False,False,192951.5149050787,False,False,False,False
2022-01-11 00:00:00+00:00,241.64,249.75,230.91,237.54,299833,,,,,,,,,,,,,,,,,,,,,,,,,"rgba(239, 83, 80, 0.5)",0.0,0.0,,,,0.0,0.0,0.0,0.0,0.0,0.0,0.0,0.0,22.459558046388807,-30.597492074274804,False,False,False,True,True,,0,,,False,False,False,False,,,False,False,False,False,286968,-47562.87192272402,False,False,False,False,197142.9456931148,False,False,False,False
2022-01-12 00:00:00+00:00,249.69,256.29,244.76,252.31,277640,,,,,,,,,,,,,,,,,,,,,,,,,"rgba(239, 83, 80, 0.5)",0.0,0.0,,,,0.0,0.0,0.0,0.0,0.0,0.0,0.0,0.0,30.211733101662652,-24.265613989366933,False,False,False,True,True,,0,,,False,False,False,False,,,False,False,False,False,564608,-23556.171063009355,False,False,False,False,200299.6929208358,False,False,False,False
2022-01-13 00:00:00+00:00,236.18,250.54,232.9,250.33,163568,,,,,,,,,,,,,,,,,,,,,,,,,"rgba(239, 83, 80, 0.5)",0.0,0.0,,,,0.0,0.0,0.0,0.0,0.0,0.0,0.0,0.0,32.01565508756023,-23.473965423630812,False,False,False,True,True,,0,,,False,False,False,False,,,False,False,False,False,401040,-6905.340825244284,False,False,False,False,198859.23437492066,False,False,False,False
2022-01-14 00:00:00+00:00,238.64,240.32,230.15,240.23,213326,,,,,,,,,,,,,,,,,,,,,,,,,"rgba(239, 83, 80, 0.5)",0.0,0.0,,,,0.0,0.0,0.0,0.0,0.0,0.0,0.0,0.0,34.12696960568712,-22.089071976260204,False,False,False,True,True,,0,,,False,False,False,False,,,False,False,False,False,614366,17458.24116790255,False,False,False,False,199426.55851708064,False,False,False,False
2022-01-18 00:00:00+00:00,239.63,246.28,231.32,233.22,284823,,,,,,,,,,,,,,,,,,,,,,,,,"rgba(239, 83, 80, 0.5)",0.0,0.0,,,,0.0,0.0,0.0,0.0,0.0,0.0,0.0,0.0,35.9126554612984,-20.783984530476523,False,False,False,True,True,,0,,,False,False,False,False,,,False,False,False,False,899189,52035.91798484755,False,False,False,False,202775.43857523435,False,False,False,False
2022-01-19 00:00:00+00:00,236.85,248.06,236.04,240.3,144150,,,,,,,,,,,,,,,,,,,,,,,,,"rgba(239, 83, 80, 0.5)",0.0,0.0,,,,0.0,0.0,0.0,0.0,0.0,0.0,0.0,0.0,36.39527281239266,-20.489316410137754,False,False,False,True,True,,0,,,False,False,False,False,,,False,False,False,False,755039,79604.66629916726,False,False,False,False,200476.40176836244,False,False,False,False
2022-01-20 00:00:00+00:00,251.37,254.935,243.86,247.98,358602,,,,,,,,,,,,,,,,,,,,,,,,,"rgba(239, 83, 80, 0.5)",0.0,0.0,,,,0.0,0.0,0.0,0.0,0.0,0.0,0.0,0.0,41.64579090394865,-15.615623202499123,False,False,False,True,True,,0,,,False,False,False,False,,,False,False,False,False,1113641,120155.11075802345,False,False,False,False,206677.40562058354,False,False,False,False
2022-01-21 00:00:00+00:00,251.45,254.228,243.88,247.0,310076,,,,,,,,,,,,,,,,,,,,,,,,,"rgba(239, 83, 80, 0.5)",0.0,0.0,,,,0.0,0.0,0.0,0.0,0.0,0.0,0.0,0.0,45.16892379017608,-12.44606272322082,False,False,False,True,True,,0,,,False,False,False,False,,,False,False,False,False,1423717,171275.1848459441,False,False,False,False,210732.25245899204,False,False,False,False
2022-01-24 00:00:00+00:00,248.85,250.0,238.54,244.02,288900,,,,,,,,,,,,,,,,,,,,,,,,,#000000,0.0,0.0,,,,0.0,0.0,0.0,0.0,0.0,0.0,0.0,0.0,46.67195979981484,-11.102288704950041,False,False,False,False,True,,0,,,False,False,False,False,,,False,False,False,False,1134817,209061.1383813973,False,False,False,False,213797.65432334528,False,False,False,False
2022-01-25 00:00:00+00:00,233.47,246.97,227.34,243.67,281535,,,,,,,,,,,,,,,,,,,,,,,,,"rgba(239, 83, 80, 0.5)",0.0,0.0,,,,0.0,0.0,0.0,0.0,0.0,0.0,0.0,0.0,43.69606356329834,-11.102288704950041,False,False,False,True,True,,0,,,False,False,False,False,,,False,False,False,False,853282,234324.7015821268,False,False,False,False,216454.020820469,False,False,False,False
2022-01-26 00:00:00+00:00,224.51,234.5,221.886,229.5,131499,,,,,,,,,,,,,,,,,,,,,,,,,"rgba(239, 83, 80, 0.5)",0.0,0.0,,,,0.0,0.0,0.0,0.0,0.0,0.0,0.0,0.0,40.033703302810906,-11.102288704950041,False,False,False,True,False,,0,,,False,False,False,False,,,False,False,False,False,721783,253440.71328478854,False,False,False,False,213122.45137652906,False,False,False,False
2022-01-27 00:00:00+00:00,202.9,224.51,200.75,222.2,314704,,,,,,,,,,,,,,,,,,,,,,,,,"rgba(239, 83, 80, 0.5)",0.0,0.0,,,,0.0,0.0,0.0,0.0,0.0,0.0,0.0,0.0,34.7420073038258,-6.812814864638852,False,False,False,True,False,,0,,,False,False,False,False,,,False,False,False,False,407079,259465.74413636545,False,False,False,False,217106.04151862598,False,False,False,False
2022-01-28 00:00:00+00:00,212.93,212.94,194.5,202.06,428594,,,,,,,,,,,,,,,,,,,,,,,,,"rgba(239, 83, 80, 0.5)",0.0,0.0,,206.79000000000002,,0.0,0.0,0.0,0.0,0.0,0.0,0.0,0.0,34.19090779103027,-7.313721463533952,False,False,False,True,False,,0,,,False,False,False,False,,,False,False,False,False,835673,282062.10711140995,False,False,False,False,225399.6869492681,False,False,False,False
2022-01-31 00:00:00+00:00,242.58,247.4,220.46,220.46,350043,,,,,,,,,,,,,,,,,,,,,,,,,"rgba(239, 83, 80, 0.5)",0.0,0.0,,220.28724925735614,,0.0,0.0,0.0,0.0,0.0,0.0,0.0,0.0,39.998819856589066,-7.313721463533952,False,False,False,True,True,,1,,,False,False,False,False,,,False,False,False,False,1185716,317499.5146756684,False,False,False,False,230287.6600100811,False,False,False,False
2022-02-01 00:00:00+00:00,254.44,257.31,238.69,238.69,294740,,,,,,,,,,,,,,,,,,,,,,,,,"rgba(239, 83, 80, 0.5)",0.0,0.0,,239.31652628107366,,0.0,0.0,0.0,0.0,0.0,0.0,0.0,0.0,45.622225600381014,-13.577223672384171,False,False,False,True,True,,0,,,False,False,False,False,,,False,False,False,False,1480456,363105.65135505394,False,False,False,False,232815.2027547838,False,False,False,False
2022-02-02 00:00:00+00:00,245.6,256.58,242.28,256.29,205296,,,,,,,,,,,,,,,,,,,,,,,,,#000000,0.0,0.0,,240.48613542384356,,0.0,0.0,0.0,0.0,0.0,0.0,0.0,0.0,47.82134369486735,-11.5983336238181,False,False,False,False,True,,1,,,False,False,False,False,,,False,False,False,False,1275160,398872.48855681653,False,False,False,False,231736.01833302758,False,False,False,False
2022-02-03 00:00:00+00:00,223.5,242.0,222.96,242.0,236558,,,,,,,,,,,,,,,,,,,,,,,,,"rgba(239, 83, 80, 0.5)",0.0,0.0,,237.13165636167548,,0.0,0.0,0.0,0.0,0.0,0.0,0.0,0.0,46.09224856957535,-11.5983336238181,False,False,False,True,True,,1,,,False,False,False,False,,,False,False,False,False,1038602,423959.9203781179,False,False,False,False,231925.115653301,False,False,False,False
2022-02-04 00:00:00+00:00,223.76,230.1,220.49,223.42,153872,,,,,,,,,,,,,,,,,,,,,,,,,"rgba(239, 83, 80, 0.5)",0.0,0.0,,235.26082063877175,,0.0,0.0,0.0,0.0,0.0,0.0,0.0,0.0,44.98483521572995,-11.5983336238181,False,False,False,True,True,,1,,,False,False,False,False,,,False,False,False,False,1192474,454097.7274221133,False,False,False,False,228864.20915709314,False,False,False,False
2022-02-07 00:00:00+00:00,218.84,232.41,218.06,228.26,230001,,,,,,,,,,,,,,,,,,,,,,,,,"rgba(239, 83, 80, 0.5)",0.0,0.0,,233.08514212902065,,0.0,0.0,0.0,0.0,0.0,0.0,0.0,0.0,43.576341522743235,-11.5983336238181,False,False,False,True,True,,1,,,False,False,False,False,,,False,False,False,False,962473,474034.0126212461,False,False,False,False,228908.78919014832,False,False,False,False
2022-02-08 00:00:00+00:00,211.19,221.25,205.98,221.09,282285,,,,,,,,,,,,,,,,,,,,,,,,,"rgba(239, 83, 80, 0.5)",0.0,0.0,,229.61415348612988,,0.0,0.0,0.0,0.0,0.0,0.0,0.0,0.0,41.62621745111247,-11.5983336238181,False,False,False,True,False,,0,,,False,False,False,False,,,False,False,False,False,680188,482118.48271453055,False,False,False,False,231001.97392778957,False,False,False,False
2022-02-09 00:00:00+00:00,221.25,225.8,210.86,212.32,257568,,,,,,,,,,,,,,,,,,,,,,,,,"rgba(239, 83, 80, 0.5)",0.0,0.0,,228.21977045636456,,0.0,0.0,0.0,0.0,0.0,0.0,0.0,0.0,42.34362347545858,-11.5983336238181,False,False,False,True,False,,0,,,False,False,False,False,,,False,False,False,False,937756,499986.6206472941,False,False,False,False,232043.77887179784,False,False,False,False
2022-02-10 00:00:00+00:00,219.86,230.0,216.09,222.11,203292,,,,,,,,,,,,,,,,,,,,,,,,,"rgba(239, 83, 80, 0.5)",0.0,0.0,,227.61548933111197,,0.0,0.0,0.0,0.0,0.0,0.0,0.0,0.0,42.609469233377155,-11.5983336238181,False,False,False,True,False,,0,,,False,False,False,False,,,False,False,False,False,734464,509181.8119944591,False,False,False,False,230916.25813172734,False,False,False,False
2022-02-11 00:00:00+00:00,202.26,217.25,198.0,215.26,289260,,,,,,,,,,,,,,,,,,,,,,,,,"rgba(239, 83, 80, 0.5)",0.0,0.0,,225.05530298179247,,0.0,0.0,0.0,0.0,0.0,0.0,0.0,0.0,40.36258655756042,-11.5983336238181,False,False,False,True,False,,0,,,False,False,False,False,,,False,False,False,False,445204,506672.8781907548,False,False,False,False,233204.2480089145,False,False,False,False
2022-02-14 00:00:00+00:00,205.3,208.505,198.89,200.03,161396,,,,,,,,,,,,,,,,,,,,,,,,,"rgba(239, 83, 80, 0.5)",0.0,0.0,,223.77946121055692,,0.0,0.0,0.0,0.0,0.0,0.0,0.0,0.0,39.528090366292446,-11.5983336238181,False,False,False,True,False,,0,,,False,False,False,False,,,False,False,False,False,606600,510591.5888499409,False,False,False,False,230388.23828307472,False,False,False,False
2022-02-15 00:00:00+00:00,219.89,226.88,213.98,213.98,187782,,,,,,,,,,,,,,,,,,,,,,,,,"rgba(239, 83, 80, 0.5)",0.0,0.0,,223.54152639250233,,0.0,0.0,0.0,0.0,0.0,0.0,0.0,0.0,41.88772148700534,-11.5983336238181,False,False,False,True,False,,0,,,False,False,False,False,,,False,False,False,False,794382,521720.6245813158,False,False,False,False,228717.40540922867,False,False,False,False
2022-02-16 00:00:00+00:00,220.2,221.04,212.89,220.0,189273,,,,,,,,,,,,,,,,,,,,,,,,,"rgba(239, 83, 80, 0.5)",0.0,0.0,,223.19478020306906,,0.0,0.0,0.0,0.0,0.0,0.0,0.0,0.0,43.519175079356934,-11.5983336238181,False,False,False,True,True,,0,,,False,False,False,False,,,False,False,False,False,983655,539835.6981271466,False,False,False,False,227170.5659814158,False,False,False,False
2022-02-17 00:00:00+00:00,205.19,217.4,201.64,216.51,171093,,,,,,,,,,,,,,,,,,,,,,,,,"rgba(239, 83, 80, 0.5)",0.0,0.0,,222.38541021401653,,0.0,0.0,0.0,0.0,0.0,0.0,0.0,0.0,42.28806344133936,-11.5983336238181,False,False,False,True,True,,1,,,False,False,False,False,,,False,False,False,False,812562,550530.8472201996,False,False,False,False,224971.44574685048,False,False,False,False
2022-02-18 00:00:00+00:00,213.0,214.7,201.01,202.89,187400,,,,,,,,,,,,,,,,,,,,,,,,,"rgba(239, 83, 80, 0.5)",0.0,0.0,,221.67645806767106,,0.0,0.0,0.0,0.0,0.0,0.0,0.0,0.0,43.040489757370906,-11.5983336238181,False,False,False,True,True,,1,,,False,False,False,False,,,False,False,False,False,999962,568155.5983096035,False,False,False,False,223498.05571756224,False,False,False,False
2022-02-22 00:00:00+00:00,207.88,212.98,202.33,204.14,193567,,,,,,,,,,,,,,,,,,,,,,,,,"rgba(239, 83, 80, 0.5)",0.0,0.0,,220.92378390235066,,0.0,0.0,0.0,0.0,0.0,0.0,0.0,0.0,42.74725712227582,-11.5983336238181,False,False,False,True,True,,1,,,False,False,False,False,,,False,False,False,False,806395,577498.3199445211,False,False,False,False,222324.28882667745,False,False,False,False
2022-02-23 00:00:00+00:00,203.3,221.81,199.2501,215.99,253787,,,,,,,,,,,,,,,,,,,,,,,,,"rgba(239, 83, 80, 0.5)",0.0,0.0,,220.07877583992348,,0.0,0.0,0.0,0.0,0.0,0.0,0.0,0.0,41.84855676329689,-11.5983336238181,False,False,False,True,True,,0,,,False,False,False,False,,,False,False,False,False,552608,576522.2289663046,False,False,False,False,223558.12063739597,False,False,False,False
2022-02-24 00:00:00+00:00,215.84,217.14,198.28,200.95,301698,,,,,,,,,,,,,,,,,,,,,,,,,"rgba(239, 83, 80, 0.5)",0.0,0.0,,219.37707789201775,,0.0,0.0,0.0,0.0,0.0,0.0,0.0,0.0,43.86651874064282,-11.3962395995933,False,False,False,True,True,,0,,,False,False,False,False,,,False,False,False,False,854306,587415.7101833122,False,False,False,False,226622.4296320079,False,False,False,False
2022-02-25 00:00:00+00:00,214.11,218.99,200.95,216.0,220364,,,,,,,,,,,,,,,,,,,,,,,,,"rgba(239, 83, 80, 0.5)",0.0,0.0,,218.9730623655056,,0.0,0.0,0.0,0.0,0.0,0.0,0.0,0.0,44.9006616503745,-10.153974891086506,False,False,False,True,True,,1,,,False,False,False,False,,,False,False,False,False,633942,589240.2705682804,False,False,False,False,226377.001018988,False,False,False,False
2022-02-28 00:00:00+00:00,210.52,215.38,201.14,205.64,354942,,,,,,,,,,,,,,,,,,,,,,,,,"rgba(239, 83, 80, 0.5)",0.0,0.0,,218.22665428276485,,0.0,0.0,0.0,0.0,0.0,0.0,0.0,0.0,44.92330865276743,-9.848279541369692,False,False,False,True,True,,1,,,False,False,False,False,,,False,False,False,False,279000,577073.9854479557,False,False,False,False,231418.76568491003,False,False,False,False
2022-03-01 00:00:00+00:00,216.21,220.84,207.98,214.11,170448,,,,,,,,,,,,,,,,,,,,,,,,,#000000,0.0,0.0,,218.11529742804873,,0.0,0.0,0.0,0.0,0.0,0.0,0.0,0.0,46.20631512672287,-8.343084804765148,False,False,False,False,True,,1,,,False,False,False,False,,,False,False,False,False,449448,572069.0448421536,False,False,False,False,229027.75526589397,False,False,False,False
2022-03-02 00:00:00+00:00,214.2,216.88,208.02,215.96,157285,,,,,,,,,,,,,,,,,,,,,,,,,#000000,0.0,0.0,,217.95778234849854,,0.0,0.0,0.0,0.0,0.0,0.0,0.0,0.0,46.636429628431834,-7.668143553262048,False,False,False,False,True,,1,,,False,False,False,False,,,False,False,False,False,292163,561092.3372012848,False,False,False,False,226214.31388291772,False,False,False,False
2022-03-03 00:00:00+00:00,185.19,213.5,183.66,213.5,762401,,,,,,,,,,,,,,,,,,,,,,,,,"rgba(239, 83, 80, 0.5)",0.0,0.0,,214.84036825464995,,0.0,0.0,0.0,0.0,0.0,0.0,0.0,0.0,42.2778290150344,-3.3439711390037985,False,False,False,True,False,,1,,,False,False,False,False,,,False,False,False,False,-470238,520648.0102522148,False,False,False,False,247241.24275025429,False,False,False,False
2022-03-04 00:00:00+00:00,176.37,183.08,172.508,181.0,428712,,,,,,,,,,,,,,,,,,,,,,,,,"rgba(239, 83, 80, 0.5)",0.0,0.0,,212.27156862819828,,0.0,0.0,0.0,0.0,0.0,0.0,0.0,0.0,38.37245040889361,-6.994388562390185,False,False,False,True,False,,1,,,False,False,False,False,,,False,False,False,False,-898950,464977.5000462456,False,False,False,False,254357.74303455805,False,False,False,False
2022-03-07 00:00:00+00:00,179.73,181.85,170.51,176.73,241577,,,,,,,,,,,,,,,,,,,,,,,,,"rgba(239, 83, 80, 0.5)",0.0,0.0,,210.97541772905114,,0.0,0.0,0.0,0.0,0.0,0.0,0.0,0.0,36.60430002093285,-8.566835625239108,False,False,False,True,False,,0,,,False,False,False,False,,,False,False,False,False,-657373,420963.75494639284,False,False,False,False,253856.5374253597,False,False,False,False
2022-03-08 00:00:00+00:00,184.72,190.74,174.92,181.04,337763,,,,,,,,,,,,,,,,,,,,,,,,,"rgba(239, 83, 80, 0.5)",0.0,0.0,,209.6181665296577,,0.0,0.0,0.0,0.0,0.0,0.0,0.0,0.0,36.66781505487443,-8.566835625239108,False,False,False,True,False,,0,,,False,False,False,False,,,False,False,False,False,-319610,391921.6469092794,False,False,False,False,257146.9869380907,False,False,False,False
2022-03-09 00:00:00+00:00,195.47,197.12,186.73,186.73,265643,,,,,,,,,,,,,,,,,,,,,,,,,"rgba(239, 83, 80, 0.5)",0.0,0.0,,209.00215943985467,,0.0,0.0,0.0,0.0,0.0,0.0,0.0,0.0,39.166067953935006,-8.566835625239108,False,False,False,True,True,,0,,,False,False,False,False,,,False,False,False,False,-53967,374435.8176187195,False,False,False,False,257480.16392091068,False,False,False,False
2022-03-10 00:00:00+00:00,184.0,189.63,162.98,178.8,1090142,,,,,,,,,,,,,,,,,,,,,,,,,"rgba(239, 83, 80, 0.5)",0.0,0.0,,204.9996688569542,,0.0,0.0,0.0,0.0,0.0,0.0,0.0,0.0,39.059941288221324,-8.566835625239108,False,False,False,True,True,,0,,,False,False,False,False,,,False,False,False,False,-1144109,314885.0404572011,False,False,False,False,290133.5692573456,False,False,False,False
2022-03-11 00:00:00+00:00,161.53,187.255,158.35,185.95,650165,,,,,,,,,,,,,,,,,,,,,,,,,"rgba(239, 83, 80, 0.5)",0.0,0.0,,202.36075604527315,,0.0,0.0,0.0,0.0,0.0,0.0,0.0,0.0,36.32250140912166,-8.792842523415025,False,False,False,True,False,,0,,,False,False,False,False,,,False,False,False,False,-1794274,232172.92122358532,False,False,False,False,304252.44889431243,False,False,False,False
2022-03-14 00:00:00+00:00,146.73,150.96,136.53,150.0,847706,,,,,,,,,,,,,,,,,,,,,,,,,"rgba(239, 83, 80, 0.5)",0.0,0.0,,197.32775949118803,,0.0,0.0,0.0,0.0,0.0,0.0,0.0,0.0,33.162535745128494,-11.795337907083422,False,False,False,True,False,,0,,,False,False,False,False,,,False,False,False,False,-2641980,119461.04195991532,False,False,False,False,325564.3528592414,False,False,False,False
2022-03-15 00:00:00+00:00,146.52,154.29,136.09,145.08,999937,,,,,,,,,,,,,,,,,,,,,,,,,"rgba(239, 83, 80, 0.5)",-1.0,142.47202,,176.87807188801472,,0.0,0.0,0.0,0.0,0.0,0.0,0.0,0.0,31.037797027568068,-13.773719768726835,False,False,False,True,False,0.0,0,,,False,False,False,False,-0.33424428570130965,-0.33424428570130965,False,False,False,False,-3641917,-28043.979293414683,False,False,False,False,352010.3390216241,False,False,False,False
2022-03-16 00:00:00+00:00,183.33,195.95,174.02,175.82,1163040,,,,,,,,,,,,,,,,,,,,,,,,,"rgba(239, 83, 80, 0.5)",0.0,0.0,,183.30738199437315,,0.0,0.0,0.0,0.0,0.0,0.0,0.0,0.0,36.46762791041203,-19.130853372258407,False,False,False,True,True,0.0,0,0.8139125967872767,1.0497451323372802,False,False,False,False,-0.07692160235380988,-0.20558294402755978,False,False,False,False,-2478877,-124155.07814465332,False,False,False,False,383815.4237658742,False,False,False,False
2022-03-17 00:00:00+00:00,189.04,189.49,171.03,171.05,452464,,,,,,,,,,,,,,,,,,,,,,,,,"rgba(239, 83, 80, 0.5)",0.0,0.0,,184.06178941006718,,0.0,0.0,0.0,0.0,0.0,0.0,0.0,0.0,40.889596419712326,-15.206589757940435,True,False,False,True,True,0.0,0,0.8336246331399878,1.05042710279599,False,False,False,False,-0.10468397294528127,-0.15513345848642052,False,False,False,False,-2026413,-198753.4280213336,False,False,False,False,386507.5247946635,False,False,False,False
2022-03-18 00:00:00+00:00,192.97,202.14,188.0,188.36,733173,,,,,,,,,,,,,,,,,,,,,,,,,"rgba(239, 83, 80, 0.5)",0.0,0.0,,185.99756860952263,,0.0,0.0,0.0,0.0,0.0,0.0,0.0,0.0,44.397711439875934,-12.167107550482278,True,False,False,True,True,0.0,0,0.8792170509678474,1.024419211515179,False,False,False,False,-0.012764319620210674,-0.0839488890533156,False,False,False,False,-1293240,-241674.47005971265,False,False,False,False,400102.2493125198,False,False,False,False
2022-03-21 00:00:00+00:00,179.62,188.9188,177.135,188.14,414887,,,,,,,,,,,,,,,,,,,,,,,,,"rgba(239, 83, 80, 0.5)",0.0,0.0,,186.0578981863487,,0.0,0.0,0.0,0.0,0.0,0.0,0.0,0.0,44.833373342918776,-11.910834176228512,True,False,False,True,True,0.0,0,0.8634890684324258,1.0146209209031045,False,False,False,False,-0.08742325915851705,-0.08568607410591633,False,False,False,False,-1708127,-299182.41241031216,False,False,False,False,400682.0434571268,False,False,False,False
2022-03-22 00:00:00+00:00,186.33,189.12,179.09,189.12,519632,,,,,,,,,,,,,,,,,,,,,,,,,#000000,0.0,0.0,,186.27206886679173,,0.0,0.0,0.0,0.0,0.0,0.0,0.0,0.0,46.170691747938776,-10.62219524108739,True,False,False,False,True,0.0,0,0.8591386682262694,1.026952030851497,False,False,False,False,-0.08071236509613766,-0.083199219601027,False,False,False,False,-1188495,-334057.41584520193,False,False,False,False,405346.74763527873,False,False,False,False
2022-03-23 00:00:00+00:00,187.3,194.53,181.4,186.2,256344,,,,,,,,,,,,,,,,,,,,,,,,,#000000,0.0,0.0,,186.43981946514532,,0.0,0.0,0.0,0.0,0.0,0.0,0.0,0.0,47.21764924183182,-9.507598087183922,True,False,False,False,True,0.0,0,0.8621781393408906,1.0214090785603138,False,False,False,False,-0.056739965341007184,-0.06996959247101708,False,False,False,False,-932151,-357512.06620421365,False,False,False,False,399503.5026299737,False,False,False,False
2022-03-24 00:00:00+00:00,202.42,204.595,191.56,194.26,317465,,,,,,,,,,,,,,,,,,,,,,,,,#000000,0.0,0.0,,187.04711980356728,,0.0,0.0,0.0,0.0,0.0,0.0,0.0,0.0,50.1992153365713,-6.540711421748398,True,False,False,False,True,0.0,0,0.8637601384740854,1.0170758205815347,False,False,False,False,0.005825594712051968,-0.03207199887948256,False,False,False,False,-614686,-367597.31850993074,False,False,False,False,396286.3064484061,False,False,False,False
2022-03-25 00:00:00+00:00,192.62,199.01,187.18,192.64,359609,,,,,,,,,,,,,,,,,,,,,,,,,#000000,0.0,0.0,,187.40040254228234,,0.0,0.0,0.0,0.0,0.0,0.0,0.0,0.0,50.54153553905041,-6.049891763205849,True,False,False,False,True,0.0,0,0.8425906972616577,1.0306513216422177,False,False,False,False,-0.021814028859331598,-0.02694301386940708,False,False,False,False,-974295,-391389.38445071783,False,False,False,False,394847.9807053313,False,False,False,False
2022-03-28 00:00:00+00:00,196.42,197.64,182.28,186.46,395485,,,,,,,,,,,,,,,,,,,,,,,,,"rgba(38, 166, 154, 1.0)",0.0,0.0,,187.70582750817312,,0.0,0.0,0.0,0.0,0.0,0.0,0.0,0.0,51.357208012519436,-5.015972170752519,True,False,True,False,True,0.0,0,0.8501889282638917,1.0256901461366772,False,False,False,False,-0.04141221798426926,-0.03417761592683817,False,False,False,False,-578810,-398739.21251147403,False,False,False,False,394872.96185414185,False,False,False,False
2022-03-29 00:00:00+00:00,207.54,212.86,201.535,203.0,251954,,,,,,,,,,,,,,,,,,,,,,,,,"rgba(38, 166, 154, 1.0)",0.0,0.0,,188.26125021243567,,0.0,0.0,0.0,0.0,0.0,0.0,0.0,0.0,53.5337502831968,-2.692215140468278,True,False,True,False,True,0.0,0,0.8705643829091485,0.999490079812452,False,False,False,False,0.06635638760835937,0.016089385840760598,False,False,False,False,-326856,-395920.2630012202,False,False,False,False,389268.2966833912,False,False,False,False
2022-03-30 00:00:00+00:00,206.0,212.19,201.63,206.52,374974,,,,,,,,,,,,,,,,,,,,,,,,,"rgba(38, 166, 154, 1.0)",0.0,0.0,,188.99542048526953,,0.0,0.0,0.0,0.0,0.0,0.0,0.0,0.0,54.68329182962252,-1.3632927669714547,True,False,True,False,True,0.0,0,0.8686755209306636,1.007102600170978,False,False,False,False,0.06455325410091049,0.040321319970835545,False,False,False,False,-701830,-407916.72327568213,False,False,False,False,388707.73602914053,False,False,False,False
2022-03-31 00:00:00+00:00,188.6,205.13,188.29,205.13,274401,,,,,,,,,,,,,,,,,,,,,,,,,"rgba(38, 166, 154, 1.0)",0.0,0.0,,189.17040663471653,,0.0,0.0,0.0,0.0,0.0,0.0,0.0,0.0,52.36095121576737,-1.3632927669714547,True,False,True,False,True,0.0,0,0.8479267316186879,1.0161512418453849,False,False,False,False,0.000765009061793668,0.02054316451631461,False,False,False,False,-976231,-430203.5576570279,False,False,False,False,384225.11892995855,False,False,False,False
2022-04-01 00:00:00+00:00,197.1,204.59,195.66,200.0,303273,,,,,,,,,,,,,,,,,,,,,,,,,"rgba(38, 166, 154, 1.0)",0.0,0.0,,189.48706900280027,,0.0,0.0,0.0,0.0,0.0,0.0,0.0,0.0,52.21322195883512,-1.3632927669714547,True,False,True,False,True,0.0,0,0.8469903763741031,1.0246144653049944,False,False,False,False,0.022095187509839218,0.021319176013076913,False,False,False,False,-672958,-439723.3397096935,False,False,False,False,381050.5260307445,False,False,False,False
2022-04-04 00:00:00+00:00,216.05,216.38,201.44,208.0,295746,,,,,,,,,,,,,,,,,,,,,,,,,"rgba(38, 166, 154, 1.0)",1.0,211.825,,195.38662304741655,,0.0,0.0,0.0,0.0,0.0,0.0,0.0,0.0,54.753277894705434,-0.8713459986966541,True,False,True,False,True,0.0,0,0.8501457087507568,1.0053011557624678,False,False,False,False,0.07710612797075285,0.04921265199191488,False,False,False,False,-377212,-437271.91462303884,False,False,False,False,377705.2505001271,False,False,False,False
2022-04-05 00:00:00+00:00,211.39,216.13,206.31,212.61,330728,,,,,,,,,,,,,,,,,,,,,,,,,"rgba(38, 166, 154, 1.0)",0.0,0.0,,195.85327744002873,,0.0,0.0,0.0,0.0,0.0,0.0,0.0,0.0,55.59635139930766,0.12806296699194775,True,False,True,False,True,0.0,0,0.8628684185079946,1.0024472889213307,False,False,False,False,0.09163519962020049,0.07042392580605769,False,False,False,False,-707940,-447886.349343704,False,False,False,False,375863.00538247504,False,False,False,False
2022-04-06 00:00:00+00:00,212.19,215.86,204.65,204.65,266836,,,,,,,,,,,,,,,,,,,,,,,,,"rgba(38, 166, 154, 1.0)",0.0,0.0,,196.1735239832346,,0.0,0.0,0.0,0.0,0.0,0.0,0.0,0.0,56.27212312081667,1.0079835716939698,True,False,True,False,True,0.0,0,0.8743743072209748,1.0014645151699422,False,False,False,False,0.08556135312734242,0.07799263946670006,False,False,False,False,-441104,-447620.37485963723,False,False,False,False,371587.4365439466,False,False,False,False
2022-04-07 00:00:00+00:00,213.59,216.15,208.86,209.86,323483,,,,,,,,,,,,,,,,,,,,,,,,,"rgba(38, 166, 154, 1.0)",0.0,0.0,,196.72272364747457,,0.0,0.0,0.0,0.0,0.0,0.0,0.0,0.0,56.93651720140105,1.905007635255977,True,False,True,False,True,0.0,0,0.8847799397514194,0.9867127367063456,False,False,False,False,0.09973372891871717,0.08886318419270861,False,False,False,False,-117621,-434679.22290435736,False,False,False,False,369700.9880520271,False,False,False,False
2022-04-08 00:00:00+00:00,196.57,213.85,195.33,208.88,284691,,,,,,,,,,,,,,,,,,,,,,,,,"rgba(38, 166, 154, 0.75)",0.0,0.0,,196.4448171664676,,0.0,0.0,0.0,0.0,0.0,0.0,0.0,0.0,54.10904724204039,1.905007635255977,True,False,True,False,False,0.0,1,0.892929555561323,0.9776816405824921,False,False,False,False,0.050017065880944775,0.0694401250368267,False,False,False,False,-402312,-433409.92004536296,False,False,False,False,366367.26303037896,False,False,False,False
2022-04-11 00:00:00+00:00,184.41,191.82,183.0,191.53,235585,,,,,,,,,,,,,,,,,,,,,,,,,#000000,0.0,0.0,,195.5889312815063,,0.0,0.0,0.0,0.0,0.0,0.0,0.0,0.0,50.336455558168055,5.43309984786773,True,False,False,False,False,0.0,1,0.8878596496320734,0.9842379262915703,False,False,False,False,-0.0573761207402721,0.006032002148277298,False,False,False,False,-637897,-441429.0212200546,False,False,False,False,361238.5468331092,False,False,False,False
2022-04-12 00:00:00+00:00,182.42,191.95,179.04,190.78,176151,,,,,,,,,,,,,,,,,,,,,,,,,"rgba(239, 83, 80, 0.5)",0.0,0.0,,195.01415791427036,,0.0,0.0,0.0,0.0,0.0,0.0,0.0,0.0,47.527489203275266,2.807491251201,True,False,False,True,False,0.0,1,0.8580706425055588,1.0160351707932174,False,False,False,False,-0.06938349122760717,-0.031675744539664936,False,False,False,False,-814048,-456041.5301918172,False,False,False,False,353980.2116631834,False,False,False,False
2022-04-13 00:00:00+00:00,187.66,188.95,181.77,185.82,121543,,,,,,,,,,,,,,,,,,,,,,,,,"rgba(239, 83, 80, 0.5)",0.0,0.0,,194.70585976481638,,0.0,0.0,0.0,0.0,0.0,0.0,0.0,0.0,46.74541133195694,2.0712515888182423,True,False,False,True,False,0.0,0,0.8372222335181001,1.0319766956976142,False,False,False,False,-0.07023067765715267,-0.05095321109840881,False,False,False,False,-692505,-465314.6074391969,False,False,False,False,344865.0268920782,False,False,False,False
2022-04-14 00:00:00+00:00,182.36,188.5,181.95,186.34,106017,,,,,,,,,,,,,,,,,,,,,,,,,"rgba(239, 83, 80, 0.5)",0.0,0.0,,194.42918661688682,,0.0,0.0,0.0,0.0,0.0,0.0,0.0,0.0,45.3359550179,0.6631420500029392,True,False,False,True,False,0.0,0,0.8314803773243071,1.0319371419504055,False,False,False,False,-0.021480172703064192,-0.0362166919007365,False,False,False,False,-798522,-478381.56401020876,False,False,False,False,335498.4376021928,False,False,False,False
2022-04-18 00:00:00+00:00,172.14,179.11,171.24,178.9,198205,,,,,,,,,,,,,,,,,,,,,,,,,"rgba(239, 83, 80, 0.5)",0.0,0.0,,193.64943067153018,,0.0,0.0,0.0,0.0,0.0,0.0,0.0,0.0,42.82074700651722,-1.7895074507385544,False,False,False,True,False,0.0,0,0.8466144992736934,1.0263614770695744,False,False,False,False,-0.07577560229872632,-0.055996147099731414,False,False,False,False,-996727,-498708.8360098084,False,False,False,False,330114.3812256362,False,False,False,False
2022-04-19 00:00:00+00:00,176.96,179.98,169.3,174.32,129608,,,,,,,,,,,,,,,,,,,,,,,,,"rgba(239, 83, 80, 0.5)",0.0,0.0,,193.21969152045853,,0.0,0.0,0.0,0.0,0.0,0.0,0.0,0.0,42.274699002357785,-2.396323198348931,False,False,False,True,False,0.0,0,0.8474787581123584,1.0104263020021742,False,False,False,False,-0.0799465505128698,-0.0679713488063006,False,False,False,False,-867119,-513156.2934211885,False,False,False,False,322251.38588345447,False,False,False,False
2022-04-20 00:00:00+00:00,172.01,178.98,170.13,175.26,101803,,,,,,,,,,,,,,,,,,,,,,,,,"rgba(239, 83, 80, 0.5)",0.0,0.0,25.832256943805934,192.88045032420433,-0.807922063085884,0.0,0.0,0.0,0.0,0.0,0.0,0.0,0.0,41.11411325451133,-3.6504204501405866,False,False,False,True,False,0.0,0,0.8505141216879405,1.0146479265946287,False,False,False,False,-0.07370695770939834,-0.07083915325784947,False,False,False,False,-968922,-531029.4583850635,False,False,False,False,313606.35114292684,False,False,False,False
2022-04-21 00:00:00+00:00,164.72,172.02,161.74,172.02,187506,,,,,,,,,,,,,,,,,,,,,,,,,"rgba(239, 83, 80, 1.0)",0.0,0.0,25.350836031490054,192.105357040773,-1.0802545922649538,0.0,0.0,0.0,0.0,0.0,0.0,0.0,0.0,39.22929526608082,-5.588538436590177,False,True,False,True,False,0.0,0,0.8542283188875217,1.0094414710921655,False,False,False,False,-0.13832701614987272,-0.1045830847038611,False,False,False,False,-1156428,-555554.8913895708,False,False,False,False,308661.2393334003,False,False,False,False
2022-04-22 00:00:00+00:00,163.78,169.59,163.59,168.54,119164,,,,,,,,,,,,,,,,,,,,,,,,,"rgba(239, 83, 80, 1.0)",0.0,0.0,25.447128079519985,191.64432877539136,-1.0949891354465555,0.0,0.0,0.0,0.0,0.0,0.0,0.0,0.0,37.83043032063088,-7.051794254580557,False,True,False,True,False,0.0,0,0.8486992477720446,1.0184555064176009,False,False,False,False,-0.140787950810971,-0.12268551775741605,False,False,False,False,-1275592,-583791.6407468425,False,False,False,False,301229.975045816,False,False,False,False
2022-04-25 00:00:00+00:00,162.8,164.83,158.58,161.0,180129,,,,,,,,,,,,,,,,,,,,,,,,,"rgba(239, 83, 80, 1.0)",0.0,0.0,25.882404646212244,190.9128343963931,-1.0861755227409773,0.0,0.0,0.0,0.0,0.0,0.0,0.0,0.0,36.738801788207,-8.239330054810779,False,True,False,True,False,0.0,0,0.8340108438623757,1.0301832905763133,False,False,False,False,-0.17725826386773902,-0.14997189081257753,False,False,False,False,-1455721,-617984.9489528487,False,False,False,False,296480.91720088205,False,False,False,False
2022-04-26 00:00:00+00:00,152.57,163.35,151.67,162.97,221856,,,,,,,,,,,,,,,,,,,,,,,,,"rgba(239, 83, 80, 1.0)",0.0,0.0,26.498994084596763,189.91915752095974,-1.4094556722313445,0.0,0.0,0.0,0.0,0.0,0.0,0.0,0.0,34.4532259820865,-10.540539817425142,False,True,False,True,False,0.0,0,0.8498101314332069,1.0192771140970183,False,False,False,False,-0.2147720891891837,-0.1823719900008806,False,False,False,False,-1677577,-659537.5784056782,False,False,False,False,293554.449859671,False,False,False,False
2022-04-27 00:00:00+00:00,157.8,164.91,154.34,155.07,164013,,,,,,,,,,,,,,,,,,,,,,,,,"rgba(239, 83, 80, 1.0)",0.0,0.0,26.889426048638967,189.3066806779507,-1.1717126509491056,0.0,0.0,0.0,0.0,0.0,0.0,0.0,0.0,34.581519740390036,-10.551473887952838,False,True,False,True,False,0.0,0,0.850355628548593,1.0034983227228735,False,False,False,False,-0.19579063118536302,-0.18908131059312183,False,False,False,False,-1513564,-693028.8106250634,False,False,False,False,288474.39300242905,False,False,False,False
2022-04-28 00:00:00+00:00,158.45,165.24,150.5,165.24,180248,,,,,,,,,,,,,,,,,,,,,,,,,"rgba(239, 83, 80, 1.0)",0.0,0.0,27.075059947693,188.6583854980799,-1.1157273725871801,0.0,0.0,0.0,0.0,0.0,0.0,0.0,0.0,34.87492545833389,-10.551473887952838,False,True,False,True,False,0.0,0,0.8355561990971136,1.0242384414240293,False,False,False,False,-0.2055239418849455,-0.19730262623903366,False,False,False,False,-1333316,-718138.1121691786,False,False,False,False,284230.22072782397,False,False,False,False
2022-04-29 00:00:00+00:00,160.0,178.79,158.535,170.94,212042,,,,,,,,,,,,,,,,,,,,,,,,,"rgba(239, 83, 80, 1.0)",0.0,0.0,27.135911917007064,188.13507318367584,-1.0368206261033213,0.0,0.0,0.0,0.0,0.0,0.0,0.0,0.0,35.59736126790972,-10.551473887952838,False,True,False,True,False,0.0,0,0.8498266483139864,0.9986934504163013,False,False,False,False,-0.09758303219666392,-0.1474428292178488,False,False,False,False,-1121274,-733947.362672348,False,False,False,False,281399.31011104654,False,False,False,False
2022-05-02 00:00:00+00:00,166.53,168.36,155.9,156.62,149679,,,,,,,,,,,,,,,,,,,,,,,,,"rgba(239, 83, 80, 0.75)",0.0,0.0,26.848908428161135,187.7525030580463,-0.7904419322979461,0.0,0.0,0.0,0.0,0.0,0.0,0.0,0.0,38.21789646263016,-10.551473887952838,False,True,False,True,True,0.0,0,0.863499872175039,1.011172539734158,False,False,False,False,-0.15962917158877632,-0.15353600040331256,False,False,False,False,-971595,-743266.8778616677,False,False,False,False,276233.8077537506,False,False,False,False
2022-05-03 00:00:00+00:00,163.53,167.86,161.095,167.67,118652,,,,,,,,,,,,,,,,,,,,,,,,,"rgba(239, 83, 80, 0.75)",0.0,0.0,26.86070446105504,187.46978708576287,-0.8912568588985756,0.0,0.0,0.0,0.0,0.0,0.0,0.0,0.0,39.255323386460525,-10.551473887952838,False,True,False,True,True,0.0,0,0.8699127991979204,1.0083829891083436,False,False,False,False,-0.1372164568479018,-0.14537622862560717,False,False,False,False,-1090247,-756873.9414749356,False,False,False,False,270054.1290183094,False,False,False,False
2022-05-04 00:00:00+00:00,163.0,165.81,150.81,161.12,168994,,,,,,,,,,,,,,,,,,,,,,,,,"rgba(239, 83, 80, 0.75)",0.0,0.0,26.79856875766796,187.0089791473929,-0.8959052763040983,0.0,0.0,0.0,0.0,0.0,0.0,0.0,0.0,39.817034479175916,-14.379886925623332,False,True,False,True,True,0.0,0,0.8555100614581942,1.0087929216510276,False,False,False,False,-0.19645410260654156,-0.17091516561607437,False,False,False,False,-1259241,-776574.6104367028,False,False,False,False,266090.9867038659,False,False,False,False
2022-05-05 00:00:00+00:00,159.48,175.436,158.01,162.89,545333,,,,,,,,,,,,,,,,,,,,,,,,,"rgba(239, 83, 80, 0.75)",0.0,0.0,26.74174198844522,185.90427081137483,-0.988128253678928,0.0,0.0,0.0,0.0,0.0,0.0,0.0,0.0,39.3119907277397,-14.379886925623332,False,True,False,True,True,0.0,0,0.868058248850836,1.0078051039443876,False,False,False,False,-0.1159053416880896,-0.143410253652082,False,False,False,False,-1804574,-816888.3119882047,False,False,False,False,277041.6538919496,False,False,False,False
2022-05-06 00:00:00+00:00,147.29,158.08,145.87,158.08,226655,,,,,,,,,,,,,,,,,,,,,,,,,"rgba(239, 83, 80, 1.0)",0.0,0.0,26.96479521674657,185.1953148741694,-1.4057334598494635,0.0,0.0,0.0,0.0,0.0,0.0,0.0,0.0,36.45866550822132,-14.379886925623332,False,True,False,True,False,0.0,0,0.8504888271856802,1.0228103456498356,False,False,False,False,-0.258757584603113,-0.2010839191275975,False,False,False,False,-2031229,-864509.5154396477,False,False,False,False,275065.70668050065,False,False,False,False
2022-05-09 00:00:00+00:00,134.22,145.9399,131.03,140.42,306988,,,,,,,,,,,,,,,,,,,,,,,,,"rgba(239, 83, 80, 1.0)",0.0,0.0,27.131369895978892,183.92869353648882,-1.8321483112379109,0.0,0.0,0.0,0.0,0.0,0.0,0.0,0.0,32.62289010046661,-13.109124557500138,False,True,False,True,False,0.0,0,0.8250917555451688,1.0396484872949776,False,False,False,False,-0.34282825441539394,-0.27195608677149574,False,False,False,False,-2338217,-922301.9658145634,False,False,False,False,276317.561320481,False,False,False,False
2022-05-10 00:00:00+00:00,143.68,156.665,142.03,148.86,298377,,,,,,,,,,,,,,,,,,,,,,,,,"rgba(239, 83, 80, 1.0)",0.0,0.0,26.94697927077944,183.05418402700846,-1.461172461349118,0.0,0.0,0.0,0.0,0.0,0.0,0.0,0.0,33.33210356816016,-13.109124557500138,False,True,False,True,False,0.0,0,0.8309175310951237,1.0101323669073536,False,False,False,False,-0.2400830665691937,-0.2560195766703447,False,False,False,False,-2039840,-966126.9867630119,False,False,False,False,277182.6373471288,False,False,False,False
2022-05-11 00:00:00+00:00,121.11,130.0,120.3,128.0,1133438,,,,,,,,,,,,,,,,,,,,,,,,,"rgba(239, 83, 80, 1.0)",0.0,0.0,27.428975874967445,178.13901963271107,-2.0791523494232083,0.0,0.0,0.0,0.0,0.0,0.0,0.0,0.0,30.848601045610405,-14.642867762574454,False,True,False,True,False,0.0,0,0.8096542815422906,1.0338925361454137,False,False,False,False,-0.34282825441539394,-0.2994239155428693,False,False,False,False,-3173278,-1052681.92845858,False,False,False,False,310761.2790197904,True,False,False,False
2022-05-12 00:00:00+00:00,131.48,131.94,120.0,121.42,411424,,,,,,,,,,,,,,,,,,,,,,,,,"rgba(239, 83, 80, 1.0)",0.0,0.0,27.856019825892876,176.72986176478088,-1.6244194988230154,0.0,0.0,0.0,0.0,0.0,0.0,0.0,0.0,32.015636466173696,-14.642867762574454,False,True,False,True,False,0.0,0,0.8099720864687123,1.0261438676049468,False,False,False,False,-0.3358915168523724,-0.31765771619762084,False,False,False,False,-2761854,-1119708.2842053026,False,False,False,False,314708.83670528885,False,False,False,False
2022-05-13 00:00:00+00:00,132.87,137.48,130.68,135.98,424882,,,,,,,,,,,,,,,,,,,,,,,,,"rgba(239, 83, 80, 0.75)",0.0,0.0,28.34340238275262,175.55380690948357,-1.5059521201116381,0.0,0.0,0.0,0.0,0.0,0.0,0.0,0.0,33.15619477923717,-14.642867762574454,False,True,False,True,True,0.0,0,0.8515464891972739,1.016026961218287,False,False,False,False,-0.26882427153743493,-0.2932409938675279,False,False,False,False,-2336972,-1167444.1161972515,False,False,False,False,319029.3529129246,False,False,False,False
2022-05-16 00:00:00+00:00,129.18,135.94,127.33,130.26,228845,,,,,,,,,,,,,,,,,,,,,,,,,"rgba(239, 83, 80, 0.75)",0.0,0.0,29.127147379832483,174.9080434665461,-1.5699458264906507,0.0,0.0,0.0,0.0,0.0,0.0,0.0,0.0,33.37148670948456,-14.642867762574454,False,True,False,True,True,0.0,0,0.8624522642123142,0.9802815223516594,False,False,False,False,-0.28877113869083515,-0.2910060662791815,False,False,False,False,-2565817,-1222282.2685032415,False,False,False,False,315492.7116222217,False,False,False,False
2022-05-17 00:00:00+00:00,138.58,139.99,132.91,136.23,191194,,,,,,,,,,,,,,,,,,,,,,,,,"rgba(239, 83, 80, 0.75)",0.0,0.0,29.5349351041034,174.46902611627075,-1.2151381402996393,0.0,0.0,0.0,0.0,0.0,0.0,0.0,0.0,36.04155975005456,-18.497676892160104,False,True,False,True,True,0.0,0,0.8675089846507472,0.968198689707736,False,False,False,False,-0.24968680783525854,-0.27034643705722006,False,False,False,False,-2374623,-1267472.1011109573,False,False,False,False,310618.2523429189,False,False,False,False
2022-05-18 00:00:00+00:00,131.09,138.36,128.55,136.57,286151,,,,,,,,,,,,,,,,,,,,,,,,,"rgba(239, 83, 80, 0.75)",0.0,0.0,29.513788364145984,173.74948928602075,-1.4454087953630668,0.0,0.0,0.0,0.0,0.0,0.0,0.0,0.0,36.563541323257994,-17.914406011535633,False,True,False,True,True,0.0,0,0.8543372288767902,0.9818547412728262,False,False,False,False,-0.2739027381796631,-0.2721245876184416,False,False,False,False,-2660774,-1322111.391263469,False,False,False,False,309658.7522510397,False,False,False,False
2022-05-19 00:00:00+00:00,131.67,136.54,130.08,132.0,361490,,,,,,,,,,,,,,,,,,,,,,,,,"rgba(239, 83, 80, 0.75)",0.0,0.0,29.049407001436883,172.88526839394518,-1.4187989583369653,0.0,0.0,0.0,0.0,0.0,0.0,0.0,0.0,37.07185568930076,-17.28150173098755,False,True,False,True,True,0.0,0,0.8419053075510907,0.9956026025385776,False,False,False,False,-0.2750829062143898,-0.2736037469164157,False,False,False,False,-2299284,-1360431.885723725,False,False,False,False,311691.35020197934,False,False,False,False
2022-05-20 00:00:00+00:00,137.32,139.45,129.3,139.0,259743,,,,,,,,,,,,,,,,,,,,,,,,,"rgba(239, 83, 80, 0.75)",0.0,0.0,28.636378174534393,172.33397881050155,-1.2227097504124527,0.0,0.0,0.0,0.0,0.0,0.0,0.0,0.0,38.985395579193224,-15.319976129616094,False,True,False,True,True,0.0,0,0.8773843793729236,0.9890645504932765,False,False,False,False,-0.26643194632754547,-0.2700178466219806,False,False,False,False,-2039541,-1387063.6156953436,False,False,False,False,309654.15999798017,False,False,False,False
2022-05-23 00:00:00+00:00,135.17,138.68,132.195,137.5,151195,,,,,,,,,,,,,,,,,,,,,,,,,"rgba(239, 83, 80, 0.5)",0.0,0.0,28.74757247440496,172.0219349937829,-1.2819146738944158,0.0,0.0,0.0,0.0,0.0,0.0,0.0,0.0,39.81940103623534,-14.402554058000149,False,False,False,True,True,0.0,0,0.8843054454606186,0.9863833777013916,False,False,False,False,-0.25783994634717694,-0.26392889648457873,False,False,False,False,-2190736,-1418580.1797857222,False,False,False,False,303440.07529217703,False,False,False,False
2022-05-24 00:00:00+00:00,122.99,132.0,118.18,129.04,300024,,,,,,,,,,,,,,,,,,,,,,,,,"rgba(239, 83, 80, 0.75)",0.0,0.0,29.094690717172476,161.85364736561368,-1.3357642376543741,0.0,0.0,0.0,0.0,0.0,0.0,0.0,0.0,38.13941755089758,-14.402554058000149,False,True,False,True,True,0.0,0,0.8841416550961732,0.9536525860969343,False,False,False,False,-0.34282825441539394,-0.30337857544998637,False,False,False,False,-2490760,-1460626.4472451056,False,False,False,False,303306.11155522894,False,False,False,False
2022-05-25 00:00:00+00:00,127.41,128.49,120.94,126.74,222301,,,,,,,,,,,,,,,,,,,,,,,,,"rgba(239, 83, 80, 0.75)",0.0,0.0,29.36272567127992,161.51176850926225,-1.1613965573576726,0.0,0.0,0.0,0.0,0.0,0.0,0.0,0.0,38.33751018680353,-14.402554058000149,False,True,False,True,True,0.0,0,0.8870700222370834,0.9631050594205253,False,False,False,False,-0.34282825441539394,-0.3231034149326901,False,False,False,False,-2268459,-1492306.155196278,False,False,False,False,300129.44051384745,False,False,False,False
2022-05-26 00:00:00+00:00,131.26,132.1,127.68,127.68,165105,,,,,,,,,,,,,,,,,,,,,,,,,"rgba(239, 83, 80, 0.5)",0.0,0.0,29.62269605105733,161.48722909292323,-1.020407765749071,0.0,0.0,0.0,0.0,0.0,0.0,0.0,0.0,39.590783554980256,-14.377040373350113,False,False,False,True,True,0.0,0,0.8726882636704694,1.0016734725792733,False,False,False,False,-0.2997618503090035,-0.3114326326208468,False,False,False,False,-2103354,-1516268.8157768159,False,False,False,False,294834.3644152652,False,False,False,False
2022-05-27 00:00:00+00:00,133.96,133.96,125.0001,130.31,191569,,,,,,,,,,,,,,,,,,,,,,,,,"rgba(239, 83, 80, 0.5)",0.0,0.0,29.60690694312279,161.3762093639762,-0.926007212325316,0.0,0.0,0.0,0.0,0.0,0.0,0.0,0.0,41.21053272637235,-12.716299146566385,False,False,False,True,True,0.0,0,0.8712309869273961,0.9882181453815368,False,False,False,False,-0.303132479637274,-0.3072825561290604,False,False,False,False,-1911785,-1531779.2543738035,False,False,False,False,290784.74228133325,False,False,False,False
2022-05-31 00:00:00+00:00,137.22,144.33,135.17,139.53,523412,,,,,,,,,,,,,,,,,,,,,,,,,"rgba(239, 83, 80, 0.5)",0.0,0.0,29.513809747943952,161.6021194806986,-0.8261257929399358,0.0,0.0,0.0,0.0,0.0,0.0,0.0,0.0,43.238458376652346,-10.719821932206123,False,False,False,True,True,0.0,0,0.8573808317012855,0.9938354155563771,False,False,False,False,-0.22047186989066253,-0.26387721300986144,False,False,False,False,-1388373,-1526155.479692478,False,False,False,False,299907.37983892806,False,False,False,False
2022-06-01 00:00:00+00:00,139.02,142.78,136.65,137.57,231108,,,,,,,,,,,,,,,,,,,,,,,,,"rgba(239, 83, 80, 0.5)",0.0,0.0,29.642763350049208,161.5589065408158,-0.7603510602117455,0.0,0.0,0.0,0.0,0.0,0.0,0.0,0.0,45.120282197296866,-8.90670372409128,True,False,False,True,True,0.0,1,0.8822482022521978,0.9811138540754389,False,False,False,False,-0.22074801302188288,-0.24231261301587215,False,False,False,False,-1157265,-1511689.1863712044,False,False,False,False,297209.3649432838,False,False,False,False
2022-06-02 00:00:00+00:00,138.81,143.17,137.35,139.02,238781,,,,,,,,,,,,,,,,,,,,,,,,,#000000,0.0,0.0,29.708869517974417,161.4741420668127,-0.76287460393269,0.0,0.0,0.0,0.0,0.0,0.0,0.0,0.0,46.31200496917107,-7.750142694091423,True,False,False,False,True,0.0,1,0.8793277594645589,0.9806662786610773,False,False,False,False,-0.2164517989259297,-0.22938220597090092,False,False,False,False,-1396046,-1507154.1594546868,False,False,False,False,294918.05651413545,False,False,False,False
2022-06-03 00:00:00+00:00,141.91,143.35,134.52,136.92,158580,,,,,,,,,,,,,,,,,,,,,,,,,#000000,0.0,0.0,29.437172874561853,161.40162898503593,-0.6621433745724825,0.0,0.0,0.0,0.0,0.0,0.0,0.0,0.0,48.114100520717386,-6.0098022130516355,True,False,False,False,True,0.0,1,0.8698198297343694,0.9893139154323959,False,False,False,False,-0.22691074602496591,-0.22814647599793342,False,False,False,False,-1237466,-1496578.153201562,False,False,False,False,289571.4660626007,False,False,False,False
2022-06-06 00:00:00+00:00,138.43,146.0626,136.2,145.41,280373,,,,,,,,,,,,,,,,,,,,,,,,,#000000,0.0,0.0,29.16925674141938,161.25843267937302,-0.7826196218074144,0.0,0.0,0.0,0.0,0.0,0.0,0.0,0.0,48.146290083016105,-5.90862772619154,True,False,False,False,True,0.0,1,0.8609936137107428,1.0089363812615537,False,False,False,False,-0.20959961429030854,-0.21887304514412098,False,False,False,False,-1517839,-1497411.9118995399,False,False,False,False,289210.74190328305,False,False,False,False
2022-06-07 00:00:00+00:00,154.57,155.6,140.39,141.0,323666,,,,,,,,,,,,,,,,,,,,,,,,,"rgba(38, 166, 154, 1.0)",0.0,0.0,28.967998395868783,161.44424252252915,-0.23730471220647112,0.0,0.0,0.0,0.0,0.0,0.0,0.0,0.0,52.605441931812614,-1.6605290613713493,True,False,True,False,True,0.0,0,0.8784410355900343,0.9857207420716719,False,False,False,False,-0.15624140766325353,-0.18755722640368727,False,False,False,False,-1194173,-1485520.1898642639,False,False,False,False,290561.9284953112,False,False,False,False
2022-06-08 00:00:00+00:00,162.05,169.46,158.145,159.96,365362,,,,,,,,,,,,,,,,,,,,,,,,,"rgba(38, 166, 154, 1.0)",0.0,0.0,28.564107593176928,162.26632162341434,-0.007573197331955263,0.0,0.0,0.0,0.0,0.0,0.0,0.0,0.0,57.064212367759644,2.3986116547405416,True,False,True,False,True,0.0,0,0.9107267692741131,0.9624321647783829,False,False,False,False,-0.03615824923772951,-0.11185773782070839,False,False,False,False,-828811,-1459766.8883009593,False,False,False,False,293495.26463274995,False,False,False,False
2022-06-09 00:00:00+00:00,150.64,164.91,148.915,155.72,228018,,,,,,,,,,,,,,,,,,,,,,,,,"rgba(38, 166, 154, 1.0)",0.0,0.0,28.31030276791126,161.8312398468327,-0.39530625788706086,0.0,0.0,0.0,0.0,0.0,0.0,0.0,0.0,56.456809345524874,2.3986116547405416,True,False,True,False,True,0.0,0,0.8709655996473936,0.9914394441863685,False,False,False,False,-0.08816886911682856,-0.10001330346876847,False,False,False,False,-1056829,-1443965.4024852354,False,False,False,False,290927.528764799,False,False,False,False
2022-06-10 00:00:00+00:00,147.47,161.56,145.1394,157.77,327376,,,,,,,,,,,,,,,,,,,,,,,,,"rgba(38, 166, 154, 1.0)",0.0,0.0,28.144332642503446,161.3419189378468,-0.4928849837745838,0.0,0.0,0.0,0.0,0.0,0.0,0.0,0.0,55.17930138326143,2.3986116547405416,True,False,True,False,True,0.0,0,0.8657279929285824,0.9960309044899501,False,False,False,False,-0.11523338473103466,-0.10762334409990157,False,False,False,False,-1384205,-1441621.8572897362,False,False,False,False,292356.88057794416,False,False,False,False
2022-06-13 00:00:00+00:00,130.3,143.97,127.51,143.4,324426,,,,,,,,,,,,,,,,,,,,,,,,,#000000,0.0,0.0,27.944958126371883,159.91251161279078,-1.0596727852973664,0.0,0.0,0.0,0.0,0.0,0.0,0.0,0.0,50.4655405342035,5.7694061296864305,True,False,False,False,False,0.0,0,0.85855977466416,1.0092815996003144,False,False,False,False,-0.2523375210304906,-0.17998043256519608,False,False,False,False,-1708631,-1452092.8040626878,False,False,False,False,293614.4931042993,False,False,False,False
2022-06-14 00:00:00+00:00,132.01,133.8,129.01,132.02,210267,,,,,,,,,,,,,,,,,,,,,,,,,#000000,0.0,0.0,27.70794022209779,159.14740535039073,-0.9794089756534108,0.0,0.0,0.0,0.0,0.0,0.0,0.0,0.0,47.785921179101464,3.3952796276360786,True,False,False,False,False,0.0,0,0.8578868169756609,1.037956416003508,False,False,False,False,-0.28736198160608506,-0.23367120708564057,False,False,False,False,-1498364,-1453907.3607661116,False,False,False,False,290345.96396295424,False,False,False,False
2022-06-15 00:00:00+00:00,136.74,139.06,132.48,133.67,255718,,,,,,,,,,,,,,,,,,,,,,,,,#000000,0.0,0.0,27.434779621875844,158.58001603350468,-0.7960704016769268,0.0,0.0,0.0,0.0,0.0,0.0,0.0,0.0,47.28279970802933,2.9904172479798845,True,False,False,False,False,0.0,0,0.8575763319941037,1.0569021191613899,False,False,False,False,-0.25209732868891993,-0.24288426788728024,False,False,False,False,-1242646,-1445622.6015203819,False,False,False,False,288988.004591858,False,False,False,False
2022-06-16 00:00:00+00:00,133.78,135.795,128.99,130.48,210820,,,,,,,,,,,,,,,,,,,,,,,,,"rgba(239, 83, 80, 0.5)",0.0,0.0,27.027343079665435,158.07460379255974,-0.8988898287541358,0.0,0.0,0.0,0.0,0.0,0.0,0.0,0.0,46.26858222856313,1.9704084402872013,True,False,False,True,False,0.0,0,0.8407749036480971,1.0607311455939776,False,False,False,False,-0.27932583588672916,-0.2611050518870047,False,False,False,False,-1453466,-1445930.1857744846,False,False,False,False,285922.59264707926,False,False,False,False
2022-06-17 00:00:00+00:00,132.14,141.2897,131.75,138.27,622332,,,,,,,,,,,,,,,,,,,,,,,,,"rgba(239, 83, 80, 0.5)",0.0,0.0,26.645871926786928,157.0474112140261,-0.9347568464812316,0.0,0.0,0.0,0.0,0.0,0.0,0.0,0.0,45.20726928853255,0.8351324281095458,False,False,False,True,False,0.0,0,0.8480665572755286,1.0507903474607985,False,False,False,False,-0.2461028899036239,-0.2536039708953143,False,False,False,False,-2075798,-1470630.8843715638,False,False,False,False,299115.1184256252,False,False,False,False
2022-06-21 00:00:00+00:00,152.67,152.98,139.88,149.26,836087,,,,,,,,,,,,,,,,,,,,,,,,,#000000,0.0,0.0,26.550775277189416,157.1711330868387,-0.16952925253018006,0.0,0.0,0.0,0.0,0.0,0.0,0.0,0.0,49.51818633415288,0.8351324281095458,True,False,False,False,True,0.0,0,0.8450467450597412,1.0167936907885622,False,False,False,False,-0.1517245201571421,-0.2026642455262282,False,False,False,False,-1239711,-1461575.2026315024,False,False,False,False,320172.8392716791,False,False,False,False
2022-06-22 00:00:00+00:00,155.68,159.72,148.0,148.0,288109,,,,,,,,,,,,,,,,,,,,,,,,,"rgba(38, 166, 154, 1.0)",0.0,0.0,26.516998425792963,157.35227786453552,-0.06306437243322756,0.0,0.0,0.0,0.0,0.0,0.0,0.0,0.0,52.963040147101125,-3.048148463455867,True,False,True,False,True,0.0,0,0.8807764019978876,1.0013095699045604,False,False,False,False,-0.02319021621521914,-0.11292723087072366,False,False,False,False,-951602,-1441576.2535086984,False,False,False,False,318915.43381004466,False,False,False,False
2022-06-23 00:00:00+00:00,156.2,159.25,152.755,155.68,202797,,,,,,,,,,,,,,,,,,,,,,,,,"rgba(38, 166, 154, 1.0)",0.0,0.0,26.451682176791234,157.49415097627548,-0.04892509170592485,0.0,0.0,0.0,0.0,0.0,0.0,0.0,0.0,55.36285924700476,-0.8422917993943315,True,False,True,False,True,0.0,0,0.9053147510475543,0.9718021798684802,False,False,False,False,0.009746112553988993,-0.051590559158367334,False,False,False,False,-748805,-1414408.7533711025,False,False,False,False,314361.7697390625,False,False,False,False
2022-06-24 00:00:00+00:00,177.99,181.83,166.35,169.53,534361,,,,,,,,,,,,,,,,,,,,,,,,,"rgba(38, 166, 154, 1.0)",0.0,0.0,26.38616538065902,158.72704131668857,0.730040095080702,0.0,0.0,0.0,0.0,0.0,0.0,0.0,0.0,60.446355945552725,3.855249345117599,True,False,True,False,True,1.0603168568273418,0,0.9201051445660475,0.940808337075571,False,False,False,False,0.2103991313931927,0.07940428611741268,False,False,False,False,-214444,-1367351.312062432,False,False,False,False,322989.1905336091,False,False,False,False
2022-06-27 00:00:00+00:00,171.27,180.1,167.42,178.12,255502,,,,,,,,,,,,,,,,,,,,,,,,,"rgba(38, 166, 154, 1.0)",0.0,0.0,26.121427638509093,159.1872389144133,0.46256128312733874,0.0,0.0,0.0,0.0,0.0,0.0,0.0,0.0,61.911801026563836,5.113635606864847,True,False,True,False,True,0.0,0,0.9180278961418584,0.939201026287207,False,False,False,False,0.2078920241175931,0.1436481551175029,False,False,False,False,-469946,-1332158.9468835131,False,False,False,False,320342.634042095,False,False,False,False
2022-06-28 00:00:00+00:00,165.03,171.31,160.04,167.8,274593,,,,,,,,,,,,,,,,,,,,,,,,,"rgba(38, 166, 154, 1.0)",0.0,0.0,25.996631231514986,159.47165372061727,0.21381025217777083,0.0,0.0,0.0,0.0,0.0,0.0,0.0,0.0,61.223557590291854,5.113635606864847,True,False,True,False,True,0.0,0,0.9059176065119535,0.9537658923361231,False,False,False,False,0.20872225247324286,0.1761852037953729,False,False,False,False,-744539,-1309115.0273978852,False,False,False,False,318548.53074632655,False,False,False,False
2022-06-29 00:00:00+00:00,162.29,167.89,159.97,162.01,371891,,,,,,,,,,,,,,,,,,,,,,,,,"rgba(38, 166, 154, 1.0)",0.0,0.0,25.99671119185628,159.75770994609073,0.09740809270914731,0.0,0.0,0.0,0.0,0.0,0.0,0.0,0.0,60.04901213337049,5.113635606864847,True,False,True,False,True,0.0,0,0.9193427483790059,0.9488976493166515,False,False,False,False,0.1906939651810972,0.18343958448823505,False,False,False,False,-1116430,-1301558.7518136546,False,False,False,False,320640.39228568634,False,False,False,False
2022-06-30 00:00:00+00:00,161.85,162.6,154.8,158.94,296269,,,,,,,,,,,,,,,,,,,,,,,,,"rgba(38, 166, 154, 1.0)",0.0,0.0,25.937512184214953,159.8804606078635,0.07593401318323445,0.0,0.0,0.0,0.0,0.0,0.0,0.0,0.0,59.14485941491064,5.113635606864847,True,False,True,False,True,0.0,0,0.9134367550966866,0.9591543510456066,False,False,False,False,0.1206237781493715,0.1520316813188033,False,False,False,False,-1412699,-1305917.1929190014,False,False,False,False,319684.6514117379,False,False,False,False
2022-07-01 00:00:00+00:00,166.95,169.04,158.48,159.82,225093,,,,,,,,,,,,,,,,,,,,,,,,,"rgba(38, 166, 154, 1.0)",0.0,0.0,25.880872062948956,160.05052562136837,0.26658585390207573,0.0,0.0,0.0,0.0,0.0,0.0,0.0,0.0,59.599087619136505,5.113635606864847,True,False,True,False,True,0.0,0,0.9185359212904365,0.9466188775185657,False,False,False,False,0.1943277300141307,0.173179705666467,False,False,False,False,-1187606,-1301277.538294727,False,False,False,False,315975.1748857874,False,False,False,False
2022-07-05 00:00:00+00:00,194.48,196.4,171.0,173.57,475901,,,,,,,,,,,,,,,,,,,,,,,,,"rgba(38, 166, 154, 1.0)",0.0,0.0,26.035528497500046,164.86984873478363,1.1372978761717685,0.0,0.0,0.0,0.0,0.0,0.0,0.0,0.0,63.93274900960928,7.631246327134349,True,False,True,False,True,4.753496907104797,0,0.9488789416415834,0.891560527861498,False,False,False,False,0.34282825315972276,0.2580039794130949,False,False,False,False,-711705,-1278157.0465968945,False,False,False,False,322246.7758706585,False,False,False,False
2022-07-06 00:00:00+00:00,181.05,194.0,168.06,189.78,467025,,,,,,,,,,,,,,,,,,,,,,,,,"rgba(38, 166, 154, 1.0)",0.0,0.0,25.940955668073716,165.07780233966264,0.6157135405768731,0.0,0.0,0.0,0.0,0.0,0.0,0.0,0.0,63.40668601657332,7.631246327134349,True,False,True,False,True,1.7131804731706204,0,0.9421444709432383,0.8942764517226004,False,False,False,False,0.30965654046974256,0.28383025994141875,False,False,False,False,-1178730,-1274257.9467303497,False,False,False,False,327924.35328749544,False,False,False,False
2022-07-07 00:00:00+00:00,191.41,193.53,181.26,181.27,230835,,,,,,,,,,,,,,,,,,,,,,,,,"rgba(38, 166, 154, 1.0)",0.0,0.0,25.916587613216105,165.60433105645106,0.9957201668937848,0.0,0.0,0.0,0.0,0.0,0.0,0.0,0.0,64.39794903594589,8.402361710053349,True,False,True,False,True,3.8482513544202135,0,0.9711149485028964,0.8882152940890596,False,False,False,False,0.34282825323374483,0.3133292565875818,False,False,False,False,-947895,-1261459.3997997476,False,False,False,False,324116.92766837793,False,False,False,False
2022-07-08 00:00:00+00:00,188.74,190.0,183.51,185.39,400369,,,,,,,,,,,,,,,,,,,,,,,,,"rgba(38, 166, 154, 1.0)",0.0,0.0,26.020575093879252,166.31074617002702,0.861981480003836,0.0,0.0,0.0,0.0,0.0,0.0,0.0,0.0,64.4076960554494,8.701332262242651,True,False,True,False,True,3.2487512425191625,0,0.9832435373735006,0.888560467745361,False,False,False,False,0.3352843827819484,0.3243068196847651,False,False,False,False,-1348264,-1264863.501768385,False,False,False,False,327107.2050147161,False,False,False,False
2022-07-11 00:00:00+00:00,177.02,182.4,173.61,180.57,250978,,,,,,,,,,,,,,,,,,,,,,,,,"rgba(38, 166, 154, 1.0)",0.0,0.0,25.9265691903494,166.38963134827034,0.410018331915917,0.0,0.0,0.0,0.0,0.0,0.0,0.0,0.0,61.74250734370745,8.701332262242651,True,False,True,False,True,0.6717119741800701,0,0.9597386933529801,0.896305599252055,False,False,False,False,0.23537906015881935,0.2798429399217922,False,False,False,False,-1599242,-1277976.3840519777,False,False,False,False,324121.74599453114,False,False,False,False
2022-07-12 00:00:00+00:00,178.66,183.04,170.05,176.0,199098,,,,,,,,,,,,,,,,,,,,,,,,,"rgba(38, 166, 154, 0.75)",0.0,0.0,25.8325841783846,166.46177683954815,0.47220297730254573,0.0,0.0,0.0,0.0,0.0,0.0,0.0,0.0,60.23870894378941,8.701332262242651,True,False,True,False,False,1.0196087511186,0,0.9600707611979135,0.8955267614311853,False,False,False,False,0.21919747945378296,0.2495202096877876,False,False,False,False,-1400144,-1282767.2709519002,False,False,False,False,319218.8539947456,False,False,False,False
2022-07-13 00:00:00+00:00,169.74,174.24,160.46,172.34,348997,,,,,,,,,,,,,,,,,,,,,,,,,"rgba(38, 166, 154, 0.75)",0.0,0.0,25.4153734223637,166.2620423072422,0.1368446426090063,0.0,0.0,0.0,0.0,0.0,0.0,0.0,0.0,57.30835530832141,12.7591226758596,True,False,True,False,False,0.0,0,0.925015877336958,0.9238172457296565,False,False,False,False,0.11949824781542122,0.18450922875160441,False,False,False,False,-1749141,-1301056.4367969239,False,False,False,False,320386.6244263242,False,False,False,False
2022-07-14 00:00:00+00:00,175.93,179.995,170.8635,179.38,236421,,,,,,,,,,,,,,,,,,,,,,,,,"rgba(38, 166, 154, 0.75)",0.0,0.0,25.212841001191123,166.35652441997286,0.37970634009768567,0.0,0.0,0.0,0.0,0.0,0.0,0.0,0.0,56.51380795851931,11.883797550269492,True,False,True,False,False,0.43176259650892135,0,0.943764971784589,0.895929780934029,False,False,False,False,0.20690746347343414,0.19570834611251928,False,False,False,False,-1512720,-1309356.9686872405,False,False,False,False,317093.85484097817,False,False,False,False
2022-07-15 00:00:00+00:00,177.15,179.22,171.41,176.48,188250,,,,,,,,,,,,,,,,,,,,,,,,,"rgba(38, 166, 154, 0.75)",0.0,0.0,24.94827304716759,166.44242524506464,0.42919101994320247,0.0,0.0,0.0,0.0,0.0,0.0,0.0,0.0,56.213825359353834,11.4035514458553,True,False,True,False,False,0.6949694113181799,0,0.9364532617689499,0.8965411220667434,False,False,False,False,0.20565252778366308,0.20068043694809118,False,False,False,False,-1324470,-1309949.6365818586,False,False,False,False,312041.15465113585,False,False,False,False
2022-07-18 00:00:00+00:00,172.74,181.93,172.0,177.85,257737,,,,,,,,,,,,,,,,,,,,,,,,,"rgba(38, 166, 154, 0.75)",0.0,0.0,24.39170819308417,166.55401133062583,0.25361030971697623,0.0,0.0,0.0,0.0,0.0,0.0,0.0,0.0,54.951465487517865,9.97704618229124,True,False,True,False,False,0.0,0,0.9534013925555422,0.8880540036855153,False,False,False,False,0.22384053611339771,0.21226048653074445,False,False,False,False,-1582207,-1320626.3959315896,False,False,False,False,309911.57995893445,False,False,False,False
2022-07-19 00:00:00+00:00,178.36,180.44,168.82,172.0,288855,,,,,,,,,,,,,,,,,,,,,,,,,"rgba(38, 166, 154, 0.75)",0.0,0.0,23.90208427490534,166.69016305355072,0.48823511842025374,0.0,0.0,0.0,0.0,0.0,0.0,0.0,0.0,55.28909413368998,9.97704618229124,True,False,True,False,False,0.9595459541414684,1,0.9361352995017573,0.9050209792431783,False,False,False,False,0.19814164059246306,0.20520106356160375,False,False,False,False,-1293352,-1319556.8117774099,False,False,False,False,309085.83172525075,False,False,False,False
2022-07-20 00:00:00+00:00,186.0,188.6,175.7157,179.0,210003,,,,,,,,,,,,,,,,,,,,,,,,,"rgba(38, 166, 154, 0.75)",0.0,0.0,23.862399422484547,166.92716461584885,0.7992840554910672,0.0,0.0,0.0,0.0,0.0,0.0,0.0,0.0,56.98306575908464,9.97704618229124,True,False,True,False,False,2.6102139071165027,1,0.9692283396424184,0.8657675158868675,False,False,False,False,0.28210751970807013,0.24365429163483693,False,False,False,False,-1083349,-1310293.7603351586,False,False,False,False,305200.2304811233,False,False,False,False
2022-07-21 00:00:00+00:00,188.53,189.35,183.6,186.0,202389,,,,,,,,,,,,,,,,,,,,,,,,,"rgba(38, 166, 154, 1.0)",0.0,0.0,23.703829183191868,167.20955113174642,0.8994516752327797,0.0,0.0,0.0,0.0,0.0,0.0,0.0,0.0,58.57696733572105,9.97704618229124,True,False,True,False,True,3.1514784387756514,1,1.008446495702447,0.8443828978978458,False,False,False,False,0.33199551920419984,0.2878249054195184,False,False,False,False,-880960,-1293457.1422827994,False,False,False,False,301168.41752107925,False,False,False,False
2022-07-22 00:00:00+00:00,180.57,187.75,179.1,184.09,237691,,,,,,,,,,,,,,,,,,,,,,,,,"rgba(38, 166, 154, 1.0)",0.0,0.0,22.91493322217128,167.43557109679207,0.5731820719643093,0.0,0.0,0.0,0.0,0.0,0.0,0.0,0.0,57.40550276319938,9.97704618229124,True,False,True,False,True,1.3194427175282506,1,0.9943389868090818,0.873626617477541,False,False,False,False,0.29659903718304165,0.29221197130128,False,False,False,False,-1118651,-1286601.99944818,False,False,False,False,298679.10703005653,False,False,False,False
2022-07-25 00:00:00+00:00,182.59,185.7,179.6467,182.55,141800,,,,,,,,,,,,,,,,,,,,,,,,,"rgba(38, 166, 154, 1.0)",0.0,0.0,22.269597412187164,167.56805427166836,0.6745494968000992,0.0,0.0,0.0,0.0,0.0,0.0,0.0,0.0,57.064913447600084,9.97704618229124,True,False,True,False,True,1.7640059543104236,1,1.0148486694257168,0.8508118964577354,False,False,False,False,0.2879886973598757,0.29010033433057786,False,False,False,False,-976851,-1274454.9014306043,False,False,False,False,292526.9851857406,False,False,False,False
2022-07-26 00:00:00+00:00,177.3,180.96,175.0,180.0,307092,,,,,,,,,,,,,,,,,,,,,,,,,"rgba(38, 166, 154, 0.75)",0.0,0.0,21.501776817423682,167.7303983074525,0.4450609721143095,0.0,0.0,0.0,0.0,0.0,0.0,0.0,0.0,55.37037935783685,9.569220558584561,True,False,True,False,False,0.5459422204661664,1,1.004493270865781,0.8585205573316351,False,False,False,False,0.23510098035386212,0.26260065734222,False,False,False,False,-1283943,-1274826.9837274435,False,False,False,False,293098.16223728016,False,False,False,False
2022-07-27 00:00:00+00:00,177.61,180.515,174.05,176.12,189517,,,,,,,,,,,,,,,,,,,,,,,,,"rgba(38, 166, 154, 0.75)",0.0,0.0,20.64889840920105,167.8233798603674,0.47395361949535025,0.0,0.0,0.0,0.0,0.0,0.0,0.0,0.0,54.32084768739147,8.427014853022214,True,False,True,False,False,0.6165201348419771,1,0.9841133334291413,0.8689267198214325,False,False,False,False,0.22735676699116625,0.24497871216669312,False,False,False,False,-1094426,-1267752.4353459752,False,False,False,False,289036.1558750339,False,False,False,False
2022-07-28 00:00:00+00:00,174.87,178.48,170.33,178.48,242398,,,,,,,,,,,,,,,,,,,,,,,,,#000000,0.0,0.0,20.254985143691496,167.89083722501292,0.34456518854375856,0.0,0.0,0.0,0.0,0.0,0.0,0.0,0.0,52.812955348869565,6.8663630415006125,False,False,False,False,False,0.0,1,0.9834515353990543,0.8696891946929572,False,False,False,False,0.1956794074124865,0.2203290597895898,False,False,False,False,-1336824,-1270461.124155937,False,False,False,False,287207.20858581684,False,False,False,False
2022-07-29 00:00:00+00:00,168.08,172.74,167.18,170.52,309613,,,,,,,,,,,,,,,,,,,,,,,,,#000000,0.0,0.0,20.05515033219245,167.86522017609988,0.010709459682053175,0.0,0.0,0.0,0.0,0.0,0.0,0.0,0.0,49.94289868064119,4.086244581246177,False,False,False,False,False,0.0,1,0.9707856397840302,0.8890601394625166,False,False,False,False,0.1474750432245304,0.1839020515070601,False,False,False,False,-1646437,-1285205.276149822,False,False,False,False,288085.86707264755,False,False,False,False
2022-08-01 00:00:00+00:00,162.49,168.6,161.08,163.34,239361,,,,,,,,,,,,,,,,,,,,,,,,,"rgba(239, 83, 80, 1.0)",0.0,0.0,19.856714839474538,167.30170937292178,-0.24232152255902062,0.0,0.0,0.0,0.0,0.0,0.0,0.0,0.0,46.66892103969271,1.0324625575640525,False,True,False,True,False,0.0,0,0.9679630693181909,0.8934030286163536,False,False,False,False,0.09276839808389774,0.1383352247954789,False,False,False,False,-1885798,-1308757.931987084,False,False,False,False,286175.08797175944,False,False,False,False
2022-08-02 00:00:00+00:00,165.85,171.09,162.0,162.0,189467,,,,,,,,,,,,,,,,,,,,,,,,,"rgba(239, 83, 80, 1.0)",0.0,0.0,19.568428723397663,167.3869313338119,-0.07854137680324953,0.0,0.0,0.0,0.0,0.0,0.0,0.0,0.0,45.63479250517268,0.11621553741478863,False,True,False,True,False,0.0,0,0.9670360382377513,0.8862976336450458,False,False,False,False,0.11090881315787054,0.12462201897667473,False,False,False,False,-1696331,-1323956.8758307279,False,False,False,False,282382.6139336512,False,False,False,False
2022-08-03 00:00:00+00:00,169.72,173.86,164.59,164.59,300752,,,,,,,,,,,,,,,,,,,,,,,,,"rgba(239, 83, 80, 1.0)",0.0,0.0,19.403664385976057,167.6058550821225,0.10895596191642484,0.0,0.0,0.0,0.0,0.0,0.0,0.0,0.0,46.22359247552372,0.11621553741478863,False,True,False,True,False,0.0,1,0.9729362922859948,0.8863681718209101,False,False,False,False,0.13957517057329707,0.1320985947749859,False,False,False,False,-1395579,-1326765.5865824642,False,False,False,False,283102.9820146845,False,False,False,False
2022-08-04 00:00:00+00:00,191.08,193.87,172.53,178.0,285063,,,,,,,,,,,,,,,,,,,,,,,,,#000000,0.0,0.0,19.721906258941566,168.52746220222724,1.1435272788373512,0.0,0.0,0.0,0.0,0.0,0.0,0.0,0.0,51.73677122315945,-3.090340821327068,False,False,False,False,True,3.7853120313612187,1,0.9775826907689947,0.8494058334977421,False,False,False,False,0.294017174663204,0.21305788471909493,False,False,False,False,-1110516,-1318285.210638054,False,False,False,False,283179.845465089,False,False,False,False
2022-08-05 00:00:00+00:00,194.47,199.16,183.82,185.88,225669,,,,,,,,,,,,,,,,,,,,,,,,,"rgba(38, 166, 154, 1.0)",0.0,0.0,20.05723178154779,169.2636720544773,1.2567201805341834,0.0,0.0,0.0,0.0,0.0,0.0,0.0,0.0,56.01438898151361,0.7293090150605082,True,False,True,False,True,4.519502460692575,1,1.0257535975312764,0.8338655694256384,False,False,False,False,0.34282825330621,0.2779430690126524,False,False,False,False,-884847,-1301287.6337502871,False,False,False,False,280924.5181919483,False,False,False,False
2022-08-08 00:00:00+00:00,202.24,205.8329,197.34,199.1,317220,,,,,,,,,,,,,,,,,,,,,,,,,"rgba(38, 166, 154, 1.0)",0.0,0.0,20.644937976076076,170.44711538685658,1.5399845061286161,0.0,0.0,0.0,0.0,0.0,0.0,0.0,0.0,60.153250241673135,4.352039667909189,True,False,True,False,True,6.178920729894401,0,1.0390485285714262,0.8126746261943685,False,False,False,False,0.3428282533882207,0.31038566120043654,False,False,False,False,-567627,-1272516.6285051778,False,False,False,False,282347.87041971507,False,True,False,False
2022-08-09 00:00:00+00:00,197.62,204.0,192.98,204.0,112140,,,,,,,,,,,,,,,,,,,,,,,,,"rgba(38, 166, 154, 1.0)",0.0,0.0,21.132387309658075,170.7481414096859,1.2715959724073833,0.0,0.0,0.0,0.0,0.0,0.0,0.0,0.0,61.39472545873575,5.292779322188615,True,False,True,False,True,5.035608009423143,0,1.0203498191181584,0.8243198510204113,False,False,False,False,0.3113423140688411,0.31086398763463885,False,False,False,False,-679767,-1249271.5450343867,False,False,False,False,275673.0519718831,False,False,False,False
2022-08-10 00:00:00+00:00,191.38,194.99,187.24,189.44,190027,,,,,,,,,,,,,,,,,,,,,,,,,"rgba(38, 166, 154, 1.0)",0.0,0.0,21.46352105569122,171.05605097473136,0.946906566379964,0.0,0.0,0.0,0.0,0.0,0.0,0.0,0.0,60.30681840833438,5.292779322188615,True,False,True,False,True,3.5116520494519747,0,1.0107190117465898,0.8386161609663749,False,False,False,False,0.23579965945267922,0.27333182354365904,False,False,False,False,-869794,-1234390.072680097,False,False,False,False,272314.3832671034,False,False,False,False
2022-08-11 00:00:00+00:00,196.64,207.27,194.25,197.9,165981,,,,,,,,,,,,,,,,,,,,,,,,,"rgba(38, 166, 154, 1.0)",0.0,0.0,21.898840993642953,174.55848209686158,1.0083418528655685,0.0,0.0,0.0,0.0,0.0,0.0,0.0,0.0,60.65612084945852,5.292779322188615,True,False,True,False,True,4.663630082061648,0,1.0025783215432087,0.830108248459898,False,False,False,False,0.3341311529643165,0.30373148825398777,False,False,False,False,-703813,-1213583.1286534267,False,False,False,False,268144.4466683935,False,False,False,False
2022-08-12 00:00:00+00:00,193.97,199.6,192.01,197.95,163745,,,,,,,,,,,,,,,,,,,,,,,,,"rgba(38, 166, 154, 1.0)",0.0,0.0,22.245776036350176,174.58521603929157,0.8713916713462004,0.0,0.0,0.0,0.0,0.0,0.0,0.0,0.0,60.04598611255137,5.292779322188615,True,False,True,False,True,4.0042153550054245,0,0.9963803467157476,0.840707459378559,False,False,False,False,0.282946699977176,0.2933390941155819,False,False,False,False,-867558,-1200013.515765057,False,False,False,False,264050.3507206134,False,False,False,False
2022-08-15 00:00:00+00:00,197.16,198.57,190.83,192.98,123900,,,,,,,,,,,,,,,,,,,,,,,,,"rgba(38, 166, 154, 1.0)",0.0,0.0,22.657029525489683,174.7191790255694,0.990457330215515,0.0,0.0,0.0,0.0,0.0,0.0,0.0,0.0,60.34451976763716,5.292779322188615,True,False,True,False,True,4.713505263753785,0,0.9932727018728659,0.8435708651762983,False,False,False,False,0.27173496545546477,0.2825370297855233,False,False,False,False,-743658,-1182117.2210291724,False,False,False,False,258554.2585354913,False,False,False,False
2022-08-16 00:00:00+00:00,188.25,197.62,187.0,195.09,203010,,,,,,,,,,,,,,,,,,,,,,,,,"rgba(38, 166, 154, 0.75)",0.0,0.0,22.882843147705987,174.72808352604235,0.5909194231973408,0.0,0.0,0.0,0.0,0.0,0.0,0.0,0.0,57.773607365523254,5.292779322188615,True,False,True,False,False,2.5065646303832416,0,0.9916383987517894,0.8459033331601914,False,False,False,False,0.24770748770433748,0.2651222587449304,False,False,False,False,-946668,-1172883.9182437146,False,False,False,False,256376.05231841322,False,False,False,False
2022-08-17 00:00:00+00:00,179.82,188.84,177.52,185.0,302249,,,,,,,,,,,,,,,,,,,,,,,,,"rgba(38, 166, 154, 0.5)",0.0,0.0,22.98791341412107,174.34946856608354,0.2379742491354608,0.0,0.0,0.0,0.0,0.0,0.0,0.0,0.0,53.8793784362621,9.60992180203737,False,True,True,False,False,0.48882463666760145,0,0.9732417799669557,0.8652395461959556,False,False,False,False,0.15820907874686682,0.2116656687458986,False,False,False,False,-1248917,-1175865.6077243532,False,False,False,False,258174.99144318132,False,False,False,False
2022-08-18 00:00:00+00:00,177.83,186.39,175.8,179.72,182714,,,,,,,,,,,,,,,,,,,,,,,,,#000000,0.0,0.0,23.06126419340862,174.17419581430852,0.15852574928378807,0.0,0.0,0.0,0.0,0.0,0.0,0.0,0.0,50.80293340714894,6.688710240110545,False,True,False,False,False,0.018395823809090217,0,0.9663580088316335,0.8870294639156958,False,False,False,False,0.13816696506771395,0.17491631690680626,False,False,False,False,-1431631,-1185895.6231077118,False,False,False,False,255215.73687678206,False,False,False,False
2022-08-19 00:00:00+00:00,174.84,175.99,171.75,175.49,100807,,,,,,,,,,,,,,,,,,,,,,,,,"rgba(239, 83, 80, 1.0)",0.0,0.0,23.11365536327486,174.006169734963,0.03607522271712425,0.0,0.0,0.0,0.0,0.0,0.0,0.0,0.0,48.02075634242,4.082688482072818,False,True,False,True,False,0.0,0,0.9318726582374501,0.9207415818462096,False,False,False,False,0.0694606106551021,0.12218846378095419,False,False,False,False,-1532438,-1199485.5202407427,False,False,False,False,249160.49229337886,False,False,False,False
2022-08-22 00:00:00+00:00,172.99,177.83,172.03,176.85,127898,,,,,,,,,,,,,,,,,,,,,,,,,"rgba(239, 83, 80, 1.0)",0.0,0.0,23.152067731678844,173.82713001723226,-0.03615789427251954,0.0,0.0,0.0,0.0,0.0,0.0,0.0,0.0,45.70806752585159,1.916666803763647,False,True,False,True,False,0.0,0,0.9470615924786582,0.9083394183661971,False,False,False,False,0.07948452817725876,0.10083649597910647,False,False,False,False,-1660336,-1217558.088074439,False,False,False,False,244405.10043873655,False,False,False,False
2022-08-23 00:00:00+00:00,173.02,175.25,171.17,172.01,197756,,,,,,,,,,,,,,,,,,,,,,,,,"rgba(239, 83, 80, 1.0)",0.0,0.0,23.18902682013321,173.57079814379605,-0.02375253381991128,0.0,0.0,0.0,0.0,0.0,0.0,0.0,0.0,44.17760331136256,0.4431323621089547,False,True,False,True,False,0.0,0,0.9510442126788501,0.9049925956596411,False,False,False,False,0.06322646344907028,0.08203147971408838,False,False,False,False,-1462580,-1227166.7905028923,False,False,False,False,242575.72395094298,False,False,False,False
2022-08-24 00:00:00+00:00,176.21,180.07,170.51,170.51,92398,,,,,,,,,,,,,,,,,,,,,,,,,"rgba(239, 83, 80, 1.0)",0.0,0.0,23.18729423978043,173.50077335242332,0.11684100005634548,0.0,0.0,0.0,0.0,0.0,0.0,0.0,0.0,44.397865947299515,0.4431323621089547,False,True,False,True,False,0.0,0,0.9826439822309957,0.8693102711186254,False,False,False,False,0.08289240628618669,0.08246194300013754,False,False,False,False,-1370182,-1232775.2300910144,False,False,False,False,236686.40144306287,False,False,False,False
2022-08-25 00:00:00+00:00,175.95,181.28,173.24,181.28,213050,,,,,,,,,,,,,,,,,,,,,,,,,"rgba(239, 83, 80, 1.0)",0.0,0.0,23.01057195337861,173.39910027850897,0.1108577277722328,0.0,0.0,0.0,0.0,0.0,0.0,0.0,0.0,44.46049046313995,0.3636079340709628,False,True,False,True,False,0.0,0,0.9849374713850286,0.8497785326028818,False,False,False,False,0.0982796447539467,0.09037079387704211,False,False,False,False,-1583232,-1246518.6328325435,False,False,False,False,235759.48373941335,False,False,False,False
2022-08-26 00:00:00+00:00,181.09,189.99,181.09,183.64,210332,,,,,,,,,,,,,,,,,,,,,,,,,"rgba(239, 83, 80, 1.0)",0.0,0.0,23.000322897850758,173.50487919122364,0.3297832314121621,0.0,0.0,0.0,0.0,0.0,0.0,0.0,0.0,46.518542659157006,0.3636079340709628,False,True,False,True,False,0.9223428362800128,0,0.984612206833353,0.8373289178869251,False,False,False,False,0.1788245338342624,0.13459766385565225,False,False,False,False,-1372900,-1251474.764878326,False,False,False,False,234762.3275143383,False,False,False,False
2022-08-29 00:00:00+00:00,167.3,178.84,166.85,178.56,170570,,,,,,,,,,,,,,,,,,,,,,,,,"rgba(239, 83, 80, 1.0)",0.0,0.0,22.47312456975933,173.33325845786428,-0.2684654925992285,0.0,0.0,0.0,0.0,0.0,0.0,0.0,0.0,43.77815986027681,-0.5268066773701889,False,True,False,True,False,0.0,0,0.9716326540560943,0.8506229029387063,False,False,False,False,0.03848143521138176,0.086539549533517,False,False,False,False,-1543470,-1262925.5584125093,False,False,False,False,232244.98133730542,False,False,False,False
2022-08-30 00:00:00+00:00,165.53,169.19,163.985,168.57,141424,,,,,,,,,,,,,,,,,,,,,,,,,"rgba(239, 83, 80, 1.0)",0.0,0.0,22.154764317906306,173.1320797350245,-0.3431352112773416,0.0,0.0,0.0,0.0,0.0,0.0,0.0,0.0,41.526685537939585,-2.779825565320621,False,True,False,True,False,0.0,0,0.961549223256944,0.876054771546934,False,False,False,False,-0.08903060458266886,-0.0012455275245759276,False,False,False,False,-1684894,-1279473.340435548,False,False,False,False,228683.37422603855,False,False,False,False
2022-08-31 00:00:00+00:00,171.66,174.38,168.021,170.99,192256,,,,,,,,,,,,,,,,,,,,,,,,,"rgba(239, 83, 80, 1.0)",0.0,0.0,21.86505952015252,172.98859274307821,-0.06076328042252457,0.0,0.0,0.0,0.0,0.0,0.0,0.0,0.0,42.38624675189855,-2.779825565320621,False,True,False,True,False,0.0,0,0.9627927938421346,0.8944459327605657,False,False,False,False,-0.09044736122451592,-0.04584644437454592,False,False,False,False,-1492638,-1287832.7388498404,False,False,False,False,227254.8497465861,False,False,False,False
2022-09-01 00:00:00+00:00,171.1,171.5,165.15,168.77,140843,,,,,,,,,,,,,,,,,,,,,,,,,"rgba(239, 83, 80, 1.0)",0.0,0.0,21.477473312563664,172.86407215256634,-0.08213592571591809,0.0,0.0,0.0,0.0,0.0,0.0,0.0,0.0,42.79501427616204,-2.779825565320621,False,True,False,True,False,0.0,0,0.9422717763984368,0.9105628115161607,False,False,False,False,-0.15276255000986244,-0.09930449719220419,False,False,False,False,-1633481,-1301387.572620435,False,False,False,False,223866.1497565239,False,False,False,False
2022-09-02 00:00:00+00:00,166.88,169.61,165.925,168.01,166073,,,,,,,,,,,,,,,,,,,,,,,,,"rgba(239, 83, 80, 1.0)",0.0,0.0,21.250032819900287,172.70044528867618,-0.27390288466874446,0.0,0.0,0.0,0.0,0.0,0.0,0.0,0.0,41.83517573433642,-2.9388050231228036,False,True,False,True,False,0.0,0,0.9322155749423638,0.9102218321893747,False,False,False,False,-0.1928102123019688,-0.14605735474708648,False,False,False,False,-1799554,-1320923.5109490454,False,False,False,False,221599.75172685628,False,False,False,False
2022-09-06 00:00:00+00:00,163.45,168.4,160.675,164.63,328173,,,,,,,,,,,,,,,,,,,,,,,,,"rgba(239, 83, 80, 1.0)",0.0,0.0,20.86439047367141,172.31503091338274,-0.424888085015925,0.0,0.0,0.0,0.0,0.0,0.0,0.0,0.0,40.2579142665956,-4.666871282604454,False,True,False,True,False,0.0,0,0.9136466238330784,0.9442023329532221,False,False,False,False,-0.24494807271094743,-0.19550271372901695,False,False,False,False,-2127727,-1352562.8634608476,False,False,False,False,225779.09479639132,False,False,False,False
2022-09-07 00:00:00+00:00,164.24,165.665,161.65,163.45,203940,,,,,,,,,,,,,,,,,,,,,,,,,"rgba(239, 83, 80, 1.0)",0.0,0.0,20.474331094464556,172.09628300964573,-0.3837137815833089,0.0,0.0,0.0,0.0,0.0,0.0,0.0,0.0,39.574060008696094,-5.539441414687914,False,True,False,True,False,0.0,0,0.9120402780833623,0.9451957851264073,False,False,False,False,-0.2593705280866844,-0.2274366209078507,False,False,False,False,-1923787,-1374963.8099917949,False,False,False,False,224922.65970633677,False,False,False,False
2022-09-08 00:00:00+00:00,167.21,167.21,163.1,163.1,135176,,,,,,,,,,,,,,,,,,,,,,,,,"rgba(239, 83, 80, 1.0)",0.0,0.0,20.187765430603594,171.98432274338953,-0.23649584991471595,0.0,0.0,0.0,0.0,0.0,0.0,0.0,0.0,40.51090354741109,-5.539441414687914,False,True,False,True,False,0.0,0,0.9278772013005261,0.9244781431872544,False,False,False,False,-0.23488742664243176,-0.23116202377514122,False,False,False,False,-1788611,-1391185.2684234893,False,False,False,False,221403.18285510788,False,False,False,False
2022-09-09 00:00:00+00:00,170.71,173.86,168.4856,170.74,155703,,,,,,,,,,,,,,,,,,,,,,,,,"rgba(239, 83, 80, 0.75)",0.0,0.0,19.847425156259586,171.93085104530576,-0.06151181000527474,0.0,0.0,0.0,0.0,0.0,0.0,0.0,0.0,42.68314822554542,-5.539441414687914,False,True,False,True,True,0.0,1,0.9357924806469444,0.9072662169265306,False,False,False,False,-0.13893728797648255,-0.1850496558758119,False,False,False,False,-1632908,-1400664.5912304113,False,False,False,False,218826.70509608404,False,False,False,False
2022-09-12 00:00:00+00:00,173.75,173.835,167.47,167.5,166613,,,,,,,,,,,,,,,,,,,,,,,,,"rgba(239, 83, 80, 0.75)",0.0,0.0,19.16769940468759,171.8868743093204,0.09720132037462752,0.0,0.0,0.0,0.0,0.0,0.0,0.0,0.0,45.39365336507104,-9.265294958958208,False,True,False,True,True,0.0,1,0.9436790591076628,0.8967862616983008,False,False,False,False,-0.2113729982676806,-0.19821132707174627,False,False,False,False,-1466295,-1403238.3327507875,False,False,False,False,216779.10881780626,False,False,False,False
2022-09-13 00:00:00+00:00,162.87,166.76,162.8,166.0,381148,,,,,,,,,,,,,,,,,,,,,,,,,"rgba(239, 83, 80, 0.75)",0.0,0.0,18.580316720697578,171.57414265061323,-0.4684604025569287,0.0,0.0,0.0,0.0,0.0,0.0,0.0,0.0,43.48047614133479,-9.265294958958208,False,True,False,True,True,0.0,1,0.9167174773582839,0.909522567027919,False,False,False,False,-0.3210626143397414,-0.2596369707057439,False,False,False,False,-1847443,-1420658.1236233057,False,False,False,False,223224.94768769623,False,False,False,False
2022-09-14 00:00:00+00:00,154.25,161.03,152.53,160.98,268242,,,,,,,,,,,,,,,,,,,,,,,,,"rgba(239, 83, 80, 1.0)",0.0,0.0,18.14190930087221,171.21067079455986,-0.9348889641810986,0.0,0.0,0.0,0.0,0.0,0.0,0.0,0.0,40.0814247579052,-5.007501360965719,False,True,False,True,False,0.0,1,0.8791815708384247,0.9692587417941014,False,False,False,False,-0.34282825441539394,-0.3012326125605689,False,False,False,False,-2115685,-1447914.0795596468,False,False,False,False,224990.32228817872,False,False,False,False
2022-09-15 00:00:00+00:00,160.63,161.29,153.53,153.53,165564,,,,,,,,,,,,,,,,,,,,,,,,,"rgba(239, 83, 80, 1.0)",0.0,0.0,17.705547534981967,171.03084512814615,-0.5874342551449795,0.0,0.0,0.0,0.0,0.0,0.0,0.0,0.0,40.3877911716435,-5.007501360965719,False,True,False,True,False,0.0,1,0.8837147573138682,0.9634944542191791,False,False,False,False,-0.33244954981346747,-0.31684108118701815,False,False,False,False,-1950121,-1467608.4685965234,False,False,False,False,222659.8782768776,False,False,False,False
2022-09-16 00:00:00+00:00,157.09,159.58,154.0,158.43,293422,,,,,,,,,,,,,,,,,,,,,,,,,"rgba(239, 83, 80, 1.0)",0.0,0.0,17.366360506024794,170.69821510425416,-0.7835962578073369,0.0,0.0,0.0,0.0,0.0,0.0,0.0,0.0,39.69079245849204,-5.4377253248686515,False,True,False,True,False,0.0,0,0.8535142644305302,0.9638895806025363,False,False,False,False,-0.3426629618695734,-0.32975202152829575,False,False,False,False,-2243543,-1498037.2737496009,False,False,False,False,225434.86344249026,False,False,False,False
2022-09-19 00:00:00+00:00,154.82,155.73,153.02,153.88,213657,,,,,,,,,,,,,,,,,,,,,,,,,"rgba(239, 83, 80, 1.0)",0.0,0.0,17.085938777014402,170.43630265402214,-0.9139856380048988,0.0,0.0,0.0,0.0,0.0,0.0,0.0,0.0,38.6587324093759,-6.562736793611272,False,True,False,True,False,0.0,0,0.8455210239613012,0.9643846328885926,False,False,False,False,-0.34282825441539394,-0.3362901379718448,False,False,False,False,-2457200,-1535651.4983084402,False,False,False,False,224972.98644474556,False,False,False,False
2022-09-20 00:00:00+00:00,153.74,155.08,152.5,153.5,208957,,,,,,,,,,,,,,,,,,,,,,,,,"rgba(239, 83, 80, 1.0)",0.0,0.0,16.80646226526768,170.18231127626547,-0.9783326804145582,0.0,0.0,0.0,0.0,0.0,0.0,0.0,0.0,37.69339633553675,-7.644914758177016,False,True,False,True,False,0.0,0,0.8709039234821633,0.9620640407661883,False,False,False,False,-0.34282825441539394,-0.3395591961936194,False,False,False,False,-2666157,-1579985.0473943837,False,False,False,False,224344.9085449516,False,False,False,False
2022-09-21 00:00:00+00:00,148.85,154.0,147.5,153.4,241060,,,,,,,,,,,,,,,,,,,,,,,,,"rgba(239, 83, 80, 1.0)",0.0,0.0,16.66910217916526,169.84605197102422,-1.2595790550295642,0.0,0.0,0.0,0.0,0.0,0.0,0.0,0.0,35.8374173798782,-9.556860361265436,False,True,False,True,False,0.0,0,0.8658306337287063,0.9653465423716358,False,False,False,False,-0.34282825441539394,-0.34119372530450665,False,False,False,False,-2907217,-1632033.3592612706,False,False,False,False,225000.40232750255,False,False,False,False
2022-09-22 00:00:00+00:00,144.03,148.125,142.52,147.47,251608,,,,,,,,,,,,,,,,,,,,,,,,,"rgba(239, 83, 80, 1.0)",0.0,0.0,16.53807238132917,169.42913736908497,-1.5357979323974655,0.0,0.0,0.0,0.0,0.0,0.0,0.0,0.0,33.53651136991843,-11.83282666052309,False,True,False,True,False,0.0,0,0.8811867801530718,0.9661670656840128,False,False,False,False,-0.34282825441539394,-0.34201098985995027,False,False,False,False,-3158825,-1691907.5412510247,False,False,False,False,226043.8375303456,False,False,False,False
2022-09-23 00:00:00+00:00,138.64,142.2,136.845,141.5,242457,,,,,,,,,,,,,,,,,,,,,,,,,"rgba(239, 83, 80, 1.0)",0.0,0.0,16.838688840698566,168.96148097296123,-1.800703205565222,0.0,0.0,0.0,0.0,0.0,0.0,0.0,0.0,30.952507803806668,-14.312806851736802,False,True,False,True,False,0.0,0,0.8431498541051575,0.9912096773264555,False,False,False,False,-0.34282825441539394,-0.3424196221376721,False,False,False,False,-3401282,-1758941.8337509846,False,False,False,False,226687.49096052814,False,False,False,False
2022-09-26 00:00:00+00:00,131.8,138.64,131.43,138.64,317991,,,,,,,,,,,,,,,,,,,,,,,,,"rgba(239, 83, 80, 1.0)",0.0,0.0,17.380484978563825,164.84694125087677,-1.9013819977771111,0.0,0.0,0.0,0.0,0.0,0.0,0.0,0.0,28.095944630573896,-16.990603676422545,False,True,False,True,False,0.0,0,0.8291789855933447,0.9976227691832076,False,False,False,False,-0.34282825441539394,-0.34262393827653304,False,False,False,False,-3719273,-1835817.56576075,False,False,False,False,230268.02072678195,False,False,False,False
2022-09-27 00:00:00+00:00,138.56,145.71,136.115,140.58,312247,,,,,,,,,,,,,,,,,,,,,,,,,"rgba(239, 83, 80, 1.0)",0.0,0.0,17.611129249467055,164.6865478903158,-1.4835248506910164,0.0,0.0,0.0,0.0,0.0,0.0,0.0,0.0,29.436818499503445,-16.990603676422545,False,True,False,True,False,0.0,0,0.8302302906437784,0.9778124503486879,False,False,False,False,-0.27871137938568274,-0.3106676588311079,False,False,False,False,-3407026,-1897433.5827897403,False,False,False,False,233482.882659065,False,False,False,False
2022-09-28 00:00:00+00:00,142.43,144.04,136.95,136.95,185843,,,,,,,,,,,,,,,,,,,,,,,,,"rgba(239, 83, 80, 0.75)",0.0,0.0,17.704684728436312,164.52494492707615,-1.2479716677241042,0.0,0.0,0.0,0.0,0.0,0.0,0.0,0.0,31.98719463124525,-16.990603676422545,False,True,False,True,True,0.0,0,0.8377285049163137,0.9779960752652778,False,False,False,False,-0.2831872932443511,-0.2969274760377295,False,False,False,False,-3221183,-1949345.3246411232,False,False,False,False,231614.6519665527,False,False,False,False
2022-09-29 00:00:00+00:00,136.28,138.22,132.73,137.79,137626,,,,,,,,,,,,,,,,,,,,,,,,,"rgba(239, 83, 80, 0.75)",0.0,0.0,17.539958168152317,164.27065949386838,-1.5958224771990406,0.0,0.0,0.0,0.0,0.0,0.0,0.0,0.0,32.28488331042446,-16.990603676422545,False,True,False,True,True,0.0,0,0.800860903788405,1.0005692195130125,False,False,False,False,-0.33793931251648895,-0.31743339427710926,False,False,False,False,-3358809,-2004618.4099493145,False,False,False,False,227928.8224776683,False,False,False,False
2022-09-30 00:00:00+00:00,134.82,137.78,133.31,134.27,257250,,,,,,,,,,,,,,,,,,,,,,,,,"rgba(239, 83, 80, 0.75)",0.0,0.0,17.46216095829282,163.81324748645721,-1.6603470530197044,0.0,0.0,0.0,0.0,0.0,0.0,0.0,0.0,32.16797615635099,-16.990603676422545,False,True,False,True,True,0.0,0,0.7832170019363671,1.0033484956277694,False,False,False,False,-0.3371629649233762,-0.32729817960024277,False,False,False,False,-3616059,-2067812.1585787532,False,False,False,False,229078.67257658328,False,False,False,False
2022-10-03 00:00:00+00:00,137.14,139.24,131.545,133.22,213651,,,,,,,,,,,,,,,,,,,,,,,,,"rgba(239, 83, 80, 0.75)",0.0,0.0,17.452143618044676,163.47689817078145,-1.5090924500271923,0.0,0.0,0.0,0.0,0.0,0.0,0.0,0.0,33.176527479343534,-21.65629541241031,False,True,False,True,True,0.0,0,0.7905732462581108,0.998018730890971,False,False,False,False,-0.33885479789121853,-0.33307648874573065,False,False,False,False,-3402408,-2120149.250399194,False,False,False,False,228473.66580887415,False,False,False,False
2022-10-04 00:00:00+00:00,144.94,146.11,139.185,140.23,150478,,,,,,,,,,,,,,,,,,,,,,,,,"rgba(239, 83, 80, 0.75)",0.0,0.0,17.190870075302723,163.37514733953367,-1.0723801214703228,0.0,0.0,0.0,0.0,0.0,0.0,0.0,0.0,37.09902104960882,-17.817906436195422,False,True,False,True,True,0.0,0,0.8037458837944578,0.9725092053800058,False,False,False,False,-0.26022479314048386,-0.2966506409431072,False,False,False,False,-3251930,-2164532.8092070688,False,False,False,False,225415.01224774183,False,False,False,False
2022-10-05 00:00:00+00:00,144.27,144.8,138.01,144.69,80212,,,,,,,,,,,,,,,,,,,,,,,,,"rgba(239, 83, 80, 0.75)",0.0,0.0,16.889595579730127,163.30865434807777,-1.1272415765198547,0.0,0.0,0.0,0.0,0.0,0.0,0.0,0.0,39.50402766658907,-15.535141686337298,False,True,False,True,True,0.0,0,0.8150109254419309,0.9679442661420401,False,False,False,False,-0.27344535463568725,-0.28504799778939727,False,False,False,False,-3332142,-2210321.404924439,False,False,False,False,219720.7764733206,False,False,False,False
2022-10-06 00:00:00+00:00,140.34,143.81,139.06,142.42,57810,,,,,,,,,,,,,,,,,,,,,,,,,"rgba(239, 83, 80, 0.75)",0.0,0.0,17.11516704431913,163.25208843275692,-1.3387008361313018,0.0,0.0,0.0,0.0,0.0,0.0,0.0,0.0,39.88225485431267,-15.133346689955296,False,True,False,True,True,0.0,0,0.8180687817265412,0.9680489429571667,False,False,False,False,-0.27312506196865005,-0.27908652987902366,False,False,False,False,-3389952,-2256581.4282607357,False,False,False,False,213371.33425868058,False,False,False,False
2022-10-07 00:00:00+00:00,134.87,137.6534,133.29,137.13,168785,,,,,,,,,,,,,,,,,,,,,,,,,"rgba(239, 83, 80, 0.75)",0.0,0.0,17.505496123289827,162.9875063658558,-1.606210196376408,0.0,0.0,0.0,0.0,0.0,0.0,0.0,0.0,38.60809100190461,-15.133346689955296,False,True,False,True,True,0.0,0,0.8130909692710631,0.9713303792634703,False,False,False,False,-0.3379759214441288,-0.3085312256615762,False,False,False,False,-3558737,-2307646.3526426675,False,False,False,False,211622.85056226174,False,False,False,False
2022-10-10 00:00:00+00:00,130.9,134.0,130.38,134.0,409685,,,,,,,,,,,,,,,,,,,,,,,,,"rgba(239, 83, 80, 1.0)",0.0,0.0,17.99557897458771,162.25450419643641,-1.7423448415143177,0.0,0.0,0.0,0.0,0.0,0.0,0.0,0.0,36.76664119575376,-15.133346689955296,False,True,False,True,False,0.0,0,0.8152210958060965,0.9691613964074928,False,False,False,False,-0.34282825441539394,-0.3256797400384851,False,False,False,False,-3968422,-2372774.8094017785,False,False,False,False,219389.99367746717,False,False,False,False
2022-10-11 00:00:00+00:00,125.51,130.39,124.46,128.68,288614,,,,,,,,,,,,,,,,,,,,,,,,126.78666666666665,"rgba(239, 83, 80, 1.0)",0.0,0.0,18.643081029439923,158.48858185982633,-1.7689448330857287,1.0,130.39,124.46,0.0,0.0,0.0,0.0,0.0,34.32891369569785,-10.671252586731185,False,True,False,True,False,0.0,0,0.8139671560215657,0.966619932520028,True,False,False,False,-0.34282825441539394,-0.3342539972269395,False,False,False,False,-4257036,-2446667.4051115126,False,False,False,False,222104.6605920763,False,False,False,False
2022-10-12 00:00:00+00:00,151.3,155.74,126.27,128.99,858162,,,,,,,,,,,,,,,,,,,,,,,,139.99461599591666,"rgba(239, 83, 80, 0.75)",0.0,0.0,18.73992810373951,159.26612837822492,-0.42508852403949654,0.0,0.0,0.0,0.0,0.0,0.0,0.0,0.0,41.3128184302212,-14.166660868697534,False,True,False,True,True,0.0,0,0.8231286442298131,0.9149479578557514,False,False,False,False,-0.21227681619089647,-0.27326540670891797,False,False,False,False,-3398874,-2484008.840205179,False,False,False,False,247048.08566689683,False,False,False,False
2022-10-13 00:00:00+00:00,151.89,153.78,138.64,148.54,523922,,,,,,,,,,,,,,,,,,,,,,,,142.5374665918077,#000000,0.0,0.0,18.827957166486637,159.3433947802362,-0.3958684797468678,0.0,0.0,0.0,0.0,0.0,0.0,0.0,0.0,46.10483235125349,-9.954860892050583,False,False,False,False,True,0.0,0,0.8472051256999621,0.9265859075298907,False,False,False,False,-0.16428505941282173,-0.21877523306086985,False,False,False,False,-2874952,-2499339.9445108585,False,False,False,False,257905.88622897933,False,False,False,False
2022-10-14 00:00:00+00:00,155.84,169.1,155.81,158.0,408929,,,,,,,,,,,,,,,,,,,,,,,,146.02038375631784,#000000,0.0,0.0,18.86761960188497,159.81639698859456,-0.21075244638689325,0.0,0.0,0.0,0.0,0.0,0.0,0.0,0.0,50.22993878788361,-6.408114863093232,True,False,False,False,True,0.0,0,0.8631630747586001,0.9427041291138387,False,False,False,False,-0.018252459096318358,-0.11851384607859411,False,False,False,False,-2466023,-2498033.3976672953,False,False,False,False,263828.3612788233,False,False,False,False
2022-10-17 00:00:00+00:00,166.83,173.76,161.14,163.49,305764,,,,,,,,,,,,,,,,,,,,,,,,148.74078219601455,"rgba(38, 166, 154, 1.0)",0.0,0.0,18.855874944640476,160.27907182492402,0.3474210660767034,0.0,0.0,0.0,0.0,0.0,0.0,0.0,0.0,55.21695777298271,-2.0539295862202422,True,False,True,False,True,0.8320487574275077,0,0.8386512824857705,0.9325412012866545,False,False,False,False,0.026208581011945745,-0.04615263253332418,False,False,False,False,-2160259,-2484787.342856813,False,False,False,False,265472.8961306341,False,False,False,False
2022-10-18 00:00:00+00:00,167.1,179.99,165.61,177.37,235367,,,,,,,,,,,,,,,,,,,,,,,,150.73087384769343,"rgba(38, 166, 154, 1.0)",0.0,0.0,18.85580604348544,161.51099003200514,0.29640790508267995,0.0,0.0,0.0,0.0,0.0,0.0,0.0,0.0,58.59209830356632,0.802450473857796,True,False,True,False,True,0.9040362150062009,0,0.825942832907352,0.9403906380793999,False,False,False,False,0.07852673158849642,0.01618704952758612,False,False,False,False,-1924892,-2462830.6627447815,False,False,False,False,264292.2727529622,False,False,False,False
2022-10-19 00:00:00+00:00,154.88,167.08,153.86,165.0,233956,,,,,,,,,,,,,,,,,,,,,,,,151.37632869352237,"rgba(38, 166, 154, 1.0)",0.0,0.0,18.64813646028562,161.08242910568387,-0.33260315951103236,0.0,0.0,0.0,0.0,0.0,0.0,0.0,0.0,56.96565670876247,0.802450473857796,True,False,True,False,True,0.0,0,0.8103419553314603,0.9652447218489355,False,False,False,False,-0.0326133173567675,-0.00821313391459069,False,False,False,False,-2158848,-2450909.774009692,False,False,False,False,263102.61499794404,False,False,False,False
2022-10-20 00:00:00+00:00,160.38,162.25,157.6,160.57,218329,,,,,,,,,,,,,,,,,,,,,,,,151.9944573983074,"rgba(38, 166, 154, 1.0)",0.0,0.0,18.592424447791615,161.0474713633458,-0.035900178872319825,0.0,0.0,0.0,0.0,0.0,0.0,0.0,0.0,57.13081257382023,0.802450473857796,True,False,True,False,True,0.0,0,0.8300629479309922,0.9554623821822695,False,False,False,False,-0.03752425031003594,-0.022868692112313318,False,False,False,False,-1940519,-2430894.4495387236,False,False,False,False,261346.78695880898,False,False,False,False
2022-10-21 00:00:00+00:00,169.37,170.05,161.11,162.32,159252,,,,,,,,,,,,,,,,,,,,,,,,152.72604693156617,"rgba(38, 166, 154, 1.0)",0.0,0.0,18.372077071684636,161.23960769513312,0.44254072488067175,0.0,0.0,0.0,0.0,0.0,0.0,0.0,0.0,59.04310229141518,1.0660695794849744,True,False,True,False,True,1.5107125670869905,0,0.8245818923975284,0.9698463631725155,False,False,False,False,0.038288661140763645,0.007709984514225164,False,False,False,False,-1781267,-2405418.8632823033,False,False,False,False,257343.0698231694,False,False,False,False
2022-10-24 00:00:00+00:00,155.82,162.0025,142.02,155.01,684818,,,,,,,,,,,,,,,,,,,,,,,,152.8230386992495,"rgba(38, 166, 154, 1.0)",0.0,0.0,18.227921401811646,160.73089477336575,-0.2694160604004836,0.0,0.0,0.0,0.0,0.0,0.0,0.0,0.0,56.67068011480904,1.0660695794849744,True,False,True,False,True,0.0,0,0.7795424701835113,0.9559681812755704,False,False,False,False,-0.08903159837554446,-0.04066080693065965,False,False,False,False,-2466085,-2407797.9274673113,False,False,False,False,274106.792575202,False,False,False,False
2022-10-25 00:00:00+00:00,160.88,163.235,153.105,154.73,209140,,,,,,,,,,,,,,,,,,,,,,,,153.13983619561543,"rgba(38, 166, 154, 1.0)",0.0,0.0,18.192863564724412,160.77149150424006,0.005964343951346432,0.0,0.0,0.0,0.0,0.0,0.0,0.0,0.0,56.15828754092706,1.0660695794849744,True,False,True,False,True,0.0,0,0.8071632928475035,0.9513101214574898,False,False,False,False,-0.017268419376136986,-0.028964613153398315,False,False,False,False,-2256945,-2401882.126390162,False,False,False,False,271559.07521931175,False,False,False,False
2022-10-26 00:00:00+00:00,170.96,173.755,165.99,165.99,224258,,,,,,,,,,,,,,,,,,,,,,,,154.02104928631758,"rgba(38, 166, 154, 1.0)",0.0,0.0,18.14162477700225,161.07047159451744,0.5451291451038779,0.0,0.0,0.0,0.0,0.0,0.0,0.0,0.0,57.72442073133941,1.0660695794849744,True,False,True,False,True,1.8769489208634873,0,0.8330342945549875,0.9277590356267996,False,False,False,False,0.15325615035163376,0.06214576859911772,False,False,False,False,-2032687,-2387403.8861395675,False,False,False,False,269704.13109306426,False,False,False,False
2022-10-27 00:00:00+00:00,166.99,170.24,160.49,165.34,201986,,,,,,,,,,,,,,,,,,,,,,,,154.54839248109337,"rgba(38, 166, 154, 1.0)",0.0,0.0,18.136358137357092,161.2240355307432,0.31792294933678683,0.0,0.0,0.0,0.0,0.0,0.0,0.0,0.0,57.70616741559742,1.0660695794849744,True,False,True,False,True,0.8494849305173453,0,0.8397466256215962,0.9147428583729791,False,False,False,False,0.10122099127106919,0.08168337993509345,False,False,False,False,-2234673,-2381414.4396242904,False,False,False,False,267048.5181090225,False,False,False,False
2022-10-28 00:00:00+00:00,166.12,167.27,157.69,159.07,155393,,,,,,,,,,,,,,,,,,,,,,,,154.85023891205333,"rgba(38, 166, 154, 1.0)",0.0,0.0,18.0974708819856,161.29985797957306,0.2663434052116619,0.0,0.0,0.0,0.0,0.0,0.0,0.0,0.0,57.45434895467772,1.0660695794849744,True,False,True,False,True,0.6234738328132039,0,0.8370674404556439,0.9156789351052812,False,False,False,False,0.06821798799550642,0.07495068396529994,False,False,False,False,-2390066,-2381753.716501769,False,False,False,False,262669.87034004123,False,False,False,False
2022-10-31 00:00:00+00:00,168.89,171.28,163.64,166.28,200470,,,,,,,,,,,,,,,,,,,,,,,,155.38472215532954,"rgba(38, 166, 154, 1.0)",0.0,0.0,18.0515867666193,161.4675196500795,0.41118160114577884,0.0,0.0,0.0,0.0,0.0,0.0,0.0,0.0,57.88679795424116,1.714576118668596,True,False,True,False,True,1.3365950512658316,0,0.8630719446116798,0.8889341618646253,False,False,False,False,0.12532116690187378,0.10013592543358686,False,False,False,False,-2189596,-2374218.1197762094,False,False,False,False,260230.659738471,False,False,False,False
2022-11-01 00:00:00+00:00,169.43,176.94,168.175,175.86,203536,,,,,,,,,,,,,,,,,,,,,,,,156.02696766098788,"rgba(38, 166, 154, 1.0)",0.0,0.0,18.037774715431976,161.68739397458208,0.4292439698115225,0.0,0.0,0.0,0.0,0.0,0.0,0.0,0.0,58.297349466924246,2.5743850645838364,True,False,True,False,True,1.4768246330806711,0,0.8730303710113345,0.8814761401147325,False,False,False,False,0.184630131508008,0.14238302847079742,False,False,False,False,-1986060,-2358996.232726162,False,False,False,False,258007.33974872704,False,False,False,False
2022-11-02 00:00:00+00:00,178.43,183.45,171.0,177.99,306593,,,,,,,,,,,,,,,,,,,,,,,,157.24913799615845,"rgba(38, 166, 154, 1.0)",0.0,0.0,18.038451399743085,162.1418278690629,0.9029695382370295,0.0,0.0,0.0,0.0,0.0,0.0,0.0,0.0,60.481061935799985,5.047077056418381,True,False,True,False,True,3.782495309717632,0,0.880095609694865,0.8616389635658023,False,False,False,False,0.24007677861713422,0.19122990354396582,False,False,False,False,-1679467,-2332348.0275212144,False,False,False,False,259912.65975858088,False,False,False,False
2022-11-03 00:00:00+00:00,185.11,185.66,174.51,179.26,176313,,,,,,,,,,,,,,,,,,,,,,,,158.02156633454888,"rgba(38, 166, 154, 1.0)",0.0,0.0,18.025065505747236,162.4398915835408,1.2576990862657849,0.0,0.0,0.0,0.0,0.0,0.0,0.0,0.0,63.140034183080914,7.836092531796787,True,False,True,False,True,5.434736083183122,0,0.8891883438461139,0.8675400093833082,False,False,False,False,0.2747602749272572,0.23299508923561152,False,False,False,False,-1503154,-2299830.6146772457,False,False,False,False,256634.24172883263,False,False,False,False
2022-11-04 00:00:00+00:00,185.43,189.39,180.0,188.0,229789,,,,,,,,,,,,,,,,,,,,,,,,159.0835396050412,"rgba(38, 166, 154, 1.0)",0.0,0.0,17.97497993332944,162.85977118661944,1.2556469546611597,0.0,0.0,0.0,0.0,0.0,0.0,0.0,0.0,64.9692662535364,9.750528106206566,True,False,True,False,True,5.513537536121941,1,0.8952383427769403,0.8626719342932889,False,False,False,False,0.33209671570595156,0.28254590247078154,False,False,False,False,-1273365,-2259577.0611604913,False,False,False,False,255581.48715123135,False,False,False,False
2022-11-07 00:00:00+00:00,192.78,199.6,187.41,187.41,266643,,,,,,,,,,,,,,,,,,,,,,,,160.57975576404826,"rgba(38, 166, 154, 1.0)",0.0,0.0,18.168132309172453,163.47530753754782,1.6129722067059842,0.0,0.0,0.0,0.0,0.0,0.0,0.0,0.0,67.44048566109333,12.219946611638946,True,False,True,False,True,7.310642585101569,0,0.9009208926214259,0.866159794618079,False,False,False,False,0.34282825329454397,0.31268707788266276,False,False,False,False,-1006722,-2210445.49013459,False,False,False,False,256015.27196883014,False,False,False,False
2022-11-08 00:00:00+00:00,189.13,190.5,183.27,190.46,205302,,,,,,,,,,,,,,,,,,,,,,,,161.46185245691706,"rgba(38, 166, 154, 1.0)",0.0,0.0,18.266202606388937,163.83622105929308,1.3847311061720051,0.0,0.0,0.0,0.0,0.0,0.0,0.0,0.0,67.60717840554308,12.516512641171794,True,False,True,False,True,6.2458769105526954,0,0.9116307143232038,0.8604639689287775,False,False,False,False,0.2702743974728078,0.2914807376777353,False,False,False,False,-1212024,-2171291.7062077434,False,False,False,False,254026.5162053466,False,False,False,False
2022-11-09 00:00:00+00:00,176.23,190.0,174.85,184.21,258298,,,,,,,,,,,,,,,,,,,,,,,,162.20654770230132,"rgba(38, 166, 154, 0.75)",0.0,0.0,18.25742686645016,164.13427001441565,0.6625101156949695,0.0,0.0,0.0,0.0,0.0,0.0,0.0,0.0,63.35571438146971,12.516512641171794,True,False,True,False,False,2.6245485368501704,0,0.9020143130359678,0.8445009973882822,False,False,False,False,0.22295648941554516,0.2572186135466402,False,False,False,False,-1470322,-2143802.6981211654,False,False,False,False,254194.0253737644,False,False,False,False
2022-11-10 00:00:00+00:00,188.8,195.97,183.34,186.11,185309,,,,,,,,,,,,,,,,,,,,,,,,162.9533615580065,"rgba(38, 166, 154, 0.75)",0.0,0.0,18.401437343977143,164.44960587100363,1.3232876146474697,0.0,0.0,0.0,0.0,0.0,0.0,0.0,0.0,63.0969260086446,12.516512641171794,True,False,True,False,False,5.696004830337316,0,0.9038287472845766,0.8370474293989862,False,False,False,False,0.300255714962116,0.2787371642543781,False,False,False,False,-1285013,-2110124.670743865,False,False,False,False,251492.6518296952,False,False,False,False
2022-11-11 00:00:00+00:00,197.95,200.96,190.65,195.0,269094,,,,,,,,,,,,,,,,,,,,,,,,164.24202978322273,"rgba(38, 166, 154, 0.75)",0.0,0.0,18.744555990454174,165.0095423498735,1.7573346451578635,0.0,0.0,0.0,0.0,0.0,0.0,0.0,0.0,64.42771495543907,12.516512641171794,True,False,True,False,False,7.813842167033613,0,0.92179650364949,0.819865356695372,False,False,False,False,0.34282825333224437,0.31078270879331127,False,False,False,False,-1015919,-2067214.644440184,False,False,False,False,252182.90077755033,False,False,False,False
2022-11-14 00:00:00+00:00,202.98,207.54,200.12,203.99,207414,,,,,,,,,,,,,,,,,,,,,,,,165.3716856242136,"rgba(38, 166, 154, 1.0)",0.0,0.0,19.22073305780171,165.5115783215518,1.9493752691830721,0.0,0.0,0.0,0.0,0.0,0.0,0.0,0.0,66.0600937326285,12.516512641171794,True,False,True,False,True,8.94612121174189,0,0.9382788703238208,0.8033939573167725,False,False,False,False,0.3428282534460101,0.3268054811196607,False,False,False,False,-808505,-2017853.4819131182,False,False,False,False,250427.25760980326,False,False,False,False
2022-11-15 00:00:00+00:00,207.71,210.51,203.17,210.0,280237,,,,,,,,,,,,,,,,,,,,,,,,166.9326299448073,"rgba(38, 166, 154, 1.0)",0.0,0.0,19.790962887135937,169.36473975234082,1.9375136250992357,0.0,0.0,0.0,0.0,0.0,0.0,0.0,0.0,67.81963449410492,12.777835898852366,True,False,True,False,True,9.997289404077911,0,0.9542502416030609,0.7946995246829576,False,False,False,False,0.34282825348275203,0.33481686730120636,False,False,False,False,-528268,-1959438.3649753488,False,False,False,False,251596.26711530116,False,False,False,False
2022-11-16 00:00:00+00:00,205.77,208.94,204.63,207.79,171303,,,,,,,,,,,,,,,,,,,,,,,,167.81535091935848,"rgba(38, 166, 154, 1.0)",0.0,0.0,20.284826554850113,169.71870355014505,1.7772543606607805,0.0,0.0,0.0,0.0,0.0,0.0,0.0,0.0,68.30858592367055,13.384828917726793,True,False,True,False,True,9.434934392856398,0,0.9552328389099689,0.7925225447198541,False,False,False,False,0.3423153871747921,0.3385661272379992,False,False,False,False,-699571,-1910031.8016429823,False,False,False,False,248447.5115421521,False,False,False,False
2022-11-17 00:00:00+00:00,200.57,205.95,198.85,201.17,248086,,,,,,,,,,,,,,,,,,,,,,,,168.8800729840134,"rgba(38, 166, 154, 1.0)",0.0,0.0,20.635442690357262,170.0370205596817,1.479637723235569,0.0,0.0,0.0,0.0,0.0,0.0,0.0,0.0,66.82877549125729,13.384828917726793,True,False,True,False,True,7.934163153902311,0,0.9413274154198878,0.8026248493577497,False,False,False,False,0.3019544361733553,0.3202602817056773,False,False,False,False,-947657,-1872291.6133432575,False,False,False,False,248433.33461893044,False,False,False,False
2022-11-18 00:00:00+00:00,203.13,204.1,196.51,198.02,115293,,,,,,,,,,,,,,,,,,,,,,,,169.34469468132215,"rgba(38, 166, 154, 1.0)",0.0,0.0,20.862106465987324,170.1973289549136,1.5785880059033546,0.0,0.0,0.0,0.0,0.0,0.0,0.0,0.0,66.33146535119363,13.384828917726793,True,False,True,False,True,8.527694439913912,0,0.9288192780510703,0.8171184633891111,False,False,False,False,0.28301053189674247,0.30163540680120987,False,False,False,False,-832364,-1831510.1383101887,False,False,False,False,243212.1450260312,False,False,False,False
2022-11-21 00:00:00+00:00,194.65,202.645,193.58,198.52,142326,,,,,,,,,,,,,,,,,,,,,,,,169.82551052908755,"rgba(38, 166, 154, 0.75)",0.0,0.0,20.86516745441773,170.32182289675882,1.1659708534038267,0.0,0.0,0.0,0.0,0.0,0.0,0.0,0.0,63.1919429755636,17.88286908729603,True,False,True,False,False,6.1016336334859105,0,0.9245958712386285,0.8200876681440011,False,False,False,False,0.2633944565047604,0.28251493165298514,False,False,False,False,-974690,-1797909.3485725343,False,False,False,False,239255.82561324566,False,False,False,False
2022-11-22 00:00:00+00:00,176.54,192.455,175.61,191.18,278211,,,,,,,,,,,,,,,,,,,,,,,,170.21094208777367,"rgba(38, 166, 154, 0.75)",0.0,0.0,20.508329002785146,170.11850009219566,0.31311668088278943,0.0,0.0,0.0,0.0,0.0,0.0,0.0,0.0,56.6887383376708,11.806254609472425,True,False,True,False,False,1.2738962053206428,0,0.9110751535796988,0.8380110232905286,False,False,False,False,0.1413866983471243,0.21195081500005472,False,False,False,False,-1252901,-1776536.4721579251,False,False,False,False,240783.47951076544,False,False,False,False
2022-11-23 00:00:00+00:00,181.79,183.0,175.5,177.72,222771,,,,,,,,,,,,,,,,,,,,,,,,170.4648076464783,#000000,0.0,0.0,20.279166988950944,170.02172363225526,0.5803135983917214,0.0,0.0,0.0,0.0,0.0,0.0,0.0,0.0,53.64885814013499,9.173787698673713,True,False,False,False,False,2.549657031204145,0,0.9268681329253978,0.8478340934018357,False,False,False,False,0.10104831334510478,0.15649956417257976,False,False,False,False,-1030130,-1747265.6301125162,False,False,False,False,240077.10776524522,False,False,False,False
2022-11-25 00:00:00+00:00,174.97,179.0,171.93,177.08,136701,,,,,,,,,,,,,,,,,,,,,,,,170.53981981284699,#000000,0.0,0.0,20.10860564556879,170.30976209599845,0.23175340877145778,0.0,0.0,0.0,0.0,0.0,0.0,0.0,0.0,50.19890001137939,6.140781708700217,False,False,False,False,False,0.8107445036248606,0,0.9130571685927289,0.8512637267866382,False,False,False,False,0.0693605263776313,0.11293004527510553,False,False,False,False,-1166831,-1724503.4877551626,False,False,False,False,236023.14275484346,False,False,False,False
2022-11-28 00:00:00+00:00,179.29,183.06,176.55,178.8,222137,,,,,,,,,,,,,,,,,,,,,,,,170.76342722013104,"rgba(239, 83, 80, 0.5)",0.0,0.0,19.867591078015355,170.47768696802729,0.44355216479787746,0.0,0.0,0.0,0.0,0.0,0.0,0.0,0.0,49.01149971319114,5.17682926236742,False,False,False,True,False,1.8706397044562912,0,0.920218060200669,0.8396386048733876,False,False,False,False,0.10571027096736402,0.10932015812123477,False,False,False,False,-944694,-1693922.7235294702,False,False,False,False,235478.58813700647,False,False,False,False
2022-11-29 00:00:00+00:00,179.86,184.42,176.324,184.12,181795,,,,,,,,,,,,,,,,,,,,,,,,170.9496094233588,"rgba(239, 83, 80, 0.5)",0.0,0.0,19.67755094719034,170.53847548472277,0.4737136516781943,0.0,0.0,0.0,0.0,0.0,0.0,0.0,0.0,48.370584156486665,4.573236300588597,False,False,False,True,False,2.0110322884189955,0,0.9248365182560936,0.8335613606536235,False,False,False,False,0.11047776140392591,0.10989895976258035,False,False,False,False,-762899,-1657411.9892734126,False,False,False,False,233373.34938653564,False,False,False,False
2022-11-30 00:00:00+00:00,191.61,202.9,187.95,192.1,1231241,,,,,,,,,,,,,,,,,,,,,,,,173.68437102492078,#000000,0.0,0.0,19.57319215864575,172.62317598722365,0.9700422832864094,0.0,0.0,0.0,0.0,0.0,0.0,0.0,0.0,50.78528827996139,4.573236300588597,False,False,False,False,False,4.844078519349512,0,0.9350491842785577,0.8029724173689514,False,False,False,False,0.23961549000872395,0.17475722488565215,False,False,False,False,468342,-1574049.087733279,False,False,False,False,272505.41411647544,False,False,False,False
2022-12-01 00:00:00+00:00,194.57,197.84,188.32,190.47,284751,,,,,,,,,,,,,,,,,,,,,,,,174.2121956060892,#000000,0.0,0.0,19.679056592234105,172.92346017487154,1.0999785342184938,0.0,0.0,0.0,0.0,0.0,0.0,0.0,0.0,53.02748435568523,4.573236300588597,False,False,False,False,True,5.537148070147897,0,0.945155567982918,0.8112792234673794,False,False,False,False,0.21908288692699912,0.19692005590632564,False,False,False,False,753093,-1482788.613704523,False,False,False,False,272985.6331707313,False,False,False,False
2022-12-02 00:00:00+00:00,201.86,207.18,193.16,193.16,325081,,,,,,,,,,,,,,,,,,,,,,,,174.99195886511302,"rgba(38, 166, 154, 1.0)",0.0,0.0,20.032585214554075,173.44715258860415,1.4183315386949336,0.0,0.0,0.0,0.0,0.0,0.0,0.0,0.0,55.9920839396666,-0.42384507582904973,True,False,True,False,True,7.219916390685082,0,0.9647935521070973,0.7879309727350541,False,False,False,False,0.28179669550465625,0.23935837570549096,False,False,False,False,1078174,-1382358.707284738,False,False,False,False,275028.5887326634,False,False,False,False
2022-12-05 00:00:00+00:00,188.71,206.82,183.84,205.79,318277,,,,,,,,,,,,,,,,,,,,,,,,175.49928809503695,"rgba(38, 166, 154, 1.0)",0.0,0.0,20.148061169772465,173.7149856652745,0.7442410566641561,0.0,0.0,0.0,0.0,0.0,0.0,0.0,0.0,54.44394035463429,-0.42384507582904973,True,False,True,False,True,3.710177887608051,0,0.9614867276979524,0.7872598786920473,False,False,False,False,0.23877992543754872,0.23906915057151984,False,False,False,False,759897,-1298348.6795480817,False,False,False,False,276724.60486079426,False,False,False,False
2022-12-06 00:00:00+00:00,187.58,191.615,179.22,186.23,238098,,,,,,,,,,,,,,,,,,,,,,,,175.7174181507056,#000000,0.0,0.0,20.26361166371014,173.77685436800115,0.6811789458400818,0.0,0.0,0.0,0.0,0.0,0.0,0.0,0.0,53.13996609778692,-0.42384507582904973,False,False,False,False,True,3.4166612716001623,0,0.9632034116522215,0.8092610618094459,False,False,False,False,0.15314869047010118,0.19610892052081053,False,False,False,False,521799,-1226970.339173647,False,False,False,False,275209.8360427239,False,False,False,False
2022-12-07 00:00:00+00:00,193.38,194.58,180.88,182.64,480026,,,,,,,,,,,,,,,,,,,,,,,,176.26901071296018,"rgba(38, 166, 154, 0.5)",0.0,0.0,20.47081260088452,174.03525083397014,0.944991756956145,0.0,0.0,0.0,0.0,0.0,0.0,0.0,0.0,53.62777521965637,-0.42384507582904973,False,False,True,False,True,4.787974836454534,0,0.9654172191375929,0.8237287989282064,False,False,False,False,0.1728832027747864,0.18449606164779847,False,False,False,False,1001825,-1139566.6003825238,False,False,False,False,283241.842472421,False,False,False,False
2022-12-08 00:00:00+00:00,200.78,204.86,197.55,200.16,252534,,,,,,,,,,,,,,,,,,,,,,,,176.77619145348746,"rgba(38, 166, 154, 1.0)",0.0,0.0,20.810851141296865,174.37032375191765,1.2690339318066248,0.0,0.0,0.0,0.0,0.0,0.0,0.0,0.0,55.519886491595415,-0.42384507582904973,True,False,True,False,True,6.49647640830927,0,0.9856651576577349,0.8076114707525281,False,False,False,False,0.29112376326226785,0.23780991245503316,False,False,False,False,1254359,-1045687.1650734054,False,False,False,False,282037.61335585546,False,False,False,False
2022-12-09 00:00:00+00:00,197.0,207.86,196.925,204.09,312773,,,,,,,,,,,,,,,,,,,,,,,,177.3647290070151,"rgba(38, 166, 154, 1.0)",0.0,0.0,21.053663550576953,174.75353851501785,1.056655124726381,0.0,0.0,0.0,0.0,0.0,0.0,0.0,0.0,55.694377330583976,-0.13705517483898433,True,False,True,False,True,5.475764925181231,0,0.9990409359124958,0.8001352504355883,False,False,False,False,0.30188624880447723,0.2698480806297552,False,False,False,False,941586,-967754.8840901346,False,False,False,False,283242.92263601796,False,False,False,False
2022-12-12 00:00:00+00:00,204.3,205.415,198.22,202.76,246699,,,,,,,,,,,,,,,,,,,,,,,,177.84800075619324,"rgba(38, 166, 154, 1.0)",0.0,0.0,21.437455217403713,175.0739778905989,1.36331583264017,0.0,0.0,0.0,0.0,0.0,0.0,0.0,0.0,57.34314243890755,1.7087662683838971,True,False,True,False,True,7.150385932901283,1,0.9981896648357809,0.8028076414860409,False,False,False,False,0.29666660339728834,0.28325734201352176,False,False,False,False,1188285,-883204.3004003254,False,False,False,False,281809.82763068395,False,False,False,False
2022-12-13 00:00:00+00:00,208.07,212.99,201.78,210.0,254112,,,,,,,,,,,,,,,,,,,,,,,,178.42279131690566,"rgba(38, 166, 154, 1.0)",0.0,0.0,21.8646684002352,175.46922330409893,1.4910254342366507,0.0,0.0,0.0,0.0,0.0,0.0,0.0,0.0,59.178104980055906,3.6841703906311736,True,False,True,False,True,8.000823032877012,0,1.0071907695580455,0.7936537334902356,False,False,False,False,0.3428282534891088,0.31304279775131527,False,False,False,False,1442397,-792004.2494042343,False,False,False,False,280723.6383118336,False,False,False,False
2022-12-14 00:00:00+00:00,209.24,213.59,204.03,204.03,201177,,,,,,,,,,,,,,,,,,,,,,,,178.88251542831938,"rgba(38, 166, 154, 1.0)",0.0,0.0,22.341603047649244,175.78626498935577,1.4973739771177341,0.0,0.0,0.0,0.0,0.0,0.0,0.0,0.0,60.63405456414988,5.2689290126311406,True,False,True,False,True,8.265711036087499,0,1.0015417673737668,0.8078835738778292,False,False,False,False,0.34282825350532753,0.3279355256283214,False,False,False,False,1643574,-696491.3768785781,False,False,False,False,277604.16229960485,False,False,False,False
2022-12-15 00:00:00+00:00,207.92,210.93,205.45,207.61,167179,,,,,,,,,,,,,,,,,,,,,,,,179.24359949098104,"rgba(38, 166, 154, 1.0)",0.0,0.0,22.760553140889836,176.03298238649728,1.4009772704608385,0.0,0.0,0.0,0.0,0.0,0.0,0.0,0.0,61.12211264820928,5.954797575773611,True,False,True,False,True,7.888444049783956,0,1.0061698461892223,0.8099318444274238,False,False,False,False,0.33719626834421057,0.332565896986266,False,False,False,False,1476395,-611280.1464127515,False,False,False,False,273273.7637780517,False,False,False,False
2022-12-16 00:00:00+00:00,205.0,207.825,200.85,204.83,245816,,,,,,,,,,,,,,,,,,,,,,,,179.6953995613486,"rgba(38, 166, 154, 1.0)",0.0,0.0,23.106180099938666,176.33297039563655,1.2406650290256998,0.0,0.0,0.0,0.0,0.0,0.0,0.0,0.0,60.36024477415597,5.954797575773611,True,False,True,False,True,7.0492927066840245,0,0.9972427149119925,0.8147077116000142,False,False,False,False,0.3026433819856585,0.31760463948596224,False,False,False,False,1230579,-539050.3759651927,False,False,False,False,272196.98872793204,False,False,False,False
2022-12-19 00:00:00+00:00,201.09,202.98,194.33,201.0,208316,,,,,,,,,,,,,,,,,,,,,,,,179.9899777161746,"rgba(38, 166, 154, 0.75)",0.0,0.0,23.366678930739024,176.51826210158887,1.0515716833891546,0.0,0.0,0.0,0.0,0.0,0.0,0.0,0.0,58.44396493906438,5.954797575773611,True,False,True,False,False,5.92979660431725,0,0.9924068679104942,0.8147508631795498,False,False,False,False,0.25290449873631327,0.2852545691111378,False,False,False,False,1022263,-477822.4004371459,False,False,False,False,269691.85191507195,False,False,False,False
2022-12-20 00:00:00+00:00,208.65,210.76,196.92,197.12,592632,,,,,,,,,,,,,,,,,,,,,,,,181.0249881620905,"rgba(38, 166, 154, 0.75)",0.0,0.0,23.75306899090046,177.21294056933672,1.323494637375342,0.0,0.0,0.0,0.0,0.0,0.0,0.0,0.0,59.17103514727748,5.954797575773611,True,False,True,False,False,7.740390485186836,0,1.0030308228498477,0.8001842410407228,False,False,False,False,0.29823358997088467,0.2917440795410112,False,False,False,False,1614895,-395755.0514003951,False,False,False,False,282356.1714478142,False,False,False,False
2022-12-21 00:00:00+00:00,216.24,216.24,204.72,208.09,199446,,,,,,,,,,,,,,,,,,,,,,,,181.44855394057274,"rgba(38, 166, 154, 1.0)",0.0,0.0,24.27522368830218,177.50851746015093,1.5955149594981128,0.0,0.0,0.0,0.0,0.0,0.0,0.0,0.0,61.331089215657656,6.735176321648048,True,False,True,False,True,9.499405157950616,0,1.0262819558649614,0.7878101123577126,False,False,False,False,0.34282825334931594,0.3172861664451636,False,False,False,False,1814341,-309084.61801214435,False,False,False,False,279104.79217535094,False,False,False,False
2022-12-22 00:00:00+00:00,229.3,229.44,213.535,215.88,493722,,,,,,,,,,,,,,,,,,,,,,,,182.82756119212948,"rgba(38, 166, 154, 1.0)",0.0,0.0,25.119492233922244,178.5005818475942,2.022310709123511,0.0,0.0,0.0,0.0,0.0,0.0,0.0,0.0,64.99908790127212,10.268525064531204,True,False,True,False,True,12.375066401141268,0,1.0399186970081704,0.8043426919430644,False,False,False,False,0.34282825343149087,0.3300572099383272,False,False,False,False,2308063,-206451.3780900995,False,False,False,False,287521.15326651366,False,False,False,False
2022-12-23 00:00:00+00:00,226.07,232.615,219.53,230.0,428692,,,,,,,,,,,,,,,,,,,,,,,,184.0086458018433,"rgba(38, 166, 154, 1.0)",0.0,0.0,25.830140695713407,179.3505306957739,1.8087191182810451,0.0,0.0,0.0,0.0,0.0,0.0,0.0,0.0,66.23216412267712,11.43674255272073,True,False,True,False,True,11.417590388650034,0,1.029341766237346,0.7950362286565227,False,False,False,False,0.342828253415333,0.33644273167683014,False,False,False,False,1879371,-124654.42208656618,False,False,False,False,293057.264903121,False,False,False,False
2022-12-27 00:00:00+00:00,223.55,225.095,220.48,221.43,146842,,,,,,,,,,,,,,,,,,,,,,,,184.37042791277497,"rgba(38, 166, 154, 1.0)",0.0,0.0,26.444973023207787,179.60917527846306,1.6615946131983201,0.0,0.0,0.0,0.0,0.0,0.0,0.0,0.0,66.10702639988922,11.43674255272073,True,False,True,False,True,10.670209214945341,0,1.0071697828580048,0.8281952032309879,False,False,False,False,0.31031713691844154,0.32337993429763584,False,False,False,False,1732529,-51823.699651798874,False,False,False,False,287323.33294613584,False,False,False,False
2022-12-28 00:00:00+00:00,219.36,225.96,215.96,223.8,135670,,,,,,,,,,,,,,,,,,,,,,,,184.67657184543867,"rgba(38, 166, 154, 1.0)",0.0,0.0,26.936247775371488,179.82689006996355,1.4676546733499611,0.0,0.0,0.0,0.0,0.0,0.0,0.0,0.0,64.47967978892422,11.43674255272073,True,False,True,False,True,9.431324175795577,0,0.9993613482763356,0.8416360953789419,False,False,False,False,0.2925060392356685,0.30794298676665216,False,False,False,False,1596859,12830.52386395794,False,False,False,False,281376.1434188364,False,False,False,False
2022-12-29 00:00:00+00:00,223.81,226.175,218.525,221.71,172582,,,,,,,,,,,,,,,,,,,,,,,,185.08432822656414,"rgba(38, 166, 154, 1.0)",0.0,0.0,27.46152956967793,180.1184996284164,1.5910075314896606,0.0,0.0,0.0,0.0,0.0,0.0,0.0,0.0,64.37612815536134,11.43674255272073,True,False,True,False,True,10.443052893866913,0,0.9960040513380495,0.8503387544597248,False,False,False,False,0.3060361803628547,0.3069895835647534,False,False,False,False,1769441,81717.20920262625,False,False,False,False,277109.70642201934,False,False,False,False
2022-12-30 00:00:00+00:00,219.94,227.23,217.99,219.31,148372,,,,,,,,,,,,,,,,,,,,,,,,185.41781646555583,"rgba(38, 166, 154, 0.75)",0.0,0.0,27.791199907962106,180.35664007062655,1.4243127342635147,0.0,0.0,0.0,0.0,0.0,0.0,0.0,0.0,62.85869514242973,11.43674255272073,True,False,True,False,False,9.288901089818175,0,1.0158712309700177,0.8245841604672207,False,False,False,False,0.3085789707213176,0.3077842771430355,False,False,False,False,1621069,142083.94609664092,False,False,False,False,272061.1689152735,False,False,False,False
2023-01-03 00:00:00+00:00,226.63,231.84,221.33,230.26,191776,,,,,,,,,,,,,,,,,,,,,,,,185.89672003634237,"rgba(38, 166, 154, 0.75)",0.0,0.0,28.29740133040563,180.70177259288513,1.6230546003446917,0.0,0.0,0.0,0.0,0.0,0.0,0.0,0.0,63.374766503700094,11.43674255272073,True,False,True,False,False,10.818182006116722,0,1.0173787091707938,0.8117328465947918,False,False,False,False,0.34282825342220585,0.3253062652826207,False,False,False,False,1812845,207603.9874261844,False,False,False,False,268912.73091859615,False,False,False,False
2023-01-04 00:00:00+00:00,242.9,243.07,233.43,236.19,282675,,,,,,,,,,,,,,,,,,,,,,,,186.8050966706411,"rgba(38, 166, 154, 1.0)",0.0,0.0,29.15598493718992,181.36609285017244,2.110506891891619,0.0,0.0,0.0,0.0,0.0,0.0,0.0,0.0,66.49290130741052,12.205260363754846,True,False,True,False,True,14.322561551881051,0,1.0215494417544415,0.8029734323377911,False,False,False,False,0.34282825355654856,0.3340672594195846,False,False,False,False,2095520,281639.90948790265,False,False,False,False,269452.42774531787,False,False,False,False
2023-01-05 00:00:00+00:00,243.31,246.38,238.86,238.86,161577,,,,,,,,,,,,,,,,,,,,,,,,187.33980342112545,"rgba(38, 166, 154, 1.0)",0.0,0.0,29.93221240321769,181.75797848902872,2.0563806203765442,0.0,0.0,0.0,0.0,0.0,0.0,0.0,0.0,68.63019559176458,14.259182751937345,True,False,True,False,True,14.40763367347039,0,1.079651761778302,0.788774495613759,False,False,False,False,0.3428282535383571,0.33844775647897085,False,False,False,False,2257097,359108.81499818095,False,False,False,False,265222.01881412894,False,False,False,False
2023-01-06 00:00:00+00:00,245.22,246.7164,239.01,242.0,219992,,,,,,,,,,,,,,,,,,,,,,,,188.0618738330937,"rgba(38, 166, 154, 1.0)",0.0,0.0,30.682448146330167,182.28749969855812,2.0510912297905746,0.0,0.0,0.0,0.0,0.0,0.0,0.0,0.0,70.3435762213073,15.893301535560909,True,False,True,False,True,14.808792650234057,0,1.0602531045743961,0.7894682665778656,False,False,False,False,0.34282825349398544,0.3406380049864781,False,False,False,False,2477089,442166.86146884057,False,False,False,False,263448.2925861239,False,False,False,False
2023-01-09 00:00:00+00:00,245.95,250.62,245.12,249.0,345656,,,,,,,,,,,,,,,,,,,,,,,,189.23046733545414,"rgba(38, 166, 154, 1.0)",0.0,0.0,31.319702288806106,183.14662287149037,2.005235444110719,0.0,0.0,0.0,0.0,0.0,0.0,0.0,0.0,71.60169730013439,17.115154983868166,True,False,True,False,True,14.963808160896196,0,1.0580190361006523,0.7980040719479974,False,False,False,False,0.34282825354801183,0.341733129267245,False,False,False,False,2822745,535522.8669014351,False,False,False,False,266672.1242494132,False,False,False,False
2023-01-10 00:00:00+00:00,250.08,251.46,246.46,249.02,178156,,,,,,,,,,,,,,,,,,,,,,,,189.83612689982002,"rgba(38, 166, 154, 1.0)",0.0,0.0,31.92500715316625,183.5926265474323,2.0826110745592628,0.0,0.0,0.0,0.0,0.0,0.0,0.0,0.0,73.09775449760681,18.585981069142065,True,False,True,False,True,15.843330614082678,0,1.07157205856386,0.7884976406155454,False,False,False,False,0.34282825355894425,0.3422806914130946,False,False,False,False,3000901,632204.3623170651,False,False,False,False,263200.9036906127,False,False,False,False
2023-01-11 00:00:00+00:00,254.37,256.99,248.89,256.99,255273,,,,,,,,,,,,,,,,,,,,,,,,190.74110087522553,"rgba(38, 166, 154, 1.0)",0.0,0.0,32.47518763166269,184.26063224763314,2.158859512916611,0.0,0.0,0.0,0.0,0.0,0.0,0.0,0.0,74.7333919963489,20.19312087697513,True,False,True,False,True,16.74786853829638,0,1.0814546413588069,0.7721751834118492,False,False,False,False,0.3428282535489251,0.34255447248100984,False,False,False,False,3256174,735105.1324222783,False,False,False,False,262890.00550666713,False,False,False,False
2023-01-12 00:00:00+00:00,263.23,263.97,249.82,257.0,221802,,,,,,,,,,,,,,,,,,,,,,,,191.57504330450098,"rgba(38, 166, 154, 1.0)",0.0,0.0,33.0546653113722,184.87784374797872,2.3703811705231472,0.0,0.0,0.0,0.0,0.0,0.0,0.0,0.0,76.95238252030327,22.333524103006866,True,False,True,False,True,18.56636087892558,0,1.0712975420648179,0.7694542004793186,False,False,False,False,0.3428282535371872,0.3426913630090985,False,False,False,False,3477976,842668.6958566988,False,False,False,False,261278.71117307234,False,False,False,False
2023-01-13 00:00:00+00:00,270.66,279.12,267.45,269.0,412917,,,,,,,,,,,,,,,,,,,,,,,,193.3725260635492,"rgba(38, 166, 154, 1.0)",0.0,0.0,33.90923388711098,186.21360983963078,2.4903656166784596,0.0,0.0,0.0,0.0,0.0,0.0,0.0,0.0,79.20300125552714,24.470318387218484,True,False,True,False,True,20.0,0,1.0864122417613464,0.7602279324974699,False,False,False,False,0.34282825365823005,0.34275980833366426,False,False,False,False,3890893,962206.9038623185,False,False,False,False,267225.31073491264,False,False,False,False
2023-01-17 00:00:00+00:00,267.68,272.01,265.28,270.0,358677,,,,,,,,,,,,,,,,,,,,,,,,194.79280605536582,"rgba(38, 166, 154, 1.0)",0.0,0.0,34.63802264969907,187.2697997428953,2.321443145594898,0.0,0.0,0.0,0.0,0.0,0.0,0.0,0.0,79.25245424249005,24.568068947295657,True,False,True,False,True,19.033373210616432,0,1.0812956933601865,0.7848345913632889,False,False,False,False,0.3080845268833621,0.32542216760851317,False,False,False,False,3532216,1062991.5742990903,False,False,False,False,270811.65149040625,False,False,False,False
2023-01-18 00:00:00+00:00,265.0,272.16,259.75,272.16,364356,,,,,,,,,,,,,,,,,,,,,,,,196.13076181251145,"rgba(38, 166, 154, 1.0)",0.0,0.0,35.06969355877365,188.2664519824668,2.188030183067744,0.0,0.0,0.0,0.0,0.0,0.0,0.0,0.0,77.99126576547089,24.568068947295657,True,False,True,False,True,18.13288858868237,0,1.0645983269818646,0.7890920327999511,False,False,False,False,0.2882722909623606,0.3068472292854369,False,False,False,False,3167860,1145535.4341304984,False,False,False,False,274480.0573143119,False,False,False,False
2023-01-19 00:00:00+00:00,274.5,275.98,268.72,271.83,385252,,,,,,,,,,,,,,,,,,,,,,,,197.63702395086517,"rgba(38, 166, 154, 1.0)",0.0,0.0,35.65048919619353,189.39223825084926,2.387281736325735,0.0,0.0,0.0,0.0,0.0,0.0,0.0,0.0,78.46055826504612,24.568068947295657,True,False,True,False,True,20.0,0,1.0639742252890676,0.7827644368137521,False,False,False,False,0.3357651555705221,0.32130619242797953,False,False,False,False,3553112,1239950.2014194985,False,False,False,False,278824.0550666919,False,False,False,False
2023-01-20 00:00:00+00:00,266.42,280.6199,263.46,280.0,272198,,,,,,,,,,,,,,,,,,,,,,,,198.62662581138432,"rgba(38, 166, 154, 0.75)",0.0,0.0,35.95337545180371,195.4691242331054,1.9734134799667373,0.0,0.0,0.0,0.0,0.0,0.0,0.0,0.0,75.3234072703787,24.568068947295657,True,False,True,False,False,17.35334145990194,0,1.0442659558032323,0.7976156516015708,False,False,False,False,0.3334301453052102,0.32736816886659487,False,False,False,False,3280914,1319987.9974422632,False,False,False,False,278564.2097699589,False,False,False,False
2023-01-23 00:00:00+00:00,269.0,269.89,263.45,263.94,173559,,,,,,,,,,,,,,,,,,,,,,,,199.22018001035113,"rgba(38, 166, 154, 0.75)",0.0,0.0,36.403245941303716,195.8143200169776,2.0104163266381896,0.0,0.0,0.0,0.0,0.0,0.0,0.0,0.0,73.68365917023861,28.268239399678365,True,False,True,False,False,17.87883887270052,0,1.0561882373340146,0.8036052631531017,False,False,False,False,0.2935163306292674,0.3104422497479311,False,False,False,False,3454473,1403693.2916602138,False,False,False,False,274446.35840643116,False,False,False,False
2023-01-24 00:00:00+00:00,266.75,273.64,266.001,266.01,202948,,,,,,,,,,,,,,,,,,,,,,,,199.9148678137353,"rgba(38, 166, 154, 0.75)",0.0,0.0,36.70230381604658,196.295351306124,1.9196246929619878,0.0,0.0,0.0,0.0,0.0,0.0,0.0,0.0,71.64458378162762,26.30130932491508,True,False,True,False,False,17.131459459587372,0,1.0772265866572563,0.7930332648060712,False,False,False,False,0.3168155777174732,0.3136289137327022,False,False,False,False,3251525,1476157.2802225584,False,False,False,False,271642.5012140221,False,False,False,False
2023-01-25 00:00:00+00:00,263.5,267.39,259.55,267.39,316000,,,,,,,,,,,,,,,,,,,,,,,,200.88794351106995,"rgba(38, 166, 154, 0.75)",0.0,0.0,36.76469002568451,196.85944393333162,1.812623906800575,0.0,0.0,0.0,0.0,0.0,0.0,0.0,0.0,68.92964520291122,23.733363052839096,True,False,True,False,False,16.05155216624419,0,1.0641761148169036,0.8248798279120972,False,False,False,False,0.2701639079410439,0.291896410836873,False,False,False,False,2935525,1533387.3868804974,False,False,False,False,273382.010970335,False,False,False,False
2023-01-26 00:00:00+00:00,261.63,264.745,258.801,264.07,323643,,,,,,,,,,,,,,,,,,,,,,,,201.82706350150812,"rgba(38, 166, 154, 0.75)",0.0,0.0,36.579754338916445,197.4313124489775,1.7550333158668272,0.0,0.0,0.0,0.0,0.0,0.0,0.0,0.0,66.34295187297403,21.330868884176738,True,False,True,False,False,15.429223943200029,0,1.053075893311742,0.8409213398868938,False,False,False,False,0.2578970680156772,0.2748967394262751,False,False,False,False,2611882,1575681.2932773407,False,False,False,False,275353.03014796897,False,False,False,False
2023-01-27 00:00:00+00:00,259.8,264.87,258.085,262.99,231874,,,,,,,,,,,,,,,,,,,,,,,,202.47343611523104,"rgba(38, 166, 154, 0.5)",0.0,0.0,36.169665421243046,197.8397585514123,1.7130443626442127,0.0,0.0,0.0,0.0,0.0,0.0,0.0,0.0,63.843649019729945,19.029204102610436,False,False,True,False,False,14.816210107791164,0,1.0379646929316138,0.8566311823720892,False,False,False,False,0.2557688710357145,0.2653328052309948,False,False,False,False,2380008,1607223.5170703863,False,False,False,False,273647.97014216625,False,False,False,False
2023-01-30 00:00:00+00:00,256.15,260.0,253.52,253.52,242762,,,,,,,,,,,,,,,,,,,,,,,,203.08579432797148,"rgba(38, 166, 154, 0.5)",0.0,0.0,35.43924006109736,198.19761057008225,1.6352605002253895,0.0,0.0,0.0,0.0,0.0,0.0,0.0,0.0,60.66791355826447,16.111318727074433,False,False,True,False,False,13.593901141626606,0,1.0237506238388128,0.8717966731034575,False,False,False,False,0.22208497723537196,0.24370889123318337,False,False,False,False,2137246,1628008.712479391,False,False,False,False,272436.75562678714,False,False,False,False
2023-01-31 00:00:00+00:00,256.0,257.2,252.42,254.25,174849,,,,,,,,,,,,,,,,,,,,,,,,203.50740318282232,"rgba(38, 166, 154, 0.5)",0.0,0.0,35.29671337429317,198.44656019175497,1.63056087398102,0.0,0.0,0.0,0.0,0.0,0.0,0.0,0.0,58.48798732119154,14.140909870297193,False,True,True,False,False,13.543370520020211,0,1.0188064156413996,0.8742777653747735,False,False,False,False,0.2083092169673223,0.22600905410025285,False,False,False,False,1962397,1641121.9786566698,False,False,False,False,268609.7848178935,False,False,False,False
2023-02-01 00:00:00+00:00,254.28,260.0,248.52,258.73,346647,,,,,,,,,,,,,,,,,,,,,,,,204.3085795714273,#000000,0.0,0.0,35.08011679847394,198.93193511316605,1.577761704865296,0.0,0.0,0.0,0.0,0.0,0.0,0.0,0.0,56.27877416188396,12.10427036199544,False,True,False,False,False,12.956382434684503,0,1.022234286451978,0.8642869496751904,False,False,False,False,0.20443801125842073,0.2152235326793368,False,False,False,False,1615750,1640126.9991015063,False,False,False,False,271670.06776621146,False,False,False,False
2023-02-02 00:00:00+00:00,255.05,257.77,250.78,256.7,276078,,,,,,,,,,,,,,,,,,,,,,,,204.9320985429617,#000000,0.0,0.0,34.908006127302116,199.3293730428883,1.5962133945407928,0.0,0.0,0.0,0.0,0.0,0.0,0.0,0.0,55.13033997467987,11.009562498031528,False,True,False,False,False,13.143706395674712,0,1.0310414758789979,0.8648569448047813,False,False,False,False,0.20454350896611742,0.2098835208227271,False,False,False,False,1891828,1649997.6265877218,False,False,False,False,271842.927853811,False,False,False,False
2023-02-03 00:00:00+00:00,256.9,257.72,251.94,252.77,346549,,,,,,,,,,,,,,,,,,,,,,,,205.70833804166955,#000000,0.0,0.0,34.9312110100782,199.8477935103095,1.6332730769978183,0.0,0.0,0.0,0.0,0.0,0.0,0.0,0.0,55.16206561055624,10.917930146832397,False,True,False,False,False,13.598204648019472,0,1.0400638175174355,0.8621081663462777,False,False,False,False,0.20845010345044537,0.20916681213658622,False,False,False,False,2238377,1673071.3275058502,False,False,False,False,274772.57774189685,False,False,False,False
2023-02-06 00:00:00+00:00,245.18,249.98,242.521,248.71,273956,,,,,,,,,,,,,,,,,,,,,,,,206.18994905957337,"rgba(239, 83, 80, 1.0)",0.0,0.0,34.74402782668698,200.1181221595756,1.296967584334372,0.0,0.0,0.0,0.0,0.0,0.0,0.0,0.0,50.37624125174011,6.28537408977418,False,True,False,True,False,9.580761653201687,0,1.051090031264049,0.8469394585748924,False,False,False,False,0.1486818903313751,0.17892435123398065,False,False,False,False,1964421,1684496.804858562,False,False,False,False,274740.5550853519,False,False,False,False
2023-02-07 00:00:00+00:00,249.12,252.03,245.68,250.44,166889,,,,,,,,,,,,,,,,,,,,,,,,206.49982443521222,"rgba(239, 83, 80, 1.0)",0.0,0.0,34.32106418581487,200.311840949618,1.4221050602083243,0.0,0.0,0.0,0.0,0.0,0.0,0.0,0.0,48.92328219237763,4.8957886938561685,False,True,False,True,False,10.582765553222163,0,1.0565340215330514,0.8234234633285561,False,False,False,False,0.1666957229375013,0.17281003708574097,False,False,False,False,2131310,1702018.89094254,False,False,False,False,270511.08233690675,False,False,False,False
2023-02-08 00:00:00+00:00,249.96,252.5,248.0,251.72,359453,,,,,,,,,,,,,,,,,,,,,,,,207.1708247542602,"rgba(239, 83, 80, 1.0)",0.0,0.0,33.983463322436165,200.75144909710082,1.4480145956875237,0.0,0.0,0.0,0.0,0.0,0.0,0.0,0.0,48.318735277627866,4.219727218797587,False,True,False,True,False,10.796698796956203,0,1.074169427079458,0.81826723491939,False,False,False,False,0.16895470751445427,0.17088237230009762,False,False,False,False,2490763,1732950.0324742051,False,False,False,False,273999.0006766359,False,False,False,False
2023-02-09 00:00:00+00:00,248.85,252.84,246.395,250.3,177333,,,,,,,,,,,,,,,,,,,,,,,,207.48835734172937,"rgba(239, 83, 80, 1.0)",0.0,0.0,33.77067569666004,200.96099521063857,1.418064750007288,0.0,0.0,0.0,0.0,0.0,0.0,0.0,0.0,47.467046624404986,3.2254332880963332,False,True,False,True,False,10.414205417395703,0,1.065261153925921,0.8281170694698926,False,False,False,False,0.1633165045223685,0.16709943841123306,False,False,False,False,2313430,1755713.9527693344,False,False,False,False,270208.1771206894,False,False,False,False
2023-02-10 00:00:00+00:00,244.48,246.79,241.49,243.94,148266,,,,,,,,,,,,,,,,,,,,,,,,207.71825374573407,"rgba(239, 83, 80, 1.0)",0.0,0.0,33.16956430712197,201.10080895150568,1.3078010505908328,0.0,0.0,0.0,0.0,0.0,0.0,0.0,0.0,45.219619804838004,0.9063054090307503,False,True,False,True,False,8.911386598375337,0,1.0520638043934702,0.8384199554510876,False,False,False,False,0.11154319171897677,0.13932131506510492,False,False,False,False,2165164,1771770.8173666154,False,False,False,False,265426.13095909375,False,False,False,False
2023-02-13 00:00:00+00:00,245.09,250.7,244.6754,247.41,269471,,,,,,,,,,,,,,,,,,,,,,,,208.15767047927278,"rgba(239, 83, 80, 1.0)",0.0,0.0,32.64705887336646,201.38740109545546,1.3386381626002217,0.0,0.0,0.0,0.0,0.0,0.0,0.0,0.0,44.04982908427179,-0.3737586429232209,False,True,False,True,False,9.076597407120111,0,1.0527364505573844,0.8643022783982724,False,False,False,False,0.13861170847831797,0.13896651177171143,False,False,False,False,2434635,1797765.4911953756,False,False,False,False,265584.7532744234,False,False,False,False
2023-02-14 00:00:00+00:00,241.47,244.65,238.11,242.52,138504,,,,,,,,,,,,,,,,,,,,,,,,208.3486257412944,"rgba(239, 83, 80, 1.0)",0.0,0.0,32.268024189855375,201.5013504477405,1.2386457044006154,0.0,0.0,0.0,0.0,0.0,0.0,0.0,0.0,41.9087715952285,-2.5678737178100945,False,True,False,True,False,7.822836918665942,0,1.0379904325647982,0.8647233484669727,False,False,False,False,0.0905987363169687,0.11478262404434006,False,False,False,False,2296131,1817309.236638694,False,False,False,False,260601.19432248524,False,False,False,False
2023-02-15 00:00:00+00:00,238.75,238.76,234.19,235.27,256924,,,,,,,,,,,,,,,,,,,,,,,,208.65307717990444,"rgba(239, 83, 80, 1.0)",0.0,0.0,31.746765416564703,201.66805589620193,1.1680542448097593,0.0,0.0,0.0,0.0,0.0,0.0,0.0,0.0,39.54246917588107,-4.927256333685548,False,True,False,True,False,6.886598324482371,0,1.0146714458280037,0.8888622486526635,False,False,False,False,0.053559847878815736,0.0841712359615779,False,False,False,False,2039207,1826011.1097116866,False,False,False,False,260456.99062356428,False,False,False,False
2023-02-16 00:00:00+00:00,235.36,238.4,233.63,234.0,121853,,,,,,,,,,,,,,,,,,,,,,,,208.78809256600726,"rgba(239, 83, 80, 1.0)",0.0,0.0,31.143467862819904,201.74094165270566,1.0794898787565623,0.0,0.0,0.0,0.0,0.0,0.0,0.0,0.0,36.8849108269912,-7.512164803602204,False,True,False,True,False,5.726072050153604,0,1.0334001895759979,0.8838195870577772,False,False,False,False,0.050095352677194095,0.067133294319386,False,False,False,False,1917354,1829593.1838406401,False,False,False,False,255021.5400108755,False,False,False,False
2023-02-17 00:00:00+00:00,232.06,234.5225,230.31,231.43,123865,,,,,,,,,,,,,,,,,,,,,,,,208.90636395035781,"rgba(239, 83, 80, 1.0)",0.0,0.0,30.55062568298062,201.7976483217595,0.990564055619302,0.0,0.0,0.0,0.0,0.0,0.0,0.0,0.0,34.15942654230671,-10.11571088109288,False,True,False,True,False,4.60541450103808,0,1.0349534978185746,0.8552510564787374,False,False,False,False,0.014725802403513972,0.040929548361449984,False,False,False,False,1793489,1828177.3334939484,False,False,False,False,249878.14628495884,False,False,False,False
2023-02-21 00:00:00+00:00,229.01,231.97,226.02,229.0,170728,,,,,,,,,,,,,,,,,,,,,,,,209.04473702743397,"rgba(239, 83, 80, 1.0)",0.0,0.0,29.92500324730683,201.8543472912468,0.9074569678182786,0.0,0.0,0.0,0.0,0.0,0.0,0.0,0.0,31.53504640964597,-12.595737319275088,False,True,False,True,False,3.576658270046302,0,1.0220698112150504,0.8648904544645949,False,False,False,False,-0.0617627240357887,-0.01041658783716936,False,False,False,False,1622761,1820121.7910039898,False,False,False,False,246774.21897966636,False,False,False,False
2023-02-22 00:00:00+00:00,227.09,230.85,226.325,228.69,194282,,,,,,,,,,,,,,,,,,,,,,,,209.19281135641907,"rgba(239, 83, 80, 1.0)",0.0,0.0,29.467133913583343,201.9147529488613,0.8543500404541815,0.0,0.0,0.0,0.0,0.0,0.0,0.0,0.0,29.30180254896108,-14.705665689045006,False,True,False,True,False,2.9297414845951835,0,0.9947693501284252,0.8845931050462585,False,False,False,False,-0.06538109046839369,-0.03789883915278153,False,False,False,False,1428479,1804763.250180304,False,False,False,False,244715.7005883069,False,False,False,False
2023-02-23 00:00:00+00:00,223.26,228.21,220.28,227.78,173109,,,,,,,,,,,,,,,,,,,,,,,,209.29411870363387,"rgba(239, 83, 80, 1.0)",0.0,0.0,29.11810894389333,201.94217564522472,0.7321156877272437,0.0,0.0,0.0,0.0,0.0,0.0,0.0,0.0,26.918606418330217,-16.971085600154396,False,True,False,True,False,1.6453071586846058,0,0.9823609697391935,0.8966761575763412,False,False,False,False,-0.10406558956566696,-0.07098221435922425,False,False,False,False,1255370,1783218.4168399,False,False,False,False,241907.59468288312,False,False,False,False
2023-02-24 00:00:00+00:00,215.59,224.51,214.39,223.26,252086,,,,,,,,,,,,,,,,,,,,,,,,209.38210273633118,"rgba(239, 83, 80, 1.0)",0.0,0.0,28.780761243054396,201.93017903827047,0.47461638857888216,0.0,0.0,0.0,0.0,0.0,0.0,0.0,0.0,23.9103078968433,-19.816634314114033,False,True,False,True,False,0.0,0,0.9688655495911187,0.902704643506097,False,False,False,False,-0.1471497044674813,-0.10906595941335277,False,False,True,False,1003284,1752632.7534344136,False,False,False,False,242306.74783257398,False,False,True,False
2023-02-27 00:00:00+00:00,216.03,220.255,208.851,209.51,224776,,,,,,,,,,,,,,,,,,,,,,,,209.43175733964193,"rgba(239, 83, 80, 1.0)",0.0,0.0,28.556942619681045,202.7203489263955,0.46607409101391944,0.0,0.0,0.0,0.0,0.0,0.0,0.0,0.0,22.232801625073712,-21.41557930214895,False,True,False,True,False,0.0,0,0.9481981956386303,0.9296359070321814,False,False,False,False,-0.19171891333909757,-0.15039243637622518,False,False,False,False,1228060,1732061.2729075737,False,False,False,False,241619.26752541424,False,False,False,False
2023-02-28 00:00:00+00:00,224.63,226.78,218.04,219.18,314908,,,,,,,,,,,,,,,,,,,,,,,,209.5982232328028,"rgba(239, 83, 80, 0.75)",0.0,0.0,28.24717679714171,203.07459966810097,0.7630992819813477,0.0,0.0,0.0,0.0,0.0,0.0,0.0,0.0,26.65482155861127,-21.41557930214895,False,True,False,True,True,2.0616745918105863,0,0.9595108139432351,0.9118389291075992,False,False,False,False,-0.12049945824299038,-0.1354459473096078,False,False,False,False,1542968,1724645.8504406102,False,False,False,False,244493.33546559408,False,False,False,False
2023-03-01 00:00:00+00:00,235.88,240.95,229.39,233.8,351776,,,,,,,,,,,,,,,,,,,,,,,,209.94338577420467,"rgba(239, 83, 80, 0.75)",0.0,0.0,27.676418135169953,203.68169251230768,1.1633841969881265,0.0,0.0,0.0,0.0,0.0,0.0,0.0,0.0,34.49837569238825,-22.741479436793455,False,True,False,True,True,5.457240973335619,0,0.9719199650086403,0.8777362165658951,False,False,False,False,-0.007075021333334791,-0.07126048432147129,False,False,False,False,1894744,1731316.366109606,False,False,False,False,248700.49878066883,False,False,False,False
2023-03-02 00:00:00+00:00,240.315,241.19,230.545,233.0,184679,,,,,,,,,,,,,,,,,,,,,,,,210.13447223404313,"rgba(239, 83, 80, 0.75)",0.0,0.0,27.37196524377228,203.93225375617772,1.3291974441659848,0.0,0.0,0.0,0.0,0.0,0.0,0.0,0.0,41.21961679308892,-16.824798432125974,False,True,False,True,True,6.735637268382003,0,0.9849813081260645,0.8715617696686122,False,False,False,False,-0.0009064726174261737,-0.03608347846944873,False,False,False,False,2079423,1744967.6066543276,False,False,False,False,246189.85176966223,False,False,False,False
2023-03-03 00:00:00+00:00,241.33,243.33,235.07,237.95,170655,,,,,,,,,,,,,,,,,,,,,,,,210.3250825461908,"rgba(239, 83, 80, 0.75)",0.0,0.0,27.208980340029566,206.2701763550012,1.288538681231621,0.0,0.0,0.0,0.0,0.0,0.0,0.0,0.0,46.0347803475167,-12.746164817667577,False,True,False,True,True,7.027442811650662,0,1.0137321661576877,0.8599223721832109,False,False,False,False,0.006058825183515456,-0.015012326642966638,False,False,False,False,2250078,1764775.8573737657,False,False,False,False,243227.70071987156,False,False,False,False
2023-03-06 00:00:00+00:00,238.64,241.2,236.68,241.2,170954,,,,,,,,,,,,,,,,,,,,,,,,210.50677761664224,#000000,0.0,0.0,27.08570927230363,206.42312206455048,1.1894419160879321,0.0,0.0,0.0,0.0,0.0,0.0,0.0,0.0,48.12069730796553,-11.101638252090886,False,True,False,False,True,6.090038032067227,0,1.0115162590098525,0.8790512381065212,False,False,False,False,-0.030931762726345947,-0.022972044684656294,False,False,False,False,2079124,1777103.235515971,False,False,False,False,240393.43794654327,False,False,False,False
2023-03-07 00:00:00+00:00,231.51,239.69,231.4,237.29,135761,,,,,,,,,,,,,,,,,,,,,,,,210.62606619068293,#000000,0.0,0.0,26.984102579277675,206.42863965657924,0.9294865474859956,0.0,0.0,0.0,0.0,0.0,0.0,0.0,0.0,46.89444844818893,-11.101638252090886,False,True,False,False,True,3.6588054260564995,0,0.981923450506112,0.8940244673588169,False,False,False,False,-0.09438195927240532,-0.058677001978530804,False,False,False,False,1943363,1783623.2262800506,False,False,False,False,236290.20508589453,False,False,False,False
2023-03-08 00:00:00+00:00,227.69,228.61,222.68,226.79,258249,,,,,,,,,,,,,,,,,,,,,,,,210.77500746565386,"rgba(239, 83, 80, 0.75)",0.0,0.0,26.85507636898013,206.22823545463643,0.7991697454323275,0.0,0.0,0.0,0.0,0.0,0.0,0.0,0.0,44.87279704415889,-11.101638252090886,False,True,False,True,True,2.3902972246852485,0,0.9473741737041275,0.9415960115046715,False,False,False,False,-0.2083157255325149,-0.13349636375552285,False,False,False,False,1685114,1779760.1193671075,False,False,False,False,237151.3342982124,False,False,False,False
2023-03-09 00:00:00+00:00,217.99,224.98,217.64,222.65,143648,,,,,,,,,,,,,,,,,,,,,,,,210.82449647058792,"rgba(239, 83, 80, 1.0)",0.0,0.0,26.684143936626516,206.07039502076145,0.44669242556729616,0.0,0.0,0.0,0.0,0.0,0.0,0.0,0.0,41.006754883105486,-11.101638252090886,False,True,False,True,False,0.0,0,0.9150850969609106,0.9506936660348049,False,False,False,False,-0.25975708332255043,-0.19662672353903665,False,False,False,False,1541466,1770415.2519409466,False,False,False,False,233484.5368747531,False,False,False,False
2023-03-10 00:00:00+00:00,216.24,221.71,213.73,220.0,200195,,,,,,,,,,,,,,,,,,,,,,,,210.87098968749513,"rgba(239, 83, 80, 1.0)",0.0,0.0,26.556121508543892,205.8528762872378,0.3911385820937885,0.0,0.0,0.0,0.0,0.0,0.0,0.0,0.0,38.03653134682869,-2.469434412327068,False,True,False,True,False,0.0,0,0.9065819473962424,0.9434026838802524,False,False,False,False,-0.3033889370348433,-0.25000783028693996,False,False,False,False,1341271,1753586.0655903213,False,False,False,False,232179.06484044905,False,False,False,False
2023-03-13 00:00:00+00:00,222.23,226.46,214.01,216.0,196193,,,,,,,,,,,,,,,,,,,,,,,,210.94186106011335,"rgba(239, 83, 80, 1.0)",0.0,0.0,26.26325170219681,205.7731092321303,0.6266128411849752,0.0,0.0,0.0,0.0,0.0,0.0,0.0,0.0,38.719769782135636,-2.469434412327068,False,True,False,True,False,0.6452456978977494,0,0.918130039499642,0.9347997564942704,False,False,False,False,-0.27271421669168266,-0.26136102348931134,False,False,False,False,1537464,1745110.6904691323,False,False,False,False,230767.84661141183,False,False,False,False
2023-03-14 00:00:00+00:00,231.32,238.97,230.32,237.0,357971,,,,,,,,,,,,,,,,,,,,,,,,211.22948289219426,"rgba(239, 83, 80, 1.0)",0.0,0.0,25.525339834145583,206.08261720937298,0.9887187772860375,0.0,0.0,0.0,0.0,0.0,0.0,0.0,0.0,42.45403505842678,-2.469434412327068,False,True,False,True,False,3.4123673060309265,0,0.9325244178374998,0.907644215445169,False,False,False,False,-0.10459621970521116,-0.18297862159726125,False,False,False,False,1895435,1751005.761431127,False,False,False,False,235756.20556782707,False,False,False,False
2023-03-15 00:00:00+00:00,235.95,241.0,232.56,240.23,520937,,,,,,,,,,,,,,,,,,,,,,,,211.68915743753993,#000000,0.0,0.0,24.89835484325965,206.58184377600207,1.1795219567267234,0.0,0.0,0.0,0.0,0.0,0.0,0.0,0.0,46.34965786965931,-2.469434412327068,False,True,False,False,True,4.770769716338794,0,0.9360405552960062,0.9027580306888296,False,False,False,False,-0.08039718420081268,-0.13168790289903698,False,False,False,False,2416372,1777098.5551004948,False,False,False,False,246939.76613379465,False,False,False,False
2023-03-16 00:00:00+00:00,224.77,229.58,216.02,229.58,304048,,,,,,,,,,,,,,,,,,,,,,,,211.81276203653883,"rgba(239, 83, 80, 0.75)",0.0,0.0,24.037718274553782,206.56679785405294,0.7572766240969261,0.0,0.0,0.0,0.0,0.0,0.0,0.0,0.0,45.6471024445429,-2.469434412327068,False,True,False,True,True,1.2077022436787743,0,0.895455357156653,0.928872841958509,False,False,False,False,-0.24193696458275124,-0.18681243374089412,False,False,False,False,2112324,1790244.6509789068,False,False,False,False,249179.3047167831,False,False,False,False
2023-03-17 00:00:00+00:00,223.32,225.149,220.0,224.0,300512,,,,,,,,,,,,,,,,,,,,,,,,211.92589286589248,"rgba(239, 83, 80, 0.75)",0.0,0.0,23.27098443369948,206.55731131603625,0.7203257228640978,0.0,0.0,0.0,0.0,0.0,0.0,0.0,0.0,44.803835844590694,-2.469434412327068,False,True,False,True,True,0.7598656449689756,0,0.8897949999241637,0.9707025356243572,False,False,False,False,-0.24462398011677042,-0.21571820692883226,False,False,False,False,1811812,1791090.4293718908,False,False,False,False,251192.35159063476,False,False,False,False
2023-03-20 00:00:00+00:00,223.05,223.19,215.86,220.3,179515,,,,,,,,,,,,,,,,,,,,,,,,211.9794193347218,"rgba(239, 83, 80, 0.75)",0.0,0.0,22.48230191778618,206.53500756176365,0.7345774689188315,0.0,0.0,0.0,0.0,0.0,0.0,0.0,0.0,44.167208739306034,-2.469434412327068,False,True,False,True,True,0.6753679342602794,0,0.8678184926552245,0.9823336419268822,False,False,False,False,-0.2813209644940446,-0.24851958571143842,False,False,False,False,1632297,1784863.2360631893,False,False,False,False,248381.4750576687,False,False,False,False
2023-03-21 00:00:00+00:00,225.85,226.74,221.92,225.86,109620,,,,,,,,,,,,,,,,,,,,,,,,212.02713795373054,"rgba(239, 83, 80, 0.75)",0.0,0.0,21.979566622021043,206.55188673329573,0.8780024464799835,0.0,0.0,0.0,0.0,0.0,0.0,0.0,0.0,44.80484178920283,-2.469434412327068,False,True,False,True,True,1.5423516874876313,0,0.8804177076807409,0.9748937373702381,False,False,False,False,-0.22379388556617502,-0.23615673563880674,False,False,False,False,1741917,1783179.0699430641,False,False,False,False,242939.84858481894,False,False,False,False
2023-03-22 00:00:00+00:00,215.65,222.15,215.65,222.15,88986,,,,,,,,,,,,,,,,,,,,,,,,212.04452831035388,"rgba(239, 83, 80, 0.75)",0.0,0.0,21.611741464863805,206.52883541409813,0.42204671940625405,0.0,0.0,0.0,0.0,0.0,0.0,0.0,0.0,42.42332253800462,-2.469434412327068,False,True,False,True,True,0.0,1,0.8454275347923955,0.9859684970447233,False,False,False,False,-0.2889310454230375,-0.2625438905309221,False,False,False,False,1652931,1778071.3024943166,False,False,False,False,236902.4427579633,False,False,False,False
2023-03-23 00:00:00+00:00,219.02,224.045,217.51,221.24,65655,,,,,,,,,,,,,,,,,,,,,,,,212.06254417308557,"rgba(239, 83, 80, 0.75)",0.0,0.0,21.36278946909486,206.522148728361,0.5850289958490398,0.0,0.0,0.0,0.0,0.0,0.0,0.0,0.0,42.12963813290574,-2.469434412327068,False,True,False,True,True,0.0,1,0.8445671500889713,0.9806713967183558,False,False,False,False,-0.2661644688805852,-0.26435417970575364,False,False,False,False,1718586,1775738.5455337553,False,False,False,False,230186.85676745494,False,False,False,False
2023-03-24 00:00:00+00:00,219.71,220.01,216.78,219.43,160885,,,,,,,,,,,,,,,,,,,,,,,,212.09903553223813,"rgba(239, 83, 80, 0.75)",0.0,0.0,20.773847579835554,206.49590920740212,0.6360926035398633,0.0,0.0,0.0,0.0,0.0,0.0,0.0,0.0,42.203357361950545,-2.469434412327068,False,True,False,True,True,0.0,0,0.8356954170223589,1.002122489212586,False,False,False,False,-0.2951038282914477,-0.2797290039986007,False,False,False,False,1879471,1779806.4849245886,False,False,False,False,227469.13689422142,False,False,False,False
2023-03-27 00:00:00+00:00,224.78,224.79,219.0,219.33,181107,,,,,,,,,,,,,,,,,,,,,,,,212.16390796688887,"rgba(239, 83, 80, 0.75)",0.0,0.0,20.08225661716847,206.51212808677846,0.9096523494079944,0.0,0.0,0.0,0.0,0.0,0.0,0.0,0.0,44.18470791350833,-2.469434412327068,False,True,False,True,True,1.2299706148768337,0,0.8355024438421895,1.007242527356003,False,False,False,False,-0.25274193027482866,-0.26623546713671464,False,False,False,False,2060578,1790817.1325746048,False,False,False,False,225651.01387876176,False,False,False,False
2023-03-28 00:00:00+00:00,219.96,226.12,218.9,221.96,177353,,,,,,,,,,,,,,,,,,,,,,,,212.21965665357948,"rgba(239, 83, 80, 0.75)",0.0,0.0,19.57433062677892,206.5187749122365,0.6866761037220384,0.0,0.0,0.0,0.0,0.0,0.0,0.0,0.0,43.97859478670109,-2.469434412327068,False,True,False,True,True,0.0,1,0.8003153977373251,1.033492987536041,False,False,False,False,-0.2438583614257634,-0.25504691428123905,False,False,False,False,1883225,1794440.9705128556,False,False,False,False,223756.97411881032,False,False,False,False
2023-03-29 00:00:00+00:00,221.75,223.76,220.7,222.93,147525,,,,,,,,,,,,,,,,,,,,,,,,212.26752545278927,"rgba(239, 83, 80, 0.75)",0.0,0.0,19.227264812998175,206.52952750155077,0.7916088245770535,0.0,0.0,0.0,0.0,0.0,0.0,0.0,0.0,44.54498131047884,-2.469434412327068,False,True,False,True,True,0.2677975308090268,1,0.8065896825025936,1.0207024126918307,False,False,False,False,-0.24725246317141117,-0.2511496887263251,False,False,False,False,2030750,1803707.9912770572,False,False,False,False,220767.4849376805,False,False,False,False
2023-03-30 00:00:00+00:00,218.2,223.15,215.81,221.85,171313,,,,,,,,,,,,,,,,,,,,,,,,212.30560427419488,"rgba(239, 83, 80, 0.75)",0.0,0.0,18.809898288682984,206.51691110916562,0.6211138790614049,0.0,0.0,0.0,0.0,0.0,0.0,0.0,0.0,43.77360860802892,-2.469434412327068,False,True,False,True,True,0.0,1,0.8057718991960956,1.022779250571276,False,False,False,False,-0.2808993210852834,-0.26602450490580426,False,False,False,False,1859437,1805893.4425995257,False,False,False,False,218828.09337149694,False,False,False,False
2023-03-31 00:00:00+00:00,215.53,219.72,215.07,217.0,263108,,,,,,,,,,,,,,,,,,,,,,,,212.34377985214127,"rgba(239, 83, 80, 0.75)",0.0,0.0,18.602144994741163,206.47296533125413,0.4868811995232969,0.0,0.0,0.0,0.0,0.0,0.0,0.0,0.0,42.432167811257656,-2.732515954865832,False,True,False,True,True,0.0,1,0.7881698861806379,1.049877130288219,False,False,False,False,-0.3066335009406793,-0.2863290029232418,False,False,False,False,1596329,1797675.2291642502,False,False,False,False,220564.56029810492,False,False,False,False
2023-04-03 00:00:00+00:00,212.88,218.12,210.315,215.53,252045,,,,,,,,,,,,,,,,,,,,,,,,212.35537286136608,"rgba(239, 83, 80, 1.0)",0.0,0.0,18.514038288247843,206.8106977826496,0.3278216304220887,0.0,0.0,0.0,0.0,0.0,0.0,0.0,0.0,40.739091324147275,-4.615310511703363,False,True,False,True,False,0.0,1,0.7844855849000114,1.0666101124016019,False,False,False,False,-0.34282825441539394,-0.31457862866931785,False,False,False,False,1344284,1779895.1809617307,False,False,False,False,221799.08734523808,False,False,False,False
2023-04-04 00:00:00+00:00,215.0,215.93,211.9,214.41,235283,,,,,,,,,,,,,,,,,,,,,,,,212.36982491330676,"rgba(239, 83, 80, 1.0)",0.0,0.0,18.414631876421325,206.77343847022598,0.44674048251312404,0.0,0.0,0.0,0.0,0.0,0.0,0.0,0.0,40.6624149005415,-4.946390286323329,False,True,False,True,False,0.0,1,0.7871855115026922,1.0455767661935063,False,False,False,False,-0.34282825441539394,-0.32870344154235587,False,False,False,False,1579567,1772039.1738651923,False,False,False,False,222327.86823366012,False,False,False,False
2023-04-05 00:00:00+00:00,212.0,215.97,210.8,213.92,102343,,,,,,,,,,,,,,,,,,,,,,,,212.37163004502807,"rgba(239, 83, 80, 1.0)",0.0,0.0,18.337202507273595,206.73648198931124,0.2870404037148491,0.0,0.0,0.0,0.0,0.0,0.0,0.0,0.0,39.629381914493905,-6.191983817658347,False,True,False,True,False,0.0,1,0.7766367108174463,1.055231665302741,False,False,False,False,-0.34282825441539394,-0.3357658479788749,False,False,False,False,1477224,1760477.7944979297,True,False,False,False,217622.57928332052,False,False,False,False
2023-04-06 00:00:00+00:00,238.45,242.44,218.26,218.49,617686,,,,,,,,,,,,,,,,,,,,,,,,212.77078851145103,#000000,0.0,0.0,17.98145369941241,207.66522773388897,1.7120291151497387,0.0,0.0,0.0,0.0,0.0,0.0,0.0,0.0,47.54809221570799,-7.026749913351118,False,False,False,False,True,5.449134179601668,1,0.8069796614705292,0.9700539525370595,False,False,False,False,-0.09892314212414775,-0.21734449505151132,False,False,False,False,2094910,1773592.7829489913,False,False,False,False,233311.34088005306,False,False,False,False
2023-04-10 00:00:00+00:00,235.0,240.92,233.9025,234.14,176692,,,,,,,,,,,,,,,,,,,,,,,,212.90168651898023,#000000,0.0,0.0,17.505726096655884,207.88741441474735,1.5487838342467817,0.0,0.0,0.0,0.0,0.0,0.0,0.0,0.0,51.643718697094755,-3.420491038780611,True,False,False,False,True,4.329949609773966,0,0.8465390578172238,0.9674493761164186,False,False,False,False,-0.00027447176387199125,-0.10880948340769166,False,False,False,False,1918218,1779264.3600882464,False,False,False,False,231090.97457103137,False,False,False,False
2023-04-11 00:00:00+00:00,251.96,256.14,244.005,244.99,290030,,,,,,,,,,,,,,,,,,,,,,,,213.2393679306671,"rgba(38, 166, 154, 1.0)",0.0,0.0,17.281105862959528,208.50348420001586,2.5146837328928826,0.0,0.0,0.0,0.0,0.0,0.0,0.0,0.0,57.486702755628116,1.736411558360217,True,False,True,False,True,8.939939606704304,0,0.8557946926392662,0.9272075115596581,False,False,False,False,0.23233414184597792,0.06176232921914313,False,False,False,False,2208248,1796087.247927923,False,False,False,False,233402.30890157918,False,False,False,False
2023-04-12 00:00:00+00:00,254.88,258.1,250.4,254.81,162988,,,,,,,,,,,,,,,,,,,,,,,,213.4452735081713,"rgba(38, 166, 154, 1.0)",0.0,0.0,17.221576942526326,208.8519963453608,2.672693900694968,0.0,0.0,0.0,0.0,0.0,0.0,0.0,0.0,61.81538011118003,5.387650652684329,True,False,True,False,True,9.688428982691022,0,0.8813848556120731,0.9117163739229647,False,False,False,False,0.33249812169869747,0.1971302254589203,False,False,False,False,2371236,1818642.1009503575,False,False,False,False,230640.96345445846,False,False,False,False
2023-04-13 00:00:00+00:00,265.74,272.49,262.18,263.1,252646,,,,,,,,,,,,,,,,,,,,,,,,213.85525145087956,"rgba(38, 166, 154, 1.0)",0.0,0.0,17.490905405921264,212.5615823583318,3.0403467635051933,0.0,0.0,0.0,0.0,0.0,0.0,0.0,0.0,66.14942294366574,9.068628052679571,True,False,True,False,True,12.381038835167324,0,0.8972373544764501,0.877793365766767,False,True,False,False,0.34282825304253445,0.26997923925072737,False,False,False,False,2623882,1850220.1362072062,False,False,False,False,231503.90606408753,False,False,False,False
2023-04-14 00:00:00+00:00,264.0,269.25,262.1,267.67,152606,,,,,,,,,,,,,,,,,,,,,,,,214.09206104921927,"rgba(38, 166, 154, 1.0)",0.0,0.0,17.680706534992968,212.87957109163867,2.8913114307499965,0.0,0.0,0.0,0.0,0.0,0.0,0.0,0.0,68.40838083485491,10.882510538456437,True,False,True,False,True,11.796011155692643,0,0.9048445390604837,0.8902145652852549,False,False,False,False,0.3202050386425384,0.2950921389466329,False,False,False,False,2471276,1874575.2681206493,False,False,False,False,228409.87053216252,False,False,False,False
2023-04-17 00:00:00+00:00,264.8,268.41,263.67,265.21,180155,,,,,,,,,,,,,,,,,,,,,,,,214.37158584753908,"rgba(38, 166, 154, 1.0)",0.0,0.0,17.841525312271777,213.2676986027614,2.8883349654972377,0.0,0.0,0.0,0.0,0.0,0.0,0.0,0.0,70.02826750373956,12.267378461630997,True,False,True,False,True,11.993915971267082,0,0.9027963512752754,0.8865059937994785,False,False,False,False,0.32515158047390763,0.3101218597102703,False,False,False,False,2651431,1905040.1987825846,False,False,False,False,226517.52266815613,False,False,False,False
2023-04-18 00:00:00+00:00,266.78,270.57,264.87,266.99,183040,,,,,,,,,,,,,,,,,,,,,,,,214.66225405560053,"rgba(38, 166, 154, 1.0)",0.0,0.0,17.96422386149515,213.6845506702178,2.955621670000893,0.0,0.0,0.0,0.0,0.0,0.0,0.0,0.0,71.40423642080324,13.581056091143722,True,False,True,False,True,12.488252429771155,0,0.9027261842595624,0.8813380923846494,False,False,False,False,0.34282825305226206,0.32647505638126617,False,False,False,False,2834471,1941488.4654969932,False,False,False,False,224812.52177920882,False,True,False,False
2023-04-19 00:00:00+00:00,258.5,263.26,254.47,260.39,181217,,,,,,,,,,,,,,,,,,,,,,,,214.90015123611772,"rgba(38, 166, 154, 1.0)",0.0,0.0,17.989402204760726,213.8997887821711,2.4792492107395248,0.0,0.0,0.0,0.0,0.0,0.0,0.0,0.0,69.04462412206675,13.581056091143722,True,False,True,False,True,9.654074633012634,0,0.906180811703129,0.8875394772332307,False,False,False,False,0.22622113284907358,0.27634809461516985,False,False,False,False,2653254,1969400.8393990719,False,False,False,False,223102.8934741418,False,False,False,False
2023-04-20 00:00:00+00:00,258.25,258.29,254.2,255.8,167247,,,,,,,,,,,,,,,,,,,,,,,,215.10837212701975,"rgba(38, 166, 154, 0.75)",0.0,0.0,17.94384233336466,214.07952354902446,2.461595216362621,0.0,0.0,0.0,0.0,0.0,0.0,0.0,0.0,67.37755614021123,13.581056091143722,True,False,True,False,False,9.56966819511798,0,0.8984464914700696,0.903618824342841,False,False,False,False,0.19297497260896468,0.23466153361206726,False,False,False,False,2486007,1989659.904520677,False,False,False,False,220912.46627907743,False,False,False,False
2023-04-21 00:00:00+00:00,258.45,259.01,252.62,255.91,97635,,,,,,,,,,,,,,,,,,,,,,,,215.2283407048871,"rgba(38, 166, 154, 0.75)",0.0,0.0,17.97727243914705,214.1866298030555,2.4621849808849317,0.0,0.0,0.0,0.0,0.0,0.0,0.0,0.0,66.31223521144749,13.581056091143722,True,False,True,False,False,9.622881152319795,0,0.8899936285477537,0.9034641779629818,False,False,False,False,0.18756042780123508,0.21111098070665119,False,False,False,False,2583642,2012953.32002967,False,False,False,False,216078.0558367607,False,False,False,False
2023-04-24 00:00:00+00:00,257.39,258.87,255.05,257.0,106676,,,,,,,,,,,,,,,,,,,,,,,,215.35991782691258,"rgba(38, 166, 154, 0.75)",0.0,0.0,18.071705355594535,214.30970625747366,2.383853260931447,0.0,0.0,0.0,0.0,0.0,0.0,0.0,0.0,65.13322851675628,13.581056091143722,True,False,True,False,False,9.252311465500728,0,0.8985849116100086,0.9039838275612573,False,False,False,False,0.2020031954981576,0.2065570881024044,False,False,False,False,2476966,2031149.895714781,False,False,False,False,211787.7791372799,False,False,False,False
2023-04-25 00:00:00+00:00,246.78,253.28,246.34,251.12,210615,,,,,,,,,,,,,,,,,,,,,,,,215.566089814078,"rgba(38, 166, 154, 0.75)",0.0,0.0,18.08071439506749,214.40926166815527,1.790346201180836,0.0,0.0,0.0,0.0,0.0,0.0,0.0,0.0,60.28001606453134,17.69710412883508,True,False,True,False,False,5.645323334578421,0,0.8941714488431246,0.8990816174539302,False,False,False,False,0.11292721810399313,0.15974215310319875,False,False,False,False,2266351,2040373.4684318486,False,False,False,False,211741.78779856305,False,False,False,False
2023-04-26 00:00:00+00:00,246.04,248.31,243.69,245.01,155439,,,,,,,,,,,,,,,,,,,,,,,,215.70400412724845,"rgba(38, 166, 154, 0.75)",0.0,0.0,18.0831836327916,214.46120943417333,1.7463070224295276,0.0,0.0,0.0,0.0,0.0,0.0,0.0,0.0,56.79684876461182,14.324717281216465,True,False,True,False,False,5.4003543445954065,0,0.8809124013872265,0.9194265309872063,False,False,False,False,0.06626688458187341,0.11300451884253608,False,False,False,False,2110912,2043139.6853560898,False,False,False,False,209533.8353358743,False,False,False,False
2023-04-27 00:00:00+00:00,255.49,255.96,248.22,248.57,249813,,,,,,,,,,,,,,,,,,,,,,,,215.97516146662346,"rgba(38, 166, 154, 0.75)",0.0,0.0,18.14758976551051,214.6973552785936,2.2478271356416064,0.0,0.0,0.0,0.0,0.0,0.0,0.0,0.0,57.3358240968306,14.324717281216465,True,False,True,False,False,8.050403332115696,0,0.9028011893520572,0.8849586413364454,False,False,False,False,0.14107294062811832,0.1270387297353272,False,False,False,False,2360725,2055594.0114205568,False,False,False,False,211113.41042074197,False,False,False,False
2023-04-28 00:00:00+00:00,254.96,256.03,250.72,250.72,228609,,,,,,,,,,,,,,,,,,,,,,,,216.22435895487226,"rgba(38, 166, 154, 0.75)",0.0,0.0,18.18662663869966,214.9245573232866,2.2013671623698072,0.0,0.0,0.0,0.0,0.0,0.0,0.0,0.0,57.49177254902801,14.324717281216465,True,False,True,False,False,7.869826807538928,0,0.9231571552035311,0.8770412003356787,False,False,False,False,0.15703132814129284,0.14203502893831002,False,False,False,False,2132116,2058594.8737177898,False,False,False,False,211799.51197286972,False,False,False,False
2023-05-01 00:00:00+00:00,259.98,260.25,253.3,254.66,183178,,,,,,,,,,,,,,,,,,,,,,,,216.44231691903377,"rgba(38, 166, 154, 0.75)",0.0,0.0,18.25045568652274,215.1529178134188,2.4562171463852422,0.0,0.0,0.0,0.0,0.0,0.0,0.0,0.0,58.97612979939149,14.324717281216465,True,False,True,False,False,9.251505714456165,0,0.9313909699834789,0.8679583753363549,False,False,False,False,0.19966416131575976,0.1708495951270349,False,False,False,False,2315294,2068661.5061210138,False,False,False,False,210677.09973863955,False,False,False,False
2023-05-02 00:00:00+00:00,263.45,263.785,259.05,259.98,251165,,,,,,,,,,,,,,,,,,,,,,,,216.76779825143197,"rgba(38, 166, 154, 1.0)",0.0,0.0,18.253952012675107,215.52461066924096,2.6254801862895656,0.0,0.0,0.0,0.0,0.0,0.0,0.0,0.0,60.8465550649052,14.324717281216465,True,False,True,False,True,10.192344798583047,0,0.9538270027495007,0.8529420108459452,False,False,False,False,0.25909020270946936,0.21496989891825213,False,False,False,False,2566459,2088182.9764692092,False,False,False,False,212264.8605332027,False,False,False,False
2023-05-03 00:00:00+00:00,265.0,266.665,261.04,262.36,191217,,,,,,,,,,,,,,,,,,,,,,,,217.02405179614587,"rgba(38, 166, 154, 1.0)",0.0,0.0,18.144717191373346,218.24264170745528,2.576913037518979,0.0,0.0,0.0,0.0,0.0,0.0,0.0,0.0,62.48297353956757,14.324717281216465,True,False,True,False,True,10.612305412668935,0,0.9682538240228258,0.840667135381823,False,False,False,False,0.29096416889787124,0.2529670339080617,False,False,False,False,2757676,2114437.604842966,False,False,False,False,211439.454237783,False,False,False,False
2023-05-04 00:00:00+00:00,260.61,263.15,251.36,257.23,293970,,,,,,,,,,,,,,,,,,,,,,,,217.36440604196625,"rgba(38, 166, 154, 1.0)",0.0,0.0,18.026430290992185,218.3868684644774,2.34229022906557,0.0,0.0,0.0,0.0,0.0,0.0,0.0,0.0,61.53086336488319,14.324717281216465,True,False,True,False,True,9.038442168125403,0,0.9425583457871858,0.8451122849693596,False,False,False,False,0.20573753404345757,0.22935228397575963,False,False,False,False,2463706,2128134.404653046,False,False,False,False,214675.9462284582,False,False,False,False
2023-05-05 00:00:00+00:00,249.79,257.72,244.5,244.5,243804,,,,,,,,,,,,,,,,,,,,,,,,217.5902266354797,"rgba(38, 166, 154, 0.75)",0.0,0.0,17.84548251438262,218.3790403332501,1.760163091215614,0.0,0.0,0.0,0.0,0.0,0.0,0.0,0.0,56.886613551468116,13.217949553035083,True,False,True,False,False,5.324660529823291,0,0.9354871143625598,0.8476630335591594,False,False,False,False,0.12895056237760721,0.17915142317668342,False,False,False,False,2219902,2131733.133882338,False,False,False,False,215818.22284695006,False,False,False,False
2023-05-08 00:00:00+00:00,253.92,256.45,251.49,254.12,147058,,,,,,,,,,,,,,,,,,,,,,,,217.73833604381804,"rgba(38, 166, 154, 0.75)",0.0,0.0,17.485860073083636,218.4722179112946,2.0272255376943646,0.0,0.0,0.0,0.0,0.0,0.0,0.0,0.0,55.154412344974745,11.486435245967542,True,False,True,False,False,6.503630224234225,0,0.9596185844810711,0.8374061630387263,False,False,False,False,0.1644470936053996,0.17179925839104151,False,False,False,False,2366960,2140957.7168673445,False,False,False,False,213121.7435196187,False,False,False,False
2023-05-09 00:00:00+00:00,245.68,247.495,241.76,246.02,166991,,,,,,,,,,,,,,,,,,,,,,,,217.86374515493208,#000000,0.0,0.0,17.244424506185023,218.43872767862285,1.579714783268446,0.0,0.0,0.0,0.0,0.0,0.0,0.0,0.0,51.478820087596475,7.941729831833371,False,False,False,False,False,3.789425715351392,0,0.9539117615047447,0.8338835733831134,False,False,False,False,0.04953896587823066,0.1106691121346361,False,False,False,False,2199969,2143271.884833331,False,False,False,False,211312.69475414345,False,False,False,False
2023-05-10 00:00:00+00:00,245.13,246.825,242.01,244.5,161431,,,,,,,,,,,,,,,,,,,,,,,,217.98245326371574,"rgba(239, 83, 80, 0.5)",0.0,0.0,16.9373234223025,218.42839277403473,1.5764950907653732,0.0,0.0,0.0,0.0,0.0,0.0,0.0,0.0,48.87210009433253,5.463604875143247,False,False,False,True,False,3.6111225657169896,0,0.9378657128567183,0.8521943606840787,False,False,False,False,0.04698217676512496,0.07882564444988052,False,False,False,False,2038538,2139164.673663397,False,False,False,False,209356.5498618241,False,False,False,False
2023-05-11 00:00:00+00:00,244.6,245.63,239.24,243.73,85575,,,,,,,,,,,,,,,,,,,,,,,,218.04144407010844,"rgba(239, 83, 80, 1.0)",0.0,0.0,16.66674921231707,218.419313431705,1.5708334141697482,0.0,0.0,0.0,0.0,0.0,0.0,0.0,0.0,46.97216947210694,3.628206558479093,False,True,False,True,False,3.4365818133988455,0,0.9151357884340905,0.8828076498536805,False,False,False,False,0.02287046253147728,0.050848053490678904,False,False,False,False,1952963,2131862.6472452246,False,False,False,False,204502.37143587024,False,False,False,False
2023-05-12 00:00:00+00:00,238.37,242.67,237.49,240.33,168879,,,,,,,,,,,,,,,,,,,,,,,,218.14026666811225,"rgba(239, 83, 80, 1.0)",0.0,0.0,16.44597654100701,218.36416482958452,1.2164577226856785,0.0,0.0,0.0,0.0,0.0,0.0,0.0,0.0,43.8936766202623,0.6661789596399359,False,True,False,True,False,1.4018698688403894,0,0.9033420877052563,0.8847730198449018,False,False,False,False,-0.005739458114940782,0.02255429768786906,False,False,False,False,1784084,2118224.2689218824,False,False,False,False,203105.37647760083,False,False,False,False
2023-05-15 00:00:00+00:00,240.25,241.33,235.95,238.38,115178,,,,,,,,,,,,,,,,,,,,,,,,218.20610176033276,"rgba(239, 83, 80, 1.0)",0.0,0.0,16.250187296216865,218.33478365500315,1.348613154144927,0.0,0.0,0.0,0.0,0.0,0.0,0.0,0.0,42.67394631102111,-0.5591535742267197,False,True,False,True,False,1.985099392845438,0,0.8886760542539507,0.8920516089951599,False,False,False,False,-0.023235063440532062,-0.0003403828763315006,False,False,False,False,1899262,2109637.513277887,False,False,False,False,199657.2440667145,False,False,False,False
2023-05-16 00:00:00+00:00,238.9,244.93,238.66,244.12,132096,,,,,,,,,,,,,,,,,,,,,,,,218.2870146275948,"rgba(239, 83, 80, 1.0)",0.0,0.0,16.07947975352779,218.32668625509336,1.27947633009662,0.0,0.0,0.0,0.0,0.0,0.0,0.0,0.0,41.44886409094801,-1.8740054906934205,False,True,False,True,False,1.5406577406043027,0,0.8919246374741877,0.8795553984127296,False,False,False,False,0.015093627284054363,0.007376622203861431,False,False,False,False,1767166,2096207.257855225,False,False,False,False,197007.78351507866,False,False,False,False
2023-05-17 00:00:00+00:00,231.0,234.345,226.63,231.99,211186,,,,,,,,,,,,,,,,,,,,,,,,218.35734865521496,"rgba(239, 83, 80, 1.0)",0.0,0.0,15.988284625632495,218.17320101418574,0.8022623618577741,0.0,0.0,0.0,0.0,0.0,0.0,0.0,0.0,38.48625154491968,-4.837549569780457,False,True,False,True,False,0.0,0,0.8868008075385484,0.89096631870383,False,False,False,False,-0.1228728692467449,-0.057748123521441735,False,False,False,False,1555980,2075021.8751942357,False,False,False,False,197563.7920046834,False,False,False,False
2023-05-18 00:00:00+00:00,228.72,230.1,225.27,228.32,169409,,,,,,,,,,,,,,,,,,,,,,,,218.40126136576248,"rgba(239, 83, 80, 1.0)",0.0,0.0,15.908841968092212,218.040072016427,0.6713202635989064,0.0,0.0,0.0,0.0,0.0,0.0,0.0,0.0,35.97070495420185,-7.329564144932014,False,True,False,True,False,0.0,0,0.8946833662244282,0.8790749422729682,False,False,False,False,-0.1575915772246076,-0.10766985037302466,False,False,False,False,1386571,2048023.8016572068,False,False,False,False,196459.68251430368,False,False,False,False
2023-05-19 00:00:00+00:00,232.6,234.0,228.64,230.8,90834,,,,,,,,,,,,,,,,,,,,,,,,218.43366789824165,"rgba(239, 83, 80, 1.0)",0.0,0.0,15.819398228038379,217.99850979292918,0.9230117351234675,0.0,0.0,0.0,0.0,0.0,0.0,0.0,0.0,36.256526890656204,-7.329564144932014,False,True,False,True,False,0.0,0,0.9193761088835005,0.8665563641053466,False,False,False,False,-0.1126196692152192,-0.11014475979412193,False,False,False,False,1477405,2025646.593749081,False,False,False,False,192317.49888629178,False,False,False,False
2023-05-22 00:00:00+00:00,242.06,245.74,235.52,235.52,164964,,,,,,,,,,,,,,,,,,,,,,,,218.53321748435587,"rgba(239, 83, 80, 0.75)",0.0,0.0,15.705924192154257,218.03173896153362,1.5298852041110367,0.0,0.0,0.0,0.0,0.0,0.0,0.0,0.0,40.36625104462112,-7.329564144932014,False,True,False,True,True,2.5362816855452017,0,0.9384029309412472,0.8339462423491619,False,False,False,False,0.0009413818351991439,-0.054601688979461396,False,False,False,False,1642369,2010616.0998765682,False,False,False,False,191244.8126554568,False,False,False,False
2023-05-23 00:00:00+00:00,239.33,244.555,238.54,241.84,130070,,,,,,,,,,,,,,,,,,,,,,,,218.61006636145677,"rgba(239, 83, 80, 0.75)",0.0,0.0,15.554731158537622,218.0576053905876,1.3675835597927701,0.0,0.0,0.0,0.0,0.0,0.0,0.0,0.0,42.202595945051165,-7.329564144932014,False,True,False,True,True,1.6413900992900672,0,0.9438652019023137,0.8452884410328243,False,False,False,False,0.012086720241427292,-0.021257484369017053,False,False,False,False,1512299,1991074.2528225852,False,False,False,False,188845.8003944585,False,False,False,False
2023-05-24 00:00:00+00:00,236.5,240.38,235.45,236.43,87738,,,,,,,,,,,,,,,,,,,,,,,,218.65379281998665,"rgba(239, 83, 80, 0.75)",0.0,0.0,15.533200950117253,218.05769175699857,1.187283181504339,0.0,0.0,0.0,0.0,0.0,0.0,0.0,0.0,42.512254487459465,-7.329564144932014,False,True,False,True,True,0.7169973073740294,0,0.9151700493593118,0.8817845086777241,False,False,False,False,-0.032048329090030955,-0.026652906729524004,False,False,False,False,1424561,1968858.0468295426,False,False,False,False,184880.78861428367,False,False,False,False
2023-05-25 00:00:00+00:00,227.73,235.4,224.66,235.4,108824,,,,,,,,,,,,,,,,,,,,,,,,218.6842579690546,"rgba(239, 83, 80, 0.75)",0.0,0.0,15.521312828458997,218.00538712192443,0.6265328832394296,0.0,0.0,0.0,0.0,0.0,0.0,0.0,0.0,40.28392190818508,-7.329564144932014,False,True,False,True,True,0.0,0,0.8851114610765453,0.8994412342202615,False,False,False,False,-0.12851833860300874,-0.07758562266626637,False,False,False,False,1315737,1943245.456757796,False,False,False,False,181898.1694529392,False,False,False,False
2023-05-26 00:00:00+00:00,236.9,238.48,228.16,230.99,205484,,,,,,,,,,,,,,,,,,,,,,,,218.7696204872062,"rgba(239, 83, 80, 0.75)",0.0,0.0,15.454386028648615,217.98028239450272,1.2242296504322332,0.0,0.0,0.0,0.0,0.0,0.0,0.0,0.0,42.28565364542303,-7.329564144932014,False,True,False,True,True,0.842117800388575,0,0.9313428069615203,0.8763244207773025,False,False,False,False,-0.0880792807997339,-0.08283245173300013,False,False,False,False,1521221,1926695.478061412,False,False,False,False,182823.10398419652,False,False,False,False
2023-05-30 00:00:00+00:00,228.27,241.5,224.695,237.26,209504,,,,,,,,,,,,,,,,,,,,,,,,218.83916899466226,"rgba(239, 83, 80, 0.75)",0.0,0.0,15.43228024552897,217.92634694673802,0.6702608356440873,0.0,0.0,0.0,0.0,0.0,0.0,0.0,0.0,41.3921093378933,-7.329564144932014,False,True,False,True,True,0.0,0,0.9155926116869035,0.8620800815392913,False,False,False,False,-0.09080363880074369,-0.08681804526687191,False,False,False,False,1311717,1902578.6750001803,False,False,False,False,183869.4136318751,False,False,False,False
2023-05-31 00:00:00+00:00,220.93,226.105,213.82,225.68,280015,,,,,,,,,,,,,,,,,,,,,,,,218.84965931198386,"rgba(239, 83, 80, 0.75)",0.0,0.0,15.521383290551764,217.6967194348134,0.20831136662637492,0.0,0.0,0.0,0.0,0.0,0.0,0.0,0.0,39.225188639076656,-7.329564144932014,False,True,False,True,True,0.0,0,0.8965193618149918,0.89091163457671,False,False,False,False,-0.2555237319590689,-0.17117088861297042,False,False,False,False,1031702,1868426.648529585,False,False,False,False,187639.82878356628,False,False,False,False
2023-06-01 00:00:00+00:00,223.48,227.25,220.055,220.92,116435,,,,,,,,,,,,,,,,,,,,,,,,218.8639328768272,"rgba(239, 83, 80, 0.75)",0.0,0.0,15.56745183398911,217.6296882718952,0.3758040680319661,0.0,0.0,0.0,0.0,0.0,0.0,0.0,0.0,38.72473716666417,-7.329564144932014,False,True,False,True,True,0.0,0,0.8974950579423651,0.897089258488455,False,False,False,False,-0.20824080319875415,-0.18970584590586229,False,False,False,False,1148137,1840179.9956460719,False,False,False,False,184847.4825567598,False,False,False,False
2023-06-02 00:00:00+00:00,227.36,227.66,222.6,224.47,122392,,,,,,,,,,,,,,,,,,,,,,,,218.88602535449985,"rgba(239, 83, 80, 0.75)",0.0,0.0,15.5929573283329,217.57761951624343,0.6273588952867643,0.0,0.0,0.0,0.0,0.0,0.0,0.0,0.0,39.80003383879756,-7.329564144932014,False,True,False,True,True,0.0,0,0.9256290959440986,0.8927970054505024,False,False,False,False,-0.18957385739002738,-0.18963985164794483,False,False,False,False,1270529,1817840.7409148535,False,False,False,False,182398.24794669077,False,False,False,False
2023-06-05 00:00:00+00:00,221.84,225.45,217.57,220.6,146768,,,,,,,,,,,,,,,,,,,,,,,,218.89631968314893,"rgba(239, 83, 80, 0.75)",0.0,0.0,15.680600473137682,217.4868485891087,0.27761382087048675,0.0,0.0,0.0,0.0,0.0,0.0,0.0,0.0,39.1742369263019,-7.329564144932014,False,True,False,True,True,0.0,0,0.9096379553335946,0.9026321483500095,False,False,False,False,-0.23556959999114385,-0.21260472581954434,False,False,False,False,1123761,1790621.9275456436,False,False,False,False,181000.98332133036,False,False,False,False
2023-06-06 00:00:00+00:00,226.14,229.5662,212.34,212.52,274371,,,,,,,,,,,,,,,,,,,,,,,,218.92278125727054,"rgba(239, 83, 80, 0.75)",0.0,0.0,15.723196092981413,217.34520258641092,0.5593517603914464,0.0,0.0,0.0,0.0,0.0,0.0,0.0,0.0,40.33009947625315,-7.329564144932014,False,True,False,True,True,0.0,1,0.9023100181268937,0.8872562931668879,False,False,False,False,-0.24272852987271656,-0.22766662784613045,False,False,False,False,1398132,1775230.1656811088,False,False,False,False,184662.55260284682,False,False,False,False
2023-06-07 00:00:00+00:00,224.39,226.58,221.34,222.01,122690,,,,,,,,,,,,,,,,,,,,,,,,218.93892319901255,"rgba(239, 83, 80, 0.75)",0.0,0.0,15.77440221022837,217.29526637177705,0.44976244003862176,0.0,0.0,0.0,0.0,0.0,0.0,0.0,0.0,40.63285749558525,-7.329564144932014,False,True,False,True,True,0.0,1,0.917564106663655,0.9047281463807465,False,False,False,False,-0.2043444137554889,-0.21600552080080967,False,False,False,False,1275442,1755630.6297720456,False,False,False,False,182232.25642234302,False,False,False,False
2023-06-08 00:00:00+00:00,217.06,219.56,215.78,219.33,266711,,,,,,,,,,,,,,,,,,,,,,,,218.92901799970826,"rgba(239, 83, 80, 0.75)",0.0,0.0,15.905301958949824,217.1102331931482,-0.0031582671789466845,0.0,0.0,0.0,0.0,0.0,0.0,0.0,0.0,39.024678569766486,-7.329564144932014,False,True,False,True,True,0.0,1,0.9026085666933508,0.9129852305484463,False,False,False,False,-0.28545979407585226,-0.25073265743833095,False,False,False,False,1008731,1726340.4482123577,False,False,False,False,185545.1483273492,False,False,False,False
2023-06-09 00:00:00+00:00,216.04,219.29,215.03,216.93,157118,,,,,,,,,,,,,,,,,,,,,,,,218.92056058612496,"rgba(239, 83, 80, 1.0)",0.0,0.0,16.037655696054614,217.00324590760866,-0.06006151558956537,0.0,0.0,0.0,0.0,0.0,0.0,0.0,0.0,37.716735408660824,-7.741770033881849,False,True,False,True,False,0.0,1,0.8986221052591167,0.9100268361221475,False,False,False,False,-0.2921860161139522,-0.27145933677614154,False,False,False,False,851613,1692037.4110275595,False,False,False,False,184430.35819686492,False,False,False,False
2023-06-12 00:00:00+00:00,213.2,218.35,211.455,217.98,269224,,,,,,,,,,,,,,,,,,,,,,,,218.88975005007103,"rgba(239, 83, 80, 1.0)",0.0,0.0,16.18406276818811,216.80088872778725,-0.22249596898902801,0.0,0.0,0.0,0.0,0.0,0.0,0.0,0.0,36.17717222584446,-9.3871640607181,False,True,False,True,False,0.0,0,0.9014928551518843,0.9106823340688684,False,False,False,False,-0.32228008589464596,-0.29686971133539375,False,False,False,False,582389,1648521.7870656946,False,False,False,False,187755.59905188982,False,False,False,False
2023-06-13 00:00:00+00:00,212.19,213.73,209.98,212.73,237071,,,,,,,,,,,,,,,,,,,,,,,,218.84902992818755,"rgba(239, 83, 80, 1.0)",0.0,0.0,16.245271071581325,216.6094195311104,-0.2720434464674167,0.0,0.0,0.0,0.0,0.0,0.0,0.0,0.0,34.909911560425854,-10.745526193294445,False,True,False,True,False,0.0,0,0.8996270730090155,0.9131958798850254,False,False,False,False,-0.34282825441539394,-0.3198489828753939,False,False,False,False,345318,1597415.7562003734,False,False,False,False,189689.53634397258,False,False,False,False
2023-06-14 00:00:00+00:00,208.12,213.62,205.1701,210.23,332432,,,,,,,,,,,,,,,,,,,,,,,,218.76821725277398,"rgba(239, 83, 80, 1.0)",0.0,0.0,16.3981293283239,216.31602981892942,-0.4998149273510552,0.0,0.0,0.0,0.0,0.0,0.0,0.0,0.0,33.112783392038075,-12.576840873350555,False,True,False,True,False,0.0,0,0.8996493090002998,0.9099522142798008,False,False,False,False,-0.34282825441539394,-0.33133861864539393,False,False,False,False,12886,1535277.334388594,False,False,False,False,195287.28001675796,False,False,False,False
2023-06-15 00:00:00+00:00,201.04,208.495,191.145,193.51,477539,,,,,,,,,,,,,,,,,,,,,,,,218.55286713905426,"rgba(239, 83, 80, 1.0)",0.0,0.0,16.82739817935187,215.75733122561888,-0.8746052757982429,0.0,0.0,0.0,0.0,0.0,0.0,0.0,0.0,30.49328619325147,-15.121519931302707,False,True,False,True,False,0.0,0,0.868307969854547,0.91903053586305,False,False,False,False,-0.34282825441539394,-0.33708343653039397,False,False,False,False,-464653,1456848.6938243352,False,False,False,False,206355.97491806158,False,False,False,False
2023-06-16 00:00:00+00:00,200.21,202.54,194.08,199.38,550019,,,,,,,,,,,,,,,,,,,,,,,,218.2940076996849,"rgba(239, 83, 80, 1.0)",0.0,0.0,17.3009849813325,215.1468451700549,-0.8633522996622163,0.0,0.0,0.0,0.0,0.0,0.0,0.0,0.0,28.593003910196103,-16.93329925617526,False,True,False,True,False,0.0,0,0.8780489400024328,0.932680573244103,False,False,False,False,-0.34282825441539394,-0.3399558454728939,False,False,False,False,-1014672,1359926.3136743614,False,False,False,False,219832.95629382387,False,False,False,False
2023-06-20 00:00:00+00:00,191.57,196.185,189.11,196.07,286801,,,,,,,,,,,,,,,,,,,,,,,,218.1162253391675,"rgba(239, 83, 80, 1.0)",0.0,0.0,17.984433759716385,214.77715774736708,-1.2904024701266474,0.0,0.0,0.0,0.0,0.0,0.0,0.0,0.0,25.8952103830302,-19.469085624940064,False,True,False,True,False,0.0,0,0.8494771815737402,0.9990896026707415,False,False,False,False,-0.34282825441539394,-0.34139204994414396,False,False,False,False,-1301473,1255557.713138112,False,False,False,False,222459.15408622293,False,False,False,False
2023-06-21 00:00:00+00:00,185.6,190.72,180.3776,190.03,388463,,,,,,,,,,,,,,,,,,,,,,,,217.8175891324363,"rgba(239, 83, 80, 1.0)",0.0,0.0,18.806751910028872,214.20419643546134,-1.5209535688194993,0.0,0.0,0.0,0.0,0.0,0.0,0.0,0.0,23.30197698772961,-21.86248082152122,False,True,False,True,False,0.0,0,0.7940226832317461,1.0060760669472102,False,False,False,False,-0.34282825441539394,-0.3421101521797689,False,False,False,False,-1689936,1140048.155760147,False,False,False,False,228969.1088279397,False,False,False,False
2023-06-22 00:00:00+00:00,185.91,187.76,182.3861,184.89,268427,,,,,,,,,,,,,,,,,,,,,,,,217.61306644492498,"rgba(239, 83, 80, 1.0)",0.0,0.0,19.56999782439478,213.82564600899846,-1.4264511554620871,0.0,0.0,0.0,0.0,0.0,0.0,0.0,0.0,21.753276393257565,-23.2776671226418,False,True,False,True,False,0.0,0,0.7885608262615088,1.0554260229736305,False,False,False,False,-0.34282825441539394,-0.34246920329758146,False,False,False,False,-1421509,1039594.9339656314,False,False,False,False,230516.47710919695,False,False,False,False
2023-06-23 00:00:00+00:00,179.28,183.4,178.58,180.74,507401,,,,,,,,,,,,,,,,,,,,,,,,217.17537841629726,"rgba(239, 83, 80, 1.0)",0.0,0.0,20.51151301582036,213.05894845501638,-1.6468287068322534,0.0,0.0,0.0,0.0,0.0,0.0,0.0,0.0,19.8851126252555,-25.035461664152418,False,True,False,True,False,0.0,0,0.7586377774460619,1.0643882160205929,False,False,False,False,-0.34282825441539394,-0.34264872885648767,False,False,False,False,-1928910,923182.9757709008,False,False,False,False,241374.69369315,False,False,False,False
2023-06-26 00:00:00+00:00,180.09,185.8,179.36,183.97,444650,,,,,,,,,,,,,,,,,,,,,,,,216.81377845631397,"rgba(239, 83, 80, 1.0)",0.0,0.0,21.358703162710114,212.45012707493296,-1.51507920815296,0.0,0.0,0.0,0.0,0.0,0.0,0.0,0.0,19.135500580783827,-25.78705590070439,False,True,False,True,False,0.0,0,0.7431286801848782,1.0926456592974496,False,False,False,False,-0.3293097057768453,-0.33597921731666647,False,False,False,False,-1484260,828773.4473092968,False,False,False,False,249346.27433263432,False,False,False,False
2023-06-27 00:00:00+00:00,180.29,180.99,177.01,180.92,308307,,,,,,,,,,,,,,,,,,,,,,,,216.55105474410942,"rgba(239, 83, 80, 1.0)",0.0,0.0,22.103146563328274,212.02350615807867,-1.4357008431880152,0.0,0.0,0.0,0.0,0.0,0.0,0.0,0.0,18.767405925121615,-26.26689262174251,False,True,False,True,False,0.0,0,0.7356633492066028,1.097156608028999,False,False,False,False,-0.34282825441539394,-0.33940373586603023,False,False,False,False,-1175953,750156.7238854028,False,False,False,False,251658.4596529232,False,False,False,False
2023-06-28 00:00:00+00:00,179.86,180.22,176.49,177.62,208211,,,,,,,,,,,,,,,,,,,,,,,,216.37299869478744,"rgba(239, 83, 80, 1.0)",0.0,0.0,22.81134080051166,211.74045615031937,-1.3975704641440578,0.0,0.0,0.0,0.0,0.0,0.0,0.0,0.0,18.454613682176962,-26.76915365242882,False,True,False,True,False,0.0,0,0.7298204738682517,1.0970385296333838,False,False,False,False,-0.34282825441539394,-0.3411159951407121,False,False,False,False,-1384164,666457.8719683281,False,False,False,False,249954.63770574974,False,False,False,False
2023-06-29 00:00:00+00:00,178.59,179.09,174.74,178.0,205606,,,,,,,,,,,,,,,,,,,,,,,,216.19239071882254,"rgba(239, 83, 80, 1.0)",0.0,0.0,23.560568128177504,210.7069531390974,-1.3631654790483088,0.0,0.0,0.0,0.0,0.0,0.0,0.0,0.0,18.037192665101795,-27.41603826138482,False,True,False,True,False,0.0,0,0.720525010606054,1.1034849573838303,True,False,False,False,-0.34282825441539394,-0.34197212477805305,False,False,False,False,-1589770,577978.3475774133,False,False,False,False,248215.4754427792,False,False,False,False
2023-06-30 00:00:00+00:00,178.3,179.245,175.95,176.66,282878,,,,,,,,,,,,,,,,,,,,,,,,215.94890367241942,"rgba(239, 83, 80, 1.0)",0.0,0.0,24.29161748274288,210.3456690276108,-1.3192068848596228,0.0,0.0,0.0,0.0,0.0,0.0,0.0,0.0,17.70872938758832,-28.002778456620348,False,True,False,True,False,0.0,0,0.743853069887793,1.0960023093219495,False,False,False,False,-0.3370248163378034,-0.33949847055792826,False,False,False,False,-1872648,481875.3535547696,False,False,False,False,249574.79013129766,True,False,False,False
2023-07-03 00:00:00+00:00,180.85,181.795,178.2,178.76,152191,,,,,,,,,,,,,,,,,,,,,,,,215.82751790102805,"rgba(239, 83, 80, 0.75)",0.0,0.0,24.90015592989942,210.19363893925794,-1.1784520153957314,0.0,0.0,0.0,0.0,0.0,0.0,0.0,0.0,19.64758763545394,-28.002778456620348,False,True,False,True,True,0.0,0,0.7501974679310585,1.0779793020759143,False,False,False,False,-0.31678686631001557,-0.3281426684339719,False,False,False,False,-1720457,395509.3789055629,False,False,False,False,245755.817969286,False,False,False,False
2023-07-05 00:00:00+00:00,191.48,193.09,187.49,187.76,308988,,,,,,,,,,,,,,,,,,,,,,,,215.65499749656976,"rgba(239, 83, 80, 0.75)",0.0,0.0,25.255118637721296,210.1355984278751,-0.7386858361461395,0.0,0.0,0.0,0.0,0.0,0.0,0.0,0.0,27.658442503693937,-26.95030905552848,False,True,False,True,True,0.0,0,0.764157538349235,1.0625724513438481,False,False,False,False,-0.232565680249765,-0.28035417434186843,False,False,False,False,-1411469,324647.48169358005,False,False,False,False,248235.51138225518,False,False,False,False
2023-07-06 00:00:00+00:00,189.43,192.0,186.05,189.67,213261,,,,,,,,,,,,,,,,,,,,,,,,215.53010333150021,"rgba(239, 83, 80, 0.75)",0.0,0.0,25.634699703738942,210.01402907205338,-0.8029752370787901,0.0,0.0,0.0,0.0,0.0,0.0,0.0,0.0,32.22808799525038,-22.95092678073532,False,True,False,True,True,0.0,0,0.7559400845352099,1.0645653405638706,False,False,False,False,-0.24272184152764284,-0.2615380079347556,False,False,False,False,-1624730,248201.30594089066,False,False,False,False,246863.96191628437,False,False,False,False
2023-07-07 00:00:00+00:00,189.55,193.41,188.64,190.28,177612,,,,,,,,,,,,,,,,,,,,,,,,215.43235229625702,"rgba(239, 83, 80, 0.75)",0.0,0.0,25.99795151458914,209.91752822228722,-0.7834281947505619,0.0,0.0,0.0,0.0,0.0,0.0,0.0,0.0,35.34092456495706,-20.349647859701314,False,True,False,True,True,0.0,0,0.7815568024178177,1.0584084647420535,False,False,False,False,-0.22668637162661825,-0.24411218978068694,False,False,False,False,-1447118,181718.19590399298,False,False,False,False,244148.19870388106,False,False,False,False
2023-07-10 00:00:00+00:00,192.53,193.98,186.9,189.7,152121,,,,,,,,,,,,,,,,,,,,,,,,215.3512503372155,"rgba(239, 83, 80, 0.5)",0.0,0.0,26.297236307364667,209.83423688722752,-0.6580249226562787,0.0,0.0,0.0,0.0,0.0,0.0,0.0,0.0,39.070439507021675,-17.128102740368703,False,False,False,True,True,0.0,0,0.7851217766419191,1.0444091513886542,False,False,False,False,-0.23136455051264568,-0.23773837014666632,False,False,False,False,-1294997,123807.7960646207,False,False,False,False,240539.28895078768,False,False,False,False
2023-07-11 00:00:00+00:00,188.06,188.53,179.96,182.61,266957,,,,,,,,,,,,,,,,,,,,,,,,215.17749521932197,"rgba(239, 83, 80, 0.5)",0.0,0.0,26.63965125234976,209.59005374118584,-0.8081957806893877,0.0,0.0,0.0,0.0,0.0,0.0,0.0,0.0,39.650421322952596,-16.77702783467953,False,False,False,True,True,0.0,0,0.7539932959318961,1.0717244255071732,False,False,False,False,-0.2815652412391875,-0.2596518056929269,False,False,False,False,-1561954,57699.49033659638,False,False,False,False,241575.27761938426,False,False,False,False
2023-07-12 00:00:00+00:00,192.055,193.36,188.28,188.28,146183,,,,,,,,,,,,,,,,,,,,,,,,215.10137145978806,"rgba(239, 83, 80, 0.5)",0.0,0.0,26.915385488098558,209.50613167843898,-0.6483701185017584,0.0,0.0,0.0,0.0,0.0,0.0,0.0,0.0,42.16414747459176,-14.453201740077276,False,False,False,True,True,0.0,0,0.7676913566893285,1.0595393373195892,False,False,False,False,-0.22832461339831042,-0.24398820954561867,False,False,False,False,-1415771,-83.66614719171776,False,False,False,False,237834.40398725154,False,False,False,False
2023-07-13 00:00:00+00:00,198.17,199.77,194.7646,195.97,163422,,,,,,,,,,,,,,,,,,,,,,,,215.03928115496973,#000000,0.0,0.0,27.093633177995113,209.46650136252916,-0.41694302452223186,0.0,0.0,0.0,0.0,0.0,0.0,0.0,0.0,46.54435920619355,-10.386067436421577,True,False,False,False,True,0.0,0,0.7710443319335692,1.0543221046090594,False,False,False,False,-0.1773278611485948,-0.21065803534710675,False,False,False,False,-1252349,-49192.110612007724,False,False,False,False,234916.2704975554,False,False,False,False
2023-07-14 00:00:00+00:00,196.33,198.18,193.52,196.14,144848,,,,,,,,,,,,,,,,,,,,,,,,214.97973871288823,#000000,0.0,0.0,27.299857220858375,209.41496731239013,-0.47930533872509007,0.0,0.0,0.0,0.0,0.0,0.0,0.0,0.0,48.57242311970725,-8.551911878368372,True,False,False,False,True,0.0,0,0.7539143482698688,1.0668525977005203,False,False,False,False,-0.18845155193806737,-0.19955479364258705,False,False,False,False,-1397197,-102055.04745075252,False,False,False,False,231384.1814584356,False,False,False,False
2023-07-17 00:00:00+00:00,197.9,201.98,196.97,199.79,244100,,,,,,,,,,,,,,,,,,,,,,,,214.8956569221972,"rgba(38, 166, 154, 1.0)",0.0,0.0,27.472678985814827,209.3584183438173,-0.41708412746109363,0.0,0.0,0.0,0.0,0.0,0.0,0.0,0.0,50.610491851047456,-6.6204425937631015,True,False,True,False,True,0.0,0,0.7559325412529642,1.0630376174660268,False,False,False,False,-0.1456897654300156,-0.17262227953630133,False,False,False,False,-1153097,-143272.37892327202,False,False,False,False,231882.84100908518,False,False,False,False
2023-07-18 00:00:00+00:00,194.71,197.04,193.75,196.66,171175,,,,,,,,,,,,,,,,,,,,,,,,214.82335357774664,"rgba(38, 166, 154, 1.0)",0.0,0.0,27.687961831911345,209.2827242189676,-0.5263198608635759,0.0,0.0,0.0,0.0,0.0,0.0,0.0,0.0,50.35580535391459,-6.6204425937631015,True,False,True,False,True,0.0,0,0.768771457381339,1.0705732772073593,False,False,False,False,-0.17343123765591953,-0.17302675859611044,False,False,False,False,-1324272,-189586.08955373193,False,False,False,False,229502.14136167007,False,False,False,False
2023-07-19 00:00:00+00:00,193.15,197.3867,193.07,194.78,108597,,,,,,,,,,,,,,,,,,,,,,,,214.77629301535137,#000000,0.0,0.0,27.912705319320402,209.23087515339853,-0.5761130986564669,0.0,0.0,0.0,0.0,0.0,0.0,0.0,0.0,49.430885266283084,-6.6204425937631015,True,False,False,False,True,0.0,0,0.7851166196947911,1.0652793535996552,False,False,False,False,-0.1749023856131177,-0.17396457210461408,False,False,False,False,-1432869,-238342.28212025226,False,False,False,False,224760.76326905558,False,False,False,False
2023-07-20 00:00:00+00:00,192.89,195.27,191.69,192.19,101742,,,,,,,,,,,,,,,,,,,,,,,,214.72968524699672,#000000,0.0,0.0,28.126761059259188,209.17618034198762,-0.5790279338482986,0.0,0.0,0.0,0.0,0.0,0.0,0.0,0.0,48.68321525014487,-6.6204425937631015,True,False,False,False,True,0.0,0,0.7660723381519112,1.0724165956906313,False,False,False,False,-0.17016299287746545,-0.17206378249103976,False,False,False,False,-1534611,-289176.3494880855,False,False,False,False,219936.4980428181,False,False,False,False
2023-07-21 00:00:00+00:00,197.5,198.69,195.24,197.39,123221,,,,,,,,,,,,,,,,,,,,,,,,214.68361896048387,"rgba(38, 166, 154, 1.0)",0.0,0.0,28.262181431238226,209.1317955829883,-0.4115675080244041,0.0,0.0,0.0,0.0,0.0,0.0,0.0,0.0,50.628117841011985,-5.830766640027839,True,False,True,False,True,0.0,0,0.786876919919784,1.0517118203540086,False,False,False,False,-0.13477292466204813,-0.15341835357654393,False,False,False,False,-1411390,-333184.72793953307,False,False,False,False,216143.733413688,False,False,False,False
2023-07-24 00:00:00+00:00,195.24,197.99,194.51,196.03,159844,,,,,,,,,,,,,,,,,,,,,,,,214.62005415535873,"rgba(38, 166, 154, 1.0)",0.0,0.0,28.433678365247665,209.06457453787812,-0.4862042244514814,0.0,0.0,0.0,0.0,0.0,0.0,0.0,0.0,50.65927001790098,-5.478925189556087,True,False,True,False,True,0.0,0,0.7835253718518257,1.051974308636154,False,False,False,False,-0.13606707076062677,-0.14474271216858536,False,False,False,False,-1571234,-381735.6797850416,False,False,False,False,213935.90073079828,False,False,False,False
2023-07-25 00:00:00+00:00,196.75,198.1399,193.93,195.51,106983,,,,,,,,,,,,,,,,,,,,,,,,214.57856445682262,"rgba(38, 166, 154, 1.0)",0.0,0.0,28.56901974608557,209.02108097998652,-0.42952404699387225,0.0,0.0,0.0,0.0,0.0,0.0,0.0,0.0,51.47977489955763,-4.333589407842318,True,False,True,False,True,0.0,0,0.788105482599956,1.0486910645830332,False,False,False,False,-0.13633841860706997,-0.14054056538782767,False,False,False,False,-1464251,-424187.2609699419,False,False,False,False,209741.6693295905,False,False,False,False
2023-07-26 00:00:00+00:00,202.66,205.85,197.12,197.87,259082,,,,,,,,,,,,,,,,,,,,,,,,214.5093813289339,"rgba(38, 166, 154, 1.0)",0.0,0.0,28.6062001370202,208.97699179603714,-0.22082596660093007,0.0,0.0,0.0,0.0,0.0,0.0,0.0,0.0,54.73464902609737,-0.9628954360467858,True,False,True,False,True,0.0,0,0.8064602868174293,1.0242760617760616,False,False,False,False,-0.08023027263077316,-0.1103854190093004,False,False,False,False,-1205169,-454813.9958338658,False,False,False,False,211676.5842578419,False,False,False,False
2023-07-27 00:00:00+00:00,209.5,212.32,203.99,204.0,521782,,,,,,,,,,,,,,,,,,,,,,,,214.44529839499407,"rgba(38, 166, 154, 1.0)",0.0,0.0,28.6073332558102,209.0179087073346,0.01685201791982739,0.0,0.0,0.0,0.0,0.0,0.0,0.0,0.0,59.23945064152591,3.4052016168054635,True,False,True,False,True,0.0,0,0.8271962116921525,1.0000382816269164,False,False,False,False,-0.01220775855646416,-0.061296588782882286,False,False,False,False,-683387,-463777.6430560671,False,False,False,False,223837.5809536128,False,False,False,False
2023-07-28 00:00:00+00:00,225.13,225.23,216.01,216.31,334116,,,,,,,,,,,,,,,,,,,,,,,,214.49827653158178,"rgba(38, 166, 154, 1.0)",1.0,205.14333,28.396807471078944,210.69046514813007,0.508491486818581,0.0,0.0,0.0,0.0,0.0,0.0,0.0,0.0,65.54884096883335,9.255938165734861,True,False,True,False,True,4.007951265624303,0,0.8385427433963419,0.9784430616818984,False,False,False,False,0.1168257443874448,0.027764577802281254,False,False,False,True,-349271,-459287.18646563316,False,False,False,False,228162.22483778486,False,False,False,True
2023-07-31 00:00:00+00:00,214.22,220.96,213.58,219.52,566715,,,,,,,,,,,,,,,,,,,,,,,,214.5185791463163,"rgba(38, 166, 154, 1.0)",0.0,0.0,28.144049585197042,210.65794176921986,0.1265652343312271,0.0,0.0,0.0,0.0,0.0,0.0,0.0,0.0,64.71446776849936,9.255938165734861,True,False,True,False,True,0.11239629652579097,0,0.8417180178609875,0.9632029816161013,False,False,False,False,0.08227347810400139,0.05501902795314132,False,False,False,False,-915986,-477196.94385913777,False,False,False,False,241438.80425591095,False,False,False,False
2023-08-01 00:00:00+00:00,206.54,212.39,203.96,211.24,243839,,,,,,,,,,,,,,,,,,,,,,,,214.48446200527678,"rgba(38, 166, 154, 0.75)",0.0,0.0,27.706872439655896,210.52537366311276,-0.14384061830842512,0.0,0.0,0.0,0.0,0.0,0.0,0.0,0.0,61.4202967869452,9.255938165734861,True,False,True,False,False,0.0,0,0.8262792217993482,0.9722278248795145,False,False,False,False,-0.010786401078696505,0.02211631343722241,False,False,False,False,-1159825,-503966.6715509363,False,False,False,False,241532.92957920855,False,False,False,False
2023-08-02 00:00:00+00:00,189.77,216.43,186.27,210.65,562830,,,,,,,,,,,,,,,,,,,,,,,,214.29237948868774,"rgba(38, 166, 154, 0.75)",0.0,0.0,27.45610896643137,209.97964106412323,-0.7360708354134269,0.0,0.0,0.0,0.0,0.0,0.0,0.0,0.0,54.86784851213545,12.14241691366243,True,False,True,False,False,0.0,0,0.7863422449183938,0.9735360730854873,False,False,False,False,-0.08065445772426885,-0.02926907214352322,False,False,False,False,-1722655,-551758.3707058015,False,False,False,False,254132.8146937494,False,False,False,False
2023-08-03 00:00:00+00:00,205.82,209.635,195.68,197.5,298791,,,,,,,,,,,,,,,,,,,,,,,,214.229271037703,"rgba(38, 166, 154, 0.75)",0.0,0.0,26.98150079588189,209.87276343442468,-0.15020526341675006,0.0,0.0,0.0,0.0,0.0,0.0,0.0,0.0,54.39349920396012,11.871190544389933,True,False,True,False,False,0.0,0,0.7886343531708506,1.0032957982443995,False,False,False,False,-0.06722948533092854,-0.048249278737225884,False,False,False,False,-1423864,-585958.5914624368,False,False,False,False,255884.11607830823,False,False,False,False
2023-08-04 00:00:00+00:00,202.27,208.03,199.87,206.25,198897,,,,,,,,,,,,,,,,,,,,,,,,214.18640508452586,"rgba(38, 166, 154, 0.75)",0.0,0.0,26.45138339456868,209.80537007624125,-0.28487621852657014,0.0,0.0,0.0,0.0,0.0,0.0,0.0,0.0,53.24827886724927,10.754749183853349,True,False,True,False,False,0.0,0,0.7924244263688234,1.004259859358803,False,False,False,False,-0.037507743538274844,-0.04287851113775036,False,False,False,False,-1622761,-626617.5094443021,False,False,False,False,253649.32721249224,False,False,False,False
2023-08-07 00:00:00+00:00,187.52,193.855,183.87,191.22,295617,,,,,,,,,,,,,,,,,,,,,,,,214.03581150262133,#000000,0.0,0.0,26.246264280381947,209.28791856012504,-0.8293720709196581,0.0,0.0,0.0,0.0,0.0,0.0,0.0,0.0,49.50583788224681,7.135650616705334,True,False,False,False,False,0.0,0,0.7777140477235998,1.0077176240510282,False,False,False,False,-0.19254593727463182,-0.1177122242061911,False,False,False,False,-1918378,-677274.7835837412,False,False,False,False,255295.11830219845,False,False,False,False
2023-08-08 00:00:00+00:00,191.59,194.185,188.01,188.01,194776,,,,,,,,,,,,,,,,,,,,,,,,213.94846458058976,#000000,0.0,0.0,25.95420401763782,209.17722161980336,-0.6776251588317456,0.0,0.0,0.0,0.0,0.0,0.0,0.0,0.0,47.98765552194283,5.617698667312865,True,False,False,False,False,0.0,0,0.8104420558885435,0.9970445628797645,False,False,False,False,-0.16554515698350383,-0.14162869059484745,False,False,False,False,-1723602,-718307.2234432022,False,False,False,False,252921.81954524948,False,False,False,False
2023-08-09 00:00:00+00:00,200.58,204.34,194.6,197.43,131014,,,,,,,,,,,,,,,,,,,,,,,,213.91216107295003,#000000,0.0,0.0,25.532333655952744,209.23329881077734,-0.338915311360889,0.0,0.0,0.0,0.0,0.0,0.0,0.0,0.0,48.98243989151989,5.617698667312865,True,False,False,False,False,0.0,0,0.8124691360839361,0.9769380715381684,False,False,False,False,-0.0651286414698052,-0.10337866603232632,False,False,False,False,-1592588,-752592.7440924884,False,False,False,False,248141.12073955341,False,False,False,False
2023-08-10 00:00:00+00:00,197.92,202.72,195.42,200.2,127940,,,,,,,,,,,,,,,,,,,,,,,,213.87399838508767,#000000,0.0,0.0,25.125905343017692,209.23594204799406,-0.45036952473987923,0.0,0.0,0.0,0.0,0.0,0.0,0.0,0.0,49.06159915389292,5.617698667312865,True,False,False,False,False,0.0,0,0.8183009643125136,0.9872402205474534,False,False,False,False,-0.026733527058670173,-0.06505609654549824,False,False,False,False,-1720528,-790550.9894221948,False,False,False,False,243427.3512987866,False,False,False,False
2023-08-11 00:00:00+00:00,197.68,198.92,193.21,193.21,78648,,,,,,,,,,,,,,,,,,,,,,,,213.84742852304777,#000000,0.0,0.0,24.910860380401772,209.21159226907784,-0.4629142507719297,0.0,0.0,0.0,0.0,0.0,0.0,0.0,0.0,49.05859081033522,5.617698667312865,True,False,False,False,False,0.0,0,0.8402860310104812,0.9645425264169524,False,False,False,False,-0.06796612293504492,-0.06651110974027158,False,False,False,False,-1799176,-830104.9114056382,False,False,False,False,236965.41595373617,False,False,False,False
2023-08-14 00:00:00+00:00,204.13,206.48,199.2,200.0,124920,,,,,,,,,,,,,,,,,,,,,,,,213.82164485532397,#000000,0.0,0.0,24.646406798579385,209.25058566831996,-0.2077619553295335,0.0,0.0,0.0,0.0,0.0,0.0,0.0,0.0,50.60760120425163,5.617698667312865,True,False,False,False,False,0.0,0,0.8367108315816665,0.9472002161244991,False,False,False,False,0.024884321335245835,-0.020813394202512873,False,False,False,False,-1674256,-863208.8756642407,False,False,False,False,232571.4780731975,False,False,False,False
2023-08-15 00:00:00+00:00,202.72,205.64,199.97,204.21,103758,,,,,,,,,,,,,,,,,,,,,,,,213.79932760620227,#000000,0.0,0.0,24.172508027743635,209.26664224649502,-0.2708300784916987,0.0,0.0,0.0,0.0,0.0,0.0,0.0,0.0,51.25556681285185,5.617698667312865,True,False,False,False,False,0.0,0,0.8327462380705604,0.9502343884956779,False,False,False,False,0.03322616491251858,0.006206385355002852,False,False,False,False,-1778014,-899083.5864225058,False,False,False,False,227519.96912915056,False,False,False,False
2023-08-16 00:00:00+00:00,192.33,199.31,190.22,198.92,223535,,,,,,,,,,,,,,,,,,,,,,,,213.71331023378818,#000000,0.0,0.0,23.765353792314,209.11583285087846,-0.7063152940019428,0.0,0.0,0.0,0.0,0.0,0.0,0.0,0.0,49.088895609427695,4.955707268382447,True,False,False,False,False,0.0,0,0.8222906707986618,0.9567118662399864,False,False,False,False,-0.0797488249142835,-0.036771219779640325,False,False,False,False,-2001549,-942317.5242098585,False,False,False,False,227363.6958299682,False,False,False,False
2023-08-17 00:00:00+00:00,192.28,196.35,190.67,193.73,240254,,,,,,,,,,,,,,,,,,,,,,,,213.6177300817508,#000000,0.0,0.0,23.185280799220834,208.94891609223387,-0.7189438953352701,0.0,0.0,0.0,0.0,0.0,0.0,0.0,0.0,47.63274195073073,3.291249550297387,True,False,False,False,False,0.0,0,0.8310595118631223,0.9726063485250132,False,False,False,False,-0.0974944671703644,-0.06713284347500237,False,False,False,False,-2241803,-993277.7389467269,False,False,False,False,227869.19795428318,False,False,False,False
2023-08-18 00:00:00+00:00,193.05,193.73,188.57,188.57,115919,,,,,,,,,,,,,,,,,,,,,,,,213.56899130136387,"rgba(239, 83, 80, 0.5)",0.0,0.0,22.4377091612621,208.8613155288778,-0.7046760172903689,0.0,0.0,0.0,0.0,0.0,0.0,0.0,0.0,46.903692447582415,2.3211178089595137,True,False,False,True,False,0.0,0,0.8041940393470397,0.9717158101765454,False,False,False,False,-0.1155452213874439,-0.09133903243122313,False,False,False,False,-2125884,-1037693.6707527377,False,False,False,False,223478.99411293876,False,False,False,False
2023-08-21 00:00:00+00:00,196.12,196.7,190.96,190.96,126799,,,,,,,,,,,,,,,,,,,,,,,,213.52277104222347,"rgba(239, 83, 80, 0.5)",0.0,0.0,21.541861682076355,208.793826962919,-0.5883348036471756,0.0,0.0,0.0,0.0,0.0,0.0,0.0,0.0,47.40695017615173,2.3211178089595137,True,False,False,True,False,0.0,0,0.8252699348689931,0.9589574365121172,False,False,False,False,-0.0747010482708737,-0.08302004035104842,False,False,False,False,-1999085,-1075395.2915075324,False,False,False,False,219687.6217947843,False,False,False,False
2023-08-22 00:00:00+00:00,194.28,197.53,191.43,195.6,596436,,,,,,,,,,,,,,,,,,,,,,,,213.30630793237117,"rgba(239, 83, 80, 0.5)",0.0,0.0,20.738363724579454,208.48661220863488,-0.6850401698662931,0.0,0.0,0.0,0.0,0.0,0.0,0.0,0.0,47.1836909999756,2.009297063662082,True,False,False,True,False,0.0,0,0.8290056193880034,0.9564747040297321,False,False,False,False,-0.0648373005675523,-0.07392867045930035,False,False,False,False,-2595521,-1135008.06438959,False,False,False,False,234462.0679989104,False,False,False,False
2023-08-23 00:00:00+00:00,202.8,204.66,195.34,196.69,254401,,,,,,,,,,,,,,,,,,,,,,,,213.24681412162758,#000000,0.0,0.0,20.16219316707105,208.45822012839662,-0.28063515122142707,0.0,0.0,0.0,0.0,0.0,0.0,0.0,0.0,49.696564433374206,2.009297063662082,True,False,False,False,True,0.0,1,0.8458776366299007,0.9348988459795283,False,False,False,False,0.0186144357781843,-0.027657117340558025,False,False,False,False,-2341120,-1182306.5716684298,False,False,False,False,235243.98690091394,False,False,False,False
2023-08-24 00:00:00+00:00,198.88,203.85,193.83,203.0,262479,,,,,,,,,,,,,,,,,,,,,,,,213.17575987836727,#000000,0.0,0.0,19.43561646370664,208.39432730802727,-0.48953051351851806,0.0,0.0,0.0,0.0,0.0,0.0,0.0,0.0,50.085405022296904,2.009297063662082,True,False,False,False,True,0.0,1,0.8480825420965735,0.9268452629251382,False,False,False,False,0.0010948400871607256,-0.01328113862669865,False,False,False,False,-2603599,-1238043.5296422169,False,False,False,False,236312.02663028985,False,False,False,False
2023-08-25 00:00:00+00:00,198.41,200.0,193.08,193.08,147221,,,,,,,,,,,,,,,,,,,,,,,,213.13154629620766,#000000,0.0,0.0,18.91365495738006,208.3447779410557,-0.5252701269766569,0.0,0.0,0.0,0.0,0.0,0.0,0.0,0.0,50.18838899583936,2.009297063662082,True,False,False,False,True,0.0,1,0.8571768006065562,0.935465736398523,False,False,False,False,-0.033650724317353685,-0.023465931472026167,False,False,False,False,-2750820,-1297368.097107228,False,False,False,False,232818.2608800824,False,False,False,False
2023-08-28 00:00:00+00:00,202.09,205.48,200.12,200.12,155907,,,,,,,,,,,,,,,,,,,,,,,,213.10073372884327,#000000,0.0,0.0,18.35701230057833,208.33654082295828,-0.34028090849846443,0.0,0.0,0.0,0.0,0.0,0.0,0.0,0.0,51.47295397752002,2.009297063662082,True,False,False,False,True,0.0,1,0.9007408645018522,0.9044409248299815,False,False,False,False,0.06097121873077184,0.018752643629372838,False,False,False,False,-2594913,-1348252.2109461601,False,False,False,False,229802.13300243212,False,False,False,False
2023-08-29 00:00:00+00:00,213.59,219.64,210.16,211.07,414615,,,,,,,,,,,,,,,,,,,,,,,,213.1112175500877,"rgba(38, 166, 154, 1.0)",0.0,0.0,17.80509684013168,209.6142208090775,0.22329444353042374,0.0,0.0,0.0,0.0,0.0,0.0,0.0,0.0,55.42033756501047,1.2886641539965353,True,False,True,False,True,1.5412301416216394,1,0.9005913821051813,0.8616548548303354,False,False,False,False,0.24861985299686956,0.1336862483131212,False,False,False,False,-2180298,-1380881.4575757226,False,False,False,False,237049.69641410146,False,False,False,False
2023-08-30 00:00:00+00:00,211.21,214.49,201.4,201.4,253815,,,,,,,,,,,,,,,,,,,,,,,,213.09210063652787,"rgba(38, 166, 154, 1.0)",0.0,0.0,17.390123388534345,209.55763345627034,0.095017528444859,0.0,0.0,0.0,0.0,0.0,0.0,0.0,0.0,57.125065703909925,2.905534817305437,True,False,True,False,True,0.7895495886385397,1,0.9016178371652194,0.8689954819894993,False,False,False,False,0.1394894025024998,0.1365878254078105,False,False,False,False,-2434113,-1422184.655317851,False,False,False,False,237707.15929982296,False,False,False,False
2023-08-31 00:00:00+00:00,207.55,211.67,206.61,206.67,249706,,,,,,,,,,,,,,,,,,,,,,,,213.0715238384027,"rgba(38, 166, 154, 1.0)",0.0,0.0,16.88982225462345,209.54115181959827,-0.11789063197827299,0.0,0.0,0.0,0.0,0.0,0.0,0.0,0.0,56.866192033374055,2.905534817305437,True,False,True,False,True,0.0,1,0.9357643330112592,0.8627424131030924,False,False,False,False,0.1579379331644493,0.1472628792861299,False,False,False,False,-2683819,-1471660.5119720532,False,False,False,False,238177.70207237892,False,False,False,False
2023-09-01 00:00:00+00:00,208.92,213.38,207.58,208.29,129492,,,,,,,,,,,,,,,,,,,,,,,,213.06413373393707,"rgba(38, 166, 154, 1.0)",0.0,0.0,16.40718383557627,209.5565841305118,-0.038799110005184385,0.0,0.0,0.0,0.0,0.0,0.0,0.0,0.0,57.09643956202205,3.032637655307802,True,False,True,False,True,0.07365484855664306,1,0.9332662005675116,0.8515945995063362,False,False,False,False,0.1787532146006711,0.1630080469434005,False,False,False,False,-2554327,-1514118.0213064826,False,False,False,False,233915.51767738367,False,False,False,False
2023-09-05 00:00:00+00:00,204.84,209.0,204.15,207.43,168613,,,,,,,,,,,,,,,,,,,,,,,,213.04234418082726,"rgba(38, 166, 154, 1.0)",0.0,0.0,16.09793175596793,209.52058341255784,-0.2907568179261675,0.0,0.0,0.0,0.0,0.0,0.0,0.0,0.0,55.65461237663173,3.032637655307802,True,False,True,False,True,0.0,0,0.9398454601999074,0.8568228799385554,False,False,False,False,0.11845391498667096,0.14073098096503572,False,False,False,False,-2722940,-1561522.8047846598,False,False,False,False,231354.63463121175,False,False,False,False
2023-09-06 00:00:00+00:00,201.85,203.455,198.24,203.21,102188,,,,,,,,,,,,,,,,,,,,,,,,213.020223822958,"rgba(38, 166, 154, 0.75)",0.0,0.0,15.826406566867945,209.46269184417625,-0.4810120232923354,0.0,0.0,0.0,0.0,0.0,0.0,0.0,0.0,53.588366323752325,3.032637655307802,True,False,True,False,False,0.0,0,0.9238872356208396,0.8729050590002311,False,False,False,False,0.03142092920854877,0.08607595508679225,False,False,False,False,-2825128,-1611075.9496950652,False,False,False,False,226289.2764103799,False,False,False,False
2023-09-07 00:00:00+00:00,194.26,199.0,194.25,197.02,111281,,,,,,,,,,,,,,,,,,,,,,,,212.98539524857887,#000000,0.0,0.0,15.478319164920725,209.3592704993627,-0.9755109930529754,0.0,0.0,0.0,0.0,0.0,0.0,0.0,0.0,49.75067816001031,3.960177777028406,False,False,False,False,False,0.0,1,0.91378571449116,0.8663258643815273,False,False,False,False,-0.03236571909777368,0.026855117994509285,False,False,False,False,-2936409,-1663049.7948050625,False,False,False,False,221779.14792369836,False,False,False,False
2023-09-08 00:00:00+00:00,192.63,194.25,191.2792,192.52,94713,,,,,,,,,,,,,,,,,,,,,,,,212.95049540808324,"rgba(239, 83, 80, 0.5)",0.0,0.0,14.816130087973884,209.25579427053503,-1.1221414884869325,0.0,0.0,0.0,0.0,0.0,0.0,0.0,0.0,46.71461350386314,1.2091092409652475,False,False,False,True,False,0.0,0,0.9078743992445589,0.8757652637271958,False,False,False,False,-0.09090082131464138,-0.03202285166006605,False,False,False,False,-3031122,-1716699.685204864,False,False,False,False,216796.16173061216,False,False,False,False
2023-09-11 00:00:00+00:00,209.24,213.83,206.1,210.0,363166,,,,,,,,,,,,,,,,,,,,,,,,212.92932541655853,#000000,0.0,0.0,14.185589891419705,209.32877157516,-0.006257869841118834,0.0,0.0,0.0,0.0,0.0,0.0,0.0,0.0,50.15663314964846,1.2091092409652475,False,False,False,False,True,0.41206439403909556,1,0.9202501708779567,0.857932205615896,False,False,False,False,0.16810960791532778,0.06804337812763087,False,False,False,False,-2667956,-1754003.8544125166,False,False,False,False,222536.1553882352,False,False,False,False
2023-09-12 00:00:00+00:00,206.72,211.94,205.32,210.5,137159,,,,,,,,,,,,,,,,,,,,,,,,212.91712656794553,#000000,0.0,0.0,13.600160784356257,209.33709316328674,-0.19243104583712578,0.0,0.0,0.0,0.0,0.0,0.0,0.0,0.0,51.61333603210886,-3.4775409063136777,False,False,False,False,True,0.0,1,0.9162922954565587,0.8637086866511825,False,False,False,False,0.136029493286132,0.10203643570688144,False,False,False,False,-2805115,-1795223.8993375162,False,False,False,False,219188.03164752008,False,False,False,False
2023-09-13 00:00:00+00:00,200.07,204.8,198.12,204.33,179029,,,,,,,,,,,,,,,,,,,,,,,,212.87879666121742,#000000,0.0,0.0,13.241346647377584,209.26858252138203,-0.6946863311069492,0.0,0.0,0.0,0.0,0.0,0.0,0.0,0.0,50.52295177119174,-3.4775409063136777,False,False,False,False,True,0.0,1,0.8938082006813031,0.8828831240483264,False,False,False,False,-0.01764719337179671,0.042194621167542364,False,False,False,False,-2984144,-1841848.2170105546,False,False,False,False,217613.16766134283,False,False,False,False
2023-09-14 00:00:00+00:00,198.5,203.3,198.03,199.5,209662,,,,,,,,,,,,,,,,,,,,,,,,212.83026884536332,#000000,0.0,0.0,12.552357222722295,209.18113357647385,-0.8509265141959832,0.0,0.0,0.0,0.0,0.0,0.0,0.0,0.0,49.33495859800266,-3.4775409063136777,False,False,False,False,True,0.0,1,0.8857863082609783,0.8995455387841018,False,False,False,False,-0.03208110531199435,0.0050567579277740055,False,False,False,False,-3193806,-1894866.1692846506,False,False,False,False,217301.35716481958,False,False,False,False
2023-09-15 00:00:00+00:00,200.32,204.4,199.34,200.5,300133,,,,,,,,,,,,,,,,,,,,,,,,212.76896289232064,#000000,0.0,0.0,12.118761318752124,209.09032131788064,-0.723697834060794,0.0,0.0,0.0,0.0,0.0,0.0,0.0,0.0,49.165340553857234,-3.4775409063136777,False,False,False,False,True,0.0,1,0.8901762727118482,0.8925488908724742,False,False,False,False,-0.010206540848347235,-0.0025748914602866145,False,False,False,False,-2893673,-1934035.0646068212,False,False,False,False,220549.65688384627,False,False,False,False
2023-09-18 00:00:00+00:00,208.91,210.75,204.05,205.0,272239,,,,,,,,,,,,,,,,,,,,,,,,212.7455015330735,#000000,0.0,0.0,11.915299339560598,209.1105878419158,-0.016834477775124704,0.0,0.0,0.0,0.0,0.0,0.0,0.0,0.0,51.68803935178915,-3.4342904294140126,False,False,False,False,True,0.46439914671238824,1,0.8879270639337489,0.8742033085564797,False,False,False,False,0.09037722464275097,0.04390116659123218,False,False,False,False,-2621434,-1960991.885602632,False,False,False,False,222576.68994722483,False,False,False,False
2023-09-19 00:00:00+00:00,208.86,211.4,205.015,209.25,202671,,,,,,,,,,,,,,,,,,,,,,,,212.7300478010888,"rgba(38, 166, 154, 1.0)",0.0,0.0,11.638836066461455,209.12911806477024,-0.023122420767289414,0.0,0.0,0.0,0.0,0.0,0.0,0.0,0.0,53.351147253809934,-1.7623492705205805,True,False,True,False,True,0.44860223767394203,1,0.8939148129424813,0.8738217024192051,False,False,False,False,0.1051695433485521,0.07453535496989214,False,False,False,False,-2824105,-1994839.4587162544,False,False,False,False,221796.0746551768,False,False,False,False
2023-09-20 00:00:00+00:00,192.84,202.15,189.5,201.0,322682,,,,,,,,,,,,,,,,,,,,,,,,212.62868693649548,#000000,0.0,0.0,11.200203220887168,208.93482890811052,-1.4370122211796477,0.0,0.0,0.0,0.0,0.0,0.0,0.0,0.0,49.57904263322131,-1.7623492705205805,False,False,False,False,False,0.0,1,0.8830634644813207,0.8781911462427172,False,False,False,False,-0.18746758450495057,-0.05646611476752922,False,False,False,False,-3146787,-2040013.8720999307,False,False,False,False,225752.38545301303,False,False,False,False
2023-09-21 00:00:00+00:00,187.78,189.18,186.185,188.71,201549,,,,,,,,,,,,,,,,,,,,,,,,212.5408804331968,"rgba(239, 83, 80, 1.0)",0.0,0.0,10.954856595867344,208.7505253564108,-1.9142674459400784,0.0,0.0,0.0,0.0,0.0,0.0,0.0,0.0,45.9102046722857,1.4643399156303332,False,True,False,True,False,0.0,0,0.8511171816750519,0.9106934913191631,False,False,False,False,-0.34282825441539394,-0.19964718459146158,False,False,False,False,-3348336,-2091320.6222136589,False,False,False,False,224803.23308230666,False,False,False,False
2023-09-22 00:00:00+00:00,190.58,193.95,189.78,192.39,166737,,,,,,,,,,,,,,,,,,,,,,,,212.47952616635635,"rgba(239, 83, 80, 1.0)",0.0,0.0,10.510752579752562,208.63393395690167,-1.7176632995509702,0.0,0.0,0.0,0.0,0.0,0.0,0.0,0.0,44.4418912720259,0.1547102944522294,False,True,False,True,False,0.0,0,0.8457056221727127,0.912046191355333,False,False,False,False,-0.25135426805614236,-0.22550072632380197,False,False,False,False,-3181599,-2134076.6370288096,False,False,False,False,222526.1259026084,False,False,False,False
2023-09-25 00:00:00+00:00,190.38,192.11,188.69,189.63,126640,,,,,,,,,,,,,,,,,,,,,,,,212.4308655648882,"rgba(239, 83, 80, 1.0)",0.0,0.0,10.091004496021258,208.5417540128595,-1.7997964444491572,0.0,0.0,0.0,0.0,0.0,0.0,0.0,0.0,43.411310882064036,-0.8384807448290275,False,True,False,True,False,0.0,0,0.8456229281475607,0.912363540891235,False,False,False,False,-0.2828566074248658,-0.2541786668743339,False,False,False,False,-3308239,-2180122.219890425,False,False,False,False,218765.88567113355,False,False,False,False
2023-09-26 00:00:00+00:00,185.56,190.45,185.31,187.35,132883,,,,,,,,,,,,,,,,,,,,,,,,212.37245545855316,"rgba(239, 83, 80, 1.0)",0.0,0.0,9.930718727334092,208.4271587212843,-2.302669056404036,0.0,0.0,0.0,0.0,0.0,0.0,0.0,0.0,41.481782524789566,-2.740978255833177,False,True,False,True,False,0.0,0,0.8314913477851763,0.9260139937700266,False,False,False,False,-0.3383935898064887,-0.2962861283404113,False,False,False,False,-3441122,-2229573.191659428,False,False,False,False,215397.9293703048,False,False,False,False
2023-09-27 00:00:00+00:00,192.18,196.05,189.61,192.89,162454,,,,,,,,,,,,,,,,,,,,,,,,212.31689599736518,"rgba(239, 83, 80, 1.0)",0.0,0.0,9.702819955563061,208.3318389475713,-1.6646540924744995,0.0,0.0,0.0,0.0,0.0,0.0,0.0,0.0,42.68767528080343,-2.740978255833177,False,True,False,True,False,0.0,0,0.8434893387391222,0.8965411632818253,False,False,False,False,-0.23087095597478308,-0.2635785421575972,False,False,False,False,-3278668,-2270714.1645355294,False,False,False,False,213321.69684597914,False,False,False,False
2023-09-28 00:00:00+00:00,184.17,189.99,183.13,187.79,169765,,,,,,,,,,,,,,,,,,,,,,,,212.23910010350485,"rgba(239, 83, 80, 1.0)",0.0,0.0,9.627071447623125,208.18286689711258,-2.4943065009703695,0.0,0.0,0.0,0.0,0.0,0.0,0.0,0.0,41.42327548102525,-2.9232914887920884,False,True,False,True,False,0.0,0,0.8275455181079405,0.9068923948695176,False,False,False,False,-0.34282825441539394,-0.30320339828649556,False,False,False,False,-3448433,-2316899.216906685,False,False,False,False,211613.5910873133,False,False,False,False
2023-09-29 00:00:00+00:00,179.87,182.91,177.725,181.3,277632,,,,,,,,,,,,,,,,,,,,,,,,212.08617150472782,"rgba(239, 83, 80, 1.0)",0.0,0.0,9.64428665532464,207.88085165716143,-2.9043984960460034,0.0,0.0,0.0,0.0,0.0,0.0,0.0,0.0,39.60615947716272,-4.803374997346069,False,True,False,True,False,0.0,0,0.818036057077076,0.9155694298827391,False,False,False,False,-0.34282825441539394,-0.3230158263509447,False,False,False,False,-3726065,-2372160.6201652465,False,False,False,False,214202.54829957554,False,False,False,False
2023-10-02 00:00:00+00:00,178.5,181.78,177.93,180.99,138113,,,,,,,,,,,,,,,,,,,,,,,,212.0088259836741,"rgba(239, 83, 80, 1.0)",0.0,0.0,9.755163288421505,207.7313585052788,-2.9965012005461524,0.0,0.0,0.0,0.0,0.0,0.0,0.0,0.0,38.08708792633405,-6.394875395127279,False,True,False,True,False,0.0,0,0.8150732123506069,0.930353389055012,False,False,False,False,-0.34282825441539394,-0.3329220403831693,False,False,False,False,-3864178,-2430671.1056489623,False,False,False,False,211218.64444469026,False,False,False,False
2023-10-03 00:00:00+00:00,174.24,177.14,173.21,177.0,238633,,,,,,,,,,,,,,,,,,,,,,,,211.8575586036212,"rgba(239, 83, 80, 1.0)",0.0,0.0,10.047081668974629,207.43526470740517,-3.3039708246736046,0.0,0.0,0.0,0.0,0.0,0.0,0.0,0.0,36.13176593760616,-8.390830491804294,False,True,False,True,False,0.0,0,0.8075626858757089,0.9362696238727212,False,False,False,False,-0.34282825441539394,-0.3378751473992816,False,False,False,False,-4102811,-2496245.2191529246,False,False,False,False,212293.71721156515,False,False,False,False
2023-10-04 00:00:00+00:00,169.15,172.765,167.72,172.09,198809,,,,,,,,,,,,,,,,,,,,,,,,211.715617496942,"rgba(239, 83, 80, 1.0)",0.0,0.0,10.478756827870404,207.15603918001497,-3.626960698136453,0.0,0.0,0.0,0.0,0.0,0.0,0.0,0.0,33.798481966338315,-10.710041667391977,False,True,False,True,False,0.0,0,0.7965764190923847,0.9432243404368619,False,False,False,False,-0.34282825441539394,-0.3403517009073378,False,False,False,False,-4301620,-2567044.230166536,False,False,False,False,211764.90477189593,False,False,False,False
2023-10-05 00:00:00+00:00,170.67,171.08,167.3,171.08,134808,,,,,,,,,,,,,,,,,,,,,,,,211.61946915428769,"rgba(239, 83, 80, 1.0)",0.0,0.0,10.843511563880911,206.9704744656915,-3.3476677967132176,0.0,0.0,0.0,0.0,0.0,0.0,0.0,0.0,32.96421260258649,-11.617556819560747,False,True,False,True,False,0.0,0,0.78706420843257,0.9640503730530311,False,False,False,False,-0.34282825441539394,-0.3415899776613659,False,False,False,False,-4166812,-2629780.2211403972,False,False,False,False,208746.98693770394,False,False,False,False
2023-10-06 00:00:00+00:00,173.88,175.285,171.0,173.44,190717,,,,,,,,,,,,,,,,,,,,,,,,211.49614544825585,"rgba(239, 83, 80, 1.0)",0.0,0.0,11.059443042277874,206.74268978250012,-2.9714597432142944,0.0,0.0,0.0,0.0,0.0,0.0,0.0,0.0,33.924787857176504,-11.617556819560747,False,True,False,True,False,0.0,0,0.7798441628269679,0.9709129462537122,False,False,False,False,-0.28689845417462,-0.31424421591799295,False,False,False,False,-3976095,-2682576.8791348916,False,False,False,False,208039.92862642146,False,False,False,False
2023-10-09 00:00:00+00:00,172.79,174.885,170.44,174.61,308721,,,,,,,,,,,,,,,,,,,,,,,,211.29464458505504,"rgba(239, 83, 80, 1.0)",0.0,0.0,11.299794272622254,206.37837356173821,-2.97247655588898,0.0,0.0,0.0,0.0,0.0,0.0,0.0,0.0,34.27672005110434,-11.617556819560747,False,True,False,True,False,0.0,0,0.7603159232225666,0.9985618270549095,False,False,False,False,-0.2902148741287443,-0.30222954502336863,False,False,False,False,-4284816,-2745409.785835484,False,False,False,False,211988.20593518927,False,False,False,False
2023-10-10 00:00:00+00:00,176.67,178.69,173.24,173.24,136854,,,,,,,,,,,,,,,,,,,,,,,,211.21401812680992,"rgba(239, 83, 80, 0.75)",0.0,0.0,11.350948242723693,206.24024742530986,-2.605090499312717,0.0,0.0,0.0,0.0,0.0,0.0,0.0,0.0,36.38308966866126,-11.617556819560747,False,True,False,True,True,0.0,0,0.7778822578235536,0.9884714774871196,False,False,False,False,-0.23648903588270015,-0.2693592904530344,False,False,False,False,-4147962,-2800411.833449779,False,False,False,False,209041.76648675048,False,False,False,False
2023-10-11 00:00:00+00:00,182.2,187.75,180.23,184.23,196587,,,,,,,,,,,,,,,,,,,,,,,,211.12250761779669,"rgba(239, 83, 80, 0.75)",0.0,0.0,11.317609501914303,206.1000939009958,-2.1117616663618994,0.0,0.0,0.0,0.0,0.0,0.0,0.0,0.0,40.14868043206379,-14.941252965788806,False,True,False,True,True,0.0,0,0.8071559911713474,0.9509147423814555,False,False,False,False,-0.1168336774065706,-0.1930964839298025,False,False,False,False,-3951375,-2845547.643902729,False,False,False,False,208553.3442715838,False,False,False,False
2023-10-12 00:00:00+00:00,176.23,187.49,174.83,187.49,353810,,,,,,,,,,,,,,,,,,,,,,,,210.93650357230254,"rgba(239, 83, 80, 0.75)",0.0,0.0,11.395508043810935,205.8043074793688,-2.595260111762286,0.0,0.0,0.0,0.0,0.0,0.0,0.0,0.0,40.68755941377488,-14.376310510365613,False,True,False,True,True,0.0,0,0.8286009672721779,0.9591918519370217,False,False,False,False,-0.15848052992086117,-0.17578850692533182,False,False,False,False,-4305185,-2902788.3245339943,False,False,False,False,214249.68371191385,False,False,False,False
2023-10-13 00:00:00+00:00,178.79,180.02,172.85,177.0,217535,,,,,,,,,,,,,,,,,,,,,,,,210.8149443245117,"rgba(239, 83, 80, 0.75)",0.0,0.0,11.414557117522007,205.6098630900483,-2.3496192461885586,0.0,0.0,0.0,0.0,0.0,0.0,0.0,0.0,42.11983580383999,-12.904627798168612,False,True,False,True,True,0.0,0,0.8096051219906765,0.9742451445398215,False,False,False,False,-0.22932791403331096,-0.20255821047932138,False,False,False,False,-4087650,-2949253.4882777594,False,False,False,False,214378.51964477997,False,False,False,False
2023-10-16 00:00:00+00:00,173.94,177.27,172.49,173.16,274272,,,,,,,,,,,,,,,,,,,,,,,,210.65091726707038,"rgba(239, 83, 80, 0.75)",0.0,0.0,11.513478323603655,205.34501236052319,-2.727673729679077,0.0,0.0,0.0,0.0,0.0,0.0,0.0,0.0,41.52575569826308,-12.904627798168612,False,True,False,True,True,0.0,0,0.7935916572193191,0.97319097003072,False,False,False,False,-0.25311324840080407,-0.22783572944006272,False,False,False,False,-4361922,-3004652.2534433375,False,False,False,False,216727.2835802788,False,False,False,False
2023-10-17 00:00:00+00:00,171.55,174.15,169.17,169.17,220167,,,,,,,,,,,,,,,,,,,,,,,,210.50966486435388,"rgba(239, 83, 80, 0.75)",0.0,0.0,11.665467663612718,205.115012071807,-2.8772967393758244,0.0,0.0,0.0,0.0,0.0,0.0,0.0,0.0,40.41673809629859,-12.904627798168612,False,True,False,True,True,0.0,0,0.809826311125599,0.9654546167280634,False,False,False,False,-0.3033069834749396,-0.2655713564575012,False,False,False,False,-4582089,-3066512.518014187,False,False,False,False,216862.17442026787,False,False,False,False
2023-10-18 00:00:00+00:00,167.54,168.85,166.82,168.12,151213,,,,,,,,,,,,,,,,,,,,,,,,210.40360463573626,"rgba(239, 83, 80, 1.0)",0.0,0.0,11.968474065997372,204.93947520613816,-3.1248323721058706,0.0,0.0,0.0,0.0,0.0,0.0,0.0,0.0,38.54238907285451,-12.904627798168612,False,True,False,True,False,0.0,0,0.7879817259946325,0.9741456933593698,False,False,False,False,-0.34282825441539394,-0.30419980543644753,False,False,False,False,-4733302,-3131876.8114253953,False,False,False,False,214287.69699202207,False,False,False,False
2023-10-19 00:00:00+00:00,158.67,166.58,157.75,165.19,168593,,,,,,,,,,,,,,,,,,,,,,,,210.26739967811713,"rgba(239, 83, 80, 1.0)",0.0,0.0,12.642953792669926,204.7075102087908,-3.6413571514816607,0.0,0.0,0.0,0.0,0.0,0.0,0.0,0.0,35.225685198564165,-9.955367596859915,False,True,False,True,False,0.0,0,0.7520476377790278,1.0095858545175493,False,False,False,False,-0.34282825441539394,-0.3235140299259207,False,False,False,False,-4901895,-3201289.2894087136,False,False,False,False,212495.74809037417,False,False,False,False
2023-10-20 00:00:00+00:00,165.21,165.75,156.56,156.56,398327,,,,,,,,,,,,,,,,,,,,,,,,209.9583091233884,"rgba(239, 83, 80, 1.0)",0.0,0.0,13.052958238106374,202.50198670878515,-2.8569758692643448,0.0,0.0,0.0,0.0,0.0,0.0,0.0,0.0,36.020790161427904,-9.955367596859915,False,True,False,True,False,0.0,0,0.7480414341105216,1.0074854618296027,True,False,False,False,-0.34282825441539394,-0.33317114217065735,False,False,False,False,-4503568,-3252359.0427652346,False,False,False,False,219783.24816526144,False,False,False,False
2023-10-23 00:00:00+00:00,168.73,169.8,159.5588,161.88,195571,,,,,,,,,,,,,,,,,,,,,,,,209.8191697192282,"rgba(239, 83, 80, 0.75)",0.0,0.0,13.350772033889436,202.34313051532556,-2.5176918930232954,0.0,0.0,0.0,0.0,0.0,0.0,0.0,0.0,37.99772040543466,-9.955367596859915,False,True,False,True,True,0.0,0,0.7643549451932684,0.9872327417237596,False,False,False,False,-0.29498837327447097,-0.31407975772256413,False,False,False,False,-4307997,-3293756.6097156173,False,False,False,False,218833.74823721198,False,False,False,False
2023-10-24 00:00:00+00:00,172.96,176.25,168.02,168.02,107298,,,,,,,,,,,,,,,,,,,,,,,,209.75427447149005,"rgba(239, 83, 80, 0.75)",0.0,0.0,13.549362724616484,202.3153047273185,-2.1665450489406246,0.0,0.0,0.0,0.0,0.0,0.0,0.0,0.0,40.945307579070345,-14.042290053787937,False,True,False,True,True,0.0,0,0.7742772834036945,0.9925393676985491,False,False,False,False,-0.19769932414040295,-0.25588954093148353,False,False,False,False,-4200699,-3329322.977962064,False,False,False,False,214459.79732594878,False,False,False,False
2023-10-25 00:00:00+00:00,166.48,171.5,165.16,168.13,162486,,,,,,,,,,,,,,,,,,,,,,,,209.64412252335205,"rgba(239, 83, 80, 0.75)",0.0,0.0,13.874771334208,202.1742947391017,-2.5726041805891287,0.0,0.0,0.0,0.0,0.0,0.0,0.0,0.0,40.96987294056783,-13.97389619723257,False,True,False,True,True,0.0,0,0.7624841046267368,0.9988486248743079,False,False,False,False,-0.24678004477822654,-0.25133479285485505,False,False,False,False,-4363185,-3369866.5866694343,False,False,False,False,212421.6091955194,False,False,False,False
2023-10-26 00:00:00+00:00,165.85,168.32,164.32,166.0,68586,,,,,,,,,,,,,,,,,,,,,,,,209.5960876498165,"rgba(239, 83, 80, 0.75)",0.0,0.0,14.210161105019683,202.10372753695552,-2.551253801348462,0.0,0.0,0.0,0.0,0.0,0.0,0.0,0.0,40.80690055996615,-13.97389619723257,False,True,False,True,True,0.0,0,0.7859741536916381,0.9995030562043431,False,False,False,False,-0.27317070052957243,-0.26225274669221377,False,False,False,False,-4431771,-3411509.8969961233,False,False,False,False,206780.99707020493,False,False,False,False
2023-10-27 00:00:00+00:00,170.45,176.99,169.85,174.68,215890,,,,,,,,,,,,,,,,,,,,,,,,209.46729367990508,"rgba(239, 83, 80, 0.75)",0.0,0.0,14.408661649247865,201.9850319023108,-2.188616310797814,0.0,0.0,0.0,0.0,0.0,0.0,0.0,0.0,42.58920027888126,-12.10879634220268,False,True,False,True,True,0.0,1,0.7917724995293927,0.9670961869225393,False,False,False,False,-0.18134530682993447,-0.2217990267610741,False,False,False,False,-4215881,-3443053.8618198046,False,False,False,False,207138.21287137337,False,False,False,False
2023-10-30 00:00:00+00:00,186.61,190.785,184.65,187.31,356933,,,,,,,,,,,,,,,,,,,,,,,,209.34128906275973,#000000,0.0,0.0,14.410239262537846,202.09980380310986,-1.0749164896504209,0.0,0.0,0.0,0.0,0.0,0.0,0.0,0.0,48.60874853906711,-6.39677291072617,True,False,False,False,True,0.0,0,0.8063140863385044,0.9303797782476199,False,False,False,False,-0.0038068847520373607,-0.11280295575655573,False,False,False,False,-3858948,-3459363.435866087,False,False,False,False,213012.51824896657,False,False,False,False
2023-10-31 00:00:00+00:00,186.28,188.15,182.45,186.88,132335,,,,,,,,,,,,,,,,,,,,,,,,209.29130751665124,"rgba(38, 166, 154, 1.0)",0.0,0.0,14.403817374395537,202.1020340062841,-1.09846116449724,0.0,0.0,0.0,0.0,0.0,0.0,0.0,0.0,52.50028081481078,-2.9040516376261394,True,False,True,False,True,0.0,0,0.7949033583830518,0.944283402658513,False,False,False,False,-0.03350681289954017,-0.07315488432804795,False,False,False,False,-3991283,-3480223.0266164364,False,False,False,False,209848.69400390907,False,False,False,False
2023-11-01 00:00:00+00:00,181.3,186.525,178.775,184.2,178522,,,,,,,,,,,,,,,,,,,,,,,,209.21449934669937,"rgba(38, 166, 154, 1.0)",0.0,0.0,14.44563838535162,202.05702453202613,-1.4369060043116175,0.0,0.0,0.0,0.0,0.0,0.0,0.0,0.0,53.271726543553136,-2.3237247922138167,True,False,True,False,True,0.0,0,0.7854946586847656,0.9505786218862924,False,False,False,False,-0.06613308564839444,-0.06964398498822119,False,False,False,False,-4169805,-3507265.4569452037,False,False,False,False,208620.1961998342,False,False,False,False
2023-11-02 00:00:00+00:00,182.05,187.11,180.245,182.21,140992,,,,,,,,,,,,,,,,,,,,,,,,209.15623430355987,"rgba(38, 166, 154, 1.0)",0.0,0.0,14.482666479635032,202.02376506331854,-1.3791496953551243,0.0,0.0,0.0,0.0,0.0,0.0,0.0,0.0,54.009027376960944,-1.6251579379089875,True,False,True,False,True,0.0,0,0.7801738861586714,0.9691074059945094,False,False,False,False,-0.05346982212787108,-0.06155690355804613,False,False,False,False,-4028813,-3527718.3017708817,False,False,False,False,205968.11007435052,False,False,False,False
2023-11-03 00:00:00+00:00,183.78,187.35,183.51,185.0,427933,,,,,,,,,,,,,,,,,,,,,,,,208.99272726091576,"rgba(38, 166, 154, 1.0)",0.0,0.0,14.50560612718755,201.94029744478203,-1.2519502656800099,0.0,0.0,0.0,0.0,0.0,0.0,0.0,0.0,55.037834210126306,-0.5524784564714196,True,False,True,False,True,0.0,0,0.7859199136110526,0.9624066789959301,False,False,False,False,-0.031908676526964934,-0.04673279004250554,False,False,False,False,-3600880,-3530587.387975945,False,False,False,False,214672.61556163093,False,False,False,False
2023-11-06 00:00:00+00:00,196.14,203.59,194.85,201.86,471689,,,,,,,,,,,,,,,,,,,,,,,,208.91314390946917,"rgba(38, 166, 154, 1.0)",0.0,0.0,14.498187302661217,202.11528791690617,-0.4121403450077782,0.0,0.0,0.0,0.0,0.0,0.0,0.0,0.0,58.89175508808384,3.1660359281397277,True,False,True,False,True,1.1039549933553339,0,0.7951553745140343,0.9241026593392092,False,False,False,False,0.13832173922754856,0.04579447459252151,False,False,False,False,-3129191,-3514846.353153359,False,False,False,False,224751.68946117483,False,False,False,False
2023-11-07 00:00:00+00:00,197.7,198.53,193.73,193.73,179732,,,,,,,,,,,,,,,,,,,,,,,,208.87881512050527,"rgba(38, 166, 154, 1.0)",0.0,0.0,14.510785268795793,202.15384504278907,-0.30693342643328186,0.0,0.0,0.0,0.0,0.0,0.0,0.0,0.0,61.793223634770456,5.8907308966659215,True,False,True,False,True,1.5890649799191223,0,0.7781638314654502,0.9531903078136555,False,False,False,False,0.09983074471199939,0.07281260965226045,False,False,False,False,-2949459,-3492674.300088522,False,False,False,False,222986.21144308953,False,False,False,False
2023-11-08 00:00:00+00:00,200.21,201.99,196.535,199.0,293264,,,,,,,,,,,,,,,,,,,,,,,,208.8365157598005,"rgba(38, 166, 154, 1.0)",0.0,0.0,14.534826219298566,202.24227842095092,-0.13982130851021568,0.0,0.0,0.0,0.0,0.0,0.0,0.0,0.0,64.26931417461456,8.20167926052563,True,False,True,False,True,2.3718581016093516,0,0.7734835592293197,0.9755870256690773,False,False,False,False,0.18188211707544671,0.12734736336385358,False,False,False,False,-2656195,-3459871.190281129,False,False,False,False,225742.20315120366,False,False,False,False
2023-11-09 00:00:00+00:00,189.55,194.47,187.145,192.0,178317,,,,,,,,,,,,,,,,,,,,,,,,208.7856393350827,"rgba(38, 166, 154, 1.0)",0.0,0.0,14.471837756001133,202.21871435481563,-0.8754046699813367,0.0,0.0,0.0,0.0,0.0,0.0,0.0,0.0,61.539659779452215,8.20167926052563,True,False,True,False,True,0.0,0,0.7677961336922908,0.967050528432532,False,False,False,False,0.06686887484008698,0.09710811910197029,False,False,False,False,-2834512,-3435347.300466183,False,False,False,False,223882.39126292118,False,False,False,False
2023-11-10 00:00:00+00:00,199.11,199.39,191.78,194.53,229096,,,,,,,,,,,,,,,,,,,,,,,,208.74318130042414,"rgba(38, 166, 154, 1.0)",0.0,0.0,14.340133729758984,202.24678430493614,-0.2187416354721016,0.0,0.0,0.0,0.0,0.0,0.0,0.0,0.0,62.02914017954603,8.20167926052563,True,False,True,False,True,1.9087340369266848,0,0.7635545145848501,0.9424963778723658,False,False,False,False,0.1314472560568676,0.11427768757941895,False,False,False,False,-2605416,-3402800.9749577055,False,False,False,False,224086.8465075125,False,False,False,False
2023-11-13 00:00:00+00:00,198.85,199.98,193.0,194.5,130750,,,,,,,,,,,,,,,,,,,,,,,,208.72012269123746,"rgba(38, 166, 154, 1.0)",0.0,0.0,13.798889329896182,202.26318382906132,-0.24735206924708367,0.0,0.0,0.0,0.0,0.0,0.0,0.0,0.0,62.25681613453514,8.20167926052563,True,False,True,False,True,1.825904102143415,0,0.7649316203275135,0.9455308064085511,False,False,False,False,0.14888389075284253,0.13158078916613075,False,False,False,False,-2736166,-3376658.4269201485,False,False,False,False,220426.57801702182,False,False,False,False
2023-11-14 00:00:00+00:00,201.58,205.4,199.21,199.38,205707,,,,,,,,,,,,,,,,,,,,,,,,208.69912836146273,"rgba(38, 166, 154, 1.0)",0.0,0.0,13.579125936126124,202.53667601783863,-0.07045195856777949,0.0,0.0,0.0,0.0,0.0,0.0,0.0,0.0,63.04816149271651,8.20167926052563,True,False,True,False,True,2.660640857945772,0,0.7889817306330545,0.9205171972559921,False,False,False,False,0.23041579006991167,0.18099828961802122,False,False,False,True,-2530459,-3343474.1356683783,False,False,False,False,219849.33966341315,False,False,False,False
2023-11-15 00:00:00+00:00,196.54,201.0,194.62,200.24,327688,,,,,,,,,,,,,,,,,,,,,,,,208.6425787844438,"rgba(38, 166, 154, 0.75)",0.0,0.0,13.465168074675612,202.42234189457344,-0.43685618047624364,0.0,0.0,0.0,0.0,0.0,0.0,0.0,0.0,61.53750218666419,8.20167926052563,True,False,True,False,False,1.0268333503872427,0,0.7909948688923805,0.9197442141610624,False,False,False,False,0.16718265361633183,0.17409047161717653,False,False,False,False,-2858147,-3324441.6989755007,False,False,False,False,224078.30673543617,False,False,False,False
2023-11-16 00:00:00+00:00,189.17,193.83,187.02,190.23,184006,,,,,,,,,,,,,,,,,,,,,,,,208.59041405258188,"rgba(38, 166, 154, 0.75)",0.0,0.0,13.465527114392978,202.2669725117658,-0.9726297678883119,0.0,0.0,0.0,0.0,0.0,0.0,0.0,0.0,57.95409609971695,13.631287638533564,True,False,True,False,False,0.0,0,0.7873168345451714,0.9271785293398259,False,False,False,False,0.06587878989833268,0.1199846307577546,False,False,False,False,-3042153,-3313371.553917638,False,False,False,False,222506.84372620337,False,False,False,False
2023-11-17 00:00:00+00:00,186.88,189.885,184.88,189.17,306034,,,,,,,,,,,,,,,,,,,,,,,,208.4913624742106,"rgba(38, 166, 154, 0.75)",0.0,0.0,13.343056091984996,202.028959036843,-1.135344027066092,0.0,0.0,0.0,0.0,0.0,0.0,0.0,0.0,54.83391885051824,10.621715916160966,True,False,True,False,False,0.0,0,0.7904421344939242,0.9255865315309555,False,False,False,False,0.024648505457128878,0.07231656810744175,False,False,False,False,-3348187,-3314736.865528711,False,False,False,False,225782.41848203854,False,False,False,False
2023-11-20 00:00:00+00:00,187.88,188.65,184.42,186.89,418343,,,,,,,,,,,,,,,,,,,,,,,,208.35597828038956,#000000,0.0,0.0,13.26469275052196,201.79756322985324,-1.0492186657927371,0.0,0.0,0.0,0.0,0.0,0.0,0.0,0.0,53.10210662476308,8.950258628802345,True,False,False,False,False,0.0,0,0.7766739385630785,0.9495011944243776,False,False,False,False,0.02283809227031555,0.04757733018887865,False,False,False,False,-2929844,-3299643.02766484,False,False,False,False,233333.8138356841,False,False,False,False
2023-11-21 00:00:00+00:00,184.93,187.0,183.675,185.3,128807,,,,,,,,,,,,,,,,,,,,,,,,208.3111899068389,#000000,0.0,0.0,13.273596564825596,201.7223663639371,-1.2650954307618543,0.0,0.0,0.0,0.0,0.0,0.0,0.0,0.0,50.92371650513921,6.832865504032526,True,False,False,False,False,0.0,0,0.7731005105367577,0.9462952914871129,False,False,False,False,0.009205402481596668,0.02839136633523766,False,False,False,False,-3058651,-3290192.3599132784,False,False,False,False,229234.7230970298,False,False,False,False
2023-11-22 00:00:00+00:00,182.79,185.23,181.55,184.73,109552,,,,,,,,,,,,,,,,,,,,,,,,208.26992882954613,#000000,0.0,0.0,13.294496524420241,201.64787265772273,-1.418472119127137,0.0,0.0,0.0,0.0,0.0,0.0,0.0,0.0,48.74107804127369,4.71032957527963,False,False,False,False,False,0.0,0,0.7857513748567883,0.9365842894276818,False,False,False,False,-0.01811419671671871,0.0051385848092594735,False,False,False,False,-3168203,-3285408.4634460914,False,False,False,False,224541.28297557766,False,False,False,False
2023-11-24 00:00:00+00:00,184.715,186.87,181.19,184.88,183480,,,,,,,,,,,,,,,,,,,,,,,,208.20405745109065,"rgba(239, 83, 80, 0.5)",0.0,0.0,13.24137874989543,201.54299026806672,-1.2708639021597057,0.0,0.0,0.0,0.0,0.0,0.0,0.0,0.0,48.11084537335956,4.008541625353061,False,False,False,True,False,0.0,0,0.7852756249768205,0.9284513257463964,False,False,False,False,-0.0091352635620896,-0.001998339376415063,False,False,False,False,-2984723,-3273616.876644284,False,False,False,False,222931.03658437854,False,False,False,False
2023-11-27 00:00:00+00:00,182.96,185.1,180.94,185.1,145570,,,,,,,,,,,,,,,,,,,,,,,,208.14931992950653,"rgba(239, 83, 80, 0.5)",0.0,0.0,13.221741436800437,201.45390342155423,-1.398749439319667,0.0,0.0,0.0,0.0,0.0,0.0,0.0,0.0,47.02371089127777,2.7984856194918564,False,False,False,True,False,0.0,0,0.7824063312188339,0.9378584910462178,False,False,False,False,-0.023306382124631368,-0.012652360750523216,False,False,False,False,-3130293,-3267996.3324621553,False,False,False,False,219897.2704438147,False,False,False,False
2023-11-28 00:00:00+00:00,184.84,185.0,181.28,181.6,104101,,,,,,,,,,,,,,,,,,,,,,,,208.11141706280506,"rgba(239, 83, 80, 0.5)",0.0,0.0,13.191646846148421,201.3970247588946,-1.2551143122610773,0.0,0.0,0.0,0.0,0.0,0.0,0.0,0.0,47.1797973892034,2.72180674716963,False,False,False,True,False,0.0,0,0.7767977561998544,0.9639324402928989,False,False,False,False,-0.02162230596974884,-0.01713733336013603,False,False,False,False,-3026192,-3258513.809620502,False,False,False,False,215356.24023033175,False,False,False,False
2023-11-29 00:00:00+00:00,183.13,186.0,182.765,183.08,187468,,,,,,,,,,,,,,,,,,,,,,,,208.0441755356137,"rgba(239, 83, 80, 0.5)",0.0,0.0,13.0861108762248,201.3013746566324,-1.388600083592952,0.0,0.0,0.0,0.0,0.0,0.0,0.0,0.0,46.5596474160006,1.8377486157847684,False,False,False,True,False,0.0,0,0.7763046404633405,0.9626837733263448,False,False,False,False,0.0425688284072612,0.012715747523562585,False,False,False,False,-3213660,-3256754.836694208,False,False,False,False,214262.58375071088,False,False,False,False
2023-11-30 00:00:00+00:00,186.94,189.15,183.975,186.64,186819,,,,,,,,,,,,,,,,,,,,,,,,207.98507493025176,"rgba(239, 83, 80, 0.5)",0.0,0.0,12.982528310167803,201.23711528238277,-1.1012581633413732,0.0,0.0,0.0,0.0,0.0,0.0,0.0,0.0,47.98379401758318,1.8377486157847684,False,False,False,True,False,0.0,0,0.815069974202827,0.9430361322455718,False,False,False,False,0.07766366769821412,0.04518970761088835,False,False,False,False,-3026841,-3247738.6078042393,False,False,False,False,213186.36478009477,False,False,False,False
2023-12-01 00:00:00+00:00,187.49,189.22,186.11,186.94,210015,,,,,,,,,,,,,,,,,,,,,,,,207.9218736683523,#000000,0.0,0.0,12.974722841733614,201.17662928484822,-1.054868720650026,0.0,0.0,0.0,0.0,0.0,0.0,0.0,0.0,49.191467256089645,1.8377486157847684,False,False,False,False,True,0.0,0,0.8371196260057809,0.9159991557590662,False,False,False,False,0.0954798545856528,0.07033478109827057,False,False,False,False,-2816826,-3230840.0741648576,False,False,False,False,213061.99753381655,False,False,False,False
2023-12-04 00:00:00+00:00,181.16,185.52,178.64,184.02,208676,,,,,,,,,,,,,,,,,,,,,,,,207.8415416161196,"rgba(239, 83, 80, 0.5)",0.0,0.0,12.992485613053017,201.05797969012468,-1.5314990743675716,0.0,0.0,0.0,0.0,0.0,0.0,0.0,0.0,47.13574671694862,1.8377486157847684,False,False,False,True,True,0.0,0,0.8107433267279263,0.9370731363062516,False,False,False,False,0.0056136669004591,0.037974223999364835,False,False,False,False,-3025502,-3222787.600668197,False,False,False,False,212889.99763052963,False,False,False,False
2023-12-05 00:00:00+00:00,184.15,185.0,180.3,180.47,169139,,,,,,,,,,,,,,,,,,,,,,,,207.78021051100674,"rgba(239, 83, 80, 0.5)",0.0,0.0,12.98805326562125,200.97643061515527,-1.295531383420948,0.0,0.0,0.0,0.0,0.0,0.0,0.0,0.0,47.27583926545674,1.8377486157847684,False,False,False,True,True,0.0,0,0.819093138431281,0.9336144649588178,False,False,False,False,0.014756841807839692,0.026365532903602263,False,False,False,False,-2856363,-3208418.0084851305,False,False,False,False,211174.27223325396,False,False,False,False
2023-12-06 00:00:00+00:00,181.97,184.35,180.315,184.35,183564,,,,,,,,,,,,,,,,,,,,,,,,207.7114699347915,"rgba(239, 83, 80, 0.5)",0.0,0.0,12.972181579360974,200.88240310100468,-1.4579200102390437,0.0,0.0,0.0,0.0,0.0,0.0,0.0,0.0,46.41867378336473,0.8324497799514674,False,False,False,True,False,0.0,0,0.828036574312776,0.9305820304868045,False,False,False,False,0.009663726475896637,0.01801462968974945,False,False,False,False,-3039927,-3201810.5179563016,False,False,False,False,210091.51645940088,False,False,False,False
2023-12-07 00:00:00+00:00,179.36,183.105,178.035,179.62,109028,,,,,,,,,,,,,,,,,,,,,,,,207.66755578884235,"rgba(239, 83, 80, 0.5)",0.0,0.0,12.98699766433018,200.8176463352611,-1.6522407172056557,0.0,0.0,0.0,0.0,0.0,0.0,0.0,0.0,44.7565672342725,-0.9428265046222037,False,False,False,True,False,0.0,0,0.8181966494635856,0.9604787682449958,False,False,False,False,-0.0186072512016512,-0.00029631075595087583,False,False,False,False,-3148955,-3199737.7525462504,False,False,False,False,206128.24130413026,False,False,False,False
2023-12-08 00:00:00+00:00,175.0,178.38,174.0,177.0,238529,,,,,,,,,,,,,,,,,,,,,,,,207.5567671175885,"rgba(239, 83, 80, 1.0)",0.0,0.0,12.946117239410464,200.63371818911702,-1.9800313650090442,0.0,0.0,0.0,0.0,0.0,0.0,0.0,0.0,42.01123807861269,-3.6574296097587435,False,True,False,True,False,0.0,0,0.8267681795751324,0.9597008383259674,False,False,False,False,-0.08909036789877782,-0.04469333932736435,False,False,False,False,-3387484,-3207100.350485613,False,False,False,False,207398.8592922036,False,False,False,False
2023-12-11 00:00:00+00:00,174.54,174.86,171.23,174.0,248536,,,,,,,,,,,,,,,,,,,,,,,,207.43402762113504,"rgba(239, 83, 80, 1.0)",0.0,0.0,12.95707308074644,199.08440786933744,-1.8942864423454713,0.0,0.0,0.0,0.0,0.0,0.0,0.0,0.0,40.01580540535234,-5.585553478262582,False,True,False,True,False,0.0,0,0.8350224273398187,0.9523259825999966,False,False,False,False,-0.1402092991865127,-0.09245131925693853,False,False,False,False,-3636020,-3223920.728897942,False,False,False,False,209012.0804964309,False,False,False,False
2023-12-12 00:00:00+00:00,179.58,180.84,174.55,174.55,209786,,,,,,,,,,,,,,,,,,,,,,,,207.3456275127933,"rgba(239, 83, 80, 1.0)",0.0,0.0,12.914950400478938,199.06993089647807,-1.509098393111544,0.0,0.0,0.0,0.0,0.0,0.0,0.0,0.0,41.68324432662962,-5.585553478262582,False,True,False,True,False,0.0,0,0.8451086050519485,0.9321972906508713,False,False,False,False,-0.06480746853281719,-0.07862939389487786,False,False,False,False,-3426234,-3231854.5826666504,False,False,False,False,209042.43028088458,False,False,False,False
2023-12-13 00:00:00+00:00,183.33,184.86,177.19,180.03,178322,,,,,,,,,,,,,,,,,,,,,,,,207.27984067945928,"rgba(239, 83, 80, 0.5)",0.0,0.0,12.79451170591426,199.07740872327605,-1.2307940377276612,0.0,0.0,0.0,0.0,0.0,0.0,0.0,0.0,44.68590322527635,-9.946626646390797,False,False,False,True,True,0.0,1,0.8665434203479746,0.9118187434128112,False,False,False,False,-0.011307894631906658,-0.044968644263392255,False,False,False,False,-3247912,-3232484.285307174,False,False,False,False,207837.70752477145,False,False,False,False
2023-12-14 00:00:00+00:00,187.58,188.74,184.17,184.99,287989,,,,,,,,,,,,,,,,,,,,,,,,207.19516319432893,#000000,0.0,0.0,12.395997244460364,199.1588434890297,-0.9340792241789291,0.0,0.0,0.0,0.0,0.0,0.0,0.0,0.0,48.560950766883906,-6.384136238045947,False,False,False,False,True,0.0,1,0.9011000277212023,0.8897165793410602,False,False,False,False,0.07592929874398446,0.015480327240296105,False,False,False,False,-2959923,-3221795.607451991,False,False,False,False,210980.8954649765,False,False,False,False
2023-12-15 00:00:00+00:00,183.07,186.48,181.91,183.4,464667,,,,,,,,,,,,,,,,,,,,,,,,207.04002929224117,#000000,0.0,0.0,12.047629678648748,199.05941084849854,-1.3271831285481468,0.0,0.0,0.0,0.0,0.0,0.0,0.0,0.0,48.940342519041195,-6.116050502086146,False,False,False,False,True,0.0,1,0.8932583117523806,0.8888148952436075,False,False,False,False,0.03955646218140334,0.02751839471084972,False,False,False,False,-3424590,-3229748.328728384,False,False,False,False,220929.37015262447,False,False,False,False
2023-12-18 00:00:00+00:00,182.46,184.68,180.2,182.42,248369,,,,,,,,,,,,,,,,,,,,,,,,206.95309569408508,#000000,0.0,0.0,11.77964723121521,198.97177215542604,-1.4017204277281778,0.0,0.0,0.0,0.0,0.0,0.0,0.0,0.0,48.908833366660616,-6.087025900048715,False,False,False,False,True,0.0,1,0.8787420977916272,0.906823325056661,False,False,False,False,0.011388097765992792,0.019453246238421255,False,False,False,False,-3672959,-3247129.1393664866,False,False,False,False,222005.43406820783,False,False,False,False
2023-12-19 00:00:00+00:00,186.12,188.29,181.3819,183.49,318297,,,,,,,,,,,,,,,,,,,,,,,,206.85528551157364,#000000,0.0,0.0,11.454740089303543,198.91464988582607,-1.1169742644596299,0.0,0.0,0.0,0.0,0.0,0.0,0.0,0.0,50.6234000245164,-4.334528599037597,True,False,False,False,True,0.0,1,0.8845160554631696,0.8961261064720141,False,False,False,False,0.04985723479298612,0.03465524051570369,False,False,False,False,-3354662,-3251346.1142932912,False,False,False,False,225781.57390867028,False,False,False,False
2023-12-20 00:00:00+00:00,175.25,185.77,174.97,182.57,219993,,,,,,,,,,,,,,,,,,,,,,,,206.7676879754563,#000000,0.0,0.0,11.274420707036947,198.786120212237,-2.087568028887452,0.0,0.0,0.0,0.0,0.0,0.0,0.0,0.0,47.270265916237804,-4.334528599037597,False,False,False,False,False,0.0,1,0.8608010443337172,0.915560533352962,False,False,False,False,-0.0218163409808802,0.006419449767411746,False,False,False,False,-3574655,-3264024.894124927,False,False,False,False,225554.57101029105,False,False,False,False
2023-12-21 00:00:00+00:00,177.09,177.19,174.0,175.0,212311,,,,,,,,,,,,,,,,,,,,,,,,206.67598035040936,"rgba(239, 83, 80, 0.5)",0.0,0.0,11.12768489597582,198.636962992321,-1.9363383483399295,0.0,0.0,0.0,0.0,0.0,0.0,0.0,0.0,45.9145403084339,-4.334528599037597,False,False,False,True,False,0.0,1,0.8451261270584398,0.9653190857922856,False,False,False,False,-0.09871797409645812,-0.04614926216452318,False,False,False,False,-3362344,-3267880.5453357142,False,False,False,False,225035.21528439727,False,False,False,False
2023-12-22 00:00:00+00:00,176.11,179.87,174.9,174.9,191913,,,,,,,,,,,,,,,,,,,,,,,,206.5958900567982,"rgba(239, 83, 80, 1.0)",0.0,0.0,11.1075369375845,198.5169096953121,-2.0172707794015055,0.0,0.0,0.0,0.0,0.0,0.0,0.0,0.0,44.64559445241231,-0.2293425215076681,False,True,False,True,False,0.0,1,0.860017785975429,0.955972278129284,False,False,False,False,-0.06980208932626793,-0.057975675745395555,False,False,False,False,-3554257,-3279110.994538235,False,False,False,False,223736.3048810876,False,False,False,False
2023-12-26 00:00:00+00:00,175.69,178.81,175.55,176.74,244418,,,,,,,,,,,,,,,,,,,,,,,,206.49356453703732,"rgba(239, 83, 80, 1.0)",0.0,0.0,11.105018191611405,198.3663787669938,-2.041993842398498,0.0,0.0,0.0,0.0,0.0,0.0,0.0,0.0,43.63384431043214,-1.2994212236174576,False,True,False,True,False,0.0,1,0.8661582873214054,0.936565603077873,False,False,False,False,-0.07310687924408901,-0.06554127749474228,False,False,False,False,-3798675,-3299486.0535759516,False,False,False,False,224547.35174849592,False,False,False,False
2023-12-27 00:00:00+00:00,178.93,180.0,176.515,178.11,448292,,,,,,,,,,,,,,,,,,,,,,,,206.3189081693311,"rgba(239, 83, 80, 1.0)",0.0,0.0,10.71600797031264,198.1435444876276,-1.79297594224046,0.0,0.0,0.0,0.0,0.0,0.0,0.0,0.0,44.73242233756423,-1.2994212236174576,False,True,False,True,False,0.0,1,0.8713592441766144,0.9265672596152849,False,False,False,False,-0.055752713755373315,-0.0606469956250578,False,False,False,False,-3350383,-3301482.0122592477,False,False,False,False,233321.65167992745,False,False,False,False
2023-12-28 00:00:00+00:00,179.48,183.9999,176.99,181.0,374296,,,,,,,,,,,,,,,,,,,,,,,,206.18341526247502,"rgba(239, 83, 80, 1.0)",0.0,0.0,10.375293658276846,197.99437471452245,-1.784467536468493,0.0,0.0,0.0,0.0,0.0,0.0,0.0,0.0,45.760697023765324,-1.2994212236174576,False,True,False,True,False,0.0,1,0.8833168440006933,0.9060169948220744,False,False,False,False,-0.01981141367331644,-0.04022920464918712,False,False,False,False,-2976087,-3288721.423543199,False,False,False,False,238850.0574964009,False,False,False,False
2023-12-29 00:00:00+00:00,180.36,184.07,177.4,182.4,532726,,,,,,,,,,,,,,,,,,,,,,,,205.99629146352615,#000000,0.0,0.0,10.1890720771215,197.7989937179339,-1.7115389493702122,0.0,0.0,0.0,0.0,0.0,0.0,0.0,0.0,46.94362537993602,-1.2994212236174576,False,False,False,False,True,0.0,1,0.89810909713404,0.8987246635782818,False,False,False,False,-0.015960043482916457,-0.028094624066051788,False,False,False,False,-2443361,-3255570.0343846423,False,False,False,False,250374.60426124794,False,False,False,False
2024-01-02 00:00:00+00:00,177.0,177.09,172.5,176.05,331946,,,,,,,,,,,,,,,,,,,,,,,,205.8580151382152,"rgba(239, 83, 80, 0.75)",0.0,0.0,10.045526263013059,197.6103687678791,-2.0516962703850634,0.0,0.0,0.0,0.0,0.0,0.0,0.0,0.0,45.96982060376841,-1.2994212236174576,False,True,False,True,True,0.0,1,0.9034252778144634,0.9052235250834859,False,False,False,False,-0.11169179602249193,-0.06989321004427186,False,False,False,False,-2775307,-3236736.18989897,False,False,False,False,253573.48252551272,False,False,False,False
2024-01-03 00:00:00+00:00,181.43,182.52,172.5,174.56,304469,,,,,,,,,,,,,,,,,,,,,,,,205.74590935466833,#000000,0.0,0.0,9.829938922302643,197.4834576890122,-1.6331187625784047,0.0,0.0,0.0,0.0,0.0,0.0,0.0,0.0,47.831804404288086,-1.2994212236174576,False,False,False,False,True,0.0,1,0.9071604932462713,0.8870457569081179,False,False,False,False,-0.10532298398905919,-0.08760809701666553,False,False,False,False,-2470838,-3206700.966765677,False,False,False,False,255569.38517157108,False,False,False,False
2024-01-04 00:00:00+00:00,175.7,181.84,174.09,181.8,269065,,,,,,,,,,,,,,,,,,,,,,,,205.64174543278392,"rgba(239, 83, 80, 0.75)",0.0,0.0,9.354103780722383,197.3566620431187,-2.3152043798947712,0.0,0.0,0.0,0.0,0.0,0.0,0.0,0.0,46.31129867180737,-1.2994212236174576,False,True,False,True,True,0.0,1,0.9023018266490499,0.9002245540025714,False,False,False,False,-0.11694962275188213,-0.10227885988427382,False,False,False,False,-2739903,-3188395.1641474157,False,False,False,False,256098.6249687644,False,False,False,False
2024-01-05 00:00:00+00:00,165.38,170.26,165.13,167.28,362934,,,,,,,,,,,,,,,,,,,,,,,,205.4520396888999,"rgba(239, 83, 80, 1.0)",0.0,0.0,9.002231192400341,197.04793979524013,-3.5177878815169863,0.0,0.0,0.0,0.0,0.0,0.0,0.0,0.0,41.81438928174138,-3.460866376801178,False,True,False,True,False,0.0,1,0.8582515931249963,0.9379519738274422,False,False,False,False,-0.31478196802671476,-0.2085304139554943,False,False,False,False,-3102837,-3185039.942023988,False,False,False,False,260288.24751900896,False,False,False,False
2024-01-08 00:00:00+00:00,171.54,172.03,163.55,165.98,236227,,,,,,,,,,,,,,,,,,,,,,,,205.33628808026012,"rgba(239, 83, 80, 1.0)",0.0,0.0,8.970253632156085,196.87265801530134,-2.824073772506297,0.0,0.0,0.0,0.0,0.0,0.0,0.0,0.0,41.88125533904885,-3.460866376801178,False,True,False,True,False,0.0,1,0.8665797555919644,0.9232187633963439,False,False,False,False,-0.3128622688384851,-0.2606963413969897,False,False,False,False,-2866610,-3172552.493317165,False,False,False,False,259344.6691849302,False,False,False,False
2024-01-09 00:00:00+00:00,181.47,182.29,171.0,171.0,276056,,,,,,,,,,,,,,,,,,,,,,,,205.23604939830605,"rgba(239, 83, 80, 0.75)",0.0,0.0,8.935800852405906,196.76629383049118,-1.7117988732227345,0.0,0.0,0.0,0.0,0.0,0.0,0.0,0.0,45.70052317537279,-3.460866376801178,False,True,False,True,True,0.0,1,0.8932066186024585,0.8861924638081112,False,False,False,False,-0.16069586994559495,-0.21069610567129232,False,False,False,False,-2590554,-3149729.0229910016,False,False,False,False,260000.01549140352,False,False,False,False
2024-01-10 00:00:00+00:00,175.05,184.52,172.03,183.0,384558,,,,,,,,,,,,,,,,,,,,,,,,205.0922399712615,"rgba(239, 83, 80, 0.75)",0.0,0.0,8.889814661268026,195.46169036838452,-2.29607603151909,0.0,0.0,0.0,0.0,0.0,0.0,0.0,0.0,46.07845693279823,-3.460866376801178,False,True,False,True,True,0.0,1,0.8921876879198668,0.907765350010595,False,False,False,False,-0.12895334712156953,-0.16982472639643093,False,False,False,False,-2975112,-3142881.296599198,False,False,False,False,264884.6423348779,False,False,False,False
2024-01-11 00:00:00+00:00,175.1,176.0,171.62,173.72,154921,,,,,,,,,,,,,,,,,,,,,,,,205.02861769960046,"rgba(239, 83, 80, 0.75)",0.0,0.0,8.841290449917594,195.34215606552996,-2.2895024408703413,0.0,0.0,0.0,0.0,0.0,0.0,0.0,0.0,46.34890837308052,-3.460866376801178,False,True,False,True,True,0.0,1,0.8839955230553648,0.9669480260334931,False,False,False,False,-0.21671955642445828,-0.1932721414104446,False,False,False,False,-2820191,-3130226.7751639355,False,False,False,False,260572.34263547097,False,False,False,False
2024-01-12 00:00:00+00:00,175.21,177.44,173.01,173.49,172617,,,,,,,,,,,,,,,,,,,,,,,,204.96028307046643,"rgba(239, 83, 80, 0.75)",0.0,0.0,8.842883858103765,195.24951709996165,-2.2661744088832627,0.0,0.0,0.0,0.0,0.0,0.0,0.0,0.0,46.5738093324842,-8.145740803244685,False,True,False,True,True,0.0,1,0.8943652426406581,0.9545472344296415,False,False,False,False,-0.18861084043102588,-0.19094149092073526,False,False,False,False,-2647574,-3111299.215353585,False,False,False,False,257123.1135125113,False,False,False,False
2024-01-16 00:00:00+00:00,173.25,175.0,171.66,174.17,295776,,,,,,,,,,,,,,,,,,,,,,,,204.83641914368164,"rgba(239, 83, 80, 0.75)",0.0,0.0,8.772467461344302,195.05686515264347,-2.4858302693894245,0.0,0.0,0.0,0.0,0.0,0.0,0.0,0.0,45.98618380491455,-8.145740803244685,False,True,False,True,True,0.0,1,0.8994639909943164,0.9558105267653672,False,False,False,False,-0.22632962689765104,-0.20863555890919316,False,False,False,False,-2943350,-3104712.9716142286,False,False,False,False,258638.9129826089,False,False,False,False
2024-01-17 00:00:00+00:00,167.8,167.8,163.85,165.01,443492,,,,,,,,,,,,,,,,,,,,,,,,204.61272300384726,"rgba(239, 83, 80, 1.0)",0.0,0.0,8.874512597705353,194.60283530557456,-3.020203646170365,0.0,0.0,0.0,0.0,0.0,0.0,0.0,0.0,43.71511347570838,-8.145740803244685,False,True,False,True,False,0.0,1,0.8790141919546633,0.9632183768860043,False,False,False,False,-0.34282825441539394,-0.2757319066622935,False,False,False,False,-3386842,-3115776.8550803373,False,False,False,False,265888.0536499576,False,False,False,False
2024-01-18 00:00:00+00:00,165.35,168.85,164.4,168.85,302826,,,,,,,,,,,,,,,,,,,,,,,,204.46034774353436,"rgba(239, 83, 80, 1.0)",0.0,0.0,9.033155421770294,194.3337529429054,-3.208596729449966,0.0,0.0,0.0,0.0,0.0,0.0,0.0,0.0,41.436257902000676,-4.1209979253676465,False,True,False,True,False,0.0,1,0.8748930125835414,0.9650963038503331,False,False,False,False,-0.3266709530265216,-0.30120142984440756,False,False,False,False,-3689668,-3138282.3901752257,False,False,False,False,267336.60056564555,False,False,False,False
2024-01-19 00:00:00+00:00,159.78,160.5,157.97,160.5,441807,,,,,,,,,,,,,,,,,,,,,,,,204.20116474513443,"rgba(239, 83, 80, 1.0)",0.0,0.0,9.322236282474847,193.81654603179533,-3.6511138529905804,0.0,0.0,0.0,0.0,0.0,0.0,0.0,0.0,38.34645358217767,-7.069041050404941,False,True,False,True,False,0.0,0,0.8581602785698066,1.0135941560899298,False,False,False,False,-0.34282825441539394,-0.3220148421299007,False,False,False,False,-4131475,-3177231.1199722756,False,False,False,False,274178.5770140516,False,False,False,False
2024-01-22 00:00:00+00:00,156.62,158.04,153.13,157.1,360408,,,,,,,,,,,,,,,,,,,,,,,,203.9756429735183,"rgba(239, 83, 80, 1.0)",0.0,0.0,9.67211854197798,193.37401841863166,-3.7999966872940476,0.0,0.0,0.0,0.0,0.0,0.0,0.0,0.0,35.49481208689457,-9.711947851574863,False,True,False,True,False,0.0,0,0.8418616610953973,0.9999059260327755,False,False,False,False,-0.34282825441539394,-0.33242154827264736,False,False,False,False,-4491883,-3228786.0956596374,False,False,False,False,277560.1230135006,False,False,False,False
2024-01-23 00:00:00+00:00,162.27,162.505,156.86,157.54,349150,,,,,,,,,,,,,,,,,,,,,,,,203.77995984627614,"rgba(239, 83, 80, 1.0)",0.0,0.0,9.80114233689585,193.05349034370485,-3.1408063759896763,0.0,0.0,0.0,0.0,0.0,0.0,0.0,0.0,36.56156229860865,-9.711947851574863,False,True,False,True,False,0.0,0,0.8442197364465376,0.9960072402044292,False,False,False,False,-0.2791474000063996,-0.3057844741395235,False,False,False,False,-4142733,-3264627.1507318085,False,False,False,False,280367.5691698339,False,False,False,False
2024-01-24 00:00:00+00:00,160.7,166.34,160.54,164.0,251239,,,,,,,,,,,,,,,,,,,,,,,,203.64664301359193,"rgba(239, 83, 80, 1.0)",0.0,0.0,9.983977789212053,192.85571277280317,-3.2207316013411273,0.0,0.0,0.0,0.0,0.0,0.0,0.0,0.0,36.79140830709795,-9.711947851574863,False,True,False,True,False,0.0,0,0.8876348686002504,0.9779211249010615,False,False,False,False,-0.22264191182833898,-0.2642131929839312,False,False,False,False,-4393972,-3308915.1840364435,False,False,False,False,279225.2723396444,False,False,False,False
2024-01-25 00:00:00+00:00,165.0,166.15,159.596,161.37,330129,,,,,,,,,,,,,,,,,,,,,,,,203.47723109172668,"rgba(239, 83, 80, 0.75)",0.0,0.0,10.098038844027071,192.6195116845342,-2.7351362092324454,0.0,0.0,0.0,0.0,0.0,0.0,0.0,0.0,39.05849812857848,-9.711947851574863,False,True,False,True,True,0.0,0,0.8755930655456852,1.0014573624330825,False,False,False,False,-0.23107113807649546,-0.24764216553021334,False,False,False,False,-4063843,-3338520.196427171,False,False,False,False,281221.496953776,False,False,False,False
2024-01-26 00:00:00+00:00,161.9,163.18,157.61,157.98,555661,,,,,,,,,,,,,,,,,,,,,,,,203.17631851876772,"rgba(239, 83, 80, 0.75)",0.0,0.0,10.264368318701646,192.17734177354907,-2.949752077620193,0.0,0.0,0.0,0.0,0.0,0.0,0.0,0.0,39.49172122193558,-9.711947851574863,False,True,False,True,True,0.0,0,0.859502501722259,1.007083092109306,False,False,False,False,-0.2683088469016109,-0.25797550621591214,False,False,False,False,-4619504,-3388754.8553908113,False,False,False,False,291983.83040656906,False,False,False,False
2024-01-29 00:00:00+00:00,162.08,162.95,155.23,161.62,366143,,,,,,,,,,,,,,,,,,,,,,,,202.97659689905296,"rgba(239, 83, 80, 0.75)",0.0,0.0,10.441618226988682,191.88773467561975,-2.854704513001158,0.0,0.0,0.0,0.0,0.0,0.0,0.0,0.0,39.874308990190045,-9.711947851574863,False,True,False,True,True,0.0,0,0.8335143077165973,1.0264211859245964,False,False,False,False,-0.28249741949976964,-0.27023646285784086,False,False,False,False,-4253361,-3422660.9787088186,False,False,False,False,294892.0331357232,False,False,False,False
2024-01-30 00:00:00+00:00,155.04,158.8,153.935,158.8,384487,,,,,,,,,,,,,,,,,,,,,,,,202.74869460459962,"rgba(239, 83, 80, 0.75)",0.0,0.0,10.780047541638398,191.53385468054847,-3.3853148179160986,0.0,0.0,0.0,0.0,0.0,0.0,0.0,0.0,37.84415817061099,-9.711947851574863,False,True,False,True,True,0.0,0,0.8360574176194543,1.0168516604502764,False,False,False,False,-0.32628253128474466,-0.29825949707129273,False,False,False,False,-4637848,-3470315.3717006296,False,False,False,False,298405.5612480478,False,False,False,False
2024-01-31 00:00:00+00:00,148.23,153.19,147.88,152.8,402337,,,,,,,,,,,,,,,,,,,,,,,,202.48150747019403,"rgba(239, 83, 80, 1.0)",0.0,0.0,11.321262056393428,191.0877631249322,-3.7855994244678093,0.0,0.0,0.0,0.0,0.0,0.0,0.0,0.0,34.776940817337255,-10.587196366574815,False,True,False,True,False,0.0,0,0.8422935358462005,1.0147162512694787,False,False,False,False,-0.34282825441539394,-0.3205438757433433,False,False,False,False,-5040185,-3531878.8865358992,False,False,False,False,302481.30394420284,False,False,False,False
2024-02-01 00:00:00+00:00,149.93,152.63,149.88,152.63,291296,,,,,,,,,,,,,,,,,,,,,,,,202.29354470132907,"rgba(239, 83, 80, 1.0)",0.0,0.0,11.770422360711342,190.7875696206051,-3.4712067560960382,0.0,0.0,0.0,0.0,0.0,0.0,0.0,0.0,33.686244905259386,-11.659902543153436,False,True,False,True,False,0.0,0,0.8500536332908805,0.9984282691192149,False,False,False,False,-0.32853269633471793,-0.3245382860390306,False,False,False,False,-4748889,-3579604.773338413,False,False,False,False,302042.66457384196,False,False,False,False
2024-02-02 00:00:00+00:00,144.48,147.21,132.95,140.41,736231,,,,,,,,,,,,,,,,,,,,,,,,201.7400959845356,"rgba(239, 83, 80, 1.0)",0.0,0.0,12.36613466486329,187.0252031614353,-3.440460929341306,0.0,0.0,0.0,0.0,0.0,0.0,0.0,0.0,31.65768737360677,-13.636194423949057,False,True,False,True,False,0.0,0,0.8129008766770299,1.0030498526423237,True,False,False,False,-0.34282825441539394,-0.3336832702272123,False,False,False,False,-5485120,-3654330.860658475,False,False,False,False,319069.6581199658,False,False,False,False
2024-02-05 00:00:00+00:00,141.81,146.275,139.73,145.26,425421,,,,,,,,,,,,,,,,,,,,,,,,201.4304088241643,"rgba(239, 83, 80, 1.0)",0.0,0.0,13.005873116500346,186.55297590358322,-3.440213163914271,0.0,0.0,0.0,0.0,0.0,0.0,0.0,0.0,29.72935683786527,-15.498260663129301,False,True,False,True,False,0.0,0,0.8402215857656171,1.0035375864700449,False,False,False,False,-0.2979824206359386,-0.3158328454315754,False,False,False,False,-5910541,-3742809.6896522604,False,False,False,False,323240.2989780064,False,False,False,False
2024-02-06 00:00:00+00:00,153.58,155.47,146.51,149.88,324378,,,,,,,,,,,,,,,,,,,,,,,,201.23322987980453,"rgba(239, 83, 80, 0.75)",0.0,0.0,13.236236961156134,186.39394117502547,-2.479098951712881,0.0,0.0,0.0,0.0,0.0,0.0,0.0,0.0,34.19789221289314,-15.498260663129301,False,True,False,True,True,0.0,0,0.8576039946410426,0.9578896258620638,False,False,False,False,-0.1806180023404758,-0.2482254238860256,False,False,False,False,-5586163,-3815098.054763937,False,False,False,False,323284.91470435914,False,False,False,False
2024-02-07 00:00:00+00:00,147.76,150.43,146.89,148.16,277447,,,,,,,,,,,,,,,,,,,,,,,,201.05397572069108,"rgba(239, 83, 80, 0.75)",0.0,0.0,13.492194973323729,186.17378184430828,-2.8471113795982497,0.0,0.0,0.0,0.0,0.0,0.0,0.0,0.0,35.560429755854166,-19.669312424541822,False,True,False,True,True,0.0,0,0.8508323447589622,0.9685648290637876,False,False,False,False,-0.2142136426861257,-0.23121953328607564,False,False,False,False,-5863610,-3895431.8565379004,False,False,False,False,321487.3494218353,False,False,False,False
2024-02-08 00:00:00+00:00,142.88,145.888,141.54,145.0,237902,,,,,,,,,,,,,,,,,,,,,,,,200.88696329839073,"rgba(239, 83, 80, 0.75)",0.0,0.0,13.978812172596804,185.91675208817531,-3.0787130949897086,0.0,0.0,0.0,0.0,0.0,0.0,0.0,0.0,35.26979199617557,-19.669312424541822,False,True,False,True,True,0.0,0,0.8369907073298942,0.9714300139286105,False,False,False,False,-0.28724454113807957,-0.2592320372120776,False,False,False,False,-6101512,-3981944.8033403354,False,False,False,False,318209.4925817633,False,False,False,False
2024-02-09 00:00:00+00:00,146.98,147.18,143.012,144.61,147319,,,,,,,,,,,,,,,,,,,,,,,,200.78812615170227,"rgba(239, 83, 80, 0.75)",0.0,0.0,14.353237577143693,185.7789531001612,-2.703149926393279,0.0,0.0,0.0,0.0,0.0,0.0,0.0,0.0,36.815310370055414,-18.39473435191807,False,True,False,True,True,0.0,0,0.8402357566180547,0.9669608683148677,False,False,False,False,-0.26656802480255093,-0.2629000310073143,False,False,False,False,-5954193,-4059287.8698760085,False,False,False,False,311507.90463738044,False,False,False,False
2024-02-12 00:00:00+00:00,146.57,149.72,145.88,147.65,138052,,,,,,,,,,,,,,,,,,,,,,,,200.6986197722591,"rgba(239, 83, 80, 0.75)",0.0,0.0,14.740948444249435,185.66278939499256,-2.651986033520318,0.0,0.0,0.0,0.0,0.0,0.0,0.0,0.0,37.729774507603885,-17.399414987479744,False,True,False,True,True,0.0,0,0.8446147107741299,0.9624624891240655,False,False,False,False,-0.22673117056353817,-0.24481560078542625,False,False,False,False,-6092245,-4139011.678900479,False,False,False,False,304705.71229865967,False,False,False,False
2024-02-13 00:00:00+00:00,141.8,146.36,141.34,144.0,190910,,,,,,,,,,,,,,,,,,,,,,,,200.5655689585505,"rgba(239, 83, 80, 0.75)",0.0,0.0,15.210841459330403,185.46240279920818,-2.870479119511527,0.0,0.0,0.0,0.0,0.0,0.0,0.0,0.0,37.01679090829299,-17.399414987479744,False,True,False,True,True,0.0,0,0.829077576591756,0.9835692588813212,False,False,False,False,-0.2851994334892837,-0.265007517137355,False,False,False,False,-6283155,-4223095.730708304,False,False,False,False,300243.1353457711,True,False,False,False
2024-02-14 00:00:00+00:00,145.87,147.64,143.5,145.85,285727,,,,,,,,,,,,,,,,,,,,,,,,200.376217911092,"rgba(239, 83, 80, 0.75)",0.0,0.0,15.545868065208989,185.2033565386015,-2.5301486139991063,0.0,0.0,0.0,0.0,0.0,0.0,0.0,0.0,38.3887699031536,-16.480254273610647,False,True,False,True,True,0.0,0,0.8255218601585442,0.9751384466899323,False,False,False,False,-0.25740568489734855,-0.26120660101735177,False,False,False,False,-5997428,-4292677.388327586,False,False,False,False,299673.87513613305,False,False,False,False
2024-02-15 00:00:00+00:00,146.07,149.34,145.01,146.75,184301,,,,,,,,,,,,,,,,,,,,,,,,200.25729660795162,"rgba(239, 83, 80, 0.75)",0.0,0.0,15.88934482431323,185.04826921672128,-2.453107390373851,0.0,0.0,0.0,0.0,0.0,0.0,0.0,0.0,39.39426254145827,-15.339306413331357,False,True,False,True,True,0.0,0,0.8523061415594564,0.964574349431293,False,False,False,False,-0.23316060755014367,-0.24718360428374772,False,False,False,False,-5813127,-4352302.863295132,False,False,False,False,295149.4486602063,False,False,False,False
2024-02-16 00:00:00+00:00,148.23,149.5,146.21,148.9,135075,,,,,,,,,,,,,,,,,,,,,,,,200.17237933637577,"rgba(239, 83, 80, 0.5)",0.0,0.0,16.110031961258688,184.94258198416944,-2.278864627485262,0.0,0.0,0.0,0.0,0.0,0.0,0.0,0.0,41.08277654117261,-13.565947760700013,False,False,False,True,True,0.0,0,0.8499485110102619,0.961984960425323,False,False,False,False,-0.2229707447761972,-0.23507717452997245,False,False,False,False,-5678052,-4404293.025518853,False,False,False,False,288872.0193009825,False,False,False,False
2024-02-20 00:00:00+00:00,148.05,150.9,147.065,149.55,138225,,,,,,,,,,,,,,,,,,,,,,,,200.0869146962468,"rgba(239, 83, 80, 0.5)",0.0,0.0,16.318797326125317,184.83912327127842,-2.254401628751247,0.0,0.0,0.0,0.0,0.0,0.0,0.0,0.0,42.137970766740594,-12.410635258796091,False,False,False,True,True,0.0,0,0.8523747049590836,0.9558217413704274,False,False,False,False,-0.20617383862665437,-0.22062550657831342,False,False,False,False,-5816277,-4459664.946086742,False,False,False,False,282964.2930538851,False,False,False,False
2024-02-21 00:00:00+00:00,150.8,151.853,148.61,149.02,180908,,,,,,,,,,,,,,,,,,,,,,,,199.97927793781477,"rgba(239, 83, 80, 0.5)",0.0,0.0,16.499869703279742,184.7179145341926,-2.055647416867213,0.0,0.0,0.0,0.0,0.0,0.0,0.0,0.0,44.216824509188534,-10.309142580053944,True,False,False,True,True,0.0,0,0.8616293579085046,0.9473608250522422,False,False,False,False,-0.18769948149905702,-0.20416249403868522,False,False,False,False,-5635369,-4505770.987416673,False,False,False,False,278962.08548314456,False,False,False,False
2024-02-22 00:00:00+00:00,153.78,155.51,151.64,152.93,194572,,,,,,,,,,,,,,,,,,,,,,,,199.87152437423256,#000000,0.0,0.0,16.61413400426562,184.61403213219958,-1.8558916236189653,0.0,0.0,0.0,0.0,0.0,0.0,0.0,0.0,46.997784604677925,-7.618486367616519,True,False,False,False,True,0.0,0,0.8830644553903626,0.9224275837136791,False,False,False,False,-0.13882682160889034,-0.17149465782378778,False,False,False,False,-5440797,-4542438.674184647,False,False,False,False,275652.6703661585,False,False,False,False
2024-02-23 00:00:00+00:00,155.1,158.475,154.38,155.22,217784,,,,,,,,,,,,,,,,,,,,,,,,199.7575882413526,#000000,0.0,0.0,16.68507413450289,184.5175829610004,-1.7631077167447569,0.0,0.0,0.0,0.0,0.0,0.0,0.0,0.0,49.45265672125282,-5.302668208089656,True,False,False,False,True,0.0,0,0.8985609565583129,0.901778525506219,False,False,False,False,-0.09765480050044288,-0.13457472916211533,False,False,False,False,-5223013,-4569127.863432309,False,False,False,False,273383.3107439562,False,False,False,False
2024-02-26 00:00:00+00:00,160.26,162.11,154.76,159.14,579096,,,,,,,,,,,,,,,,,,,,,,,,199.4784536739079,"rgba(38, 166, 154, 1.0)",0.0,0.0,16.505598396950802,184.32199083366515,-1.4578078452526937,0.0,0.0,0.0,0.0,0.0,0.0,0.0,0.0,53.22580882375744,-1.8084183362620507,True,False,True,False,True,0.0,0,0.8901051181456081,0.9091401874756672,False,False,False,False,-0.06888394773025396,-0.10172933844618465,False,False,False,False,-4643917,-4572060.770748689,False,False,False,False,285372.0436559579,False,False,False,False
2024-02-27 00:00:00+00:00,179.69,179.88,164.075,164.95,511302,,,,,,,,,,,,,,,,,,,,,,,,199.32845154228275,"rgba(38, 166, 154, 1.0)",0.0,0.0,16.25303999090414,183.2727598128319,-0.2204362885242987,0.0,0.0,0.0,0.0,0.0,0.0,0.0,0.0,60.550402464170936,4.85195003948072,True,False,True,False,True,2.9767019675522057,0,0.9021713988318973,0.8728560689296248,False,False,False,False,0.12459985883108746,0.011435260192451405,False,False,False,True,-4132615,-4554827.603268348,False,False,False,False,294232.04194395954,False,False,False,True
2024-02-28 00:00:00+00:00,178.48,179.11,173.51,173.51,602580,,,,,,,,,,,,,,,,,,,,,,,,199.1714690129721,"rgba(38, 166, 154, 1.0)",0.0,0.0,15.926129492239692,183.48802349179937,-0.31445326965598464,0.0,0.0,0.0,0.0,0.0,0.0,0.0,0.0,64.81745342768414,8.460436222921217,True,False,True,False,True,2.5223558618872985,0,0.9102212734039178,0.8873034647895448,False,False,False,False,0.2071853590595952,0.10931030962602331,False,False,False,False,-4735195,-4561900.834512726,False,False,False,False,306324.11873047095,False,False,False,False
2024-02-29 00:00:00+00:00,165.65,176.05,165.58,176.05,281679,,,,,,,,,,,,,,,,,,,,,,,,199.0727944702572,"rgba(38, 166, 154, 1.0)",0.0,0.0,15.794350639868622,183.40097493092418,-1.1238812747462106,0.0,0.0,0.0,0.0,0.0,0.0,0.0,0.0,62.215103474047154,8.460436222921217,True,False,True,False,True,0.0,0,0.8922737805911944,0.8881082914146838,False,False,False,False,0.12386770538313673,0.11658900750458001,False,False,False,False,-5016874,-4579742.919433796,False,False,False,False,305357.6434861388,False,False,False,False
2024-03-01 00:00:00+00:00,165.02,168.11,161.6013,163.81,190688,,,,,,,,,,,,,,,,,,,,,,,,198.9970924378817,"rgba(38, 166, 154, 0.75)",0.0,0.0,15.460568347593622,183.30230472494353,-1.1825118141784927,0.0,0.0,0.0,0.0,0.0,0.0,0.0,0.0,60.25425054735118,8.460436222921217,True,False,True,False,False,0.0,0,0.8865131149148598,0.9059987012793607,False,False,False,False,0.03537240088908063,0.07598070419683031,False,False,False,False,-5207562,-4604363.275534431,False,False,False,False,300860.7947219765,False,False,False,False
2024-03-04 00:00:00+00:00,167.86,169.035,160.59,164.26,183199,,,,,,,,,,,,,,,,,,,,,,,,198.92662880611218,"rgba(38, 166, 154, 0.75)",0.0,0.0,15.103034560243549,183.22880122290988,-1.017596904887307,0.0,0.0,0.0,0.0,0.0,0.0,0.0,0.0,59.757440247148324,8.460436222921217,True,False,True,False,False,0.0,0,0.8808649967993342,0.9139149518109505,False,False,False,False,0.07163377436676056,0.07380723928179544,False,False,False,False,-5024363,-4620833.852964454,False,False,False,False,296246.6066936637,False,False,False,False
2024-03-05 00:00:00+00:00,160.42,164.665,159.78,163.81,164854,,,,,,,,,,,,,,,,,,,,,,,,198.8554502195696,"rgba(38, 166, 154, 0.75)",0.0,0.0,14.685800693492748,183.12802003381222,-1.546256857746552,0.0,0.0,0.0,0.0,0.0,0.0,0.0,0.0,56.717987766493295,14.050834216320425,True,False,True,False,False,0.0,0,0.887612895069247,0.9103612303573022,False,False,False,False,0.02947354105824601,0.05164039017002073,False,False,False,False,-5189217,-4643123.388142318,False,False,False,False,291093.9554507749,False,False,False,False
2024-03-06 00:00:00+00:00,159.52,162.02,158.79,161.28,212634,,,,,,,,,,,,,,,,,,,,,,,,198.7603308000871,"rgba(38, 166, 154, 0.75)",0.0,0.0,14.385551537428762,182.99086531709395,-1.6315582517657896,0.0,0.0,0.0,0.0,0.0,0.0,0.0,0.0,54.38675007883259,11.777036743965247,True,False,True,False,False,0.0,0,0.8875691458923306,0.8936245258123972,False,False,False,False,-4.058622547895081e-05,0.02579990197227089,False,False,False,False,-5401851,-4672877.412136737,False,False,False,False,288017.0944527053,False,False,False,False
2024-03-07 00:00:00+00:00,162.25,163.1,158.04,158.04,138994,,,,,,,,,,,,,,,,,,,,,,,,198.7000396626574,"rgba(38, 166, 154, 0.75)",0.0,0.0,14.211778953952914,182.9146916562966,-1.4540538326167014,0.0,0.0,0.0,0.0,0.0,0.0,0.0,0.0,53.78533170622579,11.060339866784162,True,False,True,False,False,0.0,0,0.8829430588999948,0.8981651158749467,False,False,False,False,0.002638057201638432,0.01421897958695466,False,False,False,False,-5262857,-4696013.866562747,False,False,False,False,282173.05153299135,False,False,False,False
2024-03-08 00:00:00+00:00,158.52,166.07,157.39,163.8,188440,,,,,,,,,,,,,,,,,,,,,,,,198.61758957743052,#000000,0.0,0.0,14.098370598779258,182.81207671090175,-1.7230414352283467,0.0,0.0,0.0,0.0,0.0,0.0,0.0,0.0,52.00467186921893,9.145930272446897,True,False,False,False,False,0.0,0,0.8810938201572857,0.888501318123419,False,False,False,False,0.02147298277125541,0.017845981179105033,False,False,False,False,-5451297,-4725632.812972052,False,False,False,False,278497.2455905211,False,False,False,False
2024-03-11 00:00:00+00:00,164.53,167.642,158.725,161.79,126937,,,,,,,,,,,,,,,,,,,,,,,,198.56658411188587,"rgba(38, 166, 154, 0.75)",0.0,0.0,13.917296048668689,182.76487251035607,-1.3102309849980087,0.0,0.0,0.0,0.0,0.0,0.0,0.0,0.0,52.92168335473293,9.145930272446897,True,False,True,False,False,0.0,0,0.8853770698205956,0.8906249657269077,False,False,False,False,0.0450965887784399,0.03147128497877247,False,False,False,False,-5324360,-4749112.31050256,False,False,False,False,272553.7065477556,False,False,False,False
2024-03-12 00:00:00+00:00,163.75,170.0,162.265,168.7,188675,,,,,,,,,,,,,,,,,,,,,,,,198.4947343771173,"rgba(38, 166, 154, 0.75)",0.0,0.0,13.783588090828905,182.7124635311625,-1.3757276701978234,0.0,0.0,0.0,0.0,0.0,0.0,0.0,0.0,53.2194777236318,9.145930272446897,True,False,True,False,False,0.0,0,0.8939915888318472,0.8953348910786837,False,False,False,False,0.09320959777486569,0.06234044137681908,False,False,False,False,-5513035,-4779070.063031872,False,False,False,False,269264.34550666716,False,False,False,False
2024-03-13 00:00:00+00:00,176.47,184.8,175.49,180.98,551274,,,,,,,,,,,,,,,,,,,,,,,,198.37184013576902,"rgba(38, 166, 154, 1.0)",0.0,0.0,13.70938340226332,181.92642932842884,-0.39800691018153467,0.0,0.0,0.0,0.0,0.0,0.0,0.0,0.0,57.04458263116808,9.145930272446897,True,False,True,False,True,2.17636773865242,0,0.9008353107910613,0.858515565288752,False,False,False,False,0.34282825256675387,0.20258434697178648,False,False,False,False,-4961761,-4786234.4135012105,False,False,False,False,280323.5476436606,False,False,False,False
2024-03-14 00:00:00+00:00,168.9,174.795,165.395,174.14,394030,,,,,,,,,,,,,,,,,,,,,,,,198.24373722956105,"rgba(38, 166, 154, 1.0)",0.0,0.0,13.564123120792539,181.6952847344183,-0.9433182388918534,0.0,0.0,0.0,0.0,0.0,0.0,0.0,0.0,56.71339921042548,9.145930272446897,True,False,True,False,True,0.0,0,0.8942793359504824,0.8717645808754596,False,False,False,False,0.16595084164465193,0.1842675943082192,False,False,False,False,-5355791,-4808569.965912928,False,False,False,False,284782.6242066544,False,False,False,False
2024-03-15 00:00:00+00:00,170.0,171.79,166.9,171.79,350215,,,,,,,,,,,,,,,,,,,,,,,,198.13030861115814,"rgba(38, 166, 154, 1.0)",0.0,0.0,13.445683110436931,181.5827711565736,-0.8614490659520846,0.0,0.0,0.0,0.0,0.0,0.0,0.0,0.0,56.79892866508163,9.145930272446897,True,False,True,False,True,0.0,0,0.8968266589963637,0.8923440829599398,False,False,False,False,0.1532783153445572,0.1687729548263882,False,False,False,False,-5005576,-4816295.692739871,False,False,False,False,287348.59972796205,False,False,False,False
2024-03-18 00:00:00+00:00,168.5,170.78,168.33,168.33,154842,,,,,,,,,,,,,,,,,,,,,,,,198.07981508657033,"rgba(38, 166, 154, 1.0)",0.0,0.0,13.288448482160952,181.53999981630577,-0.9813034105382042,0.0,0.0,0.0,0.0,0.0,0.0,0.0,0.0,56.278451399768684,9.145930272446897,True,False,True,False,True,0.0,0,0.8949297075717976,0.8916984270588074,False,False,False,False,0.15682153098765586,0.16279724290702202,False,False,False,False,-5160418,-4829790.6851814445,False,False,False,False,282152.26248372823,False,False,False,False
2024-03-19 00:00:00+00:00,168.1,171.25,165.83,168.31,145070,,,,,,,,,,,,,,,,,,,,,,,,198.03134535985575,"rgba(38, 166, 154, 1.0)",0.0,0.0,13.155224794254561,181.49567012863398,-1.0182775542143858,0.0,0.0,0.0,0.0,0.0,0.0,0.0,0.0,55.76867119667504,9.145930272446897,True,False,True,False,True,0.0,0,0.9049958675515579,0.8721920917700188,False,False,False,False,0.13973050118633706,0.15126387204667954,False,False,False,False,-5305488,-4848445.481840996,False,False,False,False,276776.48748436634,False,False,False,False
2024-03-20 00:00:00+00:00,169.62,170.3599,166.66,169.44,195654,,,,,,,,,,,,,,,,,,,,,,,,197.9672942319297,"rgba(38, 166, 154, 1.0)",0.0,0.0,12.948042044756237,181.4476948480878,-0.9134736207377259,0.0,0.0,0.0,0.0,0.0,0.0,0.0,0.0,55.96640672026059,9.145930272446897,True,False,True,False,True,0.0,1,0.9103887309279647,0.8778421937279832,False,False,False,False,0.13922578776836161,0.14524482990752058,False,False,False,False,-5109834,-4858696.011964878,False,False,False,False,273595.2134653716,False,False,False,False
2024-03-21 00:00:00+00:00,163.7,167.835,162.5,167.1,192989,,,,,,,,,,,,,,,,,,,,,,,,197.8953043378196,"rgba(38, 166, 154, 0.75)",0.0,0.0,12.719023642339721,181.35352283877967,-1.3879621058344251,0.0,0.0,0.0,0.0,0.0,0.0,0.0,0.0,53.6095658752743,8.33433608963444,True,False,True,False,False,0.0,1,0.8719831880830423,0.9071037824581681,False,False,False,False,0.08346546335177657,0.11435514662964857,False,False,False,False,-5302823,-4876112.756593707,False,False,False,False,270434.1854863374,False,False,False,False
2024-03-22 00:00:00+00:00,152.02,158.1,151.85,156.48,445487,,,,,,,,,,,,,,,,,,,,,,,,197.6772181473364,#000000,0.0,0.0,12.703839942996746,180.8930341648026,-2.2727800644811684,0.0,0.0,0.0,0.0,0.0,0.0,0.0,0.0,48.3989815190987,3.2869919554727645,False,False,False,False,False,0.0,0,0.8480583321876584,0.9247235569802912,False,False,False,False,-0.08483415314283571,0.014760496743406432,False,False,False,False,-5748310,-4910316.570060621,False,False,False,False,277299.00174177514,False,False,False,False
2024-03-25 00:00:00+00:00,153.92,155.63,151.945,153.14,122678,,,,,,,,,,,,,,,,,,,,,,,,197.6173253340053,"rgba(239, 83, 80, 0.5)",0.0,0.0,12.596272731991828,180.77803103300042,-2.13222050716533,0.0,0.0,0.0,0.0,0.0,0.0,0.0,0.0,45.719565114293786,0.8084434486786591,False,False,False,True,False,0.0,1,0.8491765605760355,0.9076384918663976,False,False,False,False,-0.10457270989046528,-0.044906106573529427,False,False,False,False,-5625632,-4938368.155548439,False,False,False,False,271235.4330460193,False,False,False,False
2024-03-26 00:00:00+00:00,153.81,155.99,151.49,155.96,104417,,,,,,,,,,,,,,,,,,,,,,,,197.56639715013,"rgba(239, 83, 80, 0.5)",0.0,0.0,12.518232732247823,180.68323685856802,-2.1467276917883726,0.0,0.0,0.0,0.0,0.0,0.0,0.0,0.0,43.90044997807399,-0.8609448951926808,False,False,False,True,False,0.0,0,0.84404155607422,0.9106797453607158,False,False,False,False,-0.10536384172573558,-0.07513497414963251,False,False,False,False,-5730049,-4969414.46317399,False,False,False,False,264693.5337108813,False,False,False,False
2024-03-27 00:00:00+00:00,155.08,155.915,153.05,153.05,76134,,,,,,,,,,,,,,,,,,,,,,,,197.5301151188562,"rgba(239, 83, 80, 0.5)",0.0,0.0,12.458993314646106,180.61968654575708,-2.0498996909914076,0.0,0.0,0.0,0.0,0.0,0.0,0.0,0.0,43.286402587108725,-1.4653615401892282,False,False,False,True,False,0.0,0,0.8524922761427609,0.9044642436453466,False,False,False,False,-0.09301158541112363,-0.08407327978037807,False,False,False,False,-5653915,-4996257.621480892,False,False,False,False,257299.04219280754,False,False,False,False
2024-03-28 00:00:00+00:00,156.39,157.38,155.09,157.0,104129,,,,,,,,,,,,,,,,,,,,,,,,197.48244626782312,"rgba(239, 83, 80, 0.5)",0.0,0.0,12.438473700578456,180.54366507273252,-1.9418511992841423,0.0,0.0,0.0,0.0,0.0,0.0,0.0,0.0,43.51418534946154,-1.4653615401892282,False,False,False,True,False,0.0,0,0.8711574737536115,0.8932946371748678,False,False,False,False,-0.0639620372900768,-0.07401765853522743,False,False,False,False,-5549786,-5017964.616716936,False,False,False,False,251292.37387152098,False,False,False,False
2024-04-01 00:00:00+00:00,159.23,159.34,152.77,156.87,126939,,,,,,,,,,,,,,,,,,,,,,,,197.42564725127997,"rgba(239, 83, 80, 0.5)",0.0,0.0,12.397957937055235,180.4590350264529,-1.7123009397380842,0.0,0.0,0.0,0.0,0.0,0.0,0.0,0.0,45.02818308991423,-1.4653615401892282,False,False,False,True,False,0.0,0,0.8637711845123242,0.8913497333163433,False,False,False,False,-0.06693994152339738,-0.07047880002931241,False,False,False,False,-5422847,-5033842.357237841,False,False,False,False,246415.7709745986,False,False,False,False
2024-04-02 00:00:00+00:00,153.25,157.32,152.695,155.51,84075,,,,,,,,,,,,,,,,,,,,,,,,197.38560969657763,"rgba(239, 83, 80, 0.5)",0.0,0.0,12.333519696667693,180.39289766497615,-2.200742231944519,0.0,0.0,0.0,0.0,0.0,0.0,0.0,0.0,43.722585725950424,-1.4653615401892282,False,False,False,True,False,0.0,0,0.8677054827523877,0.8814224853920052,False,False,False,False,-0.08429493539966965,-0.07738686771449102,False,False,False,False,-5506922,-5052394.500091258,False,False,False,False,240049.46623049668,False,False,False,False
2024-04-03 00:00:00+00:00,151.95,154.1224,150.79,153.53,56990,,,,,,,,,,,,,,,,,,,,,,,,197.35716670082104,"rgba(239, 83, 80, 1.0)",0.0,0.0,12.200457793802663,180.34271509379505,-2.327184403540776,0.0,0.0,0.0,0.0,0.0,0.0,0.0,0.0,42.394434910299665,-2.772988378825879,False,True,False,True,False,0.0,0,0.879898680252724,0.8874216714879899,False,False,False,False,-0.12679921790051732,-0.10209304280750417,False,False,False,False,-5563912,-5072454.009891601,False,False,False,False,232870.66363322228,False,False,False,False
2024-04-04 00:00:00+00:00,149.57,153.28,149.3,153.26,81653,,,,,,,,,,,,,,,,,,,,,,,,197.31505904159556,"rgba(239, 83, 80, 1.0)",0.0,0.0,11.977526744653948,180.26564128105994,-2.5627695880337438,0.0,0.0,0.0,0.0,0.0,0.0,0.0,0.0,40.67411267674062,-4.550674660543493,False,True,False,True,False,0.0,0,0.864823015252815,0.9028566466961885,False,False,False,False,-0.14637151786339997,-0.12423228033545207,False,False,False,False,-5645565,-5094928.950680166,False,False,False,False,226940.5591770175,False,False,False,False
2024-04-05 00:00:00+00:00,150.03,151.445,148.0,149.57,90661,,,,,,,,,,,,,,,,,,,,,,,,197.26750210773037,"rgba(239, 83, 80, 1.0)",0.0,0.0,11.83896934124946,180.17782766038678,-2.5464908972561835,0.0,0.0,0.0,0.0,0.0,0.0,0.0,0.0,39.803888140586764,-5.52086142609231,False,True,False,True,False,0.0,0,0.8493829319112357,0.9187131179787561,False,False,False,False,-0.1728582044006042,-0.14854524236802813,False,False,False,False,-5554904,-5112967.187908394,False,False,False,False,221596.2627387031,False,False,False,False
2024-04-08 00:00:00+00:00,149.75,151.52,148.5,148.84,109180,,,,,,,,,,,,,,,,,,,,,,,,197.21047559811623,"rgba(239, 83, 80, 1.0)",0.0,0.0,11.700431465055038,180.0749634075798,-2.591781636271235,0.0,0.0,0.0,0.0,0.0,0.0,0.0,0.0,39.11238949341542,-6.354021468449233,False,True,False,True,False,0.0,0,0.8520674516593499,0.917086988142665,False,False,False,False,-0.16798325458954497,-0.15826424847878656,False,False,False,False,-5664084,-5134579.611911987,False,False,False,False,217187.7818469893,False,False,False,False
2024-04-09 00:00:00+00:00,154.02,155.37,150.84,153.7,115201,,,,,,,,,,,,,,,,,,,,,,,,197.15487868612777,"rgba(239, 83, 80, 0.75)",0.0,0.0,11.396712718708594,179.98803087985837,-2.2785544850340758,0.0,0.0,0.0,0.0,0.0,0.0,0.0,0.0,41.31504359094617,-6.354021468449233,False,True,False,True,True,0.0,0,0.866257610603491,0.898626909495606,False,False,False,False,-0.1159530543203252,-0.1371086513995559,False,False,False,False,-5548883,-5150826.803601713,False,False,False,False,213188.3002059309,False,False,False,False
2024-04-10 00:00:00+00:00,149.76,150.975,147.975,150.34,272924,,,,,,,,,,,,,,,,,,,,,,,,197.01221210508925,"rgba(239, 83, 80, 0.75)",0.0,0.0,11.369332740092371,179.7415447773945,-2.6370540349891205,0.0,0.0,0.0,0.0,0.0,0.0,0.0,0.0,40.90217892544332,-6.354021468449233,False,True,False,True,True,0.0,0,0.855090785778878,0.9014534053590978,False,False,False,False,-0.17706141796512792,-0.15708503468234192,False,False,False,False,-5821807,-5177139.752480078,False,False,False,False,215530.8766684434,False,False,False,False
2024-04-11 00:00:00+00:00,146.13,148.93,145.34,147.62,243171,,,,,,,,,,,,,,,,,,,,,,,,196.87843736710138,"rgba(239, 83, 80, 0.75)",0.0,0.0,11.355114586795702,179.5023471028814,-2.938970527139237,0.0,0.0,0.0,0.0,0.0,0.0,0.0,0.0,39.24152856899251,-6.449879145389502,False,True,False,True,True,0.0,0,0.8568059653903887,0.9013869713130659,False,False,False,False,-0.21713046280955772,-0.18710774874594982,False,False,False,False,-6064978,-5211956.93865733,False,False,False,False,216614.8030736025,False,False,False,False
2024-04-12 00:00:00+00:00,141.3,146.805,140.08,145.0,139454,,,,,,,,,,,,,,,,,,,,,,,,196.795829728195,"rgba(239, 83, 80, 1.0)",0.0,0.0,11.44097417574532,179.3450025859632,-3.3253289450314436,0.0,0.0,0.0,0.0,0.0,0.0,0.0,0.0,36.55650008360467,-9.076355711566457,False,True,False,True,False,0.0,0,0.8600971037540364,0.896333309238109,False,False,False,False,-0.28184170343609505,-0.23447472609102243,False,False,False,False,-6204432,-5250877.52929822,False,False,False,False,213588.88922757885,False,False,False,False
2024-04-15 00:00:00+00:00,138.4,142.63,137.375,140.68,228159,,,,,,,,,,,,,,,,,,,,,,,,196.65310214479152,"rgba(239, 83, 80, 1.0)",0.0,0.0,11.583659727593252,179.06403872343603,-3.510465576485371,0.0,0.0,0.0,0.0,0.0,0.0,0.0,0.0,33.93411857907397,-11.560853930290627,False,True,False,True,False,0.0,0,0.851278723589619,0.9124165217156196,False,False,False,False,-0.34282825441539394,-0.2886514902532082,False,False,False,False,-6432591,-5297219.234031623,False,False,False,False,214160.26612061498,False,False,False,False
2024-04-16 00:00:00+00:00,134.05,137.705,133.71,137.28,308982,,,,,,,,,,,,,,,,,,,,,,,,196.4464497672106,"rgba(239, 83, 80, 1.0)",0.0,0.0,11.753462235550149,178.64531418416564,-3.7942278871054915,0.0,0.0,0.0,0.0,0.0,0.0,0.0,0.0,31.06987273099207,-14.215799995073255,False,True,False,True,False,0.0,0,0.87661464653239,0.9138314497740042,False,False,False,False,-0.34282825441539394,-0.31573987233430106,False,False,False,False,-6741573,-5353860.558187245,False,False,False,False,217878.765488434,False,False,False,False
2024-04-17 00:00:00+00:00,131.86,134.4,131.2794,134.4,200058,,,,,,,,,,,,,,,,,,,,,,,,196.30765125989333,"rgba(239, 83, 80, 1.0)",0.0,0.0,11.941951327714174,178.36371491072526,-3.8941470815412034,0.0,0.0,0.0,0.0,0.0,0.0,0.0,0.0,28.647607688755656,-16.421816080774775,False,True,False,True,False,0.0,0,0.8462412574734379,0.9203737207423716,False,False,False,False,-0.34282825441539394,-0.3292840633748475,False,False,False,False,-6941631,-5416126.065709314,False,False,False,False,217179.91193986795,False,False,False,False
2024-04-18 00:00:00+00:00,131.96,136.0,131.4,131.4,125955,,,,,,,,,,,,,,,,,,,,,,,,196.2214018644947,"rgba(239, 83, 80, 1.0)",0.0,0.0,12.069438632383925,178.19387799784508,-3.830656868646183,0.0,0.0,0.0,0.0,0.0,0.0,0.0,0.0,27.10997090771412,-17.818104027759986,False,True,False,True,False,0.0,0,0.8353600786246915,0.9564130211109114,False,False,False,False,-0.32941736789427556,-0.32935071563456153,False,False,False,False,-6815676,-5471010.376857968,False,False,False,False,213602.4644128143,False,False,False,False
2024-04-19 00:00:00+00:00,129.52,130.85,126.9681,130.0,296412,,,,,,,,,,,,,,,,,,,,,,,,196.00652471005398,"rgba(239, 83, 80, 1.0)",0.0,0.0,12.311598820360174,174.3528288096919,-3.641511509906422,0.0,0.0,0.0,0.0,0.0,0.0,0.0,0.0,25.4805462872757,-19.354471157970707,False,True,False,True,False,0.0,0,0.8289910035460362,0.9631884620845078,False,False,False,False,-0.34282825441539394,-0.3360894850249777,False,False,False,False,-7112088,-5535366.362079224,False,False,False,False,216849.89718093924,False,False,False,False
2024-04-22 00:00:00+00:00,130.94,133.09,129.96,130.55,152563,,,,,,,,,,,,,,,,,,,,,,,,195.9001112953624,"rgba(239, 83, 80, 1.0)",0.0,0.0,12.368151554086216,174.19277061440044,-3.4971087171154935,0.0,0.0,0.0,0.0,0.0,0.0,0.0,0.0,25.588544141202817,-19.354471157970707,False,True,False,True,False,0.0,0,0.853079109855687,0.9452540506372872,False,False,False,False,-0.30546126551110153,-0.3207753752680396,False,False,False,False,-6959525,-5591215.720429058,False,False,False,False,214328.84238952986,False,False,False,False
2024-04-23 00:00:00+00:00,138.99,142.22,134.68,135.75,203615,,,,,,,,,,,,,,,,,,,,,,,,195.77462807299344,"rgba(239, 83, 80, 0.75)",0.0,0.0,12.339297843850742,174.12716969665308,-2.8475825886773287,0.0,0.0,0.0,0.0,0.0,0.0,0.0,0.0,31.17954501128857,-24.191468112725325,False,True,False,True,True,0.0,0,0.85522087610245,0.9198818260957717,False,False,False,False,-0.21013685357590908,-0.26545611442197437,False,False,False,False,-6755910,-5636890.005902428,False,False,False,False,213908.6917075875,False,False,False,False
2024-04-24 00:00:00+00:00,144.12,146.22,141.78,143.45,215690,,,,,,,,,,,,,,,,,,,,,,,,195.6548292992094,"rgba(239, 83, 80, 0.75)",0.0,0.0,12.37394105470062,174.1029141434485,-2.423069094228355,0.0,0.0,0.0,0.0,0.0,0.0,0.0,0.0,37.505784896715326,-18.434802873076233,False,True,False,True,True,0.0,0,0.8613739719246085,0.9072165440749271,False,False,False,False,-0.13644520573101232,-0.20095066007649334,False,False,False,False,-6540220,-5672314.711553314,False,False,False,False,213978.54693474094,False,False,False,False
2024-04-25 00:00:00+00:00,148.56,152.83,146.16,148.4,409342,,,,,,,,,,,,,,,,,,,,,,,,195.4514954944026,"rgba(239, 83, 80, 0.75)",0.0,0.0,12.270489835078834,174.0918266792397,-2.0807504038061615,0.0,0.0,0.0,0.0,0.0,0.0,0.0,0.0,43.61875864449769,-13.061765225793792,False,True,False,True,True,0.0,0,0.8852167122955558,0.8710793659289955,False,False,False,False,-0.06491144887166979,-0.13293105447408157,False,False,False,False,-6130878,-5690297.585610047,False,False,False,False,221639.85881965308,False,False,False,False
2024-04-26 00:00:00+00:00,153.58,154.47,150.726,152.11,208460,,,,,,,,,,,,,,,,,,,,,,,,195.35694824006654,#000000,0.0,0.0,11.89876134820771,174.09590447316162,-1.7242050557011874,0.0,0.0,0.0,0.0,0.0,0.0,0.0,0.0,49.52300403944662,-7.9778146871518985,False,False,False,False,True,0.0,0,0.8913490006091261,0.8685075794420914,False,False,False,False,-0.02485400723219423,-0.0788925308531379,False,False,False,False,-5922418,-5699400.346958673,False,False,False,False,221123.00161103922,False,False,False,False
2024-04-29 00:00:00+00:00,156.53,157.89,153.08,155.0,185728,,,,,,,,,,,,,,,,,,,,,,,,195.27881341839222,"rgba(38, 166, 154, 1.0)",0.0,0.0,11.675963178433042,174.11585447512033,-1.5061587816244224,0.0,0.0,0.0,0.0,0.0,0.0,0.0,0.0,54.41752715587366,-3.8524616271237093,True,False,True,False,True,0.0,0,0.8941657747875604,0.8632996855242129,False,False,False,False,0.012340857594465716,-0.033275836629336086,False,False,False,False,-5736690,-5700862.686293627,False,False,False,False,219734.96233217494,False,False,False,False
2024-04-30 00:00:00+00:00,153.94,156.64,150.29,155.0,205282,,,,,,,,,,,,,,,,,,,,,,,,195.18799254409126,"rgba(38, 166, 154, 1.0)",0.0,0.0,11.441241448105792,174.09269377703964,-1.761407961578865,0.0,0.0,0.0,0.0,0.0,0.0,0.0,0.0,56.246689387063896,-2.4801535437263738,True,False,True,False,True,0.0,0,0.8831370875685409,0.8693705548815908,False,False,False,False,-0.013681414419172878,-0.023478625524254483,False,False,False,False,-5941972,-5710317.953497799,False,False,False,False,219168.17949561906,False,False,False,False
2024-05-01 00:00:00+00:00,156.53,157.89,154.3,154.3,176901,,,,,,,,,,,,,,,,,,,,,,,,195.11495219840825,"rgba(38, 166, 154, 1.0)",0.0,0.0,11.193577996348635,174.09106699589398,-1.5688519793780356,0.0,0.0,0.0,0.0,0.0,0.0,0.0,0.0,58.38346370579288,-0.5962912727812579,True,False,True,False,True,0.0,0,0.8918811209168593,0.8687634950114188,False,False,False,False,0.020200742383550012,-0.0016389415703522356,False,False,False,False,-5765071,-5712465.131792003,False,False,False,False,217510.64304481045,False,False,False,False
2024-05-02 00:00:00+00:00,162.01,164.6,158.81,160.99,268400,,,,,,,,,,,,,,,,,,,,,,,,195.02044861088342,"rgba(38, 166, 154, 1.0)",0.0,0.0,11.014891762542222,174.1555267341821,-1.1026460355683914,0.0,0.0,0.0,0.0,0.0,0.0,0.0,0.0,61.52255419864656,2.355012617445098,True,False,True,False,True,0.7685025692406455,0,0.897124140230235,0.8531635379266587,False,False,False,False,0.09272852686652991,0.04554479264808883,False,False,False,False,-5496671,-5704002.616819767,False,False,False,False,219506.3041018767,False,False,False,False
2024-05-03 00:00:00+00:00,162.25,162.51,159.255,162.51,195009,,,,,,,,,,,,,,,,,,,,,,,,194.95115819422475,"rgba(38, 166, 154, 1.0)",0.0,0.0,10.942684338886894,174.18418881148725,-1.0906088891805874,0.0,0.0,0.0,0.0,0.0,0.0,0.0,0.0,63.68603408742932,4.462449085371475,True,False,True,False,True,0.8637654253547993,0,0.8912762677259409,0.8728346535677194,False,False,False,False,0.08205220628000387,0.06379849946404635,False,False,False,False,-5301662,-5688224.55341507,False,False,False,False,218545.62550964626,False,False,False,False
2024-05-06 00:00:00+00:00,162.48,165.0,161.945,164.51,160154,,,,,,,,,,,,,,,,,,,,,,,,194.89750685619686,"rgba(38, 166, 154, 1.0)",0.0,0.0,10.908904492441263,174.21614151273118,-1.075831356014082,0.0,0.0,0.0,0.0,0.0,0.0,0.0,0.0,65.20193635473618,6.069317815976319,True,False,True,False,True,0.9566859694170198,0,0.8924293210446235,0.8755225209434926,False,False,False,False,0.1157459860829507,0.08977224277349852,False,False,False,False,-5141508,-5666784.688575264,False,False,False,False,216255.7578426013,False,False,False,False
2024-05-07 00:00:00+00:00,160.56,164.4,158.21,162.99,111912,,,,,,,,,,,,,,,,,,,,,,,,194.85766933744475,"rgba(38, 166, 154, 1.0)",0.0,0.0,10.914492781832081,174.22354029343649,-1.251871302364172,0.0,0.0,0.0,0.0,0.0,0.0,0.0,0.0,64.85709676989858,6.069317815976319,True,False,True,False,True,0.15430174595519475,0,0.8792293167245497,0.8882580858075536,False,False,False,False,0.08753391181077681,0.08865307729213767,False,False,False,False,-5253420,-5650574.308631136,False,False,False,False,212163.84577034245,False,False,False,False
2024-05-08 00:00:00+00:00,164.44,168.46,161.38,165.49,221000,,,,,,,,,,,,,,,,,,,,,,,,194.78786358790904,"rgba(38, 166, 154, 1.0)",0.0,0.0,10.973276782772377,174.27205206720532,-0.895999641842742,0.0,0.0,0.0,0.0,0.0,0.0,0.0,0.0,66.0243924392204,7.528380395144495,True,False,True,False,True,1.749919645762791,0,0.8644771557037635,0.9253058804331847,False,False,False,False,0.13468649842044675,0.11166978785629221,False,False,False,False,-5032420,-5626332.963194621,False,False,False,False,212510.36162248589,False,False,False,False
2024-05-09 00:00:00+00:00,168.64,169.38,165.65,166.06,255961,,,,,,,,,,,,,,,,,,,,,,,,194.71580386338366,"rgba(38, 166, 154, 1.0)",0.0,0.0,11.05859361730834,174.35473209636604,-0.5167684331415927,0.0,0.0,0.0,0.0,0.0,0.0,0.0,0.0,68.0920402884793,9.901730232763661,True,False,True,False,True,3.4351273925533157,0,0.8451314011526904,0.9174786810734002,False,False,False,False,0.16889342101302793,0.14028160443466006,False,False,False,False,-4776459,-5593004.572481107,False,False,False,False,214214.30822552566,False,False,False,False
2024-05-10 00:00:00+00:00,161.13,166.3,161.0,166.3,196397,,,,,,,,,,,,,,,,,,,,,,,,194.6503532472168,"rgba(38, 166, 154, 1.0)",0.0,0.0,11.061920728254119,174.3650363397151,-1.1964501161096237,0.0,0.0,0.0,0.0,0.0,0.0,0.0,0.0,64.80330477991413,9.901730232763661,True,False,True,False,True,0.2753066496079519,0,0.8535657173599848,0.9164090825825851,False,False,False,False,0.1180638589611695,0.12917273169791477,False,False,False,False,-4972856,-5568685.020619104,False,False,False,False,213515.59025589723,False,False,False,False
2024-05-13 00:00:00+00:00,162.17,164.17,160.96,160.96,108508,,,,,,,,,,,,,,,,,,,,,,,,194.61388084351634,"rgba(38, 166, 154, 0.75)",0.0,0.0,11.03069688976421,174.36729157040958,-1.105758928225823,0.0,0.0,0.0,0.0,0.0,0.0,0.0,0.0,63.01021326144803,9.901730232763661,True,False,True,False,False,0.6982848692785133,0,0.8650969978323315,0.8961013999081682,False,False,False,False,0.10391423824743194,0.11654348497267336,False,False,False,False,-4864348,-5541063.960986982,False,False,False,False,209397.6455399797,False,False,False,False
2024-05-14 00:00:00+00:00,160.77,163.72,159.9,161.75,115859,,,,,,,,,,,,,,,,,,,,,,,,194.57385752509586,"rgba(38, 166, 154, 0.75)",0.0,0.0,11.02128598634355,174.36368561363628,-1.2334028561168064,0.0,0.0,0.0,0.0,0.0,0.0,0.0,0.0,61.00779970545397,9.901730232763661,True,False,True,False,False,0.1142419369757448,0,0.8628173086895252,0.8991329658046486,False,False,False,False,0.09409292925969684,0.1053182071161851,False,False,False,False,-4980207,-5519069.570360042,False,False,False,False,205729.4633619413,False,False,False,False
2024-05-15 00:00:00+00:00,164.88,165.27,159.71,162.54,133253,,,,,,,,,,,,,,,,,,,,,,,,194.53047312993976,"rgba(38, 166, 154, 0.75)",0.0,0.0,11.051898386518303,174.3689454322169,-0.8585805895385373,0.0,0.0,0.0,0.0,0.0,0.0,0.0,0.0,61.33928361465309,9.901730232763661,True,False,True,False,False,1.8059378272377131,0,0.8746768727365711,0.8889488253926582,False,False,False,False,0.10293774824802211,0.1041279776821036,False,False,False,False,-4846954,-5492712.09701259,False,False,False,False,202887.24911245343,False,False,False,False
2024-05-16 00:00:00+00:00,171.03,172.3,167.555,168.23,256229,,,,,,,,,,,,,,,,,,,,,,,,194.46602455460692,"rgba(38, 166, 154, 0.75)",0.0,0.0,11.214134608921324,174.45066672184046,-0.30503171587749406,0.0,0.0,0.0,0.0,0.0,0.0,0.0,0.0,63.59488430135148,9.901730232763661,True,False,True,False,False,4.246436631138092,0,0.8972067438253614,0.8642971294997539,False,False,False,False,0.20104817537490813,0.15258807652850587,False,False,False,False,-4590725,-5457340.053992488,False,False,False,False,204979.08248059254,False,False,False,False
2024-05-17 00:00:00+00:00,172.85,176.0,169.76,171.0,275361,,,,,,,,,,,,,,,,,,,,,,,,194.40448272384415,"rgba(38, 166, 154, 1.0)",0.0,0.0,11.378860743492728,173.3643055691188,-0.04519833581871858,0.0,0.0,0.0,0.0,0.0,0.0,0.0,0.0,65.62692245236319,9.901730232763661,True,False,True,False,True,4.951730897633869,0,0.9075332878149781,0.8560398090914523,False,False,False,False,0.24097378462555769,0.19678093057703178,False,False,False,False,-4315364,-5412556.679326117,False,False,False,False,207739.15767743206,False,False,False,False
2024-05-20 00:00:00+00:00,174.32,175.66,171.81,172.83,127705,,,,,,,,,,,,,,,,,,,,,,,,194.3774592347651,"rgba(38, 166, 154, 1.0)",0.0,0.0,11.575612151617072,173.4346724276368,0.07648213854845837,0.0,0.0,0.0,0.0,0.0,0.0,0.0,0.0,67.40880693702735,10.662590128226363,True,False,True,False,True,5.522533416983247,0,0.9152221401035517,0.8649614190106317,False,False,False,False,0.2526723581388523,0.22472664435794204,False,False,False,False,-4187659,-5364521.476215289,False,True,False,False,204600.56325870924,False,True,False,False
2024-05-21 00:00:00+00:00,167.39,171.635,167.37,167.91,91683,,,,,,,,,,,,,,,,,,,,,,,,194.35324427404603,"rgba(38, 166, 154, 1.0)",0.0,0.0,11.584862370530102,173.41250710692412,-0.5198600479056498,0.0,0.0,0.0,0.0,0.0,0.0,0.0,0.0,64.34220873416697,10.662590128226363,True,False,True,False,True,2.485169128440404,0,0.8874148418115105,0.8746681847151494,False,False,False,False,0.1953555922383162,0.2100411182981291,False,False,False,False,-4279342,-5321965.418324493,False,False,False,False,200172.42352307358,False,False,False,False
2024-05-22 00:00:00+00:00,167.92,171.83,166.865,169.26,102681,,,,,,,,,,,,,,,,,,,,,,,,194.3262566004829,"rgba(38, 166, 154, 0.75)",0.0,0.0,11.552814035728456,173.4026702877471,-0.4745744431435752,0.0,0.0,0.0,0.0,0.0,0.0,0.0,0.0,62.50542398557589,10.662590128226363,True,False,True,False,False,2.6980057163642073,0,0.872293667645624,0.8809703126854634,False,False,False,False,0.19328259977645176,0.20166185903729045,False,False,False,False,-4176661,-5277051.51956667,False,False,False,False,196349.23044373738,False,False,False,False
2024-05-23 00:00:00+00:00,156.17,164.13,155.52,162.8,153928,,,,,,,,,,,,,,,,,,,,,,,,194.2696347370769,"rgba(38, 166, 154, 0.75)",0.0,0.0,11.549080604567234,173.23607886348822,-1.4777002124947702,0.0,0.0,0.0,0.0,0.0,0.0,0.0,0.0,56.05332087185856,12.980985270420277,True,False,True,False,False,0.0,0,0.8284455620764007,0.9469514433601285,False,False,False,False,0.12585483028504615,0.1637583446611683,False,False,False,False,-4330589,-5239935.342328762,False,False,False,False,194685.6527792771,False,False,False,False
2024-05-24 00:00:00+00:00,152.71,156.35,152.02,154.38,144597,,,,,,,,,,,,,,,,,,,,,,,,194.20930303372657,#000000,0.0,0.0,11.514727166967962,173.0552595622798,-1.7668902846993861,0.0,0.0,0.0,0.0,0.0,0.0,0.0,0.0,50.60871690705129,8.009517780893113,False,False,False,False,False,0.0,0,0.8494288224311678,0.9436228893415876,False,False,False,False,0.04217833305184385,0.10296833885650607,False,False,False,False,-4475186,-5209945.172041359,False,False,False,False,192721.39188597212,False,False,False,False
2024-05-28 00:00:00+00:00,153.11,154.39,151.45,152.78,119851,,,,,,,,,,,,,,,,,,,,,,,,194.15855824034045,"rgba(239, 83, 80, 0.5)",0.0,0.0,11.415085106996806,172.92532488696585,-1.7358893693065993,0.0,0.0,0.0,0.0,0.0,0.0,0.0,0.0,47.18004605923892,4.989558698402909,False,False,False,True,False,0.0,0,0.8406816039895891,0.9393577482931097,False,False,False,False,0.023532309692231735,0.0632503242743689,False,False,False,False,-4355335,-5176431.0476475805,False,False,False,False,189863.72945907124,False,False,False,False
2024-05-29 00:00:00+00:00,151.28,152.12,147.03,149.36,73381,,,,,,,,,,,,,,,,,,,,,,,,194.12541169123656,"rgba(239, 83, 80, 1.0)",0.0,0.0,11.378244662670243,172.83742423470548,-1.8946177441087289,0.0,0.0,0.0,0.0,0.0,0.0,0.0,0.0,44.24986446011149,2.370455607366381,False,True,False,True,False,0.0,0,0.8178633222406373,0.9411438450112748,False,False,False,False,-0.025728198352551395,0.01876106296090875,False,False,False,False,-4428716,-5147108.888916303,False,False,False,False,185295.7792842057,False,False,False,False
2024-05-30 00:00:00+00:00,154.25,155.87,151.28,151.28,208503,,,,,,,,,,,,,,,,,,,,,,,,194.03930942221888,"rgba(239, 83, 80, 1.0)",0.0,0.0,11.32315273321879,172.67735262354284,-1.6274047571117212,0.0,0.0,0.0,0.0,0.0,0.0,0.0,0.0,43.915583187233494,2.0544858726453725,False,True,False,True,False,0.0,0,0.841983180352125,0.9289763173977502,False,False,False,False,0.03318410944920732,0.025972586205058035,False,False,False,False,-4220213,-5110760.030527429,False,False,False,False,186205.8663710996,False,False,False,False
2024-05-31 00:00:00+00:00,148.85,155.055,146.94,150.0,287022,,,,,,,,,,,,,,,,,,,,,,,,193.91107106408379,"rgba(239, 83, 80, 1.0)",0.0,0.0,11.228450820117626,172.4262603500613,-2.099689505503337,0.0,0.0,0.0,0.0,0.0,0.0,0.0,0.0,41.729213101121864,-0.1630509904982631,False,True,False,True,False,0.0,0,0.8258956208257633,0.9298341474223555,False,False,False,False,-0.0047782180316726704,0.010597184086692683,False,False,False,False,-4507235,-5087092.382271451,False,False,False,False,190159.4402388996,False,False,False,False
2024-06-03 00:00:00+00:00,146.24,150.94,144.66,148.5,271393,,,,,,,,,,,,,,,,,,,,,,,,193.78221018761008,"rgba(239, 83, 80, 1.0)",0.0,0.0,11.223761749957104,169.73482791336295,-2.093311354675961,0.0,0.0,0.0,0.0,0.0,0.0,0.0,0.0,39.43078029853497,-2.5168062077079156,False,True,False,True,False,0.0,0,0.8385913690977667,0.9417989398899338,False,False,False,False,-0.051903497101675224,-0.02065315650749127,False,False,False,False,-4778628,-5074995.739829433,False,False,False,False,193345.07003345256,False,False,False,False
2024-06-04 00:00:00+00:00,155.09,155.38,148.03,148.99,175084,,,,,,,,,,,,,,,,,,,,,,,,193.7093379763365,"rgba(239, 83, 80, 1.0)",0.0,0.0,11.15769388811511,169.75761925864236,-1.3145744457343407,0.0,0.0,0.0,0.0,0.0,0.0,0.0,0.0,42.26881006392626,-2.5168062077079156,False,True,False,True,False,0.0,0,0.8698997521952095,0.9034577895637783,False,False,False,False,0.005638835215430563,-0.007507160646030353,False,False,False,False,-4603544,-5056507.43630671,False,False,False,False,192628.94963998382,False,False,False,False
2024-06-05 00:00:00+00:00,159.03,159.18,156.8,157.27,101640,,,,,,,,,,,,,,,,,,,,,,,,193.67283253737696,"rgba(239, 83, 80, 0.5)",0.0,0.0,11.116444353436197,169.82408837226845,-0.9710018805547201,0.0,0.0,0.0,0.0,0.0,0.0,0.0,0.0,45.7171165877474,-2.5168062077079156,False,False,False,True,True,0.0,0,0.8954320989001836,0.8848992686686687,False,False,False,False,0.09849395886388314,0.04549339910892639,False,False,False,False,-4501904,-5034758.281941741,False,False,False,False,189060.75553645505,False,False,False,False
2024-06-06 00:00:00+00:00,157.6,159.91,156.5,157.81,84336,,,,,,,,,,,,,,,,,,,,,,,,193.64231402688895,"rgba(239, 83, 80, 0.5)",0.0,0.0,11.068879160685347,169.85525681325404,-1.1071813717853658,0.0,0.0,0.0,0.0,0.0,0.0,0.0,0.0,47.409700404436336,-2.5168062077079156,False,False,False,True,True,0.0,0,0.8955819391017623,0.8830894683723153,False,False,False,False,0.1016913590957379,0.07359237910233214,False,False,False,False,-4586240,-5017169.329708732,False,False,False,False,184953.9023781627,False,False,False,False
2024-06-07 00:00:00+00:00,156.36,159.37,156.09,157.6,79617,,,,,,,,,,,,,,,,,,,,,,,,193.61296189733784,#000000,0.0,0.0,11.045543795110778,169.8673790334861,-1.22288040172952,0.0,0.0,0.0,0.0,0.0,0.0,0.0,0.0,47.99759937429478,-9.815834481535369,False,False,False,False,True,0.0,0,0.8885549232456502,0.884962391480922,False,False,False,False,0.09463000898829196,0.08411119404531206,False,False,False,False,-4665857,-5003392.375602507,False,False,False,False,180823.043461372,False,False,False,False
2024-06-10 00:00:00+00:00,156.07,157.845,154.58,155.14,78315,,,,,,,,,,,,,,,,,,,,,,,,193.5832567862801,#000000,0.0,0.0,11.039542486275723,169.8634275627219,-1.2494564498365583,0.0,0.0,0.0,0.0,0.0,0.0,0.0,0.0,48.25602156021351,-9.216655001625185,False,False,False,False,True,0.0,0,0.8760798401133368,0.8962692021549373,False,False,False,False,0.07213029983077983,0.07812074693804594,False,False,False,False,-4744172,-4993226.870676918,False,False,False,False,176803.120188377,False,False,False,False
2024-06-11 00:00:00+00:00,158.59,158.69,151.685,155.02,151711,,,,,,,,,,,,,,,,,,,,,,,,193.52608659430808,#000000,0.0,0.0,11.038431681265346,169.85059973090443,-1.0201267767065274,0.0,0.0,0.0,0.0,0.0,0.0,0.0,0.0,49.661745606619434,-7.483863267096844,False,False,False,False,True,0.0,0,0.8741889375821679,0.900478953653732,False,False,False,False,0.056975333203568505,0.06754804007080722,False,False,False,False,-4592461,-4977510.562022922,False,False,False,False,175819.11547510733,False,False,False,False
2024-06-12 00:00:00+00:00,168.11,169.17,156.5,157.75,401710,,,,,,,,,,,,,,,,,,,,,,,,193.40902004635873,"rgba(38, 166, 154, 1.0)",0.0,0.0,11.105541077795857,168.68824832645336,-0.052068451451634676,0.0,0.0,0.0,0.0,0.0,0.0,0.0,0.0,54.25640912295542,-2.8464689027672776,True,False,True,False,True,3.32653538398273,0,0.9010666457471723,0.865055060985415,False,False,False,False,0.1711648039352366,0.1193564220030219,False,False,False,False,-4190751,-4946657.24586516,False,False,False,False,184677.58153490705,False,False,False,False
2024-06-13 00:00:00+00:00,166.38,168.8,163.43,167.0,314022,,,,,,,,,,,,,,,,,,,,,,,,193.32324149736937,"rgba(38, 166, 154, 1.0)",0.0,0.0,10.845120997085367,168.8774544700763,-0.23028368892772008,0.0,0.0,0.0,0.0,0.0,0.0,0.0,0.0,56.386569444144115,-0.6668455743009147,True,False,True,False,True,2.5867737606564276,0,0.9329133664020585,0.8560590655588939,False,False,False,False,0.22135174364119384,0.17035408282210787,False,False,False,False,-4504773,-4929328.451909663,False,False,False,False,189749.91167079305,False,False,False,False
2024-06-14 00:00:00+00:00,162.58,163.99,160.64,163.87,174057,,,,,,,,,,,,,,,,,,,,,,,,193.2692990940848,"rgba(38, 166, 154, 1.0)",0.0,0.0,10.572638768183795,168.86935335723183,-0.5948707314354054,0.0,0.0,0.0,0.0,0.0,0.0,0.0,0.0,55.85948679116922,-0.6668455743009147,True,False,True,False,True,0.9784092009327132,0,0.9204027844665297,0.8624718707587234,False,False,False,False,0.1632923729095474,0.16682322786582765,False,False,False,False,-4678830,-4919504.983207324,False,False,False,False,189134.50336997764,False,False,False,False
2024-06-17 00:00:00+00:00,159.38,165.295,158.11,165.295,97166,,,,,,,,,,,,,,,,,,,,,,,,193.2378328318635,"rgba(38, 166, 154, 1.0)",0.0,0.0,10.526752212535667,168.84991487466937,-0.8996046153145152,0.0,0.0,0.0,0.0,0.0,0.0,0.0,0.0,54.011640733304006,-0.6668455743009147,True,False,True,False,True,0.0,0,0.9171796267966572,0.8533945255442912,False,False,False,False,0.1540451459126477,0.16043418688923766,False,False,False,False,-4775996,-4913877.179944292,False,False,False,False,185527.8953946844,False,False,False,False
2024-06-18 00:00:00+00:00,154.7,159.47,152.71,158.39,170761,,,,,,,,,,,,,,,,,,,,,,,,193.1736318931529,#000000,0.0,0.0,10.484685817165198,168.72188025377787,-1.3373677092757226,0.0,0.0,0.0,0.0,0.0,0.0,0.0,0.0,50.826871852168836,-0.6668455743009147,False,False,False,False,False,0.0,0,0.8980997807111105,0.8754029540005293,False,False,False,False,0.07031749151081161,0.11537583920002464,False,False,False,False,-4946757,-4915166.584652359,False,False,False,False,184948.80145763795,False,False,False,False
2024-06-20 00:00:00+00:00,155.54,156.0,152.0,153.62,129240,,,,,,,,,,,,,,,,,,,,,,,,193.12375064244134,#000000,0.0,0.0,10.402429549894624,168.6235776511761,-1.257742490676964,0.0,0.0,0.0,0.0,0.0,0.0,0.0,0.0,49.11974686989397,5.716524109095495,False,False,False,False,False,0.0,0,0.8908064419257139,0.9035736042351289,False,False,False,False,0.03944992280037647,0.07741288100020055,False,False,False,False,-4817517,-4911337.189175796,False,False,False,False,182764.14257694627,False,False,False,False
2024-06-21 00:00:00+00:00,156.11,158.57,150.88,153.45,217941,,,,,,,,,,,,,,,,,,,,,,,,193.04138726150308,#000000,0.0,0.0,10.392146189040774,168.49327246727046,-1.1915991405441784,0.0,0.0,0.0,0.0,0.0,0.0,0.0,0.0,48.280231379638295,4.716524509275565,False,False,False,False,False,0.0,0,0.9077666009709319,0.8907369013796105,False,False,False,False,0.05014608134583257,0.06377948117301656,False,False,False,False,-4599576,-4899111.26018851,False,False,False,False,184143.6271817719,False,False,False,False
2024-06-24 00:00:00+00:00,159.15,162.39,155.34,156.31,139936,,,,,,,,,,,,,,,,,,,,,,,,192.9939441659267,#000000,0.0,0.0,10.390733038677366,168.46687722485225,-0.8966525451257471,0.0,0.0,0.0,0.0,0.0,0.0,0.0,0.0,49.29124005986818,4.716524509275565,False,False,False,False,False,0.0,0,0.9353926551044744,0.8746784599903603,False,False,False,False,0.11151987798411479,0.08764967957856568,False,False,False,False,-4459640,-4881877.093122294,False,False,False,False,182409.99474327103,False,False,False,False
2024-06-25 00:00:00+00:00,150.99,155.95,150.93,155.95,332871,,,,,,,,,,,,,,,,,,,,,,,,192.86070501274745,"rgba(239, 83, 80, 0.5)",0.0,0.0,10.386346715283018,168.23587276986137,-1.6604368448903095,0.0,0.0,0.0,0.0,0.0,0.0,0.0,0.0,46.42985746577214,2.582509065943512,False,False,False,True,False,0.0,0,0.9278090478474134,0.8790613931026361,False,False,False,False,0.031194360615970338,0.059422020097268005,False,False,False,False,-4792511,-4878372.540450832,False,False,False,False,188310.42632196628,False,False,False,False
2024-06-26 00:00:00+00:00,146.44,150.68,146.0,150.22,233169,,,,,,,,,,,,,,,,,,,,,,,,192.7565560087187,"rgba(239, 83, 80, 1.0)",0.0,0.0,10.444102595580302,168.00563471300518,-2.0648623963279764,0.0,0.0,0.0,0.0,0.0,0.0,0.0,0.0,42.99557041439606,-0.7904242716019354,False,True,False,True,False,0.0,0,0.9208899293479635,0.8815976286515483,False,False,False,False,-0.04393443278472,0.007743793656274003,False,False,False,False,-5025680,-4884149.3035704065,False,False,False,False,190069.58607404603,False,False,False,False
2024-06-27 00:00:00+00:00,145.58,148.0,141.31,142.27,276015,,,,,,,,,,,,,,,,,,,,,,,144.9633333333333,192.62641848219346,"rgba(239, 83, 80, 1.0)",0.0,0.0,10.466221648884744,165.60265805225265,-1.9130741469044088,1.0,148.0,141.31,0.0,0.0,0.0,0.0,0.0,40.43077980200651,-3.2714868459655975,False,True,False,True,False,0.0,0,0.9203151792958654,0.8772038711512242,False,False,True,False,-0.09847983680427815,-0.04536802157400207,False,False,False,False,-5301695,-4900523.644606861,False,False,False,False,193439.99446329914,False,False,False,False
2024-06-28 00:00:00+00:00,142.67,145.0,141.84,144.69,318147,,,,,,,,,,,,,,,,,,,,,,,144.00308407471363,192.47168185898573,"rgba(239, 83, 80, 1.0)",0.0,0.0,10.533537345497429,165.21448348235486,-2.1402576117501058,0.0,0.0,0.0,0.0,0.0,0.0,0.0,0.0,37.79827282804804,-5.801410805465871,False,True,False,True,False,0.0,0,0.9284286414984595,0.8745028746541282,False,False,False,False,-0.11687564782007044,-0.08112183469703625,False,False,False,False,-5619842,-4928732.207563454,False,False,False,False,198330.46526865996,False,False,True,False
2024-07-01 00:00:00+00:00,144.89,148.94,143.4,144.3,153790,,,,,,,,,,,,,,,,,,,,,,,144.36090507590504,192.4011159707299,"rgba(239, 83, 80, 1.0)",0.0,0.0,10.31492901810907,165.10620055663472,-1.9598972054139023,0.0,0.0,0.0,0.0,0.0,0.0,0.0,0.0,37.43166298151792,-6.24401819270269,False,True,False,True,False,0.0,0,0.9311810162404965,0.8650050852201886,False,False,False,False,-0.07600243175540444,-0.07856213322622035,False,False,False,False,-5466052,-4949803.571972731,False,False,False,False,196583.7803561635,False,False,False,False
2024-07-02 00:00:00+00:00,143.93,145.69,142.8,143.04,243959,,,,,,,,,,,,,,,,,,,,,,,144.3065738088733,192.28578090620388,"rgba(239, 83, 80, 1.0)",0.0,0.0,10.267324230140325,164.8898089921167,-2.0414090879284763,0.0,0.0,0.0,0.0,0.0,0.0,0.0,0.0,36.83826744045638,-7.016415698215951,False,True,False,True,False,0.0,0,0.9435437112333439,0.8614147426144818,False,False,False,False,-0.1318678182183737,-0.10521497572229703,False,False,False,False,-5710011,-4979615.6279738005,False,False,False,False,198441.6321069022,False,False,False,False
2024-07-03 00:00:00+00:00,147.98,148.35,145.27,146.74,91322,,,,,,,,,,,,,,,,,,,,,,,144.55050421592892,192.24548380293936,"rgba(239, 83, 80, 1.0)",0.0,0.0,10.140758404034123,164.84278022874085,-1.6628717061272882,0.0,0.0,0.0,0.0,0.0,0.0,0.0,0.0,38.950409394144195,-7.016415698215951,False,True,False,True,False,0.0,0,0.9389627061000615,0.8574062651084474,False,False,False,False,-0.1754046166512515,-0.14030979618677428,False,False,False,False,-5618689,-5004677.3288375735,False,False,False,False,194240.86222035703,False,False,False,False
2024-07-05 00:00:00+00:00,147.04,149.0,145.53,149.0,88432,,,,,,,,,,,,,,,,,,,,,,,144.74972147613298,192.20652189622754,"rgba(239, 83, 80, 0.75)",0.0,0.0,10.042767597081424,164.79652951999168,-1.7680912505783761,0.0,0.0,0.0,0.0,0.0,0.0,0.0,0.0,39.9413802517692,-7.016415698215951,False,True,False,True,True,0.0,0,0.934865887266565,0.8845415176049708,False,False,False,False,-0.2514582685771644,-0.19588403238196933,False,False,False,False,-5707121,-5032224.139471395,False,False,False,False,190091.49507446066,False,False,False,False
2024-07-08 00:00:00+00:00,144.35,148.99,142.0,142.11,334757,,,,,,,,,,,,,,,,,,,,,,,144.83052327966533,192.05286519031858,"rgba(239, 83, 80, 0.75)",0.0,0.0,9.973293659287986,164.55728942173022,-2.02614002074545,0.0,0.0,0.0,0.0,0.0,0.0,0.0,0.0,39.43363394803732,-7.016415698215951,False,True,False,True,True,0.0,0,0.9079505935963547,0.9077450191012968,False,False,False,False,-0.29292455331027245,-0.2444042928461209,False,False,False,False,-6041878,-5071818.408511733,False,False,False,False,195764.65213036418,False,False,False,False
2024-07-09 00:00:00+00:00,144.53,146.2,143.0,144.38,637097,,,,,,,,,,,,,,,,,,,,,,,144.75507198365557,191.75987251686533,"rgba(239, 83, 80, 0.75)",0.0,0.0,9.859023740568665,164.11628516823734,-1.9866353590003232,0.0,0.0,0.0,0.0,0.0,0.0,0.0,0.0,39.220691594316676,-7.016415698215951,False,True,False,True,True,0.0,0,0.9014998865045135,0.9459202737860348,False,False,False,False,-0.31426236472945623,-0.27933332878778855,False,False,False,False,-5404781,-5084875.7650406845,False,False,False,False,213071.80302721262,False,False,False,False
2024-07-10 00:00:00+00:00,146.04,147.9,143.2901,143.71,187543,,,,,,,,,,,,,,,,,,,,,,,144.83458413294028,191.6764272886892,"rgba(239, 83, 80, 0.75)",0.0,0.0,9.824542348646055,164.01229526110893,-1.8293264585078355,0.0,0.0,0.0,0.0,0.0,0.0,0.0,0.0,40.168717999269425,-7.016415698215951,False,True,False,True,True,0.0,0,0.8936489076314772,0.9530616733829168,False,False,False,False,-0.29055561006406816,-0.2849444694259283,False,False,False,False,-5217238,-5090066.440921442,False,False,False,False,212070.6734967337,False,False,False,False
2024-07-11 00:00:00+00:00,150.5,152.67,147.14,148.01,250875,,,,,,,,,,,,,,,,,,,,,,,145.34652437611763,191.57582577129492,"rgba(239, 83, 80, 0.75)",0.0,0.0,9.828848603211073,163.9532397704483,-1.3687503301305455,0.0,0.0,0.0,0.0,0.0,0.0,0.0,0.0,43.65709750306867,-11.340092278810317,False,True,False,True,True,0.0,0,0.8957036673476834,0.9448191528781359,False,False,False,False,-0.19110545104696158,-0.23802496023644495,False,False,False,False,-4966363,-5085215.325591189,False,False,False,False,213592.41179097944,False,False,False,False
2024-07-12 00:00:00+00:00,152.17,158.99,151.92,154.69,378036,,,,,,,,,,,,,,,,,,,,,,,146.49768969787903,191.44061388431479,#000000,0.0,0.0,9.829458115625002,163.9645598229398,-1.1999196379087338,0.0,0.0,0.0,0.0,0.0,0.0,0.0,0.0,46.92759506946412,-8.173400966272169,False,True,False,False,True,0.0,0,0.9177551053596199,0.9141220746750425,False,False,False,False,-0.0680862133898972,-0.15305558681317108,False,False,False,False,-4588327,-5065729.508901338,False,False,False,False,220041.17995603906,False,False,False,False
2024-07-15 00:00:00+00:00,147.76,151.2225,146.21,150.19,287598,,,,,,,,,,,,,,,,,,,,,,,146.66593286893496,191.32197013595638,#000000,0.0,0.0,9.84990904059969,163.85644689533677,-1.6341721359039867,0.0,0.0,0.0,0.0,0.0,0.0,0.0,0.0,46.56004856571323,-8.173400966272169,False,True,False,False,True,0.0,0,0.8876986127303883,0.9436817949254515,False,False,False,False,-0.21808619467268153,-0.18557089074292632,False,False,False,False,-4875925,-5058286.194826776,False,False,False,False,222690.46701658657,False,False,False,False
2024-07-16 00:00:00+00:00,152.92,154.97,146.87,150.5,422954,,,,,,,,,,,,,,,,,,,,,,,147.2329482257806,191.16154660982042,#000000,0.0,0.0,9.847513139214712,163.7805346056279,-1.102870791040548,0.0,0.0,0.0,0.0,0.0,0.0,0.0,0.0,49.12131240856782,-5.986464975207603,False,False,False,False,True,0.0,0,0.8823160166690204,0.9553778342161566,False,False,False,False,-0.16828531697784158,-0.17692810386038393,False,False,False,False,-4452971,-5034548.344049255,False,False,False,False,230543.93889828905,False,False,False,False
2024-07-17 00:00:00+00:00,153.64,156.77,150.3146,151.28,304369,,,,,,,,,,,,,,,,,,,,,,,147.71856705585105,191.0526604148945,#000000,0.0,0.0,9.8405060424325,163.7577178251062,-1.0281704804080571,0.0,0.0,0.0,0.0,0.0,0.0,0.0,0.0,51.18414335210924,-3.9854310793305814,False,False,False,False,True,0.0,0,0.8937898484751168,0.942643344062112,False,False,False,False,-0.11006567404372468,-0.1434968889520543,False,False,False,False,-4148602,-4999805.350164971,False,False,False,False,233439.03933365026,False,False,False,False
2024-07-18 00:00:00+00:00,152.03,155.01,148.81,150.74,240127,,,,,,,,,,,,,,,,,,,,,,,147.95962903361573,190.96349543906308,"rgba(38, 166, 154, 0.5)",0.0,0.0,9.81538495800614,163.71579768425852,-1.1905592836403969,0.0,0.0,0.0,0.0,0.0,0.0,0.0,0.0,51.56014472693791,-3.5400784790756887,False,False,True,False,True,0.0,0,0.8808087954181621,0.9575403925281852,False,False,False,False,-0.1461934932170906,-0.14484519108457244,False,False,False,False,-4388729,-4975841.57172713,False,False,False,False,233701.3123009581,False,False,False,False
2024-07-19 00:00:00+00:00,154.74,155.77,152.81,153.53,119067,,,,,,,,,,,,,,,,,,,,,,,148.137659182024,190.9222458172328,"rgba(38, 166, 154, 1.0)",0.0,0.0,9.81731416454545,163.71071662936694,-0.9137648524852199,0.0,0.0,0.0,0.0,0.0,0.0,0.0,0.0,53.2604911724363,-1.7915941306557954,True,False,True,False,True,0.0,0,0.9033989794212787,0.9499322428219263,False,False,False,False,-0.09361741874121458,-0.11923130491289352,False,False,False,False,-4269662,-4948148.255188811,False,False,False,False,229205.84907346952,False,False,False,False
2024-07-22 00:00:00+00:00,160.93,161.24,155.3,156.12,127735,,,,,,,,,,,,,,,,,,,,,,,148.45311609751593,190.88380460853128,"rgba(38, 166, 154, 1.0)",0.0,0.0,9.858214587176839,163.73662312959073,-0.28469892846940653,0.0,0.0,0.0,0.0,0.0,0.0,0.0,0.0,57.0871653069578,1.8899552947702816,True,False,True,False,True,2.0077251177853803,0,0.901507509956556,0.945775902800985,False,False,False,False,-0.006694806677370361,-0.06296305579513194,False,False,False,False,-4141927,-4916531.735377485,False,False,False,False,225226.6000901962,False,False,False,False
2024-07-23 00:00:00+00:00,157.53,158.03,153.77,155.0,263471,,,,,,,,,,,,,,,,,,,,,,,148.89863134489272,190.79805156256376,"rgba(38, 166, 154, 1.0)",0.0,0.0,9.861627102922546,163.74853064847366,-0.6305785631085935,0.0,0.0,0.0,0.0,0.0,0.0,0.0,0.0,57.45363674188212,2.2694733402509684,True,False,True,False,True,0.44691322059063765,0,0.8769230717215355,0.9544325444441178,False,False,False,False,-0.05835908785744447,-0.0606610718262882,False,False,False,False,-4405398,-4896487.275166603,False,False,False,False,226726.380478816,False,False,False,False
2024-07-24 00:00:00+00:00,163.56,163.93,154.43,157.0,296360,,,,,,,,,,,,,,,,,,,,,,,149.59156479164702,190.7138236795818,"rgba(38, 166, 154, 1.0)",0.0,0.0,9.924731779795378,163.81992864337798,-0.02618999174437481,0.0,0.0,0.0,0.0,0.0,0.0,0.0,0.0,59.99662609656309,4.753611600529084,True,False,True,False,True,3.0847597685078476,0,0.9033952524322961,0.9324077555275792,False,False,False,False,0.0131180199555683,-0.02377152593535995,False,False,False,False,-4109038,-4865606.91143458,False,False,False,False,229457.11065611735,False,False,False,False
2024-07-25 00:00:00+00:00,163.27,164.61,158.35,160.92,257969,,,,,,,,,,,,,,,,,,,,,,,150.2016025245679,190.64437309367057,"rgba(38, 166, 154, 1.0)",0.0,0.0,9.978875413717823,163.89411163350852,-0.06254328344961073,0.0,0.0,0.0,0.0,0.0,0.0,0.0,0.0,61.504311444815066,6.240426979092362,True,False,True,False,True,2.949411921696285,0,0.9175453130783758,0.9237479143129761,False,False,False,False,0.06327580149200619,0.01975213777832312,False,False,False,False,-4367007,-4846053.973731263,False,False,False,False,230575.22396372058,False,False,False,False
2024-07-26 00:00:00+00:00,162.54,165.5,161.7,163.82,101487,,,,,,,,,,,,,,,,,,,,,,,150.44763065344637,190.61825815816607,"rgba(38, 166, 154, 1.0)",0.0,0.0,10.031490996037586,163.9274025146384,-0.13830471613705583,0.0,0.0,0.0,0.0,0.0,0.0,0.0,0.0,62.00640526442249,6.832405625496534,True,False,True,False,True,2.603896539151254,0,0.9322075445278272,0.919285984880611,False,False,False,False,0.10978582048042812,0.06476897912937563,False,False,False,False,-4468494,-4831247.700251605,False,False,False,False,225512.94067102566,False,False,False,False
2024-07-29 00:00:00+00:00,160.94,161.98,159.0,159.72,120521,,,,,,,,,,,,,,,,,,,,,,,150.670908904208,190.5843626510886,"rgba(38, 166, 154, 1.0)",0.0,0.0,10.054220928866945,163.9506730047254,-0.2994436889765736,0.0,0.0,0.0,0.0,0.0,0.0,0.0,0.0,61.219942492651334,6.832405625496534,True,False,True,False,True,1.842124627343317,0,0.9214690716557676,0.9338418157227942,False,False,False,False,0.04166188947985966,0.05321543430461764,False,False,False,False,-4589015,-4821748.378673111,False,False,False,False,221395.6096643188,False,False,False,False
2024-07-30 00:00:00+00:00,156.98,161.51,156.71,161.51,156361,,,,,,,,,,,,,,,,,,,,,,,150.8845056029713,190.53722045988826,"rgba(38, 166, 154, 0.75)",0.0,0.0,10.018707686707472,163.96293429490956,-0.6969895233268779,0.0,0.0,0.0,0.0,0.0,0.0,0.0,0.0,58.17277855955647,6.832405625496534,True,False,True,False,False,0.0,0,0.895573040092183,0.952190778808075,False,False,False,False,0.011593788966706596,0.03240461163566212,False,False,False,False,-4745376,-4818753.383431029,False,False,False,False,218845.23281473765,False,False,False,False
2024-07-31 00:00:00+00:00,166.58,168.98,162.9,163.49,291687,,,,,,,,,,,,,,,,,,,,,,,151.63307011446616,190.4707740757644,"rgba(38, 166, 154, 0.75)",0.0,0.0,10.00892349603739,164.08684982786548,0.24909273940615007,0.0,0.0,0.0,0.0,0.0,0.0,0.0,0.0,60.179896275160914,6.832405625496534,True,False,True,False,False,4.218904877360995,0,0.8911542602350119,0.9302058484268191,False,False,False,False,0.1616863134058691,0.0970454625207656,False,False,False,False,-4453689,-4804437.1331004,False,False,False,False,221701.7727043558,False,False,False,False
2024-08-01 00:00:00+00:00,162.29,167.75,161.46,164.85,326455,,,,,,,,,,,,,,,,,,,,,,,152.2676704797731,190.38978160366202,"rgba(38, 166, 154, 0.75)",0.0,0.0,9.872209136014346,164.18191466446913,-0.1916404563966676,0.0,0.0,0.0,0.0,0.0,0.0,0.0,0.0,59.1526219656226,6.832405625496534,True,False,True,False,False,2.2304632335161614,0,0.8805553081106028,0.9336911442135846,False,False,False,False,0.20906573031786274,0.15305559641931415,False,False,False,False,-4780144,-4803484.461214109,False,False,False,False,225809.7424022242,False,False,False,False
2024-08-02 00:00:00+00:00,163.23,164.94,155.75,160.03,177981,,,,,,,,,,,,,,,,,,,,,,,152.51693309445218,190.34165069423034,"rgba(38, 166, 154, 0.75)",0.0,0.0,9.618573076918222,164.21075532548278,-0.10196474234170107,0.0,0.0,0.0,0.0,0.0,0.0,0.0,0.0,58.83889821678202,6.832405625496534,True,False,True,False,False,2.6365768994247354,0,0.8849035258400517,0.9389725194421594,False,False,False,False,0.10117984681573061,0.12711772161752238,False,False,False,False,-4602163,-4795589.501950812,False,False,False,False,223934.1054452742,False,False,False,False
2024-08-05 00:00:00+00:00,165.66,167.995,158.84,161.01,302192,,,,,,,,,,,,,,,,,,,,,,,153.03792076335492,190.2683027528924,"rgba(38, 166, 154, 0.75)",0.0,0.0,9.301437935913777,164.29344080885545,0.14691913234921722,0.0,0.0,0.0,0.0,1.0,166.55,164.94,0.0,59.58705485359736,6.832405625496534,True,False,True,False,False,3.6864156604695175,0,0.8980284261756708,0.9305891544286293,False,False,False,False,0.2570702497454376,0.19209398568147998,False,False,False,False,-4299971,-4776153.482266466,False,False,False,False,227003.042486636,False,False,False,False
2024-08-06 00:00:00+00:00,171.32,175.61,166.55,167.0,285213,,,,,,,,,,,,,,,,,,,,,,,153.7719458865274,190.21790220019756,"rgba(38, 166, 154, 1.0)",0.0,0.0,9.059491519648057,164.45029329112347,0.7582883315225395,0.0,0.0,0.0,0.0,1.0,170.36,167.995,0.0,62.02802394952285,7.316560747491934,True,False,True,False,True,6.06345884465291,0,0.9507057585602606,0.8897551365134944,False,False,False,False,0.342828251737673,0.2674611187095765,False,False,False,False,-4014758,-4746294.8359030755,False,False,False,False,229285.78591853264,False,False,False,False
2024-08-07 00:00:00+00:00,176.73,182.28,170.36,180.0,682887,,,,,,,,,,,,,,,,,,,,,,,155.7774203416392,190.13154151604277,"rgba(38, 166, 154, 1.0)",0.0,0.0,8.826348345555928,164.93971600285866,1.335805424343777,0.0,0.0,0.0,0.0,0.0,0.0,0.0,0.0,65.15550155709407,10.345757761855054,True,False,True,False,True,8.23403338915411,0,0.9750388153150997,0.8466466512745957,False,False,False,False,0.3428282521641549,0.3051446854368657,False,False,False,False,-3331871,-4690827.234495112,False,False,False,False,247074.06882368823,False,False,False,False
2024-08-08 00:00:00+00:00,183.03,185.66,176.98,178.8,607835,,,,,,,,,,,,,,,,,,,,,,,157.6823265909584,190.08576056956994,"rgba(38, 166, 154, 1.0)",0.0,0.0,8.820753298711955,165.460171300927,1.9918739481852008,0.0,0.0,0.0,0.0,0.0,0.0,0.0,0.0,68.65444069795689,13.618472223341428,True,False,True,False,True,10.64197062501907,0,0.997070982903552,0.8321292509205814,False,False,False,False,0.3428282524611522,0.32398646894900895,False,False,False,False,-2724036,-4613698.166475696,False,False,False,False,261221.5563207985,False,False,False,False
2024-08-09 00:00:00+00:00,182.76,184.645,178.9241,180.49,317453,,,,,,,,,,,,,,,,,,,,,,,158.57883715818886,190.06268776632692,"rgba(38, 166, 154, 1.0)",0.0,0.0,9.031527511399746,165.71715222960927,1.8870393462101458,0.0,0.0,0.0,0.0,0.0,0.0,0.0,0.0,70.81190512384168,15.578935488463728,True,False,True,False,True,10.507108691366977,0,1.019947657466278,0.8311172380664377,False,False,False,False,0.34282825248481563,0.3334073607169123,False,False,False,False,-3041489,-4552042.9050452765,False,False,False,False,263426.71097488486,False,False,False,False
2024-08-12 00:00:00+00:00,190.03,190.72,183.405,185.0,453770,,,,,,,,,,,,,,,,,,,,,,,160.04793555600352,190.05440657505392,"rgba(38, 166, 154, 1.0)",0.0,0.0,9.61594757784179,166.16485013412174,2.481830279614999,0.0,0.0,0.0,0.0,0.0,0.0,0.0,0.0,73.66490223618553,18.20273674745434,True,False,True,False,True,13.181740910215542,0,1.0184657096620844,0.8237252117668213,False,False,False,False,0.34282825271829215,0.3381178067176022,False,False,False,False,-2587719,-4475010.595043501,False,False,False,False,270891.15368175216,False,False,False,False
2024-08-13 00:00:00+00:00,187.2,191.5,186.035,188.13,319582,,,,,,,,,,,,,,,,,,,,,,,161.00423708449438,190.04917417212488,"rgba(38, 166, 154, 1.0)",0.0,0.0,10.094092777906829,166.46721630868092,2.053952162664622,0.0,0.0,0.0,0.0,0.0,0.0,0.0,0.0,73.76549946140996,18.28751390265731,True,False,True,False,True,11.752646547726616,0,1.0402540873380988,0.8173238939943106,False,False,False,False,0.3428282527821007,0.3404730297498515,False,False,False,False,-2907301,-4413531.787394736,False,False,False,False,272800.5986354089,False,False,False,False
2024-08-14 00:00:00+00:00,186.7,190.92,185.0,185.66,307232,,,,,,,,,,,,,,,,,,,,,,,161.84209954579242,190.04221793646232,"rgba(38, 166, 154, 1.0)",0.0,0.0,10.56235863469471,166.73928519879485,1.889797107971621,0.0,0.0,0.0,0.0,0.0,0.0,0.0,0.0,73.5105668771198,18.28751390265731,True,False,True,False,True,11.499917347468394,0,1.0441682111944388,0.8061337952621221,False,False,False,False,0.3296958089776427,0.3350844193637471,False,False,False,False,-3214533,-4366512.227104747,False,False,False,False,274150.84966931446,False,False,False,False
2024-08-15 00:00:00+00:00,190.89,192.48,187.45,190.0,277976,,,,,,,,,,,,,,,,,,,,,,,162.63176773903143,190.0427961992177,"rgba(38, 166, 154, 1.0)",0.0,0.0,11.157767743101267,167.00354422656622,2.1407916281643806,0.0,0.0,0.0,0.0,0.0,0.0,0.0,0.0,74.30763718883685,19.11528824256135,True,False,True,False,True,13.043318366078989,0,1.0450111361931929,0.8163988453030138,False,False,False,False,0.34282825282412177,0.33895633609393444,False,False,False,False,-2936557,-4310435.5515320115,False,False,False,False,274300.8555646355,False,False,False,False
2024-08-16 00:00:00+00:00,194.655,197.99,194.07,194.23,376468,,,,,,,,,,,,,,,,,,,,,,,163.82590819607483,190.06146792116186,"rgba(38, 166, 154, 1.0)",0.0,0.0,11.82859932345911,167.41651259073603,2.302765244169117,0.0,0.0,0.0,0.0,0.0,0.0,0.0,0.0,75.61023673100442,20.568639799665362,True,False,True,False,True,14.393975664599484,0,1.0333275052328459,0.8092826707550481,False,False,False,False,0.34282825300756725,0.3408922945507509,False,False,False,False,-2560089,-4241794.510295462,False,False,False,False,278307.41024837526,False,False,False,False
2024-08-19 00:00:00+00:00,192.5,193.3,189.98,192.74,266328,,,,,,,,,,,,,,,,,,,,,,,164.52856362434719,190.06591347107286,"rgba(38, 166, 154, 1.0)",0.0,0.0,12.379544171773189,167.66576311023755,2.006070380716232,0.0,0.0,0.0,0.0,0.0,0.0,0.0,0.0,74.99245932557878,20.568639799665362,True,False,True,False,True,13.270078050014373,0,1.0220253600755134,0.8226272884527303,False,False,False,False,0.28218573483956805,0.31153901469515943,False,False,False,False,-2826417,-4186289.5098917186,False,False,False,False,277837.62945432134,False,False,False,False
2024-08-20 00:00:00+00:00,194.21,195.98,192.845,194.19,281077,,,,,,,,,,,,,,,,,,,,,,,165.29517690285613,190.0766501228797,"rgba(38, 166, 154, 1.0)",0.0,0.0,12.95861476407052,167.94379502003844,2.02692999662187,0.0,0.0,0.0,0.0,0.0,0.0,0.0,0.0,74.9952241723086,20.568639799665362,True,False,True,False,True,13.89214665700462,0,1.0310858412084127,0.8116964522964344,False,False,False,False,0.32022265052506094,0.3158808326101102,False,False,False,False,-2545340,-4121938.5487194946,False,False,False,False,277964.66359336756,False,False,False,False
2024-08-21 00:00:00+00:00,197.98,199.0,195.63,196.0,336398,,,,,,,,,,,,,,,,,,,,,,,166.25767835811,190.0989849956467,"rgba(38, 166, 154, 1.0)",0.0,0.0,13.627386131087238,168.30112085787232,2.1778849484879013,0.0,0.0,0.0,0.0,0.0,0.0,0.0,0.0,75.85616559272574,21.51849909443267,True,False,True,False,True,15.246783885030723,0,1.0398016529129412,0.7941950156155024,False,False,False,False,0.3428282530411335,0.3293545428256218,False,False,False,False,-2208942,-4046919.076220691,False,False,False,False,280256.1669818629,False,False,False,False
2024-08-22 00:00:00+00:00,195.63,199.0,195.36,199.0,254755,,,,,,,,,,,,,,,,,,,,,,,166.92988210227048,190.11383481095174,"rgba(38, 166, 154, 1.0)",0.0,0.0,14.17182517221035,168.55655961647435,1.9103707570859811,0.0,0.0,0.0,0.0,0.0,0.0,0.0,0.0,74.72282473134803,21.51849909443267,True,False,True,False,True,13.991975924861972,0,1.0483949539052662,0.794669905144333,False,False,False,False,0.34097413460387654,0.33516433871474915,False,False,False,False,-2463697,-3984831.9359767428,False,False,False,False,279256.12121786835,False,False,False,False
2024-08-23 00:00:00+00:00,193.82,196.32,191.11,194.39,207855,,,,,,,,,,,,,,,,,,,,,,,167.40508719797754,190.12053381048958,"rgba(38, 166, 154, 0.75)",0.0,0.0,14.627076301986243,168.7408917802576,1.7145674023958455,0.0,0.0,0.0,0.0,0.0,0.0,0.0,0.0,72.68784686995619,21.51849909443267,True,False,True,False,False,13.030007303512015,0,1.0206395995869844,0.8317501934015781,False,False,False,False,0.29411111387930977,0.31463772629702946,False,False,False,False,-2671552,-3933330.7620168705,False,False,False,False,276456.0772485402,False,False,False,False
2024-08-26 00:00:00+00:00,199.22,201.28,197.68,199.64,429048,,,,,,,,,,,,,,,,,,,,,,,168.53372908595244,190.15566348980403,"rgba(38, 166, 154, 0.75)",0.0,0.0,15.218294160126085,169.18573717891425,1.9735630357165412,0.0,0.0,0.0,0.0,0.0,0.0,0.0,0.0,72.8804241186119,21.51849909443267,True,False,True,False,False,15.004334115304282,0,1.007135250131301,0.8123690550933172,False,False,False,False,0.3428282530942066,0.32873298969561804,False,False,False,False,-2242504,-3867023.830173072,False,False,False,False,282440.0742191857,False,False,False,False
2024-08-27 00:00:00+00:00,202.17,202.59,199.745,200.02,313595,,,,,,,,,,,,,,,,,,,,,,,169.36255412651346,190.18699407840242,"rgba(38, 166, 154, 0.75)",0.0,0.0,15.856684909946248,170.38927659519396,2.0042476460430443,0.0,0.0,0.0,0.0,0.0,0.0,0.0,0.0,73.73708923752773,21.51849909443267,True,False,True,False,False,16.051256134338054,0,1.0286372042045702,0.7973692391264798,False,False,False,False,0.3428282531328144,0.3357806214142162,False,False,False,False,-1928909,-3791019.3270290303,False,False,False,False,283661.8360145117,False,False,False,False
2024-08-28 00:00:00+00:00,198.16,201.56,196.0,200.91,163599,,,,,,,,,,,,,,,,,,,,,,,169.74070648275827,190.19905788621324,"rgba(38, 166, 154, 0.75)",0.0,0.0,16.34343152820426,170.4937189765785,1.6928073505051326,0.0,0.0,0.0,0.0,0.0,0.0,0.0,0.0,71.56955911354422,21.51849909443267,True,False,True,False,False,13.899514484733512,0,1.0228865595137,0.8022341893018663,False,False,False,False,0.3125037144018845,0.3241421679080504,False,False,False,False,-2092508,-3724411.039694559,False,False,False,False,278953.4895041387,False,False,False,False
2024-08-29 00:00:00+00:00,198.5,199.645,196.75,197.85,135710,,,,,,,,,,,,,,,,,,,,,,,170.04412219083855,190.2087110890236,"rgba(38, 166, 154, 0.75)",0.0,0.0,16.813151551391968,170.5947984205615,1.6597246205829999,0.0,0.0,0.0,0.0,0.0,0.0,0.0,0.0,70.2343457526724,23.96924693496669,True,False,True,False,False,14.024186865756512,0,1.0431126437169176,0.7870791431096609,False,False,False,False,0.3051907799995951,0.31466647395382275,False,False,False,False,-1956798,-3655092.881275165,False,False,False,False,273336.0977588784,False,False,False,False
2024-08-30 00:00:00+00:00,191.78,196.37,190.74,196.02,293438,,,,,,,,,,,,,,,,,,,,,,,170.558824222521,190.21579175387612,"rgba(38, 166, 154, 0.75)",0.0,0.0,17.09376410268325,170.70054096014593,1.2331666046886174,0.0,0.0,0.0,0.0,0.0,0.0,0.0,0.0,65.3044500133966,19.340155924668807,True,False,True,False,False,10.5054742895714,0,1.02122863763236,0.7821962599160399,False,False,False,False,0.2479559152304896,0.28131119459215614,False,False,False,False,-2250236,-3600000.4545584917,False,False,False,False,274124.40765068703,False,False,False,False
2024-09-03 00:00:00+00:00,188.26,192.98,187.68,190.03,364414,,,,,,,,,,,,,,,,,,,,,,,171.07654283266848,190.21395955766863,"rgba(38, 166, 154, 0.5)",0.0,0.0,17.301088728695156,170.81457559664915,1.0083425775637052,0.0,0.0,0.0,0.0,0.0,0.0,0.0,0.0,60.28663811458425,14.837284248345682,False,False,True,False,False,8.736434676360044,0,1.0151304266990138,0.7997538461141193,False,False,False,False,0.2091340497478103,0.24522262216998322,False,False,False,False,-2614650,-3561359.2602620805,False,False,False,False,277665.1759781111,False,False,False,False
2024-09-04 00:00:00+00:00,188.65,191.2,186.03,187.09,516226,,,,,,,,,,,,,,,,,,,,,,,171.72612499339772,190.2068366850574,"rgba(38, 166, 154, 0.5)",0.0,0.0,17.49653772777471,171.34108199485857,0.9892767514606366,0.0,0.0,0.0,0.0,0.0,0.0,0.0,0.0,57.12861047338984,12.173616116930518,False,False,True,False,False,8.891066776624385,0,0.9953803865991264,0.8167174472324862,False,False,False,False,0.18874654114296174,0.2169845816564725,False,False,False,False,-2098424,-3503989.2500557248,False,False,False,False,287020.50241034204,False,False,False,False
2024-09-05 00:00:00+00:00,191.58,194.57,190.21,190.21,178182,,,,,,,,,,,,,,,,,,,,,,,171.9833803499685,190.20979539199195,"rgba(38, 166, 154, 0.5)",0.0,0.0,17.73240068832068,171.49661829403027,1.1325810903425795,0.0,0.0,0.0,0.0,0.0,0.0,0.0,0.0,56.42218257633868,11.729223380770847,False,False,True,False,False,10.052946692058512,0,1.028817882760051,0.7886061469860896,False,False,False,False,0.23385306633677957,0.22541882399662605,False,False,False,False,-1920242,-3441881.514759422,False,False,False,False,282752.3258452306,False,False,False,False
2024-09-06 00:00:00+00:00,191.32,193.035,188.515,192.81,136979,,,,,,,,,,,,,,,,,,,,,,,172.16560459615042,190.21068228208486,"rgba(38, 166, 154, 0.5)",0.0,0.0,17.948489758796036,171.58490926841876,1.099540462556725,0.0,0.0,0.0,0.0,0.0,0.0,0.0,0.0,55.79977949444077,11.193238283971525,False,False,True,False,False,9.917808058708044,0,1.0388407641725774,0.7770567991081289,False,False,False,False,0.2144515623090819,0.21993519315285398,False,False,False,False,-2057221,-3387581.102415915,False,False,False,False,277035.7248316922,False,False,False,False
2024-09-09 00:00:00+00:00,193.31,193.47,189.21,189.67,144720,,,,,,,,,,,,,,,,,,,,,,,172.36480928416492,190.21292013609423,"rgba(38, 166, 154, 0.5)",0.0,0.0,18.220136270145936,171.68976812862755,1.1866119742911936,0.0,0.0,0.0,0.0,0.0,0.0,0.0,0.0,56.36975808631598,11.193238283971525,False,False,True,False,False,10.715526990183243,0,1.056940892463222,0.7649773954153951,False,False,False,False,0.22122030535228704,0.2205777492525705,False,False,False,False,-1912501,-3329734.823889801,False,False,False,False,271846.87287750817,False,False,False,False
2024-09-10 00:00:00+00:00,197.7,198.525,191.73,191.76,182742,,,,,,,,,,,,,,,,,,,,,,,172.6606600940562,190.2220383472102,"rgba(38, 166, 154, 0.5)",0.0,0.0,18.572632819469398,171.8815902123434,1.3901319236005971,0.0,0.0,0.0,0.0,0.0,0.0,0.0,0.0,58.679852032783096,11.193238283971525,False,False,True,False,True,12.441598323765238,0,1.0647767096211274,0.7428798761990599,False,False,False,False,0.2660740204670073,0.2433258848597889,False,False,False,False,-1729759,-3266990.6739333384,False,False,False,False,268352.56413721375,False,False,False,False
2024-09-11 00:00:00+00:00,211.15,215.0,205.6,206.62,602657,,,,,,,,,,,,,,,,,,,,,,,174.16498431455125,190.32756396104247,"rgba(38, 166, 154, 1.0)",0.0,0.0,19.2174431971587,174.51441553876506,1.906371419203753,0.0,0.0,0.0,0.0,0.0,0.0,0.0,0.0,64.07003032319174,8.394199914872246,True,False,True,False,True,17.2862610821464,0,1.078745637780482,0.7342975879640619,False,False,False,False,0.34282825329411976,0.2930770690769543,False,False,False,False,-1127102,-3183073.471033992,False,False,False,False,281462.54201418575,False,False,False,False
2024-09-12 00:00:00+00:00,196.27,200.75,194.11,199.0,483661,,,,,,,,,,,,,,,,,,,,,,,174.87085887669687,190.35538135884445,"rgba(38, 166, 154, 0.5)",0.0,0.0,19.41769627019196,174.54317289449426,1.1189188873480593,0.0,0.0,0.0,0.0,0.0,0.0,0.0,0.0,60.753892503483016,8.394199914872246,False,False,True,False,True,9.866832308946034,0,1.040359715882103,0.7474703983427664,False,False,False,False,0.20347467261290608,0.2482758708449302,False,False,False,False,-1610763,-3121414.236875796,False,False,False,False,289391.8933077471,False,False,False,False
2024-09-13 00:00:00+00:00,198.49,200.61,195.71,200.0,212446,,,,,,,,,,,,,,,,,,,,,,,175.18372902510382,190.36975506534833,"rgba(38, 166, 154, 0.5)",0.0,0.0,19.64653815251847,174.64905174734824,1.2134935970689382,0.0,0.0,0.0,0.0,0.0,0.0,0.0,0.0,59.207957364972,8.394199914872246,False,False,True,False,False,10.65437912863192,0,1.0417193155226323,0.7603270202980196,False,False,False,False,0.2111277199176492,0.2297017953812897,False,False,False,False,-1398317,-3053841.7962140003,False,False,False,False,286374.40729567857,False,False,False,False
2024-09-16 00:00:00+00:00,196.45,197.53,194.075,196.43,204525,,,,,,,,,,,,,,,,,,,,,,,175.44851351481677,190.37961370794886,"rgba(38, 166, 154, 0.5)",0.0,0.0,19.79356951429183,174.72026301249238,1.0978180045705137,0.0,0.0,0.0,0.0,0.0,0.0,0.0,0.0,57.38996426087151,13.707608511240906,False,False,True,False,False,9.694141612095677,0,1.033011298302998,0.769342108667568,False,False,False,False,0.18649548999359986,0.20809864268744477,False,False,False,False,-1602842,-2996939.8434212944,False,False,False,False,283164.6266174166,False,False,False,False
2024-09-17 00:00:00+00:00,197.51,200.69,196.615,199.05,103863,,,,,,,,,,,,,,,,,,,,,,,175.5948671476299,190.38660242839975,"rgba(38, 166, 154, 0.5)",0.0,0.0,19.975128558482762,174.78132785433192,1.1378486040339386,0.0,0.0,0.0,0.0,0.0,0.0,0.0,0.0,56.54013597148362,12.832151767853013,False,False,True,False,False,10.080025867124814,0,1.051200383938414,0.7573006241426153,False,False,False,False,0.21630465457861153,0.21220164863302815,False,False,False,False,-1498979,-2938196.280934185,False,False,False,False,276133.19027947873,False,False,False,False
2024-09-18 00:00:00+00:00,197.28,199.99,197.0,198.72,187755,,,,,,,,,,,,,,,,,,,,,,,175.85264267600692,190.39891435377052,"rgba(38, 166, 154, 0.5)",0.0,0.0,20.065002568678306,174.89110271978677,1.1158183111903783,0.0,0.0,0.0,0.0,0.0,0.0,0.0,0.0,55.871649085780334,12.026796368559182,False,True,True,False,False,9.96886277536911,0,1.0493661402766383,0.7508015452322856,False,False,False,False,0.2127396084364896,0.21247062853475887,False,False,False,False,-1686734,-2889119.328740687,False,False,False,False,272667.37889596977,False,False,False,False
2024-09-19 00:00:00+00:00,198.59,200.98,197.73,198.0,194614,,,,,,,,,,,,,,,,,,,,,,,176.125528652459,190.41330501673986,"rgba(38, 166, 154, 0.5)",0.0,0.0,20.115265501334438,175.02203833955895,1.1716455673367856,0.0,0.0,0.0,0.0,0.0,0.0,0.0,0.0,55.93758293836913,11.832200816570868,False,True,True,False,False,10.458964596424604,0,1.0494721266494231,0.7509027710344968,False,False,False,False,0.21599884924186874,0.2142347388883138,False,False,False,False,-1492120,-2834335.0413390915,False,False,False,False,269606.46207651997,False,False,False,False
2024-09-20 00:00:00+00:00,201.99,208.28,200.98,205.67,411783,,,,,,,,,,,,,,,,,,,,,,,176.79501399309626,190.45981356315173,"rgba(38, 166, 154, 0.5)",0.0,0.0,20.331216792884426,175.42994141975385,1.3063683718891692,0.0,0.0,0.0,0.0,0.0,0.0,0.0,0.0,57.26875367704807,11.832200816570868,False,True,True,False,False,11.721953618380986,1,1.0433158220294991,0.7416808740552324,False,False,False,False,0.27603774101345163,0.2451362399508827,False,False,False,False,-1080337,-2765550.8044238333,False,False,False,False,275182.0125833231,False,False,False,False
2024-09-23 00:00:00+00:00,201.31,203.3,200.115,200.75,189938,,,,,,,,,,,,,,,,,,,,,,,177.06895919360136,190.47766391306462,"rgba(38, 166, 154, 0.5)",0.0,0.0,20.552753256958738,175.58119245981058,1.2518423793891544,0.0,0.0,0.0,0.0,0.0,0.0,0.0,0.0,57.77719947959055,11.832200816570868,False,True,True,False,False,11.376996061161588,1,1.0310707684065377,0.7764667011778236,False,False,False,False,0.24256094597388062,0.24384859296238165,False,False,False,False,-1270275,-2706912.5375836827,False,False,False,False,271839.1101290751,False,False,False,False
2024-09-24 00:00:00+00:00,209.31,210.76,203.51,204.55,312081,,,,,,,,,,,,,,,,,,,,,,,177.61827819446876,190.52340949341803,"rgba(38, 166, 154, 0.5)",0.0,0.0,20.909527974516877,175.94626152074724,1.5956237041751604,0.0,0.0,0.0,0.0,0.0,0.0,0.0,0.0,60.82368385812272,11.832200816570868,False,False,True,False,True,14.276657408109998,0,1.050324280017091,0.730130552008377,False,False,False,False,0.3038385687608408,0.2738435808616112,False,False,False,False,-958194,-2638335.340031381,False,False,False,False,273417.22345734667,False,False,False,False
2024-09-25 00:00:00+00:00,206.72,210.5101,206.305,206.73,178085,,,,,,,,,,,,,,,,,,,,,,,177.92289432708867,190.54938343719982,"rgba(38, 166, 154, 0.5)",0.0,0.0,21.167952625403768,176.145084203862,1.4443964580421857,0.0,0.0,0.0,0.0,0.0,0.0,0.0,0.0,61.39153960271628,11.832200816570868,False,False,True,False,True,12.952423749082108,0,1.057477542943979,0.7391719428575635,False,False,False,False,0.3190073196809723,0.29642545027129175,False,False,False,False,-1136279,-2579431.1698340722,False,False,False,False,269678.7048903919,False,False,False,False
2024-09-26 00:00:00+00:00,212.53,213.77,208.32,212.0,242138,,,,,,,,,,,,,,,,,,,,,,,178.37730322043137,190.59209304070583,"rgba(38, 166, 154, 0.5)",0.0,0.0,21.526684319950387,176.458211535015,1.6756778670068835,0.0,0.0,0.0,0.0,0.0,0.0,0.0,0.0,63.51023558286743,8.453585068667763,False,False,True,False,True,14.989939878527931,0,1.0480927277684007,0.7302740603012303,False,False,False,False,0.3428282531629079,0.3196268517170998,False,False,False,False,-894141,-2513341.359252344,False,False,False,False,268598.6772476314,False,False,False,False
2024-09-27 00:00:00+00:00,218.42,223.96,217.71,218.89,394253,,,,,,,,,,,,,,,,,,,,,,,179.27429198068944,190.68929676809162,"rgba(38, 166, 154, 1.0)",0.0,0.0,22.02667041512548,177.12398816004716,1.8748186204118846,0.0,0.0,0.0,0.0,0.0,0.0,0.0,0.0,66.36828591477962,11.268007395081845,True,False,True,False,True,16.961480133516837,0,1.064563102405552,0.7066396133750988,False,False,False,False,0.3428282533023764,0.3312275525097381,False,False,False,False,-499888,-2434382.4039875465,False,False,False,False,273526.29774772434,False,False,False,False
2024-09-30 00:00:00+00:00,224.51,237.1,218.0,237.1,496839,,,,,,,,,,,,,,,,,,,,,,,180.5230293645303,190.8378460413129,"rgba(38, 166, 154, 1.0)",0.0,0.0,22.724834036995663,178.06197168130024,2.043932564835594,0.0,0.0,0.0,0.0,0.0,0.0,0.0,0.0,69.50795227670477,14.257412070797812,True,False,True,False,True,18.905833552363983,0,1.0532630650826533,0.6861988583810448,False,False,False,False,0.34282825338167777,0.33702790294570795,False,False,False,False,-3049,-2339035.995988035,False,False,False,False,282283.65862036264,False,False,False,False
2024-10-01 00:00:00+00:00,230.98,231.34,221.03,222.96,333290,,,,,,,,,,,,,,,,,,,,,,,181.34608400107666,190.94026388858657,"rgba(38, 166, 154, 1.0)",0.0,0.0,23.55703713894754,178.66667202412347,2.220709152314633,0.0,0.0,0.0,0.0,0.0,0.0,0.0,0.0,72.68426363169758,17.210530758726705,True,False,True,False,True,20.0,0,1.0558198260849736,0.7232094761173227,False,False,False,False,0.3287825024854148,0.33290520271556134,False,False,False,False,330241,-2234358.4667336023,False,False,False,False,284283.9073019171,False,False,False,False
2024-10-02 00:00:00+00:00,233.6,238.8,227.43,236.24,410278,,,,,,,,,,,,,,,,,,,,,,,182.4360155052986,191.08424470979668,"rgba(38, 166, 154, 1.0)",0.0,0.0,24.380519477094026,179.4744284907684,2.2200335624547964,0.0,0.0,0.0,0.0,0.0,0.0,0.0,0.0,75.19598396427575,19.509994291267063,True,False,True,False,True,20.0,0,1.0856589245531172,0.7046083740998277,False,False,False,False,0.3428282534145728,0.33786672806506707,False,False,False,False,740519,-2117696.605293069,False,False,False,False,289224.8521136066,False,False,False,False
2024-10-03 00:00:00+00:00,233.64,237.945,232.775,233.5,303298,,,,,,,,,,,,,,,,,,,,,,,183.23585498154534,191.1938412959579,"rgba(38, 166, 154, 1.0)",0.0,0.0,25.111180902803472,180.06048975351263,2.1336913804999753,0.0,0.0,0.0,0.0,0.0,0.0,0.0,0.0,76.87670465510885,21.061198526532493,True,False,True,False,True,20.0,0,1.1000738436624173,0.7202209037437881,False,False,False,False,0.3428282534440396,0.34034749075455334,False,False,False,False,1043817,-1993715.6795953016,False,False,False,False,289776.7402660142,False,False,False,False
2024-10-04 00:00:00+00:00,246.04,248.16,243.06,247.0,607526,,,,,,,,,,,,,,,,,,,,,,,185.09231568698237,191.46653872423605,"rgba(38, 166, 154, 1.0)",0.0,0.0,26.112333509748094,184.68020958370062,2.3498394118393486,0.0,0.0,0.0,0.0,0.0,0.0,0.0,0.0,79.60444317965923,23.633225361242125,True,False,True,False,True,20.0,0,1.0892615898005853,0.7023545895415333,False,False,False,False,0.34282825355914237,0.3415878721568478,False,False,False,False,1651343,-1850772.2019641132,False,False,False,False,302237.4955496999,False,False,False,False
2024-10-07 00:00:00+00:00,243.02,247.5,239.86,247.0,594184,,,,,,,,,,,,,,,,,,,,,,,186.73964097049873,191.71946718716882,"rgba(38, 166, 154, 1.0)",0.0,0.0,26.936473936562752,185.7979802908566,2.124332228631899,0.0,0.0,0.0,0.0,0.0,0.0,0.0,0.0,79.68328629939721,23.763232264679687,True,False,True,False,True,20.0,0,1.0702649369834167,0.7097764585589831,False,False,False,False,0.3263907511775691,0.33398931166720847,False,False,False,False,1057159,-1736735.6842400304,False,False,False,False,313686.3780771626,False,False,False,False
2024-10-08 00:00:00+00:00,235.43,239.01,225.39,229.0,521860,,,,,,,,,,,,,,,,,,,,,,,187.8652941081248,191.89626493738447,"rgba(38, 166, 154, 0.75)",0.0,0.0,27.482842337464582,186.38345758139937,1.784624087143288,0.0,0.0,0.0,0.0,0.0,0.0,0.0,0.0,75.87623284352432,23.763232264679687,True,False,True,False,False,19.65185590522369,0,1.0317697403503558,0.7246578286211535,False,False,False,False,0.2317422329982997,0.2828657723327541,False,False,False,False,535299,-1647636.2848580685,False,False,False,False,321850.049525117,False,False,False,False
2024-10-09 00:00:00+00:00,240.4,246.55,234.86,241.1,700020,,,,,,,,,,,,,,,,,,,,,,,189.52266228457853,192.1726455254017,"rgba(38, 166, 154, 0.75)",0.0,0.0,28.146174735214295,187.52028630436837,1.8787531234030417,0.0,0.0,0.0,0.0,0.0,0.0,0.0,0.0,74.33878148017659,23.763232264679687,True,False,True,False,False,20.0,0,1.0618387216957903,0.7087314138621909,False,False,False,False,0.3007868100082341,0.2918262911704941,False,False,False,False,1235319,-1534579.2148636344,False,False,False,False,336680.2436613869,False,False,False,False
2024-10-10 00:00:00+00:00,239.38,243.83,237.5,240.38,309073,,,,,,,,,,,,,,,,,,,,,,,190.2167093982191,192.2927611692815,"rgba(38, 166, 154, 0.75)",0.0,0.0,28.612646515196634,187.99242325603655,1.7959742632220577,0.0,0.0,0.0,0.0,0.0,0.0,0.0,0.0,72.81721423566108,28.883407314366465,True,False,True,False,False,20.0,0,1.0690332697784746,0.7396145984011676,False,False,False,False,0.300448353043615,0.29613732210705457,False,False,False,False,926246,-1438076.265261139,False,False,False,False,335597.606655058,False,False,False,False
2024-10-11 00:00:00+00:00,236.1,237.68,233.49,234.33,373632,,,,,,,,,,,,,,,,,,,,,,,190.95786675822245,192.42367368093863,"rgba(38, 166, 154, 0.75)",0.0,0.0,28.86480483982929,188.46021046819936,1.6504455788339354,0.0,0.0,0.0,0.0,0.0,0.0,0.0,0.0,70.20138262946313,26.308028906464358,True,False,True,False,False,18.90866592868475,0,1.0578026265979439,0.747863010289847,False,False,False,False,0.25797525787826503,0.2770562899926598,False,False,False,False,552614,-1360009.9803489377,False,False,False,False,337089.1514921145,False,False,False,False
2024-10-14 00:00:00+00:00,227.05,231.455,221.5,228.73,574516,,,,,,,,,,,,,,,,,,,,,,,191.82970696489784,192.58154258189748,"rgba(38, 166, 154, 0.5)",0.0,0.0,28.860423324328607,188.91288559756634,1.3214329524503212,0.0,0.0,0.0,0.0,0.0,0.0,0.0,0.0,64.71398678323327,21.136379482986854,False,False,True,False,False,14.546461013252511,0,1.039095836998024,0.7482128922306809,False,False,False,False,0.17823093663429318,0.2276436133134765,False,False,False,False,-21902,-1307535.157590156,False,False,False,False,346400.0082963453,False,False,False,False
2024-10-15 00:00:00+00:00,222.6,225.765,221.165,223.43,276881,,,,,,,,,,,,,,,,,,,,,,,192.19424907155152,192.6493665436639,"rgba(38, 166, 154, 0.5)",0.0,0.0,28.677546024878083,189.08968746992838,1.1685209222923416,0.0,0.0,0.0,0.0,0.0,0.0,0.0,0.0,59.52412114407342,16.419871199008526,False,True,True,False,False,12.506939719696511,0,1.0270340702991119,0.7656827879575983,False,False,False,False,0.13470394609969558,0.18117377970658605,False,False,False,False,-298783,-1267976.2494493655,False,False,False,False,343673.77267688076,False,False,False,False
2024-10-16 00:00:00+00:00,222.16,224.26,220.85,224.26,164319,,,,,,,,,,,,,,,,,,,,,,,192.40144674846798,192.6884858620478,"rgba(38, 166, 154, 0.5)",0.0,0.0,28.493849680143025,189.19054885575167,1.1570725442278262,0.0,0.0,0.0,0.0,0.0,0.0,0.0,0.0,55.91327434180662,13.247100069836264,False,True,True,False,False,12.306311486965011,0,1.0083969240741286,0.7883894779979161,False,False,False,False,0.110848676689485,0.14601122819803553,False,False,False,False,-463102,-1236412.5533925279,False,False,False,False,336640.2521797482,False,False,False,False
2024-10-17 00:00:00+00:00,212.39,220.66,211.56,219.4,397095,,,,,,,,,,,,,,,,,,,,,,,192.76755278363862,192.75869209118852,#000000,0.0,0.0,28.12241824354473,189.30751289239967,0.8207859974096897,0.0,0.0,0.0,0.0,0.0,0.0,0.0,0.0,50.524403222245724,8.407803379664713,False,True,False,False,False,7.994925530874571,0,0.9702040958952343,0.811211968895065,False,False,False,False,0.02716019905229106,0.08658571362516329,False,False,False,False,-860197,-1221659.0022790954,False,False,False,False,339011.0266040718,False,False,False,False
2024-10-18 00:00:00+00:00,218.97,222.35,215.12,222.35,528238,,,,,,,,,,,,,,,,,,,,,,,193.32012805215672,192.8679316854257,"rgba(239, 83, 80, 1.0)",0.0,0.0,27.88329450383115,189.5684907073773,1.0544489026783745,0.0,0.0,0.0,0.0,0.0,0.0,0.0,0.0,49.33779839478331,7.48274785941625,False,True,False,True,False,10.19425368009048,0,0.9554362423303426,0.8096155856548927,False,False,False,False,0.05214081546545172,0.0693632645453075,False,False,False,False,-331959,-1186768.8061112878,False,False,False,False,346431.6922274415,False,False,False,False
2024-10-21 00:00:00+00:00,219.92,221.8405,217.31,220.0,187949,,,,,,,,,,,,,,,,,,,,,,,193.51769269437463,192.90788501089392,"rgba(239, 83, 80, 1.0)",0.0,0.0,27.601628262944185,189.6700516814784,1.0959479647486166,0.0,0.0,0.0,0.0,0.0,0.0,0.0,0.0,48.87678000886498,7.015530539427658,False,True,False,True,False,10.506122861621929,0,0.9559548402051682,0.8076467997201174,False,False,False,False,0.036529155483791105,0.0529462100145493,False,False,False,False,-144010,-1145876.303910845,False,False,False,False,340216.6846891105,False,False,False,False
2024-10-22 00:00:00+00:00,220.63,221.125,218.45,219.14,107826,,,,,,,,,,,,,,,,,,,,,,,193.63132302547885,192.93107536651434,"rgba(239, 83, 80, 1.0)",0.0,0.0,27.22868859400951,189.7302016999335,1.134825064871639,0.0,0.0,0.0,0.0,0.0,0.0,0.0,0.0,48.83168064225489,6.743808234415091,False,True,False,True,False,10.741950742745615,0,0.9479657684317113,0.8251567983030428,False,False,False,False,0.034387354654896125,0.04366678233472271,False,False,False,False,-36184,-1102358.9586594393,False,False,False,False,331103.32450522383,False,False,False,False
2024-10-23 00:00:00+00:00,221.01,224.0,218.82,223.88,145157,,,,,,,,,,,,,,,,,,,,,,,193.78968858990197,192.96361941492773,"rgba(239, 83, 80, 1.0)",0.0,0.0,26.821133002215188,189.8183492041524,1.162950528349098,0.0,0.0,0.0,0.0,0.0,0.0,0.0,0.0,48.95233205900227,6.497355573329706,False,True,False,True,False,10.8700176599855,0,0.9417554871599989,0.8193014152856969,False,False,False,False,0.0529983939448601,0.0483325881397914,False,False,False,False,108973,-1054855.7445943635,False,False,False,False,323811.3117795288,False,False,False,False
2024-10-24 00:00:00+00:00,214.15,221.6,213.62,214.75,157964,,,,,,,,,,,,,,,,,,,,,,,193.93011654914486,192.99293531768205,"rgba(239, 83, 80, 1.0)",0.0,0.0,26.325977035845913,189.88418744342525,0.9217440448092012,0.0,0.0,0.0,0.0,0.0,0.0,0.0,0.0,46.58854466599914,3.8660330891838655,False,True,False,True,False,7.829085522704435,0,0.9307743553463642,0.8252527550449207,False,False,False,False,0.005761094816814711,0.02704684147830306,False,False,False,False,-48991,-1015410.068335761,False,False,False,False,317307.495631312,False,False,False,False
2024-10-25 00:00:00+00:00,212.81,215.26,211.3,213.18,245775,,,,,,,,,,,,,,,,,,,,,,,194.11335690252656,193.03194330000713,"rgba(239, 83, 80, 1.0)",0.0,0.0,25.88715584734754,189.95612192837177,0.882826920284095,0.0,0.0,0.0,0.0,0.0,0.0,0.0,0.0,44.579651443614594,1.6366069213938061,False,True,False,True,False,7.248524468622239,0,0.9194632190813239,0.8479840978052632,False,False,False,False,-0.044409380903817214,-0.008681269712757077,False,False,False,False,-294766,-987149.5166363195,False,False,False,False,314502.29972420173,False,False,False,False
2024-10-28 00:00:00+00:00,217.22,219.0325,214.3,215.11,142696,,,,,,,,,,,,,,,,,,,,,,,194.23869671692088,193.0587108367261,"rgba(239, 83, 80, 1.0)",0.0,0.0,25.496607057968784,190.01937221317897,1.0668332349076097,0.0,0.0,0.0,0.0,0.0,0.0,0.0,0.0,45.241472024025626,1.6366069213938061,False,True,False,True,False,8.806596246762489,0,0.9139918684712784,0.8482961501994594,False,False,False,False,-0.005167605126030204,-0.006924437419393641,False,False,False,False,-152070,-954401.3002976403,False,False,False,False,307764.79777423304,False,False,False,False
2024-10-29 00:00:00+00:00,216.53,219.57,214.8,217.0,229354,,,,,,,,,,,,,,,,,,,,,,,194.43830151727835,193.10181707336972,"rgba(239, 83, 80, 1.0)",0.0,0.0,24.949223874801206,190.12262804412904,1.0584446269105183,0.0,0.0,0.0,0.0,0.0,0.0,0.0,0.0,45.41748224538007,1.6366069213938061,False,True,False,True,False,8.50001915238034,0,0.9260576867607307,0.8377479541806455,False,False,False,False,0.0008395469454902326,-0.0030424452369517043,False,False,False,False,-381424,-931931.6022467525,False,False,False,False,304689.8645281847,False,False,False,False
2024-10-30 00:00:00+00:00,205.99,213.88,205.32,213.88,898445,,,,,,,,,,,,,,,,,,,,,,,194.9025391285707,193.2090853878273,"rgba(239, 83, 80, 1.0)",0.0,0.0,24.415798224262993,190.25742082871653,0.6443606318653697,0.0,0.0,0.0,0.0,0.0,0.0,0.0,0.0,42.13176921808792,-1.6483047655154053,False,True,False,True,False,3.9956878041387647,0,0.893289772820071,0.8573448524865984,False,False,False,False,-0.08721493474343885,-0.04512868999019527,False,False,False,False,-1279869,-945576.2060802132,False,False,False,False,327974.3796447265,False,False,False,False
2024-10-31 00:00:00+00:00,202.64,205.99,202.19,205.5,216786,,,,,,,,,,,,,,,,,,,,,,,194.9718337366482,193.22665102830783,"rgba(239, 83, 80, 1.0)",0.0,0.0,23.857398520986848,190.25837258269476,0.5189848091112436,0.0,0.0,0.0,0.0,0.0,0.0,0.0,0.0,39.083776987232774,-4.7300960036281054,False,True,False,True,False,2.6373967490276513,0,0.8809389900243786,0.8900665533596006,False,False,False,False,-0.15195902306058387,-0.09854385652538958,False,False,False,False,-1496655,-967187.1391751069,False,False,False,False,323614.05103120784,False,False,False,False
2024-11-01 00:00:00+00:00,204.21,209.05,202.9,206.63,463006,,,,,,,,,,,,,,,,,,,,,,,195.14595811940154,193.27036869732797,"rgba(239, 83, 80, 1.0)",0.0,0.0,23.2269428316837,190.29634037008321,0.599031036100768,0.0,0.0,0.0,0.0,0.0,0.0,0.0,0.0,37.85489411582765,-6.051880363265532,False,True,False,True,False,3.227565086268349,0,0.8837364540178075,0.8820310066323247,False,False,False,False,-0.12969415720124527,-0.11411900686331743,False,False,False,False,-1033649,-969793.486658436,False,False,False,False,329080.40197116043,False,False,False,False
2024-11-04 00:00:00+00:00,207.25,210.525,204.86,204.86,177228,,,,,,,,,,,,,,,,,,,,,,,195.22480248630146,193.28998586184443,"rgba(239, 83, 80, 1.0)",0.0,0.0,22.643061161551515,190.32590153460626,0.7474297907268512,0.0,0.0,0.0,0.0,0.0,0.0,0.0,0.0,38.567412799114564,-6.051880363265532,False,True,False,True,False,4.36578118883239,0,0.898850369487086,0.8696107665505315,False,False,False,False,-0.10951903504398108,-0.11181902095364926,False,False,False,False,-856421,-965347.5067894778,False,False,False,False,323125.40581542865,False,False,False,False
2024-11-05 00:00:00+00:00,208.03,209.99,205.625,208.13,322583,,,,,,,,,,,,,,,,,,,,,,,195.36961965446818,193.32639419647884,"rgba(239, 83, 80, 1.0)",0.0,0.0,22.18729139183743,190.38528846076238,0.7952620816855996,0.0,0.0,0.0,0.0,0.0,0.0,0.0,0.0,39.43609306781006,-6.051880363265532,False,True,False,True,False,4.657844939579828,0,0.8928011045919919,0.886304607744199,False,False,False,False,-0.10817149969460947,-0.10999526032412937,False,False,False,False,-533838,-948425.5653467532,False,False,False,False,323104.1349991373,False,False,False,False
2024-11-06 00:00:00+00:00,202.73,208.03,196.15,208.03,551774,,,,,,,,,,,,,,,,,,,,,,,195.5027147657683,193.36454414394723,"rgba(239, 83, 80, 1.0)",0.0,0.0,21.60097347301689,190.39262304415988,0.5711491184067002,0.0,0.0,0.0,0.0,0.0,0.0,0.0,0.0,38.25521132187463,-6.247178491975383,False,True,False,True,False,2.437755556182413,0,0.8663394694596296,0.8987789299876028,False,False,False,False,-0.17574736154310988,-0.14287131093361963,False,False,False,False,-1085612,-953805.4255292335,False,False,False,False,332071.5806854457,False,False,False,False
2024-11-07 00:00:00+00:00,206.82,208.06,202.73,202.73,144300,,,,,,,,,,,,,,,,,,,,,,,195.5544982959426,193.37842728968127,"rgba(239, 83, 80, 1.0)",0.0,0.0,21.148445063493465,190.412730787237,0.7758144470434517,0.0,0.0,0.0,0.0,0.0,0.0,0.0,0.0,39.565750454454765,-6.247178491975383,False,True,False,True,False,3.996036858916625,0,0.8947494422468569,0.8973744717456259,False,False,False,False,-0.13653027217643315,-0.1397007915550264,False,False,False,False,-941312,-953315.4872731852,False,False,False,False,324707.98928601644,False,False,False,False
2024-11-08 00:00:00+00:00,205.47,206.35,202.5855,203.84,207402,,,,,,,,,,,,,,,,,,,,,,,195.62041311738034,193.3966258969357,"rgba(239, 83, 80, 0.75)",0.0,0.0,20.659147456965556,190.43536185864502,0.7277472689845104,0.0,0.0,0.0,0.0,0.0,0.0,0.0,0.0,39.955460404207315,-6.247178491975383,False,True,False,True,True,3.4287602360084293,0,0.89154892808451,0.895968375641794,False,False,False,False,-0.14748589154145267,-0.14359334154823955,False,False,False,False,-1148714,-960978.1740467858,False,False,False,False,320107.754412055,False,False,False,False
2024-11-11 00:00:00+00:00,205.04,209.29,204.4,206.37,334489,,,,,,,,,,,,,,,,,,,,,,,195.7411431357038,193.42954809924504,"rgba(239, 83, 80, 0.75)",0.0,0.0,20.12172394576438,190.4887827067193,0.7231595728329098,0.0,0.0,0.0,0.0,0.0,0.0,0.0,0.0,40.05348095720815,-6.247178491975383,False,True,False,True,True,3.2461348745731655,0,0.9149617729910263,0.8844149559746304,False,False,False,False,-0.11946233891381937,-0.13152784023102945,False,False,False,False,-1483203,-981457.5789861276,False,False,False,False,320671.72482726857,False,False,False,False
2024-11-12 00:00:00+00:00,193.64,203.0,189.6,198.0,335253,,,,,,,,,,,,,,,,,,,,,,,195.73745110735436,193.43463049471202,"rgba(239, 83, 80, 1.0)",0.0,0.0,19.540553229002853,190.43299887318693,0.1641202830456764,0.0,0.0,0.0,0.0,0.0,0.0,0.0,0.0,36.65908834166101,-8.639745608362091,False,True,False,True,False,0.0,0,0.888989458811739,0.8896312124317427,False,False,False,False,-0.2458439795046882,-0.18868590986785883,False,False,False,False,-1818456,-1014281.0464768677,False,False,False,False,321243.5395399247,False,False,False,False
2024-11-13 00:00:00+00:00,195.45,200.88,193.28,197.44,281526,,,,,,,,,,,,,,,,,,,,,,,195.74493908779746,193.4412898649687,"rgba(239, 83, 80, 1.0)",0.0,0.0,18.79106994566039,190.3994914870857,0.26877173718788994,0.0,0.0,0.0,0.0,0.0,0.0,0.0,0.0,35.40360031486284,-9.962743276989073,False,True,False,True,False,0.0,0,0.9032750015561715,0.8911827823125015,False,False,False,False,-0.2598041486804739,-0.22424502927416637,False,False,False,False,-1536930,-1034777.0838699318,False,False,False,False,319685.9889697316,False,False,False,False
2024-11-14 00:00:00+00:00,193.29,195.64,191.255,193.58,213477,,,,,,,,,,,,,,,,,,,,,,,195.72836172575919,193.44121463369743,"rgba(239, 83, 80, 1.0)",0.0,0.0,18.31746080474398,190.3560268342356,0.16017357411265973,0.0,0.0,0.0,0.0,0.0,0.0,0.0,0.0,33.97954569450447,-11.443721052702813,False,True,False,True,False,0.0,0,0.8909982927505156,0.9168016809210641,False,False,False,False,-0.307140530303541,-0.2656927797888537,False,False,False,False,-1750407,-1062841.0021495423,False,False,False,False,315520.9305787618,False,False,False,False
2024-11-15 00:00:00+00:00,189.23,191.45,186.16,187.79,273933,,,,,,,,,,,,,,,,,,,,,,,195.66752347446717,193.4318608569427,"rgba(239, 83, 80, 1.0)",0.0,0.0,17.734227405914346,190.26719157839727,-0.058485298212166914,0.0,0.0,0.0,0.0,0.0,0.0,0.0,0.0,31.995865750914813,-13.428755782567698,False,True,False,True,False,0.0,0,0.8783908720900946,0.9194275924496502,False,False,False,False,-0.34282825441539394,-0.3042605171021238,False,False,False,False,-2024340,-1100546.8452025014,False,False,False,False,313890.031340379,False,False,False,False
2024-11-18 00:00:00+00:00,187.69,188.32,184.49,186.92,444597,,,,,,,,,,,,,,,,,,,,,,,195.54074379306732,193.4096479326807,"rgba(239, 83, 80, 1.0)",0.0,0.0,17.175186959392583,190.35038996318954,-0.15489729279102019,0.0,0.0,0.0,0.0,0.0,0.0,0.0,0.0,30.300382843947894,-15.110983117381764,False,True,False,True,False,0.0,0,0.8702173538519081,0.9262722764956066,False,False,False,False,-0.34282825441539394,-0.3235443857587589,False,False,False,False,-2468937,-1154209.204214168,False,False,False,False,319015.7948172269,False,False,False,False
2024-11-19 00:00:00+00:00,187.77,190.085,187.19,188.24,238525,,,,,,,,,,,,,,,,,,,,,,,195.4857904896284,193.4005235021437,"rgba(239, 83, 80, 1.0)",0.0,0.0,16.67065317899732,190.3031263112339,-0.15195123334611046,0.0,0.0,0.0,0.0,0.0,0.0,0.0,0.0,29.225520541292195,-16.21453035967307,False,True,False,True,False,0.0,0,0.8693802987661,0.9339779582622636,False,False,False,False,-0.31514754942371015,-0.3193459675912345,False,False,False,False,-2230412,-1196413.2354214555,False,False,False,False,315859.2930596886,False,False,False,False
2024-11-20 00:00:00+00:00,194.26,198.48,192.0,195.0,344281,,,,,,,,,,,,,,,,,,,,,,,195.4795462684434,193.40444974647272,"rgba(239, 83, 80, 0.75)",0.0,0.0,16.241107148664884,190.39038052442544,0.23826081806822252,0.0,0.0,0.0,0.0,0.0,0.0,0.0,0.0,32.61306901363031,-16.21453035967307,False,True,False,True,True,0.0,0,0.8530619554599029,0.9365752901820792,False,False,False,False,-0.23578440179394072,-0.2775651846925876,False,False,False,False,-1886131,-1223460.990895124,False,False,False,False,316973.86980244593,False,False,False,False
2024-11-21 00:00:00+00:00,194.56,197.48,191.41,196.09,221472,,,,,,,,,,,,,,,,,,,,,,,195.4726047176131,193.40624799151377,"rgba(239, 83, 80, 0.75)",0.0,0.0,15.938330590404014,190.40498139389518,0.2606934636307788,0.0,0.0,0.0,0.0,0.0,0.0,0.0,0.0,35.043408696139636,-19.818587384199972,False,True,False,True,True,0.0,0,0.8799056983583751,0.9270457688696001,False,False,False,False,-0.24516934850322616,-0.2613672665979069,False,False,False,False,-1664659,-1240762.873605119,False,False,False,False,313228.69843764417,False,False,False,False
2024-11-22 00:00:00+00:00,190.51,192.9,189.01,190.94,222704,,,,,,,,,,,,,,,,,,,,,,,195.4401393645649,193.40189828856145,"rgba(239, 83, 80, 0.75)",0.0,0.0,15.815696856416206,190.35860009240855,0.009572762361717816,0.0,0.0,0.0,0.0,0.0,0.0,0.0,0.0,35.170992068089504,-19.68209205837319,False,True,False,True,True,0.0,0,0.8649299792934667,0.9346314220972353,False,False,False,False,-0.28689875096313633,-0.2741330087805216,False,False,False,False,-1887363,-1266119.741306879,False,False,False,False,309678.7102636189,False,False,False,False
2024-11-25 00:00:00+00:00,190.3,194.98,188.14,192.03,276415,,,,,,,,,,,,,,,,,,,,,,,195.40332114366967,193.39721056649083,"rgba(239, 83, 80, 0.75)",0.0,0.0,15.688900606008843,190.30821936610099,-0.0005238968814568143,0.0,0.0,0.0,0.0,0.0,0.0,0.0,0.0,35.1809461267475,-19.53197075534265,False,True,False,True,True,0.0,0,0.8704011327506094,0.9238586663311628,False,False,False,False,-0.2795986376712016,-0.2768658232258616,False,False,False,False,-2163778,-1301322.0259615113,False,False,False,False,308374.25103759463,False,False,False,False
2024-11-26 00:00:00+00:00,192.11,192.17,186.52,190.2,308162,,,,,,,,,,,,,,,,,,,,,,,195.35475292108998,193.38999411365,"rgba(239, 83, 80, 0.75)",0.0,0.0,15.661776464022479,190.2401466728605,0.11938960637286909,0.0,0.0,0.0,0.0,0.0,0.0,0.0,0.0,36.41592123547797,-18.171657517022947,False,True,False,True,True,0.0,0,0.8602774110146492,0.9404356614854807,False,False,False,False,-0.306473744364058,-0.2916697837949598,False,False,False,False,-1855616,-1323059.0445512559,False,False,False,False,308365.9274674929,False,False,False,False
2024-11-27 00:00:00+00:00,206.16,210.62,201.03,201.31,341342,,,,,,,,,,,,,,,,,,,,,,,195.46443151825343,193.42194888281853,"rgba(239, 83, 80, 0.75)",0.0,0.0,15.50299165752639,190.42102481722034,1.0152218056015465,0.0,0.0,0.0,0.0,0.0,0.0,0.0,0.0,43.89787033365559,-11.098731066131464,False,True,False,True,True,4.007860005733651,0,0.8790831436648342,0.9163962339028316,False,False,False,False,-0.1140028591613653,-0.20283632147816255,False,False,False,False,-1514274,-1330557.670255128,False,False,False,False,309659.1067824932,False,False,False,False
2024-11-29 00:00:00+00:00,215.0,216.37,211.365,215.13,258633,,,,,,,,,,,,,,,,,,,,,,,195.610771599816,193.46205479717403,"rgba(38, 166, 154, 0.5)",0.0,0.0,15.359201000650328,190.63557315330766,1.5863082230423782,0.0,0.0,0.0,0.0,0.0,0.0,0.0,0.0,51.415651834796975,-4.352680378484266,False,False,True,False,True,7.255543092711175,0,0.8932256491258354,0.8976285858218914,False,False,False,False,-0.023860620904461886,-0.11334847119131222,False,False,False,False,-1255641,-1327619.7616176722,False,False,False,False,307658.0829871013,False,False,False,False
2024-12-02 00:00:00+00:00,205.75,216.73,200.0,214.89,2095602,,,,,,,,,,,,,,,,,,,,,,,196.31643978847197,193.67766085195888,"rgba(38, 166, 154, 0.5)",0.0,0.0,15.246088379445842,192.6806465067831,0.8572266648300741,0.0,0.0,0.0,0.0,0.0,0.0,0.0,0.0,52.547778259065495,-3.690590548573496,False,False,True,False,True,3.4248238793367065,0,0.8649410212465511,0.922406108309486,False,False,False,False,-0.0854033847181222,-0.09937592795471721,False,False,False,False,-3351243,-1406977.5356718812,False,False,False,False,377773.5307130973,False,False,False,False
2024-12-03 00:00:00+00:00,206.01,208.23,202.635,206.22,395221,,,,,,,,,,,,,,,,,,,,,,,196.419541786144,193.71218391745924,"rgba(38, 166, 154, 0.5)",0.0,0.0,15.177677375755563,192.75676180931558,0.8732059499337362,0.0,0.0,0.0,0.0,0.0,0.0,0.0,0.0,53.38366264305399,-3.0774894757869475,False,False,True,False,True,3.5203018973103255,0,0.8743161337059695,0.9314908358730696,False,False,False,False,-0.11843770796317432,-0.10890681795894577,False,False,False,False,-2956022,-1467724.3774102386,False,False,False,False,378457.74519493664,False,False,False,False
2024-12-04 00:00:00+00:00,199.09,206.425,198.7,203.37,339750,,,,,,,,,,,,,,,,,,,,,,,196.46656296804855,193.73124578720666,#000000,0.0,0.0,15.110410318717351,192.75164897048916,0.4194691537700664,0.0,0.0,0.0,0.0,0.0,0.0,0.0,0.0,51.441104914822155,-3.0774894757869475,False,False,False,False,True,0.7751008041453069,0,0.8611571199829888,0.9583828219252385,False,False,False,False,-0.15101861977164005,-0.12996271886529293,False,False,False,False,-3295772,-1539412.5194725823,False,False,False,False,376939.7944029783,False,False,False,False
2024-12-05 00:00:00+00:00,201.66,204.99,200.005,204.47,254671,,,,,,,,,,,,,,,,,,,,,,,196.50694149260408,193.74698028760312,#000000,0.0,0.0,15.047699952945424,192.7628580575759,0.591262583002433,0.0,0.0,0.0,0.0,0.0,0.0,0.0,0.0,51.06758493339014,-3.0774894757869475,False,False,False,False,True,1.7456698957084846,0,0.8558395166873971,0.9592176806141893,False,False,False,False,-0.1517599549468333,-0.14086133690606312,False,False,False,False,-3041101,-1598302.2638069908,False,False,False,False,372144.9397205086,False,False,False,False
2024-12-06 00:00:00+00:00,205.62,209.46,204.085,207.72,348989,,,,,,,,,,,,,,,,,,,,,,,196.60109603344526,193.77901480135492,"rgba(38, 166, 154, 0.5)",0.0,0.0,15.009034374831202,192.84816433936825,0.8509431947233707,0.0,0.0,0.0,0.0,0.0,0.0,0.0,0.0,52.176801083305904,-3.0774894757869475,False,False,True,False,True,3.2214029095459757,0,0.8591375292800919,0.9543138825860663,False,False,False,False,-0.10331510845102011,-0.12208822267854161,False,False,False,False,-2692112,-1641196.7632655401,False,False,False,False,371236.86365303764,False,False,False,False
2024-12-09 00:00:00+00:00,207.62,211.0,203.585,209.1,513042,,,,,,,,,,,,,,,,,,,,,,,196.7502963735627,193.82957543728241,"rgba(38, 166, 154, 0.5)",0.0,0.0,14.944836329010123,192.9913103328599,0.9788457595044824,0.0,0.0,0.0,0.0,0.0,0.0,0.0,0.0,53.57877324196378,-2.6829952895152047,False,False,True,False,True,3.9589547795688773,0,0.8461034829926931,0.9685610342122655,False,False,False,False,-0.0974596699577929,-0.10977394631816725,False,False,False,False,-2179070,-1662289.831372774,False,False,False,False,376797.84939213423,False,False,False,False
2024-12-10 00:00:00+00:00,187.5,196.96,183.2924,195.52,1260783,,,,,,,,,,,,,,,,,,,,,,,196.50406461990332,193.7881902969773,#000000,0.0,0.0,15.041314577397019,192.46449330744537,-0.33005714240599965,0.0,0.0,0.0,0.0,0.0,0.0,0.0,0.0,48.39860333716182,-2.6829952895152047,False,False,False,False,False,0.0,0,0.8041792760185189,1.0092565468421515,False,False,False,False,-0.2969480159601227,-0.20336098113914497,False,False,False,False,-3439853,-1731998.1909267828,False,False,False,False,411463.9337296976,False,False,False,False
2024-12-11 00:00:00+00:00,184.38,187.64,183.26,186.92,491546,,,,,,,,,,,,,,,,,,,,,,,196.35984470331303,193.75765840987984,"rgba(239, 83, 80, 1.0)",0.0,0.0,15.248620139020579,192.2263117656802,-0.5145588055932897,0.0,0.0,0.0,0.0,0.0,0.0,0.0,0.0,44.27847268724969,0.9647438466691867,False,True,False,True,False,0.0,0,0.7937260750585137,1.018203188168992,False,False,False,False,-0.34282825441539394,-0.27309461777726945,False,False,False,False,-3931399,-1818249.2030473012,False,False,False,False,414604.4069167683,False,False,False,False
2024-12-12 00:00:00+00:00,180.27,186.35,179.69,184.02,387828,,,,,,,,,,,,,,,,,,,,,,,196.21908101336007,193.72545871499625,"rgba(239, 83, 80, 1.0)",0.0,0.0,15.555877343561425,192.01344876970538,-0.754920375774625,0.0,0.0,0.0,0.0,0.0,0.0,0.0,0.0,40.681259909944814,-2.3299276377789937,False,True,False,True,False,0.0,0,0.7663269979648925,1.040329032821898,False,False,False,False,-0.34282825441539394,-0.3079614360963317,False,False,False,False,-4319227,-1916326.7637121128,False,False,False,False,413554.35174356174,False,False,False,False
2024-12-13 00:00:00+00:00,179.35,179.65,176.15,177.15,368615,,,,,,,,,,,,,,,,,,,,,,,196.053257577706,193.6852754679619,"rgba(239, 83, 80, 1.0)",0.0,0.0,15.850234808844162,191.77753240406082,-0.7840598296453296,0.0,0.0,0.0,0.0,0.0,0.0,0.0,0.0,38.091869794807494,-4.687570802512063,False,True,False,True,False,0.0,0,0.7420473167673511,1.0535539296608174,False,False,False,False,-0.34282825441539394,-0.3253948452558628,False,False,False,False,-4687842,-2025013.6357234025,False,False,False,False,411792.0242242064,False,False,False,False
2024-12-16 00:00:00+00:00,176.33,180.0,174.5,177.69,538230,,,,,,,,,,,,,,,,,,,,,,,195.7973091698924,193.62149282381083,"rgba(239, 83, 80, 1.0)",0.0,0.0,16.210031903309318,191.43103405194648,-0.9315857082837423,0.0,0.0,0.0,0.0,0.0,0.0,0.0,0.0,35.726413957120926,-6.895541032685145,False,True,False,True,False,0.0,0,0.7296093380919829,1.0780563418562072,False,False,False,False,-0.34282825441539394,-0.3341115498356284,False,False,False,False,-5226072,-2150545.3362832693,False,False,False,False,416750.37621541397,False,False,False,False
2024-12-17 00:00:00+00:00,179.06,179.585,176.055,178.0,366173,,,,,,,,,,,,,,,,,,,,,,,195.63871202642713,193.581711649835,"rgba(239, 83, 80, 1.0)",0.0,0.0,16.43135158966123,191.22503440472036,-0.7403550668573557,0.0,0.0,0.0,0.0,0.0,0.0,0.0,0.0,35.40904259057836,-7.282045474859075,False,True,False,True,False,0.0,0,0.7390695453656804,1.078253173160979,False,False,False,False,-0.33618959459966186,-0.3351505722176451,False,False,False,False,-4859899,-2256794.4995662784,False,False,False,False,414766.94969716243,False,False,False,False
2024-12-18 00:00:00+00:00,175.87,178.69,174.511,177.56,592487,,,,,,,,,,,,,,,,,,,,,,,195.3610533315083,193.50996154531632,"rgba(239, 83, 80, 1.0)",0.0,0.0,16.676135382014586,190.87795429792075,-0.8999659665816223,0.0,0.0,0.0,0.0,0.0,0.0,0.0,0.0,34.435219514977156,-8.425751039308693,False,True,False,True,False,0.0,0,0.7698500130751769,1.0703748208378272,False,False,False,False,-0.34282825441539394,-0.33898941331651955,False,False,False,False,-5452386,-2382111.8133087773,False,False,False,False,421736.36343452864,False,False,False,False
2024-12-19 00:00:00+00:00,174.72,177.3,170.99,175.18,296091,,,,,,,,,,,,,,,,,,,,,,174.33666666666667,195.2108355789645,193.47013152007293,"rgba(239, 83, 80, 1.0)",0.0,0.0,16.9493943924339,190.30381485619958,-0.9194319569999561,1.0,177.3,170.99,0.0,0.0,0.0,0.0,0.0,33.51078933013294,-9.589425699497127,False,True,False,True,False,0.0,0,0.7310465174307761,1.0957597114364337,True,False,False,False,-0.34282825441539394,-0.3409088338659567,False,False,False,False,-5748477,-2514126.134355492,False,False,False,False,416809.09428023343,True,False,False,False
2024-12-20 00:00:00+00:00,176.5,179.25,175.8,176.29,368466,,,,,,,,,,,,,,,,,,,,,,175.91501115780886,195.05195848909923,193.4281362392659,"rgba(239, 83, 80, 1.0)",0.0,0.0,17.21018200928718,190.1965136799845,-0.7958378169733128,0.0,0.0,0.0,0.0,0.0,0.0,0.0,0.0,33.839292355636765,-9.591350112256187,False,True,False,True,False,0.0,0,0.7327069318614376,1.0804743009779965,False,False,False,False,-0.30260136132064547,-0.3217550975933011,False,False,False,False,-5380011,-2626513.7761454727,False,False,False,False,414913.2866614008,False,False,False,False
2024-12-23 00:00:00+00:00,177.7,179.93,176.57,178.63,231186,,,,,,,,,,,,,,,,,,,,,,176.4703407897131,194.95855394527962,193.40332436280048,"rgba(239, 83, 80, 1.0)",0.0,0.0,17.435390254689814,190.11718777584605,-0.7121829563009668,0.0,0.0,0.0,0.0,0.0,0.0,0.0,0.0,34.709826529286964,-9.591350112256187,False,True,False,True,False,0.0,0,0.7485784508349125,1.0666732700748898,False,False,False,False,-0.28576156695077654,-0.30375833227203886,False,False,False,False,-5148825,-2725427.9417868266,False,False,False,False,407708.2950276204,False,False,False,False
2024-12-24 00:00:00+00:00,181.62,182.33,177.085,177.72,148370,,,,,,,,,,,,,,,,,,,,,,177.0209355883894,194.9071607785847,193.38980211449618,"rgba(239, 83, 80, 0.75)",0.0,0.0,17.598373073862426,190.0870344544759,-0.48112597789231853,0.0,0.0,0.0,0.0,0.0,0.0,0.0,0.0,37.341542160651755,-9.591350112256187,False,True,False,True,True,0.0,0,0.7789620093343199,1.057167683279989,False,False,False,False,-0.2613551921961345,-0.28255676223408666,False,False,False,False,-5000455,-2814644.689167735,False,False,False,False,397538.165810851,False,False,False,False
2024-12-26 00:00:00+00:00,184.68,184.98,180.99,181.58,163887,,,,,,,,,,,,,,,,,,,,,,177.90672100165563,194.8632133048053,193.37855995469272,"rgba(239, 83, 80, 0.75)",0.0,0.0,17.73960259566858,190.08351487924236,-0.3046017998487582,0.0,0.0,0.0,0.0,0.0,0.0,0.0,0.0,40.5647580031296,-15.445012128492372,False,True,False,True,True,0.0,0,0.7935015636874835,1.0373872651514526,False,False,False,False,-0.21262683993893944,-0.24759180108651305,False,False,False,False,-4836568,-2893935.7993964516,False,False,False,False,388375.3749947392,False,False,False,False
2024-12-27 00:00:00+00:00,181.89,184.91,180.26,181.81,169767,,,,,,,,,,,,,,,,,,,,,,178.4546278942666,194.81326868637265,193.36552690667227,"rgba(239, 83, 80, 0.5)",0.0,0.0,17.92962301749673,190.05657340026139,-0.45547937021832524,0.0,0.0,0.0,0.0,0.0,0.0,0.0,0.0,41.593272039025386,-14.31391792565276,False,False,False,True,True,0.0,0,0.7930505738601037,1.0331839794160016,False,False,False,False,-0.21541673430155278,-0.23150426769403293,False,False,False,False,-5006335,-2976774.9837338454,False,False,False,False,379802.4975439651,False,False,False,False
2024-12-30 00:00:00+00:00,183.81,185.24,179.73,180.08,178913,,,,,,,,,,,,,,,,,,,,,,178.96861013396028,194.76346534950176,193.35253839253306,"rgba(239, 83, 80, 0.5)",0.0,0.0,18.067821586036978,190.0288947286102,-0.3441972624644594,0.0,0.0,0.0,0.0,0.0,0.0,0.0,0.0,43.243273862357455,-12.566091417090753,False,False,False,True,True,0.0,0,0.8184627069051539,1.0266742212437352,False,False,False,False,-0.21687937790910036,-0.22419182280156663,False,False,False,False,-4827422,-3049349.3765285965,False,False,False,False,371924.4780324371,False,False,False,False
2024-12-31 00:00:00+00:00,184.71,187.42,183.91,184.0,331631,,,,,,,,,,,,,,,,,,,,,,180.08874408752934,194.6908953034729,193.33411677466043,"rgba(239, 83, 80, 0.5)",0.0,0.0,18.201699140563843,190.0104547892998,-0.2912065927673394,0.0,0.0,0.0,0.0,0.0,0.0,0.0,0.0,44.80281299202291,-10.907208814614187,False,False,False,True,True,0.0,0,0.8246131621216044,1.033446816921714,False,False,False,False,-0.17077789047186032,-0.19748485663671347,False,False,False,False,-4495791,-3106072.5774490437,False,False,False,False,370344.3416390082,False,False,False,False
2025-01-02 00:00:00+00:00,184.0,186.54,180.34,182.5,132212,,,,,,,,,,,,,,,,,,,,,,180.32024643619496,194.6570063036052,193.3252198103935,#000000,0.0,0.0,18.332831241609465,189.9868708914502,-0.3265655376711251,0.0,0.0,0.0,0.0,0.0,0.0,0.0,0.0,45.49284297316668,-10.04708109226253,True,False,False,False,True,0.0,0,0.8086579470061454,1.034365108594969,False,False,False,False,-0.20294744245287957,-0.20021614954479652,False,False,False,False,-4628003,-3165756.1234314344,False,False,False,False,361005.81843747845,False,False,False,False
2025-01-03 00:00:00+00:00,180.82,184.76,179.05,183.5,189886,,,,,,,,,,,,,,,,,,,,,,180.4253161669778,194.59957115701232,193.3097315624257,"rgba(239, 83, 80, 0.5)",0.0,0.0,18.517711779524713,189.9317773908871,-0.4920574150507154,0.0,0.0,0.0,0.0,0.0,0.0,0.0,0.0,44.43189546399421,-10.04708109226253,False,False,False,True,True,0.0,0,0.8033084789536169,1.037142718291574,False,False,False,False,-0.22538096551353756,-0.21279855752916704,False,False,False,False,-4817889,-3230545.6480027507,False,False,False,False,354295.2373222832,False,False,False,False
2025-01-06 00:00:00+00:00,180.64,182.0,179.01,182.0,376035,,,,,,,,,,,,,,,,,,,,,,180.44344355931668,194.47876162163146,193.27660051284118,"rgba(239, 83, 80, 0.5)",0.0,0.0,18.700012089411675,189.80649148174598,-0.49018639335191905,0.0,0.0,0.0,0.0,0.0,0.0,0.0,0.0,43.63962924320687,-10.04708109226253,False,False,False,True,True,0.0,0,0.8008608934520629,1.0537840069216158,False,False,False,False,-0.2378095833327278,-0.2253040704309474,False,False,False,False,-5193924,-3307540.877492839,False,False,False,False,355147.77703513484,False,False,False,False
2025-01-07 00:00:00+00:00,175.1,180.395,175.0,176.11,432555,,,,,,,,,,,,,,,,,,,,,,179.9259567520007,194.30591940560956,193.22762898706344,"rgba(239, 83, 80, 0.5)",0.0,0.0,18.98528822844456,189.5990345524384,-0.7636984162671469,0.0,0.0,0.0,0.0,0.0,0.0,0.0,0.0,40.73655223567036,-10.04708109226253,False,False,False,True,False,0.0,0,0.8022649544089696,1.0511045140806345,False,False,False,False,-0.28283178503269246,-0.25406792773181996,False,False,False,False,-5626479,-3398479.627395081,False,False,False,False,358183.35440630605,False,False,False,False
2025-01-08 00:00:00+00:00,177.88,177.99,172.67,175.0,251735,,,,,,,,,,,,,,,,,,,,,,179.63764580315404,194.20318629444924,193.19813552547348,"rgba(239, 83, 80, 0.5)",0.0,0.0,19.216018076144213,189.20519584124693,-0.5893622599838537,0.0,0.0,0.0,0.0,0.0,0.0,0.0,0.0,40.65601507777019,-10.04708109226253,False,False,False,True,False,0.0,0,0.8030208721384453,1.0394133426134724,False,False,False,False,-0.3225696172341399,-0.28831877248297993,False,False,False,False,-5374744,-3475980.191026646,False,False,False,False,354008.9091354705,False,False,False,False
2025-01-10 00:00:00+00:00,176.71,180.105,175.92,179.98,271466,,,,,,,,,,,,,,,,,,,,,,179.47982486731408,194.10219272350383,193.16904847790084,"rgba(239, 83, 80, 0.5)",0.0,0.0,19.458873648689792,189.13131722250694,-0.6383369072003446,0.0,0.0,0.0,0.0,0.0,0.0,0.0,0.0,40.088277021963954,-10.04708109226253,False,False,False,True,False,0.0,0,0.8069524717749127,1.04889333220945,False,False,False,False,-0.27761204967426684,-0.2829654110786234,False,False,False,False,-5646210,-3561087.2423589346,False,False,False,False,350771.93230662856,False,False,False,False
2025-01-13 00:00:00+00:00,184.61,184.64,174.74,176.0,224934,,,,,,,,,,,,,,,,,,,,,,179.59029805284337,194.03822506180157,193.15080905989709,"rgba(239, 83, 80, 0.5)",0.0,0.0,19.558931152284828,189.14117980169092,-0.23166806848551075,0.0,0.0,0.0,0.0,1.0,191.5,180.105,0.0,44.19646768280816,-10.04708109226253,True,False,False,True,True,0.0,0,0.8049570028711049,1.036601304163782,False,False,False,False,-0.242513384488803,-0.2627393977837132,False,False,False,False,-5421276,-3634035.821089957,False,False,False,False,345837.11143185885,False,False,False,False
2025-01-14 00:00:00+00:00,200.99,207.67,191.5,191.5,734665,,,,,,,,,,,,,,,,,,,,,,182.92973542317935,194.13503635260216,193.18536769130992,"rgba(38, 166, 154, 1.0)",0.0,0.0,19.553982920009776,189.98243940704378,0.5629318915734596,0.0,0.0,0.0,0.0,0.0,0.0,0.0,0.0,52.24295506376211,-3.135019442419434,True,False,True,False,True,3.6616580223241897,0,0.8678196338058352,0.9815646854345074,False,False,False,False,0.09295927223079117,-0.08489006277646101,False,False,False,False,-4686611,-3675313.279086429,False,False,False,False,361085.26392472716,False,False,False,False
2025-01-15 00:00:00+00:00,201.72,203.0,196.65,200.0,354627,,,,,,,,,,,,,,,,,,,,,,184.20959082426734,194.183770470594,193.2028982085138,"rgba(38, 166, 154, 1.0)",0.0,0.0,19.519363135748648,190.22193468167444,0.5890594502679998,0.0,0.0,0.0,0.0,0.0,0.0,0.0,0.0,57.777620647955956,1.6818335785374856,True,False,True,False,True,3.9306416890801295,0,0.8917548409640568,0.9727512186260561,False,False,False,False,0.09698301700227324,0.0060464771129061165,False,False,False,False,-4331984,-3701065.072063432,False,False,False,False,360831.9986727771,False,False,False,False
2025-01-16 00:00:00+00:00,205.34,206.8229,199.02,201.72,293677,,,,,,,,,,,,,,,,,,,,,,185.32257830625267,194.24431327867165,193.2238695306554,"rgba(38, 166, 154, 1.0)",0.0,0.0,19.432743243864977,190.43889275774313,0.7668041025016492,0.0,0.0,0.0,0.0,0.0,0.0,0.0,0.0,62.30760801207334,5.505168467547733,True,False,True,False,True,5.261209292845894,0,0.8974845673461369,0.9714647393949792,False,False,False,False,0.14922634378437155,0.07763641044863884,False,False,False,False,-4038307,-3714290.2457080036,False,False,False,False,358198.46931306034,False,False,False,False
2025-01-17 00:00:00+00:00,210.08,211.96,205.35,205.35,490050,,,,,,,,,,,,,,,,,,,,,,187.3911085395674,194.40023429875268,193.2765813521177,"rgba(38, 166, 154, 1.0)",0.0,0.0,19.280193722625814,190.8763402853737,0.9960304336615833,0.0,0.0,0.0,0.0,0.0,0.0,0.0,0.0,66.32377093115802,8.884876911898893,True,False,True,False,True,6.9631424253759455,0,0.9114217309808301,0.9631338571357484,False,False,False,False,0.24837753035553858,0.16300697040208872,False,False,False,False,-3548257,-3707779.13803318,False,False,False,False,363369.1175752933,False,False,False,False
2025-01-21 00:00:00+00:00,218.7,221.79,212.99,214.51,521075,,,,,,,,,,,,,,,,,,,,,,189.96514223075337,194.65827694459577,193.36278560325817,"rgba(38, 166, 154, 1.0)",0.0,0.0,19.082371930304795,191.4758739299097,1.4266636333010327,0.0,0.0,0.0,0.0,0.0,0.0,0.0,0.0,70.47769883487304,12.457297827829905,True,False,True,False,True,9.910818390097443,0,0.9239281524092355,0.9334794707621277,False,False,False,False,0.34282825270269274,0.25291761155239073,False,False,False,False,-3027182,-3681089.0541887414,False,False,False,False,369553.6619841053,False,False,False,False
2025-01-22 00:00:00+00:00,222.22,223.52,214.1,217.37,477080,,,,,,,,,,,,,,,,,,,,,,192.11984576031023,194.91076425447153,193.44797608325513,"rgba(38, 166, 154, 1.0)",0.0,0.0,18.870914509223237,191.9965252347336,1.6015903601542225,0.0,0.0,0.0,0.0,0.0,0.0,0.0,0.0,73.75614168177479,15.281501723946604,True,False,True,False,True,11.06502436872972,0,0.9522911955569984,0.9229676022029523,False,False,False,False,0.34282825275714335,0.29787293215476707,False,False,False,False,-2550102,-3636736.620691144,False,False,False,False,373770.3811219835,False,False,False,False
2025-01-23 00:00:00+00:00,222.24,223.5,215.7,217.35,352001,,,,,,,,,,,,,,,,,,,,,,193.54793751598584,195.0977468727652,193.51174048442226,"rgba(38, 166, 154, 1.0)",0.0,0.0,18.655180813145954,192.35289904849577,1.6020804757058886,0.0,0.0,0.0,0.0,0.0,0.0,0.0,0.0,75.94472202709699,17.207663323497542,True,False,True,False,True,11.071596853999594,0,0.9391170756687776,0.9236186187406694,False,False,False,False,0.34282825278596335,0.32035059247036524,False,False,False,False,-2198101,-3580319.5375267854,False,False,False,False,372916.6799015136,False,False,False,False
2025-01-24 00:00:00+00:00,222.08,223.54,215.46,217.58,346449,,,,,,,,,,,,,,,,,,,,,,194.81402973758077,195.27827146283522,193.57392813746884,"rgba(38, 166, 154, 1.0)",0.0,0.0,18.079959919831133,192.67803983670126,1.626218215840678,0.0,0.0,0.0,0.0,0.0,0.0,0.0,0.0,77.2982139745755,18.508825110333916,True,False,True,False,True,10.99942787008846,0,0.9407491529559726,0.9209738425295881,False,False,False,False,0.3411996965881627,0.33077514452926393,False,False,False,False,-2544550,-3539701.1242904407,False,False,False,False,371878.73167008173,False,False,False,False
2025-01-27 00:00:00+00:00,225.24,227.92,221.515,222.99,340505,,,,,,,,,,,,,,,,,,,,,,196.14804496703667,195.48480809890862,193.6450617798205,"rgba(38, 166, 154, 1.0)",0.0,0.0,17.6362423445595,193.03799081925612,1.825899675884058,0.0,0.0,0.0,0.0,0.0,0.0,0.0,0.0,78.72638624176753,20.025792323265165,True,False,True,False,True,12.062929786644041,0,0.9523141205487283,0.917447743834287,False,False,False,False,0.3428282529508477,0.33680169874005583,False,False,False,False,-2204045,-3487322.4527496393,False,False,False,False,370648.38925164717,False,False,False,False
2025-01-28 00:00:00+00:00,226.67,229.0,223.51,228.89,210096,,,,,,,,,,,,,,,,,,,,,,196.95369031735044,195.61724730675985,193.69089275612657,"rgba(38, 166, 154, 1.0)",0.0,0.0,17.433194907551574,193.26184154121114,1.9163531777137055,0.0,0.0,0.0,0.0,0.0,0.0,0.0,0.0,79.91049519625449,21.414571852711063,True,False,True,False,True,12.542181978358965,0,0.9950065778733785,0.9005705396325447,False,False,False,False,0.34282825299405906,0.33981497586705744,False,False,False,False,-1993949,-3428758.787935928,False,False,False,False,364352.21712413157,False,False,False,False
2025-01-29 00:00:00+00:00,226.71,228.865,224.61,224.61,124398,,,,,,,,,,,,,,,,,,,,,,197.41599915196716,195.69597882616537,193.71824626278422,"rgba(38, 166, 154, 1.0)",0.0,0.0,17.08232534965157,193.39241412663446,1.950412791666278,0.0,0.0,0.0,0.0,0.0,0.0,0.0,0.0,80.70676171586581,22.522613043396916,True,False,True,False,True,12.555754104547411,0,0.9878161737524389,0.8941530094743096,False,False,False,False,0.3428282530070988,0.3413216144370781,False,False,False,False,-1869551,-3367613.3844874604,False,False,False,False,354942.247825146,False,False,False,False
2025-01-30 00:00:00+00:00,226.89,229.75,225.26,225.9,185697,,,,,,,,,,,,,,,,,,,,,,198.09296169490756,195.81491932648552,193.75970012938467,"rgba(38, 166, 154, 1.0)",0.0,0.0,16.758275549333366,193.58663216126112,1.9872789262057249,0.0,0.0,0.0,0.0,0.0,0.0,0.0,0.0,81.27133245140124,23.483983869008057,True,False,True,False,True,12.617999440783219,0,0.9952247746993341,0.877228265458235,False,False,False,False,0.34282825302735476,0.3420749337322164,False,False,False,False,-1683854,-3301583.6047036387,False,False,False,False,348305.1792829834,False,False,False,False
2025-01-31 00:00:00+00:00,224.99,227.8,223.11,226.9,216859,,,,,,,,,,,,,,,,,,,,,,198.7941587052641,195.9439395392011,193.805102072615,"rgba(38, 166, 154, 1.0)",0.0,0.0,16.48683829632007,193.79113539662018,1.8923497666828908,0.0,0.0,0.0,0.0,0.0,0.0,0.0,0.0,79.93819094647856,23.483983869008057,True,False,True,False,True,11.687267272002643,0,1.0085284399783168,0.875278532996841,False,False,False,False,0.31463068984813686,0.3283528117901766,False,False,False,False,-1900713,-3246647.502558398,False,False,False,False,343150.427154239,False,False,False,False
2025-02-03 00:00:00+00:00,223.37,227.64,216.88,220.88,206700,,,,,,,,,,,,,,,,,,,,,,199.3656540035106,196.05477923876904,193.84459724006578,"rgba(38, 166, 154, 0.75)",0.0,0.0,16.411813162453328,193.9608369240419,1.7919508822608277,0.0,0.0,0.0,0.0,0.0,0.0,0.0,0.0,77.62879822568698,23.483983869008057,True,False,True,False,False,10.893438712142721,0,0.9983827618863578,0.8716899727125335,False,False,False,False,0.2716135004196284,0.2999831561049025,False,False,False,False,-2107413,-3201971.6397129707,False,False,False,False,337799.4300109355,False,False,False,False
2025-02-04 00:00:00+00:00,222.91,229.0,222.51,229.0,403540,,,,,,,,,,,,,,,,,,,,,,200.50326893580583,196.2860474480837,193.92719953089156,"rgba(38, 166, 154, 0.75)",0.0,0.0,16.41752575097054,194.3097600212386,1.7420554359155291,0.0,0.0,0.0,0.0,0.0,0.0,0.0,0.0,75.67704881125988,23.483983869008057,True,False,True,False,False,10.666139805734083,0,1.0063515415381317,0.8740413311636759,False,False,False,False,0.31872606835322287,0.3093546122290627,False,False,False,False,-2510953,-3174872.8695281483,False,False,False,False,340377.49157913413,False,False,False,False
2025-02-05 00:00:00+00:00,227.67,229.99,225.92,226.01,408539,,,,,,,,,,,,,,,,,,,,,,201.68806513542256,196.5410844683687,194.01860187646528,"rgba(38, 166, 154, 0.75)",0.0,0.0,16.528291497302945,194.68765926273113,1.9955081711047298,0.0,0.0,0.0,0.0,0.0,0.0,0.0,0.0,75.89649510515635,23.483983869008057,True,False,True,False,False,12.41490428140106,0,1.005921304222082,0.8859326533885077,False,False,False,False,0.3428282530389627,0.3260914326340127,False,False,False,False,-2102414,-3132815.6589584174,False,False,False,False,343050.4919093642,False,False,False,False
2025-02-06 00:00:00+00:00,228.87,233.5,227.245,230.0,528568,,,,,,,,,,,,,,,,,,,,,,203.18349359756306,196.88580680804225,194.1431165046545,"rgba(38, 166, 154, 0.75)",0.0,0.0,16.796584485495124,195.18536166681884,2.005445712029723,0.0,0.0,0.0,0.0,0.0,0.0,0.0,0.0,76.38115973030514,23.483983869008057,True,False,True,False,False,12.84949911800567,0,1.0111653165538492,0.8736332762052724,False,False,False,False,0.3428282530981423,0.3344598428660775,False,False,False,False,-1573846,-3071679.593901225,False,False,False,False,350325.6883050754,False,False,False,False
2025-02-07 00:00:00+00:00,223.5,228.69,221.93,228.0,243855,,,,,,,,,,,,,,,,,,,,,,203.69777762622465,197.01792437158682,194.19200800943383,"rgba(38, 166, 154, 0.75)",0.0,0.0,16.871271933338218,195.36571139494146,1.6675855096297876,0.0,0.0,0.0,0.0,0.0,0.0,0.0,0.0,72.20917547275998,28.322171781989184,True,False,True,False,False,10.149505512547297,0,1.0072060366934665,0.8787802691072569,False,False,False,False,0.27748546672251206,0.3059726547942948,False,False,False,False,-1817701,-3022503.9627678436,False,False,False,False,346150.36719507247,False,False,False,False
2025-02-10 00:00:00+00:00,219.67,226.075,219.15,225.11,292811,,,,,,,,,,,,,,,,,,,,,,204.19797546574884,197.15748212219816,194.24461344657288,"rgba(38, 166, 154, 0.75)",0.0,0.0,16.867452866339818,195.5487599567943,1.4300463878183594,0.0,0.0,0.0,0.0,0.0,0.0,0.0,0.0,66.86642668034645,23.197088771636288,True,False,True,False,False,8.286574137981415,0,1.0019921161321839,0.8916206956305802,False,False,False,False,0.2436208846049275,0.27479676969961114,False,False,False,False,-2110512,-2986739.5720710657,False,False,False,False,344058.62730506965,False,False,False,False
2025-02-11 00:00:00+00:00,221.22,227.51,219.06,222.06,337946,,,,,,,,,,,,,,,,,,,,,,204.77176727316984,197.32287115278564,194.30720799189476,"rgba(38, 166, 154, 0.75)",0.0,0.0,16.87699724583829,195.76419072094163,1.5083138847661741,0.0,0.0,0.0,0.0,0.0,0.0,0.0,0.0,64.04717847060027,20.588082981041893,True,False,True,False,False,8.883923833311563,0,1.006120605723308,0.8809460939837969,False,False,False,False,0.2520095332043302,0.2634031514519707,False,False,False,False,-1772566,-2939124.9221859258,False,False,False,False,343818.91643036105,False,False,False,False
2025-02-12 00:00:00+00:00,223.31,226.675,221.34,222.95,221862,,,,,,,,,,,,,,,,,,,,,,205.1530336983407,197.43529283289328,194.3498567287536,"rgba(38, 166, 154, 0.75)",0.0,0.0,16.916386586240346,195.91012197588515,1.6197240400264734,0.0,0.0,0.0,0.0,0.0,0.0,0.0,0.0,63.13979935994405,19.720628684283497,True,False,True,False,False,9.688548333841478,0,0.996715231639338,0.9056822281397965,False,False,False,False,0.2610607791643587,0.2622319653081647,False,False,False,False,-1550704,-2884677.042884517,False,False,False,False,339036.2922566214,False,False,False,False
2025-02-13 00:00:00+00:00,225.49,226.33,218.51,218.6,278018,,,,,,,,,,,,,,,,,,,,,,205.60160147724145,197.57307095669123,194.40252599329412,"rgba(38, 166, 154, 0.75)",0.0,0.0,17.087480335503344,196.086448703249,1.7207657723332133,0.0,0.0,0.0,0.0,0.0,0.0,0.0,0.0,63.49481977934655,19.720628684283497,True,False,True,False,False,10.523709622173637,1,0.9741944236778175,0.9327726579602293,False,False,False,False,0.24122589839419512,0.25172893185117995,False,False,False,False,-1272686,-2821461.707869438,False,False,False,False,336643.41805047943,False,False,False,False
2025-02-14 00:00:00+00:00,230.86,235.0,227.9,235.0,484684,,,,,,,,,,,,,,,,,,,,,,206.65338698572307,197.8812771547859,194.51846401891197,"rgba(38, 166, 154, 0.75)",0.0,0.0,17.38187926372566,196.4937667187101,1.9771299040725123,0.0,0.0,0.0,0.0,0.0,0.0,0.0,0.0,65.73472226150858,19.720628684283497,True,False,True,False,False,12.53156917832202,1,1.0265884162219636,0.9095012832553573,False,False,False,False,0.34282825312291043,0.2972785924870452,False,False,False,False,-788002,-2741718.189913774,False,False,False,False,342448.9310681077,False,False,False,False
2025-02-18 00:00:00+00:00,238.11,242.445,236.25,240.0,581503,,,,,,,,,,,,,,,,,,,,,,208.16696074085434,198.3271075039756,194.68548869881994,"rgba(38, 166, 154, 1.0)",0.0,0.0,17.80503131443766,197.08633607772273,2.3040489622173372,0.0,0.0,0.0,0.0,0.0,0.0,0.0,0.0,69.20945906036381,19.720628684283497,True,False,True,False,True,15.101303959636432,1,1.0270584948499517,0.8576167252130433,False,False,False,False,0.3428282532794596,0.3200534228832524,False,False,False,False,-206499,-2642297.8295249986,False,False,False,False,351823.60043798585,False,False,False,False
2025-02-19 00:00:00+00:00,236.69,239.715,233.66,234.22,443541,,,,,,,,,,,,,,,,,,,,,,209.1517432642035,198.64225135232724,194.80561900783326,"rgba(38, 166, 154, 1.0)",0.0,0.0,18.184177184901422,197.49226637694454,2.1555956711421556,0.0,0.0,0.0,0.0,0.0,0.0,0.0,0.0,70.47939269793194,14.080051755188293,True,False,True,False,True,14.366575127930616,1,1.0310202778858333,0.8595751775080901,False,False,False,False,0.3129017827790271,0.31647760283113974,False,False,False,False,-650040,-2564170.0715044104,False,False,False,False,355420.36120512366,False,False,False,False
2025-02-20 00:00:00+00:00,244.2,246.8,237.12,237.12,759128,,,,,,,,,,,,,,,,,,,,,,211.02403043174246,199.25322402562034,195.0389537698091,"rgba(38, 166, 154, 1.0)",0.0,0.0,18.829765706895408,198.27696165818566,2.4388534120208116,0.0,0.0,0.0,0.0,0.0,0.0,0.0,0.0,73.0657274244989,16.651701782773202,True,False,True,False,True,16.922394883245254,0,1.0380868436355546,0.8386131601660898,False,False,False,False,0.3428282533232203,0.32965292807718005,False,False,False,False,109088,-2459336.4216414923,False,False,False,False,371252.03331472666,False,False,False,False
2025-02-21 00:00:00+00:00,255.37,260.975,253.04,258.66,811126,,,,,,,,,,,,,,,,,,,,,,213.58058603317411,200.08840435028293,195.35699407814033,"rgba(38, 166, 154, 1.0)",0.0,0.0,19.80516700075831,199.35379425876835,2.8283632114330004,0.0,0.0,0.0,0.0,0.0,0.0,0.0,0.0,76.53378417211273,19.998723472729623,True,False,True,False,True,20.0,0,1.0520483569061578,0.8325938072068436,False,False,False,False,0.3428282535215546,0.3362405907993673,False,False,False,False,920214,-2326805.0325575126,False,False,False,False,388501.9927925805,False,False,False,False
2025-02-24 00:00:00+00:00,258.49,259.69,254.14,256.5,491747,,,,,,,,,,,,,,,,,,,,,,215.02731982719516,200.59154819895457,195.55126962558458,"rgba(38, 166, 154, 1.0)",0.0,0.0,20.818994776297284,199.98856494471653,2.810002869201359,0.0,0.0,0.0,0.0,0.0,0.0,0.0,0.0,79.22481810927873,22.562981922297,True,False,True,False,True,20.0,0,1.0567335552061663,0.8395310026102957,False,False,False,False,0.3420016774818908,0.33912113414062905,False,False,False,False,1411961,-2180186.7567709433,False,False,False,False,392550.8166046362,False,False,False,False
2025-02-25 00:00:00+00:00,259.7,265.89,258.28,260.0,619662,,,,,,,,,,,,,,,,,,,,,,216.87353753989063,201.25523415585815,195.80947821303292,"rgba(38, 166, 154, 1.0)",0.0,0.0,21.799807038570716,200.816999657098,2.701078970044067,0.0,0.0,0.0,0.0,0.0,0.0,0.0,0.0,81.16510864345312,24.438594050762873,True,False,True,False,True,20.0,0,1.122698601657473,0.8040387042734065,False,False,False,False,0.34282825357316327,0.34097469385689616,False,False,False,False,2031623,-2015017.7467014948,False,False,False,False,401457.13752210146,False,False,False,False
2025-02-26 00:00:00+00:00,259.0,268.45,257.68,265.4,710949,,,,,,,,,,,,,,,,,,,,,,218.8365546814794,202.00423935672782,196.1051222226342,"rgba(38, 166, 154, 1.0)",0.0,0.0,22.692695552962807,201.7338703854297,2.5235490195916155,0.0,0.0,0.0,0.0,0.0,0.0,0.0,0.0,81.95354130712833,25.30325606052007,True,False,True,False,True,20.0,0,1.118857524143068,0.7738367947656652,False,False,False,False,0.34282825358244556,0.34190147371967083,False,False,False,False,1320674,-1884206.3056543774,False,False,False,False,413594.07330554846,False,False,False,False
2025-02-27 00:00:00+00:00,278.38,287.88,264.0,265.0,1121149,,,,,,,,,,,,,,,,,,,,,,222.5770317148897,203.4366967379623,196.67167215233763,"rgba(38, 166, 154, 1.0)",0.0,0.0,24.219605771186917,207.91328319061031,2.9094906612072555,0.0,0.0,0.0,0.0,0.0,0.0,0.0,0.0,84.41021801264891,27.792876898876656,True,False,True,False,True,20.0,0,1.124869056557677,0.7185200470768238,False,False,False,False,0.3428282536877968,0.3423648637037338,False,False,False,False,2441823,-1714558.0975894998,False,False,False,False,441341.3253327819,False,False,False,False
2025-02-28 00:00:00+00:00,271.8,281.175,265.27,270.24,964677,,,,,,,,,,,,,,,,,,,,,,225.2182814864433,204.56103719047195,197.12875643173908,"rgba(38, 166, 154, 1.0)",0.0,0.0,25.382751043228584,209.11071957873696,2.4697591019389056,0.0,0.0,0.0,0.0,0.0,0.0,0.0,0.0,82.59069671652824,27.792876898876656,True,False,True,False,True,20.0,0,1.1349194564662217,0.7287358359188684,False,False,False,False,0.3231814482899681,0.332773155996851,False,False,False,False,1477146,-1589393.2310173626,False,False,False,False,461864.29296679044,False,False,False,False
2025-03-03 00:00:00+00:00,245.53,258.955,240.0,255.83,1292450,,,,,,,,,,,,,,,,,,,,,,226.72990553053555,205.48846212268563,197.53627282336492,"rgba(38, 166, 154, 0.75)",0.0,0.0,25.770960518654586,209.55844107546218,1.3958175481468538,0.0,0.0,0.0,0.0,0.0,0.0,0.0,0.0,72.48976807627044,29.673261335315388,True,False,True,False,False,11.553168988545693,0,1.0684866868237002,0.7696367925134808,False,False,False,False,0.15977302148566835,0.24627308874125967,False,False,False,False,184696,-1519821.1043107994,False,False,False,False,494436.2814778967,False,False,False,False
2025-03-04 00:00:00+00:00,257.31,257.74,250.47,252.0,831130,,,,,,,,,,,,,,,,,,,,,,227.88602368750892,206.15891014115633,197.83073351900885,"rgba(38, 166, 154, 0.75)",0.0,0.0,26.40456339006232,210.16927450686634,1.7853249378429656,0.0,0.0,0.0,0.0,0.0,0.0,0.0,0.0,68.02687408904858,25.814135278415705,True,False,True,False,False,14.833261904722825,0,1.0765188110822903,0.764551107461588,False,False,False,False,0.1907090563595332,0.21849107255039643,False,False,False,False,1015826,-1420383.962965278,False,False,False,False,507639.9567140576,False,False,False,False
2025-03-05 00:00:00+00:00,262.21,263.33,255.88,259.78,567987,,,,,,,,,,,,,,,,,,,,,,228.7667464476403,206.65520408721267,198.04868061271938,"rgba(38, 166, 154, 0.5)",0.0,0.0,27.074943695382046,210.6812931003682,1.9031879615107234,0.0,0.0,0.0,0.0,0.0,0.0,0.0,0.0,65.88772983496989,24.05622351964044,False,False,True,False,False,16.12516700616027,0,1.093277634345727,0.7517331602237871,False,False,False,False,0.22795831467833944,0.22322469361436792,False,False,False,False,1583813,-1302572.3173587965,False,False,False,False,510006.5074311534,False,False,False,False
2025-03-06 00:00:00+00:00,256.97,264.87,256.28,256.86,441686,,,,,,,,,,,,,,,,,,,,,,229.39675722263405,207.02715363540986,198.21415021481383,"rgba(38, 166, 154, 0.5)",0.0,0.0,27.58486128948921,211.05751389776998,1.6644088081647994,0.0,0.0,0.0,0.0,0.0,0.0,0.0,0.0,63.07973015860276,21.520066002357098,False,False,True,False,False,14.038932042169883,0,1.101981444306044,0.7461847321690316,False,False,False,False,0.23335111467149608,0.22828790414293199,False,False,False,False,1142127,-1206701.7558937457,False,False,False,False,507327.271845618,False,False,False,False
2025-03-07 00:00:00+00:00,247.07,256.525,245.52,256.47,662360,,,,,,,,,,,,,,,,,,,,,,230.00486796610863,207.47397724036142,198.42166062353823,"rgba(38, 166, 154, 0.5)",0.0,0.0,27.84614807140145,211.43191931166612,1.279820842615388,0.0,0.0,0.0,0.0,0.0,0.0,0.0,0.0,58.85769231618977,17.60419015051575,False,False,True,False,False,10.275143853889432,0,1.0658578648009518,0.7754850767210059,False,False,False,False,0.16810747671645362,0.19819769042969282,False,False,False,False,479767,-1140565.7262508539,False,False,False,False,513406.9866752016,False,False,False,False
2025-03-10 00:00:00+00:00,242.66,246.99,238.1,240.0,576838,,,,,,,,,,,,,,,,,,,,,,230.32454945053044,207.79120730896344,198.5761126222942,"rgba(38, 166, 154, 0.5)",0.0,0.0,27.975871963964675,214.17970756410668,1.0180305540638155,0.0,0.0,0.0,0.0,0.0,0.0,0.0,0.0,55.09004815050526,14.120170552248439,False,True,True,False,False,8.667538136029517,0,1.0463265011530887,0.8015930478550591,False,False,False,False,0.11138772669406437,0.1547927085618786,False,False,False,False,-97071,-1099644.364437095,False,False,False,False,515894.4773938212,False,False,False,False
2025-03-11 00:00:00+00:00,245.71,247.29,242.49,246.88,375684,,,,,,,,,,,,,,,,,,,,,,230.5661663121718,208.00984243803973,198.68198813909748,#000000,0.0,0.0,28.11639679797007,214.3914355992913,1.113889685998806,0.0,0.0,0.0,0.0,0.0,0.0,0.0,0.0,53.30128812602346,12.426598634909183,False,True,False,False,False,9.53845857563406,0,1.0552191199227345,0.8061852262488732,False,False,False,False,0.12699076374984558,0.1408917361558621,False,False,False,False,278613,-1045595.056027797,False,False,False,False,510396.0272999459,False,False,False,False
2025-03-12 00:00:00+00:00,249.84,250.0,244.075,249.22,620643,,,,,,,,,,,,,,,,,,,,,,231.0221051205282,208.39236706945226,198.86635225678856,#000000,0.0,0.0,28.304638506948113,214.788622797476,1.2383615920026583,0.0,0.0,0.0,0.0,0.0,0.0,0.0,0.0,53.08125449631551,12.037523145723512,False,True,False,False,False,10.7048774331608,0,1.0497036530480475,0.8069011942740119,False,False,False,False,0.14133365649354823,0.14111269632470516,False,False,False,False,899256,-969326.3871639619,False,False,False,False,514719.4379940657,False,False,False,False
2025-03-13 00:00:00+00:00,254.57,254.74,246.89,250.0,272205,,,,,,,,,,,,,,,,,,,,,,231.261135495138,208.57495616000188,198.95348411491597,#000000,0.0,0.0,28.6231835582454,215.0014049004025,1.382396721143169,0.0,0.0,0.0,0.0,0.0,0.0,0.0,0.0,54.009984416499876,12.037523145723512,False,True,False,False,False,12.016414882699767,0,1.0573432919404189,0.7974426899881522,False,False,False,False,0.16670777414054935,0.15391023523262726,False,False,False,False,1171461,-885373.9406085125,False,False,False,False,505209.06787665136,False,False,False,False
2025-03-14 00:00:00+00:00,259.19,260.0,252.01,253.71,315031,,,,,,,,,,,,,,,,,,,,,,231.5959555581626,208.80845102270604,199.06342828657242,"rgba(38, 166, 154, 0.5)",0.0,0.0,29.009683641380413,215.30480798101416,1.5127773388189067,0.0,0.0,0.0,0.0,0.0,0.0,0.0,0.0,55.63243933924885,12.037523145723512,False,True,True,False,False,13.271414948599809,0,1.069701241608758,0.7875082540944011,False,False,False,False,0.2019271799805698,0.17791870760659853,False,False,False,False,1486492,-792359.5899964139,False,False,False,False,497751.1044305082,False,False,False,False
2025-03-17 00:00:00+00:00,265.07,265.85,257.16,260.0,389944,,,,,,,,,,,,,,,,,,,,,,232.08748779230382,209.1277113310966,199.21208753848958,"rgba(38, 166, 154, 0.5)",0.0,0.0,29.448823799452033,215.74433372355443,1.674962185666763,0.0,0.0,0.0,0.0,0.0,0.0,0.0,0.0,57.90882396678467,12.037523145723512,False,True,True,False,True,14.828514498520175,0,1.0712894596088143,0.7819831447625263,False,False,False,False,0.23979978478894512,0.20885924619777183,False,False,False,False,1876436,-687700.9394083193,False,False,False,False,493523.3748449981,False,False,False,False
2025-03-18 00:00:00+00:00,261.38,264.24,258.19,261.18,270876,,,,,,,,,,,,,,,,,,,,,,232.40442753016245,209.3414349882204,199.31263980371705,"rgba(38, 166, 154, 0.5)",0.0,0.0,29.76735066574886,216.01170069412083,1.52409597398539,0.0,0.0,0.0,0.0,0.0,0.0,0.0,0.0,58.244799454179905,12.037523145723512,False,True,True,False,True,13.400580486310865,0,1.0795329870844452,0.7820900263352647,False,False,False,False,0.23778683233752493,0.22332303926764838,False,False,False,False,1605560,-597769.137862895,False,False,False,False,484792.1052432335,False,False,False,False
2025-03-19 00:00:00+00:00,266.26,270.6,259.41,259.41,300343,,,,,,,,,,,,,,,,,,,,,,232.79731223154965,209.59515978541432,199.43119862155385,"rgba(38, 166, 154, 0.5)",0.0,0.0,30.175072587446405,216.34284336589485,1.6542514185988053,0.0,0.0,0.0,0.0,0.0,0.0,0.0,0.0,59.51317043436787,12.037523145723512,False,True,True,False,True,14.694240317673643,0,1.084072344892925,0.7668888242543298,False,False,False,False,0.26425020094910845,0.24378662010837843,False,False,False,False,1905903,-499585.91677023255,False,False,False,False,477558.80699840083,False,False,False,False
2025-03-20 00:00:00+00:00,262.59,268.38,260.02,264.17,209116,,,,,,,,,,,,,,,,,,,,,,233.05092417307517,209.76493949263403,199.51130042959355,"rgba(38, 166, 154, 0.5)",0.0,0.0,30.589575087536574,216.54985825700686,1.5050925555926316,0.0,0.0,0.0,0.0,0.0,0.0,0.0,0.0,59.13129184438258,12.037523145723512,False,True,True,False,True,13.271633764029904,0,1.0845017898632028,0.7684285392600745,False,False,False,False,0.25860019902650605,0.25119340956744224,False,False,False,False,1696787,-413453.6455243411,False,False,False,False,467031.63809650275,False,False,False,False
2025-03-21 00:00:00+00:00,251.98,256.49,250.49,254.57,518232,,,,,,,,,,,,,,,,,,,,,,233.44876013765546,210.098685934043,199.67605618037288,"rgba(38, 166, 154, 0.5)",0.0,0.0,30.833762753084738,216.84408332061562,1.1395273733131783,0.0,0.0,0.0,0.0,0.0,0.0,0.0,0.0,55.787848365704384,12.037523145723512,False,True,True,False,False,9.326102221644977,0,1.0741320839606117,0.7810703563609275,False,False,False,False,0.18480384324271476,0.2179986264050785,False,False,False,False,1178555,-351021.93393515126,False,False,False,False,469039.49542605167,False,False,False,False
2025-03-24 00:00:00+00:00,253.2,257.88,252.54,254.74,565258,,,,,,,,,,,,,,,,,,,,,,233.89806844706865,210.46986324008097,199.8598112421342,#000000,0.0,0.0,31.049887259808997,217.18913450586697,1.1597744363067466,0.0,0.0,0.0,0.0,0.0,0.0,0.0,0.0,53.89288001125476,10.438912914303963,False,True,False,False,False,9.668730986096385,0,1.0821795981104445,0.7720618769547485,False,False,False,False,0.1926343494714299,0.2053164879382542,False,False,False,False,1743813,-268871.54436906695,False,False,False,False,472812.77011522616,False,False,False,False
2025-03-25 00:00:00+00:00,250.47,258.48,250.24,258.48,319788,,,,,,,,,,,,,,,,,,,,,,234.1262969069185,210.67017467649333,199.960431629809,#000000,0.0,0.0,31.21549318083129,217.3654309709406,1.0605172513945142,0.0,0.0,0.0,0.0,0.0,0.0,0.0,0.0,51.85770934297649,8.269315118811377,False,True,False,False,False,8.671977413527333,1,1.069751785461928,0.777214656155595,False,False,False,False,0.18407407043403512,0.19469527918614465,False,False,False,False,1424025,-202483.44458988786,False,False,False,False,466811.7987381585,False,False,False,False
2025-03-26 00:00:00+00:00,250.92,253.34,249.025,253.34,262833,,,,,,,,,,,,,,,,,,,,,,234.2907686723503,210.82582612660755,200.03979194466578,#000000,0.0,0.0,31.320871458197065,217.49289305059384,1.0672470270828898,0.0,0.0,0.0,0.0,0.0,0.0,0.0,0.0,50.64556222447443,6.8867279280680265,False,True,False,False,False,8.803054413333225,1,1.0705097113580166,0.7952364635141903,False,False,False,False,0.11652480506678187,0.15561004212646326,False,False,False,False,1686858,-128391.62323342166,False,False,False,False,458812.6301601915,False,False,False,False
2025-03-27 00:00:00+00:00,262.6,269.0,259.08,264.02,689601,,,,,,,,,,,,,,,,,,,,,,235.01665001929356,211.35323783753904,200.29739667751312,#000000,0.0,0.0,31.6107908078159,218.07924214011229,1.4084037988976787,0.0,0.0,0.0,0.0,0.0,0.0,0.0,0.0,53.14728005645364,6.8867279280680265,False,True,False,False,False,12.095476976498361,1,1.054037364644612,0.8013732534274618,False,False,False,False,0.23082813402054603,0.19321908807350463,False,False,False,False,2376459,-30162.18702818945,False,False,False,False,467863.15446763503,False,False,False,False
2025-03-28 00:00:00+00:00,267.39,274.0,265.58,269.0,514626,,,,,,,,,,,,,,,,,,,,,,235.63398700214574,211.78023171919384,200.50466519947886,"rgba(38, 166, 154, 0.5)",0.0,0.0,31.994903587971734,218.5772340306186,1.5256419146620657,0.0,0.0,0.0,0.0,0.0,0.0,0.0,0.0,55.92578145508058,6.8867279280680265,False,True,True,False,True,13.37804291031318,1,1.049970302080949,0.7764801457816237,False,False,False,False,0.28162824202836223,0.23742366505093343,False,False,False,False,2891085,84396.52618860229,False,False,False,False,469696.99154733564,False,False,False,False
2025-03-31 00:00:00+00:00,272.17,275.25,264.43,273.8,534873,,,,,,,,,,,,,,,,,,,,,,236.28242775078226,212.22980055010362,200.7238522312197,"rgba(38, 166, 154, 0.5)",0.0,0.0,32.45997809250291,219.09828731601198,1.6349891713650202,0.0,0.0,0.0,0.0,0.0,0.0,0.0,0.0,58.81005774670347,2.578379595057015,False,True,True,False,True,14.631401177962292,0,1.042175007167203,0.7833761241890442,False,False,False,False,0.27704177211046166,0.2572327185806975,False,False,False,False,3425958,215438.15261257865,False,False,False,False,472252.91344744014,False,False,False,False
2025-04-01 00:00:00+00:00,271.04,284.15,268.46,282.93,905502,,,,,,,,,,,,,,,,,,,,,,237.44673627438195,213.02565849503722,201.1125204159501,"rgba(38, 166, 154, 0.5)",0.0,0.0,32.65312596930914,223.91529683823245,1.4431911727551094,0.0,0.0,0.0,0.0,0.0,0.0,0.0,0.0,60.292202818534136,4.060748757055492,False,True,True,False,True,14.193779545904547,0,1.0366068359151186,0.779650599522882,False,False,False,False,0.34282825315823073,0.3000304858694641,False,False,False,False,2520456,305831.0093728697,False,False,False,False,489243.07370440324,False,False,False,False
2025-04-02 00:00:00+00:00,274.78,276.0,269.065,271.59,737286,,,,,,,,,,,,,,,,,,,,,,238.31302468848364,213.6457576485795,201.42056192853428,"rgba(38, 166, 154, 0.5)",0.0,0.0,32.82925595773901,224.5538654680316,1.529919977370925,0.0,0.0,0.0,0.0,0.0,0.0,0.0,0.0,62.12988185150243,5.91853943493404,False,True,True,False,True,15.18017445235482,0,1.0282939455796627,0.8170626486247605,False,False,False,False,0.2949609964656957,0.29749574116757993,False,False,False,False,3257742,421592.2246915807,False,False,False,False,498970.24728462275,False,False,False,False
2025-04-03 00:00:00+00:00,264.32,270.0,259.78,265.84,389922,,,,,,,,,,,,,,,,,,,,,,238.64612119781003,213.92211887285663,201.563084219431,"rgba(38, 166, 154, 0.5)",0.0,0.0,32.70004056365784,224.72522155113273,1.2108479918178476,0.0,0.0,0.0,0.0,0.0,0.0,0.0,0.0,59.4972578893985,5.91853943493404,False,True,True,False,True,11.189984062517265,0,0.9964016057574309,0.8253218794849928,False,False,False,False,0.199997158596619,0.24874644988209949,False,False,False,False,2867820,517522.7256840677,False,False,False,False,494693.8454303238,False,False,False,False
2025-04-04 00:00:00+00:00,238.51,253.81,237.86,253.0,675340,,,,,,,,,,,,,,,,,,,,,,238.74769245762266,214.1958570186544,201.72562581614778,#000000,0.0,0.0,32.255800150536565,224.47154888581176,0.43522253513077735,0.0,0.0,0.0,0.0,0.0,0.0,0.0,0.0,51.90110859442266,8.627728864139328,False,True,False,False,False,2.5503284186665383,0,0.9523056284163947,0.843181226598322,False,False,False,False,-0.024026275646237726,0.11236008711793088,False,False,False,False,2192480,583207.3246768494,False,False,False,False,501778.00835462485,False,False,False,False
2025-04-07 00:00:00+00:00,220.54,235.03,214.1224,220.15,700298,,,,,,,,,,,,,,,,,,,,,,238.41089629165006,214.28204767525597,201.8119298393375,"rgba(239, 83, 80, 1.0)",0.0,0.0,31.70976427219543,223.84087918881158,-0.10409661706964987,0.0,0.0,0.0,0.0,0.0,0.0,0.0,0.0,44.409662359506406,1.908716636028565,False,True,False,True,False,0.0,0,0.912479524471359,0.877883636950263,False,False,False,False,-0.3114046941248008,-0.09952230350343497,False,False,False,False,1492182,618853.3903757965,False,False,False,False,509563.1060662082,False,False,False,False
2025-04-08 00:00:00+00:00,209.41,229.47,207.635,229.47,611456,,,,,,,,,,,,,,,,,,,,,,237.98486797137087,214.29215006610536,201.85974351214242,"rgba(239, 83, 80, 1.0)",0.0,0.0,31.2678539775336,223.2697828371312,-0.4432598043693583,0.0,0.0,0.0,0.0,0.0,0.0,0.0,0.0,38.24750739046921,-3.4118199774328914,False,True,False,True,False,0.0,0,0.8914090392561593,0.9001445118263989,False,False,False,False,-0.34282825441539394,-0.22117527895941447,False,False,False,False,880726,629122.9044787065,False,False,False,False,513558.90582831774,False,False,False,False
2025-04-09 00:00:00+00:00,206.32,211.8506,196.45,209.24,760520,,,,,,,,,,,,,,,,,,,,,,237.2362140614098,214.19636279332843,201.8727760073987,"rgba(239, 83, 80, 1.0)",-1.0,217.85,30.77074621504383,222.716007011837,-0.5328439842586918,1.0,211.8506,196.45,0.0,0.0,0.0,0.0,0.0,33.83623761495827,-7.1027120978374825,False,True,False,True,False,0.0,0,0.8690392627165535,0.9365330187022873,True,False,False,False,-0.34282825441539394,-0.2820017666874042,False,False,False,False,120206,609165.3788128749,True,False,False,False,523243.6546193641,True,False,False,False
2025-04-10 00:00:00+00:00,208.31,222.17,206.72,218.64,930392,,,,,,,,,,,,,,,,,,,,,,236.5677231968337,214.1742878252582,201.9281737882382,"rgba(239, 83, 80, 1.0)",0.0,0.0,30.21278628731959,222.29036238405448,-0.46272999289450106,0.0,0.0,0.0,0.0,0.0,0.0,0.0,0.0,31.50156842667696,-8.99425910124939,False,True,False,True,False,0.0,0,0.8876551278404669,0.9182247302745998,False,False,False,False,-0.24035839753510346,-0.2611800821112538,False,False,False,False,1050598,626476.4619966837,False,False,False,False,539210.2563989969,False,False,False,False
2025-04-11 00:00:00+00:00,230.36,234.8,226.49,227.72,909612,,,,,,,,,,,,,,,,,,,,,,236.4134281779966,214.36869389488453,202.07467372149603,"rgba(239, 83, 80, 1.0)",0.0,0.0,29.57614709905989,222.59845735448243,0.2624257520603246,0.0,0.0,0.0,0.0,0.0,0.0,0.0,0.0,35.5095277047476,-8.99425910124939,False,True,False,True,False,0.4960014993552946,0,0.8935916969853474,0.8843168604347653,False,False,False,False,-0.08787814565353019,-0.174529113882392,False,False,False,False,1960210,678779.7379968138,False,False,False,False,553735.8149715853,False,False,False,False
2025-04-14 00:00:00+00:00,242.75,250.43,236.95,246.57,835393,,,,,,,,,,,,,,,,,,,,,,236.57362629160374,214.68155544077396,202.267919040786,"rgba(239, 83, 80, 0.75)",0.0,0.0,28.97117408797993,223.1573683922405,0.6762802069484798,0.0,0.0,0.0,0.0,0.0,0.0,0.0,0.0,40.50806199569832,-8.99425910124939,False,True,False,True,True,3.6420498694930536,0,0.9065677467726639,0.8536572634467536,False,False,False,False,0.03168075572885199,-0.07142417907677001,False,False,False,False,2795603,761792.4149381153,False,False,False,False,564781.1947766212,False,False,False,False
2025-04-15 00:00:00+00:00,238.84,244.0,237.6,239.56,401685,,,,,,,,,,,,,,,,,,,,,,236.61271946867487,214.81293528769362,202.3529451714999,"rgba(239, 83, 80, 0.75)",0.0,0.0,28.406336131793484,223.32235494653455,0.5462740770745687,0.0,0.0,0.0,0.0,0.0,0.0,0.0,0.0,43.14786727824596,-17.353424471881468,False,True,False,True,True,2.587045150876346,0,0.9176189855029905,0.863273126613046,False,False,False,False,0.005235340424150087,-0.033094419326309965,False,False,False,False,2393918,825797.339842503,False,False,False,False,558385.2655696949,False,False,False,False
2025-04-16 00:00:00+00:00,228.14,236.18,227.69,235.0,575677,,,,,,,,,,,,,,,,,,,,,,236.52097403084107,214.92932106165063,202.44374881409217,"rgba(239, 83, 80, 0.75)",0.0,0.0,27.87524282251938,223.33471810582137,0.17238529274071868,0.0,0.0,0.0,0.0,0.0,0.0,0.0,0.0,43.12902439039698,-17.231477843102866,False,True,False,True,True,0.0,0,0.8922509440111447,0.875396626968398,False,False,False,False,-0.07599896221102785,-0.05454669076866891,False,False,False,False,1818241,864716.6990643656,False,False,False,False,559063.3728022559,False,False,False,False
2025-04-17 00:00:00+00:00,230.98,234.15,227.3961,229.3,519865,,,,,,,,,,,,,,,,,,,,,,236.4428894355022,215.0340975801371,202.52574680059718,"rgba(239, 83, 80, 0.75)",0.0,0.0,27.24850033066543,223.34668548365985,0.2801370506159421,0.0,0.0,0.0,0.0,0.0,0.0,0.0,0.0,43.70770827265566,-16.315455391332705,False,True,False,True,True,0.5139355197335824,0,0.8910153448883958,0.8855476299308963,False,False,False,False,-0.08669792360109559,-0.07062230718488224,False,False,False,False,2338106,922496.6716500768,False,False,False,False,557526.1817119714,False,False,False,False
2025-04-21 00:00:00+00:00,229.22,232.505,228.23,231.28,282723,,,,,,,,,,,,,,,,,,,,,,236.3949576341713,215.08744400764397,202.568798364143,"rgba(239, 83, 80, 0.75)",0.0,0.0,26.642958965070275,223.34474412839927,0.22051814437365486,0.0,0.0,0.0,0.0,0.0,0.0,0.0,0.0,43.78235861892871,-15.734341798866424,False,True,False,True,True,0.05427803568225542,0,0.8898132479524171,0.8939285645656614,False,False,False,False,-0.0904366737478976,-0.08052949046638992,False,False,False,False,2055383,966923.5864873286,False,False,False,False,546749.5863507176,False,False,False,False
2025-04-22 00:00:00+00:00,252.77,254.9,245.76,249.41,722370,,,,,,,,,,,,,,,,,,,,,,236.66944162855765,215.4131841816575,202.76260612319638,#000000,0.0,0.0,26.11575057385945,223.81550215417056,1.1086986668807997,0.0,0.0,0.0,0.0,0.0,0.0,0.0,0.0,48.21356838452432,-11.056336136719736,False,True,False,False,True,5.805143548620634,0,0.9039036920857414,0.8690974148923075,False,False,False,False,0.09267070200054829,0.006070605767079185,False,False,False,False,2777753,1037936.5046642962,False,False,False,False,553636.6613957875,False,False,False,False
2025-04-23 00:00:00+00:00,249.13,255.055,248.0,252.46,430405,,,,,,,,,,,,,,,,,,,,,,236.82363019143753,215.60226274258994,202.8763635957058,#000000,0.0,0.0,25.495557235305586,224.06774304624886,0.983004871101447,0.0,0.0,0.0,0.0,0.0,0.0,0.0,0.0,50.43844941491344,-8.587978471779117,False,True,False,False,True,4.838902862386121,0,0.9121955865142042,0.8645614038556503,False,False,False,False,0.10373032867112078,0.05490046721909998,False,False,False,False,2347348,1089285.9750696179,False,False,False,False,548804.0472234037,False,False,False,False
2025-04-24 00:00:00+00:00,256.16,259.98,253.01,257.88,459630,,,,,,,,,,,,,,,,,,,,,,237.050062023272,215.83410622079538,203.011537164251,"rgba(38, 166, 154, 0.5)",0.0,0.0,24.799384653075077,224.39793150505943,1.280760347051682,0.0,0.0,0.0,0.0,0.0,0.0,0.0,0.0,53.05401417731705,-5.770562335395809,False,True,True,False,True,6.454209470405107,0,0.9145436752062267,0.8529993660115563,False,False,False,False,0.14991065302274686,0.10240556012092342,False,False,False,False,2806978,1156646.4466355152,False,False,False,False,545307.0257636623,False,False,False,False
2025-04-25 00:00:00+00:00,244.9,250.82,244.4033,247.56,488142,,,,,,,,,,,,,,,,,,,,,,237.16735717076978,216.01939448902598,203.1284600559807,"rgba(38, 166, 154, 0.5)",0.0,0.0,23.94982911033853,224.596339659944,0.8477580464777279,0.0,0.0,0.0,0.0,0.0,0.0,0.0,0.0,52.522072157190806,-5.770562335395809,False,True,True,False,True,3.500367363700274,0,0.8963697989730008,0.8595478240755481,False,False,False,False,0.0676445326677416,0.0850250463943325,False,False,False,False,2318836,1202222.5075517695,False,False,False,False,543065.2600474403,False,False,False,False
2025-04-28 00:00:00+00:00,249.46,255.64,247.67,247.67,248053,,,,,,,,,,,,,,,,,,,,,,237.25173410716928,216.12551762870243,203.19336011358752,"rgba(38, 166, 154, 0.5)",0.0,0.0,22.865426686365467,224.7226364363994,1.0818675681373298,0.0,0.0,0.0,0.0,0.0,0.0,0.0,0.0,52.969849481613025,-5.078626034549174,False,True,True,False,True,4.556012740902844,0,0.9022373374152114,0.8473822499089791,False,False,False,False,0.10490931090126944,0.09496717864780096,False,False,False,False,2566889,1255738.840588955,False,False,False,False,531496.1518102858,False,False,False,False
2025-04-29 00:00:00+00:00,249.77,250.29,246.04,249.09,321200,,,,,,,,,,,,,,,,,,,,,,237.3419467264004,216.25326082003608,203.2732343348892,"rgba(38, 166, 154, 0.5)",0.0,0.0,21.7911669641087,224.86226563151536,1.1430197570193976,0.0,0.0,0.0,0.0,0.0,0.0,0.0,0.0,53.325185773042186,-4.2271602477825,False,False,True,False,True,4.628087693944753,0,0.887359550012164,0.8677436754702755,False,False,False,False,0.07273101883047856,0.08384909873913976,False,False,False,False,2888089,1319752.5723305645,False,False,False,False,523249.2438961569,False,False,False,False
2025-04-30 00:00:00+00:00,259.81,267.0,256.605,263.0,353059,,,,,,,,,,,,,,,,,,,,,,237.54629212041408,216.4459094380529,203.38465948658921,"rgba(38, 166, 154, 0.5)",0.0,0.0,20.66498882320211,227.9738981930497,1.5405816126648737,0.0,0.0,0.0,0.0,0.0,0.0,0.0,0.0,55.34421025676376,-1.8220660431415396,False,False,True,False,True,6.929760877098197,0,0.8896310014253773,0.86801283130492,False,False,False,False,0.19996890769287648,0.14190900321600813,False,False,False,False,3241148,1395101.4126313268,False,False,False,False,516575.1166845429,False,False,False,False
2025-05-01 00:00:00+00:00,255.64,261.99,255.59,257.17,330899,,,,,,,,,,,,,,,,,,,,,,237.70751874065212,216.61135553675533,203.48258003563416,"rgba(38, 166, 154, 0.5)",0.0,0.0,19.692155453744,228.09522596717065,1.3987688700473033,0.0,0.0,0.0,0.0,0.0,0.0,0.0,0.0,55.6914095325896,-1.036632836887577,False,False,True,False,True,5.809592042074705,0,0.8922358110080792,0.8717681239552195,False,False,False,False,0.1714504851514947,0.1566797441837514,False,False,False,False,2910249,1454518.9650771571,False,False,False,False,509293.70034397265,False,False,False,False
2025-05-02 00:00:00+00:00,255.77,262.76,254.37,262.54,180351,,,,,,,,,,,,,,,,,,,,,,237.79385119988248,216.70073978417847,203.53569697093155,"rgba(38, 166, 154, 0.5)",0.0,0.0,19.195891205442283,228.1836969309449,1.4370941559219732,0.0,0.0,0.0,0.0,0.0,0.0,0.0,0.0,55.94798915506906,-0.3102156654430672,False,False,True,False,True,5.839672196609463,0,0.8850536184346887,0.8823331856526967,False,False,False,False,0.16933207336147368,0.16300590877261256,False,False,False,False,3090600,1518679.0056623667,False,False,False,False,496393.98660499335,False,False,False,False
2025-05-05 00:00:00+00:00,254.16,255.545,250.52,252.81,201163,,,,,,,,,,,,,,,,,,,,,,237.86894799662042,216.78973683935783,203.59020311746886,"rgba(38, 166, 154, 0.5)",0.0,0.0,18.664703814110574,228.22681337323337,1.3894239568463476,0.0,0.0,0.0,0.0,0.0,0.0,0.0,0.0,55.68632771022184,-0.09356713223204594,False,False,True,False,True,5.397963785287352,0,0.8644607687024833,0.9090134743883,False,False,False,False,0.11766618427480527,0.1403360465237089,False,False,False,False,2889437,1572434.2211265876,False,False,False,False,484816.3008557779,False,False,False,False
2025-05-06 00:00:00+00:00,241.75,258.26,240.77,256.89,969358,,,,,,,,,,,,,,,,,,,,,,238.0741107879919,217.1377617697464,203.81723744159828,#000000,0.0,0.0,18.152132058528988,228.25749069718435,0.7433016275614873,0.0,0.0,0.0,0.0,0.0,0.0,0.0,0.0,52.51209962487839,-0.09356713223204594,False,False,False,False,False,2.085115971927678,0,0.8495219299253449,0.9042986013096562,False,False,False,False,0.08515676101145785,0.11274640376758338,False,False,False,False,1920079,1586067.3497098587,False,False,False,False,503817.9361163357,False,False,False,False
2025-05-07 00:00:00+00:00,232.25,237.08,229.645,232.85,677168,,,,,,,,,,,,,,,,,,,,,,237.99494336262376,217.26463509868324,203.92361895037115,#000000,0.0,0.0,17.786206274009846,227.9871141860629,0.2396736970360141,0.0,0.0,0.0,0.0,0.0,0.0,0.0,0.0,48.53735857647949,4.1076069811447695,False,True,False,False,False,0.0,0,0.8304385768182568,0.9414740381210771,False,False,False,False,-0.06287835495332984,0.02493402440712677,False,False,False,False,1242911,1572610.237956531,False,False,False,False,510615.97783726366,False,False,False,False
2025-05-08 00:00:00+00:00,235.94,238.69,230.755,236.28,456650,,,,,,,,,,,,,,,,,,,,,,237.9651450646958,217.36052107136274,204.00016176424148,"rgba(239, 83, 80, 1.0)",0.0,0.0,17.574646970683357,227.905133072113,0.45718511110295085,0.0,0.0,0.0,0.0,0.0,0.0,0.0,0.0,46.859384612133354,2.42761484744576,False,True,False,True,False,0.6008734210784361,0,0.8324225118531599,0.9427394493239285,False,False,False,False,-0.05039830769452844,-0.012732141643700835,False,False,False,False,1699561,1577588.6992131376,False,False,False,False,508499.66498090036,False,False,False,False
2025-05-09 00:00:00+00:00,231.99,238.93,230.23,234.59,375689,,,,,,,,,,,,,,,,,,,,,,237.92912014865516,217.43243219400154,204.0600100090893,"rgba(239, 83, 80, 1.0)",0.0,0.0,17.450628107129525,227.83699841309112,0.23798579405930725,0.0,0.0,0.0,0.0,0.0,0.0,0.0,0.0,44.948570538101805,0.5199607109964433,False,True,False,True,False,0.0,0,0.8237032395697477,0.9811658740986228,False,False,False,False,-0.05170515737704143,-0.03221864951037113,False,False,False,False,1323872,1567639.0247341911,False,False,False,False,503291.4036091004,False,False,False,False
2025-05-12 00:00:00+00:00,233.25,235.48,219.28,219.28,611117,,,,,,,,,,,,,,,,,,,,,,237.81221510220217,217.5169634957409,204.14254702497482,"rgba(239, 83, 80, 1.0)",0.0,0.0,17.314113781422417,227.66292926964002,0.3226888075758611,0.0,0.0,0.0,0.0,0.0,0.0,0.0,0.0,44.04378157803326,-0.4619956061035779,False,True,False,True,False,0.0,0,0.8034144197440618,0.9757477755316148,False,False,False,False,-0.11806314124702737,-0.07514089537869925,False,False,False,False,1934989,1582044.906117164,False,False,False,False,507519.85836952785,False,False,False,False
2025-05-13 00:00:00+00:00,224.73,226.12,221.83,224.16,387762,,,,,,,,,,,,,,,,,,,,,,237.69593618099233,217.5470594343616,204.1840733911082,"rgba(239, 83, 80, 1.0)",0.0,0.0,17.27191035720696,227.50652657406732,-0.16075387821294396,0.0,0.0,0.0,0.0,0.0,0.0,0.0,0.0,41.7128651620702,-2.804874730226665,False,True,False,True,False,0.0,0,0.8325821580685406,0.9625620599876966,False,False,False,False,-0.14977315119957788,-0.11245702328913856,False,False,False,False,1547227,1580679.4980341382,False,False,False,False,502823.47176680126,False,False,False,False
2025-05-14 00:00:00+00:00,219.95,225.91,218.31,223.2,262798,,,,,,,,,,,,,,,,,,,,,,237.6018957889083,217.55870624047625,204.2081501407961,"rgba(239, 83, 80, 1.0)",0.0,0.0,17.359319351874543,228.05164536688534,-0.46670293936441093,0.0,0.0,0.0,0.0,0.0,0.0,0.0,0.0,39.28939022118118,-5.186985865255593,False,True,False,True,False,0.0,0,0.8154933076850268,0.9691082434621875,False,False,False,False,-0.16726501468118274,-0.13986101898516065,False,False,False,False,1284429,1569061.8314445643,False,False,False,False,493410.7081681032,False,False,False,False
2025-05-15 00:00:00+00:00,225.77,226.59,220.64,223.88,527903,,,,,,,,,,,,,,,,,,,,,,237.44993826607706,217.59970065367315,204.26456228977548,"rgba(239, 83, 80, 1.0)",0.0,0.0,17.371580044003792,227.97169342195258,-0.12674111487702786,0.0,0.0,0.0,0.0,1.0,227.05,225.91,0.0,39.556783528979345,-5.186985865255593,False,True,False,True,False,0.0,0,0.808664268733879,0.9764173462397039,False,False,False,False,-0.1531421961257905,-0.1465016075554756,False,False,False,False,1812332,1578601.8380545815,False,False,False,False,494763.3470634717,False,False,False,False
2025-05-16 00:00:00+00:00,228.38,230.58,227.05,227.63,290199,,,,,,,,,,,,,,,,,,,,,,237.3950087233651,217.636403366366,204.30211078135972,"rgba(239, 83, 80, 1.0)",0.0,0.0,17.350539585035893,227.99025574039797,0.0224629474888587,0.0,0.0,0.0,0.0,1.0,228.925,226.59,0.0,40.54929305471563,-5.186985865255593,False,True,False,True,False,0.0,0,0.8156916985232887,0.9713325480550334,False,False,False,False,-0.10477336735073775,-0.12563748745310666,False,False,False,False,2102531,1599148.0796995,False,False,False,False,486741.2158060806,False,False,False,False
2025-05-19 00:00:00+00:00,233.37,233.62,228.925,230.71,394677,,,,,,,,,,,,,,,,,,,,,,237.3492527499171,217.70075158492915,204.35988661306322,"rgba(239, 83, 80, 0.75)",0.0,0.0,17.28148282238958,228.05699210218737,0.307439353000959,0.0,0.0,0.0,0.0,1.0,232.7763,230.58,0.0,42.723827828036605,-5.186985865255593,False,True,False,True,True,0.13380410953904232,0,0.8358893573317295,0.9506515485093685,False,False,False,False,-0.08209682166713617,-0.10386715456012141,False,False,False,False,2497208,1634366.115789716,False,False,False,False,483130.8544019206,False,False,False,False
2025-05-20 00:00:00+00:00,236.86,237.42,232.7763,234.09,160849,,,,,,,,,,,,,,,,,,,,,,237.34355146404928,217.73359258606513,204.38652143538465,"rgba(239, 83, 80, 0.75)",0.0,0.0,17.160553113789103,228.10686779032335,0.5100728485635593,0.0,0.0,0.0,0.0,1.0,234.8,233.62,0.0,45.184092599482554,-10.05297324176567,False,True,False,True,True,1.0342833587735925,0,0.8549045115233931,0.9265844386171038,False,False,False,False,-0.0469540810025969,-0.07541061778135916,False,False,False,False,2658057,1674510.856346982,False,False,False,False,470492.3503077276,False,False,False,False
2025-05-21 00:00:00+00:00,236.49,240.0,234.8,238.46,259172,,,,,,,,,,,,,,,,,,,,,,237.34219583943795,217.79039695177656,204.43127305475554,#000000,0.0,0.0,17.013788764061747,228.19149313313693,0.48775184539683647,0.0,0.0,0.0,0.0,0.0,0.0,0.0,0.0,46.71344208190646,-8.517350860573046,False,False,False,False,True,0.9354774555757608,0,0.8507827810489756,0.9225656112031215,False,False,False,False,-0.025870322453891977,-0.05064047011762557,False,False,False,False,2398885,1702917.6855098456,False,False,False,False,462205.2777466402,False,False,False,False
2025-05-22 00:00:00+00:00,238.76,241.38,237.6,238.28,214030,,,,,,,,,,,,,,,,,,,,,,237.35079272460644,217.84225274952934,204.47056411625897,#000000,0.0,0.0,16.84383400963539,228.27272074303391,0.6226182976492707,0.0,0.0,0.0,0.0,0.0,0.0,0.0,0.0,48.450643394886626,-6.775260340016295,False,False,False,False,True,1.5331494625017328,0,0.8506943357409602,0.9228158053623742,False,False,False,False,-0.006747397198260522,-0.028693933657943045,False,False,False,False,2612915,1738603.854705538,False,False,False,False,452472.9139134386,False,False,False,False
2025-05-23 00:00:00+00:00,241.43,242.94,237.13,238.2,171472,,,,,,,,,,,,,,,,,,,,,,237.36214071155615,217.88603905471564,204.50311074323145,#000000,0.0,0.0,16.73401957819008,228.34090453964535,0.7821847822751471,0.0,0.0,0.0,0.0,0.0,0.0,0.0,0.0,50.45078375021991,-4.793239071951966,False,False,False,False,True,2.2378707906329396,0,0.8442492335453521,0.9282427876954292,False,False,False,False,-0.0017621743896647204,-0.015228054023803882,False,False,False,False,2784387,1779614.9584425758,False,False,False,False,441453.2702305587,False,False,False,False
2025-05-27 00:00:00+00:00,238.31,244.75,235.35,240.65,317288,,,,,,,,,,,,,,,,,,,,,,237.37610225667757,217.962945535838,204.56146071286176,#000000,0.0,0.0,16.649724884776457,228.43751457597864,0.5929518651114885,0.0,0.0,0.0,0.0,0.0,0.0,0.0,0.0,50.635911385496485,-4.49045413849155,False,False,False,False,True,1.3644282215951051,0,0.8322848712518414,0.9346028306237494,False,False,False,False,-0.0016249687967251872,-0.008426511410264535,False,False,False,False,2467099,1806575.1169350238,False,False,False,False,436584.0439470074,False,False,False,False
2025-05-28 00:00:00+00:00,240.41,241.21,235.57,237.17,189411,,,,,,,,,,,,,,,,,,,,,,237.3827473967998,218.00773243386766,204.5957963757201,"rgba(38, 166, 154, 1.0)",0.0,0.0,16.472550770931214,228.48567129292456,0.7238908456192504,0.0,0.0,0.0,0.0,0.0,0.0,0.0,0.0,51.49007630776876,-3.4833641270035187,True,False,True,False,True,1.9319340138968855,0,0.8224857398828577,0.9511531898992902,False,False,False,False,-0.016810592767209108,-0.012618552088736822,False,False,False,False,2656510,1839905.8966630623,False,False,False,False,426890.983400066,False,False,False,False
2025-05-29 00:00:00+00:00,246.68,248.08,242.745,243.12,314734,,,,,,,,,,,,,,,,,,,,,,237.43770244385297,218.1055328124665,204.66387863024076,"rgba(38, 166, 154, 1.0)",0.0,0.0,16.20642751814559,228.64727179032752,1.112689899700725,0.0,0.0,0.0,0.0,0.0,0.0,0.0,0.0,54.05836918087036,-0.8847465581835507,True,False,True,False,True,3.6082384848645255,0,0.8310817797238793,0.9387877125863721,False,False,False,False,0.047461496419234604,0.01742147216524889,False,False,False,False,2971244,1884272.0967939226,False,False,False,False,422492.67032555357,False,False,False,False
2025-05-30 00:00:00+00:00,245.58,248.0,240.21,248.0,406955,,,,,,,,,,,,,,,,,,,,,,237.49738565900324,218.22537345451317,204.74893952391318,"rgba(38, 166, 154, 1.0)",0.0,0.0,15.960186781178214,228.8146693346386,1.0504470214053316,0.0,0.0,0.0,0.0,0.0,0.0,0.0,0.0,55.29444694847855,0.4066923157909912,True,False,True,False,True,3.2867151996047745,0,0.8232487029523382,0.9500630996159746,False,False,False,False,0.03548105308175072,0.026451262623499807,False,False,False,False,2564289,1910939.4263314158,False,False,False,False,421883.34992062993,False,False,False,False
2025-06-02 00:00:00+00:00,245.93,248.0,240.0,243.45,180791,,,,,,,,,,,,,,,,,,,,,,237.52375423979984,218.27835947989914,204.78665606144133,"rgba(38, 166, 154, 1.0)",0.0,0.0,15.74569690966954,228.88386272272834,1.0825902070300566,0.0,0.0,0.0,0.0,0.0,0.0,0.0,0.0,56.236395350143454,1.4443611920906676,True,False,True,False,True,3.3818231693453455,0,0.8216489012605518,0.9460112702831153,False,False,False,False,0.03451943958191017,0.03048535110270499,False,False,False,False,2745080,1943650.8213772427,False,False,False,False,412428.7479629582,False,False,False,False
2025-06-03 00:00:00+00:00,251.72,254.16,246.22,246.22,260628,,,,,,,,,,,,,,,,,,,,,,237.5934744626478,218.37183274552578,204.84914622157407,"rgba(38, 166, 154, 1.0)",0.0,0.0,15.576752622747659,229.03716022401062,1.4561982414013739,0.0,0.0,0.0,0.0,0.0,0.0,0.0,0.0,58.710441882906395,3.9118217922323026,True,False,True,False,True,4.950052432458509,0,0.8468277518722623,0.9233135965212163,False,False,False,False,0.09137924458860437,0.06093229784565468,False,False,False,False,3005708,1985300.122499704,False,False,False,False,406475.7774546069,False,False,False,False
2025-06-04 00:00:00+00:00,258.27,261.93,254.39,255.06,287803,,,,,,,,,,,,,,,,,,,,,,237.71316108466348,218.49821910330323,204.92920500026452,"rgba(38, 166, 154, 1.0)",0.0,0.0,15.532409142363319,229.27394810400338,1.8668096899992381,0.0,0.0,0.0,0.0,0.0,0.0,0.0,0.0,62.07156732230953,7.12157488321688,True,False,True,False,True,6.677041610378371,0,0.8552763091840752,0.9093848790878791,False,False,False,False,0.16552270937206767,0.11322750360886118,False,False,False,False,3293511,2036602.5098526566,False,False,False,False,401821.94304462237,False,False,False,False
2025-06-05 00:00:00+00:00,257.0,259.38,255.05,255.17,154447,,,,,,,,,,,,,,,,,,,,,,237.77354484218824,218.5639222212527,204.9712212514702,"rgba(38, 166, 154, 1.0)",0.0,0.0,15.545866607448502,229.38966667645292,1.7760562354444829,0.0,0.0,0.0,0.0,0.0,0.0,0.0,0.0,63.641430034187266,8.592995806011167,True,False,True,False,True,6.280576547758944,0,0.8596382551344359,0.9144784488059507,False,False,False,False,0.1566524781095385,0.13493999085919983,False,False,False,False,3139064,2079836.2937800037,False,False,False,False,392120.96488600975,False,False,False,False
2025-06-06 00:00:00+00:00,255.86,257.61,250.0,255.22,402215,,,,,,,,,,,,,,,,,,,,,,237.9077489336371,218.72228799615954,205.0747757155861,"rgba(38, 166, 154, 1.0)",0.0,0.0,15.533955164833872,229.63999242434843,1.6879157495580417,0.0,0.0,0.0,0.0,0.0,0.0,0.0,0.0,64.063005144557,9.051311587769248,True,False,True,False,True,5.9207939829770915,0,0.8535304371448622,0.9088855183030359,False,False,False,False,0.1248366762020398,0.12988833353061982,False,False,False,False,2736849,2105601.497945494,False,False,False,False,392516.8094002839,False,False,False,False
2025-06-09 00:00:00+00:00,263.78,270.13,262.315,265.21,486011,,,,,,,,,,,,,,,,,,,,,,238.17196462691143,218.96964222003575,205.22684784929206,"rgba(38, 166, 154, 1.0)",0.0,0.0,15.648374584446175,230.09305654738728,2.152743933296184,0.0,0.0,0.0,0.0,0.0,0.0,0.0,0.0,66.41062011227885,11.368020039889181,True,False,True,False,True,8.02252138636769,0,0.859743504406381,0.9133130604857279,False,False,False,False,0.2424147040802769,0.18615151880544836,False,False,False,False,3222860,2149415.5568495924,False,False,False,False,396183.2482473316,False,False,False,False
2025-06-10 00:00:00+00:00,263.42,264.85,260.46,261.04,416173,,,,,,,,,,,,,,,,,,,,,,238.3738251279583,219.16809525099112,205.35107918361626,"rgba(38, 166, 154, 1.0)",0.0,0.0,15.731318235972704,230.42278605746213,2.097549197567141,0.0,0.0,0.0,0.0,0.0,0.0,0.0,0.0,67.76816997840814,12.731050116683853,True,False,True,False,True,7.905527335327079,0,0.8479982635762018,0.9366851854417492,False,False,False,False,0.20809592299564444,0.19712372090054642,False,False,False,False,2806687,2175190.907561373,False,False,False,False,396967.16008076956,False,False,False,False
2025-06-11 00:00:00+00:00,262.41,264.0,257.41,260.0,282617,,,,,,,,,,,,,,,,,,,,,,238.50001856541547,219.2968385692212,205.4327480462857,"rgba(38, 166, 154, 1.0)",0.0,0.0,15.774825394159587,230.62225950760202,2.0150930167611856,0.0,0.0,0.0,0.0,0.0,0.0,0.0,0.0,68.05506288574843,13.137760979755754,True,False,True,False,True,7.5724112343777,0,0.8432637482836463,0.9400963485303359,False,False,False,False,0.18954436304942307,0.19333404197498474,False,False,False,False,2524070,2188872.440598182,False,False,False,False,392482.84007760213,False,False,False,False
2025-06-12 00:00:00+00:00,276.53,284.511,275.0,276.59,724422,,,,,,,,,,,,,,,,,,,,,,239.05968027358114,219.7586419679729,205.70591980643957,"rgba(38, 166, 154, 1.0)",0.0,0.0,16.067166355730205,234.82400431877826,2.5957281301408606,0.0,0.0,0.0,0.0,0.0,0.0,0.0,0.0,71.25852718183566,16.294068551149138,True,False,True,False,True,11.227777809381024,0,0.8468971442817101,0.9367534246449326,False,False,False,False,0.3428282534357554,0.26808114770537006,False,False,False,False,3248492,2230426.148810018,False,False,False,False,405500.06203534326,False,False,False,False
2025-06-13 00:00:00+00:00,269.63,272.82,268.69,269.1,391803,,,,,,,,,,,,,,,,,,,,,,239.29386315193798,219.9706627762458,205.83610864735343,"rgba(38, 166, 154, 1.0)",0.0,0.0,16.21385186018887,235.0043948392361,2.135557019969007,0.0,0.0,0.0,0.0,0.0,0.0,0.0,0.0,69.92307107923935,16.294068551149138,True,False,True,False,True,8.958201690710087,0,0.8356441663138504,0.9365481417670092,False,False,False,False,0.25693831185003524,0.26250972977770265,False,False,False,False,2856689,2254985.476307664,False,False,False,False,404962.92234768276,False,False,False,False
2025-06-16 00:00:00+00:00,264.42,267.53,263.33,263.85,326675,,,,,,,,,,,,,,,,,,,,,,239.45370438875986,220.1276895300022,205.93539844997926,"rgba(38, 166, 154, 0.75)",0.0,0.0,15.937030819803208,235.09829002408202,1.8398477299474825,0.0,0.0,0.0,0.0,0.0,0.0,0.0,0.0,66.78645210077744,16.294068551149138,True,False,True,False,False,7.2894027094922045,0,0.8496346563604513,0.9391949466940812,False,False,False,False,0.20788865300600623,0.23519919139185444,False,False,False,False,2530014,2265770.908609324,False,False,False,False,401892.80774581287,False,False,False,False
2025-06-17 00:00:00+00:00,254.09,258.5,249.52,257.73,424802,,,,,,,,,,,,,,,,,,,,,,239.57025365852692,220.28044730037152,206.0399776396216,"rgba(38, 166, 154, 0.75)",0.0,0.0,15.704905473384228,235.02363364537237,1.2140389120418595,0.0,0.0,0.0,0.0,0.0,0.0,0.0,0.0,61.07770794322919,16.59857848840346,True,False,True,False,False,4.108146623801666,0,0.8661976063040799,0.9329509499330847,False,False,False,False,0.10564443350502507,0.17042181244843976,False,False,False,False,2105212,2259474.4808207233,False,False,False,False,402791.2074420555,False,False,False,False
2025-06-18 00:00:00+00:00,252.78,257.94,252.67,255.66,230443,,,,,,,,,,,,,,,,,,,,,,239.63454410832838,220.3637797756412,206.097021470656,"rgba(38, 166, 154, 0.75)",0.0,0.0,15.715038304150163,235.02358022142533,1.1298998726516243,0.0,0.0,0.0,0.0,0.0,0.0,0.0,0.0,56.867843813306216,12.879724075860771,True,False,True,False,False,3.714366651336917,0,0.910053818337914,0.9012277772398782,False,False,False,False,0.11709012186129744,0.1437559671548686,False,False,False,False,1874769,2244387.9913767735,False,False,False,False,396032.45420903375,False,False,False,False
2025-06-20 00:00:00+00:00,247.08,248.3,243.35,244.52,230772,,,,,,,,,,,,,,,,,,,,,,239.66299068784326,220.4268062433443,206.14432646692137,#000000,0.0,0.0,15.673773696014619,234.94841266783865,0.774005518227309,0.0,0.0,0.0,0.0,0.0,0.0,0.0,0.0,52.37199841297684,8.932514755335312,True,False,False,False,False,2.0123251915665783,0,0.9106863570771625,0.8979287151278437,False,False,False,False,0.03381460444227073,0.08878528579856967,False,False,False,False,1643997,2220843.2466169,False,False,False,False,389551.65208318934,False,False,False,False
2025-06-23 00:00:00+00:00,257.51,263.88,254.01,260.0,450660,,,,,,,,,,,,,,,,,,,,,,239.8197312919569,220.60686342118288,206.26444671742456,#000000,0.0,0.0,15.623245405773249,235.08991245438597,1.4350467501028399,0.0,0.0,0.0,0.0,0.0,0.0,0.0,0.0,52.65731269008566,8.932514755335312,True,False,False,False,False,4.844758108367746,0,0.9411288802868887,0.8401069699478976,False,False,False,False,0.12027460753750466,0.10452994666803717,False,False,False,False,2094657,2215894.766357414,False,False,False,False,391948.0578838486,False,False,False,False
2025-06-24 00:00:00+00:00,266.8,267.83,262.53,264.6,450620,,,,,,,,,,,,,,,,,,,,,,240.03382291793702,220.8193763458538,206.40061850353558,"rgba(38, 166, 154, 0.75)",0.0,0.0,15.745543933626799,235.37173611851344,1.996010046649906,0.0,0.0,0.0,0.0,0.0,0.0,0.0,0.0,55.117474022946915,8.932514755335312,True,False,True,False,False,7.234888486063788,0,0.9274229486773495,0.8418780332980361,False,False,False,False,0.1645912275299975,0.13456058709901733,False,False,False,False,2545277,2228811.7166963387,False,False,False,False,394248.91835899185,False,False,False,False
2025-06-25 00:00:00+00:00,267.125,268.76,263.49,264.94,292986,,,,,,,,,,,,,,,,,,,,,,240.17508022851763,220.95873255259596,206.48991896028068,"rgba(38, 166, 154, 1.0)",0.0,0.0,15.907422160513587,235.5568491028044,1.9844919295318681,0.0,0.0,0.0,0.0,0.0,0.0,0.0,0.0,56.83180028759175,8.932514755335312,True,False,True,False,True,7.317203930668054,0,0.9227790221729174,0.8801507312399676,False,False,False,False,0.17572721808594288,0.15514390259248012,False,False,False,False,2838263,2252711.7670219727,False,False,False,False,390277.8235213844,False,False,False,False
2025-06-26 00:00:00+00:00,254.49,266.32,253.26,262.75,414743,,,,,,,,,,,,,,,,,,,,,,240.30912746579133,221.1182502928537,206.59816021932295,"rgba(38, 166, 154, 1.0)",0.0,0.0,15.914638220352062,235.682580899764,1.1817685604806643,0.0,0.0,0.0,0.0,0.0,0.0,0.0,0.0,54.10954205694458,8.932514755335312,True,False,True,False,True,3.532845077593354,0,0.88941428609537,0.9209482394229503,False,False,False,False,0.10175900177660306,0.1284514521845416,False,False,False,False,2423520,2259410.1290995423,False,False,False,False,391237.24220682035,False,False,False,False
2025-06-27 00:00:00+00:00,241.2,246.0,239.505,245.51,400827,,,,,,,,,,,,,,,,,,,,,,240.32300546002648,221.20571885606,206.67035408715742,#000000,0.0,0.0,15.93167291086359,235.58584200228438,0.3523897351600403,0.0,0.0,0.0,0.0,0.0,0.0,0.0,0.0,49.34080824819014,6.698132696783112,False,False,False,False,False,0.0,0,0.8736041686671622,0.9338904983932518,False,False,False,False,-0.09393334952895228,0.017259051327794657,False,False,False,False,2022693,2250127.104428972,False,False,False,False,391613.3111398862,False,False,False,False
2025-06-30 00:00:00+00:00,242.07,246.1,239.73,243.99,402125,,,,,,,,,,,,,,,,,,,,,,240.33958790197,221.29439399036843,206.7432963340817,"rgba(239, 83, 80, 1.0)",0.0,0.0,15.943984311919799,235.51292629250037,0.4112569091401781,0.0,0.0,0.0,0.0,0.0,0.0,0.0,0.0,46.42135704562898,3.994844114455802,False,True,False,True,False,0.07535851505986457,0,0.8937180048927146,0.9218963925855995,False,False,False,False,-0.09205670324124997,-0.03739882595672765,False,False,False,False,2424818,2256977.7277846984,False,False,False,False,392025.5342324397,False,False,False,False
2025-07-01 00:00:00+00:00,245.16,246.51,240.3,244.1,347450,,,,,,,,,,,,,,,,,,,,,,240.36208689011096,221.3752571908086,206.80845649250546,"rgba(239, 83, 80, 1.0)",0.0,0.0,15.92678132456041,235.47679116903356,0.6079827828133817,0.0,0.0,0.0,0.0,0.0,0.0,0.0,0.0,45.428358349513715,3.0243335996006877,False,True,False,True,False,0.9160781779465594,0,0.8954539600828166,0.916550267749812,False,False,False,False,-0.08640175095158326,-0.061900288454155454,False,False,False,False,2772268,2277185.1894402006,False,False,False,False,390277.47406646167,False,False,False,False
2025-07-02 00:00:00+00:00,244.32,244.65,239.25,239.25,353158,,,,,,,,,,,,,,,,,,,,,242.74,240.37689097555636,221.45234995136005,206.87223514427936,"rgba(239, 83, 80, 1.0)",0.0,0.0,15.87360501723692,236.76689968497902,0.47582765898604423,0.0,0.0,0.0,0.0,0.0,0.0,0.0,0.0,44.5608948471679,2.033776202489719,False,True,False,True,False,0.6805161158477127,0,0.8906835049263242,0.9162100009785692,False,False,False,False,-0.10321103375163973,-0.0825556611028976,False,False,False,False,2419110,2282750.868285683,False,False,False,False,388821.8084167965,False,False,False,False
2025-07-03 00:00:00+00:00,245.49,247.52,243.705,245.0,172489,,,,,,,,,,,,,,,,,,,,,243.66920030299167,240.39263900391816,221.49478342164724,206.90575638273856,"rgba(239, 83, 80, 1.0)",0.0,0.0,15.740322599061573,236.80806993374145,0.5515725622279285,0.0,0.0,0.0,0.0,0.0,0.0,0.0,0.0,44.38807676194587,1.5822977153569937,False,True,False,True,False,1.0068361072876648,0,0.8931035523170016,0.9335992366051264,False,False,False,False,-0.06098858681411144,-0.07177212395850452,False,False,False,False,2591599,2294862.55972546,False,False,False,False,380338.16887103976,False,False,False,False
2025-07-07 00:00:00+00:00,240.99,244.4,240.0,243.38,320922,,,,,,,,,,,,,,,,,,,,,242.9593500254163,240.40051364007346,221.56102012678082,206.96189562108304,"rgba(239, 83, 80, 1.0)",0.0,0.0,15.66779169345685,236.7297618307275,0.27191056995298507,0.0,0.0,0.0,0.0,0.0,0.0,0.0,0.0,43.060481570582276,-0.028018182314582418,False,True,False,True,False,0.0,0,0.8768292583724924,0.93830164923612,False,False,False,False,-0.1003189644979821,-0.08604554422824331,False,False,False,False,2270677,2293914.106402893,True,False,False,False,378008.1230329598,False,False,False,False
2025-07-08 00:00:00+00:00,244.47,246.39,241.45,241.45,265678,,,,,,,,,,,,,,,,,,,,,243.2326087505743,240.4176268579976,221.6217420538934,207.0113028989452,"rgba(239, 83, 80, 1.0)",0.0,0.0,15.505416422703627,236.72989192875835,0.49918737170504407,0.0,0.0,0.0,0.0,0.0,0.0,0.0,0.0,43.47933587632269,-0.028018182314582418,False,True,False,True,False,0.712324192879791,0,0.87497323306179,0.9520711661966058,False,False,False,False,-0.08046420952514889,-0.08325487687669611,False,False,False,False,2536355,2303421.592426309,False,False,False,False,373603.0201689222,False,False,False,False
2025-07-09 00:00:00+00:00,255.69,256.0,249.28,249.99,361073,,,,,,,,,,,,,,,,,,,,,245.78727838374104,240.50026407665666,221.7385905678224,207.0954803312363,"rgba(239, 83, 80, 0.75)",0.0,0.0,15.429693190564771,236.94145705424017,1.215094993413383,0.0,0.0,0.0,0.0,0.0,0.0,0.0,0.0,47.26351453425609,-0.028018182314582418,False,True,False,True,True,3.802255040107763,0,0.9037188040552127,0.9235258584914796,False,False,False,False,0.019549288396865414,-0.03185279423991535,False,False,False,False,2897428,2326715.9613507674,False,False,False,False,373111.64682896447,False,False,False,False
2025-07-10 00:00:00+00:00,253.39,255.2572,250.71,253.42,206822,,,,,,,,,,,,,,,,,,,,,246.68980633450428,240.5452202228668,221.80401716131786,207.14300517238945,#000000,0.0,0.0,15.43727712331381,237.03114572816634,1.0596981670509786,0.0,0.0,0.0,0.0,0.0,0.0,0.0,0.0,49.03983455998318,-0.028018182314582418,False,True,False,False,True,3.122554945284147,0,0.9035933639775684,0.9408284984425439,False,False,False,False,0.023485090899679064,-0.004183851670118142,False,False,False,False,2690606,2340986.158944855,False,False,False,False,366590.4842082208,False,False,False,False
2025-07-11 00:00:00+00:00,250.3,252.365,249.0,251.01,371565,,,,,,,,,,,,,,,,,,,,,247.3897945318053,240.608879646718,221.9113078032163,207.2233916668743,#000000,0.0,0.0,15.424025488804315,237.1196395462485,0.8545344056464778,0.0,0.0,0.0,0.0,0.0,0.0,0.0,0.0,49.22618244157282,-0.028018182314582418,False,True,False,False,True,2.2095891763999482,0,0.9010623992921204,0.9327718309872218,False,False,False,False,-0.0028651930276959426,-0.0035245223489070426,False,False,False,False,2319041,2340125.564476429,False,False,False,False,366785.5632588788,False,False,False,False
2025-07-14 00:00:00+00:00,252.14,253.96,249.12,250.0,106006,,,,,,,,,,,,,,,,,,,,,247.60351520775316,240.62903941040608,221.94303099569353,207.24689674473072,#000000,0.0,0.0,15.431019193830533,237.14911836847455,0.9714770906071412,0.0,0.0,0.0,0.0,1.0,263.84,252.365,0.0,49.954283689477826,-0.028018182314582418,False,True,False,False,True,2.722819756178982,0,0.889517432270704,0.9530336044836855,False,False,False,False,0.006952692304800648,0.0017140849779468028,False,False,False,False,2425047,2343455.8168499023,False,False,False,False,356558.91371931497,False,False,False,False
2025-07-15 00:00:00+00:00,269.7,270.0,263.84,269.3,674447,,,,,,,,,,,,,,,,,,,,,252.42419369061068,240.93909420883165,222.25154750478887,207.44979180456613,"rgba(38, 166, 154, 0.5)",0.0,0.0,15.653896686399664,237.79374242924214,2.0382310047106973,0.0,0.0,0.0,0.0,1.0,272.2156,253.96,0.0,54.87685508668865,-1.0099250343526691,False,False,True,False,True,7.3666853312856375,0,0.9018361967579744,0.9240981972659569,False,False,False,False,0.18512901034425286,0.09342154766109984,False,False,False,False,3099494,2373104.373051867,False,False,False,False,369025.1131813027,False,False,False,False
2025-07-16 00:00:00+00:00,279.16,279.88,272.2156,272.99,489268,,,,,,,,,,,,,,,,,,,,,256.056920708924,241.23535519194425,222.51759867476923,207.6185154902985,"rgba(38, 166, 154, 1.0)",0.0,0.0,15.993091378681385,238.36972647076126,2.55049337013179,0.0,0.0,0.0,0.0,0.0,0.0,0.0,0.0,59.801015281617325,3.6265169265236707,True,False,True,False,True,9.673990903716682,0,0.9186271766827574,0.9077635201542535,False,False,False,False,0.2958927878185877,0.19465716773984376,False,False,False,False,3588762,2420777.22116748,False,False,False,False,373740.5205075261,False,False,False,False
2025-07-17 00:00:00+00:00,290.35,298.0,287.33,297.0,804929,,,,,,,,,,,,,,,,,,,,,263.04753440942375,241.90934696589736,223.06699208185623,207.9531161393498,"rgba(38, 166, 154, 1.0)",0.0,0.0,16.59688780198618,239.62540429925025,3.056271531502398,0.0,0.0,0.0,0.0,0.0,0.0,0.0,0.0,64.63963479023536,8.033627656750909,True,False,True,False,True,12.257552229071692,0,0.9458315580746843,0.8693382710764427,False,False,False,False,0.34282825336563477,0.26874271055273924,False,False,False,False,4393691,2498146.388964834,False,False,False,False,390649.87264448585,False,False,False,False
2025-07-18 00:00:00+00:00,294.55,300.0,293.51,297.5,893526,,,,,,,,,,,,,,,,,,,,,268.91654675279614,242.6968856043347,223.7027145834083,208.33955546833533,"rgba(38, 166, 154, 1.0)",0.0,0.0,17.23862886810486,240.9433088894244,3.109684158799858,0.0,0.0,0.0,0.0,0.0,0.0,0.0,0.0,68.37650153116397,11.342930160205313,True,False,True,False,True,13.193729969948752,0,0.9740256062477036,0.8614149369093136,False,False,False,False,0.3428282534231538,0.30578548198794653,False,False,False,False,5287217,2607521.7070446447,False,False,False,False,410370.50508980016,False,False,False,False
2025-07-21 00:00:00+00:00,291.93,292.34,287.405,288.94,320048,,,,,,,,,,,,,,,,,,,,290.5583333333333,270.2136441331795,242.94509870801372,223.91074017916853,208.46857800445923,"rgba(38, 166, 154, 1.0)",0.0,0.0,17.78248713261527,241.31791154552238,2.8461760200938837,0.0,0.0,0.0,0.0,0.0,0.0,0.0,0.0,69.87270793497837,12.61291007020472,True,False,True,False,True,12.363964965685657,0,0.9793642877486926,0.834279065588043,False,False,False,False,0.275942852809542,0.29086416739874427,False,False,False,False,4967169,2700056.8950036783,False,False,False,False,406828.44606667076,False,False,False,False
2025-07-22 00:00:00+00:00,295.59,295.94,289.1053,291.8,266754,,,,,,,,,,,,,,,,,,,,291.9160859575575,271.3237045660909,243.16287571941467,224.09086494003262,208.57970829355438,"rgba(38, 166, 154, 1.0)",0.0,0.0,18.360693764739082,241.64444064686754,2.9381002724816723,0.0,0.0,0.0,0.0,0.0,0.0,0.0,0.0,71.38598046139734,14.044635872738752,True,False,True,False,True,13.192879270914581,0,0.9806787439087713,0.8292482748175467,False,False,False,False,0.30138349530113434,0.2961238313499393,False,False,False,False,5233923,2799424.1932388283,False,False,False,False,401335.3305346445,False,False,False,False
2025-07-23 00:00:00+00:00,294.83,299.7,293.915,296.0,397065,,,,,,,,,,,,,,,,,,,,293.6241189582196,272.9655103077465,243.50015952074503,224.36724742717223,208.74964152486106,"rgba(38, 166, 154, 1.0)",0.0,0.0,19.048525663550997,242.14392132491497,2.765887481564983,0.0,0.0,0.0,0.0,0.0,0.0,0.0,0.0,72.0758913350945,14.824350742837112,True,False,True,False,True,12.946270094537823,0,0.9929856859870406,0.8198806046430077,False,False,False,False,0.34282825342385126,0.3194760423868953,False,False,False,False,4836858,2879323.5582098546,False,False,False,False,401167.86659210944,False,False,False,False
2025-07-24 00:00:00+00:00,296.46,297.0,292.5,293.24,238413,,,,,,,,,,,,,,,,,,,,293.95491066455037,273.8193170652758,243.69746830448312,224.53027837399475,208.85039535941073,"rgba(38, 166, 154, 1.0)",0.0,0.0,19.79546628297415,242.42742574176904,2.7295428905710457,0.0,0.0,0.0,0.0,0.0,0.0,0.0,0.0,72.796338508538,15.74855622133498,True,False,True,False,True,13.323704881829563,0,1.0156440259025534,0.8130315267894295,False,False,False,False,0.32256091533845266,0.321018478862674,False,False,False,False,5075271,2965439.1441624095,False,False,False,False,394785.3228041836,False,False,False,False
2025-07-25 00:00:00+00:00,291.47,293.165,287.0,289.73,171226,,,,,,,,,,,,,,,,,,,,293.5359204603831,274.2658628441427,243.82522711196142,224.6390373947743,208.91862336326872,"rgba(38, 166, 154, 1.0)",0.0,0.0,20.0927556881616,242.60230631352246,2.4321051051882248,0.0,0.0,0.0,0.0,0.0,0.0,0.0,0.0,71.04450535885553,15.74855622133498,True,False,True,False,True,11.676817667422153,0,1.0055669761464854,0.8080790030883763,False,False,False,False,0.2774899019138635,0.2992541903882687,False,False,False,False,4904045,3041462.9032148644,False,False,False,False,386018.29053735285,False,False,False,False
2025-07-28 00:00:00+00:00,294.51,299.9,294.39,299.0,404449,,,,,,,,,,296.26666666666665,,,,,,,,,,294.15020033523274,275.5709984465457,244.16087520749676,224.91669676953373,209.0905965076687,"rgba(38, 166, 154, 1.0)",0.0,0.0,20.15564960858742,243.07168648002752,2.552054362864936,0.0,0.0,0.0,0.0,0.0,0.0,0.0,0.0,70.4933698036167,15.74855622133498,True,False,True,False,True,12.402407474166964,0,1.0247596285575027,0.7906401028302349,False,False,False,False,0.34282825340810774,0.32104122189818823,False,False,False,False,5308494,3130366.083480948,False,False,False,False,386741.06345745665,False,False,False,False
2025-07-29 00:00:00+00:00,305.74,308.87,299.44,304.325,789288,,,,,,,,,,301.83168978314876,,,,,,,,,,297.36353417275967,278.5915894789701,244.9075077237081,225.5155932297452,209.45647647805689,"rgba(38, 166, 154, 1.0)",0.0,0.0,20.416619494338008,244.12249201812875,3.018007363998687,0.0,0.0,0.0,0.0,0.0,0.0,0.0,0.0,72.04479411106145,15.74855622133498,True,False,True,False,True,14.994208779236239,0,1.0207218576238302,0.7648870510570941,False,False,False,False,0.3428282534323072,0.3319347376652477,False,False,False,False,6097782,3246735.3351091463,False,False,False,False,402527.21783167403,False,False,False,False
2025-07-30 00:00:00+00:00,299.94,306.58,298.46,302.89,473038,,,,,,,,,,301.7829634753741,,,,,,,,,,298.0276534487301,279.942086173845,245.32402849026326,225.85669121860096,209.66749797543247,"rgba(38, 166, 154, 1.0)",0.0,0.0,20.462769582390067,244.67887017434455,2.700569422098771,0.0,0.0,0.0,0.0,0.0,0.0,0.0,0.0,70.6610439247998,15.74855622133498,True,False,True,False,True,13.072417784896906,0,1.0062552915702014,0.7822561007589891,False,False,False,False,0.3263019109309668,0.3291183242981073,False,False,False,False,5624744,3339990.576869572,False,False,False,False,405292.3465441574,False,False,False,False
2025-07-31 00:00:00+00:00,301.13,303.6,296.1801,296.5,503014,,,,,,,,,,301.43995412785915,,,,,,,,,,298.34890543842147,281.13535155245137,245.74978279735814,226.20963591229525,209.88754103647653,"rgba(38, 166, 154, 0.75)",0.0,0.0,20.984204103249976,245.2298220799906,2.663916994180957,0.0,0.0,0.0,0.0,0.0,0.0,0.0,0.0,69.9667308034945,15.74855622133498,True,False,True,False,False,13.348050837343973,0,0.9978142180885281,0.7986550790485245,False,False,False,False,0.2977349421482006,0.31342663322315395,False,False,False,False,6127758,3449314.7895413535,False,False,False,False,409124.5682483081,False,False,False,False
2025-08-01 00:00:00+00:00,299.01,299.29,288.072,288.61,543061,,,,,,,,,,300.2423471715969,,,,,,,,,,297.96649825332565,281.9875875883373,246.16191320364138,226.56226491329423,210.1112378387808,"rgba(38, 166, 154, 0.75)",0.0,0.0,21.54153877348914,245.73488017324001,2.473134365513614,0.0,0.0,0.0,0.0,0.0,0.0,0.0,0.0,68.5870265744213,15.74855622133498,True,False,True,False,False,12.638951358309317,0,0.9663283439413324,0.8168510671742422,False,False,False,False,0.23043871237771887,0.2719326728004364,False,False,False,False,5584697,3533055.268382869,False,False,False,False,414376.97733660974,False,False,False,False
2025-08-04 00:00:00+00:00,304.3,305.225,298.7,299.05,348665,,,,,,,,,,300.52698573510173,,,,,,,,,,298.3402190718891,282.75131258036316,246.46150325202447,226.81051671305366,210.26644951773923,"rgba(38, 166, 154, 0.75)",0.0,0.0,22.167539757309523,246.1132579598246,2.624862419429694,0.0,0.0,0.0,0.0,0.0,0.0,0.0,0.0,68.79684657894856,15.74855622133498,True,False,True,False,False,13.887862115214666,0,0.9860291344049483,0.8097617021431683,False,False,False,False,0.3183305912848688,0.2951316320426526,False,False,False,False,5933362,3627184.9441325604,False,False,False,False,411800.03704889957,False,False,False,False
2025-08-05 00:00:00+00:00,307.23,310.49,303.275,305.3,521973,,,,,,,,,,301.4696060870861,,,,,,,,,,299.2482575134442,284.017336976131,246.93760155859582,227.19982112655296,210.50849222312468,"rgba(38, 166, 154, 0.75)",0.0,0.0,22.673655610989865,246.71737744183505,2.6688516221810588,0.0,0.0,0.0,0.0,0.0,0.0,0.0,0.0,69.52138596546996,15.74855622133498,True,False,True,False,False,14.571841837551965,0,0.9926396648740904,0.8044762003595426,False,False,False,False,0.3428282533340235,0.31897994268833807,False,False,False,False,6455335,3738092.7894606953,False,False,False,False,416120.5453999231,False,False,False,False
2025-08-06 00:00:00+00:00,298.52,313.29,287.0,312.18,529508,,,,,,,,,,301.2293417266797,,,,,,,,,,299.2824017827531,284.80135824830654,247.3544502655322,227.55466018082984,210.73407109211388,"rgba(38, 166, 154, 0.75)",0.0,0.0,22.941954403381878,247.21536732820013,2.236279951120338,0.0,0.0,0.0,0.0,0.0,0.0,0.0,0.0,66.28901401584619,15.74855622133498,True,False,True,False,False,11.630725785076173,0,0.9587426751542711,0.8104619432824923,False,False,False,False,0.2715610882186844,0.29527051545351124,False,False,False,False,5925827,3823886.287913217,False,False,False,False,420567.11224698497,False,False,False,False
2025-08-07 00:00:00+00:00,298.29,298.3,293.9,297.21,406111,,,,,,,,,,300.83399347137976,,,,,,,,,,299.11395724894106,285.2481879320697,247.6529780706454,227.81407412981864,210.90093337412338,"rgba(38, 166, 154, 0.75)",0.0,0.0,23.13636939153652,247.5602739975978,2.192639871187378,0.0,0.0,0.0,0.0,0.0,0.0,0.0,0.0,64.0435405606701,18.961770768386884,True,False,True,False,False,11.554146353263288,0,0.9768216513878702,0.8447566573151591,False,False,False,False,0.23007428622754855,0.2626724008405299,False,False,False,False,5519716,3890389.413877405,False,False,False,False,420000.20588435815,False,False,False,False
2025-08-08 00:00:00+00:00,288.18,290.675,280.11,281.34,423056,,,,,,,,,,299.5917181905574,,,,,,,,,286.3216666666667,298.2597687986646,285.2881808465087,247.8945160605215,228.04142108335483,211.05289834033087,"rgba(38, 166, 154, 0.5)",0.0,0.0,23.35912785437683,250.86893138713285,1.597280037399861,0.0,0.0,0.0,0.0,0.0,0.0,0.0,0.0,58.97251225734501,14.175539945016396,False,False,True,False,False,8.253200731680092,1,0.9451244158060019,0.8413850205269151,False,False,False,False,0.11203339822308503,0.18735289953180745,False,False,False,False,5096660,3937694.1427449584,False,False,False,False,420120.0409477167,False,False,False,False
2025-08-11 00:00:00+00:00,289.75,290.0,286.57,288.18,394876,,,,,,,,,,298.7912892375591,,,,,,,,,287.5052666806858,297.70320678313567,285.4053002461925,248.13146921971787,228.260895770329,211.1987914652374,"rgba(38, 166, 154, 0.5)",0.0,0.0,23.57620201764022,251.16702529061854,1.6365220606997195,0.0,0.0,0.0,0.0,0.0,0.0,0.0,0.0,56.10075496712974,11.596343243185572,False,True,True,False,False,8.654147477197935,1,0.948105744934979,0.8545742820389284,False,False,False,False,0.1419125982092699,0.1646327488705387,False,False,False,False,5491536,3998629.1175392736,False,False,False,False,419130.07855761016,False,False,False,False
2025-08-12 00:00:00+00:00,288.1,289.75,283.0501,285.5,312398,,,,,,,,,,298.1374226613613,,,,,,,,,287.35641886286896,297.2269764280074,285.4457367210525,248.30874547050115,228.4282574985084,211.31114530772757,#000000,0.0,0.0,23.785565927963955,251.3330889485087,1.5457656615294404,0.0,0.0,0.0,0.0,0.0,0.0,0.0,0.0,53.626549292331305,9.37883321999687,False,True,False,False,False,8.118704496394212,0,0.9458623991246072,0.8545989917037967,False,False,False,False,0.1224160061949776,0.14352437753275815,False,False,False,False,5179138,4044923.583518126,False,False,False,False,414944.5068494686,False,False,False,False
2025-08-13 00:00:00+00:00,307.51,307.51,295.68,298.49,461638,,,,,,,,,303.56666666666666,298.54755432299555,,,,,,,,,292.05705755387885,297.61695715076786,286.11365431483006,248.67899353250058,228.74347089684542,211.51286007271693,"rgba(38, 166, 154, 0.5)",0.0,0.0,24.31089255090458,251.98572832964038,2.283925674637298,0.0,0.0,0.0,0.0,0.0,0.0,0.0,0.0,57.133504560962336,9.37883321999687,False,True,True,False,True,12.890678330249315,1,0.958219184562034,0.8297471820644434,False,False,False,False,0.2836238695645738,0.21357412354866598,False,False,False,False,5640776,4107506.0312232976,False,False,False,False,416775.62422792084,False,False,False,False
2025-08-14 00:00:00+00:00,309.69,309.74,300.0,303.01,326157,,,,,,,,,304.7714431250093,298.9493008337124,,,,,,,,,294.5089605578017,297.9859717029821,286.6304806238184,248.95131550411776,228.97318572756222,211.65933328672727,"rgba(38, 166, 154, 0.5)",0.0,0.0,24.88931733415697,252.41723164356858,2.301098402479399,0.0,0.0,0.0,0.0,0.0,0.0,0.0,0.0,59.900528667441776,3.5595759340570226,False,False,True,False,True,13.394432002839654,1,0.9549773298111679,0.8391297832945807,False,False,False,False,0.3200411635094682,0.2668076435290671,False,False,False,False,5966933,4180424.735881208,False,False,False,False,413221.952689571,False,False,False,False
2025-08-15 00:00:00+00:00,321.36,321.69,312.56,313.0,448937,,,,,,,,318.5366666666667,309.76825582260346,300.22627984119083,,,,,,,,,299.0660555123891,299.1002627041279,287.70749893100714,249.39969052016227,229.3360207558223,211.8857577534995,"rgba(38, 166, 154, 1.0)",0.0,0.0,25.752549566250106,253.17492380957614,2.6477019688871324,0.0,0.0,0.0,0.0,0.0,0.0,0.0,0.0,63.75592490748714,7.0768077516806684,True,False,True,False,True,16.008052110215168,0,0.9638937402718611,0.8414012905084681,False,False,False,False,0.3428282534301493,0.3048179484796082,False,False,False,False,6415870,4268089.256042729,False,False,False,False,414622.54278017604,False,False,False,False
2025-08-18 00:00:00+00:00,319.32,330.63,318.685,321.36,595230,,,,,,,,321.01164456771124,314.02790282222014,302.0285071786351,,,,,,,,,303.8507904836075,300.6950314346802,289.2141599726363,250.0221191974019,229.83577821299775,212.19665215613992,"rgba(38, 166, 154, 1.0)",0.0,0.0,26.54356353106972,258.90162564793945,2.2761967993234875,0.0,0.0,0.0,0.0,0.0,0.0,0.0,0.0,65.55274348057583,8.674586071324839,True,False,True,False,True,15.32451613638009,0,0.9756904147061034,0.8202692912787073,False,False,False,False,0.3428282535198794,0.32382310099974376,False,False,False,False,5820640,4328973.598943015,False,False,False,False,421705.1881613456,False,False,False,False
2025-08-19 00:00:00+00:00,312.51,318.64,311.77,313.91,196852,,,,,,,,319.9480925110736,314.05495075283727,302.34328983571913,,,,,,,,314.3066666666667,304.50231511761837,300.9903962266038,289.56468767045806,250.2017062916175,229.9847646022286,212.29115398425935,"rgba(38, 166, 154, 1.0)",0.0,0.0,27.100955357815575,259.02350413064516,1.9736018587968336,0.0,0.0,0.0,0.0,0.0,0.0,0.0,0.0,64.2954120379608,8.674586071324839,True,False,True,False,True,13.071279866463005,0,0.9706413080007035,0.8398560368828412,False,False,False,False,0.26029316347496895,0.2920581322373563,False,False,False,False,5623788,4379750.634278582,False,False,False,False,412887.416076587,False,False,False,False
2025-08-20 00:00:00+00:00,309.33,310.61,301.33,307.0,248354,,,,,,,,317.80399650054085,313.2953346949662,302.4920123286578,,,,,,,307.09,310.2809167142102,304.6909173974375,301.15293302423834,289.86820811951065,250.4015059677231,230.1559589435497,212.40171434658322,"rgba(38, 166, 154, 1.0)",0.0,0.0,27.556292048613418,259.0784996171133,1.8235944188077085,0.0,0.0,0.0,0.0,0.0,0.0,0.0,0.0,62.38885064209041,8.674586071324839,True,False,True,False,True,12.036715500458179,0,0.9376046054856666,0.8712987680574074,False,False,False,False,0.18288720894344843,0.2374726705904024,False,False,False,False,5375434,4418797.040777462,False,False,False,False,406435.1252500542,False,False,False,False
2025-08-21 00:00:00+00:00,313.97,315.0,309.57,310.16,159519,,,,,,,,317.3244088151316,313.26596240578573,302.6962837577559,,,,,,,309.34143049429605,310.95772992131407,305.05564707707686,301.34970997617705,290.121009763882,250.54205676467348,230.27371536645038,212.4769009684131,"rgba(38, 166, 154, 1.0)",0.0,0.0,28.077892968963738,259.2165578915287,1.950055232741067,0.0,0.0,0.0,0.0,1.0,312.08,310.61,913.0,62.179163825374545,8.674586071324839,True,False,True,False,True,13.119009497457874,0,0.9581013960080754,0.8511931521022648,False,False,False,False,0.23552904650459125,0.2365008585474968,False,False,False,False,5534953,4462567.862707757,False,False,False,False,396752.1399461305,False,False,False,False
2025-08-22 00:00:00+00:00,313.67,317.0,312.08,312.08,156851,,,,,,,,317.05735857760493,313.32547465534213,302.9161330168295,,,,,,,310.70477619155554,311.63579206365046,305.4429173697707,301.55968531785277,290.37923590015464,250.68274017551704,230.39113797762775,212.55175251835976,"rgba(38, 166, 154, 1.0)",0.0,0.0,28.44648861356087,259.3720105125652,1.9087765180813958,0.0,0.0,0.0,0.0,0.0,0.0,0.0,0.0,61.92744441543809,8.674586071324839,True,False,True,False,True,13.019190674603976,0,0.9694671280563358,0.844778467746026,False,False,False,False,0.2546269020823049,0.24556388031490084,False,False,False,False,5378102,4498471.162209414,False,False,False,False,387344.2521051058,False,False,False,False
2025-08-25 00:00:00+00:00,308.63,320.0,307.6,319.4,163237,,,,,,,,316.6444375700448,313.251528950797,303.09401789903313,,,,,,,311.01240707492116,311.7136100090865,305.72149830184674,301.73487000015035,290.6182317750121,250.82350984582223,230.50983504340317,212.6278724926458,"rgba(38, 166, 154, 0.5)",0.0,0.0,28.5356060853395,259.5109885136524,1.7213235751660814,0.0,0.0,0.0,0.0,-1.0,312.08,309.68,917.0,59.89026812994377,8.674586071324839,False,False,True,False,False,11.342508659014754,0,0.9488131493189255,0.8587120047746566,False,False,False,False,0.2483403324417657,0.24695210637833326,False,False,False,False,5214865,4526565.038201202,False,False,False,False,378555.7324147095,False,False,False,False
2025-08-26 00:00:00+00:00,308.91,309.68,306.35,308.84,120362,,,,,,,,316.1645025626888,313.0449447315161,303.1676942952391,,,,,,,310.6294563430832,311.3220352955247,305.79934259802184,301.81468760280165,290.7607902146657,250.92054114102012,230.59310717954958,212.68180352273666,"rgba(38, 166, 154, 0.5)",0.0,0.0,28.654551608162915,259.58676099099455,1.721305560229203,0.0,0.0,0.0,0.0,0.0,0.0,0.0,0.0,58.61387001354963,14.66332948237934,False,False,True,False,False,11.411176839797253,0,0.9577272848466105,0.8623419311146543,False,False,False,False,0.19981136434695895,0.2233817353626461,False,False,False,False,5335227,4558277.271997234,False,False,False,False,368430.4880062895,False,False,False,False
2025-08-27 00:00:00+00:00,300.14,301.29,296.6,298.96,197852,,,,,,,,314.70939994595994,312.1633509377324,303.08096567091064,,,,,,299.34333333333336,308.4950314048797,309.4153911593768,305.4956000412652,301.76636128622596,290.8729644829544,251.05451451191658,230.7138502894724,212.76202081105123,#000000,0.0,0.0,28.5304963126626,259.6140451971693,1.4204433865682247,0.0,0.0,0.0,0.0,0.0,0.0,0.0,0.0,54.76389941114422,10.818201998567936,False,True,False,False,False,8.531320296339874,0,0.9538186623704151,0.8589877483112466,False,False,False,False,0.12547036707464687,0.1744260512186465,False,False,False,False,5137375,4580986.986820872,False,False,False,False,361741.13553545467,False,False,False,False
2025-08-28 00:00:00+00:00,297.96,302.4,295.22,295.86,200894,,,,,,,,313.40276850068534,311.32707929739865,302.9784560304542,,,,,,298.931884859033,306.8891983148754,307.90043333395664,305.17786304095307,301.7032886836933,290.97320648157984,251.18750352219223,230.83456293253957,212.84255280582306,#000000,0.0,0.0,28.370752930559565,263.10447581136265,1.228572406024963,0.0,0.0,0.0,0.0,1.0,306.05,301.29,0.0,51.53776411717871,7.6960995173613895,False,True,False,False,False,7.83111519954911,0,0.9716590757044613,0.847623003023897,False,False,False,False,0.12437617687827755,0.149401114048462,False,False,False,False,4936481,4594927.92851417,False,False,False,False,355433.40473014273,False,False,False,False
2025-08-29 00:00:00+00:00,306.05,314.9,306.05,310.72,360221,,,,,,,309.0,312.8459575394851,311.0965405582459,303.2120543302467,,,,,,303.71041476111606,307.36226483915993,308.11997647635275,305.4667192377502,301.9494181975976,291.3868416521296,251.47645474639586,231.08326179705452,213.00418004030246,#000000,0.0,0.0,28.12231620940902,263.7148527772954,1.5053933291789223,0.0,0.0,0.0,0.0,0.0,0.0,0.0,0.0,52.06808844046493,7.6960995173613895,False,True,False,False,False,9.897630705643241,0,0.9714935278545063,0.8224095492212019,False,False,False,False,0.2203216933640495,0.18486140370625576,False,False,False,False,5296702,4622448.480337144,False,False,False,False,355621.15356425475,False,False,False,False
2025-09-02 00:00:00+00:00,332.04,335.94,324.02,330.0,766232,,,,,,330.6666666666667,323.7380257616903,316.62369794855465,314.50274509790563,305.3048793989943,,,,,,317.2527412444758,314.88550600612365,314.84117561620735,308.95671955917817,303.8719641424323,293.2147895873238,252.3095079765084,231.75269605801364,213.42337002333997,"rgba(38, 166, 154, 0.5)",0.0,0.0,28.279681386223462,265.739902656752,2.3444428682830325,0.0,0.0,0.0,0.0,1.0,335.66,314.9,920.0,57.75035374812817,1.3806047274670377,False,False,True,False,True,15.862053893158329,0,0.9827971376635606,0.7777488895676954,False,False,False,False,0.3428282535740243,0.26384482864014003,False,False,False,False,6062934,4678938.108559217,False,False,False,False,371723.5396989898,False,False,False,False
2025-09-03 00:00:00+00:00,336.26,339.86,335.66,335.8,556401,,,,,,333.4403289448648,328.20878792416534,319.37656746765276,317.0562500296615,306.98093232360884,,,,,,322.6005788592109,319.1344882601579,318.8305436730604,311.5429899254845,305.41984215110995,294.65453980995756,252.95351388566957,232.26522250230605,213.74291171914186,"rgba(38, 166, 154, 1.0)",0.0,0.0,28.619033077294677,266.9699255174828,2.4211186414082406,0.0,0.0,0.0,0.0,0.0,0.0,0.0,0.0,62.129660241796515,5.387156631793772,True,False,True,False,True,16.746304231688953,0,0.991232452002754,0.7809189974758423,False,False,False,False,0.34282825364234554,0.30333654114124275,False,False,False,False,6619335,4755032.104301994,False,False,False,False,378965.7930441275,False,False,False,False
2025-09-04 00:00:00+00:00,318.73,325.065,316.79,323.49,306638,,,,,,330.94748326296445,326.97363246664645,319.43261616245087,317.2390404317515,307.3521650378464,,,,,320.19500000000005,322.2917143782711,319.23496317747964,318.95240322190585,311.9578050342535,305.78793670736593,295.1065010742431,253.23327583990837,232.49999470952844,213.89407750842264,"rgba(38, 166, 154, 0.5)",0.0,0.0,28.519328892796608,267.23836112762365,1.8054996688713139,0.0,0.0,0.0,0.0,0.0,0.0,0.0,0.0,60.13805232204069,5.387156631793772,False,False,True,False,True,11.278002516181036,0,0.9666139714164147,0.8101024704027234,False,False,False,False,0.21740892103764703,0.2603727310894449,False,False,False,False,6312697,4816117.002172505,False,False,False,False,376129.4090031813,False,False,False,False
2025-09-05 00:00:00+00:00,341.8,341.99,335.75,338.49,357691,,,,,339.8466666666667,332.5495057530038,328.93537489407515,320.942753265191,318.67714278295864,308.38325731452306,,,,,330.77593851339725,324.57846266600484,321.2861885319486,320.9237788385653,313.43492777459915,306.74976305518175,296.0113553259212,253.65160273298346,232.83329125381852,214.10236810905204,"rgba(38, 166, 154, 1.0)",0.0,0.0,29.0473251931031,267.9464091663913,2.542526389009625,0.0,0.0,0.0,0.0,1.0,338.0,325.065,924.0,62.190591993313724,5.387156631793772,True,False,True,False,True,16.000299536412587,0,0.9696688748121631,0.7941985204941996,False,False,False,False,0.34282825365119907,0.301600492370322,False,False,False,False,6670388,4888833.51189123,False,False,False,False,375406.33414031146,False,False,False,False
2025-09-08 00:00:00+00:00,346.45,347.17,338.0,340.32,399928,,,,,341.97224264438984,334.44683479478874,331.11006235399054,322.69446910741436,320.35017484881,309.59924009669163,,,,,335.6976960546184,327.0313901309988,323.5477870693526,323.1137333485723,315.13667799006447,307.88605777435885,297.0697173543251,254.13619530951922,233.21743220182353,214.3418714842439,"rgba(38, 166, 154, 1.0)",0.0,0.0,29.70214032798094,268.75730787025714,2.615727057775441,0.0,0.0,0.0,0.0,1.0,347.0001,341.99,924.0,64.10697123873129,6.924278879512229,True,False,True,False,True,16.88607452547048,0,0.9953025848071273,0.7790217619207835,False,False,False,False,0.3428282536794099,0.32221437302486594,False,False,False,False,7070316,4974381.8447582405,False,False,False,False,376367.9680955934,False,False,False,False
2025-09-09 00:00:00+00:00,351.13,351.27,347.0001,348.66,349055,,,,,344.44119870455677,336.40561346755874,333.2171289066865,324.38875678144893,321.9634110862142,310.76650742813604,,,,,339.1806434426133,329.3054126966573,325.6576148405125,325.1654531594879,316.7494220942139,308.97664975821823,298.0681391198132,254.58256457903408,233.5683839732436,214.55971885727695,"rgba(38, 166, 154, 1.0)",0.0,0.0,30.405677990814315,275.32622092200984,2.4930797169163865,0.0,0.0,0.0,0.0,0.0,0.0,0.0,0.0,65.93210421917354,8.754789903134814,True,False,True,False,True,17.768495042476157,0,1.0273939020082883,0.7417585577339234,False,False,False,False,0.3428282537243855,0.33252131337462576,False,False,False,False,7419371,5070263.77241478,False,False,False,False,375296.8713075309,False,True,False,False
2025-09-10 00:00:00+00:00,313.93,330.35,312.28,324.49,1021845,,,,,332.1571494241614,331.6326725385133,329.65289056743654,323.5325260811007,321.5335946185461,311.40004824812263,,,,318.8533333333333,330.6508606817411,326.94079466716937,324.36165633911025,324.00578272774646,317.0016293543866,309.6757253055707,299.15975408786096,255.44864657217502,234.31340194614722,215.0484344098987,"rgba(38, 166, 154, 0.5)",0.0,0.0,30.235421089203484,274.774611430223,1.2950171407984357,0.0,0.0,0.0,0.0,-1.0,347.0001,336.8,930.0,59.972924459095424,8.754789903134814,False,False,True,False,False,7.596043273588755,0,0.9838169422781288,0.7578843880397557,False,False,False,False,0.16004867219466218,0.24628499278464397,False,False,False,False,6397526,5122313.271535769,False,False,False,False,400651.69988370617,False,False,False,False
2025-09-11 00:00:00+00:00,335.67,336.8,324.51,324.51,429396,,,,,332.18560620472795,331.7038416489021,329.9053660467382,324.0692571555851,322.125992697254,312.06701093818896,,,,322.83984931517233,330.9020637094746,327.40836449226293,324.95189842046693,324.60213703848297,317.73658457046054,310.32997467840704,299.87591905409613,255.88152740949926,234.67187859092243,215.2789150688586,"rgba(38, 166, 154, 0.5)",0.0,0.0,30.486828622086,275.3357156706815,1.9790278968409885,0.0,0.0,0.0,0.0,0.0,0.0,0.0,0.0,58.87261876719142,8.754789903134814,False,False,True,False,False,11.733106540978785,0,0.9862632945580113,0.7350698998065013,False,False,False,False,0.21967439907830708,0.23297969593147552,False,False,False,False,6826922,5189160.672652014,False,False,False,False,401778.9273392471,False,False,False,False
2025-09-12 00:00:00+00:00,324.34,333.03,324.03,331.66,274662,,,,,331.6957104767732,331.4224907478918,329.7474728168551,324.18438262978935,322.2958289958375,312.3680241881737,,,,323.5231188311278,330.57232298685074,327.3938953704546,325.0506203931816,324.7130889290439,318.01626065845915,310.6347944459888,300.24726265605256,256.1372336018891,234.88768407969155,215.41934678702015,"rgba(38, 166, 154, 0.5)",0.0,0.0,30.393903264152183,275.5814010258468,1.6042230098054264,0.0,0.0,0.0,0.0,0.0,0.0,0.0,0.0,56.49854307005475,14.106309598165467,False,True,True,False,False,8.991614464062618,0,0.9836058574215687,0.7373986051622456,False,False,False,False,0.2056782904984694,0.21932899321497246,False,False,False,False,6552260,5242615.548234288,False,False,False,False,396793.9497965315,False,False,False,False
2025-09-15 00:00:00+00:00,332.27,334.025,330.0,332.94,356024,,,,,331.74066542719936,331.47243316658603,329.90910814563705,324.5519132666578,322.7086438422781,312.8660925339774,,,,324.98954016479286,330.72776194470055,327.6942255075261,325.44114050019283,325.11014702251714,318.5393612191048,311.1278947176511,300.79996797468885,256.48895737214343,235.18089785856728,215.6089209807136,"rgba(38, 166, 154, 0.5)",0.0,0.0,30.450862764297835,275.99853916193035,1.8479430705669593,0.0,0.0,0.0,0.0,0.0,0.0,0.0,0.0,55.92377741817202,13.402123760122002,False,True,True,False,False,10.448828754741111,0,0.9764180495577265,0.733415648453485,False,False,False,False,0.2282005296973508,0.22376476145616164,False,False,False,False,6908284,5307935.87967608,False,False,False,False,395195.12823588325,False,False,False,False
2025-09-16 00:00:00+00:00,327.2,327.78,323.69,327.78,316617,,,,,331.24229952369103,331.1487487177724,329.69672587910304,324.6182058131121,322.8355235689499,313.159374136732,,,326.22333333333336,325.1524055913365,330.35361909312246,327.6152040526249,325.4778749508846,325.1609428798227,318.78508338045185,311.4301340452867,301.18634093007165,256.7749321180251,235.42445785307342,215.76851851427358,"rgba(38, 166, 154, 0.5)",0.0,0.0,30.481104276271083,276.25336699361196,1.671416906179772,0.0,0.0,0.0,0.0,0.0,0.0,0.0,0.0,54.7698425502063,12.046743159043181,False,True,True,False,False,9.235638592717596,0,0.9737835082035236,0.734384526084865,False,False,False,False,0.18530693080532737,0.2045358461307445,False,False,False,False,6591667,5358278.276551529,False,False,False,False,392113.6330109466,False,False,False,False
2025-09-17 00:00:00+00:00,332.2,334.095,330.0,330.0,157833,,,,332.09833333333336,331.2791841819383,331.17706819429475,329.7637847071958,324.763232773172,322.99926766601044,313.3644242697232,,,328.1777413320687,325.5812533760344,330.42298812497233,327.73213546075334,325.62932213485334,325.315237912877,318.99398298789964,311.63438227837366,301.41876787139864,256.9286015007178,235.5532104537321,215.8521282450235,"rgba(38, 166, 154, 0.5)",0.0,0.0,30.545646314717168,276.4289894239149,1.8258251929412965,0.0,0.0,0.0,0.0,1.0,335.0,327.78,931.0,54.69444299155457,11.635597898705086,False,True,True,False,False,10.162016595245639,0,0.978290182128754,0.7311656328280808,False,False,False,False,0.21887921345064051,0.21170752979069252,False,False,False,False,6749500,5412835.991196567,False,False,False,False,382926.15720659576,False,False,False,False
2025-09-18 00:00:00+00:00,342.89,343.28,335.0,335.0,229881,,,340.38999999999993,337.01457733019697,331.8171857322022,331.5605886799465,330.17904974040744,325.1923937225704,323.4357892785388,313.78397949531677,,,332.16360342651393,326.80305318160293,330.96857413897925,328.195393509516,326.1052605204185,325.7882433996989,319.4720383208615,312.04239833623745,301.84092939373375,257.1758648766199,235.75617689691424,215.98236036334762,"rgba(38, 166, 154, 0.5)",0.0,0.0,30.80103362647868,276.7763961540326,2.1464735452621815,0.0,0.0,0.0,0.0,0.0,0.0,0.0,0.0,56.05891240761614,11.635597898705086,False,True,True,False,False,12.095156725094501,0,0.9768278207845196,0.7282471901201498,False,False,False,False,0.2693241170804436,0.24051582343556807,False,False,False,False,6979381,5474269.128796702,False,False,False,False,376924.3863357489,False,False,False,False
2025-09-19 00:00:00+00:00,334.4,339.25,332.39,335.0,241905,,,337.80406580525914,336.37375180069216,332.02367490830557,331.71948077485126,330.38316555008174,325.47760627051616,323.74230372678477,314.1305737474608,,,332.97735275871975,327.4855603055934,331.20702701170967,328.4605949264981,326.40853302772416,326.0937605774343,319.83670634744476,312.38524124141423,302.2185649071689,257.4188102508124,235.95865883127266,216.11356683816095,"rgba(38, 166, 154, 0.5)",0.0,0.0,30.925241575669617,277.069135515896,1.8538534078650155,0.0,0.0,0.0,0.0,0.0,0.0,0.0,0.0,55.49068681095861,11.635597898705086,False,True,True,False,False,10.040387847776596,0,0.9644018762954077,0.7310050398167341,False,False,False,False,0.24555885988374662,0.24303734165965735,False,False,False,False,6737476,5523806.653157616,False,False,False,False,371629.50844022934,False,False,False,False
2025-09-22 00:00:00+00:00,337.815,339.67,334.4,337.49,112387,,,337.70612841572614,336.5132874936321,332.1631609380229,331.8261116626776,330.5077183336818,325.62982991119344,323.90242262552715,314.3022776250432,,,333.4357288005267,327.83659865840906,331.35727509130345,328.61022614780507,326.5720194672215,326.25766282863873,320.02106210597043,312.5543406920756,302.4012790511905,257.5339767110158,236.05428898040176,216.17542063680642,"rgba(38, 166, 154, 0.5)",0.0,0.0,31.179053476696726,277.2129930087036,1.9436769315845464,0.0,0.0,0.0,0.0,0.0,0.0,0.0,0.0,55.60319587444451,11.467943779345049,False,True,True,False,False,10.66338224645439,0,0.972725648834342,0.7274316311370776,False,False,False,False,0.25346361646224397,0.24825047906095066,False,False,False,False,6849863,5575808.8628377095,False,False,False,False,361463.13556022034,False,False,False,False
2025-09-23 00:00:00+00:00,329.07,332.165,326.685,329.5,169975,,,335.8130006599058,335.1701176523049,332.0532422737803,331.755286426929,330.4758534041728,325.70009251440274,323.9972926859979,314.46862051557144,,329.3066666666667,332.8644782074093,327.9120775657436,331.2834892754555,328.6276206923719,326.63275061867193,326.32367735430483,320.16702850271304,312.724588141379,302.6115875881657,257.6901442901461,236.18719329982068,216.26268696469964,"rgba(38, 166, 154, 0.5)",0.0,0.0,31.220062703303622,277.36316307648474,1.6562054155657984,0.0,0.0,0.0,0.0,-1.0,334.4,331.15,935.0,54.12661571246779,9.66642272271946,False,True,True,False,False,8.569126990238214,0,0.9574811565097849,0.7363342139172482,False,False,False,False,0.1734930930650361,0.2108717860629934,False,False,False,False,6679888,5619106.083902897,False,False,False,False,353953.7969108,False,False,False,False
2025-09-24 00:00:00+00:00,329.84,331.15,327.4,327.98,134858,,,334.84978619754344,334.4349468001606,331.97651433740106,331.7052828985131,330.45497968883205,325.7562966708222,324.07237742400457,314.59936171349443,,329.37597593873807,332.52807454243725,327.9727962870891,331.232969004057,328.6438595605086,326.68176146035574,326.3766996217505,320.2815433302045,312.85847328326327,302.77708713244454,257.8138348269808,236.292547197285,216.3319240844291,#000000,0.0,0.0,31.22502785766129,277.4824366317079,1.676781958593057,0.0,0.0,0.0,0.0,0.0,0.0,0.0,0.0,53.27260826082874,8.504045631592732,False,True,False,False,False,8.714725286368555,0,0.9523487294555187,0.7456534702008405,False,False,False,False,0.15181337737303288,0.18134258171801315,False,False,False,False,6814746,5665993.923749843,False,False,False,False,345361.80487508234,False,False,False,False
2025-09-25 00:00:00+00:00,328.71,332.7373,325.43,330.14,252336,,,333.54743143241313,333.3713847102456,331.8180339082933,331.59757431940807,330.39942027074346,325.8433667992175,324.1948326809615,314.8298745746896,,329.1871771956683,331.97071272845346,328.0401026274847,331.1207061340005,328.6549190061467,326.75322742045694,326.4558023078111,320.47704697131815,313.0958855637134,303.0755909769983,258.04251291769003,236.48797604750257,216.46067165453286,#000000,0.0,0.0,31.2986761719586,277.6978460326285,1.6298502111432678,0.0,0.0,0.0,0.0,0.0,0.0,0.0,0.0,52.48383562393526,7.421540760052714,False,True,False,False,False,8.440866436097693,1,0.9382010879293543,0.7556804459686381,False,False,False,False,0.12300135043121205,0.15217196607461259,False,False,False,False,6562410,5701147.495367495,False,False,False,False,341713.7340956674,False,False,False,False
2025-09-26 00:00:00+00:00,326.06,329.9999,321.835,326.05,198187,,,332.42558491432436,332.3910901837365,331.58615319126,331.42924882281983,330.2737277640829,325.845908899027,324.2289989335624,314.9685172930716,,328.3417477053204,331.3145525442687,327.9345392564314,330.928248311057,328.582787127875,326.7342663377408,326.4442710934998,320.5724678474116,313.24321960591914,303.2787355378539,258.2135510236073,236.63593942063508,216.55889918010854,#000000,0.0,0.0,31.305937931849364,281.9214439944001,1.409910033735012,0.0,0.0,0.0,0.0,0.0,0.0,0.0,0.0,51.41696846641021,6.102440004480279,False,True,False,False,False,7.7927417791026805,0,0.917929360808776,0.7765316914825009,False,False,False,False,0.08984240646634759,0.12100718627048009,False,False,False,False,6364223,5727150.456333476,False,False,False,False,336085.2347193667,False,False,False,False
2025-09-29 00:00:00+00:00,332.83,333.025,327.21,327.4,162541,,,332.2736650464803,332.25699351188996,331.56838938588277,331.41949830927234,330.2907197016154,325.93315342141864,324.33485075556655,315.13078755578556,,328.8163071688508,331.2904667958668,328.0581788595572,330.9310233442664,328.63526946310026,326.81721143574185,326.53079915210355,320.7193797744037,313.408597844496,303.47921120652603,258.3636062325238,236.7637739991794,216.64304541168897,#000000,0.0,0.0,31.374605510602972,282.1800324693514,1.6143618925672731,0.0,0.0,0.0,0.0,1.0,335.57,329.9999,939.0,52.09587363818789,6.102440004480279,False,True,False,False,False,9.12659057106703,0,0.9197203821925997,0.7772317866170748,False,False,False,False,0.1338836645939277,0.12744542543220388,False,False,False,False,6526764,5758507.850202752,False,False,False,False,329279.5784558622,False,False,False,False
2025-09-30 00:00:00+00:00,340.7,342.26,335.57,337.05,273720,,339.50999999999993,333.3890726135222,333.28371533715034,331.96806601869775,331.7328114150615,330.63043271707573,326.30791105277467,324.722898030695,315.5388357166601,,331.27269844368334,332.2902937603841,328.78174110509434,331.339733826057,329.0155685813997,327.2176851066805,326.9312235376189,321.1539861013511,313.81116795715485,303.9123964885029,258.6442655237514,236.99758346669384,216.7949643130878,"rgba(38, 166, 154, 0.5)",0.0,0.0,31.714361606930506,282.7589194732161,1.826966635649449,0.0,0.0,0.0,0.0,1.0,334.61,333.025,941.0,54.02470309086379,6.102440004480279,False,True,True,False,True,10.641737398938094,0,0.9410562128735873,0.755809848279965,False,False,False,False,0.2280530475125659,0.17774923647238489,False,False,False,False,6800484,5799369.659998722,False,False,False,False,327100.7714575931,False,False,False,False
2025-10-01 00:00:00+00:00,335.16,346.58,334.61,340.73,279259,,339.1430272819281,334.1220944803262,333.9777504560568,332.30090817518646,332.0007877701924,330.9258259959617,326.6496120428652,325.080389908464,315.9291002211518,,332.6986598358393,333.0071312598661,329.3874181004676,331.6847599757091,329.3520628426629,327.5783700458565,327.29289142023475,321.5603946475227,314.19802806052013,304.3349381776161,258.92605537631556,237.23334705369817,216.94865525936257,"rgba(38, 166, 154, 0.5)",0.0,0.0,31.861298754654467,283.17065250024507,1.6317397448263178,0.0,0.0,0.0,0.0,0.0,0.0,0.0,0.0,53.98664754795877,6.102440004480279,False,True,True,False,True,9.249791453825214,0,0.9368249324730563,0.7567682188142182,False,False,False,False,0.24644608178998353,0.21209765913118422,False,False,False,False,6521225,5827677.712547792,False,False,False,False,325224.6235572953,False,False,False,False
2025-10-02 00:00:00+00:00,345.17,355.3,344.44,349.0,424755,,343.1225204742121,336.55113810998773,336.28468767108586,333.40741485620833,332.89173932458976,331.8334585808828,327.5156336687904,325.94503423404564,316.7352548603276,,336.19520694412574,335.2063796358404,330.9827995164127,332.7792370340635,330.2956285612953,328.5169180088824,328.22480876578084,322.46633575411636,314.98314881902985,305.1306329126279,259.40152522148395,237.62328044716222,217.19988745146227,"rgba(38, 166, 154, 0.5)",0.0,0.0,32.08992366266534,284.0176666453948,1.905655307798448,0.0,0.0,0.0,0.0,0.0,0.0,0.0,0.0,55.80508862666314,6.102440004480279,False,True,True,False,True,11.162766033866845,1,0.9309586380655773,0.7379621723763872,False,False,False,False,0.3428282532666869,0.2774629561989356,False,False,False,False,6945980,5871532.7042125845,False,False,False,False,329127.77557465626,False,False,False,False
2025-10-03 00:00:00+00:00,343.87,347.09,334.53,339.11,163179,,342.937657826086,336.87705749893206,336.60776441747686,333.62536309771457,333.0755427749616,332.0300977852238,327.73224045604746,326.16904263515937,316.97304430558165,,336.64181439992035,335.55308660513316,331.323232825072,333.00258010174,330.512112149225,328.74457258357916,328.4527561533901,322.7151003813835,315.2184963792812,305.3840181405377,259.5696424474412,237.7636360840075,217.29139554462822,"rgba(38, 166, 154, 0.5)",0.0,0.0,32.080374560702516,284.2280375836047,1.859141709942966,0.0,0.0,0.0,0.0,0.0,0.0,0.0,0.0,56.68339754707398,2.812766792116463,False,True,True,False,True,10.831830320394744,1,0.9172620772946861,0.7511126639061427,False,False,False,False,0.24186937309234788,0.25966616464564174,False,False,False,False,6782801,5907268.715812092,False,False,False,False,322619.98045408155,False,False,False,False
2025-10-06 00:00:00+00:00,344.53,346.0,340.88,344.98,168706,,343.04917472689885,337.2926455283758,337.016562752535,333.8905605645735,333.29886954906647,332.2647576428907,327.9797943802348,326.42244821479176,317.2333403005973,,337.1842083549718,335.9766432850325,331.7154537546111,333.2712794538022,330.7651093654074,329.00617535863967,328.71413024336624,322.99152527798896,315.47524016951866,305.6563193233586,259.74688673176024,237.91109279177792,217.38735874797752,"rgba(38, 166, 154, 0.5)",0.0,0.0,32.01120641993166,284.46185251351307,1.8764724671259405,0.0,0.0,0.0,0.0,0.0,0.0,0.0,0.0,57.39812819522753,3.653595123180544,False,True,True,False,True,10.959255391697642,1,0.942965094044432,0.7501910440496475,False,False,False,False,0.27059854020607854,0.26513235242586014,False,False,False,False,6951507,5948219.236760637,False,False,False,False,316584.13808333327,False,False,False,False
2025-10-07 00:00:00+00:00,341.62,346.405,341.43,345.0,150224,,343.05972157964925,337.589806718282,337.3119841908176,334.10056025711236,333.4781867836975,332.45461002836777,328.18507880354866,326.633807210756,317.4553245870566,,337.56122832242664,336.2903065134175,332.0267809317802,333.4854105145102,330.9715574383591,329.22165848992586,328.9297579208389,323.2241198612606,315.69483566775864,305.8914740955694,259.90286826157836,238.04124472606438,217.47224672611543,"rgba(38, 166, 154, 0.5)",0.0,0.0,31.717128999248498,284.65755760546847,1.7959520357558592,0.0,0.0,0.0,0.0,0.0,0.0,0.0,0.0,57.02608123116034,3.653595123180544,False,True,True,False,True,10.198074302738515,1,0.9357649898129606,0.7605737970112194,False,False,False,False,0.27586036424399013,0.27049635833492514,False,False,False,False,6801283,5981672.717671985,False,False,False,False,310060.2110996732,False,False,False,False
2025-10-08 00:00:00+00:00,351.09,353.0,346.985,347.82,155837,350.35833333333335,343.7636937522694,338.22802622982385,337.93266878691,334.47419791184944,333.79097261928314,332.77273651840363,328.4919980192119,326.94072278108837,317.745086019678,,338.34836147590283,336.90060635628123,332.5302476556658,333.8564085115747,331.3010551092868,329.5504751981143,329.25669104624205,323.54503303997785,315.9778165368972,306.1789012542313,260.07801681912673,238.18515364385814,217.56522801642416,"rgba(38, 166, 154, 0.5)",0.0,0.0,31.7713550903844,284.9249517747129,2.0825378092013436,0.0,0.0,0.0,0.0,0.0,0.0,0.0,0.0,58.73262742289494,5.217528191158827,False,False,True,False,True,12.049165233257664,1,0.9355515316661539,0.7647693051465747,False,False,False,False,0.3428282532688651,0.30666230580189513,False,False,False,False,6957120,6019925.5522730835,False,False,False,False,304012.2420369409,False,False,False,False
2025-10-09 00:00:00+00:00,335.8,337.82,329.64,335.51,212278,341.16729921808854,342.67862471767216,337.9852774625419,337.7188809367785,334.4725527103107,333.80645896283494,332.81166499415366,328.6017026494758,327.07024041924046,317.94274845742206,334.42,338.0446656444107,336.7621962626761,332.59839669538536,333.87279792420264,331.3716297827054,329.65152401174754,329.36181335373396,323.717454690543,316.1806448514063,306.4253917333325,260.2735841573568,238.35282207895364,217.6764993202074,"rgba(38, 166, 154, 0.5)",0.0,0.0,31.691348959517168,285.0766365497719,1.6005428962655595,0.0,0.0,0.0,0.0,0.0,0.0,0.0,0.0,55.88504495080771,5.217528191158827,False,True,True,False,False,8.136583310315814,1,0.9176080253540723,0.7695027956472079,False,False,False,False,0.16534100108203362,0.2360016534419644,False,False,False,False,6744842,6048353.648262375,False,False,False,False,300414.8207805903,False,False,False,False
2025-10-10 00:00:00+00:00,320.1,332.3897,316.4,330.0,335152,332.49188989359664,339.6239243773086,336.61162920133984,336.4252978896924,333.9461812834503,333.40075112641154,332.4574237736337,328.4416336573292,326.9609411733489,318.0349822775765,327.40584611390193,336.40410715106026,335.6450070395583,332.0793555178926,333.3938948294988,331.0815973762005,329.4393481357386,329.1625411151246,323.6990358640262,316.2964084764147,306.650188682377,260.53287955396866,238.58492819240902,217.83454942210813,#000000,0.0,0.0,31.436801929276406,285.113607075558,1.1129119623284576,0.0,0.0,0.0,0.0,0.0,0.0,0.0,0.0,51.00022848946164,4.9778221887493075,False,True,False,False,False,4.3974456434376314,1,0.8950822801076724,0.7725347315787272,False,False,False,False,0.06858335040788148,0.15229250192492294,False,False,False,False,6409690,6062523.701271694,False,False,False,False,301777.0631029201,False,False,False,False
2025-10-13 00:00:00+00:00,327.03,332.325,322.54,322.54,145765,331.6002406129962,338.8457792726472,336.2554045451982,336.0900833756637,333.81652861084405,333.303036873978,332.37795890634266,328.4276896241969,326.9648016440268,318.1084113093355,327.38323833332134,335.9927663062342,335.36110021351595,331.96990515575726,333.2796985414471,331.0256802804179,329.4102100598503,329.1376281181596,323.7368630382107,316.37747561430206,306.7715398999747,260.6527691942889,238.69064538455834,217.9059693775905,#000000,0.0,0.0,30.968302482953312,285.17276358296385,1.351615460359078,0.0,0.0,0.0,0.0,0.0,0.0,0.0,0.0,49.30616474896679,3.571840061990706,False,True,False,False,False,5.799282224248088,1,0.9179386015994212,0.7640487030131872,False,False,False,False,0.09984126629405844,0.12606688410949068,False,False,False,False,6555455,6081854.340437511,False,False,False,False,295658.94298123696,False,False,False,False
