date,Open,High,Low,Close,Volume,Gap_Up_aVWAP_882,Gap_Up_aVWAP_876,Gap_Up_aVWAP_828,Gap_Up_aVWAP_786,Gap_Up_aVWAP_774,Gap_Up_aVWAP_756,Gap_Up_aVWAP_738,Gap_Up_aVWAP_714,Gap_Up_aVWAP_690,Gap_Up_aVWAP_636,Gap_Down_aVWAP_810,Gap_Down_aVWAP_762,Gap_Down_aVWAP_750,Gap_Down_aVWAP_732,Gap_Down_aVWAP_726,Gap_Down_aVWAP_708,Gap_Down_aVWAP_696,Gap_Down_aVWAP_672,Gap_Down_aVWAP_648,Gap_Down_aVWAP_630,aVWAP_OB_bull_516,aVWAP_OB_bull_345,aVWAP_OB_bull_114,aVWAP_OB_bear_789,aVWAP_OB_bear_666,color,Liquidity,Liquidity_Level,StDev,StDev_Mean,StdDev_ZScore,OB,OB_High,OB_Low,OB_Mitigated_Index,FVG,FVG_High,FVG_Low,FVG_Mitigated_Index,QQEMOD,QQE1_Value,QQE1_Above_Upper,QQE1_Below_Lower,QQE2_Above_Threshold,QQE2_Below_Threshold,QQE2_Above_TL,banker_RSI,TTM_squeeze_Active,VI_plus,VI_minus,VI_Regular_Bullish,VI_Regular_Bearish,VI_Hidden_Bullish,VI_Hidden_Bearish,Fisher,Fisher_Signal,Fisher_Regular_Bullish,Fisher_Regular_Bearish,Fisher_Hidden_Bullish,Fisher_Hidden_Bearish,OBV,OBV_Smoothed,OBV_Regular_Bullish,OBV_Regular_Bearish,OBV_Hidden_Bullish,OBV_Hidden_Bearish,Volume_MA,Vol_Regular_Bullish,Vol_Regular_Bearish,Vol_Hidden_Bullish,Vol_Hidden_Bearish
2025-04-03 14:00:00+00:00,20.77,20.785,20.635,20.655,442.0,,,,,,,,,,,,,,,,,,,,,,,,,,"rgba(38, 166, 154, 1.0)",0.0,0.0,,,,0.0,0.0,0.0,0.0,0.0,0.0,0.0,0.0,,,False,False,False,False,False,,0,,,False,False,False,False,,,False,False,False,False,0.0,0.0,False,False,False,False,442.0,False,False,False,False
2025-04-03 15:00:00+00:00,20.645,20.75,20.645,20.71,801.0,,,,,,,,,,,,,,,,,,,,,,,,,,"rgba(38, 166, 154, 1.0)",0.0,0.0,,,,0.0,0.0,0.0,0.0,0.0,0.0,0.0,0.0,100.0,,False,False,True,False,False,,0,,,False,False,False,False,,,False,False,False,False,801.0,12.41860465116279,False,False,False,False,447.5658914728682,False,False,False,False
2025-04-03 16:00:00+00:00,20.71,20.77,20.64,20.665,0.0,,,,,,,,,,,,,,,,,,,,,,,,,,"rgba(239, 83, 80, 1.0)",0.0,0.0,,,,0.0,0.0,0.0,0.0,0.0,0.0,0.0,0.0,84.0236686390529,-5.917159763314849,False,False,True,False,True,,0,,,False,False,False,False,,,False,False,False,False,801.0,24.644672796106,False,False,False,False,440.6268854035214,False,False,False,False
2025-04-03 17:00:00+00:00,20.665,20.675,20.61,20.64,10.0,,,,,,,,,,,,,,,,,,,,,,,,,,"rgba(239, 83, 80, 1.0)",0.0,0.0,,,,0.0,0.0,0.0,0.0,0.0,0.0,0.0,0.0,69.37187850457819,-5.917159763314849,False,False,True,False,True,,0,,,False,False,False,False,,,False,False,False,False,791.0,36.52615073725164,False,False,False,False,433.95049958331174,False,False,False,False
2025-04-03 18:00:00+00:00,20.64,20.66,20.56,20.59,903.0,,,,,,,,,,,,,,,,,,,,,,,,,,"rgba(239, 83, 80, 1.0)",0.0,0.0,,,,0.0,0.0,0.0,0.0,0.0,0.0,0.0,0.0,55.04269710355487,-5.917159763314849,False,False,False,False,False,,0,,,False,False,False,False,,,False,False,False,False,-112.0,34.223419718069444,False,False,False,False,441.22258486108984,False,False,False,False
2025-04-03 19:00:00+00:00,20.59,20.615,20.425,20.44,682.0,,,,,,,,,,,,,,,,,,,,,,,,,,"rgba(239, 83, 80, 1.0)",0.0,0.0,,,,0.0,0.0,0.0,0.0,0.0,0.0,0.0,0.0,40.78075392117215,30.032287596612974,False,False,False,True,False,,0,,,False,False,False,False,,,False,False,False,False,-794.0,21.38274654414589,False,False,False,False,444.955568041538,False,False,False,False
2025-04-04 14:00:00+00:00,19.805,19.805,19.5,19.675,201.0,,,,,,,,,,,,,,,,,,,,,,,,,,"rgba(38, 166, 154, 1.0)",0.0,0.0,,,,0.0,0.0,0.0,0.0,0.0,0.0,0.0,0.0,28.190480462651266,16.930882130719198,False,False,False,True,False,,0,,,False,False,False,False,,,False,False,False,False,-995.0,5.624874504701765,False,False,False,False,441.1733111726769,False,False,False,False
2025-04-04 15:00:00+00:00,19.67,19.905,19.6,19.605,336.0,,,,,,,,,,,,,,,,,,,,,,,,,,"rgba(239, 83, 80, 1.0)",0.0,0.0,,,,0.0,0.0,0.0,0.0,0.0,0.0,0.0,0.0,19.724661117228198,7.434904168397068,False,False,False,True,False,,0,,,False,False,False,False,,,False,False,False,False,-1331.0,-15.097991766688962,False,False,False,False,439.5427172010075,False,False,False,False
2025-04-04 16:00:00+00:00,19.605,19.685,19.5,19.52,543.0,,,,,,,,,,,,,,,,,,,,,,,,,,"rgba(239, 83, 80, 1.0)",0.0,0.0,,,,0.0,0.0,0.0,0.0,0.0,0.0,0.0,0.0,13.997341850338476,0.11260559133417303,False,False,False,True,False,,0,,,False,False,False,False,,,False,False,False,False,-1874.0,-43.91817794084882,False,False,False,False,441.1467060816121,False,False,False,False
2025-04-04 17:00:00+00:00,19.525,19.665,19.405,19.65,338.0,,,,,,,,,,,,,,,,,,,,,,,,,,"rgba(38, 166, 154, 1.0)",0.0,0.0,,,,0.0,0.0,0.0,0.0,0.0,0.0,0.0,0.0,14.519301031468187,-1.7786366175738095,False,False,False,True,False,,0,,,False,False,False,False,,,False,False,False,False,-1536.0,-67.05122944564187,False,False,False,False,439.5475323439127,False,False,False,False
2025-04-04 18:00:00+00:00,19.655,19.685,19.38,19.47,381.0,,,,,,,,,,,,,,,,,,,,,,,,,,"rgba(239, 83, 80, 1.0)",0.0,0.0,,,,0.0,0.0,0.0,0.0,0.0,0.0,0.0,0.0,13.97362522357785,-5.162276228337561,False,False,False,True,False,,0,,,False,False,False,False,,,False,False,False,False,-1917.0,-95.73260573330634,False,False,False,False,438.6398186641621,False,False,False,False
2025-04-04 19:00:00+00:00,19.48,19.67,19.445,19.505,1747.0,,,,,,,,,,,,,,,,,,,,,,,,,,"rgba(239, 83, 80, 1.0)",0.0,0.0,,,,0.0,0.0,0.0,0.0,0.0,0.0,0.0,0.0,14.664367977916577,-7.4533199743273215,False,False,False,True,False,,0,,,False,False,False,False,,,False,False,False,False,-170.0,-96.8840382025574,False,False,False,False,458.92447263836107,False,False,False,False
2025-04-07 14:00:00+00:00,19.01,19.68,18.905,19.68,1010.0,,,,,,,,,,,,,,,,,,,,,,,,,,"rgba(38, 166, 154, 1.0)",0.0,0.0,,,,0.0,0.0,0.0,0.0,0.0,0.0,0.0,0.0,19.871581766930916,-7.4533199743273215,False,False,False,True,False,,0,,,False,False,False,False,,,False,False,False,False,840.0,-82.35870427693636,False,False,False,False,467.46827926412294,False,False,False,False
2025-04-07 15:00:00+00:00,19.68,19.68,18.95,19.12,0.0,,,,,,,,,,,,,,,,,,,,,,,,,,"rgba(239, 83, 80, 1.0)",0.0,0.0,,,,0.0,0.0,0.0,0.0,0.0,0.0,0.0,0.0,19.51568047371562,-7.686372972267463,False,False,False,True,False,,0,,,False,False,False,False,,,False,False,False,False,840.0,-68.05856932690635,False,False,False,False,460.22070904297374,False,False,False,False
2025-04-07 16:00:00+00:00,19.11,19.115,18.885,18.91,300.0,,,,,,,,,,,,,,,,,,,,,,,,,,"rgba(239, 83, 80, 1.0)",0.0,0.0,,,,0.0,0.0,0.0,0.0,0.0,0.0,0.0,0.0,18.41413405028171,-11.241811275051546,False,False,False,True,False,,0,,,False,False,False,False,,,False,False,False,False,540.0,-58.63130468617912,False,False,False,False,457.7366670423075,False,False,False,False
2025-04-07 17:00:00+00:00,18.91,19.34,18.91,19.305,500.0,,,,,,,,,,,,,,,,,,,,,,,,,,"rgba(38, 166, 154, 1.0)",0.0,0.0,,,,0.0,0.0,0.0,0.0,0.0,0.0,0.0,0.0,23.98839126917512,-11.241811275051546,False,False,False,True,False,,0,,,False,False,False,False,,,False,False,False,False,1040.0,-41.59826120267247,False,False,False,False,458.3919125145198,False,False,False,False
2025-04-07 18:00:00+00:00,19.305,19.345,19.095,19.115,13.0,,,,,,,,,,,,,,,,,,,,,,,,,,"rgba(38, 166, 154, 1.0)",0.0,0.0,,,,0.0,0.0,0.0,0.0,0.0,0.0,0.0,0.0,26.428892788910407,-11.241811275051546,False,False,False,True,False,,0,,,False,False,False,False,,,False,False,False,False,1027.0,-25.030846300305452,False,False,False,False,451.4866115453024,False,False,False,False
2025-04-07 19:00:00+00:00,19.115,19.245,19.04,19.12,2180.0,,,,,,,,,,,,,,,,,,,,,,,,,,"rgba(38, 166, 154, 1.0)",0.0,0.0,,,,0.0,0.0,0.0,0.0,0.0,0.0,0.0,0.0,28.129487356349273,-11.241811275051546,False,False,False,True,False,,0,,,False,False,False,False,,,False,False,False,False,3207.0,25.078159068691534,False,False,False,False,478.2852687306465,False,False,False,False
2025-04-08 14:00:00+00:00,19.5,19.58,19.32,19.33,1763.0,,,,,,,,,,,,,,,,,,,,,,,,,,"rgba(38, 166, 154, 1.0)",0.0,0.0,,,,0.0,0.0,0.0,0.0,0.0,0.0,0.0,0.0,32.27234341738919,-11.241811275051546,False,False,False,True,True,,0,,,False,False,False,False,,,False,False,False,False,4970.0,101.74361396685136,False,False,False,False,498.2033265797838,False,False,False,False
2025-04-08 15:00:00+00:00,19.325,19.385,19.215,19.375,536.0,,,,,,,,,,,,,,,,,,,,,,,,,,"rgba(38, 166, 154, 1.0)",0.0,0.0,,,,0.0,0.0,0.0,0.0,0.0,0.0,0.0,0.0,35.644618975815106,-11.241811275051546,False,False,False,True,True,,0,,,False,False,False,False,,,False,False,False,False,5506.0,185.53053468054358,False,False,False,False,498.7893215165313,False,False,False,False
2025-04-08 16:00:00+00:00,19.37,19.41,19.015,19.015,3723.0,,,,,,,,,,,,,,,,,,,,,,,,,,"rgba(38, 166, 154, 1.0)",0.0,0.0,,,,0.0,0.0,0.0,0.0,0.0,0.0,0.0,0.0,34.82572918371865,-11.241811275051546,False,False,False,True,True,,0,,,False,False,False,False,,,False,False,False,False,1783.0,210.2975031351088,False,False,False,False,548.7770839736393,False,False,False,False
2025-04-08 17:00:00+00:00,19.015,19.045,18.815,18.96,1300.0,,,,,,,,,,,,,,,,,,,,,,,,,,"rgba(38, 166, 154, 1.0)",0.0,0.0,,,,0.0,0.0,0.0,0.0,0.0,0.0,0.0,0.0,33.881920346662874,-11.241811275051546,False,False,False,True,True,,0,,,False,False,False,False,,,False,False,False,False,483.0,214.52544882293657,False,False,False,False,560.4239508887766,False,False,False,False
2025-04-08 18:00:00+00:00,18.96,18.985,18.77,18.79,800.0,,,,,,,,,,,,,,,,,,,,,,,,,,"rgba(38, 166, 154, 1.0)",0.0,0.0,,,,0.0,0.0,0.0,0.0,0.0,0.0,0.0,0.0,32.06719640349388,-11.241811275051546,False,False,False,True,True,,0,,,False,False,False,False,,,False,False,False,False,-317.0,206.28474419002282,False,False,False,False,564.1383082393382,False,False,False,False
2025-04-08 19:00:00+00:00,18.79,18.805,18.44,18.675,2623.0,,,,,,,,,,,,,,,,,,,,,,,,,,"rgba(38, 166, 154, 1.0)",0.0,0.0,,,,0.0,0.0,0.0,0.0,0.0,0.0,0.0,0.0,30.11800755538436,-11.241811275051546,False,False,False,True,True,,0,,,False,False,False,False,,,False,False,False,False,-2940.0,157.5051357529682,False,False,False,False,596.0586445457051,False,False,False,False
2025-04-09 14:00:00+00:00,18.61,18.66,18.32,18.32,923.0,,,,,,,,,,,,,,,,,,,,,,,,,,"rgba(38, 166, 154, 1.0)",0.0,0.0,,,,0.0,0.0,0.0,0.0,0.0,0.0,0.0,0.0,26.95571378102299,-14.436143603418628,False,False,False,True,False,,0,,,False,False,False,False,,,False,False,False,False,-3863.0,95.17172279555783,False,False,False,False,601.1275027698027,False,False,False,False
2025-04-09 15:00:00+00:00,18.32,18.515,18.315,18.345,0.0,,,,,,,,,,,,,,,,,,,,,,,,,,"rgba(38, 166, 154, 1.0)",0.0,0.0,,,,0.0,0.0,0.0,0.0,0.0,0.0,0.0,0.0,25.286846805817145,-16.646312727778003,False,False,False,True,False,,0,,,False,False,False,False,,,False,False,False,False,-3863.0,33.80471934136314,False,False,False,False,591.8076965253097,False,False,False,False
2025-04-09 16:00:00+00:00,18.345,18.57,18.32,18.51,0.0,,,,,,,,,,,,,,,,,,,,,,,,,,"rgba(38, 166, 154, 1.0)",0.0,0.0,,,,0.0,0.0,0.0,0.0,0.0,0.0,0.0,0.0,27.030009140705875,-16.646312727778003,False,False,False,True,False,,0,,,False,False,False,False,,,False,False,False,False,-3863.0,-26.610857702689003,False,False,False,False,582.6323834008863,False,False,False,False
2025-04-09 17:00:00+00:00,18.51,19.71,18.505,19.71,854.0,,,,,,,,,,,,,,,,,,,,,,,,,,"rgba(38, 166, 154, 1.0)",0.0,0.0,,19.308333333333337,,0.0,0.0,0.0,0.0,0.0,0.0,0.0,0.0,39.15085075768647,-19.01373503475931,False,False,False,True,True,,0,,,False,False,False,False,,,False,False,False,False,-3009.0,-72.84944905613568,False,False,False,False,586.8396332706399,False,False,False,False
2025-04-09 18:00:00+00:00,19.71,19.845,19.495,19.495,1.0,,,,,,,,,,,,,,,,,,,,,,,,,,"rgba(38, 166, 154, 1.0)",0.0,0.0,,19.308688109161796,,0.0,0.0,0.0,0.0,0.0,0.0,0.0,0.0,45.3916359711304,-13.44966800642851,False,False,False,False,True,,0,,,False,False,False,False,,,False,False,False,False,-3010.0,-118.3866669002266,False,False,False,False,577.7568482586919,False,False,False,False
2025-04-09 19:00:00+00:00,19.495,19.925,19.465,19.82,1564.0,,,,,,,,,,,,,,,,,,,,,,,,,,"rgba(38, 166, 154, 1.0)",0.0,0.0,,19.66103176243627,,0.0,0.0,0.0,0.0,0.0,0.0,0.0,0.0,51.363153606112746,-8.154749614314447,False,False,True,False,True,,0,,,False,False,False,False,,,False,False,False,False,-1446.0,-138.96981935138587,False,False,False,False,593.0474397585572,False,False,False,False
2025-04-10 14:00:00+00:00,19.27,19.3,19.085,19.085,0.0,,,,,,,,,,,,,,,,,,,,,,,,,,"rgba(38, 166, 154, 1.0)",0.0,0.0,,19.66103176243627,,0.0,0.0,0.0,0.0,0.0,0.0,0.0,0.0,50.130740913389516,-8.154749614314447,False,False,False,False,True,,0,,,False,False,False,False,,,False,False,False,False,-1446.0,-159.2338531598915,False,False,False,False,583.8529058088121,False,False,False,False
2025-04-10 15:00:00+00:00,19.085,19.135,18.905,18.925,64.0,,,,,,,,,,,,,,,,,,,,,,,,,,"rgba(38, 166, 154, 1.0)",0.0,0.0,,19.638627770394788,,0.0,0.0,0.0,0.0,0.0,0.0,0.0,0.0,48.40265344174676,-8.154749614314447,False,False,False,False,True,,0,,,False,False,False,False,,,False,False,False,False,-1510.0,-180.17596396361412,False,False,False,False,575.7931708350321,False,False,False,False
2025-04-10 16:00:00+00:00,18.925,18.98,18.665,18.93,114.0,,,,,,,,,,,,,,,,,,,,,,,,,,"rgba(38, 166, 154, 1.0)",0.0,0.0,,19.595230311521096,,0.0,0.0,0.0,0.0,0.0,0.0,0.0,0.0,47.28732904545224,-8.154749614314447,False,False,False,True,False,,0,,,False,False,False,False,,,False,False,False,False,-1396.0,-199.0259490184418,False,False,False,False,568.6335867910782,False,False,False,False
2025-04-10 17:00:00+00:00,18.93,19.12,18.71,19.11,102.0,,,,,,,,,,,,,,,,,,,,,,,,,,"rgba(38, 166, 154, 1.0)",0.0,0.0,,19.566094704942806,,0.0,0.0,0.0,0.0,0.0,0.0,0.0,0.0,47.917183691002144,-8.154749614314447,False,False,False,False,False,,0,,,False,False,False,False,,,False,False,False,False,-1294.0,-216.00229089412488,False,False,False,False,561.3989575385033,False,False,False,False
2025-04-10 18:00:00+00:00,19.11,19.245,18.96,19.115,0.0,,,,,,,,,,,,,,,,,,,,,,,,,,"rgba(38, 166, 154, 1.0)",0.0,0.0,,19.566094704942806,,0.0,0.0,0.0,0.0,0.0,0.0,0.0,0.0,48.37669435517406,-8.154749614314447,False,False,False,False,False,,0,,,False,False,False,False,,,False,False,False,False,-1294.0,-232.71543367096012,False,False,False,False,552.6950977317048,False,False,False,False
2025-04-10 19:00:00+00:00,19.115,19.235,18.895,19.13,1856.0,,,,,,,,,,,,,,,,,,,,,,,,,,"rgba(38, 166, 154, 1.0)",0.0,0.0,,19.3458933648797,,0.0,0.0,0.0,0.0,0.0,0.0,0.0,0.0,48.81535372771219,-8.154749614314447,False,False,False,False,False,,0,,,False,False,False,False,,,False,False,False,False,562.0,-220.39426415668166,False,False,False,False,572.901375286252,False,False,False,False
2025-04-11 14:00:00+00:00,18.965,19.105,18.84,18.9,1735.0,,,,,,,,,,,,,,,,,,,,,,,,,,"rgba(38, 166, 154, 1.0)",0.0,0.0,,19.227523346930457,,0.0,0.0,0.0,0.0,0.0,0.0,0.0,0.0,47.136984000646585,-8.154749614314447,False,False,False,True,False,,0,,,False,False,False,False,,,False,False,False,False,-1173.0,-235.16334533254707,False,False,False,False,590.9184082275505,False,False,False,False
2025-04-11 15:00:00+00:00,18.9,19.04,18.82,18.985,902.0,,,,,,,,,,,,,,,,,,,,,,,,,,"rgba(38, 166, 154, 1.0)",0.0,0.0,,19.19019605358153,,0.0,0.0,0.0,0.0,0.0,0.0,0.0,0.0,46.90138656162931,-8.154749614314447,False,False,False,True,False,,0,,,False,False,False,False,,,False,False,False,False,-271.0,-235.71895238165487,False,False,False,False,595.7413786426272,False,False,False,False
2025-04-11 16:00:00+00:00,18.985,19.205,18.95,19.18,208.0,,,,,,,,,,,,,,,,,,,,,,,,,,"rgba(38, 166, 154, 1.0)",0.0,0.0,,19.187858314234784,,0.0,0.0,0.0,0.0,0.0,0.0,0.0,0.0,48.68099983448248,-7.0761231108352405,False,False,False,False,False,,0,,,False,False,False,False,,,False,False,False,False,-63.0,-233.0411391664354,False,False,False,False,589.7298844001058,False,False,False,False
2025-04-11 17:00:00+00:00,19.185,19.42,19.105,19.34,1696.0,,,,,,,,,,,,,,,,,,,,,,,,,,"rgba(38, 166, 154, 1.0)",0.0,0.0,,19.20763592744816,,0.0,0.0,0.0,0.0,0.0,0.0,0.0,0.0,51.31617948473518,-4.177391214981519,False,False,False,False,True,,0,,,False,False,False,False,,,False,False,False,False,1633.0,-204.110268791762,False,False,False,False,606.8813590605693,False,False,False,False
2025-04-11 18:00:00+00:00,19.345,19.36,19.22,19.265,300.0,,,,,,,,,,,,,,,,,,,,,,,,,,"rgba(38, 166, 154, 1.0)",0.0,0.0,,19.210125889649852,,0.0,0.0,0.0,0.0,0.0,0.0,0.0,0.0,52.2092177473616,-2.985240513444417,False,False,True,False,True,,0,,,False,False,False,False,,,False,False,False,False,1333.0,-180.2791018337502,False,False,False,False,602.1235085324984,False,False,False,False
2025-04-11 19:00:00+00:00,19.265,19.385,19.255,19.355,2444.0,,,,,,,,,,,,,,,,,,,,,,,,,,"rgba(38, 166, 154, 1.0)",0.0,0.0,,19.236228300928374,,0.0,0.0,0.0,0.0,0.0,0.0,0.0,0.0,53.69738676738003,-1.2466781040927515,True,False,True,False,True,,0,,,False,False,False,False,,,False,False,False,False,3777.0,-118.92593746423468,False,False,False,False,630.6797332064132,False,False,False,False
2025-04-14 14:00:00+00:00,19.575,19.675,19.535,19.635,395.0,,,,,,,,,,,,,,,,,,,,,,,,,,"rgba(38, 166, 154, 1.0)",0.0,0.0,,19.248919393126073,,0.0,0.0,0.0,0.0,0.0,0.0,0.0,0.0,57.13423424624385,2.2044989909168606,True,False,True,False,True,,0,,,False,False,False,False,,,False,False,False,False,4172.0,-52.399953937657386,False,False,False,False,627.0257838543757,False,False,False,False
2025-04-14 15:00:00+00:00,19.64,19.655,19.415,19.425,504.0,,,,,,,,,,,,,,,,,,,,,,,,,,"rgba(38, 166, 154, 1.0)",0.0,0.0,,19.25914514072445,,0.0,0.0,0.0,0.0,0.0,0.0,0.0,0.0,56.7589337114278,2.2044989909168606,True,False,True,False,True,,0,,,False,False,False,False,,,False,False,False,False,3668.0,5.280665503236527,False,False,False,False,625.1184073605094,False,False,False,False
2025-04-14 16:00:00+00:00,19.425,19.57,19.39,19.5,1203.0,,,,,,,,,,,,,,,,,,,,,,,,,,"rgba(38, 166, 154, 1.0)",0.0,0.0,,19.27942321839044,,0.0,0.0,0.0,0.0,0.0,0.0,0.0,0.0,57.20986565272408,2.702355111184204,True,False,True,False,True,,0,,,False,False,False,False,,,False,False,False,False,4871.0,80.71817456520185,False,False,False,False,634.0778118975558,False,False,False,False
2025-04-14 17:00:00+00:00,19.5,19.635,19.49,19.605,1491.0,,,,,,,,,,,,,,,,,,,,,,,,,,"rgba(38, 166, 154, 1.0)",0.0,0.0,,19.308985002117694,,0.0,0.0,0.0,0.0,0.0,0.0,0.0,0.0,58.48833267736768,4.195448272767322,True,False,True,False,True,,0,,,False,False,False,False,,,False,False,False,False,6362.0,178.10238891302816,False,False,False,False,647.3634272169735,False,False,False,False
2025-04-14 18:00:00+00:00,19.605,19.675,19.605,19.66,1.0,,,,,,,,,,,,,,,,,,,,,,,,,,"rgba(38, 166, 154, 1.0)",0.0,0.0,,19.309007522738113,,0.0,0.0,0.0,0.0,0.0,0.0,0.0,0.0,59.85528111230007,5.7347779680317785,True,False,True,False,True,,0,,,False,False,False,False,,,False,False,False,False,6363.0,273.99227435623703,False,False,False,False,637.3422888105088,False,False,False,False
2025-04-14 19:00:00+00:00,19.655,19.735,19.635,19.65,900.0,,,,,,,,,,,,,,,,,,,,,,,,,,"rgba(38, 166, 154, 1.0)",0.0,0.0,,19.32963619785079,,0.0,0.0,0.0,0.0,0.0,0.0,0.0,0.0,60.59880657063508,6.679095012916541,True,False,True,False,True,,0,,,False,False,False,False,,,False,False,False,False,5463.0,354.4420065367605,False,False,False,False,641.41450138709,False,False,False,False
2025-04-15 14:00:00+00:00,19.735,19.82,19.67,19.71,100.0,,,,,,,,,,,,,,,,,,,,,,,,,,"rgba(38, 166, 154, 1.0)",0.0,0.0,,19.465884435551413,,0.0,0.0,0.0,0.0,0.0,0.0,0.0,0.0,61.74517802845535,7.996124402655376,True,False,True,False,True,,0,,,False,False,False,False,,,False,False,False,False,5563.0,435.1948436447177,False,False,False,False,633.0204781097708,False,False,False,False
2025-04-15 15:00:00+00:00,19.71,19.735,19.65,19.68,10.0,,,,,,,,,,,,,,,,,,,,,,,,,,"rgba(38, 166, 154, 1.0)",0.0,0.0,,19.46466915058743,,0.0,0.0,0.0,0.0,0.0,0.0,0.0,0.0,61.90862248001358,8.40240763051765,True,False,True,False,True,0.0,0,,,False,False,False,False,,,False,False,False,False,5553.0,514.540660022319,False,False,False,False,623.3612458910146,False,False,False,False
2025-04-15 16:00:00+00:00,19.68,19.705,19.645,19.665,0.0,,,,,,,,,,,,,,,,,,,,,,,,,,"rgba(38, 166, 154, 1.0)",0.0,0.0,,19.46466915058743,,0.0,0.0,0.0,0.0,0.0,0.0,0.0,0.0,61.694264489714776,8.462279252003405,True,False,True,False,True,0.0,0,,,False,False,False,False,,,False,False,False,False,5553.0,592.6563087041435,False,False,False,False,613.6967304508438,False,False,False,False
2025-04-15 17:00:00+00:00,19.665,19.69,19.575,19.595,452.0,,,,,,,,,,,,,,,,,,,,,,,,,,"rgba(38, 166, 154, 1.0)",0.0,0.0,,19.44064827792408,,0.0,0.0,0.0,0.0,0.0,0.0,0.0,0.0,60.00676298266542,8.462279252003405,True,False,True,False,False,0.0,0,,,False,False,False,False,,,False,False,False,False,5101.0,662.5531101195832,False,False,False,False,611.1898043973423,False,False,False,False
2025-04-15 18:00:00+00:00,19.595,19.645,19.565,19.625,451.0,,,,,,,,,,,,,,,,,,,,,,,,,,"rgba(38, 166, 154, 1.0)",0.0,0.0,,19.44106374840859,,0.0,0.0,0.0,0.0,0.0,0.0,0.0,0.0,59.39037894253503,8.462279252003405,True,False,True,False,False,0.0,0,,,False,False,False,False,,,False,False,False,False,5552.0,738.358488257264,False,False,False,False,608.7062415384688,False,False,False,False
2025-04-15 19:00:00+00:00,19.62,19.645,19.565,19.58,213.0,,,,,,,,,,,,,,,,,,,,,,,,,,"rgba(38, 166, 154, 1.0)",0.0,0.0,,19.44130645282642,,0.0,0.0,0.0,0.0,0.0,0.0,0.0,0.0,57.892978696722665,10.776009416850542,True,False,True,False,False,0.0,0,,,False,False,False,False,,,False,False,False,False,5339.0,809.6862636331202,False,False,False,False,602.5712610495003,False,False,False,False
2025-04-16 14:00:00+00:00,19.59,19.64,19.535,19.59,15.0,,,,,,,,,,,,,,,,,,,,,,,,,,"rgba(38, 166, 154, 1.0)",0.0,0.0,,19.44130676146268,,0.0,0.0,0.0,0.0,0.0,0.0,0.0,0.0,57.10244488872963,9.908468192509247,True,False,True,False,False,0.0,0,,,False,False,False,False,,,False,False,False,False,5354.0,880.1407401659401,False,False,False,False,593.4616290952445,False,False,False,False
2025-04-16 15:00:00+00:00,19.59,19.695,19.585,19.615,500.0,,,,,,,,,,,,,,,,,,,,,,,,,,"rgba(38, 166, 154, 1.0)",0.0,0.0,,19.447513853605816,,0.0,0.0,0.0,0.0,0.0,0.0,0.0,0.0,57.130044810785606,9.777302428156752,True,False,True,False,False,0.0,0,,,False,False,False,False,,,False,False,False,False,5854.0,957.2548372176309,False,False,False,False,592.0126115898918,False,False,False,False
2025-04-16 16:00:00+00:00,19.62,19.625,19.56,19.61,175.0,,,,,,,,,,,,,,,,,,,,,,,,,,"rgba(38, 166, 154, 1.0)",0.0,0.0,,19.44827178377599,,0.0,0.0,0.0,0.0,0.0,0.0,0.0,0.0,56.98934389866597,9.443171263252815,True,False,True,False,False,0.0,0,,,False,False,False,False,,,False,False,False,False,5679.0,1030.4601885785978,False,False,False,False,585.5472997822965,False,False,False,False
2025-04-16 17:00:00+00:00,19.61,19.645,19.395,19.4,404.0,,,,,,,,,,,,,,,,,,,,,,,,,,"rgba(38, 166, 154, 1.0)",0.0,0.0,,19.441755179232473,,0.0,0.0,0.0,0.0,0.0,0.0,0.0,0.0,51.549234681642645,4.325124511566393,True,False,False,False,False,0.0,0,,,False,False,False,False,,,False,False,False,False,5275.0,1096.267007360325,False,False,False,False,582.7326129639663,False,False,False,False
2025-04-16 18:00:00+00:00,19.405,19.48,19.375,19.375,817.0,,,,,,,,,,,,,,,,,,,,,,,,,,"rgba(38, 166, 154, 1.0)",0.0,0.0,,19.426781057375678,,0.0,0.0,0.0,0.0,0.0,0.0,0.0,0.0,47.42772892438451,0.7108537146527425,False,False,False,True,False,0.0,0,,,False,False,False,False,,,False,False,False,False,4458.0,1148.3868987190795,False,False,False,False,586.3646654761528,False,False,False,False
2025-04-16 19:00:00+00:00,19.375,19.425,19.29,19.4,2495.0,,,,,,,,,,,,,,,,,,,,,,,,,,"rgba(38, 166, 154, 1.0)",0.0,0.0,,19.393722785927565,,0.0,0.0,0.0,0.0,0.0,0.0,0.0,0.0,45.479572766850524,-0.8491814441181091,False,False,False,True,False,0.0,0,,,False,False,False,False,,,False,False,False,False,6953.0,1238.3809002893263,False,False,False,False,615.9559109726465,False,False,False,False
2025-04-17 14:00:00+00:00,19.57,19.62,19.485,19.495,440.0,,,,,,,,,,,,,,,,,,,,,,,,,,"rgba(38, 166, 154, 1.0)",0.0,0.0,,19.402593936428495,,0.0,0.0,0.0,0.0,0.0,0.0,0.0,0.0,46.99023809915077,-0.8491814441181091,False,False,False,True,True,0.0,0,,,False,False,False,False,,,False,False,False,False,7393.0,1333.8013514476313,False,False,False,False,613.2279123529156,False,False,False,False
2025-04-17 15:00:00+00:00,19.495,19.595,19.495,19.525,125.0,,,,,,,,,,,,,,,,,,,,,,,,,,"rgba(38, 166, 154, 1.0)",0.0,0.0,,19.40484504433099,,0.0,0.0,0.0,0.0,0.0,0.0,0.0,0.0,48.8097907949347,-0.8491814441181091,False,False,False,False,True,0.0,0,,,False,False,False,False,,,False,False,False,False,7518.0,1429.6804002623967,False,False,False,False,605.658487355196,False,False,False,False
2025-04-17 16:00:00+00:00,19.535,19.69,19.525,19.655,200.0,,,,,,,,,,,,,,,,,,,,,,,,,,"rgba(38, 166, 154, 1.0)",0.0,0.0,,19.410526982246516,,0.0,0.0,0.0,0.0,0.0,0.0,0.0,0.0,53.06682770579796,-1.4244597940700814,True,False,True,False,True,0.0,0,,,False,False,False,False,,,False,False,False,False,7718.0,1527.1737273901115,False,False,False,False,599.369208481472,False,False,False,False
2025-04-17 17:00:00+00:00,19.66,19.665,19.575,19.645,599.0,,,,,,,,,,,,,,,,,,,,,,,,,,"rgba(38, 166, 154, 1.0)",0.0,0.0,,19.4252912740566,,0.0,0.0,0.0,0.0,0.0,0.0,0.0,0.0,55.56928385746965,0.7637199080828836,True,False,True,False,True,0.0,0,,,False,False,False,False,,,False,False,False,False,7119.0,1613.8687083608072,False,False,False,False,599.3634843189686,False,False,False,False
2025-04-17 18:00:00+00:00,19.645,19.665,19.585,19.585,1354.0,,,,,,,,,,,,,,,,,,,,,,,,,,"rgba(38, 166, 154, 1.0)",0.0,0.0,,19.447163639296356,,0.0,0.0,0.0,0.0,0.0,0.0,0.0,0.0,55.230955481935176,0.7637199080828836,True,False,True,False,True,0.0,0,,,False,False,False,False,,,False,False,False,False,5765.0,1678.2273330373837,False,False,False,False,611.0632752597598,False,False,False,False
2025-04-17 19:00:00+00:00,19.59,19.605,19.495,19.515,1776.0,,,,,,,,,,,,,,,,,,,,,,,,,,"rgba(38, 166, 154, 1.0)",0.0,0.0,,19.45628290430096,,0.0,0.0,0.0,0.0,0.0,0.0,0.0,0.0,52.907129664584424,0.7637199080828836,True,False,True,False,False,0.0,0,,,False,False,False,False,,,False,False,False,False,3989.0,1714.0532658585096,False,False,False,False,629.1243097518566,False,False,False,False
2025-04-18 14:00:00+00:00,19.515,19.515,19.515,19.515,0.0,,,,,,,,,,,,,,,,,,,,,,,,,,"rgba(38, 166, 154, 1.0)",0.0,0.0,,19.45628290430096,,0.0,0.0,0.0,0.0,0.0,0.0,0.0,0.0,51.357912453017256,0.7637199080828836,False,False,False,False,False,0.0,0,,,False,False,False,False,,,False,False,False,False,3989.0,1749.3237578607032,False,False,False,False,619.3704444843859,False,False,False,False
2025-04-18 15:00:00+00:00,19.515,19.515,19.515,19.515,0.0,,,,,,,,,,,,,,,,,,,,,,,,,,"rgba(38, 166, 154, 1.0)",0.0,0.0,,19.45628290430096,,0.0,0.0,0.0,0.0,0.0,0.0,0.0,0.0,50.32510097863914,5.1466957046855555,False,False,False,False,False,0.0,0,,,False,False,False,False,,,False,False,False,False,3989.0,1784.0474205295295,False,False,False,False,609.7678019342403,False,False,False,False
2025-04-18 16:00:00+00:00,19.515,19.515,19.515,19.515,0.0,,,,,,,,,,,,,,,,,,,,,,,,,,"rgba(38, 166, 154, 1.0)",0.0,0.0,,19.45628290430096,,0.0,0.0,0.0,0.0,0.0,0.0,0.0,0.0,49.636559995720404,4.274625631019859,False,False,False,False,False,0.0,0,,,False,False,False,False,,,False,False,False,False,3989.0,1818.2327318391492,False,False,False,False,600.3140375631668,False,False,False,False
2025-04-18 17:00:00+00:00,19.515,19.515,19.515,19.515,0.0,,,,,,,,,,,,,,,,,,,,,,,,,,"rgba(38, 166, 154, 1.0)",0.0,0.0,,19.45628290430096,,0.0,0.0,0.0,0.0,0.0,0.0,0.0,0.0,49.17753267377458,3.5585197977785796,False,True,False,False,False,0.0,0,,,False,False,False,False,,,False,False,False,False,3989.0,1851.8880383222631,False,False,False,False,591.0068431823425,False,False,False,False
2025-04-18 18:00:00+00:00,19.515,19.515,19.515,19.515,0.0,,,,,,,,,,,,,,,,,,,,,,,,,,"rgba(38, 166, 154, 1.0)",0.0,0.0,,19.45628290430096,,0.0,0.0,0.0,0.0,0.0,0.0,0.0,0.0,48.871514459144024,2.9433336724218293,False,True,False,False,False,0.0,0,,,False,False,False,False,,,False,False,False,False,3989.0,1885.0215571079646,False,False,False,False,581.8439463888178,False,False,False,False
2025-04-18 19:00:00+00:00,19.515,19.515,19.515,19.515,0.0,,,,,,,,,,,,,,,,,,,,,,,,,,"rgba(38, 166, 154, 1.0)",0.0,0.0,,19.45628290430096,,0.0,0.0,0.0,0.0,0.0,0.0,0.0,0.0,48.667502316056996,2.3989825122476276,False,True,False,False,False,0.0,0,,,False,False,False,False,,,False,False,False,False,3989.0,1917.641377927996,False,False,False,False,572.8231100106966,False,False,False,False
2025-04-21 14:00:00+00:00,19.23,19.24,19.145,19.145,121.0,,,,,,,,,,,,,,,,,,,,,,,,,,"rgba(239, 83, 80, 1.0)",0.0,0.0,,19.453367237325686,,0.0,0.0,0.0,0.0,0.0,0.0,0.0,0.0,39.17294921742182,-6.5131914553074495,False,True,False,True,False,0.0,0,,,False,False,False,False,,,False,False,False,False,3868.0,1947.879496099655,False,False,False,False,565.8181005531665,False,False,False,False
2025-04-21 15:00:00+00:00,19.145,19.155,19.055,19.065,100.0,,,,,,,,,,,,,,,,,,,,,,,,,,"rgba(239, 83, 80, 1.0)",0.0,0.0,,19.45035210346188,,0.0,0.0,0.0,0.0,0.0,0.0,0.0,0.0,32.009200082720994,-12.760397405737756,False,True,False,True,False,0.0,0,,,False,False,False,False,,,False,False,False,False,3768.0,1976.0984186407454,False,False,False,False,558.5961144980786,False,False,False,False
2025-04-21 16:00:00+00:00,19.065,19.155,19.065,19.095,600.0,,,,,,,,,,,,,,,,,,,,,,,,,,"rgba(239, 83, 80, 1.0)",0.0,0.0,0.4753720685984851,19.434088534196896,-0.7133118594801204,0.0,0.0,0.0,0.0,0.0,0.0,0.0,0.0,28.597095453621918,-15.453920034455443,False,True,False,True,False,0.0,0,,,False,False,False,False,,,False,False,False,False,4368.0,2013.1821640881758,False,False,False,False,559.2380352035348,False,False,False,False
2025-04-21 17:00:00+00:00,19.095,19.11,19.045,19.06,1499.0,,,,,,,,,,,,,,,,,,,,,,,,,,"rgba(239, 83, 80, 1.0)",0.0,0.0,0.4556568568244865,19.332218866323664,-0.5974207613614848,0.0,0.0,0.0,0.0,0.0,0.0,0.0,0.0,25.87792935003762,-17.679236427914127,False,True,False,True,False,0.0,0,,,False,False,False,False,,,False,False,False,False,2869.0,2026.4506576682038,True,False,False,False,573.8079881461156,True,False,False,False
2025-04-21 18:00:00+00:00,19.06,19.115,19.045,19.075,0.0,,,,,,,,,,,,,,,,,,,,,,,,,,"rgba(239, 83, 80, 1.0)",0.0,0.0,0.43163555489817085,19.332218866323664,-0.5959167714632473,0.0,0.0,0.0,0.0,0.0,0.0,0.0,0.0,24.825693658857553,-18.567898104377726,False,True,False,True,False,0.0,0,,,False,False,False,False,,,False,False,False,False,2869.0,2039.5134381694718,False,False,False,False,564.9117402678812,False,False,False,False
2025-04-21 19:00:00+00:00,19.075,19.23,19.075,19.21,448.0,,,,,,,,,,,,,,,,,,,,,,,,,,"rgba(239, 83, 80, 1.0)",0.0,0.0,0.4059090343219081,19.30495517930108,-0.23393216526876562,0.0,0.0,0.0,0.0,1.0,19.41,19.115,0.0,29.920747997458157,-18.567898104377726,False,True,False,True,True,0.0,0,,,False,False,False,False,,,False,False,False,False,3317.0,2059.3194313761464,False,False,False,False,563.099155147449,False,False,False,False
2025-04-22 14:00:00+00:00,19.435,19.475,19.41,19.475,776.0,,,,,,,,,,,,,,,,,,,,,,,,,,"rgba(38, 166, 154, 1.0)",0.0,0.0,0.37839305795205375,19.353487078526268,0.3211288339468711,0.0,0.0,0.0,0.0,0.0,0.0,0.0,0.0,39.94450192907772,-17.959923729471193,False,True,False,True,True,0.0,0,,,False,False,False,False,,,False,False,False,False,4093.0,2090.8493626726404,False,False,False,False,566.3999434397366,False,False,False,False
2025-04-22 15:00:00+00:00,19.475,19.6,19.475,19.59,530.0,,,,,,,,,,,,,,,,,,,,,,,,,,"rgba(38, 166, 154, 1.0)",0.0,0.0,0.351267011706926,19.376649166161542,0.6073750928153306,0.0,0.0,0.0,0.0,0.0,0.0,0.0,0.0,48.48691399974774,-10.562347646230968,False,False,False,False,True,0.0,0,,,False,False,False,False,,,False,False,False,False,4623.0,2130.1075120885685,False,False,False,False,565.8356032313685,False,False,False,False
2025-04-22 16:00:00+00:00,19.59,19.66,19.58,19.58,100.0,,,,,,,,,,,,,,,,,,,,,,,,,,"rgba(38, 166, 154, 1.0)",0.0,0.0,0.32853912241155564,19.380904761101707,0.6060016153841422,0.0,0.0,0.0,0.0,0.0,0.0,0.0,0.0,53.88766310270648,-6.072398019684023,True,False,True,False,True,0.0,0,,,False,False,False,False,,,False,False,False,False,4523.0,2167.2066204282805,False,False,False,False,558.6133458169287,False,False,False,False
2025-04-22 17:00:00+00:00,19.58,19.62,19.42,19.42,2771.0,,,,,,,,,,,,,,,,,,,,,,,,,,"rgba(38, 166, 154, 1.0)",0.0,0.0,0.3263325833485758,19.411134780298994,0.02716621064939215,0.0,0.0,0.0,0.0,0.0,0.0,0.0,0.0,53.28282452533274,-6.072398019684023,True,False,True,False,True,0.0,0,,,False,False,False,False,,,False,False,False,False,1752.0,2160.769308483656,False,False,False,False,592.9139140988368,False,False,False,False
2025-04-22 18:00:00+00:00,19.425,19.615,19.42,19.605,100.0,,,,,,,,,,,,,,,,,,,,,,,,,,"rgba(38, 166, 154, 1.0)",0.0,0.0,0.3263325833485758,19.412332049711978,0.5904036560217532,0.0,0.0,0.0,0.0,0.0,0.0,0.0,0.0,56.11228917319934,-4.124304893474687,True,False,True,False,True,0.0,0,,,False,False,False,False,,,False,False,False,False,1852.0,2155.9821874218937,False,False,False,False,585.2718379112579,False,False,False,False
2025-04-22 19:00:00+00:00,19.6,19.68,19.565,19.66,2367.0,,,,,,,,,,,,,,,,,,,,,,,,,,"rgba(38, 166, 154, 1.0)",0.0,0.0,0.3277956680616756,19.44863461511971,0.644808353112595,0.0,0.0,0.0,0.0,0.0,0.0,0.0,0.0,58.80635214605862,-1.3103699698188365,True,False,True,False,True,0.18561050510131238,0,,,False,False,False,False,,,False,False,False,False,4219.0,2187.9669597099264,False,False,False,False,612.8955303467421,False,False,False,False
2025-04-23 14:00:00+00:00,20.015,20.085,19.895,19.895,436.0,,,,,,,,,,,,,,,,,,,,,,,,,,"rgba(38, 166, 154, 1.0)",0.0,0.0,0.33213894574301206,19.533962229239247,1.0870082397386203,0.0,0.0,0.0,0.0,0.0,0.0,0.0,0.0,63.38971204941781,3.2960408763493305,True,False,True,False,True,3.866709941345725,0,,,False,False,False,False,,,False,False,False,False,4655.0,2226.2155339779893,False,False,False,False,610.1529639847772,False,False,False,False
2025-04-23 15:00:00+00:00,19.895,19.915,19.675,19.71,1590.0,,,,,,,,,,,,,,,,,,,,,,,,,,"rgba(38, 166, 154, 1.0)",0.0,0.0,0.3345434296265682,19.535455659235627,0.5217389591516055,0.0,0.0,0.0,0.0,0.0,0.0,0.0,0.0,62.30030376396826,3.2960408763493305,True,False,True,False,True,0.868037334185285,0,,,False,False,False,False,,,False,False,False,False,3065.0,2239.219944303912,False,False,False,False,625.3443908997418,False,False,False,False
2025-04-23 16:00:00+00:00,19.71,19.715,19.595,19.695,103.0,,,,,,,,,,,,,,,,,,,,,,,,,,"rgba(38, 166, 154, 1.0)",0.0,0.0,0.33648922716782526,19.535284884734654,0.4746514966010709,0.0,0.0,0.0,0.0,0.0,0.0,0.0,0.0,61.26556245998642,3.2960408763493305,True,False,True,False,True,0.6301213718489045,0,,,False,False,False,False,,,False,False,False,False,2962.0,2250.4258366402855,False,False,False,False,617.2460282501333,False,False,False,False
2025-04-23 17:00:00+00:00,19.65,19.75,19.635,19.725,766.0,,,,,,,,,,,,,,,,,,,,,,,,,,"rgba(38, 166, 154, 1.0)",0.0,0.0,0.3371305385158697,19.538457390583943,0.5533245675021433,0.0,0.0,0.0,0.0,0.0,0.0,0.0,0.0,61.031016627677,3.2960408763493305,True,False,True,False,True,1.1030495251056749,0,,,False,False,False,False,,,False,False,False,False,3728.0,2273.333963204002,False,False,False,False,619.5522913780383,False,False,False,False
2025-04-23 18:00:00+00:00,19.725,19.74,19.61,19.635,0.0,,,,,,,,,,,,,,,,,,,,,,,,,,"rgba(38, 166, 154, 1.0)",0.0,0.0,0.33767645370589255,19.538457390583943,0.28590269874175034,0.0,0.0,0.0,0.0,0.0,0.0,0.0,0.0,58.82553335358621,3.2960408763493305,True,False,True,False,False,0.0,0,,,False,False,False,False,,,False,False,False,False,3728.0,2295.8869250147927,False,False,False,False,609.9468294962082,False,False,False,False
2025-04-23 19:00:00+00:00,19.63,19.715,19.595,19.685,721.0,,,,,,,,,,,,,,,,,,,,,,,,,,"rgba(38, 166, 154, 1.0)",0.0,0.0,0.3357438695582488,19.53994367572692,0.4320445953754397,0.0,0.0,0.0,0.0,0.0,0.0,0.0,0.0,58.26169563161886,3.2960408763493305,True,False,True,False,False,0.45677867036932795,0,,,False,False,False,False,,,False,False,False,False,4449.0,2329.268523076579,False,False,False,False,611.6685840776623,False,False,False,False
2025-04-24 14:00:00+00:00,19.68,19.795,19.655,19.775,420.0,,,,,,,,,,,,,,,,,,,,,,,,,,"rgba(38, 166, 154, 1.0)",0.0,0.0,0.3389832704687034,19.5437270341292,0.6822548072977823,0.0,0.0,0.0,0.0,0.0,0.0,0.0,0.0,59.425880938394556,3.2960408763493305,True,False,True,False,False,1.8947191290536303,0,,,False,False,False,False,,,False,False,False,False,4869.0,2368.6442048893455,False,False,False,False,608.6969781229699,False,False,False,False
2025-04-24 15:00:00+00:00,19.775,19.825,19.77,19.8,1.0,,,,,,,,,,,,,,,,,,,,,,,,,,"rgba(38, 166, 154, 1.0)",0.0,0.0,0.3412115140163031,19.543740378514155,0.7510286463357793,0.0,0.0,0.0,0.0,0.0,0.0,0.0,0.0,60.61741342194361,4.24743011084562,True,False,True,False,False,2.2922627595161913,0,,,False,False,False,False,,,False,False,False,False,4870.0,2407.4249148910612,False,False,False,False,599.2753195474199,False,False,False,False
2025-04-24 16:00:00+00:00,19.8,19.915,19.8,19.9,1116.0,,,,,,,,,,,,,,,,,,,,,,,,,,"rgba(38, 166, 154, 1.0)",0.0,0.0,0.34503912821591776,19.56310354282906,0.9764007314559255,0.0,0.0,0.0,0.0,0.0,0.0,0.0,0.0,62.98893489917141,6.973509732227491,True,False,True,False,True,3.8710242343881376,0,,,False,False,False,False,,,False,False,False,False,5986.0,2462.906699156316,False,False,False,False,607.2865549032739,False,False,False,False
2025-04-24 17:00:00+00:00,19.9,19.92,19.86,19.895,300.0,,,,,,,,,,,,,,,,,,,,,,,,,,"rgba(38, 166, 154, 1.0)",0.0,0.0,0.34983275283334386,19.568129949072347,0.9343609146950564,0.0,0.0,0.0,0.0,0.0,0.0,0.0,0.0,64.40870471757877,8.718836787730474,True,False,True,False,True,3.7837438932821925,0,,,False,False,False,False,,,False,False,False,False,5686.0,2512.877137929086,False,False,False,False,602.5224222691146,False,False,False,False
2025-04-24 18:00:00+00:00,19.895,19.945,19.875,19.915,300.0,,,,,,,,,,,,,,,,,,,,,,,,,,"rgba(38, 166, 154, 1.0)",0.0,0.0,0.35487086853295496,19.57332230451072,0.9628226089726148,0.0,0.0,0.0,0.0,0.0,0.0,0.0,0.0,65.69515638282567,10.312594635387818,True,False,True,False,True,4.103968569381461,0,,,False,False,False,False,,,False,False,False,False,5986.0,2566.7240040077045,False,False,False,False,597.8321521564151,False,False,False,False
2025-04-24 19:00:00+00:00,19.915,19.95,19.855,19.92,1819.0,,,,,,,,,,,,,,,,,,,,,,,,,,"rgba(38, 166, 154, 1.0)",0.0,0.0,0.35680011816747587,19.638782153454144,0.7881663492439159,0.0,0.0,0.0,0.0,0.0,0.0,0.0,0.0,66.64461734019929,11.579087923664268,True,False,True,False,True,4.185198042116017,0,,,False,False,False,False,,,False,False,False,False,7805.0,2647.9375853409183,False,False,False,False,616.7649870067031,False,False,False,False
2025-04-25 14:00:00+00:00,19.73,19.8,19.68,19.765,0.0,,,,,,,,,,,,,,,,,,,,,,,,,,"rgba(38, 166, 154, 1.0)",0.0,0.0,0.3549579089372675,19.638782153454144,0.35558539017696006,0.0,0.0,0.0,0.0,0.0,0.0,0.0,0.0,61.96769754058888,11.579087923664268,True,False,True,False,False,1.41564547252014,0,,,False,False,False,False,,,False,False,False,False,7805.0,2727.8920413821443,False,False,False,False,607.202739146134,False,False,False,False
2025-04-25 15:00:00+00:00,19.765,19.795,19.715,19.765,3.0,,,,,,,,,,,,,,,,,,,,,,,,,,"rgba(38, 166, 154, 1.0)",0.0,0.0,0.3490765552732547,19.638764187600835,0.36162787357732895,0.0,0.0,0.0,0.0,0.0,0.0,0.0,0.0,58.84975100751527,14.12392607913118,True,False,True,False,False,1.4156454725201613,0,,,False,False,False,False,,,False,False,False,False,7805.0,2806.606893453739,False,False,False,False,597.835254818287,False,False,False,False
2025-04-25 16:00:00+00:00,19.765,19.81,19.755,19.76,333.0,,,,,,,,,,,,,,,,,,,,,,,,,,"rgba(38, 166, 154, 1.0)",0.0,0.0,0.3392409651448842,19.637877194207178,0.3599883809452877,0.0,0.0,0.0,0.0,0.0,0.0,0.0,0.0,56.60628038297313,11.987579862056407,True,False,True,False,False,1.3259802251310475,0,,,False,False,False,False,,,False,False,False,False,7472.0,2878.9385695242236,False,False,False,False,593.7292818753677,False,False,False,False
2025-04-25 17:00:00+00:00,19.76,19.83,19.7,19.72,600.0,,,,,,,,,,,,,,,,,,,,,,,,,,"rgba(38, 166, 154, 1.0)",0.0,0.0,0.3134471520322319,19.636401562612072,0.2667066420795892,0.0,0.0,0.0,0.0,0.0,0.0,0.0,0.0,53.755641256945296,9.275312290247143,True,False,True,False,False,0.6018144508890764,0,,,False,False,False,False,,,False,False,False,False,6872.0,2940.8464986788867,False,False,False,False,593.8265023114086,False,False,False,False
2025-04-25 18:00:00+00:00,19.72,19.825,19.71,19.79,91.0,,,,,,,,,,,,,,,,,,,,,,,,,,"rgba(38, 166, 154, 1.0)",0.0,0.0,0.28633373711284676,19.63651285251165,0.5360428325211922,0.0,0.0,0.0,0.0,0.0,0.0,0.0,0.0,54.160056797269796,9.275312290247143,True,False,True,False,False,1.8413058643032834,0,,,False,False,False,False,,,False,False,False,False,6963.0,3003.2054676916173,False,False,False,False,586.0307425856504,False,False,False,False
2025-04-25 19:00:00+00:00,19.79,19.835,19.77,19.83,43.0,,,,,,,,,,,,,,,,,,,,,,,,,,"rgba(38, 166, 154, 1.0)",0.0,0.0,0.2648221908994648,19.636710557579505,0.7298838581615398,0.0,0.0,0.0,0.0,0.0,0.0,0.0,0.0,55.61287444632923,9.275312290247143,True,False,True,False,False,2.5451628718204766,0,,,False,False,False,False,,,False,False,False,False,7006.0,3065.2642976498864,False,False,False,False,577.6116613052526,False,False,False,False
2025-04-28 14:00:00+00:00,19.83,19.92,19.825,19.885,107.0,,,,,,,,,,,,,,,,,,,,,,,,,,"rgba(38, 166, 154, 1.0)",0.0,0.0,0.26735689950272734,19.637807450925024,0.924578903835081,0.0,0.0,0.0,0.0,0.0,0.0,0.0,0.0,58.08418237720714,9.275312290247143,True,False,True,False,True,3.510189423670333,0,,,False,False,False,False,,,False,False,False,False,7113.0,3128.019889934384,False,False,False,False,570.3153564788145,False,False,False,False
2025-04-28 15:00:00+00:00,19.885,19.9,19.805,19.815,753.0,,,,,,,,,,,,,,,,,,,,,,,,,,"rgba(38, 166, 154, 1.0)",0.0,0.0,0.2696021760545212,19.64299047020868,0.638012394071092,0.0,0.0,0.0,0.0,0.0,0.0,0.0,0.0,56.90269536649972,9.275312290247143,True,False,True,False,True,2.1752571334937443,0,,,False,False,False,False,,,False,False,False,False,6360.0,3178.128108695091,False,False,False,False,573.1476765334064,False,False,False,False
2025-04-28 16:00:00+00:00,19.815,19.825,19.755,19.765,600.0,,,,,,,,,,,,,,,,,,,,,,,,,,"rgba(38, 166, 154, 1.0)",0.0,0.0,0.26884261446309266,19.64452842487053,0.4481119013444574,0.0,0.0,0.0,0.0,0.0,0.0,0.0,0.0,54.33991640056736,9.275312290247143,True,False,True,False,False,1.2305264504468312,0,,,False,False,False,False,,,False,False,False,False,5760.0,3218.15713026571,False,False,False,False,573.5639916259117,False,False,False,False
2025-04-28 17:00:00+00:00,19.76,19.78,19.72,19.775,1200.0,,,,,,,,,,,,,,,,,,,,,,,,,,"rgba(38, 166, 154, 1.0)",0.0,0.0,0.26564663584381176,19.646385934552036,0.48415469309229897,0.0,0.0,0.0,0.0,0.0,0.0,0.0,0.0,52.99531262260804,8.00723411471435,False,False,True,False,False,1.4143609095211396,0,,,False,False,False,False,,,False,False,False,False,6960.0,3276.170198013528,False,False,False,False,583.2761778022542,False,False,False,False
2025-04-28 18:00:00+00:00,19.775,19.825,19.775,19.815,2956.0,,,,,,,,,,,,,,,,,,,,,,,,,,"rgba(38, 166, 154, 1.0)",0.0,0.0,0.258201803191168,19.659224736506943,0.6033081936988856,0.0,0.0,0.0,0.0,0.0,0.0,0.0,0.0,53.55998552458968,8.00723411471435,False,False,True,False,False,2.1552993314963267,0,,,False,False,False,False,,,False,False,False,False,9916.0,3379.1132957187447,False,False,False,False,620.0625936502813,False,False,False,False
2025-04-28 19:00:00+00:00,19.815,19.895,19.81,19.87,2400.0,,,,,,,,,,,,,,,,,,,,,,,,,,"rgba(38, 166, 154, 1.0)",0.0,0.0,0.2510006460635583,19.67350897993488,0.7828307342896866,0.0,0.0,0.0,0.0,0.0,0.0,0.0,0.0,55.74977000261552,8.00723411471435,True,False,True,False,True,3.170077396079769,0,,,False,False,False,False,,,False,False,False,False,12316.0,3517.669678730857,False,False,False,False,647.658522430897,False,False,False,False
2025-04-29 14:00:00+00:00,19.86,19.915,19.78,19.915,5.0,,,,,,,,,,,,,,,,,,,,,,,,,,"rgba(38, 166, 154, 1.0)",0.0,0.0,0.24910967590727945,19.67353852079681,0.9692978738130679,0.0,0.0,0.0,0.0,0.0,0.0,0.0,0.0,58.532173311194136,3.7962710755993427,True,False,True,False,True,3.9958878151870856,1,,,False,False,False,False,,,False,False,False,False,12321.0,3654.155420145882,False,False,False,False,637.6948244087125,False,False,False,False
2025-04-29 15:00:00+00:00,19.915,19.925,19.84,19.865,401.0,,,,,,,,,,,,,,,,,,,,,,,,,,"rgba(38, 166, 154, 1.0)",0.0,0.0,0.2459844168506053,19.67598050012811,0.7684206271761015,0.0,0.0,0.0,0.0,0.0,0.0,0.0,0.0,58.02343311672694,3.7962710755993427,True,False,True,False,True,2.9794367662092327,1,,,False,False,False,False,,,False,False,False,False,11920.0,3782.308049290907,False,False,False,False,634.0251372085773,False,False,False,False
2025-04-29 16:00:00+00:00,19.865,19.945,19.86,19.88,500.0,,,,,,,,,,,,,,,,,,,,,,,,,,"rgba(38, 166, 154, 1.0)",0.0,0.0,0.24302754450347033,19.679286662764316,0.8258871958146176,0.0,0.0,0.0,0.0,0.0,0.0,0.0,0.0,58.20010982500047,3.832109235597521,True,False,True,False,True,3.2620069834310605,0,,,False,False,False,False,,,False,False,False,False,12420.0,3916.2257539530633,False,False,False,False,631.9472281045685,False,False,False,False
2025-04-29 17:00:00+00:00,19.88,20.015,19.87,20.0,1196.0,,,,,,,,,,,,,,,,,,,,,,,,,,"rgba(38, 166, 154, 1.0)",0.0,0.0,0.23439254438839022,19.71990012705316,1.1950033380017013,0.0,0.0,0.0,0.0,0.0,0.0,0.0,0.0,61.698275603274766,7.312182222145125,True,False,True,False,True,5.488346538677032,0,,,False,False,False,False,,,False,False,False,False,13616.0,4066.6098507910006,False,False,False,False,640.6922323200015,False,False,False,False
2025-04-29 18:00:00+00:00,20.0,20.015,19.965,19.975,668.0,,,,,,,,,,,,,,,,,,,,,,,,,,"rgba(38, 166, 154, 1.0)",0.0,0.0,0.22728723344368662,19.752019116760806,0.981053268416159,0.0,0.0,0.0,0.0,0.0,0.0,0.0,0.0,62.788465395245645,8.457217383459025,True,False,True,False,True,4.960810595726027,0,,,False,False,False,False,,,False,False,False,False,12948.0,4204.305822096567,False,False,False,False,641.1156085631022,False,False,False,False
2025-04-29 19:00:00+00:00,19.975,20.01,19.955,19.98,1394.0,,,,,,,,,,,,,,,,,,,,,,,,,,"rgba(38, 166, 154, 1.0)",0.0,0.0,0.22563869309100787,19.761409319767974,0.9687641655673876,0.0,0.0,0.0,0.0,0.0,0.0,0.0,0.0,63.65603843547862,9.446384076519692,True,False,True,False,True,5.05436916258293,0,,,False,False,False,False,,,False,False,False,False,14342.0,4361.479375242357,False,False,False,False,652.78823478693,False,False,False,False
2025-04-30 14:00:00+00:00,19.55,19.66,19.53,19.62,954.0,,,,,,,,,,,,,,,,,,,,,,,19.603333333333335,,,"rgba(239, 83, 80, 1.0)",0.0,0.0,0.22324928497811905,19.725136889490656,-0.4709394231697533,1.0,19.66,19.53,0.0,0.0,0.0,0.0,0.0,53.465218428298456,8.447748675807318,False,False,False,False,False,0.0,0,,,False,False,False,False,,,False,False,False,False,13388.0,4501.42543144015,False,False,False,False,657.4581846351947,False,False,False,False
2025-04-30 15:00:00+00:00,19.62,19.745,19.615,19.725,1001.0,,,,,,,,,,,,,,,,,,,,,,,19.650268542199488,,,"rgba(239, 83, 80, 1.0)",0.0,0.0,0.2195525137781491,19.72110037723775,0.017761685781432883,0.0,0.0,0.0,0.0,0.0,0.0,0.0,0.0,49.782961661750946,5.42905694468616,False,True,False,False,False,0.0,0,,,False,False,False,False,,,False,False,False,False,14389.0,4654.721161185264,False,False,False,False,662.7844143307731,False,False,False,False
2025-04-30 16:00:00+00:00,19.725,19.75,19.66,19.74,1004.0,,,,,,,,,,,,,,,,,,,,,,,19.672797679396194,,,"rgba(239, 83, 80, 1.0)",0.0,0.0,0.21753373974610443,19.718772987410716,0.09758032300670866,0.0,0.0,0.0,0.0,0.0,0.0,0.0,0.0,47.749008316451615,3.7973367452722186,False,True,False,True,False,0.18009415140886276,0,,,False,False,False,False,,,False,False,False,False,15393.0,4821.206104422701,False,False,False,False,668.0745784496758,False,False,False,False
2025-04-30 17:00:00+00:00,19.74,19.805,19.685,19.785,100.0,,,,,,,,,,,,,,,,,,,,,,,19.675593875994334,,,"rgba(239, 83, 80, 1.0)",0.0,0.0,0.21822343702835037,19.71889710594813,0.30291381600447453,0.0,0.0,0.0,0.0,0.0,0.0,0.0,0.0,47.686640168821846,3.7567014886192567,False,True,False,True,False,1.0320723796214573,0,,,False,False,False,False,,,False,False,False,False,15493.0,4986.660273346381,False,False,False,False,659.2672206442544,False,False,False,False
2025-04-30 18:00:00+00:00,19.785,19.85,19.715,19.72,2323.0,,,,,,,,,,,,,,,,,,,,,,,19.71274495231017,,,"rgba(239, 83, 80, 1.0)",0.0,0.0,0.21700828231796243,19.7208582957804,-0.003955129137157149,0.0,0.0,0.0,0.0,0.0,0.0,0.0,0.0,46.04858054931693,2.0535544284980887,False,True,False,True,False,0.0,0,,,False,False,False,False,,,False,False,False,False,13170.0,5113.533757480545,False,False,False,False,685.0615273009327,False,False,False,False
2025-04-30 19:00:00+00:00,19.725,19.895,19.695,19.855,954.0,,,,,,,,,,,,,,,,,,,,,,,19.72814130892256,,,"rgba(239, 83, 80, 1.0)",0.0,0.0,0.21776595006797284,19.724120313962594,0.6010107916162019,0.0,0.0,0.0,0.0,0.0,0.0,0.0,0.0,48.58995136048419,2.0535544284980887,False,True,False,False,False,2.3195901647548673,0,,,False,False,False,False,,,False,False,False,False,14124.0,5253.230908527358,False,False,False,False,689.2311160249492,False,False,False,False
2025-05-01 14:00:00+00:00,19.88,19.98,19.87,19.975,0.0,,,,,,,,,,,,,,,,,,,,,,,19.72814130892256,,,"rgba(38, 166, 154, 1.0)",0.0,0.0,0.22100228281401704,19.724120313962594,1.1351904733424574,0.0,0.0,0.0,0.0,0.0,0.0,0.0,0.0,52.7549403157073,-3.3819849661570487,False,True,True,False,True,4.481527733746258,0,,,False,False,False,False,,,False,False,False,False,14124.0,5390.76221227112,False,False,False,False,678.5453622881282,False,False,False,False
2025-05-01 15:00:00+00:00,19.98,19.99,19.83,19.83,291.0,,,,,,,,,,,,,,,,,,,,,,,19.734955988129368,,,"rgba(38, 166, 154, 1.0)",0.0,0.0,0.22197104348122046,19.726062096150436,0.46824983213792926,0.0,0.0,0.0,0.0,0.0,0.0,0.0,0.0,51.89415734842483,-3.3819849661570487,False,True,True,False,True,1.6695656253775049,0,,,False,False,False,False,,,False,False,False,False,13833.0,5521.649619832808,False,False,False,False,672.5369070588549,False,False,False,False
2025-05-01 16:00:00+00:00,19.83,19.845,19.775,19.805,1.0,,,,,,,,,,,,,,,,,,,,,,,19.734967058941862,,,"rgba(38, 166, 154, 1.0)",0.0,0.0,0.22266572935012857,19.7260646322976,0.35450164662869366,0.0,0.0,0.0,0.0,0.0,0.0,0.0,0.0,50.76020979596785,-3.3819849661570487,False,True,False,False,True,1.1953046408564347,0,,,False,False,False,False,,,False,False,False,False,13832.0,5650.492261385788,False,False,False,False,662.1254821432137,False,False,False,False
2025-05-01 17:00:00+00:00,19.8,19.875,19.8,19.815,0.0,,,,,,,,,,,,,,,,,,,,,,,19.734967058941862,,,"rgba(38, 166, 154, 1.0)",0.0,0.0,0.22334653719203562,19.7260646322976,0.3981945223799626,0.0,0.0,0.0,0.0,0.0,0.0,0.0,0.0,50.259151535321195,-3.3819849661570487,False,True,False,False,True,1.3811780117844528,0,,,False,False,False,False,,,False,False,False,False,13832.0,5777.337342604613,False,False,False,False,651.8599707921561,False,False,False,False
2025-05-01 18:00:00+00:00,19.82,19.87,19.815,19.845,0.0,,,,,,,,,,,,,,,,,,,,,,,19.734967058941862,,,"rgba(38, 166, 154, 1.0)",0.0,0.0,0.22439431991654438,19.7260646322976,0.5300284238327985,0.0,0.0,0.0,0.0,0.0,0.0,0.0,0.0,50.73220855998474,-3.3819849661570487,False,True,False,False,True,1.9444029250641286,0,,,False,False,False,False,,,False,False,False,False,13832.0,5902.215833416944,False,False,False,False,641.7536146558435,False,False,False,False
2025-05-01 19:00:00+00:00,19.845,19.93,19.8,19.8,974.0,,,,,,,,,,,,,,,,,,,,,,,19.748851398754713,,,"rgba(38, 166, 154, 1.0)",0.0,0.0,0.22498864836228857,19.730034089404356,0.3109752918866473,0.0,0.0,0.0,0.0,0.0,0.0,0.0,0.0,49.7638670960915,-3.3819849661570487,False,True,False,False,False,1.0538101803121371,0,,,False,False,False,False,,,False,False,False,False,12858.0,6010.057448402728,False,False,False,False,646.9047214053653,False,False,False,False
2025-05-02 14:00:00+00:00,19.93,20.095,19.925,20.09,400.0,,,,,,,,,,,,,,,,,,,,,,,19.76323856535866,,,"rgba(38, 166, 154, 1.0)",0.0,0.0,0.23024904260738893,19.735166013934588,1.541087780636117,0.0,0.0,0.0,0.0,0.0,0.0,0.0,0.0,55.218478836238816,0.18299176271247575,False,False,True,False,True,6.2840217922605035,0,,,False,False,False,False,,,False,False,False,False,13258.0,6122.428650753073,False,False,False,False,643.0767412285379,False,False,False,False
2025-05-02 15:00:00+00:00,20.09,20.095,20.005,20.065,2.0,,,,,,,,,,,,,,,,,,,,,,,19.763311469265364,,,"rgba(38, 166, 154, 1.0)",0.0,0.0,0.2347314931445531,19.73519265859938,1.405040870240268,0.0,0.0,0.0,0.0,0.0,0.0,0.0,0.0,58.12970375121615,2.9231934839198743,True,False,True,False,True,5.7814121278940185,0,,,False,False,False,False,0.14112555917463326,0.14112555917463326,False,False,False,False,13256.0,6233.026656167754,False,False,False,False,633.1375669459248,False,False,False,False
2025-05-02 16:00:00+00:00,20.065,20.15,20.055,20.12,58.0,,,,,,,,,,,,,,,,,,,,,,,19.76579364094931,,,"rgba(38, 166, 154, 1.0)",0.0,0.0,0.24007174228017508,19.736107513130833,1.5990740235522918,0.0,0.0,0.0,0.0,0.0,0.0,0.0,0.0,60.97525670960775,5.5829967131514024,True,False,True,False,True,6.729083991416559,0,0.9698337779601884,0.9597783706135845,False,False,False,False,0.15764681049637475,0.149386184835504,False,False,False,False,13314.0,6342.809188630269,False,False,False,False,624.2207054428873,False,False,False,False
2025-05-02 17:00:00+00:00,20.12,20.135,20.085,20.11,140.0,,,,,,,,,,,,,,,,,,,,,,,19.771668901893843,,,"rgba(38, 166, 154, 1.0)",0.0,0.0,0.24490157979029253,19.738295576701617,1.5177706228627443,0.0,0.0,0.0,0.0,0.0,0.0,0.0,0.0,62.53523633759848,7.083788951538864,True,False,True,False,True,6.522011992416733,0,0.9705882352941174,0.9588646647470169,False,False,False,False,0.159863320979302,0.15462475290740302,False,False,False,False,13174.0,6448.7191236902645,False,False,False,False,616.7134076840828,False,False,False,False
2025-05-02 18:00:00+00:00,20.115,20.16,20.095,20.115,461.0,,,,,,,,,,,,,,,,,,,,,,,19.790382661895414,,,"rgba(38, 166, 154, 1.0)",0.0,0.0,0.24967948823810893,19.745483761078958,1.4799623370288553,0.0,0.0,0.0,0.0,0.0,0.0,0.0,0.0,63.67207036039727,8.287117538154078,True,False,True,False,True,6.610417358450796,0,0.9711280676428126,0.9585481542586094,False,False,False,False,0.1793045449887186,0.1669646489480608,False,False,False,False,13635.0,6560.134331074911,False,False,False,False,614.2992463246396,False,False,False,False
2025-05-02 19:00:00+00:00,20.115,20.165,20.105,20.15,1998.0,,,,,,,,,,,,,,,,,,,,,,,19.855905168370693,,,"rgba(38, 166, 154, 1.0)",0.0,0.0,0.25496996820151524,19.804124924386596,1.3565326067736772,0.0,0.0,0.0,0.0,0.0,0.0,0.0,0.0,65.13895026831179,9.86526408900938,True,False,True,False,True,7.235306641938855,0,0.9727722772277225,0.9544141914191413,False,False,False,False,0.18940837869663732,0.17818651382234907,False,False,False,False,15633.0,6700.798915089253,False,False,False,False,635.7519711878235,False,False,False,False
2025-05-05 14:00:00+00:00,20.02,20.13,19.995,20.11,0.0,,,,,,,,,,,,,,,,,,,,,,,19.855905168370693,,,"rgba(38, 166, 154, 1.0)",0.0,0.0,0.25682964873329034,19.804124924386596,1.1909648170373262,0.0,0.0,0.0,0.0,0.0,0.0,0.0,0.0,64.43015914058763,9.86526408900938,True,False,True,False,True,6.368276665920927,0,0.9695410578308292,0.9545173904095487,False,False,False,False,0.18876638077650087,0.18347644729942497,False,False,False,False,15633.0,6839.282652839806,False,False,False,False,625.8953514794852,False,False,False,False
2025-05-05 15:00:00+00:00,20.11,20.145,20.08,20.135,626.0,,,,,,,,,,,,,,,,,,,,,,,19.870552405422163,,,"rgba(38, 166, 154, 1.0)",0.0,0.0,0.25841629589091064,19.810254650085287,1.2566751984240345,0.0,0.0,0.0,0.0,0.0,0.0,0.0,0.0,64.57002247197586,9.86526408900938,True,False,True,False,True,6.826676241137527,0,0.9784857261067434,0.9517997517583775,False,False,False,False,0.3331699563438016,0.2583232018216133,False,False,False,False,16259.0,6985.324782253143,False,False,False,False,625.8969739371674,False,False,False,False
2025-05-05 16:00:00+00:00,20.135,20.15,20.09,20.1,3.0,,,,,,,,,,,,,,,,,,,,,,,19.870616917626215,,,"rgba(38, 166, 154, 1.0)",0.0,0.0,0.25933225062882703,19.810282174021822,1.1171685175124724,0.0,0.0,0.0,0.0,0.0,0.0,0.0,0.0,63.094882964260876,9.86526408900938,True,False,True,False,True,6.053297993025691,0,0.9918419922713607,0.9422498926577925,False,False,False,False,0.3363826381017552,0.2973529199616842,False,False,False,False,16256.0,7129.0561809779,False,False,False,False,616.239656511785,False,False,False,False
2025-05-05 17:00:00+00:00,20.095,20.11,20.045,20.105,173.0,,,,,,,,,,,,,,,,,,,,,,,19.873877548053155,,,"rgba(38, 166, 154, 1.0)",0.0,0.0,0.26143224709246604,19.8115648450113,1.1224137735576079,0.0,0.0,0.0,0.0,0.0,0.0,0.0,0.0,62.264583094932014,9.86526408900938,True,False,True,False,False,6.148159164310169,0,0.9854663774403467,0.9477223427331882,False,False,False,False,0.3182635925424736,0.3078082562520789,False,False,False,False,16429.0,7273.241356466615,False,False,False,False,609.3677238526875,False,False,False,False
2025-05-05 18:00:00+00:00,20.105,20.15,20.1,20.125,34.0,,,,,,,,,,,,,,,,,,,,,,,19.8746201907744,,,"rgba(38, 166, 154, 1.0)",0.0,0.0,0.26400206455648473,19.81190109892316,1.185971411257098,0.0,0.0,0.0,0.0,0.0,0.0,0.0,0.0,62.358590220264986,9.86526408900938,True,False,True,False,False,6.532655658682653,0,0.9921448832642371,0.936068077678376,False,False,False,False,0.33852814678181387,0.32316820151694636,False,False,False,False,16463.0,7415.718234660931,False,False,False,False,600.447294025514,False,False,False,False
2025-05-05 19:00:00+00:00,20.125,20.125,20.025,20.035,632.0,,,,,,,,,,,,,,,,,,,,,,,19.884366532003185,,,"rgba(38, 166, 154, 1.0)",0.0,0.0,0.2658769782579224,19.8156754349903,0.8249099506349024,0.0,0.0,0.0,0.0,0.0,0.0,0.0,0.0,58.25639538304482,12.212597749084765,True,False,True,False,False,4.494211712553625,0,0.9929685783344315,0.9358382773016913,False,False,False,False,0.31720414080769144,0.3201861711623189,False,False,False,False,15831.0,7546.187719394869,False,False,False,False,600.9364832654286,False,False,False,False
2025-05-06 14:00:00+00:00,19.915,20.025,19.915,20.005,0.0,,,,,,,,,,,,,,,,,,,,,,,19.884366532003185,,,"rgba(38, 166, 154, 1.0)",0.0,0.0,0.2671875037537464,19.8156754349903,0.7085831573327988,0.0,0.0,0.0,0.0,0.0,0.0,0.0,0.0,54.35887312569085,8.576402915928114,False,False,True,False,False,3.823898522087873,0,0.9887018165706686,0.9401860877270707,False,False,False,False,0.2732926794223342,0.29673942529232655,False,False,False,False,15831.0,7674.634421419755,False,False,False,False,591.619638563639,False,False,False,False
2025-05-06 15:00:00+00:00,20.005,20.04,19.98,20.0,487.0,,,,,,,,,,,,,,,,,,,,,,,19.889087534347915,,,"rgba(38, 166, 154, 1.0)",0.0,0.0,0.2679029843226929,19.8171963758889,0.6823500849505623,0.0,0.0,0.0,0.0,0.0,0.0,0.0,0.0,51.560323355830974,6.056256482931026,False,True,False,False,False,3.7110228138634334,0,0.9886186119169824,0.938406605668377,False,False,False,False,0.289891393442916,0.29331540936762124,False,False,False,False,15344.0,7793.539314110921,False,False,False,False,589.9976286634275,False,False,False,False
2025-05-06 16:00:00+00:00,20.0,20.075,19.935,19.94,0.0,,,,,,,,,,,,,,,,,,,,,,,19.889087534347915,,,"rgba(38, 166, 154, 1.0)",0.0,0.0,0.267120076248737,19.8171963758889,0.45973191470920205,0.0,0.0,0.0,0.0,0.0,0.0,0.0,0.0,47.422421799394705,2.330485892646564,False,True,False,True,False,2.354634355840325,0,1.0110243454294896,0.9354616444648592,False,False,False,False,0.2878082092834188,0.29056180932552,False,False,False,False,15344.0,7910.6007200936965,False,False,False,False,580.8503786066301,False,False,False,False
2025-05-06 17:00:00+00:00,19.94,19.985,19.895,19.905,1.0,,,,,,,,,,,,,,,,,,,,,,,19.889090644897095,,,"rgba(38, 166, 154, 1.0)",0.0,0.0,0.2659455339482558,19.817195469778227,0.33015982226969115,0.0,0.0,0.0,0.0,0.0,0.0,0.0,0.0,43.506471413171866,-1.1264282003469148,False,True,False,True,False,1.5692296023305659,0,1.0073355418835774,0.9377662091812582,False,False,False,False,0.2609398380286604,0.2757508236770902,False,False,False,False,15343.0,8025.831716681391,False,False,False,False,571.8604502561396,False,False,False,False
2025-05-06 18:00:00+00:00,19.905,19.99,19.905,19.99,500.0,,,,,,,,,,,,,,,,,,,,,,,19.89185713196615,,,"rgba(38, 166, 154, 1.0)",0.0,0.0,0.26539788250103236,19.817775511404133,0.6489293997859836,0.0,0.0,0.0,0.0,0.0,0.0,0.0,0.0,45.07820099218223,-1.1264282003469148,False,True,False,True,False,3.3714915013371076,0,1.0112011439466155,0.9103908484270727,False,False,False,False,0.26402061818577155,0.2698857209314309,False,False,False,False,15843.0,8147.0281241747025,False,False,False,False,570.7463347482926,False,False,False,False
2025-05-06 19:00:00+00:00,19.985,19.99,19.895,19.895,337.0,,,,,,,,,,,,,,,,,,,,,,,19.89272905207869,,,"rgba(38, 166, 154, 1.0)",0.0,0.0,0.26392587001819384,19.817711662836114,0.29284108131786246,0.0,0.0,0.0,0.0,0.0,0.0,0.0,0.0,42.9602446882037,-1.2975078382027405,False,True,False,True,False,1.2375268549991567,0,1.0096875756841845,0.9198353112133683,False,False,False,False,0.26196622394169683,0.26592597243656385,False,False,False,False,15506.0,8261.1207113968,False,False,False,False,567.1223605661485,False,False,False,False
2025-05-07 14:00:00+00:00,20.045,20.05,19.955,19.975,300.0,,,,,,,,,,,,,,,,,,,,,,,19.89492341621831,,,"rgba(38, 166, 154, 1.0)",0.0,0.0,0.2629473965136923,19.81869451421774,0.594436331580575,0.0,0.0,0.0,0.0,0.0,0.0,0.0,0.0,44.7600546524825,-1.2975078382027405,False,True,False,True,False,2.923926619677257,0,1.000729927007299,0.9138686131386855,False,False,False,False,0.28676752924089394,0.2763467508387289,False,False,False,False,15806.0,8378.095584088322,False,False,False,False,562.9809286193864,False,False,False,False
2025-05-07 15:00:00+00:00,19.975,20.075,19.965,20.045,0.0,,,,,,,,,,,,,,,,,,,,,,,19.89492341621831,,,"rgba(38, 166, 154, 1.0)",0.0,0.0,0.26259124540273177,19.81869451421774,0.8618165675522864,0.0,0.0,0.0,0.0,0.0,0.0,0.0,0.0,48.26723192239801,-1.2975078382027405,False,True,False,False,True,4.365783560977558,0,1.003911024199462,0.9073576142752379,False,False,False,False,0.2940651365216685,0.2852059436801987,False,False,False,False,15806.0,8493.256892862146,False,False,False,False,554.2525421291633,False,False,False,False
2025-05-07 16:00:00+00:00,20.045,20.09,20.01,20.085,25.0,,,,,,,,,,,,,,,,,,,,,,,19.89522594769819,,,"rgba(38, 166, 154, 1.0)",0.0,0.0,0.26257951176737965,19.818858010410533,1.0135672345420605,0.0,0.0,0.0,0.0,0.0,0.0,0.0,0.0,51.78789940999987,-4.34557784347038,False,True,True,False,True,5.180198143568827,0,1.0022415940224156,0.9240348692403481,False,False,False,False,0.30664700194832806,0.2959264728142634,False,False,False,False,15831.0,8607.020351887539,False,False,False,False,546.047076359719,False,False,False,False
2025-05-07 17:00:00+00:00,20.085,20.095,19.96,19.98,600.0,,,,,,,,,,,,,,,,,,,,,,,19.900084730046135,,,"rgba(38, 166, 154, 1.0)",0.0,0.0,0.25172960253571314,19.821357076497094,0.630211631468332,0.0,0.0,0.0,0.0,0.0,0.0,0.0,0.0,50.412859407544815,-4.34557784347038,False,True,False,False,True,2.7780987991151456,0,1.0049900199600796,0.9139221556886223,False,False,False,False,0.2972019856992812,0.2965642292567723,False,False,False,False,15231.0,8709.717710773004,False,False,False,False,546.8835557960024,False,False,False,False
2025-05-07 18:00:00+00:00,19.97,20.065,19.89,20.05,0.0,,,,,,,,,,,,,,,,,,,,,,,19.900084730046135,,,"rgba(38, 166, 154, 1.0)",0.0,0.0,0.23733738861804152,19.821357076497094,0.9633666437228434,0.0,0.0,0.0,0.0,0.0,0.0,0.0,0.0,51.67022029586063,-4.34557784347038,False,True,True,False,True,4.220590879793221,1,1.0116044399596364,0.9157416750756805,False,False,False,False,0.2763935109015511,0.28647887007916173,False,False,False,False,15231.0,8810.822862543966,False,False,False,False,538.4047409774597,False,False,False,False
2025-05-07 19:00:00+00:00,20.05,20.05,19.895,19.96,2992.0,,,,,,,,,,,,,,,,,,,,,,,19.91183994396792,,,"rgba(38, 166, 154, 1.0)",0.0,0.0,0.22171627840125588,19.83928059810703,0.5444769448749958,0.0,0.0,0.0,0.0,0.0,0.0,0.0,0.0,49.750037657275556,-4.34557784347038,False,True,False,False,True,2.1977235142378433,1,1.0220308938971887,0.8976956191440866,False,False,False,False,0.27432571745939266,0.28040229376927717,False,False,False,False,12239.0,8863.972895682818,False,False,False,False,576.4449775514526,False,False,False,False
2025-05-08 14:00:00+00:00,20.06,20.15,20.025,20.04,200.0,,,,,,,,,,,,,,,,,,,,,,,19.913659154288318,,,"rgba(38, 166, 154, 1.0)",0.0,0.0,0.20323381111905808,19.840914133269845,0.9795902838899495,0.0,0.0,0.0,0.0,0.0,0.0,0.0,0.0,50.858700887128485,-4.34557784347038,False,True,False,False,True,3.8457032357441747,1,1.0276369168356996,0.8861561866125757,False,False,False,False,0.3225083474606978,0.3014553206149875,False,False,False,False,12439.0,8919.399672493937,False,False,False,False,570.6086213103447,False,False,False,False
2025-05-08 15:00:00+00:00,20.035,20.295,20.025,20.245,201.0,,,,,,,,,,,,,,,,,,,,,,,19.916765698852128,,,"rgba(38, 166, 154, 1.0)",0.0,0.0,0.18695521456286548,19.843780148576343,2.146074675487289,0.0,0.0,0.0,0.0,0.0,0.0,0.0,0.0,55.920752050401134,0.037722927159144604,True,False,True,False,True,7.821939338949566,0,1.044585987261146,0.8690445859872606,False,False,False,False,0.34282821197083446,0.32214176629291097,False,False,False,False,12640.0,8977.083398501782,False,False,False,False,564.8782550884788,False,False,False,False
2025-05-08 16:00:00+00:00,20.25,20.355,20.235,20.345,600.0,,,,,,,,,,,,,,,,,,,,,,,19.92966252993686,,,"rgba(38, 166, 154, 1.0)",0.0,0.0,0.17867159970329688,19.887930933173326,2.5581517576698505,0.0,0.0,0.0,0.0,0.0,0.0,0.0,0.0,60.786049780938285,4.5572133184878965,True,False,True,False,True,9.639978700944258,0,1.0629190304280554,0.8576585869004637,False,False,False,False,0.3428282150187149,0.33248499065581294,False,False,False,False,13240.0,9043.175128757568,False,False,False,False,565.4227782654017,False,False,False,False
2025-05-08 17:00:00+00:00,20.35,20.35,20.215,20.215,67.0,,,,,,,,,,,,,,,,,,,,,,,19.930862845056673,,,"rgba(38, 166, 154, 1.0)",0.0,0.0,0.17620690643067421,19.888508148259746,1.8528890742923698,0.0,0.0,0.0,0.0,0.0,0.0,0.0,0.0,60.23341865957793,4.5572133184878965,True,False,True,False,True,6.706716705155085,0,1.0623544631306594,0.8499353169469595,False,False,False,False,0.3378319809123457,0.3351584857840793,False,False,False,False,13173.0,9107.203421334969,False,False,False,False,557.6952933310544,False,False,False,False
2025-05-08 18:00:00+00:00,20.215,20.27,20.215,20.235,1000.0,,,,,,,,,,,,,,,,,,,,,,,19.946765780132722,,,"rgba(38, 166, 154, 1.0)",0.0,0.0,0.1769243488760652,19.8976995370462,1.9064671714014696,0.0,0.0,0.0,0.0,0.0,0.0,0.0,0.0,60.235459974153976,4.5572133184878965,True,False,True,False,True,7.076253349777929,0,1.0627286983795083,0.8554626241505485,False,False,False,False,0.31664320952072117,0.32590084765240024,False,False,False,False,14173.0,9185.742903174736,False,False,False,False,564.5527306437511,False,False,False,False
2025-05-08 19:00:00+00:00,20.235,20.285,20.155,20.16,2701.0,,,,,,,,,,,,,,,,,,,,,,,19.977659439927734,,,"rgba(38, 166, 154, 1.0)",0.0,0.0,0.17531631644203882,19.916825902444607,1.3870591311207958,0.0,0.0,0.0,0.0,0.0,0.0,0.0,0.0,58.170390958936395,4.5572133184878965,True,False,True,False,False,5.411301035000879,0,1.052893935198006,0.9091664358903346,False,False,False,False,0.3055503140382697,0.315725580845335,False,False,False,False,11472.0,9221.188749637142,False,False,False,False,597.6759441221426,False,False,False,False
2025-05-09 14:00:00+00:00,20.225,20.26,20.145,20.155,200.0,,,,,,,,,,,,,,,,,,,,,,,19.979530587884213,,,"rgba(38, 166, 154, 1.0)",0.0,0.0,0.16794352332561438,19.918040408193466,1.4109480801299497,0.0,0.0,0.0,0.0,0.0,0.0,0.0,0.0,56.655710239848496,4.5572133184878965,True,False,True,False,False,5.300489458413008,0,0.9974747474747472,0.916947250280583,False,False,False,False,0.29697278144303974,0.30634918114418735,False,False,False,False,11272.0,9252.984272898582,False,False,False,False,591.510425608621,False,False,False,False
2025-05-09 15:00:00+00:00,20.155,20.18,20.135,20.16,1.0,,,,,,,,,,,,,,,,,,,,,,,19.979538591229876,,,"rgba(38, 166, 154, 1.0)",0.0,0.0,0.16610245942496166,19.918045060403745,1.4566607889726053,0.0,0.0,0.0,0.0,0.0,0.0,0.0,0.0,55.77797930703546,4.5572133184878965,True,False,True,False,False,5.398362126762965,0,0.9985636311404767,0.9241597242171785,False,False,False,False,0.2751065687038735,0.2907278749240304,False,False,False,False,11273.0,9284.302346186976,False,False,False,False,582.355225211588,False,False,False,False
2025-05-09 16:00:00+00:00,20.16,20.165,20.085,20.1,1015.0,,,,,,,,,,,,,,,,,,,,,,,19.98549787349432,,,"rgba(38, 166, 154, 1.0)",0.0,0.0,0.16429804273587903,19.920886711059328,1.0901729926789865,0.0,0.0,0.0,0.0,0.0,0.0,0.0,0.0,53.33076941817525,8.566142913595442,False,False,True,False,False,4.039328776402041,0,1.02955223880597,0.9158208955223877,False,False,False,False,0.2594735030848959,0.27510068900446316,False,False,False,False,10258.0,9299.398433842991,False,False,False,False,589.06289613854,False,False,False,False
2025-05-09 17:00:00+00:00,20.1,20.185,20.09,20.18,501.0,,,,,,,,,,,,,,,,,,,,,,,19.98898743904654,,,"rgba(38, 166, 154, 1.0)",0.0,0.0,0.16668422430039506,19.92313200595117,1.541045621605475,0.0,0.0,0.0,0.0,0.0,0.0,0.0,0.0,54.0072692123819,8.566142913595442,False,False,True,False,False,5.634614138862091,0,1.0409268733072523,0.9040024074631354,False,False,False,False,0.26547115982144515,0.2702859244129542,False,False,False,False,10759.0,9322.027915488836,False,False,False,False,587.697579919338,False,False,False,False
2025-05-09 18:00:00+00:00,20.175,20.185,20.155,20.17,60.0,,,,,,,,,,,,,,,,,,,,,,,19.989441540884446,,,"rgba(38, 166, 154, 1.0)",0.0,0.0,0.16668671050642608,19.92344580003863,1.4791473130179043,0.0,0.0,0.0,0.0,0.0,0.0,0.0,0.0,54.116271134624256,8.566142913595442,False,False,True,False,False,5.404054887044591,0,1.0603184323331292,0.8928352725045924,False,False,False,False,0.27709827586721364,0.27369210014008394,False,False,False,False,10699.0,9343.376319899862,False,False,False,False,579.5162220911311,False,False,False,False
2025-05-09 19:00:00+00:00,20.175,20.205,20.115,20.13,1357.0,,,,,,,,,,,,,,,,,,,,,,,19.99806217192899,,,"rgba(38, 166, 154, 1.0)",0.0,0.0,0.16550463372297847,19.92927351889033,1.2128148716708729,0.0,0.0,0.0,0.0,0.0,0.0,0.0,0.0,52.79474448063957,7.190734239952384,False,False,True,False,False,4.476512512395779,0,1.0562148657089316,0.898188632104934,False,False,False,False,0.27118295223978395,0.27243752618993394,False,False,False,False,9342.0,9343.35498160684,False,False,False,False,591.5702341517338,False,False,False,False
2025-05-12 14:00:00+00:00,20.715,20.75,20.585,20.61,1453.0,,,,,,,,,,,,,,,,,,,,,,,20.033413838689963,,,"rgba(38, 166, 154, 1.0)",0.0,0.0,0.18022688403710163,20.006384746244287,3.3491965251502225,0.0,0.0,0.0,0.0,0.0,0.0,0.0,0.0,60.38153741069076,5.575798573106326,True,False,True,False,True,13.205445933194415,0,1.0406852248394,0.8932395227898438,False,False,False,False,0.3428282117876206,0.3076328689887773,False,False,False,False,10795.0,9365.861105923013,False,False,False,False,604.9257343974433,False,False,False,False
2025-05-12 15:00:00+00:00,20.61,20.62,20.525,20.53,100.0,,,,,,,,,,,,,,,,,,,,,,,20.035370522235063,,,"rgba(38, 166, 154, 1.0)",0.0,0.0,0.1878458492036912,20.007559074917356,2.7812215563844283,0.0,0.0,0.0,0.0,0.0,0.0,0.0,0.0,63.24279114221036,8.080917074883502,True,False,True,False,True,11.387007899714256,0,1.0416149068322977,0.8990683229813661,False,False,False,False,0.302844583049282,0.3052387260190297,False,False,False,False,10695.0,9386.467910482346,False,False,False,False,597.097428437793,False,False,False,False
2025-05-12 16:00:00+00:00,20.53,20.65,20.525,20.645,0.0,,,,,,,,,,,,,,,,,,,,,,,20.035370522235063,,,"rgba(38, 166, 154, 1.0)",0.0,0.0,0.20028414500087413,20.007559074917356,3.182682908224518,0.0,0.0,0.0,0.0,0.0,0.0,0.0,0.0,66.4290632225355,10.927110362834057,True,False,True,False,True,13.254213790686986,0,1.0470662064637586,0.8895513021650452,False,False,False,False,0.309092707817579,0.30716571691830435,False,False,False,False,10695.0,9406.755229699675,False,False,False,False,587.8401039658893,False,False,False,False
2025-05-12 17:00:00+00:00,20.645,20.695,20.61,20.645,0.0,,,,,,,,,,,,,,,,,,,,,,,20.035370522235063,,,"rgba(38, 166, 154, 1.0)",0.0,0.0,0.21274412580152505,20.007559074917356,2.996279792361128,0.0,0.0,0.0,0.0,0.0,0.0,0.0,0.0,68.55324460941894,12.841301298297466,True,False,True,False,True,13.254213790686975,0,1.0541139240506325,0.8816455696202526,False,False,False,False,0.3358568340456455,0.3215112754819749,False,False,False,False,10695.0,9426.728016836114,False,False,False,False,578.7263039044026,False,False,False,False
2025-05-12 18:00:00+00:00,20.645,20.675,20.635,20.635,57.0,,,,,,,,,,,,,,,,,,,,,,,20.036670138372266,,,"rgba(38, 166, 154, 1.0)",0.0,0.0,0.22385729849634523,20.008621750832102,2.798114036822999,0.0,0.0,0.0,0.0,0.0,0.0,0.0,0.0,69.6436604792951,13.916759424722052,True,False,True,False,True,13.02028742371153,0,1.048123195380173,0.8918832210458769,False,False,False,False,0.33701653007431215,0.32926390277814355,False,False,False,False,10638.0,9445.507427427801,False,False,False,False,570.637523998908,False,False,False,False
2025-05-12 19:00:00+00:00,20.635,20.665,20.595,20.63,1.0,,,,,,,,,,,,,,,,,,,,,,,20.03669220755068,,,"rgba(38, 166, 154, 1.0)",0.0,0.0,0.23470257198694836,20.008638983747208,2.6474401664731,0.0,0.0,0.0,0.0,0.0,0.0,0.0,0.0,70.19120863792877,14.629055853866276,True,False,True,False,True,12.901414343217692,0,1.0361799217731416,0.904823989569752,False,False,False,False,0.3254582427711964,0.32736107277466997,False,False,False,False,10637.0,9463.980180490935,False,False,False,False,561.805934479545,False,False,False,False
2025-05-13 14:00:00+00:00,20.55,20.635,20.545,20.61,40.0,,,,,,,,,,,,,,,,,,,,,,,20.037524110182606,,,"rgba(38, 166, 154, 1.0)",0.0,0.0,0.24398484297922005,20.009230619917464,2.4623225473629224,0.0,0.0,0.0,0.0,0.0,0.0,0.0,0.0,69.78114427335515,14.629055853866276,True,False,True,False,True,12.41952966704974,0,1.0255068672334857,0.902550686723348,False,False,False,False,0.30713685272091074,0.31724896274779035,False,False,False,False,10597.0,9481.546379243013,False,False,False,False,553.7159199914901,False,False,False,False
2025-05-13 15:00:00+00:00,20.615,20.67,20.6,20.655,200.0,,,,,,,,,,,,,,,,,,,,,,,20.04197861751152,,,"rgba(38, 166, 154, 1.0)",0.0,0.0,0.2541323872910752,20.01281171500398,2.526983246179002,0.0,0.0,0.0,0.0,0.0,0.0,0.0,0.0,70.29687786680813,15.36470754361386,True,False,True,False,True,13.197405718983916,0,1.026920551543007,0.9015101772816805,False,False,False,False,0.3277631004200192,0.3225060315839048,False,False,False,False,10797.0,9501.941009022192,False,False,False,False,548.231952239684,False,False,False,False
2025-05-13 16:00:00+00:00,20.655,20.655,20.61,20.625,100.0,,,,,,,,,,,,,,,,,,,,,,,20.04413847566575,,,"rgba(38, 166, 154, 1.0)",0.0,0.0,0.26263498459863566,20.014500730174287,2.3245161750202117,0.0,0.0,0.0,0.0,0.0,0.0,0.0,0.0,69.35424312569528,15.36470754361386,True,False,True,False,True,12.45788015685407,0,1.0213975259110661,0.9120695419592106,False,False,False,False,0.3266102526200317,0.3245581421019682,False,False,False,False,10697.0,9520.46905539394,False,False,False,False,541.2826196468206,False,False,False,False
2025-05-13 17:00:00+00:00,20.63,20.695,20.615,20.66,280.0,,,,,,,,,,,,,,,,,,,,,,,20.05037399260741,,,"rgba(38, 166, 154, 1.0)",0.0,0.0,0.2698995976150815,20.019623361745847,2.3726476212366547,0.0,0.0,0.0,0.0,0.0,0.0,0.0,0.0,69.44482917794522,15.36470754361386,True,False,True,False,True,13.07600621413302,0,1.030077728962487,0.9070631970260221,False,False,False,False,0.33701653007431215,0.33078733608814015,False,False,False,False,10977.0,9543.05093050411,False,False,False,False,537.231726318963,False,False,False,False
2025-05-13 18:00:00+00:00,20.66,20.695,20.655,20.685,297.0,,,,,,,,,,,,,,,,,,,,,,,20.057082284248136,,,"rgba(38, 166, 154, 1.0)",0.0,0.0,0.27718668701697996,20.025259265553764,2.38013138923162,0.0,0.0,0.0,0.0,0.0,0.0,0.0,0.0,70.01739489297037,16.145781665570738,True,False,True,False,True,13.518892290134666,0,1.034800409416581,0.9003752985329236,False,False,False,False,0.34282820805185366,0.3368077720699969,False,False,False,False,11274.0,9569.887350186216,False,False,False,False,533.5072034302968,False,False,False,False
2025-05-13 19:00:00+00:00,20.68,20.695,20.605,20.605,414.0,,,,,,,,,,,,,,,,,,,,,,,20.065561797089124,,,"rgba(38, 166, 154, 1.0)",0.0,0.0,0.28152227761365933,20.069546976265844,1.9019916586103112,0.0,0.0,0.0,0.0,0.0,0.0,0.0,0.0,66.74474475438728,16.145781665570738,True,False,True,False,False,11.49881889800428,0,1.0246575342465751,0.9044520547945203,False,False,False,False,0.331280976049734,0.3340443740598654,False,False,False,False,10860.0,9589.889096694957,False,False,False,False,531.6543785709124,False,False,False,False
2025-05-14 14:00:00+00:00,20.42,20.435,20.355,20.37,1100.0,,,,,,,,,,,,,,,,,,,,,,,20.077610349297316,,,"rgba(38, 166, 154, 1.0)",0.0,0.0,0.28022757804235604,20.062278639580803,1.0981123362979137,0.0,0.0,0.0,0.0,0.0,0.0,0.0,0.0,57.793393625039045,12.316375433302852,False,False,True,False,False,5.960760198276759,0,1.011163734776725,0.9144113667117724,False,False,False,False,0.21769414868247955,0.2758692613711725,False,False,False,False,9760.0,9592.526475040771,False,False,False,False,540.4659385930688,False,False,False,False
2025-05-14 15:00:00+00:00,20.37,20.415,20.305,20.395,2466.0,,,,,,,,,,,,,,,,,,,,,,,20.100426499276324,,,"rgba(38, 166, 154, 1.0)",0.0,0.0,0.28016143994565246,20.088080112246388,1.0955108162392013,0.0,0.0,0.0,0.0,0.0,0.0,0.0,0.0,52.60340767568577,7.91690549949729,False,True,False,False,False,6.437280581893816,0,1.0057471264367812,0.9198782961460442,False,False,False,False,0.20258581019486233,0.23922753578301742,False,False,False,False,12226.0,9633.355521939364,False,False,False,False,570.3191798551917,False,False,False,False
2025-05-14 16:00:00+00:00,20.395,20.43,20.365,20.39,0.0,,,,,,,,,,,,,,,,,,,,,,,20.100426499276324,,,"rgba(38, 166, 154, 1.0)",0.0,0.0,0.2803630529178733,20.088080112246388,1.0768890002137836,0.0,0.0,0.0,0.0,0.0,0.0,0.0,0.0,49.02158416308653,4.986654675156046,False,True,False,True,False,6.322728932777487,0,1.008852570650323,0.9254341164453522,False,False,False,False,0.21877699044571233,0.2290022631143649,False,False,False,False,12226.0,9673.551560358908,False,False,False,False,561.4770220279794,False,False,False,False
2025-05-14 17:00:00+00:00,20.39,20.41,20.365,20.395,2600.0,,,,,,,,,,,,,,,,,,,,,,,20.12232432668257,,,"rgba(38, 166, 154, 1.0)",0.0,0.0,0.2811077187654905,20.101553657600217,1.0438928667219751,0.0,0.0,0.0,0.0,0.0,0.0,0.0,0.0,46.820617208248784,3.1841881158044103,False,True,False,True,False,6.421162251488354,0,1.0102424035506998,0.9207920792079205,False,False,False,False,0.2144486260583018,0.22172544458633336,False,False,False,False,14826.0,9753.43448190373,False,False,False,False,593.0820294383983,False,False,False,False
2025-05-14 18:00:00+00:00,20.395,20.445,20.395,20.42,154.0,,,,,,,,,,,,,,,,,,,,,,,20.123651696780176,,,"rgba(38, 166, 154, 1.0)",0.0,0.0,0.2811193520376682,20.10253303311209,1.1292960252888415,0.0,0.0,0.0,0.0,0.0,0.0,0.0,0.0,46.340983484958514,2.75301518165206,False,True,False,True,False,6.919012664687511,0,1.0126409292791252,0.9162965493679532,False,False,False,False,0.2285456522507451,0.22513554841853922,False,False,False,False,14980.0,9834.466505440107,False,False,False,False,586.274556113772,False,False,False,False
2025-05-14 19:00:00+00:00,20.42,20.47,20.405,20.415,200.0,,,,,,,,,,,,,,,,,,,,,,,20.125415563104564,,,"rgba(38, 166, 154, 1.0)",0.0,0.0,0.28000897669006086,20.103881283440195,1.111102651913114,0.0,0.0,0.0,0.0,0.0,0.0,0.0,0.0,45.848087588361786,2.083942511895529,False,True,False,True,False,6.797826111548975,0,1.0181693520740487,0.9132670551936921,False,False,False,False,0.2361731626254204,0.23065435552197983,False,False,False,False,14780.0,9911.14144334026,False,False,False,False,580.2858033058064,False,False,False,False
2025-05-15 14:00:00+00:00,20.475,20.51,20.455,20.495,457.0,,,,,,,,,,,,,,,,,,,,,,,20.130106602638786,,,"rgba(38, 166, 154, 1.0)",0.0,0.0,0.28002287551340954,20.108027789663613,1.3819307070070328,0.0,0.0,0.0,0.0,0.0,0.0,0.0,0.0,48.65915446231276,2.083942511895529,False,True,False,False,True,8.406237660105578,0,1.0195205479452052,0.904794520547945,False,False,False,False,0.2559136183328696,0.2432839869274247,False,False,False,False,15237.0,9993.712893831109,False,False,False,False,578.3743955026156,False,False,False,False
2025-05-15 15:00:00+00:00,20.5,20.545,20.495,20.535,435.0,,,,,,,,,,,,,,,,,,,,,,,20.134928052842337,,,"rgba(38, 166, 154, 1.0)",0.0,0.0,0.2810910211339904,20.11250979868386,1.5030369864242226,0.0,0.0,0.0,0.0,0.0,0.0,0.0,0.0,51.869193945369105,2.083942511895529,False,True,True,False,True,9.197976846319051,0,1.022306108442004,0.9021962937542893,False,False,False,False,0.2725138287940074,0.257898907860716,False,False,False,False,15672.0,10081.748352841478,False,False,False,False,576.1515366576137,False,False,False,False
2025-05-15 16:00:00+00:00,20.535,20.575,20.53,20.565,890.0,,,,,,,,,,,,,,,,,,,,,,,20.145206473519913,,,"rgba(38, 166, 154, 1.0)",0.0,0.0,0.28321691301863805,20.122205864992548,1.5634452416276206,0.0,0.0,0.0,0.0,0.0,0.0,0.0,0.0,54.966813094152926,-1.288206312313136,False,False,True,False,True,9.791297322004954,0,1.0268780151619572,0.8993797381116471,False,False,False,False,0.28701990479995587,0.27245940633033594,False,False,False,False,16562.0,10182.217370626882,False,False,False,False,581.017404306333,False,False,False,False
2025-05-15 17:00:00+00:00,20.565,20.59,20.535,20.545,200.0,,,,,,,,,,,,,,,,,,,,,,,20.147447664179246,,,"rgba(38, 166, 154, 1.0)",0.0,0.0,0.28523974427084736,20.124270759026587,1.4750021672082088,0.0,0.0,0.0,0.0,0.0,0.0,0.0,0.0,56.030503152900835,-0.13017169121828687,False,False,True,False,True,9.27437144069912,0,1.0238671739882392,0.9017640954686958,False,False,False,False,0.29150680807459184,0.2819831072024639,False,False,False,False,16362.0,10278.027954028015,False,False,False,False,575.1101577279402,False,False,False,False
2025-05-15 18:00:00+00:00,20.54,20.62,20.535,20.62,318.0,,,,,,,,,,,,,,,,,,,,,,,20.151261835331393,,,"rgba(38, 166, 154, 1.0)",0.0,0.0,0.28776103699841077,20.12790107374778,1.7100957495331088,0.0,0.0,0.0,0.0,0.0,0.0,0.0,0.0,59.133678262619455,2.9694934211952813,True,False,True,False,True,10.772682457604159,0,1.0255613126079448,0.894991364421416,False,False,False,False,0.2982586931679871,0.2901209001852255,False,False,False,False,16680.0,10377.28333458572,False,False,False,False,571.1239537321582,False,False,False,False
2025-05-15 19:00:00+00:00,20.62,20.67,20.6,20.635,536.0,,,,,,,,,,,,,,,,,,,,,,,20.15816281628163,,,"rgba(38, 166, 154, 1.0)",0.0,0.0,0.29043378554116206,20.13463671922183,1.7228136177264957,0.0,0.0,0.0,0.0,0.0,0.0,0.0,0.0,61.63207022060791,5.46236717876662,True,False,True,False,True,11.070105854909812,0,1.0419727177334734,0.8915704791885272,False,False,False,False,0.3243935115387861,0.3072572058620058,False,False,False,False,17216.0,10483.309949553382,False,False,False,False,570.5793963099542,False,False,False,False
2025-05-16 14:00:00+00:00,20.675,20.72,20.63,20.695,280.0,,,,,,,,,,,,,,,,,,,,,,,20.162035295360884,,,"rgba(38, 166, 154, 1.0)",0.0,0.0,0.29543748290677657,20.138495225602522,1.883663402903685,0.0,0.0,0.0,0.0,0.0,0.0,0.0,0.0,64.89219977060068,8.639740247166813,True,False,True,False,True,12.256041643968906,0,1.045518207282913,0.8764005602240896,False,False,False,False,0.34282820805185193,0.32504270695692883,False,False,False,False,17496.0,10592.033826304492,False,False,False,False,566.0742893904201,False,False,False,False
2025-05-16 15:00:00+00:00,20.695,20.75,20.695,20.735,300.0,,,,,,,,,,,,,,,,,,,,,,,20.16647515202349,,,"rgba(38, 166, 154, 1.0)",0.0,0.0,0.30073877503706764,20.142996910391112,1.9684960462312184,0.0,0.0,0.0,0.0,0.0,0.0,0.0,0.0,67.99064486538423,11.625475065190109,True,False,True,False,True,13.037967386643718,0,1.0563380281690142,0.8697183098591548,False,False,False,False,0.3428282093906182,0.3339354581737735,False,False,False,False,17796.0,10703.723224346282,False,False,False,False,561.9491066091732,False,False,False,False
2025-05-16 16:00:00+00:00,20.73,20.795,20.73,20.78,100.0,,,,,,,,,,,,,,,,,,,,,,,20.168048555195377,,,"rgba(38, 166, 154, 1.0)",0.0,0.0,0.30673495616463103,20.144615998958862,2.071443075761196,0.0,0.0,0.0,0.0,0.0,0.0,0.0,0.0,70.99770175867629,14.514298484034171,True,False,True,False,True,13.911897451252205,0,1.051619793520826,0.8764684941260236,False,False,False,False,0.34282821045945555,0.3383818343166145,False,False,False,False,17896.0,10815.231391410682,False,False,False,False,554.7871049563178,False,False,False,False
2025-05-16 17:00:00+00:00,20.78,20.815,20.78,20.805,300.0,,,,,,,,,,,,,,,,,,,,,,,20.172966210140423,,,"rgba(38, 166, 154, 1.0)",0.0,0.0,0.30609388832260703,20.14971130077743,2.14080948434988,0.0,0.0,0.0,0.0,0.0,0.0,0.0,0.0,73.49287828689344,16.943624066768578,True,False,True,False,True,14.396460654560297,0,1.0547210300429184,0.8726752503576537,False,False,False,False,0.3428282113539078,0.3406050228352612,False,False,False,False,18196.0,10929.661912474081,False,False,False,False,550.8369172825763,False,False,False,False
2025-05-16 18:00:00+00:00,20.805,20.84,20.8,20.825,36.0,,,,,,,,,,,,,,,,,,,,,,,20.17357140389068,,,"rgba(38, 166, 154, 1.0)",0.0,0.0,0.3077889033233533,20.15034005396008,2.191956690950433,0.0,0.0,0.0,0.0,0.0,0.0,0.0,0.0,75.5469946071943,19.012154318735384,True,False,True,False,True,14.786360073871322,0,1.0544929628293036,0.8765788523998558,False,False,False,False,0.3428282119099384,0.3417166173725998,False,False,False,False,18232.0,11042.87645646673,False,False,False,False,542.8549495727689,False,False,False,False
2025-05-16 19:00:00+00:00,20.825,20.87,20.815,20.87,763.0,,,,,,,,,,,,,,,,,,,,,,,20.1867193972199,,,"rgba(38, 166, 154, 1.0)",1.0,20.7775,0.3102661891152353,20.202157296148787,2.1524830203241128,0.0,0.0,0.0,0.0,0.0,0.0,0.0,0.0,77.73812063246532,21.25478626928387,True,False,True,False,True,15.662831696146085,0,1.052098408104197,0.872286541244573,False,False,False,False,0.3428282124517926,0.3422724149121962,False,False,False,False,18995.0,11166.165193575773,False,False,False,False,546.2680511297802,False,True,False,False
2025-05-19 14:00:00+00:00,20.585,20.66,20.585,20.635,100.0,,,,,,,,,,,,,,,,,,,,,,,20.187834571155783,,,"rgba(239, 83, 80, 1.0)",0.0,0.0,0.3081089809533739,20.20163375778575,1.4065355734626668,0.0,0.0,0.0,0.0,0.0,0.0,0.0,0.0,67.8158448395071,24.99910961527955,True,False,True,False,False,9.136673620119478,0,1.041354723707665,0.8741532976827094,False,False,False,False,0.25299685747068645,0.2976346361914413,False,False,False,False,18895.0,11285.992089799403,False,False,False,False,539.3491666161402,False,False,False,False
2025-05-19 15:00:00+00:00,20.635,20.68,20.635,20.665,993.0,,,,,,,,,,,,,,,,,,,,,,,20.199427397553823,,,"rgba(239, 83, 80, 1.0)",0.0,0.0,0.30445934949591763,20.206544643060557,1.50580153868978,0.0,0.0,0.0,0.0,0.0,0.0,0.0,0.0,62.178375213366564,20.0860118247804,True,False,True,False,False,9.748525022156873,0,1.0515759312320918,0.8678366762177651,False,False,False,False,0.26698966460679746,0.2823121503991194,False,False,False,False,19888.0,11419.356553523445,False,False,False,False,546.3825128701536,False,False,False,False
2025-05-19 16:00:00+00:00,20.665,20.72,20.66,20.705,1211.0,,,,,,,,,,,,,,,,,,,,,,,20.21383475373105,,,"rgba(239, 83, 80, 1.0)",0.0,0.0,0.3040062825334391,20.217960210478925,1.6020714620182293,0.0,0.0,0.0,0.0,0.0,0.0,0.0,0.0,59.69567782962707,17.998876689768792,False,False,True,False,False,10.562949120014093,0,1.0517118402282455,0.8591298145506421,False,False,False,False,0.2800749748595432,0.28119356262933126,False,False,False,False,21099.0,11569.428544941686,False,False,False,False,556.6866599574381,False,False,False,False
2025-05-19 17:00:00+00:00,20.705,20.725,20.685,20.685,1300.0,,,,,,,,,,,,,,,,,,,,,,,20.228497730182756,,,"rgba(239, 83, 80, 1.0)",0.0,0.0,0.3048761083480016,20.229959650927757,1.4925418444164693,0.0,0.0,0.0,0.0,0.0,0.0,0.0,0.0,57.274273672060495,15.74064483273905,False,True,True,False,False,10.021530571910578,0,1.0533428165007113,0.8591749644381222,False,False,False,False,0.28614576941742537,0.2836696660233783,False,False,False,False,19799.0,11697.01880005887,False,False,False,False,568.2108977875553,False,False,False,False
2025-05-19 18:00:00+00:00,20.685,20.7,20.65,20.675,149.0,,,,,,,,,,,,,,,,,,,,,,,20.230041179472906,,,"rgba(239, 83, 80, 1.0)",0.0,0.0,0.3026104444348568,20.231156095062904,1.4667170717322802,0.0,0.0,0.0,0.0,0.0,0.0,0.0,0.0,55.2566110209593,13.690523872664407,False,True,True,False,False,9.7479278575223,0,1.0506732813607371,0.8614457831325303,False,False,False,False,0.2740242347804104,0.27884695040189433,False,False,False,False,19650.0,11820.320834166485,False,False,False,False,561.7115040234072,False,False,False,False
2025-05-19 19:00:00+00:00,20.68,20.735,20.655,20.715,3678.0,,,,,,,,,,,,,,,,,,,,,,,20.26712036680775,,,"rgba(239, 83, 80, 1.0)",0.0,0.0,0.29997924853151003,20.261558693510334,1.5115755796755908,0.0,0.0,0.0,0.0,0.0,0.0,0.0,0.0,55.44140378116761,13.53566607708234,False,True,True,False,False,10.593892959652926,0,1.050739957716702,0.8597603946441157,False,False,False,False,0.2820963178278147,0.28047163411485454,False,False,False,False,23328.0,11998.734464644524,False,False,False,False,610.0260543486256,False,False,False,False
2025-05-20 14:00:00+00:00,20.77,20.835,20.77,20.785,137.0,,,,,,,,,,,,,,,,,,,,,,,20.26866660272669,,,"rgba(239, 83, 80, 1.0)",0.0,0.0,0.2983580894655428,20.262974929820874,1.7496595152296488,0.0,0.0,0.0,0.0,0.0,0.0,0.0,0.0,57.86672982242642,13.53566607708234,False,True,True,False,False,12.051221336434129,0,1.0545073375262055,0.8549965059399022,False,False,False,False,0.3261336870339087,0.3033026605743816,False,False,False,False,23465.0,12176.506023332204,False,False,False,False,602.6923170719027,False,False,False,False
2025-05-20 15:00:00+00:00,20.785,20.845,20.775,20.805,0.0,,,,,,,,,,,,,,,,,,,,,,,20.26866660272669,,,"rgba(239, 83, 80, 1.0)",0.0,0.0,0.29727489022845355,20.262974929820874,1.8233126577309746,0.0,0.0,0.0,0.0,0.0,0.0,0.0,0.0,60.078069421765925,13.53566607708234,False,False,True,False,True,12.463763171054236,0,1.0545897079276774,0.8550069541029209,False,False,False,False,0.32925031277477296,0.3162764866745773,False,False,False,False,23465.0,12351.521433823176,False,False,False,False,593.3482501405554,False,False,False,False
2025-05-20 16:00:00+00:00,20.805,20.805,20.775,20.805,100.0,,,,,,,,,,,,,,,,,,,,,,,20.269786008493025,,,"rgba(239, 83, 80, 1.0)",0.0,0.0,0.2944994990741633,20.26399638914033,1.8370272702006483,0.0,0.0,0.0,0.0,0.0,0.0,0.0,0.0,61.55229582132559,13.53566607708234,False,False,True,False,True,12.463763171054236,0,1.0626780626780625,0.8543447293447295,False,False,False,False,0.32095284619068415,0.3186146664326307,False,False,False,False,23465.0,12523.823427097235,False,False,False,False,585.6994400608568,False,False,False,False
2025-05-20 17:00:00+00:00,20.805,20.825,20.8,20.82,100.0,,,,,,,,,,,,,,,,,,,,,,,20.270943108583236,,,"rgba(239, 83, 80, 1.0)",0.0,0.0,0.29718267200581916,20.265069832252202,1.867303244843738,0.0,0.0,0.0,0.0,0.0,0.0,0.0,0.0,63.04905536774727,13.53566607708234,False,False,True,False,True,12.782186256156148,0,1.07124955245256,0.8460436806301471,False,False,False,False,0.3302905589995955,0.3244526127161131,False,False,False,False,23565.0,12695.004459235262,False,False,False,False,578.1692161839443,False,False,False,False
2025-05-20 18:00:00+00:00,20.82,20.82,20.725,20.735,0.0,,,,,,,,,,,,,,,,,,,,,,,20.270943108583236,,,"rgba(239, 83, 80, 1.0)",0.0,0.0,0.2976737890454281,20.265069832252202,1.5786749960577864,0.0,0.0,0.0,0.0,0.0,0.0,0.0,0.0,59.273273966382185,13.53566607708234,False,True,True,False,False,10.271579458104366,0,1.0651395848246241,0.8464566929133861,False,False,False,False,0.31372749098022334,0.3190900518481682,False,False,False,False,23565.0,12863.531521882776,False,False,False,False,569.205352367139,False,False,False,False
2025-05-20 19:00:00+00:00,20.74,20.75,20.705,20.74,32.0,,,,,,,,,,,,,,,,,,,,,,,20.271255788141648,,,"rgba(239, 83, 80, 1.0)",0.0,0.0,0.2987283408409699,20.265334611295074,1.5889533191549963,0.0,0.0,0.0,0.0,0.0,0.0,0.0,0.0,56.98374893323181,13.53566607708234,False,True,True,False,False,10.382509046391966,0,1.065232974910394,0.8480286738351256,False,False,False,False,0.2952242975167128,0.3071571746824405,False,False,False,False,23597.0,13029.941885884593,False,False,False,False,560.87658721416,False,False,False,False
2025-05-21 14:00:00+00:00,20.485,20.535,20.425,20.445,1617.0,,,,,,,,,,,,,,,,,,,,,,,20.277790285979883,,,"rgba(239, 83, 80, 1.0)",0.0,0.0,0.2968839218668467,20.266765045105263,0.6003523322313028,0.0,0.0,0.0,0.0,0.0,0.0,0.0,0.0,46.9980539281388,4.251259964775457,False,True,False,True,False,2.397002525095992,0,1.0538922155688621,0.8517083480098628,False,False,False,False,0.19071086476530094,0.24893401972387075,False,False,False,False,21980.0,13168.70247680111,False,False,False,False,577.2505936139405,False,False,False,False
2025-05-21 15:00:00+00:00,20.445,20.505,20.44,20.445,1405.0,,,,,,,,,,,,,,,,,,,,,,,20.282986068204018,,,"rgba(239, 83, 80, 1.0)",0.0,0.0,0.295026537209171,20.268303136524548,0.5989185418604438,0.0,0.0,0.0,0.0,0.0,0.0,0.0,0.0,40.340923924743464,-1.6076353513864987,False,True,False,True,False,2.397002525095992,0,1.0531726338177951,0.8610421836228292,False,False,False,False,0.15684501055286942,0.20288951513837009,False,False,False,False,21980.0,13305.311740726675,False,False,False,False,590.0839177439569,False,False,False,False
2025-05-21 16:00:00+00:00,20.445,20.46,20.425,20.445,160.0,,,,,,,,,,,,,,,,,,,,,,,20.2834957847403,,,"rgba(239, 83, 80, 1.0)",0.0,0.0,0.29353732669311183,20.26841821049465,0.6015650257998089,0.0,0.0,0.0,0.0,0.0,0.0,0.0,0.0,35.90283725581324,-5.413100782549137,False,True,False,True,False,2.397002525095992,0,1.043243243243243,0.8681081081081085,False,False,False,False,0.1315075823823329,0.1671985487603515,False,False,False,False,21980.0,13439.803031568123,False,False,False,False,583.4159500269964,False,False,False,False
2025-05-21 17:00:00+00:00,20.445,20.455,20.265,20.29,1476.0,,,,,,,,,,,,,,,,,,,,,,,20.285010583746715,,,"rgba(239, 83, 80, 1.0)",0.0,0.0,0.29178694559832186,20.265915043426812,0.08254295449647292,0.0,0.0,0.0,0.0,0.0,0.0,0.0,0.0,30.548277375018337,-10.1746895615588,False,True,False,True,False,0.0,0,1.0269010043041604,0.8780487804878054,False,False,False,False,0.08990177041492992,0.1285501595876407,False,False,False,False,20504.0,13549.325465187221,False,False,False,False,597.2544624296786,False,False,False,False
2025-05-21 18:00:00+00:00,20.29,20.295,20.195,20.205,946.0,,,,,,,,,,,,,,,,,,,,,,,20.28405402331533,,,"rgba(239, 83, 80, 1.0)",0.0,0.0,0.2910004798608684,20.262356601635528,-0.19710139881196206,0.0,0.0,0.0,0.0,0.0,0.0,0.0,0.0,26.046499917545997,-14.217869090678263,False,True,False,True,False,0.0,0,1.0143266475644699,0.8939828080229228,False,False,False,False,0.03238865189043969,0.0804694057390402,False,False,False,False,19558.0,13642.483209913,False,False,False,False,602.6613699889083,False,False,False,False
2025-05-21 19:00:00+00:00,20.205,20.225,20.165,20.165,259.0,,,,,,,,,,,,,,,,,,,,,,,20.283570094691974,,,"rgba(239, 83, 80, 1.0)",0.0,0.0,0.2901520570600743,20.261169342736835,-0.3314446353103906,0.0,0.0,0.0,0.0,0.0,0.0,0.0,0.0,22.65084852515443,-17.369877909355864,False,True,False,True,False,0.0,0,1.0238784370477565,0.8950795947901595,False,False,False,False,0.00747181168590187,0.043970608712471035,False,False,False,False,19299.0,13730.181144643031,False,False,False,False,597.3332867332663,False,False,False,False
2025-05-22 14:00:00+00:00,19.985,20.025,19.92,20.02,1006.0,,,,,,,,,,,,,,,,,,,,,,,20.27807197951377,,,"rgba(239, 83, 80, 1.0)",0.0,0.0,0.291536439395613,20.25244877028213,-0.7973232120280441,0.0,0.0,0.0,0.0,0.0,0.0,0.0,0.0,19.22045267946318,-20.700473865920642,False,True,False,True,False,0.0,0,1.0162220620043256,0.8994232155731798,False,False,False,False,-0.1310252610245142,-0.04352732615602158,False,False,False,False,18293.0,13800.922522245464,False,False,False,False,603.6692047684094,False,False,False,False
2025-05-22 15:00:00+00:00,20.02,20.085,20.0,20.075,300.0,,,,,,,,,,,,,,,,,,,,,,,20.276830786696127,,,"rgba(239, 83, 80, 1.0)",0.0,0.0,0.2922589558889065,20.250405950084847,-0.6001730538978695,0.0,0.0,0.0,0.0,0.0,0.0,0.0,0.0,19.447771797266633,-20.789713845480545,False,True,False,True,False,0.0,0,1.0115606936416182,0.8995664739884395,False,False,False,False,-0.09351818743388386,-0.06852275679495272,False,False,False,False,18593.0,13875.218297094372,False,False,False,False,598.9611550820774,False,False,False,False
2025-05-22 16:00:00+00:00,20.075,20.125,20.045,20.055,476.0,,,,,,,,,,,,,,,,,,,,,,,20.27507752999003,,,"rgba(239, 83, 80, 1.0)",0.0,0.0,0.29191943230098855,20.247484695767458,-0.6593760965148546,0.0,0.0,0.0,0.0,0.0,0.0,0.0,0.0,19.373685147616428,-21.44949022676839,False,True,False,True,False,0.0,0,1.0081511670989254,0.9095961467210081,False,False,False,False,-0.07088000556935208,-0.0697013811821524,False,False,False,False,18117.0,13940.982354503762,False,False,False,False,597.0547805846809,False,False,False,False
2025-05-22 17:00:00+00:00,20.055,20.155,20.035,20.135,816.0,,,,,,,,,,,,,,,,,,,,,,,20.27263087702894,,,"rgba(239, 83, 80, 1.0)",0.0,0.0,0.2898483293966526,20.243294794686474,-0.3736257335410495,0.0,0.0,0.0,0.0,0.0,0.0,0.0,0.0,22.898136722331994,-21.44949022676839,False,True,False,True,True,0.0,0,1.0239252336448597,0.8938317757009347,False,False,False,False,-0.06556475035334904,-0.06763306576775072,False,False,False,False,18933.0,14018.377976914555,False,False,False,False,600.4492801104998,False,False,False,False
2025-05-22 18:00:00+00:00,20.135,20.18,20.135,20.17,342.0,,,,,,,,,,,,,,,,,,,,,,,20.27195264562558,,,"rgba(239, 83, 80, 1.0)",0.0,0.0,0.28722142006493945,20.241997412200377,-0.25066867291477263,0.0,0.0,0.0,0.0,0.0,0.0,0.0,0.0,26.67974171950256,-21.44949022676839,False,True,False,True,True,0.0,0,1.037593984962406,0.8763157894736845,False,False,False,False,-0.032416183108935216,-0.05002462443834296,False,False,False,False,19275.0,14099.875992776346,False,False,False,False,596.4423145273913,False,False,False,False
2025-05-22 19:00:00+00:00,20.165,20.205,20.075,20.085,2662.0,,,,,,,,,,,,,,,,,,,,,,,20.26512752490788,,,"rgba(239, 83, 80, 1.0)",0.0,0.0,0.28444825682501024,20.230934105895006,-0.5130427147767069,0.0,0.0,0.0,0.0,0.0,0.0,0.0,0.0,27.56283219394248,-21.44949022676839,False,True,False,True,True,0.0,0,1.0300413067968452,0.8772061584678937,False,False,False,False,-0.041687481801261375,-0.04585605311980217,False,False,False,False,16613.0,14138.839155679038,False,False,False,False,628.4664646897573,False,False,False,False
2025-05-23 14:00:00+00:00,19.94,19.99,19.915,19.925,501.0,,,,,,,,,,,,,,,,,,,,,,,20.26240040935772,,,"rgba(239, 83, 80, 1.0)",-1.0,20.11625,0.28396979918086884,20.212408038808952,-1.0121077651144619,0.0,0.0,0.0,0.0,0.0,0.0,0.0,0.0,25.87306274881576,-21.44949022676839,False,True,False,True,True,0.0,0,1.0254586297266939,0.8858105578435044,True,False,False,False,-0.1418046508204164,-0.09383035197010929,False,False,False,False,16112.0,14169.43079667626,True,False,False,False,626.4902404310014,True,False,False,False
2025-05-23 15:00:00+00:00,19.925,20.045,19.925,19.995,999.0,,,,,,,,,,,,,,,,,,,,,,,20.257845997737714,,,"rgba(239, 83, 80, 1.0)",0.0,0.0,0.2838684665585144,20.208313937877026,-0.7514534476588451,0.0,0.0,0.0,0.0,0.0,0.0,0.0,0.0,27.405176881362003,-21.44949022676839,False,True,False,True,True,0.0,0,1.0273305877948333,0.8798202920254586,False,False,False,False,-0.12430364042611738,-0.10906699619811333,False,False,False,False,17111.0,14215.036520758798,False,False,False,False,632.2655855405983,False,False,False,False
2025-05-23 16:00:00+00:00,19.995,20.055,19.98,20.035,1065.0,,,,,,,,,,,,,,,,,,,,,,,20.25376375018389,,,"rgba(239, 83, 80, 1.0)",0.0,0.0,0.2808246062214554,20.2043543138553,-0.6030608077190716,0.0,0.0,0.0,0.0,0.0,0.0,0.0,0.0,29.864689233905274,-27.154561700804273,False,True,False,True,True,0.0,0,1.027088036117381,0.8844996237772764,False,False,False,False,-0.10687806616598454,-0.10797253118204894,False,False,False,False,18176.0,14276.44680725866,False,False,False,False,638.9746462298913,False,False,False,False
2025-05-23 17:00:00+00:00,20.035,20.135,20.035,20.105,1103.0,,,,,,,,,,,,,,,,,,,,,,,20.25089314002527,,,"rgba(239, 83, 80, 1.0)",0.0,0.0,0.2784305597030479,20.2022483519701,-0.34927326969358313,0.0,0.0,0.0,0.0,0.0,0.0,0.0,0.0,33.870862571974435,-23.06560789059609,False,True,False,True,True,0.0,0,1.0224971878515183,0.8811398575178102,False,False,False,False,-0.07088000556935208,-0.0894262683757005,False,False,False,False,19279.0,14354.00577148721,False,False,False,False,646.1688377612107,False,False,False,False
2025-05-23 18:00:00+00:00,20.105,20.145,20.095,20.125,171.0,,,,,,,,,,,,,,,,,,,,,,,20.250539321644926,,,"rgba(239, 83, 80, 1.0)",0.0,0.0,0.2771171573881611,20.202019670897993,-0.2779318019277702,0.0,0.0,0.0,0.0,0.0,0.0,0.0,0.0,37.19658206493155,-19.742022026262894,False,True,False,True,True,0.0,0,1.024868123587038,0.8865862848530521,False,False,False,False,-0.05229212284595586,-0.07085919561082818,False,False,False,False,19450.0,14433.01343394477,False,False,False,False,638.8018790362307,False,False,False,False
2025-05-23 19:00:00+00:00,20.125,20.155,20.085,20.115,435.0,,,,,,,,,,,,,,,,,,,,,,,20.24962487411884,,,"rgba(239, 83, 80, 1.0)",0.0,0.0,0.2766439315525298,20.201333555900547,-0.3120746419993502,0.0,0.0,0.0,0.0,0.0,0.0,0.0,0.0,39.14096305800149,-17.71590049117148,False,True,False,True,True,0.0,0,1.0195783132530118,0.8862951807228917,False,False,False,False,-0.05229212284595407,-0.06157565922839112,False,False,False,False,19015.0,14504.051985356478,False,False,False,False,635.6421599814054,False,False,False,False
2025-05-26 14:00:00+00:00,20.115,20.115,20.115,20.115,0.0,,,,,,,,,,,,,,,,,,,,,,,20.24962487411884,,,"rgba(239, 83, 80, 1.0)",0.0,0.0,0.2741478689576666,20.201333555900547,-0.3149160204264799,0.0,0.0,0.0,0.0,0.0,0.0,0.0,0.0,40.43721705338145,-16.222683406468846,False,True,False,True,True,0.0,0,1.020817562452687,0.8906131718395158,False,False,False,False,-0.054945027130193135,-0.05826034317929213,False,False,False,False,19015.0,14573.989163878083,False,False,False,False,625.7872427723913,False,False,False,False
2025-05-26 15:00:00+00:00,20.115,20.115,20.115,20.115,0.0,,,,,,,,,,,,,,,,,,,,,,,20.24962487411884,,,"rgba(239, 83, 80, 1.0)",0.0,0.0,0.27304624562924884,20.201333555900547,-0.3161865701598952,0.0,0.0,0.0,0.0,0.0,0.0,0.0,0.0,41.301386383634764,-15.05247861368035,False,True,False,True,True,0.0,0,1.022493328250095,0.8902020587113993,False,False,False,False,-0.054945027130193135,-0.056602685154742635,False,False,False,False,19015.0,14642.842045058267,False,False,False,False,616.0851149774705,False,False,False,False
2025-05-26 16:00:00+00:00,20.115,20.115,20.115,20.115,0.0,,,,,,,,,,,,,,,,,,,,,,,20.24962487411884,,,"rgba(239, 83, 80, 1.0)",0.0,0.0,0.27004100456064056,20.201333555900547,-0.31970535749196327,0.0,0.0,0.0,0.0,0.0,0.0,0.0,0.0,41.8774992704703,-14.08395971961324,False,True,False,True,True,0.0,0,1.037281553398058,0.885825242718447,False,False,False,False,-0.054945027130193135,-0.05577385614246788,False,False,False,False,19015.0,14710.627439708525,False,False,False,False,606.5334077685175,False,False,False,False
2025-05-26 17:00:00+00:00,20.115,20.115,20.115,20.115,0.0,,,,,,,,,,,,,,,,,,,,,,,20.24962487411884,,,"rgba(239, 83, 80, 1.0)",0.0,0.0,0.2687199050821563,20.201333555900547,-0.3212771151960385,0.0,0.0,0.0,0.0,0.0,0.0,0.0,0.0,42.26157452836067,-13.248693783280366,False,True,False,True,True,0.0,0,1.0347792106291518,0.8847205939820246,False,False,False,False,-0.054945027130193135,-0.05535944163633051,False,False,False,False,19015.0,14777.361898007617,False,False,False,False,597.1297890434241,False,False,False,False
2025-05-26 18:00:00+00:00,20.115,20.115,20.115,20.115,0.0,,,,,,,,,,,,,,,,,,,,,,,20.24962487411884,,,"rgba(239, 83, 80, 1.0)",0.0,0.0,0.27033807662934106,20.201333555900547,-0.3193540361645759,0.0,0.0,0.0,0.0,0.0,0.0,0.0,0.0,42.51762470028757,-12.509075861877307,False,False,False,True,True,0.0,0,1.0317896389324959,0.8854003139717428,False,False,False,False,-0.054945027130193135,-0.05515223438326182,False,False,False,False,19015.0,14843.061713542382,False,False,False,False,587.8719628567044,False,False,False,False
2025-05-26 19:00:00+00:00,20.115,20.115,20.115,20.115,0.0,,,,,,,,,,,,,,,,,,,,,,,20.24962487411884,,,"rgba(239, 83, 80, 1.0)",0.0,0.0,0.2725806765440302,20.201333555900547,-0.31672661831772564,0.0,0.0,0.0,0.0,0.0,0.0,0.0,0.0,42.688324814905506,-11.844894376569826,False,False,False,True,True,0.0,0,1.036478984932593,0.885804916732752,False,False,False,False,-0.054945027130193135,-0.055048630756727474,False,False,False,False,19015.0,14907.74292728591,False,False,False,False,578.757668858926,False,False,False,False
2025-05-27 14:00:00+00:00,20.23,20.375,20.21,20.365,58.0,,,,,,,,,,,,,,,,,,,,,,,20.24968664612062,,,"rgba(38, 166, 154, 1.0)",0.0,0.0,0.27157241497720724,20.201568228091606,0.6017981315300711,0.0,0.0,0.0,0.0,0.0,0.0,0.0,0.0,52.591879846154384,-2.434538003545512,True,False,True,False,True,2.5254631753269408,0,1.0352802822422575,0.873774990199922,False,False,False,False,0.03903782499828985,-0.00800540287921881,False,False,False,False,19073.0,14972.320556320237,False,False,False,False,570.6839065510356,False,False,False,False
2025-05-27 15:00:00+00:00,20.365,20.405,20.34,20.375,100.0,,,,,,,,,,,,,,,,,,,,,,,20.249882761282418,,,"rgba(38, 166, 154, 1.0)",0.0,0.0,0.2707193121037391,20.202122226868102,0.6385867775315983,0.0,0.0,0.0,0.0,0.0,0.0,0.0,0.0,59.40284355381803,3.5807389060760357,True,False,True,False,True,2.772687091842748,0,1.0407683261466087,0.8722069776558217,False,False,False,False,0.08152277267924464,0.03675868490001291,False,False,False,False,19173.0,15037.447369400543,False,False,False,False,563.3864816432676,False,False,False,False
2025-05-27 16:00:00+00:00,20.375,20.435,20.375,20.42,1065.0,,,,,,,,,,,,,,,,,,,,,,,20.25254251607839,,,"rgba(38, 166, 154, 1.0)",0.0,0.0,0.26889706326140167,20.208119152297833,0.7879626691801911,0.0,0.0,0.0,0.0,0.0,0.0,0.0,0.0,64.8692868822954,8.224182536868412,True,False,True,False,True,3.886578985304933,0,1.0393081761006286,0.8761792452830195,False,False,False,False,0.09885782741531106,0.06780825615766198,False,False,False,False,20238.0,15118.076092355574,False,False,False,False,571.1634354162402,False,False,False,False
2025-05-27 17:00:00+00:00,20.42,20.465,20.395,20.455,303.0,,,,,,,,,,,,,,,,,,,,,,,20.25341643897997,,,"rgba(38, 166, 154, 1.0)",0.0,0.0,0.266950158994826,20.209782539416434,0.9185889287607325,0.0,0.0,0.0,0.0,0.0,0.0,0.0,0.0,69.18019587610446,11.843084998595252,True,False,True,False,True,4.7464617461045435,0,1.04253643166601,0.8719968491532102,False,False,False,False,0.11223235952302263,0.0900203078403423,False,False,False,False,20541.0,15202.152432008976,False,False,False,False,567.0058627741279,False,False,False,False
2025-05-27 18:00:00+00:00,20.455,20.485,20.445,20.475,15.0,,,,,,,,,,,,,,,,,,,,,,,20.25346647317803,,,"rgba(38, 166, 154, 1.0)",0.0,0.0,0.2650254619757709,20.20987365701598,1.0003806464763765,0.0,0.0,0.0,0.0,0.0,0.0,0.0,0.0,72.42742326255373,14.616189900967328,True,False,True,False,True,5.238320577263078,0,1.0505329648637975,0.8641926569285436,False,False,False,False,0.13102520720523092,0.11052275752278662,False,False,False,False,20556.0,15285.157820659999,False,False,False,False,558.4476323435211,False,False,False,False
2025-05-27 19:00:00+00:00,20.475,20.495,20.455,20.49,300.0,,,,,,,,,,,,,,,,,,,,,,,20.254516357438224,,,"rgba(38, 166, 154, 1.0)",0.0,0.0,0.26207654820126935,20.225144635929475,1.010603069554779,0.0,0.0,0.0,0.0,0.0,0.0,0.0,0.0,74.87910320845089,16.831712796928826,True,False,True,False,True,5.610115643933952,0,1.0541716093317512,0.8596283115856074,False,False,False,False,0.136410963809083,0.1234668606659348,False,False,False,False,20856.0,15371.527466851316,False,False,False,False,554.4406923071874,False,False,False,False
2025-05-28 14:00:00+00:00,20.395,20.4,20.285,20.315,700.0,,,,,,,,,,,,,,,,,,,,,,,20.25535956452854,,,"rgba(239, 83, 80, 1.0)",0.0,0.0,0.26069135386881753,20.22151275608146,0.3586127523262072,0.0,0.0,0.0,0.0,0.0,0.0,0.0,0.0,67.23474574035033,16.831712796928826,True,False,True,False,False,0.8008216873418021,0,1.0374999999999999,0.8652343750000004,False,False,False,False,0.06556469721978771,0.09451577894286126,False,False,False,False,20156.0,15445.705335582303,False,False,False,False,556.6974257597892,False,False,False,False
2025-05-28 15:00:00+00:00,20.315,20.345,20.225,20.235,335.0,,,,,,,,,,,,,,,,,,,,,,,20.255425650538783,,,"rgba(239, 83, 80, 1.0)",0.0,0.0,0.2598652110766329,20.220322095836565,0.056482759283643325,0.0,0.0,0.0,0.0,0.0,0.0,0.0,0.0,59.504195652350084,18.952634483904063,True,False,True,False,False,0.0,0,1.0299961044020256,0.8753408648227506,False,False,False,False,0.0350644346182465,0.06479010678055389,False,False,False,False,19821.0,15513.539361387227,False,False,False,False,553.2602563681645,False,False,False,False
2025-05-28 16:00:00+00:00,20.24,20.285,20.235,20.275,0.0,,,,,,,,,,,,,,,,,,,,,,,20.255425650538783,,,"rgba(239, 83, 80, 1.0)",0.0,0.0,0.2580021125689964,20.220322095836565,0.21192812577769682,0.0,0.0,0.0,0.0,0.0,0.0,0.0,0.0,55.82087787015526,15.776426304409881,True,False,True,False,False,0.0,0,1.0333333333333328,0.8807843137254905,False,False,False,False,0.021827084730266167,0.043308595755410025,False,False,False,False,19821.0,15580.321696869596,False,False,False,False,544.6825779748597,False,False,False,False
2025-05-28 17:00:00+00:00,20.275,20.295,20.22,20.22,0.0,,,,,,,,,,,,,,,,,,,,,,,20.255425650538783,,,"rgba(239, 83, 80, 1.0)",0.0,0.0,0.25865631654777976,20.220322095836565,-0.0012452656902598835,0.0,0.0,0.0,0.0,0.0,0.0,0.0,0.0,51.6098634298707,11.912841516512017,True,False,False,False,False,0.0,0,1.027472527472527,0.8806907378335953,False,False,False,False,0.020503846749865932,0.03190622125263798,False,False,False,False,19821.0,15646.068647305725,False,False,False,False,536.2378868434665,False,False,False,False
2025-05-28 18:00:00+00:00,20.23,20.255,20.155,20.215,1700.0,,,,,,,,,,,,,,,,,,,,,,,20.254239024101032,,,"rgba(239, 83, 80, 1.0)",0.0,0.0,0.25980358138577725,20.21499944877461,2.1217005082288426e-06,0.0,0.0,0.0,0.0,0.0,0.0,0.0,0.0,48.64425660379734,9.054031227107814,False,False,False,True,False,0.0,0,1.0207761662093295,0.8855350842806747,False,False,False,False,-0.0072747032941922335,0.012315758979222872,False,False,False,False,18121.0,15684.439676029668,False,False,False,False,554.2807103032577,False,False,False,False
2025-05-28 19:00:00+00:00,20.215,20.235,20.145,20.16,5.0,,,,,,,,,,,,,,,,,,,,,,,20.254233522550432,,,"rgba(239, 83, 80, 1.0)",0.0,0.0,0.26067329661387073,20.21498526514187,-0.21093554980937698,0.0,0.0,0.0,0.0,0.0,0.0,0.0,0.0,44.96216325219,5.392106009197057,False,False,False,True,False,0.0,0,1.0192913385826767,0.892125984251969,False,False,False,False,-0.015211619255961963,-0.001447930138369545,False,False,False,False,18116.0,15722.138285703626,False,False,False,False,545.7647302985561,False,False,False,False
2025-05-29 14:00:00+00:00,20.19,20.23,20.13,20.165,3.0,,,,,,,,,,,,,,,,,,,,,,,20.25422999970359,,,"rgba(239, 83, 80, 1.0)",0.0,0.0,0.26130953996295536,20.214976220348472,-0.19125294987530006,0.0,0.0,0.0,0.0,0.0,0.0,0.0,0.0,42.75911004086606,3.005068014291041,False,False,False,True,False,0.0,0,1.0105882352941171,0.8929411764705886,False,False,False,False,-0.020503899677918522,-0.010975914908144034,False,False,False,False,18119.0,15759.298932436903,False,False,False,False,537.3497732396637,False,False,False,False
2025-05-29 15:00:00+00:00,20.165,20.175,20.04,20.06,837.0,,,,,,,,,,,,,,,,,,,,,,,20.25223814612581,,,"rgba(239, 83, 80, 1.0)",0.0,0.0,0.2635617437959628,20.210519510938106,-0.5710977199127661,0.0,0.0,0.0,0.0,0.0,0.0,0.0,0.0,38.448408074825835,-1.4021523355746979,False,True,False,True,False,0.0,0,1.0042868277474666,0.8975058456742016,False,False,False,False,-0.05892584442838793,-0.03495087966826598,False,False,False,False,17282.0,15782.906700926253,False,False,False,False,541.9955131894363,False,False,False,False
2025-05-29 16:00:00+00:00,20.055,20.16,20.035,20.155,37.0,,,,,,,,,,,,,,,,,,,,,,,20.252164754881882,,,"rgba(239, 83, 80, 1.0)",0.0,0.0,0.264147225532908,20.21917266662313,-0.24294280015117745,0.0,0.0,0.0,0.0,0.0,0.0,0.0,0.0,39.89073503980924,-1.4021523355746979,False,False,False,True,False,0.0,0,1.0163934426229506,0.8936425429828072,False,False,False,False,-0.09323700019815558,-0.06409393993321078,False,False,False,False,17319.0,15806.722100911891,False,False,False,False,534.1661253880497,False,False,False,False
2025-05-29 17:00:00+00:00,20.155,20.185,20.145,20.165,0.0,,,,,,,,,,,,,,,,,,,,,,,20.252164754881882,,,"rgba(239, 83, 80, 1.0)",0.0,0.0,0.2646688054466431,20.21917266662313,-0.20468096544929767,0.0,0.0,0.0,0.0,0.0,0.0,0.0,0.0,41.26018141359877,-1.4021523355746979,False,False,False,True,False,0.0,0,1.0185259766411598,0.8977043898509872,False,False,False,False,-0.06318286743242507,-0.06363840368281792,False,False,False,False,17319.0,15830.168269890002,False,False,False,False,525.8844800331963,False,False,False,False
2025-05-29 18:00:00+00:00,20.165,20.22,20.155,20.195,0.0,,,,,,,,,,,,,,,,,,,,,,,20.252164754881882,,,"rgba(239, 83, 80, 1.0)",0.0,0.0,0.2641845348775078,20.21917266662313,-0.09149917361490538,0.0,0.0,0.0,0.0,0.0,0.0,0.0,0.0,43.42966931802088,-1.4021523355746979,False,False,False,True,True,0.0,0,1.0157384987893463,0.8950766747376921,False,False,False,False,-0.06398240720801536,-0.06381040544541663,False,False,False,False,17319.0,15853.250932372328,False,False,False,False,517.7312322807436,False,False,False,False
2025-05-29 19:00:00+00:00,20.195,20.25,20.195,20.25,51.0,,,,,,,,,,,,,,,,,,,,,,,20.252149470996166,,,"rgba(239, 83, 80, 1.0)",0.0,0.0,0.2634417897307742,20.22248847643977,0.10443112912474563,0.0,0.0,0.0,0.0,0.0,0.0,0.0,0.0,46.99846143555179,-1.4021523355746979,False,False,False,True,True,0.0,0,1.0170385395537527,0.8965517241379314,False,False,False,False,-0.05609652962848772,-0.059953467536952174,False,False,False,False,17370.0,15876.76642179291,False,False,False,False,510.495089144608,False,False,False,False
2025-05-30 14:00:00+00:00,20.225,20.305,20.22,20.265,655.0,,,,,,,,,,,,,,,,,,,,,,,20.2522555536247,,,"rgba(239, 83, 80, 1.0)",0.0,0.0,0.2620440613524129,20.226404322982724,0.14728697463351786,0.0,0.0,0.0,0.0,0.0,0.0,0.0,0.0,49.928862912735454,-8.452604984609742,True,False,False,False,True,0.0,0,1.0167006109979633,0.8953156822810595,False,False,False,False,-0.03545640618532816,-0.04770493686114016,False,False,False,False,18025.0,15910.072368741858,False,False,False,False,512.7354753594203,False,False,False,False
2025-05-30 15:00:00+00:00,20.265,20.305,20.23,20.245,512.0,,,,,,,,,,,,,,,,,,,,,,,20.25231255210879,,,"rgba(239, 83, 80, 1.0)",0.0,0.0,0.26029406447319786,20.22672993005791,0.07019011355125164,0.0,0.0,0.0,0.0,0.0,0.0,0.0,0.0,50.92832083674817,-7.065948127578885,True,False,False,False,True,0.0,0,1.0193415637860082,0.897942386831276,False,False,False,False,-0.0375721775856038,-0.04263855722337198,False,False,False,False,17513.0,15934.923959924154,False,False,False,False,512.7240726406695,False,False,False,False
2025-05-30 16:00:00+00:00,20.245,20.285,20.175,20.225,2764.0,,,,,,,,,,,,,,,,,,,,,,,20.251396216415504,,,"rgba(239, 83, 80, 1.0)",0.0,0.0,0.2596554022698265,20.224451453421132,0.0021125945159402347,0.0,0.0,0.0,0.0,0.0,0.0,0.0,0.0,50.631860950964786,-6.82447592623592,True,False,False,False,True,0.0,0,1.0016481252575196,0.9077049855789044,False,False,False,False,-0.06160325895240299,-0.05212090808788748,False,False,False,False,14749.0,15916.537541940832,False,False,False,False,547.6275753904266,False,False,False,False
2025-05-30 17:00:00+00:00,20.215,20.285,20.215,20.255,700.0,,,,,,,,,,,,,,,,,,,,,,,20.251398808708753,,,"rgba(239, 83, 80, 1.0)",0.0,0.0,0.26005529557525703,20.224618636736984,0.11682655104488164,0.0,0.0,0.0,0.0,0.0,0.0,0.0,0.0,51.838517045667324,-5.0959554301547385,True,False,True,False,True,0.0,0,1.0083022000830222,0.9078455790784561,False,False,False,False,-0.04877960007874235,-0.05045025408331492,False,False,False,False,15449.0,15909.288897879735,False,False,False,False,549.989938562668,False,False,False,False
2025-05-30 18:00:00+00:00,20.265,20.305,20.265,20.305,401.0,,,,,,,,,,,,,,,,,,,,,,,20.251618707811872,,,"rgba(239, 83, 80, 1.0)",0.0,0.0,0.26018621190378716,20.225196593750304,0.30671650763417607,0.0,0.0,0.0,0.0,0.0,0.0,0.0,0.0,54.72482421715574,-1.8869068598999519,True,False,True,False,True,1.1428599670677322,0,1.0162162162162163,0.8931392931392933,False,False,False,False,-0.036135151831801875,-0.043292702957558396,False,False,False,False,15850.0,15908.369690160667,False,False,False,False,547.6800170345646,False,False,False,False
2025-05-30 19:00:00+00:00,20.305,20.355,20.25,20.27,230.0,,,,,,,,,,,,,,,,,,,,,,,20.25174375404443,,,"rgba(239, 83, 80, 1.0)",0.0,0.0,0.260476486462747,20.242218957135215,0.1066547051599526,0.0,0.0,0.0,0.0,0.0,0.0,0.0,0.0,54.6914493112882,-1.4525955180615426,True,False,True,False,True,0.1456376010682483,0,1.0128577353795103,0.8917461634176692,False,False,False,False,-0.026406166195225535,-0.03484943457639197,False,False,False,False,15620.0,15903.8988422512,False,False,False,False,542.7547454526333,False,False,False,False
2025-06-02 14:00:00+00:00,20.02,20.185,19.98,20.165,501.0,,,,,,,,,,,,,,,,,,,,,,,20.250786206772563,,,"rgba(239, 83, 80, 1.0)",0.0,0.0,0.2615988952231254,20.23728266492425,-0.276311048112799,0.0,0.0,0.0,0.0,0.0,0.0,0.0,0.0,50.17585437321392,-1.4525955180615426,True,False,False,False,False,0.0,0,0.9930838079739625,0.9003254678600492,True,False,False,False,-0.18523573550707034,-0.11004258504173116,False,False,False,False,15119.0,15891.729867952732,False,False,False,False,542.1073850580188,False,False,False,False
2025-06-02 15:00:00+00:00,20.165,20.185,20.105,20.145,440.0,,,,,,,,,,,,,,,,,,,,,,,20.25016228340617,,,"rgba(239, 83, 80, 1.0)",0.0,0.0,0.2628516863346836,20.236406539456944,-0.3477494884341661,0.0,0.0,0.0,0.0,0.0,0.0,0.0,0.0,46.476633565784596,2.5952042860658935,False,False,False,True,False,0.0,0,1.0044934640522876,0.9048202614379087,False,False,False,False,-0.18206859226938066,-0.1460555886555559,False,False,False,False,14679.0,15872.9278544961,False,False,False,False,540.5243248245612,False,False,False,False
2025-06-02 16:00:00+00:00,20.145,20.16,20.105,20.145,758.0,,,,,,,,,,,,,,,,,,,,,,,20.249020700636944,,,"rgba(239, 83, 80, 1.0)",0.0,0.0,0.2640602579332941,20.233999531429998,-0.3370425073676963,0.0,0.0,0.0,0.0,0.0,0.0,0.0,0.0,44.010486360831706,0.1744793016481907,False,False,False,True,False,0.0,0,1.0045833333333334,0.9291666666666668,False,False,False,False,-0.19153263630401843,-0.16879411247978715,False,False,False,False,14679.0,15854.417345124068,False,False,False,False,543.896040718754,False,False,False,False
2025-06-02 17:00:00+00:00,20.15,20.165,20.115,20.125,0.0,,,,,,,,,,,,,,,,,,,,,,,20.249020700636944,,,"rgba(239, 83, 80, 1.0)",0.0,0.0,0.26506191695488424,20.233999531429998,-0.41122290475455314,0.0,0.0,0.0,0.0,0.0,0.0,0.0,0.0,41.58786756137932,-2.2233671143491023,False,True,False,True,False,0.0,1,0.9987458193979932,0.9285117056856189,False,False,False,False,-0.1858502479460358,-0.17732218021291146,False,False,False,False,14679.0,15836.193820393462,False,False,False,False,535.4635439634244,False,False,False,False
2025-06-02 18:00:00+00:00,20.125,20.185,20.105,20.185,105.0,,,,,,,,,,,,,,,,,,,,,,,20.24889452063871,,,"rgba(239, 83, 80, 1.0)",0.0,0.0,0.2650297960471068,20.23386976987501,-0.1843934931237897,0.0,0.0,0.0,0.0,0.0,0.0,0.0,0.0,43.512112716228216,-2.2233671143491023,False,True,False,True,False,0.0,0,0.9937212222687317,0.9313520301381333,False,False,False,False,-0.18206859226938066,-0.17969538624114606,False,False,False,False,14784.0,15819.880737906742,False,False,False,False,528.7896905686425,False,False,False,False
2025-06-02 19:00:00+00:00,20.185,20.205,20.145,20.195,1438.0,,,,,,,,,,,,,,,,,,,,,,,20.247637435037213,,,"rgba(239, 83, 80, 1.0)",0.0,0.0,0.26452748967313616,20.233470245051087,-0.1454300462255285,0.0,0.0,0.0,0.0,0.0,0.0,0.0,0.0,45.33032478844109,-2.2233671143491023,False,False,False,True,True,0.0,0,0.9945629443747385,0.9284818067754083,False,False,False,False,-0.15948257723618414,-0.1695889817386651,False,False,False,False,16222.0,15826.115145070979,False,False,False,False,542.8859744357953,False,False,False,False
2025-06-03 14:00:00+00:00,20.12,20.245,20.08,20.235,505.0,,,,,,,,,,,,,,,,,,,,,,,20.247239669457077,,,"rgba(239, 83, 80, 1.0)",0.0,0.0,0.2638752776637868,20.233202014696918,0.006813769440623749,0.0,0.0,0.0,0.0,0.0,0.0,0.0,0.0,48.59618793635393,-7.491044238155311,False,False,False,False,True,0.0,1,0.9883865615927001,0.9278307756117795,False,False,False,False,-0.1688725320988066,-0.16923075691873585,False,False,False,False,16727.0,15840.082352124142,False,False,False,False,542.2985949871784,False,False,False,False
2025-06-03 15:00:00+00:00,20.235,20.32,20.225,20.315,1171.0,,,,,,,,,,,,,,,,,,,,,,,20.24782721846804,,,"rgba(239, 83, 80, 1.0)",0.0,0.0,0.2619512195837614,20.23724532205789,0.2968288449493067,0.0,0.0,0.0,0.0,0.0,0.0,0.0,0.0,53.96852155234519,-2.429754595219137,True,False,True,False,True,1.8088299978230502,1,0.9995864350703061,0.9222497932175353,False,False,False,False,-0.0870614336545193,-0.12814609528662757,False,False,False,False,17898.0,15871.988052091208,False,False,False,False,552.0459035920283,False,False,False,False
2025-06-03 16:00:00+00:00,20.315,20.335,20.295,20.335,597.0,,,,,,,,,,,,,,,,,,,,,,,20.24838397999394,,,"rgba(239, 83, 80, 1.0)",0.0,0.0,0.2597088980217858,20.239590693315225,0.3673701879739676,0.0,0.0,0.0,0.0,0.0,0.0,0.0,0.0,58.21669042797514,1.4504602959951356,True,False,True,False,True,2.3818743617109064,0,1.016283924843424,0.9189979123173277,False,False,False,False,-0.055819706157829205,-0.0919829007222284,False,False,False,False,18495.0,15912.65490399677,False,False,False,False,552.7428663270356,False,False,False,False
2025-06-03 17:00:00+00:00,20.335,20.365,20.32,20.335,285.0,,,,,,,,,,,,,,,,,,,,,,,20.24871257598067,,,"rgba(239, 83, 80, 1.0)",0.0,0.0,0.25634026865342885,20.240788054421206,0.3675269050535698,0.0,0.0,0.0,0.0,0.0,0.0,0.0,0.0,61.04880301172844,4.034520276626267,True,False,True,False,True,2.381874361710917,0,1.0112923462986199,0.9176076955248852,False,False,False,False,-0.03566611774209905,-0.06382450923216372,False,False,False,False,18495.0,15952.691262074339,False,False,False,False,548.5918141359188,False,False,False,False
2025-06-03 18:00:00+00:00,20.335,20.38,20.315,20.345,605.0,,,,,,,,,,,,,,,,,,,,,,,20.249452743153565,,,"rgba(239, 83, 80, 1.0)",0.0,0.0,0.2520136382695443,20.257287916145636,0.34804498858331506,0.0,0.0,0.0,0.0,0.0,0.0,0.0,0.0,63.321034475444,6.201346237376178,True,False,True,False,True,2.676673224332152,0,1.0100334448160535,0.9168060200668897,False,False,False,False,-0.03200541659213487,-0.04791496291214929,False,False,False,False,19100.0,16001.486746383263,False,False,False,False,549.4663596531914,False,False,False,False
2025-06-03 19:00:00+00:00,20.35,20.355,20.29,20.315,1327.0,,,,,,,,,,,,,,,,,,,,,,,20.250602918350882,,,"rgba(239, 83, 80, 1.0)",0.0,0.0,0.24641945854483266,20.25957435326821,0.2249239855451892,0.0,0.0,0.0,0.0,0.0,0.0,0.0,0.0,62.46905443444501,6.201346237376178,True,False,True,False,True,1.723212676437683,0,1.0117056856187288,0.915551839464883,False,False,False,False,-0.05031946678106539,-0.049117214846607346,False,False,False,False,17773.0,16028.952068144763,False,False,False,False,561.5211447748472,False,False,False,False
2025-06-04 14:00:00+00:00,20.23,20.28,20.2,20.235,35.0,,,,,,,,,,,,,,,,,,,,,,,20.25059764454487,,,"rgba(239, 83, 80, 1.0)",0.0,0.0,0.2400457351317329,20.259478666918948,-0.10197501282626524,0.0,0.0,0.0,0.0,0.0,0.0,0.0,0.0,57.06230361005095,6.201346237376178,True,False,True,False,False,0.0,0,0.9983367983367978,0.9226611226611227,False,False,False,False,-0.11106386490289173,-0.08009053987474954,False,False,False,False,17738.0,16055.448935305309,False,False,False,False,553.3580262512062,False,False,False,False
2025-06-04 15:00:00+00:00,20.235,20.245,20.195,20.205,961.0,,,,,,,,,,,,,,,,,,,,,,,20.250182427265774,,,"rgba(239, 83, 80, 1.0)",0.0,0.0,0.23280941824849893,20.256566142029232,-0.22149508562489786,0.0,0.0,0.0,0.0,0.0,0.0,0.0,0.0,52.04636111743997,9.538586553145286,False,False,False,False,False,0.0,0,1.0041753653444674,0.9231732776617956,False,False,False,False,-0.12589643882450596,-0.10299348934962775,False,False,False,False,16777.0,16066.635773517628,False,False,False,False,559.6780568519627,False,False,False,False
2025-06-04 16:00:00+00:00,20.205,20.23,20.185,20.22,2201.0,,,,,,,,,,,,,,,,,,,,,,,20.249180261654253,,,"rgba(239, 83, 80, 1.0)",0.0,0.0,0.22346624389858438,20.252553336557142,-0.14567451436610163,0.0,0.0,0.0,0.0,0.0,0.0,0.0,0.0,49.64906247390358,7.291285652765019,False,True,False,False,False,0.0,0,1.0134453781512602,0.9163865546218489,False,False,False,False,-0.13519444925177102,-0.11909396930069938,False,False,False,False,18978.0,16111.77320338557,False,False,False,False,585.1249086837151,False,False,False,False
2025-06-04 17:00:00+00:00,20.215,20.255,20.215,20.245,1.0,,,,,,,,,,,,,,,,,,,,,,,20.24918013342633,,,"rgba(239, 83, 80, 1.0)",0.0,0.0,0.22002954347082465,20.252552886446114,-0.034326692347634205,0.0,0.0,0.0,0.0,0.0,0.0,0.0,0.0,49.596940914769775,7.034685878010059,False,True,False,False,False,0.0,0,1.0105218855218852,0.9154040404040408,False,False,False,False,-0.11476719692705652,-0.11693058311387794,False,False,False,False,18979.0,16156.22633201525,False,False,False,False,576.0687085490839,False,False,False,False
2025-06-04 18:00:00+00:00,20.245,20.255,20.18,20.185,1275.0,,,,,,,,,,,,,,,,,,,,,,,20.24854886295701,,,"rgba(239, 83, 80, 1.0)",0.0,0.0,0.2160010635608979,20.250725308816293,-0.3042823388587795,0.0,0.0,0.0,0.0,0.0,0.0,0.0,0.0,46.5090447300548,3.8272034552394345,False,True,False,True,False,0.0,0,1.0114261531950908,0.9179009733389762,False,False,False,False,-0.12775425885454908,-0.12234242098421351,False,False,False,False,17704.0,16180.222822991758,False,False,False,False,586.9048526025865,False,False,False,False
2025-06-04 19:00:00+00:00,20.185,20.195,20.11,20.115,6809.0,,,,,,,,,,,,,,,,,,,,,,,20.240573581512454,,,"rgba(239, 83, 80, 1.0)",0.0,0.0,0.2112411413995851,20.233777319285576,-0.5622830784695358,0.0,0.0,0.0,0.0,0.0,0.0,0.0,0.0,41.82300492887751,-0.7594939071831348,False,True,False,True,False,0.0,0,1.008890770533446,0.91532599491956,False,False,False,False,-0.1778518169326361,-0.1500971189584248,False,False,False,False,10895.0,16098.281383875606,False,False,False,False,683.3714440351046,False,False,False,False
2025-06-05 14:00:00+00:00,20.02,20.095,20.015,20.095,1861.0,,,,,,,,,,,,,,,,,,,,,,,20.23718292502327,,,"rgba(239, 83, 80, 1.0)",0.0,0.0,0.20683969072118963,20.22523946956978,-0.6296638189492206,0.0,0.0,0.0,0.0,0.0,0.0,0.0,0.0,38.059651298954265,-4.37963305986861,False,True,False,True,False,0.0,0,1.000845665961945,0.9226215644820299,False,False,False,False,-0.2527479252661431,-0.20142252211228395,False,False,False,False,9034.0,15988.757641489938,False,False,False,False,701.6292511043277,False,False,False,False
2025-06-05 15:00:00+00:00,20.095,20.155,20.095,20.145,1252.0,,,,,,,,,,,,,,,,,,,,,,,20.235803771523223,,,"rgba(239, 83, 80, 1.0)",0.0,0.0,0.2018320816648555,20.224351232959158,-0.39315470714374445,0.0,0.0,0.0,0.0,0.0,0.0,0.0,0.0,38.85127507279801,-4.37963305986861,False,True,False,True,False,0.0,0,1.0084817642069548,0.9173027989821885,False,False,False,False,-0.2048987726780244,-0.20316064739515416,False,False,False,False,10286.0,15900.342794335054,False,False,False,False,710.1621309321677,False,False,False,False
2025-06-05 16:00:00+00:00,20.145,20.165,20.095,20.115,1500.0,,,,,,,,,,,,,,,,,,,,,,,20.23409538346627,,,"rgba(239, 83, 80, 1.0)",0.0,0.0,0.19548961401867085,20.222247369761146,-0.5486090414547758,0.0,0.0,0.0,0.0,0.0,0.0,0.0,0.0,38.19607579183813,-4.690691637064688,False,True,False,True,False,0.0,0,1.0085433575395129,0.9260999572832127,False,False,False,False,-0.20103604627625318,-0.20209834683570366,False,False,False,False,8786.0,15790.04290605079,False,False,False,False,722.4076792898084,False,False,False,False
2025-06-05 17:00:00+00:00,20.115,20.155,20.105,20.145,1831.0,,,,,,,,,,,,,,,,,,,,,,,20.23226481972847,,,"rgba(239, 83, 80, 1.0)",0.0,0.0,0.18579648364087267,20.220071947247153,-0.4040547257732829,0.0,0.0,0.0,0.0,0.0,0.0,0.0,0.0,39.64987578932636,-4.690691637064688,False,True,False,True,False,0.0,0,1.008587376556462,0.9287247745813655,False,False,False,False,-0.20103604627625035,-0.201567196555977,False,False,False,False,10617.0,15709.840690453102,False,False,False,False,739.5951571302764,False,False,False,False
2025-06-05 18:00:00+00:00,20.145,20.145,20.055,20.135,1800.0,,,,,,,,,,,,,,,,,,,,,,,20.230113820654847,,,"rgba(239, 83, 80, 1.0)",0.0,0.0,0.17436326892304257,20.216947615799867,-0.46998210291660897,0.0,0.0,0.0,0.0,0.0,0.0,0.0,0.0,40.15660488180729,-4.690691637064688,False,True,False,True,False,0.0,0,1.000429000429,0.9309309309309313,False,False,False,False,-0.22430562374616353,-0.21293641015107026,False,False,False,False,8817.0,15602.974943314293,False,False,False,False,756.0355422910474,False,False,False,False
2025-06-05 19:00:00+00:00,20.135,20.14,20.045,20.08,700.0,,,,,,,,,,,,,,,,,,,,,,,20.22913716923016,,,"rgba(239, 83, 80, 1.0)",0.0,0.0,0.1621831075061151,20.215426713122845,-0.8350235434830386,0.0,0.0,0.0,0.0,0.0,0.0,0.0,0.0,38.19084760577476,-5.813356368476576,False,True,False,True,False,0.0,0,1.0038743004735255,0.9315540249677143,False,False,False,False,-0.2301595935783222,-0.22154800186469623,False,False,True,False,8117.0,15486.913316286164,False,False,False,False,755.1667741935117,False,False,False,False
2025-06-06 14:00:00+00:00,20.32,20.325,20.235,20.245,187.0,,,,,,,,,,,,,,,,,,,,,,,20.229209165799,,,"rgba(239, 83, 80, 1.0)",0.0,0.0,0.14669337389918347,20.215784723560077,0.1991588008603753,0.0,0.0,0.0,0.0,0.0,0.0,0.0,0.0,44.80522365119337,-11.39618696913459,False,True,False,True,True,0.21994965334249272,0,1.0128369704749676,0.9165596919127088,False,False,False,False,-0.0873563921501738,-0.154452197007435,False,False,False,False,8304.0,15375.55031913444,False,False,False,False,746.3579869967131,False,False,False,False
2025-06-06 15:00:00+00:00,20.235,20.285,20.19,20.235,213.0,,,,,,,,,,,,,,,,,,,,,,,20.2292247359152,,,"rgba(239, 83, 80, 1.0)",0.0,0.0,0.1338044492182913,20.216032030710277,0.14175888321006044,0.0,0.0,0.0,0.0,0.0,0.0,0.0,0.0,48.749295735056265,-7.730059009375623,False,False,False,False,True,0.0,0,1.0086021505376341,0.9182795698924732,False,False,False,False,-0.11921326217171131,-0.13683272958957315,False,False,False,False,8091.0,15262.611554496696,False,False,False,False,738.0888709192446,False,False,False,False
2025-06-06 16:00:00+00:00,20.235,20.275,20.205,20.215,1032.0,,,,,,,,,,,,,,,,,,,,,,,20.22924919053025,,,"rgba(239, 83, 80, 1.0)",0.0,0.0,0.11881502013208871,20.21701517943673,-0.016960645501624096,0.0,0.0,0.0,0.0,0.0,0.0,0.0,0.0,50.408983369929686,-6.155050187638778,True,False,False,False,True,0.0,0,1.004345936549326,0.9326379834854409,False,False,False,False,-0.11733327425812262,-0.1270830019238479,False,False,False,False,7059.0,15135.423778457987,False,False,False,False,742.6456326104192,False,False,False,False
2025-06-06 17:00:00+00:00,20.215,20.24,20.205,20.225,2500.0,,,,,,,,,,,,,,,,,,,,,,,20.22910907207574,,,"rgba(239, 83, 80, 1.0)",0.0,0.0,0.11553354491220125,20.218483938947344,0.0563997327149391,0.0,0.0,0.0,0.0,0.0,0.0,0.0,0.0,51.94855228597082,-4.561071261306424,True,False,True,False,True,0.0,0,1.0044365572315876,0.9472049689440994,False,False,False,False,-0.13051129756043084,-0.12879714974213935,False,False,False,False,9559.0,15048.967595846236,False,False,False,False,769.8914367559939,False,False,False,False
2025-06-06 18:00:00+00:00,20.225,20.255,20.225,20.25,504.0,,,,,,,,,,,,,,,,,,,,,,,20.229176669338237,,,"rgba(239, 83, 80, 1.0)",0.0,0.0,0.11218698194932655,20.218916168117268,0.2770716471967523,0.0,0.0,0.0,0.0,0.0,0.0,0.0,0.0,54.07219159898534,-2.354588531115887,True,False,True,False,True,0.4127998219200677,0,0.9874776386404289,0.9508050089445438,False,False,False,False,-0.11733327425811996,-0.12306521200012965,False,False,False,False,10063.0,14971.665772654822,False,False,False,False,765.7690888993119,False,False,False,False
2025-06-06 19:00:00+00:00,20.245,20.315,20.245,20.305,1000.0,,,,,,,,,,,,,,,,,,,,,,,20.229729251319416,,,"rgba(38, 166, 154, 1.0)",0.0,0.0,0.10920750559947272,20.220548168386763,0.7733152694007169,0.0,0.0,0.0,0.0,0.0,0.0,0.0,0.0,57.61885716762285,1.1475014728545645,True,False,True,False,True,2.1662945349267453,0,0.9910031488978853,0.9446693657219971,False,False,False,False,-0.0873563921501738,-0.10521080207515172,False,False,False,False,11063.0,14911.066303311336,False,False,False,False,769.400575893121,False,False,False,False
2025-06-09 14:00:00+00:00,20.4,20.46,20.365,20.415,0.0,,,,,,,,,,,,,,,,,,,,,,,20.229729251319416,,,"rgba(38, 166, 154, 1.0)",0.0,0.0,0.11153280937709395,20.220548168386763,1.743449597470388,0.0,0.0,0.0,0.0,0.0,0.0,0.0,0.0,63.00107226485807,6.221820926770079,True,False,True,False,True,5.50074466796022,0,0.996433348194382,0.9286669638876498,False,False,False,False,0.011124015996836075,-0.047043393039157826,False,False,False,False,11063.0,14851.406360624338,False,False,False,False,757.4718847940028,False,False,False,False
2025-06-09 15:00:00+00:00,20.415,20.465,20.395,20.425,92.0,,,,,,,,,,,,,,,,,,,,,,,20.229899779430752,,,"rgba(38, 166, 154, 1.0)",0.0,0.0,0.11448277733478497,20.220930340486436,1.7825358911131064,0.0,0.0,0.0,0.0,0.0,0.0,0.0,0.0,66.81280227695008,9.726494779451798,True,False,True,False,True,5.7946535478399674,0,1.004482294935006,0.9291797400268932,False,False,False,False,0.02410575190573556,-0.011468820566711132,False,False,False,False,11155.0,14794.097734878223,False,False,False,False,747.1544912313051,False,False,False,False
2025-06-09 16:00:00+00:00,20.425,20.465,20.425,20.445,400.0,,,,,,,,,,,,,,,,,,,,,,,20.230699802566942,,,"rgba(38, 166, 154, 1.0)",0.0,0.0,0.117702939563809,20.22268782469613,1.888756356703819,0.0,0.0,0.0,0.0,0.0,0.0,0.0,0.0,69.81749664426117,12.51765606790913,True,False,True,False,True,6.386820303491493,0,1.0081227436823101,0.9264440433212991,False,False,False,False,0.0352392575880379,0.011885218510663383,False,False,False,False,11555.0,14743.879165345228,False,False,False,False,741.7722510571763,False,False,False,False
2025-06-09 17:00:00+00:00,20.445,20.505,20.44,20.495,703.0,,,,,,,,,,,,,,,,,,,,,,,20.23231881447267,,,"rgba(38, 166, 154, 1.0)",0.0,0.0,0.12019960875945367,20.226113774031838,2.236997513912587,0.0,0.0,0.0,0.0,0.0,0.0,0.0,0.0,72.88983248516303,15.438090777308474,True,False,True,False,True,7.852530003636524,0,1.01036036036036,0.9157657657657652,False,False,False,False,0.055675389540122154,0.03378030402539277,False,False,False,False,12258.0,14705.338403091813,False,False,False,False,741.1711308857472,False,False,False,False
2025-06-09 18:00:00+00:00,20.495,20.515,20.485,20.505,801.0,,,,,,,,,,,,,,,,,,,,,,,20.234297224845868,,,"rgba(38, 166, 154, 1.0)",0.0,0.0,0.12366578033233398,20.230152806203243,2.222499975806917,0.0,0.0,0.0,0.0,0.0,0.0,0.0,0.0,75.14065664222332,17.6646854628153,True,False,True,False,True,8.143993898940298,0,1.0190045248868773,0.9131221719457007,False,False,False,False,0.0761580898963544,0.05496919696087359,False,False,False,False,13059.0,14679.81377668729,False,False,False,False,742.0987102518596,False,False,False,False
2025-06-09 19:00:00+00:00,20.505,20.505,20.39,20.395,100.0,,,,,,,,,,,,,,,,,,,,,,,20.234476520294514,,,"rgba(38, 166, 154, 1.0)",0.0,0.0,0.12376234127187896,20.23051905519554,1.3290064094952023,0.0,0.0,0.0,0.0,0.0,0.0,0.0,0.0,69.63178982865686,17.6646854628153,True,False,True,False,False,4.2812814301095194,0,1.0099367660343266,0.9159891598915982,False,False,False,False,0.037095616650963927,0.04603240680591876,False,False,False,False,12959.0,14653.134493327796,False,False,False,False,732.1436914882648,False,False,False,False
2025-06-10 14:00:00+00:00,20.49,20.64,20.49,20.625,410.0,,,,,,,,,,,,,,,,,,,,,,,20.23578825190229,,,"rgba(38, 166, 154, 1.0)",0.0,0.0,0.13164715330364335,20.23309855749533,2.976907837883513,0.0,0.0,0.0,0.0,0.0,0.0,0.0,0.0,71.24456916104884,17.6646854628153,True,False,True,False,False,10.658906869741926,0,1.0044306601683646,0.8972086840939294,False,False,False,False,0.12485824067946073,0.08544532374268975,False,False,False,False,13369.0,14633.225431415738,False,False,False,False,727.1492156512375,False,False,False,False
2025-06-10 15:00:00+00:00,20.625,20.675,20.605,20.625,1076.0,,,,,,,,,,,,,,,,,,,,,,,20.23967078524062,,,"rgba(38, 166, 154, 1.0)",0.0,0.0,0.13906369659868748,20.24051378450118,2.7648209051164416,0.0,0.0,0.0,0.0,0.0,0.0,0.0,0.0,72.3197553826435,17.6646854628153,True,False,True,False,False,10.658906869741926,0,1.0181979582778515,0.8956946293830441,False,False,False,False,0.18180845201084364,0.1336268878767667,False,False,False,False,13369.0,14613.625037130223,False,False,False,False,732.5577549434663,False,False,False,False
2025-06-10 16:00:00+00:00,20.625,20.655,20.625,20.645,2210.0,,,,,,,,,,,,,,,,,,,,,,,20.24754348808564,,,"rgba(38, 166, 154, 1.0)",0.0,0.0,0.14565530703839336,20.25480098728239,2.6789206699811934,0.0,0.0,0.0,0.0,0.0,0.0,0.0,0.0,73.38084929409008,17.6646854628153,True,False,True,False,True,11.180019146332487,0,1.0196721311475407,0.9142857142857134,False,False,False,False,0.18180845201084364,0.15771766994380515,False,False,False,False,15579.0,14628.592090818125,False,True,False,False,755.4638362621722,False,False,False,False
2025-06-10 17:00:00+00:00,20.655,20.675,20.635,20.635,700.0,,,,,,,,,,,,,,,,,,,,,,,20.25001429657616,,,"rgba(38, 166, 154, 1.0)",0.0,0.0,0.14765289830666606,20.259105023991683,2.5458015407703507,0.0,0.0,0.0,0.0,0.0,0.0,0.0,0.0,73.52822166218161,17.6646854628153,True,False,True,False,True,10.825367101827851,0,1.0263653483992468,0.899717514124293,False,False,False,False,0.1933281203200094,0.17552289513190727,False,False,False,False,14879.0,14632.474383983736,False,False,False,False,754.603931823999,False,False,False,False
2025-06-10 18:00:00+00:00,20.635,20.635,20.555,20.595,1913.0,,,,,,,,,,,,,,,,,,,,,,,20.255730195161384,,,"rgba(38, 166, 154, 1.0)",0.0,0.0,0.14966006526497141,20.268690499480073,2.1803378205281345,0.0,0.0,0.0,0.0,0.0,0.0,0.0,0.0,71.38671321191158,17.6646854628153,True,False,True,False,True,9.40757927702547,0,1.0189125295508275,0.9059101654846324,False,False,False,False,0.14752153718422145,0.16152221615806436,False,False,False,False,12966.0,14606.63757182895,False,False,False,False,772.563560787968,False,False,False,False
2025-06-10 19:00:00+00:00,20.595,20.615,20.555,20.595,4000.0,,,,,,,,,,,,,,,,,,,,,,,20.266867082426476,,,"rgba(38, 166, 154, 1.0)",0.0,0.0,0.15212089194369777,20.286181583826085,2.0300854946880795,0.0,0.0,0.0,0.0,0.0,0.0,0.0,0.0,69.95904091173156,17.6646854628153,True,False,True,False,False,9.40757927702547,0,1.0109004739336491,0.9118483412322268,False,False,False,False,0.13995150534893297,0.15073686075349868,False,False,False,False,12966.0,14581.201330405245,False,False,False,False,822.6013350393173,False,False,False,False
2025-06-11 14:00:00+00:00,20.66,20.685,20.625,20.625,902.0,,,,,,,,,,,,,,,,,,,,,,,20.269700833042545,,,"rgba(38, 166, 154, 1.0)",0.0,0.0,0.15630695718631768,20.314048132257795,1.989366777651172,0.0,0.0,0.0,0.0,0.0,0.0,0.0,0.0,69.87929523582038,17.6646854628153,True,False,True,False,False,10.242973720064125,0,1.0122641509433958,0.9028301886792448,False,True,False,False,0.1933281203200094,0.17203249053675404,False,False,False,False,13868.0,14570.143945437721,False,False,False,False,823.8323220929713,False,False,False,False
2025-06-11 15:00:00+00:00,20.625,20.645,20.565,20.575,465.0,,,,,,,,,,,,,,,,,,,,,,,20.27095273959187,,,"rgba(38, 166, 154, 1.0)",0.0,0.0,0.1590222659914693,20.31498511995775,1.6350847374807076,0.0,0.0,0.0,0.0,0.0,0.0,0.0,0.0,66.81046935995037,22.21425132359262,True,False,True,False,False,8.43574652592315,0,1.010367577756833,0.9057492931196977,False,False,False,False,0.15510839261022466,0.16357044157348935,False,False,False,False,13403.0,14552.048690469694,False,False,False,False,818.2690302775762,False,False,False,False
2025-06-11 16:00:00+00:00,20.575,20.585,20.535,20.565,201.0,,,,,,,,,,,,,,,,,,,,,,,20.271435549349462,,,"rgba(38, 166, 154, 1.0)",0.0,0.0,0.1610891141656794,20.315235042215186,1.5504769461202308,0.0,0.0,0.0,0.0,0.0,0.0,0.0,0.0,64.19085893567353,19.506084937917393,True,False,True,False,False,8.07629922810154,0,1.0122989593188265,0.9082308420056758,False,False,False,False,0.12109401392500384,0.1423322277492466,False,False,False,False,13202.0,14531.11770302055,False,False,False,False,808.6989677926525,False,False,False,False
2025-06-11 17:00:00+00:00,20.565,20.615,20.565,20.59,648.0,,,,,,,,,,,,,,,,,,,,,,,20.2731321021949,,,"rgba(38, 166, 154, 1.0)",0.0,0.0,0.16349124559855802,20.317189871302197,1.6686528241864993,0.0,0.0,0.0,0.0,0.0,0.0,0.0,0.0,63.45547625451894,18.574955669493534,True,False,True,False,False,8.803794368140252,0,1.0099526066350708,0.9085308056872035,False,False,False,False,0.14373447613210674,0.14303335194067668,False,False,False,False,13850.0,14520.557738632635,False,False,False,False,806.2075109276501,False,False,False,False
2025-06-11 18:00:00+00:00,20.59,20.595,20.465,20.495,6.0,,,,,,,,,,,,,,,,,,,,,,,20.27314419278666,,,"rgba(38, 166, 154, 1.0)",0.0,0.0,0.16372769086729774,20.317193594562013,1.085988597873164,0.0,0.0,0.0,0.0,0.0,0.0,0.0,0.0,58.00535535652833,13.339789868850659,False,False,True,False,False,5.414254783328278,0,0.9995298542548188,0.9097320169252463,False,False,False,False,0.09857644206042869,0.12080489700055269,False,False,False,False,13844.0,14510.068471367013,False,False,False,False,793.8011929287718,False,False,False,False
2025-06-11 19:00:00+00:00,20.495,20.535,20.465,20.525,2282.0,,,,,,,,,,,,,,,,,,,,,,,20.277473688597762,,,"rgba(38, 166, 154, 1.0)",0.0,0.0,0.16431095547793143,20.320260960634485,1.24604618584311,0.0,0.0,0.0,0.0,0.0,0.0,0.0,0.0,55.75744181490404,11.240861563198472,False,False,True,False,False,6.309506653560135,0,0.9990588235294117,0.919058823529411,False,False,False,False,0.0761580898963544,0.09848149344845356,False,False,False,False,16126.0,14535.121673361322,False,False,False,False,816.8740426508064,False,False,False,False
2025-06-12 14:00:00+00:00,20.46,20.52,20.445,20.465,110.0,,,,,,,,,,,,,,,,,,,,,,,20.277650286656883,,,"rgba(38, 166, 154, 1.0)",0.0,0.0,0.16379777688263167,20.320381876795384,0.8829065079939457,0.0,0.0,0.0,0.0,0.0,0.0,0.0,0.0,51.69161372251535,7.457630041139012,False,True,False,False,False,4.229261671309825,0,0.992967651195499,0.9203000468823248,False,False,False,False,0.06311734597148147,0.08079941970996751,False,False,False,False,16016.0,14558.081027262697,False,False,False,False,805.914755167848,False,False,False,False
2025-06-12 15:00:00+00:00,20.465,20.485,20.41,20.445,200.0,,,,,,,,,,,,,,,,,,,,,,,20.277922292675857,,,"rgba(38, 166, 154, 1.0)",0.0,0.0,0.16291511081945098,20.32047374260618,0.7643628437378424,0.0,0.0,0.0,0.0,0.0,0.0,0.0,0.0,48.20662607728046,4.271362312693377,False,True,False,True,False,3.545745969964269,0,0.9943661971830984,0.9234741784037553,False,False,False,False,0.037095616650963927,0.058947518180465716,False,False,False,False,15816.0,14577.58364699506,False,False,False,False,796.5207279559434,False,False,False,False
2025-06-12 16:00:00+00:00,20.445,20.47,20.405,20.455,818.0,,,,,,,,,,,,,,,,,,,,,,,20.27900394642876,,,"rgba(38, 166, 154, 1.0)",0.0,0.0,0.16201579280149753,20.32094122218491,0.8274426554165479,0.0,0.0,0.0,0.0,0.0,0.0,0.0,0.0,46.453844925635984,2.64245057354195,False,True,False,True,False,3.858878023013009,0,1.0014333492594358,0.914954610606784,False,False,False,False,0.029671585522194805,0.04430955185133026,False,False,False,False,16634.0,14609.466071072655,False,False,False,False,796.8537399256186,False,False,False,False
2025-06-12 17:00:00+00:00,20.455,20.495,20.45,20.485,176.0,,,,,,,,,,,,,,,,,,,,,,,20.2792816601207,,,"rgba(38, 166, 154, 1.0)",0.0,0.0,0.1630646806947193,20.32118996465928,1.004570914086518,0.0,0.0,0.0,0.0,0.0,0.0,0.0,0.0,46.987490196806235,2.64245057354195,False,True,False,True,False,4.800611360493466,0,1.0105769230769226,0.9100961538461532,False,False,False,False,0.055675389540122154,0.04999247069572621,False,False,False,False,16810.0,14643.582876172302,False,False,False,False,787.2281005469267,False,False,False,False
2025-06-12 18:00:00+00:00,20.485,20.505,20.475,20.505,1550.0,,,,,,,,,,,,,,,,,,,,,,,20.28191822138813,,,"rgba(38, 166, 154, 1.0)",0.0,0.0,0.16433601043077867,20.32402909368887,1.1012248979194736,0.0,0.0,0.0,0.0,0.0,0.0,0.0,0.0,48.43249168962036,2.64245057354195,False,True,False,False,False,5.427124027634033,0,1.0072358900144718,0.9102749638205495,False,False,False,False,0.06870335385895218,0.059347912277339196,False,False,False,False,18360.0,14701.201746309167,False,False,False,False,799.0540214686798,False,False,False,False
2025-06-12 19:00:00+00:00,20.505,20.54,20.485,20.515,3825.0,,,,,,,,,,,,,,,,,,,,,,,20.28869365369748,,,"rgba(38, 166, 154, 1.0)",0.0,0.0,0.1654607272201864,20.33205790320288,1.1056526818818497,0.0,0.0,0.0,0.0,0.0,0.0,0.0,0.0,49.950357366054305,2.64245057354195,False,True,False,False,True,5.742484576166813,0,1.008192771084337,0.905060240963855,False,False,False,False,0.08548850330004608,0.07241820778869264,False,False,False,False,22185.0,14817.22962621135,False,False,False,False,845.9679126087003,False,False,False,False
2025-06-13 14:00:00+00:00,20.345,20.43,20.325,20.395,0.0,,,,,,,,,,,,,,,,,,,,,,,20.28869365369748,,,"rgba(239, 83, 80, 1.0)",0.0,0.0,0.16496144785755235,20.33205790320288,0.3815564037208929,0.0,0.0,0.0,0.0,0.0,0.0,0.0,0.0,45.38614745276169,1.1972510789073638,False,True,False,True,False,1.4966321840306769,0,0.9923918212077979,0.9120304327151683,False,False,False,False,-0.014832583740835806,0.028792812023928416,False,False,False,False,22185.0,14931.458624254585,False,False,False,False,832.8521310178677,False,False,False,False
2025-06-13 15:00:00+00:00,20.395,20.415,20.37,20.395,1013.0,,,,,,,,,,,,,,,,,,,,,,,20.28949878217982,,,"rgba(239, 83, 80, 1.0)",0.0,0.0,0.16422142270622414,20.332205269728295,0.3823784329529177,0.0,0.0,0.0,0.0,0.0,0.0,0.0,0.0,42.343340843899945,-1.7073251281931974,False,True,False,True,False,1.4966321840306769,0,0.9957122439256784,0.915674130538351,False,False,False,False,-0.0037079188234554867,0.012542446600236465,False,False,False,False,22185.0,15043.916630080095,False,False,False,False,835.6451212346449,False,False,False,False
2025-06-13 16:00:00+00:00,20.395,20.415,20.34,20.375,1213.0,,,,,,,,,,,,,,,,,,,,,,,20.29029456331675,,,"rgba(239, 83, 80, 1.0)",0.0,0.0,0.16316318587599932,20.3321692929406,0.2625022723689159,0.0,0.0,0.0,0.0,0.0,0.0,0.0,0.0,39.56018906786303,-4.361667630615543,False,True,False,True,False,0.8048705193894499,0,0.9918854415274458,0.9231503579952263,False,False,False,False,-0.014832583740835806,-0.0011450685702996703,False,False,False,False,20972.0,15135.82489938118,False,False,False,False,841.4955844713171,False,False,False,False
2025-06-13 17:00:00+00:00,20.375,20.385,20.305,20.325,1503.0,,,,,,,,,,,,,,,,,,,,,,,20.29083189454152,,,"rgba(239, 83, 80, 1.0)",0.0,0.0,0.16316290980218456,20.331426906705705,-0.039389507783952254,0.0,0.0,0.0,0.0,0.0,0.0,0.0,0.0,36.01214794579117,-7.715592437427745,False,True,False,True,False,0.0,0,0.9847691575440259,0.9295573536411226,False,False,False,False,-0.038952305570140615,-0.02004868707022014,False,False,False,False,19469.0,15203.005908693098,False,False,False,False,851.7514668826145,False,False,False,False
2025-06-13 18:00:00+00:00,20.325,20.355,20.235,20.275,116.0,,,,,,,,,,,,,,,,,,,,,,,20.290829739456306,,,"rgba(239, 83, 80, 1.0)",0.0,0.0,0.16294521823031452,20.33129461645502,-0.3454818562116396,0.0,0.0,0.0,0.0,0.0,0.0,0.0,0.0,32.26007324812653,-11.219115608230979,False,True,False,True,False,0.0,0,0.9749527410207932,0.9357277882797724,False,False,False,False,-0.07615816448459839,-0.04810342577740927,False,False,False,False,19353.0,15267.34690235677,False,False,False,False,840.3444673960623,False,False,False,False
2025-06-13 19:00:00+00:00,20.275,20.285,20.16,20.225,3312.0,,,,,,,,,,,,,,,,,,,,,,,20.28920747460087,,,"rgba(239, 83, 80, 1.0)",0.0,0.0,0.16323770872421062,20.3251913306798,-0.6137756494062999,0.0,0.0,0.0,0.0,0.0,0.0,0.0,0.0,28.60913960177909,-14.606715358498079,False,True,False,True,False,0.0,0,0.9676056338028163,0.9441314553990604,False,False,False,False,-0.13051129756042823,-0.08930736166891876,False,False,False,False,16041.0,15279.341524025658,False,False,False,False,878.6647082116273,False,False,False,False
2025-06-16 14:00:00+00:00,20.37,20.43,20.355,20.39,20.0,,,,,,,,,,,,,,,,,,,,,,,20.289222343152908,,,"rgba(239, 83, 80, 1.0)",0.0,0.0,0.1630067427997347,20.325202054802293,0.3975169620885932,0.0,0.0,0.0,0.0,0.0,0.0,0.0,0.0,35.11677085245017,-14.606715358498079,False,True,False,True,True,1.366915100575163,0,0.974001857010213,0.9350046425255335,False,False,False,False,-0.0037079188234554867,-0.04650764024618712,False,False,False,False,16061.0,15291.460260087275,False,False,False,False,865.3520770765633,False,False,False,False
2025-06-16 15:00:00+00:00,20.395,20.395,20.265,20.265,400.0,,,,,,,,,,,,,,,,,,,,,,,20.28927764915835,,,"rgba(239, 83, 80, 1.0)",0.0,0.0,0.16266289133111117,20.32498459251056,-0.3687662995517344,0.0,0.0,0.0,0.0,0.0,0.0,0.0,0.0,35.8433624502882,-21.618765574780905,False,True,False,True,True,0.0,0,0.9598337950138498,0.9432132963988917,False,False,False,False,-0.05009808154724516,-0.04830286089671614,False,False,False,False,15661.0,15297.189558380494,False,False,False,False,858.1373161916553,False,False,False,False
2025-06-16 16:00:00+00:00,20.27,20.3,20.255,20.265,103.0,,,,,,,,,,,,,,,,,,,,,,,20.28926577647969,,,"rgba(239, 83, 80, 1.0)",0.0,0.0,0.1616882218377756,20.324883113407513,-0.370361630098163,0.0,0.0,0.0,0.0,0.0,0.0,0.0,0.0,36.32775684884688,-20.967558754836386,False,True,False,True,True,0.0,0,0.9559573481687523,0.9564209550301338,False,False,False,False,-0.0892248144783323,-0.06876383768752423,False,False,False,False,15661.0,15302.830030343586,False,False,False,False,846.4297609018621,False,False,False,False
2025-06-16 17:00:00+00:00,20.265,20.315,20.245,20.255,0.0,,,,,,,,,,,,,,,,,,,,,,,20.28926577647969,,,"rgba(239, 83, 80, 1.0)",0.0,0.0,0.16081935475820536,20.324883113407513,-0.4345441723266703,0.0,0.0,0.0,0.0,0.0,0.0,0.0,0.0,36.37362970703142,-20.527700608636035,False,True,False,True,True,0.0,0,0.9490740740740736,0.9578703703703698,False,False,False,False,-0.0873563921501738,-0.07806011491884901,False,False,False,False,15661.0,15308.383053128957,False,False,False,False,833.3068188723759,False,False,False,False
2025-06-16 18:00:00+00:00,20.255,20.285,20.245,20.27,0.0,,,,,,,,,,,,,,,,,,,,,,,20.28926577647969,,,"rgba(239, 83, 80, 1.0)",0.0,0.0,0.15793122006193352,20.324883113407513,-0.34751275514740065,0.0,0.0,0.0,0.0,0.0,0.0,0.0,0.0,37.1717879820343,-19.281154364176622,False,True,False,True,True,0.0,0,0.9457076566125285,0.9647331786542921,False,False,False,False,-0.09857651694067111,-0.08831831592976006,False,False,False,False,15661.0,15313.84998253781,False,False,False,False,820.387333308463,False,False,False,False
2025-06-16 19:00:00+00:00,20.275,20.295,20.215,20.275,291.0,,,,,,,,,,,,,,,,,,,,,,,20.28920783614931,,,"rgba(239, 83, 80, 1.0)",0.0,0.0,0.15675217141470113,20.324556238284707,-0.3161438711659255,0.0,0.0,0.0,0.0,0.0,0.0,0.0,0.0,37.977582402163264,-18.010853391759944,False,True,False,True,True,0.0,0,0.9385397412199623,0.9658040665434376,False,False,False,False,-0.10607019497394268,-0.09719425545185137,False,False,False,False,15952.0,15323.743781258154,False,False,False,False,812.179777753293,False,False,False,False
2025-06-17 14:00:00+00:00,20.2,20.255,20.185,20.19,200.0,,,,,,,,,,,,,,,,,,,,,,,20.28909371533131,,,"rgba(239, 83, 80, 1.0)",0.0,0.0,0.15642236078942023,20.32420252773579,-0.8579497653564667,0.0,0.0,0.0,0.0,0.0,0.0,0.0,0.0,35.821308106878995,-18.010853391759944,False,True,False,True,True,0.0,0,0.9323827046918116,0.9701011959521616,False,False,False,False,-0.1323974518448954,-0.11479585364837339,False,False,False,False,15752.0,15330.383412556477,False,False,False,False,802.6886184082807,False,False,False,False
2025-06-17 15:00:00+00:00,20.185,20.205,20.13,20.135,2972.0,,,,,,,,,,,,,,,,,,,,,,,20.286317889871594,,,"rgba(239, 83, 80, 1.0)",0.0,0.0,0.15727599543070564,20.317412481752367,-1.1598240485003615,0.0,0.0,0.0,0.0,0.0,0.0,0.0,0.0,33.02515605652222,-18.010853391759944,False,True,False,True,False,0.0,0,0.9260789715335163,0.9775022956841137,False,False,False,False,-0.16652234029747867,-0.14065909697292603,False,False,False,False,12780.0,15290.842584454826,False,False,False,False,836.321353006602,False,False,False,False
2025-06-17 16:00:00+00:00,20.135,20.2,20.135,20.145,201.0,,,,,,,,,,,,,,,,,,,,,,,20.286139071417338,,,"rgba(239, 83, 80, 1.0)",0.0,0.0,0.15845822480701222,20.31699168517994,-1.0854071184339595,0.0,0.0,0.0,0.0,0.0,0.0,0.0,0.0,31.784588207486184,-12.895025063927804,False,True,False,True,False,0.0,0,0.9372071227741324,0.9775070290534206,False,False,False,False,-0.16652234029747578,-0.1535907186352009,False,False,False,False,12981.0,15255.031071517542,False,False,False,False,826.4714095491352,False,False,False,False
2025-06-17 17:00:00+00:00,20.145,20.17,20.095,20.125,211.0,,,,,,,,,,,,,,,,,,,,,,,20.285907385007764,,,"rgba(239, 83, 80, 1.0)",0.0,0.0,0.16003119065345547,20.316477609332626,-1.1965018103706244,0.0,0.0,0.0,0.0,0.0,0.0,0.0,0.0,30.42207236880805,-14.458403108206511,False,True,False,True,False,0.0,0,0.9289719626168215,0.9822429906542052,False,False,False,False,-0.19426803968046638,-0.17392937915783363,False,False,False,False,12770.0,15216.503458005642,False,False,False,False,816.9292171530245,False,False,False,False
2025-06-17 18:00:00+00:00,20.115,20.115,20.085,20.115,108.0,,,,,,,,,,,,,,,,,,,,,,,20.285770089338,,,"rgba(239, 83, 80, 1.0)",0.0,0.0,0.16162162463460825,20.316183770174653,-1.2447825012864975,0.0,0.0,0.0,0.0,0.0,0.0,0.0,0.0,29.237554288531626,-15.857802172959069,False,True,False,True,False,0.0,0,0.9246254681647933,0.9901685393258423,False,False,False,False,-0.2202982789574184,-0.19711382905762603,False,False,False,False,12662.0,15176.89875323036,False,False,False,False,805.9380664994892,False,False,False,False
2025-06-17 19:00:00+00:00,20.115,20.12,20.06,20.085,757.0,,,,,,,,,,,,,,,,,,,,,,,20.284725377397837,,,"rgba(239, 83, 80, 1.0)",0.0,0.0,0.16358561138508768,20.3069981537627,-1.357076284906895,0.0,0.0,0.0,0.0,0.0,0.0,0.0,0.0,27.626586411758133,-17.641382833660316,False,True,False,True,False,0.0,0,0.9200934579439244,0.9901869158878501,False,False,False,False,-0.22836546982146372,-0.21273964943954488,False,False,False,False,11905.0,15126.171640777176,False,False,False,False,805.1793367863188,False,False,False,False
2025-06-18 14:00:00+00:00,20.17,20.225,20.165,20.225,190.0,,,,,,,,,,,,,,,,,,,,,,,20.284619635656266,,,"rgba(239, 83, 80, 1.0)",0.0,0.0,0.16379035160613079,20.30789476349927,-0.5061028484669662,0.0,0.0,0.0,0.0,0.0,0.0,0.0,0.0,34.74151016108331,-20.402259556533735,False,True,False,True,True,0.0,0,0.9263206672845221,0.9791473586654301,False,False,False,False,-0.1449010544805322,-0.17882035196003854,False,False,False,False,12095.0,15079.176731617841,False,False,False,False,795.6416726500968,False,False,False,False
2025-06-18 15:00:00+00:00,20.225,20.245,20.185,20.19,1575.0,,,,,,,,,,,,,,,,,,,,,,,20.283771899540607,,,"rgba(239, 83, 80, 1.0)",0.0,0.0,0.16449285972613395,20.308694315279887,-0.7215773102704939,0.0,0.0,0.0,0.0,0.0,0.0,0.0,0.0,38.11775181925305,-17.421404211819002,False,True,False,True,True,0.0,0,0.9275766016713084,0.9805013927576595,False,False,False,False,-0.1292616822886499,-0.1540410171243442,False,False,False,False,10520.0,15008.491821050122,False,False,False,False,807.7247474927309,False,False,False,False
2025-06-18 16:00:00+00:00,20.19,20.215,20.185,20.195,100.0,,,,,,,,,,,,,,,,,,,,,,,20.283712947118573,,,"rgba(239, 83, 80, 1.0)",0.0,0.0,0.16503376667859468,20.308603925579362,-0.6883677677951022,0.0,0.0,0.0,0.0,0.0,0.0,0.0,0.0,40.61262674888543,-15.207497774518188,False,True,False,True,True,0.0,0,0.9213483146067408,0.9911048689138571,False,False,False,False,-0.14098490094225377,-0.14751295903329897,False,False,False,False,10620.0,14940.453188165624,False,False,False,False,796.7522707874172,False,False,False,False
2025-06-18 17:00:00+00:00,20.185,20.215,20.175,20.195,0.0,,,,,,,,,,,,,,,,,,,,,,,20.283712947118573,,,"rgba(239, 83, 80, 1.0)",0.0,0.0,0.1646891694146983,20.308603925579362,-0.6898081153916059,0.0,0.0,0.0,0.0,0.0,0.0,0.0,0.0,42.27587670197369,-13.657587670894813,False,True,False,True,True,0.0,0,0.9197183098591545,0.9920187793427222,False,False,False,False,-0.1449010544805322,-0.1462070067569156,False,False,False,False,10620.0,14873.469417806467,False,False,False,False,784.3995224031161,False,False,False,False
2025-06-18 18:00:00+00:00,20.215,20.265,20.135,20.145,1898.0,,,,,,,,,,,,,,,,,,,,,,,20.28239380854436,,,"rgba(239, 83, 80, 1.0)",0.0,0.0,0.1646891694146983,20.30585225380591,-0.9767020768735141,0.0,0.0,0.0,0.0,0.0,0.0,0.0,0.0,41.1974125204593,-13.657587670894813,False,True,False,True,True,0.0,0,0.9167441860465112,0.9837209302325574,False,False,False,False,-0.14098490094225097,-0.1435959538495833,False,False,False,False,8722.0,14778.097798925746,False,False,False,False,801.6646460867887,False,False,False,False
2025-06-18 19:00:00+00:00,20.14,20.185,20.11,20.135,300.0,,,,,,,,,,,,,,,,,,,,,,,20.28211025470232,,,"rgba(239, 83, 80, 1.0)",0.0,0.0,0.16483702024491922,20.30517668006241,-1.0323935715991153,0.0,0.0,0.0,0.0,0.0,0.0,0.0,0.0,40.07032365259754,-13.657587670894813,False,True,False,True,True,0.0,0,0.9124999999999992,0.9930555555555549,False,False,False,False,-0.1748078824656468,-0.15920191815761503,False,False,False,False,8422.0,14679.553647004417,False,False,False,False,793.8868996358307,False,False,False,False
2025-06-19 14:00:00+00:00,20.135,20.135,20.135,20.135,0.0,,,,,,,,,,,,,,,,,,,,,,,20.28211025470232,,,"rgba(239, 83, 80, 1.0)",0.0,0.0,0.16468096374444885,20.30517668006241,-1.0333718979595432,0.0,0.0,0.0,0.0,0.0,0.0,0.0,0.0,39.31893107402303,-13.657587670894813,False,True,False,True,False,0.0,0,0.9210649229332082,0.9971975712283971,False,False,False,False,-0.17638747021211398,-0.1677946941848645,False,False,False,False,8422.0,14582.537311391945,False,False,False,False,781.578575610469,False,False,False,False
2025-06-19 15:00:00+00:00,20.135,20.135,20.135,20.135,0.0,,,,,,,,,,,,,,,,,,,,,,,20.28211025470232,,,"rgba(239, 83, 80, 1.0)",0.0,0.0,0.16533613046160445,20.30517668006241,-1.0292770224347756,0.0,0.0,0.0,0.0,0.0,0.0,0.0,0.0,38.81800268830669,-13.657587670894813,False,True,False,True,False,0.0,0,0.9226078799249527,0.9906191369605996,False,False,False,False,-0.15988967033276708,-0.1638421822588158,False,False,False,False,8422.0,14487.025105013776,False,False,False,False,769.4610783141826,False,False,False,False
2025-06-19 16:00:00+00:00,20.135,20.135,20.135,20.135,0.0,,,,,,,,,,,,,,,,,,,,,,,20.28211025470232,,,"rgba(239, 83, 80, 1.0)",0.0,0.0,0.16609093352190793,20.30517668006241,-1.024599455574503,0.0,0.0,0.0,0.0,0.0,0.0,0.0,0.0,38.48405043116246,-13.657587670894813,False,True,False,True,False,0.0,0,0.9342677622039629,0.9893668438859342,False,False,False,False,-0.15988967033276708,-0.16186592629579144,False,False,False,False,8422.0,14392.993708036818,False,False,False,False,757.5314491930325,False,False,False,False
2025-06-19 17:00:00+00:00,20.135,20.135,20.135,20.135,0.0,,,,,,,,,,,,,,,,,,,,,,,20.28211025470232,,,"rgba(239, 83, 80, 1.0)",0.0,0.0,0.16717116437405952,20.30517668006241,-1.0179786729344256,0.0,0.0,0.0,0.0,0.0,0.0,0.0,0.0,38.2614155930663,-13.657587670894813,False,True,False,True,False,0.0,0,0.932392996108949,0.9863813229571974,False,False,False,False,-0.15988967033276708,-0.16087779831427926,False,False,False,False,8422.0,14300.420162175782,False,False,False,False,745.7867755621327,False,False,False,False
2025-06-19 18:00:00+00:00,20.135,20.135,20.135,20.135,0.0,,,,,,,,,,,,,,,,,,,,,,,20.28211025470232,,,"rgba(239, 83, 80, 1.0)",0.0,0.0,0.16849487387604156,20.30517668006241,-1.0099813492700291,0.0,0.0,0.0,0.0,0.0,0.0,0.0,0.0,38.112992367668866,-13.657587670894813,False,True,False,True,False,0.0,0,0.9336261591020006,0.9819424109321611,False,False,False,False,-0.15988967033276708,-0.16038373432352315,False,False,False,False,8422.0,14209.281865087785,False,False,False,False,734.2241898945027,False,False,False,False
2025-06-19 19:00:00+00:00,20.135,20.135,20.135,20.135,0.0,,,,,,,,,,,,,,,,,,,,,,,20.28211025470232,,,"rgba(239, 83, 80, 1.0)",0.0,0.0,0.16975414124094027,20.30517668006241,-1.0024891223175982,0.0,0.0,0.0,0.0,0.0,0.0,0.0,0.0,38.01404355073724,-13.657587670894813,False,True,False,True,False,0.0,0,0.9482844356041766,0.9811039283938328,False,False,False,False,-0.15988967033276708,-0.16013670232814511,False,False,False,False,8422.0,14119.556564853867,False,False,False,False,722.8408691209445,False,False,False,False
2025-06-20 14:00:00+00:00,20.26,20.275,20.16,20.195,3.0,,,,,,,,,,,,,,,,,,,,,,,20.282108784354776,,,"rgba(239, 83, 80, 1.0)",0.0,0.0,0.17027196052351418,20.303519259268402,-0.6373290055200569,0.0,0.0,0.0,0.0,0.0,0.0,0.0,0.0,44.172297064322855,-9.529531897488269,True,False,False,True,True,0.0,0,0.9554234769687961,0.9539375928677556,False,False,False,False,-0.08121012339685288,-0.120673412862499,False,False,False,False,8425.0,14031.268866173961,False,False,False,False,711.6805455686817,False,False,False,False
2025-06-20 15:00:00+00:00,20.19,20.225,20.16,20.165,1508.0,,,,,,,,,,,,,,,,,,,,,,,20.281106655812486,,,"rgba(239, 83, 80, 1.0)",0.0,0.0,0.17104733026028157,20.300160772895868,-0.7901951622992057,0.0,0.0,0.0,0.0,0.0,0.0,0.0,0.0,45.556904831808254,-8.269103151701977,True,False,False,True,True,0.0,1,0.9584158415841582,0.9519801980198009,False,False,False,False,-0.10490272222715614,-0.11278806754482756,False,False,False,False,6917.0,13920.970124062736,False,False,False,False,724.0265836218805,False,False,False,False
2025-06-20 16:00:00+00:00,20.165,20.185,20.145,20.175,823.0,,,,,,,,,,,,,,,,,,,,,,,20.28048567063652,,,"rgba(239, 83, 80, 1.0)",0.0,0.0,0.1717346581001443,20.29860043689315,-0.719717488947824,0.0,0.0,0.0,0.0,0.0,0.0,0.0,0.0,47.365364751119444,-6.56792347886892,True,False,False,False,True,0.0,0,0.966649823143001,0.9489641232945922,False,False,False,False,-0.1311018854994004,-0.12194497652211399,False,False,False,False,7740.0,13825.14112989122,False,False,False,False,725.5610551936343,False,False,False,False
2025-06-20 17:00:00+00:00,20.17,20.19,20.13,20.145,793.0,,,,,,,,,,,,,,,,,,,,,,,20.27982338677653,,,"rgba(239, 83, 80, 1.0)",0.0,0.0,0.1725523291824454,20.296926125839057,-0.8804640688357283,0.0,0.0,0.0,0.0,0.0,0.0,0.0,0.0,46.05866267904864,-6.56792347886892,True,False,False,True,True,0.0,1,0.9569402228976692,0.9544072948328257,False,False,False,False,-0.1358836118642097,-0.12891429419316183,False,False,False,False,6947.0,13718.503282916163,False,False,False,False,726.6066202293919,False,False,False,False
2025-06-20 18:00:00+00:00,20.145,20.175,20.135,20.155,120.0,,,,,,,,,,,,,,,,,,,,,,,20.279723775766488,,,"rgba(239, 83, 80, 1.0)",0.0,0.0,0.17304032753937923,20.29668958063224,-0.8188240431987973,0.0,0.0,0.0,0.0,0.0,0.0,0.0,0.0,46.17773680292517,-6.56792347886892,True,False,False,True,True,0.0,1,0.9526958290946079,0.9598168870803652,False,False,False,False,-0.1406715222305852,-0.1347929082118735,False,False,False,False,7067.0,13615.379201010486,False,False,False,False,717.2018664273858,False,False,False,False
2025-06-20 19:00:00+00:00,20.155,20.195,20.135,20.145,173.0,,,,,,,,,,,,,,,,,,,,,,,20.27958427988788,,,"rgba(239, 83, 80, 1.0)",0.0,0.0,0.17375031272245775,20.296372050605775,-0.8712044786219861,0.0,0.0,0.0,0.0,0.0,0.0,0.0,0.0,45.39385662984825,-6.56792347886892,True,False,False,True,False,0.0,1,0.9534288638689864,0.9605936540429878,False,False,False,False,-0.1311018854994004,-0.13294739685563695,False,False,False,False,6894.0,13511.171771537456,False,False,False,False,708.7646281882014,False,False,False,False
2025-06-23 14:00:00+00:00,20.195,20.23,20.115,20.115,1315.0,,,,,,,,,,,,,,,,,,,,,,,20.278491043344467,,,"rgba(239, 83, 80, 1.0)",0.0,0.0,0.17498550776538221,20.29393233267443,-1.022555153049253,0.0,0.0,0.0,0.0,0.0,0.0,0.0,0.0,42.55625613976639,-3.7035390565190767,True,False,False,True,False,0.0,1,0.9415650406504058,0.9598577235772348,False,False,False,False,-0.12394038778822651,-0.12844389232193174,False,False,False,False,5579.0,13388.192364226798,False,False,False,False,718.1636262007875,False,False,False,False
2025-06-23 15:00:00+00:00,20.115,20.145,20.04,20.045,1212.0,,,,,,,,,,,,,,,,,,,,,,,20.276893040139896,,,"rgba(239, 83, 80, 1.0)",0.0,0.0,0.17698292277769537,20.289769218866837,-1.3830103776412663,0.0,0.0,0.0,0.0,0.0,0.0,0.0,0.0,37.0529475418637,-8.78186742270315,False,False,False,True,False,0.0,0,0.9398879266428931,0.9709628120224135,False,False,False,False,-0.2011390707176104,-0.16479148151977108,False,False,False,False,4367.0,13248.328916719405,False,False,False,False,725.8200040891473,False,False,False,False
2025-06-23 16:00:00+00:00,20.045,20.055,19.95,19.955,936.0,,,,,,,,,,,,,,,,,,,,,,,20.27512916994029,,,"rgba(239, 83, 80, 1.0)",0.0,0.0,0.1801768900599976,20.271025122608282,-1.7539714582877421,0.0,0.0,0.0,0.0,0.0,0.0,0.0,0.0,30.794997677237205,-14.30864235398441,False,True,False,True,False,0.0,0,0.9389743589743587,0.9676923076923069,True,False,False,False,-0.32360307329070154,-0.2441972774052363,False,False,False,False,3431.0,13096.122266847786,False,False,False,False,729.0786086769125,False,False,False,False
2025-06-23 17:00:00+00:00,19.955,20.175,19.95,20.155,1500.0,,,,,,,,,,,,,,,,,,,,,,20.093333333333334,20.273375613844433,,,"rgba(239, 83, 80, 1.0)",0.0,0.0,0.17939608400111662,20.262065507976736,-0.5968107306961531,1.0,20.175,19.95,0.0,1.0,20.135,20.055,0.0,38.257501875004195,-17.65720607214071,False,False,False,True,True,0.0,0,0.9386098427194313,0.9614408929477416,True,False,False,False,-0.2761200975837973,-0.2601586874945168,False,False,False,False,4931.0,12969.53122395092,False,False,False,False,741.0308783098285,False,False,False,False
2025-06-23 18:00:00+00:00,20.155,20.165,20.135,20.165,3267.0,,,,,,,,,,,,,,,,,,,,,,20.135595762534088,20.2709398985573,,,"rgba(38, 166, 154, 1.0)",0.0,0.0,0.17917951137693736,20.263788515280943,-0.5513382334943644,0.0,0.0,0.0,0.0,0.0,0.0,0.0,0.0,43.59863332526926,-13.26534215517092,True,False,False,True,True,0.0,0,0.9515800203873597,0.9633027522935773,False,False,False,False,-0.18281437649511964,-0.22148653199481821,False,False,False,False,8198.0,12895.55399567261,False,False,False,False,780.1931902740172,False,False,False,False
2025-06-23 19:00:00+00:00,20.165,20.265,20.165,20.255,977.0,,,,,,,,,,,,,,,,,,,,,,20.151369545032498,20.27067932996564,,,"rgba(38, 166, 154, 1.0)",0.0,0.0,0.17796396031542983,20.265517297466147,-0.059097906382317975,0.0,0.0,0.0,0.0,0.0,0.0,0.0,0.0,50.084604725016106,-7.760940097490135,True,False,True,False,True,0.1453055415086233,0,0.9490316004077468,0.9612640163098872,False,False,False,False,-0.11556929472493042,-0.16852791335987433,False,False,False,False,9175.0,12837.870987987762,False,False,False,False,783.2444586418618,False,False,False,False
2025-06-24 14:00:00+00:00,20.355,20.485,20.345,20.475,300.0,,,,,,,,,,,,,,,,,,,,,,20.165447827046105,20.270987329197204,,,"rgba(38, 166, 154, 1.0)",0.0,0.0,0.17814261924866115,20.2678138424869,1.1630353162367137,0.0,0.0,0.0,0.0,0.0,0.0,0.0,0.0,58.66308568287473,-0.35468982143940053,True,False,True,False,True,7.359791895943847,0,0.9529529529529527,0.9479479479479469,False,False,False,False,0.08746366422352832,-0.040532124568173004,False,False,False,False,9475.0,12785.733453290279,False,False,False,False,775.7522964923755,False,False,False,False
2025-06-24 15:00:00+00:00,20.475,20.495,20.395,20.395,268.0,,,,,,,,,,,,,,,,,,,,,,20.176609632446134,20.2712503560565,,,"rgba(38, 166, 154, 1.0)",0.0,0.0,0.17731627974623115,20.277541767454814,0.662422157250806,0.0,0.0,0.0,0.0,0.0,0.0,0.0,0.0,61.25238171671268,1.586159992830268,True,False,True,False,True,4.516099142204631,0,0.9590818363273449,0.9481037924151686,False,False,False,False,0.11813261393356812,0.03880024468269756,False,False,False,False,9207.0,12730.249213704383,False,False,False,False,767.8801678645867,False,False,False,False
2025-06-24 16:00:00+00:00,20.395,20.435,20.385,20.415,1100.0,,,,,,,,,,,,,,,,,,,,,,20.21149397373628,20.272207220043658,,,"rgba(38, 166, 154, 1.0)",0.0,0.0,0.17569360615350757,20.283048531983383,0.75103170175315,0.0,0.0,0.0,0.0,0.0,0.0,0.0,0.0,63.35517919632174,3.450321012910024,True,False,True,False,True,5.1315065821541594,0,0.9553128103277061,0.9503475670307834,False,False,False,False,0.08236962662156928,0.06058493565213342,False,False,False,False,10307.0,12692.67945845315,False,False,False,False,773.0293125488566,False,False,False,False
2025-06-24 17:00:00+00:00,20.42,20.425,20.385,20.4,130.0,,,,,,,,,,,,,,,,,,,,,,20.21480067179351,20.272312737154213,,,"rgba(38, 166, 154, 1.0)",0.0,0.0,0.17579451559048215,20.283619281622936,0.6620270148141258,0.0,0.0,0.0,0.0,0.0,0.0,0.0,0.0,64.13518908526606,4.395796906197624,True,False,True,False,True,4.599620050733513,0,0.9554896142433235,0.9515331355093953,False,False,False,False,0.07727985070134878,0.0689323931767411,False,False,False,False,10177.0,12653.67667615155,False,False,False,False,763.0598658426728,False,False,False,False
2025-06-24 18:00:00+00:00,20.4,20.435,20.395,20.415,200.0,,,,,,,,,,,,,,,,,,,,,,20.21997244467407,20.272489165445656,,,"rgba(38, 166, 154, 1.0)",0.0,0.0,0.1759153154167616,20.28461467912893,0.741182315832901,0.0,0.0,0.0,0.0,0.0,0.0,0.0,0.0,64.99971686013674,5.669345833523671,True,False,True,False,True,5.0732432803811705,0,0.9566502463054185,0.9507389162561565,False,False,False,False,0.08746366422352832,0.0781980287001347,False,False,False,False,10377.0,12618.379363343,False,False,False,False,754.3302555195305,False,False,False,False
2025-06-24 19:00:00+00:00,20.415,20.455,20.4,20.415,3718.0,,,,,,,,,,,,,,,,,,,,,,20.285949389179756,20.2758785532839,,,"rgba(38, 166, 154, 1.0)",0.0,0.0,0.17585692382626886,20.299587554769396,0.6562860461759293,0.0,0.0,0.0,0.0,0.0,0.0,0.0,0.0,65.57606871005052,6.823050877082032,True,False,True,False,True,5.0732432803811705,0,0.9573738363547278,0.94904458598726,False,False,False,False,0.10021917896746614,0.08920860383380042,False,False,False,False,10377.0,12583.62929569427,False,False,False,False,800.2786236510105,False,False,False,False
2025-06-25 14:00:00+00:00,20.265,20.285,20.21,20.225,1464.0,,,,,,,,,,,,,,,,,,,,,,20.28074435159393,20.275563898889576,,,"rgba(38, 166, 154, 1.0)",0.0,0.0,0.17585692382626886,20.296730012467812,-0.40788847494383185,0.0,0.0,0.0,0.0,0.0,0.0,0.0,0.0,58.715949446151996,6.823050877082032,True,False,True,False,False,0.0,0,0.9495677233429393,0.9538904899135435,False,False,False,False,-0.0823697284588038,0.0034194376874983057,False,False,False,False,8913.0,12526.720314365677,False,False,False,False,810.5688775478941,False,False,False,False
2025-06-25 15:00:00+00:00,20.225,20.245,20.185,20.235,2404.0,,,,,,,,,,,,,,,,,,,,,,20.271478775226164,20.274798744515376,,,"rgba(38, 166, 154, 1.0)",0.0,0.0,0.17594627046365763,20.292510847242873,-0.32686596363378384,0.0,0.0,0.0,0.0,0.0,0.0,0.0,0.0,54.48942247219677,13.261188559863776,True,False,True,False,False,0.0,0,0.9474689589302765,0.9579751671442204,False,False,False,False,-0.11556929472493042,-0.05607492851871606,False,False,False,False,11317.0,12507.96496065458,False,False,False,False,835.2732360355237,False,False,False,False
2025-06-25 16:00:00+00:00,20.235,20.26,20.185,20.185,1861.0,,,,,,,,,,,,,,,,,,,,,,20.26482265790137,20.274094352737766,,,"rgba(38, 166, 154, 1.0)",0.0,0.0,0.17662820421015163,20.289596023509365,-0.5921818883745086,0.0,0.0,0.0,0.0,0.0,0.0,0.0,0.0,50.195716601044865,9.079495007078734,True,False,False,False,False,0.0,0,0.9465240641711226,0.9718035974720454,False,False,False,False,-0.10788795713536069,-0.08198144282703837,False,False,False,False,9456.0,12460.647674442882,False,False,False,False,851.1759765621048,False,False,False,False
2025-06-25 17:00:00+00:00,20.185,20.215,20.165,20.195,6500.0,,,,,,,,,,,,,,,,,,,,,,20.24474946177551,20.2710792374328,,,"rgba(38, 166, 154, 1.0)",0.0,0.0,0.17682782892141619,20.27513716243277,-0.45319315925313813,0.0,0.0,0.0,0.0,0.0,0.0,0.0,0.0,47.74555847189899,6.590689438360883,True,False,False,True,False,0.0,0,0.9318403115871466,0.9790652385589084,False,False,False,False,-0.14127734437904566,-0.11162939360304201,False,False,False,False,15956.0,12514.839183366248,False,False,False,False,938.7546435921497,False,False,False,False
2025-06-25 18:00:00+00:00,20.195,20.225,20.185,20.225,800.0,,,,,,,,,,,,,,,,,,,,,,20.243668722011243,20.270812959622333,,,"rgba(38, 166, 154, 1.0)",0.0,0.0,0.17666064072668414,20.274618130697338,-0.2808669236861968,0.0,0.0,0.0,0.0,0.0,0.0,0.0,0.0,47.38331343111449,5.8861293016702945,True,False,False,True,False,0.0,0,0.930243902439024,0.9809756097560961,False,False,False,False,-0.12583240038788648,-0.11873089699546424,False,False,False,False,16756.0,12580.593614631887,False,False,False,False,936.6034088077753,False,False,False,False
2025-06-25 19:00:00+00:00,20.225,20.28,20.185,20.195,5176.0,,,,,,,,,,,,,,,,,,,,,,20.239538962863083,20.26938103197332,,,"rgba(38, 166, 154, 1.0)",0.0,0.0,0.1764897210083416,20.27216896836359,-0.43724341521251114,0.0,0.0,0.0,0.0,0.0,0.0,0.0,0.0,46.05586322599714,4.1322298208625625,True,False,False,True,False,0.0,0,0.9284671532846712,0.9785888077858867,False,False,False,False,-0.09766570830694786,-0.10819830265120606,False,False,False,False,11580.0,12565.080535335268,False,False,False,False,1002.330487740988,False,False,False,False
2025-06-26 14:00:00+00:00,20.295,20.395,20.29,20.385,3388.0,,,,,,,,,,,,,,,,,,,,,,20.251544791698183,20.27096191815192,,,"rgba(38, 166, 154, 1.0)",0.0,0.0,0.17538007632325808,20.278069584802516,0.6097067434295834,0.0,0.0,0.0,0.0,0.0,0.0,0.0,0.0,51.438589074845765,4.1322298208625625,True,False,True,False,True,3.839803925814273,0,0.9257307139434593,0.9626257786296104,False,False,False,False,0.013908890126499573,-0.047144706262353245,False,False,False,False,14968.0,12602.335100678907,False,False,False,False,1039.317611962058,False,False,False,False
2025-06-26 15:00:00+00:00,20.38,20.4,20.325,20.335,1674.0,,,,,,,,,,,,,,,,,,,,,,20.256451464278516,20.271692514058444,,,"rgba(38, 166, 154, 1.0)",0.0,0.0,0.1738909516422397,20.280433594330148,0.31379669358597057,0.0,0.0,0.0,0.0,0.0,0.0,0.0,0.0,53.17036277907847,4.1322298208625625,True,False,True,False,True,2.183798304581291,0,0.9283667621776504,0.9632282712511927,False,False,False,False,0.03415114587276425,-0.006496780194794497,False,False,False,False,13294.0,12613.058587490086,False,False,False,False,1049.157648985902,False,False,False,False
2025-06-26 16:00:00+00:00,20.335,20.405,20.33,20.38,1000.0,,,,,,,,,,,,,,,,,,,,,,20.259676341888955,20.272219425939202,,,"rgba(38, 166, 154, 1.0)",0.0,0.0,0.1737954166450529,20.282011306563376,0.5638163268525529,0.0,0.0,0.0,0.0,0.0,0.0,0.0,0.0,55.52653211178739,-2.11179062168506,True,False,True,False,True,3.5618418888126406,0,0.942456479690522,0.9617988394584123,False,False,False,False,0.03921543585038428,0.016359327827794888,False,False,False,False,14294.0,12639.119694660782,False,False,False,False,1048.3955148930972,False,False,False,False
2025-06-26 17:00:00+00:00,20.38,20.4,20.36,20.385,500.0,,,,,,,,,,,,,,,,,,,,,,20.261360035332764,20.27250708768758,,,"rgba(38, 166, 154, 1.0)",0.0,0.0,0.17000058293482084,20.282842023399375,0.6009272135248743,0.0,0.0,0.0,0.0,0.0,0.0,0.0,0.0,57.23361554907296,-0.1445506613753622,True,False,True,False,True,3.714797612859151,0,0.9507797270955163,0.9566276803118894,False,False,False,False,0.05188553235025002,0.03412243008902245,False,False,False,False,14794.0,12672.528691642785,False,False,False,False,1039.893258848243,False,False,False,False
2025-06-26 18:00:00+00:00,20.385,20.4,20.36,20.39,2200.0,,,,,,,,,,,,,,,,,,,,,,20.268343178841267,20.27377409459076,,,"rgba(38, 166, 154, 1.0)",0.0,0.0,0.1660925607567041,20.28630661800426,0.6243108151462124,0.0,0.0,0.0,0.0,0.0,0.0,0.0,0.0,58.521700245852685,1.4763523888797678,True,False,True,False,True,3.870201182442159,0,0.9497560975609756,0.9507317073170719,False,False,False,False,0.05188553235025002,0.043003981219636236,False,False,False,False,16994.0,12739.528246811113,False,False,False,False,1057.8794098738517,False,False,False,False
2025-06-26 19:00:00+00:00,20.385,20.445,20.385,20.43,654.0,,,,,,,,,,,,,,,,,,,,,,20.270881076055716,20.274269364890298,,,"rgba(38, 166, 154, 1.0)",0.0,0.0,0.16184346235262953,20.287598674643792,0.8798707299398904,0.0,0.0,0.0,0.0,0.0,0.0,0.0,0.0,60.590663488935256,3.8332369681572516,True,False,True,False,True,5.113903090655008,0,0.9535906204201272,0.9472398632144589,False,False,False,False,0.08746366422352832,0.06523382272158228,False,False,False,False,17648.0,12815.628584069855,False,False,False,False,1051.6177135967378,False,False,False,False
2025-06-27 14:00:00+00:00,20.505,20.58,20.495,20.555,2401.0,,,,,,,,,,,,,,,,,,,,,,20.286650756151264,20.27757398038785,,,"rgba(38, 166, 154, 1.0)",0.0,0.0,0.1598319218530014,20.307713445029858,1.5471662487896065,0.0,0.0,0.0,0.0,0.0,0.0,0.0,0.0,64.87458923108137,8.14333685208463,True,False,True,False,True,8.804665168035239,0,0.9645114244044724,0.9338842975206597,False,False,False,False,0.21437401754056812,0.1398039201310752,False,False,False,False,20049.0,12927.77387734009,False,False,False,False,1072.538369199889,False,False,False,False
2025-06-27 15:00:00+00:00,20.555,20.57,20.465,20.475,67.0,,,,,,,,,,,,,,,,,,,,,,20.28700016847578,20.277651327653864,,,"rgba(38, 166, 154, 1.0)",0.0,0.0,0.15737191273826354,20.307841025540675,1.0621906511191759,0.0,0.0,0.0,0.0,0.0,0.0,0.0,0.0,64.03357167600772,8.14333685208463,True,False,True,False,True,6.01069652302424,0,0.9626213592233008,0.9330097087378625,False,False,False,False,0.19329123846734134,0.16654757929920827,False,False,False,False,19982.0,13037.141724203035,False,False,False,False,1056.9486270417513,False,False,False,False
2025-06-27 16:00:00+00:00,20.475,20.535,20.475,20.495,43.0,,,,,,,,,,,,,,,,,,,,,,20.2872221020068,20.27770057412795,,,"rgba(38, 166, 154, 1.0)",0.0,0.0,0.1551923247381725,20.30792182538562,1.2054602244666668,0.0,0.0,0.0,0.0,0.0,0.0,0.0,0.0,63.98419071260287,8.14333685208463,True,False,True,False,True,6.592492923218625,0,0.9649122807017544,0.9356725146198815,False,False,False,False,0.18020130705460505,0.17337444317690665,False,False,False,False,20025.0,13145.480612199888,False,False,False,False,1041.228493289166,False,False,False,False
2025-06-27 17:00:00+00:00,20.495,20.495,20.395,20.415,85.0,,,,,,,,,,,,,,,,,,,,,,20.28752349417345,20.27776890017682,,,"rgba(38, 166, 154, 1.0)",0.0,0.0,0.15094426511514727,20.307902643181276,0.7095159046753093,0.0,0.0,0.0,0.0,0.0,0.0,0.0,0.0,60.651902728183856,8.14333685208463,True,False,True,False,False,3.8774539451849357,0,0.9657701711491441,0.9339853300733482,False,False,False,False,0.11813261393356812,0.14575352855523738,False,False,False,False,19940.0,13250.821998057254,False,False,False,False,1026.4032453311943,False,False,False,False
2025-06-27 18:00:00+00:00,20.415,20.415,20.295,20.325,171.0,,,,,,,,,,,,,,,,,,,,,,20.287758355636274,20.277827598707226,,,"rgba(38, 166, 154, 1.0)",0.0,0.0,0.14726922701367687,20.307420440110512,0.11937021906046005,0.0,0.0,0.0,0.0,0.0,0.0,0.0,0.0,55.480106382604774,11.640684417793736,True,False,True,False,False,0.9752723815616342,0,0.9564579256360077,0.9403131115459868,False,False,False,False,0.0265579116986596,0.08615572012694848,False,False,False,False,19769.0,13351.879021343188,False,False,False,False,1013.141179512106,False,False,False,False
2025-06-27 19:00:00+00:00,20.32,20.43,20.315,20.425,632.0,,,,,,,,,,,,,,,,,,,,,,20.289279464846206,20.27818839731487,,,"rgba(38, 166, 154, 1.0)",0.0,0.0,0.1445489100179176,20.30692918495633,0.8168225898696424,0.0,0.0,0.0,0.0,0.0,0.0,0.0,0.0,55.14254299840283,11.203026249692307,True,False,True,False,False,3.9396298621928096,0,0.9480330257406507,0.9417192812044666,False,False,False,False,0.04428173713232803,0.06521872862963826,False,False,False,False,20401.0,13461.167718686704,False,False,False,False,1007.2320139382749,False,False,False,False
2025-06-30 14:00:00+00:00,20.37,20.42,20.355,20.385,962.0,,,,,,,,,,,,,,,,,,,,,,20.29143605266793,20.27871691373219,,,"rgba(38, 166, 154, 1.0)",0.0,0.0,0.14057308701445456,20.306773108704007,0.5564855475355002,0.0,0.0,0.0,0.0,0.0,0.0,0.0,0.0,53.62675514779025,9.532337192393733,True,False,True,False,False,2.6701039797206008,0,0.9504854368932036,0.9456310679611634,False,False,False,False,0.05949532683961152,0.06235702773462489,False,False,False,False,19439.0,13553.847288939623,False,False,False,False,1006.5307424043482,False,False,False,False
2025-06-30 15:00:00+00:00,20.395,20.425,20.355,20.36,240.0,,,,,,,,,,,,,,,,,,,,,,20.291922645483268,20.278839873000464,,,"rgba(38, 166, 154, 1.0)",0.0,0.0,0.1386539863397678,20.306772898787568,0.38388439176930944,0.0,0.0,0.0,0.0,0.0,0.0,0.0,0.0,51.813329638315174,7.564894179802991,False,False,False,False,False,1.881565963215639,0,0.9466795928259815,0.9481337857489079,False,False,False,False,0.06203341179972593,0.06219521976717541,False,False,False,False,19199.0,13641.369036397922,False,False,False,False,994.6465448476915,False,False,False,False
2025-06-30 16:00:00+00:00,20.36,20.405,20.345,20.385,1275.0,,,,,,,,,,,,,,,,,,,,,,20.294373290032702,20.279477440031638,,,"rgba(38, 166, 154, 1.0)",0.0,0.0,0.13622857712391265,20.307033314187635,0.5723225439068403,0.0,0.0,0.0,0.0,0.0,0.0,0.0,0.0,51.482369264562465,6.938396059772018,False,False,False,False,False,2.631276451185226,0,0.9431486880466471,0.9552964042759946,False,False,False,False,0.04681572368735725,0.05450547172726633,False,False,False,False,20474.0,13747.301299399503,False,False,False,False,998.9931100438514,False,False,False,False
2025-06-30 17:00:00+00:00,20.39,20.395,20.325,20.335,772.0,,,,,,,,,,,,,,,,,,,,,,20.29534052060327,20.279756455957312,,,"rgba(38, 166, 154, 1.0)",0.0,0.0,0.13463306823750112,20.306951069810413,0.20833611353272874,0.0,0.0,0.0,0.0,0.0,0.0,0.0,0.0,49.522991064656544,4.767570450430213,False,False,False,False,False,1.0401180823981448,0,0.9402041808458919,0.9562469615945538,False,False,False,False,0.03161967359350642,0.04306257266038638,False,False,False,False,19702.0,13839.622209486333,False,False,False,False,995.4738370199157,False,False,False,False
2025-06-30 18:00:00+00:00,20.335,20.395,20.335,20.395,713.0,,,,,,,,,,,,,,,,,,,,,,20.29656349137993,20.28009523524453,,,"rgba(38, 166, 154, 1.0)",0.0,0.0,0.13390742398455271,20.307278353638754,0.6550917324148134,0.0,0.0,0.0,0.0,0.0,0.0,0.0,0.0,50.42340705488857,4.767570450430213,False,False,False,False,False,2.8508862506245976,0,0.9462628236443574,0.954079140205177,False,False,False,False,0.036683055763635446,0.039872814212010915,False,False,False,False,20415.0,13941.566051199723,False,False,False,False,991.0943976862735,False,False,False,False
2025-06-30 19:00:00+00:00,20.395,20.445,20.385,20.415,692.0,,,,,,,,,,,,,,,,,,,,,,20.298302322456546,20.28055935329592,,,"rgba(38, 166, 154, 1.0)",0.0,0.0,0.13326080234420773,20.308125915380955,0.8019919041384118,0.0,0.0,0.0,0.0,0.0,0.0,0.0,0.0,51.718755986419566,4.767570450430213,False,False,False,False,False,3.4467523286239334,0,0.9471882640586797,0.9491442542787272,False,False,False,False,0.08746366422352832,0.06366823921776962,False,False,False,False,21107.0,14052.658050405927,False,False,False,False,986.457275241525,False,False,False,False
2025-07-01 14:00:00+00:00,20.47,20.765,20.465,20.755,702.0,,,,,,,,,,,,,,,,,,,,,,20.303634745101323,20.28188481260374,,,"rgba(38, 166, 154, 1.0)",0.0,0.0,0.14234943048829155,20.311944518933178,3.1124499729084847,0.0,0.0,0.0,0.0,0.0,0.0,0.0,0.0,59.511443766330615,4.315506433059021,True,False,True,False,True,12.413251214259681,0,0.9477434679334916,0.9220902612826589,False,False,False,False,0.298064245805919,0.1808662425118443,False,False,False,False,21809.0,14172.911413965525,False,False,False,False,982.0470849277029,False,False,False,False
2025-07-01 15:00:00+00:00,20.755,21.045,20.755,21.045,742.0,,,,,,,,,,,,,,,,,,,,,,20.31348213182923,20.284325762923263,,,"rgba(38, 166, 154, 1.0)",0.0,0.0,0.16570017969070006,20.31928058594071,4.379714104196729,0.0,0.0,0.0,0.0,0.0,0.0,0.0,0.0,67.2292030893198,11.187909781534223,True,False,True,False,True,18.568021271019816,0,0.9771241830065358,0.9019607843137241,False,False,False,False,0.34282817189088016,0.26184720720136223,False,False,False,False,22551.0,14302.804260260633,False,False,False,False,978.3254246962657,False,False,False,False
2025-07-01 16:00:00+00:00,21.045,21.175,20.895,20.895,829.0,,,,,,,,,,,,,,,,,,,,,,20.324805459415337,20.28719486995452,,,"rgba(38, 166, 154, 1.0)",0.0,0.0,0.1781474487987249,20.327522632873798,3.185436395260146,0.0,0.0,0.0,0.0,0.0,0.0,0.0,0.0,68.23390136071178,11.792762134409493,True,False,True,False,True,13.95114567824167,0,1.0112149532710277,0.881775700934578,False,False,False,False,0.34282818268100873,0.30233769494118545,False,False,False,False,21722.0,14417.830550799228,False,False,False,False,976.0103018327577,False,False,False,False
2025-07-01 17:00:00+00:00,20.895,20.985,20.87,20.965,951.0,,,,,,,,,,,,,,,,,,,,,,20.336423276010436,20.29023262888171,,,"rgba(38, 166, 154, 1.0)",0.0,0.0,0.19409728683507568,20.335705673829256,3.242159313156471,0.0,0.0,0.0,0.0,0.0,0.0,0.0,0.0,69.62896682868595,13.050065236787624,True,False,True,False,True,15.35264414941507,0,0.9972054028877503,0.8998602701443862,False,False,False,False,0.2674851720683775,0.2849114335047815,False,False,False,False,22673.0,14545.817674042652,False,False,False,False,975.6225452151955,False,False,False,False
2025-07-01 18:00:00+00:00,20.965,21.025,20.94,21.015,2800.0,,,,,,,,,,,,,,,,,,,,,,20.37102480655154,20.299735503241354,,,"rgba(38, 166, 154, 1.0)",0.0,0.0,0.21075529125688347,20.359482581678904,3.110324843622102,0.0,0.0,0.0,0.0,0.0,0.0,0.0,0.0,71.06922122784349,14.52128234572389,True,False,True,False,True,16.334268868883594,0,1.0037157454714352,0.8941012540640955,False,False,False,False,0.3056127591168305,0.295262096310806,False,False,False,False,25473.0,14715.231353514859,False,False,False,False,1003.9074669948048,False,False,False,False
2025-07-01 19:00:00+00:00,21.01,21.01,20.955,20.97,668.0,,,,,,,,,,,,,,,,,,,,,,20.378561723578446,20.301916576450875,,,"rgba(38, 166, 154, 1.0)",0.0,0.0,0.22413611935603114,20.364543793150766,2.70128798780303,0.0,0.0,0.0,0.0,0.0,0.0,0.0,0.0,70.71800405669941,14.52128234572389,True,False,True,False,True,14.974422667519821,0,1.0037122969837586,0.8955916473317852,False,False,False,False,0.3056127591168305,0.30043742771381826,False,False,False,False,24805.0,14871.661875165792,False,False,False,False,998.699599289459,False,False,False,False
2025-07-02 14:00:00+00:00,21.03,21.095,20.985,21.075,3400.0,,,,,,,,,,,,,,,,,,,,,,20.418553279977633,20.31398441703948,,,"rgba(38, 166, 154, 1.0)",0.0,0.0,0.24072351528421973,20.391411823045495,2.8397233072448254,0.0,0.0,0.0,0.0,0.0,0.0,0.0,0.0,71.70860900113577,15.718106335743329,True,False,True,False,True,17.029434296747436,0,1.0060073937153418,0.8886321626617363,False,False,False,False,0.34282818302671675,0.3216328053702675,False,False,False,False,28205.0,15078.380295705856,False,False,False,False,1035.9290628663666,False,False,False,False
2025-07-02 15:00:00+00:00,21.075,21.2,21.075,21.155,1496.0,,,,,,,,,,,,,,,,,,,,,,20.437017755980158,20.31981669338273,,,"rgba(38, 166, 154, 1.0)",0.0,0.0,0.2590240692840143,20.40386744513578,2.899856206183758,0.0,0.0,0.0,0.0,0.0,0.0,0.0,0.0,73.2026038909332,17.501249359527705,True,False,True,False,True,18.532409470911333,0,1.0105649977032611,0.88148828663298,False,False,False,False,0.3428281891592235,0.3322304972647455,False,False,False,False,29701.0,15305.087577942973,False,False,False,False,1043.0619456126244,False,False,False,False
2025-07-02 16:00:00+00:00,21.155,21.155,21.105,21.115,1729.0,,,,,,,,,,,,,,,,,,,,,,20.456695202174767,20.3263081693556,,,"rgba(38, 166, 154, 1.0)",0.0,0.0,0.27381888865409804,20.417109004126562,2.548732117436382,0.0,0.0,0.0,0.0,0.0,0.0,0.0,0.0,72.9096593786602,17.592119383035254,True,False,True,False,True,17.31133201000821,0,1.01949860724234,0.8881151346332393,False,False,False,False,0.33794182944964696,0.3350861633571962,False,False,False,False,27972.0,15501.473817044633,False,False,False,False,1053.6966441302582,False,False,False,False
2025-07-02 17:00:00+00:00,21.115,21.155,21.1,21.155,500.0,,,,,,,,,,,,,,,,,,,,,,20.46227321947138,20.328193074680566,,,"rgba(38, 166, 154, 1.0)",0.0,0.0,0.2892127712031556,20.420870654964897,2.5383711168115033,0.0,0.0,0.0,0.0,0.0,0.0,0.0,0.0,73.21264681117023,18.323150975018834,True,False,True,False,True,18.069731873598396,0,1.005591798695247,0.8946877912395141,False,False,False,False,0.3363165026482761,0.3357013330027362,False,False,False,False,28472.0,15702.567246237739,False,False,False,False,1045.1122000352154,False,False,False,False
2025-07-02 18:00:00+00:00,21.155,21.235,21.155,21.205,969.0,,,,,,,,,,,,,,,,,,,,,,20.473791989664086,20.332097904095022,,,"rgba(38, 166, 154, 1.0)",0.0,0.0,0.3050450712525569,20.42868499466471,2.5449190250726956,0.0,0.0,0.0,0.0,0.0,0.0,0.0,0.0,74.03070969115339,19.528935662512808,True,False,True,False,True,19.008617867141552,0,1.0041782729805013,0.8890436397400175,False,False,False,False,0.3428281923057471,0.33926476265424166,False,False,False,False,29441.0,15915.56620366041,False,False,False,False,1043.9321659261423,False,False,False,False
2025-07-02 19:00:00+00:00,21.205,21.24,21.165,21.22,2095.0,,,,,,,,,,,,,,,,,,,,,,20.497831107292562,20.340517680010766,,,"rgba(38, 166, 154, 1.0)",0.0,0.0,0.3201227945704365,20.445050325479848,2.4207887962493695,0.0,0.0,0.0,0.0,0.0,0.0,0.0,0.0,74.7648341223489,20.617860568541303,True,False,True,False,True,19.289872034453563,0,1.0027777777777775,0.8916666666666655,False,False,False,False,0.34282819269393244,0.341046477674087,False,False,False,False,31536.0,16157.743471820713,False,False,False,False,1060.2277912606205,False,False,False,False
2025-07-03 14:00:00+00:00,21.27,21.335,21.245,21.285,2498.0,,,,,,,,,,,,,,,,,,,,,,20.527519657811254,20.35125422104522,,,"rgba(38, 166, 154, 1.0)",0.0,0.0,0.3362173926719404,20.51041320737736,2.3038272543456175,0.0,0.0,0.0,0.0,0.0,0.0,0.0,0.0,76.06142128438775,22.177740260421686,True,False,True,False,True,20.0,0,1.0082949308755758,0.883410138248847,False,False,False,False,0.34282819688859434,0.3419373372813407,False,False,False,False,34034.0,16434.89473582349,False,False,False,False,1082.51883325658,False,False,False,False
2025-07-03 15:00:00+00:00,21.285,21.315,21.235,21.285,1127.0,,,,,,,,,,,,,,,,,,,,,,20.540029519022276,20.355968062116233,,,"rgba(38, 166, 154, 1.0)",0.0,0.0,0.35111761074682596,20.51865979265297,2.1825741116118573,0.0,0.0,0.0,0.0,0.0,0.0,0.0,0.0,76.92581272574698,23.279547017702214,True,False,True,False,True,20.0,0,1.0096640589047396,0.883110906580763,False,False,False,False,0.3342234667950719,0.33808040203820633,False,False,False,False,34034.0,16707.74908100452,False,False,False,False,1083.2084637487258,False,False,False,False
2025-07-03 16:00:00+00:00,21.285,21.305,21.255,21.285,1477.0,,,,,,,,,,,,,,,,,,,,,,20.555877979850592,20.36209579639606,,,"rgba(38, 166, 154, 1.0)",0.0,0.0,0.36493053763323335,20.52929950235002,2.070806413053549,0.0,0.0,0.0,0.0,0.0,0.0,0.0,0.0,77.50207368665313,24.09597831302918,True,False,True,False,True,20.0,0,1.0212962962962964,0.8796296296296289,False,False,False,False,0.337086354058713,0.33758337804845967,False,False,False,False,34034.0,16976.373126260263,False,False,False,False,1089.3137588844045,False,False,False,False
2025-07-03 17:00:00+00:00,21.285,21.285,21.285,21.285,0.0,,,,,,,,,,,,,,,,,,,,,,20.555877979850592,20.36209579639606,,,"rgba(38, 166, 154, 1.0)",0.0,0.0,0.3771264036424768,20.52929950235002,2.003838740409165,0.0,0.0,0.0,0.0,0.0,0.0,0.0,0.0,77.88624766059057,24.73168771854715,True,False,True,False,True,20.0,0,1.0246511627906978,0.8776744186046503,False,False,False,False,0.33995457667203305,0.33876897736024636,False,False,False,False,34034.0,17240.832457636072,False,False,False,False,1072.4251734753439,False,False,False,False
2025-07-03 18:00:00+00:00,21.285,21.285,21.285,21.285,0.0,,,,,,,,,,,,,,,,,,,,,,20.555877979850592,20.36209579639606,,,"rgba(38, 166, 154, 1.0)",0.0,0.0,0.38782600352347896,20.52929950235002,1.9485555140302215,0.0,0.0,0.0,0.0,0.0,0.0,0.0,0.0,78.14236364321553,25.24935717680289,True,False,True,False,True,20.0,0,1.0256889304063523,0.8757589911256414,False,False,False,False,0.33995457667203305,0.3393617770161397,False,False,False,False,34034.0,17501.19164433939,False,False,False,False,1055.798426599757,False,False,False,False
2025-07-03 19:00:00+00:00,21.285,21.285,21.285,21.285,0.0,,,,,,,,,,,,,,,,,,,,,,20.555877979850592,20.36209579639606,,,"rgba(38, 166, 154, 1.0)",0.0,0.0,0.3977514276507167,20.52929950235002,1.8999315781553736,0.0,0.0,0.0,0.0,0.0,0.0,0.0,0.0,78.31310763163216,25.686141249438066,True,False,True,False,True,20.0,0,1.0229723394280357,0.8776371308016868,False,False,False,False,0.33995457667203305,0.3396581768440864,False,False,False,False,34034.0,17757.51425450467,False,False,False,False,1039.4294587454972,False,False,False,False
2025-07-04 14:00:00+00:00,21.285,21.285,21.285,21.285,0.0,,,,,,,,,,,,,,,,,,,,,,20.555877979850592,20.36209579639606,,,"rgba(38, 166, 154, 1.0)",0.0,0.0,0.40662752728502244,20.52929950235002,1.8584587784689663,0.0,0.0,0.0,0.0,0.0,0.0,0.0,0.0,78.42693695724326,26.063931951675684,True,False,True,False,True,20.0,0,1.0264400377714826,0.876770538243625,False,False,False,False,0.33995457667203305,0.3398063767580597,False,False,False,False,34034.0,18009.8628707139,False,False,False,False,1023.3142733385902,False,False,False,False
2025-07-04 15:00:00+00:00,21.285,21.285,21.285,21.285,0.0,,,,,,,,,,,,,,,,,,,,,,20.555877979850592,20.36209579639606,,,"rgba(38, 166, 154, 1.0)",0.0,0.0,0.41460577172288904,20.52929950235002,1.8226965208652914,0.0,0.0,0.0,0.0,0.0,0.0,0.0,0.0,78.50282317431731,26.395685028306005,True,False,True,False,True,20.0,0,1.033317467872442,0.8700618752974765,False,False,False,False,0.33995457667203305,0.3398804767150464,False,False,False,False,34034.0,18258.299105276474,False,False,False,False,1007.4489357674493,False,False,False,False
2025-07-04 16:00:00+00:00,21.285,21.285,21.285,21.285,0.0,,,,,,,,,,,,,,,,,,,,,,20.555877979850592,20.36209579639606,,,"rgba(38, 166, 154, 1.0)",0.0,0.0,0.42144872407804757,20.52929950235002,1.7931018756863808,0.0,0.0,0.0,0.0,0.0,0.0,0.0,0.0,78.55341398570002,26.689257074506912,True,False,True,False,True,20.0,0,1.0418068236424793,0.8611244593945209,False,False,False,False,0.33995457667203305,0.3399175266935397,False,False,False,False,34034.0,18502.88361527219,False,False,False,False,991.8295724222174,False,False,False,False
2025-07-04 17:00:00+00:00,21.285,21.285,21.285,21.285,0.0,,,,,,,,,,,,,,,,,,,,,,20.555877979850592,20.36209579639606,,,"rgba(38, 166, 154, 1.0)",0.0,0.0,0.42923934397303604,20.52929950235002,1.760557386597466,0.0,0.0,0.0,0.0,0.0,0.0,0.0,0.0,78.58714119328849,26.9496858280679,True,False,True,False,True,20.0,0,1.0343160947317545,0.8661188980183655,False,False,False,False,0.33995457667203305,0.3399360516827864,False,False,False,False,34034.0,18743.676117360992,False,False,False,False,976.4523697490048,False,False,False,False
2025-07-04 18:00:00+00:00,21.285,21.285,21.285,21.285,0.0,,,,,,,,,,,,,,,,,,,,,,20.555877979850592,20.36209579639606,,,"rgba(38, 166, 154, 1.0)",0.0,0.0,0.43606140570972146,20.52929950235002,1.7330139465564989,0.0,0.0,0.0,0.0,0.0,0.0,0.0,0.0,78.60962599834747,27.180509356652223,True,False,True,False,True,20.0,0,1.0345498783454987,0.8661800486617994,False,False,False,False,0.33995457667203305,0.3399453141774097,False,False,False,False,34034.0,18980.73540236315,False,False,False,False,961.3135733187876,False,False,False,False
2025-07-04 19:00:00+00:00,21.285,21.285,21.285,21.285,0.0,,,,,,,,,,,,,,,,,,,,,,20.555877979850592,20.36209579639606,,,"rgba(38, 166, 154, 1.0)",0.0,0.0,0.44234630353631504,20.52929950235002,1.7083911216360796,0.0,0.0,0.0,0.0,0.0,0.0,0.0,0.0,78.6246158683868,27.384501688411646,True,False,True,False,True,20.0,0,1.0337408312958434,0.8645476772616129,False,False,False,False,0.33995457667203305,0.33994994542472134,False,False,False,False,34034.0,19214.119349613335,False,False,False,False,946.4094869107444,False,False,False,False
2025-07-07 14:00:00+00:00,21.26,21.29,21.135,21.155,467.0,,,,,,,,,,,,,,,,,,,,,,20.560156142216602,20.363831932723002,,,"rgba(239, 83, 80, 1.0)",0.0,0.0,0.4455237832500435,20.53180643305259,1.3987885504142716,0.0,0.0,0.0,0.0,0.0,0.0,0.0,0.0,66.68497761764263,18.948489479992332,False,False,True,False,False,15.489122934079397,0,1.023809523809524,0.8639455782312916,False,False,False,False,0.2988630426580328,0.3194064940413771,False,False,False,False,33567.0,19436.64463101468,False,False,False,False,938.9767816873219,False,False,False,False
2025-07-07 15:00:00+00:00,21.15,21.16,21.025,21.055,901.0,,,,,,,,,,,,,,,,,,,,,,20.566801234305174,20.366706251985953,,,"rgba(239, 83, 80, 1.0)",0.0,0.0,0.4461103971961172,20.534917413474943,1.1658158827811849,0.0,0.0,0.0,0.0,0.0,0.0,0.0,0.0,54.6892569309938,8.716774904234114,False,True,False,False,False,11.909483859122034,0,1.014036786060019,0.8765730880929323,False,False,False,False,0.23287768594963784,0.2761420899955075,False,False,False,False,32666.0,19641.750915805147,False,False,False,False,938.3879943743402,False,False,False,False
2025-07-07 16:00:00+00:00,21.055,21.085,20.945,20.975,11.0,,,,,,,,,,,,,,,,,,,,,,20.566869089499168,20.36673736293921,,,"rgba(239, 83, 80, 1.0)",0.0,0.0,0.4452087272401593,20.5349420892492,0.9884305581310436,0.0,0.0,0.0,0.0,0.0,0.0,0.0,0.0,44.61576192141812,0.6184925876563767,False,True,False,True,False,9.19072298315006,0,1.0029339853300734,0.897310513447432,False,False,False,False,0.19133008482591274,0.2337360874107101,False,False,False,False,32655.0,19843.506715560106,False,False,False,False,924.0098859344279,False,False,False,False
2025-07-07 17:00:00+00:00,20.98,21.07,20.975,21.015,0.0,,,,,,,,,,,,,,,,,,,,,,20.566869089499168,20.36673736293921,,,"rgba(239, 83, 80, 1.0)",0.0,0.0,0.44449051713148213,20.5349420892492,1.080018340658544,0.0,0.0,0.0,0.0,0.0,0.0,0.0,0.0,40.47940002555563,-2.0802062217507142,False,True,False,True,False,10.224574206518497,0,1.0102689486552567,0.894865525672371,False,False,False,False,0.1953202412318421,0.2145281643212761,False,False,False,False,32655.0,20042.13451841964,False,False,False,False,909.6841512687778,False,False,False,False
2025-07-07 18:00:00+00:00,21.015,21.035,20.915,21.015,667.0,,,,,,,,,,,,,,,,,,,,,,20.57081940989934,20.36857864210471,,,"rgba(239, 83, 80, 1.0)",0.0,0.0,0.44345661091673794,20.56503599834307,1.0146742445145644,0.0,0.0,0.0,0.0,0.0,0.0,0.0,0.0,37.72182542831396,-3.9395347340445,False,True,False,True,False,10.224574206518508,0,1.0029197080291972,0.8978102189781014,False,False,False,False,0.17014736904069347,0.1923377666809848,False,False,False,False,32655.0,20237.682820459646,False,False,False,False,905.9216062878666,False,False,False,False
2025-07-07 19:00:00+00:00,21.015,21.025,20.94,20.995,251.0,,,,,,,,,,,,,,,,,,,,,,20.572280995323045,20.369266859785093,,,"rgba(239, 83, 80, 1.0)",0.0,0.0,0.44187613934508463,20.565562646672035,0.9718500617943426,0.0,0.0,0.0,0.0,0.0,0.0,0.0,0.0,35.229835676220304,-5.940993610067807,False,True,False,True,False,9.533195395946017,0,1.0053268765133174,0.8958837772397088,False,False,False,False,0.1741070718044257,0.18322241924270524,False,False,False,False,32404.0,20426.30789301066,False,False,False,False,895.7677829345663,False,False,False,False
2025-07-08 14:00:00+00:00,21.065,21.185,20.98,21.18,600.0,,,,,,,,,,,,,,,,,,,,,,20.57680277446052,20.371246480815383,,,"rgba(38, 166, 154, 1.0)",0.0,0.0,0.4425020791929515,20.57067070238019,1.3770088916443548,0.0,0.0,0.0,0.0,0.0,0.0,0.0,0.0,42.58630505481989,-5.940993610067807,False,True,False,True,True,14.189540566179904,0,1.0071428571428571,0.8838095238095232,False,False,False,False,0.22747503847829667,0.20534872886050096,False,False,False,False,33004.0,20621.310871413592,False,False,False,False,891.1822359123249,False,False,False,False
2025-07-08 15:00:00+00:00,21.185,21.285,21.16,21.23,200.0,,,,,,,,,,,,,,,,,,,,,,20.578597986540007,20.372001270133165,,,"rgba(38, 166, 154, 1.0)",0.0,0.0,0.44351526782376827,20.572966048373026,1.4814235253972103,0.0,0.0,0.0,0.0,0.0,0.0,0.0,0.0,48.992045755460055,-11.238803991761785,False,True,False,False,True,15.35941200856783,0,1.0222643297015632,0.8806252960682136,False,False,False,False,0.3044700898180148,0.2549094093392579,False,False,False,False,33204.0,20816.391323019583,False,False,False,False,880.4662322547695,False,False,False,False
2025-07-08 16:00:00+00:00,21.23,21.265,21.155,21.16,0.0,,,,,,,,,,,,,,,,,,,,,,20.578597986540007,20.372001270133165,,,"rgba(38, 166, 154, 1.0)",0.0,0.0,0.44292773900714216,20.572966048373026,1.3253492611297226,0.0,0.0,0.0,0.0,0.0,0.0,0.0,0.0,50.32750979886693,-10.079018227455322,False,True,False,False,True,12.94250117598515,0,1.016175071360609,0.8920076117982871,False,False,False,False,0.2974641406232685,0.2761867749812632,False,False,False,False,33204.0,21008.4472714999,False,False,False,False,866.8155929950055,False,False,False,False
2025-07-08 17:00:00+00:00,21.165,21.205,21.135,21.2,300.0,,,,,,,,,,,,,,,,,,,,,,20.58108606613895,20.373071358463974,,,"rgba(38, 166, 154, 1.0)",0.0,0.0,0.4434691047264115,20.57545345342498,1.4083203089430973,0.0,0.0,0.0,0.0,0.0,0.0,0.0,0.0,52.532340264475785,-7.79084378597873,False,True,True,False,True,13.895508508005328,0,1.0114176974310183,0.8981921979067553,False,False,False,False,0.2752308346971479,0.27570880483920557,False,False,False,False,33504.0,21202.176771166563,False,False,False,False,858.0277543439202,False,False,False,False
2025-07-08 18:00:00+00:00,21.2,21.255,21.19,21.22,0.0,,,,,,,,,,,,,,,,,,,,,,20.58108606613895,20.373071358463974,,,"rgba(38, 166, 154, 1.0)",0.0,0.0,0.44343481193116924,20.57545345342498,1.4535316786880186,0.0,0.0,0.0,0.0,0.0,0.0,0.0,0.0,54.6490777751998,-5.419512519753582,False,True,True,False,True,14.37054781538924,0,1.0137636449928809,0.8936877076411958,False,False,False,False,0.3044700898180148,0.2900894473286102,False,False,False,False,33504.0,21392.902712698862,False,False,False,False,844.724998462619,False,False,False,False
2025-07-08 19:00:00+00:00,21.22,21.245,21.175,21.185,2027.0,,,,,,,,,,,,,,,,,,,,,,20.597961569248245,20.380420134179253,,,"rgba(38, 166, 154, 1.0)",0.0,0.0,0.4425927092783005,20.589722547815974,1.3449779892549396,0.0,0.0,0.0,0.0,0.0,0.0,0.0,0.0,54.46064932925221,-5.061100194977072,False,True,True,False,True,13.146847226213648,0,1.0109108159392788,0.8984819734345346,False,False,False,False,0.2974641406232685,0.29377679397593937,False,False,False,False,31477.0,21549.24530630043,False,False,False,False,863.0548434476947,False,False,False,False
2025-07-09 14:00:00+00:00,21.34,21.345,21.195,21.205,300.0,,,,,,,,,,,,,,,,,,,,,,20.600568583174105,20.38155788362101,,,"rgba(38, 166, 154, 1.0)",0.0,0.0,0.4410970966223305,20.5918984704683,1.389946871621868,0.0,0.0,0.0,0.0,0.0,0.0,0.0,0.0,55.096976948231855,-3.7575572636627967,False,True,True,False,True,13.636766875918902,0,1.007497656982193,0.8903467666354262,False,False,False,False,0.331365853208789,0.31257132359236417,False,False,False,False,31777.0,21707.815146512825,False,False,False,False,854.3253109911412,False,False,False,False
2025-07-09 15:00:00+00:00,21.205,21.255,21.17,21.255,947.0,,,,,,,,,,,,,,,,,,,,,,20.608391917805807,20.38504060105224,,,"rgba(38, 166, 154, 1.0)",0.0,0.0,0.4400669277517942,20.597929890140353,1.4931140433944299,0.0,0.0,0.0,0.0,0.0,0.0,0.0,0.0,57.30739350150725,-0.9869831973449976,False,True,True,False,True,14.852105717242129,0,1.014097744360902,0.8975563909774432,False,False,False,False,0.2988630426580328,0.30571718312519847,False,False,False,False,32724.0,21878.60871013278,False,False,False,False,855.7621278749995,False,False,False,False
2025-07-09 16:00:00+00:00,21.255,21.28,21.215,21.245,621.0,,,,,,,,,,,,,,,,,,,,,,20.613579377647483,20.387362771137678,,,"rgba(38, 166, 154, 1.0)",0.0,0.0,0.43819837952669655,20.601960890818955,1.467461175633741,0.0,0.0,0.0,0.0,0.0,0.0,0.0,0.0,58.22769444513249,0.5315635282189533,False,False,True,False,True,14.49038827068636,0,1.0181644359464626,0.9153919694072652,False,False,False,False,0.31857022863859025,0.31214370588189433,False,False,False,False,32103.0,22037.126404549323,False,False,False,False,852.1224049622087,False,False,False,False
2025-07-09 17:00:00+00:00,21.245,21.31,21.235,21.295,937.0,,,,,,,,,,,,,,,,,,,,,,20.621652660340118,20.39097799917876,,,"rgba(38, 166, 154, 1.0)",0.0,0.0,0.4359948962425519,20.60840145740583,1.5747857337582343,0.0,0.0,0.0,0.0,0.0,0.0,0.0,0.0,60.59007273937074,3.3484265301506966,False,False,True,False,True,15.708198922895225,0,1.0090778786430956,0.9159101767797416,False,False,False,False,0.3327940046243441,0.3224688552531192,False,False,False,False,33040.0,22207.71359207569,False,False,False,False,853.438336668221,False,False,False,False
2025-07-09 18:00:00+00:00,21.29,21.325,21.265,21.315,614.0,,,,,,,,,,,,,,,,,,,,,,20.62700833760903,20.393388505935427,,,"rgba(38, 166, 154, 1.0)",0.0,0.0,0.4319717833627873,20.61269436366927,1.6258136836241144,0.0,0.0,0.0,0.0,0.0,0.0,0.0,0.0,62.81041197767265,5.927267905915045,False,False,True,False,True,16.19129215695471,0,1.0100047641734156,0.9128156264888039,False,False,False,False,0.34282819711113527,0.33264852618212726,False,False,False,False,33654.0,22385.175396849707,False,False,False,False,849.7261143942951,False,False,False,False
2025-07-09 19:00:00+00:00,21.315,21.35,21.285,21.34,1921.0,,,,,,,,,,,,,,,,,,,,,,20.64379383082335,20.401040075819125,,,"rgba(38, 166, 154, 1.0)",0.0,0.0,0.42533796842909966,20.626083725804953,1.6784682468667276,0.0,0.0,0.0,0.0,0.0,0.0,0.0,0.0,65.08521720728383,8.47935974341138,False,False,True,False,True,16.79617570221039,0,1.0109315589353607,0.9125475285171096,False,False,False,False,0.3428281980916263,0.3377383621368768,False,False,False,False,35575.0,22589.668801549713,False,False,False,False,866.3350118455463,False,False,False,False
2025-07-10 14:00:00+00:00,21.44,21.635,21.44,21.565,146.0,,,,,,,,,,,,,,,,,,,,,,20.64544101782315,20.401754758527186,,,"rgba(38, 166, 154, 1.0)",0.0,0.0,0.4272123446102595,20.627597637457008,2.1942305140975598,0.0,0.0,0.0,0.0,0.0,0.0,0.0,0.0,70.89628635413649,14.151019703180168,True,False,True,False,True,20.0,0,1.0232883092687468,0.8914764788076379,False,False,False,False,0.3428282061640874,0.3402832841504821,False,False,False,False,35721.0,22793.255331758242,False,False,False,False,855.1670271657705,False,False,False,False
2025-07-10 15:00:00+00:00,21.565,21.62,21.525,21.535,0.0,,,,,,,,,,,,,,,,,,,,,,20.64544101782315,20.401754758527186,,,"rgba(38, 166, 154, 1.0)",0.0,0.0,0.4277926478442078,20.627597637457008,2.121126595128973,0.0,0.0,0.0,0.0,0.0,0.0,0.0,0.0,73.12449739934988,16.33699843017679,True,False,True,False,True,20.0,0,1.0311049210770653,0.8913649025069629,False,False,False,False,0.3428282072397533,0.3415557456951177,False,False,False,False,35721.0,22993.68548165346,False,False,False,False,841.9086236438205,False,False,False,False
2025-07-10 16:00:00+00:00,21.535,21.595,21.535,21.575,400.0,,,,,,,,,,,,,,,,,,,,,,20.650030980475044,20.403745201248963,,,"rgba(38, 166, 154, 1.0)",0.0,0.0,0.43030656367146974,20.63181943449719,2.1918804989991036,0.0,0.0,0.0,0.0,0.0,0.0,0.0,0.0,75.22545498040672,18.47233152823614,True,False,True,False,True,20.0,0,1.0283985102420854,0.9008379888268148,False,False,False,False,0.33929414588821427,0.340424945791666,False,False,False,False,36121.0,23197.20973775186,False,False,False,False,835.0573271532186,False,False,False,False
2025-07-10 17:00:00+00:00,21.575,21.64,21.575,21.615,0.0,,,,,,,,,,,,,,,,,,,,,,20.650030980475044,20.403745201248963,,,"rgba(38, 166, 154, 1.0)",1.0,21.521667,0.4364938417364954,20.63181943449719,2.252450026766565,0.0,0.0,0.0,0.0,0.0,0.0,0.0,0.0,77.20760395845456,20.548390877447616,True,False,True,False,True,20.0,0,1.0377622377622373,0.8927738927738919,False,False,False,False,0.3428282082685055,0.34162657703008575,False,False,False,False,36121.0,23397.578579027024,False,False,False,False,822.1107019260369,False,True,False,False
2025-07-10 18:00:00+00:00,21.615,21.625,21.53,21.535,0.0,,,,,,,,,,,,,,,,,,,,,,20.650030980475044,20.403745201248963,,,"rgba(38, 166, 154, 1.0)",0.0,0.0,0.43926850538119805,20.63181943449719,2.056101346758356,0.0,0.0,0.0,0.0,0.0,0.0,0.0,0.0,74.19374498416809,20.548390877447616,True,False,True,False,False,19.367605161922512,0,1.036211699164345,0.8890436397400178,False,False,False,False,0.3290462290227321,0.33533640302640894,False,False,False,False,36121.0,23594.840926639008,False,False,False,False,809.3647995705944,False,False,False,False
2025-07-10 19:00:00+00:00,21.535,21.575,21.515,21.53,229.0,,,,,,,,,,,,,,,,,,,,,,20.652557796898762,20.4048540259519,,,"rgba(38, 166, 154, 1.0)",0.0,0.0,0.4417085684696101,20.688505874746753,1.9050889779403137,0.0,0.0,0.0,0.0,0.0,0.0,0.0,0.0,71.93137326103854,20.548390877447616,True,False,True,False,False,19.182107075478196,0,1.0320037105751387,0.8965677179962885,False,False,False,False,0.31425054871914576,0.32479347587277735,False,False,False,False,35892.0,23785.494555683363,False,False,False,False,800.3668957012828,False,False,False,False
2025-07-11 14:00:00+00:00,21.295,21.335,21.255,21.315,101.0,,,,,,,,,,,,,,,,,,,,,,20.65336961501789,20.405239848757212,,,"rgba(239, 83, 80, 1.0)",0.0,0.0,0.4401044409216209,20.685438129703762,1.4304828848758637,0.0,0.0,0.0,0.0,0.0,0.0,0.0,0.0,62.55469481234688,19.77283334785477,False,False,True,False,False,11.703899588511543,0,1.0320366132723107,0.9002288329519441,False,False,False,False,0.20429063859233884,0.2645420572325581,False,False,False,False,35791.0,23971.62642303711,False,False,False,False,789.523998093511,False,False,False,False
2025-07-11 15:00:00+00:00,21.315,21.315,21.265,21.285,823.0,,,,,,,,,,,,,,,,,,,,,,20.659775292146765,20.408324822749233,,,"rgba(239, 83, 80, 1.0)",0.0,0.0,0.4380534028903304,20.683545968740297,1.3730153156926412,0.0,0.0,0.0,0.0,0.0,0.0,0.0,0.0,55.542781566473366,13.582469550299301,False,True,True,False,False,10.73463547591609,0,1.0330123796423656,0.8963778083447951,False,False,False,False,0.20214847571426686,0.23334526647341247,False,False,False,False,34968.0,24142.112835083044,False,False,False,False,790.043005875007,False,False,False,False
2025-07-11 16:00:00+00:00,21.285,21.315,21.245,21.305,500.0,,,,,,,,,,,,,,,,,,,,,,20.663604227582844,20.410188544715492,,,"rgba(239, 83, 80, 1.0)",0.0,0.0,0.4358974071379235,20.685448601826288,1.421323889585969,0.0,0.0,0.0,0.0,0.0,0.0,0.0,0.0,51.60134659114813,10.239382200077102,False,True,False,False,False,11.219670307489146,0,1.0335016062413946,0.8953648462597511,False,False,False,False,0.19786961454660199,0.21560744051000724,False,False,False,False,35468.0,24317.707984926717,False,False,False,False,785.5462150862472,False,False,False,False
2025-07-11 17:00:00+00:00,21.305,21.355,21.295,21.33,373.0,,,,,,,,,,,,,,,,,,,,,,20.666603782356816,20.411634216068553,,,"rgba(239, 83, 80, 1.0)",0.0,0.0,0.42989077808333725,20.687658606380662,1.49419672709242,0.0,0.0,0.0,0.0,0.0,0.0,0.0,0.0,49.91612727330232,8.760105869724669,False,True,False,False,False,11.827813428889645,0,1.0413602941176467,0.8883272058823519,False,False,False,False,0.21718326269294766,0.21639535160147744,False,False,False,False,35841.0,24496.363675082892,False,False,False,False,779.1501497360729,False,False,False,False
2025-07-11 18:00:00+00:00,21.33,21.4,21.305,21.395,100.0,,,,,,,,,,,,,,,,,,,,,,20.667451798642485,20.412037929450502,,,"rgba(239, 83, 80, 1.0)",0.0,0.0,0.42432185429936675,20.68839850919789,1.665248875688573,0.0,0.0,0.0,0.0,0.0,0.0,0.0,0.0,51.075311563453084,8.760105869724669,False,True,False,False,False,13.386441884594579,0,1.0426214482126483,0.8831347387717682,False,False,False,False,0.2290641776058026,0.22272976460364002,False,False,False,False,35941.0,24673.799897174627,False,False,False,False,768.6206900502423,False,False,False,False
2025-07-11 19:00:00+00:00,21.395,21.405,21.31,21.31,3601.0,,,,,,,,,,,,,,,,,,,,,,20.695632123871203,20.425976767167867,,,"rgba(239, 83, 80, 1.0)",0.0,0.0,0.4158364846691544,20.70945619304349,1.4441825792037228,0.0,0.0,0.0,0.0,0.0,0.0,0.0,0.0,49.025694847860336,7.551216447431358,False,True,False,False,False,10.56926581498179,0,1.0387773722627731,0.8854927007299261,False,False,False,False,0.23123109546262055,0.2269804300331303,False,False,False,False,32340.0,24792.655712722306,False,False,False,False,812.5335475688432,False,False,False,False
2025-07-14 14:00:00+00:00,21.26,21.275,21.15,21.195,1401.0,,,,,,,,,,,,,,,,,,,,,,20.70380937696305,20.43050453847981,,,"rgba(239, 83, 80, 1.0)",0.0,0.0,0.4059325599693403,20.713295193344717,1.1866621556340942,0.0,0.0,0.0,0.0,0.0,0.0,0.0,0.0,44.74747892846925,3.2238525878331785,False,True,False,True,False,6.9626715790349145,0,1.0247971145175827,0.8963029756537413,False,False,False,False,0.16916546960307233,0.1980729498181013,False,False,False,False,30939.0,24887.947872214983,False,False,False,False,821.6570584592487,False,False,False,False
2025-07-14 15:00:00+00:00,21.195,21.235,21.115,21.185,1446.0,,,,,,,,,,,,,,,,,,,,,,20.711518971696947,20.434954398310097,,,"rgba(239, 83, 80, 1.0)",0.0,0.0,0.39609151276757515,20.716878424066998,1.181852074188958,0.0,0.0,0.0,0.0,0.0,0.0,0.0,0.0,41.67015349239914,0.08375006726297585,False,True,False,True,False,6.657284613602439,0,1.0206185567010304,0.9036306588973546,False,False,False,False,0.1533401447638391,0.17570654729097018,False,False,False,False,29493.0,24959.344029234904,False,False,False,False,831.3367939870122,False,False,False,False
2025-07-14 16:00:00+00:00,21.185,21.215,21.135,21.185,1701.0,,,,,,,,,,,,,,,,,,,,,,20.720273477982843,20.440121667327322,,,"rgba(239, 83, 80, 1.0)",0.0,0.0,0.38470754072660496,20.721424865301252,1.205006623533251,0.0,0.0,0.0,0.0,0.0,0.0,0.0,0.0,39.61860320168573,-2.1393663914536987,False,True,False,True,False,6.657284613602439,0,1.0348574015391578,0.9022181982797638,False,False,False,False,0.15334014476384056,0.16452334602740537,False,False,False,False,29493.0,25029.633269091726,False,False,False,False,844.8199444678338,False,False,False,False
2025-07-14 17:00:00+00:00,21.185,21.205,21.145,21.175,1039.0,,,,,,,,,,,,,,,,,,,,,,20.725423420281007,20.443228640217036,,,"rgba(239, 83, 80, 1.0)",0.0,0.0,0.37759134686224793,20.724238618392786,1.1937810157806952,0.0,0.0,0.0,0.0,0.0,0.0,0.0,0.0,37.97768206338004,-4.055678979725336,False,True,False,True,False,6.341714720592247,0,1.0316455696202527,0.9018987341772144,False,False,False,False,0.1533401447638391,0.15893174539562221,False,False,False,False,28454.0,25082.724226160073,False,False,False,False,847.8304879644564,False,False,False,False
2025-07-14 18:00:00+00:00,21.175,21.245,21.175,21.225,500.0,,,,,,,,,,,,,,,,,,,,,,20.72807721078479,20.444795688663294,,,"rgba(239, 83, 80, 1.0)",0.0,0.0,0.3690453718535276,20.72591703155485,1.3523620847445146,0.0,0.0,0.0,0.0,0.0,0.0,0.0,0.0,39.38494573783395,-4.055678979725336,False,True,False,True,False,7.669285786465153,0,1.0370872908186337,0.898236092265942,False,False,False,False,0.1681079183335246,0.16351983186457342,False,False,False,False,28954.0,25142.744005599452,False,False,False,False,842.4377672208213,False,False,False,False
2025-07-14 19:00:00+00:00,21.22,21.245,21.185,21.245,731.0,,,,,,,,,,,,,,,,,,,,,,20.731984307103215,20.447104892009246,,,"rgba(239, 83, 80, 1.0)",0.0,0.0,0.3612191194445207,20.72847180671531,1.4299580655614368,0.0,0.0,0.0,0.0,0.0,0.0,0.0,0.0,41.270360025942615,-4.055678979725336,False,True,False,True,True,8.19651306592797,0,1.04123244222927,0.8953330312641588,False,False,False,False,0.17022339583129556,0.16687161384793447,False,False,False,False,29685.0,25213.166579156048,False,False,False,False,840.7100498995683,False,False,False,False
2025-07-15 14:00:00+00:00,21.185,21.25,21.085,21.085,312.0,,,,,,,,,,,,,,,,,,,,,,20.73334896659663,20.44797909092993,,,"rgba(239, 83, 80, 1.0)",0.0,0.0,0.35240687224233697,20.72916255788211,1.0097346849501725,0.0,0.0,0.0,0.0,0.0,0.0,0.0,0.0,37.92186621833347,-4.983553869543151,False,True,False,True,True,3.1979634660188445,0,1.0383574007220213,0.8925992779783386,False,False,False,False,0.1501844507176645,0.1585280322827995,False,False,False,False,29373.0,25277.66012056448,False,False,False,False,832.5129948623656,False,False,False,False
2025-07-15 15:00:00+00:00,21.085,21.135,21.035,21.065,330.0,,,,,,,,,,,,,,,,,,,,,,20.734565075736533,20.448819145771335,,,"rgba(239, 83, 80, 1.0)",0.0,0.0,0.34325281571389804,20.729599726869697,0.9771231517292517,0.0,0.0,0.0,0.0,0.0,0.0,0.0,0.0,35.259126243589236,-7.775951117033941,False,True,False,True,False,2.603256854322254,0,1.0407055630936224,0.8964269561284478,False,False,False,False,0.11565305939316838,0.13709054583798394,False,False,False,False,29043.0,25336.037483036347,False,False,False,False,824.7220957172126,False,False,False,False
2025-07-15 16:00:00+00:00,21.065,21.095,20.98,20.995,201.0,,,,,,,,,,,,,,,,,,,,,,20.735183765922294,20.449285110938956,,,"rgba(239, 83, 80, 1.0)",0.0,0.0,0.3348684291850892,20.729710527877096,0.7922200153908028,0.0,0.0,0.0,0.0,0.0,0.0,0.0,0.0,32.086801042974464,-10.992621357720111,False,True,False,True,False,0.5511941564268632,0,1.0300957592339257,0.9115367077063375,False,False,False,False,0.09590036733321734,0.11649545658560065,False,False,False,False,28842.0,25390.393491051287,False,False,False,False,815.051985706093,False,False,False,False
2025-07-15 17:00:00+00:00,20.99,21.015,20.965,20.975,3.0,,,,,,,,,,,,,,,,,,,,,,20.735191754247584,20.449291595884773,,,"rgba(239, 83, 80, 1.0)",0.0,0.0,0.32928981730962825,20.729710552564192,0.7449044414427352,0.0,0.0,0.0,0.0,0.0,0.0,0.0,0.0,29.602346772633336,-13.533834130645033,False,True,False,True,False,0.0,0,1.0372071658245285,0.9150206706476793,False,False,False,False,0.07622201023654267,0.09635873341107165,False,False,False,False,28839.0,25443.860258631885,False,False,False,False,802.4620324393318,False,False,False,False
2025-07-15 18:00:00+00:00,20.975,21.025,20.955,20.98,0.0,,,,,,,,,,,,,,,,,,,,,,20.735191754247584,20.449291595884773,,,"rgba(239, 83, 80, 1.0)",0.0,0.0,0.32152896272948556,20.729710552564192,0.7784351534340186,0.0,0.0,0.0,0.0,0.0,0.0,0.0,0.0,28.24671723621569,-15.06477891894341,False,True,False,True,False,0.1193396902891628,0,1.0371219065077903,0.9055912007332715,False,False,False,False,0.07622201023654133,0.0862903718238065,False,False,False,False,28839.0,25496.498084079452,False,False,False,False,790.0207606185669,False,False,False,False
2025-07-15 19:00:00+00:00,20.975,21.01,20.9,20.91,8.0,,,,,,,,,,,,,,,,,,,,,,20.735209217061367,20.449307435726734,,,"rgba(239, 83, 80, 1.0)",0.0,0.0,0.31445337957788483,20.72970537677721,0.5733588345108974,0.0,0.0,0.0,0.0,0.0,0.0,0.0,0.0,25.99294437362866,-17.472916410269036,False,True,False,True,False,0.0,0,1.0328767123287663,0.9086757990867571,False,False,False,False,0.061760625017629765,0.07402549842071814,False,False,False,False,28831.0,25548.19578820225,False,False,False,False,777.8964077407596,False,False,False,False
2025-07-16 14:00:00+00:00,20.98,20.985,20.875,20.905,656.0,,,,,,,,,,,,,,,,,,,,,,20.73650381377758,20.450554433225623,,,"rgba(239, 83, 80, 1.0)",0.0,0.0,0.3048360214935659,20.72915909935758,0.5768376708922887,0.0,0.0,0.0,0.0,0.0,0.0,0.0,0.0,24.400300192402142,-19.2664551044097,False,True,False,True,False,0.0,0,1.0303992740471863,0.9088021778584384,False,False,False,False,0.051447187755008617,0.06273634308786338,False,False,False,False,28175.0,25588.921434896787,False,False,False,False,776.0065409540812,False,False,False,False
2025-07-16 15:00:00+00:00,20.905,20.945,20.735,20.885,1023.0,,,,,,,,,,,,,,,,,,,,,,20.737773083433677,20.45221264805449,,,"rgba(239, 83, 80, 1.0)",0.0,0.0,0.29185586656237206,20.745200232511607,0.479002766451221,0.0,0.0,0.0,0.0,0.0,0.0,0.0,0.0,22.959525136331273,-20.945054931266064,False,True,False,True,False,0.0,0,1.020179372197309,0.9143497757847526,True,False,False,False,0.014393495804545072,0.03856491944620423,False,False,False,False,27152.0,25613.155211099936,True,False,False,False,779.8358969082815,False,False,False,False
2025-07-16 16:00:00+00:00,20.885,20.935,20.845,20.935,804.0,,,,,,,,,,,,,,,,,,,,,,20.739169115382087,20.45366696229064,,,"rgba(239, 83, 80, 1.0)",0.0,0.0,0.28117909716888884,20.74568724561307,0.6732817492234116,0.0,0.0,0.0,0.0,0.0,0.0,0.0,0.0,25.488743124327584,-20.945054931266064,False,True,False,True,False,0.0,0,1.0345291479820622,0.9134529147982053,False,False,False,False,0.034967493205324836,0.036766206325764536,False,False,False,False,27956.0,25649.478386121642,False,False,False,False,780.2105341655174,False,False,False,False
2025-07-16 17:00:00+00:00,20.935,20.975,20.925,20.965,400.0,,,,,,,,,,,,,,,,,,,,,,20.740061817755674,20.454466798022754,,,"rgba(239, 83, 80, 1.0)",0.0,0.0,0.26816317138360696,20.74638769598549,0.8152212061282095,0.0,0.0,0.0,0.0,0.0,0.0,0.0,0.0,29.055603692785205,-26.92372093628841,False,True,False,True,True,0.0,0,1.0467415730337075,0.9051685393258415,False,False,False,False,0.059696957554106485,0.048231581939935514,False,False,False,False,28356.0,25691.439961530607,False,False,False,False,774.3157972017109,False,False,False,False
2025-07-16 18:00:00+00:00,20.96,21.005,20.935,21.005,207.0,,,,,,,,,,,,,,,,,,,,,,20.740577854361856,20.454901710338422,,,"rgba(239, 83, 80, 1.0)",0.0,0.0,0.25288011260551735,20.746853127958452,1.0208271001691822,0.0,0.0,0.0,0.0,0.0,0.0,0.0,0.0,33.74387668322908,-22.48238709074687,False,True,False,True,True,1.038960053147317,0,1.047169811320754,0.9020664869721465,False,False,False,False,0.06795485168633514,0.058093216813135326,False,False,False,False,28563.0,25735.96027220455,False,False,False,False,765.5202034466455,False,False,False,False
2025-07-16 19:00:00+00:00,21.005,21.04,20.965,20.99,519.0,,,,,,,,,,,,,,,,,,,,,,20.741950821915466,20.456023395534068,,,"rgba(239, 83, 80, 1.0)",0.0,0.0,0.2375385222433992,20.748058900420524,1.01853416150987,0.0,0.0,0.0,0.0,0.0,0.0,0.0,0.0,36.239602166808325,-20.145224657304006,False,True,False,True,True,0.5721776811748889,0,1.053459119496855,0.896226415094339,False,False,False,False,0.08139419853999962,0.06974370767656747,False,False,False,False,28044.0,25771.743833875797,False,False,False,False,761.6981847885579,False,False,False,False
2025-07-17 14:00:00+00:00,21.085,21.14,20.955,21.015,200.0,,,,,,,,,,,,,,,,,,,,,,20.742554531332686,20.456484875458987,,,"rgba(239, 83, 80, 1.0)",0.0,0.0,0.21813040566116126,20.748672200310118,1.2209567890484292,0.0,0.0,0.0,0.0,0.0,0.0,0.0,0.0,39.390629044509645,-17.155387746495606,False,True,False,True,True,1.3411765999670529,0,1.0536585365853652,0.8847006651884691,False,False,False,False,0.10005212281043266,0.08489791524350007,False,False,False,False,28244.0,25810.07338683896,False,False,False,False,752.989685799588,False,False,False,False
2025-07-17 15:00:00+00:00,21.015,21.105,20.97,21.095,101.0,,,,,,,,,,,,,,,,,,,,,,20.742879133584353,20.45672566816952,,,"rgba(239, 83, 80, 1.0)",0.0,0.0,0.1990662210431239,20.749021671749077,1.7380062093808095,0.0,0.0,0.0,0.0,0.0,0.0,0.0,0.0,45.3768649254656,-11.609096360806511,False,False,False,True,True,3.7451451375705958,0,1.0568281938325987,0.8889867841409684,False,False,False,False,0.09590036733321734,0.09039914128835871,False,False,False,False,28345.0,25849.374574639907,False,False,False,False,742.8813185778889,False,False,False,False
2025-07-17 16:00:00+00:00,21.095,21.095,21.005,21.035,1003.0,,,,,,,,,,,,,,,,,,,,,,20.745948105611767,20.459060164010538,,,"rgba(239, 83, 80, 1.0)",0.0,0.0,0.17916535721298144,20.75169766696693,1.5812338804777808,0.0,0.0,0.0,0.0,0.0,0.0,0.0,0.0,46.43647067873577,-10.657577208383259,False,False,False,True,True,1.826260420571181,0,1.057964601769911,0.8977876106194687,False,False,False,False,0.10109059350949828,0.0957448673989285,False,False,False,False,27342.0,25872.516054102856,False,False,False,False,746.9141663518751,False,False,False,False
2025-07-17 17:00:00+00:00,21.035,21.08,21.005,21.045,586.0,,,,,,,,,,,,,,,,,,,,,,20.747702626059233,20.460411676548226,,,"rgba(239, 83, 80, 1.0)",0.0,0.0,0.17292640209225071,20.75299213252672,1.688625125719691,0.0,0.0,0.0,0.0,0.0,0.0,0.0,0.0,47.62210943589413,-9.375915835998,False,False,False,False,True,2.1282603957306954,0,1.0561201944321692,0.901016349977905,False,False,False,False,0.09797582421289665,0.09686034580591257,False,False,False,False,27928.0,25904.3840222563,False,False,False,False,744.4193730751018,False,False,False,False
2025-07-17 18:00:00+00:00,21.045,21.125,21.04,21.125,1800.0,,,,,,,,,,,,,,,,,,,,,,20.75391409971158,20.464900529395017,,,"rgba(239, 83, 80, 1.0)",0.0,0.0,0.172314321010343,20.75829556007954,2.1281135414069863,0.0,0.0,0.0,0.0,0.0,0.0,0.0,0.0,51.76251934197063,-5.308171435908257,False,False,True,False,True,4.503371422549968,0,1.058927000879507,0.8948988566402808,False,False,False,False,0.11461133459687461,0.1057358402013936,False,False,False,False,29728.0,25963.664890128297,False,False,False,False,760.7849641902166,False,False,False,False
2025-07-17 19:00:00+00:00,21.125,21.18,21.115,21.155,1083.0,,,,,,,,,,,,,,,,,,,,,,20.758111041536218,20.46779636662153,,,"rgba(239, 83, 80, 1.0)",0.0,0.0,0.16902041563353054,20.762118066900335,2.3244643650120422,0.0,0.0,0.0,0.0,0.0,0.0,0.0,0.0,55.56377768980049,-1.6507172155777496,True,False,True,False,True,5.371762540078791,0,1.0662571303203152,0.8903027643703373,False,False,False,False,0.14178358647343933,0.12375971333741646,False,False,False,False,30811.0,26038.817372451886,False,False,False,False,765.7805461407559,False,False,False,False
2025-07-18 14:00:00+00:00,21.25,21.265,21.085,21.095,1635.0,,,,,,,,,,,,,,,,,,,,,,20.764255061326555,20.472111547192455,,,"rgba(239, 83, 80, 1.0)",0.0,0.0,0.1673743444235161,20.798498013582996,1.7714900538564493,0.0,0.0,0.0,0.0,0.0,0.0,0.0,0.0,54.948977834473,-1.6507172155777496,True,False,True,False,True,3.4008306846145757,0,1.0668414154652681,0.8877238968982083,False,False,False,False,0.15334014476384056,0.13854992905062852,False,False,False,False,29176.0,26087.455862801467,False,False,False,False,779.2568167432248,False,False,False,False
2025-07-18 15:00:00+00:00,21.095,21.16,21.085,21.135,1172.0,,,,,,,,,,,,,,,,,,,,,,20.768299687346254,20.4750731978504,,,"rgba(239, 83, 80, 1.0)",0.0,0.0,0.1662635756159698,20.800951482009317,2.0091503310518153,0.0,0.0,0.0,0.0,0.0,0.0,0.0,0.0,56.0949829325718,-0.7294284158687105,True,False,True,False,True,4.575656786868834,0,1.0690257754477934,0.8899082568807333,False,False,False,False,0.13131025040264666,0.1349300897266376,False,False,False,False,30348.0,26153.51081066501,False,False,False,False,785.345858344105,False,False,False,False
2025-07-18 16:00:00+00:00,21.135,21.14,21.065,21.075,1321.0,,,,,,,,,,,,,,,,,,,,,,20.772337543259106,20.478210272266935,,,"rgba(239, 83, 80, 1.0)",0.0,0.0,0.16482130645973497,20.80270599232439,1.6520558750826808,0.0,0.0,0.0,0.0,0.0,0.0,0.0,0.0,54.02839427509534,-0.7294284158687105,True,False,True,False,True,2.6260883329976217,0,1.0646701388888884,0.8880208333333328,False,False,False,False,0.12295226381687946,0.12894117677175854,False,False,False,False,29027.0,26198.061030654702,False,False,False,False,793.650573718615,False,False,False,False
2025-07-18 17:00:00+00:00,21.075,21.115,21.045,21.095,529.0,,,,,,,,,,,,,,,,,,,,,,20.77388527581528,20.479440719785547,,,"rgba(239, 83, 80, 1.0)",0.0,0.0,0.16464641338781805,20.8033974007566,1.7710838228618986,0.0,0.0,0.0,0.0,0.0,0.0,0.0,0.0,53.514459441754,-0.7294284158687105,True,False,True,False,True,3.224209143434866,0,1.0625539257981014,0.8908541846419323,False,False,False,False,0.11356985740859507,0.1212555170901768,False,False,False,False,29556.0,26250.122099946875,False,False,False,False,789.5474640485588,False,False,False,False
2025-07-18 18:00:00+00:00,21.095,21.105,21.03,21.055,654.0,,,,,,,,,,,,,,,,,,,,,,20.77564588584343,20.480900853190995,,,"rgba(239, 83, 80, 1.0)",0.0,0.0,0.16535130496637998,20.80397363957933,1.518139578467255,0.0,0.0,0.0,0.0,0.0,0.0,0.0,0.0,51.34813794056662,-0.7294284158687105,False,False,False,False,False,1.9267662148883566,1,1.0608658379768532,0.8924132018859832,False,False,False,False,0.10836610356192139,0.11481081032604909,False,False,False,False,28902.0,26291.23648599421,False,False,False,False,787.4459529780385,False,False,False,False
2025-07-18 19:00:00+00:00,21.055,21.095,21.045,21.085,1252.0,,,,,,,,,,,,,,,,,,,,,,20.779091577718326,20.483731403962764,,,"rgba(239, 83, 80, 1.0)",0.0,0.0,0.1655723080385724,20.80557442649397,1.687634706649953,0.0,0.0,0.0,0.0,0.0,0.0,0.0,0.0,51.33169295335006,-0.7294284158687105,True,False,False,False,False,2.842696804472915,1,1.061886470337174,0.8937259923175412,False,False,False,False,0.10940637784794797,0.11210859408699853,False,False,False,False,30154.0,26351.124292412904,False,False,False,False,794.6483413039604,False,False,False,False
2025-07-21 14:00:00+00:00,21.12,21.16,21.065,21.1,5861.0,,,,,,,,,,,,,,,,,,,,,,20.795925323353572,20.497358482137876,,,"rgba(239, 83, 80, 1.0)",0.0,0.0,0.16585098597711204,20.816802297422694,1.707543074940718,0.0,0.0,0.0,0.0,0.0,0.0,0.0,0.0,52.0268171584373,-0.7294284158687105,True,False,False,False,False,3.3012185529231246,1,1.0630821337849274,0.8890770533446227,False,False,False,False,0.12712904880160736,0.11961882144430294,False,False,False,False,36015.0,26500.95182276309,False,False,False,False,873.196429035682,False,False,False,False
2025-07-21 15:00:00+00:00,21.1,21.115,21.075,21.115,3184.0,,,,,,,,,,,,,,,,,,,,,,20.8041880418053,20.50443699684234,,,"rgba(239, 83, 80, 1.0)",0.0,0.0,0.16606107093268388,20.82217707424918,1.7633447990319222,0.0,0.0,0.0,0.0,0.0,0.0,0.0,0.0,53.21458744006358,-0.7294284158687105,True,False,True,False,False,3.7631296562869814,1,1.0637130801687757,0.8932489451476789,False,False,False,False,0.11982248170944655,0.11972065157687475,False,False,False,False,39199.0,26697.820786751257,False,False,False,False,909.0228409886171,False,False,False,False
2025-07-21 16:00:00+00:00,21.115,21.135,21.065,21.085,1601.0,,,,,,,,,,,,,,,,,,,,,,20.808086899966785,20.507894939276692,,,"rgba(239, 83, 80, 1.0)",0.0,0.0,0.166441478501593,20.824662941845695,1.5641356980124064,0.0,0.0,0.0,0.0,0.0,0.0,0.0,0.0,52.24625318088922,-0.7294284158687105,True,False,True,False,False,2.7410123565625177,1,1.0632427843803052,0.9006791171477072,False,False,False,False,0.12190873977560904,0.1208146956762419,False,False,False,False,37598.0,26866.815813313253,False,False,False,False,919.7511690353052,False,False,False,False
2025-07-21 17:00:00+00:00,21.085,21.115,21.085,21.095,1466.0,,,,,,,,,,,,,,,,,,,,,,20.811606842980403,20.51104374930276,,,"rgba(239, 83, 80, 1.0)",0.0,0.0,0.16636432938019016,20.826969860334355,1.611103417807301,0.0,0.0,0.0,0.0,0.0,0.0,0.0,0.0,52.170418390211104,-0.7294284158687105,True,False,True,False,False,3.0585604924096863,1,1.0651340996168577,0.8978288633461045,False,False,False,False,0.12190873977560904,0.12136171772592547,False,False,False,False,39064.0,27055.9194441146,False,False,False,False,928.2201431587888,False,False,False,False
2025-07-21 18:00:00+00:00,21.095,21.105,21.055,21.055,806.0,,,,,,,,,,,,,,,,,,,,,,20.813329334067447,20.512682724091828,,,"rgba(239, 83, 80, 1.0)",0.0,0.0,0.16659210043683953,20.8279519119782,1.3628982852514118,0.0,0.0,0.0,0.0,0.0,0.0,0.0,0.0,49.795724071421986,-0.7294284158687105,True,False,False,False,False,1.6830901954195276,1,1.0638026371756693,0.8953636750319006,False,False,False,False,0.11356985740859507,0.11746578756726027,False,False,False,False,38258.0,27229.595111647704,False,False,False,False,926.3252572183425,False,False,False,False
2025-07-21 19:00:00+00:00,21.055,21.055,20.955,20.975,4254.0,,,,,,,,,,,,,,,,,,,,,,20.81946565774464,20.52001175796804,,,"rgba(239, 83, 80, 1.0)",0.0,0.0,0.16780976466566813,20.84973474985935,0.7464717586024833,0.0,0.0,0.0,0.0,0.0,0.0,0.0,0.0,44.733450996836396,-1.086894994145723,False,False,False,True,False,0.0,0,1.0563798219584564,0.9003815175921998,False,False,False,False,0.08242914902940339,0.09994746829833183,False,False,False,False,34004.0,27334.62464480045,False,False,False,False,977.9171136955774,False,False,False,False
2025-07-22 14:00:00+00:00,21.27,21.275,21.165,21.235,224.0,,,,,,,,,,,,,,,,,,,,,,20.82018565340646,20.520575394275987,,,"rgba(38, 166, 154, 1.0)",0.0,0.0,0.16747200922513478,20.85095674763636,2.293178747544404,0.0,0.0,0.0,0.0,0.0,0.0,0.0,0.0,51.35539666267055,-3.4736674540794112,True,False,False,False,True,6.864869401367411,1,1.0564081294068846,0.8855246785566153,False,False,False,False,0.1723403834441533,0.13614392587124258,False,False,False,False,34228.0,27441.49868131517,False,False,False,False,966.2284762739406,False,False,False,False
2025-07-22 15:00:00+00:00,21.235,21.305,21.205,21.295,1202.0,,,,,,,,,,,,,,,,,,,,,,20.82441488902323,20.523769691778803,,,"rgba(38, 166, 154, 1.0)",0.0,0.0,0.16756402568192394,20.857703331255845,2.609728830305433,0.0,0.0,0.0,0.0,0.0,0.0,0.0,0.0,57.025560372962794,1.4070199809050763,True,False,True,False,True,8.481901621692735,0,1.0595287308805286,0.8850764778834226,False,False,False,False,0.18720332231615758,0.16167362409370006,False,False,False,False,35430.0,27565.35141493819,False,False,False,False,969.8838487348097,False,False,False,False
2025-07-22 16:00:00+00:00,21.295,21.315,21.275,21.3,1156.0,,,,,,,,,,,,,,,,,,,,,,20.828662491084742,20.526932032958875,,,"rgba(38, 166, 154, 1.0)",0.0,0.0,0.1677047759961584,20.863742070477393,2.6013446959471267,0.0,0.0,0.0,0.0,0.0,0.0,0.0,0.0,60.90981310965253,4.622324243411185,True,False,True,False,True,8.615870685541893,0,1.0673876871880195,0.8864392678868548,False,False,False,False,0.20429063859233884,0.18298213134301944,False,False,False,False,36586.0,27705.206431760853,False,False,False,False,972.7693704598514,False,False,False,False
2025-07-22 17:00:00+00:00,21.3,21.355,21.285,21.325,131.0,,,,,,,,,,,,,,,,,,,,,,20.829164477366,20.5273003496483,,,"rgba(38, 166, 154, 1.0)",0.0,0.0,0.16811854997850967,20.864435349619566,2.739523095097519,0.0,0.0,0.0,0.0,0.0,0.0,0.0,0.0,64.04880997473367,7.270793953156343,True,False,True,False,True,9.291071583075833,0,1.0746766791823108,0.8756779307467664,False,False,False,False,0.2150296603737414,0.1990058958583804,False,False,False,False,36717.0,27844.924161500992,False,False,False,False,959.7186825457452,False,False,False,False
2025-07-22 18:00:00+00:00,21.325,21.405,21.325,21.385,200.0,,,,,,,,,,,,,,,,,,,,,,20.830006505970488,20.527897359753485,,,"rgba(38, 166, 154, 1.0)",0.0,0.0,0.16938061516248748,20.865652150757786,3.0661587144668445,0.0,0.0,0.0,0.0,0.0,0.0,0.0,0.0,67.3721441455809,10.218977968366914,True,False,True,False,True,10.88802794637046,0,1.0857023411371234,0.8637123745819393,False,False,False,False,0.23039984037626762,0.21470286811732403,False,False,False,False,36917.0,27985.57650008237,False,False,False,False,947.9400983202297,False,False,False,False
2025-07-22 19:00:00+00:00,21.385,21.41,21.365,21.395,1629.0,,,,,,,,,,,,,,,,,,,,,,20.83699757315656,20.5328337211564,,,"rgba(38, 166, 154, 1.0)",0.0,0.0,0.17078944942842933,20.875240722972862,3.0432750896884118,0.0,0.0,0.0,0.0,0.0,0.0,0.0,0.0,69.78513430659375,12.436699660759572,True,False,True,False,True,11.151927786665166,0,1.0904074702886244,0.871392190152801,False,False,False,False,0.23458789843503663,0.22464538327618033,False,False,False,False,38546.0,28149.303996205123,False,False,False,False,958.499166563327,False,False,False,False
2025-07-23 14:00:00+00:00,21.48,21.555,21.47,21.49,738.0,,,,,,,,,,,,,,,,,,,,,,20.840754428212534,20.535349072567836,,,"rgba(38, 166, 154, 1.0)",0.0,0.0,0.17410833326335032,20.880507595804637,3.5006503868684087,0.0,0.0,0.0,0.0,0.0,0.0,0.0,0.0,73.05179931921819,15.545663738038016,True,False,True,False,True,13.601852773611466,0,1.0764063811922748,0.8635600335852219,False,False,False,False,0.293950899264941,0.25929814127056067,False,False,False,False,39284.0,28321.934942000393,False,False,False,False,955.080574833663,False,False,False,False
2025-07-23 15:00:00+00:00,21.49,21.515,21.425,21.475,1722.0,,,,,,,,,,,,,,,,,,,,,,20.84892646081713,20.54096787870763,,,"rgba(38, 166, 154, 1.0)",0.0,0.0,0.17698190470956324,20.89099320080527,3.299810792256522,0.0,0.0,0.0,0.0,0.0,0.0,0.0,0.0,74.33742633868319,16.902044880182274,True,False,True,False,True,13.057459528196297,0,1.0701680672268905,0.8752100840336129,False,False,False,False,0.2725314664112543,0.2659148038409075,False,False,False,False,37562.0,28465.191764605035,False,False,False,False,966.9707984796527,False,False,False,False
2025-07-23 16:00:00+00:00,21.475,21.535,21.47,21.505,1319.0,,,,,,,,,,,,,,,,,,,,,,20.85535530745397,20.545371204841715,,,"rgba(38, 166, 154, 1.0)",0.0,0.0,0.18045418175188463,20.89895176942911,3.3584604395822413,0.0,0.0,0.0,0.0,0.0,0.0,0.0,0.0,75.73596181518685,18.503424705890353,True,False,True,False,True,13.824557725607576,0,1.067319982956966,0.8845334469535574,False,False,False,False,0.2888880660730139,0.2774014349569607,False,False,False,False,38881.0,28626.677163603406,False,False,False,False,972.4286155574875,False,False,False,False
2025-07-23 17:00:00+00:00,21.505,21.555,21.475,21.49,762.0,,,,,,,,,,,,,,,,,,,,,,20.859030890347043,20.547905524705783,,,"rgba(38, 166, 154, 1.0)",0.0,0.0,0.1837489474138735,20.903357714018476,3.1926293687015126,0.0,0.0,0.0,0.0,0.0,0.0,0.0,0.0,75.6719230639849,18.85210394743089,True,False,True,False,True,13.266854025955386,0,1.063593683311993,0.8834827144686298,False,False,False,False,0.295218890556099,0.2863101627565299,False,False,False,False,38119.0,28773.84495951653,False,False,False,False,969.1661564015575,False,False,False,False
2025-07-23 18:00:00+00:00,21.49,21.515,21.475,21.475,792.0,,,,,,,,,,,,,,,,,,,,,,20.862700562517485,20.550475398542357,,,"rgba(38, 166, 154, 1.0)",0.0,0.0,0.18589854832757952,20.907594987921915,3.052229386311501,0.0,0.0,0.0,0.0,0.0,0.0,0.0,0.0,74.59522832425851,18.85210394743089,True,False,True,False,True,12.704941826624356,0,1.064502349423323,0.8816744980777441,False,False,False,False,0.2851003890933699,0.2857052759249499,False,False,False,False,37327.0,28906.452014407743,False,False,False,False,966.4193942868047,False,False,False,False
2025-07-23 19:00:00+00:00,21.475,21.575,21.475,21.55,2752.0,,,,,,,,,,,,,,,,,,,,,,20.876019328377954,20.559720166746995,,,"rgba(38, 166, 154, 1.0)",0.0,0.0,0.18842550562809385,20.967227351730365,3.092854368770474,0.0,0.0,0.0,0.0,0.0,0.0,0.0,0.0,75.60106838297465,19.64027851488271,True,False,True,False,True,14.664628908688162,0,1.064173395665108,0.8763280917977049,False,False,False,False,0.30030014010794137,0.2930027080164456,False,False,False,False,40079.0,29079.66981263398,False,False,False,False,994.1028145304201,False,False,False,False
2025-07-24 14:00:00+00:00,21.38,21.435,21.34,21.395,954.0,,,,,,,,,,,,,,,,,,,,,,20.879533688349913,20.562418626412256,,,"rgba(38, 166, 154, 1.0)",0.0,0.0,0.18834372928343632,20.968571487349486,2.2640972134983386,0.0,0.0,0.0,0.0,0.0,0.0,0.0,0.0,68.41348133967662,24.579547794227565,True,False,True,False,False,9.086316639684306,0,1.04817762882279,0.8810222036028483,False,False,False,False,0.23162113250417773,0.2623119202603117,False,False,False,False,39125.0,29235.411365926473,False,False,False,False,993.481065467933,False,False,False,False
2025-07-24 15:00:00+00:00,21.395,21.415,21.315,21.325,634.0,,,,,,,,,,,,,,,,,,,,,,20.881669366001226,20.56411964405707,,,"rgba(38, 166, 154, 1.0)",0.0,0.0,0.187393813775892,20.969313612970385,1.8980689909806014,0.0,0.0,0.0,0.0,0.0,0.0,0.0,0.0,61.21362179581692,17.984408561905553,True,False,True,False,False,6.742782158466326,0,1.045492487479132,0.8848080133555921,False,False,False,False,0.2206000518384468,0.24145598604937923,False,False,False,False,38491.0,29378.908864129164,False,False,False,False,987.907715615717,False,False,False,False
2025-07-24 16:00:00+00:00,21.325,21.335,21.235,21.235,2037.0,,,,,,,,,,,,,,,,,,,,,,20.887208481310875,20.568962533704255,,,"rgba(239, 83, 80, 1.0)",0.0,0.0,0.18563290811870897,20.969778146230432,1.4287437311490196,0.0,0.0,0.0,0.0,0.0,0.0,0.0,0.0,53.885148472100965,11.504972099301781,True,False,False,False,False,3.8592996037073313,0,1.0467368421052632,0.8871578947368416,False,False,False,False,0.18181861104923983,0.21163729854930952,False,False,False,False,36454.0,29488.600199569024,False,False,False,False,1004.1727122728377,False,False,False,False
2025-07-24 17:00:00+00:00,21.235,21.275,21.235,21.255,2445.0,,,,,,,,,,,,,,,,,,,,,,20.893425642975664,20.57457903201864,,,"rgba(239, 83, 80, 1.0)",0.0,0.0,0.1856281762552559,20.971730059991813,1.5260072351228802,0.0,0.0,0.0,0.0,0.0,0.0,0.0,0.0,49.788169916681944,8.056282045448427,False,False,False,True,False,4.423830102425605,0,1.0489245044285114,0.8886545761282156,False,False,False,False,0.1674198666765145,0.189528582612912,False,False,False,False,38899.0,29634.497870893534,False,False,False,False,1026.511119834499,False,False,False,False
2025-07-24 18:00:00+00:00,21.255,21.265,21.185,21.215,8102.0,,,,,,,,,,,,,,,,,,,,,,20.910836759590246,20.591670105938263,,,"rgba(239, 83, 80, 1.0)",0.0,0.0,0.1856240994761694,20.9787061288139,1.2729697913844142,0.0,0.0,0.0,0.0,0.0,0.0,0.0,0.0,45.940141406667074,4.677236542286408,False,True,False,True,False,3.158082569968805,0,1.0446880269814502,0.8908094435075881,False,False,False,False,0.1530895788603694,0.1713090807366407,False,False,False,False,30797.0,29652.52115971689,False,False,False,False,1136.2086218525687,False,False,False,False
2025-07-24 19:00:00+00:00,21.215,21.23,21.195,21.2,1485.0,,,,,,,,,,,,,,,,,,,,,,20.913701254211865,20.59464102722157,,,"rgba(239, 83, 80, 1.0)",0.0,0.0,0.18551069030179576,20.980030754459456,1.1857497009077433,0.0,0.0,0.0,0.0,0.0,0.0,0.0,0.0,42.95585702989985,1.9420459221569573,False,True,False,True,False,2.684348105951347,0,1.0472773322076827,0.8898269311945963,False,False,False,False,0.14512800370127607,0.15821854221895837,False,False,False,False,29312.0,29647.24176189182,False,False,False,False,1141.6162401184204,False,False,False,False
2025-07-25 14:00:00+00:00,21.16,21.175,21.095,21.135,268.0,,,,,,,,,,,,,,,,,,,,,,20.914085137598846,20.595110441571805,,,"rgba(239, 83, 80, 1.0)",0.0,0.0,0.18575327528555663,21.002166243509567,0.7151085561545577,0.0,0.0,0.0,0.0,0.0,0.0,0.0,0.0,39.26389414179372,-1.580748228580667,False,True,False,True,False,0.656645826259588,0,1.038203190596138,0.8937867338371113,False,False,False,False,0.10356869551596427,0.13089361886746131,False,False,False,False,29044.0,29637.889176436132,False,False,False,False,1128.071802287127,False,False,False,False
2025-07-25 15:00:00+00:00,21.135,21.175,21.115,21.165,1700.0,,,,,,,,,,,,,,,,,,,,,,20.916670934835732,20.598160516950138,,,"rgba(239, 83, 80, 1.0)",0.0,0.0,0.18585514557086547,21.003232149008788,0.8703974834505184,0.0,0.0,0.0,0.0,0.0,0.0,0.0,0.0,38.321672248712396,-2.6866942456230447,False,True,False,True,False,1.5594394214742984,0,1.04,0.8981052631578943,False,False,False,False,0.08892931002861178,0.10991146444803654,False,False,False,False,30744.0,29655.038181452626,False,False,False,False,1136.9389061276365,False,False,False,False
2025-07-25 16:00:00+00:00,21.165,21.215,21.135,21.21,0.0,,,,,,,,,,,,,,,,,,,,,,20.916670934835732,20.598160516950138,,,"rgba(239, 83, 80, 1.0)",0.0,0.0,0.18581830222417253,21.003232149008788,1.1127421169835388,0.0,0.0,0.0,0.0,0.0,0.0,0.0,0.0,39.842840628059335,-2.6866942456230447,False,True,False,True,False,2.8995767838043918,0,1.0412590387069336,0.9098256061250529,False,False,False,False,0.10245274245295481,0.10618210345049567,False,False,False,False,30744.0,29671.921310422353,False,False,False,False,1119.311946342712,False,False,False,False
2025-07-25 17:00:00+00:00,21.21,21.265,21.21,21.245,0.0,,,,,,,,,,,,,,,,,,,,,,20.916670934835732,20.598160516950138,,,"rgba(239, 83, 80, 1.0)",0.0,0.0,0.1858380821920666,21.003232149008788,1.3009596748923722,0.0,0.0,0.0,0.0,0.0,0.0,0.0,0.0,42.40905917644911,-2.6866942456230447,False,True,False,True,True,3.9288627509290706,0,1.0447379633574778,0.9058372390285467,False,False,False,False,0.13585966970738098,0.12102088657893832,False,False,False,False,30744.0,29688.542685454566,False,False,False,False,1101.9582727560032,False,False,False,False
2025-07-25 18:00:00+00:00,21.245,21.265,21.245,21.255,0.0,,,,,,,,,,,,,,,,,,,,,,20.916670934835732,20.598160516950138,,,"rgba(239, 83, 80, 1.0)",0.0,0.0,0.1858380821920666,21.003232149008788,1.3547699589958362,0.0,0.0,0.0,0.0,0.0,0.0,0.0,0.0,44.56638959994605,-2.6866942456230447,False,True,False,True,True,4.223436194495001,0,1.0475171232876714,0.905821917808219,False,False,False,False,0.1452646912107568,0.13314278889484757,False,False,False,False,30744.0,29704.906364749844,False,False,False,False,1084.873648372189,False,False,False,False
2025-07-25 19:00:00+00:00,21.255,21.315,21.255,21.31,2456.0,,,,,,,,,,,,,,,,,,,,,,20.92250186467992,20.603621223267023,,,"rgba(239, 83, 80, 1.0)",0.0,0.0,0.18611485362208816,21.011521165601827,1.6037346218708666,0.0,0.0,0.0,0.0,0.0,0.0,0.0,0.0,48.329547793820716,-9.610945206005496,False,True,False,False,True,5.832376005746973,0,1.0457264957264958,0.9012820512820509,False,False,False,False,0.16144811002835788,0.14729544946160272,False,False,False,False,33200.0,29759.093862970774,False,False,False,False,1106.1314212656434,False,False,False,False
2025-07-28 14:00:00+00:00,21.105,21.205,21.105,21.185,1366.0,,,,,,,,,,,,,,,,,,,,,,20.924571972561253,20.60606319752717,,,"rgba(239, 83, 80, 1.0)",0.0,0.0,0.1859438547442469,21.011304234547115,0.9341301743571486,0.0,0.0,0.0,0.0,0.0,0.0,0.0,0.0,46.022931229579726,-9.610945206005496,False,True,False,True,True,1.7843412327704513,0,1.0320269700800677,0.9030762747576905,False,False,False,False,0.0918139769506584,0.11955471320613056,False,False,False,False,31834.0,29791.262950366578,False,False,False,False,1110.1603914785792,False,False,False,False
2025-07-28 15:00:00+00:00,21.185,21.215,21.17,21.215,900.0,,,,,,,,,,,,,,,,,,,,,,20.92611242648902,20.607760558565083,,,"rgba(239, 83, 80, 1.0)",0.0,0.0,0.18559614200720964,21.011900532940636,1.0943086686116243,0.0,0.0,0.0,0.0,0.0,0.0,0.0,0.0,45.759971836355234,-9.610945206005496,False,True,False,True,True,2.671403474812955,0,1.0354430379746837,0.9059071729957804,False,False,False,False,0.11178057716423372,0.11566764518518213,False,False,False,False,32734.0,29836.886780593453,False,False,False,False,1106.9020908355005,False,False,False,False
2025-07-28 16:00:00+00:00,21.21,21.235,21.175,21.18,831.0,,,,,,,,,,,,,,,,,,,,,,20.927502431766293,20.60931042436642,,,"rgba(239, 83, 80, 1.0)",0.0,0.0,0.18507660941184229,21.01242969246179,0.9054105111971401,0.0,0.0,0.0,0.0,0.0,0.0,0.0,0.0,44.39485467239765,-9.610945206005496,False,True,False,True,False,1.5670383533050298,0,1.0323129251700682,0.911989795918367,False,False,False,False,0.11845510244624884,0.11706137381571549,False,False,False,False,31903.0,29868.919543685028,False,False,False,False,1102.6245390396014,False,False,False,False
2025-07-28 17:00:00+00:00,21.18,21.205,21.115,21.115,1402.0,,,,,,,,,,,,,,,,,,,,,,20.929371457758712,20.611678437839277,,,"rgba(239, 83, 80, 1.0)",0.0,0.0,0.18080181773790122,21.012266676490743,0.568209572196794,0.0,0.0,0.0,0.0,0.0,0.0,0.0,0.0,41.5191470042981,-9.610945206005496,False,True,False,True,False,0.0,0,1.0297999148573862,0.9135802469135802,False,False,False,False,0.0944716328004386,0.10576650330807705,False,False,False,False,30501.0,29878.71924068216,False,False,False,False,1107.2660190544914,False,False,False,False
2025-07-28 18:00:00+00:00,21.115,21.145,21.085,21.125,1154.0,,,,,,,,,,,,,,,,,,,,,,20.930698643977024,20.613515245476414,,,"rgba(239, 83, 80, 1.0)",0.0,0.0,0.17695069807599295,21.01182664038624,0.6395756605896943,0.0,0.0,0.0,0.0,0.0,0.0,0.0,0.0,40.11394543685766,-3.4801770591828998,False,True,False,True,False,0.0,0,1.0263942103022565,0.9157088122605361,False,False,False,False,0.07059605556033206,0.08818127943420456,False,False,False,False,31655.0,29906.25847726073,False,False,False,False,1107.9905768986077,False,False,False,False
2025-07-28 19:00:00+00:00,21.125,21.135,21.095,21.13,1254.0,,,,,,,,,,,,,,,,,,,,,,20.93213248529217,20.615502721912257,,,"rgba(239, 83, 80, 1.0)",0.0,0.0,0.17168875043828125,21.01152236145149,0.6900722280642323,0.0,0.0,0.0,0.0,0.0,0.0,0.0,0.0,39.45449336615888,-4.515757704721118,False,True,False,True,False,0.024484051473546486,0,1.0342319212665814,0.9127086007702179,False,False,False,False,0.07059605556033206,0.0793886674972683,False,False,False,False,32909.0,29952.81260939622,False,False,False,False,1110.2542888846758,False,False,False,False
2025-07-29 14:00:00+00:00,21.14,21.19,21.07,21.075,501.0,,,,,,,,,,,,,,,,,,,,,,20.93267413991413,20.616279363551914,,,"rgba(239, 83, 80, 1.0)",0.0,0.0,0.16511961266463043,21.011377749565685,0.3853100755725189,0.0,0.0,0.0,0.0,0.0,0.0,0.0,0.0,37.221691433438146,-7.00719168923181,False,True,False,True,False,0.0,0,1.0406504065040652,0.9011553273427467,False,False,False,False,0.07752968407695465,0.07845917578711148,False,False,False,False,32408.0,29990.877530180773,False,False,False,False,1100.8084859562312,False,False,False,False
2025-07-29 15:00:00+00:00,21.075,21.085,21.025,21.055,769.0,,,,,,,,,,,,,,,,,,,,,,20.933238005610573,20.61733091362073,,,"rgba(239, 83, 80, 1.0)",0.0,0.0,0.160804901095231,21.010622754043208,0.2759694863436461,0.0,0.0,0.0,0.0,0.0,0.0,0.0,0.0,35.1374444059631,-9.279383202198126,False,True,False,True,False,0.0,0,1.0352536543422184,0.9110060189165947,False,False,False,False,0.037713230829925115,0.0580862033085183,False,False,False,False,31639.0,30016.42981653456,False,False,False,False,1095.6641683445066,False,False,False,False
2025-07-29 16:00:00+00:00,21.055,21.065,21.03,21.045,0.0,,,,,,,,,,,,,,,,,,,,,,20.933238005610573,20.61733091362073,,,"rgba(239, 83, 80, 1.0)",0.0,0.0,0.15636904834176674,21.010622754043208,0.21984687072890124,0.0,0.0,0.0,0.0,0.0,0.0,0.0,0.0,33.440573311348274,-11.150178553739437,False,True,False,True,False,0.0,0,1.0327727468736527,0.912031047865459,False,False,False,False,0.03374022324588038,0.04591321327719934,False,False,False,False,31639.0,30041.585943409995,False,False,False,False,1078.6771269748242,False,False,False,False
2025-07-29 17:00:00+00:00,21.045,21.085,21.005,21.035,825.0,,,,,,,,,,,,,,,,,,,,,,20.933771569849632,20.618419251678265,,,"rgba(239, 83, 80, 1.0)",0.0,0.0,0.15637066151875842,21.009745545725334,0.16150378868632376,0.0,0.0,0.0,0.0,0.0,0.0,0.0,0.0,31.984701572693055,-12.788144568358575,False,True,False,True,False,0.0,0,1.030590262817751,0.9108143041792328,False,False,False,False,0.03241613014751454,0.039164671712356935,False,False,False,False,30814.0,30053.56135514007,False,False,False,False,1074.7441482620363,False,False,False,False
2025-07-29 18:00:00+00:00,21.035,21.075,21.03,21.075,366.0,,,,,,,,,,,,,,,,,,,,,,20.934046536403624,20.61892112901156,,,"rgba(239, 83, 80, 1.0)",0.0,0.0,0.15622177582934282,21.009463916937626,0.4195067090644561,0.0,0.0,0.0,0.0,0.0,0.0,0.0,0.0,34.02350546109656,-12.788144568358575,False,True,False,True,False,0.0,0,1.033649698015531,0.9098360655737704,False,False,False,False,0.03638876892520192,0.037776720318779426,False,False,False,False,31180.0,30071.02552017666,False,False,False,False,1063.7558668936326,False,False,False,False
2025-07-29 19:00:00+00:00,21.075,21.105,21.055,21.095,1213.0,,,,,,,,,,,,,,,,,,,,,,20.93512852179257,20.620670144979552,,,"rgba(239, 83, 80, 1.0)",0.0,0.0,0.15565762845850944,21.00897431066672,0.5526596427377136,0.0,0.0,0.0,0.0,0.0,0.0,0.0,0.0,36.76130970364517,-12.788144568358575,False,True,False,True,True,0.0,0,1.037597234226448,0.9062229904926531,False,False,False,False,0.04983998914454614,0.04380835473166278,False,False,False,False,32393.0,30107.025124515003,False,False,False,False,1066.0697294224135,False,False,False,False
2025-07-30 14:00:00+00:00,21.06,21.075,21.015,21.025,1700.0,,,,,,,,,,,,,,,,,,,,,,20.936154942706263,20.622855241413063,,,"rgba(239, 83, 80, 1.0)",0.0,0.0,0.15534132717328586,21.007503489089025,0.1126326859011307,0.0,0.0,0.0,0.0,0.0,0.0,0.0,0.0,35.654027424529495,-12.788144568358575,False,True,False,True,True,0.0,0,1.0314926660914583,0.9072476272648833,False,False,False,False,0.018681388973055196,0.03124487185235899,False,False,False,False,30693.0,30116.110006305466,False,False,False,False,1075.898105710438,False,False,False,False
2025-07-30 15:00:00+00:00,21.025,21.035,20.945,20.975,1588.0,,,,,,,,,,,,,,,,,,,,,,20.93660454826494,20.62461645060623,,,"rgba(239, 83, 80, 1.0)",0.0,0.0,0.15445215592052494,21.005367632217766,-0.19661513972903294,0.0,0.0,0.0,0.0,0.0,0.0,0.0,0.0,33.31769061883798,-12.788144568358575,False,True,False,True,False,0.0,0,1.0210843373493976,0.915232358003442,False,False,False,False,-0.08080516165625296,-0.024780144901946983,False,False,False,False,29105.0,30100.433882176698,False,False,False,False,1083.8376699629894,False,False,False,False
2025-07-30 16:00:00+00:00,20.975,21.045,20.975,21.015,1759.0,,,,,,,,,,,,,,,,,,,,,,20.937362151110193,20.626690304448132,,,"rgba(239, 83, 80, 1.0)",0.0,0.0,0.15428343520419785,21.00374131157728,0.07297405847763318,0.0,0.0,0.0,0.0,0.0,0.0,0.0,0.0,34.47854719696708,-12.788144568358575,False,True,False,True,False,0.0,0,1.0216049382716053,0.9413580246913578,False,False,False,False,-0.18592421151761102,-0.105352178209779,False,False,False,False,30864.0,30112.272116561555,False,False,False,False,1094.3053029868188,False,False,False,False
2025-07-30 17:00:00+00:00,21.015,21.035,20.975,21.0,895.0,,,,,,,,,,,,,,,,,,,,,,20.937699211450713,20.627714341263072,,,"rgba(239, 83, 80, 1.0)",0.0,0.0,0.15522337870735434,21.002903847899436,-0.018707542147440012,0.0,0.0,0.0,0.0,0.0,0.0,0.0,0.0,34.68819709809003,-12.788144568358575,False,True,False,True,False,0.0,0,0.9959495949594964,0.9662466246624662,False,False,False,False,-0.19037790844584745,-0.14786504332781322,False,False,False,False,29969.0,30110.05084343657,False,False,False,False,1091.2152982893488,False,False,False,False
2025-07-30 18:00:00+00:00,21.015,21.035,20.845,20.845,3842.0,,,,,,,,,,,,,,,,,,,,,,20.937068967764525,20.630951750369096,,,"rgba(239, 83, 80, 1.0)",0.0,0.0,0.15914419208347885,20.99619809599176,-0.9500698329754229,0.0,0.0,0.0,0.0,0.0,0.0,0.0,0.0,30.750560575844972,-14.564537544407806,False,True,False,True,False,0.0,0,0.9714156079854811,0.9777676950998184,False,False,False,False,-0.249029887553094,-0.1984474654404536,False,False,False,False,26127.0,30048.298117181737,False,False,False,False,1133.863123122072,False,False,False,False
2025-07-30 19:00:00+00:00,20.845,20.845,20.665,20.775,6978.0,,,,,,,,,,,,,,,,,,,,,,20.93048834012567,20.633634458127336,,,"rgba(239, 83, 80, 1.0)",0.0,0.0,0.16475936589061593,20.977433245644274,-1.228660019113399,0.0,0.0,0.0,0.0,0.0,0.0,0.0,0.0,26.978676298568924,-18.110889005601287,False,True,False,True,False,0.0,0,0.9576003608479928,0.9778980604420386,False,False,False,False,-0.34282825441539394,-0.2706378599279238,False,False,False,False,19149.0,29879.31675102388,False,False,False,False,1224.469896407001,False,False,False,False
2025-07-31 14:00:00+00:00,20.72,20.735,20.625,20.625,1245.0,,,,,,,,,,,,,,,,,,,,,,20.928700876063928,20.63373673008096,,,"rgba(239, 83, 80, 1.0)",0.0,0.0,0.17515570936327354,20.97343091315438,-1.9892638065924195,0.0,0.0,0.0,0.0,0.0,0.0,0.0,0.0,22.74027577356175,-21.977525863648093,False,True,False,True,False,0.0,0,0.9443946188340809,0.9878923766816142,False,False,False,False,-0.34282825441539394,-0.3067330571716589,False,False,False,False,17904.0,29693.65292542661,False,False,False,False,1224.7881925867373,False,False,False,False
2025-07-31 15:00:00+00:00,20.625,20.665,20.575,20.645,978.0,,,,,,,,,,,,,,,,,,,,,,20.927140127264455,20.6337212884663,,,"rgba(239, 83, 80, 1.0)",0.0,0.0,0.18368291813460297,20.970107202657967,-1.7699370521744924,0.0,0.0,0.0,0.0,0.0,0.0,0.0,0.0,21.011575564933743,-23.506715239070267,False,True,False,True,False,0.0,0,0.9391771019677999,0.9932915921288015,False,False,False,False,-0.34282825441539394,-0.32478065579352644,False,False,False,False,18882.0,29526.030399451003,False,False,False,False,1220.9620190582607,False,False,False,False
2025-07-31 16:00:00+00:00,20.645,20.725,20.63,20.725,1101.0,,,,,,,,,,,,,,,,,,,,,,20.925780397708266,20.633912455666664,,,"rgba(239, 83, 80, 1.0)",0.0,0.0,0.18888356201646722,20.96707070763169,-1.2815869472568817,0.0,0.0,0.0,0.0,0.0,0.0,0.0,0.0,23.9066304938732,-23.506715239070267,False,True,False,True,True,0.0,0,0.9426008968609868,0.9968609865470849,False,False,False,False,-0.3002808680443856,-0.312530761918956,False,False,False,False,19983.0,29378.07643976959,False,False,False,False,1219.1021427937915,False,False,False,False
2025-07-31 17:00:00+00:00,20.725,20.725,20.565,20.585,1032.0,,,,,,,,,,,,,,,,,,,,,,20.924149689169077,20.633885746173814,,,"rgba(239, 83, 80, 1.0)",0.0,0.0,0.1986836636420483,20.963720935950157,-1.9061503548297043,0.0,0.0,0.0,0.0,0.0,0.0,0.0,0.0,23.61159073892159,-23.506715239070267,False,True,False,True,True,0.0,0,0.9289226642825217,1.0062583817612871,False,False,False,False,-0.3241905852213018,-0.31836067357012887,False,False,False,False,18951.0,29216.416339928197,False,False,False,False,1216.2013343783838,False,False,False,False
2025-07-31 18:00:00+00:00,20.59,20.655,20.535,20.625,994.0,,,,,,,,,,,,,,,,,,,,,,20.922491760041254,20.633802606801357,,,"rgba(239, 83, 80, 1.0)",0.0,0.0,0.20645622095543492,20.96041541047958,-1.6246321323104242,0.0,0.0,0.0,0.0,0.0,0.0,0.0,0.0,25.143892315299414,-23.506715239070267,False,True,False,True,True,0.0,0,0.9240337627721016,1.008440693025322,False,False,False,False,-0.34282825441539394,-0.3305944639927614,False,False,False,False,19945.0,29072.67345093706,False,False,False,False,1212.7563524500365,False,False,False,False
2025-07-31 19:00:00+00:00,20.625,20.655,20.52,20.565,1687.0,,,,,,,,,,,,,,,,,,,,,,20.919498543411855,20.633541066351626,,,"rgba(239, 83, 80, 1.0)",0.0,0.0,0.2153823961622782,20.95465215643661,-1.8091179380464648,0.0,0.0,0.0,0.0,0.0,0.0,0.0,0.0,25.205414325456985,-23.506715239070267,False,True,False,True,True,0.0,0,0.9236876929863257,1.008381120423467,False,False,False,False,-0.34282825441539394,-0.3367113592040777,False,False,False,False,18258.0,28905.00409510858,False,False,False,False,1220.1089671407335,False,False,False,False
2025-08-01 14:00:00+00:00,20.31,20.375,20.195,20.34,96.0,,,,,,,,,,,,,,,,,,,,,20.30333333333333,20.91919225863465,20.63344974784139,,,"rgba(239, 83, 80, 1.0)",0.0,0.0,0.23222969368850824,20.932490781665784,-2.5513136251236563,1.0,20.375,20.195,0.0,0.0,0.0,0.0,0.0,22.704679628035315,-23.506715239070267,False,True,False,True,True,0.0,0,0.9015053763440861,1.0227956989247309,True,False,False,False,-0.34282825441539394,-0.3397698068097358,False,False,False,False,18162.0,28738.445892083637,False,False,False,False,1202.6809211385514,False,False,False,False
2025-08-01 15:00:00+00:00,20.34,20.405,20.32,20.4,100.0,,,,,,,,,,,,,,,,,,,,,20.339897959183673,20.918910624981674,20.63337531726742,,,"rgba(239, 83, 80, 1.0)",0.0,0.0,0.24532038254111216,20.933828416999653,-2.1760459178730986,0.0,0.0,0.0,0.0,0.0,0.0,0.0,0.0,23.309875045960176,-23.506715239070267,False,True,False,True,True,0.0,0,0.9114740008594759,1.0206274172754615,False,False,False,False,-0.3000116287803803,-0.31989071779505807,False,False,False,False,18262.0,28576.020374376913,False,False,False,False,1185.5850929038452,False,False,False,False
2025-08-01 16:00:00+00:00,20.4,20.475,20.375,20.38,2500.0,,,,,,,,,,,,,,,,,,,,,20.40490356083086,20.91241036409557,20.63177857488697,,,"rgba(239, 83, 80, 1.0)",0.0,0.0,0.2577464359118328,20.925846366517153,-2.117764944396247,0.0,0.0,0.0,0.0,0.0,0.0,0.0,0.0,23.467095668056174,-23.506715239070267,False,True,False,True,True,0.0,0,0.911359724612737,1.024096385542168,False,False,False,False,-0.2662503366343658,-0.29307052721471194,False,False,False,False,15762.0,28377.353391828434,False,False,False,False,1205.9636185952584,False,False,False,False
2025-08-01 17:00:00+00:00,20.385,20.405,20.315,20.325,800.0,,,,,,,,,,,,,,,,,,,,,20.391958428680397,20.910114182784046,20.63113169070605,,,"rgba(239, 83, 80, 1.0)",0.0,0.0,0.2713454631284397,20.92136758294953,-2.1978166727897066,0.0,0.0,0.0,0.0,0.0,0.0,0.0,0.0,22.896041676435857,-23.506715239070267,False,True,False,True,True,0.0,0,0.9071367153912301,1.028374892519346,False,False,False,False,-0.3013755141488361,-0.29722302068177403,False,False,False,False,14962.0,28169.363416761324,True,False,False,False,1199.6696090046341,True,False,False,False
2025-08-01 18:00:00+00:00,20.325,20.415,20.305,20.36,100.0,,,,,,,,,,,,,,,,,,,,,20.391069707081943,20.90983440727876,20.63105436502052,,,"rgba(239, 83, 80, 1.0)",0.0,0.0,0.2827193878252412,20.920857782975848,-1.983796680129111,0.0,0.0,0.0,0.0,0.0,0.0,0.0,0.0,24.01575338682045,-23.506715239070267,False,True,False,True,True,0.0,0,0.9050470487596239,1.0265183917878524,False,False,False,False,-0.3013755141488361,-0.2992992674153051,False,False,False,False,15062.0,27966.14848006735,False,False,False,False,1182.6204677797562,False,False,False,False
2025-08-01 19:00:00+00:00,20.36,20.415,20.345,20.375,1700.0,,,,,,,,,,,,,,,,,,,,,20.38698136958711,20.905278538306266,20.629835001248814,,,"rgba(239, 83, 80, 1.0)",0.0,0.0,0.2933443384504422,20.91312667641202,-1.8344539364714254,0.0,0.0,0.0,0.0,0.0,0.0,0.0,0.0,25.42562616619382,-23.506715239070267,False,True,False,True,True,0.0,0,0.9064625850340138,1.024659863945578,False,False,False,False,-0.29049440080759104,-0.29489683411144807,False,False,False,False,16762.0,27792.440751694212,False,False,False,False,1190.6418558761939,False,False,False,False
2025-08-04 14:00:00+00:00,20.515,20.545,20.475,20.525,478.0,,,,,,,,,,,,,,,,,,,,,20.397579378824616,20.904340165824134,20.629679420317796,,,"rgba(239, 83, 80, 1.0)",0.0,0.0,0.29951699857012953,20.912069292972014,-1.2923116044159535,0.0,0.0,0.0,0.0,0.0,0.0,0.0,0.0,31.936083380917754,-22.163394792197135,False,True,False,True,True,0.0,0,0.9103101424979048,1.0150880134115672,False,False,False,False,-0.22125371138755154,-0.2580752727494998,False,False,False,False,17240.0,27628.837019109807,False,False,False,False,1179.5931449323768,False,False,False,False
2025-08-04 15:00:00+00:00,20.525,20.585,20.515,20.575,1394.0,,,,,,,,,,,,,,,,,,,,,20.428842075892856,20.901930895425718,20.629398634888734,,,"rgba(239, 83, 80, 1.0)",0.0,0.0,0.3044608585917751,20.909530990895853,-1.0987651826351732,0.0,0.0,0.0,0.0,0.0,0.0,0.0,0.0,37.75011372154405,-17.012063675927905,False,False,False,True,True,0.0,0,0.9141666666666669,1.0116666666666665,False,False,False,False,-0.20039040011615278,-0.2292328364328263,False,False,False,False,18634.0,27489.38218160423,False,False,False,False,1182.917282220247,False,False,False,False
2025-08-04 16:00:00+00:00,20.575,20.6,20.555,20.575,1005.0,,,,,,,,,,,,,,,,,,,,,20.447019454300744,20.900306223202985,20.629249440945767,,,"rgba(239, 83, 80, 1.0)",0.0,0.0,0.30919115635994104,20.90768762770257,-1.075993348643112,0.0,0.0,0.0,0.0,0.0,0.0,0.0,0.0,41.62613394862824,-13.757285879241778,True,False,False,True,True,0.0,0,0.9178082191780823,1.0103777501037772,False,False,False,False,-0.18614713422893264,-0.20768998533087946,False,False,False,False,18634.0,27352.089434602614,False,False,False,False,1180.1588747439641,False,False,False,False
2025-08-04 17:00:00+00:00,20.575,20.595,20.545,20.545,1080.0,,,,,,,,,,,,,,,,,,,,,20.460400951042903,20.898498217028205,20.62904458315675,,,"rgba(239, 83, 80, 1.0)",0.0,0.0,0.31439376813395586,20.90534629793883,-1.1461623430948347,0.0,0.0,0.0,0.0,0.0,0.0,0.0,0.0,43.263926379335274,-12.465531053945405,True,False,False,True,True,0.0,0,0.9173212071103765,1.010748243075651,False,False,False,False,-0.19002402813134478,-0.19885700673111212,False,False,False,False,17554.0,27200.18107127544,False,False,False,False,1178.6060239727399,False,False,False,False
2025-08-04 18:00:00+00:00,20.545,20.625,20.545,20.595,804.0,,,,,,,,,,,,,,,,,,,,,20.4706284180173,20.897270313033427,20.628952922221885,,,"rgba(239, 83, 80, 1.0)",0.0,0.0,0.3183222063052671,20.903809037875412,-0.970114656654739,0.0,0.0,0.0,0.0,0.0,0.0,0.0,0.0,46.08972843967734,-9.914594969769148,True,False,False,True,True,0.0,0,0.9178644763860373,1.0082135523613962,False,False,False,False,-0.18227576442043167,-0.19056638557577188,False,False,False,False,18358.0,27063.092992651014,False,False,False,False,1172.798178639829,False,False,False,False
2025-08-04 19:00:00+00:00,20.595,20.645,20.595,20.61,464.0,,,,,,,,,,,,,,,,,,,,,20.477069036530114,20.896630672588167,20.62893697858548,,,"rgba(239, 83, 80, 1.0)",0.0,0.0,0.32191518663681157,20.90305541177082,-0.9103497565072863,0.0,0.0,0.0,0.0,0.0,0.0,0.0,0.0,48.48506336749309,-7.694534823103226,True,False,False,False,True,0.0,0,0.9222903885480573,1.0065439672801635,False,False,False,False,-0.1642786901495697,-0.1774225378626708,False,False,False,False,18822.0,26935.32410904402,False,False,False,False,1161.8090595911494,False,False,False,False
2025-08-05 14:00:00+00:00,20.655,20.665,20.565,20.585,702.0,,,,,,,,,,,,,,,,,,,,,20.485071133683803,20.8956283679471,20.628890075168247,,,"rgba(239, 83, 80, 1.0)",0.0,0.0,0.32578993397756584,20.901789587675456,-0.972373774130386,0.0,0.0,0.0,0.0,0.0,0.0,0.0,0.0,49.082818047538325,-7.0215475433745524,True,False,False,False,True,0.0,0,0.9204868154158218,1.004868154158215,False,False,False,False,-0.16684298900253056,-0.17213276343260067,False,False,False,False,18120.0,26798.652417430934,False,False,False,False,1154.6802369618292,False,False,False,False
2025-08-05 15:00:00+00:00,20.585,20.675,20.57,20.655,501.0,,,,,,,,,,,,,,,,,,,,,20.491406800864322,20.894986577454354,20.6288962800058,,,"rgba(239, 83, 80, 1.0)",0.0,0.0,0.32813392673403846,20.901029299811704,-0.7497831823135926,0.0,0.0,0.0,0.0,0.0,0.0,0.0,0.0,51.97644100747411,-4.124963391998435,True,False,True,False,True,0.0,0,0.9215607401448112,1.0040225261464197,False,False,False,False,-0.16299734529241816,-0.1675650543625094,False,False,False,False,18621.0,26671.867108633553,False,False,False,False,1144.5456596445915,False,False,False,False
2025-08-05 16:00:00+00:00,20.655,20.7,20.645,20.695,1677.0,,,,,,,,,,,,,,,,,,,,,20.51500733776086,20.893240082286987,20.62913404690366,,,"rgba(38, 166, 154, 1.0)",0.0,0.0,0.3296359170931819,20.899210174986997,-0.6195021974176155,0.0,0.0,0.0,0.0,0.0,0.0,0.0,0.0,55.147824462372036,-1.0247669440895777,True,False,True,False,True,0.0,0,0.9391727493917275,1.0024330900243308,False,False,False,False,-0.1374758540159874,-0.1525204541892484,False,False,False,False,20298.0,26573.047463538456,False,False,False,False,1152.8007656966133,False,False,False,False
2025-08-05 17:00:00+00:00,20.695,20.755,20.695,20.715,1306.0,,,,,,,,,,,,,,,,,,,,,20.533358944720195,20.89216144053247,20.629468113534234,,,"rgba(38, 166, 154, 1.0)",0.0,0.0,0.33109496201829924,20.89822192747938,-0.5533818043092228,0.0,0.0,0.0,0.0,0.0,0.0,0.0,0.0,57.86908504312615,1.6257115503745752,True,False,True,False,True,0.0,0,0.9518563851489191,0.9873521011831904,False,False,False,False,-0.11086792490624395,-0.13169418954774617,False,False,False,False,21604.0,26496.007967979716,False,False,False,False,1155.1759476237976,False,False,False,False
2025-08-05 18:00:00+00:00,20.715,20.715,20.665,20.705,814.0,,,,,,,,,,,,,,,,,,,,,20.541836221892915,20.89139189906275,20.629615241757026,,,"rgba(38, 166, 154, 1.0)",0.0,0.0,0.33238182211983347,20.897335900133545,-0.5786595034195448,0.0,0.0,0.0,0.0,0.0,0.0,0.0,0.0,59.13645650368986,2.970780269366408,True,False,True,False,True,0.0,0,0.9556103575832307,0.984381422112618,False,False,False,False,-0.1285868669326077,-0.13014052824017694,False,False,False,False,20790.0,26407.542728166074,False,False,False,False,1149.886398048235,False,False,False,False
2025-08-05 19:00:00+00:00,20.705,20.765,20.705,20.74,689.0,,,,,,,,,,,,,,,,,,,,,20.55011741723216,20.89088241150954,20.629818293186517,,,"rgba(38, 166, 154, 1.0)",0.0,0.0,0.3334814040495687,20.897380485664627,-0.47193181914645926,0.0,0.0,0.0,0.0,0.0,0.0,0.0,0.0,61.16414807373026,5.0920559771697,True,False,True,False,True,0.0,0,0.9563066776586974,0.978977741137675,False,False,False,False,-0.10581855681948851,-0.11797954252983273,False,False,False,False,21479.0,26331.131213000706,False,False,False,False,1142.7408724970996,False,False,False,False
2025-08-06 14:00:00+00:00,20.625,20.705,20.6,20.695,1802.0,,,,,,,,,,,,,,,,,,,,,20.561777518691237,20.88896793544444,20.63000018718795,,,"rgba(38, 166, 154, 1.0)",0.0,0.0,0.33491229186649446,20.892315568732336,-0.5891559477637541,0.0,0.0,0.0,0.0,0.0,0.0,0.0,0.0,59.948647139387425,5.0920559771697,True,False,True,False,True,0.0,0,0.949794238683128,0.9781893004115226,False,False,False,False,-0.1476612844041715,-0.13282041346700213,False,False,False,False,19677.0,26227.96638799294,False,False,False,False,1152.9619442413307,False,False,False,False
2025-08-06 15:00:00+00:00,20.695,20.705,20.63,20.655,3268.0,,,,,,,,,,,,,,,,,,,,,20.57737359022556,20.885527263338485,20.630295942839567,,,"rgba(38, 166, 154, 1.0)",0.0,0.0,0.3368937731903619,20.886976522126886,-0.688574680173168,0.0,0.0,0.0,0.0,0.0,0.0,0.0,0.0,57.11332811081317,5.0920559771697,True,False,True,False,False,0.0,0,0.950164744645799,0.9773476112026357,False,False,False,False,-0.1400194745668931,-0.13641994401694763,False,False,False,False,16409.0,26075.734350969793,False,False,False,False,1185.7532319275117,False,False,False,False
2025-08-06 16:00:00+00:00,20.655,20.67,20.595,20.605,1010.0,,,,,,,,,,,,,,,,,,,,,20.579456108867948,20.88429739783858,20.63027690231862,,,"rgba(38, 166, 154, 1.0)",0.0,0.0,0.3393352935393928,20.884830074401012,-0.8246418210209753,0.0,0.0,0.0,0.0,0.0,0.0,0.0,0.0,53.00560413211007,8.96266541096545,True,False,False,False,False,0.0,0,0.9433805162364697,0.9933388842631137,False,False,False,False,-0.15787722385927466,-0.14714858393811114,False,False,False,False,15399.0,25910.203585838477,False,False,False,False,1183.0283756185581,False,False,False,False
2025-08-06 17:00:00+00:00,20.605,20.63,20.595,20.605,900.0,,,,,,,,,,,,,,,,,,,,,20.580641512146034,20.88315566018102,20.630227610764486,,,"rgba(38, 166, 154, 1.0)",0.0,0.0,0.3415607790215236,20.882841603435075,-0.8134470363693792,0.0,0.0,0.0,0.0,0.0,0.0,0.0,0.0,50.26712147964134,6.345690886223963,True,False,False,False,False,0.0,0,0.9278523489932887,1.0050335570469797,False,False,False,False,-0.16812595211013137,-0.15763726802412126,False,False,False,False,15399.0,25747.23918915881,False,False,False,False,1178.6403387872626,False,False,False,False
2025-08-06 18:00:00+00:00,20.605,20.625,20.575,20.585,872.0,,,,,,,,,,,,,,,,,,,,,20.58116185964037,20.881998221960178,20.630144834394144,,,"rgba(38, 166, 154, 1.0)",0.0,0.0,0.34383740657785666,20.880817966644994,-0.860342595034114,0.0,0.0,0.0,0.0,0.0,0.0,0.0,0.0,47.52408607883465,3.711581450980077,True,False,False,True,False,0.0,0,0.9262225969645869,1.0037942664418211,False,False,False,False,-0.17454908769185912,-0.1660931778579902,False,False,False,False,14527.0,25573.281992427663,False,False,False,False,1173.8862250076152,False,False,False,False
2025-08-06 19:00:00+00:00,20.585,20.635,20.58,20.58,648.0,,,,,,,,,,,,,,,,,,,,,20.581612167813297,20.88115403162473,20.630089383546295,,,"rgba(38, 166, 154, 1.0)",0.0,0.0,0.3462017195662879,20.87939807296173,-0.8648081625267791,0.0,0.0,0.0,0.0,0.0,0.0,0.0,0.0,45.45735006021125,1.6737318372933885,True,False,False,True,False,0.0,0,0.9282397636133389,0.9978894048121566,False,False,False,False,-0.17069352854961203,-0.1683933532038011,False,False,False,False,13879.0,25391.975294870645,False,False,False,False,1165.7329502012956,False,False,False,False
2025-08-07 14:00:00+00:00,20.6,20.605,20.375,20.395,2213.0,,,,,,,,,,,,,,,,,,,,,20.571478970892294,20.87689995029264,20.629072983156092,,,"rgba(239, 83, 80, 1.0)",0.0,0.0,0.3515970641167519,20.87104232222256,-1.3539428249164382,0.0,0.0,0.0,0.0,0.0,0.0,0.0,0.0,38.37382195287484,-4.931611431233165,False,False,False,True,False,0.0,0,0.9075770191507079,1.0045795170691088,False,False,False,False,-0.23175578067009714,-0.20007456693694914,False,False,False,False,11666.0,25179.169476345516,False,False,False,False,1181.969648647787,False,False,False,False
2025-08-07 15:00:00+00:00,20.395,20.43,20.335,20.425,2183.0,,,,,,,,,,,,,,,,,,,,,20.558367747772508,20.872180568748117,20.627724190429607,,,"rgba(239, 83, 80, 1.0)",0.0,0.0,0.3562906622914214,20.84553279582594,-1.1803082155489415,0.0,0.0,0.0,0.0,0.0,0.0,0.0,0.0,35.42648984890077,-7.5459546926071965,False,False,False,True,False,0.0,0,0.9056917324470298,1.018280016618197,False,False,False,False,-0.2891390029631424,-0.24460678495004576,False,False,False,False,13849.0,25003.50793407659,False,False,False,False,1197.4894990563484,False,False,False,False
2025-08-07 16:00:00+00:00,20.425,20.505,20.415,20.445,1458.0,,,,,,,,,,,,,,,,,,,,,20.553436777472406,20.86946025179454,20.627057269873557,,,"rgba(239, 83, 80, 1.0)",0.0,0.0,0.36063436350986805,20.842197088500818,-1.1013844732795384,0.0,0.0,0.0,0.0,0.0,0.0,0.0,0.0,34.63737951411832,-8.324143352987065,False,True,False,True,False,0.0,0,0.9109903886335147,1.0213121604680317,False,False,False,False,-0.247604365904734,-0.24610557542738987,False,False,False,False,15307.0,24853.174477734316,False,False,False,False,1201.528421551599,False,False,False,False
2025-08-07 17:00:00+00:00,20.445,20.485,20.365,20.475,4121.0,,,,,,,,,,,,,,,,,,,,,20.540157128441685,20.861718427046554,20.625055842993433,,,"rgba(239, 83, 80, 1.0)",0.0,0.0,0.3624467279899956,20.830549986989997,-0.9809717112408569,0.0,0.0,0.0,0.0,0.0,0.0,0.0,0.0,35.84930696736495,-8.324143352987065,False,False,False,True,False,0.0,0,0.9091666666666668,1.0154166666666666,False,False,False,False,-0.2662503366343677,-0.2561779560308788,False,False,False,False,19428.0,24769.063245521378,False,False,False,False,1246.791546798861,False,False,False,False
2025-08-07 18:00:00+00:00,20.475,20.485,20.445,20.475,2225.0,,,,,,,,,,,,,,,,,,,,,20.535827463198768,20.85791187739464,20.62414763207015,,,"rgba(239, 83, 80, 1.0)",0.0,0.0,0.36315736295756584,20.825422054512707,-0.9649317080035399,0.0,0.0,0.0,0.0,0.0,0.0,0.0,0.0,36.65725860286271,-8.324143352987065,False,False,False,True,False,0.0,0,0.9118997912317333,1.0175365344467642,False,False,False,False,-0.2449546585970876,-0.2505663073139832,False,False,False,False,19428.0,24686.25606342027,False,False,False,False,1261.9575693291113,False,False,False,False
2025-08-07 19:00:00+00:00,20.475,20.495,20.435,20.46,1200.0,,,,,,,,,,,,,,,,,,,,,20.533544782646718,20.85586336911236,20.623646587909477,,,"rgba(239, 83, 80, 1.0)",0.0,0.0,0.36369459269664633,20.822614442826634,-0.9970300634331554,0.0,0.0,0.0,0.0,0.0,0.0,0.0,0.0,36.596608742875134,-8.324143352987065,False,False,False,True,False,0.0,0,0.9092809364548499,1.019230769230769,False,False,False,False,-0.2449546585970876,-0.2477604829555354,False,False,False,False,18228.0,24586.12806243701,False,False,False,False,1260.9969868588926,False,False,False,False
2025-08-08 14:00:00+00:00,20.49,20.545,20.44,20.475,350.0,,,,,,,,,,,,,,,,,,,,,20.533118174726987,20.855305166651547,20.623522222222228,,,"rgba(239, 83, 80, 1.0)",0.0,0.0,0.3632500565775951,20.821910470280116,-0.95501835167921,0.0,0.0,0.0,0.0,0.0,0.0,0.0,0.0,37.61901764980096,-8.324143352987065,False,False,False,True,True,0.0,0,0.9075385256143279,1.0162432319866719,False,False,False,False,-0.23044031720617736,-0.23910040008085637,False,False,False,False,18578.0,24492.978790151163,False,False,False,False,1246.8730025665066,False,False,False,False
2025-08-08 15:00:00+00:00,20.475,20.485,20.42,20.455,0.0,,,,,,,,,,,,,,,,,,,,,20.533118174726987,20.855305166651547,20.623522222222228,,,"rgba(239, 83, 80, 1.0)",0.0,0.0,0.3616573835318246,20.821910470280116,-1.0145250366437797,0.0,0.0,0.0,0.0,0.0,0.0,0.0,0.0,37.37488904933879,-8.324143352987065,False,False,False,True,True,0.0,0,0.9042065805914208,1.02332361516035,False,False,False,False,-0.2515853378819177,-0.24534286898138705,False,False,False,False,18578.0,24401.27369262944,False,False,False,False,1227.5416381856305,False,False,False,False
2025-08-08 16:00:00+00:00,20.455,20.545,20.455,20.485,0.0,,,,,,,,,,,,,,,,,,,,,20.533118174726987,20.855305166651547,20.623522222222228,,,"rgba(239, 83, 80, 1.0)",0.0,0.0,0.35898853152404153,20.821910470280116,-0.9384992574826968,0.0,0.0,0.0,0.0,0.0,0.0,0.0,0.0,39.435213071514,-8.324143352987065,False,False,False,True,True,0.0,0,0.9008474576271189,1.0360169491525424,False,False,False,False,-0.22649860530360783,-0.23592073714249745,False,False,False,False,18578.0,24310.990379565417,False,False,False,False,1208.5099848804268,False,False,False,False
2025-08-08 17:00:00+00:00,20.485,20.495,20.44,20.475,0.0,,,,,,,,,,,,,,,,,,,,,20.533118174726987,20.855305166651547,20.623522222222228,,,"rgba(239, 83, 80, 1.0)",0.0,0.0,0.35384971615311983,20.821910470280116,-0.9803892851789024,0.0,0.0,0.0,0.0,0.0,0.0,0.0,0.0,40.25536953352599,-8.324143352987065,False,False,False,True,True,0.0,0,0.8920068027210892,1.0391156462585034,False,False,False,False,-0.24363107072562407,-0.23977590393406076,False,False,False,False,18578.0,24222.10680778921,False,False,False,False,1189.773395967552,False,False,False,False
2025-08-08 18:00:00+00:00,20.48,20.485,20.455,20.465,2.0,,,,,,,,,,,,,,,,,,,,,20.53311480595566,20.855301823381268,20.62352141709598,,,"rgba(239, 83, 80, 1.0)",0.0,0.0,0.3486218943572634,20.82190597135081,-1.0237623543662353,0.0,0.0,0.0,0.0,0.0,0.0,0.0,0.0,40.227925981647175,-8.324143352987065,False,False,False,True,True,0.0,0,0.8921568627450984,1.037936913895993,False,False,False,False,-0.24230831945495132,-0.24104211169450604,False,False,False,False,18576.0,24134.57026813356,False,False,False,False,1171.3583045572022,False,False,False,False
2025-08-08 19:00:00+00:00,20.465,20.525,20.45,20.5,448.0,,,,,,,,,,,,,,,,,,,,,20.532637582455237,20.854599452734387,20.623368363777693,,,"rgba(239, 83, 80, 1.0)",0.0,0.0,0.34151919471734227,20.82103492175266,-0.9400201415278081,0.0,0.0,0.0,0.0,0.0,0.0,0.0,0.0,42.988407190834224,-11.107825512340582,False,False,False,True,True,0.0,0,0.8884156729131181,1.038330494037479,False,False,False,False,-0.2305980298011155,-0.23582007074781075,False,False,False,False,19024.0,24055.336620565595,False,False,False,False,1160.143447122207,False,False,False,False
2025-08-11 14:00:00+00:00,20.625,20.635,20.46,20.475,1863.0,,,,,,,,,,,,,,,,,,,,,20.53221245268519,20.851959853837684,20.622887809330788,,,"rgba(239, 83, 80, 1.0)",0.0,0.0,0.33446067922248707,20.81813460491701,-1.0259340670917882,0.0,0.0,0.0,0.0,0.0,0.0,0.0,0.0,43.20050567491141,-10.66465116889458,False,False,False,True,True,0.0,1,0.8938240270727585,1.0274957698815566,False,False,False,False,-0.19493209516548576,-0.21537608295664826,False,False,False,False,17161.0,23948.447680711863,False,False,False,False,1171.0404479420176,False,False,False,False
2025-08-11 15:00:00+00:00,20.475,20.525,20.445,20.525,2432.0,,,,,,,,,,,,,,,,,,,,,20.53030540446707,20.84831934308629,20.622111588019493,,,"rgba(239, 83, 80, 1.0)",0.0,0.0,0.32651556534786463,20.813625968338748,-0.8839577618030298,0.0,0.0,0.0,0.0,0.0,0.0,0.0,0.0,46.81302003895135,-7.110893417510354,True,False,False,True,True,0.0,1,0.894003378378379,1.0325168918918919,False,False,False,False,-0.22738806098930414,-0.2213820719729762,False,False,False,False,19593.0,23880.921360080672,False,False,False,False,1190.5902084390407,False,False,False,False
2025-08-11 16:00:00+00:00,20.525,20.555,20.475,20.505,1817.0,,,,,,,,,,,,,,,,,,,,,20.529553181407607,20.84574975600671,20.62159973422571,,,"rgba(239, 83, 80, 1.0)",0.0,0.0,0.3157267891792307,20.810574569838312,-0.9678449226075837,0.0,0.0,0.0,0.0,0.0,0.0,0.0,0.0,47.83902206221181,-6.068139290417129,True,False,False,False,True,0.0,1,0.9029626449119802,1.0266208673250323,False,False,False,False,-0.21064172534810638,-0.2160118986605413,False,False,False,False,17776.0,23786.27141651353,False,False,False,False,1200.301988153164,False,False,False,False
2025-08-11 17:00:00+00:00,20.505,20.505,20.465,20.505,1100.0,,,,,,,,,,,,,,,,,,,,,20.528649595999017,20.844121127479056,20.621236203736206,,,"rgba(239, 83, 80, 1.0)",0.0,0.0,0.3087653413776501,20.808518898130412,-0.9830083155582541,0.0,0.0,0.0,0.0,0.0,0.0,0.0,0.0,48.523023411052115,-5.28553027590273,True,False,False,False,True,0.0,1,0.9011602922217453,1.0292221744735714,False,False,False,False,-0.22738806098930414,-0.22169997982492273,False,False,False,False,17776.0,23693.088913931922,False,False,False,False,1198.746918569394,False,False,False,False
2025-08-11 18:00:00+00:00,20.505,20.525,20.475,20.495,1682.0,,,,,,,,,,,,,,,,,,,,,20.527582907985384,20.841706133521562,20.620712648539676,,,"rgba(239, 83, 80, 1.0)",0.0,0.0,0.3031861141606594,20.805539238170535,-1.0242528389871393,0.0,0.0,0.0,0.0,0.0,0.0,0.0,0.0,48.20879833693703,-5.28553027590273,True,False,False,False,True,0.0,1,0.903572965992252,1.0275505811450714,False,False,False,False,-0.21899977964894835,-0.22034987973693554,False,False,False,False,16094.0,23575.27358193298,False,False,False,False,1206.2392144055273,False,False,False,False
2025-08-11 19:00:00+00:00,20.495,20.535,20.495,20.525,1638.0,,,,,,,,,,,,,,,,,,,,,20.52727647209525,20.839521623713424,20.620289685282057,,,"rgba(239, 83, 80, 1.0)",0.0,0.0,0.29896470007663495,20.803004207080612,-0.929889739522262,0.0,0.0,0.0,0.0,0.0,0.0,0.0,0.0,50.36136345759351,-3.2156589201918138,True,False,False,False,True,0.0,1,0.9008193186718418,1.0301854247520483,False,False,False,False,-0.21064172534810638,-0.21549580254252096,False,False,False,False,17732.0,23484.6801930658,False,False,False,False,1212.9331800736586,False,False,False,False
2025-08-12 14:00:00+00:00,20.725,20.875,20.72,20.855,700.0,,,,,,,,,,,,,,,,,,,,,20.531316461250047,20.839455833227095,20.620635783259733,,,"rgba(38, 166, 154, 1.0)",0.0,0.0,0.2932165205576729,20.80389989208746,0.17427431379156677,0.0,0.0,0.0,0.0,0.0,0.0,0.0,0.0,61.254030326756535,6.761223925532022,True,False,True,False,True,3.416111252449511,0,0.9046413502109709,1.0194092827004217,False,False,False,False,-0.05728032809783689,-0.13638806532017891,False,False,False,False,18432.0,23406.344066041525,False,False,False,False,1204.9807276694157,False,False,False,False
2025-08-12 15:00:00+00:00,20.855,20.875,20.815,20.845,663.0,,,,,,,,,,,,,,,,,,,,,20.535409999015844,20.839470908042014,20.621009681324807,,,"rgba(38, 166, 154, 1.0)",0.0,0.0,0.2881422008799615,20.804879808381603,0.13923747196999306,0.0,0.0,0.0,0.0,0.0,0.0,0.0,0.0,67.9375571416206,12.370008539957581,True,False,True,False,True,3.080990602695522,0,0.9119763013118924,1.0198899703766398,False,False,False,False,-0.03194637131657508,-0.084167218318377,False,False,False,False,17769.0,23318.943382847083,False,False,False,False,1196.5779256900448,False,False,False,False
2025-08-12 16:00:00+00:00,20.845,20.865,20.835,20.845,261.0,,,,,,,,,,,,,,,,,,,,,20.537009360435512,20.839480384164215,20.62115871568544,,,"rgba(38, 166, 154, 1.0)",0.0,0.0,0.2832333103787903,20.80526154268808,0.14030290878842724,0.0,0.0,0.0,0.0,0.0,0.0,0.0,0.0,72.39324168486331,15.914991564661904,True,False,True,False,True,3.080990602695543,0,0.9234060761660255,1.0128369704749678,False,False,False,False,-0.029282584574357496,-0.05672490144636724,False,False,False,False,17769.0,23232.897749004493,False,False,False,False,1182.0728415708193,False,False,False,False
2025-08-12 17:00:00+00:00,20.845,20.885,20.835,20.885,1100.0,,,,,,,,,,,,,,,,,,,,,20.543995833812573,20.839609823937487,20.621839797832035,,,"rgba(38, 166, 154, 1.0)",0.0,0.0,0.2798268930787569,20.806999348534582,0.27874608693692104,0.0,0.0,0.0,0.0,0.0,0.0,0.0,0.0,75.95973252381776,18.801114352664385,True,False,True,False,True,4.338714355662745,0,0.9259578131726223,1.0077486009470509,False,False,False,False,-0.023956219361080704,-0.040340560403723975,False,False,False,False,18869.0,23165.240419562564,False,False,False,False,1180.8003944146824,False,False,False,False
2025-08-12 18:00:00+00:00,20.885,20.905,20.855,20.855,100.0,,,,,,,,,,,,,,,,,,,,,20.54462276304545,20.839622892520765,20.62190236309998,,,"rgba(38, 166, 154, 1.0)",0.0,0.0,0.27548769204537676,20.80715456961775,0.17367538283477543,0.0,0.0,0.0,0.0,0.0,0.0,0.0,0.0,76.26911670823802,18.930469292879494,True,False,True,False,True,3.2908912025739063,0,0.925766076823479,1.0043159257660765,False,False,False,False,-0.013307262594781745,-0.02682391149925286,False,False,False,False,18769.0,23097.081653367793,False,False,False,False,1164.0437991524393,False,False,False,False
2025-08-12 19:00:00+00:00,20.855,20.94,20.855,20.935,2292.0,,,,,,,,,,,,,,,,,,,,,20.55997238412943,20.84027439291191,20.623546593857544,,,"rgba(38, 166, 154, 1.0)",0.0,0.0,0.2706702558232196,20.81123865811804,0.4572402737993876,0.0,0.0,0.0,0.0,0.0,0.0,0.0,0.0,77.88536859927463,20.563423175135497,True,False,True,False,True,5.778524386594771,0,0.9250645994832047,1.0004306632213604,False,False,False,False,-0.003991982980023779,-0.01540794723963832,False,False,False,False,21061.0,23065.51449595124,False,False,False,False,1181.5314921888357,False,False,False,False
2025-08-13 14:00:00+00:00,21.11,21.185,21.075,21.09,2439.0,,,,,,,,,,,,,,,,,,,,,20.583794293266898,20.84297057396238,20.626523350584232,,,"rgba(38, 166, 154, 1.0)",0.0,0.0,0.2671505800713375,20.819312322782906,1.0132400878366485,0.0,0.0,0.0,0.0,0.0,0.0,0.0,0.0,80.75771994470333,23.452106477367295,True,False,True,False,True,10.221352660351279,0,0.930449533502969,0.9940627650551311,False,False,False,False,0.1203355285798543,0.05246379067010799,False,False,False,False,23500.0,23072.250705316335,False,False,False,False,1201.0271279688538,False,False,False,False
2025-08-13 15:00:00+00:00,21.09,21.235,21.09,21.175,559.0,,,,,,,,,,,,,,,,,,,,,20.58945531308639,20.843692662960702,20.627269626162068,,,"rgba(38, 166, 154, 1.0)",0.0,0.0,0.26511569801381624,20.821289593150418,1.3341737569653442,0.0,0.0,0.0,0.0,0.0,0.0,0.0,0.0,83.34573945957457,26.08400103179885,True,False,True,False,True,12.467237286112375,0,0.9313684210526321,0.9898947368421049,False,False,False,False,0.13792439482028385,0.09519409274519591,False,False,False,False,24059.0,23087.5491439936,False,False,False,False,1191.0732190080964,False,False,False,False
2025-08-13 16:00:00+00:00,21.18,21.25,21.175,21.245,1716.0,,,,,,,,,,,,,,,,,,,,,20.607806890268595,20.846274730515823,20.629787015068885,,,"rgba(38, 166, 154, 1.0)",0.0,0.0,0.2632390924992706,20.82790593160189,1.5844685697633096,0.0,0.0,0.0,0.0,0.0,0.0,0.0,0.0,85.5368517567772,28.374551661710825,True,False,True,False,True,14.237525814944956,0,0.946542214679678,0.9889690284259647,False,False,False,False,0.1651547016241361,0.130174397184666,False,False,False,False,25775.0,23129.215048737886,False,False,False,False,1199.2116187133972,False,False,False,False
2025-08-13 17:00:00+00:00,21.24,21.255,21.195,21.215,2088.0,,,,,,,,,,,,,,,,,,,,,20.628695730117343,20.849355886542106,20.63281307949723,,,"rgba(38, 166, 154, 1.0)",0.0,0.0,0.2639882436640172,20.835437107725774,1.437802255911452,0.0,0.0,0.0,0.0,0.0,0.0,0.0,0.0,85.33590155608135,28.503638977682044,True,False,True,False,True,13.146242831014884,0,0.9523201362281827,0.9787143465304382,False,False,False,False,0.17199882138469394,0.15108660928467998,False,False,False,False,23687.0,23137.862877439624,False,False,False,False,1212.991283539546,False,False,False,False
2025-08-13 18:00:00+00:00,21.215,21.295,21.205,21.26,1325.0,,,,,,,,,,,,,,,,,,,,,20.641898965728117,20.85144910760375,20.63481976528973,,,"rgba(38, 166, 154, 1.0)",0.0,0.0,0.265192858599684,20.840291510179902,1.5826538166838828,0.0,0.0,0.0,0.0,0.0,0.0,0.0,0.0,85.63157008701077,29.25425516932141,True,False,True,False,True,14.28273705304299,0,0.9577645051194542,0.9718430034129686,False,False,False,False,0.18573574713906732,0.16841117821187365,False,False,False,False,25012.0,23166.919266936686,False,False,False,False,1214.7278527869948,False,False,False,False
2025-08-13 19:00:00+00:00,21.26,21.385,21.255,21.355,2153.0,,,,,,,,,,,,,,,,,,,,,20.664803278941367,20.855458540318274,20.638462376399485,,,"rgba(38, 166, 154, 1.0)",0.0,0.0,0.27007631554106337,20.877942240347117,1.7663813233572847,0.0,0.0,0.0,0.0,0.0,0.0,0.0,0.0,86.60420001814953,30.67588120690823,True,False,True,False,True,16.594482644851944,0,0.9635593220338987,0.9576271186440672,False,True,False,False,0.22458846984201353,0.1964998240269436,False,False,False,False,27165.0,23228.905014736116,False,True,False,False,1229.2747077825452,False,False,False,False
2025-08-14 14:00:00+00:00,21.065,21.145,21.045,21.125,400.0,,,,,,,,,,,,,,,,,,,,,20.667502299273433,20.855845023341296,20.638915020123964,,,"rgba(38, 166, 154, 1.0)",0.0,0.0,0.2702783516810165,20.877038192409582,0.9174312557709512,0.0,0.0,0.0,0.0,0.0,0.0,0.0,0.0,77.9535761949472,34.22246712793232,True,False,True,False,False,8.719781288652321,0,0.9485049833887048,0.9617940199335542,False,False,False,False,0.1014758797966503,0.14898785191179695,False,False,False,False,26765.0,23283.72819280222,False,False,False,False,1216.4177355688623,False,False,False,False
2025-08-14 15:00:00+00:00,21.125,21.175,21.105,21.125,624.0,,,,,,,,,,,,,,,,,,,,,20.671931538671775,20.856517860016815,20.639664730775504,,,"rgba(38, 166, 154, 1.0)",0.0,0.0,0.2702783516810165,20.87693137273414,0.9178264767524935,0.0,0.0,0.0,0.0,0.0,0.0,0.0,0.0,72.18649364614566,28.999303354607576,True,False,True,False,False,8.719781288652321,0,0.9579166666666671,0.9579166666666662,False,False,False,False,0.1257391029394763,0.13736347742563662,False,False,False,False,26765.0,23337.70139911536,False,False,False,False,1207.2329644747715,False,False,False,False
2025-08-14 16:00:00+00:00,21.125,21.125,21.055,21.105,900.0,,,,,,,,,,,,,,,,,,,,,20.677634807225672,20.857344032877457,20.64065506369391,,,"rgba(38, 166, 154, 1.0)",0.0,0.0,0.26977598314360923,20.876884976816864,0.8455720206261067,0.0,0.0,0.0,0.0,0.0,0.0,0.0,0.0,67.66427974993293,25.00490647598278,True,False,True,False,False,8.073122297494976,0,0.9556856187290972,0.9598662207357853,False,False,False,False,0.09878781569635035,0.11807564656099348,False,False,False,False,25865.0,23376.884323160084,False,False,False,False,1202.469662699969,False,False,False,False
2025-08-14 17:00:00+00:00,21.105,21.165,21.105,21.155,500.0,,,,,,,,,,,,,,,,,,,,,20.68108424271258,20.85789019169423,20.641259709101096,,,"rgba(38, 166, 154, 1.0)",0.0,0.0,0.27136886900137047,20.877579040533405,1.0223020808816325,0.0,0.0,0.0,0.0,0.0,0.0,0.0,0.0,65.83749598148248,23.404978906591666,True,False,True,False,False,9.366387163040134,0,0.9712108382726506,0.952582557154953,False,False,False,False,0.1230364221389251,0.12055603434995929,False,False,False,False,26365.0,23423.21169799481,False,False,False,False,1191.5786601774887,False,False,False,False
2025-08-14 18:00:00+00:00,21.155,21.195,21.155,21.195,111.0,,,,,,,,,,,,,,,,,,,,,20.681908974416068,20.858028204891884,20.641404456423906,,,"rgba(38, 166, 154, 1.0)",0.0,0.0,0.2741930338645382,20.87782354536527,1.1567633581509114,0.0,0.0,0.0,0.0,0.0,0.0,0.0,0.0,65.5264755511663,22.967549169700717,True,False,True,False,False,10.385635249540211,0,0.9659863945578235,0.948979591836734,False,False,False,False,0.1447114013521618,0.13263371785106054,False,False,False,False,26476.0,23470.541749188687,False,False,False,False,1174.825502655357,False,False,False,False
2025-08-14 19:00:00+00:00,21.195,21.255,21.185,21.23,1559.0,,,,,,,,,,,,,,,,,,,,,20.694154093889637,20.860202216852507,20.643585437641637,,,"rgba(38, 166, 154, 1.0)",0.0,0.0,0.27797389533282885,20.882306050259366,1.2508151145787514,0.0,0.0,0.0,0.0,0.0,0.0,0.0,0.0,66.09278809679607,22.967549169700717,True,False,True,False,False,11.26929343481262,0,0.9617996604414262,0.9473684210526312,False,False,False,False,0.1692592933129636,0.15094650558201206,False,False,False,False,28035.0,23541.30854377491,False,False,False,False,1180.7816964126382,False,False,False,False
2025-08-15 14:00:00+00:00,21.21,21.22,21.085,21.14,300.0,,,,,,,,,,,,,,,,,,,,,20.696122168939226,20.86053180712999,20.643949200682886,,,"rgba(38, 166, 154, 1.0)",0.0,0.0,0.27983387929273335,20.882815243433818,0.9190622565652334,0.0,0.0,0.0,0.0,0.0,0.0,0.0,0.0,62.87174297306849,19.822216325016285,True,False,True,False,False,8.280825260348692,0,0.9519190215099117,0.9523407844791221,False,False,False,False,0.13250389554066022,0.14172520056133614,False,False,False,False,27735.0,23606.327015964445,False,False,False,False,1167.126166235698,False,False,False,False
2025-08-15 15:00:00+00:00,21.14,21.145,21.07,21.105,581.0,,,,,,,,,,,,,,,,,,,,,20.699538815597865,20.861075872634213,20.644594125507073,,,"rgba(38, 166, 154, 1.0)",0.0,0.0,0.2803653504442905,20.88348747748794,0.790085230436049,0.0,0.0,0.0,0.0,0.0,0.0,0.0,0.0,59.48958324581983,16.39229419948633,False,False,True,False,False,7.151529989423974,0,0.9481231547870098,0.9616195698017707,False,False,False,False,0.10820252523138897,0.12496386289636255,False,False,False,False,27154.0,23661.329697887475,False,False,False,False,1158.0389388521987,False,False,False,False
2025-08-15 16:00:00+00:00,21.105,21.165,21.095,21.14,1100.0,,,,,,,,,,,,,,,,,,,,,20.706267821132943,20.862210519403106,20.645880425949006,,,"rgba(38, 166, 154, 1.0)",0.0,0.0,0.2812190643647445,20.88526601685244,0.9058204632142814,0.0,0.0,0.0,0.0,0.0,0.0,0.0,0.0,58.31855030909413,15.031688183386521,False,False,True,False,False,8.077524497751494,0,0.9505962521294721,0.9680579216354338,False,False,False,False,0.1203355285798543,0.12264969573810842,False,False,False,False,28254.0,23732.5338886179,False,False,False,False,1157.1391103428623,False,False,False,False
2025-08-15 17:00:00+00:00,21.135,21.17,21.13,21.165,1397.0,,,,,,,,,,,,,,,,,,,,,20.71493714562302,20.86375203354677,20.647576479472196,,,"rgba(38, 166, 154, 1.0)",0.0,0.0,0.2837004193298771,20.88796020752834,0.9765223228293011,0.0,0.0,0.0,0.0,0.0,0.0,0.0,0.0,58.30636224092359,14.630866636261914,False,False,True,False,False,8.736679325116402,0,0.9519106912838129,0.9643623872906819,False,False,False,False,0.1311499916188972,0.12689984367850282,False,False,False,False,29651.0,23824.29305313545,False,False,False,False,1160.8578838259186,False,False,False,False
2025-08-15 18:00:00+00:00,21.165,21.165,21.13,21.155,1030.0,,,,,,,,,,,,,,,,,,,,,20.72104724570494,20.864858893548224,20.648807499563883,,,"rgba(38, 166, 154, 1.0)",0.0,0.0,0.2865865905339853,20.889875904670546,0.9251099112329702,0.0,0.0,0.0,0.0,0.0,0.0,0.0,0.0,57.850945716373346,13.719286161822552,False,False,True,False,False,8.40138775667701,0,0.9486626402070751,0.9637618636755817,False,False,False,False,0.1297965656013271,0.12834820463991498,False,False,False,False,28621.0,23898.66060269924,False,False,False,False,1158.8290794255167,False,False,False,False
2025-08-15 19:00:00+00:00,21.155,21.155,21.08,21.095,284.0,,,,,,,,,,,,,,,,,,,,,20.72254760675867,20.86511998024914,20.649118861292305,,,"rgba(38, 166, 154, 1.0)",0.0,0.0,0.28781597599170256,20.890274150199314,0.7113081513118883,0.0,0.0,0.0,0.0,0.0,0.0,0.0,0.0,54.99438852290385,10.621706141952998,False,False,True,False,False,6.405725589480323,0,0.9443485763589302,0.9633304572907669,False,False,False,False,0.11359084427034295,0.12096952445512896,False,False,False,False,28337.0,23967.472066223283,False,False,False,False,1145.2658378840358,False,False,False,False
2025-08-18 14:00:00+00:00,21.085,21.1,21.015,21.045,939.0,,,,,,,,,,,,,,,,,,,,,20.72671331625606,20.865780429805355,20.650019133323685,,,"rgba(38, 166, 154, 1.0)",0.0,0.0,0.28843493497101214,20.891026539033906,0.533823896822937,0.0,0.0,0.0,0.0,0.0,0.0,0.0,0.0,51.25051832001704,6.87287564569688,False,True,False,False,False,4.782371106645758,0,0.9357204486626405,0.971958584987057,False,False,False,False,0.0813482899327916,0.10115890719396028,False,False,False,False,27398.0,24020.65854581672,False,False,False,False,1142.0679179168415,False,False,False,False
2025-08-18 15:00:00+00:00,21.045,21.065,21.015,21.045,2176.0,,,,,,,,,,,,,,,,,,,,,20.735644087969185,20.867199151128744,20.652030146216145,,,"rgba(38, 166, 154, 1.0)",0.0,0.0,0.2904344834712462,20.892677553224253,0.524464054526876,0.0,0.0,0.0,0.0,0.0,0.0,0.0,0.0,48.75460485142584,4.398484643181234,False,True,False,True,False,4.782371106645758,0,0.9291576673866094,0.9796976241900639,False,False,False,False,0.07197885565058224,0.08656888142227126,False,False,False,False,27398.0,24073.020428827316,False,False,False,False,1158.0978726778208,False,False,False,False
2025-08-18 16:00:00+00:00,21.045,21.075,21.025,21.07,1927.0,,,,,,,,,,,,,,,,,,,,,20.74350784752414,20.868542941831038,20.653861773148602,,,"rgba(38, 166, 154, 1.0)",0.0,0.0,0.29300813259325453,20.894538594252843,0.5988277669778114,0.0,0.0,0.0,0.0,0.0,0.0,0.0,0.0,48.33112303396118,3.805370194081185,False,True,False,True,False,5.503872001965302,0,0.9318479685452162,0.9860200961118386,False,False,False,False,0.07733116829604818,0.08195002485915973,False,False,False,False,29325.0,24154.446468690458,False,False,False,False,1170.0188358921182,False,False,False,False
2025-08-18 17:00:00+00:00,21.075,21.105,21.045,21.045,1769.0,,,,,,,,,,,,,,,,,,,,,20.750578396634975,20.869813785504114,20.65556316743669,,,"rgba(38, 166, 154, 1.0)",0.0,0.0,0.29486310764874074,20.896404359266008,0.5039478893066897,0.0,0.0,0.0,0.0,0.0,0.0,0.0,0.0,46.95213084346023,2.236742451978884,False,True,False,True,False,4.668554509683453,0,0.9335083114610676,0.9741907261592293,False,False,False,False,0.09073199745183894,0.08634101115549933,False,False,False,False,27556.0,24207.183732741767,False,False,False,False,1179.3053655682093,False,False,False,False
2025-08-18 18:00:00+00:00,21.045,21.045,21.005,21.025,787.0,,,,,,,,,,,,,,,,,,,,,20.753237402838323,20.87025910989731,20.656242066772208,,,"rgba(38, 166, 154, 1.0)",0.0,0.0,0.2964390461935283,20.89695194521637,0.4319540776690884,0.0,0.0,0.0,0.0,0.0,0.0,0.0,0.0,45.168105597315524,0.2983685130830338,False,True,False,True,False,3.9994059558210715,0,0.9315489249670907,0.9776217639315481,False,False,False,False,0.06395800294380892,0.07514950704965412,False,False,False,False,26769.0,24246.901814404686,False,False,False,False,1173.2231118384695,False,False,False,False
2025-08-18 19:00:00+00:00,21.025,21.035,20.995,21.02,4136.0,,,,,,,,,,,,,,,,,,,,,20.766001800260874,20.87243427362432,20.659689622369513,,,"rgba(38, 166, 154, 1.0)",0.0,0.0,0.29809835730954876,20.909963226572316,0.3691290835038727,0.0,0.0,0.0,0.0,0.0,0.0,0.0,0.0,43.753552213303976,-1.2787232125187913,False,True,False,True,False,3.830500443653783,0,0.9322481302243731,0.9762428508578962,False,False,False,False,0.05861539319264026,0.06688245012114719,False,False,False,False,22633.0,24221.880080848023,False,False,False,False,1219.1576372363227,False,False,False,False
2025-08-19 14:00:00+00:00,21.21,21.355,21.205,21.265,1347.0,,,,,,,,,,,,,,,,,,,,,20.773909309343953,20.874372730002577,20.66160047570193,,,"rgba(38, 166, 154, 1.0)",0.0,0.0,0.30328543330347235,20.93818501087417,1.0775822154267876,0.0,0.0,0.0,0.0,0.0,0.0,0.0,0.0,52.11233075614368,-3.388538150732657,False,True,True,False,True,10.703943492579395,0,0.9372043010752689,0.961720430107526,False,False,False,False,0.20231251794771438,0.13459748403443078,False,False,False,False,23980.0,24218.130002075184,False,False,False,False,1221.1396893721937,False,False,False,False
2025-08-19 15:00:00+00:00,21.265,21.285,21.135,21.135,448.0,,,,,,,,,,,,,,,,,,,,,20.77602247388693,20.87486940724667,20.66214051892438,,,"rgba(38, 166, 154, 1.0)",0.0,0.0,0.3059280961272126,20.938273304517057,0.6430488012488403,0.0,0.0,0.0,0.0,0.0,0.0,0.0,0.0,52.638386910527736,-3.036265228439383,False,True,True,False,True,6.445054344294963,0,0.9304904051172711,0.9671641791044766,False,False,False,False,0.16378773564822033,0.14919260984132554,False,False,False,False,23532.0,24207.492327624404,False,False,False,False,1209.153027521462,False,False,False,False
2025-08-19 16:00:00+00:00,21.135,21.195,21.135,21.195,2179.0,,,,,,,,,,,,,,,,,,,,,20.785754395588004,20.87718552005752,20.664701455027668,,,"rgba(38, 166, 154, 1.0)",0.0,0.0,0.30895202111553266,20.94100545037792,0.8221164849641828,0.0,0.0,0.0,0.0,0.0,0.0,0.0,0.0,54.57133977085989,-1.1808428371198545,False,True,True,False,True,8.01277732718895,0,0.9285714285714289,0.9803250641573986,False,False,False,False,0.13928076677198759,0.14423668830665656,False,False,False,False,25711.0,24230.802524095343,False,False,False,False,1224.189414691672,False,False,False,False
2025-08-19 17:00:00+00:00,21.195,21.205,21.16,21.165,1500.0,,,,,,,,,,,,,,,,,,,,,20.792209922347492,20.878768050080502,20.66645527307828,,,"rgba(38, 166, 154, 1.0)",0.0,0.0,0.30793997309061455,20.94351745906909,0.71923933326362,0.0,0.0,0.0,0.0,0.0,0.0,0.0,0.0,54.79810275132721,-0.796288350548167,False,True,True,False,True,7.055403286846307,0,0.9298845660538695,0.9756306113723805,False,False,False,False,0.14878993006997232,0.14651330918831446,False,False,False,False,24211.0,24230.495508217893,False,False,False,False,1228.4655477972274,False,False,False,False
2025-08-19 18:00:00+00:00,21.165,21.175,21.125,21.175,178.0,,,,,,,,,,,,,,,,,,,,,20.79292599714318,20.87894324528267,20.666655145911808,,,"rgba(38, 166, 154, 1.0)",0.0,0.0,0.30781524527749893,20.943747454701757,0.7512706041891027,0.0,0.0,0.0,0.0,0.0,0.0,0.0,0.0,55.24809313052677,-0.0665348012867426,False,True,True,False,True,7.320890743401922,0,0.92762312633833,0.9798715203426116,False,False,False,False,0.1311499916188972,0.13883165040360584,False,False,False,False,24389.0,24232.952942199012,False,False,False,False,1212.1792602344797,False,False,False,False
2025-08-19 19:00:00+00:00,21.175,21.205,21.155,21.19,2719.0,,,,,,,,,,,,,,,,,,,,,20.804251387866447,20.881829410192037,20.669842411784856,,,"rgba(38, 166, 154, 1.0)",0.0,0.0,0.3072196297454359,20.94853077044825,0.7859824248594837,0.0,0.0,0.0,0.0,0.0,0.0,0.0,0.0,56.02607667014158,1.0252839304787145,False,True,True,False,True,7.723254854736307,0,0.9286019666524159,0.9756306113723805,False,False,False,False,0.14742988099997395,0.1431307657017899,False,False,False,False,27108.0,24277.527315188174,False,False,False,False,1235.5408220913093,False,False,False,False
2025-08-20 14:00:00+00:00,21.265,21.295,21.125,21.145,1931.0,,,,,,,,,,,,,,,,,,,,,20.812004495086775,20.88387955749689,20.672104001957685,,,"rgba(38, 166, 154, 1.0)",0.0,0.0,0.3044078138240526,20.951867651303328,0.6344526648987472,0.0,0.0,0.0,0.0,0.0,0.0,0.0,0.0,54.63696329212188,1.0252839304787145,False,True,True,False,True,6.244641887284104,0,0.9293271265340672,0.9674143038510358,False,False,False,False,0.16378773564822033,0.1534592506750051,False,False,False,False,25177.0,24291.472628130992,False,False,False,False,1246.323134927103,False,False,False,False
2025-08-20 15:00:00+00:00,21.145,21.175,21.115,21.125,200.0,,,,,,,,,,,,,,,,,,,,,20.812685339731562,20.884055716515924,20.672314536765256,,,"rgba(38, 166, 154, 1.0)",0.0,0.0,0.3016558954824211,20.952054415020267,0.5733207524525603,0.0,0.0,0.0,0.0,0.0,0.0,0.0,0.0,52.89248564041163,1.0252839304787145,False,True,True,False,False,5.59135079295848,0,0.9367303609341829,0.9732484076433111,False,False,False,False,0.12844361227925072,0.1409514314771279,False,False,False,False,24977.0,24302.100959477797,False,False,False,False,1230.101070819706,False,False,False,False
2025-08-20 16:00:00+00:00,21.125,21.175,21.115,21.155,900.0,,,,,,,,,,,,,,,,,,,,,20.815807323963078,20.8848764799459,20.67327987456812,,,"rgba(38, 166, 154, 1.0)",0.0,0.0,0.29925395223446943,20.953036352554292,0.6748904933007118,0.0,0.0,0.0,0.0,0.0,0.0,0.0,0.0,52.977251679935705,1.0252839304787145,False,True,True,False,False,6.435226026603129,0,0.9336801040312095,0.9891634156913729,False,False,False,False,0.12844361227925072,0.1346975218781893,False,False,False,False,25877.0,24326.517998865736,False,False,False,False,1224.9832247604857,False,False,False,False
2025-08-20 17:00:00+00:00,21.155,21.175,21.13,21.17,1104.0,,,,,,,,,,,,,,,,,,,,,20.81967134663071,20.885914298973862,20.674483502808098,,,"rgba(38, 166, 154, 1.0)",0.0,0.0,0.29938596318962124,20.95439816468769,0.7201467731329738,0.0,0.0,0.0,0.0,0.0,0.0,0.0,0.0,53.65773049770107,1.0252839304787145,False,True,True,False,False,6.85791797601399,0,0.9311846689895472,0.9917247386759571,False,False,False,False,0.13250389554066022,0.13360070870942475,False,False,False,False,26981.0,24367.672758573244,False,False,False,False,1223.1075158494702,False,False,False,False
2025-08-20 18:00:00+00:00,21.175,21.175,21.105,21.145,200.0,,,,,,,,,,,,,,,,,,,,,20.8203280510687,20.886090016432213,20.67469342370922,,,"rgba(38, 166, 154, 1.0)",0.0,0.0,0.2996157148358526,20.95459912923033,0.6354835922874782,0.0,0.0,0.0,0.0,0.0,0.0,0.0,0.0,52.8332913952886,1.0252839304787145,False,True,True,False,False,6.008587590213157,0,0.9231103388357953,0.9926151172893126,False,False,False,False,0.1257391029394763,0.12966990582445054,False,False,False,False,26781.0,24405.088684796912,False,False,False,False,1207.2453838207962,False,False,False,False
2025-08-20 19:00:00+00:00,21.145,21.165,21.125,21.135,604.0,,,,,,,,,,,,,,,,,,,,,20.82229513790355,20.886619220497845,20.675326241246136,,,"rgba(38, 166, 154, 1.0)",0.0,0.0,0.2995247737502067,20.955207965377063,0.6002576427046351,0.0,0.0,0.0,0.0,0.0,0.0,0.0,0.0,51.76487551817135,1.0252839304787145,False,True,False,False,False,5.666965768206971,0,0.9237804878048782,0.9969512195121942,False,False,False,False,0.12844361227925072,0.12905675905185063,False,False,False,False,26177.0,24432.56017805587,False,False,False,False,1197.8927422111713,False,False,False,False
2025-08-21 14:00:00+00:00,21.06,21.135,21.045,21.095,1038.0,,,,,,,,,,,,,,,,,,,,,20.82509945907636,20.88734628694016,20.676293594868973,,,"rgba(38, 166, 154, 1.0)",0.0,0.0,0.29838114267883753,20.966697704462188,0.429994651759575,0.0,0.0,0.0,0.0,0.0,0.0,0.0,0.0,49.06147974626296,2.564073738972162,False,True,False,False,False,4.301966504778495,1,0.9134029590948655,1.0039164490861607,False,False,False,False,0.09878781569635217,0.1139222873741014,False,False,False,False,25139.0,24443.51273343485,False,False,False,False,1195.4137849675872,False,False,False,False
2025-08-21 15:00:00+00:00,21.095,21.135,21.055,21.085,806.0,,,,,,,,,,,,,,,,,,,,,20.827237046322836,20.8879073026212,20.677041643578104,,,"rgba(38, 166, 154, 1.0)",0.0,0.0,0.29764939469480645,20.967011894540477,0.39639961499166765,0.0,0.0,0.0,0.0,0.0,0.0,0.0,0.0,46.78274648743266,0.370745360788149,False,True,False,True,False,3.961116027535251,1,0.9110629067245122,1.004338394793925,False,False,False,False,0.1014758797966503,0.10769908358537586,False,False,False,False,24333.0,24441.79935772268,False,False,False,False,1189.3763619448337,False,False,False,False
2025-08-21 16:00:00+00:00,21.085,21.105,21.065,21.075,277.0,,,,,,,,,,,,,,,,,,,,,20.82793629926547,20.8880899700497,20.67729192020466,,,"rgba(38, 166, 154, 1.0)",0.0,0.0,0.2968714800645192,20.967027397769137,0.3637014987340548,0.0,0.0,0.0,0.0,0.0,0.0,0.0,0.0,44.763534647749225,-1.535406126247544,False,True,False,True,False,3.6163165765295737,1,0.908373520385796,1.0157825515124936,False,False,False,False,0.09610117384055625,0.10190012871296605,False,False,False,False,24056.0,24435.817972331628,False,False,False,False,1175.2309919922004,False,False,False,False
2025-08-21 17:00:00+00:00,21.08,21.115,21.045,21.105,550.0,,,,,,,,,,,,,,,,,,,,,20.82934955939965,20.888464104131995,20.677796120395172,,,"rgba(38, 166, 154, 1.0)",0.0,0.0,0.2959025740566579,20.977355775787593,0.43137246987235167,0.0,0.0,0.0,0.0,0.0,0.0,0.0,0.0,45.532875230925605,-1.535406126247544,False,True,False,True,False,4.557946977888218,0,0.9104084321475627,1.0114185331576628,False,False,False,False,0.09341591434641061,0.09765802152968833,False,False,False,False,24606.0,24438.45645338075,False,False,False,False,1165.5374882403835,False,False,False,False
2025-08-21 18:00:00+00:00,21.105,21.135,21.075,21.125,1204.0,,,,,,,,,,,,,,,,,,,,,20.83266436194248,20.889373304147192,20.67895804185953,,,"rgba(38, 166, 154, 1.0)",0.0,0.0,0.29584962396464626,20.979263525678157,0.4926032095929208,0.0,0.0,0.0,0.0,0.0,0.0,0.0,0.0,47.35719602995593,-1.535406126247544,False,True,False,True,True,5.1844402440073445,1,0.9090509666080845,1.0114235500878723,False,False,False,False,0.10685643488816347,0.10225722820892591,False,False,False,False,25810.0,24459.720694413605,False,False,False,False,1166.1338062521606,False,False,False,False
2025-08-21 19:00:00+00:00,21.125,21.135,21.045,21.06,1288.0,,,,,,,,,,,,,,,,,,,,,20.83573250442226,20.890200379300826,20.680103695587725,,,"rgba(38, 166, 154, 1.0)",0.0,0.0,0.2955070920324317,20.988434463377963,0.24217874478011203,0.0,0.0,0.0,0.0,0.0,0.0,0.0,0.0,44.94012093771798,-1.535406126247544,False,True,False,True,False,2.887192995030123,1,0.9060579455662863,1.0131694468832297,False,False,False,False,0.09878781569635217,0.10052252195263904,False,False,False,False,24522.0,24460.686265042852,False,False,False,False,1168.0232046048402,False,False,False,False
2025-08-22 14:00:00+00:00,21.43,21.665,21.43,21.655,971.0,,,,,,,,,,,,,,,,,,,,,20.842659093655982,20.892460142652656,20.682044719171746,,,"rgba(38, 166, 154, 1.0)",0.0,0.0,0.3072359336388593,21.014346636272318,2.085216257551239,0.0,0.0,0.0,0.0,0.0,0.0,0.0,0.0,57.055783455061174,2.07274723215032,False,False,True,False,True,18.111005580341743,0,0.9117524048515264,0.9832705980761177,False,False,False,False,0.34282819574945,0.22167535885104453,False,False,False,False,25493.0,24476.691129150713,False,False,False,False,1164.9685812776333,False,False,False,False
2025-08-22 15:00:00+00:00,21.655,21.725,21.615,21.695,1548.0,,,,,,,,,,,,,,,,,,,,,20.85482292744085,20.896523632650933,20.685446326562122,,,"rgba(38, 166, 154, 1.0)",0.0,0.0,0.31921233295964013,21.043107914142578,2.04218953513881,0.0,0.0,0.0,0.0,0.0,0.0,0.0,0.0,65.44122047533097,9.095193861967516,True,False,True,False,True,18.923110043704483,0,0.9272879231090678,0.9832845800250717,False,False,False,False,0.3428282009383145,0.28225177989467953,False,False,False,False,27041.0,24516.447855830545,False,True,False,False,1170.9070528857321,False,True,False,False
2025-08-22 16:00:00+00:00,21.695,21.75,21.675,21.685,1456.0,,,,,,,,,,,,,,,,,,,,,20.866282689893584,20.900428454611642,20.688704667806977,,,"rgba(38, 166, 154, 1.0)",0.0,0.0,0.3302239616758412,21.101769001535818,1.766168013684906,0.0,0.0,0.0,0.0,0.0,0.0,0.0,0.0,70.65575649092406,13.169803490646188,True,False,True,False,True,18.582316495274124,0,0.945900253592561,0.9788672865595931,False,False,False,False,0.3428282025304516,0.3125399912125656,False,False,False,False,25585.0,24533.01455574015,False,False,False,False,1175.3270985774263,False,False,False,False
2025-08-22 17:00:00+00:00,21.685,21.735,21.685,21.685,3297.0,,,,,,,,,,,,,,,,,,,,,20.891072848317936,20.909114370639262,20.69599439112533,,,"rgba(38, 166, 154, 1.0)",0.0,0.0,0.3399890697766475,21.131791749714637,1.6271353977608358,0.0,0.0,0.0,0.0,0.0,0.0,0.0,0.0,74.13211383465278,15.868410332387924,True,False,True,False,True,18.582316495274124,0,0.9486417657045835,0.978353140916807,False,False,False,False,0.3415316332686908,0.32703581224062817,False,False,False,False,25585.0,24549.324407589138,False,False,False,False,1208.2212520878538,False,False,False,False
2025-08-22 18:00:00+00:00,21.685,21.695,21.65,21.695,1100.0,,,,,,,,,,,,,,,,,,,,,20.898807221434968,20.91189248248885,20.698351326712288,,,"rgba(38, 166, 154, 1.0)",0.0,0.0,0.34880623961279034,21.139028677421173,1.593925966450631,0.0,0.0,0.0,0.0,0.0,0.0,0.0,0.0,76.55723597167689,17.88380807452853,True,False,True,False,True,18.794662604324806,0,0.9522388059701489,0.9748400852878455,False,False,False,False,0.32221247909420075,0.3246241456674145,False,False,False,False,26685.0,24582.43565708388,False,False,False,False,1206.5434032182748,False,True,False,False
2025-08-22 19:00:00+00:00,21.695,21.73,21.665,21.695,3421.0,,,,,,,,,,,,,,,,,,,,,20.922413714569075,20.920590583877367,20.70573300494527,,,"rgba(38, 166, 154, 1.0)",0.0,0.0,0.35619684050986705,21.159938265328684,1.5021518267972809,0.0,0.0,0.0,0.0,0.0,0.0,0.0,0.0,78.1739840630263,19.423594859903503,True,False,True,False,True,18.794662604324806,0,0.9536170212765954,0.9668085106382966,False,False,False,False,0.3350652426415731,0.3298446941544938,False,False,False,False,26685.0,24615.033553873276,False,False,False,False,1240.8760636334953,False,False,False,False
2025-08-25 14:00:00+00:00,21.515,21.53,21.475,21.505,100.0,,,,,,,,,,,,,,,,,,,,,20.92291570172711,20.92077932341177,20.705905360687808,,,"rgba(38, 166, 154, 1.0)",0.0,0.0,0.3585315018765579,21.16003837602381,0.9621515045976614,0.0,0.0,0.0,0.0,0.0,0.0,0.0,0.0,71.35869859255412,19.423594859903503,True,False,True,False,False,12.294595169875098,0,0.9512195121951216,0.9693019343986533,False,False,False,False,0.23726116347798493,0.2835529288162394,False,False,False,False,26585.0,24645.575669317102,False,False,False,False,1223.1880626469294,False,False,False,False
2025-08-25 15:00:00+00:00,21.505,21.535,21.485,21.525,1061.0,,,,,,,,,,,,,,,,,,,,,20.92829482953006,20.922814299455165,20.707756165220356,,,"rgba(38, 166, 154, 1.0)",0.0,0.0,0.36052185649282253,21.16151025376586,1.0082322047550358,0.0,0.0,0.0,0.0,0.0,0.0,0.0,0.0,67.28437383945258,26.701409093354144,True,False,True,False,False,12.757907904680192,0,0.9512809743805117,0.9659806803863914,False,False,False,False,0.24093080565159175,0.26224186723391557,False,False,False,False,27646.0,24692.093875994356,False,False,False,False,1220.6735190400002,False,False,False,False
2025-08-25 16:00:00+00:00,21.525,21.545,21.5,21.545,1064.0,,,,,,,,,,,,,,,,,,,,,20.933727326211237,20.924892418296455,20.709638049799697,,,"rgba(38, 166, 154, 1.0)",0.0,0.0,0.3623666949674651,21.163487363267866,1.0528358208151278,0.0,0.0,0.0,0.0,0.0,0.0,0.0,0.0,65.06000435973459,24.50575696651289,True,False,True,False,False,13.223671222196227,0,0.9594765723934144,0.962431405656394,False,False,False,False,0.24706110500481296,0.2546514861193643,False,False,False,False,28710.0,24754.386994195993,False,False,False,False,1218.2444722331784,False,False,False,False
2025-08-25 17:00:00+00:00,21.545,21.55,21.525,21.535,452.0,,,,,,,,,,,,,,,,,,,,,20.93603101410809,20.925780608268134,20.71044136808634,,,"rgba(38, 166, 154, 1.0)",0.0,0.0,0.35978972838127393,21.164416046451052,1.030001482299782,0.0,0.0,0.0,0.0,0.0,0.0,0.0,0.0,63.17490294057349,22.44971469083788,True,False,True,False,False,12.88812278788258,0,0.9597798475867902,0.9618966977138008,False,False,False,False,0.25444160895934326,0.2545465475393538,False,False,False,False,28258.0,24808.706575681324,False,False,False,False,1206.3647129737492,False,False,False,False
2025-08-25 18:00:00+00:00,21.535,21.545,21.475,21.5,950.0,,,,,,,,,,,,,,,,,,,,,20.94057692038922,20.927547734633016,20.71206356116674,,,"rgba(38, 166, 154, 1.0)",0.0,0.0,0.3566400385783113,21.165844203524923,0.9369553620707755,0.0,0.0,0.0,0.0,0.0,0.0,0.0,0.0,60.47889013724836,19.542908549665782,True,False,True,False,False,11.710292519705341,0,0.9538135593220333,0.9656779661016937,False,False,False,False,0.24093080565159347,0.24773867659547363,False,False,False,False,27308.0,24847.455310942078,False,False,False,False,1202.3900662609778,False,False,False,False
2025-08-25 19:00:00+00:00,21.505,21.505,21.445,21.47,928.0,,,,,,,,,,,,,,,,,,,,,20.944690766828383,20.92916482551643,20.713575610866283,,,"rgba(38, 166, 154, 1.0)",0.0,0.0,0.3528656815124012,21.166730847382222,0.8594464367233123,0.0,0.0,0.0,0.0,0.0,0.0,0.0,0.0,57.47884678103874,16.34540105635837,False,False,True,False,False,10.705701318523516,0,0.944938585345192,0.9733163913595925,False,False,False,False,0.2238585202454955,0.23579859842048456,False,False,False,False,26380.0,24871.215693718168,False,False,False,False,1198.135956706544,False,False,False,False
2025-08-26 14:00:00+00:00,21.44,21.465,21.355,21.395,72.0,,,,,,,,,,,,,,,,,,,,,20.944966375886008,20.929274184281258,20.713682145244256,,,"rgba(38, 166, 154, 1.0)",0.0,0.0,0.3481791373872562,21.16671221952137,0.6556618589835894,0.0,0.0,0.0,0.0,0.0,0.0,0.0,0.0,52.809501414378914,11.661951007609147,False,True,False,False,False,8.245374706443403,0,0.9344537815126045,0.9764705882352932,False,False,False,False,0.19248248772772092,0.21414054307410274,False,False,False,False,26308.0,24893.491419396956,False,False,False,False,1180.6764845095433,False,False,False,False
2025-08-26 15:00:00+00:00,21.395,21.405,21.365,21.395,337.0,,,,,,,,,,,,,,,,,,,,,20.946205426742306,20.929767467319692,20.714168338223264,,,"rgba(38, 166, 154, 1.0)",0.0,0.0,0.3429842929716276,21.166536146863145,0.6661058766202861,0.0,0.0,0.0,0.0,0.0,0.0,0.0,0.0,49.69660450327236,8.49721880734684,False,True,False,False,False,8.245374706443403,0,0.9343434343434338,0.9856902356902347,False,False,False,False,0.1805169731203081,0.1973287580972054,False,False,False,False,26308.0,24915.4217849877,False,False,False,False,1167.596228935752,False,False,False,False
2025-08-26 16:00:00+00:00,21.395,21.435,21.385,21.415,729.0,,,,,,,,,,,,,,,,,,,,,20.949002406917426,20.9308850329359,20.715253997840684,,,"rgba(38, 166, 154, 1.0)",0.0,0.0,0.33712465948971754,21.16654218825441,0.7369909164214263,0.0,0.0,0.0,0.0,0.0,0.0,0.0,0.0,48.56127102317675,7.0902195180381185,False,True,False,True,False,8.773252097193083,0,0.9484008528784643,0.9825159914712143,False,False,False,False,0.19248248772772092,0.19490562291246316,False,False,False,False,27037.0,24948.314470491765,False,False,False,False,1160.7962874018642,False,False,False,False
2025-08-26 17:00:00+00:00,21.415,21.415,21.385,21.405,1140.0,,,,,,,,,,,,,,,,,,,,,20.95321643515684,20.932586178660788,20.71692069739885,,,"rgba(38, 166, 154, 1.0)",0.0,0.0,0.33093676759188606,21.166523306519927,0.7206110557475595,0.0,0.0,0.0,0.0,0.0,0.0,0.0,0.0,47.38324760485058,5.514974383853726,False,True,False,True,False,8.436622464705724,0,0.9427839453458576,0.9850555081127232,False,False,False,False,0.18768993176610288,0.19129777733928302,False,False,False,False,25897.0,24963.02277327484,False,False,False,False,1160.4738643413702,False,False,False,False
2025-08-26 18:00:00+00:00,21.405,21.405,21.37,21.385,200.0,,,,,,,,,,,,,,,,,,,,,20.95392320318722,20.932873855409987,20.71720587953511,,,"rgba(239, 83, 80, 1.0)",0.0,0.0,0.3233742010023305,21.166488989457143,0.6757218413391107,0.0,0.0,0.0,0.0,0.0,0.0,0.0,0.0,45.7295330334026,3.447140300241152,False,True,False,True,False,7.757949406795532,0,0.9409499358151471,0.9875909285408632,False,False,False,False,0.18171117155124647,0.18650447444526475,False,False,False,False,25697.0,24974.40226516205,False,False,False,False,1145.5827966771628,False,False,False,False
2025-08-26 19:00:00+00:00,21.385,21.385,21.335,21.365,610.0,,,,,,,,,,,,,,,,,,,,,20.955940965546347,20.93370080852024,20.718041761374316,,,"rgba(239, 83, 80, 1.0)",0.0,0.0,0.31578563546746274,21.166167840205926,0.6296428255824176,0.0,0.0,0.0,0.0,0.0,0.0,0.0,0.0,43.762911144346646,1.103439821631909,False,True,False,True,False,7.076713118748611,0,0.9428939458995272,0.9866895663374826,False,False,False,False,0.16860237957703686,0.1775534270111508,False,False,False,False,25087.0,24976.147966477365,False,False,False,False,1137.279187426354,False,False,False,False
2025-08-27 14:00:00+00:00,21.445,21.455,21.355,21.395,2389.0,,,,,,,,,,,,,,,,,,,,,20.964415202351404,20.937208860104118,20.72149679356994,,,"rgba(239, 83, 80, 1.0)",0.0,0.0,0.3075712325024639,21.166917711213518,0.741559237938985,0.0,0.0,0.0,0.0,0.0,0.0,0.0,0.0,44.32680944585532,1.103439821631909,False,True,False,True,False,7.921863948521377,0,0.9473684210526309,0.9756097560975601,False,False,False,False,0.19008513120693843,0.1838192791090446,False,False,False,False,27476.0,25014.905362345933,False,False,False,False,1156.685711652302,False,False,False,False
2025-08-27 15:00:00+00:00,21.395,21.445,21.395,21.415,974.0,,,,,,,,,,,,,,,,,,,,,20.96790660454343,20.938674835737448,20.722929687335075,,,"rgba(239, 83, 80, 1.0)",0.0,0.0,0.2985311941387288,21.167606012249127,0.8287039766970109,0.0,0.0,0.0,0.0,0.0,0.0,0.0,0.0,45.89399450751283,1.103439821631909,False,True,False,True,False,8.484877166706553,0,0.9499786233433085,0.9756306113723805,False,False,False,False,0.19728379420395525,0.19055153665649993,False,False,False,False,28450.0,25068.16264354987,False,False,False,False,1153.8533750375375,False,False,False,False
2025-08-27 16:00:00+00:00,21.415,21.465,21.405,21.465,1084.0,,,,,,,,,,,,,,,,,,,,,20.971956037187265,20.94038602836106,20.724578381646083,,,"rgba(239, 83, 80, 1.0)",0.0,0.0,0.2903973977994121,21.168848989146856,1.0198128946654899,0.0,0.0,0.0,0.0,0.0,0.0,0.0,0.0,49.58250458827419,1.103439821631909,False,True,False,False,True,9.879224913130326,0,0.9527288354103991,0.9785131070047263,False,False,False,False,0.20450269989823583,0.19752711827736788,False,False,False,False,29534.0,25137.400432021965,False,False,False,False,1152.77037697494,False,False,False,False
2025-08-27 17:00:00+00:00,21.465,21.495,21.425,21.475,954.0,,,,,,,,,,,,,,,,,,,,,20.975611677599204,20.94194177372845,20.72606324678165,,,"rgba(239, 83, 80, 1.0)",0.0,0.0,0.280731059784893,21.170234439678175,1.0856139700229437,0.0,0.0,0.0,0.0,0.0,0.0,0.0,0.0,52.526802015352686,-3.6919557785537975,False,True,True,False,True,10.156633675424416,0,0.9583512237011588,0.9669386002576204,False,False,False,False,0.21658148400007526,0.20705430113872159,False,False,False,False,30488.0,25220.35546408364,False,False,False,False,1149.6886657040109,False,False,False,False
2025-08-27 18:00:00+00:00,21.475,21.52,21.455,21.515,1800.0,,,,,,,,,,,,,,,,,,,,,20.98280040571891,20.945028351452923,20.728968090586974,,,"rgba(239, 83, 80, 1.0)",0.0,0.0,0.27238482978227074,21.17362257919688,1.2532908718741718,0.0,0.0,0.0,0.0,0.0,0.0,0.0,0.0,56.32086917611196,0.009290638374466198,False,False,True,False,True,11.264822406426731,0,0.9605995717344744,0.9631691648822261,False,False,False,False,0.22994055135540223,0.21849742624706192,False,False,False,False,32288.0,25329.931348361413,False,False,False,False,1159.7710119721658,False,False,False,False
2025-08-27 19:00:00+00:00,21.515,21.545,21.505,21.535,3193.0,,,,,,,,,,,,,,,,,,,,,20.995832529059843,20.950729417922698,20.734277780435942,,,"rgba(239, 83, 80, 1.0)",0.0,0.0,0.26270831288270774,21.207701436889078,1.2458629859080717,0.0,0.0,0.0,0.0,0.0,0.0,0.0,0.0,59.6823855737664,3.227713261721121,True,False,True,False,True,11.815758067638207,0,0.9669101847872791,0.9626128061882241,False,False,False,False,0.2482893380465225,0.23339338214679223,False,False,False,False,35481.0,25487.31225768914,False,False,False,False,1191.2939420191087,False,False,False,False
2025-08-28 14:00:00+00:00,21.44,21.44,21.245,21.275,305.0,,,,,,,,,,,,,,,,,,,,21.319999999999997,20.9965705601919,20.95107384777231,20.734649179705322,,,"rgba(239, 83, 80, 1.0)",0.0,0.0,0.24937865127498904,21.220475264480033,0.21864235467310056,0.0,0.0,0.0,0.0,0.0,0.0,0.0,0.0,50.79194207408511,7.969051859173696,False,True,False,False,False,2.8849177106944097,0,0.9465488215488206,0.9633838383838373,False,False,False,False,0.16029048459079603,0.19684193336879413,False,False,False,False,35176.0,25637.524470748223,False,False,False,False,1177.5529506699752,False,False,False,False
2025-08-28 15:00:00+00:00,21.275,21.315,21.245,21.315,203.0,,,,,,,,,,,,,,,,,,,,21.30867782152231,20.997017045666297,20.95128515688672,20.734884159828,,,"rgba(239, 83, 80, 1.0)",0.0,0.0,0.23455923779731377,21.230640809832686,0.35964983071871937,0.0,0.0,0.0,0.0,0.0,0.0,0.0,0.0,46.6528910849954,4.41918156033713,False,True,False,True,False,4.0310187415275,0,0.9445378151260496,0.9764705882352932,False,False,False,False,0.13077544580248399,0.16380868958563904,False,False,False,False,35379.0,25788.555099108715,False,False,False,False,1162.4436025975724,False,False,False,False
2025-08-28 16:00:00+00:00,21.315,21.315,21.285,21.295,100.0,,,,,,,,,,,,,,,,,,,,21.306976425438595,20.997241458068018,20.95139119054894,20.735001225823755,,,"rgba(239, 83, 80, 1.0)",0.0,0.0,0.21947008251043626,21.23032227194897,0.2946995203683632,0.0,0.0,0.0,0.0,0.0,0.0,0.0,0.0,43.342235220110126,1.5060153046887237,False,True,False,True,False,3.395349744660958,0,0.9527426160337543,0.9755274261603365,False,False,False,False,0.14019322406282492,0.15200095682423198,False,False,False,False,35279.0,25935.693779742687,False,False,False,False,1145.9716087588504,False,False,False,False
2025-08-28 17:00:00+00:00,21.295,21.31,21.255,21.295,756.0,,,,,,,,,,,,,,,,,,,,21.295719696969694,20.998861939147083,20.952163827720472,20.735866376940884,,,"rgba(239, 83, 80, 1.0)",0.0,0.0,0.21475227714872094,21.227106648249435,0.3161472960938546,0.0,0.0,0.0,0.0,0.0,0.0,0.0,0.0,41.13513131018661,-0.5525360677139872,False,True,False,True,False,3.395349744660958,0,0.9559881506559448,0.9724925941599654,False,False,False,False,0.13195137378357266,0.14197616530390234,False,False,False,False,35279.0,26080.55124052187,False,False,False,False,1139.925537305225,False,False,False,False
2025-08-28 18:00:00+00:00,21.3,21.345,21.285,21.335,202.0,,,,,,,,,,,,,,,,,,,,21.29906662409536,20.99934413985374,20.95239120854125,20.73611174238891,,,"rgba(239, 83, 80, 1.0)",0.0,0.0,0.20965140522241227,21.22715408957158,0.5144058553483569,0.0,0.0,0.0,0.0,0.0,0.0,0.0,0.0,41.73845552273713,-0.5525360677139872,False,True,False,True,False,4.574959618422085,0,0.955950868276153,0.9703515459551031,False,False,False,False,0.14727271758417246,0.1446244414440374,False,False,False,False,35481.0,26226.294632141682,False,False,False,False,1125.3840561066943,False,False,False,False
2025-08-28 19:00:00+00:00,21.335,21.385,21.335,21.365,244.0,,,,,,,,,,,,,,,,,,,,21.307505524861877,20.999996727466897,20.952695204290997,20.7364280779782,,,"rgba(239, 83, 80, 1.0)",0.0,0.0,0.20438327358798913,21.22790571992369,0.6707705462858616,0.0,0.0,0.0,0.0,0.0,0.0,0.0,0.0,43.598083442721276,-0.5525360677139872,False,True,False,True,False,5.451795435950675,0,0.960152607036879,0.9660873251377692,False,False,False,False,0.16860237957703686,0.15661341051053712,False,False,False,False,35725.0,26373.56138203096,False,False,False,False,1111.719187019769,False,False,False,False
2025-08-29 14:00:00+00:00,21.53,21.545,21.425,21.485,1304.0,,,,,,,,,,21.485,,,,,,,,,,21.381832048811816,21.00462070310121,20.95479985203423,20.73844566277056,,,"rgba(239, 83, 80, 1.0)",0.0,0.0,0.20107705483719965,21.259277898022912,1.12256518855342,0.0,0.0,0.0,0.0,0.0,0.0,0.0,0.0,49.3407897546927,-0.5525360677139872,False,True,False,False,True,8.815231281639822,0,0.9736953754773006,0.954179041154008,False,False,False,False,0.22872282065875352,0.1926681155846453,False,False,False,False,37029.0,26538.761980759158,False,False,False,False,1114.7002848954314,False,False,False,False
2025-08-29 15:00:00+00:00,21.485,21.485,21.425,21.485,572.0,,,,,,,,,,21.478901918976543,,,,,,,,,,21.394738198589256,21.006538014420904,20.955683187137165,20.739303631875625,,,"rgba(239, 83, 80, 1.0)",0.0,0.0,0.19654360174629834,21.26093906233613,1.140006266665905,0.0,0.0,0.0,0.0,0.0,0.0,0.0,0.0,53.16926062934032,-4.936256205007886,False,True,True,False,True,8.815231281639822,0,0.9888555507929693,0.9425632233176156,False,False,False,False,0.21416085195542559,0.20341448377003546,False,False,False,False,37029.0,26701.401329894674,False,False,False,False,1106.2863269900758,False,False,False,False
2025-08-29 16:00:00+00:00,21.485,21.495,21.455,21.455,1528.0,,,,,,,,,,21.474157853505677,,,,,,,,,,21.416305779312104,21.011619009901,20.958043281330664,20.74159612620864,,,"rgba(239, 83, 80, 1.0)",0.0,0.0,0.19335236004547554,21.264667636895375,0.9843808633101668,0.0,0.0,0.0,0.0,0.0,0.0,0.0,0.0,54.200023310229895,-3.764901595642627,False,False,True,False,True,7.773214047831004,0,0.9982691475551694,0.9350930333189081,False,False,False,False,0.2238585202454955,0.21363650200776546,False,False,False,False,35501.0,26837.829216252896,False,False,False,False,1112.82452347085,False,False,False,False
2025-08-29 17:00:00+00:00,21.465,21.505,21.455,21.485,100.0,,,,,,,,,,21.47437214611872,,,,,,,,,,21.417535754610462,21.011957234514608,20.95820099636754,20.741748399397835,,,"rgba(239, 83, 80, 1.0)",0.0,0.0,0.19329345658966418,21.264939755373362,1.1384774658657764,0.0,0.0,0.0,0.0,0.0,0.0,0.0,0.0,56.022241631666525,-1.716329275890324,False,False,True,False,True,8.615371713516158,0,1.0026052974381228,0.9279201042118963,False,False,False,False,0.2262893542578383,0.21996292813280188,False,False,False,False,35601.0,26973.692329179205,False,False,False,False,1097.1218176806042,False,False,False,False
2025-08-29 18:00:00+00:00,21.485,21.485,21.425,21.445,0.0,,,,,,,,,,21.47437214611872,,,,,,,,,,21.417535754610462,21.011957234514608,20.95820099636754,20.741748399397835,,,"rgba(239, 83, 80, 1.0)",0.0,0.0,0.19359398397329047,21.264939755373362,0.9300921492037711,0.0,0.0,0.0,0.0,0.0,0.0,0.0,0.0,55.15733220739766,-1.716329275890324,False,False,True,False,True,7.214139115682368,0,0.9952090592334483,0.9346689895470373,False,False,False,False,0.21416085195542559,0.21706189004411375,False,False,False,False,35601.0,27107.449037253944,False,False,False,False,1080.1121770964087,False,False,False,False
2025-08-29 19:00:00+00:00,21.445,21.485,21.44,21.475,1236.0,,,,,,,,,,21.472362869198314,,,,,,,,,,21.426806870229008,21.015965627994007,20.96008690381165,20.7435872852664,,,"rgba(239, 83, 80, 1.0)",0.0,0.0,0.1945964176591794,21.267147555544764,1.0681206106233434,0.0,0.0,0.0,0.0,0.0,0.0,0.0,0.0,55.83935137049029,-1.0692090925976743,False,False,True,False,True,8.072488250958912,0,1.0021997360316748,0.9340079190497129,False,False,False,False,0.2177927361532522,0.21742731309868296,False,False,False,False,36837.0,27258.29478861435,False,False,False,False,1082.5290425677822,False,False,False,False
2025-09-01 14:00:00+00:00,21.475,21.475,21.475,21.475,0.0,,,,,,,,,,21.472362869198314,,,,,,,,,,21.426806870229008,21.015965627994007,20.96008690381165,20.7435872852664,,,"rgba(239, 83, 80, 1.0)",0.0,0.0,0.19539523355833763,21.267147555544764,1.063753913900776,0.0,0.0,0.0,0.0,0.0,0.0,0.0,0.0,56.29403081255205,-0.08791630154883734,False,False,True,False,True,8.072488250958912,0,1.0080035571365038,0.9279679857714527,False,False,False,False,0.2238585202454955,0.22064291667208924,False,False,False,False,36837.0,27406.80184615521,False,False,False,False,1065.7456465589794,False,False,False,False
2025-09-01 15:00:00+00:00,21.475,21.475,21.475,21.475,0.0,,,,,,,,,,21.472362869198314,,,,,,,,,,21.426806870229008,21.015965627994007,20.96008690381165,20.7435872852664,,,"rgba(239, 83, 80, 1.0)",0.0,0.0,0.19633963494993126,21.267147555544764,1.0586372155996038,0.0,0.0,0.0,0.0,0.0,0.0,0.0,0.0,56.597150440593225,0.7772017916039857,False,False,True,False,True,8.072488250958902,0,1.0094509450945082,0.9270927092709258,False,False,False,False,0.2238585202454955,0.22225071845879235,False,False,False,False,36837.0,27553.00646869544,False,False,False,False,1049.2224582402355,False,False,False,False
2025-09-01 16:00:00+00:00,21.475,21.475,21.475,21.475,0.0,,,,,,,,,,21.472362869198314,,,,,,,,,,21.426806870229008,21.015965627994007,20.96008690381165,20.7435872852664,,,"rgba(239, 83, 80, 1.0)",0.0,0.0,0.19723729249198682,21.267147555544764,1.0538191932627665,0.0,0.0,0.0,0.0,0.0,0.0,0.0,0.0,56.79923019262067,1.5515505320597143,False,False,True,False,True,8.072488250958902,0,1.030726256983239,0.9162011173184343,False,False,False,False,0.21746802991492684,0.21985937418685958,False,False,False,False,36837.0,27696.94435290171,False,False,False,False,1032.9554433837977,False,False,False,False
2025-09-01 17:00:00+00:00,21.475,21.475,21.475,21.475,0.0,,,,,,,,,,21.472362869198314,,,,,,,,,,21.426806870229008,21.015965627994007,20.96008690381165,20.7435872852664,,,"rgba(239, 83, 80, 1.0)",0.0,0.0,0.19701655393022827,21.267147555544764,1.0549998987843785,0.0,0.0,0.0,0.0,0.0,0.0,0.0,0.0,56.933950027305634,2.2489577222927153,False,False,True,False,True,8.072488250958912,0,1.019239793524166,0.9183481933364604,False,False,False,False,0.21746802991492684,0.2186637020508932,False,False,False,False,36837.0,27838.65064200401,False,False,False,False,1016.9406303080799,False,False,False,False
2025-09-01 18:00:00+00:00,21.475,21.475,21.475,21.475,0.0,,,,,,,,,,21.472362869198314,,,,,,,,,,21.426806870229008,21.015965627994007,20.96008690381165,20.7435872852664,,,"rgba(239, 83, 80, 1.0)",0.0,0.0,0.19668337843186284,21.267147555544764,1.0567870356530626,0.0,0.0,0.0,0.0,0.0,0.0,0.0,0.0,57.02376325042894,2.8773092228549544,False,False,True,False,True,8.072488250958902,0,1.0142112742775924,0.9242065371861664,False,False,False,False,0.21746802991492684,0.21806586598291,False,False,False,False,36837.0,27978.15993437604,False,False,False,False,1001.1741089079546,False,False,False,False
2025-09-01 19:00:00+00:00,21.475,21.475,21.475,21.475,0.0,,,,,,,,,,21.472362869198314,,,,,,,,,,21.426806870229008,21.015965627994007,20.96008690381165,20.7435872852664,,,"rgba(239, 83, 80, 1.0)",0.0,0.0,0.19595327168665677,21.267147555544764,1.0607245424695368,0.0,0.0,0.0,0.0,0.0,0.0,0.0,0.0,57.08363873251115,3.4417198153928155,False,False,True,False,True,8.072488250958902,0,1.0200668896321057,0.9168657429526982,False,False,False,False,0.21746802991492684,0.21776694794891843,False,False,False,False,36837.0,28115.506291982612,False,False,False,False,985.6520297000793,False,False,False,False
2025-09-02 14:00:00+00:00,21.3,21.36,21.215,21.215,1735.0,,,,,,,,,,21.416352638352638,,,,,,,,,21.263333333333335,21.392573124119895,21.018989193073427,20.96165755658847,20.74543142680296,,,"rgba(239, 83, 80, 1.0)",0.0,0.0,0.1953875105509544,21.257703629972223,-0.2185586471305528,0.0,0.0,0.0,0.0,0.0,0.0,0.0,0.0,45.38237776194482,-0.27415645125657306,False,True,False,True,False,0.0,0,1.007065473386716,0.9189825718323112,False,False,False,False,0.12006705809947556,0.168917003024197,False,False,False,False,35102.0,28223.824023889858,False,False,False,False,997.2698276892254,False,False,False,False
2025-09-02 15:00:00+00:00,21.215,21.22,21.165,21.165,300.0,,,,,,,,,,21.406034440344403,,,,,,,,,21.251539721539725,21.385261308483788,21.019335798546187,20.961855908199297,20.745699921245798,,,"rgba(239, 83, 80, 1.0)",0.0,0.0,0.19568136906261221,21.255626828528076,-0.463134681457992,0.0,0.0,0.0,0.0,0.0,0.0,0.0,0.0,36.72024442330506,-7.794825090908915,False,True,False,True,False,0.0,0,0.9985849056603763,0.9320754716981118,False,False,False,False,0.07207942632555658,0.12049821467487679,False,False,False,False,34802.0,28325.81124832567,False,False,False,False,986.459442763811,False,False,False,False
2025-09-02 16:00:00+00:00,21.165,21.19,21.145,21.185,100.0,,,,,,,,,,21.402649696969696,,,,,,,,,21.247876658860267,21.382821147572443,21.019443983907763,20.961918964826655,20.745787302865235,,,"rgba(239, 83, 80, 1.0)",0.0,0.0,0.19603449319582147,21.254928506173457,-0.3567153159296578,0.0,0.0,0.0,0.0,0.0,0.0,0.0,0.0,32.29540821587484,-11.266037489675611,False,True,False,True,False,0.0,0,0.9937947494033401,0.9446300715990436,False,False,False,False,0.05961938104808042,0.0900587978614786,False,False,False,False,34902.0,28427.76766308031,False,False,False,False,972.7158855116588,False,False,False,False
2025-09-02 17:00:00+00:00,21.185,21.24,21.175,21.225,500.0,,,,,,,,,,21.389814689265535,,,,,,,,,21.241321948134093,21.37359481037924,21.020122649566673,20.962293230359137,20.74626450167319,,,"rgba(239, 83, 80, 1.0)",0.0,0.0,0.19521833468764724,21.252261413989675,-0.13964576653772093,0.0,0.0,0.0,0.0,0.0,0.0,0.0,0.0,31.93724846667242,-11.266037489675611,False,True,False,True,False,0.0,0,0.9928366762177641,0.94364851957975,False,False,False,False,0.07956594512397458,0.0848123714927266,False,False,False,False,35402.0,28535.89529621085,False,False,False,False,965.3869570541137,False,False,False,False
2025-09-02 18:00:00+00:00,21.225,21.235,21.175,21.195,200.0,,,,,,,,,,21.384847084708472,,,,,,,,,21.23852439741329,21.36993091813177,21.020376475632553,20.96243568190227,20.746450347490043,,,"rgba(239, 83, 80, 1.0)",0.0,0.0,0.19413963582488314,21.251188836467445,-0.289424857673723,0.0,0.0,0.0,0.0,0.0,0.0,0.0,0.0,30.877041995739138,-12.214176369396903,False,True,False,True,False,0.0,0,0.9890319504053401,0.9456366237482101,False,False,False,False,0.07831759629751235,0.08156498389511947,False,False,False,False,35202.0,28639.245756734712,False,False,False,False,953.5204926036623,False,False,False,False
2025-09-02 19:00:00+00:00,21.195,21.305,21.195,21.295,562.0,,,,,,,,,,21.376569579288027,,,,,,,,,21.242904523599254,21.364002379276833,21.021333792917765,20.962940796124837,20.747044306712766,,,"rgba(239, 83, 80, 1.0)",0.0,0.0,0.19298391848237728,21.249427180450446,0.23614827550367545,0.0,0.0,0.0,0.0,0.0,0.0,0.0,0.0,35.5939933089182,-12.214176369396903,False,True,False,True,True,1.50863064237884,0,0.9919393077287804,0.9388335704125159,False,False,False,False,0.10082899783289004,0.09119699086400476,False,False,False,False,35764.0,28749.707062831847,False,False,False,False,947.4504074470163,False,False,False,False
2025-09-03 14:00:00+00:00,21.255,21.28,21.195,21.235,1004.0,,,,,,,,,,21.361203369434417,,,,,,,,,21.241481481481483,21.352328097890602,21.022828787836886,20.963754735030793,20.748044161995352,,,"rgba(239, 83, 80, 1.0)",0.0,0.0,0.19236629848498107,21.245876588478733,-0.056541029090826096,0.0,0.0,0.0,0.0,0.0,0.0,0.0,0.0,36.733814554682695,-12.214176369396903,False,True,False,True,True,0.0,0,0.99053478466635,0.9427354472314226,False,False,False,False,0.09456657546436578,0.09288178316418527,False,False,False,False,34760.0,28842.889899067013,False,False,False,False,948.3271453160548,False,False,False,False
2025-09-03 15:00:00+00:00,21.235,21.245,21.155,21.155,420.0,,,,,,,,,,21.353463026880036,,,,,,,,,21.236560879485584,21.346147656318706,21.023298421497795,20.964029603949566,20.748417118497574,,,"rgba(239, 83, 80, 1.0)",0.0,0.0,0.19236629848498107,21.24395822169984,-0.46244182271244333,0.0,0.0,0.0,0.0,0.0,0.0,0.0,0.0,35.32305719557544,-12.214176369396903,False,True,False,True,True,0.0,0,0.9820839226779813,0.9481376709099462,False,False,False,False,0.07582162533920904,0.08435170425169716,False,False,False,False,34340.0,28928.116412259773,False,False,False,False,940.136026784023,False,False,False,False
2025-09-03 16:00:00+00:00,21.155,21.205,21.125,21.185,63.0,,,,,,,,,,21.352272963424774,,,,,,,,,21.235723791973793,21.345186286513908,21.023362842735228,20.964068291110422,20.748471300219123,,,"rgba(239, 83, 80, 1.0)",0.0,0.0,0.1911812026645723,21.249136830750995,-0.33547665699919554,0.0,0.0,0.0,0.0,0.0,0.0,0.0,0.0,35.86267461701819,-12.214176369396903,False,True,False,True,True,0.0,0,0.9820500708549824,0.9537080774681135,False,False,False,False,0.058374456383821056,0.0713630803177591,False,False,False,False,34403.0,29012.998328348767,False,False,False,False,926.5370186168288,False,False,False,False
2025-09-03 17:00:00+00:00,21.185,21.215,21.125,21.14,100.0,,,,,,,,,,21.350295660222134,,,,,,,,,21.234204454253614,21.34358071787758,21.02345694870118,20.96412622033789,20.748554904330934,,,"rgba(239, 83, 80, 1.0)",0.0,0.0,0.1895925455637783,21.253655689469348,-0.599473408257571,0.0,0.0,0.0,0.0,0.0,0.0,0.0,0.0,34.99201411594035,-12.214176369396903,False,True,False,True,True,0.0,0,0.9815515610217587,0.9536423841059585,False,False,False,False,0.060864490321856736,0.06611378531980792,False,False,False,False,34303.0,29095.013858141807,False,False,False,False,913.7224911964129,False,False,False,False
2025-09-03 18:00:00+00:00,21.14,21.23,21.14,21.185,0.0,,,,,,,,,,21.350295660222134,,,,,,,,,21.234204454253614,21.34358071787758,21.02345694870118,20.96412622033789,20.748554904330934,,,"rgba(239, 83, 80, 1.0)",0.0,0.0,0.18743820603361816,21.253655689469348,-0.36628439271892654,0.0,0.0,0.0,0.0,0.0,0.0,0.0,0.0,36.65992178798544,-12.214176369396903,False,True,False,True,True,0.0,0,0.9759547383309751,0.9547383309759527,False,False,False,False,0.06833924155588442,0.06722651343784616,False,False,False,False,34303.0,29175.757829333405,False,False,False,False,899.5562510228251,False,False,False,False
2025-09-03 19:00:00+00:00,21.185,21.245,21.155,21.225,252.0,,,,,,,,,,21.346709603047316,,,,,,,,,21.232959320091673,21.34068895299508,21.023777263653894,20.964308034791042,20.74879016772694,,,"rgba(239, 83, 80, 1.0)",0.0,0.0,0.18536912286497906,21.255782200190247,-0.1660589407474651,0.0,0.0,0.0,0.0,0.0,0.0,0.0,0.0,39.60751784937035,-16.183548263691577,False,True,False,True,True,0.0,0,0.9727315467795008,0.9586271744240694,False,False,False,False,0.07582162533920904,0.0715240693885276,False,False,False,False,34555.0,29259.15693275459,False,False,False,False,889.5166192240216,False,False,False,False
2025-09-04 14:00:00+00:00,21.29,21.32,21.185,21.225,1380.0,,,,,,,,,,21.334147146882707,,,,,,,,,21.235123186215237,21.3304845814978,21.025840830819043,20.96544102242702,20.7501720571193,,,"rgba(239, 83, 80, 1.0)",0.0,0.0,0.18274094301024119,21.256261935364527,-0.1710724200584543,0.0,0.0,0.0,0.0,0.0,0.0,0.0,0.0,41.57258189029363,-14.083817807225145,False,True,False,True,True,0.0,0,0.9785447761194019,0.9482276119402966,False,False,False,False,0.10208241311010555,0.08680324124931657,False,False,False,False,34555.0,29341.263026820412,False,False,False,False,897.1210127244244,False,False,False,False
2025-09-04 15:00:00+00:00,21.225,21.265,21.205,21.245,619.0,,,,,,,,,,21.329194432846208,,,,,,,,,21.235397834600324,21.326346632813447,21.026732905606128,20.96593715091867,20.750783139799047,,,"rgba(239, 83, 80, 1.0)",0.0,0.0,0.17943228791375834,21.25496542529701,-0.05553864030200271,0.0,0.0,0.0,0.0,0.0,0.0,0.0,0.0,43.8797324985201,-11.694939765972954,False,True,False,True,True,0.10716871374616588,1,0.976679104477611,0.9580223880596996,False,False,False,False,0.09331499350416031,0.09005911737673844,False,False,False,False,35174.0,29431.69305741234,False,False,False,False,892.8090590387744,False,False,False,False
2025-09-04 16:00:00+00:00,21.245,21.265,21.195,21.215,0.0,,,,,,,,,,21.329194432846208,,,,,,,,,21.235397834600324,21.326346632813447,21.026732905606128,20.96593715091867,20.750783139799047,,,"rgba(239, 83, 80, 1.0)",0.0,0.0,0.1761448267762068,21.25496542529701,-0.2268895773350477,0.0,0.0,0.0,0.0,0.0,0.0,0.0,0.0,44.04749437172651,-11.268661632371,False,True,False,True,True,0.0,0,0.9887323943661961,0.9553990610328618,False,False,False,False,0.0908126998687261,0.09043590862273226,False,False,False,False,35174.0,29520.7210720261,False,False,False,False,878.9670581234445,False,False,False,False
2025-09-04 17:00:00+00:00,21.215,21.275,21.195,21.265,61.0,,,,,,,,,,21.328767724603967,,,,,,,,,21.235478115862573,21.325988251721316,21.02682316771408,20.965987138978136,20.750844099077888,,,"rgba(239, 83, 80, 1.0)",0.0,0.0,0.1761448267762068,21.254864782167925,0.057539117200148045,0.0,0.0,0.0,0.0,0.0,0.0,0.0,0.0,46.70196661351578,-8.501539967943607,False,False,False,True,True,0.7866040602248816,1,0.9859221022993891,0.954481464101359,False,False,False,False,0.09331499350416031,0.09187545106344629,False,False,False,False,35235.0,29609.314543777633,False,False,False,False,866.2853983075771,False,False,False,False
2025-09-04 18:00:00+00:00,21.265,21.285,21.255,21.285,436.0,,,,,,,,,,21.326888096001714,,,,,,,,,21.237706716675287,21.324431685571586,21.027554564933798,20.966382270593467,20.751305795687273,,,"rgba(239, 83, 80, 1.0)",0.0,0.0,0.1746238428351248,21.254884760459934,0.1724577758175918,0.0,0.0,0.0,0.0,0.0,0.0,0.0,0.0,49.401484016428256,-5.791738411575608,True,False,False,False,True,1.4503512482547727,0,0.9948162111215825,0.9500471253534385,False,False,False,False,0.11086550044876328,0.10137047575610478,False,False,False,False,35671.0,29703.294163253948,False,False,False,False,859.6143068609481,False,False,False,False
2025-09-04 19:00:00+00:00,21.285,21.355,21.285,21.34,776.0,,,,,,,,,,21.326875125805156,,,,,,,,,21.245820600219403,21.32454686323992,21.029115300219434,20.967200356010736,20.752206394639344,,,"rgba(38, 166, 154, 1.0)",0.0,0.0,0.17376820016161545,21.25659040755101,0.48000492824011876,0.0,0.0,0.0,0.0,0.0,0.0,0.0,0.0,53.49770747510452,-1.8908265434352813,True,False,True,False,True,3.2510560415622045,0,0.9976514795678714,0.9398778769375274,False,False,False,False,0.13605893411523112,0.11871470493566795,False,False,False,False,36447.0,29807.847742118225,False,False,False,False,858.3179610181427,False,False,False,False
2025-09-05 14:00:00+00:00,21.54,21.555,21.245,21.265,4205.0,,,,,,,,,,21.333651330239313,,,,,,,,,21.28193319174598,21.331194604509513,21.038076255743597,20.97191396761622,20.757276253890296,,21.355,"rgba(38, 166, 154, 1.0)",0.0,0.0,0.1727527004000671,21.278168038936776,-0.0762247936285849,-1.0,21.555,21.245,0.0,0.0,0.0,0.0,0.0,52.33134205238921,-1.8908265434352813,True,False,True,False,True,0.6730975105781312,1,0.9958734525447035,0.9225126088950005,False,False,False,False,0.17674241866439927,0.1477285618000336,False,False,False,False,32242.0,29845.586536814066,False,False,False,False,910.2045042581714,False,False,False,False
2025-09-05 15:00:00+00:00,21.265,21.375,21.265,21.345,180.0,,,,,,,,,,21.333597043422373,,,,,,,,,21.282580987098942,21.331168115345715,21.038417502699694,20.97209931577757,20.757481775248742,,21.353905359179024,"rgba(38, 166, 154, 1.0)",0.0,0.0,0.1715918580987618,21.27812576462043,0.38972848782299635,0.0,0.0,0.0,0.0,0.0,0.0,0.0,0.0,54.64194972317088,-0.8038550608621904,True,False,True,False,True,3.2460638088360945,0,0.997262773722627,0.9402372262773706,False,False,False,False,0.13605893411523112,0.14189374795763238,False,False,False,False,32422.0,29885.530931592144,False,False,False,False,898.8835041921533,False,False,False,False
2025-09-05 16:00:00+00:00,21.345,21.385,21.315,21.36,200.0,,,,,,,,,,21.333818389128773,,,,,,,,,21.283661753099622,21.331393795923912,21.03882834107395,20.97231946910747,20.757719952006365,,21.353880407124688,"rgba(38, 166, 154, 1.0)",0.0,0.0,0.17059466738605977,21.278286993632342,0.47898921824290525,0.0,0.0,0.0,0.0,0.0,0.0,0.0,0.0,56.693108762205476,1.2400675193772486,True,False,True,False,True,3.718172596828097,0,1.0208333333333324,0.9356481481481462,False,False,False,False,0.1512557789618918,0.1465747634597621,False,False,False,False,32622.0,29927.956808621722,False,False,False,False,888.0481010263834,False,False,False,False
2025-09-05 17:00:00+00:00,21.36,21.365,21.295,21.305,62.0,,,,,,,,,,21.33377628760362,,,,,,,,,21.283840871658434,21.331363190391617,21.038942681776494,20.972381997149714,20.75778982466239,,21.353450613298907,"rgba(38, 166, 154, 1.0)",0.0,0.0,0.1689841935142973,21.278256217749508,0.1582620344205682,0.0,0.0,0.0,0.0,0.0,0.0,0.0,0.0,55.33860833623523,1.2400675193772486,True,False,True,False,True,1.8268962221506833,0,1.0227378190255212,0.9211136890951259,False,False,False,False,0.134731661966064,0.14065321271291303,False,False,False,False,32560.0,29968.76367980588,False,False,False,False,875.2411537236487,False,False,False,False
2025-09-05 18:00:00+00:00,21.305,21.365,21.295,21.365,65.0,,,,,,,,,,21.333804844098,,,,,,,,,21.284125189107414,21.331397066262017,21.039070928734528,20.972451278928144,20.757865657217582,,21.353288058856823,"rgba(38, 166, 154, 1.0)",0.0,0.0,0.16687649854244183,21.278276975169042,0.519683871536289,0.0,0.0,0.0,0.0,0.0,0.0,0.0,0.0,56.670149191790266,1.426939950699193,True,False,True,False,True,3.7329333784865852,0,1.0153417015341695,0.9279404927940474,False,False,False,False,0.134731661966064,0.13769243733948852,False,False,False,False,32625.0,30009.9456382585,False,False,False,False,862.679275371344,False,False,False,False
2025-09-05 19:00:00+00:00,21.365,21.42,21.345,21.395,474.0,,,,,,,,,,21.3351640989476,,,,,,,,,21.287674528990802,21.332691167753413,21.040141461724225,20.9730171991376,20.75846063606452,,21.356338861036125,"rgba(38, 166, 154, 1.0)",0.0,0.0,0.16526860473705085,21.27924428782695,0.7004095687576195,0.0,0.0,0.0,0.0,0.0,0.0,0.0,0.0,58.55733619726348,3.419483331348701,True,False,True,False,True,4.667647827967091,0,1.0247432306255826,0.9206349206349186,False,False,False,False,0.15845581574234163,0.14807412654091506,False,False,False,False,33099.0,30057.837953944418,False,False,False,False,856.653240094269,False,False,False,False
2025-09-08 14:00:00+00:00,21.175,21.245,21.125,21.24,724.0,,,,,,,,,,21.330182082332886,,,,,,,,21.203333333333333,21.2834393350904,21.328224596210102,21.040905554585496,20.973496831195238,20.759102668625474,,21.33759503666103,"rgba(38, 166, 154, 1.0)",0.0,0.0,0.16438249177945763,21.282985139609828,-0.2614946345228782,0.0,0.0,0.0,0.0,0.0,0.0,0.0,0.0,53.58227842218842,3.419483331348701,True,False,True,False,False,0.0,1,1.0013711151736733,0.9245886654478959,False,False,False,False,0.05374212565822537,0.10090812609957021,False,False,False,False,32375.0,30093.76294690652,False,False,False,False,854.5966007129624,False,False,False,False
2025-09-08 15:00:00+00:00,21.245,21.275,21.205,21.225,351.0,,,,,,,,,,21.328469595229556,,,,,,,,21.213672868217056,21.282288126029748,21.3266897290367,21.041345141308557,20.973760580364807,20.75943540429997,,21.331843422243516,"rgba(38, 166, 154, 1.0)",0.0,0.0,0.16322487665910548,21.282362823105565,-0.35143431736429276,0.0,0.0,0.0,0.0,0.0,0.0,0.0,0.0,49.80556914333705,5.474880554913327,True,False,False,False,False,0.0,1,1.0095890410958892,0.922831050228309,False,False,False,False,0.0826879070115161,0.09179801655554315,False,False,False,False,32024.0,30123.689102768436,False,False,False,False,846.7889014771025,False,False,False,False
2025-09-08 16:00:00+00:00,21.225,21.235,21.195,21.215,239.0,,,,,,,,,,21.32709633043009,,,,,,,,21.213914256722475,21.281216573383087,21.32545149519127,21.041612528105453,20.973926140224943,20.759652184762587,,21.32754717948718,"rgba(38, 166, 154, 1.0)",0.0,0.0,0.16198515113802572,21.28147273136205,-0.41036311597110736,0.0,0.0,0.0,0.0,0.0,0.0,0.0,0.0,46.96141317855477,2.8847805064043968,False,False,False,True,False,0.0,1,1.0082682590721164,0.9306384933394565,False,False,False,False,0.06951649465221743,0.08065725560388029,False,False,False,False,31785.0,30149.44586086505,False,False,False,False,837.3658177332713,False,False,False,False
2025-09-08 17:00:00+00:00,21.215,21.23,21.155,21.165,200.0,,,,,,,,,,21.325654952877485,,,,,,,,21.209874504623514,21.279929313519204,21.324145142016736,21.04179490066637,20.97404633376382,20.75982082783538,,21.323242288557214,"rgba(38, 166, 154, 1.0)",0.0,0.0,0.16062187705106432,21.28032884486604,-0.7180145505918659,0.0,0.0,0.0,0.0,0.0,0.0,0.0,0.0,43.478900909331614,-0.3238194425954859,False,True,False,True,False,0.0,0,1.0064249655805402,0.9256539697108748,False,False,False,False,0.05439089124262647,0.06752407342325338,False,False,False,False,31585.0,30171.70251418497,False,False,False,False,827.4841771482594,False,False,False,False
2025-09-08 18:00:00+00:00,21.165,21.225,21.14,21.215,0.0,,,,,,,,,,21.325654952877485,,,,,,,,21.209874504623514,21.279929313519204,21.324145142016736,21.04179490066637,20.97404633376382,20.75982082783538,,21.323242288557214,"rgba(38, 166, 154, 1.0)",0.0,0.0,0.15826622570282656,21.28032884486604,-0.41277818167413616,0.0,0.0,0.0,0.0,0.0,0.0,0.0,0.0,43.58722842394358,-0.3238194425954859,False,True,False,True,False,0.0,0,1.0018365472910917,0.9315886134067936,False,False,False,False,0.049075474042057615,0.0582997737326555,False,False,False,False,31585.0,30193.614103112333,False,False,False,False,814.6549650994491,False,False,False,False
2025-09-08 19:00:00+00:00,21.21,21.275,21.18,21.255,103.0,,,,,,,,,,21.32519782886972,,,,,,,,21.211581117295403,21.27963827749113,21.323732979583127,21.04192396145454,20.974123940022523,20.759918557312343,,21.321931500808468,"rgba(38, 166, 154, 1.0)",0.0,0.0,0.1551483451701269,21.28012269999945,-0.1619269607542505,0.0,0.0,0.0,0.0,0.0,0.0,0.0,0.0,45.413994402037474,-0.3238194425954859,False,False,False,True,False,0.12016098435287503,0,1.006861848124427,0.9226898444647744,False,False,False,False,0.0725009777463982,0.06540037573952685,False,False,False,False,31688.0,30216.78287670749,False,False,False,False,803.6215547878297,False,False,False,False
2025-09-09 14:00:00+00:00,21.245,21.29,21.2,21.225,3153.0,,,,,,,,,,21.313394529678792,,,,,,,,21.229264500349405,21.272584849797806,21.31296840436023,21.045826773803896,20.976492543961918,20.762901347596976,,21.295456508638008,"rgba(38, 166, 154, 1.0)",0.0,0.0,0.15301327740782136,21.27384322867938,-0.31920908764797656,0.0,0.0,0.0,0.0,0.0,0.0,0.0,0.0,45.43390367545372,-0.3238194425954859,False,False,False,True,False,0.0,0,1.0072793448589616,0.9208371246587791,False,False,False,False,0.07879808998008866,0.07209923285980777,False,False,False,False,28535.0,30190.708723580243,False,False,False,False,840.0460268066231,False,False,False,False
2025-09-09 15:00:00+00:00,21.225,21.28,21.195,21.205,600.0,,,,,,,,,,21.311208480367448,,,,,,,,21.22897423960273,21.2711396698839,21.310946812940845,21.046508010254797,20.976918606741496,20.76345092481954,,21.291546513830998,"rgba(38, 166, 154, 1.0)",0.0,0.0,0.1515636814991289,21.272536168600595,-0.4455959893068791,0.0,0.0,0.0,0.0,0.0,0.0,0.0,0.0,44.65788672491546,-0.3238194425954859,False,False,False,True,False,0.0,0,1.0072727272727262,0.9254545454545435,False,False,False,False,0.07474168504622009,0.07342045895301393,False,False,False,False,27935.0,30155.73649530768,False,False,False,False,836.3243829801638,False,False,False,False
2025-09-09 16:00:00+00:00,21.205,21.225,21.185,21.205,235.0,,,,,,,,,,21.310170209520642,,,,,,,,21.227969075230448,21.27033430056825,21.30998362283519,21.04674151045911,20.977070643319983,20.763655769420602,,21.289661755166343,"rgba(38, 166, 154, 1.0)",0.0,0.0,0.14845222485056567,21.271866451674846,-0.4504240454607983,0.0,0.0,0.0,0.0,0.0,0.0,0.0,0.0,44.14054209122328,-0.8629594589951921,False,False,False,True,False,0.0,0,1.0055223193741356,0.9397146801656678,False,False,False,False,0.05719054873138795,0.06530550384220093,False,False,False,False,27935.0,30121.306472124612,False,False,False,False,827.0015243293085,False,False,False,False
2025-09-09 17:00:00+00:00,21.205,21.255,21.19,21.255,2079.0,,,,,,,,,,21.30405397299436,,,,,,,,21.22942044074267,21.26673597467802,21.30427766638022,21.049142196147837,20.978573012426455,20.765575557036673,,21.280562548562546,"rgba(38, 166, 154, 1.0)",0.0,0.0,0.14528707214805162,21.268381883915083,-0.09210650140604104,0.0,0.0,0.0,0.0,0.0,0.0,0.0,0.0,46.47823087726182,-0.8629594589951921,False,False,False,True,True,0.20039946763993655,0,1.0073732718893997,0.9267281105990766,False,False,False,False,0.06663610068224374,0.06597080226222234,False,False,False,False,30014.0,30119.64280589012,False,False,False,False,846.4123534094742,False,False,False,False
2025-09-09 18:00:00+00:00,21.255,21.285,21.235,21.235,271.0,,,,,,,,,,21.303515985195855,,,,,,,,21.230178294573644,21.266547338599167,21.303772060474962,21.04948128011862,20.97878155076724,20.765834410820734,,21.27996664383735,"rgba(38, 166, 154, 1.0)",0.0,0.0,0.14086710240705733,21.268114987954583,-0.2350796416532545,0.0,0.0,0.0,0.0,0.0,0.0,0.0,0.0,47.016280073549886,-0.8629594589951921,False,False,False,True,True,0.0,0,1.0087800369685753,0.9265249537892774,False,False,False,False,0.08691880460696486,0.07644480343459359,False,False,False,False,29743.0,30113.803382542985,False,False,False,False,837.4912316511877,False,False,False,False
2025-09-09 19:00:00+00:00,21.235,21.245,21.19,21.205,2217.0,,,,,,,,,,21.29652671933627,,,,,,,,21.226506914405558,21.261604095086458,21.297180047781872,21.051695240649206,20.980237696532523,20.767775463674017,,21.270347810044708,"rgba(38, 166, 154, 1.0)",0.0,0.0,0.13675495939430787,21.263817366629596,-0.4300931161114833,0.0,0.0,0.0,0.0,0.0,0.0,0.0,0.0,45.90457626935331,-0.8629594589951921,False,False,False,True,True,0.0,0,1.0055376095985222,0.9257037378864772,False,False,False,False,0.06063085477551165,0.06853782910505263,False,False,False,False,27526.0,30073.6823998679,False,False,False,False,858.8789644938049,False,False,False,False
2025-09-10 14:00:00+00:00,21.2,21.205,21.055,21.06,4981.0,,,,,,,,,,21.26837020275702,,,,,,,,21.187113772850257,21.23485111103408,21.270371359154733,21.053314878128607,20.981976889659734,20.771046193423224,,21.23026246783683,"rgba(239, 83, 80, 1.0)",0.0,0.0,0.13533535257898271,21.244779076773558,-1.3653422646216584,0.0,0.0,0.0,0.0,0.0,0.0,0.0,0.0,40.31808930119286,-5.1846137875936265,False,True,False,True,False,0.0,0,0.9922267946959291,0.9318701417466834,False,False,False,False,0.008956369833946397,0.038747099469499516,False,False,False,False,22545.0,29956.958641730413,False,False,False,False,922.7878177574669,False,False,False,False
2025-09-10 15:00:00+00:00,21.055,21.135,21.025,21.125,1000.0,,,,,,,,,,21.263357619915,,,,,,,,21.18141119296725,21.230165510771606,21.265553067560514,21.05356000109766,20.982288171770566,20.771672677777403,,21.223923723385973,"rgba(239, 83, 80, 1.0)",0.0,0.0,0.1313885647801012,21.243479426582887,-0.9017483886910586,0.0,0.0,0.0,0.0,0.0,0.0,0.0,0.0,39.9878428534097,-5.513497974068166,False,True,False,True,False,0.0,1,0.9877328487051326,0.9395729213993621,False,False,False,False,-0.126906456658843,-0.044079678594671746,False,False,False,False,23545.0,29857.548430230716,False,False,False,False,923.9849058542503,False,False,False,False
2025-09-10 16:00:00+00:00,21.125,21.16,21.08,21.125,500.0,,,,,,,,,,21.26133848243889,,,,,,,,21.179617386256727,21.22837787370526,21.263603228808126,21.05375965947068,20.982479842166118,20.772010772195166,,21.22158256635682,"rgba(239, 83, 80, 1.0)",0.0,0.0,0.12685886319524964,21.242582188535398,-0.9268740517911292,0.0,0.0,0.0,0.0,0.0,0.0,0.0,0.0,39.767678554887596,-5.8907203624014315,False,True,False,True,False,0.0,0,0.9897531439217501,0.9510945505356296,False,False,False,False,-0.12137059414264538,-0.08272513636865857,False,False,False,False,23545.0,29759.679462320164,False,False,False,False,917.411496461161,False,False,False,False
2025-09-10 17:00:00+00:00,21.115,21.165,21.095,21.105,277.0,,,,,,,,,,21.26024445764054,,,,,,,,21.17866922622563,21.22741265020899,21.262545596384573,21.053869767124223,20.982585800816793,20.772197795478327,,21.220331132814852,"rgba(239, 83, 80, 1.0)",0.0,0.0,0.1278182126909753,21.241993252479574,-1.071781944023742,0.0,0.0,0.0,0.0,0.0,0.0,0.0,0.0,38.92616599043138,-6.922262891199608,False,True,False,True,False,0.0,0,0.9823173569101894,0.9506747324336887,False,False,False,False,-0.1162601457310668,-0.09949264104986269,False,False,False,False,23268.0,29659.033269105897,False,False,False,False,907.4826360509105,False,False,False,False
2025-09-10 18:00:00+00:00,21.105,21.175,21.095,21.165,283.0,,,,,,,,,,21.25932953684742,,,,,,,,21.178115668390166,21.22665803863203,21.26165750060069,21.05402048099362,20.98271202172738,20.772401407164107,,21.219379362173903,"rgba(239, 83, 80, 1.0)",0.0,0.0,0.12696023354153388,21.24165656245745,-0.6037840378765027,0.0,0.0,0.0,0.0,0.0,0.0,0.0,0.0,41.53908516399203,-6.922262891199608,False,True,False,True,True,0.0,0,0.9805465493283915,0.9490504863362652,False,False,False,False,-0.11763644300205019,-0.10856454202595645,False,False,False,False,23551.0,29564.3350788872,False,False,False,False,897.8007347167878,False,False,False,False
2025-09-10 19:00:00+00:00,21.165,21.185,21.085,21.14,164.0,,,,,,,,,,21.258767790157588,,,,,,,,21.17772448255356,21.226183043137766,21.261112632129223,21.054099613502878,20.982781326313738,20.772516662743765,,21.218778161887453,"rgba(239, 83, 80, 1.0)",0.0,0.0,0.1258750273983782,21.241376870446842,-0.8053771470173917,0.0,0.0,0.0,0.0,0.0,0.0,0.0,0.0,42.245987423743955,-6.922262891199608,False,True,False,True,True,0.0,0,0.9797141539880118,0.9502074688796669,False,False,False,False,-0.12854116895698914,-0.11855285549147279,False,False,False,False,23387.0,29468.562442005226,False,False,False,False,886.4239791397833,False,False,False,False
2025-09-11 14:00:00+00:00,21.295,21.345,21.265,21.315,3388.0,,,,,,,,,21.308333333333334,21.263051778531764,,,,,,,,21.1990345132033,21.234260038499865,21.265013818104972,21.059030877273333,20.985780965150138,20.77599627187519,,21.2304699240877,"rgba(239, 83, 80, 1.0)",0.0,0.0,0.1232078007359198,21.25072100075706,0.5217120901355468,0.0,0.0,0.0,0.0,0.0,0.0,0.0,0.0,49.16546297070158,-5.30872766686263,True,False,False,False,True,2.5733595504897657,0,0.983181818181817,0.9413636363636355,False,False,False,False,-4.0490792470853216e-08,-0.05927644799113263,False,False,False,False,26775.0,29426.801783989642,False,False,False,False,925.2081034942053,False,False,False,False
2025-09-11 15:00:00+00:00,21.315,21.325,21.265,21.295,300.0,,,,,,,,,21.30724873463485,21.263294429394836,,,,,,,,21.20040121845082,21.23478427649434,21.265231587950975,21.059435465127354,20.986033045200067,20.776294544165832,,21.2312073825759,"rgba(239, 83, 80, 1.0)",0.0,0.0,0.12123434235308804,21.25108016663775,0.3622722118980018,0.0,0.0,0.0,0.0,0.0,0.0,0.0,0.0,52.890524330921494,-2.071743252520122,True,False,True,False,True,1.9129153081095538,0,0.983143507972664,0.946241457858769,False,False,False,False,-0.06514580431868626,-0.062211126154909445,False,False,False,False,26475.0,29381.037415245613,False,False,False,False,915.5149546028222,False,False,False,False
2025-09-11 16:00:00+00:00,21.295,21.315,21.275,21.305,1517.0,,,,,,,,,21.30465033621518,21.264590363110333,,,,,,,,21.20698004310217,21.237441788877867,21.26640413144663,21.061488919863788,20.987315146578343,20.77780723184606,,21.234874555843653,"rgba(239, 83, 80, 1.0)",0.0,0.0,0.11976264062766032,21.252756777738497,0.4362230323889192,0.0,0.0,0.0,0.0,0.0,0.0,0.0,0.0,55.68098786790495,0.32579538874111336,True,False,True,False,True,2.2290162085589174,0,0.9763121226195993,0.9568044588945648,False,False,False,False,-0.06514580431868626,-0.06367846523679785,False,False,False,False,27992.0,29359.501951443355,False,False,False,False,924.8403041438637,False,False,False,False
2025-09-11 17:00:00+00:00,21.305,21.345,21.285,21.34,3880.0,,,,,,,,,21.312629425793432,21.269667045319554,,,,,,,,21.22404038495452,21.24574090214829,21.271133401847017,21.067121637180488,20.990806730798422,20.78182052949621,,21.245719476744185,"rgba(239, 83, 80, 1.0)",0.0,0.0,0.11938347630402814,21.257803140756728,0.6885111892197294,0.0,0.0,0.0,0.0,0.0,0.0,0.0,0.0,58.62339704814863,2.936699416864762,True,False,True,False,True,3.3359669813705644,0,0.9756554307116094,0.9583333333333327,False,False,False,False,-0.04616183401254934,-0.05492014962467359,False,False,False,False,31872.0,29398.455409560513,False,False,False,False,970.6567335369821,False,False,False,False
2025-09-11 18:00:00+00:00,21.34,21.365,21.315,21.33,1314.0,,,,,,,,,21.315666730775398,21.27157220659309,,,,,,,,21.229368399577567,21.24862193553573,21.272926627793975,21.069071109985817,20.99201955546305,20.78319945680237,,21.249345003337172,"rgba(239, 83, 80, 1.0)",0.0,0.0,0.11896482938520389,21.259508239525097,0.5925428619466308,0.0,0.0,0.0,0.0,0.0,0.0,0.0,0.0,60.02099500859802,4.209842189163737,True,False,True,False,True,2.990094992778058,0,0.9704364148287178,0.9577663068981693,False,False,False,False,-0.022476946820940404,-0.038698548222806994,False,False,False,False,30558.0,29416.432845071202,False,False,False,False,975.9798849550134,False,False,False,False
2025-09-11 19:00:00+00:00,21.325,21.41,21.325,21.395,1025.0,,,,,,,,,21.321139851774046,21.273852757489152,,,,,,,,21.234610603798476,21.251710436521947,21.27509470894077,21.070796753618747,20.993068861996562,20.784347750305507,,21.253184845185903,"rgba(38, 166, 154, 1.0)",0.0,0.0,0.11873773051843585,21.277918164603427,0.9860541791170027,0.0,0.0,0.0,0.0,0.0,0.0,0.0,0.0,62.947462419783236,6.996457651591548,True,False,True,False,True,5.038888383677179,0,0.9695692883895118,0.9541198501872652,False,False,False,False,0.003548354168375258,-0.01757509702721587,False,True,False,False,31583.0,29450.023033519712,False,False,False,False,976.7398867386567,False,True,False,False
2025-09-12 14:00:00+00:00,21.295,21.32,21.255,21.275,4247.0,,,,,,,,,21.31089390168677,21.274634856195693,,,,,,,21.28333333333333,21.240871964011937,21.254583707728955,21.275751269734048,21.075624934252637,20.99631308598959,20.78831632624399,,21.25653371344876,"rgba(38, 166, 154, 1.0)",0.0,0.0,0.1182058823859908,21.274497249165023,0.00425317949350305,0.0,0.0,0.0,0.0,0.0,0.0,0.0,0.0,59.15324068123597,6.996457651591548,True,False,True,False,False,0.9672059914995472,0,0.956197576887231,0.959459459459459,False,False,False,False,-0.07227616532135034,-0.0449256311742831,False,False,False,False,27336.0,29417.247482612427,False,False,False,False,1027.441593921003,False,False,False,False
2025-09-12 15:00:00+00:00,21.275,21.285,21.225,21.235,201.0,,,,,,,,,21.310101646505377,21.27453256712394,,,,,,,21.281751723621102,21.24091707018757,21.254556944947424,21.275648246811116,21.075810419939373,20.99644632656909,20.788489415830217,,21.256490828671783,"rgba(38, 166, 154, 1.0)",0.0,0.0,0.11807319458411958,21.274298987345954,-0.33283580989211586,0.0,0.0,0.0,0.0,0.0,0.0,0.0,0.0,55.147699910091376,11.63063813320074,True,False,True,False,False,0.0,0,0.948405253283301,0.9709193245778607,False,False,False,False,-0.10326880060979443,-0.07409721589203877,False,False,False,False,27135.0,29381.863800711457,False,False,False,False,1014.6285459532355,False,False,False,False
2025-09-12 16:00:00+00:00,21.235,21.275,21.215,21.255,400.0,,,,,,,,,21.308583251392985,21.274331355720676,,,,,,,21.278994430693068,21.241005230467472,21.254504361785273,21.27544551240421,21.07617836285372,20.996711063231608,20.788833485473727,,21.256406806574827,"rgba(38, 166, 154, 1.0)",0.0,0.0,0.11795395345284213,21.27392712153108,-0.1604619512702372,0.0,0.0,0.0,0.0,0.0,0.0,0.0,0.0,53.28930996691341,9.891439239151154,True,False,True,False,False,0.32313561544613734,0,0.9654178674351572,0.9682997118155615,False,False,False,False,-0.11284214851376703,-0.0934696822029029,False,False,False,False,27535.0,29353.230253413603,False,False,False,False,1005.0994212097744,False,False,False,False
2025-09-12 17:00:00+00:00,21.255,21.28,21.235,21.255,600.0,,,,,,,,,21.30673700015805,21.274130174819202,,,,,,,21.276535425844344,21.24127959940436,21.254531422731166,21.275238746260992,21.076753917889956,20.99712024345135,20.789357968014105,,21.256410760322893,"rgba(38, 166, 154, 1.0)",0.0,0.0,0.11753404720451177,21.273534417526584,-0.1576940296655862,0.0,0.0,0.0,0.0,0.0,0.0,0.0,0.0,52.05038333812809,8.588602373797023,True,False,False,False,False,0.32313561544613734,0,0.9614829080404418,0.9706307173808372,False,False,False,False,-0.10087847557097855,-0.09717407888694073,False,False,False,False,27535.0,29325.04063708161,False,False,False,False,998.8188100282275,False,False,False,False
2025-09-12 18:00:00+00:00,21.255,21.305,21.245,21.255,176.0,,,,,,,,,21.30634052870327,21.274110873581918,,,,,,,21.276278745851112,21.241417913338175,21.25458190458378,21.275216515148745,21.07693295456557,20.99724540964249,20.789515428582117,,21.256463734821136,"rgba(38, 166, 154, 1.0)",0.0,0.0,0.11683043846263504,21.273474406303073,-0.15813007762512762,0.0,0.0,0.0,0.0,0.0,0.0,0.0,0.0,51.22443225227122,7.5428150836950465,False,False,False,False,False,0.32313561544613734,0,0.9672289156626496,0.9633734939759031,False,False,False,False,-0.08417678602796501,-0.09067543245745287,False,False,False,False,27535.0,29297.288069064838,False,False,False,False,986.061929252596,False,False,False,False
2025-09-12 19:00:00+00:00,21.255,21.275,21.195,21.205,766.0,,,,,,,,,21.302842895101232,21.273409355089356,,,,,,,21.270131716223265,21.241060545783483,21.254118373052407,21.27452262409429,21.077532752323336,20.99770195947072,20.790137623662666,,21.255866830126063,"rgba(38, 166, 154, 1.0)",0.0,0.0,0.11559287050563277,21.27249396975691,-0.5838938808394865,0.0,0.0,0.0,0.0,0.0,0.0,0.0,0.0,48.34537172516662,4.5582301253270785,False,True,False,True,False,0.0,0,0.9576719576719566,0.9701779701779697,False,False,False,False,-0.12243613784993856,-0.10655578515369571,False,False,False,False,26769.0,29258.089804428175,False,False,False,False,982.6501163959666,False,False,False,False
2025-09-15 14:00:00+00:00,21.265,21.285,21.18,21.245,617.0,,,,,,,,,21.30062756587633,21.272991408871356,,,,,,,21.267184957899246,21.240984835790883,21.253900852490816,21.274105919503324,21.078050300541697,20.99808718098782,20.790650910816225,,21.255577848790878,"rgba(38, 166, 154, 1.0)",0.0,0.0,0.11371697124690701,21.271922458482994,-0.2367496969694843,0.0,0.0,0.0,0.0,0.0,0.0,0.0,0.0,48.57986084324927,4.500118183203021,False,True,False,False,False,0.008002542873207119,0,0.95172084130019,0.9722753346080301,False,False,False,False,-0.12483807538182552,-0.11569693026776062,False,False,False,False,27386.0,29229.065156297504,False,False,False,False,976.981122343316,False,False,False,False
2025-09-15 15:00:00+00:00,21.245,21.245,21.125,21.145,58.0,,,,,,,,,21.300223015486683,21.27288317986495,,,,,,,21.266400802075964,21.240872739270245,21.25380461393598,21.274000029703565,21.078078912654377,20.998113480772485,20.790692077844916,,21.255459295527622,"rgba(38, 166, 154, 1.0)",0.0,0.0,0.11180138438127665,21.27178977245482,-1.1340626339869728,0.0,0.0,0.0,0.0,0.0,0.0,0.0,0.0,44.80523141820711,0.6788767285346324,False,True,False,True,False,0.0,0,0.9438629876308269,0.981921979067554,False,False,False,False,-0.17078100527367987,-0.14323896777072026,False,False,False,False,27328.0,29199.591277905292,False,False,False,False,962.7333530046599,False,False,False,False
2025-09-15 16:00:00+00:00,21.145,21.165,21.125,21.135,0.0,,,,,,,,,21.300223015486683,21.27288317986495,,,,,,,21.266400802075964,21.240872739270245,21.25380461393598,21.274000029703565,21.078078912654377,20.998113480772485,20.790692077844916,,21.255459295527622,"rgba(38, 166, 154, 1.0)",0.0,0.0,0.1091923668256783,21.27178977245482,-1.2527411615978483,0.0,0.0,0.0,0.0,0.0,0.0,0.0,0.0,41.96175222466002,-2.145032057031635,False,True,False,True,False,0.0,0,0.9538683325324353,0.9870254685247473,False,False,False,False,-0.21002378412659248,-0.17663137594865636,False,False,False,False,27328.0,29170.574358867998,False,False,False,False,947.8072545084635,False,False,False,False
2025-09-15 17:00:00+00:00,21.135,21.165,21.1,21.145,80.0,,,,,,,,,21.299518372915433,21.272682787789634,,,,,,,21.264948215535338,21.240640822344627,21.253615834004844,21.27380450258054,21.07810360054288,20.998142430304906,20.790743630147166,,21.255228248889754,"rgba(38, 166, 154, 1.0)",0.0,0.0,0.11028309190615267,21.27154819486425,-1.1474850104124505,0.0,0.0,0.0,0.0,0.0,0.0,0.0,0.0,40.67734302678815,-3.524203902740922,False,True,False,True,False,0.0,0,0.9528619528619521,0.9797979797979794,False,False,False,False,-0.22241351021042,-0.19952244307953818,False,False,False,False,27408.0,29143.247624621985,False,False,False,False,934.3528784695725,False,False,False,False
2025-09-15 18:00:00+00:00,21.145,21.145,21.075,21.115,294.0,,,,,,,,,21.296590503454734,21.271816951384576,,,,,,,21.25889030783707,21.23959450883002,21.252780069692005,21.27296057290561,21.07815549536757,20.99822953420883,20.79091927051824,,21.254209393456605,"rgba(38, 166, 154, 1.0)",0.0,0.0,0.11176640698237708,21.270522077106857,-1.3914921424590594,0.0,0.0,0.0,0.0,0.0,0.0,0.0,0.0,38.69660562190488,-5.599453784570649,False,True,False,True,False,0.0,0,0.9480519480519471,0.9836459836459831,False,False,False,False,-0.24488822844381006,-0.22220533576167412,False,False,False,False,27114.0,29111.786421139474,False,False,False,False,924.424926865393,False,False,False,False
2025-09-15 19:00:00+00:00,21.115,21.12,21.055,21.08,300.0,,,,,,,,,21.29327801840352,21.270797467893917,,,,,,,21.252149502519703,21.23832525998905,21.2517780785922,21.271967543674283,21.078166277227897,20.998297416265952,20.791083413180537,,21.252992818226843,"rgba(239, 83, 80, 1.0)",0.0,0.0,0.11397158647023921,21.26933857077653,-1.6612787155153985,0.0,0.0,0.0,0.0,0.0,0.0,0.0,0.0,36.170921764926064,-8.161214864838293,False,True,False,True,False,0.0,0,0.9428982725527822,0.9865642994241839,False,False,False,False,-0.267608198202685,-0.24490676698217956,False,False,False,False,26814.0,29076.161825462892,False,False,False,False,914.7439202473248,False,False,False,False
2025-09-16 14:00:00+00:00,21.02,21.02,20.945,20.975,554.0,,,,,,,,,21.28447566397863,21.267896196513476,,,,,,20.98,21.23396901000844,21.234467164500995,21.2488134992518,21.269146552024843,21.07788154213722,20.998271020493195,20.79127793400356,,21.249415760012614,"rgba(239, 83, 80, 1.0)",0.0,0.0,0.11896903223381874,21.26605837520331,-2.4465053614227186,0.0,0.0,0.0,0.0,0.0,0.0,0.0,0.0,31.7903765700224,-12.353509497965874,False,True,False,True,False,0.0,0,0.9339353612167294,0.9900190114068438,False,False,False,False,-0.34282825441539394,-0.29386751069878675,False,False,False,False,26260.0,29032.500401812304,False,False,False,False,909.1509912512422,False,False,False,False
2025-09-16 15:00:00+00:00,20.975,21.01,20.945,20.995,16.0,,,,,,,,,21.284231490396795,21.26781422535888,,,,,,20.980093567251462,21.23348638023027,21.234358887990656,21.248729890034916,21.269066818937368,21.077873622490383,20.998270398164117,20.791283645104446,,21.249315104659225,"rgba(239, 83, 80, 1.0)",0.0,0.0,0.1227777968014097,21.26596706747062,-2.20697124830234,0.0,0.0,0.0,0.0,0.0,0.0,0.0,0.0,30.223901698378427,-13.87710108018922,False,True,False,True,False,0.0,0,0.9386298763082772,0.9900095147478588,False,False,False,False,-0.34282825441539394,-0.31834788255709034,False,False,False,False,26276.0,28989.763961474127,False,False,False,False,895.3036890613004,False,False,False,False
2025-09-16 16:00:00+00:00,20.995,21.015,20.935,20.975,260.0,,,,,,,,,21.280210073525733,21.26644995579768,,,,,,20.978497991967874,21.22564340452017,21.232554410846486,21.247336153323943,21.267739756540664,21.077733786433146,20.998254654710923,20.791372378006695,,21.247639149982767,"rgba(239, 83, 80, 1.0)",0.0,0.0,0.12659600921660405,21.2593203687233,-2.2458872952055837,0.0,0.0,0.0,0.0,0.0,0.0,0.0,0.0,28.67354081144795,-15.48094046205474,False,True,False,True,False,0.0,0,0.9438362684435974,0.9842931937172772,False,False,False,False,-0.34282825441539394,-0.3305880684862421,False,False,False,False,26016.0,28943.65909385437,False,False,False,False,885.4540194634507,False,False,False,False
2025-09-16 17:00:00+00:00,20.97,21.015,20.955,21.005,0.0,,,,,,,,,21.280210073525733,21.26644995579768,,,,,,20.978497991967874,21.22564340452017,21.232554410846486,21.247336153323943,21.267739756540664,21.077733786433146,20.998254654710923,20.791372378006695,,21.247639149982767,"rgba(239, 83, 80, 1.0)",0.0,0.0,0.12708353640517833,21.2593203687233,-2.001206260994005,0.0,0.0,0.0,0.0,0.0,0.0,0.0,0.0,29.783341916759163,-15.48094046205474,False,True,False,True,False,0.0,0,0.9457917261055625,0.9809795530194957,False,False,False,False,-0.3328182795863844,-0.3317031740363132,False,False,False,False,26016.0,28898.26903038376,False,False,False,False,871.7260501694436,False,False,False,False
2025-09-16 18:00:00+00:00,21.005,21.03,20.975,21.015,32.0,,,,,,,,,21.279772950478566,21.266301072187602,,,,,,20.979543696829083,21.224828702088907,21.23236114824519,21.247185428735463,21.267594831673787,21.077721899007006,20.998255355095434,20.791385175360887,,21.24745808678501,"rgba(239, 83, 80, 1.0)",0.0,0.0,0.12699354456184592,21.259331118962177,-1.9239648740033914,0.0,0.0,0.0,0.0,0.0,0.0,0.0,0.0,31.234489636999406,-15.48094046205474,False,True,False,True,True,0.0,0,0.9467680608365013,0.9805133079847904,False,False,False,False,-0.3154531111070683,-0.32357814257169076,False,False,False,False,26048.0,28854.078812858428,False,False,False,False,858.7070416396848,False,False,False,False
2025-09-16 19:00:00+00:00,21.015,21.025,20.94,20.985,1107.0,,,,,,,,,21.264243958609374,21.260800039805893,,,,,,20.981674284746912,21.19729106578767,21.225202463493382,21.24159026620438,21.26223889276577,21.07717886085905,20.998212498973054,20.7917790673533,,21.240766563680054,"rgba(239, 83, 80, 1.0)",0.0,0.0,0.12808580316722962,21.2536481198637,-2.0974074660948427,0.0,0.0,0.0,0.0,0.0,0.0,0.0,0.0,31.112172513850155,-15.48094046205474,False,True,False,True,True,0.0,0,0.9416785206258882,0.9838786154575627,False,False,False,False,-0.3353146780860062,-0.32944641032884847,False,False,False,False,24941.0,28793.41092428698,False,False,False,False,862.5565448700772,False,False,False,False
2025-09-17 14:00:00+00:00,21.17,21.23,21.145,21.215,2300.0,,,,,,,,21.19666666666667,21.25761081711619,21.25831018010567,,,,,,21.097505270555164,21.197171469020656,21.223594182655788,21.239694512228695,21.259768643637504,21.078590274282625,20.999389676204725,20.793498005244707,,21.23856132912998,"rgba(38, 166, 154, 1.0)",0.0,0.0,0.12482539156117141,21.257972244815825,-0.3442588425189628,0.0,0.0,0.0,0.0,0.0,0.0,0.0,0.0,41.45481761895131,-14.344613973707226,False,True,False,True,True,0.3033404402758819,0,0.9506976744186039,0.9669767441860465,False,False,False,False,-0.14075272657994786,-0.23509956845439817,False,False,False,False,27241.0,28769.342537863926,False,False,False,False,884.8424899108512,False,False,False,False
2025-09-17 15:00:00+00:00,21.215,21.225,21.175,21.225,3314.0,,,,,,,,21.2035536159601,21.25150502255789,21.255662622355086,,,,,,21.14594048090026,21.19958567201845,21.222447967424397,21.23789692766258,21.25712044474136,21.080761525306187,21.001160353467554,20.796020193810694,,21.23652974102091,"rgba(38, 166, 154, 1.0)",0.0,0.0,0.12238975550377444,21.25776093977171,-0.2676771404343453,0.0,0.0,0.0,0.0,0.0,0.0,0.0,0.0,48.623101238154845,-8.057341367415304,False,False,False,False,True,0.6288057910236979,0,0.9544609665427501,0.9665427509293678,False,False,False,False,-0.12936088278949295,-0.18223022562194557,False,False,False,False,30555.0,28797.027149679987,False,False,False,False,922.5038466564195,False,False,False,False
2025-09-17 16:00:00+00:00,21.225,21.225,21.125,21.125,0.0,,,,,,,,21.2035536159601,21.25150502255789,21.255662622355086,,,,,,21.14594048090026,21.19958567201845,21.222447967424397,21.23789692766258,21.25712044474136,21.080761525306187,21.001160353467554,20.796020193810694,,21.23652974102091,"rgba(38, 166, 154, 1.0)",0.0,0.0,0.11965140809652414,21.25776093977171,-1.109564374408454,0.0,0.0,0.0,0.0,0.0,0.0,0.0,0.0,49.2919854951963,-7.751974880118624,False,False,False,False,True,0.0,0,0.9463182897862225,0.9814726840855107,False,False,False,False,-0.15218098071336872,-0.16720560316765715,False,False,False,False,30555.0,28824.282542708203,False,False,False,False,908.20146143694,False,False,False,False
2025-09-17 17:00:00+00:00,21.125,21.17,21.11,21.17,0.0,,,,,,,,21.2035536159601,21.25150502255789,21.255662622355086,,,,,,21.14594048090026,21.19958567201845,21.222447967424397,21.23789692766258,21.25712044474136,21.080761525306187,21.001160353467554,20.796020193810694,,21.23652974102091,"rgba(38, 166, 154, 1.0)",0.0,0.0,0.11626441594243693,21.25776093977171,-0.7548392090591123,0.0,0.0,0.0,0.0,0.0,0.0,0.0,0.0,51.22231347654457,-5.96557265452924,True,False,True,False,True,0.0,0,0.9511260182079528,0.9798754192620986,False,False,False,False,-0.18440106997821815,-0.17580333657293765,False,False,False,False,30555.0,28851.115371503423,False,False,False,False,894.1208186239642,False,False,False,False
2025-09-17 18:00:00+00:00,21.255,21.395,20.945,21.07,6413.0,,,,,,,,21.167888362295944,21.229295113443307,21.24459808612441,,,,,,21.141691197484995,21.181021164021164,21.211562351590942,21.227789662151654,21.24620676744844,21.082515183679725,21.003346675992276,20.799981465061062,,21.225036580405106,"rgba(38, 166, 154, 1.0)",0.0,0.0,0.11380629979880522,21.247397507081917,-1.5587670225245238,0.0,0.0,0.0,0.0,0.0,0.0,0.0,0.0,49.13064490024575,-5.96557265452924,True,False,False,False,True,0.0,0,0.9376443418013847,0.9515011547344112,False,False,False,False,-0.15676318642207113,-0.1662832614975044,False,False,False,False,24142.0,28778.10583085996,False,False,False,False,979.6848369398717,False,False,False,False
2025-09-17 19:00:00+00:00,21.07,21.115,20.985,21.035,3587.0,,,,,,,,21.13965725203877,21.211304949291534,21.2347305566658,,,,,,21.121965819257234,21.161753021088384,21.200523437355653,21.21812148871228,21.236501808597907,21.08186831420129,21.00371921587597,20.801564841304742,,21.214147993278143,"rgba(38, 166, 154, 1.0)",0.0,0.0,0.11170754932679493,21.23569233866511,-1.79658706931252,0.0,0.0,0.0,0.0,0.0,0.0,0.0,0.0,46.72401496929214,-5.96557265452924,False,False,False,True,False,0.0,0,0.9395050412465619,0.9784601283226398,False,False,False,False,-0.2692011687544975,-0.21774221512600095,False,False,False,False,20555.0,28650.61581797841,False,False,False,False,1020.1083278400287,False,False,False,False
2025-09-18 14:00:00+00:00,21.07,21.185,21.06,21.075,2459.0,,,,,,,,21.13516857559158,21.204741869659482,21.230532664142764,,,,,,21.120088730332967,21.15687712225382,21.196444511210863,21.214221616673314,21.23234612414201,21.082158019260095,21.0043465677698,20.80291050777213,,21.209869133963647,"rgba(38, 166, 154, 1.0)",0.0,0.0,0.10849677206982417,21.231845680858793,-1.4456253201510394,0.0,0.0,0.0,0.0,0.0,0.0,0.0,0.0,46.66706533869076,-5.96557265452924,False,False,False,True,False,0.0,0,0.9477747502270655,0.9673024523160767,False,False,False,False,-0.20065010403306113,-0.20919615957953103,False,False,False,False,23014.0,28563.226425451616,False,False,False,False,1042.4167258580128,False,False,False,False
2025-09-18 15:00:00+00:00,21.075,21.135,21.025,21.115,1453.0,,,,,,,,21.131931441838233,21.200700887074294,21.227894048568704,,,,,,21.11816748080949,21.15363600602039,21.193821228568964,21.211739045574323,21.22973485864664,21.08222320782611,21.00465986453351,20.803661094016494,,21.20715250206946,"rgba(38, 166, 154, 1.0)",0.0,0.0,0.10436155102984644,21.229317383671365,-1.0953975151123687,0.0,0.0,0.0,0.0,0.0,0.0,0.0,0.0,48.098739363945505,-5.96557265452924,False,False,False,False,False,0.0,0,0.942186088527551,0.9747064137308039,False,False,False,False,-0.24056983588380218,-0.2248829977316666,False,False,False,False,24467.0,28499.719039010502,False,False,False,False,1048.782358015253,False,False,False,False
2025-09-18 16:00:00+00:00,21.115,21.205,21.105,21.185,878.0,,,,,,,,21.13335440763249,21.199946231381613,21.227180110411528,,,,,,21.120005363607916,21.153967355207225,21.193391696230034,21.211173853760666,21.22901682731787,21.082564711005016,21.005006738959565,20.804227765492925,,21.206575115576424,"rgba(38, 166, 154, 1.0)",0.0,0.0,0.09936791223530843,21.22895829608163,-0.44237918552152644,0.0,0.0,0.0,0.0,0.0,0.0,0.0,0.0,51.33696717900459,-5.047408731351659,True,False,True,False,True,0.0,0,0.9518181818181811,0.9763636363636369,False,False,False,False,-0.17054986972909753,-0.19771643373038206,False,False,False,False,25345.0,28450.808666312663,False,False,False,False,1046.1345695188927,False,False,False,False
2025-09-18 17:00:00+00:00,21.185,21.205,21.125,21.135,3538.0,,,,,,,,21.136553058780944,21.196418260342252,21.22402287197874,,,,,,21.12478368260584,21.154075928677564,21.191216713903696,21.20856379276381,21.22585011185683,21.08374922196133,21.00630300913317,20.806430536129717,,21.20387729102907,"rgba(38, 166, 154, 1.0)",0.0,0.0,0.09961493429781063,21.2268384257606,-0.9219343104321835,0.0,0.0,0.0,0.0,0.0,0.0,0.0,0.0,51.55058448031059,-4.506030182935817,True,False,True,False,True,0.0,0,0.9546279491833025,0.9655172413793108,False,False,False,False,-0.16135193108510892,-0.1795341824077455,False,False,False,False,21807.0,28347.803880788433,False,False,False,False,1084.7681420844913,False,False,False,False
2025-09-18 18:00:00+00:00,21.135,21.185,21.12,21.185,1500.0,,,,,,,,21.138131960275658,21.195352700362147,21.22291788553742,,,,,,21.126893218051144,21.154470981507824,21.190562696439457,21.207689999356052,21.224736326385184,21.08429718101253,21.006876270118063,20.807378240124446,,21.202997647183608,"rgba(38, 166, 154, 1.0)",0.0,0.0,0.09955432217179247,21.226126806645823,-0.4131092025804272,0.0,0.0,0.0,0.0,0.0,0.0,0.0,0.0,53.32536465086321,-2.456696244758305,True,False,True,False,True,0.0,1,0.9541950113378679,0.9673469387755106,False,False,False,False,-0.17285376786598147,-0.17619397513686347,False,False,False,False,23307.0,28269.651882636674,False,False,False,False,1091.2058453079874,False,False,False,False
2025-09-18 19:00:00+00:00,21.185,21.215,21.145,21.185,1968.0,,,,,,,,21.14125769183996,21.194797838298108,21.221955472834402,,,,,,21.130562306409338,21.15591289940191,21.190297107055628,21.207046713476448,21.223752596822308,21.085168892689904,21.00770946215984,20.808677669305755,,21.20240726156154,"rgba(38, 166, 154, 1.0)",0.0,0.0,0.09955432217179247,21.225707791833116,-0.40890029629122054,0.0,0.0,0.0,0.0,0.0,0.0,0.0,0.0,54.50855143123162,-0.9848312953219391,True,False,True,False,True,0.0,1,0.9552036199095015,0.9647058823529414,False,False,False,False,-0.14760510797295018,-0.16189954155490682,False,False,False,False,23307.0,28192.711543370988,False,False,False,False,1104.7995531326699,False,False,False,False
2025-09-19 14:00:00+00:00,21.115,21.135,21.045,21.05,505.0,,,,,,,,21.140089199355184,21.193581530640678,21.221090841955583,,,,,21.076666666666668,21.129651541516083,21.154849205716364,21.18943321189128,21.206224901603473,21.222895551606904,21.085149405358948,21.007793706857623,20.808916199157878,,21.201520527859234,"rgba(38, 166, 154, 1.0)",0.0,0.0,0.1009414244559348,21.22483528575298,-1.732046944010615,0.0,0.0,0.0,0.0,0.0,0.0,0.0,0.0,50.39815069627105,-0.9848312953219391,True,False,False,False,False,0.0,1,0.9460431654676251,0.9676258992805759,False,False,False,False,-0.231113564459868,-0.1965065530073874,False,False,False,False,22802.0,28109.13462021795,False,False,False,False,1095.500335254644,False,False,False,False
2025-09-19 15:00:00+00:00,21.055,21.06,20.995,21.035,3743.0,,,,,,,,21.1270730936888,21.18198301445981,21.21301809987096,,,,,21.03554770872568,21.118559391758605,21.1435522329127,21.180928380387737,21.198359388352955,21.214909708626905,21.08422816475656,21.00799298174951,20.81036515604646,,21.1930006104601,"rgba(38, 166, 154, 1.0)",0.0,0.0,0.10262105573956612,21.216441733212687,-1.7680750982834672,0.0,0.0,0.0,0.0,0.0,0.0,0.0,0.0,47.217951116588765,2.8200996700171004,False,False,False,True,False,0.0,1,0.9398833557649162,0.9735307312696281,False,False,False,False,-0.29095869380366124,-0.24373262340552432,False,False,False,False,19059.0,27968.822455563404,False,False,False,False,1136.5468416848043,False,False,False,False
2025-09-19 16:00:00+00:00,21.035,21.085,21.025,21.045,700.0,,,,,,,,21.125441827883883,21.180277621985418,21.211753321164753,,,,,21.037828078684996,21.117195307872326,21.142023209559582,21.17965157736793,21.19714505899095,21.213655522750642,21.084126759560796,21.00806615398485,20.810660552186157,,21.191699757625162,"rgba(38, 166, 154, 1.0)",0.0,0.0,0.10332098153447498,21.215175496426546,-1.6470565213297212,0.0,0.0,0.0,0.0,0.0,0.0,0.0,0.0,45.549874523688985,1.1601624522825418,False,False,False,True,False,0.0,1,0.949617633828159,0.9685110211426006,False,False,False,False,-0.2644004438931844,-0.2540665336493544,False,False,False,False,19759.0,27841.5383864849,False,False,False,False,1129.7786735966679,False,False,False,False
2025-09-19 17:00:00+00:00,21.045,21.085,21.035,21.045,1945.0,,,,,,,,21.121447735377856,21.17588211418779,21.208411966917275,,,,,21.042673485178206,21.113860231951183,21.138177349601992,21.176321805929426,21.193949070970035,21.21033940136406,21.08387688175125,21.008283632878136,20.811488847485382,,21.18829093908391,"rgba(38, 166, 154, 1.0)",0.0,0.0,0.10451682049214801,21.2118655687498,-1.5965427188089298,0.0,0.0,0.0,0.0,0.0,0.0,0.0,0.0,44.4378234617558,-0.05988582049532454,False,True,False,True,False,0.0,1,0.9494812810103735,0.9684258006314845,False,False,False,False,-0.2596116006252022,-0.25683906713727833,False,False,False,False,19759.0,27716.227713826218,False,False,False,False,1142.4177639285024,False,False,False,False
2025-09-19 18:00:00+00:00,21.045,21.055,21.005,21.045,1810.0,,,,,,,,21.11711493552645,21.171427635601365,21.205038990858558,,,,,21.04107759776323,21.110112082698734,21.134101685544476,21.17289396335308,21.19069147530837,21.20699400557981,21.083489762697617,21.008398342181458,20.812191728620075,,21.184814387864208,"rgba(38, 166, 154, 1.0)",0.0,0.0,0.1057385011746089,21.208489365771126,-1.5461668545986798,0.0,0.0,0.0,0.0,0.0,0.0,0.0,0.0,43.69645608713367,-1.0163263013057957,False,True,False,True,False,0.0,1,0.9459215863001341,0.9684542586750794,False,False,False,False,-0.2885282666868833,-0.2726836669120808,False,False,False,False,19759.0,27592.859842294027,False,False,False,False,1152.7678761156574,False,False,False,False
2025-09-19 19:00:00+00:00,21.045,21.105,21.035,21.065,3370.0,,,,,,,,21.112951270166906,21.16569592235146,21.200261253880356,,,,,21.048685634611672,21.10671551835054,21.129595996557637,21.16837594454132,21.18619409360936,21.202237231429084,21.08326950470826,21.00887367193187,20.81368273231803,,21.180095097261297,"rgba(38, 166, 154, 1.0)",0.0,0.0,0.10665267363181734,21.20391984346358,-1.302544406370474,0.0,0.0,0.0,0.0,0.0,0.0,0.0,0.0,44.38289718696904,-1.0163263013057957,False,True,False,True,False,0.0,1,0.950428120775123,0.9648490310950881,False,False,False,False,-0.2500685106753944,-0.2613760887937376,False,False,False,False,23129.0,27523.652712956133,False,False,False,False,1187.1435679588253,False,False,False,False
2025-09-22 14:00:00+00:00,20.98,20.995,20.89,20.925,2200.0,,,,,,,,21.103647090340584,21.157674520417103,21.194381383543224,,,,20.936666666666664,21.031419346551772,21.098145293075532,21.121336874809465,21.162019195597235,21.180346998842577,21.196420041950436,21.08189175854453,21.00850175669432,20.814148310409884,,21.173822491352187,"rgba(239, 83, 80, 1.0)",0.0,0.0,0.11066701942860564,21.197847798133573,-2.4654842928122216,0.0,0.0,0.0,0.0,0.0,0.0,0.0,0.0,39.87515530006063,-5.047127816053489,False,True,False,True,False,0.0,0,0.9362176628010696,0.9705619982158792,False,False,False,False,-0.34282825441539394,-0.30210217160456576,False,False,False,False,20929.0,27421.41003523588,False,False,False,False,1202.8467684555876,False,False,False,False
2025-09-22 15:00:00+00:00,20.925,20.965,20.905,20.905,67.0,,,,,,,,21.103360399201595,21.15742660856844,21.194198507830688,,,,20.9363218644317,21.030922129242217,21.097879945408934,21.1210812377732,21.16182133260237,21.18016490514762,21.196239100657035,21.08184686800703,21.008488660525828,20.814161089164337,,21.17362738213666,"rgba(239, 83, 80, 1.0)",0.0,0.0,0.11516842347530855,21.19765938181057,-2.5411425543505324,0.0,0.0,0.0,0.0,0.0,0.0,0.0,0.0,36.358544402263206,-8.36975228037715,False,True,False,True,False,0.0,0,0.940071556350625,0.9731663685152063,False,False,False,False,-0.34282825441539394,-0.3224652130099799,False,False,False,False,20862.0,27319.713755619818,False,False,False,False,1185.2367410376714,False,False,False,False
2025-09-22 16:00:00+00:00,20.915,20.95,20.885,20.945,400.0,,,,,,,,21.101683590351914,21.155967995111837,21.19311858557114,,,,20.934873765779276,21.02809294436907,21.09632765928511,21.119581646033403,21.16065516557359,21.179090225006107,21.19517046073953,21.081582240525677,21.00841211894432,20.814238465232933,,21.17247665365873,"rgba(239, 83, 80, 1.0)",0.0,0.0,0.11810752468581197,21.185495806391366,-2.036244574857775,0.0,0.0,0.0,0.0,0.0,0.0,0.0,0.0,36.38443948193377,-8.42798450801071,False,True,False,True,False,0.0,0,0.9337406015037586,1.0023496240601513,False,False,False,False,-0.34282825441539394,-0.33264673371268694,False,False,False,False,21262.0,27225.79571289703,False,False,False,False,1173.0625279983276,False,False,False,False
2025-09-22 17:00:00+00:00,20.945,20.95,20.915,20.915,6.0,,,,,,,,21.101658680456712,21.155946256267654,21.193102453102462,,,,20.934855343559043,21.02805167503052,21.096304589235125,21.119559328243103,21.160637761110774,21.17907417416464,21.195154495634686,21.08157827798382,21.008410971910724,20.814239625063763,,21.172459474360622,"rgba(239, 83, 80, 1.0)",0.0,0.0,0.12166013804534148,21.18547954940977,-2.2232388829689307,0.0,0.0,0.0,0.0,0.0,0.0,0.0,0.0,35.45131697705732,-9.529139279476382,False,True,False,True,False,0.0,0,0.9185991481306189,1.0080454330336026,False,False,False,False,-0.3289168371890272,-0.33078178545085707,False,False,False,False,21256.0,27133.240740604055,False,False,False,False,1154.9685353161829,False,False,False,False
2025-09-22 18:00:00+00:00,20.915,20.965,20.895,20.955,0.0,,,,,,,,21.101658680456712,21.155946256267654,21.193102453102462,,,,20.934855343559043,21.02805167503052,21.096304589235125,21.119559328243103,21.160637761110774,21.17907417416464,21.195154495634686,21.08157827798382,21.008410971910724,20.814239625063763,,21.172459474360622,"rgba(239, 83, 80, 1.0)",0.0,0.0,0.12382063458718001,21.18547954940977,-1.8613985478122794,0.0,0.0,0.0,0.0,0.0,0.0,0.0,0.0,37.15477738406145,-9.529139279476382,False,True,False,True,False,0.0,0,0.9109848484848473,1.008996212121213,False,False,False,False,-0.33119029787074156,-0.3309860416607993,False,False,False,False,21256.0,27042.120729121823,False,False,False,False,1137.062046396552,False,False,False,False
2025-09-22 19:00:00+00:00,20.955,20.995,20.945,20.955,1400.0,,,,,,,,21.097266124835457,21.151813731552487,21.189924874874382,,,,20.945216875358046,21.022584541062805,21.092266666666664,21.11549686467408,21.15730024980199,21.175944402092767,21.192005053318873,21.080886624005867,21.00826930473355,20.81460165062921,,21.169130649887496,"rgba(239, 83, 80, 1.0)",0.0,0.0,0.1260423924110739,21.183816347765667,-1.8153919755776182,0.0,0.0,0.0,0.0,0.0,0.0,0.0,0.0,38.29041765539753,-9.529139279476382,False,True,False,True,True,0.0,0,0.9147727272727264,1.0047348484848493,False,False,False,False,-0.29374377239307486,-0.3123649070269371,False,False,False,False,21256.0,26952.413430995904,False,False,False,False,1141.1386038167605,False,False,False,False
2025-09-23 14:00:00+00:00,21.185,21.195,21.055,21.135,1000.0,,,,,,,21.128333333333337,21.097963386898883,21.151456278163447,21.18931805567872,,,,20.981313161180104,21.028752089894635,21.09304187712699,21.11573342056121,21.156951523906987,21.175452343795765,21.19138873024939,21.081086846436246,21.00854852275537,20.815138853215988,,21.16866836258702,"rgba(239, 83, 80, 1.0)",0.0,0.0,0.12550323925335763,21.18089456667625,-0.36568431977760085,0.0,0.0,0.0,0.0,0.0,0.0,0.0,0.0,46.46389619149191,-8.767750689138865,False,False,False,False,True,0.0,0,0.9205020920502082,0.9841933984193404,False,False,False,False,-0.15566845009526956,-0.2340166785611033,False,False,False,False,22256.0,26879.600819662635,False,False,False,False,1138.9504084087484,False,False,False,False
2025-09-23 15:00:00+00:00,21.135,21.145,21.105,21.105,100.0,,,,,,,21.127424242424244,21.098009002149766,21.15140593015951,21.189248188138343,,,,20.98396191764933,21.0292715218988,21.093096121537084,21.11573820297746,21.156905088278325,21.175393372496803,21.191318083210046,21.08110255761307,21.008574048111175,20.815190760302002,,21.168611390929364,"rgba(239, 83, 80, 1.0)",0.0,0.0,0.12481005388017437,21.1809704280051,-0.6086883679902594,0.0,0.0,0.0,0.0,0.0,0.0,0.0,0.0,50.539780158497805,-5.223042386147881,True,False,True,False,True,0.0,0,0.923578751164957,0.992078285181734,False,False,False,False,-0.10954907817743445,-0.17178287836926887,False,False,False,False,22156.0,26806.366698427555,False,False,False,False,1122.8426501388453,False,False,False,False
2025-09-23 16:00:00+00:00,21.105,21.115,21.08,21.085,0.0,,,,,,,21.127424242424244,21.098009002149766,21.15140593015951,21.189248188138343,,,,20.98396191764933,21.0292715218988,21.093096121537084,21.11573820297746,21.156905088278325,21.175393372496803,21.191318083210046,21.08110255761307,21.008574048111175,20.815190760302002,,21.168611390929364,"rgba(239, 83, 80, 1.0)",0.0,0.0,0.12325235958863694,21.1809704280051,-0.7786498232196692,0.0,0.0,0.0,0.0,0.0,0.0,0.0,0.0,52.33986170921537,-3.712408513685787,True,False,True,False,True,0.0,0,0.9279279279279268,0.9914651493598868,False,False,False,False,-0.13928083679138445,-0.15553185758032667,False,False,False,False,22156.0,26734.267989924803,False,False,False,False,1105.434236958398,False,False,False,False
2025-09-23 17:00:00+00:00,21.085,21.095,21.02,21.025,109.0,,,,,,,21.12014336917563,21.097883986745597,21.151232681305682,21.18909538417169,,,,20.98525590054272,21.02938077403246,21.092987831842624,21.115599991433065,21.15676079368511,21.17524867310179,21.191165771492244,21.081086731961925,21.008583699433604,20.81523394765776,,21.168461131208083,"rgba(239, 83, 80, 1.0)",0.0,0.0,0.12346619335236453,21.18051556441427,-1.2595801343809279,0.0,0.0,0.0,0.0,0.0,0.0,0.0,0.0,50.99261443919058,-3.712408513685787,True,False,False,False,True,0.0,0,0.9214758751182583,0.9938505203405871,False,False,False,False,-0.18298304055910353,-0.1692574490697151,False,False,False,False,22047.0,26661.597168375578,False,False,False,False,1089.9856441373377,False,False,False,False
2025-09-23 18:00:00+00:00,21.02,21.045,20.985,21.005,76.0,,,,,,,21.113727626459145,21.097737858953487,21.151071903152307,21.18896290183134,,,,20.98563052133881,21.029303539670703,21.092855800042724,21.115455187079508,21.156628494301145,21.175120563867946,21.191034084985624,21.08106449460144,21.00858424396796,20.815259497913445,,21.168326537604294,"rgba(239, 83, 80, 1.0)",0.0,0.0,0.12250482615985003,21.18005930820919,-1.4289992786142718,0.0,0.0,0.0,0.0,0.0,0.0,0.0,0.0,49.30989683245077,-3.712408513685787,True,False,False,False,False,0.0,0,0.9168634860651856,0.9995276334435527,False,False,False,False,-0.23019111347802074,-0.19972428127386793,False,False,False,False,21971.0,26588.874731656575,False,False,False,False,1074.2649364762935,False,False,False,False
2025-09-23 19:00:00+00:00,21.005,21.055,20.985,21.015,1733.0,,,,,,,21.058950187762314,21.094783248164212,21.14767433216161,21.18610635612187,,,,20.993622902270484,21.028311504209285,21.090195325106947,21.11246467194959,21.153811650584338,21.172369799312268,21.188192549552035,21.08060960522424,21.0086233514421,20.81586002716594,,21.16544694191805,"rgba(239, 83, 80, 1.0)",0.0,0.0,0.12086501293333025,21.174633448093115,-1.3207581269293265,0.0,0.0,0.0,0.0,0.0,0.0,0.0,0.0,48.66882497723593,-3.712408513685787,True,False,False,False,False,0.0,0,0.9148635936030095,0.9990592662276581,False,False,False,False,-0.22222947907209967,-0.2109768801729838,False,False,False,False,23704.0,26544.147991630893,False,False,False,False,1084.4778831975914,False,False,False,False
2025-09-24 14:00:00+00:00,21.05,21.105,21.035,21.085,453.0,,,,,,,21.061044847786423,21.094592680800393,21.147191322251413,21.185622262832233,,,,20.99850941145281,21.02938964503577,21.09005483440825,21.11216553567757,21.1533942628445,21.171925291410542,21.187707805508296,21.080598992375283,21.008692878768255,20.816060187798072,,21.164995315359015,"rgba(239, 83, 80, 1.0)",0.0,0.0,0.11952771174040215,21.17455891778067,-0.7492732561899741,0.0,0.0,0.0,0.0,0.0,0.0,0.0,0.0,51.28647829242975,-3.712408513685787,True,False,False,False,False,0.0,0,0.9225352112676046,0.9920187793427235,False,False,False,False,-0.16582441304672343,-0.18840064660985362,False,False,False,False,24157.0,26507.13794524902,False,False,False,False,1074.687528419334,False,False,False,False
2025-09-24 15:00:00+00:00,21.085,21.1,21.035,21.045,0.0,,,,,,,21.061044847786423,21.094592680800393,21.147191322251413,21.185622262832233,,,,20.99850941145281,21.02938964503577,21.09005483440825,21.11216553567757,21.1533942628445,21.171925291410542,21.187707805508296,21.080598992375283,21.008692878768255,20.816060187798072,,21.164995315359015,"rgba(239, 83, 80, 1.0)",0.0,0.0,0.11705404157341834,21.17455891778067,-1.106829939736897,0.0,0.0,0.0,0.0,0.0,0.0,0.0,0.0,51.139796720027746,-3.712408513685787,True,False,False,False,False,0.0,0,0.9253871421867659,0.9887376818395122,False,False,False,False,-0.16861712249409302,-0.17850888455197333,False,False,False,False,24157.0,26470.701698035857,False,False,False,False,1058.0257062732978,False,False,False,False
2025-09-24 16:00:00+00:00,21.045,21.085,21.035,21.055,0.0,,,,,,,21.061044847786423,21.094592680800393,21.147191322251413,21.185622262832233,,,,20.99850941145281,21.02938964503577,21.09005483440825,21.11216553567757,21.1533942628445,21.171925291410542,21.187707805508296,21.080598992375283,21.008692878768255,20.816060187798072,,21.164995315359015,"rgba(239, 83, 80, 1.0)",0.0,0.0,0.11338267341465208,21.17455891778067,-1.0544725589899402,0.0,0.0,0.0,0.0,0.0,0.0,0.0,0.0,51.49200491992059,-3.6647214433397153,True,False,False,False,False,0.0,0,0.9338999055712928,0.986779981114259,False,False,False,False,-0.17701108845368735,-0.17775998650283034,False,False,False,False,24157.0,26434.83035388026,False,False,False,False,1041.6222069512312,False,False,False,False
2025-09-24 17:00:00+00:00,21.055,21.075,21.015,21.025,400.0,,,,,,,21.05869801084991,21.094118188654846,21.146556202200546,21.185057775222774,,,,21.0005146441759,21.029568366888146,21.089636002915213,21.11164863918789,21.152858697169993,21.17138893907459,21.187145083819935,21.080528502910944,21.00872026834722,20.816211682322884,,21.164439304814795,"rgba(239, 83, 80, 1.0)",0.0,0.0,0.11329893489645772,21.173980262294954,-1.3149308281768612,0.0,0.0,0.0,0.0,0.0,0.0,0.0,0.0,50.250866852377136,-3.6647214433397153,True,False,False,False,False,0.0,0,0.931196983977379,0.9820923656927433,False,False,False,False,-0.19387460901377415,-0.18581729775830225,False,False,False,False,23757.0,26393.3136042077,False,False,False,False,1031.674575835708,False,False,False,False
2025-09-24 18:00:00+00:00,21.025,21.055,21.005,21.045,189.0,,,,,,,21.057594827586207,21.093883533546148,21.14624951513742,21.184786532005862,,,,21.001316037542523,21.029619172523013,21.08942775032772,21.111395924918014,21.152600058055157,21.17113069656079,21.18687474734181,21.08049265369605,21.008731737561217,20.816282118543505,,21.164171384973702,"rgba(239, 83, 80, 1.0)",0.0,0.0,0.11311845023605552,21.1736948163051,-1.137699606355454,0.0,0.0,0.0,0.0,0.0,0.0,0.0,0.0,50.464881963253404,-3.6647214433397153,True,False,False,False,False,0.0,0,0.9283694627709697,0.986804901036758,False,False,False,False,-0.21084775438009026,-0.19833252606919627,False,False,False,False,23946.0,26355.370757630833,False,False,False,False,1018.6098537297281,False,False,False,False
2025-09-24 19:00:00+00:00,21.045,21.095,21.005,21.055,1558.0,,,,,,,21.055950812863415,21.09254595924676,21.144153533600743,21.182832078429165,,,,21.009410793519763,21.031197466764688,21.088277411701824,21.109815506719656,21.15080661777844,21.16929472825856,21.18492292629896,21.080306755026452,21.008885648502858,20.81690514212712,,21.16228396989308,"rgba(239, 83, 80, 1.0)",0.0,0.0,0.11291438197891762,21.172150600393838,-1.0375170845438593,0.0,0.0,0.0,0.0,0.0,0.0,0.0,0.0,51.140399131031295,-2.9741099669182844,True,False,False,False,False,0.0,1,0.9287722586691647,0.9812558575445177,False,False,False,False,-0.18824178419340995,-0.19328715513130312,False,False,False,False,25504.0,26342.1712110009,False,False,False,False,1026.972491656399,False,False,False,False
2025-09-25 14:00:00+00:00,20.95,20.985,20.915,20.945,591.0,,,,,,,21.045707306597947,21.090833316587965,21.14252116920792,21.181533312091574,,,20.94833333333333,21.005900116708812,21.029006784462833,21.08667871548047,21.108210812749764,21.14945104636322,21.16801405015954,21.18363443545465,21.07998469451658,21.008803420570906,20.81703696757912,,21.160931040017125,"rgba(239, 83, 80, 1.0)",0.0,0.0,0.11465970018655296,21.170100791893507,-1.9632075744770345,0.0,0.0,0.0,0.0,0.0,0.0,0.0,0.0,46.566366433405406,0.7491076061639177,True,False,False,True,False,0.0,0,0.9197215777262169,0.984222737819026,False,False,False,False,-0.3036960639198376,-0.24849160952557037,False,False,False,False,24913.0,26320.013517807085,False,False,False,False,1020.2132282198655,False,False,False,False
2025-09-25 15:00:00+00:00,20.945,20.955,20.895,20.925,871.0,,,,,,,21.03085758003766,21.087980784422154,21.13988126091481,21.179456322020723,,,20.934432284541725,20.999582175199496,21.025106418094662,21.08400174254665,21.105566363957756,21.147258025314567,21.165955830634953,21.181575082199007,21.07942928752656,21.008636037035927,20.817196325984177,,21.158752583986182,"rgba(239, 83, 80, 1.0)",0.0,0.0,0.11630218483855634,21.1668878292319,-2.0798218844097676,0.0,0.0,0.0,0.0,0.0,0.0,0.0,0.0,42.82505285702564,-2.7417157316104905,False,True,False,True,False,0.0,0,0.9211868335651356,0.9851645804357911,False,False,False,False,-0.33371159090408237,-0.29110160021482634,False,False,False,False,24042.0,26284.695478771315,False,False,False,False,1017.8998448366118,False,False,False,False
2025-09-25 16:00:00+00:00,20.925,20.95,20.895,20.915,192.0,,,,,,,21.02793064723139,21.08734624616353,21.139294584954612,21.178994086226048,,,20.932756952841597,20.998235345967387,21.02424466934267,21.08340533868717,21.104977809347606,21.146769610202572,21.165497487811123,21.181116769026268,21.079303444032405,21.008597029077357,20.81722976475651,,21.158267617405293,"rgba(239, 83, 80, 1.0)",0.0,0.0,0.11745008523856532,21.16620036986034,-2.1387840575007036,0.0,0.0,0.0,0.0,0.0,0.0,0.0,0.0,39.97433574918456,-5.324376632414591,False,True,False,True,False,0.0,0,0.9189944134078202,0.9920856610800748,False,False,False,False,-0.3367444712859214,-0.31392303575037384,False,False,False,False,23850.0,26246.94826204618,False,False,False,False,1005.095196079455,False,False,False,False
2025-09-25 17:00:00+00:00,20.91,20.935,20.86,20.86,2168.0,,,,,,,20.995105049435026,21.079068514604874,21.13185730538169,21.173196515037137,,,20.9056671899529,20.98006808258714,21.01244593397431,21.075579580945448,21.097372044314024,21.1405675828279,21.159716838246258,21.175371919808388,21.0775869293563,21.00798586734969,20.817477761836447,,21.152140426720173,"rgba(239, 83, 80, 1.0)",0.0,0.0,0.12023089648044882,21.157775187403253,-2.4766943948694236,0.0,0.0,0.0,0.0,0.0,0.0,0.0,0.0,36.272089747983664,-8.672893565727762,False,True,False,True,False,0.0,0,0.9122155132373422,0.9925685090571301,False,False,False,False,-0.34282825441539394,-0.32837564508288386,False,False,False,False,21682.0,26176.17387038655,False,False,False,False,1023.1247279231843,False,False,False,False
2025-09-25 18:00:00+00:00,20.86,20.905,20.835,20.89,856.0,,,,,,,20.98525819088319,21.07585125281636,21.128944108076396,21.17090553123638,,,20.90036055294285,20.973908181965808,21.008050387010563,21.0725293049808,21.094399674847914,21.138121754131436,21.1574322599909,21.173101224042753,21.076888547343103,21.00772998298038,20.817563157403885,,21.14972307366364,"rgba(239, 83, 80, 1.0)",0.0,0.0,0.12224856527475414,21.154703496099618,-2.165289183596512,0.0,0.0,0.0,0.0,0.0,0.0,0.0,0.0,35.89614641312987,-8.987056631099577,False,True,False,True,False,0.0,0,0.9090487238979108,0.9972157772621812,False,False,False,False,-0.34282825441539394,-0.33560194974913893,False,False,False,False,22538.0,26119.76807394645,False,False,False,False,1020.5336468701117,False,False,False,False
2025-09-25 19:00:00+00:00,20.885,20.885,20.815,20.84,582.0,,,,,,,20.9778432003432,21.073400846284798,21.126770042082427,21.169211222544458,,,20.894419518377692,20.96895503087865,21.004574760706532,21.070198718744273,21.092151840187917,21.136296690803327,21.155736173498266,21.17142271933468,21.076345747180437,21.007516881536358,20.81759167834115,,21.147925655684528,"rgba(239, 83, 80, 1.0)",0.0,0.0,0.1253535540522798,21.132998041918928,-2.337373233125328,0.0,0.0,0.0,0.0,0.0,0.0,0.0,0.0,33.98247773978948,-10.874490942868285,False,True,False,True,False,0.0,0,0.9049165120593683,1.0013914656771803,True,False,False,False,-0.34282825441539394,-0.33921510208226646,False,False,False,False,21956.0,26055.213530164332,False,False,False,False,1013.7346756008077,True,False,False,False
2025-09-26 14:00:00+00:00,21.055,21.06,20.925,20.935,725.0,,,,,,20.973333333333333,20.977561406532793,21.072085576847538,21.12531191971094,21.16794441669195,,,20.903978835978837,20.96915752317768,21.003758513820316,21.06896941954908,21.09082383954862,21.13503533757527,21.15450443359849,21.17016196713253,21.076044082620736,21.0074606335848,20.817781571094702,,21.146645187178404,"rgba(239, 83, 80, 1.0)",0.0,0.0,0.1253834479069447,21.13539030462143,-1.5982197647823133,0.0,0.0,0.0,0.0,0.0,0.0,0.0,0.0,38.126671552923064,-10.874490942868285,False,True,False,True,True,0.0,0,0.90580704160951,0.987197073616827,False,False,False,False,-0.1930289163291971,-0.2661220092057318,False,False,False,False,22681.0,26002.90014209977,False,False,False,False,1009.2581690023454,False,False,False,False
2025-09-26 15:00:00+00:00,20.935,20.985,20.915,20.925,201.0,,,,,,20.96645968322534,20.976950186377497,21.0716120544316,21.124829350346012,21.167539424592402,,,20.905203416316414,20.968809493817055,21.00331198568873,21.0685230860472,21.09036308169915,21.13462128072101,21.15410670955627,21.169759492783474,21.075935072552664,21.007430632592637,20.817823434440573,,21.146229249743413,"rgba(239, 83, 80, 1.0)",0.0,0.0,0.1257726391421498,21.135141850894477,-1.6708073578465015,0.0,0.0,0.0,0.0,0.0,0.0,0.0,0.0,40.47437986666405,-15.05848202139947,False,True,False,True,True,0.0,0,0.9005927952576369,0.996352029183767,False,False,False,False,-0.2300365223869596,-0.2480792657963457,False,False,False,False,22480.0,25948.28153524551,False,False,False,False,996.7270345992082,False,False,False,False
2025-09-26 16:00:00+00:00,20.925,21.035,20.915,21.035,0.0,,,,,,20.96645968322534,20.976950186377497,21.0716120544316,21.124829350346012,21.167539424592402,,,20.905203416316414,20.968809493817055,21.00331198568873,21.0685230860472,21.09036308169915,21.13462128072101,21.15410670955627,21.169759492783474,21.075935072552664,21.007430632592637,20.817823434440573,,21.146229249743413,"rgba(239, 83, 80, 1.0)",0.0,0.0,0.12519534286026243,21.135141850894477,-0.7998847928892316,0.0,0.0,0.0,0.0,0.0,0.0,0.0,0.0,46.59505346490674,-9.433740475903782,True,False,False,False,True,0.0,0,0.919870310328855,0.9907364520611396,False,False,False,False,-0.20281459771039065,-0.22544693175336816,False,False,False,False,22480.0,25894.50972849752,False,False,False,False,981.2739022798406,False,False,False,False
2025-09-26 17:00:00+00:00,21.035,21.035,20.995,21.005,1657.0,,,,,,20.995460059362497,20.981223658470146,21.069869951067226,21.12242995218536,21.16527300514801,,,20.927696034680604,20.972859587087946,21.003779567894977,21.066925908972745,21.08840879230673,21.13248850225768,21.151945721174396,21.167496732026148,21.07550812983683,21.00744649634695,20.81836193209729,,21.144015310985782,"rgba(239, 83, 80, 1.0)",0.0,0.0,0.12551827690763873,21.13604651985191,-1.0440433304254135,0.0,0.0,0.0,0.0,0.0,0.0,0.0,0.0,49.28220914307177,-7.091545121680916,True,False,False,False,True,0.0,0,0.9270784951230834,0.9790989317231772,False,False,False,False,-0.159851731289778,-0.1926493315215731,False,False,False,False,20823.0,25815.881670691357,False,False,False,False,991.750275887905,False,False,False,False
2025-09-26 18:00:00+00:00,21.005,21.035,20.975,21.035,800.0,,,,,,21.00008079613755,20.983118411518593,21.069110728678414,21.121341351167636,21.16422544150111,,,20.93577692930695,20.974698374604564,21.004074774448863,21.066231085315398,21.08753908428977,21.131512744914843,21.150949933345462,21.16645017300049,21.07531468256663,21.007460128922993,20.818625314137137,,21.1429985617464,"rgba(239, 83, 80, 1.0)",0.0,0.0,0.12557640077839996,21.13582978094416,-0.8029357452447666,0.0,0.0,0.0,0.0,0.0,0.0,0.0,0.0,52.192236865102764,-4.4383446085858935,True,False,True,False,True,0.0,0,0.9217230199166274,0.9791570171375639,False,False,False,False,-0.17053173957314413,-0.1815905355473586,False,False,False,False,21623.0,25750.875753316297,False,False,False,False,988.7774033935189,False,False,False,False
2025-09-26 19:00:00+00:00,21.035,21.06,20.995,21.04,2405.0,,,,,,21.01320519465561,20.990124204968197,21.067615378654533,21.118690373757495,21.1615044595229,,,20.95665082669563,20.981304707716543,21.006097159575763,21.064894438101973,21.085617546117547,21.12908058259311,21.148398221036253,21.163725614624923,21.07489916982007,21.00759075722456,20.81947971626901,,21.140421955342568,"rgba(239, 83, 80, 1.0)",0.0,0.0,0.1255977419893278,21.125269182246473,-0.6789069683571191,0.0,0.0,0.0,0.0,0.0,0.0,0.0,0.0,54.323810887221576,-2.4190741434504446,True,False,True,False,True,0.0,0,0.9264229523368805,0.9763998149005091,False,False,False,False,-0.14655209584575501,-0.1640713156965568,False,False,False,False,24028.0,25724.164501326897,False,False,False,False,1010.7343428757899,False,False,False,False
2025-09-29 14:00:00+00:00,20.91,20.955,20.88,20.91,910.0,,,,,,20.999862894396337,20.98623463814292,21.06534357346943,21.116437161658407,21.159604658056324,,20.915,20.953481212019845,20.97851763745824,21.003638870766856,21.062732761762884,21.08342581874647,21.127125430294765,21.146524198173562,21.1618376360679,21.07432527693856,21.007402082955455,20.81962444734532,,21.138465074201623,"rgba(239, 83, 80, 1.0)",0.0,0.0,0.1271712330778767,21.12118719874632,-1.6606522846011371,0.0,0.0,0.0,0.0,0.0,0.0,0.0,0.0,50.16184843608947,-2.4190741434504446,True,False,False,False,False,0.0,0,0.9133425034387891,0.9816597890875746,False,False,False,False,-0.2659395283303187,-0.21500542201343775,False,False,False,False,23118.0,25683.758850143535,False,False,False,False,1009.1725701180256,False,False,False,False
2025-09-29 15:00:00+00:00,20.905,20.925,20.885,20.895,810.0,,,,,,20.989269001953474,20.982508974219513,21.063203211606556,21.114343075651433,21.15784724733987,,20.90872093023256,20.9501941050543,20.975745951882693,21.00124695934206,21.060691430270218,21.081371039776695,21.12530741356483,21.144786631039477,21.1600915945151,21.073775443341866,21.007210647604865,20.819734947244967,,21.136649358968292,"rgba(239, 83, 80, 1.0)",0.0,0.0,0.1285939905844738,21.117961526484887,-1.7338409475551917,0.0,0.0,0.0,0.0,0.0,0.0,0.0,0.0,46.88819205598418,4.038095516008937,True,False,False,True,False,0.0,0,0.9091326296466267,0.9880679210647086,False,False,False,False,-0.2799239084895373,-0.24746466525148753,False,False,False,False,22308.0,25631.42150362968,False,False,False,False,1006.0846232944904,False,False,False,False
2025-09-29 16:00:00+00:00,20.895,20.915,20.88,20.895,552.0,,,,,,20.982927005789907,20.980006864505228,21.061732219626418,21.112906233308628,21.156640153386306,,20.905792253521128,20.94797585085085,20.973848956296266,20.99960152776194,21.05928687774382,21.07995893465555,21.124057849766846,21.143592508958392,21.15889230248996,21.073391916560734,21.007074423079924,20.819805495380557,,21.135401862088667,"rgba(239, 83, 80, 1.0)",0.0,0.0,0.13010245442986132,21.115949698310448,-1.6982746350074693,0.0,0.0,0.0,0.0,0.0,0.0,0.0,0.0,44.70575446924731,1.9086500673028794,False,False,False,True,False,0.0,0,0.9046511627906973,1.0018604651162797,False,False,False,False,-0.28794044958700404,-0.26770255741924576,False,False,False,False,22308.0,25579.895588844724,False,False,False,False,999.044551615506,False,False,False,False
2025-09-29 17:00:00+00:00,20.895,20.935,20.875,20.935,1200.0,,,,,,20.974124370050397,20.97613318105075,21.05896777299798,21.110106531802362,21.154236511186454,,20.90897465437788,20.94525057392103,20.9709321520521,20.996803549774004,21.056650015990737,21.07726213182202,21.121603230824935,21.14122565726465,21.156502119284266,21.072649767545972,21.0068284206003,20.81999489069571,,21.132939019204326,"rgba(239, 83, 80, 1.0)",0.0,0.0,0.1280041525228334,21.112651288119302,-1.3878556641950663,0.0,0.0,0.0,0.0,0.0,0.0,0.0,0.0,45.39358614288922,1.9086500673028794,False,False,False,True,False,0.0,0,0.9041860465116277,0.9944186046511633,False,False,False,False,-0.27943379234383614,-0.27356817488154095,False,False,False,False,23508.0,25547.77317661457,False,False,False,False,1002.1601399625523,False,False,False,False
2025-09-29 18:00:00+00:00,20.935,20.98,20.93,20.955,18.0,,,,,,20.97408726737084,20.97611430839452,21.058938399882805,21.1100736253202,21.154206787949114,,20.909212034383952,20.94526264502224,20.970920315874917,20.996782821883087,21.05662215861512,21.077232157450286,21.121573893818304,21.141196738989784,21.15647250234761,21.07264149936619,21.00682634357251,20.819998919589857,,21.132909198965926,"rgba(239, 83, 80, 1.0)",0.0,0.0,0.12592211234888143,21.112623603986794,-1.2517547636913982,0.0,0.0,0.0,0.0,0.0,0.0,0.0,0.0,46.866126792424986,1.9086500673028794,False,False,False,True,False,0.0,0,0.9065985130111524,0.9911710037174726,False,False,False,False,-0.2236561273702112,-0.2486121511258761,False,False,False,False,23526.0,25516.427856046903,False,False,False,False,986.9018432189469,False,False,False,False
2025-09-29 19:00:00+00:00,20.955,20.975,20.915,20.95,900.0,,,,,,20.971662572869587,20.974855623100304,21.057374533110462,21.108358446849543,21.152670149315128,,20.916890660592255,20.945344496264628,20.970051666732996,20.995570399440886,21.05513584956669,21.07565103606028,21.12004737153442,21.139697983991788,21.154941879787625,21.07220038699067,21.00670603945722,20.820187642299576,,21.131361577121826,"rgba(239, 83, 80, 1.0)",0.0,0.0,0.12343390104810781,21.111081190406587,-1.304999591188542,0.0,0.0,0.0,0.0,0.0,0.0,0.0,0.0,47.585178443770914,1.9086500673028794,True,False,False,True,False,0.0,0,0.905292479108635,0.9925719591457755,False,False,False,False,-0.2338516364374261,-0.2412318937816511,False,False,False,False,22626.0,25471.615021069432,False,False,False,False,985.5545278202035,False,False,False,False
2025-09-30 14:00:00+00:00,21.0,21.02,20.875,20.885,500.0,,,,,,20.969555628394833,20.97373786107503,21.05637081746324,21.107305087890175,21.15174432291454,,20.917890252215404,20.944758543522816,20.96920526226801,20.994656605308293,21.054178281977507,21.074655417446316,21.119114256119264,21.138790038216207,21.1540204120077,21.07191782577292,21.006617216763544,20.82027570466528,,21.130420944118182,"rgba(239, 83, 80, 1.0)",0.0,0.0,0.1206596732830947,21.110019144719637,-1.8649076248672543,0.0,0.0,0.0,0.0,0.0,0.0,0.0,0.0,44.99441549701939,1.1721445090767801,False,False,False,True,False,0.0,0,0.9051128512206355,0.9866421004145558,False,False,False,False,-0.23106638897414594,-0.23614914137789852,False,False,False,False,22126.0,25419.745020742776,False,False,False,False,978.0265506446965,False,False,False,False
2025-09-30 15:00:00+00:00,20.885,20.895,20.855,20.885,73.0,,,,,,20.96893622298701,20.973415861420623,21.056171435146123,21.107111441933036,21.151580895999828,,20.917308415608836,20.944455686715383,20.968947163644856,20.99443181116258,21.053987129086376,21.07446405761108,21.118944747687113,21.13862806817279,21.153858031166124,21.07186296660053,21.006596435360862,20.820282714148448,,21.130251928728878,"rgba(239, 83, 80, 1.0)",0.0,0.0,0.11783225976560117,21.092361760823497,-1.7598046683988884,0.0,0.0,0.0,0.0,0.0,0.0,0.0,0.0,43.26724019918504,-0.7750705164046323,False,True,False,True,False,0.0,0,0.90184331797235,0.9981566820276502,False,False,False,False,-0.3134803741875558,-0.2748147577827272,False,False,False,False,22126.0,25368.679206467696,False,False,False,False,963.9951312548562,False,False,False,False
2025-09-30 16:00:00+00:00,20.885,20.95,20.875,20.915,51.0,,,,,,20.968673702400793,20.973274523370232,21.056059767612975,21.106997016641973,21.15148144662067,,20.917267982980984,20.944356867139835,20.968837028695688,20.994322467791108,21.053880390843933,21.074354406846002,21.118843671180947,21.138530229878214,21.153759096909138,21.07183158677792,21.006585881514123,20.82029056210621,,21.130150370417972,"rgba(239, 83, 80, 1.0)",0.0,0.0,0.11162828438124824,21.092965172189075,-1.5942659441156037,0.0,0.0,0.0,0.0,0.0,0.0,0.0,0.0,44.09981589154556,-0.7750705164046323,False,True,False,True,False,0.0,0,0.9011441647597251,0.9922196796338678,False,False,False,False,-0.2704032393400898,-0.2726089985614085,False,False,False,False,22177.0,25319.195807917808,False,False,False,False,949.8401679795871,False,False,False,False
2025-09-30 17:00:00+00:00,20.915,20.925,20.875,20.905,1110.0,,,,,,20.96242976270428,20.969786821705426,21.05347669791698,21.10439159941167,21.1492323051259,,20.914440180709775,20.941597367808058,20.966061497226672,20.991681006437908,21.051407182414792,21.07183404773801,21.116544625117236,21.136312424960714,21.151522287681495,21.07110163214303,21.006328106727814,20.820439666556624,,21.127845621177563,"rgba(239, 83, 80, 1.0)",0.0,0.0,0.1093474913928118,21.090657645103143,-1.6978683528842815,0.0,0.0,0.0,0.0,0.0,0.0,0.0,0.0,44.10936732430078,-0.7750705164046323,False,True,False,True,False,0.0,0,0.9015945330296125,0.9945330296127567,False,False,False,False,-0.28464646021245327,-0.2786277293869309,False,False,False,False,21067.0,25253.27029151598,False,False,False,False,952.3232661504462,False,False,False,False
2025-09-30 18:00:00+00:00,20.905,20.965,20.905,20.955,4171.0,,,,,,20.95704501647703,20.96543649468986,21.046863262286635,21.09698589182643,21.142439928866576,,20.925470940586045,20.941610910681096,20.962782808102943,20.986841657580744,21.04509247762786,21.065066479692533,21.10985433138274,21.129696816601488,21.14475112812976,21.069048343481736,21.005736603781305,20.821268620420756,,21.121046402012635,"rgba(239, 83, 80, 1.0)",0.0,0.0,0.10726060711120919,21.086370683698213,-1.2247803479427268,0.0,0.0,0.0,0.0,0.0,0.0,0.0,0.0,47.23447554271888,-0.7750705164046323,True,False,False,True,True,0.0,0,0.9048482102401448,0.9909379247847763,False,False,False,False,-0.24502881240295435,-0.26182827089494265,False,False,False,False,25238.0,25253.033542810306,False,False,False,False,1002.2252310163307,False,False,False,False
2025-09-30 19:00:00+00:00,20.955,21.075,20.955,21.065,1950.0,,,,,,20.965114235013587,20.96990361223525,21.04645434013643,21.095625060096804,21.140770754449687,,20.94238246903498,20.94915003076747,20.966855192416528,20.988781617358747,21.044740761638632,21.064273907311634,21.108480467248185,21.128163498302193,21.143070632017483,21.068773147186835,21.005847025920552,20.82193909290034,,21.11954599323933,"rgba(239, 83, 80, 1.0)",0.0,0.0,0.10415481374018527,21.08800224327242,-0.22084666513636403,0.0,0.0,0.0,0.0,0.0,0.0,0.0,0.0,53.8611493210594,-1.5779554323944822,True,False,True,False,True,0.34039137283387433,0,0.9103541012998652,0.9811743612729723,False,False,False,False,-0.15703832900072218,-0.2094332999478324,False,False,False,False,27188.0,25283.033022766736,False,False,False,False,1016.9194134811937,False,False,False,False
2025-10-01 14:00:00+00:00,21.105,21.155,21.105,21.115,1358.0,,,,,21.125,20.976311433139088,20.97686191593159,21.047899175979232,21.096045157281722,21.14060697826176,,20.960613345095446,20.95883743729125,20.973108778366626,20.992767065244706,21.046178765249667,21.065261134322167,21.10868017103757,21.128129410395584,21.1428855340504,21.069059942382584,21.006199345337887,20.822610168726907,,21.119609016904928,"rgba(38, 166, 154, 1.0)",0.0,0.0,0.10129899548620427,21.091335297934943,0.23361240604086703,0.0,0.0,0.0,0.0,0.0,0.0,0.0,0.0,59.707397973046,3.6739961125432714,True,False,True,False,True,2.0616551012684674,0,0.9208537127612271,0.9759893285904853,False,False,False,False,-0.034333531641293366,-0.12188341579456288,False,False,False,False,28546.0,25333.621658072676,False,False,False,False,1022.2074845900124,False,False,False,False
2025-10-01 15:00:00+00:00,21.115,21.17,21.105,21.155,1581.0,,,,,21.134862198026543,20.988902584398247,20.98512537938252,21.049900096367224,21.096819594356635,21.140639546451684,,20.97963865472427,20.96995698637796,20.980600497360093,20.997726755007356,21.048163920301562,21.06671133225243,21.109161114281125,21.12831777800417,21.142890811151947,21.069498394444018,21.00666979855383,20.82343484966768,,21.119923944103466,"rgba(38, 166, 154, 1.0)",0.0,0.0,0.09891414969071229,21.095047940941903,0.6061019504849191,0.0,0.0,0.0,0.0,0.0,0.0,0.0,0.0,64.60561807369928,7.943380129040072,True,False,True,False,True,3.4090160349119785,0,0.9213085764809902,0.9748010610079582,False,False,False,False,0.01500106241052479,-0.053441176692019046,False,False,False,False,30127.0,25407.937601358368,False,False,False,False,1030.87093444133,False,False,False,False
2025-10-01 16:00:00+00:00,21.155,21.155,21.07,21.075,800.0,,,,,21.12740304894357,20.992984796986956,20.987940071465033,21.05042603819472,21.09684573342375,21.140395371601244,,20.985662746079413,20.9738055514452,20.983201581207055,20.99940350301937,21.04869438226202,21.06702130424999,21.109097226459784,21.128141355616307,21.142636566167013,21.06958923386195,21.006831531467128,20.823794223543302,,21.119791008137273,"rgba(38, 166, 154, 1.0)",0.0,0.0,0.096882812094339,21.096019810642524,-0.21696119454146995,0.0,0.0,0.0,0.0,0.0,0.0,0.0,0.0,63.13271700832236,7.943380129040072,True,False,True,False,True,0.5604486675406051,0,0.9299506061966769,0.975752132914235,False,False,False,False,-0.015001182437504727,-0.03422117956476189,False,False,False,False,29327.0,25468.69825870165,False,False,False,False,1027.2915401089062,False,False,False,False
2025-10-01 17:00:00+00:00,21.08,21.145,21.075,21.135,101.0,,,,,21.12716449652778,20.993563602005516,20.98834218802479,21.050515920339333,21.096868006308227,21.140378649155725,,20.986495803543672,20.97434354230396,20.983572217394453,20.99964916048019,21.04878423782513,21.06708155554264,21.109105351170577,21.128133647186996,21.14261839182586,21.069607554551613,21.00685592049411,20.823842535226063,,21.119789781281426,"rgba(38, 166, 154, 1.0)",0.0,0.0,0.09432037602427758,21.096170584491656,0.4116757920722373,0.0,0.0,0.0,0.0,0.0,0.0,0.0,0.0,63.993147406270175,7.943380129040072,True,False,True,False,True,2.5741239340555744,0,0.9349775784753361,0.9641255605381173,False,False,False,False,-0.01800200112364983,-0.02611159034420586,False,False,False,False,29428.0,25530.082781822555,False,False,False,False,1012.930430959931,False,False,False,False
2025-10-01 18:00:00+00:00,21.135,21.225,21.135,21.205,281.0,,,,,21.131335436382756,20.996034049532064,20.99004349317833,21.051021569958742,21.09713102060309,21.140479564046306,,20.989961301886023,20.976536988400085,20.98512289448861,21.00072728998061,21.049283407801553,21.06747637974723,21.109298779869743,21.12826499263666,21.142713306881635,21.069731575725573,21.00696629172952,20.824008793231634,,21.11994990979607,"rgba(38, 166, 154, 1.0)",0.0,0.0,0.09560226353397984,21.09694745074652,1.130230030746855,0.0,0.0,0.0,0.0,0.0,0.0,0.0,0.0,66.32822208659368,9.443829645861015,True,False,True,False,True,4.833740389733482,0,0.9423849933005806,0.9544439481911575,False,False,False,False,0.06609601093348304,0.019992210294638588,False,False,False,False,29709.0,25594.872196057862,False,False,False,False,1001.5826723403972,False,False,False,False
2025-10-01 19:00:00+00:00,21.205,21.235,21.165,21.175,905.0,,,,,21.14219889905823,21.003712071931425,20.99542019035271,21.05266409008986,21.097998495986488,21.140824146805922,,21.00053065832899,20.983411961345148,20.990040603349996,21.00417756524169,21.050905023784953,21.06876526645337,21.10994138032104,21.128707400382442,21.14303847452403,21.07014042491178,21.007327363491434,20.824548110831785,,21.120485471608855,"rgba(38, 166, 154, 1.0)",0.0,0.0,0.09633149410646795,21.09936670068255,0.7851357442235937,0.0,0.0,0.0,0.0,0.0,0.0,0.0,0.0,66.24793774038079,9.663281758248651,True,False,True,False,True,3.7591593275408357,0,0.942410714285714,0.958035714285715,False,False,False,False,0.09024411086892807,0.05511816058178333,False,False,False,False,28804.0,25644.626115498824,False,False,False,False,1000.0852665676778,False,False,False,False
2025-10-02 14:00:00+00:00,21.235,21.245,21.075,21.135,1560.0,,,,,21.14444149205385,21.013087317383594,21.00228681297011,21.054617766983334,21.0988341734458,21.14094852054473,,21.013051085975253,20.992196637549224,20.996412517900765,21.008632825358706,21.052845091456643,21.070222282308674,21.110495057926894,21.12898027518743,21.143136147918096,21.070608919930095,21.00781212190364,20.82537317012311,,21.120881752316404,"rgba(38, 166, 154, 1.0)",0.0,0.0,0.09617106567934872,21.102050514179915,0.34261329628961495,0.0,0.0,0.0,0.0,0.0,0.0,0.0,0.0,64.12361955505631,9.663281758248651,True,False,True,False,True,2.3427621775793916,0,0.9350132625994692,0.9571175950486301,False,False,False,False,0.04202465441535372,0.048571407498568524,False,False,False,False,27244.0,25669.422609832174,False,False,False,False,1008.7661151480238,False,False,False,False
2025-10-02 15:00:00+00:00,21.135,21.14,21.08,21.125,1910.0,,,,,21.137822700878843,21.0204246924749,21.008041944021173,21.05604224563484,21.09913660479619,21.140589133177677,,21.022439371293572,20.999575115081736,21.001873031179684,21.012426474707294,21.054276575989967,21.071165532529697,21.11056707847865,21.12877975609391,21.142751510206423,21.070919066588132,21.008251069878728,20.826264807916832,,21.120791632573393,"rgba(38, 166, 154, 1.0)",0.0,0.0,0.09630343374656523,21.103774532916653,0.22040197589636218,0.0,0.0,0.0,0.0,0.0,0.0,0.0,0.0,62.19333558661036,9.663281758248651,True,False,True,False,False,1.9895548426245497,0,0.9333925399644757,0.9724689165186509,False,False,False,False,-0.01800200112364983,0.015284703187459347,False,False,False,False,25334.0,25664.22225929214,False,False,False,False,1022.7387335178219,False,False,False,False
2025-10-02 16:00:00+00:00,21.125,21.155,21.105,21.135,949.0,,,,,21.13720416446091,21.02426662542155,21.011100653526608,21.056918400234398,21.099436195541067,21.140528152869308,,21.02721838020593,21.003404148084794,21.004776096537746,21.01450270938069,21.055152140135032,21.071792203303502,21.11073335769233,21.12880018392177,21.142676726027567,21.07112921609082,21.0085016735957,20.82673124213427,,21.120873796842538,"rgba(38, 166, 154, 1.0)",0.0,0.0,0.09692910941652132,21.10477678811973,0.3118073823457755,0.0,0.0,0.0,0.0,0.0,0.0,0.0,0.0,61.29760855427031,9.663281758248651,True,False,True,False,False,2.3282038867462376,0,0.9366636931311328,0.9701159678858171,False,False,False,False,0.00600001090846105,0.010642357047960198,False,False,False,False,26283.0,25673.815712636446,False,False,False,False,1021.5954973392509,False,False,False,False
2025-10-02 17:00:00+00:00,21.135,21.165,21.115,21.165,800.0,,,,,21.138073206442165,21.027776540066483,21.013904467599684,21.057802576006708,21.09981289241555,21.14057286408173,,21.03152660441678,21.006861222096326,21.00743278046373,21.016438706255343,21.056032443326522,21.072454753660825,21.11098149935518,21.128916008845085,21.142708714758662,21.071353707028774,21.00874062191387,20.827144767902244,,21.121047581753125,"rgba(38, 166, 154, 1.0)",0.0,0.0,0.09804057810408187,21.10577040244099,0.6041334996630796,0.0,0.0,0.0,0.0,0.0,0.0,0.0,0.0,61.87199663491856,9.663281758248651,True,False,True,False,False,3.3456296272144996,0,0.9409131602506711,0.9659803043867512,False,False,False,False,0.018001881084779285,0.01432211906636974,False,False,False,False,27083.0,25695.663531045182,False,False,False,False,1018.159908233216,False,False,False,False
2025-10-02 18:00:00+00:00,21.165,21.205,21.145,21.155,1128.0,,,,,21.1410744746329,21.03316823097327,21.018228659848408,21.05928967875318,21.1005491940708,21.14079529015104,,21.038060518813335,21.01211537721879,21.01152448692803,21.01947498375568,21.057508691784466,21.07361085574607,21.111510256179734,21.129242837436212,21.142911421551787,21.07174969412207,21.009124227992224,20.827762230450908,,21.121465806772,"rgba(38, 166, 154, 1.0)",0.0,0.0,0.09902511284013026,21.107415094920988,0.48053371224969915,0.0,0.0,0.0,0.0,0.0,0.0,0.0,0.0,61.5927470596001,9.663281758248651,True,False,True,False,False,2.9743158450968714,0,0.9461883408071747,0.958744394618835,False,False,False,False,0.060072084755755796,0.03719710191106277,False,False,False,False,25955.0,25699.684251494094,False,False,False,False,1019.8628553923909,False,False,False,False
2025-10-02 19:00:00+00:00,21.155,21.165,21.105,21.13,1172.0,,,,,21.140351268765777,21.03700738003357,21.021482776920106,21.06031046597343,21.100911183549393,21.140733683209472,,21.042564743848327,21.01607953382815,21.014660070138444,21.02179160445817,21.05853036870121,21.07434982052365,21.111717319322228,21.129277775753387,21.142833339129833,21.072009857283255,21.00943365706111,20.82833572737881,,21.12157387192098,"rgba(38, 166, 154, 1.0)",0.0,0.0,0.09945287262769921,21.108419541196547,0.2169918096206079,0.0,0.0,0.0,0.0,0.0,0.0,0.0,0.0,59.749800375602675,9.663281758248651,True,False,True,False,False,2.0428380641589037,0,0.9424460431654675,0.9631294964028786,False,False,False,False,0.012000513859006958,0.024598807885034865,False,False,False,False,24783.0,25685.4720925562,False,False,False,False,1022.2215708126638,False,False,False,False
2025-10-03 14:00:00+00:00,21.325,21.415,21.305,21.375,2200.0,,,,21.365,21.17386956030293,21.05902165070067,21.038793980208904,21.067996529529577,21.10627368997514,21.144156290104405,,21.068846980363094,21.036260011917907,21.030808488200744,21.034417578007417,21.06609064711093,21.080947327692943,21.116149529513773,21.13299752537389,21.14618185866475,21.07431500170465,21.011088654140316,20.83021976353167,,21.125664848582076,"rgba(38, 166, 154, 1.0)",0.0,0.0,0.10692773513250835,21.11704003707967,2.412470091138273,0.0,0.0,0.0,0.0,0.0,0.0,0.0,0.0,65.44960890767754,10.498583895192944,True,False,True,False,True,9.82822939523712,0,0.9443216968625715,0.9522757401679197,False,False,False,False,0.28985341333015147,0.15722611060759317,False,False,False,False,26983.0,25705.588804299514,False,False,False,False,1040.4817014977389,False,False,False,False
2025-10-03 15:00:00+00:00,21.375,21.4,21.295,21.395,1217.0,,,,21.36440639937567,21.188314956354674,21.06991582095406,21.047595807426884,21.07206108855692,21.10912910007515,21.14599115831568,,21.081552687867074,21.046400076423385,21.03907643116904,21.040977673620777,21.07009233242623,21.084449205362574,21.11851936903581,21.134990803420756,21.14797741345183,21.075567428539543,21.011993286541706,20.831253075811897,,21.127854023493086,"rgba(38, 166, 154, 1.0)",0.0,0.0,0.11454520332004624,21.121407730778145,2.388509176219462,0.0,0.0,0.0,0.0,0.0,0.0,0.0,0.0,69.57079248611629,14.280879288211494,True,False,True,False,True,10.4024337834466,0,0.9421888790820828,0.9549867608120046,False,False,False,False,0.2736306223397332,0.21542836647366317,False,False,False,False,28200.0,25744.26184609332,False,False,False,False,1043.2184193039755,False,False,False,False
2025-10-03 16:00:00+00:00,21.395,21.415,21.38,21.415,2327.0,,,,21.38017641597029,21.215672808792167,21.091276499091457,21.06513396892655,21.080554967899275,21.115247837122837,21.150045588212066,,21.106075631536424,21.066374673336217,21.055608052321233,21.054288721203122,21.078455252988224,21.09183536722939,21.123646527159977,21.13935872056558,21.15195184459353,21.078260903344272,21.01390560568611,20.83336543638893,,21.13262185976056,"rgba(38, 166, 154, 1.0)",0.0,0.0,0.12210153063664146,21.130313426825726,2.331556137665989,0.0,0.0,0.0,0.0,0.0,0.0,0.0,0.0,72.64917145409636,17.046128448640815,True,False,True,False,True,10.978019510366067,0,0.9465716829919856,0.9599287622439903,False,False,False,False,0.3394652185867197,0.27744679253019144,False,False,False,False,30527.0,25818.412825223655,False,True,False,False,1063.1220097023634,False,True,False,False
2025-10-03 17:00:00+00:00,21.415,21.42,21.345,21.355,1800.0,,,,21.378543655001767,21.22979939270247,21.10459432873406,21.07645557823129,21.086248829537432,21.119334054605588,21.15273402051742,,21.1209535885858,21.07911095999877,21.066383880064564,21.06310400229228,21.084070492814952,21.09679015424131,21.127075636770567,21.142268068536907,21.1545854399496,21.08012471488226,21.015259096389613,20.834903295306514,21.37333333333334,21.135801877906708,"rgba(38, 166, 154, 1.0)",0.0,0.0,0.12569099102661282,21.143752218563684,1.6806915094781039,-1.0,21.42,21.345,0.0,0.0,0.0,0.0,0.0,71.25488966092237,17.046128448640815,True,False,True,False,True,8.695107818166,0,0.9417518897287682,0.9546465095598051,False,True,False,False,0.319439342625178,0.2984430675776847,False,False,False,False,28727.0,25863.50720002639,False,False,False,False,1074.5464746682183,False,False,False,False
2025-10-03 18:00:00+00:00,21.355,21.395,21.335,21.365,500.0,,,,21.377701806729654,21.23308271407062,21.107965537776394,21.079370168350163,21.087746589867034,21.120409762847235,21.153441578499418,,21.12466995593998,21.0823684350455,21.069170882098568,21.06540342645908,21.085548680171883,21.098095133834157,21.127979845196933,21.143034740245593,21.155278463947024,21.080623673240613,21.01562455111553,20.835322337459754,21.371521739130436,21.136639890506594,"rgba(38, 166, 154, 1.0)",0.0,0.0,0.12929981222518533,21.145100877453338,1.7006917393173768,0.0,0.0,0.0,0.0,0.0,0.0,0.0,0.0,70.57774266389575,17.046128448640815,True,False,True,False,True,8.993174338018978,0,0.9417000445037826,0.9568313306631073,False,False,False,False,0.2963838750997205,0.29741347133870255,False,False,False,False,29227.0,25915.65437521978,False,False,False,False,1065.6387773865404,False,False,False,False
2025-10-03 19:00:00+00:00,21.365,21.38,21.325,21.33,3447.0,,,,21.367892118469527,21.249132759194538,21.127387387387383,21.096663424430716,21.096935449329727,21.126990819058953,21.15774473321777,,21.145603162353108,21.101496052455506,21.08584543435052,21.079352298110273,21.09463074105668,21.10610824993017,21.133520600637976,21.14771628806729,21.159490669174357,21.083777884305864,21.017980318070272,20.838084881000867,21.355614233513137,21.141762768845968,"rgba(38, 166, 154, 1.0)",0.0,0.0,0.13296304438150397,21.152786407821658,1.3328033590286217,0.0,0.0,0.0,0.0,0.0,0.0,0.0,0.0,68.13328592817876,17.046128448640815,True,False,True,False,False,7.665974313201136,0,0.9406779661016946,0.958965209634256,False,False,False,False,0.2801024420464923,0.2887579566925974,False,False,False,False,25780.0,25913.55120661172,False,False,False,False,1102.559106419307,False,False,False,False
2025-10-06 14:00:00+00:00,21.24,21.355,21.195,21.335,2390.0,,,,21.355341714093605,21.253281048966926,21.136397804718953,21.105229563101236,21.101722181212693,21.13033630493647,21.15984976727671,,21.154836397645088,21.11079781706524,21.094259496156653,21.086562376136047,21.09937863946118,21.110265221621653,21.136329408111482,21.150045986216274,21.161545065103674,21.085510835647607,21.019347291216736,20.839795591843732,21.33781061816394,21.144331266773268,"rgba(38, 166, 154, 1.0)",0.0,0.0,0.13620913305632062,21.155947050954758,1.314544370319183,0.0,0.0,0.0,0.0,0.0,0.0,0.0,0.0,66.67139355204831,22.165694050462392,True,False,True,False,False,7.820714689954851,0,0.9246031746031745,0.96252204585538,False,False,False,False,0.18198259276848697,0.23537027473054217,False,False,False,False,28170.0,25948.534908834794,False,False,False,False,1122.5194303507906,False,False,False,False
2025-10-06 15:00:00+00:00,21.335,21.375,21.315,21.315,4008.0,,,,21.350784187675853,21.264043011106,21.15282130109146,21.120747633892208,21.110808365969884,21.13694980368128,21.16424156260688,,21.17175562532705,21.127523157195945,21.10947422918835,21.099752531206807,21.10838379263215,21.118264022709848,21.14196035169602,21.154825332250194,21.165845653886286,21.08889688976177,21.02193794631948,20.842885439775,21.336883079456566,21.14954423494957,"rgba(38, 166, 154, 1.0)",0.0,0.0,0.13940921034119058,21.163676091672187,1.0854656443248172,0.0,0.0,0.0,0.0,0.0,0.0,0.0,0.0,64.46358657300777,19.894270125991696,True,False,True,False,False,7.051075342997255,0,0.9324801412180052,0.966902030008827,False,False,False,False,0.2704031118979038,0.252886693314223,False,False,False,False,24162.0,25920.83669319394,False,False,False,False,1167.2555632135688,False,False,False,False
2025-10-06 16:00:00+00:00,21.315,21.325,21.275,21.295,1634.0,,,,21.34639425293244,21.265790247806745,21.157567047896578,21.12550623985306,21.113739592799863,21.139048212073707,21.165598440654456,,21.17642305869609,21.13256468151466,21.114218061448277,21.103959740680708,21.11129802636521,21.120839526272942,21.143746609434864,21.156321408975494,21.167171439419924,21.09004934068363,21.022859677946034,20.844041052461044,21.332311609454,21.15118439812004,"rgba(38, 166, 154, 1.0)",0.0,0.0,0.14196487955495635,21.165781364604335,0.9102155110528196,0.0,0.0,0.0,0.0,-1.0,21.315,21.305,0.0,61.764963107466485,17.207566819809884,True,False,True,False,False,6.280335692955472,0,0.930894308943089,0.9887082204155384,False,False,False,False,0.21575215640819584,0.2343194248612094,False,False,False,False,22528.0,25868.234573919617,False,False,False,False,1174.4919110707226,False,False,False,False
2025-10-06 17:00:00+00:00,21.295,21.305,21.265,21.285,58.0,,,,21.346212399775297,21.26582492892569,21.157714401536442,21.12565779772924,21.113834561905033,21.139115543182868,21.16564131215333,,21.176564986139592,21.132724216123226,21.114370194030613,21.104095785341325,21.111392569583902,21.12092282657194,21.14380386018365,21.15636900813797,21.167213277337677,21.09008741095888,21.02289070439435,20.84408076325693,21.33211329527113,21.15123673751978,"rgba(38, 166, 154, 1.0)",0.0,0.0,0.14422964046691406,21.165844809006984,0.8261491230739781,0.0,0.0,0.0,0.0,0.0,0.0,0.0,0.0,59.339711872286465,14.8147654616442,True,False,True,False,False,5.892652983659918,0,0.9277272727272725,0.97409090909091,False,False,False,False,0.19688876894505516,0.2156040969031323,False,False,False,False,22470.0,25815.548766572025,False,False,False,False,1157.181958961099,False,False,False,False
2025-10-06 18:00:00+00:00,21.28,21.285,21.225,21.225,1300.0,,,,21.339911163258467,21.265015008276993,21.15991948282451,21.128146606349354,21.115444820085685,21.14019918651184,21.166274871650003,,21.178512951325782,21.135297578119026,21.116927320182704,21.106429736376025,21.11300286477165,21.122318146036797,21.14471489314553,21.15709780766117,21.167827460126574,21.090762508646005,21.023478369269217,20.84488838304561,21.324631807271366,21.152051590591046,"rgba(38, 166, 154, 1.0)",0.0,0.0,0.14527777060051775,21.166584056388782,0.40209829328845237,0.0,0.0,0.0,0.0,0.0,0.0,0.0,0.0,54.38740824009899,10.159457970390335,False,False,True,False,False,3.5974321599398387,0,0.9194722474977249,0.9767970882620575,False,False,False,False,0.1595595282042425,0.1875818125536874,False,False,False,False,21170.0,25743.524754687187,False,False,False,False,1159.3961921555006,False,False,False,False
2025-10-06 19:00:00+00:00,21.225,21.235,21.185,21.23,825.0,,,,21.335226895789184,21.26385044718889,21.160814908321214,21.12930282448307,21.11622733122185,21.140692621561723,21.166528892039032,,21.179189930316582,21.136464154965473,21.118151161349495,21.107576474000094,21.11378973566296,21.122986704000823,21.145123634035,21.157407045009787,21.16807096107475,21.091109749764865,21.023802205773286,20.845363050911114,21.31905160172075,21.15240599770853,"rgba(38, 166, 154, 1.0)",0.0,0.0,0.14585649494329392,21.166769532828862,0.4335114949507107,0.0,0.0,0.0,0.0,0.0,0.0,0.0,0.0,51.399079867976866,7.429157976466271,False,True,False,False,False,3.7692923681456527,0,0.9175022789425702,0.9794895168641758,False,False,False,False,0.1043496300510257,0.14596572130235655,False,False,False,False,21995.0,25685.408091823818,False,False,False,False,1154.2117550678183,False,False,False,False
2025-10-07 14:00:00+00:00,21.215,21.225,21.155,21.175,3580.0,,,,21.313957723641543,21.256388720009166,21.16236479068213,21.13229038686284,21.118459521780387,21.14189950290395,21.16692428890045,,21.179605299944082,21.139306873459415,21.12153065499306,21.11092045893253,21.11606050754006,21.12483667483292,21.146082979967343,21.15801493529271,21.168429468030357,21.09222013553035,21.024966293018757,20.84723438070731,21.294493995838025,21.15316373687981,"rgba(38, 166, 154, 1.0)",0.0,0.0,0.14617288911949264,21.166420656426695,0.058693124456837706,0.0,0.0,0.0,0.0,0.0,0.0,0.0,0.0,46.78485502728816,3.200290657553623,False,True,False,True,False,1.6972069185408145,0,0.9143507972665147,0.9799544419134404,False,False,False,False,0.08003338255517714,0.11299955192876684,False,False,False,False,18415.0,25572.688586524222,False,False,False,False,1191.8208751442862,False,False,False,False
2025-10-07 15:00:00+00:00,21.175,21.265,21.175,21.235,1000.0,,,,21.310573499201098,21.255580378220152,21.163466282123427,21.133658956039085,21.119416775982796,21.142527007979055,21.1672694824686,,21.18049406766387,21.14068626188483,21.122971431223746,21.112280361911115,21.117022301288102,21.125664429862976,21.146609771238996,21.158424627372312,21.168762136065062,21.092657325580365,21.0253689835589,20.84781488698204,21.2911109758868,21.153627217573266,"rgba(38, 166, 154, 1.0)",0.0,0.0,0.1468179911405563,21.166845622837286,0.464209982940481,0.0,0.0,0.0,0.0,0.0,0.0,0.0,0.0,47.35707532631707,3.200290657553623,False,True,False,True,False,3.782653129529635,0,0.9117379435850774,0.9813466787989092,False,False,False,False,0.11655222860953003,0.11477589026914845,False,False,False,False,19415.0,25477.220546423072,False,False,False,False,1188.8469080877858,False,False,False,False
2025-10-07 16:00:00+00:00,21.235,21.235,21.185,21.205,800.0,,,,21.30755377932019,21.254626639078836,21.16408874398816,21.134530531158507,21.120051339006938,21.142922152167923,21.167463820414376,,21.18092338782224,21.141546309834084,21.12391186393996,21.1131877204169,21.11766270408327,21.126207384420027,21.146937636807497,21.158667638460308,21.16894742592473,21.092961224297667,21.02566317216133,20.848257545061642,21.288008074844594,21.153908134511816,"rgba(38, 166, 154, 1.0)",0.0,0.0,0.14704681487809143,21.167037164851017,0.2581683607390904,0.0,0.0,0.0,0.0,0.0,0.0,0.0,0.0,46.28760957750774,2.6289478272498386,False,True,False,True,False,2.6554700746110598,0,0.9266480965645312,0.9814298978644393,False,False,False,False,0.1043496300510257,0.10956276016008706,False,False,False,False,18615.0,25370.82953019946,False,False,False,False,1182.8182738538665,False,False,False,False
2025-10-07 17:00:00+00:00,21.2,21.245,21.175,21.185,0.0,,,,21.30755377932019,21.254626639078836,21.16408874398816,21.134530531158507,21.120051339006938,21.142922152167923,21.167463820414376,,21.18092338782224,21.141546309834084,21.12391186393996,21.1131877204169,21.11766270408327,21.126207384420027,21.146937636807497,21.158667638460308,21.16894742592473,21.092961224297667,21.02566317216133,20.848257545061642,21.288008074844594,21.153908134511816,"rgba(38, 166, 154, 1.0)",0.0,0.0,0.14761475914400612,21.167037164851017,0.12168725710860709,0.0,0.0,0.0,0.0,0.0,0.0,0.0,0.0,44.64655461436,0.8206931189697144,False,True,False,True,False,1.9069352342759167,0,0.9182915506035287,0.9832869080779951,False,False,False,False,0.1043496300510257,0.10695619510555637,False,False,False,False,18615.0,25266.08798709559,False,False,False,False,1164.4800060421785,False,False,False,False
2025-10-07 18:00:00+00:00,21.185,21.185,21.155,21.175,20.0,,,,21.307453515826758,21.25458479399427,21.164091371379698,21.134541364020883,21.12006054632916,21.14292646654158,21.167464317613167,,21.18091982041005,21.14155588035926,21.123925013193826,21.113201527600694,21.117672171237732,21.126214847405308,21.146940920286536,21.15866922061088,21.16894774420469,21.092966393241642,21.02566904090537,20.84826747210337,21.287899151140657,21.153910413979148,"rgba(38, 166, 154, 1.0)",0.0,0.0,0.148018351674575,21.1670337683254,0.05381921622877611,0.0,0.0,0.0,0.0,0.0,0.0,0.0,0.0,43.080153533335384,-0.9430412310215601,False,True,False,True,False,1.5305619427127617,0,0.9172862453531601,0.9851301115241645,False,False,False,False,0.05581123076924279,0.08138371293739959,False,False,False,False,18595.0,25162.660266365427,False,False,False,False,1146.7361299795089,False,False,False,False
2025-10-07 19:00:00+00:00,21.175,21.2,21.14,21.2,249.0,,,,21.306293365015538,21.254119340016707,21.16415974775459,21.134705860981526,21.12019336934627,21.1429956154478,21.167482753529026,,21.18091542813309,21.14170736210234,21.12411658708816,21.113397306872887,21.117807908270354,21.126324554577096,21.1469954797317,21.158701494804642,21.16896382655446,21.09303749796301,21.02574623552666,20.84839419615713,21.28665594681721,21.153952040428372,"rgba(38, 166, 154, 1.0)",0.0,0.0,0.1486828961368093,21.16701551967821,0.22184448365493134,0.0,0.0,0.0,0.0,0.0,0.0,0.0,0.0,43.795123401407324,-0.9430412310215601,False,True,False,True,False,2.436473099731405,0,0.9194974406700792,0.9832480223359712,False,False,False,False,0.05581123076924279,0.06859747185332118,False,False,False,False,18844.0,25064.696541305497,False,False,False,False,1132.8177403674235,False,False,False,False
2025-10-08 14:00:00+00:00,21.145,21.225,21.145,21.205,810.0,,,,21.302996804544648,21.252876729714238,21.16453903727536,21.13536856695537,21.120704898816303,21.1432891441874,21.167597901481304,,21.18107987914267,21.14233962991318,21.124859056820547,21.114136497720565,21.118327471210456,21.126755258981966,21.14723402291576,21.158862951989356,21.169070784621645,21.093298924597466,21.02601576946063,20.848820241964198,21.283224283781575,21.1541467778401,"rgba(38, 166, 154, 1.0)",0.0,0.0,0.149371566453895,21.167068549759204,0.2539402320086285,0.0,0.0,0.0,0.0,0.0,0.0,0.0,0.0,44.625810269083615,-0.9430412310215601,False,True,False,True,False,2.6186149313971114,0,0.9213221601489758,0.9804469273743026,False,False,False,False,0.07397015938478656,0.07128381561905386,False,False,False,False,19654.0,24980.809773223238,False,False,False,False,1127.8128141601767,False,False,False,False
2025-10-08 15:00:00+00:00,21.205,21.255,21.165,21.24,815.0,,,,21.3006626984127,21.25223146698776,21.1652979728444,21.13634781929695,21.121414821507933,21.143751825483744,21.167847749144407,,21.18166979728473,21.143316105608527,21.125899734707666,21.115132995310802,21.119042048619786,21.127369603880346,21.147622900833436,21.15916276061253,21.169311065443278,21.09363593293429,21.026332320192534,20.8492831899397,21.281006699374533,21.154487138022365,"rgba(38, 166, 154, 1.0)",0.0,0.0,0.15047187040709353,21.1673813012576,0.4826064735284633,0.0,0.0,0.0,0.0,0.0,0.0,0.0,0.0,47.55142583213137,-0.9430412310215601,False,True,False,False,True,3.89350446546144,0,0.9194224499301351,0.9823008849557531,False,False,False,False,0.1043496300510257,0.08781672283503977,False,False,False,False,20469.0,24910.859234103496,False,False,False,False,1122.963003087926,False,False,False,False
2025-10-08 16:00:00+00:00,21.245,21.255,21.215,21.225,3300.0,,,,21.293609200743497,21.250717493957985,21.168782281756762,21.14061374362591,21.12451674737691,21.14584769741277,21.169056475449818,,21.18456080252322,21.147596279006038,21.130385473831222,21.11941150619701,21.12215841725291,21.13007968503936,21.149403020519763,21.16057438272515,21.170479934107753,21.095106687202264,21.02768014886511,20.85120458036035,21.274870804441765,21.156069206416248,"rgba(38, 166, 154, 1.0)",0.0,0.0,0.1513706149260428,21.169039439416714,0.3696923647342553,0.0,0.0,0.0,0.0,0.0,0.0,0.0,0.0,48.4331397858204,-0.9430412310215601,False,True,False,False,True,3.2904568110015937,0,0.9218530650444551,0.9836218998596172,False,False,False,False,0.13492229601187042,0.1113695094234551,False,False,False,False,17169.0,24790.83040876856,False,False,False,False,1156.715514667958,False,False,False,False
2025-10-08 17:00:00+00:00,21.225,21.235,21.16,21.165,110.0,,,,21.29324601214367,21.250560698787137,21.16881352432982,21.140682343435437,21.124574978847598,21.145880108854133,21.169067586299192,,21.184564853678445,21.14765926989897,21.13046492725352,21.11949371425608,21.12221786140128,21.13012865497075,21.149429311166838,21.160591305287774,21.17049004191384,21.095139195522496,21.027714927867386,20.851260758319434,21.274506680177137,21.156090098925898,"rgba(38, 166, 154, 1.0)",0.0,0.0,0.1505125776673204,21.16904284700764,-0.026860526012485068,0.0,0.0,0.0,0.0,0.0,0.0,0.0,0.0,45.462025212417,-0.9430412310215601,False,True,False,True,False,0.9217542231644096,1,0.9170960187353631,0.9845433255269331,False,False,False,False,0.08913938052262499,0.10025444497304004,False,False,False,False,17059.0,24670.95706909773,False,False,False,False,1140.487367153726,False,False,False,False
2025-10-08 18:00:00+00:00,21.165,21.175,21.135,21.145,220.0,,,,21.29229086169887,21.250078876462556,21.168753824565847,21.140714970431777,21.12462565109701,21.145889283672293,21.16904565634577,,21.184438763066204,21.147672150148047,21.13052462065465,21.119572174433557,21.122272035521057,21.130165868216434,21.149432463764402,21.160579743853965,21.17046656272147,21.095179307134217,21.027769134131237,20.851361339226113,21.273500769249857,21.156084066362084,"rgba(38, 166, 154, 1.0)",0.0,0.0,0.1491459772254937,21.16897118015785,-0.1607229414012878,0.0,0.0,0.0,0.0,0.0,0.0,0.0,0.0,42.50817086795865,-2.443295479193175,False,True,False,True,False,0.14840766030878427,1,0.915690866510539,0.9850117096018745,False,False,False,False,0.03768900083782516,0.0689717229054326,False,False,False,False,16839.0,24549.531378103966,False,False,False,False,1126.2162451823501,False,False,False,False
2025-10-08 19:00:00+00:00,21.145,21.175,21.125,21.165,900.0,,,,21.288603551178756,21.248220859117723,21.168560676985813,21.1408864685324,21.124856299533693,21.145947997670422,21.168973612971243,,21.183984305317328,21.147767251158413,21.130803316506203,21.1199221288085,21.122516495007915,21.130340170007006,21.14946437327661,21.16055032947723,21.170388041178953,21.095352457311677,21.027996346983034,20.851776665612935,21.269659715719467,21.156078051827688,"rgba(38, 166, 154, 1.0)",0.0,0.0,0.14842263735463024,21.168717947684918,-0.025049734671103847,0.0,0.0,0.0,0.0,0.0,0.0,0.0,0.0,42.16043219644705,-2.910989560291462,False,True,False,True,False,0.918410175317554,1,0.9141651031894934,0.9878048780487813,False,False,False,False,0.031654337845331455,0.050313030375382026,False,False,False,False,17739.0,24443.941744334912,False,False,False,False,1122.7090165748718,False,False,False,False
2025-10-09 14:00:00+00:00,21.02,21.055,20.995,21.045,1686.0,,,,21.276295459711335,21.24057312722119,21.16505164147941,21.138484123049626,21.12354925074315,21.14458477194471,21.167666820960644,21.031666666666666,21.179703180742173,21.14501159069366,21.12873277588521,21.11831865988491,21.121262799053824,21.129059623141096,21.1482130458615,21.1592899814977,21.1690811405837,21.095008993822134,21.028008584938682,20.85223643825677,21.25603563991127,21.154798285164592,"rgba(239, 83, 80, 1.0)",0.0,0.0,0.14707269759681119,21.166233290861193,-0.8243086095662928,0.0,0.0,0.0,0.0,0.0,0.0,0.0,0.0,37.21266029538394,-7.637898863114195,False,True,False,True,False,0.0,0,0.9016697588126162,0.9916512059369212,False,False,False,False,-0.11960826668867354,-0.03464761815664576,False,False,False,False,16053.0,24313.849624267703,False,False,False,False,1131.4422101163466,False,False,False,False
2025-10-09 15:00:00+00:00,21.045,21.05,20.985,21.015,3302.0,,,,21.254026919147318,21.226088494014853,21.157958480514218,21.133453214765154,21.120691779343094,21.141664558012184,21.1649037607207,21.021736835070836,21.171196883032067,21.139310518008323,21.124328926019814,21.114825893166838,21.118510335062698,21.12627380183858,21.1455320878004,21.156609803106956,21.16631989670604,21.094190169154597,21.027935000802298,20.853055409745735,21.231904347560604,21.15207043250301,"rgba(239, 83, 80, 1.0)",0.0,0.0,0.14646612005630846,21.161287060636692,-0.9987774686763851,0.0,0.0,0.0,0.0,0.0,0.0,0.0,0.0,33.11685014385104,-11.388753570280038,False,True,False,True,False,0.0,0,0.9050046339202966,0.9884151992585737,False,False,False,False,-0.12878960330518724,-0.08171861073091649,False,False,False,False,12751.0,24134.580637844945,False,False,False,False,1165.0942688742325,False,False,False,False
2025-10-09 16:00:00+00:00,21.015,21.03,20.975,20.975,3786.0,,,,21.230685089710846,21.21001650586369,21.149404353435262,21.127118203168536,21.11690392209233,21.13788102649095,21.161378092224407,21.009480662563636,21.161157353569692,21.13223607519862,21.118681136809663,21.11022093519946,21.114844067097298,21.12260009440113,21.14205677351909,21.15316596935544,21.162799710470537,21.092995824340797,21.02767950745763,20.853851948506442,21.20718541324576,21.148555752447002,"rgba(239, 83, 80, 1.0)",0.0,0.0,0.14622542143518852,21.155389915140553,-1.2336426414096944,0.0,0.0,0.0,0.0,0.0,0.0,0.0,0.0,29.421766638425222,-14.713333092203115,False,True,False,True,False,0.0,0,0.915848527349229,0.9864422627395987,False,False,False,False,-0.14721885405365537,-0.11446873239228593,False,False,False,False,8965.0,23899.39334113417,False,False,False,False,1205.7284662560273,False,False,False,False
2025-10-09 17:00:00+00:00,20.975,21.005,20.95,20.98,2931.0,,,,21.21432673522799,21.198259868421058,21.142788845935645,21.122086664897523,21.11378513416316,21.13479145607462,21.15851169168848,21.001681190374484,21.153502797419236,21.126670717514056,21.114147951012374,21.10646122074495,21.11181740244283,21.11957836376412,21.139212843337123,21.150357031920915,21.159938714855183,21.091954184372092,21.02739903142566,20.854396767515684,21.190191533024247,21.14568709919772,"rgba(239, 83, 80, 1.0)",0.0,0.0,0.1467535164642379,21.150832741103738,-1.1640793707683814,0.0,0.0,0.0,0.0,0.0,0.0,0.0,0.0,27.375853086027423,-16.55212875069425,False,True,False,True,False,0.0,0,0.9158834586466168,0.9821428571428583,False,False,False,False,-0.17816284878981986,-0.1463157905910529,False,False,False,False,11896.0,23713.2942195662,False,False,False,False,1232.4768621280268,False,False,False,False
2025-10-09 18:00:00+00:00,20.98,20.98,20.925,20.945,5600.0,,,,21.185196956279317,21.176317708333336,21.12952459056676,21.111642589040255,21.10703245059278,21.128198446728117,21.152454392972626,20.984956852547434,21.138429513039263,21.115253270708074,21.104606842840933,21.098379620662197,21.105241177779707,21.113053205987097,21.133134971166786,21.144389902320547,21.153896692020417,21.08953235579954,21.026567537357334,20.855189590210106,21.160348117414745,21.139582845927883,"rgba(239, 83, 80, 1.0)",0.0,0.0,0.1477422274293665,21.1416670657699,-1.3311499981542179,0.0,0.0,0.0,0.0,0.0,0.0,0.0,0.0,25.14036438916689,-18.674393852299595,False,True,False,True,False,0.0,0,0.9081488459726805,0.986811116344796,False,False,False,False,-0.20944830742735432,-0.17788204900920362,False,False,False,False,6296.0,23443.2586502706,False,False,False,False,1300.1903991492977,False,False,False,False
2025-10-09 19:00:00+00:00,20.945,20.99,20.925,20.95,4816.0,,,,21.16526870509848,21.16068367167332,21.11977490749226,21.103872334435437,21.101826444733582,21.12304237366712,21.147641600788177,20.978434895951057,21.12744486307474,21.10681566067921,21.097484397653883,21.092281431502595,21.100167540833397,21.107990491139613,21.128346311139886,21.139660212466595,21.149092751777033,21.087587019639273,21.02591238221235,20.85589638193768,21.140524184657327,21.134760449102547,"rgba(239, 83, 80, 1.0)",0.0,0.0,0.14863926342207034,21.13480076201543,-1.2432836234574045,0.0,0.0,0.0,0.0,0.0,0.0,0.0,0.0,24.118808592473616,-19.768740638701562,False,True,False,True,False,0.0,0,0.9066918001885017,0.9863336475023573,False,False,False,False,-0.20316069758570368,-0.19052137329745367,False,False,False,False,11112.0,23252.07634561524,False,False,False,False,1354.6990751314793,False,False,False,False
2025-10-10 14:00:00+00:00,20.985,20.99,20.805,20.845,1200.0,,,,21.159245188952042,21.155828672739855,21.11648314246817,21.10113904517722,21.099949780155985,21.12125283018867,21.146025944147638,20.97336985263639,21.12380690426892,21.103878553417722,21.09493475641527,21.090055345340357,21.098330412853812,21.10618523357373,21.12669390044653,21.13805444757085,21.147482992349463,21.0868417714513,21.025580315374768,20.855938836757932,21.13440464305988,21.133112740606588,"rgba(239, 83, 80, 1.0)",0.0,0.0,0.15112661000723002,21.132500196868822,-1.9023797123158448,0.0,0.0,0.0,0.0,0.0,0.0,0.0,0.0,21.265658123439813,-22.62766032499854,False,True,False,True,False,0.0,0,0.8964069062062531,0.9874008399440048,False,False,False,False,-0.2798213593278145,-0.23517136631263408,False,False,False,False,9912.0,23045.253456535935,False,False,False,False,1352.300639858123,False,False,False,False
2025-10-10 15:00:00+00:00,20.825,20.84,20.595,20.615,3704.0,,,,21.13012521681672,21.131880633096152,21.09887438309206,21.08596562441784,21.0893473814873,21.11152122742916,21.137562249987646,20.933617946345976,21.104685731028425,21.08771531791408,21.080560683486706,21.077303215757976,21.08791019279264,21.096097033911946,21.117771574955444,21.129537193426042,21.1390678658835,21.082419381723522,21.023192929460325,20.855005508507777,21.10391116545905,21.124309288283428,"rgba(239, 83, 80, 1.0)",0.0,0.0,0.1604128401322811,21.120328982878654,-3.15017789387649,0.0,0.0,0.0,0.0,0.0,0.0,0.0,0.0,17.17954658832597,-26.553120267711897,False,True,False,True,False,0.0,0,0.878969167050161,1.0018407731247134,False,False,False,False,-0.34282825441539394,-0.288999810364014,False,False,False,False,6208.0,22784.210767287314,False,False,False,False,1388.7610950541211,False,False,False,False
2025-10-10 16:00:00+00:00,20.615,20.675,20.575,20.595,3147.0,,,,21.10466905876072,21.11054143107648,21.082719569983738,21.071868639312143,21.079308165314888,21.102320325902188,21.129565131761304,20.900385456714837,21.087267327516052,21.07276721596999,21.06714518989235,21.06530766630388,21.07803219768622,21.086538995719742,21.109319669022394,21.121477100205578,21.131117683070855,21.078107056025257,21.02078796904925,20.853907928720762,21.07735513249796,21.115978269720888,"rgba(239, 83, 80, 1.0)",0.0,0.0,0.16983317198454537,21.109059911139138,-3.0268522052094613,0.0,0.0,0.0,0.0,0.0,0.0,0.0,0.0,14.336681707956267,-29.259574966666804,False,True,False,True,False,0.0,0,0.8708178438661711,1.0288104089219337,False,False,False,False,-0.34282825441539394,-0.31591403238970395,False,False,False,False,3061.0,22478.424553840996,False,False,False,False,1416.0206129602589,False,False,False,False
2025-10-10 17:00:00+00:00,20.595,20.635,20.555,20.585,1601.0,,,,21.09208819039158,21.099867656884413,21.07451836513285,21.06466599212409,21.074113620989824,21.09755120255268,21.125409641732368,20.88482951982291,21.07845828753715,21.06515018311396,21.060275526717927,21.059136862378104,21.0729182428764,21.08158727232197,21.104930130364465,21.11728828597484,21.126986282257345,21.075834600200164,21.01950558728736,20.853299231556214,21.064294999916022,21.11165112462841,"rgba(239, 83, 80, 1.0)",0.0,0.0,0.17904921564097362,21.103292693721194,-2.8946940195508293,0.0,0.0,0.0,0.0,0.0,0.0,0.0,0.0,12.378659631283679,-31.190642052581744,False,True,False,True,False,0.0,0,0.8692022263450836,1.0306122448979598,False,False,False,False,-0.34282825441539394,-0.3293711434025489,False,False,False,False,1460.0,22152.557506494624,False,False,False,False,1418.8885104337432,False,False,False,False
2025-10-10 18:00:00+00:00,20.59,20.59,20.465,20.475,500.0,,,,21.08766388479293,21.096102287815345,21.071589180270028,21.062079871439806,21.072243155719125,21.095842479657055,21.123928425869764,20.87902235098483,21.07532016531785,21.062418709387497,21.0578037558095,21.056911564074507,21.071075798835672,21.079806659896278,21.103358768612033,21.115792487282306,21.125514098599528,21.075010270709676,21.01903051494355,20.853050553737372,21.05967887539766,21.110104384115715,"rgba(239, 83, 80, 1.0)",0.0,0.0,0.19175399498999043,21.10123484281152,-3.265824228820942,0.0,0.0,0.0,0.0,0.0,0.0,0.0,0.0,10.474628834673485,-33.1442465080914,False,True,False,True,False,0.0,0,0.8610216290842156,1.0335941095260017,False,False,False,False,-0.34282825441539394,-0.3360996989089714,False,False,False,False,960.0,21823.990723448194,False,False,False,False,1404.6421769386466,False,False,False,False
2025-10-10 19:00:00+00:00,20.485,20.505,20.405,20.415,3502.0,,,,21.055012051670637,21.068095034420956,21.049499030338232,21.042460335377143,21.057931284038784,21.082783500257456,21.112617686044306,20.836209783368275,21.051732022322618,21.041739375144672,21.039010646204588,21.03993119862555,21.05697042222876,21.066180451815487,21.09134023318776,21.1043600968523,21.114273386528986,21.068613100440032,21.0152844136643,20.850973920518076,21.02561773762872,21.09828133628294,"rgba(239, 83, 80, 1.0)",0.0,0.0,0.20579603739877073,21.04934387903831,-3.082391124029004,0.0,0.0,0.0,0.0,0.0,0.0,0.0,0.0,8.94921770289042,-34.80408865468122,False,True,False,True,False,0.0,0,0.8551123337918388,1.044016506189822,True,False,False,False,-0.34282825441539394,-0.33946397666218264,False,False,False,False,-2542.0,21446.223425410237,False,False,False,False,1437.1593524899852,True,False,False,False
2025-10-13 14:00:00+00:00,20.415,20.415,20.415,20.415,0.0,,,,21.055012051670637,21.068095034420956,21.049499030338232,21.042460335377143,21.057931284038784,21.082783500257456,21.112617686044306,20.836209783368275,21.051732022322618,21.041739375144672,21.039010646204588,21.03993119862555,21.05697042222876,21.066180451815487,21.09134023318776,21.1043600968523,21.114273386528986,21.068613100440032,21.0152844136643,20.850973920518076,21.02561773762872,21.09828133628294,"rgba(239, 83, 80, 1.0)",0.0,0.0,0.218592446479025,21.04934387903831,-2.9019478452069025,0.0,0.0,0.0,0.0,0.0,0.0,0.0,0.0,7.9322769483683775,-36.055238928924524,False,True,False,True,False,0.0,0,0.8526024873330262,1.0543528327959473,False,False,False,False,-0.34282825441539394,-0.34114611553878826,False,False,False,False,-2542.0,21074.3129847062,False,False,False,False,1414.8778121413031,True,False,False,False
2025-10-13 15:00:00+00:00,20.415,20.415,20.415,20.415,0.0,,,,21.055012051670637,21.068095034420956,21.049499030338232,21.042460335377143,21.057931284038784,21.082783500257456,21.112617686044306,20.836209783368275,21.051732022322618,21.041739375144672,21.039010646204588,21.03993119862555,21.05697042222876,21.066180451815487,21.09134023318776,21.1043600968523,21.114273386528986,21.068613100440032,21.0152844136643,20.850973920518076,21.02561773762872,21.09828133628294,"rgba(239, 83, 80, 1.0)",0.0,0.0,0.23039169545224858,21.04934387903831,-2.753327882730856,0.0,0.0,0.0,0.0,0.0,0.0,0.0,0.0,7.254316445353682,-37.055796839167634,False,True,False,True,False,0.0,0,0.8505106778087281,1.0589600742804095,False,False,False,False,-0.34282825441539394,-0.34198718497709113,False,False,False,False,-2542.0,20708.168597346412,False,False,False,False,1392.9417220305852,True,False,False,False
2025-10-13 16:00:00+00:00,20.415,20.415,20.415,20.415,0.0,,,,21.055012051670637,21.068095034420956,21.049499030338232,21.042460335377143,21.057931284038784,21.082783500257456,21.112617686044306,20.836209783368275,21.051732022322618,21.041739375144672,21.039010646204588,21.03993119862555,21.05697042222876,21.066180451815487,21.09134023318776,21.1043600968523,21.114273386528986,21.068613100440032,21.0152844136643,20.850973920518076,21.02561773762872,21.09828133628294,"rgba(239, 83, 80, 1.0)",0.0,0.0,0.24130719459268316,21.04934387903831,-2.6287814588746876,0.0,0.0,0.0,0.0,0.0,0.0,0.0,0.0,6.802342776677218,-37.896630950221784,False,True,False,True,False,0.0,0,0.8612417685794923,1.0583254938852313,False,False,False,False,-0.34282825441539394,-0.3424077196962425,False,False,False,False,-2542.0,20347.700867154992,False,False,False,False,1371.3457263401885,True,False,False,False
2025-10-13 17:00:00+00:00,20.415,20.665,20.415,20.655,100.0,,,,21.05432504623958,21.067497253753203,21.049027690245396,21.04204160313723,21.0576206575689,21.082496111753606,21.11236487807955,20.835490963995355,21.05122934253606,21.041298971390923,21.0386097574418,21.03956769853082,21.056664321740868,21.065883174390375,21.091074296980565,21.10410548564053,21.114021948549535,21.06847173244216,21.01520347311497,20.850934626694592,21.024914913342027,21.098018858240945,"rgba(239, 83, 80, 1.0)",0.0,0.0,0.24495748849790305,21.049207040471973,-1.6092875661376107,0.0,0.0,0.0,0.0,1.0,20.615,20.415,0.0,19.823353211168012,-36.31886237133631,False,True,False,True,True,0.0,0,0.8664510166358597,1.0309611829944554,False,False,False,False,-0.2511831762201247,-0.2967954479581836,False,False,False,False,-2442.0,19994.372171540184,False,False,False,False,1351.634939885302,False,False,False,False
2025-10-13 18:00:00+00:00,20.655,20.715,20.615,20.625,2070.0,,,,21.0426603223474,21.05725,21.040966207011465,21.034884850309833,21.052250037814144,21.077474591636207,21.107896271652372,20.825462862915625,21.042635704019258,21.033781809313442,21.03176290489868,21.033345989239898,21.05137294133488,21.060723383982744,21.086409241821215,21.099617306432805,21.109574985286375,21.06599872162714,21.013814832174468,20.850341909019367,21.01315700567637,21.09340285202319,"rgba(239, 83, 80, 1.0)",0.0,0.0,0.24902047746767256,21.047318757470855,-1.6959197964981794,0.0,0.0,0.0,0.0,0.0,0.0,0.0,0.0,27.642365253545968,-29.574424067914094,False,True,False,True,True,0.0,0,0.8862799263351752,1.025322283609577,False,False,False,False,-0.16350265124002442,-0.23014904959910398,False,False,False,False,-4512.0,19614.428416942665,False,False,False,False,1362.7723826777778,False,False,False,False
2025-10-13 19:00:00+00:00,20.625,20.695,20.625,20.675,1556.0,,,,21.03461167951861,21.050116181214644,21.035318856249226,21.029856843748277,21.048436915301355,21.073892160419742,21.104690431665162,20.81914200484376,21.036627573678526,21.028510061338803,21.02694863899669,21.028957862795693,21.04761527659716,21.057052353669462,21.0830728244425,21.096400461091083,21.106383863219794,21.064218218966598,21.0128161425021,20.849928430137005,21.005103542598896,21.090098264243476,"rgba(38, 166, 154, 1.0)",0.0,0.0,0.25192010387971886,21.044877220829715,-1.4682322495639926,0.0,0.0,0.0,0.0,1.0,20.735,20.715,0.0,34.662041874750116,-23.655770728903637,False,True,False,True,True,0.0,0,0.8856224161690404,1.0275608635737261,False,False,False,False,-0.1669539661336571,-0.19855150786638054,False,False,False,False,-2956.0,19264.49929419937,False,False,False,False,1365.7681596905254,False,False,False,False
2025-10-14 14:00:00+00:00,20.755,20.825,20.735,20.805,4682.0,,,20.788333333333334,21.01977024957203,21.036533574177913,21.024638376542818,21.020366096232454,21.04095217315591,21.06661948719064,21.09794698790792,20.815877260484804,21.025284095898833,21.018605212085987,21.017882101680986,21.020630843711892,21.040243389970485,21.04975509387343,21.076214602363653,21.089688890129732,21.09965973231945,21.06058086631992,21.010898732098873,20.849517713699225,20.990997465797527,21.08325299580103,"rgba(38, 166, 154, 1.0)",0.0,0.0,0.2524637517466133,21.04165641779121,-0.93738770874613,0.0,0.0,0.0,0.0,0.0,0.0,0.0,0.0,43.077738798552446,-16.453585893939355,False,False,False,True,True,0.0,0,0.890205011389522,1.0195899772209573,False,False,False,False,-0.0850134000787086,-0.14178245397254458,False,False,False,False,1726.0,18992.584576459845,False,False,False,False,1417.1826068271064,False,False,False,False
2025-10-14 15:00:00+00:00,20.805,20.885,20.775,20.875,901.0,,,20.79747835691683,21.01776668702445,21.03464007358723,21.023155815288423,21.019049937526038,21.039873038478618,21.06553860963454,21.09691363370498,20.8164592760181,21.02371290528515,21.017238301640575,21.016627162841168,21.019468963846226,21.039180945191,21.048690642417807,21.075183880464092,21.08866731693303,21.098627849558596,21.060035283598292,21.010626490071047,20.84951192406528,20.989191786776477,21.082217467997413,"rgba(38, 166, 154, 1.0)",0.0,0.0,0.25257131719635134,21.041222237091322,-0.6581200071982016,0.0,0.0,0.0,0.0,0.0,0.0,0.0,0.0,50.25014082784086,-10.393818816736456,True,False,True,False,True,0.0,0,0.8986824170831444,1.0113584734211725,False,False,False,False,-0.051266268439859965,-0.09652436120620227,False,False,False,False,2627.0,18738.854583026357,False,False,False,False,1409.1797757135078,False,False,False,False
2025-10-14 16:00:00+00:00,20.875,20.965,20.845,20.935,2100.0,,,20.82960063343312,21.015092262126053,21.03194544843538,21.02111462602153,21.01726111338519,21.03829051653732,21.063846603296255,21.095197845038598,20.82084498982706,21.021548623487924,21.015395885536456,21.014936369230128,21.017882621333957,21.037625674668256,21.04709014103777,21.07353666478956,21.086993676259357,21.096909858816087,21.059184803045525,21.010262133244787,20.84970695066841,20.98711303090949,21.080540509994375,"rgba(38, 166, 154, 1.0)",0.0,0.0,0.2519120574421047,21.04132273315567,-0.4220628985974886,0.0,0.0,0.0,0.0,0.0,0.0,0.0,0.0,56.22713032178283,-5.300856255740321,True,False,True,False,True,0.0,0,0.9065335753176048,1.0049909255898373,False,False,False,False,-0.000839728356181815,-0.04868204478119204,False,False,False,False,4727.0,18521.616527475562,False,False,False,False,1419.890166787717,False,False,False,False
2025-10-14 17:00:00+00:00,20.935,21.035,20.925,21.015,1671.0,,,20.85855213455919,21.014617009652156,21.03123629403294,21.020678941294882,21.016915708966984,21.03782504963844,21.06320677880985,21.09442662268188,20.826687647119023,21.02108263730111,21.015060432758343,21.01463233875971,21.017569641415484,21.037172180033778,21.04656715701499,21.072872196263955,21.086268239366063,21.096132158492903,21.058871224312625,21.01020592523452,20.850042553783485,20.98721233952397,21.079836919787237,"rgba(38, 166, 154, 1.0)",0.0,0.0,0.25172659628912636,21.04226646462588,-0.1083177742353482,0.0,0.0,0.0,0.0,1.0,20.995,20.965,833.0,61.610707814176635,-0.5602942865703113,True,False,True,False,True,0.6331294663804066,0,0.9187102633969125,0.9950045413260679,False,False,False,False,0.049582537887139774,0.000450246552973866,False,False,False,False,6398.0,18333.653480537956,False,False,False,False,1423.7833424964344,False,False,False,False
2025-10-14 18:00:00+00:00,21.015,21.045,20.995,21.045,726.0,,,20.870780423280426,21.01473685477368,21.031214256834943,21.020727829634005,21.01698226372374,21.0377840569968,21.06307298685056,21.094213405259367,20.82964028559327,21.021131431855473,21.01514145694771,21.014709674493346,21.017625183911072,21.037134448939273,21.046492708550087,21.07271569415136,21.086077319728016,21.095915184081534,21.058809727881528,21.010229700044075,20.850225491844945,20.987598312367208,21.07966037608161,"rgba(38, 166, 154, 1.0)",0.0,0.0,0.2515040343201451,21.042825823350057,0.008644698904420007,0.0,0.0,0.0,0.0,0.0,0.0,0.0,0.0,65.68508270471236,3.181953264078494,True,False,True,False,True,1.55843035607246,0,0.9251361161524507,0.9868421052631583,False,False,False,False,0.07656141453982948,0.03850583054640167,False,False,False,False,7124.0,18159.860403320312,False,False,False,False,1412.9649961011407,False,False,False,False
2025-10-14 19:00:00+00:00,21.045,21.095,20.975,21.045,3178.0,,,20.910943581233976,21.01560610802644,21.03144321654826,21.02120666341456,21.01751351210283,21.03779424843775,21.062664372989346,21.093435279958868,20.84221115512677,21.021623671501935,21.01574505693095,21.015279303681904,21.018082611042768,21.03715644059644,21.04634943744279,21.072194853583746,21.085398387953205,21.095119670715345,21.058630803282963,21.010390126082367,20.851066602413937,20.989600620925174,21.079049436526244,"rgba(38, 166, 154, 1.0)",0.0,0.0,0.2515145653368926,21.045009351554658,-3.718096661102945e-05,0.0,0.0,0.0,0.0,0.0,0.0,0.0,0.0,68.40133263173618,5.914141878497659,True,False,True,False,True,1.55843035607246,0,0.9259593679458245,0.9823927765237026,False,False,False,False,0.08670513253838334,0.06260548154239251,False,False,False,False,7124.0,17988.76179241612,False,False,False,False,1440.3298798825183,False,False,False,False
2025-10-15 14:00:00+00:00,21.19,21.265,21.075,21.085,2147.0,,,20.94309953478308,21.018667228405114,21.033787188452305,21.023380114403533,21.01956597008337,21.0390801658325,21.063536175644185,21.093884784398497,20.85392082225379,21.02390033802684,21.017920871762684,21.017305162566732,21.01989974980254,21.03843572961149,21.047466891636084,21.072898628680537,21.085933810809095,21.095550095256144,21.059118112008274,21.010894445905716,20.851941808041165,20.993549791142502,21.079668621012047,"rgba(38, 166, 154, 1.0)",0.0,0.0,0.25161770301093256,21.04782137425766,0.1477583862242274,0.0,0.0,0.0,0.0,0.0,0.0,0.0,0.0,70.9246092731303,8.694779245814928,True,False,True,False,True,2.8055097779238807,0,0.9354120267260587,0.9630289532293993,False,False,False,False,0.17906515674413936,0.12083531914326594,False,False,False,False,9271.0,17853.60269485928,False,False,False,False,1451.2860057758126,False,False,False,False
2025-10-15 15:00:00+00:00,21.085,21.085,20.995,21.015,2502.0,,,20.955474302414327,21.01902496388687,21.0337359088112,21.023550761616303,21.019794685260454,21.038974734269306,21.063131544048737,21.09321630960509,20.8616674795615,21.024068272432906,21.018192196030174,21.01756850645306,21.02009797782566,21.038340528427177,21.04725393866916,21.07241754842481,21.08533864748488,21.094869021900468,21.05893164632336,21.010987025903656,20.85257038178098,20.994669480514396,21.07912177575412,"rgba(38, 166, 154, 1.0)",0.0,0.0,0.25161383611111676,21.045739392829013,-0.12216892880023293,0.0,0.0,0.0,0.0,-1.0,21.075,21.065,839.0,69.09857079367825,8.694779245814928,True,False,True,False,True,0.5156898546728002,0,0.9302222222222231,0.9768888888888897,False,False,False,False,0.09009022841122785,0.10546277377724689,False,False,False,False,6769.0,17681.748389512624,False,False,False,False,1467.5761452211489,False,False,False,False
2025-10-15 16:00:00+00:00,21.015,21.065,21.005,21.015,1348.0,,,20.960575002163942,21.019160958532936,21.033666424961755,21.023603242052257,21.01988076008436,21.038893818371893,21.06289512457369,21.09284289196955,20.865491183879094,21.02411738825861,21.018298908178778,21.017673814966685,21.02017205140524,21.038265270827402,21.047117538211413,21.0721421587028,21.08500379116354,21.094489028983485,21.05882007635184,21.011028578892276,20.852900949494842,20.99519395837667,21.078811951384704,"rgba(38, 166, 154, 1.0)",0.0,0.0,0.25160524278764074,21.045488503492827,-0.12117594671331632,0.0,0.0,0.0,0.0,0.0,0.0,0.0,0.0,67.88121180737687,8.694779245814928,True,False,True,False,True,0.5156898546728002,0,0.9395973154362421,0.9749440715883674,False,False,False,False,0.08670513253838334,0.09608395315781512,False,False,False,False,6769.0,17512.558492000797,False,False,False,False,1465.72225149679,False,False,False,False
2025-10-15 17:00:00+00:00,21.015,21.02,20.92,21.015,3293.0,,,20.964142126426587,21.017983758724974,21.032183977157796,21.02259544516413,21.019042440608697,21.037910978691666,21.061623409997203,21.091347710029726,20.871833631484794,21.023047054815578,21.017464389090573,21.016911206717328,21.019415843458848,21.03730437164457,21.04604252177066,21.07083232152639,21.083589060633926,21.092982504888774,21.058168335634583,21.01087714834916,20.853505098202614,20.99482020449442,21.077434467700556,"rgba(38, 166, 154, 1.0)",0.0,0.0,0.2512715411410865,21.04367356006017,-0.1141138384791068,0.0,0.0,0.0,0.0,0.0,0.0,0.0,0.0,67.06963914984263,8.694779245814928,True,False,True,False,True,0.5156898546728002,0,0.9322033898305092,0.9781445138269411,False,False,False,False,0.042850597332252,0.06946727524503356,False,False,False,False,6769.0,17345.9916936752,False,False,False,False,1494.0521390704832,False,False,False,False
2025-10-15 18:00:00+00:00,21.01,21.04,20.985,21.035,1859.0,,,20.968396634845195,21.018022234084047,21.031977998660153,21.022557749200505,21.01905525872374,21.037728462058503,21.061243290332506,21.090793614985817,20.876143597045754,21.023000703718253,21.017499762362178,21.016951375917888,21.019422848664693,21.037129919359646,21.045790551582716,21.070404613943218,21.08308524376367,21.092419967410642,21.05797904372663,21.010907012987012,20.85393385687082,20.995330809898842,21.076962292242488,"rgba(38, 166, 154, 1.0)",0.0,0.0,0.2508324518856126,21.04372669946498,-0.03479095068990176,0.0,0.0,0.0,0.0,0.0,0.0,0.0,0.0,67.14307285611999,8.694779245814928,True,False,True,False,True,1.1752383882081148,0,0.9387572641931164,0.9767545820295046,False,False,False,False,0.07149557572768572,0.07048142548635963,False,False,False,False,8628.0,17210.829031757756,False,False,False,False,1499.7102454414835,False,False,False,False
2025-10-15 19:00:00+00:00,21.035,21.065,21.015,21.065,1004.0,,,20.971554969632574,21.018331436738396,21.032125977392678,21.022758359173135,21.019265407474137,21.037786506318348,21.0611799288901,21.090616268056703,20.878806871867553,21.023207128093585,21.017730336660218,21.017170252377554,21.019608884957876,21.037190588429887,21.045803769592663,21.070304770444064,21.082937173137783,21.092237203758533,21.05795327721135,21.010973065742743,20.85420385315568,20.99590499723055,21.076835740922554,"rgba(38, 166, 154, 1.0)",0.0,0.0,0.25041691362737406,21.044065240359263,0.08359962327420786,0.0,0.0,0.0,0.0,0.0,0.0,0.0,0.0,68.09257119887141,9.529148664339601,True,False,True,False,True,2.162432544576422,0,0.9395973154362425,0.9744966442953026,False,False,False,False,0.09009022841122785,0.08028582694879374,False,False,False,False,9632.0,17093.327806459183,False,False,False,False,1492.0248152796,False,False,False,False
2025-10-16 14:00:00+00:00,21.05,21.06,20.965,21.005,2368.0,,,20.974832187383758,21.018135694678705,21.03166368141645,21.022528380833496,21.019111164227237,21.037432374247853,21.0605942635494,21.089829848881198,20.88342437078874,21.022958087805918,21.01759635653015,21.017054210321295,21.019465229725412,21.036847685034786,21.045370117470547,21.06966814675458,21.082211494156287,21.091440909679488,21.05765304305828,21.010969032076606,20.854712535987296,20.99625616368214,21.07614611519976,"rgba(38, 166, 154, 1.0)",0.0,0.0,0.2502017564265846,21.04386452782335,-0.15533275376807165,0.0,0.0,0.0,0.0,0.0,0.0,0.0,0.0,65.06939485360557,9.529148664339601,True,False,True,False,False,0.11260526608258559,0,0.933155080213904,0.975935828877006,False,False,False,False,0.07149557572768572,0.07589070133823973,False,False,False,False,7264.0,16940.935127289275,False,False,False,False,1505.6058258954201,False,False,False,False
2025-10-16 15:00:00+00:00,21.005,21.055,20.965,20.985,1149.0,,,20.975898034199854,21.017950064908096,21.031362621268766,21.022347497553785,21.01897138440439,21.03721255837091,21.06026887508029,21.08941450657526,20.885409792144653,21.022765047200462,21.017463509874663,21.016934317953734,21.01933704606758,21.036633716211448,21.045114775660746,21.06932159437003,21.081824521716833,21.091021093131033,21.057483474578127,21.010950358958947,20.854944982482227,20.996320789368813,21.075775083894793,"rgba(38, 166, 154, 1.0)",0.0,0.0,0.2501084089274993,21.04368140789141,-0.23462389026839925,0.0,0.0,0.0,0.0,0.0,0.0,0.0,0.0,61.961916075939584,9.529148664339601,True,False,True,False,False,0.0,0,0.9363028953229402,0.9759465478841874,False,False,False,False,0.06980778929340244,0.07284924531582108,False,False,False,False,6115.0,16773.091171827426,False,False,False,False,1500.0770534009175,False,False,False,False
2025-10-16 16:00:00+00:00,20.985,21.005,20.855,20.925,1478.0,,,20.97358596987437,21.016669293571976,21.03004945585623,21.021310496660334,21.01804669147001,21.0363585311532,21.059338354941993,21.08844423297415,20.88631729774319,21.021676416524322,21.016517515828287,21.016055125123657,21.01850171925881,21.035793014282362,21.044243646231312,21.0684033671458,21.080881754435545,21.090048317973533,21.056982260406514,21.01073758060712,20.85509400091315,20.99529199471706,21.07483628003423,"rgba(38, 166, 154, 1.0)",0.0,0.0,0.25023012831620844,21.04244902397509,-0.46936404007543836,0.0,0.0,0.0,0.0,-1.0,20.965,20.955,852.0,56.958454539904956,14.493656109755648,True,False,True,False,False,0.0,0,0.9218328840970355,0.9914645103324353,False,False,False,False,0.015955517101140935,0.04440238120848101,False,False,False,False,4637.0,16584.93471955103,False,False,False,False,1499.7347735032288,False,False,False,False
2025-10-16 17:00:00+00:00,20.925,20.955,20.85,20.865,4340.0,,,20.963145541932885,21.011567585709823,21.02499704909312,21.017190877218358,21.014322333398127,21.03306341614402,21.055902520324818,21.084995267881933,20.88653256472764,21.017364922128255,21.01269366389267,21.012486115279074,21.015129072704447,21.032543819559272,21.04093750565908,21.065055575252874,21.077500034017497,21.086596493878602,21.05510080922574,21.009831339838417,20.855300894217564,20.99081249448599,21.071443842050652,"rgba(239, 83, 80, 1.0)",0.0,0.0,0.2503946074888365,21.037829837097195,-0.6902298688876611,0.0,0.0,0.0,0.0,0.0,0.0,0.0,0.0,51.2636535622629,9.034633540331832,True,False,False,False,False,0.0,0,0.9190880643719271,0.9955297273133666,False,False,False,False,-0.0025191226296060036,0.0209416292894375,False,False,False,False,297.0,16332.408599868068,False,False,False,False,1543.7698932938763,False,False,False,False
2025-10-16 18:00:00+00:00,20.865,20.865,20.755,20.835,2340.0,,,20.954008385913824,21.00746058778471,21.02105392116893,21.013883063799547,21.011296235200454,21.030488094688952,21.053331722476305,21.082519632192298,20.884448840316676,21.013912151158628,21.009577186190207,21.00956682473795,21.012383069268953,21.03000039747376,21.0383942901875,21.06258431855993,21.07504786801018,21.084123749648764,21.053671124036505,21.00905948169047,20.85518313155804,20.98694484106829,21.068963654991816,"rgba(239, 83, 80, 1.0)",0.0,0.0,0.25084448360485034,21.020687330473713,-0.740248809960761,0.0,0.0,0.0,0.0,-1.0,20.85,20.835,846.0,46.42821821441241,4.522800709403299,True,False,False,True,False,0.0,0,0.9151406878070569,1.0035730236712823,False,False,False,False,-0.06474684032497069,-0.021902605517766592,False,False,False,False,-2043.0,16047.51854405616,False,False,False,False,1556.1145461110254,False,False,False,False
2025-10-16 19:00:00+00:00,20.83,20.835,20.77,20.825,1215.0,,,20.949440092947967,21.00530525310239,21.018983545540422,21.012137218972452,21.00969527867966,21.02912354916702,21.05197214608932,21.081212271371058,20.88328620515325,21.012091801247106,21.007929301166616,21.00802084063904,21.01092732593707,21.028652389813725,21.037047416582542,21.061277475198693,21.073752100710728,21.082818024883995,21.052909530326335,21.008643754365274,20.855108520051793,20.984908352909965,21.067652755267986,"rgba(239, 83, 80, 1.0)",0.0,0.0,0.25159938841793994,21.018771225774074,-0.7701577773797892,0.0,0.0,0.0,0.0,0.0,0.0,0.0,0.0,42.85568530445293,1.1908434014701896,False,False,False,True,False,0.0,0,0.9178571428571431,1.001339285714286,False,False,False,False,-0.06980785679685572,-0.04585523115731116,False,False,False,False,-3258.0,15748.208179032034,False,False,False,False,1550.825948496901,False,False,False,False
2025-10-17 14:00:00+00:00,20.835,20.895,20.805,20.825,1660.0,,,20.94496313071912,21.00290076302092,21.01663847659414,21.010165911993507,21.007889080995678,21.027551813951295,21.0503788936758,21.07965242991131,20.882416752661648,21.010038218086265,21.006074614161243,21.006278593405305,21.00928010716757,21.027100043510227,21.035485815534546,21.059735975272,21.072212205270464,21.081258797913826,21.052011310679525,21.008168663196376,20.85507826194654,20.982690823914144,21.066100543834313,"rgba(239, 83, 80, 1.0)",0.0,0.0,0.2522850882747432,21.017255921987054,-0.7620582068555898,0.0,0.0,0.0,0.0,0.0,0.0,0.0,0.0,40.47399669781328,-1.1321142830893223,False,False,False,True,False,0.0,0,0.9335793357933583,1.0166051660516608,False,False,False,False,-0.03780428850665412,-0.041829759831982644,False,False,False,False,-3258.0,15453.538284783474,False,False,False,False,1552.5185694504373,False,False,False,False
2025-10-17 15:00:00+00:00,20.825,20.905,20.805,20.875,1149.0,,,20.942635044190386,21.00147878129354,21.015232711751114,21.008986735683507,21.006809168450356,21.026594654493895,21.049394486943754,21.07867433886815,20.882120988450705,21.008810965294327,21.004968146849034,21.005237822319668,21.00829242442772,21.026154836848963,21.034529498518015,21.05877830938976,21.071249681700994,21.080280414601805,21.0514527417313,21.00788071052964,20.85508851135118,20.981407740264686,21.065133215005407,"rgba(239, 83, 80, 1.0)",0.0,0.0,0.25275059814942896,21.016476503313207,-0.5597474520300227,0.0,0.0,0.0,0.0,0.0,0.0,0.0,0.0,42.15829697780514,-1.1321142830893223,False,False,False,True,False,0.0,0,0.9296947271045333,0.9898242368177613,False,False,False,False,-0.03444112245699867,-0.03813544114449066,False,False,False,False,-2109.0,15181.250869515512,False,False,False,False,1546.2624675984925,False,False,False,False
2025-10-17 16:00:00+00:00,20.875,20.9,20.815,20.835,874.0,,,20.940706618394312,21.00032749249967,21.014100412942344,21.00803220148426,21.00593316757324,21.025822962862968,21.04860642702855,21.07789651683207,20.881776461925504,21.007818006223847,21.00407018579047,21.004392603805876,21.007490860211945,21.025392571394622,21.03376046062514,21.05801327793524,21.07048297054043,21.079502608594844,21.0510040662112,21.00764501615845,20.85508249702599,20.980356487965015,21.0643616725892,"rgba(239, 83, 80, 1.0)",0.0,0.0,0.25363036166908287,21.015685719287,-0.712397830046637,0.0,0.0,0.0,0.0,0.0,0.0,0.0,0.0,41.44768441075345,-1.1321142830893223,False,False,False,True,False,0.0,0,0.9255467659376458,0.9990693345742208,False,False,False,False,-0.03275983618934996,-0.035447638666920314,False,False,False,False,-2983.0,14899.634576964883,False,False,False,False,1535.8397936822369,False,False,False,False
2025-10-17 17:00:00+00:00,20.835,20.855,20.795,20.845,342.0,,,20.93982556033329,20.99982737543026,21.01361252300298,21.007618830597732,21.005553054026652,21.02549153393994,21.04827143938607,21.077569220962953,20.88156702555391,21.007388083666964,21.003680160961366,21.0040253896618,21.007143154522698,21.02506509554266,21.03343142575587,21.05768919190482,21.070159571098234,21.079175479154934,21.05081307726712,21.007542275953657,20.855071672233464,20.979892480967454,21.06403557691782,"rgba(239, 83, 80, 1.0)",0.0,0.0,0.2541812150614591,21.01528700140053,-0.6699432975775068,0.0,0.0,0.0,0.0,0.0,0.0,0.0,0.0,41.63091660270295,-1.1321142830893223,False,False,False,True,False,0.0,0,0.9266012155212722,0.9985974754558208,False,False,False,False,-0.05463447583333643,-0.04504105725012837,False,False,False,False,-2641.0,14627.686754066202,False,False,False,False,1517.3306495941401,False,False,False,False
2025-10-17 18:00:00+00:00,20.845,20.915,20.845,20.895,3148.0,,,20.93603018574717,20.996776553994174,21.010522602966244,21.005029294101607,21.003180297734797,21.023318197975073,21.04598331767789,21.075241591153436,20.881694204177695,21.004699005409183,21.001259231179635,21.00174087781125,21.004959537047032,21.02291912043842,21.0312398161394,21.05544286092081,21.06788001564334,21.0768446329838,21.04949465073379,21.006887265639058,20.85519848325574,20.97724285456636,21.061755551689917,"rgba(239, 83, 80, 1.0)",0.0,0.0,0.2540401826767651,21.0137088958564,-0.467283933610782,0.0,0.0,0.0,0.0,1.0,20.895,20.855,870.0,44.76950101799281,-1.1321142830893223,False,False,False,True,True,0.0,0,0.9235818096577592,0.9995311767463667,False,False,False,False,-0.017635447612911363,-0.031338252431519865,False,False,False,False,507.0,14408.761378034167,False,False,False,False,1542.6123449492698,False,False,False,False
2025-10-17 19:00:00+00:00,20.895,20.945,20.895,20.925,1714.0,,,20.93550846260349,20.995705510583836,21.009375288776393,21.004081645962813,21.002316022805775,21.02246916588292,21.04504192015363,21.07423749653512,20.882484532831917,21.00371743143733,21.00038494075124,21.000912730498175,21.004156594544845,21.022081458956787,21.030365959578575,21.054502058373004,21.06690644901469,21.075837014390856,21.048943636173107,21.006639967538913,20.855351473481367,20.976410583489866,21.060790880894796,"rgba(239, 83, 80, 1.0)",0.0,0.0,0.2541364462908915,21.013419821450046,-0.3479226326665403,0.0,0.0,0.0,0.0,0.0,0.0,0.0,0.0,48.41659353831024,-1.1321142830893223,True,False,False,False,True,0.0,0,0.9261871180065823,0.996708979783733,False,False,False,False,0.009236869380325167,-0.011050691525597348,False,False,False,False,2221.0,14219.803837289452,False,False,False,False,1545.2695178957927,False,False,False,False
2025-10-20 14:00:00+00:00,20.935,21.015,20.915,20.975,646.0,,,20.93595176373849,20.995559187388803,21.009176524976887,21.003929136700954,21.002180762903503,21.022299282187795,21.044823611129463,21.07397716894977,20.883119539703433,21.003560476533806,21.00025279279395,21.00078623062098,21.00402690995086,21.021914389922337,21.03018006169833,21.054274264832266,21.066659691544608,21.075574562563776,21.048812885363645,21.00659811737487,20.855449400764694,20.976365250229506,21.06055154169605,"rgba(239, 83, 80, 1.0)",0.0,0.0,0.2537533029120383,21.013598820541905,-0.15211159854452502,0.0,0.0,0.0,0.0,0.0,0.0,0.0,0.0,53.08558596005584,-3.9964600262675845,True,False,True,False,True,0.0,0,0.928772258669166,0.9882849109653233,False,False,False,False,0.03948612010299924,0.014217714288700946,False,False,False,False,2867.0,14043.791374695817,False,False,False,False,1531.3273548276409,False,False,False,False
2025-10-20 15:00:00+00:00,20.975,20.975,20.915,20.925,0.0,,,20.93595176373849,20.995559187388803,21.009176524976887,21.003929136700954,21.002180762903503,21.022299282187795,21.044823611129463,21.07397716894977,20.883119539703433,21.003560476533806,21.00025279279395,21.00078623062098,21.00402690995086,21.021914389922337,21.03018006169833,21.054274264832266,21.066659691544608,21.075574562563776,21.048812885363645,21.00659811737487,20.855449400764694,20.976365250229506,21.06055154169605,"rgba(239, 83, 80, 1.0)",0.0,0.0,0.2528879679311659,21.013598820541905,-0.3503481057905445,0.0,0.0,0.0,0.0,0.0,0.0,0.0,0.0,53.16708823660241,-3.711189718192749,True,False,True,False,True,0.0,0,0.9263602251407131,0.9948405253283302,False,False,False,False,0.026036379812931255,0.0201270470508161,False,False,False,False,2867.0,13870.50778749123,False,False,False,False,1507.585845450468,False,False,False,False
2025-10-20 16:00:00+00:00,20.925,20.975,20.925,20.975,0.0,,,20.93595176373849,20.995559187388803,21.009176524976887,21.003929136700954,21.002180762903503,21.022299282187795,21.044823611129463,21.07397716894977,20.883119539703433,21.003560476533806,21.00025279279395,21.00078623062098,21.00402690995086,21.021914389922337,21.03018006169833,21.054274264832266,21.066659691544608,21.075574562563776,21.048812885363645,21.00659811737487,20.855449400764694,20.976365250229506,21.06055154169605,"rgba(239, 83, 80, 1.0)",0.0,0.0,0.2521265948285702,21.013598820541905,-0.15309301491240115,0.0,0.0,0.0,0.0,0.0,0.0,0.0,0.0,55.41190811646675,-1.285309167944952,True,False,True,False,True,0.0,0,0.9389782403027439,0.9919583727530746,False,False,False,False,0.029397742248124015,0.024762394649470058,False,False,False,False,2867.0,13699.910767530126,False,False,False,False,1484.2124214899957,False,False,False,False
2025-10-20 17:00:00+00:00,20.975,20.995,20.975,20.995,457.0,,,20.93644747468473,20.995531964298475,21.009105359104055,21.0038822096392,21.002141881402665,21.02222404522556,21.044710107014406,21.07382849585513,20.883667228600928,21.00351284350501,21.000218128208402,21.000752118411256,21.00398682161011,21.021840708715224,21.03009153388698,21.054151175883533,21.06652122813329,21.075424150623554,21.048743567043193,21.006584011959816,20.85553083085714,20.976412580695406,21.06041953156353,"rgba(239, 83, 80, 1.0)",0.0,0.0,0.25165040816171586,21.013804164165176,-0.07472336048464145,0.0,0.0,0.0,0.0,1.0,20.985,20.975,858.0,57.704910809513166,1.1621607762187054,True,False,True,False,True,0.6893440403965023,0,0.9482185273159149,0.9828978622327788,False,False,False,False,0.05295015473487082,0.03885627469217044,False,False,False,False,3324.0,13539.043933925006,False,False,False,False,1468.2866475134065,False,False,False,False
2025-10-20 18:00:00+00:00,20.995,21.02,20.985,21.005,320.0,,,20.936887775743493,20.995552490503368,21.00909159231903,21.00388105562857,21.00214421933064,21.022194790466877,21.044651974687465,21.073742910041467,20.884101824950054,21.00351245116521,21.000224459121906,21.000757059983698,21.003985654823023,21.021812318135403,21.03005195477531,21.0540848402769,21.06644310898365,21.0753372245061,21.04870715218887,21.006582255070686,20.855594223916395,20.97648692302824,21.06034655726397,"rgba(239, 83, 80, 1.0)",0.0,0.0,0.25123034188711163,21.01398835497292,-0.0357773464200422,0.0,0.0,0.0,0.0,1.0,21.005,20.995,858.0,59.64122669643473,3.2654141164949237,True,False,True,False,True,1.0433630010196602,0,0.9461904761904767,0.9828571428571429,False,False,False,False,0.06474677286739895,0.0518015237797847,False,False,False,False,3644.0,13385.632400065702,False,False,False,False,1450.4837537535086,False,False,False,False
2025-10-20 19:00:00+00:00,21.005,21.045,21.005,21.015,761.0,,,20.93819452321154,20.995714873253096,21.009162516304997,21.00396954125563,21.00223489726704,21.022192852608143,21.0445754330998,21.073592988270068,20.88527976250754,21.003606322717715,21.000327590311453,21.0008518251624,21.004060412441785,21.021811788718846,21.030022562255397,21.05398451563754,21.066311848832942,21.075183763670342,21.048655683088672,21.006601618199394,20.855763443034224,20.976781693944563,21.060229326801807,"rgba(239, 83, 80, 1.0)",0.0,0.0,0.25073456048149845,21.0145357338965,0.0018516238950374516,0.0,0.0,0.0,0.0,0.0,0.0,0.0,0.0,61.36021479695296,5.174375880305902,True,False,True,False,True,1.4011465771866618,0,0.9470924690181128,0.9804575786463297,False,False,False,False,0.07994080458613195,0.06587116418295832,False,False,False,False,4405.0,13246.39778921197,False,False,False,False,1439.794083152679,False,False,False,False
2025-10-21 14:00:00+00:00,20.985,21.135,20.965,21.135,1141.0,,,20.941360012933966,20.996478025862725,21.009742544836328,21.0045201446661,21.002761193275962,21.02250002397667,21.044743143726297,21.073613361759936,20.887726872116183,21.004181207887775,21.000886095807044,21.00137477595785,21.004528293379572,21.02211815237959,21.030275135475275,21.05409697288618,21.066364455132017,21.07519720851463,21.048740138005567,21.006739410295385,20.856102955921873,20.977765480839984,21.060311222649073,"rgba(38, 166, 154, 1.0)",0.0,0.0,0.250487488673611,21.015901553333062,0.47546664824495977,0.0,0.0,0.0,0.0,1.0,21.075,21.045,862.0,66.28605124076226,9.976645380907513,True,False,True,False,True,5.5171528012725375,0,0.9467483506126301,0.9693685202639017,False,False,False,False,0.09686668090772674,0.08136892254534253,False,False,False,False,5546.0,13127.011776976124,False,False,False,False,1435.1616167472112,False,False,False,False
2025-10-21 15:00:00+00:00,21.13,21.165,21.075,21.105,3089.0,,,20.95136661567355,20.999369627658037,21.01207902767598,21.00669121217713,21.004824070272736,21.023850206733602,21.04567554717294,21.074089380219036,20.8952674099295,21.00644218850794,21.00305596764564,21.00341372239199,21.006380732658407,21.02346141121317,21.031457585026484,21.054849087555738,21.066933898853296,21.07565194530127,21.04924671463233,21.007299507037136,20.8571677346857,20.981272727774144,21.06097287717374,"rgba(38, 166, 154, 1.0)",0.0,0.0,0.25012775114313546,21.02203264420737,0.3316999229931553,0.0,0.0,0.0,0.0,0.0,0.0,0.0,0.0,67.46162321207346,11.207953545828865,True,False,True,False,True,4.384608460537109,0,0.9543744120413926,0.971307619943556,False,False,False,False,0.1445869317691626,0.11297792715725256,False,False,False,False,2457.0,12961.5852377982,False,False,False,False,1460.802521913921,False,False,False,False
2025-10-21 16:00:00+00:00,21.105,21.135,21.085,21.095,423.0,,,20.952569520283824,20.99972135195273,21.01236062453582,21.00695505052429,21.005075562440165,21.024012086885982,21.04578316465105,21.07413798850767,20.89621598984952,21.006716778856504,21.003320726451133,21.003662735780733,21.00660666637782,21.02362257048116,21.031597867325647,21.054933754262173,21.06699483319521,21.07569778792053,21.049305023298434,21.007368674891023,20.857307232715282,20.98170422066858,21.061045698220475,"rgba(38, 166, 154, 1.0)",0.0,0.0,0.2499076766465514,21.022442464313613,0.29033736242126335,0.0,0.0,0.0,0.0,0.0,0.0,0.0,0.0,67.54229828847065,11.566379065146613,True,False,True,False,True,4.006616175212244,0,0.9676344597810573,0.9700142789148023,False,False,False,False,0.13773460204953503,0.1253562646033938,False,False,False,False,2034.0,12792.165311630784,False,False,False,False,1444.7125603338602,False,False,False,False
2025-10-21 17:00:00+00:00,21.095,21.135,21.08,21.105,902.0,,,20.955100072217068,21.000475347433916,21.01296613587884,21.00752243727238,21.005616521246335,21.02436218987242,21.04601777012613,21.074246701470578,20.898226267632477,21.007307075323457,21.003889906539023,21.004198339357544,21.007093106607748,21.023971100740273,21.031901975226578,21.05511932362731,21.067129789216036,21.075800598447568,21.049432662167,21.007518353261634,20.857606170798313,20.982626656518867,21.061206036873237,"rgba(38, 166, 154, 1.0)",0.0,0.0,0.24629186889687457,21.023347462315375,0.33152754108506394,0.0,0.0,0.0,0.0,0.0,0.0,0.0,0.0,67.949945062144,12.350058213854744,True,False,True,False,True,4.349884263189153,0,0.9657142857142861,0.9671428571428569,False,False,False,False,0.13602355067847272,0.13068990764093324,False,False,False,False,2936.0,12639.356547109377,False,False,False,False,1436.29841211163,False,False,False,False
2025-10-21 18:00:00+00:00,21.105,21.125,21.075,21.075,900.0,,,20.957301693923494,21.001112365916892,21.013467118866252,21.007997482477723,21.00607129434978,21.024645444626287,21.04619260907927,21.07430459797705,20.90005255538771,21.00780127971464,21.004369630871135,21.004649809501426,21.007501367732253,21.024253402156432,21.032142575975808,21.0552496641689,21.067212792188023,21.075852980341377,21.049526223506547,21.007644724217613,20.857885811482923,20.983423900975406,21.061312482608212,"rgba(38, 166, 154, 1.0)",0.0,0.0,0.24195556512617394,21.023988719487555,0.21082912676897164,0.0,0.0,0.0,0.0,0.0,0.0,0.0,0.0,65.93276440039529,12.350058213854744,True,False,True,False,True,3.192504572269012,0,0.9670958512160234,0.9666189794945158,False,False,False,False,0.13089510178604116,0.1307925047134872,False,False,False,False,2036.0,12474.963422347992,False,False,False,False,1427.9837080478837,False,False,False,False
2025-10-21 19:00:00+00:00,21.075,21.09,21.045,21.055,1577.0,,,20.960214590156326,21.001864752265206,21.014017195952253,21.00853952242231,21.006596701402028,21.024928653325716,21.046306876226783,21.074241075253024,20.902709732899915,21.008365527313345,21.004928933613236,21.00517579457101,21.007969660544887,21.024536889669847,21.03236105743961,21.05529986558293,21.06718993261842,21.075780971138183,21.04957961149892,21.007790880032122,20.858315005941332,20.98443469879389,21.061324781377106,"rgba(38, 166, 154, 1.0)",0.0,0.0,0.23688931919692038,21.02444800230824,0.128971613390312,0.0,0.0,0.0,0.0,0.0,0.0,0.0,0.0,63.15036634330288,12.350058213854744,True,False,True,False,False,2.4242778876663706,0,0.9614101953311109,0.9699857074797521,False,False,False,False,0.10874722802154482,0.119769866367516,False,False,False,False,459.0,12288.669415799961,False,False,False,False,1430.2940381556684,False,False,False,False
2025-10-22 14:00:00+00:00,20.995,21.095,20.965,21.075,1900.0,,,20.96293097149153,21.002484160274093,21.01442356988357,21.008964801024813,21.00701660039171,21.025104128801292,21.04629646326342,21.07403850828259,20.905445945717993,21.00880857812716,21.00538170594638,21.005601257281672,21.00834012577425,21.02471418387324,21.032466829637134,21.055223372264525,21.067033508947677,21.075569134550374,21.049558375494108,21.00790816704602,20.85878370360778,20.9853438649717,21.061205951988715,"rgba(38, 166, 154, 1.0)",0.0,0.0,0.23312821743795145,21.0246781482387,0.2158548300773306,0.0,0.0,0.0,0.0,0.0,0.0,0.0,0.0,62.32310517095361,17.36367238805488,True,False,True,False,False,3.144650666794657,0,0.9559450497394607,0.9711037423022265,False,False,False,False,0.08332201763498201,0.101545942001249,False,False,False,False,2359.0,12134.721052764302,False,False,False,False,1437.576301129999,False,False,False,False
2025-10-22 15:00:00+00:00,21.08,21.125,21.055,21.085,2420.0,,,20.96784759574882,21.004026112987223,21.015638002444327,21.010126668804038,21.008133493386918,21.025800450821468,21.04671878827128,21.07416353440071,20.909818259652585,21.01001497153007,21.006558580001926,21.006711915117098,21.009346606910448,21.02540857824123,21.03305603858418,21.055533630712677,21.067223049580193,21.075680047875526,21.049786042347524,21.008229765650125,20.85951540720661,20.98727605026707,21.06145514635732,"rgba(38, 166, 154, 1.0)",0.0,0.0,0.22907870711632106,21.026401607953826,0.25580025653113214,0.0,0.0,0.0,0.0,0.0,0.0,0.0,0.0,62.286587953347826,17.005751910073272,True,False,True,False,False,3.5067061781780993,0,0.9598108747044923,0.9711583924349882,False,False,False,False,0.12406775682876092,0.11280684941500496,False,False,False,False,4779.0,12020.67886589974,False,False,False,False,1452.8076763062782,False,False,False,False
2025-10-22 16:00:00+00:00,21.085,21.09,20.92,21.04,580.0,,,20.968302061932896,21.004080294128514,21.015642037512965,21.010149534137476,21.00816149142111,21.025776406583542,21.046646601148293,21.074043261081254,20.910426992780312,21.010039068111556,21.006592834091922,21.00674384183791,21.009368614481883,21.02538576942455,21.033014715152042,21.055446537575918,21.06711545517925,21.075557402895228,21.04973950168911,21.00823784361112,20.859635373000028,20.987407611785557,21.061356755623898,"rgba(38, 166, 154, 1.0)",0.0,0.0,0.22543785224592724,21.026304532519955,0.06075052323113882,0.0,0.0,0.0,0.0,0.0,0.0,0.0,0.0,58.822379242398426,13.49349942530926,True,False,True,False,False,1.7313905964321208,0,0.9457401237505959,0.9914326511185153,False,False,False,False,0.06643339760227358,0.08962012350863927,False,False,False,False,4199.0,11899.41252689354,False,False,False,False,1439.2757743480413,False,False,False,False
2025-10-22 17:00:00+00:00,21.04,21.065,20.945,20.985,2361.0,,,20.96939854119952,21.003981739736773,21.015369999312128,21.009983725003078,21.008031954089727,21.02548544750203,21.046178765756157,21.073404021728635,20.91241945548451,21.009868957197202,21.006480447303012,21.006635453908654,21.00923519290448,21.02510146579007,21.032662373706952,21.054930282507076,21.066524695242844,21.07490957252142,21.04944711580928,21.008199390593827,20.860065038186235,20.987603133937682,21.060798167800996,"rgba(38, 166, 154, 1.0)",0.0,0.0,0.22140719081406454,21.025564699373742,-0.1832131071470418,0.0,0.0,0.0,0.0,0.0,0.0,0.0,0.0,53.30035289724947,8.306082892117416,False,False,False,False,False,0.0,0,0.9437883797827121,0.9891355692017006,False,False,False,False,0.06643339760227358,0.07802676055545643,False,False,False,False,1838.0,11743.421635003717,False,False,False,False,1453.5660724201648,False,False,False,False
2025-10-22 18:00:00+00:00,20.985,21.025,20.965,21.015,5406.0,,,20.971888037371624,21.00389427041836,21.014893987975523,21.009724816691627,21.00784548439888,21.0249209244142,21.045213246878998,21.072043454007726,20.91682268280217,21.00960481795654,21.006335000745217,21.00649303769841,21.009031312909855,21.024550796955616,21.03195774215524,21.053850237994325,21.065273798863352,21.073529215923475,21.048832856132734,21.008141829614733,20.861062367869284,20.98815671312139,21.059622016834133,"rgba(38, 166, 154, 1.0)",0.0,0.0,0.2177192795429845,21.024618941219543,-0.044180475150083345,0.0,0.0,0.0,0.0,0.0,0.0,0.0,0.0,51.58814977405224,6.779021161097745,False,True,False,False,False,0.7601071468638523,0,0.948162111215835,0.9901036757775686,False,False,False,False,0.0596890665093081,0.06885791353238227,False,False,False,False,7244.0,11673.663160042419,False,False,False,False,1514.8441178089995,False,False,False,False
2025-10-22 19:00:00+00:00,21.015,21.025,20.965,20.965,860.0,,,20.972047012824675,21.003781384168622,21.014729700656712,21.0096029776912,21.007739511753098,21.02477097291741,21.04500618453918,21.07178162065359,20.917353620327436,21.00947941113719,21.006232942114444,21.00639548180637,21.008928769896404,21.024403502466186,21.031788533574677,21.05362885707556,21.065028258232946,21.073264588626625,21.04870257510457,21.00810943702707,20.8612010785069,20.98813706903621,21.05938664118824,"rgba(38, 166, 154, 1.0)",0.0,0.0,0.214231141485111,21.024376615475642,-0.27716145777885887,0.0,0.0,0.0,0.0,0.0,0.0,0.0,0.0,47.86273068406906,3.3369996156246984,False,True,False,True,False,0.0,0,0.9537517697026907,0.988201982067013,False,False,False,False,0.0596890665093081,0.06427349002084519,False,False,False,False,6384.0,11591.652878491373,False,False,False,False,1504.6914958274645,False,False,False,False
2025-10-23 14:00:00+00:00,20.98,20.99,20.855,20.905,2886.0,,,20.969881824873227,21.00206908763996,21.012953929879384,21.008091111161225,21.006343555480026,21.02342526455026,21.04354203890812,21.070231454067585,20.91733612488748,21.0079186332436,21.00481785517466,21.005049248705973,21.007626277943555,21.023073662690482,21.030413064898074,21.052166773318934,21.063520840154485,21.07170934950257,21.047804397051443,21.007681913540736,20.8614086176391,20.986675077731466,21.057891768135924,"rgba(239, 83, 80, 1.0)",0.0,0.0,0.2108810988160618,21.01421869559739,-0.5179160020057203,0.0,0.0,0.0,0.0,-1.0,20.965,20.915,872.0,42.97466357499223,-1.0998571113201905,False,True,False,True,False,0.0,0,0.9470477975632623,0.9868791002811628,False,False,False,False,0.01091642944611205,0.03759495973347862,False,False,False,False,3498.0,11466.169888127166,False,False,False,False,1526.1071315510696,False,False,False,False
2025-10-23 15:00:00+00:00,20.905,20.915,20.855,20.895,1863.0,,,20.967874361346023,21.00064405377595,21.011514002249292,21.00684656391606,21.005187328750917,21.02234835810123,21.042407368166323,21.069065512685533,20.916867017997752,21.0066344152962,21.003641830462065,21.003929684550172,21.0065489619134,21.022008533045923,21.029325626204237,21.05104550864767,21.06237929599239,21.070541209617858,21.04710718339485,21.007322796811092,20.861473495465127,20.985393409212268,21.05675301672446,"rgba(239, 83, 80, 1.0)",0.0,0.0,0.2085761899811647,21.00283070545051,-0.5169847309045577,0.0,0.0,0.0,0.0,0.0,0.0,0.0,0.0,39.35758317056318,-4.303474003289388,False,True,False,True,False,0.0,0,0.9469981238273929,0.9948405253283306,False,False,False,False,-0.014275811013755085,0.011659574359861768,False,False,False,False,1635.0,11313.74864955155,False,False,False,False,1531.3302767983398,False,False,False,False
2025-10-23 16:00:00+00:00,20.895,20.935,20.875,20.92,1656.0,,,20.966635094479507,20.99964565305593,21.010481986019368,21.005960130809274,21.00436549480457,21.02155786833447,21.041552497618493,21.06816434714781,20.916769687684546,21.00572069294324,21.002808944508605,21.00313557216471,21.00578009511948,21.021226972797137,21.028519302884515,21.050192647552837,21.0615017804856,21.069637281035796,21.046576412411873,21.00706318741502,20.861577210673197,20.98453000053018,21.055882135118406,"rgba(239, 83, 80, 1.0)",0.0,0.0,0.20599608585460885,21.00222602623961,-0.39916305156227444,0.0,0.0,0.0,0.0,0.0,0.0,0.0,0.0,38.834914863792406,-4.7628165444546795,False,True,False,True,False,0.0,0,0.9459078080903112,0.9995296331138293,False,False,False,False,-0.000839728356181815,0.005409923001839977,False,False,False,False,3291.0,11189.364949558503,False,False,False,False,1533.263140723947,False,False,False,False
2025-10-23 17:00:00+00:00,20.92,20.995,20.895,20.985,805.0,,,20.966549570647935,20.99942563335803,21.010225538647624,21.005749160843017,21.004173104613173,21.0213423581353,21.041292130464516,21.067862703153907,20.917054099159593,21.005503878171975,21.0026174750878,21.002952200093898,21.005597130274552,21.021014363122003,21.02828950971779,21.049923430163624,21.06121377735085,21.06933346783445,21.046410665036465,21.007000080972652,20.86167763211615,20.984384971941015,21.0556015410141,"rgba(239, 83, 80, 1.0)",0.0,0.0,0.2042939279788831,21.002818896815693,-0.08722186210808808,0.0,0.0,0.0,0.0,1.0,20.975,20.935,875.0,42.55611122725942,-4.7628165444546795,False,True,False,True,True,0.0,0,0.9479606188466955,0.993436474449133,False,False,False,False,0.026036379812931255,0.015723151407385616,False,False,False,False,4096.0,11079.39029917775,False,False,False,False,1521.9722393173738,False,False,False,False
2025-10-23 18:00:00+00:00,20.985,21.005,20.975,20.995,2027.0,,,20.967184641419692,20.999322959848715,21.00999854175215,21.005593818648187,21.004042857999167,21.021089818674923,21.04090423268793,21.067339383692374,20.91831791580665,21.005346277535228,21.002500039678978,21.00283707752079,21.005463166351177,21.02076666250277,21.02799005508964,21.049496663052643,21.060728326572402,21.068803298489502,21.046152966949595,21.006950242876712,20.862016459952805,20.984485083822246,21.055141794909993,"rgba(239, 83, 80, 1.0)",0.0,0.0,0.20151482631622264,21.004882878040277,-0.0490429325769198,0.0,0.0,0.0,0.0,0.0,0.0,0.0,0.0,45.584439734983114,-11.1150627761346,False,True,False,True,True,0.2153642877334896,0,0.9553781117895733,0.9910756223579149,False,False,False,False,0.056318971892456625,0.036021061649921124,False,False,False,False,6123.0,11002.54703872538,False,False,False,False,1529.802127079895,False,False,False,False
2025-10-23 19:00:00+00:00,20.995,21.005,20.94,20.965,4408.0,,,20.967331374542823,20.998502742400493,21.008962207775923,21.004759989016737,21.00328894593966,21.020161521688046,21.039719139325037,21.065906956842998,20.92015399039843,21.004491968102705,21.00175938994443,21.00212445105261,21.004736727558875,21.019851663613657,21.02697692361554,21.048250091305356,21.059371719549617,21.06735806188997,21.045381306612285,21.00669090329127,20.862625103413706,20.98406458205734,21.053830887130008,"rgba(239, 83, 80, 1.0)",0.0,0.0,0.19913382253979744,21.005339480944595,-0.20257473306190188,0.0,0.0,0.0,0.0,0.0,0.0,0.0,0.0,45.88529441740458,-10.666346444999029,False,True,False,True,True,0.0,0,0.9539906103286393,0.9901408450704228,False,False,False,False,0.044533194832815544,0.04027712824136834,False,False,False,False,1715.0,10858.554061380803,False,False,False,False,1574.4253499158654,False,False,False,False
2025-10-24 14:00:00+00:00,21.145,21.155,21.065,21.075,2780.0,,21.098333333333333,20.971500354869733,21.000233329384056,21.01039907583048,21.006122338893405,21.004598129714324,21.02104716241677,21.04033054920809,21.066205133378755,20.924058690756777,21.005900929121413,21.003127732048966,21.003423459740198,21.005930468705795,21.020733736813444,21.02775458307688,21.048740536173888,21.059735697499622,21.067641199654535,21.045717553729723,21.00709476547076,20.86346001845828,20.98611904438537,21.054258863359085,"rgba(239, 83, 80, 1.0)",0.0,0.0,0.1976773465356252,21.010021283109275,0.3287109930879923,0.0,0.0,0.0,0.0,0.0,0.0,0.0,0.0,51.28793643784192,-5.447271536932249,False,True,True,False,True,3.169450126151279,1,0.9578313253012056,0.9763670064874888,False,False,False,False,0.13773460204953503,0.08900586514545168,False,False,False,False,4495.0,10759.894308491177,False,False,False,False,1593.116429762131,False,False,False,False
2025-10-24 15:00:00+00:00,21.075,21.155,21.075,21.135,4012.0,,21.112116215155087,20.97809420876748,21.00319715413769,21.012922224608683,21.00850011370029,21.006879952389053,21.02266584733744,21.04153680709834,21.066931502869412,20.930116681567057,21.008356152435123,21.005503045861914,21.005683458149928,21.00802224064222,21.022344744589425,21.029208758042287,21.049756790552273,21.060559543624873,21.068344605119684,21.046407242259967,21.007818830375083,20.864773235975804,20.98954714701463,21.05518159630051,"rgba(239, 83, 80, 1.0)",0.0,0.0,0.1970737503146865,21.016154042463008,0.603053209000292,0.0,0.0,0.0,0.0,0.0,0.0,0.0,0.0,56.80769073299639,-0.32756730421941427,True,False,True,False,True,5.266251242136757,0,0.958719851576995,0.9800556586270875,False,False,False,False,0.14115912081083132,0.11508249297814149,False,False,False,False,8507.0,10724.965714561082,False,False,False,False,1630.618500618532,False,False,False,False
2025-10-24 16:00:00+00:00,21.135,21.145,21.055,21.095,2500.0,,21.108407949490605,20.981296554736442,21.004622381086495,21.014112298243266,21.009637490694182,21.00797738418093,21.02341684167622,21.042056877991953,21.067185699545167,20.933269900301664,21.009529753550826,21.00664787199232,21.006773928791137,21.009028017218977,21.023093076236236,21.029869354750332,21.050174977043156,21.06087008731949,21.06858594833099,21.046699418192453,21.00817388054861,20.865511093981343,20.991234958264805,21.055546564000544,"rgba(239, 83, 80, 1.0)",0.0,0.0,0.19552786027616756,21.018611990287962,0.39067583312242604,0.0,0.0,0.0,0.0,0.0,0.0,0.0,0.0,58.17600147033454,0.9332906409109043,True,False,True,False,True,3.7033768336227553,0,0.9678471575023306,0.9771668219944087,False,False,False,False,0.13089510178604116,0.12298879738209133,False,False,False,False,6007.0,10651.818959296568,False,False,False,False,1644.0972835546788,False,False,False,False
2025-10-24 17:00:00+00:00,21.095,21.135,21.085,21.105,900.0,,21.10840136054422,20.982503007344256,21.00517870730743,21.01458255695304,21.01008530074563,21.008409053615953,21.023719165898566,21.04227463557276,21.06730526301062,20.934443343834634,21.009991526846655,21.00709732815368,21.007202433413973,21.009424566992486,21.023394207620235,21.030138375130313,21.050354663004917,21.061010145554775,21.068700772068578,21.046824013656625,21.008315119067756,20.865786943012157,20.991885364273145,21.05570680122051,"rgba(239, 83, 80, 1.0)",0.0,0.0,0.1939823759061492,21.01951398343837,0.4406896047246614,0.0,0.0,0.0,0.0,0.0,0.0,0.0,0.0,59.452280870939205,2.302880747619035,True,False,True,False,True,4.055765667576615,0,0.9724813432835829,0.9752798507462689,False,False,False,False,0.13773460204953503,0.13036169971581318,False,False,False,False,6907.0,10593.759750625304,False,False,False,False,1632.560891561583,False,False,False,False
2025-10-24 18:00:00+00:00,21.105,21.115,21.095,21.115,225.0,,21.108399891203483,20.982801048498317,21.005316857535135,21.01469938908551,21.01019661902892,21.008516391355553,21.023794410893636,21.042328851569216,21.06733504538772,20.934734250846375,21.01010629653067,21.007209072059084,21.007308995174835,21.009523210080108,21.023469158316495,21.03020534223494,21.050399411142553,21.061045031054203,21.068729374419306,21.046855083851554,21.008350366480222,20.865855807370206,20.99204683840749,21.055746708637916,"rgba(239, 83, 80, 1.0)",0.0,0.0,0.1918218016901,21.01973324535868,0.49664195519979626,0.0,0.0,0.0,0.0,0.0,0.0,0.0,0.0,60.68913587495527,3.7617451080725175,True,False,True,False,True,4.411773353040921,0,0.97332709405709,0.9766027140851667,False,False,False,False,0.1343132905374241,0.13233749512661863,False,False,False,False,7132.0,10540.08905681716,False,False,False,False,1610.738242080008,False,False,False,False
2025-10-24 19:00:00+00:00,21.115,21.12,21.09,21.1,1150.0,,21.107896170139192,20.984242777251943,21.005983226330248,21.015260366503576,21.01073287371745,21.009034123102733,21.02415429286371,21.042583685073375,21.06746811139075,20.936163646506046,21.0106590905966,21.007748326763974,21.007823372134734,21.009998970993784,21.02382773407252,21.030524044303966,21.050607402978272,21.061203766264423,21.068856546475814,21.047000522489437,21.00852114279877,20.866199925657117,20.99283001856271,21.05593043399437,"rgba(239, 83, 80, 1.0)",0.0,0.0,0.18975534271825542,21.020759398098647,0.4175935220912793,0.0,0.0,0.0,0.0,0.0,0.0,0.0,0.0,60.4838274137011,3.955087419488187,True,False,True,False,True,3.806475192531824,0,0.9760338345864669,0.9746240601503763,False,False,False,False,0.1343132905374264,0.13332539283202252,False,False,False,False,5982.0,10469.421009424645,False,False,False,False,1603.5950135206278,False,False,False,False
2025-10-27 14:00:00+00:00,21.155,21.215,21.135,21.145,1736.0,21.165000000000003,21.115348041795087,20.98744872069937,21.007598611192382,21.016677478852635,21.0120621554457,21.010309196625634,21.025109768583278,21.043350792080865,21.06800932304069,20.93905533313922,21.012028345598257,21.00906884892226,21.00908416081768,21.011176613039698,21.02477811257049,21.031402965500792,21.05128192107858,21.061788600206636,21.06938698468693,21.047457448168995,21.008944700242868,20.866852107735404,20.994639854028147,21.056562432200582,"rgba(239, 83, 80, 1.0)",0.0,0.0,0.189431938857976,21.02326203582227,0.6426475118802462,0.0,0.0,0.0,0.0,0.0,0.0,0.0,0.0,62.23278790601766,6.045437956850307,True,False,True,False,True,5.429790740811939,0,0.979410388394947,0.9625643425362665,False,False,False,False,0.18253493368970292,0.15793016326086273,False,False,False,False,7718.0,10426.763319356045,False,False,False,False,1605.6478040086802,False,False,False,False
2025-10-27 15:00:00+00:00,21.145,21.195,21.105,21.17,5048.0,21.158799135220125,21.12671398470565,20.99574792490471,21.011875660744124,21.02042670514936,21.01559681412902,21.01370769202462,21.02765469757935,21.045378636944804,21.06941716237853,20.946768016120423,21.015665776573275,21.012587065263933,21.012448077290678,21.01432140104479,21.027310350336027,21.033739239187458,21.053058398645558,21.06331802665151,21.070765100734118,21.048673442678876,21.01009832996851,20.868679914559813,20.999445613045502,21.058221169995672,"rgba(38, 166, 154, 1.0)",0.0,0.0,0.18984049729825012,21.02925762892328,0.741371694025898,0.0,0.0,0.0,0.0,0.0,0.0,0.0,0.0,64.32809457218052,8.397197583192728,True,False,True,False,True,6.317579141511402,0,0.978971962616823,0.9630841121495334,False,False,False,False,0.1652277520584552,0.16157895765965896,False,False,False,False,12766.0,10463.030554714866,False,False,False,False,1659.0176054969177,False,False,False,False
2025-10-27 16:00:00+00:00,21.17,21.175,21.125,21.15,8899.0,21.15380624455355,21.134318470948013,21.00802314905896,21.018525673972203,21.02626853850233,21.021149138484635,21.019067403764147,21.03168936454584,21.04857824623142,21.071611544958255,20.958719362704603,21.021368478297166,21.018128416600586,21.017761685028756,21.01930163876274,21.031327064432812,21.03744011060356,21.0558560666498,21.065713238855835,21.07291089220394,21.050624074751095,21.011998217593927,20.871773276922656,21.006926550265316,21.060826035048766,"rgba(38, 166, 154, 1.0)",0.0,0.0,0.18959553915770533,21.03729045713069,0.5944736008559558,0.0,0.0,0.0,0.0,0.0,0.0,0.0,0.0,64.16674437819626,8.621078143884475,True,False,True,False,True,5.479212888279605,0,0.9781576448243121,0.9814814814814821,False,False,False,False,0.1652277520584552,0.16340335485905708,False,False,False,False,3867.0,10360.766515106883,False,False,False,False,1771.265394558981,False,False,False,False
2025-10-27 17:00:00+00:00,21.15,21.155,21.105,21.135,8390.0,21.146090087096194,21.133694210624768,21.016652359086983,21.023438304860775,21.030565966215036,21.02529221867251,21.023092867115786,21.03470407335659,21.050906834663337,21.073114795345013,20.967804356038073,21.02561310968105,21.022287000050937,21.021764360546616,21.023060145889563,21.034331437122894,21.040185618649723,21.057864132791156,21.06738781188025,21.0743737190596,21.052068764036346,21.01351101327338,20.87443993242778,21.01250876079431,21.062672229918753,"rgba(38, 166, 154, 1.0)",0.0,0.0,0.1906272245477314,21.042352486081494,0.4860140734793581,0.0,0.0,0.0,0.0,0.0,0.0,0.0,0.0,62.90080767113307,8.621078143884475,True,False,True,False,True,4.849191838572729,0,0.9771646051379647,0.9762131303520464,False,False,False,False,0.15145277244648533,0.1574280636527712,False,False,False,False,-4523.0,10130.010445105227,False,False,False,False,1873.8814349534152,False,False,False,False
2025-10-27 18:00:00+00:00,21.135,21.16,21.115,21.145,6500.0,21.144795298684024,21.134666864420186,21.022979576375523,21.02723173798902,21.03391695560413,21.028529667180482,21.02624357161713,21.037107760674388,21.0528001346973,21.07438718847739,20.974538153939324,21.02892472878817,21.025535082319816,21.02489795016908,21.02601398728217,21.036727064934816,21.042389049076174,21.059515753642195,21.068788584781156,21.07561558444835,21.0532666042129,21.01473780832328,20.876534272514654,21.016780748828506,21.06420261503579,"rgba(38, 166, 154, 1.0)",0.0,0.0,0.1920027683735198,21.0461035037166,0.5150784914257395,0.0,0.0,0.0,0.0,0.0,0.0,0.0,0.0,62.574989529396476,8.621078143884475,True,False,True,False,True,5.220795529470337,0,0.9779587925251564,0.9803545759463352,False,False,False,False,0.15661143386495743,0.15701974875886432,False,False,False,False,1977.0,10003.607182390417,False,False,False,False,1945.6042034037498,False,False,False,False
2025-10-27 19:00:00+00:00,21.145,21.2,21.145,21.18,6736.0,21.1502486442056,21.14022550263251,21.030652818991104,21.032052781047128,21.038256228082993,21.032691918275745,21.03028530823912,21.040294456357028,21.05543327564641,21.0763323460135,20.98234554088875,21.033179648840594,21.0296902268941,21.028910329163892,21.02981445224976,21.039901116851365,21.045354911576457,21.061873146374772,21.070870301076393,21.077527063322556,21.054961199779285,21.016332570072283,20.878953811537052,21.022090484707473,21.066429339340228,"rgba(38, 166, 154, 1.0)",0.0,0.0,0.19408454552293225,21.051015595042593,0.6645784423993041,0.0,0.0,0.0,0.0,0.0,0.0,0.0,0.0,64.05570791095508,9.542807094562896,True,False,True,False,True,6.516410109993966,0,0.9732057416267949,0.9765550239234458,False,False,False,False,0.18079950689212457,0.16890962782549446,False,False,False,False,8713.0,9983.597768709946,False,False,False,False,2019.8739056765598,False,False,False,False
2025-10-28 14:00:00+00:00,21.09,21.17,21.065,21.125,4405.0,21.147054386217256,21.138553361736204,21.033507765293027,21.033889984887857,21.03986795754947,21.03428478831706,21.031851521588646,21.041481095939787,21.056330454367647,21.07687753727317,20.985764433142755,21.03480252456243,21.03130273145634,21.030475285072242,21.031294197986117,21.041085729122244,21.046430908063574,21.06263886770597,21.07149203877619,21.078054632065633,21.055547928092498,21.01700281559216,20.88022492998809,21.024193073458,21.067124263172094,"rgba(38, 166, 154, 1.0)",0.0,0.0,0.19526955266561785,21.052535951899774,0.3710975270390182,0.0,0.0,0.0,0.0,0.0,0.0,0.0,0.0,60.77017253775948,9.542807094562896,True,False,True,False,False,4.159613802314414,0,0.9666825321275592,0.9785816277962883,False,False,False,False,0.14287260943781319,0.15589111863165384,False,False,False,False,4308.0,9895.604004853976,False,False,False,False,2056.852604813357,False,False,False,False
2025-10-28 15:00:00+00:00,21.125,21.145,21.08,21.105,3407.0,21.144256480722206,21.136837278906764,21.035352602219962,21.035100143896077,21.04092139141169,21.035338325444247,21.032892661950772,21.042261096093927,21.056901120095862,21.07719432202041,20.988105984749993,21.03587419042241,21.03237473328722,21.031518150862446,21.032280492036225,21.04186510254843,21.047131825218308,21.06311655062029,21.071865297258334,21.07835861449372,21.055925226916354,21.017465538828812,20.88115828565275,21.025594995468293,21.067550167841645,"rgba(38, 166, 154, 1.0)",0.0,0.0,0.19624373519589322,21.05346044148111,0.2626303380713902,0.0,0.0,0.0,0.0,0.0,0.0,0.0,0.0,57.26879633722834,11.884387107835828,True,False,True,False,False,3.3194042604153786,1,0.9662065683008098,0.9833412660637801,False,False,False,False,0.13944645522571608,0.14766878692868496,False,False,False,False,901.0,9756.152779972517,False,False,False,False,2077.785122568189,False,False,False,False
2025-10-28 16:00:00+00:00,21.105,21.175,21.105,21.135,2500.0,21.143945528233345,21.136900469689802,21.037143397048872,21.036290700803438,21.041983356590496,21.0363792973335,21.033913459912505,21.043056957390466,21.05753155848163,21.07762040160194,20.990155303340334,21.036934558676403,21.033423359051195,21.032536198456754,21.03324679789729,21.042659064073348,21.0478637912861,21.063669134126364,21.072334717553222,21.07877448179582,21.05634210236995,21.017905229480967,20.88192255845828,21.026930561544663,21.06806237372713,"rgba(38, 166, 154, 1.0)",0.0,0.0,0.19755658329611747,21.054511106148414,0.40742197758574583,0.0,0.0,0.0,0.0,0.0,0.0,0.0,0.0,56.74315267008285,11.31917840055123,False,False,True,False,False,4.465317771452607,1,0.979836773883822,0.9783965434469524,False,False,False,False,0.15833281336940974,0.15300080014904735,False,False,False,False,3401.0,9657.623279507827,False,False,False,False,2084.3310896601547,False,False,False,False
