date,Close,High,Low,Open,Volume,Gap_Up_aVWAP_128,Gap_Up_aVWAP_88,Gap_Down_aVWAP_45,aVWAP_OB_bull_182,aVWAP_OB_bull_171,aVWAP_OB_bull_162,aVWAP_OB_bull_144,aVWAP_OB_bull_123,aVWAP_OB_bull_98,aVWAP_OB_bull_72,aVWAP_OB_bull_7,color,Liquidity,Liquidity_Level,StDev,StDev_Mean,StdDev_ZScore,FVG,FVG_High,FVG_Low,FVG_Mitigated_Index,BoS,CHoCH,BoS_CHoCH_Price,BoS_CHoCH_Break_Index,QQEMOD,QQE1_Value,QQE1_Above_Upper,QQE1_Below_Lower,QQE2_Above_Threshold,QQE2_Below_Threshold,QQE2_Above_TL,banker_RSI,TTM_squeeze_Active,VI_plus,VI_minus,VI_Regular_Bullish,VI_Regular_Bearish,VI_Hidden_Bullish,VI_Hidden_Bearish,Fisher,Fisher_Signal,Fisher_Regular_Bullish,Fisher_Regular_Bearish,Fisher_Hidden_Bullish,Fisher_Hidden_Bearish,OBV,OBV_Smoothed,OBV_Regular_Bullish,OBV_Regular_Bearish,OBV_Hidden_Bullish,OBV_Hidden_Bearish,Volume_MA,Vol_Regular_Bullish,Vol_Regular_Bearish,Vol_Hidden_Bullish,Vol_Hidden_Bearish
2021-12-31 00:00:00+00:00,56.7732327666,57.9233521691,56.4022265077,56.958735896,1168304,,,,,,,,,,,,#000000,1.0,62.184322,,,,0.0,0.0,0.0,0.0,0.0,0.0,0.0,0.0,,,False,False,False,False,False,,0,,,False,False,False,False,,,False,False,False,False,0,0.0,False,False,False,False,1168304.0,False,False,False,False
2022-01-07 00:00:00+00:00,55.4561605475,57.7007484138,54.5100945874,56.7175818278,2422020,,,,,,,,,,,,"rgba(239, 83, 80, 0.5)",0.0,0.0,,,,0.0,0.0,0.0,0.0,0.0,0.0,0.0,0.0,0.0,,False,False,False,True,False,,0,,,False,False,False,False,,,False,False,False,False,-2422020,-179408.88888888888,False,False,False,False,1261171.8518518517,False,False,False,False
2022-01-14 00:00:00+00:00,57.3761179373,58.3221838975,54.5286449003,54.9089263157,2753181,,,,,,,,,,,,"rgba(239, 83, 80, 0.5)",0.0,0.0,,,,0.0,0.0,0.0,0.0,0.0,0.0,0.0,0.0,17.418866230908876,-93.54716557727218,False,False,False,True,True,,0,,,False,False,False,False,,,False,False,False,False,331161,-141588.89711934156,False,False,False,False,1371691.0480109737,False,False,False,False
2022-01-21 00:00:00+00:00,56.4764277595,59.9082356542,56.3169878197,57.2277154337,2131729,,,,,,,,,,,,"rgba(239, 83, 80, 0.5)",0.0,0.0,,,,0.0,0.0,0.0,0.0,0.0,0.0,0.0,0.0,25.778673635350305,-84.69194089325832,False,False,False,True,True,,0,,,False,False,False,False,,,False,False,False,False,-1800568,-264476.23807346437,False,False,False,False,1427990.1555657166,False,False,False,False
2022-01-28 00:00:00+00:00,54.9645772545,57.3575676243,52.9611434565,55.4747108605,2492638,,,,,,,,,,,,"rgba(239, 83, 80, 0.5)",0.0,0.0,,,,0.0,0.0,0.0,0.0,0.0,0.0,0.0,0.0,27.79246979740352,-81.46411700213524,False,False,False,True,True,,0,,,False,False,False,False,,,False,False,False,False,-4293206,-562900.6648828373,False,False,False,False,1506852.958857145,False,False,False,False
2022-02-04 00:00:00+00:00,56.1239718135,57.7285738832,54.8486377986,54.8811008463,1262493,,,,,,,,,,,,"rgba(239, 83, 80, 0.5)",0.0,0.0,,,,0.0,0.0,0.0,0.0,0.0,0.0,0.0,0.0,32.99300359627362,-74.69261324657893,False,False,False,True,True,,0,,,False,False,False,False,,,False,False,False,False,-3030713,-745701.5785952198,False,False,False,False,1488752.221164023,False,False,False,False
2022-02-11 00:00:00+00:00,53.4563645914,58.4520360881,53.1303543526,56.6619308889,5036565,,,,,,,,,,,,"rgba(239, 83, 80, 0.5)",0.0,0.0,,,,0.0,0.0,0.0,0.0,0.0,0.0,0.0,0.0,32.42628259106868,-73.18621517049857,False,False,False,True,True,,0,,,False,False,False,False,,,False,False,False,False,-8067278,-1288040.5727733516,False,False,False,False,1751553.1677444656,False,False,False,False
2022-02-18 00:00:00+00:00,47.7651572791,54.364535971,45.3154231987,53.3725333871,4202141,,,,,,,,,,,49.14837214960001,"rgba(239, 83, 80, 0.5)",-1.0,48.993687,,49.14837214960001,,0.0,0.0,0.0,0.0,0.0,0.0,0.0,0.0,28.239719090664522,-73.18621517049857,False,False,False,True,True,,0,,,False,False,False,False,,,False,False,False,False,-12269419,-2101476.0118271774,False,False,False,False,1933078.1923559867,False,False,False,False
2022-02-25 00:00:00+00:00,48.6127839001,49.050569078,45.7904666896,48.3612902873,3233011,,,,,,,,,,,48.569863178630705,"rgba(239, 83, 80, 0.5)",0.0,0.0,,48.569863178630705,,0.0,0.0,0.0,0.0,0.0,0.0,0.0,0.0,26.74747843017744,-73.18621517049857,False,False,False,True,True,,0,,,False,False,False,False,,,False,False,False,False,-9036408,-2615174.6776177566,False,False,False,False,2029369.5114407283,False,False,False,False
2022-03-04 00:00:00+00:00,53.2328147134,53.4656791697,48.1843133005,48.389234022,2585584,,,,,,,,,,,49.358831333545716,"rgba(239, 83, 80, 0.5)",0.0,0.0,,49.358831333545716,,0.0,0.0,0.0,0.0,0.0,0.0,0.0,0.0,31.65005009751723,-66.86811362935,False,False,False,True,True,,0,,,False,False,False,False,,,False,False,False,False,-6450824,-2899296.849646071,False,False,False,False,2070570.584667341,False,False,False,False
2022-03-11 00:00:00+00:00,53.3632188089,54.3598786819,52.371216225,53.3166459176,2495608,,,,,,,,,,,50.15756742409842,"rgba(239, 83, 80, 0.5)",0.0,0.0,,50.15756742409842,,0.0,0.0,0.0,0.0,0.0,0.0,0.0,0.0,35.28233562773743,-60.83171151630752,False,False,False,True,True,,0,,,False,False,False,False,,,False,False,False,False,-3955216,-2977513.083005621,False,False,False,False,2102054.8376549454,False,False,False,False
2022-03-18 00:00:00+00:00,56.0458173456,56.4370296322,52.776400379,53.6147124217,1806313,,,,,,,,,,,50.779172959328996,"rgba(239, 83, 80, 0.5)",0.0,0.0,,50.779172959328996,,0.0,0.0,0.0,0.0,0.0,0.0,0.0,0.0,40.29482733444776,-53.532156704458906,False,False,False,True,True,,0,,,False,False,False,False,,,False,False,False,False,-2148903,-2916134.5583385383,False,False,False,False,2080148.0348656902,False,False,False,False
2022-03-25 00:00:00+00:00,54.8721804858,56.1389631281,54.2760474776,55.7943237328,987505,,,,,,,,,,,51.057590785328166,"rgba(239, 83, 80, 0.5)",0.0,0.0,,51.057590785328166,,0.0,0.0,0.0,0.0,0.0,0.0,0.0,0.0,42.870630217509515,-48.66138872608517,False,False,False,True,True,,0,,,False,False,False,False,,,False,False,False,False,-3136408,-2932451.1095727207,False,False,False,False,1999211.5137645279,False,False,False,False
2022-04-01 00:00:00+00:00,55.1609324116,56.3392265606,54.5275410905,55.1516178334,1383411,,,,,,,,,,,51.41269048734472,"rgba(239, 83, 80, 0.5)",0.0,0.0,,51.41269048734472,,0.0,0.0,0.0,0.0,0.0,0.0,0.0,0.0,44.960204431342376,-44.2800676549794,False,False,False,True,True,,0,,,False,False,False,False,,,False,False,False,False,-1752997,-2845084.13849326,False,False,False,False,1953596.6608930812,False,False,False,False
2022-04-08 00:00:00+00:00,54.1735871169,56.8468710753,53.9034643475,55.2261344594,1330728,,,,,,,,,,,51.67566806842411,"rgba(239, 83, 80, 0.5)",0.0,0.0,,53.32515445749539,,0.0,0.0,0.0,0.0,0.0,0.0,0.0,0.0,45.60084411605599,-41.30671501407521,False,False,False,True,True,,0,,,False,False,False,False,,,False,False,False,False,-3083725,-2862761.239345611,False,False,False,False,1907458.2415676678,False,False,False,False
2022-04-15 00:00:00+00:00,51.7983696625,54.3039912124,51.7983696625,53.773060252,1231768,,,,,,,,,,,51.73694336707882,"rgba(239, 83, 80, 0.5)",0.0,0.0,,52.79312825835306,,0.0,0.0,0.0,0.0,0.0,0.0,0.0,0.0,44.26739216953689,-40.35042614542786,False,False,False,True,True,,0,,,False,False,False,False,,,False,False,False,False,-4315493,-2970370.9993940843,False,False,False,False,1857407.1125626555,False,False,False,False
2022-04-22 00:00:00+00:00,51.6586509887,53.8755206128,50.8482826807,51.6120780974,2250744,,,,,,,,,,,51.77781454118163,"rgba(239, 83, 80, 0.5)",0.0,0.0,,52.41098731531945,,0.0,0.0,0.0,0.0,0.0,0.0,0.0,0.0,43.21784874560846,-39.16338025256924,False,False,False,True,True,,0,,,False,False,False,False,,,False,False,False,False,-6566237,-3236731.443883411,False,False,False,False,1886543.178298755,False,False,False,False
2022-04-29 00:00:00+00:00,51.3140115933,53.1024106178,50.6526765374,51.6959093017,1672542,,,,,,,,,,,51.77145647087873,"rgba(239, 83, 80, 0.5)",0.0,0.0,,52.233165339295965,,0.0,0.0,0.0,0.0,0.0,0.0,0.0,0.0,42.21920357411886,-37.99829343311306,False,False,False,True,True,,0,,,False,False,False,False,,,False,False,False,False,-8238779,-3607253.4850772326,False,False,False,False,1870691.239165514,False,False,False,False
2022-05-06 00:00:00+00:00,48.7338734174,51.1463491848,48.0166508919,51.0159450892,2743446,,,,,,,,,,,51.50978850904949,"rgba(239, 83, 80, 0.5)",0.0,0.0,,51.59760262055938,,0.0,0.0,0.0,0.0,0.0,0.0,0.0,0.0,39.838753595598064,-37.99829343311306,False,False,False,True,True,,0,,,False,False,False,False,,,False,False,False,False,-10982225,-4153547.6713678082,False,False,False,False,1935339.7399680687,False,False,False,False
2022-05-13 00:00:00+00:00,57.6199810703,57.9087329961,47.2155971622,48.0818529397,4128968,,,,,,,,,,,51.88601980426355,"rgba(239, 83, 80, 0.5)",0.0,0.0,,52.87055238948531,,0.0,0.0,0.0,0.0,0.0,0.0,0.0,0.0,44.778171211939245,-31.739795838763712,False,False,False,True,True,,1,,,False,False,False,False,,,False,False,False,False,-6853257,-4353526.140155378,False,False,False,False,2097830.7221926562,False,False,False,False
2022-05-20 00:00:00+00:00,55.9060986718,58.7656741954,54.844236751,57.1449375794,1729678,,,,,,,,,,,52.137422156453404,#000000,0.0,0.0,,54.12413971552327,,0.0,0.0,0.0,0.0,0.0,0.0,0.0,0.0,47.201010096114445,-27.732818958356642,False,False,False,False,True,,1,,,False,False,False,False,,,False,False,False,False,-8582935,-4666815.685329054,False,False,False,False,2070560.1501783854,False,False,False,False
2022-05-27 00:00:00+00:00,56.1036228448,56.4370296322,54.4250807297,56.3159401149,2028520,,,,,,,,,,,52.348483373461086,#000000,0.0,0.0,,54.19029058140017,,0.0,0.0,0.0,0.0,0.0,0.0,0.0,0.0,49.04235825426688,-24.389722795262035,False,False,False,False,True,,1,,,False,False,False,False,,,False,False,False,False,-6554415,-4806637.856786161,False,False,False,False,2067446.0649799865,False,False,False,False
2022-06-03 00:00:00+00:00,57.0109338511,57.6095720409,55.1963118385,55.9539632973,1201167,,,,,,,,,,,52.494537343208165,#000000,0.0,0.0,,54.36506766587985,,0.0,0.0,0.0,0.0,0.0,0.0,0.0,0.0,50.87694417865933,-21.139563705927056,False,False,False,False,True,,1,,,False,False,False,False,,,False,False,False,False,-5353248,-4847127.497024223,False,False,False,False,2003277.2453518393,False,False,False,False
2022-06-10 00:00:00+00:00,55.8884872453,58.0117820746,55.504984655,56.9080429122,1216732,,,,,,,,,,,52.628002222125396,#000000,0.0,0.0,,54.49346260088321,,0.0,0.0,0.0,0.0,0.0,0.0,0.0,0.0,51.40441403352346,-19.21313371864502,False,False,False,False,True,,1,,,False,False,False,False,,,False,False,False,False,-6569980,-4974746.200948356,False,False,False,False,1945014.6345850364,False,False,False,False
2022-06-17 00:00:00+00:00,55.6546442025,57.4505587717,54.7613637787,54.9718225173,3041654,,,,,,,,,,,52.88573811005591,#000000,0.0,0.0,,54.64098092384128,,0.0,0.0,0.0,0.0,0.0,0.0,0.0,0.0,51.616859831240944,-17.61907801548012,False,False,False,False,True,,1,,,False,False,False,False,,,False,False,False,False,-9611634,-5318219.371248478,False,False,False,False,2026247.18017133,False,False,False,False
2022-06-24 00:00:00+00:00,57.76858531,57.8060001969,55.3693556902,56.1971600619,1824076,,,,,,,,,,,53.06753386233912,#000000,0.0,0.0,,54.819932011294654,,0.0,0.0,0.0,0.0,0.0,0.0,0.0,0.0,53.075072915059636,-14.882254346969574,False,False,False,False,True,,1,,,False,False,False,False,0.24039531399583128,0.24039531399583128,False,False,False,False,-7787558,-5501133.343748591,False,False,False,False,2011271.5371956758,False,False,False,False
2022-07-01 00:00:00+00:00,63.1282678525,63.5304778863,57.6282794843,57.9556597443,3156023,,,,,,,,,,,53.663900714200004,"rgba(38, 166, 154, 0.5)",0.0,0.0,,55.707367151741224,,0.0,0.0,0.0,0.0,0.0,0.0,0.0,0.0,56.66501971487449,-10.229113295395678,False,False,True,False,True,,0,1.0109240888874702,0.9403960119328127,False,False,False,False,0.3428282487868094,0.2916117813913203,False,False,False,False,-4631535,-5436718.651619066,False,False,False,False,2096067.9418478478,False,False,False,False
2022-07-08 00:00:00+00:00,61.538135161,62.3986775588,59.4054866101,61.7532707605,2204124,,,,,,,,,,,54.01739564265575,"rgba(38, 166, 154, 0.5)",0.0,0.0,,56.15048283486074,,0.0,0.0,0.0,0.0,0.0,0.0,0.0,0.0,58.07621638495543,-7.817112515921309,False,False,True,False,True,,0,1.0410410473481593,0.9425652523074713,False,False,False,False,0.34282824892153874,0.3172200151564295,False,False,False,False,-6835659,-5540343.862610246,False,False,False,False,2104072.094303563,False,False,False,False
2022-07-15 00:00:00+00:00,63.3995257823,63.9420416417,56.4403568265,61.5100739959,4028236,,,,,,,,,,,54.59537423942174,"rgba(38, 166, 154, 0.5)",0.0,0.0,,56.799042190194314,,0.0,0.0,0.0,0.0,0.0,0.0,0.0,0.0,59.86957851634828,-5.10725096575846,False,False,True,False,True,,0,1.0100316153416846,0.9355546841204929,False,False,False,False,0.3042511885665778,0.3107356018615036,False,False,False,False,-2807423,-5337905.280194673,False,False,False,False,2246602.7539847805,False,False,False,False
2022-07-22 00:00:00+00:00,64.7464617092,64.7745228743,62.3986775588,63.6520762685,2758266,,,,,,,,,,,55.08122089704559,"rgba(38, 166, 154, 0.5)",0.0,0.0,,57.38264621394649,,0.0,0.0,0.0,0.0,0.0,0.0,0.0,0.0,61.68613025539767,-2.454334071784629,False,False,True,False,True,,0,1.051890653761422,0.9423131475183211,False,False,False,False,0.34282824983384097,0.3267819258476723,False,False,False,False,-49157,-4946146.148328401,False,False,False,False,2284503.735171093,False,False,False,False
2022-07-29 00:00:00+00:00,67.4122723979,67.9173733705,63.4322638083,64.456496336,1685775,,,,,,,,,,,55.424131977826065,"rgba(38, 166, 154, 0.5)",0.0,0.0,,57.805305813165575,,0.0,0.0,0.0,0.0,0.0,0.0,0.0,0.0,63.95171208352045,0.5486355769639246,False,False,True,False,True,,0,1.0957391635095404,0.8854288327063353,False,False,False,False,0.34282825035795206,0.3348050881028122,False,False,False,False,1636618,-4458533.9891929645,False,True,False,False,2240153.458491753,False,False,False,False
2022-08-05 00:00:00+00:00,63.2779274,68.029618031,62.0151749685,67.1971367984,3649761,,,,,,,,,,,55.98595245259096,"rgba(38, 166, 154, 0.5)",0.0,0.0,,60.523672753930306,,0.0,0.0,0.0,0.0,0.0,0.0,0.0,0.0,62.72801121274133,0.5486355769639246,False,False,True,False,True,,0,1.060787757399568,0.8914199290663417,False,False,False,False,0.31657982215909586,0.325692455130954,False,False,False,False,-2013143,-4277393.915919412,False,False,False,False,2344568.8319368083,False,False,False,False
2022-08-12 00:00:00+00:00,66.720096991,66.9445863121,63.4556481125,63.4556481125,2313292,,,,,,,,,,,56.35526512022498,"rgba(38, 166, 154, 0.5)",0.0,0.0,,60.95309109825302,,0.0,0.0,0.0,0.0,0.0,0.0,0.0,0.0,63.15663410067424,1.1769031889677706,False,False,True,False,True,,0,1.0911550427334042,0.9057191541922005,False,False,False,False,0.32368683012946387,0.32468964263020894,False,False,False,False,300149,-3938316.6628883444,False,False,False,False,2342252.029571119,False,False,False,False
2022-08-19 00:00:00+00:00,65.9250306452,67.178429355,65.1019031343,66.5984986087,1226853,,,,,,,,,,,56.547110531668636,"rgba(38, 166, 154, 0.5)",0.0,0.0,,61.15767469971105,,0.0,0.0,0.0,0.0,0.0,0.0,0.0,0.0,62.96335977040641,1.708645193420125,False,False,True,False,True,,0,1.1979919742540297,0.8530378003206558,False,False,False,False,0.3428282504588152,0.3337589465445121,False,False,False,False,-926704,-3715234.2434151336,False,False,False,False,2259629.879232518,False,False,False,False
2022-08-26 00:00:00+00:00,65.2560343072,66.8991718617,65.2278662348,65.6724801589,1078950,,,,,,,,,,,56.70499227324919,"rgba(38, 166, 154, 0.5)",0.0,0.0,,61.30269172793668,,0.0,0.0,0.0,0.0,0.0,0.0,0.0,0.0,62.39779241154517,1.843093916156704,False,False,True,False,True,,0,1.1976205549985113,0.7963402219125715,False,False,False,False,0.339403735197329,0.33658134087092056,False,False,False,False,-2005654,-3588598.6698288275,False,False,False,False,2172172.1104004793,False,False,False,False
2022-09-02 00:00:00+00:00,65.913289329,67.5658162409,64.4954963534,65.2466449497,1642332,,,,,,,,,,,56.94022116535677,"rgba(38, 166, 154, 0.5)",0.0,0.0,,61.51582920786147,,0.0,0.0,0.0,0.0,0.0,0.0,0.0,0.0,62.26791864202696,2.4069846513317543,False,False,True,False,True,,0,1.1679725475308291,0.8327010439008665,False,False,False,False,0.3379378123064819,0.3372595765887012,False,False,False,False,-363322,-3349689.286878544,False,False,False,False,2132924.6948152585,False,False,False,False
2022-09-09 00:00:00+00:00,64.2795411319,66.3639784868,63.4251096036,65.9602361162,1548488,,,,,,,,,,,57.12097895968382,"rgba(38, 166, 154, 0.5)",0.0,0.0,,61.61479758319847,,0.0,0.0,0.0,0.0,0.0,0.0,0.0,0.0,61.08739975366221,2.4069846513317543,False,False,True,False,True,,0,1.1088727200237602,0.8573037681473443,False,False,False,False,0.28806366104440617,0.3126616188165537,False,False,False,False,-1911810,-3243179.710072726,False,False,False,False,2089633.087791906,False,False,False,False
2022-09-16 00:00:00+00:00,61.4627338956,64.7020622174,60.7021959418,64.2701517745,1695183,,,,,,,,,,,57.24966027300328,"rgba(38, 166, 154, 0.5)",0.0,0.0,,61.5712406771092,,0.0,0.0,0.0,0.0,0.0,0.0,0.0,0.0,58.550566376842966,2.4069846513317543,False,False,True,False,True,,0,1.0744687043028818,0.8984737700150931,False,False,False,False,0.19541579093923725,0.2540387048778955,False,False,False,False,-3606993,-3270128.842659931,False,False,False,False,2060414.5627702833,False,False,False,False
2022-09-23 00:00:00+00:00,58.8712712383,61.7631933342,58.4393607954,61.3125041764,2239594,,,,,,,,,,,57.32742178020393,"rgba(38, 166, 154, 0.5)",0.0,0.0,,61.34981408011893,,0.0,0.0,0.0,0.0,0.0,0.0,0.0,0.0,55.37626161766094,2.4069846513317543,False,False,True,False,False,,0,1.033045603781131,0.9283177255586865,False,False,False,False,0.08953876312645928,0.17178873400217737,False,False,False,False,-5846587,-3460977.595055492,False,False,False,False,2073687.1136761883,False,False,False,False
2022-09-30 00:00:00+00:00,58.6647053743,61.3500616062,58.2891310761,58.617758587,1901868,,,,,,,,,,,57.3829120472682,#000000,0.0,0.0,,61.188073534513975,,0.0,0.0,0.0,0.0,0.0,0.0,0.0,0.0,53.004000587087305,2.4069846513317543,False,False,False,False,False,,0,1.028367920419069,0.9357400933361874,False,False,False,False,0.07823214586253667,0.12501043993235703,False,False,False,False,-7748455,-3778568.5139402705,False,False,False,False,2060959.7719223965,False,False,False,False
2022-10-07 00:00:00+00:00,56.7398870961,61.5096806829,56.261029866,59.1153945321,2488631,,,,,,,,,,,57.4091366726354,#000000,0.0,0.0,,60.930925520282024,,0.0,0.0,0.0,0.0,0.0,0.0,0.0,0.0,50.34486762425141,8.339097486060382,False,False,False,False,False,,0,1.0132210457864448,0.9408545461758572,False,False,False,False,0.040858411948929654,0.08293442594064335,False,False,False,False,-10237086,-4256977.216611362,False,False,False,False,2092639.1221503671,False,False,False,False
2022-10-14 00:00:00+00:00,57.7069909139,59.1247838895,55.1343069715,56.7962232409,1419636,,,,,,,,,,,57.407512310716086,#000000,0.0,0.0,,60.33204090167959,,0.0,0.0,0.0,0.0,0.0,0.0,0.0,0.0,49.04351884883061,6.847693090239211,False,False,False,False,False,,0,1.0229548218409166,0.9401422284565563,False,False,False,False,-0.029156133065111438,0.026889146437765955,False,False,False,False,-8817450,-4594790.015380891,False,False,False,False,2042787.0390281177,False,False,False,False
2022-10-21 00:00:00+00:00,59.1905093917,60.6740278695,58.0168397099,58.1576800717,1330190,,,,,,,,,,,57.439904318999695,#000000,0.0,0.0,,60.50301056773618,,0.0,0.0,0.0,0.0,0.0,0.0,0.0,0.0,49.00584654901971,6.54462943743318,False,False,False,False,False,,0,1.0587562667903838,0.9168665396134353,False,False,False,False,0.0592428414097384,0.043065993923752176,False,False,False,False,-7487260,-4809047.051278602,False,False,False,False,1990002.073174183,False,False,False,False
2022-10-28 00:00:00+00:00,61.9134230534,61.9979272705,58.9088286681,59.5379156175,917146,,,,,,,,,,,57.48086167651912,#000000,0.0,0.0,,60.78503559100395,,0.0,0.0,0.0,0.0,0.0,0.0,0.0,0.0,50.46370227693928,6.54462943743318,False,False,False,False,False,,0,1.0693545411817695,0.8962372359695657,False,False,False,False,0.1037045581072224,0.07338527601548729,False,False,False,False,-6570114,-4939496.454887595,False,False,False,False,1910531.2529390582,False,False,False,False
2022-11-04 00:00:00+00:00,58.514475655,61.9885379131,56.8995061729,61.697467832,1474552,,,,,,,,,,,57.51139164120395,#000000,0.0,0.0,,60.46015171697055,,0.0,0.0,0.0,0.0,0.0,0.0,0.0,0.0,49.65371881045213,6.54462943743318,False,False,False,False,False,,0,1.07599798717707,0.8804431747231075,False,False,False,False,0.004513594711420781,0.038949435363454035,False,False,False,False,-8044666,-5169509.013784811,False,False,False,False,1878236.493462091,False,False,False,False
2022-11-11 00:00:00+00:00,51.4912362792,51.6884127857,45.7449495172,51.632076641,19740373,,,49.6415328607,,,,,,,,55.951501366484855,#000000,0.0,0.0,,52.13962264885417,,0.0,0.0,0.0,0.0,0.0,0.0,0.0,0.0,46.22342378906361,3.1492490571370197,False,False,False,False,False,,0,1.008823448497669,0.9822922002107318,False,False,False,False,-0.34282825441539394,-0.15193940952596996,False,False,False,False,-27785039,-6844733.457208158,False,False,False,False,3201357.716168603,False,False,False,False
2022-11-18 00:00:00+00:00,51.5569617814,53.7165139959,50.6321100721,51.8761999348,10572703,,,50.45315075813745,,,,,,,,55.569251384221474,"rgba(239, 83, 80, 0.5)",0.0,0.0,,52.24938130965451,,0.0,0.0,0.0,0.0,0.0,0.0,0.0,0.0,43.81056735995679,0.670352570020782,False,False,False,True,False,,0,0.9820465532533831,0.970677046405569,False,False,False,False,-0.20171740930658977,-0.17682840941627986,False,False,False,False,-17212336,-7612704.01593348,False,False,False,False,3747383.2927487064,False,False,False,False
2022-11-25 00:00:00+00:00,51.359552609,53.3033822679,50.359348204,51.5663511388,4614265,,,50.61445010613054,,,,,,,,55.4126621504784,"rgba(239, 83, 80, 0.5)",0.0,0.0,,52.22788403919912,,0.0,0.0,0.0,0.0,0.0,0.0,0.0,0.0,42.01475358396992,-1.184998703412525,False,False,False,True,False,,0,0.9836297309091528,0.9523520432240322,False,False,False,False,-0.21528135035873286,-0.19605487988750636,False,False,False,False,-21826601,-8665585.274012482,False,False,False,False,3811596.752545099,True,False,False,False
2022-12-02 00:00:00+00:00,51.3784243903,51.9540137177,50.189502173,51.2746295935,5137475,,,50.6861981287027,,,,,,,,55.23106932841932,"rgba(239, 83, 80, 0.5)",0.0,0.0,,52.14666607037728,,0.0,0.0,0.0,0.0,0.0,0.0,0.0,0.0,40.744275043259535,-2.537835215919884,False,False,False,True,False,,0,0.9743348839024665,0.9766806377158517,False,False,False,False,-0.24561247112478773,-0.22083367550614705,False,False,False,False,-16689126,-9259921.624085631,False,False,False,False,3909809.956060277,False,False,False,False
2022-12-09 00:00:00+00:00,53.3693973097,54.1808839025,50.9255016408,51.8785265928,5667845,,,50.95130136689047,,,,,,,,55.12249161662083,"rgba(239, 83, 80, 0.5)",0.0,0.0,,52.24904047748411,,0.0,0.0,0.0,0.0,0.0,0.0,0.0,0.0,41.120484105705316,-2.537835215919884,False,False,False,True,False,0.0,0,0.9786643996325165,0.9591585095334333,False,False,False,False,-0.18681670998531316,-0.2038251927457301,False,False,False,False,-11021281,-9390392.688968176,False,False,False,False,4040034.7741298857,False,False,False,False
2022-12-16 00:00:00+00:00,52.0672444051,54.9168833703,51.359552609,53.6996534812,7364004,,,51.20509467332182,,,,,,,,54.99280983914088,"rgba(239, 83, 80, 0.5)",0.0,0.0,,52.34099869171364,,0.0,0.0,0.0,0.0,0.0,0.0,0.0,0.0,40.81226914589664,-2.8159873633145907,False,False,False,True,False,0.0,0,0.9901655466567809,0.9470268945096829,False,False,False,False,-0.16396637397856673,-0.1838957833621484,False,False,False,False,-18385285,-10056681.008303866,False,False,False,False,4286254.716786931,False,False,False,False
2022-12-23 00:00:00+00:00,52.9636540133,53.1523718256,50.774527391,52.1049879675,5762295,,,51.31197767743912,,,,,,,,54.880815414560665,"rgba(239, 83, 80, 0.5)",0.0,0.0,,52.352613841096826,,0.0,0.0,0.0,0.0,0.0,0.0,0.0,0.0,41.17797353353251,-2.8159873633145907,False,False,False,True,False,0.0,0,0.9786828933364434,0.9673913485473529,False,False,False,False,-0.21004828144246457,-0.19697203240230649,False,False,False,False,-12622990,-10246777.970651727,False,False,False,False,4395591.034061974,False,False,False,False
2022-12-30 00:00:00+00:00,54.5677554176,55.034832003,52.8032438729,53.1146282631,5043243,,,51.53479605255534,,,,,,,,54.85466022851651,"rgba(239, 83, 80, 0.5)",0.0,0.0,,52.49044557297388,,0.0,0.0,0.0,0.0,0.0,0.0,0.0,0.0,42.45728271718346,-2.8159873633145907,False,False,False,True,False,0.0,0,0.9756068756193466,1.0045117306014082,False,False,False,False,-0.1337266843333036,-0.16534935836780504,False,False,False,False,-7579747,-10049220.120973822,False,False,False,False,4443565.253761088,False,False,False,False
2023-01-06 00:00:00+00:00,55.3414984479,55.5207803696,53.7845764967,54.8225244642,2827043,,,51.676615360577145,,,,,,,,54.855193014604794,"rgba(239, 83, 80, 0.5)",0.0,0.0,,52.58745162193736,,0.0,0.0,0.0,0.0,0.0,0.0,0.0,0.0,43.849635997343405,-2.8159873633145907,False,False,False,True,False,0.0,0,0.9744394889095667,0.9955668641800102,False,False,False,False,-0.105535040844656,-0.13544219960623052,False,False,False,False,-4752704,-9656885.59349428,False,False,False,False,4323822.8645936,False,False,False,False
2023-01-13 00:00:00+00:00,56.096369697,56.681394915,54.7753450111,55.4452932447,5127038,,,51.97446566438918,,,,,,,,54.88884780770282,"rgba(239, 83, 80, 0.5)",0.0,0.0,,52.80758618329896,,0.0,0.0,0.0,0.0,0.0,0.0,0.0,0.0,45.31386199011614,-2.8159873633145907,False,False,False,True,True,0.0,0,1.0155730567831016,0.9994283864126933,False,False,False,False,-0.0644871227598007,-0.09996466118301561,False,False,False,False,374334,-8913832.290272482,False,False,False,False,4383320.282031111,False,False,False,False
2023-01-20 00:00:00+00:00,56.7757538212,57.1814971175,55.8227288692,56.1812927125,3929298,,,52.21394236388752,,,,,,,,54.93187972640823,#000000,0.0,0.0,,52.99227613817504,,0.0,0.0,0.0,0.0,0.0,0.0,0.0,0.0,46.78569477946282,-2.8159873633145907,False,False,False,False,True,0.0,0,0.9621784739602115,1.003047557637309,False,False,False,False,-0.03510297638967823,-0.06753381878634693,False,False,False,False,4303632,-7934760.861363409,False,False,False,False,4349689.001880659,False,False,False,False
2023-01-27 00:00:00+00:00,55.5773957133,58.7384190688,54.0770891057,58.219445085,22217954,,,53.10195414510546,,,,,,,,55.08167103218553,#000000,0.0,0.0,,53.67214676427224,,0.0,0.0,0.0,0.0,0.0,0.0,0.0,0.0,47.08249759955161,-2.8159873633145907,False,False,False,False,True,0.0,1,0.9319940456468873,1.0203074608982974,False,False,False,False,-0.03868215384767375,-0.05310798631701034,False,False,False,False,-17914322,-8673987.612373527,False,False,False,False,5673264.186926536,False,False,False,False
2023-02-03 00:00:00+00:00,58.8327779749,59.6631363489,55.511344479,55.6245751663,7028330,,,53.42987451526397,,,,,,,,55.192702514600406,#000000,0.0,0.0,,53.94668733652274,,0.0,0.0,0.0,0.0,0.0,0.0,0.0,0.0,49.264868744846076,-5.997269824053944,False,False,False,False,True,2.303610522885837,1,0.9622710918866618,1.011699447577236,False,False,False,False,0.0060160331235644075,-0.023545976596722966,False,False,False,False,-10885992,-8837839.789234746,False,False,False,False,5773639.432339386,False,False,False,False
2023-02-10 00:00:00+00:00,59.7461344605,60.7505896949,57.6532916482,58.6912396157,7661727,,,53.8346341410463,,,,,,,,55.359454848125466,#000000,0.0,0.0,,54.296832896658984,,0.0,0.0,0.0,0.0,0.0,0.0,0.0,0.0,51.31808373653768,-3.9085316965207397,False,False,False,False,True,3.3785371258031027,0,0.9718628399539244,0.9894666305588954,False,False,False,False,0.06728199831235282,0.021868010857814927,False,False,False,False,-3224265,-8422019.434476618,False,False,False,False,5913497.770684617,False,False,False,True
2023-02-17 00:00:00+00:00,59.3102387928,61.3381012471,58.6990372587,59.8503703811,9199335,,,54.28352018564508,,,,,,,,55.5611382221936,#000000,0.0,0.0,,55.73261787496887,,0.0,0.0,0.0,0.0,1.0,0.0,61.3381,81.0,52.47554072490323,-2.7055098701861624,False,False,False,False,True,2.8181821781550056,0,0.9653652665086226,0.9856021548582229,False,False,False,False,0.10034150892136906,0.06110475988959199,False,False,False,False,-12423600,-8718432.809700571,False,False,False,False,6156893.121004274,False,False,False,False
2023-02-24 00:00:00+00:00,57.3487082879,60.4047159586,56.5148209235,58.8932951106,9290092,,,54.55304526209261,,,,,,,,55.672436665407886,#000000,0.0,0.0,,55.71323956460907,,0.0,0.0,0.0,0.0,0.0,0.0,0.0,0.0,51.964095522978226,-2.7055098701861624,False,False,False,False,True,0.3447197523357737,0,0.9411433224855917,0.9930430157296399,False,False,False,False,0.041425250966742724,0.05126500542816736,False,False,False,False,-21713692,-9681044.601574602,False,False,False,False,6388981.926855809,False,False,False,False
2023-03-03 00:00:00+00:00,55.9462613569,58.6942992623,55.4203437577,57.5477041362,9857746,,,54.702191286812706,,,,,,,,55.71771189631969,#000000,0.0,0.0,,55.62355890688586,,0.0,0.0,0.0,0.0,0.0,0.0,0.0,0.0,50.717478940499205,-2.7055098701861624,True,False,False,False,True,0.0,0,0.937354401338923,1.0187822309493866,False,False,False,False,0.010269198625254343,0.03076710202671085,False,False,False,False,-31571438,-11302555.223680187,False,False,False,False,6645927.413755379,False,False,False,False
2023-03-10 00:00:00+00:00,53.1982234515,60.5231658683,51.3409288671,59.6987544967,38650181,,,54.770715776265654,,,,,,,,55.613926477382385,#000000,0.0,0.0,,55.21034762588572,,0.0,0.0,0.0,0.0,0.0,0.0,0.0,0.0,48.28627341118642,-2.7055098701861624,True,False,False,False,False,0.0,1,0.910817098583177,0.9868717970495078,False,False,False,False,0.010507297356169596,0.020637199691440223,False,False,False,False,-70221619,-15666930.318222394,False,False,False,False,9016612.864588313,False,False,False,False
2023-03-17 00:00:00+00:00,50.071145835,53.643595112,48.8582187595,53.3498393359,30997323,,,54.1950099550763,,,,,,,,55.10648740098481,"rgba(239, 83, 80, 0.5)",0.0,0.0,,53.480081603224974,,0.0,0.0,0.0,0.0,0.0,0.0,0.0,0.0,45.086146290484535,0.1874377599695336,True,False,False,True,False,0.0,1,0.9139372835934141,1.0394481805445934,True,False,False,False,-0.189735122943323,-0.08454896162594139,False,False,False,False,-101218942,-22004116.36872444,False,False,False,False,10644813.615359548,True,False,False,False
2023-03-24 00:00:00+00:00,52.6245039023,53.6686792507,49.5878702033,49.8531980011,33255735,,,53.890369461551074,,,,,,,,54.78336138154912,"rgba(239, 83, 80, 0.5)",0.0,0.0,,53.30124529169659,,0.0,0.0,0.0,0.0,0.0,0.0,0.0,0.0,44.52567156504133,-0.3513281015452776,True,False,False,True,False,0.0,1,0.9444548393994829,1.0095675945403393,False,False,False,False,-0.16782793805111504,-0.12618844983852823,False,False,False,False,-67963207,-25408493.45252263,False,False,False,False,12319696.68088847,False,False,False,False
2023-03-31 00:00:00+00:00,54.4228058912,54.9255569849,52.9532257712,53.0789135447,11679009,,,53.899971341739864,,,,,,,,54.759589753281354,"rgba(239, 83, 80, 0.5)",0.0,0.0,,53.41143718729762,,0.0,0.0,0.0,0.0,0.0,0.0,0.0,0.0,45.2228087615358,-0.3513281015452776,True,False,False,True,False,0.0,1,0.9760807972466541,0.9895393727755735,False,False,False,False,-0.036322708110230466,-0.08125557897437935,False,False,False,False,-56284198,-27695582.678261694,False,False,False,False,12272238.334155992,False,False,False,False
2023-04-07 00:00:00+00:00,54.4904839231,54.8675472433,53.7943670241,54.4228058912,6907396,,,53.912710035279304,,,,,,,,54.75201510427235,"rgba(239, 83, 80, 0.5)",0.0,0.0,,53.47545306941856,,0.0,0.0,0.0,0.0,0.0,0.0,0.0,0.0,45.761916217262424,-0.3513281015452776,True,False,False,True,False,0.0,1,1.0051533112284639,0.9913654881260797,False,False,False,False,-0.014288453330133453,-0.0477720161522564,False,False,False,False,-49376802,-29301598.924316384,False,False,False,False,11874842.605699992,False,False,False,False
2023-04-14 00:00:00+00:00,56.8688833278,57.4586490339,54.229440086,54.2391083762,9750995,,,53.99410927440017,,,,,,,,54.791714319891284,#000000,0.0,0.0,,53.658168044748926,,0.0,0.0,0.0,0.0,0.0,0.0,0.0,0.0,47.54893312533591,-0.3513281015452776,True,False,False,False,True,0.23657354882771742,1,1.021722465980568,0.9386376345339584,False,False,False,False,0.07091794676395352,0.01157296530584856,False,False,False,False,-39625807,-30066355.078070726,False,False,False,False,11717520.560833326,False,False,False,False
2023-04-21 00:00:00+00:00,56.7528638447,57.5456636462,56.0760835262,57.0139076818,6264772,,,54.05702612040331,,,,,,,,54.82667101507698,#000000,0.0,0.0,,54.45410993140885,,0.0,0.0,0.0,0.0,0.0,0.0,0.0,0.0,48.7536599464208,-0.3513281015452776,True,False,False,False,True,0.10338997028845398,1,1.014265231151426,0.9567044820215941,False,False,False,False,0.12582772381629884,0.0687003445610737,False,False,False,False,-45890579,-31238519.81302845,False,False,False,False,11313613.260030856,False,False,False,False
2023-04-28 00:00:00+00:00,55.2929520149,56.8205418765,53.7363572826,56.5981712004,4266585,,,54.07552575338835,,,,,,,,54.832042847350884,#000000,0.0,0.0,,54.338818175813515,,0.0,0.0,0.0,0.0,0.0,0.0,0.0,0.0,48.71076142421163,-0.3513281015452776,True,False,False,False,True,0.0,1,0.9795139820962884,0.9787361870144238,False,False,False,False,0.053239946933783235,0.06097014574742847,False,False,False,False,-50157164,-32639900.86391523,False,False,False,False,10791611.166695237,False,False,False,False
2023-05-05 00:00:00+00:00,55.0222398876,55.6313421741,53.4124695587,55.1382593707,5828021,,,54.08790618820769,,,,,,,,54.82977550854729,#000000,0.0,0.0,,54.23720483596233,,0.0,0.0,0.0,0.0,0.0,0.0,0.0,0.0,48.51361677785853,-0.3513281015452776,True,False,False,False,True,0.0,1,0.9975629594107769,0.9911500421187405,False,False,False,False,0.009009818433961264,0.034989982090694864,False,False,False,False,-55985185,-34369181.17029188,False,False,False,False,10423937.821014108,False,False,False,False
2023-05-12 00:00:00+00:00,51.5223188123,56.4144736854,51.2371042495,55.2446105636,11252517,,,54.04926102949344,,,,,,,,54.777273752044,#000000,0.0,0.0,,53.9478989638547,,0.0,0.0,0.0,0.0,0.0,0.0,0.0,0.0,46.41861382781943,-0.3513281015452776,False,False,False,False,True,0.0,1,1.0625633114513318,0.9387531595670815,False,False,False,False,-0.1275238753698614,-0.046266946639583265,False,False,False,False,-67237702,-36803886.41693692,False,False,False,False,10485314.056494545,False,False,False,False
2023-05-19 00:00:00+00:00,54.1134206028,56.1340932678,49.3759583739,51.3482895876,10009080,,,54.022084698264806,,,,,,,53.2078240815,54.736969580689774,#000000,0.0,0.0,,53.63764030390761,,0.0,0.0,0.0,0.0,0.0,0.0,0.0,0.0,46.62809445072537,-0.3513281015452776,False,False,False,False,True,0.0,1,0.9816150736565904,0.9681422258288924,False,False,False,False,-0.20880928617472932,-0.1275381164071563,False,False,False,False,-57228622,-38316829.79346011,False,False,False,False,10450037.459717171,False,False,False,False
2023-05-26 00:00:00+00:00,51.8703772618,55.2736154344,51.4816895341,53.9925669745,7184899,,,53.996097992620655,,,,,,,53.06884092398043,54.703270691583164,"rgba(239, 83, 80, 0.5)",0.0,0.0,,53.536294084039795,,0.0,0.0,0.0,0.0,0.0,0.0,0.0,0.0,45.6184735755676,-0.3513281015452776,False,False,False,True,False,0.0,1,1.0091165147156154,0.973591301076373,False,False,False,False,-0.16127973757309716,-0.14440892699012672,False,False,False,False,-64413521,-40249918.03098158,False,False,False,False,10208175.351589974,False,False,False,False
2023-06-02 00:00:00+00:00,53.4834313317,53.5514516841,49.9560902028,52.2007618303,5087159,,,53.96979530037502,,,,,,,52.90022516700808,54.673243959463264,"rgba(239, 83, 80, 0.5)",0.0,0.0,4.474385867328164,53.43489136316415,0.010848409139293549,0.0,0.0,0.0,0.0,0.0,0.0,0.0,0.0,45.90826249976403,-0.3513281015452776,False,False,False,True,False,0.0,1,0.993675631934973,0.9783294601691073,False,False,False,False,-0.30091101740876947,-0.2226599721994481,False,False,False,False,-59326362,-41662987.954612575,False,False,False,False,9828840.807027755,False,False,False,False
2023-06-09 00:00:00+00:00,53.7069267752,54.4745850374,51.7343365571,52.8615309674,7926537,,,53.953838719206956,,,,,,,53.00651286491879,54.64679414114936,#000000,0.0,0.0,4.485102649025271,53.44106921582284,0.05927569114498146,0.0,0.0,0.0,0.0,0.0,0.0,0.0,0.0,46.2547117983011,-0.3513281015452776,False,False,False,False,False,0.0,1,1.0054330691096862,0.9929565188585958,False,False,False,False,-0.19282557295449,-0.20774277257696905,False,False,False,False,-51399825,-42384235.14315979,False,False,False,False,9687929.413914587,False,False,False,False
2023-06-16 00:00:00+00:00,55.4754559362,55.9904671754,53.6048962466,53.6874923888,20683466,,,54.01691593118709,,,,,,,53.82631147470787,54.66489241365083,#000000,0.0,0.0,4.485049595661752,53.812690486111784,0.3707351311558643,0.0,0.0,0.0,0.0,0.0,0.0,0.0,0.0,47.58940927919269,-0.3513281015452776,False,False,False,False,False,0.0,1,1.0219803883232172,0.983917941575255,False,False,False,False,-0.06309437082230014,-0.1354185716996346,False,False,False,False,-30716359,-41519948.02144425,False,False,False,False,10502413.60547647,False,False,False,False
2023-06-23 00:00:00+00:00,53.8332502867,56.3257103405,53.6874923888,55.009030663,12149322,,,54.036953197109625,,,,,,,53.97840292171862,54.66353673785878,#000000,0.0,0.0,4.493050545267679,53.897380129074186,-0.014273118392075694,0.0,0.0,0.0,0.0,0.0,0.0,0.0,0.0,47.570628905353004,-0.3513281015452776,False,False,False,False,False,0.0,1,1.0295486351560659,0.9599569005647444,False,False,False,False,-0.04731930044051405,-0.09136893607007432,False,False,False,False,-42865681,-41619631.945781715,False,False,False,False,10624406.81988562,False,False,False,False
2023-06-30 00:00:00+00:00,58.3031591552,58.6238265306,53.5320172977,53.6680580024,4698907,,,54.072520537939695,,,,,,,54.175494196306,54.68617761951975,#000000,0.0,0.0,4.498795733349865,54.01364390873046,0.9534807759043351,0.0,0.0,0.0,0.0,0.0,0.0,0.0,0.0,50.00217759977041,-3.8491310076825798,False,False,False,False,True,2.206005029913978,1,1.0044293915402531,0.9566228412117307,False,False,False,False,0.033373761768588785,-0.028997587150742767,False,False,False,False,-38166774,-41363864.69053863,False,False,False,False,10185480.9073015,False,False,False,False
2023-07-07 00:00:00+00:00,57.2925710632,58.9930798719,56.1556594597,58.1476840642,3404770,,,54.10379277571083,,,,,,,54.333659990746376,54.70727769087735,#000000,0.0,0.0,4.497099230599328,54.109640154175324,0.7077742219622954,0.0,0.0,0.0,0.0,0.0,0.0,0.0,0.0,51.130108424183476,-2.6941438592418194,True,False,False,False,True,1.113389898801742,1,1.022340733328301,0.9584218456400957,False,False,False,False,0.14705995248401005,0.05903118266663364,False,False,False,False,-41571544,-41379248.343091324,False,False,False,False,9683206.025279166,False,False,False,False
2023-07-14 00:00:00+00:00,59.4400707588,59.9599405946,57.2537022904,57.331439836,4305361,,,54.15863058526944,,,,,,,54.59334780097645,54.74678766987124,#000000,0.0,0.0,4.510762568907326,54.270189276161034,1.1461213938137516,0.0,0.0,0.0,0.0,0.0,0.0,0.0,0.0,52.98347453690139,-0.8616647658009384,True,False,False,False,True,3.313214699537454,1,1.0233101389385342,0.9608836422505926,False,False,False,False,0.2275775291276958,0.14330435589716473,False,False,False,False,-37266183,-41074576.83619567,False,False,False,False,9284847.134517746,False,False,False,False
2023-07-21 00:00:00+00:00,61.8790862501,61.9373894092,59.2845956677,59.5566770771,4332556,,,54.23708335099393,,,,,,,54.943089913452525,54.80606233222396,"rgba(38, 166, 154, 1.0)",0.0,0.0,4.54045769177403,54.49018934370815,1.6273462738741848,0.0,0.0,0.0,0.0,0.0,0.0,0.0,0.0,55.377046924171346,1.4450978090109317,True,False,True,False,True,5.704241144210382,1,1.033504939103704,0.9456266174579793,False,False,False,False,0.3428282465024576,0.24306630119981115,False,False,False,False,-32933627,-40471543.51499599,False,False,False,False,8918010.754183099,False,False,False,False
2023-07-28 00:00:00+00:00,62.5495725804,62.7633508306,61.5681360679,61.9082378297,4345787,,,54.32825614641309,,,,,,,55.32279924081264,54.87620992616493,"rgba(38, 166, 154, 1.0)",0.0,0.0,4.474665744899022,54.734428783654664,1.74653130362963,0.0,0.0,0.0,0.0,0.0,0.0,0.0,0.0,57.36670051238393,3.320915158879302,True,False,True,False,True,6.3465690840607465,0,1.0795400185543185,0.9516512185562633,False,False,False,False,0.34282824762960645,0.2929472744147088,False,False,False,False,-28587840,-39591269.18055184,False,False,False,False,8579327.513132498,False,False,False,False
2023-08-04 00:00:00+00:00,56.8552973695,63.288079263,53.9692909914,62.8119367966,12921900,,,54.44900697170804,,,,,,,55.68426143845189,54.9618873136076,"rgba(38, 166, 154, 1.0)",0.0,0.0,4.3724039124783545,56.800487779491355,0.01253534465382411,0.0,0.0,0.0,0.0,0.0,0.0,0.0,0.0,55.44838003763366,3.320915158879302,True,False,True,False,True,0.2979561232530834,0,0.9803518482363405,0.9584759306299856,False,False,False,False,0.11664680050656248,0.20479703746063566,False,False,False,False,-41509740,-39733378.13014059,False,False,False,False,8900999.549196757,False,False,False,False
2023-08-11 00:00:00+00:00,56.3597205167,57.6909759841,55.7281029592,57.0107724606,4210037,,,54.47150713181503,,,,,,,55.72204091518713,54.97616316333219,#000000,0.0,0.0,4.352306822091957,56.64182546611899,-0.06481733962023187,0.0,0.0,0.0,0.0,0.0,0.0,0.0,0.0,53.82948348197786,3.320915158879302,True,False,False,False,False,0.0,1,0.9760424603339031,1.0290275270226774,False,False,False,False,7.342219300393295e-05,0.1024352298268198,False,False,False,False,-45719777,-40176815.083463505,False,False,False,False,8553520.84184885,False,False,False,False
2023-08-18 00:00:00+00:00,55.0381822425,56.8455801763,54.3093927531,55.8738608571,3699841,,,54.479971525188084,,,,,,,55.71060850193427,54.97938096791166,#000000,0.0,0.0,4.338230168251774,56.43549257872529,-0.3220922546828304,0.0,0.0,0.0,0.0,0.0,0.0,0.0,0.0,52.00753353111382,6.4299970776558055,True,False,False,False,False,0.0,1,0.9497920646668765,1.044306809704081,False,False,False,False,-0.06848660753210468,0.016974311147357556,False,False,False,False,-49419618,-40861467.1513551,False,False,False,False,8193989.0017118985,False,False,False,False
2023-08-25 00:00:00+00:00,57.9401051754,58.1841662755,54.0956145029,54.7369492536,9183663,,,54.53009992329197,,,,,,,55.79342752622184,55.01211824306811,#000000,0.0,0.0,4.33862024724118,56.39451941297811,0.35623900556972826,0.0,0.0,0.0,0.0,0.0,0.0,0.0,0.0,52.19514234182405,6.4299970776558055,True,False,False,False,False,1.3848852950419008,1,0.9708210935102732,1.0200883942627372,False,False,False,False,-0.03438575107617876,-0.0087057199644106,False,False,False,False,-40235955,-40815132.917921394,False,False,False,False,8267298.186770276,False,False,False,False
2023-09-01 00:00:00+00:00,60.9176505972,61.0543248133,57.9108178433,57.9693925074,4188902,,,54.58449455064108,,,,,,,55.9409551299388,55.05373841644871,#000000,0.0,0.0,4.355817975113886,56.63740154368298,0.9826510377548812,0.0,0.0,0.0,0.0,0.0,0.0,0.0,0.0,53.65876609024111,6.4299970776558055,True,False,False,False,False,4.188104375150925,1,1.0229864295663316,0.9714099040992146,False,False,False,False,0.1693542479506628,0.0803242639931261,False,False,False,False,-36047053,-40461941.81289018,False,False,False,False,7965194.7655280335,False,False,False,False
2023-09-08 00:00:00+00:00,64.7054788715,64.9495399716,61.0738497013,61.4252976855,9184704,,63.5762895148,54.77772105041467,,,,,,,56.49090804767401,55.20805118411189,"rgba(38, 166, 154, 1.0)",0.0,0.0,4.4393925977504605,57.53889346833436,1.6143166537686073,0.0,0.0,0.0,0.0,0.0,0.0,0.0,0.0,56.14521779739849,6.4299970776558055,True,False,True,False,True,7.523507690738672,0,1.104033586579151,0.9451906184157477,False,False,False,False,0.342828248117707,0.21157625605541655,False,False,False,False,-26862349,-39454564.567490906,False,False,False,False,8055528.782896327,False,False,False,False
2023-09-15 00:00:00+00:00,63.6316100308,65.3986123959,62.3624923101,64.8519155316,20284270,,63.728603780476085,55.18639504444051,,,,,,,57.493676462106265,55.53831970058646,"rgba(38, 166, 154, 1.0)",0.0,0.0,4.487846955884735,60.503777037441345,0.696956251874242,0.0,0.0,0.0,0.0,0.0,0.0,0.0,0.0,57.30388687360259,2.644421215754008,True,False,True,False,True,6.414136608416371,0,1.1493985424661959,0.8599934255582563,False,False,False,False,0.3428282483703334,0.277202252212875,False,False,False,False,-47146619,-40024346.377306394,False,False,False,False,8961361.465644747,False,False,False,False
2023-09-22 00:00:00+00:00,61.3764854654,64.4711802153,60.9957501492,63.5046982587,13786657,,63.26726024290846,55.398349103286456,,,,,,,57.90214226942991,55.71004547026449,"rgba(38, 166, 154, 1.0)",0.0,0.0,4.466167309040427,60.62328340479077,0.16864618105206217,0.0,0.0,0.0,0.0,0.0,0.0,0.0,0.0,56.8875419518523,2.644421215754008,True,False,True,False,True,4.134537650083718,0,1.1262190060991148,0.870020718928585,False,False,False,False,0.27424436027444893,0.2757233062436619,False,False,False,False,-60933276,-41573155.9789874,False,False,False,False,9318790.764485877,False,False,False,False
2023-09-29 00:00:00+00:00,61.0152750372,62.0110443258,59.8925939765,61.1128994773,5713303,,62.99958096347344,55.46652094614525,,,,,,,58.007010518611615,55.76501093653431,"rgba(38, 166, 154, 1.0)",0.0,0.0,4.434158315692368,60.579376753390676,0.09830462802076556,0.0,0.0,0.0,0.0,0.0,0.0,0.0,0.0,56.39453820895892,2.644421215754008,True,False,True,False,True,3.7740375393942465,0,1.0785478761449188,0.9165947649906923,False,False,False,False,0.17228840599725742,0.22400585612045967,False,False,False,False,-66646579,-43430446.57313648,False,False,False,False,9051717.596746182,False,False,False,False
2023-10-06 00:00:00+00:00,63.7878091349,63.934245795,59.6924638744,60.8102637131,5931709,,62.94252543093225,55.55434432313588,,,,,,,58.15988044296546,55.83695038743942,"rgba(38, 166, 154, 1.0)",-1.0,62.920624,4.43194662934482,61.7409211587187,0.46184851654765907,0.0,0.0,0.0,0.0,0.0,0.0,0.0,0.0,57.215702611658315,2.665378602209387,True,False,True,False,True,6.227856042815674,0,1.0641368428732738,0.897416667019436,False,False,False,False,0.22102289185035662,0.22251437398540813,False,False,False,False,-60714870,-44710774.234385625,False,False,False,False,8820605.848839058,False,False,False,False
2023-10-13 00:00:00+00:00,64.9397775276,66.1600830284,63.3484991547,63.7194720269,5492907,,63.112932373294385,55.660637779904874,,,,,,,58.36445145182252,55.925265977715576,"rgba(38, 166, 154, 1.0)",0.0,0.0,4.384080676208365,62.19188059689049,0.626789772738869,0.0,0.0,0.0,0.0,0.0,0.0,0.0,0.0,58.25814619557974,3.769780584322824,True,False,True,False,True,7.217905043256803,0,1.1005841148266298,0.9010350043365668,False,False,False,False,0.3428282487182556,0.2826713113518319,False,False,False,False,-55221963,-45489380.80961632,False,False,False,False,8574109.637813943,False,False,False,False
2023-10-20 00:00:00+00:00,61.9524696618,65.6914857161,61.7474583377,65.2619381798,4445755,,63.11413493858762,55.729384353859,,,,,,,58.480127510719655,55.98217056742558,"rgba(38, 166, 154, 1.0)",0.0,0.0,4.408704365930888,62.20734955039648,-0.057812878215675004,0.0,0.0,0.0,0.0,0.0,0.0,0.0,0.0,57.29575403262238,3.769780584322824,True,False,True,False,True,4.2008227057999505,0,1.0602208118462235,0.9097757039395822,False,False,False,False,0.2849336715790388,0.28380249146543535,False,False,False,False,-59667718,-46539628.008904,False,False,False,False,8268305.590568466,False,False,False,False
2023-10-27 00:00:00+00:00,60.7614514931,61.9915194378,60.5369152809,61.7865081137,3326166,,63.0156897810441,55.76608804969905,,,,,,,58.52679253328364,56.01221336395201,"rgba(38, 166, 154, 1.0)",0.0,0.0,4.413692075769844,62.076215608702974,-0.29788306321157504,0.0,0.0,0.0,0.0,0.0,0.0,0.0,0.0,55.97719382704244,3.769780584322824,True,False,True,False,True,3.0358196071325523,0,1.0738648060952662,0.9412123165662132,False,False,False,False,0.1540252997827877,0.2189138956241115,False,False,False,False,-62993884,-47758461.78602222,False,False,False,False,7902221.176452284,False,False,False,False
2023-11-03 00:00:00+00:00,66.3943816845,66.6286803407,60.7468078271,61.0152750372,5927281,,63.141628171188664,55.87232329423166,,,,,,,58.713556668237395,56.10107267027294,"rgba(38, 166, 154, 1.0)",0.0,0.0,4.51183622627599,63.10903801478715,0.7281611089027784,0.0,0.0,0.0,0.0,1.0,0.0,66.62868,110.0,57.32543133013668,3.769780584322824,True,False,True,False,True,7.805825517541855,0,1.0766764362613794,0.8812757356107386,False,False,False,False,0.28318942668678787,0.2510516611554497,False,False,False,False,-57066603,-48447953.72779835,False,True,False,False,7755929.3115298925,False,True,False,False
2023-11-10 00:00:00+00:00,58.7113382518,66.2772323564,58.4819208177,66.1698454724,10683685,,62.89150025685321,55.98456542971656,,,,,,,58.84207493205768,56.193744394071835,"rgba(38, 166, 154, 0.75)",0.0,0.0,4.510215228848927,62.316077993900926,-0.7992389629310235,0.0,0.0,0.0,0.0,0.0,0.0,0.0,0.0,54.847499773479235,3.769780584322824,True,False,True,False,False,0.8120215585432824,1,1.0723548639383658,0.8952055442504527,False,False,False,False,0.21258808374853178,0.23181987245199073,False,False,False,False,-67750288,-49877756.266479954,False,False,False,False,7972800.103268418,False,False,False,False
2023-11-17 00:00:00+00:00,60.1561799647,60.7712139371,57.4519829751,58.7308631398,9265624,,62.553386487979566,56.04742349197156,,,,,,59.459792292299994,58.86902517132717,56.244852226170444,#000000,0.0,0.0,4.5076978555532445,61.326662954092626,-0.2596631422291651,0.0,0.0,0.0,0.0,0.0,0.0,0.0,0.0,53.6415270322342,8.063378499378565,True,False,False,False,False,1.9952392452186523,1,1.0839790631464936,0.9475696258195931,False,False,False,False,0.043563832053583634,0.13769185225278718,False,False,False,False,-58484664,-50515304.987481445,False,False,False,False,8068564.836359647,False,False,False,False
2023-11-24 00:00:00+00:00,61.3667230214,61.5326845695,59.7656822045,60.0390306366,2521922,,62.509901758313774,56.07113895863526,,,,,,59.76543220793212,58.89272318867298,56.26454571118492,#000000,0.0,0.0,4.511549155368025,61.366294886428996,9.489755209544358e-05,0.0,0.0,0.0,0.0,0.0,0.0,0.0,0.0,53.25069035410684,7.648765263519216,True,False,False,False,False,2.977291192597356,1,1.0881382747639428,0.9285557793462149,False,False,False,False,0.12219982505370651,0.12994583865324685,False,False,False,False,-55962742,-50918818.8402606,False,False,False,False,7657702.404036711,False,False,False,False
2023-12-01 00:00:00+00:00,65.1977335358,65.3055794108,60.605252389,60.9567003732,6447020,,62.58456362845809,56.16553339881386,,,,,,61.15754892790911,59.032826964675614,56.344325794648945,"rgba(38, 166, 154, 0.75)",0.0,0.0,4.5802291976167595,61.8986810682818,0.7202810875129999,0.0,0.0,0.0,0.0,0.0,0.0,0.0,0.0,54.35716207289853,7.648765263519216,True,False,True,False,False,5.97570974221458,1,1.112790144214629,0.8696799718371513,False,False,False,False,0.232171590685184,0.18105871466921541,False,False,False,False,-49515722,-50814885.74098204,False,False,False,False,7568022.2259599175,False,False,False,False
2023-12-08 00:00:00+00:00,61.5996029783,65.266362729,61.0309610918,64.8643917403,4211276,,62.58643887917227,56.21736229288636,,,,,,61.43424255407558,59.100032071692986,56.388073392562724,#000000,0.0,0.0,4.562373301314534,62.001090368919655,-0.08799968001390382,0.0,0.0,0.0,0.0,0.0,0.0,0.0,0.0,53.63341463463547,7.648765263519216,True,False,False,False,False,2.8688333808187423,1,1.096518679633099,0.882058099681939,False,False,False,False,0.22740727308871755,0.20423299387896648,False,False,False,False,-53726998,-51030597.76016855,False,False,False,False,7319374.357370294,False,False,False,False
2023-12-15 00:00:00+00:00,62.5408033421,64.7271333539,61.4133237396,61.6682321715,5738817,,62.60205153086929,56.289492479267295,,,,,,61.73142074966645,59.19416136338902,56.44917407950247,#000000,0.0,0.0,4.57314218825082,62.12942871296163,0.0899544803560369,0.0,0.0,0.0,0.0,0.0,0.0,0.0,0.0,53.465261306838485,7.648765263519216,True,False,False,False,False,3.600050257907583,1,1.0798075692510953,0.9049842886162837,False,False,False,False,0.21943018874087544,0.21183159130992096,False,False,False,False,-47988181,-50805233.55571163,False,False,False,False,7202296.034602124,False,False,False,False
2023-12-22 00:00:00+00:00,64.6781125016,65.0898876608,62.0113781374,62.9329701604,3885924,,62.64609671450953,56.34495537968829,,,,,,61.997388895662745,59.27235429072928,56.49642563452021,"rgba(38, 166, 154, 0.75)",0.0,0.0,4.594305827748986,62.270948903613245,0.5239450067620247,0.0,0.0,0.0,0.0,0.0,0.0,0.0,0.0,54.12427336553929,7.648765263519216,True,False,True,False,False,5.23874005968327,1,1.0848712471909043,0.9051352911081892,False,False,False,False,0.24841944615286826,0.2301255187313946,False,False,False,False,-44102257,-50308716.77380706,False,False,False,False,6956638.846853819,False,False,False,False
2023-12-29 00:00:00+00:00,65.5800961836,65.8742212973,64.5065395186,64.5114416039,2008237,,62.69128112901447,56.37851567871326,,,,,,62.1932044855915,59.3235613839778,56.52514900530023,"rgba(38, 166, 154, 0.75)",0.0,0.0,4.61076585616745,63.060944390252686,0.546362984357068,0.0,0.0,0.0,0.0,0.0,0.0,0.0,0.0,54.91833586492117,7.648765263519216,True,False,True,False,False,5.921467262330385,1,1.1174252972123286,0.9178695377646078,False,False,False,False,0.342828246710559,0.2864768827209768,False,False,False,False,-42094020,-49700220.71648802,False,False,False,False,6590090.561901685,False,False,False,False
2024-01-05 00:00:00+00:00,64.0506455924,65.7663754223,63.7074996264,65.0800834903,3517706,,62.743509114702945,56.43141584197,,,,,,62.40980376812224,59.39933018790099,56.570409526715565,"rgba(38, 166, 154, 0.75)",0.0,0.0,4.538173888766163,63.046759709231914,0.2212092149340325,0.0,0.0,0.0,0.0,0.0,0.0,0.0,0.0,54.76331101158769,7.648765263519216,True,False,True,False,False,4.574010513717475,1,1.0805559807798275,0.9224422250087947,False,False,False,False,0.3082756830016728,0.2973762828613248,False,False,False,False,-45611726,-49397369.256007425,False,False,False,False,6362506.520279338,False,False,False,False
2024-01-12 00:00:00+00:00,62.9917951831,64.8055667175,62.8839493081,64.4526165811,3336755,,62.7651931060554,56.47514861934426,,,,,,62.503599851113016,59.456224491331916,56.607800468082885,"rgba(38, 166, 154, 0.75)",0.0,0.0,4.534135504309861,62.98076633211926,0.002432404362476578,0.0,0.0,0.0,0.0,0.0,0.0,0.0,0.0,54.15699837836214,7.648765263519216,True,False,True,False,False,3.648851148103308,1,1.0598077788923916,0.9432845305675998,False,False,False,False,0.2422422656740202,0.2698092742676725,False,False,False,False,-48948481,-49364118.274080954,False,False,False,False,6138376.778036424,False,False,False,False
2024-01-19 00:00:00+00:00,62.7368867512,64.1584914674,62.0996156715,62.0996156715,2856336,,62.7703727081836,56.50922449674689,,,,,,62.53587049733406,59.49720269815526,56.636929450706376,#000000,0.0,0.0,4.457996617260791,62.917060604365204,-0.040415879291518006,0.0,0.0,0.0,0.0,0.0,0.0,0.0,0.0,53.601177095303235,7.239054005105558,True,False,False,False,False,3.4248642604312494,1,1.0285662361763528,0.9724033752043815,False,False,False,False,0.19075434797442029,0.2302818111210464,False,False,False,False,-51804817,-49544910.77229718,False,False,False,False,5895262.646330022,False,False,False,False
2024-01-26 00:00:00+00:00,61.0407652622,63.4820037059,59.6485730574,63.011403524,4547890,,62.72322701791414,56.54948873927472,,,,,,62.42810204095359,59.53144569226416,56.67117969307659,#000000,0.0,0.0,4.380733875473767,62.37802239429501,-0.30525870096374896,0.0,0.0,0.0,0.0,0.0,0.0,0.0,0.0,52.38398575518602,5.934792444893191,False,False,False,False,False,1.9371719775907295,1,0.9760632872913628,0.9895980628352751,False,False,False,False,0.08128777875467487,0.15578479493786063,False,False,False,False,-56352707,-50049191.97434924,False,False,False,False,5795457.265120391,False,False,False,False
2024-02-02 00:00:00+00:00,63.0310118649,64.0114289106,60.9819402395,60.99174441,3266706,,62.72206690097096,56.58556762307992,,,,,,62.443718382785995,59.571759301210385,56.702091151736724,#000000,0.0,0.0,4.340179194315211,62.49405560777661,0.12371753171544181,0.0,0.0,0.0,0.0,0.0,0.0,0.0,0.0,52.450361249978116,5.882653357769705,False,False,False,False,False,3.5598251471693345,1,1.078985199016524,0.988776277550184,False,False,False,False,0.14608725131006173,0.15093602312396118,False,False,False,False,-53086001,-50274140.79106411,False,False,False,False,5608142.356592954,False,False,False,False
2024-02-09 00:00:00+00:00,67.5631479647,67.9273432553,61.893728092,62.5015866603,4719375,,62.8248386440973,56.66327109962726,,,,,,62.724501747695726,59.68496258551588,56.769226782247905,"rgba(38, 166, 154, 0.75)",0.0,0.0,4.383523214881342,63.11011869717386,1.015856207264702,1.0,64.7627814735,64.0114289106,0.0,0.0,0.0,0.0,0.0,54.34236812657947,5.882653357769705,True,False,True,False,False,7.065637789803681,1,1.0659133134480747,0.8828710326498221,False,False,False,False,0.32141573376856636,0.23617587844626375,False,False,False,False,-48366626,-50132843.39913344,False,False,False,False,5542307.737586068,False,False,False,False
2024-02-16 00:00:00+00:00,67.8387552117,68.5080870971,64.7627814735,67.5336186168,3609349,,62.929887157594244,56.729781019116565,,,,,,62.984186259810706,59.785837949238115,56.82687931825715,"rgba(38, 166, 154, 1.0)",0.0,0.0,4.46792178582471,63.53948882264913,0.9622519361666247,0.0,0.0,0.0,0.0,0.0,0.0,0.0,0.0,55.79669824041049,5.882653357769705,True,False,True,False,True,7.271879656541291,1,1.112358195386942,0.8686936821801734,False,False,False,False,0.34282824735851714,0.28950206290239044,False,False,False,False,-44757277,-49734653.29549392,False,False,False,False,5399125.608875988,False,False,False,False
2024-02-23 00:00:00+00:00,75.5262287781,75.9593258805,64.9498006767,67.8190689797,7140832,,63.3632380248642,56.922875262800204,,,,,,63.95948075531675,60.112489677657095,56.99518248465606,"rgba(38, 166, 154, 1.0)",0.0,0.0,4.878025885950252,64.99995283123823,2.157896696936291,0.0,0.0,0.0,0.0,0.0,0.0,0.0,0.0,59.24888332375943,5.730035181556538,True,False,True,False,True,12.658672804371708,0,1.108494233794333,0.815333868374353,False,False,False,False,0.34282824788572897,0.3161651553940597,False,False,False,False,-37616445,-48837008.23656845,False,False,False,False,5528140.897107396,False,False,False,False
2024-03-01 00:00:00+00:00,75.5360718941,76.7664613894,74.0300751519,75.7723066772,7168680,,63.907856169458746,57.15288784773703,,,,,,65.06841908400618,60.50876773824519,57.19645436598471,"rgba(38, 166, 154, 1.0)",0.0,0.0,5.259586525513759,69.15664309916455,1.2129145064900901,0.0,0.0,0.0,0.0,1.0,0.0,76.766464,128.0,61.717350527288595,8.017256309858624,True,False,True,False,True,12.665150418658513,0,1.163162569570125,0.8358023280153587,False,False,False,False,0.342828249867763,0.32949670263091135,False,False,False,False,-30447765,-47474842.070896715,False,False,False,False,5649662.312136478,False,False,False,False
2024-03-08 00:00:00+00:00,74.3253686308,75.6640324016,73.7150954411,75.2210921833,3848683,,64.15976728665115,57.268232339147616,,,,,,65.53660940940125,60.70119381247659,57.29760976234995,"rgba(38, 166, 154, 1.0)",0.0,0.0,5.559418993603176,69.51129274914048,0.8659314736303796,0.0,0.0,0.0,0.0,0.0,0.0,0.0,0.0,62.77705408045905,8.938054770766684,True,False,True,False,True,11.53660785939034,0,1.1317849408955802,0.8860239316299271,False,False,False,False,0.3109273476636317,0.32021202514727154,False,False,False,False,-34296448,-46498664.73231177,False,False,False,False,5516256.437163405,False,False,False,False
2024-03-15 00:00:00+00:00,74.0792907317,75.2604646472,73.6166642815,74.0792907317,4074791,,64.40773288251947,57.38696327542433,,,,,,65.9721381124971,60.89570442136898,57.40190404480872,"rgba(38, 166, 154, 1.0)",0.0,0.0,5.821252511509625,69.8247370420898,0.7308656824623593,0.0,0.0,0.0,0.0,0.0,0.0,0.0,0.0,63.38749995635518,9.468752040775286,True,False,True,False,True,11.306176459651418,0,1.1189318772454275,0.8934345893974532,False,False,False,False,0.29977754067630064,0.30999478291178606,False,False,False,False,-38371239,-45896633.19658497,False,False,False,False,5409481.219595745,False,False,False,False
2024-03-22 00:00:00+00:00,75.7427773293,76.4121092147,73.0851360195,74.0792907317,3140482,,64.60479030470042,57.48141151666104,,,,,,66.30743649878214,61.05015389205679,57.48499446807866,"rgba(38, 166, 154, 1.0)",0.0,0.0,6.124760002877833,70.11046672161154,0.9195969482954444,0.0,0.0,0.0,0.0,0.0,0.0,0.0,0.0,64.36194483478607,10.390079874715298,True,False,True,False,True,12.455004368002879,0,1.1280541100079813,0.8710277329392957,False,False,False,False,0.3135616599709629,0.31177822144137446,False,False,False,False,-35230757,-45106568.29313423,False,False,False,False,5241407.203329394,False,False,False,False
2024-03-29 00:00:00+00:00,74.9750142843,76.1069726199,74.2367805871,75.565601242,2618631,,64.76402150692135,57.559514170312546,,,,,,66.56948769731973,61.176626356702265,57.553785455712244,"rgba(38, 166, 154, 1.0)",0.0,0.0,6.382969904456077,70.32524377047032,0.7284650536396204,0.0,0.0,0.0,0.0,0.0,0.0,0.0,0.0,64.56420412430417,10.602670762150638,True,False,True,False,True,11.71837234090378,0,1.1525764272525634,0.8475732817171915,False,False,False,False,0.3325672930432805,0.32217275724232747,False,False,False,False,-37849388,-44568999.382531695,False,False,False,False,5047127.484564254,False,False,False,False
2024-04-05 00:00:00+00:00,73.5182331219,75.6548783038,73.478860658,75.043916096,3266054,,64.93947999655423,57.65107584343012,,,,,,66.84339873883526,61.32134828732503,57.634527803225026,"rgba(38, 166, 154, 1.0)",0.0,0.0,6.577082717235489,70.50056718601233,0.45881526287935503,0.0,0.0,0.0,0.0,0.0,0.0,0.0,0.0,63.779684493765984,10.602670762150638,True,False,True,False,True,10.326842124227227,0,1.1499157112486929,0.8701706520813876,False,False,False,False,0.30546785695955636,0.3138203071009419,False,False,False,False,-41115442,-44313180.31715898,False,False,False,False,4915196.115337273,False,False,False,False
2024-04-12 00:00:00+00:00,71.91380522,73.7544679049,71.4905512336,73.6954092092,2406916,,65.03996417593767,57.71052336314145,,,,,,66.98593635918093,61.41110815763493,57.687016661977665,"rgba(38, 166, 154, 0.75)",0.0,0.0,6.722827529559343,70.52738084119264,0.20622637911079023,0.0,0.0,0.0,0.0,0.0,0.0,0.0,0.0,62.23585275238662,10.602670762150638,True,False,True,False,False,8.815353380354598,0,1.0885439239147583,0.9149136732142842,False,False,False,False,0.2210465499255279,0.2674334285132349,False,False,False,False,-43522358,-44254600.88625832,False,False,False,False,4729397.588275253,False,False,False,False
2024-04-19 00:00:00+00:00,71.4708650017,72.711097613,70.9491798557,72.711097613,3140499,,65.1553730595278,57.78383264200331,,,,,,67.13930975600617,61.518979310564234,57.751820693193544,"rgba(38, 166, 154, 0.75)",0.0,0.0,6.7786974035345136,70.52604133093133,0.13938130211801833,0.0,0.0,0.0,0.0,0.0,0.0,0.0,0.0,60.86286361694518,10.602670762150638,True,False,True,False,False,8.399174697975255,0,1.1027088212095264,0.9193128396856655,False,False,False,False,0.18757470327485076,0.22750406589404285,False,False,False,False,-46662857,-44432990.228016965,False,False,False,False,4611701.39655116,False,False,False,False
2024-04-26 00:00:00+00:00,72.0319226116,72.8095287726,71.3527476102,71.8941189881,2367843,,65.2443443004469,57.839993521224656,,,,,,67.2569876765558,61.60160489619815,57.80151670328846,"rgba(38, 166, 154, 0.75)",0.0,0.0,6.837247079061972,70.54655881441431,0.21724588566272304,0.0,0.0,0.0,0.0,0.0,0.0,0.0,0.0,60.1438617123375,14.085540991535183,True,False,True,False,False,8.823885960573957,0,1.1209547407825364,0.876371766381093,False,False,False,False,0.19812928699630475,0.2128166764451738,False,False,False,False,-44295014,-44422769.76668238,False,False,False,False,4445489.663473297,False,False,False,False
2024-05-03 00:00:00+00:00,71.1066697111,72.6421958012,69.8467508679,72.0319226116,2812500,,65.33404218441558,57.90210233004233,,,,,,67.365756689684,61.69009324253923,57.85654093742436,"rgba(38, 166, 154, 0.75)",0.0,0.0,6.861058240087893,70.53077655764267,0.08393649103464713,0.0,0.0,0.0,0.0,0.0,0.0,0.0,0.0,59.01971737615412,12.953116988598282,True,False,True,False,False,7.933920229886581,0,1.1052274171362249,0.9281833645895365,False,False,False,False,0.1631029612209208,0.1879598188330473,False,False,False,False,-47107514,-44621639.709891096,False,False,False,False,4324527.466178979,False,False,False,False
2024-05-10 00:00:00+00:00,75.2801508791,79.4044164673,68.7344787642,71.1558852909,6132878,,65.62470619698354,58.06841733040916,,,,,74.47301537019999,67.76915561736098,61.94204083770179,58.004038265500434,"rgba(38, 166, 154, 0.75)",1.0,82.89882,6.973883568821069,73.57154777527018,0.2450002336529786,0.0,0.0,0.0,0.0,0.0,0.0,0.0,0.0,60.09835181980144,12.953116988598282,True,False,True,False,False,11.058559158995692,0,1.1163437210253102,0.8510356679751506,False,False,False,False,0.2835104403418701,0.2357351295874587,False,False,False,False,-40974636,-44351491.2869362,False,False,False,False,4458479.357573128,False,False,False,False
2024-05-17 00:00:00+00:00,73.7938403688,77.0026961725,73.1540378313,75.2407784152,3997477,,65.80801142969044,58.17618928266245,,,,,74.54292973490537,68.01464404361302,62.10323162994352,58.09979631355371,"rgba(38, 166, 154, 0.75)",0.0,0.0,7.067182012019875,73.66937629763996,0.01761155591413374,0.0,0.0,0.0,0.0,0.0,0.0,0.0,0.0,59.8951363887347,12.953116988598282,True,False,True,False,False,9.625762604654504,0,1.1771192846899121,0.8169087709016698,False,False,False,False,0.32684705987864776,0.28129109473305325,False,False,False,False,-44972113,-44397463.26568166,False,False,False,False,4424331.034789934,False,False,False,False
2024-05-24 00:00:00+00:00,74.9651711683,75.179554234,73.2918414547,73.8824284125,2589911,,65.92062408518579,58.24455011407762,,,,,74.52988391828498,68.16068261702193,62.20410336203787,58.1606145201707,"rgba(38, 166, 154, 0.75)",0.0,0.0,7.155033250942874,73.69547870362315,0.17745444642196925,0.0,0.0,0.0,0.0,0.0,0.0,0.0,0.0,60.25840577662733,12.953116988598282,True,False,True,False,False,10.48946679721514,0,1.1523677015382232,0.8462725356467454,False,False,False,False,0.28175799471657026,0.28152454472481175,False,False,False,False,-42382202,-44248184.65340895,False,False,False,False,4288448.069249938,False,False,False,False
2024-05-31 00:00:00+00:00,71.8017106301,75.7034048655,70.7545200238,75.0832885598,3555915,,66.04032613870227,58.32760198291127,,,,,74.14172806686223,68.29884954070208,62.32085190418004,58.234632174377325,"rgba(38, 166, 154, 0.75)",0.0,0.0,7.176602906463452,73.4915761891323,-0.23546872817922782,0.0,0.0,0.0,0.0,0.0,0.0,0.0,0.0,58.5514482114409,12.304701454456804,True,False,True,False,False,7.48618294052298,0,1.1140089205296189,0.8831989756698241,False,False,False,False,0.23049492648558953,0.25600973560520063,False,False,False,False,-45938117,-44373364.82723051,False,False,False,False,4234186.36041661,False,False,False,False
2024-06-07 00:00:00+00:00,71.8115897868,72.8884178631,69.4208338742,72.3648225599,3523119,,66.13132032742506,58.4011751788318,,,,,73.64916540949486,68.38784827019468,62.41903949317402,58.30033185962482,"rgba(38, 166, 154, 0.75)",0.0,0.0,7.2146093472665545,73.19950357709826,-0.1923754597778886,0.0,0.0,0.0,0.0,0.0,0.0,0.0,0.0,57.33710856539037,11.074996321183455,True,False,True,False,False,7.493740110620131,0,1.0950652005015493,0.9136349002720154,False,False,False,False,0.12822522149590268,0.19211747855055167,False,False,False,False,-42414998,-44228300.61780603,False,False,False,False,4181514.7040894534,False,False,False,False
2024-06-14 00:00:00+00:00,79.0332533078,80.2977853607,75.0815906424,75.2495363056,14600951,78.13754310363333,66.92420051678583,58.85191859351848,,,,,75.55422659005454,69.4321246597268,63.09519257513557,58.703074927463526,"rgba(38, 166, 154, 0.75)",0.0,0.0,7.428803666543992,74.63434433964615,0.5921423106070989,0.0,0.0,0.0,0.0,0.0,0.0,0.0,0.0,59.4421943536588,11.074996321183455,True,False,True,False,False,12.69579790740342,1,1.1112991722164116,0.8452864707854085,False,False,False,False,0.3428282498219972,0.2674728641862745,False,False,False,False,-27814047,-43012429.97945003,False,False,False,False,4953324.800082827,False,False,False,False
2024-06-21 00:00:00+00:00,76.6622557085,80.7522265672,74.6271494358,78.6874828245,33962070,77.58483183771864,68.31207129079029,59.78486701792319,,,,,76.44497234827371,71.01076487776344,64.3915001921995,59.54381788138373,"rgba(38, 166, 154, 1.0)",0.0,0.0,7.569456975681826,76.45762512168679,0.027033720842937634,0.0,0.0,0.0,0.0,0.0,0.0,0.0,0.0,59.57510074575141,11.074996321183455,True,False,True,False,True,10.488769212863215,1,1.0968746341567068,0.849221861854572,False,False,False,False,0.34282824981970095,0.3051505570029877,False,False,False,False,-61776117,-44402332.72171299,False,False,False,False,7102120.740817431,False,False,False,False
2024-06-28 00:00:00+00:00,75.4372402823,78.0058210148,75.0420740157,76.4844308886,10896691,77.32402836084242,68.63368710124365,60.045695269505266,,,,,76.40602910502763,71.32056143156025,64.72525212966835,59.780823646094625,"rgba(38, 166, 154, 1.0)",0.0,0.0,7.6773297073663915,76.37973023603902,-0.12276272996777891,0.0,0.0,0.0,0.0,0.0,0.0,0.0,0.0,58.99519808410324,11.074996321183455,True,False,True,False,True,9.369335983169588,1,1.0740860124143035,0.887678406016921,False,False,False,False,0.29016230397641457,0.29765643048970114,False,False,False,False,-72672808,-46496442.0015861,False,False,False,False,7383200.0192754,False,False,False,False
2024-07-05 00:00:00+00:00,76.0695063087,76.6227390819,74.4196871459,75.6249442589,3094829,77.24387781912625,68.71501551931904,60.116205230237334,,,,,76.37964624780204,71.39418017169449,64.812962291611,59.84506259395351,"rgba(38, 166, 154, 1.0)",0.0,0.0,7.774710033669314,76.34504436070333,-0.03544029948513532,0.0,0.0,0.0,0.0,0.0,0.0,0.0,0.0,58.83980124546398,11.074996321183455,True,False,True,False,True,9.818850126500948,1,1.0757759257733954,0.9008276751419169,False,False,False,False,0.2460908603044864,0.2718736453970938,False,False,False,False,-69577979,-48206185.4829501,False,False,False,False,7065542.906736481,False,False,False,False
2024-07-12 00:00:00+00:00,78.4800205346,78.9048242711,75.3483278723,76.1090229354,4180101,77.26478917277103,68.85060503122548,60.22176660907799,,,,,76.43752049736233,71.53133833573624,64.94923208791606,59.94116478988758,"rgba(38, 166, 154, 1.0)",0.0,0.0,7.953051087384922,76.40273241833921,0.26119386049911963,0.0,0.0,0.0,0.0,0.0,0.0,0.0,0.0,59.680524522093194,11.074996321183455,True,False,True,False,True,11.510544639737553,1,1.092083787020525,0.8699731705907123,False,False,False,False,0.31717557788152106,0.29452461163930743,False,False,False,False,-65397878,-49479644.18791676,False,False,False,False,6851806.469200445,False,False,False,False
2024-07-19 00:00:00+00:00,78.7566369212,80.8806556038,78.2527999313,79.0134949944,4715835,77.3988980652511,69.02784166948169,60.3509795250488,,,,,76.58528422188671,71.72091442484341,65.11997184058579,60.058786939277866,"rgba(38, 166, 154, 1.0)",0.0,0.0,8.132546430294289,77.41911351429466,0.16446551130934436,0.0,0.0,0.0,0.0,0.0,0.0,0.0,0.0,60.38762415588063,11.074996321183455,True,False,True,False,True,11.702909525985255,1,1.1282969210217422,0.8445897632200313,False,False,False,False,0.34282825030095837,0.3186764309701329,False,False,False,False,-60682043,-50309451.507330336,False,False,False,False,6693586.360370782,False,False,False,False
2024-07-26 00:00:00+00:00,78.2132833047,79.8235858408,77.2747634217,79.0826490911,3669666,77.44962029490125,69.15045330428309,60.44581607024841,,,,,76.65688127290103,71.84612667157216,65.242162604897,60.145285987464824,"rgba(38, 166, 154, 1.0)",0.0,0.0,8.284322728405998,77.37949554653304,0.1006464602481021,0.0,0.0,0.0,0.0,0.0,0.0,0.0,0.0,60.5352257087832,11.074996321183455,True,False,True,False,True,11.179541771585907,1,1.1448184479636405,0.8464150077268421,False,False,False,False,0.2992838411835199,0.3089801360768264,False,False,False,False,-64351709,-51349618.72900957,False,False,False,False,6469592.2596025765,False,False,False,False
2024-08-02 00:00:00+00:00,73.8664543728,79.393842526,72.4043391866,78.5689329446,5022004,77.31000086061864,69.25682155787182,60.5510902211461,,,,,76.58475641476392,71.93010240421438,65.36591654691915,60.2417707779698,"rgba(38, 166, 154, 0.5)",0.0,0.0,8.324286963961598,76.95754894249087,-0.371334455800619,0.0,0.0,0.0,0.0,0.0,0.0,0.0,0.0,58.08009725869947,11.074996321183455,False,False,True,False,False,7.132370720017338,1,1.079078601624707,0.8616185363358863,False,False,False,False,0.1663561831644919,0.23766815962065915,False,False,False,False,-69373713,-52684736.823157005,False,False,False,False,6362363.499632016,False,False,False,False
2024-08-09 00:00:00+00:00,77.9860627014,79.290111381,69.5245650192,71.94989798,6165029,77.18787096918521,69.39038427202786,60.68157535280163,,,,,76.52755412869399,72.03887062305866,65.51938220073959,60.36149245262606,"rgba(38, 166, 154, 0.5)",0.0,0.0,8.416385892176788,76.51197691537327,0.1751447479846342,0.0,0.0,0.0,0.0,0.0,0.0,0.0,0.0,58.11135562911811,11.074996321183455,False,False,True,False,False,10.08071639789242,1,1.040822521132463,0.9040815041341677,False,False,False,False,0.06676907237427583,0.1522186159974675,False,False,False,False,-63208684,-53464288.465886116,False,False,False,False,6347746.129288903,False,False,False,False
2024-08-16 00:00:00+00:00,81.2659427137,81.3943717503,76.8548992635,77.8773919781,2576470,77.26470197948738,69.48151830983765,60.750741186083154,,,,,76.60604212672398,72.13428892345217,65.60855697123993,60.42473687480419,"rgba(38, 166, 154, 0.75)",0.0,0.0,8.529205806663764,76.95325494394442,0.5056376721952393,0.0,0.0,0.0,0.0,0.0,0.0,0.0,0.0,59.3261209871923,11.074996321183455,True,False,True,False,False,12.293821352547678,1,1.0819758870969503,0.8906326819662475,False,False,False,False,0.3073001597102447,0.2297593878538561,False,False,False,False,-60632214,-53995245.91285752,False,False,False,False,6068392.34193417,False,False,False,False
2024-08-23 00:00:00+00:00,84.6347351359,84.8421974259,81.3252176537,81.5030424736,2607210,77.4452590511126,69.60505359133214,60.833921548782136,,,,,76.7699073440085,72.27450525907967,65.72123377306588,60.500641186745575,"rgba(38, 166, 154, 1.0)",0.0,0.0,8.65011342596197,77.60396892694392,0.8127946840389779,0.0,0.0,0.0,0.0,0.0,0.0,0.0,0.0,61.25815076934151,7.896178660561368,True,False,True,False,True,14.456952203714017,1,1.1302202859745445,0.9218866228784084,False,False,False,False,0.34282824820655383,0.286293818030205,False,False,False,False,-58025004,-54293746.511905104,False,False,False,False,5812008.464753862,False,False,False,False
2024-08-30 00:00:00+00:00,85.3788671283,86.393225022,84.0902043248,85.0891763425,2752206,77.67427618426585,69.74857116160315,60.9275301017636,,,,,76.97546238941544,72.4403417789333,65.8497331405322,60.586040560857526,"rgba(38, 166, 154, 1.0)",0.0,0.0,8.823554494189056,80.32227030655993,0.5730793440523549,0.0,0.0,0.0,0.0,0.0,0.0,0.0,0.0,62.859940348748125,9.43563673742343,True,False,True,False,True,14.92406593848095,0,1.0674760078028498,0.9140898340820612,False,False,False,False,0.34282824915768867,0.3145610335939468,False,False,False,False,-55272798,-54366268.84435658,False,False,False,False,5585356.430327649,False,False,False,False
2024-09-06 00:00:00+00:00,81.939128722,84.8534892161,81.552529881,84.5759310738,2542112,77.80842569658233,69.8578158861683,61.00452994116442,,,,,77.10206712775498,72.56065542501405,65.95182464212726,60.65645092787768,"rgba(38, 166, 154, 1.0)",0.0,0.0,8.915825035751823,80.26461766333347,0.1878133601715903,0.0,0.0,0.0,0.0,0.0,0.0,0.0,0.0,62.058950930719746,9.43563673742343,True,False,True,False,True,11.766448288740914,0,1.0391893337574272,0.9148102635876464,False,False,False,False,0.23892888566665269,0.27674495963029977,False,False,False,False,-57814910,-54621723.74477461,False,False,False,False,5359930.916970045,False,False,False,False
2024-09-13 00:00:00+00:00,84.3578496763,85.2301752664,81.3443612742,82.3653787263,2617676,77.9621031796442,69.97579039707998,61.08637120405243,,,,,77.2457306243462,72.69186386904693,66.06099363320492,60.731296863654556,"rgba(38, 166, 154, 1.0)",0.0,0.0,9.05336089643846,80.48314562364898,0.4279851534666327,0.0,0.0,0.0,0.0,0.0,0.0,0.0,0.0,62.299878615730265,9.43563673742343,True,False,True,False,True,13.320476474747139,0,1.037286973555352,0.9091373035761635,False,False,False,False,0.24311032594986418,0.25992764279008196,False,False,False,False,-55197234,-54664354.13405056,False,False,False,False,5156800.923120413,False,False,False,False
2024-09-20 00:00:00+00:00,83.6738671114,85.15087294,82.4843322158,84.0902043248,3936715,78.1833429064091,70.15105401618204,61.20902292073988,,,,,77.4542998011746,72.88563748689322,66.22381375138883,60.843556089758856,"rgba(38, 166, 154, 1.0)",0.0,0.0,9.193552451897132,80.78297972953364,0.3144472604025679,0.0,0.0,0.0,0.0,0.0,0.0,0.0,0.0,62.0922255028794,9.43563673742343,True,False,True,False,True,12.698553025421798,1,1.0537205735471207,0.9204824186747537,False,False,False,False,0.26962765466493127,0.26477764872750664,False,False,False,False,-59133949,-54995435.23523201,False,False,False,False,5066424.1880744565,False,False,False,False
2024-09-27 00:00:00+00:00,79.5798845125,84.0703787432,79.2329368346,83.4557857138,4059167,78.28832780273855,70.2908456089499,61.31853635468005,,,,,77.56620839154712,73.02870645570754,66.362215974934,60.944126559648765,"rgba(38, 166, 154, 0.75)",0.0,0.0,9.230223999740188,80.64552038161044,-0.11545070511186216,0.0,0.0,0.0,0.0,0.0,0.0,0.0,0.0,59.8445207606814,9.43563673742343,True,False,True,False,False,9.082330441690143,0,1.0107508352046137,0.930007045404891,False,False,False,False,0.16323531822192477,0.2140064834747157,False,False,False,False,-63193116,-55602670.84743705,False,False,False,False,4991812.544513386,False,False,False,False
2024-10-04 00:00:00+00:00,80.5017740566,80.5711635921,77.3990705373,79.5501461401,5099025,78.34282462118783,70.43790284295196,61.44422533971627,,,,79.49066939533333,77.6403814305576,73.16938738247134,66.51528836800334,61.05986847645712,"rgba(38, 166, 154, 0.5)",-1.0,83.734535,9.248875166906277,80.63964159299826,-0.014906411202474601,0.0,0.0,0.0,0.0,0.0,0.0,0.0,0.0,58.60502906402604,12.071650985989166,False,False,True,False,False,9.701024457312915,1,1.0006116791845843,0.9590890609195604,False,False,False,False,0.036886285802934106,0.1254463846388249,False,False,False,False,-58094091,-55787220.48836764,False,False,False,False,4999754.207882765,False,False,False,False
2024-10-11 00:00:00+00:00,79.3816286966,80.7495938265,78.5786926421,80.1944775419,3487155,78.37971952478877,70.53665311993774,61.529559296541365,,,,79.52287690833882,77.68993638494233,73.26328533095202,66.61856082193941,61.138531581304186,"rgba(38, 166, 154, 0.5)",0.0,0.0,9.230348452412674,80.51375572656188,-0.12265268595206262,0.0,0.0,0.0,0.0,0.0,0.0,0.0,0.0,57.16219849256365,10.682198045131749,False,True,True,False,False,8.726691440830187,1,1.0301966257500266,0.9396398199833368,False,False,False,False,0.06879120723385479,0.09711879593633985,False,False,False,False,-61581246,-56216407.56330337,False,False,False,False,4887709.822113671,False,False,False,False
2024-10-18 00:00:00+00:00,80.4026461486,80.7198554541,77.8649717047,79.5798845125,5728482,78.44009360237663,70.69593382596175,61.66871995611644,,,,79.5787481121441,77.76978607103023,73.41387278061134,66.78589609323336,61.26695463768635,"rgba(38, 166, 154, 0.5)",0.0,0.0,9.14051086105303,80.37896724164965,0.0025905452452603564,0.0,0.0,0.0,0.0,0.0,0.0,0.0,0.0,56.57204561136486,10.110186405046576,False,True,True,False,False,9.428256886621863,1,1.0282982644813847,0.930879306591721,False,False,False,False,0.05131182690244173,0.07421531141939079,False,False,False,False,-55852764,-56189471.00305867,False,False,False,False,4949989.242697844,False,False,False,False
2024-10-25 00:00:00+00:00,84.1992450236,86.3800589987,80.2737798682,80.2936054498,4265019,78.61538210008095,70.86169632599909,61.79342087917125,,,,80.50589985599535,77.94087834982719,73.58956958433471,66.94513991507226,61.38172944731599,"rgba(38, 166, 154, 0.5)",0.0,0.0,9.170988209495619,80.8149938531543,0.36901706698757375,1.0,83.5747392034,80.7198554541,0.0,0.0,0.0,0.0,0.0,57.64886938376124,10.110186405046576,False,False,True,False,False,11.960345139984565,1,1.0449053253693248,0.8844315966761362,False,False,False,False,0.24508094284825072,0.15964812713382076,False,False,False,False,-51587745,-55848602.41023952,False,False,False,False,4899250.706201707,False,False,False,False
2024-11-01 00:00:00+00:00,84.3578496763,86.1124136472,83.5747392034,84.6750589818,2939544,78.75370350456907,70.98281407886793,61.88269584336117,,,,81.07631318406298,78.07411672933827,73.71966141568424,67.06004439756482,61.46390337860273,"rgba(38, 166, 154, 0.5)",0.0,0.0,9.133907801987148,81.12648119624447,0.35377721673001,0.0,0.0,0.0,0.0,0.0,0.0,0.0,0.0,58.47695436262853,10.110186405046576,False,False,True,False,False,12.063944426210188,1,1.0877116831573224,0.8850580948173409,False,False,False,False,0.32203592775362205,0.2408420274437214,False,False,False,False,-48648201,-55315239.34281437,False,False,False,False,4754087.246483062,False,False,False,False
2024-11-08 00:00:00+00:00,91.0588962546,92.3723410351,84.1695066512,84.228983396,4475650,79.10420813394613,71.22270137110121,62.043969548886395,,,,82.47504615626532,78.39917531271881,73.9912509677138,67.27629798799072,61.61204560011494,"rgba(38, 166, 154, 1.0)",0.0,0.0,9.294652817445389,81.98789519199599,0.9759375891457076,0.0,0.0,0.0,0.0,0.0,0.0,0.0,0.0,61.216357185977614,7.561001241312901,True,False,True,False,True,16.227977858600372,0,1.1051817679488265,0.8870446737250883,False,False,False,False,0.34282825008818696,0.2918351387659542,False,False,False,False,-44172551,-54489855.021124415,False,False,False,False,4733462.265262095,False,False,False,False
2024-11-15 00:00:00+00:00,91.9510474263,94.0228207027,90.0973555473,91.6536637024,4750248,79.54846232265956,71.50940792062586,62.23064943425864,,,,83.95035883121949,78.80894341553872,74.32088284845379,67.53021580888041,61.783471114532354,"rgba(38, 166, 154, 1.0)",0.0,0.0,9.458314034881113,82.98685758718595,0.9477576876867483,0.0,0.0,0.0,0.0,0.0,0.0,0.0,0.0,63.414519158387364,9.622109156501665,True,False,True,False,True,16.751540761507943,0,1.1187983277502433,0.850343913763238,False,False,False,False,0.34282825087250346,0.31733169481922885,False,False,False,False,-39422303,-53373740.05659668,False,False,False,False,4734705.653020458,False,False,False,False
2024-11-22 00:00:00+00:00,96.9570067784,96.97683236,91.2075881165,91.8618323091,4527590,80.04030334252322,71.81461862893654,62.42426588971603,,,,85.37473711482443,79.26145508108756,74.67581363260852,67.79670957766315,61.96122895436052,"rgba(38, 166, 154, 1.0)",0.0,0.0,9.797462972263348,84.01827477822391,1.3206206583077358,1.0,96.0252044435,94.0228207027,153.0,0.0,0.0,0.0,0.0,66.20381822160098,12.213192820915438,True,False,True,False,True,19.578374622478957,0,1.1232812564711394,0.8135530286174316,False,False,False,False,0.3428282511863807,0.3300799730028048,False,False,False,False,-34894713,-52004923.237589516,False,False,False,False,4719363.752796721,False,False,False,False
2024-11-29 00:00:00+00:00,97.1951491964,98.919739356,96.0252044435,97.3733439918,2778459,80.37153575339967,72.01644719084732,62.55037202627719,,,,86.25135181775957,79.56609630843828,74.91192995193022,67.97149189166417,62.0770019986632,"rgba(38, 166, 154, 1.0)",1.0,105.9695,10.066343284987175,88.27327123165345,0.8863077397780111,0.0,0.0,0.0,0.0,1.0,0.0,98.91974,164.0,68.24941476313546,14.05751565876433,True,False,True,False,True,19.70863026814436,0,1.1912099984636118,0.7974633795293155,False,False,False,False,0.34282825160111474,0.33645411230195976,False,False,False,False,-32116254,-50531688.47924955,False,False,False,False,4575593.030367334,False,False,False,False
2024-12-06 00:00:00+00:00,96.2804648955,98.3683312346,95.6441627731,97.4834735956,5080530,80.92480613253734,72.36861385058957,62.77458985767,,,,87.48968570918532,80.07907831987175,75.3197253591198,68.27922431537714,62.28309408050095,"rgba(38, 166, 154, 1.0)",0.0,0.0,10.357461161539653,88.95727569218901,0.7070448142740016,0.0,0.0,0.0,0.0,0.0,0.0,0.0,0.0,69.12795895610061,14.799412710298213,True,False,True,False,True,18.844193769311847,0,1.201050015350847,0.775764980408462,False,False,False,False,0.3279295381336989,0.3321918252178293,False,False,False,False,-37196784,-49543917.77708292,False,False,False,False,4612995.768858643,False,False,False,False
2024-12-13 00:00:00+00:00,94.321847425,97.0261314451,93.8993030468,96.3301759988,2857060,81.18851194123128,72.54893604960039,62.89321796783425,,,,87.96138612820396,80.32658834799354,75.52496733384929,68.43935830672766,62.39231788605404,"rgba(38, 166, 154, 1.0)",0.0,0.0,10.53983375607556,89.14766378029891,0.4909170072742839,-1.0,95.6441627731,94.923351775,163.0,0.0,0.0,0.0,0.0,68.53391367955194,14.799412710298213,True,False,True,False,True,17.00923097048707,0,1.1721726028183452,0.8365154196435454,False,False,False,False,0.27955333853799214,0.3058725818779107,False,False,False,False,-40053844,-48840949.34915086,False,False,False,False,4482926.452646892,False,False,False,False
2024-12-20 00:00:00+00:00,89.9870392161,94.923351775,89.8577903475,94.321847425,5929090,81.57558881013188,72.85754496340304,63.11022594538394,,,,88.37570958452531,80.69940948236088,75.86388426954976,68.72286657369116,62.592704811053025,"rgba(38, 166, 154, 0.75)",0.0,0.0,10.628131175772696,89.0377819598425,0.08931553822193793,-1.0,93.8993030468,91.4883145361,157.0,0.0,0.0,0.0,0.0,65.72543217567548,14.799412710298213,True,False,True,False,False,13.11807151751863,0,1.1396979768274489,0.8592548120944439,False,False,False,False,0.1867235835262035,0.2462980827020571,False,False,False,False,-45982934,-48629244.50847302,False,False,False,False,4590049.678376752,False,False,False,False
2024-12-27 00:00:00+00:00,90.3250747186,91.4883145361,89.6092348309,89.7782525822,1796307,81.67480279538864,72.94362845529736,63.172776277169696,,,,88.44588749505465,80.7964650702404,75.95667686732588,68.80327179658141,62.650559241758074,"rgba(38, 166, 154, 0.75)",0.0,0.0,10.74536396031514,88.9984354253755,0.12346155031361031,0.0,0.0,0.0,0.0,0.0,0.0,0.0,0.0,63.840800486497244,18.514773359500566,True,False,True,False,False,13.32561962326347,0,1.134763749216999,0.8644205037398432,False,False,False,False,0.1326537085262537,0.1894758956141554,False,False,False,False,-44186627,-48300161.73006761,False,False,False,False,4383105.7762747705,False,False,False,False
2025-01-03 00:00:00+00:00,91.6871589494,92.1246166585,88.7144349713,89.4103904177,2266624,81.80198366196176,73.0533118248694,63.252354907443525,,,,88.54290731008116,80.92076770679759,76.07502083902502,68.9055926201898,62.72418030514401,"rgba(38, 166, 154, 0.75)",0.0,0.0,10.887031412995293,88.98896624580381,0.24783548437046823,0.0,0.0,0.0,0.0,0.0,0.0,0.0,0.0,62.99139456655614,17.744362221949785,True,False,True,False,False,14.164552503352073,0,1.1306185647129723,0.8467407031148392,False,False,False,False,0.12889168759935837,0.15918379160675689,False,False,False,False,-41920003,-47827557.379692234,False,False,False,False,4226329.348402565,False,False,False,False
2025-01-10 00:00:00+00:00,88.2670350415,92.686352126,88.0781328489,92.2140966445,2372090,81.91468639374243,73.15924520100033,63.33165192639647,,,,88.58901611271138,81.03270993761353,76.18726057759393,69.00602929089696,62.79764135245104,"rgba(38, 166, 154, 0.5)",0.0,0.0,10.845259129500166,88.9341842459443,-0.061515284833498246,0.0,0.0,0.0,0.0,0.0,0.0,0.0,0.0,60.59875036336838,15.46878100927593,False,False,True,False,False,11.161603256564177,0,1.1145611722068034,0.8644886054054718,False,False,False,False,0.1278071677908052,0.14349547969878104,False,False,False,False,-44292093,-47565671.12934466,False,False,False,False,4088978.285557931,False,False,False,False
2025-01-17 00:00:00+00:00,88.7343194126,90.3946702633,87.4175717081,87.5213684918,4328892,82.09117495250129,73.33960397769776,63.470631709927474,,,,88.60696087324445,81.21090289520157,76.37509787747118,69.17959199573527,62.926575771873,"rgba(38, 166, 154, 0.5)",0.0,0.0,10.784226958084204,88.80620227452616,-0.006665555371335177,0.0,0.0,0.0,0.0,0.0,0.0,0.0,0.0,59.08175783848399,14.048281136366043,False,True,True,False,False,11.459946819216906,0,1.0806676593988964,0.9050554102600046,False,False,False,False,0.08508184289720538,0.11428866129799321,False,False,False,False,-39963201,-47002525.19383765,False,False,False,False,4106749.671812899,False,False,False,False
2025-01-24 00:00:00+00:00,89.8677325682,90.6034568972,88.7044927507,89.2016037838,3892599,82.26198472497306,73.50724676197126,63.59858899946506,,,,88.67234584912904,81.38194300080022,76.5508443762419,69.33992868582014,63.04531337291576,"rgba(38, 166, 154, 0.5)",0.0,0.0,10.694347274541435,88.78924272178035,0.1008467201160613,0.0,0.0,0.0,0.0,0.0,0.0,0.0,0.0,58.4716456753349,13.467809742277751,False,True,True,False,False,12.186501988874824,0,1.1025888934741528,0.8924973986916657,False,False,False,False,0.1066795434900279,0.11048410239401055,False,False,False,False,-36070602,-46192753.105405234,False,False,False,False,4090886.6590860174,False,False,False,False
2025-01-31 00:00:00+00:00,88.9629904879,91.2695856816,88.7890016263,89.1717771218,7216848,82.55720183675919,73.80819244430769,63.83209057945685,,,,88.77029477689874,81.67967783535376,76.86350292270234,69.62993271452977,63.26227239473325,"rgba(38, 166, 154, 0.5)",0.0,0.0,10.635729671074905,88.78502294424938,0.016732988629320572,0.0,0.0,0.0,0.0,0.0,0.0,0.0,0.0,57.53595586269977,12.527919116537305,False,True,True,False,False,11.381949303561349,0,1.1561188263887874,0.8768796695784116,False,False,False,False,0.117554817993702,0.11401946019385628,False,False,False,False,-43287450,-45977545.46796781,False,False,False,False,4322439.351005572,False,False,False,False
2025-02-07 00:00:00+00:00,92.1842699825,92.4676232714,86.1791687024,87.014315238,3815407,82.71640939798688,73.96869127623039,63.95669846312666,,,90.2770206521,88.84437057771831,81.83984198106164,77.03035687946216,69.78444836839456,63.37813887186013,"rgba(38, 166, 154, 0.5)",0.0,0.0,10.68301586025275,89.68254042241455,0.2341782126705803,1.0,91.5877367428,91.2695856816,170.0,0.0,0.0,0.0,0.0,58.21054600441577,12.527919116537305,False,True,True,False,False,13.445626166059768,0,1.1644355963667294,0.8591787995778338,False,False,False,False,0.039097265666788,0.07655836293032214,False,False,False,False,-39472043,-45495656.39626649,False,False,False,False,4284881.399079233,False,False,False,False
2025-02-14 00:00:00+00:00,96.0319093789,96.3709628492,91.5877367428,92.4626521611,4562728,83.00396567239109,74.2071003905857,64.12875911355555,,,92.6659148244837,89.16749923158879,82.1193078153275,77.28881804671113,70.00512808749974,63.537785745563134,"rgba(38, 166, 154, 0.5)",0.0,0.0,10.863510564634272,90.51074235795934,0.508230464553014,1.0,95.1643313814,92.4676232714,167.0,0.0,0.0,0.0,0.0,60.04864813739094,12.527919116537305,False,False,True,False,False,15.786727849588132,0,1.1444109539703005,0.8411659062153801,False,False,False,False,0.2082546054356084,0.14240648418296525,False,False,False,False,-34909315,-44711482.95950601,False,False,False,False,4305462.628777068,False,False,False,False
2025-02-21 00:00:00+00:00,102.3043985792,106.6023999232,95.1643313814,96.0119650571,8168552,83.76213611435158,74.75573620006874,64.49850644991307,,,96.9564374437141,90.26970468065505,82.84169166199734,77.9042495957414,70.49521167965055,63.88016125523662,"rgba(38, 166, 154, 1.0)",0.0,0.0,11.182395963840902,95.4971061301201,0.6087507964385964,1.0,99.6218872996,96.3709628492,166.0,1.0,0.0,106.6024,176.0,63.092272678520985,8.074254255380453,True,False,True,False,True,19.310090568923894,0,1.1257988807500012,0.7894279178113638,False,False,False,False,0.3428282510331251,0.24261736760804517,False,False,False,False,-26740763,-43380318.518061124,False,False,False,False,4591617.397015804,False,False,False,False
2025-02-28 00:00:00+00:00,102.0949832005,104.3686358837,99.6218872996,102.4440088317,5737566,84.27721115643705,75.13742207807707,64.75850683296613,,,98.26235090116663,90.97193262651399,83.33474432098713,78.32988843144068,70.83767619469138,64.12120459351402,"rgba(38, 166, 154, 1.0)",0.0,0.0,11.424070869820548,96.27183178872721,0.5097264782518156,0.0,0.0,0.0,0.0,0.0,0.0,0.0,0.0,65.14324573565389,10.029378745745014,True,False,True,False,True,19.119298836962933,0,1.1385915153989428,0.8291349974857636,False,False,False,False,0.34282825119656296,0.29272280940230405,False,False,False,False,-32478329,-42572763.738945484,False,False,False,False,4676502.478718338,False,False,False,False
2025-03-07 00:00:00+00:00,101.0877949506,103.9099164827,98.1559796487,102.0152059134,5057007,84.68399120137423,75.4531766970791,64.97876759009294,,,98.77817873605237,91.4759357245169,83.72712463088239,78.67781336903599,71.1241444988838,64.32573271456823,"rgba(38, 166, 154, 1.0)",0.0,0.0,11.600077045804053,96.61908443099662,0.38523110682439704,0.0,0.0,0.0,0.0,0.0,0.0,0.0,0.0,65.99721166805165,10.84316352900008,True,False,True,False,True,18.19403517081646,0,1.1506599137685838,0.8270817372960344,False,False,False,False,0.3121568130979609,0.3024398112501325,False,False,False,False,-37535336,-42199620.94346804,False,False,False,False,4704687.998813275,False,False,False,False
2025-03-14 00:00:00+00:00,95.5432734952,100.7686858021,94.1371988096,100.1504118268,6519309,85.05178772383375,75.78356450984337,65.22592946522647,,,98.40046704408475,91.79934928492344,84.09047573850854,79.02894746708824,71.43439215355352,64.55606252358257,"rgba(38, 166, 154, 1.0)",0.0,0.0,11.669301162445839,96.35399231300983,-0.06947449607512786,0.0,0.0,0.0,0.0,0.0,0.0,0.0,0.0,63.64475410969129,10.84316352900008,True,False,True,False,True,13.316972456972099,0,1.1101242288647049,0.8600011091161582,False,False,False,False,0.2024332477758566,0.25243652951299456,False,False,False,False,-44054645,-42337030.13284078,False,False,False,False,4839104.369271551,False,False,False,False
2025-03-21 00:00:00+00:00,98.6845041759,99.3426667947,95.4784544495,95.752688874,8012500,85.51097258544787,76.19489188032962,65.53412368692733,,,98.29230362530407,92.21747596438986,84.54394120080137,79.46599329022938,71.82048539083209,64.84351285686452,"rgba(38, 166, 154, 0.75)",0.0,0.0,11.808631956672974,96.35730626879678,0.19707599624088065,0.0,0.0,0.0,0.0,0.0,0.0,0.0,0.0,62.98491990566157,10.84316352900008,True,False,True,False,False,15.128318253230667,0,1.1107304460649106,0.8732309977474368,False,False,False,False,0.20116743337569193,0.22680198144434324,False,False,False,False,-36042145,-41870742.34522294,False,False,False,False,5074170.712288474,False,False,False,False
2025-03-28 00:00:00+00:00,97.6174829605,101.2174330421,97.3781510992,99.033529807,4004153,85.74421545045703,76.40308554280746,65.69020979606779,,,98.33117675759877,92.43564486533037,84.77416257873156,79.68723774987208,72.01577762779652,64.98918876813039,"rgba(38, 166, 154, 0.5)",0.0,0.0,11.85331517404691,96.43761396586436,0.09953915654069412,0.0,0.0,0.0,0.0,0.0,0.0,0.0,0.0,61.99036425354237,10.84316352900008,False,False,True,False,False,14.22019250393895,0,1.157100935948746,0.846071219307348,False,False,False,False,0.25821849389390283,0.24251023766912305,False,False,False,False,-40046298,-41735598.31965087,False,False,False,False,4994910.141007846,False,False,False,False
2025-04-04 00:00:00+00:00,91.5544091389,100.9880733417,91.1405644619,96.8197100893,5952158,85.9694284796873,76.64899100045723,65.89055456140844,,,97.898206218249,92.5363492363467,85.00457636259937,79.93680562214803,72.25633289887058,65.17692096530115,"rgba(38, 166, 154, 0.5)",0.0,0.0,11.74847361367271,96.16848749684408,-0.3927385386110312,-1.0,97.3781510992,96.8895152155,172.0,0.0,0.0,0.0,0.0,58.66487411686236,13.983792479470011,False,True,True,False,False,9.295460135115672,0,1.1117186442824627,0.8274077253964425,False,False,False,False,0.1589042257450475,0.20070723170708527,False,False,False,False,-45998456,-42051365.555232294,False,False,False,False,5065817.38982208,False,False,False,False
2025-04-11 00:00:00+00:00,96.8496265719,96.8895152155,87.6253777479,88.7223154459,7193443,86.2035696330673,76.92498764459549,66.12257249425663,,93.78817317843335,97.39729340355645,92.60415023473843,85.24758163446502,80.21210408066239,72.53045188532286,65.3947624202109,"rgba(38, 166, 154, 0.5)",0.0,0.0,11.821200699667536,96.14597693756366,0.05952437930912835,0.0,0.0,0.0,0.0,0.0,0.0,0.0,0.0,58.0743817243749,13.409563884821374,False,True,True,False,False,12.375988607430202,1,1.0685926493493525,0.8706435193675148,False,False,False,False,0.04694406774891477,0.12382564972800002,False,False,False,False,-38805013,-41810894.995585464,False,False,False,False,5223419.286872297,False,False,False,False
2025-04-18 00:00:00+00:00,97.1089027551,98.305562062,95.204220025,98.0861745224,3254957,86.34620946452627,77.06928768753643,66.23785973715749,,94.74914679303863,97.36988564390663,92.70626446575723,85.39131363086204,80.36060423363959,72.6698753814144,65.50283796159958,"rgba(38, 166, 154, 0.5)",0.0,0.0,11.729173981693283,96.37299119757,0.06274197643232184,0.0,0.0,0.0,0.0,0.0,0.0,0.0,0.0,57.73391956889955,13.016810502436947,False,True,True,False,False,12.522343528915105,1,1.133507799204577,0.8595527026734884,False,False,False,False,0.14575557746671186,0.13479061359735595,False,False,False,False,-35550056,-41347129.14406061,False,False,False,False,5077607.265622498,False,False,False,False
2025-04-25 00:00:00+00:00,98.7044484976,99.17812614,93.738312374,96.570406067,3701487,86.50885486605411,77.23359293204388,66.3693348371625,,95.39208989817517,97.36074552263533,92.82545468948159,85.55513621023387,80.5296438442316,72.82865920347615,65.62614073847881,"rgba(38, 166, 154, 0.5)",0.0,0.0,11.681058224464598,96.534214091205,0.1857909073554395,0.0,0.0,0.0,0.0,0.0,0.0,0.0,0.0,58.001304143027085,13.016810502436947,False,True,True,False,False,13.425961061895649,1,1.1036560078678763,0.896566729595303,False,False,False,False,0.11747096795770005,0.126130790777528,False,False,False,False,-31848569,-40643532.09635242,False,False,False,False,4975672.431131942,False,False,False,False
2025-05-02 00:00:00+00:00,102.2246212921,102.5636747624,97.1388192378,98.7343649803,6421198,86.86673161224721,77.56029866202655,66.6198999401983,,97.03094849104535,97.6517929884001,93.16879825948322,85.90949529389643,80.87375485871509,73.137428308775,65.86080452535695,"rgba(38, 166, 154, 0.5)",0.0,0.0,11.716682487038637,97.15858588830403,0.4323779712730265,1.0,100.0905788615,99.17812614,0.0,0.0,0.0,0.0,0.0,59.24595528288101,13.016810502436947,False,True,True,False,False,15.367610308879595,1,1.1021161580732595,0.8707036961011247,False,False,False,False,0.2309133548102883,0.17852207279390814,False,False,False,False,-25427371,-39516409.05217817,False,False,False,False,5082748.399196243,False,False,False,False
2025-05-09 00:00:00+00:00,105.6450724777,106.1337083613,100.0905788615,102.0949832005,8648485,87.43034061334214,78.04732755391645,66.9839580685749,,99.08077755706336,98.3245439563009,93.7713349077461,86.46289142377057,81.39368377996627,73.59144544895656,66.20158414927253,"rgba(38, 166, 154, 0.5)",0.0,0.0,11.894402383155581,98.15764893868261,0.6294913605429056,1.0,103.241781703,102.5636747624,178.0,0.0,0.0,0.0,0.0,61.04913853132938,13.016810502436947,False,False,True,False,True,17.175525969651932,0,1.1223249318030797,0.8896040634309879,False,False,False,False,0.3428282492017066,0.2606751609978074,False,False,False,False,-16778886,-37832148.085350156,False,False,False,False,5346877.036292817,False,False,False,False
2025-05-16 00:00:00+00:00,107.8888086781,107.9985024479,103.241781703,106.8716482673,5309028,87.80629184242882,78.3645979399081,67.21834436165129,,100.20252811783135,98.81954558232347,94.18919811304018,86.83081279852983,81.734411525054,73.88527307831892,66.42099011260987,"rgba(38, 166, 154, 1.0)",0.0,0.0,12.029480188594025,98.79542547602387,0.7559248662047925,1.0,106.532594797,106.1337083613,178.0,0.0,0.0,0.0,0.0,62.89186832017222,13.016810502436947,True,False,True,False,True,18.325650378921186,0,1.099903932741614,0.8886494714167361,False,False,False,False,0.3428282499840387,0.30175170549092306,False,False,False,False,-11469858,-35879385.856805705,False,False,False,False,5344073.403974831,False,False,False,False
2025-05-23 00:00:00+00:00,106.8816204281,108.9458577326,106.532594797,107.260562542,4896021,88.15936427903945,78.66196215283091,67.43791566267767,,101.1029861202152,99.28277268107192,94.58267577446031,87.1763072285886,82.05387527667637,74.16044151179099,66.6266113389592,"rgba(38, 166, 154, 1.0)",0.0,0.0,12.126019244888386,101.94770109355207,0.4068869787278118,0.0,0.0,0.0,0.0,0.0,0.0,0.0,0.0,63.69904180171257,8.740962724193416,True,False,True,False,True,17.48307614111989,0,1.120027479861505,0.9017110562282894,False,False,False,False,0.34282825048265086,0.32228997798678694,False,False,False,False,-16365879,-34433940.90444972,False,False,False,False,5310884.337013733,False,False,False,False
2025-05-30 00:00:00+00:00,105.3,107.3552980705,103.18,107.1608409331,6526564,88.55986789071909,79.0197924093801,67.71120450944898,,101.69603547146626,99.68296529165852,94.98954072668685,87.57174437649631,82.43216539904286,74.49680202224819,66.8830958714391,"rgba(38, 166, 154, 1.0)",0.0,0.0,12.200814974127253,101.98255375830092,0.2719036596107693,0.0,0.0,0.0,0.0,0.0,0.0,0.0,0.0,63.47716579395137,8.740962724193416,True,False,True,False,True,16.164220943038696,0,1.0541220676783334,0.9306842505197297,False,False,False,False,0.24836846469269577,0.28532922133974137,False,False,False,False,-22892443,-33579015.133749746,False,False,False,False,5400934.682420123,False,False,False,False
2025-06-06 00:00:00+00:00,105.13,106.73,103.64,104.71,4360574,88.81545289293643,79.25255967328987,67.8910702735099,,101.99683880364525,99.91707356910628,95.24178604155276,87.82484985677655,82.67691459996176,74.71670909685432,67.05207828546885,"rgba(38, 166, 154, 1.0)",0.0,0.0,12.265859716541852,102.10028403574034,0.2470039633808748,0.0,0.0,0.0,0.0,0.0,0.0,0.0,0.0,63.23107315703702,8.740962724193416,True,False,True,False,True,16.02185663597099,0,1.0606055352735024,0.9314677833200053,False,False,False,False,0.24529197728863192,0.26531059931418666,False,False,False,False,-27253017,-33110422.679397915,False,False,False,False,5323870.928166781,False,False,False,False
2025-06-13 00:00:00+00:00,106.3,108.11,104.5,105.34,4683793,89.09984658015819,79.50877362836711,68.08818674157352,,102.36360900473771,100.19708235338415,95.5286374669055,88.10602401595648,82.94699596694134,74.95811764090168,67.23729597597678,"rgba(38, 166, 154, 1.0)",0.0,0.0,12.301359465225774,102.3520355505253,0.3209372476786034,0.0,0.0,0.0,0.0,0.0,0.0,0.0,0.0,63.425804565282476,8.882115904365122,True,False,True,False,True,16.66165286883099,0,1.0808616982574726,0.9103188962829731,False,False,False,False,0.28739781504571205,0.27635420717994935,False,False,False,False,-22569224,-32329593.14759066,False,False,False,False,5276457.748302574,False,False,False,False
2025-06-20 00:00:00+00:00,104.82,107.89,104.56,106.68,4040848,89.33030834845366,79.72151794844638,68.25421708701298,,102.59585268374893,100.39971869038942,95.75245737935938,88.33473145698603,83.16975148368685,75.15986150046022,67.39347348325657,"rgba(38, 166, 154, 1.0)",0.0,0.0,12.252271059203357,102.49881893650918,0.18944904599929208,0.0,0.0,0.0,0.0,0.0,0.0,0.0,0.0,62.744947130048224,8.882115904365122,True,False,True,False,True,15.395899504429728,1,1.1146843077234214,0.8940654077653527,False,False,False,False,0.28435880318461276,0.28035650518228106,False,False,False,False,-26610072,-31905924.914435796,False,False,False,False,5184931.100280161,False,False,False,False
2025-06-27 00:00:00+00:00,105.65,106.73,102.375,104.64,5745558,89.63105219232187,80.00859102252197,68.4825649794008,104.91833333333332,102.80183515325116,100.62235538593919,96.02904544221641,88.63473735253403,83.46761072474897,75.43447011367309,67.60856414941938,"rgba(38, 166, 154, 1.0)",0.0,0.0,12.188513333425938,103.68171989221037,0.1614864794373077,0.0,0.0,0.0,0.0,0.0,0.0,0.0,0.0,62.551039986406984,8.882115904365122,True,False,True,False,True,15.863214184052595,1,1.0973226488977794,0.878327339638325,False,False,False,False,0.2218936759789899,0.2511250905806355,False,False,False,False,-20864514,-31088042.62447759,False,False,False,False,5226459.018777927,False,False,False,False
2025-07-04 00:00:00+00:00,105.61,106.63,104.51,105.81,3038066,89.7921484172716,80.1617401622219,68.6043449329272,105.14834248331515,102.92643515780395,100.74832156860951,96.17909954200445,88.7953260833042,83.6266163651094,75.5808648658439,67.72331299365824,"rgba(38, 166, 154, 0.5)",0.0,0.0,12.049616616461552,103.79580733888423,0.15056019779395421,0.0,0.0,0.0,0.0,0.0,0.0,0.0,0.0,62.388511685690005,8.882115904365122,False,False,True,False,True,15.828194696166804,1,1.122246442684564,0.8829033284148055,False,False,False,False,0.25966286691472945,0.25539397874768244,False,False,False,False,-23902580,-30555786.133775547,False,False,False,False,5064355.832201785,False,False,False,False
2025-07-11 00:00:00+00:00,108.16,108.83,103.56,105.74,4462244,90.04146351542725,80.39442952792801,68.78784758864181,105.72159378280581,103.16865091340436,100.96769806427214,96.41970325043239,89.04313949395568,83.869294618742,75.80229675028522,67.89619871704352,"rgba(38, 166, 154, 1.0)",0.0,0.0,11.99265981473455,104.0850794460881,0.3397845529567446,1.0,107.12,106.63,186.0,0.0,0.0,0.0,0.0,63.192386397317044,9.36424682804784,True,False,True,False,True,17.27542144080266,1,1.1191457726468927,0.8706391076737173,False,False,False,False,0.2832204940111718,0.2693072363794271,False,False,False,False,-19440336,-29732419.45719958,False,False,False,False,5019754.955742394,False,False,False,False
2025-07-18 00:00:00+00:00,110.03,111.705,107.12,107.98,5160267,90.36685574319014,80.68614297642434,69.01314728878422,106.81406737979844,103.59841582504588,101.3130135057476,96.755108584424,89.36462293679345,84.17674038953982,76.07697469930656,68.10830714324788,"rgba(38, 166, 154, 1.0)",0.0,0.0,12.063957711776466,104.66387634698972,0.44480623865019286,0.0,0.0,0.0,0.0,0.0,0.0,0.0,0.0,64.38691373125606,10.683156444553546,True,False,True,False,True,18.31290520835204,0,1.1504096978066596,0.8321609760236399,False,False,False,False,0.34282825072853157,0.30606774355397937,False,False,False,False,-14280069,-28587800.904814426,False,False,False,False,5030163.255317031,False,False,False,False
2025-07-25 00:00:00+00:00,109.09,110.16,106.7,110.16,3613502,90.57720710137572,80.88025224924553,69.16571284440599,107.11535055694453,103.8236169407847,101.51252535865451,96.96307701580335,89.57334721912555,84.37966716822842,76.26120118151579,68.2521227681937,"rgba(38, 166, 154, 1.0)",0.0,0.0,12.091838232622514,104.88941419284974,0.34739017561593905,0.0,0.0,0.0,0.0,0.0,0.0,0.0,0.0,64.61432245230792,11.051230143867727,True,False,True,False,True,17.460517787089717,0,1.1355227972765356,0.8476157882713709,False,False,False,False,0.30701741814263467,0.306542580848307,False,False,False,False,-17893571,-27795635.726680025,False,False,False,False,4925225.384552807,False,False,False,False
2025-08-01 00:00:00+00:00,108.26,109.41,106.655,109.41,3844212,90.78918953964595,81.0798473876354,69.32452611956015,107.26294020242952,104.01762530654166,101.6979693236699,97.1665947686417,89.78432866599907,84.58715169303984,76.4516762093661,68.40196814801138,"rgba(38, 166, 154, 1.0)",0.0,0.0,12.220638265223474,105.05022189864394,0.2626522470999078,0.0,0.0,0.0,0.0,0.0,0.0,0.0,0.0,64.22103732498294,11.051230143867727,True,False,True,False,True,16.70574535493524,0,1.134247423461582,0.8587702109499302,False,False,False,False,0.29274787043676087,0.29964522564253393,False,False,False,False,-21737783,-27346905.8950741,False,False,False,False,4845150.319030376,False,False,False,False
