date,Close,High,Low,Open,Volume,Gap_Up_aVWAP_174,Gap_Up_aVWAP_160,Gap_Up_aVWAP_153,Gap_Up_aVWAP_125,Gap_Up_aVWAP_113,Gap_Up_aVWAP_99,Gap_Up_aVWAP_64,Gap_Up_aVWAP_54,Gap_Down_aVWAP_167,Gap_Down_aVWAP_105,Gap_Down_aVWAP_34,Gap_Down_aVWAP_8,Gap_Down_aVWAP_4,aVWAP_OB_bull_171,aVWAP_OB_bull_91,aVWAP_OB_bull_38,color,Liquidity,Liquidity_Level,StDev,StDev_Mean,StdDev_ZScore,OB,OB_High,OB_Low,OB_Mitigated_Index,FVG,FVG_High,FVG_Low,FVG_Mitigated_Index,QQEMOD,QQE1_Value,QQE1_Above_Upper,QQE1_Below_Lower,QQE2_Above_Threshold,QQE2_Below_Threshold,QQE2_Above_TL,banker_RSI,TTM_squeeze_Active,VI_plus,VI_minus,VI_Regular_Bullish,VI_Regular_Bearish,VI_Hidden_Bullish,VI_Hidden_Bearish,Fisher,Fisher_Signal,Fisher_Regular_Bullish,Fisher_Regular_Bearish,Fisher_Hidden_Bullish,Fisher_Hidden_Bearish,OBV,OBV_Smoothed,OBV_Regular_Bullish,OBV_Regular_Bearish,OBV_Hidden_Bullish,OBV_Hidden_Bearish,Volume_MA,Vol_Regular_Bullish,Vol_Regular_Bearish,Vol_Hidden_Bullish,Vol_Hidden_Bearish
2021-12-31 00:00:00+00:00,132.0023071847,133.4249285811,131.6254538347,131.7573525072,1836137,,,,,,,,,,,,,,,,,#000000,1.0,127.450165,,,,0.0,0.0,0.0,0.0,0.0,0.0,0.0,0.0,,,False,False,False,False,False,,0,,,False,False,False,False,,,False,False,False,False,0,0.0,False,False,False,False,1836137.0,False,False,False,False
2022-01-07 00:00:00+00:00,130.2593604408,133.4861672505,128.7142617056,132.2001551935,3932964,,,,,,,,,,,,,,,,,"rgba(239, 83, 80, 0.5)",0.0,0.0,,,,0.0,0.0,0.0,0.0,0.0,0.0,0.0,0.0,0.0,,False,False,False,True,False,,0,,,False,False,False,False,,,False,False,False,False,-3932964,-291330.6666666666,False,False,False,False,1991457.5185185187,False,False,False,False
2022-01-14 00:00:00+00:00,130.8623258008,132.2849471972,127.9322910043,129.1759070594,4161429,,,,,,,,,,,,,,,,,"rgba(239, 83, 80, 0.5)",0.0,0.0,,,,0.0,0.0,0.0,0.0,0.0,0.0,0.0,0.0,7.7263581484081625,-69.3158953710204,False,False,False,True,True,,0,,,False,False,False,False,,,False,False,False,False,228465,-252827.28395061722,False,False,False,False,2152196.146776406,False,False,False,False
2022-01-21 00:00:00+00:00,127.941712338,131.7290885059,127.8569203343,128.5352563643,4101690,,,,,,,,,,,,,,,,,"rgba(239, 83, 80, 0.5)",0.0,0.0,,,,0.0,0.0,0.0,0.0,0.0,0.0,0.0,0.0,8.733561446995495,-67.9412382915835,False,False,False,True,True,,0,,,False,False,False,False,,,False,False,False,False,-3873225,-521004.89254686784,False,False,False,False,2296603.0988670425,False,False,False,False
2022-01-28 00:00:00+00:00,114.9120077605,126.5756189441,112.1515569714,124.5123468527,8444326,,,,,,,,,,,,,117.879727892,,,,"rgba(239, 83, 80, 0.5)",0.0,0.0,,,,0.0,0.0,0.0,0.0,0.0,0.0,0.0,0.0,7.086217734227386,-67.9412382915835,False,False,False,True,True,,0,,,False,False,False,False,,,False,False,False,False,-12317551,-1394823.1227285813,False,False,False,False,2751989.9804324466,False,False,False,False
2022-02-04 00:00:00+00:00,118.8407039346,120.4423306723,114.7659770873,114.7659770873,5829405,,,,,,,,,,,,,117.93551927311438,,,,"rgba(239, 83, 80, 0.5)",0.0,0.0,,,,0.0,0.0,0.0,0.0,0.0,0.0,0.0,0.0,11.2364028687415,-64.18450260769,False,False,False,True,True,,0,,,False,False,False,False,,,False,False,False,False,-6488146,-1772106.2988227606,False,False,False,False,2979946.648548562,False,False,False,False
2022-02-11 00:00:00+00:00,113.376330359,120.7438133523,113.074847679,120.3198533335,4437523,,,,,,,,,,,,,117.4128573839129,,,,"rgba(239, 83, 80, 0.5)",0.0,0.0,,,,0.0,0.0,0.0,0.0,0.0,0.0,0.0,0.0,12.826310629042865,-61.78985638303118,False,False,False,True,True,,0,,,False,False,False,False,,,False,False,False,False,-10925669,-2450147.980391445,False,False,False,False,3087915.267174594,False,False,False,False
2022-02-18 00:00:00+00:00,109.0142528324,114.0452450554,108.9200394948,111.7275969526,4410968,,,,,,,,,,,,,116.12460238723253,,,,"rgba(239, 83, 80, 0.5)",0.0,0.0,,,,0.0,0.0,0.0,0.0,0.0,0.0,0.0,0.0,13.194207797195723,-60.441323094924336,False,False,False,True,True,,0,,,False,False,False,False,,,False,False,False,False,-15336637,-3404702.7225846713,False,False,False,False,3185919.1733098095,False,False,False,False
2022-02-25 00:00:00+00:00,108.3641808035,108.3924448048,101.1568604841,106.9886660759,5060255,,,,,,,,,,,,105.9711620308,114.30151929447103,,,,"rgba(239, 83, 80, 0.5)",0.0,0.0,,,,0.0,0.0,0.0,0.0,0.0,0.0,0.0,0.0,13.356573483843148,-59.167732082236306,False,False,False,True,True,,0,,,False,False,False,False,,,False,False,False,False,-20396892,-4663383.409800622,False,False,False,False,3324758.8641757495,False,False,False,False
2022-03-04 00:00:00+00:00,99.9603510977,107.5351034335,99.2443297326,105.6885220183,7147739,,,,,,,,,,,,103.79044054795698,111.86265919025618,,,,"rgba(239, 83, 80, 0.5)",0.0,0.0,,,,0.0,0.0,0.0,0.0,0.0,0.0,0.0,0.0,12.464121630258482,-58.906265731844044,False,False,False,True,True,,0,,,False,False,False,False,,,False,False,False,False,-27544631,-6358290.638704279,False,False,False,False,3607942.5779405087,False,False,False,False
2022-03-11 00:00:00+00:00,101.4489218303,106.4045433833,98.1137696825,101.8069325129,6789075,,,,,,,,,,,,103.14667895439882,110.27116798516106,,,,"rgba(239, 83, 80, 0.5)",-1.0,108.5701,,101.98907829869998,,0.0,0.0,0.0,0.0,0.0,0.0,0.0,0.0,13.01702218977415,-57.16622099422421,False,False,False,True,True,,0,,,False,False,False,False,,,False,False,False,False,-20755556,-7424754.739540999,False,False,False,False,3843582.016611582,False,False,False,False
2022-03-18 00:00:00+00:00,108.6845061511,109.0330954999,102.7584872217,104.1528446169,5023116,,,,,,,,,,,,103.91596763703204,109.90401069582303,,,,"rgba(239, 83, 80, 0.5)",0.0,0.0,,104.04570088891273,,0.0,0.0,0.0,0.0,0.0,0.0,0.0,0.0,18.172834683532702,-51.068096560107094,False,False,False,True,True,,0,,,False,False,False,False,,,False,False,False,False,-15732440,-8040138.832908332,False,False,False,False,3930954.9042699835,False,False,False,False
2022-03-25 00:00:00+00:00,104.8971299832,107.1394074159,103.1918685743,106.2349593758,4518702,,,,,,,,,,,,104.09966267915284,109.48172533419252,,,,"rgba(239, 83, 80, 0.5)",0.0,0.0,,104.33081855791016,,0.0,0.0,0.0,0.0,0.0,0.0,0.0,0.0,20.982034994153167,-47.390427261454796,False,False,False,True,True,,0,,,False,False,False,False,,,False,False,False,False,-20251142,-8944657.586026235,False,False,False,False,3974491.7261759103,False,False,False,False
2022-04-01 00:00:00+00:00,104.2282152869,109.2874715111,103.088233903,104.4543272969,4881363,,,,,,,,,,,,104.30925555593964,109.14096988990352,,,,"rgba(239, 83, 80, 0.5)",0.0,0.0,,105.07124107947345,,0.0,0.0,0.0,0.0,0.0,0.0,0.0,0.0,22.842302390581047,-44.67990194656332,False,False,False,True,True,,0,,,False,False,False,False,,,False,False,False,False,-25132505,-10143757.394468736,False,False,False,False,4041667.376088806,False,False,False,False
2022-04-08 00:00:00+00:00,102.1932071967,106.0747967021,101.5808205028,103.7665699331,5400901,,,,,,,,,,,,104.16647203084045,108.63020287748706,,,,"rgba(239, 83, 80, 0.5)",0.0,0.0,,104.34543484138425,,0.0,0.0,0.0,0.0,0.0,0.0,0.0,0.0,23.729230848485777,-42.91671422710868,False,False,False,True,True,,0,,,False,False,False,False,,,False,False,False,False,-30533406,-11654101.7356192,False,False,False,False,4142351.348230376,False,False,False,False
2022-04-15 00:00:00+00:00,97.8782363387,102.2497351992,97.8782363387,101.9388311854,4556550,,,,,,,,,,,,103.65899909448653,107.9933266199305,,,,"rgba(239, 83, 80, 0.5)",0.0,0.0,,103.20950360602323,,0.0,0.0,0.0,0.0,0.0,0.0,0.0,0.0,23.522777536757985,-42.20347906539127,False,False,False,True,True,,0,,,False,False,False,False,,,False,False,False,False,-35089956,-13390090.940388149,False,False,False,False,4173032.7298429403,False,False,False,False
2022-04-22 00:00:00+00:00,97.8405510037,102.4758472092,97.2281643099,97.90650034,7540365,,,,,,,,,,,,102.99593737664058,107.09592017166347,,,,"rgba(239, 83, 80, 0.5)",0.0,0.0,,102.16689728318264,,0.0,0.0,0.0,0.0,0.0,0.0,0.0,0.0,23.368348840991757,-41.41649383356715,False,False,False,True,True,,0,,,False,False,False,False,,,False,False,False,False,-42630321,-15556033.907766804,False,False,False,False,4422464.749854574,False,False,False,False
2022-04-29 00:00:00+00:00,94.9670442097,98.0289776787,93.176990797,96.9926309661,6765140,,,,,,,,,,,,102.10402375037583,106.11596873765883,,,,"rgba(239, 83, 80, 0.5)",0.0,0.0,,100.90057006512943,,0.0,0.0,0.0,0.0,0.0,0.0,0.0,0.0,22.73511825372153,-41.132571013477374,False,False,False,True,True,,0,,,False,False,False,False,,,False,False,False,False,-49395461,-18062658.136821114,False,False,False,False,4595996.249865347,False,False,False,False
2022-05-06 00:00:00+00:00,90.5767026817,96.6534629511,90.0020013229,95.3815828947,9928382,,,,,,,,,,,,100.68061687142264,104.6162970953804,,,,"rgba(239, 83, 80, 0.5)",0.0,0.0,,99.08935364715387,,0.0,0.0,0.0,0.0,0.0,0.0,0.0,0.0,21.585817597419894,-41.132571013477374,False,False,False,True,True,,0,,,False,False,False,False,,,False,False,False,False,-59323843,-21119042.20076029,False,False,False,False,4990987.786912357,False,False,False,False
2022-05-13 00:00:00+00:00,92.9979854557,93.2994681358,89.3048226253,89.5497773029,8477403,,,,,,,,,,,,99.69870115943826,103.52693108682692,,,,"rgba(239, 83, 80, 0.5)",0.0,0.0,,97.98702788412699,,0.0,0.0,0.0,0.0,0.0,0.0,0.0,0.0,22.246650697107327,-39.9424500107609,False,False,False,True,True,,0,,,False,False,False,False,,,False,False,False,False,-50846440,-23321071.66737064,False,False,False,False,5249240.76565959,False,False,False,False
2022-05-20 00:00:00+00:00,93.8301704772,94.2698655121,87.5618758814,92.4703907657,8619512,,,,,,,,,,,,98.90385259595881,102.59651069206531,,,,"rgba(239, 83, 80, 0.5)",0.0,0.0,,95.41075766535964,,0.0,0.0,0.0,0.0,0.0,0.0,0.0,0.0,23.217787685372162,-38.204192798036864,False,False,False,True,True,,0,,,False,False,False,False,,,False,False,False,False,-42226928,-24721505.46978763,False,False,False,False,5498890.486721843,False,False,False,False
2022-05-27 00:00:00+00:00,97.4127244562,97.4127244562,92.6841384248,94.9954635725,7564904,,,,,,,,,,,,98.65238244389138,102.15335169085274,,,,"rgba(239, 83, 80, 0.5)",0.0,0.0,,95.93847178239683,,0.0,0.0,0.0,0.0,0.0,0.0,0.0,0.0,25.94541553879333,-34.859937225944826,False,False,False,True,True,,0,,,False,False,False,False,,,False,False,False,False,-34662024,-25457840.175729286,False,False,False,False,5651928.524742447,False,False,False,False
2022-06-03 00:00:00+00:00,96.7193269119,98.3565155582,95.091768787,96.0548209319,4892012,,,,,,,,,,,,98.55522003006578,101.93248435986749,,,,"rgba(239, 83, 80, 0.5)",0.0,0.0,,96.15984936976508,,0.0,0.0,0.0,0.0,0.0,0.0,0.0,0.0,27.711477010622282,-32.5495180068001,False,False,False,True,True,,0,,,False,False,False,False,,,False,False,False,False,-39554036,-26502002.82937897,False,False,False,False,5595638.411798562,False,False,False,False
2022-06-10 00:00:00+00:00,90.6906204848,98.6165396373,90.1994638909,98.395037644,4735867,,,,,,,,,,,,98.30488937931617,101.6005204709132,,,,"rgba(239, 83, 80, 0.5)",0.0,0.0,,95.24350586083838,,0.0,0.0,0.0,0.0,0.0,0.0,0.0,0.0,27.56385216804987,-32.12811413551483,False,False,False,True,True,,0,,,False,False,False,False,,,False,False,False,False,-44289903,-27819625.06423979,False,False,False,False,5531951.640554224,False,False,False,False
2022-06-17 00:00:00+00:00,89.5638494753,90.7291425706,86.5880183476,87.3006769348,7663852,,,,,,,,,,,,97.65125749149158,100.87043964841963,,,,"rgba(239, 83, 80, 0.5)",0.0,0.0,,93.95668298116998,,0.0,0.0,0.0,0.0,0.0,0.0,0.0,0.0,27.2266734829395,-31.896632697426682,False,False,False,True,True,,0,,,False,False,False,False,,,False,False,False,False,-51953755,-29607338.392814618,False,False,False,False,5689870.185698356,False,False,False,False
2022-06-24 00:00:00+00:00,94.7739615792,94.8221141864,89.3616085249,90.844708828,4134266,,,,,,,,,,,,97.48161851516059,100.63219656656064,,,,"rgba(239, 83, 80, 0.5)",0.0,0.0,,94.0387985708116,,0.0,0.0,0.0,0.0,0.0,0.0,0.0,0.0,29.693528554793524,-28.986751696422594,False,False,False,True,True,,0,,,False,False,False,False,-0.2858863031882333,-0.2858863031882333,False,False,False,False,-47819489,-30956386.58593946,False,False,False,False,5574640.246016996,False,False,False,False
2022-07-01 00:00:00+00:00,87.3488295421,94.6776563647,85.6731188099,94.1383471636,6897269,,,,,,,,,,,,97.00986793478158,100.08514299503459,,,,"rgba(239, 83, 80, 0.5)",0.0,0.0,,93.5181983343687,,0.0,0.0,0.0,0.0,0.0,0.0,0.0,0.0,29.772400747238564,-28.437371721071116,False,False,False,True,True,,0,0.7053150128016538,1.2020375970976394,False,False,False,False,-0.316581336092511,-0.30123381964037216,False,False,False,False,-54716758,-32716414.098092094,False,False,False,False,5672612.746312032,False,False,False,False
2022-07-08 00:00:00+00:00,87.2428938061,87.8785082217,84.0937132923,84.3344763285,4706372,,,,,,,,,,,,96.61155141662469,99.65136468803831,,,,"rgba(239, 83, 80, 0.5)",0.0,0.0,,92.99447320604806,,0.0,0.0,0.0,0.0,0.0,0.0,0.0,0.0,29.807289283325662,-27.915880935696205,False,False,False,True,True,,0,0.7117305595634161,1.245550528222605,False,False,False,False,-0.34282825441539394,-0.32203103702788305,False,False,False,False,-59423130,-34694689.35008527,False,False,False,False,5601039.357696326,False,False,False,False
2022-07-15 00:00:00+00:00,84.7485887508,86.039078625,80.4100388381,85.8753597604,5551343,,,,,,,,,,,,96.0651757739501,99.07744182750865,,,,"rgba(239, 83, 80, 0.5)",0.0,0.0,,89.36424689848994,,0.0,0.0,0.0,0.0,0.0,0.0,0.0,0.0,29.324551474701888,-27.915880935696205,False,False,False,True,True,,0,0.6911476565632123,1.2384198089802316,False,False,False,False,-0.34282825441539394,-0.33242964572163847,False,False,False,False,-64974473,-36937636.28711599,False,False,False,False,5597358.146015117,False,False,False,False
2022-07-22 00:00:00+00:00,90.286138584,92.260395481,84.0937132923,85.480508381,8377565,,,,,,,,,,,,95.6328498240866,98.55125245792173,,,,"rgba(239, 83, 80, 0.5)",0.0,0.0,,89.97365578087444,,0.0,0.0,0.0,0.0,0.0,0.0,0.0,0.0,31.52366193878698,-25.382145697787674,False,False,False,True,True,,0,0.721235100093597,1.1922654052129062,False,False,False,False,-0.2443004226567256,-0.288365034189182,False,False,False,False,-56596908,-38393878.63621851,False,False,False,False,5803299.394458442,False,False,False,False
2022-07-29 00:00:00+00:00,89.7660904257,89.900917726,86.0968617537,89.5638494753,5588101,,,,,,,,,,,,95.36101195642442,98.21973436327224,,,,"rgba(239, 83, 80, 0.5)",0.0,0.0,,89.98893114463564,,0.0,0.0,0.0,0.0,0.0,0.0,0.0,0.0,32.96424489082173,-23.64406461124454,False,False,False,True,True,,0,0.8031359857555144,1.1949164501035494,False,False,False,False,-0.24301879913365912,-0.26569191666142056,False,False,False,False,-62185009,-40156184.58909121,False,False,False,False,5787358.772646706,False,False,False,False
2022-08-05 00:00:00+00:00,91.0662108213,91.8125762336,87.7533114429,90.3150301483,5380290,,,,,,,,,,,,95.17652386623655,97.97111739905962,,,,"rgba(239, 83, 80, 0.5)",0.0,0.0,,90.1394423219383,,0.0,0.0,0.0,0.0,0.0,0.0,0.0,0.0,34.57176831954533,-21.793425774826503,False,False,False,True,True,,0,0.7949441338433791,1.1453041963195068,False,False,False,False,-0.20429427559892424,-0.23499309613017239,False,False,False,False,-56804719,-41389409.36026964,False,False,False,False,5757205.530228431,False,False,False,False
2022-08-12 00:00:00+00:00,92.4048533028,93.2427086688,90.0598213299,91.509214808,3672258,,,,,,,,,,,,95.09838647837346,97.84520596765168,,,,"rgba(239, 83, 80, 0.5)",0.0,0.0,,90.03445183216621,,0.0,0.0,0.0,0.0,0.0,0.0,0.0,0.0,36.31683531660245,-19.858200737430323,False,False,False,True,True,,0,0.8152838144881632,1.1421531739060085,False,False,False,False,-0.13398056736775674,-0.18448683174896457,False,False,False,False,-53132461,-42259265.037286706,False,False,False,False,5602764.972433733,False,False,False,False
2022-08-19 00:00:00+00:00,88.2348375154,92.3567006955,88.0903796936,91.4032790721,4178690,,,,,,,,,,,,94.95197496564423,97.65412596308666,,,,"rgba(239, 83, 80, 0.5)",0.0,0.0,,89.75128119130704,,0.0,0.0,0.0,0.0,0.0,0.0,0.0,0.0,36.37828374016925,-19.558038086548482,False,False,False,True,True,,0,0.8284889560469316,1.1039789572885437,False,False,False,False,-0.12955869323561117,-0.15702276249228786,False,False,False,False,-57311151,-43374219.553043246,False,False,False,False,5497277.937438642,False,False,False,False
2022-08-26 00:00:00+00:00,81.127512686,86.2027974896,80.9251754304,86.1450143609,4256355,,,,,,,,,,,82.75182853533333,94.63203838089792,97.31205880578253,,,,"rgba(239, 83, 80, 0.5)",0.0,0.0,,88.68682689410579,,0.0,0.0,0.0,0.0,0.0,0.0,0.0,0.0,34.78383825750411,-19.558038086548482,False,False,False,True,True,,1,0.8405841267208108,1.098296214906765,False,False,False,False,-0.3319193369682226,-0.24447104973025524,False,False,False,False,-61567506,-44721870.40096597,False,False,False,False,5405357.719850594,False,False,False,False
2022-09-02 00:00:00+00:00,80.1933521055,83.1114001045,79.3651272609,81.2430789434,5308201,,,,,,,,,,,81.71851623549269,94.19684256850822,96.8550351909418,,,,"rgba(239, 83, 80, 0.5)",0.0,0.0,,87.65058670739101,,0.0,0.0,0.0,0.0,0.0,0.0,0.0,0.0,33.454651175928106,-19.558038086548482,False,False,False,True,True,,0,0.8428314278096444,1.1231351188647474,False,False,False,False,-0.34282825441539394,-0.29364965207282456,False,False,False,False,-66875707,-46362895.33422775,False,False,False,False,5398160.925787587,False,False,False,False
2022-09-09 00:00:00+00:00,83.8529502561,84.0551912065,80.3667014916,81.6957134515,4637782,,,,,,,,,,,82.05805203855995,93.88886905863721,96.52041004537378,,,,"rgba(239, 83, 80, 0.5)",0.0,0.0,,87.22096651328597,,0.0,0.0,0.0,0.0,0.0,0.0,0.0,0.0,34.16648285471346,-19.558038086548482,False,False,False,True,True,,0,0.8518406314291423,1.1109890747471753,False,False,False,False,-0.31421778232629044,-0.30393371719955753,False,False,False,False,-62237925,-47538823.45761828,False,False,False,False,5341836.560914433,False,False,False,False
2022-09-16 00:00:00+00:00,80.8385970426,86.0005565392,79.8370228119,85.2301148233,5611243,,,,,,,,,,,82.1054430641213,93.52091218125786,96.12131566965978,,,,"rgba(239, 83, 80, 0.5)",0.0,0.0,,86.76170547578893,,0.0,0.0,0.0,0.0,0.0,0.0,0.0,0.0,33.972263892469776,-19.558038086548482,False,False,False,True,True,,0,0.822465952581357,1.1264892680047187,False,False,False,False,-0.29370843406519953,-0.29882107563237853,False,False,False,False,-67849168,-49043293.423720635,False,False,False,False,5361792.593439289,False,False,False,False
2022-09-23 00:00:00+00:00,76.5337539549,81.1564042504,75.3299387738,79.6347818614,7088330,,,,,,,,,,,80.93764397252212,92.91355508977156,95.4928649167941,,,77.6733656597,"rgba(239, 83, 80, 0.5)",0.0,0.0,,83.1552828067913,,1.0,81.1564,75.32994,0.0,0.0,0.0,0.0,0.0,32.9268441457722,-19.558038086548482,False,False,False,True,False,,0,0.7984771987827812,1.158511684928295,False,False,False,False,-0.34282825441539394,-0.32082466502388624,False,False,False,False,-74937498,-50961382.65159318,False,False,False,False,5489684.253184527,True,False,False,False
2022-09-30 00:00:00+00:00,78.2479867728,79.5577376898,75.657376503,77.1212157633,10963514,,,,,,,,,,,80.0352640085707,92.06897647199477,94.60834013628407,,,77.76304957985886,"rgba(239, 83, 80, 0.5)",0.0,0.0,,82.32934179615938,,0.0,0.0,0.0,0.0,0.0,0.0,0.0,0.0,32.95386259847551,-19.558038086548482,False,False,False,True,False,,0,0.7982417414474458,1.1885702843675197,False,False,False,False,-0.34282825441539394,-0.3318264597196401,False,False,False,False,-63973984,-51925279.04777146,False,False,False,False,5895153.1233190065,False,False,False,False
2022-10-07 00:00:00+00:00,81.406797808,85.0856570015,78.9991674458,79.4036493467,6928928,,,,,,,,,,,80.31296292507652,91.71924560181469,94.21653021609853,,,78.89125144130593,"rgba(239, 83, 80, 0.5)",0.0,0.0,,82.49859149001432,,0.0,0.0,0.0,0.0,0.0,0.0,0.0,0.0,34.33679428736364,-19.558038086548482,False,False,False,True,False,,0,0.8310988024710377,1.1171632903377595,False,False,False,False,-0.2023768607014933,-0.2671016602105667,False,False,False,False,-57045056,-52304521.78497358,False,False,False,False,5971729.040110191,False,False,False,False
2022-10-14 00:00:00+00:00,81.4838419796,84.34410685,77.5256976641,81.3393841579,6389720,,,,,,,,,,,80.41344747547474,91.39549658365874,93.85632380102746,,,79.3447842346403,"rgba(239, 83, 80, 0.5)",0.0,0.0,,82.47918891549115,,0.0,0.0,0.0,0.0,0.0,0.0,0.0,0.0,35.357636871263,-19.14573579047987,False,False,False,True,False,,0,0.849764951128608,1.093355906065368,False,False,False,False,-0.23553778054201926,-0.25131972037629297,False,False,False,False,-50655336,-52182359.87497553,False,False,False,False,6002691.333435362,False,False,False,False
2022-10-21 00:00:00+00:00,87.5221789281,87.5992230997,83.1065848438,83.2173358404,6801700,,,,,,,,,,,81.07766132911979,91.22801768517334,93.63505094632708,,,80.54418301441436,"rgba(239, 83, 80, 0.5)",0.0,0.0,,82.94905648755038,,0.0,0.0,0.0,0.0,0.0,0.0,0.0,0.0,38.481834512724205,-16.01245158762775,False,False,False,True,True,,1,0.8830347337363791,1.0601270082480307,False,False,False,False,-0.06267387350726884,-0.1569967969417809,False,False,False,False,-43853636,-51565417.36571808,False,False,False,False,6061877.160588298,False,False,False,False
2022-10-28 00:00:00+00:00,94.0998250778,95.476989645,85.8946208033,87.2717853705,8303383,,,,,,,,,,,82.42372468048254,91.25006946904769,93.5742764788588,,,82.55941527896539,"rgba(239, 83, 80, 0.5)",0.0,0.0,,83.99757008440736,,0.0,0.0,0.0,0.0,0.0,0.0,0.0,0.0,42.80218225619507,-11.851192742495037,False,False,False,True,True,,0,0.9332694526136817,0.9744438718149547,False,False,False,False,0.12213006550874726,-0.017433365716516817,False,False,False,False,-35550253,-50379108.89418341,False,False,False,False,6227914.63017435,False,False,False,False
2022-11-04 00:00:00+00:00,92.4722669529,93.7916483914,89.2460422675,92.9152709395,5537921,,,,,,,,,,,83.14946841149319,91.26420064070106,93.53624168977706,,,83.5471705922158,"rgba(239, 83, 80, 0.5)",0.0,0.0,,84.55483636342022,,0.0,0.0,0.0,0.0,0.0,0.0,0.0,0.0,45.35471375829617,-9.487346260350705,False,False,False,True,True,,0,0.9752219246285037,0.9741391702850778,False,False,False,False,0.15143420964740392,0.06700042196544355,False,False,False,False,-41088174,-49690891.49461427,False,False,False,False,6176803.990902176,False,False,False,False
2022-11-11 00:00:00+00:00,106.0994548032,106.4654146182,92.5878332103,93.3679054476,7933148,,,,,,,,,,,84.99629718480789,91.61291422609642,93.78497789800265,,,85.95178307121395,#000000,0.0,0.0,,86.07947536930473,,0.0,0.0,0.0,0.0,0.0,0.0,0.0,0.0,50.460866550410856,-4.7292409796678285,False,False,False,False,True,,0,1.0020701933553988,0.8718943340189417,False,False,False,False,0.3428282510363375,0.20491433650089053,False,False,False,False,-33155026,-48466012.56908729,False,False,False,False,6306903.547131645,False,False,False,False
2022-11-18 00:00:00+00:00,104.7704428432,108.0351896144,104.0866758203,105.0689890081,7342234,,,,,,,,,,,86.73566396503956,92.03274207957914,94.1091760449367,,,88.0990580294827,#000000,0.0,0.0,,87.53868558936611,,0.0,0.0,0.0,0.0,0.0,0.0,0.0,0.0,53.66963979115122,-1.881325971312961,False,False,False,False,True,,0,1.0888818350310476,0.8656500428120624,False,False,False,False,0.3428282518123367,0.2738712941566136,False,False,False,False,-40497260,-47875734.60100675,False,False,False,False,6383594.69178856,False,False,False,False
2022-11-25 00:00:00+00:00,106.5617198327,106.5713503542,103.9942228144,105.4253183017,2968113,,,,,,,,,,,87.36089919975889,92.19634301404554,94.23610923884871,,,88.84302082713407,"rgba(38, 166, 154, 0.5)",0.0,0.0,,88.06582335532832,,0.0,0.0,0.0,0.0,0.0,0.0,0.0,0.0,56.33228454783054,0.44615715610382267,False,False,True,False,True,,0,1.0554918637731852,0.8943484586888323,False,False,False,False,0.3227044439986532,0.2982878690776334,False,False,False,False,-37529147,-47109320.70463587,False,False,False,False,6130596.04795237,False,False,False,False
2022-12-02 00:00:00+00:00,107.8907317927,108.3337357793,102.4591176955,105.5697761235,4567445,,,,,,,,,,,88.27146153531511,92.44996747632774,94.43469292342621,,,89.90422902355246,"rgba(38, 166, 154, 0.5)",0.0,0.0,,88.83760809181462,,0.0,0.0,0.0,0.0,0.0,0.0,0.0,0.0,58.511384689594394,2.3414503769565655,False,False,True,False,True,,0,1.028786058863253,0.8908017373549257,False,False,False,False,0.3256272619795992,0.3119575655286163,False,False,False,False,-32961702,-46061348.94873691,False,False,False,False,6014807.081437379,False,False,False,False
2022-12-09 00:00:00+00:00,103.3258646259,107.1395511197,102.6132060386,106.6676555687,3988561,,,,,,,,,,,88.9220801211218,92.63503235498955,94.57617200611614,,,90.63578211974624,"rgba(38, 166, 154, 0.5)",0.0,0.0,,89.389204375009,,0.0,0.0,0.0,0.0,0.0,0.0,0.0,0.0,58.460035613548,2.3414503769565655,False,False,True,False,True,0.0,0,1.0580390322915996,0.8932043262985871,False,False,False,False,0.3122947410904822,0.3121261533095493,False,False,False,False,-36950263,-45386453.693274915,False,False,False,False,5864714.7791086845,False,False,False,False
2022-12-16 00:00:00+00:00,101.4671739862,108.6515429871,100.2633588051,103.2584509757,5144055,,,,,,,,,,,89.64277938435775,92.84772572757566,94.73656294447488,,,91.42156532487944,"rgba(38, 166, 154, 0.5)",0.0,0.0,,93.49735597753434,,0.0,0.0,0.0,0.0,0.0,0.0,0.0,0.0,57.807286106919605,2.3414503769565655,False,False,True,False,True,0.0,0,1.0646234939649681,0.8351772945071996,False,False,False,False,0.30163252740869695,0.3068793403591231,False,False,False,False,-42094318,-45142591.790069364,False,False,False,False,5811332.573248782,False,False,False,False
2022-12-23 00:00:00+00:00,99.6758969967,101.6549691545,98.8573026736,101.4768045077,4547375,,,,,,,,,,,90.08022641378997,92.97089794733269,94.82022704161182,,,91.86554971582221,"rgba(38, 166, 154, 0.5)",0.0,0.0,,93.3970156950553,,0.0,0.0,0.0,0.0,0.0,0.0,0.0,0.0,56.75093893790009,2.3414503769565655,False,False,True,False,True,0.0,0,1.038171553959186,0.9054769346537013,False,False,False,False,0.19789641692811893,0.252387878643621,False,False,False,False,-46641693,-45253636.3241383,False,False,False,False,5717706.086341465,False,False,False,False
2022-12-30 00:00:00+00:00,99.3773508318,100.4944913199,98.0194473075,99.5121781321,2148281,,,,,,,,,,,90.25947048033463,93.0215108422988,94.85320461692488,,,92.04166194765807,"rgba(38, 166, 154, 0.5)",0.0,0.0,,95.7561689505551,,0.0,0.0,0.0,0.0,0.0,0.0,0.0,0.0,55.895566920414765,2.3414503769565655,False,False,True,False,True,0.0,0,1.060258142824911,0.9088317232347894,False,False,False,False,0.17390862883273497,0.21314825373817797,False,False,False,False,-48789974,-45515587.26309102,False,False,False,False,5453304.228093949,False,False,False,False
2023-01-06 00:00:00+00:00,105.0786195296,105.340569713,99.4640255248,100.195945155,3422476,,,,,,,,,,,90.65118383581591,93.15079938414799,94.95111549036767,,,92.45103922578757,"rgba(38, 166, 154, 0.5)",0.0,0.0,,96.67008794849953,,0.0,0.0,0.0,0.0,1.0,106.60987244,100.4944913199,0.0,56.8402327214747,2.3414503769565655,False,False,True,False,True,0.0,0,1.079339559560915,0.830403914650789,False,False,False,False,0.25023002483245593,0.23168913928531695,False,False,False,False,-45367498,-45504617.688047245,False,False,False,False,5302872.507494397,False,False,False,False
2023-01-13 00:00:00+00:00,112.6867314743,112.8215587745,106.60987244,106.60987244,5199607,,,,,,,,110.7060542296,,,91.52681461934542,93.48016554077722,95.22394229114612,,,93.40716215329822,"rgba(38, 166, 154, 0.5)",0.0,0.0,,98.75926534276124,,0.0,0.0,0.0,0.0,0.0,0.0,0.0,0.0,59.19458342237071,3.0853939471257164,False,False,True,False,True,2.7426942768212648,0,1.1498277501548244,0.7834006213090701,False,False,False,False,0.34282825210863554,0.28725869569697626,False,False,False,False,-40167891,-45109304.60004375,False,False,False,False,5295223.21064296,False,False,False,False
2023-01-20 00:00:00+00:00,112.7926672102,114.4105948136,110.4139284123,111.9259202798,3841198,,,,,,,,111.48485119089099,,,92.18338738937996,93.7407135372502,95.44265368335084,,,94.11984911697881,"rgba(38, 166, 154, 0.5)",0.0,0.0,,99.85111847291094,,0.0,0.0,0.0,0.0,0.0,0.0,0.0,0.0,60.89766319190542,4.821619970803475,False,False,True,False,True,2.809843348950462,0,1.1550098417339218,0.8093335413959288,False,False,False,False,0.34282825228735503,0.31504347399216565,False,False,False,False,-36326693,-44458740.77781829,False,False,False,False,5187517.639484223,False,False,False,False
2023-01-27 00:00:00+00:00,109.0271333237,112.6963619957,108.1026032646,111.3673500358,6220449,,,,,,,,110.85600229451074,,,93.03872406933327,94.0916154194083,95.73329438286976,,,95.02001642488385,"rgba(38, 166, 154, 0.5)",0.0,0.0,,100.67105764324239,,0.0,0.0,0.0,0.0,0.0,0.0,0.0,0.0,60.70825136564629,4.821619970803475,False,False,True,False,True,0.272650620081631,0,1.1265741681902732,0.8075258404171503,False,False,False,False,0.3005673871842943,0.30780543058822996,False,False,False,False,-42547142,-44317140.868350275,False,False,False,False,5264031.073596503,False,False,False,False
2023-02-03 00:00:00+00:00,116.1729802388,118.720253162,111.4347636859,112.2052054018,5677094,,,,,,,,112.09960180265504,,,93.98207500040779,94.50547973083296,96.08738214112944,,,96.02808302037539,"rgba(38, 166, 154, 0.5)",0.0,0.0,,107.29095625354468,,0.0,0.0,0.0,0.0,0.0,0.0,0.0,0.0,62.08533336525672,6.2213444522223185,False,False,True,False,True,4.710864153299308,0,1.116936263473008,0.7712725401783274,False,False,False,False,0.342828252438723,0.3253168415134765,False,False,False,False,-36870048,-43765504.35958359,False,False,False,False,5294628.327404169,False,False,False,False
2023-02-10 00:00:00+00:00,113.0141692035,116.1826107602,112.4844905238,115.5181047803,3228076,,,,,,,,112.33925946906697,,,94.4476599791155,94.71684569543838,96.26744217406909,,,96.51582801827824,"rgba(38, 166, 154, 0.5)",0.0,0.0,,107.50560793687917,,0.0,0.0,0.0,0.0,0.0,0.0,0.0,0.0,61.958602616365965,6.257475951123183,False,False,True,False,True,2.6311273779624678,0,1.108182086454024,0.7984292473142957,False,False,False,False,0.3281926301730328,0.32675473584325465,False,False,False,False,-40098124,-43493846.55516999,False,False,False,False,5141550.377226083,False,False,False,False
2023-02-17 00:00:00+00:00,113.0141692035,115.2195586153,111.8804642186,113.1875185896,2575732,,,,,,,,112.4386721924657,,,94.79425854754103,94.87771609059476,96.40434272568018,,,96.87517568555113,"rgba(38, 166, 154, 0.5)",0.0,0.0,,107.64906920204571,,0.0,0.0,0.0,0.0,0.0,0.0,0.0,0.0,61.868080652872564,6.375775080361116,False,False,True,False,True,2.6311273779624678,0,1.1183451853772455,0.7979514874808004,False,False,False,False,0.3129236302820181,0.31983918306263637,False,False,False,False,-40098124,-43242311.55108333,False,False,False,False,4951489.756690817,False,False,False,False
2023-02-24 00:00:00+00:00,108.9982417593,112.4555989595,108.4107799509,110.9050850062,3153848,,,,,,,,112.1766464260712,,,95.12679916124809,95.0352554606826,96.53585595921092,,,97.20792541261761,"rgba(38, 166, 154, 0.5)",0.0,0.0,,107.49479947954029,,0.0,0.0,0.0,0.0,0.0,0.0,0.0,0.0,60.40045043961199,6.375775080361116,False,False,True,False,True,0.039394518488464314,0,1.130024436465398,0.781167648324454,False,False,False,False,0.2534877992764119,0.28666349116952416,False,False,False,False,-43251972,-43243027.13989197,False,False,False,False,4818331.108047052,False,False,False,False
2023-03-03 00:00:00+00:00,112.5807957383,112.6433941277,108.8248923732,110.9243460491,3481723,,,,,,,,112.09038474012272,,,95.51034619626725,95.22129885267853,96.69289432226131,,,97.59424629648488,"rgba(38, 166, 154, 1.0)",0.0,0.0,,107.5513980557345,,0.0,0.0,0.0,0.0,0.0,0.0,0.0,0.0,60.22682125223592,6.375775080361116,True,False,True,False,True,2.250281133624135,0,1.143405071941992,0.7589430590371503,False,False,False,False,0.2591448075777812,0.2729041493736527,False,False,False,False,-39770249,-42985784.31471479,False,False,False,False,4719323.100043567,False,False,False,False
2023-03-10 00:00:00+00:00,111.1940006497,115.7684983379,110.9724986563,115.0847313151,3850578,,,,,,,,112.14774932586016,,,95.94695020103094,95.43830461891646,96.87774705992499,,,98.03562145346991,"rgba(38, 166, 154, 1.0)",0.0,0.0,,107.75545289158568,,0.0,0.0,0.0,0.0,0.0,0.0,0.0,0.0,59.61578160528941,6.375775080361116,True,False,True,False,True,1.3606773259826177,0,1.151427070611206,0.7468785885317059,False,False,False,False,0.3094454636614809,0.2911748065175668,False,False,False,False,-43620827,-43032824.51362481,False,False,False,False,4654971.611151451,False,False,False,False
2023-03-17 00:00:00+00:00,114.8150767145,115.9514782455,109.441245746,110.086490683,5212281,,,,,,,,112.30186207899885,,,96.5289506535016,95.73614406547499,97.13295134755072,,,98.62234496191229,"rgba(38, 166, 154, 1.0)",0.0,0.0,,108.08616795289095,,0.0,0.0,0.0,0.0,1.0,116.0670445028,115.7684983379,0.0,60.063823739759776,6.375775080361116,True,False,True,False,True,3.552879342501207,0,1.1443106055784364,0.7593696237064379,False,False,False,False,0.29644747729693394,0.29381114190725033,False,False,False,False,-38408546,-42690285.36446741,False,False,False,False,4696253.788103196,False,False,False,False
2023-03-24 00:00:00+00:00,118.7346989442,120.6511727125,116.0670445028,116.8567472617,3353114,,,,,,,118.48430538650001,112.75455398222108,,,96.98998316154926,95.97621039937664,97.34299174161099,,,99.09850102795433,"rgba(38, 166, 154, 1.0)",0.0,0.0,,108.5964625401355,,0.0,0.0,0.0,0.0,1.0,118.2050202645,115.9514782455,0.0,61.25893182470861,6.704139311556126,True,False,True,False,True,5.827377135054803,0,1.2110068122925803,0.6880636004630627,False,False,False,False,0.34282825259789845,0.31831969725257436,False,False,False,False,-35055432,-42124740.67080316,False,False,False,False,4596761.951947403,False,False,False,False
2023-03-31 00:00:00+00:00,121.8742489366,122.0861204084,118.2050202645,119.2740081453,3532557,,,,,,,119.63220586335558,113.32513728141234,,,97.5036245067704,96.2483061334093,97.58279926101639,,,99.63117017952709,"rgba(38, 166, 154, 1.0)",0.0,0.0,,109.20524069344643,,0.0,0.0,0.0,0.0,1.0,120.9304578346,120.6511727125,0.0,62.76044179493975,8.321706353017873,True,False,True,False,True,7.581566842981037,0,1.2232586991901224,0.6675405845096392,False,False,False,False,0.3428282525264753,0.33057397488952484,False,False,False,False,-31522875,-41339417.2877807,False,False,False,False,4517931.955506855,False,False,False,False
2023-04-07 00:00:00+00:00,123.9544415695,124.1181604342,120.9304578346,121.517919643,3319503,,,,,,,120.72800182470934,113.93523620548675,,,98.01185954483857,96.5219031580118,97.82546221485968,,,100.15990373517874,"rgba(38, 166, 154, 1.0)",0.0,0.0,,109.83378142920535,,0.0,0.0,0.0,0.0,0.0,0.0,0.0,0.0,64.24514132461915,9.883422813608888,True,False,True,False,True,8.718010544123885,0,1.229833026890585,0.6885404152780187,False,False,False,False,0.3428282526345135,0.33670111376201917,False,False,False,False,-28203372,-40366376.89609324,False,False,False,False,4429159.440284125,False,False,False,False
2023-04-14 00:00:00+00:00,122.7121043026,123.7425700977,121.1519598279,122.8854536887,5181787,,,,,,,121.33671867234149,114.70588910857968,,,98.7518970617784,96.93066723353441,98.18830176130743,,,100.92319353863603,"rgba(38, 166, 154, 1.0)",0.0,0.0,,110.6483141026466,,0.0,0.0,0.0,0.0,0.0,0.0,0.0,0.0,64.78473230890123,10.520622855401776,True,False,True,False,True,7.866755905335403,0,1.2469653062279482,0.6755198854551123,False,False,False,False,0.34129388741448824,0.33899750058825373,False,False,False,False,-33385159,-39849249.64453078,False,False,False,False,4484909.629892708,False,False,False,False
2023-04-21 00:00:00+00:00,129.0008348088,129.6653407888,121.7297911148,123.0299115104,8548944,,,,,,,123.28750318107244,116.26337402128168,,,100.08199346080465,97.68540347448214,98.86500922281616,,,102.30185085640535,"rgba(38, 166, 154, 1.0)",0.0,0.0,,112.22091638084028,,0.0,0.0,0.0,0.0,0.0,0.0,0.0,0.0,66.39924760643414,12.188202992468511,True,False,True,False,True,11.216754327572364,0,1.220044381203418,0.6723264658450451,False,False,False,False,0.34282825229994,0.34091287644409685,False,False,False,False,-24836215,-38737173.00419516,False,False,False,False,4785949.2128636185,False,False,False,False
2023-04-28 00:00:00+00:00,130.2720636401,131.793686029,127.0470909224,127.9799995352,5893835,,,,,,,124.55534611113659,117.35951524044744,,,101.01984113404457,98.23365531582432,99.35982392798809,,,103.27275411152542,"rgba(38, 166, 154, 1.0)",0.0,0.0,,113.31669160044603,,0.0,0.0,0.0,0.0,0.0,0.0,0.0,0.0,67.77863740805068,13.598582754170437,True,False,True,False,True,11.866586063100637,0,1.246191806665617,0.7026326061380206,False,False,False,False,0.3428282524612317,0.3418705644526643,False,False,False,False,-18942380,-37270892.04092145,False,False,False,False,4868014.826725572,False,False,False,False
2023-05-05 00:00:00+00:00,129.7809070462,132.2463205371,128.5048629542,130.5609792835,4065869,,,,,,,125.22972214225211,118.04222796847957,,,101.64305412541735,98.60657460663462,99.6971976320409,,,103.91467496189614,"rgba(38, 166, 154, 1.0)",0.0,0.0,,114.00675128592604,,0.0,0.0,0.0,0.0,0.0,0.0,0.0,0.0,68.54082983633907,14.408132826194048,True,False,True,False,True,11.519068860232096,0,1.236569714416178,0.6867826872087861,False,False,False,False,0.34282825203528333,0.3423494082439738,False,False,False,False,-23008249,-36214399.96381616,False,False,False,False,4808596.617338493,False,False,False,False
2023-05-12 00:00:00+00:00,128.8239856912,131.1677021348,127.9029553636,131.0328748345,3539282,,,,,,,125.61437776747397,118.54098067273014,,,102.14820105007374,98.91533404947057,99.97662093401497,,,104.43114039928417,"rgba(38, 166, 154, 1.0)",0.0,0.0,,114.52326415491873,,0.0,0.0,0.0,0.0,0.0,0.0,0.0,0.0,68.63497706651944,14.597962966492233,True,False,True,False,True,10.836376376121763,0,1.2262969129013686,0.7704516506028503,False,False,False,False,0.3229575729812581,0.33265349061261595,False,False,False,False,-26547531,-35498335.59612607,False,False,False,False,4714573.312350457,False,False,False,False
2023-05-19 00:00:00+00:00,131.46743273,132.2898384754,127.3749850922,127.6295392515,6837135,,,,,,,126.34995635419928,119.47426273280598,,,103.11034286262604,99.51510797890266,100.52106312700371,,,105.41239141215621,"rgba(38, 166, 154, 1.0)",0.0,0.0,,121.73242516885635,,0.0,0.0,0.0,0.0,0.0,0.0,0.0,0.0,69.25456728796905,15.320004921078208,True,False,True,False,True,12.232476514432484,0,1.1295344489597656,0.7757416484669546,False,False,False,False,0.32995417938646576,0.33130383499954086,False,False,False,False,-19710396,-34328858.58900563,False,False,False,False,4871800.1040282,False,False,False,False
2023-05-26 00:00:00+00:00,128.6575464332,131.1247636694,126.0728426619,130.6743986184,4765862,,,,,,,126.57041883274997,119.9506548213449,,,103.70229611552801,99.89676765403617,100.8674896137988,,,106.00842686978748,"rgba(38, 166, 154, 1.0)",0.0,0.0,,124.7377699383762,,0.0,0.0,0.0,0.0,0.0,0.0,0.0,0.0,68.36086967303733,15.320004921078208,True,False,True,False,True,10.221219874619013,0,1.114713984432141,0.7756674887274705,False,False,False,False,0.3010965616719871,0.31620019833576396,False,False,False,False,-24476258,-33599036.323153354,False,False,False,False,4863952.837063148,False,False,False,False
2023-06-02 00:00:00+00:00,130.184871389,130.7331418859,126.4448833563,129.1470736626,3361188,,,,,,,126.73402604976266,120.27565743846054,,,104.11161710685637,100.16457968989326,101.11105147966289,,,106.41964700036633,"rgba(38, 166, 154, 1.0)",0.0,0.0,15.59930938691275,124.92283951941823,0.33732466861618976,0.0,0.0,0.0,0.0,0.0,0.0,0.0,0.0,68.081029380588,15.320004921078208,True,False,True,False,True,11.039157321418514,0,1.1310629525952087,0.7897392541231354,False,False,False,False,0.3008695263403473,0.3085348623380556,False,False,False,False,-21115070,-32674298.076993845,False,False,False,False,4752636.923206618,False,False,False,False
2023-06-09 00:00:00+00:00,129.9401077743,130.801675698,128.5106882644,129.5289049016,2788612,,,,,,,126.88646364999082,120.54630201557107,,,104.44964093749422,100.38782543026852,101.31443099178152,,,106.75903367909048,"rgba(38, 166, 154, 1.0)",0.0,0.0,15.551675082299015,125.12622503926654,0.3095411079230071,0.0,0.0,0.0,0.0,0.0,0.0,0.0,0.0,67.7594648348048,15.320004921078208,True,False,True,False,True,10.861870274934233,0,1.1555373397481536,0.7806084843171385,False,False,False,False,0.3258000673841803,0.31716746486111796,False,False,False,False,-23903682,-32024622.81203134,False,False,False,False,4607153.595561683,False,False,False,False
2023-06-16 00:00:00+00:00,134.4045961065,136.3333333903,128.9806344046,129.1960263856,4028729,,,,,,,127.3186874975624,121.04934203374295,,,104.98774765608607,100.7420856587924,101.63863388029708,,,107.3040779564243,"rgba(38, 166, 154, 1.0)",0.0,0.0,15.652098835581153,129.13144058645844,0.3368976630823697,0.0,0.0,0.0,0.0,0.0,0.0,0.0,0.0,68.56773579280164,15.320004921078208,True,False,True,False,True,13.230796922849205,0,1.179622841482102,0.7462936638267631,False,False,False,False,0.34282825219785706,0.3299978585294875,False,False,False,False,-19874953,-31124647.27039939,False,False,False,False,4564307.329223781,False,False,False,False
2023-06-23 00:00:00+00:00,130.6743986184,133.9647069381,130.4834829989,133.2101496667,2686391,,,,,,,127.50914970899196,121.32374425354493,,,105.31666243127768,100.96315647515321,101.84087640233135,,,107.63447651741593,"rgba(38, 166, 154, 1.0)",0.0,0.0,15.647818051368317,129.1429298525321,0.09787107447443733,0.0,0.0,0.0,0.0,0.0,0.0,0.0,0.0,67.33801736889833,15.320004921078208,True,False,True,False,True,10.537249296093723,0,1.1977773496912916,0.7079958256094347,False,False,False,False,0.3332588022708284,0.33162833040015793,False,False,False,False,-22561344,-30490328.509629067,False,False,False,False,4425202.415947946,False,False,False,False
2023-06-30 00:00:00+00:00,133.9444405108,134.2773190268,129.2449791085,130.3121484686,3364276,,,,,,,127.76583802264093,121.6724910870135,,,105.72919140566061,101.24252426302229,102.09687478014425,,,108.04886843475401,"rgba(38, 166, 154, 1.0)",0.0,0.0,15.784678851936373,129.36246571230998,0.29027988731794396,0.0,0.0,0.0,0.0,0.0,0.0,0.0,0.0,67.25222091579391,15.320004921078208,True,False,True,False,True,12.250842656145839,0,1.1906649038726214,0.7022963755405901,False,False,False,False,0.32105167107620486,0.32634000073818137,False,False,False,False,-19197068,-29653790.694100987,False,False,False,False,4346615.274025875,False,False,False,False
2023-07-07 00:00:00+00:00,130.468797182,133.0437104087,128.7358707899,132.8283184278,3724055,,,,,,,127.92689015909934,121.97584391992538,,,106.14272172573868,101.52915320838302,102.35937262806007,,,108.46023294761943,"rgba(38, 166, 154, 0.75)",0.0,0.0,16.024188456949165,129.3121155492714,0.0721834766132566,0.0,0.0,0.0,0.0,0.0,0.0,0.0,0.0,65.63530528330006,15.320004921078208,True,False,True,False,False,9.80583358291635,0,1.1699536131763986,0.742087033992857,False,False,False,False,0.2867702054915292,0.3065551031148553,False,False,False,False,-22921123,-29155074.568612024,False,False,False,False,4300499.698172106,False,False,False,False
2023-07-14 00:00:00+00:00,141.3265111303,141.8649910827,130.5764931725,130.5960742617,6045794,,,,,,,128.73225884781365,122.79652175516188,,,106.97315815676488,102.09417053057388,102.88055468482592,,,109.30221602407568,"rgba(38, 166, 154, 0.75)",0.0,0.0,16.496222356752074,130.6100648720315,0.6496303230225396,0.0,0.0,0.0,0.0,0.0,0.0,0.0,0.0,66.82583593724452,15.320004921078208,True,False,True,False,False,15.151944975069878,0,1.1354090881967243,0.7304780702437171,False,False,False,False,0.34282825154699154,0.3246916773309234,False,True,False,False,-16875329,-28245463.78575187,False,False,False,False,4429780.757566765,False,True,False,False
2023-07-21 00:00:00+00:00,131.2128785707,142.0608019744,130.2534052011,139.8677199867,7871813,,,,,,,129.28073718437057,123.5320554993913,,,107.879189535121,102.73643208617484,103.47276818578572,,,110.20650565588035,"rgba(38, 166, 154, 0.75)",0.0,0.0,16.745676538150498,133.3735676835588,-0.1290296697142241,0.0,0.0,0.0,0.0,0.0,0.0,0.0,0.0,64.1699289256442,17.50359718085396,True,False,True,False,False,8.633385338740393,0,1.097879295977817,0.7558009550745425,False,True,False,False,0.34100393909860316,0.3328478082147633,False,False,False,False,-24747142,-27986328.83865914,False,False,False,False,4684746.108858116,False,False,False,False
2023-07-28 00:00:00+00:00,133.9444405108,133.9738121446,128.3638300956,130.7233513413,4867016,,,,,,,129.43672932928663,123.85207104095542,,,108.36198976315097,103.0917264075666,103.8003184518602,,,110.68145412349742,"rgba(38, 166, 154, 0.75)",0.0,0.0,17.066530908769547,133.00349510015994,0.05513395872131043,0.0,0.0,0.0,0.0,0.0,0.0,0.0,0.0,62.86030758562163,16.274804563062418,True,False,True,False,False,9.930070920308161,0,1.1009569598591997,0.8039324642394816,False,False,False,False,0.20346435833552914,0.26815608327514623,False,False,False,False,-19880126,-27385869.369128834,False,False,False,False,4698247.582276033,False,False,False,False
2023-08-04 00:00:00+00:00,130.1750808444,134.8157989792,129.1470736626,134.3948055619,3574299,,,,,,,129.51273794991562,124.05316604475122,,,108.69415630062434,103.34092694558919,104.03017718411415,,,111.00612041163326,"rgba(38, 166, 154, 0.75)",0.0,0.0,17.299467671814327,132.72547462715195,-0.14742614230305323,0.0,0.0,0.0,0.0,0.0,0.0,0.0,0.0,60.787666109509416,14.324043642860715,True,False,True,False,False,7.656072122553454,0,1.1029192735900883,0.8542889536501884,False,False,False,False,0.2252332587108717,0.24669467099300896,False,False,False,False,-23454425,-27094651.26771188,False,False,False,False,4614992.131737068,False,False,False,False
2023-08-11 00:00:00+00:00,134.7668462562,136.5878875496,130.3904728253,132.681460259,5778622,,,,,,,129.7746524077357,124.46148092005868,,,109.26917109883001,103.77026450377654,104.42751026635125,,,111.57271701557245,"rgba(38, 166, 154, 0.75)",0.0,0.0,17.603927467048916,133.04695928968275,0.09769904867743603,0.0,0.0,0.0,0.0,0.0,0.0,0.0,0.0,60.324360498762175,13.92413395936159,True,False,True,False,False,9.825245112428782,1,1.1007335156231657,0.8243127683334955,False,False,False,False,0.2662039722804517,0.2564493216367303,False,False,False,False,-17675803,-26396958.803436927,False,False,False,False,4701186.936793582,False,False,False,False
2023-08-18 00:00:00+00:00,132.5248115455,136.1767825824,130.8408378764,134.8843327913,4296332,,,,,,,129.91893620923247,124.72187072244834,,,109.66773793534256,104.07415038938723,104.70895450867563,,,111.9628794007993,"rgba(38, 166, 154, 0.75)",0.0,0.0,17.85218910303857,133.07296922012307,-0.03070534775647037,0.0,0.0,0.0,0.0,0.0,0.0,0.0,0.0,59.31279435764898,12.960178888067993,True,False,True,False,False,8.485435693146126,1,1.1068386379854092,0.8228736691492805,False,False,False,False,0.2667429058887367,0.2615961137627335,False,False,False,False,-21972135,-26069194.077256415,False,False,False,False,4671197.682216279,False,False,False,False
2023-08-25 00:00:00+00:00,134.5808259091,137.6061041868,132.5541831793,133.2395213005,3503775,,,,,,,130.08572116887447,124.96418627742085,,,110.0063156573571,104.33184756941075,104.94815675933354,,,112.2959352664995,"rgba(38, 166, 154, 0.75)",0.0,0.0,18.13895466582568,133.26189067165495,0.07271285814115701,0.0,0.0,0.0,0.0,0.0,0.0,0.0,0.0,59.06012361929999,12.700787922765294,True,False,True,False,False,9.454205230229665,1,1.147207451143277,0.7973493541176312,False,False,False,False,0.3100285867578798,0.28581235026030666,False,False,False,False,-18468360,-25506169.33079298,False,False,False,False,4584721.927978036,False,False,False,False
2023-09-01 00:00:00+00:00,135.295535664,138.3795572093,134.6689408104,135.0507720493,2425056,,,,,,,130.22191151720517,125.14470411268398,,,110.24643046639258,104.51460507534715,105.11805541930481,,,112.53279045850772,"rgba(38, 166, 154, 0.75)",0.0,0.0,18.427329035326466,133.44616323850335,0.10036030842838257,0.0,0.0,0.0,0.0,0.0,0.0,0.0,0.0,59.045637144106855,12.625063123181206,True,False,True,False,False,9.791095229517175,1,1.1587285009763972,0.7925155470384068,False,False,False,False,0.34282825130702915,0.3143203007836679,False,False,False,False,-16043304,-24805216.34332683,False,False,False,False,4424746.674053737,False,False,False,False
2023-09-08 00:00:00+00:00,137.5179892855,138.4187193876,134.2577379377,134.9234949697,2191548,,,,,,,130.3521409691037,125.31177860436797,,,110.46474101771845,104.68115496017215,105.27303274188122,,,112.74831652379356,"rgba(38, 166, 154, 0.75)",0.0,0.0,18.746495017830412,134.54092114079825,0.1588066538235632,0.0,0.0,0.0,0.0,0.0,0.0,0.0,0.0,59.55633805954841,12.625063123181206,True,False,True,False,False,10.837504203161586,1,1.1411186104835584,0.8136801508223792,False,False,False,False,0.3370570086933794,0.32568865473852365,False,False,False,False,-13851756,-23993848.910487805,False,False,False,False,4259324.550049757,False,False,False,False
2023-09-15 00:00:00+00:00,132.4073250105,136.3137523012,132.1038181283,136.2060563107,3800178,,,,,,,130.46131134002422,125.51416020689737,,,110.79087307676014,104.93816117244485,105.51186922138344,,,113.06557906579324,"rgba(38, 166, 154, 0.75)",0.0,0.0,18.945612525530628,134.03236662661266,-0.08577403416874503,0.0,0.0,0.0,0.0,0.0,0.0,0.0,0.0,58.2041277800025,11.670525186053588,True,False,True,False,False,7.722651143863835,1,1.1290434774291238,0.8200309447456876,False,False,False,False,0.25101388438800026,0.28835126956326196,False,False,False,False,-17651934,-23524077.435636856,False,False,False,False,4225313.694490516,False,False,False,False
2023-09-22 00:00:00+00:00,129.8715739622,132.847899517,128.3148773726,131.6045003543,4049124,,,,,,,130.4572921192676,125.63653489752349,,,111.08012865854472,105.17642064538865,105.73291140382398,,,113.34113147980945,"rgba(38, 166, 154, 0.5)",0.0,0.0,19.06732525863399,133.3495468771962,-0.18240486632603695,0.0,0.0,0.0,0.0,0.0,0.0,0.0,0.0,56.45670569679304,9.935299243100431,False,False,True,False,False,6.230263887851233,1,1.063476571147377,0.8852862292624354,False,False,False,False,0.09077325782225552,0.18956226369275875,False,False,False,False,-21701058,-23389038.958923012,False,False,False,False,4212262.606009737,False,False,False,False
2023-09-29 00:00:00+00:00,126.6113226143,129.3722561882,124.0902573828,128.9414722263,4817245,,,,,,,130.30884664799464,125.66739357633216,,,111.35011640103865,105.41380979565021,105.95252928187561,,126.69127872843332,113.58969754887924,"rgba(38, 166, 154, 0.5)",0.0,0.0,19.134427359661554,130.7306108902043,-0.21528150273200394,1.0,129.37225,124.090256,0.0,0.0,0.0,0.0,0.0,54.25141782418801,7.805597696751164,False,False,True,False,False,4.352098227122074,1,1.0132723234523073,0.9185704593572063,False,False,False,False,-0.1298701092056806,0.029846077243539076,False,False,False,False,-26518303,-23620836.295299083,False,False,False,False,4257076.116675682,False,False,False,False
2023-10-06 00:00:00+00:00,128.1778097484,128.7162897007,124.6720115423,126.5329982576,3707336,,,,,,,130.21698288665448,125.70089329267746,,,111.55815625995473,105.59715492987957,106.1224167918867,,126.90760858325935,113.78180636022283,#000000,0.0,0.0,19.186658055937535,130.38108620888096,-0.11483377949705706,0.0,0.0,0.0,0.0,0.0,0.0,0.0,0.0,53.14558571556649,6.762577502100655,False,False,False,False,False,5.143996581604096,1,0.9978723931187464,0.9382772987255861,False,False,False,False,-0.13163974741935358,-0.05089683508790725,False,False,False,False,-22810967,-23560845.977128778,False,False,False,False,4216354.626551558,False,False,False,False
2023-10-13 00:00:00+00:00,126.0924237511,130.3904728253,125.1231598369,126.2980251875,5941847,,,,,,,130.08112438079908,125.75206581484404,,,111.88069793218841,105.88483036748248,106.38927103063283,,127.02853273187792,114.0789289919908,#000000,0.0,0.0,19.149948497109456,129.94799128973736,-0.20133566099247363,0.0,0.0,0.0,0.0,0.0,0.0,0.0,0.0,51.72648503528602,5.412658765242476,False,False,False,False,False,3.9419765267146047,1,1.001009680189882,0.9264393802741994,False,False,False,False,-0.20739012096930015,-0.1291434780286037,False,False,True,False,-28752814,-23945436.201045167,False,False,False,False,4344168.8764366275,False,False,True,False
2023-10-20 00:00:00+00:00,127.9624177675,132.9555955074,124.6336326075,126.5917415251,8318684,,,,,,,129.98831739466954,125.87802329542517,,,112.34744213415937,106.29901435105825,106.77462177978525,,127.57204025607675,114.51300727440213,#000000,0.0,0.0,19.155120205791277,129.81105284609887,-0.0965086649803412,0.0,0.0,0.0,0.0,0.0,0.0,0.0,0.0,51.30959458269315,5.013937970177913,False,False,False,False,False,4.903947498486254,1,0.9935319422034695,0.950152980628837,False,False,False,False,-0.1912722832800092,-0.16020788065430647,False,False,False,False,-20434130,-23685339.44541219,False,False,False,False,4638577.404107988,False,False,False,False
2023-10-27 00:00:00+00:00,128.637965344,131.0219629513,127.355404003,128.4029922739,4022312,,,,,,,129.96089225126266,125.9454147393659,,,112.57038830418054,106.49817361183355,106.96024984135808,,127.78706489661337,114.72065973923043,#000000,0.0,0.0,19.167353943421926,129.79055996430856,-0.060133215242477896,0.0,0.0,0.0,0.0,0.0,0.0,0.0,0.0,51.23008067050429,4.894803253677537,False,False,False,False,False,5.252020328227829,1,0.9751669096481643,0.9784370319982952,False,False,False,False,-0.1639690904101449,-0.16208848553222568,False,False,False,False,-16411818,-23146560.07908536,False,False,False,False,4592928.114914804,False,False,False,False
2023-11-03 00:00:00+00:00,136.0689886865,136.5193537375,129.5582765353,129.9890604972,3731819,,,,,,,130.0640166883071,126.10426288069212,,,112.83382401878298,106.72056379244312,107.16849494701066,,128.55224216063212,114.97423494479327,#000000,0.0,0.0,19.317083874886006,130.1740344272773,0.305167917549227,0.0,0.0,0.0,0.0,1.0,134.8843327913,131.0219629513,0.0,53.317921842441024,4.894803253677537,False,False,False,False,False,8.93431961926483,1,0.9746704865853162,0.9381505098973951,False,False,False,False,0.0962818324800974,-0.03290332652606414,False,False,False,False,-12679999,-22371259.258412372,False,False,False,False,4529142.254550745,False,False,False,False
2023-11-10 00:00:00+00:00,142.0608019744,142.1097546974,134.8843327913,135.5402992787,2934040,,,,,,,130.25112227530033,126.31039093213657,,,113.09027910017764,106.9284502035583,107.36384776045402,,129.52806065756462,115.22651874736839,"rgba(38, 166, 154, 0.5)",0.0,0.0,19.556808453388097,130.76007481161454,0.5778410720603887,0.0,0.0,0.0,0.0,1.0,140.704811549,136.5193537375,0.0,56.194566465798815,2.383268690650169,False,False,True,False,True,11.684620675763082,1,1.01490978729153,0.8952694267421731,False,False,False,False,0.3428282481401732,0.15496246080705453,False,False,False,False,-9745959,-21436051.831863306,False,False,False,False,4410986.531991431,False,False,False,False
2023-11-17 00:00:00+00:00,146.8092160997,146.9462837239,140.704811549,140.8859366239,3271759,,,,,,,130.56036242980474,126.61845492552466,,,113.4246516453948,107.19305418596042,107.61310980980862,,130.8896560464002,115.55963845624497,"rgba(38, 166, 154, 0.5)",0.0,0.0,19.79914072638473,131.64272351856874,0.7660177171689112,0.0,0.0,0.0,0.0,0.0,0.0,0.0,0.0,59.194206268750065,5.186548079288258,False,False,True,False,True,13.746666412133905,1,1.0567833704406215,0.8716124606381002,False,False,False,False,0.34282825009200085,0.24889535544952768,False,False,False,False,-6474200,-20327766.510984544,False,False,False,False,4326599.307399472,False,False,False,False
2023-11-24 00:00:00+00:00,150.9604070051,151.2932855211,149.0414602658,149.344967148,2908686,,,,,,150.43171759733332,130.92839880422144,126.96566855773334,,,113.76814101580558,107.45983386444675,107.86494594446495,,132.32310817590331,115.90515718932511,"rgba(38, 166, 154, 1.0)",0.0,0.0,20.091029651408626,132.6216063046521,0.9127855076935857,0.0,0.0,0.0,0.0,0.0,0.0,0.0,0.0,62.07911619090004,7.825970707072479,True,False,True,False,True,15.476001758135883,0,1.1087109108459472,0.8494579997897312,False,False,False,False,0.3428282512600639,0.2958618033547958,False,False,False,False,-3565514,-19086118.17683754,False,False,False,False,4221568.692036549,False,False,False,False
2023-12-01 00:00:00+00:00,156.7368283121,156.9962777437,151.2051706198,151.3226571548,3619613,,,,,,152.95319261809496,131.4702328287652,127.46490368385074,,,114.23870925051153,107.82190735100103,108.20727060095265,,134.21820337851995,116.3810705009635,"rgba(38, 166, 154, 1.0)",0.0,0.0,20.572373346336978,139.24655354963568,0.85018264387947,0.0,0.0,0.0,0.0,0.0,0.0,0.0,0.0,65.05384422548998,10.516522490706812,True,False,True,False,True,17.770204336456924,0,1.117639517631979,0.8094757382625937,False,False,False,False,0.34282825171291226,0.319345027533854,False,False,False,False,54099,-17668324.311886612,False,False,False,False,4176979.3815153227,False,False,False,False
2023-12-08 00:00:00+00:00,156.8053621242,156.869000664,154.5926990473,155.4444764265,3146449,,,,,,153.97303549721389,131.9430955290837,127.90156845631235,,,114.65002396319338,108.13949739122168,108.5077937808096,,135.70066185179056,116.7970760063109,"rgba(38, 166, 154, 1.0)",0.0,0.0,20.895290302618818,140.27079891020554,0.7913057428028255,0.0,0.0,0.0,0.0,0.0,0.0,0.0,0.0,67.18904528141843,12.388277948857272,True,False,True,False,True,17.796896219590312,0,1.1263487293739671,0.810745894779359,False,False,False,False,0.34282825186463,0.331086639699242,False,False,False,False,3200548,-16122481.918413531,False,False,False,False,4100643.7976993727,False,False,False,False
2023-12-15 00:00:00+00:00,150.2848594285,156.4920646974,149.9911430909,153.2318133495,5016521,,,,,,153.38673949845733,132.54665897431926,128.4798507892341,,,115.23020317714386,108.59749850560222,108.94123092524197,,137.31528607864766,117.37962857489396,"rgba(38, 166, 154, 1.0)",0.0,0.0,21.014682298688022,140.93394323919847,0.44497061894127804,0.0,0.0,0.0,0.0,0.0,0.0,0.0,0.0,66.25229809529847,12.388277948857272,True,False,True,False,True,13.7770641392232,0,1.091236375839572,0.8470246843252908,False,False,False,False,0.28055621819407545,0.30582142894665876,False,False,False,False,-1815973,-15062740.517049566,False,False,False,False,4168486.553425345,False,False,False,False
2023-12-22 00:00:00+00:00,149.5016158614,152.257654163,147.680574568,151.2443327981,4061697,,,,,,152.61276574375316,132.95229661787064,128.88224993356857,,,115.65686349186613,108.94105520390465,109.26648822646365,,138.22996882967578,117.80539477711518,"rgba(38, 166, 154, 1.0)",0.0,0.0,21.033245017519974,141.25075457062638,0.39227714429708505,0.0,0.0,0.0,0.0,0.0,0.0,0.0,0.0,65.30819512913641,12.388277948857272,True,False,True,False,True,13.308180499100285,0,1.0686598738565742,0.8628457055232063,False,False,False,False,0.2017291911992568,0.2537753100729578,False,False,False,False,-5877670,-14382364.923194041,False,False,False,False,4160576.216134579,False,False,False,False
2023-12-29 00:00:00+00:00,151.3520287886,152.7324955755,149.3253860589,149.3253860589,2919123,,,,,,152.41393849049226,133.2542235507377,129.17990204967634,,,115.96868818925712,109.19233220283105,109.50459579603387,,138.8749192184225,118.11692022720196,"rgba(38, 166, 154, 1.0)",0.0,0.0,21.16236666778207,141.6014495458871,0.4607508883946013,0.0,0.0,0.0,0.0,0.0,0.0,0.0,0.0,65.02257397482863,12.388277948857272,True,False,True,False,True,14.08378964283936,0,1.088565889834203,0.8602858446203646,False,False,False,False,0.22694378656425002,0.2403595483186039,False,False,False,False,-2958547,-13536156.18814263,False,False,False,False,4068616.718643129,False,False,False,False
2024-01-05 00:00:00+00:00,146.7113106538,148.1113585299,145.2721005994,148.0036625395,3345761,,,,,,151.64955203935986,133.50529034585486,129.4443998402574,,146.69825659436668,116.27514957288986,109.44658982912252,109.745452434129,,139.29871765522944,118.41984829547798,"rgba(38, 166, 154, 0.75)",0.0,0.0,21.159968655671953,144.05525453104775,0.12552268701212382,0.0,0.0,0.0,0.0,0.0,0.0,0.0,0.0,63.16840256322658,12.388277948857272,True,False,True,False,False,11.306945220947554,0,1.0652170115485056,0.8680131909171862,False,False,False,False,0.1251920662548232,0.18277580728671355,False,False,False,False,-6304308,-13000463.729761694,False,False,False,False,4015071.85059549,False,False,False,False
2024-01-12 00:00:00+00:00,155.2192939009,155.6011251399,147.9938719949,148.2582166987,3123340,,,,,,151.79256532538412,133.83826682912317,129.77093201253564,,149.7109075283525,116.6133284686763,109.72009350239999,110.00499364401729,,139.9552578457565,118.75803318767518,"rgba(38, 166, 154, 0.75)",0.0,0.0,21.32447239737744,145.1588256718801,0.47178040523324627,0.0,0.0,0.0,0.0,1.0,152.556265773,148.1113585299,0.0,63.620655089024226,12.388277948857272,True,False,True,False,False,14.816451427785093,0,1.064341724293691,0.8668428936935039,False,False,False,False,0.2454060937860965,0.21409095053640503,False,False,False,False,-3180968,-12273093.675705273,False,False,False,False,3949017.6394402687,False,False,False,False
2024-01-19 00:00:00+00:00,160.0264512937,160.2907959976,152.556265773,153.4961580534,2870429,,,,,,152.33236838810626,134.2070284039816,130.1222260906601,,152.14308750152537,116.95806146772915,109.99536357546546,110.26652109133587,,140.7037941053519,119.10486205702892,"rgba(38, 166, 154, 0.75)",0.0,0.0,21.58958883483632,146.2705287671009,0.6371553729825071,0.0,0.0,0.0,0.0,1.0,157.6963016817,155.6011251399,0.0,64.78186292992461,12.388277948857272,True,False,True,False,False,16.669493681858448,0,1.0999046948456694,0.8320491826008374,False,False,False,False,0.3428282519240617,0.2784596012302334,False,False,False,False,-310539,-11386978.514541918,False,False,False,False,3869122.1846669153,False,False,False,False
2024-01-26 00:00:00+00:00,170.0421784074,172.6954159908,157.6963016817,159.4683902522,7501344,,,,,,155.15249513273722,135.47654523940432,131.29289905263786,,158.6766734670846,118.029653200884,110.83593131927161,111.06659159025774,,143.30606044095003,120.19203298544655,"rgba(38, 166, 154, 1.0)",0.0,0.0,22.003049019258164,149.90267915874009,0.9153049302863809,0.0,0.0,0.0,0.0,1.0,169.4253740984,160.2907959976,0.0,67.05788746789891,12.388277948857272,True,False,True,False,True,20.0,0,1.1394262498664955,0.7093327929903613,False,False,False,False,0.3428282524916933,0.3106439268609633,False,False,False,False,7190805,-10010846.402353628,False,False,False,False,4138175.652469366,False,False,False,False
2024-02-02 00:00:00+00:00,173.3513824782,173.8262238908,169.4253740984,170.5121245477,3412663,,,,,,156.54020916583082,136.1157614843361,131.87823262726747,,160.95548267159072,118.55425961747603,111.24619660548784,111.4576027113255,,144.55949671406026,120.72570443290573,"rgba(38, 166, 154, 1.0)",0.0,0.0,22.28963031123101,151.43968750058517,0.9830443426679114,0.0,0.0,0.0,0.0,0.0,0.0,0.0,0.0,69.09278556408177,13.950313377885614,True,False,True,False,True,20.0,0,1.2121869473981517,0.7050326030075427,False,False,False,False,0.34282825276698425,0.3267360898139738,False,False,False,False,10603468,-8483860.150327433,False,False,False,False,4084433.974508672,False,False,False,False
2024-02-09 00:00:00+00:00,177.7473369983,178.124272965,172.1569360385,172.5877200004,2888096,,,,,,157.79494148346495,136.69487677551027,132.40622983006506,,162.83423908934142,119.02131371938043,111.61056491975576,111.80512796538547,,145.6731804988707,121.20164958330898,"rgba(38, 166, 154, 1.0)",0.0,0.0,22.61598079837541,152.77364522045895,1.10424977808767,0.0,0.0,0.0,0.0,0.0,0.0,0.0,0.0,71.05964695833575,15.856084015845425,True,False,True,False,True,20.0,0,1.223983802767136,0.6890113045328374,False,False,False,False,0.3428282528865768,0.3347821713502753,False,False,False,False,13491564,-6856050.954006882,False,False,False,False,3995816.3467672886,False,False,False,False
2024-02-16 00:00:00+00:00,173.2045243094,177.042417788,169.4645362767,176.1221065967,3252234,,,,,,158.83979132130656,137.28261519091666,132.94902057917307,,164.11607972763636,119.51310000166703,111.99854286595065,112.17531172137342,,146.73017206435463,121.70126851038683,"rgba(38, 166, 154, 1.0)",0.0,0.0,22.821696918607355,153.8753963926019,0.8469627822039101,0.0,0.0,0.0,0.0,0.0,0.0,0.0,0.0,70.91162927668867,15.856084015845425,True,False,True,False,True,20.0,0,1.1949703448476623,0.6946899253136593,False,False,False,False,0.31424183324570226,0.3245120022979888,False,False,False,False,10239330,-5589726.438895262,False,False,False,False,3940736.1729326746,False,False,False,False
2024-02-23 00:00:00+00:00,180.3614124034,180.5914902012,171.217043758,173.3709635674,2271077,,,,,,159.6767280487949,137.7280785954868,133.3577761516508,,165.1677494753781,119.87740328755369,112.28476599716477,112.44858312894871,,147.52977163112786,122.07216623228258,"rgba(38, 166, 154, 1.0)",0.0,0.0,23.09600729693862,154.74154298083462,1.10927698857981,0.0,0.0,0.0,0.0,0.0,0.0,0.0,0.0,71.71274044260798,16.59293950572419,True,False,True,False,True,20.0,0,1.190156969950399,0.6898068260280206,False,False,False,False,0.3428282529103017,0.3336701276041453,False,False,False,False,12510407,-4248975.813791909,False,False,False,False,3817057.715678402,False,False,False,False
2024-03-01 00:00:00+00:00,184.5811371209,185.8539079173,182.1922442414,183.9055895443,3165629,,,,,184.20909642653336,161.12825165289618,138.43670871147216,134.00146813855972,,167.06145839816875,120.43692548360416,112.7209263338892,112.86529253932895,,148.8163764878315,122.64371293766487,"rgba(38, 166, 154, 1.0)",0.0,0.0,23.300962985078563,156.21281843774779,1.2174740890030458,0.0,0.0,0.0,0.0,0.0,0.0,0.0,0.0,72.76353329694449,17.71015244410708,True,False,True,False,True,20.0,0,1.23227337872976,0.6742833079909817,False,False,False,False,0.34282825312344994,0.33824919036379764,False,False,False,False,15676036,-2773049.0127702868,False,False,False,False,3768803.736739261,False,False,False,False
2024-03-08 00:00:00+00:00,188.9477200072,191.8848833837,182.6817714708,185.3937523217,3683889,,,,,186.16090358619803,162.8488696430415,139.29788568448902,134.78300539726933,,169.21660672566773,121.11228174174677,113.24730977086291,113.36853036956796,,150.34676456434286,123.33416704197452,"rgba(38, 166, 154, 1.0)",0.0,0.0,23.609554764000737,157.9366727380771,1.3134956410278333,0.0,0.0,0.0,0.0,0.0,0.0,0.0,0.0,73.97810270211792,18.9881120376087,True,False,True,False,True,20.0,0,1.2306482038284476,0.6481438115085352,False,False,False,False,0.3428282531929682,0.34053872177838296,False,False,False,False,19359925,-1133569.4562687844,False,False,False,False,3762513.7562400564,False,False,False,False
2024-03-15 00:00:00+00:00,184.3657451399,189.8680311985,183.2740994184,184.5713465763,3972985,,,,,186.04161495091645,164.34213407137938,140.15666733353916,135.56997182622192,,170.88874409249303,121.80422574160814,113.79177748363674,113.88935325533265,,151.78692230148712,124.0399887073947,"rgba(38, 166, 154, 1.0)",0.0,0.0,23.768283416760763,159.43734431472296,1.048809473872152,0.0,0.0,0.0,0.0,0.0,0.0,0.0,0.0,73.32586412504835,18.9881120376087,True,False,True,False,True,20.0,0,1.2525987258776416,0.6572813401201845,False,False,False,False,0.3341461060315399,0.33734241390496145,False,False,False,False,15386940,90171.98493631068,False,False,False,False,3778104.218740793,False,False,False,False
2024-03-22 00:00:00+00:00,191.25828853,192.4870018758,182.6621903816,184.649670933,2690704,,,,,186.591351753831,165.37291464814456,140.75711475092993,136.11995703938413,,172.0315300207701,122.28582659238425,114.17089613880735,114.25221857197303,,152.7770079572328,124.53153710100003,"rgba(38, 166, 154, 1.0)",0.0,0.0,24.064093373880187,160.4685871408546,1.2794872805208344,0.0,0.0,0.0,0.0,0.0,0.0,0.0,0.0,73.67004622156185,18.9881120376087,True,False,True,False,True,20.0,0,1.2632446374114807,0.6325732389853933,False,False,False,False,0.34282825319881677,0.3400853335518891,False,False,False,False,18077644,1422577.3193854727,False,False,False,False,3697556.054389623,False,False,False,False
2024-03-29 00:00:00+00:00,190.9449911032,195.1108678255,190.4211969677,191.0624776383,2205434,,,,,187.37253390781504,166.26723576965526,141.2719461248204,136.5905340079105,,173.03167112514717,122.69509771756915,114.49264204443521,114.56030327076057,,153.62188947859096,124.9496567300705,"rgba(38, 166, 154, 1.0)",1.0,218.00356,24.422114274140448,171.45230825263906,0.7981570568278332,0.0,0.0,0.0,0.0,0.0,0.0,0.0,0.0,73.81251382320657,19.204837035323408,True,False,True,False,True,20.0,0,1.337587517413882,0.5976364884056427,False,False,False,False,0.3428282532944063,0.3414567934231477,False,False,False,False,15872210,2492920.4809124744,False,False,False,False,3587028.4948052065,False,False,False,False
2024-04-05 00:00:00+00:00,187.8022262904,192.8933094762,186.3434351468,192.256924078,3957538,,,,,187.70248458203343,167.5529529270139,142.11483932118756,137.3687369079499,,174.340012223104,123.38489479696752,115.04027196733273,115.08491163458211,,154.9338407435511,125.65260950353904,"rgba(38, 166, 154, 1.0)",0.0,0.0,24.762643210027516,171.92693501362118,0.6410984135308383,0.0,0.0,0.0,0.0,0.0,0.0,0.0,0.0,72.86343038734111,19.204837035323408,True,False,True,False,True,20.0,0,1.3059985394094311,0.6123813268914682,False,False,False,False,0.30737117742274195,0.32441398542294486,False,False,False,False,11914672,3190828.0008448837,False,False,False,False,3614473.643338154,False,False,False,False
2024-04-12 00:00:00+00:00,176.993465065,189.4078756029,176.7878636287,188.7421185709,4221591,,,,,186.52961778857997,168.32124728914022,142.8348122715603,138.04986427830758,,174.87997658220493,124.01783265481413,115.55380228479481,115.57712565227027,,155.92777717444224,126.29367967246415,"rgba(38, 166, 154, 0.75)",0.0,0.0,24.726050393593525,171.57695563140757,0.21906084260816058,0.0,0.0,0.0,0.0,0.0,0.0,0.0,0.0,69.07385814928641,23.561604230862045,True,False,True,False,False,16.591189869424113,0,1.238518758086497,0.6564790858124567,False,False,False,False,0.23445611217158266,0.2794350487972638,False,False,False,False,7693081,3524328.223004522,False,False,False,False,3659445.29938718,False,False,False,False
2024-04-19 00:00:00+00:00,172.0884022264,180.5865949289,171.4128546498,180.3124596804,4276068,,,,,184.7335697818985,168.66844334615925,143.42041312015763,138.61949776676838,,174.8661320278581,124.57493867758431,116.0161083174841,116.02050822747468,,156.62408839806466,126.85432499018913,"rgba(38, 166, 154, 0.75)",0.0,0.0,24.818381173957505,175.48833656946658,-0.136992591065295,0.0,0.0,0.0,0.0,0.0,0.0,0.0,0.0,65.17720444955705,19.827746170661456,True,False,True,False,False,14.107506751670073,0,1.2106336176843762,0.7204785664467509,False,False,False,False,0.15723100756186417,0.21833302817956396,False,False,False,False,3417013,3516378.9472264093,False,False,False,False,3705121.054988129,False,False,False,False
2024-04-26 00:00:00+00:00,182.2803591427,185.3056374204,172.4506523761,172.8912268826,6379257,,,,,183.86190467735372,169.52089633227743,144.39697944037215,139.55762390988306,,175.3854172622357,125.46943822688176,116.75380233171826,116.728567856698,,157.8506980926018,127.7572987377704,"rgba(38, 166, 154, 0.5)",0.0,0.0,25.07198499593697,176.39280582314905,0.23482597490805238,0.0,0.0,0.0,0.0,0.0,0.0,0.0,0.0,64.10787286245021,18.86886935184647,False,False,True,False,False,17.418169045016697,0,1.1895026638467778,0.6978510795590671,False,False,False,False,0.17840450093594973,0.19836876455775684,False,False,False,False,9796270,3981556.062246675,False,False,False,False,3903205.199063082,False,False,False,False
2024-05-03 00:00:00+00:00,179.6075404701,180.9782167124,175.4005434605,180.8998923557,2981604,,,,,183.44885333554973,169.83106946121444,144.81912894080753,139.9675139441012,,175.53299768040662,125.86758836714178,117.08555762494974,117.04721617419244,,158.3486355517416,128.15826845319094,"rgba(38, 166, 154, 0.5)",0.0,0.0,25.25225571746045,176.43981951625727,0.12544308870008888,0.0,0.0,0.0,0.0,0.0,0.0,0.0,0.0,62.70435219354434,17.55228008134803,False,False,True,False,False,16.092847537321532,0,1.1924078268989335,0.7456975635758766,False,False,False,False,0.15392828397481365,0.17614852426628524,False,False,False,False,6814666,4191416.05763581,False,False,False,False,3834938.4435769278,False,False,False,False
2024-05-10 00:00:00+00:00,186.0692998983,188.0078277267,179.871885174,180.1362298778,3004749,,,,,183.53785690252283,170.32103317309878,145.30758958928604,140.43457078253726,,175.92882970851053,126.30767147010883,117.44847207029078,117.39592304734626,,158.9678728708324,128.60316557847446,"rgba(38, 166, 154, 0.5)",0.0,0.0,25.56337975588225,177.0400601134008,0.35320993824462926,0.0,0.0,0.0,0.0,0.0,0.0,0.0,0.0,62.7074877162096,17.546395056567803,False,False,True,False,False,18.10559218275527,0,1.185409684091523,0.7383889732178348,False,False,False,False,0.21418866008762447,0.19516859217695487,False,False,False,False,9819415,4608304.868181306,False,False,False,False,3773442.929237896,False,False,False,False
2024-05-17 00:00:00+00:00,191.1229801209,191.4104576325,184.5781999575,186.9112867329,2805795,,,,,183.89383748004252,170.8815849104602,145.80268829150228,140.9043834601433,,176.43958293140793,126.74316729670639,117.80575129629632,117.73934048806821,,159.61473431271276,129.04435443353492,"rgba(38, 166, 154, 0.5)",0.0,0.0,25.868819656038497,177.82581755312853,0.5140227789507026,0.0,0.0,0.0,0.0,0.0,0.0,0.0,0.0,63.42782112910932,17.546395056567803,False,False,True,False,False,19.615802438279346,0,1.1790627090433767,0.7466278177796313,False,False,False,False,0.26787545218812875,0.2315220221825418,False,False,False,False,12625210,5202149.692760468,False,False,False,False,3701765.3048499036,False,False,False,False
2024-05-24 00:00:00+00:00,193.6805386723,195.2740562581,191.5789789324,192.4513244848,3581468,,,,193.5111912876,184.6278383118171,171.71485749240318,146.4823386903318,141.54557251016757,,177.24842114293054,127.32964825186316,118.28497402237542,118.20015137985385,,160.5206381686654,129.639545087424,"rgba(38, 166, 154, 0.5)",0.0,0.0,26.145276267433605,179.02685773435172,0.5604714514415292,0.0,0.0,0.0,0.0,0.0,0.0,0.0,0.0,64.29266315649008,17.546395056567803,False,False,True,False,False,20.0,0,1.1816605591550682,0.7379093003147819,False,False,False,False,0.34282825283058377,0.28717513750656276,False,False,False,False,16206678,6017299.937741175,False,False,False,False,3692854.39337954,False,False,False,False
2024-05-31 00:00:00+00:00,180.8530938447,192.3521943084,177.8703659666,192.223325079,4341891,,,,188.13034727050706,184.54857325725106,172.2266691322589,147.11405996476506,142.1592657042483,,177.5984220856609,127.92351793847502,118.78309140145936,118.67947512544862,,161.24782670856462,130.23784387666018,"rgba(38, 166, 154, 0.5)",0.0,0.0,26.031931643594614,179.27593561438857,0.06058552442071656,0.0,0.0,0.0,0.0,0.0,0.0,0.0,0.0,61.88569432444101,16.63203539523468,False,True,True,False,False,14.1922010242541,0,1.0890412860092182,0.7878644326973869,False,False,False,False,0.21586164787352718,0.25151839269004495,False,False,False,False,11864787,6450447.127538125,False,False,False,False,3740931.1790551296,False,False,False,False
2024-06-07 00:00:00+00:00,189.4377671219,192.7784540669,180.2584119164,182.3003944203,3288186,,,,187.94299550413876,184.7259487362856,172.70518873012182,147.62661393438896,142.65370599547646,,177.98931068416294,128.39508327528978,119.17709310622976,119.05877615990767,,161.85708198758377,130.71379163488564,"rgba(38, 166, 154, 0.5)",0.0,0.0,26.046229795168994,179.6903950968319,0.3742335110195498,0.0,0.0,0.0,0.0,0.0,0.0,0.0,0.0,61.459083133838746,16.163173626729503,False,True,True,False,False,16.766193506115062,0,1.0800449265789869,0.7954862368097012,False,False,False,False,0.23676977416287934,0.24414408342646216,False,False,False,False,15152973,7095078.673646413,False,False,False,False,3707394.49912512,False,False,False,False
2024-06-14 00:00:00+00:00,186.1862973356,195.7137977206,184.7786488305,187.1875121173,5057161,,,,188.23827983412153,185.07944012133814,173.44973811571975,148.41683604626988,143.4165615929136,,178.61393655740278,129.12280132304696,119.7865686243591,119.64582111906225,,162.7891083282308,131.44823103904892,"rgba(38, 166, 154, 0.5)",0.0,0.0,26.062623392038557,180.35863387530054,0.22360233552235748,0.0,0.0,0.0,0.0,0.0,0.0,0.0,0.0,60.46518285876358,15.117777760289187,False,True,True,False,False,15.289082593731152,1,1.12208070395857,0.7855318107462468,False,False,False,False,0.29321054280317294,0.2686773131148176,False,False,False,False,10095812,7317355.2163392715,False,False,False,False,3807377.20289363,False,False,False,False
2024-06-21 00:00:00+00:00,192.4711505201,192.609932767,186.533252953,187.0685559056,3571507,,,,188.6522807808402,185.38798715645302,173.98735183234785,148.97887438051538,143.95926852867944,,179.07759568516164,129.6401352128153,120.22071127215538,120.06420664188937,,163.44863710655744,131.97037703742953,"rgba(38, 166, 154, 0.5)",0.0,0.0,26.320461334573423,180.8596346375884,0.44115928421281875,0.0,0.0,0.0,0.0,0.0,0.0,0.0,0.0,60.6724524490814,15.117777760289187,False,True,True,False,False,17.126465757248383,1,1.1380694255436894,0.7805812150822452,False,False,False,False,0.2828706197160221,0.27577396641541985,False,False,False,False,13667319,7787722.904017844,False,False,False,False,3789905.3360126205,False,False,False,False
2024-06-28 00:00:00+00:00,199.9554788391,202.5546720646,189.9235049863,190.4687209566,4218568,,,,190.1997994515127,186.14464906461393,174.82899887799573,149.7313967331241,144.67755222730474,,179.88558680406103,130.3084476392465,120.77663158515102,120.6001167572596,,164.37787733210587,132.64704256742033,"rgba(38, 166, 154, 0.5)",0.0,0.0,26.71779495309939,181.8245975788072,0.6786069468726706,0.0,0.0,0.0,0.0,0.0,0.0,0.0,0.0,61.8053608969235,15.117777760289187,False,True,True,False,False,19.212467929124237,1,1.1401420089688439,0.7478771811722503,False,False,False,False,0.3428282529205461,0.30930110966798297,False,False,False,False,17885887,8535735.059275782,False,False,False,False,3821658.125937612,False,False,False,False
2024-07-05 00:00:00+00:00,204.1486853013,204.2874675483,195.8285904649,198.7956557751,2373702,,,,191.20754305070653,186.66434046495755,175.35452018896973,150.17878080655095,145.10286168761817,,180.404874149109,130.70047671306708,121.10183656350956,120.91371506188412,,164.938446153258,133.04446729065458,"rgba(38, 166, 154, 0.5)",0.0,0.0,27.097310733461846,182.44857113466196,0.800821689653544,0.0,0.0,0.0,0.0,0.0,0.0,0.0,0.0,63.12599965699209,15.117777760289187,False,False,True,False,True,20.0,1,1.1855117616896014,0.7369517014237353,False,False,False,False,0.34282825288068725,0.3260646812743351,False,False,False,False,20259589,9404168.684514612,False,False,False,False,3714402.1166089,False,False,False,False
2024-07-12 00:00:00+00:00,203.3259048371,204.5452060069,197.8489625904,203.8612077897,2913360,,,,192.26971973077016,187.27523317849642,175.98328728225414,150.7225019526254,145.62065152769253,,181.02291861634558,131.17902497831182,121.49979823722346,121.29759815303437,,165.6125381318761,133.52942834638355,"rgba(38, 166, 154, 0.5)",0.0,0.0,27.52383730578476,183.17418749350668,0.7321550814194789,0.0,0.0,0.0,0.0,0.0,0.0,0.0,0.0,63.86947076979881,15.117777760289187,False,False,True,False,True,19.95497732525099,0,1.1898481246333001,0.7717866036183706,False,False,False,False,0.34282825276116374,0.3344464670177494,False,False,False,False,17346229,9992469.44862464,False,False,False,False,3655065.6635267595,False,False,False,False
2024-07-19 00:00:00+00:00,195.4946209006,203.9206858956,194.433928013,203.5439912252,3205293,,,,192.82902878319246,187.72604438012206,176.54105508586568,151.26241510531204,146.1402393211911,,181.54180491540174,131.66910625972542,121.91180818468293,121.69523875334106,,166.24851313388524,134.02473052381671,"rgba(38, 166, 154, 0.5)",0.0,0.0,27.655730275358327,183.73660127463558,0.4251567219123846,0.0,0.0,0.0,0.0,0.0,0.0,0.0,0.0,62.57953721531114,15.117777760289187,False,False,True,False,True,16.381551383554083,1,1.153656723192083,0.7966720638938061,False,False,False,False,0.301814235307749,0.3181303511627492,False,False,False,False,14140936,10299763.267245037,False,False,False,False,3621749.1699321847,False,False,False,False
2024-07-26 00:00:00+00:00,211.5933615498,213.0704011783,197.3087031289,197.4970504641,7099945,,,,195.42453433663775,189.4025705541399,178.18024218252054,152.6470151907037,147.4569547629869,,183.1811671837902,132.87943462068378,122.9194001101781,122.66801312659712,,167.96322118518415,135.25217286323,"rgba(38, 166, 154, 0.5)",0.0,0.0,28.138366792254732,185.62346494391988,0.9229354637963029,0.0,0.0,0.0,0.0,0.0,0.0,0.0,0.0,63.70187705977647,15.117777760289187,False,False,True,False,True,20.0,0,1.134382703470708,0.8051337431030722,False,False,False,False,0.34282825220867524,0.3304793016857122,False,False,False,False,21240881,11110216.432634294,False,False,False,False,3879393.3054927634,False,False,False,False
2024-08-02 00:00:00+00:00,202.9392971491,210.5871902592,200.9071285327,209.432323704,4368754,,,,196.35611566531784,190.17309049507355,179.02513937297138,153.42789193965982,148.20652035565791,,183.99557981572136,133.58062249474185,123.50955497290789,123.23823067424149,,168.8860208714206,135.961594822301,"rgba(38, 166, 154, 0.5)",0.0,0.0,28.250417747343853,186.50279767589586,0.5818143866120187,0.0,0.0,0.0,0.0,0.0,0.0,0.0,0.0,62.75472817734706,15.117777760289187,False,False,True,False,True,16.978944752326917,0,1.0925276538037705,0.8212051346401419,False,False,False,False,0.3428282521360043,0.3366537769108583,False,False,False,False,16872127,11537024.622809531,False,False,False,False,3915642.2458266327,False,False,False,False
2024-08-09 00:00:00+00:00,206.7161568704,207.1721556818,193.2344528784,193.4029741783,4719406,,,,196.9388502951478,190.79841027912022,179.79885643050198,154.20681284145644,148.96061517653033,,184.71389734360338,134.29749557266234,124.1187692703589,123.82724843587816,,169.7681306503622,136.68531898567815,"rgba(38, 166, 154, 0.5)",0.0,0.0,28.470852986418826,192.726159440757,0.491379637846345,0.0,0.0,0.0,0.0,0.0,0.0,0.0,0.0,62.54516190874513,15.117777760289187,False,False,True,False,True,17.959081633574666,0,1.0473183308222482,0.8582846364551113,False,False,False,False,0.22092047060785938,0.2787871237593588,False,False,False,False,21591533,12281803.021119937,False,False,False,False,3975180.301691327,False,False,False,False
2024-08-16 00:00:00+00:00,214.2897023482,215.2140912432,203.7224255427,205.2787693124,2735257,,,,197.69004001984615,191.38333906012718,180.38821509301837,154.72653229128107,149.45778074161464,,185.29781997430845,134.75841611082717,124.50634887700929,124.20200717994709,,170.38926801759465,137.1522080929258,"rgba(38, 166, 154, 0.5)",0.0,0.0,28.796502253687343,194.01582637947635,0.7040395319583512,0.0,0.0,0.0,0.0,0.0,0.0,0.0,0.0,63.27902947985028,15.117777760289187,False,False,True,False,True,19.86485789786144,0,1.1023277953925095,0.8263842619184324,False,False,False,False,0.3428282522086909,0.31080768798402486,False,False,False,False,24326790,13174024.278814757,False,False,False,False,3883334.131195673,False,False,False,False
2024-08-23 00:00:00+00:00,217.2437816052,218.2152573341,214.017094363,214.2797893305,4333458,,,,199.15000562842323,192.48070678270045,181.4348013882938,155.60806006905412,150.29717652734658,,186.35540740568803,135.52846082860017,125.15134774905526,124.82580146784892,,171.4620209982374,137.9333490134567,"rgba(38, 166, 154, 0.5)",0.0,0.0,29.207448085285105,195.92975190044405,0.7297463866928555,0.0,0.0,0.0,0.0,0.0,0.0,0.0,0.0,64.13124232368206,15.117777760289187,False,False,True,False,True,20.0,0,1.1394344804930123,0.8249494693665503,False,False,False,False,0.3428282525691248,0.32681797027657483,False,False,False,False,28660248,14321151.961865515,False,False,False,False,3916676.6399959936,False,False,False,False
2024-08-30 00:00:00+00:00,217.7989105931,219.3156022922,213.9823988013,215.5189165357,4309135,,,,200.43179149100334,193.50326390406605,182.43216858790348,156.4675980576484,151.1179166571497,,187.35588883811238,136.28494354513052,125.78755999402527,125.44139556508236,,172.49258653423607,138.700239184131,"rgba(38, 166, 154, 0.5)",0.0,0.0,29.63987836399913,197.26814824617708,0.6926736370099204,0.0,0.0,0.0,0.0,0.0,0.0,0.0,0.0,64.80341653325269,15.117777760289187,False,False,True,False,True,20.0,0,1.101955640183191,0.8362604769722266,False,False,False,False,0.34282825259332544,0.33482311143495014,False,False,False,False,32969383,15702502.409134736,False,False,False,False,3945747.62962592,False,False,False,False
2024-09-06 00:00:00+00:00,209.4918018099,218.6068215309,208.550065134,218.4234307045,3353788,,,,201.05447873554496,194.09080928819716,183.06778691863371,157.06821919396072,151.6971968230636,,187.97129816888616,136.8295229335136,126.25084222979005,125.88995644597016,,173.17967222728507,139.25082488394654,"rgba(38, 166, 154, 0.5)",0.0,0.0,29.865761888739257,197.7764153104149,0.3922681277353362,0.0,0.0,0.0,0.0,0.0,0.0,0.0,0.0,63.47021070131418,15.117777760289187,False,False,True,False,True,17.191380158827386,0,1.0774469714566346,0.8643202394997584,False,False,False,False,0.28783946305195296,0.31133128724345155,False,False,False,False,29615595,16733101.860309942,False,False,False,False,3901898.768172148,False,False,False,False
2024-09-13 00:00:00+00:00,219.3552543628,220.7133377796,208.9713683837,210.235278133,4102611,,,,201.98291745372083,194.9139982017716,183.9144558317933,157.83930297162428,152.43840649853962,,188.80530001958988,137.52108677868387,126.83776199194291,126.45835829534471,,174.07409954821762,139.95072818967822,"rgba(38, 166, 154, 0.5)",0.0,0.0,30.312553280911697,198.64734491211505,0.683146327489511,0.0,0.0,0.0,0.0,0.0,0.0,0.0,0.0,63.751292052528946,15.117777760289187,False,False,True,False,True,19.666167483557455,0,1.0751710071451717,0.8506383424853814,False,False,False,False,0.31025213258849393,0.3107917099159727,False,False,False,False,33718206,17991257.722509205,False,False,False,False,3916766.340900137,False,False,False,False
2024-09-20 00:00:00+00:00,226.8197566466,228.187753081,219.2263851335,221.5757703144,3220896,,,,203.0184955306674,195.7557861828366,184.71402063495495,158.51564952950207,153.08343163390703,,189.61589625585756,138.11260268570038,127.33594416869394,126.94084658900495,,174.88516769258172,140.55080078921407,"rgba(38, 166, 154, 0.5)",0.0,0.0,30.873989517353646,199.69337437530598,0.8786160355482029,0.0,0.0,0.0,0.0,0.0,0.0,0.0,0.0,64.77184957101983,15.117777760289187,False,False,True,False,True,20.0,0,1.118993190417442,0.8306574523986173,False,False,False,False,0.3428282528628915,0.32680998138943207,False,False,False,False,36939102,19394801.74306408,False,False,False,False,3865220.389722349,False,False,False,False
2024-09-27 00:00:00+00:00,226.0168022176,229.1195767393,221.3477709087,228.465317575,3928157,,,,204.20006834214067,196.74521091700237,185.6652581194705,159.33136408906398,153.86275896122362,,190.57640206374708,138.8293898332122,127.9413261964789,127.52737274082845,,175.85422637448553,141.27766176577904,"rgba(38, 166, 154, 0.5)",0.0,0.0,31.44665034521723,200.8544733428815,0.8001592728792966,0.0,0.0,0.0,0.0,0.0,0.0,0.0,0.0,65.32352038298818,11.808676562988794,False,False,True,False,True,20.0,0,1.0952173516481114,0.839424262376664,False,False,False,False,0.3428282529110303,0.33481911715023116,False,False,False,False,33010945,20403404.947281558,False,False,False,False,3869882.360854027,False,False,False,False
2024-10-04 00:00:00+00:00,218.9587336571,228.6635779278,217.5609981697,227.6028850402,3467159,,,,204.97729765385677,197.45791543407793,186.39274414599177,159.99495453511454,154.5013729208796,,191.29548878303805,139.42527909966995,128.44909695273142,128.01961174239622,,176.61663238219998,141.88072498899177,"rgba(38, 166, 154, 0.5)",0.0,0.0,31.80587321631836,201.58229464491166,0.5463279971597562,0.0,0.0,0.0,0.0,0.0,0.0,0.0,0.0,64.19531019836948,11.808676562988794,False,False,True,False,True,18.174052031993657,0,1.094663049952521,0.8354159746600518,False,False,False,False,0.3112369819764247,0.3230280495633279,False,False,False,False,29543786,21080470.21044589,False,False,False,False,3840051.0007907655,False,False,False,False
2024-10-11 00:00:00+00:00,226.1654974822,226.918886823,215.6230032209,218.492821828,3908184,,,,205.8306063795292,198.25064097079735,187.20447793623396,160.7401478870228,155.21929024551667,,192.09704230712276,140.09621934665913,129.02203009088024,128.57521106966706,,177.46779514935633,142.55959214815806,"rgba(38, 166, 154, 0.5)",0.0,0.0,32.27755466593477,202.3869734471735,0.7366891414522799,0.0,0.0,0.0,0.0,0.0,0.0,0.0,0.0,64.27629812532192,11.808676562988794,False,False,True,False,True,19.920941086979514,0,1.1249360908714654,0.8277580145636011,False,False,False,False,0.2842977878291219,0.3036629186962249,False,False,False,False,33451970,21996877.60226471,False,False,False,False,3845097.889621079,False,False,False,False
2024-10-18 00:00:00+00:00,228.4355785221,230.2100086798,225.6995856531,228.2670572222,3893873,,,,206.8396893894325,199.1497513865822,188.09108685353507,161.52606315805085,155.9736917656524,,192.98468692723335,140.7954726077075,129.61730776506712,129.1525772467586,,178.37905496335074,143.26790852325072,"rgba(38, 166, 154, 0.5)",0.0,0.0,32.7311688459383,203.3611285912485,0.7660725484285007,0.0,0.0,0.0,0.0,0.0,0.0,0.0,0.0,64.602131916638,11.808676562988794,False,False,True,False,True,20.0,0,1.1887903676483167,0.7763231278898428,False,False,False,False,0.34282825292709607,0.3232455858116605,False,False,False,False,37345843,23133838.00209695,False,False,False,False,3848710.860760258,False,False,False,False
2024-10-25 00:00:00+00:00,235.6225163119,237.9917275281,226.1357584293,227.8705365165,6890933,,,,208.7990607450683,200.87467317807042,189.75906907653012,162.97671775654246,157.3635192772032,,194.66738894264904,142.07727201369767,130.70743433422822,130.21025988191425,,180.0722706463681,144.56722529602615,"rgba(38, 166, 154, 1.0)",0.0,0.0,33.349296768658895,205.26254427699095,0.9103631853323167,0.0,0.0,0.0,0.0,0.0,0.0,0.0,0.0,65.64713998777844,12.452228552986476,True,False,True,False,True,20.0,0,1.1888609161167902,0.7642912148049347,False,False,False,False,0.3428282530406072,0.3330369194261339,False,False,False,False,44236776,24697018.59453421,False,False,False,False,4074060.648852091,False,False,False,False
2024-11-01 00:00:00+00:00,231.0823542322,240.8962416969,229.4367933038,238.7252908335,4134012,,,,209.86460291516357,201.8445578620601,190.71390870573677,163.82582631023547,158.17949506446166,,195.62460876234573,142.8339125262292,131.3539673931952,130.8378963118481,,181.04891660237902,145.3336263103323,"rgba(38, 166, 154, 0.5)",0.0,0.0,33.7395533716052,215.83665541024652,0.45186427496648723,0.0,0.0,0.0,0.0,0.0,0.0,0.0,0.0,65.36562268835392,12.452228552986476,False,False,True,False,True,20.0,0,1.1919607835191115,0.745219790131923,False,False,False,False,0.3428282529695499,0.3379325861978419,False,False,False,False,40102764,25838184.92086501,False,False,False,False,4078501.489677862,False,False,False,False
2024-11-08 00:00:00+00:00,235.4936470825,238.2811876432,226.2745406763,231.0129631087,4621137,,,,210.93239690058275,202.848743993508,191.72264380135243,164.7451873318743,159.06587385664236,,196.6285547396082,143.6609097690344,132.06398234322444,131.52748469763927,,182.09038922391628,146.17057108291323,"rgba(38, 166, 154, 1.0)",0.0,0.0,34.20213552040206,216.55567358228362,0.5537073405524519,0.0,0.0,0.0,0.0,0.0,0.0,0.0,0.0,65.68972288166768,12.685755807694541,True,False,True,False,True,20.0,0,1.1607061844689934,0.7871993886133283,False,False,False,False,0.3006549340975447,0.3192937601476933,False,False,False,False,44723901,27237126.85265279,False,False,False,False,4118696.712664687,False,False,False,False
2024-11-15 00:00:00+00:00,226.3241057645,235.5035601002,225.5409773708,235.3350388003,4888755,,,,211.76720082576603,203.70579505728352,192.63589302534209,165.63337134984542,159.92903129085053,,197.51832545067165,144.47904305743964,132.7735328442051,132.21711245630513,,183.06074808330425,146.99673312843072,"rgba(38, 166, 154, 0.5)",-1.0,239.78813,34.39166257000576,222.6701486563163,0.10624543378052491,0.0,0.0,0.0,0.0,0.0,0.0,0.0,0.0,63.94866571339139,12.685755807694541,False,False,True,False,False,17.5814038364484,0,1.1379416435931184,0.8134246180019103,False,False,False,False,0.2755306441642383,0.29741220215596575,False,False,False,False,39835146,28170313.45615999,False,False,False,False,4175738.067282118,False,False,False,False
2024-11-22 00:00:00+00:00,234.1950417715,234.7006056712,227.2658424404,227.7020152166,3527078,,,,212.41736106773268,204.35759711826057,193.31829658824427,166.28798451909046,160.56450330926774,,198.1873732095643,145.079743324483,133.29441949955773,132.7235012259673,,183.77931806177114,147.60354582741175,"rgba(38, 166, 154, 0.5)",0.0,0.0,34.77576157382439,223.27818220124084,0.31392150958604026,0.0,0.0,0.0,0.0,0.0,0.0,0.0,0.0,63.71121869325088,12.685755807694541,False,False,True,False,False,19.451080580356248,0,1.1140259589821493,0.8308854714527465,False,False,False,False,0.2820934006704401,0.2897528014132029,False,False,False,False,43362224,29295640.1631111,False,False,False,False,4127689.1734093684,False,False,False,False
2024-11-29 00:00:00+00:00,235.5332991531,235.8604287353,229.5359234802,235.1070393945,2804425,,,,212.9448050163271,204.88338180269722,193.86583222271915,166.8116970593348,161.0728963848282,,198.72523320284927,145.56013998508848,133.71130149762007,133.12887028131854,,184.35411439296436,148.08885114353149,"rgba(38, 166, 154, 0.5)",0.0,0.0,35.071557608573876,223.7868065982052,0.33492930898578466,0.0,0.0,0.0,0.0,1.0,236.1578192645,234.7006056712,171.0,63.70631587218817,12.685755807694541,False,False,True,False,False,19.763134878811087,0,1.1859124898858007,0.8138507302585771,False,False,False,False,0.30569150932563144,0.29772215536941715,False,False,False,False,46166649,30545344.521399166,False,False,False,False,4029669.6050086743,False,False,False,False
2024-12-06 00:00:00+00:00,251.9294303315,253.9021208421,236.1578192645,237.634858893,4151998,,,247.32979014603333,214.1649252721762,205.9824247316618,194.91941685518083,167.72803899136332,161.95225425247023,,199.7928753571642,146.3709201650108,134.40584637307046,133.80399256210958,,185.41084576794816,148.91073190910814,"rgba(38, 166, 154, 0.5)",1.0,272.5237,35.775399614997454,235.6486231984473,0.4550838651213162,0.0,0.0,0.0,0.0,1.0,244.1328419568,235.8604287353,155.0,65.46874870807643,12.685755807694541,False,False,True,False,True,20.0,0,1.1955512061762372,0.7505736975443004,False,False,False,False,0.342828253079874,0.3202752042246456,False,False,False,False,50318647,32010033.59388812,False,False,False,False,4038730.967600624,False,False,False,False
2024-12-13 00:00:00+00:00,251.0967368497,252.6134285488,244.1328419568,251.9889084374,4029140,,,248.29074540061066,215.33386515245132,207.04369299394045,195.93948436462796,168.61885716840425,162.80773244601818,,200.82574346042233,147.16042235215173,135.08327568533522,134.4626798157339,,186.43420970237293,149.71093820074768,"rgba(38, 166, 154, 1.0)",0.0,0.0,36.31324894602827,237.43845611275208,0.3761238978436761,0.0,0.0,0.0,0.0,0.0,0.0,0.0,0.0,66.54438933505159,13.72359746562541,True,False,True,False,True,20.0,0,1.21073195507287,0.764508378793804,False,False,False,False,0.34282825315580523,0.3315517286902254,False,False,False,False,46289507,33067772.36471122,False,False,False,False,4038020.5255561336,False,False,False,False
2024-12-20 00:00:00+00:00,245.7437073235,251.7807350669,241.0746760145,250.4127386324,6268801,,,247.38359215660677,216.85373630793197,208.48205534417548,197.36520897124635,169.9153112940855,164.05965880405213,,202.25280986435075,148.32863493379458,136.09350916738308,135.44559425263049,,187.88786359610623,150.89314053467936,"rgba(38, 166, 154, 1.0)",0.0,0.0,36.8204795116708,238.488828468801,0.1970337961622542,0.0,0.0,0.0,0.0,0.0,0.0,0.0,0.0,66.13653220409994,13.72359746562541,True,False,True,False,True,20.0,0,1.190357335275869,0.761032786835494,False,False,False,False,0.3154328852240269,0.32349230695712616,False,False,False,False,40020706,33582804.485843726,False,False,False,False,4203263.523663087,False,False,False,False
2024-12-27 00:00:00+00:00,247.9741362927,252.326446688,242.5914668438,244.4252759772,3808220,,,247.43512951797234,217.747640593839,209.3366082799438,198.21673580794896,170.69632829804897,164.81493363753728,,203.10355544343707,149.03513020883815,136.70615377867207,136.04191051317505,,188.7577522939534,151.6078460467062,"rgba(38, 166, 154, 1.0)",0.0,0.0,37.15019590997533,239.18174269683433,0.23667152704044783,0.0,0.0,0.0,0.0,0.0,0.0,0.0,0.0,66.10292321275546,13.72359746562541,True,False,True,False,True,20.0,0,1.185283488290883,0.794446262002019,False,False,False,False,0.32912639855497156,0.3263093527560489,False,False,False,False,43828926,34341776.4498553,False,False,False,False,4174001.040428784,False,False,False,False
2025-01-03 00:00:00+00:00,239.3002458567,248.1228315573,238.5964216042,244.7325795241,2680813,,,246.74010296837358,218.2337010456696,209.8310235756273,198.73279218750085,171.19727083988616,165.30292192755678,,203.61029908135177,149.49844386346996,137.11174378800797,136.43693565203867,,189.29801254300537,152.0755657599904,"rgba(38, 166, 154, 0.5)",0.0,0.0,37.27555897193055,239.1654998789711,0.00361486135809163,0.0,0.0,0.0,0.0,0.0,0.0,0.0,0.0,64.24429253915183,13.72359746562541,False,False,True,False,False,18.034814761521588,0,1.1466900856960873,0.817973372472621,False,False,False,False,0.2690492198372516,0.29767928629665025,False,False,False,False,41148113,34845949.52764379,False,False,False,False,4063394.518915541,False,False,False,False
2025-01-10 00:00:00+00:00,249.3421327272,251.6419528199,242.2840641667,243.0671925604,4484186,,,246.91929766276084,219.19105207293376,210.7673565012412,199.68048169320176,172.0864210518746,166.16569281107655,,204.5516486390689,150.3107205657424,137.8200393513344,137.12678001464053,,190.27355533215655,152.89652529995192,"rgba(38, 166, 154, 0.5)",0.0,0.0,37.48734269287622,239.83117999697154,0.25371104076779094,0.0,0.0,0.0,0.0,0.0,0.0,0.0,0.0,64.1594415092625,13.72359746562541,False,False,True,False,False,20.0,0,1.1386664214010964,0.7984534187999213,False,False,False,False,0.3217429557937322,0.3097111210451912,False,False,False,False,45632299,35644938.377447955,False,False,False,False,4094564.2582551306,False,False,False,False
2025-01-17 00:00:00+00:00,260.5438426617,262.4074899782,245.2678824767,245.7238812882,4506661,,,248.2976206149102,220.355119466083,211.86429967187962,200.75521454556946,173.05541679932904,167.101339026089,,205.63261528911517,151.18217938752537,138.5759733282424,137.86299920494545,,191.3589124981777,153.77863314640393,"rgba(38, 166, 154, 0.5)",0.0,0.0,37.99086246426581,241.21011621017672,0.5089046469979087,0.0,0.0,0.0,0.0,1.0,263.5078349364,251.6419528199,167.0,65.27313142497627,13.72359746562541,False,False,True,False,False,20.0,0,1.1580798089414295,0.7626369204773514,False,False,False,False,0.34282825303445585,0.3262696870398235,False,False,False,False,50138960,36718569.60874811,False,False,False,False,4125089.9428288247,False,False,False,False
2025-01-24 00:00:00+00:00,273.8867644066,274.9474572942,263.5078349364,264.7568751591,3910242,,270.7806855457333,250.895554016426,221.69921380481517,213.076534997576,201.8943111473188,174.0240097268823,168.02913706290508,,206.79738437100295,152.03115734011064,139.30520428116813,138.57300461731958,,192.4795541473191,154.64016868754246,"rgba(38, 166, 154, 1.0)",0.0,0.0,38.7352725684309,243.3521895553566,0.7882886275629034,0.0,0.0,0.0,0.0,1.0,265.7184378703,262.4074899782,167.0,67.22780009601806,14.434052622573759,True,False,True,False,True,20.0,0,1.2122301620333922,0.7512582985327169,False,False,False,False,0.34282825334235556,0.33454897019108953,False,False,False,False,54049202,38002320.15624825,False,False,False,False,4109175.28039706,False,False,False,False
2025-01-31 00:00:00+00:00,273.6587650009,278.0947412651,265.7184378703,270.6650336732,7517808,,271.90556422231816,254.82099250195398,224.1752236215521,215.33742362102188,204.0352287179303,175.86526183346635,169.79597497027643,,208.98046237627491,153.65301318549982,140.7027985921962,139.9343454211292,,194.59275361971416,156.2852733279435,"rgba(38, 166, 154, 1.0)",0.0,0.0,39.4084036992964,246.8361340786782,0.6806322612529646,0.0,0.0,0.0,0.0,0.0,0.0,0.0,0.0,68.57619087236068,15.70451523911494,True,False,True,False,True,20.0,0,1.209522925722769,0.7358854772334933,False,False,False,False,0.342828253382446,0.3386886117867678,False,False,False,False,46531394,38634103.40393356,False,False,False,False,4361666.59296024,False,False,False,False
2025-02-07 00:00:00+00:00,277.2076253164,281.4305708315,266.362784017,269.6935579444,5307408,,272.88702330440395,257.1160599859035,225.86619560044377,216.89831248978976,205.5227181396342,177.15691812658895,171.0373707627499,,210.49382550015804,154.79558647430395,141.69039186524418,140.89675657651568,,196.06457557280015,157.4437844893254,"rgba(38, 166, 154, 1.0)",0.0,0.0,40.09596824594676,248.99264632464892,0.7036861865682299,0.0,0.0,0.0,0.0,0.0,0.0,0.0,0.0,69.83788245019474,16.88241424320769,True,False,True,False,True,20.0,0,1.2389489279609056,0.7123876553760247,False,False,False,False,0.34282825326581184,0.3407584325262898,False,False,False,False,51838802,39612229.22586441,False,False,False,False,4431721.512000223,False,False,False,False
2025-02-14 00:00:00+00:00,288.1615098098,291.1453281198,276.4641489933,276.6128442579,4072611,,275.3081074236262,259.3748667399234,227.34468923576645,218.24361388259098,206.78487955133878,178.2269966445824,172.06229816088438,,211.78615712263212,155.7314227546071,142.4959747009289,141.68178357238057,,197.30000835962034,158.39377793238603,"rgba(38, 166, 154, 1.0)",0.0,0.0,41.04384171542236,262.6510755998125,0.6215410922511645,0.0,0.0,0.0,0.0,0.0,0.0,0.0,0.0,71.58540138372479,18.516391236523788,True,False,True,False,True,20.0,0,1.2348135747941396,0.7096680028674914,False,False,False,False,0.34282825336072115,0.3417933429435055,False,False,False,False,55911413,40819576.17209668,False,False,False,False,4405120.733333539,False,False,False,False
2025-02-21 00:00:00+00:00,280.5284862262,290.2729825674,279.2596199681,290.2035914439,3586088,,276.49085743860644,260.95778093556544,228.54609332145952,219.35268840692783,207.83746689682567,179.13540599750465,172.93475502619728,,212.85913285822747,156.53246934401824,143.18851481426987,142.35692410537322,,198.33692488433977,159.2062913102112,"rgba(38, 166, 154, 1.0)",0.0,0.0,41.554032497393976,263.60373399944274,0.40729506162413237,0.0,0.0,0.0,0.0,0.0,0.0,0.0,0.0,71.19114215845488,18.516391236523788,True,False,True,False,True,20.0,0,1.2028406397414984,0.7302308311500985,False,False,False,False,0.3428282533749671,0.34231079815923626,False,False,False,False,52325325,41671853.86305248,False,False,False,False,4344451.6419755,False,False,False,False
2025-02-28 00:00:00+00:00,272.6079851309,287.1348185727,270.5956425498,284.9001270059,6871624,,276.5542916462306,262.7343920209313,230.45034306581692,221.167855169228,209.60691011853604,180.72585872095166,174.47159945802943,,214.64418393976413,157.96153371948273,144.43534533654125,143.57331511548483,,200.107241352633,160.65315929455144,"rgba(38, 166, 154, 0.75)",0.0,0.0,41.709677681773265,264.1456075495893,0.2028876282831762,0.0,0.0,0.0,0.0,0.0,0.0,0.0,0.0,69.35265803812946,18.516391236523788,True,False,True,False,False,20.0,0,1.165984364695286,0.7547791298703658,False,False,False,False,0.28257836486189597,0.3124445815105661,False,False,False,False,45453701,41951990.68801156,False,False,False,False,4531649.594421759,False,False,False,False
2025-03-07 00:00:00+00:00,274.3923283063,285.1975175351,269.9314703678,282.9869146012,8701759,,276.5440182264472,264.44900376509486,232.64329998521586,223.2976531603256,211.71280705234219,182.6615506220535,176.34867025302387,,216.75716991010398,159.7191466060308,145.97805841485265,145.0793526356708,,202.2300056153766,162.4308795062751,"rgba(38, 166, 154, 0.75)",0.0,0.0,41.74244494434626,265.1899659003193,0.22045575955720564,0.0,0.0,0.0,0.0,-1.0,270.5956425498,267.0170431813,168.0,68.22463294512737,21.538458054539433,True,False,True,False,False,20.0,0,1.1789521452851048,0.7631041116839233,False,False,False,False,0.2682797243727228,0.29036215294164447,False,False,False,False,54155460,42855951.37778848,False,False,False,False,4840546.587427555,False,False,False,False
2025-03-14 00:00:00+00:00,261.584709514,267.0170431813,252.1970818078,266.3925230699,6930258,,274.1385974375212,264.071699760818,233.65251865265094,224.3970869450287,212.90026679064945,183.8908335513198,177.56040629668476,260.26627816769997,217.9093826200411,160.8925619840481,147.03146857211803,146.1093709571155,,203.4864566168248,163.61205859433773,"rgba(38, 166, 154, 0.5)",0.0,0.0,41.44726498141029,264.0709055546154,-0.059984562111167546,0.0,0.0,0.0,0.0,0.0,0.0,0.0,0.0,65.10351817190062,18.60231198666321,False,False,True,False,False,17.856719539999823,0,1.109690720861995,0.812508911475677,False,False,False,False,0.06859063833958667,0.17947639564061557,False,False,False,False,47225202,43179599.57202637,False,False,False,False,4995340.025395883,False,False,False,False
2025-03-21 00:00:00+00:00,270.1594697735,270.4782724209,263.2600094953,263.5970520951,8488879,,273.1925371532367,264.4591692707557,235.12234523966148,225.9284333202271,214.50189310163358,185.4910771358228,179.1316245640512,264.50525109742296,219.48209838262764,162.40159997538098,148.38158510820244,147.4296340983101,,205.15217527966675,165.1327941376083,"rgba(38, 166, 154, 0.5)",0.0,0.0,41.19209660488456,264.179448034094,0.14517400745017955,0.0,0.0,0.0,0.0,0.0,0.0,0.0,0.0,63.8699508054633,17.52315334725627,False,True,True,False,False,19.622769990588175,0,1.106929162533546,0.8199757300404644,False,False,False,False,0.14497590011919553,0.16222614787990555,False,False,False,False,55714081,44108079.6778022,False,False,False,False,5254120.690181374,False,False,False,False
2025-03-28 00:00:00+00:00,265.6688727821,277.9957102189,262.496707137,273.4208525775,4570112,,272.85165781835326,264.6758248931825,235.8796868877986,226.723119237878,215.33779806481937,186.33527500210735,179.96210084540726,265.4689611345054,220.3010999556979,163.20221310100308,149.10053915026953,148.13301427170774,,206.02413937667242,165.93916650465027,"rgba(38, 166, 154, 0.5)",0.0,0.0,40.80152978418953,264.31168632560474,0.03326312674239846,0.0,0.0,0.0,0.0,0.0,0.0,0.0,0.0,62.22823826901303,16.032359857060243,False,True,True,False,False,18.085410008232152,0,1.095300753397945,0.8036984644400751,False,False,False,False,0.18102322610472021,0.17162468699231287,False,False,False,False,51143969,44629256.664631665,False,False,False,False,5203453.379797568,False,False,False,False
2025-04-04 00:00:00+00:00,246.3384883819,270.228860897,246.2096191526,261.6441876198,6995934,,270.9088976919454,263.92362030033325,236.49273158561306,227.48428034169774,216.2351926618206,187.37379905626636,181.00164636561948,262.56276546940234,221.1442816973732,164.23989919489952,150.0535645602126,149.06683708196246,,207.01614294101444,166.97923062145,"rgba(38, 166, 154, 0.5)",0.0,0.0,40.02880681171413,263.3005886149793,-0.423747335584219,0.0,0.0,0.0,0.0,-1.0,262.496707137,259.7012361622,172.0,58.264940329775214,12.34191276884966,False,True,True,False,False,11.88480483530175,0,1.0539470298087983,0.8333523406801767,False,False,False,False,0.054110357069893665,0.11286752203110327,False,False,False,False,44148035,44593610.61539969,False,False,False,False,5336229.722034785,False,False,False,False
2025-04-11 00:00:00+00:00,256.8958521697,259.7012361622,232.4751332108,238.3089440926,13843169,,267.2734834597511,262.1441947409375,237.30988497459236,228.63592636001326,217.69494781166205,189.2037805886238,182.8521501742501,258.1984057022821,222.48116085515034,166.1243091892506,151.8088687342335,150.78885307659172,249.69074051423337,208.68488050175307,168.86267977178727,"rgba(38, 166, 154, 0.5)",0.0,0.0,39.52676752143277,259.23413489755865,-0.05915694286386454,1.0,259.70123,232.47513,0.0,0.0,0.0,0.0,0.0,56.755029341914494,11.05977377659476,False,True,True,False,False,14.14395504083743,0,1.017576935414392,0.8662215742210781,False,False,False,False,-0.11990921992099512,-0.003520848944945927,False,False,False,False,57991204,45586024.9401849,False,False,False,False,5966373.372254431,False,False,False,False
2025-04-18 00:00:00+00:00,255.1610740825,262.5066201546,254.0607291244,257.8871539338,5233145,,266.6633176125778,261.92299845188313,237.76575973855822,229.18598055418943,218.33668480139,189.95079902007086,183.6021259615526,258.08983818326516,223.08586938518732,166.87764280845164,152.50638758536556,151.4731183453187,251.7624752890444,209.3922283802926,169.6169853256795,"rgba(38, 166, 154, 0.5)",0.0,0.0,39.07324795172805,259.5139681363437,-0.11140343539450213,0.0,0.0,0.0,0.0,0.0,0.0,0.0,0.0,55.44162973807575,9.92532701593477,False,True,True,False,False,13.612132511599558,0,1.0500847609934183,0.8690979278204043,False,False,False,False,0.0077797615928129355,0.002129456323933504,False,False,False,False,52758059,46117286.72239343,False,False,False,False,5912060.159494843,False,False,False,False
2025-04-25 00:00:00+00:00,275.532325335,277.0192779812,245.4562298119,252.9702971838,10431125,,266.59186933096794,262.2596940392208,238.9968756813065,230.5449612640927,219.83011796512312,191.5795296020896,185.22537888620008,259.5508984044277,224.52412804137336,168.48470812737256,153.98357543891092,152.92195491153572,256.7964816649739,210.98960267418434,171.2292901710912,"rgba(38, 166, 154, 0.5)",0.0,0.0,39.04145355505347,261.0129183092847,0.37189719397206994,0.0,0.0,0.0,0.0,1.0,280.2872033768,262.5066201546,189.0,56.7362644741597,9.92532701593477,False,True,True,False,False,17.707741410116345,0,1.0231008364852743,0.8579271880839869,False,False,False,False,0.04375048000492561,0.02293996816442956,False,False,False,False,63189184,47381871.70591985,False,False,False,False,6246805.703235965,False,False,False,False
2025-05-02 00:00:00+00:00,299.095568268,300.0472179615,280.2872033768,282.2434382781,9401363,293.1433298687667,268.9498546206756,264.39788829108244,241.04413733947632,232.560443102212,221.84349878713826,193.50277844248876,187.1080160337305,264.34366730812764,226.53596228801547,170.27998922952239,155.59705262715022,154.50266550604252,265.57881101733363,213.0270713101455,173.04000307824796,"rgba(38, 166, 154, 0.5)",0.0,0.0,39.616496618868325,265.0123575332681,0.8603287429130971,0.0,0.0,0.0,0.0,1.0,291.0362849258,277.0192779812,176.0,59.586358696675624,9.92532701593477,False,True,True,False,True,20.0,0,1.0919215705678655,0.8150657572949931,False,False,False,False,0.34282825317361615,0.18288411066902285,False,False,False,False,72590547,49249180.98696282,False,False,False,False,6480476.614107375,False,False,False,False
2025-05-09 00:00:00+00:00,291.4129795961,300.7559987229,291.0362849258,298.2133096979,5650877,293.61576469070474,270.23962645388997,265.5965979535272,242.22981154982142,233.73451618505817,223.02176971965127,194.63829396139462,188.2213928285779,266.71776585759227,227.71122706064745,171.34521063310285,156.5576961507126,155.4442196003905,269.2340193036814,214.22230211687824,174.11385120132863,"rgba(38, 166, 154, 0.5)",0.0,0.0,40.00321375766863,266.9173529932241,0.6123414671447515,0.0,0.0,0.0,0.0,0.0,0.0,0.0,0.0,60.5634358516902,5.629798413105391,False,True,True,False,True,19.592664375702576,0,1.1288516756831943,0.8052673657880633,False,False,False,False,0.34282825328243743,0.26285618197573013,False,False,False,False,66939670,50559587.58052113,False,False,False,False,6419024.790840162,False,False,False,False
2025-05-16 00:00:00+00:00,296.41,297.45,283.5519566067,285.9509068759,6289556,293.27829313383387,271.4265615758142,266.74073818237093,243.44241652750068,234.94998683523878,224.25472758282427,195.8485766236821,189.41169619174033,268.7987760968704,228.9358450817084,172.49125844958516,157.59663624062173,156.4630402513313,272.1081648806382,215.48093572000684,175.26810736685894,"rgba(38, 166, 154, 0.5)",0.0,0.0,40.433047781338864,268.56593790001125,0.6886461354723721,0.0,0.0,0.0,0.0,0.0,0.0,0.0,0.0,61.65523923594499,6.644760196755634,False,True,True,False,True,20.0,0,1.1100645832477194,0.8086188079453853,False,False,False,False,0.28242160620899265,0.2726388940923614,False,False,False,False,73229226,52238820.05603808,False,False,False,False,6409434.5100371875,False,False,False,False
2025-05-23 00:00:00+00:00,294.87,302.2,292.05,295.86,5600697,293.92167763281907,272.55878445823134,267.8231128577069,244.55609243127387,236.06137212469375,225.3771086126615,196.9438974729544,190.48826426488887,270.64975622664656,230.05262831465686,173.52629135715657,158.53489382521963,157.38327623400554,274.5156408747191,216.62322863950544,176.31075780393246,"rgba(38, 166, 154, 0.5)",0.0,0.0,40.589240977274855,270.04254615802677,0.6116757358402848,0.0,0.0,0.0,0.0,0.0,0.0,0.0,0.0,62.2114890184931,7.190046953845126,False,True,True,False,True,19.988289455319734,0,1.1294405544091466,0.7976116979052879,False,False,False,False,0.34282825326578337,0.3077335736790724,False,False,False,False,67628529,53378798.49633156,False,False,False,False,6349528.02781221,False,False,False,False
2025-05-30 00:00:00+00:00,302.86,304.43,296.01,301.96,4580698,294.96477402844414,273.5803133202682,268.78839883384404,245.5126583304392,237.00981736508362,226.3288449861648,197.86390099851766,191.3913807839597,272.2345097612428,231.00205701270593,174.39213375280687,159.31888918782673,158.15225867729936,276.51094914331236,217.58774493698795,177.18331761330504,"rgba(38, 166, 154, 0.5)",0.0,0.0,40.83640595678536,271.3192576076702,0.7723682251985506,0.0,0.0,0.0,0.0,0.0,0.0,0.0,0.0,63.26703801534349,8.25793708082363,False,False,True,False,True,20.0,0,1.1297756030810688,0.7936371774041581,False,False,False,False,0.3428282531128037,0.325280913395938,False,False,False,False,72209227,54773645.05215885,False,False,False,False,6218503.581307601,False,False,False,False
2025-06-06 00:00:00+00:00,309.8,311.4,299.965,301.01,3984349,296.3214346070013,274.5909760231597,269.73015194499743,246.40511020272035,237.88716315646005,227.2018311216714,198.6964193035691,192.20700797835323,273.74251781738405,231.8759074939862,175.1707016128343,160.02218855358277,158.8420551430676,278.3827971444752,218.4675173430093,177.96841742572215,"rgba(38, 166, 154, 0.5)",0.0,0.0,41.21074683341411,282.50159857364946,0.6624097723028091,0.0,0.0,0.0,0.0,0.0,0.0,0.0,0.0,64.56287578228671,9.570624599743354,False,False,True,False,True,20.0,0,1.1268033216326476,0.8187949155409517,False,False,False,False,0.34282825322697363,0.3340545833114558,False,False,False,False,76193576,56360306.60385078,False,False,False,False,6053010.64935889,False,False,False,False
2025-06-13 00:00:00+00:00,293.36,306.22,292.39,302.07,6349612,296.4734198203169,275.63453047480965,270.7715129033536,247.5552522982927,239.0503502943094,228.38982250985075,199.8804056487277,193.3751659380577,275.26493137341174,233.05276281697235,176.30257224290148,161.0559853529238,159.85691182291842,280.06801742229067,219.68419834547666,179.1072939156453,"rgba(38, 166, 154, 0.5)",0.0,0.0,40.95014008332363,281.9819278054633,0.2778518503571689,0.0,0.0,0.0,0.0,-1.0,299.965,298.51,182.0,63.091773196576625,9.570624599743354,False,False,True,False,True,17.66816463356777,0,1.075288031414127,0.8237001669587167,False,False,False,False,0.2687509343350745,0.30140275882326517,False,False,False,False,69843964,57359096.04060257,False,False,False,False,6074981.11977675,False,False,False,False
2025-06-20 00:00:00+00:00,287.59,298.51,287.44,295.99,4775507,295.93133699793566,276.1533370649449,271.33479683538377,248.28398375726212,239.8065041846092,229.17982290579408,200.69734325954354,194.18584556946212,276.0019235143762,233.82838188941065,177.09760475981753,161.78870591524833,160.57675833663922,280.76496097736367,220.50433308832115,179.9058453940782,"rgba(38, 166, 154, 0.5)",0.0,0.0,40.6918896564034,281.6584000742831,0.14576860341956221,0.0,0.0,0.0,0.0,0.0,0.0,0.0,0.0,61.28633587776744,9.570624599743354,False,True,True,False,False,16.04312924436568,0,1.0704130413353192,0.8413319855293627,False,False,False,False,0.19797394402188384,0.2496883514225745,False,False,False,False,65068457,57930159.81537275,False,False,False,False,5978723.777571065,False,False,False,False
2025-06-27 00:00:00+00:00,301.09,303.25,285.485,286.6,6068908,296.0092972695129,276.9855846617342,272.1912457831627,249.28852695418203,240.8346292339809,230.2409835669196,201.77571586967352,195.25348483430582,277.14720795255766,234.87521649577448,178.13955069039702,162.74662397220723,161.51781280622956,281.9345648190416,221.59783063717296,180.95311705729276,"rgba(38, 166, 154, 0.5)",0.0,0.0,40.75916624027033,288.40261770446375,0.3112767866924865,0.0,0.0,0.0,0.0,0.0,0.0,0.0,0.0,61.23510343881746,9.570624599743354,False,True,True,False,False,18.41224670125837,0,1.0603632315930291,0.8340627894274879,False,False,False,False,0.21335339060864528,0.2315208710156099,False,False,False,False,71137365,58908471.31053032,False,False,False,False,5985404.090343579,False,False,False,False
2025-07-04 00:00:00+00:00,303.72,306.91,295.82,302.93,4156685,296.4582200912921,277.6678285295213,272.87081088582767,250.03058637116018,241.5854540959146,231.00781749648414,202.54277330343018,196.0112588514693,278.0640842587935,235.63486750038007,178.87566880333864,163.42173739815328,162.18101113155586,282.90751131217115,222.38283316653477,181.69348243562266,"rgba(38, 166, 154, 0.5)",0.0,0.0,41.02107985118761,289.5846459175596,0.34458756653211753,0.0,0.0,0.0,0.0,0.0,0.0,0.0,0.0,61.42630801762977,9.570624599743354,False,True,True,False,False,18.860697790168192,0,1.0956626197842259,0.8152071784584969,False,False,False,False,0.2900536557374081,0.260787263376509,False,False,False,False,75294050,60122217.880120665,False,False,False,False,5849943.416984795,False,False,False,False
2025-07-11 00:00:00+00:00,300.85,313.28,300.82,304.55,5953171,297.26621733924867,278.6888133526987,273.8812227185608,251.11362827626968,242.67813860737093,232.12063630652435,203.6518234393957,197.10648962258117,279.4073320332703,236.73852087494575,179.93872309119433,164.39683549528047,163.13902511118917,284.3310681088044,223.51982712404194,182.7627838137888,"rgba(38, 166, 154, 0.5)",0.0,0.0,41.205764701874266,297.5032844637378,0.08121959537641994,0.0,0.0,0.0,0.0,0.0,0.0,0.0,0.0,61.14887851855934,9.570624599743354,False,True,True,False,False,18.039664363337266,0,1.106284434750154,0.8155909131558561,False,True,False,False,0.34282825320044047,0.3018077582884747,False,False,False,False,69340879,60805081.666778386,False,False,False,False,5857589.90461555,False,False,False,False
2025-07-18 00:00:00+00:00,305.97,309.73,296.9,297.72,5023059,297.77965531903794,279.46877910550444,274.6653309855639,251.98198099394773,243.5599976812107,233.0240561232968,204.56199690894434,198.00703599905435,280.40900447602496,237.63239972323893,180.81631301151918,165.20467109209613,163.93300952560645,285.35634905796974,224.44611767658017,183.6450059023171,"rgba(38, 166, 154, 0.5)",0.0,0.0,41.518285412897555,298.01238255786313,0.1916653677529968,0.0,0.0,0.0,0.0,0.0,0.0,0.0,0.0,61.434569089126605,9.570624599743354,False,True,True,False,False,18.932456947368102,0,1.0901333452150035,0.8494698159098458,False,False,False,False,0.29808943363690615,0.2999485959626904,False,False,False,False,74363938,61809441.39516517,False,False,False,False,5795772.800569953,False,False,False,False
2025-07-25 00:00:00+00:00,288.03,308.55,285.43,306.39,11520519,297.2314203163514,280.4211748220117,275.74814632960727,253.50145088266353,245.16556778133264,234.7280043954749,206.3811440914373,199.8234089724051,281.5618676651944,239.2949710307318,182.620484850776,166.88929617059983,165.5907496366249,286.27142818569297,226.23070782091185,185.45367185315385,"rgba(38, 166, 154, 0.5)",0.0,0.0,41.31591478100483,295.8166102550535,-0.18846515431950317,0.0,0.0,0.0,0.0,-1.0,296.9,291.61,188.0,59.1792400583358,13.59288420259358,False,True,True,False,False,13.947752476256401,0,1.0226222700024719,0.8882020758890565,False,False,False,False,0.22479754739088773,0.2623730716767891,False,False,False,False,62843419,61886032.32885664,False,False,False,False,6219828.074601809,False,False,False,False
2025-08-01 00:00:00+00:00,283.0,291.61,281.03,285.27,7281390,296.22135540751555,280.6117495460632,276.0716730242132,254.21000438645254,245.95532924568943,235.6041543094118,207.3816694984737,200.83251438019892,281.747628364888,240.13526756993926,183.64374768826278,167.85943010655345,166.54664268656276,286.2050931829897,227.17189652112287,186.4764347930524,"rgba(38, 166, 154, 0.5)",0.0,0.0,41.12115153568949,293.8684241693212,-0.2643025246967702,0.0,0.0,0.0,0.0,0.0,0.0,0.0,0.0,56.957228010364375,11.363557535034005,False,True,True,False,False,12.617500045029296,0,1.0064405767212765,0.9371820232494602,False,False,False,False,0.1059625174622844,0.18416779456953675,False,False,False,False,55562029,61417587.63783022,False,False,False,False,6298462.29129797,False,False,False,False
2025-08-08 00:00:00+00:00,292.12,299.4775,281.915,284.205,6317184,295.87811871932286,280.9639081392681,276.5065350081149,254.91285566288576,246.71591243914827,236.42838107664113,208.29423840460737,201.74932812250393,282.1459531188821,240.9328717615341,184.56622422676284,168.73037942223806,167.4046821153895,286.4612522102692,228.04579997992573,187.3994457863779,"rgba(38, 166, 154, 0.5)",0.0,0.0,41.10279830498979,293.399231859772,-0.031122743767464777,0.0,0.0,0.0,0.0,0.0,0.0,0.0,0.0,56.36995998854488,10.733956578712615,False,True,True,False,False,14.297112965182194,0,1.0069903505452753,0.9264723965364022,False,False,False,False,0.1541565964574333,0.16916219551348502,False,False,False,False,61879213,61451782.109102055,False,False,False,False,6299849.084535157,False,False,False,False
2025-08-15 00:00:00+00:00,277.85,290.5,268.66,288.88,10478278,294.1685999653203,280.86113541042056,276.6203716549914,255.64948100296291,247.59232308038656,237.4507248460631,209.54894985400347,203.02825772670627,281.9400481517951,241.8948259068068,185.89120656934134,170.0073082522663,168.6647636114827,285.8734188758327,229.17439650754753,188.71970384495523,"rgba(38, 166, 154, 0.5)",0.0,0.0,40.90413194706996,290.9469357258161,-0.3201861304076455,0.0,0.0,0.0,0.0,-1.0,281.915,278.52,0.0,54.26076966548874,8.639514001749227,False,True,True,False,False,10.616607182135432,0,0.9469889555967888,0.9689318849496869,False,False,False,False,0.032608991666522966,0.10088559359000399,False,False,False,False,51400935,60707274.91583523,False,False,False,False,6609362.337532553,False,False,False,False
2025-08-22 00:00:00+00:00,271.11,278.52,268.115,275.88,7694298,292.6739356022402,280.5542524619473,276.48953843767436,256.0213156607687,248.0806795602523,238.05944903122267,210.35970804742246,203.86362127342048,281.5104651483193,242.45382781933688,186.77523520572169,170.8721533860598,169.5192772161218,285.1462049688317,229.8690458335853,189.59795126658636,#000000,0.0,0.0,40.51215053372203,288.98515318492105,-0.4412294323907066,0.0,0.0,0.0,0.0,0.0,0.0,0.0,0.0,52.030666215224,6.474242696769039,False,True,False,False,False,8.948993582922093,0,0.9388946352667147,0.9955442040285517,False,False,False,False,-0.03521775284360579,0.0328339203731991,False,False,False,False,43706637,59447968.40355114,False,False,False,False,6689727.942159771,False,False,False,False
2025-08-29 00:00:00+00:00,272.16,276.825,269.4513,273.17,6271748,291.61285675180284,280.3272007950994,276.39493173628045,256.31658765119823,248.4684611618199,238.54345123803097,211.00769217372806,204.53207350545753,281.1967392827085,242.89800533953738,187.4844931164588,171.5679607598176,170.20701245676887,284.61963187609587,230.42199754689202,190.30228272019002,#000000,0.0,0.0,40.22076246898236,287.7078178190576,-0.386561986015253,0.0,0.0,0.0,0.0,0.0,0.0,0.0,0.0,50.568608474244236,5.072347467208445,False,True,False,False,False,9.152874960454579,0,0.9620601317836955,0.9919025848615213,False,False,False,False,-0.037162021325733596,-0.0021640504762672486,False,False,False,False,49978385,58746517.78106587,False,False,False,False,6658766.464962752,False,False,False,False
2025-09-05 00:00:00+00:00,269.0,273.12,264.18,266.83,5370805,290.6133965641299,280.0439836456768,276.23049867958326,256.50129440950883,248.7374002739101,238.8996578023811,211.51637117220915,205.060974897385,280.82432489949343,243.2181134085796,188.05427757524126,172.13279987974911,170.7657809605761,284.0604951450609,230.8402008308697,190.86691637246457,#000000,0.0,0.0,39.863689038397126,286.5245258966265,-0.4396112431979569,0.0,0.0,0.0,0.0,0.0,0.0,0.0,0.0,49.16446888803402,3.720687765659335,False,True,False,False,False,8.362666949837095,0,0.9499781103176513,0.9961810855133043,False,False,False,False,-0.08594665272850521,-0.04405535160238623,False,False,False,False,44607580,57699189.05654247,False,False,False,False,6563361.912002548,False,False,False,False
2025-09-12 00:00:00+00:00,257.16,272.025,256.675,268.72,13089113,287.85216563536386,279.02473163943523,275.51790764178645,256.691540295071,249.15079343903622,239.54334333343647,212.57616490667817,206.18015999821588,279.5401867279579,243.76657815733364,189.29555325989563,173.38710520650304,172.0085193307181,282.3106527291729,231.6457726410399,192.09210023750214,#000000,0.0,0.0,39.34232979764827,283.3254135195313,-0.6650702603051065,0.0,0.0,0.0,0.0,0.0,0.0,0.0,0.0,46.892577074849974,1.5420290277395594,False,True,False,False,False,5.473556085370003,0,0.9789718387242621,0.9714909364944472,False,False,False,False,-0.133069298665821,-0.08856232513410361,False,False,False,False,31518467,55759876.3116134,False,False,False,False,7046750.88148384,False,False,False,False
2025-09-19 00:00:00+00:00,266.91,271.42,248.32,251.17,14710255,285.3476192074746,278.02383017241505,274.81143009242106,256.900038627981,249.59451333003923,240.23317053578938,213.72136680668078,207.39224212837792,278.30946836863853,244.35425686646172,190.6466011933812,174.75966789987012,173.3693325958809,280.66918767207295,232.5101864638505,193.4245874935476,#000000,0.0,0.0,38.605916172518405,280.66887154828544,-0.35639282556593377,0.0,0.0,0.0,0.0,0.0,0.0,0.0,0.0,46.59748438751218,1.261808108225857,False,True,False,False,False,7.441001305407497,0,0.9362744584593159,0.9865358135346024,False,False,False,False,-0.1828012013679494,-0.1356817632510265,False,False,False,False,46228722,55053864.88112352,False,False,False,False,7614417.853225778,False,False,False,False
2025-09-26 00:00:00+00:00,264.08,272.24,260.9224,263.83,6972457,284.4801521394656,277.6868373228161,274.5888471257802,257.0555075859125,249.85040315094454,240.59587775878347,214.28410923010412,207.98445314334836,277.90024196473007,244.67243864657001,191.30037996853727,175.42120522238642,174.025165730665,280.1129610571108,232.94975115668854,194.0701528843342,#000000,0.0,0.0,37.67040059549523,279.8378812346858,-0.41830936187522855,0.0,0.0,0.0,0.0,0.0,0.0,0.0,0.0,46.072332412127025,0.7038815205987419,False,True,False,False,False,6.755786282711288,0,0.96866899412447,1.002959407458476,False,False,False,False,-0.10855785377597285,-0.12211980851349967,False,False,False,False,39256265,53883672.29733659,False,False,False,False,7566865.197431277,False,False,False,False
2025-10-03 00:00:00+00:00,267.21,268.29,262.54,262.92,2092216,284.2381180018249,277.59146766924397,274.5261184488821,257.1024933149306,249.92687159905617,240.70384119965917,214.4514638539121,208.16062684999815,277.78516995456135,244.7672583823053,191.49503671876928,175.61841837135592,174.22071338425695,279.95699490494854,233.0804428087293,194.26233508161175,#000000,0.0,0.0,36.95621142379127,279.61145032001025,-0.3355714734337351,0.0,0.0,0.0,0.0,0.0,0.0,0.0,0.0,46.133553928754054,0.6709900715986947,False,True,False,False,False,7.389986616364492,0,1.0135600890308962,0.9932137006988956,False,False,False,False,-0.12135140728635882,-0.12173560789992924,False,False,False,False,41348481,52955139.608645,False,False,False,False,7161335.627251182,False,False,False,False
