date,Open,High,Low,Close,Volume,Gap_Up_aVWAP_846,Gap_Up_aVWAP_840,Gap_Up_aVWAP_810,Gap_Up_aVWAP_768,Gap_Up_aVWAP_750,Gap_Up_aVWAP_738,Gap_Up_aVWAP_720,Gap_Up_aVWAP_702,Gap_Up_aVWAP_684,Gap_Up_aVWAP_678,Gap_Down_aVWAP_822,Gap_Down_aVWAP_798,Gap_Down_aVWAP_756,Gap_Down_aVWAP_744,Gap_Down_aVWAP_726,Gap_Down_aVWAP_630,Gap_Down_aVWAP_582,Gap_Down_aVWAP_564,Gap_Down_aVWAP_534,Gap_Down_aVWAP_480,aVWAP_OB_bull_630,aVWAP_OB_bull_234,aVWAP_OB_bear_188,color,Liquidity,Liquidity_Level,StDev,StDev_Mean,StdDev_ZScore,OB,OB_High,OB_Low,OB_Mitigated_Index,FVG,FVG_High,FVG_Low,FVG_Mitigated_Index,QQEMOD,QQE1_Value,QQE1_Above_Upper,QQE1_Below_Lower,QQE2_Above_Threshold,QQE2_Below_Threshold,QQE2_Above_TL,banker_RSI,TTM_squeeze_Active,VI_plus,VI_minus,VI_Regular_Bullish,VI_Regular_Bearish,VI_Hidden_Bullish,VI_Hidden_Bearish,Fisher,Fisher_Signal,Fisher_Regular_Bullish,Fisher_Regular_Bearish,Fisher_Hidden_Bullish,Fisher_Hidden_Bearish,OBV,OBV_Smoothed,OBV_Regular_Bullish,OBV_Regular_Bearish,OBV_Hidden_Bullish,OBV_Hidden_Bearish,Volume_MA,Vol_Regular_Bullish,Vol_Regular_Bearish,Vol_Hidden_Bullish,Vol_Hidden_Bearish
2025-02-10 15:00:00+00:00,1.17,1.19,1.13,1.13,50844.0,,,,,,,,,,,,,,,,,,,,,,,,"rgba(38, 166, 154, 1.0)",1.0,1.1583333,,,,0.0,0.0,0.0,0.0,0.0,0.0,0.0,0.0,,,False,False,False,False,False,,0,,,False,False,False,False,,,False,False,False,False,0.0,0.0,False,False,False,False,50844.0,False,False,False,False
2025-02-10 16:00:00+00:00,1.13,1.15,1.13,1.14,21621.0,,,,,,,,,,,,,,,,,,,,,,,,"rgba(239, 83, 80, 1.0)",0.0,0.0,,,,0.0,0.0,0.0,0.0,0.0,0.0,0.0,0.0,100.0,,False,False,True,False,False,,0,,,False,False,False,False,,,False,False,False,False,21621.0,335.2093023255814,False,False,False,False,50390.93023255814,False,False,False,False
2025-02-10 17:00:00+00:00,1.14,1.16,1.14,1.155,15508.0,,,,,,,,,,,,,,,,,,,,,,,,"rgba(38, 166, 154, 1.0)",0.0,0.0,,,,0.0,0.0,0.0,0.0,0.0,0.0,0.0,0.0,100.0,50.0,False,False,True,False,True,,0,,,False,False,False,False,,,False,False,False,False,37129.0,905.6556697313863,False,False,False,False,49850.109608797546,False,False,False,False
2025-02-10 18:00:00+00:00,1.155,1.155,1.15,1.155,6228.0,,,,,,,,,,,,,,,,,,,,,,,,"rgba(38, 166, 154, 1.0)",0.0,0.0,,,,0.0,0.0,0.0,0.0,0.0,0.0,0.0,0.0,100.0,50.0,False,False,True,False,True,,0,,,False,False,False,False,,,False,False,False,False,37129.0,1467.2579074099694,False,False,False,False,49173.79783191696,False,False,False,False
2025-02-10 19:00:00+00:00,1.155,1.155,1.15,1.15,23629.0,,,,,,,,,,,,,,,,,,,,,,,,"rgba(239, 83, 80, 1.0)",0.0,0.0,,,,0.0,0.0,0.0,0.0,0.0,0.0,0.0,0.0,93.0192473427175,43.717322608445755,False,False,True,False,False,,0,,,False,False,False,False,,,False,False,False,False,13500.0,1653.8120483803575,False,False,False,False,48777.75445467794,False,False,False,False
2025-02-10 20:00:00+00:00,1.155,1.16,1.15,1.155,35874.0,,,,,,,,,,,,,,,,,,,,,,,,"rgba(38, 166, 154, 1.0)",0.0,0.0,,,,0.0,0.0,0.0,0.0,0.0,0.0,0.0,0.0,89.69648021962401,41.14567735709856,False,False,True,False,False,,0,,,False,False,False,False,,,False,False,False,False,49374.0,2393.6599235992667,False,False,False,False,48577.696246078274,False,False,False,False
2025-02-11 15:00:00+00:00,1.085,1.135,1.085,1.13,25321.0,,,,,,,,,,,,,,,,,,,,,,,,"rgba(239, 83, 80, 1.0)",0.0,0.0,,,,0.0,0.0,0.0,0.0,0.0,0.0,0.0,0.0,73.15489495254216,26.68100072914355,False,False,True,False,False,,0,,,False,False,False,False,,,False,False,False,False,24053.0,2729.463645714007,False,False,False,False,48217.12731203055,False,False,False,False
2025-02-11 16:00:00+00:00,1.13,1.135,1.1,1.105,14138.0,,,,,,,,,,,,,,,,,,,,,,,,"rgba(239, 83, 80, 1.0)",0.0,0.0,,,,0.0,0.0,0.0,0.0,0.0,0.0,0.0,0.0,57.21216620490906,13.520722154250876,False,False,False,False,False,,0,,,False,False,False,False,,,False,False,False,False,9915.0,2840.867310121542,False,False,False,False,47688.76874905333,False,False,False,False
2025-02-11 17:00:00+00:00,1.105,1.105,1.09,1.105,12186.0,,,,,,,,,,,,,,,,,,,,,,,,"rgba(38, 166, 154, 1.0)",0.0,0.0,,,,0.0,0.0,0.0,0.0,0.0,0.0,0.0,0.0,46.58368037315366,5.483510778251215,False,False,False,True,False,,0,,,False,False,False,False,,,False,False,False,False,9915.0,2950.5437859336107,False,False,False,False,47138.338225812186,False,False,False,False
2025-02-11 18:00:00+00:00,1.105,1.11,1.1,1.105,13322.0,,,,,,,,,,,,,,,,,,,,,,,,"rgba(239, 83, 80, 1.0)",0.0,0.0,,,,0.0,0.0,0.0,0.0,0.0,0.0,0.0,0.0,39.49802315198339,0.40884171467774877,False,False,False,True,False,,0,,,False,False,False,False,,,False,False,False,False,9915.0,3058.5198512679735,False,False,False,False,46614.0539122337,False,False,False,False
2025-02-11 19:00:00+00:00,1.105,1.105,1.09,1.095,2922.0,,,,,,,,,,,,,,,,,,,,,,,,"rgba(239, 83, 80, 1.0)",0.0,0.0,,,,0.0,0.0,0.0,0.0,0.0,0.0,0.0,0.0,33.31156261055301,-4.3083730942554155,False,False,False,True,False,,0,,,False,False,False,False,,,False,False,False,False,6993.0,3119.519543496377,False,False,False,False,45936.65772754791,False,False,False,False
2025-02-11 20:00:00+00:00,1.095,1.095,1.08,1.085,26761.0,,,,,,,,,,,,,,,,,,,,,,,,"rgba(239, 83, 80, 1.0)",0.0,0.0,,,,0.0,0.0,0.0,0.0,0.0,0.0,0.0,0.0,28.048745240947177,-8.599794029910115,False,False,False,True,False,,0,,,False,False,False,False,,,False,False,False,False,-19768.0,2764.674279256123,False,False,False,False,45639.36070851615,False,False,False,False
2025-02-12 15:00:00+00:00,1.05,1.075,1.04,1.065,21101.0,,,,,,,,,,,,,,,,,,,,,,,,"rgba(38, 166, 154, 1.0)",0.0,0.0,,,,0.0,0.0,0.0,0.0,0.0,0.0,0.0,0.0,22.971981546156215,-13.081246066658956,False,False,False,True,False,,0,,,False,False,False,False,,,False,False,False,False,-40869.0,2088.1832051591286,False,False,False,False,45258.921007608915,False,False,False,False
2025-02-12 16:00:00+00:00,1.06,1.09,1.05,1.09,19243.0,,,,,,,,,,,,,,,,,,,,,,,,"rgba(38, 166, 154, 1.0)",0.0,0.0,,,,0.0,0.0,0.0,0.0,0.0,0.0,0.0,0.0,27.55225406831071,-13.081246066658956,False,False,False,True,False,,0,,,False,False,False,False,,,False,False,False,False,-21626.0,1720.5214500403824,False,False,False,False,44855.57339508785,False,False,False,False
2025-02-12 17:00:00+00:00,1.085,1.1,1.07,1.09,14016.0,,,,,,,,,,,,,,,,,,,,,,,,"rgba(38, 166, 154, 1.0)",0.0,0.0,,,,0.0,0.0,0.0,0.0,0.0,0.0,0.0,0.0,30.605769083080375,-13.081246066658956,False,False,False,True,True,,0,,,False,False,False,False,,,False,False,False,False,-21626.0,1358.5598771715393,False,False,False,False,44377.44047423377,False,False,False,False
2025-02-12 18:00:00+00:00,1.085,1.09,1.07,1.07,16366.0,,,,,,,,,,,,,,,,,,,,,,,,"rgba(239, 83, 80, 1.0)",0.0,0.0,,,,0.0,0.0,0.0,0.0,0.0,0.0,0.0,0.0,29.983167964853635,-13.081246066658956,False,False,False,True,True,,0,,,False,False,False,False,,,False,False,False,False,-37992.0,748.4736775254689,False,False,False,False,43943.15457540844,False,False,False,False
2025-02-12 19:00:00+00:00,1.07,1.09,1.07,1.085,11655.0,,,,,,,,,,,,,,,,,,,,,,,,"rgba(239, 83, 80, 1.0)",0.0,0.0,,,,0.0,0.0,0.0,0.0,0.0,0.0,0.0,0.0,33.24741499158288,-13.081246066658956,False,False,False,True,True,,0,,,False,False,False,False,,,False,False,False,False,-26337.0,328.5438530677097,False,False,False,False,43442.56303160366,False,False,False,False
2025-02-12 20:00:00+00:00,1.085,1.085,1.05,1.05,36986.0,,,,,,,,,,,,,,,,,,,,,,,,"rgba(239, 83, 80, 1.0)",0.0,0.0,,,,0.0,0.0,0.0,0.0,0.0,0.0,0.0,0.0,31.591011883863843,-13.081246066658956,False,False,False,True,True,,0,,,False,False,False,False,,,False,False,False,False,-63323.0,-658.301788065123,False,False,False,False,43342.461279175695,False,False,False,False
2025-02-13 15:00:00+00:00,1.035,1.07,1.03,1.04,22337.0,,,,,,,,,,,,,,,,,,,,,,,,"rgba(239, 83, 80, 1.0)",0.0,0.0,,,,0.0,0.0,0.0,0.0,0.0,0.0,0.0,0.0,29.68539625988344,-13.081246066658956,False,False,False,True,True,,0,,,False,False,False,False,,,False,False,False,False,-85660.0,-1976.1575742966716,False,False,False,False,43016.79521283189,False,False,False,False
2025-02-13 16:00:00+00:00,1.045,1.05,1.03,1.035,26596.0,,,,,,,,,,,,,,,,,,,,,,,,"rgba(239, 83, 80, 1.0)",0.0,0.0,,,,0.0,0.0,0.0,0.0,0.0,0.0,0.0,0.0,28.021371643387297,-13.081246066658956,False,False,False,True,True,,0,,,False,False,False,False,,,False,False,False,False,-112256.0,-3685.922573144785,False,False,False,False,42762.20924053992,False,False,False,False
2025-02-13 17:00:00+00:00,1.03,1.06,1.03,1.055,10205.0,,,,,,,,,,,,,,,,,,,,,,,,"rgba(239, 83, 80, 1.0)",0.0,0.0,,,,0.0,0.0,0.0,0.0,0.0,0.0,0.0,0.0,31.18892919435138,-13.081246066658956,False,False,False,True,True,,0,,,False,False,False,False,,,False,False,False,False,-102051.0,-5210.962533251068,False,False,False,False,42257.446306578066,False,False,False,False
2025-02-13 18:00:00+00:00,1.055,1.07,1.04,1.065,7501.0,,,,,,,,,,,,,,,,,,,,,,,,"rgba(239, 83, 80, 1.0)",0.0,0.0,,,,0.0,0.0,0.0,0.0,0.0,0.0,0.0,0.0,35.121949877061574,-13.081246066658956,False,False,False,True,True,,0,,,False,False,False,False,,,False,False,False,False,-94550.0,-6596.063889324694,False,False,False,False,41718.58667391794,False,False,False,False
2025-02-13 19:00:00+00:00,1.065,1.08,1.055,1.055,16004.0,,,,,,,,,,,,,,,,,,,,,,,,"rgba(239, 83, 80, 1.0)",0.0,0.0,,,,0.0,0.0,0.0,0.0,0.0,0.0,0.0,0.0,36.4604046216422,-13.081246066658956,False,False,False,True,True,,0,,,False,False,False,False,,,False,False,False,False,-110554.0,-8207.814836777025,False,False,False,False,41319.91091153162,False,False,False,False
2025-02-13 20:00:00+00:00,1.055,1.07,1.04,1.04,36243.0,,,,,,,,,,,,,,,,,,,,,,,,"rgba(239, 83, 80, 1.0)",0.0,0.0,,,,0.0,0.0,0.0,0.0,0.0,0.0,0.0,0.0,35.63966495442731,-13.081246066658956,False,False,False,True,True,,0,,,False,False,False,False,,,False,False,False,False,-146797.0,-10356.484374191334,False,False,False,False,41241.1991144536,False,False,False,False
2025-02-14 15:00:00+00:00,1.045,1.045,1.02,1.035,19315.0,,,,,,,,,,,,,,,,,,,,,,,,"rgba(239, 83, 80, 1.0)",0.0,0.0,,1.0333333333333332,,0.0,0.0,0.0,0.0,0.0,0.0,0.0,0.0,34.5606555908354,-13.081246066658956,False,False,False,True,True,,0,,,False,False,False,False,,,False,False,False,False,-166112.0,-12771.298569940305,False,False,False,False,40901.25804291168,False,False,False,False
2025-02-14 16:00:00+00:00,1.035,1.04,1.03,1.035,2929.0,,,,,,,,,,,,,,,,,,,,,,,,"rgba(239, 83, 80, 1.0)",0.0,0.0,,1.0335527932626025,,0.0,0.0,0.0,0.0,0.0,0.0,0.0,0.0,33.841316015107466,-13.081246066658956,False,False,False,True,True,,0,,,False,False,False,False,,,False,False,False,False,-166112.0,-15148.673785910223,False,False,False,False,40312.54086395181,False,False,False,False
2025-02-14 17:00:00+00:00,1.035,1.045,1.03,1.03,11759.0,,,,,,,,,,,,,,,,,,,,,,,,"rgba(239, 83, 80, 1.0)",0.0,0.0,,1.0340532698095266,,0.0,0.0,0.0,0.0,0.0,0.0,0.0,0.0,32.75619232221241,-13.081246066658956,False,False,False,True,True,,0,,,False,False,False,False,,,False,False,False,False,-177871.0,-17671.500548919365,False,False,False,False,39869.850307921544,False,False,False,False
2025-02-14 18:00:00+00:00,1.03,1.04,1.03,1.035,2751.0,,,,,,,,,,,,,,,,,,,,,,,,"rgba(239, 83, 80, 1.0)",0.0,0.0,,1.0341241316137926,,0.0,0.0,0.0,0.0,0.0,0.0,0.0,0.0,33.40560392174477,-13.081246066658956,False,False,False,True,True,,0,,,False,False,False,False,,,False,False,False,False,-175120.0,-20112.562555912864,False,False,False,False,39294.364256635934,False,False,False,False
2025-02-14 19:00:00+00:00,1.035,1.04,1.035,1.035,170.0,,,,,,,,,,,,,,,,,,,,,,,,"rgba(239, 83, 80, 1.0)",0.0,0.0,,1.0341358375762828,,0.0,0.0,0.0,0.0,0.0,0.0,0.0,0.0,33.838544988099684,-13.081246066658956,False,False,False,True,True,,0,,,False,False,False,False,,,False,False,False,False,-175120.0,-22515.778640317316,False,False,False,False,38687.78496583537,False,False,False,False
2025-02-14 20:00:00+00:00,1.035,1.04,1.02,1.025,22711.0,,,,,,,,,,,,,,,,,,,,,,,,"rgba(239, 83, 80, 1.0)",0.0,0.0,,1.0319260501383416,,0.0,0.0,0.0,0.0,0.0,0.0,0.0,0.0,32.6166715319643,-13.081246066658956,False,False,False,True,True,,0,,,False,False,False,False,,,False,False,False,False,-197831.0,-25233.844087754256,False,False,False,False,38440.0828733418,False,False,False,False
2025-02-17 15:00:00+00:00,1.025,1.025,1.025,1.025,0.0,,,,,,,,,,,,,,,,,,,,,,,,"rgba(239, 83, 80, 1.0)",0.0,0.0,,1.0319260501383416,,0.0,0.0,0.0,0.0,0.0,0.0,0.0,0.0,31.802089227874035,-13.53981209491068,False,False,False,True,False,,1,,,False,False,False,False,,,False,False,False,False,-197831.0,-27909.76898561853,False,False,False,False,37844.112596235726,False,False,False,False
2025-02-17 16:00:00+00:00,1.025,1.025,1.025,1.025,0.0,,,,,,,,,,,,,,,,,,,,,,,,"rgba(239, 83, 80, 1.0)",0.0,0.0,,1.0319260501383416,,0.0,0.0,0.0,0.0,0.0,0.0,0.0,0.0,31.259034358480527,-14.48520855236167,False,False,False,True,False,,0,,,False,False,False,False,,,False,False,False,False,-197831.0,-30544.20667576398,False,False,False,False,37257.38216838711,False,False,False,False
2025-02-17 17:00:00+00:00,1.025,1.025,1.025,1.025,0.0,,,,,,,,,,,,,,,,,,,,,,,,"rgba(239, 83, 80, 1.0)",0.0,0.0,,1.0319260501383416,,0.0,0.0,0.0,0.0,0.0,0.0,0.0,0.0,30.896997778884852,-15.238770373920872,False,False,False,True,False,,0,,,False,False,False,False,,,False,False,False,False,-197831.0,-33137.800370713376,False,False,False,False,36679.74833631909,False,False,False,False
2025-02-17 18:00:00+00:00,1.025,1.025,1.025,1.025,0.0,,,,,,,,,,,,,,,,,,,,,,,,"rgba(239, 83, 80, 1.0)",0.0,0.0,,1.0319260501383416,,0.0,0.0,0.0,0.0,0.0,0.0,0.0,0.0,30.655640059154404,-15.861137750422706,False,False,False,True,False,,0,,,False,False,False,False,,,False,False,False,False,-197831.0,-35691.18331070231,False,False,False,False,36111.07006753895,False,False,False,False
2025-02-17 19:00:00+00:00,1.025,1.025,1.025,1.025,0.0,,,,,,,,,,,,,,,,,,,,,,,,"rgba(239, 83, 80, 1.0)",0.0,0.0,,1.0319260501383416,,0.0,0.0,0.0,0.0,0.0,0.0,0.0,0.0,30.49473491266744,-16.389127450211575,False,False,False,True,False,,0,,,False,False,False,False,,,False,False,False,False,-197831.0,-38204.97891828832,False,False,False,False,35551.20851610424,False,False,False,False
2025-02-17 20:00:00+00:00,1.025,1.025,1.025,1.025,0.0,,,,,,,,,,,,,,,,,,,,,,,,"rgba(239, 83, 80, 1.0)",0.0,0.0,,1.0319260501383416,,0.0,0.0,0.0,0.0,0.0,0.0,0.0,0.0,30.387464815009462,-16.845250157701813,False,False,False,True,False,,0,,,False,False,False,False,,,False,False,False,False,-197831.0,-40679.800950562916,False,False,False,False,35000.02698872278,False,False,False,False
2025-02-18 15:00:00+00:00,1.035,1.035,1.01,1.025,14362.0,,,,,,,,,,,,,,,,,,,,,,,,"rgba(239, 83, 80, 1.0)",0.0,0.0,,1.0302582987598596,,0.0,0.0,0.0,0.0,0.0,0.0,0.0,0.0,30.31595141657081,-17.2435692876808,False,False,False,True,False,,0,,,False,False,False,False,,,False,False,False,False,-197831.0,-43116.2536490038,False,False,False,False,34680.0575780449,False,False,False,False
2025-02-18 16:00:00+00:00,1.025,1.045,1.02,1.045,3653.0,,,,,,,,,,,,,,,,,,,,,,,,"rgba(239, 83, 80, 1.0)",0.0,0.0,,1.0336132217213994,,0.0,0.0,0.0,0.0,0.0,0.0,0.0,0.0,39.60684885997999,-13.455945340093571,False,False,False,True,True,,0,,,False,False,False,False,,,False,False,False,False,-194178.0,-45458.296228089006,False,False,False,False,34199.01792567211,False,False,False,False
2025-02-18 17:00:00+00:00,1.045,1.045,1.02,1.025,8071.0,,,,,,,,,,,,,,,,,,,,,,,,"rgba(239, 83, 80, 1.0)",0.0,0.0,,1.0308614306356128,,0.0,0.0,0.0,0.0,0.0,0.0,0.0,0.0,39.76866036767606,-13.455945340093571,False,False,False,True,True,,0,,,False,False,False,False,,,False,False,False,False,-202249.0,-47889.159852459714,False,False,False,False,33793.93237643688,False,False,False,False
2025-02-18 18:00:00+00:00,1.025,1.03,1.025,1.025,1908.0,,,,,,,,,,,,,,,,,,,,,,,,"rgba(239, 83, 80, 1.0)",0.0,0.0,,1.030368682326851,,0.0,0.0,0.0,0.0,0.0,0.0,0.0,0.0,39.87653470614012,-13.455945340093571,False,False,False,True,True,,0,,,False,False,False,False,,,False,False,False,False,-202249.0,-50282.335668700645,False,False,False,False,33299.57683571693,False,False,False,False
2025-02-18 19:00:00+00:00,1.025,1.03,1.02,1.025,15858.0,,,,,,,,,,,,,,,,,,,,,,,,"rgba(239, 83, 80, 1.0)",0.0,0.0,,1.0280662697690917,,0.0,0.0,0.0,0.0,0.0,0.0,0.0,0.0,39.948450931782816,-13.38080995754838,False,False,False,True,True,,0,,,False,False,False,False,,,False,False,False,False,-202249.0,-52638.407983914585,False,False,False,False,33029.16479175233,False,False,False,False
2025-02-18 20:00:00+00:00,1.025,1.025,1.01,1.015,63067.0,,,,,,,,,,,,,,,,,,,,,,,,"rgba(239, 83, 80, 1.0)",0.0,0.0,,1.0215095720436433,,0.0,0.0,0.0,0.0,0.0,0.0,0.0,0.0,37.57390695054169,-13.38080995754838,False,True,False,True,False,,0,,,False,False,False,False,,,False,False,False,False,-265316.0,-55935.7349919159,False,False,False,False,33494.86766319803,False,False,False,False
2025-02-19 15:00:00+00:00,0.9623,1.0099,0.96,0.9737,39645.0,,,,,,,,,,,,,,,,,,,,,,,,"rgba(239, 83, 80, 1.0)",0.0,0.0,,1.0108728026602607,,0.0,0.0,0.0,0.0,0.0,0.0,0.0,0.0,30.988635858187692,-15.080957020604039,False,True,False,True,False,,0,,,False,False,False,False,,,False,False,False,False,-304961.0,-59796.591813746665,False,False,False,False,33590.21855214069,False,False,False,False
2025-02-19 16:00:00+00:00,0.9742,1.015,0.9672,1.015,21901.0,,,,,,,,,,,,,,,,,,,,,,,,"rgba(239, 83, 80, 1.0)",0.0,0.0,,1.0094503231284595,,0.0,0.0,0.0,0.0,0.0,0.0,0.0,0.0,35.90251499115483,-18.71648152361718,False,True,False,True,True,,0,,,False,False,False,False,,,False,False,False,False,-283060.0,-63258.04000268083,False,False,False,False,33408.990357533854,False,False,False,False
2025-02-19 17:00:00+00:00,1.015,1.02,1.015,1.015,9907.0,,,,,,,,,,,,,,,,,,,,,,,,"rgba(239, 83, 80, 1.0)",0.0,0.0,,1.0098784414436315,,0.0,0.0,0.0,0.0,0.0,0.0,0.0,0.0,39.178434413132926,-16.02409139512681,False,False,False,True,True,,0,,,False,False,False,False,,,False,False,False,False,-283060.0,-66665.82232822066,False,False,False,False,33044.618414006196,False,False,False,False
2025-02-19 18:00:00+00:00,1.015,1.04,1.015,1.025,5342.0,,,,,,,,,,,,,,,,,,,,,,,,"rgba(38, 166, 154, 1.0)",0.0,0.0,,1.0103744691131331,,0.0,0.0,0.0,0.0,0.0,0.0,0.0,0.0,43.067708507246905,-12.68910242592598,True,False,False,True,True,,0,,,False,False,False,False,,,False,False,False,False,-277718.0,-69937.94911382964,False,False,False,False,32615.12045409912,False,False,False,False
2025-02-19 19:00:00+00:00,1.02,1.025,1.01,1.015,11402.0,,,,,,,,,,,,,,,,,,,,,,,,"rgba(38, 166, 154, 1.0)",0.0,0.0,,1.010765203147287,,0.0,0.0,0.0,0.0,0.0,0.0,0.0,0.0,44.035436879107664,-11.942616933868798,True,False,False,True,True,,0,,,False,False,False,False,,,False,False,False,False,-289120.0,-73336.12044539818,False,False,False,False,32286.234865663475,False,False,False,False
2025-02-19 20:00:00+00:00,1.015,1.02,0.995,1.01,15971.0,,,,,,,,,,,,,,,,,,,,,,,,"rgba(38, 166, 154, 1.0)",0.0,0.0,,1.0106177951308986,,0.0,0.0,0.0,0.0,0.0,0.0,0.0,0.0,43.89640440304365,-11.942616933868798,True,False,False,True,True,,0,,,False,False,False,False,,,False,False,False,False,-305091.0,-76929.21935322146,False,False,False,False,32033.28548790125,False,False,False,False
2025-02-20 15:00:00+00:00,0.9588,0.9798,0.9384,0.962,33599.0,,,,,,,,,,,,,,,,,,,,,,,,"rgba(239, 83, 80, 1.0)",0.0,0.0,,1.0038516428239121,,0.0,0.0,0.0,0.0,0.0,0.0,0.0,0.0,38.62831546010038,-11.942616933868798,True,False,False,True,False,,0,,,False,False,False,False,,,False,False,False,False,-338690.0,-80987.5260299157,False,False,False,False,32057.56013149968,False,False,False,False
2025-02-20 16:00:00+00:00,0.9473,0.9696,0.9473,0.9545,13403.0,,,,,,,,,,,,,,,,,,,,,,,,"rgba(239, 83, 80, 1.0)",0.0,0.0,,1.0014902289212468,,0.0,0.0,0.0,0.0,0.0,0.0,0.0,0.0,34.56484636013397,-8.990133329301216,False,True,False,True,False,0.0,0,,,False,False,False,False,,,False,False,False,False,-352093.0,-85190.71167286273,False,False,False,False,31768.3421449648,False,False,False,False
2025-02-20 17:00:00+00:00,0.9542,0.97,0.9158,0.9313,13192.0,,,,,,,,,,,,,,,,,,,,,,,,"rgba(239, 83, 80, 1.0)",0.0,0.0,,0.998526705629716,,0.0,0.0,0.0,0.0,0.0,0.0,0.0,0.0,30.357090638947884,-12.83454482214843,False,True,False,True,False,0.0,0,,,False,False,False,False,,,False,False,False,False,-365285.0,-89533.25877870982,False,False,False,False,31480.336840391705,False,False,False,False
2025-02-20 18:00:00+00:00,0.9313,0.9896,0.9164,0.9896,14314.0,,,,,,,,,,,,,,,,,,,,,,,,"rgba(239, 83, 80, 1.0)",0.0,0.0,,0.9969061759346811,,0.0,0.0,0.0,0.0,0.0,0.0,0.0,0.0,36.00016134303737,-12.83454482214843,False,False,False,True,True,0.0,0,,,False,False,False,False,,,False,False,False,False,-350971.0,-93586.55709221818,False,False,False,False,31214.19208317633,False,False,False,False
2025-02-20 19:00:00+00:00,0.9905,0.9924,0.9575,0.9575,30606.0,,,,,,,,,,,,,,,,,,,,,,,,"rgba(239, 83, 80, 1.0)",0.0,0.0,,0.9942998219317416,,0.0,0.0,0.0,0.0,0.0,0.0,0.0,0.0,37.12293590030483,-12.83454482214843,True,False,False,True,True,0.0,0,,,False,False,False,False,,,False,False,False,False,-381577.0,-98051.52519931557,False,False,False,False,31204.762748553443,False,False,False,False
2025-02-20 20:00:00+00:00,0.958,0.9781,0.9386,0.95,40827.0,,,,,,,,,,,,,,,,,,,,,,,,"rgba(239, 83, 80, 1.0)",0.0,0.0,,0.9899795353438577,,0.0,0.0,0.0,0.0,0.0,0.0,0.0,0.0,37.318228893881255,-19.988303527877072,True,False,False,True,True,0.0,0,,,False,False,False,False,,,False,False,False,False,-422404.0,-103080.24573886106,False,False,False,False,31353.944721444084,False,False,False,False
2025-02-21 15:00:00+00:00,0.945,0.9494,0.91,0.9412,40425.0,,,,,,,,,,,,,,,,,,,,,,,,"rgba(239, 83, 80, 1.0)",0.0,0.0,,0.9843561716037553,,0.0,0.0,0.0,0.0,0.0,0.0,0.0,0.0,36.78582695373295,-19.988303527877072,True,False,False,True,True,0.0,0,,,False,False,False,False,,,False,False,False,False,-462829.0,-108657.74580492523,False,False,False,False,31494.58123739069,False,False,False,False
2025-02-21 16:00:00+00:00,0.9405,0.9445,0.9125,0.9125,13849.0,,,,,,,,,,,,,,,,,,,,,,,,"rgba(239, 83, 80, 1.0)",0.0,0.0,,0.9823366847628381,,0.0,0.0,0.0,0.0,0.0,0.0,0.0,0.0,34.50117993350615,-19.988303527877072,False,True,False,True,True,0.0,0,,,False,False,False,False,,,False,False,False,False,-476678.0,-114363.48618004266,False,False,False,False,31221.006334485406,False,False,False,False
2025-02-21 17:00:00+00:00,0.9125,0.9435,0.8831,0.8966,19556.0,,,,,,,,,,,,,,,,,,,,,,,,"rgba(239, 83, 80, 1.0)",0.0,0.0,,0.979012898115526,,0.0,0.0,0.0,0.0,0.0,0.0,0.0,0.0,32.0627473256125,-19.988303527877072,False,True,False,True,False,0.0,0,,,False,False,False,False,,,False,False,False,False,-496234.0,-120283.95926252262,False,False,False,False,31040.153523098033,False,False,False,False
2025-02-21 18:00:00+00:00,0.8966,0.9071,0.8801,0.8952,11894.0,,,,,,,,,,,,,,,,,,,,,,,,"rgba(239, 83, 80, 1.0)",0.0,0.0,,0.9767730709825396,,0.0,0.0,0.0,0.0,0.0,0.0,0.0,0.0,30.355515511885113,-19.988303527877072,False,True,False,True,False,0.0,0,,,False,False,False,False,,,False,False,False,False,-508128.0,-126297.04516542924,False,False,False,False,30743.31393359264,False,False,False,False
2025-02-21 19:00:00+00:00,0.8958,0.9012,0.8861,0.8935,3104.0,,,,,,,,,,,,,,,,,,,,,,,,"rgba(239, 83, 80, 1.0)",0.0,0.0,,0.9762043071996973,,0.0,0.0,0.0,0.0,0.0,0.0,0.0,0.0,29.10822247065789,-14.897605732954915,False,True,False,True,False,0.0,0,,,False,False,False,False,,,False,False,False,False,-511232.0,-132265.02896131406,False,False,False,False,30314.79743849818,False,False,False,False
2025-02-21 20:00:00+00:00,0.8935,0.9187,0.8838,0.8938,7099.0,,,,,,,,,,,,,,,,,,,,,,,,"rgba(239, 83, 80, 1.0)",0.0,0.0,,0.9750123034374963,,0.0,0.0,0.0,0.0,0.0,0.0,0.0,0.0,28.33557232245089,-16.001791080745555,False,True,False,True,False,0.0,0,,,False,False,False,False,,,False,False,False,False,-504133.0,-138030.42386113864,False,False,False,False,29954.862594490456,False,False,False,False
2025-02-24 15:00:00+00:00,0.826,0.8824,0.8087,0.8514,65650.0,,,,,,,,,,,,,,,,,,,,,,,,"rgba(239, 83, 80, 1.0)",0.0,0.0,,0.9312086328090531,,0.0,0.0,0.0,0.0,0.0,0.0,0.0,0.0,25.348818974587704,-19.128557085428092,False,True,False,True,False,0.0,0,,,False,False,False,False,,,False,False,False,False,-569783.0,-144724.26225088842,False,False,False,False,30508.27557752161,False,False,False,False
2025-02-24 16:00:00+00:00,0.8523,0.9153,0.8439,0.8836,14283.0,,,,,,,,,,,,,,,,,,,,,,,,"rgba(239, 83, 80, 1.0)",0.0,0.0,,0.9311562664568261,,0.0,0.0,0.0,0.0,0.0,0.0,0.0,0.0,28.497350081373565,-19.128557085428092,False,True,False,True,True,0.0,0,,,False,False,False,False,,,False,False,False,False,-555500.0,-151092.87834002194,False,False,False,False,30256.720917404993,False,False,False,False
2025-02-24 17:00:00+00:00,0.8999,0.9346,0.8872,0.9132,11475.0,,,,,,,,,,,,,,,,,,,,,,,,"rgba(239, 83, 80, 1.0)",0.0,0.0,,0.9322784943237903,,0.0,0.0,0.0,0.0,0.0,0.0,0.0,0.0,34.18531202679783,-21.692147234473165,False,False,False,True,True,0.0,0,,,False,False,False,False,,,False,False,False,False,-544025.0,-157184.8492184712,False,False,False,False,29965.53144581732,False,False,False,False
2025-02-24 18:00:00+00:00,0.9132,0.9375,0.8953,0.9317,16798.0,,,,,,,,,,,,,,,,,,,,,,,,"rgba(239, 83, 80, 1.0)",0.0,0.0,,0.9338736320260593,,0.0,0.0,0.0,0.0,0.0,0.0,0.0,0.0,39.86492545849923,-16.569713747377122,True,False,False,True,True,0.0,0,,,False,False,False,False,,,False,False,False,False,-527227.0,-162921.93682748717,False,False,False,False,29761.383671463565,False,False,False,False
2025-02-24 19:00:00+00:00,0.932,0.9424,0.9168,0.9194,10041.0,,,,,,,,,,,,,,,,,,,,,,,,"rgba(239, 83, 80, 1.0)",0.0,0.0,,0.9346894364063867,,0.0,0.0,0.0,0.0,0.0,0.0,0.0,0.0,42.41871107055582,-14.370516292838559,True,False,False,True,True,0.0,0,,,False,False,False,False,,,False,False,False,False,-537268.0,-168725.75176039434,False,False,False,False,29455.641288960254,False,False,False,False
2025-02-24 20:00:00+00:00,0.9215,0.9569,0.8988,0.912,30967.0,,,,,,,,,,,,,,,,,,,,,,,,"rgba(239, 83, 80, 1.0)",0.0,0.0,,0.933271649827922,,0.0,0.0,0.0,0.0,0.0,0.0,0.0,0.0,43.38324402438013,-13.457803960672443,True,False,False,True,True,0.0,0,,,False,False,False,False,,,False,False,False,False,-568235.0,-174919.6935935665,False,False,False,False,29479.073206960868,False,False,False,False
2025-02-25 15:00:00+00:00,0.835,0.8757,0.8152,0.8542,20752.0,,,,,,,,,,,,,,,,,,,,,,,,"rgba(239, 83, 80, 1.0)",0.0,0.0,,0.9243637665919309,,0.0,0.0,0.0,0.0,0.0,0.0,0.0,0.0,39.639289102196265,-13.457803960672443,True,False,False,True,False,0.0,1,,,False,False,False,False,,,False,False,False,False,-588987.0,-181339.34175490655,False,False,False,False,29343.76974638783,False,False,False,False
2025-02-25 16:00:00+00:00,0.852,0.8775,0.8507,0.8728,12562.0,,,,,,,,,,,,,,,,,,,,,,,,"rgba(239, 83, 80, 1.0)",0.0,0.0,,0.9222059877269944,,0.0,0.0,0.0,0.0,0.0,0.0,0.0,0.0,39.29514285753644,-13.457803960672443,True,False,False,True,False,0.0,1,,,False,False,False,False,,,False,False,False,False,-576425.0,-187464.70079746612,False,False,False,False,29083.587269699645,False,False,False,False
2025-02-25 17:00:00+00:00,0.8728,0.9178,0.8604,0.9134,15036.0,,,,,,,,,,,,,,,,,,,,,,,,"rgba(239, 83, 80, 1.0)",0.0,0.0,,0.9221413234232669,,0.0,0.0,0.0,0.0,0.0,0.0,0.0,0.0,42.94151540887036,-13.457803960672443,True,False,False,True,True,0.0,1,,,False,False,False,False,,,False,False,False,False,-561389.0,-193261.97675409453,False,False,False,False,28865.795219006624,False,False,False,False
2025-02-25 18:00:00+00:00,0.9133,0.9136,0.8639,0.8771,6865.0,,,,,,,,,,,,,,,,,,,,,,,,"rgba(239, 83, 80, 1.0)",0.0,0.0,,0.9217116890055511,,0.0,0.0,0.0,0.0,0.0,0.0,0.0,0.0,42.69298229803433,-13.457803960672443,True,False,False,True,True,0.0,1,,,False,False,False,False,,,False,False,False,False,-568254.0,-199075.8065718605,False,False,False,False,28524.69761871195,False,False,False,False
2025-02-25 19:00:00+00:00,0.8763,0.8781,0.8391,0.8514,10765.0,,,,,,,,,,,,,,,,,,,,,,,,"rgba(239, 83, 80, 1.0)",0.0,0.0,,0.9198737924847746,,0.0,0.0,0.0,0.0,0.0,0.0,0.0,0.0,40.937294599952246,-13.457803960672443,True,False,False,True,True,0.0,1,,,False,False,False,False,,,False,False,False,False,-579019.0,-204966.39871803322,False,False,False,False,28249.353469584632,False,False,False,False
2025-02-25 20:00:00+00:00,0.8515,0.8589,0.8115,0.8514,27308.0,,,,,,,,,,,,,,,,,,,,,,,,"rgba(239, 83, 80, 1.0)",0.0,0.0,,0.914596513049623,,0.0,0.0,0.0,0.0,0.0,0.0,0.0,0.0,39.76683613456419,-13.457803960672443,True,False,False,True,False,0.0,1,,,False,False,False,False,,,False,False,False,False,-579019.0,-210765.66385418773,False,False,False,False,28234.75884214921,False,False,False,False
2025-02-26 15:00:00+00:00,0.7955,0.8167,0.765,0.7896,79995.0,,,,,,,,,,,,,,,,,,,,,,,,"rgba(239, 83, 80, 1.0)",0.0,0.0,,0.8945131596845313,,0.0,0.0,0.0,0.0,0.0,0.0,0.0,0.0,35.79317461436075,-8.228665938513167,False,False,False,True,False,0.0,0,,,False,False,False,False,,,False,False,False,False,-659014.0,-217715.25046109955,False,False,False,False,29037.243201185654,False,False,False,False
2025-02-26 16:00:00+00:00,0.7937,0.8585,0.79,0.8072,65482.0,,,,,,,,,,,,,,,,,,,,,,,,"rgba(239, 83, 80, 1.0)",0.0,0.0,,0.8872223752109628,,0.0,0.0,0.0,0.0,0.0,0.0,0.0,0.0,34.96704370895496,-9.231417178907343,False,False,False,True,False,0.0,0,,,False,False,False,False,,,False,False,False,False,-593532.0,-223541.8667330205,False,False,False,False,29602.27819031456,False,False,False,False
2025-02-26 17:00:00+00:00,0.8072,0.8175,0.792,0.7983,12947.0,,,,,,,,,,,,,,,,,,,,,,,,"rgba(239, 83, 80, 1.0)",0.0,0.0,0.09157188889629841,0.8855860563260803,-0.9531970714825854,0.0,0.0,0.0,0.0,0.0,0.0,0.0,0.0,33.95724746213956,-10.485332379919278,False,True,False,True,False,0.0,0,,,False,False,False,False,,,False,False,False,False,-606479.0,-229478.87655111318,False,False,False,False,29344.05682302286,False,False,False,False
2025-02-26 18:00:00+00:00,0.7983,0.8056,0.7848,0.7873,30489.0,,,,,,,,,,,,,,,,,,,,,,,,"rgba(239, 83, 80, 1.0)",0.0,0.0,0.09353533064719056,0.8814793089015189,-1.0068848663908339,0.0,0.0,0.0,0.0,0.0,0.0,0.0,0.0,32.705417041534055,-11.990512695467665,False,True,False,True,False,0.0,0,,,False,False,False,False,,,False,False,False,False,-636968.0,-235796.5373797781,False,False,False,False,29361.807880030254,False,False,False,False
2025-02-26 19:00:00+00:00,0.7873,0.7969,0.7746,0.7756,14907.0,,,,,,,,,,,,,,,,,,,,,,,,"rgba(239, 83, 80, 1.0)",0.0,0.0,0.09537957786588207,0.8793654774413977,-1.0879213324607864,0.0,0.0,0.0,0.0,0.0,0.0,0.0,0.0,31.256093075572572,-13.669211008116378,False,True,False,True,False,0.0,0,,,False,False,False,False,,,False,False,False,False,-651875.0,-242247.366257611,False,False,False,False,29137.702331502653,False,False,False,False
2025-02-26 20:00:00+00:00,0.7731,0.8,0.7658,0.8,54202.0,,,,,,,,,,,,,,,,,,,,,,,,"rgba(239, 83, 80, 1.0)",0.0,0.0,0.09592524726610324,0.8730265486767987,-0.7612860092423637,0.0,0.0,0.0,0.0,0.0,0.0,0.0,0.0,33.28254869134369,-13.669211008116378,False,True,False,True,False,0.0,0,,,False,False,False,False,,,False,False,False,False,-597673.0,-247757.84119935345,False,False,False,False,29526.296093804936,False,False,False,False
2025-02-27 15:00:00+00:00,0.7017,0.739,0.6655,0.6678,83022.0,,,,,,,,,,,,,,,,,,,,,,,,"rgba(239, 83, 80, 1.0)",0.0,0.0,0.10070432419569529,0.8541159476636105,-1.8501285734418826,0.0,0.0,0.0,0.0,0.0,0.0,0.0,0.0,29.244074268753707,-15.715797180456931,False,True,False,True,False,0.0,0,,,False,False,False,False,,,False,False,False,False,-680695.0,-254470.04521176658,False,False,False,False,30355.68685204052,False,False,False,False
2025-02-27 16:00:00+00:00,0.6676,0.6988,0.6676,0.6855,25993.0,,,,,,,,,,,,,,,,,,,,,,,,"rgba(239, 83, 80, 1.0)",0.0,0.0,0.1042972465237334,0.8488458036680152,-1.5661564337735896,0.0,0.0,0.0,0.0,0.0,0.0,0.0,0.0,28.16085193084592,-16.820254752088097,False,True,False,True,False,0.0,0,,,False,False,False,False,,,False,False,False,False,-654702.0,-260675.1917976307,False,False,False,False,30288.048296194927,False,False,False,False
2025-02-27 17:00:00+00:00,0.6855,0.6965,0.6777,0.6932,12455.0,,,,,,,,,,,,,,,,,,,,,,,,"rgba(239, 83, 80, 1.0)",0.0,0.0,0.1070227045036672,0.8465300324200082,-1.4326869530264417,0.0,0.0,0.0,0.0,0.0,0.0,0.0,0.0,28.156472560104124,-17.038542468021312,False,True,False,True,False,0.0,0,,,False,False,False,False,,,False,False,False,False,-642247.0,-266591.0337852643,False,False,False,False,30011.566927261672,False,False,False,False
2025-02-27 18:00:00+00:00,0.6936,0.721,0.6845,0.7024,14509.0,,,,,,,,,,,,,,,,,,,,,,,,"rgba(239, 83, 80, 1.0)",0.0,0.0,0.10958979965027481,0.844169306838392,-1.2936359705995362,0.0,0.0,0.0,0.0,0.0,0.0,0.0,0.0,29.055017506029174,-17.038542468021312,False,True,False,True,False,0.0,0,,,False,False,False,False,,,False,False,False,False,-627738.0,-272190.2115560354,False,False,False,False,29771.217052420405,False,False,False,False
2025-02-27 19:00:00+00:00,0.6913,0.7226,0.6832,0.7002,21782.0,,,,,,,,,,,,,,,,,,,,,,,,"rgba(239, 83, 80, 1.0)",0.0,0.0,0.11235843484617017,0.8407653547055134,-1.2510440795829991,0.0,0.0,0.0,0.0,0.0,0.0,0.0,0.0,29.55096022715886,-17.038542468021312,False,True,False,True,False,0.0,0,,,False,False,False,False,,,False,False,False,False,-649520.0,-278040.2857954767,False,False,False,False,29647.35322215032,False,False,False,False
2025-02-27 20:00:00+00:00,0.6882,0.7031,0.6757,0.6954,12779.0,,,,,,,,,,,,,,,,,,,,,,,,"rgba(239, 83, 80, 1.0)",0.0,0.0,0.11494634627739372,0.8386895197714347,-1.2465774199176538,0.0,0.0,0.0,0.0,0.0,0.0,0.0,0.0,29.637108076626845,-17.038542468021312,False,True,False,True,False,0.0,0,,,False,False,False,False,,,False,False,False,False,-662299.0,-283997.78524050803,False,False,False,False,29385.828365992948,False,False,False,False
2025-02-28 15:00:00+00:00,0.6175,0.6825,0.6157,0.6721,103081.0,,,,,,,,,,,,,,,,,,,,,,,,"rgba(239, 83, 80, 1.0)",0.0,0.0,0.11791929156216342,0.8202469869361189,-1.256342240302727,0.0,0.0,0.0,0.0,0.0,0.0,0.0,0.0,28.542571859723687,-17.79270248143439,False,True,False,True,False,0.0,0,,,False,False,False,False,,,False,False,False,False,-765380.0,-291461.075391818,False,False,False,False,30528.389166520188,False,False,False,False
2025-02-28 16:00:00+00:00,0.674,0.6762,0.6045,0.6678,44469.0,,,,,,,,,,,,,,,,,,,,,,,,"rgba(239, 83, 80, 1.0)",0.0,0.0,0.12084903682239624,0.8131543413758211,-1.2027761676697408,0.0,0.0,0.0,0.0,0.0,0.0,0.0,0.0,27.606409156924755,-18.95409631182177,False,True,False,True,False,0.0,0,,,False,False,False,False,,,False,False,False,False,-809849.0,-299498.0974787666,False,False,False,False,30744.522667814446,False,False,False,False
2025-02-28 17:00:00+00:00,0.6678,0.6732,0.6555,0.657,15112.0,,,,,,,,,,,,,,,,,,,,,,,,"rgba(239, 83, 80, 1.0)",0.0,0.0,0.12393418497495107,0.8110695929539373,-1.2431565430077023,0.0,0.0,0.0,0.0,0.0,0.0,0.0,0.0,26.448088451988266,-20.278312649171355,False,True,False,True,False,0.0,0,,,False,False,False,False,,,False,False,False,False,-824961.0,-307644.8091457624,False,False,False,False,30502.157975290193,False,False,False,False
2025-02-28 18:00:00+00:00,0.657,0.67,0.6494,0.6682,8275.0,,,,,,,,,,,,,,,,,,,,,,,,"rgba(239, 83, 80, 1.0)",0.0,0.0,0.12668086215382346,0.8099589038936159,-1.1190238326724031,0.0,0.0,0.0,0.0,0.0,0.0,0.0,0.0,27.3888579593578,-20.278312649171355,False,True,False,True,False,0.0,0,,,False,False,False,False,,,False,False,False,False,-816686.0,-315536.9206318746,False,False,False,False,30157.550874898097,False,False,False,False
2025-02-28 19:00:00+00:00,0.664,0.6802,0.6602,0.6747,31534.0,,,,,,,,,,,,,,,,,,,,,,,,"rgba(239, 83, 80, 1.0)",0.0,0.0,0.12857270783490554,0.8061561999980263,-1.022426938124562,0.0,0.0,0.0,0.0,0.0,0.0,0.0,0.0,29.01453433291907,-20.278312649171355,False,True,False,True,True,0.0,0,,,False,False,False,False,,,False,False,False,False,-785152.0,-322817.77457556647,False,False,False,False,30178.891171411306,False,False,False,False
2025-02-28 20:00:00+00:00,0.6753,0.6887,0.6579,0.6634,33834.0,,,,,,,,,,,,,,,,,,,,,,,,"rgba(239, 83, 80, 1.0)",0.0,0.0,0.1304891235397117,0.8022624073214155,-1.064168442200898,0.0,0.0,0.0,0.0,0.0,0.0,0.0,0.0,29.275608892287703,-20.278312649171355,False,True,False,True,True,0.0,0,,,False,False,False,False,,,False,False,False,False,-818986.0,-330510.3052023018,False,False,False,False,30235.559525342913,False,False,False,False
2025-03-03 15:00:00+00:00,0.6202,0.644,0.6202,0.637,15744.0,,,,,,,,,,,,,,,,,,,,,,,,"rgba(239, 83, 80, 1.0)",0.0,0.0,0.13317570407155704,0.8000164399507319,-1.2240704195049048,0.0,0.0,0.0,0.0,0.0,0.0,0.0,0.0,27.78699720158043,-20.278312649171355,False,True,False,True,False,0.0,0,,,False,False,False,False,,,False,False,False,False,-834730.0,-338327.66481156845,False,False,False,False,30010.884183864728,False,False,False,False
2025-03-03 16:00:00+00:00,0.617,0.6401,0.6044,0.6141,20627.0,,,,,,,,,,,,,,,,,,,,,,,,"rgba(239, 83, 80, 1.0)",0.0,0.0,0.13594007984442297,0.7969096636955284,-1.3447811999576982,0.0,0.0,0.0,0.0,0.0,0.0,0.0,0.0,25.633365918399978,-21.40941559992787,False,True,False,True,False,0.0,0,,,False,False,False,False,,,False,False,False,False,-855357.0,-346343.6234966604,False,False,False,False,29865.3976073707,False,False,False,False
2025-03-03 17:00:00+00:00,0.6109,0.635,0.6,0.6001,13158.0,,,,,,,,,,,,,,,,,,,,,,,,"rgba(239, 83, 80, 1.0)",0.0,0.0,0.13933316236034163,0.7948963533022367,-1.398061667461885,0.0,0.0,0.0,0.0,0.0,0.0,0.0,0.0,23.571557828936392,-23.341303042784713,False,True,False,True,False,0.0,0,,,False,False,False,False,,,False,False,False,False,-868515.0,-354439.30375252606,False,False,False,False,29606.368187101387,False,False,False,False
2025-03-03 18:00:00+00:00,0.6,0.6,0.5728,0.5865,10982.0,,,,,,,,,,,,,,,,,,,,,,,,"rgba(239, 83, 80, 1.0)",0.0,0.0,0.14291969838824659,0.7930118004352533,-1.4449498757984813,0.0,0.0,0.0,0.0,0.0,0.0,0.0,0.0,21.62786608693227,-25.130961961891263,False,True,False,True,False,0.0,0,,,False,False,False,False,,,False,False,False,False,-879497.0,-362579.7331517117,False,False,False,False,29317.618292727722,False,False,False,False
2025-03-03 19:00:00+00:00,0.5865,0.5955,0.58,0.5881,28253.0,,,,,,,,,,,,,,,,,,,,,,,,"rgba(239, 83, 80, 1.0)",0.0,0.0,0.14619045241868006,0.7883583116164843,-1.3698453510695583,0.0,0.0,0.0,0.0,0.0,0.0,0.0,0.0,20.64703325773236,-26.044777379563794,False,True,False,True,False,0.0,0,,,False,False,False,False,,,False,False,False,False,-851244.0,-370155.92333540606,False,False,False,False,29301.11258276295,False,False,False,False
2025-03-03 20:00:00+00:00,0.5877,0.5929,0.5664,0.58,25759.0,,,,,,,,,,,,,,,,,,,,,,,,"rgba(239, 83, 80, 1.0)",0.0,0.0,0.1490685334255947,0.7841331497508979,-1.3693912797014796,0.0,0.0,0.0,0.0,0.0,0.0,0.0,0.0,19.610698890568855,-27.06691474114158,False,True,False,True,False,0.0,0,,,False,False,False,False,,,False,False,False,False,-877003.0,-378014.0175472603,False,False,False,False,29246.196108611588,False,False,False,False
2025-03-04 15:00:00+00:00,0.5213,0.5452,0.4957,0.5439,22646.0,,,,,,,,,,,,,,,,,,,,,,,,"rgba(239, 83, 80, 1.0)",0.0,0.0,0.15245965996655345,0.7377312103615545,-1.2713606366699042,0.0,0.0,0.0,0.0,0.0,0.0,0.0,0.0,17.543677779746325,-29.05104311203858,False,True,False,True,False,0.0,0,,,False,False,False,False,,,False,False,False,False,-899649.0,-386101.38161629497,False,False,False,False,29143.867486772648,False,False,False,False
2025-03-04 16:00:00+00:00,0.5442,0.5694,0.5163,0.5694,33312.0,,,,,,,,,,,,,,,,,,,,,,,,"rgba(239, 83, 80, 1.0)",0.0,0.0,0.1549419685960922,0.7352838754259001,-1.0706193869159597,0.0,0.0,0.0,0.0,0.0,0.0,0.0,0.0,20.71408568923553,-29.05104311203858,False,True,False,True,True,0.0,0,,,False,False,False,False,,,False,False,False,False,-866337.0,-393546.8950796082,False,False,False,False,29208.489696280045,False,False,False,False
2025-03-04 17:00:00+00:00,0.5597,0.5827,0.5566,0.5585,19585.0,,,,,,,,,,,,,,,,,,,,,,,,"rgba(239, 83, 80, 1.0)",0.0,0.0,0.1576333061253236,0.7337971120981625,-1.1120563059103483,0.0,0.0,0.0,0.0,0.0,0.0,0.0,0.0,22.192429152108982,-31.598682706341105,False,True,False,True,True,0.0,0,,,False,False,False,False,,,False,False,False,False,-885922.0,-401180.61763651343,False,False,False,False,29059.288305640042,False,False,False,False
2025-03-04 18:00:00+00:00,0.5584,0.5787,0.5515,0.5519,24763.0,,,,,,,,,,,,,,,,,,,,,,,,"rgba(239, 83, 80, 1.0)",0.0,0.0,0.16026249006714735,0.7311538680673731,-1.1185017030015494,0.0,0.0,0.0,0.0,0.0,0.0,0.0,0.0,22.79415630234211,-31.00273292963318,False,True,False,True,True,0.0,0,,,False,False,False,False,,,False,False,False,False,-910685.0,-409079.9103863349,False,False,False,False,28992.679184622368,False,False,False,False
2025-03-04 19:00:00+00:00,0.5531,0.5779,0.5358,0.5762,18028.0,,,,,,,,,,,,,,,,,,,,,,,,"rgba(239, 83, 80, 1.0)",0.0,0.0,0.16201637979698996,0.7292642198285159,-0.9447453400718409,0.0,0.0,0.0,0.0,0.0,0.0,0.0,0.0,27.234030855858876,-26.85866778124521,False,True,False,True,True,0.0,0,,,False,False,False,False,,,False,False,False,False,-892657.0,-416577.22960515134,False,False,False,False,28822.68415850419,False,False,False,False
2025-03-04 20:00:00+00:00,0.5469,0.5856,0.5462,0.5684,45631.0,,,,,,,,,,,,,,,,,,,,,,,,"rgba(239, 83, 80, 1.0)",0.0,0.0,0.16377207362948323,0.7246916102481019,-0.9543239380463296,0.0,0.0,0.0,0.0,0.0,0.0,0.0,0.0,29.538673955556163,-24.810099065315917,False,False,False,True,True,0.0,0,,,False,False,False,False,,,False,False,False,False,-938288.0,-424665.76868104044,False,False,False,False,29083.278202558387,False,False,False,False
2025-03-05 15:00:00+00:00,0.5501,0.5624,0.5291,0.5521,251939.0,,,,,,,,,,,,,,,,,,,,,,,,"rgba(239, 83, 80, 1.0)",0.0,0.0,0.16556337331603194,0.6978213422448585,-0.8801544648809584,0.0,0.0,0.0,0.0,0.0,0.0,0.0,0.0,29.783701074196305,-24.579511343316423,False,False,False,True,True,0.0,0,,,False,False,False,False,,,False,False,False,False,-1190227.0,-436534.93505807855,False,False,False,False,32538.405672286164,False,False,False,False
2025-03-05 16:00:00+00:00,0.5521,0.5574,0.5236,0.5459,116556.0,,,,,,,,,,,,,,,,,,,,,,,,"rgba(239, 83, 80, 1.0)",0.0,0.0,0.16722458969361587,0.6876623265754459,-0.8477361304050962,0.0,0.0,0.0,0.0,0.0,0.0,0.0,0.0,29.47982218111234,-24.579511343316423,False,False,False,True,True,0.0,0,,,False,False,False,False,,,False,False,False,False,-1306783.0,-450027.1531191936,False,False,False,False,33841.004033956146,False,False,False,False
2025-03-05 17:00:00+00:00,0.5439,0.5571,0.5395,0.552,68388.0,,,,,,,,,,,,,,,,,,,,,,,,"rgba(239, 83, 80, 1.0)",0.0,0.0,0.1686464688935711,0.6826972548940903,-0.7749777137437147,0.0,0.0,0.0,0.0,0.0,0.0,0.0,0.0,30.43305680157661,-23.635111551614678,False,False,False,True,True,0.0,0,,,False,False,False,False,,,False,False,False,False,-1238395.0,-462249.9104351751,False,False,False,False,34376.61637451497,False,False,False,False
2025-03-05 18:00:00+00:00,0.551,0.5616,0.5431,0.5562,49038.0,,,,,,,,,,,,,,,,,,,,,,,,"rgba(239, 83, 80, 1.0)",0.0,0.0,0.1697315498338744,0.6794954429000105,-0.7264144056934997,0.0,0.0,0.0,0.0,0.0,0.0,0.0,0.0,31.889200145078462,-22.059363219036584,False,False,False,True,True,0.0,1,,,False,False,False,False,,,False,False,False,False,-1189357.0,-473522.8885679631,False,False,False,False,34603.9246477783,False,False,False,False
2025-03-05 19:00:00+00:00,0.5573,0.5735,0.5551,0.5667,49138.0,,,,,,,,,,,,,,,,,,,,,,,,"rgba(239, 83, 80, 1.0)",0.0,0.0,0.17037064616263523,0.6768188196294331,-0.6463485471805637,0.0,0.0,0.0,0.0,0.0,0.0,0.0,0.0,34.877585874412155,-19.13532633506286,True,False,False,True,True,0.0,1,,,False,False,False,False,,,False,False,False,False,-1140219.0,-483859.2623886148,False,False,False,False,34829.25914936313,False,False,False,False
2025-03-05 20:00:00+00:00,0.5659,0.5747,0.5583,0.5723,65354.0,,,,,,,,,,,,,,,,,,,,,,,,"rgba(239, 83, 80, 1.0)",0.0,0.0,0.17068184669962055,0.6735738696011647,-0.5933488039849631,0.0,0.0,0.0,0.0,0.0,0.0,0.0,0.0,37.910086209165435,-16.286742806436287,True,False,False,True,True,0.0,1,,,False,False,False,False,,,False,False,False,False,-1074865.0,-493022.1420415045,False,False,False,False,35302.51094549704,False,False,False,False
2025-03-06 15:00:00+00:00,0.5245,0.5488,0.5245,0.5434,12098.0,,,,,,,,,,,,,,,,,,,,,,,,"rgba(239, 83, 80, 1.0)",0.0,0.0,0.17132488080247413,0.6727685679886303,-0.7551067152807968,0.0,0.0,0.0,0.0,0.0,0.0,0.0,0.0,36.494378872896505,-16.286742806436287,True,False,False,True,True,0.0,1,,,False,False,False,False,,,False,False,False,False,-1086963.0,-502230.52743620984,False,False,False,False,34942.75108587693,False,False,False,False
2025-03-06 16:00:00+00:00,0.5435,0.5493,0.528,0.5368,10832.0,,,,,,,,,,,,,,,,,,,,,,,,"rgba(239, 83, 80, 1.0)",0.0,0.0,0.17185280143821383,0.6720502906891319,-0.7870124289929503,0.0,0.0,0.0,0.0,0.0,0.0,0.0,0.0,34.912951282734284,-16.286742806436287,True,False,False,True,False,0.0,1,,,False,False,False,False,,,False,False,False,False,-1097795.0,-511464.0851503771,False,False,False,False,34568.94099152225,False,False,False,False
2025-03-06 17:00:00+00:00,0.5356,0.5356,0.5251,0.5251,1130.0,,,,,,,,,,,,,,,,,,,,,,,,"rgba(239, 83, 80, 1.0)",0.0,0.0,0.17236280292055656,0.6719691958668587,-0.8520933367192449,0.0,0.0,0.0,0.0,0.0,0.0,0.0,0.0,32.78138570883945,-12.81657420983204,True,False,False,True,False,0.0,1,,,False,False,False,False,,,False,False,False,False,-1098925.0,-520572.00631083635,False,False,False,False,34050.507797855236,False,False,False,False
2025-03-06 18:00:00+00:00,0.5251,0.543,0.5216,0.5351,14787.0,,,,,,,,,,,,,,,,,,,,,,,,"rgba(239, 83, 80, 1.0)",0.0,0.0,0.17241636224897902,0.6709591907507294,-0.7879715647552116,0.0,0.0,0.0,0.0,0.0,0.0,0.0,0.0,33.48452867898307,-12.81657420983204,True,False,False,True,False,0.0,1,,,False,False,False,False,,,False,False,False,False,-1084138.0,-529309.463577335,False,False,False,False,33751.84876222957,False,False,False,False
2025-03-06 19:00:00+00:00,0.5387,0.5487,0.5242,0.5315,5540.0,,,,,,,,,,,,,,,,,,,,,,,,"rgba(239, 83, 80, 1.0)",0.0,0.0,0.17187238836148486,0.670590137179755,-0.8092640039842721,0.0,0.0,0.0,0.0,0.0,0.0,0.0,0.0,33.548006460358884,-12.81657420983204,True,False,False,True,False,0.0,1,,,False,False,False,False,,,False,False,False,False,-1089678.0,-537997.3478629576,False,False,False,False,33314.455758164,False,False,False,False
2025-03-06 20:00:00+00:00,0.5327,0.5462,0.5257,0.5351,11494.0,,,,,,,,,,,,,,,,,,,,,,,,"rgba(239, 83, 80, 1.0)",0.0,0.0,0.17141016085180957,0.6698372416502871,-0.7860516610025963,0.0,0.0,0.0,0.0,0.0,0.0,0.0,0.0,34.42434809340751,-12.81657420983204,True,False,False,True,False,0.0,1,,,False,False,False,False,,,False,False,False,False,-1078184.0,-546372.3347177955,False,False,False,False,32976.154118502534,False,False,False,False
2025-03-07 15:00:00+00:00,0.5125,0.5165,0.4823,0.485,18320.0,,,,,,,,,,,,,,,,,,,,,,,,"rgba(239, 83, 80, 1.0)",0.0,0.0,0.17167390520906117,0.6682045364028276,-1.0671658932656345,0.0,0.0,0.0,0.0,0.0,0.0,0.0,0.0,30.530883180033186,-15.447788833016759,False,False,False,True,False,0.0,0,,,False,False,False,False,,,False,False,False,False,-1096504.0,-554901.507822946,False,False,False,False,32748.926922866835,False,False,False,False
2025-03-07 16:00:00+00:00,0.485,0.4877,0.4651,0.4811,9276.0,,,,,,,,,,,,,,,,,,,,,,,,"rgba(239, 83, 80, 1.0)",0.0,0.0,0.17171346053740147,0.6672988530418807,-1.0843579324483077,0.0,0.0,0.0,0.0,0.0,0.0,0.0,0.0,27.696475742360846,-18.09690730772267,False,True,False,True,False,0.0,0,,,False,False,False,False,,,False,False,False,False,-1105780.0,-563442.2596396444,False,False,False,False,32385.005575225485,False,False,False,False
2025-03-07 17:00:00+00:00,0.4726,0.4859,0.4663,0.475,14704.0,,,,,,,,,,,,,,,,,,,,,,,,"rgba(239, 83, 80, 1.0)",0.0,0.0,0.17178772913418783,0.6658635390182686,-1.1110429131360142,0.0,0.0,0.0,0.0,0.0,0.0,0.0,0.0,25.421334484248572,-20.19421418172186,False,True,False,True,False,0.0,0,,,False,False,False,False,,,False,False,False,False,-1120484.0,-572078.5656917429,False,False,False,False,32110.881457780128,False,False,False,False
2025-03-07 18:00:00+00:00,0.4813,0.4855,0.4669,0.4848,7671.0,,,,,,,,,,,,,,,,,,,,,,,,"rgba(239, 83, 80, 1.0)",0.0,0.0,0.17219639382648771,0.6651392660065444,-1.0472882851905816,0.0,0.0,0.0,0.0,0.0,0.0,0.0,0.0,26.19073317322505,-20.19421418172186,False,True,False,True,False,0.0,0,,,False,False,False,False,,,False,False,False,False,-1112813.0,-580462.0452934213,False,False,False,False,31731.96856696183,False,False,False,False
2025-03-07 19:00:00+00:00,0.4848,0.4848,0.4663,0.4825,22124.0,,,,,,,,,,,,,,,,,,,,,,,,"rgba(239, 83, 80, 1.0)",0.0,0.0,0.17154027954479473,0.6630697312480351,-1.0526375013915175,0.0,0.0,0.0,0.0,0.0,0.0,0.0,0.0,26.49687006547867,-20.19421418172186,False,True,False,True,False,0.0,0,,,False,False,False,False,,,False,False,False,False,-1134937.0,-589058.5562191047,False,False,False,False,31583.007813985678,False,False,False,False
2025-03-07 20:00:00+00:00,0.4839,0.4928,0.4758,0.4875,18449.0,,,,,,,,,,,,,,,,,,,,,,,,"rgba(239, 83, 80, 1.0)",0.0,0.0,0.17048831333491396,0.6614613144401106,-1.0203709042412434,0.0,0.0,0.0,0.0,0.0,0.0,0.0,0.0,27.96142664139399,-20.19421418172186,False,False,False,True,True,0.0,0,,,False,False,False,False,,,False,False,False,False,-1116488.0,-597235.7568978783,False,False,False,False,31379.379785861867,False,False,False,False
2025-03-10 14:00:00+00:00,0.4642,0.4657,0.44,0.4488,55525.0,,,,,,,,,,,,,,,,,,,,,,,,"rgba(239, 83, 80, 1.0)",0.0,0.0,0.16965297197780216,0.6557745639162466,-1.2199878463863731,0.0,0.0,0.0,0.0,0.0,0.0,0.0,0.0,25.73379441176081,-20.19421418172186,False,True,False,True,False,0.0,0,,,False,False,False,False,,,False,False,False,False,-1172013.0,-606147.0319847328,False,False,False,False,31753.730486856257,False,False,False,False
2025-03-10 15:00:00+00:00,0.4488,0.4488,0.4405,0.4405,400.0,,,,,,,,,,,,,,,,,,,,,,,,"rgba(239, 83, 80, 1.0)",0.0,0.0,0.16888396731014593,0.6557330287383297,-1.2744432296706196,0.0,0.0,0.0,0.0,0.0,0.0,0.0,0.0,23.75338262122395,-22.084205383155073,False,True,False,True,False,0.0,0,,,False,False,False,False,,,False,False,False,False,-1172413.0,-614926.3493183028,False,False,False,False,31267.626138222826,False,False,False,False
2025-03-10 16:00:00+00:00,0.4405,0.4405,0.4405,0.4405,0.0,,,,,,,,,,,,,,,,,,,,,,,,"rgba(239, 83, 80, 1.0)",0.0,0.0,0.16788333626240165,0.6557330287383297,-1.2820392632769728,0.0,0.0,0.0,0.0,0.0,0.0,0.0,0.0,22.433108094199376,-23.424031035095236,False,True,False,True,False,0.0,0,,,False,False,False,False,,,False,False,False,False,-1172413.0,-623569.5532048407,False,False,False,False,30782.856740730997,False,False,False,False
2025-03-10 17:00:00+00:00,0.4405,0.4405,0.4101,0.4202,8720.0,,,,,,,,,,,,,,,,,,,,,,,,"rgba(239, 83, 80, 1.0)",0.0,0.0,0.16809463119873244,0.6547383299883276,-1.3952755558923298,0.0,0.0,0.0,0.0,0.0,0.0,0.0,0.0,20.38024714685598,-25.449833042478485,False,True,False,True,False,0.0,0,,,False,False,False,False,,,False,False,False,False,-1181133.0,-632213.9477287966,False,False,False,False,30440.796946301056,False,False,False,False
2025-03-10 18:00:00+00:00,0.4202,0.4232,0.4051,0.4084,4874.0,,,,,,,,,,,,,,,,,,,,,,,,"rgba(239, 83, 80, 1.0)",0.0,0.0,0.16841241712368327,0.6541563093637092,-1.4592529076001801,0.0,0.0,0.0,0.0,0.0,0.0,0.0,0.0,18.446777798522145,-27.339434526831063,False,True,False,True,False,0.0,0,,,False,False,False,False,,,False,False,False,False,-1186007.0,-640799.886523699,False,False,False,False,30044.412497521193,False,False,False,False
2025-03-10 19:00:00+00:00,0.4084,0.4167,0.4001,0.4167,7331.0,,,,,,,,,,,,,,,,,,,,,,,,"rgba(239, 83, 80, 1.0)",0.0,0.0,0.1687269322238086,0.6532825104599704,-1.4021621050168473,0.0,0.0,0.0,0.0,0.0,0.0,0.0,0.0,19.325406143846735,-27.339434526831063,False,True,False,True,False,0.0,0,,,False,False,False,False,,,False,False,False,False,-1178676.0,-649139.0510737193,False,False,False,False,29692.266567327064,False,False,False,False
2025-03-11 14:00:00+00:00,0.4303,0.4303,0.3901,0.4061,32841.0,,,,,,,,,,,,,,,,,,,,,,,,"rgba(239, 83, 80, 1.0)",0.0,0.0,0.16762291120357148,0.6494118518870146,-1.451542931333067,0.0,0.0,0.0,0.0,0.0,0.0,0.0,0.0,19.218295407593114,-27.339434526831063,False,True,False,True,False,0.0,0,,,False,False,False,False,,,False,False,False,False,-1211517.0,-657858.0890415686,False,False,False,False,29741.084139926646,False,False,False,False
2025-03-11 15:00:00+00:00,0.4061,0.4079,0.383,0.3854,17709.0,,,,,,,,,,,,,,,,,,,,,,,,"rgba(239, 83, 80, 1.0)",0.0,0.0,0.16739903991888908,0.6472248590130082,-1.5640762285128507,0.0,0.0,0.0,0.0,0.0,0.0,0.0,0.0,18.019074236845505,-28.169329591646015,False,True,False,True,False,0.0,0,,,False,False,False,False,-0.34282825441539394,-0.34282825441539394,False,False,False,False,-1229226.0,-666716.5062657304,False,False,False,False,29554.540199772746,False,False,False,False
2025-03-11 16:00:00+00:00,0.3854,0.4044,0.38,0.3978,28621.0,,,,,,,,,,,,,,,,,,,,,,,,"rgba(239, 83, 80, 1.0)",-1.0,0.40015,0.16673817278314862,0.6081282502095682,-1.2614283022227348,0.0,0.0,0.0,0.0,0.0,0.0,0.0,0.0,20.23273744034187,-28.169329591646015,False,True,False,True,True,0.0,0,0.7996446357516455,1.108611326609775,False,False,False,False,-0.34282825441539394,-0.34282825441539394,False,False,False,False,-1200605.0,-674993.8472538586,False,False,False,False,29540.0667083034,False,False,False,False
2025-03-11 17:00:00+00:00,0.3978,0.4239,0.39,0.4167,22244.0,,,,,,,,,,,,,,,,,,,,,,,,"rgba(239, 83, 80, 1.0)",0.0,0.0,0.16558543052939068,0.6070746128833265,-1.1497063013012843,0.0,0.0,0.0,0.0,0.0,0.0,0.0,0.0,25.605793413643532,-28.536874502070845,False,True,False,True,True,0.0,0,0.8028330590054367,1.0933961793605664,False,False,False,False,-0.3285728199496448,-0.33570053718251935,False,False,False,False,-1178361.0,-682797.9891568995,False,False,False,False,29426.94939499637,False,False,False,False
2025-03-11 18:00:00+00:00,0.4161,0.4453,0.3944,0.4451,55498.0,,,,,,,,,,,,,,,,,,,,,,,,"rgba(239, 83, 80, 1.0)",0.0,0.0,0.16430312458851662,0.6045759743787172,-0.9706204600680081,0.0,0.0,0.0,0.0,0.0,0.0,0.0,0.0,33.59697265104461,-21.412500390578646,True,False,False,True,True,0.0,0,0.8029549335511175,1.0898606677060902,False,False,False,False,-0.31621036043571765,-0.32595544880911853,False,False,False,False,-1122863.0,-689620.7025033041,False,False,False,False,29831.151729957666,False,False,False,False
2025-03-11 19:00:00+00:00,0.4451,0.4466,0.4271,0.4425,29473.0,,,,,,,,,,,,,,,,,,,,,,,,"rgba(239, 83, 80, 1.0)",0.0,0.0,0.1631645299402744,0.6031269561641415,-0.9844477609376144,0.0,0.0,0.0,0.0,0.0,0.0,0.0,0.0,38.578104132338765,-17.28385841633066,True,False,False,True,True,0.0,0,0.8092572499506805,1.087985796014993,False,False,False,False,-0.3000597991938361,-0.3130076240014773,False,False,False,False,-1152336.0,-696794.5830846482,False,False,False,False,29825.598989958322,False,False,False,False
2025-03-12 14:00:00+00:00,0.4447,0.448,0.421,0.4211,36770.0,,,,,,,,,,,,,,,,,,,,,,,,"rgba(239, 83, 80, 1.0)",0.0,0.0,0.16217328177761772,0.5793303767811534,-0.9756870863483477,0.0,0.0,0.0,0.0,0.0,0.0,0.0,0.0,39.269465624963296,-16.972747855531352,True,False,False,True,True,0.0,0,0.8087903463160993,1.0871676640831942,False,False,False,False,-0.30228317082572537,-0.3076453974136013,False,False,False,False,-1189106.0,-704427.3182306227,False,False,False,False,29933.26412189695,False,False,False,False
2025-03-12 15:00:00+00:00,0.4211,0.4446,0.4165,0.43,33828.0,,,,,,,,,,,,,,,,,,,,,,,,"rgba(239, 83, 80, 1.0)",0.0,0.0,0.16081509114115758,0.5773644945078098,-0.9163598606455328,0.0,0.0,0.0,0.0,0.0,0.0,0.0,0.0,41.12822231629303,-15.29353889048295,True,False,False,True,True,0.0,0,0.8085366151441897,1.0888335408883354,False,False,False,False,-0.3041466017086226,-0.30589599956111196,False,False,False,False,-1155278.0,-711417.2512813107,False,False,False,False,29993.647623883044,False,False,False,False
2025-03-12 16:00:00+00:00,0.4315,0.4473,0.4226,0.4295,19071.0,,,,,,,,,,,,,,,,,,,,,,,,"rgba(239, 83, 80, 1.0)",0.0,0.0,0.1592033099049287,0.5763779596290552,-0.9225810676723131,0.0,0.0,0.0,0.0,0.0,0.0,0.0,0.0,42.30093134753784,-14.096140858911632,True,False,False,True,True,0.0,0,0.8214814814814818,1.0879259259259264,False,False,False,False,-0.2997664427165125,-0.3028312211388122,False,False,False,False,-1174349.0,-718594.4876955539,False,False,False,False,29824.304249869354,False,False,False,False
2025-03-12 17:00:00+00:00,0.4295,0.4442,0.4198,0.4198,20894.0,,,,,,,,,,,,,,,,,,,,,,,,"rgba(239, 83, 80, 1.0)",0.0,0.0,0.15843112276146865,0.5750556947573049,-0.9799570441159807,0.0,0.0,0.0,0.0,0.0,0.0,0.0,0.0,41.766383643262785,-14.096140858911632,True,False,False,True,True,0.0,0,0.8166064266970341,1.088924097638263,False,False,False,False,-0.3020069307064742,-0.3024190759226432,False,False,False,False,-1195243.0,-725984.3871111267,False,False,False,False,29685.849920414017,False,False,False,False
2025-03-12 18:00:00+00:00,0.4216,0.4435,0.4192,0.4278,20158.0,,,,,,,,,,,,,,,,,,,,,,,,"rgba(239, 83, 80, 1.0)",0.0,0.0,0.1565915255148348,0.5738972144718326,-0.9329828928577109,0.0,0.0,0.0,0.0,0.0,0.0,0.0,0.0,42.90927887482651,-12.997033441658253,True,False,False,True,True,0.0,0,0.8193494208017391,1.0814829451428856,False,False,False,False,-0.3026654928423634,-0.3025422843825033,False,False,False,False,-1175085.0,-732947.1873109542,False,False,False,False,29538.131316996747,False,False,False,False
2025-03-12 19:00:00+00:00,0.4294,0.4474,0.4227,0.439,28090.0,,,,,,,,,,,,,,,,,,,,,,,,"rgba(239, 83, 80, 1.0)",0.0,0.0,0.15354831657925924,0.5725767000025392,-0.8699326894514603,0.0,0.0,0.0,0.0,0.0,0.0,0.0,0.0,45.62058702419893,-10.14618389493151,True,False,False,True,True,0.0,0,0.8184033075749373,1.0814588768026776,False,False,False,False,-0.29845945942878216,-0.30050087190564273,False,False,False,False,-1146995.0,-739366.5332441177,False,False,False,False,29515.679668671215,False,False,False,False
2025-03-13 14:00:00+00:00,0.3886,0.4032,0.388,0.3996,100447.0,,,,,,,,,,,,,,,,,,,,,,,,"rgba(239, 83, 80, 1.0)",0.0,0.0,0.150239238489757,0.5633285134887158,-1.0897852993302977,0.0,0.0,0.0,0.0,0.0,0.0,0.0,0.0,42.37626137743179,-10.14618389493151,True,False,False,True,False,0.0,0,0.8147533785432015,1.0815729131092353,False,False,False,False,-0.3392107651114277,-0.31985581850853523,False,False,False,False,-1247442.0,-747243.6722635888,False,False,False,False,30615.390061404993,False,False,False,False
2025-03-13 15:00:00+00:00,0.4,0.4066,0.3879,0.3964,85298.0,,,,,,,,,,,,,,,,,,,,,,,,"rgba(239, 83, 80, 1.0)",0.0,0.0,0.1469485785774944,0.5391913697458275,-0.9717097717316499,0.0,0.0,0.0,0.0,0.0,0.0,0.0,0.0,39.89741231201683,-10.14618389493151,True,False,False,True,False,0.0,0,0.8173332358460677,1.0782335307450464,False,False,False,False,-0.3374389579603078,-0.3286473882344215,False,False,False,False,-1332740.0,-756321.1347091144,False,False,False,False,31463.18246355375,False,False,False,False
2025-03-13 16:00:00+00:00,0.3972,0.404,0.3918,0.401,31899.0,,,,,,,,,,,,,,,,,,,,,,,,"rgba(239, 83, 80, 1.0)",0.0,0.0,0.14339634517312191,0.5373707201475509,-0.9510055502663685,0.0,0.0,0.0,0.0,0.0,0.0,0.0,0.0,39.13324051232933,-5.218145665173559,True,False,False,True,False,0.0,0,0.8266466845195686,1.0770459179913028,False,False,False,False,-0.33674666217161,-0.33269702520301575,False,False,False,False,-1300841.0,-764763.3031632366,False,False,False,False,31469.939324583924,False,False,False,False
2025-03-13 17:00:00+00:00,0.4018,0.4057,0.3938,0.401,12451.0,,,,,,,,,,,,,,,,,,,,,,,,"rgba(239, 83, 80, 1.0)",0.0,0.0,0.14114903716246885,0.536697622933382,-0.961378310906846,0.0,0.0,0.0,0.0,0.0,0.0,0.0,0.0,38.623792645871,-5.993793003599343,True,False,False,True,False,0.0,1,0.8234624709316709,1.0808718024837958,False,False,False,False,-0.3347779810012456,-0.3337375031021307,False,False,False,False,-1300841.0,-773074.5852847367,False,False,False,False,31175.072048233786,False,False,False,False
2025-03-13 18:00:00+00:00,0.401,0.4225,0.401,0.4138,25427.0,,,,,,,,,,,,,,,,,,,,,,,,"rgba(239, 83, 80, 1.0)",0.0,0.0,0.13785934700540578,0.5357932117335851,-0.884910703434577,0.0,0.0,0.0,0.0,0.0,0.0,0.0,0.0,40.90638561195523,-5.993793003599343,True,False,False,True,False,0.0,1,0.8199171976101347,1.0793564221434415,False,False,False,False,-0.3219180360583085,-0.3278277695802196,False,False,False,False,-1275414.0,-780862.7932648184,False,False,False,False,31085.954652137138,False,False,False,False
2025-03-13 19:00:00+00:00,0.4061,0.4189,0.3996,0.4031,20933.0,,,,,,,,,,,,,,,,,,,,,,,,"rgba(239, 83, 80, 1.0)",0.0,0.0,0.13300170326078686,0.5348601212353004,-0.9906649163503414,0.0,0.0,0.0,0.0,0.0,0.0,0.0,0.0,40.821456475465205,-5.993793003599343,True,False,False,True,False,0.0,0,0.8195388048599059,1.077783287875031,False,False,False,False,-0.3245765067605678,-0.3262021381703937,False,False,False,False,-1296347.0,-788854.796470015,False,False,False,False,30928.5445024916,False,False,False,False
2025-03-14 14:00:00+00:00,0.4075,0.4329,0.4026,0.407,50865.0,,,,,,,,,,,,,,,,,,,,,,,,"rgba(239, 83, 80, 1.0)",0.0,0.0,0.12884154001110265,0.5330093546309894,-0.9780180725884746,0.0,0.0,0.0,0.0,0.0,0.0,0.0,0.0,41.58887645659495,-5.993793003599343,True,False,False,True,True,0.0,1,0.8207404842579081,1.0741226226102443,False,False,False,False,-0.3150550792452929,-0.32062860870784327,False,False,False,False,-1245482.0,-795934.2879976117,False,False,False,False,31237.636835786303,False,False,False,False
2025-03-14 15:00:00+00:00,0.407,0.4399,0.4068,0.4331,72169.0,,,,,,,,,,,,,,,,,,,,,,,,"rgba(239, 83, 80, 1.0)",0.0,0.0,0.12474631443760535,0.5311991246048009,-0.7863889610451568,0.0,0.0,0.0,0.0,0.0,0.0,0.0,0.0,46.62667626285561,-8.103105828872678,True,False,False,True,True,0.0,1,0.8266442321967636,1.0711882021081804,False,False,False,False,-0.30903149708554956,-0.3148300528966964,False,False,False,False,-1173313.0,-801785.1207418347,False,False,False,False,31872.23161352605,False,False,False,False
2025-03-14 16:00:00+00:00,0.4333,0.4391,0.4272,0.432,39211.0,,,,,,,,,,,,,,,,,,,,,,,,"rgba(239, 83, 80, 1.0)",0.0,0.0,0.12026364346193277,0.5303522413035653,-0.8178052690936215,0.0,0.0,0.0,0.0,0.0,0.0,0.0,0.0,49.773657025005846,-5.157808280060941,True,False,False,False,True,0.0,1,0.8354969725662174,1.068148406548227,False,False,False,False,-0.29854201836336336,-0.3066860356300299,False,False,False,False,-1212524.0,-808153.1653814962,False,False,False,False,31986.010968355105,False,False,False,False
2025-03-14 17:00:00+00:00,0.4299,0.4345,0.4059,0.4274,24173.0,,,,,,,,,,,,,,,,,,,,,,,,"rgba(239, 83, 80, 1.0)",0.0,0.0,0.11742584743933934,0.52958690557753,-0.8702249786216649,0.0,0.0,0.0,0.0,0.0,0.0,0.0,0.0,50.93675438088738,-4.042839304101527,True,False,False,False,True,0.0,1,0.8305527238369924,1.0641736492702452,False,False,False,False,-0.3124170614020121,-0.30955154851602096,False,False,False,False,-1236697.0,-814797.2558406978,False,False,False,False,31864.87901535735,False,False,False,False
2025-03-14 18:00:00+00:00,0.425,0.4545,0.41,0.4488,38650.0,,,,,,,,,,,,,,,,,,,,,,,,"rgba(239, 83, 80, 1.0)",0.0,0.0,0.11351639359323644,0.5288504518567342,-0.7051884694608884,0.0,0.0,0.0,0.0,0.0,0.0,0.0,0.0,54.94455802231875,-0.26743444256389637,True,False,True,False,True,0.0,0,0.8321771875929046,1.0614656624715093,False,False,False,False,-0.29950264927947595,-0.3045270988977484,False,False,False,False,-1198047.0,-820739.1123392916,False,False,False,False,31970.074689537854,False,False,False,False
2025-03-14 19:00:00+00:00,0.4488,0.4499,0.4259,0.439,9925.0,,,,,,,,,,,,,,,,,,,,,,,,"rgba(239, 83, 80, 1.0)",0.0,0.0,0.10965937920966363,0.5286580422944195,-0.8176048682803272,0.0,0.0,0.0,0.0,0.0,0.0,0.0,0.0,55.58972727369769,0.3729623631404593,True,False,True,False,True,0.0,0,0.8333912266772528,1.0651796347757045,False,False,False,False,-0.29348083086987814,-0.2990039648838133,False,False,False,False,-1207972.0,-826742.7230006979,False,False,False,False,31628.29058582409,False,False,False,False
2025-03-17 14:00:00+00:00,0.6029,0.6043,0.5225,0.5653,247379.0,,,,,,,,,,,,,,,,,,,,,,,,"rgba(38, 166, 154, 1.0)",0.0,0.0,0.10547118776542157,0.5425843035876519,0.21537347681027483,0.0,0.0,0.0,0.0,0.0,0.0,0.0,0.0,64.4046465389089,8.512005933021115,True,False,True,False,True,0.0,0,0.8385402929963797,1.0431582228402907,False,False,False,False,-0.16089746969643293,-0.22995071729012312,False,False,False,False,-960593.0,-828817.9210937102,False,False,False,False,34973.26282480356,False,False,False,False
2025-03-17 15:00:00+00:00,0.5595,0.5884,0.5506,0.5817,126224.0,,,,,,,,,,,,,,,,,,,,,,,,"rgba(38, 166, 154, 1.0)",0.0,0.0,0.10153996461696538,0.5474147901385511,0.337652371564058,0.0,0.0,0.0,0.0,0.0,0.0,0.0,0.0,70.75151156296401,14.027329633894652,True,False,True,False,True,0.0,0,0.8491563958358261,1.044489649395716,False,False,False,False,-0.14977101410035934,-0.18986086569524124,False,False,False,False,-834369.0,-828903.9843325674,False,False,False,False,36388.00293604691,False,False,False,False
2025-03-17 16:00:00+00:00,0.5817,0.6125,0.5559,0.6019,69587.0,,,,,,,,,,,,,,,,,,,,,,,,"rgba(38, 166, 154, 1.0)",0.0,0.0,0.09667234587852838,0.5501629461544226,0.5351794598073215,0.0,0.0,0.0,0.0,0.0,0.0,0.0,0.0,75.52427746486586,18.059599775932895,True,False,True,False,True,0.3304746622173482,0,0.8562979501674546,1.032493289945607,False,False,False,False,-0.13443022429878002,-0.16214554499701062,False,False,False,False,-764782.0,-827909.8450405897,False,False,False,False,36902.716068821384,False,False,False,False
2025-03-17 17:00:00+00:00,0.6111,0.6497,0.5917,0.6454,117778.0,,,,,,,,,,,,,,,,,,,,,,,,"rgba(38, 166, 154, 1.0)",0.0,0.0,0.09624139320357915,0.5562960110158314,0.925838519354008,0.0,0.0,0.0,0.0,0.0,0.0,0.0,0.0,79.66203676821509,21.608252970191813,True,False,True,False,True,4.38341352656083,0,0.8639768911016651,1.0222164815293204,False,False,False,False,-0.09659408689980836,-0.1293698159484095,False,False,False,False,-647004.0,-825105.1032570146,False,False,False,False,38156.59643984741,False,False,False,False
2025-03-17 18:00:00+00:00,0.6471,0.6922,0.6174,0.6807,164167.0,,,,,,,,,,,,,,,,,,,,,,,,"rgba(38, 166, 154, 1.0)",0.0,0.0,0.09613079318406961,0.5657050773137857,1.1962339940961886,0.0,0.0,0.0,0.0,0.0,0.0,0.0,0.0,83.02041561086091,24.57591737067618,True,False,True,False,True,7.420793485539107,0,0.8718126867227124,1.013224020936103,False,False,False,False,-0.06149538836579692,-0.0954326021571032,False,False,False,False,-482837.0,-819798.6210359756,False,True,False,False,40110.24610744667,False,False,False,False
2025-03-17 19:00:00+00:00,0.6807,0.7202,0.6555,0.6721,183890.0,,,,,,,,,,,,,,,,,,,,,,,,"rgba(38, 166, 154, 1.0)",0.0,0.0,0.09564392394390536,0.5862883518970686,0.89719915875952,0.0,0.0,0.0,0.0,0.0,0.0,0.0,0.0,84.08425499539135,25.62109550337763,True,False,True,False,True,6.548811110718216,0,0.8821296253945022,1.005511594932077,False,False,False,False,-0.02762213254296088,-0.06152736735003204,False,False,False,False,-666727.0,-817425.4176090612,False,False,False,False,42339.38957864905,False,False,False,False
2025-03-18 14:00:00+00:00,0.6015,0.6198,0.5533,0.5899,60838.0,,,,,,,,,,,,,,,,,,,,,,,,"rgba(38, 166, 154, 1.0)",0.0,0.0,0.09358530967725413,0.5844855399542201,0.05785587571866331,0.0,0.0,0.0,0.0,0.0,0.0,0.0,0.0,76.25931476442176,25.62109550337763,True,False,True,False,False,0.0,0,0.8654823466476464,1.016093081312411,False,False,False,False,-0.1304046985685782,-0.09596603295930511,False,False,False,False,-727565.0,-816032.2328399285,False,False,False,False,42626.189740220376,False,False,False,False
2025-03-18 15:00:00+00:00,0.5906,0.6474,0.5763,0.6261,52615.0,,,,,,,,,,,,,,,,,,,,,,,,"rgba(38, 166, 154, 1.0)",0.0,0.0,0.09200591980562689,0.5846991769910811,0.44997999146558076,0.0,0.0,0.0,0.0,0.0,0.0,0.0,0.0,72.72676590594449,31.934111255464515,True,False,True,False,False,1.9899805900649774,0,0.8753719008264462,1.009829201101928,False,False,False,False,-0.10396506610022034,-0.09996554952976272,False,False,False,False,-674950.0,-813844.9114005497,False,False,False,False,42781.0550155658,False,False,False,False
2025-03-18 16:00:00+00:00,0.6357,0.6378,0.5924,0.627,44261.0,,,,,,,,,,,,,,,,,,,,,,,,"rgba(38, 166, 154, 1.0)",0.0,0.0,0.09053377702262372,0.5850846239394207,0.4629805299087978,0.0,0.0,0.0,0.0,0.0,0.0,0.0,0.0,70.41264813399712,29.66760745499947,True,False,True,False,False,2.0646160905455417,0,0.8790285627004735,1.0085535359706737,False,False,False,False,-0.10057990918213787,-0.1002727293559503,False,False,False,False,-630689.0,-811005.2848672079,False,False,False,False,42803.9998990454,False,False,False,False
2025-03-18 17:00:00+00:00,0.6241,0.6452,0.6059,0.6065,25857.0,,,,,,,,,,,,,,,,,,,,,,,,"rgba(38, 166, 154, 1.0)",0.0,0.0,0.08930781015653179,0.585341672530781,0.23691463750073385,0.0,0.0,0.0,0.0,0.0,0.0,0.0,0.0,67.02987103908178,26.283382638484255,True,False,True,False,False,0.27604963483104683,0,0.8829778027778981,1.006879840768465,False,False,False,False,-0.08971048850969421,-0.09499160893282226,False,False,False,False,-656546.0,-808610.5672723674,False,False,False,False,42541.25571456407,False,False,False,False
2025-03-18 18:00:00+00:00,0.6065,0.631,0.601,0.6199,14733.0,,,,,,,,,,,,,,,,,,,,,,,,"rgba(38, 166, 154, 1.0)",0.0,0.0,0.08836302602088578,0.5854782472858799,0.3895492748967654,0.0,0.0,0.0,0.0,0.0,0.0,0.0,0.0,65.54449399954575,24.575476297101815,True,False,True,False,False,1.4151534651498814,0,0.8826791625467522,1.00988779502171,False,False,False,False,-0.09964289043229242,-0.09731724968255734,False,False,False,False,-641813.0,-806024.558477447,False,False,False,False,42110.11996705144,False,False,False,False
2025-03-18 19:00:00+00:00,0.62,0.6227,0.5987,0.613,38147.0,,,,,,,,,,,,,,,,,,,,,,,,"rgba(38, 166, 154, 1.0)",0.0,0.0,0.08754214227373033,0.5857256933428511,0.31155630818202396,0.0,0.0,0.0,0.0,0.0,0.0,0.0,0.0,63.874867983163924,22.569154837274226,True,False,True,False,False,0.8079469250948641,0,0.8827894444206835,1.0116119926435994,False,False,False,False,-0.1051634558000392,-0.10124035274129828,False,False,False,False,-679960.0,-804070.0691987269,False,False,False,False,42048.676246632036,False,False,False,False
2025-03-19 14:00:00+00:00,0.5175,0.5621,0.5175,0.5518,26970.0,,,,,,,,,,,,,,,,,,,,,,,,"rgba(38, 166, 154, 1.0)",0.0,0.0,0.08577245316838439,0.5849301829797612,-0.38625667980746253,0.0,0.0,0.0,0.0,0.0,0.0,0.0,0.0,57.812245283182136,16.549537849320913,True,False,True,False,False,0.0,0,0.8727916675398705,1.013412410671249,False,False,False,False,-0.17977070944089385,-0.14050553109109606,False,False,False,False,-706930.0,-802564.0216142505,False,False,False,False,41814.89832032766,False,False,False,False
2025-03-19 15:00:00+00:00,0.5497,0.5545,0.5311,0.5382,16179.0,,,,,,,,,,,,,,,,,,,,,,,,"rgba(239, 83, 80, 1.0)",0.0,0.0,0.08369058549742063,0.5844654217729804,-0.5528151284639579,0.0,0.0,0.0,0.0,0.0,0.0,0.0,0.0,52.89058466695201,11.798075247766477,False,False,False,False,False,0.0,0,0.8762486705178203,1.0149319096577756,False,False,False,False,-0.1765791946148049,-0.15854236285295048,False,False,False,False,-723109.0,-801332.1608140295,False,False,False,False,41417.4425324156,False,False,False,False
2025-03-19 16:00:00+00:00,0.545,0.5584,0.5374,0.5439,4195.0,,,,,,,,,,,,,,,,,,,,,,,,"rgba(239, 83, 80, 1.0)",0.0,0.0,0.08184609987571208,0.5843605923409038,-0.494349668491784,0.0,0.0,0.0,0.0,0.0,0.0,0.0,0.0,50.11295096699498,9.050832023965008,False,False,False,False,False,0.0,0,0.8805910959904824,1.0162175700778526,False,False,False,False,-0.17116174329414577,-0.1648520530735481,False,False,False,False,-718914.0,-800054.3598711764,False,False,False,False,40840.35040013009,False,False,False,False
2025-03-19 17:00:00+00:00,0.5447,0.5497,0.5349,0.5425,16557.0,,,,,,,,,,,,,,,,,,,,,,,,"rgba(239, 83, 80, 1.0)",0.0,0.0,0.08055549747207291,0.5839242434601022,-0.5142323585607949,0.0,0.0,0.0,0.0,0.0,0.0,0.0,0.0,48.153146530443074,6.948942693529055,False,False,False,True,False,0.0,0,0.8777217678679746,1.020163567529126,False,False,False,False,-0.17711086487268296,-0.17098145897311554,False,False,False,False,-735471.0,-799053.0674700729,False,False,False,False,40463.86434741489,False,False,False,False
2025-03-19 18:00:00+00:00,0.5442,0.552,0.5415,0.5466,11184.0,,,,,,,,,,,,,,,,,,,,,,,,"rgba(239, 83, 80, 1.0)",0.0,0.0,0.07971609122379354,0.5836665617963854,-0.4649821789721908,0.0,0.0,0.0,0.0,0.0,0.0,0.0,0.0,47.28171303020626,5.721886364706691,False,False,False,True,False,0.0,0,0.8787344746559249,1.0197423632091307,False,False,False,False,-0.1710913249571412,-0.17103639196512838,False,False,False,False,-724287.0,-797893.9036333276,False,False,False,False,40009.91296218365,False,False,False,False
2025-03-19 19:00:00+00:00,0.5467,0.5601,0.5435,0.55,29894.0,,,,,,,,,,,,,,,,,,,,,,,,"rgba(239, 83, 80, 1.0)",0.0,0.0,0.07912595494492385,0.5830852632332095,-0.4181341413982138,0.0,0.0,0.0,0.0,0.0,0.0,0.0,0.0,47.08870372793159,4.982972448984718,False,False,False,True,False,0.0,0,0.8784010046044369,1.0148597739640015,False,False,False,False,-0.16569479561890602,-0.1683655937920172,False,False,False,False,-694393.0,-796289.2384607178,False,False,False,False,39853.07710230483,False,False,False,False
2025-03-20 14:00:00+00:00,0.5186,0.537,0.5132,0.5191,23063.0,,,,,,,,,,,,,,,,,,,,,,,,"rgba(239, 83, 80, 1.0)",0.0,0.0,0.07857425576146834,0.5823539422589283,-0.805021207594398,0.0,0.0,0.0,0.0,0.0,0.0,0.0,0.0,44.1685437559706,1.6896787727714297,False,True,False,True,False,0.0,0,0.8738136863136862,1.0168789543789543,False,False,False,False,-0.19434329658622546,-0.18135444518912133,False,False,False,False,-717456.0,-795067.0177093889,False,False,False,False,39592.76582940088,False,False,False,False
2025-03-20 15:00:00+00:00,0.5191,0.5255,0.5001,0.5234,20353.0,,,,,,,,,,,,,,,,,,,,,,,,"rgba(239, 83, 80, 1.0)",0.0,0.0,0.07799806015143942,0.5816745584616102,-0.7471283048381658,0.0,0.0,0.0,0.0,0.0,0.0,0.0,0.0,42.78310151649454,-0.09687021415052754,False,True,False,True,False,0.0,0,0.8734424322977239,1.018192390762585,False,False,False,False,-0.20764489393071642,-0.19449966955991888,False,False,False,False,-697103.0,-793548.1957293984,False,False,False,False,39294.47488630939,False,False,False,False
2025-03-20 16:00:00+00:00,0.5234,0.5241,0.5091,0.5193,3170.0,,,,,,,,,,,,,,,,,,,,,,,,"rgba(239, 83, 80, 1.0)",0.0,0.0,0.07750931831222231,0.5815732181051874,-0.8034287936108402,0.0,0.0,0.0,0.0,0.0,0.0,0.0,0.0,41.47993528626723,-1.8112292704946853,False,True,False,True,False,0.0,0,0.8857639470598091,1.0165438096833639,False,False,False,False,-0.2035279298926706,-0.19901379972629474,False,False,False,False,-700273.0,-792102.0686638263,False,False,False,False,38734.40550822707,False,False,False,False
2025-03-20 17:00:00+00:00,0.5216,0.524,0.5097,0.5217,6074.0,,,,,,,,,,,,,,,,,,,,,,,,"rgba(239, 83, 80, 1.0)",0.0,0.0,0.07739299726219033,0.5813837473930076,-0.7711776194790881,0.0,0.0,0.0,0.0,0.0,0.0,0.0,0.0,40.98596522126395,-2.787319155441935,False,True,False,True,False,0.0,0,0.8835649661513805,1.0177573444123416,False,False,False,False,-0.2032573169042845,-0.20113555831528962,False,False,False,False,-694199.0,-790584.1916302786,False,False,False,False,38228.04263213053,False,False,False,False
2025-03-20 18:00:00+00:00,0.5221,0.5248,0.5107,0.5187,3281.0,,,,,,,,,,,,,,,,,,,,,,,,"rgba(239, 83, 80, 1.0)",0.0,0.0,0.0770223630097375,0.5812817963951821,-0.812514624970285,0.0,0.0,0.0,0.0,0.0,0.0,0.0,0.0,40.32045860514566,-3.943900419644301,False,True,False,True,False,0.0,0,0.8739370211332828,1.018607392439168,False,False,False,False,-0.20228335295444932,-0.20170945563486947,False,False,False,False,-697480.0,-789140.7157910495,False,False,False,False,37686.22801767889,False,False,False,False
2025-03-20 19:00:00+00:00,0.5242,0.537,0.51,0.5345,21647.0,,,,,,,,,,,,,,,,,,,,,,,,"rgba(239, 83, 80, 1.0)",0.0,0.0,0.07683384863128796,0.5807178201559902,-0.6015294167780313,0.0,0.0,0.0,0.0,0.0,0.0,0.0,0.0,42.520238958808065,-3.943900419644301,False,True,False,True,False,0.0,0,0.8738427874095269,1.0202407002188183,False,False,False,False,-0.1938042702373612,-0.19775686293611533,False,False,False,False,-675833.0,-787384.0070190952,False,False,False,False,37437.557815854416,False,False,False,False
2025-03-21 14:00:00+00:00,0.4872,0.5273,0.4867,0.5054,37420.0,,,,,,,,,,,,,,,,,,,,,,,,"rgba(239, 83, 80, 1.0)",0.0,0.0,0.0766099684666992,0.5728156005493119,-0.8799847056276514,0.0,0.0,0.0,0.0,0.0,0.0,0.0,0.0,40.66828660141474,-4.158279432109843,False,True,False,True,False,0.0,0,0.8693789702440656,1.0174899699097293,False,False,False,False,-0.20988882896490524,-0.20382284595051028,False,False,False,False,-713253.0,-786234.6890808147,False,False,False,False,37437.285601655116,False,False,False,False
2025-03-21 15:00:00+00:00,0.5205,0.5266,0.502,0.5055,11950.0,,,,,,,,,,,,,,,,,,,,,,,,"rgba(239, 83, 80, 1.0)",0.0,0.0,0.07610552555379928,0.5725955686248335,-0.8816123157497081,0.0,0.0,0.0,0.0,0.0,0.0,0.0,0.0,39.45087321875789,-5.613510678563962,False,True,False,True,False,0.0,1,0.8757000752319652,1.0165928278859817,False,False,False,False,-0.1941162860829924,-0.19896956601675134,False,False,False,False,-701303.0,-784917.9187074687,False,False,False,False,37042.133886900774,False,False,False,False
2025-03-21 16:00:00+00:00,0.5055,0.5348,0.5053,0.5318,7678.0,,,,,,,,,,,,,,,,,,,,,,,,"rgba(239, 83, 80, 1.0)",0.0,0.0,0.07577805268327133,0.5726271853465191,-0.5387732186410755,0.0,0.0,0.0,0.0,0.0,0.0,0.0,0.0,42.73683700556587,-5.613510678563962,False,True,False,True,True,0.0,1,0.887183487592503,1.0129029537644159,False,False,False,False,-0.1873642237433472,-0.1931668948800493,False,False,False,False,-693625.0,-783502.5246189807,False,False,False,False,36586.875997181385,False,False,False,False
2025-03-21 17:00:00+00:00,0.5318,0.5337,0.5068,0.5068,1475.0,,,,,,,,,,,,,,,,,,,,,,,,"rgba(239, 83, 80, 1.0)",0.0,0.0,0.07553387601086947,0.5726038625662256,-0.8711834482948593,0.0,0.0,0.0,0.0,0.0,0.0,0.0,0.0,42.08934126858111,-5.613510678563962,False,True,False,True,True,0.0,1,0.885734144954399,1.0109737346504621,False,False,False,False,-0.18712967646333897,-0.19014828567169412,False,False,False,False,-695100.0,-782131.9428419422,False,False,False,False,36042.50582668245,False,False,False,False
2025-03-21 18:00:00+00:00,0.5068,0.5309,0.5056,0.5306,2725.0,,,,,,,,,,,,,,,,,,,,,,,,"rgba(239, 83, 80, 1.0)",0.0,0.0,0.07542600156253736,0.5725932336999242,-0.5567474455756047,0.0,0.0,0.0,0.0,0.0,0.0,0.0,0.0,44.737795500632146,-10.012580407837504,False,True,False,True,True,0.0,1,0.8914554547766381,1.0117190811223191,False,False,False,False,-0.18947606972014053,-0.18981217769591732,False,False,False,False,-692375.0,-780740.3623327648,False,False,False,False,35525.95534874938,False,False,False,False
2025-03-21 19:00:00+00:00,0.5306,0.531,0.5068,0.5246,11066.0,,,,,,,,,,,,,,,,,,,,,,,,"rgba(239, 83, 80, 1.0)",0.0,0.0,0.07523078095835362,0.5724855645972585,-0.6365155856054072,0.0,0.0,0.0,0.0,0.0,0.0,0.0,0.0,45.79647630921889,-8.857647423553487,False,True,False,True,True,0.0,1,0.8904449869373422,1.0160178166088483,False,False,False,False,-0.1887132669509099,-0.18926272232341362,False,False,False,False,-703441.0,-779541.9226066754,False,False,False,False,35146.731234815285,False,False,False,False
2025-03-24 14:00:00+00:00,0.546,0.5804,0.5234,0.5446,14825.0,,,,,,,,,,,,,,,,,,,,,,,,"rgba(239, 83, 80, 1.0)",0.0,0.0,0.07512219295171069,0.5729029042921298,-0.3767582278957588,0.0,0.0,0.0,0.0,0.0,0.0,0.0,0.0,48.883529130153974,-5.831533542954759,False,True,False,False,True,0.0,1,0.8857392527547475,1.0060103582770306,False,False,False,False,-0.14483099122408336,-0.16704685677374848,False,False,False,False,-688616.0,-778132.2183802153,False,False,False,False,34831.665634275516,False,False,False,False
2025-03-24 15:00:00+00:00,0.5446,0.5529,0.5367,0.5442,33180.0,,,,,,,,,,,,,,,,,,,,,,,,"rgba(239, 83, 80, 1.0)",0.0,0.0,0.07488969786857885,0.5731524628034796,-0.38660141017376287,0.0,0.0,0.0,0.0,0.0,0.0,0.0,0.0,50.88510349527382,-3.88051502923782,False,True,False,False,True,0.0,1,0.8920661440260462,1.0088677547873022,False,False,False,False,-0.14360042116500613,-0.1553236389693773,False,False,False,False,-721796.0,-777258.7886378864,False,False,False,False,34806.05841513946,False,False,False,False
2025-03-24 16:00:00+00:00,0.5441,0.5536,0.5278,0.5394,10087.0,,,,,,,,,,,,,,,,,,,,,,,,"rgba(239, 83, 80, 1.0)",0.0,0.0,0.07454384481632388,0.5731195791137594,-0.4523455852974116,0.0,0.0,0.0,0.0,0.0,0.0,0.0,0.0,51.489910766103705,-3.1779194894083105,False,True,True,False,True,0.0,1,0.8960983155723616,1.0027071158473702,False,False,False,False,-0.1487084972077839,-0.1520160680885806,False,False,False,False,-731883.0,-776555.2880388494,False,False,False,False,34422.81719940086,False,False,False,False
2025-03-24 17:00:00+00:00,0.5394,0.5929,0.5394,0.5526,20371.0,,,,,,,,,,,,,,,,,,,,,,,,"rgba(239, 83, 80, 1.0)",0.0,0.0,0.07462790575325891,0.5734446111997394,-0.2793138972525596,0.0,0.0,0.0,0.0,0.0,0.0,0.0,0.0,53.624606271473134,-1.0073958321955914,False,False,True,False,True,0.0,1,0.898522209628093,0.9932419427276032,False,False,False,False,-0.11689542174970555,-0.13445574491914308,False,False,False,False,-711512.0,-775546.8649684796,False,False,False,False,34204.959568402395,False,False,False,False
2025-03-24 18:00:00+00:00,0.57,0.5953,0.5493,0.588,15234.0,,,,,,,,,,,,,,,,,,,,,,,,"rgba(239, 83, 80, 1.0)",0.0,0.0,0.07522286047963687,0.5738447937420376,0.18817692078851847,0.0,0.0,0.0,0.0,0.0,0.0,0.0,0.0,58.54071218412065,3.6253095905136306,False,False,True,False,True,0.9337084880175865,0,0.9066394937251956,0.9924916872251419,False,False,False,False,-0.10924537704618618,-0.12185056098266464,False,False,False,False,-696278.0,-774317.8903178055,False,False,False,False,33910.83616424112,False,False,False,False
2025-03-24 19:00:00+00:00,0.5867,0.6031,0.5815,0.5908,22800.0,,,,,,,,,,,,,,,,,,,,,,,,"rgba(38, 166, 154, 1.0)",0.0,0.0,0.07591835332231164,0.574604861919804,0.21332309476523414,0.0,0.0,0.0,0.0,0.0,0.0,0.0,0.0,62.0465209459999,6.7957772663887255,True,False,True,False,True,1.1923043483195883,0,0.9140911921994802,0.982990056055497,False,False,False,False,-0.08445033029029496,-0.10315044563647979,False,False,False,False,-673478.0,-772754.4811655914,False,False,False,False,33738.57513843893,False,False,False,False
2025-03-25 14:00:00+00:00,0.5585,0.6041,0.5559,0.5775,15161.0,,,,,,,,,,,,,,,,,,,,,,,,"rgba(38, 166, 154, 1.0)",0.0,0.0,0.07634604238195693,0.5748773056970803,0.03435272112467161,0.0,0.0,0.0,0.0,0.0,0.0,0.0,0.0,61.995196689634334,6.7957772663887255,True,False,True,False,True,0.0,0,0.9079587136398534,0.981638659046319,False,False,False,False,-0.09968508912165433,-0.10141776737906706,False,False,False,False,-688639.0,-771450.3651785279,False,False,False,False,33450.55071768794,False,False,False,False
2025-03-25 15:00:00+00:00,0.5776,0.5779,0.5558,0.5615,8644.0,,,,,,,,,,,,,,,,,,,,,,,,"rgba(38, 166, 154, 1.0)",0.0,0.0,0.07659280414534399,0.5749205412351223,-0.17521934840843775,0.0,0.0,0.0,0.0,0.0,0.0,0.0,0.0,59.420553738568415,6.7957772663887255,False,False,True,False,False,0.0,0,0.9081772303481308,0.9909331964759215,False,False,False,False,-0.1160240142969008,-0.10872089083798393,False,False,False,False,-697283.0,-770300.4835478531,False,False,False,False,33065.95303214239,False,False,False,False
2025-03-25 16:00:00+00:00,0.5613,0.7257,0.5555,0.6963,148715.0,,,,,,,,,,,,,,,,,,,,,,,0.6591666666666666,"rgba(38, 166, 154, 1.0)",0.0,0.0,0.0797820687704792,0.5896773792250082,1.3364233645247883,-1.0,0.7257,0.5555,312.0,0.0,0.0,0.0,0.0,65.91328735426433,10.128740514482622,True,False,True,False,True,9.668177284156545,0,0.9273338233749868,0.9548251601386119,False,False,False,False,-0.024936374131949487,-0.0668286324849667,False,False,False,False,-548568.0,-766862.7706246305,False,True,False,False,34858.961512264206,False,False,False,False
2025-03-25 17:00:00+00:00,0.6766,0.719,0.6435,0.655,60941.0,,,,,,,,,,,,,,,,,,,,,,,0.6630422851401025,"rgba(38, 166, 154, 1.0)",0.0,0.0,0.0816762325634939,0.592620360319471,0.7637428627971552,0.0,0.0,0.0,0.0,0.0,0.0,0.0,0.0,66.12417751381503,10.248601896689195,True,False,True,False,True,5.952127341865474,0,0.9384757428235688,0.963173577304012,False,False,False,False,0.02499769628983341,-0.02091546809756665,False,False,False,False,-609509.0,-764423.177281613,False,False,False,False,35263.33420199654,False,False,False,False
2025-03-25 18:00:00+00:00,0.655,0.6809,0.6159,0.6498,26650.0,,,,,,,,,,,,,,,,,,,,,,,0.6614435943226156,"rgba(38, 166, 154, 1.0)",0.0,0.0,0.08332740213126845,0.593220424453245,0.6790032342256798,0.0,0.0,0.0,0.0,0.0,0.0,0.0,0.0,65.78351587757842,10.248601896689195,True,False,True,False,True,5.4982120828462655,0,0.9245752782659636,0.9760440204201187,False,False,False,False,-0.01535295807358668,-0.018134213085576664,False,False,False,False,-636159.0,-762434.585385774,False,False,False,False,35129.794136849305,False,False,False,False
2025-03-25 19:00:00+00:00,0.6499,0.7066,0.6443,0.6787,42017.0,,,,,,,,,,,,,,,,,,,,,,,0.6637216150539721,"rgba(38, 166, 154, 1.0)",0.0,0.0,0.08556589943398082,0.5950231641443214,0.9779227052973385,0.0,0.0,0.0,0.0,0.0,0.0,0.0,0.0,66.94589370975906,11.417420843798013,True,False,True,False,True,7.64019384387403,0,0.929120570035627,0.9713940454611744,False,False,False,False,0.01787120864029342,-0.0001315022226416225,False,False,False,False,-594142.0,-759825.398015452,False,False,False,False,35236.5725223245,False,False,False,False
2025-03-26 14:00:00+00:00,0.6308,0.6681,0.6303,0.6614,28138.0,,,,,,,,,,,,,,,,,,,,,,,0.6627616843034949,"rgba(38, 166, 154, 1.0)",0.0,0.0,0.08728856179259681,0.5956652676722655,0.7530738389747381,0.0,0.0,0.0,0.0,0.0,0.0,0.0,0.0,66.00169755914781,11.417420843798013,True,False,True,False,True,6.113213026899437,0,0.9198963193364439,0.9783307413167445,False,False,False,False,-0.013338850725823841,-0.006735176474232732,False,False,False,False,-622280.0,-757692.9112245147,False,False,False,False,35126.51713438149,False,False,False,False
2025-03-26 15:00:00+00:00,0.654,0.6919,0.6464,0.6466,39572.0,,,,,,,,,,,,,,,,,,,,,,,0.6626326471752695,"rgba(38, 166, 154, 1.0)",0.0,0.0,0.08858889457173294,0.5967586415878854,0.5626140686489389,0.0,0.0,0.0,0.0,0.0,0.0,0.0,0.0,63.94328355145937,11.417420843798013,True,False,True,False,False,4.825633203110332,0,0.9267760244495727,0.9763404644587202,False,False,False,False,0.037872722214252454,0.01556877287000986,False,False,False,False,-661852.0,-756207.0056241347,False,False,False,False,35195.43934935232,False,False,False,False
2025-03-26 16:00:00+00:00,0.6616,0.6918,0.6458,0.68,7508.0,,,,,,,,,,,,,,,,,,,,,,,0.6628429038404787,"rgba(38, 166, 154, 1.0)",0.0,0.0,0.09057480153924735,0.5970128869870354,0.9162273789471699,0.0,0.0,0.0,0.0,0.0,0.0,0.0,0.0,64.51435590020793,11.417420843798013,True,False,True,False,False,7.300361824533141,0,0.9413544577756299,0.9666743712046396,False,False,False,False,0.03740718108901909,0.026487976979514473,False,False,False,False,-654344.0,-754627.7342191093,False,False,False,False,34766.17672378096,False,False,False,False
2025-03-26 17:00:00+00:00,0.6686,0.6914,0.6405,0.6405,5048.0,,,,,,,,,,,,,,,,,,,,,,,0.6627672204111114,"rgba(38, 166, 154, 1.0)",0.0,0.0,0.09133601535484823,0.5971321611687997,0.47481640908805195,0.0,0.0,0.0,0.0,0.0,0.0,0.0,0.0,61.353285684664556,16.157466803693538,True,False,True,False,False,3.9408555196656465,0,0.9331200869710653,0.9673022244522494,False,False,False,False,0.03361693153144469,0.03005245425547958,False,False,False,False,-659392.0,-753151.2112079603,False,False,False,False,34305.42979783087,False,False,False,False
2025-03-26 18:00:00+00:00,0.6404,0.6512,0.6307,0.6318,7920.0,,,,,,,,,,,,,,,,,,,,,,,0.6622298573841298,"rgba(38, 166, 154, 1.0)",0.0,0.0,0.09177855452266855,0.5972177181147259,0.37680133518263886,0.0,0.0,0.0,0.0,0.0,0.0,0.0,0.0,58.53868842399461,13.405722999302021,False,False,True,False,False,3.223217444889631,0,0.9284916671933927,0.9840085961696478,False,False,False,False,0.0006312898570390528,0.015341872056259318,False,False,False,False,-667312.0,-751820.370724116,False,False,False,False,33896.35336685675,False,False,False,False
2025-03-26 19:00:00+00:00,0.6317,0.6722,0.6311,0.6331,13046.0,,,,,,,,,,,,,,,,,,,,,,,0.6616536758396895,"rgba(38, 166, 154, 1.0)",0.0,0.0,0.09216805449975843,0.5974225484334549,0.3870912949197449,0.0,0.0,0.0,0.0,0.0,0.0,0.0,0.0,56.76336638160959,11.653477990161413,False,False,True,False,False,3.3225711542224126,0,0.9277075374126684,0.9786605314815204,False,False,False,False,0.037163247055619894,0.026252559555939605,False,False,False,False,-654266.0,-750307.8998601761,False,False,False,False,33573.09207434734,False,False,False,False
2025-03-27 14:00:00+00:00,0.5796,0.5917,0.5639,0.5834,53511.0,,,,,,,,,,,,,,,,,,,,,,,0.6515231025601949,"rgba(38, 166, 154, 1.0)",0.0,0.0,0.09160141837683966,0.5961789579315239,-0.13950611418430664,0.0,0.0,0.0,0.0,0.0,0.0,0.0,0.0,51.73281782501524,6.9451491261608425,False,True,False,False,False,0.0,0,0.9271167599991612,0.9795507456112754,False,False,False,False,-0.05353647910305928,-0.013641959773559838,False,False,False,False,-707777.0,-749648.5060638943,False,False,False,False,33882.20692590784,False,False,False,False
2025-03-27 15:00:00+00:00,0.5915,0.5935,0.5626,0.5728,34167.0,,,,,,,,,,,,,,,,,,,,,,,0.6460223187003772,"rgba(38, 166, 154, 1.0)",0.0,0.0,0.09069980923130305,0.5954485856893291,-0.24970929797184716,0.0,0.0,0.0,0.0,0.0,0.0,0.0,0.0,47.69202138276304,3.306159679348056,False,True,False,True,False,0.0,0,0.9323988719114366,0.9750599823210003,False,False,False,False,-0.04612811440125395,-0.029885037087406894,False,False,False,False,-741944.0,-749529.0563574772,False,False,False,False,33886.62232240539,False,False,False,False
2025-03-27 16:00:00+00:00,0.5761,0.5773,0.5666,0.5666,4964.0,,,,,,,,,,,,,,,,,,,,,,,0.6452248814936704,"rgba(38, 166, 154, 1.0)",0.0,0.0,0.08984627311576683,0.5953326563882884,-0.3197979770542777,0.0,0.0,0.0,0.0,0.0,0.0,0.0,0.0,44.58194553768794,0.5396823639982955,False,True,False,True,False,0.0,0,0.9495262741407703,0.9765168851722735,False,False,False,False,-0.0554706130332957,-0.042677825060351296,False,False,False,False,-746908.0,-749488.4198248031,False,False,False,False,33438.20957322081,False,False,False,False
2025-03-27 17:00:00+00:00,0.5666,0.5717,0.5613,0.5615,25308.0,,,,,,,,,,,,,,,,,,,,,,,0.6411353762608751,"rgba(38, 166, 154, 1.0)",0.0,0.0,0.08871909373293306,0.5946962899055035,-0.3741730050290272,0.0,0.0,0.0,0.0,0.0,0.0,0.0,0.0,42.14611272370079,-1.6709735826183447,False,True,False,True,False,0.0,0,0.9424109850125617,0.9865719483669756,False,False,False,False,-0.05119855573086253,-0.04693819039560691,False,False,False,False,-772216.0,-749840.7854089147,False,False,False,False,33312.15981239569,False,False,False,False
2025-03-27 18:00:00+00:00,0.5615,0.57,0.5294,0.5451,14097.0,,,,,,,,,,,,,,,,,,,,,,,0.6385736585601047,"rgba(38, 166, 154, 1.0)",0.0,0.0,0.08703505190128646,0.594236399656273,-0.5645587448147042,0.0,0.0,0.0,0.0,0.0,0.0,0.0,0.0,39.36666881073825,-4.275676456914738,False,True,False,True,False,0.0,0,0.9352805301901862,0.9781318135699328,False,False,False,False,-0.07218473270272342,-0.05956146154916517,False,False,False,False,-786313.0,-750406.2461002494,False,False,False,False,33014.25035793994,False,False,False,False
2025-03-27 19:00:00+00:00,0.5594,0.5653,0.5328,0.536,5155.0,,,,,,,,,,,,,,,,,,,,,,,0.6376372054305345,"rgba(239, 83, 80, 1.0)",0.0,0.0,0.08554364141996502,0.5940630488899048,-0.6787535335893877,0.0,0.0,0.0,0.0,0.0,0.0,0.0,0.0,36.89535184918951,-6.6423336468561445,False,True,False,True,False,0.0,0,0.9377260981912142,0.9766365202411713,False,False,False,False,-0.06705630781952844,-0.06330888468434681,False,False,False,False,-791468.0,-751042.8624397803,False,False,False,False,32582.32399580134,False,False,False,False
2025-03-28 14:00:00+00:00,0.5094,0.5174,0.5,0.502,23050.0,,,,,,,,,,,,,,,,,,,,,,,0.6320361648391617,"rgba(239, 83, 80, 1.0)",0.0,0.0,0.08448674317887477,0.592856819339512,-1.0753973454409351,0.0,0.0,0.0,0.0,0.0,0.0,0.0,0.0,33.2516806923848,-10.113148014309864,False,True,False,True,False,0.0,0,0.9356764068102285,0.981128024561479,False,False,False,False,-0.13399567505057938,-0.0986522798674631,False,False,False,False,-814518.0,-752026.9730996286,False,False,False,False,32434.536026874186,False,False,False,False
2025-03-28 15:00:00+00:00,0.5022,0.5234,0.4799,0.5209,12309.0,,,,,,,,,,,,,,,,,,,,,,,0.6292723605788155,"rgba(239, 83, 80, 1.0)",0.0,0.0,0.08381270350292154,0.5857734386892519,-0.7740287089890917,0.0,0.0,0.0,0.0,0.0,0.0,0.0,0.0,33.411522922984034,-10.113148014309864,False,True,False,True,False,0.0,0,0.9333833297621598,0.9805442468395114,False,False,False,False,-0.09781323999166718,-0.09823275992956514,False,False,False,False,-802209.0,-752804.9890205645,False,False,False,False,32122.512212504043,False,False,False,False
2025-03-28 16:00:00+00:00,0.5226,0.5277,0.5192,0.526,10560.0,,,,,,,,,,,,,,,,,,,,,,,0.627302295874239,"rgba(239, 83, 80, 1.0)",0.0,0.0,0.08306641556366065,0.5859615696405625,-0.7218509337821244,0.0,0.0,0.0,0.0,0.0,0.0,0.0,0.0,34.19985535856763,-10.113148014309864,False,True,False,True,False,0.0,0,0.963906628495926,0.9790574763268002,False,False,False,False,-0.051238962039159924,-0.07473586098436252,False,False,False,False,-791649.0,-753407.2217489278,False,False,False,False,31788.209697581497,False,False,False,False
2025-03-28 17:00:00+00:00,0.526,0.5291,0.5205,0.5291,3341.0,,,,,,,,,,,,,,,,,,,,,,,0.6267057212062536,"rgba(239, 83, 80, 1.0)",0.0,0.0,0.08190551438387196,0.5859482504765551,-0.6940711001474288,0.0,0.0,0.0,0.0,0.0,0.0,0.0,0.0,35.167893437712436,-10.113148014309864,False,True,False,True,False,0.0,0,0.9635490439093485,0.9697459277620396,False,False,False,False,-0.04836412456480623,-0.06154999277458438,False,False,False,False,-788308.0,-753948.3190861538,False,False,False,False,31347.16768676628,False,False,False,False
2025-03-28 18:00:00+00:00,0.5295,0.5476,0.5295,0.5315,5889.0,,,,,,,,,,,,,,,,,,,,,,,0.625773770514735,"rgba(239, 83, 80, 1.0)",0.0,0.0,0.08087145070257432,0.5860418740916568,-0.6744268047354391,0.0,0.0,0.0,0.0,0.0,0.0,0.0,0.0,36.18400070281591,-10.113148014309864,False,True,False,True,True,0.0,0,0.9632146256169629,0.9652287465970207,False,False,False,False,-0.01912055021981516,-0.04033527149719977,False,False,False,False,-782419.0,-754389.7249917948,False,False,False,False,30952.467412552847,False,False,False,False
2025-03-28 19:00:00+00:00,0.5311,0.5485,0.5303,0.5309,8640.0,,,,,,,,,,,,,,,,,,,,,,,0.6244461420800419,"rgba(239, 83, 80, 1.0)",0.0,0.0,0.07979236360761761,0.5860486085515455,-0.6911514593394065,0.0,0.0,0.0,0.0,0.0,0.0,0.0,0.0,36.79836183428193,-10.113148014309864,False,True,False,True,True,0.0,0,0.9617316325170008,0.9703320147562114,False,False,False,False,-0.01731435075232861,-0.02882481112476419,False,False,False,False,-791059.0,-754958.2408833948,False,False,False,False,30606.537685226445,False,False,False,False
2025-03-31 14:00:00+00:00,0.4935,0.5267,0.4935,0.5201,19009.0,,,,,,,,,,,,,,,,,,,,,,,0.6209264608473507,"rgba(239, 83, 80, 1.0)",0.0,0.0,0.0785105141750849,0.585047251947194,-0.8272427283096919,0.0,0.0,0.0,0.0,0.0,0.0,0.0,0.0,36.05332969430154,-10.113148014309864,False,True,False,True,True,0.0,0,0.9544888612210413,0.9745875761483391,False,False,False,False,-0.06828232436363253,-0.04855356774419836,False,False,False,False,-810068.0,-755812.6557534197,False,False,False,False,30426.73089940898,False,False,False,False
2025-03-31 15:00:00+00:00,0.5241,0.5304,0.4981,0.5262,27913.0,,,,,,,,,,,,,,,,,,,,,,,0.6163581429916214,"rgba(239, 83, 80, 1.0)",0.0,0.0,0.0773307870814128,0.5840059471693524,-0.7475153085988259,0.0,0.0,0.0,0.0,0.0,0.0,0.0,0.0,36.75003906741777,-10.113148014309864,False,True,False,True,True,0.0,0,0.9572256646012394,0.9694627667843739,False,False,False,False,-0.057603038926757236,-0.0530783033354778,False,False,False,False,-782155.0,-756221.0641913512,False,False,False,False,30387.75832732512,False,False,False,False
2025-03-31 16:00:00+00:00,0.5262,0.5373,0.5176,0.5313,5793.0,,,,,,,,,,,,,,,,,,,,,,,0.6155565611440886,"rgba(239, 83, 80, 1.0)",0.0,0.0,0.07632009648793756,0.58387770151536,-0.6889103124190881,0.0,0.0,0.0,0.0,0.0,0.0,0.0,0.0,38.22364602302258,-10.113148014309864,False,True,False,True,True,0.0,0,0.977446147612938,0.9657640623944899,False,False,False,False,-0.02807952430167745,-0.040578913818577624,False,False,False,False,-776362.0,-756533.3267620279,False,False,False,False,30006.444244730927,False,False,False,False
2025-03-31 17:00:00+00:00,0.5313,0.5497,0.498,0.516,12555.0,,,,,,,,,,,,,,,,,,,,,,,0.6137228683814998,"rgba(239, 83, 80, 1.0)",0.0,0.0,0.07442107913635754,0.5834810913178196,-0.9067470144336089,0.0,0.0,0.0,0.0,0.0,0.0,0.0,0.0,37.26053917335984,-10.113148014309864,False,True,False,True,True,0.0,0,0.9754448639971058,0.9613810568204944,False,False,False,False,-0.036124379287963464,-0.038351646553270544,False,False,False,False,-788917.0,-757035.3992153298,False,False,False,False,29735.879217680835,False,False,False,False
2025-03-31 18:00:00+00:00,0.5155,0.5322,0.4975,0.4975,11481.0,,,,,,,,,,,,,,,,,,,,,,,0.6118948395727756,"rgba(239, 83, 80, 1.0)",0.0,0.0,0.07250003424665356,0.5829736338058118,-1.1789461162876218,0.0,0.0,0.0,0.0,0.0,0.0,0.0,0.0,34.714361768185974,-11.40275854659189,False,True,False,True,False,0.0,1,0.9639390048877174,0.9647949185755793,False,False,False,False,-0.05625927160036756,-0.04730545907681905,False,False,False,False,-800398.0,-757707.6875995883,False,False,False,False,29452.857834460978,False,False,False,False
2025-03-31 19:00:00+00:00,0.5143,0.5347,0.4973,0.5225,7118.0,,,,,,,,,,,,,,,,,,,,,,,0.6108907124312365,"rgba(239, 83, 80, 1.0)",0.0,0.0,0.07043286773700068,0.5827391426028663,-0.8552703381012662,0.0,0.0,0.0,0.0,0.0,0.0,0.0,0.0,37.645116152730026,-11.40275854659189,False,True,False,True,True,0.0,1,0.9653988556041736,0.9636486031639179,False,False,False,False,-0.05368428059806888,-0.050494869837443966,False,False,False,False,-793280.0,-758259.1963189745,False,False,False,False,29106.58096881042,False,False,False,False
2025-04-01 14:00:00+00:00,0.511,0.5398,0.503,0.5392,13652.0,,,,,,,,,,,,,,,,,,,,,,,0.609208392926756,"rgba(239, 83, 80, 1.0)",0.0,0.0,0.06818675071429307,0.5824218080224649,-0.6338739941365894,0.0,0.0,0.0,0.0,0.0,0.0,0.0,0.0,42.030382616359674,-12.298995181116553,False,True,False,True,True,0.0,1,0.9643887063241902,0.964925222989739,False,False,False,False,-0.041601960692608825,-0.0460484152650264,False,False,False,False,-779628.0,-758590.4956008508,False,False,False,False,28866.975062317237,False,False,False,False
2025-04-01 15:00:00+00:00,0.5295,0.5649,0.5286,0.5525,36684.0,,,,,,,,,,,,,,,,,,,,,,,0.6061011392312381,"rgba(239, 83, 80, 1.0)",0.0,0.0,0.06617363885475436,0.582232628854244,-0.44931228460179806,0.0,0.0,0.0,0.0,0.0,0.0,0.0,0.0,46.65435899912882,-8.184685455247887,False,False,False,False,True,0.0,1,0.9706617844065374,0.9612619451638832,False,False,False,False,0.015013695203039343,-0.015517360030993528,False,False,False,False,-742944.0,-758347.9142737058,False,False,False,False,28988.16924739759,False,False,False,False
2025-04-01 16:00:00+00:00,0.5525,0.557,0.5354,0.5477,16796.0,,,,,,,,,,,,,,,,,,,,,,,0.6047373149868247,"rgba(239, 83, 80, 1.0)",0.0,0.0,0.06371258345170337,0.5820745025098542,-0.5395245436234963,0.0,0.0,0.0,0.0,0.0,0.0,0.0,0.0,48.98422035306262,-6.2204351189487,False,False,False,False,True,0.0,1,0.9786188638607197,0.9571704208920399,False,False,False,False,0.013785637715498022,-0.0008658611577477531,False,False,False,False,-759740.0,-758369.4969981444,False,False,False,False,28799.143367592977,False,False,False,False
2025-04-01 17:00:00+00:00,0.5477,0.548,0.5329,0.5383,18177.0,,,,,,,,,,,,,,,,,,,,,,,0.6031612985134085,"rgba(239, 83, 80, 1.0)",0.0,0.0,0.06125970581676779,0.5817906809265833,-0.7099394348491818,0.0,0.0,0.0,0.0,0.0,0.0,0.0,0.0,49.0760427094396,-6.1635998306151265,False,False,False,False,True,0.0,1,0.9815173781724744,0.958121083712753,False,False,False,False,0.0009486453213898107,4.1392081821028806e-05,False,False,False,False,-777917.0,-758672.5590601886,False,False,False,False,28634.45897429696,False,False,False,False
2025-04-01 18:00:00+00:00,0.5382,0.5464,0.5308,0.5348,9003.0,,,,,,,,,,,,,,,,,,,,,,,0.6023801886141743,"rgba(239, 83, 80, 1.0)",0.0,0.0,0.05951559559408858,0.5816330475129002,-0.7869037862329971,0.0,0.0,0.0,0.0,0.0,0.0,0.0,0.0,48.593733099496205,-6.1635998306151265,False,False,False,False,True,0.0,1,0.9819568957710767,0.9571447976093452,False,False,False,False,-0.003181247605986304,-0.0015699277620826375,False,False,False,False,-786920.0,-759110.5038809609,False,False,False,False,28330.095269269095,False,False,False,False
2025-04-01 19:00:00+00:00,0.5348,0.5529,0.533,0.5496,12458.0,,,,,,,,,,,,,,,,,,,,,,,0.6014559407924168,"rgba(239, 83, 80, 1.0)",0.0,0.0,0.057581707305501065,0.5814868174101578,-0.5537664460169899,0.0,0.0,0.0,0.0,0.0,0.0,0.0,0.0,50.64714215659763,-4.365914760268929,False,False,False,False,True,0.0,1,0.9886162637761349,0.9476847022540703,False,False,False,False,0.006529659337200644,0.0024798657875590036,False,False,False,False,-774462.0,-759348.5115727289,False,False,False,False,28084.01627284632,False,False,False,False
2025-04-02 14:00:00+00:00,0.566,0.6195,0.566,0.5972,77294.0,,,,,,,,,,,,,,,,,,,,,,,0.6007979819968045,"rgba(38, 166, 154, 1.0)",0.0,0.0,0.05548474696658646,0.5837217290467412,0.24291849003791033,0.0,0.0,0.0,0.0,0.0,0.0,0.0,0.0,56.99118203703968,1.6003218767255518,True,False,True,False,True,2.3508808845052798,0,0.9908606245239908,0.9345907441422876,False,False,False,False,0.11824961782228932,0.06036474180492416,False,False,False,False,-697168.0,-758384.4726336168,False,False,False,False,28846.961756988236,False,False,False,False
2025-04-02 15:00:00+00:00,0.5972,0.6156,0.5705,0.6139,44657.0,,,,,,,,,,,,,,,,,,,,,,,0.6007580827182721,"rgba(38, 166, 154, 1.0)",0.0,0.0,0.05406538327311339,0.5845457646829091,0.5429395583641172,0.0,0.0,0.0,0.0,0.0,0.0,0.0,0.0,62.38485170258891,6.428464906325985,True,False,True,False,True,3.7835975886075666,0,0.9949362005889177,0.9351521370571966,False,False,False,False,0.11892879106934108,0.08964676643713262,False,False,False,False,-652511.0,-756743.0234454987,False,False,False,False,29092.07862897291,False,False,False,False
2025-04-02 16:00:00+00:00,0.5978,0.6163,0.5674,0.6116,15094.0,,,,,,,,,,,,,,,,,,,,,,,0.6007194473866753,"rgba(38, 166, 154, 1.0)",0.0,0.0,0.05217073968499451,0.5847490996233171,0.5146735610575567,0.0,0.0,0.0,0.0,0.0,0.0,0.0,0.0,65.55291561990717,9.156040856755702,True,False,True,False,True,3.565852139949694,0,1.008386922696407,0.9315780006295812,False,False,False,False,0.11621274688415306,0.10292975666064284,False,False,False,False,-667605.0,-755361.0385858786,False,False,False,False,28875.054154105113,False,False,False,False
2025-04-02 17:00:00+00:00,0.613,0.6131,0.5678,0.57,14639.0,,,,,,,,,,,,,,,,,,,,,,,0.6004484190786197,"rgba(38, 166, 154, 1.0)",0.0,0.0,0.0521683291448552,0.5847183471626496,-0.2821318490339488,0.0,0.0,0.0,0.0,0.0,0.0,0.0,0.0,61.36310994166688,9.156040856755702,True,False,True,False,False,0.0,0,1.0038516983512027,0.9376295161726281,False,False,False,False,0.11304618173148209,0.10798796919606246,False,False,False,False,-682244.0,-754227.4410884231,False,False,False,False,28654.34013621201,False,False,False,False
2025-04-02 18:00:00+00:00,0.57,0.5917,0.5593,0.5625,11108.0,,,,,,,,,,,,,,,,,,,,,,,0.6001001645650804,"rgba(38, 166, 154, 1.0)",0.0,0.0,0.05215556225249667,0.5845708395700313,-0.4231732650715463,0.0,0.0,0.0,0.0,0.0,0.0,0.0,0.0,57.67557562645389,14.897357432371209,True,False,True,False,False,0.0,0,0.9928698351289953,0.9455228412694842,False,False,False,False,0.07935934508667106,0.09367365714136676,False,False,False,False,-693352.0,-753283.6358002305,False,False,False,False,28382.303855030426,False,False,False,False
2025-04-02 19:00:00+00:00,0.5625,0.5908,0.5502,0.5634,19944.0,,,,,,,,,,,,,,,,,,,,,,,0.5994318215030386,"rgba(38, 166, 154, 1.0)",0.0,0.0,0.05202070731150597,0.5842865106538581,-0.4015037805769772,0.0,0.0,0.0,0.0,0.0,0.0,0.0,0.0,55.32970175699968,12.740328744287638,True,False,True,False,False,0.0,0,0.991994259188662,0.9449913663579484,False,False,False,False,0.06813656947238514,0.08090511330687594,False,False,False,False,-673408.0,-752045.2538498393,False,False,False,False,28251.477438673362,False,False,False,False
2025-04-03 14:00:00+00:00,0.5151,0.5462,0.5095,0.5107,14805.0,,,,,,,,,,,,,,,,,,,,,,,0.5982504718568513,"rgba(38, 166, 154, 1.0)",0.0,0.0,0.051667637003386314,0.5835218671213809,-1.4094290225931576,0.0,0.0,0.0,0.0,0.0,0.0,0.0,0.0,48.549297822897145,6.462401040181035,False,False,False,True,False,0.0,0,0.9843662633356444,0.9510858625394198,False,False,False,False,-0.027185894803678935,0.026859609251598505,False,False,False,False,-688213.0,-751055.6065033302,False,False,False,False,28043.00492024432,False,False,False,False
2025-04-03 15:00:00+00:00,0.5106,0.5361,0.5064,0.5169,13465.0,,,,,,,,,,,,,,,,,,,,,,,0.5971749828699306,"rgba(38, 166, 154, 1.0)",0.0,0.0,0.0502429690119455,0.5828553522194433,-1.31272799988715,0.0,0.0,0.0,0.0,0.0,0.0,0.0,0.0,44.88058918510494,3.165623924674094,False,True,False,True,False,0.0,0,0.9813063164029229,0.9549692921504459,False,False,False,False,-0.041937400549778174,-0.007538895649089834,False,False,False,False,-674748.0,-749872.5428366119,False,False,False,False,27816.989340085493,False,False,False,False
2025-04-03 16:00:00+00:00,0.5314,0.5486,0.5157,0.5431,11741.0,,,,,,,,,,,,,,,,,,,,,,,0.5964499798778992,"rgba(38, 166, 154, 1.0)",0.0,0.0,0.048708586733981526,0.5824609287227986,-0.8080901410210385,0.0,0.0,0.0,0.0,0.0,0.0,0.0,0.0,45.711846735796826,3.165623924674094,False,True,False,True,False,0.0,0,0.9885521885521887,0.9482379349046016,False,False,False,False,-0.017581825758889447,-0.01256036070398964,False,False,False,False,-663007.0,-748525.7902344939,False,False,False,False,27567.749195277967,False,False,False,False
2025-04-03 17:00:00+00:00,0.5455,0.5529,0.5175,0.5327,5228.0,,,,,,,,,,,,,,,,,,,,,,,0.596125135447109,"rgba(38, 166, 154, 1.0)",0.0,0.0,0.04873255411560952,0.5822865417342022,-1.0175239659420854,0.0,0.0,0.0,0.0,0.0,0.0,0.0,0.0,45.22889546482656,3.165623924674094,False,True,False,True,False,0.0,0,0.9901943185387965,0.9461697257999371,False,False,False,False,-0.010771706709429545,-0.011666033706709593,False,False,False,False,-668235.0,-747280.9717812459,False,False,False,False,27221.396494575984,False,False,False,False
2025-04-03 18:00:00+00:00,0.5329,0.5329,0.5141,0.5283,4768.0,,,,,,,,,,,,,,,,,,,,,,,0.5957878126054194,"rgba(38, 166, 154, 1.0)",0.0,0.0,0.04831248256063179,0.5820968134979367,-1.1135178870268603,0.0,0.0,0.0,0.0,0.0,0.0,0.0,0.0,44.459697242549154,2.0176206311041724,False,True,False,True,False,0.0,0,0.9858674682578851,0.9506034366727982,False,False,False,False,-0.03690675061458691,-0.024286392160648252,False,False,False,False,-673003.0,-746129.3753195212,False,False,False,False,26873.28182024147,False,False,False,False
2025-04-03 19:00:00+00:00,0.5285,0.535,0.4991,0.5074,6386.0,,,,,,,,,,,,,,,,,,,,,,,0.595269794143207,"rgba(38, 166, 154, 1.0)",0.0,0.0,0.048082041299176086,0.5817939261167201,-1.5472289467459635,0.0,0.0,0.0,0.0,0.0,0.0,0.0,0.0,41.952501318998046,-0.8148506849951715,False,True,False,True,False,0.0,0,0.9817661780479083,0.9513317840543438,False,False,False,False,-0.0513338237099512,-0.03781010793529973,False,False,False,False,-679389.0,-745094.6408184433,False,False,False,False,26555.649543958658,False,False,False,False
2025-04-04 14:00:00+00:00,0.4714,0.4727,0.4203,0.4536,14514.0,,,,,,,,,,,,,,,,,,,,,,0.4488666666666667,0.5931963779287843,"rgba(239, 83, 80, 1.0)",0.0,0.0,0.04928993033503507,0.5716652702613955,-2.3953223195666635,1.0,0.4727,0.4203,0.0,0.0,0.0,0.0,0.0,36.739999458778684,-6.003584530263744,False,True,False,True,False,0.0,0,0.9660423864961819,0.9607605801184007,False,False,False,False,-0.21189789740687262,-0.12485400267108618,False,False,False,False,-693903.0,-744300.9719685449,True,False,False,False,26368.95730296705,False,False,False,False
2025-04-04 15:00:00+00:00,0.4536,0.482,0.4536,0.4703,5880.0,,,,,,,,,,,,,,,,,,,,,,0.45456579386093954,0.5924857686173001,"rgba(239, 83, 80, 1.0)",0.0,0.0,0.04975508658862548,0.5716329490742394,-2.0366349658289047,0.0,0.0,0.0,0.0,0.0,0.0,0.0,0.0,35.50660423253457,-7.388685344753242,False,True,False,True,False,0.0,0,0.9727386465901359,0.9590860203252926,False,False,False,False,-0.1626522791721727,-0.14375314092162944,False,False,False,False,-688023.0,-743428.4452713581,False,False,False,False,26051.299050207872,False,False,False,False
2025-04-04 16:00:00+00:00,0.4711,0.4853,0.4666,0.4737,8373.0,,,,,,,,,,,,,,,,,,,,,,0.4605716411165572,0.5915406702653596,"rgba(239, 83, 80, 1.0)",0.0,0.0,0.05017773814557191,0.571499470447893,-1.9490609593474386,0.0,0.0,0.0,0.0,0.0,0.0,0.0,0.0,35.1413522731073,-8.098692101623314,False,True,False,True,False,0.0,0,0.9838959088097551,0.957563842007599,False,False,False,False,-0.1440268193950568,-0.14388998015834312,False,False,False,False,-679650.0,-742439.6321663759,False,False,False,False,25777.216894390695,False,False,False,False
2025-04-04 17:00:00+00:00,0.4668,0.492,0.4664,0.4881,5873.0,,,,,,,,,,,,,,,,,,,,,,0.4642329455350269,0.5909259508393033,"rgba(239, 83, 80, 1.0)",0.0,0.0,0.050745203936162275,0.5714062360058381,-1.6416573300333517,0.0,0.0,0.0,0.0,0.0,0.0,0.0,0.0,36.84119946752817,-8.098692101623314,False,True,False,True,False,0.0,0,0.9830946127871819,0.9562357926331353,False,False,False,False,-0.1366277818659025,-0.1402588810121228,False,False,False,False,-673777.0,-741375.0952335638,False,False,False,False,25468.624384400144,False,False,False,False
2025-04-04 18:00:00+00:00,0.4881,0.4955,0.4744,0.4767,9043.0,,,,,,,,,,,,,,,,,,,,,,0.46795238040732856,0.589993112535741,"rgba(239, 83, 80, 1.0)",0.0,0.0,0.051475797969305466,0.5711488107722769,-1.834819750217292,0.0,0.0,0.0,0.0,0.0,0.0,0.0,0.0,36.99043521386292,-8.098692101623314,False,True,False,True,False,0.0,0,0.9857945160224645,0.9528025547847154,False,False,False,False,-0.12357299214779015,-0.13191593657995648,False,False,False,False,-682820.0,-740467.26429971,False,False,False,False,25213.963541231147,False,False,False,False
2025-04-04 19:00:00+00:00,0.4768,0.5241,0.4765,0.5241,3220.0,,,,,,,,,,,,,,,,,,,,,,0.47071776147936517,0.5897440941326774,"rgba(239, 83, 80, 1.0)",0.0,0.0,0.05156843873799216,0.5712114224986169,-0.9135708516982569,0.0,0.0,0.0,0.0,0.0,0.0,0.0,0.0,42.430332082360444,-13.57802693835464,False,True,False,True,True,0.0,0,0.9871022839249349,0.9484310333501216,False,False,False,False,-0.0889145289677689,-0.1104152327738627,False,False,False,False,-679600.0,-739523.5857834355,False,False,False,False,24872.971858421362,False,False,False,False
2025-04-07 14:00:00+00:00,0.5271,0.5745,0.5191,0.5399,18668.0,,,,,,,,,,,,,,,,,,,,,,0.4917234931092505,0.588959050425154,"rgba(239, 83, 80, 1.0)",0.0,0.0,0.05157558494251266,0.5723546718053062,-0.6292642505456967,0.0,0.0,0.0,0.0,0.0,0.0,0.0,0.0,47.41759472227231,-8.860400084686525,False,False,False,False,True,0.0,0,0.9958891595615103,0.9390551592135026,False,False,False,False,0.015125338982571125,-0.04764494689564579,False,False,False,False,-660932.0,-738305.1115852427,False,False,False,False,24776.77074433731,False,False,False,False
2025-04-07 15:00:00+00:00,0.5399,0.5588,0.5089,0.5563,6526.0,,,,,,,,,,,,,,,,,,,,,,0.496214024161893,0.5886719086372922,"rgba(239, 83, 80, 1.0)",0.0,0.0,0.051574856364406736,0.572553920964913,-0.3151520355203597,0.0,0.0,0.0,0.0,0.0,0.0,0.0,0.0,52.05808547478567,-4.6054055183421525,True,False,True,False,True,0.0,0,0.9933866436135724,0.942295223687054,False,False,False,False,-0.013785860994786332,-0.03071540394521606,False,False,False,False,-654406.0,-737004.3501653165,False,False,False,False,24493.813058378593,False,False,False,False
2025-04-07 16:00:00+00:00,0.556,0.5632,0.5396,0.5563,3640.0,,,,,,,,,,,,,,,,,,,,,,0.4989448200131155,0.5885524626682664,"rgba(239, 83, 80, 1.0)",0.0,0.0,0.05157701324714017,0.5727070392940359,-0.3181075882664764,0.0,0.0,0.0,0.0,0.0,0.0,0.0,0.0,55.15174597646124,-1.8012889862571768,True,False,True,False,True,0.0,0,1.0095045456522684,0.9385575710122235,False,False,False,False,0.025398541217939885,-0.0026584313636380877,False,False,False,False,-654406.0,-735723.7555891101,False,False,False,False,24170.498127240942,False,False,False,False
2025-04-07 17:00:00+00:00,0.5563,0.5793,0.5448,0.5665,2730.0,,,,,,,,,,,,,,,,,,,,,,0.5011919639253869,0.5884897299211994,"rgba(239, 83, 80, 1.0)",0.0,0.0,0.051460124613387816,0.5728528232458184,-0.12345137703311515,0.0,0.0,0.0,0.0,0.0,0.0,0.0,0.0,58.09001146965524,0.9359632155881741,True,False,True,False,True,0.8508886585869462,0,1.0143393279389115,0.9289758552617308,False,False,False,False,0.049207484996817256,0.023274526816589584,False,False,False,False,-651676.0,-734420.6896109843,False,False,False,False,23838.087303562785,False,False,False,False
2025-04-07 18:00:00+00:00,0.5665,0.5667,0.5489,0.554,3793.0,,,,,,,,,,,,,,,,,,,,,,0.5037437486830376,0.5883787895068588,"rgba(239, 83, 80, 1.0)",0.0,0.0,0.05134733102707268,0.5730010330530816,-0.3700490886870696,0.0,0.0,0.0,0.0,0.0,0.0,0.0,0.0,58.22217272239745,1.2124217667557247,True,False,True,False,True,0.0,0,1.0149742832960782,0.9312919117168341,False,False,False,False,0.0397010857502303,0.03148780628340994,False,False,False,False,-655469.0,-733196.6324077132,False,False,False,False,23527.310756220726,False,False,False,False
2025-04-07 19:00:00+00:00,0.5555,0.5808,0.5468,0.5755,4068.0,,,,,,,,,,,,,,,,,,,,,,0.5067575336700337,0.5883020814145973,"rgba(38, 166, 154, 1.0)",0.0,0.0,0.051259992020894415,0.5732060135761561,0.04475198558183278,0.0,0.0,0.0,0.0,0.0,0.0,0.0,0.0,60.27801584004045,3.435420881852302,True,False,True,False,True,1.6210883602486206,0,1.0143404062033612,0.9283844872709969,False,False,False,False,0.053124371354414404,0.04230608881891217,False,False,False,False,-651401.0,-731928.4830680587,False,False,False,False,23225.6160158142,False,False,False,False
2025-04-08 14:00:00+00:00,0.6246,0.6364,0.5822,0.585,39987.0,,,,,,,,,,,,,,,,,,,,,,0.5366547818284976,0.5887558346361625,"rgba(38, 166, 154, 1.0)",0.0,0.0,0.05124753044368825,0.5775630030565111,0.14511912826044923,0.0,0.0,0.0,0.0,0.0,0.0,0.0,0.0,62.43223905223652,5.754905409526579,True,False,True,False,True,2.435756390054859,0,1.0204899586342886,0.9161326274728336,False,False,False,False,0.1558980571226007,0.09910207297075643,False,False,False,False,-611414.0,-730060.0414701042,False,False,False,False,23485.482434173668,False,False,False,False
2025-04-08 15:00:00+00:00,0.585,0.5981,0.5718,0.5978,4701.0,,,,,,,,,,,,,,,,,,,,,,0.5385413588162261,0.5887578013954481,"rgba(38, 166, 154, 1.0)",0.0,0.0,0.0513143158291055,0.577652468373384,0.3926298402518755,0.0,0.0,0.0,0.0,0.0,0.0,0.0,0.0,64.8769060772526,8.327966319655502,True,False,True,False,True,3.526727780478467,0,1.0161925133689838,0.9262032085561496,False,False,False,False,0.10062732370137156,0.099864698336064,False,False,False,False,-606713.0,-728147.6842380096,False,False,False,False,23194.250148372525,False,False,False,False
2025-04-08 16:00:00+00:00,0.5878,0.5974,0.5519,0.556,2318.0,,,,,,,,,,,,,,,,,,,,,,0.539061028194859,0.5887166067997613,"rgba(38, 166, 154, 1.0)",0.0,0.0,0.05125501953006364,0.577586805458256,-0.4211647104259561,0.0,0.0,0.0,0.0,0.0,0.0,0.0,0.0,60.68145991330603,8.327966319655502,True,False,True,False,False,0.0,0,1.0198570633799804,0.9251080583729191,False,False,False,False,0.07745014269446145,0.08865742051526272,False,False,False,False,-609031.0,-726300.9139397459,False,False,False,False,22870.587355374497,False,False,False,False
2025-04-08 17:00:00+00:00,0.556,0.5711,0.5474,0.5698,1172.0,,,,,,,,,,,,,,,,,,,,,,0.5392675840978594,0.5886900407633224,"rgba(38, 166, 154, 1.0)",0.0,0.0,0.050936700763642546,0.5775415146387884,-0.15198304017982625,0.0,0.0,0.0,0.0,0.0,0.0,0.0,0.0,59.23810420921254,8.327966319655502,True,False,True,False,False,0.9701221883126223,0,1.0187254734686912,0.9273588124893363,False,False,False,False,0.04294355337000544,0.06580048694263407,False,False,False,False,-607859.0,-724464.6051964939,False,False,False,False,22534.17514831443,False,False,False,False
2025-04-08 18:00:00+00:00,0.5698,0.5705,0.5459,0.5675,3144.0,,,,,,,,,,,,,,,,,,,,,,0.5397708163215885,0.5886150259648096,"rgba(38, 166, 154, 1.0)",0.0,0.0,0.050596194957173636,0.5774210217961739,-0.19608236952544414,0.0,0.0,0.0,0.0,0.0,0.0,0.0,0.0,57.98080156274279,14.350115446919347,True,False,True,False,False,0.7662999939047239,0,1.018309500572835,0.9261042983833326,False,False,False,False,0.04059547335131177,0.053197980146972926,False,False,False,False,-611003.0,-722705.5105422847,False,False,False,False,22233.552277797924,False,False,False,False
2025-04-08 19:00:00+00:00,0.5675,0.5675,0.5218,0.5324,8386.0,,,,,,,,,,,,,,,,,,,,,,0.5398165173884065,0.5882665730387282,"rgba(38, 166, 154, 1.0)",0.0,0.0,0.05059211650299313,0.5768178901040655,-0.8779607016725154,0.0,0.0,0.0,0.0,0.0,0.0,0.0,0.0,53.21546457820859,9.689632241045459,True,False,False,False,False,0.0,0,1.019582549114979,0.9269778163131518,False,False,False,False,0.010324960040400353,0.03176147009368664,False,False,False,False,-619389.0,-721103.704177288,False,False,False,False,22018.86154480881,False,False,False,False
2025-04-09 14:00:00+00:00,0.5218,0.5418,0.5072,0.5164,3938.0,,,,,,,,,,,,,,,,,,,,,,0.5393434417521259,0.5880409864907105,"rgba(38, 166, 154, 1.0)",0.0,0.0,0.050473979631291195,0.5764374851199869,-1.1894739736901367,0.0,0.0,0.0,0.0,0.0,0.0,0.0,0.0,48.60822990660855,5.351260748434548,False,False,False,True,False,0.0,0,1.0174913596897919,0.929001938801315,False,False,False,False,-0.03467152050929348,-0.001455025207803419,False,False,False,False,-623327.0,-719587.7862830665,False,False,False,False,21738.538110005575,False,False,False,False
2025-04-09 15:00:00+00:00,0.5148,0.5417,0.507,0.5321,5692.0,,,,,,,,,,,,,,,,,,,,,,0.5388896603411577,0.5877426754032373,"rgba(38, 166, 154, 1.0)",0.0,0.0,0.050463399884749204,0.5759959810792609,-0.8698577816697379,0.0,0.0,0.0,0.0,0.0,0.0,0.0,0.0,47.513026733042096,4.2679290931047476,False,True,False,True,False,0.0,0,1.0184325992484202,0.9279281170617009,False,False,False,False,-0.03500678240310106,-0.01823090380545224,False,False,False,False,-617635.0,-718007.1229298407,False,False,False,False,21489.75457341634,False,False,False,False
2025-04-09 16:00:00+00:00,0.5137,0.5381,0.5026,0.503,8524.0,,,,,,,,,,,,,,,,,,,,,,0.5376269208437379,0.587211598200886,"rgba(38, 166, 154, 1.0)",0.0,0.0,0.05071587078567938,0.5752426566291758,-1.4244585671114016,0.0,0.0,0.0,0.0,0.0,0.0,0.0,0.0,44.223291086054054,1.0445686880844605,False,True,False,True,False,0.0,0,1.0196276215693691,0.931471441180179,False,False,False,False,-0.04395024042829794,-0.03109057211687509,False,False,False,False,-626159.0,-716583.1210239517,False,False,False,False,21288.735122665697,False,False,False,False
2025-04-09 17:00:00+00:00,0.5035,0.5708,0.501,0.5657,6279.0,,,,,,,,,,,,,,,,,,,,,,0.53792919318664,0.5869915627455116,"rgba(38, 166, 154, 1.0)",0.0,0.0,0.05070235319805184,0.5733494495868156,-0.15086971519715361,0.0,0.0,0.0,0.0,0.0,0.0,0.0,0.0,48.081238298777016,1.0445686880844605,False,True,False,False,True,0.7869245738617288,0,1.020589153742063,0.9206411991256375,False,False,False,False,-0.009208892403062944,-0.020149732259969015,False,False,False,False,-619880.0,-715083.8478297818,False,False,False,False,21056.02605099646,False,False,False,False
2025-04-09 18:00:00+00:00,0.5673,0.5878,0.5534,0.5582,7198.0,,,,,,,,,,,,,,,,,,,,,,0.5390853602526074,0.5868672020007054,"rgba(38, 166, 154, 1.0)",0.0,0.0,0.05067776497699204,0.5740436771402647,-0.31263567261614233,0.0,0.0,0.0,0.0,0.0,0.0,0.0,0.0,49.952031923864936,1.0445686880844605,False,False,False,False,True,0.16745660828085107,0,1.032055676742495,0.9165472109691493,False,False,False,False,0.06530211157688885,0.02257618965845992,False,False,False,False,-627078.0,-713719.4160804828,False,False,False,False,20841.172933926748,False,False,False,False
2025-04-09 19:00:00+00:00,0.5582,0.587,0.5507,0.5553,5328.0,,,,,,,,,,,,,,,,,,,,,,0.5398204688652696,0.5867665906315968,"rgba(38, 166, 154, 1.0)",0.0,0.0,0.05063264445676191,0.5741844044357447,-0.3729689538904323,0.0,0.0,0.0,0.0,0.0,0.0,0.0,0.0,50.910452537812134,1.0445686880844605,False,False,False,False,True,0.0,0,1.0294026038746653,0.9208040034053863,False,False,False,False,0.061334146111417805,0.04195516788493886,False,False,False,False,-632406.0,-712458.742962956,False,False,False,False,20600.65862487362,False,False,False,False
2025-04-10 14:00:00+00:00,0.5711,0.6089,0.5591,0.5877,24847.0,,,,,,,,,,,,,,,,,,,,,,0.5452494651385829,0.5867353164400401,"rgba(38, 166, 154, 1.0)",0.0,0.0,0.05074327779560185,0.5757611229180308,0.23527997403045106,0.0,0.0,0.0,0.0,0.0,0.0,0.0,0.0,54.20055827533049,-2.5472904694123883,True,False,True,False,True,2.5799150225644887,0,1.029427634582659,0.9199560038185365,False,False,False,False,0.09576285951999446,0.06885901370246666,False,False,False,False,-607559.0,-710832.3903588791,False,False,False,False,20666.49337487558,False,False,False,False
2025-04-10 15:00:00+00:00,0.5878,0.5967,0.5423,0.5503,24878.0,,,,,,,,,,,,,,,,,,,,,,0.5471577051105764,0.5862622807850255,"rgba(38, 166, 154, 1.0)",0.0,0.0,0.050634327884949135,0.5754781776573825,-0.4972550976600723,0.0,0.0,0.0,0.0,0.0,0.0,0.0,0.0,52.75477584349817,-2.5472904694123883,False,False,True,False,True,0.0,1,1.0190172040795302,0.9233130730400742,False,False,False,False,0.06280773004724965,0.06583337187485816,False,False,False,False,-632437.0,-709616.9579502143,False,False,False,False,20731.788051234096,False,False,False,False
2025-04-10 16:00:00+00:00,0.5503,0.5549,0.5399,0.5433,2952.0,,,,,,,,,,,,,,,,,,,,,,0.5471436213607613,0.586166970040862,"rgba(38, 166, 154, 1.0)",0.0,0.0,0.050516192462428104,0.5753598801479782,-0.6346456172805,0.0,0.0,0.0,0.0,0.0,0.0,0.0,0.0,51.18519708269591,-2.5472904694123883,False,False,False,False,False,0.0,1,1.0198285655272126,0.9320458535577817,False,False,False,False,0.012816666557937277,0.03932501921639772,False,False,False,False,-635389.0,-708466.1368967226,False,False,False,False,20456.13242253279,False,False,False,False
2025-04-10 17:00:00+00:00,0.5422,0.5586,0.5387,0.5586,942.0,,,,,,,,,,,,,,,,,,,,,,0.54716282271266,0.5861411331956083,"rgba(38, 166, 154, 1.0)",0.0,0.0,0.05046180876806064,0.5753339644637552,-0.3316164218502371,0.0,0.0,0.0,0.0,0.0,0.0,0.0,0.0,51.563065329219,-2.5472904694123883,False,False,False,False,False,0.1786218523690266,1,1.0205449692756503,0.9304615893902717,False,False,False,False,0.015640164577533547,0.027482591896965634,False,False,False,False,-634447.0,-707318.5533789439,False,False,False,False,20153.587733811353,False,False,False,False
2025-04-10 18:00:00+00:00,0.5589,0.582,0.5459,0.5564,1076.0,,,,,,,,,,,,,,,,,,,,,,0.5472274239555724,0.586119830705671,"rgba(38, 166, 154, 1.0)",0.0,0.0,0.05045933576421655,0.5753239554923837,-0.37503378127707504,0.0,0.0,0.0,0.0,0.0,0.0,0.0,0.0,51.58601163433886,-2.5472904694123883,False,False,False,False,False,0.0,1,1.0207236774206865,0.9263525089272813,False,False,False,False,0.05023369771518766,0.03885814480607665,False,False,False,False,-635523.0,-706205.4440242316,False,False,False,False,19857.811179798777,False,False,False,False
2025-04-10 19:00:00+00:00,0.5564,0.5819,0.5498,0.5803,1339.0,,,,,,,,,,,,,,,,,,,,,,0.5473587266259184,0.5861032685712945,"rgba(38, 166, 154, 1.0)",0.0,0.0,0.047845206750615946,0.5753346963992694,0.10377849606986476,0.0,0.0,0.0,0.0,0.0,0.0,0.0,0.0,53.83061765182849,-1.4343854583828275,True,False,True,False,False,1.9650998883077193,1,1.0220715522215813,0.9258511252163878,False,False,False,False,0.05453633537755302,0.046697240091814834,False,False,False,False,-634184.0,-705088.8324889722,False,False,False,False,19570.69782817399,False,False,False,False
2025-04-11 14:00:00+00:00,0.5891,0.6115,0.5674,0.5885,48509.0,,,,,,,,,,,,,,,,,,,,,,0.5544062973705505,0.5862165214010022,"rgba(38, 166, 154, 1.0)",0.0,0.0,0.04657683439976228,0.5768786884025184,0.2495084036355399,0.0,0.0,0.0,0.0,0.0,0.0,0.0,0.0,56.03094928062305,0.9451620900758826,True,False,True,False,True,2.6303461816751508,0,1.0257173350847666,0.9199335002668199,False,False,False,False,0.10819941509205756,0.0774483275919362,False,False,False,False,-585675.0,-703237.4552410811,False,False,False,False,20019.353675799197,False,False,False,False
2025-04-11 15:00:00+00:00,0.6125,0.625,0.5892,0.62,43772.0,,,,,,,,,,,,,,,,,,,,,,0.5619361888664192,0.587038160865737,"rgba(38, 166, 154, 1.0)",0.0,0.0,0.04587619677600582,0.5789390271827028,0.8950387282054049,0.0,0.0,0.0,0.0,0.0,0.0,0.0,0.0,59.86705972450238,4.71579116577422,True,False,True,False,True,5.125189591165867,0,1.029258804258804,0.918018018018018,False,False,False,False,0.14872580153664658,0.11308706456429139,False,False,False,False,-541903.0,-700736.1458574984,False,False,False,False,20387.611758344945,False,False,False,False
2025-04-11 16:00:00+00:00,0.6238,0.6238,0.5924,0.6117,10427.0,,,,,,,,,,,,,,,,,,,,,,0.5633813424748662,0.5872098438840943,"rgba(38, 166, 154, 1.0)",0.0,0.0,0.044035985571182594,0.5793208324945366,0.7352888117633627,0.0,0.0,0.0,0.0,0.0,0.0,0.0,0.0,61.28630593565082,6.157255422521111,True,False,True,False,True,4.389337652535982,0,1.0365101554148508,0.9162075487213222,False,False,False,False,0.14998930647771955,0.13153818552100546,False,False,False,False,-552330.0,-698435.2753790875,False,False,False,False,20233.18366906828,False,False,False,False
2025-04-11 17:00:00+00:00,0.6117,0.6144,0.589,0.6099,2630.0,,,,,,,,,,,,,,,,,,,,,,0.5636948647808878,0.5872432818501183,"rgba(38, 166, 154, 1.0)",0.0,0.0,0.04271043259266322,0.5793991781522012,0.7141304827953957,0.0,0.0,0.0,0.0,0.0,0.0,0.0,0.0,61.97203698867095,6.993794939947421,True,False,True,False,True,4.228321235268314,0,1.0357824721315514,0.9189505450514257,False,False,False,False,0.13470948271404132,0.13312383411752338,False,False,False,False,-554960.0,-696210.8525049931,False,False,False,False,19960.266092803657,False,False,False,False
2025-04-11 18:00:00+00:00,0.6099,0.6263,0.6012,0.6053,6269.0,,,,,,,,,,,,,,,,,,,,,,0.5645394385250422,0.5873524063093184,"rgba(38, 166, 154, 1.0)",0.0,0.0,0.041738530517136156,0.5796260521524259,0.6151138415626145,0.0,0.0,0.0,0.0,0.0,0.0,0.0,0.0,61.71460013068821,7.006261495335302,True,False,True,False,True,3.8114933280051133,0,1.0373873873873873,0.916195741195741,False,False,False,False,0.16163944860159438,0.1473816413595589,False,False,False,False,-561229.0,-694118.1106056909,False,False,False,False,19747.998401442357,False,False,False,False
2025-04-11 19:00:00+00:00,0.611,0.64,0.6036,0.6394,10364.0,,,,,,,,,,,,,,,,,,,,,,0.5663517670360112,0.5876570899881429,"rgba(38, 166, 154, 1.0)",0.0,0.0,0.040296240765361674,0.5801687672381376,1.4698947504000688,0.0,0.0,0.0,0.0,0.0,0.0,0.0,0.0,64.38985044826973,9.775058511129984,True,False,True,False,True,6.536127903967657,0,1.0372822654578793,0.9141692981562597,False,False,False,False,0.17530209895649487,0.16134187015802687,False,False,False,False,-550865.0,-691897.1321466878,False,False,False,False,19602.510054133174,False,False,False,False
2025-04-14 14:00:00+00:00,0.6585,0.6765,0.6423,0.6664,35464.0,,,,,,,,,,,,,,,,,,,,,,0.5748837191607141,0.5895245060935937,"rgba(38, 166, 154, 1.0)",0.0,0.0,0.04116988324596832,0.5829886974871378,2.026027181435607,0.0,0.0,0.0,0.0,0.0,0.0,0.0,0.0,67.82684179075004,13.11281228370428,True,False,True,False,True,8.58973292288832,0,1.0429723198147887,0.910785727341037,False,False,False,False,0.26890117895185733,0.2151215245549421,False,False,False,False,-515401.0,-689160.7580048788,False,False,False,False,19848.42462693731,False,False,False,False
2025-04-14 15:00:00+00:00,0.6665,0.6716,0.6234,0.6241,20081.0,,,,,,,,,,,,,,,,,,,,,,0.5780084133366944,0.5902306544187853,"rgba(38, 166, 154, 1.0)",0.0,0.0,0.04097721282824574,0.5839797369990877,0.9790871616640864,0.0,0.0,0.0,0.0,0.0,0.0,0.0,0.0,64.53649967630177,13.11281228370428,True,False,True,False,False,4.764855098010919,0,1.0391883706844336,0.9115687462144154,False,False,False,False,0.23567131170838168,0.2253964181316619,False,False,False,False,-535482.0,-686778.1416017023,False,False,False,False,19852.030446674715,False,False,False,False
2025-04-14 16:00:00+00:00,0.6241,0.627,0.6029,0.6029,8239.0,,,,,,,,,,,,,,,,,,,,,,0.5786470165229074,0.5903495099753933,"rgba(38, 166, 154, 1.0)",0.0,0.0,0.04031093062592458,0.5841487380161514,0.4651656930934101,0.0,0.0,0.0,0.0,0.0,0.0,0.0,0.0,60.17525654820663,15.463225309224626,True,False,True,False,False,2.9409602371372507,0,1.034486941052802,0.9233039540713187,False,False,False,False,0.15138106109870977,0.18838873961518582,False,False,False,False,-543721.0,-684560.2014218309,False,False,False,False,19671.983463005337,False,False,False,False
2025-04-14 17:00:00+00:00,0.6029,0.6234,0.6029,0.6137,3026.0,,,,,,,,,,,,,,,,,,,,,,0.5788923609390462,0.5903978709299988,"rgba(38, 166, 154, 1.0)",0.0,0.0,0.0407845901388376,0.5842161833399738,0.7229156051258167,0.0,0.0,0.0,0.0,0.0,0.0,0.0,0.0,58.245530276570435,13.751723588275745,True,False,True,False,False,3.787420847252207,0,1.0337238052774513,0.9252563738802644,False,False,False,False,0.1468429990433922,0.167615869329289,False,False,False,False,-540695.0,-682329.7331827327,False,False,False,False,19413.906200013007,False,False,False,False
2025-04-14 18:00:00+00:00,0.6137,0.623,0.6122,0.6187,4814.0,,,,,,,,,,,,,,,,,,,,,,0.5793271581481071,0.590489847288426,"rgba(38, 166, 154, 1.0)",0.0,0.0,0.041442334058935784,0.5843419159446003,0.8290576492757041,0.0,0.0,0.0,0.0,0.0,0.0,0.0,0.0,57.42293246606967,12.930801538796722,True,False,True,False,False,4.180420169575839,0,1.0314812187062903,0.9251586223672743,False,False,False,False,0.15807343071623503,0.16284465002276202,False,False,False,False,-535881.0,-680059.2101876516,False,False,False,False,19187.551065129082,False,False,False,False
2025-04-14 19:00:00+00:00,0.6187,0.63,0.614,0.6231,2850.0,,,,,,,,,,,,,,,,,,,,,,0.5796088342051803,0.5905526842570743,"rgba(38, 166, 154, 1.0)",0.0,0.0,0.0422092949927378,0.5844264550439983,0.9162329046873583,0.0,0.0,0.0,0.0,0.0,0.0,0.0,0.0,57.306716190283765,12.606964614734245,True,False,True,False,False,4.529639420504431,0,1.0362564780002033,0.9226094909053958,False,False,False,False,0.16135036325616228,0.16209750663946215,False,False,False,False,-533031.0,-677779.7030529592,False,False,False,False,18934.255699778245,False,False,False,False
2025-04-15 14:00:00+00:00,0.6671,0.6978,0.6642,0.674,28022.0,,,,,,,,,,,,,,,,,,,,,,0.5855976638417593,0.592228022336665,"rgba(38, 166, 154, 1.0)",0.0,0.0,0.04444743618909826,0.5916515427649239,1.852715573621183,0.0,0.0,0.0,0.0,0.0,0.0,0.0,0.0,61.18100128217807,12.606964614734245,True,False,True,False,True,8.40595609121004,0,1.0370452663259742,0.9189407558527077,False,False,False,False,0.3226622178797999,0.242379862259631,False,False,False,False,-505009.0,-675101.0875017504,False,False,False,False,19075.150960246796,False,False,False,False
2025-04-15 15:00:00+00:00,0.6734,0.6931,0.6614,0.6651,10474.0,,,,,,,,,,,,,,,,,,,,,,0.5875335392535393,0.59279940927747,"rgba(38, 166, 154, 1.0)",0.0,0.0,0.046221212984190574,0.5922176475232924,1.5768160931136999,0.0,0.0,0.0,0.0,0.0,0.0,0.0,0.0,62.57992233060797,12.606964614734245,True,False,True,False,True,7.595341425708078,0,1.0332163601161666,0.9190868021942563,False,False,False,False,0.3106329325793237,0.27650639741947736,False,False,False,False,-515483.0,-672626.3884707156,False,False,False,False,18941.799782568552,False,False,False,False
2025-04-15 16:00:00+00:00,0.6692,0.676,0.626,0.6403,7216.0,,,,,,,,,,,,,,,,,,,,,,0.5884318133389861,0.5930637327075653,"rgba(38, 166, 154, 1.0)",0.0,0.0,0.04716131022334049,0.5922485296291479,1.0188747968047562,0.0,0.0,0.0,0.0,0.0,0.0,0.0,0.0,60.481886979085346,12.606964614734245,True,False,True,False,True,5.374232641679598,0,1.0239928971113543,0.9398319258326278,False,False,False,False,0.23337566399729656,0.254941030708387,False,False,False,False,-522699.0,-670301.9328355107,False,False,False,False,18760.004437102372,False,False,False,False
2025-04-15 17:00:00+00:00,0.6521,0.6528,0.6111,0.6127,5761.0,,,,,,,,,,,,,,,,,,,,,,0.5888707560918677,0.5931886657481007,"rgba(38, 166, 154, 1.0)",0.0,0.0,0.04712670182842634,0.5920895136505886,0.43734200675548646,0.0,0.0,0.0,0.0,0.0,0.0,0.0,0.0,56.300897783134666,11.752363409361621,False,False,True,False,False,2.992471075041493,0,1.0151021250257892,0.9413864245925315,False,False,False,False,0.1790229680516614,0.2169819993800242,False,False,False,False,-528460.0,-668102.8331016268,False,False,False,False,18558.469484589154,False,False,False,False
2025-04-15 18:00:00+00:00,0.6127,0.6204,0.6068,0.6132,4438.0,,,,,,,,,,,,,,,,,,,,,,0.5890928968799075,0.5932485937150745,"rgba(38, 166, 154, 1.0)",0.0,0.0,0.047318355884411085,0.5919132806764918,0.44986176982791104,0.0,0.0,0.0,0.0,0.0,0.0,0.0,0.0,53.56586191877366,9.192537452931404,False,True,True,False,False,3.031894682260017,0,1.0132389675270606,0.9526228143213987,False,False,False,False,0.12764317337535444,0.17231258637768931,False,False,False,False,-524022.0,-665869.0217357101,False,False,False,False,18339.547477076143,False,False,False,False
2025-04-15 19:00:00+00:00,0.6131,0.6252,0.608,0.6214,3461.0,,,,,,,,,,,,,,,,,,,,,,0.5892964747281646,0.593305967560481,"rgba(38, 166, 154, 1.0)",0.0,0.0,0.04766188542769474,0.5918275666926727,0.6204629347319887,0.0,0.0,0.0,0.0,0.0,0.0,0.0,0.0,52.6536965840389,8.258655971379511,False,True,False,False,False,3.6852889960490707,0,1.00608834397044,0.9590191467920726,False,False,False,False,0.13599044420307493,0.15415151529038212,False,False,False,False,-520561.0,-663616.18418942,False,False,False,False,18108.872322392792,False,False,False,False
2025-04-16 14:00:00+00:00,0.628,0.6551,0.6277,0.651,13797.0,,,,,,,,,,,,,,,,,,,,,,0.5907965892253179,0.5937718818461178,"rgba(38, 166, 154, 1.0)",0.0,0.0,0.04860495006860258,0.5921587770006603,1.2106014493645052,0.0,0.0,0.0,0.0,0.0,0.0,0.0,0.0,54.93340350318052,8.258655971379511,False,False,True,False,False,5.992993782575997,0,1.0035365621227843,0.9610554626119736,False,False,False,False,0.20583530438200395,0.17999340983619305,False,False,False,False,-506764.0,-661184.3673802817,False,False,False,False,18042.021588712283,False,False,False,False
2025-04-16 15:00:00+00:00,0.6416,0.6683,0.6354,0.6522,14093.0,,,,,,,,,,,,,,,,,,,,,,0.5924457388943304,0.5943068540273748,"rgba(38, 166, 154, 1.0)",0.0,0.0,0.04952705523247047,0.5926709214967691,1.2019506959138357,0.0,0.0,0.0,0.0,0.0,0.0,0.0,0.0,56.56084522780658,8.258655971379511,False,False,True,False,True,6.085245995729117,0,0.9970790780973501,0.9639468690702089,False,False,False,False,0.25257919396148404,0.21628630189883855,False,False,False,False,-492671.0,-658571.7570333006,False,False,False,False,17980.796447802015,False,False,False,False
2025-04-16 16:00:00+00:00,0.6522,0.6525,0.6238,0.6326,9741.0,,,,,,,,,,,,,,,,,,,,,,0.5932479976912931,0.5945719937870177,"rgba(38, 166, 154, 1.0)",0.0,0.0,0.04997335657695757,0.59282618908589,0.7959003284652187,0.0,0.0,0.0,0.0,0.0,0.0,0.0,0.0,55.098353108719266,8.258655971379511,False,False,True,False,True,4.317971715747557,1,1.0125646711012566,0.9562192948132691,False,False,False,False,0.21194146346498316,0.21411388268191084,False,False,False,False,-502412.0,-656150.6755289084,False,False,False,False,17853.04766566555,False,False,False,False
2025-04-16 17:00:00+00:00,0.6323,0.6422,0.6261,0.6264,419.0,,,,,,,,,,,,,,,,,,,,,,0.593278126501231,0.5945820382838372,"rgba(38, 166, 154, 1.0)",0.0,0.0,0.05015324508736174,0.5928307056738097,0.6693344422223536,0.0,0.0,0.0,0.0,0.0,0.0,0.0,0.0,53.367017874415964,8.258655971379511,False,True,True,False,False,3.763858327926936,0,1.0081624570975976,0.9640279855671919,False,False,False,False,0.20021095647424655,0.20716241957807868,False,False,False,False,-502831.0,-653773.6262959021,False,False,False,False,17582.75235301957,False,False,False,False
2025-04-16 18:00:00+00:00,0.6247,0.6501,0.6165,0.6165,1406.0,,,,,,,,,,,,,,,,,,,,,,0.5933687066490486,0.5946121841933532,"rgba(38, 166, 154, 1.0)",0.0,0.0,0.05022760986542139,0.5928392776764653,0.4710700426902799,0.0,0.0,0.0,0.0,0.0,0.0,0.0,0.0,51.0073863810288,6.246148093095826,False,True,False,False,False,2.8774048598955915,0,1.002514668901928,0.9600741165571093,False,False,False,False,0.1977253177577528,0.20244386866791575,False,False,False,False,-504237.0,-651455.2289889888,False,False,False,False,17331.94999095725,False,False,False,False
2025-04-16 19:00:00+00:00,0.6159,0.6555,0.6159,0.6541,5641.0,,,,,,,,,,,,,,,,,,,,,,0.5938750359451522,0.5947840102211012,"rgba(38, 166, 154, 1.0)",0.0,0.0,0.0509814485955537,0.5929759004651504,1.1989478765062107,0.0,0.0,0.0,0.0,0.0,0.0,0.0,0.0,53.66709648028008,6.246148093095826,False,True,True,False,True,5.891699815350709,0,0.9994044599333878,0.9605178992875577,False,False,False,False,0.20474990752794922,0.20359688809793247,False,False,False,False,-498596.0,-649085.3184620277,False,False,False,False,17150.69495233776,False,False,False,False
2025-04-17 14:00:00+00:00,0.648,0.6782,0.6395,0.643,31419.0,,,,,,,,,,,,,,,,,,,,,,0.597157458202214,0.5959516907592539,"rgba(38, 166, 154, 1.0)",0.0,0.0,0.05125415695731996,0.5941424479968536,0.953240769208843,0.0,0.0,0.0,0.0,0.0,0.0,0.0,0.0,54.00880551000183,6.246148093095826,False,True,True,False,True,4.8859410752819485,1,1.0056798168369145,0.9524700598802396,False,False,False,False,0.27365454644606024,0.23862571727199636,False,False,False,False,-530015.0,-647239.2670130039,False,False,False,False,17371.90898408446,False,False,False,False
2025-04-17 15:00:00+00:00,0.643,0.6648,0.632,0.6459,19418.0,,,,,,,,,,,,,,,,,,,,,,0.5988143287969577,0.5965776749938898,"rgba(38, 166, 154, 1.0)",0.0,0.0,0.05119491099427654,0.5947021436162632,1.0000575328563546,0.0,0.0,0.0,0.0,0.0,0.0,0.0,0.0,54.55300179070288,6.246148093095826,False,True,True,False,True,5.117577444546928,1,1.0045262787836176,0.9536825452627878,False,False,False,False,0.24227341342215594,0.24044956534707615,False,False,False,False,-510597.0,-645120.7822531123,False,False,False,False,17403.631325416485,False,False,False,False
2025-04-17 16:00:00+00:00,0.6459,0.6654,0.643,0.6494,4443.0,,,,,,,,,,,,,,,,,,,,,,0.5992158081368945,0.596732705485247,"rgba(38, 166, 154, 1.0)",0.0,0.0,0.05155877751400749,0.5948498750551665,1.05801819932626,0.0,0.0,0.0,0.0,0.0,0.0,0.0,0.0,55.32474917409593,6.246148093095826,False,False,True,False,True,5.400749357213318,1,1.0202094638351085,0.9506263817243921,False,False,False,False,0.25962915175435025,0.2500393585507132,False,False,False,False,-506154.0,-642966.25849725,False,False,False,False,17202.691304867392,False,False,False,False
2025-04-17 17:00:00+00:00,0.6495,0.6652,0.6444,0.649,7007.0,,,,,,,,,,,,,,,,,,,,,,0.5998400406821315,0.596976624823881,"rgba(38, 166, 154, 1.0)",0.0,0.0,0.052059205103768366,0.5950816227884521,1.0357126487827406,0.0,0.0,0.0,0.0,0.0,0.0,0.0,0.0,55.772079050347344,6.246148093095826,False,False,True,False,True,5.362773899890325,1,1.0174952519271592,0.9489442520388784,False,False,False,False,0.26143316744565737,0.2557362629981853,False,False,False,False,-513161.0,-640953.7738693857,False,False,False,False,17044.618571458595,False,False,False,False
2025-04-17 18:00:00+00:00,0.649,0.6635,0.6447,0.655,13104.0,,,,,,,,,,,,,,,,,,,,,,0.6010019360217379,0.5974395023399902,"rgba(38, 166, 154, 1.0)",0.0,0.0,0.052738780267885706,0.5955239090767039,1.1277487006940308,0.0,0.0,0.0,0.0,0.0,0.0,0.0,0.0,56.88526331859718,2.893594564751403,False,False,True,False,True,5.862602527768427,1,1.0161625645496615,0.9501710146871435,False,False,False,False,0.2593286434056785,0.2575324532019319,False,False,False,False,-500057.0,-638769.3277628835,False,False,False,False,16983.523709885594,False,False,False,False
2025-04-17 19:00:00+00:00,0.6615,0.6882,0.648,0.6874,22918.0,,,,,,,,,,,,,,,,,,,,,,0.6036422607893643,0.598511243731421,"rgba(38, 166, 154, 1.0)",0.0,0.0,0.05407820153334676,0.5966706236953097,1.6777439658148214,0.0,0.0,0.0,0.0,0.0,0.0,0.0,0.0,61.106481024963585,7.019558371685562,True,False,True,False,True,8.49296112340858,0,1.0173605708315736,0.9430279858625826,False,False,False,False,0.3018760207123692,0.2797042369571505,False,False,False,False,-477139.0,-636263.4312084202,False,False,False,False,17075.531094228452,False,False,False,False
2025-04-18 14:00:00+00:00,0.6874,0.6874,0.6874,0.6874,0.0,,,,,,,,,,,,,,,,,,,,,,0.6036422607893643,0.598511243731421,"rgba(38, 166, 154, 1.0)",0.0,0.0,0.055230910460270864,0.5966706236953097,1.6427282394693552,0.0,0.0,0.0,0.0,0.0,0.0,0.0,0.0,63.92062616254119,9.654803405999886,True,False,True,False,True,8.49296112340858,0,1.0247092375562585,0.9435854017200659,False,False,False,False,0.3428279469611673,0.3112660919591589,False,False,False,False,-477139.0,-633796.3857633284,False,False,False,False,16810.794178038865,False,False,False,False
2025-04-18 15:00:00+00:00,0.6874,0.6874,0.6874,0.6874,0.0,,,,,,,,,,,,,,,,,,,,,,0.6036422607893643,0.598511243731421,"rgba(38, 166, 154, 1.0)",0.0,0.0,0.056248554511959446,0.5966706236953097,1.6130081402429581,0.0,0.0,0.0,0.0,0.0,0.0,0.0,0.0,65.79672292092627,11.399427332719618,True,False,True,False,True,8.49296112340858,0,1.0243536988997228,0.9451874049557206,False,False,False,False,0.3428279469611673,0.3270470194601631,False,False,False,False,-477139.0,-631367.5890848271,False,False,False,False,16550.161710162294,False,False,False,False
2025-04-18 16:00:00+00:00,0.6874,0.6874,0.6874,0.6874,0.0,,,,,,,,,,,,,,,,,,,,,,0.6036422607893643,0.598511243731421,"rgba(38, 166, 154, 1.0)",0.0,0.0,0.05732968986956697,0.5966706236953097,1.5825896932481638,0.0,0.0,0.0,0.0,0.0,0.0,0.0,0.0,67.04745409318298,12.616834599013089,True,False,True,False,True,8.49296112340858,0,1.0313881122034818,0.9424551276269506,False,False,False,False,0.3428279469611673,0.3349374832106652,False,False,False,False,-477139.0,-628976.4481687832,False,False,False,False,16293.570055741173,False,False,False,False
2025-04-18 17:00:00+00:00,0.6874,0.6874,0.6874,0.6874,0.0,,,,,,,,,,,,,,,,,,,,,,0.6036422607893643,0.598511243731421,"rgba(38, 166, 154, 1.0)",0.0,0.0,0.058492610698330914,0.5966706236953097,1.5511254365550027,0.0,0.0,0.0,0.0,0.0,0.0,0.0,0.0,67.88127487468745,13.523170782317443,True,False,True,False,True,8.49296112340858,0,1.0345398466911597,0.9395155803510681,False,False,False,False,0.3428279469611673,0.3388827150859163,False,False,False,False,-477139.0,-626622.3792049261,False,False,False,False,16040.956566504876,False,False,False,False
2025-04-18 18:00:00+00:00,0.6874,0.6874,0.6874,0.6874,0.0,,,,,,,,,,,,,,,,,,,,,,0.6036422607893643,0.598511243731421,"rgba(38, 166, 154, 1.0)",0.0,0.0,0.05954460052979147,0.5966706236953097,1.5237213029802166,0.0,0.0,0.0,0.0,0.0,0.0,0.0,0.0,68.43715539569044,14.244197272066856,True,False,True,False,True,8.49296112340858,0,1.0326096850537048,0.9389905334061533,False,False,False,False,0.3428279469611673,0.3408553310235418,False,False,False,False,-477139.0,-624304.8074343071,False,False,False,False,15792.259565473792,False,False,False,False
2025-04-18 19:00:00+00:00,0.6874,0.6874,0.6874,0.6874,0.0,,,,,,,,,,,,,,,,,,,,,,0.6036422607893643,0.598511243731421,"rgba(38, 166, 154, 1.0)",0.0,0.0,0.060574120540701784,0.5966706236953097,1.4978240789105017,0.0,0.0,0.0,0.0,0.0,0.0,0.0,0.0,68.80774240969242,14.851137329611305,True,False,True,False,True,8.49296112340858,0,1.0325791648592497,0.9387685212666377,False,False,False,False,0.3428279469611673,0.34184163899235454,False,False,False,False,-477139.0,-622023.1670089689,False,False,False,False,15547.418331900555,False,False,False,False
2025-04-21 14:00:00+00:00,0.664,0.7144,0.6585,0.6972,29914.0,,,,,,,,,,,,,,,,,,,,,,0.6075100160239622,0.6001423574702511,"rgba(38, 166, 154, 1.0)",0.0,0.0,0.06178536687890226,0.6032546519076168,1.5205112931758369,0.0,0.0,0.0,0.0,0.0,0.0,0.0,0.0,70.57456788287271,16.750810406543977,True,False,True,False,True,9.36302082329549,0,1.0255093964133064,0.9334222845383205,False,False,False,False,0.33990993639325473,0.34087578769280463,False,False,False,False,-447225.0,-619313.1179080546,False,False,False,False,15770.156032181165,False,False,False,False
2025-04-21 15:00:00+00:00,0.6972,0.7006,0.6625,0.6703,1640.0,,,,,,,,,,,,,,,,,,,,,,0.6076821189518558,0.6002181607067751,"rgba(38, 166, 154, 1.0)",0.0,0.0,0.062356700789358045,0.603292843757679,1.0745782793844767,0.0,0.0,0.0,0.0,0.0,0.0,0.0,0.0,63.94216343298639,18.191188588849087,True,False,True,False,False,6.381040270874173,0,1.026505752312204,0.9394540942928038,False,False,False,False,0.32494609541051767,0.3329109415516611,False,False,False,False,-448865.0,-616670.51142886,False,False,False,False,15551.08384563572,False,False,False,False
2025-04-21 16:00:00+00:00,0.6686,0.694,0.6684,0.6778,2706.0,,,,,,,,,,,,,,,,,,,,,,0.6079733741058401,0.6003465578536742,"rgba(38, 166, 154, 1.0)",0.0,0.0,0.06302406661723096,0.603376336008562,1.1808768933214207,0.0,0.0,0.0,0.0,0.0,0.0,0.0,0.0,61.00390965496996,15.64897049730152,False,False,True,False,False,7.0642187330346715,0,1.034891629636347,0.9400788972521991,False,False,False,False,0.32388268162761075,0.32839681158963596,False,False,False,False,-446159.0,-614026.9221043815,False,False,False,False,15351.935258881678,False,False,False,False
2025-04-21 17:00:00+00:00,0.6778,0.6778,0.65,0.6659,2812.0,,,,,,,,,,,,,,,,,,,,,,0.6082090244583835,0.6004536905511941,"rgba(38, 166, 154, 1.0)",0.0,0.0,0.06278953255279413,0.6033728921244763,0.99582056647659,0.0,0.0,0.0,0.0,0.0,0.0,0.0,0.0,56.49617586819452,11.659670494850431,False,True,True,False,False,5.762375342368905,0,1.027231536021749,0.9436338921613049,False,False,False,False,0.2721412989075321,0.30026905524858405,False,False,False,False,-448971.0,-611467.9155601275,False,False,False,False,15157.517657968783,False,False,False,False
2025-04-21 18:00:00+00:00,0.6659,0.676,0.6526,0.6653,1161.0,,,,,,,,,,,,,,,,,,,,,,0.6083058612287536,0.6004978644956119,"rgba(38, 166, 154, 1.0)",0.0,0.0,0.06258932073661182,0.6033755994425686,0.9893764595724164,0.0,0.0,0.0,0.0,0.0,0.0,0.0,0.0,53.3674664475354,8.969089853158579,False,True,False,False,False,5.696512891942795,0,1.0271104153905486,0.9458245422990539,False,False,False,False,0.2733207449212334,0.2867949000849087,False,False,False,False,-450132.0,-608966.5835359393,False,False,False,False,14940.517384201825,False,False,False,False
2025-04-21 19:00:00+00:00,0.6653,0.6963,0.6653,0.6842,15449.0,,,,,,,,,,,,,,,,,,,,,,0.6099497619715175,0.6012369439705616,"rgba(38, 166, 154, 1.0)",0.0,0.0,0.06302531403340413,0.6040091419328271,1.272359516125075,0.0,0.0,0.0,0.0,1.0,0.6883,0.676,0.0,55.10202005843,8.969089853158579,False,True,True,False,False,7.466747971135312,0,1.0296237533998187,0.9410244786944696,False,False,False,False,0.3226682176999897,0.3047315588924492,False,False,False,False,-434683.0,-606264.5124733667,False,False,False,False,14948.40083560955,False,False,False,False
2025-04-22 14:00:00+00:00,0.6982,0.7117,0.6883,0.7009,4024.0,,,,,,,,,,,,,,,,,,,,,,0.6104721632627257,0.6014705701084003,"rgba(38, 166, 154, 1.0)",0.0,0.0,0.0635800443790616,0.6042971114422679,1.5193900775184992,0.0,0.0,0.0,0.0,0.0,0.0,0.0,0.0,58.70587233916958,8.969089853158579,False,True,True,False,True,8.987062703300648,0,1.0341624756467764,0.9360019935662179,False,False,False,False,0.3428279622429084,0.32377976056767876,False,False,False,False,-430659.0,-603541.9463885082,False,False,False,False,14779.030280018704,False,False,False,False
2025-04-22 15:00:00+00:00,0.701,0.7111,0.6945,0.6955,5946.0,,,,,,,,,,,,,,,,,,,,,,0.6112336815290981,0.6018140054595854,"rgba(38, 166, 154, 1.0)",0.0,0.0,0.0638747941094351,0.6047055125120672,1.42144469902129,0.0,0.0,0.0,0.0,0.0,0.0,0.0,0.0,59.77771875110774,3.6336609142223466,False,False,True,False,True,8.367813488270862,0,1.0353560568238553,0.9360504697499209,False,False,False,False,0.34282796543480293,0.3333038630012408,False,False,False,False,-436605.0,-600953.7766770584,False,False,False,False,14642.08407412694,False,False,False,False
2025-04-22 16:00:00+00:00,0.6955,0.7092,0.6955,0.7059,893.0,,,,,,,,,,,,,,,,,,,,,,0.611350960898619,0.6018670290872379,"rgba(38, 166, 154, 1.0)",0.0,0.0,0.06390104968896486,0.6047696153663724,1.5826091296758755,0.0,0.0,0.0,0.0,0.0,0.0,0.0,0.0,61.964715100343305,5.823114764430599,True,False,True,False,True,9.319519682091894,0,1.0321316434808516,0.9471730112529507,False,False,False,False,0.34152810998170635,0.3374159864914736,False,False,False,False,-435712.0,-598391.8886665613,False,False,False,False,14428.919979954428,False,False,False,False
2025-04-22 17:00:00+00:00,0.7059,0.7059,0.6928,0.695,1903.0,,,,,,,,,,,,,,,,,,,,,,0.6115846813774183,0.6019735884177431,"rgba(38, 166, 154, 1.0)",0.0,0.0,0.062106589573640875,0.6048884817396791,1.4509171873537512,0.0,0.0,0.0,0.0,0.0,0.0,0.0,0.0,60.762043714258105,5.823114764430599,False,False,True,False,True,8.05090341769193,1,1.0284849318838585,0.9415852483831018,False,False,False,False,0.3328905024783177,0.33515324448489564,False,False,False,False,-437615.0,-595899.2237259945,False,False,False,False,14234.719670187693,False,False,False,False
2025-04-22 18:00:00+00:00,0.695,0.7075,0.695,0.7075,200.0,,,,,,,,,,,,,,,,,,,,,,0.6116107130562255,0.6019854073213802,"rgba(38, 166, 154, 1.0)",0.0,0.0,0.06089490897225278,0.6049025374295791,1.6848282442982254,0.0,0.0,0.0,0.0,0.0,0.0,0.0,0.0,61.8255074532702,6.026376237613604,True,False,True,False,True,9.209213059805734,1,1.0311256297591385,0.9411994754882788,False,False,False,False,0.33835534796457784,0.33675429622473674,False,False,False,False,-437415.0,-593442.1039783047,False,False,False,False,14017.127117161526,False,False,False,False
2025-04-22 19:00:00+00:00,0.7075,0.7099,0.6907,0.7006,8862.0,,,,,,,,,,,,,,,,,,,,,,0.6127131122605761,0.602491272561844,"rgba(38, 166, 154, 1.0)",0.0,0.0,0.05946358252617365,0.6054695117198318,1.5998109134829768,0.0,0.0,0.0,0.0,0.0,0.0,0.0,0.0,60.89263793541669,6.026376237613604,False,False,True,False,True,8.396493442276817,1,1.0276863145202428,0.9492881324491026,False,False,False,False,0.3356205094602328,0.3361874028424848,False,False,False,False,-446277.0,-591160.4744592612,False,False,False,False,13937.202665732666,False,False,False,False
2025-04-23 14:00:00+00:00,0.7249,0.7561,0.7199,0.7325,15948.0,,,,,,,,,,,,,,,,,,,,,,0.6154112214898156,0.6037164597921257,"rgba(38, 166, 154, 1.0)",0.0,0.0,0.059012876133516586,0.6071485942439178,2.1241365269585373,0.0,0.0,0.0,0.0,0.0,0.0,0.0,0.0,64.17697306493271,8.72393029137718,True,False,True,False,True,11.296889392420855,0,1.0276254598459085,0.9394275930681847,False,False,False,False,0.3428280003305575,0.3395077015865211,False,False,False,False,-430329.0,-588666.9632273347,False,False,False,False,13968.377818201927,False,False,False,False
2025-04-23 15:00:00+00:00,0.7341,0.7396,0.7038,0.7066,4035.0,,,,,,,,,,,,,,,,,,,,,,0.6159680439843996,0.6039777778351155,"rgba(38, 166, 154, 1.0)",0.0,0.0,0.05741742200368957,0.60744451360762,1.7269233436849258,0.0,0.0,0.0,0.0,0.0,0.0,0.0,0.0,61.48198953507817,8.72393029137718,True,False,True,False,False,8.291879787954581,0,1.0163964670341075,0.9452298042109631,False,False,False,False,0.3019478248841151,0.3207277632353181,False,False,False,False,-434364.0,-586274.6692238101,False,False,False,False,13814.371960555385,False,False,False,False
2025-04-23 16:00:00+00:00,0.7065,0.7225,0.7002,0.7185,1614.0,,,,,,,,,,,,,,,,,,,,,,0.6161826237706118,0.6040792547248733,"rgba(38, 166, 154, 1.0)",0.0,0.0,0.05727657361159895,0.6075553450681442,1.9369988100927293,0.0,0.0,0.0,0.0,0.0,0.0,0.0,0.0,61.100783006574815,8.72393029137718,True,False,True,False,False,9.363442613538382,0,1.021598923533779,0.9490998515219007,False,False,False,False,0.2764973090717872,0.29861253615355265,False,False,False,False,-432750.0,-583894.4417939836,False,False,False,False,13625.218906903365,False,False,False,False
2025-04-23 17:00:00+00:00,0.7185,0.7355,0.7125,0.7353,1855.0,,,,,,,,,,,,,,,,,,,,,,0.6164633948894079,0.6042105488438528,"rgba(38, 166, 154, 1.0)",0.0,0.0,0.05776440229910809,0.6077133835950449,2.208741219969743,0.0,0.0,0.0,0.0,0.0,0.0,0.0,0.0,62.606924553752975,8.72393029137718,True,False,True,False,False,10.84796121469347,0,1.0244705773200662,0.940018091990815,False,False,False,False,0.3076543510447586,0.3031334435991556,False,False,False,False,-430895.0,-581522.3574250846,False,False,False,False,13442.734892842847,False,False,False,False
2025-04-23 18:00:00+00:00,0.7353,0.7389,0.717,0.7311,893.0,,,,,,,,,,,,,,,,,,,,,,0.6165995474910819,0.604274284625957,"rgba(38, 166, 154, 1.0)",0.0,0.0,0.058344569059501784,0.6077901955792017,2.1134752798506877,0.0,0.0,0.0,0.0,0.0,0.0,0.0,0.0,62.821489494495495,8.72393029137718,True,False,True,False,False,10.355485048881288,0,1.0264953158779728,0.9725678597165505,False,False,False,False,0.31750044457890275,0.3103169440890292,False,False,False,False,-431788.0,-579200.8945192692,False,False,False,False,13248.165359620476,False,False,False,False
2025-04-23 19:00:00+00:00,0.7311,0.7371,0.7155,0.7356,11225.0,,,,,,,,,,,,,,,,,,,,,,0.6182892992692158,0.605072477077776,"rgba(38, 166, 154, 1.0)",0.0,0.0,0.05892918786121372,0.6087295069886698,2.1529312996834027,0.0,0.0,0.0,0.0,1.0,0.776,0.7389,0.0,63.475281296825116,8.973765301912287,True,False,True,False,False,10.75839570800882,0,1.0050619357036819,0.9710155508505511,False,False,False,False,0.3133803718421013,0.31184865796556527,False,False,False,False,-420563.0,-576741.3922786603,False,False,False,False,13216.798454820157,False,False,False,False
2025-04-24 14:00:00+00:00,0.7773,0.8214,0.776,0.8081,28150.0,,,,,,,,,,,,,,,,,,,,,,0.6249348094661141,0.6081706035438795,"rgba(38, 166, 154, 1.0)",0.0,0.0,0.061779557305804166,0.6129652147020221,3.1585656130890576,0.0,0.0,0.0,0.0,0.0,0.0,0.0,0.0,68.96398579140967,14.295505883959777,True,False,True,False,True,16.72913312267893,0,1.0165863580231966,0.9505799171892783,False,False,False,False,0.34282804412085877,0.327338351043212,False,False,False,False,-392413.0,-573883.5877472083,False,False,False,False,13448.320959396588,False,False,False,False
2025-04-24 15:00:00+00:00,0.8084,0.8246,0.7945,0.8009,18403.0,,,,,,,,,,,,,,,,,,,,,,0.6291369383767755,0.6101930401910312,"rgba(38, 166, 154, 1.0)",0.0,0.0,0.0638816527679161,0.6154964456473005,2.9022973939994303,0.0,0.0,0.0,0.0,0.0,0.0,0.0,0.0,71.40047204788502,16.56822580706185,True,False,True,False,True,15.873246864387205,0,1.01430070527369,0.955682456011909,False,False,False,False,0.342828050405654,0.335083200724433,False,False,False,False,-410816.0,-571355.4080922129,False,False,False,False,13525.137688708268,False,False,False,False
2025-04-24 16:00:00+00:00,0.808,0.8092,0.7851,0.7901,7981.0,,,,,,,,,,,,,,,,,,,,,,0.6307816862511911,0.6110051691673375,"rgba(38, 166, 154, 1.0)",0.0,0.0,0.06575443579734581,0.6164422262151036,2.641004696931886,0.0,0.0,0.0,0.0,0.0,0.0,0.0,0.0,71.19770797324864,16.56822580706185,True,False,True,False,True,14.593713875850991,0,1.0181175430844012,0.9523493887170422,False,False,False,False,0.31773501356026335,0.32640910714234816,False,False,False,False,-418797.0,-568990.1614551243,False,False,False,False,13439.18206562752,False,False,False,False
2025-04-24 17:00:00+00:00,0.7901,0.8506,0.7861,0.8355,35228.0,,,,,,,,,,,,,,,,,,,,,,0.6388964425122017,0.6150636194573256,"rgba(38, 166, 154, 1.0)",0.0,0.0,0.06907888158533931,0.6211852967139894,3.102463421056529,0.0,0.0,0.0,0.0,0.0,0.0,0.0,0.0,73.53205188354042,18.76878588341765,True,False,True,False,True,18.034318440732555,0,1.014343661421171,0.9482699638354023,False,False,False,False,0.3428280552336362,0.33461858118799215,False,False,False,False,-383569.0,-566115.4147658976,False,False,False,False,13776.993196392983,False,False,False,False
2025-04-24 18:00:00+00:00,0.8355,0.8518,0.8236,0.8288,10361.0,,,,,,,,,,,,,,,,,,,,,,0.6412851105708954,0.6162874262341185,"rgba(38, 166, 154, 1.0)",0.0,0.0,0.07200170561043026,0.6225641406713374,2.8643190821688953,0.0,0.0,0.0,0.0,0.0,0.0,0.0,0.0,74.03491024661261,19.412386491397115,True,False,True,False,True,17.243130727223267,0,1.0237569331958964,0.9477249300544839,False,False,False,False,0.34282806508579816,0.3387233231368951,False,False,False,False,-393930.0,-563445.8734516975,False,False,False,False,13724.032061565185,False,False,False,False
2025-04-24 19:00:00+00:00,0.8288,0.9178,0.8288,0.8623,47891.0,,,,,,,,,,,,,,,,,,,,,,0.6534719646230849,0.6226475684171534,"rgba(38, 166, 154, 1.0)",0.0,0.0,0.07527952925148099,0.6296704552734149,3.0902098756417034,0.0,0.0,0.0,0.0,0.0,0.0,0.0,0.0,75.9110446382325,21.375883430804294,True,False,True,False,True,19.644935183619413,0,1.0260899165998008,0.932064094147397,False,False,False,False,0.3428280808780466,0.34077570200747087,False,False,False,False,-346039.0,-560075.224250896,False,False,False,False,14253.752494719212,False,False,False,False
2025-04-25 14:00:00+00:00,1.215,1.23,1.06,1.07,108133.0,,,,,,,,,,,,,,,,,,,,,,0.7036441472836993,0.6493269995315327,"rgba(38, 166, 154, 1.0)",0.0,0.0,0.0887688591204698,0.6831837580113442,4.357566897009463,0.0,0.0,0.0,0.0,0.0,0.0,0.0,0.0,80.98284224415153,26.177819755012422,True,False,True,False,True,20.0,0,1.0337675732639744,0.87777752864414,False,False,False,False,0.3428281483799634,0.3418019251937171,False,False,False,False,-237906.0,-555080.3525570837,False,False,False,False,15709.24470410341,False,False,False,False
2025-04-25 15:00:00+00:00,1.07,1.13,1.035,1.105,20680.0,,,,,,,,,,,,,,,,,,,,,,0.7114303081361335,0.6538019509056426,"rgba(38, 166, 154, 1.0)",0.0,0.0,0.10195513051258435,0.687300009394434,4.096900160939023,0.0,0.0,0.0,0.0,0.0,0.0,0.0,0.0,84.64959694076573,29.49738866123579,True,False,True,False,True,20.0,0,1.0277371615933362,0.9060436882449379,False,False,False,False,0.2778831908127939,0.3098425580032555,False,False,False,False,-217226.0,-549842.3005794545,False,False,False,False,15786.310677683201,False,True,False,False
2025-04-25 16:00:00+00:00,1.13,1.135,1.08,1.095,6292.0,,,,,,,,,,,,,,,,,,,,,,0.7138186576408952,0.6551865700166197,"rgba(38, 166, 154, 1.0)",0.0,0.0,0.112128633097709,0.6886107645239171,3.6243127580263543,0.0,0.0,0.0,0.0,0.0,0.0,0.0,0.0,86.17128551628846,30.850797804537308,True,False,True,False,True,20.0,0,1.0444483954129253,0.8959463063383413,False,False,False,False,0.303559702795494,0.30670113039937474,False,False,False,False,-223518.0,-544783.0090976026,False,False,False,False,15639.11206252532,False,False,False,False
2025-04-25 17:00:00+00:00,1.09,1.09,1.045,1.065,3378.0,,,,,,,,,,,,,,,,,,,,,,0.7149693500568143,0.6558658870372208,"rgba(38, 166, 154, 1.0)",0.0,0.0,0.11935557772946945,0.6891911653286621,3.1486491190478225,0.0,0.0,0.0,0.0,0.0,0.0,0.0,0.0,84.44353295938727,30.850797804537308,True,False,True,False,True,20.0,0,1.0356961072874944,0.9056365768915838,False,False,False,False,0.26264901224478804,0.28467507132208136,False,False,False,False,-226896.0,-539854.5283363995,False,False,False,False,15449.017301866013,False,False,False,False
2025-04-25 18:00:00+00:00,1.065,1.095,1.065,1.095,4393.0,,,,,,,,,,,,,,,,,,,,,,0.7165320401798846,0.6567852496615519,"rgba(38, 166, 154, 1.0)",0.0,0.0,0.12726814672639603,0.6900189143534292,3.1821087684824105,0.0,0.0,0.0,0.0,0.0,0.0,0.0,0.0,83.88733039147957,30.850797804537308,True,False,True,False,False,20.0,0,1.0390700749228736,0.9013662406346411,False,False,False,False,0.27533558969391964,0.28000533050800047,False,False,False,False,-222503.0,-534934.3496025017,False,False,False,False,15277.606180906849,False,False,False,False
2025-04-25 19:00:00+00:00,1.095,1.095,1.02,1.02,21006.0,,,,,,,,,,,,,,,,,,,,,,0.7230337513710531,0.6607218529481904,"rgba(38, 166, 154, 1.0)",0.0,0.0,0.13100227389540256,0.6931741336987958,2.4948106363570073,0.0,0.0,0.0,0.0,0.0,0.0,0.0,0.0,77.74782531481702,33.347822024053514,True,False,True,False,False,20.0,0,1.0298961456568028,0.9015339156129145,False,False,False,False,0.25255911027566486,0.2662822203918327,False,False,False,False,-243509.0,-530416.1271280444,False,False,False,False,15366.41848817961,False,False,False,False
2025-04-28 14:00:00+00:00,0.9318,1.0092,0.9235,0.9605,55606.0,,,,,,,,,,,,,,,,,,,,,,0.735051125144829,0.6686603353880408,"rgba(38, 166, 154, 1.0)",0.0,0.0,0.13360489974561693,0.6978889546221625,1.9655794501387873,0.0,0.0,0.0,0.0,0.0,0.0,0.0,0.0,70.22305168347503,26.561740873087757,True,False,True,False,False,17.309541605901885,0,1.0179886229473007,0.9184501448964258,False,False,False,False,0.1626151607316751,0.2144486905617539,False,False,False,False,-299115.0,-526830.0631415631,False,False,False,False,15990.287968983026,False,False,False,False
2025-04-28 15:00:00+00:00,0.9702,0.9775,0.9409,0.9526,15517.0,,,,,,,,,,,,,,,,,,,,,,0.7380925678521941,0.6707484670258768,"rgba(239, 83, 80, 1.0)",0.0,0.0,0.13564690986143133,0.6991747636120784,1.868271357208251,0.0,0.0,0.0,0.0,0.0,0.0,0.0,0.0,64.78445698212434,21.886221261728423,False,False,True,False,False,16.64650760207898,0,1.0209754214386826,0.9243126152790291,False,False,False,False,0.15568666049391322,0.18506767552783354,False,False,False,False,-314632.0,-523540.1706897559,False,False,False,False,15982.950171014298,False,False,False,False
2025-04-28 16:00:00+00:00,0.9526,0.9807,0.947,0.9537,12749.0,,,,,,,,,,,,,,,,,,,,,,0.7405683755421651,0.6724621133728061,"rgba(239, 83, 80, 1.0)",0.0,0.0,0.1374368010959795,0.7002709335132765,1.8439680235990092,0.0,0.0,0.0,0.0,0.0,0.0,0.0,0.0,61.21376423655513,18.876895277126437,False,True,True,False,False,16.705998783201665,0,1.0267150183464582,0.9173014612793169,False,False,False,False,0.16019088138538487,0.1726292784566092,False,False,False,False,-301883.0,-520103.62540774414,False,False,False,False,15932.81140867299,False,False,False,False
2025-04-28 17:00:00+00:00,0.9463,0.9722,0.9418,0.9572,22133.0,,,,,,,,,,,,,,,,,,,,,,0.7446736027568331,0.6753548879388904,"rgba(239, 83, 80, 1.0)",0.0,0.0,0.13953616305460154,0.7021241970379555,1.8280264941944226,0.0,0.0,0.0,0.0,0.0,0.0,0.0,0.0,59.027119126028495,16.96166416304864,False,True,True,False,False,16.89831846123319,0,1.0299965570666207,0.9201885006025136,False,False,False,False,0.15355782396570491,0.16309355121115704,False,False,False,False,-279750.0,-516377.2126107248,False,False,False,False,16028.938363577285,False,False,False,False
2025-04-28 18:00:00+00:00,0.957,0.9985,0.9553,0.9984,17301.0,,,,,,,,,,,,,,,,,,,,,,0.748170116490254,0.6777883240965511,"rgba(239, 83, 80, 1.0)",0.0,0.0,0.14188902474872572,0.7038858301246644,2.0756656154124458,0.0,0.0,0.0,0.0,0.0,0.0,0.0,0.0,59.73967947938445,16.96166416304864,False,True,True,False,False,19.113012093685153,0,1.0242636536448875,0.91608107819475,False,False,False,False,0.17286687037945717,0.16798021079530712,False,False,False,False,-262449.0,-512440.3410973802,False,False,False,False,16048.660249413295,False,False,False,False
2025-04-28 19:00:00+00:00,1.0,1.055,0.9972,1.045,22374.0,,,,,,,,,,,,,,,,,,,,,,0.7534392500229236,0.6813667125649425,"rgba(239, 83, 80, 1.0)",0.0,0.0,0.14510848724409828,0.706833879846568,2.3304365345948126,0.0,0.0,0.0,0.0,0.0,0.0,0.0,0.0,62.21446583558455,16.96166416304864,False,True,True,False,True,20.0,0,1.032592843102027,0.9053074337891825,False,False,False,False,0.2211915571581762,0.19458588397674165,False,False,False,False,-240075.0,-508217.62263075414,False,False,False,False,16146.727532368128,False,False,False,False
2025-04-29 14:00:00+00:00,1.035,1.04,0.9939,1.005,16132.0,,,,,,,,,,,,,,,,,,,,,,0.7568624383775946,0.6837619309045201,"rgba(239, 83, 80, 1.0)",0.0,0.0,0.14715075964759827,0.7087060871088442,2.0135398118278873,0.0,0.0,0.0,0.0,0.0,0.0,0.0,0.0,60.95811735430007,16.96166416304864,False,True,True,False,True,18.03422035974434,0,1.028822134055461,0.9118542309549301,False,False,False,False,0.2121335944170406,0.20335973919689113,False,False,False,False,-256207.0,-504310.4811946184,False,False,False,False,16146.499198532962,False,False,False,False
2025-04-29 15:00:00+00:00,1.01,1.02,0.9775,1.005,17996.0,,,,,,,,,,,,,,,,,,,,,,0.7604002086160273,0.6862964177493505,"rgba(239, 83, 80, 1.0)",0.0,0.0,0.1488874812711924,0.7106185782107272,1.9772073466208293,0.0,0.0,0.0,0.0,0.0,0.0,0.0,0.0,60.12055170011042,16.96166416304864,False,True,True,False,True,18.03422035974435,0,1.0250835421888054,0.9166666666666666,False,False,False,False,0.19421661494012077,0.19878817706850593,False,False,False,False,-256207.0,-500463.91559470183,False,False,False,False,16175.173629563458,False,False,False,False
2025-04-29 16:00:00+00:00,1.005,1.005,0.9611,0.9706,11636.0,,,,,,,,,,,,,,,,,,,,,,0.7624298409320237,0.6878009499395932,"rgba(239, 83, 80, 1.0)",0.0,0.0,0.15000141852782842,0.7116802590432783,1.7261152827610542,0.0,0.0,0.0,0.0,0.0,0.0,0.0,0.0,57.150341729493206,14.03109193463591,False,True,True,False,False,15.160403238703541,0,1.0286786943372617,0.9162373553029516,False,False,False,False,0.17885949243195373,0.18882383475022985,False,False,False,False,-267843.0,-496857.38977152813,False,False,False,False,16104.798844608986,False,False,False,False
2025-04-29 17:00:00+00:00,0.9706,0.9782,0.9567,0.9684,6071.0,,,,,,,,,,,,,,,,,,,,,,0.7634201939024354,0.6885500152412802,"rgba(239, 83, 80, 1.0)",0.0,0.0,0.15100523017014722,0.712189208794971,1.6967014381974714,0.0,0.0,0.0,0.0,0.0,0.0,0.0,0.0,55.01950064591165,11.690365702336962,False,True,True,False,False,14.979020552528006,0,1.0268620523862282,0.9224240650542469,False,False,False,False,0.16368244255170836,0.1762531386509691,False,False,False,False,-273914.0,-493400.90310840367,False,False,False,False,15949.236071824349,False,False,False,False
2025-04-29 18:00:00+00:00,0.9684,0.9865,0.9604,0.9722,5799.0,,,,,,,,,,,,,,,,,,,,,,0.7643814483293819,0.689275212247867,"rgba(239, 83, 80, 1.0)",0.0,0.0,0.15232942110220776,0.7126918112631808,1.7035986013673494,0.0,0.0,0.0,0.0,0.0,0.0,0.0,0.0,53.87577798376559,10.259854208969365,False,True,True,False,False,15.191091268372933,0,1.023527692532515,0.9222354439364523,False,False,False,False,0.1695105570430021,0.1728818478469856,False,False,False,False,-268115.0,-489908.0984090486,False,False,False,False,15791.868070710792,False,False,False,False
2025-04-29 19:00:00+00:00,0.9722,0.9829,0.9655,0.9658,12564.0,,,,,,,,,,,,,,,,,,,,,,0.7664180694737425,0.6908248252762211,"rgba(239, 83, 80, 1.0)",0.0,0.0,0.15327324528083605,0.7137609705474355,1.6443771970167664,0.0,0.0,0.0,0.0,0.0,0.0,0.0,0.0,52.580786500437675,8.655453972984304,False,True,False,False,False,14.646736028505742,0,1.028891038311115,0.925038899869633,False,False,False,False,0.17023986611786304,0.17156085698242432,False,False,False,False,-280679.0,-486664.2364182106,False,False,False,False,15741.82360449822,False,False,False,False
2025-04-30 14:00:00+00:00,0.9042,0.9484,0.8682,0.8793,74887.0,,,,,,,,,,,,,,,,,,,,,,0.7737414834741502,0.6974125193155111,"rgba(239, 83, 80, 1.0)",0.0,0.0,0.15284111043118687,0.7169458471089747,1.0622413854034478,0.0,0.0,0.0,0.0,0.0,0.0,0.0,0.0,46.38306168589138,2.6364933392901975,False,True,False,True,False,7.758010730762919,0,1.0119119264531928,0.925934380642082,False,False,False,False,0.10675004701651178,0.13915545199946805,False,False,False,False,-355566.0,-484631.7056210291,False,False,False,False,16658.80308349825,False,False,False,False
2025-04-30 15:00:00+00:00,0.8792,0.9159,0.8678,0.9155,15096.0,,,,,,,,,,,,,,,,,,,,,,0.7751327410773304,0.6986972131635516,"rgba(239, 83, 80, 1.0)",0.0,0.0,0.15267009300219125,0.7301784270589525,1.213869522817331,0.0,0.0,0.0,0.0,0.0,0.0,0.0,0.0,45.13326673368339,1.3759496919124672,False,True,False,True,False,9.894441580512844,0,1.0118441214229512,0.9333457572369241,False,False,False,False,0.09105389454230582,0.11510467327088694,False,False,False,False,-340470.0,-482396.64041760226,False,False,False,False,16634.573578327734,False,False,False,False
2025-04-30 16:00:00+00:00,0.9154,0.9402,0.902,0.9141,6062.0,,,,,,,,,,,,,,,,,,,,,,0.7757668365678647,0.699256928127747,"rgba(239, 83, 80, 1.0)",0.0,0.0,0.152821224623728,0.7307671129536238,1.1996559214714653,0.0,0.0,0.0,0.0,0.0,0.0,0.0,0.0,44.21954546934538,0.2970140707704445,False,True,False,True,False,9.788130939017574,0,1.017740332864122,0.9293905771300822,False,False,False,False,0.11899942866172833,0.11705205096630764,False,False,False,False,-346532.0,-480290.21188399603,False,False,False,False,16470.657708896295,False,False,False,False
2025-04-30 17:00:00+00:00,0.9151,0.9411,0.9037,0.9103,3786.0,,,,,,,,,,,,,,,,,,,,,,0.7761589263706329,0.6996044196441851,"rgba(239, 83, 80, 1.0)",0.0,0.0,0.15313064700527027,0.7310633690501894,1.1704817713180682,0.0,0.0,0.0,0.0,0.0,0.0,0.0,0.0,43.37006189818084,-0.8163570756891971,False,True,False,True,False,9.495069730145975,0,1.0127899997930423,0.9344150334237052,False,False,False,False,0.12024543615026549,0.11864874355828656,False,False,False,False,-350318.0,-478275.13883153093,False,False,False,False,16273.996349068446,False,False,False,False
2025-04-30 18:00:00+00:00,0.9138,0.9138,0.8864,0.8958,4930.0,,,,,,,,,,,,,,,,,,,,,,0.7765959895320367,0.7000146632159805,"rgba(239, 83, 80, 1.0)",0.0,0.0,0.1527110491527505,0.7311974102314853,1.0778695495953905,0.0,0.0,0.0,0.0,0.0,0.0,0.0,0.0,41.858588121655885,-2.5781147637957247,False,True,False,True,False,8.37303266404897,0,1.007792959464208,0.9385038344667924,False,False,False,False,0.09891975310040896,0.10878424832934776,False,False,False,False,-355248.0,-476367.7413302669,False,False,False,False,16098.120436679787,False,False,False,False
2025-04-30 19:00:00+00:00,0.8975,0.9103,0.8885,0.9,3529.0,,,,,,,,,,,,,,,,,,,,,,0.7769093159404726,0.7003086623450532,"rgba(239, 83, 80, 1.0)",0.0,0.0,0.15192641488147868,0.7313127666598099,1.110321950740343,0.0,0.0,0.0,0.0,0.0,0.0,0.0,0.0,41.2931955858556,-3.4696816340101293,False,True,False,True,False,8.633515947724383,0,1.0087317314837752,0.9374535546197673,False,False,False,False,0.09825188657242677,0.10351806745088726,False,False,False,False,-351719.0,-474435.20270499145,False,False,False,False,15903.250352390178,False,False,False,False
2025-05-01 14:00:00+00:00,0.9675,0.9819,0.9178,0.9252,59350.0,,,,,,,,,,,,,,,,,,,,,,0.7836761596848167,0.7061425805479299,"rgba(239, 83, 80, 1.0)",0.0,0.0,0.15148730422230436,0.7361923347090051,1.2476799046712865,0.0,0.0,0.0,0.0,0.0,0.0,0.0,0.0,43.46374249163685,-3.4696816340101293,False,True,False,True,False,10.184941374575452,0,1.0113833058423443,0.922821593662818,False,False,False,False,0.14664853008588755,0.12508329876838742,False,False,False,False,-292369.0,-471612.4708801079,False,False,False,False,16576.843370182578,False,False,False,False
2025-05-01 15:00:00+00:00,0.9252,0.9305,0.9039,0.9305,6306.0,,,,,,,,,,,,,,,,,,,,,,0.7842756957021527,0.7066946661325462,"rgba(239, 83, 80, 1.0)",0.0,0.0,0.15107423642604378,0.7364939695391789,1.284176806386137,0.0,0.0,0.0,0.0,0.0,0.0,0.0,0.0,45.42111927638106,-3.4696816340101293,False,True,False,True,True,10.508485800163392,0,1.0080937080571035,0.9347012648960834,False,False,False,False,0.11526359604980636,0.12017344740909688,False,False,False,False,-286063.0,-468735.7348974705,False,False,False,False,16417.60548847432,False,False,False,False
2025-05-01 16:00:00+00:00,0.9328,0.9452,0.9092,0.9298,23878.0,,,,,,,,,,,,,,,,,,,,,,0.7866035626549509,0.7088215883296237,"rgba(239, 83, 80, 1.0)",0.0,0.0,0.15060427158557052,0.7377830029671145,1.2749770973380725,0.0,0.0,0.0,0.0,0.0,0.0,0.0,0.0,46.65467253581048,-8.088056040959472,False,True,False,True,True,10.45099858900399,0,1.0058359782942563,0.9428688440667554,False,False,False,False,0.12484933048689643,0.12251138894799665,False,False,False,False,-309941.0,-466273.8010230911,False,False,False,False,16533.270519660764,False,False,False,False
2025-05-01 17:00:00+00:00,0.9326,0.9435,0.9021,0.9142,5867.0,,,,,,,,,,,,,,,,,,,,,,0.7871318226153439,0.7093187932345584,"rgba(239, 83, 80, 1.0)",0.0,0.0,0.15053744303313854,0.7380555637415299,1.170103814103542,0.0,0.0,0.0,0.0,0.0,0.0,0.0,0.0,45.87039317264777,-8.088056040959472,False,True,False,True,True,9.16426031813771,0,1.0034632566908483,0.9423746874871922,False,False,False,False,0.1206288976606957,0.12157014330434618,False,False,False,False,-315808.0,-463940.997906454,False,False,False,False,16367.901984472226,False,False,False,False
2025-05-01 18:00:00+00:00,0.9142,0.9142,0.8884,0.8947,8780.0,,,,,,,,,,,,,,,,,,,,,,0.7877917956126695,0.7099853338938913,"rgba(239, 83, 80, 1.0)",0.0,0.0,0.15011573172626574,0.73831147980814,1.0417863497280393,0.0,0.0,0.0,0.0,0.0,0.0,0.0,0.0,43.55695675426641,-8.088056040959472,False,True,False,True,False,7.578190233180706,0,1.0012971770955585,0.9482776370786751,False,False,False,False,0.100064872153933,0.11081750772913959,False,False,False,False,-324588.0,-461780.48631100514,False,False,False,False,16250.260093240098,False,False,False,False
2025-05-01 19:00:00+00:00,0.8989,0.9203,0.8947,0.9005,5932.0,,,,,,,,,,,,,,,,,,,,,,0.7882573680265381,0.7104473839532962,"rgba(239, 83, 80, 1.0)",0.0,0.0,0.14933611387775092,0.738519788702721,1.0846687187124662,0.0,0.0,0.0,0.0,0.0,0.0,0.0,0.0,42.80839697267021,-8.088056040959472,False,True,False,True,False,7.961619697080369,1,1.0025222245193302,0.9461443043208603,False,False,False,False,0.10598555687764452,0.10840153230339206,False,False,False,False,-318656.0,-459561.5020271136,False,False,False,False,16090.2870685387,False,False,False,False
2025-05-02 14:00:00+00:00,0.9021,0.9209,0.87,0.8791,41041.0,,,,,,,,,,,,,,,,,,,,,,0.790974897139696,0.7133407535698806,"rgba(239, 83, 80, 1.0)",0.0,0.0,0.14785322894042116,0.7395680470237486,0.9437193490882578,0.0,0.0,0.0,0.0,0.0,0.0,0.0,0.0,40.39111265425414,-5.353955012192934,False,True,False,True,False,6.2225326989520156,1,0.9991761919472764,0.9418185562763877,False,False,False,False,0.09448483068885517,0.10144318149612361,False,False,False,False,-359697.0,-458013.21517398005,False,False,False,False,16477.119827166007,False,False,False,False
2025-05-02 15:00:00+00:00,0.8743,0.8841,0.8551,0.8551,21397.0,,,,,,,,,,,,,,,,,,,,,,0.7919883606866387,0.7146023310585128,"rgba(239, 83, 80, 1.0)",0.0,0.0,0.14615551711099542,0.7397981515103719,0.7888983650344448,0.0,0.0,0.0,0.0,0.0,0.0,0.0,0.0,37.00789789564022,-8.58876966168313,False,True,False,True,False,4.319717390785723,1,0.9979768368463428,0.9490906088069533,False,False,False,False,0.06989305849724713,0.08566811999668536,False,False,False,False,-381094.0,-456820.6692022904,False,False,False,False,16553.39703914793,False,False,False,False
2025-05-02 16:00:00+00:00,0.8551,0.876,0.8345,0.8367,21935.0,,,,,,,,,,,,,,,,,,,,,,0.7927808329356243,0.715741038400183,"rgba(239, 83, 80, 1.0)",0.0,0.0,0.14446372405406163,0.7398634435307025,0.6703174593025097,0.0,0.0,0.0,0.0,0.0,0.0,0.0,0.0,33.60118586031178,-11.735967721346604,False,True,False,True,False,2.8921574657659903,0,1.004036013660354,0.9449653316775329,False,False,False,False,0.056279762352625926,0.07097394117465564,False,False,False,False,-403029.0,-455986.68983481306,False,False,False,False,16636.83274396734,False,False,False,False
2025-05-02 17:00:00+00:00,0.8367,0.8444,0.8121,0.819,52591.0,,,,,,,,,,,,,,,,,,,,,,0.7938241600728875,0.7179185893023794,"rgba(239, 83, 80, 1.0)",0.0,0.0,0.14318355258104973,0.7394829284084999,0.5553505982922794,0.0,0.0,0.0,0.0,0.0,0.0,0.0,0.0,30.347851023436252,-14.684393986842672,False,True,False,True,False,1.5399885432355624,0,1.000041372747771,0.9494425022237852,False,False,False,False,0.03071826817351971,0.05084610467408767,False,False,False,False,-455620.0,-455981.004721095,False,False,False,False,17194.261693673274,False,False,False,False
2025-05-02 18:00:00+00:00,0.819,0.8379,0.8088,0.8164,12943.0,,,,,,,,,,,,,,,,,,,,,,0.7940381900382639,0.7184211306495768,"rgba(239, 83, 80, 1.0)",0.0,0.0,0.1418756013663504,0.7394101565509104,0.5426573893441121,0.0,0.0,0.0,0.0,0.0,0.0,0.0,0.0,28.03708233681042,-16.767654518711907,False,True,False,True,False,1.3413465616324665,0,0.9974328716642857,0.953336231704035,False,False,False,False,0.026084603615189873,0.03846535414463877,False,False,False,False,-468563.0,-456176.0744153416,False,False,False,False,17128.350659662836,False,False,False,False
2025-05-02 19:00:00+00:00,0.8086,0.8278,0.8048,0.8149,26509.0,,,,,,,,,,,,,,,,,,,,,,0.794383760236454,0.7193838711365146,"rgba(239, 83, 80, 1.0)",0.0,0.0,0.14018338761123827,0.7392340202778536,0.539764240339134,0.0,0.0,0.0,0.0,0.0,0.0,0.0,0.0,26.40716503174321,-18.29678540000728,False,True,False,True,False,1.2248880389500272,0,0.996222420556674,0.9562049855746283,False,False,False,False,0.019419713664139148,0.02894253390438896,False,False,False,False,-495072.0,-456779.11202130525,False,False,False,False,17273.78708354403,False,False,False,False
2025-05-05 14:00:00+00:00,0.86,0.8912,0.8291,0.8347,14064.0,,,,,,,,,,,,,,,,,,,,,,0.7948615965663676,0.7200738622971283,"rgba(239, 83, 80, 1.0)",0.0,0.0,0.13830989233282495,0.7394492767090791,0.6886761437259475,0.0,0.0,0.0,0.0,0.0,0.0,0.0,0.0,29.04463519832047,-18.29678540000728,False,True,False,True,True,2.710262537703329,0,0.9990359765352586,0.9372359191040736,False,False,False,False,0.06092560985019923,0.04493407187729409,False,False,False,False,-481008.0,-457154.7536953935,False,False,False,False,17224.02294271389,False,False,False,False
2025-05-05 15:00:00+00:00,0.8328,0.8332,0.8005,0.807,7544.0,,,,,,,,,,,,,,,,,,,,,,0.794944920037972,0.7203347164490695,"rgba(239, 83, 80, 1.0)",0.0,0.0,0.13616891455134172,0.7394077302633094,0.4963854633004756,0.0,0.0,0.0,0.0,0.0,0.0,0.0,0.0,28.672900443668635,-18.29678540000728,False,True,False,True,True,0.539128871923797,0,0.995937378172641,0.9492377454500689,False,False,False,False,0.019939599935003688,0.03243683590614889,False,False,False,False,-488552.0,-457641.532707868,False,False,False,False,17073.945067633053,False,False,False,False
2025-05-05 16:00:00+00:00,0.8088,0.8256,0.805,0.8052,9039.0,,,,,,,,,,,,,,,,,,,,,,0.7950351119756854,0.7206399116906008,"rgba(239, 83, 80, 1.0)",0.0,0.0,0.13468355761522047,0.7393558121583255,0.4888806696789658,0.0,0.0,0.0,0.0,0.0,0.0,0.0,0.0,28.300056198237613,-18.29678540000728,False,True,False,True,True,0.39944604977242193,0,1.0094441670827095,0.9443751040106508,False,False,False,False,0.008674119095704896,0.020555477500926893,False,False,False,False,-497591.0,-458260.90429379256,False,False,False,False,16949.372275886803,False,False,False,False
2025-05-05 17:00:00+00:00,0.8055,0.8186,0.8004,0.8186,17755.0,,,,,,,,,,,,,,,,,,,,,,0.7952157060837852,0.7212374152442597,"rgba(239, 83, 80, 1.0)",0.0,0.0,0.13291815743748897,0.7392774656311808,0.5967772642810246,0.0,0.0,0.0,0.0,0.0,0.0,0.0,0.0,30.492847705667927,-18.29678540000728,False,True,False,True,True,1.4328290239349428,0,1.0015634771732334,0.9476547842401503,False,False,False,False,-0.0009618610003354447,0.009796808250295724,False,False,False,False,-479836.0,-458595.4019016407,False,False,False,False,16961.862628198636,False,False,False,False
2025-05-05 18:00:00+00:00,0.8186,0.8316,0.8186,0.8199,4786.0,,,,,,,,,,,,,,,,,,,,,,0.7952938056038454,0.7214161042011602,"rgba(239, 83, 80, 1.0)",0.0,0.0,0.13114126830350842,0.7392877800910549,0.6146975772903094,0.0,0.0,0.0,0.0,0.0,0.0,0.0,0.0,32.19161075341105,-22.619905281956807,False,True,False,True,True,1.5335733612201423,0,1.0026506376140087,0.9455680086824038,False,False,False,False,0.012887414701984479,0.011342111476140102,False,False,False,False,-475050.0,-458850.51194967725,False,False,False,False,16773.089564195554,False,False,False,False
2025-05-05 19:00:00+00:00,0.8199,0.8199,0.8004,0.8028,11067.0,,,,,,,,,,,,,,,,,,,,,,0.7953728868934481,0.7217637852355283,"rgba(239, 83, 80, 1.0)",0.0,0.0,0.12941072503836568,0.739224602955104,0.4912683784597309,0.0,0.0,0.0,0.0,0.0,0.0,0.0,0.0,31.674636794601902,-22.619905281956807,False,True,False,True,True,0.15221907375908472,0,0.9988924182897269,0.9493438100810835,False,False,False,False,-0.004824721198808089,0.0032586951386660064,False,False,False,False,-486117.0,-459273.24819851946,False,False,False,False,16684.6230593243,False,False,False,False
2025-05-06 14:00:00+00:00,0.8095,0.839,0.7958,0.8221,23877.0,,,,,,,,,,,,,,,,,,,,,,0.7956929610044827,0.7226015478311992,"rgba(239, 83, 80, 1.0)",0.0,0.0,0.12756316647622848,0.739253409727863,0.6494554232281117,0.0,0.0,0.0,0.0,0.0,0.0,0.0,0.0,34.79926283468524,-19.788537340971885,False,True,False,True,True,1.6763844217315267,0,0.9962764961620868,0.9463316206602459,False,False,False,False,-0.005374694939767841,-0.0010579999005509173,False,False,False,False,-462240.0,-459319.2443504804,False,False,False,False,16796.132779334777,False,False,False,False
2025-05-06 15:00:00+00:00,0.8221,0.8281,0.7992,0.8166,9455.0,,,,,,,,,,,,,,,,,,,,,,0.795794164737698,0.7229145748091189,"rgba(239, 83, 80, 1.0)",0.0,0.0,0.12577947141974788,0.7392512639874123,0.6149551682759232,0.0,0.0,0.0,0.0,0.0,0.0,0.0,0.0,36.25431235560936,-18.289789743820762,False,True,False,True,True,1.2250172278071965,0,0.9965334335713987,0.9543707973102786,False,False,False,False,-0.020104414752535535,-0.010581207326543225,False,False,False,False,-471695.0,-459511.116531093,False,False,False,False,16682.316767252065,False,False,False,False
2025-05-06 16:00:00+00:00,0.8166,0.831,0.7985,0.7985,11649.0,,,,,,,,,,,,,,,,,,,,,,0.7958827124742421,0.7232752057006901,"rgba(239, 83, 80, 1.0)",0.0,0.0,0.12460262520914057,0.7392232678826066,0.4757261897002549,0.0,0.0,0.0,0.0,0.0,0.0,0.0,0.0,35.32814001754608,-18.289789743820762,False,True,False,True,True,0.0,1,0.9874310174790693,0.9641185974778104,False,False,False,False,-0.018941720898949084,-0.014761464112746155,False,False,True,False,-483344.0,-459880.6186003784,False,False,False,False,16604.280848379938,False,False,False,False
2025-05-06 17:00:00+00:00,0.7985,0.8233,0.7919,0.8078,6873.0,,,,,,,,,,,,,,,,,,,,,,0.7959280086582994,0.7234824788887351,"rgba(239, 83, 80, 1.0)",0.0,0.0,0.12335556995060412,0.7392041570615253,0.556082250407848,0.0,0.0,0.0,0.0,0.0,0.0,0.0,0.0,36.42827242663717,-17.856697039395,False,True,False,True,True,0.5045460326956857,1,0.9881403774856758,0.9622935625210653,False,False,False,False,-0.02650028691642771,-0.020630875514586932,False,False,False,False,-476471.0,-460137.8338158764,False,False,False,False,16453.408277087226,False,False,False,False
2025-05-06 18:00:00+00:00,0.8077,0.8257,0.7915,0.8197,4069.0,,,,,,,,,,,,,,,,,,,,,,0.795965181539975,0.723611438459492,"rgba(239, 83, 80, 1.0)",0.0,0.0,0.12203306237866059,0.7469915854163707,0.5958091452136133,0.0,0.0,0.0,0.0,0.0,0.0,0.0,0.0,39.21385276485344,-15.087383787116323,False,True,False,True,True,1.4704708233755888,1,0.9816301652024048,0.9627979318172265,False,False,False,False,-0.025442982437424315,-0.02303692897600562,False,False,False,False,-472402.0,-460327.97592725814,False,False,False,False,16261.401947209906,False,False,False,False
2025-05-06 19:00:00+00:00,0.8197,0.8238,0.7968,0.8097,7815.0,,,,,,,,,,,,,,,,,,,,,,0.7960265530059335,0.7238519552952689,"rgba(239, 83, 80, 1.0)",0.0,0.0,0.12070597465377458,0.7469032713965518,0.520245404451357,0.0,0.0,0.0,0.0,0.0,0.0,0.0,0.0,39.77780116644662,-14.418191698603735,False,True,False,True,True,0.6295942088809596,1,0.9816222133338945,0.9665284297833822,False,False,False,False,-0.023645694071122204,-0.02334131152356391,False,False,False,False,-480217.0,-460636.3328896262,False,False,False,False,16130.449979036108,False,False,False,False
2025-05-07 14:00:00+00:00,0.8108,0.8389,0.8025,0.8092,6287.0,,,,,,,,,,,,,,,,,,,,,,0.7960990928309173,0.7240595816206699,"rgba(239, 83, 80, 1.0)",0.0,0.0,0.11934376118312132,0.7470169903088075,0.5210411426180775,0.0,0.0,0.0,0.0,0.0,0.0,0.0,0.0,40.08765229436431,-13.904130009247375,False,True,False,True,True,0.5871878848614109,1,0.9820293988131437,0.9608505105999289,False,False,False,False,-0.012653411572265679,-0.017997361547914793,False,False,False,False,-486504.0,-461037.3819921126,False,False,False,False,15977.838351454151,False,False,False,False
2025-05-07 15:00:00+00:00,0.8092,0.8354,0.7975,0.8138,3191.0,,,,,,,,,,,,,,,,,,,,,,0.7961334252977239,0.7241631380532043,"rgba(239, 83, 80, 1.0)",0.0,0.0,0.11792281048394748,0.7470401086666666,0.5661321254077575,0.0,0.0,0.0,0.0,0.0,0.0,0.0,0.0,41.23868952464806,-12.57783045052679,False,False,False,True,True,0.9768321385953733,1,0.9814364733489774,0.9645700636942677,False,False,False,False,-0.017144929989264153,-0.017571145768589473,False,False,False,False,-483313.0,-461382.7404108395,False,False,False,False,15779.592795617651,False,False,False,False
2025-05-07 16:00:00+00:00,0.8138,0.8238,0.7976,0.8237,3320.0,,,,,,,,,,,,,,,,,,,,,,0.7961680405902894,0.7242700051599408,"rgba(239, 83, 80, 1.0)",0.0,0.0,0.11642174308548911,0.7470547144610101,0.658341676629157,0.0,0.0,0.0,0.0,0.0,0.0,0.0,0.0,43.95770776599057,-9.865885344111952,False,False,False,True,True,1.8183705065412177,1,0.9752643464679936,0.979316603701906,False,False,False,False,-0.02322282531642894,-0.020396985542509207,False,False,False,False,-479993.0,-461671.27156726056,False,False,False,False,15586.420814290244,False,False,False,False
2025-05-07 17:00:00+00:00,0.8238,0.8294,0.7991,0.8176,2700.0,,,,,,,,,,,,,,,,,,,,,,0.7961965939854375,0.724357048503101,"rgba(239, 83, 80, 1.0)",0.0,0.0,0.11508145680734787,0.7470669086869426,0.612897101495103,0.0,0.0,0.0,0.0,0.0,0.0,0.0,0.0,44.66616119633468,-9.079860338751871,False,False,False,True,True,1.2731820095648274,1,0.9777946479407857,0.9700765483646488,False,False,False,False,-0.01947021156829942,-0.019933598555404313,False,False,False,False,-482693.0,-461997.18983753555,False,False,False,False,15386.631344301248,False,False,False,False
2025-05-07 18:00:00+00:00,0.8187,0.8197,0.7928,0.8082,898.0,,,,,,,,,,,,,,,,,,,,,,0.7962018858339841,0.7243832718230583,"rgba(239, 83, 80, 1.0)",0.0,0.0,0.1132002594464311,0.7470535511398614,0.5401617377836004,0.0,0.0,0.0,0.0,0.0,0.0,0.0,0.0,43.53856010885372,-9.079860338751871,False,False,False,True,True,0.4313883744512488,1,0.9806694755563082,0.9719463911414113,False,False,False,False,-0.02792774236852572,-0.023930670461965016,False,False,False,False,-483591.0,-462331.97759199236,False,False,False,False,15162.001400978746,False,False,False,False
2025-05-07 19:00:00+00:00,0.8078,0.8255,0.8048,0.8242,7123.0,,,,,,,,,,,,,,,,,,,,,,0.7962876881588636,0.7246190085273315,"rgba(239, 83, 80, 1.0)",0.0,0.0,0.11134351313443319,0.7471199128047272,0.6922728143327791,0.0,0.0,0.0,0.0,0.0,0.0,0.0,0.0,46.041284297769295,-7.6664062977404015,True,False,False,True,True,1.8339103379983932,1,0.9841528781169891,0.965127857460647,False,False,False,False,-0.01851893599486446,-0.02122480322841474,False,False,False,False,-476468.0,-462551.140730101,False,False,False,False,15037.365720343416,False,False,False,False
2025-05-08 14:00:00+00:00,0.8511,0.8873,0.8511,0.8587,28665.0,,,,,,,,,,,,,,,,,,,,,,0.7973619831593152,0.7260318313387483,"rgba(239, 83, 80, 1.0)",0.0,0.0,0.10906611315087021,0.7489937191057638,1.0058695384374836,0.0,0.0,0.0,0.0,0.0,0.0,0.0,0.0,52.399870528075276,-1.8263442641414258,True,False,True,False,True,4.74145119250441,1,0.9886731391585761,0.9574034379859624,False,False,False,False,0.038611128488067054,0.008693162629826157,False,False,False,False,-447803.0,-462322.48738544824,False,False,False,False,15248.646871965997,False,False,False,False
2025-05-08 15:00:00+00:00,0.8587,0.9935,0.8584,0.8883,94812.0,,,,,,,,,,,,,,,,,,,,,,0.8030128729534709,0.7320390620315154,"rgba(239, 83, 80, 1.0)",0.0,0.0,0.1067029262920182,0.7681769659936064,1.1257707560676267,0.0,0.0,0.0,0.0,0.0,0.0,0.0,0.0,59.16417245586507,4.0987205766655705,True,False,True,False,True,7.10361059483003,1,0.9953589108910891,0.935664191419142,False,False,False,False,0.09887447064739838,0.053783816638612265,False,False,False,False,-352991.0,-460627.42556551885,False,False,False,False,16482.187230540167,False,False,False,False
2025-05-08 16:00:00+00:00,0.8871,0.9299,0.8869,0.9261,39366.0,,,,,,,,,,,,,,,,,,,,,,0.8052184678561601,0.7344334084408279,"rgba(38, 166, 154, 1.0)",0.0,0.0,0.10486887397091917,0.7701293999343115,1.4872916448873115,0.0,0.0,0.0,0.0,0.0,0.0,0.0,0.0,65.83833979504956,9.77097752143061,True,False,True,False,True,9.953374051797539,0,1.0042418252203278,0.9435796062927273,False,False,False,False,0.08018173183857626,0.06698277423859426,False,False,False,False,-313625.0,-458348.31819241005,False,False,False,False,16836.97502541551,False,False,False,False
2025-05-08 17:00:00+00:00,0.9151,0.9287,0.8666,0.8816,40017.0,,,,,,,,,,,,,,,,,,,,,,0.8069382264462386,0.7365138024703639,"rgba(38, 166, 154, 1.0)",0.0,0.0,0.10308236780047281,0.7711564564675555,1.0714106193817756,0.0,0.0,0.0,0.0,0.0,0.0,0.0,0.0,63.965579567626285,9.77097752143061,True,False,True,False,True,5.875612279536636,0,1.0001023792948116,0.9441213808919287,False,False,False,False,0.06876014177875041,0.06787145800867234,False,False,False,False,-353642.0,-456724.9644219851,False,False,False,False,17196.355257579613,False,False,False,False
2025-05-08 18:00:00+00:00,0.8816,0.8971,0.869,0.8932,6303.0,,,,,,,,,,,,,,,,,,,,,,0.807184737151104,0.7368243412509635,"rgba(38, 166, 154, 1.0)",0.0,0.0,0.10110688617711971,0.771291732882234,1.205736540083,0.0,0.0,0.0,0.0,0.0,0.0,0.0,0.0,63.5873340834864,9.77097752143061,True,False,True,False,False,6.747046419761418,0,1.0014970059880242,0.949778525141498,False,False,False,False,0.04619267302640959,0.05703206551754096,False,False,False,False,-347339.0,-455029.057996838,False,False,False,False,17027.466028779927,False,False,False,False
2025-05-08 19:00:00+00:00,0.8932,0.9121,0.8918,0.9042,14091.0,,,,,,,,,,,,,,,,,,,,,,0.8078423379168296,0.7375889307453978,"rgba(38, 166, 154, 1.0)",0.0,0.0,0.09930359188953225,0.7717952449349121,1.3333329897309067,0.0,0.0,0.0,0.0,0.0,0.0,0.0,0.0,64.14588023179367,9.77097752143061,True,False,True,False,False,7.569606421851294,0,1.0065673620750377,0.9529304522571423,False,False,False,False,0.061649202882497985,0.059340634200019476,False,False,False,False,-333248.0,-453140.9795782824,False,False,False,False,16981.93942368256,False,False,False,False
2025-05-09 14:00:00+00:00,0.8699,0.8837,0.8374,0.8605,35495.0,,,,,,,,,,,,,,,,,,,,,,0.8087405606895832,0.7390000581729996,"rgba(38, 166, 154, 1.0)",0.0,0.0,0.09709078862609291,0.7718797088681537,0.9127569400340605,0.0,0.0,0.0,0.0,0.0,0.0,0.0,0.0,59.5958258425776,16.382931942026772,True,False,True,False,False,3.7235682963608703,0,0.983660197970901,0.9583684892885806,False,False,False,False,0.015849662775557754,0.03759514848778862,False,False,False,False,-368743.0,-451832.48377086717,False,False,False,False,17268.963618664227,False,False,False,False
2025-05-09 15:00:00+00:00,0.8745,0.8845,0.8577,0.8636,4798.0,,,,,,,,,,,,,,,,,,,,,,0.808878178222737,0.7392008204247706,"rgba(38, 166, 154, 1.0)",0.0,0.0,0.09508198846117151,0.7719320706935735,0.9640935238103568,0.0,0.0,0.0,0.0,0.0,0.0,0.0,0.0,56.8551509001255,13.715004458660808,True,False,True,False,False,3.9630827125069708,0,0.9883706544599777,0.9579570291558415,False,False,False,False,0.02750687557100534,0.032551012029396975,False,False,False,False,-363945.0,-450469.8871232568,False,False,False,False,17075.61534550664,False,False,False,False
2025-05-09 16:00:00+00:00,0.8669,0.8829,0.8559,0.8771,4751.0,,,,,,,,,,,,,,,,,,,,,,0.8090214723821774,0.7394041603899019,"rgba(38, 166, 154, 1.0)",0.0,0.0,0.09278611454443429,0.7719975798088017,1.1327386722381383,0.0,0.0,0.0,0.0,0.0,0.0,0.0,0.0,56.323952190650616,13.009089851607122,True,False,True,False,False,5.008232812949242,0,0.9869795986067341,0.9633853043622492,False,False,False,False,0.025628039779348424,0.0290895259043727,False,False,False,False,-359194.0,-449054.7570903381,False,False,False,False,16884.536037824368,False,False,False,False
2025-05-09 17:00:00+00:00,0.883,0.895,0.8642,0.895,8301.0,,,,,,,,,,,,,,,,,,,,,,0.8093207454221423,0.7397920194619044,"rgba(38, 166, 154, 1.0)",0.0,0.0,0.09116790266138795,0.7721936570931025,1.3470348590009769,0.0,0.0,0.0,0.0,0.0,0.0,0.0,0.0,57.55883577109444,13.009089851607122,True,False,True,False,False,6.374307631760544,0,0.9921451787648973,0.9581423451954332,False,False,False,False,0.0369042332532202,0.03299687957879645,False,False,False,False,-350893.0,-447532.86938351113,False,False,False,False,16751.457959718562,False,False,False,False
2025-05-09 18:00:00+00:00,0.895,0.895,0.8645,0.8701,1957.0,,,,,,,,,,,,,,,,,,,,,,0.8093833217649475,0.7398780015810354,"rgba(38, 166, 154, 1.0)",0.0,0.0,0.08882698755963502,0.7722280980797457,1.10182619729783,0.0,0.0,0.0,0.0,0.0,0.0,0.0,0.0,55.522352301469155,11.734556286399034,True,False,True,False,False,4.180659915080323,0,0.9927311997673985,0.9495960623870742,False,False,False,False,0.03645525109805183,0.034726065338424136,False,False,False,False,-352850.0,-446064.9179202009,False,False,False,False,16522.086518482614,False,False,False,False
2025-05-09 19:00:00+00:00,0.8701,0.8872,0.8599,0.8708,4345.0,,,,,,,,,,,,,,,,,,,,,,0.8095137952693255,0.740063079002725,"rgba(38, 166, 154, 1.0)",0.0,0.0,0.08668915979074815,0.7722925862757842,1.1363290861509645,0.0,0.0,0.0,0.0,0.0,0.0,0.0,0.0,54.23751747098046,10.190709833525332,True,False,True,False,False,4.235382720950533,0,0.9920373250388804,0.9520580611715918,False,False,False,False,0.021670140988883566,0.02819810316365385,False,False,False,False,-348505.0,-444552.36105322104,False,False,False,False,16333.294479436372,False,False,False,False
2025-05-12 14:00:00+00:00,0.925,0.9385,0.8753,0.8844,15295.0,,,,,,,,,,,,,,,,,,,,,,0.8101617911768909,0.740841207817374,"rgba(38, 166, 154, 1.0)",0.0,0.0,0.08485767985651785,0.7853746940733599,1.1669574998288619,0.0,0.0,0.0,0.0,0.0,0.0,0.0,0.0,54.82357272186012,10.190709833525332,True,False,True,False,False,5.303072070084962,1,0.9928514039677798,0.9456953915246906,False,False,False,False,0.05872832685359122,0.04346321500862253,False,False,False,False,-333210.0,-442826.12289735716,False,False,False,False,16317.1968906079,False,False,False,False
2025-05-12 15:00:00+00:00,0.8844,0.8962,0.8835,0.8915,8309.0,,,,,,,,,,,,,,,,,,,,,,0.8104748040556976,0.7412369347913039,"rgba(38, 166, 154, 1.0)",0.0,0.0,0.08282614871954605,0.7854320213300523,1.2806098111491304,0.0,0.0,0.0,0.0,0.0,0.0,0.0,0.0,55.94713650069676,10.190709833525332,True,False,True,False,False,5.858795939730058,1,0.9937121227790764,0.9542060520818253,False,False,False,False,0.026885180328485282,0.03517419766855391,False,False,False,False,-324901.0,-440997.82641832833,False,False,False,False,16193.038799280646,False,False,False,False
2025-05-12 16:00:00+00:00,0.8915,0.9162,0.8915,0.9162,2425.0,,,,,,,,,,,,,,,,,,,,,,0.8105856751050206,0.7413655891471861,"rgba(38, 166, 154, 1.0)",0.0,0.0,0.08085037427136917,0.7855789394169446,1.6155900545943562,0.0,0.0,0.0,0.0,0.0,0.0,0.0,0.0,58.975410069926056,10.190709833525332,True,False,True,False,True,7.7619461989981815,1,0.9916931447677197,0.9560152015450754,False,False,False,False,0.03706825390326942,0.03612122578591166,False,False,False,False,-322476.0,-439160.2787219201,False,False,False,False,15979.580833400325,False,False,False,False
2025-05-12 17:00:00+00:00,0.9162,0.9356,0.9041,0.9325,5076.0,,,,,,,,,,,,,,,,,,,,,,0.8108551697830854,0.741660208671339,"rgba(38, 166, 154, 1.0)",0.0,0.0,0.08035217590690143,0.786045119259764,1.8226622874522191,0.0,0.0,0.0,0.0,0.0,0.0,0.0,0.0,62.25636500199944,7.058319425434021,True,False,True,False,True,8.98554697797903,1,0.9899174687649421,0.9548884684946886,False,False,False,False,0.056548254853510976,0.04633474031971132,False,False,False,False,-317400.0,-437272.5224626655,False,False,False,False,15810.533068541405,False,False,False,False
2025-05-12 18:00:00+00:00,0.9325,0.9325,0.9013,0.9087,2854.0,,,,,,,,,,,,,,,,,,,,,,0.8109929315105959,0.7418164746880318,"rgba(38, 166, 154, 1.0)",0.0,0.0,0.07960658558479397,0.7862166824608275,1.5386078505867802,0.0,0.0,0.0,0.0,0.0,0.0,0.0,0.0,60.97969093168825,7.058319425434021,True,False,True,False,True,6.7685048574784155,1,0.988669674227147,0.9552815949772355,False,False,False,False,0.052953842859570006,0.04964429158964066,False,False,False,False,-320254.0,-435458.2818043296,False,False,False,False,15609.656586858591,False,False,False,False
2025-05-12 19:00:00+00:00,0.9087,0.925,0.895,0.9049,6683.0,,,,,,,,,,,,,,,,,,,,,,0.8112958235443898,0.7421688680348851,"rgba(38, 166, 154, 1.0)",0.0,0.0,0.0786317126039341,0.7865128644713202,1.5055901952052448,0.0,0.0,0.0,0.0,0.0,0.0,0.0,0.0,59.614275144921656,7.058319425434021,True,False,True,False,False,6.418340290358312,1,0.9880781772488422,0.9549296944773299,False,False,False,False,0.03839520884532943,0.04401975021748505,False,False,False,False,-326937.0,-433775.78131123923,False,False,False,False,15471.258810318148,False,False,False,False
2025-05-13 14:00:00+00:00,0.91,0.9333,0.8963,0.9144,11120.0,,,,,,,,,,,,,,,,,,,,,,0.8118284604822146,0.7427742736166005,"rgba(38, 166, 154, 1.0)",0.0,0.0,0.07831159632467967,0.7870896101843143,1.6256901377397175,0.0,0.0,0.0,0.0,0.0,0.0,0.0,0.0,59.69764055457513,7.058319425434021,True,False,True,False,False,7.159461700308075,1,0.9858492520614927,0.9557866821364938,False,False,False,False,0.04436199662507551,0.04419087342128028,False,False,False,False,-315817.0,-431946.9629963363,False,False,False,False,15403.79743341399,False,False,False,False
2025-05-13 15:00:00+00:00,0.9144,0.9216,0.8985,0.918,4091.0,,,,,,,,,,,,,,,,,,,,,,0.8120193157157102,0.7429933957761038,"rgba(38, 166, 154, 1.0)",0.0,0.0,0.07790679652087365,0.7872755090308271,1.6779600343873438,0.0,0.0,0.0,0.0,0.0,0.0,0.0,0.0,60.13624701542474,7.058319425434021,True,False,True,False,False,7.441762753004259,0,0.9857685995055367,0.9609415577670208,False,False,False,False,0.038457348066702896,0.04132411074399159,False,False,False,False,-311726.0,-430083.0720971683,False,False,False,False,15228.405225144006,False,False,False,False
2025-05-13 16:00:00+00:00,0.9181,0.9217,0.9016,0.9153,7004.0,,,,,,,,,,,,,,,,,,,,,,0.812344936439555,0.7433676021046021,"rgba(38, 166, 154, 1.0)",0.0,0.0,0.07779843700229888,0.7875858943045537,1.6416024616493572,0.0,0.0,0.0,0.0,0.0,0.0,0.0,0.0,59.948945250327775,7.058319425434021,True,False,True,False,False,7.180050050882173,0,0.9789004023935116,0.9680378625190251,False,False,False,False,0.040445962514965995,0.04088503662947879,False,False,False,False,-318730.0,-428356.6678786075,False,False,False,False,15100.895066614643,False,False,False,False
2025-05-13 17:00:00+00:00,0.9153,0.9189,0.8965,0.9045,10587.0,,,,,,,,,,,,,,,,,,,,,,0.8128028864813089,0.7439094335405584,"rgba(38, 166, 154, 1.0)",0.0,0.0,0.07524336209088082,0.7879502278091006,1.5489708188494768,0.0,0.0,0.0,0.0,0.0,0.0,0.0,0.0,57.918569201050396,7.058319425434021,True,False,True,False,False,6.128846667666107,1,0.9816790692799497,0.9674247982391784,False,False,False,False,0.03553711721704821,0.038211076923263504,False,False,False,False,-329317.0,-426821.1691518074,False,False,False,False,15030.912197364803,False,False,False,False
2025-05-13 18:00:00+00:00,0.9044,0.9121,0.8897,0.9021,5624.0,,,,,,,,,,,,,,,,,,,,,,0.8130306280389092,0.7441864179277288,"rgba(38, 166, 154, 1.0)",0.0,0.0,0.07126927809372463,0.7881045089091218,1.5995039397054835,0.0,0.0,0.0,0.0,0.0,0.0,0.0,0.0,56.14440865179862,9.960608509558384,True,False,True,False,False,5.8942082141445695,1,0.9845453782922329,0.9594866633115251,False,False,False,False,0.02709032219988138,0.03265069956157244,False,False,False,False,-334941.0,-425396.67040526774,False,False,False,False,14885.06859740566,False,False,False,False
2025-05-13 19:00:00+00:00,0.9021,0.9047,0.8888,0.8935,8715.0,,,,,,,,,,,,,,,,,,,,,,0.8133588565534903,0.7445983939446427,"rgba(38, 166, 154, 1.0)",0.0,0.0,0.06735754604355522,0.7882885247019226,1.5619849813121873,0.0,0.0,0.0,0.0,0.0,0.0,0.0,0.0,53.448779704757996,7.31640281509091,True,False,True,False,False,5.0476947911668155,1,0.9843415473741658,0.9602451618319972,False,False,False,False,0.021676267530013265,0.02716348354579285,False,False,False,False,-343656.0,-424129.3731896822,False,False,False,False,14789.408619151307,False,False,False,False
2025-05-14 14:00:00+00:00,0.9292,0.9771,0.915,0.9302,22301.0,,,,,,,,,,,,,,,,,,,,,,0.8146407972549153,0.7459541753441664,"rgba(38, 166, 154, 1.0)",0.0,0.0,0.06445072628698274,0.7898566623283105,2.177529187906684,0.0,0.0,0.0,0.0,0.0,0.0,0.0,0.0,56.72339739384368,7.31640281509091,True,False,True,False,True,8.09634637120612,1,0.9836262145958238,0.9456067810626422,False,False,False,False,0.08309429229388356,0.05512888791983821,False,False,False,False,-321355.0,-422535.97205495846,False,False,False,False,14905.867400249736,False,False,False,False
2025-05-14 15:00:00+00:00,0.9302,0.9568,0.9124,0.9405,13423.0,,,,,,,,,,,,,,,,,,,,,,0.8153747545232967,0.7467438253184492,"rgba(38, 166, 154, 1.0)",0.0,0.0,0.06018775991216061,0.7906604931828509,2.4895345338625043,0.0,0.0,0.0,0.0,0.0,0.0,0.0,0.0,59.94287916235518,5.578944437757116,True,False,True,False,True,8.921080149890308,1,0.9828174456365356,0.9515353311135777,False,False,False,False,0.06879095559958212,0.061959921759710164,False,False,False,False,-307932.0,-420759.16628666455,False,False,False,False,14882.8772079978,False,False,False,False
2025-05-14 16:00:00+00:00,0.9453,0.9516,0.9236,0.9371,8319.0,,,,,,,,,,,,,,,,,,,,,,0.8158284323222071,0.7472321604763835,"rgba(38, 166, 154, 1.0)",0.0,0.0,0.05849576277871506,0.7911453768674427,2.495131547983952,0.0,0.0,0.0,0.0,0.0,0.0,0.0,0.0,61.41476643116492,6.892188280271036,True,False,True,False,True,8.57406288760076,1,0.983086724635275,0.9605495258057154,False,False,False,False,0.07253560203317623,0.0672477618964432,False,False,False,False,-316251.0,-419138.88463880925,False,False,False,False,14781.111669889307,False,False,False,False
2025-05-14 17:00:00+00:00,0.937,0.9706,0.9236,0.9706,6050.0,,,,,,,,,,,,,,,,,,,,,,0.8162034342833024,0.7476182662637003,"rgba(38, 166, 154, 1.0)",0.0,0.0,0.05867541013879322,0.7915893533531458,3.0508631507375075,0.0,0.0,0.0,0.0,0.0,0.0,0.0,0.0,65.39625830156345,10.55490229683614,True,False,True,False,True,11.225415361671534,1,0.9837194869673149,0.9557716177079023,False,False,False,False,0.084407563267805,0.0758276625821241,False,False,False,False,-310201.0,-417449.9251870447,False,False,False,False,14645.745597487921,False,False,False,False
2025-05-14 18:00:00+00:00,0.9706,0.9936,0.955,0.9605,10935.0,,,,,,,,,,,,,,,,,,,,,,0.8169477243262717,0.7483619475604739,"rgba(38, 166, 154, 1.0)",0.0,0.0,0.0587989877954239,0.7925121484312914,2.856985432354373,0.0,0.0,0.0,0.0,0.0,0.0,0.0,0.0,66.12132108187575,11.197095212852915,True,False,True,False,True,10.179455240933102,1,0.9975324513747771,0.9473520507610005,False,False,False,False,0.11854228972254743,0.09718497615233576,False,False,False,False,-321136.0,-415956.686036858,False,False,False,False,14588.214657991983,False,False,False,False
2025-05-14 19:00:00+00:00,0.9605,0.9811,0.9365,0.9757,27784.0,,,,,,,,,,,,,,,,,,,,,,0.8187426697585959,0.7501848680344964,"rgba(38, 166, 154, 1.0)",0.0,0.0,0.05918172069875552,0.7945691782823274,3.060587282341073,0.0,0.0,0.0,0.0,0.0,0.0,0.0,0.0,67.8784580178298,12.922450776823332,True,False,True,False,True,11.364876901089044,0,0.996787897627189,0.9451663040099474,False,False,False,False,0.09906187170668355,0.09812342392950965,False,False,False,False,-293352.0,-414055.8381913253,False,False,False,False,14792.800477247922,False,False,False,False
2025-05-15 14:00:00+00:00,0.9448,0.9819,0.9106,0.9295,53017.0,,,,,,,,,,,,,,,,,,,,,,0.8215098713442784,0.753202792955567,"rgba(38, 166, 154, 1.0)",0.0,0.0,0.05883516712044534,0.797144106728356,2.2496051213841124,0.0,0.0,0.0,0.0,0.0,0.0,0.0,0.0,62.21503842046793,17.559487409639843,True,False,True,False,False,6.7292345160336176,0,0.9924025229357799,0.9390153997378768,False,False,False,False,0.08193334032589147,0.09002838212770056,False,False,False,False,-346369.0,-413006.42984727374,False,False,False,False,15385.423725662684,False,False,False,False
2025-05-15 15:00:00+00:00,0.9296,0.9577,0.925,0.9542,17964.0,,,,,,,,,,,,,,,,,,,,,,0.822457125097462,0.7542303161279995,"rgba(38, 166, 154, 1.0)",0.0,0.0,0.057934280785133865,0.7980327243795732,2.695593584731269,0.0,0.0,0.0,0.0,0.0,0.0,0.0,0.0,60.85080005301573,16.366497638191873,True,False,True,False,False,8.671470681666264,0,0.9951211545920348,0.9451282993447243,False,False,False,False,0.06743044867726729,0.07872941540248393,False,False,False,False,-328405.0,-411694.7797721222,False,False,False,False,15425.401652396597,False,False,False,False
2025-05-15 16:00:00+00:00,0.9539,0.9648,0.9383,0.9605,18063.0,,,,,,,,,,,,,,,,,,,,,,0.8234629074256062,0.7553000269836828,"rgba(38, 166, 154, 1.0)",0.0,0.0,0.05561389504901776,0.7990130251390705,2.9037163233863748,0.0,0.0,0.0,0.0,0.0,0.0,0.0,0.0,60.50738904857618,15.946398932231943,True,False,True,False,False,9.158978232526334,0,0.9950935295921497,0.9499744454666258,False,False,False,False,0.080659044145466,0.07969422977397497,False,False,False,False,-310342.0,-410123.4188454226,False,False,False,False,15466.294650033858,False,False,False,False
2025-05-15 17:00:00+00:00,0.9608,0.9635,0.9428,0.957,14357.0,,,,,,,,,,,,,,,,,,,,,,0.8242508702190615,0.7561417264707246,"rgba(38, 166, 154, 1.0)",0.0,0.0,0.05450054126519145,0.7997705745901099,2.8849149340524027,0.0,0.0,0.0,0.0,0.0,0.0,0.0,0.0,59.785550918446205,15.030104090795703,True,False,True,False,False,8.809775946873614,0,0.9944254298772366,0.9528211013874943,False,False,False,False,0.08273655863988165,0.0812153942069283,False,False,False,False,-324699.0,-408799.0092509199,False,False,False,False,15449.096283366667,False,False,False,False
2025-05-15 18:00:00+00:00,0.9573,0.9599,0.9262,0.9275,13926.0,,,,,,,,,,,,,,,,,,,,,,0.8249100544663219,0.7568837427756541,"rgba(38, 166, 154, 1.0)",0.0,0.0,0.052929290652810046,0.8003371808627968,2.4025037473358246,0.0,0.0,0.0,0.0,0.0,0.0,0.0,0.0,55.61164667342726,10.93935584814865,False,False,True,False,False,5.9219509961082935,1,0.9934074483549331,0.9503715987961427,False,False,False,False,0.06963345454250434,0.07542442437471633,False,False,False,False,-338625.0,-407711.0401152467,False,False,False,False,15425.482387500517,False,False,False,False
2025-05-15 19:00:00+00:00,0.9281,0.929,0.9017,0.9143,25492.0,,,,,,,,,,,,,,,,,,,,,,0.825856801244865,0.7580567992970257,"rgba(38, 166, 154, 1.0)",0.0,0.0,0.05209359532490063,0.8009832864101242,2.1752523104449786,0.0,0.0,0.0,0.0,0.0,0.0,0.0,0.0,51.45453114742415,7.038063349275006,False,True,False,False,False,4.668553120751017,1,0.9879481156163824,0.9546930854866716,False,False,False,False,0.03380603963783883,0.05461523200627758,False,False,False,False,-364117.0,-407035.1635243126,False,False,False,False,15581.552428004383,False,False,False,False
2025-05-16 14:00:00+00:00,0.9433,0.9962,0.9318,0.9643,49012.0,,,,,,,,,,,,,,,,,,,,,,0.828594668636417,0.7609544645294407,"rgba(38, 166, 154, 1.0)",0.0,0.0,0.052006327577601,0.8189603429743337,2.7946533392268167,0.0,0.0,0.0,0.0,0.0,0.0,0.0,0.0,53.81985964032439,7.038063349275006,False,True,True,False,True,8.641296383258116,1,0.9925563331849994,0.940733848456653,False,False,False,False,0.09573408088880575,0.07517465644754166,False,False,False,False,-315105.0,-405609.8896712225,False,False,False,False,16099.8539407485,False,False,False,False
2025-05-16 15:00:00+00:00,0.9692,0.9809,0.9518,0.9653,35513.0,,,,,,,,,,,,,,,,,,,,,,0.8305385479504189,0.7630228053566388,"rgba(38, 166, 154, 1.0)",0.0,0.0,0.0518546835435917,0.8207965374558167,2.786700306881756,0.0,0.0,0.0,0.0,0.0,0.0,0.0,0.0,55.48048748600881,7.038063349275006,False,True,True,False,True,8.717705011877321,1,0.9967161940283379,0.9448036811059535,False,False,False,False,0.09283313591037051,0.0840038961789561,False,False,False,False,-279592.0,-403656.1239398857,False,False,False,False,16400.832949419066,False,False,False,False
2025-05-16 16:00:00+00:00,0.9701,0.9773,0.9506,0.9679,35965.0,,,,,,,,,,,,,,,,,,,,,,0.8324415472684845,0.7650679581595231,"rgba(38, 166, 154, 1.0)",0.0,0.0,0.05189986158394901,0.8225251572021024,2.801064171678975,0.0,0.0,0.0,0.0,0.0,0.0,0.0,0.0,56.82679296066466,7.038063349275006,False,True,True,False,True,8.919571688659364,1,0.9916688679820372,0.9500132078922237,False,False,False,False,0.0896168256564771,0.0868103609177166,False,False,False,False,-243627.0,-401175.0522508952,False,False,False,False,16704.153368807918,False,False,False,False
2025-05-16 17:00:00+00:00,0.9596,0.9793,0.9557,0.979,31908.0,,,,,,,,,,,,,,,,,,,,,,0.8341605159513606,0.766902034129366,"rgba(38, 166, 154, 1.0)",0.0,0.0,0.05303510029276555,0.8241615509606302,2.919546643348031,0.0,0.0,0.0,0.0,0.0,0.0,0.0,0.0,58.76610318017329,3.1015644806603717,False,False,True,False,True,9.784817224437283,1,0.9942183587467681,0.9467844710001834,False,False,False,False,0.0916120412794833,0.08921120109859995,False,False,False,False,-211719.0,-398237.74911522237,False,False,False,False,16939.8719212295,False,False,False,False
2025-05-16 18:00:00+00:00,0.979,0.9833,0.959,0.9673,23252.0,,,,,,,,,,,,,,,,,,,,,,0.8353734924219071,0.7682087076429416,"rgba(38, 166, 154, 1.0)",0.0,0.0,0.05376198405686279,0.8252755689305417,2.641725999532355,0.0,0.0,0.0,0.0,0.0,0.0,0.0,0.0,58.307589427152635,3.1015644806603717,False,True,True,False,True,8.607352789922523,1,0.9926536426536428,0.9461131461131462,False,False,False,False,0.0965629333249334,0.09288706721176668,False,False,False,False,-234971.0,-395706.4816870794,False,False,False,False,17037.73437206315,False,False,False,False
2025-05-16 19:00:00+00:00,0.9737,0.974,0.9302,0.935,29478.0,,,,,,,,,,,,,,,,,,,,,,0.8366175017991446,0.7696512901903426,"rgba(38, 166, 154, 1.0)",0.0,0.0,0.05396184360978047,0.8261281039801027,2.0175718384863432,0.0,0.0,0.0,0.0,0.0,0.0,0.0,0.0,54.04853374383529,3.1015644806603717,False,True,True,False,False,5.459617114475872,1,0.9865707919789346,0.9482074134089528,False,False,False,False,0.07076969254767931,0.081828379879723,False,False,False,False,-264449.0,-393671.48197100067,False,False,False,False,17230.60670738,False,False,False,False
2025-05-19 14:00:00+00:00,0.88,0.9201,0.88,0.9033,15906.0,,,,,,,,,,,,,,,,,,,,,,0.8370052130898885,0.7702231513312008,"rgba(38, 166, 154, 1.0)",0.0,0.0,0.05392629527904881,0.8260785775652089,1.4319808552617712,0.0,0.0,0.0,0.0,0.0,0.0,0.0,0.0,48.38960864257156,4.269134833644841,False,True,False,True,False,2.536211837293635,1,0.9775798278774231,0.956084613528513,False,False,False,False,-0.0060363077690947075,0.03789603605531414,False,False,False,False,-280355.0,-391914.6372892797,False,False,False,False,17210.070169281084,False,False,False,False
2025-05-19 15:00:00+00:00,0.8935,0.9078,0.8766,0.8891,4284.0,,,,,,,,,,,,,,,,,,,,,,0.8370927353609424,0.7703646612137197,"rgba(38, 166, 154, 1.0)",0.0,0.0,0.05391619813768642,0.82604092949001,1.1695756134168689,0.0,0.0,0.0,0.0,0.0,0.0,0.0,0.0,43.55911273762278,-0.06707222519949596,False,True,False,True,False,1.2695368904260853,0,0.9761895169413,0.9634583618709965,False,False,False,False,-0.016806885405317485,0.010544575324998329,False,False,False,False,-284639.0,-390251.4491142521,False,False,False,False,17009.66598061006,False,False,False,False
2025-05-19 16:00:00+00:00,0.8825,0.9024,0.8758,0.884,7118.0,,,,,,,,,,,,,,,,,,,,,,0.8372274463406402,0.770591745059246,"rgba(38, 166, 154, 1.0)",0.0,0.0,0.05389327615217925,0.8259657318995034,1.0768368940241149,0.0,0.0,0.0,0.0,0.0,0.0,0.0,0.0,39.961005884260764,-3.243976133205585,False,True,False,True,False,0.8156213449840344,0,0.9682616013464777,0.9645748176645028,False,False,False,False,-0.021061169819296472,-0.0052582972471490715,False,False,False,False,-291757.0,-388724.4033915505,False,False,False,False,16856.30681811998,False,False,False,False
2025-05-19 17:00:00+00:00,0.884,0.8981,0.8802,0.8848,3013.0,,,,,,,,,,,,,,,,,,,,,,0.8372845911426208,0.7706878490305321,"rgba(38, 166, 154, 1.0)",0.0,0.0,0.05369953696514438,0.8259368684303464,1.0961571532331993,0.0,0.0,0.0,0.0,0.0,0.0,0.0,0.0,37.69372182892171,-5.286762617284282,False,True,False,True,False,0.8862232837354647,0,0.9692534989118935,0.9655599257292312,False,False,False,False,-0.020992546694061844,-0.013125421970605457,False,False,False,False,-288744.0,-387174.31961803813,False,False,False,False,16641.681906211143,False,False,False,False
2025-05-19 18:00:00+00:00,0.8898,0.8972,0.8641,0.8641,7687.0,,,,,,,,,,,,,,,,,,,,,,0.8373936040653137,0.7709060682089941,"rgba(239, 83, 80, 1.0)",0.0,0.0,0.05349692411803435,0.8258026902124078,0.7158787242252261,0.0,0.0,0.0,0.0,0.0,0.0,0.0,0.0,34.57024350719518,-8.234995283383292,False,True,False,True,False,0.0,0,0.9662620492681185,0.9659645364750685,False,False,False,False,-0.032661848043757546,-0.0228936350071815,False,False,False,False,-296431.0,-385767.44644566544,False,False,False,False,16502.849628595468,False,False,False,False
2025-05-19 19:00:00+00:00,0.8653,0.8923,0.8503,0.8571,17645.0,,,,,,,,,,,,,,,,,,,,,,0.8375852111252683,0.7713626549327037,"rgba(239, 83, 80, 1.0)",0.0,0.0,0.05332807356947429,0.8358737376054115,0.3980316740100409,0.0,0.0,0.0,0.0,0.0,0.0,0.0,0.0,31.99164924541051,-10.731363347764741,False,True,False,True,False,0.0,0,0.9638262716865338,0.9672095676462491,False,False,False,False,-0.0455084812917472,-0.03420105814946435,False,False,True,False,-314076.0,-384655.95115193416,False,False,False,False,16520.55738629166,False,False,True,False
2025-05-20 14:00:00+00:00,0.8836,0.9358,0.8748,0.9129,19531.0,,,,,,,,,,,,,,,,,,,,,,0.83809222650807,0.7720798609918944,"rgba(239, 83, 80, 1.0)",0.0,0.0,0.05331826460549117,0.8370859118326734,1.4219158993317764,0.0,0.0,0.0,0.0,0.0,0.0,0.0,0.0,38.08605314444916,-10.731363347764741,False,True,False,True,True,3.2970398092962014,0,0.9656949152542375,0.9558547215496368,False,False,False,False,0.0011660094317713999,-0.016517524358846476,False,False,False,False,-294545.0,-383258.8821418267,False,False,False,False,16567.230915186363,False,False,False,False
2025-05-20 15:00:00+00:00,0.9262,0.9742,0.9128,0.9702,52854.0,,,,,,,,,,,,,,,,,,,,,,0.8402820788560349,0.7746083974754896,"rgba(239, 83, 80, 1.0)",0.0,0.0,0.05423235070567841,0.8407929274678054,2.3861601211884205,0.0,0.0,0.0,0.0,0.0,0.0,0.0,0.0,46.62643708354747,-11.80708627686441,False,True,False,False,True,7.794536939060027,0,0.9733723846168572,0.949022760772603,False,False,False,False,0.05362223852964983,0.018552357085401677,False,False,False,False,-241691.0,-381064.03125590686,False,False,False,False,17129.816482392776,False,False,False,False
2025-05-20 16:00:00+00:00,0.9708,1.02,0.9427,0.9957,188453.0,,,,,,,,,,,,,,,,,,,,,,0.8496077139593219,0.784680575715349,"rgba(38, 166, 154, 1.0)",0.0,0.0,0.05569963423627387,0.8664425940760871,2.3206149860089242,0.0,0.0,0.0,0.0,0.0,0.0,0.0,0.0,53.761226591752504,-5.55118697297906,False,False,True,False,True,9.65576907738875,0,0.9846910567555718,0.945646578842011,False,True,False,False,0.10588964810777601,0.062221002596588845,False,False,False,False,-53238.0,-375981.45712790824,False,False,False,False,19785.989870262656,False,False,False,False
2025-05-20 17:00:00+00:00,0.9915,1.005,0.9615,0.976,31392.0,,,,,,,,,,,,,,,,,,,,,,0.8509906486350208,0.7862241978031512,"rgba(38, 166, 154, 1.0)",0.0,0.0,0.05665208099515607,0.86763081774125,1.912889700698125,0.0,0.0,0.0,0.0,0.0,0.0,0.0,0.0,56.390101788632435,-3.3751924839624508,False,False,True,False,True,7.847042400135464,0,0.9875254727941036,0.9459310187213135,False,False,False,False,0.10852624892595511,0.08537362576127197,False,False,False,False,-84630.0,-371464.380273212,False,False,False,False,19965.92801180897,False,False,False,False
2025-05-20 18:00:00+00:00,0.9799,0.9864,0.9463,0.9643,12553.0,,,,,,,,,,,,,,,,,,,,,,0.8514718843367491,0.78678710374689,"rgba(38, 166, 154, 1.0)",0.0,0.0,0.05721288070810248,0.867937395474133,1.6842816396102256,0.0,0.0,0.0,0.0,0.0,0.0,0.0,0.0,56.93047231680202,-2.788090890738559,False,False,True,False,True,6.788033257675433,0,0.98355238167591,0.9483590366937629,False,False,False,False,0.08512281303298028,0.08524821939712612,False,False,False,False,-97183.0,-367211.9557728521,False,False,False,False,19850.998895346816,False,False,False,False
2025-05-20 19:00:00+00:00,0.9647,0.9679,0.9303,0.944,13513.0,,,,,,,,,,,,,,,,,,,,,,0.8519032821390725,0.7873276478986346,"rgba(38, 166, 154, 1.0)",0.0,0.0,0.05723423321975147,0.8680711053691968,1.3266342599414807,0.0,0.0,0.0,0.0,0.0,0.0,0.0,0.0,55.29405855332349,-2.788090890738559,False,False,True,False,True,4.978037552129745,0,0.9840379146919431,0.9488909952606636,False,False,False,False,0.06110560749780063,0.07317691344746338,False,False,False,False,-110696.0,-363234.9642104823,False,False,False,False,19752.73534658175,False,False,False,False
2025-05-21 14:00:00+00:00,0.9561,1.0146,0.9561,0.9904,20415.0,,,,,,,,,,,,,,,,,,,,,,0.8528151689141992,0.7883379150210871,"rgba(38, 166, 154, 1.0)",0.0,0.0,0.05777135444660486,0.8689217391471071,2.1027421291493007,0.0,0.0,0.0,0.0,0.0,0.0,0.0,0.0,57.55855094574988,-1.5897045189900751,True,False,True,False,True,8.41488910278299,0,0.9862650783510578,0.9379579872984857,False,False,False,False,0.10337606463611353,0.08827648904178845,False,False,False,False,-90281.0,-359003.11980411824,False,False,False,False,19763.003015626993,False,False,False,False
2025-05-21 15:00:00+00:00,0.9904,0.9904,0.951,0.9581,3182.0,,,,,,,,,,,,,,,,,,,,,,0.8529346187975758,0.7884782834910561,"rgba(38, 166, 154, 1.0)",0.0,0.0,0.05756539635630349,0.8690018470606573,1.5477727693885022,0.0,0.0,0.0,0.0,0.0,0.0,0.0,0.0,56.14760355230164,-1.5897045189900751,False,False,True,False,True,5.604638833373109,0,0.9829475105991822,0.9464037819382436,False,False,False,False,0.07198870204146383,0.08013259554162613,False,False,False,False,-93463.0,-354886.2187218838,False,False,False,False,19505.933201431224,False,False,False,False
2025-05-21 16:00:00+00:00,0.954,0.9949,0.9515,0.9594,13206.0,,,,,,,,,,,,,,,,,,,,,,0.8534368087482863,0.7890653316373585,"rgba(38, 166, 154, 1.0)",0.0,0.0,0.05728620144220022,0.869355258080636,1.5718399833198238,0.0,0.0,0.0,0.0,0.0,0.0,0.0,0.0,55.305753060643184,-1.5897045189900751,False,False,True,False,True,5.70052283127475,0,0.979556719349107,0.9493687459085385,False,False,False,False,0.07571139182547575,0.07792199368355093,False,False,False,False,-80257.0,-350628.4013773585,False,False,False,False,19408.2598184633,False,False,False,False
2025-05-21 17:00:00+00:00,0.9703,0.9941,0.9226,0.926,5344.0,,,,,,,,,,,,,,,,,,,,,,0.8536019002884612,0.7892740993454583,"rgba(38, 166, 154, 1.0)",0.0,0.0,0.05692793712427929,0.8694143128417278,0.9939880139120473,0.0,0.0,0.0,0.0,0.0,0.0,0.0,0.0,51.97297897968209,-1.5897045189900751,False,False,False,False,False,2.879441791007171,0,0.9732661902469728,0.9499203910097382,False,False,False,False,0.053625813305110306,0.06577390349433063,False,False,False,False,-85601.0,-346519.44941801956,False,False,False,False,19190.20927864216,False,False,False,False
2025-05-21 18:00:00+00:00,0.926,0.9465,0.923,0.9352,9385.0,,,,,,,,,,,,,,,,,,,,,,0.8538515379018821,0.7896101722004671,"rgba(38, 166, 154, 1.0)",0.0,0.0,0.0560911140366685,0.8694340945435257,1.1724834955761638,0.0,0.0,0.0,0.0,0.0,0.0,0.0,0.0,50.586959705026175,-1.5897045189900751,False,True,False,False,False,3.581167271273138,0,0.9732037256061503,0.9584565345949144,False,False,False,False,0.018625434374786812,0.04219966893455872,False,False,False,False,-76216.0,-342328.6982642518,False,False,False,False,19038.19053013608,False,False,False,False
2025-05-21 19:00:00+00:00,0.931,0.935,0.9162,0.9345,9381.0,,,,,,,,,,,,,,,,,,,,,,0.8540801620401631,0.789929979110526,"rgba(38, 166, 154, 1.0)",0.0,0.0,0.05514034206026658,0.8694173431593999,1.1803092692001602,0.0,0.0,0.0,0.0,0.0,0.0,0.0,0.0,49.6006430092424,-1.5897045189900751,False,True,False,False,False,3.521849773061824,0,0.9724391279466876,0.9599785863284784,False,False,False,False,0.0043781852986629535,0.023288927116610837,False,False,False,False,-85597.0,-338348.36185705406,False,False,False,False,18888.46664594792,False,False,False,False
2025-05-22 14:00:00+00:00,0.9299,0.9878,0.9299,0.9701,18948.0,,,,,,,,,,,,,,,,,,,,,,0.854746755406,0.7907289408589917,"rgba(38, 166, 154, 1.0)",0.0,0.0,0.05485614329916335,0.8698559390606737,1.8273989914426803,0.0,0.0,0.0,0.0,0.0,0.0,0.0,0.0,52.133874060776975,-1.5897045189900751,False,False,True,False,False,6.2163334369864245,0,0.9747734553775744,0.950938215102975,False,False,False,False,0.05377780403576202,0.038533365576186425,False,False,False,False,-66649.0,-334135.9686499679,False,False,False,False,18889.38964368516,False,False,False,False
2025-05-22 15:00:00+00:00,0.9661,0.986,0.9469,0.9472,7588.0,,,,,,,,,,,,,,,,,,,,,,0.855005113339314,0.7910420799013569,"rgba(38, 166, 154, 1.0)",0.0,0.0,0.05421601628321941,0.8700179445395374,1.4236024841307184,0.0,0.0,0.0,0.0,0.0,0.0,0.0,0.0,51.59536595756205,-1.5897045189900751,False,False,False,False,False,4.2552780818693705,1,0.978750182401868,0.9518823872756459,False,False,False,False,0.058319137057015955,0.04842625131660119,False,False,False,False,-74237.0,-330106.52727554983,False,False,False,False,18714.17430037221,False,False,False,False
2025-05-22 16:00:00+00:00,0.9426,0.958,0.928,0.9295,4736.0,,,,,,,,,,,,,,,,,,,,,,0.8551327949653011,0.7912121078878209,"rgba(38, 166, 154, 1.0)",0.0,0.0,0.052957565096042665,0.8700490322999188,1.1226152031775296,0.0,0.0,0.0,0.0,0.0,0.0,0.0,0.0,49.68357966963835,-1.5897045189900751,False,True,False,False,False,2.774147191406499,1,0.9733731605856807,0.9651267202990711,False,False,False,False,0.0225668756957512,0.03549656350617619,False,False,False,False,-78973.0,-326212.98421701416,False,False,False,False,18497.458419746286,False,False,False,False
2025-05-22 17:00:00+00:00,0.9295,0.9702,0.9295,0.9661,10182.0,,,,,,,,,,,,,,,,,,,,,,0.8554609245978262,0.7916177908169422,"rgba(38, 166, 154, 1.0)",0.0,0.0,0.05246875130078631,0.8702348428658582,1.8270905016316852,0.0,0.0,0.0,0.0,0.0,0.0,0.0,0.0,51.59647576140028,-1.5897045189900751,False,False,False,False,False,5.5141035996042795,1,0.9766194294921089,0.959903328572998,False,False,False,False,0.03300047586129725,0.034248519683736725,False,False,False,False,-68791.0,-322221.9457020217,False,False,False,False,18368.536583781228,False,False,False,False
2025-05-22 18:00:00+00:00,0.9661,0.9769,0.96,0.9717,11294.0,,,,,,,,,,,,,,,,,,,,,,0.855874052035868,0.7921044639884417,"rgba(38, 166, 154, 1.0)",0.0,0.0,0.05185860186495674,0.8705494519525623,1.9505066548234467,0.0,0.0,0.0,0.0,0.0,0.0,0.0,0.0,53.31016136621152,-1.5897045189900751,False,False,True,False,True,5.923235954234936,1,0.9828458324169782,0.9555017960560076,False,False,False,False,0.05327352771348837,0.043761023698612546,False,False,False,False,-57497.0,-318117.68297795934,False,False,False,False,18258.853846048183,False,False,False,False
2025-05-22 19:00:00+00:00,0.9708,0.9708,0.9546,0.9656,10859.0,,,,,,,,,,,,,,,,,,,,,,0.8562480978844695,0.7925544991625326,"rgba(38, 166, 154, 1.0)",0.0,0.0,0.05056072873377918,0.8708078790149696,1.8748171428490634,0.0,0.0,0.0,0.0,0.0,0.0,0.0,0.0,53.7926651003574,-1.3696372315535967,False,False,True,False,True,5.397069553143915,1,0.9794147325933401,0.9587927713053851,False,False,False,False,0.04266490080564479,0.04321296225212867,False,False,False,False,-68356.0,-314245.40882326226,False,False,False,False,18144.12742983038,False,False,False,False
2025-05-23 14:00:00+00:00,0.9584,0.9721,0.9439,0.9507,14610.0,,,,,,,,,,,,,,,,,,,,,,0.8567096319852348,0.7931277902696012,"rgba(38, 166, 154, 1.0)",0.0,0.0,0.0492332725697637,0.8710777894397552,1.6172439166504693,0.0,0.0,0.0,0.0,0.0,0.0,0.0,0.0,52.517242808984356,-1.3696372315535967,False,False,True,False,True,4.11492018316952,1,0.9766529834335141,0.9592251869227387,False,False,False,False,0.03524497466919134,0.039228968460660006,False,False,False,False,-82966.0,-310659.68155468453,False,False,False,False,18089.334756499677,False,False,False,False
2025-05-23 15:00:00+00:00,0.9507,0.981,0.9507,0.9732,19561.0,,,,,,,,,,,,,,,,,,,,,,0.8573996289470801,0.7939487485526898,"rgba(38, 166, 154, 1.0)",0.0,0.0,0.048422882052879,0.8715971047345905,2.098241388326629,0.0,0.0,0.0,0.0,0.0,0.0,0.0,0.0,53.82524697120756,-0.8163812454651449,True,False,True,False,True,5.815042837888189,1,0.9782087640655018,0.9573323575153235,False,False,False,False,-0.00991417275901362,0.014657397850823192,False,False,False,False,-63405.0,-306826.275639108,False,False,False,False,18112.15127190278,False,False,False,False
2025-05-23 16:00:00+00:00,0.9565,0.9737,0.9175,0.9544,14160.0,,,,,,,,,,,,,,,,,,,,,,0.8578057281307957,0.7944714135136457,"rgba(38, 166, 154, 1.0)",0.0,0.0,0.04696895263588961,0.8717960803264508,1.7586919664551006,0.0,0.0,0.0,0.0,0.0,0.0,0.0,0.0,52.656846344731946,-0.8163812454651449,False,False,True,False,True,4.195563064709258,1,0.9682849206203206,0.9670707702496366,False,False,False,False,-0.048373265835475146,-0.016857933992325977,False,False,False,False,-77565.0,-303271.8372571063,False,False,False,False,18050.877608772505,False,False,False,False
2025-05-23 17:00:00+00:00,0.9544,0.9718,0.9476,0.9521,9198.0,,,,,,,,,,,,,,,,,,,,,,0.8580925046916345,0.7948279544911615,"rgba(38, 166, 154, 1.0)",0.0,0.0,0.04534647410234063,0.8719751567022861,1.7669475936956716,0.0,0.0,0.0,0.0,0.0,0.0,0.0,0.0,51.63122447251973,-0.8163812454651449,False,False,False,False,True,3.9979375632804555,1,0.9703867403314917,0.9679742173112341,False,False,False,False,-0.02158601945028842,-0.019221976721307196,False,False,False,False,-86763.0,-299915.1110980814,False,False,False,False,17913.623692357425,False,False,False,False
2025-05-23 18:00:00+00:00,0.9521,0.9664,0.9461,0.9464,4695.0,,,,,,,,,,,,,,,,,,,,,,0.8582320704137636,0.7950046515926457,"rgba(38, 166, 154, 1.0)",0.0,0.0,0.043689420947220656,0.8720545298547687,1.7016812888192068,0.0,0.0,0.0,0.0,0.0,0.0,0.0,0.0,50.29650705489189,-0.8163812454651449,False,False,False,False,False,3.5025480246302045,1,0.9718219011462904,0.966108879141941,False,False,False,False,-0.037767109955368035,-0.028494543338337616,False,False,False,False,-91458.0,-296683.2179027623,False,False,False,False,17708.683790150335,False,False,False,False
2025-05-23 19:00:00+00:00,0.9464,0.9566,0.943,0.9502,4852.0,,,,,,,,,,,,,,,,,,,,,,0.8583712679634279,0.795183344390988,"rgba(38, 166, 154, 1.0)",0.0,0.0,0.042255525444980284,0.8721277534409765,1.847622192290076,0.0,0.0,0.0,0.0,0.0,0.0,0.0,0.0,49.90762703935618,-0.8163812454651449,False,False,False,False,False,3.8062555677640013,1,0.9707923278700724,0.9753130057857237,False,False,False,False,-0.050358475881594124,-0.03942650960996587,False,False,False,False,-86606.0,-293426.2067724869,False,False,False,False,17509.35535929529,False,False,False,False
2025-05-26 14:00:00+00:00,0.9502,0.9502,0.9502,0.9502,0.0,,,,,,,,,,,,,,,,,,,,,,0.8583712679634279,0.795183344390988,"rgba(38, 166, 154, 1.0)",0.0,0.0,0.04048740322397289,0.8721277534409765,1.9283095566078787,0.0,0.0,0.0,0.0,0.0,0.0,0.0,0.0,49.648373695665704,-0.8163812454651449,False,False,False,False,False,3.8062555677640013,1,0.9649716668848534,0.9766041405621739,False,False,False,False,-0.04957719282594157,-0.04450185121795372,False,False,False,False,-86606.0,-290219.691938805,False,False,False,False,17237.892485507764,False,False,False,False
2025-05-26 15:00:00+00:00,0.9502,0.9502,0.9502,0.9502,0.0,,,,,,,,,,,,,,,,,,,,,,0.8583712679634279,0.795183344390988,"rgba(38, 166, 154, 1.0)",0.0,0.0,0.0381771581630451,0.8721277534409765,2.044998902893623,0.0,0.0,0.0,0.0,0.0,0.0,0.0,0.0,49.47553813320538,-0.8163812454651449,False,False,False,False,False,3.8062555677640013,1,0.9633898176147278,0.9887601985508073,False,False,False,False,-0.04957719282594157,-0.047039522021947645,False,False,False,False,-86606.0,-287062.8905133972,False,False,False,False,16970.638338445628,False,False,False,False
2025-05-26 16:00:00+00:00,0.9502,0.9502,0.9502,0.9502,0.0,,,,,,,,,,,,,,,,,,,,,,0.8583712679634279,0.795183344390988,"rgba(38, 166, 154, 1.0)",0.0,0.0,0.03629596433527821,0.8721277534409765,2.150989730920043,0.0,0.0,0.0,0.0,0.0,0.0,0.0,0.0,49.360314424898505,-0.8163812454651449,False,False,False,False,False,3.8062555677640013,1,0.9537870112874204,1.0340258465565189,False,False,False,False,-0.014625213752420544,-0.030832367887184096,False,False,False,False,-86606.0,-283955.0317457476,False,False,False,False,16707.52766653174,False,False,False,False
2025-05-26 17:00:00+00:00,0.9502,0.9502,0.9502,0.9502,0.0,,,,,,,,,,,,,,,,,,,,,,0.8583712679634279,0.795183344390988,"rgba(38, 166, 154, 1.0)",0.0,0.0,0.035422194905068434,0.8721277534409765,2.2040488108728824,0.0,0.0,0.0,0.0,0.0,0.0,0.0,0.0,49.283498619360586,-0.8163812454651449,False,False,False,False,False,3.8062555677640013,1,0.9580848312966593,1.0138466029945363,False,False,False,False,-0.014625213752420544,-0.022728790819802322,False,False,False,False,-86606.0,-280895.3568349608,False,False,False,False,16448.496229841323,False,False,False,False
2025-05-26 18:00:00+00:00,0.9502,0.9502,0.9502,0.9502,0.0,,,,,,,,,,,,,,,,,,,,,,0.8583712679634279,0.795183344390988,"rgba(38, 166, 154, 1.0)",0.0,0.0,0.03514808477092073,0.8721277534409765,2.221237574333368,0.0,0.0,0.0,0.0,0.0,0.0,0.0,0.0,49.2322880823353,-0.8163812454651449,False,False,False,False,False,3.8062555677640013,1,0.9481056450932411,1.0150620200826934,False,False,False,False,0.017059062069985784,-0.002834864374908269,False,False,False,False,-86606.0,-277883.1187444963,False,False,False,False,16193.480784417427,False,False,False,False
2025-05-26 19:00:00+00:00,0.9502,0.9502,0.9502,0.9502,0.0,,,,,,,,,,,,,,,,,,,,,,0.8583712679634279,0.795183344390988,"rgba(38, 166, 154, 1.0)",0.0,0.0,0.03521070296947182,0.8721277534409765,2.2172873579579853,0.0,0.0,0.0,0.0,0.0,0.0,0.0,0.0,49.198147724318446,-0.8163812454651449,False,False,False,False,False,3.8062555677640013,1,0.9560805048609926,1.006694524987208,False,False,False,False,0.017059062069985784,0.007112098847538758,False,False,False,False,-86606.0,-274917.58201977547,False,False,False,False,15942.41906682956,False,False,False,False
2025-05-27 14:00:00+00:00,0.9913,1.0005,0.9539,0.9582,36184.0,,,,,,,,,,,,,,,,,,,,,,0.8596304779410894,0.7966815863655002,"rgba(38, 166, 154, 1.0)",0.0,0.0,0.03485146536142503,0.8861878487231453,2.0662589228331463,0.0,0.0,0.0,0.0,0.0,0.0,0.0,0.0,51.22868809353737,-0.7455081149135978,True,False,False,False,True,4.532160638328364,1,0.9520241153119494,0.9978347167087693,False,False,False,False,0.1196299473906545,0.06337102311909662,False,False,False,False,-50422.0,-271437.0303605541,False,False,False,False,16256.242027033752,False,False,False,False
2025-05-27 15:00:00+00:00,0.9803,0.9805,0.9548,0.97,8711.0,,,,,,,,,,,,,,,,,,,,,,0.8599228840205019,0.7970334815351777,"rgba(38, 166, 154, 1.0)",0.0,0.0,0.034807364706892295,0.8863692124005628,2.4026750747630503,0.0,0.0,0.0,0.0,0.0,0.0,0.0,0.0,55.075952111246266,2.83178202333621,True,False,True,False,True,5.597236888654216,1,0.9613635388509891,1.0021023726777365,False,False,False,False,0.15577810866676517,0.1095745658929309,False,False,False,False,-41711.0,-267875.38647899515,False,False,False,False,16139.261530490592,False,False,False,False
2025-05-27 16:00:00+00:00,0.97,0.9833,0.9614,0.9743,12570.0,,,,,,,,,,,,,,,,,,,,,,0.8603597086666522,0.7975521947902431,"rgba(38, 166, 154, 1.0)",0.0,0.0,0.034948345409298316,0.8867234968504449,2.5058841019195897,0.0,0.0,0.0,0.0,0.0,0.0,0.0,0.0,58.43737427464046,5.77404549105357,True,False,True,False,True,5.985112880883481,1,0.9808581145896922,0.9851748495683266,False,False,False,False,0.17026627006714937,0.13992041798004012,False,False,False,False,-29141.0,-264174.0781614913,False,False,False,False,16083.92414242097,False,False,False,False
2025-05-27 17:00:00+00:00,0.9644,0.9848,0.9604,0.9755,10042.0,,,,,,,,,,,,,,,,,,,,,,0.8607080076729539,0.7979657267504023,"rgba(38, 166, 154, 1.0)",0.0,0.0,0.03417070817671296,0.8870038785672711,2.5898240380349575,0.0,0.0,0.0,0.0,0.0,0.0,0.0,0.0,60.90773501781748,7.835641746023185,True,False,True,False,True,6.094774590161482,1,0.9767848555064923,0.9778778472434747,False,False,False,False,0.171038851085243,0.15547963453264158,False,False,False,False,-19099.0,-260374.46454658447,False,False,False,False,15990.250899902816,False,False,False,False
2025-05-27 18:00:00+00:00,0.9756,0.9806,0.964,0.9796,3522.0,,,,,,,,,,,,,,,,,,,,,,0.8608309159669882,0.7981112642153572,"rgba(38, 166, 154, 1.0)",0.0,0.0,0.03346458932572644,0.887105572542936,2.763949276555367,0.0,0.0,0.0,0.0,0.0,0.0,0.0,0.0,63.35802588247691,9.902177982635713,True,False,True,False,True,6.474388122820201,0,0.9761492046077896,0.9794185408667032,False,False,False,False,0.17011177804716282,0.1627957062899022,False,False,False,False,-15577.0,-256579.1550187304,False,False,False,False,15796.944684400445,False,False,False,False
2025-05-27 19:00:00+00:00,0.9681,0.9808,0.9629,0.968,10520.0,,,,,,,,,,,,,,,,,,,,,,0.8611830908461546,0.7985343306777282,"rgba(38, 166, 154, 1.0)",0.0,0.0,0.032884637394646234,0.8873525129898795,2.4524365600348768,0.0,0.0,0.0,0.0,0.0,0.0,0.0,0.0,60.81812266960927,9.902177982635713,True,False,True,False,False,5.19881448961668,0,0.9769856985698573,0.9774477447744776,False,False,False,False,0.1687217108215419,0.16575870855572206,False,False,False,False,-26097.0,-253005.78827425395,False,False,False,False,15715.131588518267,False,False,False,False
2025-05-28 14:00:00+00:00,0.95,0.9583,0.9227,0.935,25953.0,,,,,,,,,,,,,,,,,,,,,,0.8617917396580895,0.7993773189382173,"rgba(38, 166, 154, 1.0)",0.0,0.0,0.032486322943342916,0.8871318977636384,1.4734847744955615,0.0,0.0,0.0,0.0,0.0,0.0,0.0,0.0,52.25241287535148,7.004772826213831,True,False,False,False,False,1.7123934479797995,0,0.9650766422555036,0.9860570473488598,False,False,False,False,0.07315482671795402,0.11945676763683805,False,False,False,False,-52050.0,-249890.19465759885,False,False,False,False,15873.858230556743,False,False,False,False
2025-05-28 15:00:00+00:00,0.935,0.9355,0.8987,0.9258,3816.0,,,,,,,,,,,,,,,,,,,,,,0.8618588920098488,0.7994839169175705,"rgba(239, 83, 80, 1.0)",0.0,0.0,0.031503577202872834,0.8870459790292976,1.2301466821097493,0.0,0.0,0.0,0.0,0.0,0.0,0.0,0.0,45.32496565245893,1.178473645193968,False,True,False,True,False,0.7752904932762483,0,0.9503546099290779,1.0035129581759128,False,False,False,False,0.01722982665222581,0.06834329714453193,False,False,False,False,-55866.0,-246882.06760864382,False,False,False,False,15686.914692098499,False,False,False,False
2025-05-28 16:00:00+00:00,0.9191,0.9271,0.9183,0.9183,2852.0,,,,,,,,,,,,,,,,,,,,,,0.8619100416994527,0.7995642771694568,"rgba(239, 83, 80, 1.0)",0.0,0.0,0.030554857887762056,0.886988731722419,1.0247558143650186,0.0,0.0,0.0,0.0,0.0,0.0,0.0,0.0,39.79362620223738,-3.329137432916312,False,True,False,True,False,0.01302577574778141,0,0.9561086578348723,1.003189259110576,False,False,False,False,0.0693679860510565,0.06885564159779421,False,False,False,False,-58718.0,-243964.79524261833,False,False,False,False,15487.923766639607,False,False,False,False
2025-05-28 17:00:00+00:00,0.9203,0.9255,0.9183,0.9201,1307.0,,,,,,,,,,,,,,,,,,,,,,0.8619334791911112,0.7996010889784314,"rgba(239, 83, 80, 1.0)",0.0,0.0,0.029937328411754248,0.8869635043769106,1.1068621477285552,0.0,0.0,0.0,0.0,0.0,0.0,0.0,0.0,36.65153469088993,-5.776923089571646,False,True,False,True,False,0.1973067963782178,0,0.9594470046082948,0.9990783410138249,False,False,False,False,0.09647890382846162,0.08266727271312792,False,False,False,False,-57411.0,-241072.488339632,False,False,False,False,15268.064483435892,False,False,False,False
2025-05-28 18:00:00+00:00,0.9201,0.9274,0.9022,0.9047,8583.0,,,,,,,,,,,,,,,,,,,,,,0.862061429550201,0.7998227238668891,"rgba(239, 83, 80, 1.0)",0.0,0.0,0.02967885770368177,0.8867322453452559,0.605405869529646,0.0,0.0,0.0,0.0,0.0,0.0,0.0,0.0,32.72465829366706,-9.169617788850815,False,True,False,True,False,0.0,0,0.9593435369542642,0.9952593796559662,False,False,False,False,0.07013127912566675,0.07639927591939732,False,False,False,False,-65994.0,-238358.0931715757,False,False,False,False,15164.420072839986,False,False,False,False
2025-05-28 19:00:00+00:00,0.9047,0.905,0.8885,0.8973,9332.0,,,,,,,,,,,,,,,,,,,,,,0.8621591600279133,0.8000315277503528,"rgba(239, 83, 80, 1.0)",0.0,0.0,0.02997431585226936,0.8863876086282987,0.3640580630925434,0.0,0.0,0.0,0.0,0.0,0.0,0.0,0.0,29.36787092120082,-12.17307909408575,False,True,False,True,False,0.0,0,0.9571958054601338,0.9942596275537877,False,False,False,False,0.0035006656115043992,0.039949970765450864,False,False,False,False,-75326.0,-235830.46382007838,False,False,False,False,15073.994955431614,False,False,False,False
2025-05-29 14:00:00+00:00,0.9255,0.9308,0.8899,0.8951,21598.0,,,,,,,,,,,,,,,,,,,,,,0.8624369638595437,0.8005526212273466,"rgba(239, 83, 80, 1.0)",0.0,0.0,0.03042747146610467,0.885853756298921,0.3038781487768055,0.0,0.0,0.0,0.0,0.0,0.0,0.0,0.0,26.911430941195245,-14.49610839245127,False,True,False,True,False,0.0,0,0.9568204342733577,0.9903369672943507,False,False,False,False,0.053669346665690086,0.046809658715570475,False,False,False,False,-96924.0,-233676.87523372055,False,False,False,False,15175.142320463681,False,False,False,False
2025-05-29 15:00:00+00:00,0.8973,0.9145,0.8854,0.9087,13839.0,,,,,,,,,,,,,,,,,,,,,,0.8626032237190218,0.8008762190036433,"rgba(239, 83, 80, 1.0)",0.0,0.0,0.03042747146610467,0.885539278660352,0.7611779823850414,0.0,0.0,0.0,0.0,0.0,0.0,0.0,0.0,29.63074486513318,-14.49610839245127,False,True,False,True,False,0.0,0,0.9547772560824928,0.9932154651450139,False,False,False,False,0.015294131909232777,0.031051895312401625,False,False,False,False,-83085.0,-231342.117478159,False,False,False,False,15154.42693565029,False,False,False,False
2025-05-29 16:00:00+00:00,0.8949,0.9067,0.8871,0.8927,31298.0,,,,,,,,,,,,,,,,,,,,,,0.8629063556316326,0.8015482464938425,"rgba(239, 83, 80, 1.0)",0.0,0.0,0.030652839616866986,0.8847741473197773,0.2585683016415045,0.0,0.0,0.0,0.0,0.0,0.0,0.0,0.0,29.321620359613078,-14.49610839245127,False,True,False,True,False,0.0,0,0.9723218979269994,0.9905149361186664,False,False,False,False,0.00405343702186694,0.017552666167134284,False,False,False,False,-114383.0,-229528.79782733484,False,False,False,False,15404.71489013633,False,False,False,False
2025-05-29 17:00:00+00:00,0.8944,0.8984,0.8732,0.8739,9476.0,,,,,,,,,,,,,,,,,,,,,,0.8629590128736463,0.8017205115681711,"rgba(239, 83, 80, 1.0)",0.0,0.0,0.03146424969723259,0.8844779316594105,-0.33618890522410355,0.0,0.0,0.0,0.0,0.0,0.0,0.0,0.0,27.263989326946035,-14.755800552031886,False,True,False,True,False,0.0,0,0.9690745335906624,0.9849048800661703,False,False,False,False,-0.03686777984510344,-0.00965755683898458,False,False,False,False,-123859.0,-227890.50638815135,False,False,False,False,15312.796829824138,False,False,False,False
2025-05-29 18:00:00+00:00,0.8739,0.8747,0.8595,0.8739,20535.0,,,,,,,,,,,,,,,,,,,,,,0.8629974132096798,0.8020335952517954,"rgba(239, 83, 80, 1.0)",0.0,0.0,0.03228101648377907,0.8837063396031708,-0.3037803846139228,0.0,0.0,0.0,0.0,0.0,0.0,0.0,0.0,25.892235305168004,-16.515187482016763,False,True,False,True,False,0.0,0,0.9578463528433501,0.9959116736730264,False,False,False,False,-0.10615927733668279,-0.05790841708783368,False,False,False,False,-123859.0,-226277.614816242,False,False,False,False,15393.761220059421,False,False,False,False
2025-05-29 19:00:00+00:00,0.8739,0.8739,0.8561,0.8627,6436.0,,,,,,,,,,,,,,,,,,,,,,0.8629997302455763,0.8021236896282872,"rgba(239, 83, 80, 1.0)",0.0,0.0,0.03336357365222789,0.8834566386314938,-0.6221347523456243,0.0,0.0,0.0,0.0,0.0,0.0,0.0,0.0,23.99520797325977,-18.774300230499165,False,True,False,True,False,0.0,0,0.9564712979720638,0.996287530743886,False,False,False,False,-0.11399215150178486,-0.08595028429480928,False,False,False,False,-130295.0,-224789.51226095142,False,False,False,False,15254.88120114377,False,False,False,False
2025-05-30 14:00:00+00:00,0.874,0.92,0.874,0.905,44129.0,,,,,,,,,,,,,,,,,,,,,,0.8634650784402147,0.8030829162954457,"rgba(239, 83, 80, 1.0)",0.0,0.0,0.03335670944301391,0.8829119957630926,0.6621757543154004,0.0,0.0,0.0,0.0,0.0,0.0,0.0,0.0,32.06908163607646,-25.44784318798916,False,True,False,True,True,0.0,0,0.962278498513722,0.9768417171693893,False,False,False,False,0.0044219526507571095,-0.040764165822026084,False,False,False,False,-86166.0,-222640.31052047154,False,False,False,False,15702.541957715182,False,False,False,False
2025-05-30 15:00:00+00:00,0.905,0.9368,0.901,0.9339,39239.0,,,,,,,,,,,,,,,,,,,,,,0.8641394693348751,0.8041302049264499,"rgba(239, 83, 80, 1.0)",0.0,0.0,0.033086933650297176,0.8830928793228849,1.5355644984846966,0.0,0.0,0.0,0.0,0.0,0.0,0.0,0.0,41.11967934491429,-17.18494539488021,False,True,False,True,True,2.052218746919813,0,0.9681190711348968,0.9722534855410341,False,False,False,False,0.08533191064493593,0.022283872411454925,False,False,False,False,-46927.0,-219916.0731480611,False,False,False,False,16067.448283952155,False,False,False,False
2025-05-30 16:00:00+00:00,0.9347,0.9381,0.892,0.9018,17476.0,,,,,,,,,,,,,,,,,,,,,,0.8643693965747771,0.8045397965563251,"rgba(239, 83, 80, 1.0)",0.0,0.0,0.032946042264613375,0.8920376078822286,0.29631456304713677,0.0,0.0,0.0,0.0,0.0,0.0,0.0,0.0,43.011483499417565,-15.654264612301958,False,True,False,True,True,0.0,0,0.9631070659348294,0.9889529632460222,False,False,False,False,0.07105715054150433,0.046670511476479624,False,False,False,False,-64403.0,-217505.01775041677,False,False,False,False,16089.286295053673,False,False,False,False
2025-05-30 17:00:00+00:00,0.9021,0.9251,0.9021,0.92,27392.0,,,,,,,,,,,,,,,,,,,,,,0.8647644732702747,0.8052060506770609,"rgba(239, 83, 80, 1.0)",0.0,0.0,0.0330046072677996,0.892164442839003,0.8433839837916921,0.0,0.0,0.0,0.0,0.0,0.0,0.0,0.0,46.36606896338726,-12.51962672829248,False,False,False,False,True,0.6185406602707921,0,0.9685718258934779,0.9799749687108885,False,False,False,False,0.06568873872415681,0.05617962510031822,False,False,False,False,-37011.0,-214706.6608860692,False,False,False,False,16264.522166448189,False,False,False,False
2025-05-30 18:00:00+00:00,0.9199,0.92,0.9112,0.92,24154.0,,,,,,,,,,,,,,,,,,,,,,0.8651168219775688,0.805793965370115,"rgba(239, 83, 80, 1.0)",0.0,0.0,0.033077182358743636,0.8922240539238382,0.8397313221819677,0.0,0.0,0.0,0.0,0.0,0.0,0.0,0.0,48.602459272700386,-10.292214073418002,True,False,False,False,True,0.6185406602707921,0,0.9692587582217661,0.9844661099967346,False,False,False,False,0.073094498089321,0.0646370615948196,False,False,False,False,-37011.0,-211951.68939946347,False,False,False,False,16386.83965223969,False,False,False,False
2025-05-30 19:00:00+00:00,0.9199,0.9248,0.9107,0.9108,32162.0,,,,,,,,,,,,,,,,,,,,,,0.865564163186642,0.8065559196087182,"rgba(239, 83, 80, 1.0)",0.0,0.0,0.03323415571828317,0.8922168912772955,0.5591569372253185,0.0,0.0,0.0,0.0,0.0,0.0,0.0,0.0,48.851180618445525,-9.718323627243379,True,False,False,False,True,0.0,0,0.9706110185206919,0.9828407783854839,False,False,False,False,0.08106464875084776,0.07285085517283368,False,False,False,False,-69173.0,-209738.06630799893,False,False,False,False,16631.41578166233,False,False,False,False
2025-06-02 14:00:00+00:00,0.8335,0.8596,0.8335,0.8516,15856.0,,,,,,,,,,,,,,,,,,,,0.8482333333333334,,0.8654885323426011,0.8066982272693243,"rgba(239, 83, 80, 1.0)",0.0,0.0,0.034493772097500396,0.8912039389468991,-1.1481475216730204,0.0,0.0,0.0,0.0,0.0,0.0,0.0,0.0,43.47356063560842,-9.718323627243379,False,False,False,True,False,0.0,0,0.9680629000834957,0.9794971704239723,False,False,False,False,-0.18352390911181768,-0.055336526969492,False,False,False,False,-85029.0,-207804.5924117509,False,False,False,False,16619.39383155904,False,False,False,False
2025-06-02 15:00:00+00:00,0.8516,0.862,0.8416,0.8465,9777.0,,,,,,,,,,,,,,,,,,,,0.8489198936267052,,0.8654470561281926,0.8067892743337021,"rgba(239, 83, 80, 1.0)",0.0,0.0,0.035919037939333306,0.890661801129945,-1.2294817362462083,0.0,0.0,0.0,0.0,0.0,0.0,0.0,0.0,39.543544916206294,-1.8577316693020833,False,True,False,True,False,0.0,0,0.9684423184098085,0.980331599479844,False,False,False,False,-0.1635879542984699,-0.10946224063398094,False,False,False,False,-94806.0,-206052.6762503284,False,False,False,False,16513.310206263548,False,False,False,False
2025-06-02 16:00:00+00:00,0.8465,0.8517,0.8401,0.8402,6849.0,,,,,,,,,,,,,,,,,,,,0.8478825082609857,,0.8654068124132941,0.8068439604461499,"rgba(239, 83, 80, 1.0)",0.0,0.0,0.03724343182918552,0.8902683238196698,-1.3443531210900446,0.0,0.0,0.0,0.0,0.0,0.0,0.0,0.0,36.4788802905711,-4.93277760759571,False,True,False,True,False,0.0,0,0.9735886199057907,0.982704881535469,False,False,False,False,-0.18600192295799475,-0.14773208179598785,False,False,False,False,-101655.0,-204434.1076262923,False,False,False,False,16363.47593949977,False,False,False,False
2025-06-02 17:00:00+00:00,0.8402,0.8464,0.8111,0.8111,14616.0,,,,,,,,,,,,,,,,,,,,0.8401193008903421,,0.8652371462951385,0.8068940545055294,"rgba(239, 83, 80, 1.0)",0.0,0.0,0.039834713685618285,0.8892254151106016,-1.9612395290996543,0.0,0.0,0.0,0.0,0.0,0.0,0.0,0.0,32.61975500881612,-8.756168085349913,False,True,False,True,False,0.0,0,0.9703280760050544,0.9753591987644499,False,False,False,False,-0.25230638787731624,-0.20001923483665204,False,False,False,False,-116271.0,-203067.23774061335,True,False,False,False,16336.383289274967,False,False,False,False
2025-06-02 18:00:00+00:00,0.8214,0.8272,0.8076,0.8236,5117.0,,,,,,,,,,,,,,,,,,,,0.8380953704235693,,0.8651733254563551,0.806907800863803,"rgba(239, 83, 80, 1.0)",-1.0,0.85763335,0.04166057729918858,0.8910842932432528,-1.619859771952012,0.0,0.0,0.0,0.0,0.0,0.0,0.0,0.0,32.04520655538962,-9.595354495106626,False,True,False,True,False,0.0,0,0.9741973421145478,0.9778431141949898,True,False,False,False,-0.29737794660331524,-0.24869859071998363,False,False,False,False,-111154.0,-201642.2263027744,False,False,False,False,16162.439362309464,False,False,False,False
2025-06-02 19:00:00+00:00,0.8236,0.8363,0.8127,0.8293,5758.0,,,,,,,,,,,,,,,,,,,,0.8369039650641966,,0.865112113991547,0.8069313844112125,"rgba(239, 83, 80, 1.0)",0.0,0.0,0.04310013996341109,0.8908976849340663,-1.4291759837986198,0.0,0.0,0.0,0.0,0.0,0.0,0.0,0.0,32.56832065604901,-9.595354495106626,False,True,False,True,False,0.0,0,0.9806260016969924,0.9682049589893469,False,False,False,False,-0.2690569484620415,-0.25887776959101255,False,False,False,False,-105396.0,-200150.03674769262,False,False,False,False,16001.130224909317,False,False,False,False
2025-06-03 14:00:00+00:00,0.8894,0.929,0.867,0.9276,54978.0,,,,,,,,,,,,,,,,,,,,0.8714444951055472,,0.8657422060802182,0.8081019044119551,"rgba(38, 166, 154, 1.0)",0.0,0.0,0.042970339361769354,0.8945860545616879,0.768296130043704,0.0,0.0,0.0,0.0,0.0,0.0,0.0,0.0,42.4954879787589,-15.799995041090817,False,False,False,True,True,2.017597177775606,0,0.9855566374553717,0.9512217740065841,False,False,False,False,0.008107191513516328,-0.1253852890387481,False,False,False,False,-50418.0,-197828.6098213718,False,False,False,False,16605.422779561886,False,False,False,False
2025-06-03 15:00:00+00:00,0.9276,0.93,0.901,0.9191,16454.0,,,,,,,,,,,,,,,,,,,,0.877198786497173,,0.8659659769334539,0.8084775133357297,"rgba(38, 166, 154, 1.0)",0.0,0.0,0.0429827217329048,0.8949368973760752,0.5621585057845961,0.0,0.0,0.0,0.0,0.0,0.0,0.0,0.0,48.273826796320805,-10.515657031090484,True,False,False,False,True,1.241136190851634,0,0.9943742186414781,0.9487197295920731,False,False,False,False,0.07272402669905235,-0.026330631169847872,False,False,False,False,-66872.0,-195798.2747853815,False,False,False,False,16603.07513956868,False,False,False,False
2025-06-03 16:00:00+00:00,0.9191,0.924,0.9099,0.9174,3221.0,,,,,,,,,,,,,,,,,,,,0.878167840895953,,0.8660098955773732,0.8085510084919113,"rgba(38, 166, 154, 1.0)",0.0,0.0,0.04297092459281182,0.8949955287310372,0.5213867628231266,0.0,0.0,0.0,0.0,0.0,0.0,0.0,0.0,51.9463720588477,-7.174947458559231,True,False,True,False,True,1.0845943905596762,0,0.9940101475147987,0.9669970872874191,False,False,False,False,0.07809786445160143,0.025883616640876777,False,False,False,False,-70093.0,-193849.35579646085,False,False,False,False,16395.60110639707,False,False,False,False
2025-06-03 17:00:00+00:00,0.9213,0.9223,0.9143,0.9148,543.0,,,,,,,,,,,,,,,,,,,,0.8783267236869442,,0.8660172968301196,0.8085633923989342,"rgba(38, 166, 154, 1.0)",0.0,0.0,0.04278517466567046,0.8950051344647175,0.46265711639516177,0.0,0.0,0.0,0.0,0.0,0.0,0.0,0.0,54.09304129850442,-5.090467203769116,True,False,True,False,True,0.841571803216759,0,1.0021271567005436,0.9538406995982038,False,False,False,False,0.08310513611506748,0.05449437637797213,False,False,False,False,-70636.0,-191939.0712104692,False,False,False,False,16149.82434505758,False,False,False,False
2025-06-03 18:00:00+00:00,0.9148,0.9162,0.9131,0.9151,1059.0,,,,,,,,,,,,,,,,,,,,0.8786144818269412,,0.8660310665331478,0.8085870174242014,"rgba(38, 166, 154, 1.0)",0.0,0.0,0.04257502833632168,0.8950205467145942,0.4716251302709203,0.0,0.0,0.0,0.0,0.0,0.0,0.0,0.0,55.55158572352586,-3.450237831473501,True,False,True,False,True,0.8694502749355415,0,1.0007831968672123,0.9532929868280525,False,False,False,False,0.06957581399175178,0.06203509518486196,False,False,False,False,-69577.0,-190041.98483511308,False,False,False,False,15915.858076141956,False,False,False,False
2025-06-03 19:00:00+00:00,0.9151,0.9218,0.9019,0.9153,9462.0,,,,,,,,,,,,,,,,,,,,0.8808787714292342,,0.866149224356181,0.8087940685094622,"rgba(38, 166, 154, 1.0)",0.0,0.0,0.042318704488090185,0.895127332572437,0.4766844276445227,0.0,0.0,0.0,0.0,0.0,0.0,0.0,0.0,56.54445127672865,-2.0803075251355523,True,False,True,False,True,0.8884032452182176,0,0.9992171189979122,0.9503226418675269,False,False,False,False,0.059214623926352884,0.060624859555607424,False,False,False,False,-60115.0,-188027.61297720435,False,False,False,False,15815.798261007973,False,False,False,False
2025-06-04 14:00:00+00:00,0.9411,0.9928,0.9079,0.9668,43575.0,,,,,,,,,,,,,,,,,,,,0.8983200713783497,,0.8671763397406514,0.8101247150267318,"rgba(38, 166, 154, 1.0)",0.0,0.0,0.04213505313516831,0.8972939133385364,1.649602444750447,0.0,0.0,0.0,0.0,0.0,0.0,0.0,0.0,61.35642552446467,2.8367810919079375,True,False,True,False,True,5.55371063721336,0,0.9963845023442419,0.9376268339903429,False,False,False,False,0.2037968216176787,0.13221084058664306,False,False,False,False,-16540.0,-185368.89029538725,False,False,False,False,16246.173481767539,False,False,False,False
2025-06-04 15:00:00+00:00,0.9668,0.9684,0.9495,0.9587,12987.0,,,,,,,,,,,,,,,,,,,,0.9022467169699512,,0.8674882422342554,0.8105248113222333,"rgba(38, 166, 154, 1.0)",0.0,0.0,0.042032109647770426,0.89784756922014,1.4477605642401514,0.0,0.0,0.0,0.0,0.0,0.0,0.0,0.0,63.37093541684574,5.057898968709949,True,False,True,False,True,4.748024774649696,0,1.0103347719584743,0.9405808935028577,False,False,False,False,0.2370561651445503,0.18463350286559668,False,False,False,False,-29527.0,-182952.73695747426,False,False,False,False,16195.643660344786,False,False,False,False
2025-06-04 16:00:00+00:00,0.9549,0.9665,0.9499,0.9515,6430.0,,,,,,,,,,,,,,,,,,,,0.9039179765694804,,0.867637008344767,0.8107182505689434,"rgba(38, 166, 154, 1.0)",0.0,0.0,0.04212470769274195,0.8980890087356993,1.2679255047626925,0.0,0.0,0.0,0.0,0.0,0.0,0.0,0.0,63.63509051903525,5.760389128635346,True,False,True,False,True,4.031057410965509,0,1.0115730416206952,0.9451395572666026,False,False,False,False,0.23413607928000815,0.20938479107280242,False,False,False,False,-35957.0,-180673.73328371497,False,False,False,False,16044.238332277424,False,False,False,False
2025-06-04 17:00:00+00:00,0.9515,0.9699,0.9486,0.9628,5743.0,,,,,,,,,,,,,,,,,,,,0.9054458932172139,,0.8677761552465777,0.8108958873882902,"rgba(38, 166, 154, 1.0)",0.0,0.0,0.0422536942038756,0.8983205149519293,1.5260082286995977,0.0,0.0,0.0,0.0,0.0,0.0,0.0,0.0,64.74484248104974,7.354688387015351,True,False,True,False,True,5.038358524083911,0,1.0104884415492792,0.9416786209815864,False,False,False,False,0.2382253089758945,0.22380505002434847,False,False,False,False,-30214.0,-178341.0242405566,False,False,False,False,15884.529210846766,False,False,False,False
2025-06-04 18:00:00+00:00,0.9628,0.9674,0.948,0.9625,5316.0,,,,,,,,,,,,,,,,,,,,0.906760704996609,,0.8679030141034024,0.8110586980383191,"rgba(38, 166, 154, 1.0)",0.0,0.0,0.04222156863095468,0.8985232941800056,1.5152612253512994,0.0,0.0,0.0,0.0,0.0,0.0,0.0,0.0,65.43269153221692,8.57946896650111,True,False,True,False,True,5.007594798429647,0,1.0105444423476126,0.9427722211738063,False,False,False,False,0.23219153462273978,0.22799829232354413,False,False,False,False,-35530.0,-176126.89983372626,False,False,False,False,15720.676044787126,False,False,False,False
2025-06-04 19:00:00+00:00,0.9651,0.9725,0.9494,0.9649,13241.0,,,,,,,,,,,,,,,,,,,,0.9099425738802157,,0.8682276752466459,0.8114707597296231,"rgba(38, 166, 154, 1.0)",0.0,0.0,0.04212444446663223,0.8990393097091072,1.563479141975691,0.0,0.0,0.0,0.0,0.0,0.0,0.0,0.0,66.11840153388059,9.814373048750937,True,False,True,False,True,5.226519645104794,0,1.0124559786333875,0.9396345931125766,False,False,False,False,0.24486264784856904,0.23643047008605658,False,False,False,False,-22289.0,-173741.8161153739,False,False,False,False,15682.231454945464,False,False,False,False
2025-06-05 14:00:00+00:00,0.9699,1.025,0.9599,1.01,19962.0,,,,,,,,,,,,,,,,,,,,0.9169711975580209,,0.8688988674665471,0.8122351850830808,"rgba(38, 166, 154, 1.0)",0.0,0.0,0.04283455883549399,0.9003444577038623,2.559978327715935,0.0,0.0,0.0,0.0,0.0,0.0,0.0,0.0,69.85539302881551,13.781310745172703,True,False,True,False,True,9.174521823035107,0,1.0149232718569619,0.9283166737059458,False,False,False,False,0.3428278566403568,0.2896291633632067,False,False,False,False,-2327.0,-171084.2220670735,False,False,False,False,15748.584455643982,False,False,False,False
2025-06-05 15:00:00+00:00,1.01,1.015,1.005,1.005,8210.0,,,,,,,,,,,,,,,,,,,,0.9198655504706339,,0.8691941586906062,0.8125646222710955,"rgba(38, 166, 154, 1.0)",0.0,0.0,0.042976804051572476,0.9009149052080454,2.4218900657911098,0.0,0.0,0.0,0.0,0.0,0.0,0.0,0.0,71.40908718937769,15.56976434997594,True,False,True,False,True,8.639139607628024,0,1.0243592159819075,0.9299378062570676,False,False,False,False,0.34282789090267646,0.3162285271329416,False,False,False,False,-10537.0,-168595.11784897937,False,False,False,False,15631.707177261904,False,False,False,False
2025-06-05 16:00:00+00:00,1.005,1.005,0.9701,0.9701,7255.0,,,,,,,,,,,,,,,,,,,,0.921550368793847,,0.8694043749935633,0.8128153885744853,"rgba(38, 166, 154, 1.0)",0.0,0.0,0.0422805276672441,0.9012524723295836,1.6283507200349925,0.0,0.0,0.0,0.0,0.0,0.0,0.0,0.0,66.9262726434203,15.56976434997594,True,False,True,False,False,5.014368308675227,0,1.0147998020408642,0.9358282468833219,False,False,False,False,0.26319152121333156,0.28971002417313657,False,False,False,False,-17792.0,-166257.08501411145,False,False,False,False,15501.835748157067,False,False,False,False
2025-06-05 17:00:00+00:00,0.9701,0.9972,0.9701,0.9701,10139.0,,,,,,,,,,,,,,,,,,,,0.9236615165058748,,0.8696900744348478,0.8131592212904311,"rgba(38, 166, 154, 1.0)",0.0,0.0,0.04241428664627624,0.9016894460862763,1.612912990480054,0.0,0.0,0.0,0.0,0.0,0.0,0.0,0.0,63.93772961278205,19.945473836400154,True,False,True,False,False,5.014368308675216,0,1.0160189013585352,0.9366804489072652,False,False,False,False,0.24970901930058567,0.26970952173686114,False,False,False,False,-17792.0,-163955.30075032677,False,False,False,False,15418.691007875563,False,False,False,False
2025-06-05 18:00:00+00:00,0.9701,0.9701,0.9539,0.9551,6001.0,,,,,,,,,,,,,,,,,,,,0.9244269304321255,,0.8698285707716896,0.8133383082702735,"rgba(38, 166, 154, 1.0)",0.0,0.0,0.042278412356096425,0.9018527864932601,1.2594421251738843,0.0,0.0,0.0,0.0,0.0,0.0,0.0,0.0,59.86216476023722,16.103689388172114,True,False,True,False,False,3.4920330278820337,0,1.0121965660153938,0.9402013025458852,False,False,False,False,0.1763198341396153,0.2230146779382382,False,False,False,False,-23793.0,-161782.2418239651,False,False,False,False,15272.680294575166,False,False,False,False
2025-06-05 19:00:00+00:00,0.9551,0.9551,0.9186,0.927,13131.0,,,,,,,,,,,,,,,,,,,,0.9248328215187589,,0.8700424464506866,0.813658954994149,"rgba(38, 166, 154, 1.0)",0.0,0.0,0.04167115354581165,0.9084967947761056,0.4440291100545795,0.0,0.0,0.0,0.0,0.0,0.0,0.0,0.0,53.953442400194504,10.685797737779026,True,False,False,False,False,0.7375348953647745,0,1.0034762456546928,0.9451604512024973,False,False,False,False,0.09331758005347245,0.15816612899585533,False,False,False,False,-36924.0,-159846.45512901992,False,False,False,False,15239.475948922838,False,False,False,False
2025-06-06 14:00:00+00:00,1.0,1.05,1.0,1.03,13025.0,,,,,,,,,,,,,,,,,,,,0.9291294342495261,,0.8705620331684945,0.81422096980292,"rgba(38, 166, 154, 1.0)",0.0,0.0,0.04286590102017039,0.922376188200591,2.510709193976048,0.0,0.0,0.0,0.0,0.0,0.0,0.0,0.0,58.36529888670512,10.685797737779026,True,False,True,False,True,9.354015229168024,0,1.0067980022197558,0.9260775064742878,False,False,False,False,0.34282790146939673,0.250497015232626,False,False,False,False,-23899.0,-157738.74264639942,False,False,False,False,15205.142988474421,False,False,False,False
2025-06-06 15:00:00+00:00,1.03,1.035,1.0,1.005,2958.0,,,,,,,,,,,,,,,,,,,,0.9299286152029594,,0.8706695145899409,0.8143402067768419,"rgba(38, 166, 154, 1.0)",0.0,0.0,0.043505521530081435,0.9225963076613383,1.8940973338679428,0.0,0.0,0.0,0.0,0.0,0.0,0.0,0.0,58.938682725454385,10.685797737779026,True,False,True,False,True,6.997670841120737,0,1.0040100481666703,0.9311147472978268,False,False,False,False,0.31629803842361237,0.2833975268281192,False,False,False,False,-26857.0,-155709.5683418041,False,False,False,False,15015.2648026066,False,False,False,False
2025-06-06 16:00:00+00:00,1.0,1.02,1.0,1.015,2447.0,,,,,,,,,,,,,,,,,,,,0.9305653762482357,,0.8707572688574456,0.8144379122179561,"rgba(38, 166, 154, 1.0)",0.0,0.0,0.044472376161413044,0.9227626737753514,2.0740363836164724,0.0,0.0,0.0,0.0,0.0,0.0,0.0,0.0,59.92518593049357,10.685797737779026,True,False,True,False,True,7.764267742413587,0,0.9995344506517694,0.9426443202979516,False,False,False,False,0.290192351945249,0.2867949393866841,False,False,False,False,-24410.0,-153673.91611945056,False,False,False,False,14820.407983961535,False,False,False,False
2025-06-06 17:00:00+00:00,1.015,1.03,1.01,1.025,2052.0,,,,,,,,,,,,,,,,,,,,0.9311566549216329,,0.8708359899243624,0.8145239217409884,"rgba(38, 166, 154, 1.0)",0.0,0.0,0.04522120506342314,0.922999126060106,2.255598314924088,0.0,0.0,0.0,0.0,0.0,0.0,0.0,0.0,61.20021781447564,4.294263636747665,True,False,True,False,True,8.528895554131076,0,1.0001674280657273,0.9640747207539047,False,False,False,False,0.32509187249060334,0.3059434059386437,False,False,False,False,-22358.0,-151638.01044317998,False,False,False,False,14622.448170256705,False,False,False,False
2025-06-06 18:00:00+00:00,1.025,1.03,1.015,1.025,2094.0,,,,,,,,,,,,,,,,,,,,0.9317631414123639,,0.8709171243491699,0.814612323724659,"rgba(38, 166, 154, 1.0)",0.0,0.0,0.046307650682284596,0.9232422907871369,2.1974275894715447,0.0,0.0,0.0,0.0,0.0,0.0,0.0,0.0,62.05023907046369,5.495387987655661,True,False,True,False,True,8.528895554131076,0,0.9945098605793543,0.9485179031520143,False,False,False,False,0.33393455793320104,0.3199389819359224,False,False,False,False,-22358.0,-149633.6691959989,False,False,False,False,14428.208663741098,False,False,False,False
2025-06-06 19:00:00+00:00,1.025,1.04,1.01,1.035,5420.0,,,,,,,,,,,,,,,,,,,,0.9333802228154078,,0.8711336041034937,0.8148462646073213,"rgba(38, 166, 154, 1.0)",0.0,0.0,0.04760645633404643,0.9239151437857153,2.333398970820703,0.0,0.0,0.0,0.0,0.0,0.0,0.0,0.0,63.317207260062986,7.1225593823561155,True,False,True,False,True,9.306785774366546,0,0.9981799650553292,0.945398951659872,False,False,False,False,0.34282789764411725,0.33138343979001983,False,False,False,False,-16938.0,-147576.3719991617,False,False,False,False,14288.546513915655,False,True,False,False
2025-06-09 14:00:00+00:00,1.045,1.05,1.02,1.03,6681.0,,,,,,,,,,,,,,,,,,,,0.9354016321736787,,0.8714080928684256,0.8151406669366561,"rgba(38, 166, 154, 1.0)",0.0,0.0,0.04875284145104097,0.9247384161787462,2.1590861309480927,0.0,0.0,0.0,0.0,0.0,0.0,0.0,0.0,63.46886515461255,7.737367453823744,True,False,True,False,True,8.806398194632774,0,1.0000242559487713,0.935333640575351,False,False,False,False,0.3428279140398467,0.33710567691493326,False,False,False,False,-23619.0,-145654.55227824446,False,False,False,False,14170.600056335568,False,False,False,False
2025-06-09 15:00:00+00:00,1.03,1.03,1.005,1.01,2249.0,,,,,,,,,,,,,,,,,,,,0.9359398567674664,,0.8714898461251035,0.8152312800336905,"rgba(38, 166, 154, 1.0)",0.0,0.0,0.04942633659852145,0.9248650013053814,1.722462244898914,0.0,0.0,0.0,0.0,0.0,0.0,0.0,0.0,60.92565055343643,7.737367453823744,True,False,True,False,True,6.824143865551893,0,0.9908659204341719,0.9438871929059459,False,False,False,False,0.2843439037587748,0.310724790336854,False,False,False,False,-25868.0,-143797.39642896934,False,False,False,False,13985.76904771021,False,False,False,False
2025-06-09 16:00:00+00:00,1.01,1.02,1.01,1.02,667.0,,,,,,,,,,,,,,,,,,,,0.9361014203570843,,0.8715143556804016,0.8152583620061904,"rgba(38, 166, 154, 1.0)",0.0,0.0,0.05026748982527503,0.9249058756156637,1.8917619462375055,0.0,0.0,0.0,0.0,0.0,0.0,0.0,0.0,60.19282635651318,7.737367453823744,True,False,True,False,False,7.6370626217094895,0,1.0063872647766914,0.9436201051442048,False,False,False,False,0.2761498623181228,0.2934373263274884,False,False,False,False,-25201.0,-141958.69260836515,False,False,False,False,13779.276504334857,False,False,False,False
2025-06-09 17:00:00+00:00,1.02,1.025,1.015,1.025,1681.0,,,,,,,,,,,,,,,,,,,,0.9365308380653262,,0.8715782154439612,0.81532827637545,"rgba(38, 166, 154, 1.0)",0.0,0.0,0.05108226744035198,0.9250328307928761,1.9569837874533271,0.0,0.0,0.0,0.0,0.0,0.0,0.0,0.0,60.192401239677395,7.737367453823744,True,False,True,False,False,8.044393581027549,0,1.0026394987419212,0.9423503872909369,False,False,False,False,0.2925753017615273,0.29300631404450783,False,False,False,False,-23520.0,-140122.43380823545,False,False,False,False,13591.706325973077,False,False,False,False
2025-06-09 18:00:00+00:00,1.025,1.035,1.025,1.035,1894.0,,,,,,,,,,,,,,,,,,,,0.9370657596304564,,0.8716548914512674,0.8154108078150742,"rgba(38, 166, 154, 1.0)",0.0,0.0,0.05219098330880095,0.9252265491463907,2.1033029825115053,0.0,0.0,0.0,0.0,0.0,0.0,0.0,0.0,61.17311645715489,7.737367453823744,True,False,True,False,False,8.860582490740484,0,1.0055737217598097,0.9392340467697187,False,False,False,False,0.3259025694804215,0.30945444176246467,False,False,False,False,-21626.0,-138285.27979570467,False,False,False,False,13410.346537973493,False,True,False,False
2025-06-09 19:00:00+00:00,1.035,1.055,1.035,1.035,5808.0,,,,,,,,,,,,,,,,,,,,0.9388387391436308,,0.8719042290213619,0.8156751853377143,"rgba(38, 166, 154, 1.0)",0.0,0.0,0.05322192446017006,0.9361170170787945,1.8579370047997226,0.0,0.0,0.0,0.0,0.0,0.0,0.0,0.0,61.82692660213989,7.784482651262856,True,False,True,False,False,8.860582490740484,0,1.0060109289617485,0.9371087928464977,False,False,False,False,0.3428279289948274,0.326141185378646,False,False,False,False,-21626.0,-136476.60879112012,False,False,False,False,13292.480700175454,False,True,False,False
2025-06-10 14:00:00+00:00,1.0,1.045,1.0,1.02,4940.0,,,,,,,,,,,,,,,,,,,,0.9400158814639216,,0.8720908113705075,0.8158797086809311,"rgba(38, 166, 154, 1.0)",0.0,0.0,0.05387281341480164,0.9359646991630584,1.5598832789722623,0.0,0.0,0.0,0.0,0.0,0.0,0.0,0.0,59.67268794058917,7.784482651262856,True,False,True,False,False,7.293795551915206,0,0.9972528152456377,0.9398094295260488,False,False,False,False,0.27121355922590656,0.2986773723022763,False,False,False,False,-26566.0,-134772.56834474616,False,False,False,False,13162.984875366534,False,False,False,False
2025-06-10 15:00:00+00:00,1.02,1.02,0.98,1.005,10478.0,,,,,,,,,,,,,,,,,,,,0.94181991338848,,0.8724323163695437,0.8162701418061207,"rgba(38, 166, 154, 1.0)",0.0,0.0,0.0542272295551417,0.9353925020503233,1.2836262984612785,0.0,0.0,0.0,0.0,0.0,0.0,0.0,0.0,55.99205144065739,9.982854687186993,False,False,True,False,False,5.754254046140559,1,0.9934619559853941,0.9442415868943056,False,False,False,False,0.20221976906591432,0.2504485706840953,False,False,False,False,-37044.0,-133257.39674250205,False,False,False,False,13121.35720288023,False,False,False,False
2025-06-10 16:00:00+00:00,1.005,1.005,0.995,1.0035,4105.0,,,,,,,,,,,,,,,,,,,,0.942492559848399,,0.8725651028922399,0.816422244720354,"rgba(38, 166, 154, 1.0)",0.0,0.0,0.05458771458656786,0.9353492581654314,1.2484629985102589,0.0,0.0,0.0,0.0,0.0,0.0,0.0,0.0,53.319493433770944,7.488072938867859,False,False,True,False,False,5.600390626843193,1,0.9943936929045174,0.9611563008384432,False,False,False,False,0.20221976906591432,0.22633416987500482,False,False,False,False,-41149.0,-131829.35958370357,False,False,False,False,12981.568719114644,False,False,False,False
2025-06-10 17:00:00+00:00,1.0035,1.0035,0.98,0.9803,11892.0,,,,,,,,,,,,,,,,,,,,0.9439371564043544,,0.872908812541201,0.8168300088072566,"rgba(38, 166, 154, 1.0)",0.0,0.0,0.054725262147548706,0.9349275678227673,0.829094834756584,0.0,0.0,0.0,0.0,0.0,0.0,0.0,0.0,48.49635699077914,3.094283765454442,False,True,False,True,False,3.2474508171246796,0,0.9886179267653447,0.9510770536405162,False,False,False,False,0.1774226744742949,0.20187842217464985,False,False,False,False,-53041.0,-130607.83462891745,False,False,False,False,12964.676180833796,False,False,False,False
2025-06-10 18:00:00+00:00,0.9803,0.9803,0.957,0.9694,10721.0,,,,,,,,,,,,,,,,,,,,0.9446326663062986,,0.8731659423076268,0.8171552539568007,"rgba(38, 166, 154, 1.0)",0.0,0.0,0.0547023403817794,0.9398765228323873,0.5397114083522209,0.0,0.0,0.0,0.0,0.0,0.0,0.0,0.0,44.09802434723147,-0.7733504321953006,False,True,False,True,False,2.1674593841405567,0,0.9808734300481909,0.961846737746261,False,False,False,False,0.1090281926316343,0.15545330740314206,False,False,False,False,-63762.0,-129571.46509978695,False,False,False,False,12929.890503611567,False,False,False,False
2025-06-10 19:00:00+00:00,0.9696,0.9856,0.9696,0.9821,9050.0,,,,,,,,,,,,,,,,,,,,0.9454246828254306,,0.873404937395397,0.8174471068967851,"rgba(38, 166, 154, 1.0)",0.0,0.0,0.054847309656694994,0.9399444810898057,0.7685977520877099,0.0,0.0,0.0,0.0,0.0,0.0,0.0,0.0,43.47185916221402,-1.2023971021592743,False,True,False,True,False,3.343325589053652,0,0.9807499498696611,0.9651844796470824,False,False,False,False,0.13537255782194513,0.1454129326125436,False,False,False,False,-54712.0,-128410.85323777475,False,False,False,False,12869.737162470301,False,False,False,False
2025-06-11 14:00:00+00:00,1.025,1.055,1.025,1.035,66374.0,,,,,,,,,,,,,,,,,,,,0.9588243011976982,,0.8760894844408718,0.8203285669980492,"rgba(38, 166, 154, 1.0)",0.0,0.0,0.055774459749612766,0.9566586041585874,1.4046105725292382,0.0,0.0,0.0,0.0,0.0,0.0,0.0,0.0,49.483641784068446,-6.356406313952867,False,True,False,False,True,7.944738283093166,0,0.9847443752635627,0.9564656562399227,False,False,False,False,0.32664238878595786,0.23602766069925074,False,False,False,False,11662.0,-126239.18109455344,False,False,False,False,13699.260617315722,False,True,False,False
2025-06-11 15:00:00+00:00,1.035,1.035,1.015,1.02,1755.0,,,,,,,,,,,,,,,,,,,,0.9590693671247761,,0.8761528283705788,0.8203985640205306,"rgba(38, 166, 154, 1.0)",0.0,0.0,0.05638425302502469,0.9567194181897781,1.1223094820842345,0.0,0.0,0.0,0.0,0.0,0.0,0.0,0.0,51.51840937316189,-4.620668351780466,False,True,True,False,True,6.431742296947338,0,0.9837863377514734,0.9594658443786835,False,False,False,False,0.2790258579865508,0.25752675934290076,False,False,False,False,9907.0,-124128.38758921152,False,False,False,False,13514.07828216354,False,False,False,False
2025-06-11 16:00:00+00:00,1.02,1.025,1.005,1.015,1768.0,,,,,,,,,,,,,,,,,,,,0.9592826020671109,,0.876212976460874,0.8204661370955011,"rgba(38, 166, 154, 1.0)",0.0,0.0,0.056892296443327134,0.9567404227724996,1.024032793008016,0.0,0.0,0.0,0.0,0.0,0.0,0.0,0.0,52.2295117880274,-3.926492030633277,False,False,True,False,True,5.929620461133265,0,0.9808955372974054,0.9638638463651577,False,False,False,False,0.24796525476034828,0.25274600705162453,False,False,False,False,8139.0,-122077.73041728575,False,False,False,False,13331.968541354801,False,False,False,False
2025-06-11 17:00:00+00:00,1.015,1.025,1.01,1.015,3626.0,,,,,,,,,,,,,,,,,,,,0.9597278100271378,,0.8763376510149373,0.8206057624156976,"rgba(38, 166, 154, 1.0)",0.0,0.0,0.05738265968420472,0.9568046910211381,1.0141619314812065,0.0,0.0,0.0,0.0,0.0,0.0,0.0,0.0,52.70358006460442,-3.2644231289472643,False,False,True,False,True,5.929620461133265,0,0.9815574796056254,0.9608628196786948,False,False,False,False,0.25568438029433305,0.2542151936729788,False,False,False,False,8139.0,-120058.86637980845,False,False,False,False,13181.488408930696,False,False,False,False
2025-06-11 18:00:00+00:00,1.015,1.015,0.997,1.0,1556.0,,,,,,,,,,,,,,,,,,,,0.9598747164945337,,0.8763862608218859,0.8206617509217249,"rgba(38, 166, 154, 1.0)",0.0,0.0,0.057660312361471344,0.9567815854606112,0.7495348666939822,0.0,0.0,0.0,0.0,0.0,0.0,0.0,0.0,50.9307073243221,-3.2644231289472643,False,True,False,False,True,4.400271916702227,0,0.9775168373350691,0.9633709721839713,False,False,False,False,0.22040769965355114,0.23731144666326498,False,False,False,False,6583.0,-118095.4265909742,False,False,False,False,13001.248278559677,False,False,False,False
2025-06-11 19:00:00+00:00,1.005,1.01,1.0,1.01,11391.0,,,,,,,,,,,,,,,,,,,,0.9609844266504548,,0.8767484066776594,0.821076533337301,"rgba(38, 166, 154, 1.0)",0.0,0.0,0.05805142401898041,0.9567440715113685,0.9173922843170736,0.0,0.0,0.0,0.0,0.0,0.0,0.0,0.0,51.16145483827579,-3.2644231289472643,False,True,False,False,True,5.296332278792612,0,0.979481126152146,0.9638094281337117,False,False,False,False,0.21736670638410552,0.22733907652368524,False,False,False,False,17974.0,-115985.82307793583,False,False,False,False,12976.283188969603,False,False,False,False
2025-06-12 14:00:00+00:00,1.005,1.035,0.9976,1.025,5185.0,,,,,,,,,,,,,,,,,,,,0.9616061560284271,,0.87692842200075,0.8212774325059197,"rgba(38, 166, 154, 1.0)",0.0,0.0,0.05865086551131239,0.9569035698506736,1.1610473188361063,0.0,0.0,0.0,0.0,0.0,0.0,0.0,0.0,53.24486643997044,-1.9987589365894252,False,True,True,False,True,6.624641050729508,0,0.9806590437110616,0.9559886906698026,False,False,False,False,0.25197553114328053,0.23965730383348288,False,False,False,False,23159.0,-113828.53899920813,False,False,False,False,12855.488100768524,False,False,False,False
2025-06-12 15:00:00+00:00,1.025,1.03,1.005,1.025,5867.0,,,,,,,,,,,,,,,,,,,,0.9623033920542272,,0.8771327097380534,0.8215051826814809,"rgba(38, 166, 154, 1.0)",0.0,0.0,0.05922722337903424,0.9570966445369031,1.146488921632173,0.0,0.0,0.0,0.0,0.0,0.0,0.0,0.0,54.633807507766875,-0.39949353037175683,False,False,True,False,True,6.624641050729508,0,0.9827749762843877,0.9554895401667581,False,False,False,False,0.25568438029433305,0.24767084206390796,False,False,False,False,23159.0,-111704.70118526692,False,False,False,False,12747.13944804343,False,False,False,False
2025-06-12 16:00:00+00:00,1.02,1.025,1.005,1.015,600.0,,,,,,,,,,,,,,,,,,,,0.9623676609128581,,0.8771528387250889,0.821527858612726,"rgba(38, 166, 154, 1.0)",0.0,0.0,0.0596350097609619,0.9571096601634117,0.9707441999025916,0.0,0.0,0.0,0.0,0.0,0.0,0.0,0.0,53.80481667544993,-0.39949353037175683,False,False,True,False,True,5.558992434674284,0,0.9813048551570188,0.9746334534016537,False,False,False,False,0.24796525476034828,0.24781804841212812,False,False,False,False,22559.0,-109623.09341495272,False,False,False,False,12558.81170466291,False,False,False,False
2025-06-12 17:00:00+00:00,1.015,1.015,0.9973,1.0047,1201.0,,,,,,,,,,,,,,,,,,,,0.9624731065667677,,0.8771903857381537,0.8215710434229053,"rgba(38, 166, 154, 1.0)",0.0,0.0,0.05990608153940833,0.9571107546803915,0.7943975652672678,0.0,0.0,0.0,0.0,0.0,0.0,0.0,0.0,51.582508903491174,-0.39949353037175683,False,True,False,False,False,4.4685588301302595,0,0.9798748563401865,0.9718299067807432,False,False,False,False,0.22086419354342984,0.23434112097777898,False,False,False,False,21358.0,-107592.3787883643,False,False,False,False,12382.721600714647,False,False,False,False
2025-06-12 18:00:00+00:00,1.0047,1.005,0.9885,0.9942,605.0,,,,,,,,,,,,,,,,,,,,0.962514063430342,,0.8772078544098113,0.8215916362645915,"rgba(38, 166, 154, 1.0)",0.0,0.0,0.06004764435674082,0.9570983301970903,0.6178705293165205,0.0,0.0,0.0,0.0,0.0,0.0,0.0,0.0,48.5418269026015,3.2254642493998844,False,True,False,True,False,3.365155727520861,0,0.9746926229508197,0.9729764344262295,False,False,False,False,0.1924235398471205,0.21338233041244975,False,False,False,False,20753.0,-105602.52795443617,False,False,False,False,12200.121265819846,False,False,False,False
2025-06-12 19:00:00+00:00,0.9942,1.005,0.9905,0.994,13858.0,,,,,,,,,,,,,,,,,,,,0.9634418631359971,,0.8776086007904141,0.8220636221293656,"rgba(38, 166, 154, 1.0)",0.0,0.0,0.060170413159796855,0.9568896215915842,0.6167545885028304,0.0,0.0,0.0,0.0,0.0,0.0,0.0,0.0,46.48467445857099,1.208635110334363,False,True,False,True,False,3.344013083452406,0,0.9749967712772827,0.9776572387963322,False,False,False,False,0.195433796374405,0.20440806339342737,False,False,False,False,6895.0,-103858.38023421235,False,False,False,False,12225.824812086204,False,False,False,False
2025-06-13 14:00:00+00:00,0.961,0.9834,0.9587,0.9612,3207.0,,,,,,,,,,,,,,,,,,,0.9677666666666666,0.9634690140652069,,0.877678637099341,0.8221545536225119,"rgba(239, 83, 80, 1.0)",0.0,0.0,0.06013223440398044,0.9566678056323796,0.0753704633220883,0.0,0.0,0.0,0.0,0.0,0.0,0.0,0.0,41.13977071772187,-3.7649297673227906,False,True,False,True,False,0.0,0,0.9595677576133602,0.9864277958740498,False,False,False,False,0.11607633275585462,0.160242198074641,False,False,False,False,3688.0,-102190.99449414703,False,False,False,False,12085.998070813548,False,False,False,False
2025-06-13 15:00:00+00:00,0.9612,0.9884,0.9612,0.9845,9867.0,,,,,,,,,,,,,,,,,,,0.9755149609912803,0.9637449994430595,,0.8779179167634266,0.8224532883810198,"rgba(239, 83, 80, 1.0)",0.0,0.0,0.0601604692872795,0.9562434021223595,0.46968712532325974,0.0,0.0,0.0,0.0,0.0,0.0,0.0,0.0,41.832113532645764,-3.7649297673227906,False,True,False,True,False,2.2380465658420903,0,0.9648384751220525,0.9818219590734392,False,False,False,False,0.12711234902054244,0.14367727354759172,False,False,False,False,13555.0,-100396.48295160211,False,False,False,False,12051.59499994822,False,False,False,False
2025-06-13 16:00:00+00:00,0.9845,0.9874,0.9775,0.9784,3500.0,,,,,,,,,,,,,,,,,,,0.9766943767346445,0.9638608755784982,,0.8780051110725339,0.8225610632780982,"rgba(239, 83, 80, 1.0)",0.0,0.0,0.06019945697280546,0.9561290719345943,0.36995230829850245,0.0,0.0,0.0,0.0,0.0,0.0,0.0,0.0,41.554791008812295,-3.7649297673227906,False,True,False,True,False,1.6165888933506416,0,0.9754050773209479,0.9820024278249854,False,False,False,False,0.14972465662094248,0.1467009650842671,False,False,False,False,10055.0,-98684.05685932921,False,False,False,False,11919.012131731968,False,False,False,False
2025-06-13 17:00:00+00:00,0.9784,0.9816,0.9783,0.9808,500.0,,,,,,,,,,,,,,,,,,,0.9767980125727225,0.9638764772512142,,0.8780174507608943,0.8225763636390692,"rgba(239, 83, 80, 1.0)",0.0,0.0,0.06020994282022905,0.9561124783283048,0.4100240012750983,0.0,0.0,0.0,0.0,0.0,0.0,0.0,0.0,41.80648479479906,-3.7649297673227906,False,True,False,True,False,1.852872114065736,0,0.971595744680851,0.9769680851063829,False,False,False,False,0.1423193874900128,0.14451017628713997,False,False,False,False,10555.0,-96990.42807081247,False,False,False,False,11741.973183953178,False,False,False,False
2025-06-13 18:00:00+00:00,0.9813,0.9814,0.9423,0.9545,6243.0,,,,,,,,,,,,,,,,,,,0.9721397892810681,0.9638238415780666,,0.8781399219540448,0.8227419425151667,"rgba(239, 83, 80, 1.0)",0.0,0.0,0.06009887609688675,0.9556770820547614,-0.019585758190615962,0.0,0.0,0.0,0.0,0.0,0.0,0.0,0.0,38.943947846268564,-6.291106018898823,False,True,False,True,False,0.0,0,0.958622700524837,0.9789800137835974,False,False,False,False,0.08911458079961626,0.11681237854337811,False,False,False,False,4312.0,-95419.84779064484,False,False,False,False,11656.717785752353,False,False,False,False
2025-06-13 19:00:00+00:00,0.9545,0.965,0.95,0.9587,2022.0,,,,,,,,,,,,,,,,,,,0.9710034834313378,0.9638013673767167,,0.8781787785203358,0.8227948970760272,"rgba(239, 83, 80, 1.0)",0.0,0.0,0.059922955790176695,0.9555376267946564,0.05277398558937645,0.0,0.0,0.0,0.0,0.0,0.0,0.0,0.0,37.86295847573143,-7.498047242278908,False,True,False,True,False,0.0,0,0.959409594095941,0.982956807985346,False,False,False,False,0.07641358000062763,0.09661297927200288,False,False,False,False,6334.0,-93842.26875513095,False,False,False,False,11507.342316205804,False,False,False,False
2025-06-16 14:00:00+00:00,0.947,1.005,0.947,0.9658,19904.0,,,,,,,,,,,,,,,,,,,0.9717058476817776,0.9641181284000546,,0.8786294187654552,0.8233704370704602,"rgba(239, 83, 80, 1.0)",0.0,0.0,0.059763398452526414,0.9548190288868155,0.1837407409471092,0.0,0.0,0.0,0.0,0.0,0.0,0.0,0.0,38.55727613792993,-7.498047242278908,False,True,False,True,False,0.3342480530646412,0,0.9632570162481535,0.9715657311669128,False,False,False,False,0.1306502614753815,0.11363162037369219,False,False,False,False,26238.0,-91980.55916202815,False,False,False,False,11637.523055489435,False,False,False,False
2025-06-16 15:00:00+00:00,0.9817,0.9879,0.9626,0.9707,11440.0,,,,,,,,,,,,,,,,,,,0.9721150433110456,0.964313052731561,,0.878889587269977,0.82370173391657,"rgba(239, 83, 80, 1.0)",0.0,0.0,0.05944233280861859,0.9545055096826808,0.2724403560920002,0.0,0.0,0.0,0.0,0.0,0.0,0.0,0.0,39.99619738710401,-7.498047242278908,False,True,False,True,True,0.8366973200899146,0,0.9738203314683839,0.9679087934128576,False,False,False,False,0.1284386906350169,0.12103515550435454,False,False,False,False,37678.0,-89970.34894246182,False,False,False,False,11634.46068253611,False,False,False,False
2025-06-16 16:00:00+00:00,0.9707,0.9909,0.9625,0.9732,18040.0,,,,,,,,,,,,,,,,,,,0.9729403039670962,0.9646606332492488,,0.8793047048558119,0.824227439962822,"rgba(239, 83, 80, 1.0)",0.0,0.0,0.05901195426307108,0.9541468333319179,0.32286961016651716,0.0,0.0,0.0,0.0,0.0,0.0,0.0,0.0,41.47388295875522,-7.498047242278908,False,True,False,True,True,1.095613293375898,0,0.9700457745536312,0.9878202211098321,False,False,False,False,0.1327155410176329,0.12687534826099373,False,False,False,False,55718.0,-87711.61485033063,False,False,False,False,11733.771369628574,False,False,False,False
2025-06-16 17:00:00+00:00,0.9732,0.9919,0.951,0.9598,11482.0,,,,,,,,,,,,,,,,,,,0.9722245670204744,0.9647168225746967,,0.8795453440009272,0.8245426288153779,"rgba(239, 83, 80, 1.0)",0.0,0.0,0.05851217654133584,0.9538275026791364,0.10207272526675396,0.0,0.0,0.0,0.0,0.0,0.0,0.0,0.0,40.37063318746147,-7.498047242278908,False,True,False,True,True,0.0,0,0.9617344896597733,0.9835090060040027,False,False,False,False,0.117252121096741,0.12206373467886736,False,False,False,False,44236.0,-85665.91539528675,False,False,False,False,11729.867937541308,False,False,False,False
2025-06-16 18:00:00+00:00,0.9587,0.985,0.9587,0.9634,4694.0,,,,,,,,,,,,,,,,,,,0.9720597725680884,0.9647506751853576,,0.8796449760812459,0.8246724008200434,"rgba(239, 83, 80, 1.0)",0.0,0.0,0.05818551644804036,0.9537176154345115,0.1664054073342272,0.0,0.0,0.0,0.0,0.0,0.0,0.0,0.0,40.47769925618553,-7.498047242278908,False,True,False,True,True,0.05478421265618039,1,0.964105574977983,0.9843879266632862,False,False,False,False,0.11842823224581756,0.12024598346234246,False,False,False,False,48930.0,-83579.15701706524,False,False,False,False,11620.784713703459,False,False,False,False
2025-06-16 19:00:00+00:00,0.9634,0.9753,0.9594,0.9605,6518.0,,,,,,,,,,,,,,,,,,,0.9715918761612449,0.9647540792833588,,0.8797768330193088,0.8248472728940497,"rgba(239, 83, 80, 1.0)",0.0,0.0,0.057615028163415176,0.9535375357321078,0.12084458673081659,0.0,0.0,0.0,0.0,0.0,0.0,0.0,0.0,40.06454629170494,-7.498047242278908,False,True,False,True,True,0.0,1,0.9628550034764934,0.9874846232015831,False,False,False,False,0.10521499433545066,0.11273048889889656,False,False,False,False,42412.0,-81625.80574548284,False,False,False,False,11541.67177240573,False,False,False,False
2025-06-17 14:00:00+00:00,0.9321,0.9884,0.9305,0.965,56063.0,,,,,,,,,,,,,,,,,,,0.9678324713317696,0.9644611679181009,,0.8808450259532252,0.8262936688653926,"rgba(239, 83, 80, 1.0)",0.0,0.0,0.05666138800003886,0.9521120021393061,0.22745644460183354,0.0,0.0,0.0,0.0,0.0,0.0,0.0,0.0,40.977995448793436,-7.498047242278908,False,True,False,True,True,0.2360171932064219,1,0.9546514709780017,0.9851842035515506,False,False,False,False,0.08210384654323596,0.09741716772106626,False,False,False,False,98475.0,-78833.54519128929,False,False,False,False,12231.924923221146,False,False,False,False
2025-06-17 15:00:00+00:00,0.965,0.9829,0.9649,0.9672,10473.0,,,,,,,,,,,,,,,,,,,0.9680773923014523,0.9645735343912347,,0.8810667899472436,0.8265809614250247,"rgba(239, 83, 80, 1.0)",0.0,0.0,0.05566485808143309,0.9520394824050751,0.272353476097007,0.0,0.0,0.0,0.0,0.0,0.0,0.0,0.0,42.18321580671885,-7.498047242278908,False,True,False,True,True,0.48062162913924666,1,0.9712051665243381,0.9840681041844577,False,False,False,False,0.12446099496471777,0.11093908134289202,False,False,False,False,108948.0,-75922.20340537782,False,False,False,False,12204.654769372755,False,False,False,False
2025-06-17 16:00:00+00:00,0.9664,0.9665,0.9504,0.9506,9787.0,,,,,,,,,,,,,,,,,,,0.967387668546871,0.9644479923232867,,0.8812370048687436,0.8268192242708758,"rgba(239, 83, 80, 1.0)",0.0,0.0,0.05438039067615232,0.9518007003080331,-0.02207965579327194,0.0,0.0,0.0,0.0,0.0,0.0,0.0,0.0,39.86832098544027,-7.498047242278908,False,True,False,True,False,0.0,1,0.978916149905635,0.9776220005392289,False,False,False,False,0.0791851215195427,0.09506210143121735,False,False,False,False,99161.0,-73207.73513552701,False,False,False,False,12167.171749692558,False,False,False,False
2025-06-17 17:00:00+00:00,0.9506,0.9549,0.9325,0.933,17233.0,,,,,,,,,,,,,,,,,,,0.9649282949247626,0.9638482014292371,,0.8814721588736142,0.8271858354613864,"rgba(239, 83, 80, 1.0)",0.0,0.0,0.05404592581590368,0.951113916508484,-0.3351578538997603,0.0,0.0,0.0,0.0,0.0,0.0,0.0,0.0,35.97411854736556,-10.594983443410158,False,True,False,True,False,0.0,1,0.9749473001459381,0.9773796011026431,False,False,False,False,0.03626352993007531,0.06566281568064633,False,False,False,False,81928.0,-70802.52993962736,False,False,False,False,12245.71172256554,False,False,False,False
2025-06-17 18:00:00+00:00,0.933,0.9535,0.9306,0.933,14624.0,,,,,,,,,,,,,,,,,,,0.9630864007419045,0.963339396169979,,0.8816665292625003,0.8274920759120957,"rgba(239, 83, 80, 1.0)",0.0,0.0,0.05405349812417625,0.9505620685477009,-0.3249016096489399,0.0,0.0,0.0,0.0,0.0,0.0,0.0,0.0,33.37798358864909,-12.896789718237926,False,True,False,True,False,0.0,1,0.9746246449343976,0.9762748545921818,False,False,False,False,0.03147332239140642,0.048568069036026375,False,False,False,False,81928.0,-68434.61474676491,False,False,False,False,12282.584409037392,False,False,False,False
2025-06-17 19:00:00+00:00,0.933,0.9539,0.9219,0.9219,22027.0,,,,,,,,,,,,,,,,,,,0.9601330294696517,0.9624174933220173,,0.8819241052030153,0.8279236305491754,"rgba(239, 83, 80, 1.0)",0.0,0.0,0.053774490687030364,0.9496570343117279,-0.5161747504643949,0.0,0.0,0.0,0.0,0.0,0.0,0.0,0.0,30.353028283694822,-15.57988820273252,False,True,False,True,False,0.0,1,0.9711906430226919,0.9750983668409423,False,False,False,False,0.01943111412235595,0.03399959157919116,False,False,False,False,59901.0,-66444.91529332669,False,False,False,False,12433.66061974999,False,False,False,False
2025-06-18 14:00:00+00:00,0.9299,0.9511,0.9105,0.9386,27621.0,,,,,,,,,,,,,,,,,,,0.9572401500519109,0.9613668699770471,,0.8822486892364759,0.8284640691311657,"rgba(239, 83, 80, 1.0)",0.0,0.0,0.05359569607569908,0.9486683506361653,-0.18785744702232537,0.0,0.0,0.0,0.0,0.0,0.0,0.0,0.0,33.107060589011255,-15.57988820273252,False,True,False,True,True,0.0,1,0.9725128425808881,0.9756596110916866,False,False,False,False,-0.0011600747031431065,0.01641975843802403,False,False,False,False,87522.0,-64057.83133529062,False,False,False,False,12669.123245800376,False,False,False,False
2025-06-18 15:00:00+00:00,0.9382,0.9567,0.9191,0.9307,16838.0,,,,,,,,,,,,,,,,,,,0.9558947493963239,0.9608082702437184,,0.8824525992083257,0.8287973554324529,"rgba(239, 83, 80, 1.0)",0.0,0.0,0.05348136400183117,0.9481560302682898,-0.32639463473093366,0.0,0.0,0.0,0.0,0.0,0.0,0.0,0.0,33.76633168282558,-15.57988820273252,False,True,False,True,True,0.0,1,0.9785119961224654,0.9728034036136468,False,False,False,False,0.01943111412235595,0.017925436280189992,False,False,False,False,70684.0,-61968.8106944334,False,False,False,False,12733.756993927502,False,False,False,False
2025-06-18 16:00:00+00:00,0.9304,0.9501,0.9076,0.9226,13593.0,,,,,,,,,,,,,,,,,,,0.9545087805765972,0.9602249786966911,,0.8825891625546523,0.8290430029759268,"rgba(239, 83, 80, 1.0)",0.0,0.0,0.053328687477838574,0.9494904535522662,-0.5042399283395255,0.0,0.0,0.0,0.0,0.0,0.0,0.0,0.0,33.09022382244993,-15.57988820273252,False,True,False,True,True,0.0,1,0.9733242692046228,0.9909721278042148,False,False,False,False,-0.006814834487922355,0.005555300896133819,False,False,False,False,57091.0,-60122.922156535205,False,False,False,False,12747.078590920873,False,False,False,False
2025-06-18 17:00:00+00:00,0.9226,0.9247,0.9104,0.9174,1500.0,,,,,,,,,,,,,,,,,,,0.9543154734378916,0.9601443456499965,,0.8826010306514324,0.8290674716454207,"rgba(239, 83, 80, 1.0)",0.0,0.0,0.051911758740157965,0.9493774060018219,-0.6159954271995169,0.0,0.0,0.0,0.0,0.0,0.0,0.0,0.0,31.9575981232374,-15.57988820273252,False,True,False,True,True,0.0,1,0.9632822829440284,1.008428823270163,False,False,False,False,-0.03960342074953114,-0.01702405992669866,False,False,False,False,55591.0,-58328.90785953465,False,False,False,False,12572.705279433729,False,False,False,False
2025-06-18 18:00:00+00:00,0.9174,0.951,0.9174,0.9475,6596.0,,,,,,,,,,,,,,,,,,,0.9539633656940302,0.9599672971882537,,0.8826846679374059,0.8292005829272782,"rgba(239, 83, 80, 1.0)",0.0,0.0,0.049970263157210565,0.9494094509062367,-0.03821174405724944,0.0,0.0,0.0,0.0,0.0,0.0,0.0,0.0,38.131113179362416,-16.60979810662608,False,True,False,True,True,0.0,1,0.9564502188641371,1.0139682716703375,False,False,False,False,0.008699543405613804,-0.004162258260542428,False,False,False,False,62187.0,-56460.44417178993,False,False,False,False,12480.043182078167,False,False,False,False
2025-06-18 19:00:00+00:00,0.9475,0.9475,0.9176,0.9183,2400.0,,,,,,,,,,,,,,,,,,,0.95375135349279,0.9598712515136433,,0.8827091574649168,0.8292441494213411,"rgba(239, 83, 80, 1.0)",0.0,0.0,0.04800088561496234,0.9493180419316772,-0.6461972843686161,0.0,0.0,0.0,0.0,0.0,0.0,0.0,0.0,38.142199554050755,-16.60979810662608,False,True,False,True,True,0.0,1,0.951078895077104,1.010802944222104,False,False,False,False,0.003914636026812933,-0.00012381111686474763,False,False,False,False,59787.0,-54658.15821563815,False,False,False,False,12323.76344282114,False,False,False,False
2025-06-19 14:00:00+00:00,0.9183,0.9183,0.9183,0.9183,0.0,,,,,,,,,,,,,,,,,,,0.95375135349279,0.9598712515136433,,0.8827091574649168,0.8292441494213411,"rgba(239, 83, 80, 1.0)",0.0,0.0,0.0446488289648095,0.9493180419316772,-0.6947112085767012,0.0,0.0,0.0,0.0,0.0,0.0,0.0,0.0,38.14959047050965,-16.492159625502282,False,True,False,True,True,0.0,1,0.9550240588734786,1.0139258420605717,False,False,False,False,-0.03742532495820203,-0.018774568037533388,False,False,False,False,59787.0,-52883.8146774112,False,False,False,False,12132.69734293244,False,False,False,False
2025-06-19 15:00:00+00:00,0.9183,0.9183,0.9183,0.9183,0.0,,,,,,,,,,,,,,,,,,,0.95375135349279,0.9598712515136433,,0.8827091574649168,0.8292441494213411,"rgba(239, 83, 80, 1.0)",0.0,0.0,0.04161389117517882,0.9493180419316772,-0.7453771097997769,0.0,0.0,0.0,0.0,0.0,0.0,0.0,0.0,38.15451774814891,-16.202697442274633,False,True,False,True,True,0.0,1,0.9591176975453453,1.0087829719059336,False,False,False,False,-0.03742532495820203,-0.028099946497867706,False,False,False,False,59787.0,-51136.98034132731,False,False,False,False,11944.593508158294,False,False,False,False
2025-06-19 16:00:00+00:00,0.9183,0.9183,0.9183,0.9183,0.0,,,,,,,,,,,,,,,,,,,0.95375135349279,0.9598712515136433,,0.8827091574649168,0.8292441494213411,"rgba(239, 83, 80, 1.0)",0.0,0.0,0.038595095753438766,0.9493180419316772,-0.8036783256047129,0.0,0.0,0.0,0.0,0.0,0.0,0.0,0.0,38.15780259990842,-15.843350128497562,False,True,False,True,True,0.0,1,0.9542747021723896,1.0261329128708245,False,False,False,False,-0.03742532495820203,-0.03276263572803487,False,False,False,False,59787.0,-49417.22870812844,False,False,False,False,11759.406011907777,False,False,False,False
2025-06-19 17:00:00+00:00,0.9183,0.9183,0.9183,0.9183,0.0,,,,,,,,,,,,,,,,,,,0.95375135349279,0.9598712515136433,,0.8827091574649168,0.8292441494213411,"rgba(239, 83, 80, 1.0)",0.0,0.0,0.038764194122241684,0.9493180419316772,-0.8001724951088316,0.0,0.0,0.0,0.0,0.0,0.0,0.0,0.0,38.159992501081426,-15.453453132614385,False,True,False,True,True,0.0,1,0.9552490104566668,1.0192887103444201,False,False,False,False,-0.03742532495820203,-0.03509398034311845,False,False,False,False,59787.0,-47724.13989094815,False,False,False,False,11577.089639630136,False,False,False,False
2025-06-19 18:00:00+00:00,0.9183,0.9183,0.9183,0.9183,0.0,,,,,,,,,,,,,,,,,,,0.95375135349279,0.9598712515136433,,0.8827091574649168,0.8292441494213411,"rgba(239, 83, 80, 1.0)",0.0,0.0,0.03877987181075446,0.9493180419316772,-0.7998490062846285,0.0,0.0,0.0,0.0,0.0,0.0,0.0,0.0,38.161452435196765,-15.059468825948237,False,True,False,True,True,0.0,1,0.9545182525433872,1.020885697187313,False,False,False,False,-0.03742532495820203,-0.03625965265066024,False,False,False,False,59787.0,-46057.30051279392,False,False,False,False,11397.599877775405,False,False,False,False
2025-06-19 19:00:00+00:00,0.9183,0.9183,0.9183,0.9183,0.0,,,,,,,,,,,,,,,,,,,0.95375135349279,0.9598712515136433,,0.8827091574649168,0.8292441494213411,"rgba(239, 83, 80, 1.0)",0.0,0.0,0.03876196705652308,0.9493180419316772,-0.8002184689555724,0.0,0.0,0.0,0.0,0.0,0.0,0.0,0.0,38.16242572460699,-14.678540416600711,False,True,False,True,True,0.0,1,0.9623604953371044,1.0210976914844827,False,False,False,False,-0.03742532495820203,-0.03684248880443113,False,False,False,False,59787.0,-44416.30360561882,False,False,False,False,11220.892902926173,False,False,False,False
2025-06-20 14:00:00+00:00,0.8785,0.8996,0.8581,0.8682,14090.0,,,,,,,,,,,,,,,,,,0.8753,0.9501886240231373,0.9584143209559555,,0.8826856209036864,0.8293633113988177,"rgba(239, 83, 80, 1.0)",0.0,0.0,0.04008964603136086,0.9471905077678207,-1.970346849808275,0.0,0.0,0.0,0.0,0.0,0.0,0.0,0.0,31.95017012040042,-14.944448100379397,False,True,False,True,False,0.0,0,0.9501088534107404,1.0064707305273344,False,False,False,False,-0.15298839560427457,-0.09491544220435286,False,False,False,False,45697.0,-43019.198123361166,False,False,False,False,11265.37518350096,False,False,False,False
2025-06-20 15:00:00+00:00,0.8672,0.8914,0.8651,0.87,11119.0,,,,,,,,,,,,,,,,,,0.875388214526558,0.9476045795073965,0.9573022409487308,,0.8826676526498389,0.829457320137256,"rgba(239, 83, 80, 1.0)",0.0,0.0,0.04130949623609765,0.9459560372609517,-1.8387064520670358,0.0,0.0,0.0,0.0,0.0,0.0,0.0,0.0,28.327934751552473,-18.15944919518337,False,True,False,True,False,0.0,0,0.9544426006939206,1.0055211947503395,False,False,False,False,-0.1547698145958592,-0.12484262840010603,False,False,False,False,56816.0,-41471.365594316805,False,False,False,False,11263.105800811023,False,False,False,False
2025-06-20 16:00:00+00:00,0.87,0.8761,0.8517,0.852,25771.0,,,,,,,,,,,,,,,,,,0.8675755871583627,0.9410962612918834,0.954366638667259,,0.8825366502389919,0.8296005716766273,"rgba(239, 83, 80, 1.0)",0.0,0.0,0.043125738014324615,0.943036825549162,-2.110962727615776,0.0,0.0,0.0,0.0,0.0,0.0,0.0,0.0,24.656323712597707,-21.343773836985083,False,True,False,True,False,0.0,0,0.9457177689728741,1.0263334349283755,False,False,False,False,-0.19769408481049333,-0.16126835660529967,False,False,False,False,31045.0,-40347.08085642042,False,False,False,False,11488.03439304651,False,False,False,False
2025-06-20 17:00:00+00:00,0.8505,0.853,0.84,0.8459,15843.0,,,,,,,,,,,,,,,,,,0.8625313789164409,0.9369588567335635,0.952400116123741,,0.8824087369161715,0.8296486883666933,"rgba(239, 83, 80, 1.0)",0.0,0.0,0.04554715493335892,0.9412293948432323,-2.0929824262944843,0.0,0.0,0.0,0.0,0.0,0.0,0.0,0.0,21.840233130030743,-23.726388165134082,False,True,False,True,False,0.0,0,0.9364650219668809,1.0330885741497435,False,False,False,False,-0.2507410685585612,-0.20600471258193043,False,False,False,False,15202.0,-39485.854796630956,False,False,False,False,11555.553239665944,False,False,False,False
2025-06-20 18:00:00+00:00,0.8459,0.8539,0.84,0.8424,17875.0,,,,,,,,,,,,,,,,,,0.8589229399356143,0.9326633786681368,0.9502481346422086,,0.8822620595633411,0.829699836293104,"rgba(239, 83, 80, 1.0)",0.0,0.0,0.047899355183842515,0.9393727928908081,-2.0245114473590884,0.0,0.0,0.0,0.0,0.0,0.0,0.0,0.0,19.749056470243364,-25.508357504308634,False,True,False,True,False,0.0,0,0.9419846856860565,1.0243299987649748,False,False,False,False,-0.24935284524284992,-0.2276787789123902,False,False,False,False,-2673.0,-38915.11286179947,False,False,False,False,11653.529158430812,False,False,False,False
2025-06-20 19:00:00+00:00,0.8401,0.8511,0.835,0.84,19705.0,,,,,,,,,,,,,,,,,,0.8557351991801001,0.9282051247997668,0.947900231519458,,0.8820869048708054,0.8297437359632629,"rgba(239, 83, 80, 1.0)",0.0,0.0,0.050149472184273576,0.9374266417776287,-1.942725168066292,0.0,0.0,0.0,0.0,0.0,0.0,0.0,0.0,18.201237960691717,-26.893204918730827,False,True,False,True,False,0.0,0,0.939518387156991,1.0291830004355673,False,False,False,False,-0.26141605664634276,-0.24454741777936648,False,False,False,False,-22378.0,-38658.7235151049,False,False,False,False,11778.358163726458,False,False,False,False
2025-06-23 14:00:00+00:00,0.8315,0.8386,0.8163,0.8275,31757.0,,,,,,,,,,,,,,,,,,0.849142045632589,0.9208053690219553,0.9438313256947101,,0.8817063078948137,0.8297307483263218,"rgba(239, 83, 80, 1.0)",0.0,0.0,0.05271489951267567,0.934101945147922,-2.022235575395317,0.0,0.0,0.0,0.0,0.0,0.0,0.0,0.0,16.424690459872295,-28.584018453408554,False,True,False,True,False,0.0,0,0.9239366656317913,1.0346476249611922,False,False,False,False,-0.3104613859439242,-0.2775044018616453,False,False,False,False,-54135.0,-38898.66578618855,False,False,False,False,12088.104548784962,False,False,False,False
2025-06-23 15:00:00+00:00,0.8275,0.8399,0.8223,0.8223,10057.0,,,,,,,,,,,,,,,,,,0.8476993311311269,0.9186993776216557,0.9426068849996014,,0.8815884228032659,0.8297279282650061,"rgba(239, 83, 80, 1.0)",0.0,0.0,0.05527901522571817,0.9331358636863133,-2.005026016359779,0.0,0.0,0.0,0.0,0.0,0.0,0.0,0.0,14.962585292597813,-30.044695009093672,False,True,False,True,False,0.0,0,0.9277665683687725,1.0326245537792955,False,False,False,False,-0.29886372920953874,-0.28818406553559206,False,False,False,False,-64192.0,-39290.81050268174,False,False,False,False,12056.614555780543,False,False,False,False
2025-06-23 16:00:00+00:00,0.8223,0.826,0.8032,0.8134,12628.0,,,,,,,,,,,,,,,,,,0.8450361717397462,0.9157992263292726,0.9409224404288874,,0.8814026270418706,0.8296928533473098,"rgba(239, 83, 80, 1.0)",0.0,0.0,0.05796845563450434,0.9277898973298907,-1.973312831570466,0.0,0.0,0.0,0.0,0.0,0.0,0.0,0.0,13.543116079932048,-31.521011777008006,False,True,False,True,False,0.0,0,0.9250334255775631,1.0374055533099096,True,False,False,False,-0.34282825441539394,-0.31550615997549303,False,False,False,False,-76820.0,-39872.658401864974,True,False,False,False,12065.473244838207,False,False,False,False
2025-06-23 17:00:00+00:00,0.8134,0.8355,0.8129,0.8348,3033.0,,,,,,,,,,,,,,,,,,0.8447119800096368,0.915216093803442,0.9405669362527326,,0.881367110822232,0.8296917908321557,"rgba(239, 83, 80, 1.0)",0.0,0.0,0.059538254702114116,0.9276493644790035,-1.5594908675699986,0.0,0.0,0.0,0.0,0.0,0.0,0.0,0.0,19.462151350286,-35.831806998727856,False,True,False,True,True,0.0,0,0.9257573868594939,1.0373083156713627,False,False,False,False,-0.31226914310396514,-0.3138876515397291,False,False,False,False,-73787.0,-40398.46214757249,False,False,False,False,11925.434899956996,False,False,False,False
2025-06-23 18:00:00+00:00,0.8348,0.836,0.8197,0.832,3310.0,,,,,,,,,,,,,,,,,,0.8444018223680494,0.9145992155800242,0.9401866279045764,,0.8813294870707522,0.8296915196986597,"rgba(239, 83, 80, 1.0)",0.0,0.0,0.06110917057143519,0.9274690215245606,-1.5622699609866175,0.0,0.0,0.0,0.0,0.0,0.0,0.0,0.0,23.065584012269014,-32.6061344407931,False,True,False,True,True,0.0,0,0.9374467413602651,1.0353163957708695,False,False,False,False,-0.3007997114065547,-0.3073436814731419,False,False,False,False,-77097.0,-40967.4317266799,False,False,False,False,11791.862265849135,False,False,False,False
2025-06-23 19:00:00+00:00,0.8323,0.8346,0.8205,0.8339,2253.0,,,,,,,,,,,,,,,,,,0.8442035536895584,0.9141864725536168,0.9399302533562727,,0.8813041217165652,0.8296915096981559,"rgba(239, 83, 80, 1.0)",0.0,0.0,0.06274306356264453,0.9273318387950653,-1.4891182146657571,0.0,0.0,0.0,0.0,0.0,0.0,0.0,0.0,26.036239263166784,-29.9474424434535,False,True,False,True,True,0.0,0,0.9279698581560284,1.0352710233029383,False,False,False,False,-0.30173947440386695,-0.30454157793850445,False,False,False,False,-74844.0,-41492.64983944455,False,False,False,False,11643.972928394109,False,False,False,False
2025-06-24 14:00:00+00:00,0.9058,0.927,0.9058,0.9075,9625.0,,,,,,,,,,,,,,,,,,0.847966764182094,0.9141711547537038,0.9396702455109393,,0.8813713717423484,0.8298352169025999,"rgba(38, 166, 154, 1.0)",0.0,0.0,0.06296981038418842,0.928747150470695,-0.3374180474907408,0.0,0.0,0.0,0.0,0.0,0.0,0.0,0.0,39.71416377942903,-17.5976195928299,True,False,False,True,True,0.0,0,0.9342040108937857,1.0260274820500124,False,False,False,False,-0.038404412979083494,-0.17147299545879396,False,False,False,False,-65219.0,-41860.50022953068,False,False,False,False,11612.671022527533,False,False,False,False
2025-06-24 15:00:00+00:00,0.9075,0.9247,0.9075,0.9101,2280.0,,,,,,,,,,,,,,,,,,0.8488075065329957,0.9141708135829417,0.9396109459157979,,0.8813875913004777,0.8298694573818045,"rgba(38, 166, 154, 1.0)",0.0,0.0,0.06318509269392236,0.9289609004327554,-0.2985023781498628,0.0,0.0,0.0,0.0,0.0,0.0,0.0,0.0,49.05330917697195,-9.749902466159647,True,False,True,False,True,0.0,0,0.9357610980586126,1.0236799802151602,False,False,False,False,-0.03926508436593187,-0.10536903991236292,False,False,False,False,-62939.0,-42187.29867558447,False,False,False,False,11467.978448534857,False,False,False,False
2025-06-24 16:00:00+00:00,0.9101,0.9298,0.9086,0.9155,11821.0,,,,,,,,,,,,,,,,,,0.853084031414069,0.9142628866148614,0.9393537946484654,,0.8814813364630774,0.8300546660295031,"rgba(38, 166, 154, 1.0)",0.0,0.0,0.0632669517361379,0.9300429519258865,-0.22986648679613264,0.0,0.0,0.0,0.0,0.0,0.0,0.0,0.0,55.76168881371015,-4.314746420728511,True,False,True,False,True,0.0,0,0.9343058968058968,1.0199938574938576,False,False,False,False,-0.030374050798153366,-0.06787154535525815,False,False,False,False,-51118.0,-42325.759161234324,False,False,False,False,11473.451650883155,False,False,False,False
2025-06-24 17:00:00+00:00,0.9086,0.924,0.9086,0.919,6749.0,,,,,,,,,,,,,,,,,,0.8552704068055809,0.9143030061446543,0.9392045348182515,,0.8815335233706995,0.8301591398542809,"rgba(38, 166, 154, 1.0)",0.0,0.0,0.06277275827923127,0.9303146016366745,-0.18024700438275812,0.0,0.0,0.0,0.0,0.0,0.0,0.0,0.0,60.55920424078988,-0.40878822541572646,True,False,True,False,True,0.0,0,0.9346151494772881,1.0216726783640033,False,False,False,False,-0.03869129705980894,-0.05328142120753354,False,False,False,False,-44369.0,-42357.43731377332,False,False,False,False,11400.204338466361,False,False,False,False
2025-06-24 18:00:00+00:00,0.9153,0.9265,0.9125,0.9265,15373.0,,,,,,,,,,,,,,,,,,0.8600679906918157,0.9145302339793101,0.9389419742356204,,0.8816671969631588,0.8304087977569587,"rgba(38, 166, 154, 1.0)",0.0,0.0,0.0625480018332652,0.9309342226784756,-0.07089311486393995,0.0,0.0,0.0,0.0,0.0,0.0,0.0,0.0,64.46299708007258,2.97274840025608,True,False,True,False,True,0.0,0,0.9360808425153712,1.020819382723565,False,False,False,False,-0.02951390533669472,-0.04139766327211413,False,False,False,False,-28996.0,-42150.283246893116,False,False,False,False,11461.79806965293,False,False,False,False
2025-06-24 19:00:00+00:00,0.9265,0.929,0.9134,0.926,9086.0,,,,,,,,,,,,,,,,,,0.8626311521828743,0.9146751371299675,0.9387990493174487,,0.8817476781647613,0.8305572697280769,"rgba(38, 166, 154, 1.0)",0.0,0.0,0.06217882806438434,0.9311860536716072,-0.0834054586271259,0.0,0.0,0.0,0.0,0.0,0.0,0.0,0.0,66.93808665131303,5.325694984854174,True,False,True,False,True,0.0,0,0.9366555589215391,1.0199636473795821,False,False,False,False,-0.024640534875018733,-0.033019099073566434,False,False,False,False,-38082.0,-42087.20908802655,False,False,False,False,11424.963991053659,False,False,False,False
2025-06-25 14:00:00+00:00,0.8958,0.897,0.8696,0.8789,12966.0,,,,,,,,,,,,,,,,,0.8818333333333334,0.8636890871827123,0.9138739773690076,0.9380882531180398,,0.8817479166612981,0.8306745883687675,"rgba(38, 166, 154, 1.0)",0.0,0.0,0.06211020510656185,0.9302190194672952,-0.826257446409132,0.0,0.0,0.0,0.0,0.0,0.0,0.0,0.0,59.98006916244787,5.325694984854174,True,False,True,False,False,0.0,0,0.9258056829689643,1.0205218323702867,False,False,False,False,-0.13399951755258452,-0.08350930831307547,False,False,False,False,-51048.0,-42226.13607890986,False,False,False,False,11448.856022200114,False,False,False,False
2025-06-25 15:00:00+00:00,0.8789,0.8848,0.8722,0.878,5386.0,,,,,,,,,,,,,,,,,0.8808061428363848,0.8640167359706225,0.9135174449322249,0.9377801327937586,,0.8817439718654787,0.8307198408831175,"rgba(38, 166, 154, 1.0)",0.0,0.0,0.06199290770246385,0.9298399329919427,-0.8362236086868102,0.0,0.0,0.0,0.0,0.0,0.0,0.0,0.0,55.223726894062956,17.342421270588787,True,False,True,False,False,0.0,0,0.9268545994065283,1.0240652818991098,False,False,False,False,-0.148024956063644,-0.11576713218835974,False,False,False,False,-56434.0,-42446.41303892676,False,False,False,False,11354.858254414066,False,False,False,False
2025-06-25 16:00:00+00:00,0.878,0.8872,0.878,0.8857,4452.0,,,,,,,,,,,,,,,,,0.8813580921475764,0.8643729373233434,0.9132716818970809,0.9375503269051776,,0.8817457743691066,0.8307613376845777,"rgba(38, 166, 154, 1.0)",0.0,0.0,0.06151954313377317,0.9295982448652913,-0.7135658463821049,0.0,0.0,0.0,0.0,0.0,0.0,0.0,0.0,53.295879327674754,15.248578760266497,True,False,True,False,False,0.0,0,0.9276938327976209,1.0376400612815044,False,False,False,False,-0.1360415043843608,-0.12590431828636028,False,False,False,False,-51982.0,-42594.251596462775,False,False,False,False,11247.837196206097,False,False,False,False
2025-06-25 17:00:00+00:00,0.8857,0.8945,0.8856,0.8858,22156.0,,,,,,,,,,,,,,,,,0.884943284400949,0.8663835731697435,0.9123029499189894,0.9365384984152321,,0.881778320962419,0.8309863266187054,"rgba(38, 166, 154, 1.0)",0.0,0.0,0.06107460695260509,0.9287494603621024,-0.7032294189863856,0.0,0.0,0.0,0.0,0.0,0.0,0.0,0.0,52.02754454603574,13.522732715369898,True,False,False,False,False,0.0,0,0.9293499592403612,1.029588478608738,False,False,False,False,-0.11436327078615377,-0.12013379453625703,False,False,False,False,-29826.0,-42396.29420737032,False,False,False,False,11416.955999365693,False,False,False,False
2025-06-25 18:00:00+00:00,0.8858,0.8858,0.8788,0.8795,1594.0,,,,,,,,,,,,,,,,,0.8848208216980997,0.8664723811861125,0.9122156868713144,0.936456516945721,,0.8817781810609744,0.8310004139685564,"rgba(38, 166, 154, 1.0)",0.0,0.0,0.060997250654338225,0.9286730842432679,-0.8061524694272539,0.0,0.0,0.0,0.0,0.0,0.0,0.0,0.0,50.0875094212263,11.024086367783184,True,False,False,False,False,0.0,0,0.9249666383598205,1.0332099963605483,False,False,False,False,-0.13691698591191798,-0.1285253902240875,False,False,False,False,-31420.0,-42226.11910338008,False,False,False,False,11264.662107902659,False,False,False,False
2025-06-25 19:00:00+00:00,0.8795,0.8841,0.8709,0.8718,5702.0,,,,,,,,,,,,,,,,,0.8838146764645846,0.8666618925030315,0.9118499168130978,0.9361347496192768,,0.8817706793311106,0.8310449799776717,"rgba(38, 166, 154, 1.0)",0.0,0.0,0.060810299477336016,0.9283509147065111,-0.9299561947986721,0.0,0.0,0.0,0.0,0.0,0.0,0.0,0.0,47.50654639402428,7.906245382861634,True,False,False,True,False,0.0,0,0.9226110772976264,1.034297017650639,False,False,False,False,-0.1509540335119792,-0.13973971186803336,False,False,False,False,-37122.0,-42146.98547387031,False,False,False,False,11178.419284524323,False,False,False,False
2025-06-26 14:00:00+00:00,0.8964,0.9219,0.895,0.9093,10514.0,,,,,,,,,,,,,,,,,0.8879885614146885,0.8682131703753063,0.9117935486719524,0.9358701830058753,,0.8818309121123941,0.831187859546379,"rgba(38, 166, 154, 1.0)",0.0,0.0,0.060067990846415786,0.9283547551350217,-0.3172197848891218,0.0,0.0,0.0,0.0,0.0,0.0,0.0,0.0,51.82316981961518,7.906245382861634,True,False,True,False,False,0.0,0,0.9225787016116884,1.0208766380478989,False,False,False,False,-0.06123539584832601,-0.10048755385817969,False,False,False,False,-26608.0,-41906.07097039945,False,False,False,False,11168.118210345652,False,False,False,False
2025-06-26 15:00:00+00:00,0.9057,0.9215,0.8987,0.9169,22964.0,,,,,,,,,,,,,,,,,0.8945182790180481,0.8715040216287094,0.9118153284095756,0.9353847703064426,,0.881979179159284,0.8315126441331433,"rgba(38, 166, 154, 1.0)",0.0,0.0,0.05902126317105614,0.9284244269826238,-0.19525890100358506,0.0,0.0,0.0,0.0,0.0,0.0,0.0,0.0,55.58190477145196,7.906245382861634,True,False,True,False,True,0.0,0,0.9241366863193359,1.0210263506196606,False,False,False,False,-0.05649243033214849,-0.0784899920951641,False,False,False,False,-3644.0,-41312.8605677576,False,False,False,False,11351.000098557346,False,False,False,False
2025-06-26 16:00:00+00:00,0.9141,0.922,0.9025,0.9196,20158.0,,,,,,,,,,,,,,,,,0.8983601474458254,0.8741565713276085,0.9119084507320439,0.9350164497036538,,0.8821180506025258,0.8318037744311336,"rgba(38, 166, 154, 1.0)",0.0,0.0,0.05790198328614681,0.9284871455123882,-0.15348602945893391,0.0,0.0,0.0,0.0,0.0,0.0,0.0,0.0,58.40775055869602,-1.164741087245531,True,False,True,False,True,0.0,0,0.9370338931667982,1.0171587946401504,False,False,False,False,-0.05031597756626763,-0.06440298483071585,False,False,False,False,16514.0,-40416.320093838876,False,False,False,False,11487.54273268824,False,False,False,False
2025-06-26 17:00:00+00:00,0.9196,0.9196,0.902,0.9097,1831.0,,,,,,,,,,,,,,,,,0.898565358991735,0.8743577926353187,0.9119041379916012,0.9349767532882142,,0.8821289620703074,0.8318287617001952,"rgba(38, 166, 154, 1.0)",0.0,0.0,0.05709800725448467,0.9284798448198981,-0.32890543335771333,0.0,0.0,0.0,0.0,0.0,0.0,0.0,0.0,58.222080070330065,-0.8181372865271257,True,False,True,False,True,0.0,0,0.9438311886320668,1.0110386046227968,False,False,False,False,-0.05448104227052513,-0.059442013550620496,False,False,False,False,14683.0,-39562.0670691282,False,False,False,False,11337.828891871368,False,False,False,False
2025-06-26 18:00:00+00:00,0.9097,0.9547,0.9036,0.9399,9772.0,,,,,,,,,,,,,,,,,0.9014070922166901,0.8760362161022354,0.9122241528599265,0.9349575845596483,,0.8822328232260871,0.8319996069734197,"rgba(38, 166, 154, 1.0)",0.0,0.0,0.056481714716340246,0.9287201253730801,0.19793794652069005,0.0,0.0,0.0,0.0,0.0,0.0,0.0,0.0,61.605059180949425,2.928808152318581,True,False,True,False,True,2.239940650443071,0,0.9391275551675347,0.9978023301321612,False,False,False,False,-0.0018621237399255718,-0.030652068645273034,False,False,False,False,24455.0,-38569.55440138978,False,False,False,False,11313.55247494313,False,False,False,False
2025-06-26 19:00:00+00:00,0.9399,0.9474,0.938,0.9421,5444.0,,,,,,,,,,,,,,,,,0.9032267734404867,0.8770840416741479,0.9124810902082561,0.9349933172281714,,0.8823016542663127,0.8321037382398889,"rgba(38, 166, 154, 1.0)",0.0,0.0,0.055876505562486814,0.9289118835129953,0.23602257074319902,0.0,0.0,0.0,0.0,0.0,0.0,0.0,0.0,64.0717155763652,5.7287873994028615,True,False,True,False,True,2.49838083266836,0,0.9495171334877703,0.9995186377448178,False,False,False,False,0.0369697995517793,0.0031588654532531332,False,False,False,False,29899.0,-37508.02642617443,False,False,False,True,11222.55166137812,False,False,False,False
2025-06-27 14:00:00+00:00,0.9342,0.9675,0.9342,0.9381,20206.0,,,,,,,,,,,,,,,,,0.9093492325963184,0.880926894196396,0.9135229747878671,0.9351938821993405,,0.8825730658781766,0.8325028132159548,"rgba(38, 166, 154, 1.0)",0.0,0.0,0.05558930816247605,0.9307084579605526,0.13296697303451818,0.0,0.0,0.0,0.0,0.0,0.0,0.0,0.0,64.81019229540684,6.940460198686679,True,False,True,False,True,1.991018416190336,0,0.9533313325330134,0.9940576230492199,False,False,False,False,0.06037255251840797,0.03176570898583055,False,False,False,False,9693.0,-36776.22756685389,False,False,False,False,11361.829930193964,False,False,False,False
2025-06-27 15:00:00+00:00,0.9381,0.9596,0.9286,0.9293,18961.0,,,,,,,,,,,,,,,,,0.9128368787501181,0.8837990369701841,0.9142373329728952,0.9352572745840415,,0.88279635110008,0.8328505440544308,"rgba(38, 166, 154, 1.0)",0.0,0.0,0.0554060662109639,0.930967496863705,-0.030095925910996413,0.0,0.0,0.0,0.0,0.0,0.0,0.0,0.0,63.339892203691264,6.940460198686679,True,False,True,False,True,0.8758870019381959,0,0.9559539817720006,0.9897504855819513,False,False,False,False,0.04098631591840375,0.03637601245211715,False,False,False,False,-9268.0,-36349.743418530576,False,False,False,False,11479.646520423514,False,False,False,False
2025-06-27 16:00:00+00:00,0.9291,0.938,0.9268,0.9297,10808.0,,,,,,,,,,,,,,,,,0.9140034182695829,0.8851032776862836,0.9145071600567495,0.9352234083541751,,0.8829056366263618,0.8330335218709468,"rgba(38, 166, 154, 1.0)",0.0,0.0,0.055073632218753346,0.9309764461151768,-0.02317708245765942,0.0,0.0,0.0,0.0,0.0,0.0,0.0,0.0,62.419377951287345,6.940460198686679,True,False,True,False,True,0.9256498329882419,0,0.9545947901591895,1.0039495899662325,False,False,False,False,0.007447907917030113,0.021911960184573632,False,False,False,False,1540.0,-35762.30553607274,False,False,False,False,11469.233396075862,False,False,False,False
2025-06-27 17:00:00+00:00,0.9299,0.9337,0.9054,0.9103,46613.0,,,,,,,,,,,,,,,,,0.9145264491383747,0.8884115714947358,0.9146309125281927,0.9345215486796463,,0.883227310266057,0.8336956525963414,"rgba(38, 166, 154, 1.0)",0.0,0.0,0.05371472266177464,0.9301597381650651,-0.3697261603697725,0.0,0.0,0.0,0.0,0.0,0.0,0.0,0.0,57.80979819465361,6.940460198686679,True,False,True,False,False,0.0,0,0.9494873341375152,1.0003317249698433,False,False,False,False,-0.02937055203866069,-0.0037292959270435293,False,False,False,False,-45073.0,-35906.657388226646,False,False,False,False,12014.097994586313,False,False,False,False
2025-06-27 18:00:00+00:00,0.9103,0.9161,0.89,0.8964,33707.0,,,,,,,,,,,,,,,,,0.9127038113628764,0.8892919171700565,0.9140283128244929,0.933634007107969,,0.8833484969246226,0.8340787412772798,"rgba(38, 166, 154, 1.0)",0.0,0.0,0.05273976737779371,0.9291219609619684,-0.6204418902262007,0.0,0.0,0.0,0.0,0.0,0.0,0.0,0.0,52.50860875108809,9.43608516572575,True,False,False,False,False,0.0,0,0.9450082818852583,1.0038849570847763,False,False,False,False,-0.07677822579794365,-0.04025376086249359,False,False,False,False,-78780.0,-36571.36037445569,False,False,False,False,12350.42205668575,False,False,False,False
2025-06-27 19:00:00+00:00,0.8959,0.9101,0.8958,0.9055,12074.0,,,,,,,,,,,,,,,,,0.9122986045150039,0.8896511066273243,0.9138707624496878,0.9333550906980576,,0.8833987983582922,0.8342209553315673,"rgba(38, 166, 154, 1.0)",0.0,0.0,0.05175778916008165,0.9288501908284248,-0.45114351303153666,0.0,0.0,0.0,0.0,0.0,0.0,0.0,0.0,50.75597829831456,7.69138980612324,True,False,False,False,False,0.0,0,0.9507795503988398,1.0032028039642251,False,False,False,False,-0.07706638233957,-0.058660071601031795,False,False,False,False,-66706.0,-37038.5640895804,False,False,False,False,12346.136443403799,False,False,False,False
2025-06-30 14:00:00+00:00,0.9098,0.9128,0.8687,0.8687,45806.0,,,,,,,,,,,,,,,,,0.9080437992718637,0.8891143791780775,0.9121884563695294,0.9316439849576267,,0.8833988094671069,0.8345985977729999,"rgba(239, 83, 80, 1.0)",0.0,0.0,0.051066428491912765,0.9269032363306964,-1.1397553745101603,0.0,0.0,0.0,0.0,0.0,0.0,0.0,0.0,44.94046389048756,2.185088838396041,False,False,False,True,False,0.0,0,0.9471918526284259,0.9952673356297739,False,False,False,False,-0.11233218981360361,-0.08549613070731771,False,False,False,False,-112512.0,-38208.69487888923,False,False,False,False,12864.89401792467,False,False,False,False
2025-06-30 15:00:00+00:00,0.8859,0.9137,0.8639,0.9062,29337.0,,,,,,,,,,,,,,,,,0.9068853337680508,0.8894003141882809,0.9115877651635977,0.9308487715000296,,0.8834647399761284,0.8348922442455917,"rgba(239, 83, 80, 1.0)",0.0,0.0,0.05029536353177607,0.9261825319668626,-0.3973036590984747,0.0,0.0,0.0,0.0,0.0,0.0,0.0,0.0,46.682183165326684,2.185088838396041,False,False,False,True,False,0.0,0,0.9472778519507492,0.9948078920041538,False,False,False,False,-0.11799255023605046,-0.10174434047168408,False,False,False,False,-83175.0,-38905.84689627079,False,False,False,False,13120.275506018861,False,False,False,False
2025-06-30 16:00:00+00:00,0.9062,0.9137,0.8871,0.8892,12317.0,,,,,,,,,,,,,,,,,0.9065285459565493,0.8895559270766865,0.9113768389541479,0.9305434499709799,,0.8834972844225036,0.8350189131121445,"rgba(239, 83, 80, 1.0)",0.0,0.0,0.049353075682068606,0.9259247111730362,-0.7441220362762389,0.0,0.0,0.0,0.0,0.0,0.0,0.0,0.0,45.933945739753945,2.185088838396041,False,False,False,True,False,0.0,0,0.9517635786574047,1.011886939337685,False,False,False,False,-0.08441882464943937,-0.09308158256056173,False,False,False,False,-95492.0,-39783.15159555341,False,False,False,False,13107.821622204616,False,False,False,False
2025-06-30 17:00:00+00:00,0.8892,0.9126,0.887,0.8892,12750.0,,,,,,,,,,,,,,,,,0.9061705910516035,0.8897014670470081,0.9111589198003919,0.9302294231079217,,0.8835297862578332,0.8351486417164408,"rgba(239, 83, 80, 1.0)",0.0,0.0,0.04792038679175052,0.9256614751982296,-0.7608760621378468,0.0,0.0,0.0,0.0,0.0,0.0,0.0,0.0,45.43512078937212,2.185088838396041,False,False,False,True,False,0.0,0,0.9434766938971649,1.0172993753003365,False,False,False,False,-0.08615010588446696,-0.08961584422251434,False,False,False,False,-95492.0,-40646.85467159134,False,False,False,False,13102.274000154932,False,False,False,False
2025-06-30 18:00:00+00:00,0.8892,0.9134,0.8866,0.8974,8326.0,,,,,,,,,,,,,,,,,0.9060138620208786,0.8898331799221428,0.911046721186864,0.9300444927295032,,0.8835556782997878,0.8352370204149032,"rgba(239, 83, 80, 1.0)",0.0,0.0,0.04631652723916376,0.9255175353066303,-0.6070734785758078,0.0,0.0,0.0,0.0,0.0,0.0,0.0,0.0,46.30947840514282,2.185088838396041,False,False,False,True,False,0.0,0,0.945745098631544,1.017551279340241,False,False,False,False,-0.08557295540555299,-0.08759439981403366,False,False,False,False,-87166.0,-41368.081730946506,False,False,False,False,13028.223240462608,False,False,False,False
2025-06-30 19:00:00+00:00,0.8974,0.9108,0.877,0.8883,25378.0,,,,,,,,,,,,,,,,,0.9051251388116553,0.8899230057952877,0.9105209660600871,0.9293677358658672,,0.8835983410298895,0.8354751361332123,"rgba(239, 83, 80, 1.0)",0.0,0.0,0.04496710910100402,0.9249255307492478,-0.8144960056689529,0.0,0.0,0.0,0.0,0.0,0.0,0.0,0.0,45.68715179973982,1.6481288475900158,False,False,False,True,False,0.0,0,0.9400746807998073,1.0144543483497952,False,False,False,False,-0.10320349137510669,-0.09539894559457018,False,False,False,False,-112544.0,-42471.58433976904,False,False,False,False,13219.692647587219,False,False,False,False
2025-07-01 14:00:00+00:00,0.8653,0.8793,0.846,0.8525,26869.0,,,,,,,,,,,,,,,,,0.9022333356802499,0.8886527693047903,0.9090631041379522,0.9280707657320808,,0.883469388099544,0.8355802744326838,"rgba(239, 83, 80, 1.0)",0.0,0.0,0.044285863280364976,0.9235453526087977,-1.604244500305293,0.0,0.0,0.0,0.0,0.0,0.0,0.0,0.0,41.57166864651467,-2.5843223335300394,False,True,False,True,False,0.0,0,0.9260352383507736,1.0194973615955638,False,False,False,False,-0.194783409178407,-0.14509117738648858,False,False,False,False,-139413.0,-43974.55202442378,False,False,False,False,13431.30981584168,False,False,False,False
2025-07-01 15:00:00+00:00,0.8525,0.864,0.8325,0.8467,32877.0,,,,,,,,,,,,,,,,,0.8983293672616246,0.8866782743786905,0.9070003850239299,0.9262923149263512,,0.8832391382996249,0.8356456360545689,"rgba(239, 83, 80, 1.0)",0.0,0.0,0.04389575111290901,0.9174336351464488,-1.6114004967019968,0.0,0.0,0.0,0.0,0.0,0.0,0.0,0.0,38.34405317615216,-5.797796155507243,False,True,False,True,False,0.0,0,0.9225613192158257,1.0253581279473263,False,False,False,False,-0.23800109397683233,-0.19154613568166046,False,False,False,False,-172290.0,-45963.93881474278,False,False,False,False,13732.79338458832,False,False,False,False
2025-07-01 16:00:00+00:00,0.8467,0.8916,0.8418,0.8438,9808.0,,,,,,,,,,,,,,,,,0.8975078905490042,0.8862864430011195,0.906524214703125,0.925851264244335,,0.8831927649971253,0.8356831536719925,"rgba(239, 83, 80, 1.0)",0.0,0.0,0.043474613571898565,0.9171334628842652,-1.686811149292585,0.0,0.0,0.0,0.0,0.0,0.0,0.0,0.0,35.938161999904985,-8.188373585896727,False,True,False,True,False,0.0,0,0.9325399198612523,1.013127205310687,False,False,False,False,-0.18276336180759992,-0.18715474874463017,False,False,False,False,-182098.0,-48074.54441451421,False,False,False,False,13671.94387474974,False,False,False,False
2025-07-01 17:00:00+00:00,0.8571,0.8631,0.8417,0.8522,6801.0,,,,,,,,,,,,,,,,,0.8968618707380718,0.885955596325631,0.90615348410594,0.9255183228211668,,0.8831517682062056,0.8357016275622661,"rgba(239, 83, 80, 1.0)",0.0,0.0,0.0435222921859338,0.9168167559926308,-1.4846818204468253,0.0,0.0,0.0,0.0,0.0,0.0,0.0,0.0,35.9936340848588,-8.352492071666546,False,True,False,True,False,0.0,0,0.9301088126270477,1.0223603969867272,False,False,False,False,-0.2254630469524494,-0.20630889784853979,False,False,False,False,-175297.0,-50046.98558638221,False,False,False,False,13565.417613125714,False,False,False,False
2025-07-01 18:00:00+00:00,0.8416,0.8565,0.8383,0.8464,10927.0,,,,,,,,,,,,,,,,,0.8957434581558766,0.8853561437612533,0.9055110871985602,0.9249516188166819,,0.8830749096824119,0.8357218514678832,"rgba(239, 83, 80, 1.0)",0.0,0.0,0.043135111427217966,0.9162179472613072,-1.6185873862667834,0.0,0.0,0.0,0.0,0.0,0.0,0.0,0.0,35.3908253854286,-9.261712820155836,False,True,False,True,False,0.0,0,0.9296795751536487,1.0212124828450384,False,False,False,False,-0.24057809228034277,-0.22344349506444128,False,False,False,False,-186224.0,-52158.257127678604,False,False,False,False,13524.511913697406,False,False,False,False
2025-07-01 19:00:00+00:00,0.838,0.8633,0.836,0.8633,9149.0,,,,,,,,,,,,,,,,,0.8949766291471384,0.8849591570709407,0.9050482148491423,0.9245262707743579,,0.8830235072564213,0.835749341715107,"rgba(239, 83, 80, 1.0)",0.0,0.0,0.042551431180351186,0.9158345469550453,-1.2346129259996317,0.0,0.0,0.0,0.0,0.0,0.0,0.0,0.0,38.24465176748114,-9.261712820155836,False,True,False,True,True,0.0,0,0.9374962617381422,1.0176445959686584,False,False,False,False,-0.23376336315336846,-0.22860342910890485,False,False,False,False,-177075.0,-54094.950815621574,False,False,False,False,13456.674519686592,False,False,False,False
2025-07-02 14:00:00+00:00,0.868,0.8903,0.8656,0.8871,21100.0,,,,,,,,,,,,,,,,,0.8944059370079449,0.8848461344088351,0.904558098618758,0.9239310360561216,,0.8830152336052524,0.8359040688125499,"rgba(239, 83, 80, 1.0)",0.0,0.0,0.04163183306467526,0.9157135765351176,-0.6873004244292178,0.0,0.0,0.0,0.0,0.0,0.0,0.0,0.0,43.703622437984706,-11.776446679753903,False,True,False,True,True,0.0,0,0.9468250179040344,1.0045058486512293,False,False,False,False,-0.149635633464041,-0.1891195312864729,False,False,False,False,-155975.0,-55674.48646189101,False,False,False,False,13575.17568992401,False,False,False,False
2025-07-02 15:00:00+00:00,0.8871,0.8898,0.8735,0.8857,8222.0,,,,,,,,,,,,,,,,,0.8942273006651109,0.8848258240895609,0.9043882404970859,0.9237140776842986,,0.8830152093727222,0.8359667362031004,"rgba(239, 83, 80, 1.0)",0.0,0.0,0.04123234394729517,0.9156512482129496,-0.726401784270001,0.0,0.0,0.0,0.0,0.0,0.0,0.0,0.0,47.11642684122741,-8.650345147832944,False,False,False,False,True,0.0,0,0.947546278297796,1.0073865845270493,False,False,False,False,-0.1388145801738753,-0.16396705573017412,False,False,False,False,-164197.0,-57357.00605162913,False,False,False,False,13492.180717987203,False,False,False,False
2025-07-02 16:00:00+00:00,0.8866,0.89,0.8698,0.8878,6253.0,,,,,,,,,,,,,,,,,0.8940896528420941,0.8848068022110669,0.9042580614258612,0.9235487362829871,,0.8830146271123052,0.8360138127294297,"rgba(239, 83, 80, 1.0)",0.0,0.0,0.04072065460810238,0.9155907027163928,-0.6824719048318805,0.0,0.0,0.0,0.0,0.0,0.0,0.0,0.0,49.70731012982253,-6.271369146180838,False,False,False,False,True,0.0,0,0.9400502389413062,1.0286423232447006,False,False,False,False,-0.14392846828787212,-0.1539477620090231,False,False,False,False,-157944.0,-58916.49432989844,False,False,False,False,13379.945358018409,False,False,False,False
2025-07-02 17:00:00+00:00,0.8878,0.904,0.8734,0.904,3079.0,,,,,,,,,,,,,,,,,0.8940879836872808,0.8848433962571683,0.9042274775356635,0.9234900388042495,,0.8830210403899188,0.8360425641343859,"rgba(239, 83, 80, 1.0)",0.0,0.0,0.04000853953891209,0.9156010608913757,-0.28996461818089014,0.0,0.0,0.0,0.0,0.0,0.0,0.0,0.0,53.711561584029,-2.5640163299984167,False,False,True,False,True,0.0,0,0.930771586037967,1.0246478873239437,False,False,False,False,-0.11828302504545789,-0.1361153935272405,False,False,False,False,-154865.0,-60404.06806121785,False,False,False,False,13220.240778824324,False,False,False,False
2025-07-02 18:00:00+00:00,0.904,0.904,0.8744,0.8744,5925.0,,,,,,,,,,,,,,,,,0.8939802682921412,0.8848389154134,0.9041157754671498,0.9233416747584331,,0.8830224640773194,0.8360886918807141,"rgba(239, 83, 80, 1.0)",0.0,0.0,0.0392492268587505,0.9155466298424985,-1.048342429535653,0.0,0.0,0.0,0.0,0.0,0.0,0.0,0.0,51.49740180314595,-2.5640163299984167,False,False,True,False,True,0.0,0,0.928691147341155,1.0227030321499315,False,False,False,False,-0.11683084866965465,-0.12647312109844758,False,False,False,False,-160790.0,-61960.439099028416,False,False,False,False,13107.136270625497,False,False,False,False
2025-07-02 19:00:00+00:00,0.8744,0.9046,0.8742,0.89,3142.0,,,,,,,,,,,,,,,,,0.8939549398756657,0.8848584509632618,0.9040728263527451,0.9232741290226256,,0.8830264483108737,0.8361158213463447,"rgba(239, 83, 80, 1.0)",0.0,0.0,0.0382814041370396,0.915535647190562,-0.6670509550576987,0.0,0.0,0.0,0.0,0.0,0.0,0.0,0.0,52.198134054080086,-2.5640163299984167,False,False,True,False,True,0.0,0,0.9277823178667636,1.0218529616513816,False,False,False,False,-0.11625011577525779,-0.12136161843685268,False,False,False,False,-157648.0,-63443.96717501247,False,False,False,False,12952.638033871614,False,False,False,False
2025-07-03 14:00:00+00:00,0.8874,0.9067,0.8839,0.8979,13698.0,,,,,,,,,,,,,,,,,0.8940093246474422,0.8850571815231397,0.9039721414676883,0.9230395995907985,,0.8830610573672218,0.8362482576120563,"rgba(239, 83, 80, 1.0)",0.0,0.0,0.03758486747434013,0.9143067397923617,-0.43652514681773996,0.0,0.0,0.0,0.0,0.0,0.0,0.0,0.0,53.68105133764817,-2.5102587023628473,False,False,True,False,True,0.0,0,0.9314899506559153,1.0192562281863042,False,False,False,False,-0.09915187648266152,-0.11025674745975711,False,False,False,False,-143950.0,-64692.12272268669,False,False,False,False,12964.194033346472,False,False,False,False
2025-07-03 15:00:00+00:00,0.8979,0.9067,0.8909,0.9018,19514.0,,,,,,,,,,,,,,,,,0.894205304499242,0.8854172633791472,0.9038977987452972,0.9227566518859226,,0.8831236290538446,0.8364472983988022,"rgba(239, 83, 80, 1.0)",0.0,0.0,0.03677527361625192,0.9130574592008001,-0.3061148998718818,0.0,0.0,0.0,0.0,0.0,0.0,0.0,0.0,55.178199676407175,-0.8127915054288266,True,False,True,False,True,0.0,0,0.9368880855550534,1.020967013104383,False,False,False,False,-0.08903672501308965,-0.09964673623642338,False,False,False,False,-124436.0,-65618.38438590085,False,False,False,False,13065.741412674433,False,False,False,False
2025-07-03 16:00:00+00:00,0.9018,0.9052,0.8693,0.8929,7829.0,,,,,,,,,,,,,,,,,0.8941373588403216,0.8854533237067062,0.9037929982175271,0.9225932105625887,,0.8831326284237552,0.8365134171681934,"rgba(239, 83, 80, 1.0)",0.0,0.0,0.035993905490139234,0.9127544718823744,-0.5516064903769219,0.0,0.0,0.0,0.0,0.0,0.0,0.0,0.0,54.569601417926776,-0.8127915054288266,True,False,True,False,True,0.0,0,0.9275034398410028,1.0434490139122459,False,False,False,False,-0.12249716844163257,-0.11107195233902797,False,False,False,False,-132265.0,-66651.66524813494,False,False,False,False,12984.551623330644,False,False,False,False
2025-07-03 17:00:00+00:00,0.8929,0.8929,0.8929,0.8929,0.0,,,,,,,,,,,,,,,,,0.8941373588403216,0.8854533237067062,0.9037929982175271,0.9225932105625887,,0.8831326284237552,0.8365134171681934,"rgba(239, 83, 80, 1.0)",0.0,0.0,0.03505306530658949,0.9127544718823744,-0.5664118589549416,0.0,0.0,0.0,0.0,0.0,0.0,0.0,0.0,54.163869245606506,-0.8127915054288266,True,False,True,False,True,0.0,0,0.9215463156599827,1.0399803173822117,False,False,False,False,-0.10609956285872249,-0.10858575759887523,False,False,False,False,-132265.0,-67668.92625203983,False,False,False,False,12783.24074544955,False,False,False,False
2025-07-03 18:00:00+00:00,0.8929,0.8929,0.8929,0.8929,0.0,,,,,,,,,,,,,,,,,0.8941373588403216,0.8854533237067062,0.9037929982175271,0.9225932105625887,,0.8831326284237552,0.8365134171681934,"rgba(239, 83, 80, 1.0)",0.0,0.0,0.03399507452400318,0.9127544718823744,-0.584039663403459,0.0,0.0,0.0,0.0,0.0,0.0,0.0,0.0,53.893381130726326,-0.8127915054288266,True,False,True,False,True,0.0,0,0.9210200927357032,1.039598145285935,False,False,False,False,-0.10609956285872249,-0.10734266022879886,False,False,False,False,-132265.0,-68670.41576751208,False,False,False,False,12585.050966450332,False,False,False,False
2025-07-03 19:00:00+00:00,0.8929,0.8929,0.8929,0.8929,0.0,,,,,,,,,,,,,,,,,0.8941373588403216,0.8854533237067062,0.9037929982175271,0.9225932105625887,,0.8831326284237552,0.8365134171681934,"rgba(239, 83, 80, 1.0)",0.0,0.0,0.03332424380576191,0.9127544718823744,-0.5957966217658448,0.0,0.0,0.0,0.0,0.0,0.0,0.0,0.0,53.71305572080621,-0.7052724637457999,True,False,True,False,True,0.0,0,0.9209011419858729,1.0409185673833898,False,False,False,False,-0.10609956285872249,-0.10672111154376068,False,False,False,False,-132265.0,-69656.37831375221,False,False,False,False,12389.93389720304,False,False,False,False
2025-07-04 14:00:00+00:00,0.8929,0.8929,0.8929,0.8929,0.0,,,,,,,,,,,,,,,,,0.8941373588403216,0.8854533237067062,0.9037929982175271,0.9225932105625887,,0.8831326284237552,0.8365134171681934,"rgba(239, 83, 80, 1.0)",0.0,0.0,0.03298410165765921,0.9127544718823744,-0.6019406588193054,0.0,0.0,0.0,0.0,0.0,0.0,0.0,0.0,53.592838780859466,-0.37139761614828615,True,False,True,False,True,0.0,1,0.9206085840403218,1.040384434774442,False,False,False,False,-0.10609956285872249,-0.10641033720124159,False,False,False,False,-132265.0,-70627.05461896535,False,False,False,False,12197.84189879679,False,False,False,False
2025-07-04 15:00:00+00:00,0.8929,0.8929,0.8929,0.8929,0.0,,,,,,,,,,,,,,,,,0.8941373588403216,0.8854533237067062,0.9037929982175271,0.9225932105625887,,0.8831326284237552,0.8365134171681934,"rgba(239, 83, 80, 1.0)",0.0,0.0,0.03263153744518743,0.9127544718823744,-0.6084442670139192,0.0,0.0,0.0,0.0,0.0,0.0,0.0,0.0,53.5126941542283,-0.010368505533932648,True,False,True,False,True,0.0,1,0.9195887991927346,1.0422868314833502,False,False,False,False,-0.10609956285872249,-0.10625495002998203,False,False,False,False,-132265.0,-71582.68167913644,False,False,False,False,12008.728070908468,False,False,False,False
2025-07-04 16:00:00+00:00,0.8929,0.8929,0.8929,0.8929,0.0,,,,,,,,,,,,,,,,,0.8941373588403216,0.8854533237067062,0.9037929982175271,0.9225932105625887,,0.8831326284237552,0.8365134171681934,"rgba(239, 83, 80, 1.0)",0.0,0.0,0.032435721771643666,0.9127544718823744,-0.6121174679618732,0.0,0.0,0.0,0.0,0.0,0.0,0.0,0.0,53.459264403140864,0.35413246649751073,True,False,True,False,True,0.0,1,0.9145230353176009,1.0600753356298895,False,False,False,False,-0.10609956285872249,-0.10617725644435226,False,False,False,False,-132265.0,-72523.49281589402,False,False,False,False,11822.546240351747,False,False,False,False
2025-07-04 17:00:00+00:00,0.8929,0.8929,0.8929,0.8929,0.0,,,,,,,,,,,,,,,,,0.8941373588403216,0.8854533237067062,0.9037929982175271,0.9225932105625887,,0.8831326284237552,0.8365134171681934,"rgba(239, 83, 80, 1.0)",0.0,0.0,0.03195417366190284,0.9127544718823744,-0.6213420535435623,0.0,0.0,0.0,0.0,0.0,0.0,0.0,0.0,53.42364456908257,0.7066315892951991,True,False,True,False,True,0.0,1,0.8996802428862118,1.0570395013080973,False,False,False,False,-0.10609956285872249,-0.10613840965153737,False,False,False,False,-132265.0,-73449.71773347705,False,False,False,False,11639.250949803658,False,False,False,False
2025-07-04 18:00:00+00:00,0.8929,0.8929,0.8929,0.8929,0.0,,,,,,,,,,,,,,,,,0.8941373588403216,0.8854533237067062,0.9037929982175271,0.9225932105625887,,0.8831326284237552,0.8365134171681934,"rgba(239, 83, 80, 1.0)",0.0,0.0,0.03160520729133978,0.9127544718823744,-0.6282025521729356,0.0,0.0,0.0,0.0,0.0,0.0,0.0,0.0,53.39989801304371,1.03758702923178,True,False,True,False,True,0.0,1,0.909937279498236,1.0544231020514832,False,False,False,False,-0.10609956285872249,-0.10611898625512993,False,False,False,False,-132265.0,-74361.5825748185,False,False,False,False,11458.797446705927,False,False,False,False
2025-07-04 19:00:00+00:00,0.8929,0.8929,0.8929,0.8929,0.0,,,,,,,,,,,,,,,,,0.8941373588403216,0.8854533237067062,0.9037929982175271,0.9225932105625887,,0.8831326284237552,0.8365134171681934,"rgba(239, 83, 80, 1.0)",0.0,0.0,0.03137437882807364,0.9127544718823744,-0.6328243816769574,0.0,0.0,0.0,0.0,0.0,0.0,0.0,0.0,53.38406697568446,1.341674604913365,True,False,True,False,True,0.0,1,0.9091328565307669,1.0523384199597905,False,False,False,False,-0.10609956285872249,-0.1061092745569262,False,False,False,False,-132265.0,-75259.30997675931,False,False,False,False,11281.141672338392,False,False,False,False
2025-07-07 14:00:00+00:00,0.8198,0.8527,0.7901,0.8525,11338.0,,,,,,,,,,,,,,,,0.8317666666666668,0.8929503586777293,0.8847093089345435,0.9030601304555926,0.9219582925177113,0.8317666666666668,0.8830214747624079,0.8365048058978383,"rgba(239, 83, 80, 1.0)",0.0,0.0,0.031487628801930984,0.9054625682968596,-1.6820119619045937,1.0,0.8527,0.7901,0.0,0.0,0.0,0.0,0.0,43.595238937661485,-3.669929494942103,False,True,False,True,False,0.0,0,0.896785977505047,1.0422020700483867,True,False,False,False,-0.32112172847280246,-0.21361550151486433,False,False,False,False,-143603.0,-76318.90207014288,False,False,False,False,11282.02319679826,False,False,False,False
2025-07-07 15:00:00+00:00,0.8451,0.8525,0.8306,0.8421,10398.0,,,,,,,,,,,,,,,,0.8365344896331739,0.8920717745798213,0.8841699605081798,0.9024931551106758,0.9214472554297771,0.8365344896331739,0.8829396987332592,0.8365134903338681,"rgba(239, 83, 80, 1.0)",0.0,0.0,0.03117273051769047,0.9044483997943719,-2.000094273390305,0.0,0.0,0.0,0.0,0.0,0.0,0.0,0.0,35.96966138827634,-10.199181466244376,False,True,False,True,False,0.0,0,0.9207044203341812,1.037635620231158,False,False,False,False,-0.2584011985646546,-0.23600835003975945,False,False,False,False,-154001.0,-77523.2756814585,False,False,False,False,11268.317410801388,False,False,False,False
2025-07-07 16:00:00+00:00,0.8421,0.8544,0.8342,0.8421,4852.0,,,,,,,,,,,,,,,,0.8378177799508549,0.8916865935191807,0.8839335645609396,0.9022400354418427,0.9212164456970062,0.8378177799508549,0.8829033432995941,0.8365189527084387,"rgba(239, 83, 80, 1.0)",0.0,0.0,0.031385485943801285,0.904043261389926,-1.9736276029258029,0.0,0.0,0.0,0.0,0.0,0.0,0.0,0.0,30.885943022019582,-14.226125911721603,False,True,False,True,False,0.0,0,0.9163919688342824,1.0642959411314221,False,False,False,False,-0.2500034568871966,-0.24300590346347803,False,False,False,False,-154001.0,-78708.97683368395,False,False,False,False,11168.839621486637,False,False,False,False
2025-07-07 17:00:00+00:00,0.8349,0.8534,0.8345,0.8421,6097.0,,,,,,,,,,,,,,,,0.8388466411707715,0.8912088592340517,0.8836386902528367,0.9019237803354976,0.92092747803421,0.8388466411707715,0.8828574838944809,0.8365255778640994,"rgba(239, 83, 80, 1.0)",0.0,0.0,0.03156368034811109,0.903555415838613,-1.947029470607688,0.0,0.0,0.0,0.0,0.0,0.0,0.0,0.0,27.496797444515074,-16.79553886482711,False,True,False,True,False,0.0,0,0.9160417782538831,1.0599558114622387,False,False,False,False,-0.2510703206606931,-0.2470381120620856,False,False,False,False,-154001.0,-79876.295022309,False,False,True,False,11090.206449060488,False,False,True,False
2025-07-07 18:00:00+00:00,0.8421,0.8537,0.8344,0.8421,5204.0,,,,,,,,,,,,,,,,0.8394720384984208,0.8908090589701066,0.8833907828891213,0.901656823692723,0.9206827354589694,0.8394720384984208,0.8828184911910237,0.8365312777576673,"rgba(239, 83, 80, 1.0)",0.0,0.0,0.03170789642180808,0.9031649163028129,-1.925858325335442,0.0,0.0,0.0,0.0,0.0,0.0,0.0,0.0,25.237367059512067,-18.532703879340765,False,True,False,True,False,0.0,0,0.9159886154361292,1.0548468106479156,False,False,False,False,-0.25076544541056484,-0.2489017787363252,False,False,False,False,-154001.0,-81025.51525452126,False,False,True,False,10998.947434346372,False,False,True,False
2025-07-07 19:00:00+00:00,0.8421,0.8566,0.8362,0.8509,7459.0,,,,,,,,,,,,,,,,0.8408582995207432,0.8903008381459903,0.8830801222337228,0.9013076391102288,0.9203548932186268,0.8408582995207432,0.8827691013040261,0.8365447726586382,"rgba(239, 83, 80, 1.0)",0.0,0.0,0.03168126669595254,0.9027493746916363,-1.636594116934736,0.0,0.0,0.0,0.0,0.0,0.0,0.0,0.0,27.878940633029508,-18.532703879340765,False,True,False,True,True,0.0,0,0.9132545448458267,1.0572165121028492,False,False,False,False,-0.24361387666335851,-0.24625782769984186,False,False,False,False,-146542.0,-82041.27470793953,False,False,False,False,10944.064528387513,False,False,False,False
2025-07-08 14:00:00+00:00,0.899,0.9019,0.8655,0.8902,13596.0,,,,,,,,,,,,,,,,0.8512399118937748,0.8902071315289493,0.8831238837795444,0.9011269571434065,0.9200740352497562,0.8512399118937748,0.8827770668462238,0.8366512579664508,"rgba(38, 166, 154, 1.0)",0.0,0.0,0.03142597640159179,0.9012048832307403,-0.3501842899042881,0.0,0.0,0.0,0.0,0.0,0.0,0.0,0.0,39.4627497949254,-18.235099071195936,False,True,False,True,True,0.0,0,0.9174964438122333,1.0426080915676998,False,False,False,False,-0.13283316755627264,-0.18954549762805725,False,False,False,False,-132946.0,-82830.49525510326,False,False,False,False,10985.179807017163,False,False,False,False
2025-07-08 15:00:00+00:00,0.8902,0.9,0.8669,0.8858,18119.0,,,,,,,,,,,,,,,,0.8589973026398315,0.8900434991035227,0.8831466275123429,0.9008675596138501,0.9196892418840443,0.8589973026398315,0.8827820404707029,0.8367877692745609,"rgba(38, 166, 154, 1.0)",0.0,0.0,0.031153430421506343,0.9016563246424887,-0.508975237331888,0.0,0.0,0.0,0.0,0.0,0.0,0.0,0.0,46.086949223265165,-12.681379885736575,False,False,False,False,True,0.0,0,0.9196959682749505,1.0464970257766029,False,False,False,False,-0.13356209400016977,-0.1615537958141135,False,False,False,False,-151065.0,-83888.39455347376,False,False,False,False,11095.78167047426,False,False,False,False
2025-07-08 16:00:00+00:00,0.8859,0.8972,0.8859,0.8938,14272.0,,,,,,,,,,,,,,,,0.8642011795405193,0.890091156936737,0.8832920826907912,0.900765176194308,0.9194595612223412,0.8642011795405193,0.8828075768803797,0.8369129346523876,"rgba(38, 166, 154, 1.0)",0.0,0.0,0.030899490826451208,0.9022430768844378,-0.27324323665586686,0.0,0.0,0.0,0.0,0.0,0.0,0.0,0.0,51.820036960705146,-7.855975113123982,True,False,True,False,True,0.0,0,0.922158675267673,1.0510075147968345,False,False,False,False,-0.11001208300697848,-0.13578293941054598,False,False,False,False,-136793.0,-84708.62099450517,False,False,False,False,11145.025365505668,False,False,False,False
2025-07-08 17:00:00+00:00,0.8938,0.9,0.891,0.9,12700.0,,,,,,,,,,,,,,,,0.8682050726518319,0.8902186059989833,0.8834832177055602,0.9007255590803733,0.919293206230711,0.8682050726518319,0.8828413799231937,0.8370332510785727,"rgba(38, 166, 154, 1.0)",0.0,0.0,0.030924495378502535,0.9027791359945306,-0.08986843473159974,0.0,0.0,0.0,0.0,0.0,0.0,0.0,0.0,56.59780076133638,-3.7498643070922384,True,False,True,False,True,0.3568152725253917,0,0.9284615898910209,1.0436584876646386,False,False,False,False,-0.09857334220273295,-0.11717814080663946,False,False,False,False,-124093.0,-85319.23152172213,False,False,False,False,11169.133499373796,False,False,False,False
2025-07-08 18:00:00+00:00,0.9,0.9,0.8894,0.8894,4553.0,,,,,,,,,,,,,,,,0.8692419070247173,0.8902364416411859,0.8835302216497813,0.9006962759275308,0.9192233958321939,0.8692419070247173,0.8828499898158594,0.8370733505508003,"rgba(38, 166, 154, 1.0)",0.0,0.0,0.03089953887525368,0.902887816607525,-0.436505433365123,0.0,0.0,0.0,0.0,0.0,0.0,0.0,0.0,56.90333682889248,-3.4908331600982763,True,False,True,False,True,0.0,0,0.9262700534759357,1.040307486631016,False,False,False,False,-0.1008878778994034,-0.10903300935302143,False,False,False,False,-128646.0,-85990.9643663466,False,False,False,False,11066.55778620521,False,False,False,False
2025-07-08 19:00:00+00:00,0.8697,0.8895,0.8671,0.8865,8392.0,,,,,,,,,,,,,,,,0.870087809312133,0.890126328958718,0.8835075386369625,0.9005610142394747,0.9190378803367346,0.870087809312133,0.8828471376107921,0.8371313972738824,"rgba(38, 166, 154, 1.0)",0.0,0.0,0.03069134555363293,0.9028076566798653,-0.5313438164960155,0.0,0.0,0.0,0.0,0.0,0.0,0.0,0.0,56.366239808463796,-3.4908331600982763,True,False,True,False,True,0.0,0,0.9174876847290642,1.0453002263347093,False,False,False,False,-0.14861056829004232,-0.1288217888215319,False,False,False,False,-137038.0,-86782.3912753955,False,False,False,False,11025.091774015982,False,False,False,False
2025-07-09 14:00:00+00:00,0.8915,0.8949,0.8493,0.8679,22268.0,,,,,,,,,,,,,,,,0.8701857084721744,0.8895285569387962,0.8832060726595199,0.9000257222477144,0.9184227445816886,0.8701857084721744,0.8827967420720457,0.8372486033660297,"rgba(38, 166, 154, 1.0)",0.0,0.0,0.030433774327553138,0.9020934973139653,-1.1235378479825378,0.0,0.0,0.0,0.0,0.0,0.0,0.0,0.0,51.98988056386919,-3.4908331600982763,True,False,False,False,False,0.0,0,0.9093092105263157,1.046282894736842,False,False,False,False,-0.16681688381677642,-0.14781933631915417,False,False,False,False,-159306.0,-87906.78830988548,False,False,False,False,11199.4004286824,False,False,False,False
2025-07-09 15:00:00+00:00,0.8679,0.8882,0.8607,0.868,5172.0,,,,,,,,,,,,,,,,0.8702614259336195,0.8894062986821434,0.8831467732326898,0.8999107635298035,0.9182868212336869,0.8702614259336195,0.8827866371797986,0.8372770052732252,"rgba(38, 166, 154, 1.0)",0.0,0.0,0.030108113000802326,0.9019634508388347,-1.1280497996646157,0.0,0.0,0.0,0.0,0.0,0.0,0.0,0.0,49.097225578612154,-3.4908331600982763,True,False,False,False,False,0.0,0,0.9099917965545529,1.0549302707136996,False,False,False,False,-0.15600502441237943,-0.1519121803657668,False,False,False,False,-154134.0,-88933.56678570122,False,False,False,False,11105.952360020658,False,False,False,False
2025-07-09 16:00:00+00:00,0.8675,0.8928,0.8655,0.8815,1557.0,,,,,,,,,,,,,,,,0.8703645871153218,0.8893861048587608,0.8831415218691105,0.8998858585033643,0.9182528251602887,0.8703645871153218,0.8827858105150159,0.8372874080628219,"rgba(38, 166, 154, 1.0)",0.0,0.0,0.029669175923854287,0.9019504293440672,-0.689282014321973,0.0,0.0,0.0,0.0,0.0,0.0,0.0,0.0,50.31827149761741,-3.4908331600982763,True,False,False,False,False,0.0,0,0.922602151957225,1.0504323717737143,False,False,False,False,-0.14193493579290545,-0.14692355807933613,False,False,False,False,-152577.0,-89920.28668049655,False,False,False,False,10957.906586997082,False,False,False,False
2025-07-09 17:00:00+00:00,0.8876,0.8934,0.8801,0.8876,2955.0,,,,,,,,,,,,,,,,0.8706953162069491,0.8893766244356356,0.8831535549737967,0.8998555211010943,0.9182003941032467,0.8706953162069491,0.8827881447645097,0.8373104220447796,"rgba(38, 166, 154, 1.0)",0.0,0.0,0.02891303499796259,0.9019695221342603,-0.4969911368790209,0.0,0.0,0.0,0.0,0.0,0.0,0.0,0.0,52.36223799216291,-3.4908331600982763,True,False,True,False,False,0.0,0,0.9334354500349639,1.0423562318937099,False,False,False,False,-0.11929842777859773,-0.13311099292896694,False,False,False,False,-149622.0,-90845.89463893847,False,False,False,False,10833.830515880847,False,False,False,False
2025-07-09 18:00:00+00:00,0.8876,0.8968,0.8831,0.8876,1448.0,,,,,,,,,,,,,,,,0.8708731757325886,0.8893762106891491,0.8831626515665976,0.8998431721482778,0.9181765204215099,0.8708731757325886,0.8827898619837442,0.8373221750235641,"rgba(38, 166, 154, 1.0)",0.0,0.0,0.027960158720513276,0.9019847308162665,-0.514472430577193,0.0,0.0,0.0,0.0,0.0,0.0,0.0,0.0,53.72488232185991,-3.4908331600982763,True,False,True,False,True,0.0,0,0.9295264068112279,1.0361846481309032,False,False,False,False,-0.10980486185198196,-0.12145792739047445,False,False,False,False,-149622.0,-91757.15208639679,False,False,False,False,10688.313763696648,False,False,False,False
2025-07-09 19:00:00+00:00,0.8876,0.8958,0.8827,0.8892,5940.0,,,,,,,,,,,,,,,,0.8715708429290344,0.8893750649467533,0.8832000926166276,0.8997931258182574,0.918079219183018,0.8715708429290344,0.8827969702569431,0.8373703944339984,"rgba(38, 166, 154, 1.0)",0.0,0.0,0.026635664839497863,0.9020432641495748,-0.4821829763576849,0.0,0.0,0.0,0.0,0.0,0.0,0.0,0.0,55.00020544175939,-2.8254351146090997,True,False,True,False,True,0.0,0,0.9341543185155519,1.0361433720464557,False,False,False,False,-0.11187983692849551,-0.11666888215948498,False,False,False,False,-143682.0,-92562.18848815808,False,False,False,False,10614.696496042436,False,False,False,False
2025-07-10 14:00:00+00:00,0.9072,0.9182,0.896,0.9165,4361.0,,,,,,,,,,,,,,,,0.8726201712295375,0.8894971470790342,0.8833219484270504,0.8998291563624644,0.9180599020326834,0.8726201712295375,0.8828191736214959,0.8374200503995131,"rgba(38, 166, 154, 1.0)",0.0,0.0,0.026133641775172786,0.9022629036635973,0.5447804197702009,0.0,0.0,0.0,0.0,0.0,0.0,0.0,0.0,60.472628325478695,2.74518723384125,True,False,True,False,True,3.0647319219994387,1,0.9441057926118385,1.0187535391892342,False,False,False,False,-0.059217423531938596,-0.08794315284571179,False,False,False,False,-139321.0,-93287.13130229517,False,False,False,False,10517.739961220072,False,False,False,False
2025-07-10 15:00:00+00:00,0.9165,0.92,0.9066,0.9103,6281.0,,,,,,,,,,,,,,,,0.8741129001409502,0.8896877633997315,0.8835088657755433,0.8998908367219877,0.9180395493540178,0.8741129001409502,0.8828534953147951,0.8374934759022463,"rgba(38, 166, 154, 1.0)",0.0,0.0,0.02541255616445219,0.9025856306452009,0.30356526533092953,0.0,0.0,0.0,0.0,0.0,0.0,0.0,0.0,62.28710485529606,4.75016141177025,True,False,True,False,True,2.126718214836231,1,0.9434534724769112,1.0200046677558097,False,False,False,False,-0.04101690366369072,-0.06448002825470125,False,False,False,False,-145602.0,-94098.2145379185,False,False,False,False,10452.054070348442,False,False,False,False
2025-07-10 16:00:00+00:00,0.9103,0.92,0.908,0.9127,3508.0,,,,,,,,,,,,,,,,0.874924795565202,0.8897987302260167,0.8836167621035687,0.8999285103562658,0.9180307395034416,0.874924795565202,0.8828734526343912,0.8375351154522802,"rgba(38, 166, 154, 1.0)",0.0,0.0,0.02471315074652458,0.9027649591072736,0.4020143361980468,0.0,0.0,0.0,0.0,0.0,0.0,0.0,0.0,63.8655133214497,6.594125263841001,True,False,True,False,True,2.4709569489544485,0,0.938503947726654,1.0318200381159814,False,False,False,False,-0.018196072502619298,-0.04133805037866028,False,False,False,False,-142094.0,-94842.33524275696,False,False,False,False,10344.394317319784,False,False,False,False
2025-07-10 17:00:00+00:00,0.9105,0.9415,0.9095,0.9317,14734.0,,,,,,,,,,,,,,,,0.8791127468449205,0.8905217799110122,0.8842695461867714,0.9002446346718256,0.918108979185066,0.8791127468449205,0.8829950982741115,0.8377416215690577,"rgba(38, 166, 154, 1.0)",0.0,0.0,0.025095951936601905,0.9038193366085003,1.1109625752365382,0.0,0.0,0.0,0.0,0.0,0.0,0.0,0.0,67.38285080997929,10.220539972808936,True,False,True,False,True,5.13692764938391,0,0.9426518438177874,1.0176247288503253,False,False,False,False,0.03074878984989574,-0.005294630264382269,False,False,False,False,-127360.0,-95346.48508395453,False,False,False,False,10412.450219376842,False,False,False,False
2025-07-10 18:00:00+00:00,0.9386,0.9419,0.9149,0.9365,15592.0,,,,,,,,,,,,,,,,0.8831496063998617,0.8913275449953367,0.88499422917746,0.9006136424602318,0.9182208029468409,0.8831496063998617,0.8831332563753586,0.8379676795122091,"rgba(38, 166, 154, 1.0)",0.0,0.0,0.025553991031897302,0.904888209071195,1.2370588566516325,0.0,0.0,0.0,0.0,0.0,0.0,0.0,0.0,70.23866868183454,13.147077912046015,True,False,True,False,True,5.792705669476359,0,0.9479948603503077,1.0140664096841823,False,False,False,False,0.04019394750507559,0.017449658620346663,False,False,False,False,-111768.0,-95601.08221443584,False,False,False,False,10492.753316750845,False,False,False,False
2025-07-10 19:00:00+00:00,0.9337,0.9466,0.9164,0.9451,15973.0,,,,,,,,,,,,,,,,0.8870464356065673,0.8922188328357364,0.8857907124389836,0.9010423349152215,0.918376502810887,0.8870464356065673,0.8832884422148397,0.8382103361091737,"rgba(38, 166, 154, 1.0)",0.0,0.0,0.026159501606967884,0.9059808141146268,1.4954102135857732,0.0,0.0,0.0,0.0,0.0,0.0,0.0,0.0,73.00636039426377,15.966924927148227,True,False,True,False,True,6.960328351403923,0,0.9470833613671532,1.0124133754961986,False,False,False,False,0.050298470898792025,0.03387406475956935,False,False,False,False,-95795.0,-95604.0886917314,False,False,False,False,10577.718381607421,False,False,False,False
2025-07-11 14:00:00+00:00,0.9401,0.9515,0.9241,0.9241,14277.0,,,,,,,,,,,,,,,,0.8899004574846567,0.8929369101240484,0.8864433572677508,0.9013868537520017,0.918491678105771,0.8899004574846567,0.8834190593214709,0.838420034404509,"rgba(38, 166, 154, 1.0)",0.0,0.0,0.026238839789787666,0.9069867972684704,0.652208819773738,0.0,0.0,0.0,0.0,0.0,0.0,0.0,0.0,68.87183325839166,15.966924927148227,True,False,True,False,False,3.6538520315323666,0,0.954191817572099,1.0073775989268947,False,False,False,False,0.07086733832212239,0.05237070154084587,False,False,False,False,-110072.0,-95828.39739418519,False,False,False,False,10635.071584993351,False,False,False,False
2025-07-11 15:00:00+00:00,0.9241,0.9451,0.923,0.9373,3945.0,,,,,,,,,,,,,,,,0.89065982143997,0.893140063249069,0.8866277357077289,0.9014863563966748,0.9185272502805348,0.89065982143997,0.883456402883914,0.8384789727140699,"rgba(38, 166, 154, 1.0)",0.0,0.0,0.026462621062815092,0.9072306285549269,1.1362960371044355,0.0,0.0,0.0,0.0,0.0,0.0,0.0,0.0,67.94158261398549,15.966924927148227,True,False,True,False,False,5.453411161299069,0,0.9530075815771016,1.0078153702281154,False,False,False,False,0.058617864754304944,0.0554942831475754,False,False,False,False,-106127.0,-95988.06565163967,False,False,False,False,10531.349544915935,False,False,False,False
2025-07-11 16:00:00+00:00,0.937,0.9464,0.9322,0.9378,16454.0,,,,,,,,,,,,,,,,0.8938100073574737,0.8940388843426731,0.8874389377910705,0.9019396608257343,0.9187063918239988,0.8938100073574737,0.8836225876188462,0.8387333190341923,"rgba(38, 166, 154, 1.0)",0.0,0.0,0.026704079520996314,0.9083126854701298,1.104225086907996,0.0,0.0,0.0,0.0,0.0,0.0,0.0,0.0,67.38801700171412,15.966924927148227,True,False,True,False,False,5.5211469557673745,0,0.9565451546669359,1.0158537816823185,False,False,False,False,0.07577287354458258,0.065633578346079,False,False,False,False,-89673.0,-95890.1576570406,False,False,False,False,10623.173582979252,False,False,False,False
2025-07-11 17:00:00+00:00,0.9429,0.9455,0.921,0.9337,10843.0,,,,,,,,,,,,,,,,0.895446659778564,0.8945429484325279,0.887905092550154,0.9021895230910092,0.9187914602552861,0.895446659778564,0.8837208925932751,0.8388912195729019,"rgba(38, 166, 154, 1.0)",0.0,0.0,0.02709525858593106,0.9087836953882162,0.919581724336127,0.0,0.0,0.0,0.0,0.0,0.0,0.0,0.0,65.88025734036462,22.266637068490994,True,False,True,False,False,4.870245576074222,0,0.9502760570966875,1.0144761648262863,False,False,False,False,0.06083822707224481,0.0632359027091619,False,False,False,False,-100516.0,-95961.87614297796,False,False,False,False,10626.581744483448,False,False,False,False
2025-07-11 18:00:00+00:00,0.9337,0.9355,0.9243,0.9278,6847.0,,,,,,,,,,,,,,,,0.8963053705389489,0.8948209600687326,0.8881678861754616,0.9023243100159831,0.9188293739243771,0.8963053705389489,0.8837775380024585,0.8389862384999678,"rgba(38, 166, 154, 1.0)",0.0,0.0,0.027345259977624596,0.9090062610875751,0.6872759274478626,0.0,0.0,0.0,0.0,0.0,0.0,0.0,0.0,63.261281610558505,19.452975245721433,True,False,True,False,False,3.933314468488348,0,0.9512425715829281,1.0162074554294975,False,False,False,False,0.06737642438264332,0.06530616354590262,False,False,False,False,-107363.0,-96138.63775316434,False,False,False,False,10567.98357790231,False,False,False,False
2025-07-11 19:00:00+00:00,0.9278,0.9481,0.926,0.9363,13627.0,,,,,,,,,,,,,,,,0.8982569068686741,0.8954806274459155,0.8887761268239914,0.9026633387312338,0.9189587136993015,0.8982569068686741,0.8839086484737625,0.8391906341101677,"rgba(38, 166, 154, 1.0)",0.0,0.0,0.02778046121333951,0.9096602345661464,0.9589389185900855,0.0,0.0,0.0,0.0,0.0,0.0,0.0,0.0,63.06799837023395,18.906753484526206,True,False,True,False,False,5.138083982434555,0,0.9544841537424139,1.0085637221847605,False,False,False,False,0.1117235613047631,0.08851486242533285,False,False,False,False,-93736.0,-96101.38755544084,False,False,False,False,10615.410189097624,False,False,False,False
2025-07-14 14:00:00+00:00,0.9348,0.9348,0.9087,0.9174,4272.0,,,,,,,,,,,,,,,,0.8985849798281738,0.8956022964816835,0.8888992453386774,0.9027175430720668,0.9189617332516873,0.8985849798281738,0.8839368368546787,0.839243733458137,"rgba(38, 166, 154, 1.0)",0.0,0.0,0.02789695827651677,0.9097132385800674,0.2755412021533268,0.0,0.0,0.0,0.0,0.0,0.0,0.0,0.0,58.399474242532364,14.245650911665876,True,False,True,False,False,2.16982213099287,0,0.9512948842833628,1.0091364079137415,False,False,False,False,0.0561849613682463,0.07234991189678958,False,False,False,False,-98008.0,-96130.94743830222,False,False,False,False,10517.06274430541,False,False,False,False
2025-07-14 15:00:00+00:00,0.9174,0.934,0.9098,0.9099,2018.0,,,,,,,,,,,,,,,,0.8987198265364018,0.8956538116112763,0.8889526504124988,0.9027395530504726,0.9189606053666954,0.8987198265364018,0.8839492594150691,0.8392680502985298,"rgba(38, 166, 154, 1.0)",0.0,0.0,0.02790110088565087,0.9097297929001446,0.006100372187931322,0.0,0.0,0.0,0.0,0.0,0.0,0.0,0.0,53.841083216082964,9.914001716194463,False,False,True,False,False,1.0295227109008565,1,0.9511517342975759,1.0093745814918975,False,False,False,False,0.09217231028082302,0.0822611110888063,False,False,False,False,-100026.0,-96191.33585011147,False,False,False,False,10385.294329665016,False,False,False,False
2025-07-14 16:00:00+00:00,0.9098,0.9173,0.9024,0.9173,5334.0,,,,,,,,,,,,,,,,0.8989664905939823,0.8957550501952851,0.8890659043907001,0.9027761747252656,0.9189420487712181,0.8989664905939823,0.883976674518749,0.839327707378766,"rgba(38, 166, 154, 1.0)",0.0,0.0,0.027892843022763566,0.9089598960031374,0.2990051602146169,0.0,0.0,0.0,0.0,0.0,0.0,0.0,0.0,52.44890939628447,8.56324331019728,False,False,False,False,False,2.1138510027914705,1,0.9578276699029126,1.0113605717367855,False,False,False,False,0.04456007739678136,0.06341059424279383,False,False,False,False,-94692.0,-96168.09033305547,False,False,False,False,10306.979688895015,False,False,False,False
2025-07-14 17:00:00+00:00,0.9173,0.9203,0.9086,0.9185,1868.0,,,,,,,,,,,,,,,,0.8990726326058046,0.8957975678338477,0.8891111784600919,0.9027935619661299,0.9189389707285965,0.8990726326058046,0.8839874351490078,0.8393495676089027,"rgba(38, 166, 154, 1.0)",0.0,0.0,0.02797567173473494,0.9090161287097024,0.3390042384048389,0.0,0.0,0.0,0.0,0.0,0.0,0.0,0.0,51.78997566323346,7.752135458727693,False,False,False,False,False,2.2902185431866577,1,0.9588600088108711,1.01209800399878,False,False,False,False,0.06270021117401131,0.06305540270840257,False,False,False,False,-92824.0,-96116.24397130267,False,False,False,False,10176.142794493542,False,False,False,False
2025-07-14 18:00:00+00:00,0.9194,0.9415,0.9128,0.9159,3869.0,,,,,,,,,,,,,,,,0.8993862459724847,0.8959183018328967,0.8892310283945836,0.9028503841178549,0.9189480038603389,0.8993862459724847,0.8840150183493414,0.8393993018359658,"rgba(38, 166, 154, 1.0)",0.0,0.0,0.027965498885744313,0.909273003832858,0.23697042538798385,0.0,0.0,0.0,0.0,0.0,0.0,0.0,0.0,50.717533304934165,6.451059508650673,False,False,False,False,False,1.878929624875184,1,0.9550459642388119,1.0045459137286594,False,False,False,False,0.11981687351461424,0.09143613811150841,False,False,False,False,-96693.0,-96125.18592523596,False,False,False,False,10078.357634888991,False,False,False,False
2025-07-14 19:00:00+00:00,0.9159,0.9447,0.9159,0.9442,17079.0,,,,,,,,,,,,,,,,0.9013001957743016,0.8966573492587948,0.8899254725419163,0.9032362160989861,0.9190896236212205,0.9013001957743016,0.8841718407319445,0.8396481900441108,"rgba(38, 166, 154, 1.0)",0.0,0.0,0.02839488197762339,0.9105028075839632,1.1867347236235022,0.0,0.0,0.0,0.0,0.0,0.0,0.0,0.0,55.41031858050189,6.451059508650673,True,False,True,False,True,5.959433822079671,1,0.9561965811965812,1.001502403846154,False,False,False,False,0.1420266130952167,0.11673137560336255,False,False,False,False,-79614.0,-95869.19854655012,False,False,False,False,10186.894725820945,False,False,False,False
2025-07-15 14:00:00+00:00,1.005,1.03,0.9732,0.9875,21379.0,,,,,,,,,,,,,,,,0.9073366485420032,0.8989792310764801,0.8919222128317669,0.9046253096161546,0.9199430674886913,0.9073366485420032,0.8846047733118348,0.8401593452886689,"rgba(38, 166, 154, 1.0)",0.0,0.0,0.030273496451319066,0.9148191947168046,2.400806441372536,0.0,0.0,0.0,0.0,0.0,0.0,0.0,0.0,62.668408705797475,6.288635368627482,True,False,True,False,True,11.492568279278043,0,0.978007166573523,0.9825766790492785,False,False,False,False,0.34282785834206697,0.22977961697271476,False,False,False,False,-58235.0,-95285.72260009198,False,False,False,False,10360.415737823721,False,False,False,False
2025-07-15 15:00:00+00:00,0.9749,1.04,0.9725,1.01,8720.0,,,,,,,,,,,,,,,,0.9098515403065354,0.8999948851008965,0.8927954873864659,0.9052438645266412,0.9203330260979797,0.9098515403065354,0.8847969816384073,0.8403809159798824,"rgba(38, 166, 154, 1.0)",0.0,0.0,0.03261665456412716,0.9203298342254268,2.7492140740024067,0.0,0.0,0.0,0.0,0.0,0.0,0.0,0.0,68.80473165289582,11.712830456721605,True,False,True,False,True,14.08129432416753,0,0.9756657187176836,0.9743407445708377,False,False,False,False,0.3428278679519798,0.28630374246234724,False,False,False,False,-49515.0,-94576.098993889,False,False,False,False,10334.98293568692,False,False,False,False
2025-07-15 16:00:00+00:00,1.01,1.02,0.99,0.99,8717.0,,,,,,,,,,,,,,,,0.9120587998359634,0.9009218459652808,0.8935991469213608,0.9058100061001523,0.9206861503665192,0.9120587998359634,0.8849768161866459,0.8405919107865035,"rgba(38, 166, 154, 1.0)",0.0,0.0,0.033941116897015323,0.9213858857887092,2.021563239049583,0.0,0.0,0.0,0.0,0.0,0.0,0.0,0.0,68.95653504998597,11.712830456721605,True,False,True,False,True,10.905136480522962,0,0.982128880772241,0.9936733629011216,False,False,False,False,0.33800472728844255,0.3121542348753949,False,False,False,False,-58232.0,-94012.62459088296,False,False,False,False,10309.897928932083,False,False,False,False
2025-07-15 17:00:00+00:00,0.99,1.005,0.9753,0.9784,45743.0,,,,,,,,,,,,,,,,0.9205040339073894,0.904878952370909,0.8971053006451531,0.9082548442913858,0.9221761115067235,0.9205040339073894,0.8857995262202915,0.841595202786577,"rgba(38, 166, 154, 1.0)",0.0,0.0,0.0348859544777044,0.9249489047074979,1.5321666296005376,0.0,0.0,0.0,0.0,0.0,0.0,0.0,0.0,67.05278680601936,11.712830456721605,True,False,True,False,True,9.129853421665036,0,0.9722873518301419,0.9929985671486258,False,False,False,False,0.2817834108157901,0.2969688228455925,False,False,False,False,-103975.0,-94167.08002358244,False,False,False,False,10859.248348638563,False,False,False,False
2025-07-15 18:00:00+00:00,0.9776,1.005,0.9668,0.9779,18074.0,,,,,,,,,,,,,,,,0.9232045456746897,0.9062891361712723,0.8983743747817524,0.9091447601573509,0.9227196175349166,0.9232045456746897,0.8861113226283783,0.8419796810192015,"rgba(38, 166, 154, 1.0)",0.0,0.0,0.0358966191788184,0.9261740543118512,1.4409698426048672,0.0,0.0,0.0,0.0,0.0,0.0,0.0,0.0,65.69521404683137,11.712830456721605,True,False,True,False,False,9.05345401590321,0,0.9696487697201843,0.9939946763617478,False,False,False,False,0.2660213384793689,0.2814950806624807,False,False,False,False,-122049.0,-94599.35785267419,False,False,False,False,10971.104963388352,False,False,False,False
2025-07-15 19:00:00+00:00,0.978,0.9814,0.9618,0.9636,18993.0,,,,,,,,,,,,,,,,0.9251837422255037,0.907451911031886,0.8994502474006213,0.9098812835297502,0.9231479035674192,0.9251837422255037,0.8863889028391257,0.8423407905780449,"rgba(38, 166, 154, 1.0)",0.0,0.0,0.036491029380189735,0.9268536878074993,1.006995769005342,0.0,0.0,0.0,0.0,0.0,0.0,0.0,0.0,62.29434457307363,11.712830456721605,True,False,True,False,False,6.883375033631054,0,0.9715621220540646,1.0019939201778185,False,False,False,False,0.21387531086024844,0.24768519576136455,False,False,False,False,-141042.0,-95319.39881619862,False,False,False,False,11095.475429072254,False,False,False,False
2025-07-16 14:00:00+00:00,0.9765,1.015,0.9761,0.9927,14440.0,,,,,,,,,,,,,,,,0.9273951729072719,0.9086646305278203,0.9005406435788409,0.9106673744455084,0.923647825690204,0.9273951729072719,0.8866639346565857,0.8426693491546705,"rgba(38, 166, 154, 1.0)",0.0,0.0,0.03801653253449863,0.9280779929271915,1.699839589898589,0.0,0.0,0.0,0.0,0.0,0.0,0.0,0.0,63.20109610589849,11.712830456721605,True,False,True,False,False,10.349337319736385,0,0.9698806899234859,0.9847944494877447,False,False,False,False,0.30201032207932366,0.2748477589203441,False,False,False,False,-126602.0,-95804.40038493971,False,False,False,False,11147.328523195165,False,False,False,False
2025-07-16 15:00:00+00:00,0.9927,0.9959,0.9532,0.9577,8754.0,,,,,,,,,,,,,,,,0.9281822026512445,0.909168810162485,0.9010125098648712,0.9109932948409271,0.9238390960938819,0.9281822026512445,0.8867905015609109,0.8428343097862047,"rgba(38, 166, 154, 1.0)",0.0,0.0,0.03857095172688594,0.92837630137298,0.7602534372150291,0.0,0.0,0.0,0.0,0.0,0.0,0.0,0.0,58.94043571330625,15.848396022553743,True,False,True,False,False,5.332707063947513,0,0.962554641295963,0.9879467729493444,False,False,False,False,0.22453055114954523,0.24968915503494465,False,False,False,False,-135356.0,-96417.60347974685,False,False,False,False,11110.222654618494,False,False,False,False
2025-07-16 16:00:00+00:00,0.9577,0.9913,0.9576,0.9913,4808.0,,,,,,,,,,,,,,,,0.9287165738420123,0.909493070343577,0.9013109445517504,0.9112048545709667,0.9239692297015848,0.9287165738420123,0.8868692503028849,0.8429327117440455,"rgba(38, 166, 154, 1.0)",0.0,0.0,0.039929757017744864,0.928635377791753,1.569371488546717,0.0,0.0,0.0,0.0,0.0,0.0,0.0,0.0,59.32509914000485,15.848396022553743,True,False,True,False,False,9.125626307900959,0,0.9730482669258179,0.9935860058309037,False,False,False,False,0.2241685473207654,0.23692885117785503,False,False,False,False,-130548.0,-96946.75691416937,False,False,False,False,11012.513776252315,False,False,False,False
2025-07-16 17:00:00+00:00,0.9914,0.9964,0.967,0.9844,22330.0,,,,,,,,,,,,,,,,0.9311763352822524,0.9110136699656135,0.9027116039970682,0.9122061934114766,0.9245927444537047,0.9311763352822524,0.887243144845211,0.8433962891851975,"rgba(38, 166, 154, 1.0)",0.0,0.0,0.04081296839473749,0.929887958618556,1.3356549039562864,0.0,0.0,0.0,0.0,0.0,0.0,0.0,0.0,58.71741926471496,15.03988113261073,False,False,True,False,False,8.176705191041599,0,0.9650787503227474,0.9901884843790344,False,False,False,False,0.25057059664277437,0.2437497239103147,False,False,False,False,-152878.0,-97813.90796976365,False,False,False,False,11187.978678946078,False,False,False,False
2025-07-16 18:00:00+00:00,0.9844,0.992,0.9648,0.9798,1875.0,,,,,,,,,,,,,,,,0.9313584391472433,0.911131968695275,0.9028216271068907,0.9122846053453469,0.9246411658438906,0.9313584391472433,0.8872731831065647,0.843434034535555,"rgba(38, 166, 154, 1.0)",0.0,0.0,0.04172857914089301,0.9299780167807346,1.19395350249156,0.0,0.0,0.0,0.0,0.0,0.0,0.0,0.0,57.71160006851801,13.65500558545687,False,False,True,False,False,7.54332217998202,0,0.9693772516726711,0.9865864642305713,False,False,False,False,0.23851275793044754,0.24113124092038113,False,False,False,False,-154753.0,-98696.68459038746,False,False,False,False,11043.591412605829,False,False,False,False
2025-07-16 19:00:00+00:00,0.9796,0.9899,0.9618,0.9783,11803.0,,,,,,,,,,,,,,,,0.9324219486859252,0.911843400202161,0.90348715426569,0.912757828330635,0.9249317160713936,0.9324219486859252,0.8874572897463656,0.8436673050308507,"rgba(38, 166, 154, 1.0)",0.0,0.0,0.042519164815142264,0.9304948068675067,1.1243210759273532,0.0,0.0,0.0,0.0,0.0,0.0,0.0,0.0,56.83002111919525,12.381252245776409,False,False,True,False,False,7.3347026462843345,1,0.9742173703644246,0.9835607641676033,False,False,False,False,0.22924190843321315,0.23518657467679716,False,False,False,False,-166556.0,-99748.76699983882,False,False,False,False,11055.365189154574,False,False,False,False
2025-07-17 14:00:00+00:00,1.02,1.055,1.02,1.035,16233.0,,,,,,,,,,1.0366666666666668,,,,,,0.9356820123515536,0.9136796320025811,0.9051177196302381,0.913997884588867,0.9257833978428177,0.9356820123515536,0.8878787316238442,0.8441309301264011,"rgba(38, 166, 154, 1.0)",0.0,0.0,0.04497124538760707,0.9326411337197872,2.276095878554883,0.0,0.0,0.0,0.0,0.0,0.0,0.0,0.0,61.1227855224701,12.381252245776409,True,False,True,False,True,13.345139889934678,1,0.9804627087081399,0.9686898336647413,False,False,False,False,0.3428279221331144,0.2890072484049558,False,False,False,False,-150323.0,-100532.86363550022,False,False,False,False,11135.638597074658,False,False,False,False
2025-07-17 15:00:00+00:00,1.025,1.065,1.025,1.065,5235.0,,,,,,,,,,1.0403244363704118,,,,,,0.9368400758971541,0.914331159417022,0.9056940745571073,0.9144407717311062,0.9260920774751245,0.9368400758971541,0.8880277864243402,0.8442915819046892,"rgba(38, 166, 154, 1.0)",0.0,0.0,0.048436321082434224,0.9334166257844693,2.71662610361319,0.0,0.0,0.0,0.0,0.0,0.0,0.0,0.0,65.62492048319864,9.915548168911371,True,False,True,False,True,16.166613793410452,1,0.984825110978182,0.9657463085980542,False,False,False,False,0.342827932949589,0.31591759067727243,False,False,False,False,-145088.0,-101223.64094347696,False,False,False,False,11044.155828127763,False,False,False,False
2025-07-17 16:00:00+00:00,1.065,1.065,1.025,1.04,16843.0,,,,,,,,,,1.0416472640581904,,,,,,0.9401546268526166,0.916261554859016,0.9074139283750975,0.9157612041198356,0.9270097977341427,0.9401546268526166,0.888481189066015,0.8447860739457159,"rgba(38, 166, 154, 1.0)",0.0,0.0,0.05060042819318824,0.9355980424478606,2.0632623335427405,0.0,0.0,0.0,0.0,0.0,0.0,0.0,0.0,65.33848277434686,9.915548168911371,True,False,True,False,True,12.75187261080513,0,0.9884120036527378,0.9648581415121075,False,False,False,False,0.342827932949589,0.3293727618134307,False,False,False,False,-161931.0,-102164.84030869437,False,False,False,False,11134.060388931983,False,False,False,False
2025-07-17 17:00:00+00:00,1.04,1.045,1.03,1.035,7583.0,,,,,,,,,,1.0408243270725295,,,,,,0.9414883394808393,0.9170673037714142,0.9081369882106921,0.9163162864307797,0.9273948852926982,0.9414883394808393,0.8886757044165594,0.8450004529711653,"rgba(38, 166, 154, 1.0)",0.0,0.0,0.05202531608278976,0.9364629906863501,1.8940203872446317,0.0,0.0,0.0,0.0,0.0,0.0,0.0,0.0,64.52406941148203,9.915548168911371,True,False,True,False,True,12.08617788145025,0,0.9871872125844409,0.9727252545114333,False,False,False,False,0.31890374771851865,0.3241382547659747,False,False,False,False,-169514.0,-103209.01332716423,False,False,False,False,11079.00518910358,False,False,False,False
2025-07-17 18:00:00+00:00,1.035,1.055,1.035,1.045,23879.0,,,,,,,,,,1.0422534027011403,,,,,,0.9458049784233974,0.9197076116411099,0.9105062425888727,0.9181501894575766,0.9286812041126766,0.9458049784233974,0.8893192188874826,0.8457016338411644,"rgba(38, 166, 154, 1.0)",0.0,0.0,0.05350862178570926,0.9392968928693401,1.9754406598992293,0.0,0.0,0.0,0.0,0.0,0.0,0.0,0.0,64.73575391060567,9.915548168911371,True,False,True,False,True,13.045350015578173,0,0.9923656807001852,0.9672267297003768,False,False,False,False,0.342827932949589,0.33348309385778185,False,False,False,False,-145635.0,-103866.78056240198,False,False,False,False,11277.454721055463,False,False,False,False
2025-07-17 19:00:00+00:00,1.045,1.09,1.04,1.09,7570.0,,,,,,,,,,1.0452953725611884,,,,,,0.9474689240656508,0.9207061954531873,0.9113949425522718,0.9188481315808185,0.9291810357327775,0.9474689240656508,0.8895590449243923,0.8459543488951952,"rgba(38, 166, 154, 1.0)",0.0,0.0,0.05637263408671405,0.9404233769676864,2.65335522200773,0.0,0.0,0.0,0.0,0.0,0.0,0.0,0.0,67.61754909663335,12.606422518841825,True,False,True,False,True,17.098797095971122,0,0.9931465748665633,0.9485203549884723,False,False,False,False,0.3428279586257589,0.33815552624177037,False,False,False,False,-138065.0,-104396.98551492288,False,False,False,False,11219.974802899564,False,False,False,False
2025-07-18 14:00:00+00:00,1.215,1.25,1.18,1.25,58810.0,,,,,,,,,1.2266666666666666,1.1236369868211986,,,,,,0.9731650907446271,0.9354139337772307,0.9242192431172727,0.9292403798495138,0.9369580973078985,0.9731650907446271,0.8929380892742831,0.8492098730255395,"rgba(38, 166, 154, 1.0)",0.0,0.0,0.06742002744660959,0.9586581382103934,4.321295508524116,0.0,0.0,0.0,0.0,0.0,0.0,0.0,0.0,73.8473068723309,18.49081019077775,True,False,True,False,True,20.0,0,1.006468855346676,0.9372247699456374,False,False,False,False,0.34282806943602717,0.34049179783889877,False,False,False,False,-79255.0,-104007.1872898853,False,True,False,False,11957.804650916623,False,True,False,False
2025-07-18 15:00:00+00:00,1.25,1.25,1.21,1.22,82638.0,,,,,,,,,1.2266666666666663,1.1625515979481178,,,,,,1.0021950538295994,0.9538425191392226,0.9405718598979296,0.9427111870002648,0.9472234011900251,1.0021950538295994,0.8975733377256605,0.8536914675742426,"rgba(38, 166, 154, 1.0)",0.0,0.0,0.0748143109593681,0.9792101282452814,3.2185001594881006,0.0,0.0,0.0,0.0,0.0,0.0,0.0,0.0,75.32752431948273,19.81622889406907,True,False,True,False,True,20.0,0,1.0154717209640305,0.9363570303984499,False,False,False,False,0.34282807611558835,0.34165993697724356,False,False,False,False,-161893.0,-104904.64175050723,False,False,False,False,13053.621633072955,False,False,False,False
2025-07-18 16:00:00+00:00,1.215,1.22,1.18,1.195,61778.0,,,,,,,,,1.2180537103192175,1.170430316012579,,,,,,1.0176621490064126,0.9648850038479667,0.950585706173512,0.9510827330531125,0.9537033881691022,1.0176621490064126,0.9006641141793544,0.8567236099294847,"rgba(38, 166, 154, 1.0)",0.0,0.0,0.08032738635234504,0.9903178181766499,2.548099609833437,0.0,0.0,0.0,0.0,0.0,0.0,0.0,0.0,74.22339624698739,19.81622889406907,True,False,True,False,True,20.0,0,1.0061026684216825,0.9373579035539069,False,False,False,False,0.29021746079491156,0.31593869888607756,False,False,False,False,-223671.0,-106745.98063809625,False,False,False,False,13809.03835194004,False,False,False,False
2025-07-18 17:00:00+00:00,1.195,1.23,1.18,1.22,20934.0,,,,,,,,,1.2173015851772542,1.1731777240469692,,,,,,1.0226679867949873,0.9685798482478803,0.9539563686627593,0.9539245332632867,0.9559251134573478,1.0226679867949873,0.9017375757220112,0.857773688328708,"rgba(38, 166, 154, 1.0)",0.0,0.0,0.08654802811833376,0.9939700213521373,2.611613269095174,0.0,0.0,0.0,0.0,0.0,0.0,0.0,0.0,74.25863992398797,19.81622889406907,True,False,True,False,True,20.0,0,1.0060127328460269,0.9353336477245932,False,False,False,False,0.2988710177500172,0.30740485831804737,False,False,False,False,-202737.0,-108234.21349642034,False,False,False,False,13919.502873615387,False,False,False,False
2025-07-18 18:00:00+00:00,1.22,1.22,1.18,1.205,50411.0,,,,,,,,,1.2144310275545,1.1772587099878569,,,,,,1.0332248529398003,0.9767443903776745,0.9614718716308908,0.9603038760513537,0.9609500055164758,1.0332248529398003,0.9042231899525445,0.8602177152591212,"rgba(38, 166, 154, 1.0)",0.0,0.0,0.09153108226073015,1.0017856009776702,2.220168209564758,0.0,0.0,0.0,0.0,0.0,0.0,0.0,0.0,72.97237478627304,19.81622889406907,True,False,True,False,False,20.0,0,1.0059426707061292,0.9390002330459101,False,False,False,False,0.29021746079491156,0.29881115955647947,False,False,False,False,-253148.0,-110480.93886856886,False,False,False,False,14485.262518985692,False,False,False,False
2025-07-18 19:00:00+00:00,1.205,1.23,1.19,1.215,35612.0,,,,,,,,,1.2141136522633413,1.1804206556463308,,,,,,1.040362012427876,0.9824171400596292,0.9667218000645001,0.9647946275387634,0.9645200518815352,1.040362012427876,0.9060126266029588,0.8619733777408766,"rgba(38, 166, 154, 1.0)",0.0,0.0,0.09645029434522229,1.0071606842093996,2.154885241165631,0.0,0.0,0.0,0.0,0.0,0.0,0.0,0.0,72.49113690829292,19.81622889406907,True,False,True,False,False,20.0,0,1.008753743377102,0.9368233126007831,False,False,False,False,0.30756826986919245,0.30318971471283596,False,False,False,False,-217536.0,-112140.70725820346,False,False,False,False,14812.808836520797,False,False,False,False
2025-07-21 14:00:00+00:00,1.245,1.295,1.195,1.225,51523.0,,,,,,,,,1.2175636105935022,1.1872167874960047,,,,,,1.0511914180434243,0.9910560398488198,0.9747245593096954,0.9716868404790118,0.9700471072478484,1.0511914180434243,0.9087876804232768,0.8646739725025175,"rgba(38, 166, 154, 1.0)",0.0,0.0,0.10142000886510978,1.0291912220661164,1.9306720648616045,0.0,0.0,0.0,0.0,0.0,0.0,0.0,0.0,72.56072521116072,19.81622889406907,True,False,True,False,False,20.0,0,1.0099081952530229,0.9203985669502911,False,False,False,False,0.3428280823295668,0.3230088985212014,False,False,False,False,-166013.0,-112975.93660303751,False,False,False,False,15381.959087117373,False,False,False,False
2025-07-21 15:00:00+00:00,1.225,1.25,1.19,1.19,38107.0,,,,,,,,,1.2168427072989956,1.189036317961701,,,,,,1.0573666789456535,0.9963892343583637,0.9797423125570859,0.9760467019306537,0.9735767688546932,1.0573666789456535,0.9106365928361205,0.8664969872429203,"rgba(38, 166, 154, 1.0)",0.0,0.0,0.10459982881146672,1.033274564688347,1.4983335737015278,0.0,0.0,0.0,0.0,0.0,0.0,0.0,0.0,69.22901279990346,23.526679818161043,True,False,True,False,False,18.773911602047413,0,1.0083682008368202,0.9341004184100419,False,False,False,False,0.30038338641697176,0.3116961424690866,False,False,False,False,-204120.0,-114389.02285725398,False,False,False,False,15734.28530282098,False,False,False,False
2025-07-21 16:00:00+00:00,1.19,1.19,1.155,1.175,28559.0,,,,,,,,,1.213941994341367,1.1881495308622447,,,,,,1.060650484241615,0.9995615181221468,0.9827878890472306,0.9787150745949393,0.9757549041168555,1.060650484241615,0.9118395308369043,0.8677061675291842,"rgba(38, 166, 154, 1.0)",0.0,0.0,0.10725754744858493,1.0352098186286027,1.3033132371258747,0.0,0.0,0.0,0.0,0.0,0.0,0.0,0.0,65.69446063547616,20.12159523405674,False,False,True,False,False,17.143085058849167,0,1.010228406696973,0.9502716487415456,False,False,False,False,0.22242086401523656,0.26705850324216157,False,False,False,False,-232679.0,-116222.97599125003,False,False,False,False,15933.118088823756,False,False,False,False
2025-07-21 17:00:00+00:00,1.18,1.18,1.17,1.175,18459.0,,,,,,,,,1.212333264701867,1.1876864647998566,,,,,,1.062705745242834,1.0015711772236657,0.9847226908175837,0.9804161392267385,0.9771493014614537,1.062705745242834,0.9126161192113664,0.8684868932352646,"rgba(38, 166, 154, 1.0)",0.0,0.0,0.10978683453783797,1.0365781536481147,1.2608237311385306,0.0,0.0,0.0,0.0,0.0,0.0,0.0,0.0,63.33809252585796,17.906637802863855,False,False,True,False,False,17.143085058849167,0,1.0125024364436277,0.9505471556260964,False,False,False,False,0.22645088126529841,0.24675469225372998,False,False,False,False,-232679.0,-118028.49574332367,False,False,False,False,15972.279048686953,False,False,False,False
2025-07-21 18:00:00+00:00,1.175,1.175,1.135,1.14,32028.0,,,,,,,,,1.20816416732274,1.1855163501749364,,,,,,1.0653457403245707,1.0044637896382924,0.9875597668955193,0.982928362570124,0.9792230203561293,1.0653457403245707,0.913825394232063,0.8697224270428877,"rgba(38, 166, 154, 1.0)",0.0,0.0,0.11136797851195207,1.038199325744798,0.9140928623776421,0.0,0.0,0.0,0.0,0.0,0.0,0.0,0.0,58.702715575783756,13.642559570909043,False,True,True,False,False,13.407658011822473,0,1.006459840860573,0.947905403532119,False,False,False,False,0.19440118938177128,0.22057794081775062,False,False,False,False,-264707.0,-120302.58108063648,False,False,False,False,16221.20495490886,False,False,False,False
2025-07-21 19:00:00+00:00,1.135,1.15,1.115,1.125,43758.0,,,,,,,,,1.2016195894890522,1.1814672728181879,,,,,,1.067911161276438,1.007719580989478,0.9908237692458618,0.9858459785893902,0.9816545557927335,1.067911161276438,0.9153195435832404,0.8712738278783387,"rgba(38, 166, 154, 1.0)",0.0,0.0,0.1124674155013368,1.0397535652041356,0.7579656242287448,0.0,0.0,0.0,0.0,0.0,0.0,0.0,0.0,54.45422356796031,9.858954183659343,False,True,True,False,False,11.86761605686701,0,1.0041334839758604,0.9487447986993303,False,False,False,False,0.15880765062608085,0.18969279572191572,False,False,False,False,-308465.0,-123219.82788558785,False,False,False,False,16648.132009871515,False,False,False,False
2025-07-22 14:00:00+00:00,1.135,1.165,1.125,1.145,22494.0,,,,,,,,,1.1992831826912316,1.1801494327291655,,,,,,1.069452126944236,1.009525730081236,0.9926187448910898,0.9874526224269464,0.982997556851258,1.069452126944236,0.9161327153262395,0.8721099778052313,"rgba(38, 166, 154, 1.0)",0.0,0.0,0.11385235764155846,1.04089821797573,0.9143577188977834,0.0,0.0,0.0,0.0,0.0,0.0,0.0,0.0,53.34013929645755,8.93761655184609,False,True,True,False,False,13.329236643997074,0,1.0068399452804377,0.945253077975376,False,False,False,False,0.17852694788417464,0.18410987180304517,False,False,False,False,-285971.0,-125743.1018718578,False,False,False,False,16738.76562212157,False,False,False,False
2025-07-22 15:00:00+00:00,1.145,1.15,1.1,1.105,33336.0,,,,,,,,,1.1946180289637598,1.1770071135576938,,,,,,1.0708585351237268,1.0116066943844757,0.994751024904965,0.989381813561845,0.9846267364408773,1.0708585351237268,0.9171881096581599,0.8732196181566894,"rgba(38, 166, 154, 1.0)",0.0,0.0,0.11442760987936217,1.0418571558656793,0.5518147604489024,0.0,0.0,0.0,0.0,0.0,0.0,0.0,0.0,49.58707783693704,5.459319997463375,False,True,False,False,False,9.344118631884406,0,1.001355417604164,0.9490634064355228,False,False,False,False,0.14703554501860508,0.1655727084108251,False,False,False,False,-319307.0,-128744.09254051116,False,False,False,False,16996.08708534449,False,False,False,False
2025-07-22 16:00:00+00:00,1.105,1.115,1.08,1.09,9859.0,,,,,,,,,1.1929486015780901,1.1757924972470475,,,,,,1.0710622264803402,1.0120757306455237,0.9952513874594128,0.9898402388666145,0.9850182945032949,1.0710622264803402,0.9174621677129476,0.8735148186300552,"rgba(38, 166, 154, 1.0)",0.0,0.0,0.11472238057766328,1.0475855683476754,0.3697136638793121,0.0,0.0,0.0,0.0,0.0,0.0,0.0,0.0,46.11197840811489,2.27269036439057,False,True,False,True,False,7.912712008630308,0,1.0013783038754662,0.9556780714555969,False,False,False,False,0.10419034220547053,0.13488152530814781,False,False,False,False,-329166.0,-131851.4089352319,False,False,False,False,16885.434572393413,False,False,False,False
2025-07-22 17:00:00+00:00,1.085,1.095,1.085,1.085,10847.0,,,,,,,,,1.1910546582703694,1.1743901688504685,,,,,,1.0712210785918153,1.0125447124657003,0.9957597443731273,0.990308344053532,0.9854199750602526,1.0712210785918153,0.9177514297909868,0.8738289467926366,"rgba(239, 83, 80, 1.0)",0.0,0.0,0.11489389381528006,1.047459403986333,0.32674143739982087,0.0,0.0,0.0,0.0,0.0,0.0,0.0,0.0,43.46427153379335,-0.17205363147024855,False,True,False,True,False,7.436848646096529,0,1.0011103287656393,0.9613551427178681,False,False,False,False,0.09257760698751946,0.11372956614783364,False,False,False,False,-340013.0,-135078.72042460815,False,False,False,False,16791.81543173615,False,False,False,False
2025-07-22 18:00:00+00:00,1.085,1.095,1.08,1.095,4367.0,,,,,,,,,1.1903234386046304,1.1738488971594383,,,,,,1.0712903592207828,1.0127360162266879,0.9959665009956504,0.9904987321699784,0.9855834157931296,1.0712903592207828,0.9178687454556745,0.8739561361146283,"rgba(239, 83, 80, 1.0)",0.0,0.0,0.11513034094193512,1.052570333631844,0.3685359221645581,0.0,0.0,0.0,0.0,0.0,0.0,0.0,0.0,42.81144587211053,-0.8842474781593879,False,True,False,True,False,8.219048393833958,0,1.0049392097264438,0.9575010855405992,False,False,False,False,0.08480602845205386,0.09926779729994376,False,False,False,False,-335646.0,-138188.29065058322,False,False,False,False,16599.182634344892,False,False,False,False
2025-07-22 19:00:00+00:00,1.095,1.14,1.095,1.135,27392.0,,,,,,,,,1.1874149617273617,1.1718951907622726,,,,,,1.0724674456599672,1.0144232722624087,0.9976954576652858,0.9920711258231399,0.9869206481261951,1.0724674456599672,0.9187427758125687,0.8748730964706412,"rgba(239, 83, 80, 1.0)",0.0,0.0,0.11589493862978152,1.0556642519295922,0.6845488595825605,0.0,0.0,0.0,0.0,0.0,0.0,0.0,0.0,46.186212684275525,-0.8842474781593879,False,True,False,True,True,11.232346676305347,0,1.0063390159689254,0.9481819162710401,False,False,False,False,0.1321087244380031,0.11568826086897342,False,False,False,False,-308254.0,-140824.96831491526,False,False,False,False,16766.513136137994,False,False,False,False
2025-07-23 14:00:00+00:00,1.205,1.23,1.18,1.185,11061.0,,,,,,,,1.1983333333333335,1.187603081957237,1.1723017329425918,,,,,,1.0736065840856934,1.015549290247609,0.9987892559873509,0.9930523526854859,0.98774615008157,1.0736065840856934,0.9192222191801568,0.8753526543297835,"rgba(239, 83, 80, 1.0)",0.0,0.0,0.11753301177821698,1.0584042494345556,1.0771080282051204,0.0,0.0,0.0,0.0,0.0,0.0,0.0,0.0,51.817693038649566,-4.873283423445912,False,True,True,False,True,14.702682094725585,0,1.014976623788267,0.9348635727303943,False,False,False,False,0.2743597546038838,0.1950240077364286,False,False,False,False,-297193.0,-143249.27888367625,False,False,False,False,16678.055568135853,False,False,False,False
2025-07-23 15:00:00+00:00,1.185,1.195,1.18,1.185,2829.0,,,,,,,,1.195957163426926,1.187598973535028,1.1723580075100337,,,,,,1.0738676872794697,1.0158168328545367,0.9990508527281344,0.9932876395562036,0.987944609490451,1.0738676872794697,0.9193394647718949,0.8754706572315161,"rgba(239, 83, 80, 1.0)",0.0,0.0,0.11901946941951028,1.0588956290633675,1.0595272483710203,0.0,0.0,0.0,0.0,0.0,0.0,0.0,0.0,55.57201327489893,-1.4439472150846484,False,True,True,False,True,14.702682094725585,0,1.0147618041618252,0.9437519805640646,False,False,False,False,0.24520988641435923,0.22011694707539392,False,False,False,False,-297193.0,-145636.00324206884,False,False,False,False,16463.341528319794,False,False,False,False
2025-07-23 16:00:00+00:00,1.185,1.19,1.165,1.165,8292.0,,,,,,,,1.1875,1.1874178500083192,1.1723690795145005,,,,,,1.0745364506429358,1.0165353969782158,0.9997592371811682,0.9939266752759528,0.9884851567028204,1.0745364506429358,0.9196654176525192,0.8758012202082612,"rgba(239, 83, 80, 1.0)",0.0,0.0,0.11996658734531099,1.0599286018928074,0.8758388517359079,0.0,0.0,0.0,0.0,0.0,0.0,0.0,0.0,56.006102461126844,-0.9806183057285622,False,True,True,False,True,12.714526449654429,0,1.0073950574125365,0.9499556296555247,False,False,False,False,0.22873738073438196,0.22442716390488793,False,False,False,False,-305485.0,-148114.28226157164,False,False,False,False,16336.654062764448,False,False,False,False
2025-07-23 17:00:00+00:00,1.17,1.17,1.15,1.155,8397.0,,,,,,,,1.1794908270381634,1.1870486496918828,1.1722095603793725,,,,,,1.0751031400938948,1.017187434516172,1.0004092598251761,0.9945154762178942,0.988985186201922,1.0751031400938948,0.9199751784582754,0.8761183835604225,"rgba(239, 83, 80, 1.0)",0.0,0.0,0.120026135322109,1.0605854801099919,0.7866163451537613,0.0,0.0,0.0,0.0,0.0,0.0,0.0,0.0,55.301314939986646,-0.9806183057285622,False,True,True,False,True,11.733734423057008,0,1.0029020556227328,0.9547494289936853,False,False,False,False,0.20019593493382085,0.21231154941935437,False,False,False,False,-313882.0,-150684.32439705115,False,False,False,False,16213.558650938643,False,False,False,False
2025-07-23 18:00:00+00:00,1.155,1.2,1.155,1.195,6032.0,,,,,,,,1.1801239153988328,1.1870150766340635,1.1722996418147693,,,,,,1.0756263767955647,1.0177344470528387,1.0009463254050226,0.9949999981849114,0.9893953287637077,1.0756263767955647,0.9202204864281551,0.8763659231300508,"rgba(239, 83, 80, 1.0)",0.0,0.0,0.12050905073109229,1.0613272901191506,1.1092337801177354,0.0,0.0,0.0,0.0,0.0,0.0,0.0,0.0,57.76591226633123,1.1765261996951395,False,True,True,False,True,14.495136241429883,0,1.0039249192321043,0.9483886471043709,False,False,False,False,0.22873738073438196,0.22052446507686818,False,False,False,False,-307850.0,-153121.00153818214,False,False,False,False,16055.70502844347,False,False,False,False
2025-07-23 19:00:00+00:00,1.195,1.21,1.195,1.21,21339.0,,,,,,,,1.1892840667241875,1.1875721987858237,1.1732103549311217,,,,,,1.077801798546884,1.019890449311503,1.0030439418135595,0.9968891974229956,0.9909930282203785,1.077801798546884,0.9211558008720911,0.8773000189588247,"rgba(38, 166, 154, 1.0)",0.0,0.0,0.12112109840684304,1.0643925842156783,1.202163930971214,0.0,0.0,0.0,0.0,0.0,0.0,0.0,0.0,60.335923102350534,3.8616753620464976,False,False,True,False,True,15.489074263806177,0,1.0146065315495743,0.9441640631258512,False,False,False,False,0.2701686197621954,0.2453465424195318,False,False,False,False,-286511.0,-155189.06352983823,False,False,False,False,16137.616578390083,False,False,False,False
2025-07-24 14:00:00+00:00,1.25,1.25,1.165,1.175,13048.0,,,,,,,,1.1906408396480654,1.1877412583759552,1.1736031130668303,,,,,,1.079011501133695,1.0211262214354877,1.0042533880739655,0.997982127608904,0.9919207591504212,1.079011501133695,0.9217079879180962,0.8778541138369481,"rgba(38, 166, 154, 1.0)",0.0,0.0,0.12084970916558421,1.0756997368607322,0.8216839231545853,0.0,0.0,0.0,0.0,0.0,0.0,0.0,0.0,58.47747365202117,3.8616753620464976,False,False,True,False,True,12.083007577689884,0,1.0054508765952985,0.9353756649807385,False,False,False,False,0.2785603144653613,0.2619534284424465,False,False,False,False,-299559.0,-157427.35711852292,False,False,False,False,16089.71554616698,False,False,False,False
2025-07-24 15:00:00+00:00,1.175,1.195,1.175,1.18,14019.0,,,,,,,,1.1894358579264541,1.1876549443683195,1.173775069165011,,,,,,1.0801398681439074,1.0223354483809928,1.0054472259895064,0.9990652291386,0.9928439410671894,1.0801398681439074,0.9222701560071805,0.8784224961095969,"rgba(38, 166, 154, 1.0)",0.0,0.0,0.12049891480204028,1.0764525473190798,0.8593226988892922,0.0,0.0,0.0,0.0,0.0,0.0,0.0,0.0,57.62496397793498,3.8616753620464976,False,True,True,False,False,12.426347568503449,0,1.007826610475617,0.9505012695338062,False,False,False,False,0.24107984338600705,0.2515166359142268,False,False,False,False,-285540.0,-159413.59964381714,False,False,False,False,16057.611429172142,False,False,False,False
2025-07-24 16:00:00+00:00,1.185,1.185,1.155,1.165,35798.0,,,,,,,,1.183183089848115,1.1867348297098992,1.1735401031678065,,,,,,1.0825102643475875,1.025062771637836,1.0081736496690976,1.001553846433964,0.9949789193286338,1.0825102643475875,0.9236129157368597,0.8797933984231234,"rgba(38, 166, 154, 1.0)",0.0,0.0,0.11990859795304074,1.0777313358214473,0.7277932164024581,0.0,0.0,0.0,0.0,0.0,0.0,0.0,0.0,55.572748793121306,3.8616753620464976,False,True,True,False,False,10.989869805370322,0,1.0131526924800338,0.9520018977832836,False,False,False,False,0.21646304298313873,0.23398983944868276,False,False,False,False,-321338.0,-161924.05546329284,False,False,False,False,16363.66396515397,False,False,False,False
2025-07-24 17:00:00+00:00,1.165,1.195,1.165,1.185,11289.0,,,,,,,,1.18305350330043,1.1866598450534895,1.1736492717199833,,,,,,1.0833436317730507,1.0259799175006863,1.0090846145581343,1.0023850653480275,0.9956924162665305,1.0833436317730507,0.9240562301416653,0.8802428845410831,"rgba(38, 166, 154, 1.0)",0.0,0.0,0.12020303967016331,1.0785147126813954,0.8858784903509915,0.0,0.0,0.0,0.0,0.0,0.0,0.0,0.0,55.93027573959619,3.8616753620464976,False,True,True,False,False,12.389509778991197,0,1.0150342402854668,0.946396242751817,False,False,False,False,0.2328437528974975,0.23341679617309014,False,False,False,False,-310049.0,-164220.5662313038,False,False,False,False,16284.98700445391,False,False,False,False
2025-07-24 18:00:00+00:00,1.185,1.2,1.185,1.195,11248.0,,,,,,,,1.1838601019402126,1.1867567931179372,1.1739092582220045,,,,,,1.0842570421833295,1.0269507927682588,1.0100435244354884,1.0032590703941182,0.9964421763992666,1.0842570421833295,0.9245163576442456,0.8807066916988247,"rgba(38, 166, 154, 1.0)",0.0,0.0,0.12046855224198638,1.079492201437218,0.9588211729378177,0.0,0.0,0.0,0.0,0.0,0.0,0.0,0.0,56.986684185073216,3.8616753620464976,False,True,True,False,False,13.080290904788576,0,1.018731497733882,0.9457965471169212,False,False,False,False,0.25349479276000625,0.2434557944665482,False,False,False,False,-298801.0,-166307.0845843068,False,False,False,False,16206.89418267943,False,False,False,False
2025-07-24 19:00:00+00:00,1.195,1.22,1.195,1.22,19109.0,,,,,,,,1.1871307677945273,1.1873567666154508,1.1747378938712507,,,,,,1.0860295757089513,1.0287535463533894,1.0118105926710033,1.0048671604517525,0.9978203688673646,1.0860295757089513,0.9253475313435924,0.8815375254723606,"rgba(38, 166, 154, 1.0)",0.0,0.0,0.1211949207748516,1.0815855143425517,1.1420815721690691,0.0,0.0,0.0,0.0,0.0,0.0,0.0,0.0,59.56339679113341,4.518851428505812,False,False,True,False,True,14.775337596664855,0,1.0192789314410935,0.9427110508191588,False,False,False,False,0.2785603144653613,0.26100805446595476,False,False,False,False,-279692.0,-168064.99024966639,False,False,False,False,16251.88807132006,False,False,False,False
2025-07-25 14:00:00+00:00,1.195,1.195,1.175,1.185,16970.0,,,,,,,,1.1869292467113637,1.1873074117996945,1.1749340757880602,,,,,,1.0872374139772725,1.0300961206396753,1.0131481458119624,1.0060930964654835,0.9988787886209364,1.0872374139772725,0.9260132701886766,0.8822125513431534,"rgba(38, 166, 154, 1.0)",0.0,0.0,0.12124054562193148,1.0826229167601682,0.8444129207326219,0.0,0.0,0.0,0.0,0.0,0.0,0.0,0.0,57.444733283910274,4.518851428505812,False,False,True,False,True,11.396623165488947,1,1.0092219466831989,0.9410260384376937,False,False,False,False,0.24107984338600705,0.2510439489259809,False,False,False,False,-296662.0,-170058.74233881885,False,False,False,False,16263.021589594166,False,False,False,False
2025-07-25 15:00:00+00:00,1.185,1.22,1.175,1.2,13412.0,,,,,,,,1.1877223872960563,1.187486930782413,1.1752823518270672,,,,,,1.0882987290731199,1.031230929079758,1.014271624585468,1.0071215890714338,0.9997661866243648,1.0882987290731199,0.926563981027362,0.8827673269268749,"rgba(38, 166, 154, 1.0)",0.0,0.0,0.1212289590473855,1.0836659234922112,0.9596228279277438,0.0,0.0,0.0,0.0,0.0,0.0,0.0,0.0,57.264089299262636,4.518851428505812,False,False,True,False,True,12.426492387381543,1,1.011170894183961,0.9346656418139894,False,False,False,False,0.2618139134737871,0.25642893119988397,False,False,False,False,-283250.0,-171813.64555837205,False,False,False,False,16218.819704484178,False,False,False,False
2025-07-25 16:00:00+00:00,1.205,1.21,1.195,1.195,1023.0,,,,,,,,1.1877871743025252,1.1875024511646364,1.1753103814972345,,,,,,1.0883800626922207,1.0313177155560824,1.014357529508698,1.0072002656383512,0.9998341142856574,1.0883800626922207,0.9266061521159041,0.882809785574876,"rgba(38, 166, 154, 1.0)",0.0,0.0,0.12093933446079812,1.0837460432540764,0.9199154042143837,0.0,0.0,0.0,0.0,0.0,0.0,0.0,0.0,56.59808749055293,4.518851428505812,False,False,True,False,False,11.947628248537715,1,1.0162103466997596,0.9467928333204064,False,False,False,False,0.2701686197621954,0.2632987754810397,False,False,False,False,-284273.0,-173557.201441188,False,False,False,False,15983.225600538686,False,False,False,False
2025-07-25 17:00:00+00:00,1.195,1.195,1.19,1.195,6308.0,,,,,,,,1.1879619481051487,1.1875467079620317,1.175435530276261,,,,,,1.0888491767799193,1.0318298184446886,1.0148665242597463,1.0076672586572928,1.000238035806018,1.0888491767799193,0.9268595655315459,0.88306584488517,"rgba(38, 166, 154, 1.0)",0.0,0.0,0.12013441908399787,1.0841782581757582,0.9224811895644612,0.0,0.0,0.0,0.0,0.0,0.0,0.0,0.0,56.154086284746455,4.518851428505812,False,True,True,False,False,11.947628248537715,1,1.014025609724423,0.950338952235007,False,False,False,False,0.25349479276000625,0.25839678412052297,False,False,False,False,-284273.0,-175273.72544985174,False,False,False,False,15833.222102855914,False,False,False,False
2025-07-25 18:00:00+00:00,1.195,1.21,1.195,1.205,1596.0,,,,,,,,1.1880835357089756,1.187576966156748,1.1754844573867018,,,,,,1.088978500510429,1.0319668647696179,1.0150020377959978,1.0077913861523224,1.0003452443833811,1.088978500510429,0.9269260091195052,0.8831326499652311,"rgba(38, 166, 154, 1.0)",0.0,0.0,0.11932322935231035,1.08430782250856,1.0114726038388364,0.0,0.0,0.0,0.0,0.0,0.0,0.0,0.0,56.8700587474223,4.518851428505812,False,False,True,False,False,12.658715432616972,1,1.0143540669856461,0.9465102974828377,False,False,False,False,0.2701686197621954,0.26428270194135917,False,False,False,False,-282677.0,-176938.89249714086,False,False,False,False,15612.48997723024,False,False,False,False
2025-07-25 19:00:00+00:00,1.205,1.21,1.17,1.19,27752.0,,,,,,,,1.1883152595393904,1.1876551174562293,1.1759140214926718,,,,,,1.0909245781604844,1.0341326280269096,1.0171629938529103,1.0097793949491862,1.0020702346013024,1.0909245781604844,0.9280207904242815,0.8842416622151734,"rgba(38, 166, 154, 1.0)",0.0,0.0,0.11839797676017064,1.086015011503346,0.8782666000052354,0.0,0.0,0.0,0.0,0.0,0.0,0.0,0.0,55.35041130748742,4.518851428505812,False,True,True,False,False,11.171242867882583,1,1.0079369183040332,0.9461995863495347,False,False,False,False,0.24934814729970087,0.25681542462053003,False,False,False,False,-310429.0,-179008.50656695262,False,False,False,False,15800.6994349476,False,False,False,False
2025-07-28 14:00:00+00:00,1.365,1.45,1.355,1.405,84608.0,,,,,,,1.4033333333333333,1.2462283820923397,1.2069644206289243,1.1947342243870946,,,,,,1.1082546865824425,1.048939591721423,1.0311736790775465,1.022448903229161,1.012896794813126,1.1082546865824425,0.9339756365765767,0.8898986856143877,"rgba(38, 166, 154, 1.0)",0.0,0.0,0.12295568823144984,1.1278690425475344,2.25390920451601,0.0,0.0,0.0,0.0,0.0,0.0,0.0,0.0,64.25067955177491,9.976828215257541,True,False,True,False,True,20.0,0,1.0120434643969682,0.9293580907061739,False,False,False,False,0.342828126957563,0.2998217757890465,False,False,False,False,-225821.0,-179734.28165893786,False,False,False,False,16867.479288669343,False,False,False,False
2025-07-28 15:00:00+00:00,1.405,1.43,1.365,1.425,39078.0,,,,,,,1.4043864840537057,1.2639788500449216,1.2148943116693085,1.2025365650993014,,,,,,1.1157093537837877,1.0554454578455226,1.037362186802053,1.0280780675671402,1.0177434931886902,1.1157093537837877,0.9366951033123782,0.8924867787398886,"rgba(38, 166, 154, 1.0)",0.0,0.0,0.12768614220702557,1.1363121111904593,2.2609179337681997,0.0,0.0,0.0,0.0,0.0,0.0,0.0,0.0,70.55073571393669,15.418686838181287,True,False,True,False,True,20.0,0,1.005977011494253,0.9333817301875379,False,False,False,False,0.3364685243466548,0.31814515006785066,False,False,False,False,-186743.0,-179842.9439587993,False,True,False,False,17211.828446984546,False,False,False,False
2025-07-28 16:00:00+00:00,1.42,1.45,1.37,1.39,37798.0,,,,,,,1.4041399767159595,1.277450051917362,1.2218641645741959,1.20944094562923,,,,,,1.1224952085774138,1.061459352985315,1.0431046587036596,1.0333215347331044,1.022280043342716,1.1224952085774138,0.9392774418273252,0.894949484572987,"rgba(38, 166, 154, 1.0)",0.0,0.0,0.13072464620080404,1.162069366041321,1.7435934277347995,0.0,0.0,0.0,0.0,0.0,0.0,0.0,0.0,71.76750882524297,16.169818168274816,True,False,True,False,True,20.0,0,1.0080158882082695,0.9341500765696783,False,False,False,False,0.3428281285816431,0.33048663932474687,False,False,False,False,-224541.0,-180535.93707571714,False,False,False,False,17530.993897418895,False,False,False,False
2025-07-28 17:00:00+00:00,1.385,1.42,1.38,1.38,16245.0,,,,,,,1.40315221488896,1.282072567040965,1.2245472852850017,1.2121189516984519,,,,,,1.1252138922050356,1.0639068712162034,1.0454507001262612,1.0354706468389319,1.0241468392251645,1.1252138922050356,0.9403548031240366,0.895979960931503,"rgba(38, 166, 154, 1.0)",0.0,0.0,0.13357941838553306,1.1645401572279412,1.6129718588099005,0.0,0.0,0.0,0.0,0.0,0.0,0.0,0.0,71.75160874113082,16.169818168274816,True,False,True,False,True,20.0,0,1.011723413399551,0.9395683109689126,False,False,False,False,0.330296134539267,0.3303913869320069,False,False,False,False,-240786.0,-181470.0465784192,False,False,False,False,17511.05600753643,False,False,False,False
2025-07-28 18:00:00+00:00,1.385,1.39,1.35,1.365,43155.0,,,,,,,1.3963495092446712,1.2903375177062473,1.2302857330899266,1.2179372468162242,,,,,,1.1315285631629426,1.0697563934920629,1.0510959061925083,1.0406668457491954,1.0286862536950145,1.1315285631629426,0.9430355547266142,0.8985602809923541,"rgba(38, 166, 154, 1.0)",0.0,0.0,0.13556611608595903,1.169310479789684,1.4434987580984777,0.0,0.0,0.0,0.0,0.0,0.0,0.0,0.0,70.46403751123529,16.169818168274816,True,False,True,False,True,19.384382885288346,0,1.0049561299502017,0.941972966563908,False,False,False,False,0.29327649640415454,0.31183394166808076,False,False,False,False,-283941.0,-183058.74353069178,False,False,False,False,17908.636534551366,False,False,False,False
2025-07-28 19:00:00+00:00,1.36,1.37,1.34,1.36,52286.0,,,,,,,1.3887540298471037,1.2972365451078063,1.2361148881502417,1.223927274824304,,,,,,1.1383973190919512,1.076283845647318,1.0574345681177244,1.0465326074368766,1.033844752321865,1.1383973190919512,0.9461509893075788,0.9015723317455214,"rgba(38, 166, 154, 1.0)",0.0,0.0,0.1371705808161595,1.1744256808454583,1.3528725915599542,0.0,0.0,0.0,0.0,0.0,0.0,0.0,0.0,69.16127232789887,16.169818168274816,True,False,True,False,False,18.938371515562523,0,1.0076563870386612,0.9457178751748169,False,False,False,False,0.27506137056086066,0.2934476561144707,False,False,False,False,-336227.0,-185433.44518137872,False,False,False,False,18441.618913860646,False,False,False,False
2025-07-29 14:00:00+00:00,1.27,1.275,1.215,1.225,61690.0,,,,,,,1.3610425899380834,1.2907981060109406,1.236229383733207,1.2246255963012234,,,,,1.2383333333333335,1.141869659011438,1.0805199892367863,1.0617562178423463,1.0506432364972147,1.0375702864042282,1.141869659011438,0.948724621100491,0.9041646661167915,"rgba(239, 83, 80, 1.0)",0.0,0.0,0.13639574604341534,1.1725715466141786,0.3843848133587192,0.0,0.0,0.0,0.0,0.0,0.0,0.0,0.0,60.00384630484394,16.11589271289003,False,False,True,False,False,8.117197759175411,0,0.9925534857985985,0.9454537071191442,False,False,False,False,0.14601352222367497,0.21973058916907284,False,False,False,False,-397917.0,-188727.76386073718,False,False,False,False,19112.136450079863,False,False,False,False
2025-07-29 15:00:00+00:00,1.225,1.24,1.21,1.225,68170.0,,,,,,,1.3380318379938632,1.2837070575488918,1.2356235041125034,1.2246446319268918,,,,,1.2313340007187228,1.1449434586557246,1.0845763973707403,1.0659548979192723,1.0546769948396013,1.0412692482802512,1.1449434586557246,0.9513878369528344,0.9068708123796214,"rgba(239, 83, 80, 1.0)",0.0,0.0,0.1355867626481528,1.1712453007413277,0.3964597886164274,0.0,0.0,0.0,0.0,0.0,0.0,0.0,0.0,53.898895622807316,10.770489239430965,False,True,False,False,False,8.117197759175411,0,0.9900994647738497,0.9523120391427194,False,False,False,False,0.12317776114316992,0.17145417515612138,False,False,False,False,-397917.0,-191971.00783188854,False,False,False,False,19872.72348186157,False,False,False,False
2025-07-29 16:00:00+00:00,1.225,1.225,1.215,1.215,10000.0,,,,,,,1.3351337796285985,1.2826896500205431,1.2354877313636925,1.22459790949657,,,,,1.230404452071119,1.1453393806077574,1.085125017732678,1.0665276555149816,1.0552305223746905,1.0417803685854645,1.1453393806077574,0.9517647835258888,0.9072557094038224,"rgba(239, 83, 80, 1.0)",0.0,0.0,0.1347058458705963,1.171082109538002,0.3260280960945627,0.0,0.0,0.0,0.0,0.0,0.0,0.0,0.0,49.35865212997838,6.8955165647096095,False,True,False,True,False,7.38522527247731,0,0.997453232080015,0.9560335247268011,False,False,False,False,0.11748964727875763,0.14447191121743952,False,False,False,False,-407917.0,-195319.00771046392,False,False,False,False,19719.658001522632,False,False,False,False
2025-07-29 17:00:00+00:00,1.215,1.215,1.21,1.215,19297.0,,,,,,,1.329697192942688,1.280667483570019,1.2351570334088564,1.2244392554628456,,,,,1.2283346632570358,1.1460399251551836,1.086131805051796,1.0675848168896491,1.0562557267976385,1.0427306849772013,1.1460399251551836,0.9524755889488974,0.9079838675631343,"rgba(239, 83, 80, 1.0)",0.0,0.0,0.13333074195229958,1.1707344724192834,0.3319979093535166,0.0,0.0,0.0,0.0,0.0,0.0,0.0,0.0,46.33182313475909,4.295669215211859,False,True,False,True,False,7.38522527247731,0,0.9973797492045668,0.9581227774658431,False,False,False,False,0.1089715283959839,0.1267217198067117,False,False,False,False,-407917.0,-198615.10061417767,False,False,False,False,19713.105164289726,False,False,False,False
2025-07-29 18:00:00+00:00,1.21,1.24,1.21,1.235,15164.0,,,,,,,1.326262304716743,1.2794952829561619,1.2350779198603385,1.2244818824468142,,,,,1.2283345475683751,1.1467008505701834,1.0870039286757658,1.0684893380672205,1.0571281191422819,1.0435351214185704,1.1467008505701834,0.9530634138003738,0.9085816332476518,"rgba(239, 83, 80, 1.0)",0.0,0.0,0.1322946832431885,1.1707059823368877,0.48599094148723254,0.0,0.0,0.0,0.0,0.0,0.0,0.0,0.0,45.884680742631716,3.8479554723408924,False,True,False,True,False,8.602898698729796,0,0.991958483332554,0.9523119360418906,False,False,False,False,0.12317776114316992,0.12494974047494081,False,False,False,False,-392753.0,-201624.99052713616,False,False,False,False,19642.576402052673,False,False,False,False
2025-07-29 19:00:00+00:00,1.235,1.295,1.235,1.255,85783.0,,,,,,,1.315871384441519,1.2774903010328669,1.2367144624268498,1.226650279290113,,,,,1.23932757025395,1.1516971358740706,1.0928605796652782,1.0744487928547908,1.0628306800470135,1.0487553998317005,1.1516971358740706,0.9567391708911704,0.912269824271041,"rgba(239, 83, 80, 1.0)",0.0,0.0,0.13138258159264157,1.1731965281837873,0.622635594647154,0.0,0.0,0.0,0.0,0.0,0.0,0.0,0.0,47.08154283601876,3.8479554723408924,False,True,False,True,False,9.801028558379691,0,0.997843328231529,0.9396827605398635,False,False,False,False,0.16900152890576758,0.14697563469035418,False,False,False,False,-306970.0,-203258.24648795577,False,False,False,False,20668.009326051855,False,False,False,False
2025-07-30 14:00:00+00:00,1.235,1.24,1.16,1.185,17889.0,,,,,,,1.3119482832967138,1.2756000777095329,1.2361858200322047,1.2262700142383172,,,,,1.2364750671179972,1.1520860571978069,1.0935698324620864,1.0752193800067273,1.0635946786267452,1.049481635922075,1.1520860571978069,0.9573295165684458,0.9128843585270718,"rgba(239, 83, 80, 1.0)",0.0,0.0,0.12958960866471916,1.1794819745204101,0.04258077122423004,0.0,0.0,0.0,0.0,0.0,0.0,0.0,0.0,43.87180327470176,1.518784260433371,False,True,False,True,False,4.666812043453504,0,0.9774221532280156,0.9499360788969042,False,False,False,False,0.09480897521714145,0.12089230495374781,False,False,False,False,-324859.0,-205143.5294881425,False,False,False,False,20624.923910144073,False,False,False,False
2025-07-30 15:00:00+00:00,1.185,1.185,1.18,1.185,17446.0,,,,,,,1.3080021332761178,1.2735832588885785,1.2355405878852725,1.2257727490386485,,,,,1.2333369889102885,1.15235737586584,1.0941736227490924,1.0758891764032423,1.0642658983321263,1.0501267455086551,1.15235737586584,0.9578743091258587,0.9134564289015943,"rgba(239, 83, 80, 1.0)",0.0,0.0,0.1275558440077981,1.1786752495467088,0.04958416842825815,0.0,0.0,0.0,0.0,0.0,0.0,0.0,0.0,41.73197690049042,-0.787872027563381,False,True,False,True,False,4.666812043453504,0,0.9840748230535896,0.9616462910193954,False,False,False,False,0.0750436452912761,0.09796797512251196,False,False,False,False,-324859.0,-206999.58329452787,False,False,False,False,20575.638268126335,False,False,False,False
2025-07-30 16:00:00+00:00,1.185,1.185,1.18,1.185,9440.0,,,,,,,1.3059661926007426,1.2725282936938878,1.235197979399131,1.2255084521574378,,,,,1.2317887205525255,1.152502230600701,1.0944969581791408,1.0762481533469193,1.064625965997635,1.050473227234394,1.152502230600701,0.958168001751577,0.9137649672644101,"rgba(239, 83, 80, 1.0)",0.0,0.0,0.12558144943917646,1.1783483059147342,0.05296717082794575,0.0,0.0,0.0,0.0,0.0,0.0,0.0,0.0,40.30542598434953,-2.4777450397906904,False,True,False,True,False,4.666812043453504,0,0.9932086317594975,0.9560994831142942,False,False,False,False,0.0750436452912761,0.08650581020689403,False,False,False,False,-324859.0,-208826.86107290725,False,False,False,False,20402.992713581738,False,False,False,False
2025-07-30 17:00:00+00:00,1.185,1.215,1.185,1.215,17626.0,,,,,,,1.3029786069025335,1.2710859063552904,1.234832436994758,1.2252727212850485,,,,,1.2303246254580036,1.1529566480380167,1.095240165299032,1.077046365162664,1.0654141259552699,1.0512200817776656,1.1529566480380167,0.9587669007983333,0.9143853257995671,"rgba(239, 83, 80, 1.0)",0.0,0.0,0.12323953731152171,1.1783932815230806,0.297037130092317,0.0,0.0,0.0,0.0,0.0,0.0,0.0,0.0,42.04681229346888,-2.4777450397906904,False,True,False,True,False,6.553792645590608,0,0.9974958263772956,0.9455805972917828,False,False,False,False,0.09480897521714171,0.09065739271201786,False,False,False,False,-307233.0,-210352.53764542032,False,False,False,False,20359.93856298357,False,False,False,False
2025-07-30 18:00:00+00:00,1.215,1.225,1.205,1.215,24482.0,,,,,,,1.2995054666264618,1.2694698900015968,1.2345045019184908,1.2251112916208262,,,,,1.2292433818365918,1.1536937239215852,1.0963485785314988,1.0782241534330093,1.06657166997394,1.0523122268611305,1.1536937239215852,0.9596275364973265,0.9152721130212896,"rgba(239, 83, 80, 1.0)",0.0,0.0,0.12052604181984057,1.1786426603876503,0.3016554685060997,0.0,0.0,0.0,0.0,0.0,0.0,0.0,0.0,43.207736499548446,-2.4777450397906904,False,True,False,True,False,6.5537926455905975,0,0.9999766518795238,0.949311230445949,False,False,False,False,0.11180909132060922,0.10123324201631353,False,False,False,False,-307233.0,-211854.56031758434,False,False,False,False,20423.846492239638,False,False,False,False
2025-07-30 19:00:00+00:00,1.215,1.215,1.195,1.195,26581.0,,,,,,,1.2954842816307892,1.2674131060796263,1.2339253626438569,1.2247179967792459,,,,,1.2272811777240022,1.1543046262419436,1.0973963716410504,1.0793579002603995,1.0676972516506988,1.0533857940752467,1.1543046262419436,0.960506990724072,0.916186457146262,"rgba(239, 83, 80, 1.0)",0.0,0.0,0.11767764486469853,1.1784003363928315,0.14106046757015123,0.0,0.0,0.0,0.0,0.0,0.0,0.0,0.0,42.49052919958708,-2.4777450397906904,False,True,False,True,False,5.0627359767282165,0,0.9976644245142006,0.9449738415545593,False,False,False,False,0.10046913210928403,0.10085118706279877,False,False,False,False,-333814.0,-213745.4043436683,False,False,False,False,20519.306236546,False,False,False,False
2025-07-31 14:00:00+00:00,1.265,1.315,1.265,1.27,32424.0,,,,,,1.2833333333333334,1.2949041809367035,1.2679811775417344,1.234965897980163,1.2258933928037279,,,,,1.231757707048415,1.1562782427113791,1.099625806550225,1.0816177834074303,1.0698667678021705,1.0553844765139728,1.1562782427113791,0.961931519595075,0.9176107260961416,"rgba(239, 83, 80, 1.0)",0.0,0.0,0.11537467703487672,1.180785537075104,0.7732586146085364,0.0,0.0,0.0,0.0,0.0,0.0,0.0,0.0,47.77005404818125,-8.427867097886406,False,True,False,False,True,9.635680404324571,0,0.9984943194780308,0.9287767486426062,False,False,False,False,0.19799049493455884,0.1494208409986788,False,False,False,False,-301390.0,-215104.23528407654,False,False,False,False,20703.875132103425,False,False,False,False
2025-07-31 15:00:00+00:00,1.275,1.315,1.27,1.315,16094.0,,,,,,1.288861865699328,1.295022140525696,1.2685384041719563,1.2356386919416253,1.2266237342825692,,,,,1.2343597631762249,1.1573612004189389,1.100811278323921,1.082812159312042,1.071010316802379,1.0564352928003253,1.1573612004189389,0.9626703660450314,0.9183456118617792,"rgba(239, 83, 80, 1.0)",0.0,0.0,0.11347519859201266,1.1820691746709948,1.1714526784565762,0.0,0.0,0.0,0.0,0.0,0.0,0.0,0.0,53.58355425838337,-2.9590962333542947,False,False,True,False,True,12.151655300898263,0,1.0001590511463045,0.9306082570266525,False,False,False,False,0.2009067578359652,0.17516379941732202,False,False,False,False,-285296.0,-216192.4796982769,False,False,False,False,20632.40419982275,False,False,False,False
2025-07-31 16:00:00+00:00,1.31,1.345,1.305,1.34,65073.0,,,,,,1.3124287135424464,1.2980157317862837,1.27257890160573,1.2394272615222999,1.230585208854257,,,,,1.2471350524161517,1.1624654305152695,1.1061657039780746,1.088160123712181,1.0761113201767845,1.0611057683074583,1.1624654305152695,0.9658878876200776,0.9215197224826087,"rgba(38, 166, 154, 1.0)",0.0,0.0,0.11257847948539927,1.2009086485465221,1.2355056853607376,0.0,0.0,0.0,0.0,0.0,0.0,0.0,0.0,58.544133649718766,1.5465044572882647,True,False,True,False,True,13.493759272871628,0,1.0019029926825402,0.9296119254208106,False,False,False,False,0.2391460508029511,0.20715492511013656,False,False,False,False,-220223.0,-216254.96838512534,False,False,False,False,21321.405685096815,False,False,False,False
2025-07-31 17:00:00+00:00,1.335,1.34,1.275,1.275,56561.0,,,,,,1.3071891798705473,1.2979223232830206,1.2738809012766166,1.241357430049293,1.2327153186331081,,,,,1.252287626597023,1.1658277956564138,1.1099571284202225,1.0920087540092145,1.079823551528205,1.0645502441985868,1.1658277956564138,0.9683872281608478,0.9240172255676038,"rgba(38, 166, 154, 1.0)",0.0,0.0,0.11138657458688377,1.202953185004564,0.6468177629363931,0.0,0.0,0.0,0.0,0.0,0.0,0.0,0.0,56.94782732739713,1.5465044572882647,True,False,True,False,True,8.748947919285232,0,0.9933898001254818,0.931388366048221,False,False,False,False,0.21847719311752378,0.21281605911383017,False,False,False,False,-276784.0,-217193.40298380557,False,False,False,False,21867.755984552678,False,False,False,False
2025-07-31 18:00:00+00:00,1.275,1.315,1.275,1.305,24447.0,,,,,,1.3060766413667766,1.2979342661343392,1.2744391340658918,1.2421759243752541,1.233616982947692,,,,,1.2542688739989005,1.167247353508458,1.1115637730269707,1.0936417868072716,1.0814017034800094,1.06601851228152,1.167247353508458,0.9694612751044944,0.9250912242494214,"rgba(38, 166, 154, 1.0)",0.0,0.0,0.11095669875315965,1.203977517211045,0.9104676321859136,0.0,0.0,0.0,0.0,0.0,0.0,0.0,0.0,57.43070707384835,1.5465044572882647,True,False,True,False,True,10.380686081427982,0,0.9942444117253381,0.9373131664658904,False,False,False,False,0.20382639666224625,0.2083212278880382,False,False,False,False,-252337.0,-217738.2649530489,False,False,False,False,21907.74426386194,False,False,False,False
2025-07-31 19:00:00+00:00,1.305,1.345,1.3,1.305,143409.0,,,,,,1.3105697448975566,1.3006622739941738,1.2794263430039061,1.2479654098787114,1.239812004849877,,,,,1.2668443473828985,1.1760823575679384,1.12133646072,1.103537294472525,1.090964068690234,1.0749247653981262,1.1760823575679384,0.9759671044618969,0.9315728303478905,"rgba(38, 166, 154, 1.0)",0.0,0.0,0.10995259088099138,1.2117471660035695,0.8481185686416784,0.0,0.0,0.0,0.0,0.0,0.0,0.0,0.0,57.752626904815834,1.5465044572882647,True,False,True,False,True,10.380686081427982,0,0.9990215699355127,0.9339559706470979,False,False,False,False,0.23618144413914888,0.22225133601359354,False,False,False,False,-252337.0,-218274.67944990087,False,False,False,False,23791.484662871833,False,False,False,False
2025-08-01 14:00:00+00:00,1.195,1.265,1.175,1.215,37241.0,,,,,,1.3014158865180188,1.2976622240139388,1.277608405799186,1.2473791817381275,1.2394038499873796,,,,1.2183333333333333,1.2644317436703494,1.1767213031175965,1.1225219679006273,1.104844913529284,1.0922943936499245,1.076235943088369,1.1767213031175965,0.9771407180814655,0.9328001809895058,"rgba(38, 166, 154, 1.0)",0.0,0.0,0.10758532776150648,1.2165277843846747,-0.014200676025836639,0.0,0.0,0.0,0.0,0.0,0.0,0.0,0.0,52.59630416378468,1.5465044572882647,False,True,False,False,False,4.281150898786201,0,0.978161569582808,0.9440988384739201,False,False,False,False,0.11748964727875745,0.1698704916461755,False,False,False,False,-289578.0,-219380.1572878869,False,False,False,False,24000.004280501726,False,False,False,False
2025-08-01 15:00:00+00:00,1.215,1.245,1.2,1.235,14090.0,,,,,,1.2987107465045458,1.2966967287823847,1.2770412679424266,1.2472252995105226,1.239312927906522,,,,1.2206207749702909,1.2637342668678269,1.177005444291552,1.1230013365752975,1.105367672143982,1.092823301004324,1.0767545197109798,1.177005444291552,0.9775970317505049,0.9332752824173063,"rgba(38, 166, 154, 1.0)",0.0,0.0,0.10516602674810535,1.2163872969176865,0.1769839905323691,0.0,0.0,0.0,0.0,0.0,0.0,0.0,0.0,50.40021509767409,7.11477750740395,False,True,False,False,False,5.408490511733227,0,0.9836947094535996,0.9487424111014743,False,False,False,False,0.12033273554877943,0.14510161359747747,False,False,False,False,-275488.0,-220250.04632218322,False,False,False,False,23846.360803284642,False,False,False,False
2025-08-01 16:00:00+00:00,1.235,1.245,1.22,1.225,6819.0,,,,,,1.2975280401590612,1.2962606306541273,1.2767891696491775,1.24716358697651,1.2392808656451622,,,,1.2217206362854687,1.2634354151130833,1.177150951952028,1.1232391597450524,1.1056259670062607,1.0930841165494156,1.0770097603438051,1.177150951952028,0.9778202181495402,0.9335072674822786,"rgba(38, 166, 154, 1.0)",0.0,0.0,0.10210933405375892,1.2163421742417588,0.08478975833573696,0.0,0.0,0.0,0.0,0.0,0.0,0.0,0.0,48.398993463729546,5.027319401568384,False,True,False,True,False,4.759785149941891,0,0.9859347232456331,0.9492219669715225,False,False,False,False,0.13172494370678345,0.13841327865213046,False,False,False,False,-282307.0,-221212.16963501758,False,False,False,False,23582.370713311237,False,False,False,False
2025-08-01 17:00:00+00:00,1.225,1.265,1.215,1.235,12117.0,,,,,,1.2957712285428529,1.295595325997563,1.2764264163036954,1.2471077273346642,1.2392751042508243,,,,1.224585367242091,1.263046383140008,1.1774480102135947,1.1236919443657114,1.1061128875468418,1.0935731927597565,1.0774858085550578,1.1774480102135947,0.9782289094784344,0.9339301598958173,"rgba(38, 166, 154, 1.0)",0.0,0.0,0.09972496682882498,1.2163879037093825,0.18663426905485642,0.0,0.0,0.0,0.0,0.0,0.0,0.0,0.0,47.76749961064309,4.138650554266768,False,True,False,True,False,5.333300097127154,0,0.983456673263919,0.9452930040444024,False,False,False,False,0.14029130528270267,0.13935229196741655,False,False,False,False,-270190.0,-221971.5158422266,False,False,False,False,23404.61302783354,False,False,False,False
2025-08-01 18:00:00+00:00,1.235,1.235,1.23,1.235,2718.0,,,,,,1.295358311049904,1.2954353343777074,1.2763354264209656,1.2470882093042053,1.2392670112071715,,,,1.2249111461259163,1.262943446504903,1.177508808961342,1.1237886126754553,1.106217508104558,1.0936786733412784,1.077588899372814,1.177508808961342,0.9783186493335636,0.9340233035791178,"rgba(38, 166, 154, 1.0)",0.0,0.0,0.09611029892972758,1.216374212697,0.19379595642105463,0.0,0.0,0.0,0.0,0.0,0.0,0.0,0.0,47.34650370858546,3.3403162083722435,False,True,False,True,False,5.333300097127154,0,0.9912723335138065,0.951099079588522,False,False,False,False,0.13172494370678345,0.1355386178371,False,False,False,False,-270190.0,-222719.08924002154,False,False,False,False,23083.89034523147,False,False,False,False
2025-08-01 19:00:00+00:00,1.235,1.235,1.21,1.215,17992.0,,,,,,1.2921977186459508,1.2941736410457587,1.2755588771967463,1.2468364884665868,1.2390948472808545,,,,1.2239398968970179,1.261980720691759,1.1778126240724947,1.1243468755492616,1.1068335465461054,1.0943066327006141,1.0782097632508572,1.1778126240724947,0.9788801242708952,0.934611015101481,"rgba(38, 166, 154, 1.0)",0.0,0.0,0.09320438212255945,1.2159768545244583,-0.010480778931334495,0.0,0.0,0.0,0.0,0.0,0.0,0.0,0.0,45.7085435316898,1.384902945119073,False,True,False,True,False,3.9901951739498926,0,0.9819278406031235,0.9487129779213783,False,False,False,False,0.12033273554877943,0.1279356766929397,False,False,False,False,-288182.0,-223734.01808901344,False,False,False,False,23004.94630887129,False,False,False,False
2025-08-04 14:00:00+00:00,1.285,1.325,1.285,1.325,17410.0,,,,,1.3116666666666665,1.2929570335689242,1.2944522471952942,1.2760341610876107,1.2474142487391873,1.2397169700610402,,,,1.2380312829644393,1.2630356857565523,1.1787323678203199,1.1253927597969273,1.1079010825601545,1.0953471990892867,1.0791904952009221,1.1787323678203199,0.9796265680429087,0.935359349230747,"rgba(38, 166, 154, 1.0)",0.0,0.0,0.09104584840459748,1.2174356844031429,1.1814302077657994,0.0,0.0,0.0,0.0,0.0,0.0,0.0,0.0,51.35954029990944,1.384902945119073,False,True,True,False,True,10.08161655578698,0,0.9833982114676489,0.9372751183587584,False,False,False,False,0.21553983131578036,0.17173775400436003,False,False,False,False,-270772.0,-224463.28912639307,False,False,False,False,22918.20295524538,False,False,False,False
2025-08-04 15:00:00+00:00,1.325,1.335,1.31,1.335,13322.0,,,,,1.3181690095014968,1.2939338948382009,1.2948401170103319,1.2765390546893152,1.2479510358744197,1.2402836101773187,,,,1.2477331175180144,1.2640529750725542,1.1795061120555514,1.126249021598379,1.1087700499921485,1.0961914760564655,1.0799834598868914,1.1795061120555514,0.9802211844711788,0.935952711162206,"rgba(38, 166, 154, 1.0)",0.0,0.0,0.0886339489795696,1.218617311539972,1.3130712306054921,0.0,0.0,0.0,0.0,0.0,0.0,0.0,0.0,55.558646266096396,-0.5263698874399765,False,False,True,False,True,10.59413205173054,0,0.9887179487179489,0.9355102040816325,False,False,False,False,0.23618144413914888,0.20395959907175445,False,False,False,False,-257450.0,-224974.7110004025,False,False,False,False,22769.42461485398,False,False,False,False
2025-08-04 16:00:00+00:00,1.335,1.35,1.335,1.345,10499.0,,,,,1.3245768151795172,1.2950368873028562,1.2952959372841975,1.2770598758041984,1.2484574710004654,1.240810160389203,,,,1.2553249929404173,1.2650394413736217,1.1801786342812257,1.1269744130035884,1.109502040814709,1.0969003192159825,1.0806468007818317,1.1801786342812257,0.9807108398078023,0.9364389637181534,"rgba(38, 166, 154, 1.0)",0.0,0.0,0.08604068804932485,1.2196499420159834,1.4568695442341961,0.0,0.0,0.0,0.0,0.0,0.0,0.0,0.0,58.809333043809076,2.467428752984574,True,False,True,False,True,11.108831919315055,0,0.9939697443922799,0.932582159624413,False,False,False,False,0.26001742135284006,0.23198851021229727,False,False,False,False,-246951.0,-225315.42865931097,False,False,False,False,22579.185473538415,False,False,False,False
2025-08-04 17:00:00+00:00,1.345,1.375,1.335,1.345,23318.0,,,,,1.334362887109018,1.2977124743854185,1.2964486908971429,1.278329907027383,1.2496603623920763,1.2420540925647088,,,,1.2697694919177502,1.2673690100280397,1.1817280077869867,1.128629665478997,1.1111689041979702,1.0985129373471423,1.0821545368931602,1.1817280077869867,0.9818185254212608,0.9375368097453687,"rgba(38, 166, 154, 1.0)",0.0,0.0,0.08496936384835434,1.2219081327242598,1.44866174937385,0.0,0.0,0.0,0.0,0.0,0.0,0.0,0.0,60.976457562284196,4.507108583380763,True,False,True,False,True,11.108831919315033,0,0.9940196585618213,0.9279668908432487,False,False,False,False,0.27506137056086066,0.25352494038657897,False,False,False,False,-246951.0,-225650.8638738953,False,False,False,False,22590.639962320765,False,False,False,False
2025-08-04 18:00:00+00:00,1.345,1.345,1.33,1.335,6713.0,,,,,1.3345799070098137,1.2982352151370553,1.2966840760777167,1.2786144058838789,1.2499513197460692,1.2423587480649274,,,,1.2725375115313418,1.2679013826343866,1.1821299645102281,1.1290699384250495,1.1116148654692009,1.098946130444812,1.0825615074988661,1.1821299645102281,0.9821233072163817,0.93784038350845,"rgba(38, 166, 154, 1.0)",0.0,0.0,0.08429105517184617,1.2224150136586565,1.335669438611414,0.0,0.0,0.0,0.0,0.0,0.0,0.0,0.0,61.43323382551966,5.095416579078297,True,False,True,False,True,10.398231685814718,0,0.993006704486849,0.9343785456420833,False,False,False,False,0.2540322789245051,0.253778609655542,False,False,False,False,-253664.0,-226085.1760618969,False,False,False,False,22344.47500166463,False,False,False,False
2025-08-04 19:00:00+00:00,1.335,1.38,1.33,1.375,21584.0,,,,,1.3408767923945746,1.3008588700173043,1.297884334030197,1.279896582792775,1.251139718209716,1.2435813117439716,,,,1.2830028161147773,1.2701616374376117,1.183615149219066,1.1306419478671765,1.1131948300933596,1.1004736996874582,1.0839891208628705,1.183615149219066,0.98316856996488,0.9388743165719131,"rgba(38, 166, 154, 1.0)",0.0,0.0,0.08362965334688499,1.2362624217240992,1.6589519712635337,0.0,0.0,0.0,0.0,0.0,0.0,0.0,0.0,63.866234491688985,7.622810177264071,True,False,True,False,True,12.503311513136616,0,0.9930781010719757,0.9279019908116383,False,False,False,False,0.27506137056086066,0.26441999010820133,False,False,False,False,-232080.0,-226178.11906868918,False,False,False,False,22332.684691561302,False,False,False,False
2025-08-05 14:00:00+00:00,1.19,1.19,1.12,1.13,29041.0,,,,,1.2946039637806603,1.2927301290801976,1.2942174372291482,1.2771854600695665,1.2496655019685365,1.2422632845162653,,,1.1466666666666665,1.2644024979955906,1.2662820806830801,1.1832084284572644,1.130786355513906,1.1134769930464745,1.1008322730370512,1.0844175270438146,1.1832084284572644,0.9837721711990861,0.9395541312818162,"rgba(239, 83, 80, 1.0)",0.0,0.0,0.08145008973057274,1.2273454053857793,-1.1951540594711005,0.0,0.0,0.0,0.0,0.0,0.0,0.0,0.0,53.14248666000553,10.148137308531261,False,False,False,False,False,0.0,0,0.9711014070839401,0.9324405628335757,False,False,False,False,0.044095773010831125,0.15425788155951622,False,False,False,False,-261121.0,-226719.8691606475,False,False,False,False,22436.689580064227,False,False,False,False
2025-08-05 15:00:00+00:00,1.135,1.135,1.06,1.065,95147.0,,,,,1.2034449287515627,1.2623806807539715,1.2789416869011991,1.2652774644682963,1.242462773468154,1.2356260615918284,,,1.1006974909008922,1.209498513581225,1.2495205215445075,1.1798478690423404,1.129521097667411,1.112756426551478,1.1004809441513694,1.0844667905704513,1.1798478690423404,0.9850018498493947,0.9411142724218831,"rgba(239, 83, 80, 1.0)",0.0,0.0,0.08088936945044957,1.2113632473577616,-1.8094250004930428,0.0,0.0,0.0,0.0,0.0,0.0,0.0,0.0,44.52953663095822,2.6040811102721833,False,True,False,True,False,0.0,0,0.9600382592061218,0.9439311334289812,False,False,False,False,-0.020410633638179212,0.0669236239606685,False,False,False,False,-356268.0,-228728.36731319557,False,False,False,False,23563.981214481835,False,False,False,False
2025-08-05 16:00:00+00:00,1.065,1.07,1.005,1.035,32247.0,,,,,1.1818704861849347,1.2516494929717839,1.273045370680642,1.2605351749236318,1.2394261707111656,1.232790681761367,,,1.0874983859110814,1.1931188588267336,1.2429948737158143,1.1781783823079028,1.1286272927578247,1.1120695884859024,1.0999490129326488,1.0841145654835036,1.1781783823079028,0.9852102668331302,0.9414564817437092,"rgba(239, 83, 80, 1.0)",0.0,0.0,0.08235240687994586,1.201811292424894,-2.025578835456179,0.0,0.0,0.0,0.0,0.0,0.0,0.0,0.0,38.17677253698737,-2.7522963017696753,False,True,False,True,False,0.0,0,0.9612116307301002,0.956047555735399,True,False,False,False,-0.10285306138575481,-0.017964718712543154,False,False,False,False,-388515.0,-231205.67944787472,False,False,False,False,23698.601660768938,True,False,False,False
2025-08-05 17:00:00+00:00,1.035,1.065,1.035,1.055,4930.0,,,,,1.1793453994254117,1.2502064000179547,1.2722247307009218,1.259874866620155,1.2390035685023406,1.2323969184491914,,,1.0864036604385505,1.1910986283802838,1.2421022921547917,1.177953263474736,1.128514201861282,1.1119863460521915,1.0998875617151123,1.0840780525718687,1.177953263474736,0.9852512272968036,0.9415167920967371,"rgba(239, 83, 80, 1.0)",0.0,0.0,0.08453145904081392,1.2012663478265533,-1.7303185049240928,0.0,0.0,0.0,0.0,0.0,0.0,0.0,0.0,35.13211047568412,-5.217641926957761,False,True,False,True,False,0.0,0,0.9592519912270578,0.9570395167186116,False,False,False,False,-0.08999310756860167,-0.05397891314057241,False,False,False,False,-383585.0,-233568.1495339542,False,False,False,False,23407.615588508954,False,False,False,False
2025-08-05 18:00:00+00:00,1.055,1.06,1.05,1.055,5645.0,,,,,1.1766441734396487,1.2486066983043498,1.2713066018558243,1.259135924774184,1.2385305748797184,1.2319564218421286,,,1.0853422050575816,1.1889087638088018,1.2411081435366855,1.1777032553080464,1.1283907160081206,1.111896563925488,1.099822240731403,1.0840406343614513,1.1777032553080464,0.9853004171198069,0.9415878556188569,"rgba(239, 83, 80, 1.0)",0.0,0.0,0.08665713738325709,1.2006674081037148,-1.6809626131483433,0.0,0.0,0.0,0.0,0.0,0.0,0.0,0.0,33.10233576814862,-7.059686548520332,False,True,False,True,False,0.0,0,0.9613694193846867,0.9582851414912483,False,False,False,False,-0.08411892352638468,-0.06904891833347855,False,False,False,False,-383585.0,-235893.99217683863,False,False,False,False,23132.226199539822,False,False,False,False
2025-08-05 19:00:00+00:00,1.055,1.095,1.05,1.055,43419.0,,,,,1.160899013546561,1.2378186527553965,1.2648633283006936,1.2539405758088182,1.235198408941792,1.228858703729682,,,1.0814887761034206,1.175446233204482,1.2342589097641465,1.1759934115662918,1.1276034144646676,1.1113550254067186,1.0994552415356407,1.0838703576713447,1.1759934115662918,0.9857394018587881,0.9421874091767332,"rgba(239, 83, 80, 1.0)",0.0,0.0,0.08864434454504729,1.1967151459968555,-1.5986935965761326,0.0,0.0,0.0,0.0,0.0,0.0,0.0,0.0,31.749152629791617,-8.550923225352207,False,True,False,True,False,0.0,0,0.96150526497497,0.9515890826092792,False,False,False,False,-0.06367195814862225,-0.0663604382410504,False,False,False,False,-383585.0,-238183.77524386437,False,False,False,False,23446.74982435316,False,False,False,False
2025-08-06 14:00:00+00:00,1.11,1.115,1.07,1.075,22703.0,,,,,1.155729042041692,1.2332732597491531,1.2619771216067714,1.2516124946333724,1.2337077303815502,1.227478829322895,,,1.081993012542251,1.1706122283379903,1.2312897518987072,1.17527991416155,1.127332197673721,1.111201426194069,1.0993816500130027,1.0838846145640617,1.17527991416155,0.9860233203150705,0.942548624384428,"rgba(239, 83, 80, 1.0)",0.0,0.0,0.0901276871998901,1.1952247659780997,-1.33393821269882,0.0,0.0,0.0,0.0,0.0,0.0,0.0,0.0,32.357803095114825,-8.550923225352207,False,True,False,True,False,0.0,0,0.9627740560292327,0.9453600791717417,False,False,False,False,-0.041830678152468076,-0.054095558196759236,False,False,False,False,-360882.0,-240086.07330209902,False,False,False,False,23435.218819324426,False,False,False,False
2025-08-06 15:00:00+00:00,1.075,1.075,1.06,1.065,2270.0,,,,,1.1551131309253977,1.2327738137843085,1.2616613353599657,1.2513554828007631,1.2335402765847991,1.2273229442279874,,,1.0818452193835795,1.1700493887530563,1.2309592831394145,1.1751932400121965,1.1272920370685224,1.1111737396714738,1.0993628375724203,1.0838758416801784,1.1751932400121965,0.9860459967162689,0.9425796435063257,"rgba(239, 83, 80, 1.0)",0.0,0.0,0.09175589432916764,1.1950168304584063,-1.4169861392444218,0.0,0.0,0.0,0.0,0.0,0.0,0.0,0.0,32.37540862707911,-8.975681534879868,False,True,False,True,False,0.0,0,0.9604877119451326,0.9534768527338541,False,False,False,False,-0.09049164104352601,-0.07229359962014262,False,False,False,False,-363152.0,-241994.07216563236,False,False,False,False,23107.075891893037,False,False,False,False
2025-08-06 16:00:00+00:00,1.065,1.07,1.06,1.065,314.0,,,,,1.1550270116446817,1.2327042722541748,1.2616173616229374,1.2513196672964841,1.233516908720244,1.227301181608344,,,1.0818227796727138,1.1699707655307374,1.2309132124791315,1.1751810776594376,1.1272863333931122,1.1111697693031632,1.099360104464982,1.0838745114080226,1.1751810776594376,0.9860490676231343,0.9425838754219493,"rgba(239, 83, 80, 1.0)",0.0,0.0,0.0933184511944694,1.1949874918401557,-1.392945234048844,0.0,0.0,0.0,0.0,0.0,0.0,0.0,0.0,32.38714564838864,-9.715465203635802,False,True,False,True,False,0.0,0,0.9573540706605226,0.9621543778801842,False,False,False,False,-0.09358518586782645,-0.08293939274398454,False,False,False,False,-363152.0,-243872.4896514365,False,False,False,False,22753.6948703133,False,False,False,False
2025-08-06 17:00:00+00:00,1.065,1.08,1.06,1.075,3300.0,,,,,1.154198085348729,1.2320058084389285,1.2611720334236771,1.2509575315887518,1.2332814143091402,1.227082198824745,,,1.081682558210887,1.1692035621122934,1.2304499661352617,1.1750611431196314,1.127232862526092,1.1111341029296025,1.0993369749793434,1.0838654762465447,1.1750611431196314,0.9860840510490253,0.9426307544121947,"rgba(239, 83, 80, 1.0)",0.0,0.0,0.09459848769338286,1.1947072869933568,-1.2654249545865663,0.0,0.0,0.0,0.0,0.0,0.0,0.0,0.0,33.34234431946794,-9.715465203635802,False,True,False,True,False,0.0,0,0.9569770351691084,0.959768234229725,False,False,False,False,-0.08739982256213377,-0.08516960765305916,False,False,False,False,-359852.0,-245670.6215948251,False,False,False,False,22452.08719790534,False,False,False,False
2025-08-06 18:00:00+00:00,1.075,1.08,1.075,1.075,314.0,,,,,1.1541247962927281,1.2319417267393715,1.2611308836784454,1.2509241087050917,1.2332597344981249,1.227062063700756,,,1.0816759773813007,1.1691348952585314,1.2304074115199894,1.1750502968097285,1.1272282373836844,1.111131142088319,1.0993351735064734,1.0838649693226854,1.1750502968097285,0.9860875726729282,0.9426353860199892,"rgba(239, 83, 80, 1.0)",0.0,0.0,0.09582374021707994,1.1946826191317317,-1.2489871388927385,0.0,0.0,0.0,0.0,0.0,0.0,0.0,0.0,33.979143433520804,-9.715465203635802,False,True,False,True,False,0.0,0,0.9561723041341431,0.9591982268478365,False,False,False,False,-0.07813412105192857,-0.08165186435249386,False,False,False,False,-359852.0,-247440.87552358749,False,False,False,False,22108.86103979828,False,False,False,False
2025-08-06 19:00:00+00:00,1.075,1.075,1.055,1.065,10716.0,,,,,1.1513394839580195,1.2296240679106474,1.2596493410826755,1.2497152512200138,1.232468583752844,1.2263250653258604,,,1.0809613097856663,1.1665628987858854,1.2288599729071812,1.1746378434636833,1.1270345943711777,1.1109962979470929,1.0992423118482562,1.0838197422192983,1.1746378434636833,0.9861921339167783,0.9427795171042604,"rgba(239, 83, 80, 1.0)",0.0,0.0,0.09714969409660691,1.193699401938066,-1.3247535479636787,0.0,0.0,0.0,0.0,0.0,0.0,0.0,0.0,33.80990088656587,-10.3418162895738,False,True,False,True,False,0.0,0,0.9514376382344458,0.9607846908356571,False,False,False,False,-0.09358518586782645,-0.08761852511016016,False,False,False,False,-370568.0,-249349.82318988844,False,False,False,False,21932.227535305283,False,False,False,False
2025-08-07 14:00:00+00:00,1.155,1.16,1.11,1.11,16969.0,,,,1.1266666666666667,1.15017605408755,1.2274093338032181,1.2580774490846,1.248461270133353,1.2316866418294639,1.2256125300786527,,,1.0838659188934456,1.1650612526007125,1.2273681479518768,1.1743548230958059,1.1270327902505164,1.1110684975889604,1.0993592620990535,1.0839817889437926,1.1743548230958059,0.9864862617971772,0.9431218648270511,"rgba(239, 83, 80, 1.0)",0.0,0.0,0.09771225452667602,1.1929118884945304,-0.8485311171680612,0.0,0.0,0.0,0.0,0.0,0.0,0.0,0.0,38.21437332424203,-10.3418162895738,False,True,False,True,True,0.0,0,0.9544086754102086,0.9500558299740719,False,False,False,False,-0.007423509216182971,-0.047521017163171565,False,False,False,False,-353599.0,-250966.08949702195,False,False,False,False,21855.278271192023,False,False,False,False
2025-08-07 15:00:00+00:00,1.12,1.125,1.1,1.1,10085.0,,,,1.1198324955028216,1.149035390750722,1.2259062234410731,1.2570328327807632,1.2476176706616342,1.2311471957959677,1.2251162903068364,,,1.0847564056297367,1.163820045141307,1.2263442953895907,1.1741241366061,1.126978454215323,1.1110610284368345,1.099381948969805,1.0840364013979482,1.1741241366061,0.986637699233156,0.943304462670111,"rgba(239, 83, 80, 1.0)",0.0,0.0,0.09817694083496871,1.1921314725739927,-0.9384227272762724,0.0,0.0,0.0,0.0,0.0,0.0,0.0,0.0,40.39114550194641,-15.0803827743973,False,True,False,True,True,0.0,0,0.9567577792490308,0.9547148396859927,False,False,False,False,-0.035045069587237104,-0.04128304337520433,False,False,False,False,-363684.0,-252713.6540009441,False,False,False,False,21672.793336754938,False,False,False,False
2025-08-07 16:00:00+00:00,1.1,1.11,1.085,1.095,15082.0,,,,1.1115406066071767,1.1469840461819225,1.223511678150922,1.2553770800088446,1.2462707621786542,1.2302734027375393,1.224308596077817,,,1.0853711955790115,1.1616923211590913,1.2246974199373908,1.1737214940020209,1.1268473035837117,1.1110024829591854,1.0993717220633938,1.0840786202628447,1.1737214940020209,0.9868418268496072,0.9435575320421125,"rgba(239, 83, 80, 1.0)",0.0,0.0,0.09856323712070818,1.1908726746036193,-0.9727021697370416,0.0,0.0,0.0,0.0,0.0,0.0,0.0,0.0,41.44657436592032,-13.814712936289453,False,True,False,True,True,0.0,0,0.9571203403027023,0.9584116675212214,False,False,False,False,-0.05517407269412057,-0.04822855803466245,False,False,False,False,-378766.0,-254667.95393891397,False,False,False,False,21570.61049432463,False,False,False,False
2025-08-07 17:00:00+00:00,1.095,1.115,1.095,1.105,15958.0,,,,1.109743949461218,1.1453132112675588,1.2212330330417167,1.2537520357768526,1.2449494880822116,1.2294180366085152,1.2235200528532095,,,1.0863877350122242,1.1598533697317344,1.2231103243573052,1.1733455818300151,1.126747741831511,1.1109767620432676,1.0993940627772913,1.084152354741425,1.1733455818300151,0.987073313710963,0.9438389170453625,"rgba(239, 83, 80, 1.0)",0.0,0.0,0.09899153662978244,1.1900267527830577,-0.858929517389436,0.0,0.0,0.0,0.0,0.0,0.0,0.0,0.0,43.210149882600035,-11.8824892557436,False,True,False,True,True,0.0,0,0.9567929408185003,0.9561273391145596,False,False,False,False,-0.04924298169297215,-0.0487357698638173,False,False,False,False,-362808.0,-256344.54380032615,False,False,False,False,21483.593277358355,False,False,False,False
2025-08-07 18:00:00+00:00,1.105,1.135,1.08,1.125,30229.0,,,,1.110972434511207,1.143071360380939,1.2174412404092072,1.2509352530318656,1.2426582606759344,1.2279357497117767,1.2221575896031511,,,1.0887949841740825,1.1571603867287639,1.2204206382399283,1.1727301186781036,1.1266329321405706,1.1109957365465366,1.099498091576009,1.0843458791222647,1.1727301186781036,0.9875401504263739,0.9443966834559696,"rgba(239, 83, 80, 1.0)",0.0,0.0,0.09875061865469967,1.18889171737519,-0.6470006795461162,0.0,0.0,0.0,0.0,0.0,0.0,0.0,0.0,46.38322136575843,-8.715084530492973,False,False,False,True,True,0.0,0,0.9532736800287548,0.9534439378748035,False,False,False,False,-0.05160338237698587,-0.050169576120401585,False,False,False,False,-332579.0,-257526.47335380947,False,False,False,False,21619.180978484583,False,False,False,False
2025-08-07 19:00:00+00:00,1.125,1.145,1.125,1.14,23658.0,,,,1.1164008031124328,1.142738251482648,1.2152791681469193,1.2491690350251363,1.2412336123676555,1.227032689538261,1.2213382060436844,,,1.091923337209656,1.1562721565753717,1.2188448385829465,1.1724429666893397,1.1266996934060745,1.111156488982754,1.099713922899199,1.0846160360303725,1.1724429666893397,0.9879704326146752,0.9448905909725721,"rgba(239, 83, 80, 1.0)",0.0,0.0,0.09814252368344818,1.188699940845982,-0.49621651266132405,0.0,0.0,0.0,0.0,0.0,0.0,0.0,0.0,49.86461276852086,-5.381526757217699,True,False,False,False,True,0.0,0,0.9590764812575576,0.9517268742442563,False,False,False,False,-0.018537948797641635,-0.03435376245902161,False,False,False,False,-308921.0,-258323.28772041708,False,False,False,False,21650.79057571738,False,False,False,False
2025-08-08 14:00:00+00:00,1.155,1.155,1.13,1.135,13581.0,,,,1.1189533324838195,1.1426588665411472,1.2141399638304107,1.2482088959577389,1.2404584787685695,1.2265411377003048,1.220893131648156,,,1.093661663223361,1.1558771263420629,1.2180023634802957,1.1722953490561485,1.1267503016963338,1.111259803040877,1.099847767845129,1.0847797154839351,1.1722953490561485,0.9882218304471742,0.9451778846863804,"rgba(239, 83, 80, 1.0)",0.0,0.0,0.09749137175960138,1.1885842442379417,-0.5496306316221724,0.0,0.0,0.0,0.0,0.0,0.0,0.0,0.0,51.58911325340408,-3.7142442626650407,True,False,True,False,True,0.0,0,0.9595407326407875,0.9505853962029372,False,False,False,False,-0.009030551950328022,-0.021692157204674815,False,False,False,False,-322502.0,-259318.30651544937,False,False,False,False,21525.677543535716,False,False,False,False
2025-08-08 15:00:00+00:00,1.135,1.14,1.13,1.135,4563.0,,,,1.1195160294588538,1.1425849846129559,1.213739614768038,1.247875352437035,1.240187873515451,1.2263677578567043,1.2207355094160495,,,1.0941578263465654,1.155708219709193,1.2177054454087193,1.1722384208299113,1.1267608349352831,1.1112883389684363,1.0998869631555908,1.0848295324183217,1.1722384208299113,0.98830333322949,0.9452717485947376,"rgba(239, 83, 80, 1.0)",0.0,0.0,0.09699182653407269,1.188509405437498,-0.5516898418105415,0.0,0.0,0.0,0.0,0.0,0.0,0.0,0.0,52.73878024332623,-2.5040291849038994,True,False,True,False,True,0.0,0,0.9595925297113752,0.9531975099037916,False,False,False,False,-0.03091664705807894,-0.02630440213137688,False,False,False,False,-322502.0,-260297.89866249665,False,False,False,False,21262.690294798726,False,False,False,False
2025-08-08 16:00:00+00:00,1.135,1.155,1.135,1.155,9111.0,,,,1.121401708849244,1.1426936138674098,1.2130855612860314,1.2472931867895796,1.2397196518764313,1.2260737595720388,1.2204711846744254,,,1.0954257838790393,1.155590976638952,1.2172134561031105,1.17216578393752,1.1268156921948194,1.1113770365340292,1.0999945829598856,1.0849550642257322,1.17216578393752,0.9884805670916335,0.9454720419715623,"rgba(239, 83, 80, 1.0)",0.0,0.0,0.09682374624976599,1.1884952296329443,-0.34594023605056723,0.0,0.0,0.0,0.0,0.0,0.0,0.0,0.0,55.56574196984709,0.2886995223110347,True,False,True,False,True,0.5241489228936658,0,0.9592403628117916,0.9557256235827662,False,False,False,False,-0.019697700685025066,-0.023001051408200975,False,False,False,False,-313391.0,-261121.04752044243,False,False,False,False,21074.29199565456,False,False,False,False
2025-08-08 17:00:00+00:00,1.155,1.155,1.135,1.145,9099.0,,,,1.122849248884844,1.142736335068444,1.21241233541836,1.246699188444643,1.2392399037298285,1.225769856218327,1.2201970181447588,,,1.0965580562326018,1.1554254551096634,1.2167055875032848,1.1720835973619854,1.1268617556519431,1.1114572428453393,1.1000942062660088,1.0850733688020426,1.1720835973619854,0.9886534934102799,0.9456683972563336,"rgba(239, 83, 80, 1.0)",0.0,0.0,0.09704754105708428,1.1884296228609454,-0.4475087404368104,0.0,0.0,0.0,0.0,0.0,0.0,0.0,0.0,55.985528750459736,0.8556801904080658,True,False,True,False,True,0.0,0,0.9572906050654892,0.9561204846563243,False,False,False,False,-0.019697700685025066,-0.021349376046613022,False,False,False,False,-322490.0,-262072.50414803246,False,False,False,False,20888.628553861465,False,False,False,False
2025-08-08 18:00:00+00:00,1.145,1.15,1.14,1.145,1566.0,,,,1.1230806554548225,1.142743528553909,1.2122978092338936,1.2465976523882023,1.2391578255483657,1.2257177820320169,1.2201500330035902,,,1.096747731574434,1.1553974881660012,1.2166188995063867,1.172069502623847,1.1268696599589003,1.111471008318394,1.100111307647954,1.0850936828219706,1.172069502623847,0.9886832166765893,0.9457021523671157,"rgba(239, 83, 80, 1.0)",0.0,0.0,0.0972678571576308,1.1884170379492411,-0.4463657288026828,0.0,0.0,0.0,0.0,0.0,0.0,0.0,0.0,56.2653866042015,1.4069502891677246,True,False,True,False,True,0.0,0,0.957954159271986,0.9570479175320015,False,False,False,False,-0.019697700685025066,-0.020523538365819043,False,False,False,False,-322490.0,-263009.2095100785,False,False,False,False,20589.052917367488,False,False,False,False
2025-08-08 19:00:00+00:00,1.145,1.15,1.11,1.125,5499.0,,,,1.1232665272415274,1.1425845019921381,1.2117998774907606,1.2461844825705812,1.238819920707661,1.2254978073751668,1.21994902112383,,,1.097176122097641,1.155144928151093,1.2162456941449598,1.1719897232827907,1.126871896313235,1.1114952731009244,1.1001489978608854,1.0851450911524203,1.1719897232827907,0.9887763814620111,0.9458106879381316,"rgba(239, 83, 80, 1.0)",0.0,0.0,0.09759555262353467,1.1882678613326128,-0.64826582392194,0.0,0.0,0.0,0.0,0.0,0.0,0.0,0.0,53.53942599264547,1.4069502891677246,True,False,True,False,False,0.0,0,0.9520793273762397,0.9611657806432152,False,False,False,False,-0.03950975702878262,-0.030016647697300832,False,False,False,False,-327989.0,-264016.6481223253,False,False,False,False,20355.098608571094,False,False,False,False
2025-08-11 14:00:00+00:00,1.125,1.145,1.12,1.125,9042.0,,,,1.1236367736547435,1.1423602137185096,1.2110099389203892,1.2455208677472343,1.238277075555511,1.2251444231497752,1.2196263822475684,,,1.0978921705815372,1.1547649243732212,1.2156503499920224,1.1718641570580404,1.1268797354572289,1.1115389544481409,1.1002144053482812,1.0852326084498454,1.1718641570580404,0.9889311285410858,0.9459904997415828,"rgba(239, 83, 80, 1.0)",0.0,0.0,0.09785938615922692,1.188037716335422,-0.6441662758118418,0.0,0.0,0.0,0.0,0.0,0.0,0.0,0.0,51.72211891827478,1.4069502891677246,True,False,False,False,False,0.0,0,0.9529287519330142,0.9621695017538565,False,False,False,False,-0.036206013935230714,-0.03311133081626577,False,False,False,False,-327989.0,-265008.46753128147,False,False,False,False,20179.70173091883,False,False,False,False
2025-08-11 15:00:00+00:00,1.125,1.13,1.115,1.115,3336.0,,,,1.1235644621662753,1.142214143510812,1.2106868318691435,1.2452569119589747,1.2380597898763612,1.225001069412209,1.2194947137739005,,,1.0980686844221494,1.1545721605304544,1.2154073679793913,1.1718069986930986,1.1268733804006525,1.1115463168725466,1.100230387242522,1.0852576179522238,1.1718069986930986,0.9889840949690917,0.9460531512996174,"rgba(239, 83, 80, 1.0)",0.0,0.0,0.09838676209204258,1.1879163868202982,-0.741119895297333,0.0,0.0,0.0,0.0,0.0,0.0,0.0,0.0,49.089197514148694,3.813162886477052,False,False,False,False,False,0.0,1,0.9515640957748611,0.9657865869803682,False,False,False,False,-0.049426450135539333,-0.041268890475902556,False,False,False,False,-331325.0,-266036.63082537014,False,False,False,False,19918.559068423965,False,False,False,False
2025-08-11 16:00:00+00:00,1.115,1.125,1.115,1.12,5319.0,,,,1.1234549318205014,1.1419851521382556,1.210176380514173,1.2448383428241627,1.2377149906784808,1.2247733094467732,1.2192854966622375,,,1.0983443658526792,1.154269195748471,1.2150224945432153,1.1717161241185396,1.126863271990832,1.1115580292378,1.100255815832944,1.085297419380962,1.1717161241185396,0.9890684574530163,0.9461529512181396,"rgba(239, 83, 80, 1.0)",0.0,0.0,0.09883980122555659,1.1877238251208169,-0.6851877915685821,0.0,0.0,0.0,0.0,0.0,0.0,0.0,0.0,48.22356379139208,2.8648767484120086,False,False,False,True,False,0.0,0,0.9499430740037953,0.9675521821631878,False,False,False,False,-0.05273407800797916,-0.04700148424194086,False,False,False,False,-326006.0,-266966.3884869923,False,False,False,False,19692.20931542514,False,False,False,False
2025-08-11 17:00:00+00:00,1.12,1.12,1.1,1.105,7878.0,,,,1.1227966754155732,1.141479090430713,1.2093343614748147,1.2441660540096735,1.237157742846437,1.224400421161203,1.2189410131315914,,,1.0985269395226689,1.1536806192573503,1.2143888361152577,1.171551882027692,1.126822997739533,1.1115514256018881,1.1002711747800655,1.085336440006493,1.171551882027692,0.9891820918718209,0.9462906496627752,"rgba(239, 83, 80, 1.0)",0.0,0.0,0.09941871594967576,1.187345117637103,-0.8282657530880293,0.0,0.0,0.0,0.0,0.0,0.0,0.0,0.0,45.50491864086804,0.17954604886218561,False,True,False,True,False,0.0,0,0.9472844966685018,0.9672734865885834,False,False,False,False,-0.06597685325342637,-0.056489168747683616,False,False,False,False,-333884.0,-268003.87083603116,False,False,False,False,19509.04327952708,False,False,False,False
2025-08-11 18:00:00+00:00,1.105,1.115,1.1,1.115,436.0,,,,1.1227659201114228,1.1414529130420126,1.2092889294735694,1.2441294943540502,1.237127439855818,1.2243801491049102,1.2189222968318134,,,1.0985385333880322,1.1536496662765998,1.2143545343277644,1.1715430560529834,1.1268209743702349,1.1115512497906617,1.100272198470751,1.0853387519347024,1.1715430560529834,0.9891884624119976,0.946298341928999,"rgba(239, 83, 80, 1.0)",0.0,0.0,0.09987943182108182,1.187325094657361,-0.7241240097052213,0.0,0.0,0.0,0.0,0.0,0.0,0.0,0.0,45.56853418108214,0.08385929540142456,False,True,False,True,False,0.0,0,0.9455463397042915,0.9684741966709055,False,False,False,False,-0.06929097972056081,-0.06289007423412221,False,False,False,False,-333448.0,-269018.50849748804,False,False,False,False,19213.33718217007,False,False,False,False
2025-08-11 19:00:00+00:00,1.115,1.115,1.1,1.1,15732.0,,,,1.1213482007138644,1.1403909870039282,1.2075958029762028,1.2427748452016538,1.2360009826873604,1.2236216907520368,1.2182204362449178,,,1.0987658462082033,1.1524367629564356,1.213073154236445,1.1712005404772254,1.1267266850106805,1.1115245710660762,1.100290080601827,1.085405028602112,1.1712005404772254,0.9894083844387255,0.9465669530840168,"rgba(239, 83, 80, 1.0)",0.0,0.0,0.10046168199642479,1.1865350125003205,-0.8613733194652261,0.0,0.0,0.0,0.0,0.0,0.0,0.0,0.0,43.527332339332474,-2.0357888346979536,False,True,False,True,False,0.0,0,0.9475775783389111,0.9682461210830545,False,False,False,False,-0.06929097972056081,-0.06609052697734151,False,False,False,False,-349180.0,-270261.3223192324,False,False,False,False,19159.362962291467,False,False,False,False
2025-08-12 14:00:00+00:00,1.11,1.14,1.105,1.125,11512.0,,,,1.1214577252721798,1.1400349562231318,1.2066065139468507,1.2419298651524744,1.2353024499602894,1.2231576003415199,1.2177945803722114,,,1.0993824154151257,1.151915321451027,1.2123102232725305,1.1710209225030705,1.1267159892122771,1.1115596559367351,1.100353682533388,1.0854983561595033,1.1710209225030705,0.9895942257091934,0.9467856141870314,"rgba(239, 83, 80, 1.0)",0.0,0.0,0.10080866722355086,1.1861782503308098,-0.6068749048645035,0.0,0.0,0.0,0.0,0.0,0.0,0.0,0.0,46.28689067502697,-2.0357888346979536,False,False,False,True,True,0.0,0,0.9472390317700455,0.9608547655068077,False,False,False,False,-0.049426450135539333,-0.05775848855644042,False,False,False,False,-337668.0,-271306.3870894768,False,False,False,False,19040.799195434232,False,False,False,False
2025-08-12 15:00:00+00:00,1.125,1.125,1.105,1.105,7151.0,,,,1.1211332863775798,1.1396718590962076,1.2059191326231864,1.2413599311315753,1.2348281224264899,1.2228380340073206,1.2174995328249743,,,1.0995709832021048,1.151472302818075,1.2117815169036914,1.1708828941081229,1.126686581056375,1.111559853069149,1.1003730456708372,1.0855382931046278,1.1708828941081229,0.9896993589642459,0.946912211657978,"rgba(239, 83, 80, 1.0)",0.0,0.0,0.10137491738036142,1.1858779469422074,-0.7978102378002555,0.0,0.0,0.0,0.0,0.0,0.0,0.0,0.0,45.44644379039174,-2.0357888346979536,False,True,False,True,True,0.0,0,0.946896460394635,0.9660606519230405,False,False,False,False,-0.059352866450143885,-0.05855567750329215,False,False,False,False,-344819.0,-272446.11752219807,False,False,False,False,18856.461223411996,False,False,False,False
2025-08-12 16:00:00+00:00,1.105,1.105,1.095,1.105,1157.0,,,,1.1210294766081468,1.1395933173172808,1.2057971512074754,1.2412611127890774,1.2347455167730055,1.2227818662997885,1.2174474534864668,,,1.0995761751914852,1.1513837621178218,1.211688003887235,1.1708568608991696,1.126678673069246,1.1115569052281031,1.1003734038101003,1.0855422746263264,1.1708568608991696,0.9897149587913977,0.9469314341669172,"rgba(239, 83, 80, 1.0)",0.0,0.0,0.10188259450497074,1.185818633130937,-0.7932526014244171,0.0,0.0,0.0,0.0,0.0,0.0,0.0,0.0,44.88614586730158,-2.0357888346979536,False,True,False,True,True,0.0,0,0.9483894235332081,0.9675037488373858,False,False,False,False,-0.079242777594872,-0.06889922754908208,False,False,False,False,-344819.0,-273568.17771565233,False,False,False,False,18582.050971886227,False,False,False,False
2025-08-12 17:00:00+00:00,1.105,1.105,1.075,1.085,2096.0,,,,1.1207166334183942,1.1394021246217783,1.2055486950384957,1.24106538602921,1.2345811634129458,1.2226690592773948,1.2173423755036819,,,1.0995259412427216,1.1511813604767032,1.2114985200971686,1.170800670816374,1.1266567297639483,1.1115443761117862,1.1003673682987858,1.085543522271883,1.170800670816374,0.9897398436231534,0.9469632455358518,"rgba(239, 83, 80, 1.0)",0.0,0.0,0.10266568678601665,1.185684982546165,-0.9807072420994963,0.0,0.0,0.0,0.0,0.0,0.0,0.0,0.0,42.117479635788115,-3.621081822620809,False,True,False,True,False,0.0,0,0.944445497810053,0.9673878007622152,False,False,False,False,-0.09253659490430513,-0.08071791122669361,False,False,False,False,-346915.0,-274705.3377510686,False,False,False,False,18326.45328239962,False,False,False,False
2025-08-12 18:00:00+00:00,1.085,1.09,1.075,1.085,12311.0,,,,1.1187274999639827,1.1382001246817646,1.2040489713234463,1.2398885030267954,1.2335904716857482,1.221985762137715,1.2167048418672195,,,1.0991118561355118,1.149925756006487,1.2103525116543135,1.1704522561422805,1.1265115999254423,1.111455263616592,1.1003173616446669,1.0855377344530495,1.1704522561422805,0.9898783536995966,0.94714320504417,"rgba(239, 83, 80, 1.0)",0.0,0.0,0.10342477790493879,1.184856628816965,-0.9655000555935128,0.0,0.0,0.0,0.0,0.0,0.0,0.0,0.0,40.271702148112475,-5.45094344739929,False,True,False,True,False,0.0,0,0.9458496075234161,0.9670660953319933,False,False,False,False,-0.10658384112431848,-0.09365087617550605,False,False,False,False,-346915.0,-275824.86739833886,False,False,False,False,18233.190440812028,False,False,False,False
2025-08-12 19:00:00+00:00,1.085,1.095,1.075,1.09,26151.0,,,,1.115471754407084,1.1359555839064104,1.2010669715050286,1.2374979426888195,1.2315742628880235,1.2205906775685278,1.2154038696008627,,,1.098470651821993,1.1475330565961317,1.208047032738736,1.1697492558222753,1.1262300711181286,1.111290043832005,1.1002327636342408,1.085543979550731,1.1697492558222753,0.9901816663335291,0.9475332208326935,"rgba(239, 83, 80, 1.0)",0.0,0.0,0.10409303704072424,1.1832529794210012,-0.895861837372636,0.0,0.0,0.0,0.0,0.0,0.0,0.0,0.0,40.08511949188782,-5.779775861926822,False,True,False,True,False,0.0,0,0.9447610033128256,0.9667392333175582,False,False,False,False,-0.11473825269758443,-0.10419456443654523,False,False,False,False,-320764.0,-276521.59813634906,False,False,False,False,18355.947178163777,False,False,False,False
2025-08-13 14:00:00+00:00,1.085,1.085,1.07,1.075,1142.0,,,,1.1153004295163977,1.1358430290386297,1.2009291164502753,1.2373884382910885,1.231481487308579,1.2205259100848849,1.2153432827735298,,,1.0984217040914688,1.1474161964116212,1.2079401774412415,1.1697151621837778,1.1262147829768168,1.1112799691592932,1.100226387560498,1.0855418355457056,1.1697151621837778,0.9901935002022122,0.9475489823664823,"rgba(239, 83, 80, 1.0)",0.0,0.0,0.10494430097107481,1.1831749740746438,-1.030784645508854,0.0,0.0,0.0,0.0,0.0,0.0,0.0,0.0,38.069705065616056,-7.850092876732674,False,True,False,True,False,0.0,0,0.9419773218552089,0.9716523190109597,False,False,False,False,-0.12817073333133336,-0.1161826488839393,False,False,False,False,-321906.0,-277225.23227377003,False,False,False,False,18089.06427617674,False,False,False,False
2025-08-13 15:00:00+00:00,1.075,1.075,1.05,1.065,51917.0,,,,1.106613534891708,1.1300822835561424,1.1943297224123761,1.232162643118137,1.2270246169644032,1.2173745061551289,1.2123841588888071,,,1.0951723311678974,1.1415523561721481,1.2027839792128112,1.1679727784420302,1.1253451983831546,1.1106539958423451,1.0997781126007504,1.0853006425891834,1.1679727784420302,0.9906456582008323,0.9481879074126142,"rgba(239, 83, 80, 1.0)",0.0,0.0,0.10589783449793758,1.1792650052073026,-1.079011726245715,0.0,0.0,0.0,0.0,0.0,0.0,0.0,0.0,35.62807738293854,-10.245903530110297,False,True,False,True,False,0.0,0,0.9375521821631883,0.9741366223908919,False,False,False,False,-0.19560968174632487,-0.1558961653151321,False,False,False,False,-373823.0,-278722.872083479,False,False,False,False,18613.52839592594,False,False,False,False
2025-08-13 16:00:00+00:00,1.065,1.065,1.05,1.05,1179.0,,,,1.1064183445118398,1.1299470633971376,1.1941781311559725,1.232041932360673,1.226921133400275,1.2173006143257241,1.2123146141279109,,,1.095088025797801,1.1414154980767883,1.202664409604512,1.1679307742263794,1.1253231136783148,1.1106375001895956,1.0997657602376194,1.0852931713213003,1.1679307742263794,0.9906546917279929,0.9482012909299783,"rgba(239, 83, 80, 1.0)",0.0,0.0,0.1070751609388999,1.1791733131265105,-1.2063798176331522,0.0,0.0,0.0,0.0,0.0,0.0,0.0,0.0,32.56167123415066,-13.141386928745511,False,True,False,True,False,0.0,0,0.9312586551777198,0.9867287274965377,False,False,False,False,-0.2034407524086539,-0.17966845886189298,False,False,False,False,-375002.0,-280215.57174109947,False,False,False,False,18343.22563009763,False,False,False,False
2025-08-13 17:00:00+00:00,1.055,1.06,1.05,1.055,6545.0,,,,1.1053610751566636,1.1292051827294773,1.1933425626876026,1.2313748088809364,1.2263489200370952,1.2168916373708158,1.2119296641562256,,,1.0946263804580514,1.1406635574528725,1.2020041436976787,1.16769816242197,1.1252007662517483,1.110546105152761,1.0996973121183464,1.0852517628685747,1.16769816242197,0.9907047935987695,0.948275526100693,"rgba(239, 83, 80, 1.0)",0.0,0.0,0.10497854778713944,1.1786684207230718,-1.1780351636586652,0.0,0.0,0.0,0.0,0.0,0.0,0.0,0.0,31.743829202649255,-13.939931870483214,False,True,False,True,False,0.0,0,0.930626057529611,0.9894976369683178,False,False,False,False,-0.2073654793989942,-0.19351696913044358,False,False,False,False,-368457.0,-281583.6559001522,False,False,False,False,18160.307403274408,False,False,False,False
2025-08-13 18:00:00+00:00,1.055,1.055,1.055,1.055,62241.0,,,,1.0971241421294897,1.122820929811441,1.1858708384023677,1.2252732145371545,1.221091847646238,1.2131029773717343,1.2083609085631126,,,1.0907151518707587,1.134116782128008,1.1960082427364096,1.1655330594974442,1.1240582064175677,1.1096917397512875,1.0990567010466747,1.084863565284949,1.1655330594974442,0.9911773771649763,0.9489763571609192,"rgba(239, 83, 80, 1.0)",0.0,0.0,0.1019926247112835,1.1741777989626734,-1.1684942837782342,0.0,0.0,0.0,0.0,0.0,0.0,0.0,0.0,31.198601181648318,-14.590936509009993,False,True,False,True,False,0.0,0,0.9277735391357084,0.9865015552555901,False,False,False,False,-0.20736547939899455,-0.20044122426471905,False,False,False,False,-368457.0,-282930.5294520879,False,False,False,False,18843.728993921315,False,False,False,False
2025-08-13 19:00:00+00:00,1.055,1.07,1.055,1.055,26203.0,,,,1.094732578074549,1.1206250800384179,1.1830724983207834,1.222900725316919,1.219037674452179,1.211609283948117,1.2069539943687253,,,1.0894897613762209,1.1318064766713016,1.1937122499156572,1.1646863658706006,1.123622272427775,1.1093720376084935,1.098822455958043,1.084729967229685,1.1646863658706006,0.991389683960554,0.9492824409129234,"rgba(239, 83, 80, 1.0)",0.0,0.0,0.09979402209976339,1.1725256368579329,-1.1776821335093937,0.0,0.0,0.0,0.0,0.0,0.0,0.0,0.0,30.83511583431436,-15.154188849200764,False,True,False,True,False,0.0,0,0.9304492838924862,0.9805768098881694,False,False,False,False,-0.19560968174632487,-0.19802545300552196,False,False,False,False,-368457.0,-284256.5212435284,False,False,False,False,18957.82621882176,False,False,False,False
2025-08-14 14:00:00+00:00,1.035,1.04,1.01,1.015,11050.0,,,,1.0928001171219903,1.1191875818883725,1.1815733204446595,1.2216898667855944,1.2179820024992714,1.210831017357183,1.2062159681444553,,1.0216666666666665,1.0883675753619113,1.1303774616917952,1.1924961218441408,1.1642041094857898,1.123330513765622,1.1091347243029281,1.0986278044927043,1.084587392774967,1.1642041094857898,0.9914290201170609,0.9493664982008801,"rgba(239, 83, 80, 1.0)",0.0,0.0,0.09836693577648574,1.1715529572000756,-1.5915201176521663,0.0,0.0,0.0,0.0,0.0,0.0,0.0,0.0,26.950580633671628,-18.938549217866974,False,True,False,True,False,0.0,0,0.9263294016223209,0.9835416748305184,False,False,False,False,-0.25499438370967364,-0.22650991835759782,False,False,False,False,-379507.0,-285733.27285215585,False,False,False,False,18835.2242619408,False,False,False,False
2025-08-14 15:00:00+00:00,1.015,1.015,0.9752,1.005,16280.0,,,,1.0892596614740515,1.1166566967407574,1.179100540235747,1.2197277721313429,1.2162651793082522,1.209556334320755,1.2050035401443722,,1.007807122819856,1.086226629967667,1.1279019728931217,1.190495590757463,1.1633844804372986,1.122806012978922,1.108695036931638,1.0982566469757316,1.0843012671756218,1.1633844804372986,0.9914423379873544,0.9494502461297039,"rgba(239, 83, 80, 1.0)",0.0,0.0,0.09732281196991249,1.162312206532605,-1.6163960262598913,0.0,0.0,0.0,0.0,0.0,0.0,0.0,0.0,23.768718842851435,-21.90254774307863,False,True,False,True,False,0.0,0,0.9208040593286496,0.9838797814207648,True,False,False,False,-0.3081010167082896,-0.2673054675329437,False,False,False,False,-395787.0,-287439.53218778135,False,False,False,False,18795.608381910708,False,False,False,False
2025-08-14 16:00:00+00:00,1.005,1.025,1.005,1.005,2653.0,,,,1.0887883090506512,1.1162994233537658,1.178733008276188,1.2194302609863608,1.2160048271641173,1.2093630192185427,1.2048199024294073,,1.0081486286673558,1.08593860695199,1.127547766291446,1.190195729594348,1.163262359040858,1.1227300273822258,1.1086322945750309,1.098204424370844,1.0842619932344868,1.163262359040858,0.991448632508934,0.9494675581668213,"rgba(239, 83, 80, 1.0)",0.0,0.0,0.09616909844381771,1.1621688723415122,-1.6342970339202139,0.0,0.0,0.0,0.0,0.0,0.0,0.0,0.0,21.647477648971304,-23.845381664144085,False,True,False,True,False,0.0,0,0.9258139260888348,0.9908691041903939,False,False,False,False,-0.27530430907699033,-0.271304888304967,False,False,False,False,-395787.0,-289119.33789029636,False,False,False,False,18545.33538374155,False,False,False,False
2025-08-14 17:00:00+00:00,1.005,1.005,1.0,1.005,3191.0,,,,1.0881684563778729,1.115838937474291,1.17827113269885,1.2190592351223932,1.2156798197113519,1.209121221594493,1.2045899770197481,,1.0076854464339542,1.0855565697732847,1.1270941472274258,1.1898196161099188,1.1631076727696488,1.122631923023344,1.1085504597645728,1.098135654309119,1.0842093950829457,1.1631076727696488,0.9914530798851799,0.9494855800551792,"rgba(239, 83, 80, 1.0)",0.0,0.0,0.0974100185387156,1.1618905344465016,-1.6106201066386778,0.0,0.0,0.0,0.0,0.0,0.0,0.0,0.0,20.233316853051218,-25.184231353346153,False,True,False,True,False,0.0,0,0.9288017567113098,0.9909790500306632,False,False,False,False,-0.29583355234818387,-0.28356922032657544,False,False,False,False,-395787.0,-290773.1000935476,False,False,False,False,18307.28367236571,False,False,False,False
2025-08-14 18:00:00+00:00,1.005,1.01,1.0,1.01,8790.0,,,,1.0865718850101325,1.114626684554398,1.1770353332148116,1.2180594473633528,1.2148036356774692,1.2084688273642745,1.2039697697482874,,1.0074720474692591,1.0845641772020265,1.1258947586680426,1.1888097316220008,1.1626919712719668,1.1223700419565825,1.1083328128944165,1.097953375936845,1.0840708170310431,1.1626919712719668,0.9914687460200815,0.9495382304688709,"rgba(239, 83, 80, 1.0)",0.0,0.0,0.09844841334471213,1.1611757232086817,-1.5355831350917513,0.0,0.0,0.0,0.0,0.0,0.0,0.0,0.0,20.993546710968005,-25.184231353346153,False,True,False,True,False,0.0,0,0.9275918269995231,0.9890284623946574,False,False,False,False,-0.2938623509672969,-0.2887157856469362,False,False,False,False,-386997.0,-292264.94350294996,False,False,False,False,18159.728886747638,False,False,False,False
2025-08-14 19:00:00+00:00,1.01,1.025,1.005,1.005,7226.0,,,,1.0853847387144742,1.113695336095706,1.1760620970314477,1.217263847434562,1.2141060047764451,1.207948864229824,1.203475666203231,,1.0080882360913463,1.0838180449793011,1.1249671280775864,1.188010400177014,1.1623627846813995,1.122164906538297,1.108163352270936,1.0978122511258532,1.0839646014210735,1.1623627846813995,0.9914858295850786,0.9495852220740414,"rgba(239, 83, 80, 1.0)",0.0,0.0,0.0995852661051143,1.1606390571251282,-1.5628723325481506,0.0,0.0,0.0,0.0,0.0,0.0,0.0,0.0,21.012107320301908,-25.184231353346153,False,True,False,True,False,0.0,0,0.926580110717273,0.9870365207694451,False,False,False,False,-0.2773856495282998,-0.283050717587618,False,False,False,False,-394223.0,-293845.6885649197,False,False,False,False,17990.213710208915,False,False,False,False
2025-08-15 14:00:00+00:00,1.03,1.04,1.025,1.03,6508.0,,,,1.0846287645836845,1.113032455937755,1.1753007683834245,1.2166217276668152,1.2135434515802814,1.207530390170327,1.2030790017021196,,1.0108432439225823,1.083341687111341,1.1242896883350157,1.1873775929670194,1.1621067180644145,1.1220141259893839,1.1080427650044034,1.0977149605760592,1.0838955956214307,1.1621067180644145,0.9915164146710198,0.9496410985093547,"rgba(239, 83, 80, 1.0)",0.0,0.0,0.10019926093486464,1.1603685750158201,-1.3010931797248213,0.0,0.0,0.0,0.0,0.0,0.0,0.0,0.0,28.075250961214508,-26.626484030344578,False,True,False,True,True,0.0,0,0.9271313822172739,0.9792229998409415,False,False,False,False,-0.24889537213376423,-0.2659730448606911,False,False,False,False,-387715.0,-295301.02672670386,False,False,False,False,17812.194892996373,False,False,False,False
2025-08-15 15:00:00+00:00,1.03,1.035,1.025,1.025,1432.0,,,,1.0844549795420346,1.1128821167536385,1.175130461674577,1.2164784979280137,1.2134178743995656,1.2074368367562585,1.202990274099052,,1.0112816442032788,1.0832313504892215,1.1241366279512301,1.1872360729739568,1.1620490721838308,1.121979794548447,1.1080151265721339,1.0976925130119195,1.0838794687406212,1.1620490721838308,0.9915225800659843,0.9496528839549214,"rgba(239, 83, 80, 1.0)",0.0,0.0,0.10060627028979267,1.1602938255234285,-1.3447852219719478,0.0,0.0,0.0,0.0,0.0,0.0,0.0,0.0,31.984234776478786,-23.173287131671913,False,True,False,True,True,0.0,0,0.9274668262995113,0.9797266287538662,False,False,False,False,-0.2817057135716498,-0.27383937921617046,False,False,False,False,-389147.0,-296756.0030565224,False,False,False,False,17558.238383027434,False,False,False,False
2025-08-15 16:00:00+00:00,1.025,1.04,1.025,1.04,363.0,,,,1.0844163096322814,1.1128470900500078,1.175089310783167,1.2164435102843767,1.2133872143148614,1.2074140194195049,1.2029686546719593,,1.0114313974454858,1.083206839361023,1.1241006005203515,1.187201742244554,1.1620351954828747,1.1219717150739126,1.1080087094253857,1.097687371765633,1.0838758726668893,1.1620351954828747,0.9915244256014736,0.9496561239928724,"rgba(239, 83, 80, 1.0)",0.0,0.0,0.1004347755717378,1.1602787893782769,-1.197581103692167,0.0,0.0,0.0,0.0,0.0,0.0,0.0,0.0,37.82066825398829,-18.00589975220597,False,True,False,True,True,0.0,0,0.9232292213826823,0.9878782981130549,False,False,False,False,-0.2774098641530555,-0.275624621684613,False,False,False,False,-388784.0,-298182.7937068089,False,False,False,False,17291.645539879722,False,False,False,False
2025-08-15 17:00:00+00:00,1.04,1.06,1.04,1.055,311.0,,,,1.08439438498453,1.112823525429214,1.17505826618431,1.2164162978287818,1.2133634081179634,1.2073963647289336,1.202951974114575,,1.011647873272899,1.083193112771097,1.1240755265812645,1.187175561196698,1.162024868508223,1.1219661204557152,1.1080044673070306,1.09768413859035,1.0838738426085424,1.162024868508223,0.9915266127396144,0.9496594417603332,"rgba(239, 83, 80, 1.0)",0.0,0.0,0.1007712153238167,1.1602747079718299,-1.0446902682828798,0.0,0.0,0.0,0.0,0.0,0.0,0.0,0.0,44.2932230263478,-12.37572723958251,True,False,False,True,True,0.0,0,0.9249462452837847,0.9858006409996348,False,False,False,False,-0.2476072569674016,-0.2616159393260073,False,False,False,False,-388473.0,-299582.6418663933,False,False,False,False,17028.379717556003,False,False,False,False
2025-08-15 18:00:00+00:00,1.055,1.08,1.055,1.08,1432.0,,,,1.0843552718548275,1.1127506630600152,1.1749386592409543,1.2163063107854775,1.2132674298207142,1.207325558684844,1.2028853633723262,,1.013098796902784,1.083170060844751,1.1239921246396167,1.1870729139581497,1.1619859558412375,1.1219476970150704,1.1079918739672088,1.097675724963657,1.0838703010019575,1.1619859558412375,0.9915400297622008,0.949677710308321,"rgba(38, 166, 154, 1.0)",0.0,0.0,0.10084440784989414,1.1603019833531794,-0.7962958488755069,0.0,0.0,0.0,0.0,0.0,0.0,0.0,0.0,51.79131773932592,-5.899808633496072,True,False,True,False,True,0.0,0,0.9277691869455524,0.9816879628876046,False,False,False,False,-0.2182296992090432,-0.23992281926752523,False,False,False,False,-387041.0,-300938.58540334844,False,False,False,False,16786.575380849707,False,False,False,False
2025-08-15 19:00:00+00:00,1.095,1.095,1.08,1.085,9948.0,,,,1.0844035849659193,1.1124337651721652,1.1742349219044477,1.215625591236322,1.212674499745535,1.2068898697788963,1.202477167277943,,1.0236771556043784,1.0832179744657098,1.1235839984055118,1.1864568688631127,1.1617612962029027,1.1218581527377398,1.1079406558067315,1.0976510482957815,1.0838759256765533,1.1617612962029027,0.9916505384974312,0.9498200563137914,"rgba(38, 166, 154, 1.0)",0.0,0.0,0.10086227341379626,1.16059291673225,-0.7494667150930008,0.0,0.0,0.0,0.0,0.0,0.0,0.0,0.0,57.31969059482956,-1.2708207170405927,True,False,True,False,True,0.0,0,0.9318385285260846,0.9745666151216731,False,False,False,False,-0.1851006317697207,-0.21251172551862296,False,False,False,False,-377093.0,-302119.27400174615,False,False,False,False,16680.55095634041,False,False,False,False
2025-08-18 14:00:00+00:00,1.11,1.145,1.105,1.115,25189.0,,,1.1216666666666666,1.0862766251397697,1.112709314903917,1.1731947460509236,1.214392749141896,1.2116079008042149,1.2061177273332206,1.201764822067301,,1.049831434838354,1.084507280449399,1.1235323447309595,1.1854657149080776,1.161460749139995,1.1218569300181556,1.1080236250385265,1.097786582015049,1.0840674208028886,1.161460749139995,0.9920318599508896,0.950271012846112,"rgba(38, 166, 154, 1.0)",0.0,0.0,0.10045952974764669,1.1599068985743857,-0.447014819671079,0.0,0.0,0.0,0.0,0.0,0.0,0.0,0.0,63.57839166909385,4.130024341281256,True,False,True,False,True,0.6158534234229336,0,0.9323887947041255,0.9666989585856139,False,False,False,False,-0.12399386914030373,-0.16825279732946335,False,False,False,False,-351904.0,-302891.1302187733,False,False,False,False,16812.464895001798,False,False,False,False
2025-08-18 15:00:00+00:00,1.115,1.14,1.115,1.135,8050.0,,,1.123684878205321,1.0869678922536172,1.1128726713869745,1.1729233138284698,1.2140403440354204,1.211303380725731,1.2058979642926313,1.2015632188159882,,1.056132333557892,1.0849896410819748,1.1235875540804205,1.1851958643777973,1.1613855624176967,1.1218735135660247,1.1080659967092932,1.0978445773097227,1.0841416842957403,1.1613855624176967,0.9921610564961278,0.950421615535128,"rgba(38, 166, 154, 1.0)",0.0,0.0,0.10001517902817166,1.160282465946405,-0.2527862889620348,0.0,0.0,0.0,0.0,0.0,0.0,0.0,0.0,68.98388440390795,8.82387464552329,True,False,True,False,True,2.281151057372771,0,0.9330601647125646,0.9746440017850623,False,False,False,False,-0.11995754092269828,-0.14410516912608082,False,False,False,False,-343854.0,-303526.2134711954,False,False,False,False,16676.61272608704,False,False,False,False
2025-08-18 16:00:00+00:00,1.135,1.145,1.12,1.125,23334.0,,,1.126289602224854,1.0888535293878303,1.1133292060630773,1.1721554616157948,1.2130352816160292,1.210433392398507,1.2052680624309546,1.2009851933108031,,1.0698383549225887,1.08633175388356,1.1237423885576387,1.184428296631803,1.1611696402676894,1.1219212037775232,1.1081878985754925,1.098011510616474,1.0843555964143339,1.1611696402676894,0.9925341864469206,0.9508567348861588,"rgba(38, 166, 154, 1.0)",0.0,0.0,0.09975758906758807,1.159483059523698,-0.3456685335522187,0.0,0.0,0.0,0.0,0.0,0.0,0.0,0.0,70.45770198342817,10.10125970186074,True,False,True,False,True,1.4083878183533187,0,0.9217902727955286,0.9874864436472847,False,False,False,False,-0.11189640687634342,-0.12800078800121212,False,False,False,False,-367188.0,-304513.2179135025,False,False,False,False,16779.828032659334,False,False,False,False
2025-08-18 17:00:00+00:00,1.125,1.13,1.115,1.115,8479.0,,,1.125469803644264,1.0893416971050283,1.1133931988197436,1.1718186200468546,1.2126327267296353,1.2100831217948507,1.2050116867426728,1.2007481949184364,,1.0730068089037217,1.0866926416612943,1.123709838303826,1.1841043651012486,1.161066976911845,1.1219171155959562,1.1082117052578677,1.0980529125962064,1.0844159118643102,1.161066976911845,0.9926594458542024,0.9510055278102545,"rgba(38, 166, 154, 1.0)",0.0,0.0,0.09846419754509447,1.1593509509487552,-0.45042718119388936,0.0,0.0,0.0,0.0,0.0,0.0,0.0,0.0,69.41819116178198,10.10125970186074,True,False,True,False,True,0.5379019880271763,0,0.9140425175059752,0.99056564216529,False,False,False,False,-0.12803422101070278,-0.12801750450595745,False,False,False,False,-375667.0,-305616.37732569623,False,False,False,False,16651.13302440105,False,False,False,False
2025-08-18 18:00:00+00:00,1.115,1.13,1.115,1.125,15899.0,,,1.1250501949739142,1.0903121577303192,1.1135688407287003,1.1712384794846324,1.2119140365281733,1.209457624118299,1.2045537758545222,1.2003257085811212,,1.0783362884515049,1.0874145767471493,1.1237037963755474,1.1835367902072929,1.1608913600047768,1.1219227439644635,1.108268637364708,1.0981418541183763,1.0845390040947316,1.1608913600047768,0.9928997886457297,0.9512893146953861,"rgba(38, 166, 154, 1.0)",0.0,0.0,0.09606196386136444,1.159339455060372,-0.35747192416272344,0.0,0.0,0.0,0.0,0.0,0.0,0.0,0.0,69.65124009668546,10.10125970186074,True,False,True,False,True,1.3935798388438485,0,0.9199123250716575,0.9841932220536167,False,False,False,False,-0.12803422101070278,-0.1280258627583301,False,False,False,False,-359768.0,-306455.9373671583,False,False,False,False,16639.472047278552,False,False,False,False
2025-08-18 19:00:00+00:00,1.125,1.135,1.115,1.12,4787.0,,,1.1249543376332547,1.0905935905424893,1.113620515048535,1.1710665155908768,1.211699907841548,1.2092710571556693,1.2044169083015015,1.2001994047190678,,1.0797266710559723,1.0876264034054608,1.1237020150223478,1.183367970913891,1.160838803579954,1.1219244298471738,1.1082856950722508,1.098168510902116,1.0845759133311736,1.160838803579954,0.9929719799301067,0.9513745765702443,"rgba(38, 166, 154, 1.0)",0.0,0.0,0.09279605653318083,1.159333878999105,-0.42387446696121606,0.0,0.0,0.0,0.0,0.0,0.0,0.0,0.0,68.73937069196134,10.10125970186074,True,False,True,False,True,0.9482959472332233,0,0.9194027318231952,0.9851531348095358,False,False,False,False,-0.12399386914030373,-0.12600986594931693,False,False,False,False,-364555.0,-307356.6980281326,False,False,False,False,16455.7127907316,False,False,False,False
2025-08-19 14:00:00+00:00,1.115,1.115,1.065,1.065,828.0,,,1.1245402929556638,1.0905804500638223,1.1135912925185092,1.1710110416237318,1.211645560853924,1.2092232625467334,1.2043811400386244,1.2001657805992458,,1.079736984483681,1.0876203303041645,1.1236670828453101,1.183318666762689,1.1608196452689006,1.1219161092685241,1.108280482712857,1.0981654911312528,1.0845754346539043,1.1608196452689006,0.9929804701396829,0.9513857442521193,"rgba(38, 166, 154, 1.0)",0.0,0.0,0.0913598468782802,1.1592491501193272,-1.0316255263091287,0.0,0.0,0.0,0.0,0.0,0.0,0.0,0.0,60.07815228256524,19.24087624217546,True,False,True,False,False,0.0,0,0.9080299378409238,0.9862573470337013,False,False,False,False,-0.1809890244363961,-0.15349944519285652,False,False,False,False,-365383.0,-308256.33061684377,False,False,False,False,16213.422669945063,False,False,False,False
2025-08-19 15:00:00+00:00,1.065,1.065,1.05,1.065,120.0,,,1.1244509494035944,1.0905739276027426,1.1135841904930182,1.1710010593270614,1.2116363759335727,1.2092151626932872,1.20437504300586,1.2001600184080674,,1.0797217895254594,1.0876162518170696,1.1236594158612538,1.1833100030073054,1.1608161096479637,1.121914254689054,1.10827911261262,1.0981644789652314,1.0845748486452624,1.1608161096479637,0.9929813998915684,0.9513870934552126,"rgba(38, 166, 154, 1.0)",0.0,0.0,0.08903704057635661,1.1592307041817684,-1.0583314940814759,0.0,0.0,0.0,0.0,0.0,0.0,0.0,0.0,54.30400667630117,13.747581396713493,True,False,True,False,False,0.0,0,0.9022275123278356,0.9989372555687807,False,False,False,False,-0.23496835316660294,-0.19423389917972972,False,False,False,False,-365383.0,-309142.01541348186,False,False,False,False,15963.912240953665,False,False,False,False
2025-08-19 16:00:00+00:00,1.065,1.085,1.065,1.075,4970.0,,,1.1217694968141745,1.090437556819383,1.113373572547813,1.1706448534800589,1.211294475942288,1.2089141102799301,1.2041491645521833,1.199947279165156,,1.079575884937412,1.0875395637493879,1.1234179304087277,1.1829957646272238,1.160691648394127,1.1218561269647844,1.1082400449451164,1.0981390632804835,1.0845654019223114,1.160691648394127,0.9930284980283174,0.9514506567032995,"rgba(38, 166, 154, 1.0)",0.0,0.0,0.08646079150961809,1.1586766184005997,-0.9677984313998713,0.0,0.0,0.0,0.0,0.0,0.0,0.0,0.0,51.918301265296364,11.402448024906022,True,False,False,False,False,0.0,0,0.9026984950700571,1.0086490226604392,False,False,False,False,-0.20575472685447355,-0.19999431301710163,False,False,False,False,-360413.0,-309936.9143993193,False,False,False,False,15793.463989155933,False,False,False,False
2025-08-19 17:00:00+00:00,1.075,1.075,1.07,1.075,2876.0,,,1.1202958962749825,1.0903513257044555,1.1132474927629528,1.170436361053811,1.2110949985730415,1.2087383552367754,1.204017132752158,1.1998228652178309,,1.0794662219941853,1.087489768964831,1.1232745085544336,1.1828119616677422,1.1606183933124448,1.1218213617019368,1.1082163480061935,1.0981233238819215,1.0845589928728883,1.1606183933124448,0.9930551740629538,0.9514869133412545,"rgba(38, 166, 154, 1.0)",0.0,0.0,0.08579742535880301,1.158368445448597,-0.9716893613060291,0.0,0.0,0.0,0.0,0.0,0.0,0.0,0.0,50.32783099129317,9.617625013005053,True,False,False,False,False,0.0,0,0.9037156987176684,1.0010941397872992,False,False,False,False,-0.20990585472472092,-0.2049500838709113,False,False,False,False,-360413.0,-310719.4893698725,False,False,False,False,15593.193229634137,False,False,False,False
2025-08-19 18:00:00+00:00,1.075,1.075,1.07,1.075,4456.0,,,1.1181818503252918,1.0902194253113473,1.113053708529996,1.1701150868814432,1.2107870702044359,1.2084669430428452,1.2038130916395144,1.1996305836203491,,1.0793037207937908,1.0874133039018177,1.1230539095225398,1.1825283958152295,1.160505136108401,1.121767595580346,1.1081796960579504,1.0980989770732281,1.0845490772897446,1.160505136108401,0.9930964702371079,0.9515430458564854,"rgba(38, 166, 154, 1.0)",0.0,0.0,0.08472727843919504,1.1579201163498896,-0.9786708351478284,0.0,0.0,0.0,0.0,0.0,0.0,0.0,0.0,49.26751747529103,8.167365335480078,True,False,False,False,False,0.0,0,0.9107890215427994,0.9878849288514909,False,False,False,False,-0.20990585472472092,-0.2074279692978161,False,False,False,False,-360413.0,-311489.9313951458,False,False,False,False,15420.523567159189,False,False,False,False
2025-08-19 19:00:00+00:00,1.075,1.08,1.07,1.075,10058.0,,,1.1141989160537753,1.0899577454194855,1.1126412108736492,1.1694100244069316,1.2101054216100777,1.2078658049406317,1.203360720877748,1.1992044099631576,,1.0790608502122727,1.0872637836357602,1.1225795240436822,1.1819033922148905,1.1602554384539683,1.1216508339780944,1.1081011918142525,1.0980478838632968,1.0845300766057646,1.1602554384539683,0.9931914601530297,0.951671288473705,"rgba(38, 166, 154, 1.0)",0.0,0.0,0.08378259080813683,1.1570452888306146,-0.979264165016088,0.0,0.0,0.0,0.0,0.0,0.0,0.0,0.0,48.56064179795628,6.925617768096629,False,False,False,True,False,0.0,0,0.9074849112295698,0.9845808185382615,False,False,False,False,-0.20575472685447313,-0.2065913480761446,False,False,False,False,-360413.0,-312248.4285828179,False,False,False,False,15337.383666893154,False,False,False,False
2025-08-20 14:00:00+00:00,1.04,1.06,1.04,1.045,6451.0,,,1.1105200423676227,1.0895037279763642,1.1121971984646242,1.1688371040690795,1.2095862331040184,1.2074062766327636,1.203012318389713,1.1988742442864293,1.0483333333333333,1.0779875226291102,1.0869653311150067,1.1221123796853858,1.1814072937933326,1.1600462003055065,1.121533618978652,1.108010629964877,1.0979774545136718,1.084483940722932,1.1600462003055065,0.9932324474120847,0.9517356459424466,"rgba(239, 83, 80, 1.0)",0.0,0.0,0.08281059470016965,1.150632548582948,-1.275592198865488,0.0,0.0,0.0,0.0,0.0,0.0,0.0,0.0,43.856583168884235,2.0150479534950065,False,False,False,True,False,0.0,0,0.9095880744465027,0.9845638175884273,False,False,False,False,-0.2476072569674016,-0.2270993025217731,False,False,False,False,-366864.0,-313095.1816280455,False,False,False,False,15199.610276708765,False,False,False,False
2025-08-20 15:00:00+00:00,1.045,1.07,1.045,1.065,5789.0,,,1.1081087127395852,1.089217740144023,1.1118757790754976,1.1683769037210716,1.20915665649552,1.2070262320805982,1.2027244806086037,1.1986020543222247,1.053851171023965,1.0774408235767665,1.0867810883030558,1.121763652016432,1.1810039875753378,1.1598786388512132,1.1214454650075159,1.1079454369034374,1.097929235229997,1.0844559682599575,1.1598786388512132,0.9932769535322858,0.9518002925248455,"rgba(239, 83, 80, 1.0)",0.0,0.0,0.08158271102837847,1.1503496245505012,-1.046172938783714,0.0,0.0,0.0,0.0,0.0,0.0,0.0,0.0,44.39264041630388,2.0150479534950065,False,False,False,True,False,0.0,0,0.9149133663366337,0.9767945544554453,False,False,False,False,-0.23496835316660294,-0.23103382784418802,False,False,False,False,-361075.0,-313839.0547810991,False,False,False,False,15053.709342186148,False,False,False,False
2025-08-20 16:00:00+00:00,1.065,1.08,1.065,1.075,1632.0,,,1.1076469950156473,1.089174451587765,1.1118089866085044,1.1682637439840322,1.2090467841243013,1.206929130134412,1.2026511054302693,1.1985328760442178,1.056143190119185,1.0774059284477346,1.0867552350346807,1.1216871178574876,1.1809032485904052,1.1598377948167766,1.1214260416071424,1.1079321921965584,1.097920434497205,1.0844523870167122,1.1598377948167766,0.9932919948272098,0.9518207474525697,"rgba(239, 83, 80, 1.0)",0.0,0.0,0.08062632078673049,1.150351456324264,-0.9345763962562641,0.0,0.0,0.0,0.0,0.0,0.0,0.0,0.0,46.32002355418113,2.0150479534950065,False,False,False,True,False,0.0,0,0.9166629627983468,0.977776790079559,False,False,False,False,-0.20990585472472092,-0.22046984128445446,False,False,False,False,-359443.0,-314546.09269146965,False,False,False,False,14845.620825253029,False,False,False,False
2025-08-20 17:00:00+00:00,1.075,1.09,1.07,1.085,2013.0,,,1.107228376730622,1.089149299146949,1.1117446939795457,1.1681367571426495,1.208919812611642,1.206817012153549,1.202566539764641,1.1984533253529595,1.059377609904522,1.0774501129055802,1.0867431969811112,1.1216092608198711,1.180788856833961,1.159792316709406,1.121406252890751,1.107919800831974,1.0979132641180085,1.084451281119328,1.159792316709406,0.9933124705895353,0.9518476978615771,"rgba(239, 83, 80, 1.0)",0.0,0.0,0.07634812398505415,1.150405745182593,-0.856677830032823,0.0,0.0,0.0,0.0,0.0,0.0,0.0,0.0,49.0757545398063,2.0150479534950065,False,False,False,False,True,0.0,0,0.9228153384938924,0.9720345429325693,False,False,False,False,-0.1974732543913867,-0.20897154783792057,False,False,False,False,-357430.0,-315210.9594714468,False,False,False,False,14646.665463621199,False,False,False,False
2025-08-20 18:00:00+00:00,1.085,1.085,1.07,1.075,1202.0,,,1.1069371351404202,1.089124378043345,1.1117000741832692,1.1680567340785375,1.2088411419258205,1.2067474891883774,1.2025140143708302,1.198403844301269,1.0605938237646553,1.077445291500484,1.0867289828829032,1.1215571136771263,1.1807172378603465,1.159763449758929,1.1213929605433899,1.1079109991639504,1.0979076688129816,1.084449436222101,1.159763449758929,0.9933240008826044,0.951863165518012,"rgba(239, 83, 80, 1.0)",0.0,0.0,0.07126065591251769,1.1503928258022078,-1.057986694576078,0.0,0.0,0.0,0.0,0.0,0.0,0.0,0.0,49.264348227344,2.0150479534950065,True,False,False,False,True,0.0,0,0.9269630095734641,0.965166973796575,False,False,False,False,-0.2016105799381271,-0.20529106388802382,False,False,False,False,-358632.0,-315884.15389824606,False,False,False,False,14438.221037828622,False,False,False,False
2025-08-20 19:00:00+00:00,1.075,1.08,1.065,1.075,2551.0,,,1.1062709816294176,1.0890577523585214,1.1115967784264964,1.1678811869487655,1.2086702862896033,1.206596412034519,1.202399736215314,1.1982960921866246,1.0622487014970974,1.0773922783539196,1.0866889994719164,1.1214386537439958,1.1805607082648362,1.1596997970367808,1.121362675907836,1.1078903447168063,1.0978939416911475,1.0844438479796896,1.1596997970367808,0.9933474827178951,0.9518951033436986,"rgba(239, 83, 80, 1.0)",0.0,0.0,0.06508435275067374,1.150307064448161,-1.1570686542224464,0.0,0.0,0.0,0.0,0.0,0.0,0.0,0.0,49.39007735236913,2.0150479534950065,True,False,False,False,True,0.0,0,0.9248002154978902,0.9618389153272873,False,False,False,False,-0.20990585472472092,-0.20759845930637238,False,False,False,False,-358632.0,-316546.91120214923,False,False,False,False,14253.923037242132,False,False,False,False
2025-08-21 14:00:00+00:00,1.075,1.085,1.06,1.06,298.0,,,1.1061833304905593,1.0890475428463107,1.1115831759523216,1.1678596402794619,1.2086496192213374,1.206578124655559,1.2023858831291063,1.1982830138684304,1.0623396535580525,1.0773786556052334,1.0866826015252178,1.1214234191998393,1.1805416014657568,1.1596919373155385,1.1213587726069114,1.107887584667273,1.0978920128851837,1.0844429019333817,1.1596919373155385,0.9933500534784584,0.9518986795599822,"rgba(239, 83, 80, 1.0)",0.0,0.0,0.05810637960975118,1.1502896318420457,-1.553867792976274,0.0,0.0,0.0,0.0,0.0,0.0,0.0,0.0,47.0454569365925,2.0150479534950065,False,False,False,True,True,0.0,0,0.9249686436122561,0.9608045153198351,False,False,False,False,-0.20990585472472092,-0.20875215701554667,False,False,False,False,-358930.0,-317204.0133540539,False,False,False,False,14037.552137439927,False,False,False,False
2025-08-21 15:00:00+00:00,1.06,1.075,1.06,1.07,5068.0,,,1.1047523436528657,1.088875440040307,1.1113531453266636,1.1674946252355223,1.2082990700797975,1.2062678555322661,1.2021507252777837,1.1980609970286955,1.0635544979469953,1.0771530944625407,1.0865744723815196,1.121165661574305,1.1802176509381102,1.1595584760554651,1.1212924781683165,1.1078407042060945,1.0978592487366694,1.0844268297924469,1.1595584760554651,0.9933937466874502,0.9519594656196321,"rgba(239, 83, 80, 1.0)",0.0,0.0,0.050505373900149926,1.14998515495143,-1.583695927280175,0.0,0.0,0.0,0.0,0.0,0.0,0.0,0.0,47.387600232700244,2.0150479534950065,False,False,False,True,True,0.0,1,0.9210787408676832,0.9729412825832056,False,False,False,False,-0.2182296992090432,-0.21349092811229492,False,False,False,False,-353862.0,-317772.35423228564,False,False,False,False,13898.489313603648,False,False,False,False
2025-08-21 16:00:00+00:00,1.07,1.075,1.065,1.075,4547.0,,,1.1036668903367315,1.0887481095277842,1.1111646656312455,1.1671803379866121,1.2079935002144464,1.205997364171291,1.2019456812062206,1.1978675502759355,1.0648027139521505,1.0770330315733072,1.086496068781386,1.120950979812374,1.179937202860194,1.1594434294856566,1.1212368746961887,1.1078022784460597,1.097833226247933,1.0844154182111938,1.1594434294856566,0.9934346466020834,0.9520155093438706,"rgba(239, 83, 80, 1.0)",0.0,0.0,0.03745964795918902,1.1497570535162949,-1.9956688754186938,0.0,0.0,0.0,0.0,0.0,0.0,0.0,0.0,48.530119063652194,2.0150479534950065,False,False,False,False,True,0.0,1,0.9114901834567108,0.9850567842199642,False,False,False,False,-0.2140641246337001,-0.21377752637299752,False,False,False,False,-349315.0,-318261.3875000021,False,False,False,False,13753.504983160181,False,False,False,False
2025-08-21 17:00:00+00:00,1.075,1.075,1.065,1.075,1942.0,,,1.1032247039374596,1.088694299758896,1.1110847114178881,1.1670467349204479,1.2078634090483975,1.205882169747111,1.2018583042078799,1.1977851105146788,1.0652259761428466,1.0769833399293354,1.0864628337739866,1.1208598568082717,1.1798178660806382,1.15939438542997,1.121213164697757,1.1077858918714993,1.0978221279297762,1.0844105506022623,1.15939438542997,0.9934521017193712,0.9520394293372823,"rgba(239, 83, 80, 1.0)",0.0,0.0,0.03703261284888716,1.1496571237573463,-2.0159831568457585,0.0,0.0,0.0,0.0,0.0,0.0,0.0,0.0,49.29179828428684,2.0150479534950065,False,False,False,False,True,0.0,1,0.9113883262750875,0.976983980850672,False,False,False,False,-0.2140641246337001,-0.2139208255033488,False,False,False,False,-349315.0,-318742.8388565912,False,False,False,False,13570.38087489413,False,False,False,False
2025-08-21 18:00:00+00:00,1.075,1.075,1.065,1.065,11784.0,,,1.1005254404565734,1.0883123949139544,1.1105659616927195,1.166215928450556,1.2070601228542444,1.2051701326777926,1.2013170954946577,1.1972740082830564,1.0660720860195176,1.0765231663107713,1.0862195936624615,1.120277088174262,1.1790771919339988,1.1590866956655963,1.1210601314865292,1.1076776293708877,1.0977464281219962,1.0843733887464055,1.1590866956655963,0.9935533452139106,0.9521803316423232,"rgba(239, 83, 80, 1.0)",0.0,0.0,0.03703261284888716,1.1489391786901457,-2.2666285803991864,0.0,0.0,0.0,0.0,0.0,0.0,0.0,0.0,47.801716884864824,2.0150479534950065,False,False,False,True,True,0.0,1,0.9145457064991455,0.9757494572497574,False,False,False,False,-0.2140641246337001,-0.21399247506852442,False,False,False,False,-361099.0,-319399.5235254813,False,False,False,False,13542.685047376392,False,False,False,False
2025-08-21 19:00:00+00:00,1.065,1.07,1.045,1.06,6007.0,,,1.098924682624897,1.0880284677310004,1.11024486450788,1.1657550559842713,1.2066249278451657,1.2047836758603552,1.2010222751135506,1.196994933326735,1.0651288450612775,1.0760429043194413,1.086030165583334,1.1199287262829498,1.178669648243597,1.158913451974891,1.120967731175167,1.10760870105728,1.0976949200550394,1.0843427421751188,1.158913451974891,0.9935979622470549,0.952245854099562,"rgba(239, 83, 80, 1.0)",0.0,0.0,0.03672665036248194,1.1432004705629395,-2.265397735480194,0.0,0.0,0.0,0.0,0.0,0.0,0.0,0.0,45.87875401181889,0.10002982136119698,False,False,False,True,False,0.0,1,0.9134908184922026,0.9723170619175047,False,False,False,False,-0.23496835316660294,-0.2244804141175637,False,False,False,False,-367106.0,-320139.15881965985,False,False,False,False,13425.852721060479,False,False,False,False
2025-08-22 14:00:00+00:00,1.065,1.13,1.065,1.125,8247.0,,,1.099307977691998,1.0882677005302646,1.1102149179200476,1.165410523482746,1.2062249733640482,1.204430425740162,1.200755927259816,1.1967465299232396,1.071083242078184,1.0771141339463837,1.086220842039613,1.1198271149478467,1.1783375319872142,1.1587904047579405,1.1209388676328231,1.1076068978994924,1.0977109884152447,1.084378754216848,1.1587904047579405,0.993704776728508,0.9523766018486561,"rgba(38, 166, 154, 1.0)",0.0,0.0,0.03694407753437639,1.1448690317263797,-0.53781371879949,0.0,0.0,0.0,0.0,0.0,0.0,0.0,0.0,53.80243915673729,-0.9434853934993797,True,False,True,False,True,2.596674628914691,0,0.9162805633285932,0.964447910454608,False,False,False,False,-0.16868986517715462,-0.19658513964735916,False,False,False,False,-358859.0,-320739.4664348589,False,False,False,False,13345.560430811478,False,False,False,False
2025-08-22 15:00:00+00:00,1.125,1.13,1.1,1.1,19502.0,,,1.1004285545386634,1.0889079063640932,1.1102107470405929,1.1646568969589446,1.205323043161049,1.2036332550988071,1.2001541299168783,1.1961860577707262,1.0809355730660886,1.079626602105802,1.0867292983516017,1.119652234125391,1.1776001870400539,1.1585201845504656,1.1208869076545456,1.1076176811580143,1.0977628157904542,1.084476120154125,1.1585201845504656,0.9939639938302692,0.9526915677564824,"rgba(38, 166, 154, 1.0)",0.0,0.0,0.03686498375190442,1.1460285417023048,-1.248570785004807,0.0,0.0,0.0,0.0,0.0,0.0,0.0,0.0,55.116889690436274,0.09358187479477209,True,False,True,False,True,0.20122624100390496,0,0.9154247051293775,0.9668556276858371,False,False,False,False,-0.14018080405906347,-0.16838297185321133,False,False,False,False,-378361.0,-321632.823544396,False,False,False,False,13441.009106302772,False,False,False,False
2025-08-22 16:00:00+00:00,1.1,1.115,1.1,1.1,18885.0,,,1.100849758982065,1.0893542288396463,1.1101146285493997,1.163881400374778,1.2044206422352637,1.2028334858286673,1.1995470288580814,1.1956190885860456,1.085673544068892,1.0813744777759946,1.087099936050438,1.1194040137009444,1.1768494759010872,1.158234678134808,1.1208141664086575,1.1076063087485475,1.097792251851928,1.0845513705602607,1.158234678134808,0.9942031419967787,0.9529857152143723,"rgba(38, 166, 154, 1.0)",0.0,0.0,0.03677579991598564,1.1461769001915543,-1.2556327883294278,0.0,0.0,0.0,0.0,0.0,0.0,0.0,0.0,55.99319004623559,0.9056592177807232,True,False,True,False,True,0.20122624100390496,0,0.9210183980672739,0.979093105370749,False,False,False,False,-0.15236862423275635,-0.16037579804298385,False,False,False,False,-378361.0,-322512.33015611075,False,False,False,False,13525.412065894976,False,False,False,False
2025-08-22 17:00:00+00:00,1.1,1.115,1.1,1.11,18217.0,,,1.1014606007381151,1.0898487731358637,1.1100834868034857,1.1631934833003628,1.2035940854223648,1.2021000704370357,1.1989890874528206,1.1950986886510304,1.0892902556913595,1.08305425980082,1.0875074639760043,1.1192260103573284,1.1761728050839284,1.1579792073164388,1.1207592842899983,1.107609342838657,1.097833447800562,1.0846351859271532,1.1579792073164388,0.9944397678980582,0.9532745817970324,"rgba(38, 166, 154, 1.0)",0.0,0.0,0.036892221890761565,1.146319105763866,-0.984465123065976,0.0,0.0,0.0,0.0,0.0,0.0,0.0,0.0,57.69901594085975,2.6033010278801143,True,False,True,False,True,1.1507323011880715,0,0.9186008651565191,0.9662775012791291,False,False,False,False,-0.15236862423275635,-0.1563722111378701,False,False,False,False,-360144.0,-323095.76689787646,False,False,False,False,13598.14986332296,False,False,False,False
2025-08-22 18:00:00+00:00,1.11,1.12,1.1,1.1,31107.0,,,1.1020974577382074,1.0905652068326437,1.1099844412015394,1.1620228666990218,1.2021909431544693,1.2008518781382829,1.1980347448721491,1.1942074671732847,1.0930118239444053,1.085324969909812,1.0881154472357506,1.1188903972691666,1.1750200792785497,1.157534521026898,1.1206542547654668,1.107602672632371,1.0978920050924768,1.084766979773232,1.157534521026898,0.9948356858012581,0.9537600939773028,"rgba(38, 166, 154, 1.0)",0.0,0.0,0.03687426896513154,1.1462442876886023,-1.2541072402636921,0.0,0.0,0.0,0.0,0.0,0.0,0.0,0.0,57.16134801895521,2.6033010278801143,True,False,True,False,True,0.17694997286518444,0,0.9230733367522963,0.9627022238799011,False,False,False,False,-0.14830119952463908,-0.1523367053312546,False,False,False,False,-391251.0,-324152.4371785295,False,False,False,False,13869.604904201675,False,False,False,False
2025-08-22 19:00:00+00:00,1.1,1.12,1.1,1.105,17795.0,,,1.102505301691028,1.0909879039858823,1.109957508140779,1.1613942659522305,1.201420070339652,1.2001647900467076,1.1975074231444507,1.193715221726189,1.094684120782399,1.086524716229033,1.0884759234822992,1.118731445161567,1.174393347980241,1.1572918052881536,1.120601948329142,1.1076056182608436,1.0979314520713561,1.0848473508968115,1.1572918052881536,0.9950642769050122,0.9540394677947398,"rgba(38, 166, 154, 1.0)",0.0,0.0,0.03688306332670203,1.146194205396661,-1.116886768101982,0.0,0.0,0.0,0.0,0.0,0.0,0.0,0.0,57.44998268641312,2.7609512875794806,True,False,True,False,True,0.6619512596514419,0,0.9205570353754852,0.9649516332538902,False,False,False,False,-0.14830119952463908,-0.15031895242794685,False,False,False,False,-373456.0,-324916.833501343,False,False,False,False,13930.463742896223,False,False,False,False
2025-08-25 14:00:00+00:00,1.145,1.155,1.125,1.125,4014.0,,1.135,1.102977721597844,1.091222821194395,1.1100493143645367,1.161324742908465,1.201297244965089,1.2000558094731777,1.1974246457311009,1.1936394009477265,1.0956528545174826,1.08708825661804,1.088662284426482,1.1187865105880384,1.1743100135583768,1.157267027418046,1.1206157229406601,1.1076305073121646,1.097963014688252,1.0848859028988898,1.157267027418046,0.9951278221674174,0.9541132136493172,"rgba(38, 166, 154, 1.0)",0.0,0.0,0.03715683827550162,1.1463589161556285,-0.5748313674393254,0.0,0.0,0.0,0.0,0.0,0.0,0.0,0.0,59.963768781663546,5.3785101245626095,True,False,True,False,True,2.578023041139371,0,0.9177250393992771,0.9559655140446833,False,False,False,False,-0.09983147424419248,-0.12507521333606966,False,False,False,False,-369442.0,-325607.14616023685,False,False,False,False,13776.72011897535,False,False,False,False
2025-08-25 15:00:00+00:00,1.125,1.135,1.125,1.135,1910.0,,1.1339252757146072,1.1031748241351236,1.091325280073498,1.1100869583980268,1.161287617248738,1.2012360292693918,1.2000014301518072,1.1973832351683116,1.193601344572866,1.0960599684739871,1.0873334955879235,1.0887440967743545,1.1188072219303682,1.1742671318701225,1.15725349450856,1.120620751381429,1.107640894074659,1.0979766644310769,1.084903007680867,1.15725349450856,0.9951573188362359,0.9541476371205401,"rgba(38, 166, 154, 1.0)",0.0,0.0,0.037574910164563616,1.1464238491834107,-0.30402864926033374,0.0,0.0,0.0,0.0,0.0,0.0,0.0,0.0,62.635771146495614,8.033137153904434,True,False,True,False,True,3.51805134336745,0,0.915112330806084,0.9651146564956506,False,False,False,False,-0.11592509902302563,-0.12050015617954765,False,False,False,False,-367532.0,-326257.14389418665,False,False,False,False,13592.739962092011,False,False,False,False
2025-08-25 16:00:00+00:00,1.135,1.155,1.135,1.145,7583.0,,1.140142765479628,1.1042853683018778,1.0918597562950683,1.110326674296655,1.161207071349336,1.2010404278874833,1.1998283451448244,1.1972525945510457,1.1934831424685437,1.0981620634704852,1.0885660692910606,1.0891658069452574,1.1189733766329735,1.174150751953233,1.1572278318150482,1.1206647134505394,1.1077048785834975,1.0980521512098318,1.0849901202215413,1.1572278318150482,0.9952857255252155,0.9542944271684328,"rgba(38, 166, 154, 1.0)",0.0,0.0,0.03809873375211657,1.1468314803009636,-0.04807194677072006,0.0,0.0,0.0,0.0,1.0,1.145,1.135,848.0,65.35229701279692,10.650995578565507,True,False,True,False,True,4.452437702340266,0,0.9274819874614018,0.9602320576401233,False,False,False,False,-0.09180446291782451,-0.10615230954868608,False,False,False,False,-359949.0,-326779.4982524163,False,False,False,False,13499.56569911384,False,False,False,False
2025-08-25 17:00:00+00:00,1.145,1.16,1.145,1.155,4043.0,,1.1431814814814814,1.1049700310392807,1.0921844023694913,1.1104835373256092,1.1611863658379746,1.2009521202465003,1.1997504650532664,1.1971942733408354,1.193431147620974,1.0993972434339128,1.0892958397548986,1.0894212485554675,1.1190891956817413,1.1741067098898843,1.157223487994953,1.120696092077452,1.1077465060920646,1.0980994255979455,1.0850428979275955,1.157223487994953,0.9953579034420521,0.9543760143022502,"rgba(38, 166, 154, 1.0)",0.0,0.0,0.03881034969237454,1.1470898920717596,0.20381439463800058,0.0,0.0,0.0,0.0,0.0,0.0,0.0,0.0,68.03709200477658,13.192215966066698,True,False,True,False,True,5.38104381510086,0,0.9293252921221258,0.9646626460610627,False,False,False,False,-0.0797857043410036,-0.09296900694484483,False,False,False,False,-355906.0,-327231.07192292146,False,False,False,False,13352.952277422153,False,False,False,False
2025-08-25 18:00:00+00:00,1.16,1.16,1.155,1.155,4148.0,,1.1457594401941806,1.1056999545012554,1.0925318986860466,1.1106557166889113,1.1611742045550377,1.2008681766779634,1.1996765516195516,1.197139133414372,1.1933823651690096,1.100683158758943,1.0900657602431827,1.0896947778837944,1.1192187018970596,1.1740689368710056,1.1572228515300458,1.1207315046731525,1.107792252945192,1.0981507657909446,1.085099600575089,1.1572228515300458,0.9954334484803351,0.9544610520828289,"rgba(38, 166, 154, 1.0)",0.0,0.0,0.03955643704522522,1.1473665503751183,0.19297616759958391,0.0,0.0,0.0,0.0,0.0,0.0,0.0,0.0,69.82695533276302,14.90500025593667,True,False,True,False,True,5.38104381510086,0,0.92679701520733,0.9622178143005572,False,False,False,False,-0.07178617074879788,-0.08237758884682136,False,False,False,False,-355906.0,-327675.6444512482,False,False,False,False,13210.239839012507,False,False,False,False
2025-08-25 19:00:00+00:00,1.155,1.18,1.155,1.16,9356.0,,1.1515562675769089,1.1075301871211145,1.0934021830329959,1.1111088920797303,1.161197283464415,1.2007154783550933,1.1995428860728479,1.1970408070148595,1.1932976741431858,1.1037835001794691,1.0919487718035426,1.0903794007472443,1.1195718360432823,1.174024848351325,1.15724285071128,1.1208295875748784,1.1079126635109748,1.0982826803671006,1.085242020835266,1.15724285071128,0.9956123776397292,0.9546604903189856,"rgba(38, 166, 154, 1.0)",0.0,0.0,0.040403037081469015,1.148072012975886,0.29522500994324574,0.0,0.0,0.0,0.0,1.0,1.19,1.16,847.0,71.49647849019111,16.55511871630047,True,False,True,False,True,5.854880748957758,0,0.9283162545830593,0.9541694086678574,False,False,False,False,-0.05581355364860506,-0.0690955712477132,False,False,False,False,-346550.0,-327968.2701186708,False,False,False,False,13150.484182593707,False,False,False,False
2025-08-26 14:00:00+00:00,1.21,1.22,1.19,1.195,7497.0,1.2016666666666669,1.1613012200288795,1.1098021251161603,1.0944340847854255,1.1117099871501783,1.1613919642874335,1.2007187121299043,1.1995494256725905,1.1970521196127588,1.1933176369734075,1.107423747114577,1.0941144276118213,1.0911842540892833,1.1200761356947866,1.1741321100138673,1.1573342012279346,1.120972851251785,1.1080705209362234,1.0984458956215497,1.085408073246523,1.1573342012279346,0.9957864592232287,0.9548478393962276,"rgba(38, 166, 154, 1.0)",0.0,0.0,0.04217050333292819,1.1503678049799877,1.05837472860235,0.0,0.0,0.0,0.0,0.0,0.0,0.0,0.0,75.10344487976813,19.986623851754274,True,False,True,False,True,9.060549824841004,0,0.9290664682078236,0.9465091399599979,False,True,False,False,0.003897263911278037,-0.032599153668217584,False,False,False,False,-339053.0,-328140.1263959007,False,True,False,False,13062.833265034114,False,True,False,False
2025-08-26 15:00:00+00:00,1.195,1.21,1.175,1.18,15181.0,1.192741129435282,1.168938652323879,1.1134612024205965,1.0962120577522165,1.1127262193582428,1.1616518719423026,1.2006340311474741,1.1994799238113585,1.1970091567244314,1.1932936777006966,1.1130900943708124,1.097735543634288,1.0925864503123082,1.1209147558788493,1.174242827791679,1.1574627455548974,1.1212137240565765,1.1083432454885558,1.0987323353076797,1.0857044762654693,1.1574627455548974,0.9961152943332886,0.9552058946142905,"rgba(38, 166, 154, 1.0)",0.0,0.0,0.04324141324958027,1.1513723790669843,0.6620417507583082,0.0,0.0,0.0,0.0,-1.0,1.19,1.18,0.0,74.06785356155498,19.986623851754274,True,False,True,False,True,7.390115488866368,0,0.9313122846232655,0.9487752631088757,False,False,False,False,-0.01598842273203012,-0.02429378820012385,False,False,False,False,-354234.0,-328544.6825758092,False,False,False,False,13095.67305937467,False,False,False,False
2025-08-26 16:00:00+00:00,1.18,1.18,1.125,1.145,13735.0,1.1766191561621764,1.1650831023562136,1.1149392185736022,1.0971179972907634,1.1131681797070718,1.1615510513584728,1.2003227382994865,1.199204066727309,1.196800507734452,1.1931062053536807,1.1152894382165457,1.0994918259797328,1.09332652950775,1.1212345105578818,1.1740730227761333,1.1574348519920288,1.1213065551696386,1.1084709159711785,1.0988797211223145,1.0858715620854458,1.1574348519920288,0.99635270209823,0.9554757878822515,"rgba(38, 166, 154, 1.0)",0.0,0.0,0.04332123878342916,1.151048635577763,-0.1396228673884687,0.0,0.0,0.0,0.0,-1.0,1.175,1.145,852.0,67.4348670857053,23.028204309526984,True,False,True,False,False,3.668031451594711,0,0.9107535820822535,0.9816616949484079,False,False,False,False,-0.0797857043410036,-0.05203974627056372,False,False,False,False,-367969.0,-329155.91230331606,False,False,False,False,13105.585104965761,False,False,False,False
2025-08-26 17:00:00+00:00,1.145,1.145,1.085,1.105,31792.0,1.1463432299684773,1.147974171947464,1.1146590429666812,1.0976639025077284,1.1131280709301612,1.1605715723857755,1.199078831899239,1.1980888239786283,1.1959347702290095,1.1922980294033982,1.1148503344821625,1.1003704631887035,1.093857887398389,1.1209970812521841,1.1730773867263782,1.157042282026405,1.1212351319301679,1.1084934270919056,1.0989642466336178,1.0860257963278432,1.157042282026405,0.9967630218771983,0.9559750981778812,"rgba(239, 83, 80, 1.0)",0.0,0.0,0.04305088127297205,1.1456295339140055,-0.9437561488320397,0.0,0.0,0.0,0.0,-1.0,1.125,1.115,851.0,58.652526171535094,15.19817820740056,False,False,True,False,False,0.0,0,0.8984038386212301,0.9853113983548765,False,False,False,False,-0.14018080405906347,-0.0961102751648136,False,False,False,False,-399761.0,-330250.56482574524,False,False,False,False,13395.296963803501,False,False,False,False
2025-08-26 18:00:00+00:00,1.105,1.115,1.105,1.105,10705.0,1.1411867739618975,1.144115134650128,1.1144817958697926,1.097797024946609,1.1130853288987739,1.1602284682409574,1.1986521284281115,1.1977054289053923,1.195635833342897,1.1920183970674203,1.11459478780908,1.1005593742451207,1.0939977395215212,1.120892142109598,1.1727314364474695,1.1569020076173633,1.1212030245786235,1.1084930482669577,1.0989850542093489,1.0860706182484232,1.1569020076173633,0.9968965393118586,0.9561389240068102,"rgba(239, 83, 80, 1.0)",0.0,0.0,0.042775024286420445,1.1451246995730413,-0.9380403691735482,0.0,0.0,0.0,0.0,0.0,0.0,0.0,0.0,52.79763222875496,10.276429057171853,False,True,False,False,False,0.0,0,0.9003686360466276,0.9975092159011657,False,False,False,False,-0.14369017494805458,-0.11990022505643409,False,False,False,False,-399761.0,-331328.2459912376,False,False,False,False,13353.586933356935,False,False,False,False
2025-08-26 19:00:00+00:00,1.105,1.12,1.09,1.12,24779.0,1.133733938347687,1.1378414215704467,1.1142088181843506,1.0981395622205254,1.113022952718965,1.1594762714032605,1.1976976064578266,1.1968467394604148,1.1949647075232617,1.1913909689270334,1.114212444310117,1.1010508119577322,1.0943477736072027,1.1206871513344328,1.1719650327572413,1.1565914280947271,1.1211388604806343,1.1085012572314297,1.0990413890201822,1.0861813959242315,1.1565914280947271,0.9972089752481078,0.9565209234433116,"rgba(239, 83, 80, 1.0)",0.0,0.0,0.04225064635148523,1.144330592156371,-0.5758631939962144,0.0,0.0,0.0,0.0,0.0,0.0,0.0,0.0,50.91361454941287,8.878873939860206,False,True,False,False,False,1.1736031130853348,0,0.89387734718338,0.9887634838194163,False,False,False,False,-0.13738229541519487,-0.1286412602358145,False,False,False,False,-374982.0,-332005.0483789703,False,False,False,False,13530.725120436671,False,False,False,False
2025-08-27 14:00:00+00:00,1.125,1.145,1.1,1.105,9127.0,1.132353167990356,1.13649811172123,1.1142627492368928,1.0983291571596485,1.1130498856608653,1.1592414281609993,1.1973775158335143,1.1965586303320732,1.1947393397865322,1.1911810087830155,1.1142854295709557,1.1013445968183562,1.0945261596366156,1.120659472772978,1.1717173025479435,1.1564942854324642,1.1211294457809458,1.1085176080969952,1.0990745293904483,1.0862332896904991,1.1564942854324642,0.997330398487358,0.9566672410724388,"rgba(239, 83, 80, 1.0)",0.0,0.0,0.041798745616780056,1.1442205267449739,-0.9383182716667187,0.0,0.0,0.0,0.0,0.0,0.0,0.0,0.0,48.028164224957145,6.27469431193164,False,True,False,True,False,0.0,0,0.9039852361713804,0.9750611003042544,False,False,False,False,-0.09666849513856646,-0.11265487768719047,False,False,False,False,-384109.0,-332812.8615823971,False,False,False,False,13462.450312367886,False,False,False,False
2025-08-27 15:00:00+00:00,1.105,1.115,1.1,1.105,1430.0,1.1320316539164026,1.1362045193851802,1.1142367242237146,1.0983425036707841,1.1130425017816592,1.1591962790677195,1.1973214083759751,1.1965080507783212,1.194699639448689,1.191143819119693,1.1142500954042707,1.101360238158363,1.0945413437517404,1.1206443959541406,1.1716716755936623,1.1564752973870616,1.121124677054895,1.108517027563596,1.0990767653580422,1.0862387379458713,1.1564752973870616,0.9973478081666961,0.9566887103126149,"rgba(239, 83, 80, 1.0)",0.0,0.0,0.04133493167500983,1.1441725368851006,-0.9476860199767408,0.0,0.0,0.0,0.0,0.0,0.0,0.0,0.0,46.10453067531999,4.393576159556609,False,True,False,True,False,0.0,0,0.9061279663562632,0.9774707119255029,False,False,False,False,-0.12451567137471163,-0.11858527453095105,False,False,False,False,-384109.0,-333608.15055011184,False,False,False,False,13275.90069512187,False,False,False,False
2025-08-27 16:00:00+00:00,1.105,1.115,1.095,1.115,1217.0,1.1317818695166417,1.1359730156455112,1.1142195612358654,1.0983560960740737,1.1130378703392418,1.1591591332019933,1.1972745896967787,1.1964658476322845,1.1946665198293878,1.1911128185914734,1.1142268338749728,1.1013776357294762,1.0945560084153287,1.1206331173092061,1.1716338894997353,1.1564596893729537,1.1211210886661986,1.108516978544118,1.0990790848728482,1.0862437505033222,1.1564596893729537,0.9973628461140139,0.9567071798380682,"rgba(239, 83, 80, 1.0)",0.0,0.0,0.04123345969233424,1.1441365647345292,-0.7066243034645479,0.0,0.0,0.0,0.0,0.0,0.0,0.0,0.0,46.37051487547661,4.381806814607181,False,True,False,True,False,0.7017207487427619,0,0.92247661377849,0.9741588712594965,False,False,False,False,-0.12917444621229807,-0.12387986037162456,False,False,False,False,-382892.0,-334372.2412392574,False,False,False,False,13088.940994422306,False,False,False,False
2025-08-27 17:00:00+00:00,1.115,1.13,1.115,1.125,1141.0,1.1316991984265834,1.135875344828365,1.1142443355942513,1.098387914637001,1.113047354801726,1.1591346198514791,1.1972381348676864,1.1964330447897706,1.1946408825717658,1.1910890378882342,1.1142602766915033,1.1014288735491133,1.0945846672118849,1.1206354346083087,1.1716068891329825,1.1564496232880934,1.1211216703638678,1.1085206845060964,1.0990847816341813,1.0862516377960667,1.1564496232880934,0.9973788465172088,0.9567262045183746,"rgba(239, 83, 80, 1.0)",0.0,0.0,0.04123345969233424,1.1441396926217249,-0.4641786734495908,0.0,0.0,0.0,0.0,0.0,0.0,0.0,0.0,48.01672214972307,4.381806814607181,False,True,False,True,False,1.6848140202266606,0,0.9286603714849021,0.961087475355401,False,False,False,False,-0.09666849513856646,-0.11027417775509551,False,False,False,False,-381751.0,-335106.79563864873,False,False,False,False,12903.701599159944,False,False,False,False
2025-08-27 18:00:00+00:00,1.125,1.135,1.115,1.125,6730.0,1.1313336414397759,1.1354012725514075,1.1144140672323948,1.0985863839843912,1.1131119509835015,1.1589974110264316,1.1970286739123384,1.1962445574924,1.1944935652023043,1.1909525520936421,1.11448797878764,1.1017489221333392,1.0947622847807874,1.1206574163044651,1.1714537213373917,1.1563933562453679,1.1211276760864117,1.108544961109483,1.099120634448157,1.0863001794291358,1.1563933562453679,0.9974743873353583,0.9568394517861578,"rgba(239, 83, 80, 1.0)",0.0,0.0,0.04133493167500983,1.144177230646435,-0.46394731693796853,0.0,0.0,0.0,0.0,0.0,0.0,0.0,0.0,49.114193665887385,4.381806814607181,False,True,False,False,False,1.6848140202266393,0,0.9275512316290624,0.9560132477747877,False,False,False,False,-0.09204294352307997,-0.10115856063908774,False,False,False,False,-381751.0,-335829.9615977395,False,False,False,False,12807.985295297,False,False,False,False
2025-08-27 19:00:00+00:00,1.125,1.145,1.12,1.13,15352.0,1.1313705060352162,1.13506349907702,1.115013542376321,1.0991397435408505,1.1133379079684211,1.1587490838241703,1.1965991881993583,1.1958581812224882,1.1941918518203394,1.1906745691829559,1.1152804831263377,1.1026477302006956,1.0952474325677066,1.1207824614439126,1.171157671093448,1.1562928517057913,1.121164773023952,1.1086224004305043,1.0992230221762653,1.0864294521189957,1.1562928517057913,0.9977031592450788,0.9571074327638127,"rgba(239, 83, 80, 1.0)",0.0,0.0,0.04145202371744261,1.144430104584996,-0.34811580451074847,0.0,0.0,0.0,0.0,0.0,0.0,0.0,0.0,50.655694621791014,4.381806814607181,False,True,False,False,True,2.1864010736642605,0,0.9304983525535422,0.9510914332784184,False,False,False,False,-0.07818902649118668,-0.08967379356513722,False,False,False,False,-366399.0,-336303.9001776195,False,False,False,False,12847.427383742008,False,False,False,False
2025-08-28 14:00:00+00:00,1.125,1.135,1.095,1.105,2235.0,1.1310580041299736,1.1347594320879977,1.1149966971281529,1.0991701761251027,1.1133349502698322,1.158686886735187,1.1965180183627995,1.195784910689126,1.1941341958215164,1.1906206735559735,1.1152563739010344,1.1026870047008368,1.0952787965498498,1.1207674127561782,1.171093296085329,1.1562664601425687,1.121159908211082,1.1086238840589826,1.0992287187163443,1.0864399172698105,1.1562664601425687,0.9977314370546487,0.9571419158038168,"rgba(239, 83, 80, 1.0)",0.0,0.0,0.04145202371744261,1.144378981585764,-0.9499893625023095,0.0,0.0,0.0,0.0,-1.0,1.12,1.115,860.0,47.75754692889135,4.381806814607181,False,True,False,True,True,0.0,0,0.9242579850056486,0.9602033480538151,False,False,False,False,-0.11057073292032256,-0.10012226324272988,False,False,False,False,-368634.0,-336805.14203533076,False,False,False,False,12682.893625854535,False,False,False,False
2025-08-28 15:00:00+00:00,1.105,1.115,1.095,1.115,12512.0,1.12920487552656,1.1329672009409881,1.11481409203408,1.099293124304291,1.1132858828984085,1.1583172367570047,1.1960487236492279,1.1953609094491713,1.1937999210765562,1.1903076263124728,1.1150071218102922,1.1028213771713262,1.0954169206380349,1.1206535526100403,1.1707153977780322,1.1561082898703456,1.1211232352874188,1.1086230935070012,1.099251992272993,1.0864906233220946,1.1561082898703456,0.9978848594948804,0.9573305171744722,"rgba(239, 83, 80, 1.0)",0.0,0.0,0.04145202371744261,1.1440328668854918,-0.7003968511499966,0.0,0.0,0.0,0.0,0.0,0.0,0.0,0.0,47.562148143418845,3.789488411226884,False,True,False,True,True,0.6071713290896312,0,0.9169866140915223,0.9792466535228804,False,False,False,False,-0.12917444621229807,-0.11464835472751397,False,False,False,False,-356122.0,-337104.6282053256,False,False,False,False,12680.244112275393,False,False,False,False
2025-08-28 16:00:00+00:00,1.115,1.115,1.095,1.105,5418.0,1.128379309331806,1.132169295173903,1.114698996510732,1.0993260907113611,1.1132508325447705,1.1581482852447789,1.1958393900366435,1.1951715959857032,1.1936503647791865,1.1901673248718805,1.1148535028418267,1.1028435993112091,1.0954606265386944,1.1205917275421609,1.170544498283627,1.1560353655153641,1.1211032981898776,1.1086188297849238,1.0992583477819824,1.086509167816253,1.1560353655153641,0.9979491621119657,0.9574102406448508,"rgba(239, 83, 80, 1.0)",0.0,0.0,0.0414736429924382,1.1438605740594632,-0.936994468186664,0.0,0.0,0.0,0.0,0.0,0.0,0.0,0.0,45.98958777189147,1.8694228632365508,False,True,False,True,False,0.0,0,0.939150219588338,0.9682522884808719,False,False,False,False,-0.12917444621229807,-0.12191140046990602,False,False,False,False,-361540.0,-337483.4711788864,False,False,False,False,12567.651180302131,False,False,False,False
2025-08-28 17:00:00+00:00,1.105,1.105,1.095,1.1,7035.0,1.12717578135989,1.1310201584238857,1.1144785223752354,1.0993311078305315,1.113178448475116,1.157910013132716,1.1955541308275202,1.194913397596383,1.193446013197668,1.1899751829581484,1.114563222094745,1.1028064301157985,1.0954873499408508,1.1204866649647331,1.1703070889144034,1.1559317404823017,1.1210694692460763,1.1086056799700719,1.099259411031841,1.0865266954151676,1.1559317404823017,0.9980286463604907,0.9575101266267304,"rgba(239, 83, 80, 1.0)",0.0,0.0,0.041282590183434546,1.1435868417983877,-1.0558165465082092,0.0,0.0,0.0,0.0,0.0,0.0,0.0,0.0,44.24049530836098,-0.16235707053099446,False,True,False,True,False,0.0,1,0.9339463115620377,0.9564045656309447,False,False,False,False,-0.1385089582424677,-0.13021017935618687,False,False,False,False,-368575.0,-337965.51038541534,False,False,False,False,12481.873642623028,False,False,False,False
2025-08-28 18:00:00+00:00,1.095,1.115,1.095,1.115,7553.0,1.1263552219127957,1.1301822148761411,1.1143811305367175,1.0994024918075929,1.1131501983943177,1.157692861706251,1.1952762967870787,1.1946619448893128,1.1932470824435408,1.1897888246849408,1.1144351934989434,1.1028829192318972,1.0955680329809168,1.120420453455301,1.170083972488104,1.1558374237246452,1.1210475873792376,1.1086052345826782,1.0992733560000267,1.0865570708436174,1.1558374237246452,0.9981208081361855,0.9576234744679365,"rgba(239, 83, 80, 1.0)",0.0,0.0,0.04135127480415909,1.1434080803974183,-0.6869940656475481,0.0,0.0,0.0,0.0,1.0,1.11,1.105,864.0,45.88064474136341,-0.16235707053099446,False,True,False,True,False,0.6338614729787189,1,0.9342070635296595,0.9539449444707614,False,False,False,False,-0.12917444621229807,-0.12969231278424248,False,False,False,False,-361022.0,-338322.97534068016,False,False,False,False,12405.456997000965,False,False,False,False
2025-08-28 19:00:00+00:00,1.115,1.125,1.11,1.12,7079.0,1.1260406441462902,1.1297857624512382,1.1144389768188756,1.0995421471251,1.1131783688387036,1.1575319423331933,1.1950472669408803,1.1944547411203537,1.1930833362152056,1.1896362804669955,1.1145088567902353,1.1030807588948444,1.0957012598035933,1.1204098505203368,1.1699099405614746,1.1557679018135716,1.1210432237199093,1.1086201224041157,1.0993007699858117,1.0865985015490636,1.1557679018135716,0.9982148711865357,0.9577365931238612,"rgba(239, 83, 80, 1.0)",0.0,0.0,0.04146549634803064,1.1433582455084408,-0.5633176391375828,0.0,0.0,0.0,0.0,0.0,0.0,0.0,0.0,47.831238602920095,-0.16235707053099446,False,True,False,False,True,1.1552624581097035,1,0.9365884590995561,0.9590467131684631,False,False,False,False,-0.10593218500803894,-0.11781224889614071,False,False,False,False,-353943.0,-338565.14626563084,False,False,False,False,12322.876268365291,False,False,False,False
2025-08-29 14:00:00+00:00,1.095,1.11,1.085,1.085,0.0,1.1260406441462902,1.1297857624512382,1.1144389768188756,1.0995421471251,1.1131783688387036,1.1575319423331933,1.1950472669408803,1.1944547411203537,1.1930833362152056,1.1896362804669955,1.1145088567902353,1.1030807588948444,1.0957012598035933,1.1204098505203368,1.1699099405614746,1.1557679018135716,1.1210432237199093,1.1086201224041157,1.0993007699858117,1.0865985015490636,1.1557679018135716,0.9982148711865357,0.9577365931238612,"rgba(239, 83, 80, 1.0)",0.0,0.0,0.04146549634803064,1.1433582455084408,-1.4073929085190484,0.0,0.0,0.0,0.0,-1.0,1.11,1.095,866.0,44.21949818606376,-0.554507095480659,False,True,False,True,False,0.0,1,0.9223643349649981,0.9631559555766092,False,False,False,False,-0.14318512372471456,-0.13049868631042763,False,False,False,False,-353943.0,-338803.56260259775,False,False,False,False,12131.823923119317,False,False,False,False
2025-08-29 15:00:00+00:00,1.085,1.095,1.085,1.095,2118.0,1.1256420147177995,1.1294079429703467,1.114339688153383,1.0995248026508473,1.1131434448083706,1.157451471577347,1.1949552792621727,1.194371324138907,1.1930170551873633,1.1895737447297856,1.1143804355231595,1.1030371968759145,1.0956942078034182,1.1203662282807407,1.1698312944023928,1.1557323695639936,1.1210291000866366,1.1086123632094247,1.0992974861984317,1.086600477858428,1.1557323695639936,0.9982367442377542,0.9577647920400741,"rgba(239, 83, 80, 1.0)",0.0,0.0,0.04146766894302985,1.1338880926505785,-0.9377930720920143,0.0,0.0,0.0,0.0,0.0,0.0,0.0,0.0,43.573289495032036,-1.317653666768571,False,True,False,True,False,0.0,1,0.9247981423821838,0.9643780674441921,False,False,False,False,-0.15725186149682097,-0.1438752739036243,False,False,False,False,-351825.0,-339005.44535294507,False,False,False,False,11976.570839039947,False,False,False,False
2025-08-29 16:00:00+00:00,1.095,1.105,1.095,1.095,3226.0,1.125168018924435,1.1289457977588868,1.114234091821592,1.099520819277924,1.1131069127855981,1.1573416637494378,1.1948245067083532,1.1942527590811516,1.1929228962570673,1.1894851229464887,1.1142441872196474,1.103010011053723,1.0957012151944714,1.1203154146411207,1.1697219999342938,1.1556839486709194,1.1210124923331248,1.1086052026606779,1.0992968549259543,1.0866074423342176,1.1556839486709194,0.9982724160035019,0.9578098572710451,"rgba(239, 83, 80, 1.0)",0.0,0.0,0.041472665479603994,1.1341775942999544,-0.9446606300051218,0.0,0.0,0.0,0.0,0.0,0.0,0.0,0.0,43.14248370101089,-1.9845813982795448,False,True,False,True,False,0.0,1,0.9252676775911735,0.9796184575248653,False,False,False,False,-0.1385089582424677,-0.141192116073046,False,False,False,False,-351825.0,-339204.19813817076,False,False,False,False,11840.90307409359,False,False,False,False
2025-08-29 17:00:00+00:00,1.095,1.095,1.085,1.085,652.0,1.1250392553195292,1.1288240917782029,1.114199603390987,1.0995132650429842,1.1130945683588396,1.1573157676531642,1.1947953848631705,1.1942263371746016,1.1929018792680757,1.189465270007551,1.1141998003179148,1.1029928875845887,1.0956972634468793,1.1203005142965483,1.1696968626975428,1.1556724676910128,1.1210076600106258,1.1086023489491657,1.0992954043288636,1.0866076493622763,1.1556724676910128,0.9982789022529736,0.9578183138982951,"rgba(239, 83, 80, 1.0)",0.0,0.0,0.04144159028568475,1.128855332000112,-1.0582444278269187,0.0,0.0,0.0,0.0,0.0,0.0,0.0,0.0,41.502665619350424,-3.806453107795832,False,True,False,True,False,0.0,0,0.9204345917471466,0.9821663740122912,False,False,False,False,-0.15725186149682097,-0.14922198878493348,False,False,False,False,-352477.0,-339409.9780119976,False,False,False,False,11667.431708603766,False,False,False,False
2025-08-29 18:00:00+00:00,1.085,1.095,1.085,1.095,8302.0,1.1236170968161412,1.127458346246366,1.1138239284965987,1.0994463757698973,1.112959469978591,1.1570035722700651,1.1944375271334036,1.1939016067243777,1.1926435110580176,1.1892214692651695,1.1137187853822808,1.102827089398153,1.0956699236585503,1.1201316508424055,1.1693911969034247,1.1555338399274042,1.1209525185793867,1.1085720465972189,1.0992825735362988,1.0866153646888161,1.1555338399274042,0.9983644649189178,0.9579286451599239,"rgba(239, 83, 80, 1.0)",0.0,0.0,0.041345609917627466,1.1234100531378366,-0.6871359061926465,0.0,0.0,0.0,0.0,0.0,0.0,0.0,0.0,42.41614719984351,-3.806453107795832,False,True,False,True,False,0.0,0,0.9100918446387075,0.9903175832687837,False,False,False,False,-0.15725186149682097,-0.15323692514087722,False,False,False,False,-344175.0,-339483.8543218891,False,False,False,False,11615.25447281146,False,False,False,False
2025-08-29 19:00:00+00:00,1.095,1.115,1.09,1.115,8443.0,1.1229130075421014,1.1267091596852643,1.1137045974560096,1.099508433367809,1.1129193784176707,1.1567613004181383,1.1941288778339738,1.1936216088536942,1.1924209355945872,1.1890127035710294,1.113568940061239,1.1028834109362158,1.0957452623959933,1.1200513760915087,1.1691423060636643,1.1554264393509088,1.1209252668433958,1.1085685857714043,1.0992951822219346,1.0866464154127875,1.1554264393509088,0.9984652836439224,0.9580532278480198,"rgba(239, 83, 80, 1.0)",0.0,0.0,0.0411767230668454,1.124522689525481,-0.23126389902426273,0.0,0.0,0.0,0.0,1.0,1.115,1.095,871.0,46.367388577942435,-8.190499318298947,False,True,False,True,True,0.7914341739349453,0,0.9188765805080005,0.9832158442430344,False,False,False,False,-0.1338388040436235,-0.14353786459225037,False,False,False,False,-335732.0,-339425.6860378288,False,False,False,False,11566.072232922912,False,False,False,False
2025-09-01 14:00:00+00:00,1.115,1.115,1.115,1.115,0.0,1.1229130075421014,1.1267091596852643,1.1137045974560096,1.099508433367809,1.1129193784176707,1.1567613004181383,1.1941288778339738,1.1936216088536942,1.1924209355945872,1.1890127035710294,1.113568940061239,1.1028834109362158,1.0957452623959933,1.1200513760915087,1.1691423060636643,1.1554264393509088,1.1209252668433958,1.1085685857714043,1.0992951822219346,1.0866464154127875,1.1554264393509088,0.9984652836439224,0.9580532278480198,"rgba(239, 83, 80, 1.0)",0.0,0.0,0.04105314068815585,1.124522689525481,-0.23196007335507796,0.0,0.0,0.0,0.0,0.0,0.0,0.0,0.0,49.001549496675054,-5.688516119961264,False,True,False,False,True,0.7914341739349453,0,0.9250311191580853,0.9759533778431593,False,False,False,False,-0.11057073292032256,-0.12705429875628646,False,False,False,False,-335732.0,-339368.41958762985,False,False,False,False,11386.75328357527,False,False,False,False
2025-09-01 15:00:00+00:00,1.115,1.115,1.115,1.115,0.0,1.1229130075421014,1.1267091596852643,1.1137045974560096,1.099508433367809,1.1129193784176707,1.1567613004181383,1.1941288778339738,1.1936216088536942,1.1924209355945872,1.1890127035710294,1.113568940061239,1.1028834109362158,1.0957452623959933,1.1200513760915087,1.1691423060636643,1.1554264393509088,1.1209252668433958,1.1085685857714043,1.0992951822219346,1.0866464154127875,1.1554264393509088,0.9984652836439224,0.9580532278480198,"rgba(239, 83, 80, 1.0)",0.0,0.0,0.04091333402329928,1.124522689525481,-0.23275271382327323,0.0,0.0,0.0,0.0,0.0,0.0,0.0,0.0,50.757656775830135,-4.005010685108999,False,True,False,False,True,0.7914341739349453,0,0.9169006819875065,0.9842397845148717,False,False,False,False,-0.11057073292032256,-0.11881251583830452,False,False,False,False,-335732.0,-339312.040989372,False,False,False,False,11210.214472977203,False,False,False,False
2025-09-01 16:00:00+00:00,1.115,1.115,1.115,1.115,0.0,1.1229130075421014,1.1267091596852643,1.1137045974560096,1.099508433367809,1.1129193784176707,1.1567613004181383,1.1941288778339738,1.1936216088536942,1.1924209355945872,1.1890127035710294,1.113568940061239,1.1028834109362158,1.0957452623959933,1.1200513760915087,1.1691423060636643,1.1554264393509088,1.1209252668433958,1.1085685857714043,1.0992951822219346,1.0866464154127875,1.1554264393509088,0.9984652836439224,0.9580532278480198,"rgba(239, 83, 80, 1.0)",0.0,0.0,0.04075713611314346,1.124522689525481,-0.23364471681831603,0.0,0.0,0.0,0.0,0.0,0.0,0.0,0.0,51.92839496193352,-2.807304799532183,False,True,True,False,True,0.7914341739349453,0,0.9419608310018454,0.9717245074111552,False,False,False,False,-0.11057073292032256,-0.11469162437931354,False,False,False,False,-335732.0,-339256.53647790884,False,False,False,False,11036.412698202363,False,False,False,False
2025-09-01 17:00:00+00:00,1.115,1.115,1.115,1.115,0.0,1.1229130075421014,1.1267091596852643,1.1137045974560096,1.099508433367809,1.1129193784176707,1.1567613004181383,1.1941288778339738,1.1936216088536942,1.1924209355945872,1.1890127035710294,1.113568940061239,1.1028834109362158,1.0957452623959933,1.1200513760915087,1.1691423060636643,1.1554264393509088,1.1209252668433958,1.1085685857714043,1.0992951822219346,1.0866464154127875,1.1554264393509088,0.9984652836439224,0.9580532278480198,"rgba(239, 83, 80, 1.0)",0.0,0.0,0.03978625322830872,1.124522689525481,-0.23934622521090726,0.0,0.0,0.0,0.0,0.0,0.0,0.0,0.0,52.70888708600245,-1.8981745697485266,False,False,True,False,True,0.7914341739349453,0,0.9336309882949196,0.9653071075177988,False,False,False,False,-0.11057073292032256,-0.11263117864981806,False,False,False,False,-335732.0,-339201.8925015071,False,False,False,False,10865.305524586822,False,False,False,False
2025-09-01 18:00:00+00:00,1.115,1.115,1.115,1.115,0.0,1.1229130075421014,1.1267091596852643,1.1137045974560096,1.099508433367809,1.1129193784176707,1.1567613004181383,1.1941288778339738,1.1936216088536942,1.1924209355945872,1.1890127035710294,1.113568940061239,1.1028834109362158,1.0957452623959933,1.1200513760915087,1.1691423060636643,1.1554264393509088,1.1209252668433958,1.1085685857714043,1.0992951822219346,1.0866464154127875,1.1554264393509088,0.9984652836439224,0.9580532278480198,"rgba(239, 83, 80, 1.0)",0.0,0.0,0.03844347670154278,1.124522689525481,-0.24770625194517876,0.0,0.0,0.0,0.0,0.0,0.0,0.0,0.0,53.229215168715065,-1.16326844141971,False,False,True,False,True,0.7914341739349453,0,0.9270472369140982,0.9650434676880053,False,False,False,False,-0.11057073292032256,-0.11160095578507032,False,False,False,False,-335732.0,-339148.095718538,False,False,False,False,10696.851175368422,False,False,False,False
2025-09-01 19:00:00+00:00,1.115,1.115,1.115,1.115,0.0,1.1229130075421014,1.1267091596852643,1.1137045974560096,1.099508433367809,1.1129193784176707,1.1567613004181383,1.1941288778339738,1.1936216088536942,1.1924209355945872,1.1890127035710294,1.113568940061239,1.1028834109362158,1.0957452623959933,1.1200513760915087,1.1691423060636643,1.1554264393509088,1.1209252668433958,1.1085685857714043,1.0992951822219346,1.0866464154127875,1.1554264393509088,0.9984652836439224,0.9580532278480198,"rgba(239, 83, 80, 1.0)",0.0,0.0,0.03699318174335182,1.124522689525481,-0.257417423338892,0.0,0.0,0.0,0.0,0.0,0.0,0.0,0.0,53.576100557190145,-0.53804229819238,False,False,True,False,True,0.7914341739349453,0,0.9274646583122415,0.9706772022964378,False,False,False,False,-0.11057073292032256,-0.11108584435269644,False,False,False,False,-335732.0,-339095.13299421954,False,False,False,False,10531.00852148674,False,False,False,False
2025-09-02 14:00:00+00:00,1.11,1.115,1.105,1.105,3384.0,1.1226742497931217,1.1264475501724183,1.1136689421580552,1.0995387297033343,1.1129076976033987,1.1566680589147977,1.1940081238256421,1.1935120294797965,1.1923337768573772,1.1889310128190707,1.113524727957531,1.102915265312985,1.0957797335724309,1.1200234425979683,1.1690457493277133,1.1553849918932453,1.1209156466879198,1.1085684146320844,1.0993013636481224,1.0866598675436232,1.1553849918932453,0.9985062612785532,0.9581036620297705,"rgba(239, 83, 80, 1.0)",0.0,0.0,0.03537991999340732,1.1125011858310145,-0.21201816828337444,0.0,0.0,0.0,0.0,0.0,0.0,0.0,0.0,50.728954677049835,-0.53804229819238,False,True,False,False,False,0.0,0,0.9198717948717948,0.9614768244575935,False,False,False,False,-0.11986226763705538,-0.11547405599487591,False,False,False,False,-339116.0,-339095.456513689,False,False,False,False,10420.20218782028,False,False,False,False
2025-09-02 15:00:00+00:00,1.105,1.115,1.085,1.085,2890.0,1.122292550576759,1.126069793186387,1.1135637024466685,1.0995254615440118,1.1128688290496735,1.156566824710775,1.193889258979699,1.1934040552869785,1.1922476922005036,1.1888498585249083,1.1133920885114197,1.1028759511263428,1.0957779143065665,1.1199726030735717,1.1689454740218943,1.1553396383989734,1.1208987486632997,1.108559990163183,1.09929885274968,1.0866642832855353,1.1553396383989734,0.9985369871197282,0.9581428866142716,"rgba(239, 83, 80, 1.0)",0.0,0.0,0.03386153575378365,1.1081825108130514,-0.6846266803023268,0.0,0.0,0.0,0.0,-1.0,1.105,1.085,879.0,44.67453291127778,-0.8632305057661327,False,True,False,True,False,0.0,0,0.9199950766200996,0.9615360945288939,False,False,False,False,-0.1385089582424677,-0.1269915071186718,False,False,False,False,-342006.0,-339140.5812189031,False,False,False,False,10303.454867078879,False,False,False,False
2025-09-02 16:00:00+00:00,1.085,1.085,1.08,1.085,4730.0,1.1214324996227378,1.125245784026382,1.1132873405488986,1.099448358655515,1.1127642785441159,1.1563705904890962,1.1936724509286485,1.193206954917888,1.192090264041178,1.1887008632153973,1.1130439153283669,1.1027183665652893,1.0957305732180131,1.1198511739645174,1.1687561389834789,1.1552512323401065,1.1208587023852798,1.1085343810040542,1.09928361381494,1.0866613993472385,1.1552512323401065,0.998581156246016,0.9582015675988523,"rgba(239, 83, 80, 1.0)",0.0,0.0,0.03204402939427228,1.1059242118382,-0.652983168275964,0.0,0.0,0.0,0.0,0.0,0.0,0.0,0.0,40.638251734096414,-4.414479948985189,False,True,False,True,False,0.0,0,0.9141439837191554,0.9888705164080386,False,False,False,False,-0.17138059932270786,-0.14918605322068984,False,False,False,False,-342006.0,-339185.0063162845,False,False,False,False,10217.044714100912,False,False,False,False
2025-09-02 17:00:00+00:00,1.085,1.095,1.08,1.095,2036.0,1.1211366287715925,1.1249556706407442,1.1131960626525694,1.0994290322775093,1.1127296454600246,1.156294126545367,1.193585011576304,1.1931274659968487,1.192026785327994,1.1886409081596934,1.1129295913643118,1.1026743745257275,1.0957212048898333,1.1198086498833526,1.1686812387007497,1.1552167666165618,1.1208445487168728,1.108526285561297,1.099279801165627,1.0866626431088309,1.1552167666165618,0.9986016488271507,0.9582281543618832,"rgba(239, 83, 80, 1.0)",0.0,0.0,0.030960305885790396,1.1057058956444494,-0.34579424647619705,0.0,0.0,0.0,0.0,0.0,0.0,0.0,0.0,41.29861834070458,-4.414479948985189,False,True,False,True,False,0.0,0,0.9058951129258643,0.9888350133979839,False,False,False,False,-0.1619542543483667,-0.15557015378452826,False,False,False,False,-339970.0,-339197.17676099326,False,False,False,False,10090.20681155671,False,False,False,False
2025-09-02 18:00:00+00:00,1.095,1.105,1.085,1.085,19124.0,1.1187427099306355,1.1225666505301894,1.1124315644186968,1.0992827053671526,1.1124328919942081,1.1556022563087471,1.1927839426434326,1.1923987364868829,1.1914440426479183,1.1880907452367588,1.1119828651297357,1.1023279928171517,1.0956598868519571,1.1194370662194486,1.1679993546108063,1.154903029050613,1.120719384816273,1.1084573992190032,1.0992505460262294,1.0866800923251627,1.154903029050613,0.998797188509649,0.958480511308297,"rgba(239, 83, 80, 1.0)",0.0,0.0,0.02969848480985466,1.1048170831859205,-0.667275900194908,0.0,0.0,0.0,0.0,0.0,0.0,0.0,0.0,39.698341279763184,-5.106547449549076,False,True,False,True,False,0.0,0,0.8996751385438562,0.990445251289891,False,False,False,False,-0.14786751701153375,-0.151718835398031,False,False,False,False,-359094.0,-339505.6546406678,False,False,False,False,10230.265620679862,False,False,False,False
2025-09-02 19:00:00+00:00,1.085,1.105,1.05,1.085,27129.0,1.114739499223011,1.118633520205082,1.1108762294004892,1.098780487656579,1.111797381943446,1.154471285328134,1.191540275133497,1.1912650786179768,1.1905335741481893,1.1872277721323217,1.1100827743627588,1.1013738868508613,1.0953309808178116,1.118711959190958,1.1669077851331424,1.154382105725135,1.120473094810133,1.108293406088811,1.0991461760061776,1.086647210865543,1.154382105725135,0.9990385022355152,0.9588056521225419,"rgba(239, 83, 80, 1.0)",0.0,0.0,0.028859398206927907,1.1017510409157798,-0.5804362515001656,0.0,0.0,0.0,0.0,0.0,0.0,0.0,0.0,38.631489905802255,-6.230181038669819,False,True,False,True,False,0.0,0,0.8890579434512488,0.998415113477875,False,False,False,False,-0.18083720368052178,-0.1662780195392764,False,False,False,False,-359094.0,-339809.3499175566,False,False,False,False,10492.261502529786,False,False,False,False
2025-09-03 14:00:00+00:00,1.095,1.105,1.095,1.095,7350.0,1.1142927247667673,1.1181377454954655,1.110715349798763,1.0987773545058286,1.1117262824478171,1.1542446799513197,1.1912626471107124,1.1910118264946499,1.1903299480371714,1.1870359059127227,1.1098966543317104,1.1013390888626955,1.0953479685023368,1.1186109483603537,1.166678101143995,1.154276697002022,1.1204368737650103,1.108277879752758,1.0991449837891922,1.0866627746004511,1.154276697002022,0.9991183828932848,0.9589067227074616,"rgba(239, 83, 80, 1.0)",0.0,0.0,0.028321195068203943,1.1020755754074865,-0.24983322174247516,0.0,0.0,0.0,0.0,0.0,0.0,0.0,0.0,41.17629289530217,-6.230181038669819,False,True,False,True,True,0.0,0,0.9018925248433443,0.9857585923159693,False,False,False,False,-0.1385089582424677,-0.15239348889087206,False,False,False,False,-351744.0,-339994.38325216813,False,False,False,False,10443.544269932425,False,False,False,False
2025-09-03 15:00:00+00:00,1.095,1.095,1.09,1.095,290.0,1.1142702288249344,1.1181138670720938,1.1107065576658428,1.0987758498600444,1.1117224510045467,1.1542349803620964,1.191251139441366,1.1910013249805922,1.1903214965953695,1.187027926900754,1.1098863085661115,1.1013354754430396,1.0953475188440198,1.1186060057670828,1.166668409648795,1.1542721751608653,1.1204351243345245,1.1082769606307667,1.099144647483807,1.0866631251048253,1.1542721751608653,0.999121373309844,0.9589105646237467,"rgba(239, 83, 80, 1.0)",0.0,0.0,0.028204050568484625,1.1020774213811513,-0.2509363456134084,0.0,0.0,0.0,0.0,0.0,0.0,0.0,0.0,42.872828221635444,-6.230181038669819,False,True,False,True,True,0.0,0,0.8988699113907793,0.9999999999999999,False,False,False,False,-0.023744483416744146,-0.08806898615380811,False,False,False,False,-351744.0,-340176.54785290966,False,False,False,False,10286.12497892572,False,False,False,False
2025-09-03 16:00:00+00:00,1.095,1.1,1.09,1.095,2497.0,1.1140937722704864,1.117923853389214,1.1106384480728553,1.0987668855383084,1.1116925109047666,1.1541538732622851,1.1911538508557213,1.1909125380801842,1.1902500371031206,1.186960502129699,1.109806675521659,1.1013109491842508,1.095346852265523,1.1185663294577533,1.1665869624548428,1.1542343323903488,1.1204209962340042,1.1082699334729194,1.0991425834056314,1.0866668952547016,1.1542343323903488,0.9991475693434972,0.9589440458029734,"rgba(239, 83, 80, 1.0)",0.0,0.0,0.028136891880338424,1.102117265897847,-0.252951389517921,0.0,0.0,0.0,0.0,0.0,0.0,0.0,0.0,44.0038517725243,-11.008843585061989,False,True,False,True,True,0.0,0,0.9303087323158405,0.9965154366157918,False,False,False,False,-0.015880474476020288,-0.051974730314914196,False,False,False,False,-351744.0,-340355.8881962754,False,False,False,False,10165.363351345477,False,False,False,False
2025-09-03 17:00:00+00:00,1.095,1.095,1.085,1.09,4061.0,1.1137402228244506,1.1175554411248716,1.1104939151938222,1.0987331654383945,1.111629529140282,1.1540113282880016,1.1909878388350634,1.1907609802082575,1.1901279586878204,1.1868451058077398,1.109635843097776,1.101240180709558,1.0953302245382692,1.1184884555244679,1.1664456710629294,1.1541677034352995,1.1203935397045808,1.1082542204848582,1.0991351844519006,1.086669344878785,1.1541677034352995,0.9991879219688824,0.958996463001016,"rgba(239, 83, 80, 1.0)",0.0,0.0,0.02815369657135275,1.1020514386733358,-0.42805883919337256,0.0,0.0,0.0,0.0,0.0,0.0,0.0,0.0,43.235714507829634,-11.008843585061989,False,True,False,True,True,0.0,0,0.9483029092983455,0.9786081003993155,False,False,False,False,-0.03161142980595041,-0.0417930800604323,False,False,False,False,-355805.0,-340595.4093095114,False,False,False,False,10070.722059076556,False,False,False,False
2025-09-03 18:00:00+00:00,1.085,1.09,1.075,1.075,5281.0,1.1131084407978793,1.116921970072025,1.1102187149673255,1.0986399321458864,1.111510557277629,1.1537980938476955,1.1907514702294422,1.1905450785590184,1.1899538389854267,1.1866799996410624,1.10930713136549,1.1010687601372557,1.0952684778557589,1.1183524944887375,1.166238777666745,1.154067793570099,1.1203461855739518,1.1082226556973385,1.099115067582507,1.0866629768947418,1.154067793570099,0.9992345711394469,0.9590593661610782,"rgba(239, 83, 80, 1.0)",0.0,0.0,0.028105656511262917,1.1016675256664534,-0.9488312666088005,0.0,0.0,0.0,0.0,-1.0,1.085,1.075,0.0,39.25038819612139,-11.008843585061989,False,True,False,True,False,0.0,0,0.9636997241179031,0.9564396689414839,False,False,False,False,-0.05523966960673245,-0.04851637483358237,False,False,False,False,-361086.0,-340913.09288610815,False,False,False,False,9996.462802346687,False,False,False,False
2025-09-03 19:00:00+00:00,1.075,1.075,1.06,1.065,11337.0,1.1113137311045058,1.1151657871537688,1.109390977443609,1.0983019347523446,1.1111513509108715,1.1532624968777916,1.1901867492127827,1.1900288604537128,1.1895367981048808,1.1862831903642128,1.108315427553907,1.1004828761378564,1.0950232885161224,1.1179634883837237,1.1657298015253597,1.153815771571363,1.120211430557136,1.1081232308745237,1.099042000128841,1.086622073311769,1.153815771571363,0.9993180311494158,0.9591793198809876,"rgba(239, 83, 80, 1.0)",0.0,0.0,0.028322149356030713,1.1001699158287708,-1.2417813135104452,0.0,0.0,0.0,0.0,-1.0,1.075,1.065,0.0,34.947887790277534,-9.865402791629705,False,True,False,True,False,0.0,0,0.9470764289364186,0.9598510840207315,False,False,False,False,-0.10270848689696954,-0.07561243086527596,False,False,False,False,-372423.0,-341401.6185777964,False,False,False,False,10017.246324790924,False,False,False,False
2025-09-04 14:00:00+00:00,1.065,1.065,1.05,1.055,2552.0,1.1108424574209246,1.1147092072560305,1.10916637036765,1.098203093551035,1.1110532856189386,1.1531290207302536,1.1900501023150967,1.1899038789734049,1.1894357006887422,1.1861867914599593,1.108046438413287,1.1003155428455704,1.0949494141664184,1.1178598142878036,1.1656044525529698,1.1537527541044357,1.1201755422250763,1.108095532730129,1.0990205314043708,1.0866082863269049,1.1537527541044357,0.9993340045141209,0.959203776352216,"rgba(239, 83, 80, 1.0)",0.0,0.0,0.028797209574548104,1.0997409718260325,-1.5536564996066855,0.0,0.0,0.0,0.0,-1.0,1.06,1.055,892.0,30.75551995616358,-13.662666237653745,False,True,False,True,False,0.0,0,0.9380647041678808,0.9617458466919264,False,False,False,False,-0.13459937309364062,-0.1051059019794583,False,False,False,False,-374975.0,-341922.1361192259,False,False,False,False,9901.50607169339,False,False,False,False
2025-09-04 15:00:00+00:00,1.055,1.055,1.045,1.05,9684.0,1.1089144775591944,1.1128478406374815,1.1082251373463152,1.0977727345783783,1.1106391258308141,1.1525910866930602,1.1895083167950848,1.1894081148463789,1.1890342717580904,1.1858035284618764,1.1069215087870266,1.0995967970891571,1.0946232855005438,1.1174270607376462,1.1651024551167253,1.153497995893915,1.120025468853262,1.1079771085046615,1.098926470075978,1.0865444614837032,1.153497995893915,0.9993874985335875,0.9592901287108548,"rgba(239, 83, 80, 1.0)",0.0,0.0,0.029262711875481923,1.0979552757384365,-1.6387844005195,0.0,0.0,0.0,0.0,0.0,0.0,0.0,0.0,27.377588197693516,-16.673210564146565,False,True,False,True,False,0.0,0,0.9354195881614875,0.97785814451251,False,False,False,False,-0.15869390806288577,-0.13189990502117205,False,False,False,False,-384659.0,-342584.7231561371,False,False,False,False,9898.133884535353,False,False,False,False
2025-09-04 16:00:00+00:00,1.045,1.05,1.035,1.05,11024.0,1.1066891746781713,1.110696580016605,1.1071005273504202,1.0972417788251072,1.1101361289893543,1.1519559931761745,1.188874720135502,1.1888279211983424,1.1885637670706677,1.1853538824365961,1.1055849172114864,1.0987231836705864,1.0942167835909236,1.1169050591257041,1.1645116806520968,1.1531955675793761,1.11984326606514,1.107831308230484,1.0988089338061788,1.0864621715287184,1.1531955675793761,0.9994422549849353,0.959382822737341,"rgba(239, 83, 80, 1.0)",0.0,0.0,0.029739408743846864,1.0959562732781651,-1.5452988213046948,0.0,0.0,0.0,0.0,0.0,0.0,0.0,0.0,25.125633692046804,-18.702809712289568,False,True,False,True,False,0.0,0,0.9287000900630438,0.9924947463224255,False,False,False,False,-0.18297260263307016,-0.15743625382712112,False,False,False,False,-384659.0,-343237.03752580937,False,False,False,False,9915.589173147207,False,False,False,False
2025-09-04 17:00:00+00:00,1.045,1.05,1.04,1.045,4509.0,1.1058230132311133,1.109855485612447,1.1066519882829227,1.0970276751202352,1.1099326093353787,1.1516983846335875,1.1886171666558816,1.1885919535273917,1.1883722073849614,1.1851707961604638,1.1050547104065251,1.098373864987738,1.0940524302130272,1.1166937135841903,1.164271715417935,1.1530723546232342,1.1197689968413722,1.107771867832817,1.0987610070168328,1.0864286074248126,1.1530723546232342,0.9994646134231038,0.9594206783932091,"rgba(239, 83, 80, 1.0)",0.0,0.0,0.030139017242795475,1.0952152380173388,-1.6661206174312952,0.0,0.0,0.0,0.0,0.0,0.0,0.0,0.0,23.00538420086812,-20.715589089374554,False,True,False,True,False,0.0,0,0.9342055793668695,0.9774419129257839,False,False,False,False,-0.17485735213312822,-0.16614680298012469,False,False,False,False,-389168.0,-343949.14547114563,False,False,False,False,9831.766085191435,False,False,False,False
2025-09-04 18:00:00+00:00,1.045,1.06,1.045,1.055,8596.0,1.1044546294527189,1.108508806211606,1.1059277840104076,1.0966889342431443,1.1095974647549687,1.151248788513794,1.1881570527011045,1.18817022381223,1.1880295730243156,1.184843751028081,1.1042059578535282,1.097822385457529,1.0937948433771354,1.1163406598036782,1.1638486799952863,1.1528562886673628,1.1196435520062065,1.1076738634166194,1.098684001151122,1.0863776115021473,1.1528562886673628,0.9995149664902272,0.9594997725204896,"rgba(239, 83, 80, 1.0)",0.0,0.0,0.030313675443932583,1.0941843318644533,-1.2926288643859014,0.0,0.0,0.0,0.0,1.0,1.055,1.05,0.0,26.153666330260787,-20.715589089374554,False,True,False,True,True,0.0,0,0.9362053437406183,0.9718552987090963,False,False,False,False,-0.1506434297773415,-0.1583951163787331,False,False,False,False,-380572.0,-344516.94166539144,False,False,False,False,9812.60692107994,False,False,False,False
2025-09-04 19:00:00+00:00,1.055,1.06,1.055,1.06,16586.0,1.1022457762929554,1.1063035334624716,1.1047123028093255,1.096123648318032,1.1090183743336872,1.1504365162483894,1.1873106479565212,1.1873937842036153,1.1873977088331102,1.184241098997256,1.1027980576475884,1.0969109897398794,1.0933672222731154,1.1157236290532393,1.1630780035343862,1.1524628362116518,1.1194209904079628,1.1075030655985332,1.098552454094088,1.08629447922222,1.1524628362116518,0.9996208589196787,0.959660120924501,"rgba(239, 83, 80, 1.0)",0.0,0.0,0.03052292005444123,1.092725984823671,-1.0721773921138702,0.0,0.0,0.0,0.0,0.0,0.0,0.0,0.0,30.20154589802741,-26.443024528226594,False,True,False,True,True,0.0,0,0.9396180843837268,0.975469846780889,False,False,False,False,-0.13459937309364062,-0.14649724473618686,False,False,False,False,-363986.0,-344818.7875310443,False,False,False,False,9917.620767264747,False,False,False,False
