date,Open,High,Low,Close,Volume,Gap_Up_aVWAP_444,Gap_Up_aVWAP_440,Gap_Up_aVWAP_435,Gap_Up_aVWAP_432,Gap_Up_aVWAP_427,Gap_Up_aVWAP_425,Gap_Up_aVWAP_421,Gap_Up_aVWAP_417,Gap_Up_aVWAP_414,Gap_Up_aVWAP_409,Gap_Down_aVWAP_445,Gap_Down_aVWAP_434,Gap_Down_aVWAP_429,Gap_Down_aVWAP_423,Gap_Down_aVWAP_422,Gap_Down_aVWAP_420,Gap_Down_aVWAP_413,Gap_Down_aVWAP_412,Gap_Down_aVWAP_407,Gap_Down_aVWAP_406,aVWAP_OB_bull_213,aVWAP_OB_bear_110,aVWAP_OB_bear_3,color,Liquidity,Liquidity_Level,StDev,StDev_Mean,StdDev_ZScore,OB,OB_High,OB_Low,OB_Mitigated_Index,FVG,FVG_High,FVG_Low,FVG_Mitigated_Index,QQEMOD,QQE1_Value,QQE1_Above_Upper,QQE1_Below_Lower,QQE2_Above_Threshold,QQE2_Below_Threshold,QQE2_Above_TL,banker_RSI,TTM_squeeze_Active,VI_plus,VI_minus,VI_Regular_Bullish,VI_Regular_Bearish,VI_Hidden_Bullish,VI_Hidden_Bearish,Fisher,Fisher_Signal,Fisher_Regular_Bullish,Fisher_Regular_Bearish,Fisher_Hidden_Bullish,Fisher_Hidden_Bearish,OBV,OBV_Smoothed,OBV_Regular_Bullish,OBV_Regular_Bearish,OBV_Hidden_Bullish,OBV_Hidden_Bearish,Volume_MA,Vol_Regular_Bullish,Vol_Regular_Bearish,Vol_Hidden_Bullish,Vol_Hidden_Bearish
2024-01-12 17:00:00+00:00,12.645,12.66,12.525,12.585,2210.0,,,,,,,,,,,,,,,,,,,,,,,,"rgba(38, 166, 154, 1.0)",0.0,0.0,,,,0.0,0.0,0.0,0.0,0.0,0.0,0.0,0.0,,,False,False,False,False,False,,0,,,False,False,False,False,,,False,False,False,False,0.0,0.0,False,False,False,False,2210.0,False,False,False,False
2024-01-15 17:00:00+00:00,12.585,12.585,12.585,12.585,0.0,,,,,,,,,,,,,,,,,,,,,,,,"rgba(239, 83, 80, 1.0)",0.0,0.0,,,,0.0,0.0,0.0,0.0,0.0,0.0,0.0,0.0,,,False,False,False,False,False,,0,,,False,False,False,False,,,False,False,False,False,0.0,0.0,False,False,False,False,2175.736434108527,False,False,False,False
2024-01-16 17:00:00+00:00,12.805,13.01,12.795,12.9,1493.0,,,,,,,,,,,,,,,,,,,,,,,,"rgba(38, 166, 154, 1.0)",0.0,0.0,,,,0.0,0.0,0.0,0.0,0.0,0.0,0.0,0.0,100.0,,False,False,True,False,False,,0,,,False,False,False,False,,,False,False,False,False,1493.0,23.147286821705425,False,False,False,False,2165.1513731145965,False,False,False,False
2024-01-17 17:00:00+00:00,13.155,13.305,13.07,13.1,535.0,,,,,,,,,,,,,,,,,,,,,,,13.158333333333333,"rgba(239, 83, 80, 1.0)",0.0,0.0,,,,0.0,0.0,0.0,0.0,0.0,0.0,0.0,0.0,100.0,50.0,False,False,True,False,True,,0,,,False,False,False,False,,,False,False,False,False,2028.0,54.230274622919296,False,False,False,False,2139.877708415145,False,False,False,False
2024-01-18 17:00:00+00:00,13.145,13.29,12.945,12.95,5201.0,,,,,,,,,,,,,,,,,,,,,,,13.070682821943281,"rgba(239, 83, 80, 1.0)",0.0,0.0,,,,0.0,0.0,0.0,0.0,0.0,0.0,0.0,0.0,91.3294797687861,42.19653179190749,False,False,True,False,False,,0,,,False,False,False,False,,,False,False,False,False,-3173.0,4.195696721788764,False,False,False,False,2187.336968749794,False,False,False,False
2024-01-19 17:00:00+00:00,13.06,13.11,12.65,12.68,2606.0,,,,,,,,,,,,,,,,,,,,,,,12.99028810037561,"rgba(239, 83, 80, 1.0)",0.0,0.0,,,,0.0,0.0,0.0,0.0,0.0,0.0,0.0,0.0,77.04028734861808,29.856489827629105,False,False,True,False,False,,0,,,False,False,False,False,,,False,False,False,False,-5779.0,-85.46625206459555,False,False,False,False,2193.827868459099,False,False,False,False
2024-01-22 17:00:00+00:00,12.265,12.42,12.16,12.17,1500.0,,,,,,,,,,,,,,,,,,,,,,,12.877462236672763,"rgba(239, 83, 80, 1.0)",0.0,0.0,,,,0.0,0.0,0.0,0.0,0.0,0.0,0.0,0.0,60.680827353254905,16.26778402441117,False,False,True,False,False,,0,,,False,False,False,False,,,False,False,False,False,-7279.0,-196.99390707134603,False,False,False,False,2183.070847242679,False,False,False,False
2024-01-23 17:00:00+00:00,12.295,12.37,12.16,12.265,1614.0,,,,,,,,,,,,,,,,,,,,,,,12.791174348230912,"rgba(239, 83, 80, 1.0)",0.0,0.0,,,,0.0,0.0,0.0,0.0,0.0,0.0,0.0,0.0,51.72982118863914,9.761682892383696,False,False,False,True,False,,0,,,False,False,False,False,,,False,False,False,False,-5665.0,-281.7691953338058,False,False,False,False,2174.2480434094596,False,False,False,False
2024-01-24 17:00:00+00:00,12.185,12.49,12.175,12.46,3787.0,,,,,,,,,,,,,,,,,,,,,,,12.687779199195258,"rgba(38, 166, 154, 1.0)",0.0,0.0,,,,0.0,0.0,0.0,0.0,0.0,0.0,0.0,0.0,49.25357761827031,8.776528431758464,False,False,False,True,False,,0,,,False,False,False,False,,,False,False,False,False,-1878.0,-306.5169597472351,False,False,False,False,2199.251949713189,False,False,False,False
2024-01-25 17:00:00+00:00,12.32,12.46,12.27,12.28,5719.0,,,,,,,,,,,,,,,,,,,,,,,12.5919862131476,"rgba(239, 83, 80, 1.0)",0.0,0.0,,,,0.0,0.0,0.0,0.0,0.0,0.0,0.0,0.0,45.51824161946698,5.988105030531841,False,False,False,True,False,,0,,,False,False,False,False,,,False,False,False,False,-7597.0,-419.5477045573555,False,False,False,False,2253.8216869269377,False,False,False,False
2024-01-26 17:00:00+00:00,12.175,12.34,12.165,12.265,3054.0,,,,,,,,,,,,,,,,,,,,,,,12.549345228181211,"rgba(239, 83, 80, 1.0)",0.0,0.0,,,,0.0,0.0,0.0,0.0,0.0,0.0,0.0,0.0,42.86237293736218,3.7850527426440266,False,False,False,True,False,,0,,,False,False,False,False,,,False,False,False,False,-10651.0,-578.1748719285592,False,False,False,False,2266.2275522459,False,False,False,False
2024-01-29 17:00:00+00:00,12.17,12.2,11.85,11.85,1004.0,,,,,,,,,,,,,,,,,,,,,,,12.525963562483344,"rgba(239, 83, 80, 1.0)",0.0,0.0,,11.966666666666667,,0.0,0.0,0.0,0.0,0.0,0.0,0.0,0.0,37.474102323463654,-1.211495509777052,False,False,False,True,False,,0,,,False,False,False,False,,,False,False,False,False,-11655.0,-749.9085948443955,False,False,False,False,2246.658132831235,False,False,False,False
2024-01-30 17:00:00+00:00,11.995,12.12,11.99,12.05,1416.0,,,,,,,,,,,,,,,,,,,,,,,12.500647916981892,"rgba(38, 166, 154, 1.0)",0.0,0.0,,12.01737741046832,,0.0,0.0,0.0,0.0,0.0,0.0,0.0,0.0,37.192060850414364,-1.6672066108462218,False,False,False,True,False,,0,,,False,False,False,False,,,False,False,False,False,-10239.0,-897.0262910483582,False,False,False,False,2233.7797121671847,False,False,False,False
2024-01-31 17:00:00+00:00,12.225,12.655,11.905,12.645,8735.0,,,,,,,,,,,,,,,,,,,,,,,12.476065129415332,"rgba(38, 166, 154, 1.0)",0.0,0.0,,12.318297773793516,,0.0,0.0,0.0,0.0,0.0,0.0,0.0,0.0,43.59391320962454,-1.6672066108462218,False,False,False,True,True,,0,,,False,False,False,False,,,False,False,False,False,-1504.0,-906.4367361483837,False,False,False,False,2334.573825156841,False,False,False,False
2024-02-01 17:00:00+00:00,12.63,12.64,12.275,12.285,2411.0,,,,,,,,,,,,,,,,,,,,,,,12.471185319213099,"rgba(239, 83, 80, 1.0)",0.0,0.0,,12.33281819745442,,0.0,0.0,0.0,0.0,0.0,0.0,0.0,0.0,44.56910827077754,-1.6672066108462218,False,False,False,True,True,,0,,,False,False,False,False,,,False,False,False,False,-3915.0,-953.0811278360056,False,False,False,False,2335.7587270923937,False,False,False,False
2024-02-02 17:00:00+00:00,12.505,12.64,12.305,12.435,2634.0,,,,,,,,,,,,,,,,,,,,,,,12.470452721968039,"rgba(239, 83, 80, 1.0)",0.0,0.0,,12.353497016460906,,0.0,0.0,0.0,0.0,0.0,0.0,0.0,0.0,46.57181137450216,-1.6672066108462218,False,False,False,True,True,,0,,,False,False,False,False,,,False,False,False,False,-1281.0,-958.1651413579281,False,False,False,False,2340.3826227963873,False,False,False,False
2024-02-05 17:00:00+00:00,12.895,12.9,12.615,12.775,8315.0,,,,,,,,,,,,,,,,,,,,,,,12.52063306615016,"rgba(239, 83, 80, 1.0)",0.0,0.0,,12.627919335100957,,0.0,0.0,0.0,0.0,0.0,0.0,0.0,0.0,50.5776092843123,-9.627946849495856,False,False,False,False,True,,0,,,False,False,False,False,,,False,False,False,False,7034.0,-834.2556042826113,False,False,False,False,2433.0123495747375,False,False,False,False
2024-02-06 17:00:00+00:00,12.635,12.71,12.55,12.55,1115.0,,,,,,,,,,,,,,,,,,,,,,,12.522490432260405,"rgba(239, 83, 80, 1.0)",0.0,0.0,,12.620870876568652,,0.0,0.0,0.0,0.0,0.0,0.0,0.0,0.0,51.144942664841885,-8.521614868136254,False,False,False,False,True,,0,,,False,False,False,False,,,False,False,False,False,5919.0,-729.553967006912,False,False,False,False,2412.578049581331,False,False,False,False
2024-02-07 17:00:00+00:00,12.64,12.685,12.485,12.59,4640.0,,,,,,,,,,,,,,,,,,,,,,,12.527975782583601,"rgba(239, 83, 80, 1.0)",0.0,0.0,,12.60170710813059,,0.0,0.0,0.0,0.0,0.0,0.0,0.0,0.0,51.858548615934126,-7.147748106302899,False,False,True,False,True,,0,,,False,False,False,False,,,False,False,False,False,10559.0,-554.5376264331614,False,False,False,False,2447.1117232312326,False,False,False,False
2024-02-08 17:00:00+00:00,12.375,12.415,12.21,12.235,1045.0,,,,,,,,,,,,,,,,,,,,,,,12.523418336917821,"rgba(239, 83, 80, 1.0)",0.0,0.0,,12.583938416478333,,0.0,0.0,0.0,0.0,0.0,0.0,0.0,0.0,49.245410808242,-7.147748106302899,False,False,False,False,True,,0,,,False,False,False,False,,,False,False,False,False,9514.0,-398.43626788381005,False,False,False,False,2425.3735569795854,False,False,False,False
2024-02-09 17:00:00+00:00,12.08,12.09,11.82,11.845,2520.0,,,,,,,,,,,,,,,,,,,,,,,12.49706072496586,"rgba(239, 83, 80, 1.0)",0.0,0.0,,12.508844328474549,,0.0,0.0,0.0,0.0,0.0,0.0,0.0,0.0,44.90753929277763,-7.147748106302899,False,False,False,True,False,,0,,,False,False,False,False,,,False,False,False,False,6994.0,-283.8248528778595,False,False,False,False,2426.840633615561,False,False,False,False
2024-02-12 17:00:00+00:00,11.405,11.52,11.35,11.42,6414.0,,,,,,,,,,,,,,,,,,,,,,,12.390562203376643,"rgba(239, 83, 80, 1.0)",0.0,0.0,,12.276391869526464,,0.0,0.0,0.0,0.0,0.0,0.0,0.0,0.0,39.86311881119197,-1.8700274484803856,False,False,False,True,False,,0,,,False,False,False,False,,,False,False,False,False,580.0,-270.4322194999082,False,False,False,False,2488.657057900591,False,False,False,False
2024-02-13 17:00:00+00:00,12.1,12.54,12.095,12.36,5555.0,,,,,,,,,,,,,,,,,,,,,,,12.385876372577103,"rgba(239, 83, 80, 1.0)",0.0,0.0,,12.28557428572837,,0.0,0.0,0.0,0.0,0.0,0.0,0.0,0.0,43.69190411513121,-1.8700274484803856,False,False,False,True,True,,0,,,False,False,False,False,,,False,False,False,False,6135.0,-171.12319284099485,False,False,False,False,2536.197258553295,False,False,False,False
2024-02-14 17:00:00+00:00,12.055,12.14,11.715,11.79,1478.0,,,,,,,,,,,,,,,,,,,,,,,12.375424158695429,"rgba(239, 83, 80, 1.0)",0.0,0.0,,12.269776994805675,,0.0,0.0,0.0,0.0,0.0,0.0,0.0,0.0,43.278662189045946,-1.8700274484803856,False,False,False,True,True,,0,,,False,False,False,False,,,False,False,False,False,4657.0,-96.26856969617323,False,False,False,False,2519.7910995059565,False,False,False,False
2024-02-15 17:00:00+00:00,11.465,11.47,11.15,11.2,1861.0,,,,,,,,,,,,,,,,,,,,,,,12.347389453108983,"rgba(239, 83, 80, 1.0)",0.0,0.0,,11.906394870842107,,0.0,0.0,0.0,0.0,0.0,0.0,0.0,0.0,40.62736737288161,-1.8700274484803856,False,False,False,True,True,,0,,,False,False,False,False,,,False,False,False,False,2796.0,-51.42719652258915,False,False,False,False,2509.5772840097397,False,False,False,False
2024-02-16 17:00:00+00:00,11.345,11.5,11.26,11.49,1255.0,,,,,,,,,,,,,,,,,,,,,,,12.33169271463255,"rgba(239, 83, 80, 1.0)",0.0,0.0,,11.909184031624749,,0.0,0.0,0.0,0.0,0.0,0.0,0.0,0.0,40.69126719178742,-1.8915836525155,False,False,False,True,True,,0,,,False,False,False,False,,,False,False,False,False,4051.0,12.176325904117661,False,False,False,False,2490.1264734049378,False,False,False,False
2024-02-19 17:00:00+00:00,11.49,11.49,11.49,11.49,0.0,,,,,,,,,,,,,,,,,,,,,,,12.33169271463255,"rgba(239, 83, 80, 1.0)",0.0,0.0,,11.909184031624749,,0.0,0.0,0.0,0.0,0.0,0.0,0.0,0.0,40.73386707105796,-2.4279795238200492,False,False,False,True,True,,0,,,False,False,False,False,,,False,False,False,False,4051.0,74.7937472079298,False,False,False,False,2451.5198614141636,False,False,False,False
2024-02-20 17:00:00+00:00,11.825,11.91,11.81,11.81,11588.0,,,,,,,,,,,,,,,,,,,,,,,12.265890657581608,"rgba(239, 83, 80, 1.0)",0.0,0.0,,11.992352622363208,,0.0,0.0,0.0,0.0,0.0,0.0,0.0,0.0,42.85445576920245,-2.4279795238200492,False,False,False,True,True,,0,,,False,False,False,False,,,False,False,False,False,15639.0,316.09927050703163,False,False,False,False,2593.1707162759594,False,False,False,False
2024-02-21 17:00:00+00:00,11.975,12.11,11.91,11.93,1267.0,,,,,,,,,,,,,,,,,,,,,,,12.261788397560036,"rgba(239, 83, 80, 1.0)",0.0,0.0,,11.996848671173415,,0.0,0.0,0.0,0.0,0.0,0.0,0.0,0.0,45.02342149827264,-2.4279795238200492,False,False,False,True,True,,0,,,False,False,False,False,,,False,False,False,False,16906.0,573.3070337549846,False,False,False,False,2572.609929977107,False,False,False,False
2024-02-22 17:00:00+00:00,11.79,11.82,11.685,11.74,16714.0,,,,,,,,,,,,,,,,,,,,,,,12.179256753507785,"rgba(239, 83, 80, 1.0)",0.0,0.0,,11.938353922464152,,0.0,0.0,0.0,0.0,0.0,0.0,0.0,0.0,45.30318522106206,-2.4279795238200492,False,False,False,True,True,,0,,,False,False,False,False,,,False,False,False,False,192.0,567.395296797543,False,False,False,False,2791.856287651881,False,False,False,False
2024-02-23 17:00:00+00:00,11.715,11.72,11.56,11.7,2893.0,,,,,,,,,,,,,,,,,,,,,,,12.165201120925186,"rgba(239, 83, 80, 1.0)",0.0,0.0,,11.926273393034435,,0.0,0.0,0.0,0.0,0.0,0.0,0.0,0.0,45.23729998863657,-2.4279795238200492,False,False,False,True,True,,0,,,False,False,False,False,,,False,False,False,False,-2701.0,516.7225014983562,False,False,False,False,2793.424407223169,False,False,False,False
2024-02-26 17:00:00+00:00,11.54,11.69,11.5,11.55,22719.0,,,,,,,,,,,,,,,,,,,,,,,12.062610864616692,"rgba(239, 83, 80, 1.0)",0.0,0.0,,11.837010841148922,,0.0,0.0,0.0,0.0,0.0,0.0,0.0,0.0,44.21435648239096,-2.4279795238200492,False,False,False,True,True,,0,,,False,False,False,False,,,False,False,False,False,-25420.0,114.60277279295536,False,False,False,False,3102.34805982436,False,False,False,False
2024-02-27 17:00:00+00:00,11.24,11.345,11.22,11.245,6799.0,,,,,,,,,,,,,,,,,,,,,,,12.023100612930188,"rgba(239, 83, 80, 1.0)",0.0,0.0,,11.79463068057494,,0.0,0.0,0.0,0.0,0.0,0.0,0.0,0.0,41.71013924610102,-3.729560918214318,False,False,False,True,False,,0,,,False,False,False,False,,,False,False,False,False,-32219.0,-386.69339422709044,False,False,False,False,3159.6604930053777,False,False,False,False
2024-02-28 17:00:00+00:00,11.295,11.455,11.275,11.415,900.0,,,,,,,,,,,,,,,,,,,,,,,12.01889583667167,"rgba(239, 83, 80, 1.0)",0.0,0.0,,11.790663986404498,,0.0,0.0,0.0,0.0,0.0,0.0,0.0,0.0,41.626913121064945,-4.119549985123996,False,False,False,True,False,,0,,,False,False,False,False,,,False,False,False,False,-31319.0,-866.2640392778333,False,False,False,False,3124.6269969897903,False,False,False,False
2024-02-29 17:00:00+00:00,11.315,11.375,11.215,11.29,1900.0,,,,,,,,,,,,,,,,,,,,,,,12.008991898597163,"rgba(239, 83, 80, 1.0)",0.0,0.0,,11.780671827021441,,0.0,0.0,0.0,0.0,0.0,0.0,0.0,0.0,40.762284639898596,-5.264185376725251,False,False,False,True,False,,0,,,False,False,False,False,,,False,False,False,False,-33219.0,-1367.856844870425,False,False,False,False,3105.6405319201813,False,False,False,False
2024-03-01 17:00:00+00:00,11.06,11.09,11.01,11.045,9336.0,,,,,,,,,,,,,,,,,,,,,,,11.9486087546848,"rgba(239, 83, 80, 1.0)",0.0,0.0,,11.714059951795285,,0.0,0.0,0.0,0.0,0.0,0.0,0.0,0.0,38.69821538298062,-7.459993329964817,False,False,False,True,False,,0,,,False,False,False,False,,,False,False,False,False,-42555.0,-2006.417203864682,False,False,False,False,3202.235252355527,False,False,False,False
2024-03-04 17:00:00+00:00,10.91,11.095,10.905,11.07,14057.0,,,,,,,,,,,,,,,,,,,,,,,11.868610989808532,"rgba(239, 83, 80, 1.0)",0.0,0.0,,11.631412049686702,,0.0,0.0,0.0,0.0,0.0,0.0,0.0,0.0,37.60472760356616,-8.682116748565832,False,False,False,True,False,,0,,,False,False,False,False,,,False,False,False,False,-28498.0,-2417.139417758253,False,False,False,False,3370.5261786755964,False,False,False,False
2024-03-05 17:00:00+00:00,11.185,11.36,11.125,11.275,6872.0,,,,,,,,,,,,,,,,,,,,,,,11.84365989216664,"rgba(239, 83, 80, 1.0)",0.0,0.0,,11.611059330517826,,0.0,0.0,0.0,0.0,0.0,0.0,0.0,0.0,39.173903546051335,-8.682116748565832,False,False,False,True,False,,0,,,False,False,False,False,,,False,False,False,False,-21626.0,-2714.951209730993,False,False,False,False,3424.8125945100833,False,False,False,False
2024-03-06 17:00:00+00:00,11.11,11.21,11.03,11.12,3359.0,,,,,,,,,,,,,,,,,,,,,,,11.829594380600787,"rgba(239, 83, 80, 1.0)",0.0,0.0,,11.598305911347296,,0.0,0.0,0.0,0.0,0.0,0.0,0.0,0.0,39.04588830171256,-8.682116748565832,False,False,False,True,False,,0,,,False,False,False,False,,,False,False,False,False,-24985.0,-3060.2232839987296,False,False,False,False,3423.7922442076015,False,False,False,False
2024-03-07 17:00:00+00:00,10.95,10.995,10.9,10.95,6228.0,,,,,,,,,,,,,,,,,,,,,,,11.798940281640846,"rgba(239, 83, 80, 1.0)",0.0,0.0,,11.568195409094294,,0.0,0.0,0.0,0.0,0.0,0.0,0.0,0.0,37.75613343502735,-8.909377224951733,False,False,False,True,False,,0,,,False,False,False,False,,,False,False,False,False,-31213.0,-3496.700442386346,False,False,False,False,3467.268333444693,False,False,False,False
2024-03-08 17:00:00+00:00,10.9,11.07,10.835,10.975,1823.0,,,,,,,,,,,,,,,,,,,,,,,11.79048450351728,"rgba(239, 83, 80, 1.0)",0.0,0.0,,11.41005581480256,,0.0,0.0,0.0,0.0,0.0,0.0,0.0,0.0,37.22423368672504,-9.601239308775561,False,False,False,True,False,,0,,,False,False,False,False,,,False,False,False,False,-29390.0,-3898.1469471555497,False,False,False,False,3441.7758011432247,False,False,False,False
2024-03-11 17:00:00+00:00,11.08,11.185,11.055,11.14,1401.0,,,,,,,,,,,,,,,,,,,,,,,11.785382134562282,"rgba(239, 83, 80, 1.0)",0.0,0.0,,11.42489900569253,,0.0,0.0,0.0,0.0,0.0,0.0,0.0,0.0,39.02475489771362,-9.601239308775561,False,False,False,True,True,,0,,,False,False,False,False,,,False,False,False,False,-27989.0,-4271.648544874068,False,False,False,False,3410.1358662417792,False,False,False,False
2024-03-12 17:00:00+00:00,11.26,11.325,11.14,11.165,1670.0,,,,,,,,,,,,,,,,,,,,,,,11.780158212823025,"rgba(239, 83, 80, 1.0)",0.0,0.0,,11.437012632661549,,0.0,0.0,0.0,0.0,0.0,0.0,0.0,0.0,40.54964655066923,-12.57150077284193,False,True,False,True,True,,0,,,False,False,False,False,,,False,False,False,False,-26319.0,-4613.467947279121,False,False,False,False,3383.1570156023718,False,False,False,False
2024-03-13 17:00:00+00:00,11.04,11.19,10.995,11.085,1001.0,,,,,,,,,,,,,,,,,,,,,,,11.776422705980108,"rgba(239, 83, 80, 1.0)",0.0,0.0,,11.434441337961776,,0.0,0.0,0.0,0.0,0.0,0.0,0.0,0.0,40.72950657725093,-12.282172966587012,False,True,False,True,True,,0,,,False,False,False,False,,,False,False,False,False,-27320.0,-4965.5072039104525,False,False,False,False,3346.2243486938078,False,False,False,False
2024-03-14 17:00:00+00:00,11.505,11.695,11.47,11.51,3018.0,,,,,,,,,,,,,,,,,,,,,,,11.772920911830063,"rgba(239, 83, 80, 1.0)",0.0,0.0,,11.491100749262557,,0.0,0.0,0.0,0.0,0.0,0.0,0.0,0.0,45.876573650677784,-7.459286039758467,False,False,False,True,True,,0,,,False,False,False,False,,,False,False,False,False,-24302.0,-5265.297789896336,False,False,False,False,3341.1355991016553,False,False,False,False
2024-03-15 17:00:00+00:00,11.56,11.565,11.415,11.465,372.0,,,,,,,,,,,,,,,,,,,,,,,11.772345613131492,"rgba(239, 83, 80, 1.0)",0.0,0.0,,11.491190192540937,,0.0,0.0,0.0,0.0,0.0,0.0,0.0,0.0,48.75387711775764,-4.9437538255920614,True,False,False,False,True,,0,,,False,False,False,False,,,False,False,False,False,-24674.0,-5566.207901680889,False,False,False,False,3295.1024890380636,False,False,False,False
2024-03-18 17:00:00+00:00,11.54,11.63,11.455,11.6,295.0,,,,,,,,,,,,,,,,,,,,,,,11.772016123616755,"rgba(239, 83, 80, 1.0)",0.0,0.0,,11.49327473895179,,0.0,0.0,0.0,0.0,0.0,0.0,0.0,0.0,52.04903363928778,-2.0617413203455612,True,False,True,False,True,,0,,,False,False,False,False,,,False,False,False,False,-24379.0,-5857.879097003666,False,False,False,False,3248.5892721537525,False,False,False,False
2024-03-19 17:00:00+00:00,11.47,11.545,11.42,11.495,2405.0,,,,,,,,,,,,,,,,,,,,,,,11.768423693885637,"rgba(239, 83, 80, 1.0)",0.0,0.0,,11.496472788536519,,0.0,0.0,0.0,0.0,0.0,0.0,0.0,0.0,52.80706593476518,-1.4794934264520947,True,False,True,False,True,,0,,,False,False,False,False,,,False,False,False,False,-26784.0,-6182.315079995858,False,False,False,False,3235.5103687095084,False,False,False,False
2024-03-20 17:00:00+00:00,11.405,11.45,10.87,10.97,13958.0,,,,,,,,,,,,,,,,,,,,,,,11.72268277810029,"rgba(239, 83, 80, 1.0)",0.0,0.0,,11.390211208459936,,0.0,0.0,0.0,0.0,0.0,0.0,0.0,0.0,48.01041618072935,2.7176801599152327,True,False,False,True,False,,0,,,False,False,False,False,,,False,False,False,False,-40742.0,-6718.124148523054,False,False,False,False,3401.7505180318412,False,False,False,False
2024-03-21 17:00:00+00:00,10.68,10.74,10.645,10.725,2890.0,,,,,,,,,,,,,,,,,,,,,,,11.708511457787145,"rgba(239, 83, 80, 1.0)",0.0,0.0,,11.358548039838613,,0.0,0.0,0.0,0.0,0.0,0.0,0.0,0.0,43.10641710451182,-1.6149586123480688,False,True,False,True,False,0.0,0,,,False,False,False,False,,,False,False,False,False,-43632.0,-7290.43230125913,False,False,False,False,3393.816401473208,False,False,False,False
2024-03-22 17:00:00+00:00,10.94,11.015,10.91,11.01,3658.0,,,,,,,,,,,,,,,,,,,,,,,11.695884864901492,"rgba(239, 83, 80, 1.0)",0.0,0.0,,11.342976052878976,,0.0,0.0,0.0,0.0,0.0,0.0,0.0,0.0,43.13832207335329,-1.6149586123480688,False,True,False,True,False,0.0,0,,,False,False,False,False,,,False,False,False,False,-39974.0,-7797.15428108457,False,False,False,False,3397.912271217809,False,False,False,False
2024-03-25 17:00:00+00:00,10.88,10.985,10.87,10.985,502.0,,,,,,,,,,,,,,,,,,,,,,,11.694111099058821,"rgba(239, 83, 80, 1.0)",0.0,0.0,,11.340762106744341,,0.0,0.0,0.0,0.0,0.0,0.0,0.0,0.0,42.9516337720438,-1.709872293867953,False,True,False,True,False,0.0,0,,,False,False,False,False,,,False,False,False,False,-40476.0,-8303.803051920468,False,False,False,False,3353.0144065477657,False,False,False,False
2024-03-26 17:00:00+00:00,10.96,11.045,10.885,11.02,8900.0,,,,,,,,,,,,,,,,,,,,,,,11.665479114144627,"rgba(239, 83, 80, 1.0)",0.0,0.0,,11.312367529455726,,0.0,0.0,0.0,0.0,0.0,0.0,0.0,0.0,43.25283299485719,-1.709872293867953,False,True,False,True,False,0.0,0,,,False,False,False,False,,,False,False,False,False,-31576.0,-8664.612306929452,False,False,False,False,3439.0141831904357,False,False,False,False
2024-03-27 17:00:00+00:00,10.68,10.73,10.55,10.555,19123.0,,,,,,,,,,,,,,,,,,,,,,,11.581533902353003,"rgba(239, 83, 80, 1.0)",0.0,0.0,,11.198792292055542,,0.0,0.0,0.0,0.0,0.0,0.0,0.0,0.0,39.80682212373063,-5.11728913296399,False,True,False,True,False,0.0,0,,,False,False,False,False,,,False,False,False,False,-50699.0,-9316.308240155351,False,False,False,False,3682.1767539936845,False,False,False,False
2024-03-28 17:00:00+00:00,10.44,10.51,10.42,10.49,1462.0,,,,,,,,,,,,,,,,,,,,,,,11.574825710902436,"rgba(239, 83, 80, 1.0)",0.0,0.0,,11.07074003594022,,0.0,0.0,0.0,0.0,0.0,0.0,0.0,0.0,37.09530646783821,-7.771289486887625,False,True,False,True,False,0.0,0,,,False,False,False,False,,,False,False,False,False,-52161.0,-9980.567027129688,False,False,False,False,3647.7554089705263,False,False,False,False
2024-03-29 17:00:00+00:00,10.49,10.49,10.49,10.49,0.0,,,,,,,,,,,,,,,,,,,,,,,11.574825710902436,"rgba(239, 83, 80, 1.0)",0.0,0.0,,11.07074003594022,,0.0,0.0,0.0,0.0,0.0,0.0,0.0,0.0,35.287629363909936,-9.566725248974016,False,True,False,True,False,0.0,0,,,False,False,False,False,,,False,False,False,False,-52161.0,-10634.52722825946,False,False,False,False,3591.2010615446266,False,False,False,False
2024-04-01 17:00:00+00:00,10.69,10.73,10.655,10.7,3375.0,,,,,,,,,,,,,,,,,,,,,,,11.56270066435551,"rgba(239, 83, 80, 1.0)",0.0,0.0,,11.086759145290872,,0.0,0.0,0.0,0.0,0.0,0.0,0.0,0.0,37.128026118526236,-9.566725248974016,False,True,False,True,False,0.0,0,,,False,False,False,False,,,False,False,False,False,-48786.0,-11226.02293014691,False,False,False,False,3587.849107102074,False,False,False,False
2024-04-02 17:00:00+00:00,11.13,11.2,11.07,11.085,601.0,,,,,,,,,,,,,,,,,,,,,,,11.561612824168364,"rgba(239, 83, 80, 1.0)",0.0,0.0,,11.096098866053097,,0.0,0.0,0.0,0.0,0.0,0.0,0.0,0.0,42.62011823101277,-12.846587861876564,False,True,False,True,True,0.0,0,,,False,False,False,False,,,False,False,False,False,-48185.0,-11799.03032657874,False,False,False,False,3541.5413690074683,False,False,False,False
2024-04-03 17:00:00+00:00,10.93,11.01,10.895,10.955,1407.0,,,,,,,,,,,,,,,,,,,,,,,11.558146542355352,"rgba(239, 83, 80, 1.0)",0.0,0.0,,11.104293170661677,,0.0,0.0,0.0,0.0,0.0,0.0,0.0,0.0,44.92557799256609,-10.76741376045419,False,False,False,True,True,0.0,0,,,False,False,False,False,,,False,False,False,False,-49592.0,-12384.96784089535,False,False,False,False,3508.4477043716934,False,False,False,False
2024-04-04 17:00:00+00:00,10.74,11.24,10.74,11.18,3192.0,,,,,,,,,,,,,,,,,,,,,,,11.55170363869241,"rgba(239, 83, 80, 1.0)",0.0,0.0,,11.120904539810036,,0.0,0.0,0.0,0.0,0.0,0.0,0.0,0.0,48.62804931568715,-7.352292722008237,True,False,False,False,True,0.0,0,,,False,False,False,False,,,False,False,False,False,-46400.0,-12912.33268057139,False,False,False,False,3503.541538412442,False,False,False,False
2024-04-05 17:00:00+00:00,10.98,11.135,10.98,11.105,59294.0,,,,,,,,,,,,,,,,,,,,,,,11.460025776278068,"rgba(239, 83, 80, 1.0)",0.0,0.0,,11.147826615090223,,0.0,0.0,0.0,0.0,0.0,0.0,0.0,0.0,50.23620245187984,-5.849645400119066,True,False,False,False,True,0.0,0,,,False,False,False,False,,,False,False,False,False,-105694.0,-14350.80814288811,False,False,False,False,4368.509886654109,False,False,False,False
2024-04-08 17:00:00+00:00,10.945,11.005,10.93,10.985,405.0,,,,,,,,,,,,,,,,,,,,,,,11.45938952155921,"rgba(239, 83, 80, 1.0)",0.0,0.0,,11.147505389683287,,0.0,0.0,0.0,0.0,0.0,0.0,0.0,0.0,49.944380712411544,-5.849645400119066,True,False,False,False,True,0.0,0,,,False,False,False,False,,,False,False,False,False,-106099.0,-15773.260729820078,False,False,False,False,4307.06012096955,False,False,False,False
2024-04-09 17:00:00+00:00,10.985,11.055,10.895,10.91,606.0,,,,,,,,,,,,,,,,,,,,,,,11.458401550882078,"rgba(239, 83, 80, 1.0)",0.0,0.0,,11.146944519162838,,0.0,0.0,0.0,0.0,0.0,0.0,0.0,0.0,48.90946756119045,-5.849645400119066,True,False,False,False,True,0.0,0,,,False,False,False,False,,,False,False,False,False,-106705.0,-17183.055137109688,False,False,False,False,4249.679343900254,False,False,False,False
2024-04-10 17:00:00+00:00,11.47,11.635,11.455,11.485,32309.0,,,,,,,,,,,,,,,,,,,,,,,11.464680067578412,"rgba(38, 166, 154, 1.0)",0.0,0.0,,11.221502291201602,,0.0,0.0,0.0,0.0,0.0,0.0,0.0,0.0,53.638459063171595,-2.171228070173477,True,False,True,False,True,0.0,0,,,False,False,False,False,,,False,False,False,False,-74396.0,-18070.077538084734,False,False,False,False,4684.707571126607,False,False,False,False
2024-04-11 17:00:00+00:00,11.405,11.435,11.27,11.335,19459.0,,,,,,,,,,,,,,,,,,,,,,,11.458339370980271,"rgba(38, 166, 154, 1.0)",0.0,0.0,,11.23570133692686,,0.0,0.0,0.0,0.0,0.0,0.0,0.0,0.0,55.058988841512694,-0.7234336791616229,True,False,True,False,True,0.0,0,,,False,False,False,False,,,False,False,False,False,-93855.0,-19245.037576253962,False,False,False,False,4913.766368473482,False,False,False,False
2024-04-12 17:00:00+00:00,11.7,11.865,11.67,11.75,6610.0,,,,,,,,,,,,,,,,,,,,,,,11.463776169480434,"rgba(38, 166, 154, 1.0)",0.0,0.0,,11.25248532144994,,0.0,0.0,0.0,0.0,0.0,0.0,0.0,0.0,58.86927470453367,2.954569850493513,True,False,True,False,True,0.1373441649128111,0,,,False,False,False,False,,,False,False,False,False,-87245.0,-20299.300559567855,False,False,False,False,4940.064564311102,False,False,False,False
2024-04-15 17:00:00+00:00,11.965,12.195,11.935,12.095,16512.0,,,,,,,,,,,,,,,,,,,,,,,11.489970524672936,"rgba(38, 166, 154, 1.0)",0.0,0.0,,11.311681662579176,,0.0,0.0,0.0,0.0,0.0,0.0,0.0,0.0,63.19938586318497,7.003597394087151,True,False,True,False,True,3.2485426140430675,0,,,False,False,False,False,,,False,False,False,False,-70733.0,-21081.21838034975,False,False,False,False,5119.4744160272085,False,False,False,False
2024-04-16 17:00:00+00:00,12.15,12.33,12.05,12.185,5058.0,,,,,,,,,,,,,,,,,,,,,,,11.499019585741419,"rgba(38, 166, 154, 1.0)",0.0,0.0,,11.330357262022908,,0.0,0.0,0.0,0.0,0.0,0.0,0.0,0.0,66.50743997902279,10.048784123468202,True,False,True,False,True,4.033620012252882,0,,,False,False,False,False,,,False,False,False,False,-65675.0,-21772.594839569134,False,False,False,False,5118.521324305857,False,False,False,False
2024-04-17 17:00:00+00:00,12.41,12.45,12.18,12.44,1900.0,,,,,,,,,,,,,,,,,,,,,,,11.503173878017195,"rgba(38, 166, 154, 1.0)",0.0,0.0,,11.33846690092102,,0.0,0.0,0.0,0.0,0.0,0.0,0.0,0.0,69.8347944403414,13.133514245544795,True,False,True,False,True,6.209727643952014,0,,,False,False,False,False,,,False,False,False,False,-63775.0,-22423.794919575812,False,False,False,False,5068.621768890262,False,False,False,False
2024-04-18 17:00:00+00:00,12.34,12.575,12.32,12.495,7613.0,,,,,,,,,,,,,,,,,,,,,,,11.521454282487008,"rgba(38, 166, 154, 1.0)",0.0,0.0,,11.372828938798426,,0.0,0.0,0.0,0.0,0.0,0.0,0.0,0.0,72.28415786679422,15.450712960029307,True,False,True,False,True,6.670864758245553,0,,,False,False,False,False,,,False,False,False,False,-56162.0,-22946.867866559132,False,False,False,False,5108.069493403591,False,False,False,True
2024-04-19 17:00:00+00:00,12.49,12.69,12.405,12.455,1857.0,,,,,,,,,,,,,,,,,,,,,,,11.52605475096377,"rgba(38, 166, 154, 1.0)",0.0,0.0,,11.54345678710287,,0.0,0.0,0.0,0.0,0.0,0.0,0.0,0.0,73.3108823874112,16.56351740919547,True,False,True,False,True,6.266581028521973,0,,,False,False,False,False,,,False,False,False,False,-58019.0,-23490.621853124107,False,False,False,False,5057.665315211288,False,False,False,False
2024-04-22 17:00:00+00:00,12.25,12.27,12.05,12.19,7710.0,,,,,,,,,,,,,,,,,,,,,,,11.538180861942076,"rgba(38, 166, 154, 1.0)",0.0,0.0,,11.52355926967299,,0.0,0.0,0.0,0.0,0.0,0.0,0.0,0.0,70.24282286737682,16.56351740919547,True,False,True,False,False,3.6351286315495166,0,,,False,False,False,False,,,False,False,False,False,-65729.0,-24145.480429044663,False,False,False,False,5098.786783192508,False,False,False,False
2024-04-23 17:00:00+00:00,11.78,11.82,11.68,11.775,900.0,,,,,,,,,,,,,,,,,,,,,,,11.538663732457298,"rgba(38, 166, 154, 1.0)",0.0,0.0,,11.518717651952203,,0.0,0.0,0.0,0.0,0.0,0.0,0.0,0.0,63.74543823395163,20.84355939414658,True,False,True,False,False,0.0,0,,,False,False,False,False,,,False,False,False,False,-66629.0,-24804.13964719901,False,False,False,False,5033.689313685647,False,False,False,False
2024-04-24 17:00:00+00:00,11.96,11.975,11.84,11.88,445.0,,,,,,,,,,,,,,,,,,,,,,,11.539053367155418,"rgba(38, 166, 154, 1.0)",0.0,0.0,,11.517698245640771,,0.0,0.0,0.0,0.0,0.0,0.0,0.0,0.0,60.332873202476904,17.724445048772097,True,False,True,False,False,0.7100331945704568,0,,,False,False,False,False,,,False,False,False,False,-66184.0,-25445.687869723053,False,False,False,False,4962.546843706024,False,False,False,False
2024-04-25 17:00:00+00:00,12.13,12.19,11.995,12.04,3150.0,,,,,,,,,,,,,,,,,,,,,,,11.543131941139384,"rgba(38, 166, 154, 1.0)",0.0,0.0,0.6647388093715345,11.520992411809816,0.7807691996814049,0.0,0.0,0.0,0.0,0.0,0.0,0.0,0.0,59.414869048641656,16.79038687557272,True,False,True,False,False,2.1311498336893955,0,,,False,False,False,False,,,False,False,False,False,-63034.0,-26028.452398874633,False,False,False,False,4934.445342253218,False,False,False,False
2024-04-26 17:00:00+00:00,11.765,11.83,11.75,11.815,4707.0,,,,,,,,,,,,,,,,,,,,,,,11.546001352016322,"rgba(38, 166, 154, 1.0)",0.0,0.0,0.6567028411858916,11.513752371374135,0.4587274635234762,0.0,0.0,0.0,0.0,0.0,0.0,0.0,0.0,56.467554363625545,13.832508373587942,True,False,True,False,False,0.0704947817822017,0,,,False,False,False,False,,,False,False,False,False,-67741.0,-26675.158563233166,False,False,False,False,4930.9190578771995,False,False,False,False
2024-04-29 17:00:00+00:00,11.63,11.76,11.59,11.645,2446.0,,,,,,,,,,,,,,,,,,,,,,,11.546692599981004,"rgba(38, 166, 154, 1.0)",0.0,0.0,0.6482013020103621,11.508958001808404,0.20987615694332704,0.0,0.0,0.0,0.0,0.0,0.0,0.0,0.0,52.922607873138965,10.340697528891567,True,False,False,False,False,0.0,0,,,False,False,False,False,,,False,False,False,False,-70187.0,-27349.76075605126,False,False,False,False,4892.393181010886,False,False,False,False
2024-04-30 17:00:00+00:00,12.01,12.13,11.935,12.125,2413.0,,,,,,,,,,,,,,,,,,,,,,,11.549636341883655,"rgba(38, 166, 154, 1.0)",0.0,0.0,0.6343918631540263,11.514332856923826,0.962602420592378,0.0,0.0,0.0,0.0,0.0,0.0,0.0,0.0,54.701742549804806,10.340697528891567,True,False,True,False,False,2.7561948749567904,0,,,False,False,False,False,,,False,False,False,False,-67774.0,-27976.49314743031,False,False,False,False,4853.952976654128,False,False,False,False
2024-05-01 17:00:00+00:00,12.15,12.185,11.565,12.07,6777.0,,,,,,,,,,,,,,,,,,,,,,,11.555784794044053,"rgba(38, 166, 154, 1.0)",0.0,0.0,0.6136449585347672,11.522003958526412,0.8930180780464129,0.0,0.0,0.0,0.0,0.0,0.0,0.0,0.0,55.32999801421835,10.340697528891567,True,False,True,False,False,2.259796384302515,0,,,False,False,False,False,,,False,False,False,False,-74551.0,-28698.578524989527,False,False,False,False,4883.767659186622,False,False,False,False
2024-05-02 17:00:00+00:00,11.775,11.775,11.61,11.625,27626.0,,,,,,,,,,,,,,,,,,,,,,,11.562675680358279,"rgba(38, 166, 154, 1.0)",0.0,0.0,0.5944264401864993,11.516221292495683,0.18299776078296323,0.0,0.0,0.0,0.0,0.0,0.0,0.0,0.0,51.83931157828119,8.772687081640463,False,False,False,False,False,0.0,0,,,False,False,False,False,,,False,False,False,False,-102177.0,-29837.778857935424,False,False,False,False,5236.3604086565965,False,False,False,False
2024-05-03 17:00:00+00:00,11.41,11.475,11.365,11.41,9100.0,,,,,,,,,,,,,,,,,,,,,,,11.559830512466919,"rgba(239, 83, 80, 1.0)",0.0,0.0,0.5820816326143853,11.506762289164149,-0.1662349123258649,0.0,0.0,0.0,0.0,0.0,0.0,0.0,0.0,47.99820987929574,4.964676804936225,False,True,False,True,False,0.0,0,,,False,False,False,False,,,False,False,False,False,-111277.0,-31100.402441533322,False,False,False,False,5296.261797669672,False,False,False,False
2024-05-06 17:00:00+00:00,11.125,11.165,11.095,11.12,9965.0,,,,,,,,,,,,,,,,,,,,,,,11.550780552987215,"rgba(239, 83, 80, 1.0)",0.0,0.0,0.5811399329091255,11.48597001444193,-0.6297450815501934,0.0,0.0,0.0,0.0,0.0,0.0,0.0,0.0,43.64770167752899,0.7917392565805059,False,True,False,True,False,0.0,0,,,False,False,False,False,,,False,False,False,False,-121242.0,-32497.9465897266,False,False,False,False,5368.645335690297,False,False,False,False
2024-05-07 17:00:00+00:00,10.98,11.085,10.97,11.085,59158.0,,,,,,,,,,,,,,,,,,,,,,,11.495154154208304,"rgba(239, 83, 80, 1.0)",0.0,0.0,0.578845153483825,11.393549750642896,-0.5330436797921927,0.0,0.0,0.0,0.0,0.0,0.0,0.0,0.0,40.540460202313774,-2.176894356092191,False,True,False,True,False,0.0,0,,,False,False,False,False,,,False,False,False,False,-180400.0,-34791.00168135874,False,False,False,False,6202.588818857888,False,False,False,False
2024-05-08 17:00:00+00:00,11.27,11.305,11.185,11.205,46029.0,,,,,,,,,,,,,,,,,,,,,,,11.474320851398616,"rgba(239, 83, 80, 1.0)",0.0,0.0,0.5712598058377354,11.372974896565777,-0.2940429115600862,0.0,0.0,0.0,0.0,0.0,0.0,0.0,0.0,39.872559254188175,-2.9806019950417806,False,True,False,True,False,0.0,0,,,False,False,False,False,,,False,False,False,False,-134371.0,-36334.877624283414,False,False,False,False,6820.052558100401,False,False,False,False
2024-05-09 17:00:00+00:00,11.095,11.11,10.975,10.99,22360.0,,,,,,,,,,,,,,,,,,,,,,,11.457701031251863,"rgba(239, 83, 80, 1.0)",0.0,0.0,0.568915453114779,11.353374449647793,-0.6387143250518845,0.0,0.0,0.0,0.0,0.0,0.0,0.0,0.0,37.95718669692522,-5.077227128736588,False,True,False,True,False,0.0,0,,,False,False,False,False,,,False,False,False,False,-156731.0,-38201.48417274413,False,False,False,False,7060.981975804271,False,False,False,False
2024-05-10 17:00:00+00:00,11.175,11.225,11.145,11.165,7443.0,,,,,,,,,,,,,,,,,,,,,,,11.45430315499117,"rgba(239, 83, 80, 1.0)",0.0,0.0,0.564387669462616,11.350236598943779,-0.32820808987580014,0.0,0.0,0.0,0.0,0.0,0.0,0.0,0.0,38.76310356757772,-5.077227128736588,False,True,False,True,False,0.0,0,,,False,False,False,False,,,False,False,False,False,-149288.0,-39923.7557359574,False,False,False,False,7066.904735869321,False,False,False,False
2024-05-13 17:00:00+00:00,11.055,11.13,11.055,11.12,2767.0,,,,,,,,,,,,,,,,,,,,,,,11.45271584965247,"rgba(239, 83, 80, 1.0)",0.0,0.0,0.5651771626890341,11.348581059327866,-0.4044414290207878,0.0,0.0,0.0,0.0,0.0,0.0,0.0,0.0,38.94094240959022,-5.077227128736588,False,True,False,True,False,0.0,0,,,False,False,False,False,,,False,False,False,False,-152055.0,-41662.22463927588,False,False,False,False,7000.23954616592,False,False,False,False
2024-05-14 17:00:00+00:00,10.955,10.995,10.84,10.865,5193.0,,,,,,,,,,,,,,,,,,,,,,,11.44808574402885,"rgba(239, 83, 80, 1.0)",0.0,0.0,0.5668727473707952,11.34300248192194,-0.8432271336714589,0.0,0.0,0.0,0.0,0.0,0.0,0.0,0.0,37.153750779819376,-7.000854775217881,False,True,False,True,False,0.0,0,,,False,False,False,False,,,False,False,False,False,-157248.0,-43454.25216424835,False,False,False,False,6972.220328395906,False,False,False,False
2024-05-15 17:00:00+00:00,10.645,10.71,10.625,10.63,3527.0,,,,,,,,,,,,,,,,,,,,,,,11.443598989260629,"rgba(239, 83, 80, 1.0)",0.0,0.0,0.5600394130274635,11.251950027643288,-1.1105468886219036,0.0,0.0,0.0,0.0,0.0,0.0,0.0,0.0,34.49522509972582,-9.855758841090164,False,True,False,True,False,0.0,0,,,False,False,False,False,,,False,False,False,False,-160775.0,-45273.17848728325,False,False,False,False,6918.806059738605,True,False,False,False
2024-05-16 17:00:00+00:00,10.715,10.785,10.705,10.785,7218.0,,,,,,,,,,,,,,,,,,,,,,,11.435755969445575,"rgba(239, 83, 80, 1.0)",0.0,0.0,0.5577787349093895,11.252119292353434,-0.8374634297044637,0.0,0.0,0.0,0.0,0.0,0.0,0.0,0.0,34.81531180014761,-9.855758841090164,False,True,False,True,False,0.0,0,,,False,False,False,False,,,False,False,False,False,-153557.0,-46951.997425464906,False,False,False,False,6923.444725479091,False,False,False,False
2024-05-17 17:00:00+00:00,10.775,10.845,10.77,10.77,5921.0,,,,,,,,,,,,,,,,,,,,,,,11.429796099555386,"rgba(239, 83, 80, 1.0)",0.0,0.0,0.5516567022316677,11.248953152882311,-0.8682087083230541,0.0,0.0,0.0,0.0,0.0,0.0,0.0,0.0,34.91574673969595,-10.162568972290266,False,True,False,True,False,0.0,0,,,False,False,False,False,,,False,False,False,False,-159478.0,-48696.586612667,False,False,False,False,6907.9029467894925,False,False,False,False
2024-05-20 17:00:00+00:00,10.65,10.74,10.645,10.72,5022.0,,,,,,,,,,,,,,,,,,,,,,,11.424096798259766,"rgba(239, 83, 80, 1.0)",0.0,0.0,0.5352676100927612,11.241434962869338,-0.9741575111914081,0.0,0.0,0.0,0.0,0.0,0.0,0.0,0.0,34.57768241534997,-10.924620720168065,False,True,False,True,False,0.0,0,,,False,False,False,False,,,False,False,False,False,-164500.0,-50491.98837061015,False,False,False,False,6878.664141412911,False,False,False,False
2024-05-21 17:00:00+00:00,10.765,10.795,10.75,10.76,2560.0,,,,,,,,,,,,,,,,,,,,,,,11.421490680096065,"rgba(239, 83, 80, 1.0)",0.0,0.0,0.5236695110055183,11.239102044779886,-0.9148939067694493,0.0,0.0,0.0,0.0,0.0,0.0,0.0,0.0,35.0177029056474,-10.924620720168065,False,True,False,True,False,0.0,0,,,False,False,False,False,,,False,False,False,False,-161940.0,-52219.86451990301,False,False,False,False,6811.708108212711,False,False,False,False
2024-05-22 17:00:00+00:00,10.795,11.025,10.78,10.94,13478.0,,,,,,,,,,,,,,,,,,,,,,,11.41111036179534,"rgba(239, 83, 80, 1.0)",0.0,0.0,0.5069325079017615,11.236842488521901,-0.5855660938979022,0.0,0.0,0.0,0.0,0.0,0.0,0.0,0.0,38.14466152250165,-10.924620720168065,False,True,False,True,True,0.0,0,,,False,False,False,False,,,False,False,False,False,-148462.0,-53711.990651377375,False,False,False,False,6915.061470876079,False,False,False,False
2024-05-23 17:00:00+00:00,11.145,11.4,11.135,11.31,7911.0,,,,,,,,,,,,,,,,,,,,,,,11.409571736373637,"rgba(239, 83, 80, 1.0)",0.0,0.0,0.4966828977334561,11.247095642071638,0.1266489307673316,0.0,0.0,0.0,0.0,0.0,0.0,0.0,0.0,44.5790979704458,-9.81266051253013,False,True,False,True,True,0.0,0,,,False,False,False,False,,,False,False,False,False,-140551.0,-55058.33188158858,False,False,False,False,6930.502378304356,False,False,False,False
2024-05-24 17:00:00+00:00,11.095,11.165,11.065,11.075,3525.0,,,,,,,,,,,,,,,,,,,,,,,11.407949543622298,"rgba(239, 83, 80, 1.0)",0.0,0.0,0.49436743638933595,11.247789504773468,-0.3495163557605154,0.0,0.0,0.0,0.0,0.0,0.0,0.0,0.0,46.11863392393547,-8.515654902407128,False,True,False,True,True,0.0,0,,,False,False,False,False,,,False,False,False,False,-144076.0,-56438.45076714535,False,False,False,False,6877.703891819017,False,False,False,False
2024-05-27 17:00:00+00:00,11.075,11.075,11.075,11.075,0.0,,,,,,,,,,,,,,,,,,,,,,,11.407949543622298,"rgba(239, 83, 80, 1.0)",0.0,0.0,0.4952606466378185,11.247789504773468,-0.3488859975984104,0.0,0.0,0.0,0.0,0.0,0.0,0.0,0.0,47.14499122626192,-7.561781197014284,False,True,False,False,True,0.0,0,,,False,False,False,False,,,False,False,False,False,-144076.0,-57797.172460677975,False,False,False,False,6771.072823728799,False,False,False,False
2024-05-28 17:00:00+00:00,11.03,11.23,11.025,11.1,16511.0,,,,,,,,,,,,,,,,,,,,,,,11.400974682411883,"rgba(239, 83, 80, 1.0)",0.0,0.0,0.4813688533473837,11.249550155761234,-0.3106768431760386,0.0,0.0,0.0,0.0,0.0,0.0,0.0,0.0,48.150458641358256,-6.514979128534051,False,False,False,False,True,0.0,0,,,False,False,False,False,,,False,False,False,False,-127565.0,-58878.844205473666,False,False,False,False,6922.079446616724,False,False,False,False
2024-05-29 17:00:00+00:00,11.385,11.46,11.375,11.43,2633.0,,,,,,,,,,,,,,,,,,,,,,,11.401053846388567,"rgba(38, 166, 154, 1.0)",0.0,0.0,0.47843717992557516,11.252450488205714,0.37110308154124916,0.0,0.0,0.0,0.0,0.0,0.0,0.0,0.0,52.472001190034376,-2.4125191457641506,False,False,True,False,True,0.0,0,,,False,False,False,False,,,False,False,False,False,-124932.0,-59902.924140272524,False,False,False,False,6855.582090855225,False,False,False,False
2024-05-30 17:00:00+00:00,11.145,11.315,11.13,11.235,4633.0,,,,,,,,,,,,,,,,,,,,,,,11.39988774145438,"rgba(38, 166, 154, 1.0)",0.0,0.0,0.4783371911826118,11.253991966250206,-0.03970413883823696,0.0,0.0,0.0,0.0,0.0,0.0,0.0,0.0,52.75603958140185,-2.101716622281465,False,False,True,False,True,0.0,0,,,False,False,False,False,,,False,False,False,False,-129565.0,-60982.95632414427,False,False,False,False,6821.123453787702,False,False,False,False
2024-05-31 17:00:00+00:00,11.27,11.275,11.06,11.065,2492.0,,,,,,,,,,,,,,,,,,,,,,,11.39893245098575,"rgba(38, 166, 154, 1.0)",0.0,0.0,0.47879962518895436,11.25392722808549,-0.39458516286626394,0.0,0.0,0.0,0.0,0.0,0.0,0.0,0.0,50.97002730682054,-2.101716622281465,False,False,False,False,True,0.0,0,,,False,False,False,False,,,False,False,False,False,-132057.0,-62084.87948190947,False,False,False,False,6754.005260705722,False,False,False,False
2024-06-03 17:00:00+00:00,11.255,11.34,11.17,11.17,1929.0,,,,,,,,,,,,,,,,,,,,,,,11.398455877748155,"rgba(38, 166, 154, 1.0)",0.0,0.0,0.4786285964433544,11.254462346245063,-0.17646740473238565,0.0,0.0,0.0,0.0,0.0,0.0,0.0,0.0,51.03629406437718,-2.101716622281465,False,False,False,False,True,0.0,0,,,False,False,False,False,,,False,False,False,False,-130128.0,-63139.811582965136,False,False,False,False,6679.198977594006,False,False,False,False
2024-06-04 17:00:00+00:00,11.455,11.505,11.375,11.475,5310.0,,,,,,,,,,,,,,,,,,,,,,,11.398858036772037,"rgba(38, 166, 154, 1.0)",0.0,0.0,0.4754418807614492,11.259646550891645,0.45295431013240295,0.0,0.0,0.0,0.0,0.0,0.0,0.0,0.0,54.169818315363656,-0.4436372641778661,False,False,True,False,True,0.0,0,,,False,False,False,False,,,False,False,False,False,-124818.0,-64096.06256617497,False,False,False,False,6657.971086468518,False,False,False,False
2024-06-05 17:00:00+00:00,11.205,11.22,11.125,11.125,4688.0,,,,,,,,,,,,,,,,,,,,,,,11.397252716670273,"rgba(38, 166, 154, 1.0)",0.0,0.0,0.4701869189362256,11.259473094562672,-0.2859992253015266,0.0,0.0,0.0,0.0,0.0,0.0,0.0,0.0,52.29410236324822,-0.4436372641778661,False,False,True,False,True,0.0,0,,,False,False,False,False,,,False,False,False,False,-129506.0,-65110.17012328854,False,False,False,False,6627.428899081408,False,False,False,False
2024-06-06 17:00:00+00:00,11.32,11.35,11.23,11.285,4567.0,,,,,,,,,,,,,,,,,,,,,,,11.396553911294175,"rgba(38, 166, 154, 1.0)",0.0,0.0,0.4672774317235963,11.261078868047225,0.051192568544430085,0.0,0.0,0.0,0.0,0.0,0.0,0.0,0.0,52.62011847681367,-0.4436372641778661,False,False,True,False,True,0.0,0,,,False,False,False,False,,,False,False,False,False,-124939.0,-66037.748881067,False,False,False,False,6595.4842649871225,False,False,False,False
2024-06-07 17:00:00+00:00,11.475,11.62,11.47,11.56,3420.0,,,,,,,,,,,,,,,,,,,,,,,11.397287614504458,"rgba(38, 166, 154, 1.0)",0.0,0.0,0.4658855560664586,11.264865956948508,0.6334904338811296,0.0,0.0,0.0,0.0,0.0,0.0,0.0,0.0,55.18787799696368,0.7444679630893489,True,False,True,False,True,0.3039110639362157,0,,,False,False,False,False,,,False,False,False,False,-121519.0,-66897.92331701945,False,False,False,False,6546.251950801276,False,False,False,False
2024-06-10 17:00:00+00:00,11.56,11.59,11.47,11.49,4300.0,,,,,,,,,,,,,,,,,,,,,,,11.398001012661513,"rgba(38, 166, 154, 1.0)",0.0,0.0,0.4654770874263533,11.268957063607138,0.4748739355035073,0.0,0.0,0.0,0.0,0.0,0.0,0.0,0.0,56.06680441819359,1.7252626902339827,True,False,True,False,True,0.0,0,,,False,False,False,False,,,False,False,False,False,-125819.0,-67811.42838187187,False,False,False,False,6511.426339160946,False,False,False,False
2024-06-11 17:00:00+00:00,11.67,11.715,11.535,11.575,1144.0,,,,,,,,,,,,,,,,,,,,,,,11.39833488275288,"rgba(38, 166, 154, 1.0)",0.0,0.0,0.46665207827905814,11.270310588933864,0.6529262918742026,0.0,0.0,0.0,0.0,0.0,0.0,0.0,0.0,57.405662098238125,3.1690919871778718,True,False,True,False,True,0.4398632887183176,0,,,False,False,False,False,,,False,False,False,False,-124675.0,-68693.03414339323,False,False,False,False,6428.210426925892,False,False,False,False
2024-06-12 17:00:00+00:00,10.985,11.3,10.95,11.215,4154.0,,,,,,,,,,,,,,,,,,,,,,,11.396940376958671,"rgba(38, 166, 154, 1.0)",0.0,0.0,0.46649606276642747,11.25695989814229,-0.08994695023460224,0.0,0.0,0.0,0.0,0.0,0.0,0.0,0.0,54.2266034600368,3.1690919871778718,True,False,True,False,False,0.0,0,,,False,False,False,False,,,False,False,False,False,-128829.0,-69625.37469930961,False,False,False,False,6392.951350539443,False,False,False,False
2024-06-13 17:00:00+00:00,11.495,11.505,11.395,11.425,4661.0,,,,,,,,,,,,,,,,,,,,,,,11.39722614111202,"rgba(38, 166, 154, 1.0)",0.0,0.0,0.4667692100979857,11.276489974697476,0.3181658560369668,0.0,0.0,0.0,0.0,0.0,0.0,0.0,0.0,54.15270859297196,3.1690919871778718,True,False,True,False,False,0.0,1,,,False,False,False,False,,,False,False,False,False,-124168.0,-70470.99679699473,False,False,False,False,6366.099391616352,False,False,False,False
2024-06-14 17:00:00+00:00,11.825,11.875,11.77,11.795,2759.0,,,,,,,,,,,,,,,,,,,,,,11.813333333333333,11.39879391457296,"rgba(38, 166, 154, 1.0)",0.0,0.0,0.4695071980374861,11.345870203017776,0.9565983202378173,-1.0,11.875,11.77,214.0,0.0,0.0,0.0,0.0,57.003894194316814,3.1690919871778718,True,False,True,False,True,2.2886183606217188,0,,,False,False,False,False,,,False,False,False,False,-121409.0,-71260.73328076224,False,False,False,False,6310.1753700409035,False,False,False,False
2024-06-17 17:00:00+00:00,11.76,11.76,11.55,11.6,1481.0,,,,,,,,,,,,,,,,,,,,,,11.751625,11.399274033339921,"rgba(38, 166, 154, 1.0)",0.0,0.0,0.4700093156063601,11.343401201022477,0.5459440705903541,0.0,0.0,0.0,0.0,0.0,0.0,0.0,0.0,56.796635950825376,3.1690919871778718,True,False,True,False,True,0.6372146179666416,1,,,False,False,False,False,,,False,False,False,False,-122890.0,-72061.18702834731,False,False,False,False,6235.304434071277,False,False,False,False
2024-06-18 17:00:00+00:00,11.53,11.6,11.505,11.565,1800.0,,,,,,,,,,,,,,,,,,,,,,11.693524834437087,11.399659193851356,"rgba(38, 166, 154, 1.0)",0.0,0.0,0.4709461245750458,11.340144262019724,0.4774553313994726,0.0,0.0,0.0,0.0,0.0,0.0,0.0,0.0,56.28336847196469,3.1690919871778718,True,False,True,False,True,0.3423759842727101,0,,,False,False,False,False,,,False,False,False,False,-124690.0,-72877.13761705511,False,False,False,False,6166.540024240714,False,False,False,False
2024-06-19 17:00:00+00:00,11.565,11.565,11.565,11.565,0.0,,,,,,,,,,,,,,,,,,,,,,11.693524834437087,11.399659193851356,"rgba(38, 166, 154, 1.0)",0.0,0.0,0.4713298896366188,11.340144262019724,0.47706657889579807,0.0,0.0,0.0,0.0,0.0,0.0,0.0,0.0,55.941190152724246,3.1690919871778718,True,False,True,False,True,0.3423759842727101,0,,,False,False,False,False,,,False,False,False,False,-124690.0,-73680.43780903875,False,False,False,False,6070.934752547059,False,False,False,False
2024-06-20 17:00:00+00:00,11.64,11.755,11.605,11.685,2700.0,,,,,,,,,,,,,,,,,,,,,,11.689861556064074,11.400690572137453,"rgba(38, 166, 154, 1.0)",0.0,0.0,0.4712708809625794,11.345712527231926,0.7199415165967251,0.0,0.0,0.0,0.0,0.0,0.0,0.0,0.0,56.9017753831705,3.4191071970721723,True,False,True,False,True,1.367041599311726,0,,,False,False,False,False,,,False,False,False,False,-121990.0,-74429.42326936372,False,False,False,False,6018.672198244004,False,False,False,False
2024-06-21 17:00:00+00:00,11.685,11.755,11.63,11.645,1293.0,,,,,,,,,,,,,,,,,,,,,,11.688161068474036,11.401173079142037,"rgba(38, 166, 154, 1.0)",0.0,0.0,0.47089289346635893,11.347971751241015,0.6307766646731188,0.0,0.0,0.0,0.0,0.0,0.0,0.0,0.0,56.973135738756255,3.756249227900497,True,False,True,False,True,1.012192320873659,1,,,False,False,False,False,,,False,False,False,False,-123283.0,-75186.84306363715,False,False,False,False,5945.405962612314,False,False,False,False
2024-06-24 17:00:00+00:00,11.515,11.57,11.42,11.535,3174.0,,,,,,,,,,,,,,,,,,,,,,11.64494359052018,11.401631025246774,"rgba(38, 166, 154, 1.0)",0.0,0.0,0.4709012061419556,11.34539260843936,0.4026479208114033,0.0,0.0,0.0,0.0,0.0,0.0,0.0,0.0,55.45218927232027,3.756249227900497,True,False,True,False,True,0.033825609644733134,0,,,False,False,False,False,,,False,False,False,False,-126457.0,-75981.72921768928,False,False,False,False,5902.438428308247,False,False,False,False
2024-06-25 17:00:00+00:00,11.685,11.7,11.6,11.63,5115.0,,,,,,,,,,,,,,,,,,,,,,11.64449405086781,11.403284202751848,"rgba(38, 166, 154, 1.0)",0.0,0.0,0.47163456421488537,11.352006125961195,0.5894264227677491,0.0,0.0,0.0,0.0,0.0,0.0,0.0,0.0,55.61390104427019,3.756249227900497,True,False,True,False,True,0.8746207287553105,1,,,False,False,False,False,,,False,False,False,False,-121342.0,-76684.98922981812,False,False,False,False,5890.230080582537,False,False,False,False
2024-06-26 17:00:00+00:00,11.575,11.63,11.525,11.54,3846.0,,,,,,,,,,,,,,,,,,,,,,11.630702363767593,11.404111624625454,"rgba(38, 166, 154, 1.0)",0.0,0.0,0.47116326238345724,11.353378831649623,0.3960859923719901,0.0,0.0,0.0,0.0,0.0,0.0,0.0,0.0,54.35671493670932,3.756249227900497,True,False,True,False,False,0.060796101854251106,1,,,False,False,False,False,,,False,False,False,False,-125188.0,-77436.97389292171,False,False,False,False,5858.536590961103,False,False,False,False
2024-06-27 17:00:00+00:00,11.455,11.465,11.31,11.32,5771.0,,,,,,,,,,,,,,,,,,,,,,11.57581964279323,11.40381363532747,"rgba(38, 166, 154, 1.0)",0.0,0.0,0.47081109809571486,11.346307681887986,-0.055877361418181726,0.0,0.0,0.0,0.0,0.0,0.0,0.0,0.0,50.62265924954784,3.5631338213639836,True,False,False,False,False,0.0,0,,,False,False,False,False,,,False,False,False,False,-130959.0,-78266.77274729502,False,False,False,False,5857.179434512093,False,False,False,False
2024-06-28 17:00:00+00:00,11.285,11.41,11.225,11.23,2210.0,,,,,,,,,,,,,,,,,,,,,,11.554746149678818,11.403477682238464,"rgba(38, 166, 154, 1.0)",0.0,0.0,0.4708115477699291,11.33805215526914,-0.22950192233165106,0.0,0.0,0.0,0.0,0.0,0.0,0.0,0.0,47.10329087016776,0.39851814430520704,False,False,False,True,False,0.0,0,,,False,False,False,False,,,False,False,False,False,-133169.0,-79117.97006904239,False,False,False,False,5800.634016922759,False,False,False,False
2024-07-01 17:00:00+00:00,11.445,11.46,11.385,11.42,964.0,,,,,,,,,,,,,,,,,,,,,,11.550622837184887,11.403500734480806,"rgba(38, 166, 154, 1.0)",0.0,0.0,0.4699572723533923,11.341450960216351,0.16714081131312453,0.0,0.0,0.0,0.0,0.0,0.0,0.0,0.0,47.660734244252154,0.39851814430520704,False,False,False,True,False,0.0,0,,,False,False,False,False,,,False,False,False,False,-132205.0,-79941.02479665414,False,False,False,False,5725.647443016979,False,False,False,False
2024-07-02 17:00:00+00:00,11.46,11.465,11.345,11.36,1495.0,,,,,,,,,,,,,,,,,,,,,,11.543258658406936,11.403474251094204,"rgba(38, 166, 154, 1.0)",0.0,0.0,0.4696279723700827,11.342528970658568,0.037201849909535026,0.0,0.0,0.0,0.0,0.0,0.0,0.0,0.0,47.2340843254924,0.39851814430520704,False,False,False,True,False,0.0,0,,,False,False,False,False,,,False,False,False,False,-133700.0,-80774.49728042693,False,False,False,False,5660.05600979191,False,False,False,False
2024-07-03 17:00:00+00:00,11.37,11.37,11.37,11.37,0.0,,,,,,,,,,,,,,,,,,,,,,11.543258658406936,11.403474251094204,"rgba(38, 166, 154, 1.0)",0.0,0.0,0.46761555396106,11.342528970658568,0.05874703933333764,0.0,0.0,0.0,0.0,0.0,0.0,0.0,0.0,47.11269086382853,0.39851814430520704,False,False,False,True,False,0.0,0,,,False,False,False,False,,,False,False,False,False,-133700.0,-81595.04771018775,False,False,False,False,5572.303203438547,False,False,False,False
2024-07-04 17:00:00+00:00,11.37,11.37,11.37,11.37,0.0,,,,,,,,,,,,,,,,,,,,,,11.543258658406936,11.403474251094204,"rgba(38, 166, 154, 1.0)",0.0,0.0,0.46191558645385833,11.342528970658568,0.05947196879050324,0.0,0.0,0.0,0.0,0.0,0.0,0.0,0.0,47.03176188938595,0.14984555477341388,False,False,False,True,False,0.0,0,,,False,False,False,False,,,False,False,False,False,-133700.0,-82402.87642785924,False,False,False,False,5485.910905710817,False,False,False,False
2024-07-05 17:00:00+00:00,11.51,11.55,11.445,11.49,860.0,,,,,,,,,,,,,,,,,,,,,,11.5420185948767,11.40357741478731,"rgba(38, 166, 154, 1.0)",0.0,0.0,0.46038334007631376,11.344831529373621,0.3153208597911371,0.0,0.0,0.0,0.0,0.0,0.0,0.0,0.0,49.132828440234846,0.14984555477341388,False,False,False,False,True,0.0,0,,,False,False,False,False,,,False,False,False,False,-132840.0,-83184.84733595444,False,False,False,False,5414.191356785068,False,False,False,False
2024-07-08 17:00:00+00:00,11.315,11.39,11.305,11.335,800.0,,,,,,,,,,,,,,,,,,,,,,11.537380208941288,11.403514314056915,"rgba(38, 166, 154, 1.0)",0.0,0.0,0.45827794587529375,11.343937675456104,-0.019502739628965555,0.0,0.0,0.0,0.0,0.0,0.0,0.0,0.0,47.862286896047365,0.14984555477341388,False,False,False,True,True,0.0,0,,,False,False,False,False,,,False,False,False,False,-133640.0,-83967.09776485438,False,False,False,False,5342.653506292276,False,False,False,False
2024-07-09 17:00:00+00:00,11.375,11.46,11.315,11.435,1600.0,,,,,,,,,,,,,,,,,,,,,,11.531400644957438,11.403513935724554,"rgba(38, 166, 154, 1.0)",0.0,0.0,0.4565361160140874,11.344131022624296,0.19904006318067585,0.0,0.0,0.0,0.0,0.0,0.0,0.0,0.0,48.80747253915001,0.14984555477341388,False,False,False,False,True,0.0,0,,,False,False,False,False,-0.10676749472854981,-0.10676749472854981,False,False,False,False,-132040.0,-84712.41407857757,False,False,False,False,5284.627870535806,False,False,False,False
2024-07-10 17:00:00+00:00,11.305,11.34,11.195,11.215,3226.0,,,,,,,,,,,,,,,,,,,,,,11.508179729199707,11.40286960817095,"rgba(38, 166, 154, 1.0)",0.0,0.0,0.4468263261780453,11.337157851328373,-0.2733900045085906,0.0,0.0,0.0,0.0,0.0,0.0,0.0,0.0,46.12982835620366,-0.7463638093815277,False,True,False,True,False,0.0,0,0.7896111034767076,0.8924007145801843,False,False,False,False,-0.13629223106949384,-0.12152986289902182,False,False,False,False,-135266.0,-85496.1906044911,False,False,False,False,5252.711159364708,False,False,False,False
2024-07-11 17:00:00+00:00,10.48,10.52,10.36,10.415,20745.0,,,,,,,,,,,,,,,,,,,,,,11.134973902193108,11.377345439013,"rgba(239, 83, 80, 1.0)",0.0,0.0,0.44892662776574116,11.19302418123474,-1.7330764831368608,0.0,0.0,0.0,0.0,0.0,0.0,0.0,0.0,38.30099451618007,-7.840580155949631,False,True,False,True,False,0.0,0,0.787996777658432,0.8962137486573579,False,False,False,False,-0.34282825441539394,-0.2321790586572079,False,False,False,False,-156011.0,-86589.4434633362,False,False,False,False,5492.90168402572,False,False,False,False
2024-07-12 17:00:00+00:00,10.165,10.2,10.11,10.18,3421.0,,,,,,,,,,,,,,,,,,,,,,11.082429128464538,11.372106707451675,"rgba(239, 83, 80, 1.0)",0.0,0.0,0.4585567841874411,11.173063425261732,-2.1656280301717334,0.0,0.0,0.0,0.0,0.0,0.0,0.0,0.0,32.11473545887401,-13.092395124828386,False,True,False,True,False,0.0,0,0.7834051724137934,0.9044989224137936,False,False,False,False,-0.34282825441539394,-0.28750365653630094,False,False,False,False,-159432.0,-87718.78542514493,False,False,False,False,5460.779177296639,False,False,False,False
2024-07-15 17:00:00+00:00,9.855,9.91,9.7,9.81,8116.0,,,,,,,,,,,,,,,,,,,,,,10.937365127400433,11.356242986457168,"rgba(239, 83, 80, 1.0)",0.0,0.0,0.4869252490867578,11.11519967272023,-2.6804928994094452,0.0,0.0,0.0,0.0,0.0,0.0,0.0,0.0,26.77336326239859,-17.4933006617147,False,True,False,True,False,0.0,0,0.7734910606264285,0.9145046377201238,False,False,False,False,-0.34282825441539394,-0.31516595547584747,False,False,False,False,-167548.0,-88956.44766661555,False,False,False,False,5501.9453916021175,False,False,False,False
2024-07-16 17:00:00+00:00,9.345,9.35,9.115,9.14,5649.0,,,,,,,,,,,,,,,,,,,,,,10.810069306502218,11.341152350369068,"rgba(239, 83, 80, 1.0)",0.0,0.0,0.5497362020932353,10.907093025595747,-3.2144381593702063,0.0,0.0,0.0,0.0,0.0,0.0,0.0,0.0,21.74456075587627,-21.646657698483217,False,True,False,True,False,0.0,0,0.769742975096551,0.9175655879611135,False,False,False,False,-0.34282825441539394,-0.32899710494562073,False,False,False,False,-173197.0,-90262.50274155175,False,False,False,False,5504.225308011387,True,False,False,False
2024-07-17 17:00:00+00:00,9.31,9.38,9.235,9.325,2000.0,,,,,,,,,,,,,,,,,,,,,,10.772189243910153,11.336136348644883,"rgba(239, 83, 80, 1.0)",0.0,0.0,0.595413082438353,10.89487918783179,-2.6366219254081154,0.0,0.0,0.0,0.0,0.0,0.0,0.0,0.0,20.698555293128138,-22.29212877613973,False,True,False,True,False,0.0,0,0.7769591426657738,0.9089082384460819,False,False,False,False,-0.32714982451998365,-0.3280734647328022,False,False,False,False,-171197.0,-91517.30114865948,False,False,False,False,5449.896233468575,False,False,False,False
2024-07-18 17:00:00+00:00,9.43,9.77,9.425,9.685,18714.0,,,,,,,,,,,,,,,,,,,,,,10.552857047851932,11.297465014775792,"rgba(239, 83, 80, 1.0)",0.0,0.0,0.6243645273901017,10.829294052882078,-1.8327339281514388,0.0,0.0,0.0,0.0,0.0,0.0,0.0,0.0,23.973625280024663,-22.29212877613973,False,True,False,True,True,0.0,0,0.7867114093959733,0.8864429530201343,False,False,False,False,-0.26788913030253925,-0.2979812975176707,False,False,False,False,-152483.0,-92462.5057820136,False,False,False,False,5655.54125310472,False,False,False,False
2024-07-19 17:00:00+00:00,9.77,9.845,9.745,9.8,15013.0,,,,,,,,,,,,,,,,,,,,,,10.452169821082256,11.270714013489785,"rgba(239, 83, 80, 1.0)",0.0,0.0,0.6475287603616515,10.791619795321708,-1.5313911227168926,0.0,0.0,0.0,0.0,0.0,0.0,0.0,0.0,27.314656239689434,-22.29212877613973,False,True,False,True,True,0.0,0,0.7934139784946238,0.8813172043010756,False,False,False,False,-0.2285804079603282,-0.2632808527389995,False,False,False,False,-137470.0,-93160.29639004439,False,False,False,False,5800.618132901546,False,False,False,False
2024-07-22 17:00:00+00:00,9.675,9.68,9.455,9.49,9022.0,,,,,,,,,,,,,,,,,,,,,,10.384712404399407,11.25238949013398,"rgba(239, 83, 80, 1.0)",0.0,0.0,0.6789539052140482,10.7582683969554,-1.8679742280229799,0.0,0.0,0.0,0.0,0.0,0.0,0.0,0.0,28.05026126597674,-29.420885890538834,False,True,False,True,True,0.0,0,0.7856567284448029,0.8858447488584479,False,False,False,False,-0.27392859240210315,-0.26860472257055135,False,False,False,False,-146492.0,-93987.1445080282,False,False,False,False,5850.562037817801,False,False,False,False
2024-07-23 17:00:00+00:00,9.35,9.36,9.195,9.29,2070.0,,,,,,,,,,,,,,,,,,,,,,10.366275462140543,11.247609091445296,"rgba(239, 83, 80, 1.0)",0.0,0.0,0.7150242672124519,10.748414391866467,-2.0396711814441613,0.0,0.0,0.0,0.0,0.0,0.0,0.0,0.0,27.682465685420762,-29.420885890538834,False,True,False,True,True,0.0,0,0.7783581090129906,0.8904513191375387,False,False,False,False,-0.3334021824565808,-0.3010034525135661,False,False,False,False,-148562.0,-94833.2662986014,False,False,False,False,5791.948672890393,False,False,False,False
2024-07-24 17:00:00+00:00,9.405,9.705,9.375,9.695,3110.0,,,,,,,,,,,,,,,,,,,,,,10.347299822507889,11.241596053097078,"rgba(239, 83, 80, 1.0)",0.0,0.0,0.7362147955761457,10.738782363715815,-1.417768795177464,0.0,0.0,0.0,0.0,0.0,0.0,0.0,0.0,31.47338755507038,-25.579379281278356,False,True,False,True,True,0.0,0,0.7850964737192284,0.8773120425815039,False,False,False,False,-0.27948193685810063,-0.29024269468583336,False,False,False,False,-145452.0,-95618.05286761533,False,False,False,False,5750.368073310697,False,False,False,False
2024-07-25 17:00:00+00:00,9.205,9.465,9.145,9.455,3401.0,,,,,,,,,,,,,,,,,,,,,,10.321410430491094,11.2341340958517,"rgba(239, 83, 80, 1.0)",0.0,0.0,0.7635285855165483,10.72480724561197,-1.6630775450966384,0.0,0.0,0.0,0.0,0.0,0.0,0.0,0.0,32.70529456729332,-24.120239540265455,False,True,False,True,True,0.0,0,0.7837443648899498,0.8760275788915409,False,False,False,False,-0.3276699058257774,-0.30895630025580534,False,False,False,False,-148853.0,-96443.40088517168,False,False,False,False,5713.943762096577,False,False,False,False
2024-07-26 17:00:00+00:00,9.19,9.285,9.115,9.155,4038.0,,,,,,,,,,,,,,,,,,,,,,10.287265606591612,11.224556220106772,"rgba(239, 83, 80, 1.0)",0.0,0.0,0.795860359429788,10.705825337686806,-1.9486148786175628,0.0,0.0,0.0,0.0,0.0,0.0,0.0,0.0,32.08755825514338,-24.120239540265455,False,True,False,True,True,0.0,0,0.7788512440444683,0.8781101111699314,False,False,False,False,-0.34282825441539394,-0.32589227733559967,False,False,False,False,-152891.0,-97318.55746059537,False,False,False,False,5687.960137878026,False,False,False,False
2024-07-29 17:00:00+00:00,9.365,9.43,9.3,9.355,787.0,,,,,,,,,,,,,,,,,,,,,,10.281876892538342,11.2228607158208,"rgba(239, 83, 80, 1.0)",0.0,0.0,0.8147484993033838,10.70285728165012,-1.6543231227827333,0.0,0.0,0.0,0.0,0.0,0.0,0.0,0.0,33.61883100374274,-22.516126327152932,False,True,False,True,True,0.0,0,0.7793861412679268,0.8839297681275973,False,False,False,False,-0.3088478894470336,-0.31737008339131667,False,False,False,False,-152104.0,-98167.94416663266,False,False,False,False,5611.976259771391,False,False,False,False
2024-07-30 17:00:00+00:00,9.385,9.415,9.225,9.295,6970.0,,,,,,,,,,,,,,,,,,,,,,10.234304854027435,11.20757844278861,"rgba(239, 83, 80, 1.0)",0.0,0.0,0.8317443409177165,10.676139890347358,-1.660534159839859,0.0,0.0,0.0,0.0,0.0,0.0,0.0,0.0,34.301419360963145,-21.442702450242628,False,True,False,True,True,0.0,0,0.7664646464646465,0.8835016835016838,False,False,False,False,-0.3180439441013642,-0.31770701374634047,False,False,False,False,-159074.0,-99112.2241020337,False,False,False,False,5633.030891402842,False,False,False,False
2024-07-31 17:00:00+00:00,9.105,9.21,8.79,9.175,3363.0,,,,,,,,,,,,,,,,,,,,,,10.20712657975576,11.199318237054511,"rgba(239, 83, 80, 1.0)",0.0,0.0,0.8448881156271077,10.53717245752976,-1.6122518855868904,0.0,0.0,0.0,0.0,0.0,0.0,0.0,0.0,34.05981257321219,-21.22857031171891,False,True,False,True,True,0.0,0,0.7539906103286386,0.8877263581488937,False,False,False,False,-0.34282825441539394,-0.33026763408086723,False,False,False,False,-162437.0,-100094.00357331999,False,False,False,False,5597.836614016752,False,False,False,False
2024-08-01 17:00:00+00:00,9.77,9.905,9.72,9.775,26927.0,,,,,,,,,,,,,,,,,,,,,,10.143552598005103,11.157542935438391,"rgba(239, 83, 80, 1.0)",0.0,0.0,0.8397534387174811,10.551281915194592,-0.9244164767936799,0.0,0.0,0.0,0.0,0.0,0.0,0.0,0.0,39.38758168703791,-15.930369881062731,False,False,False,True,True,0.0,0,0.7625199786893981,0.8943793287160365,False,False,False,False,-0.1843325199585338,-0.25730007701970053,False,False,False,False,-135510.0,-100643.0887892375,False,False,False,False,5928.521317675407,False,False,False,False
2024-08-02 17:00:00+00:00,10.435,10.575,10.42,10.475,12861.0,,,,,,,,,,,,,,,,,,,,,,10.167598124133166,11.14815823983548,"rgba(38, 166, 154, 1.0)",0.0,0.0,0.8243499650420693,10.579118509703399,-0.12630377160031261,0.0,0.0,0.0,0.0,0.0,0.0,0.0,0.0,47.02747914524156,-8.86066806318393,True,False,False,False,True,0.0,0,0.7709563164108619,0.8852157943067037,False,False,False,False,-0.05436312188809703,-0.1558315994538988,False,False,False,False,-122649.0,-100984.26570723382,False,False,False,False,6036.001607323849,False,False,False,False
2024-08-05 17:00:00+00:00,11.15,11.295,11.055,11.16,35304.0,,,,,,,,,,,,,,,,,,,,,,10.328015140182679,11.148969823110065,"rgba(38, 166, 154, 1.0)",0.0,0.0,0.8122893462196692,10.732968535978435,0.5257134862213033,0.0,0.0,0.0,0.0,0.0,0.0,0.0,0.0,54.79393413111808,-2.000257897365941,True,False,True,False,True,1.412602869725724,0,0.7777204078998322,0.8776300503420682,False,False,False,False,0.07479028875108906,-0.040520655351404866,False,False,False,False,-87345.0,-100772.80422340074,False,False,False,False,6489.769024264565,False,False,False,False
2024-08-06 17:00:00+00:00,10.825,10.93,10.62,10.915,65206.0,,,,,,,,,,,,,,,,,,,,,,10.440638662146196,11.127949845665333,"rgba(38, 166, 154, 1.0)",0.0,0.0,0.8066662124933545,10.767317462113834,0.1830776293824035,0.0,0.0,0.0,0.0,0.0,0.0,0.0,0.0,58.12294995518968,0.687755340600404,True,False,True,False,True,0.0,0,0.7759352101812573,0.8791618459956297,False,False,False,False,0.00023254883484584237,-0.02014405325827951,False,False,False,False,-152551.0,-101575.56694861934,False,False,False,False,7400.098186679068,False,False,False,False
2024-08-07 17:00:00+00:00,10.945,11.235,10.925,11.185,13833.0,,,,,,,,,,,,,,,,,,,,,,10.47177040643786,11.127775785860106,"rgba(38, 166, 154, 1.0)",0.0,0.0,0.7997729125893843,10.784754361605593,0.5004491051072891,0.0,0.0,0.0,0.0,0.0,0.0,0.0,0.0,61.38784061710657,3.5133230658018064,True,False,True,False,True,1.5491400904544328,0,0.7905927835051547,0.8661082474226808,False,False,False,False,0.057038509087070095,0.018447227914395292,False,False,False,False,-138718.0,-102151.41862383454,False,False,False,False,7499.833098513501,False,False,False,False
2024-08-08 17:00:00+00:00,10.825,10.895,10.645,10.665,8000.0,,,,,,,,,,,,,,,,,,,,,,10.478615450542401,11.12474615753226,"rgba(38, 166, 154, 1.0)",0.0,0.0,0.7898764015526256,10.785436854200352,-0.1524755695493819,0.0,0.0,0.0,0.0,0.0,0.0,0.0,0.0,59.9024800530892,3.5133230658018064,True,False,True,False,True,0.0,0,0.7827262195906808,0.8612434032694044,False,False,False,False,-0.0006976838144654876,0.008874772049964902,False,False,False,False,-146718.0,-102842.37337385262,False,False,False,False,7507.587624117942,False,False,False,False
2024-08-09 17:00:00+00:00,10.75,10.775,10.645,10.715,6347.0,,,,,,,,,,,,,,,,,,,,,,10.483326337379095,11.12223365110822,"rgba(38, 166, 154, 1.0)",0.0,0.0,0.7832176932085675,10.785562740329947,-0.09009339413781196,0.0,0.0,0.0,0.0,0.0,0.0,0.0,0.0,59.15911262847196,3.5133230658018064,True,False,True,False,True,0.0,0,0.7751948223484348,0.875181614053626,False,False,False,False,-0.011861030272188088,-0.0014931291111115932,False,False,False,False,-140371.0,-103424.21254635102,False,False,False,False,7489.59401754247,False,False,False,False
2024-08-12 17:00:00+00:00,10.955,10.985,10.865,10.9,12000.0,,,,,,,,,,,,,,,,,,,,,,10.499277955526379,11.11989656935473,"rgba(38, 166, 154, 1.0)",0.0,0.0,0.7784195526835093,10.792165999742506,0.138529408576325,0.0,0.0,0.0,0.0,0.0,0.0,0.0,0.0,59.60600943717332,3.5133230658018064,True,False,True,False,True,0.0,0,0.7908217716115261,0.8643276414087515,False,False,False,False,0.028146955585616907,0.013326913237252658,False,False,False,False,-128371.0,-103810.9844448572,False,False,False,False,7559.522792464291,False,False,False,False
2024-08-13 17:00:00+00:00,10.595,10.695,10.51,10.555,4204.0,,,,,,,,,,,,,,,,,,,,,,10.500390577285138,11.11778118070038,"rgba(38, 166, 154, 1.0)",0.0,0.0,0.7659160622512161,10.790810864527547,-0.3078808189952838,0.0,0.0,0.0,0.0,0.0,0.0,0.0,0.0,57.425143100204686,3.5133230658018064,True,False,True,False,False,0.0,0,0.7941176470588234,0.8562986838571045,False,False,False,False,-0.031871260504721825,-0.009272173633734584,False,False,False,False,-132575.0,-104256.9381743943,False,False,False,False,7507.499183278798,False,False,False,False
2024-08-14 17:00:00+00:00,10.725,10.775,10.655,10.685,3014.0,,,,,,,,,,,,,,,,,,,,,,10.502241346022066,11.11661048870638,"rgba(38, 166, 154, 1.0)",0.0,0.0,0.7532941172125408,10.790763003589662,-0.14040067640647808,0.0,0.0,0.0,0.0,0.0,0.0,0.0,0.0,56.74607935512745,3.5133230658018064,True,False,True,False,False,0.0,0,0.7935397039030955,0.8535666218034995,False,False,False,False,-0.010930676862868414,-0.010101425248301498,False,False,False,False,-129561.0,-104649.2492104502,False,False,False,False,7437.832529274476,False,False,False,False
2024-08-15 17:00:00+00:00,10.075,10.195,10.03,10.135,8248.0,,,,,,,,,,,,,,,,,,,,,,10.49300818746333,11.108935177577003,"rgba(38, 166, 154, 1.0)",0.0,0.0,0.7523865512637213,10.778854924458841,-0.8557501770564764,0.0,0.0,0.0,0.0,0.0,0.0,0.0,0.0,52.771516010017,9.326311514151932,True,False,False,False,False,0.0,0,0.7858748842745668,0.8582198121941544,False,False,False,False,-0.12364960023169114,-0.06687551273999631,False,False,False,False,-137809.0,-105163.35387385407,False,False,False,False,7450.393265254716,False,False,False,False
2024-08-16 17:00:00+00:00,10.07,10.135,10.055,10.095,4224.0,,,,,,,,,,,,,,,,,,,,,,10.488144782810354,11.104951845989008,"rgba(38, 166, 154, 1.0)",0.0,0.0,0.7541527194967329,10.772764165914685,-0.8987094369519417,0.0,0.0,0.0,0.0,0.0,0.0,0.0,0.0,49.8922054191912,6.382647141017316,True,False,False,False,False,0.0,0,0.7845989590284266,0.8612037902041907,False,False,False,False,-0.12695680425035077,-0.09691615849517354,False,False,False,False,-142033.0,-105734.97629441446,False,False,False,False,7400.3716642430145,False,False,False,False
2024-08-19 17:00:00+00:00,9.955,9.965,9.855,9.855,10642.0,,,,,,,,,,,,,,,,,,,,,,10.470330271504597,11.093060771189316,"rgba(239, 83, 80, 1.0)",0.0,0.0,0.7614315701598072,10.753132898318807,-1.1795319940967364,0.0,0.0,0.0,0.0,0.0,0.0,0.0,0.0,46.590085437364316,3.109935067822434,True,False,False,True,False,0.0,0,0.7802432829835583,0.8700708461435637,False,False,False,False,-0.16210278731235986,-0.1295094729037667,False,False,False,False,-152675.0,-106462.72859992742,False,False,False,False,7450.629467898161,False,False,False,False
2024-08-20 17:00:00+00:00,10.125,10.145,10.035,10.085,423.0,,,,,,,,,,,,,,,,,,,,,,10.469877331023566,11.092669521106497,"rgba(239, 83, 80, 1.0)",0.0,0.0,0.7651506475939929,10.752573012552459,-0.8724726492118031,0.0,0.0,0.0,0.0,0.0,0.0,0.0,0.0,46.229142104835056,2.5431131448522635,True,False,False,True,False,0.0,0,0.7846461949265686,0.8595460614152204,False,False,False,False,-0.12790222416564323,-0.12870584853470496,False,False,False,False,-152252.0,-107172.63978442467,False,False,False,False,7341.673972271833,False,False,False,False
2024-08-21 17:00:00+00:00,9.935,9.95,9.815,9.825,700.0,,,,,,,,,,,,,,,,,,,,,,10.468689513008025,11.091877831863332,"rgba(239, 83, 80, 1.0)",0.0,0.0,0.7715629977256895,10.751285444205346,-1.2005311904999683,0.0,0.0,0.0,0.0,0.0,0.0,0.0,0.0,44.399601873989944,0.5122057976087859,False,False,False,True,False,0.0,0,0.7840969632392113,0.8593500266382526,False,False,False,False,-0.1673591746246756,-0.14803251157969027,False,False,False,False,-152952.0,-107882.39730714676,False,False,False,False,7238.702282779246,False,False,False,False
2024-08-22 17:00:00+00:00,9.955,10.045,9.905,10.005,3449.0,,,,,,,,,,,,,,,,,,,,,,10.464066990860683,11.088376743610201,"rgba(239, 83, 80, 1.0)",0.0,0.0,0.7761372533489349,10.745982869160175,-0.9547059698048582,0.0,0.0,0.0,0.0,0.0,0.0,0.0,0.0,44.66985002204771,0.4360996490326272,False,False,False,True,False,0.0,0,0.7863418530351437,0.8542332268370608,False,False,False,False,-0.1497132789389926,-0.14887289525934144,False,False,False,False,-149503.0,-108527.67796905145,False,False,False,False,7179.94720862763,False,False,False,False
2024-08-23 17:00:00+00:00,9.43,9.465,9.38,9.385,18328.0,,,,,,,,,,,,,,,,,,,,,,10.413123509562096,11.060632327024058,"rgba(239, 83, 80, 1.0)",0.0,0.0,0.7905693181795251,10.696770560632258,-1.6592732989599488,0.0,0.0,0.0,0.0,0.0,0.0,0.0,0.0,41.441516611353194,-2.9217171555175554,False,False,False,True,False,0.0,0,0.7877427024171179,0.8527275128780876,False,False,False,False,-0.25690174146056527,-0.20288731835995336,False,False,False,False,-167831.0,-109447.10931836849,False,False,False,False,7352.785236400845,False,False,False,False
2024-08-26 17:00:00+00:00,9.295,9.41,9.265,9.385,6880.0,,,,,,,,,,,,,,,,,,,,,,10.394239024301804,11.050103438931009,"rgba(239, 83, 80, 1.0)",0.0,0.0,0.8043601620358024,10.590409754936841,-1.4985945498419502,0.0,0.0,0.0,0.0,0.0,0.0,0.0,0.0,39.28929433755685,-5.167057223327049,False,False,False,True,False,0.0,0,0.7836729293463879,0.8576342947869806,False,False,False,False,-0.2738561233190071,-0.23837172083948022,False,False,False,False,-167831.0,-110352.2859180837,False,False,False,False,7345.455232735716,False,False,False,False
2024-08-27 17:00:00+00:00,9.57,9.58,9.48,9.525,990.0,,,,,,,,,,,,,,,,,,,,,,10.392024448905042,11.048754216639443,"rgba(239, 83, 80, 1.0)",0.0,0.0,0.8156733967036572,10.5898539203535,-1.3054905611202277,0.0,0.0,0.0,0.0,0.0,0.0,0.0,0.0,39.17024746385712,-5.555540735389876,False,False,False,True,False,0.0,0,0.789466719597724,0.8532486436416569,False,False,False,False,-0.23566325581166048,-0.23701748832557035,False,False,False,False,-166841.0,-111228.0799348576,False,False,False,False,7246.921043080899,False,False,False,False
2024-08-28 17:00:00+00:00,9.635,9.75,9.6,9.655,908.0,,,,,,,,,,,,,,,,,,,,,,10.390330866844844,11.047632602128292,"rgba(239, 83, 80, 1.0)",0.0,0.0,0.8244000166104917,10.590278102784765,-1.1344954924068873,0.0,0.0,0.0,0.0,0.0,0.0,0.0,0.0,40.304938867270025,-5.555540735389876,False,False,False,True,False,0.0,0,0.7944606413994169,0.8453485290219984,False,False,False,False,-0.20733954441751687,-0.22217851637154362,False,False,False,False,-165933.0,-112076.2182304412,False,False,False,False,7148.643197451738,False,False,False,False
2024-08-29 17:00:00+00:00,9.385,9.54,9.335,9.53,4714.0,,,,,,,,,,,,,,,,,,,,,,10.37926356263448,11.040998652979633,"rgba(239, 83, 80, 1.0)",0.0,0.0,0.8348921114957484,10.581742237583766,-1.2597343095020042,0.0,0.0,0.0,0.0,0.0,0.0,0.0,0.0,40.20131575783364,-5.555540735389876,False,False,False,True,False,0.0,0,0.7910723718964606,0.8485208663497095,False,False,False,False,-0.25392499474462593,-0.23805175555808478,False,False,False,False,-170647.0,-112984.29236640336,False,False,False,False,7110.896791289695,False,False,False,False
2024-08-30 17:00:00+00:00,9.59,9.625,9.405,9.43,3600.0,,,,,,,,,,,,,,,,,,,,,,10.371155494997664,11.03602845752319,"rgba(239, 83, 80, 1.0)",0.0,0.0,0.846811257781979,10.57523093252405,-1.3524040003007414,0.0,0.0,0.0,0.0,0.0,0.0,0.0,0.0,39.442683241367234,-6.2574624940647325,False,False,False,True,False,0.0,0,0.7881714739349034,0.8528711299285526,False,False,False,False,-0.23861385308337182,-0.2383328043207283,False,False,False,False,-174247.0,-113934.10178707927,False,False,False,False,7056.464282897607,False,False,False,False
2024-09-02 17:00:00+00:00,9.43,9.43,9.43,9.43,0.0,,,,,,,,,,,,,,,,,,,,,,10.371155494997664,11.03602845752319,"rgba(239, 83, 80, 1.0)",0.0,0.0,0.8582809395362114,10.57523093252405,-1.3343310794515584,0.0,0.0,0.0,0.0,0.0,0.0,0.0,0.0,38.93692823038963,-7.103419743623334,False,False,False,True,False,0.0,0,0.7917166067385801,0.8548408576375016,False,False,False,False,-0.2554128142884452,-0.24687280930458674,False,False,False,False,-174247.0,-114869.18548030284,False,False,False,False,6947.061735875938,False,False,False,False
2024-09-03 17:00:00+00:00,9.94,10.045,9.895,9.995,13300.0,,,,,,,,,,,,,,,,,,,,,,10.358400750298042,11.023679256684195,"rgba(239, 83, 80, 1.0)",0.0,0.0,0.8612236632827669,10.577082405956764,-0.6758783238003632,0.0,0.0,0.0,0.0,0.0,0.0,0.0,0.0,44.18651085276732,-9.921983921726166,False,False,False,True,True,0.0,0,0.7987612018977331,0.8500263574064311,False,False,False,False,-0.15066465278224891,-0.19876873104341783,False,False,False,False,-160947.0,-115583.57020153844,False,False,False,False,7045.556902761583,False,False,False,False
2024-09-04 17:00:00+00:00,9.955,10.115,9.95,10.04,1510.0,,,,,,,,,,,,,,,,,,,,,,10.357212948211206,11.022370425082995,"rgba(239, 83, 80, 1.0)",0.0,0.0,0.8629326072670304,10.576855429480782,-0.6221290341328535,0.0,0.0,0.0,0.0,0.0,0.0,0.0,0.0,48.043025397062635,-6.382040399924769,True,False,False,False,True,0.0,0,0.8015579614470555,0.8498811724320043,False,False,False,False,-0.1387913495890586,-0.16878004031623822,False,False,False,False,-159437.0,-116263.4683379487,False,False,False,False,6959.734315121868,False,False,False,False
2024-09-05 17:00:00+00:00,10.155,10.21,10.07,10.155,3614.0,,,,,,,,,,,,,,,,,,,,,,10.35536374281978,11.019599347405967,"rgba(239, 83, 80, 1.0)",0.0,0.0,0.8604861500421749,10.577431617248918,-0.4909220412533236,0.0,0.0,0.0,0.0,0.0,0.0,0.0,0.0,51.55189342044256,-3.24966200139945,True,False,True,False,True,0.0,0,0.8000264340470525,0.8515728257996299,False,False,False,False,-0.11845796916547967,-0.14361900474085895,False,False,False,False,-155823.0,-116876.79441022855,False,False,False,False,6907.862465275018,False,False,False,False
2024-09-06 17:00:00+00:00,10.535,10.61,10.43,10.545,7332.0,,,,,,,,,,,,,,,,,,,,,,10.358368481448222,11.016471519857541,"rgba(38, 166, 154, 1.0)",0.0,0.0,0.8586213546323084,10.586548322741688,-0.04838957535534464,0.0,0.0,0.0,0.0,0.0,0.0,0.0,0.0,56.587534789769585,1.2335240879616052,True,False,True,False,True,0.0,0,0.8014435695538057,0.8501312335958003,False,False,False,False,-0.04724442936670503,-0.09543171705378199,False,False,False,False,-148491.0,-117366.93713255059,False,False,False,False,6914.438241007188,False,False,False,False
2024-09-09 17:00:00+00:00,10.325,10.51,10.315,10.49,8070.0,,,,,,,,,,,,,,,,,,,,,,10.359868725216456,11.012448279202337,"rgba(38, 166, 154, 1.0)",0.0,0.0,0.8567435097165492,10.591311749991206,-0.11825213595691506,0.0,0.0,0.0,0.0,0.0,0.0,0.0,0.0,59.277016976800745,3.514647105183748,True,False,True,False,True,0.0,0,0.8014946899173987,0.8484331978497444,False,False,False,False,-0.06731078175377514,-0.08137124940377857,False,False,False,False,-156561.0,-117974.59702196841,False,False,False,False,6932.353927193122,False,False,False,False
2024-09-10 17:00:00+00:00,10.725,10.73,10.5,10.515,9633.0,,,,,,,,,,,,,,,,,,,,,,10.364727083304908,11.008899353937878,"rgba(38, 166, 154, 1.0)",0.0,0.0,0.8545581651693739,10.597753611430186,-0.09683789214486435,0.0,0.0,0.0,0.0,0.0,0.0,0.0,0.0,61.248280071961105,5.257928817014978,True,False,True,False,True,0.0,0,0.8018006090295245,0.8495961869455846,False,False,False,False,-0.02954348454745931,-0.05545736697561894,False,False,False,False,-146928.0,-118423.48699062006,False,False,False,False,6974.224408942066,False,False,False,False
2024-09-11 17:00:00+00:00,10.615,10.62,10.425,10.46,3401.0,,,,,,,,,,,,,,,,,,,,,,10.365777980857823,11.007428293069779,"rgba(38, 166, 154, 1.0)",0.0,0.0,0.848641351893798,10.597771283561872,-0.16234335417950835,0.0,0.0,0.0,0.0,0.0,0.0,0.0,0.0,61.778000284921234,5.828382973546297,True,False,True,False,True,0.0,0,0.8015075376884423,0.8492462311557788,False,False,False,False,-0.04677828439644204,-0.05111782568603049,False,False,False,False,-150329.0,-118918.14610704457,False,False,False,False,6918.825580896452,False,False,False,False
2024-09-12 17:00:00+00:00,10.205,10.26,10.08,10.195,10612.0,,,,,,,,,,,,,,,,,,,,,,10.361394508877511,10.99999286600828,"rgba(38, 166, 154, 1.0)",0.0,0.0,0.8458579098191328,10.582051615005115,-0.45758467292441224,0.0,0.0,0.0,0.0,0.0,0.0,0.0,0.0,58.70329342247777,5.828382973546297,True,False,True,False,False,0.0,0,0.7958700512955411,0.8559779034591608,False,False,False,False,-0.11280160168193562,-0.08195971368398305,False,False,False,False,-160941.0,-119569.66322166403,False,False,False,False,6976.084099022089,False,False,False,False
2024-09-13 17:00:00+00:00,9.71,9.82,9.68,9.695,18304.0,,,,,,,,,,,,,,,,,,,,,,10.336978583931204,10.98067252077636,"rgba(239, 83, 80, 1.0)",0.0,0.0,0.8491593617346568,10.53779438664468,-0.9925043809480306,0.0,0.0,0.0,0.0,0.0,0.0,0.0,0.0,52.13705213997021,8.57477491898696,True,False,False,False,False,0.0,0,0.7933507170795305,0.8581486310299868,False,False,False,False,-0.1928197534044625,-0.1373897335442228,False,False,False,False,-179245.0,-120494.86224148319,False,False,False,False,7151.710702138025,False,False,False,False
2024-09-16 17:00:00+00:00,9.65,9.675,9.615,9.635,2644.0,,,,,,,,,,,,,,,,,,,,,,10.333106097787887,10.977732656563557,"rgba(239, 83, 80, 1.0)",0.0,0.0,0.8518243432255851,10.532044644160859,-1.0530864154034847,0.0,0.0,0.0,0.0,0.0,0.0,0.0,0.0,47.322255680111134,4.268550280505465,False,False,False,True,False,0.0,0,0.8041264383018119,0.8580875545562754,False,False,False,False,-0.21317135010358124,-0.17528054182390201,False,False,False,False,-181889.0,-121446.70933851445,False,False,False,False,7081.8237145079775,False,False,False,False
2024-09-17 17:00:00+00:00,9.535,9.565,9.44,9.495,29209.0,,,,,,,,,,,,,,,,,,,,,,10.28481859756904,10.942739119554574,"rgba(239, 83, 80, 1.0)",0.0,0.0,0.8519290405251352,10.469298843817496,-1.1436384927281409,0.0,0.0,0.0,0.0,0.0,0.0,0.0,0.0,43.093078985356144,0.509925436891848,False,True,False,True,False,0.0,0,0.8047777040477769,0.8459190444591901,False,False,False,False,-0.2410758007928531,-0.20817817130837757,False,False,False,False,-211098.0,-122836.65182939019,False,False,False,False,7424.8807111822725,False,False,False,False
2024-09-18 17:00:00+00:00,9.525,9.545,9.01,9.485,70987.0,,,,,,,,,,,,,,,,,,,,,,10.168984539014245,10.855882020668798,"rgba(239, 83, 80, 1.0)",0.0,0.0,0.8560604666275096,10.251855329949944,-0.8957957525722534,0.0,0.0,0.0,0.0,0.0,0.0,0.0,0.0,40.198851439595714,-2.090400027623488,False,True,False,True,False,0.0,0,0.7925896624472575,0.8506065400843882,False,False,False,False,-0.2859165532837205,-0.24704736229604904,False,False,False,False,-282085.0,-125305.6184676942,False,False,False,False,8410.339924962393,False,False,False,False
2024-09-19 17:00:00+00:00,9.095,9.175,9.075,9.1,16173.0,,,,,,,,,,,,,,,,,,,,,,10.140192419608054,10.83458266792567,"rgba(239, 83, 80, 1.0)",0.0,0.0,0.8645106307215759,10.220953558194536,-1.2966336310508022,0.0,0.0,0.0,0.0,0.0,0.0,0.0,0.0,35.756529563413295,-6.208822325502034,False,True,False,True,False,0.0,0,0.7893427598847867,0.8531029065200314,False,False,False,False,-0.31694744944070746,-0.28199740586837824,False,False,False,False,-298258.0,-127987.0507395129,False,False,False,False,8530.691243955223,False,False,False,False
2024-09-20 17:00:00+00:00,9.225,9.31,9.185,9.295,3100.0,,,,,,,,,,,,,,,,,,,,,,10.135617790074338,10.830902979912402,"rgba(239, 83, 80, 1.0)",0.0,0.0,0.8638565686334491,10.216526388312497,-1.0667585589703588,0.0,0.0,0.0,0.0,0.0,0.0,0.0,0.0,35.50017391334926,-6.553632604888577,False,True,False,True,False,0.0,0,0.7898797071129706,0.849633891213389,False,False,False,False,-0.29197706859160655,-0.2869872372299924,False,False,False,False,-295158.0,-130578.84840246619,False,False,False,False,8446.494480483048,False,False,False,False
2024-09-23 17:00:00+00:00,9.375,9.395,9.335,9.375,6377.0,,,,,,,,,,,,,,,,,,,,,,10.12747072418208,10.823890849482542,"rgba(239, 83, 80, 1.0)",0.0,0.0,0.8621123074348351,10.209244024798881,-0.9676744173634704,0.0,0.0,0.0,0.0,0.0,0.0,0.0,0.0,36.3851755203078,-6.553632604888577,False,True,False,True,False,0.0,0,0.7990493794560338,0.8455241616054923,False,False,False,False,-0.268354493295517,-0.27767086526275475,False,False,False,False,-288781.0,-133031.59493886205,False,False,False,False,8414.409294739125,False,False,False,False
2024-09-24 17:00:00+00:00,9.355,9.36,9.305,9.35,3970.0,,,,,,,,,,,,,,,,,,,,,,10.122288571738913,10.819470031217843,"rgba(239, 83, 80, 1.0)",0.0,0.0,0.8582112499551227,10.204500763271819,-0.9956764879468805,0.0,0.0,0.0,0.0,0.0,0.0,0.0,0.0,36.76098246805608,-6.553632604888577,False,True,False,True,False,0.0,0,0.8000264515275757,0.8411585769078163,False,False,False,False,-0.2748581508096918,-0.27626450803622327,False,False,False,False,-292751.0,-135507.86478477117,False,False,False,False,8345.503724278053,False,False,False,False
2024-09-25 17:00:00+00:00,9.345,9.415,9.325,9.395,17114.0,,,,,,,,,,,,,,,,,,,,,,10.101808007528168,10.801216642736964,"rgba(239, 83, 80, 1.0)",0.0,0.0,0.8587536694913441,10.18631674543385,-0.921471166350371,0.0,0.0,0.0,0.0,0.0,0.0,0.0,0.0,37.698442571522335,-6.553632604888577,False,True,False,True,False,0.0,0,0.7991819501253462,0.8395566697453488,False,False,False,False,-0.26735590836825274,-0.271810208202238,False,False,False,False,-275637.0,-137680.40951679024,False,False,False,False,8481.449402971417,False,False,False,False
2024-09-26 17:00:00+00:00,9.265,9.315,9.23,9.305,22374.0,,,,,,,,,,,,,,,,,,,,,,10.073374089146773,10.776491643818394,"rgba(239, 83, 80, 1.0)",0.0,0.0,0.8565044348086178,10.159588196512761,-0.9977627222720864,0.0,0.0,0.0,0.0,0.0,0.0,0.0,0.0,37.41221467464948,-6.553632604888577,False,True,False,True,False,0.0,0,0.7946853516657851,0.8417503966155472,False,False,False,False,-0.28692520909388186,-0.27936770864805993,False,False,False,False,-298011.0,-140166.15510567723,False,False,False,False,8696.837784320698,False,False,False,False
2024-09-27 17:00:00+00:00,9.135,9.255,9.115,9.19,31377.0,,,,,,,,,,,,,,,,,,,,,,10.03218137414571,10.74098531766566,"rgba(239, 83, 80, 1.0)",0.0,0.0,0.8471509645610628,10.119842503002266,-1.097611337176543,0.0,0.0,0.0,0.0,0.0,0.0,0.0,0.0,36.11216872448166,-8.182146176670358,False,True,False,True,False,0.0,0,0.787390029325513,0.8449746734204211,False,False,False,False,-0.304671020559892,-0.29201936460397593,False,False,False,False,-329388.0,-143099.8271195427,False,False,False,False,9048.468206269215,False,False,False,False
2024-09-30 17:00:00+00:00,9.135,9.335,9.115,9.145,51475.0,,,,,,,,,,,,,,,,,,,,,,9.973132179836222,10.68646205224825,"rgba(239, 83, 80, 1.0)",0.0,0.0,0.8416478741992555,10.064132414438086,-1.0920628954389628,0.0,0.0,0.0,0.0,0.0,0.0,0.0,0.0,34.8182652999668,-9.875024166018669,False,True,False,True,False,0.0,0,0.7910229088971762,0.8399041022908896,False,False,False,False,-0.2965361608306834,-0.29427776271732964,False,False,False,False,-380863.0,-146786.07786187535,False,False,False,False,9706.243892993723,False,False,False,False
2024-10-01 17:00:00+00:00,9.395,9.505,9.325,9.405,41802.0,,,,,,,,,,,,,,,,,,,,,,9.942599338530899,10.650893561953124,"rgba(239, 83, 80, 1.0)",0.0,0.0,0.8317635502975499,10.037904929850729,-0.7609192896518706,0.0,0.0,0.0,0.0,0.0,0.0,0.0,0.0,38.45311722990631,-9.875024166018669,False,True,False,True,True,0.0,0,0.795187165775401,0.836096256684492,False,False,False,False,-0.25839178410735636,-0.276334773412343,False,False,False,False,-339061.0,-149767.08440665246,False,False,False,False,10203.852514807775,False,False,False,False
2024-10-02 17:00:00+00:00,9.445,9.475,9.385,9.425,40454.0,,,,,,,,,,,,,,,,,,,,,,9.916888167415808,10.618750406738668,"rgba(239, 83, 80, 1.0)",0.0,0.0,0.8204918158152467,10.015432284880353,-0.7196077687791367,0.0,0.0,0.0,0.0,0.0,0.0,0.0,0.0,41.18278790559165,-14.01801815485478,False,True,False,True,True,0.0,0,0.790962724591043,0.8348082595870207,False,False,False,False,-0.2554128142884452,-0.2658737938503941,False,False,False,False,-298607.0,-152074.67999724697,False,False,False,False,10672.847049461918,False,False,False,False
2024-10-03 17:00:00+00:00,9.595,9.645,9.545,9.555,28214.0,,,,,,,,,,,,,,,,,,,,,,9.905593230796912,10.60007612706217,"rgba(239, 83, 80, 1.0)",0.0,0.0,0.8036388245725444,9.945832624726897,-0.48632869987930377,0.0,0.0,0.0,0.0,0.0,0.0,0.0,0.0,44.962663283290965,-10.406960457334378,False,True,False,True,True,0.0,0,0.7963037364403374,0.8301861524039105,False,False,False,False,-0.22292307107434603,-0.24439843246237009,False,False,False,False,-270393.0,-153909.0725554292,False,False,False,False,10944.802909160182,False,False,False,False
2024-10-04 17:00:00+00:00,9.285,9.375,9.275,9.295,10305.0,,,,,,,,,,,,,,,,,,,,,,9.898413441536327,10.591679684618738,"rgba(239, 83, 80, 1.0)",0.0,0.0,0.7894725403026199,9.93511276063618,-0.8108106716299627,0.0,0.0,0.0,0.0,0.0,0.0,0.0,0.0,44.00397617902314,-10.406960457334378,False,True,False,True,True,0.0,0,0.7949539447336803,0.8344680283006274,False,False,False,False,-0.27636220295952546,-0.2603803177109478,False,False,False,False,-280698.0,-155874.79236077136,False,False,False,False,10934.883484211963,False,False,False,False
2024-10-07 17:00:00+00:00,9.415,9.575,9.405,9.445,34278.0,,,,,,,,,,,,,,,,,,,,,,9.881956879726301,10.56792633673377,"rgba(239, 83, 80, 1.0)",0.0,0.0,0.7748507150610434,9.92072130308315,-0.6139522024518904,0.0,0.0,0.0,0.0,0.0,0.0,0.0,0.0,45.56996818839832,-9.72407312532556,False,False,False,True,True,0.0,0,0.7926236152391244,0.8345041880572818,False,False,False,False,-0.2435406189331411,-0.25196046832204444,False,False,False,False,-246420.0,-157278.59402959663,False,False,False,False,11296.792267402476,False,False,False,False
2024-10-08 17:00:00+00:00,9.4,9.455,9.39,9.435,17224.0,,,,,,,,,,,,,,,,,,,,,,9.87323557444215,10.555857041138964,"rgba(239, 83, 80, 1.0)",0.0,0.0,0.7564094474900689,9.91253844810375,-0.6313226912862144,0.0,0.0,0.0,0.0,0.0,0.0,0.0,0.0,46.47606568742161,-8.655409641724297,False,False,False,True,True,0.0,0,0.7966630493760172,0.8330168204015191,False,False,False,False,-0.25690174146056527,-0.2544311048913048,False,False,False,False,-263644.0,-158927.67009115324,False,False,False,False,11388.686960931118,False,False,False,False
2024-10-09 17:00:00+00:00,9.345,9.43,9.325,9.39,26521.0,,,,,,,,,,,,,,,,,,,,,,9.859152119844426,10.537043225487613,"rgba(239, 83, 80, 1.0)",0.0,0.0,0.7394152364482832,9.89888429202705,-0.6882253258283278,0.0,0.0,0.0,0.0,0.0,0.0,0.0,0.0,46.416494315752644,-8.411636907264423,False,False,False,True,True,0.0,0,0.7906147091108671,0.8397365532381997,False,False,False,False,-0.2658590063109399,-0.26014505560112233,False,False,False,False,-290165.0,-160962.3573765617,False,False,False,False,11623.296465412806,False,False,False,False
2024-10-10 17:00:00+00:00,9.565,9.605,9.505,9.51,34172.0,,,,,,,,,,,,,,,,,,,,,,9.847789989036608,10.516875446910573,"rgba(239, 83, 80, 1.0)",0.0,0.0,0.7255956049907966,9.890872661763474,-0.5249103758949937,0.0,0.0,0.0,0.0,0.0,0.0,0.0,0.0,48.347202945290974,-6.2867336638367775,True,False,False,False,True,0.0,0,0.788870477768572,0.8452085059375861,False,False,False,False,-0.23075450569557707,-0.2454497806483497,False,False,False,False,-255993.0,-162435.7006730491,False,False,False,False,11972.888768274623,False,False,False,False
2024-10-11 17:00:00+00:00,9.205,9.225,9.105,9.125,20408.0,,,,,,,,,,,,,,,,,,,,,,9.833297554038738,10.500580300396619,"rgba(239, 83, 80, 1.0)",0.0,0.0,0.7176142907371953,9.87499979706772,-1.0451294055156772,0.0,0.0,0.0,0.0,0.0,0.0,0.0,0.0,44.6861249385245,-6.2867336638367775,False,False,False,True,False,0.0,0,0.7829916058896381,0.8520710059171598,False,False,False,False,-0.3087531061149021,-0.2771014433816259,False,False,False,False,-276401.0,-164202.60453858323,False,False,False,False,12103.665686595947,False,False,False,False
2024-10-14 17:00:00+00:00,9.02,9.055,8.985,8.995,23351.0,,,,,,,,,,,,,,,,,,,,,,9.814180853643144,10.480519761395776,"rgba(239, 83, 80, 1.0)",0.0,0.0,0.7055175086097666,9.853816559634797,-1.217285962650466,0.0,0.0,0.0,0.0,0.0,0.0,0.0,0.0,41.031315663337224,-4.064279010905594,False,True,False,True,False,0.0,0,0.7761358928324817,0.8576163513326889,False,False,False,False,-0.33865831681097974,-0.30787988009630285,False,False,False,False,-299752.0,-166304.14555348892,False,False,False,False,12278.042962772754,False,False,False,False
2024-10-15 17:00:00+00:00,8.835,8.985,8.815,8.985,28127.0,,,,,,,,,,,,,,,,,,,,,,9.790031296432169,10.455731656240431,"rgba(239, 83, 80, 1.0)",0.0,0.0,0.6936044709790578,9.827389459992855,-1.2145098470945261,0.0,0.0,0.0,0.0,0.0,0.0,0.0,0.0,38.500745717981786,-6.401006297503272,False,True,False,True,False,0.0,0,0.7668142817603101,0.8624411846111265,False,False,False,False,-0.34282825441539394,-0.32535406725584837,False,False,False,False,-327879.0,-168809.18205653562,False,False,False,False,12523.763226915811,False,False,False,False
2024-10-16 17:00:00+00:00,8.705,8.735,8.665,8.695,13192.0,,,,,,,,,,,,,,,,,,,,,,9.776248980403004,10.442666454958351,"rgba(239, 83, 80, 1.0)",0.0,0.0,0.6855666098757672,9.708074989959808,-1.4777192695300447,0.0,0.0,0.0,0.0,0.0,0.0,0.0,0.0,34.42384967050061,-10.150083358011955,False,True,False,True,False,0.0,0,0.758053366514586,0.8657541822203787,False,False,False,False,-0.34282825441539394,-0.3340911608356212,False,False,False,False,-341071.0,-171479.9079161242,False,False,False,False,12534.123486963628,False,False,False,False
2024-10-17 17:00:00+00:00,8.75,8.785,8.735,8.745,12114.0,,,,,,,,,,,,,,,,,,,,,,9.764545300314492,10.431223066609649,"rgba(239, 83, 80, 1.0)",0.0,0.0,0.6744203383593708,9.697719386418692,-1.4126492518543055,0.0,0.0,0.0,0.0,0.0,0.0,0.0,0.0,32.68717504418749,-11.720329048890868,False,True,False,True,False,0.0,0,0.7642956764295676,0.8555090655509064,False,False,False,False,-0.3297845727850763,-0.33193786681034876,False,False,False,False,-328957.0,-173921.4132197502,False,False,False,False,12527.609944530082,False,False,False,False
2024-10-18 17:00:00+00:00,8.775,8.8,8.735,8.785,3421.0,,,,,,,,,,,,,,,,,,,,,,9.761347733812114,10.428054532737352,"rgba(239, 83, 80, 1.0)",0.0,0.0,0.6563349781960264,9.69482036386502,-1.3862134338256848,0.0,0.0,0.0,0.0,0.0,0.0,0.0,0.0,32.34785192558726,-12.142905173230048,False,True,False,True,False,0.0,0,0.7692416325377771,0.8510097443863861,False,False,False,False,-0.3281617835196313,-0.33004982516499004,False,False,False,False,-325536.0,-176272.0269682812,False,False,False,False,12386.422193452096,False,False,False,False
2024-10-21 17:00:00+00:00,9.045,9.09,9.025,9.065,14821.0,,,,,,,,,,,,,,,,,,,,,,9.751680921669559,10.416820144502747,"rgba(239, 83, 80, 1.0)",0.0,0.0,0.63616779190669,9.69282145901699,-0.9868802963685347,0.0,0.0,0.0,0.0,0.0,0.0,0.0,0.0,37.00852298350016,-12.142905173230048,False,True,False,True,True,0.0,0,0.7686567164179106,0.8542664038299072,False,False,False,False,-0.2665905813071462,-0.2983202032360681,False,False,False,False,-310715.0,-178356.41414706752,False,False,False,False,12424.167585801675,False,False,False,False
2024-10-22 17:00:00+00:00,9.15,9.155,9.105,9.135,20143.0,,,,,,,,,,,,,,,,,,,,,,9.740280050841157,10.402635205765117,"rgba(239, 83, 80, 1.0)",0.0,0.0,0.6091971529571892,9.688351695778742,-0.9083294186334265,0.0,0.0,0.0,0.0,0.0,0.0,0.0,0.0,41.13374648275307,-14.875513798021295,False,True,False,True,True,0.0,0,0.7672145083593084,0.859450269198073,False,False,False,False,-0.24991494974179101,-0.27411757648892954,False,False,False,False,-290572.0,-180096.19067191918,False,False,False,False,12543.839406176841,False,False,False,False
2024-10-23 17:00:00+00:00,9.325,9.46,9.285,9.3,24712.0,,,,,,,,,,,,,,,,,,,,,,9.731633184543739,10.388549461659274,"rgba(239, 83, 80, 1.0)",0.0,0.0,0.5857680566710597,9.633688764876716,-0.5696602282703502,0.0,0.0,0.0,0.0,0.0,0.0,0.0,0.0,46.09619822847953,-10.3658020402897,True,False,False,True,True,0.0,0,0.7718329794762914,0.8498230714791223,False,False,False,False,-0.1994136077731437,-0.23676559213103662,False,False,False,False,-265860.0,-181425.86213437002,False,False,False,False,12732.493058794254,False,False,False,False
2024-10-24 17:00:00+00:00,9.315,9.325,9.245,9.265,21326.0,,,,,,,,,,,,,,,,,,,,,,9.72316426130145,10.375894954420769,"rgba(239, 83, 80, 1.0)",0.0,0.0,0.5819387293217887,9.628359579561408,-0.6243949083520862,0.0,0.0,0.0,0.0,0.0,0.0,0.0,0.0,48.83791379096381,-7.929531615619794,True,False,False,False,True,0.0,0,0.7758669698692439,0.852615122228539,False,False,False,False,-0.21750740201028002,-0.2271364970706583,False,False,False,False,-287186.0,-183065.55419430224,False,False,False,False,12865.725724549382,False,False,False,False
2024-10-25 17:00:00+00:00,9.255,9.38,9.245,9.345,22398.0,,,,,,,,,,,,,,,,,,,,,,9.715469774505948,10.363443590654994,"rgba(239, 83, 80, 1.0)",0.0,0.0,0.5803932342009852,9.625725670478342,-0.48368184523172564,0.0,0.0,0.0,0.0,0.0,0.0,0.0,0.0,51.767706363256536,-5.217505372494195,True,False,True,False,True,0.0,0,0.7720356014929658,0.8584553545793856,False,False,False,False,-0.20552283564119167,-0.216329666355925,False,False,False,False,-264788.0,-184332.56885795647,False,False,False,False,13013.512922618384,False,False,False,False
2024-10-28 17:00:00+00:00,9.045,9.075,9.02,9.045,11717.0,,,,,,,,,,,,,,,,,,,,,,9.708803879637278,10.3553449991759,"rgba(239, 83, 80, 1.0)",0.0,0.0,0.5847361228223432,9.617122620722604,-0.9784287277501218,0.0,0.0,0.0,0.0,0.0,0.0,0.0,0.0,49.22772273938247,-5.217505372494195,True,False,False,False,True,0.0,0,0.7763138844650355,0.8598523237295497,False,False,False,False,-0.2624110058833137,-0.23937033611961933,False,False,False,False,-276505.0,-185761.59879814318,False,False,False,False,12993.411947073912,False,False,False,False
2024-10-29 17:00:00+00:00,9.165,9.17,9.095,9.105,24624.0,,,,,,,,,,,,,,,,,,,,,,9.696792176124001,10.339624118399984,"rgba(239, 83, 80, 1.0)",0.0,0.0,0.5851763036096723,9.605009718366674,-0.8544599555422062,0.0,0.0,0.0,0.0,0.0,0.0,0.0,0.0,48.46523615329933,-5.217505372494195,True,False,False,False,False,0.0,0,0.7821637426900585,0.8520467836257309,False,False,False,False,-0.24327090744982235,-0.24132062178472086,False,False,False,False,-251881.0,-186786.7057935208,False,False,False,False,13173.73114169292,False,False,False,False
2024-10-30 17:00:00+00:00,9.035,9.14,8.995,9.135,28398.0,,,,,,,,,,,,,,,,,,,,,,9.6827668612221,10.321501285922066,"rgba(239, 83, 80, 1.0)",0.0,0.0,0.5870835921264682,9.591068983544726,-0.7768382384743625,0.0,0.0,0.0,0.0,0.0,0.0,0.0,0.0,48.440721502405175,-5.217505372494195,True,False,False,False,False,0.0,0,0.7821622414551854,0.8480269913451665,False,False,False,False,-0.25789100199442105,-0.24960581188957096,False,False,False,False,-223483.0,-187355.6405874197,False,False,False,False,13409.766317790705,False,False,False,False
2024-10-31 17:00:00+00:00,9.315,9.45,9.255,9.445,18244.0,,,,,,,,,,,,,,,,,,,,,,9.678385552633543,10.312841005303321,"rgba(38, 166, 154, 1.0)",0.0,0.0,0.5876221513802605,9.591193835637322,-0.24878884380707558,0.0,0.0,0.0,0.0,0.0,0.0,0.0,0.0,52.57494610352919,-3.9444723629238823,True,False,True,False,True,0.0,0,0.7896435382132901,0.8402523104004694,False,False,False,False,-0.1944976915891221,-0.22205175173934655,False,False,False,False,-205239.0,-187632.90197366127,False,False,False,False,13484.715677204802,False,False,False,False
2024-11-01 17:00:00+00:00,9.355,9.395,9.315,9.345,30357.0,,,,,,,,,,,,,,,,,,,,,,9.670620052708475,10.298300741322489,"rgba(38, 166, 154, 1.0)",0.0,0.0,0.5885150652123996,9.589082188711513,-0.41474246478876736,0.0,0.0,0.0,0.0,0.0,0.0,0.0,0.0,53.69827177073249,-2.6198484902461345,True,False,True,False,True,0.0,0,0.793923381770145,0.8389842947306618,False,False,False,False,-0.19394908339771788,-0.20800041756853221,False,False,False,False,-235596.0,-188376.51589655023,False,False,False,False,13746.30148065899,False,False,False,False
2024-11-04 17:00:00+00:00,9.245,9.275,9.145,9.255,35425.0,,,,,,,,,,,,,,,,,,,,,,9.658593828920216,10.279682322358322,"rgba(38, 166, 154, 1.0)",0.0,0.0,0.590028339523971,9.580093705530537,-0.5509798152963609,0.0,0.0,0.0,0.0,0.0,0.0,0.0,0.0,53.04159757647826,-2.6198484902461345,True,False,True,False,True,0.0,0,0.7857247760317225,0.8438830959024819,False,False,False,False,-0.22597104189360806,-0.21698572973107014,False,False,False,False,-271021.0,-189657.82572761146,False,False,False,False,14082.405333672028,False,False,False,False
2024-11-05 17:00:00+00:00,9.055,9.085,8.91,8.91,42664.0,,,,,,,,,,,,,,,,,,,,,,9.63686490646987,10.252846697729332,"rgba(38, 166, 154, 1.0)",0.0,0.0,0.5947889322052377,9.55680128326433,-1.087446736552832,0.0,0.0,0.0,0.0,0.0,0.0,0.0,0.0,48.37405620965621,-2.6198484902461345,True,False,False,True,False,0.0,0,0.7826405152224821,0.8420667447306791,False,False,False,False,-0.273757474178313,-0.24537160195469154,False,False,False,False,-313685.0,-191580.72765431515,False,False,False,False,14525.530832374787,False,False,False,False
2024-11-06 17:00:00+00:00,8.025,8.055,7.855,7.88,34769.0,,,,,,,,,,,,,,,,,,,,,7.93,9.594172163983833,10.214743493268582,"rgba(239, 83, 80, 1.0)",0.0,0.0,0.6287494953698973,9.365788766913226,-2.363085422500622,1.0,8.055,7.855,0.0,0.0,0.0,0.0,0.0,39.38403867518934,-3.915622624468952,False,True,False,True,False,0.0,0,0.781589479702687,0.8564894225271583,False,False,False,False,-0.34282825441539394,-0.2940999281850427,False,False,False,False,-348454.0,-194012.8714116126,False,False,False,False,14839.383067531766,True,False,False,False
2024-11-07 17:00:00+00:00,39.465,39.95,39.195,39.695,552.0,,,,,,,,,,,,,,,,,,,,,8.425150193935618,9.606088093067095,10.222397718577259,"rgba(38, 166, 154, 1.0)",0.0,0.0,3.5286291777223986,9.41491580626049,8.581259936552529,0.0,0.0,0.0,0.0,0.0,0.0,0.0,0.0,58.02031832029223,-0.7067453892807052,True,False,True,False,True,20.0,0,0.887660591574544,0.9102181057663578,False,False,False,False,0.342828252072838,0.02436416194389765,False,False,False,False,-347902.0,-196398.74937422326,False,False,False,False,14617.873252531273,False,False,False,False
2024-11-08 17:00:00+00:00,39.695,39.695,39.695,39.695,0.0,,,,,,,,,,,,,,,,,,,,,8.425150193935618,9.606088093067095,10.222397718577259,"rgba(38, 166, 154, 1.0)",0.0,0.0,4.916142685164954,9.41491580626049,6.159317605876915,0.0,0.0,0.0,0.0,0.0,0.0,0.0,0.0,70.44450475036084,9.527000940255974,True,False,True,False,True,20.0,0,0.8979897989798976,0.9135163516351634,False,False,False,False,0.34282825208187906,0.18359620701288837,False,False,False,False,-347902.0,-198747.63698082443,False,False,False,False,14391.239558693578,False,False,False,False
2024-11-11 17:00:00+00:00,37.825,38.39,37.76,38.0,473.0,,,,,,,,,,,,,,,,,,,,,8.816627926468124,9.615759575596336,10.228604632373424,"rgba(38, 166, 154, 1.0)",0.0,0.0,5.8544398975062935,9.454130808891172,4.875935134848336,0.0,0.0,0.0,0.0,0.0,0.0,0.0,0.0,76.83378389450277,14.312170658047478,True,False,True,False,True,20.0,0,0.8929120035110817,0.9137590520079,False,False,False,False,0.30547372696360126,0.2445349669882448,False,False,False,False,-348375.0,-201067.4410586411,False,False,False,False,14175.452898868873,False,False,False,False
2024-11-12 17:00:00+00:00,39.26,39.605,39.06,39.37,2300.0,,,,,,,,,,,,,,,,,,,,,10.65983829474458,9.664831916771268,10.260149844490337,"rgba(38, 166, 154, 1.0)",0.0,0.0,6.715593091274036,9.64392135632061,4.426426413819537,0.0,0.0,0.0,0.0,0.0,0.0,0.0,0.0,81.27133771079785,17.78020358930698,True,False,True,False,True,20.0,0,0.8985029725664347,0.904304849222835,False,False,False,False,0.33439260795778847,0.28946378747301665,False,False,False,False,-346075.0,-203315.62026703428,False,False,False,False,13991.3373500492,False,False,False,False
2024-11-13 17:00:00+00:00,38.975,40.22,38.87,40.08,530.0,,,,,,,,,,,,,,,,,,,,,11.058648681303506,9.676260783383924,10.267503700752522,"rgba(38, 166, 154, 1.0)",0.0,0.0,7.491961781358293,9.686168142920662,4.056858903459186,0.0,0.0,0.0,0.0,0.0,0.0,0.0,0.0,84.32530335397597,20.447924666604152,True,False,True,False,True,20.0,0,0.8967360720315135,0.8982132808103547,False,False,False,False,0.3393320040379934,0.31439789575550503,False,False,False,False,-345545.0,-205520.7269295609,False,False,False,False,13782.634445397274,False,False,False,False
2024-11-14 17:00:00+00:00,40.645,41.46,40.64,41.22,1419.0,,,,,,,,,,,,,,,,,,,,,12.123457449908015,9.7082239996388,10.288098352472627,"rgba(38, 166, 154, 1.0)",0.0,0.0,8.230349044079928,9.801054943396295,3.8174498904397356,0.0,0.0,0.0,0.0,0.0,0.0,0.0,0.0,86.52056012525331,22.731554386084838,True,False,True,False,True,20.0,0,0.9165687426556991,0.8856708370774868,False,False,False,False,0.3428282521774195,0.3286130739664623,False,False,False,False,-344126.0,-207669.64589189328,False,False,False,False,13590.950190429874,False,False,False,False
2024-11-15 17:00:00+00:00,42.095,42.715,42.08,42.47,1236.0,,,,,,,,,,,,,,,,,,,,,13.030664179526312,9.73717598035776,10.306779104308664,"rgba(38, 166, 154, 1.0)",0.0,0.0,8.945850543964779,11.918737415235078,3.4151322375239097,0.0,0.0,0.0,0.0,0.0,0.0,0.0,0.0,88.15989714891538,24.815076623797566,True,False,True,False,True,20.0,0,0.9250220324045824,0.8768897023930582,False,False,False,False,0.3428282522649761,0.3357206631157192,False,False,False,False,-342890.0,-209766.08549046857,False,False,False,False,13399.40057507437,False,False,False,False
2024-11-18 17:00:00+00:00,41.97,42.565,41.88,42.32,544.0,,,,,,,,,,,,,,,,,,,,,13.410790872645832,9.749837469920395,10.314951537816366,"rgba(38, 166, 154, 1.0)",0.0,0.0,9.584769521683022,11.95779391507849,3.167755470409069,0.0,0.0,0.0,0.0,0.0,0.0,0.0,0.0,89.0158365224318,26.40349341795948,True,False,True,False,True,20.0,0,0.9226154364678125,0.8829794405123023,False,False,False,False,0.33906967125089604,0.33739516718330764,False,False,False,False,-343434.0,-211838.4562580582,False,False,False,False,13200.092039026706,False,False,False,False
2024-11-19 17:00:00+00:00,42.095,42.28,41.655,41.685,166.0,,,,,,,,,,,,,,,,,,,,,13.523315153968896,9.753653780550762,10.31741470978169,"rgba(38, 166, 154, 1.0)",0.0,0.0,10.141495191129941,11.967741690166447,2.9302640044463235,0.0,0.0,0.0,0.0,0.0,0.0,0.0,0.0,88.5067284101689,26.81675376786231,True,False,True,False,True,20.0,0,0.9171148158107015,0.891301425114278,False,False,False,False,0.3336093252928541,0.3355022462380809,False,False,False,False,-343600.0,-213881.27088971622,False,False,False,False,12998.013092685207,False,False,False,False
2024-11-20 17:00:00+00:00,41.97,42.37,41.655,41.67,1023.0,,,,,,,,,,,,,,,,,,,,,14.198188296289407,9.777170661355512,10.332597915090336,"rgba(38, 166, 154, 1.0)",0.0,0.0,10.653586811724724,12.034924628603692,2.781699337051598,0.0,0.0,0.0,0.0,0.0,0.0,0.0,0.0,88.13967993806537,27.47091525002675,True,False,True,False,True,20.0,0,0.920507682030728,0.8895791583166331,False,False,False,False,0.3345715143217168,0.33503688027989886,False,False,False,False,-344623.0,-215908.27444181364,False,False,False,False,12812.353974969157,False,False,False,False
2024-11-21 17:00:00+00:00,40.365,40.505,39.96,40.265,927.0,,,,,,,,,,,,,,,,,,,,,14.74767393431803,9.797354541482699,10.345623005193486,"rgba(38, 166, 154, 1.0)",0.0,0.0,11.079183120682755,12.069816131843787,2.5448793075295506,0.0,0.0,0.0,0.0,0.0,0.0,0.0,0.0,85.24913107394696,27.47091525002675,True,False,True,False,True,20.0,0,0.9148380355276904,0.9000130616509925,False,False,False,False,0.29694399127755994,0.31599043577872943,False,False,False,False,-345550.0,-217918.2236752739,False,False,False,False,12628.084921093667,False,False,False,False
2024-11-22 17:00:00+00:00,39.09,39.2,38.75,38.93,1950.0,,,,,,,,,,,,,,,,,,,,,15.776548737170126,9.837939385418512,10.371810573516992,"rgba(38, 166, 154, 1.0)",0.0,0.0,11.435953517956643,12.135445277217848,2.3430101111122528,0.0,0.0,0.0,0.0,0.0,0.0,0.0,0.0,80.97819421955714,27.47091525002675,True,False,True,False,False,20.0,0,0.9072171567997941,0.9067676897393091,False,False,False,False,0.27085128496198824,0.29342086037035886,False,False,False,False,-347500.0,-219927.24346325416,False,False,False,False,12462.533216890663,False,False,False,False
2024-11-25 17:00:00+00:00,37.33,37.805,37.15,37.745,1877.0,,,,,,,,,,,,,,,,,,,,,16.632807401359404,9.875034368706505,10.395746205073284,"rgba(38, 166, 154, 1.0)",0.0,0.0,11.738596159370713,13.907863883890027,2.0306632745927806,0.0,0.0,0.0,0.0,0.0,0.0,0.0,0.0,76.17061167053359,35.374694444685815,True,False,True,False,False,20.0,0,0.8974019422373561,0.9145541682431579,False,False,False,False,0.24023862460981787,0.2668297424900884,False,False,False,False,-349377.0,-221934.2164328161,False,False,False,False,12298.416422830342,False,False,False,False
2024-11-26 17:00:00+00:00,38.155,38.44,37.99,38.31,444.0,,,,,,,,,,,,,,,,,,,,,16.831864723777915,9.884009707545756,10.401543507633281,"rgba(38, 166, 154, 1.0)",0.0,0.0,12.035591459657637,13.934917854539972,2.0252500450155195,0.0,0.0,0.0,0.0,0.0,0.0,0.0,0.0,73.43077819354211,32.41332555043833,True,False,True,False,False,20.0,0,0.9083892828010286,0.9082010416013052,False,False,False,False,0.25525642027519035,0.2610430813826394,False,False,False,False,-348933.0,-223903.18982145458,False,False,False,False,12114.627020925995,False,False,False,False
2024-11-27 17:00:00+00:00,38.205,38.37,38.115,38.26,393.0,,,,,,,,,,,,,,,,,,,,,17.00503658896227,9.891949825463149,10.406673197648285,"rgba(38, 166, 154, 1.0)",0.0,0.0,12.31362649870255,13.95698018924444,1.9736687492767702,0.0,0.0,0.0,0.0,0.0,0.0,0.0,0.0,71.51050853993341,30.183998300870797,True,False,True,False,False,20.0,0,0.9108811539667602,0.908623392913139,False,False,False,False,0.25581855158164124,0.2584308164821403,False,False,False,False,-349326.0,-225847.7295141452,False,False,False,False,11932.896369438771,False,False,False,False
2024-11-28 17:00:00+00:00,38.26,38.26,38.26,38.26,0.0,,,,,,,,,,,,,,,,,,,,,17.00503658896227,9.891949825463149,10.406673197648285,"rgba(38, 166, 154, 1.0)",0.0,0.0,12.57135884024039,13.95698018924444,1.933205480776081,0.0,0.0,0.0,0.0,0.0,0.0,0.0,0.0,70.23032877086095,28.487100056854445,True,False,True,False,False,20.0,0,0.9123348017621141,0.9118313404657018,False,False,False,False,0.2561763538879091,0.2573035851850247,False,False,False,False,-349326.0,-227762.12130462358,False,False,False,False,11747.890224176153,False,False,False,False
2024-11-29 17:00:00+00:00,38.02,38.07,37.685,37.93,300.0,,,,,,,,,,,,,,,,,,,,,17.13318801164209,9.897932505392134,10.410538041290309,"rgba(38, 166, 154, 1.0)",0.0,0.0,12.80495078348869,13.969917706358125,1.8711577028891933,0.0,0.0,0.0,0.0,0.0,0.0,0.0,0.0,68.62335165751331,26.443849979437744,True,False,True,False,False,20.0,0,0.90776759944786,0.9158614631697829,False,False,False,False,0.2483702646343208,0.25283692490967274,False,False,False,False,-349626.0,-229651.48376501698,False,False,False,False,11570.403554033888,False,False,False,False
2024-12-02 17:00:00+00:00,38.16,38.18,37.755,38.03,369.0,,,,,,,,,,,,,,,,,,,,,17.28937303810142,9.905312216625433,10.41530644677591,"rgba(38, 166, 154, 1.0)",0.0,0.0,13.024178624652187,13.98682064296792,1.846041892540011,0.0,0.0,0.0,0.0,0.0,0.0,0.0,0.0,67.68186501009265,25.004477366877964,True,False,True,False,False,20.0,0,0.9111765812072962,0.9141854196702817,False,False,False,False,0.2502042917408278,0.25152060832525025,False,False,False,False,-349257.0,-231505.83285393144,False,False,False,False,11396.738382653517,False,False,False,False
2024-12-03 17:00:00+00:00,38.71,38.78,38.365,38.635,1100.0,,,,,,,,,,,,,,,,,,,,,17.754598884300798,9.927761803641193,10.429823107857693,"rgba(38, 166, 154, 1.0)",0.0,0.0,13.243768690109217,14.05163408670636,1.8562213285749336,0.0,0.0,0.0,0.0,0.0,0.0,0.0,0.0,67.86572794613897,24.595175084568467,True,False,True,False,False,20.0,0,0.9151824635695601,0.9103873458712171,False,False,False,False,0.26257659447245035,0.25704860139885033,False,False,False,False,-348157.0,-233314.37808100224,False,False,False,False,11237.099027883694,False,False,False,False
2024-12-04 17:00:00+00:00,38.28,38.84,38.19,38.315,370.0,,,,,,,,,,,,,,,,,,,,,17.90549324688292,9.935266976993388,10.43467750145161,"rgba(38, 166, 154, 1.0)",0.0,0.0,13.440139946584779,14.071119485165214,1.8038413745085522,0.0,0.0,0.0,0.0,0.0,0.0,0.0,0.0,67.06405780937074,23.22486833619216,True,False,True,False,False,20.0,0,0.9126605049314555,0.912660504931456,False,False,False,False,0.261397384840017,0.25922299311943364,False,False,False,False,-348527.0,-235100.62028129675,False,False,False,False,11068.61687241263,False,False,False,False
2024-12-05 17:00:00+00:00,38.64,39.325,38.615,39.225,829.0,,,,,,,,,,,,,,,,,,,,,18.245469999289,9.952425769234962,10.445783272615614,"rgba(38, 166, 154, 1.0)",0.0,0.0,13.64324540727914,14.123171346876333,1.8398722520765463,0.0,0.0,0.0,0.0,0.0,0.0,0.0,0.0,67.85415814188279,23.22486833619216,True,False,True,False,False,20.0,0,0.9151481685993001,0.903613718633045,False,False,False,False,0.2707482735407189,0.2649856333300763,False,False,False,False,-347698.0,-236846.31609088904,False,False,False,False,10909.863122452742,False,False,False,False
2024-12-06 17:00:00+00:00,38.885,39.155,38.84,38.965,310.0,,,,,,,,,,,,,,,,,,,,,18.369403056995814,9.958821958132933,10.449924086952194,"rgba(38, 166, 154, 1.0)",0.0,0.0,13.821778101673171,14.1414839965895,1.7959712434108268,0.0,0.0,0.0,0.0,0.0,0.0,0.0,0.0,67.55553273448865,22.649613670175313,True,False,True,False,False,20.0,0,0.9169677300838892,0.9071091788622864,False,False,False,False,0.2713149058437215,0.2681502695868989,False,False,False,False,-348008.0,-238569.75305072023,False,False,False,False,10745.52415931394,False,False,False,False
2024-12-09 17:00:00+00:00,38.85,39.39,38.82,39.375,301.0,,,,,,,,,,,,,,,,,,,,,18.489530776896242,9.965074308666406,10.453972878646077,"rgba(38, 166, 154, 1.0)",0.0,0.0,13.994898620118244,14.160048180879276,1.8017245071624306,0.0,0.0,0.0,0.0,0.0,0.0,0.0,0.0,68.01176882117436,22.60506707409641,True,False,True,False,False,20.0,0,0.9214460784313723,0.9024509803921568,False,False,False,False,0.27353155945882945,0.2708409145228642,False,False,False,False,-347707.0,-240261.80339101914,False,False,False,False,10583.593552192793,False,False,False,False
2024-12-10 17:00:00+00:00,39.28,39.82,39.025,39.7,745.0,,,,,,,,,,,,,,,,,,,,,18.785485102121786,9.980707191533583,10.464100590419656,"rgba(38, 166, 154, 1.0)",0.0,0.0,14.162098399639836,14.208409779607777,1.7999868028766497,0.0,0.0,0.0,0.0,0.0,0.0,0.0,0.0,68.83785520404365,22.60506707409641,True,False,True,False,False,20.0,0,0.9211984653796964,0.9001887826563548,False,False,False,False,0.2800938529046796,0.2754673837137719,False,False,False,False,-346962.0,-241916.07000511186,False,False,False,False,10431.057218050268,False,False,False,False
2024-12-11 17:00:00+00:00,39.115,39.35,38.87,39.335,1000.0,,,,,,,,,,,,,,,,,,,,,19.16376527527954,10.001430773069929,10.47752944678616,"rgba(38, 166, 154, 1.0)",0.0,0.0,14.310181772443022,14.265266127151767,1.7518808825423011,0.0,0.0,0.0,0.0,0.0,0.0,0.0,0.0,67.98228527897531,21.802809860208427,True,False,True,False,False,20.0,0,0.9150754682669574,0.9043462447717768,False,False,False,False,0.27363472333337746,0.2745510535235747,False,False,False,False,-347962.0,-243560.19295076904,False,False,False,False,10284.839276685147,False,False,False,False
2024-12-12 17:00:00+00:00,40.105,40.5,39.865,40.445,531.0,,,,,,,,,,,,,,,,,,,,,19.36956443497741,10.01283171993929,10.484924379400633,"rgba(38, 166, 154, 1.0)",0.0,0.0,14.465372032410235,14.302494257914628,1.8072473824739566,0.0,0.0,0.0,0.0,0.0,0.0,0.0,0.0,69.32277448890451,21.802809860208427,True,False,True,False,False,20.0,0,0.9244050116899463,0.896648881961513,False,False,False,False,0.2958991920342481,0.2852251227789114,False,False,False,False,-347431.0,-245170.59306005941,False,False,False,False,10133.616962317934,False,False,False,False
2024-12-13 17:00:00+00:00,41.03,41.41,40.93,40.99,0.0,,,,,,,,,,,,,,,,,,,,,19.36956443497741,10.01283171993929,10.484924379400633,"rgba(38, 166, 154, 1.0)",0.0,0.0,14.616441683785274,14.302494257914628,1.82585517867123,0.0,0.0,0.0,0.0,0.0,0.0,0.0,0.0,71.01734675980771,21.802809860208427,True,False,True,False,True,20.0,0,0.9326016018985457,0.889469000296648,False,False,False,False,0.3166538475346473,0.3009394851567794,False,False,False,False,-347431.0,-246756.0257257949,False,False,False,False,9976.506621816881,False,False,False,False
2024-12-16 17:00:00+00:00,40.44,40.61,40.115,40.485,202.0,,,,,,,,,,,,,,,,,,,,,19.44729625564093,10.017185650734572,10.487749142547857,"rgba(38, 166, 154, 1.0)",0.0,0.0,14.744529696567914,14.316694751846763,1.7747805990885175,0.0,0.0,0.0,0.0,0.0,0.0,0.0,0.0,70.11034651122996,21.802809860208427,True,False,True,False,True,20.0,0,0.9260716382853783,0.8951262477980035,False,False,False,False,0.29966342609097213,0.3003014556238758,False,False,False,False,-347633.0,-248320.00982306938,False,False,False,False,9824.96388349414,False,False,False,False
2024-12-17 17:00:00+00:00,41.19,41.615,41.075,41.465,1281.0,,,,,,,,,,,,,,,,,,,,,19.949650494866614,10.045658523024132,10.506237621796755,"rgba(38, 166, 154, 1.0)",0.0,0.0,14.883370258219186,14.41836151243974,1.8172388389399936,0.0,0.0,0.0,0.0,0.0,0.0,0.0,0.0,71.11224969678003,21.802809860208427,True,False,True,False,True,20.0,0,0.9311766755720753,0.8902892321988616,False,False,False,False,0.3203591179670654,0.3103302867954706,False,False,False,False,-346352.0,-249839.88563976597,False,False,False,False,9692.499327160896,False,False,False,False
2024-12-18 17:00:00+00:00,41.23,45.81,40.86,44.89,300.0,,,,,,,,,,,,,,,,,,,,,20.077157204411964,10.052843777216061,10.510910136058838,"rgba(38, 166, 154, 1.0)",0.0,0.0,15.07606768424114,16.557594459997386,1.8792967857008356,0.0,0.0,0.0,0.0,0.0,0.0,0.0,0.0,75.1326895850768,21.731056081999483,True,False,True,False,True,20.0,0,0.9321894076884998,0.8499697519661222,False,False,False,False,0.342828252321958,0.3265792695587143,False,False,False,False,-346052.0,-251331.54632752153,False,False,False,False,9546.879182553752,False,False,False,False
2024-12-19 17:00:00+00:00,45.01,45.765,44.92,45.55,1160.0,,,,,,,,,,,,,,,,,,,,,20.58913488731323,10.08187762616939,10.529808706921811,"rgba(38, 166, 154, 1.0)",0.0,0.0,15.266758359612922,16.768241204825138,1.8852567203339556,0.0,0.0,0.0,0.0,0.0,0.0,0.0,0.0,78.23374574820558,24.530138951792793,True,False,True,False,True,20.0,0,0.9784852290722433,0.8499972696991207,False,False,False,False,0.3428282524343639,0.3347037609965391,False,False,False,False,-344892.0,-252782.09599686228,False,False,False,False,9416.850047940514,False,False,False,False
2024-12-20 17:00:00+00:00,43.82,44.925,43.81,44.72,1792.0,,,,,,,,,,,,,,,,,,,,,21.312554722123675,10.125462334287265,10.55818901970808,"rgba(38, 166, 154, 1.0)",0.0,0.0,15.428187771994745,16.914755542301698,1.8022365859566731,0.0,0.0,0.0,0.0,0.0,0.0,0.0,0.0,77.6005715514244,24.530138951792793,True,False,True,False,True,20.0,0,0.9589864719776675,0.8562916040369336,False,False,False,False,0.32363318592456425,0.32916847346055167,False,False,False,False,-346684.0,-254237.93946977914,False,False,False,False,9298.635318515078,False,False,False,False
2024-12-23 17:00:00+00:00,44.89,44.89,44.89,44.89,0.0,,,,,,,,,,,,,,,,,,,,,21.312554722123675,10.125462334287265,10.55818901970808,"rgba(38, 166, 154, 1.0)",0.0,0.0,15.577069237697966,16.914755542301698,1.7959247680555719,0.0,0.0,0.0,0.0,0.0,0.0,0.0,0.0,77.34909170896424,24.530138951792793,True,False,True,False,True,20.0,0,0.9695831768681933,0.8541923716538811,False,False,False,False,0.33389029276869764,0.33152938311462465,False,False,False,False,-346684.0,-255671.21172606162,False,False,False,False,9154.47042985593,False,False,False,False
2024-12-24 17:00:00+00:00,43.75,43.77,43.305,43.375,106.0,,,,,,,,,,,,,,,,,,,,,21.35218612455522,10.127961930870544,10.559816759844109,"rgba(38, 166, 154, 1.0)",0.0,0.0,15.684217372141234,16.9205160677079,1.686694548067239,0.0,0.0,0.0,0.0,0.0,0.0,0.0,0.0,72.61637608064518,26.65651333452466,False,False,True,False,False,20.0,0,0.9668993231810485,0.8553299492385786,False,False,False,False,0.30747295495210825,0.31950116903336645,False,False,False,False,-346790.0,-257083.9061179056,False,False,False,False,9014.184066602349,False,False,False,False
2024-12-25 17:00:00+00:00,43.375,43.375,43.375,43.375,0.0,,,,,,,,,,,,,,,,,,,,,21.35218612455522,10.127961930870544,10.559816759844109,"rgba(38, 166, 154, 1.0)",0.0,0.0,15.777684192189573,16.9205160677079,1.6767025889254306,0.0,0.0,0.0,0.0,0.0,0.0,0.0,0.0,69.46123232843249,23.838337063337804,False,False,True,False,False,20.0,0,0.9684768211920525,0.8586490066225165,False,False,False,False,0.30432743971849474,0.3119143043759306,False,False,False,False,-346790.0,-258474.69827111636,False,False,False,False,8874.42927487208,False,False,False,False
2024-12-26 17:00:00+00:00,42.69,43.07,42.35,42.525,609.0,,,,,,,,,,,,,,,,,,,,,21.568673966749017,10.141956244216116,10.568928369715605,"rgba(38, 166, 154, 1.0)",0.0,0.0,15.841606511489458,16.94248236816999,1.6148941468326303,0.0,0.0,0.0,0.0,0.0,0.0,0.0,0.0,64.99315805678617,19.857645217316445,False,True,True,False,False,20.0,0,0.9611222023746973,0.8619838184301776,False,False,False,False,0.2915149590634826,0.3017146317197066,False,False,False,False,-347399.0,-259853.3696157502,False,False,False,False,8746.283084563986,False,False,False,False
2024-12-27 17:00:00+00:00,44.425,44.63,43.705,43.845,400.0,,,,,,,,,,,,,,,,,,,,,21.71785036811037,10.15154024540169,10.575173424156283,"rgba(38, 166, 154, 1.0)",0.0,0.0,15.90788526837279,16.972727014695906,1.6892423180050284,0.0,0.0,0.0,0.0,0.0,0.0,0.0,0.0,64.41747879968105,19.45687915190061,False,True,True,False,False,20.0,0,0.9641294838145228,0.8497246667695951,False,False,False,False,0.31972447815039495,0.31071955493505077,False,False,False,False,-346999.0,-261204.46466046726,False,False,False,False,8616.883346818808,False,False,False,False
2024-12-30 17:00:00+00:00,44.61,44.63,44.06,44.51,201.0,,,,,,,,,,,,,,,,,,,,,21.79319638400899,10.156402430784125,10.578342540165984,"rgba(38, 166, 154, 1.0)",0.0,0.0,15.97063534870926,16.989381329540294,1.723201242127409,0.0,0.0,0.0,0.0,0.0,0.0,0.0,0.0,65.07535126538656,19.45687915190061,False,True,True,False,False,20.0,0,0.9656897784131517,0.8478505054630858,False,False,False,False,0.3231929808662425,0.3169562679006466,False,False,False,False,-346798.0,-262531.4962161189,False,False,False,False,8486.40453524022,False,False,False,False
2024-12-31 17:00:00+00:00,44.255,44.735,44.08,44.4,450.0,,,,,,,,,,,,,,,,,,,,,21.960116963860955,10.167284505503455,10.585436472040977,"rgba(38, 166, 154, 1.0)",0.0,0.0,16.01582067859806,17.026089113414564,1.7091794067827688,0.0,0.0,0.0,0.0,0.0,0.0,0.0,0.0,65.1690508237462,19.45687915190061,False,True,True,False,False,20.0,0,0.966120606583151,0.8477963178982605,False,False,False,False,0.3244160722387159,0.32068617006968125,False,False,False,False,-347248.0,-263844.9303833109,False,False,False,False,8361.809116089209,False,False,False,False
2025-01-01 17:00:00+00:00,44.4,44.4,44.4,44.4,0.0,,,,,,,,,,,,,,,,,,,,,21.960116963860955,10.167284505503455,10.585436472040977,"rgba(38, 166, 154, 1.0)",0.0,0.0,16.04706482240334,17.026089113414564,1.7058515803069894,0.0,0.0,0.0,0.0,0.0,0.0,0.0,0.0,65.23151719598597,19.45687915190061,False,True,True,False,False,20.0,0,0.9693105025151154,0.8519892281896245,False,False,False,False,0.3242692518059515,0.3224777109378164,False,False,False,False,-347248.0,-265138.00123008125,False,False,False,False,8232.168664676972,False,False,False,False
2025-01-02 17:00:00+00:00,43.63,44.96,43.435,44.35,455.0,,,,,,,,,,,,,,,,,,,,,22.125244433951,10.178230147587698,10.592572987604946,"rgba(38, 166, 154, 1.0)",0.0,0.0,16.058232256328793,17.060923298012575,1.6993823645334551,0.0,0.0,0.0,0.0,0.0,0.0,0.0,0.0,65.07958371634183,19.20220559034155,False,True,True,False,False,20.0,0,0.9613514461877783,0.8477617925710562,False,False,False,False,0.32031017960512276,0.3213939452714696,False,False,False,False,-347703.0,-266418.07873039006,False,False,False,False,8111.592406309886,False,False,False,False
2025-01-03 17:00:00+00:00,43.495,43.755,42.915,43.0,346.0,,,,,,,,,,,,,,,,,,,,,22.2434429242228,10.186298670795395,10.59783263485728,"rgba(38, 166, 154, 1.0)",0.0,0.0,16.039476593311505,17.08007632611996,1.6160080737727252,0.0,0.0,0.0,0.0,0.0,0.0,0.0,0.0,60.3892151760238,14.58036051423882,False,True,True,False,False,20.0,0,0.9507101499480374,0.8564358885534716,False,False,False,False,0.3035540565474959,0.31247400090948274,False,False,False,False,-348049.0,-267683.6744089887,False,False,False,False,7991.195624816709,False,False,False,False
2025-01-06 17:00:00+00:00,42.065,43.18,42.06,43.01,1311.0,,,,,,,,,,,,,,,,,,,,,22.669694233482904,10.216397229033623,10.61745724833391,"rgba(38, 166, 154, 1.0)",0.0,0.0,16.00927383208342,19.176084604018612,1.4887568072086428,0.0,0.0,0.0,0.0,0.0,0.0,0.0,0.0,57.29117532493482,11.668333851827931,False,True,True,False,False,20.0,0,0.9448560074571942,0.8630721679831233,False,False,False,False,0.28978815383814616,0.30113107737381445,False,False,False,False,-346738.0,-268909.32286776404,False,False,False,False,7887.626700400946,False,False,False,False
2025-01-07 17:00:00+00:00,43.92,44.265,43.44,43.74,515.0,,,,,,,,,,,,,,,,,,,,,22.840955713521847,10.228592179045249,10.625415125212331,"rgba(38, 166, 154, 1.0)",0.0,0.0,15.975396232732166,19.22857265634648,1.5343235927652166,0.0,0.0,0.0,0.0,0.0,0.0,0.0,0.0,57.29267448427569,11.613945026781145,False,True,True,False,False,20.0,0,0.9561159165322772,0.8526609001612665,False,False,False,False,0.31358732022847574,0.3073591988011451,False,False,False,False,-346223.0,-270107.98452872894,False,False,False,False,7773.3224104722485,False,False,False,False
2025-01-08 17:00:00+00:00,44.345,44.93,43.93,44.16,802.0,,,,,,,,,,,,,,,,,,,,,23.108742156923654,10.247862111074406,10.637996095612367,"rgba(38, 166, 154, 1.0)",0.0,0.0,15.934339544823628,19.311003982863518,1.5594619373608638,0.0,0.0,0.0,0.0,0.0,0.0,0.0,0.0,58.37325654313855,11.613945026781145,False,True,True,False,False,20.0,0,0.9608042635658909,0.8446220930232557,False,False,False,False,0.324856614670421,0.31610790673578304,False,False,False,False,-345421.0,-271275.62817944627,False,False,False,False,7665.23989248043,False,False,False,False
2025-01-09 17:00:00+00:00,44.16,44.16,44.16,44.16,0.0,,,,,,,,,,,,,,,,,,,,,23.108742156923654,10.247862111074406,10.637996095612367,"rgba(38, 166, 154, 1.0)",0.0,0.0,15.877974042197103,19.311003982863518,1.5649978990454387,0.0,0.0,0.0,0.0,0.0,0.0,0.0,0.0,59.093644582380456,11.613945026781145,False,True,True,False,True,20.0,0,0.9655860591900306,0.8511974299065421,False,False,False,False,0.31957808594793025,0.31784299634185664,False,False,False,False,-345421.0,-272425.1688278269,False,False,False,False,7546.398963914842,False,False,False,False
2025-01-10 17:00:00+00:00,46.53,46.745,45.92,46.12,1273.0,,,,,,,,,,,,,,,,,,,,,23.557618550839415,10.280125823032815,10.659083924248197,"rgba(38, 166, 154, 1.0)",0.0,0.0,15.832033591128809,19.490219755385585,1.6820189327753778,0.0,0.0,0.0,0.0,0.0,0.0,0.0,0.0,63.64362390735564,9.39458246007284,False,True,True,False,True,20.0,0,0.9695057833859091,0.8450434948857661,False,False,False,False,0.3428282524854673,0.33033562441366193,False,False,False,False,-344148.0,-273537.15070646524,False,False,False,False,7449.136964474302,False,False,False,False
2025-01-13 17:00:00+00:00,47.28,47.285,45.89,45.99,1727.0,,,,,,,,,,,,,,,,,,,,,24.14271744722107,10.323957459256205,10.687754234492425,"rgba(38, 166, 154, 1.0)",0.0,0.0,15.767782411048247,21.936370624256135,1.525492218797353,0.0,0.0,0.0,0.0,0.0,0.0,0.0,0.0,66.12984007497286,11.680871210343724,False,True,True,False,True,20.0,0,0.9693187727509097,0.8428118942939538,False,False,False,False,0.3428282524982058,0.33658193845593387,False,False,False,False,-345875.0,-274658.66774977586,False,False,False,False,7360.421662699506,False,False,False,False
2025-01-14 17:00:00+00:00,45.92,46.01,44.755,44.905,36.0,,,,,,,,,,,,,,,,,,,,,24.153973115408956,10.324840536284661,10.688331902267498,"rgba(38, 166, 154, 1.0)",0.0,0.0,15.678272479068868,21.93744457423155,1.4649289618120283,0.0,0.0,0.0,0.0,0.0,0.0,0.0,0.0,63.64401050234454,11.680871210343724,False,True,True,False,False,20.0,0,0.9580577058409567,0.8597231996246776,False,False,False,False,0.31989691080083055,0.3282394246283822,False,False,False,False,-345911.0,-275763.3550714848,False,False,False,False,7246.864737696413,False,False,False,False
2025-01-15 17:00:00+00:00,43.525,43.555,42.885,43.18,1873.0,,,,,,,,,,,,,,,,,,,,,24.668940502474854,10.36807208222191,10.71660654917062,"rgba(239, 83, 80, 1.0)",0.0,0.0,15.554192703211857,21.889611716280662,1.3687877403835293,0.0,0.0,0.0,0.0,0.0,0.0,0.0,0.0,57.328238904796436,12.548550574242128,False,True,True,False,False,20.0,0,0.9488172637985886,0.8735648084105685,False,False,False,False,0.27952934408969604,0.3038843843590391,False,False,False,False,-347784.0,-276879.9542176633,False,False,False,False,7163.549005329027,False,False,False,False
2025-01-16 17:00:00+00:00,42.99,43.355,42.755,43.04,2002.0,,,,,,,,,,,,,,,,,,,,,25.185061080800576,10.413935763677138,10.746628785296286,"rgba(239, 83, 80, 1.0)",0.0,0.0,15.416821494133684,21.91582691570344,1.370202871735565,0.0,0.0,0.0,0.0,0.0,0.0,0.0,0.0,52.80059234074436,8.63142583504127,False,True,False,False,False,20.0,0,0.9503174165056578,0.8752875149507775,False,False,False,False,0.27648693481305703,0.29018565958604803,False,False,False,False,-349786.0,-278010.2805088623,False,False,False,False,7083.52498974253,False,False,False,False
2025-01-17 17:00:00+00:00,42.58,43.04,42.44,42.76,711.0,,,,,,,,,,,,,,,,,,,,,25.35845785307596,10.430041951788665,10.757177622261336,"rgba(239, 83, 80, 1.0)",0.0,0.0,15.257080520499635,21.926921731877066,1.3654695103779066,0.0,0.0,0.0,0.0,0.0,0.0,0.0,0.0,49.11571984827735,5.472541219953861,False,True,False,True,False,20.0,0,0.9494013486857191,0.8767833386852608,False,False,False,False,0.270692480730611,0.2804390701583295,False,False,False,False,-350497.0,-279134.105617252,False,False,False,False,6984.7261526922575,False,False,False,False
2025-01-20 17:00:00+00:00,42.76,42.76,42.76,42.76,0.0,,,,,,,,,,,,,,,,,,,,,25.35845785307596,10.430041951788665,10.757177622261336,"rgba(239, 83, 80, 1.0)",0.0,0.0,15.085332600166897,21.926921731877066,1.381015508262141,0.0,0.0,0.0,0.0,0.0,0.0,0.0,0.0,46.65913818663268,3.34397711112954,False,True,False,True,False,20.0,0,0.9512801620924659,0.882575059863695,False,False,False,False,0.27105985164651497,0.27574946090242225,False,False,False,False,-350497.0,-280240.5070805504,False,False,False,False,6876.43582474354,False,False,False,False
2025-01-21 17:00:00+00:00,41.48,41.54,41.09,41.1,989.0,,,,,,,,,,,,,,,,,,,,,25.573668223765623,10.451378017394081,10.771150451281706,"rgba(239, 83, 80, 1.0)",0.0,0.0,14.883842671994527,21.911703974861343,1.2892030941205392,0.0,0.0,0.0,0.0,0.0,0.0,0.0,0.0,41.46799691220176,-1.385512359033136,False,True,False,True,False,20.0,0,0.9518687329079302,0.8836827711941657,False,False,False,False,0.24469377154180022,0.26022161622211126,False,False,False,False,-351486.0,-281345.08836612327,False,False,False,False,6785.157749941314,False,False,False,False
2025-01-22 17:00:00+00:00,41.595,41.81,41.5,41.65,1066.0,,,,,,,,,,,,,,,,,,,,,25.805099034631745,10.474647941141352,10.786399266040203,"rgba(239, 83, 80, 1.0)",0.0,0.0,14.670562401939119,21.914780154920578,1.3452258546319171,0.0,0.0,0.0,0.0,0.0,0.0,0.0,0.0,40.00370042381501,-2.6937816730001387,False,True,False,True,False,20.0,0,0.9539384028345593,0.8778958844371763,False,False,False,False,0.2508663442667861,0.2555439802444487,False,False,False,False,-350420.0,-282416.017228664,False,False,False,False,6696.488637539123,False,False,False,False
2025-01-23 17:00:00+00:00,41.575,41.66,41.285,41.305,2091.0,,,,,,,,,,,,,,,,,,,,,26.23374271232733,10.519846414276158,10.816037701826431,"rgba(239, 83, 80, 1.0)",0.0,0.0,14.441234477191545,21.92737216574711,1.341826272875624,0.0,0.0,0.0,0.0,0.0,0.0,0.0,0.0,38.31334747212999,-4.407342654015416,False,True,False,True,False,20.0,0,0.9516656076971949,0.8817282381773622,False,False,False,False,0.24755082544420112,0.2515474028443249,False,False,False,False,-352511.0,-283502.76114759943,False,False,False,False,6625.085712926114,False,False,False,False
2025-01-24 17:00:00+00:00,41.275,41.75,41.005,41.56,2800.0,,,,,,,,,,,,,,,,,,,,,26.772939907459012,10.580206337674484,10.855664034229084,"rgba(239, 83, 80, 1.0)",0.0,0.0,14.188247658594847,23.897509347939398,1.2448676592814587,0.0,0.0,0.0,0.0,0.0,0.0,0.0,0.0,38.18085321979049,-4.832613014846508,False,True,False,True,False,20.0,0,0.9500564461503721,0.8813727703770603,False,False,False,False,0.24582705192370802,0.24868722738401647,False,False,False,False,-349711.0,-284529.24547089246,False,False,False,False,6565.782058462143,False,False,False,False
2025-01-27 17:00:00+00:00,42.24,42.815,42.005,42.36,410.0,,,,,,,,,,,,,,,,,,,,,26.853633923846488,10.589297899608436,10.861638777787226,"rgba(239, 83, 80, 1.0)",0.0,0.0,13.91985397594789,23.918016658326323,1.3248690233058171,0.0,0.0,0.0,0.0,0.0,0.0,0.0,0.0,40.97487191620395,-4.832613014846508,False,True,False,True,False,20.0,0,0.9597667638483961,0.8721237945727742,False,False,False,False,0.26464106814935456,0.2566641477666855,False,False,False,False,-349301.0,-285533.45871940575,False,False,False,False,6470.343576935598,False,False,False,False
2025-01-28 17:00:00+00:00,42.69,42.73,41.975,42.26,2608.0,,,,,,,,,,,,,,,,,,,,,27.345748855328115,10.646877626929257,10.89950478095421,"rgba(239, 83, 80, 1.0)",0.0,0.0,13.630467516256084,24.019094963636732,1.3382450025729962,0.0,0.0,0.0,0.0,0.0,0.0,0.0,0.0,42.53939438822135,-4.832613014846508,False,True,False,True,True,20.0,0,0.9560538116591923,0.8748878923766817,False,False,False,False,0.26358860201948087,0.2601263748930832,False,False,False,False,-351909.0,-286562.5368787948,False,False,False,False,6410.462281169154,False,False,False,False
2025-01-29 17:00:00+00:00,42.365,43.095,42.035,42.45,4745.0,,,,,,,,,,,,,,,,,,,,,28.17640251847923,10.751778661028288,10.968612921017082,"rgba(239, 83, 80, 1.0)",0.0,0.0,13.313476502949753,24.194029949833485,1.3712398896052207,0.0,0.0,0.0,0.0,0.0,0.0,0.0,0.0,44.29671889664319,-4.832613014846508,False,True,False,True,True,20.0,0,0.9562007874015743,0.8744631352899069,False,False,False,False,0.26748101420881526,0.2638036945509492,False,False,False,False,-347164.0,-287502.09444656543,False,False,False,False,6384.641160530873,False,False,False,False
2025-01-30 17:00:00+00:00,41.425,42.23,41.07,41.635,2504.0,,,,,,,,,,,,,,,,,,,,,28.55439214103987,10.805330224816538,11.003945131056254,"rgba(239, 83, 80, 1.0)",0.0,0.0,12.968869659775782,24.244454209847895,1.3409453750692384,0.0,0.0,0.0,0.0,0.0,0.0,0.0,0.0,42.91994943523814,-4.832613014846508,False,True,False,True,True,19.41973090784313,0,0.9453792735042732,0.8838586182336183,False,False,False,False,0.2507754364311912,0.2572895654910702,False,False,False,False,-349668.0,-288465.90693576593,False,False,False,False,6324.476181297837,False,False,False,False
2025-01-31 17:00:00+00:00,41.435,42.75,41.025,42.37,5206.0,,,,,,,,,,,,,,,,,,,,,29.298331585988773,10.917524115951547,11.07810702504122,"rgba(239, 83, 80, 1.0)",0.0,0.0,12.60526039626545,24.38725004867021,1.4266067805039173,0.0,0.0,0.0,0.0,0.0,0.0,0.0,0.0,44.78603481691185,-4.832613014846508,False,True,False,True,True,20.0,0,0.9492092859345398,0.8793004713448747,False,False,False,False,0.2550980741510561,0.25619381982106315,False,False,False,False,-344462.0,-289334.06341738196,False,False,False,False,6307.135465308723,False,False,False,False
2025-02-03 17:00:00+00:00,43.34,43.685,43.1,43.41,4349.0,,,,,,,,,,,,,,,,,,,,,29.919126779242344,11.014670725587731,11.142478211018279,"rgba(239, 83, 80, 1.0)",0.0,0.0,12.23010388050439,24.572623916261357,1.5402466134213864,0.0,0.0,0.0,0.0,0.0,0.0,0.0,0.0,49.14988196020832,-6.739910636604186,False,True,False,False,True,20.0,0,0.9588209606986896,0.8746724890829695,False,False,False,False,0.282715448009927,0.26945463391549507,False,False,False,False,-340113.0,-290121.33375199616,False,False,False,False,6276.7767759240905,False,False,False,False
2025-02-04 17:00:00+00:00,42.55,42.88,42.16,42.235,2531.0,,,,,,,,,,,,,,,,,,,,,30.231560670818983,11.069249119417755,11.178695714689344,"rgba(239, 83, 80, 1.0)",0.0,0.0,11.819455743860699,24.646695538256136,1.488080741017169,0.0,0.0,0.0,0.0,0.0,0.0,0.0,0.0,48.43789145641682,-6.739910636604186,False,True,False,False,True,19.001251809710798,0,0.9545612360038186,0.8773977953302665,False,False,False,False,0.2666560813657215,0.2680553576406083,False,False,False,False,-342644.0,-290935.63865506597,False,False,False,False,6218.702717382631,False,False,False,False
2025-02-05 17:00:00+00:00,41.445,41.58,41.28,41.3,1200.0,,,,,,,,,,,,,,,,,,,,,30.362145567706254,11.094204944350393,11.195268255119911,"rgba(239, 83, 80, 1.0)",0.0,0.0,11.377324169252311,24.668409530444073,1.461819160827243,0.0,0.0,0.0,0.0,0.0,0.0,0.0,0.0,45.708770467190234,-6.739910636604186,False,True,False,True,False,16.57381402663599,0,0.9516525186366179,0.8827939845736201,False,False,False,False,0.24677948594676236,0.2574174217936853,False,False,False,False,-343844.0,-291755.92332708044,False,False,False,False,6140.893372927087,False,False,False,False
2025-02-06 17:00:00+00:00,41.445,42.09,41.2,41.6,1375.0,,,,,,,,,,,,,,,,,,,,,30.511285953563593,11.12297899332528,11.214388151820883,"rgba(239, 83, 80, 1.0)",0.0,0.0,10.900508201641546,24.69718588546395,1.5506445939823794,0.0,0.0,0.0,0.0,0.0,0.0,0.0,0.0,44.87252189864831,-6.739910636604186,False,True,False,True,False,17.06364831476591,0,0.9506236337919503,0.8805880588058805,False,False,False,False,0.2506845326555914,0.2540509772246383,False,False,False,False,-342469.0,-292542.17257782334,False,False,False,False,6067.003553191783,False,False,False,False
2025-02-07 17:00:00+00:00,42.645,42.76,42.315,42.63,2989.0,,,,,,,,,,,,,,,,,,,,,30.84849473986258,11.187260012930501,11.257148259038344,"rgba(239, 83, 80, 1.0)",0.0,0.0,10.391934328174022,24.78709569558521,1.7169954833182617,0.0,0.0,0.0,0.0,0.0,0.0,0.0,0.0,47.34694308248955,-6.739910636604186,False,True,False,True,False,18.716791187990655,0,0.9562273791781982,0.8726846923568233,False,False,False,False,0.2669768463946309,0.26051391180963457,False,False,False,False,-339480.0,-293269.8908324307,False,False,False,False,6019.28256787098,False,False,False,False
2025-02-10 17:00:00+00:00,42.275,42.46,42.045,42.275,1061.0,,,,,,,,,,,,,,,,,,,,,30.960670764850125,11.209791002186705,11.272149511207836,"rgba(239, 83, 80, 1.0)",0.0,0.0,9.82288303213795,24.815428105067184,1.777438643808501,0.0,0.0,0.0,0.0,0.0,0.0,0.0,0.0,47.97745464360145,-6.739910636604186,False,True,False,False,True,17.785672129189418,1,0.9522455216911447,0.8757110111214874,False,False,False,False,0.2617595833001329,0.2611367475548837,False,False,False,False,-340541.0,-294002.77624588134,False,False,False,False,5942.409969919492,False,False,False,False
2025-02-11 17:00:00+00:00,42.805,43.015,42.715,42.765,1800.0,,,,,,,,,,,,,,,,,,,,,31.155394301978728,11.248642837461897,11.298035036308097,"rgba(239, 83, 80, 1.0)",0.0,0.0,9.202250067581671,24.872330002945674,1.9443798924882376,0.0,0.0,0.0,0.0,0.0,0.0,0.0,0.0,49.80600986329004,-5.2926073155905655,False,True,False,False,True,18.575257410057034,1,0.9558854718981968,0.8709225874867444,False,False,False,False,0.27298972378410713,0.2670632356694954,False,False,False,False,-338741.0,-294696.3921180382,False,False,False,False,5878.186559533144,False,False,False,False
2025-02-12 17:00:00+00:00,43.595,43.705,43.245,43.555,2151.0,,,,,,,,,,,,,,,,,,,,,31.39275258822303,11.295928021266986,11.32956866267311,"rgba(239, 83, 80, 1.0)",0.0,0.0,8.518589821123044,24.951319194019433,2.18389207564028,0.0,0.0,0.0,0.0,0.0,0.0,0.0,0.0,53.05954651053728,-2.0571262591875126,False,True,True,False,True,19.82787608421579,0,0.9564155472270176,0.8653724681012337,False,False,False,False,0.28424121205434183,0.2756522238619186,False,False,False,False,-336590.0,-295345.9054185337,False,False,False,False,5820.400721400847,False,False,False,False
2025-02-13 17:00:00+00:00,43.41,43.515,42.51,42.595,1883.0,,,,,,,,,,,,,,,,,,,,,31.58277028689966,11.336402752714697,11.356584621509768,"rgba(239, 83, 80, 1.0)",0.0,0.0,7.759096133623517,25.008768590811513,2.2665309343158855,0.0,0.0,0.0,0.0,0.0,0.0,0.0,0.0,52.20975927350016,-2.0571262591875126,False,True,True,False,True,17.287430391885312,1,0.9514806759243765,0.8671992638447381,False,False,False,False,0.27570409385049605,0.27567815885620733,False,False,False,False,-338473.0,-296014.54254382773,False,False,False,False,5759.355748976028,False,False,False,False
2025-02-14 17:00:00+00:00,42.6,42.85,42.555,42.7,2367.0,,,,,,,,,,,,,,,,,,,,,31.8093895466483,11.38685787191396,11.39029447774063,"rgba(239, 83, 80, 1.0)",0.0,0.0,6.882360498843157,25.076346876151955,2.5606989239826037,0.0,0.0,0.0,0.0,0.0,0.0,0.0,0.0,51.94618365077685,-2.0571262591875126,False,True,True,False,True,17.4594744612152,1,0.9518591325442298,0.8746078882429209,False,False,False,False,0.27000385239444624,0.27284100562532676,False,False,False,False,-336106.0,-296636.11552764435,False,False,False,False,5706.761086201206,False,False,False,False
2025-02-17 17:00:00+00:00,42.7,42.7,42.7,42.7,0.0,,,,,,,,,,,,,,,,,,,,,31.8093895466483,11.38685787191396,11.39029447774063,"rgba(239, 83, 80, 1.0)",0.0,0.0,5.835438384915459,25.076346876151955,3.020107824187637,0.0,0.0,0.0,0.0,0.0,0.0,0.0,0.0,51.77046656896132,-2.0571262591875126,False,True,False,False,True,17.4594744612152,0,0.9545168727730031,0.8750785998742402,False,False,False,False,0.26995795273415574,0.2713994791797413,False,False,False,False,-336106.0,-297248.0517210142,False,False,False,False,5618.284170136071,False,False,False,False
2025-02-18 17:00:00+00:00,42.345,42.875,42.21,42.25,1903.0,,,,,,,,,,,,,,,,,,,,,31.98085608024535,11.426973258962681,11.417121971053339,"rgba(239, 83, 80, 1.0)",0.0,0.0,4.474396716091856,25.126024960582974,3.8271025405127452,0.0,0.0,0.0,0.0,0.0,0.0,0.0,0.0,50.10069386466961,-2.0571262591875126,False,True,False,False,False,16.245659261296463,0,0.9505095222185094,0.8755429335115268,False,False,False,False,0.26706850340158367,0.2692339912906625,False,False,False,False,-338009.0,-297880.0044075101,False,False,False,False,5560.682865172721,False,False,False,False
2025-02-19 17:00:00+00:00,42.61,42.865,42.285,42.565,2667.0,,,,,,,,,,,,,,,,,,,,,32.214862060395184,11.48324862963706,11.45479519899211,"rgba(239, 83, 80, 1.0)",0.0,0.0,2.15911335239007,25.197271765714966,8.043916830517261,0.0,0.0,0.0,0.0,0.0,0.0,0.0,0.0,50.16918316079152,-2.0571262591875126,False,True,False,False,False,16.791492002640755,1,0.9523849302480992,0.8749895580987386,False,False,False,False,0.26766438088409666,0.26844918608737955,False,False,False,False,-335342.0,-298460.810540727,False,False,False,False,5515.819564937485,False,False,False,False
2025-02-20 17:00:00+00:00,43.78,43.79,43.115,43.36,1604.0,,,,,,,,,,,,,,,,,,,,,32.36183174037343,11.517918910151426,11.478026694884349,"rgba(239, 83, 80, 1.0)",0.0,0.0,2.1514336158952765,25.249414213757174,8.417915222871734,0.0,0.0,0.0,0.0,0.0,0.0,0.0,0.0,52.84860162838398,-0.9815273174405803,False,False,True,False,True,18.15158463449509,0,0.9560808013908432,0.8675800976902062,False,False,False,False,0.2838249670249752,0.27613707655617736,False,False,False,False,-333738.0,-299007.7437106382,False,False,False,False,5455.171199589617,False,False,False,False
2025-02-21 17:00:00+00:00,44.535,46.07,44.49,45.95,11768.0,,,,,,,,,,,,,,,,,,,,,33.5152673836676,11.786446993603604,11.658481294367995,"rgba(38, 166, 154, 1.0)",0.0,0.0,2.186301358603441,25.760087077358286,9.234734655033362,0.0,0.0,0.0,0.0,0.0,0.0,0.0,0.0,59.76403988003748,5.448414827046918,True,False,True,False,True,20.0,0,0.9579903491342603,0.8549937147723126,False,False,False,False,0.31796155620979466,0.29704931638298604,False,False,False,False,-321970.0,-299363.74768411665,False,False,False,False,5553.044514324662,False,False,False,False
2025-02-24 17:00:00+00:00,46.24,46.64,45.66,46.62,3526.0,,,,,,,,,,,,,,,,,,,,,33.84303984409255,11.867978111146988,11.7134526529102,"rgba(38, 166, 154, 1.0)",0.0,0.0,2.2013280041789787,25.915166404945268,9.405610411419326,0.0,0.0,0.0,0.0,0.0,0.0,0.0,0.0,65.22616702403957,10.226236750182181,True,False,True,False,True,20.0,0,0.967314202805094,0.852934064162502,False,False,False,False,0.3344635129547618,0.31575641466887394,False,False,False,False,-318444.0,-299659.56554947916,False,False,False,False,5521.617467590946,False,False,False,False
2025-02-25 17:00:00+00:00,47.29,47.63,46.38,46.97,5337.0,,,,,,,,,,,,,,,,,,,,,34.33403688027611,11.993100685269349,11.79797203212079,"rgba(38, 166, 154, 1.0)",0.0,0.0,2.249091414147014,26.157866311157015,9.2535739356491,0.0,0.0,0.0,0.0,0.0,0.0,0.0,0.0,69.29541394673495,13.650600850207553,True,False,True,False,True,20.0,0,0.975398031842547,0.8453476278102249,False,False,False,False,0.3428282525187034,0.3292923335937887,False,False,False,False,-313107.0,-299868.0529053012,False,False,False,False,5518.7551812717065,False,False,False,False
2025-02-26 17:00:00+00:00,46.14,47.24,45.9,46.85,2335.0,,,,,,,,,,,,,,,,,,,,,34.53220523145759,12.047049892330381,11.834477513568572,"rgba(38, 166, 154, 1.0)",0.0,0.0,2.2987416201123305,26.254879214880603,8.959302169903287,0.0,0.0,0.0,0.0,0.0,0.0,0.0,0.0,71.48336087375678,15.432820601879484,True,False,True,False,True,20.0,0,0.9712552533502493,0.8504876694948854,False,False,False,False,0.33459986637978273,0.3319460999867857,False,False,False,False,-315442.0,-300109.5094494051,False,False,False,False,5469.3946358256335,False,False,False,False
2025-02-27 17:00:00+00:00,47.26,48.4,47.045,48.37,1400.0,,,,,,,,,,,,,,,,,,,,,34.66016554741209,12.080504308318767,11.857128446440722,"rgba(38, 166, 154, 1.0)",0.0,0.0,2.4003684345579637,26.3214747352685,9.185475424230786,0.0,0.0,0.0,0.0,0.0,0.0,0.0,0.0,74.74992508429095,18.355084610011403,True,False,True,False,True,20.0,0,0.9788500704997645,0.8401613661287796,False,False,False,False,0.3428282525529243,0.33738717626985504,False,False,False,False,-314042.0,-300325.5170548407,False,False,False,False,5406.3032461229095,False,False,False,False
2025-02-28 17:00:00+00:00,47.82,48.935,47.375,47.38,3308.0,,,,,,,,,,,,,,,,,,,,,34.95210760552864,12.159213513799596,11.910474937887837,"rgba(38, 166, 154, 1.0)",0.0,0.0,2.4690675246825613,26.47368161468079,8.467293087906562,0.0,0.0,0.0,0.0,0.0,0.0,0.0,0.0,73.09771637356477,18.355084610011403,True,False,True,False,True,20.0,0,0.9815714785583759,0.8383422106449983,False,False,False,False,0.3428282525729619,0.34010771442140847,False,False,False,False,-317350.0,-300589.46252685867,False,False,False,False,5373.771412849686,False,False,False,False
2025-03-03 17:00:00+00:00,47.76,50.535,47.44,49.95,4566.0,,,,,,,,,,,,,,,,,,,,,35.37624834194981,12.271557558842417,11.986728013615759,"rgba(38, 166, 154, 1.0)",0.0,0.0,2.6169485996048154,26.706817589656072,8.881787901319068,0.0,0.0,0.0,0.0,0.0,0.0,0.0,0.0,74.93833601188176,18.407580182119474,True,False,True,False,True,20.0,0,0.9816102435502864,0.829932748204719,False,False,False,False,0.3428282526103428,0.3414679835158756,False,False,False,False,-312784.0,-300778.5251233415,False,False,False,False,5361.247825053568,False,False,False,False
2025-03-04 17:00:00+00:00,51.705,51.96,49.45,51.085,4355.0,,,,,,,,,,,,,,,,,,,,,35.79982702344393,12.382460014824046,12.06212492456731,"rgba(38, 166, 154, 1.0)",0.0,0.0,2.7945827534296424,26.94983948273962,8.636409312853802,0.0,0.0,0.0,0.0,0.0,0.0,0.0,0.0,77.06888423170005,20.582376789886368,True,False,True,False,True,20.0,0,0.9962668458580652,0.8231978198379811,False,False,False,False,0.34282825268286143,0.3421481180993685,False,False,False,False,-308429.0,-300897.13713693304,False,False,False,False,5345.647083579868,False,False,False,False
2025-03-05 17:00:00+00:00,51.16,51.42,49.9,50.01,2370.0,,,,,,,,,,,,,,,,,,,,,36.01502048273953,12.441938873968597,12.102623472235337,"rgba(38, 166, 154, 1.0)",0.0,0.0,2.9177153424932425,27.072544409551796,7.861443937449949,0.0,0.0,0.0,0.0,0.0,0.0,0.0,0.0,75.26308197548576,20.582376789886368,True,False,True,False,True,20.0,0,0.9989999999999997,0.8303333333333335,False,False,False,False,0.3420488134687646,0.34209846578406655,False,False,False,False,-310799.0,-301050.654390624,False,False,False,False,5299.513020268552,False,False,False,False
2025-03-06 17:00:00+00:00,51.295,52.29,50.87,51.66,2236.0,,,,,,,,,,,,,,,,,,,,,36.228236315821675,12.499597276513528,12.141910907423952,"rgba(38, 166, 154, 1.0)",0.0,0.0,3.0775460886765886,27.197442789904834,7.948721645502502,0.0,0.0,0.0,0.0,0.0,0.0,0.0,0.0,75.66997802406064,20.582376789886368,True,False,True,False,True,20.0,0,1.0009120758847132,0.8197738051805912,False,False,False,False,0.34282825271761136,0.34246335925083893,False,False,False,False,-308563.0,-301167.124865188,False,False,False,False,5252.016694372916,False,False,False,False
2025-03-07 17:00:00+00:00,53.13,53.47,50.765,51.33,2798.0,,,,,,,,,,,,,,,,,,,,,36.49114420232341,12.571965586692881,12.191271637690063,"rgba(38, 166, 154, 1.0)",0.0,0.0,3.190903599888977,27.352494366674954,7.5143309356507375,0.0,0.0,0.0,0.0,0.0,0.0,0.0,0.0,74.99955173379078,20.582376789886368,True,False,True,False,True,20.0,0,0.9988890083503562,0.8161488012041717,False,False,False,False,0.3428282527382749,0.3426458059945569,False,False,False,False,-311361.0,-301325.16944092145,False,False,False,False,5213.9699239175225,False,False,False,False
2025-03-10 17:00:00+00:00,52.915,54.945,52.915,54.01,3658.0,,,,,,,,,,,,,,,,,,,,,36.8670363288344,12.671217086953193,12.259028821977337,"rgba(38, 166, 154, 1.0)",0.0,0.0,3.370239454694969,27.582052128255377,7.841563849396137,0.0,0.0,0.0,0.0,0.0,0.0,0.0,0.0,76.76807049642285,21.311623110669004,True,False,True,False,True,20.0,0,1.0033931507328502,0.798369888410816,False,False,False,False,0.3428282528043931,0.34273702939947503,False,False,False,False,-307703.0,-301424.05053486064,False,False,False,False,5189.846359205622,False,False,False,False
2025-03-11 17:00:00+00:00,54.6,55.1,52.7,53.89,3407.0,,,,,,,,,,,,,,,,,,,,,37.201690228582315,12.763097319728537,12.32184876596651,"rgba(38, 166, 154, 1.0)",0.0,0.0,3.5341056439647316,27.78666757922095,7.386121143649532,0.0,0.0,0.0,0.0,0.0,0.0,0.0,0.0,77.61112454094123,22.468973403900605,True,False,True,False,True,20.0,0,1.0033458659584007,0.7990065882515266,False,False,False,False,0.34234502959952273,0.3425410294994989,False,False,False,False,-311110.0,-301574.22029401007,False,False,False,False,5162.205330380729,False,False,False,False
2025-03-12 17:00:00+00:00,53.96,54.02,52.905,53.73,463.0,,,,,,,,,,,,,,,,,,,,,37.24523724468274,12.775447477305862,12.330300439258668,"rgba(38, 166, 154, 1.0)",0.0,0.0,3.671900558527203,27.81321082804213,7.058140262478425,0.0,0.0,0.0,0.0,0.0,0.0,0.0,0.0,77.68474247620384,22.942065190295025,True,False,True,False,True,20.0,0,1.0064923911923325,0.8068084229329119,False,False,False,False,0.33531535476798013,0.3389281921337395,False,False,False,False,-311573.0,-301729.240134413,False,False,False,False,5089.349433785678,False,False,False,False
2025-03-13 17:00:00+00:00,54.86,55.98,54.81,55.49,435.0,,,,,,,,,,,,,,,,,,,,,37.29062013568906,12.78757718162051,12.338598881378001,"rgba(38, 166, 154, 1.0)",0.0,0.0,3.8596694999247454,30.500796636094684,6.474441235031277,0.0,0.0,0.0,0.0,0.0,0.0,0.0,0.0,79.1090414227519,24.669304598349015,True,False,True,False,True,20.0,0,1.0124894229141985,0.798916906413945,False,False,False,False,0.34282825285414253,0.340878222493941,False,False,False,False,-311138.0,-301875.1123803911,False,False,False,False,5017.188977447915,False,False,False,False
2025-03-14 17:00:00+00:00,52.935,53.335,52.685,52.75,1997.0,,,,,,,,,,,,,,,,,,,,,37.46772844948224,12.839909789795366,12.374443477603247,"rgba(38, 166, 154, 1.0)",0.0,0.0,3.9259425585423005,30.476081872813616,5.673521146844459,0.0,0.0,0.0,0.0,0.0,0.0,0.0,0.0,73.3427923267903,27.987682692449454,True,False,True,False,False,20.0,0,1.004390195230651,0.8054012704958925,False,False,False,False,0.3060277995889802,0.3234530110414606,False,False,False,False,-313135.0,-302049.6842814703,False,False,False,False,4970.364342138645,False,False,False,False
2025-03-17 17:00:00+00:00,51.98,52.11,51.15,51.47,2891.0,,,,,,,,,,,,,,,,,,,,,37.69539739374895,12.912891697546119,12.42450300879088,"rgba(38, 166, 154, 1.0)",0.0,0.0,3.949456466196213,30.545774380272253,5.298001332289711,0.0,0.0,0.0,0.0,0.0,0.0,0.0,0.0,67.14134425362049,22.35188207837426,True,False,True,False,False,20.0,0,1.0004293262879786,0.8105019815059445,False,False,False,False,0.28510163050885645,0.30427732077515857,False,False,False,False,-316026.0,-302266.3713468739,False,False,False,False,4938.126135283783,False,False,False,False
2025-03-18 17:00:00+00:00,52.41,52.625,52.125,52.38,3899.0,,,,,,,,,,,,,,,,,,,,,38.00809757016902,13.012913252047698,12.493189959092422,"rgba(38, 166, 154, 1.0)",0.0,0.0,4.00020817814138,30.728235649878478,5.412659388187543,0.0,0.0,0.0,0.0,0.0,0.0,0.0,0.0,64.27189097012136,19.92296698405545,True,False,True,False,False,20.0,0,1.0041407867494823,0.8035426731078906,False,False,False,False,0.2963674465146877,0.30032238364492314,False,False,False,False,-312127.0,-302419.2493104882,False,False,False,False,4922.015652566205,False,False,False,False
2025-03-19 17:00:00+00:00,51.53,52.03,50.085,50.77,3144.0,,,,,,,,,,,,,,,,,,,,,38.22681713945071,13.09031221003717,12.546445716755768,"rgba(38, 166, 154, 1.0)",0.0,0.0,3.9979522945565846,30.83103680792442,4.987293925248557,0.0,0.0,0.0,0.0,0.0,0.0,0.0,0.0,59.56878895708229,15.746076572838334,False,False,True,False,False,18.4588660260216,0,0.9896583025351744,0.8090838358296051,False,False,False,False,0.2764921124199869,0.288407248032455,False,False,False,False,-315271.0,-302618.5012591628,False,False,False,False,4894.449518417891,False,False,False,False
2025-03-20 17:00:00+00:00,51.14,51.505,50.8,51.42,3125.0,,,,,,,,,,,,,,,,,,,,,38.44163808296405,13.1674976736608,12.599618476394433,"rgba(38, 166, 154, 1.0)",0.0,0.0,4.02105417579587,30.945940243359324,5.091714476238892,0.0,0.0,0.0,0.0,0.0,0.0,0.0,0.0,57.44657591926899,13.925768759342162,False,False,True,False,False,19.30469740375101,0,0.9934136183127238,0.813547283117554,False,False,False,False,0.2779179708418777,0.2831626094371663,False,False,False,False,-312146.0,-302766.2144179354,False,False,False,False,4867.016192550947,False,False,False,False
2025-03-21 17:00:00+00:00,51.88,52.315,51.79,52.045,2200.0,,,,,,,,,,,,,,,,,,,,,38.59795231655764,13.222798841286165,12.637745754707664,"rgba(38, 166, 154, 1.0)",0.0,0.0,4.046297571365304,31.039959650374655,5.191175384201368,0.0,0.0,0.0,0.0,0.0,0.0,0.0,0.0,56.997224351941654,13.4554039787076,False,False,True,False,False,20.0,0,0.9977198278630609,0.8104887918299183,False,False,False,False,0.29148181218043073,0.2873222108087985,False,False,False,False,-309946.0,-302877.5289230837,False,False,False,False,4825.6671042943435,False,False,False,False
2025-03-24 17:00:00+00:00,50.05,50.17,49.33,49.49,2642.0,,,,,,,,,,,,,,,,,,,,,38.74851567448975,13.284933485944467,12.680669037018063,"rgba(38, 166, 154, 1.0)",0.0,0.0,4.024243591842722,33.36195536038794,4.0077207732415,0.0,0.0,0.0,0.0,0.0,0.0,0.0,0.0,52.55440417929837,9.185090181741387,False,True,False,False,False,14.697846628002416,0,0.9907147143353437,0.8156839212961499,False,False,False,False,0.2569760982359417,0.2721491545223701,False,False,False,False,-312588.0,-303028.0788622607,False,False,False,False,4791.811800351795,False,False,False,False
2025-03-25 17:00:00+00:00,49.8,50.38,49.61,50.065,3099.0,,,,,,,,,,,,,,,,,,,,,38.92555992355578,13.358254967620384,12.731372394233471,"rgba(38, 166, 154, 1.0)",0.0,0.0,4.012475902091574,33.45833496962896,4.138757574024188,0.0,0.0,0.0,0.0,0.0,0.0,0.0,0.0,50.589913726867664,7.26222541488935,False,True,False,False,False,15.475732125458375,0,0.9927376760563379,0.814323440643863,False,False,False,False,0.26061804835701935,0.26638360143969475,False,False,False,False,-309489.0,-303128.2481822256,False,False,False,False,4765.566656160295,False,False,False,False
2025-03-26 17:00:00+00:00,50.695,51.11,50.5,50.685,2720.0,,,,,,,,,,,,,,,,,,,,,39.08658597015822,13.42367445920625,12.77665040343324,"rgba(38, 166, 154, 1.0)",0.0,0.0,3.9988879850675803,33.56344478193756,4.281579099488852,0.0,0.0,0.0,0.0,0.0,0.0,0.0,0.0,50.35651724383577,6.811916551410128,False,True,False,False,False,16.308749360199194,0,0.9966540542230834,0.8094687138434596,False,False,False,False,0.27270763787750274,0.26954561965859875,False,False,False,False,-306769.0,-303184.6939468423,False,False,False,False,4733.8524444368795,False,False,False,False
2025-03-27 17:00:00+00:00,51.35,51.395,50.57,51.145,3842.0,,,,,,,,,,,,,,,,,,,,,39.3118335295753,13.516360019746028,12.840878271800653,"rgba(38, 166, 154, 1.0)",0.0,0.0,4.009112646985235,33.707342281877715,4.349505552365815,0.0,0.0,0.0,0.0,0.0,0.0,0.0,0.0,51.00428301501432,6.811916551410128,False,True,False,False,False,16.924062543020668,0,0.9971028037383176,0.8089096573208722,False,False,False,False,0.2753672089793761,0.2724564143189874,False,False,False,False,-302927.0,-303180.6986918525,False,False,False,False,4720.025274755688,False,False,False,False
2025-03-28 17:00:00+00:00,53.42,53.84,53.175,53.29,2252.0,,,,,,,,,,,,,,,,,,,,,39.466167100151075,13.573935042713158,12.880783096163091,"rgba(38, 166, 154, 1.0)",0.0,0.0,4.069797976259794,33.83798335676455,4.779602515089003,0.0,0.0,0.0,0.0,0.0,0.0,0.0,0.0,54.63956742586707,6.811916551410128,False,True,True,False,True,19.68350231999163,0,1.0004912948690388,0.8081800595695027,False,False,False,False,0.31363515629043587,0.29304578530471165,False,False,False,False,-300675.0,-303141.8506501183,False,False,False,False,4681.761317007537,False,False,False,False
2025-03-31 17:00:00+00:00,54.49,54.63,53.24,53.82,10838.0,,,,,,,,,,,,,,,,,,,,,40.18715988229148,13.851896734750744,13.073911135121964,"rgba(38, 166, 154, 1.0)",0.0,0.0,4.127674071828346,34.3941628090881,4.706242996145105,0.0,0.0,0.0,0.0,0.0,0.0,0.0,0.0,57.736441444068326,1.699016328774242,False,False,True,False,True,20.0,0,1.0005178663904712,0.8047034453346329,False,False,False,False,0.32020030364482377,0.30662304447476774,False,False,False,False,-289837.0,-302935.5738958529,False,False,False,False,4777.206877984165,False,False,False,False
2025-04-01 17:00:00+00:00,53.67,54.855,53.565,53.845,3638.0,,,,,,,,,,,,,,,,,,,,,40.41645317029233,13.944785737236142,13.138633969035864,"rgba(38, 166, 154, 1.0)",0.0,0.0,4.193915436043679,34.560105575769526,4.598303117533251,0.0,0.0,0.0,0.0,0.0,0.0,0.0,0.0,59.83476622575737,3.823671461666663,False,False,True,False,True,20.0,0,1.0022396416573345,0.805514360945492,False,False,False,False,0.32443761920426967,0.31553033183951873,False,False,False,False,-286199.0,-302676.0921300257,False,False,False,False,4759.544755844875,False,False,False,False
2025-04-02 17:00:00+00:00,52.22,53.21,51.83,52.09,2862.0,,,,,,,,,,,,,,,,,,,,,40.569662959150186,14.014457264932913,13.187285472728558,"rgba(38, 166, 154, 1.0)",0.0,0.0,4.24812902325235,34.65371866329821,4.10446133845357,0.0,0.0,0.0,0.0,0.0,0.0,0.0,0.0,57.36134575732609,3.823671461666663,False,False,True,False,True,16.63160786235356,0,0.9929315921888101,0.8130466035701449,False,False,False,False,0.2985685637150835,0.30704944777730114,False,False,False,False,-289061.0,-302465.00543033535,False,False,False,False,4730.125457304644,False,False,False,False
2025-04-03 17:00:00+00:00,57.985,59.035,57.725,58.92,3496.0,,,,,,,,,,,,,,,,,,,,,40.846832565060794,14.112883094354629,13.255901935516812,"rgba(38, 166, 154, 1.0)",0.0,0.0,4.494461256033113,34.89485049591332,5.345501526314565,0.0,0.0,0.0,0.0,0.0,0.0,0.0,0.0,62.7341900379083,6.442179705908067,False,False,True,False,True,20.0,0,0.9945854094064108,0.8076668298724115,False,False,False,False,0.34282825294656377,0.3249388503619325,False,False,False,False,-285565.0,-302202.9898422681,False,False,False,False,4710.9917292844175,False,False,False,False
2025-04-04 17:00:00+00:00,65.185,65.98,63.28,64.06,3621.0,,,,,,,,,,,,,,,,,,,,,41.21740587555722,14.227796635642111,13.335949107156363,"rgba(38, 166, 154, 1.0)",0.0,0.0,4.9323245876400525,35.250040663724114,5.841050973910146,0.0,0.0,0.0,0.0,0.0,0.0,0.0,0.0,68.72603043400579,11.900360484379696,True,False,True,False,True,20.0,0,1.0014950166112955,0.7988648947951272,False,False,False,False,0.3428282531085432,0.33388355173523787,False,False,False,False,-281944.0,-301888.8969764965,False,False,False,False,4694.092632706364,False,False,False,False
2025-04-07 17:00:00+00:00,67.41,67.41,63.52,65.23,8408.0,,,,,,,,,,,,,,,,,,,,,42.067874162115416,14.497606463988049,13.52428261330151,"rgba(38, 166, 154, 1.0)",0.0,0.0,5.375108557043363,36.029982639584325,5.43245165200486,0.0,0.0,0.0,0.0,0.0,0.0,0.0,0.0,73.14019327406928,15.804591683141325,True,False,True,False,True,20.0,0,1.0031456774053582,0.7951242000216945,False,False,False,False,0.3428282531275176,0.3383559024313777,False,False,False,False,-273536.0,-301449.3171784113,False,False,False,False,4751.672591889212,False,False,False,False
2025-04-08 17:00:00+00:00,66.77,70.635,65.97,69.135,2837.0,,,,,,,,,,,,,,,,,,,,,42.37895977230178,14.59367633532343,13.591416228975053,"rgba(38, 166, 154, 1.0)",0.0,0.0,5.940532484398935,39.65315381194988,4.962828882002673,-1.0,70.635,65.97,0.0,0.0,0.0,0.0,0.0,77.26584891844286,19.484749576281473,True,False,True,False,True,20.0,0,1.0117370892018775,0.7805559951469115,False,False,False,False,0.34282825318807264,0.34059207780972517,False,False,False,False,-270699.0,-300972.56807487004,False,True,False,False,4721.987745503332,False,True,False,False
2025-04-09 17:00:00+00:00,69.59,70.01,56.18,56.855,5154.0,,,,,,,,,,,,,,,,,,,,,42.767927566926936,14.743002061490213,13.696239100837118,"rgba(239, 83, 80, 1.0)",0.0,0.0,6.025426090125774,39.64128712305827,2.856845743266334,0.0,0.0,0.0,0.0,-1.0,65.97,64.225,0.0,68.31578075145339,26.96576149741665,True,False,True,False,False,13.926913099891014,0,0.9633488509569197,0.7976797458065469,False,False,False,False,0.28015372410572004,0.31037290095772263,False,False,False,False,-275853.0,-300583.1174070426,False,False,False,False,4728.685609914133,False,False,False,False
2025-04-10 17:00:00+00:00,62.925,64.225,60.82,61.77,1384.0,,,,,,,,,,,,,,,,,,,,,42.876630751986696,14.784021473043655,13.725053680922441,"rgba(239, 83, 80, 1.0)",0.0,0.0,6.220910989601229,39.71200118822084,3.5457827396423043,0.0,0.0,0.0,0.0,0.0,0.0,0.0,0.0,64.92729542257172,24.126209570017835,False,False,True,False,False,18.074002637441225,0,0.9682483053870851,0.8128195980497087,False,False,False,False,0.2734004478958032,0.2918866744267629,False,False,False,False,-274469.0,-300178.2473697241,False,False,False,False,4676.830019062751,False,False,False,False
2025-04-11 17:00:00+00:00,61.48,61.48,60.01,60.13,601.0,,,,,,,,,,,,,,,,,,,,,42.91927755526185,14.80116330803347,13.737109777485838,"rgba(239, 83, 80, 1.0)",0.0,0.0,6.367952932422661,39.73211267231049,3.203209499843024,0.0,0.0,0.0,0.0,0.0,0.0,0.0,0.0,61.59607596836159,21.11147287227989,False,False,True,False,False,15.970758881781652,0,0.964141545289299,0.82552347678289,False,False,False,False,0.2525840885970704,0.2722353815119166,False,False,False,False,-275070.0,-299788.97221670515,False,False,False,False,4613.638855976506,False,False,False,False
2025-04-14 17:00:00+00:00,60.29,60.29,58.265,58.765,305.0,,,,,,,,,,,,,,,,,,,,,42.93908750157154,14.80958520537804,13.743038421012354,"rgba(239, 83, 80, 1.0)",0.0,0.0,6.477490482119349,39.73807359638991,2.937391642046031,0.0,0.0,0.0,0.0,0.0,0.0,0.0,0.0,58.47351835159898,18.12310410517901,False,True,True,False,False,14.257710273260429,0,0.9573790454779634,0.8324902814856446,False,False,False,False,0.23555897913793883,0.2538971803249277,False,False,False,False,-275375.0,-299410.4610195469,False,False,False,False,4546.838253558266,False,False,False,False
2025-04-15 17:00:00+00:00,58.595,59.26,58.345,58.615,468.0,,,,,,,,,,,,,,,,,,,,,42.96870305921115,14.822394845597854,13.752058969212134,"rgba(239, 83, 80, 1.0)",0.0,0.0,6.5755706510833125,39.74622287905386,2.869526938751323,0.0,0.0,0.0,0.0,0.0,0.0,0.0,0.0,56.28646507610797,15.854653590877405,False,True,True,False,False,14.069635703566664,0,0.9577763780997035,0.8383605104159376,False,False,False,False,0.23007734353840792,0.2419872619316678,False,False,False,False,-275843.0,-299045.0740269958,False,False,False,False,4483.600451177517,False,False,False,False
2025-04-16 17:00:00+00:00,59.465,61.3,59.195,59.805,1065.0,,,,,,,,,,,,,,,,,,,,,43.0414614895843,14.852418997523147,13.773193171680214,"rgba(239, 83, 80, 1.0)",0.0,0.0,6.692612674764262,39.78226872386509,2.991766033560307,0.0,0.0,0.0,0.0,0.0,0.0,0.0,0.0,55.64976124916083,14.846798373195426,False,True,True,False,False,15.091521243060132,0,0.9595307782719916,0.8283054089557741,False,False,False,False,0.24679675923707595,0.24439201058437188,False,False,False,False,-274778.0,-298668.8403211509,False,False,False,False,4430.5988937949205,False,False,False,False
2025-04-17 17:00:00+00:00,58.915,59.185,58.31,58.875,675.0,,,,,,,,,,,,,,,,,,,,,43.08374003383261,14.87087744291693,13.786199621587636,"rgba(239, 83, 80, 1.0)",0.0,0.0,6.781194634846909,39.797862143055575,2.813241454376144,0.0,0.0,0.0,0.0,0.0,0.0,0.0,0.0,54.44394022434197,13.156141075826767,False,True,True,False,False,13.902492569467434,0,0.952714937312338,0.8364619862935204,False,False,False,False,0.22944351063966778,0.23691776061201983,False,False,False,False,-275453.0,-298308.90481229586,False,False,False,False,4372.37255435624,False,False,False,False
2025-04-18 17:00:00+00:00,58.875,58.875,58.875,58.875,0.0,,,,,,,,,,,,,,,,,,,,,43.08374003383261,14.87087744291693,13.786199621587636,"rgba(239, 83, 80, 1.0)",0.0,0.0,6.849270149189431,39.797862143055575,2.785280393590854,0.0,0.0,0.0,0.0,0.0,0.0,0.0,0.0,53.640059541129396,11.773865212444193,False,True,True,False,False,13.902492569467434,0,0.9551030703262936,0.8381600972231776,False,False,False,False,0.23091312828858443,0.23391544445030213,False,False,False,False,-275453.0,-297954.5496989269,False,False,False,False,4304.583832583275,False,False,False,False
2025-04-21 17:00:00+00:00,61.87,62.505,61.16,61.25,320.0,,,,,,,,,,,,,,,,,,,,,43.10732444502703,14.880189860513154,13.792753103692085,"rgba(239, 83, 80, 1.0)",0.0,0.0,6.960918730783848,39.81423289507548,3.0794451040101003,0.0,0.0,0.0,0.0,0.0,0.0,0.0,0.0,55.05947675512556,11.773865212444193,False,True,True,False,False,15.973971335962922,0,0.9556378749548246,0.8353812793639319,False,False,False,False,0.2652932839022256,0.24960436417626386,False,False,False,False,-275133.0,-297600.7272229745,False,False,False,False,4242.807339054852,False,False,False,False
2025-04-22 17:00:00+00:00,58.095,59.265,57.765,58.095,1089.0,,,,,,,,,,,,,,,,,,,,,43.1730826375788,14.909643559519276,13.813521755293015,"rgba(239, 83, 80, 1.0)",0.0,0.0,7.008076898823291,39.83816270445648,2.605113722226561,0.0,0.0,0.0,0.0,0.0,0.0,0.0,0.0,53.023599952536586,10.149907604038837,False,True,True,False,False,11.976647521188276,0,0.9494138322247678,0.8428580962338442,False,False,False,False,0.22676612043137956,0.2381852423038217,False,False,False,False,-276222.0,-297269.27408773464,False,False,False,False,4193.911101240048,False,False,False,False
2025-04-23 17:00:00+00:00,56.0,56.615,55.295,56.335,1671.0,,,,,,,,,,,,,,,,,,,,,43.257833354288316,14.95238037408394,13.84371416498386,"rgba(239, 83, 80, 1.0)",0.0,0.0,7.028028795953928,39.84742201069271,2.3459747345940407,0.0,0.0,0.0,0.0,0.0,0.0,0.0,0.0,50.22389059226042,7.054611530337709,False,True,False,False,False,9.85431543463909,0,0.9427516158818097,0.8500857406674581,False,False,False,False,0.19748760526427014,0.21783642378404594,False,False,False,False,-277893.0,-296968.8667375372,False,False,False,False,4154.7962004456285,False,False,False,False
2025-04-24 17:00:00+00:00,54.335,54.605,53.9,54.115,997.0,,,,,,,,,,,,,,,,,,,,,43.30055553381265,14.976676489857521,13.860909125027588,"rgba(239, 83, 80, 1.0)",0.0,0.0,7.020244102041831,39.84148558505428,2.0331934627165293,0.0,0.0,0.0,0.0,0.0,0.0,0.0,0.0,46.69944885766881,3.4202096350902025,False,True,False,True,False,7.270456417008301,0,0.9363509627951552,0.8525311492550317,False,False,False,False,0.17820263472128509,0.19801952925266553,False,False,False,False,-278890.0,-296688.5742299785,False,False,False,False,4105.838119818564,False,False,False,False
2025-04-25 17:00:00+00:00,54.665,54.74,54.075,54.125,3404.0,,,,,,,,,,,,,,,,,,,,,43.445342416108254,15.05962809855919,13.919661573367511,"rgba(239, 83, 80, 1.0)",0.0,0.0,7.027310243062641,39.84448018913514,2.0321459159943287,0.0,0.0,0.0,0.0,0.0,0.0,0.0,0.0,44.36117717592949,0.9765601876081718,False,True,False,True,False,7.279934776951734,0,0.9371522948539636,0.8527468706536856,False,False,False,False,0.1799527632902403,0.1889861462714529,False,False,False,False,-275486.0,-296359.8521488935,False,False,False,False,4094.956908658586,False,False,False,False
2025-04-28 17:00:00+00:00,54.825,55.065,53.565,53.75,1269.0,,,,,,,,,,,,,,,,,,,,,43.49743862676671,15.090316102822255,13.941419631340764,"rgba(239, 83, 80, 1.0)",0.0,0.0,7.028820235352572,39.84973284026104,1.977610280858422,0.0,0.0,0.0,0.0,0.0,0.0,0.0,0.0,42.49461912476893,-1.0353991489788044,False,True,False,True,False,6.841671852177267,0,0.9357486983386262,0.8520750966794132,False,False,False,False,0.17890820117392267,0.1839471737226878,False,False,False,False,-276755.0,-296055.9009527867,False,False,False,False,4051.143623253027,False,False,False,False
2025-04-29 17:00:00+00:00,53.615,53.72,52.64,53.135,100.0,,,,,,,,,,,,,,,,,,,,,43.50115286251429,15.092672811801542,13.943092205939594,"rgba(239, 83, 80, 1.0)",0.0,0.0,7.015272282541789,39.84956989501367,1.893786808253823,0.0,0.0,0.0,0.0,0.0,0.0,0.0,0.0,40.718547270500224,-2.98571990954364,False,True,False,True,False,6.118604030830575,0,0.9312534986866465,0.8591051974335787,False,False,False,False,0.16612182348793128,0.17503449860530954,False,False,False,False,-276855.0,-295758.21256592177,False,False,False,False,3989.885582582437,False,False,False,False
2025-04-30 17:00:00+00:00,54.385,54.735,53.465,53.74,685.0,,,,,,,,,,,,,,,,,,,,,43.52865808454901,15.109153836730462,13.954783498388112,"rgba(239, 83, 80, 1.0)",0.0,0.0,6.983862155255106,39.85283542612188,1.9884648730399883,0.0,0.0,0.0,0.0,0.0,0.0,0.0,0.0,40.44682269426822,-3.5936206409802125,False,True,False,True,False,6.724120594900743,0,0.9337612323491654,0.8542148053059477,False,False,False,False,0.17648178769115755,0.17575814314823354,False,False,False,False,-276170.0,-295454.51934784546,False,False,False,False,3938.647046418368,False,False,False,False
2025-05-01 17:00:00+00:00,53.355,53.365,52.395,53.0,470.0,,,,,,,,,,,,,,,,,,,,,43.54554129899009,15.120145756094674,13.962588973984246,"rgba(239, 83, 80, 1.0)",0.0,0.0,6.94293392367156,39.8519984344141,1.893724138833944,0.0,0.0,0.0,0.0,0.0,0.0,0.0,0.0,39.51350539436693,-4.88714121681236,False,True,False,True,False,5.83719822276532,0,0.9294641146287976,0.8589495198961016,False,False,False,False,0.16275130435133411,0.16925472374978384,False,False,False,False,-276640.0,-295162.82137346023,False,False,False,False,3884.8695728304865,False,False,False,False
2025-05-02 17:00:00+00:00,50.62,50.9,50.43,50.805,927.0,,,,,,,,,,,,,,,,,,,,,43.57086088390519,15.140541362293533,13.977102704062977,"rgba(239, 83, 80, 1.0)",0.0,0.0,6.888305580167495,39.837459761058895,1.5921971102034673,0.0,0.0,0.0,0.0,0.0,0.0,0.0,0.0,36.89917425562419,-7.694543473829405,False,True,False,True,False,3.2662885241636914,0,0.9267937739908043,0.8617286033660942,False,False,False,False,0.13797358989150912,0.1536141568206465,False,False,False,False,-277567.0,-294890.01794131356,False,False,False,False,3839.0111298408665,False,False,False,False
2025-05-05 17:00:00+00:00,50.92,51.67,50.78,51.61,601.0,,,,,,,,,,,,,,,,,,,,,43.58864739682167,15.153990223098338,13.986670494387981,"rgba(239, 83, 80, 1.0)",0.0,0.0,6.832781593634264,39.83157500423815,1.7238111352388579,0.0,0.0,0.0,0.0,0.0,0.0,0.0,0.0,36.55637802456877,-8.342876888296686,False,True,False,True,False,4.110003590440854,0,0.9290643929001073,0.8576433591524026,False,False,False,False,-0.03566474985105686,0.05897470348479482,False,False,False,False,-276966.0,-294612.12619028543,False,False,False,False,3788.8094068975975,False,False,False,False
2025-05-06 17:00:00+00:00,52.845,53.075,52.335,52.745,1905.0,,,,,,,,,,,,,,,,,,,,,43.654309496662556,15.19815833680519,14.018072005952567,"rgba(239, 83, 80, 1.0)",0.0,0.0,6.7497280705986915,39.83365811342891,1.9128684521102297,0.0,0.0,0.0,0.0,0.0,0.0,0.0,0.0,38.22695893011934,-8.342876888296686,False,True,False,True,False,5.289628154480521,0,0.9224430441105186,0.8371546291808045,False,False,False,False,-0.003961092334036475,0.02750680557537917,False,False,False,False,-275061.0,-294309.00795477716,False,False,False,False,3759.6030595038364,False,False,False,False
2025-05-07 17:00:00+00:00,51.93,53.125,51.78,52.355,649.0,,,,,,,,,,,,,,,,,,,,,43.675735045438984,15.213062469048673,14.028675944902707,"rgba(239, 83, 80, 1.0)",0.0,0.0,6.6709707027626814,39.83407064402245,1.8769276487441622,0.0,0.0,0.0,0.0,0.0,0.0,0.0,0.0,38.880622461406276,-8.342876888296686,False,True,False,True,True,4.823897896922073,0,0.9178646247200749,0.8367405909123744,False,False,False,False,-0.009367671638839026,0.009069566968270073,False,False,False,False,-275710.0,-294020.6512423,False,False,False,False,3711.376655480521,False,False,False,False
2025-05-08 17:00:00+00:00,49.67,50.46,49.59,50.425,490.0,,,,,,,,,,,,,,,,,,,,,43.687676180057736,15.22362376854001,14.036206706230022,"rgba(239, 83, 80, 1.0)",0.0,0.0,6.579393100930928,39.827670410640806,1.6106849715150413,0.0,0.0,0.0,0.0,0.0,0.0,0.0,0.0,37.22647999493725,-8.37968177514012,False,True,False,True,True,2.552275311663468,0,0.9142822880441298,0.8410840628372706,False,False,False,False,-0.061420184833186925,-0.026175308932458424,False,False,False,False,-276200.0,-293744.3620757527,False,False,False,False,3661.432831364544,False,False,False,False
2025-05-09 17:00:00+00:00,50.955,51.055,50.405,50.635,1136.0,,,,,,,,,,,,,,,,,,,,,43.717487881204,15.248462296732317,14.053914527497938,"rgba(239, 83, 80, 1.0)",0.0,0.0,6.489086102175126,39.81801173254046,1.666950953822867,0.0,0.0,0.0,0.0,0.0,0.0,0.0,0.0,36.5364941586894,-9.30200245478597,False,True,False,True,False,2.7804638631571734,0,0.916658635312259,0.8419911333847341,False,False,False,False,-0.046281191795877384,-0.03622825036416791,False,False,False,False,-275064.0,-293454.7440590744,False,False,False,False,3622.2788339790472,False,False,False,False
2025-05-12 17:00:00+00:00,47.13,47.3,46.84,47.18,405.0,,,,,,,,,,,,,,,,,,,,,43.72261816394572,15.256412836225877,14.059605113849727,"rgba(239, 83, 80, 1.0)",0.0,0.0,6.426228402919352,39.80600790931862,1.147483660451824,0.0,0.0,0.0,0.0,0.0,0.0,0.0,0.0,33.05862298045156,-12.747240950435739,False,True,False,True,False,0.0,0,0.9152477793918034,0.8487605077036647,False,False,False,False,-0.12526423213275822,-0.08074624124846307,False,False,False,False,-275469.0,-293175.8953139725,False,False,False,False,3572.398541979372,False,False,False,False
2025-05-13 17:00:00+00:00,46.65,46.86,46.35,46.75,52.0,,,,,,,,,,,,,,,,,,,,,43.72318765165445,15.257418833406152,14.060325594217371,"rgba(239, 83, 80, 1.0)",0.0,0.0,6.3639984336157704,39.80434489773556,1.0913979905425895,0.0,0.0,0.0,0.0,0.0,0.0,0.0,0.0,30.43722966994951,-15.25337545579572,False,True,False,True,False,0.0,0,0.9053792708258721,0.853520521452618,False,False,False,False,-0.13539058672860807,-0.10806841398853556,False,False,False,False,-275521.0,-292902.1760067791,False,False,False,False,3517.8187196231024,False,False,False,False
2025-05-14 17:00:00+00:00,47.39,47.67,47.295,47.58,103.0,,,,,,,,,,,,,,,,,,,,,43.72464654765597,15.259465974742412,14.061790331664922,"rgba(239, 83, 80, 1.0)",0.0,0.0,6.29705547304703,39.801612147743455,1.235242072354291,0.0,0.0,0.0,0.0,0.0,0.0,0.0,0.0,30.44166346975595,-15.347108435687908,False,True,False,True,False,0.0,0,0.9042568473472514,0.8549846772648918,False,False,False,False,-0.11630258170617895,-0.11218549784735726,False,False,False,False,-275418.0,-292631.10351054993,False,False,False,False,3464.875793737473,False,False,False,False
2025-05-15 17:00:00+00:00,47.3,47.375,47.07,47.16,201.0,,,,,,,,,,,,,,,,,,,,,43.727255208255585,15.263421333804835,14.064621564517083,"rgba(239, 83, 80, 1.0)",0.0,0.0,6.215887974079587,39.795949346237954,1.184714184758529,0.0,0.0,0.0,0.0,0.0,0.0,0.0,0.0,30.05423439664007,-15.927070464281563,False,True,False,True,False,0.0,0,0.903074305705317,0.8545755157788799,False,False,False,False,-0.12194888011670454,-0.1170671889820309,False,False,False,False,-275619.0,-292367.34996775066,False,False,False,False,3414.273068253171,False,False,False,False
2025-05-16 17:00:00+00:00,46.63,46.69,46.185,46.3,100.0,,,,,,,,,,,,,,,,,,,,,43.72824936195936,15.26533891123349,14.065995531189595,"rgba(239, 83, 80, 1.0)",0.0,0.0,6.156418554193285,41.64561968466968,0.756020773175031,0.0,0.0,0.0,0.0,0.0,0.0,0.0,0.0,29.001630386508836,-17.158382970468587,False,True,False,True,False,0.0,0,0.9016389520277543,0.8546476851298,False,False,False,False,-0.1390449169463577,-0.1280560529641943,False,False,False,False,-275719.0,-292109.2360147623,False,False,False,False,3362.8889896756023,False,False,False,False
2025-05-19 17:00:00+00:00,46.905,47.065,46.67,46.775,220.0,,,,,,,,,,,,,,,,,,,,,43.730798878814554,15.269617050736953,14.069059452443069,"rgba(239, 83, 80, 1.0)",0.0,0.0,6.110316135051541,41.65784909740083,0.8374609086500249,0.0,0.0,0.0,0.0,0.0,0.0,0.0,0.0,29.472882108141285,-17.158382970468587,False,True,False,True,False,0.0,0,0.9022126539887572,0.85154885779213,False,False,False,False,-0.12967083511069455,-0.12886344403744443,False,False,False,False,-275499.0,-291851.7129757737,False,False,False,False,3314.1620285953604,False,False,False,False
2025-05-20 17:00:00+00:00,46.61,47.08,46.375,46.73,301.0,,,,,,,,,,,,,,,,,,,,,43.73415888041889,15.27544836432177,14.073236669588754,"rgba(239, 83, 80, 1.0)",0.0,0.0,6.041527559504566,41.64930183860639,0.8409625068085012,0.0,0.0,0.0,0.0,0.0,0.0,0.0,0.0,29.735301489932176,-17.158382970468587,False,True,False,True,False,0.0,0,0.9030141332564174,0.8473944812998749,False,False,False,False,-0.13272029590585763,-0.13079186997165104,False,False,False,False,-275800.0,-291602.84920870746,False,False,False,False,3267.4463382295407,False,False,False,False
2025-05-21 17:00:00+00:00,47.705,49.5,47.665,49.27,2090.0,,,,,,,,,,,,,,,,,,,,,43.77337265060227,15.318556641503516,14.104060384548607,"rgba(239, 83, 80, 1.0)",0.0,0.0,5.930673242399133,41.71433865466054,1.2739972405363842,0.0,0.0,0.0,0.0,0.0,0.0,0.0,0.0,35.600519808203316,-18.044589513274513,False,True,False,True,True,1.4150891826559615,0,0.9088997730259226,0.8367220164854854,False,False,False,False,-0.09249155732099945,-0.11164171364632525,False,False,False,False,-273710.0,-291325.44069384376,False,False,False,False,3249.1913562414857,False,False,False,False
2025-05-22 17:00:00+00:00,49.55,49.59,48.765,49.32,122.0,,,,,,,,,,,,,,,,,,,,,43.775829236552035,15.321100598548796,14.105879381497138,"rgba(239, 83, 80, 1.0)",0.0,0.0,5.822545320477115,41.71510117369838,1.3061124315436767,0.0,0.0,0.0,0.0,0.0,0.0,0.0,0.0,39.605321396768716,-14.477399119122829,False,True,False,True,True,1.472722570328795,0,0.9177707373271888,0.834245391705069,False,False,False,False,-0.08507731330291259,-0.09835951347461891,False,False,False,False,-273588.0,-291050.44161331904,False,False,False,False,3200.707769323013,False,False,False,False
2025-05-23 17:00:00+00:00,49.845,49.885,49.37,49.71,200.0,,,,,,,,,,,,,,,,,,,,,43.78016905279502,15.325323076774875,14.108897442395431,"rgba(239, 83, 80, 1.0)",0.0,0.0,5.731798836395242,43.7522381728753,1.0394227008272967,0.0,0.0,0.0,0.0,0.0,0.0,0.0,0.0,43.06399835489195,-11.48135220060103,False,True,False,True,True,1.928238411201395,0,0.9175272587540229,0.8349344348912051,False,False,False,False,-0.07525265931633313,-0.08680608639547602,False,False,False,False,-273388.0,-290776.60530923656,False,False,False,False,3154.185168248238,False,False,False,False
2025-05-26 17:00:00+00:00,49.71,49.71,49.71,49.71,0.0,,,,,,,,,,,,,,,,,,,,,43.78016905279502,15.325323076774875,14.108897442395431,"rgba(239, 83, 80, 1.0)",0.0,0.0,5.630036866408432,43.7522381728753,1.0582100914243804,0.0,0.0,0.0,0.0,0.0,0.0,0.0,0.0,45.36978299364078,-9.52041522885228,False,True,False,True,True,1.928238411201395,0,0.9184600957029841,0.8352369730925528,False,False,False,False,-0.07345310013244429,-0.08012959326396016,False,False,False,False,-273388.0,-290507.0145292484,False,False,False,False,3105.283072616482,False,False,False,False
2025-05-27 17:00:00+00:00,47.42,47.555,47.18,47.26,100.0,,,,,,,,,,,,,,,,,,,,,43.781479370279776,15.32729107023689,14.110307661310243,"rgba(239, 83, 80, 1.0)",0.0,0.0,5.556040603630444,43.69903053943548,0.6409185451664439,0.0,0.0,0.0,0.0,0.0,0.0,0.0,0.0,42.50439297599439,-9.52041522885228,False,True,False,True,False,0.0,0,0.9169695673865014,0.8366949374005178,False,False,False,False,-0.12478000386572263,-0.1024547985648414,False,False,False,False,-273488.0,-290243.15383887244,False,False,False,False,3058.6895366069243,False,False,False,False
2025-05-28 17:00:00+00:00,47.965,48.38,47.725,48.25,300.0,,,,,,,,,,,,,,,,,,,,,43.78627428217631,15.33333868279313,14.114637762844819,"rgba(239, 83, 80, 1.0)",0.0,0.0,5.487275277674152,43.66730501782138,0.8351494594820207,0.0,0.0,0.0,0.0,0.0,0.0,0.0,0.0,42.85435864598345,-9.52041522885228,False,True,False,True,False,0.13446462618691513,0,0.9193877067437561,0.832614568029951,False,False,False,False,-0.11103424869406066,-0.10674452362945103,False,False,False,False,-273188.0,-289978.73284912243,False,False,False,False,3015.9191561944135,False,False,False,False
2025-05-29 17:00:00+00:00,48.16,48.3,47.9,48.0,200.0,,,,,,,,,,,,,,,,,,,,,43.789426949644195,15.337362833600935,14.11751949936322,"rgba(239, 83, 80, 1.0)",0.0,0.0,5.397938305960519,43.655248526428686,0.8048909096967164,0.0,0.0,0.0,0.0,0.0,0.0,0.0,0.0,42.65842180757533,-9.52041522885228,False,True,False,True,False,0.0,0,0.9198758205559637,0.8334952721757469,False,False,False,False,-0.11817271287357875,-0.11245861825151489,False,False,False,False,-273388.0,-289721.51218479493,False,False,False,False,2972.2614948580663,False,False,False,False
2025-05-30 17:00:00+00:00,49.06,49.12,47.92,48.38,1152.0,,,,,,,,,,,,,,,,,,,,,43.80921425681383,15.360810457560511,14.13430750058007,"rgba(239, 83, 80, 1.0)",0.0,0.0,5.304874278256656,43.639278044421644,0.8936539693333326,0.0,0.0,0.0,0.0,0.0,0.0,0.0,0.0,43.45394445740654,-9.52041522885228,False,True,False,True,False,0.29965179532200636,0,0.9188403055312506,0.8326436020526401,False,False,False,False,-0.10874641819166145,-0.11060251822158818,False,False,False,False,-272236.0,-289450.4189726276,False,False,False,False,2944.0403864106543,False,False,False,False
2025-06-02 17:00:00+00:00,48.39,48.71,48.14,48.225,204.0,,,,,,,,,,,,,,,,,,,,,43.81261488156093,15.364944774392999,14.137268715684474,"rgba(239, 83, 80, 1.0)",0.0,0.0,5.210575587682798,43.63508733648849,0.8808839995261826,0.0,0.0,0.0,0.0,0.0,0.0,0.0,0.0,43.659868799283416,-9.52041522885228,False,True,False,True,False,0.10423084728739695,0,0.9206784793357149,0.8348040027441982,False,False,False,False,-0.1177983233857809,-0.11420042080368453,False,False,False,False,-272440.0,-289186.69154669537,False,False,False,False,2901.559140109714,False,False,False,False
2025-06-03 17:00:00+00:00,46.64,46.905,46.4,46.64,1100.0,,,,,,,,,,,,,,,,,,,,,43.82399927736435,15.386065333783435,14.152429790664671,"rgba(239, 83, 80, 1.0)",0.0,0.0,5.121878558983409,43.54866422404766,0.6035550707328576,0.0,0.0,0.0,0.0,0.0,0.0,0.0,0.0,40.87255545256478,-9.52041522885228,False,True,False,True,False,0.0,0,0.9176132346703114,0.8414243295470613,False,False,False,False,-0.15892047867863088,-0.13656044974115772,False,False,False,False,-273540.0,-288944.10718163033,False,False,False,False,2873.627990650649,False,False,False,False
2025-06-04 17:00:00+00:00,46.815,46.925,46.57,46.92,100.0,,,,,,,,,,,,,,,,,,,,,43.8250868488163,15.387993585573431,14.153814010537339,"rgba(239, 83, 80, 1.0)",0.0,0.0,5.035140821277104,43.542991397231454,0.6706880150200069,0.0,0.0,0.0,0.0,0.0,0.0,0.0,0.0,39.83517777383905,-5.911610313393865,False,True,False,True,False,0.0,0,0.9176722918827189,0.8408362402187233,False,False,False,False,-0.15855932644592763,-0.14755988809354267,False,False,False,False,-273440.0,-288703.73342687637,False,False,False,False,2830.626006299476,False,False,False,False
2025-06-05 17:00:00+00:00,46.96,47.4,46.38,46.98,700.0,,,,,,,,,,,,,,,,,,,,,43.83297062922812,15.40153410731449,14.163534380255545,"rgba(239, 83, 80, 1.0)",0.0,0.0,4.965577243419072,43.509701940369034,0.6988710253637043,0.0,0.0,0.0,0.0,0.0,0.0,0.0,0.0,39.33220999118063,-6.624358821273411,False,True,False,True,False,0.0,0,0.9170468977844677,0.8400442165671009,False,False,False,False,-0.15534311567539436,-0.15145150188446851,False,False,False,False,-272740.0,-288456.233683824,False,False,False,False,2797.5930449614993,False,False,False,False
2025-06-06 17:00:00+00:00,45.84,45.96,45.365,45.435,1113.0,,,,,,,,,,,,,,,,,,,,,43.84004490594759,15.42212985571679,14.178349278979487,"rgba(239, 83, 80, 1.0)",0.0,0.0,4.974831123939053,43.42832540094089,0.403365370414872,0.0,0.0,0.0,0.0,0.0,0.0,0.0,0.0,36.3336548597367,-9.619055351216318,False,True,False,True,False,0.0,0,0.9108054917763928,0.8446417693641347,False,False,False,False,-0.1839030508456865,-0.1676772763650775,False,False,False,False,-273853.0,-288229.8269600438,False,False,False,False,2771.4753233341894,False,False,False,False
2025-06-09 17:00:00+00:00,44.785,44.87,44.43,44.87,7.0,,,,,,,,,,,,,,,,,,,,,43.84006731492925,15.42225559499435,14.178439850300869,"rgba(239, 83, 80, 1.0)",0.0,0.0,5.005829181343864,43.42772184691553,0.2881197301856937,0.0,0.0,0.0,0.0,0.0,0.0,0.0,0.0,33.5358565349286,-12.296495930144829,False,True,False,True,False,0.0,0,0.9108551630498397,0.8466652620736473,False,False,False,False,-0.22906825809108308,-0.19837276722808028,False,False,False,False,-273860.0,-288007.0389451594,False,False,False,False,2728.615240801876,False,False,False,False
2025-06-10 17:00:00+00:00,44.215,44.71,44.2,44.475,400.0,,,,,,,,,,,,,,,,,,,,,43.84096715004868,15.42937475535563,14.183570133290425,"rgba(239, 83, 80, 1.0)",0.0,0.0,5.0496558013108865,43.39214527521842,0.21444129409780271,0.0,0.0,0.0,0.0,0.0,0.0,0.0,0.0,31.125895888692302,-14.555137455791623,False,True,False,True,False,0.0,0,0.9066356938382842,0.8493594255948189,False,False,False,False,-0.23770490923785795,-0.2180388382329691,False,False,False,False,-274260.0,-287793.90655841277,False,False,False,False,2692.512678928979,False,False,False,False
2025-06-11 17:00:00+00:00,44.24,44.89,43.935,44.78,524.0,,,,,,,,,,,,,,,,,,,,,43.84228080378267,15.43871911935059,14.1903044455896,"rgba(239, 83, 80, 1.0)",0.0,0.0,5.085054102487623,45.025069891835244,-0.04819415622645078,0.0,0.0,0.0,0.0,0.0,0.0,0.0,0.0,30.707044610673723,-15.008018035051705,False,True,False,True,False,0.0,0,0.902665665477755,0.8510183968462549,False,False,False,False,-0.2387669123040583,-0.22840287526851372,False,False,False,False,-273736.0,-287575.95451874746,False,False,False,False,2658.892327317677,False,False,False,False
2025-06-12 17:00:00+00:00,45.21,45.32,44.98,45.145,100.0,,,,,,,,,,,,,,,,,,,,,43.84275240333982,15.440539289264768,14.191615249481433,"rgba(239, 83, 80, 1.0)",0.0,0.0,5.131420127267256,45.024904407178404,0.023403968071808622,0.0,0.0,0.0,0.0,0.0,0.0,0.0,0.0,31.85660761063101,-15.008018035051705,False,True,False,True,False,0.0,0,0.909093045664998,0.8466943993983407,False,False,False,False,-0.2407585839062384,-0.23458072958737605,False,False,False,False,-273636.0,-287359.8311928754,False,False,False,False,2619.2195780569377,False,False,False,False
2025-06-13 17:00:00+00:00,45.92,47.105,45.88,46.85,332.0,,,,,,,,,,,,,,,,,,,,,43.8460678344688,15.446878237215307,14.196171999018393,"rgba(239, 83, 80, 1.0)",0.0,0.0,5.13846678678766,45.057992962289525,0.34874352838441897,0.0,0.0,0.0,0.0,0.0,0.0,0.0,0.0,37.95876340151778,-16.639840122522784,False,True,False,True,True,0.0,0,0.9084864801591948,0.8438487650708182,False,False,False,False,-0.2062561636909898,-0.22041844663918292,False,False,False,False,-273304.0,-287141.91132941993,False,False,False,False,2583.7588094048924,False,False,False,False
2025-06-16 17:00:00+00:00,45.655,46.05,45.47,45.8,700.0,,,,,,,,,,,,,,,,,,,,,43.850921132627995,15.459875745638428,14.205527042665512,"rgba(239, 83, 80, 1.0)",0.0,0.0,5.184761943851944,45.03826304438451,0.146918405100306,0.0,0.0,0.0,0.0,0.0,0.0,0.0,0.0,39.616523481785606,-15.214719024031034,False,False,False,True,True,0.0,0,0.9021928049332161,0.8623842289469299,False,False,False,False,-0.2250164559607036,-0.22271745129994325,False,False,False,False,-274004.0,-286938.222781677,False,False,False,False,2554.553246468382,False,False,False,False
2025-06-17 17:00:00+00:00,46.32,46.775,46.19,46.75,100.0,,,,,,,,,,,,,,,,,,,,,43.85189956114642,15.461780499407373,14.206896811293179,"rgba(239, 83, 80, 1.0)",0.0,0.0,5.22036469507165,45.0392963386899,0.3276981132994616,0.0,0.0,0.0,0.0,0.0,0.0,0.0,0.0,43.15566484432006,-11.985131045854047,True,False,False,True,True,0.0,0,0.8846291140144215,0.8584041312676993,False,False,False,False,-0.20651128684558753,-0.21461436907276538,False,False,False,False,-273904.0,-286736.1418083176,False,False,False,False,2516.498157375849,False,False,False,False
2025-06-18 17:00:00+00:00,45.84,46.48,45.51,46.285,809.0,,,,,,,,,,,,,,,,,,,,,43.85839683091774,15.476943762997061,14.217809693136473,"rgba(239, 83, 80, 1.0)",0.0,0.0,5.257626959308183,45.020852541443375,0.2404406908935514,0.0,0.0,0.0,0.0,0.0,0.0,0.0,0.0,44.412963518147045,-10.846044569791573,True,False,False,True,True,0.0,0,0.8880990434388493,0.8571598959948474,False,False,False,False,-0.2189814138681777,-0.21679789147047154,False,False,False,False,-274713.0,-286549.7365089638,False,False,False,False,2490.025317726611,False,False,False,False
2025-06-19 17:00:00+00:00,46.285,46.285,46.285,46.285,0.0,,,,,,,,,,,,,,,,,,,,,43.85839683091774,15.476943762997061,14.217809693136473,"rgba(239, 83, 80, 1.0)",0.0,0.0,5.298807194518937,45.020852541443375,0.23857208087590923,0.0,0.0,0.0,0.0,0.0,0.0,0.0,0.0,45.25116263403171,-9.956960848547126,True,False,False,True,True,0.0,0,0.8873636211712466,0.8586196194523361,False,False,False,False,-0.211555449129251,-0.21417667029986126,False,False,False,False,-274713.0,-286366.2212142511,False,False,False,False,2451.420274040927,False,False,False,False
2025-06-20 17:00:00+00:00,46.425,46.82,46.275,46.5,200.0,,,,,,,,,,,,,,,,,,,,,43.860312590325904,15.480743935282497,14.220543637632733,"rgba(239, 83, 80, 1.0)",0.0,0.0,5.335411968524534,45.019267433706574,0.27752919081577704,0.0,0.0,0.0,0.0,0.0,0.0,0.0,0.0,46.466079027150016,-8.622645008007225,True,False,False,True,True,0.0,0,0.8889848604812975,0.8553468173420665,False,False,False,False,-0.2048534585350467,-0.209515064417454,False,False,False,False,-274513.0,-286182.45034271234,False,False,False,False,2416.5145333581218,False,False,False,False
2025-06-23 17:00:00+00:00,47.33,47.33,45.445,45.49,0.0,,,,,,,,,,,,,,,,,,,,,43.860312590325904,15.480743935282497,14.220543637632733,"rgba(239, 83, 80, 1.0)",0.0,0.0,5.3796376958620264,45.019267433706574,0.08750265220565165,0.0,0.0,0.0,0.0,0.0,0.0,0.0,0.0,44.604943069929675,-8.622645008007225,True,False,False,True,True,0.0,0,0.885700019022256,0.8523397374928664,False,False,False,False,-0.20893628427294195,-0.20922567434519795,False,False,False,False,-274513.0,-286001.5286319726,False,False,False,False,2379.04919175567,False,False,False,False
2025-06-24 17:00:00+00:00,44.325,44.525,44.015,44.24,272.0,,,,,,,,,,,,,,,,,,,,,43.86070175595601,15.485532681575819,14.223999702644315,"rgba(239, 83, 80, 1.0)",0.0,0.0,5.442820548440254,46.45000846608655,-0.40604103082543663,0.0,0.0,0.0,0.0,-1.0,45.445,44.79,0.0,40.83236515623274,-4.0553635979011275,True,False,False,True,False,0.0,0,0.8867270915389361,0.8613866084563183,False,False,False,False,-0.2636788032176585,-0.23645223878142824,False,False,False,False,-274785.0,-285827.62896325986,False,False,False,False,2346.3817624261246,False,False,False,False
2025-06-25 17:00:00+00:00,44.52,44.79,44.37,44.765,127.0,,,,,,,,,,,,,,,,,,,,,43.86105663712382,15.487797708035648,14.225633609229071,"rgba(239, 83, 80, 1.0)",0.0,0.0,5.494111595629102,46.44750093803244,-0.3062371247375047,0.0,0.0,0.0,0.0,0.0,0.0,0.0,0.0,40.111889030365276,-4.833148098460995,True,False,False,True,False,0.0,0,0.8861240588024382,0.8654953985896975,False,False,False,False,-0.2555748690973222,-0.2460135539393752,False,False,False,False,-274658.0,-285654.45642119384,False,False,False,False,2311.9727428536266,False,False,False,False
2025-06-26 17:00:00+00:00,43.89,43.99,43.245,43.3,125.0,,,,,,,,,,,,,,,,,,,,,43.8609004396663,15.489940324915137,14.22718187389403,"rgba(239, 83, 80, 1.0)",0.0,0.0,5.554544691487381,46.41974529440776,-0.5616563494734196,0.0,0.0,0.0,0.0,0.0,0.0,0.0,0.0,37.026023303624164,-7.849303127178082,False,True,False,True,False,0.0,0,0.880424944023629,0.8671097136868181,False,False,False,False,-0.2808489248498476,-0.2634312393946114,False,False,False,False,-274783.0,-285485.9067092374,False,False,False,False,2278.0661887008573,False,False,False,False
2025-06-27 17:00:00+00:00,42.815,43.89,42.775,43.28,0.0,,,,,,,,,,,,,,,,,,,,,43.8609004396663,15.489940324915137,14.22718187389403,"rgba(239, 83, 80, 1.0)",0.0,0.0,5.6292033768250525,46.41974529440776,-0.5577601454823647,0.0,0.0,0.0,0.0,0.0,0.0,0.0,0.0,34.9369500625416,-9.889841140184927,False,True,False,True,False,0.0,0,0.8783571802063033,0.868374768265437,False,False,False,False,-0.28839889518551837,-0.2759150672900649,False,False,False,False,-274783.0,-285319.97017110966,False,False,False,False,2242.747333062084,False,False,False,False
2025-06-30 17:00:00+00:00,43.12,43.35,42.94,43.165,3356.0,,,,,,,,,,,,,,,,,,,,,43.85248874996173,15.546605610203487,14.268178322451137,"rgba(239, 83, 80, 1.0)",0.0,0.0,5.705272938019548,46.050579934683356,-0.5057742137898521,0.0,0.0,0.0,0.0,0.0,0.0,0.0,0.0,33.343003753240055,-11.500258624478796,False,True,False,True,False,0.0,0,0.8778584305911378,0.8696033779295947,False,False,False,False,-0.29338343827483737,-0.2846492527824511,False,False,False,False,-278139.0,-285208.63730023976,False,False,False,False,2260.0070643324393,False,False,False,False
2025-07-01 17:00:00+00:00,42.215,42.41,41.61,42.34,4182.0,,,,,,,,,,,,,,,,,,,,,43.82725657393736,15.6142668104359,14.317283796423954,"rgba(239, 83, 80, 1.0)",0.0,0.0,5.792042256017854,45.686231387304694,-0.5777291047605879,0.0,0.0,0.0,0.0,0.0,0.0,0.0,0.0,30.90590024947563,-13.910462834753112,False,True,False,True,False,0.0,0,0.8775911958635739,0.8731559223945733,False,False,False,False,-0.3238713854936363,-0.30426031913804374,False,False,False,False,-282321.0,-285163.86772969336,False,False,False,False,2289.805404420308,False,False,False,False
2025-07-02 17:00:00+00:00,41.565,41.775,41.15,41.18,2403.0,,,,,,,,,,,,,,,,,,,,,43.80684955004428,15.651891531142667,14.344661083419505,"rgba(239, 83, 80, 1.0)",0.0,0.0,5.9013313507811604,45.495346842390795,-0.7312497105961644,0.0,0.0,0.0,0.0,0.0,0.0,0.0,0.0,27.738064596948274,-16.951644850824906,False,True,False,True,False,0.0,0,0.8778761902500418,0.8704438059506565,False,False,False,False,-0.3387855736152615,-0.32152294637665263,False,False,False,False,-284724.0,-285157.04807496944,False,False,False,False,2291.560359390536,False,False,False,False
2025-07-03 17:00:00+00:00,40.445,40.445,40.445,40.445,0.0,,,,,,,,,,,,,,,,,,,,,43.80684955004428,15.651891531142667,14.344661083419505,"rgba(239, 83, 80, 1.0)",0.0,0.0,6.0216421243606595,45.495346842390795,-0.8386992680882723,0.0,0.0,0.0,0.0,0.0,0.0,0.0,0.0,24.82356700337578,-19.706045979797672,False,True,False,True,False,0.0,0,0.8815776953087828,0.8703016462080121,False,False,False,False,-0.34282825441539394,-0.3321756003960233,False,False,False,False,-284724.0,-285150.3341513265,False,False,False,False,2256.032291803086,False,False,False,False
2025-07-04 17:00:00+00:00,40.445,40.445,40.445,40.445,0.0,,,,,,,,,,,,,,,,,,,,,43.80684955004428,15.651891531142667,14.344661083419505,"rgba(239, 83, 80, 1.0)",0.0,0.0,6.1344248685976535,45.495346842390795,-0.8232795984255519,0.0,0.0,0.0,0.0,0.0,0.0,0.0,0.0,22.880568607660784,-21.5710982792704,False,True,False,True,False,0.0,0,0.8763192533205697,0.8742850305133422,False,False,False,False,-0.34282825441539394,-0.3375019274057086,False,False,False,False,-284724.0,-285143.72431952297,False,False,False,False,2221.0550469689297,False,False,False,False
2025-07-07 17:00:00+00:00,41.755,42.165,41.35,41.695,2350.0,,,,,,,,,,,,,,,,,,,,,43.79018295266254,15.689105725878267,14.371745194522699,"rgba(239, 83, 80, 1.0)",0.0,0.0,6.217932028553592,45.35499980720811,-0.58862010559152,0.0,0.0,0.0,0.0,0.0,0.0,0.0,0.0,26.849134451372606,-21.5710982792704,False,True,False,True,True,0.0,0,0.8751999236112771,0.8747941085197298,False,False,False,False,-0.3083159119892092,-0.32290891969745894,False,False,False,False,-282374.0,-285100.7828572048,False,False,False,False,2223.054193527551,False,False,False,False
2025-07-08 17:00:00+00:00,40.95,41.19,40.81,41.09,3969.0,,,,,,,,,,,,,,,,,,,,,43.75315549381591,15.750018939107193,14.416188981822039,"rgba(239, 83, 80, 1.0)",0.0,0.0,6.310852358873273,45.109438712742346,-0.6369090075591572,0.0,0.0,0.0,0.0,0.0,0.0,0.0,0.0,28.382125387488365,-21.5710982792704,False,True,False,True,True,0.0,0,0.8711847485024247,0.8738946467623845,False,False,False,False,-0.3281427151464397,-0.3255258174219493,False,False,False,False,-286343.0,-285120.0420377132,False,False,False,False,2250.123120759682,False,False,False,False
2025-07-09 17:00:00+00:00,40.73,40.76,40.235,40.255,4384.0,,,,,,,,,,,,,,,,,,,,,43.704438867610335,15.815337647501078,14.463980530813663,"rgba(239, 83, 80, 1.0)",0.0,0.0,6.416666222066273,44.84952994917857,-0.7160306910430273,0.0,0.0,0.0,0.0,0.0,0.0,0.0,0.0,28.04475307978473,-21.5710982792704,False,True,False,True,True,0.0,0,0.8662576098940606,0.877282968218206,False,False,False,False,-0.3414330593389698,-0.33347943838045957,False,False,False,False,-290727.0,-285206.9716185238,False,False,False,False,2283.206483228524,False,False,False,False
2025-07-10 17:00:00+00:00,39.7,39.895,39.39,39.835,8120.0,,,,,,,,,,,,,,,,,,,,,43.59916951497661,15.931945653783336,14.549628048444173,"rgba(239, 83, 80, 1.0)",0.0,0.0,6.5256084028255845,45.26357688284244,-0.8318882390325278,0.0,0.0,0.0,0.0,0.0,0.0,0.0,0.0,27.196133981174135,-21.5710982792704,False,True,False,True,True,0.0,0,0.863538062283737,0.8819925028835061,False,False,False,False,-0.34282825441539394,-0.3381538463979268,False,False,False,False,-298847.0,-285418.4449267637,False,False,False,False,2373.699405969167,False,False,False,False
2025-07-11 17:00:00+00:00,40.68,41.01,40.585,40.96,3985.0,,,,,,,,,,,,,,,,,,,,,43.564117094331785,15.99149328779243,14.593351894780511,"rgba(239, 83, 80, 1.0)",0.0,0.0,6.597219942746627,45.14824753067142,-0.6348503713713872,0.0,0.0,0.0,0.0,0.0,0.0,0.0,0.0,30.872406807340695,-24.56081493888889,False,True,False,True,True,0.0,0,0.8710817307692309,0.8734855769230768,False,False,False,False,-0.31326223012836946,-0.3257080382631481,False,False,False,False,-294862.0,-285564.8566333255,False,False,False,False,2398.6808105277846,False,False,False,False
2025-07-14 17:00:00+00:00,40.61,40.7,40.385,40.385,1723.0,,,,,,,,,,,,,,,,,,,,,43.54725280025982,16.016778664267385,14.611952086154082,"rgba(239, 83, 80, 1.0)",0.0,0.0,6.670313028704255,45.08890581962285,-0.7052001606792078,0.0,0.0,0.0,0.0,0.0,0.0,0.0,0.0,32.1837000117704,-23.159765818806246,False,True,False,True,True,0.0,0,0.8719227324441434,0.8674929195613759,False,False,False,False,-0.31974269919876036,-0.32272536873095425,False,False,False,False,-296585.0,-285735.71156924294,False,False,False,False,2388.2051390467336,False,False,False,False
2025-07-15 17:00:00+00:00,41.63,41.98,41.33,41.955,7161.0,,,,,,,,,,,,,,,,,,,,,43.50730023440492,16.126714116516823,14.692736276267222,"rgba(239, 83, 80, 1.0)",0.0,0.0,6.711243338171026,44.96540953083864,-0.4485621186936506,0.0,0.0,0.0,0.0,0.0,0.0,0.0,0.0,37.74131331921757,-17.88673142286285,False,False,False,True,True,0.0,0,0.8731630932305467,0.862515056612864,False,False,False,False,-0.29165234393778955,-0.3071888563343719,False,False,False,False,-289424.0,-285792.89433561126,False,False,False,False,2462.2019585963963,False,False,False,False
2025-07-16 17:00:00+00:00,41.545,41.645,41.07,41.205,4569.0,,,,,,,,,,,,,,,,,,,,,43.47643943672348,16.19514933774947,14.743179210158141,"rgba(239, 83, 80, 1.0)",0.0,0.0,6.772444716085415,44.86259372505114,-0.5400699272397003,0.0,0.0,0.0,0.0,0.0,0.0,0.0,0.0,39.7559520183534,-16.030565307319797,True,False,False,True,True,0.0,0,0.8721100873288907,0.8613082493324029,False,False,False,False,-0.2991187397609405,-0.3031537980476562,False,False,False,False,-293993.0,-285920.02775676455,False,False,False,False,2494.8654941220334,False,False,False,False
2025-07-17 17:00:00+00:00,40.42,40.55,40.04,40.19,7024.0,,,,,,,,,,,,,,,,,,,,,43.408560535044714,16.295278480887696,14.817313244955507,"rgba(239, 83, 80, 1.0)",0.0,0.0,6.761228443342517,44.64629701648546,-0.6590957625272051,0.0,0.0,0.0,0.0,0.0,0.0,0.0,0.0,39.107274055442346,-16.030565307319797,True,False,False,True,True,0.0,0,0.8682057416267944,0.862846889952153,False,False,False,False,-0.3260575019860245,-0.3146056500168404,False,False,False,False,-301017.0,-286154.089341931,False,False,False,False,2565.084633748048,False,False,False,False
2025-07-18 17:00:00+00:00,40.805,40.875,40.615,40.75,9603.0,,,,,,,,,,,,,,,,,,,,,43.33391230452496,16.43358408560882,14.919898175701785,"rgba(239, 83, 80, 1.0)",0.0,0.0,6.599486803007024,44.42848929421565,-0.5573902038169947,0.0,0.0,0.0,0.0,0.0,0.0,0.0,0.0,40.29363168313256,-15.275788003104417,True,False,False,True,True,0.0,0,0.8704660721582579,0.8592168833978318,False,False,False,False,-0.31459434654497,-0.3145999982809052,False,False,False,False,-291414.0,-286235.63834438164,False,False,False,False,2674.1996006666827,False,False,False,False
2025-07-21 17:00:00+00:00,40.515,41.15,40.37,41.08,6553.0,,,,,,,,,,,,,,,,,,,,,43.28758446326714,16.527529303974504,14.9897596083391,"rgba(239, 83, 80, 1.0)",0.0,0.0,6.373250866206695,44.301170679379695,-0.5054203493635439,0.0,0.0,0.0,0.0,0.0,0.0,0.0,0.0,42.02521718381413,-13.397350859473676,True,False,False,True,True,0.0,0,0.8692841867506068,0.8611625057068023,False,False,False,False,-0.3142136317145934,-0.31440681499774925,False,False,False,False,-284861.0,-286214.3261219881,False,False,False,False,2734.336040966424,False,False,False,False
2025-07-22 17:00:00+00:00,40.71,40.745,40.22,40.43,995.0,,,,,,,,,,,,,,,,,,,,,43.27955986909842,16.541496335512058,15.000170259636556,"rgba(239, 83, 80, 1.0)",0.0,0.0,5.966059459012225,44.27974861206804,-0.6452749320579898,0.0,0.0,0.0,0.0,0.0,0.0,0.0,0.0,41.68844155547889,-13.397350859473676,True,False,False,True,True,0.0,0,0.8682936184494415,0.8611017883684133,False,False,False,False,-0.32127127974340053,-0.3178390473705749,False,False,False,False,-285856.0,-286208.7706782364,False,False,False,False,2707.3695907188826,False,False,False,False
2025-07-23 17:00:00+00:00,39.615,39.855,39.19,39.255,11374.0,,,,,,,,,,,,,,,,,,,,,43.158496818935305,16.693169790950652,15.113777338770399,"rgba(239, 83, 80, 1.0)",0.0,0.0,5.9637627844801395,44.63087475821849,-0.9014233047981806,0.0,0.0,0.0,0.0,0.0,0.0,0.0,0.0,39.18534689017433,-13.397350859473676,True,False,False,True,False,0.0,0,0.8657594528017604,0.8633678521034128,False,False,False,False,-0.34282825441539394,-0.3303336508929844,False,False,False,False,-297230.0,-286379.6424506668,False,False,False,False,2841.735953653473,False,False,False,False
2025-07-24 17:00:00+00:00,40.11,40.3,39.89,40.26,10551.0,,,,,,,,,,,,,,,,,,,,,43.07314600653926,16.83646034174941,15.221301411580567,"rgba(239, 83, 80, 1.0)",0.0,0.0,5.8017758519298885,44.44315226051237,-0.7210123878055197,0.0,0.0,0.0,0.0,0.0,0.0,0.0,0.0,40.548900414690294,-13.397350859473676,True,False,False,True,False,0.0,0,0.8632783510090732,0.8631825907926548,False,False,False,False,-0.32816511759818245,-0.3292493842455834,False,False,False,False,-286679.0,-286384.2836529821,False,False,False,False,2961.259427240241,False,False,False,False
2025-07-25 17:00:00+00:00,40.225,40.26,39.935,40.02,7753.0,,,,,,,,,,,,,,,,,,,,,43.011853249785126,16.940291057912447,15.299478130401333,"rgba(239, 83, 80, 1.0)",0.0,0.0,5.677929234094779,44.305016005685815,-0.7546793609112254,0.0,0.0,0.0,0.0,0.0,0.0,0.0,0.0,40.941498302932445,-13.397350859473676,True,False,False,True,False,0.0,0,0.8633561233057454,0.8626844188557032,False,False,False,False,-0.32810138839986547,-0.3286753863227244,False,False,False,False,-294432.0,-286509.0544490599,False,False,False,False,3035.549978755896,False,False,False,False
2025-07-28 17:00:00+00:00,40.12,40.375,40.04,40.11,8981.0,,,,,,,,,,,,,,,,,,,,,42.9462973421984,17.059945588880392,15.389799810117546,"rgba(239, 83, 80, 1.0)",0.0,0.0,5.577736424538394,44.16209008091179,-0.726475719269423,0.0,0.0,0.0,0.0,0.0,0.0,0.0,0.0,41.49224096609437,-12.830309482587808,True,False,False,True,False,0.0,0,0.8630127094165222,0.8633256306566531,False,False,False,False,-0.3252998417230106,-0.32698761402286747,False,False,False,False,-285451.0,-286492.6505041132,False,False,False,False,3127.727498465107,False,False,False,False
2025-07-29 17:00:00+00:00,40.52,40.78,40.36,40.655,5564.0,,,,,,,,,,,,,,,,,,,,,42.913157126815264,17.134805214872674,15.446378641352407,"rgba(239, 83, 80, 1.0)",0.0,0.0,5.459951111882308,44.09365169710745,-0.6297953272189606,0.0,0.0,0.0,0.0,0.0,0.0,0.0,0.0,43.620488031805856,-10.556440587103381,True,False,False,True,True,0.0,0,0.868605381382542,0.8565769769576348,False,False,False,False,-0.31610202326833725,-0.32154481864560236,False,False,False,False,-279887.0,-286390.23731800285,False,False,False,False,3165.4991651555706,False,False,False,False
2025-07-30 17:00:00+00:00,39.96,41.6,39.845,41.08,3467.0,,,,,,,,,,,,,,,,,,,,,42.89509742091284,17.181692159504756,15.481845220519768,"rgba(239, 83, 80, 1.0)",0.0,0.0,5.284238949865911,44.057272622438134,-0.5634250552794713,0.0,0.0,0.0,0.0,0.0,0.0,0.0,0.0,46.337318600849514,-7.85101795915304,True,False,False,True,True,0.0,0,0.8663543276661515,0.8551487635239565,False,False,False,False,-0.312248094844757,-0.3168964567451797,False,False,False,False,-276420.0,-286235.65999524307,False,False,False,False,3170.173596703546,False,False,False,False
2025-07-31 17:00:00+00:00,41.19,42.085,41.185,41.88,800.0,,,,,,,,,,,,,,,,,,,,,42.89273152760665,17.1928839990588,15.490296850697995,"rgba(239, 83, 80, 1.0)",0.0,0.0,5.111770091511271,44.05325901416856,-0.42514803585895306,0.0,0.0,0.0,0.0,0.0,0.0,0.0,0.0,50.344484298463456,-4.084336451200109,True,False,False,False,True,0.0,0,0.8656218255695837,0.8567455134716778,False,False,False,False,-0.28937004529955507,-0.3031332510223674,False,False,False,False,-275620.0,-286071.0761193478,False,False,False,False,3133.426719235274,False,False,False,False
2025-08-01 17:00:00+00:00,43.63,43.935,43.275,43.56,5169.0,,,,,,,,,,,,,,,,,,,,,42.90166067951304,17.270457028692395,15.548665225346872,"rgba(38, 166, 154, 1.0)",0.0,0.0,4.906892819712371,44.126512136480954,-0.11545231520140675,0.0,0.0,0.0,0.0,0.0,0.0,0.0,0.0,56.40237963010484,1.3910122958806284,True,False,True,False,True,0.0,0,0.8744549112197944,0.8518081287493673,False,False,False,False,-0.24093393209535252,-0.27203359155886,False,False,False,False,-270451.0,-285828.9043965672,False,False,False,False,3164.9859949060447,False,False,False,False
2025-08-04 17:00:00+00:00,42.18,42.27,41.72,41.75,7689.0,,,,,,,,,,,,,,,,,,,,41.91333333333334,42.88318590137871,17.377711319001754,15.629877497964534,"rgba(38, 166, 154, 1.0)",0.0,0.0,4.603574387814843,44.02865661802326,-0.49497551816575763,0.0,0.0,0.0,0.0,0.0,0.0,0.0,0.0,55.228527549882386,1.3910122958806284,True,False,True,False,True,0.0,0,0.8727809231359757,0.8511419249592168,False,False,False,False,-0.2804258474637959,-0.2762297195113279,False,False,False,False,-278140.0,-285709.6965764654,False,False,False,False,3235.1257469230054,False,False,False,False
2025-08-05 17:00:00+00:00,41.53,41.655,41.23,41.315,10245.0,,,,,,,,,,,,,,,,,,,41.39999999999999,41.62008587041374,42.84714200998161,17.51621728791513,15.735214051209297,"rgba(38, 166, 154, 1.0)",0.0,0.0,4.4062390726975345,43.92103784980818,-0.5914426808921979,0.0,0.0,0.0,0.0,0.0,0.0,0.0,0.0,53.421502812427136,1.3910122958806284,True,False,True,False,False,0.0,0,0.8707522230233118,0.8558279259793318,False,False,False,False,-0.294171171063394,-0.285200445287361,False,False,False,False,-288385.0,-285751.17414892325,False,False,False,False,3343.805967900943,False,False,False,False
2025-08-06 17:00:00+00:00,41.535,41.62,41.31,41.415,6442.0,,,,,,,,,,,,,,,,,,,41.418659035976106,41.57469573897823,42.826088863863994,17.602668740886628,15.801133161893576,"rgba(38, 166, 154, 1.0)",0.0,0.0,4.252474703993989,43.868791393233025,-0.5770266877609848,0.0,0.0,0.0,0.0,0.0,0.0,0.0,0.0,52.4645725275639,1.3910122958806284,True,False,True,False,False,0.0,0,0.8686776061776063,0.8599179536679536,False,False,False,False,-0.29360932353877983,-0.28940488441307044,False,False,False,False,-281943.0,-285692.13268925,False,False,False,False,3391.8399839024787,False,False,False,False
2025-08-07 17:00:00+00:00,41.92,42.205,41.705,41.705,8985.0,,,,,,,,,,41.87166666666666,,,,,,,,,41.577208177521555,41.65467786737008,42.80646546667492,17.724331529697874,15.894019906646825,"rgba(38, 166, 154, 1.0)",0.0,0.0,4.151948609057306,43.82587867295918,-0.5108152515020463,0.0,0.0,0.0,0.0,0.0,0.0,0.0,0.0,52.586244703129864,1.3910122958806284,True,False,True,False,False,0.0,0,0.8714351148718692,0.8560304717822617,False,False,False,False,-0.28141746647981475,-0.28541117544644257,False,False,False,False,-272958.0,-285494.7042754632,False,False,False,False,3478.5556430667816,False,False,False,False
2025-08-08 17:00:00+00:00,41.56,41.715,41.37,41.55,7384.0,,,,,,,,,,41.72430844889731,,,,,,,,,41.57001356284285,41.63480152984006,42.78550477024157,17.822066037299024,15.968907801067926,"rgba(38, 166, 154, 1.0)",0.0,0.0,4.043588797140604,43.77763973679981,-0.5509065952440753,0.0,0.0,0.0,0.0,0.0,0.0,0.0,0.0,52.192535998950476,1.3910122958806284,True,False,True,False,False,0.0,0,0.8684604608473021,0.8604656779865706,False,False,False,False,-0.2916754472232389,-0.28854331133484074,False,False,False,False,-280342.0,-285414.8173874715,False,False,False,False,3539.1051679804746,False,False,False,False
2025-08-11 17:00:00+00:00,41.555,41.78,41.505,41.67,6953.0,,,,,,,,,,41.70265171654804,,,,,,,,,41.58420372082948,41.63725998294827,42.76803772470128,17.913776028246872,16.039318328484793,"rgba(38, 166, 154, 1.0)",0.0,0.0,3.9351575194270594,43.738433636935575,-0.5256291842763966,0.0,0.0,0.0,0.0,0.0,0.0,0.0,0.0,52.301741103691086,1.3910122958806284,True,False,True,False,False,0.0,0,0.8684484722188571,0.8631418255833677,False,False,False,False,-0.2891832522256991,-0.2888632817802699,False,False,False,False,-273389.0,-285228.3706062704,False,False,False,False,3592.033770027289,False,False,False,False
2025-08-12 17:00:00+00:00,39.755,39.805,39.08,39.19,18835.0,,,,,,,,,,40.65525183638937,,,,,,,,39.358333333333334,40.871739089796755,40.99211271098552,42.63144649332697,18.13503765771669,16.21122237973516,"rgba(239, 83, 80, 1.0)",0.0,0.0,3.873577274419799,43.43842969851823,-1.0967716396349878,0.0,0.0,0.0,0.0,-1.0,41.505,38.205,414.0,46.28414222109576,0.9769925547914653,True,False,False,True,False,0.0,0,0.8688729616624178,0.863966520756169,False,False,False,False,-0.34282825441539394,-0.31584576809783194,False,False,False,False,-292224.0,-285336.8299767158,False,False,False,False,3828.358827856323,False,False,False,False
2025-08-13 17:00:00+00:00,38.085,38.205,37.555,37.62,1200.0,,,,,,,,,,40.57604196938595,,,,,,,37.79333333333334,39.26459737126695,40.81021609153288,40.93544114390327,42.619129896579174,18.14795178643053,16.221354061163094,"rgba(239, 83, 80, 1.0)",0.0,0.0,3.8172799759010365,43.412605336341485,-1.5174693428071628,0.0,0.0,0.0,0.0,-1.0,39.08,39.065,415.0,40.00549827253606,-4.749132563668702,False,False,False,True,False,0.0,0,0.8658653156813078,0.8645987669072313,False,False,False,False,-0.34282825441539394,-0.32933701125661297,False,False,False,False,-293424.0,-285462.2124576969,False,False,False,False,3787.6090785872325,False,False,False,False
2025-08-14 17:00:00+00:00,39.05,39.065,38.485,38.62,640.0,,,,,,,,,38.72333333333333,40.549091642612,,,,,,,38.1168115942029,39.247842402257156,40.788206913409354,40.91473488560299,42.6138476284299,18.155158109681338,16.22698652395366,"rgba(239, 83, 80, 1.0)",0.0,0.0,3.749111606479384,43.40169957526496,-1.2754220405178167,0.0,0.0,0.0,0.0,0.0,0.0,0.0,0.0,38.832142169008236,-5.661355772131856,False,False,False,True,False,0.0,0,0.8664056010442626,0.8592856295241486,False,False,False,False,-0.32119101906555575,-0.3252640151610844,False,False,False,False,-292784.0,-285575.72854362405,False,False,False,False,3738.808937833942,False,False,False,False
2025-08-15 17:00:00+00:00,38.945,39.08,38.785,39.01,9799.0,,,,,,,,,38.943925823035414,40.259333283763354,,,,,,,38.82529784918521,39.15474995077771,40.533806118733125,40.669496452267644,42.539502788766356,18.26612018450649,16.313771254832535,"rgba(239, 83, 80, 1.0)",0.0,0.0,3.723552584138893,43.252818369810335,-1.139454398437488,0.0,0.0,0.0,0.0,0.0,0.0,0.0,0.0,39.147006439522855,-5.661355772131856,False,False,False,True,False,0.0,0,0.8692450230436642,0.8591248158882501,False,False,False,False,-0.3174137712028257,-0.3213388931819551,False,False,False,False,-282985.0,-285535.5622096143,False,False,False,False,3832.7653884101596,False,False,False,False
2025-08-18 17:00:00+00:00,38.78,38.795,38.56,38.735,3954.0,,,,,,,,,38.875999559971284,40.15234135642136,,,,,,,38.79268015562539,39.102139828046944,40.4362195771816,40.574513511758354,42.50822330138394,18.309998112511693,16.348199968152528,"rgba(239, 83, 80, 1.0)",0.0,0.0,3.6751760293688545,43.19197569884527,-1.2127244146209442,0.0,0.0,0.0,0.0,0.0,0.0,0.0,0.0,38.83340242929853,-5.883632957111999,False,False,False,True,False,0.0,0,0.8668600366134902,0.8594660136468462,False,False,False,False,-0.32353375826555786,-0.32243632572375647,False,False,False,False,-286939.0,-285557.32093504665,False,False,False,False,3834.6449947913975,False,False,False,False
2025-08-19 17:00:00+00:00,39.31,39.53,39.285,39.385,3662.0,,,,,,,,39.4,38.982279793224414,40.10747921144618,,,,,,,38.90818289621744,39.1307763192439,40.38763206528466,40.52437749646415,42.48496703648463,18.3518641098739,16.380992337697585,"rgba(239, 83, 80, 1.0)",0.0,0.0,3.570727222975939,43.14814348433336,-1.0538871354046078,0.0,0.0,0.0,0.0,1.0,39.48,38.795,419.0,40.581455778105536,-5.883632957111999,False,False,False,True,False,0.0,0,0.8660869565217392,0.862370458606313,False,False,False,False,-0.30607447124691023,-0.31425539848533335,False,False,False,False,-283277.0,-285521.9671221002,False,False,False,False,3831.968328205484,False,False,False,False
2025-08-20 17:00:00+00:00,39.86,40.06,39.48,39.635,2971.0,,,,,,,,39.54557138549675,39.087227083927836,40.08982943220001,,,,,,,39.01736869732146,39.173771827281364,40.363348361498296,40.49762020377276,42.46831422289288,18.386230862735594,16.40790314611732,"rgba(239, 83, 80, 1.0)",0.0,0.0,3.463208687678951,43.11743851684747,-1.005552604795933,0.0,0.0,0.0,0.0,0.0,0.0,0.0,0.0,42.48293130827542,-5.883632957111999,True,False,False,True,True,0.0,0,0.8640781370284837,0.8676866820631255,False,False,False,False,-0.29747200710458255,-0.30586370279495795,False,False,False,False,-280306.0,-285441.0994147808,False,False,False,False,3818.619982031755,False,False,False,False
2025-08-21 17:00:00+00:00,39.77,39.91,39.33,39.45,6295.0,,,,,,,,39.554220168110554,39.19692617400534,40.0429365809257,,,,,,,39.13787104238982,39.22555596615705,40.305704057689006,40.43574657563069,42.43164487984666,18.458134817404616,16.464323755035455,"rgba(239, 83, 80, 1.0)",0.0,0.0,3.4070672773564317,43.05048789464296,-1.0567704132442624,0.0,0.0,0.0,0.0,-1.0,39.48,36.6,421.0,43.2595156912314,-5.883632957111999,True,False,False,True,True,0.0,0,0.8574527574238334,0.8709024296182027,False,False,False,False,-0.3010263947186448,-0.30344504875680134,False,False,False,False,-286601.0,-285459.08236959035,False,False,False,False,3857.0134706824256,False,False,False,False
2025-08-22 17:00:00+00:00,36.515,36.6,36.23,36.43,16802.0,,,,,,,,37.78290609933849,38.139475103687424,39.34709089696692,,,,,,36.419999999999995,38.130310438408756,38.490823721645526,39.678945107375654,39.83253732477471,42.23570298041896,18.6194535567029,16.59326780347722,"rgba(239, 83, 80, 1.0)",0.0,0.0,3.4035046285787947,42.69241886550431,-1.8399912880739386,0.0,0.0,0.0,0.0,-1.0,39.33,37.18,428.0,38.26685378513265,-6.756137489095444,False,False,False,True,False,0.0,0,0.853015615300129,0.8790411155150183,False,False,False,False,-0.34282825441539394,-0.3231366515860976,False,False,False,False,-303403.0,-285737.28264293005,False,False,False,False,4057.7109362532406,False,False,False,False
2025-08-25 17:00:00+00:00,36.745,37.18,36.735,37.175,10745.0,,,,,,,37.029999999999994,37.58303022441836,37.922202558868555,39.09362037838296,,,,,,36.65793698043344,37.919444424627244,38.28126534762738,39.43125195802005,39.586917276368055,42.12941125107604,18.724591204963016,16.677368744608675,"rgba(239, 83, 80, 1.0)",0.0,0.0,3.4481168812886174,42.509679237233506,-1.5471283082607838,0.0,0.0,0.0,0.0,0.0,0.0,0.0,0.0,37.1585687536365,-7.837625177180541,False,False,False,True,False,0.0,0,0.8558567187051049,0.8738866009002967,False,False,False,False,-0.33027901521347985,-0.3267078333997887,False,False,False,False,-292658.0,-285844.58058645047,False,False,False,False,4161.389836466368,False,False,False,False
2025-08-26 17:00:00+00:00,36.465,36.685,36.39,36.49,11450.0,,,,,,,36.76776000600736,37.348988573262716,37.6803958704022,38.82511005242762,,,,,36.52166666666667,36.61792633621389,37.68240311225649,38.047950872195145,39.16760662488195,39.325098121859085,42.009996128521934,18.832238824945577,16.76400983446781,"rgba(239, 83, 80, 1.0)",0.0,0.0,3.5099996111496616,42.31013463640093,-1.6581581997653296,0.0,0.0,0.0,0.0,0.0,0.0,0.0,0.0,35.398887345130014,-9.60434038782062,False,True,False,True,False,0.0,0,0.8472278964696837,0.8799596260604166,False,False,False,False,-0.3399855828614442,-0.33334670813061645,False,False,False,False,-304108.0,-286127.73437580786,False,False,False,False,4274.391544428129,False,False,False,False
2025-08-27 17:00:00+00:00,36.12,36.235,36.01,36.075,614.0,,,,,,,36.74996390313765,37.33447010791983,37.66595928205741,38.80997595710662,,,,36.10666666666667,36.50054514809903,36.61000143057905,37.668202704553906,38.03424511596353,39.152805267662124,39.31042380475005,42.003262713779826,18.837840030418096,16.768537407989836,"rgba(239, 83, 80, 1.0)",0.0,0.0,3.5627650209626642,42.299021717369826,-1.7469638555304114,0.0,0.0,0.0,0.0,-1.0,36.39,36.185,425.0,33.62676518236503,-11.403622858356584,False,True,False,True,False,0.0,0,0.8432660949390025,0.8828602488223215,False,False,False,False,-0.34282825441539394,-0.3380874812730052,False,False,False,False,-304722.0,-286416.01756377984,False,False,False,False,4217.641287925367,False,False,False,False
2025-08-28 17:00:00+00:00,36.07,36.185,35.84,35.95,615.0,,,,,,,36.73005471596083,37.318933664446696,37.650715230382794,38.79434748370963,,,,36.049119880661785,36.47586179246523,36.600547945773044,37.65320467317362,38.01990214884337,39.13756829765944,39.295336314803855,41.99640247877555,18.84340938114533,16.773043275375358,"rgba(239, 83, 80, 1.0)",0.0,0.0,3.618508350782844,42.287702181119215,-1.751468164982426,0.0,0.0,0.0,0.0,0.0,0.0,0.0,0.0,32.25740686977709,-12.852212415030287,False,True,False,True,False,0.0,0,0.8402517571572012,0.8896235887639895,False,False,False,False,-0.34282825441539394,-0.34045786784419957,False,False,False,False,-305337.0,-286709.36612868245,False,False,False,False,4161.786384236601,False,False,False,False
2025-08-29 17:00:00+00:00,36.345,36.6,36.32,36.33,9456.0,,,,,,36.416666666666664,36.63992705798864,37.18266411116434,37.499173560337475,38.60754663786418,,,,36.37439104663859,36.450573827272045,36.56554972961367,37.503687347885204,37.86367268492756,38.94983090959062,39.10726492832927,41.9001878570378,18.93069959462747,16.84358496797555,"rgba(239, 83, 80, 1.0)",0.0,0.0,3.671001645475192,42.132244544461905,-1.5805616844693178,0.0,0.0,0.0,0.0,0.0,0.0,0.0,0.0,32.759743131920274,-12.852212415030287,False,True,False,True,False,0.0,0,0.8293912656632314,0.8931069424878276,False,False,False,False,-0.3325979389338273,-0.3365279033890134,False,False,False,False,-295881.0,-286851.56200265634,False,False,False,False,4243.867215488747,False,False,False,False
2025-09-01 17:00:00+00:00,36.33,36.33,36.33,36.33,0.0,,,,,,36.416666666666664,36.63992705798864,37.18266411116434,37.499173560337475,38.60754663786418,,,,36.37439104663859,36.450573827272045,36.56554972961367,37.503687347885204,37.86367268492756,38.94983090959062,39.10726492832927,41.9001878570378,18.93069959462747,16.84358496797555,"rgba(239, 83, 80, 1.0)",0.0,0.0,3.7110197780116008,42.132244544461905,-1.563517548152439,0.0,0.0,0.0,0.0,0.0,0.0,0.0,0.0,33.09463397334906,-12.852212415030287,False,True,False,True,False,0.0,0,0.8259083098837067,0.890953009437956,False,False,False,False,-0.3355628744677933,-0.33604538892840335,False,False,False,False,-295881.0,-286991.55328943685,False,False,False,False,4178.070824550937,False,False,False,False
2025-09-02 17:00:00+00:00,37.135,37.165,36.715,36.765,6466.0,,,,,36.88166666666667,36.605505380396096,36.679653797929475,37.15448863087999,37.45133784199323,38.51955569047355,,,,36.56563611451227,36.54803357691456,36.60195373536605,37.45618488860543,37.802325771628794,38.85664945568229,39.01208947853423,41.84170338569641,18.991465050421084,16.892669372063548,"rgba(239, 83, 80, 1.0)",0.0,0.0,3.7368894035567726,42.040644181276015,-1.4117742356128213,0.0,0.0,0.0,0.0,0.0,0.0,0.0,0.0,35.0901219678008,-12.852212415030287,False,True,False,True,True,0.0,0,0.8240945118892344,0.8965837262967792,False,False,False,False,-0.3216987353483569,-0.32887206213838016,False,False,False,False,-289415.0,-287029.1261066549,False,False,False,False,4213.542594712938,False,False,False,False
2025-09-03 17:00:00+00:00,36.995,37.25,36.785,36.9,11876.0,,,,,36.94425598807836,36.76478679521309,36.74890369372535,37.12864590539249,37.39242125963605,38.387592512484794,,,,36.734485536454564,36.67428403784866,36.667664133247094,37.397404371018695,37.717512682729534,38.713094363178854,38.86398312463974,41.73978818464146,19.102604223952238,16.982631252754693,"rgba(239, 83, 80, 1.0)",0.0,0.0,3.7022396411308693,41.44657082314712,-1.2280595703843595,0.0,0.0,0.0,0.0,-1.0,36.715,36.58,0.0,36.974018497567016,-12.852212415030287,False,True,False,True,True,0.0,0,0.8228997564935066,0.9008725649350648,False,False,False,False,-0.31994593730172505,-0.3244089997200526,False,False,False,False,-277539.0,-286881.9923685672,False,False,False,False,4332.340383942194,False,False,False,False
2025-09-04 17:00:00+00:00,36.565,36.58,35.92,35.94,3144.0,,,,,36.827546464364396,36.701979940964826,36.714076168929104,37.091933782026885,37.352653849668485,38.33792265320605,,,36.14666666666667,36.677039310766425,36.636255817152296,36.64464794570594,37.35795850093792,37.67584399221536,38.66219739738729,38.81258654089109,41.708930341274424,19.13043896884444,17.00532765380813,"rgba(239, 83, 80, 1.0)",0.0,0.0,3.6783457626424974,41.3913801152642,-1.4820194911062323,0.0,0.0,0.0,0.0,-1.0,36.785,36.1,432.0,35.798457106151524,-12.852212415030287,False,True,False,True,True,0.0,0,0.813610304136566,0.9170630125716634,False,False,False,False,-0.33739027834014956,-0.3308996390301011,False,False,False,False,-280683.0,-286785.8839597522,False,False,False,False,4313.91650202061,False,False,False,False
2025-09-05 17:00:00+00:00,35.78,36.1,35.575,35.62,1900.0,,,,,36.741219675589385,36.64777307512738,36.68202760103792,37.06261643952431,37.322605315323386,38.30391438138568,,,36.002898493259316,36.62617861720133,36.599890490103476,36.6217743061258,37.3281656970735,37.64569548705684,38.627886033422044,38.7781447996098,41.68917836729841,19.14683988586455,17.018744660118404,"rgba(239, 83, 80, 1.0)",0.0,0.0,3.6416275591114116,41.35565718151586,-1.5750257510999865,0.0,0.0,0.0,0.0,-1.0,35.92,35.815,432.0,34.313288196036396,-12.852212415030287,False,True,False,True,False,0.0,0,0.8111209179170347,0.919552463527335,False,False,False,False,-0.34282825441539394,-0.33686394672274755,False,False,False,False,-282583.0,-286720.7229681281,False,False,False,False,4276.491439973778,False,False,False,False
2025-09-08 17:00:00+00:00,35.7,35.815,35.44,35.53,2058.0,,,,,36.64850940627784,36.585692645654255,36.643671130237976,37.028315276232,37.28790042656202,38.26567849075928,,,35.884698676429174,36.56744005277386,36.556424578070164,36.593646873252936,37.29375220701033,37.611238739842044,38.589473570843914,38.739650781525434,41.66732173043211,19.16438686364717,17.033124167494158,"rgba(239, 83, 80, 1.0)",0.0,0.0,3.5966617254849,41.316838776657356,-1.608947190016091,0.0,0.0,0.0,0.0,0.0,0.0,0.0,0.0,33.11925244557458,-12.977130262812949,False,True,False,True,False,0.0,0,0.808620420076093,0.9150987647886589,False,False,False,False,-0.34282825441539394,-0.3398461005690707,False,False,False,False,-284641.0,-286688.47920118034,False,False,False,False,4242.096223850153,False,False,False,False
2025-09-09 17:00:00+00:00,36.13,36.185,35.83,35.92,1827.0,,,,35.97833333333333,36.603611467615174,36.55547930223905,36.62346245282705,37.00697242279606,37.26495531004852,38.23737156604416,,,35.903857654832564,36.53908358801419,36.53504716026394,36.57903824412303,37.27096677854258,37.58723952677065,38.56044112635255,38.71032100437772,41.649265967629596,19.180295638282747,17.046134250741193,"rgba(239, 83, 80, 1.0)",0.0,0.0,3.597113332149096,41.287989134819256,-1.4923047007841002,0.0,0.0,0.0,0.0,0.0,0.0,0.0,0.0,34.32938251100096,-12.977130262812949,False,True,False,True,False,0.0,0,0.8031533307055578,0.9186966233083693,False,False,False,False,-0.33423884224447953,-0.3370424714067751,False,False,False,False,-282814.0,-286628.4097562008,False,False,False,False,4204.652871542399,False,False,False,False
2025-09-10 17:00:00+00:00,35.94,36.35,35.82,36.075,7378.0,,,,36.06115716096324,36.492470922681754,36.476218682689044,36.56426759861195,36.93677937260304,37.186763216661284,38.134765970578044,,,35.98430622840907,36.46464007882237,36.47613899455246,36.5355239077761,37.19321311688465,37.502887111104364,38.45392497010219,38.60220599083907,41.578809972208276,19.244628499791062,17.09877754829585,"rgba(239, 83, 80, 1.0)",0.0,0.0,3.564090928153291,41.18226591649251,-1.4329785685739513,0.0,0.0,0.0,0.0,0.0,0.0,0.0,0.0,35.9245549242265,-12.977130262812949,False,True,False,True,True,0.0,0,0.8077925531914895,0.9142287234042552,False,False,False,False,-0.3324929149546504,-0.33476769318071276,False,False,False,False,-275436.0,-286454.88402354653,False,False,False,False,4253.852051828564,False,False,False,False
2025-09-11 17:00:00+00:00,34.945,35.075,34.705,34.77,11724.0,,,,35.38269156035486,36.07722219826192,36.13471538089524,36.310673749469,36.71229113714982,36.96470858729952,37.903794319860694,,34.85000000000001,35.50988126241185,36.132871697804575,36.197852464918945,36.329797164818764,36.97269045937152,37.28601080112405,38.223566141460395,38.372018699625166,41.446168634717175,19.338450196763787,17.17644501348289,"rgba(239, 83, 80, 1.0)",0.0,0.0,3.5585419779748904,40.967338570147064,-1.741538699980116,0.0,0.0,0.0,0.0,-1.0,35.82,35.515,437.0,33.577760016261294,-12.977130262812949,False,True,False,True,False,0.0,0,0.8096873835010918,0.9124727059700698,False,False,False,False,-0.34282825441539394,-0.3387979737980533,False,False,False,False,-287160.0,-286465.8160541892,False,False,False,False,4369.668299087036,False,False,False,False
2025-09-12 17:00:00+00:00,35.285,35.515,35.08,35.47,8805.0,,,35.355,35.37449137911706,35.96197397513502,36.02849583810379,36.215115056742896,36.610829626107915,36.857480739793665,37.775946594659466,,35.06659725266696,35.47285961197379,36.02888068161689,36.101861933525626,36.24794432258884,36.86590040310589,37.17431065065434,38.09216947153943,38.23913731237766,41.357307386003406,19.41044400592386,17.23598367017883,"rgba(239, 83, 80, 1.0)",0.0,0.0,3.5178733184532263,40.83989159641453,-1.5264596278229883,0.0,0.0,0.0,0.0,0.0,0.0,0.0,0.0,35.24471872468438,-12.977130262812949,False,True,False,True,False,0.0,0,0.8079099060631939,0.91441609735269,False,False,False,False,-0.333821772032298,-0.33630987291517567,False,False,False,False,-278355.0,-286340.06696807774,False,False,False,False,4438.43313165933,False,False,False,False
2025-09-15 17:00:00+00:00,35.195,35.335,35.025,35.185,5545.0,,,35.28802206736353,35.344184028269886,35.890719194813606,35.96158596826211,36.15389403473535,36.546575058310964,36.790010624960665,37.69650632582849,,35.09106836951241,35.43476082049346,35.963092510643065,36.0402808821518,36.19439140739399,36.79867701750093,37.104272993114066,38.010565901468034,38.156621215587215,41.30108694343522,19.454962052951775,17.2729219790944,"rgba(239, 83, 80, 1.0)",0.0,0.0,3.478693826530177,40.76010549695643,-1.6026433411408654,0.0,0.0,0.0,0.0,0.0,0.0,0.0,0.0,35.60027392905474,-12.977130262812949,False,True,False,True,True,0.0,0,0.8168292814403537,0.9124845021831707,False,False,False,False,-0.3364133211623874,-0.33636159703878155,False,False,False,False,-283900.0,-286302.2364724486,False,False,False,False,4455.589207137479,False,False,False,False
2025-09-16 17:00:00+00:00,35.5,35.54,35.225,35.295,5409.0,,,35.30590093965619,35.34540032278149,35.846765887417085,35.91806003157468,36.11015961028293,36.496441888945846,36.73571930927679,37.62854511185466,,35.13612732797595,35.425544639743315,35.920156866318656,35.9981847500576,36.1551104644804,36.74451230355308,37.04623026087312,37.9398254658864,38.084713746672485,41.24873401300766,19.498618120941774,17.309152087112054,"rgba(239, 83, 80, 1.0)",0.0,0.0,3.4697416953474876,40.68840690200131,-1.5544116466171616,0.0,0.0,0.0,0.0,0.0,0.0,0.0,0.0,36.36557390568799,-12.977130262812949,False,True,False,True,True,0.0,0,0.8136174580024849,0.9083076756873547,False,False,False,False,-0.3319497282209823,-0.33415566262988194,False,False,False,False,-278491.0,-286181.1320310153,False,False,False,False,4470.370769817518,False,False,False,False
2025-09-17 17:00:00+00:00,34.895,35.69,33.58,35.18,4239.0,,,35.21948273467233,35.295512683538476,35.78471489202465,35.85957347346972,36.057054879210206,36.4428961405514,36.680520535055926,37.56605106144255,,35.0982180915589,35.37593704152171,35.8624474437426,35.94404280082734,36.107850810336544,36.689508482866,36.98977499218481,37.875997494592234,38.020312069497194,41.20466843313418,19.531511483317907,17.336602619798217,"rgba(239, 83, 80, 1.0)",0.0,0.0,3.4495984268182185,40.62604311230325,-1.57874698398633,0.0,0.0,0.0,0.0,0.0,0.0,0.0,0.0,36.51659250103133,-12.977130262812949,False,True,False,True,True,0.0,0,0.8026778287584857,0.9113740642356919,False,False,False,False,-0.34282825441539394,-0.3384919585226379,False,False,False,False,-282730.0,-286127.6261080538,False,False,False,False,4466.783626099416,False,False,False,False
2025-09-18 17:00:00+00:00,33.49,33.68,33.33,33.385,3100.0,,,35.01877063497921,35.177358534435484,35.686837958741094,35.77005886703567,35.981499688139586,36.375058029163995,36.6142757774322,37.50046166505874,,34.96780296395515,35.26848171258926,35.77413422691193,35.86366047458668,36.041325126739366,36.62360413342652,36.92569155684842,37.811042990781466,37.95559614647254,41.166085156257125,19.553357964722327,17.35507479678882,"rgba(239, 83, 80, 1.0)",0.0,0.0,3.4633822751443715,40.56746543993071,-2.0738298199067002,0.0,0.0,0.0,0.0,0.0,0.0,0.0,0.0,32.53014976152008,-13.924097312922711,False,True,False,True,False,0.0,0,0.7982262238516284,0.9122546905326719,False,False,False,False,-0.34282825441539394,-0.3406601064690159,False,False,False,False,-285830.0,-286123.01174978935,False,False,False,False,4445.593182283921,False,False,False,False
2025-09-19 17:00:00+00:00,33.785,34.065,33.745,33.96,5565.0,,33.92333333333333,34.832134117094775,35.0471404003085,35.56266791926043,35.65392376335338,35.87915779096227,36.27873446243922,36.51830557317935,37.40062656723304,,34.836853057576924,35.14514578596456,35.659337167441294,35.756931070497814,35.949755771013635,36.52803619543073,36.83079893491752,37.71091894472648,37.8553175479208,41.101843819763886,19.59369095875341,17.389069808556204,"rgba(239, 83, 80, 1.0)",0.0,0.0,3.4891298032294813,40.4740511120433,-1.8669557968333532,0.0,0.0,0.0,0.0,0.0,0.0,0.0,0.0,32.56715885584396,-13.945337985535978,False,True,False,True,False,0.0,0,0.7974307767042694,0.9106169374426513,False,False,False,False,-0.33433798651980257,-0.3374990464944092,False,False,False,False,-280265.0,-286032.1898621957,False,False,False,False,4462.948326744636,False,False,False,False
2025-09-22 17:00:00+00:00,33.8,33.84,33.43,33.555,7543.0,,33.74206654968976,34.60253830274088,34.869616531719416,35.39240092863166,35.493254334357275,35.73577111533385,36.14371890688991,36.384122590912604,37.26239613283785,,34.65840660504526,34.97526469022182,35.5002780919285,35.607853005745966,35.820141652172424,36.39438495507195,36.698419808623385,37.572536988841485,37.71682673698924,41.012824327736645,19.646805851999243,17.434052170982284,"rgba(239, 83, 80, 1.0)",0.0,0.0,3.52879528609575,40.34555453425771,-1.9243265714545772,0.0,0.0,0.0,0.0,0.0,0.0,0.0,0.0,31.74030952288807,-14.86628236238085,False,True,False,True,False,0.0,0,0.7920489296636088,0.9159427349733431,False,False,False,False,-0.34006374849231885,-0.338781397493364,False,False,False,False,-287808.0,-286059.72180231666,False,False,False,False,4510.701065864874,False,False,False,False
2025-09-23 17:00:00+00:00,33.15,33.83,33.115,33.725,9999.0,,33.66183919735722,34.39423892042625,34.68506082417221,35.2023420447721,35.310634230529836,35.56746274209911,35.98121962710756,36.221249167055525,37.09159346602869,,34.480520676904206,34.79395989910867,35.3190956651719,35.43508496682475,35.665400189160856,36.23204268007773,36.536168808362945,37.400660317460314,37.54444784250671,40.89722865849248,19.71633919657405,17.493108350117385,"rgba(239, 83, 80, 1.0)",0.0,0.0,3.564661672282273,40.183119209432206,-1.8117060756841468,0.0,0.0,0.0,0.0,0.0,0.0,0.0,0.0,32.01964633613419,-14.86628236238085,False,True,False,True,False,0.0,0,0.7898399631725745,0.9174903192612851,False,False,False,False,-0.34282825441539394,-0.340804825954379,False,False,False,False,-277809.0,-285931.80363483884,False,False,False,False,4595.790971820457,False,False,False,False
2025-09-24 17:00:00+00:00,33.66,33.91,33.55,33.91,3344.0,,33.67804159893136,34.35650572372967,34.6448733406733,35.155076459638515,35.264144069191246,35.52270561939328,35.93613657618191,36.175296943149164,37.04147349004155,,34.44514462335116,34.752807142273426,35.27286625921808,35.390014515076295,35.62348059989483,36.18619739883041,36.48954417140536,37.34970830221111,37.49313182755792,40.86056882101909,19.739828042281836,17.5130477766907,"rgba(239, 83, 80, 1.0)",0.0,0.0,3.5846545777022722,40.13326129244861,-1.7360839538513249,0.0,0.0,0.0,0.0,1.0,34.45,33.83,445.0,33.14547073285609,-14.86628236238085,False,True,False,True,False,0.0,0,0.786380341177116,0.9210136580549613,False,False,False,False,-0.3373623564792637,-0.33908359121682136,False,False,False,False,-274465.0,-285754.0237335235,False,False,False,False,4576.383359854249,False,False,False,False
2025-09-25 17:00:00+00:00,34.58,34.99,34.45,34.56,7972.0,34.66666666666667,33.906996630160066,34.396696927336464,34.64698051344248,35.1189891622024,35.223555318846756,35.474228325779855,35.876781874130025,36.110250995599344,36.95853097864659,,34.46925512549207,34.74513883925912,35.23211179888513,35.34566649234658,35.5750739854631,36.121103931462265,36.41863294491181,37.26238438372233,37.403939806568225,40.785328999764346,19.798984055611484,17.562936196914368,"rgba(239, 83, 80, 1.0)",0.0,0.0,3.578104406546091,40.03791524925715,-1.5309545577360413,0.0,0.0,0.0,0.0,0.0,0.0,0.0,0.0,36.950011926895584,-16.32846270178404,False,True,False,True,True,0.0,0,0.7876373626373627,0.9222527472527474,False,False,False,False,-0.31652440301945317,-0.32780399711813724,False,False,False,False,-266493.0,-285455.40321052313,False,False,False,False,4629.028579081315,False,False,False,False
2025-09-26 17:00:00+00:00,34.075,34.17,33.925,34.0,3194.0,34.48502686727566,33.91758216586472,34.37868090859924,34.624033051546704,35.087726487109315,35.19197438279799,35.442224394772914,35.842853458301185,36.074954259728884,36.918140028573724,34.031666666666666,34.45097051243476,34.720568182635006,35.200625165950854,35.314163557844125,35.54441128112625,36.08584783041279,36.38200143182495,37.220798503502785,37.36183648393686,40.752618901757906,19.821547033431628,17.582103719342943,"rgba(239, 83, 80, 1.0)",0.0,0.0,3.5345137247251817,39.99508115327407,-1.6961544416524243,0.0,0.0,0.0,0.0,0.0,0.0,0.0,0.0,37.69145389824334,-15.643343032363923,False,True,False,True,True,0.0,0,0.7831205712867739,0.9255838319225783,False,False,False,False,-0.3306494551962956,-0.32922672615721643,False,False,False,False,-269687.0,-285210.9318429181,False,False,False,False,4606.780073979278,False,False,False,False
