date,Open,High,Low,Close,Volume,Gap_Up_aVWAP_846,Gap_Up_aVWAP_828,Gap_Up_aVWAP_816,Gap_Up_aVWAP_792,Gap_Up_aVWAP_756,Gap_Up_aVWAP_702,Gap_Up_aVWAP_690,Gap_Up_aVWAP_600,Gap_Up_aVWAP_594,Gap_Up_aVWAP_510,Gap_Down_aVWAP_888,Gap_Down_aVWAP_876,Gap_Down_aVWAP_804,Gap_Down_aVWAP_798,Gap_Down_aVWAP_774,Gap_Down_aVWAP_738,Gap_Down_aVWAP_672,Gap_Down_aVWAP_660,Gap_Down_aVWAP_642,Gap_Down_aVWAP_624,aVWAP_OB_bull_590,aVWAP_OB_bull_344,aVWAP_OB_bear_844,aVWAP_OB_bear_792,color,Liquidity,Liquidity_Level,StDev,StDev_Mean,StdDev_ZScore,OB,OB_High,OB_Low,OB_Mitigated_Index,FVG,FVG_High,FVG_Low,FVG_Mitigated_Index,QQEMOD,QQE1_Value,QQE1_Above_Upper,QQE1_Below_Lower,QQE2_Above_Threshold,QQE2_Below_Threshold,QQE2_Above_TL,banker_RSI,TTM_squeeze_Active,VI_plus,VI_minus,VI_Regular_Bullish,VI_Regular_Bearish,VI_Hidden_Bullish,VI_Hidden_Bearish,Fisher,Fisher_Signal,Fisher_Regular_Bullish,Fisher_Regular_Bearish,Fisher_Hidden_Bullish,Fisher_Hidden_Bearish,OBV,OBV_Smoothed,OBV_Regular_Bullish,OBV_Regular_Bearish,OBV_Hidden_Bullish,OBV_Hidden_Bearish,Volume_MA,Vol_Regular_Bullish,Vol_Regular_Bearish,Vol_Hidden_Bullish,Vol_Hidden_Bearish
2025-03-05 15:00:00+00:00,10.65,11.24,10.505,11.175,21666.0,,,,,,,,,,,,,,,,,,,,,,,,,"rgba(38, 166, 154, 1.0)",1.0,10.5175,,,,0.0,0.0,0.0,0.0,0.0,0.0,0.0,0.0,,,False,False,False,False,False,,0,,,False,False,False,False,,,False,False,False,False,0.0,0.0,False,False,False,False,21666.0,False,False,False,False
2025-03-05 16:00:00+00:00,11.175,11.23,10.81,10.915,22956.0,,,,,,,,,,,,,,,,,,,,,,,,,"rgba(239, 83, 80, 1.0)",0.0,0.0,,,,0.0,0.0,0.0,0.0,0.0,0.0,0.0,0.0,0.0,,False,False,False,True,False,,0,,,False,False,False,False,,,False,False,False,False,-22956.0,-355.90697674418607,False,False,False,False,21686.0,False,False,False,False
2025-03-05 17:00:00+00:00,10.915,11.09,10.915,11.03,10170.0,,,,,,,,,,,,,,,,,,,,,,,,,"rgba(38, 166, 154, 1.0)",0.0,0.0,,,,0.0,0.0,0.0,0.0,0.0,0.0,0.0,0.0,11.07544141252003,-66.61316211878005,False,False,False,True,True,,0,,,False,False,False,False,,,False,False,False,False,-12786.0,-548.6215972597801,False,False,False,False,21507.457364341088,False,False,False,False
2025-03-05 18:00:00+00:00,11.03,11.105,10.93,11.1,11728.0,,,,,,,,,,,,,,,,,,,,,,,,,"rgba(38, 166, 154, 1.0)",0.0,0.0,,,,0.0,0.0,0.0,0.0,0.0,0.0,0.0,0.0,22.584673701841268,-55.14730891713893,False,False,False,True,True,,0,,,False,False,False,False,,,False,False,False,False,-1058.0,-556.5189368371479,False,False,False,False,21355.837870320294,False,False,False,False
2025-03-05 19:00:00+00:00,11.1,11.505,11.085,11.47,19456.0,,,,,,,,,,,,,,,,,,,,,,,,,"rgba(38, 166, 154, 1.0)",0.0,0.0,,,,0.0,0.0,0.0,0.0,0.0,0.0,0.0,0.0,39.76438965356169,-38.60404787194661,False,False,False,True,True,,0,,,False,False,False,False,,,False,False,False,False,18398.0,-262.6504261885099,False,False,False,False,21326.383019617653,False,False,False,False
2025-03-05 20:00:00+00:00,11.47,11.505,10.95,10.97,53144.0,,,,,,,,,,,,,,,,,,,,,,,,,"rgba(239, 83, 80, 1.0)",0.0,0.0,,,,0.0,0.0,0.0,0.0,0.0,0.0,0.0,0.0,40.2584607488368,-37.43197752535668,False,False,False,True,True,,0,,,False,False,False,False,,,False,False,False,False,-34746.0,-797.2760009762849,False,False,False,False,21819.6794069104,False,False,False,False
2025-03-06 15:00:00+00:00,10.93,11.15,10.875,11.09,38687.0,,,,,,,,,,,,,,,,,,,,,,,,,"rgba(38, 166, 154, 1.0)",0.0,0.0,,,,0.0,0.0,0.0,0.0,0.0,0.0,0.0,0.0,42.68238293211128,-33.70891050860042,False,False,False,True,True,,0,,,False,False,False,False,,,False,False,False,False,3941.0,-723.814357550296,False,False,False,False,22081.18825331489,False,False,False,False
2025-03-06 16:00:00+00:00,11.09,11.19,11.03,11.14,22579.0,,,,,,,,,,,,,,,,,,,,,,,,,"rgba(239, 83, 80, 1.0)",0.0,0.0,,,,0.0,0.0,0.0,0.0,0.0,0.0,0.0,0.0,45.13328473292489,-29.61599445681136,False,False,False,True,True,,0,,,False,False,False,False,,,False,False,False,False,26520.0,-301.42963882858595,False,False,False,False,22088.906264891404,False,False,False,False
2025-03-06 17:00:00+00:00,11.145,11.155,10.915,11.04,26370.0,,,,,,,,,,,,,,,,,,,,,,,,,"rgba(239, 83, 80, 1.0)",0.0,0.0,,,,0.0,0.0,0.0,0.0,0.0,0.0,0.0,0.0,45.14950893599927,-27.560532385830683,False,False,False,True,True,,0,,,False,False,False,False,,,False,False,False,False,150.0,-294.4307296994606,False,False,False,False,22155.279811172157,False,False,False,False
2025-03-06 18:00:00+00:00,11.04,11.17,11.015,11.155,28793.0,,,,,,,,,,,,,,,,,,,,,,,,,"rgba(239, 83, 80, 1.0)",0.0,0.0,,,,0.0,0.0,0.0,0.0,0.0,0.0,0.0,0.0,47.19764675422752,-23.50369446109203,False,False,False,False,True,,0,,,False,False,False,False,,,False,False,False,False,28943.0,158.8627699858024,False,False,False,False,22258.19020169662,False,False,False,False
2025-03-06 19:00:00+00:00,11.16,11.565,11.13,11.25,20735.0,,,,,,,,,,,,,,,,,,,,,,,,,"rgba(239, 83, 80, 1.0)",0.0,0.0,,,,0.0,0.0,0.0,0.0,0.0,0.0,0.0,0.0,50.08740096641941,-18.789293953339893,False,False,False,False,True,,0,,,False,False,False,False,,,False,False,False,False,49678.0,926.6013316914489,False,False,False,False,22234.57484973233,False,False,False,False
2025-03-06 20:00:00+00:00,11.25,11.54,11.235,11.48,80986.0,,,,,,,,,,,,,,,,,,,,,,,,,"rgba(38, 166, 154, 1.0)",0.0,0.0,,,,0.0,0.0,0.0,0.0,0.0,0.0,0.0,0.0,55.00976735463074,-12.436322778000765,False,False,True,False,True,,0,,,False,False,False,False,,,False,False,False,False,130664.0,2938.0338691846046,False,False,False,False,23145.44965826361,False,False,False,False
2025-03-07 15:00:00+00:00,11.64,11.67,11.09,11.25,16938.0,,,,,,,,,,,,,,,,,,,,,,,,,"rgba(239, 83, 80, 1.0)",0.0,0.0,,,,0.0,0.0,0.0,0.0,0.0,0.0,0.0,0.0,54.2617450888343,-11.645716601309786,False,False,True,False,True,,0,,,False,False,False,False,,,False,False,False,False,113726.0,4655.67675493368,False,False,False,False,23049.210128678125,False,False,False,False
2025-03-07 16:00:00+00:00,11.28,11.29,11.09,11.13,24919.0,,,,,,,,,,,,,,,,,,,,,,,,,"rgba(239, 83, 80, 1.0)",0.0,0.0,,,,0.0,0.0,0.0,0.0,0.0,0.0,0.0,0.0,52.02850823001718,-11.645716601309786,False,False,True,False,True,,1,,,False,False,False,False,,,False,False,False,False,88807.0,5960.348433151763,False,False,False,False,23078.199118931178,False,False,False,False
2025-03-07 17:00:00+00:00,11.125,11.28,11.085,11.115,12460.0,,,,,,,,,,,,,,,,,,,,,,,,,"rgba(239, 83, 80, 1.0)",0.0,0.0,,,,0.0,0.0,0.0,0.0,0.0,0.0,0.0,0.0,50.322824428472416,-11.645716601309786,False,False,False,False,True,,1,,,False,False,False,False,,,False,False,False,False,76347.0,7051.614348916852,False,False,False,False,22913.575876777206,False,False,False,False
2025-03-07 18:00:00+00:00,11.115,11.5,11.115,11.5,23428.0,,,,,,,,,,,,,,,,,,,,,,,,,"rgba(38, 166, 154, 1.0)",0.0,0.0,,,,0.0,0.0,0.0,0.0,0.0,0.0,0.0,0.0,54.19614776439633,-8.03360144077363,False,False,True,False,True,,1,,,False,False,False,False,,,False,False,False,False,99775.0,8489.18621947628,False,False,False,False,22921.55144457911,False,False,False,False
2025-03-07 19:00:00+00:00,11.485,11.505,11.31,11.395,29297.0,,,,,,,,,,,,,,,,,,,,,,,,,"rgba(38, 166, 154, 1.0)",0.0,0.0,,,,0.0,0.0,0.0,0.0,0.0,0.0,0.0,0.0,55.128039363552816,-6.081282011465348,False,False,True,False,True,,1,,,False,False,False,False,,,False,False,False,False,70478.0,9450.253099794476,False,False,False,False,23020.395608229042,False,False,False,False
2025-03-07 20:00:00+00:00,11.395,11.72,11.37,11.71,70347.0,,,,,,,,,,,,,,,,,,,,,,,,,"rgba(38, 166, 154, 1.0)",0.0,0.0,,11.599999999999998,,0.0,0.0,0.0,0.0,0.0,0.0,0.0,0.0,58.794967712321665,-1.6795998312755032,False,False,True,False,True,,0,,,False,False,False,False,,,False,False,False,False,140825.0,11487.07088119301,False,False,False,False,23754.141412752622,False,False,False,False
2025-03-10 14:00:00+00:00,11.27,11.5,11.22,11.265,29731.0,,,,,,,,,,,,,,,,,,,,,,,,,"rgba(38, 166, 154, 1.0)",0.0,0.0,,11.51929373422064,,0.0,0.0,0.0,0.0,0.0,0.0,0.0,0.0,55.67561684376069,-1.6795998312755032,False,False,True,False,True,,0,,,False,False,False,False,,,False,False,False,False,111094.0,13031.364355903197,False,False,False,False,23846.80588697351,False,False,False,False
2025-03-10 15:00:00+00:00,11.29,11.29,11.22,11.22,601.0,,,,,,,,,,,,,,,,,,,,,,,,,"rgba(38, 166, 154, 1.0)",0.0,0.0,,11.51764639762678,,0.0,0.0,0.0,0.0,0.0,0.0,0.0,0.0,53.1360526438438,-1.6795998312755032,False,False,True,False,False,,1,,,False,False,False,False,,,False,False,False,False,110493.0,14542.397466664388,False,False,False,False,23486.4057957026,False,False,False,False
2025-03-10 16:00:00+00:00,11.22,11.22,11.22,11.22,0.0,,,,,,,,,,,,,,,,,,,,,,,,,"rgba(38, 166, 154, 1.0)",0.0,0.0,,11.51764639762678,,0.0,0.0,0.0,0.0,0.0,0.0,0.0,0.0,51.443009843899205,-1.6795998312755032,False,False,False,False,False,,1,,,False,False,False,False,,,False,False,False,False,110493.0,16030.003707491296,False,False,False,False,23122.275473288606,False,False,False,False
2025-03-10 17:00:00+00:00,11.22,11.22,10.84,10.87,16168.0,,,,,,,,,,,,,,,,,,,,,,,,,"rgba(38, 166, 154, 1.0)",0.0,0.0,,11.442791585007173,,0.0,0.0,0.0,0.0,0.0,0.0,0.0,0.0,46.86140802370272,5.4765270546020375,False,False,False,True,False,,0,,,False,False,False,False,,,False,False,False,False,94325.0,17243.87961900306,False,False,False,False,23014.457248896535,False,False,False,False
2025-03-10 18:00:00+00:00,10.87,10.88,10.58,10.6,24132.0,,,,,,,,,,,,,,,,,,,,,,,,,"rgba(38, 166, 154, 1.0)",0.0,0.0,,11.313362332924289,,0.0,0.0,0.0,0.0,0.0,0.0,0.0,0.0,41.82674618841539,0.44883473024091103,False,False,False,True,False,,0,,,False,False,False,False,,,False,False,False,False,70193.0,18064.796214057274,False,False,False,False,23031.78349309969,False,False,False,False
2025-03-10 19:00:00+00:00,10.6,11.0,10.53,10.545,30887.0,,,,,,,,,,,,,,,,,,,,,,,,,"rgba(239, 83, 80, 1.0)",0.0,0.0,,11.201633927982654,,0.0,0.0,0.0,0.0,0.0,0.0,0.0,0.0,38.101335113097306,-3.244458292225616,False,False,False,True,False,,0,,,False,False,False,False,,,False,False,False,False,39306.0,18394.117202986617,False,False,False,False,23153.569795532254,False,False,False,False
2025-03-11 14:00:00+00:00,10.62,11.12,10.445,11.07,34932.0,,,,,,,,,,,,,,,,,,,,,,,,,"rgba(239, 83, 80, 1.0)",0.0,0.0,,11.14702248893445,,0.0,0.0,0.0,0.0,0.0,0.0,0.0,0.0,41.91362325742223,-3.244458292225616,False,False,False,True,True,,0,,,False,False,False,False,,,False,False,False,False,74238.0,19259.913835498453,False,False,False,False,23336.181116531752,False,False,False,False
2025-03-11 15:00:00+00:00,11.07,11.25,10.73,10.805,24359.0,,,,,,,,,,,,,,,,,,,,,,,,,"rgba(239, 83, 80, 1.0)",0.0,0.0,,11.123977332866117,,0.0,0.0,0.0,0.0,0.0,0.0,0.0,0.0,42.243378982538765,-3.244458292225616,False,False,False,True,True,,0,,,False,False,False,False,,,False,False,False,False,49879.0,19734.62834967677,False,False,False,False,23352.038773639786,False,False,False,False
2025-03-11 16:00:00+00:00,10.805,10.805,10.505,10.505,21786.0,,,,,,,,,,,,,,,,,,,,,,,,,"rgba(239, 83, 80, 1.0)",0.0,0.0,,11.079277775361772,,0.0,0.0,0.0,0.0,0.0,0.0,0.0,0.0,40.37915707831213,-3.244458292225616,False,False,False,True,True,,0,,,False,False,False,False,,,False,False,False,False,28093.0,19864.215507046123,False,False,False,False,23327.75910273064,False,False,False,False
2025-03-11 17:00:00+00:00,10.505,10.53,10.37,10.435,20708.0,,,,,,,,,,,,,,,,,,,,,,,,,"rgba(239, 83, 80, 1.0)",0.0,0.0,,10.73814002750462,,0.0,0.0,0.0,0.0,0.0,0.0,0.0,0.0,38.686218963645516,-3.579470796674329,False,False,False,True,True,,0,,,False,False,False,False,,,False,False,False,False,7385.0,19670.739297634555,False,False,False,False,23287.142682533267,False,False,False,False
2025-03-11 18:00:00+00:00,10.435,10.835,10.435,10.715,48617.0,,,,,,,,,,,,,,,,,,,,,,,,,"rgba(239, 83, 80, 1.0)",0.0,0.0,,10.786233484500485,,0.0,0.0,0.0,0.0,0.0,0.0,0.0,0.0,40.62477820600864,-3.579470796674329,False,False,False,True,True,,0,,,False,False,False,False,,,False,False,False,False,56002.0,20234.01465736115,False,False,False,False,23679.85364869554,False,False,False,False
2025-03-11 19:00:00+00:00,10.71,10.87,10.66,10.805,104116.0,,,,,,,,,,,,,,,,,,,,,,,,,"rgba(239, 83, 80, 1.0)",0.0,0.0,,10.816601494940514,,0.0,0.0,0.0,0.0,0.0,0.0,0.0,0.0,42.82199504003396,-3.579470796674329,False,False,False,True,True,,0,,,False,False,False,False,,,False,False,False,False,160118.0,22402.75861616175,False,False,False,False,24926.925685149872,False,False,False,False
2025-03-12 14:00:00+00:00,10.66,10.84,10.545,10.55,20203.0,,,,,,,,,,,,,,,,,,,,,,,,,"rgba(239, 83, 80, 1.0)",0.0,0.0,,10.807041122014606,,0.0,0.0,0.0,0.0,0.0,0.0,0.0,0.0,42.16397332183741,-3.579470796674329,False,False,False,True,True,,0,,,False,False,False,False,,,False,False,False,False,139915.0,24224.653831415057,False,False,False,False,24853.68652724057,False,False,False,False
2025-03-12 15:00:00+00:00,10.55,10.795,10.525,10.785,13230.0,,,,,,,,,,,,,,,,,,,,,,,,,"rgba(239, 83, 80, 1.0)",0.0,0.0,,10.804047618830651,,0.0,0.0,0.0,0.0,0.0,0.0,0.0,0.0,44.14425856503128,-3.579470796674329,False,False,False,True,True,,0,,,False,False,False,False,,,False,False,False,False,153145.0,26223.41888829234,False,False,False,False,24673.474333019785,False,False,False,False
2025-03-12 16:00:00+00:00,10.785,10.85,10.695,10.76,14315.0,,,,,,,,,,,,,,,,,,,,,,,,,"rgba(239, 83, 80, 1.0)",0.0,0.0,,10.804155456084803,,0.0,0.0,0.0,0.0,0.0,0.0,0.0,0.0,45.23241934894862,-3.579470796674329,False,False,False,True,True,,0,,,False,False,False,False,,,False,False,False,False,138830.0,27969.257355140522,False,False,False,False,24512.877831732654,False,False,False,False
2025-03-12 17:00:00+00:00,10.76,10.9,10.73,10.735,12772.0,,,,,,,,,,,,,,,,,,,,,,,,,"rgba(239, 83, 80, 1.0)",0.0,0.0,,10.804935222239678,,0.0,0.0,0.0,0.0,0.0,0.0,0.0,0.0,45.70472481928378,-3.579470796674329,False,False,False,True,True,,0,,,False,False,False,False,,,False,False,False,False,126058.0,29490.013055060823,False,False,False,False,24330.84871806238,False,False,False,False
2025-03-12 18:00:00+00:00,10.75,10.89,10.745,10.84,15292.0,,,,,,,,,,,,,,,,,,,,,,,,,"rgba(239, 83, 80, 1.0)",0.0,0.0,,10.807343534127629,,0.0,0.0,0.0,0.0,0.0,0.0,0.0,0.0,47.270861859645116,-7.961469608946999,False,False,False,True,True,,1,,,False,False,False,False,,,False,False,False,False,141350.0,31224.276418548252,False,False,False,False,24190.711528635056,False,False,False,False
2025-03-12 19:00:00+00:00,10.835,10.98,10.745,10.855,45452.0,,,,,,,,,,,,,,,,,,,,,,,,,"rgba(239, 83, 80, 1.0)",0.0,0.0,,10.81684941150786,,0.0,0.0,0.0,0.0,0.0,0.0,0.0,0.0,48.49980997370976,-6.431530352750492,False,False,False,False,True,,0,,,False,False,False,False,,,False,False,False,False,186802.0,33636.33414849324,False,False,False,False,24520.343908036066,False,False,False,False
2025-03-13 14:00:00+00:00,10.67,10.695,10.41,10.515,12917.0,,,,,,,,,,,,,,,,,,,,,,,,,"rgba(239, 83, 80, 1.0)",0.0,0.0,,10.808593818804791,,0.0,0.0,0.0,0.0,0.0,0.0,0.0,0.0,45.550472850736476,-6.431530352750492,False,False,False,True,False,,1,,,False,False,False,False,,,False,False,False,False,173885.0,35810.732068671634,False,False,False,False,24340.447103260314,False,False,False,False
2025-03-13 15:00:00+00:00,10.55,10.56,10.265,10.355,12205.0,,,,,,,,,,,,,,,,,,,,,,,,,"rgba(239, 83, 80, 1.0)",0.0,0.0,,10.796910569991068,,0.0,0.0,0.0,0.0,0.0,0.0,0.0,0.0,42.194938974743735,-2.8873476950159116,False,False,False,True,False,,1,,,False,False,False,False,,,False,False,False,False,161680.0,37762.193586986796,False,False,False,False,24152.3006365431,False,False,False,False
2025-03-13 16:00:00+00:00,10.35,10.42,10.25,10.26,8569.0,,,,,,,,,,,,,,,,,,,,,,,,,"rgba(239, 83, 80, 1.0)",0.0,0.0,,10.787423644162102,,0.0,0.0,0.0,0.0,0.0,0.0,0.0,0.0,39.18193164185918,-5.743713397098048,False,False,False,True,False,,0,,,False,False,False,False,,,False,False,False,False,153111.0,39550.54717478545,False,False,False,False,23910.699076286615,False,False,False,False
2025-03-13 17:00:00+00:00,10.27,10.305,10.035,10.075,13961.0,,,,,,,,,,,,,,,,,,,,,,,,,"rgba(239, 83, 80, 1.0)",0.0,0.0,,10.767280768374544,,0.0,0.0,0.0,0.0,0.0,0.0,0.0,0.0,35.784392678829164,-8.904222018553234,False,False,False,True,False,,0,,,False,False,False,False,,,False,False,False,False,139150.0,41094.72473796707,False,False,False,False,23756.44017587907,False,False,False,False
2025-03-13 18:00:00+00:00,10.075,10.21,10.075,10.195,10920.0,,,,,,,,,,,,,,,,,,,,,,,,,"rgba(239, 83, 80, 1.0)",0.0,0.0,,10.752968260115605,,0.0,0.0,0.0,0.0,0.0,0.0,0.0,0.0,35.507662642364764,-9.214035044868005,False,False,False,True,False,,0,,,False,False,False,False,,,False,False,False,False,150070.0,42784.26388931642,False,False,False,False,23557.425599508853,False,False,False,False
2025-03-13 19:00:00+00:00,10.19,10.275,9.86,9.89,36561.0,,,,,,,,,,,,,,,,,,,,,,,,,"rgba(239, 83, 80, 1.0)",0.0,0.0,,10.46841816369863,,0.0,0.0,0.0,0.0,0.0,0.0,0.0,0.0,33.066648485174554,-11.643252992354121,False,True,False,True,False,,0,,,False,False,False,False,,,False,False,False,False,113509.0,43880.771425916166,False,False,False,False,23759.03140416763,False,False,False,False
2025-03-14 14:00:00+00:00,10.16,10.23,10.02,10.065,10285.0,,,,,,,,,,,,,,,,,,,,,,,,,"rgba(239, 83, 80, 1.0)",0.0,0.0,,10.46760177524372,,0.0,0.0,0.0,0.0,0.0,0.0,0.0,0.0,34.09936977900773,-11.643252992354121,False,True,False,True,False,,0,,,False,False,False,False,,,False,False,False,False,123794.0,45119.73621001049,False,False,False,False,23550.131692475105,False,False,False,False
2025-03-14 15:00:00+00:00,10.065,10.305,10.06,10.195,11846.0,,,,,,,,,,,,,,,,,,,,,,,,,"rgba(239, 83, 80, 1.0)",0.0,0.0,,10.470754560875498,,0.0,0.0,0.0,0.0,0.0,0.0,0.0,0.0,36.59596519570365,-11.643252992354121,False,True,False,True,True,,0,,,False,False,False,False,,,False,False,False,False,135640.0,46523.151152490944,False,False,False,False,23368.672286390218,False,False,False,False
2025-03-14 16:00:00+00:00,10.195,10.21,10.075,10.195,10341.0,,,,,,,,,,,,,,,,,,,,,,,,,"rgba(239, 83, 80, 1.0)",0.0,0.0,,10.469135441489158,,0.0,0.0,0.0,0.0,0.0,0.0,0.0,0.0,38.260362140167594,-11.643252992354121,False,False,False,True,True,,0,,,False,False,False,False,,,False,False,False,False,135640.0,47904.80772377015,False,False,False,False,23166.692871097344,False,False,False,False
2025-03-14 17:00:00+00:00,10.195,10.315,10.18,10.195,10339.0,,,,,,,,,,,,,,,,,,,,,,,,,"rgba(239, 83, 80, 1.0)",0.0,0.0,,10.470439307901339,,0.0,0.0,0.0,0.0,0.0,0.0,0.0,0.0,39.369960103143555,-15.613896211881936,False,False,False,True,True,,0,,,False,False,False,False,,,False,False,False,False,135640.0,49265.0432629365,False,False,False,False,22967.813911855526,False,False,False,False
2025-03-14 18:00:00+00:00,10.2,10.32,10.155,10.305,14438.0,,,,,,,,,,,,,,,,,,,,,,,,,"rgba(239, 83, 80, 1.0)",0.0,0.0,,10.47220474956824,,0.0,0.0,0.0,0.0,0.0,0.0,0.0,0.0,41.91785194149187,-13.039221687742717,False,False,False,True,True,,0,,,False,False,False,False,,,False,False,False,False,150078.0,50828.03484025531,False,False,False,False,22835.568734927532,False,False,False,False
2025-03-14 19:00:00+00:00,10.315,10.42,10.285,10.35,33253.0,,,,,,,,,,,,,,,,,,,,,,,,,"rgba(239, 83, 80, 1.0)",0.0,0.0,,10.481751639750113,,0.0,0.0,0.0,0.0,0.0,0.0,0.0,0.0,44.34038834976536,-10.643515056221005,False,False,False,True,True,,0,,,False,False,False,False,,,False,False,False,False,183331.0,52882.3443776157,False,False,False,False,22997.07929717672,False,False,False,False
2025-03-17 14:00:00+00:00,10.5,10.57,10.29,10.33,9676.0,,,,,,,,,,,,,,,,,,,,,,,,,"rgba(239, 83, 80, 1.0)",0.0,0.0,,10.484464552886065,,0.0,0.0,0.0,0.0,0.0,0.0,0.0,0.0,45.626155046791034,-9.30413994977959,True,False,False,True,True,,0,,,False,False,False,False,,,False,False,False,False,173655.0,54754.78865083096,False,False,False,False,22790.55093598018,False,False,False,False
2025-03-17 15:00:00+00:00,10.335,10.485,10.29,10.41,10858.0,,,,,,,,,,,,,,,,,,,,,,,,,"rgba(239, 83, 80, 1.0)",0.0,0.0,,10.486742584356675,,0.0,0.0,0.0,0.0,0.0,0.0,0.0,0.0,47.91448589813449,-7.013121001681583,True,False,False,False,True,0.0,0,,,False,False,False,False,,,False,False,False,False,184513.0,56766.54386554676,False,False,False,False,22605.550146275058,False,False,False,False
2025-03-17 16:00:00+00:00,10.41,10.525,10.355,10.475,10647.0,,,,,,,,,,,,,,,,,,,,,,,,,"rgba(239, 83, 80, 1.0)",0.0,0.0,,10.490340990819194,,0.0,0.0,0.0,0.0,0.0,0.0,0.0,0.0,50.55529022030015,-4.4375724538169266,True,False,False,False,True,0.0,0,,,False,False,False,False,,,False,False,False,False,195160.0,58912.17884437549,False,False,False,False,22420.146268038232,False,False,False,False
2025-03-17 17:00:00+00:00,10.475,10.72,10.415,10.7,8890.0,,,,,,,,,,,,,,,,,,,,,,,,,"rgba(239, 83, 80, 1.0)",0.0,0.0,,10.497224181034278,,0.0,0.0,0.0,0.0,0.0,0.0,0.0,0.0,55.48412220059295,0.15632713985863234,True,False,True,False,True,0.0,0,,,False,False,False,False,,,False,False,False,False,204050.0,61162.37762198207,False,False,False,False,22210.376558456242,False,False,False,False
2025-03-17 18:00:00+00:00,10.71,10.79,10.69,10.745,13522.0,,,,,,,,,,,,,,,,,,,,,,,,,"rgba(239, 83, 80, 1.0)",0.0,0.0,,10.511481675380525,,0.0,0.0,0.0,0.0,0.0,0.0,0.0,0.0,59.303612211098965,3.592623224308383,True,False,True,False,True,0.0,0,,,False,False,False,False,,,False,False,False,False,217572.0,63587.333007687776,False,False,False,False,22075.673045922038,False,False,False,False
2025-03-17 19:00:00+00:00,10.745,10.87,10.71,10.765,23076.0,,,,,,,,,,,,,,,,,,,,,,,,,"rgba(239, 83, 80, 1.0)",0.0,0.0,,10.596117623624332,,0.0,0.0,0.0,0.0,0.0,0.0,0.0,0.0,62.098672496460054,6.09137292792898,True,False,True,False,True,0.0,0,,,False,False,False,False,,,False,False,False,False,240648.0,66332.45962772363,False,False,False,False,22091.1819909465,False,False,False,False
2025-03-18 14:00:00+00:00,10.285,10.59,10.27,10.51,10260.0,,,,,,,,,,,,,,,,,,,,,,,,,"rgba(239, 83, 80, 1.0)",0.0,0.0,,10.571278558908052,,0.0,0.0,0.0,0.0,0.0,0.0,0.0,0.0,58.44343942944238,6.09137292792898,True,False,True,False,False,0.0,0,,,False,False,False,False,,,False,False,False,False,230388.0,68875.9563776814,False,False,False,False,21907.75281279229,False,False,False,False
2025-03-18 15:00:00+00:00,10.515,10.515,10.385,10.48,16066.0,,,,,,,,,,,,,,,,,,,,,,,,,"rgba(239, 83, 80, 1.0)",0.0,0.0,,10.55343924823556,,0.0,0.0,0.0,0.0,0.0,0.0,0.0,0.0,55.47216237217869,12.040089817733993,True,False,True,False,False,0.0,0,,,False,False,False,False,,,False,False,False,False,214322.0,71130.93379818246,False,False,False,False,21817.183001741243,False,False,False,False
2025-03-18 16:00:00+00:00,10.48,10.595,10.48,10.58,9475.0,,,,,,,,,,,,,,,,,,,,,,,,,"rgba(239, 83, 80, 1.0)",0.0,0.0,,10.5526582080677,,0.0,0.0,0.0,0.0,0.0,0.0,0.0,0.0,55.261405124830645,11.744976176978412,True,False,True,False,False,0.0,0,,,False,False,False,False,,,False,False,False,False,223797.0,73497.84955324941,False,False,False,False,21625.831327295644,False,False,False,False
2025-03-18 17:00:00+00:00,10.575,10.585,10.47,10.53,10658.0,,,,,,,,,,,,,,,,,,,,,,,,,"rgba(239, 83, 80, 1.0)",0.0,0.0,,10.551053899698047,,0.0,0.0,0.0,0.0,0.0,0.0,0.0,0.0,54.09947307321744,10.385906396659792,True,False,True,False,False,0.0,0,,,False,False,False,False,,,False,False,False,False,213139.0,75662.82862994322,False,False,False,False,21455.787430748424,False,False,False,False
2025-03-18 18:00:00+00:00,10.53,10.55,10.38,10.395,8437.0,,,,,,,,,,,,,,,,,,,,,,,,,"rgba(239, 83, 80, 1.0)",0.0,0.0,,10.546664725747714,,0.0,0.0,0.0,0.0,0.0,0.0,0.0,0.0,50.82065635761568,7.057345873309046,True,False,False,False,False,0.0,0,,,False,False,False,False,,,False,False,False,False,204702.0,77663.43593800612,False,False,False,False,21253.945765155426,False,False,False,False
2025-03-18 19:00:00+00:00,10.395,10.605,10.395,10.505,24995.0,,,,,,,,,,,,,,,,,,,,,,,,,"rgba(239, 83, 80, 1.0)",0.0,0.0,,10.543394022684774,,0.0,0.0,0.0,0.0,0.0,0.0,0.0,0.0,50.81582595977652,6.771694897666713,True,False,False,False,False,0.0,0,,,False,False,False,False,,,False,False,False,False,229697.0,80020.54545834711,False,False,False,False,21311.946606005728,False,False,False,False
2025-03-19 14:00:00+00:00,10.465,10.73,10.425,10.7,15571.0,,,,,,,,,,,,,,,,,,,,,,,,,"rgba(239, 83, 80, 1.0)",0.0,0.0,,10.54864218313135,,0.0,0.0,0.0,0.0,0.0,0.0,0.0,0.0,53.92338817485228,6.771694897666713,True,False,True,False,True,0.0,0,,,False,False,False,False,,,False,False,False,False,245268.0,82582.52149775259,False,False,False,False,21222.93968188161,False,False,False,False
2025-03-19 15:00:00+00:00,10.705,10.73,10.535,10.54,7403.0,,,,,,,,,,,,,,,,,,,,,,,,,"rgba(239, 83, 80, 1.0)",0.0,0.0,,10.550420663695604,,0.0,0.0,0.0,0.0,0.0,0.0,0.0,0.0,53.00785744566696,6.771694897666713,True,False,True,False,True,0.0,1,,,False,False,False,False,,,False,False,False,False,237865.0,84990.00178460914,False,False,False,False,21008.677051154762,False,False,False,False
2025-03-19 16:00:00+00:00,10.54,10.61,10.44,10.45,20678.0,,,,,,,,,,,,,,,,,,,,,,,,,"rgba(239, 83, 80, 1.0)",0.0,0.0,,10.548265237027882,,0.0,0.0,0.0,0.0,0.0,0.0,0.0,0.0,50.92746464862981,6.412616298212839,True,False,False,False,False,0.0,0,,,False,False,False,False,,,False,False,False,False,217187.0,87039.56764841365,False,False,False,False,21003.550275167865,False,False,False,False
2025-03-19 17:00:00+00:00,10.45,10.49,10.365,10.4,23882.0,,,,,,,,,,,,,,,,,,,,,,,,,"rgba(239, 83, 80, 1.0)",0.0,0.0,,10.540882299401465,,0.0,0.0,0.0,0.0,0.0,0.0,0.0,0.0,48.74384520814983,4.130346544164382,False,False,False,False,False,0.0,0,,,False,False,False,False,,,False,False,False,False,193305.0,88687.09373138398,False,False,False,False,21048.177402684643,False,False,False,False
2025-03-19 18:00:00+00:00,10.37,10.6,10.37,10.56,13910.0,,,,,,,,,,,,,,,,,,,,,,,,,"rgba(239, 83, 80, 1.0)",0.0,0.0,,10.540593502914103,,0.0,0.0,0.0,0.0,0.0,0.0,0.0,0.0,50.16926266121325,4.130346544164382,True,False,False,False,False,0.0,0,,,False,False,False,False,,,False,False,False,False,207215.0,90524.73568903694,False,False,False,False,20937.507985588756,False,False,False,False
2025-03-19 19:00:00+00:00,10.56,10.75,10.285,10.285,36047.0,,,,,,,,,,,,,,,,,,,,,,,,,"rgba(239, 83, 80, 1.0)",0.0,0.0,,10.515232073627942,,0.0,0.0,0.0,0.0,0.0,0.0,0.0,0.0,47.03618876321199,2.302850221477186,False,False,False,True,False,0.0,0,,,False,False,False,False,,,False,False,False,False,171168.0,91775.01885664876,False,False,False,False,21171.763675734666,False,False,False,False
2025-03-20 14:00:00+00:00,10.17,10.325,10.12,10.125,9461.0,,,,,,,,,,,,,,,,,,,,,,,,,"rgba(239, 83, 80, 1.0)",0.0,0.0,,10.499348813641097,,0.0,0.0,0.0,0.0,0.0,0.0,0.0,0.0,43.162238403960885,-1.3839941962954398,False,True,False,True,False,0.0,0,,,False,False,False,False,,,False,False,False,False,161707.0,92859.23561856119,False,False,False,False,20990.201448203898,False,False,False,False
2025-03-20 15:00:00+00:00,10.125,10.19,10.07,10.07,12828.0,,,,,,,,,,,,,,,,,,,,,,,,,"rgba(239, 83, 80, 1.0)",0.0,0.0,,10.47835671661544,,0.0,0.0,0.0,0.0,0.0,0.0,0.0,0.0,40.00890458176134,-4.320397529718548,False,True,False,True,False,0.0,0,,,False,False,False,False,,,False,False,False,False,148879.0,93727.75909734318,False,False,False,False,20863.655689317016,False,False,False,False
2025-03-20 16:00:00+00:00,10.07,10.1,10.01,10.015,13937.0,,,,,,,,,,,,,,,,,,,,,,,,,"rgba(239, 83, 80, 1.0)",0.0,0.0,,10.456917312875914,,0.0,0.0,0.0,0.0,0.0,0.0,0.0,0.0,37.327200297141445,-6.821923788600344,False,True,False,True,False,0.0,0,,,False,False,False,False,,,False,False,False,False,134942.0,94366.73957645414,False,False,False,False,20756.26567862993,False,False,False,False
2025-03-20 17:00:00+00:00,10.015,10.12,9.96,9.965,10249.0,,,,,,,,,,,,,,,,,,,,,,,,,"rgba(239, 83, 80, 1.0)",0.0,0.0,,10.442889764553112,,0.0,0.0,0.0,0.0,0.0,0.0,0.0,0.0,35.0054826921239,-9.030190733214084,False,True,False,True,False,0.0,0,,,False,False,False,False,,,False,False,False,False,124693.0,94836.91415666416,False,False,False,False,20593.362334775204,False,False,False,False
2025-03-20 18:00:00+00:00,9.97,9.985,9.835,9.835,9919.0,,,,,,,,,,,,,,,,,,,,,,,,,"rgba(239, 83, 80, 1.0)",0.0,0.0,,10.426183525096135,,0.0,0.0,0.0,0.0,0.0,0.0,0.0,0.0,32.16386848950402,-11.753608155900018,False,True,False,True,False,0.0,0,,,False,False,False,False,,,False,False,False,False,114774.0,95146.0162627624,False,False,False,False,20427.868345088766,False,False,False,False
2025-03-20 19:00:00+00:00,9.835,10.01,9.835,9.935,38967.0,,,,,,,,,,,,,,,,,,,,,,,,,"rgba(239, 83, 80, 1.0)",0.0,0.0,,10.38037270994272,,0.0,0.0,0.0,0.0,0.0,0.0,0.0,0.0,32.71052187021215,-11.753608155900018,False,True,False,True,False,0.0,0,,,False,False,False,False,,,False,False,False,False,153741.0,96054.46562302964,False,False,False,False,20715.296742839328,False,False,False,False
2025-03-21 14:00:00+00:00,9.96,10.015,9.82,9.915,12151.0,,,,,,,,,,,,,,,,,,,,,,,,,"rgba(239, 83, 80, 1.0)",0.0,0.0,,10.293229381299989,,0.0,0.0,0.0,0.0,0.0,0.0,0.0,0.0,32.82795589151631,-11.753608155900018,False,True,False,True,False,0.0,0,,,False,False,False,False,,,False,False,False,False,141590.0,96760.44290019198,False,False,False,False,20582.516948376702,False,False,False,False
2025-03-21 15:00:00+00:00,9.915,10.085,9.825,10.035,12419.0,,,,,,,,,,,,,,,,,,,,,,,,,"rgba(239, 83, 80, 1.0)",0.0,0.0,,10.29122937552197,,0.0,0.0,0.0,0.0,0.0,0.0,0.0,0.0,35.782162234129515,-11.753608155900018,False,True,False,True,True,0.0,0,,,False,False,False,False,,,False,False,False,False,154009.0,97648.01742887117,False,False,False,False,20455.950794138305,False,False,False,False
2025-03-21 16:00:00+00:00,10.035,10.225,9.99,10.15,12453.0,,,,,,,,,,,,,,,,,,,,,,,,,"rgba(239, 83, 80, 1.0)",0.0,0.0,0.4513741481538586,10.29757553466023,-0.3269472460126917,0.0,0.0,0.0,0.0,0.0,0.0,0.0,0.0,40.123046163223954,-15.557662891234564,False,True,False,True,True,0.0,0,,,False,False,False,False,,,False,False,False,False,166462.0,98714.90087958633,False,False,False,False,20331.874037640035,False,False,False,False
2025-03-21 17:00:00+00:00,10.15,10.17,10.08,10.135,7279.0,,,,,,,,,,,,,,,,,,,,,,,,,"rgba(239, 83, 80, 1.0)",0.0,0.0,0.45089647440474684,10.299106580373504,-0.36395622873332584,0.0,0.0,0.0,0.0,0.0,0.0,0.0,0.0,42.730834115079396,-13.068864215538142,False,True,False,True,True,0.0,0,,,False,False,False,False,,,False,False,False,False,159183.0,99652.39078842996,False,False,False,False,20129.503897521583,False,False,False,False
2025-03-21 18:00:00+00:00,10.14,10.3,10.135,10.285,8126.0,,,,,,,,,,,,,,,,,,,,,,,,,"rgba(239, 83, 80, 1.0)",0.0,0.0,0.4514348994799454,10.304460103573296,-0.043107220101313175,0.0,0.0,0.0,0.0,0.0,0.0,0.0,0.0,47.33552361611284,-8.76880886812512,False,False,False,False,True,0.0,0,,,False,False,False,False,,,False,False,False,False,167309.0,100701.33046612871,False,False,False,False,19943.403061901092,False,False,False,False
2025-03-21 19:00:00+00:00,10.29,10.41,10.18,10.4,17866.0,,,,,,,,,,,,,,,,,,,,,,,,,"rgba(239, 83, 80, 1.0)",0.0,0.0,0.44964227022286407,10.318393439312514,0.18149219077432024,0.0,0.0,0.0,0.0,0.0,0.0,0.0,0.0,52.211677393957615,-4.331063027012377,True,False,True,False,True,0.0,0,,,False,False,False,False,,,False,False,False,False,185175.0,102010.99976122749,False,False,False,False,19911.195262491772,False,False,False,False
2025-03-24 14:00:00+00:00,10.475,10.59,10.43,10.44,12947.0,,,,,,,,,,,,,,,,,,,,,,,,,"rgba(239, 83, 80, 1.0)",0.0,0.0,0.44648792645318913,10.354783986284659,0.19085849508245342,0.0,0.0,0.0,0.0,0.0,0.0,0.0,0.0,56.05235107873685,-0.893328173380759,True,False,True,False,True,0.0,0,,,False,False,False,False,,,False,False,False,False,198122.0,103501.09278818521,False,False,False,False,19803.223242918255,False,False,False,False
2025-03-24 15:00:00+00:00,10.44,10.51,10.35,10.405,12474.0,,,,,,,,,,,,,,,,,,,,,,,,,"rgba(239, 83, 80, 1.0)",0.0,0.0,0.43547434011764785,10.357270717599917,0.10960297313313061,0.0,0.0,0.0,0.0,0.0,0.0,0.0,0.0,57.68240465346862,0.5936663620280598,True,False,True,False,True,0.0,0,,,False,False,False,False,,,False,False,False,False,185648.0,104774.6882488335,False,False,False,False,19689.591874810994,False,False,False,False
2025-03-24 16:00:00+00:00,10.405,10.48,10.33,10.45,10734.0,,,,,,,,,,,,,,,,,,,,,,,,,"rgba(239, 83, 80, 1.0)",0.0,0.0,0.433524992265635,10.360770665263102,0.2058228160516835,0.0,0.0,0.0,0.0,0.0,0.0,0.0,0.0,59.5446847997156,2.4617102401412723,True,False,True,False,True,0.0,0,,,False,False,False,False,,,False,False,False,False,196382.0,106194.95664807639,False,False,False,False,19550.74548915501,False,False,False,False
2025-03-24 17:00:00+00:00,10.45,10.53,10.425,10.49,8385.0,,,,,,,,,,,,,,,,,,,,,,,,,"rgba(239, 83, 80, 1.0)",0.0,0.0,0.42961720862407954,10.366530750599319,0.2873936307070014,0.0,0.0,0.0,0.0,0.0,0.0,0.0,0.0,61.4745724852684,4.485616927916162,True,False,True,False,True,0.0,0,,,False,False,False,False,,,False,False,False,False,204767.0,107723.20538221474,False,False,False,False,19377.633155989817,False,False,False,False
2025-03-24 18:00:00+00:00,10.48,10.485,10.32,10.38,12373.0,,,,,,,,,,,,,,,,,,,,,,,,,"rgba(239, 83, 80, 1.0)",0.0,0.0,0.42512174196986846,10.368291433095647,0.02754167982587718,0.0,0.0,0.0,0.0,0.0,0.0,0.0,0.0,59.534366150257384,4.485616927916162,True,False,True,False,True,0.0,0,,,False,False,False,False,,,False,False,False,False,192394.0,109035.93088016489,False,False,False,False,19269.03419233106,False,False,False,False
2025-03-24 19:00:00+00:00,10.375,10.5,10.33,10.41,36574.0,,,,,,,,,,,,,,,,,,,,,,,,,"rgba(239, 83, 80, 1.0)",0.0,0.0,0.42187849965181723,10.37613820639291,0.08026432642345119,0.0,0.0,0.0,0.0,0.0,0.0,0.0,0.0,58.88366981715035,4.485616927916162,True,False,True,False,True,0.0,0,,,False,False,False,False,,,False,False,False,False,228968.0,110895.34280450341,False,False,False,False,19537.328235860812,False,False,False,False
2025-03-25 14:00:00+00:00,10.11,10.25,10.06,10.145,11855.0,,,,,,,,,,,,,,,,,,,,,,,,,"rgba(239, 83, 80, 1.0)",0.0,0.0,0.4187198960538551,10.367735545998226,-0.5319440229550936,0.0,0.0,0.0,0.0,0.0,0.0,0.0,0.0,52.65837305701704,9.367355605302066,True,False,False,False,False,0.0,0,,,False,False,False,False,,,False,False,False,False,217113.0,112542.12818737932,False,False,False,False,19418.22237173894,False,False,False,False
2025-03-25 15:00:00+00:00,10.14,10.18,10.05,10.055,8396.0,,,,,,,,,,,,,,,,,,,,,,,,,"rgba(239, 83, 80, 1.0)",0.0,0.0,0.41428177293647284,10.36097986381032,-0.7385791116068237,0.0,0.0,0.0,0.0,0.0,0.0,0.0,0.0,47.1227739655408,4.224253876408696,False,False,False,True,False,0.0,0,,,False,False,False,False,,,False,False,False,False,208717.0,114033.21147129592,False,False,False,False,19247.335203184848,False,False,False,False
2025-03-25 16:00:00+00:00,10.055,10.195,10.05,10.085,20826.0,,,,,,,,,,,,,,,,,,,,,,,,,"rgba(239, 83, 80, 1.0)",0.0,0.0,0.40219564061950397,10.347575720749912,-0.652855710582702,0.0,0.0,0.0,0.0,0.0,0.0,0.0,0.0,44.227819477758715,1.5859339530231296,False,True,False,True,False,0.0,0,,,False,False,False,False,,,False,False,False,False,229543.0,115824.06090584946,False,False,False,False,19271.810626391285,False,False,False,False
2025-03-25 17:00:00+00:00,10.09,10.11,10.005,10.02,13446.0,,,,,,,,,,,,,,,,,,,,,,,,,"rgba(239, 83, 80, 1.0)",0.0,0.0,0.39671411632319054,10.337833992954335,-0.801166330807867,0.0,0.0,0.0,0.0,0.0,0.0,0.0,0.0,41.22959174059555,-1.242549468220517,False,True,False,True,False,0.0,0,,,False,False,False,False,,,False,False,False,False,216097.0,117378.68011661147,False,False,False,False,19181.487981020877,False,False,False,False
2025-03-25 18:00:00+00:00,10.015,10.06,9.855,9.895,15181.0,,,,,,,,,,,,,,,,,,,,,,,,,"rgba(239, 83, 80, 1.0)",0.0,0.0,0.3956328833380489,10.323822546401301,-1.0838900517652206,0.0,0.0,0.0,0.0,0.0,0.0,0.0,0.0,37.436059090394686,-4.84920684286017,False,True,False,True,False,0.0,0,,,False,False,False,False,,,False,False,False,False,200916.0,118673.83236286556,False,False,False,False,19119.464911547682,False,False,False,False
2025-03-25 19:00:00+00:00,9.895,9.905,9.7,9.715,92286.0,,,,,,,,,,,,,,,,,,,,,,,,,"rgba(239, 83, 80, 1.0)",0.0,0.0,0.39821942658754306,10.233708004713987,-1.3025683080279278,0.0,0.0,0.0,0.0,0.0,0.0,0.0,0.0,32.932672987604576,-9.09124352168189,False,True,False,True,False,0.0,0,,,False,False,False,False,,,False,False,False,False,108630.0,118518.11403165835,False,False,False,False,20253.829796639966,False,False,False,False
2025-03-26 14:00:00+00:00,9.595,9.675,9.535,9.605,13352.0,,,,,,,,,,,,,,,,,,,,,,,,,"rgba(239, 83, 80, 1.0)",0.0,0.0,0.39139591945466884,10.21974964266179,-1.5706593045689379,0.0,0.0,0.0,0.0,0.0,0.0,0.0,0.0,28.973005250851752,-12.806724193048204,False,True,False,True,False,0.0,0,,,False,False,False,False,,,False,False,False,False,95278.0,118157.80218620629,False,False,False,False,20146.824683513765,False,False,False,False
2025-03-26 15:00:00+00:00,9.605,9.68,9.49,9.5,12390.0,,,,,,,,,,,,,,,,,,,,,,,,,"rgba(239, 83, 80, 1.0)",0.0,0.0,0.38972613391901156,10.206446883839906,-1.8126751643160568,0.0,0.0,0.0,0.0,0.0,0.0,0.0,0.0,25.531833132928313,-16.076310199575936,False,True,False,True,False,0.0,0,,,False,False,False,False,,,False,False,False,False,82888.0,117610.98354766045,False,False,False,False,20026.563835707348,False,False,False,False
2025-03-26 16:00:00+00:00,9.5,9.56,9.47,9.485,23387.0,,,,,,,,,,,,,,,,,,,,,,,,,"rgba(239, 83, 80, 1.0)",0.0,0.0,0.37374193775389436,10.181112437395779,-1.8625483711548665,0.0,0.0,0.0,0.0,0.0,0.0,0.0,0.0,23.12568656909205,-18.46770126243515,False,True,False,True,False,0.0,0,,,False,False,False,False,,,False,False,False,False,59501.0,116710.05357017733,False,False,False,False,20078.663621200256,False,False,False,False
2025-03-26 17:00:00+00:00,9.485,9.515,9.35,9.355,18306.0,,,,,,,,,,,,,,,,,,,,,,,,,"rgba(239, 83, 80, 1.0)",0.0,0.0,0.377657872244798,10.159923917855329,-2.13135744548594,0.0,0.0,0.0,0.0,0.0,0.0,0.0,0.0,20.60926904692863,-21.05929799849583,False,True,False,True,False,0.0,0,,,False,False,False,False,,,False,False,False,False,41195.0,115539.2775458335,False,False,False,False,20051.18046428242,False,False,False,False
2025-03-26 18:00:00+00:00,9.355,9.48,9.32,9.42,17425.0,,,,,,,,,,,,,,,,,,,,,,,,,"rgba(239, 83, 80, 1.0)",0.0,0.0,0.379089318910084,10.141098714544881,-1.9021868424520778,0.0,0.0,0.0,0.0,0.0,0.0,0.0,0.0,21.11392818869043,-21.05929799849583,False,True,False,True,False,0.0,0,,,False,False,False,False,,,False,False,False,False,58620.0,114656.80812651824,False,False,False,False,20010.464488091995,False,False,False,False
2025-03-26 19:00:00+00:00,9.425,9.615,9.38,9.585,64122.0,,,,,,,,,,,,,,,,,,,,,,,,,"rgba(239, 83, 80, 1.0)",0.0,0.0,0.37421266295666256,10.09184381081453,-1.354427204066116,0.0,0.0,0.0,0.0,0.0,0.0,0.0,0.0,26.15686407973884,-21.05929799849583,False,True,False,True,True,0.0,0,,,False,False,False,False,,,False,False,False,False,122742.0,114782.1599385102,False,False,False,False,20694.364263470412,False,False,False,False
2025-03-27 14:00:00+00:00,9.425,9.645,9.41,9.64,17554.0,,,,,,,,,,,,,,,,,,,,,,,,,"rgba(239, 83, 80, 1.0)",0.0,0.0,0.37621792611188476,10.080935982924188,-1.1720227887095853,0.0,0.0,0.0,0.0,0.0,0.0,0.0,0.0,30.871777796246697,-27.23620753154143,False,True,False,True,True,0.0,0,,,False,False,False,False,,,False,False,False,False,140296.0,115177.72335031624,False,False,False,False,20645.676445432113,False,False,False,False
2025-03-27 15:00:00+00:00,9.64,9.65,9.39,9.4,10679.0,,,,,,,,,,,,,,,,,,,,,,,,,"rgba(239, 83, 80, 1.0)",0.0,0.0,0.38826910886767774,10.073340082615388,-1.7342097716170937,0.0,0.0,0.0,0.0,0.0,0.0,0.0,0.0,30.81636506420936,-27.059220276459783,False,True,False,True,True,0.0,0,,,False,False,False,False,,,False,False,False,False,129617.0,115401.5881045749,False,False,False,False,20491.154329999055,False,False,False,False
2025-03-27 16:00:00+00:00,9.4,9.47,9.365,9.415,9845.0,,,,,,,,,,,,,,,,,,,,,,,,,"rgba(239, 83, 80, 1.0)",0.0,0.0,0.3994557107676201,10.06571203422931,-1.628996698980372,0.0,0.0,0.0,0.0,0.0,0.0,0.0,0.0,31.15976146144398,-26.286404113565705,False,True,False,True,True,0.0,0,,,False,False,False,False,,,False,False,False,False,139462.0,115774.61774636444,False,False,False,False,20326.09767372,False,False,False,False
2025-03-27 17:00:00+00:00,9.42,9.55,9.41,9.5,13475.0,,,,,,,,,,,,,,,,,,,,,,,,,"rgba(239, 83, 80, 1.0)",0.0,0.0,0.39762087515667505,10.056840981474016,-1.4004319598527197,0.0,0.0,0.0,0.0,0.0,0.0,0.0,0.0,33.54687525563843,-23.565326425768262,False,True,False,True,True,0.0,0,,,False,False,False,False,,,False,False,False,False,152937.0,116350.77871153709,False,False,False,False,20219.879105135195,False,False,False,False
2025-03-27 18:00:00+00:00,9.5,9.57,9.47,9.475,13696.0,,,,,,,,,,,,,,,,,,,,,,,,,"rgba(239, 83, 80, 1.0)",0.0,0.0,0.4017220813331407,10.048473847301878,-1.4275387735689518,0.0,0.0,0.0,0.0,0.0,0.0,0.0,0.0,34.748996721247764,-21.98519214755768,False,True,False,True,True,0.0,0,,,False,False,False,False,,,False,False,False,False,139241.0,116705.66586329619,False,False,False,False,20118.733692652477,False,False,False,False
2025-03-27 19:00:00+00:00,9.475,9.555,9.31,9.41,70585.0,,,,,,,,,,,,,,,,,,,,,,,,,"rgba(239, 83, 80, 1.0)",0.0,0.0,0.4110988022668336,10.003187914472276,-1.4429327237184533,0.0,0.0,0.0,0.0,0.0,0.0,0.0,0.0,34.536800819262325,-21.707311884924646,False,True,False,True,True,0.0,0,,,False,False,False,False,,,False,False,False,False,68656.0,115960.70980340012,False,False,False,False,20901.156426099722,False,False,False,False
2025-03-28 14:00:00+00:00,9.315,9.385,9.09,9.1,19327.0,,,,,,,,,,,,,,,,,,,,,,,,,"rgba(239, 83, 80, 1.0)",0.0,0.0,0.42961051918941434,9.987013180182048,-2.0646914834759116,0.0,0.0,0.0,0.0,0.0,0.0,0.0,0.0,30.925680182783914,-21.707311884924646,False,True,False,True,False,0.0,0,,,False,False,False,False,,,False,False,False,False,49329.0,114927.66003900631,False,False,False,False,20876.75090011368,False,False,False,False
2025-03-28 15:00:00+00:00,9.1,9.14,9.04,9.05,9442.0,,,,,,,,,,,,,,,,,,,,,,,,,"rgba(239, 83, 80, 1.0)",0.0,0.0,0.44485975115557286,9.978170706020633,-2.0864344405390796,0.0,0.0,0.0,0.0,0.0,0.0,0.0,0.0,28.10374925574521,-15.943391359332168,False,True,False,True,False,0.0,0,,,False,False,False,False,,,False,False,False,False,39887.0,113764.23895313023,False,False,False,False,20699.467940421993,False,False,False,False
2025-03-28 16:00:00+00:00,9.045,9.1,8.995,9.015,12673.0,,,,,,,,,,,,,,,,,,,,,,,,,"rgba(239, 83, 80, 1.0)",0.0,0.0,0.4580301339471058,9.96605344307795,-2.076399285964401,0.0,0.0,0.0,0.0,0.0,0.0,0.0,0.0,25.92542714756609,-18.198924994899166,False,True,False,True,False,0.0,0,,,False,False,False,False,,,False,False,False,False,27214.0,112422.37478331426,False,False,False,False,20575.026577004595,False,False,False,False
2025-03-28 17:00:00+00:00,9.02,9.04,8.92,9.04,11251.0,,,,,,,,,,,,,,,,,,,,,,,,,"rgba(239, 83, 80, 1.0)",0.0,0.0,0.4728829731617606,9.955146195241502,-1.9352487765053363,0.0,0.0,0.0,0.0,0.0,0.0,0.0,0.0,25.280973998653362,-19.063374120750254,False,True,False,True,False,0.0,0,,,False,False,False,False,,,False,False,False,False,38465.0,111275.74881768147,False,False,False,False,20430.46802542313,False,False,False,False
2025-03-28 18:00:00+00:00,9.035,9.125,9.035,9.115,12323.0,,,,,,,,,,,,,,,,,,,,,,,,,"rgba(239, 83, 80, 1.0)",0.0,0.0,0.48058014865293736,9.944720896393877,-1.7264984804711099,0.0,0.0,0.0,0.0,0.0,0.0,0.0,0.0,27.24382146318294,-19.063374120750254,False,True,False,True,False,0.0,0,,,False,False,False,False,,,False,False,False,False,50788.0,110337.95426236857,False,False,False,False,20304.770846734402,False,False,False,False
2025-03-28 19:00:00+00:00,9.12,9.2,9.09,9.165,39438.0,,,,,,,,,,,,,,,,,,,,,,,,,"rgba(239, 83, 80, 1.0)",0.0,0.0,0.48630184709343505,9.915605532232535,-1.543497185377375,0.0,0.0,0.0,0.0,0.0,0.0,0.0,0.0,30.06983661916274,-19.063374120750254,False,True,False,True,True,0.0,0,,,False,False,False,False,,,False,False,False,False,90226.0,110026.14101799075,False,False,False,False,20601.410058412937,False,False,False,False
2025-03-31 14:00:00+00:00,8.84,8.865,8.725,8.83,16059.0,,,,,,,,,,,,,,,,,,,,,,,,,"rgba(239, 83, 80, 1.0)",0.0,0.0,0.5011617853898434,9.898900067761295,-2.132844320781201,0.0,0.0,0.0,0.0,0.0,0.0,0.0,0.0,27.992592832875665,-19.063374120750254,False,True,False,True,True,0.0,0,,,False,False,False,False,,,False,False,False,False,74167.0,109470.18534329321,False,False,False,False,20530.985096267,False,False,False,False
2025-03-31 15:00:00+00:00,8.83,8.905,8.77,8.845,7059.0,,,,,,,,,,,,,,,,,,,,,,,,,"rgba(239, 83, 80, 1.0)",0.0,0.0,0.5117548241101401,9.891967885829436,-2.0458388206695366,0.0,0.0,0.0,0.0,0.0,0.0,0.0,0.0,27.026188717296336,-19.063374120750254,False,True,False,True,False,0.0,0,,,False,False,False,False,,,False,False,False,False,81226.0,109032.29099688555,False,False,False,False,20322.11711027836,False,False,False,False
2025-03-31 16:00:00+00:00,8.845,8.87,8.735,8.755,9881.0,,,,,,,,,,,,,,,,,,,,,,,,,"rgba(239, 83, 80, 1.0)",0.0,0.0,0.5232270190973646,9.881917622784922,-2.1537833132719375,0.0,0.0,0.0,0.0,0.0,0.0,0.0,0.0,25.544523781154247,-19.35496030551641,False,True,False,True,False,0.0,0,,,False,False,False,False,,,False,False,False,False,71345.0,108447.99191166252,False,False,False,False,20160.23932562288,False,False,False,False
2025-03-31 17:00:00+00:00,8.755,8.84,8.73,8.73,9031.0,,,,,,,,,,,,,,,,,,,,,,,,,"rgba(239, 83, 80, 1.0)",0.0,0.0,0.539827650173546,9.872734287026846,-2.1168502329576393,0.0,0.0,0.0,0.0,0.0,0.0,0.0,0.0,24.328403219638297,-20.752379345879064,False,True,False,True,False,0.0,0,,,False,False,False,False,,,False,False,False,False,62314.0,107732.73622310962,False,False,False,False,19987.69297948919,False,False,False,False
2025-03-31 18:00:00+00:00,8.735,8.865,8.73,8.785,10204.0,,,,,,,,,,,,,,,,,,,,,,,,,"rgba(239, 83, 80, 1.0)",0.0,0.0,0.5551705200263309,9.86282092316014,-1.941423192119459,0.0,0.0,0.0,0.0,0.0,0.0,0.0,0.0,25.335884209385647,-20.752379345879064,False,True,False,True,False,0.0,0,,,False,False,False,False,,,False,False,False,False,72518.0,107186.77132042575,False,False,False,False,19836.00781701649,False,False,False,False
2025-03-31 19:00:00+00:00,8.785,8.875,8.71,8.73,38011.0,,,,,,,,,,,,,,,,,,,,,,,,,"rgba(239, 83, 80, 1.0)",0.0,0.0,0.5716934855684834,9.826853134674506,-1.918603521577321,0.0,0.0,0.0,0.0,0.0,0.0,0.0,0.0,25.343410743197275,-20.752379345879064,False,True,False,True,False,0.0,0,,,False,False,False,False,,,False,False,False,False,34507.0,106059.95316041914,False,False,False,False,20117.790641558866,False,False,False,False
2025-04-01 14:00:00+00:00,8.565,8.9,8.545,8.89,11163.0,,,,,,,,,,,,,,,,,,,,,,,,,"rgba(239, 83, 80, 1.0)",0.0,0.0,0.5840160894982201,9.687037639976609,-1.3647528797732502,0.0,0.0,0.0,0.0,0.0,0.0,0.0,0.0,30.13813661591319,-24.3430199183211,False,True,False,True,True,0.0,0,,,False,False,False,False,,,False,False,False,False,45670.0,105123.67481684675,False,False,False,False,19978.956678123843,False,False,False,False
2025-04-01 15:00:00+00:00,8.89,9.025,8.885,8.955,12232.0,,,,,,,,,,,,,,,,,,,,,,,,,"rgba(239, 83, 80, 1.0)",0.0,0.0,0.5935784138033774,9.690909381110295,-1.2397846080603336,0.0,0.0,0.0,0.0,0.0,0.0,0.0,0.0,34.95931272749391,-19.886947312392206,False,False,False,True,True,0.0,0,,,False,False,False,False,,,False,False,False,False,57902.0,104391.55582743828,False,False,False,False,19858.848822649055,False,False,False,False
2025-04-01 16:00:00+00:00,8.955,8.98,8.81,8.86,11296.0,,,,,,,,,,,,,,,,,,,,,,,,,"rgba(239, 83, 80, 1.0)",0.0,0.0,0.6056691631040294,9.683856843545593,-1.3602423463716746,0.0,0.0,0.0,0.0,0.0,0.0,0.0,0.0,36.42861280475706,-18.604393084877096,False,False,False,True,True,0.0,0,,,False,False,False,False,,,False,False,False,False,46606.0,103495.65573709039,False,False,False,False,19726.091476561473,False,False,False,False
2025-04-01 17:00:00+00:00,8.86,8.89,8.785,8.83,8921.0,,,,,,,,,,,,,,,,,,,,,,,,,"rgba(239, 83, 80, 1.0)",0.0,0.0,0.6174924079483683,9.676639249622045,-1.3710925652268702,0.0,0.0,0.0,0.0,0.0,0.0,0.0,0.0,36.88292322860633,-18.11371081166613,False,False,False,True,True,0.0,0,,,False,False,False,False,,,False,False,False,False,37685.0,102475.33549310449,False,False,False,False,19558.57067847525,False,False,False,False
2025-04-01 18:00:00+00:00,8.83,8.83,8.695,8.745,9590.0,,,,,,,,,,,,,,,,,,,,,,,,,"rgba(239, 83, 80, 1.0)",0.0,0.0,0.6298356928596539,9.667031730473441,-1.4639242280587903,0.0,0.0,0.0,0.0,0.0,0.0,0.0,0.0,35.76049535373851,-18.11371081166613,False,False,False,True,True,0.0,0,,,False,False,False,False,,,False,False,False,False,28095.0,101322.15199708736,False,False,False,False,19404.01919508804,False,False,False,False
2025-04-01 19:00:00+00:00,8.745,8.81,8.64,8.685,39398.0,,,,,,,,,,,,,,,,,,,,,,,,,"rgba(239, 83, 80, 1.0)",0.0,0.0,0.6427637187942382,9.630494669303717,-1.4709832581673588,0.0,0.0,0.0,0.0,0.0,0.0,0.0,0.0,34.09117173392066,-18.11371081166613,False,False,False,True,False,0.0,0,,,False,False,False,False,,,False,False,False,False,-11303.0,99576.02560953562,False,False,False,False,19714.003393613806,False,False,False,False
2025-04-02 14:00:00+00:00,8.755,8.92,8.75,8.89,20114.0,,,,,,,,,,,,,,,,,,,,,,,,,"rgba(239, 83, 80, 1.0)",0.0,0.0,0.6504511601278855,9.619765680914169,-1.1219377036251093,0.0,0.0,0.0,0.0,0.0,0.0,0.0,0.0,38.532729011473826,-16.44257352472252,True,False,False,True,True,0.0,0,,,False,False,False,False,,,False,False,False,False,8811.0,98168.81591016297,False,False,False,False,19720.204891387235,False,False,False,False
2025-04-02 15:00:00+00:00,8.88,9.15,8.865,8.965,35536.0,,,,,,,,,,,,,,,,,,,,,,,,,"rgba(239, 83, 80, 1.0)",0.0,0.0,0.6552146543257742,9.608528057480097,-0.9821637126573384,0.0,0.0,0.0,0.0,0.0,0.0,0.0,0.0,43.073330476941265,-12.278007232608658,True,False,False,True,True,0.0,1,,,False,False,False,False,,,False,False,False,False,44347.0,97334.36915186587,False,False,False,False,19965.41101710216,False,False,False,False
2025-04-02 16:00:00+00:00,8.96,9.21,8.94,9.155,20852.0,,,,,,,,,,,,,,,,,,,,,,,,,"rgba(239, 83, 80, 1.0)",0.0,0.0,0.6561341394936021,9.604476491676152,-0.6850375016655198,0.0,0.0,0.0,0.0,0.0,0.0,0.0,0.0,49.359445893762164,-6.64711236003415,True,False,False,False,True,0.0,0,,,False,False,False,False,,,False,False,False,False,65199.0,96836.14637431756,False,False,False,False,19979.156582728483,False,False,False,False
2025-04-02 17:00:00+00:00,9.155,9.23,8.935,8.99,28514.0,,,,,,,,,,,,,,,,,,,,,,,,,"rgba(239, 83, 80, 1.0)",0.0,0.0,0.6592435263444214,9.535641164717635,-0.8276776986241727,0.0,0.0,0.0,0.0,0.0,0.0,0.0,0.0,50.11466051282947,-6.146498021039413,True,False,False,False,True,0.0,0,,,False,False,False,False,,,False,False,False,False,36685.0,95903.57046153743,False,False,False,False,20111.479736484627,False,False,False,False
2025-04-02 18:00:00+00:00,8.985,8.995,8.82,8.86,14805.0,,,,,,,,,,,,,,,,,,,,,,,,,"rgba(239, 83, 80, 1.0)",0.0,0.0,0.6630031660544308,9.522953363077884,-0.9999248827470266,0.0,0.0,0.0,0.0,0.0,0.0,0.0,0.0,48.40607126025993,-6.146498021039413,True,False,False,False,True,0.0,0,,,False,False,False,False,,,False,False,False,False,21880.0,94755.9182063198,False,False,False,False,20029.2087328182,False,False,False,False
2025-04-02 19:00:00+00:00,8.865,8.945,8.79,8.855,52239.0,,,,,,,,,,,,,,,,,,,,,,,,,"rgba(239, 83, 80, 1.0)",0.0,0.0,0.6652293311806569,9.49125129172492,-0.9564390232097751,0.0,0.0,0.0,0.0,0.0,0.0,0.0,0.0,47.184062447260295,-6.146498021039413,True,False,False,True,False,0.0,0,,,False,False,False,False,,,False,False,False,False,-30359.0,92816.1520325784,False,False,False,False,20528.585341611717,False,False,False,False
2025-04-03 14:00:00+00:00,8.15,8.235,8.005,8.04,15754.0,,,,,,,,,,,,,,,,,,,,,,,,,"rgba(239, 83, 80, 1.0)",0.0,0.0,0.6830387653383636,9.459867531543246,-2.0787510220446612,0.0,0.0,0.0,0.0,0.0,0.0,0.0,0.0,38.859758134836255,-4.342246992249493,True,False,False,True,False,0.0,0,,,False,False,False,False,,,False,False,False,False,-46113.0,90662.21169098803,False,False,False,False,20454.560762672,False,False,False,False
2025-04-03 15:00:00+00:00,8.04,8.185,8.025,8.135,6273.0,,,,,,,,,,,,,,,,,,,,,,,,,"rgba(239, 83, 80, 1.0)",0.0,0.0,0.6947563121939482,9.448841774462412,-1.8910828896443914,0.0,0.0,0.0,0.0,0.0,0.0,0.0,0.0,34.91637669375512,-7.822915058179191,True,False,False,True,False,0.0,0,,,False,False,False,False,-0.34282825441539394,-0.34282825441539394,False,False,False,False,-39840.0,88638.92158725177,False,False,False,False,20234.69160356081,False,False,False,False
2025-04-03 16:00:00+00:00,8.135,8.205,8.07,8.12,12548.0,,,,,,,,,,,,,,,,,,,,,,,,,"rgba(239, 83, 80, 1.0)",0.0,0.0,0.7045311072487026,9.428710621285807,-1.857562580020796,0.0,0.0,0.0,0.0,0.0,0.0,0.0,0.0,32.18939895793997,-10.271486790238527,False,False,False,True,False,0.0,0,0.9226680384087791,1.0392661179698217,False,False,False,False,-0.335846770385646,-0.33933751240051996,False,False,False,False,-52388.0,86452.45768667421,False,False,False,False,20115.518090327307,False,False,False,False
2025-04-03 17:00:00+00:00,8.12,8.225,8.115,8.13,7185.0,,,,,,,,,,,,,,,,,,,,,,,,,"rgba(239, 83, 80, 1.0)",0.0,0.0,0.7172142868999021,9.418258006646441,-1.7961967994458485,0.0,0.0,0.0,0.0,0.0,0.0,0.0,0.0,30.569139189488563,-11.853105309513936,False,True,False,True,False,0.0,0,0.9128249566724437,1.0386481802426344,False,False,False,False,-0.32889670611595845,-0.33411710925823923,False,False,False,False,-45203.0,84411.28780005912,False,False,False,False,19915.044941640062,False,False,False,False
2025-04-03 18:00:00+00:00,8.13,8.14,7.985,8.025,13295.0,,,,,,,,,,,,,,,,,,,,,,,,,"rgba(239, 83, 80, 1.0)",0.0,0.0,0.7316671509776982,9.397763574621882,-1.8762132108671428,0.0,0.0,0.0,0.0,0.0,0.0,0.0,0.0,28.693794433410076,-13.819295410551831,False,True,False,True,False,0.0,0,0.9046132500867151,1.0367672563302115,False,False,False,False,-0.34282825441539394,-0.33847268183681656,False,False,False,False,-58498.0,82195.63992718999,False,False,False,False,19812.40858595572,False,False,False,False
2025-04-03 19:00:00+00:00,8.025,8.055,7.94,7.95,37076.0,,,,,,,,,,,,,,,,,,,,,,,,,"rgba(239, 83, 80, 1.0)",0.0,0.0,0.7446286637290086,9.344014945520671,-1.8720941234515682,0.0,0.0,0.0,0.0,0.0,0.0,0.0,0.0,26.89859027579135,-15.792596579424234,False,True,False,True,False,0.0,0,0.9023288147375738,1.0403197775460549,False,False,False,False,-0.34282825441539394,-0.3406504681261052,False,False,False,False,-95574.0,79439.52147870643,False,False,False,False,20080.06116601842,False,False,False,False
2025-04-04 14:00:00+00:00,7.425,7.45,7.185,7.34,15534.0,,,,,,,,,,,,,,,,,,,,,,,,,"rgba(239, 83, 80, 1.0)",0.0,0.0,0.7763938526382193,9.310057405002063,-2.5374459088099734,0.0,0.0,0.0,0.0,0.0,0.0,0.0,0.0,22.789033598291635,-19.89753220216771,False,True,False,True,False,0.0,0,0.8887171561051003,1.0571870170015456,False,False,False,False,-0.34282825441539394,-0.34173936127074955,False,False,False,False,-111108.0,76485.29633950167,False,False,False,False,20009.579597553016,False,False,False,False
2025-04-04 15:00:00+00:00,7.34,7.795,7.325,7.595,17906.0,,,,,,,,,,,,,,,,,,,,,,,,,"rgba(239, 83, 80, 1.0)",0.0,0.0,0.7985195930849431,9.279500909053004,-2.1095298395186832,0.0,0.0,0.0,0.0,0.0,0.0,0.0,0.0,24.31755015200476,-19.89753220216771,False,True,False,True,False,0.0,0,0.897864278332759,1.0454702032380294,False,False,False,False,-0.3009051674161407,-0.32132226434344513,False,False,False,False,-93202.0,73854.4855435404,False,False,False,False,19976.96596038165,False,False,False,False
2025-04-04 16:00:00+00:00,7.595,7.665,7.55,7.595,11652.0,,,,,,,,,,,,,,,,,,,,,,,,,"rgba(239, 83, 80, 1.0)",0.0,0.0,0.8164123064077715,9.261192746123479,-2.040871668697348,0.0,0.0,0.0,0.0,0.0,0.0,0.0,0.0,25.336561187813516,-19.89753220216771,False,True,False,True,False,0.0,0,0.9076896432282645,1.037928645652927,False,False,False,False,-0.2928164585094563,-0.3070693614264507,False,False,False,False,-93202.0,71264.46251185761,False,False,False,False,19847.89672068581,False,False,False,False
2025-04-04 17:00:00+00:00,7.6,7.71,7.55,7.62,16456.0,,,,,,,,,,,,,,,,,,,,,,,,,"rgba(239, 83, 80, 1.0)",0.0,0.0,0.8274247305251928,9.237048087589777,-1.9543144263568057,0.0,0.0,0.0,0.0,0.0,0.0,0.0,0.0,26.457906542366636,-19.89753220216771,False,True,False,True,True,0.0,0,0.9023207481815031,1.0377554554901283,False,False,False,False,-0.28899798927949,-0.2980336753529703,False,False,False,False,-76746.0,68969.72665896059,False,False,False,False,19795.309174628666,False,False,False,False
2025-04-04 18:00:00+00:00,7.625,7.66,7.44,7.5,12936.0,,,,,,,,,,,,,,,,,,,,,,,,,"rgba(239, 83, 80, 1.0)",0.0,0.0,0.8430004167867928,9.217523015610972,-2.0373928427669554,0.0,0.0,0.0,0.0,0.0,0.0,0.0,0.0,26.346880875412353,-19.89753220216771,False,True,False,True,True,0.0,0,0.9024263431542461,1.0383015597920278,False,False,False,False,-0.30261290293140397,-0.30032328914218714,False,False,False,False,-89682.0,66510.0099665736,False,False,False,False,19688.963295952253,False,False,False,False
2025-04-04 19:00:00+00:00,7.5,7.64,7.455,7.47,58730.0,,,,,,,,,,,,,,,,,,,,,,,,,"rgba(239, 83, 80, 1.0)",0.0,0.0,0.8589262362271182,9.136894701898298,-1.9406727045854677,0.0,0.0,0.0,0.0,0.0,0.0,0.0,0.0,26.05846884259985,-19.89753220216771,False,True,False,True,True,0.0,0,0.8995844875346259,1.0394736842105263,False,False,False,False,-0.3030401042575785,-0.3016816966998828,False,False,False,False,-148412.0,63177.885781045334,False,False,False,False,20294.250686712683,False,False,False,False
2025-04-07 14:00:00+00:00,7.195,7.86,7.14,7.345,13340.0,,,,,,,,,,,,,,,,,,,,,,,,,"rgba(239, 83, 80, 1.0)",0.0,0.0,0.8771794067986981,9.119237198235233,-2.022661709205399,0.0,0.0,0.0,0.0,0.0,0.0,0.0,0.0,24.987379501944172,-19.89753220216771,False,True,False,True,True,0.0,0,0.8858220469741127,1.045088290759472,False,False,False,False,-0.31117755535326,-0.3064296260265714,False,False,False,False,-161752.0,59690.60073017641,False,False,False,False,20186.432846608608,False,False,False,False
2025-04-07 15:00:00+00:00,7.345,7.53,7.05,7.175,8711.0,,,,,,,,,,,,,,,,,,,,,,,,,"rgba(239, 83, 80, 1.0)",0.0,0.0,0.895033986973591,9.106268832934756,-2.1577603320573573,0.0,0.0,0.0,0.0,0.0,0.0,0.0,0.0,23.232597385162183,-21.945556732612147,False,True,False,True,False,0.0,0,0.8798568507157465,1.0552147239263805,False,False,False,False,-0.34282825441539394,-0.32462894022098265,False,False,False,False,-170463.0,56122.32785063879,False,False,False,False,20008.51915906429,False,False,False,False
2025-04-07 16:00:00+00:00,7.155,7.3,7.045,7.175,12611.0,,,,,,,,,,,,,,,,,,,,,,,,,"rgba(239, 83, 80, 1.0)",0.0,0.0,0.915464486053517,9.086996026067899,-2.088552920616656,0.0,0.0,0.0,0.0,0.0,0.0,0.0,0.0,22.062742640640856,-23.39301790362657,False,True,False,True,False,0.0,0,0.8833362054109941,1.0682405652248836,False,False,False,False,-0.34282825441539394,-0.33372859731818827,False,False,False,False,-170463.0,52609.37703124904,False,False,False,False,19893.828939543913,False,False,False,False
2025-04-07 17:00:00+00:00,7.175,7.515,7.15,7.505,18284.0,,,,,,,,,,,,,,,,,,,,,,,,,"rgba(239, 83, 80, 1.0)",0.0,0.0,0.9276382974041207,9.063910587178384,-1.680515553897246,0.0,0.0,0.0,0.0,0.0,0.0,0.0,0.0,28.00907361749367,-26.770361244739302,False,True,False,True,True,0.0,0,0.8875942426319396,1.0474640164496232,False,False,False,False,-0.3159596464778812,-0.32484412189803474,False,False,False,False,-152179.0,49434.36343386533,False,False,False,False,19868.870351333928,False,False,False,False
2025-04-07 18:00:00+00:00,7.505,7.54,7.26,7.265,14670.0,,,,,,,,,,,,,,,,,,,,,,,,,"rgba(239, 83, 80, 1.0)",0.0,0.0,0.9449735446032367,9.045555271714747,-1.8842382222058331,0.0,0.0,0.0,0.0,0.0,0.0,0.0,0.0,29.704488090518776,-25.203835884687642,False,True,False,True,True,0.0,0,0.8918503331624805,1.046130189646335,False,False,False,False,-0.3047575657136285,-0.3148008438058316,False,False,False,False,-166849.0,46081.1329930302,False,False,False,False,19788.267710227974,False,False,False,False
2025-04-07 19:00:00+00:00,7.265,7.61,7.265,7.59,56189.0,,,,,,,,,,,,,,,,,,,,,,,,,"rgba(239, 83, 80, 1.0)",0.0,0.0,0.9538900913136229,8.986698547927055,-1.4642132889792696,0.0,0.0,0.0,0.0,0.0,0.0,0.0,0.0,35.434808462732605,-19.932703622989948,True,False,False,True,True,0.0,0,0.8908468776732247,1.0513259195893925,False,False,False,False,-0.29856626465898645,-0.306683554232409,False,False,False,False,-110660.0,43651.03790786694,False,False,False,False,20352.62014882909,False,False,False,False
2025-04-08 14:00:00+00:00,7.715,7.78,7.56,7.575,16645.0,,,,,,,,,,,,,,,,,,,,,,,,,"rgba(239, 83, 80, 1.0)",0.0,0.0,0.9626105552512328,8.972539491346092,-1.451822321833305,0.0,0.0,0.0,0.0,0.0,0.0,0.0,0.0,39.08938020012822,-16.722768966635314,True,False,False,True,True,0.0,0,0.8943589743589743,1.0456410256410256,False,False,False,False,-0.26065242033565683,-0.2836679872840329,False,False,False,False,-127305.0,41000.55669999304,False,False,False,False,20295.137665901508,False,False,False,False
2025-04-08 15:00:00+00:00,7.575,7.715,7.475,7.695,9427.0,,,,,,,,,,,,,,,,,,,,,,,,,"rgba(239, 83, 80, 1.0)",0.0,0.0,0.9696010231761052,8.964607075951625,-1.309411856634386,0.0,0.0,0.0,0.0,0.0,0.0,0.0,0.0,43.08136348904589,-13.1820657718051,True,False,False,True,True,0.0,0,0.8889842141386408,1.0554221002059023,False,False,False,False,-0.2697680118132078,-0.27671799954862036,False,False,False,False,-117878.0,38537.32326278384,False,False,False,False,20126.63940751544,False,False,False,False
2025-04-08 16:00:00+00:00,7.705,7.71,7.24,7.25,8448.0,,,,,,,,,,,,,,,,,,,,,,,,,"rgba(239, 83, 80, 1.0)",0.0,0.0,0.9834921142229586,8.955975236475183,-1.7346099798909387,0.0,0.0,0.0,0.0,0.0,0.0,0.0,0.0,41.20732278329966,-13.1820657718051,True,False,False,True,True,0.0,0,0.8932005494505494,1.0552884615384615,False,False,False,False,-0.288871860814317,-0.2827949301814687,False,False,False,False,-126326.0,35981.30274708176,False,False,False,False,19945.575230654733,False,False,False,False
2025-04-08 17:00:00+00:00,7.25,7.4,7.15,7.36,7455.0,,,,,,,,,,,,,,,,,,,,,,,,,"rgba(239, 83, 80, 1.0)",0.0,0.0,0.9937575292932544,8.94786025914614,-1.5978346954265612,0.0,0.0,0.0,0.0,0.0,0.0,0.0,0.0,41.39606967110389,-13.1820657718051,True,False,False,True,True,0.0,0,0.8907849829351536,1.0583617747440273,False,False,False,False,-0.32418486196508567,-0.30348989607327714,False,False,False,False,-118871.0,33580.49185177817,False,False,False,False,19751.92290149729,False,False,False,False
2025-04-08 18:00:00+00:00,7.365,7.415,7.22,7.24,13605.0,,,,,,,,,,,,,,,,,,,,,,,,,"rgba(239, 83, 80, 1.0)",0.0,0.0,1.003525600386277,8.93318843810094,-1.6872399044420967,0.0,0.0,0.0,0.0,0.0,0.0,0.0,0.0,40.43503445972519,-13.1820657718051,True,False,False,True,False,0.0,1,0.8938803186980844,1.0550940837430074,False,False,False,False,-0.3152340465890607,-0.30936197133116894,False,False,False,False,-132476.0,31005.97259826223,False,False,False,False,19656.62177124152,False,False,False,False
2025-04-08 19:00:00+00:00,7.24,7.275,6.98,7.155,31272.0,,,,,,,,,,,,,,,,,,,,,,,,,"rgba(239, 83, 80, 1.0)",-1.0,7.5225,1.0117462960483594,8.720849792309394,-1.5476703976335089,0.0,0.0,0.0,0.0,0.0,0.0,0.0,0.0,39.04260759712734,-13.1820657718051,True,False,False,True,False,0.0,1,0.8983339000340018,1.060013600816049,False,False,False,False,-0.34282825441539394,-0.3260951128732814,False,False,False,False,-163748.0,27986.531162630257,False,False,False,False,19836.705154633124,True,False,False,False
2025-04-09 14:00:00+00:00,7.545,7.775,7.495,7.525,40511.0,,,,,,,,,,,,,,,,,,,,,,,,,"rgba(239, 83, 80, 1.0)",0.0,0.0,1.0113906535330754,8.719800172464653,-1.181343893470714,0.0,0.0,0.0,0.0,0.0,0.0,0.0,0.0,42.84937401878315,-13.057371426455546,True,False,False,True,True,0.0,1,0.9140598721829801,1.03447695930037,False,False,False,False,-0.2482591653581097,-0.28717713911569553,False,False,False,False,-123237.0,25641.980291891803,False,False,False,False,20157.236857662065,False,False,False,False
2025-04-09 15:00:00+00:00,7.55,7.65,7.49,7.51,36760.0,,,,,,,,,,,,,,,,,,,,,,,,,"rgba(239, 83, 80, 1.0)",0.0,0.0,1.007169823840082,8.700465562278378,-1.1819908957750902,0.0,0.0,0.0,0.0,0.0,0.0,0.0,0.0,45.21797177008201,-10.679310010589376,True,False,False,True,True,0.0,1,0.9146838885112167,1.0431679129843643,False,False,False,False,-0.2600992385715208,-0.27363818884360813,False,False,False,False,-159997.0,22763.856566436116,False,False,False,False,20414.644038163427,False,False,False,False
2025-04-09 16:00:00+00:00,7.51,7.8,7.5,7.65,21347.0,,,,,,,,,,,,,,,,,,,,,,,,,"rgba(239, 83, 80, 1.0)",0.0,0.0,0.9968619999011169,8.691458231729998,-1.0447366153322166,0.0,0.0,0.0,0.0,0.0,0.0,0.0,0.0,48.39100447595173,-7.581632558756695,True,False,False,False,True,0.0,0,0.9168531588913755,1.0426923739025649,False,False,False,False,-0.24553661322060416,-0.25958740103210615,False,False,False,False,-138650.0,20261.316154553384,False,False,False,False,20429.09916935469,False,False,False,False
2025-04-09 17:00:00+00:00,7.65,8.67,7.56,8.65,34536.0,,,,,,,,,,,,,,,,,,,,,,,,,"rgba(38, 166, 154, 1.0)",0.0,0.0,0.9765586894159928,8.703164395241753,-0.05444055315666337,0.0,0.0,0.0,0.0,0.0,0.0,0.0,0.0,57.05945505980762,0.41065108551823926,True,False,True,False,True,0.0,0,0.9109161464484561,1.0168719419605197,False,False,False,False,-0.1567739093116934,-0.20818065517189976,False,False,False,False,-104114.0,18333.016679288987,False,False,False,False,20647.810810139887,False,False,False,False
2025-04-09 18:00:00+00:00,8.8,8.86,8.29,8.295,22958.0,,,,,,,,,,,,,,,,,,,,,,,,,"rgba(38, 166, 154, 1.0)",0.0,0.0,0.9571178912013218,8.691425801795246,-0.41418701441018313,0.0,0.0,0.0,0.0,0.0,0.0,0.0,0.0,59.17263617571538,2.145719407474985,True,False,True,False,True,0.0,0,0.9436549072061526,0.9954857047316503,False,False,False,False,-0.07435359219486294,-0.14126712368338135,False,False,False,False,-127072.0,16078.675335424043,False,False,False,False,20683.627696804382,False,False,False,False
2025-04-09 19:00:00+00:00,8.295,8.795,8.275,8.675,62148.0,,,,,,,,,,,,,,,,,,,,,,,,,"rgba(38, 166, 154, 1.0)",0.0,0.0,0.9343522446685324,8.717341789852998,-0.04531673155879094,0.0,0.0,0.0,0.0,0.0,0.0,0.0,0.0,62.4250256531473,5.111954419764679,True,False,True,False,True,0.0,0,0.9482901040806213,0.9886006938708077,False,False,False,False,-0.08146488475102136,-0.11136600421720136,False,False,False,False,-64924.0,14822.819903867081,False,False,False,False,21326.486182125245,False,False,False,False
2025-04-10 14:00:00+00:00,7.785,8.01,7.7,7.74,22026.0,,,,,,,,,,,,,,,,,,,,,,,,,"rgba(38, 166, 154, 1.0)",0.0,0.0,0.9150511579259542,8.693694539694498,-1.0422308429794593,0.0,0.0,0.0,0.0,0.0,0.0,0.0,0.0,57.81691400506094,5.111954419764679,True,False,True,False,False,0.0,0,0.9241245136186771,1.0025940337224384,False,False,False,False,-0.2042390366359579,-0.15780252042657963,False,False,False,False,-86950.0,13244.94672706294,False,False,False,False,21337.33135759617,False,False,False,False
2025-04-10 15:00:00+00:00,7.74,7.78,7.615,7.635,13952.0,,,,,,,,,,,,,,,,,,,,,,,,,"rgba(38, 166, 154, 1.0)",0.0,0.0,0.8983014903514163,8.678407621983204,-1.1615338872197827,0.0,0.0,0.0,0.0,0.0,0.0,0.0,0.0,54.16290358834869,12.111136491130203,True,False,True,False,False,0.0,0,0.9139470693294365,1.0112031173891864,False,False,False,False,-0.23342633495894186,-0.19561442769276075,False,False,False,False,-100902.0,11475.22662276739,False,False,False,False,21222.83009623809,False,False,False,False
2025-04-10 16:00:00+00:00,7.625,7.695,7.52,7.68,11425.0,,,,,,,,,,,,,,,,,,,,,,,,,"rgba(38, 166, 154, 1.0)",0.0,0.0,0.8782246218858218,8.666469848328289,-1.1232546022338008,0.0,0.0,0.0,0.0,0.0,0.0,0.0,0.0,52.02848502374778,10.053820544468223,True,False,False,False,False,0.0,0,0.9142624286878565,1.0130399348003258,False,False,False,False,-0.25027880480902615,-0.22294661625089346,False,False,False,False,-89477.0,9910.075822414407,False,False,False,False,21070.925753660755,False,False,False,False
2025-04-10 17:00:00+00:00,7.68,7.885,7.585,7.855,5651.0,,,,,,,,,,,,,,,,,,,,,,,,,"rgba(38, 166, 154, 1.0)",0.0,0.0,0.8614370352879972,8.66213868055444,-0.9369677033732309,0.0,0.0,0.0,0.0,0.0,0.0,0.0,0.0,51.81261998994535,9.58787426869813,True,False,False,False,False,0.0,0,0.9171144764696303,1.0053737176355642,False,False,False,False,-0.22644324376109642,-0.22469493000599494,False,False,False,False,-83826.0,8456.80332904364,False,False,False,False,20831.85713732493,False,False,False,False
2025-04-10 18:00:00+00:00,7.855,7.94,7.735,7.78,7101.0,,,,,,,,,,,,,,,,,,,,,,,,,"rgba(38, 166, 154, 1.0)",0.0,0.0,0.8463224791642646,8.657365927617336,-1.036680401640432,0.0,0.0,0.0,0.0,0.0,0.0,0.0,0.0,51.114811673046475,8.488784617479737,True,False,False,False,False,0.0,0,0.9165989270037391,1.005364981303853,False,False,False,False,-0.2074643087693704,-0.21607961938768266,False,False,False,False,-90927.0,6915.969168903427,False,False,False,False,20618.97563131989,False,False,False,False
2025-04-10 19:00:00+00:00,7.775,7.865,7.57,7.74,18004.0,,,,,,,,,,,,,,,,,,,,,,,,,"rgba(38, 166, 154, 1.0)",0.0,0.0,0.8294699110476172,8.643884181361996,-1.0897130436237201,0.0,0.0,0.0,0.0,0.0,0.0,0.0,0.0,50.33413673704409,7.234398203335765,True,False,False,False,False,0.0,0,0.9104598445595854,1.0093911917098446,False,False,False,False,-0.2296992782721822,-0.22288944882993245,False,False,False,False,-108931.0,5119.892127525079,False,False,False,False,20578.43337346997,False,False,False,False
2025-04-11 14:00:00+00:00,7.675,7.685,7.42,7.495,8935.0,,,,,,,,,,,,,,,,,,,,,,,,,"rgba(38, 166, 154, 1.0)",0.0,0.0,0.8160718205012505,8.543611512018929,-1.284950032185705,0.0,0.0,0.0,0.0,0.0,0.0,0.0,0.0,47.928545332565236,4.490180134642507,True,False,False,True,False,0.0,0,0.9041713641488162,1.013367692059913,False,False,False,False,-0.26064593741513015,-0.2417676931225313,False,False,False,False,-117866.0,3213.1341100440695,False,False,False,False,20397.915026594466,False,False,False,False
2025-04-11 15:00:00+00:00,7.49,7.685,7.49,7.66,9950.0,,,,,,,,,,,,,,,,,,,,,,,,,"rgba(38, 166, 154, 1.0)",0.0,0.0,0.8020805883888972,8.5397569148291,-1.0968435436097859,0.0,0.0,0.0,0.0,0.0,0.0,0.0,0.0,47.856067899748425,3.945763987927073,True,False,False,True,False,0.0,0,0.9063054346073213,1.0162876955329785,False,False,False,False,-0.2523280408042663,-0.2470478669633988,False,False,False,False,-107916.0,1490.2017982604405,False,False,False,False,20235.931847887576,False,False,False,False
2025-04-11 16:00:00+00:00,7.66,7.83,7.585,7.785,10902.0,,,,,,,,,,,,,,,,,,,,,,,,,"rgba(38, 166, 154, 1.0)",0.0,0.0,0.7897904671379564,8.538458816556796,-0.9539983678040337,0.0,0.0,0.0,0.0,0.0,0.0,0.0,0.0,48.930146667232066,3.945763987927073,True,False,False,False,False,0.0,0,0.9216036357734132,1.0076286317156304,False,False,False,False,-0.22942349765417314,-0.23823568230878597,False,False,False,False,-97014.0,-36.99512884437263,False,False,False,False,20091.219726214902,False,False,False,False
2025-04-11 17:00:00+00:00,7.785,8.045,7.72,7.95,18584.0,,,,,,,,,,,,,,,,,,,,,,,,,"rgba(38, 166, 154, 1.0)",0.0,0.0,0.7776202435914673,8.540654292312487,-0.759566507148179,0.0,0.0,0.0,0.0,0.0,0.0,0.0,0.0,51.06951729302734,3.945763987927073,True,False,False,False,True,0.0,0,0.9307604994324631,0.9962704718663855,False,False,False,False,-0.19643353711599817,-0.21733460971239207,False,False,False,False,-78430.0,-1252.3905532033746,False,False,False,False,20067.85197852165,False,False,False,False
2025-04-11 18:00:00+00:00,7.955,8.02,7.8,7.805,11235.0,,,,,,,,,,,,,,,,,,,,,,,,,"rgba(38, 166, 154, 1.0)",0.0,0.0,0.7680232435953437,8.538672753485326,-0.9552741529680627,0.0,0.0,0.0,0.0,0.0,0.0,0.0,0.0,51.03023204139543,3.945763987927073,True,False,False,False,True,0.0,0,0.9339485186983975,0.9925530192650155,False,False,False,False,-0.19128930710111697,-0.20431195840675453,False,False,False,False,-89665.0,-2623.128684161462,False,False,False,False,19930.908536994182,False,False,False,False
2025-04-11 19:00:00+00:00,7.8,8.04,7.8,8.0,45735.0,,,,,,,,,,,,,,,,,,,,,,,,,"rgba(38, 166, 154, 1.0)",0.0,0.0,0.7565718200666273,8.532542157864992,-0.7038884395906967,0.0,0.0,0.0,0.0,0.0,0.0,0.0,0.0,52.75811260124104,3.945763987927073,True,False,True,False,True,0.0,0,0.940852374007454,0.9881704748014908,False,False,False,False,-0.18942116896660172,-0.19686656368667813,False,False,False,False,-43930.0,-3263.545293709346,False,False,False,False,20330.971970529154,False,False,False,False
2025-04-14 14:00:00+00:00,8.23,8.41,8.17,8.39,12120.0,,,,,,,,,,,,,,,,,,,,,,,,,"rgba(38, 166, 154, 1.0)",0.0,0.0,0.746484505610885,8.537568904858833,-0.19768515454727356,0.0,0.0,0.0,0.0,0.0,0.0,0.0,0.0,56.74816230814326,2.034675526553329,True,False,True,False,True,0.0,0,0.9465146161259236,0.9762287182781882,False,False,False,False,-0.12110049175171803,-0.15898352771919808,False,False,False,False,-31810.0,-3706.1259868301313,False,False,False,False,20203.6700795132,False,False,False,False
2025-04-14 15:00:00+00:00,8.39,8.455,8.16,8.205,11401.0,,,,,,,,,,,,,,,,,,,,,,,,,"rgba(38, 166, 154, 1.0)",0.0,0.0,0.734603576369204,8.540590345132806,-0.4568318967237665,0.0,0.0,0.0,0.0,0.0,0.0,0.0,0.0,57.379717858051634,2.770846370142621,True,False,True,False,True,0.0,0,0.9529184134150274,0.9767816833279588,False,False,False,False,-0.1179016560557938,-0.13844259188749594,False,False,False,False,-43211.0,-4318.604653700982,False,False,False,False,20067.194574404468,False,False,False,False
2025-04-14 16:00:00+00:00,8.205,8.28,8.11,8.23,9021.0,,,,,,,,,,,,,,,,,,,,,,,,,"rgba(38, 166, 154, 1.0)",0.0,0.0,0.7182698682275446,8.541702196044039,-0.4339625116298105,0.0,0.0,0.0,0.0,0.0,0.0,0.0,0.0,57.99501540793956,3.5759228125138947,True,False,True,False,True,0.0,0,0.950064850843061,0.9850843060959793,False,False,False,False,-0.13851044023991899,-0.13847651606370748,False,False,False,False,-34190.0,-4781.727062170734,False,False,False,False,19895.935743793543,False,False,False,False
2025-04-14 17:00:00+00:00,8.23,8.365,8.185,8.3,11115.0,,,,,,,,,,,,,,,,,,,,,,,,,"rgba(38, 166, 154, 1.0)",0.0,0.0,0.6996637030011692,8.543976645252682,-0.348705591280721,0.0,0.0,0.0,0.0,0.0,0.0,0.0,0.0,58.98287054170023,4.763214627904873,True,False,True,False,True,0.0,0,0.9510966693744922,0.9847278635255889,False,False,False,False,-0.1238443128109869,-0.1311604144373472,False,False,False,False,-23075.0,-5065.343696865762,False,False,False,False,19759.797205130075,False,False,False,False
2025-04-14 18:00:00+00:00,8.3,8.435,8.27,8.335,32199.0,,,,,,,,,,,,,,,,,,,,,,,,,"rgba(38, 166, 154, 1.0)",0.0,0.0,0.68633090277804,8.551309155693527,-0.3151674430190723,0.0,0.0,0.0,0.0,0.0,0.0,0.0,0.0,59.945298147140605,5.925825185596416,True,False,True,False,True,0.0,0,0.953416653140724,0.9793864632364875,False,False,False,False,-0.10968693543748549,-0.12042367493741635,False,False,False,False,9124.0,-4845.353872108153,False,False,False,False,19952.65306241488,False,False,False,False
2025-04-14 19:00:00+00:00,8.335,8.515,8.27,8.27,75216.0,,,,,,,,,,,,,,,,,,,,,,,,,"rgba(38, 166, 154, 1.0)",0.0,0.0,0.6719378859109926,8.545056686801429,-0.40934838259419754,0.0,0.0,0.0,0.0,0.0,0.0,0.0,0.0,59.6276528532794,5.925825185596416,True,False,True,False,True,0.0,0,0.9501859938541161,0.9802684780850719,False,False,False,False,-0.10239735338325462,-0.11141051416033548,False,False,False,False,-66092.0,-5794.914277191748,False,False,False,False,20809.449138966585,False,False,False,False
2025-04-15 14:00:00+00:00,8.24,8.41,8.18,8.26,15240.0,,,,,,,,,,,,,,,,,,,,,,,,,"rgba(38, 166, 154, 1.0)",0.0,0.0,0.654629129582017,8.544294177272025,-0.43428280903654315,0.0,0.0,0.0,0.0,0.0,0.0,0.0,0.0,59.25884959932624,5.925825185596416,True,False,True,False,True,0.0,0,0.9481923821820528,0.9838605551969011,False,False,False,False,-0.12018628982864794,-0.1157984019944917,False,False,False,False,-81332.0,-6966.031885297301,False,False,False,False,20723.101090300435,False,False,False,False
2025-04-15 15:00:00+00:00,8.26,8.315,8.205,8.23,9580.0,,,,,,,,,,,,,,,,,,,,,,,,,"rgba(38, 166, 154, 1.0)",0.0,0.0,0.6370662276234634,8.543352999047936,-0.49186879709018666,0.0,0.0,0.0,0.0,0.0,0.0,0.0,0.0,58.50100376895105,5.925825185596416,True,False,True,False,True,0.0,0,0.9447585204328864,0.9901469875625909,False,False,False,False,-0.12658999039212934,-0.12119419619331052,False,False,False,False,-90912.0,-8267.51976304463,False,False,False,False,20550.339833086477,False,False,False,False
2025-04-15 16:00:00+00:00,8.24,8.27,8.175,8.215,6812.0,,,,,,,,,,,,,,,,,,,,,,,,,"rgba(38, 166, 154, 1.0)",0.0,0.0,0.6203588179941312,8.542403949850616,-0.527765448566113,0.0,0.0,0.0,0.0,0.0,0.0,0.0,0.0,57.719424372886245,5.925825185596416,True,False,True,False,False,0.0,0,0.9432889177770555,0.9964250893727657,False,False,False,False,-0.13346259138267919,-0.12732839378799485,False,False,False,False,-97724.0,-9654.441937260992,False,False,False,False,20337.34231629444,False,False,False,False
2025-04-15 17:00:00+00:00,8.215,8.22,8.065,8.075,19527.0,,,,,,,,,,,,,,,,,,,,,,,,,"rgba(38, 166, 154, 1.0)",0.0,0.0,0.6104494135360433,8.537050141948425,-0.756901606755569,0.0,0.0,0.0,0.0,0.0,0.0,0.0,0.0,54.717844670255644,7.800964406816433,True,False,True,False,False,0.0,0,0.9396355353075171,0.9952814838919621,False,False,False,False,-0.14816697665114045,-0.13774768521956765,False,False,False,False,-117251.0,-11322.605628156169,False,False,False,False,20324.778869530182,False,False,False,False
2025-04-15 18:00:00+00:00,8.075,8.11,7.97,8.075,12370.0,,,,,,,,,,,,,,,,,,,,,,,,,"rgba(38, 166, 154, 1.0)",0.0,0.0,0.60112752166018,8.532839715463366,-0.7616349259786269,0.0,0.0,0.0,0.0,0.0,0.0,0.0,0.0,52.71679153516858,5.906611320409155,True,False,False,False,False,0.0,0,0.9343648208469054,1.0001628664495115,False,False,False,False,-0.1671012810542707,-0.15242448313691917,False,False,False,False,-117251.0,-12964.906316091732,False,False,False,False,20201.448964576226,False,False,False,False
2025-04-15 19:00:00+00:00,8.075,8.22,8.035,8.155,68085.0,,,,,,,,,,,,,,,,,,,,,,,,,"rgba(38, 166, 154, 1.0)",0.0,0.0,0.5921021262653438,8.520638873670297,-0.6175267026594677,0.0,0.0,0.0,0.0,0.0,0.0,0.0,0.0,52.87781980858076,5.906611320409155,True,False,True,False,False,0.0,0,0.9342707652060169,1.0029431000654023,False,False,False,False,-0.15093095582870492,-0.15167771948281206,False,False,False,False,-49166.0,-13526.163582508914,False,False,False,False,20943.829600784346,False,False,False,False
2025-04-16 14:00:00+00:00,8.005,8.13,7.955,8.0,7249.0,,,,,,,,,,,,,,,,,,,,,,,,,"rgba(38, 166, 154, 1.0)",0.0,0.0,0.5822649701772458,8.518600091534266,-0.8906599539663187,0.0,0.0,0.0,0.0,0.0,0.0,0.0,0.0,50.14597084575826,3.412259643210106,False,False,False,False,False,0.0,0,0.9220990873533246,1.0073337679269883,False,False,False,False,-0.16663810751464067,-0.15915791349872638,False,False,False,False,-56415.0,-14191.106782780094,False,False,False,False,20731.5066612373,False,False,False,False
2025-04-16 15:00:00+00:00,8.005,8.055,7.915,7.93,15730.0,,,,,,,,,,,,,,,,,,,,,,,,,"rgba(38, 166, 154, 1.0)",0.0,0.0,0.5703632634139982,8.513286322575162,-1.022657593835569,0.0,0.0,0.0,0.0,0.0,0.0,0.0,0.0,47.20433130342545,0.7107219080922604,False,False,False,True,False,0.0,0,0.9200913242009131,1.0123939986953687,False,False,False,False,-0.1701539993033689,-0.16465595640104763,False,False,False,False,-72145.0,-15089.616755140094,False,False,False,False,20653.96392230339,False,False,False,False
2025-04-16 16:00:00+00:00,7.935,8.15,7.915,8.145,14091.0,,,,,,,,,,,,,,,,,,,,,,,,,"rgba(38, 166, 154, 1.0)",0.0,0.0,0.5562806829274339,8.5102908774275,-0.6566664790608105,0.0,0.0,0.0,0.0,0.0,0.0,0.0,0.0,49.27848143453346,0.7107219080922604,False,False,False,False,True,0.0,0,0.9317434210526316,1.0059210526315792,False,False,False,False,-0.16096216638514066,-0.16280906139309415,False,False,False,False,-58054.0,-15755.73122405265,False,False,False,False,20552.212543663023,False,False,False,False
2025-04-16 17:00:00+00:00,8.145,8.22,7.915,7.92,20365.0,,,,,,,,,,,,,,,,,,,,,,,,,"rgba(38, 166, 154, 1.0)",0.0,0.0,0.5494208088753461,8.50507213402911,-1.064888924077596,0.0,0.0,0.0,0.0,0.0,0.0,0.0,0.0,47.18099247939688,0.7107219080922604,False,True,False,True,False,0.0,0,0.9283728536385936,1.0011447260834017,False,False,False,False,-0.15420653579943974,-0.15850779859626696,False,False,False,False,-78419.0,-16727.254770966563,False,False,False,False,20549.31002360623,False,False,False,False
2025-04-16 18:00:00+00:00,7.92,8.04,7.875,7.955,19589.0,,,,,,,,,,,,,,,,,,,,,,,,,"rgba(38, 166, 154, 1.0)",0.0,0.0,0.5418071196975631,8.499118872758832,-1.0042667454472707,0.0,0.0,0.0,0.0,0.0,0.0,0.0,0.0,46.411111893841735,0.3894072944406446,False,True,False,True,False,0.0,0,0.9240816326530612,1.0096326530612245,False,False,False,False,-0.1754885350670651,-0.16699816683166602,False,False,False,False,-58830.0,-17380.010510951575,False,False,False,False,20534.421496108458,False,False,False,False
2025-04-16 19:00:00+00:00,7.955,8.08,7.86,8.02,39942.0,,,,,,,,,,,,,,,,,,,,,,,,,"rgba(38, 166, 154, 1.0)",0.0,0.0,0.535468709392765,8.488913472773755,-0.8757065810727103,0.0,0.0,0.0,0.0,0.0,0.0,0.0,0.0,47.085396684802234,0.3894072944406446,False,True,False,True,False,0.0,0,0.9241783273673934,1.0079726651480638,False,False,False,False,-0.1730625381207776,-0.1700303524762218,False,False,False,False,-18888.0,-17403.390192952324,False,False,False,False,20835.314186091273,False,False,False,False
2025-04-17 14:00:00+00:00,7.485,7.52,7.33,7.355,51827.0,,,,,,,,,,,,,,,,,,,,,,,,,"rgba(239, 83, 80, 1.0)",0.0,0.0,0.5350243574484046,8.376343727746644,-1.9089667853956298,0.0,0.0,0.0,0.0,0.0,0.0,0.0,0.0,40.64861689590898,-4.984996413931292,False,True,False,True,False,0.0,0,0.91712,1.0086400000000002,False,False,False,False,-0.28116181995765704,-0.22559608621693944,False,False,False,False,-70715.0,-18229.9267791081,False,False,False,False,21315.80543902009,False,False,False,False
2025-04-17 15:00:00+00:00,7.355,7.67,7.355,7.615,32830.0,,,,,,,,,,,,,,,,,,,,,,,,,"rgba(239, 83, 80, 1.0)",0.0,0.0,0.5294614125575187,8.36397754128617,-1.4146026953471393,0.0,0.0,0.0,0.0,0.0,0.0,0.0,0.0,40.16066215738653,-5.311850771567137,False,True,False,True,False,0.0,0,0.9177164726518896,1.0055812470100463,False,False,False,False,-0.26343283746449797,-0.2445144618407187,False,False,False,False,-37885.0,-18534.656596486268,False,False,False,False,21494.320083376366,False,False,False,False
2025-04-17 16:00:00+00:00,7.615,7.735,7.6,7.685,10547.0,,,,,,,,,,,,,,,,,,,,,,,,,"rgba(239, 83, 80, 1.0)",0.0,0.0,0.5238429979359296,8.361640149381557,-1.2916850125852335,0.0,0.0,0.0,0.0,0.0,0.0,0.0,0.0,40.7610306824903,-5.311850771567137,False,True,False,True,False,0.0,0,0.9241622574955908,1.007535674202341,False,False,False,False,-0.23241286386930252,-0.2384636628550106,False,False,False,False,-27338.0,-18671.14254072679,False,False,False,False,21324.594190610842,False,False,False,False
2025-04-17 17:00:00+00:00,7.685,7.785,7.565,7.685,14136.0,,,,,,,,,,,,,,,,,,,,,,,,,"rgba(239, 83, 80, 1.0)",0.0,0.0,0.5142893899125208,8.358212754204077,-1.3090154442396507,0.0,0.0,0.0,0.0,0.0,0.0,0.0,0.0,41.16127636589281,-5.311850771567137,False,True,False,True,False,0.0,0,0.9195770586350528,1.005927587311759,False,False,False,False,-0.22748699893694574,-0.23297533089597816,False,False,False,False,-27338.0,-18805.512423816293,False,False,False,False,21213.143117888194,False,False,False,False
2025-04-17 18:00:00+00:00,7.685,7.705,7.58,7.58,18024.0,,,,,,,,,,,,,,,,,,,,,,,,,"rgba(239, 83, 80, 1.0)",0.0,0.0,0.5032698217790634,8.352153074056877,-1.5342725524993912,0.0,0.0,0.0,0.0,0.0,0.0,0.0,0.0,40.31229883771513,-5.516615786668169,False,True,False,True,False,0.0,0,0.9229905342531687,1.0046526552222046,False,False,False,False,-0.2339091725350907,-0.23344225171553443,False,False,False,False,-45362.0,-19217.24091336953,False,False,False,False,21163.699038541086,False,False,False,False
2025-04-17 19:00:00+00:00,7.585,7.7,7.49,7.51,49919.0,,,,,,,,,,,,,,,,,,,,,,,,,"rgba(239, 83, 80, 1.0)",0.0,0.0,0.4945893464497986,8.332346853008817,-1.662686143386807,0.0,0.0,0.0,0.0,0.0,0.0,0.0,0.0,39.01969030559627,-6.966226632552157,False,True,False,True,False,0.0,0,0.92272,1.00096,False,False,False,False,-0.24369449346192815,-0.2385683725887313,False,False,False,False,-95281.0,-20396.523999983954,False,False,False,False,21609.517658098586,False,False,False,False
2025-04-18 14:00:00+00:00,7.51,7.51,7.51,7.51,0.0,,,,,,,,,,,,,,,,,,,,,,,,,"rgba(239, 83, 80, 1.0)",0.0,0.0,0.48584907566480146,8.332346853008817,-1.6925973397882372,0.0,0.0,0.0,0.0,0.0,0.0,0.0,0.0,38.157951284183696,-8.002836555107223,False,True,False,True,False,0.0,0,0.9226305609284332,1.0106382978723403,False,False,False,False,-0.2613213024855719,-0.24994483753715158,False,False,False,False,-95281.0,-21557.52362789118,False,False,False,False,21274.48637657768,False,False,False,False
2025-04-18 15:00:00+00:00,7.51,7.51,7.51,7.51,0.0,,,,,,,,,,,,,,,,,,,,,,,,,"rgba(239, 83, 80, 1.0)",0.0,0.0,0.4784160050352538,8.332346853008817,-1.7188949457245257,0.0,0.0,0.0,0.0,0.0,0.0,0.0,0.0,37.58345860324198,-8.78536583111432,False,True,False,True,False,0.0,0,0.9242349860906562,1.015709376534119,False,False,False,False,-0.2611446558193433,-0.25554474667824745,False,False,False,False,-95281.0,-22700.523261567283,False,False,False,False,20944.6493784912,False,False,False,False
2025-04-18 16:00:00+00:00,7.51,7.51,7.51,7.51,0.0,,,,,,,,,,,,,,,,,,,,,,,,,"rgba(239, 83, 80, 1.0)",0.0,0.0,0.4717044807049596,8.332346853008817,-1.7433517947080435,0.0,0.0,0.0,0.0,0.0,0.0,0.0,0.0,37.20046348261417,-9.408451883146945,False,True,False,True,False,0.0,0,0.929159802306425,1.0018121911037892,False,False,False,False,-0.2611446558193433,-0.2583447012487954,False,False,False,False,-95281.0,-23825.80197069027,False,False,False,False,20619.92613231304,False,False,False,False
2025-04-18 17:00:00+00:00,7.51,7.51,7.51,7.51,0.0,,,,,,,,,,,,,,,,,,,,,,,,,"rgba(239, 83, 80, 1.0)",0.0,0.0,0.45886550267978143,8.332346853008817,-1.7921304787705743,0.0,0.0,0.0,0.0,0.0,0.0,0.0,0.0,36.94513340219562,-9.927550536992271,False,True,False,True,False,0.0,0,0.9305325835262983,0.9973536222295732,False,False,False,False,-0.2611446558193433,-0.25974467853406935,False,False,False,False,-95281.0,-24933.634498276468,False,False,False,False,20300.23735506788,False,False,False,False
2025-04-18 18:00:00+00:00,7.51,7.51,7.51,7.51,0.0,,,,,,,,,,,,,,,,,,,,,,,,,"rgba(239, 83, 80, 1.0)",0.0,0.0,0.44242826058671386,8.332346853008817,-1.85871230720724,0.0,0.0,0.0,0.0,0.0,0.0,0.0,0.0,36.77491334858326,-10.374653114669023,False,True,False,True,False,0.0,0,0.9323158593231586,0.9943596549435966,False,False,False,False,-0.2611446558193433,-0.26044466717670633,False,False,False,False,-95281.0,-26024.29132776055,False,False,False,False,19985.5049929738,False,False,False,False
2025-04-18 19:00:00+00:00,7.51,7.51,7.51,7.51,0.0,,,,,,,,,,,,,,,,,,,,,,,,,"rgba(239, 83, 80, 1.0)",0.0,0.0,0.4169543475345328,8.332346853008817,-1.972270724292445,0.0,0.0,0.0,0.0,0.0,0.0,0.0,0.0,36.66143331284169,-10.768007303707556,False,True,False,True,False,0.0,0,0.9336224149432955,0.994996664442962,False,False,False,False,-0.2611446558193433,-0.2607946614980248,False,False,False,False,-95281.0,-27098.03874903558,False,False,False,False,19675.65220238506,False,False,False,False
2025-04-21 14:00:00+00:00,7.315,7.53,7.275,7.465,23992.0,,,,,,,,,,,,,,,,,,,,,,,,,"rgba(239, 83, 80, 1.0)",0.0,0.0,0.3962483182674096,8.319812164152978,-2.1572638286280506,0.0,0.0,0.0,0.0,0.0,0.0,0.0,0.0,35.657412577575855,-11.953567798894888,False,True,False,True,False,0.0,0,0.9301977729765664,0.9898620575037395,False,False,False,False,-0.28371669475820765,-0.27225567812811624,False,False,False,False,-119273.0,-28527.107915717195,False,False,False,False,19742.572323278313,False,False,False,False
2025-04-21 15:00:00+00:00,7.465,7.49,7.25,7.325,26437.0,,,,,,,,,,,,,,,,,,,,,,,,,"rgba(239, 83, 80, 1.0)",0.0,0.0,0.38055021806391026,8.241707787220175,-2.4089009641986894,0.0,0.0,0.0,0.0,0.0,0.0,0.0,0.0,32.62057069235965,-14.898471726880402,False,True,False,True,False,0.0,0,0.9295190713101161,0.992039800995025,False,False,False,False,-0.2905956190380457,-0.28142564858308095,False,False,False,False,-145710.0,-30343.896940279716,False,False,False,False,19846.361899661595,True,False,False,False
2025-04-21 16:00:00+00:00,7.325,7.51,7.31,7.4,18172.0,,,,,,,,,,,,,,,,,,,,,,,,,"rgba(239, 83, 80, 1.0)",0.0,0.0,0.36207668044565394,8.234904332862554,-2.3058771192746526,0.0,0.0,0.0,0.0,0.0,0.0,0.0,0.0,33.35915292695401,-14.898471726880402,False,True,False,True,False,0.0,0,0.93201790747803,0.991543690930194,False,False,False,False,-0.28213297962022843,-0.2817793141016547,False,False,False,False,-127538.0,-31850.782259035066,False,False,False,False,19820.402800442036,False,False,False,False
2025-04-21 17:00:00+00:00,7.4,7.485,7.375,7.38,17950.0,,,,,,,,,,,,,,,,,,,,,,,,,"rgba(239, 83, 80, 1.0)",0.0,0.0,0.3634174999629231,8.227882962646525,-2.333082371468157,0.0,0.0,0.0,0.0,0.0,0.0,0.0,0.0,33.47127580714663,-14.898471726880402,False,True,False,True,True,0.0,0,0.9336777203799368,0.9946675554074322,False,False,False,False,-0.2779164481959163,-0.2798478811487855,False,False,False,False,-145488.0,-33612.59958835235,False,False,False,False,19791.40430741193,False,False,False,False
2025-04-21 18:00:00+00:00,7.38,7.45,7.34,7.36,18917.0,,,,,,,,,,,,,,,,,,,,,,,,,"rgba(239, 83, 80, 1.0)",0.0,0.0,0.36363261085290177,8.219486891745927,-2.3636133451562453,0.0,0.0,0.0,0.0,0.0,0.0,0.0,0.0,33.14693784704524,-14.898471726880402,False,True,False,True,True,0.0,0,0.926706827309237,1.0005020080321285,False,False,False,False,-0.2853017973254558,-0.2825748392371207,False,False,False,False,-164405.0,-35640.3887420213,False,False,False,False,19777.84765148306,False,False,False,False
2025-04-21 19:00:00+00:00,7.355,7.695,7.34,7.695,89539.0,,,,,,,,,,,,,,,,,,,,,,,,,"rgba(239, 83, 80, 1.0)",0.0,0.0,0.3610882325855193,8.202111818324697,-1.4043986277082396,0.0,0.0,0.0,0.0,0.0,0.0,0.0,0.0,41.95426551181106,-11.100815887367759,False,True,False,True,True,0.0,0,0.9243655664289269,0.9905456958036158,False,False,False,False,-0.2595797763570707,-0.2710773077970957,False,False,False,False,-74866.0,-36248.53775377291,False,False,False,False,20859.415904948437,False,False,False,False
2025-04-22 14:00:00+00:00,7.85,7.9,7.75,7.785,13401.0,,,,,,,,,,,,,,,,,,,,,,,,,"rgba(38, 166, 154, 1.0)",0.0,0.0,0.3582928491692072,8.20242713565108,-1.1650445623433188,0.0,0.0,0.0,0.0,0.0,0.0,0.0,0.0,49.28275734282543,-4.842186841914632,False,False,False,False,True,0.0,0,0.9344045055491138,0.9898956435315556,False,False,False,False,-0.19638890552018015,-0.23373310665863795,False,False,False,False,-61465.0,-36639.490656815186,False,False,False,False,20743.78154983296,False,False,False,False
2025-04-22 15:00:00+00:00,7.785,7.84,7.73,7.78,24041.0,,,,,,,,,,,,,,,,,,,,,,,,,"rgba(38, 166, 154, 1.0)",0.0,0.0,0.35676861808021937,8.20174501650239,-1.1821247585390484,0.0,0.0,0.0,0.0,0.0,0.0,0.0,0.0,54.0253801256499,-1.0935407527422,True,False,True,False,True,0.0,0,0.9319807084649925,0.9955097289206718,False,False,False,False,-0.20451164797508678,-0.21912237731686235,False,False,False,False,-85506.0,-37397.11095670952,False,False,False,False,20794.90121572702,False,False,False,False
2025-04-22 16:00:00+00:00,7.785,8.015,7.78,7.9,10484.0,,,,,,,,,,,,,,,,,,,,,,,,,"rgba(38, 166, 154, 1.0)",0.0,0.0,0.3564103693095557,8.202450348871563,-0.8486014294631076,0.0,0.0,0.0,0.0,0.0,0.0,0.0,0.0,59.05302403751008,2.999950519130337,True,False,True,False,True,0.0,0,0.9264363998671536,0.9953503819329126,False,False,False,False,-0.18022478102420766,-0.19967357917053502,False,False,False,False,-75022.0,-37980.44256978379,False,False,False,False,20635.042282149858,False,False,False,False
2025-04-22 17:00:00+00:00,7.9,7.935,7.745,7.825,15568.0,,,,,,,,,,,,,,,,,,,,,,,,,"rgba(38, 166, 154, 1.0)",0.0,0.0,0.35352385650354556,8.202344717523262,-1.0673811981327421,0.0,0.0,0.0,0.0,0.0,0.0,0.0,0.0,60.16195110457226,3.6422501306294066,True,False,True,False,True,0.0,0,0.9280026542800267,0.9953550099535502,False,False,False,False,-0.19195009305491023,-0.19581183611272263,False,False,False,False,-90590.0,-38796.09462296543,False,False,False,False,20556.483487077767,False,False,False,False
2025-04-22 18:00:00+00:00,7.825,7.94,7.82,7.895,18022.0,,,,,,,,,,,,,,,,,,,,,,,,,"rgba(38, 166, 154, 1.0)",0.0,0.0,0.353534559392299,8.202809571101769,-0.8706633140218941,0.0,0.0,0.0,0.0,0.0,0.0,0.0,0.0,62.06430438071302,5.316514546553407,True,False,True,False,True,0.0,0,0.9310860179342412,0.994187977416141,False,False,False,False,-0.18378802391374335,-0.18979993001323298,False,False,False,False,-72568.0,-39319.69005516751,False,False,False,False,20517.189169448655,False,False,False,False
2025-04-22 19:00:00+00:00,7.895,8.01,7.83,7.955,141111.0,,,,,,,,,,,,,,,,,,,,,,,,,"rgba(38, 166, 154, 1.0)",0.0,0.0,0.35389948692654105,8.205271819797877,-0.7071833360691654,0.0,0.0,0.0,0.0,0.0,0.0,0.0,0.0,64.26651920234653,7.422442608851227,True,False,True,False,True,0.0,0,0.9284412787808514,0.9935398376677157,False,False,False,False,-0.17259085718029507,-0.181195393596764,False,False,False,False,68543.0,-37647.40028687035,False,False,False,False,22386.860655193635,False,False,False,False
2025-04-23 14:00:00+00:00,8.41,8.43,8.23,8.235,46447.0,,,,,,,,,,,,,,,,,,,,,,,,,"rgba(38, 166, 154, 1.0)",0.0,0.0,0.3579282478802875,8.221306217170259,0.0382584579754112,0.0,0.0,0.0,0.0,0.0,0.0,0.0,0.0,68.8799314596509,11.786653178190136,True,False,True,False,True,1.2748482781086423,0,0.9368645457527058,0.983929157100689,False,False,False,False,-0.08881837801736008,-0.13500688580706205,False,False,False,False,114990.0,-35280.92896459329,False,False,False,False,22759.886071392182,False,False,False,False
2025-04-23 15:00:00+00:00,8.235,8.29,7.94,7.975,20058.0,,,,,,,,,,,,,,,,,,,,,,,,,"rgba(38, 166, 154, 1.0)",0.0,0.0,0.35748441659480745,8.218016174496716,-0.6797951553008937,0.0,0.0,0.0,0.0,0.0,0.0,0.0,0.0,65.72445609115053,11.786653178190136,True,False,True,False,False,0.0,0,0.9274535376589502,0.9890772742093251,False,False,False,False,-0.11523069732049859,-0.1251187915637803,False,False,False,False,94932.0,-33262.12386436703,False,False,False,False,22717.99636485897,False,False,False,False
2025-04-23 16:00:00+00:00,7.975,8.1,7.975,8.1,19166.0,,,,,,,,,,,,,,,,,,,,,,,,,"rgba(38, 166, 154, 1.0)",0.0,0.0,0.35785098061112786,8.216398399969268,-0.32527059104459255,0.0,0.0,0.0,0.0,0.0,0.0,0.0,0.0,65.17133737584597,11.786653178190136,True,False,True,False,False,0.0,0,0.9369354573821643,0.9922811627525047,False,False,False,False,-0.13019648788099047,-0.1276576397223854,False,False,False,False,114098.0,-30977.47078119855,False,False,False,False,22662.926653775885,False,False,False,False
2025-04-23 17:00:00+00:00,8.095,8.31,8.045,8.265,23596.0,,,,,,,,,,,,,,,,,,,,,,,,,"rgba(38, 166, 154, 1.0)",0.0,0.0,0.3587207878052577,8.219531431051042,0.12675197673139213,0.0,0.0,0.0,0.0,0.0,0.0,0.0,0.0,66.54473424135738,11.786653178190136,True,False,True,False,False,1.606826255705755,0,0.9398299542184433,0.9831589274035317,False,False,False,False,-0.09893591136146425,-0.11329677554192483,False,False,False,False,137694.0,-28362.409218699344,False,False,False,False,22677.392907205714,False,False,False,False
2025-04-23 18:00:00+00:00,8.265,8.27,8.15,8.205,126814.0,,,,,,,,,,,,,,,,,,,,,,,,,"rgba(38, 166, 154, 1.0)",0.0,0.0,0.3547043306222563,8.232504799717752,-0.07754289232809884,0.0,0.0,0.0,0.0,0.0,0.0,0.0,0.0,66.16325213911533,11.786653178190136,True,False,True,False,False,0.889349482030589,0,0.9432171494027164,0.9849451808214695,False,False,False,False,-0.08637457993700745,-0.09983567773946614,False,False,False,False,10880.0,-27753.999773448188,False,False,False,False,24291.913947404075,False,False,False,False
2025-04-23 19:00:00+00:00,8.205,8.23,7.97,8.015,75881.0,,,,,,,,,,,,,,,,,,,,,,,,,"rgba(38, 166, 154, 1.0)",0.0,0.0,0.34790589749748996,8.230812563795359,-0.6203187854753613,0.0,0.0,0.0,0.0,0.0,0.0,0.0,0.0,62.27465573787366,11.786653178190136,True,False,True,False,False,0.0,0,0.9391077824812765,0.9835558450016283,False,False,False,False,-0.10356659249709414,-0.10170113511828013,False,False,False,False,-65001.0,-28331.472645177673,False,False,False,False,25091.744738917187,False,False,False,False
2025-04-24 14:00:00+00:00,8.035,8.085,7.88,7.89,24516.0,,,,,,,,,,,,,,,,,,,,,,,,,"rgba(38, 166, 154, 1.0)",0.0,0.0,0.3461658457918879,8.228343502962133,-0.9774029040564062,0.0,0.0,0.0,0.0,0.0,0.0,0.0,0.0,57.68702306026142,14.260529451038664,True,False,True,False,False,0.0,0,0.941061543471182,0.9866492999023121,False,False,False,False,-0.1196139496610332,-0.11065754238965667,False,False,False,False,-89517.0,-29280.08547238422,False,False,False,False,25082.81846389521,False,False,False,False
2025-04-24 15:00:00+00:00,7.89,8.055,7.86,8.025,27770.0,,,,,,,,,,,,,,,,,,,,,,,,,"rgba(38, 166, 154, 1.0)",0.0,0.0,0.340898151285057,8.2262329646538,-0.5903023055279927,0.0,0.0,0.0,0.0,0.0,0.0,0.0,0.0,56.64929339347617,13.14370472363025,True,False,True,False,False,0.0,0,0.9454397394136808,0.9825732899022801,False,False,False,False,-0.10932347790972556,-0.1099905101496911,False,False,False,False,-61747.0,-29783.448488316244,False,False,False,False,25124.480193137148,False,False,False,False
2025-04-24 16:00:00+00:00,8.025,8.075,7.98,8.025,25661.0,,,,,,,,,,,,,,,,,,,,,,,,,"rgba(38, 166, 154, 1.0)",0.0,0.0,0.34052433073106503,8.225146030378896,-0.5877583841049079,0.0,0.0,0.0,0.0,0.0,0.0,0.0,0.0,55.95747361561934,12.210669631554111,True,False,True,False,False,0.0,0,0.95427078229626,0.975665523436224,False,False,False,False,-0.08852145291207182,-0.09925598153088147,False,False,False,False,-61747.0,-30279.00742648188,False,False,False,False,25132.798329677655,False,False,False,False
2025-04-24 17:00:00+00:00,8.025,8.135,8.0,8.125,37377.0,,,,,,,,,,,,,,,,,,,,,,,,,"rgba(38, 166, 154, 1.0)",0.0,0.0,0.3408355789701416,8.224995068787425,-0.29338213190526474,0.0,0.0,0.0,0.0,0.0,0.0,0.0,0.0,57.001474899374756,12.210669631554111,True,False,True,False,False,0.06441953399181699,0,0.9563154450261779,0.973821989528796,False,False,False,False,-0.07162222788661497,-0.08543910470874821,False,False,False,False,-24370.0,-30187.394908241848,False,False,False,False,25322.63091371366,False,False,False,False
2025-04-24 18:00:00+00:00,8.125,8.165,8.05,8.075,24855.0,,,,,,,,,,,,,,,,,,,,,,,,,"rgba(38, 166, 154, 1.0)",0.0,0.0,0.341483818354864,8.225015559677143,-0.43930503178704056,0.0,0.0,0.0,0.0,0.0,0.0,0.0,0.0,56.654448618708,12.210669631554111,True,False,True,False,False,0.0,0,0.9586398561386301,0.9689390223965998,False,False,False,False,-0.0605739888460274,-0.07300654677738781,False,False,False,False,-49225.0,-30482.551576331123,False,False,False,False,25315.380822028175,False,False,False,False
2025-04-24 19:00:00+00:00,8.075,8.32,8.03,8.305,58973.0,,,,,,,,,,,,,,,,,,,,,,,,,"rgba(38, 166, 154, 1.0)",0.0,0.0,0.3383802568091368,8.228995489449533,0.22461272199263468,0.0,0.0,0.0,0.0,0.0,0.0,0.0,0.0,59.58068592506791,12.210669631554111,True,False,True,False,True,2.2019499219880387,0,0.962064474112667,0.9625529143601435,False,False,False,False,-0.04196212391471211,-0.057484335346049964,False,False,False,False,9748.0,-29858.82209452754,False,False,False,False,25837.204375175028,False,False,False,False
2025-04-25 14:00:00+00:00,8.02,8.245,8.02,8.22,12383.0,,,,,,,,,,,,,,,,,,,,,,,,,"rgba(38, 166, 154, 1.0)",0.0,0.0,0.3358198922041678,8.229368134045583,-0.02789630472481506,0.0,0.0,0.0,0.0,0.0,0.0,0.0,0.0,59.74109139238726,12.210669631554111,True,False,True,False,True,1.160424099300318,1,0.9609210312956056,0.9620561050754014,False,False,False,False,-0.05367650249592259,-0.05558041892098628,False,False,False,False,-2635.0,-29436.74733337207,False,False,False,False,25628.61205928084,False,False,False,False
2025-04-25 15:00:00+00:00,8.22,8.245,8.1,8.145,11578.0,,,,,,,,,,,,,,,,,,,,,,,,,"rgba(38, 166, 154, 1.0)",0.0,0.0,0.329068190309991,8.22971433536851,-0.25743702327686746,0.0,0.0,0.0,0.0,0.0,0.0,0.0,0.0,58.339579224402726,12.210669631554111,True,False,True,False,True,0.24642887225303056,1,0.9614571475036592,0.9663359895918037,False,False,False,False,-0.042650855161762105,-0.04911563704137419,False,False,False,False,-14213.0,-29200.72024293219,False,False,False,False,25410.773112625324,False,False,False,False
2025-04-25 16:00:00+00:00,8.15,8.23,8.13,8.17,6759.0,,,,,,,,,,,,,,,,,,,,,,,,,"rgba(38, 166, 154, 1.0)",0.0,0.0,0.3194949138875582,8.229960194386589,-0.187671827563712,0.0,0.0,0.0,0.0,0.0,0.0,0.0,0.0,57.81249186033725,12.210669631554111,True,False,True,False,True,0.5503284033905622,1,0.9612871610584777,0.9676576282260699,False,False,False,False,-0.039675990554689004,-0.0443958137980316,False,False,False,False,-7454.0,-28863.561789553394,False,False,False,False,25121.598335685398,False,False,False,False
2025-04-25 17:00:00+00:00,8.185,8.32,8.15,8.195,14461.0,,,,,,,,,,,,,,,,,,,,,,,,,"rgba(38, 166, 154, 1.0)",0.0,0.0,0.31835745392323783,8.230823240351025,-0.11252521311991237,0.0,0.0,0.0,0.0,0.0,0.0,0.0,0.0,57.89331105010974,12.010817044848224,True,False,True,False,True,0.8578934165825096,1,0.9624836173001312,0.9647771952817825,False,False,False,False,-0.02448766485796935,-0.03444173932800047,False,False,False,False,7007.0,-28307.429048630085,False,False,False,False,24956.317741333685,False,False,False,False
2025-04-25 18:00:00+00:00,8.2,8.27,8.135,8.215,14499.0,,,,,,,,,,,,,,,,,,,,,,,,,"rgba(38, 166, 154, 1.0)",0.0,0.0,0.3169558470970788,8.231543413649545,-0.052194694627224404,0.0,0.0,0.0,0.0,0.0,0.0,0.0,0.0,58.31460072114807,12.010817044848224,True,False,True,False,True,1.107089280785953,1,0.962847790507365,0.960556464811784,False,False,False,False,-0.03346077048487618,-0.03395125490643833,False,False,False,False,21506.0,-27535.127823069928,False,False,False,False,24794.188784103706,False,False,False,False
2025-04-25 19:00:00+00:00,8.21,8.295,8.155,8.28,29569.0,,,,,,,,,,,,,,,,,,,,,,,,,"rgba(38, 166, 154, 1.0)",0.0,0.0,0.3182122075110045,8.233503191869493,0.14611886983907735,0.0,0.0,0.0,0.0,0.0,0.0,0.0,0.0,59.78884479962052,12.010817044848224,True,False,True,False,True,1.9216471509778223,1,0.9620294599018003,0.9623567921440263,False,False,False,False,-0.027248133519528185,-0.030599694212983256,False,False,False,False,51075.0,-26316.366151394424,False,False,False,False,24868.216864970316,False,False,False,False
2025-04-28 14:00:00+00:00,8.505,8.57,8.425,8.45,8895.0,,,,,,,,,,,,,,,,,,,,,,,,,"rgba(38, 166, 154, 1.0)",0.0,0.0,0.31282424619748805,8.249668961908178,0.6403948559836093,0.0,0.0,0.0,0.0,0.0,0.0,0.0,0.0,63.318362948076896,9.728605266378047,True,False,True,False,True,4.010102563398103,0,0.9643786597267405,0.9580351333767081,False,False,False,False,0.062358342837009695,0.01587932431201322,False,False,False,False,59970.0,-24978.593032768153,False,False,False,False,24620.570091870002,False,False,False,False
2025-04-28 15:00:00+00:00,8.455,8.485,8.315,8.39,21971.0,,,,,,,,,,,,,,,,,,,,,,,,,"rgba(38, 166, 154, 1.0)",0.0,0.0,0.3145521197449695,8.24898402478758,0.44830718459870017,0.0,0.0,0.0,0.0,0.0,0.0,0.0,0.0,63.905338859788436,10.360051718361724,True,False,True,False,True,3.2051907697235755,0,0.9659220609815752,0.9602152290885374,False,False,False,False,0.06813841301189873,0.042008868661955974,False,False,False,False,37999.0,-24002.196241562444,False,False,False,False,24579.491485794497,False,False,False,False
2025-04-28 16:00:00+00:00,8.38,8.425,8.32,8.35,15487.0,,,,,,,,,,,,,,,,,,,,,,,,,"rgba(38, 166, 154, 1.0)",0.0,0.0,0.3061499809094041,8.249607976848711,0.32791778347683864,0.0,0.0,0.0,0.0,0.0,0.0,0.0,0.0,63.13729971396692,10.360051718361724,True,False,True,False,True,2.6669401653769604,0,0.9738916256157636,0.9571428571428572,False,False,False,False,0.0774406600347473,0.05972476434835164,False,False,False,False,22512.0,-23281.04591223589,False,False,False,False,24438.52262554962,False,False,False,False
2025-04-28 17:00:00+00:00,8.35,8.37,8.275,8.34,7588.0,,,,,,,,,,,,,,,,,,,,,,,,,"rgba(38, 166, 154, 1.0)",0.0,0.0,0.30929601844680205,8.249693325907067,0.29197490011810495,0.0,0.0,0.0,0.0,0.0,0.0,0.0,0.0,62.32120142267561,10.360051718361724,True,False,True,False,False,2.530815372891926,0,0.9740515684020364,0.9508950566595501,False,False,False,False,0.06100491478678368,0.06036483956756766,False,False,False,False,14924.0,-22688.71961902293,False,False,False,False,24177.274212750403,False,False,False,False
2025-04-28 18:00:00+00:00,8.335,8.355,8.29,8.325,12169.0,,,,,,,,,,,,,,,,,,,,,,,,,"rgba(38, 166, 154, 1.0)",0.0,0.0,0.3108237094856112,8.250021863660184,0.24122399305991993,0.0,0.0,0.0,0.0,0.0,0.0,0.0,0.0,61.28393723166501,10.360051718361724,True,False,True,False,False,2.3233827476631355,1,0.9759907909883243,0.9500082223318533,False,False,False,False,0.06100491478678368,0.060684877177175675,False,False,False,False,2755.0,-22294.243345859784,False,False,False,False,23991.09941875427,False,False,False,False
2025-04-28 19:00:00+00:00,8.325,8.5,8.325,8.485,32608.0,,,,,,,,,,,,,,,,,,,,,,,,,"rgba(38, 166, 154, 1.0)",0.0,0.0,0.31580032749644804,8.255587990652284,0.7264463946773322,0.0,0.0,0.0,0.0,0.0,0.0,0.0,0.0,63.66995948952711,10.395828827101425,True,False,True,False,True,4.379906125623613,0,0.979645436638214,0.9433683519369666,False,False,False,False,0.09061896246170706,0.07565191981944136,False,False,False,False,35363.0,-21400.33259631157,False,False,False,False,24124.694776603043,False,False,False,False
2025-04-29 14:00:00+00:00,8.325,8.405,8.275,8.375,8306.0,,,,,,,,,,,,,,,,,,,,,,,,,"rgba(38, 166, 154, 1.0)",0.0,0.0,0.3194947165038738,8.256151734426245,0.37198820335519955,0.0,0.0,0.0,0.0,0.0,0.0,0.0,0.0,61.86180564943019,10.395828827101425,True,False,True,False,False,2.8347962591431433,1,0.9717135382603009,0.946860693263571,False,False,False,False,0.06675322968091367,0.07120257475017752,False,False,False,False,27057.0,-20649.05612195015,False,False,False,False,23879.44369479524,False,False,False,False
2025-04-29 15:00:00+00:00,8.375,8.455,8.285,8.4,10208.0,,,,,,,,,,,,,,,,,,,,,,,,,"rgba(38, 166, 154, 1.0)",0.0,0.0,0.32299997210835574,8.257147221530216,0.442268702183856,0.0,0.0,0.0,0.0,0.0,0.0,0.0,0.0,61.167080403439044,10.395828827101425,True,False,True,False,False,3.1590924463749097,1,0.9703002610966058,0.947780678851175,False,False,False,False,0.08970272225157132,0.08045264850087441,False,False,False,False,37265.0,-19751.16377897418,False,False,False,False,23667.483327434074,False,False,False,False
2025-04-29 16:00:00+00:00,8.4,8.485,8.375,8.39,10535.0,,,,,,,,,,,,,,,,,,,,,,,,,"rgba(38, 166, 154, 1.0)",0.0,0.0,0.32573322694369317,8.258520148935089,0.4036427364152181,0.0,0.0,0.0,0.0,0.0,0.0,0.0,0.0,60.38025445664929,13.651909957685753,True,False,True,False,False,3.015995103827624,1,0.9800395908940944,0.9450676344440779,False,False,False,False,0.11016212622739129,0.09530738736413286,False,False,False,False,26730.0,-19030.525580850546,False,False,False,False,23463.878934760676,False,False,False,False
2025-04-29 17:00:00+00:00,8.39,8.485,8.37,8.465,6990.0,,,,,,,,,,,,,,,,,,,,,,,,,"rgba(38, 166, 154, 1.0)",0.0,0.0,0.3259397363190437,8.259554100625556,0.6303186647158147,0.0,0.0,0.0,0.0,0.0,0.0,0.0,0.0,61.51082591066546,13.651909957685753,True,False,True,False,False,4.010668121787408,1,0.9783757015516672,0.9463519313304721,False,False,False,False,0.10930793245524364,0.10230765990968825,False,False,False,False,33720.0,-18212.687974945886,False,False,False,False,23208.469959027952,False,False,False,False
2025-04-29 18:00:00+00:00,8.47,8.54,8.465,8.485,13225.0,,,,,,,,,,,,,,,,,,,,,,,,,"rgba(38, 166, 154, 1.0)",0.0,0.0,0.32885687897147986,8.262078874143715,0.6778666955469639,0.0,0.0,0.0,0.0,0.0,0.0,0.0,0.0,62.68598531493509,13.651909957685753,True,False,True,False,True,4.276587627859815,1,0.9826331458815747,0.943268276546477,False,False,False,False,0.13500869632112836,0.1186581781154083,False,False,False,False,46945.0,-17202.49126215603,False,False,False,False,23053.687479043023,False,False,False,False
2025-04-29 19:00:00+00:00,8.485,8.515,8.35,8.36,34175.0,,,,,,,,,,,,,,,,,,,,,,,,,"rgba(38, 166, 154, 1.0)",0.0,0.0,0.3306555732300963,8.265796733666944,0.2848984682544617,0.0,0.0,0.0,0.0,0.0,0.0,0.0,0.0,59.197922721228466,12.55273265217086,False,False,True,False,False,2.4268811646359154,1,0.9790325243519894,0.9432062076935778,False,False,False,False,0.11101648014135942,0.11483732912838386,False,False,False,False,12770.0,-16737.801475145858,False,False,False,False,23226.11092898034,False,False,False,False
2025-04-30 14:00:00+00:00,8.12,8.27,8.105,8.17,24170.0,,,,,,,,,,,,,,,,,,,,,,,,,"rgba(38, 166, 154, 1.0)",0.0,0.0,0.3311814368954871,8.264413972106093,-0.28508231919981547,0.0,0.0,0.0,0.0,0.0,0.0,0.0,0.0,52.48559024889832,6.499697463683816,False,True,False,False,False,0.0,1,0.973359644795264,0.9493504357835884,False,False,False,False,0.027858849090849735,0.07134808910961679,False,False,False,False,-11400.0,-16655.044863128092,False,False,False,False,23240.744868065914,False,False,False,False
2025-04-30 15:00:00+00:00,8.17,8.245,8.145,8.21,11597.0,,,,,,,,,,,,,,,,,,,,,,,,,"rgba(38, 166, 154, 1.0)",0.0,0.0,0.3312122832513791,8.264013991873336,-0.16307967610108248,0.0,0.0,0.0,0.0,0.0,0.0,0.0,0.0,49.15486542662239,3.7634310967036484,False,True,False,True,False,0.28332291613558525,0,0.9752801582069873,0.9503955174686881,False,False,False,False,0.03039296814734715,0.05087052862848197,False,False,False,False,197.0,-16393.77284974626,False,False,False,False,23060.22169181683,False,False,False,False
2025-04-30 16:00:00+00:00,8.22,8.25,8.115,8.12,15947.0,,,,,,,,,,,,,,,,,,,,,,,,,"rgba(38, 166, 154, 1.0)",0.0,0.0,0.3314612338563361,8.263137073487885,-0.4318365433645997,0.0,0.0,0.0,0.0,0.0,0.0,0.0,0.0,45.16686539422689,0.37034185213372695,False,True,False,True,False,0.0,0,0.9795816733067729,0.9506972111553786,False,False,False,False,0.026169637101441243,0.038520082864961606,False,False,False,False,-15750.0,-16383.791875331588,False,False,False,False,22949.939184966956,False,False,False,False
2025-04-30 17:00:00+00:00,8.12,8.185,8.1,8.145,9185.0,,,,,,,,,,,,,,,,,,,,,,,,,"rgba(38, 166, 154, 1.0)",0.0,0.0,0.3288620154795024,8.262568953934174,-0.3575023821548725,0.0,0.0,0.0,0.0,0.0,0.0,0.0,0.0,43.29397898710862,-1.142652068380606,False,True,False,True,False,0.0,0,0.9677365707633461,0.9569266589057044,False,False,False,False,0.012660505420631744,0.025590294142796677,False,False,False,False,-6565.0,-16231.562543931097,False,False,False,False,22736.529275122506,False,False,False,False
2025-04-30 18:00:00+00:00,8.145,8.28,8.13,8.25,13692.0,,,,,,,,,,,,,,,,,,,,,,,,,"rgba(38, 166, 154, 1.0)",0.0,0.0,0.329269557416802,8.262458538802514,-0.03783689843742143,0.0,0.0,0.0,0.0,0.0,0.0,0.0,0.0,45.080594408037896,-1.142652068380606,False,True,False,True,False,0.8844106426590272,0,0.9712098518888335,0.9522383092028625,False,False,False,False,0.033772406323197716,0.029681350232997197,False,False,False,False,7127.0,-15869.41428743604,False,False,False,False,22596.304015043086,False,False,False,False
2025-04-30 19:00:00+00:00,8.25,8.275,8.19,8.27,28336.0,,,,,,,,,,,,,,,,,,,,,,,,,"rgba(38, 166, 154, 1.0)",0.0,0.0,0.32966735896594734,8.262761168027149,0.02195798818407866,0.0,0.0,0.0,0.0,0.0,0.0,0.0,0.0,46.80683189471851,-1.142652068380606,False,True,False,True,True,1.170237503792805,0,0.9740216486261448,0.949375520399667,False,False,False,False,0.04307007153969091,0.03637571088634405,False,False,False,False,35463.0,-15073.562903134705,False,False,False,False,22685.29154969358,False,False,False,False
2025-05-01 14:00:00+00:00,8.315,8.385,8.235,8.29,11119.0,,,,,,,,,,,,,,,,,,,,,,,,,"rgba(38, 166, 154, 1.0)",0.0,0.0,0.3295495834133964,8.263288708897454,0.08105393678813402,0.0,0.0,0.0,0.0,0.0,0.0,0.0,0.0,48.521068812806774,-1.142652068380606,False,True,False,False,True,1.4596339443705695,0,0.9785286284953394,0.9437416777629828,False,False,False,False,0.06931795148619296,0.05284683118626851,False,False,False,False,46582.0,-14117.662703086104,False,False,False,False,22505.969200085925,False,False,False,False
2025-05-01 15:00:00+00:00,8.295,8.34,8.12,8.125,10080.0,,,,,,,,,,,,,,,,,,,,,,,,,"rgba(38, 166, 154, 1.0)",0.0,0.0,0.32761729211094054,8.263113693276342,-0.4215702180627651,0.0,0.0,0.0,0.0,0.0,0.0,0.0,0.0,45.511970303603896,-1.142652068380606,False,True,False,True,False,0.0,0,0.9765702891326021,0.9446660019940181,False,False,False,False,0.04222454578952197,0.047535688487895245,False,False,False,False,36502.0,-13332.861730945235,False,False,False,False,22313.318514813276,False,False,False,False
2025-05-01 16:00:00+00:00,8.125,8.195,8.08,8.155,11315.0,,,,,,,,,,,,,,,,,,,,,,,,,"rgba(38, 166, 154, 1.0)",0.0,0.0,0.3266272498741887,8.255966360047175,-0.309117993327459,0.0,0.0,0.0,0.0,0.0,0.0,0.0,0.0,44.44880132167114,-1.142652068380606,False,True,False,True,False,0.0,0,0.9736403069736403,0.9551217884551219,False,False,False,False,0.010972289867633647,0.029253989177764447,False,False,False,False,47817.0,-12384.801859147634,False,False,False,False,22142.80194869214,False,False,False,False
2025-05-01 17:00:00+00:00,8.155,8.24,8.105,8.125,7633.0,,,,,,,,,,,,,,,,,,,,,,,,,"rgba(38, 166, 154, 1.0)",0.0,0.0,0.325563932083837,8.256001815709181,-0.4023843024338666,0.0,0.0,0.0,0.0,0.0,0.0,0.0,0.0,43.03512359119995,-1.3584447583645414,False,True,False,True,False,0.0,0,0.9704896042924213,0.9610999329309189,False,False,False,False,0.022791651365559076,0.02602282027166176,False,False,False,False,40184.0,-11569.78167528488,False,False,False,False,21917.843778944974,False,False,False,False
2025-05-01 18:00:00+00:00,8.125,8.21,8.1,8.205,14766.0,,,,,,,,,,,,,,,,,,,,,,,,,"rgba(38, 166, 154, 1.0)",0.0,0.0,0.32533957311992223,8.256196103022113,-0.1573620526121531,0.0,0.0,0.0,0.0,0.0,0.0,0.0,0.0,44.690808476126634,-1.3584447583645414,False,True,False,True,False,0.23561523123872163,0,0.9676331759946056,0.9639244774106542,False,False,False,False,0.016881381094873096,0.02145210068326743,False,False,False,False,54950.0,-10538.46723070682,False,False,False,False,21806.962480046604,False,False,False,False
2025-05-01 19:00:00+00:00,8.205,8.215,8.09,8.1,48918.0,,,,,,,,,,,,,,,,,,,,,,,,,"rgba(38, 166, 154, 1.0)",0.0,0.0,0.324588443506039,8.253464848764022,-0.4727982521693413,0.0,0.0,0.0,0.0,0.0,0.0,0.0,0.0,43.211873503165094,-1.503138412245967,False,True,False,True,False,0.0,0,0.9672770430654458,0.9642251610715495,False,False,False,False,0.05009802860877183,0.03577506464601963,False,False,False,False,6032.0,-10281.560762013689,False,False,False,False,22227.288643146658,False,False,False,False
2025-05-02 14:00:00+00:00,8.25,8.405,8.22,8.395,24987.0,,,,,,,,,,,,,,,,,,,,,,,,,"rgba(38, 166, 154, 1.0)",0.0,0.0,0.327680518985395,8.257622601998639,0.4192418836088441,0.0,0.0,0.0,0.0,0.0,0.0,0.0,0.0,48.95386207394688,-6.586233381044998,False,True,False,False,True,2.9884481171762047,1,0.9716407832545576,0.9463200540175556,False,False,False,False,0.12005623672395359,0.07791565068498661,False,False,False,False,31019.0,-9641.241990509601,False,False,False,False,22270.07486573353,False,False,False,False
2025-05-02 15:00:00+00:00,8.395,8.45,8.31,8.4,20545.0,,,,,,,,,,,,,,,,,,,,,,,,,"rgba(38, 166, 154, 1.0)",0.0,0.0,0.33076742598101355,8.261133411968133,0.41983151037320715,0.0,0.0,0.0,0.0,0.0,0.0,0.0,0.0,52.86625894686044,-3.006741094280997,False,True,True,False,True,3.059038676834991,0,0.9756797838203005,0.943083938523898,False,False,False,False,0.24592897843020878,0.1619223145575977,False,False,False,False,51564.0,-8692.323510036584,False,False,False,False,22243.329518977975,False,False,False,False
2025-05-02 16:00:00+00:00,8.4,8.575,8.4,8.52,22851.0,,,,,,,,,,,,,,,,,,,,,,,,,"rgba(38, 166, 154, 1.0)",0.0,0.0,0.3356053157027507,8.26655175900969,0.7551973378597824,0.0,0.0,0.0,0.0,0.0,0.0,0.0,0.0,57.40521476199759,1.100180205852375,False,False,True,False,True,4.7456038425761555,0,0.988420324922226,0.9343242309021778,False,False,False,False,0.2986793627990043,0.230300838678301,False,False,False,False,74415.0,-7403.837874222062,False,False,False,False,22252.750766745758,False,False,False,False
2025-05-02 17:00:00+00:00,8.52,8.595,8.46,8.55,18873.0,,,,,,,,,,,,,,,,,,,,,,,,,"rgba(38, 166, 154, 1.0)",0.0,0.0,0.34127560129029283,8.271012970499086,0.8174830794997413,0.0,0.0,0.0,0.0,0.0,0.0,0.0,0.0,60.87575778475589,4.199368218978236,True,False,True,False,True,5.163265632595365,0,0.9897941532606817,0.9318457014357377,False,False,False,False,0.3187120928790953,0.27450646577869814,False,False,False,False,93288.0,-5842.724108730246,False,False,False,False,22200.351530052023,False,False,False,False
2025-05-02 18:00:00+00:00,8.555,8.59,8.55,8.56,14222.0,,,,,,,,,,,,,,,,,,,,,,,,,"rgba(38, 166, 154, 1.0)",0.0,0.0,0.34672850713154857,8.274433363083537,0.8236029949741628,0.0,0.0,0.0,0.0,0.0,0.0,0.0,0.0,63.34718020474851,6.453036773437944,True,False,True,False,True,5.304197929501623,0,0.9913224574800418,0.9324887191947243,False,False,False,False,0.34027195329766446,0.3073892095381813,False,False,False,False,107510.0,-4085.317533401095,False,False,False,False,22076.656157493075,False,False,False,False
2025-05-02 19:00:00+00:00,8.555,8.58,8.42,8.425,25840.0,,,,,,,,,,,,,,,,,,,,,,,,,"rgba(38, 166, 154, 1.0)",0.0,0.0,0.34949225719299193,8.278424400707124,0.4193958414704935,0.0,0.0,0.0,0.0,0.0,0.0,0.0,0.0,60.839624679085716,6.453036773437944,True,False,True,False,True,3.132175933321534,0,0.9852737352737354,0.9336451836451837,False,False,False,False,0.3049139281762589,0.30615156885722006,False,False,False,False,81670.0,-2755.777726681698,False,False,False,False,22135.002573655973,False,False,False,False
2025-05-05 14:00:00+00:00,8.31,8.565,8.31,8.565,18695.0,,,,,,,,,,,,,,,,,,,,,,,,,"rgba(38, 166, 154, 1.0)",0.0,0.0,0.354582777283331,8.281152779981205,0.8005104539862764,0.0,0.0,0.0,0.0,0.0,0.0,0.0,0.0,61.75323290453314,6.453036773437944,True,False,True,False,True,5.131913525907063,0,0.9860151933701657,0.9314571823204421,False,False,False,False,0.2739598890716428,0.29005572896443144,False,False,False,False,100365.0,-1157.0059789812062,False,False,False,False,22081.669200420994,False,False,False,False
2025-05-05 15:00:00+00:00,8.555,8.59,8.365,8.425,43629.0,,,,,,,,,,,,,,,,,,,,,,,,,"rgba(38, 166, 154, 1.0)",0.0,0.0,0.35718245520506814,8.28640733636373,0.3880164370243231,0.0,0.0,0.0,0.0,0.0,0.0,0.0,0.0,58.86667160894977,6.453036773437944,True,False,True,False,False,2.919538185399304,0,0.9895080839353284,0.9279325765393877,False,False,False,False,0.29370791888026837,0.2918818239223499,False,False,False,False,56736.0,-259.439994810955,False,False,False,False,22415.736344600515,False,False,False,False
2025-05-05 16:00:00+00:00,8.43,8.465,8.375,8.45,12828.0,,,,,,,,,,,,,,,,,,,,,,,,,"rgba(38, 166, 154, 1.0)",0.0,0.0,0.36017416957972775,8.287608533448584,0.45086927455376247,0.0,0.0,0.0,0.0,0.0,0.0,0.0,0.0,57.4437642914107,6.453036773437944,False,False,True,False,False,3.2803471930316377,0,0.9992956506427189,0.9269237541820743,False,False,False,False,0.2653860887127889,0.2786339563175694,False,False,False,False,69564.0,823.0939585969667,False,False,False,False,22267.08926949043,False,False,False,False
2025-05-05 17:00:00+00:00,8.45,8.48,8.41,8.465,11418.0,,,,,,,,,,,,,,,,,,,,,,,,,"rgba(38, 166, 154, 1.0)",0.0,0.0,0.3538466227512227,8.288801545223924,0.4979514949333141,0.0,0.0,0.0,0.0,0.0,0.0,0.0,0.0,56.81585078123303,6.453036773437944,False,False,True,False,False,3.499473351994606,0,0.9955349169494552,0.9376674406143953,False,False,False,False,0.277646370929693,0.2781401636236312,False,False,False,False,80982.0,2065.8676956729823,False,False,False,False,22098.886335079726,False,False,False,False
2025-05-05 18:00:00+00:00,8.465,8.575,8.43,8.565,8858.0,,,,,,,,,,,,,,,,,,,,,,,,,"rgba(38, 166, 154, 1.0)",0.0,0.0,0.35441456612941014,8.290087684841232,0.7756800691379774,0.0,0.0,0.0,0.0,0.0,0.0,0.0,0.0,58.42862221403168,6.453036773437944,True,False,True,False,False,4.955314212212645,0,0.9882247992863513,0.9297056199821587,False,False,False,False,0.30616359126918463,0.2921518774464079,False,False,False,False,89840.0,3426.706956205184,False,False,False,False,21893.601275621124,False,False,False,False
2025-05-05 19:00:00+00:00,8.565,8.63,8.545,8.6,29391.0,,,,,,,,,,,,,,,,,,,,,,,,,"rgba(38, 166, 154, 1.0)",0.0,0.0,0.3563536936176866,8.310927721617412,0.8111948425395524,0.0,0.0,0.0,0.0,0.0,0.0,0.0,0.0,60.15861628459603,6.453036773437944,True,False,True,False,True,5.46099344021874,0,0.9923076923076924,0.9291592128801432,False,False,False,False,0.34282820368542455,0.31749004056591623,False,False,False,False,119231.0,5222.12235223301,False,False,False,False,22009.840015533977,False,False,False,False
2025-05-06 14:00:00+00:00,8.34,8.4,8.23,8.285,12150.0,,,,,,,,,,,,,,,,,,,,,,,,,"rgba(38, 166, 154, 1.0)",0.0,0.0,0.3537992381293575,8.306610358158409,-0.06108084989857256,0.0,0.0,0.0,0.0,0.0,0.0,0.0,0.0,54.06914358069349,10.081506316600802,False,False,True,False,False,0.4580895248944685,0,0.988256227758007,0.9288256227758007,False,False,False,False,0.20984175866654983,0.26366589961623305,False,False,False,False,107081.0,6801.329757624746,False,False,False,False,21856.97427885903,False,False,False,False
2025-05-06 15:00:00+00:00,8.285,8.36,8.24,8.305,10791.0,,,,,,,,,,,,,,,,,,,,,,,,,"rgba(38, 166, 154, 1.0)",0.0,0.0,0.3492507166249995,8.304445922170489,0.0015864758556986178,0.0,0.0,0.0,0.0,0.0,0.0,0.0,0.0,50.47078722978992,6.738652975284211,False,True,False,False,False,0.7571676637804252,0,0.9880506509719993,0.9293739967897271,False,False,False,False,0.2027681900076938,0.23321704481196343,False,False,False,False,117872.0,8523.355652855369,False,False,False,False,21685.40878616354,False,False,False,False
2025-05-06 16:00:00+00:00,8.305,8.395,8.14,8.165,14484.0,,,,,,,,,,,,,,,,,,,,,,,,,"rgba(38, 166, 154, 1.0)",0.0,0.0,0.3421481160745237,8.301393372741511,-0.3986383859316773,0.0,0.0,0.0,0.0,0.0,0.0,0.0,0.0,45.79387089693165,2.4422355720276627,False,True,False,True,False,0.0,0,0.9956474428726877,0.9348929996372871,False,False,False,False,0.18750955889698032,0.21036330185447188,False,False,False,False,103388.0,9994.12533265606,False,False,False,False,21573.75903754085,False,False,False,False
2025-05-06 17:00:00+00:00,8.16,8.2,8.06,8.1,17847.0,,,,,,,,,,,,,,,,,,,,,,,,,"rgba(239, 83, 80, 1.0)",0.0,0.0,0.3346510620532162,8.296629163625008,-0.5875647380845318,0.0,0.0,0.0,0.0,0.0,0.0,0.0,0.0,41.75032938085545,-1.2193670644996573,False,True,False,True,False,0.0,0,0.9959603378626515,0.929122291590158,False,False,False,False,0.12381372631807824,0.16708851408627506,False,False,False,False,85541.0,11165.394707343563,False,False,False,False,21515.979827656494,False,False,False,False
2025-05-06 18:00:00+00:00,8.1,8.23,8.09,8.22,16438.0,,,,,,,,,,,,,,,,,,,,,,,,,"rgba(239, 83, 80, 1.0)",0.0,0.0,0.3269103522043778,8.294336801793653,-0.2273920091315391,0.0,0.0,0.0,0.0,0.0,0.0,0.0,0.0,42.076046972373646,-1.2193670644996573,False,True,False,True,False,0.0,0,0.9972340033191959,0.9192328969205238,False,False,False,False,0.13760860572001388,0.15234855990314447,False,False,False,False,101979.0,12573.357580097927,False,False,False,False,21437.251458235463,False,False,False,False
2025-05-06 19:00:00+00:00,8.215,8.25,8.09,8.095,52116.0,,,,,,,,,,,,,,,,,,,,,,,,,"rgba(239, 83, 80, 1.0)",0.0,0.0,0.3186319574749779,8.287931082088294,-0.6054982168681058,0.0,0.0,0.0,0.0,0.0,0.0,0.0,0.0,40.327390580712844,-2.755371567858276,False,True,False,True,False,0.0,0,0.9933110367892977,0.9258639910813826,False,False,False,False,0.14221823317253768,0.14728339653784106,False,False,False,False,49863.0,13151.491571104161,False,False,False,False,21912.89097051088,False,False,False,False
2025-05-07 14:00:00+00:00,8.185,8.195,7.805,7.815,36032.0,,,,,,,,,,,,,,,,,,,,,,,,,"rgba(239, 83, 80, 1.0)",0.0,0.0,0.31230937248849233,8.279293734500078,-1.48664681690648,0.0,0.0,0.0,0.0,0.0,0.0,0.0,0.0,35.99348424542809,-7.002251153651443,False,True,False,True,False,0.0,0,0.978719467061436,0.9291265729089564,False,False,False,False,0.06450710747372614,0.10589525200578359,False,False,False,False,13831.0,13162.026585505646,False,False,False,False,22131.79188569676,False,False,False,False
2025-05-07 15:00:00+00:00,7.815,7.815,7.72,7.805,21169.0,,,,,,,,,,,,,,,,,,,,,,,,,"rgba(239, 83, 80, 1.0)",0.0,0.0,0.3059526107095862,8.247940969698451,-1.447743716489794,0.0,0.0,0.0,0.0,0.0,0.0,0.0,0.0,33.01074025932181,-9.911194205509297,False,True,False,True,False,0.0,0,0.9751587598057527,0.9452745610758313,False,False,False,False,-0.04070742177280654,0.03259391511648853,True,False,False,False,-7338.0,12844.196715962922,True,False,False,False,22116.864879716963,True,False,False,False
2025-05-07 16:00:00+00:00,7.805,8.06,7.79,8.055,23426.0,,,,,,,,,,,,,,,,,,,,,,,,,"rgba(239, 83, 80, 1.0)",0.0,0.0,0.2968247883094779,8.249236851151322,-0.6543821769656418,0.0,0.0,0.0,0.0,0.0,0.0,0.0,0.0,36.4689799667139,-9.911194205509297,False,True,False,True,True,0.0,0,0.9668158090976883,0.9425801640566741,False,False,False,False,0.030523149499061885,0.03155853230777521,False,False,False,False,16088.0,12894.488239746443,False,False,False,False,22137.16154824848,False,False,False,False
2025-05-07 17:00:00+00:00,8.055,8.14,8.05,8.065,30403.0,,,,,,,,,,,,,,,,,,,,,,,,,"rgba(239, 83, 80, 1.0)",0.0,0.0,0.2857273002184098,8.251202925312642,-0.6516805540468441,0.0,0.0,0.0,0.0,0.0,0.0,0.0,0.0,38.96278073198457,-9.911194205509297,False,True,False,True,True,0.0,0,0.979565054368204,0.9368203974503186,False,False,False,False,0.10777837803354676,0.06966845517066098,False,False,False,False,46491.0,13415.364391068202,False,False,False,False,22265.314082384164,False,False,False,False
2025-05-07 18:00:00+00:00,8.065,8.16,8.005,8.155,41836.0,,,,,,,,,,,,,,,,,,,,,,,,,"rgba(239, 83, 80, 1.0)",0.0,0.0,0.26818344535107175,8.251499707000091,-0.3598272327129169,0.0,0.0,0.0,0.0,0.0,0.0,0.0,0.0,42.33969784542175,-14.95002188659938,False,True,False,True,True,0.0,0,0.9865300701954088,0.9351166761525328,False,False,False,False,0.10206524380763615,0.08586684948914856,False,False,False,False,88327.0,14576.785098183424,False,False,False,False,22568.735569478984,False,False,False,False
2025-05-07 19:00:00+00:00,8.155,8.36,8.12,8.31,78206.0,,,,,,,,,,,,,,,,,,,,,,,,,"rgba(239, 83, 80, 1.0)",0.0,0.0,0.25260851740009416,8.25883728792681,0.20253755732296683,0.0,0.0,0.0,0.0,0.0,0.0,0.0,0.0,47.152411585349526,-10.371472284106488,False,True,False,False,True,1.271325520711045,0,0.9943063199848168,0.9157335357752896,False,False,False,False,0.17466575453888578,0.13026630201401718,False,False,False,False,166533.0,16932.69540673872,False,False,False,False,23431.328816463803,False,False,False,False
2025-05-08 14:00:00+00:00,8.405,8.68,8.355,8.54,79625.0,,,,,,,,,,,,,,,,,,,,,,,,,"rgba(38, 166, 154, 1.0)",0.0,0.0,0.23734074793562285,8.276262897706776,1.1112171196357759,0.0,0.0,0.0,0.0,0.0,0.0,0.0,0.0,53.26066939980874,-4.722949944273282,True,False,True,False,True,4.449241360392975,0,0.9988687782805431,0.9030920060331826,False,False,False,False,0.30771412064049164,0.2189902113272544,False,False,False,False,246158.0,20486.57609810711,False,False,False,False,24302.54852473568,False,False,False,False
2025-05-08 15:00:00+00:00,8.535,8.755,8.505,8.655,25048.0,,,,,,,,,,,,,,,,,,,,,,,,,"rgba(38, 166, 154, 1.0)",0.0,0.0,0.22151590754911285,8.282473761159471,1.6817132591614652,0.0,0.0,0.0,0.0,0.0,0.0,0.0,0.0,58.503172208047104,0.020416653143882968,True,False,True,False,True,5.967355430240975,0,1.0135977337110482,0.8948064211520304,False,False,False,False,0.34282819563304934,0.28090920348015186,False,False,False,False,271206.0,24373.698949299247,False,False,False,False,24314.10591194908,False,False,False,False
2025-05-08 16:00:00+00:00,8.66,8.8,8.66,8.8,20007.0,,,,,,,,,,,,,,,,,,,,,,,,,"rgba(38, 166, 154, 1.0)",0.0,0.0,0.22262763319739204,8.288480395278224,2.2976465112407647,0.0,0.0,0.0,0.0,0.0,0.0,0.0,0.0,63.30142389989182,4.358706223074684,True,False,True,False,True,7.8270483409426035,0,1.0128846153846154,0.906346153846154,False,False,False,False,0.34282819995528013,0.31186870171771597,False,False,False,False,291213.0,28510.742376441893,False,False,False,False,24247.329076104907,False,False,False,False
2025-05-08 17:00:00+00:00,8.8,8.8,8.6,8.6,16656.0,,,,,,,,,,,,,,,,,,,,,,,,,"rgba(38, 166, 154, 1.0)",0.0,0.0,0.22007682933652967,8.292377636566506,1.3977953261181066,0.0,0.0,0.0,0.0,0.0,0.0,0.0,0.0,62.52437929771035,4.358706223074684,True,False,True,False,True,4.801301311644089,0,1.010752688172043,0.9016897081413211,False,False,False,False,0.32657635041280386,0.3192225260652599,False,False,False,False,274557.0,32325.41303727225,False,False,False,False,24129.63405166917,False,False,False,False
2025-05-08 18:00:00+00:00,8.595,8.88,8.59,8.75,38952.0,,,,,,,,,,,,,,,,,,,,,,,,,"rgba(38, 166, 154, 1.0)",0.0,0.0,0.22063203642151422,8.302456116164343,2.0284628247759575,0.0,0.0,0.0,0.0,0.0,0.0,0.0,0.0,63.5845557300801,4.870534699226084,True,False,True,False,True,6.710493259885794,0,1.0099884748367267,0.9043411448328852,False,False,False,False,0.34282820015476767,0.3310253631100138,False,False,False,False,313509.0,36684.84849405873,False,False,False,False,24359.438174899107,False,False,False,False
2025-05-08 19:00:00+00:00,8.75,8.83,8.595,8.62,61276.0,,,,,,,,,,,,,,,,,,,,,,,,,"rgba(38, 166, 154, 1.0)",0.0,0.0,0.22032606876306132,8.314746910172218,1.3854606109095988,0.0,0.0,0.0,0.0,0.0,0.0,0.0,0.0,61.97489451375659,4.870534699226084,True,False,True,False,True,4.791371713284455,0,1.0081494732657523,0.9375869608427749,False,False,False,False,0.3306679495651254,0.3308466563375696,False,False,False,False,252233.0,40026.6803003524,False,False,False,False,24931.787970637106,False,False,False,False
2025-05-09 14:00:00+00:00,8.48,8.81,8.33,8.795,74755.0,,,,,,,,,,,,,,,,,,,,,,,,,"rgba(38, 166, 154, 1.0)",0.0,0.0,0.22220992833863348,8.32659901298282,2.1079210569897096,0.0,0.0,0.0,0.0,0.0,0.0,0.0,0.0,62.799862812346944,4.900959137135644,True,False,True,False,True,6.985660358235037,0,0.9684819469379613,0.9457410732096551,False,False,False,False,0.2556472125160932,0.29324693442683136,False,False,False,False,326988.0,44475.69300887406,False,False,False,False,25704.24087031715,False,False,False,False
2025-05-09 15:00:00+00:00,8.805,9.0,8.69,8.845,44205.0,,,,,,,,,,,,,,,,,,,,,,,,,"rgba(38, 166, 154, 1.0)",0.0,0.0,0.22672809845856945,8.337064614653688,2.2402842382552293,0.0,0.0,0.0,0.0,0.0,0.0,0.0,0.0,63.85336276706145,6.467119013291452,True,False,True,False,True,7.5998044865183125,0,0.983303158318246,0.9350231341782339,False,False,False,False,0.34282820420132254,0.31803756931407695,False,False,False,False,371193.0,49541.07761338764,False,False,False,False,25991.074345195953,False,False,False,False
2025-05-09 16:00:00+00:00,8.845,8.93,8.755,8.9,33417.0,,,,,,,,,,,,,,,,,,,,,,,,,"rgba(38, 166, 154, 1.0)",0.0,0.0,0.2336006255391028,8.34476703247456,2.376847092100351,0.0,0.0,0.0,0.0,0.0,0.0,0.0,0.0,65.12252179736575,8.23291424043856,True,False,True,False,True,8.276071240650477,0,1.014965703595926,0.9307836208688424,False,False,False,False,0.3415733716152011,0.32980547046463904,False,False,False,False,404610.0,55046.02214651342,False,False,False,False,26106.20497550299,False,False,False,False
2025-05-09 17:00:00+00:00,8.905,9.185,8.885,9.085,24802.0,,,,,,,,,,,,,,,,,,,,,,,,,"rgba(38, 166, 154, 1.0)",0.0,0.0,0.24996228544352805,8.352333972184898,2.931106292755626,0.0,0.0,0.0,0.0,0.0,0.0,0.0,0.0,67.68242513555188,11.13025871306256,True,False,True,False,True,10.49742089488176,0,1.0237701529557668,0.9111202976436545,False,False,False,False,0.3428282099314564,0.33631684019804775,False,False,False,False,429412.0,60850.145834164374,False,False,False,False,26085.98474332465,False,False,False,False
2025-05-09 18:00:00+00:00,9.075,9.13,9.0,9.13,83855.0,,,,,,,,,,,,,,,,,,,,,,,,,"rgba(38, 166, 154, 1.0)",0.0,0.0,0.26355077121688775,8.377309692914267,2.8559594176497836,0.0,0.0,0.0,0.0,0.0,0.0,0.0,0.0,69.76700186731165,13.48442675458616,True,False,True,False,True,11.026052559485993,0,1.0325119072271693,0.9097121557258233,False,False,False,False,0.3428282107187826,0.3395725254584152,False,False,False,False,513267.0,67864.36062743314,False,False,False,False,26981.628390714963,False,False,False,False
2025-05-09 19:00:00+00:00,9.13,9.23,8.775,8.78,67967.0,,,,,,,,,,,,,,,,,,,,,,,,,"rgba(38, 166, 154, 1.0)",0.0,0.0,0.26697339341739634,8.391421169168044,1.4554964667375532,0.0,0.0,0.0,0.0,0.0,0.0,0.0,0.0,64.56916627846923,13.48442675458616,True,False,True,False,False,5.772318362560121,0,1.0203703703703704,0.9139917695473252,False,False,False,False,0.31575515097013995,0.3276638382142776,False,False,False,False,445300.0,73716.0759665427,False,False,False,False,27617.060508688373,False,False,False,False
2025-05-12 14:00:00+00:00,9.375,9.525,9.075,9.085,26445.0,,,,,,,,,,,,,,,,,,,,,,,,,"rgba(38, 166, 154, 1.0)",0.0,0.0,0.28009087971747265,8.399736009248187,2.446577308918587,0.0,0.0,0.0,0.0,0.0,0.0,0.0,0.0,64.27565732770921,13.48442675458616,True,False,True,False,False,9.338119641102868,0,1.0140901771336552,0.8943236714975848,False,False,False,False,0.3428282160393541,0.33524602712681584,False,False,False,False,471745.0,79887.06703682886,False,False,False,False,27598.889027933514,False,False,False,False
2025-05-12 15:00:00+00:00,9.09,9.35,9.05,9.32,23824.0,,,,,,,,,,,,,,,,,,,,,,,,,"rgba(38, 166, 154, 1.0)",0.0,0.0,0.3007602678858116,8.407125615365109,3.0352226743642836,0.0,0.0,0.0,0.0,0.0,0.0,0.0,0.0,65.92613298321997,13.48442675458616,True,False,True,False,False,11.89371397930649,0,1.019722278124371,0.8983698933387001,False,False,False,False,0.3049139400210099,0.3200799835739129,False,False,False,False,495569.0,86331.7481680408,False,False,False,False,27540.363616647723,False,False,False,False
2025-05-12 16:00:00+00:00,9.315,9.545,9.26,9.505,19034.0,,,,,,,,,,,,,,,,,,,,,,,,,"rgba(38, 166, 154, 1.0)",0.0,0.0,0.32511594605368765,8.414321800288375,3.3547360963079846,0.0,0.0,0.0,0.0,0.0,0.0,0.0,0.0,68.24718497526732,13.48442675458616,True,False,True,False,True,13.806907040629604,0,1.0364772269246272,0.8853284965739623,False,False,False,False,0.3428282179746772,0.33145410077429505,False,False,False,False,514603.0,92971.61253752853,False,False,False,False,27408.482010188065,False,False,False,False
2025-05-12 17:00:00+00:00,9.505,9.62,9.45,9.455,23757.0,,,,,,,,,,,,,,,,,,,,,,,,,"rgba(38, 166, 154, 1.0)",0.0,0.0,0.3422701372408237,8.423738852131724,3.013003577179372,0.0,0.0,0.0,0.0,0.0,0.0,0.0,0.0,68.9460955465789,13.48442675458616,True,False,True,False,True,13.070548922629268,0,1.0413556586645147,0.8821868065362116,False,False,False,False,0.3428282202048826,0.33714116048958886,False,False,False,False,490846.0,99140.20769198546,False,False,False,False,27351.869885999102,False,False,False,False
2025-05-12 18:00:00+00:00,9.445,9.48,9.33,9.335,22551.0,,,,,,,,,,,,,,,,,,,,,,,,,"rgba(38, 166, 154, 1.0)",0.0,0.0,0.3554136278293954,8.431398975540553,2.542392732597164,0.0,0.0,0.0,0.0,0.0,0.0,0.0,0.0,67.39169133434868,13.48442675458616,True,False,True,False,True,11.31776774484377,0,1.0328068043742407,0.893276630214662,False,False,False,False,0.2989697243090985,0.3180554423993437,False,False,False,False,468295.0,104863.537805288,False,False,False,False,27277.437794743302,False,False,False,False
2025-05-12 19:00:00+00:00,9.335,9.515,9.32,9.515,53577.0,,,,,,,,,,,,,,,,,,,,,,,,,"rgba(38, 166, 154, 1.0)",0.0,0.0,0.37365955020508196,8.450233997707366,2.849561858403567,0.0,0.0,0.0,0.0,0.0,0.0,0.0,0.0,67.86676111677293,13.48442675458616,True,False,True,False,True,13.200325751945957,0,1.0270765472312704,0.900040716612378,False,False,False,False,0.303136280865661,0.31059586163250236,False,False,False,False,521872.0,111328.785281175,False,False,False,False,27685.182945212397,False,False,False,False
2025-05-13 14:00:00+00:00,9.71,9.71,9.445,9.53,33430.0,,,,,,,,,,,,,,,,,,,,,,,,,"rgba(38, 166, 154, 1.0)",0.0,0.0,0.39193847191334774,8.462819588981763,2.7228263809075006,0.0,0.0,0.0,0.0,0.0,0.0,0.0,0.0,68.30572129041079,13.567436569537207,True,False,True,False,True,13.3552853970784,0,1.0288559235927657,0.8912822597033124,False,False,False,False,0.34282822086352205,0.32671204124801223,False,False,False,False,555302.0,118212.09093573042,False,False,False,False,27774.249876294376,False,False,False,False
2025-05-13 15:00:00+00:00,9.53,9.625,9.47,9.62,33147.0,,,,,,,,,,,,,,,,,,,,,,,,,"rgba(38, 166, 154, 1.0)",0.0,0.0,0.41111852480938543,8.475026161534792,2.785021275789196,0.0,0.0,0.0,0.0,0.0,0.0,0.0,0.0,69.35384874240549,14.932291622881266,True,False,True,False,True,14.287330504137618,0,1.0299755301794453,0.8951876019575857,False,False,False,False,0.3327956462466245,0.32975384374731836,False,False,False,False,588449.0,125502.58564990514,False,False,False,False,27857.548327824697,False,False,False,False
2025-05-13 16:00:00+00:00,9.61,9.795,9.555,9.68,35450.0,,,,,,,,,,,,,,,,,,,,,,,,,"rgba(38, 166, 154, 1.0)",0.0,0.0,0.4328872998996596,8.531834935525445,2.65234176364308,0.0,0.0,0.0,0.0,0.0,0.0,0.0,0.0,70.55010043664666,16.388486097342863,True,False,True,False,True,14.905430834648897,0,1.0254620123203286,0.8989733059548256,False,False,False,False,0.34282822228274423,0.33629103301503127,False,False,False,False,623899.0,133229.66184137948,False,False,False,False,27975.26075685067,False,False,False,False
2025-05-13 17:00:00+00:00,9.68,9.715,9.555,9.555,25744.0,,,,,,,,,,,,,,,,,,,,,,,,,"rgba(38, 166, 154, 1.0)",0.0,0.0,0.4480954390780223,8.539482945609054,2.266296341869537,0.0,0.0,0.0,0.0,0.0,0.0,0.0,0.0,68.69369568970863,16.388486097342863,True,False,True,False,True,13.000850897040472,0,1.0260169316539336,0.9035721660128022,False,False,False,False,0.33002874976241764,0.3331598913887245,False,False,False,False,598155.0,140437.8066190325,False,False,False,False,27940.667566821976,False,False,False,False
2025-05-13 18:00:00+00:00,9.555,9.65,9.54,9.64,20114.0,,,,,,,,,,,,,,,,,,,,,,,,,"rgba(38, 166, 154, 1.0)",0.0,0.0,0.46393222361473313,8.54598109369916,2.3581438206140977,0.0,0.0,0.0,0.0,0.0,0.0,0.0,0.0,68.35567686978288,16.388486097342863,True,False,True,False,False,13.898991834091579,0,1.0275305319809562,0.8987787207617471,False,False,False,False,0.31733281133595687,0.3252463513623407,False,False,False,False,618269.0,147846.04217532655,False,False,False,False,27819.32388361543,False,False,False,False
2025-05-13 19:00:00+00:00,9.63,9.765,9.63,9.645,64759.0,,,,,,,,,,,,,,,,,,,,,,,,,"rgba(38, 166, 154, 1.0)",0.0,0.0,0.4788445646732552,8.569974934833963,2.24503971533976,0.0,0.0,0.0,0.0,0.0,0.0,0.0,0.0,68.18499573259479,16.388486097342863,True,False,True,False,False,13.95207473818867,0,1.0282040647034425,0.8973454997926171,False,False,False,False,0.34282822259337137,0.33403728697785606,False,False,False,False,683028.0,156143.43687028272,False,False,False,False,28392.032040458602,False,False,False,False
2025-05-14 14:00:00+00:00,9.47,9.55,9.35,9.42,14974.0,,,,,,,,,,,,,,,,,,,,,,,,,"rgba(38, 166, 154, 1.0)",0.0,0.0,0.4868896040032979,8.572991766002918,1.7396309697985353,0.0,0.0,0.0,0.0,0.0,0.0,0.0,0.0,63.449377282308106,17.12290223407689,True,False,True,False,False,10.53967173313115,0,1.0156765676567656,0.9057343234323434,False,False,False,False,0.265912551661912,0.29997491931988407,False,False,False,False,668054.0,164080.03474826284,False,False,False,False,28184.00053595537,False,False,False,False
2025-05-14 15:00:00+00:00,9.42,9.59,9.32,9.53,15341.0,,,,,,,,,,,,,,,,,,,,,,,,,"rgba(38, 166, 154, 1.0)",0.0,0.0,0.4971015811501541,8.576577149351106,1.9179638263128018,0.0,0.0,0.0,0.0,0.0,0.0,0.0,0.0,61.8424298589318,15.629655650664716,True,False,True,False,False,11.750124916998733,0,1.0144240675870597,0.9074799093344325,False,False,False,False,0.26743362336147275,0.28370427134067844,False,False,False,False,683395.0,172131.4295583673,False,False,False,False,27984.884248576214,False,False,False,False
2025-05-14 16:00:00+00:00,9.54,9.555,9.45,9.49,9432.0,,,,,,,,,,,,,,,,,,,,,,,,,"rgba(38, 166, 154, 1.0)",0.0,0.0,0.5061762681264456,8.5789123547348,1.7999414485342982,0.0,0.0,0.0,0.0,0.0,0.0,0.0,0.0,59.995345996559585,13.888559680437453,True,False,True,False,False,11.149848567018577,0,1.023612261806131,0.9041010770505387,False,False,False,False,0.28194535427787654,0.2828248128092775,False,False,False,False,673963.0,179911.76398381896,False,False,False,False,27697.242632319216,False,False,False,False
2025-05-14 17:00:00+00:00,9.475,9.505,9.275,9.3,20124.0,,,,,,,,,,,,,,,,,,,,,,,,,"rgba(38, 166, 154, 1.0)",0.0,0.0,0.5119227137614285,8.58238936499863,1.4017948719810065,0.0,0.0,0.0,0.0,0.0,0.0,0.0,0.0,55.47962186235067,9.73651166326708,False,False,True,False,False,8.354240052153312,0,1.0152514427040396,0.9027205276174773,False,False,False,False,0.24775100542816003,0.2652879091187188,False,False,False,False,653839.0,187259.47306934115,False,False,False,False,27579.828017864653,False,False,False,False
2025-05-14 18:00:00+00:00,9.295,9.31,9.145,9.15,29849.0,,,,,,,,,,,,,,,,,,,,,,,,,"rgba(38, 166, 154, 1.0)",0.0,0.0,0.5147024680634734,8.5853642801823,1.0970138183756843,0.0,0.0,0.0,0.0,0.0,0.0,0.0,0.0,50.38635500707506,5.215048616387051,False,True,False,False,False,6.2307326037061195,0,1.0110974106041926,0.9091656391286479,False,False,False,False,0.19932229557229728,0.23230510234550805,False,False,False,False,623990.0,194030.48899074673,False,False,False,False,27615.00897882799,False,False,False,False
2025-05-14 19:00:00+00:00,9.16,9.28,9.08,9.14,87515.0,,,,,,,,,,,,,,,,,,,,,,,,,"rgba(38, 166, 154, 1.0)",0.0,0.0,0.5168468154401559,8.594695826749003,1.0550595591589487,0.0,0.0,0.0,0.0,0.0,0.0,0.0,0.0,46.85699904633757,2.2114349447239903,False,True,False,True,False,6.090199988232101,0,1.012923076923077,0.9085128205128208,False,False,False,False,0.18534825994385243,0.20882668114468023,False,False,False,False,536475.0,199339.7062156964,False,False,False,False,28543.691010163988,False,False,False,False
2025-05-15 14:00:00+00:00,8.835,8.915,8.7,8.755,12801.0,,,,,,,,,,,,,,,,,,,,,,,,,"rgba(239, 83, 80, 1.0)",0.0,0.0,0.5157395896422187,8.595725252412688,0.3088278479800352,0.0,0.0,0.0,0.0,0.0,0.0,0.0,0.0,40.49799095303017,-3.3893747101804834,False,True,False,True,False,0.9295741002223004,0,1.005471124620061,0.910840932117528,False,False,False,False,0.07778267765972322,0.1433046794022017,False,False,False,False,523674.0,204368.14487901895,False,False,False,False,28299.618281324234,False,False,False,False
2025-05-15 15:00:00+00:00,8.75,8.89,8.7,8.88,10557.0,,,,,,,,,,,,,,,,,,,,,,,,,"rgba(239, 83, 80, 1.0)",0.0,0.0,0.5149624494313385,8.604978417372859,0.5340614309467457,0.0,0.0,0.0,0.0,0.0,0.0,0.0,0.0,38.650185439944906,-4.8116580448509225,False,True,False,True,False,2.4590424593625,0,1.002836304700162,0.9163290113452189,False,False,False,False,0.0742175853879153,0.1087611323950585,False,False,False,False,534231.0,209482.29767159227,False,False,False,False,28024.53892812541,False,False,False,False
2025-05-15 16:00:00+00:00,8.88,9.05,8.855,9.04,9824.0,,,,,,,,,,,,,,,,,,,,,,,,,"rgba(239, 83, 80, 1.0)",0.0,0.0,0.5164051939362381,8.611814817818585,0.8291651346835275,0.0,0.0,0.0,0.0,0.0,0.0,0.0,0.0,40.13182224336836,-4.8116580448509225,False,True,False,True,False,4.364086905908255,0,1.013373860182371,0.9071935157041539,False,False,False,False,0.11930612894859172,0.1140336306718251,False,False,False,False,544055.0,214669.47135110246,False,False,False,False,27742.36003001494,False,False,False,False
2025-05-15 17:00:00+00:00,9.04,9.13,9.02,9.065,21033.0,,,,,,,,,,,,,,,,,,,,,,,,,"rgba(239, 83, 80, 1.0)",0.0,0.0,0.5172783766202855,8.6220574467616,0.8562943537915307,0.0,0.0,0.0,0.0,0.0,0.0,0.0,0.0,41.52788621822944,-4.8116580448509225,False,True,False,True,True,4.658614977799694,0,1.0217082572529923,0.9007912355447353,False,False,False,False,0.1547025661976872,0.13436809843475617,False,False,False,False,565088.0,220102.31675651172,False,False,False,False,27638.33894427827,False,False,False,False
2025-05-15 18:00:00+00:00,9.065,9.16,9.03,9.155,18204.0,,,,,,,,,,,,,,,,,,,,,,,,,"rgba(239, 83, 80, 1.0)",0.0,0.0,0.5191736504092614,8.628051575377116,1.0149752866068862,0.0,0.0,0.0,0.0,0.0,0.0,0.0,0.0,43.94689119972868,-4.8116580448509225,False,True,False,True,True,5.71978935553398,0,1.0222086389568052,0.9030154849225754,False,False,False,False,0.16051595213025624,0.14744202528250622,False,False,False,False,583292.0,225733.16455873635,False,False,False,False,27492.070123436748,False,False,False,False
2025-05-15 19:00:00+00:00,9.155,9.25,9.145,9.2,24856.0,,,,,,,,,,,,,,,,,,,,,,,,,"rgba(239, 83, 80, 1.0)",0.0,0.0,0.5213477164440637,8.63667819272263,1.0805107407386303,0.0,0.0,0.0,0.0,0.0,0.0,0.0,0.0,46.296362380210525,-10.275301500613594,False,True,False,True,True,6.248963986479254,0,1.0271158586688578,0.9013968775677899,False,False,False,False,0.19048798690509774,0.168965006093802,False,False,False,False,608148.0,231662.07673612027,False,False,False,False,27451.200819197416,False,False,False,False
2025-05-16 14:00:00+00:00,9.135,9.135,8.98,8.99,20749.0,,,,,,,,,,,,,,,,,,,,,,,,,"rgba(239, 83, 80, 1.0)",0.0,0.0,0.5217141014038261,8.637743339263976,0.675190990215089,0.0,0.0,0.0,0.0,0.0,0.0,0.0,0.0,44.722573924345284,-10.275301500613594,False,True,False,True,True,3.3974693097896385,0,1.0200860832137733,0.8962902234064357,False,False,False,False,0.14962436255995182,0.1592946843268769,False,False,False,False,587399.0,237177.37787199437,False,False,False,False,27347.2907289773,False,False,False,False
2025-05-16 15:00:00+00:00,8.98,9.13,8.98,9.1,25645.0,,,,,,,,,,,,,,,,,,,,,,,,,"rgba(239, 83, 80, 1.0)",0.0,0.0,0.5230557908678177,8.64029404000494,0.8788851361961731,0.0,0.0,0.0,0.0,0.0,0.0,0.0,0.0,45.585269062530564,-10.275301500613594,False,True,False,True,True,4.7159054592484075,0,1.0207605344295994,0.8978417266187051,False,False,False,False,0.1488995357628877,0.1540971100448823,False,False,False,False,613044.0,243004.76736235103,False,False,False,False,27320.89862465207,False,False,False,False
2025-05-16 16:00:00+00:00,9.1,9.135,9.065,9.095,15316.0,,,,,,,,,,,,,,,,,,,,,,,,,"rgba(239, 83, 80, 1.0)",0.0,0.0,0.5232519762319378,8.642229591689146,0.8653009044922529,0.0,0.0,0.0,0.0,0.0,0.0,0.0,0.0,46.08162610477878,-9.721648355688231,False,True,False,True,True,4.6478823925815504,0,1.0396540814174222,0.8924277578569922,False,False,False,False,0.1619709659874035,0.1580340380161429,False,False,False,False,597728.0,248504.35236448512,False,False,False,False,27134.776165355135,False,False,False,False
2025-05-16 17:00:00+00:00,9.095,9.17,9.06,9.085,15352.0,,,,,,,,,,,,,,,,,,,,,,,,,"rgba(239, 83, 80, 1.0)",0.0,0.0,0.520867709856513,8.644196197715026,0.8462874429409465,0.0,0.0,0.0,0.0,0.0,0.0,0.0,0.0,46.23813674812317,-9.115299104048745,False,True,False,True,True,4.509419396124763,0,1.038723404255319,0.8963829787234043,False,False,False,False,0.16634011531711104,0.16218707666662696,False,False,False,False,582376.0,253680.65697898922,False,False,False,False,26952.09746511707,False,False,False,False
2025-05-16 18:00:00+00:00,9.07,9.24,9.065,9.22,26984.0,,,,,,,,,,,,,,,,,,,,,,,,,"rgba(239, 83, 80, 1.0)",0.0,0.0,0.5201859681320119,8.64913926135499,1.0974166425422291,0.0,0.0,0.0,0.0,0.0,0.0,0.0,0.0,48.91544489310773,-6.203687630166904,False,True,False,False,True,6.158038845029743,0,1.028462192013594,0.8963466440101955,False,False,False,False,0.17729095688609697,0.16973901677636197,False,False,False,False,609360.0,259195.06539791962,False,False,False,False,26952.59207806099,False,False,False,False
2025-05-16 19:00:00+00:00,9.215,9.41,9.21,9.4,62172.0,,,,,,,,,,,,,,,,,,,,,,,,,"rgba(239, 83, 80, 1.0)",0.0,0.0,0.5203100946499033,8.702645846425629,1.3402664310089822,0.0,0.0,0.0,0.0,0.0,0.0,0.0,0.0,53.414450357682306,-1.7998632806245496,False,False,True,False,True,8.281044878484273,0,1.036139455782313,0.8911564625850342,False,False,False,False,0.2237802495382278,0.1967596331572949,False,False,False,False,671532.0,265587.8860894247,False,False,False,False,27498.629410184076,False,False,False,False
2025-05-19 14:00:00+00:00,8.905,9.06,8.88,8.925,29021.0,,,,,,,,,,,,,,,,,,,,,,,,,"rgba(239, 83, 80, 1.0)",0.0,0.0,0.5155274391732577,8.69591891332122,0.44436254847298484,0.0,0.0,0.0,0.0,0.0,0.0,0.0,0.0,49.219591795087815,-1.7998632806245496,False,True,False,False,False,1.8955544798761714,0,1.0194438636838803,0.8900271795943969,False,False,False,False,0.12434255790054136,0.1605510955289181,False,False,False,False,642511.0,271431.6552973406,False,False,False,False,27522.23205498742,False,False,False,False
2025-05-19 15:00:00+00:00,8.925,9.0,8.825,8.85,20192.0,,,,,,,,,,,,,,,,,,,,,,,,,"rgba(239, 83, 80, 1.0)",0.0,0.0,0.511909937180145,8.691962866747977,0.30872058105097594,0.0,0.0,0.0,0.0,0.0,0.0,0.0,0.0,45.63539454737828,1.4344821238802794,False,True,False,True,False,0.9572177480416002,0,1.020938023450586,0.8921691792294808,False,False,False,False,0.10781645907371783,0.13418377730131797,False,False,False,False,622319.0,276871.7691686997,False,False,False,False,27408.585046382967,False,False,False,False
2025-05-19 16:00:00+00:00,8.85,9.0,8.82,8.985,16690.0,,,,,,,,,,,,,,,,,,,,,,,,,"rgba(239, 83, 80, 1.0)",0.0,0.0,0.5088721586743274,8.690295637464882,0.5791324156991763,0.0,0.0,0.0,0.0,0.0,0.0,0.0,0.0,45.39746145040301,1.1886634504047606,False,True,False,True,False,2.5803734980308164,0,1.0197423108894432,0.8850789692435578,False,False,False,False,0.10709932638885243,0.12064155184508521,False,False,False,False,639009.0,282486.29987926246,False,False,False,False,27242.40543326075,False,False,False,False
2025-05-19 17:00:00+00:00,8.985,9.02,8.815,8.825,19701.0,,,,,,,,,,,,,,,,,,,,,,,,,"rgba(239, 83, 80, 1.0)",0.0,0.0,0.5054680553259036,8.687983579593121,0.2710684067236179,0.0,0.0,0.0,0.0,0.0,0.0,0.0,0.0,43.401534169437,-0.8443659514248765,False,True,False,True,False,0.5767064073368822,0,1.0193694621883371,0.8852256336286835,False,False,False,False,0.10925105666172705,0.11494630425340613,False,False,False,False,619308.0,287708.34174159943,False,False,False,False,27125.484418791588,False,False,False,False
2025-05-19 18:00:00+00:00,8.815,8.85,8.76,8.8,20806.0,,,,,,,,,,,,,,,,,,,,,,,,,"rgba(239, 83, 80, 1.0)",0.0,0.0,0.499260651562081,8.684597728991669,0.23114633738361412,0.0,0.0,0.0,0.0,0.0,0.0,0.0,0.0,41.7935621970253,-2.5454500791136496,False,True,False,True,False,0.2667711841249272,0,1.0170396222541573,0.8926298501334429,False,False,False,False,0.07706950421244305,0.09600790423292459,False,False,False,False,598502.0,292526.848071187,False,False,False,False,27027.50791617466,False,False,False,False
2025-05-19 19:00:00+00:00,8.805,8.925,8.8,8.925,36669.0,,,,,,,,,,,,,,,,,,,,,,,,,"rgba(239, 83, 80, 1.0)",0.0,0.0,0.49351700683566235,8.682347032960326,0.4916810640336785,0.0,0.0,0.0,0.0,0.0,0.0,0.0,0.0,42.894997254951406,-2.5454500791136496,False,True,False,True,False,1.7983790922255913,0,1.0185866013071894,0.8901143790849673,False,False,False,False,0.093493786747535,0.0947508454902298,False,False,False,False,635171.0,297839.1605041918,False,False,False,False,27176.98841359831,False,False,False,False
2025-05-20 14:00:00+00:00,8.855,8.95,8.85,8.9,15829.0,,,,,,,,,,,,,,,,,,,,,,,,,"rgba(239, 83, 80, 1.0)",0.0,0.0,0.48685530713969316,8.681850851675739,0.44807799180808405,0.0,0.0,0.0,0.0,0.0,0.0,0.0,0.0,43.27861314986818,-2.5454500791136496,False,True,False,True,False,1.478506395616975,0,1.0205451586655816,0.8895443449959315,False,False,False,False,0.10423188524895403,0.09949136536959191,False,False,False,False,619342.0,302823.70065141364,False,False,False,False,27001.05060873632,False,False,False,False
2025-05-20 15:00:00+00:00,8.875,9.025,8.87,9.0,16160.0,,,,,,,,,,,,,,,,,,,,,,,,,"rgba(239, 83, 80, 1.0)",0.0,0.0,0.48170270447184543,8.682234107990713,0.6596722191080415,0.0,0.0,0.0,0.0,0.0,0.0,0.0,0.0,45.30626259244542,-2.5454500791136496,False,True,False,True,True,2.707507385256907,0,1.0212249848392962,0.8872043662825955,False,False,False,False,0.11786826600266503,0.10867981568612847,False,False,False,False,635502.0,307981.50374208944,False,False,False,False,26832.972304724906,False,False,False,False
2025-05-20 16:00:00+00:00,9.005,9.025,8.96,8.985,15064.0,,,,,,,,,,,,,,,,,,,,,,,,,"rgba(239, 83, 80, 1.0)",0.0,0.0,0.4741085328286078,8.682903658498699,0.637188155418645,0.0,0.0,0.0,0.0,0.0,0.0,0.0,0.0,46.39841152712742,-2.5454500791136496,False,True,False,True,True,2.509192047222143,0,1.0346302709309432,0.8871460582603383,False,False,False,False,0.13082723718916356,0.11975352643764602,False,False,False,False,620438.0,312825.7905057779,False,False,False,False,26650.507617829946,False,False,False,False
2025-05-20 17:00:00+00:00,8.985,9.14,8.98,9.135,8409.0,,,,,,,,,,,,,,,,,,,,,,,,,"rgba(239, 83, 80, 1.0)",0.0,0.0,0.47216829722133485,8.6838472315822,0.9554914446242789,0.0,0.0,0.0,0.0,0.0,0.0,0.0,0.0,49.71021376677163,-5.077098365403771,False,True,False,False,True,4.349053972189488,0,1.0365828734927447,0.8804414469650521,False,False,False,False,0.14834244529660673,0.13404798586712638,False,False,False,False,628847.0,317725.3441413472,False,False,False,False,26367.69354623568,False,False,False,False
2025-05-20 18:00:00+00:00,9.135,9.17,8.965,8.98,13604.0,,,,,,,,,,,,,,,,,,,,,,,,,"rgba(239, 83, 80, 1.0)",0.0,0.0,0.46924434173705926,8.70815124719152,0.5793330438511948,0.0,0.0,0.0,0.0,0.0,0.0,0.0,0.0,49.118025158181986,-5.077098365403771,False,True,False,False,True,2.280872367356629,0,1.0335104209235797,0.880057212913772,False,False,False,False,0.15054065347250722,0.14229431966981682,False,False,False,False,615243.0,322338.0209763651,False,False,False,False,26169.806824588617,False,False,False,False
2025-05-20 19:00:00+00:00,8.98,9.08,8.945,9.08,17671.0,,,,,,,,,,,,,,,,,,,,,,,,,"rgba(239, 83, 80, 1.0)",0.0,0.0,0.468062346659453,8.709326840265273,0.7919311655385444,0.0,0.0,0.0,0.0,0.0,0.0,0.0,0.0,50.418142179117694,-4.098873628775209,False,False,False,False,True,3.5076024225418045,0,1.0300061236987141,0.8828332312716883,False,False,False,False,0.134452560741538,0.1383734402056774,False,False,False,False,632914.0,327153.15243409586,False,False,False,False,26038.04237769577,False,False,False,False
2025-05-21 14:00:00+00:00,8.655,8.83,8.65,8.765,15116.0,,,,,,,,,,,,,,,,,,,,,,,,,"rgba(239, 83, 80, 1.0)",0.0,0.0,0.46668934629573394,8.70294787540172,0.1329623765590702,0.0,0.0,0.0,0.0,0.0,0.0,0.0,0.0,46.74119680578938,-4.098873628775209,False,True,False,True,False,0.0,0,1.0183356840620592,0.8829337094499295,False,False,False,False,0.040136200039281325,0.08925482012247937,False,False,False,False,617798.0,331659.2741017843,False,False,False,False,25868.708387343893,False,False,False,False
2025-05-21 15:00:00+00:00,8.765,8.82,8.75,8.79,9248.0,,,,,,,,,,,,,,,,,,,,,,,,,"rgba(239, 83, 80, 1.0)",0.0,0.0,0.4653131562005601,8.700908420041046,0.19146585212938436,0.0,0.0,0.0,0.0,0.0,0.0,0.0,0.0,44.743289043794526,-0.5645042461697045,False,True,False,True,False,0.0,1,1.0226253567060741,0.8919690175295557,False,False,False,False,0.01795527914459291,0.05360504963353614,False,False,False,False,627046.0,336238.9132629969,False,False,False,False,25611.022985989723,False,False,False,False
2025-05-21 16:00:00+00:00,8.79,8.82,8.68,8.685,9005.0,,,,,,,,,,,,,,,,,,,,,,,,,"rgba(239, 83, 80, 1.0)",0.0,0.0,0.46281770193589034,8.698584206699323,-0.029351095782425483,0.0,0.0,0.0,0.0,0.0,0.0,0.0,0.0,42.109254685902705,-3.0731335626059746,False,True,False,True,False,0.0,0,1.00531371346822,0.8978132025342326,False,False,False,False,0.005984509992803443,0.029794779813169792,False,False,False,False,618041.0,340607.9378635706,False,False,False,False,25353.565265276702,False,False,False,False
2025-05-21 17:00:00+00:00,8.685,8.695,8.45,8.505,9327.0,,,,,,,,,,,,,,,,,,,,,,,,,"rgba(239, 83, 80, 1.0)",0.0,0.0,0.46343209460103185,8.694419995110378,-0.4087330103312086,0.0,0.0,0.0,0.0,0.0,0.0,0.0,0.0,38.43705410449088,-6.490559329404718,False,True,False,True,False,0.0,0,0.9967479674796748,0.9010162601626017,False,False,False,False,-0.054769739244865105,-0.012487479715847656,False,False,False,False,608714.0,344764.6209974687,False,False,False,False,25105.09138519489,False,False,False,False
2025-05-21 18:00:00+00:00,8.51,8.51,8.4,8.405,15232.0,,,,,,,,,,,,,,,,,,,,,,,,,"rgba(239, 83, 80, 1.0)",0.0,0.0,0.4637063473541957,8.68676965338815,-0.6076467466875657,0.0,0.0,0.0,0.0,0.0,0.0,0.0,0.0,35.0679902984652,-9.562556336119641,False,True,False,True,False,0.0,0,0.9926455566905005,0.9152196118488255,False,False,False,False,-0.09518279191248992,-0.05383513581416879,False,False,False,False,593482.0,348620.70439285674,False,False,False,False,24952.020200928302,False,False,False,False
2025-05-21 19:00:00+00:00,8.405,8.45,8.295,8.34,21092.0,,,,,,,,,,,,,,,,,,,,,,,,,"rgba(239, 83, 80, 1.0)",0.0,0.0,0.46527298002993833,8.676455990998061,-0.7231367507659952,0.0,0.0,0.0,0.0,0.0,0.0,0.0,0.0,32.24579290891107,-12.127189369776069,False,True,False,True,False,0.0,0,0.9897708674304417,0.9142798690671031,False,False,False,False,-0.12373647330774065,-0.08878580456095472,False,False,False,False,572390.0,352089.99579761864,False,False,False,False,24892.174926495303,False,False,False,False
2025-05-22 14:00:00+00:00,8.255,8.44,8.215,8.315,34098.0,,,,,,,,,,,,,,,,,,,,,,,,,"rgba(239, 83, 80, 1.0)",0.0,0.0,0.46741500166744465,8.661929122610491,-0.7422293280550806,0.0,0.0,0.0,0.0,0.0,0.0,0.0,0.0,30.13626123280563,-14.086007399348958,False,True,False,True,False,0.0,0,0.9834996944387858,0.9152576899572215,False,False,False,False,-0.1393932835449065,-0.1140895440529306,False,False,False,False,538292.0,354976.84857595013,False,False,False,False,25034.900896627158,False,False,False,False
2025-05-22 15:00:00+00:00,8.315,8.335,8.265,8.305,26940.0,,,,,,,,,,,,,,,,,,,,,,,,,"rgba(239, 83, 80, 1.0)",0.0,0.0,0.47074863704451964,8.651901754340457,-0.7369150477384183,0.0,0.0,0.0,0.0,0.0,0.0,0.0,0.0,28.63106050403314,-15.575340576177176,False,True,False,True,False,0.0,0,0.9850624104767752,0.9220380601596072,False,False,False,False,-0.14899438593152292,-0.13154196499222676,False,False,False,False,511352.0,357401.269528261,False,False,False,False,25064.43731683449,False,False,False,False
2025-05-22 16:00:00+00:00,8.305,8.385,8.26,8.295,29248.0,,,,,,,,,,,,,,,,,,,,,,,,,"rgba(239, 83, 80, 1.0)",0.0,0.0,0.47448812628133885,8.64261828055491,-0.73261744878479,0.0,0.0,0.0,0.0,0.0,0.0,0.0,0.0,27.519060670823002,-16.79772914961356,False,True,False,True,False,0.0,0,0.9794477890803406,0.929416649366826,False,False,False,False,-0.1411369896338248,-0.13633947731302576,False,False,False,False,482104.0,359334.6451944895,False,False,False,False,25129.29875378279,False,False,False,False
2025-05-22 17:00:00+00:00,8.29,8.48,8.27,8.43,29116.0,,,,,,,,,,,,,,,,,,,,,,,,,"rgba(239, 83, 80, 1.0)",0.0,0.0,0.4723452413510913,8.636038505194103,-0.4362031987551152,0.0,0.0,0.0,0.0,0.0,0.0,0.0,0.0,30.806401062339276,-16.79772914961356,False,True,False,True,True,0.0,0,0.9918563374399666,0.919189809981207,False,False,False,False,-0.12286848720417849,-0.12960398225860212,False,False,False,False,511220.0,361689.4568969005,False,False,False,False,25191.10807542957,False,False,False,False
2025-05-22 18:00:00+00:00,8.435,8.535,8.425,8.515,15602.0,,,,,,,,,,,,,,,,,,,,,,,,,"rgba(239, 83, 80, 1.0)",0.0,0.0,0.4695275083326585,8.633827590758603,-0.25307908194894,0.0,0.0,0.0,0.0,0.0,0.0,0.0,0.0,35.144003720422866,-20.794849258925264,False,True,False,True,True,0.0,0,0.9968658587547012,0.9089009611366488,False,False,False,False,-0.08656272468622128,-0.1080833534724117,False,False,False,False,526822.0,364249.6513636152,False,False,False,False,25042.439733174848,False,False,False,False
2025-05-22 19:00:00+00:00,8.51,8.555,8.475,8.54,36724.0,,,,,,,,,,,,,,,,,,,,,,,,,"rgba(239, 83, 80, 1.0)",0.0,0.0,0.4637829175321015,8.62971751972633,-0.19344722786199134,0.0,0.0,0.0,0.0,0.0,0.0,0.0,0.0,38.65185906306123,-17.54415234677547,False,True,False,True,True,0.0,0,0.9959991577174141,0.9161928827121502,False,False,False,False,-0.07451586523159708,-0.09129960935200439,False,False,False,False,563546.0,367339.5172339467,False,False,False,False,25223.549194676012,False,False,False,False
2025-05-23 14:00:00+00:00,8.23,8.26,8.15,8.155,12545.0,,,,,,,,,,,,,,,,,,,,,,,,,"rgba(239, 83, 80, 1.0)",0.0,0.0,0.46256839766948626,8.625706516207016,-1.0175933301508095,0.0,0.0,0.0,0.0,0.0,0.0,0.0,0.0,35.46380287529928,-17.54415234677547,False,True,False,True,False,0.0,0,0.9843847595252967,0.9160941078492608,False,False,False,False,-0.1823843389772335,-0.13684197416461893,False,False,False,False,551001.0,370186.98208303284,False,False,False,False,25026.982540494988,False,False,False,False
2025-05-23 15:00:00+00:00,8.155,8.22,8.155,8.175,7993.0,,,,,,,,,,,,,,,,,,,,,,,,,"rgba(239, 83, 80, 1.0)",0.0,0.0,0.4634705837288656,8.623199764172474,-0.9670511568748759,0.0,0.0,0.0,0.0,0.0,0.0,0.0,0.0,33.82954047641661,-17.54415234677547,False,True,False,True,False,0.0,0,0.9920235096557514,0.9154072208228381,False,False,False,False,-0.18857706806397448,-0.1627095211142967,False,False,False,False,558994.0,373114.2226708928,False,False,False,False,24762.889787929176,False,False,False,False
2025-05-23 16:00:00+00:00,8.175,8.19,8.065,8.095,8979.0,,,,,,,,,,,,,,,,,,,,,,8.116666666666667,,,"rgba(239, 83, 80, 1.0)",0.0,0.0,0.4634705837288656,8.599103198237314,-1.0876703202639895,1.0,8.19,8.065,0.0,0.0,0.0,0.0,0.0,31.869030260284227,-11.669561119908437,False,True,False,True,False,0.0,0,0.9919966301600674,0.91027801179444,True,False,False,False,-0.20992132973376132,-0.186315425424029,False,False,False,False,550015.0,375856.8703814215,False,False,False,False,24518.178318348877,False,False,False,False
2025-05-23 17:00:00+00:00,8.095,8.13,8.075,8.085,7249.0,,,,,,,,,,,,,,,,,,,,,,8.107732725330704,,,"rgba(239, 83, 80, 1.0)",0.0,0.0,0.45604297845509206,8.59612601798049,-1.1207847552263568,0.0,0.0,0.0,0.0,0.0,0.0,0.0,0.0,30.451342183293832,-13.221257096332451,False,True,False,True,False,0.0,0,0.9932203389830508,0.9110169491525425,False,False,False,False,-0.21886963043374333,-0.20259252792888616,False,False,False,False,542766.0,378444.6088251204,True,False,False,False,24250.439119614784,False,False,False,False
2025-05-23 18:00:00+00:00,8.085,8.17,8.08,8.115,13298.0,,,,,,,,,,,,,,,,,,,,,,8.114008331639912,,,"rgba(239, 83, 80, 1.0)",0.0,0.0,0.4474203638436401,8.592121336397884,-1.0663827017149885,0.0,0.0,0.0,0.0,0.0,0.0,0.0,0.0,30.436394023629646,-13.573571524482688,False,True,False,True,False,0.0,0,0.9883449883449883,0.9101504556050011,False,False,False,False,-0.21081464775912268,-0.20670358784400442,False,False,False,False,556064.0,381198.3978355836,False,False,False,False,24080.63386194634,False,False,False,False
2025-05-23 19:00:00+00:00,8.115,8.215,8.105,8.195,26533.0,,,,,,,,,,,,,,,,,,,,,,8.141298304762245,,,"rgba(239, 83, 80, 1.0)",0.0,0.0,0.4441618993033802,8.586053910757563,-0.8804310125899784,0.0,0.0,0.0,0.0,0.0,0.0,0.0,0.0,32.83125007982596,-13.573571524482688,False,True,False,True,False,0.0,0,0.9885447602885024,0.9106915570640645,False,False,False,False,-0.1983376515437486,-0.20252061969387652,False,False,False,False,582597.0,384320.85678386915,False,False,False,False,24118.655042381277,False,False,False,False
2025-05-26 14:00:00+00:00,8.195,8.195,8.195,8.195,0.0,,,,,,,,,,,,,,,,,,,,,,8.141298304762245,,,"rgba(239, 83, 80, 1.0)",0.0,0.0,0.44112737430401383,8.586053910757563,-0.8864875170681622,0.0,0.0,0.0,0.0,0.0,0.0,0.0,0.0,34.42782078395684,-13.573571524482688,False,True,False,True,True,0.0,0,0.9901939884885952,0.9123854188872309,False,False,False,False,-0.18592131750463622,-0.19422096859925636,False,False,False,False,582597.0,387394.9055159022,False,False,False,False,23744.722406065288,False,False,False,False
2025-05-26 15:00:00+00:00,8.195,8.195,8.195,8.195,0.0,,,,,,,,,,,,,,,,,,,,,,8.141298304762245,,,"rgba(239, 83, 80, 1.0)",0.0,0.0,0.4402433295226429,8.586053910757563,-0.8882676568469167,0.0,0.0,0.0,0.0,0.0,0.0,0.0,0.0,35.492201253377424,-13.573571524482688,False,True,False,True,True,0.0,0,0.990934599611483,0.9179797107705591,False,False,False,False,-0.18592131750463622,-0.19007114305194628,False,False,False,False,582597.0,390421.29457767116,False,False,False,False,23376.5871749635,False,False,False,False
2025-05-26 16:00:00+00:00,8.195,8.195,8.195,8.195,0.0,,,,,,,,,,,,,,,,,,,,,,8.141298304762245,,,"rgba(239, 83, 80, 1.0)",0.0,0.0,0.4425063546141084,8.586053910757563,-0.8837249605117763,0.0,0.0,0.0,0.0,0.0,0.0,0.0,0.0,36.20178823299115,-13.573571524482688,False,True,False,True,True,0.0,0,0.9938811188811189,0.9163024475524475,False,False,False,False,-0.18592131750463622,-0.18799623027829127,False,False,False,False,582597.0,393400.76287879254,False,False,False,False,23014.15946682453,False,False,False,False
2025-05-26 17:00:00+00:00,8.195,8.195,8.195,8.195,0.0,,,,,,,,,,,,,,,,,,,,,,8.141298304762245,,,"rgba(239, 83, 80, 1.0)",0.0,0.0,0.4480000402187809,8.586053910757563,-0.8728881152925606,0.0,0.0,0.0,0.0,0.0,0.0,0.0,0.0,36.674846219400294,-17.99123500958165,False,True,False,True,True,0.0,0,0.9903232900813724,0.9157686386628547,False,False,False,False,-0.18592131750463622,-0.18695877389146376,False,False,False,False,582597.0,396334.0378729198,False,False,False,False,22657.350792920275,False,False,False,False
2025-05-26 18:00:00+00:00,8.195,8.195,8.195,8.195,0.0,,,,,,,,,,,,,,,,,,,,,,8.141298304762245,,,"rgba(239, 83, 80, 1.0)",0.0,0.0,0.45436255714278084,8.586053910757563,-0.8606649130964297,0.0,0.0,0.0,0.0,0.0,0.0,0.0,0.0,36.99021821033973,-17.299108120675086,False,True,False,True,True,0.0,0,0.9889551579412414,0.914733819306384,False,False,False,False,-0.18592131750463622,-0.18644004569805,False,False,False,False,582597.0,399221.83573535515,False,False,False,False,22306.074036440892,False,False,False,False
2025-05-26 19:00:00+00:00,8.195,8.195,8.195,8.195,0.0,,,,,,,,,,,,,,,,,,,,,,8.141298304762245,,,"rgba(239, 83, 80, 1.0)",0.0,0.0,0.46118848621774317,8.586053910757563,-0.847926438850715,0.0,0.0,0.0,0.0,0.0,0.0,0.0,0.0,37.200466204299346,-16.697188738171867,False,True,False,True,True,0.0,0,0.987981304251057,0.9180948141553528,False,False,False,False,-0.18592131750463622,-0.1861806816013431,False,False,False,False,582597.0,402064.8615379078,False,False,False,False,21960.243431224753,False,False,False,False
2025-05-27 14:00:00+00:00,8.52,8.635,8.43,8.455,22798.0,,,,,,,,,,,,,,,,,,,,,,8.246928342865356,,,"rgba(38, 166, 154, 1.0)",0.0,0.0,0.4626612891397574,8.589570131888303,-0.29086101441189094,0.0,0.0,0.0,0.0,0.0,0.0,0.0,0.0,46.37553965141875,-8.033046749397656,True,False,False,False,True,0.0,0,0.9888010540184454,0.9079929732103645,False,False,False,False,-0.06850073839109921,-0.12734070999622116,False,False,False,False,605395.0,405217.26678538206,False,False,False,False,21973.231905159253,False,False,False,False
2025-05-27 15:00:00+00:00,8.455,8.535,8.39,8.535,16562.0,,,,,,,,,,,,,,,,,,,,,,8.288540035702184,,,"rgba(38, 166, 154, 1.0)",0.0,0.0,0.4641021361648604,8.590226464042622,-0.11899635821328032,0.0,0.0,0.0,0.0,0.0,0.0,0.0,0.0,54.02956124741461,-1.2950799903096382,True,False,True,False,True,0.0,0,0.9861690450054886,0.9135016465422613,False,False,False,False,-0.09259534846635885,-0.10996802923129001,False,False,False,False,621957.0,408577.572726694,False,False,False,False,21889.33683686221,False,False,False,False
2025-05-27 16:00:00+00:00,8.535,8.585,8.485,8.585,17003.0,,,,,,,,,,,,,,,,,,,,,,8.328336001850172,,,"rgba(38, 166, 154, 1.0)",0.0,0.0,0.4643753141936232,8.591386584674645,-0.013753066710132876,0.0,0.0,0.0,0.0,0.0,0.0,0.0,0.0,59.99273208058563,3.6984843134322247,True,False,True,False,True,0.0,0,0.9847243745849016,0.9176444542838168,False,False,False,False,-0.06764184852701007,-0.08880493887915003,False,False,False,False,638960.0,412149.3933045747,False,False,False,False,21813.57967660078,False,False,False,False
2025-05-27 17:00:00+00:00,8.585,8.625,8.53,8.605,18639.0,,,,,,,,,,,,,,,,,,,,,,8.365074812491892,,,"rgba(38, 166, 154, 1.0)",0.0,0.0,0.4653095259662635,8.592675359684126,0.02648697185014889,0.0,0.0,0.0,0.0,0.0,0.0,0.0,0.0,64.30985501906507,7.215116689915192,True,False,True,False,True,0.0,0,0.9915593069746779,0.9118169702354509,False,False,False,False,-0.05305491981043138,-0.0709299293447907,False,False,False,False,657599.0,415954.81356341846,False,False,False,False,21764.361387041077,False,False,False,False
2025-05-27 18:00:00+00:00,8.605,8.605,8.54,8.54,16498.0,,,,,,,,,,,,,,,,,,,,,,8.387054985915238,,,"rgba(38, 166, 154, 1.0)",0.0,0.0,0.4668423543165056,8.593082241484716,-0.11370485345622325,0.0,0.0,0.0,0.0,0.0,0.0,0.0,0.0,64.32493584027299,7.215116689915192,True,False,True,False,True,0.0,0,0.9917668001780152,0.909879839786382,False,False,False,False,-0.054769739244865105,-0.0628498342948279,False,False,False,False,641101.0,419445.4521128228,False,False,False,False,21682.7123732885,False,False,False,False
2025-05-27 19:00:00+00:00,8.54,8.615,8.495,8.59,45645.0,,,,,,,,,,,,,,,,,,,,,,8.429488761447312,,,"rgba(38, 166, 154, 1.0)",0.0,0.0,0.46788868314997095,8.59347136618706,-0.007419213826011234,0.0,0.0,0.0,0.0,0.0,0.0,0.0,0.0,65.43373472026893,8.143854022473391,True,False,True,False,True,0.0,0,0.9917759502111579,0.9070904645476772,False,False,False,False,-0.060774208709651396,-0.06181202150223965,False,False,False,False,686746.0,423589.64665370923,False,False,False,False,22054.220708586356,False,False,False,False
2025-05-28 14:00:00+00:00,8.51,8.61,8.41,8.495,19946.0,,,,,,,,,,,,,,,,,,,,,,8.436554898741106,,,"rgba(38, 166, 154, 1.0)",0.0,0.0,0.4690074626271893,8.592504118125982,-0.20789459847782404,0.0,0.0,0.0,0.0,0.0,0.0,0.0,0.0,62.451184958744705,8.143854022473391,True,False,True,False,False,0.0,0,0.9874060980998676,0.9072028281042864,False,False,False,False,-0.076235442993553,-0.06902373224789632,False,False,False,False,666800.0,427360.3498063649,False,False,False,False,22021.53511620517,False,False,False,False
2025-05-28 15:00:00+00:00,8.5,8.7,8.48,8.635,15198.0,,,,,,,,,,,,,,,,,,,,,,8.447765982914966,,,"rgba(38, 166, 154, 1.0)",0.0,0.0,0.4685222888349386,8.592807486264736,0.09005444295976413,0.0,0.0,0.0,0.0,0.0,0.0,0.0,0.0,63.57894960910329,8.143854022473391,True,False,True,False,False,0.44476751235777456,0,0.9889746416758546,0.9098125689084896,False,False,False,False,-0.048769212590935467,-0.058896472419415896,False,False,False,False,681998.0,431308.22035200265,False,False,False,False,21915.743874093463,False,False,False,False
2025-05-28 16:00:00+00:00,8.635,8.725,8.625,8.695,13089.0,,,,,,,,,,,,,,,,,,,,,,8.460446417353872,,,"rgba(38, 166, 154, 1.0)",0.0,0.0,0.468784867772251,8.593693091465406,0.2161053299694224,0.0,0.0,0.0,0.0,0.0,0.0,0.0,0.0,65.39971645848503,8.535550611658607,True,False,True,False,False,1.3730297609293203,0,1.0011079104808331,0.9076002658985154,False,False,False,False,-0.019665763316563598,-0.03928111786798975,False,False,False,False,695087.0,435397.8138349173,False,False,False,False,21778.895131859455,False,False,False,False
2025-05-28 17:00:00+00:00,8.695,8.89,8.69,8.815,13911.0,,,,,,,,,,,,,,,,,,,,,,8.478854021440021,,,"rgba(38, 166, 154, 1.0)",0.0,0.0,0.46794560590958084,8.59562366728654,0.46880733560269433,0.0,0.0,0.0,0.0,0.0,0.0,0.0,0.0,68.4129051673379,11.663954559935434,True,False,True,False,True,3.1974969757635563,0,1.003540606328834,0.9026333259570702,False,False,False,False,0.01966572910644651,-0.009807694380771618,False,False,False,False,708998.0,439639.67718631396,False,False,False,False,21656.91226159807,False,False,False,False
2025-05-28 18:00:00+00:00,8.815,9.06,8.815,9.035,37842.0,,,,,,,,,,,,,,,,,,,,,,8.542246177109268,,,"rgba(38, 166, 154, 1.0)",0.0,0.0,0.46514770491466706,8.604323342977516,0.9258922541636394,0.0,0.0,0.0,0.0,0.0,0.0,0.0,0.0,72.67531246446993,15.843816904881692,True,False,True,False,True,6.37857432881329,0,1.0050593928728553,0.8970523537175538,False,False,False,False,0.07021878779604468,0.030205546707636532,False,False,False,False,746840.0,444402.4728888517,False,False,False,False,21907.843854441508,False,False,False,False
2025-05-28 19:00:00+00:00,9.04,9.08,8.815,8.835,79562.0,,,,,,,,,,,,,,,,,,,,,,8.620741341875204,,,"rgba(38, 166, 154, 1.0)",0.0,0.0,0.45852531933194646,8.616779134337019,0.4759189001403917,0.0,0.0,0.0,0.0,0.0,0.0,0.0,0.0,69.7539763837735,15.843816904881692,True,False,True,False,False,3.1661379186735807,0,1.0052447552447554,0.8968531468531469,False,False,False,False,0.0736562075210608,0.05193087711434867,False,False,False,False,667278.0,447857.9074177067,False,False,False,False,22801.70674041916,False,False,False,False
2025-05-29 14:00:00+00:00,8.895,9.07,8.815,9.03,13306.0,,,,,,,,,,,,,,,,,,,,,,8.632836447718562,,,"rgba(38, 166, 154, 1.0)",0.0,0.0,0.4532645052413732,8.6190540388493,0.906636095257141,0.0,0.0,0.0,0.0,0.0,0.0,0.0,0.0,70.08393628464873,15.843816904881692,True,False,True,False,False,5.88071536864037,0,1.001084128360798,0.9004770164787512,False,False,False,False,0.07193728552402809,0.06193408131918838,False,False,False,False,680584.0,451466.06389185076,False,False,False,False,22654.48648087778,False,False,False,False
2025-05-29 15:00:00+00:00,9.03,9.085,8.89,8.92,15801.0,,,,,,,,,,,,,,,,,,,,,,8.645897039342985,,,"rgba(38, 166, 154, 1.0)",0.0,0.0,0.449435060797296,8.621605858845948,0.6639316047677768,0.0,0.0,0.0,0.0,0.0,0.0,0.0,0.0,67.77453124287916,15.843816904881692,True,False,True,False,False,4.158829419917588,0,1.0093113902122133,0.8988739714161975,False,False,False,False,0.08742409878145344,0.0746790900503209,False,False,False,False,664783.0,454773.303211357,False,False,False,False,22548.230876523085,False,False,False,False
2025-05-29 16:00:00+00:00,8.915,9.09,8.865,9.06,25612.0,,,,,,,,,,,,,,,,,,,,,,8.667412756264946,,,"rgba(38, 166, 154, 1.0)",0.0,0.0,0.4429028730488778,8.626087369264267,0.9797015488943275,0.0,0.0,0.0,0.0,0.0,0.0,0.0,0.0,67.86999407807872,15.843816904881692,True,False,True,False,False,6.064772327846182,0,1.0158282740676496,0.8918039895923677,False,False,False,False,0.08397922810841188,0.07932915907936638,False,False,False,False,690395.0,458426.35277397156,False,False,False,False,22595.731173011096,False,False,False,False
2025-05-29 17:00:00+00:00,9.055,9.215,9.04,9.21,25635.0,,,,,,,,,,,,,,,,,,,,,,8.694998572813718,,,"rgba(38, 166, 154, 1.0)",0.0,0.0,0.4373846102657166,8.632291405301881,1.3208251528263748,0.0,0.0,0.0,0.0,0.0,0.0,0.0,0.0,69.40584116994084,15.843816904881692,True,False,True,False,False,8.034527474106401,0,1.021612275772639,0.8856710611627404,False,False,False,False,0.1359083507449149,0.10761875491214064,False,False,False,False,716030.0,462420.2077697239,False,False,False,False,22642.851619941153,False,False,False,False
2025-05-29 18:00:00+00:00,9.21,9.385,9.2,9.305,37845.0,,,,,,,,,,,,,,,,,,,,,,8.741378209502235,,,"rgba(38, 166, 154, 1.0)",0.0,0.0,0.43092922852829985,8.643528115112073,1.5349896017658666,0.0,0.0,0.0,0.0,0.0,0.0,0.0,0.0,71.25256462115465,15.843816904881692,True,False,True,False,True,9.248703410627819,0,1.029760621091223,0.8788009488893682,False,False,False,False,0.1938964700087918,0.1507576124604662,False,False,False,False,753875.0,466938.8867190305,False,False,False,False,22878.5438428878,False,False,False,False
2025-05-29 19:00:00+00:00,9.305,9.34,9.185,9.335,85208.0,,,,,,,,,,,,,,,,,,,,,,8.822020773200913,,,"rgba(38, 166, 154, 1.0)",0.0,0.0,0.4232023667741463,8.665876581961703,1.581095642585086,0.0,0.0,0.0,0.0,0.0,0.0,0.0,0.0,72.7415980700939,17.37353361343233,True,False,True,False,True,9.630627081871381,0,1.029671038486347,0.8783057407009247,False,False,False,False,0.18326812186801436,0.1670128671642403,False,False,False,False,839083.0,472708.5628939292,False,False,False,False,23844.892000362408,False,False,False,False
2025-05-30 14:00:00+00:00,9.18,9.455,9.16,9.425,27340.0,,,,,,,,,,,,,,,,,,,,,,8.845788532099194,,,"rgba(38, 166, 154, 1.0)",0.0,0.0,0.4203138574193511,8.673168773854954,1.788737660854559,0.0,0.0,0.0,0.0,0.0,0.0,0.0,0.0,74.49816134794007,19.322299856770243,True,False,True,False,True,10.772682601440515,0,1.0271367521367523,0.8782051282051284,False,False,False,False,0.1992267672809934,0.18311981722261683,False,False,False,False,866423.0,478812.66269402334,False,False,False,False,23899.07972128702,False,False,False,False
2025-05-30 15:00:00+00:00,9.425,9.465,9.355,9.405,15398.0,,,,,,,,,,,,,,,,,,,,,,8.85978450372194,,,"rgba(38, 166, 154, 1.0)",0.0,0.0,0.4147739316958219,8.677568294563176,1.7538028546362248,0.0,0.0,0.0,0.0,0.0,0.0,0.0,0.0,75.06977648633233,20.166797838884804,True,False,True,False,True,10.434223509156734,0,1.032870864461046,0.8776947705442906,False,False,False,False,0.23596815895932538,0.2095439880909711,False,False,False,False,851025.0,484583.3966057439,False,False,False,False,23767.28003568567,False,False,False,False
2025-05-30 16:00:00+00:00,9.405,9.415,9.21,9.24,19217.0,,,,,,,,,,,,,,,,,,,,,,8.872690383954378,,,"rgba(38, 166, 154, 1.0)",0.0,0.0,0.4060706346934686,8.681926456901499,1.3743262758208943,0.0,0.0,0.0,0.0,0.0,0.0,0.0,0.0,70.97356912130903,20.166797838884804,True,False,True,False,False,7.687438897482576,0,1.0247018739352642,0.8847955706984669,False,False,False,False,0.20100600450529307,0.2052749962981321,False,False,False,False,831808.0,489966.72379015095,False,False,False,False,23696.73305838822,False,False,False,False
2025-05-30 17:00:00+00:00,9.24,9.37,9.24,9.35,19783.0,,,,,,,,,,,,,,,,,,,,,,8.886141009408258,,,"rgba(38, 166, 154, 1.0)",0.0,0.0,0.4046744103330163,8.686565266557533,1.6394284306153928,0.0,0.0,0.0,0.0,0.0,0.0,0.0,0.0,69.69118240281132,24.58845108920619,True,False,True,False,False,9.128144650223625,0,1.0309961522017959,0.884352287302266,False,False,False,False,0.1983376159838953,0.2018063061410137,False,False,False,False,851591.0,495573.30171588506,False,False,False,False,23636.055026475224,False,False,False,False
2025-05-30 18:00:00+00:00,9.345,9.53,9.345,9.48,36657.0,,,,,,,,,,,,,,,,,,,,,,8.915988183304199,,,"rgba(38, 166, 154, 1.0)",0.0,0.0,0.4034719030819528,8.696864612075844,1.940991137033616,0.0,0.0,0.0,0.0,0.0,0.0,0.0,0.0,70.3086235076585,24.58845108920619,True,False,True,False,False,10.785579010082,0,1.0370843989769822,0.8716965046888323,False,False,False,False,0.2459289889022292,0.22386764752162144,False,False,False,False,888248.0,501661.2815342434,False,False,False,False,23837.930142343823,False,False,False,False
2025-05-30 19:00:00+00:00,9.485,9.585,9.475,9.525,78978.0,,,,,,,,,,,,,,,,,,,,,,8.978508926155174,,,"rgba(38, 166, 154, 1.0)",0.0,0.0,0.4043170751987769,8.719929759274397,1.991185359485008,0.0,0.0,0.0,0.0,0.0,0.0,0.0,0.0,71.19190281403374,24.58845108920619,True,False,True,False,False,11.351257100476754,0,1.0416044378066995,0.8711329208448902,False,False,False,False,0.2798002270106017,0.2518339372661116,False,False,False,False,967226.0,508879.33918487525,False,False,False,False,24692.81494633849,False,False,False,False
2025-06-02 14:00:00+00:00,9.69,9.76,9.62,9.75,19940.0,,,,,,,,,,,,,,,,,,,,,,8.99689134168145,,,"rgba(38, 166, 154, 1.0)",0.0,0.0,0.41523926674707035,8.726839955498544,2.464025265521627,0.0,0.0,0.0,0.0,0.0,0.0,0.0,0.0,73.75085357359009,24.58845108920619,True,False,True,False,True,14.088902175574646,0,1.0437181663837012,0.8620543293718167,False,False,False,False,0.3399527363151649,0.29589333679063823,False,False,False,False,987166.0,516294.6362517764,False,False,False,False,24619.127892906887,False,False,False,False
2025-06-02 15:00:00+00:00,9.745,9.79,9.67,9.745,19523.0,,,,,,,,,,,,,,,,,,,,,,9.014616045199128,,,"rgba(38, 166, 154, 1.0)",0.0,0.0,0.42766927526887505,8.791620204593467,2.2292454719996972,0.0,0.0,0.0,0.0,0.0,0.0,0.0,0.0,75.31395278824589,20.89992516744617,True,False,True,False,True,14.002096332590497,0,1.0462746762895352,0.8609637019741032,False,False,False,False,0.3428282166748808,0.31936077673275953,False,False,False,False,967643.0,523292.28530213644,False,False,False,False,24540.118158133137,False,False,False,False
2025-06-02 16:00:00+00:00,9.74,9.745,9.595,9.605,38157.0,,,,,,,,,,,,,,,,,,,,,,9.0430254838932,,,"rgba(38, 166, 154, 1.0)",0.0,0.0,0.4359562131909757,8.800106042859575,1.8462724759649938,0.0,0.0,0.0,0.0,0.0,0.0,0.0,0.0,72.53434245845915,20.89992516744617,True,False,True,False,False,11.591456372448878,0,1.042948717948718,0.8747863247863247,False,False,False,False,0.32034808034731654,0.31985442854003804,False,False,False,False,929486.0,529589.8622741963,False,False,False,False,24751.232605293862,False,False,False,False
2025-06-02 17:00:00+00:00,9.605,9.645,9.57,9.595,20609.0,,,,,,,,,,,,,,,,,,,,,,9.056271527784945,,,"rgba(38, 166, 154, 1.0)",0.0,0.0,0.4453144450328895,8.804729175171083,1.774635504515356,0.0,0.0,0.0,0.0,0.0,0.0,0.0,0.0,70.42210033485269,24.972799278374595,True,False,True,False,False,11.42084949473372,0,1.0381401328476538,0.8806513820441397,False,False,False,False,0.29725931903804903,0.3085568737890435,False,False,False,False,908877.0,535470.2830141312,False,False,False,False,24687.01194474667,False,False,False,False
2025-06-02 18:00:00+00:00,9.595,9.65,9.57,9.59,28866.0,,,,,,,,,,,,,,,,,,,,,,9.07380540815824,,,"rgba(38, 166, 154, 1.0)",0.0,0.0,0.4541242239859112,8.81163991619933,1.7139805425240178,0.0,0.0,0.0,0.0,0.0,0.0,0.0,0.0,68.87078376865298,23.441252771518776,True,False,True,False,False,11.334063907983019,0,1.034423407917384,0.8853270223752151,False,False,False,False,0.29817683336837203,0.30336685357870774,False,False,False,False,880011.0,540811.9995565478,False,False,False,False,24751.80245723122,False,False,False,False
2025-06-02 19:00:00+00:00,9.585,9.655,9.42,9.45,36801.0,,,,,,,,,,,,,,,,,,,,,,9.090863851232662,,,"rgba(38, 166, 154, 1.0)",0.0,0.0,0.45916514526978824,8.818117144615112,1.3761559689240277,0.0,0.0,0.0,0.0,0.0,0.0,0.0,0.0,64.11664590274923,18.99236277007084,True,False,True,False,False,8.926056353942393,0,1.0252784918594686,0.8864610111396743,False,False,False,False,0.27175930989849467,0.28756308173860123,False,False,False,False,843210.0,545500.3406486944,False,False,False,False,24938.611721460195,False,False,False,False
2025-06-03 14:00:00+00:00,9.03,9.305,8.98,9.295,36417.0,,,,,,,,,,,,,,,,,,,,,,9.094695704484113,,,"rgba(38, 166, 154, 1.0)",0.0,0.0,0.46150263778734757,8.853053453194157,0.9576251804859333,0.0,0.0,0.0,0.0,0.0,0.0,0.0,0.0,57.7713297385833,13.281908180880379,False,False,True,False,False,6.362301633281472,0,1.006100126209508,0.8969289019772821,False,False,False,False,0.13320260905124193,0.21038284539492158,False,False,False,False,806793.0,549551.3896308851,False,False,False,False,25116.571229654608,False,False,False,False
2025-06-03 15:00:00+00:00,9.295,9.295,9.13,9.135,18031.0,,,,,,,,,,,,,,,,,,,,,,9.096367615508388,,,"rgba(239, 83, 80, 1.0)",0.0,0.0,0.46132117361467406,8.85314576686964,0.6109718115080139,0.0,0.0,0.0,0.0,0.0,0.0,0.0,0.0,51.0094220418897,7.382079524148551,False,True,False,False,False,3.8259408553687884,0,1.017875920084122,0.8969505783385908,False,False,False,False,0.1572450823811055,0.18381396388801352,False,False,False,False,788762.0,553260.0812645148,False,False,False,False,25006.717412140584,False,False,False,False
2025-06-03 16:00:00+00:00,9.135,9.255,9.11,9.22,16148.0,,,,,,,,,,,,,,,,,,,,,,9.097947653032067,,,"rgba(239, 83, 80, 1.0)",0.0,0.0,0.4615407022352577,8.85364635342618,0.7937623806514938,0.0,0.0,0.0,0.0,0.0,0.0,0.0,0.0,48.407764361120755,5.337411897741681,False,True,False,True,False,5.008722539104177,0,1.0217620959222484,0.8975279949292204,False,False,False,False,0.1469206663489029,0.1653673151184582,False,False,False,False,804910.0,557161.6303921967,False,False,False,False,24869.372956138403,False,False,False,False
2025-06-03 17:00:00+00:00,9.22,9.27,9.185,9.235,18249.0,,,,,,,,,,,,,,,,,,,,,,9.10029578387037,,,"rgba(239, 83, 80, 1.0)",0.0,0.0,0.46351299582351757,8.855063909108878,0.8196881086712435,0.0,0.0,0.0,0.0,0.0,0.0,0.0,0.0,47.011024560603616,4.159633810603147,False,True,False,True,False,5.217544112172355,0,1.0227417640807652,0.8973432518597237,False,False,False,False,0.16241965085910695,0.1638934829887826,False,False,False,False,823159.0,561285.6206186743,False,False,False,False,24766.731514957963,False,False,False,False
2025-06-03 18:00:00+00:00,9.23,9.26,9.135,9.245,24212.0,,,,,,,,,,,,,,,,,,,,,,9.102901118689617,,,"rgba(239, 83, 80, 1.0)",0.0,0.0,0.46491831114296944,8.856526078357266,0.835574578010698,0.0,0.0,0.0,0.0,0.0,0.0,0.0,0.0,46.32533690983796,3.3967060514763787,False,True,False,True,False,5.358888900429214,0,1.0201612903225807,0.8926146010186757,False,False,False,False,0.1520788526317968,0.15798616781028968,False,False,False,False,847371.0,565721.0528571445,False,False,False,False,24758.131026353964,False,False,False,False
2025-06-03 19:00:00+00:00,9.245,9.25,9.09,9.095,68255.0,,,,,,,,,,,,,,,,,,,,,,9.10546959674872,,,"rgba(239, 83, 80, 1.0)",0.0,0.0,0.46491831114296944,8.857637662442732,0.5105463301149176,0.0,0.0,0.0,0.0,0.0,0.0,0.0,0.0,43.13816987050844,0.19596728106316874,False,True,False,True,False,2.9424663641003015,0,1.0167019027484145,0.8940803382663847,False,False,False,False,0.1426281108988029,0.1503071393545463,False,False,False,False,779116.0,569029.5016500569,False,False,False,False,25432.501087960878,False,False,False,False
2025-06-04 14:00:00+00:00,9.125,9.285,9.03,9.285,27570.0,,,,,,,,,,,,,,,,,,,,,,9.10774315557455,,,"rgba(239, 83, 80, 1.0)",0.0,0.0,0.466908782109317,8.859598612164929,0.9111017058048666,0.0,0.0,0.0,0.0,0.0,0.0,0.0,0.0,45.35791707137692,0.19596728106316874,False,True,False,True,False,5.638311122827048,0,1.013257575757576,0.8970959595959594,False,False,False,False,0.1383407699251313,0.1443239546398388,False,False,False,False,806686.0,572714.0985236994,False,False,False,False,25465.640605976987,False,False,False,False
2025-06-04 15:00:00+00:00,9.285,9.44,9.255,9.415,17651.0,,,,,,,,,,,,,,,,,,,,,,9.111720175045953,,,"rgba(239, 83, 80, 1.0)",0.0,0.0,0.4695707067616585,8.862855882602448,1.1758487261808794,0.0,0.0,0.0,0.0,0.0,0.0,0.0,0.0,49.12910622101232,0.19596728106316874,False,True,False,False,True,7.403944444164569,0,1.017812238055323,0.8933361274098911,False,False,False,False,0.20415278147912075,0.1742383680594798,False,False,False,False,824337.0,576615.2287791459,False,False,False,False,25344.48338727967,False,False,False,False
2025-06-04 16:00:00+00:00,9.415,9.47,9.28,9.35,14209.0,,,,,,,,,,,,,,,,,,,,,,9.114794888117444,,,"rgba(239, 83, 80, 1.0)",0.0,0.0,0.4688081303295175,8.865343199598872,1.0338063037867335,0.0,0.0,0.0,0.0,0.0,0.0,0.0,0.0,50.29231235114691,-6.618660683945748,False,True,False,False,True,6.347446369228106,0,1.0285050675675678,0.8899915540540541,False,False,False,False,0.21381107838538443,0.1940247232224321,False,False,False,False,810128.0,580235.5818213297,False,False,False,False,25171.840233988514,False,False,False,False
2025-06-04 17:00:00+00:00,9.355,9.41,9.295,9.315,18263.0,,,,,,,,,,,,,,,,,,,,,,9.118232540671587,,,"rgba(239, 83, 80, 1.0)",0.0,0.0,0.4718589841265032,8.86812465432856,0.9470527439435912,0.0,0.0,0.0,0.0,0.0,0.0,0.0,0.0,50.33950908457474,-6.215780248545208,False,True,False,False,True,5.7784040185233465,0,1.0287222808870116,0.8908130939809925,False,False,False,False,0.20590599300236742,0.19996535811239977,False,False,False,False,791865.0,583516.6580721617,False,False,False,False,25064.726431911175,False,False,False,False
2025-06-04 18:00:00+00:00,9.315,9.38,9.26,9.35,25712.0,,,,,,,,,,,,,,,,,,,,,,9.122687793456038,,,"rgba(239, 83, 80, 1.0)",0.0,0.0,0.4753732530651302,8.871738924899072,1.006074851744766,0.0,0.0,0.0,0.0,0.0,0.0,0.0,0.0,51.108308071829995,-5.034012017428147,False,True,False,False,True,6.269003663241836,0,1.0316482582837727,0.8929481733220052,False,False,False,False,0.19453190754371982,0.1972486328280598,False,False,False,False,817577.0,587145.5005826709,False,False,False,False,25074.76168102883,False,False,False,False
2025-06-04 19:00:00+00:00,9.345,9.405,9.3,9.345,51203.0,,,,,,,,,,,,,,,,,,,,,,9.131828316637188,,,"rgba(239, 83, 80, 1.0)",0.0,0.0,0.478490475490505,8.879114981554796,0.9736557827355321,0.0,0.0,0.0,0.0,0.0,0.0,0.0,0.0,51.4958737823884,-4.1752097582837,False,True,False,False,True,6.185127610695272,0,1.036800680706233,0.8834290576473091,False,False,False,False,0.20590599300236742,0.2015773129152136,False,False,False,False,766374.0,589924.2370077458,False,False,False,False,25479.85064721443,False,False,False,False
2025-06-05 14:00:00+00:00,9.22,9.46,9.22,9.42,14616.0,,,,,,,,,,,,,,,,,,,,,,9.134493295878867,,,"rgba(239, 83, 80, 1.0)",0.0,0.0,0.48278534017167396,8.881258639347454,1.1159024846549288,0.0,0.0,0.0,0.0,0.0,0.0,0.0,0.0,53.4610120380945,-1.8781505954262556,False,True,True,False,True,7.255299546414104,1,1.0319847489938574,0.8828638000423638,False,False,False,False,0.20152527981478774,0.2015512963650007,False,False,False,False,780990.0,592886.4968990985,False,False,False,False,25311.418854234358,False,False,False,False
2025-06-05 15:00:00+00:00,9.42,9.53,9.355,9.515,8332.0,,,,,,,,,,,,,,,,,,,,,,9.136628354943621,,,"rgba(239, 83, 80, 1.0)",0.0,0.0,0.4884162860393402,8.88290321158214,1.2941763132913802,0.0,0.0,0.0,0.0,0.0,0.0,0.0,0.0,56.65441852576819,1.4219111293977562,False,True,True,False,True,8.590172299900587,0,1.0376799322607961,0.8808213378492803,False,False,False,False,0.23768936420560435,0.21962033028530253,False,False,False,False,789322.0,595932.0085750815,False,False,False,False,25048.172050292742,False,False,False,False
2025-06-05 16:00:00+00:00,9.515,9.65,9.44,9.445,13672.0,,,,,,,,,,,,,,,,,,,,,,9.140542590862268,,,"rgba(239, 83, 80, 1.0)",0.0,0.0,0.4927459188471625,8.885873702347656,1.1347152280032817,0.0,0.0,0.0,0.0,0.0,0.0,0.0,0.0,56.70229532123669,1.7425598929504247,False,True,True,False,True,7.369831646577012,0,1.0537542662116044,0.8724402730375426,False,False,False,False,0.2744744739207311,0.24704740210301682,False,False,False,False,775650.0,598718.3340235299,False,False,False,False,24871.797289823084,False,False,False,False
2025-06-05 17:00:00+00:00,9.44,9.5,9.33,9.335,9112.0,,,,,,,,,,,,,,,,,,,,,,9.142254290869392,,,"rgba(239, 83, 80, 1.0)",0.0,0.0,0.49546320124079607,8.887238769225299,0.9037224755609842,0.0,0.0,0.0,0.0,0.0,0.0,0.0,0.0,53.91339925880326,1.7425598929504247,False,True,True,False,False,5.4856919049856785,0,1.052519668296832,0.8630661280034022,False,False,False,False,0.21821901316930414,0.23263320763616047,False,False,False,False,766538.0,601320.1893099868,False,False,False,False,24627.459347345208,False,False,False,False
2025-06-05 18:00:00+00:00,9.335,9.38,9.195,9.2,19576.0,,,,,,,,,,,,,,,,,,,,,,9.143951786966428,,,"rgba(239, 83, 80, 1.0)",0.0,0.0,0.4965892678068009,8.888844146146246,0.6265859413917281,0.0,0.0,0.0,0.0,0.0,0.0,0.0,0.0,49.30523572517123,4.376879896950086,False,True,False,False,False,3.244325839468793,0,1.0439607341015795,0.8781476739223218,False,False,False,False,0.15393586749832316,0.19328453756724182,False,False,False,False,746962.0,603578.2018788242,False,False,False,False,24549.14214816156,False,False,False,False
2025-06-05 19:00:00+00:00,9.205,9.21,8.94,9.1,78500.0,,,,,,,,,,,,,,,,,,,,,,9.140593971305908,,,"rgba(239, 83, 80, 1.0)",0.0,0.0,0.4970492933301422,8.916666905835774,0.3688428826363009,0.0,0.0,0.0,0.0,0.0,0.0,0.0,0.0,44.56971034469129,0.04387016057790305,False,True,False,True,False,1.6313031466498629,1,1.0218127911901738,0.889665396018636,False,False,True,False,0.06770567000734791,0.13049510378729487,False,False,False,False,668462.0,604584.152237292,False,False,False,False,25385.589556717197,False,False,False,False
2025-06-06 14:00:00+00:00,9.615,9.73,9.5,9.67,38898.0,,,,,,,,,,,,,,,,,,,,,,9.153757340043704,,,"rgba(38, 166, 154, 1.0)",0.0,0.0,0.5043086874645785,8.93525978022565,1.4569255657051452,0.0,0.0,0.0,0.0,0.0,0.0,0.0,0.0,51.015843794303066,-5.141572986138229,False,True,False,False,True,9.486663658735154,0,1.0298941249740503,0.8785551172929208,False,False,False,False,0.29133601594553377,0.2109155598664143,False,False,False,False,707360.0,606177.5762336131,False,False,False,False,25595.084292271968,False,False,False,False
2025-06-06 15:00:00+00:00,9.68,9.83,9.585,9.78,30586.0,,,,,,,,,,,,,,,,,,,,,,9.165647195465386,,,"rgba(38, 166, 154, 1.0)",0.0,0.0,0.5143133706634863,8.948454212208913,1.6168076414547734,0.0,0.0,0.0,0.0,0.0,0.0,0.0,0.0,56.37077011099249,-0.5131270872150964,False,True,True,False,True,10.83940710388757,0,1.028642590286426,0.8827314238273141,False,False,False,False,0.3326228325157361,0.2717691961910752,False,False,False,False,737946.0,608220.4975323167,False,False,False,False,25672.462830376277,False,False,False,False
2025-06-06 16:00:00+00:00,9.775,9.81,9.545,9.57,36866.0,,,,,,,,,,,,,,,,,,,,,,9.177165977685677,,,"rgba(38, 166, 154, 1.0)",0.0,0.0,0.5195362883908575,8.959523373089931,1.1750413600575966,0.0,0.0,0.0,0.0,0.0,0.0,0.0,0.0,56.38977172829409,-0.5131270872150964,False,True,True,False,True,7.520110541134777,0,1.019178653324995,0.8982697519282882,False,False,False,False,0.319118490487521,0.2954438433392981,False,False,False,False,701080.0,609660.179741118,False,False,False,False,25846.006042308425,False,False,False,False
2025-06-06 17:00:00+00:00,9.575,9.61,9.52,9.555,25464.0,,,,,,,,,,,,,,,,,,,,,,9.183486904200853,,,"rgba(38, 166, 154, 1.0)",0.0,0.0,0.5243266552841219,8.96507923344971,1.125101614814191,0.0,0.0,0.0,0.0,0.0,0.0,0.0,0.0,56.16543435842656,-0.5131270872150964,False,True,True,False,True,7.288188120409476,0,1.0119622245540398,0.9091290661070304,False,False,False,False,0.269422642166736,0.28243324275301707,False,False,False,False,675616.0,610682.7505978448,False,False,False,False,25840.08346800907,False,False,False,False
2025-06-06 18:00:00+00:00,9.555,9.56,9.37,9.39,23856.0,,,,,,,,,,,,,,,,,,,,,,9.187377592944163,,,"rgba(38, 166, 154, 1.0)",0.0,0.0,0.526717071940778,8.96822774583275,0.8007567565888052,0.0,0.0,0.0,0.0,0.0,0.0,0.0,0.0,53.510550931844975,-0.5131270872150964,False,True,True,False,False,4.771680302900595,0,0.9993715961457899,0.9134897360703812,False,False,False,False,0.2263211156001904,0.25437717917660374,False,False,False,False,651760.0,611319.6071777232,False,False,False,False,25809.322484008928,False,False,False,False
2025-06-06 19:00:00+00:00,9.385,9.485,9.375,9.42,79776.0,,,,,,,,,,,,,,,,,,,,,,9.19892878624133,,,"rgba(38, 166, 154, 1.0)",0.0,0.0,0.528759750618243,8.977719926062687,0.8364480719649807,0.0,0.0,0.0,0.0,0.0,0.0,0.0,0.0,52.2042574321353,-0.5131270872150964,False,True,False,False,False,5.167891889526036,0,1.0021026072329693,0.9163162321278383,False,False,False,False,0.21143641981594197,0.23290679949627285,False,False,False,False,731536.0,613183.4272214795,False,False,False,False,26646.015158675455,False,False,False,False
2025-06-09 14:00:00+00:00,9.365,9.6,9.305,9.535,94896.0,,,,,,,,,,,,,,,,,,,,,,9.214192056299918,,,"rgba(38, 166, 154, 1.0)",0.0,0.0,0.5304487901003369,8.990746391982775,1.0260247891493488,0.0,0.0,0.0,0.0,0.0,0.0,0.0,0.0,53.07718196911004,-0.5131270872150964,False,True,True,False,False,6.675681385246737,0,0.999579566953963,0.9148623081774226,False,False,False,False,0.22099415284187138,0.2269504761690721,False,False,False,False,826432.0,616489.6066444023,False,False,False,False,27704.15445854095,False,False,False,False
2025-06-09 15:00:00+00:00,9.535,10.1,9.51,9.825,48654.0,,,,,,,,,,,,,,,,,,,,,,9.23037639353462,,,"rgba(38, 166, 154, 1.0)",0.0,0.0,0.5355945000356709,9.004282793832925,1.5323480844415214,0.0,0.0,0.0,0.0,1.0,9.7,9.6,0.0,57.084333511585285,0.815558710063442,False,False,True,False,True,10.271950338784603,0,1.007870753935377,0.8933305716652857,False,False,False,False,0.3428282109112788,0.2848893435401755,False,False,False,False,875086.0,620498.8530530161,False,False,False,False,28028.958265385274,False,False,False,False
2025-06-09 16:00:00+00:00,9.825,10.015,9.7,10.0,23175.0,,,,,,,,,,,,,,,,,,,,,,9.238969902057187,,,"rgba(38, 166, 154, 1.0)",0.0,0.0,0.5429737521238818,9.011367225594356,1.8207745227804009,0.0,0.0,0.0,0.0,0.0,0.0,0.0,0.0,61.31188744538205,4.9035826973235075,True,False,True,False,True,12.30398343953842,0,1.0269030239833161,0.8953076120959332,False,False,False,False,0.34282821221268384,0.3138587778764297,False,False,False,False,898261.0,624805.2429281631,False,False,False,False,27953.703098480077,False,False,False,False
2025-06-09 17:00:00+00:00,9.995,10.18,9.975,10.055,12227.0,,,,,,,,,,,,,,,,,,,,,,9.244517652769176,,,"rgba(38, 166, 154, 1.0)",0.0,0.0,0.5502749763068824,9.015896539400531,1.8883349331516248,0.0,0.0,0.0,0.0,0.0,0.0,0.0,0.0,64.58533987898656,8.016722911706424,True,False,True,False,True,12.928906025943352,0,1.023460410557185,0.8958944281524924,False,False,False,False,0.3428282169137449,0.3283434973950873,False,False,False,False,910488.0,629234.4329602846,False,False,False,False,27709.878244240073,False,False,False,False
2025-06-09 18:00:00+00:00,10.055,10.055,9.91,10.0,13192.0,,,,,,,,,,,,,,,,,,,,,,9.249836767952514,,,"rgba(38, 166, 154, 1.0)",0.0,0.0,0.5550137405976919,9.020230956612389,1.7653059225750012,0.0,0.0,0.0,0.0,0.0,0.0,0.0,0.0,65.62131728171781,9.109247432553929,True,False,True,False,True,12.043592691712007,0,1.0180369127516782,0.8980704697986578,False,False,False,False,0.30760107236744105,0.31797228488126417,False,False,False,False,897296.0,633390.426247722,False,False,False,False,27484.794860608443,False,False,False,False
2025-06-09 19:00:00+00:00,9.995,10.11,9.96,10.09,50265.0,,,,,,,,,,,,,,,,,,,,,,9.271149443635593,,,"rgba(38, 166, 154, 1.0)",0.0,0.0,0.5607127221284941,9.037437538472327,1.8771866946982978,0.0,0.0,0.0,0.0,1.0,10.285,10.055,0.0,67.19208103964829,10.819607764252318,True,False,True,False,True,13.084515101124243,0,1.014774166314901,0.9058674546222035,False,False,False,False,0.3269720776411184,0.32247218126119126,False,False,False,False,947561.0,638261.2878562844,False,False,False,False,27837.97633563777,False,False,False,False
2025-06-10 14:00:00+00:00,10.36,10.59,10.285,10.535,36277.0,,,,,,,,,,,,,,,,,,,,,,9.293668457699386,,,"rgba(38, 166, 154, 1.0)",0.0,0.0,0.5804092063767039,9.055297919691858,2.5494118012796796,0.0,0.0,0.0,0.0,0.0,0.0,0.0,0.0,71.3297946437028,14.887790746128687,True,False,True,False,True,17.851813140717137,0,1.0151704073150458,0.8915211970074811,False,False,False,False,0.3428282226955834,0.33265020197838735,False,False,False,False,983838.0,643619.0663391327,False,False,False,False,27968.813911829435,False,False,False,False
2025-06-10 15:00:00+00:00,10.54,10.685,10.375,10.465,62129.0,,,,,,,,,,,,,,,,,,,,,,9.33152602290439,,,"rgba(38, 166, 154, 1.0)",0.0,0.0,0.5972155963037604,9.085002619667955,2.3107189244102386,0.0,0.0,0.0,0.0,0.0,0.0,0.0,0.0,72.69760524278465,16.3320008430113,True,False,True,False,True,16.71826283315246,0,1.0284340372151373,0.8910725486096593,False,False,False,False,0.34282822390426826,0.3377392129413278,False,False,False,False,921709.0,647930.5381788361,False,False,False,False,28498.429200018123,False,False,False,False
2025-06-10 16:00:00+00:00,10.465,10.545,10.42,10.51,19461.0,,,,,,,,,,,,,,,,,,,,,,9.342742548231934,,,"rgba(38, 166, 154, 1.0)",0.0,0.0,0.6141116927490945,9.093752277763564,2.3061728655524356,0.0,0.0,0.0,0.0,0.0,0.0,0.0,0.0,73.90852602369137,17.725349400410764,True,False,True,False,True,17.18129077580349,0,1.03090792015454,0.9195106245975533,False,False,False,False,0.32840342248698207,0.33307131771415494,False,False,False,False,941170.0,652476.8864241254,False,False,False,False,28358.314018622492,False,False,False,False
2025-06-10 17:00:00+00:00,10.515,10.59,10.445,10.57,31873.0,,,,,,,,,,,,,,,,,,,,,,9.36132712002586,,,"rgba(38, 166, 154, 1.0)",0.0,0.0,0.6242664307621889,9.1082034159275,2.341622922584098,0.0,0.0,0.0,0.0,0.0,0.0,0.0,0.0,75.12555113053457,19.184752838456234,True,False,True,False,True,17.79957283602092,0,1.0332757130509942,0.9094641313742436,False,False,False,False,0.33901910887580267,0.33604521329497883,False,False,False,False,973043.0,657446.9036888676,False,False,False,False,28412.805274147726,False,False,False,False
2025-06-10 18:00:00+00:00,10.575,10.62,10.52,10.595,21939.0,,,,,,,,,,,,,,,,,,,,,,9.37424628028393,,,"rgba(38, 166, 154, 1.0)",0.0,0.0,0.6337770944152139,9.118221300407315,2.330123181487506,0.0,0.0,0.0,0.0,0.0,0.0,0.0,0.0,76.11466688003667,20.467711076660706,True,False,True,False,True,18.058459778404295,0,1.0276628185580483,0.9159224569810498,False,False,False,False,0.34282822439887617,0.3394367188469275,False,False,False,False,994982.0,662680.0059572571,False,False,False,False,28312.43620012993,False,False,False,False
2025-06-10 19:00:00+00:00,10.595,10.74,10.555,10.67,73182.0,,,,,,,,,,,,,,,,,,,,,,9.418047086461247,,,"rgba(38, 166, 154, 1.0)",0.0,0.0,0.6418045575485382,9.152064002453809,2.3651062923955526,0.0,0.0,0.0,0.0,0.0,0.0,0.0,0.0,77.3162892875865,21.963108668360107,True,False,True,False,True,18.83660279225046,0,1.0208968219416634,0.9140182847191989,False,False,False,False,0.342828225312935,0.34113247207993125,False,False,False,False,1068164.0,668966.5795083074,False,False,False,False,29008.0883520659,False,False,False,False
2025-06-11 14:00:00+00:00,11.065,11.11,10.855,10.87,29396.0,,,,,,,,,,,,,,,,,,,,,,9.438739000897998,,,"rgba(38, 166, 154, 1.0)",0.0,0.0,0.6537957432362632,9.278642544007315,2.4340284751863437,0.0,0.0,0.0,0.0,0.0,0.0,0.0,0.0,79.34889810706271,24.194599948513485,True,False,True,False,True,20.0,0,1.0307394668959589,0.8950988822012038,False,False,False,False,0.34282822869811674,0.34198035038902397,False,False,False,False,1097560.0,675611.4387407367,False,False,False,False,29014.102486142398,False,False,False,False
2025-06-11 15:00:00+00:00,10.87,10.95,10.78,10.85,11439.0,,,,,,,,,,,,,,,,,,,,,,9.446194291576079,,,"rgba(38, 166, 154, 1.0)",0.0,0.0,0.6635925836815088,9.283009812036124,2.3613738708025602,0.0,0.0,0.0,0.0,0.0,0.0,0.0,0.0,80.14556804394147,25.245059592879713,True,False,True,False,True,20.0,0,1.0279750376587047,0.9033785237787818,False,False,False,False,0.3128998487407905,0.32744009956490727,False,False,False,False,1086121.0,681975.9280625858,False,False,False,False,28741.620277054917,False,False,False,False
2025-06-11 16:00:00+00:00,10.86,10.99,10.76,10.97,12814.0,,,,,,,,,,,,,,,,,,,,,,9.454726005206544,,,"rgba(38, 166, 154, 1.0)",0.0,0.0,0.6769011132485302,9.289191550068844,2.483093050127741,0.0,0.0,0.0,0.0,0.0,0.0,0.0,0.0,81.40333615751064,26.735496645926418,True,False,True,False,True,20.0,0,1.0217672413793106,0.9099137931034481,False,False,False,False,0.3154252393461291,0.3214326694555182,False,False,False,False,1098935.0,688440.4097980495,False,False,False,False,28494.680427798252,False,False,False,False
2025-06-11 17:00:00+00:00,10.97,11.06,10.95,10.975,16105.0,,,,,,,,,,,,,,,,,,,,,,9.465952390434701,,,"rgba(38, 166, 154, 1.0)",0.0,0.0,0.688093449027511,9.298435664878587,2.436535818631781,0.0,0.0,0.0,0.0,0.0,0.0,0.0,0.0,82.27167702978022,27.852625132698037,True,False,True,False,True,20.0,0,1.0289354351112072,0.9030446987691642,False,False,False,False,0.3428282288974755,0.3321304491764968,False,False,False,False,1115040.0,695054.3569329634,False,False,False,False,28302.592359150214,False,False,False,False
2025-06-11 18:00:00+00:00,10.975,11.0,10.81,10.815,27999.0,,,,,,,,,,,,,,,,,,,,,,9.48358355026721,,,"rgba(38, 166, 154, 1.0)",0.0,0.0,0.6925725512455134,9.310699542084183,2.172047470276582,0.0,0.0,0.0,0.0,0.0,0.0,0.0,0.0,78.17705127273574,27.852625132698037,True,False,True,False,False,18.89691553596599,0,1.0192599004544474,0.9127894395152563,False,False,False,False,0.31751799716735113,0.32482422317192394,False,False,False,False,1087041.0,701131.6692285762,False,False,False,False,28297.885500868815,False,False,False,False
2025-06-11 19:00:00+00:00,10.81,10.83,10.695,10.78,63030.0,,,,,,,,,,,,,,,,,,,,,,9.518781256497244,,,"rgba(38, 166, 154, 1.0)",0.0,0.0,0.6943423682336431,9.334045036084781,2.0824812514230167,0.0,0.0,0.0,0.0,0.0,0.0,0.0,0.0,74.52692785306157,29.251792298691655,True,False,True,False,False,18.284977942142472,0,1.0142980935875219,0.9165944540727899,False,False,False,False,0.282111139429171,0.30346768130054746,False,False,False,False,1024011.0,706137.5503258075,False,False,False,False,28836.36789620418,False,False,False,False
2025-06-12 14:00:00+00:00,10.665,10.67,10.525,10.605,13095.0,,,,,,,,,,,,,,,,,,,,,,9.524900569061769,,,"rgba(38, 166, 154, 1.0)",0.0,0.0,0.6903125483535653,9.337665271486165,1.8358853993549753,0.0,0.0,0.0,0.0,0.0,0.0,0.0,0.0,68.0237883795634,23.35866731280325,True,False,True,False,False,15.283011895127672,0,1.0049515608180841,0.9164693218514531,False,False,False,False,0.24195182642714771,0.2727097538638476,False,False,False,False,1010916.0,710862.797607578,False,False,False,False,28592.315680759155,False,False,False,False
2025-06-12 15:00:00+00:00,10.61,10.68,10.425,10.48,8734.0,,,,,,,,,,,,,,,,,,,,,,9.528674107119791,,,"rgba(38, 166, 154, 1.0)",0.0,0.0,0.6822375943431389,9.339764445634009,1.6713173882829122,0.0,0.0,0.0,0.0,0.0,0.0,0.0,0.0,61.35282112314755,17.53181089676964,False,False,True,False,False,13.213932599777884,0,0.9967873206254018,0.9213964446348253,False,False,False,False,0.23113587954093057,0.2519228167023891,False,False,False,False,1002182.0,715379.3743888559,False,False,False,False,28284.434817491572,False,False,False,False
2025-06-12 16:00:00+00:00,10.48,10.595,10.465,10.58,12762.0,,,,,,,,,,,,,,,,,,,,,,9.534237384412606,,,"rgba(38, 166, 154, 1.0)",0.0,0.0,0.6746079942795841,9.343050231751036,1.8335830270880595,0.0,0.0,0.0,0.0,0.0,0.0,0.0,0.0,58.68754237996929,15.426131374808946,False,False,True,False,False,14.348618619183956,0,1.0077653149266614,0.9193270060396893,False,False,False,False,0.22574791608020478,0.23883536639129693,False,False,False,False,1014944.0,720023.7871890286,False,False,False,False,28043.776913344416,False,False,False,False
2025-06-12 17:00:00+00:00,10.58,10.675,10.565,10.625,13260.0,,,,,,,,,,,,,,,,,,,,,,9.540377165312757,,,"rgba(38, 166, 154, 1.0)",0.0,0.0,0.6729338213583151,9.347084810880757,1.8990205998856984,0.0,0.0,0.0,0.0,0.0,0.0,0.0,0.0,57.680024261796234,14.607965010238871,False,False,True,False,False,14.85580236124887,0,1.0134665508253695,0.9170286707211119,False,False,False,False,0.2473805449151774,0.24310795565323717,False,False,False,False,1028204.0,724801.7749845475,False,False,False,False,27814.57106972667,False,False,False,False
2025-06-12 18:00:00+00:00,10.625,10.755,10.56,10.745,19205.0,,,,,,,,,,,,,,,,,,,,,,9.549674959626971,,,"rgba(38, 166, 154, 1.0)",0.0,0.0,0.6743672509761764,9.353623505332186,2.0632325971549395,0.0,0.0,0.0,0.0,0.0,0.0,0.0,0.0,58.91857568945859,14.607965010238871,False,False,True,False,False,16.193905595188617,0,1.0075724794461274,0.9123755949805277,False,False,False,False,0.2564604381777359,0.24978419691548653,False,False,False,False,1047409.0,729803.4373878879,False,False,False,False,27681.089347715402,False,False,False,False
2025-06-12 19:00:00+00:00,10.75,10.79,10.51,10.58,45471.0,,,,,,,,,,,,,,,,,,,,,,9.56996845175098,,,"rgba(38, 166, 154, 1.0)",0.0,0.0,0.6722370881636018,9.36764484492619,1.8034636535536706,0.0,0.0,0.0,0.0,0.0,0.0,0.0,0.0,56.334155910322764,13.192097222956363,False,False,True,False,False,13.43339877826557,0,1.012953367875648,0.9088946459412781,False,False,False,False,0.2546411908272311,0.2522126938713588,False,False,False,False,1001938.0,734022.5778935021,False,False,False,False,27956.901915967876,False,False,False,False
2025-06-13 14:00:00+00:00,10.365,10.615,10.35,10.585,21056.0,,,,,,,,,,,,,,,,,,,,,,9.578157329590068,,,"rgba(38, 166, 154, 1.0)",0.0,0.0,0.6695570136997816,9.373024608187425,1.8101152956572655,0.0,0.0,0.0,0.0,0.0,0.0,0.0,0.0,54.70315666399941,11.42561012335618,False,True,True,False,False,13.4909721753435,0,1.0116079105760967,0.908426483233018,False,False,False,False,0.21441511988282924,0.23331390687709402,False,False,False,False,1022994.0,738502.7549804245,False,False,False,False,27849.911188588525,False,False,False,False
2025-06-13 15:00:00+00:00,10.59,10.67,10.52,10.535,9315.0,,,,,,,,,,,,,,,,,,,,,,9.58195736563384,,,"rgba(38, 166, 154, 1.0)",0.0,0.0,0.6634410705209834,9.375664101964777,1.747458741323968,0.0,0.0,0.0,0.0,0.0,0.0,0.0,0.0,52.59131031317029,9.16933804313853,False,True,False,False,False,12.654550902687085,0,1.0217578629900905,0.9045669969840585,False,False,False,False,0.2413495036159745,0.23733170524653424,False,False,False,False,1013679.0,742769.053352821,False,False,False,False,27562.54822442436,False,False,False,False
2025-06-13 16:00:00+00:00,10.535,10.655,10.505,10.63,15345.0,,,,,,,,,,,,,,,,,,,,,,9.588289760968804,,,"rgba(38, 166, 154, 1.0)",0.0,0.0,0.6590385298173072,9.380153785531,1.896469110562431,0.0,0.0,0.0,0.0,0.0,0.0,0.0,0.0,53.13252451762506,9.16933804313853,False,True,True,False,False,13.776496521006909,0,1.0333769633507854,0.8979057591623036,False,False,False,False,0.23773915563547668,0.23753543044100545,False,False,False,False,1029024.0,747207.1145411495,False,False,False,False,27373.128872107704,False,False,False,False
2025-06-13 17:00:00+00:00,10.63,10.675,10.505,10.555,10174.0,,,,,,,,,,,,,,,,,,,,,,9.592369311223004,,,"rgba(38, 166, 154, 1.0)",0.0,0.0,0.6497678032945088,9.383036698695783,1.8036647789595415,0.0,0.0,0.0,0.0,0.0,0.0,0.0,0.0,51.84174904553767,7.8034417646168635,False,True,False,False,False,12.507893154928674,0,1.033406113537118,0.8958515283842794,False,False,False,False,0.24014537272748337,0.2388404015842444,False,False,False,False,1018850.0,751418.6321451627,False,False,False,False,27106.47571129983,False,False,False,False
2025-06-13 18:00:00+00:00,10.555,10.6,10.325,10.405,7620.0,,,,,,,,,,,,,,,,,,,,,,9.594987459078482,,,"rgba(38, 166, 154, 1.0)",0.0,0.0,0.6405560788018976,9.384738431254167,1.592774781958419,0.0,0.0,0.0,0.0,0.0,0.0,0.0,0.0,48.18066095366384,4.068456945757887,False,True,False,True,False,10.02821764458277,0,1.0187119234116624,0.9064403829416885,False,False,False,False,0.20965975723343788,0.22425007940884115,False,False,False,False,1011230.0,755446.7153677184,False,False,False,False,26804.359808799058,False,False,False,False
2025-06-13 19:00:00+00:00,10.4,10.43,10.3,10.415,16946.0,,,,,,,,,,,,,,,,,,,,,,9.600333489998683,,,"rgba(38, 166, 154, 1.0)",0.0,0.0,0.6319075796262943,9.465022643524728,1.5033485704303169,0.0,0.0,0.0,0.0,0.0,0.0,0.0,0.0,45.98892674174193,1.8130904100739045,False,True,False,True,False,10.15322014640223,0,1.010434782608696,0.9173913043478261,False,False,False,False,0.18660651965352684,0.205428299531184,False,False,False,False,1028176.0,759675.0763697693,False,False,False,False,26651.517021065738,False,False,False,False
2025-06-16 14:00:00+00:00,10.54,10.865,10.52,10.78,34558.0,,,,,,,,,,,,,,,,,,,,,,9.615661032609815,,,"rgba(38, 166, 154, 1.0)",0.0,0.0,0.631117070563559,9.487755960704934,2.0475504459753395,0.0,0.0,0.0,0.0,0.0,0.0,0.0,0.0,51.17525010163696,1.8130904100739045,False,True,False,False,True,14.489259178928819,1,1.014794168096055,0.9043739279588336,False,False,False,False,0.2649724787621717,0.23520038914667785,False,False,False,False,1062734.0,764373.6643330287,False,False,False,False,26774.098152522085,False,False,False,False
2025-06-16 15:00:00+00:00,10.78,10.81,10.53,10.585,14001.0,,,,,,,,,,,,,,,,,,,,,,9.621311698109944,,,"rgba(38, 166, 154, 1.0)",0.0,0.0,0.6301294876222999,9.49215554366709,1.7343172757342253,0.0,0.0,0.0,0.0,0.0,0.0,0.0,0.0,51.138885217870964,1.8130904100739045,False,True,False,False,True,11.341929835960425,1,1.0102149393487978,0.9112577144073205,False,False,False,False,0.2594962194128092,0.24734830427974352,False,False,False,False,1048733.0,768782.3362038345,False,False,False,False,26576.065623025617,False,False,False,False
2025-06-16 16:00:00+00:00,10.585,10.84,10.585,10.835,21439.0,,,,,,,,,,,,,,,,,,,,,,9.63077849130428,,,"rgba(38, 166, 154, 1.0)",0.0,0.0,0.6289101971156188,9.500933402646565,2.1212354378604252,0.0,0.0,0.0,0.0,0.0,0.0,0.0,0.0,54.331099409953026,-1.6826779534163165,False,True,True,False,True,14.141996063557144,1,1.021461963450914,0.9079898002549937,False,False,False,False,0.26985332803345435,0.2586008161565989,False,False,False,False,1070172.0,773455.0441696665,False,False,False,False,26496.421194761653,False,False,False,False
2025-06-16 17:00:00+00:00,10.835,10.905,10.81,10.825,13871.0,,,,,,,,,,,,,,,,,,,,,,9.63732186243012,,,"rgba(38, 166, 154, 1.0)",0.0,0.0,0.6304049177793033,9.507312748781759,2.0902236230326263,0.0,0.0,0.0,0.0,0.0,0.0,0.0,0.0,56.28123237607991,0.29568849695813526,False,True,True,False,True,13.982241933628249,1,1.0310969116080941,0.9047923322683706,False,False,False,False,0.3056339290304114,0.28211737259350517,False,False,False,False,1056301.0,777840.252787191,False,False,False,False,26300.678230501784,False,False,False,False
2025-06-16 18:00:00+00:00,10.825,11.18,10.75,11.085,22727.0,,,,,,,,,,,,,,,,,,,,,,9.649275871581816,,,"rgba(38, 166, 154, 1.0)",0.0,0.0,0.6344481392843788,9.625688423440625,2.3001274433642376,0.0,0.0,0.0,0.0,0.0,0.0,0.0,0.0,60.29729741929982,4.167638220939359,False,False,True,False,True,16.75173331770289,0,1.0245437382001261,0.89490245437382,False,True,False,False,0.3326549767097318,0.3073861746516185,False,True,False,False,1079028.0,782509.8302633585,False,False,False,False,26245.272366462996,False,False,False,False
2025-06-16 19:00:00+00:00,11.085,11.115,10.92,11.015,38915.0,,,,,,,,,,,,,,,,,,,,,,9.66943843640507,,,"rgba(38, 166, 154, 1.0)",0.0,0.0,0.638388998584313,9.644746604796406,2.1464238861293956,0.0,0.0,0.0,0.0,0.0,0.0,0.0,0.0,61.6454125787171,5.533894428036575,False,False,True,False,True,15.621742802321254,0,1.0317725752508364,0.8994565217391304,False,False,False,False,0.3428282290069005,0.3251072018292595,False,False,False,False,1040113.0,786503.6778561746,False,False,False,False,26441.702252254265,False,False,False,False
2025-06-17 14:00:00+00:00,10.915,10.935,10.755,10.85,17787.0,,,,,,,,,,,,,,,,,,,,,,9.677319453686504,,,"rgba(38, 166, 154, 1.0)",0.0,0.0,0.6405885033549997,9.648860620579486,1.8750560978376936,0.0,0.0,0.0,0.0,0.0,0.0,0.0,0.0,59.66979700049606,5.533894428036575,False,False,True,False,True,13.014540241545252,0,1.0212455738387838,0.9068943970006248,False,False,False,False,0.29959656951051883,0.31235188566988914,False,False,False,False,1022326.0,790159.8378894122,False,False,False,False,26307.520821986756,False,False,False,False
2025-06-17 15:00:00+00:00,10.845,10.88,10.76,10.77,10382.0,,,,,,,,,,,,,,,,,,,,,,9.68170223672868,,,"rgba(38, 166, 154, 1.0)",0.0,0.0,0.6421401084801402,9.651021295183757,1.742577188434337,0.0,0.0,0.0,0.0,0.0,0.0,0.0,0.0,57.087498936923,5.533894428036575,False,True,True,False,False,11.779336338055483,0,1.0154649947753396,0.9159874608150468,False,False,False,False,0.2934237707607678,0.30288782821532845,False,False,False,False,1011944.0,793598.3520306617,False,False,False,False,26060.613522421067,False,False,False,False
2025-06-17 16:00:00+00:00,10.77,10.915,10.69,10.705,13629.0,,,,,,,,,,,,,,,,,,,,,,9.68723476318878,,,"rgba(38, 166, 154, 1.0)",0.0,0.0,0.6425397733684097,9.653638976670397,1.6362582783288493,0.0,0.0,0.0,0.0,0.0,0.0,0.0,0.0,54.35143127360401,10.401787870774413,False,True,True,False,False,10.781236859629086,0,1.028353787558189,0.9130342784595853,False,False,False,False,0.2891157365436834,0.2960017823795059,False,False,False,False,998315.0,796772.2535495661,False,False,False,False,25867.875328275004,False,False,False,False
2025-06-17 17:00:00+00:00,10.7,10.845,10.68,10.72,14395.0,,,,,,,,,,,,,,,,,,,,,,9.692901767196892,,,"rgba(38, 166, 154, 1.0)",0.0,0.0,0.643862066253578,9.656378125052857,1.6519405796586373,0.0,0.0,0.0,0.0,0.0,0.0,0.0,0.0,52.78281871607937,8.75998036470726,False,True,True,False,False,10.954695773972954,0,1.0302709568162578,0.9134208298052495,False,False,False,False,0.2793076029481519,0.2876546926638289,False,False,False,False,1012710.0,800120.1255875573,False,False,False,False,25690.00129217772,False,False,False,False
2025-06-17 18:00:00+00:00,10.72,10.73,10.62,10.655,11802.0,,,,,,,,,,,,,,,,,,,,,,9.697154235238319,,,"rgba(38, 166, 154, 1.0)",0.0,0.0,0.6435769132304308,9.657908339781061,1.549296812426105,0.0,0.0,0.0,0.0,0.0,0.0,0.0,0.0,50.61012810739126,6.5186275838756345,False,True,False,False,False,9.94021443659133,0,1.0280254777070064,0.9180467091295116,False,False,False,False,0.25803086116934665,0.27284277691658776,False,False,False,False,1000908.0,803233.1158885255,False,False,False,False,25474.68344268659,False,False,False,False
2025-06-17 19:00:00+00:00,10.655,10.675,10.545,10.56,32172.0,,,,,,,,,,,,,,,,,,,,,,9.707679444430655,,,"rgba(38, 166, 154, 1.0)",0.0,0.0,0.6391826706712661,9.660942917065345,1.406572994212235,0.0,0.0,0.0,0.0,0.0,0.0,0.0,0.0,47.608770103976596,3.5371216115712087,False,True,False,True,False,8.470969890366348,0,1.0251331203407883,0.9209797657082,False,False,False,False,0.24237293484839975,0.25760785588249374,False,False,False,False,968736.0,805799.0520763003,False,False,False,False,25578.517807916254,False,False,False,False
2025-06-18 14:00:00+00:00,10.67,10.905,10.38,10.845,17821.0,,,,,,,,,,,,,,,,,,,,,,9.714158032408257,,,"rgba(38, 166, 154, 1.0)",0.0,0.0,0.6398376553667269,9.752763081389578,1.707053202400851,0.0,0.0,0.0,0.0,0.0,0.0,0.0,0.0,50.54503327029546,3.5371216115712087,False,True,False,False,True,11.816607181208958,0,1.0200752823086576,0.9056879966541195,False,False,False,False,0.25018687527342504,0.2538973655779594,False,False,False,False,986557.0,808601.5008813189,False,False,False,False,25458.246213995073,False,False,False,False
2025-06-18 15:00:00+00:00,10.845,10.96,10.81,10.83,10864.0,,,,,,,,,,,,,,,,,,,,,,9.718681460616043,,,"rgba(38, 166, 154, 1.0)",0.0,0.0,0.6415252587838006,9.75926152038565,1.6690511635414784,0.0,0.0,0.0,0.0,0.0,0.0,0.0,0.0,52.224282976723096,3.5371216115712087,False,True,True,False,True,11.582766833896649,1,1.0363484437016923,0.9066221015249634,False,False,False,False,0.3095195804532781,0.28170847301561874,False,False,False,False,975693.0,811192.066759128,False,False,False,False,25231.97883083236,False,False,False,False
2025-06-18 16:00:00+00:00,10.82,11.01,10.82,10.995,14692.0,,,,,,,,,,,,,,,,,,,,,,9.725138550437771,,,"rgba(38, 166, 154, 1.0)",0.0,0.0,0.6460139387110568,9.767667518546961,1.8998544890561377,0.0,0.0,0.0,0.0,0.0,0.0,0.0,0.0,55.63522073522908,-0.41921525243293445,False,True,True,False,True,13.443803895305432,0,1.034547346514048,0.9059313215400624,False,False,False,False,0.3170007054785279,0.2993545892470733,False,False,False,False,990385.0,813970.2517706144,False,False,False,False,25068.56830632333,False,False,False,False
2025-06-18 17:00:00+00:00,10.995,11.045,10.85,10.96,20677.0,,,,,,,,,,,,,,,,,,,,,,9.734185134320478,,,"rgba(38, 166, 154, 1.0)",0.0,0.0,0.6516238413614055,9.777286515729447,1.815024879690665,0.0,0.0,0.0,0.0,0.0,0.0,0.0,0.0,57.167656513396686,1.1480248003865867,False,True,True,False,True,12.885560896713006,0,1.0349054643673385,0.907749844172034,False,False,False,False,0.3251442236056945,0.3122494064263839,False,False,False,False,969708.0,816384.7905028529,False,False,False,False,25000.481975992734,False,False,False,False
2025-06-18 18:00:00+00:00,10.97,11.105,10.885,10.885,18321.0,,,,,,,,,,,,,,,,,,,,,,9.742133424602482,,,"rgba(38, 166, 154, 1.0)",0.0,0.0,0.6555585267403247,9.88248349632033,1.5292555321712418,0.0,0.0,0.0,0.0,0.0,0.0,0.0,0.0,56.60166903548035,1.1480248003865867,False,True,True,False,True,11.689129891284281,0,1.032411230388109,0.9058629232039637,False,False,False,False,0.3371220212115278,0.32468571381895583,False,False,False,False,951387.0,818477.8480144365,False,False,False,False,24896.924115899823,False,False,False,False
2025-06-18 19:00:00+00:00,10.885,11.0,10.79,10.87,39305.0,,,,,,,,,,,,,,,,,,,,,,9.75785727709278,,,"rgba(38, 166, 154, 1.0)",0.0,0.0,0.657469747188744,9.89136567020058,1.488485719660766,0.0,0.0,0.0,0.0,0.0,0.0,0.0,0.0,55.90112831768687,1.1480248003865867,False,True,True,False,True,11.448951583230055,1,1.027606098063453,0.915121549237742,False,False,False,False,0.3120095219844806,0.3183476179017182,False,False,False,False,912082.0,819929.0751770034,False,False,False,False,25120.30513735874,False,False,False,False
2025-06-19 14:00:00+00:00,10.87,10.87,10.87,10.87,0.0,,,,,,,,,,,,,,,,,,,,,,9.75785727709278,,,"rgba(38, 166, 154, 1.0)",0.0,0.0,0.6588171081430293,9.89136567020058,1.485441585689602,0.0,0.0,0.0,0.0,0.0,0.0,0.0,0.0,55.43410117249122,1.1480248003865867,False,True,True,False,True,11.448951583230045,1,1.0317889050488263,0.92104716393102,False,False,False,False,0.3057916203599813,0.31206961913084974,False,False,False,False,912082.0,821357.802693639,False,False,False,False,24730.843042205892,False,False,False,False
2025-06-19 15:00:00+00:00,10.87,10.87,10.87,10.87,0.0,,,,,,,,,,,,,,,,,,,,,,9.75785727709278,,,"rgba(38, 166, 154, 1.0)",0.0,0.0,0.6596549876281268,9.89136567020058,1.4835548099442455,0.0,0.0,0.0,0.0,0.0,0.0,0.0,0.0,55.12274974236078,1.1480248003865867,False,True,True,False,True,11.448951583230055,0,1.032804011700794,0.9168407856247386,False,False,False,False,0.3057916203599813,0.3089306197454155,False,False,False,False,912082.0,822764.3793960632,False,False,False,False,24347.419119070917,False,False,False,False
2025-06-19 16:00:00+00:00,10.87,10.87,10.87,10.87,0.0,,,,,,,,,,,,,,,,,,,,,,9.75785727709278,,,"rgba(38, 166, 154, 1.0)",0.0,0.0,0.6580220018775328,9.89136567020058,1.4872364860249112,0.0,0.0,0.0,0.0,0.0,0.0,0.0,0.0,54.915182122273826,1.1480248003865867,False,True,True,False,True,11.448951583230055,0,1.0468085106382978,0.91531914893617,False,False,False,False,0.3057916203599813,0.30736112005269844,False,False,False,False,912082.0,824149.1487077521,False,False,False,False,23969.93975288377,False,False,False,False
2025-06-19 17:00:00+00:00,10.87,10.87,10.87,10.87,0.0,,,,,,,,,,,,,,,,,,,,,,9.75785727709278,,,"rgba(38, 166, 154, 1.0)",0.0,0.0,0.653037069709197,9.89136567020058,1.4985892458374739,0.0,0.0,0.0,0.0,0.0,0.0,0.0,0.0,54.776803708882525,1.1480248003865867,False,True,True,False,True,11.448951583230045,0,1.0426803243704654,0.9146393512590695,False,False,False,False,0.3057916203599813,0.3065763702063399,False,False,False,False,912082.0,825512.448727787,False,False,False,False,23598.31277997084,False,False,False,False
2025-06-19 18:00:00+00:00,10.87,10.87,10.87,10.87,0.0,,,,,,,,,,,,,,,,,,,,,,9.75785727709278,,,"rgba(38, 166, 154, 1.0)",0.0,0.0,0.6437948794816609,9.89136567020058,1.5201026926268006,0.0,0.0,0.0,0.0,0.0,0.0,0.0,0.0,54.68455143328832,1.2234241535317238,False,True,True,False,True,11.448951583230055,0,1.0459424645770719,0.9141262344353799,False,False,False,False,0.3057916203599813,0.3061839952831606,False,False,False,False,912082.0,826854.6123134027,False,False,False,False,23232.44746555269,False,False,False,False
2025-06-19 19:00:00+00:00,10.87,10.87,10.87,10.87,0.0,,,,,,,,,,,,,,,,,,,,,,9.75785727709278,,,"rgba(38, 166, 154, 1.0)",0.0,0.0,0.6355803547839929,9.89136567020058,1.539749179522731,0.0,0.0,0.0,0.0,0.0,0.0,0.0,0.0,54.62304991622551,1.5655297333728342,False,True,True,False,True,11.448951583230055,0,1.056411369060534,0.9077891082664352,False,False,False,False,0.3057916203599813,0.305987807821571,False,False,False,False,912082.0,828175.9671612569,False,False,False,False,22872.254481590633,False,False,False,False
2025-06-20 14:00:00+00:00,10.835,10.985,10.53,10.535,15102.0,,,,,,,,,,,,,,,,,,,,,,9.762716826176762,,,"rgba(38, 166, 154, 1.0)",0.0,0.0,0.6239948674424759,9.890338794880773,1.0331194033076831,0.0,0.0,0.0,0.0,0.0,0.0,0.0,0.0,46.02539619427863,-0.4379276000066241,False,True,False,True,False,5.697218536463456,0,1.043180846515605,0.896323215049166,False,False,False,False,0.2780852968888987,0.29203655235523485,False,False,False,False,896980.0,829242.6963525552,False,False,False,False,22751.785419860546,False,False,False,False
2025-06-20 15:00:00+00:00,10.535,10.75,10.51,10.645,8624.0,,,,,,,,,,,,,,,,,,,,,,9.76532455409337,,,"rgba(38, 166, 154, 1.0)",0.0,0.0,0.6125711946120437,9.889624603308631,1.2331226204160093,0.0,0.0,0.0,0.0,0.0,0.0,0.0,0.0,43.809545593658555,-2.2670003341615512,False,True,False,True,False,7.2084682778064355,0,1.0466453674121408,0.9041533546325878,False,False,False,False,0.24717801963690259,0.2696072859960687,False,False,False,False,905604.0,830426.5925331357,False,False,False,False,22532.749986994488,False,False,False,False
2025-06-20 16:00:00+00:00,10.645,10.745,10.635,10.69,9996.0,,,,,,,,,,,,,,,,,,,,,,9.768517630502636,,,"rgba(38, 166, 154, 1.0)",0.0,0.0,0.5966790375686338,9.889985112616719,1.3407792749737044,0.0,0.0,0.0,0.0,0.0,0.0,0.0,0.0,43.62261049557581,-2.344642250785526,False,True,False,True,False,7.820000469353609,0,1.0556506849315068,0.9034674657534247,False,False,False,False,0.26166161188380205,0.2656344489399354,False,False,False,False,915600.0,831747.1104783583,False,False,False,False,22338.38177014186,False,False,False,False
2025-06-20 17:00:00+00:00,10.685,10.77,10.625,10.625,13486.0,,,,,,,,,,,,,,,,,,,,,,9.772713465653258,,,"rgba(38, 166, 154, 1.0)",0.0,0.0,0.584324881865837,9.890530368173945,1.2569542297784473,0.0,0.0,0.0,0.0,0.0,0.0,0.0,0.0,42.142764268735526,-3.7678661089537187,False,True,False,True,False,6.7332806808074395,0,1.052912310646469,0.8982291444420738,False,False,False,False,0.26347951429272215,0.2645569816163288,False,False,False,False,902114.0,832838.0700058256,False,False,False,False,22201.13554114741,False,False,False,False
2025-06-20 18:00:00+00:00,10.62,10.73,10.605,10.65,11796.0,,,,,,,,,,,,,,,,,,,,,,9.77630459303653,,,"rgba(38, 166, 154, 1.0)",0.0,0.0,0.5744583190800849,9.89111383864489,1.3210465166043057,0.0,0.0,0.0,0.0,0.0,0.0,0.0,0.0,41.94856530059646,-4.06998164922117,False,True,False,True,False,7.083033483377566,0,1.05227224237252,0.902069554085769,False,False,False,False,0.2562179842953275,0.26038748295582814,False,False,False,False,913910.0,834094.9991530221,False,False,False,False,22039.815610276906,False,False,False,False
2025-06-20 19:00:00+00:00,10.645,10.85,10.645,10.805,20805.0,,,,,,,,,,,,,,,,,,,,,,9.783311002146236,,,"rgba(38, 166, 154, 1.0)",0.0,0.0,0.5635573146067776,9.89511381618257,1.6145406336395485,0.0,0.0,0.0,0.0,0.0,0.0,0.0,0.0,45.992148285806614,-8.165338334727316,False,True,False,True,True,9.215305686674316,0,1.0535638070849338,0.9009816474605206,False,False,False,False,0.27564310919606466,0.26801529607594643,False,False,False,False,934715.0,835654.9991661535,False,False,False,False,22020.671182210597,False,False,False,False
2025-06-23 14:00:00+00:00,10.825,10.965,10.76,10.8,7584.0,,,,,,,,,,,,,,,,,,,,,,9.786033359799763,,,"rgba(38, 166, 154, 1.0)",0.0,0.0,0.5507687338603684,9.897215638666907,1.6391350957877153,0.0,0.0,0.0,0.0,0.0,0.0,0.0,0.0,48.54880993850882,-5.81070486749897,False,True,False,False,True,9.128365804233397,0,1.0516471838469712,0.8988310308182783,False,False,False,False,0.3039307332319848,0.28597301465396563,False,False,False,False,927131.0,837073.2317372209,False,False,False,False,21796.846822796477,False,False,False,False
2025-06-23 15:00:00+00:00,10.8,10.86,10.61,10.61,15259.0,,,,,,,,,,,,,,,,,,,,,,9.79070479523884,,,"rgba(38, 166, 154, 1.0)",0.0,0.0,0.5366491967387215,9.89899488722735,1.324897376337297,0.0,0.0,0.0,0.0,0.0,0.0,0.0,0.0,45.817214876081835,-5.81070486749897,False,True,False,True,False,5.890326410609543,0,1.0428360413589366,0.9048322430892594,False,False,False,False,0.27259487467195087,0.27928394466295825,False,False,False,False,911872.0,838232.9025630004,False,False,False,False,21695.484856551568,False,False,False,False
2025-06-23 16:00:00+00:00,10.61,10.65,10.47,10.535,14053.0,,,,,,,,,,,,,,,,,,,,,,9.794296088380486,,,"rgba(38, 166, 154, 1.0)",0.0,0.0,0.5212290395897622,9.971868635569221,1.080391385856008,0.0,0.0,0.0,0.0,0.0,0.0,0.0,0.0,42.661708419745395,-2.4726835965244334,False,True,False,True,False,4.655412863433945,0,1.044709388971684,0.9122844368746006,False,False,False,False,0.23040758147627272,0.2548457630696155,False,False,False,False,897819.0,839156.71802714,False,False,False,False,21576.99671924069,False,False,True,False
2025-06-23 17:00:00+00:00,10.535,10.71,10.535,10.685,8880.0,,,,,,,,,,,,,,,,,,,,,,9.796820530454946,,,"rgba(38, 166, 154, 1.0)",0.0,0.0,0.5075683950716684,9.974324245010402,1.4001576179487123,0.0,0.0,0.0,0.0,0.0,0.0,0.0,0.0,44.42961309647007,-2.4726835965244334,False,True,False,True,False,6.780859142830131,0,1.0470438652256835,0.9084551811824537,False,False,False,False,0.24537481282086612,0.2501102879452408,False,False,False,False,906699.0,840203.88518951,False,False,False,False,21380.14405692688,False,False,False,False
2025-06-23 18:00:00+00:00,10.69,10.79,10.67,10.755,7175.0,,,,,,,,,,,,,,,,,,,,,,9.799077011731528,,,"rgba(38, 166, 154, 1.0)",0.0,0.0,0.4960388861536258,9.977353277006923,1.5677132271284,0.0,0.0,0.0,0.0,0.0,0.0,0.0,0.0,47.124614653228164,-2.4726835965244334,False,True,False,True,True,7.7484734907362025,0,1.056591776176346,0.903772785078423,False,False,False,False,0.27137696675107165,0.26074362734815626,False,False,False,False,913874.0,841346.0575121532,False,False,False,False,21159.909265346618,False,False,False,False
2025-06-23 19:00:00+00:00,10.75,10.865,10.72,10.78,30232.0,,,,,,,,,,,,,,,,,,,,,,9.808966997113304,,,"rgba(38, 166, 154, 1.0)",0.0,0.0,0.48183582864469343,9.987994611436083,1.6437245665015559,0.0,0.0,0.0,0.0,0.0,0.0,0.0,0.0,49.45841583946607,-5.873134623742466,False,True,False,False,True,8.094313297100317,1,1.0580658783783785,0.8984374999999998,False,False,False,False,0.2862290033507428,0.27348631534944956,False,False,False,False,944106.0,842939.2349150656,False,False,False,False,21300.561834876127,False,False,False,False
2025-06-24 14:00:00+00:00,10.875,10.995,10.86,10.96,4682.0,,,,,,,,,,,,,,,,,,,,,,9.810712876719265,,,"rgba(38, 166, 154, 1.0)",0.0,0.0,0.46468312365025416,9.990423932545186,2.086531698931616,0.0,0.0,0.0,0.0,0.0,0.0,0.0,0.0,54.3111969959553,-1.378713366880966,True,False,True,False,True,10.530083758420535,0,1.060071413568578,0.8918294475950429,False,False,False,False,0.3196745037214207,0.29658040953543513,False,False,False,False,948788.0,844580.3010404134,False,False,False,False,21042.909713405177,False,False,False,False
2025-06-24 15:00:00+00:00,10.965,10.995,10.81,10.84,10842.0,,,,,,,,,,,,,,,,,,,,,,9.814532990273879,,,"rgba(38, 166, 154, 1.0)",0.0,0.0,0.4392368791847826,9.99466844040291,1.924545956081861,0.0,0.0,0.0,0.0,0.0,0.0,0.0,0.0,54.57608520797228,-1.1420678973139786,True,False,True,False,True,8.46303758149729,0,1.0567420435510888,0.8940536013400333,False,False,False,False,0.31293952215762666,0.30475996584653087,False,False,False,False,937946.0,846027.8312568412,False,False,False,False,20884.756074437653,False,False,False,False
2025-06-24 16:00:00+00:00,10.84,10.965,10.82,10.95,9259.0,,,,,,,,,,,,,,,,,,,,,,9.817864942955703,,,"rgba(38, 166, 154, 1.0)",0.0,0.0,0.4075156880857307,9.99840531334505,2.3351117870455065,0.0,0.0,0.0,0.0,0.0,0.0,0.0,0.0,56.63115658951853,0.9181471151211085,True,False,True,False,True,9.933897911821877,0,1.0530697190426639,0.8951092611862642,False,False,False,False,0.3103666009978737,0.3075632834222023,False,False,False,False,947205.0,847596.4695319289,False,False,False,False,20704.511794213813,False,False,False,False
2025-06-24 17:00:00+00:00,10.955,11.045,10.8,10.82,11746.0,,,,,,,,,,,,,,,,,,,,,,9.821973308213394,,,"rgba(38, 166, 154, 1.0)",0.0,0.0,0.3944470756583771,10.002464946274301,2.0726102541415465,0.0,0.0,0.0,0.0,0.0,0.0,0.0,0.0,55.10537758937323,0.9181471151211085,True,False,True,False,True,7.728493831668871,0,1.0517099299546766,0.8928718582612277,False,False,False,False,0.31809746639021447,0.31283037490620835,False,False,False,False,935459.0,848958.6793066277,False,False,False,False,20565.62013848957,False,False,False,False
2025-06-24 18:00:00+00:00,10.825,10.885,10.82,10.845,11305.0,,,,,,,,,,,,,,,,,,,,,,9.825756679043687,,,"rgba(38, 166, 154, 1.0)",0.0,0.0,0.38392768650934517,10.005619508820313,2.1862984115870896,0.0,0.0,0.0,0.0,0.0,0.0,0.0,0.0,54.56787767222761,0.9181471151211085,True,False,True,False,True,8.069530885257027,0,1.0523936716663242,0.8997328950071912,False,False,False,False,0.300114247773116,0.3064723113396622,False,False,False,False,946764.0,850475.0408677652,False,False,False,False,20422.044632466474,False,False,False,False
2025-06-24 19:00:00+00:00,10.845,10.93,10.77,10.885,39347.0,,,,,,,,,,,,,,,,,,,,,,9.838857847859332,,,"rgba(38, 166, 154, 1.0)",0.0,0.0,0.3656576452276946,10.016345861293336,2.3755940838205456,0.0,0.0,0.0,0.0,0.0,0.0,0.0,0.0,55.004136152163866,0.9181471151211085,True,False,True,False,True,8.618955867014545,0,1.0500102061645233,0.898550724637681,False,False,False,False,0.2994755255757556,0.3029739184577089,False,False,False,False,986111.0,852577.9239550866,False,False,False,False,20715.45479320343,False,False,False,False
2025-06-25 14:00:00+00:00,10.77,10.78,10.625,10.685,11687.0,,,,,,,,,,,,,,,,,,,,,,9.842068118094463,,,"rgba(38, 166, 154, 1.0)",0.0,0.0,0.3437387180785064,10.017384320344627,1.9422184483241622,0.0,0.0,0.0,0.0,0.0,0.0,0.0,0.0,51.126711457475054,0.9181471151211085,False,False,False,False,False,5.257598982433635,1,1.0393859826297718,0.9014340537265199,False,False,False,False,0.26218904151033984,0.2825814799840244,False,False,False,False,974424.0,854467.0104053953,False,False,False,False,20575.478749897946,False,False,False,False
2025-06-25 15:00:00+00:00,10.685,10.73,10.63,10.72,14641.0,,,,,,,,,,,,,,,,,,,,,,9.846040512017488,,,"rgba(38, 166, 154, 1.0)",0.0,0.0,0.31133426895697675,10.018739205509416,2.2524368963298804,0.0,0.0,0.0,0.0,0.0,0.0,0.0,0.0,49.33832905673472,4.381212427630402,False,True,False,False,False,5.754663074256662,0,1.03942868638101,0.9038422852544757,False,False,False,False,0.24776648712330443,0.2651739835536644,False,False,False,False,989065.0,856553.8009417458,False,False,False,False,20483.47132741891,False,False,False,False
2025-06-25 16:00:00+00:00,10.725,10.85,10.725,10.835,11390.0,,,,,,,,,,,,,,,,,,,,,,9.849503184776081,,,"rgba(38, 166, 154, 1.0)",0.0,0.0,0.2764378789182995,10.021042081220957,2.9444514694008608,0.0,0.0,0.0,0.0,1.0,10.77,10.73,0.0,50.58571577178823,4.381212427630402,False,False,False,False,False,7.370710279282015,0,1.0435933998777758,0.90588714605826,False,False,False,False,0.27749715358797244,0.2713355685708184,False,False,False,False,1000455.0,858784.8272837342,False,False,False,False,20342.487275831016,False,False,False,False
2025-06-25 17:00:00+00:00,10.835,10.975,10.77,10.945,19408.0,,,,,,,,,,,,,,,,,,,,,,9.855917785959535,,,"rgba(38, 166, 154, 1.0)",0.0,0.0,0.24402604719918453,10.026542557087541,3.7637680626887113,0.0,0.0,0.0,0.0,1.0,10.92,10.85,0.0,53.40036638200021,4.381212427630402,True,False,True,False,True,8.876919686078832,0,1.046941678520626,0.8969721601300549,False,False,False,False,0.30057034743962724,0.2859529580052228,False,False,False,False,1019863.0,861282.1632948391,False,False,False,False,20327.99910101193,False,False,False,False
2025-06-25 18:00:00+00:00,10.945,11.77,10.92,11.75,43444.0,,,,,,,,,,,,,,,,,,,,,,9.877886142574683,,,"rgba(38, 166, 154, 1.0)",0.0,0.0,0.2526779455039365,10.058825206772559,6.693005160599164,0.0,0.0,0.0,0.0,0.0,0.0,0.0,0.0,62.25185536589521,6.589584705481386,True,False,True,False,True,18.30591461758118,0,1.0477223427331888,0.8706369552356537,False,False,False,False,0.342828228289906,0.3143905931475644,False,False,False,False,1063307.0,864414.3313057718,False,False,False,False,20686.386711848954,False,False,False,False
2025-06-25 19:00:00+00:00,11.74,12.03,11.385,11.66,242257.0,,,,,,,,,,,,,,,,,,,,,,10.005101411041975,,,"rgba(38, 166, 154, 1.0)",0.0,0.0,0.2615080657807976,10.21779377006969,5.514958881379981,0.0,0.0,0.0,0.0,0.0,0.0,0.0,0.0,66.54411906096043,10.231533704426525,True,False,True,False,True,16.8123162752055,0,1.062922215788458,0.8648909476934954,False,False,False,False,0.3428282312517478,0.3286094121996561,False,False,False,False,821050.0,863742.0160917289,False,False,False,False,24121.590018641993,False,False,False,False
2025-06-26 14:00:00+00:00,11.73,12.12,11.725,11.96,41829.0,,,,,,,,,,,,,,,,,,,,,,10.028193450282362,,,"rgba(38, 166, 154, 1.0)",0.0,0.0,0.28550322255630467,10.3745290634229,5.553250581136355,0.0,0.0,0.0,0.0,0.0,0.0,0.0,0.0,70.9358434630085,14.020387675014291,True,False,True,False,True,19.816894106797765,0,1.0720532319391636,0.8602661596958175,False,False,False,False,0.3428282327111422,0.3357188224553992,False,False,False,False,862879.0,863728.6359972835,False,False,False,False,24396.123506725064,False,False,False,False
2025-06-26 15:00:00+00:00,11.98,12.045,11.77,11.805,29714.0,,,,,,,,,,,,,,,,,,,,,,10.043744685564393,,,"rgba(38, 166, 154, 1.0)",0.0,0.0,0.2960064523279245,10.389799301388996,4.780979223531262,0.0,0.0,0.0,0.0,0.0,0.0,0.0,0.0,71.28899753206197,14.229007492547595,True,False,True,False,True,17.304095245867792,0,1.075033075033075,0.8642978642978643,False,False,False,False,0.33957607749760493,0.3376474499765021,False,False,False,False,833165.0,863254.7811756202,False,False,False,False,24478.57120429522,False,False,False,False
2025-06-26 16:00:00+00:00,11.805,11.845,11.57,11.67,25340.0,,,,,,,,,,,,,,,,,,,,,,10.055528474780472,,,"rgba(38, 166, 154, 1.0)",0.0,0.0,0.30173122100583677,10.398265960087402,4.21479101722787,0.0,0.0,0.0,0.0,0.0,0.0,0.0,0.0,69.44365097055933,14.229007492547595,True,False,True,False,True,15.18007530528304,0,1.0704862419902,0.8720316622691292,False,False,False,False,0.29575093061874336,0.3166991902976227,False,False,False,False,807825.0,862395.4047232849,False,False,False,False,24491.926689499942,False,False,False,False
2025-06-26 17:00:00+00:00,11.67,11.73,11.37,11.425,21228.0,,,,,,,,,,,,,,,,,,,,,,10.064162074372353,,,"rgba(38, 166, 154, 1.0)",0.0,0.0,0.3081859448068967,10.402352335547862,3.3182813223130916,0.0,0.0,0.0,0.0,0.0,0.0,0.0,0.0,64.91703535138987,14.229007492547595,True,False,True,False,False,11.494279711899242,0,1.059992500937383,0.8803899512560928,False,False,False,False,0.2600000656350526,0.2883496279663377,False,False,False,False,786597.0,861220.2356578076,False,False,False,False,24441.323174934052,False,False,False,False
2025-06-26 18:00:00+00:00,11.425,11.73,11.37,11.655,22181.0,,,,,,,,,,,,,,,,,,,,,,10.07354743971546,,,"rgba(38, 166, 154, 1.0)",0.0,0.0,0.31995224868936917,10.408912915385924,3.8946033032068446,0.0,0.0,0.0,0.0,0.0,0.0,0.0,0.0,63.9158393886882,21.05567155247215,True,False,True,False,False,13.886989397735327,0,1.0540289639806908,0.882473078351281,False,False,False,False,0.25703089922929273,0.27269026359781523,False,False,False,False,808778.0,860407.1777406322,False,False,False,False,24406.279404780034,False,False,False,False
2025-06-26 19:00:00+00:00,11.655,11.72,11.535,11.72,54775.0,,,,,,,,,,,,,,,,,,,,,,10.097336189683032,,,"rgba(38, 166, 154, 1.0)",0.0,0.0,0.33340655051733753,10.42885734447088,3.872577348962376,0.0,0.0,0.0,0.0,0.0,0.0,0.0,0.0,63.77852469337394,20.594118082099584,True,False,True,False,False,14.54385580380917,0,1.057774475199703,0.8889095300018576,False,False,False,False,0.2712352351348119,0.2719627493663136,False,False,False,False,863553.0,860455.9501787619,False,False,False,False,24877.112282225306,False,False,False,False
2025-06-27 14:00:00+00:00,11.71,11.74,11.395,11.445,11879.0,,,,,,,,,,,,,,,,,,,,,,10.101974071609622,,,"rgba(38, 166, 154, 1.0)",0.0,0.0,0.3385937665384293,10.432016695819824,2.991736423668644,0.0,0.0,0.0,0.0,0.0,0.0,0.0,0.0,60.17729731547418,16.87287689040346,True,False,True,False,False,10.573093709687853,0,1.0477512493059413,0.8948732185822692,False,False,False,False,0.256880892265618,0.26442182081596577,False,False,False,False,851674.0,860319.7959124245,False,False,False,False,24675.59116157065,False,False,False,False
2025-06-27 15:00:00+00:00,11.435,11.63,11.415,11.605,13408.0,,,,,,,,,,,,,,,,,,,,,,10.10725803520804,,,"rgba(38, 166, 154, 1.0)",0.0,0.0,0.347636770673451,10.43582775497995,3.363200741840684,0.0,0.0,0.0,0.0,0.0,0.0,0.0,0.0,59.311069053578066,15.748639430870114,True,False,True,False,False,12.225743625524728,0,1.0485814945299463,0.8994993510105691,False,False,False,False,0.24627016942046365,0.2553459951182147,False,False,False,False,865082.0,860393.6285339373,False,False,False,False,24500.899825732344,False,False,False,False
2025-06-27 16:00:00+00:00,11.605,11.645,11.46,11.485,10963.0,,,,,,,,,,,,,,,,,,,,,,10.11149038132356,,,"rgba(38, 166, 154, 1.0)",0.0,0.0,0.3536879955527741,10.438802525325418,2.957967157012197,0.0,0.0,0.0,0.0,0.0,0.0,0.0,0.0,57.269156446323265,13.488289382761288,True,False,True,False,False,10.54635849555736,0,1.050381111730805,0.8983082357315486,False,False,False,False,0.252300320717093,0.25382315791765386,False,False,False,False,854119.0,860296.3474713956,False,False,False,False,24291.009905953546,False,False,False,False
2025-06-27 17:00:00+00:00,11.485,11.49,11.35,11.435,13462.0,,,,,,,,,,,,,,,,,,,,,,10.116271009095355,,,"rgba(38, 166, 154, 1.0)",0.0,0.0,0.3592242392350421,10.537021913980023,2.499770304844117,0.0,0.0,0.0,0.0,0.0,0.0,0.0,0.0,55.295702831332804,11.32361584966577,False,False,True,False,False,9.851767421113244,0,1.043591654247392,0.9044336810730252,False,False,False,False,0.22091015834758573,0.2373666581326198,False,False,False,False,840657.0,859991.8614640872,False,False,False,False,24123.11827950465,False,False,False,False
2025-06-27 18:00:00+00:00,11.435,11.53,11.41,11.49,43378.0,,,,,,,,,,,,,,,,,,,,,,10.132040338364929,,,"rgba(38, 166, 154, 1.0)",0.0,0.0,0.36561807473990815,10.548787503256552,2.574305160960667,0.0,0.0,0.0,0.0,0.0,0.0,0.0,0.0,54.64465487921908,10.374175424442868,False,False,True,False,False,10.440145955645779,0,1.0469422105853752,0.9027492051617729,False,False,False,False,0.22904137510083591,0.23320401661672785,False,False,False,False,884035.0,860364.6233018532,False,False,False,False,24421.643577496827,False,False,False,False
2025-06-27 19:00:00+00:00,11.485,11.78,11.47,11.72,43714.0,,,,,,,,,,,,,,,,,,,,,,10.149644632259928,,,"rgba(38, 166, 154, 1.0)",0.0,0.0,0.3774481648081725,10.567347095833474,3.053804499890283,0.0,0.0,0.0,0.0,0.0,0.0,0.0,0.0,56.7244258363619,10.374175424442868,True,False,True,False,False,12.83585046000876,1,1.042426497953108,0.898585783401563,False,False,False,False,0.2672292351212091,0.2502166258689685,False,False,False,False,927749.0,861409.3423204292,False,False,False,False,24720.749878620907,False,False,False,False
2025-06-30 14:00:00+00:00,11.725,12.055,11.705,11.96,32951.0,,,,,,,,,,,,,,,,,,,,,,10.164805248203326,,,"rgba(38, 166, 154, 1.0)",0.0,0.0,0.396188404994634,10.586740993011263,3.466176671695723,0.0,0.0,0.0,0.0,0.0,0.0,0.0,0.0,60.1903855868336,10.374175424442868,True,False,True,False,True,15.198713591539892,0,1.0449417421860552,0.8953208803402996,False,False,False,False,0.3318133730101714,0.29101499943956993,False,False,False,False,960700.0,862948.7323619728,False,False,False,False,24848.35065569655,False,False,False,False
2025-06-30 15:00:00+00:00,11.96,12.04,11.76,11.785,14718.0,,,,,,,,,,,,,,,,,,,,,,10.17131996630091,,,"rgba(38, 166, 154, 1.0)",0.0,0.0,0.4080560043702852,10.593982053652795,2.9187609876864635,0.0,0.0,0.0,0.0,0.0,0.0,0.0,0.0,59.9125545034842,10.374175424442868,True,False,True,False,True,12.717936696810966,0,1.0473122238586157,0.8946980854197348,False,False,False,False,0.336987012635301,0.31400100603743547,False,False,False,False,945982.0,864236.0698447329,False,False,False,False,24691.290955608234,False,False,False,False
2025-06-30 16:00:00+00:00,11.785,11.83,11.68,11.69,17570.0,,,,,,,,,,,,,,,,,,,,,,10.178446380078864,,,"rgba(38, 166, 154, 1.0)",0.0,0.0,0.4166015768978954,10.600362499130956,2.615538589610529,0.0,0.0,0.0,0.0,0.0,0.0,0.0,0.0,58.42165428814391,10.374175424442868,True,False,True,False,True,11.40159509861778,0,1.04553026096613,0.906163242642976,False,False,False,False,0.2998512159565797,0.3069261109970076,False,False,False,False,928412.0,865231.0455060548,False,False,False,False,24580.883343893376,False,False,False,False
2025-06-30 17:00:00+00:00,11.695,11.74,11.635,11.65,12291.0,,,,,,,,,,,,,,,,,,,,,,10.183207511420646,,,"rgba(38, 166, 154, 1.0)",0.0,0.0,0.42219101394059905,10.60414799042585,2.4772010181185373,0.0,0.0,0.0,0.0,0.0,0.0,0.0,0.0,56.86756525767495,10.374175424442868,False,False,True,False,False,10.848090607918671,1,1.036653091447612,0.9098482043687521,False,False,False,False,0.28283959283779225,0.29488285191739994,False,False,False,False,916121.0,866020.0370485965,False,False,False,False,24390.34251685627,False,False,False,False
2025-06-30 18:00:00+00:00,11.65,11.71,11.62,11.635,17959.0,,,,,,,,,,,,,,,,,,,,,,10.190017482292268,,,"rgba(38, 166, 154, 1.0)",0.0,0.0,0.4251872189649045,10.609332189558383,2.4122733814495874,0.0,0.0,0.0,0.0,0.0,0.0,0.0,0.0,55.605246696798424,10.370859741531142,False,False,True,False,False,10.638161859021118,1,1.041643428146496,0.9087190927681724,False,False,False,False,0.2772047510850897,0.2860438015012448,False,False,False,False,898162.0,866518.362055595,False,False,False,False,24290.631780160827,False,False,False,False
2025-06-30 19:00:00+00:00,11.635,11.71,11.57,11.58,43699.0,,,,,,,,,,,,,,,,,,,,,,10.205937974117559,,,"rgba(38, 166, 154, 1.0)",0.0,0.0,0.4280212485252658,10.620628681902003,2.241410493996458,0.0,0.0,0.0,0.0,0.0,0.0,0.0,0.0,53.887786430301006,8.518528204306726,False,False,True,False,False,9.861738564134349,0,1.0386545251811932,0.9070804683144396,False,False,False,False,0.27096386887376533,0.2785038351875051,False,False,False,False,854463.0,866331.4572175238,False,False,False,False,24591.536713801743,False,False,False,False
2025-07-01 14:00:00+00:00,11.58,11.75,11.575,11.615,15152.0,,,,,,,,,,,,,,,,,,,,,,10.211478272165227,,,"rgba(38, 166, 154, 1.0)",0.0,0.0,0.4316379551479019,10.62477462228475,2.294110992570027,0.0,0.0,0.0,0.0,0.0,0.0,0.0,0.0,53.30811025204463,7.725272359650482,False,True,True,False,False,10.242977606767617,0,1.0349507343372375,0.9115077151886967,False,False,False,False,0.27657972190957975,0.27754177854854245,False,False,False,False,869615.0,866382.3648575622,False,False,False,False,24445.18730738621,False,False,False,False
2025-07-01 15:00:00+00:00,11.615,12.27,11.605,12.26,33618.0,,,,,,,,,,,,,,,,,,,,,,10.226989607829568,,,"rgba(38, 166, 154, 1.0)",0.0,0.0,0.4539243001538997,10.642397868016827,3.563594483561987,0.0,0.0,0.0,0.0,0.0,0.0,0.0,0.0,59.54225484975484,4.815055753178115,True,False,True,False,True,16.66345746572727,0,1.030601092896175,0.8963570127504554,False,False,False,False,0.3428282285408932,0.3101850035447178,False,False,False,False,903233.0,866953.6925341892,False,False,False,False,24587.401457659293,False,False,False,False
2025-07-01 16:00:00+00:00,12.265,12.415,12.05,12.075,20477.0,,,,,,,,,,,,,,,,,,,,,,10.237001818674035,,,"rgba(38, 166, 154, 1.0)",0.0,0.0,0.4665200187857588,10.654329875755383,3.045250079390556,0.0,0.0,0.0,0.0,0.0,0.0,0.0,0.0,60.86319612500441,5.994567191824437,True,False,True,False,True,14.078580695859849,0,1.0447788252356782,0.8988397389412619,False,False,False,False,0.34282823095830495,0.32650661725151137,False,False,False,False,882756.0,867198.689549163,False,False,False,False,24523.674303276977,False,False,False,False
2025-07-01 17:00:00+00:00,12.075,12.27,12.01,12.225,11753.0,,,,,,,,,,,,,,,,,,,,,,10.242667976350798,,,"rgba(38, 166, 154, 1.0)",0.0,0.0,0.48256378936959937,10.660895227355633,3.241239411451999,0.0,0.0,0.0,0.0,0.0,0.0,0.0,0.0,62.926995048016025,7.956216284436017,True,False,True,False,True,15.467544286814984,0,1.0413059163059164,0.9056637806637806,False,False,False,False,0.321281347672594,0.3238939824620527,False,False,False,False,894509.0,867622.1052150674,False,False,False,False,24325.67935283857,False,False,False,False
2025-07-01 18:00:00+00:00,12.225,12.265,12.08,12.105,19304.0,,,,,,,,,,,,,,,,,,,,,,10.251814772297328,,,"rgba(38, 166, 154, 1.0)",0.0,0.0,0.49287924987251264,10.671188385527719,2.909052500877545,0.0,0.0,0.0,0.0,0.0,0.0,0.0,0.0,62.50381092461976,7.956216284436017,True,False,True,False,True,13.81455923889516,0,1.0464781120518827,0.9043415600792649,False,False,False,False,0.3288181268119077,0.3263560546369802,False,False,False,False,875205.0,867739.6694752988,False,False,False,False,24247.823858996115,False,False,False,False
2025-07-01 19:00:00+00:00,12.105,12.13,11.91,12.05,66265.0,,,,,,,,,,,,,,,,,,,,,,10.280612981544737,,,"rgba(38, 166, 154, 1.0)",0.0,0.0,0.5020291886994636,10.699979090252468,2.6891283218906903,0.0,0.0,0.0,0.0,0.0,0.0,0.0,0.0,61.40270675434304,7.956216284436017,True,False,True,False,True,13.062035489135575,0,1.0410394265232974,0.9060931899641576,False,False,False,False,0.29374921580964725,0.3100526352233137,False,False,False,False,808940.0,866828.0466927361,False,False,False,False,24899.25294645354,False,False,False,False
2025-07-02 14:00:00+00:00,12.3,12.62,12.24,12.575,24692.0,,,,,,,,,,12.478333333333333,,,,,,,,,,,,10.293796155753512,,,"rgba(38, 166, 154, 1.0)",0.0,0.0,0.5253711943871937,10.716041445918218,3.53837167690573,0.0,0.0,0.0,0.0,0.0,0.0,0.0,0.0,64.74422041891198,9.955057358798413,True,False,True,False,True,17.784013642647867,0,1.0452624163437831,0.8916872138076788,False,False,False,False,0.34282823233916176,0.32644043378123777,False,False,False,False,833632.0,866313.379302151,False,False,False,False,24896.039722477515,False,False,False,False
2025-07-02 15:00:00+00:00,12.58,12.825,12.57,12.765,20179.0,,,,,,,,,,12.587013587097827,,,,,,,,,,,,10.305631868687541,,,"rgba(38, 166, 154, 1.0)",0.0,0.0,0.5508594840529705,10.731294098321161,3.6918778028759127,0.0,0.0,0.0,0.0,0.0,0.0,0.0,0.0,68.00760160291023,13.04979559650048,True,False,True,False,True,19.350745299495472,0,1.0621260119676172,0.8847236888419571,False,False,False,False,0.3428282339693597,0.33463433387529873,False,False,False,False,853811.0,866119.5439641331,False,False,False,False,24822.907323679414,False,False,False,False
2025-07-02 16:00:00+00:00,12.765,12.765,12.54,12.565,16108.0,,,,,,,,,,12.596607684612735,,,,,,,,,,,,10.314622262229259,,,"rgba(38, 166, 154, 1.0)",0.0,0.0,0.5667178699706557,10.742343002867262,3.2161629158210836,0.0,0.0,0.0,0.0,0.0,0.0,0.0,0.0,67.34878386100635,13.04979559650048,True,False,True,False,True,16.654970733141386,0,1.074205574294337,0.8785726966092667,False,False,False,False,0.33365511233762724,0.334144723106463,False,False,False,False,837703.0,865678.9773910458,False,False,False,False,24687.792481451826,False,False,False,False
2025-07-02 17:00:00+00:00,12.57,12.67,12.525,12.665,11333.0,,,,,,,,,,12.60027381347494,,,,,,,,,,,,10.320896817338213,,,"rgba(38, 166, 154, 1.0)",0.0,0.0,0.5892216426304081,10.749949671275605,3.2501357556643895,0.0,0.0,0.0,0.0,0.0,0.0,0.0,0.0,67.59237709696595,13.04979559650048,True,False,True,False,True,17.49327333289431,0,1.0683958074258306,0.881506484277847,False,False,False,False,0.32251643576726435,0.32833057943686367,False,False,False,False,849036.0,865420.9467338203,False,False,False,False,24480.741435227766,False,False,False,False
2025-07-02 18:00:00+00:00,12.67,12.83,12.665,12.825,26544.0,,,,,,,,,,12.646742332281297,,,,,,,,,,,,10.33643142790325,,,"rgba(38, 166, 154, 1.0)",0.0,0.0,0.6126743179045057,10.769341565565366,3.355222137375502,0.0,0.0,0.0,0.0,0.0,0.0,0.0,0.0,68.79661944393169,14.242064152176411,True,False,True,False,True,18.811346392832764,0,1.074028048996982,0.8744896147701048,False,False,False,False,0.34282823424772646,0.33557940684229504,False,False,False,False,875580.0,865578.4514356215,False,False,False,False,24512.729940107958,False,False,False,False
2025-07-02 19:00:00+00:00,12.83,13.055,12.8,13.0,92512.0,,,,,,,,,,12.794150258489749,,,,,,,,,,,,10.392920126086315,,,"rgba(38, 166, 154, 1.0)",0.0,0.0,0.6429070589800809,10.839586027860555,3.3603830319840684,0.0,0.0,0.0,0.0,0.0,0.0,0.0,0.0,70.63153340161801,16.197332560513587,True,False,True,False,True,20.0,0,1.0757014293276868,0.8678313040409388,False,False,False,False,0.3428282351900184,0.33920382101615676,False,False,False,False,968092.0,867167.8087777048,False,False,False,False,25566.982189098533,False,False,False,False
2025-07-03 14:00:00+00:00,12.895,13.07,12.75,12.92,29158.0,,,,,,,,,,12.809908672900248,,,,,,,,,,,,10.409962716974134,,,"rgba(38, 166, 154, 1.0)",0.0,0.0,0.6677617784754701,10.859642366376574,3.0854680516865067,0.0,0.0,0.0,0.0,0.0,0.0,0.0,0.0,70.55695636300439,16.36969270009932,True,False,True,False,True,19.117775058301017,0,1.0751840168243953,0.8678583946722747,False,False,False,False,0.33946751312967105,0.3393356670729139,False,False,False,False,938934.0,868280.4629051823,False,False,False,False,25622.65688384119,False,False,False,False
2025-07-03 15:00:00+00:00,12.92,13.055,12.88,13.005,26249.0,,,,,,,,,,12.82800097254584,,,,,,,,,,,,10.425512441340691,,,"rgba(38, 166, 154, 1.0)",0.0,0.0,0.6952145757291311,10.877925474232159,3.05959426057343,0.0,0.0,0.0,0.0,0.0,0.0,0.0,0.0,71.08867505746258,17.17376986567548,True,False,True,False,True,19.806014539410498,0,1.0812751795410755,0.8681029952706254,False,False,False,False,0.3428282353875817,0.3410819512302478,False,False,False,False,965183.0,869782.8278213809,False,False,False,False,25632.367629828146,False,False,False,False
2025-07-03 16:00:00+00:00,13.005,13.125,12.97,13.005,43344.0,,,,,,,,,,12.85867778394383,,,,,,,,,,,,10.451308885527977,,,"rgba(38, 166, 154, 1.0)",0.0,0.0,0.7202920266138816,11.06781211728567,2.689447906040444,0.0,0.0,0.0,0.0,0.0,0.0,0.0,0.0,71.44315418710137,17.823706711537383,True,False,True,False,True,19.806014539410498,0,1.0868342415187202,0.8664088592019686,False,False,False,False,0.34282823577077226,0.34195509350051,False,False,False,False,965183.0,871261.9002582587,False,False,False,False,25906.966581303677,False,False,False,False
2025-07-03 17:00:00+00:00,13.005,13.005,13.005,13.005,0.0,,,,,,,,,,12.85867778394383,,,,,,,,,,,,10.451308885527977,,,"rgba(38, 166, 154, 1.0)",0.0,0.0,0.7421904214024525,11.06781211728567,2.610095504943053,0.0,0.0,0.0,0.0,0.0,0.0,0.0,0.0,71.67947360686057,18.370265026726017,True,False,True,False,True,19.806014539410498,0,1.0806794055201698,0.8752653927813163,False,False,False,False,0.3349247734999572,0.3384399335002336,False,False,False,False,965183.0,872718.041339526,False,False,False,False,25505.308184694317,False,False,False,False
2025-07-03 18:00:00+00:00,13.005,13.005,13.005,13.005,0.0,,,,,,,,,,12.85867778394383,,,,,,,,,,,,10.451308885527977,,,"rgba(38, 166, 154, 1.0)",0.0,0.0,0.7614968545301991,11.06781211728567,2.54392105652159,0.0,0.0,0.0,0.0,0.0,0.0,0.0,0.0,71.83701988670003,18.84297791486175,True,False,True,False,True,19.806014539410498,0,1.080334877092982,0.8754898468115424,False,False,False,False,0.3349247734999572,0.3366823535000954,False,False,False,False,965183.0,874151.6065900759,False,False,False,False,25109.877050047893,False,False,False,False
2025-07-03 19:00:00+00:00,13.005,13.005,13.005,13.005,0.0,,,,,,,,,,12.85867778394383,,,,,,,,,,,,10.451308885527977,,,"rgba(38, 166, 154, 1.0)",0.0,0.0,0.7783655663985157,11.06781211728567,2.4887892866043226,0.0,0.0,0.0,0.0,0.0,0.0,0.0,0.0,71.94205073992634,19.258973990948576,True,False,True,False,True,19.806014539410498,0,1.0801287783938474,0.8728313360758362,False,False,False,False,0.3349247734999572,0.33580356350002627,False,False,False,False,965183.0,875562.9460227878,False,False,False,False,24720.576630667307,False,False,False,False
2025-07-04 14:00:00+00:00,13.005,13.005,13.005,13.005,0.0,,,,,,,,,,12.85867778394383,,,,,,,,,,,,10.451308885527977,,,"rgba(38, 166, 154, 1.0)",0.0,0.0,0.7938731148757018,11.06781211728567,2.4401731793343835,0.0,0.0,0.0,0.0,0.0,0.0,0.0,0.0,72.01207130874388,19.628333315474194,True,False,True,False,True,19.806014539410498,0,1.081731632836357,0.8712053170468835,False,False,False,False,0.3349247734999572,0.33536416849999173,False,False,False,False,965183.0,876952.4042239848,False,False,False,False,24337.311876703472,False,False,False,False
2025-07-04 15:00:00+00:00,13.005,13.005,13.005,13.005,0.0,,,,,,,,,,12.85867778394383,,,,,,,,,,,,10.451308885527977,,,"rgba(38, 166, 154, 1.0)",0.0,0.0,0.8070210040022668,11.06781211728567,2.4004181714072095,0.0,0.0,0.0,0.0,0.0,0.0,0.0,0.0,72.05875168795558,19.957271980148676,True,False,True,False,True,19.806014539410498,0,1.0805986296429861,0.8716191849981967,False,False,False,False,0.3349247734999572,0.33514447099997446,False,False,False,False,965183.0,878320.3204375664,False,False,False,False,23959.989211948377,False,False,False,False
2025-07-04 16:00:00+00:00,13.005,13.005,13.005,13.005,0.0,,,,,,,,,,12.85867778394383,,,,,,,,,,,,10.451308885527977,,,"rgba(38, 166, 154, 1.0)",0.0,0.0,0.8172704129771573,11.06781211728567,2.370314466245673,0.0,0.0,0.0,0.0,0.0,0.0,0.0,0.0,72.08987194076337,20.24998469868416,True,False,True,False,True,19.806014539410498,0,1.0842124408875955,0.8724990905783921,False,False,False,False,0.3349247734999572,0.33503462224996583,False,False,False,False,965183.0,879667.0286478365,False,False,False,False,23588.516510987938,False,False,False,False
2025-07-04 17:00:00+00:00,13.005,13.005,13.005,13.005,0.0,,,,,,,,,,12.85867778394383,,,,,,,,,,,,10.451308885527977,,,"rgba(38, 166, 154, 1.0)",0.0,0.0,0.830159677465736,11.06781211728567,2.3335123775561684,0.0,0.0,0.0,0.0,0.0,0.0,0.0,0.0,72.11061877596856,20.509671518117713,True,False,True,False,True,19.806014539410498,0,1.079809628409299,0.8742449203734209,False,False,False,False,0.3349247734999572,0.3349796978749615,False,False,False,False,965183.0,880992.8576610483,False,False,False,False,23222.803076709053,False,False,False,False
2025-07-04 18:00:00+00:00,13.005,13.005,13.005,13.005,0.0,,,,,,,,,,12.85867778394383,,,,,,,,,,,,10.451308885527977,,,"rgba(38, 166, 154, 1.0)",0.0,0.0,0.8416691642099681,11.06781211728567,2.3016025358760426,0.0,0.0,0.0,0.0,0.0,0.0,0.0,0.0,72.1244499994387,20.739079099461023,True,False,True,False,True,19.806014539410498,0,1.0772920125438112,0.8776978417266187,False,False,False,False,0.3349247734999572,0.33495223568745935,False,False,False,False,965183.0,882298.1311856831,False,False,False,False,22862.759618155425,False,False,False,False
2025-07-04 19:00:00+00:00,13.005,13.005,13.005,13.005,0.0,,,,,,,,,,12.85867778394383,,,,,,,,,,,,10.451308885527977,,,"rgba(38, 166, 154, 1.0)",0.0,0.0,0.8539058802070494,11.06781211728567,2.2686199118860912,0.0,0.0,0.0,0.0,0.0,0.0,0.0,0.0,72.13367081508545,20.940761538581043,True,False,True,False,True,19.80601453941051,0,1.0818637460553184,0.8713569704844997,False,False,False,False,0.3349247734999572,0.3349385045937083,False,False,False,False,965183.0,883583.1679114864,False,False,False,False,22508.298228726657,False,True,False,False
2025-07-07 14:00:00+00:00,12.945,12.95,12.335,12.39,48315.0,,,,,,,,,,12.81580046626521,,,,,,,,,,,,10.474288468683708,,,"rgba(239, 83, 80, 1.0)",0.0,0.0,0.854674971147646,11.076856104360917,1.5364248866160328,0.0,0.0,0.0,0.0,0.0,0.0,0.0,0.0,57.49109453936274,9.977369633356354,False,True,True,False,False,10.31208888227847,0,1.0629102844638951,0.8692560175054704,False,False,False,False,0.2690196504844185,0.3019790775390634,False,False,False,False,916868.0,884099.2118198354,False,False,False,False,22908.402132157247,False,False,False,False
2025-07-07 15:00:00+00:00,12.385,12.415,12.18,12.28,32232.0,,,,,,,,,,12.770223368207498,,,,,,,,,,,,10.487415749536675,,,"rgba(239, 83, 80, 1.0)",0.0,0.0,0.8529675437146208,11.080937844510522,1.4057535533739485,0.0,0.0,0.0,0.0,0.0,0.0,0.0,0.0,46.702892048230254,0.9962905107704643,False,True,False,True,False,8.780838767676155,0,1.0666423224392918,0.8824173817783458,False,False,False,False,0.1956229273185349,0.24880100242879916,False,False,False,False,884636.0,884107.5341172022,False,False,False,False,23052.95403708504,False,False,False,False
2025-07-07 16:00:00+00:00,12.28,12.39,11.975,12.005,21246.0,,,,,,,,,,12.73515471585458,,,,,,,,,,,,10.495167824012123,,,"rgba(239, 83, 80, 1.0)",0.0,0.0,0.8486554124077283,11.08241711420979,1.0871112966483565,0.0,0.0,0.0,0.0,0.0,0.0,0.0,0.0,37.54314182535391,-6.2626616724500295,False,True,False,True,False,5.112658784083095,0,1.0537357379462644,0.8949208686050791,False,False,False,False,0.17391633253488714,0.21135866748184315,False,False,False,False,863390.0,883786.3320378658,False,False,False,False,23024.939245812406,False,False,False,False
2025-07-07 17:00:00+00:00,12.0,12.1,11.955,12.0,15906.0,,,,,,,,,,12.707196751982503,,,,,,,,,,,,10.50055237404994,,,"rgba(239, 83, 80, 1.0)",0.0,0.0,0.8440220365595441,11.08298888839079,1.08647768883759,0.0,0.0,0.0,0.0,0.0,0.0,0.0,0.0,31.405997216421497,-10.817348935197302,False,True,False,True,False,5.047635982428062,0,1.0500554118950869,0.9089397857406724,False,False,False,False,0.14491049669432496,0.17813458208808405,False,False,False,False,847484.0,883223.5051845654,False,False,False,False,22914.568094714537,False,False,False,False
2025-07-07 18:00:00+00:00,11.995,12.005,11.76,11.985,23032.0,,,,,,,,,,12.664937290627057,,,,,,,,,,,,10.507764343513458,,,"rgba(239, 83, 80, 1.0)",0.0,0.0,0.8390217276443925,11.08309043914191,1.0749537600060226,0.0,0.0,0.0,0.0,0.0,0.0,0.0,0.0,27.213271972848016,-13.889095106790194,False,True,False,True,False,4.849241082097933,0,1.0443622920517561,0.9116451016635859,False,False,False,False,0.1179944515107978,0.14806451679944094,False,False,False,False,824452.0,882312.3190576729,False,False,False,False,22916.388744408883,False,False,False,False
2025-07-07 19:00:00+00:00,11.985,11.985,11.725,11.905,42663.0,,,,,,,,,,12.593464480735834,,,,,,,,,,,,10.520510546927,,,"rgba(239, 83, 80, 1.0)",0.0,0.0,0.8334420649784826,11.179445856031872,0.8705513849806213,0.0,0.0,0.0,0.0,0.0,0.0,0.0,0.0,23.87204558777309,-16.53467756410452,False,True,False,True,False,3.7865507396487885,0,1.0437178545187364,0.905584129316679,False,False,False,False,0.11290998997494081,0.13048725338719086,False,False,False,False,781789.0,880753.8179870112,False,False,False,False,23222.53775612347,False,False,False,False
2025-07-08 14:00:00+00:00,11.905,12.22,11.835,12.15,21116.0,,,,,,,,,,12.571046326303824,,,,,,,,,,,,10.527637023804257,,,"rgba(239, 83, 80, 1.0)",0.0,0.0,0.8287272451456922,11.185933923477638,1.1633092578643018,0.0,0.0,0.0,0.0,0.0,0.0,0.0,0.0,28.011003364982315,-16.53467756410452,False,True,False,True,True,6.630038090402163,0,1.052890753237279,0.895859930694875,False,False,False,False,0.14491049669432496,0.1376988750407579,False,False,False,False,802905.0,879546.8595686078,False,False,False,False,23189.878256028533,False,False,False,False
2025-07-08 15:00:00+00:00,12.135,12.35,11.96,12.075,18934.0,,,,,,,,,,12.554724418750315,,,,,,,,,,,,10.53421820800473,,,"rgba(239, 83, 80, 1.0)",0.0,0.0,0.8231952304206508,11.191761639465598,1.0729391132199202,0.0,0.0,0.0,0.0,0.0,0.0,0.0,0.0,29.880207338697428,-16.53467756410452,False,True,False,True,True,5.624438505289817,0,1.056688933020401,0.8895107420111933,False,False,False,False,0.16770207649783445,0.15270047576929618,False,False,False,False,783971.0,878065.0632962262,False,False,False,False,23123.895647407935,False,False,False,False
2025-07-08 16:00:00+00:00,12.075,12.13,11.975,12.01,9746.0,,,,,,,,,,12.545107256579447,,,,,,,,,,,,10.537394658456222,,,"rgba(239, 83, 80, 1.0)",0.0,0.0,0.8170201018621069,11.193483260279773,0.9993839048259238,0.0,0.0,0.0,0.0,0.0,0.0,0.0,0.0,30.376175622740156,-16.53467756410452,False,True,False,True,True,4.755554024895563,0,1.0600616947922339,0.9011068771547811,False,False,False,False,0.1281683037608788,0.1404343897650875,False,False,False,False,774225.0,876455.1398342692,False,False,False,False,22916.486412564398,False,False,False,False
2025-07-08 17:00:00+00:00,12.005,12.11,11.96,12.09,12140.0,,,,,,,,,,12.533957482411958,,,,,,,,,,,,10.541372009907779,,,"rgba(239, 83, 80, 1.0)",0.0,0.0,0.8047314027863899,11.195763872149225,1.1112231046961432,0.0,0.0,0.0,0.0,0.0,0.0,0.0,0.0,32.64742549987879,-16.53467756410452,False,True,False,True,True,5.693589575010762,0,1.0529227364927163,0.918679697584363,False,False,False,False,0.12110584565476573,0.1307701177099266,False,False,False,False,786365.0,875058.3934802496,False,False,False,False,22749.409103842467,False,False,False,False
2025-07-08 18:00:00+00:00,12.085,12.34,12.08,12.215,11326.0,,,,,,,,,,12.52728148994864,,,,,,,,,,,,10.545450520032167,,,"rgba(239, 83, 80, 1.0)",0.0,0.0,0.7947156554220464,11.199547157329768,1.2777561832866622,0.0,0.0,0.0,0.0,0.0,0.0,0.0,0.0,36.87835386661099,-22.43268071170978,False,True,False,True,True,7.138447184627562,0,1.0504434589800444,0.9068736141906872,False,False,False,False,0.15078997543365977,0.1407800465717932,False,False,False,False,797691.0,873858.8990076876,False,False,False,False,22572.301985953436,False,False,False,False
2025-07-08 19:00:00+00:00,12.205,12.305,12.115,12.245,34109.0,,,,,,,,,,12.509336055047136,,,,,,,,,,,,10.55768678726714,,,"rgba(239, 83, 80, 1.0)",0.0,0.0,0.7851158002611711,11.21019310130086,1.3180309176747023,0.0,0.0,0.0,0.0,0.0,0.0,0.0,0.0,40.315708007249924,-18.847121968949928,False,True,False,True,True,7.483153277995118,0,1.0415973377703829,0.9142170456646331,False,False,False,False,0.15078997543365977,0.14578501100272648,False,False,False,False,831800.0,873206.82305408,False,False,False,False,22751.165521054932,False,False,False,False
2025-07-09 14:00:00+00:00,12.28,12.295,12.04,12.065,22764.0,,,,,,,,,,12.495156722129455,,,,,,,,,,,,10.565325965141108,,,"rgba(239, 83, 80, 1.0)",0.0,0.0,0.7725397275419236,11.215166289259159,1.100051790792497,0.0,0.0,0.0,0.0,0.0,0.0,0.0,0.0,39.68165098979397,-18.847121968949928,False,True,False,True,True,4.9953552813636435,0,1.0410605781624012,0.9103295893942183,False,False,False,False,0.13807410001275652,0.1419295555077415,False,False,False,False,809036.0,872211.9265726213,False,False,False,False,22751.364505224625,False,False,False,False
2025-07-09 15:00:00+00:00,12.06,12.07,11.88,11.975,10099.0,,,,,,,,,,12.486597718603923,,,,,,,,,,,,10.56835150724566,,,"rgba(239, 83, 80, 1.0)",0.0,0.0,0.7595846838186051,11.216135033926644,0.9990524851796229,0.0,0.0,0.0,0.0,0.0,0.0,0.0,0.0,38.046229098312715,-18.847121968949928,False,True,False,True,True,3.7830099172963685,1,1.0332781761353191,0.9207574921860635,False,False,False,False,0.06621962721394402,0.10407459136084277,False,False,False,False,798937.0,871075.8811994024,False,False,False,False,22555.20381522114,False,False,False,False
2025-07-09 16:00:00+00:00,11.97,12.015,11.915,11.965,10295.0,,,,,,,,,,12.477992771319881,,,,,,,,,,,,10.571400598558085,,,"rgba(239, 83, 80, 1.0)",0.0,0.0,0.7492299169603324,11.217091923644471,0.9982357343521915,0.0,0.0,0.0,0.0,0.0,0.0,0.0,0.0,36.82032091913433,-18.847121968949928,False,True,False,True,True,3.647871144440309,1,1.0302295204329168,0.933756297816757,False,False,False,False,0.06374882989528706,0.0839117106280649,False,False,False,False,788642.0,869797.8365296442,False,False,False,False,22365.123135915383,False,False,False,False
2025-07-09 17:00:00+00:00,11.975,12.165,11.89,12.125,17040.0,,,,,,,,,,12.46688249709086,,,,,,,,,,,,10.576760266748032,,,"rgba(239, 83, 80, 1.0)",0.0,0.0,0.7387027953241665,11.219899712921388,1.2252563450520386,0.0,0.0,0.0,0.0,0.0,0.0,0.0,0.0,39.80894074746179,-17.69123897313957,False,True,False,True,True,5.591676887406756,1,1.0259715994020928,0.9316143497757847,False,False,False,False,0.07920527551891905,0.08155849307349197,False,False,False,False,805682.0,868803.7925524404,False,False,False,False,22282.56308729654,False,False,False,False
2025-07-09 18:00:00+00:00,12.13,12.195,12.08,12.14,26844.0,,,,,,,,,,12.453678079607624,,,,,,,,,,,,10.585567584120351,,,"rgba(239, 83, 80, 1.0)",0.0,0.0,0.7233183541438435,11.225728316768997,1.2639962445211033,0.0,0.0,0.0,0.0,0.0,0.0,0.0,0.0,42.126951971907225,-15.0938894911327,False,True,False,True,True,5.772091759914193,1,1.0314018691588784,0.925233644859813,False,False,False,False,0.10650525457980964,0.0940318738266508,False,False,False,False,832526.0,868241.3461562785,False,False,False,False,22353.28303943148,False,False,False,False
2025-07-09 19:00:00+00:00,12.14,12.19,11.98,12.105,53767.0,,,,,,,,,,12.426707792186802,,,,,,,,,,,,10.60239141462461,,,"rgba(239, 83, 80, 1.0)",0.0,0.0,0.7049101405897229,11.235524782496615,1.2334553972737414,0.0,0.0,0.0,0.0,0.0,0.0,0.0,0.0,42.96835575149945,-13.869015946138788,False,True,False,True,True,5.275278345821068,1,1.0266641804959913,0.9272795077382062,False,False,False,False,0.09345846600718086,0.09374516991691584,False,False,False,False,778759.0,866854.0229600571,False,False,False,False,22840.31741091316,False,False,False,False
2025-07-10 14:00:00+00:00,12.29,12.45,12.17,12.31,34035.0,,,,,,,,,,12.421451734839346,,,,,,,,,,,,10.61438114803024,,,"rgba(38, 166, 154, 1.0)",0.0,0.0,0.6903233150337568,11.245871430551333,1.541493016785377,0.0,0.0,0.0,0.0,0.0,0.0,0.0,0.0,47.76033265298818,-9.037321217036315,False,False,False,False,True,7.74757001507006,1,1.0282705099778273,0.9170362158167036,False,False,False,False,0.1496534157028378,0.12169929280987682,False,False,False,False,812794.0,866015.8830692036,False,False,False,False,23013.878381286602,False,False,False,False
2025-07-10 15:00:00+00:00,12.305,12.67,12.3,12.58,24348.0,,,,,,,,,,12.424423615989557,,,,,,,,,,,,10.623888475617687,,,"rgba(38, 166, 154, 1.0)",0.0,0.0,0.6789256682899671,11.255762642430573,1.950489456238748,0.0,0.0,0.0,0.0,0.0,0.0,0.0,0.0,54.56109123154406,-2.619312931862254,False,False,True,False,True,10.806622780721533,0,1.0315654248485961,0.9139291613140025,False,False,False,False,0.19400069341752685,0.15784999311370185,False,False,False,False,837142.0,865568.2259673554,False,False,False,False,23034.562437390687,False,False,False,False
2025-07-10 16:00:00+00:00,12.585,12.675,12.51,12.565,20483.0,,,,,,,,,,12.428489459656735,,,,,,,,,,,,10.632092442848794,,,"rgba(38, 166, 154, 1.0)",0.0,0.0,0.6669003396782595,11.264526395811384,1.9500269032941542,0.0,0.0,0.0,0.0,0.0,0.0,0.0,0.0,58.74039656436345,1.1843178464470867,True,False,True,False,True,10.585932709751308,0,1.0354097144975902,0.924916573971079,False,False,False,False,0.2216101272250547,0.18973006016937827,False,False,False,False,816659.0,864809.9433942181,False,False,False,False,22995.00332983424,False,False,False,False
2025-07-10 17:00:00+00:00,12.565,12.745,12.55,12.62,7867.0,,,,,,,,,,12.430531504017273,,,,,,,,,,,,10.63531345020289,,,"rgba(38, 166, 154, 1.0)",0.0,0.0,0.6587462497969426,11.268048601423198,2.0523098218677345,0.0,0.0,0.0,0.0,0.0,0.0,0.0,0.0,62.18981354094184,4.350604559197862,True,False,True,False,True,11.199876847673671,0,1.039636969809224,0.916466012224486,False,False,False,False,0.23586292606264103,0.21279649311600965,False,False,False,False,824526.0,864185.3861322922,False,False,False,False,22760.460642549984,False,False,False,False
2025-07-10 18:00:00+00:00,12.62,12.68,12.565,12.595,11995.0,,,,,,,,,,12.433204165909943,,,,,,,,,,,,10.640143688626631,,,"rgba(38, 166, 154, 1.0)",0.0,0.0,0.6465290695999303,11.27318046859312,2.044485845353895,0.0,0.0,0.0,0.0,0.0,0.0,0.0,0.0,63.79862189213188,5.930897065688981,True,False,True,False,True,10.82048295803044,0,1.0411086309523812,0.9200148809523808,False,False,False,False,0.22937304528050906,0.22108476919825937,False,False,False,False,812531.0,863384.5429364427,False,False,False,False,22593.55427599882,False,False,False,False
2025-07-10 19:00:00+00:00,12.595,12.655,12.48,12.64,37210.0,,,,,,,,,,12.440079371742238,,,,,,,,,,,,10.654815830193971,,,"rgba(38, 166, 154, 1.0)",0.0,0.0,0.6365017851683021,11.288151372866027,2.1238724833686384,0.0,0.0,0.0,0.0,0.0,0.0,0.0,0.0,65.50075783180269,7.759278263843115,True,False,True,False,True,11.335154088978705,0,1.0308034885878643,0.9237335312673967,False,False,False,False,0.2151610821714204,0.21812292568483987,False,False,False,False,849741.0,863173.0151389784,False,False,False,False,22820.165837611243,False,False,False,False
2025-07-11 14:00:00+00:00,12.49,12.645,12.4,12.505,12382.0,,,,,,,,,,12.441169359921444,,,,,,,,,,,,10.659462167089881,,,"rgba(38, 166, 154, 1.0)",0.0,0.0,0.6206838861178844,11.292513952247997,1.953467900279467,0.0,0.0,0.0,0.0,0.0,0.0,0.0,0.0,62.915458107573805,7.759278263843115,True,False,True,False,True,9.266520350457192,0,1.032962962962963,0.922037037037037,False,False,False,False,0.20359669353985868,0.2108598096123493,False,False,False,False,837359.0,862772.797850002,False,False,False,False,22658.333809121144,False,False,False,False
2025-07-11 15:00:00+00:00,12.505,12.55,12.405,12.535,6416.0,,,,,,,,,,12.441575634383012,,,,,,,,,,,,10.661834827781965,,,"rgba(38, 166, 154, 1.0)",0.0,0.0,0.6045922756864592,11.29468719904743,2.051486350109762,0.0,0.0,0.0,0.0,0.0,0.0,0.0,0.0,61.74005026725971,7.759278263843115,True,False,True,False,False,9.621734892940808,0,1.0373935579415035,0.9192891521658645,False,False,False,False,0.19208577479807173,0.20147279220521053,False,False,False,False,843775.0,862478.2583484515,False,False,False,False,22406.514680297558,False,False,False,False
2025-07-11 16:00:00+00:00,12.53,12.57,12.48,12.56,4345.0,,,,,,,,,,12.442044733760687,,,,,,,,,,,,10.66347310057106,,,"rgba(38, 166, 154, 1.0)",0.0,0.0,0.5885965289345367,11.296235523713879,2.147081088931594,0.0,0.0,0.0,0.0,0.0,0.0,0.0,0.0,61.432931413077455,7.759278263843115,True,False,True,False,False,9.920781666510361,0,1.0489849133916933,0.9161855094058483,False,False,False,False,0.20423772502073728,0.2028552586129739,False,False,False,False,848120.0,862255.6496918864,False,False,False,False,22126.491196882092,False,False,False,False
2025-07-11 17:00:00+00:00,12.56,12.665,12.54,12.625,6790.0,,,,,,,,,,12.443329617169393,,,,,,,,,,,,10.666127532909652,,,"rgba(38, 166, 154, 1.0)",0.0,0.0,0.5652765248526246,11.298882375682663,2.3459626678519414,0.0,0.0,0.0,0.0,0.0,0.0,0.0,0.0,62.44733078019061,7.759278263843115,True,False,True,False,False,10.70107290032534,0,1.0552124274752013,0.91259591989519,False,False,False,False,0.22419480366173147,0.2135250311373527,False,False,False,False,854910.0,862141.7636501517,False,False,False,False,21888.71613956609,False,False,False,False
2025-07-11 18:00:00+00:00,12.635,12.98,12.58,12.87,24228.0,,,,,,,,,,12.453072727478784,,,,,,,,,,,,10.676508788862117,,,"rgba(38, 166, 154, 1.0)",0.0,0.0,0.5443043167099623,11.310460388780857,2.865197947805653,0.0,0.0,0.0,0.0,0.0,0.0,0.0,0.0,66.48152325049045,10.178656511042249,True,False,True,False,True,13.535500707455935,0,1.0546599962942378,0.8986473967018714,False,False,False,False,0.2706015683917819,0.2420632997645673,False,False,False,False,879138.0,862405.2711904593,False,False,False,False,21924.984106394524,False,False,False,False
2025-07-11 19:00:00+00:00,12.865,13.0,12.785,12.8,45008.0,,,,,,,,,,12.472293041039578,,,,,,,,,,,,10.695990034051551,,,"rgba(38, 166, 154, 1.0)",0.0,0.0,0.5241537581302563,11.466527005014795,2.5440492876401875,0.0,0.0,0.0,0.0,0.0,0.0,0.0,0.0,67.09512512898881,11.0758293662835,True,False,True,False,True,12.412088725658172,0,1.058324104835733,0.9012550756736804,False,False,False,False,0.30060252631018125,0.2713329130373743,False,False,False,False,834130.0,861966.8948929327,False,False,False,False,22282.86032179926,False,False,False,False
2025-07-14 14:00:00+00:00,12.525,12.85,12.485,12.845,11244.0,,,,,,,,,,12.475247635093723,,,,,,,,,,,,10.700502766518806,,,"rgba(38, 166, 154, 1.0)",0.0,0.0,0.5065332179638462,11.469522484277592,2.7154734713184863,0.0,0.0,0.0,0.0,0.0,0.0,0.0,0.0,68.10577610904727,12.407672503959773,True,False,True,False,True,12.928743608183897,0,1.0471386647101983,0.9103081438004401,False,False,False,False,0.2410688882881665,0.2562009006627704,False,False,False,False,845374.0,861709.6407085462,False,False,False,False,22111.715200531053,False,False,False,False
2025-07-14 15:00:00+00:00,12.85,12.9,12.685,12.715,7790.0,,,,,,,,,,12.477574008489151,,,,,,,,,,,,10.703678997438164,,,"rgba(38, 166, 154, 1.0)",0.0,0.0,0.5056244734069112,11.47222543083176,2.4579003480476174,0.0,0.0,0.0,0.0,0.0,0.0,0.0,0.0,65.12751201259915,12.407672503959773,True,False,True,False,False,10.839908827363146,1,1.0564441993013423,0.909542195256481,False,False,False,False,0.2739107141681828,0.26505580741547663,False,False,False,False,837584.0,861335.5997673284,False,False,False,False,21889.67310439879,False,False,False,False
2025-07-14 16:00:00+00:00,12.725,12.83,12.685,12.825,6108.0,,,,,,,,,,12.47945519694646,,,,,,,,,,,,10.706178653239164,,,"rgba(38, 166, 154, 1.0)",0.0,0.0,0.5043941330362093,11.47448422841733,2.677500952386611,0.0,0.0,0.0,0.0,0.0,0.0,0.0,0.0,64.90399905307939,12.407672503959773,True,False,True,False,False,12.129474808773672,1,1.0626038781163436,0.9052631578947368,False,False,False,False,0.2646596025050685,0.26485770496027256,False,False,False,False,843692.0,861062.0555848891,False,False,False,False,21644.996002005006,False,False,False,False
2025-07-14 17:00:00+00:00,12.825,12.85,12.615,12.635,11822.0,,,,,,,,,,12.482078838637747,,,,,,,,,,,,10.710813689142306,,,"rgba(38, 166, 154, 1.0)",0.0,0.0,0.5044532050011613,11.477906823247988,2.293757211334098,0.0,0.0,0.0,0.0,0.0,0.0,0.0,0.0,60.43620218354626,15.763776200547682,True,False,True,False,False,9.14848999995986,1,1.0535714285714288,0.9068483063328423,False,False,False,False,0.25807875207666403,0.2614682285184683,False,False,False,False,831870.0,860609.4655758211,False,False,False,False,21492.701490346015,False,False,False,False
2025-07-14 18:00:00+00:00,12.635,12.705,12.55,12.605,11457.0,,,,,,,,,,12.483650794203466,,,,,,,,,,,,10.715105274929886,,,"rgba(38, 166, 154, 1.0)",0.0,0.0,0.5023256454273077,11.480502154247864,2.238583389059447,0.0,0.0,0.0,0.0,0.0,0.0,0.0,0.0,56.86585274164512,12.370703001266989,True,False,True,False,False,8.687177560417975,1,1.0517209644763483,0.9116510215350635,False,False,False,False,0.2306694865710412,0.24606885754475474,False,False,False,False,820413.0,859986.2645591417,False,False,False,False,21337.10921917786,False,False,False,False
2025-07-14 19:00:00+00:00,12.605,12.71,12.4,12.47,36397.0,,,,,,,,,,12.485153887189611,,,,,,,,,,,,10.727950061903702,,,"rgba(38, 166, 154, 1.0)",0.0,0.0,0.4970307058144693,11.487086265040514,1.9775714527512254,0.0,0.0,0.0,0.0,0.0,0.0,0.0,0.0,52.022677824959956,7.9051083611425526,False,False,False,False,False,6.632247568949612,0,1.0459622779710678,0.9126533601904411,False,False,False,False,0.2119431892927367,0.2290060234187457,False,False,False,False,784016.0,858808.4310000852,False,False,False,False,21570.595897950298,False,False,False,False
2025-07-15 14:00:00+00:00,12.58,12.675,12.345,12.43,13954.0,,,,,,,,,,12.485129820609112,,,,,,,,,,,,10.732708889461371,,,"rgba(38, 166, 154, 1.0)",0.0,0.0,0.48599853557030737,11.48955313907789,1.935081676364557,0.0,0.0,0.0,0.0,0.0,0.0,0.0,0.0,48.127893889204216,4.406156974513955,False,False,False,True,False,6.030675427967864,0,1.0504385964912284,0.9113669590643274,False,False,False,False,0.2003939994657896,0.21470001144226764,False,False,False,False,770062.0,857432.5173411691,False,False,False,False,21452.50913984254,False,False,False,False
2025-07-15 15:00:00+00:00,12.43,12.64,12.43,12.575,10710.0,,,,,,,,,,12.485764652315243,,,,,,,,,,,,10.736478895699147,,,"rgba(38, 166, 154, 1.0)",0.0,0.0,0.4802186251363376,11.492068906012232,2.255079327005101,0.0,0.0,0.0,0.0,0.0,0.0,0.0,0.0,48.74113577535553,4.406156974513955,False,False,False,True,False,7.860813975855905,0,1.0543002915451896,0.9067055393586004,False,False,False,False,0.19651114050765503,0.20560557597496132,False,False,False,False,780772.0,856243.9821885928,False,False,False,False,21285.958610542657,False,False,False,False
2025-07-15 16:00:00+00:00,12.575,12.69,12.56,12.59,10206.0,,,,,,,,,,12.486974109325883,,,,,,,,,,,,10.740185312353914,,,"rgba(38, 166, 154, 1.0)",0.0,0.0,0.4753827286919929,11.494973859947034,2.303462187332532,0.0,0.0,0.0,0.0,0.0,0.0,0.0,0.0,49.457447904325754,4.406156974513955,False,False,False,False,False,8.048350756510267,0,1.0554941002949856,0.9170353982300885,False,False,False,False,0.22144981605737277,0.21352769601616706,False,False,False,False,790978.0,855232.1064957463,False,False,False,False,21114.176306503236,False,False,False,False
2025-07-15 17:00:00+00:00,12.59,12.61,12.38,12.405,8503.0,,,,,,,,,,12.486801899739262,,,,,,,,,,,,10.743018457041911,,,"rgba(38, 166, 154, 1.0)",0.0,0.0,0.4632552076202633,11.496516558975115,1.9610862999074605,0.0,0.0,0.0,0.0,0.0,0.0,0.0,0.0,46.479480066195435,2.6391813886379225,False,False,False,True,False,5.228077659521016,0,1.0485777613594385,0.9178056889545622,False,False,False,False,0.18550603437460556,0.1995168651953863,False,False,False,False,782475.0,854104.0893407735,False,False,False,False,20918.654193224113,False,False,False,False
2025-07-15 18:00:00+00:00,12.405,12.45,12.33,12.345,12363.0,,,,,,,,,,12.485542318158043,,,,,,,,,,,,10.746906734813678,,,"rgba(38, 166, 154, 1.0)",0.0,0.0,0.45453718665688914,11.498075818066095,1.8632670918808958,0.0,0.0,0.0,0.0,0.0,0.0,0.0,0.0,43.55966030675442,-0.2610955498254697,False,True,False,True,False,4.336444254916707,0,1.0449229626879526,0.9244477445702618,False,False,False,False,0.15682074873273077,0.17816880696405854,False,False,False,False,770112.0,852801.8864052576,False,False,False,False,20786.008391778778,False,False,False,False
2025-07-15 19:00:00+00:00,12.345,12.41,12.13,12.205,27311.0,,,,,,,,,,12.479782012125094,,,,,,,,,,,,10.754767775839621,,,"rgba(239, 83, 80, 1.0)",0.0,0.0,0.4428316134127544,11.499682162586861,1.5927449984374225,0.0,0.0,0.0,0.0,0.0,0.0,0.0,0.0,39.68067962004675,-3.986840528173495,False,True,False,True,False,2.2912205410725477,0,1.0289454277286136,0.9288348082595869,False,False,False,False,0.12434545337513546,0.151257130169597,False,False,False,False,742801.0,851096.4463059512,False,False,False,False,20887.171052371355,False,False,False,False
2025-07-16 14:00:00+00:00,12.44,12.48,12.305,12.345,10983.0,,,,,,,,,,12.478784770163527,,,,,,,,,,,,10.758175541021528,,,"rgba(239, 83, 80, 1.0)",0.0,0.0,0.42855941381688983,11.501361972381517,1.9685439181110702,0.0,0.0,0.0,0.0,0.0,0.0,0.0,0.0,40.43991357019219,-3.986840528173495,False,True,False,True,False,4.154818930415889,0,1.0341183015019473,0.9323196736510291,False,False,False,False,0.1575005842175506,0.1543788571935738,False,False,False,False,753784.0,849587.7262081845,False,False,False,False,20733.618012799707,False,False,False,False
2025-07-16 15:00:00+00:00,12.345,12.445,12.105,12.375,9227.0,,,,,,,,,,12.477411034683556,,,,,,,,,,,,10.76090700453363,,,"rgba(239, 83, 80, 1.0)",0.0,0.0,0.41508853934480083,11.59489135924923,1.8793788958426496,0.0,0.0,0.0,0.0,0.0,0.0,0.0,0.0,41.610029586830585,-3.986840528173495,False,True,False,True,False,4.549654023250071,0,1.0202877167097013,0.9315750645518258,False,False,False,False,0.12569292994337533,0.14003589356847457,False,False,False,False,763011.0,848245.4513832513,False,False,False,False,20555.22083430669,False,False,False,False
2025-07-16 16:00:00+00:00,12.375,12.39,12.25,12.35,13970.0,,,,,,,,,,12.47563397894743,,,,,,,,,,,,10.765081913317333,,,"rgba(239, 83, 80, 1.0)",0.0,0.0,0.4071629706697175,11.597185835269565,1.8489259067252026,0.0,0.0,0.0,0.0,0.0,0.0,0.0,0.0,41.93345786414962,-3.986840528173495,False,True,False,True,False,4.174436518917766,0,1.0348277139681366,0.929603556872916,False,False,False,False,0.13784127606006483,0.13893858481426968,False,False,False,False,749041.0,846707.3978734334,False,False,False,False,20453.12438726317,False,False,False,False
2025-07-16 17:00:00+00:00,12.35,12.445,12.315,12.44,14326.0,,,,,,,,,,12.47471038606762,,,,,,,,,,,,10.769530678465799,,,"rgba(239, 83, 80, 1.0)",0.0,0.0,0.403560449048145,11.600998198348753,2.078999078403625,0.0,0.0,0.0,0.0,0.0,0.0,0.0,0.0,44.294465226280806,-3.986840528173495,False,True,False,True,True,5.3807237332183036,0,1.0370370370370372,0.9255555555555555,False,False,False,False,0.1541028375690521,0.14652071119166088,False,False,False,False,763367.0,845415.2986815972,False,False,False,False,20358.130210716456,False,False,False,False
2025-07-16 18:00:00+00:00,12.44,12.58,12.4,12.495,12580.0,,,,,,,,,,12.474890280505774,,,,,,,,,,,,10.773635838840335,,,"rgba(239, 83, 80, 1.0)",0.0,0.0,0.39653161831590233,11.605446353213363,2.243335980531976,0.0,0.0,0.0,0.0,0.0,0.0,0.0,0.0,47.08439584200404,-8.380490603275383,False,False,False,True,True,6.112361453925839,1,1.0428491930996104,0.9217213874976812,False,False,False,False,0.1841335671338176,0.16532713916273922,False,False,False,False,775947.0,844338.2707950608,False,False,False,False,20237.539044658835,False,False,False,False
2025-07-16 19:00:00+00:00,12.495,12.5,12.34,12.38,32720.0,,,,,,,,,,12.473058249505597,,,,,,,,,,,,10.783698327117188,,,"rgba(239, 83, 80, 1.0)",0.0,0.0,0.3868331227606663,11.611307961516488,1.9871412070343906,0.0,0.0,0.0,0.0,0.0,0.0,0.0,0.0,46.41548142301086,-8.380490603275383,False,False,False,True,True,4.333539463162449,1,1.0410018552875697,0.9220779220779219,False,False,False,False,0.1649884555053646,0.1651577973340519,False,False,False,False,743227.0,842770.654193587,False,False,False,False,20431.065571098236,False,False,False,False
2025-07-17 14:00:00+00:00,12.42,12.56,12.37,12.49,25829.0,,,,,,,,,,12.473063959656033,,,,,,,,,,,,10.79187715098641,,,"rgba(239, 83, 80, 1.0)",0.0,0.0,0.37543815843719763,11.61745765749092,2.324064091250428,0.0,0.0,0.0,0.0,0.0,0.0,0.0,0.0,48.42661324993915,-6.703541813142039,False,False,False,False,True,5.814452631155497,1,1.0442101368849428,0.9158342582315944,False,False,False,False,0.1772814019422136,0.17121959963813274,False,False,False,False,769056.0,841627.7913378725,False,False,False,False,20514.75447697268,False,False,False,False
2025-07-17 15:00:00+00:00,12.48,12.51,12.355,12.41,11561.0,,,,,,,,,,12.472621500309351,,,,,,,,,,,,10.795407882397054,,,"rgba(239, 83, 80, 1.0)",0.0,0.0,0.3629317311028957,11.6195502234581,2.1779571991124618,0.0,0.0,0.0,0.0,0.0,0.0,0.0,0.0,48.03752428926803,-6.703541813142039,False,False,False,False,True,4.57686963820003,1,1.046386989465903,0.9157272223248937,False,False,False,False,0.16839805475923694,0.16980882719868484,False,False,False,False,757495.0,840323.406976045,False,False,False,False,20375.936578104887,False,False,False,False
2025-07-17 16:00:00+00:00,12.41,12.46,12.305,12.42,16289.0,,,,,,,,,,12.471627610737729,,,,,,,,,,,,10.800265610557046,,,"rgba(239, 83, 80, 1.0)",0.0,0.0,0.34778633287298133,11.622057655465017,2.294346468256438,0.0,0.0,0.0,0.0,0.0,0.0,0.0,0.0,48.01938731073329,-6.501574050508445,False,False,False,False,True,4.714159061119034,1,1.0513397039535322,0.9250515270751358,False,False,False,False,0.1547821020888095,0.16229546464374717,False,False,False,False,773784.0,839291.788263238,False,False,False,False,20312.573220304814,False,False,False,False
2025-07-17 17:00:00+00:00,12.415,12.43,12.32,12.395,9938.0,,,,,,,,,,12.470930285856614,,,,,,,,,,,,10.803190211595512,,,"rgba(239, 83, 80, 1.0)",0.0,0.0,0.33292314401333284,11.623490830787379,2.3173792002328426,0.0,0.0,0.0,0.0,0.0,0.0,0.0,0.0,47.412913257248164,-6.501574050508445,False,False,False,True,True,4.31968661216704,1,1.0358416213173205,0.9281291048977294,False,False,False,False,0.1527447310447931,0.15752009784427012,False,False,False,False,763846.0,838122.0861196219,False,False,False,False,20151.727123865978,False,False,False,False
2025-07-17 18:00:00+00:00,12.395,12.43,12.345,12.4,7303.0,,,,,,,,,,12.470481343517989,,,,,,,,,,,,10.805346058317996,,,"rgba(239, 83, 80, 1.0)",0.0,0.0,0.33200659387771336,11.62461195409041,2.3354597776307595,0.0,0.0,0.0,0.0,0.0,0.0,0.0,0.0,47.15730257507403,-6.501574050508445,False,False,False,True,True,4.390995754709785,1,1.0365486058779203,0.9297287113790506,False,False,False,False,0.1561410569984646,0.15683057742136736,False,False,False,False,771149.0,837083.7436991626,False,False,False,False,19952.52205217813,False,False,False,False
2025-07-17 19:00:00+00:00,12.39,12.5,12.38,12.45,17004.0,,,,,,,,,,12.470127985792965,,,,,,,,,,,,10.81050579110596,,,"rgba(239, 83, 80, 1.0)",0.0,0.0,0.3284463837933512,11.627906626008492,2.50297587233825,0.0,0.0,0.0,0.0,0.0,0.0,0.0,0.0,48.50439646894628,-5.054303293593179,False,False,False,False,True,5.110498761745994,1,1.0368411109011904,0.9282070659361421,False,False,False,False,0.17044567274298886,0.16363812508217812,False,False,False,False,788153.0,836325.1275177803,False,False,False,False,19906.80853198932,False,False,False,False
2025-07-18 14:00:00+00:00,12.35,12.41,12.18,12.295,17296.0,,,,,,,,,,12.46783967708476,,,,,,,,,,,,10.815247124128515,,,"rgba(239, 83, 80, 1.0)",0.0,0.0,0.3277617515294731,11.629335786908324,2.030939272155486,0.0,0.0,0.0,0.0,0.0,0.0,0.0,0.0,45.48862889363485,-5.054303293593179,False,True,False,True,False,2.6088887322576646,1,1.026400150858005,0.9324910428059588,False,False,False,False,0.1310874296135164,0.14736277734784725,False,False,False,False,770857.0,835310.1177888225,False,False,False,False,19866.330880330574,False,False,False,False
2025-07-18 15:00:00+00:00,12.29,12.35,12.215,12.31,6122.0,,,,,,,,,,12.46702863735979,,,,,,,,,,,,10.816914327941713,,,"rgba(239, 83, 80, 1.0)",0.0,0.0,0.3252860833726803,11.629855234891819,2.0909125839513387,0.0,0.0,0.0,0.0,0.0,0.0,0.0,0.0,43.969714174393786,-2.4638673505960043,False,True,False,True,False,2.8314306136243914,1,1.031391830559758,0.9305975794251135,False,False,False,False,0.12771499803158068,0.13753888768971395,False,False,False,False,776979.0,834405.7593734919,False,False,False,False,19653.24047908514,False,False,False,False
2025-07-18 16:00:00+00:00,12.31,12.355,12.165,12.18,5552.0,,,,,,,,,,12.466057010630054,,,,,,,,,,,,10.818363374239382,,,"rgba(239, 83, 80, 1.0)",0.0,0.0,0.32319180983720514,11.63010839861856,1.7014403974482684,0.0,0.0,0.0,0.0,0.0,0.0,0.0,0.0,40.33852626184946,-5.8689233273243175,False,True,False,True,False,0.7714731150705383,1,1.0262861434472401,0.9260232820127675,False,False,False,False,0.12165184238024068,0.12959536503497732,False,False,False,False,771427.0,833429.3444994842,False,False,False,False,19434.61659568847,False,False,False,False
2025-07-18 17:00:00+00:00,12.18,12.27,12.105,12.13,7101.0,,,,,,,,,,12.464482195452252,,,,,,,,,,,,10.820127448202001,,,"rgba(239, 83, 80, 1.0)",0.0,0.0,0.3259142787866458,11.630134019251704,1.5337345224924166,0.0,0.0,0.0,0.0,0.0,0.0,0.0,0.0,37.072354004869766,-8.815455936116841,False,True,False,True,False,0.0,0,1.023885053181564,0.9296510543011757,False,False,False,False,0.10217314012964783,0.11588425258231258,False,False,False,False,764326.0,832357.9748173216,False,False,False,False,19243.39773373981,False,False,False,False
2025-07-18 18:00:00+00:00,12.13,12.24,12.065,12.175,8311.0,,,,,,,,,,12.462608791088392,,,,,,,,,,,,10.822173545279005,,,"rgba(239, 83, 80, 1.0)",0.0,0.0,0.32646505545361976,11.630159774151682,1.6689082544876626,0.0,0.0,0.0,0.0,0.0,0.0,0.0,0.0,36.56290385480697,-9.233879298694106,False,True,False,True,False,0.6940471563498711,0,1.0222469410456063,0.9312198739340007,False,False,False,False,0.0927981085868305,0.10434118058457154,False,False,False,False,772637.0,831432.0682310066,False,False,False,False,19073.903195232215,False,False,False,False
2025-07-18 19:00:00+00:00,12.175,12.255,12.12,12.165,18900.0,,,,,,,,,,12.458709108059788,,,,,,,,,,,,10.82687259409434,,,"rgba(239, 83, 80, 1.0)",0.0,0.0,0.32846129120449274,11.63062270196094,1.6269110313713278,0.0,0.0,0.0,0.0,0.0,0.0,0.0,0.0,36.01365898615761,-9.83807121034775,False,True,False,True,False,0.5338501763360739,0,1.0241652831580892,0.9310090389227079,False,False,False,False,0.10217314012964783,0.10325716035710969,False,False,False,False,753737.0,830227.4935297507,False,False,False,False,19071.20702166272,False,False,False,False
2025-07-21 14:00:00+00:00,11.945,12.01,11.795,11.995,19640.0,,,,,,,,,,12.451282163585901,,,,,,,,,,,,10.830837403954298,,,"rgba(239, 83, 80, 1.0)",0.0,0.0,0.332537676521337,11.628216846548998,1.1029822463665009,0.0,0.0,0.0,0.0,0.0,0.0,0.0,0.0,32.70515327818769,-13.016823247183197,False,True,False,True,False,0.0,0,1.0143767060964515,0.935213830755232,False,False,False,False,0.026206988765672498,0.0647320745613911,False,False,False,False,734097.0,828737.0982812274,False,False,False,False,19080.025517450897,False,False,False,False
2025-07-21 15:00:00+00:00,12.0,12.0,11.535,11.575,14506.0,,,,,,,,,,12.443553450114443,,,,,,,,,,,,10.833140478836391,,,"rgba(239, 83, 80, 1.0)",0.0,0.0,0.345785761408269,11.624616292431798,-0.14348853529922043,0.0,0.0,0.0,0.0,0.0,0.0,0.0,0.0,26.91072724174331,-18.319885269442246,False,True,False,True,False,0.0,0,1.0048317823908375,0.9366499642090194,False,False,False,False,-0.009618399931949653,0.027556837314720722,False,False,False,False,719591.0,827044.9107109758,False,False,False,False,19009.11039314933,False,False,False,False
2025-07-21 16:00:00+00:00,11.57,11.62,11.455,11.57,15889.0,,,,,,,,,,12.433534409326217,,,,,,,,,,,11.54833333333333,10.835202356258689,,,"rgba(239, 83, 80, 1.0)",-1.0,11.545,0.3547853938306645,11.667424897228061,-0.2746023340367863,1.0,11.62,11.455,887.0,0.0,0.0,0.0,0.0,23.01970333787514,-21.698109313397566,False,True,False,True,False,0.0,0,1.0142857142857145,0.9538878842676313,True,False,False,False,-0.0707610938300412,-0.02160212825766024,False,False,False,False,703702.0,825132.6175216582,False,False,False,False,18960.736588604377,False,False,False,False
2025-07-21 17:00:00+00:00,11.57,11.72,11.56,11.715,9144.0,,,,,,,,,,12.428616153995463,,,,,,,,,,,11.59094908054701,10.83657681457651,,,"rgba(239, 83, 80, 1.0)",0.0,0.0,0.3599374695442063,11.667326157708157,0.13245034575648112,0.0,0.0,0.0,0.0,0.0,0.0,0.0,0.0,24.72202581261513,-21.698109313397566,False,True,False,True,False,0.0,0,1.01886108088502,0.9416031918752267,False,False,False,False,-0.043474616630766835,-0.03253837244421354,False,False,False,False,712846.0,823391.7397306247,False,False,False,False,18808.539122114387,False,False,False,False
2025-07-21 18:00:00+00:00,11.715,11.79,11.655,11.68,16396.0,,,,,,,,,,12.42044473674257,,,,,,,,,,,11.637405239486029,10.83915829190805,,,"rgba(239, 83, 80, 1.0)",0.0,0.0,0.3634621186748581,11.666276801679034,0.037756887488024374,0.0,0.0,0.0,0.0,0.0,0.0,0.0,0.0,25.485120849169757,-21.698109313397566,False,True,False,True,True,0.0,0,1.0177568400072476,0.9389382134444645,False,False,False,False,-0.02156114185817314,-0.027049757151193336,False,False,False,False,696450.0,821423.650742553,False,False,False,False,18771.135414794782,False,False,False,False
2025-07-21 19:00:00+00:00,11.68,11.705,11.515,11.53,50244.0,,,,,,,,,,12.392320405181074,,,,,,,,,,,11.607769590464658,10.84585052883537,,,"rgba(239, 83, 80, 1.0)",0.0,0.0,0.37039007925525785,11.652499734287092,-0.33073168302294337,0.0,0.0,0.0,0.0,0.0,0.0,0.0,0.0,24.548695249296525,-21.698109313397566,False,True,False,True,True,0.0,0,1.0130246020260494,0.9430173661360347,False,False,False,False,-0.05145240251465129,-0.03925107983292231,False,False,False,False,646206.0,818707.0980178623,False,False,False,False,19259.086803712693,False,False,False,False
2025-07-22 14:00:00+00:00,12.17,12.47,12.065,12.42,13056.0,,,,,,,,,12.318333333333333,12.39168007245801,,,,,,,,,,,11.696351742751926,10.84928340942618,,,"rgba(38, 166, 154, 1.0)",0.0,0.0,0.3632523506739851,11.659080280771365,2.0947413494140115,0.0,0.0,0.0,0.0,0.0,0.0,0.0,0.0,37.2558403182523,-19.226440295322874,False,True,False,True,True,4.366163262699164,0,1.0138815673871027,0.9228606571780003,False,False,False,False,0.12367188381713741,0.04221040199210755,False,False,False,False,659262.0,816235.0809943295,False,False,False,False,19162.91491528304,False,False,False,False
2025-07-22 15:00:00+00:00,12.425,12.45,12.275,12.34,9527.0,,,,,,,,,12.333801753531418,12.391449879529771,,,,,,,,,,,11.75127176399197,10.85184057902293,,,"rgba(38, 166, 154, 1.0)",0.0,0.0,0.35576504292253264,11.663553044810744,1.9013867962754043,0.0,0.0,0.0,0.0,0.0,0.0,0.0,0.0,44.688945218307765,-12.906091037466396,False,False,False,True,True,3.2727784583327413,0,1.0198768689533861,0.9277044854881267,False,False,False,False,0.1493518981869238,0.09578115008951567,False,False,False,False,649735.0,813653.6843897662,False,False,False,False,19013.52088558873,False,False,False,False
2025-07-22 16:00:00+00:00,12.34,12.575,12.34,12.56,14901.0,,,,,,,,,12.396557731298685,12.392424015099138,,,,,,,,,,,11.836692023403039,10.856184893490576,,,"rgba(38, 166, 154, 1.0)",0.0,0.0,0.3486463785803649,11.67151054165971,2.548397209683015,0.0,0.0,0.0,0.0,0.0,0.0,0.0,0.0,51.44115331053708,-7.237465915236406,True,False,True,False,True,5.942435798913973,0,1.0180987524160956,0.9274292742927428,False,False,False,False,0.1752289892358304,0.13550506966267303,False,False,False,False,664636.0,811343.3326938008,False,False,False,False,18949.76087185867,False,False,False,False
2025-07-22 17:00:00+00:00,12.56,12.825,12.55,12.78,23219.0,,,,,,,,,12.519637442410863,12.39728668912738,,,,,,,,,,,11.97103620867678,10.863840449379051,,,"rgba(38, 166, 154, 1.0)",0.0,0.0,0.3439808291325502,11.686397688996632,3.179253662947469,0.0,0.0,0.0,0.0,0.0,0.0,0.0,0.0,57.46618259274366,-2.1612878930191144,True,False,True,False,True,8.469219441162299,0,1.0307233146067416,0.9150280898876404,False,False,False,False,0.23892741152754968,0.18721624059511136,False,False,False,False,687855.0,809428.7849000983,False,False,False,False,19015.950625783342,False,False,False,False
2025-07-22 18:00:00+00:00,12.79,12.86,12.71,12.84,17005.0,,,,,,,,,12.581719192361147,12.401675708723518,,,,,,,,,,,12.054594651505578,10.869662528441582,,,"rgba(38, 166, 154, 1.0)",0.0,0.0,0.34030526836295316,11.69705893734066,3.3585758697109966,0.0,0.0,0.0,0.0,0.0,0.0,0.0,0.0,61.873736572314805,1.583344701632285,True,False,True,False,True,9.139847968575516,0,1.0413005272407734,0.9063268892794376,False,False,False,False,0.26456106267726187,0.2258886516361866,False,False,False,False,704860.0,807807.563428779,False,False,False,False,18984.77309670143,False,False,False,False
2025-07-22 19:00:00+00:00,12.845,13.04,12.845,12.98,57916.0,,,,,,,,,12.741122625788945,12.42132253400527,,,,,,,,,,,12.284020803911474,10.890766810758384,,,"rgba(38, 166, 154, 1.0)",0.0,0.0,0.33967402232338484,11.73336623558582,3.6700886216942723,0.0,0.0,0.0,0.0,0.0,0.0,0.0,0.0,65.70818496312324,5.021694241838546,True,False,True,False,True,10.683441369307364,0,1.043546971027217,0.9020193151887619,False,False,False,False,0.31032044513093615,0.26810454838356135,False,False,False,False,762776.0,807109.3996546895,False,False,False,False,19588.358009930864,False,False,False,False
2025-07-23 14:00:00+00:00,13.265,13.855,13.2,13.855,28472.0,,,,,,,,13.636666666666667,12.896506851680318,12.442173006980033,,,,,,,,,,,12.434596256778576,10.90436067694206,,,"rgba(38, 166, 154, 1.0)",0.0,0.0,0.37402771251557737,11.760975668339091,5.598580697609935,0.0,0.0,0.0,0.0,0.0,0.0,0.0,0.0,71.74362439228321,10.6275460925485,True,False,True,False,True,19.046939636567828,0,1.0424221690044475,0.8828258638385221,False,False,False,False,0.34282822840459204,0.3054663883940767,False,False,False,False,791248.0,806863.4864817485,False,False,False,False,19726.08889349783,False,False,False,False
2025-07-23 15:00:00+00:00,13.875,13.88,13.62,13.78,25751.0,,,,,,,,13.69523879780413,13.013631757854132,12.462308589408808,,,,,,,,,,,12.555832658425688,10.917089773059116,,,"rgba(38, 166, 154, 1.0)",0.0,0.0,0.4015460773711501,11.785844381397133,4.966193747074417,0.0,0.0,0.0,0.0,0.0,0.0,0.0,0.0,74.74953685125794,13.50257438740715,True,False,True,False,True,17.989329936099825,0,1.0548645425115013,0.8849889248594308,False,False,False,False,0.34282823028973974,0.3241473093419082,False,False,False,False,765497.0,806222.1456060624,False,False,False,False,19819.49836801724,False,False,False,False
2025-07-23 16:00:00+00:00,13.785,13.845,13.675,13.745,18054.0,,,,,,,,13.71016648910903,13.078011737958612,12.476009594357633,,,,,,,,,,,12.628101170328533,10.925931092398113,,,"rgba(38, 166, 154, 1.0)",0.0,0.0,0.42551841196219004,11.802188544074735,4.5657518013530645,0.0,0.0,0.0,0.0,0.0,0.0,0.0,0.0,76.24830302430794,15.217576576671888,True,False,True,False,True,17.49402218025164,0,1.0547781569965873,0.8931740614334469,False,False,False,False,0.3428282303680698,0.333487769854989,False,False,False,False,747443.0,805310.8410230225,False,False,False,False,19792.126300296044,False,False,False,False
2025-07-23 17:00:00+00:00,13.74,14.155,13.73,13.84,40496.0,,,,,,,,13.781326824683212,13.213378523090054,12.509270455048949,,,,,,,,,,,12.780552964585722,10.946627692399264,,,"rgba(38, 166, 154, 1.0)",0.0,0.0,0.45733370433089865,12.00002906287791,4.023256802850461,0.0,0.0,0.0,0.0,0.0,0.0,0.0,0.0,77.62241290047481,17.033895573504935,True,False,True,False,True,18.330056821063767,0,1.0578876100203114,0.8835477318889642,False,False,False,False,0.34282823171324567,0.33815800078411734,False,False,False,False,787939.0,805041.5101544484,False,False,False,False,20113.116590213933,False,False,False,False
2025-07-23 18:00:00+00:00,13.84,14.03,13.64,13.675,21944.0,,,,,,,,13.781382181412392,13.259507356758071,12.525082482131708,,,,,,,,,,,12.841236913489533,10.957248692735641,,,"rgba(38, 166, 154, 1.0)",0.0,0.0,0.4798725712984531,12.014792386425103,3.459684326367434,0.0,0.0,0.0,0.0,0.0,0.0,0.0,0.0,75.97315469503812,17.033895573504935,True,False,True,False,True,15.985726468959463,0,1.0540540540540544,0.8876951485647138,False,False,False,False,0.31861366694971316,0.3283858338669152,False,False,False,False,765995.0,804436.137903992,False,False,False,False,20141.502379512942,False,False,False,False
2025-07-23 19:00:00+00:00,13.675,13.74,13.54,13.62,61439.0,,,,,,,,13.735011062623627,13.328732428115018,12.562345503178873,,,,,,,,,,,12.956162565070187,10.985026821143569,,,"rgba(38, 166, 154, 1.0)",0.0,0.0,0.49664339083245773,12.048431838692768,3.1643794930463476,0.0,0.0,0.0,0.0,0.0,0.0,0.0,0.0,74.0339209001927,17.033895573504935,True,False,True,False,True,15.21494997375008,0,1.051445864156019,0.8999663752521855,False,False,False,False,0.27557485136605553,0.3019803426164854,False,False,False,False,704556.0,802887.6086341626,False,False,False,False,20781.773660450726,False,False,False,False
2025-07-24 14:00:00+00:00,13.805,13.89,13.66,13.71,21691.0,,,,,,,,13.736835408949094,13.354788365476473,12.576317476190766,,,,,,,,,,,12.995007143755728,10.99513479466942,,,"rgba(38, 166, 154, 1.0)",0.0,0.0,0.5147180895515668,12.062694662682983,3.2004030376165424,0.0,0.0,0.0,0.0,0.0,0.0,0.0,0.0,73.3378422012664,17.033895573504935,True,False,True,False,False,16.048825829371214,0,1.0530973451327434,0.8889630990148605,False,False,False,False,0.3052557244701036,0.3036180335432945,False,False,False,False,726247.0,801699.3821437105,False,False,False,False,20795.87019284684,False,False,False,False
2025-07-24 15:00:00+00:00,13.71,13.735,13.545,13.62,19776.0,,,,,,,,13.728221524571834,13.369546703210833,12.58750336188551,,,,,,,,,,,13.022159210186699,11.003888117124331,,,"rgba(38, 166, 154, 1.0)",0.0,0.0,0.5283064050885244,12.073421205623397,2.92742768113412,0.0,0.0,0.0,0.0,0.0,0.0,0.0,0.0,71.35772024298507,17.033895573504935,True,False,True,False,False,14.771153375656898,0,1.0508757297748126,0.8957464553794828,False,False,False,False,0.27557485136605553,0.289596442454675,False,False,False,False,706471.0,800222.9731182266,False,False,False,False,20780.05825187247,False,False,False,False
2025-07-24 16:00:00+00:00,13.625,13.65,13.34,13.39,15872.0,,,,,,,,13.711427457477793,13.37323625506165,12.594851423234992,,,,,,,,,,,13.036613296394282,11.01041118419126,,,"rgba(38, 166, 154, 1.0)",0.0,0.0,0.5337832674189764,12.079848394562099,2.4544636098709693,0.0,0.0,0.0,0.0,0.0,0.0,0.0,0.0,66.5824613169029,24.605055371451144,True,False,True,False,False,11.602076753460626,0,1.0522897585345548,0.8972522897585344,False,False,False,False,0.24421311737922435,0.26690477991694966,False,False,False,False,690599.0,798523.3766357735,False,False,False,False,20703.96432548685,False,False,False,False
2025-07-24 17:00:00+00:00,13.39,13.59,13.26,13.505,35989.0,,,,,,,,13.67913368269058,13.37987605502602,12.610906749473957,,,,,,,,,,,13.065517911197716,11.02502445959579,,,"rgba(38, 166, 154, 1.0)",0.0,0.0,0.5441790080411907,12.094309799012773,2.5923274880909184,0.0,0.0,0.0,0.0,0.0,0.0,0.0,0.0,64.53936510538762,22.302016911141877,True,False,True,False,False,12.72373973836395,0,1.0490827962320277,0.8983639067922657,False,False,False,False,0.225488761366858,0.24619677064190382,False,False,False,False,726588.0,797408.0994786297,False,False,False,False,20940.94162276612,False,False,False,False
2025-07-24 18:00:00+00:00,13.505,13.52,13.355,13.385,23928.0,,,,,,,,13.659349657958215,13.38201415922109,12.620862864003618,,,,,,,,,,,13.081204810104264,11.034518411496764,,,"rgba(38, 166, 154, 1.0)",0.0,0.0,0.5503487837577956,12.103393556133494,2.3287167732354463,0.0,0.0,0.0,0.0,0.0,0.0,0.0,0.0,61.45478463284415,19.049025374394432,True,False,True,False,False,11.101718611039068,0,1.0491911521954442,0.9049191152195444,False,False,False,False,0.22516271149990608,0.23567974107090495,False,False,False,False,702660.0,795939.1366960153,False,False,False,False,20987.25260535889,False,False,False,False
2025-07-24 19:00:00+00:00,13.385,13.91,13.36,13.735,70982.0,,,,,,,,13.66100857887133,13.421096474865616,12.6577524856356,,,,,,,,,,,13.149336525031975,11.065130696790106,,,"rgba(38, 166, 154, 1.0)",0.0,0.0,0.5634503983060549,12.140192186167841,2.830431602545236,0.0,0.0,0.0,0.0,0.0,0.0,0.0,0.0,62.66320310729341,19.049025374394432,True,False,True,False,False,14.434635084128573,0,1.047331483597193,0.8973396441978129,False,False,False,False,0.2574054414182146,0.24654259124455977,False,False,False,False,773642.0,795593.4446542165,False,False,False,False,21762.364968066504,False,False,False,False
2025-07-25 14:00:00+00:00,13.595,13.81,13.555,13.68,17317.0,,,,,,,,13.661899109890776,13.429494018318804,12.666474864364039,,,,,,,,,,,13.163991920611503,11.072528996457644,,,"rgba(38, 166, 154, 1.0)",0.0,0.0,0.5749037757322972,12.148847236239328,2.6633200691895427,0.0,0.0,0.0,0.0,0.0,0.0,0.0,0.0,62.66008272118238,19.049025374394432,True,False,True,False,False,13.692825716467436,0,1.0497669773635157,0.9250998668442076,False,False,False,False,0.2682247887537096,0.2573836899991347,False,False,False,False,756325.0,794984.6315588023,False,False,False,False,21693.444580964697,False,False,False,False
2025-07-25 15:00:00+00:00,13.68,13.85,13.645,13.835,10913.0,,,,,,,,13.66493446010573,13.436404568127323,12.672402966483741,,,,,,,,,,,13.174440272054417,11.077338855360157,,,"rgba(38, 166, 154, 1.0)",0.0,0.0,0.5907546936825875,12.154797155629502,2.844163342819366,0.0,0.0,0.0,0.0,0.0,0.0,0.0,0.0,63.97385437884199,19.049025374394432,True,False,True,False,False,15.121073352418517,0,1.037837837837838,0.9314189189189187,False,False,False,False,0.28657473658982274,0.2719792132944787,False,False,False,False,767238.0,794554.4512245572,False,False,False,False,21526.305905290825,False,False,False,False
2025-07-25 16:00:00+00:00,13.835,13.845,13.685,13.725,13865.0,,,,,,,,13.667754092133679,13.4441807785979,12.679675480942532,,,,,,,,,,,13.186681653731751,11.083368803339647,,,"rgba(38, 166, 154, 1.0)",0.0,0.0,0.6028635346754194,12.162050605961472,2.592542597355829,0.0,0.0,0.0,0.0,0.0,0.0,0.0,0.0,63.12198733926445,19.043802790005017,True,False,True,False,False,13.62591274373213,0,1.0302047781569967,0.9361774744027301,False,False,False,False,0.29154689648615656,0.2817630548903176,False,False,False,False,753373.0,793915.9791125485,False,False,False,False,21407.525968774687,False,False,False,False
2025-07-25 17:00:00+00:00,13.73,13.78,13.67,13.755,18588.0,,,,,,,,13.670562520642497,13.453489782177062,12.689123703900295,,,,,,,,,,,13.2018400944514,11.09136004055025,,,"rgba(38, 166, 154, 1.0)",0.0,0.0,0.6128275700639858,12.17142617359885,2.584044686886083,0.0,0.0,0.0,0.0,0.0,0.0,0.0,0.0,62.85399474526261,18.273681910217547,True,False,True,False,False,13.907977282214585,0,1.028316457868543,0.9354727990389565,False,False,False,False,0.28020213042000636,0.280982592655162,False,False,False,False,771961.0,793575.5918394857,False,False,False,False,21363.812387863454,False,False,False,False
2025-07-25 18:00:00+00:00,13.755,14.0,13.745,13.865,33635.0,,,,,,,,13.684575287437958,13.476293787113244,12.70794926641869,,,,,,,,,,,13.23367192439001,11.106430623174088,,,"rgba(38, 166, 154, 1.0)",0.0,0.0,0.6232142561021109,12.190266040195684,2.687252326798375,0.0,0.0,0.0,0.0,0.0,0.0,0.0,0.0,63.77760928148956,18.273681910217547,True,False,True,False,False,14.94071246779043,1,1.0377812124334536,0.9210029194573244,False,False,False,False,0.3224104243125241,0.30169650848384305,False,False,False,False,805596.0,793761.954756703,False,False,False,False,21554.063358594252,False,False,False,False
2025-07-25 19:00:00+00:00,13.87,14.315,13.86,14.11,93979.0,,,,,,,,13.75192627437833,13.558383522867652,12.767098458836388,,,,,,,,,,,13.334856881186548,11.15104434112443,,,"rgba(38, 166, 154, 1.0)",0.0,0.0,0.6389201052563604,12.24922839207257,2.9123697824171813,0.0,0.0,0.0,0.0,0.0,0.0,0.0,0.0,66.45876538922212,18.273681910217547,True,False,True,False,True,17.162789603343285,0,1.048442314275933,0.9065388565559739,False,False,False,False,0.34282822664941154,0.3222623675666273,False,False,False,False,899575.0,795402.4670860565,False,False,False,False,22676.93059334473,False,False,False,False
2025-07-28 14:00:00+00:00,14.165,14.56,14.16,14.525,11275.0,,,,,,,,13.764728657147847,13.571805542044777,12.775486435590619,,,,,,,,,,,13.349868799226224,11.156879570594919,,,"rgba(38, 166, 154, 1.0)",0.0,0.0,0.6686416107329104,12.257560014132029,3.3911140878333743,0.0,0.0,0.0,0.0,0.0,0.0,0.0,0.0,70.64771978630115,15.799712890442763,True,False,True,False,True,20.0,0,1.056825938566553,0.8967576791808872,False,False,False,False,0.3428282292229591,0.3325452983947932,False,False,False,False,910850.0,797192.3513172804,False,False,False,False,22500.156475618456,False,False,False,False
2025-07-28 15:00:00+00:00,14.525,14.665,14.455,14.585,19412.0,,,,,,,,13.790582390585447,13.597982193101869,12.791061631441758,,,,,,,,,,,13.378343032272948,11.167347775356426,,,"rgba(38, 166, 154, 1.0)",0.0,0.0,0.697865748982926,12.273005986679847,3.312949541784604,0.0,0.0,0.0,0.0,0.0,0.0,0.0,0.0,73.719489020764,18.700463797848116,True,False,True,False,True,20.0,0,1.0612105711849957,0.892924126172208,False,False,False,False,0.3428282308275728,0.33768676461118297,False,False,False,False,930262.0,799255.4466456947,False,False,False,False,22452.278080647626,False,False,False,False
2025-07-28 16:00:00+00:00,14.585,14.77,14.545,14.72,22901.0,,,,,,,,13.823044574915226,13.630454990114666,12.810207741298731,,,,,,,,,,,13.413221095719653,11.180011941207335,,,"rgba(38, 166, 154, 1.0)",0.0,0.0,0.7286137028136541,12.291897989555594,3.332495670981642,0.0,0.0,0.0,0.0,0.0,0.0,0.0,0.0,76.38341996981589,21.189310931594648,True,False,True,False,True,20.0,0,1.0693374422187982,0.889573703133025,False,False,False,False,0.34282823153793945,0.3402574980745612,False,False,False,False,953163.0,801641.6102635908,False,False,False,False,22459.235009629832,False,False,False,False
2025-07-28 17:00:00+00:00,14.715,14.83,14.685,14.805,5833.0,,,,,,,,13.831813644839311,13.63913819550818,12.815267280744239,,,,,,,,,,,13.42245247994067,11.183310181746581,,,"rgba(38, 166, 154, 1.0)",0.0,0.0,0.7617132006207424,12.296875008891636,3.292741925785741,0.0,0.0,0.0,0.0,0.0,0.0,0.0,0.0,78.531518809891,23.218310607395665,True,False,True,False,True,20.0,0,1.073622790458212,0.8834734854985412,False,False,False,False,0.34282823222340636,0.3415428651489838,False,False,False,False,958996.0,804081.2132052406,False,False,False,False,22201.463924209216,False,False,False,False
2025-07-28 18:00:00+00:00,14.805,14.935,14.72,14.865,12880.0,,,,,,,,13.85194636005821,13.658952162992644,12.826724782582467,,,,,,,,,,,13.443383630119525,11.190706556982475,,,"rgba(38, 166, 154, 1.0)",1.0,14.74,0.7959937242270846,12.500576455244618,2.970404756709928,0.0,0.0,0.0,0.0,0.0,0.0,0.0,0.0,80.22824134880983,24.881665755387004,True,False,True,False,True,20.0,0,1.0732041830961772,0.880507457569004,False,False,False,False,0.34282823267929446,0.3421855489141391,False,False,False,False,971876.0,806682.68276795,False,True,False,False,22056.945103678838,False,True,False,False
2025-07-28 19:00:00+00:00,14.865,14.91,14.55,14.645,64049.0,,,,,,,,13.928703185006226,13.738018800352803,12.878040975243445,,,,,,,,,,,13.529454867437469,11.2256693991896,,,"rgba(38, 166, 154, 1.0)",0.0,0.0,0.8209585860443234,12.542873152246534,2.560575994316932,0.0,0.0,0.0,0.0,0.0,0.0,0.0,0.0,76.89474006728234,24.881665755387004,True,False,True,False,False,20.0,0,1.070614258975668,0.8769780500255231,False,False,False,False,0.32146826975385256,0.33182690933399583,False,False,False,False,907827.0,808250.8117172841,False,False,False,False,22707.984714474514,False,False,False,False
2025-07-29 14:00:00+00:00,14.315,14.38,14.145,14.235,18176.0,,,,,,,,13.936816963391486,13.74887405288653,12.8886405264953,,,,,,,,,,14.253333333333334,13.543239070703342,11.234201360804098,,,"rgba(38, 166, 154, 1.0)",0.0,0.0,0.834561437398522,12.548054936310269,2.0213551550479516,0.0,0.0,0.0,0.0,0.0,0.0,0.0,0.0,68.78744356818666,24.956233363157224,True,False,True,False,False,14.598985941767076,0,1.0566101125482952,0.8887955652612127,False,False,False,False,0.2201452715418516,0.2759860904379237,False,False,False,False,889651.0,809512.8301402719,False,False,False,False,22637.721385567933,False,False,False,False
2025-07-29 15:00:00+00:00,14.235,14.265,13.805,13.94,29622.0,,,,,,,,13.939420354483142,13.75731988515677,12.902467996030644,,,,,,,,,,14.098400072527442,13.557087677245148,11.246860698185879,,,"rgba(239, 83, 80, 1.0)",0.0,0.0,0.8418516004124547,12.553028263785404,1.6475252117297947,0.0,0.0,0.0,0.0,0.0,0.0,0.0,0.0,60.419494472881645,17.61440564442441,False,False,True,False,False,10.934095254964799,0,1.0429550392779543,0.9015544041450776,False,False,False,False,0.17271537501988296,0.22435073272890332,False,False,False,False,860029.0,810296.0265722057,False,False,False,False,22746.00477493897,False,False,False,False
2025-07-29 16:00:00+00:00,13.945,13.96,13.75,13.945,32135.0,,,,,,,,13.937203807307549,13.761757489921745,12.915514458667037,,,,,,,,,,14.012608080100419,13.56745642976463,11.25987978262163,,,"rgba(239, 83, 80, 1.0)",0.0,0.0,0.8490174501331079,12.558597887670343,1.6329489012414276,0.0,0.0,0.0,0.0,0.0,0.0,0.0,0.0,54.90118989591288,13.016852759297016,False,False,True,False,False,10.979384980161669,0,1.0334172963895887,0.9205709487825358,False,False,False,False,0.1357363201492021,0.1800435264390527,False,False,False,False,892164.0,811565.2974780629,False,False,False,False,22891.570592381777,False,False,False,False
2025-07-29 17:00:00+00:00,13.945,14.035,13.84,13.955,12976.0,,,,,,,,13.937302986470478,13.764270494915602,12.920996001622097,,,,,,,,,,14.002932923613429,13.572195213264322,11.265216506960584,,,"rgba(239, 83, 80, 1.0)",0.0,0.0,0.8550580824272804,12.561950417367608,1.629187082446958,0.0,0.0,0.0,0.0,0.0,0.0,0.0,0.0,51.35665097454236,10.091422298306668,False,True,False,False,False,11.071614591342229,0,1.0346918154260696,0.9173122263388346,False,False,False,False,0.15263330521406404,0.16633841582655837,False,False,False,False,905140.0,813016.0680597983,False,False,False,False,22737.840815755702,False,False,False,False
2025-07-29 18:00:00+00:00,13.955,14.11,13.875,14.095,12143.0,,,,,,,,13.938635933896165,13.767625469832941,12.926486794810925,,,,,,,,,,14.005676315856274,13.577494521744972,11.27034624926398,,,"rgba(239, 83, 80, 1.0)",0.0,0.0,0.8630971258488479,12.565921869895998,1.7716176827725714,0.0,0.0,0.0,0.0,0.0,0.0,0.0,0.0,50.88077042327126,9.70996836385541,False,True,False,False,False,12.360751476431421,0,1.0384550797649035,0.9079764903442485,False,False,False,False,0.16394561663384707,0.16514201623020272,False,False,False,False,917283.0,814632.6096402665,False,False,False,False,22573.57971783701,False,False,False,False
2025-07-29 19:00:00+00:00,14.095,14.17,13.905,14.0,36916.0,,,,,,,,13.942382328898205,13.777255431688715,12.942824669870102,,,,,,,,,,14.010701061741614,13.59281495234191,11.285815464164841,,,"rgba(239, 83, 80, 1.0)",0.0,0.0,0.86922145966712,12.578371343060937,1.6355195113147516,0.0,0.0,0.0,0.0,0.0,0.0,0.0,0.0,49.365777973651674,8.053740276339113,False,True,False,False,False,11.157741855576162,0,1.0407549690997162,0.9034574912310005,False,False,False,False,0.17323205044704074,0.16918703333862173,False,False,False,False,880367.0,815651.7474753011,False,False,False,False,22795.94282298682,False,False,False,False
2025-07-30 14:00:00+00:00,13.97,14.085,13.89,13.955,24422.0,,,,,,,,13.943338763039767,13.782072203457444,12.952897670278139,,,,,,,,,,14.005705641364667,13.601316075526631,11.295775183036726,,,"rgba(239, 83, 80, 1.0)",0.0,0.0,0.8746659182044085,12.586106578840571,1.565047171346992,0.0,0.0,0.0,0.0,0.0,0.0,0.0,0.0,47.78532566207035,6.193423895554531,False,True,False,True,False,10.588064733670883,0,1.0406125166444742,0.9056258322237016,False,False,False,False,0.16291554695447075,0.16605129014654624,False,False,False,False,855945.0,816276.4490648314,False,False,False,False,22821.153011777722,False,False,False,False
2025-07-30 15:00:00+00:00,13.955,14.055,13.925,13.955,16179.0,,,,,,,,13.943973768426405,13.785163328576221,12.959474086934922,,,,,,,,,,14.003279947125016,13.60676761190459,11.302336837933584,,,"rgba(239, 83, 80, 1.0)",0.0,0.0,0.8808553275697438,12.59130896122248,1.5481441686229087,0.0,0.0,0.0,0.0,0.0,0.0,0.0,0.0,46.731690787682794,4.729715574976282,False,True,False,True,False,10.588064733670883,0,1.0434565434565435,0.9065934065934066,False,False,False,False,0.16343053882431446,0.16474091448543035,False,False,False,False,855945.0,816891.4653583999,False,False,False,False,22718.17389531605,False,False,False,False
2025-07-30 16:00:00+00:00,13.95,14.15,13.925,14.06,17779.0,,,,,,,,13.945948880695353,13.789583978062154,12.967070818616795,,,,,,,,,,14.006982209289172,13.61362204103273,11.309689194763337,,,"rgba(239, 83, 80, 1.0)",0.0,0.0,0.8880246831241405,12.597702186396173,1.64668600028025,0.0,0.0,0.0,0.0,0.0,0.0,0.0,0.0,47.84456290959122,4.729715574976282,False,True,False,True,False,11.60643169882458,0,1.043218085106383,0.9049202127659574,False,False,False,False,0.17323205044704112,0.16898648246623574,False,False,False,False,873724.0,817772.5899264866,False,False,False,False,22641.597555853787,False,False,False,False
2025-07-30 17:00:00+00:00,14.065,14.2,14.05,14.145,9414.0,,,,,,,,13.94785173390451,13.792638116879278,12.971370362294602,,,,,,,,,,14.01257797726312,13.617877230026464,11.313689180899173,,,"rgba(239, 83, 80, 1.0)",0.0,0.0,0.8963014595024369,12.601518007331157,1.7220567659520212,0.0,0.0,0.0,0.0,0.0,0.0,0.0,0.0,49.95457627946101,4.729715574976282,False,True,False,False,False,12.423675354241315,0,1.0471841704718416,0.9191611703027226,False,False,False,False,0.1913755566522321,0.18018101955923393,False,False,False,False,883138.0,818786.0071369286,False,False,False,False,22436.51852398008,False,False,False,False
2025-07-30 18:00:00+00:00,14.165,14.17,13.645,13.66,12643.0,,,,,,,,13.946184203557335,13.793021551225943,12.975581937531887,,,,,,,,,,14.001914780093374,13.620137138548694,11.318460686174179,,,"rgba(239, 83, 80, 1.0)",0.0,0.0,0.8976947554006126,12.604567793677132,1.175713904947414,0.0,0.0,0.0,0.0,0.0,0.0,0.0,0.0,45.123866793022955,2.2062949833240424,False,True,False,True,False,6.319881809640513,0,1.0183347350714886,0.9254835996635827,False,False,False,False,0.1464794330122585,0.16333022628574623,False,False,False,False,870495.0,819587.6969487591,False,False,False,False,22284.681027484265,False,False,False,False
2025-07-30 19:00:00+00:00,13.645,13.915,13.58,13.9,40857.0,,,,,,,,13.939971384091859,13.793217433699754,12.988493843809993,,,,,,,,,,13.970319915774654,13.62620629654329,11.333594285198199,,,"rgba(239, 83, 80, 1.0)",0.0,0.0,0.9018827504145909,12.61409395013469,1.4258018010369822,0.0,0.0,0.0,0.0,0.0,0.0,0.0,0.0,45.37284271045913,2.1629848453993574,False,True,False,True,False,8.658708931738527,0,1.0174496644295303,0.9293624161073825,False,False,False,False,0.11383259200033666,0.13858140914304146,False,False,False,False,911352.0,821010.3993216467,False,False,False,False,22572.623957290707,False,False,False,False
2025-07-31 14:00:00+00:00,14.16,14.16,13.62,13.69,25114.0,,,,,,,,13.937034550243277,13.793884956502016,12.996470204401414,,,,,,,,,,13.95751919369157,13.630248585928358,11.342898720978067,,,"rgba(239, 83, 80, 1.0)",0.0,0.0,0.9025969788926826,12.620379470872862,1.1850477612271217,0.0,0.0,0.0,0.0,0.0,0.0,0.0,0.0,43.4439768437698,-0.03166319544959606,False,True,False,True,False,6.190100853582635,0,1.0162493782125686,0.9219034985906152,False,False,False,False,0.14289478398256747,0.14073809656280445,False,False,False,False,886238.0,822021.6799523188,False,False,False,False,22612.02513624744,False,False,False,False
2025-07-31 15:00:00+00:00,13.69,13.745,13.535,13.66,25037.0,,,,,,,,13.929924263911465,13.790702179242965,13.002604937717965,,,,,,,,,,13.932686737095569,13.630577499037805,11.35144990628889,,,"rgba(239, 83, 80, 1.0)",0.0,0.0,0.9026148800133493,12.624598536774482,1.1471132219869957,0.0,0.0,0.0,0.0,0.0,0.0,0.0,0.0,41.87377955172665,-1.875915748181825,False,True,False,True,False,5.842359888789925,1,1.0190744733786699,0.9311660308508873,False,False,False,False,0.09203710196589826,0.11638759926435135,False,False,False,False,861201.0,822629.1112708875,False,False,False,False,22649.621645762985,False,False,False,False
2025-07-31 16:00:00+00:00,13.655,13.81,13.6,13.705,32292.0,,,,,,,,13.923038004726571,13.788377276253042,13.01104978990017,,,,,,,,,,13.911418719235574,13.632452047240221,11.36266362104555,,,"rgba(239, 83, 80, 1.0)",0.0,0.0,0.9015208521419446,12.631070889067123,1.19124156516325,0.0,0.0,0.0,0.0,0.0,0.0,0.0,0.0,41.54340665727174,-2.598658908035908,False,True,False,True,False,6.292782638176277,1,1.0167869733087125,0.9435957696827261,False,False,False,False,0.10520403417031139,0.11079581671733138,False,False,False,False,893493.0,823727.7762124242,False,False,False,False,22799.11588381317,False,False,False,False
2025-07-31 17:00:00+00:00,13.705,13.77,13.48,13.575,19315.0,,,,,,,,13.917378623436347,13.785502520628649,13.015314396091554,,,,,,,,,,13.895380983690393,13.632094072755788,11.369045312221454,,,"rgba(239, 83, 80, 1.0)",0.0,0.0,0.8987705466332252,12.634150890429094,1.046817914867488,0.0,0.0,0.0,0.0,0.0,0.0,0.0,0.0,39.92846203372993,-4.537543416466704,False,True,False,True,False,4.7614208827728355,0,1.0016767270288398,0.9518779342723003,False,False,False,False,0.08900325740399213,0.09989953706066176,False,False,False,False,874178.0,824509.9502246346,False,False,False,False,22745.098583288935,False,False,False,False
2025-07-31 18:00:00+00:00,13.575,13.605,13.395,13.49,18141.0,,,,,,,,13.910390780887296,13.781235001267826,13.018520851861567,,,,,,,,,,13.876503602054141,13.63023216261121,11.374708919679385,,,"rgba(239, 83, 80, 1.0)",0.0,0.0,0.8967909505614449,12.636199719478782,0.9520616593941857,0.0,0.0,0.0,0.0,0.0,0.0,0.0,0.0,37.99539532420336,-6.705984763361705,False,True,False,True,False,3.7714010949297645,0,0.999832242912263,0.9553766146619694,False,False,False,False,0.06377933728056942,0.08183943717061559,False,False,False,False,856037.0,824998.7416940201,False,False,False,False,22673.71720990461,False,False,False,False
2025-07-31 19:00:00+00:00,13.5,13.6,13.28,13.445,65836.0,,,,,,,,13.88374319178933,13.763953964276089,13.02850889408202,,,,,,,,,,13.812743878763852,13.62127086589164,11.394485775018016,,,"rgba(239, 83, 80, 1.0)",0.0,0.0,0.8945911391838156,12.642613506774037,0.8969309644157939,0.0,0.0,0.0,0.0,0.0,0.0,0.0,0.0,36.25130049821572,-8.638254671163772,False,True,False,True,False,3.246732923654058,0,0.9964976651100733,0.95263509006004,False,False,False,False,0.05170254375053945,0.06677099046057752,False,False,False,False,790201.0,824459.241822795,False,False,False,False,23342.899888820815,False,False,False,False
2025-08-01 14:00:00+00:00,13.0,13.095,12.83,12.88,10277.0,,,,,,,,13.875397639620592,13.75742056057326,13.028165613775641,,,,,,,,,12.934999999999999,13.793102937099277,13.616217308248995,11.396783225190788,,,"rgba(239, 83, 80, 1.0)",0.0,0.0,0.8906042942906236,12.64153418029253,0.2677573207721978,0.0,0.0,0.0,0.0,0.0,0.0,0.0,0.0,31.14402291111228,-13.559654345142917,False,True,False,True,False,0.0,0,0.977817942819586,0.9636871508379888,False,False,False,False,-0.04416243521433398,0.011304277623121771,False,False,False,False,779924.0,823768.7729573253,False,False,False,False,23140.327797521266,False,False,False,False
2025-08-01 15:00:00+00:00,12.875,13.145,12.83,13.105,17431.0,,,,,,,,13.86292091223584,13.747780738930052,13.028156338166843,,,,,,,,,12.992667159905682,13.765077741999768,13.608944736053088,11.40089562866367,,,"rgba(239, 83, 80, 1.0)",0.0,0.0,0.8850501741769793,12.640462909931653,0.524870909720262,0.0,0.0,0.0,0.0,0.0,0.0,0.0,0.0,31.41010197767201,-13.559654345142917,False,True,False,True,False,0.0,0,0.9734339127582813,0.9694981961298786,False,False,False,False,-0.0391385220786594,-0.013917122227768815,False,False,False,False,797355.0,823359.2570975218,False,False,False,False,23051.811087482176,False,False,False,False
2025-08-01 16:00:00+00:00,13.105,13.2,12.98,13.0,10155.0,,,,,,,,13.856102904839112,13.742535314770661,13.028270724436316,,,,,,,,,13.010726082631242,13.750371123115475,13.60502782934396,11.403330817185543,,,"rgba(239, 83, 80, 1.0)",0.0,0.0,0.8775776857888338,12.640027309843536,0.41018897356408224,0.0,0.0,0.0,0.0,0.0,0.0,0.0,0.0,30.861987401736812,-14.104784328585495,False,True,False,True,False,0.0,0,0.9799276077657124,0.9680816057913788,False,False,False,False,-0.018558370758093065,-0.01623774649293094,False,False,False,False,787200.0,822798.6484603509,False,False,False,False,22851.860527986326,False,False,False,False
2025-08-01 17:00:00+00:00,13.0,13.06,12.84,12.85,11662.0,,,,,,,,13.847030330232597,13.73536484619541,13.027812227830069,,,,,,,,,12.988577250546863,13.730868149583502,13.599433089871717,11.405877388740981,,,"rgba(239, 83, 80, 1.0)",0.0,0.0,0.8726909197656015,12.638899587518171,0.2418959653419201,0.0,0.0,0.0,0.0,0.0,0.0,0.0,0.0,29.517284031212533,-15.642305747483071,False,True,False,True,False,0.0,0,0.9710859208148512,0.9722359126006243,False,False,False,False,-0.04667521164318325,-0.0314564790680571,False,False,False,False,775538.0,822065.9252284075,False,False,False,False,22678.374318250106,False,False,False,False
2025-08-01 18:00:00+00:00,12.855,13.03,12.75,12.955,17042.0,,,,,,,,13.834013506395939,13.725044918907042,13.027119110441895,,,,,,,,,12.968887161306153,13.70378939375131,13.59136028923899,11.409571122980388,,,"rgba(239, 83, 80, 1.0)",0.0,0.0,0.8675890379313405,12.718515442443373,0.27257670073897644,0.0,0.0,0.0,0.0,0.0,0.0,0.0,0.0,30.379887614604634,-15.642305747483071,False,True,False,True,False,0.0,0,0.9653141361256545,0.9756217277486912,False,False,False,False,-0.05874530353382604,-0.04510089130094157,False,False,False,False,792580.0,821608.7791008352,False,False,False,False,22590.988669905142,False,False,False,False
2025-08-01 19:00:00+00:00,12.955,13.12,12.92,13.09,27067.0,,,,,,,,13.816915304755025,13.711744305709336,13.027271348401138,,,,,,,,,12.990407490868702,13.670845156899132,13.581330704024221,11.415911588153046,,,"rgba(239, 83, 80, 1.0)",0.0,0.0,0.8615722481246879,12.72130778373549,0.4279295405196849,0.0,0.0,0.0,0.0,0.0,0.0,0.0,0.0,33.09281236796271,-15.642305747483071,False,True,False,True,True,0.0,0,0.969928478543563,0.9689531859557869,False,False,False,False,-0.032610347978592816,-0.03885561963976719,False,False,False,False,819647.0,821578.3639209773,False,False,False,False,22660.384194402737,False,False,False,False
2025-08-04 14:00:00+00:00,12.98,13.255,12.975,13.18,10821.0,,,,,,,,13.811084800734209,13.707293379833978,13.027680444827975,,,,,,,,,13.005559188167155,13.660400989305908,13.578100913551575,11.418577251566413,,,"rgba(239, 83, 80, 1.0)",0.0,0.0,0.8564493011295504,12.722666571148075,0.5339877424720398,0.0,0.0,0.0,0.0,0.0,0.0,0.0,0.0,36.25729934077592,-18.387166440505432,False,True,False,True,True,0.4406957882818645,0,0.9719716494845361,0.9648840206185567,False,False,False,False,-0.013541870772388567,-0.02619874520607788,False,False,False,False,830468.0,821716.1877361559,False,False,False,False,22476.82785030347,False,False,False,False
2025-08-04 15:00:00+00:00,13.18,13.57,13.165,13.56,16788.0,,,,,,,,13.806105697914166,13.70402303923821,13.030010749377839,,,,,,,,,13.064560469470404,13.653666996936963,13.576469177168391,11.42340381889525,,,"rgba(239, 83, 80, 1.0)",0.0,0.0,0.8524979353227897,12.729278112397925,0.9744561871431764,0.0,0.0,0.0,0.0,0.0,0.0,0.0,0.0,42.94313410200254,-12.245317231893154,False,True,False,True,True,4.286256470383101,0,0.9783749403720783,0.9553188106217205,False,False,False,False,0.037129503689230646,0.005465379241576383,False,False,False,False,847256.0,822112.1538177659,False,False,False,False,22388.628968903417,False,False,False,False
2025-08-04 16:00:00+00:00,13.565,13.67,13.47,13.6,11735.0,,,,,,,,13.80405045586835,13.703002872717253,13.032219450087199,,,,,,,,,13.11004681225466,13.65218156850953,13.5764964668023,11.427012105489782,,,"rgba(239, 83, 80, 1.0)",0.0,0.0,0.8469229572371887,12.734447314539509,1.0219969574140202,0.0,0.0,0.0,0.0,0.0,0.0,0.0,0.0,47.8013380272084,-8.013546399525218,False,True,False,False,True,4.675850800619504,0,0.9881497866961605,0.9524411439405911,False,False,False,False,0.07789270062560026,0.04167903993358832,False,False,False,False,858991.0,822683.9188748548,False,False,False,False,22223.45642674987,False,False,False,False
2025-08-04 17:00:00+00:00,13.6,13.68,13.5,13.53,13617.0,,,,,,,,13.801607573419755,13.701745388728083,13.034713855355,,,,,,,,,13.152771206384939,13.650302654054006,13.57643872109039,11.431164588864382,,,"rgba(239, 83, 80, 1.0)",0.0,0.0,0.842223702923193,12.739333096917516,0.9387849099214779,0.0,0.0,0.0,0.0,0.0,0.0,0.0,0.0,50.05419399206128,-6.154297833504565,False,True,False,False,True,3.8996114830416957,0,0.9891594658287509,0.9523959151610369,False,False,False,False,0.08193053963100959,0.061804789782298954,False,False,False,False,845374.0,823035.7030783454,False,False,False,False,22090.022993777005,False,False,False,False
2025-08-04 18:00:00+00:00,13.525,13.575,13.42,13.545,17697.0,,,,,,,,13.797749543104471,13.69945839740715,13.03758173153431,,,,,,,,,13.191609786234267,13.646350282384542,13.575718046988085,11.43639492998938,,,"rgba(239, 83, 80, 1.0)",0.0,0.0,0.836203443067587,12.743907857482077,0.958011054796834,0.0,0.0,0.0,0.0,0.0,0.0,0.0,0.0,51.74157308350818,-4.639225713432339,False,False,True,False,True,4.050753029174306,0,0.9867104440275173,0.9559099437148217,False,False,False,False,0.06327579079520251,0.06254029028875073,False,False,False,False,863071.0,823656.4053562004,False,False,False,False,22021.914110152557,False,False,False,False
2025-08-04 19:00:00+00:00,13.545,13.705,13.41,13.685,57909.0,,,,,,,,13.789452807327814,13.695658887599567,13.048397140626543,,,,,,,,,13.298042560564534,13.642351315607813,13.576592766818287,11.454034308543328,,,"rgba(239, 83, 80, 1.0)",0.0,0.0,0.8306572346288992,12.866312275676602,0.9855903135414834,0.0,0.0,0.0,0.0,0.0,0.0,0.0,0.0,54.57097910282812,-1.9478048058465731,False,False,True,False,True,5.458633574122093,0,0.9865220759101472,0.952285050348567,False,False,False,False,0.07537034615784512,0.06895531822329792,False,False,False,False,920980.0,825165.2982964143,False,False,False,False,22578.303038677324,False,False,False,False
2025-08-05 14:00:00+00:00,13.4,13.53,13.19,13.27,23810.0,,,,,,,,13.78166136177109,13.690004220593167,13.050606231481675,,,,,,,,,13.301135538654774,13.631650597307274,13.572993669031588,11.46030174792505,,,"rgba(239, 83, 80, 1.0)",0.0,0.0,0.8234420178474288,12.863443921388821,0.49372763327521474,0.0,0.0,0.0,0.0,0.0,0.0,0.0,0.0,50.92969096418475,-1.9478048058465731,False,False,False,False,False,0.9027807145548756,0,0.9752822703692401,0.9536161122978333,False,False,False,False,0.035622952424485224,0.052289135323891574,False,False,False,False,897170.0,826281.650260811,False,False,False,False,22597.399115597054,False,False,False,False
2025-08-05 15:00:00+00:00,13.265,13.39,13.2,13.235,24846.0,,,,,,,,13.772851401490897,13.683413572052077,13.05242821195321,,,,,,,,,13.298738097963131,13.619340683434883,13.568523202623851,11.466606315699103,,,"rgba(239, 83, 80, 1.0)",0.0,0.0,0.8161322649385712,12.86102994003455,0.45822236913228453,0.0,0.0,0.0,0.0,0.0,0.0,0.0,0.0,48.131782756668926,-1.9478048058465731,False,True,False,True,False,0.534704762136716,0,0.975728155339806,0.9581310679611651,False,False,False,False,0.0225722111095879,0.037430673216739735,False,False,False,False,872324.0,826995.4851404884,False,False,False,False,22632.2611448126,False,False,False,False
2025-08-05 16:00:00+00:00,13.235,13.48,13.225,13.355,14212.0,,,,,,,,13.768719905500193,13.680442134642746,13.053819281508273,,,,,,,,,13.301459921399145,13.614190606385078,13.566692341094331,11.470348252891855,,,"rgba(239, 83, 80, 1.0)",0.0,0.0,0.8092450769664791,12.861322327485407,0.6100471742938297,0.0,0.0,0.0,0.0,0.0,0.0,0.0,0.0,47.97919863170195,4.650993563305953,False,True,False,True,False,1.7769706961084175,0,0.9950837302196959,0.9548317713934552,False,False,False,False,0.0341165627807509,0.035773617998745316,False,False,False,False,886536.0,827918.5938980002,False,False,False,False,22501.7144603969,False,False,False,False
2025-08-05 17:00:00+00:00,13.355,13.45,13.34,13.415,16264.0,,,,,,,,13.764629270646967,13.677599489862565,13.05564986113857,,,,,,,,,13.306868431270386,13.609583980826217,13.565101051303518,11.474721750487149,,,"rgba(239, 83, 80, 1.0)",0.0,0.0,0.7994857187056578,12.8625389795383,0.6910204992230707,0.0,0.0,0.0,0.0,0.0,0.0,0.0,0.0,48.71271458473076,4.650993563305953,False,False,False,False,False,2.3949464541518886,0,1.0033929673041335,0.9390808143121532,False,False,False,False,0.04265501875853825,0.03921431837864178,False,False,False,False,902800.0,829079.5459305893,False,False,False,False,22405.005709072917,False,False,False,False
2025-08-05 18:00:00+00:00,13.415,13.57,13.4,13.425,37002.0,,,,,,,,13.757220100425052,13.672779256538671,13.060492965132134,,,,,,,,,13.3241624868843,13.602789011920429,13.562952183422583,11.484923036293777,,,"rgba(239, 83, 80, 1.0)",0.0,0.0,0.7896043312950402,12.867311898261963,0.7062880478674248,0.0,0.0,0.0,0.0,0.0,0.0,0.0,0.0,49.34950618956263,4.650993563305953,False,False,False,False,False,2.4990080230961986,0,1.0116550116550116,0.9341103341103342,False,False,False,False,0.06075853385556363,0.0499864261171027,False,False,False,False,939802.0,830796.1731254639,False,False,False,False,22631.31569807954,False,False,False,False
2025-08-05 19:00:00+00:00,13.425,13.435,13.25,13.31,29090.0,,,,,,,,13.749104958079394,13.666805478380528,13.062992010136696,,,,,,,,,13.324756612460593,13.59312862914849,13.55911361129495,11.49233476890676,,,"rgba(239, 83, 80, 1.0)",0.0,0.0,0.7767644662546834,12.868101210198958,0.5688967621443098,0.0,0.0,0.0,0.0,0.0,0.0,0.0,0.0,48.03187996889697,3.65964916630152,False,False,False,True,False,1.2171265940596463,0,1.0076051528790932,0.9293807232655593,False,False,False,False,0.03210828280734894,0.04104735446222582,False,False,False,False,910712.0,832035.1781932861,False,False,False,False,22731.450338419392,False,False,False,False
2025-08-06 14:00:00+00:00,12.72,13.025,12.69,12.84,26269.0,,,,,,,,13.733912381992083,13.65411528055333,13.061247880831402,,,,,,,,12.851666666666668,13.293189964794992,13.570015217123874,13.54866750626325,11.497243478430615,,,"rgba(239, 83, 80, 1.0)",0.0,0.0,0.7651808536147685,12.860517097106655,-0.026813395826268835,0.0,0.0,0.0,0.0,0.0,0.0,0.0,0.0,42.282522631121466,-1.9666519398592186,False,True,False,True,False,0.0,0,1.0013807916538817,0.9311138386007979,False,False,False,False,-0.06529019172904305,-0.012121418633408612,False,False,False,False,884443.0,832847.7025623823,False,False,False,False,22786.296069606688,False,False,False,False
2025-08-06 15:00:00+00:00,12.84,12.915,12.635,12.68,26451.0,,,,,,,,13.717309867317882,13.640058217368319,13.058627636592739,,,,,,,,12.797313005816894,13.258572730842923,13.544856425455604,13.536869040366,11.50175801785171,,,"rgba(239, 83, 80, 1.0)",0.0,0.0,0.7562421736620567,12.852143550658477,-0.227630191298222,0.0,0.0,0.0,0.0,0.0,0.0,0.0,0.0,37.32346067179401,-6.581084732181246,False,True,False,True,False,0.0,0,1.0007666360012264,0.9339159766942655,False,False,False,False,-0.08193055982676159,-0.0470259892300851,False,False,False,False,857992.0,833237.5366311825,False,False,False,False,22843.11318480658,False,False,False,False
2025-08-06 16:00:00+00:00,12.675,12.68,12.27,12.46,32138.0,,,,,,,,13.692416666200923,13.618520694141765,13.052791554743704,,,,,,,,12.673350793875258,13.202538897106459,13.506529006893901,13.518210626474058,11.5060014495985,,,"rgba(239, 83, 80, 1.0)",0.0,0.0,0.7503322867506285,12.87100486041044,-0.5477637943454733,0.0,0.0,0.0,0.0,0.0,0.0,0.0,0.0,32.691651009258464,-10.772968945420757,False,True,False,True,False,0.0,0,0.9862111230274244,0.9483683162249119,False,False,False,False,-0.14289480445577238,-0.09496039684292874,False,False,False,False,825854.0,833123.0631950401,False,False,False,False,22987.219957135163,False,False,False,False
2025-08-06 17:00:00+00:00,12.46,12.575,12.45,12.525,15536.0,,,,,,,,13.681181697816395,13.608802505770246,13.050234202861523,,,,,,,,12.649103880710003,13.1797614747014,13.489755192608625,13.509814137591015,11.508138141305176,,,"rgba(239, 83, 80, 1.0)",0.0,0.0,0.7390340176738591,12.865911895236161,-0.46129391487173427,0.0,0.0,0.0,0.0,0.0,0.0,0.0,0.0,30.778365098814664,-12.474789179083544,False,True,False,True,False,0.0,0,0.9877973432190299,0.955205437133148,False,False,False,False,-0.13522555893068097,-0.11509297788680486,False,False,False,False,841390.0,833251.2327579077,False,False,False,False,22871.69716710206,False,False,False,False
2025-08-06 18:00:00+00:00,12.525,12.62,12.38,12.41,10956.0,,,,,,,,13.673074658905245,13.60176320324315,13.048288922488103,,,,,,,,12.631481409968568,13.163519718726613,13.477712968990947,13.503702800979202,11.50957004250845,,,"rgba(239, 83, 80, 1.0)",0.0,0.0,0.7165320761948502,12.861548116262082,-0.6301854882199158,0.0,0.0,0.0,0.0,0.0,0.0,0.0,0.0,28.749002467231936,-14.435751343252221,False,True,False,True,False,0.0,0,0.9852102911723924,0.9471576028346943,False,False,False,False,-0.13778017404588122,-0.12643657596634306,False,False,False,False,830434.0,833207.5547306533,False,False,False,False,22686.957676139235,False,False,False,False
2025-08-06 19:00:00+00:00,12.405,12.695,12.395,12.65,44400.0,,,,,,,,13.644207100270263,13.576793276813868,13.042011767335385,,,,,,,,12.616805489566614,13.113998477246302,13.43671358223305,13.482213574114539,11.515989189744532,,,"rgba(239, 83, 80, 1.0)",0.0,0.0,0.688557952574756,12.8506408642961,-0.29139285015274896,0.0,0.0,0.0,0.0,0.0,0.0,0.0,0.0,31.52763110380358,-14.435751343252221,False,True,False,True,False,0.0,0,0.9861984358227265,0.9444870418647447,False,False,False,False,-0.12859167671742866,-0.12751412634188586,False,False,False,False,874834.0,833852.9259751393,False,False,False,False,23023.59399123785,False,False,False,False
2025-08-07 14:00:00+00:00,12.84,12.875,12.45,12.52,22472.0,,,,,,,,13.630631620086266,13.565042440757198,13.03913429520866,,,,,,,,12.616577835508522,13.093447656329705,13.418148600571328,13.472121287683335,11.519314741086646,,,"rgba(239, 83, 80, 1.0)",0.0,0.0,0.6668614332611064,12.845923996803734,-0.488743208930063,0.0,0.0,0.0,0.0,0.0,0.0,0.0,0.0,32.25328288345583,-14.435751343252221,False,True,False,True,True,0.0,0,0.9842844064693315,0.946292340555386,False,False,False,False,-0.10469699034485998,-0.11610555834337291,False,False,False,False,852362.0,834139.8883631215,False,False,False,False,23015.042146412456,False,False,False,False
2025-08-07 15:00:00+00:00,12.52,12.63,12.49,12.565,22835.0,,,,,,,,13.616493460834516,13.552738297897486,13.035887081898789,,,,,,,,12.610341312828368,13.072086876394799,13.398926813231528,13.461480459360665,11.522509970336221,,,"rgba(239, 83, 80, 1.0)",0.0,0.0,0.642046629049448,12.840206151146376,-0.4286388849261925,0.0,0.0,0.0,0.0,0.0,0.0,0.0,0.0,33.494570518516575,-14.435751343252221,False,True,False,True,True,0.0,0,0.9844132029339852,0.9526283618581908,False,False,False,False,-0.12553371198304736,-0.12081963516321013,False,False,False,False,875197.0,834776.4327295847,False,False,False,False,23012.250795305285,False,False,False,False
2025-08-07 16:00:00+00:00,12.565,12.67,12.5,12.52,28841.0,,,,,,,,13.599189788691143,13.53764805202933,13.031862573076097,,,,,,,,12.604444101297096,13.047522342741422,13.375894326464818,13.44841544196394,11.52652414058553,,,"rgba(239, 83, 80, 1.0)",0.0,0.0,0.6106936537566311,12.83344480415558,-0.5132602938108991,0.0,0.0,0.0,0.0,0.0,0.0,0.0,0.0,33.87679183351814,-14.435751343252221,False,True,False,True,True,0.0,0,0.9869771717481228,0.9509728818752872,False,False,False,False,-0.12044226070176406,-0.1206309479324871,False,False,False,False,846356.0,834955.9609043199,False,False,False,False,23102.619000029234,False,False,False,False
2025-08-07 17:00:00+00:00,12.52,12.59,12.425,12.575,17422.0,,,,,,,,13.588682341079915,13.528449152443207,13.029293918872925,,,,,,,,12.599200024260067,13.032855652885887,13.362040242527483,13.440415445048869,11.528856539151063,,,"rgba(239, 83, 80, 1.0)",0.0,0.0,0.6072435283332281,12.829143051046765,-0.41851915942907103,0.0,0.0,0.0,0.0,0.0,0.0,0.0,0.0,35.18990903071799,-14.435751343252221,False,True,False,True,True,0.0,0,0.9895737503833179,0.9464888071143821,False,False,False,False,-0.13624719263763133,-0.12843907028505921,False,False,False,False,863778.0,835402.8142236327,False,False,False,False,23014.54738762568,False,False,False,False
2025-08-07 18:00:00+00:00,12.575,12.62,12.53,12.575,20859.0,,,,,,,,13.576893812514802,13.518140570904523,13.026526977154415,,,,,,,,12.59731774300001,13.017829927648872,13.346903918276555,13.431483111728431,11.531759730452022,,,"rgba(239, 83, 80, 1.0)",0.0,0.0,0.601750202580931,12.824880906579054,-0.4152568715511939,0.0,0.0,0.0,0.0,0.0,0.0,0.0,0.0,36.06532049551789,-19.271370385959436,False,True,False,True,True,0.0,0,0.9917177914110429,0.9438650306748467,False,False,False,False,-0.12247808098690867,-0.12545857563598395,False,False,False,False,863778.0,835842.7395845066,False,False,False,False,22981.128048282648,False,False,False,False
2025-08-07 19:00:00+00:00,12.57,12.815,12.555,12.8,52014.0,,,,,,,,13.552838899375981,13.497274714662584,13.021991075448435,,,,,,,,12.617788443220181,12.995553102643232,13.318367958074344,13.41371440082498,11.539948846960169,,,"rgba(239, 83, 80, 1.0)",0.0,0.0,0.5972799229056603,12.819830531882332,-0.03320140376702913,0.0,0.0,0.0,0.0,0.0,0.0,0.0,0.0,40.814503308583,-14.548199046316284,False,False,False,True,True,0.0,0,0.993248427190425,0.9424581862820318,False,False,False,False,-0.10013579474885642,-0.11279718519242019,False,False,False,False,915792.0,837082.263001801,False,False,False,False,23431.250094045707,False,False,False,False
2025-08-08 14:00:00+00:00,12.075,12.2,11.88,12.09,23033.0,,,,,,,,13.534397449227779,13.480719653068167,13.015638066724968,,,,,,,12.056666666666665,12.580133027023981,12.965122734882055,13.29330796931483,13.39880166740936,11.541516609139101,,,"rgba(239, 83, 80, 1.0)",0.0,0.0,0.6137314390506361,12.816839952945426,-1.1842964311389261,0.0,0.0,0.0,0.0,0.0,0.0,0.0,0.0,36.99765417257262,-14.548199046316284,False,True,False,True,False,0.0,0,0.9707996406109614,0.9451931716082658,True,False,False,False,-0.23333917562664586,-0.17306818040953303,False,False,False,False,892759.0,837945.4682265793,True,False,False,False,23425.07567398298,True,False,False,False
2025-08-08 15:00:00+00:00,12.09,12.56,12.07,12.44,29809.0,,,,,,,,13.515905474573412,13.464247241152046,13.010072796357369,,,,,,,12.225901366337384,12.562275966062167,12.940627870963096,13.269834787358157,13.384188309942088,11.544704909427274,,,"rgba(239, 83, 80, 1.0)",0.0,0.0,0.6212254454334106,12.81651189924178,-0.6060793259669188,0.0,0.0,0.0,0.0,0.0,0.0,0.0,0.0,38.87004425214495,-14.548199046316284,False,True,False,True,False,0.0,1,0.9796554796554794,0.9348084348084348,False,False,False,False,-0.17581682816085525,-0.17444250428519414,False,False,False,False,922568.0,839257.4454633765,False,False,False,False,23524.05124492898,False,False,False,False
2025-08-08 16:00:00+00:00,12.435,12.565,12.18,12.205,11888.0,,,,,,,,13.50844281993273,13.457579415545387,13.007745195593806,,,,,,,12.242570884185593,12.554690544169441,12.930768536191586,13.260402640373917,13.378251649878246,11.54590717918687,,,"rgba(239, 83, 80, 1.0)",0.0,0.0,0.6361470239150079,12.813729925503528,-0.9569013178074026,0.0,0.0,0.0,0.0,0.0,0.0,0.0,0.0,38.355282411252475,-14.548199046316284,False,True,False,True,False,0.0,1,0.9792346484722634,0.9443785226935626,False,False,False,False,-0.1639456372386825,-0.16919407076193832,False,False,False,False,910680.0,840364.7718903008,False,False,False,False,23343.647349658768,False,False,False,False
2025-08-08 17:00:00+00:00,12.205,12.285,12.12,12.205,23602.0,,,,,,,,13.492515526638917,13.443275905499847,13.002419766806494,,,,,,,12.232086748479224,12.534391338759358,12.90864220632773,13.240035269553163,13.365421124469938,11.54793370592049,,,"rgba(239, 83, 80, 1.0)",0.0,0.0,0.6514574581810433,12.804839612592797,-0.9207655926875562,0.0,0.0,0.0,0.0,0.0,0.0,0.0,0.0,38.01210785065749,-14.548199046316284,False,True,False,True,False,0.0,1,0.9734368004775404,0.9589613490523803,False,False,False,False,-0.19918895733041492,-0.18419151404617662,False,False,False,False,910680.0,841454.9304656449,False,False,False,False,23347.652817105918,False,False,False,False
2025-08-08 18:00:00+00:00,12.205,12.515,12.15,12.475,32824.0,,,,,,,,13.473948825985069,13.426675653067846,12.996741419793361,,,,,,,12.272159915040666,12.522908948851514,12.887187323034619,13.217590963166854,13.350679166349535,11.551485503194204,,,"rgba(239, 83, 80, 1.0)",0.0,0.0,0.6601931194391845,12.798883798897474,-0.4905894795944026,0.0,0.0,0.0,0.0,0.0,0.0,0.0,0.0,40.97728803156645,-14.186722754772767,False,False,False,True,True,0.0,1,0.9682539682539683,0.9525292983236908,False,False,False,False,-0.17219881154596836,-0.1781951627960725,False,False,False,False,943504.0,843037.0865824566,False,False,False,False,23494.572928468617,False,False,False,False
2025-08-08 19:00:00+00:00,12.465,12.535,12.17,12.29,68395.0,,,,,,,,13.435561385156404,13.392175897156443,12.984334510169615,,,,,,,12.293631520452719,12.497248978572252,12.843872026561208,13.17190076129233,13.319874641842258,11.558363671240857,,,"rgba(239, 83, 80, 1.0)",0.0,0.0,0.6724821374766112,12.783139090502424,-0.7333118056530917,0.0,0.0,0.0,0.0,0.0,0.0,0.0,0.0,41.305676425685576,-13.632283096125796,False,False,False,True,True,0.0,1,0.967822878228782,0.954243542435424,False,False,False,False,-0.1680693890177107,-0.17313227590689162,False,False,False,False,875109.0,843534.3255501705,False,False,False,False,24190.70358074042,False,False,False,False
2025-08-11 14:00:00+00:00,12.285,12.595,12.14,12.35,20862.0,,,,,,,,13.424665062310657,13.382366820991816,12.98081147499264,,,,,,,12.300377060035897,12.491918246935265,12.832669998771387,13.159352318585809,13.311119963539213,11.560518049690446,,,"rgba(239, 83, 80, 1.0)",0.0,0.0,0.6819764401097386,12.77899991642995,-0.6290538663783142,0.0,0.0,0.0,0.0,0.0,0.0,0.0,0.0,42.24118670889637,-12.448132651065805,True,False,False,True,True,0.0,1,0.966827414876516,0.9510448633640215,False,False,False,False,-0.16497605186356873,-0.16905416388523017,False,False,False,False,895971.0,844347.2972470671,False,False,False,False,24139.095773287077,False,False,False,False
2025-08-11 15:00:00+00:00,12.34,12.375,12.07,12.29,12705.0,,,,,,,,13.41742036346165,13.375811632019271,12.978284785095637,,,,,,,12.29722372615985,12.486144212676226,12.824471852069829,13.150808842618371,13.305220732140548,11.56163417920188,,,"rgba(239, 83, 80, 1.0)",0.0,0.0,0.6932091906357484,12.775493192733785,-0.7003559665568427,0.0,0.0,0.0,0.0,0.0,0.0,0.0,0.0,42.27664091527079,-12.069521387346853,True,False,False,True,True,0.0,1,0.9673897219391467,0.9569078468481583,False,False,False,False,-0.1950188928494688,-0.1820365283673495,False,False,False,False,883266.0,844950.6879874226,False,False,False,False,23961.822970600453,False,False,False,False
2025-08-11 16:00:00+00:00,12.295,12.58,12.295,12.44,10706.0,,,,,,,,13.412379629362475,13.371280629111178,12.976726891428154,,,,,,,12.303684651703847,12.485220300099094,12.819985406931021,13.145242916077747,13.301197414545639,11.562837161985268,,,"rgba(239, 83, 80, 1.0)",0.0,0.0,0.7011700838501128,12.773998019988777,-0.4763437968642367,0.0,0.0,0.0,0.0,0.0,0.0,0.0,0.0,44.24378604290674,-9.905623763669297,True,False,False,True,True,0.0,1,0.9761558592614132,0.9505670252980519,False,False,False,False,-0.15058078263433022,-0.16630865550083984,False,False,False,False,893972.0,845710.7083287028,False,False,False,False,23756.306335397345,False,False,False,False
2025-08-11 17:00:00+00:00,12.44,12.52,12.33,12.455,11902.0,,,,,,,,13.406817387577535,13.36627677548542,12.974994821583254,,,,,,,12.310045050177841,12.484164102990004,12.815076074130582,13.13912770196838,13.296751140771685,11.564165587211333,,,"rgba(239, 83, 80, 1.0)",0.0,0.0,0.70789418077214,12.772306350801284,-0.4482398067677002,0.0,0.0,0.0,0.0,0.0,0.0,0.0,0.0,45.74953795925053,-8.258549049230211,True,False,False,True,True,0.0,1,0.9770582256425147,0.9496152170756498,False,False,False,False,-0.1531466603272163,-0.15972765791402807,False,False,False,False,905874.0,846643.4725406609,False,False,False,False,23572.518640274906,False,False,False,False
2025-08-11 18:00:00+00:00,12.45,12.545,12.365,12.44,15048.0,,,,,,,,13.399982036747806,13.360126998130593,12.972881104823562,,,,,,,12.3181211700553,12.483279196580872,12.809283464362133,13.131706723515553,13.291291242863174,11.565868198015952,,,"rgba(239, 83, 80, 1.0)",0.0,0.0,0.714968007852198,12.770314569430086,-0.4619990905919961,0.0,0.0,0.0,0.0,0.0,0.0,0.0,0.0,46.55024362894193,-7.287143875387741,True,False,False,True,True,0.0,1,0.9759594496741488,0.9496017378711076,False,False,False,False,-0.14699184938065213,-0.1533597536473401,False,False,False,False,890826.0,847328.472966387,False,False,False,False,23440.355560580723,False,False,False,False
2025-08-11 19:00:00+00:00,12.445,12.525,12.3,12.315,27355.0,,,,,,,,13.3869059261672,13.348312744272489,12.968573356653966,,,,,,,12.323995953201518,12.478634941692064,12.797248531979431,13.117273999165235,13.280733213981279,11.568702856354676,,,"rgba(239, 83, 80, 1.0)",0.0,0.0,0.7246164689178102,12.765526999595581,-0.6217454597304806,0.0,0.0,0.0,0.0,0.0,0.0,0.0,0.0,45.400735142296,-7.287143875387741,True,False,False,True,True,0.0,1,0.972418772563177,0.953068592057762,False,False,False,False,-0.15571454051928799,-0.15453714708331406,False,False,False,False,863471.0,847578.7447033423,False,False,False,False,23501.047722432184,False,False,False,False
2025-08-12 14:00:00+00:00,12.49,12.8,12.465,12.75,22756.0,,,,,,,,13.379358662011686,13.341595183301967,12.96678956221266,,,,,,,12.349444574896399,12.485595459937862,12.79438650660038,13.110268651698334,13.274919094753928,11.571888303316864,,,"rgba(239, 83, 80, 1.0)",0.0,0.0,0.7272989335470166,12.765562089308762,-0.02139710178436034,0.0,0.0,0.0,0.0,0.0,0.0,0.0,0.0,50.15496885732411,-3.7678787836707315,True,False,False,False,True,0.0,1,0.9717660616537018,0.9500144050705847,False,False,False,False,-0.11078537681074803,-0.13266126194703104,False,False,False,False,886227.0,848177.9424598797,False,False,False,False,23489.496594952616,False,False,False,False
2025-08-12 15:00:00+00:00,12.75,12.995,12.71,12.89,21030.0,,,,,,,,13.37439121770695,13.33726230314926,12.966227522789318,,,,,,,12.382109957870743,12.497830975339463,12.795843057556745,13.10675629597852,13.271334449541518,11.575330462139805,,,"rgba(239, 83, 80, 1.0)",0.0,0.0,0.7288840476748302,12.767779528705322,0.16768163836836145,0.0,0.0,0.0,0.0,0.0,0.0,0.0,0.0,54.606374765719195,0.24601885819315328,True,False,True,False,True,0.0,0,0.9729729729729728,0.9450833812535941,False,False,False,False,-0.06629757955800933,-0.09947942075252018,False,False,False,False,907257.0,849093.8968403466,False,False,False,False,23451.364864798314,False,False,False,False
2025-08-12 16:00:00+00:00,12.89,12.995,12.8,12.95,9745.0,,,,,,,,13.372344523303147,13.33549086430702,12.966096785437799,,,,,,,12.397309318230601,12.503973294170558,12.796971211859187,13.105492211079358,13.269896339496231,11.576980902167623,,,"rgba(239, 83, 80, 1.0)",0.0,0.0,0.7282870931782187,12.768998372809321,0.24853059855941378,0.0,0.0,0.0,0.0,0.0,0.0,0.0,0.0,58.10854517053129,3.2923811682451074,True,False,True,False,True,0.4209078454805528,0,0.984108639121641,0.9404796301646923,False,False,False,False,-0.05723567867316758,-0.07835754971284388,False,False,False,False,917002.0,850146.7356490234,False,False,False,False,23238.863083948727,False,False,False,False
2025-08-12 17:00:00+00:00,12.955,13.01,12.815,12.91,21626.0,,,,,,,,13.367834391607692,13.331581559941876,12.96579025243168,,,,,,,12.427928422785355,12.516873144602833,12.799331469223958,13.10269757915134,13.26671640727094,11.580619966339231,,,"rgba(239, 83, 80, 1.0)",0.0,0.0,0.7282318460638144,12.771473607012341,0.19022292658088458,0.0,0.0,0.0,0.0,0.0,0.0,0.0,0.0,59.750757409204496,4.671301562495948,True,False,True,False,True,0.013998701964791138,0,0.9787510841283606,0.9414570685169125,False,False,False,False,-0.054217203650531086,-0.06628737668168748,False,False,False,False,895376.0,850847.9645536898,False,False,False,False,23213.85745474022,False,False,False,False
2025-08-12 18:00:00+00:00,12.915,13.005,12.88,12.895,23514.0,,,,,,,,13.36318766267585,13.327560931922353,12.965552143489166,,,,,,,12.458247272492244,12.530502536800222,12.802118242930902,13.099980531678284,13.263465702992677,11.584598614533055,,,"rgba(239, 83, 80, 1.0)",0.0,0.0,0.7267429995447339,12.774096850485096,0.16636300534114978,0.0,0.0,0.0,0.0,0.0,0.0,0.0,0.0,60.566468710454664,5.440113187059133,True,False,True,False,True,0.0,0,0.9806190338443734,0.9395429563205088,False,False,False,False,-0.04818315823790362,-0.05723526745979555,False,False,False,False,871862.0,851173.7635528574,False,False,False,False,23218.51082753495,False,False,False,False
2025-08-12 19:00:00+00:00,12.895,13.09,12.775,12.83,43231.0,,,,,,,,13.354356871133865,13.31986555861107,12.964808329837291,,,,,,,12.50248910737443,12.551698463836578,12.805839871611452,13.094416154000333,13.257159215427137,11.591699265351753,,,"rgba(239, 83, 80, 1.0)",0.0,0.0,0.726576558591994,12.777703691756608,0.07197632186859278,0.0,0.0,0.0,0.0,0.0,0.0,0.0,0.0,59.84939883427097,5.440113187059133,True,False,True,False,True,0.0,0,0.9796536796536794,0.9378066378066375,False,False,False,False,-0.05019409554310121,-0.05371468150144838,False,False,False,False,828631.0,850824.2633427356,False,False,False,False,23528.781977495648,False,False,False,False
2025-08-13 14:00:00+00:00,13.545,13.75,13.33,13.545,34044.0,,,,,,,13.541666666666666,13.357117701152216,13.3229534525662,12.969791660904367,,,,,,,12.578721959453393,12.59467162798091,12.827590882871275,13.103928424616887,13.260976978443548,11.59996380277146,,,"rgba(38, 166, 154, 1.0)",0.0,0.0,0.7250522317313619,12.790912355745391,1.0400459597978382,0.0,0.0,0.0,0.0,0.0,0.0,0.0,0.0,65.32377597355574,10.020367261547996,True,False,True,False,True,6.159300734220409,0,0.9834815756035574,0.9158548637582944,False,False,False,False,0.07184065016020426,0.009062984329377938,False,False,False,False,862675.0,851007.995694011,False,False,False,False,23691.80861350347,False,False,False,False
2025-08-13 15:00:00+00:00,13.545,13.95,13.535,13.935,33971.0,,,,,,,13.674024455389745,13.363633729174333,13.32958114960814,12.976944051834263,,,,,,,12.662478298523965,12.644990279938582,12.855642829671813,13.118532505108606,13.268187259116013,11.609257102818269,,,"rgba(38, 166, 154, 1.0)",0.0,0.0,0.7258877758048781,12.807406119467132,1.5533997376971551,0.0,0.0,0.0,0.0,0.0,0.0,0.0,0.0,70.62283178229691,14.822207675431372,True,False,True,False,True,9.512891848910837,0,0.9935247747747746,0.9106137387387389,False,False,False,False,0.11281661569487762,0.06093980001212778,False,False,False,False,896646.0,851715.5616522434,False,False,False,False,23851.175921821246,False,False,False,False
2025-08-13 16:00:00+00:00,13.94,14.055,13.82,13.835,22214.0,,,,,,,13.730479335911959,13.368701063351367,13.334676143495615,12.982092569760853,,,,,,,12.715460180166327,12.678249525355175,12.874910832606163,13.129054460958134,13.273628052021442,11.61555735643069,,,"rgba(38, 166, 154, 1.0)",0.0,0.0,0.7222197389653936,12.818597038341002,1.4073320165896235,0.0,0.0,0.0,0.0,0.0,0.0,0.0,0.0,72.61922831418765,16.53277166569866,True,False,True,False,True,8.449247156085228,0,1.0031051517290046,0.9064220183486237,False,False,False,False,0.15263330521406404,0.10678655261309591,False,False,False,False,874432.0,852067.7544948442,False,False,False,False,23825.79334938991,False,False,False,False
2025-08-13 17:00:00+00:00,13.835,14.03,13.71,13.805,32899.0,,,,,,,13.76196915675828,13.375279070429919,13.341343815468967,12.989164260713876,,,,,,,12.782837541586899,12.722326354856536,12.900720971616979,13.143058437597775,13.280827756013458,11.624601937263522,,,"rgba(38, 166, 154, 1.0)",0.0,0.0,0.7098022945138931,12.83352057511721,1.3686619955886519,0.0,0.0,0.0,0.0,0.0,0.0,0.0,0.0,73.47026902300648,17.35923374293617,True,False,True,False,True,8.128973504289235,0,0.9976079921204446,0.9064302800056282,False,False,False,False,0.1388024983866496,0.12279452549987276,False,False,False,False,841533.0,851904.4249677924,False,False,False,False,23966.463219942,False,False,False,False
2025-08-13 18:00:00+00:00,13.81,14.03,13.805,13.985,15591.0,,,,,,,13.78197852012582,13.378925749577059,13.34500402675002,12.992828674194648,,,,,,,12.814558543589744,12.743682898303565,12.913617988519286,13.150344335865542,13.28471810797808,11.629038302722698,,,"rgba(38, 166, 154, 1.0)",0.0,0.0,0.6977909932566917,12.84093283106493,1.6395556549039747,0.0,0.0,0.0,0.0,0.0,0.0,0.0,0.0,74.96921050480603,18.93699216354652,True,False,True,False,True,9.664209392600604,0,0.9966320516418747,0.9080830760595004,False,False,False,False,0.14852947751596873,0.13566200150792074,False,True,False,False,857124.0,851985.3486117026,False,False,False,False,23836.611076997164,False,False,False,False
2025-08-13 19:00:00+00:00,13.985,14.22,13.565,13.58,85363.0,,,,,,,13.784399356783084,13.392906345212971,13.359363903852932,13.009267427261616,,,,,,,12.941638019730537,12.835209066761365,12.969268730716763,13.180756913761709,13.300482341950415,11.6514552817774,,,"rgba(38, 166, 154, 1.0)",0.0,0.0,0.6771934531379223,12.95540369655173,0.9223306878618915,0.0,0.0,0.0,0.0,0.0,0.0,0.0,0.0,70.20547004877741,18.93699216354652,True,False,True,False,False,5.425002155841469,0,0.9950076272361668,0.9016779919567327,False,True,False,False,0.14340665133408378,0.13953432642100227,False,False,False,False,771761.0,850741.5602611335,False,False,False,False,24790.508579679376,False,False,False,False
2025-08-14 14:00:00+00:00,13.395,13.6,13.225,13.42,31324.0,,,,,,,13.73909476154306,13.393179769240673,13.360017420921189,13.01232089115413,,,,,,,12.963270337025866,12.853268761870668,12.979437359270628,13.184783928596262,13.301782792981903,11.65814808110862,,,"rgba(38, 166, 154, 1.0)",0.0,0.0,0.6518870183433442,12.956073980679509,0.7116662953336254,0.0,0.0,0.0,0.0,0.0,0.0,0.0,0.0,65.2151022051795,21.80049655093012,True,False,True,False,False,3.833761294709806,0,0.9870559074635085,0.9150371798402643,False,False,False,False,0.04617259014570935,0.09285345828335581,False,False,False,False,740437.0,849031.4120400307,False,False,False,False,24891.803020304502,False,False,False,False
2025-08-14 15:00:00+00:00,13.42,13.455,13.105,13.145,31030.0,,,,,,,13.684485492978071,13.391264046131539,13.358579446725985,13.013968716655178,,,,,,,12.975038878273528,12.864694996430845,12.985085242939945,13.185624800557491,13.301039889415486,11.664053995475525,,,"rgba(38, 166, 154, 1.0)",0.0,0.0,0.6222716882953502,12.954501224301088,0.3061344092654498,0.0,0.0,0.0,0.0,0.0,0.0,0.0,0.0,59.166501063078535,16.329201210570858,True,False,True,False,False,1.1899575800416322,0,0.9892798240791641,0.9180868609125892,False,False,False,False,0.019561754691616483,0.05620760648748615,False,False,False,False,709407.0,846866.6924735185,False,False,False,False,24986.96886495094,False,False,False,False
2025-08-14 16:00:00+00:00,13.145,13.18,12.855,12.965,23300.0,,,,,,,13.632994830005769,13.387737949135085,13.355508973812906,13.013891527569696,,,,,,,12.975825063837668,12.867669265821352,12.985328704822688,13.18331980197352,13.298546136242978,11.667800615145715,,,"rgba(239, 83, 80, 1.0)",0.0,0.0,0.5986792671078203,12.950646743093476,0.023974868840646455,0.0,0.0,0.0,0.0,0.0,0.0,0.0,0.0,53.59387229549388,11.396803026959667,True,False,False,False,False,0.0,0,0.9803733186933845,0.9304144935492724,False,False,False,False,-0.03311240950190197,0.011547598492792091,False,False,False,False,686107.0,844374.2941405957,False,False,False,False,24960.81430890519,False,False,False,False
2025-08-14 17:00:00+00:00,12.97,13.07,12.9,13.035,21577.0,,,,,,,13.591879124372825,13.384542605804889,13.352725196138207,13.013829288694037,,,,,,,12.976557432207603,12.870342555702363,12.985571999127652,13.181254673221783,13.2962860455344,11.671255802699338,,,"rgba(239, 83, 80, 1.0)",0.0,0.0,0.5854336346166257,12.947967827084103,0.14866274803785548,0.0,0.0,0.0,0.0,0.0,0.0,0.0,0.0,50.668770495577405,8.86184175151923,True,False,False,False,False,0.17130493643811207,0,0.9870380584666297,0.9321566464423608,False,False,False,False,-0.03964082036433409,-0.014046610935771,False,False,False,False,707684.0,842255.0647740748,False,False,False,False,24908.35207155782,False,False,False,False
2025-08-14 18:00:00+00:00,13.035,13.27,13.005,13.25,45805.0,,,,,,,13.541244712088348,13.38092451135057,13.34980573768719,13.01555257386625,,,,,,,12.987818874416824,12.882721083457074,12.99137674968741,13.181107281199438,13.294357118254844,11.679479622171634,,,"rgba(239, 83, 80, 1.0)",0.0,0.0,0.5781219828262194,12.94859663880693,0.5213490753623029,0.0,0.0,0.0,0.0,0.0,0.0,0.0,0.0,51.009948988835,8.86184175151923,True,False,False,False,False,2.1394501161376454,0,0.9859832348495258,0.9253813384636524,False,False,False,False,-0.009027610614440983,-0.011537110775105991,False,False,False,False,753489.0,840878.846715562,False,False,False,False,25232.331109208088,False,False,False,False
2025-08-14 19:00:00+00:00,13.245,13.33,13.215,13.24,91347.0,,,,,,,13.486729186456477,13.376954670635355,13.347009950889706,13.020690947899919,,,,,,,13.015660038182324,12.91112500126502,13.00694320521728,13.18472323049374,13.29335216253081,11.696549400748516,,,"rgba(239, 83, 80, 1.0)",0.0,0.0,0.5704410574282787,12.955569427214002,0.4986151839566,0.0,0.0,0.0,0.0,0.0,0.0,0.0,0.0,51.12581852231638,8.86184175151923,False,False,False,False,False,2.0432757873848892,0,0.989964256255155,0.9252130877096506,False,False,False,False,0.0180566628277404,0.003259776026317205,False,False,False,False,662142.0,838107.7328129952,False,False,False,False,26257.364735421914,False,False,False,False
2025-08-15 14:00:00+00:00,13.6,13.655,13.37,13.495,38138.0,,,,,,13.506666666666664,13.488230116415945,13.378732686623852,13.34909671144067,13.024890453942259,,,,,,,13.03565291778859,12.92919651630654,13.01867688531911,13.190645470788446,13.296055320325795,11.704666270391552,,,"rgba(239, 83, 80, 1.0)",0.0,0.0,0.5638288108351868,12.963003505614008,0.9435425862647155,0.0,0.0,0.0,0.0,0.0,0.0,0.0,0.0,53.7433205382463,8.86184175151923,True,False,True,False,True,4.335709224469266,0,0.9883895642671763,0.919136729954924,False,False,False,False,0.06629755940891556,0.03477866771761638,False,False,False,False,700280.0,835970.8687383751,False,False,False,False,26441.56063099677,False,False,False,False
2025-08-15 15:00:00+00:00,13.495,13.53,13.3,13.33,15430.0,,,,,,13.472101254480284,13.485228152881778,13.378776444152146,13.349294337225144,13.026150875850103,,,,,,,13.041341760287825,12.934744738418942,13.022139802107969,13.192093566475913,13.296517510480111,11.707712262501198,,,"rgba(239, 83, 80, 1.0)",0.0,0.0,0.5527382532234129,12.965019850175333,0.6603128111655139,0.0,0.0,0.0,0.0,0.0,0.0,0.0,0.0,53.475767171249245,8.86184175151923,True,False,True,False,True,2.723208868315222,0,0.9881390593047032,0.9205180640763461,False,False,False,False,0.04667519153865767,0.040726929628137024,False,False,False,False,684850.0,833627.9095331291,False,False,False,False,26270.838760748757,False,False,False,False
2025-08-15 16:00:00+00:00,13.335,13.6,13.305,13.43,34055.0,,,,,,13.461568252627734,13.48276456843761,13.379572850361821,13.35039269182653,13.029346986653277,,,,,,,13.055281843942431,12.948046876754303,13.030743605476847,13.196150941820004,13.298170486016678,11.714628295290478,,,"rgba(239, 83, 80, 1.0)",0.0,0.0,0.5441664673094414,12.970263099578736,0.844846068326062,0.0,0.0,0.0,0.0,0.0,0.0,0.0,0.0,54.3208508998286,8.86184175151923,True,False,True,False,True,3.620420868812378,0,0.9874932028276235,0.9204730831973895,False,False,False,False,0.054217183530714995,0.047472056579426006,False,False,False,False,718905.0,831849.2597729255,False,False,False,False,26391.523431124744,False,False,False,False
2025-08-15 17:00:00+00:00,13.43,13.515,13.31,13.415,14283.0,,,,,,13.454807714952993,13.481025899516863,13.379742278032754,13.350694193188058,13.030571971898365,,,,,,,13.060393838343654,12.953079219341786,13.033980847383326,13.197602505423843,13.298705689710435,11.717459800098077,,,"rgba(239, 83, 80, 1.0)",0.0,0.0,0.5362270176094336,12.972197300150302,0.8257746911443702,0.0,0.0,0.0,0.0,0.0,0.0,0.0,0.0,54.680918355323186,8.86184175151923,True,False,True,False,True,3.471322680244892,0,0.9880532174857451,0.9215313603040997,False,False,False,False,0.046172590145709645,0.04682232336256782,False,False,False,False,704622.0,829876.7441175313,False,False,False,False,26203.794385680947,False,False,False,False
2025-08-15 18:00:00+00:00,13.415,13.42,13.305,13.35,19476.0,,,,,,13.439328195284306,13.47697474655857,13.379596769165309,13.350743767350254,13.031991578627125,,,,,,,13.066083410630162,12.958969003632394,13.037680468943998,13.199054118577404,13.299081173526783,11.721180878169058,,,"rgba(239, 83, 80, 1.0)",0.0,0.0,0.5275753820864628,12.974316503180074,0.7120944410525136,0.0,0.0,0.0,0.0,0.0,0.0,0.0,0.0,53.98998891913959,8.86184175151923,False,False,True,False,True,2.8187673045232273,0,0.9892633867898882,0.9226692035879314,False,False,False,False,0.03612511788254275,0.04147372062255529,False,False,False,False,685146.0,827632.8566118331,False,False,False,False,26099.487495980466,False,False,False,False
2025-08-15 19:00:00+00:00,13.35,13.425,13.265,13.355,65380.0,,,,,,13.407473513527018,13.464138621678694,13.378899374620572,13.350692375788816,13.036525175685517,,,,,,,13.083087201384371,12.977081794384864,13.049136704052248,13.203446752657186,13.300100771713272,11.733474318413478,,,"rgba(239, 83, 80, 1.0)",0.0,0.0,0.5161361385462242,12.980914105195485,0.7247814420788002,0.0,0.0,0.0,0.0,0.0,0.0,0.0,0.0,53.59798794711427,8.63065230257169,False,False,True,False,True,2.8658517953772566,0,0.9877850162866447,0.9218241042345275,False,False,False,False,0.032610327896462295,0.037042024259508796,False,False,False,False,750526.0,826437.4014705643,False,False,False,False,26708.487689841233,False,False,False,False
2025-08-18 14:00:00+00:00,13.385,13.535,13.24,13.47,16737.0,,,,,,13.408092537719266,13.462914697315133,13.37910435688169,13.351041458081644,13.037908632760473,,,,,,,13.08812826283241,12.982235428790005,13.052558367833345,13.205028433566667,13.300706472462963,11.7367202714909,,,"rgba(239, 83, 80, 1.0)",0.0,0.0,0.5029643477772843,12.983008439941415,0.9682427039027999,0.0,0.0,0.0,0.0,0.0,0.0,0.0,0.0,54.92583609112859,8.63065230257169,False,False,True,False,True,3.9535236428410805,1,0.9865047233468286,0.9192982456140351,False,False,False,False,0.04114781610565817,0.03909492018258348,False,False,False,False,767263.0,825519.9688896254,False,False,False,False,26553.8909814716,False,False,False,False
2025-08-18 15:00:00+00:00,13.46,13.58,13.445,13.485,7239.0,,,,,,13.41136412670393,13.46334548237665,13.3794086976729,13.351398175729566,13.038643303946852,,,,,,,13.09083794312111,12.984874407717218,13.054374410543181,13.205989953762108,13.301167418298594,11.738194004072232,,,"rgba(239, 83, 80, 1.0)",0.0,0.0,0.5005773513499971,12.984165335399538,1.0005140329456976,0.0,0.0,0.0,0.0,0.0,0.0,0.0,0.0,56.01763933288244,8.63065230257169,True,False,True,False,True,4.095820778117755,0,0.9910967219749088,0.9200053959260757,False,False,False,False,0.06629755940891556,0.05269623979574952,False,False,False,False,774502.0,824728.9926277708,False,False,False,False,26254.435307340256,False,False,False,False
2025-08-18 16:00:00+00:00,13.485,13.56,13.43,13.54,10647.0,,,,,,13.416107791102979,13.464065538402071,13.379877552249955,13.35194269232287,13.039735083199226,,,,,,,13.094823025839355,12.988756855550479,13.057058254711805,13.20742438793008,13.301863802920334,11.740365252727592,,,"rgba(239, 83, 80, 1.0)",0.0,0.0,0.49414579130349484,12.98587944781263,1.121370579167877,0.0,0.0,0.0,0.0,0.0,0.0,0.0,0.0,57.53744007995404,8.63065230257169,True,False,True,False,True,4.623206591834958,0,0.9971563981042653,0.9188896411645225,False,False,False,False,0.06277227635334334,0.057734258074546435,False,False,False,False,785149.0,824115.3493312161,False,False,False,False,26012.45956614118,False,False,False,False
2025-08-18 17:00:00+00:00,13.535,13.72,13.505,13.54,12563.0,,,,,,13.425356297125855,13.46628812868403,13.380756914923388,13.35289646202854,13.041230355678396,,,,,,,13.100297883751134,12.993942238609277,13.060725387376912,13.209533349874702,13.302986570774232,11.743033502267137,,,"rgba(239, 83, 80, 1.0)",0.0,0.0,0.49186002000485196,13.042622372515362,1.0112178409616022,0.0,0.0,0.0,0.0,0.0,0.0,0.0,0.0,58.55064057800177,8.63065230257169,True,False,True,False,True,4.623206591834958,0,0.9982434806107281,0.9131198486690987,False,False,False,False,0.08647630362554394,0.0721052808500452,False,False,False,False,785149.0,823511.2198842204,False,False,False,False,25803.940813177753,False,False,False,False
2025-08-18 18:00:00+00:00,13.54,13.71,13.5,13.67,25248.0,,,,,,13.444965720921617,13.471852859138163,13.38282418432141,13.35509850464845,13.044419739223567,,,,,,,13.111777412875506,13.004751622532648,13.068468739669756,13.214123747751866,13.305516181753182,11.748483590363247,,,"rgba(239, 83, 80, 1.0)",0.0,0.0,0.4920267241697257,13.04877730467201,1.262579174690719,0.0,0.0,0.0,0.0,0.0,0.0,0.0,0.0,61.13579185365738,7.303889031786156,True,False,True,False,True,5.888340346228642,0,0.9994598244429437,0.913571910871033,False,False,False,False,0.08496066202728023,0.07853297143866271,False,False,False,False,810397.0,823307.8986457053,False,False,False,False,25795.32157576414,False,False,False,False
2025-08-18 19:00:00+00:00,13.67,13.72,13.44,13.465,66025.0,,,,,,13.464597540339234,13.477660516879473,13.38624103033421,13.358941928806802,13.051404267949476,,,,,,,13.134971858961947,13.027712686188528,13.084814850178889,13.223286027135169,13.310245753037664,11.761949620514226,,,"rgba(239, 83, 80, 1.0)",0.0,0.0,0.48853130691669283,13.10302663431878,0.7409420042407746,0.0,0.0,0.0,0.0,0.0,0.0,0.0,0.0,58.32905672298894,7.303889031786156,True,False,True,False,False,3.6143265284351322,1,0.9994614970382336,0.9112816370490036,False,False,False,False,0.079911295098125,0.07922213326839386,False,False,False,False,744372.0,822084.0862636013,False,False,False,False,26419.037520325935,False,False,False,False
2025-08-19 14:00:00+00:00,13.415,13.65,13.33,13.34,24835.0,,,,,,13.462852448370164,13.476517847434582,13.386672515228454,13.359565204939456,13.053446618238276,,,,,,,13.141039186460265,13.034239658665577,13.08937076375869,13.225542511279087,13.311215929726638,11.766676240458912,,,"rgba(239, 83, 80, 1.0)",0.0,0.0,0.48589759051508236,13.102937565476134,0.4878855939017199,0.0,0.0,0.0,0.0,0.0,0.0,0.0,0.0,54.29181920183447,8.546916862075982,False,False,True,False,False,2.262851629401606,1,0.9975861606544186,0.912699477001475,False,False,False,False,0.06176534256686954,0.0704937379176317,False,False,False,False,719537.0,820494.2089571889,False,False,False,False,26394.47879908057,False,False,False,False
2025-08-19 15:00:00+00:00,13.34,13.465,13.275,13.4,27652.0,,,,,,13.456786821212859,13.4733637506751,13.386613413157542,13.359738671011128,13.055346448263327,,,,,,,13.146216841769293,13.04022874844624,13.093463028556899,13.227312664149283,13.311783838938178,11.771720177824433,,,"rgba(239, 83, 80, 1.0)",0.0,0.0,0.4849110627100942,13.102112847352071,0.6143129649034674,0.0,0.0,0.0,0.0,0.0,0.0,0.0,0.0,52.71920874983214,7.16310936576933,False,False,False,False,False,2.87019764891474,1,0.9946438136047132,0.9181842528119974,False,False,False,False,0.037631724546507206,0.05406273123206945,False,False,False,False,747189.0,819357.6940896355,False,False,False,False,26413.975251808002,False,False,False,False
2025-08-19 16:00:00+00:00,13.4,13.48,13.29,13.355,23397.0,,,,,,13.452016084732591,13.470717136055754,13.386527023069975,13.35984750437459,13.056912265649599,,,,,,,13.150335674821225,13.045064328138844,13.096777771683275,13.228731027954831,13.312222399305295,11.775950210951338,,,"rgba(239, 83, 80, 1.0)",0.0,0.0,0.48403259141244176,13.10208952298981,0.5225071234814553,0.0,0.0,0.0,0.0,0.0,0.0,0.0,0.0,50.844152165584966,5.4186363069546175,False,True,False,False,False,2.3757503824140436,1,1.0020182992465014,0.914962325080732,False,False,False,False,0.04064545707653801,0.04735409415430373,False,False,False,False,723792.0,817876.0554215792,False,False,False,False,26367.20044170245,False,False,False,False
2025-08-19 17:00:00+00:00,13.355,13.36,13.235,13.275,11284.0,,,,,,13.447582917261776,13.468402096147603,13.386181958352514,13.35960809983704,13.057461628270387,,,,,,,13.151537894882722,13.046758823510176,13.097868748091278,13.22901350357508,13.312148294825779,11.777874300314348,,,"rgba(239, 83, 80, 1.0)",0.0,0.0,0.48431261774974005,13.101352427024683,0.35854439180654807,0.0,0.0,0.0,0.0,0.0,0.0,0.0,0.0,48.16636841378259,2.90922502095448,False,True,False,True,False,1.4946384211470232,1,1.0076045627376424,0.9171645844649645,False,False,False,False,0.023073992145665443,0.03521404314998459,False,False,False,False,712508.0,816242.4421592291,False,False,False,False,26133.352372838846,False,False,False,False
2025-08-19 18:00:00+00:00,13.275,13.36,13.145,13.36,17172.0,,,,,,13.441216804287787,13.464958831926916,13.385652529072415,13.359238258297662,13.05828674100986,,,,,,,13.153306682870795,13.049275624652408,13.099491359800894,13.229426799996109,13.312028050980935,11.780789798305852,,,"rgba(239, 83, 80, 1.0)",0.0,0.0,0.48556373849788054,13.10049191200827,0.5344470095615728,0.0,0.0,0.0,0.0,0.0,0.0,0.0,0.0,48.25040064459087,2.90922502095448,False,True,False,True,False,2.391074028611669,1,1.0073230268510982,0.9069704366693787,False,False,False,False,0.006923177059547293,0.02106861010476594,False,False,False,False,729680.0,814900.3887924193,False,False,False,False,25994.416677135916,False,False,False,False
2025-08-19 19:00:00+00:00,13.355,13.44,13.22,13.405,68184.0,,,,,,13.429406325862976,13.457199201001854,13.385007841088104,13.359152698088334,13.062438398361143,,,,,,,13.16315616955335,13.061420286671863,13.107851618879524,13.232807206568399,13.312872627378772,11.792763055058947,,,"rgba(239, 83, 80, 1.0)",0.0,0.0,0.48715790029487727,13.10243884695252,0.6210740970521853,0.0,0.0,0.0,0.0,0.0,0.0,0.0,0.0,49.25514026454987,2.90922502095448,False,True,False,False,False,2.8663061260165428,1,1.0064987814784727,0.9076631464933659,False,False,False,False,0.022824464544387437,0.021946537324576687,False,False,False,False,797864.0,814636.258733622,False,False,False,False,26648.518744157063,False,False,False,False
2025-08-20 14:00:00+00:00,13.275,13.355,12.92,13.125,20832.0,,,,,,13.4175126387531,13.4503638548309,13.383400939826753,13.35776841899591,13.062740181944035,,,,,,,13.162717752249419,13.062282614368401,13.108103834086176,13.231995737145654,13.31180095554207,11.795871045037549,,,"rgba(239, 83, 80, 1.0)",0.0,0.0,0.4865635426960951,13.123552335453713,0.002975283635648982,0.0,0.0,0.0,0.0,0.0,0.0,0.0,0.0,45.163739512268734,-0.15798366642153638,False,True,False,True,False,0.0,1,0.9945010729613732,0.9113465665236049,False,False,False,False,-0.016668219874911346,0.0026391587248326704,False,False,False,False,777032.0,814053.24697031,False,False,False,False,26558.34015897633,False,False,False,False
2025-08-20 15:00:00+00:00,13.125,13.185,13.035,13.065,18441.0,,,,,,13.406437673721674,13.443846325596754,13.381780054066082,13.356350214557862,13.062861287030413,,,,,,,13.161847831740646,13.062626260152367,13.107990017420805,13.23101353975637,13.310661418980619,11.798531803132136,,,"rgba(239, 83, 80, 1.0)",0.0,0.0,0.4863865200092828,13.12031985010419,-0.11373639652499971,0.0,0.0,0.0,0.0,0.0,0.0,0.0,0.0,41.66026416308469,-3.407141896018274,False,True,False,True,False,0.0,0,1.0013426423200857,0.913533834586466,False,False,False,False,-0.07680538882170061,-0.03708311504843397,False,False,False,False,758591.0,813193.3671723206,False,False,False,False,26432.489923953442,False,False,False,False
2025-08-20 16:00:00+00:00,13.055,13.205,13.025,13.12,4362.0,,,,,,13.404102934476091,13.44243308131446,13.381428079227353,13.356044616205754,13.06290902257606,,,,,,,13.16171095867515,13.062760189136524,13.108007807150885,13.23081995046752,13.310420529056971,11.79917007223876,,,"rgba(239, 83, 80, 1.0)",0.0,0.0,0.48641663637671534,13.11987260914862,0.0002618965755935727,0.0,0.0,0.0,0.0,0.0,0.0,0.0,0.0,40.65228089284299,-4.348867640335811,False,True,False,True,False,0.0,0,1.0006853070175439,0.9270833333333334,False,False,False,False,-0.0756146431031959,-0.05634887907581494,False,False,False,False,762953.0,812414.4467510442,False,False,False,False,26090.311785597576,False,False,False,False
2025-08-20 17:00:00+00:00,13.115,13.25,13.1,13.22,4547.0,,,,,,13.402319681324913,13.441301553048525,13.381163519173857,13.355824222064788,13.063026449787264,,,,,,,13.161800011723255,13.063088056173882,13.108182671752873,13.230748038192392,13.310264858424766,11.799871750689732,,,"rgba(239, 83, 80, 1.0)",0.0,0.0,0.486561820743571,13.11997639165663,0.20557225018295305,0.0,0.0,0.0,0.0,0.0,0.0,0.0,0.0,42.2477545073594,-4.348867640335811,False,True,False,True,False,0.8263141875891264,0,0.9969825812645727,0.9252503085996433,False,False,False,False,-0.0613414058359282,-0.05884514245587157,False,False,False,False,767500.0,811718.0987394002,False,False,False,False,25756.30695171234,False,False,False,False
2025-08-20 18:00:00+00:00,13.22,13.22,13.05,13.165,8818.0,,,,,,13.39822943274237,13.438748033150576,13.380532250628013,13.355282939018283,13.063173070532338,,,,,,,13.161698072331664,13.06349534481313,13.108334318919026,13.230456081341979,13.309851578406256,11.801186516030363,,,"rgba(239, 83, 80, 1.0)",0.0,0.0,0.4833087909269612,13.119445269073704,0.0942559535052592,0.0,0.0,0.0,0.0,0.0,0.0,0.0,0.0,42.339197326604335,-4.348867640335811,False,True,False,True,False,0.20712686311586026,0,0.9938169826875513,0.9293762022533663,False,False,False,False,-0.07085376571292697,-0.06484945408439927,False,False,False,False,758682.0,810895.8336426652,False,False,False,False,25493.69754160827,False,False,False,False
2025-08-20 19:00:00+00:00,13.165,13.37,13.11,13.36,19986.0,,,,,,13.394118059869166,13.43570666969582,13.379926854908716,13.35484739066964,13.064048525155767,,,,,,,13.163302972544853,13.06590808808496,13.109922082179269,13.230835485443183,13.309683337187247,11.804455348762637,,,"rgba(239, 83, 80, 1.0)",0.0,0.0,0.4805005648203617,13.121613107942238,0.4961219809322882,0.0,0.0,0.0,0.0,0.0,0.0,0.0,0.0,46.305514325333206,-8.58855552908156,False,True,False,True,True,2.353295650572246,0,0.9896907216494846,0.9320962199312715,False,False,False,False,-0.04590667074265377,-0.05537806241352652,False,False,False,False,778668.0,810396.17730712,False,False,False,False,25408.30688204845,False,False,False,False
2025-08-21 14:00:00+00:00,13.025,13.28,13.015,13.195,11267.0,,,,,,13.389680755451952,13.432796344363593,13.379194047315185,13.354224791249132,13.06427400007121,,,,,,,13.163303202976909,13.066516332194999,13.110199132610717,13.230545323245494,13.309219823467036,11.8061465734972,,,"rgba(239, 83, 80, 1.0)",0.0,0.0,0.4776316383803275,13.12093712394597,0.1550627515069596,0.0,0.0,0.0,0.0,0.0,0.0,0.0,0.0,46.01174624138333,-8.58855552908156,False,True,False,True,True,0.48314370202302115,1,0.9805851791085589,0.9336888159693737,False,False,False,False,-0.06787985848009498,-0.06162896044681075,False,False,False,False,767401.0,809729.5854108855,False,False,False,False,25189.06181410972,False,False,False,False
2025-08-21 15:00:00+00:00,13.205,13.38,13.135,13.29,8029.0,,,,,,13.388040596920117,13.431553536403099,13.37892740473174,13.35402627034406,13.064603702990427,,,,,,,13.163868210629476,13.067410233226457,13.110781507556926,13.230660722259541,13.309127752273936,11.807442235925269,,,"rgba(239, 83, 80, 1.0)",0.0,0.0,0.47500888564461136,13.121416050197194,0.35490693942288715,0.0,0.0,0.0,0.0,0.0,0.0,0.0,0.0,47.548396809473715,-7.122176851832833,False,True,False,False,True,1.526759992233849,1,0.9803359278984022,0.9360917656698071,False,False,False,False,-0.04175520182192503,-0.05169208113436789,False,False,False,False,775430.0,809197.8088928872,False,False,False,False,24923.01434412352,False,False,False,False
2025-08-21 16:00:00+00:00,13.28,13.29,13.18,13.255,9525.0,,,,,,13.385730586041742,13.429866368723632,13.378536865863886,13.353719028182246,13.06494244256608,,,,,,,13.164361557242737,13.06832108559369,13.111350855183696,13.230700451327056,13.308948013347875,11.808948334378488,,,"rgba(239, 83, 80, 1.0)",0.0,0.0,0.46984785729947015,13.121644357332434,0.28382728705851956,0.0,0.0,0.0,0.0,0.0,0.0,0.0,0.0,47.9320740147726,-6.5195662393185785,False,True,False,False,True,1.1259510340966052,1,0.9774058577405855,0.9571827057182702,False,False,False,False,-0.04709308896657625,-0.049392585050472074,False,False,False,False,765905.0,808526.6025534626,False,False,False,False,24684.285439563464,False,False,False,False
2025-08-21 17:00:00+00:00,13.265,13.43,13.235,13.335,9333.0,,,,,,13.384932681770097,13.42903320386554,13.378411194157227,13.353664554046329,13.065444610437607,,,,,,,13.16540498281594,13.069671486564742,13.112292994069877,13.231062186272187,13.30901150860011,11.810515231773397,,,"rgba(239, 83, 80, 1.0)",0.0,0.0,0.47032346545973697,13.122691072206976,0.45141045128482954,0.0,0.0,0.0,0.0,0.0,0.0,0.0,0.0,49.70907487980753,-4.602082470005662,False,True,False,False,True,2.017486808046666,1,0.9671650132737177,0.9538912952354337,False,False,False,False,-0.02397769925913831,-0.03668514215480519,False,False,False,False,775238.0,808010.5001882926,False,False,False,False,24446.281014143875,False,False,False,False
2025-08-21 18:00:00+00:00,13.335,13.39,13.21,13.275,9011.0,,,,,,13.383581298159175,13.427897974462894,13.37817897675058,13.353505012272235,13.065852538878012,,,,,,,13.166153305638723,13.070758314159173,13.113025027060564,13.231267720910536,13.308968013090867,11.811983705865424,,,"rgba(239, 83, 80, 1.0)",0.0,0.0,0.4705605436339934,13.123251437204042,0.32248467248029666,0.0,0.0,0.0,0.0,0.0,0.0,0.0,0.0,49.65415696914586,-4.400136819003059,False,True,False,False,True,1.312666051183502,1,0.9649392373236485,0.9540438608744237,False,False,False,False,-0.03167876489838017,-0.03418195352659268,False,False,False,False,766227.0,807362.693983823,False,False,False,False,24206.974331754045,False,False,False,False
2025-08-21 19:00:00+00:00,13.275,13.295,13.075,13.1,19265.0,,,,,,13.376763181686554,13.423188936332304,13.376918403606007,13.352428000463135,13.0662012994758,,,,,,,13.166034603811111,13.07164818399333,13.113402509045057,13.230730709235337,13.308155834239878,11.814827925795079,,,"rgba(239, 83, 80, 1.0)",0.0,0.0,0.46923858200998475,13.121992148621766,-0.04686773309978696,0.0,0.0,0.0,0.0,0.0,0.0,0.0,0.0,46.53933119895375,-4.400136819003059,False,True,False,True,False,0.0,1,0.9593987075021071,0.9651587524585558,False,False,False,False,-0.05896511410468439,-0.046573533815638536,False,False,False,False,746962.0,806426.2491158567,False,False,False,False,24130.354574672587,False,False,False,False
2025-08-22 14:00:00+00:00,13.24,14.0,13.24,13.915,45544.0,,,,,,13.399416971868074,13.4348253676948,13.381450624435818,13.35710061542456,13.07206871083504,,,,,,,13.181902555785252,13.087105684353645,13.125524446366677,13.238889737586966,13.313262542163796,11.824298870648468,,,"rgba(38, 166, 154, 1.0)",0.0,0.0,0.47802821357412273,13.13947689152268,1.6223375241366735,0.0,0.0,0.0,0.0,0.0,0.0,0.0,0.0,54.293181698804375,-0.35019442144864144,False,False,True,False,True,7.761405084218168,0,0.9631578947368421,0.938781163434903,False,False,False,False,0.0441272607536111,-0.0012231365310137188,False,False,False,False,792506.0,806210.4313001069,False,False,False,False,24462.34907739084,False,False,False,False
2025-08-22 15:00:00+00:00,13.915,14.035,13.815,13.925,29925.0,,,,,,13.421364241891444,13.447202836059558,13.38615063589674,13.361825996564349,13.077081369921617,,,,,,,13.195670640144074,13.100061681476454,13.135913923417741,13.246351140968574,13.318226167787257,11.831144115197876,,,"rgba(38, 166, 154, 1.0)",0.0,0.0,0.4867053976935514,13.153450963484323,1.5852485716656775,0.0,0.0,0.0,0.0,0.0,0.0,0.0,0.0,59.530602848346724,4.162554578860963,True,False,True,False,True,7.8554772982655265,0,0.9818660022148392,0.9298172757475082,False,False,False,False,0.1168427184892339,0.05780979097911009,False,False,False,False,822431.0,806461.9129853765,False,False,False,False,24547.041339756874,False,False,False,False
2025-08-22 16:00:00+00:00,13.925,14.045,13.89,13.94,24301.0,,,,,,13.438975714337772,13.45747323732949,13.390140386422168,13.365829558518085,13.0812671506584,,,,,,,13.206975483913995,13.110704999778866,13.14450233235713,13.252583712110026,13.322416268000582,11.836758124365284,,,"rgba(38, 166, 154, 1.0)",0.0,0.0,0.4964375068405809,13.164186014618974,1.5627626331427857,0.0,0.0,0.0,0.0,0.0,0.0,0.0,0.0,63.135212266816666,7.157634810754388,True,False,True,False,True,7.998956676156972,0,0.9816692126093597,0.934592417719761,False,False,False,False,0.12705597664802443,0.09243288381356726,False,False,False,False,846732.0,807086.2554197118,False,False,False,False,24543.22674534204,False,False,False,False
2025-08-22 17:00:00+00:00,13.94,14.035,13.93,13.95,16183.0,,,,,,13.450361764102457,13.464262838217694,13.39282822556184,13.368525340331988,13.084074682158867,,,,,,,13.214450068756129,13.117756787156072,13.150214964854747,13.256751327346475,13.32523419522928,11.84050369976471,,,"rgba(38, 166, 154, 1.0)",0.0,0.0,0.5060239106979939,13.170992647830962,1.5394674751525044,0.0,0.0,0.0,0.0,0.0,0.0,0.0,0.0,65.62136969242945,9.244180912639422,True,False,True,False,True,8.096211750119672,0,0.9859409799554563,0.9304008908685967,False,False,False,False,0.13066685165874248,0.11154986773615487,False,False,False,False,862915.0,807951.8173511891,False,False,False,False,24413.610826809603,False,False,False,False
2025-08-22 18:00:00+00:00,13.955,14.105,13.91,14.085,11063.0,,,,,,13.458757504238392,13.469353743174397,13.394845664135298,13.37054147673138,13.086116434387371,,,,,,,13.2198856314346,13.122854777322674,13.1543648080604,13.259816059451143,13.327328977104484,11.843130563053844,,,"rgba(38, 166, 154, 1.0)",0.0,0.0,0.5168296284703087,13.175894499958218,1.7590042249174376,0.0,0.0,0.0,0.0,0.0,0.0,0.0,0.0,68.38840729773067,11.733851061416345,True,False,True,False,True,9.407779499674,0,0.9910627007401199,0.9258483452031837,False,False,False,False,0.13669256196508622,0.12412121485062055,False,False,False,False,873978.0,808975.4790976822,False,False,False,False,24206.62461244046,False,False,False,False
2025-08-22 19:00:00+00:00,14.08,14.295,14.065,14.25,34705.0,,,,,,13.490942189097114,13.489389785007557,13.402756094246628,13.37838962374459,13.093604240365702,,,,,,,13.239946166186076,13.14140372182492,13.169603198024049,13.271354060774641,13.335383843300088,11.851966895179872,,,"rgba(38, 166, 154, 1.0)",0.0,0.0,0.5280467151050415,13.266514943273018,1.8624963068491822,0.0,0.0,0.0,0.0,0.0,0.0,0.0,0.0,71.40385973809579,14.536425335021988,True,False,True,False,True,10.973182054942558,0,0.9976193810390699,0.9186388460999858,False,False,False,False,0.17856452829260475,0.15134287157161264,False,False,False,False,908683.0,810521.3321349273,False,False,False,False,24369.3901223251,False,False,False,False
2025-08-25 14:00:00+00:00,14.015,14.02,13.86,13.905,8009.0,,,,,,13.495262209511926,13.49213765102651,13.403940144090145,13.379583039235637,13.094893313868708,,,,,,13.928333333333331,13.243171470240503,13.144509053597293,13.172138307318228,13.2732028813285,13.336639397392442,11.85375930740093,,,"rgba(38, 166, 154, 1.0)",0.0,0.0,0.5309043109518685,13.26644653646424,1.2027656403672524,0.0,0.0,0.0,0.0,0.0,0.0,0.0,0.0,67.20404755672385,14.536425335021988,True,False,True,False,False,6.807593261294006,0,0.9853882549401612,0.9184525466184247,False,False,False,False,0.12044451959807999,0.13589369558484632,False,False,False,False,900674.0,811919.047915781,False,False,False,False,24115.740663064247,False,False,False,False
2025-08-25 15:00:00+00:00,13.895,14.04,13.825,14.03,8417.0,,,,,,13.500087968545815,13.495228321813451,13.405265384392322,13.380915113489358,13.096303184922224,,,,,,13.947122042290676,13.246708329355389,13.147897710349914,13.174912671594976,13.275242825831342,13.338034609797814,11.855672932484936,,,"rgba(38, 166, 154, 1.0)",0.0,0.0,0.5336243575351907,13.26767875509945,1.4285728043257044,0.0,0.0,0.0,0.0,0.0,0.0,0.0,0.0,65.63056187655708,14.536425335021988,True,False,True,False,False,8.007654533051973,0,0.984126984126984,0.9280797864868661,False,False,False,False,0.11864323604978713,0.1272684658173167,False,False,False,False,909091.0,813425.5898085596,False,False,False,False,23872.349334954724,False,False,False,False
2025-08-25 16:00:00+00:00,14.03,14.05,13.94,14.015,7100.0,,,,,,13.504397230746397,13.49800520591595,13.406451318560674,13.382104297843822,13.097538955042719,,,,,,13.963583269574086,13.249815867047289,13.150861755375578,13.177345790698142,13.277045228425886,13.339275253561855,11.857312452241601,,,"rgba(38, 166, 154, 1.0)",0.0,0.0,0.5390834146287727,13.269397637519026,1.3830927501162629,0.0,0.0,0.0,0.0,0.0,0.0,0.0,0.0,64.3334452671361,21.40866553004041,True,False,True,False,False,7.829167828757193,0,0.981805359661495,0.9246826516220026,False,False,False,False,0.13367850054585179,0.13047348318158425,False,False,False,False,901991.0,814798.6969433106,False,False,False,False,23612.312911156976,False,False,False,False
2025-08-25 17:00:00+00:00,14.015,14.04,13.93,13.955,5654.0,,,,,,13.507595055015935,13.500078925697046,13.407350194926813,13.383007417080165,13.098491681475899,,,,,,13.965795407813568,13.252185155500904,13.153133936461973,13.179210806685147,13.27842157937453,13.340220271918938,11.858600059454691,,,"rgba(38, 166, 154, 1.0)",0.0,0.0,0.5407021211200048,13.270647912608563,1.2656730215407272,0.0,0.0,0.0,0.0,0.0,0.0,0.0,0.0,62.42157096166744,19.324773542491897,True,False,True,False,False,7.108541737027835,0,0.9789280158393434,0.9258944986564841,False,False,False,False,0.13126899119558216,0.1308712371885832,False,False,False,False,896337.0,816062.8566806235,False,False,False,False,23333.889455170047,False,False,False,False
2025-08-25 18:00:00+00:00,13.96,14.04,13.92,13.97,8208.0,,,,,,13.512177081969687,13.503067943472134,13.408653877807913,13.384317281291684,13.099873716224819,,,,,,13.968182037017222,13.255605135097728,13.156416933670524,13.181908449638087,13.280414774598569,13.341590769588908,11.860467984740648,,,"rgba(38, 166, 154, 1.0)",0.0,0.0,0.5426696355364109,13.272601925404084,1.285124556317882,0.0,0.0,0.0,0.0,0.0,0.0,0.0,0.0,61.34169631473702,17.96666694049044,True,False,True,False,False,7.258888104069104,0,0.9774883194110151,0.925668979187314,False,False,False,False,0.13006480632385986,0.13046802175622152,False,False,False,False,904545.0,817434.6728561177,False,False,False,False,23099.3795411364,False,False,False,False
2025-08-25 19:00:00+00:00,13.97,14.105,13.92,14.075,27269.0,,,,,,13.528558374128812,13.513891119836968,13.413370334468443,13.389040134514092,13.104728842663466,,,,,,13.995659505802411,13.267613883643302,13.16787907170261,13.191370873686429,13.287488082154814,13.346504337427815,11.866815649617074,,,"rgba(38, 166, 154, 1.0)",0.0,0.0,0.5452347457085018,13.281202059326105,1.455882896168692,0.0,0.0,0.0,0.0,0.0,0.0,0.0,0.0,61.98231239056874,17.96666694049044,True,False,True,False,False,8.313727181691142,0,0.9779598756710933,0.922153150607516,False,False,False,False,0.13789887496410438,0.13418344836016294,False,False,False,False,931814.0,819207.9957575732,False,False,False,False,23164.024819568396,False,False,False,False
2025-08-26 14:00:00+00:00,14.16,14.225,13.905,13.97,9937.0,,,,,,13.534274711407113,13.517726129897227,13.41507138502353,13.390744130284583,13.106485550356998,,,,,,14.00067820468134,13.271898272232521,13.17198181122828,13.194766966770713,13.290032714902596,13.348277564947788,11.869119569690364,,,"rgba(38, 166, 154, 1.0)",0.0,0.0,0.5459856530470552,13.28428976516985,1.2559125519202115,0.0,0.0,0.0,0.0,0.0,0.0,0.0,0.0,60.27700831829944,16.20110145634176,True,False,True,False,False,7.010626584456414,0,0.9754618530531657,0.9251163446622477,False,False,False,False,0.15058996083434759,0.14238670459725528,False,False,False,False,921877.0,820799.7632652076,False,False,False,False,22958.954667327023,False,False,False,False
2025-08-26 15:00:00+00:00,13.97,14.01,13.92,13.955,6203.0,,,,,,13.537274796617325,13.5197627200456,13.416005973909295,13.39168513595442,13.107494247426903,,,,,,13.9976831854318,13.27429906528072,13.17431176257756,13.196693071038744,13.291460068498708,13.349264523771973,11.870507727064915,,,"rgba(38, 166, 154, 1.0)",0.0,0.0,0.5458399016177576,13.285765783323091,1.2260632003879446,0.0,0.0,0.0,0.0,0.0,0.0,0.0,0.0,58.837014815373166,14.462145614014489,True,False,True,False,False,6.824066674036644,1,0.9723567968082073,0.9394414363066399,False,False,False,False,0.1264544869121705,0.13442059575471288,False,False,False,False,915674.0,822270.6816641967,False,False,False,False,22699.17242442273,False,False,False,False
2025-08-26 16:00:00+00:00,13.96,14.035,13.935,13.965,6513.0,,,,,,13.540501756924352,13.521960971999068,13.417013704077911,13.392698629891113,13.108571412699805,,,,,,13.996239758714157,13.276862606372195,13.176794876840686,13.198748884427044,13.29298934788408,13.350325504105637,11.871974878829826,,,"rgba(38, 166, 154, 1.0)",0.0,0.0,0.5486094214440559,13.287427239221463,1.2350731400037245,0.0,0.0,0.0,0.0,0.0,0.0,0.0,0.0,58.05100939346579,13.338399605135542,False,False,True,False,False,6.929405967312903,0,0.9653137593552101,0.9466033390903856,False,False,False,False,0.13126899119558216,0.13284479347514752,False,False,False,False,922187.0,823819.7718709533,False,False,False,False,22448.224014741754,False,False,False,False
2025-08-26 17:00:00+00:00,13.96,14.02,13.93,13.975,3948.0,,,,,,13.542420247388556,13.523273603379804,13.417619188710892,13.393307791782682,13.109220566734953,,,,,,13.995320885109614,13.278400144628732,13.178286390742773,13.199984499571414,13.293908551480682,13.350963496119219,11.872861825870558,,,"rgba(38, 166, 154, 1.0)",0.0,0.0,0.5357328734654941,13.288422126572579,1.281567563674329,0.0,0.0,0.0,0.0,0.0,0.0,0.0,0.0,57.71788013186247,12.610933685563971,False,False,True,False,False,7.036560016048082,0,0.9565280184864238,0.9498844598497976,False,False,False,False,0.12886099642663829,0.13085289495089292,False,False,False,False,926135.0,825406.0544776052,False,False,False,False,22161.398836218625,False,False,False,False
2025-08-26 18:00:00+00:00,13.97,13.995,13.85,13.885,9148.0,,,,,,13.546142891303772,13.525852619482762,13.41885410954898,13.394557228831797,13.110608356256245,,,,,,13.987547291330529,13.281606897201145,13.181440862302779,13.202593648996826,13.295826604328866,13.35228334465023,11.874850659816289,,,"rgba(38, 166, 154, 1.0)",0.0,0.0,0.5296379181329514,13.290190902961978,1.123048551989646,0.0,0.0,0.0,0.0,0.0,0.0,0.0,0.0,55.26017381140704,9.950900393906338,False,False,True,False,False,5.867492866230759,0,0.9515055008685582,0.9535321366531558,False,False,False,False,0.11624271408678852,0.12354780451884072,False,False,False,False,916987.0,826825.9140981074,False,False,False,False,21959.640714726862,False,False,False,False
2025-08-26 19:00:00+00:00,13.885,14.055,13.87,14.03,26070.0,,,,,,13.558453545350662,13.53441591555822,13.422871908156866,13.398598263629827,13.114905619242053,,,,,,13.987022228196125,13.291639130732907,13.191193342914127,13.21070239899311,13.301887302020477,13.356511937145314,11.880705290108168,,,"rgba(38, 166, 154, 1.0)",0.0,0.0,0.5186718311884211,13.29695874770671,1.4133045371168271,0.0,0.0,0.0,0.0,0.0,0.0,0.0,0.0,56.52897731892384,9.950900393906338,False,False,True,False,False,7.450039557569948,0,0.9480913823019086,0.953585887796414,False,False,False,False,0.12585308817785298,0.12470044634834684,False,False,False,False,943057.0,828627.9464376715,False,False,False,False,22023.367215273734,False,False,False,False
2025-08-27 14:00:00+00:00,13.98,14.09,13.8,13.905,14959.0,,,,,,13.564365643810994,13.53862213703176,13.424935382403918,13.40068350848162,13.117202399784388,,,,,,13.981167497436983,13.2968345422641,13.196314336776378,13.214964481017923,13.305049274558744,13.358709141880967,11.883965266397295,,,"rgba(38, 166, 154, 1.0)",0.0,0.0,0.504341797443489,13.356919347979211,1.0867246276216083,0.0,0.0,0.0,0.0,0.0,0.0,0.0,0.0,54.50906950857274,8.909777050218857,False,False,True,False,False,5.822533476311378,1,0.9451738565863512,0.9557062472947625,False,False,False,False,0.1382722842181934,0.13148636528327012,False,False,False,False,928098.0,830170.1178107309,False,False,False,False,21913.842142168716,False,False,False,False
2025-08-27 15:00:00+00:00,13.905,13.94,13.85,13.93,8281.0,,,,,,13.567341290169972,13.540766853170245,13.426014496968058,13.401776837716433,13.118429448040832,,,,,,13.977046752963387,13.299562669426836,13.199023526139102,13.217220737654893,13.306716770832326,13.359865508321723,11.885743492520232,,,"rgba(38, 166, 154, 1.0)",0.0,0.0,0.4967763921360026,13.357998924587221,1.1514256403234668,0.0,0.0,0.0,0.0,0.0,0.0,0.0,0.0,53.6860200287864,7.929144334034596,False,False,True,False,False,6.1000918375515205,1,0.9511414861131308,0.9589937472735205,False,False,False,False,0.22456646069195688,0.1780264129876135,False,False,False,False,936379.0,831816.7671469987,False,False,False,False,21702.48024849168,False,False,False,False
2025-08-27 16:00:00+00:00,13.93,14.105,13.9,14.075,8638.0,,,,,,13.571468947272054,13.543702573708305,13.4274147372241,13.403182144011355,13.119899576651992,,,,,,13.97975345323347,13.30293988954681,13.202303079998927,13.219965548511196,13.308792273836556,13.361330112887252,11.887704993947903,,,"rgba(38, 166, 154, 1.0)",0.0,0.0,0.4852712810543137,13.361772103465986,1.4697508885842874,0.0,0.0,0.0,0.0,0.0,0.0,0.0,0.0,55.87808749304355,7.929144334034596,False,False,True,False,True,7.698243455932701,1,0.9618656497506599,0.9460252273393956,False,False,False,False,0.28254292783811064,0.23028467041286207,False,False,False,False,945017.0,833571.8095168127,False,False,False,False,21499.930167119717,False,False,False,False
2025-08-27 17:00:00+00:00,14.075,14.125,13.98,14.015,6034.0,,,,,,13.574391726198476,13.54578837552427,13.428410673411252,13.404180977647094,13.120938760986805,,,,,,13.98196485347673,13.305323586487624,13.204615412121939,13.221903403483376,13.31026180998792,13.362369814906826,11.889081580714185,,,"rgba(38, 166, 154, 1.0)",0.0,0.0,0.47319574830728744,13.36417239723082,1.3753876806740466,0.0,0.0,0.0,0.0,0.0,0.0,0.0,0.0,55.85480784714892,7.929144334034596,False,False,True,False,True,6.896159106392602,1,0.9739452257586971,0.9415247964470762,False,False,False,False,0.2993061769659576,0.26479542368940984,False,False,False,False,938983.0,835206.0915398079,False,False,False,False,21260.148304063598,False,False,False,False
2025-08-27 18:00:00+00:00,14.015,14.05,13.995,14.005,3687.0,,,,,,13.57607116999002,13.54699450427556,13.428994478582819,13.404767420471204,13.12155649524178,,,,,,13.98272609450146,13.306726521964803,13.205982771492131,13.223049359990394,13.311128229079763,13.362981723597215,11.889912744985542,,,"rgba(38, 166, 154, 1.0)",0.0,0.0,0.4575214758902333,13.36536294125473,1.3980481626587724,0.0,0.0,0.0,0.0,0.0,0.0,0.0,0.0,55.58501302974966,7.929144334034596,False,False,True,False,True,6.761295677814182,1,0.9759071980963712,0.9344140392623439,False,False,False,False,0.2892291900727301,0.27701230688107,False,False,False,False,935296.0,836757.8730663224,False,False,False,False,20987.69639237269,False,False,False,False
2025-08-27 19:00:00+00:00,14.005,14.05,13.97,14.03,10755.0,,,,,,13.580898048511171,13.55047775087685,13.430690840656915,13.40647167965648,13.12335357171124,,,,,,13.98476731159947,13.31078745897617,13.20994518802103,13.226373321245285,13.313643479691498,13.364760143844382,11.89233355008484,,,"rgba(38, 166, 154, 1.0)",0.0,0.0,0.44566149841673175,13.368621145209493,1.4840385744340427,0.0,0.0,0.0,0.0,0.0,0.0,0.0,0.0,55.95988929344591,7.929144334034596,False,False,True,False,True,7.0467619158114445,1,0.9723921802716013,0.9364273988956872,False,False,False,False,0.2850473633071449,0.28102983509410745,False,False,False,False,946051.0,838452.3401505655,False,False,False,False,20829.04993667699,False,False,False,False
2025-08-28 14:00:00+00:00,14.45,14.545,14.185,14.185,7658.0,,,,,14.305,13.586502799761464,13.55444125249657,13.4324841766925,13.40825009015771,13.125040366160494,,,,,,13.997917444196586,13.314820414513884,13.2137430619683,13.229580533212395,13.316153599025203,13.366578039794295,11.894287407947283,,,"rgba(38, 166, 154, 1.0)",0.0,0.0,0.435773693230312,13.446717842016303,1.6941870733658664,0.0,0.0,0.0,0.0,0.0,0.0,0.0,0.0,59.171198571596705,5.710357303414504,True,False,True,False,True,8.798846821112079,1,0.9733609590054756,0.9279265946425926,False,True,False,False,0.3428282225591542,0.3119290288266308,False,False,False,False,953709.0,840239.2651094714,False,False,False,False,20624.847612077345,False,False,False,False
2025-08-28 15:00:00+00:00,14.18,14.26,14.01,14.21,10989.0,,,,,14.219548989113534,13.592802698831118,13.55897173748069,13.434619214186668,13.410379134574788,13.127156056656412,,,,,,14.006936850029792,13.319711613928744,13.21842904329544,13.23353355322093,13.31920848940472,13.368773240045844,11.89691730601954,,,"rgba(38, 166, 154, 1.0)",0.0,0.0,0.42438745470570277,13.44721200133931,1.7973858326930447,0.0,0.0,0.0,0.0,0.0,0.0,0.0,0.0,61.72381191435609,8.142969731153144,True,False,True,False,True,9.078586285428525,1,0.9672786496890731,0.9381107491856675,False,False,False,False,0.27116619893103444,0.29154761387883266,False,False,False,False,964698.0,842168.8578984719,False,False,False,False,20475.454625843588,False,False,False,False
2025-08-28 16:00:00+00:00,14.21,14.31,14.205,14.23,7384.0,,,,,14.22771400765754,13.597605945497346,13.56241992772473,13.436220662269779,13.411970754783882,13.128694000171519,,,,,,14.015637733227244,13.323308719420806,13.221844738577236,13.236422410076319,13.32146316802143,13.370405398466156,11.89874986723329,,,"rgba(38, 166, 154, 1.0)",0.0,0.0,0.40684107174365974,13.45145476251812,1.9136348111196164,0.0,0.0,0.0,0.0,0.0,0.0,0.0,0.0,63.77163460627864,10.052443255598277,True,False,True,False,True,9.305198388381264,0,0.9734263657957244,0.933937054631829,False,False,False,False,0.3089524961291808,0.3002500550040067,False,False,False,False,972082.0,844183.015140356,False,False,False,False,20272.48633707082,False,False,False,False
2025-08-28 17:00:00+00:00,14.24,14.325,14.185,14.32,7079.0,,,,,14.238180207389512,13.602342806587426,13.565828676446298,13.437803412580136,13.413542465743578,13.130201673044406,,,,,,14.024356350854015,13.326836006002834,13.225187943257644,13.239253655863376,13.32368022838535,13.372014778138935,11.900525207211043,,,"rgba(38, 166, 154, 1.0)",0.0,0.0,0.40461693595885967,13.455699022268448,2.1360968879944076,0.0,0.0,0.0,0.0,0.0,0.0,0.0,0.0,66.6018998086209,12.65990612454798,True,False,True,False,True,10.326072665448432,0,0.9718017215791033,0.9326209557732262,False,False,False,False,0.3081730777730352,0.304211566388521,False,False,False,False,979161.0,846275.6970761644,False,False,False,False,20067.936161302277,False,False,False,False
2025-08-28 18:00:00+00:00,14.32,14.45,14.26,14.345,9210.0,,,,,14.262877993068685,13.609082120155097,13.570677977912185,13.440037029773494,13.415755721080549,13.132285217995989,,,,,,14.037987497173864,13.331745526376382,13.229813961849613,13.243178847722184,13.326775132774118,13.374272977813353,11.902903795779157,,,"rgba(38, 166, 154, 1.0)",0.0,0.0,0.4055779659773897,13.462316174142307,2.176360403925152,0.0,0.0,0.0,0.0,0.0,0.0,0.0,0.0,68.86774890935942,14.714256569204338,True,False,True,False,True,10.609690275611502,0,0.974000891398009,0.9316594859604812,False,False,False,False,0.3396459332626716,0.32192874982559627,False,False,False,False,988371.0,848478.725028472,False,True,False,False,19899.596065778213,False,True,False,False
2025-08-28 19:00:00+00:00,14.345,14.435,14.265,14.285,30600.0,,,,,14.29034553848967,13.629951093525197,13.585899762129399,13.447192442371033,13.422853326345415,13.139025497811124,,,,,,14.073278788480636,13.347359242882868,13.244600563815371,13.255753221501298,13.33669430111178,13.381524259364546,11.910698568198999,,,"rgba(38, 166, 154, 1.0)",0.0,0.0,0.4056313397454062,13.478838635873085,1.9874237642310886,0.0,0.0,0.0,0.0,0.0,0.0,0.0,0.0,67.94024850243457,14.714256569204338,True,False,True,False,True,9.700043554214755,0,0.9704528582034149,0.9336302895322938,False,False,False,False,0.33805727362083327,0.32999301172321477,False,False,False,False,957771.0,850173.1789039995,False,False,False,False,20065.493801192504,False,False,False,False
2025-08-29 14:00:00+00:00,14.315,14.315,14.05,14.115,9423.0,,,,,14.275429322063403,13.634645071605005,13.589429730117715,13.44895620826284,13.424614591751018,13.140794217127711,,,,,,14.076407649335883,13.351261059372893,13.248379265626511,13.258968381513279,13.339197558310854,13.383342019154652,11.912922393228827,,,"rgba(38, 166, 154, 1.0)",0.0,0.0,0.40075527793487814,13.480802979799577,1.5825044737239335,0.0,0.0,0.0,0.0,-1.0,14.265,14.245,0.0,62.011684710232196,16.69104491516751,True,False,True,False,False,7.175607628525114,0,0.9759090228939097,0.935807272183151,False,False,False,False,0.28572299133998064,0.3078580015315977,False,False,False,False,948348.0,851695.2691535498,False,False,False,False,19900.493897298045,False,False,False,False
2025-08-29 15:00:00+00:00,14.115,14.245,14.08,14.205,11611.0,,,,,14.263224060000994,13.640495784317189,13.593845422873233,13.451168210544761,13.426822202592447,13.143000720854518,,,,,,14.080675155678732,13.356115668319013,13.253077032542912,13.262971490255893,13.34232341844712,13.385618033669253,11.915676824875055,,,"rgba(38, 166, 154, 1.0)",0.0,0.0,0.39631332585735757,13.483656815495928,1.8201335595858816,0.0,0.0,0.0,0.0,0.0,0.0,0.0,0.0,60.14531734485955,15.121034839927589,False,False,True,False,False,8.250332592452864,0,0.9786434050233114,0.9299142728229808,False,False,False,False,0.27957976956138864,0.29371888554649317,False,False,False,False,959959.0,853373.7766085336,False,False,False,False,19771.974612068618,False,False,False,False
2025-08-29 16:00:00+00:00,14.205,14.225,14.15,14.18,6708.0,,,,,14.258011298537019,13.643870342721954,13.596402403258281,13.452454636834211,13.428105812921437,13.144281443562534,,,,,,14.083179023609503,13.358922594617516,13.255793750540509,13.265289269928637,13.344136634712493,13.386940798434795,11.917270938337,,,"rgba(38, 166, 154, 1.0)",0.0,0.0,0.3887501571505169,13.485415018149945,1.7867130574075214,0.0,0.0,0.0,0.0,0.0,0.0,0.0,0.0,58.19116242844102,13.352935381033127,False,False,True,False,False,7.87809297078784,0,0.9792556436851737,0.9370042708968882,False,False,False,False,0.2872620664941467,0.29049047602031997,False,False,False,False,953251.0,854922.2606921222,False,False,False,False,19569.43237002104,False,False,False,False
2025-08-29 17:00:00+00:00,14.175,14.215,14.09,14.16,7983.0,,,,,14.250442250755519,13.64761255564309,13.59926307921409,13.453917254247328,13.429567425490953,13.145757681015906,,,,,,14.085173446966404,13.362117946876918,13.258902551096856,13.267942973539908,13.34620772366464,13.388450328088869,11.919140072815207,,,"rgba(38, 166, 154, 1.0)",0.0,0.0,0.3924029345748189,13.487193146898836,1.7145816043148916,0.0,0.0,0.0,0.0,0.0,0.0,0.0,0.0,56.293797269840915,11.557911313004759,False,True,True,False,False,7.576682757188745,1,0.9799663557118823,0.9244532803180913,False,False,False,False,0.276515881609053,0.28350317881468645,False,False,False,False,945268.0,856322.9698286784,False,False,False,False,19389.79775963312,False,False,False,False
2025-08-29 18:00:00+00:00,14.16,14.17,14.01,14.03,5346.0,,,,,14.241979790802198,13.649673409065535,13.600871959832107,13.454774989333364,13.430428643106069,13.146660810611142,,,,,,14.084896427054984,13.364015619805244,13.260776100159346,13.269541813752888,13.347443630208206,13.38934617966905,11.920342517586835,,,"rgba(38, 166, 154, 1.0)",0.0,0.0,0.3933731809100945,13.487803327170212,1.3783264826935577,0.0,0.0,0.0,0.0,0.0,0.0,0.0,0.0,51.638486720111004,7.223065554487192,False,True,False,False,False,5.631719428565965,0,0.975493950068923,0.9277071527033234,False,False,False,False,0.2574783703308786,0.27049077457278253,False,False,False,False,939922.0,857619.0788235826,False,False,False,False,19172.064461034155,False,False,False,False
2025-08-29 19:00:00+00:00,14.015,14.09,13.97,14.03,19835.0,,,,,14.210561238722919,13.6564358662218,13.606245532152823,13.457731078575394,13.433405254672516,13.149851784770059,,,,,,14.081413779574573,13.370574496259744,13.267312549293617,13.275124948858448,13.351740683162951,13.392455406227946,11.924709368030435,,,"rgba(38, 166, 154, 1.0)",0.0,0.0,0.3950109817151189,13.489421289267577,1.3685156508440732,0.0,0.0,0.0,0.0,0.0,0.0,0.0,0.0,48.5349463536244,4.411593537650106,False,True,False,True,False,5.631719428565965,0,0.9778290993071591,0.9285604311008466,False,False,False,False,0.23937275342475453,0.25493176399876855,False,False,False,False,939922.0,858895.0931053875,False,False,False,False,19182.34253140572,False,False,False,False
2025-09-01 14:00:00+00:00,14.03,14.03,14.03,14.03,0.0,,,,,14.210561238722919,13.6564358662218,13.606245532152823,13.457731078575394,13.433405254672516,13.149851784770059,,,,,,14.081413779574573,13.370574496259744,13.267312549293617,13.275124948858448,13.351740683162951,13.392455406227946,11.924709368030435,,,"rgba(38, 166, 154, 1.0)",0.0,0.0,0.3967559669332819,13.489421289267577,1.3624967380095518,0.0,0.0,0.0,0.0,0.0,0.0,0.0,0.0,46.46591944263332,2.5013271741728005,False,True,False,True,False,5.631719428565965,0,0.9821788315512164,0.9248411591507825,False,False,False,False,0.23937275342475403,0.24715225871176127,False,False,False,False,939922.0,860151.3242200327,False,False,False,False,18884.94187200408,False,False,False,False
2025-09-01 15:00:00+00:00,14.03,14.03,14.03,14.03,0.0,,,,,14.210561238722919,13.6564358662218,13.606245532152823,13.457731078575394,13.433405254672516,13.149851784770059,,,,,,14.081413779574573,13.370574496259744,13.267312549293617,13.275124948858448,13.351740683162951,13.392455406227946,11.924709368030435,,,"rgba(38, 166, 154, 1.0)",0.0,0.0,0.39723908656092494,13.489421289267577,1.3608396782211238,0.0,0.0,0.0,0.0,0.0,0.0,0.0,0.0,45.086568168639275,1.1201014687253874,False,True,False,True,False,5.631719428565965,0,0.9856002504304271,0.9239317577085614,False,False,False,False,0.23937275342475403,0.24326250606825767,False,False,False,False,939922.0,861388.078883288,False,False,False,False,18592.152075538903,False,False,False,False
2025-09-01 16:00:00+00:00,14.03,14.03,14.03,14.03,0.0,,,,,14.210561238722919,13.6564358662218,13.606245532152823,13.457731078575394,13.433405254672516,13.149851784770059,,,,,,14.081413779574573,13.370574496259744,13.267312549293617,13.275124948858448,13.351740683162951,13.392455406227946,11.924709368030435,,,"rgba(38, 166, 154, 1.0)",0.0,0.0,0.39891335508444775,13.489421289267577,1.3551281345744484,0.0,0.0,0.0,0.0,0.0,0.0,0.0,0.0,44.16700065264324,0.049949736195358696,False,True,False,True,False,5.631719428565965,0,0.9990424513246089,0.9174912224704754,False,False,False,False,0.23937275342475403,0.24131762974650584,False,False,False,False,939922.0,862605.6590556401,False,False,False,False,18303.901655763104,False,False,False,False
2025-09-01 17:00:00+00:00,14.03,14.03,14.03,14.03,0.0,,,,,14.210561238722919,13.6564358662218,13.606245532152823,13.457731078575394,13.433405254672516,13.149851784770059,,,,,,14.081413779574573,13.370574496259744,13.267312549293617,13.275124948858448,13.351740683162951,13.392455406227946,11.924709368030435,,,"rgba(38, 166, 154, 1.0)",0.0,0.0,0.39937871796106744,13.489421289267577,1.3535491162178537,0.0,0.0,0.0,0.0,0.0,0.0,0.0,0.0,43.55395564197922,-0.8334826353260922,False,True,False,True,False,5.631719428565965,0,0.999032726100274,0.918265355473158,False,False,False,False,0.23937275342475403,0.24034519158562995,False,False,False,False,939922.0,863804.3620160178,False,False,False,False,18020.12023474352,False,False,False,False
2025-09-01 18:00:00+00:00,14.03,14.03,14.03,14.03,0.0,,,,,14.210561238722919,13.6564358662218,13.606245532152823,13.457731078575394,13.433405254672516,13.149851784770059,,,,,,14.081413779574573,13.370574496259744,13.267312549293617,13.275124948858448,13.351740683162951,13.392455406227946,11.924709368030435,,,"rgba(38, 166, 154, 1.0)",0.0,0.0,0.39561988080726557,13.489421289267577,1.36640936656006,0.0,0.0,0.0,0.0,0.0,0.0,0.0,0.0,43.14525896820321,-1.5988600215810536,False,True,False,True,False,5.631719428565965,0,0.9941548952752068,0.9194674460139631,False,False,False,False,0.23937275342475403,0.239858972505192,False,False,False,False,939922.0,864984.4804343741,False,False,False,False,17740.73852567773,False,False,False,False
2025-09-01 19:00:00+00:00,14.03,14.03,14.03,14.03,0.0,,,,,14.210561238722919,13.6564358662218,13.606245532152823,13.457731078575394,13.433405254672516,13.149851784770059,,,,,,14.081413779574573,13.370574496259744,13.267312549293617,13.275124948858448,13.351740683162951,13.392455406227946,11.924709368030435,,,"rgba(38, 166, 154, 1.0)",0.0,0.0,0.38723933982250636,13.489421289267577,1.3959808705907824,0.0,0.0,0.0,0.0,0.0,0.0,0.0,0.0,42.8727945190192,-2.282588922241814,False,True,False,True,False,5.631719428565965,0,0.9986917416189696,0.9143090760425182,False,False,False,False,0.23937275342475403,0.239615862964973,False,False,False,False,939922.0,866146.3024431434,False,False,False,False,17465.6883159773,False,False,False,False
2025-09-02 14:00:00+00:00,13.705,13.755,13.18,13.335,26916.0,,,,,14.078741140046368,13.650944014667841,13.603189348233318,13.457492863096146,13.433337855285915,13.151185854160442,,,,,13.423333333333334,14.029251371334116,13.371270278546755,13.2690911181576,13.276586952692153,13.352347118522097,13.39265743099274,11.928907046609119,,,"rgba(239, 83, 80, 1.0)",0.0,0.0,0.38144282747286606,13.474611731692558,-0.36600958685607704,0.0,0.0,0.0,0.0,0.0,0.0,0.0,0.0,32.43943663127352,-12.129604932507611,False,True,False,True,False,0.0,0,0.9831433616952961,0.914914111414352,False,False,False,False,0.075368171665887,0.15749201731543,False,False,False,False,913006.0,866872.8093820094,False,False,False,False,17612.204776194707,False,False,False,False
2025-09-02 15:00:00+00:00,13.33,13.395,13.105,13.185,34948.0,,,,,13.926868014035806,13.638399957420377,13.59522973302217,13.455450645330906,13.431571973179388,13.1516714130285,,,,,13.31317459804302,13.954514418455627,13.368863917366523,13.268496648638688,13.27597672735264,13.35099800841273,13.391273240872392,11.93361577189617,,,"rgba(239, 83, 80, 1.0)",0.0,0.0,0.38263518484915726,13.464506835281037,-0.7304786552528467,0.0,0.0,0.0,0.0,0.0,0.0,0.0,0.0,24.905366759395555,-18.752247353059406,False,True,False,True,False,0.0,0,0.9753481671202175,0.9295661917720505,True,False,False,False,0.013484673469708537,0.08548834539256926,False,False,False,False,878058.0,867046.2231900403,True,False,False,False,17880.97679516843,False,False,False,False
2025-09-02 16:00:00+00:00,13.18,13.31,13.13,13.215,20426.0,,,,,13.859901526649269,13.631236757976382,13.590609605673592,13.454221984045242,13.430503793812905,13.151915736005684,,,,,13.289633126746873,13.916440264407457,13.367397189079549,13.268072635119054,13.275553793266285,13.350159821037971,13.390425978732845,11.936330970065296,,,"rgba(239, 83, 80, 1.0)",0.0,0.0,0.38308344773403097,13.454050090637292,-0.6240157126372659,0.0,0.0,0.0,0.0,0.0,0.0,0.0,0.0,20.863642163930336,-22.06018135563116,False,True,False,True,False,0.0,0,0.9743054440340453,0.936405973984262,False,False,False,False,0.004967768393926398,0.04522805689324783,False,False,False,False,898484.0,867533.6305824427,False,False,False,False,17920.434519274346,False,False,False,False
2025-09-02 17:00:00+00:00,13.215,13.29,13.2,13.255,18325.0,,,,,13.81209850950417,13.625467167097122,13.586886380176395,13.453269302490591,13.42968877146064,13.15223172924015,,,,,13.282111199456676,13.886815491529774,13.36636541257359,13.26792407406038,13.27537578919734,13.349585899514777,13.389804179496206,11.938813911472169,,,"rgba(239, 83, 80, 1.0)",0.0,0.0,0.38610859462942687,13.44666328085178,-0.49639734395379315,0.0,0.0,0.0,0.0,0.0,0.0,0.0,0.0,19.526171484854668,-23.077326046564977,False,True,False,True,False,0.0,0,0.9701492537313431,0.9466255678131084,False,False,False,False,0.01206508680592278,0.028646571849585308,False,False,False,False,916809.0,868297.5897982188,False,False,False,False,17926.706852308853,False,False,False,False
2025-09-02 18:00:00+00:00,13.255,13.38,13.235,13.3,18445.0,,,,,13.775111756549066,13.6206793601372,13.583833413678766,13.452581944077915,13.42912978377756,13.15273402443668,,,,,13.285657175653734,13.861957513735883,13.365834781933348,13.268202828830596,13.275569505737085,13.349334382662192,13.389432283249967,11.941411377635925,,,"rgba(239, 83, 80, 1.0)",0.0,0.0,0.3865461174307216,13.4413327864627,-0.3656298177358615,0.0,0.0,0.0,0.0,0.0,0.0,0.0,0.0,20.180502454079477,-23.077326046564977,False,True,False,True,False,0.0,0,0.9613196814562,0.9468551925889808,False,False,False,False,0.02981526775968466,0.029230919804634985,False,False,False,False,935254.0,869335.6736773162,False,False,False,False,17934.742404986235,False,False,False,False
2025-09-02 19:00:00+00:00,13.305,13.38,13.24,13.38,40674.0,,,,,13.713901456828815,13.611514638968522,13.577990307597993,13.451375224410265,13.428192026903181,13.154034022505904,,,,,13.29779723373442,13.816441605453123,13.365226637954617,13.26926504196871,13.276390606393777,13.349137781036216,13.388894981955884,11.947222715895133,,,"rgba(239, 83, 80, 1.0)",0.0,0.0,0.38711623833397424,13.432108838220937,-0.13460773034269152,0.0,0.0,0.0,0.0,0.0,0.0,0.0,0.0,23.243209579639867,-23.077326046564977,False,True,False,True,True,0.0,0,0.9604556550040683,0.9471114727420665,False,False,False,False,0.030525591361592698,0.02987825558311384,False,False,False,False,975928.0,870988.2678838694,False,False,False,False,18287.28903436629,False,False,False,False
2025-09-03 14:00:00+00:00,13.48,13.565,13.345,13.405,22897.0,,,,,13.69396293967269,13.608460081083434,13.576180240691244,13.451301350964789,13.428247605780674,13.15518140401917,,,,,13.315416668948137,13.79896175012333,13.365988667669702,13.270803132980351,13.277676195435745,13.349750484007748,13.389160108702933,11.950719053073378,,,"rgba(239, 83, 80, 1.0)",0.0,0.0,0.3872282772972592,13.430029401335961,-0.06463732842719987,0.0,0.0,0.0,0.0,0.0,0.0,0.0,0.0,26.08740628861397,-23.077326046564977,False,True,False,True,True,0.0,0,0.9665475803832412,0.937804481974667,False,False,False,False,0.07180053299816368,0.05083939429063876,False,False,False,False,998825.0,872970.2327228792,False,False,False,False,18358.75742143038,False,False,False,False
2025-09-03 15:00:00+00:00,13.405,13.405,13.27,13.275,22786.0,,,,,13.668621008146571,13.603426749334131,13.57287566362285,13.45054668794696,13.427642357961034,13.15582737602743,,,,,13.315555325670873,13.77774934227416,13.365482303206212,13.271214626275702,13.277981808022673,13.349525861529544,13.388775281093455,11.953898962771976,,,"rgba(239, 83, 80, 1.0)",0.0,0.0,0.3883206161160714,13.425249341430927,-0.38692084631946577,0.0,0.0,0.0,0.0,0.0,0.0,0.0,0.0,26.22283063056213,-23.077326046564977,False,True,False,True,True,0.0,0,0.964250734573947,0.9469474371531178,False,False,False,False,0.03834134176708869,0.04459036802886372,False,False,False,False,976039.0,874568.1981070205,False,False,False,False,18427.396841253165,False,False,False,False
2025-09-03 16:00:00+00:00,13.275,13.425,13.255,13.41,16548.0,,,,,13.654421940596214,13.600456239475102,13.570955637087701,13.450193104267754,13.427390018540393,13.156428451438503,,,,,13.319117285758267,13.764922019524112,13.365466399284317,13.27181097442341,13.278464907225079,13.34959360899291,13.388677574423356,11.956277825562449,,,"rgba(239, 83, 80, 1.0)",0.0,0.0,0.38765435751551314,13.422774185185128,-0.03295251281837265,0.0,0.0,0.0,0.0,0.0,0.0,0.0,0.0,30.297672055928604,-26.706044688240887,False,True,False,True,True,0.0,0,0.9757465764725293,0.9450585711928723,False,False,False,False,0.03905208241238508,0.0418212252206244,False,False,False,False,992587.0,876397.9469735782,False,False,False,False,18398.25890572986,False,False,False,False
2025-09-03 17:00:00+00:00,13.4,13.43,13.28,13.32,13280.0,,,,,13.643228276763372,13.597928378083921,13.56929405813098,13.44984655474792,13.427126159135632,13.156861925589828,,,,,13.320484324852815,13.75470357175232,13.36533572313617,13.27218062893855,13.278758227930137,13.34956905522343,13.388538254849193,11.958154042654412,,,"rgba(239, 83, 80, 1.0)",0.0,0.0,0.3894003822000206,13.42064296261086,-0.2584562502025552,0.0,0.0,0.0,0.0,0.0,0.0,0.0,0.0,31.621064527605395,-25.196382036666936,False,True,False,True,True,0.0,0,0.9762101437303815,0.9401949446555428,False,False,False,False,0.0433173797157952,0.042569302468209794,False,False,False,False,979307.0,877993.4361677862,False,False,False,False,18318.906054478237,False,False,False,False
2025-09-03 18:00:00+00:00,13.31,13.42,13.28,13.37,13531.0,,,,,13.63309381550541,13.595535591513391,13.567724277358774,13.449539672065763,13.426901520310206,13.157332962691026,,,,,13.322452293093654,13.74511053579656,13.365283884491701,13.272623207044925,13.279115524934008,13.349597306407215,13.388438790358238,11.96007885906211,,,"rgba(239, 83, 80, 1.0)",0.0,0.0,0.3905974056918426,13.418734087618597,-0.1247680780989273,0.0,0.0,0.0,0.0,0.0,0.0,0.0,0.0,33.89727669213929,-22.755880310881352,False,True,False,True,True,0.0,0,0.9752902155887229,0.9432835820895522,False,False,False,False,0.04189544657652106,0.04223237452236543,False,False,False,False,992838.0,879773.9720411539,False,False,False,False,18244.67495285842,False,False,False,False
2025-09-03 19:00:00+00:00,13.365,13.395,13.305,13.335,35937.0,,,,,13.608357225969385,13.589105674625479,13.563441099842532,13.448633186331865,13.426213838915816,13.158500682102718,,,,,13.32529830624758,13.721040367567339,13.364966780453294,13.273616358781286,13.279908358489333,13.34954921441564,13.38808170734497,11.965122861248545,,,"rgba(239, 83, 80, 1.0)",0.0,0.0,0.39263658322468015,13.413719467396982,-0.20048938575836964,0.0,0.0,0.0,0.0,0.0,0.0,0.0,0.0,34.80327152736673,-21.56921335985475,False,True,False,True,True,0.0,0,0.9722867573846663,0.9430799867241951,False,False,False,False,0.04189544657652106,0.04206391054944325,False,False,False,False,956901.0,880969.7399164849,False,False,False,False,18518.974565992397,False,False,False,False
2025-09-04 14:00:00+00:00,13.285,13.33,13.12,13.22,16093.0,,,,,13.594101051771002,13.584949640294543,13.560537169371893,13.447761715590321,13.425453861080854,13.15868083076179,,,,,13.319843221212345,13.707983977274335,13.36398213051442,13.27330926405855,13.279605119649744,13.348960711255595,13.387477463803178,11.96717162067635,,,"rgba(239, 83, 80, 1.0)",0.0,0.0,0.39638823220486186,13.417719656901165,-0.4988030441806309,0.0,0.0,0.0,0.0,0.0,0.0,0.0,0.0,33.577506337001125,-21.56921335985475,False,True,False,True,True,0.0,0,0.9640430820215409,0.9491300745650372,False,False,False,False,0.006387169161349815,0.024225539855396532,False,False,False,False,940808.0,881897.46487902,False,False,False,False,18481.362557217322,False,False,False,False
2025-09-04 15:00:00+00:00,13.225,13.38,13.2,13.34,10212.0,,,,,13.587502603909087,13.58295755184748,13.559169097158643,13.447416243636972,13.425172170112912,13.158941305797635,,,,,13.319410580738095,13.701412832131318,13.363730391836397,13.273438040710781,13.279696849749003,13.348835942817919,13.387289824211964,11.968554244598684,,,"rgba(239, 83, 80, 1.0)",0.0,0.0,0.3987765862806276,13.417783073280157,-0.19505426335491924,0.0,0.0,0.0,0.0,0.0,0.0,0.0,0.0,36.196066650601566,-19.68425002358908,False,True,False,True,True,0.0,1,0.9716605899900561,0.9429897248922768,False,False,False,False,0.02484380447372775,0.024534672164562142,False,False,False,False,951020.0,882969.132090198,False,False,False,False,18353.155385787595,False,False,False,False
2025-09-04 16:00:00+00:00,13.34,13.42,13.29,13.35,8090.0,,,,,13.583320031174521,13.581662695884559,13.558294102831276,13.447234102565698,13.425037464655368,13.159211986296528,,,,,13.32027058759626,13.696955529807544,13.363694340793087,13.27368164090349,13.279894058117824,13.348846428822926,13.387227476938197,11.969685670676347,,,"rgba(239, 83, 80, 1.0)",0.0,0.0,0.39997300584573275,13.4180267095857,-0.17007825176066413,0.0,0.0,0.0,0.0,0.0,0.0,0.0,0.0,38.21188096169205,-17.51946675986109,False,True,False,True,True,0.0,0,0.9875336927223717,0.9364892183288408,False,False,False,False,0.0433173797157952,0.03392602594017867,False,False,False,False,959110.0,884149.610662443,False,False,False,False,18194.03669763585,False,False,False,False
2025-09-04 17:00:00+00:00,13.345,13.46,13.345,13.425,8241.0,,,,,13.580222876348458,13.580682250238583,13.55765471683569,13.447160817783962,13.4250087962752,13.159567209318265,,,,,13.322529522517762,13.693260557860228,13.363857323499257,13.27410372150435,13.280248037224155,13.348991330165616,13.387269990322443,11.970883439627286,,,"rgba(239, 83, 80, 1.0)",0.0,0.0,0.3990176563636692,13.418752261808569,0.015657798826168714,0.0,0.0,0.0,0.0,0.0,0.0,0.0,0.0,41.56831063637979,-14.174086014091998,False,True,False,True,True,0.0,0,0.9911909198712517,0.9310520074538369,False,False,False,False,0.05683529536240242,0.045380660651290546,False,False,False,False,967351.0,885439.5546831803,False,False,False,False,18039.726051160877,False,False,False,False
2025-09-04 18:00:00+00:00,13.43,13.53,13.375,13.51,8873.0,,,,,13.578173682971386,13.580015958790248,13.557257382164416,13.447212639747134,13.425104373290834,13.16004245271577,,,,,13.326465296738466,13.690230400270416,13.364264339714481,13.274760156438111,13.2808071313469,13.349303500664833,13.3874392908708,11.972226005552903,,,"rgba(239, 83, 80, 1.0)",0.0,0.0,0.39804389952090835,13.42003449822127,0.226019044349163,0.0,0.0,0.0,0.0,0.0,0.0,0.0,0.0,45.833457878154036,-10.112828944984244,False,False,False,True,True,0.0,0,1.004613807245386,0.9200273410799725,False,False,False,False,0.07108722705705052,0.058233943854170536,False,False,False,False,976224.0,886847.065463286,False,False,False,False,17897.606267421947,False,False,False,False
2025-09-04 19:00:00+00:00,13.51,13.585,13.435,13.575,30331.0,,,,,13.575354611204707,13.579026490276235,13.556859448451277,13.447818751390619,13.425845372711583,13.161966822783555,,,,,13.343445004314974,13.68314952147768,13.366397208615632,13.277645334557672,13.283287024498039,13.350876130609887,13.388421556784044,11.976980197581925,,,"rgba(239, 83, 80, 1.0)",0.0,0.0,0.3961477452111787,13.424483721304124,0.37994985586914704,0.0,0.0,0.0,0.0,0.0,0.0,0.0,0.0,50.07460040280078,-6.188438910383191,True,False,False,False,True,0.0,0,1.0005122076148198,0.9146320641966876,False,False,False,False,0.08751302942276694,0.07287348663846874,False,False,False,False,1006555.0,888703.0024328474,False,False,False,False,18090.37206172548,False,False,False,False
2025-09-05 14:00:00+00:00,14.1,14.115,13.645,13.65,16096.0,,,,13.803333333333333,13.58245959307485,13.581436364975353,13.55887670602967,13.449167621132275,13.427233243329532,13.163724464294939,,,,,13.362790050411736,13.68593172300885,13.369331649200163,13.280759747592455,13.286000983150911,13.352937307203266,13.389915732138668,11.979930196099053,,13.803333333333333,"rgba(38, 166, 154, 1.0)",0.0,0.0,0.39281115514133286,13.462419872936362,0.4775325868639024,-1.0,14.115,13.645,0.0,0.0,0.0,0.0,0.0,54.3740891767458,-2.271099034934565,True,False,True,False,True,1.1031555830293236,0,1.007605205340544,0.9007943214466787,False,False,False,False,0.19474782018469192,0.13381065341158033,False,False,False,False,1022651.0,890779.7155734234,False,False,False,False,18059.451564644467,False,False,False,False
2025-09-05 15:00:00+00:00,13.655,13.89,13.655,13.85,15975.0,,,,13.800842765530646,13.588936413434752,13.583724712635325,13.560806125744612,13.45047751097422,13.428582448515815,13.165445831183995,,,,,13.380244603937545,13.688456208056838,13.372172210068726,13.28378524661608,13.28864091240049,13.354941999859319,13.391370265574377,11.982840608013033,,13.800842765530646,"rgba(38, 166, 154, 1.0)",0.0,0.0,0.39073224167522835,13.467695082985824,0.9784319701263432,0.0,0.0,0.0,0.0,0.0,0.0,0.0,0.0,60.230224700809345,3.0206551701521533,True,False,True,False,True,4.0620178970668235,0,1.0072819644369178,0.9105842506350549,False,False,False,False,0.163241138370888,0.14852589589123416,False,False,False,False,1038626.0,893071.9060296493,False,False,False,False,18027.13448612285,False,False,False,False
2025-09-05 16:00:00+00:00,13.85,13.955,13.8,13.95,12607.0,,,,13.829292716773356,13.596169767565593,13.58635005688483,13.562959872542935,13.451809341201429,13.429935929017711,13.167018428879086,,,,,13.39622970220306,13.692169417786664,13.374924625418938,13.286622525883358,13.291123632015726,13.356877089720415,13.392800455647105,11.98526120547367,,13.829292716773356,"rgba(38, 166, 154, 1.0)",0.0,0.0,0.3896488139312915,13.474254077561199,1.2209607868142802,0.0,0.0,0.0,0.0,0.0,0.0,0.0,0.0,65.25586727641144,7.470912225275157,True,False,True,False,True,5.482183259451322,0,1.0104255682789267,0.9136899675269182,False,False,False,False,0.19401098936151714,0.17126844262637564,False,False,False,False,1051233.0,895524.0160136857,False,False,False,False,17943.10139331474,False,False,False,False
2025-09-05 17:00:00+00:00,13.95,14.07,13.855,13.885,15728.0,,,,13.857249831694423,13.605719479539099,13.58992204414876,13.56588268284864,13.453588314944069,13.431738138207814,13.169063967913123,,,,,13.416137919566047,13.697368680552271,13.378544086361574,13.290325244297197,13.294368874344984,13.359425980058935,13.394695455668575,11.988327495816513,,13.857249831694423,"rgba(38, 166, 154, 1.0)",0.0,0.0,0.3833082639666001,13.481987332489194,1.0514061537319814,0.0,0.0,0.0,0.0,0.0,0.0,0.0,0.0,66.58249922382802,8.608032446888913,True,False,True,False,True,4.427509090145673,0,1.0109103307193998,0.90163654960791,False,False,False,False,0.21918581827298986,0.19522713044968276,False,False,False,False,1035505.0,897694.263827427,False,False,False,False,17908.758736054046,False,False,False,False
2025-09-05 18:00:00+00:00,13.885,14.04,13.885,13.975,12908.0,,,,13.876514262851115,13.613840733051767,13.593048573629805,13.568438835004224,13.45512866325531,13.43329497601113,13.170799934251455,,,,,13.432293314418525,13.701987939239066,13.381637726352176,13.293472295219027,13.297131238635409,13.36160902639064,13.396326390616238,11.990875453817111,,13.876514262851115,"rgba(38, 166, 154, 1.0)",0.0,0.0,0.375702081513953,13.488079056023434,1.2960294018453085,0.0,0.0,0.0,0.0,0.0,0.0,0.0,0.0,68.61106428867744,10.631432171817146,True,False,True,False,True,5.7103998953522535,0,1.0115981579396214,0.9039740747057818,False,False,False,False,0.21918581827298922,0.207206474361336,False,False,False,False,1048413.0,900030.9884192499,False,False,False,False,17831.22759285941,False,False,False,False
2025-09-05 19:00:00+00:00,13.965,14.04,13.865,13.975,44494.0,,,,13.90804535062701,13.638755541068749,13.603253678305107,13.576861976421943,13.460299814620043,13.438526429930747,13.176676697899794,,,,,13.480769102659655,13.716391632800807,13.391937799400546,13.303994047137552,13.30638847728075,13.368933575148356,13.401812757783192,11.999578742953112,,13.90804535062701,"rgba(38, 166, 154, 1.0)",0.0,0.0,0.3689056496968307,13.504747332320125,1.2747234098104254,0.0,0.0,0.0,0.0,0.0,0.0,0.0,0.0,69.96344099857706,12.164450677851654,True,False,True,False,True,5.7103998953522535,0,1.0134697357203748,0.9012787723785163,False,False,False,False,0.2162104345889825,0.21170845447515924,False,False,False,False,1048413.0,902331.4847228274,False,False,False,False,18244.603909249185,False,False,False,False
2025-09-08 14:00:00+00:00,13.71,13.71,13.51,13.65,25044.0,,,,13.858131259392007,13.638155082181465,13.603563150625385,13.577417925698192,13.461234335714837,13.439553864514084,13.1785409758928,,,,13.623333333333331,13.487778022071502,13.713556621710556,13.394234296265267,13.306806483164253,13.30886042560648,13.370674311089404,13.403019739540639,12.003608267201516,,13.858131259392007,"rgba(38, 166, 154, 1.0)",0.0,0.0,0.36350963158094507,13.502788247211381,0.40497345874544954,0.0,0.0,0.0,0.0,0.0,0.0,0.0,0.0,62.68469347328568,12.164450677851654,True,False,True,False,False,0.5467283723737175,0,0.9993265993265992,0.9057239057239055,False,False,False,False,0.11619755261836673,0.16395300354676298,False,False,False,False,1023369.0,904208.0353472797,False,False,False,False,18350.020902904238,False,False,False,False
2025-09-08 15:00:00+00:00,13.655,13.87,13.585,13.605,24119.0,,,,13.833363158871899,13.639908361429534,13.604778613539091,13.57866228781656,13.462471972303954,13.440869900476313,13.180575305917626,,,,13.65440419285506,13.496769173770376,13.712790166788784,13.397002899116197,13.310001268124974,13.311677060227945,13.372743003201357,13.404500372361413,12.007621103705652,,13.833363158871899,"rgba(38, 166, 154, 1.0)",0.0,0.0,0.35697569756008674,13.503305680593247,0.28487743031760954,0.0,0.0,0.0,0.0,0.0,0.0,0.0,0.0,57.03045565223758,15.563397166516836,True,False,True,False,False,0.0,0,1.001009251471825,0.9069806560134566,False,False,False,False,0.1501505442146244,0.1570517738806937,False,False,False,False,999250.0,905681.5541791049,False,False,False,False,18439.46243929332,False,False,False,False
2025-09-08 16:00:00+00:00,13.605,13.72,13.58,13.655,18863.0,,,,13.81492013481566,13.640231580184771,13.605308882793489,13.579306871248539,13.463280838404833,13.441744245425696,13.182045752162852,,,,13.653645101382804,13.502058638237322,13.71145731676537,13.398874658522509,13.312233930480486,13.313647910591525,13.37416382035354,13.405505313504223,12.01068101284999,,13.81492013481566,"rgba(38, 166, 154, 1.0)",0.0,0.0,0.3538545407874508,13.503219006489502,0.4289361192673446,0.0,0.0,0.0,0.0,0.0,0.0,0.0,0.0,54.32476349610229,13.06449051958716,True,False,True,False,False,0.6253663302287613,0,1.0203834859215752,0.9091380203834858,False,False,False,False,0.11224940724903272,0.1346505905648632,False,False,False,False,1018113.0,907424.6773701265,False,False,False,False,18446.028913102724,False,False,False,False
2025-09-08 17:00:00+00:00,13.655,13.75,13.615,13.665,17754.0,,,,13.802863667472215,13.641150470594972,13.60606044112392,13.580109290124831,13.464136052067602,13.44265780446126,13.183494617153858,,,,13.658409905183802,13.507495873827702,13.710757639260969,13.400783166774694,13.314461657407051,13.315617789185728,13.375607233051767,13.406539040441523,12.013594353485038,,13.802863667472215,"rgba(38, 166, 154, 1.0)",0.0,0.0,0.34731693603093333,13.503721084361695,0.4643566118063992,0.0,0.0,0.0,0.0,0.0,0.0,0.0,0.0,52.74330882470057,11.423934960277805,True,False,False,False,False,0.7776682152436507,0,1.015215110178384,0.9195522910108428,False,False,False,False,0.1223056169376508,0.128478103751257,False,False,False,False,1035867.0,909416.0312093494,False,False,False,False,18435.29978266702,False,False,False,False
2025-09-08 18:00:00+00:00,13.665,13.91,13.63,13.885,26375.0,,,,13.803490996377677,13.647187981794827,13.609176550506,13.582869829766828,13.46617325665226,13.444758207149077,13.186201901294586,,,,13.6936667409686,13.520797424824593,13.713588301590164,13.404900741861546,13.318906218207008,13.319557968241764,13.378653042589091,13.408801732378523,12.018244758545825,,13.803490996377677,"rgba(38, 166, 154, 1.0)",0.0,0.0,0.34240987503631304,13.507777524881812,1.101669381112864,0.0,0.0,0.0,0.0,0.0,0.0,0.0,0.0,55.79364907375145,11.423934960277805,True,False,True,False,False,4.039730867853535,0,1.0119361067228365,0.9138142882218709,False,False,False,False,0.14950871340528188,0.13899340857826945,False,False,False,False,1062242.0,911785.4260743207,False,False,False,False,18558.395910067535,False,False,False,False
2025-09-08 19:00:00+00:00,13.885,13.97,13.8,13.94,47168.0,,,,13.820484271577941,13.662727156778258,13.617063438648826,13.589655173729522,13.470752038360574,13.449420867394213,13.191715910336962,,,,13.755739096050164,13.548828964730106,13.722946786707654,13.413746702371482,13.32816312956745,13.32778898492309,13.38517543267816,13.413732548018384,12.026939735260896,,13.820484271577941,"rgba(38, 166, 154, 1.0)",0.0,0.0,0.33671233746041856,13.51821563179424,1.2526549261217423,0.0,0.0,0.0,0.0,0.0,0.0,0.0,0.0,58.64361612549638,11.423934960277805,True,False,True,False,True,4.8264954538517415,0,1.02000702000702,0.9018954018954016,False,False,False,False,0.18419040254718877,0.16159190556272912,False,False,False,False,1109410.0,914849.3729568893,False,False,False,False,19001.95566339982,False,False,False,False
2025-09-09 14:00:00+00:00,13.61,13.71,13.39,13.42,14969.0,,,,13.804402327969873,13.659779356929327,13.616132011716887,13.589101252413805,13.470871021375169,13.449604992543641,13.192482562298524,,,13.506666666666666,13.734347608228338,13.547870755415472,13.719613658818492,13.414267122063551,13.32905592160951,13.328585823310684,13.385652843574324,13.414025686735616,12.02910259477339,,13.804402327969873,"rgba(38, 166, 154, 1.0)",0.0,0.0,0.335228078872766,13.516443192839441,-0.28769425629183537,0.0,0.0,0.0,0.0,0.0,0.0,0.0,0.0,51.834672540809805,10.595772714579383,True,False,False,False,False,0.0,0,1.0027898866608544,0.9115954664341761,False,False,False,False,0.07910271356993312,0.12034730956633112,False,False,False,False,1094441.0,917633.7392676352,False,False,False,False,18939.429219006026,False,False,False,False
2025-09-09 15:00:00+00:00,13.42,13.455,13.26,13.345,13240.0,,,,13.784843300364622,13.654743674076606,13.614185388601479,13.58771751519869,13.470527609593972,13.449331887715005,13.192828135370682,,,13.434699091306555,13.707447511180316,13.544037294628758,13.714688000969646,13.41396675523944,13.329162847790508,13.328682948747783,13.385540899659622,13.41385683045871,12.030812391523439,,13.784843300364622,"rgba(239, 83, 80, 1.0)",0.0,0.0,0.3338066414464134,13.513372337152546,-0.5044008004842969,0.0,0.0,0.0,0.0,0.0,0.0,0.0,0.0,46.5079443309963,5.624538803908237,False,False,False,True,False,0.0,0,0.9975442904753552,0.9207156639186108,False,False,False,False,0.019640781881415933,0.06999404572387352,False,False,False,False,1081201.0,920169.6657906176,False,False,False,False,18851.065975300506,False,False,False,False
2025-09-09 16:00:00+00:00,13.345,13.49,13.31,13.48,11757.0,,,,13.771563191494508,13.651463453769077,13.612960026041376,13.586882522002558,13.470414108710042,13.449274936004356,13.193273395298261,,,13.432336152396202,13.690882922121475,13.542018825422366,13.711289178893496,13.414022103774942,13.329542701707195,13.329023241747219,13.385667002408182,13.413888399669341,12.03241096199226,,13.771563191494508,"rgba(239, 83, 80, 1.0)",0.0,0.0,0.3256196172453303,13.51145468078434,-0.09659946489231465,0.0,0.0,0.0,0.0,0.0,0.0,0.0,0.0,45.33544883031497,4.43214542582966,False,False,False,True,False,0.0,0,1.00035423308537,0.9208289054197663,False,False,False,False,0.032742133502447035,0.05136808961316028,False,False,False,False,1092958.0,922848.5546930886,False,False,False,False,18741.0804563036,False,False,False,False
2025-09-09 17:00:00+00:00,13.48,13.57,13.425,13.465,14553.0,,,,13.759061761897584,13.648580996976465,13.611946680001903,13.586243473054871,13.47046600187119,13.449390875044596,13.193963287576434,,,13.446838839059163,13.676985001387317,13.540865092243948,13.708055363474694,13.414411891364951,13.330296758705066,13.329698030749354,13.386048895012511,13.414109737196087,12.034469568211907,,13.759061761897584,"rgba(239, 83, 80, 1.0)",0.0,0.0,0.32794944402712195,13.509874544419219,-0.13683372616270673,0.0,0.0,0.0,0.0,0.0,0.0,0.0,0.0,44.35724561900403,3.175160030295004,False,False,False,True,False,0.0,0,1.00694691841824,0.9096900605628785,False,False,False,False,0.0367771166707359,0.044072603141948094,False,False,False,False,1078405.0,925260.2825273044,False,False,False,False,18676.14897636091,False,False,False,False
2025-09-09 18:00:00+00:00,13.475,13.495,13.33,13.405,9336.0,,,,13.74950465219491,13.645933641562616,13.610912508540963,13.585525437311063,13.470342401632736,13.449312677148678,13.194288683701627,,,13.441452770600055,13.665816463390955,13.539138323117172,13.705327801711109,13.414396756949014,13.330541389442844,13.329917936053844,13.386106851627419,13.414101734630982,12.03571757460718,,13.74950465219491,"rgba(239, 83, 80, 1.0)",0.0,0.0,0.33101491488108925,13.508374516004517,-0.3122956439641192,0.0,0.0,0.0,0.0,0.0,0.0,0.0,0.0,42.883519147573395,1.3176690316526063,False,False,False,True,False,0.0,0,0.9957058507783146,0.9194847020933977,False,False,False,False,0.00802832418289587,0.02605046366242198,False,False,False,False,1069069.0,927489.8750462609,False,False,False,False,18531.3404650995,False,False,False,False
2025-09-09 19:00:00+00:00,13.405,13.51,13.32,13.51,24279.0,,,,13.7293751477238,13.640344735634198,13.608753896559913,13.584069645998836,13.47021720895764,13.449299086986926,13.195273393867238,,,13.442889085559107,13.644314796779508,13.536070457408808,13.699315173634446,13.41468208956637,13.331460947246372,13.33074349807435,13.386485562315581,13.414265809331015,12.039038846281182,,13.7293751477238,"rgba(239, 83, 80, 1.0)",0.0,0.0,0.3323708582099949,13.505358501093701,0.01396481909182993,0.0,0.0,0.0,0.0,0.0,0.0,0.0,0.0,43.95705471888259,1.3176690316526063,False,False,False,True,False,0.0,0,0.9940955448201824,0.9168008588298442,False,False,False,False,0.00887345496672122,0.0174619593145716,False,False,False,False,1093348.0,930061.3188439932,False,False,False,False,18620.451465640595,False,False,False,False
2025-09-10 14:00:00+00:00,13.62,13.625,13.31,13.33,6531.0,,,,13.723969914505089,13.638707235742057,13.60809481286256,13.583612930626654,13.470148248343843,13.449260962739993,13.195510757284138,,,13.441424937058748,13.638589664341096,13.535058508916514,13.697589851301053,13.41469866294044,13.331652686540545,13.330916119888727,13.38654464380457,13.414275826249892,12.039913774306985,,13.723969914505089,"rgba(239, 83, 80, 1.0)",0.0,0.0,0.33626535264170304,13.504475734707862,-0.5188632528959025,0.0,0.0,0.0,0.0,0.0,0.0,0.0,0.0,42.13227065453916,-0.349461827346893,False,False,False,True,False,0.0,0,0.9925213675213677,0.9139957264957265,False,False,False,False,0.026625990367684198,0.022043974841127897,False,False,False,False,1086817.0,932491.6394820708,False,False,False,False,18433.01810958415,False,False,False,False
2025-09-10 15:00:00+00:00,13.325,13.485,13.14,13.175,17588.0,,,,13.703314084982091,13.631353086908156,13.604886093411169,13.581230625571598,13.469372875017848,13.448585042128908,13.195711099979981,,,13.414043499951001,13.61450291999293,13.528813973033905,13.690497275389223,13.41375873008538,13.331282811635024,13.330589296954228,13.386004936279406,13.413739755500329,12.042000769431345,,13.703314084982091,"rgba(239, 83, 80, 1.0)",0.0,0.0,0.34189394330454365,13.50027676443943,-0.9513966854618651,0.0,0.0,0.0,0.0,0.0,0.0,0.0,0.0,39.145065070327846,-3.62044435726483,False,True,False,True,False,0.0,0,0.9888297872340425,0.9186170212765957,False,False,False,False,-0.07107182069599899,-0.024513922927435546,False,False,False,False,1069229.0,934611.598559868,False,False,False,False,18419.917053621608,False,False,False,False
2025-09-10 16:00:00+00:00,13.165,13.245,13.04,13.135,11597.0,,,,13.687022157325826,13.625031282358504,13.60202306744865,13.579054622572386,13.468547382836881,13.447833672206214,13.195607864742916,,,13.388382761404925,13.595070239747432,13.52293921615633,13.6845870957887,13.412617366655544,13.330567635073537,13.329952183787976,13.385276813257578,13.413085816637043,12.043231062807799,,13.687022157325826,"rgba(239, 83, 80, 1.0)",0.0,0.0,0.3453667198370941,13.496608828118251,-1.0470285854086312,0.0,0.0,0.0,0.0,0.0,0.0,0.0,0.0,36.72755969033405,-6.267196067407781,False,True,False,True,False,0.0,0,0.9845988538681946,0.941618911174785,False,False,False,False,-0.20633365488043517,-0.11542378890393536,False,False,False,False,1057632.0,936518.8916054515,False,False,False,False,18314.13539387554,False,False,False,False
2025-09-10 17:00:00+00:00,13.13,13.215,12.86,12.945,11078.0,,,,13.668731140443482,13.617523656401854,13.598541105509065,13.576370768548127,13.467444238933416,13.446809934492773,13.195274007715541,,,13.357042706727537,13.572917945336917,13.515593751016764,13.677705190964392,13.411007022252967,13.329414933334704,13.328923136290811,13.384209375079271,13.412160481165836,12.044261165330223,,13.668731140443482,"rgba(239, 83, 80, 1.0)",0.0,0.0,0.35765166253154057,13.492204307526809,-1.5299923496889978,0.0,0.0,0.0,0.0,0.0,0.0,0.0,0.0,33.300729426253284,-9.778270726066246,False,True,False,True,False,0.0,0,0.9694533762057876,0.9498035012504465,False,False,False,False,-0.2736692655041181,-0.1945465272040267,False,False,False,False,1046554.0,938224.8622782351,False,False,False,False,18201.947248234057,False,False,False,False
2025-09-10 18:00:00+00:00,12.945,13.0,12.79,12.83,18416.0,,,,13.63470350581722,13.60280060747084,13.591558117035785,13.570933150387376,13.46509469866975,13.444606180026387,13.194331098648956,,,13.298951149050499,13.531712604784001,13.500753785730655,13.66435606442915,13.407484581746445,13.326732558777017,13.32652504849448,13.381826127112227,13.410128742779593,12.045732165758372,,13.63470350581722,"rgba(239, 83, 80, 1.0)",0.0,0.0,0.3715927854494247,13.483519450924309,-1.758697898652436,0.0,0.0,0.0,0.0,0.0,0.0,0.0,0.0,30.097984483000182,-12.991497581430991,False,True,False,True,False,0.0,0,0.9637564720585609,0.9575075879307265,False,False,False,False,-0.34282825441539394,-0.2686873908097103,False,False,False,False,1028138.0,939618.8644134563,False,False,False,False,18205.26589554826,False,False,False,False
2025-09-10 19:00:00+00:00,12.835,12.84,12.61,12.61,26175.0,,,,13.580362403737364,13.577744098315371,13.579341150605812,13.561317988572645,13.460743680242107,13.440488924289363,13.19222655491312,,,13.209676218116186,13.46643416400564,13.474868639124654,13.641825961673057,13.400834658272581,13.321426431728757,13.321773564208078,13.37724724524215,13.406272146631123,12.047344413097123,,13.580362403737364,"rgba(239, 83, 80, 1.0)",0.0,0.0,0.3921566266425759,13.468670463313572,-2.1896109997299424,0.0,0.0,0.0,0.0,0.0,0.0,0.0,0.0,26.51669444835072,-16.49778775378971,False,True,False,True,False,0.0,0,0.9568473609129814,0.9638017118402282,False,False,False,False,-0.34282825441539394,-0.30575782261255213,False,False,False,False,1001963.0,940585.440158984,True,False,False,False,18328.827664609522,False,False,False,False
2025-09-11 14:00:00+00:00,12.945,13.13,12.86,12.96,18881.0,,,12.983333333333334,13.556657312211682,13.566243991078407,13.573592735642187,13.55681982825293,13.45882653476468,13.438704585950275,13.191603757039564,,,13.188135996303764,13.440935588896062,13.463847555588277,13.631059036377593,13.398074673385342,13.319416699120458,13.31997035708454,13.375384488936946,13.404652062900563,12.049039686375272,,13.556657312211682,"rgba(239, 83, 80, 1.0)",0.0,0.0,0.4007239844476209,13.462070694347613,-1.2529090192584624,0.0,0.0,0.0,0.0,0.0,0.0,0.0,0.0,30.764554909617328,-16.49778775378971,False,True,False,True,True,0.0,0,0.9551608932653419,0.9465447511869175,False,False,False,False,-0.22506624678347883,-0.2654120346980155,False,False,False,False,1020844.0,941829.758916209,False,False,False,False,18337.388476010925,False,False,False,False
2025-09-11 15:00:00+00:00,12.96,12.96,12.67,12.8,22784.0,,,12.888548101924078,13.522518584295744,13.548991195835088,13.56480782139285,13.549871506774618,13.455697593651443,13.435757287827222,13.190235773954143,,,13.14918448742525,13.403156424629943,13.446622658024115,13.615172303635989,13.393420574927521,13.315788626158335,13.316712513411767,13.372176503465601,13.40191600689708,12.05069922677964,,13.522518584295744,"rgba(239, 83, 80, 1.0)",0.0,0.0,0.41279958272188405,13.45202284072209,-1.579514292196797,0.0,0.0,0.0,0.0,0.0,0.0,0.0,0.0,32.122318270615764,-16.49778775378971,False,True,False,True,True,0.0,0,0.9521295318549805,0.9554734248504047,False,False,False,False,-0.30269885703386123,-0.28405544586593834,False,False,False,False,998060.0,942701.5455996786,False,False,False,False,18406.328189561144,False,False,False,False
2025-09-11 16:00:00+00:00,12.8,13.04,12.795,12.98,14012.0,,,12.901077344923996,13.506541281252014,13.540542013180522,13.560406456921264,13.546392302571146,13.454167742237287,13.434327327417282,13.189681640707787,,,13.136622852146012,13.386647457621388,13.438518991974632,13.6072129405518,13.391216332966229,13.31414258587301,13.315231770027472,13.37066788781849,13.400607933116213,12.051888133746875,,13.506541281252014,"rgba(239, 83, 80, 1.0)",0.0,0.0,0.4182504530078935,13.447183081073856,-1.1169936044636837,0.0,0.0,0.0,0.0,0.0,0.0,0.0,0.0,35.73772315129789,-21.471344693882685,False,True,False,True,True,0.0,0,0.9534883720930233,0.9760230755363258,False,False,False,False,-0.2581138331212784,-0.2710846394936084,False,False,False,False,1012072.0,943777.0565206138,False,False,False,False,18338.19907034314,False,False,False,False
2025-09-11 17:00:00+00:00,12.98,13.1,12.96,13.05,17331.0,,,12.933264208488566,13.491166460244157,13.53206400352608,13.555894495287431,13.542830490971074,13.452646324709733,13.432918389118598,13.189266438923559,,,13.129762830641214,13.371919966816396,13.430747939566315,13.599033266962644,13.389104929882762,13.312653953323563,13.313889914652115,13.369237501009017,13.39934218648346,12.053516893644174,,13.491166460244157,"rgba(239, 83, 80, 1.0)",0.0,0.0,0.42289542506440964,13.442413150422343,-0.927920065256264,0.0,0.0,0.0,0.0,0.0,0.0,0.0,0.0,39.132048849082885,-18.165087270891483,False,True,False,True,True,0.0,0,0.9515659140568099,0.98088128186453,False,False,False,False,-0.21030258471757018,-0.2406936121055893,False,False,False,False,1029403.0,945104.5905280462,False,False,False,False,18322.583580880455,False,False,False,False
2025-09-11 18:00:00+00:00,13.055,13.095,12.895,12.98,21085.0,,,12.945977950892557,13.471979480447324,13.52119046124046,13.550024913495147,13.538170340024655,13.450604263511206,13.43101737637088,13.188610779846648,,,13.11899247230872,13.353319524485968,13.420616891021727,13.588592642910724,13.386234175840544,13.31056165423608,13.312002841709802,13.367271834632314,13.397617467877017,12.055397489268776,,13.471979480447324,"rgba(239, 83, 80, 1.0)",0.0,0.0,0.4286819838098062,13.436251844749686,-1.0643130851799711,0.0,0.0,0.0,0.0,0.0,0.0,0.0,0.0,40.55259859637397,-16.651070749398563,False,True,False,True,True,0.0,0,0.9387420237010026,0.9848678213309023,False,False,False,False,-0.22506624678347883,-0.23287992944453406,False,False,False,False,1008318.0,946084.6433880766,False,False,False,False,18365.411742417193,False,False,False,False
2025-09-11 19:00:00+00:00,12.98,13.08,12.88,13.07,46879.0,,,12.967267920816427,13.435740627018417,13.499365255587193,13.537852162774378,13.528453555180732,13.446322409174664,13.427037757989451,13.187313628149406,,,13.10304987763567,13.319776368203788,13.400652352183645,13.567349546128916,13.380311998475143,13.306289879664961,13.30814079606048,13.36320153992816,13.394020054197433,12.059640636151398,,13.435740627018417,"rgba(239, 83, 80, 1.0)",0.0,0.0,0.43218121616223887,13.423942116108037,-0.818966912192613,0.0,0.0,0.0,0.0,0.0,0.0,0.0,0.0,42.8907887857276,-14.198734069660212,False,False,False,True,True,0.0,0,0.9419520234389306,0.9844350851492402,False,False,False,False,-0.23142282834964922,-0.23215137889709164,False,False,False,False,1055197.0,947776.3078316723,False,False,False,False,18807.48287819367,False,False,False,False
2025-09-12 14:00:00+00:00,12.84,12.895,12.77,12.825,18397.0,,,12.951422192103442,13.417650583829396,13.48833485907355,13.531645454718767,13.523447097136584,13.44398084166725,13.424831258356127,13.186298162228029,,,13.088226990431451,13.30169082644368,13.389967851380526,13.556876471426907,13.376933479632177,13.303648084091517,13.305753222388216,13.360828255574368,13.391973273217655,12.060982074217474,,13.417650583829396,"rgba(239, 83, 80, 1.0)",0.0,0.0,0.44031752465963864,13.417554567165363,-1.3457437734812,0.0,0.0,0.0,0.0,0.0,0.0,0.0,0.0,41.52894271419318,-14.198734069660212,False,True,False,True,True,0.0,0,0.9282322863403943,0.9848429510591672,False,False,False,False,-0.2950081894330077,-0.2635797841650497,False,False,False,False,1036800.0,949156.5201133516,False,False,False,False,18801.11880256276,False,False,False,False
2025-09-12 15:00:00+00:00,12.82,12.83,12.59,12.61,18025.0,,,12.923504289885791,13.39658542887665,13.47543815372807,13.524362841532634,13.517541650545535,13.441135158273575,13.422131917482119,13.184883044102254,,,13.067442163776608,13.279867357177723,13.377118268726901,13.544795187979771,13.372746463276375,13.300259197586836,13.302690412413282,13.357857578182553,13.389438985511923,12.062030707144931,,13.39658542887665,"rgba(239, 83, 80, 1.0)",0.0,0.0,0.454365531302613,13.409981233565066,-1.7606556361606343,0.0,0.0,0.0,0.0,0.0,0.0,0.0,0.0,38.63072424372191,-14.198734069660212,False,True,False,True,False,0.0,0,0.9293528648247728,0.9940663823474873,False,False,False,False,-0.34282825441539394,-0.3032040192902218,False,False,False,False,1018775.0,950235.876390664,True,False,False,False,18789.085952910624,False,False,False,False
2025-09-12 16:00:00+00:00,12.61,12.67,12.54,12.665,10690.0,,,12.906538408370729,13.383792171138278,13.467499038668375,13.519842399664599,13.513865271318423,13.439344042273245,13.420429896450708,13.183962548800283,,,13.054575819566217,13.26658174961949,13.369167860689727,13.537368425226765,13.370104294166907,13.29810152590404,13.300739259833426,13.355975221627629,13.387836118981971,12.062598792876152,,13.383792171138278,"rgba(239, 83, 80, 1.0)",0.0,0.0,0.4642900518556507,13.375508945281123,-1.5303126621847651,0.0,0.0,0.0,0.0,0.0,0.0,0.0,0.0,37.64795644554022,-14.198734069660212,False,True,False,True,False,0.0,0,0.9395583832335328,0.9767964071856287,True,False,False,False,-0.34282825441539394,-0.32301613685280783,False,False,False,False,1029465.0,951464.234896235,False,False,False,False,18663.51872883449,False,False,False,False
2025-09-12 17:00:00+00:00,12.67,12.84,12.655,12.795,8899.0,,,12.900068906115418,13.375344826531098,13.462068964620812,13.516690225422382,13.511300563566364,13.438111261092155,13.41926401023494,13.183387647604146,,,13.047692013145571,13.258223782640476,13.36388321508692,13.5322004171037,13.368324708381943,13.29668282697052,13.299454309940412,13.354710745769935,13.386747953319777,12.063186933984248,,13.375344826531098,"rgba(239, 83, 80, 1.0)",0.0,0.0,0.4716028543723241,13.3755110618364,-1.2309320362554355,0.0,0.0,0.0,0.0,0.0,0.0,0.0,0.0,39.16524779516051,-14.198734069660212,False,True,False,True,False,0.0,0,0.9480323856147617,0.964790058369422,False,False,False,False,-0.2839560236745713,-0.30348608026368956,False,False,False,False,1038364.0,952811.5180761383,False,False,False,False,18512.130841565737,False,False,False,False
2025-09-12 18:00:00+00:00,12.795,12.84,12.73,12.735,17592.0,,,12.88926852304944,13.359435785317888,13.45165230743493,13.510576355258584,13.506315296103423,13.435705378439092,13.41698883376925,13.182269238003686,,,13.03522169414742,13.242651162384481,13.35378769030242,13.522249579271058,13.364866091576632,13.293926388503772,13.296955672388574,13.352247875714045,13.384625095004361,12.064354983685831,,13.359435785317888,"rgba(239, 83, 80, 1.0)",0.0,0.0,0.4794228230311061,13.37138717887117,-1.327402760777371,0.0,0.0,0.0,0.0,0.0,0.0,0.0,0.0,39.47366121116581,-14.198734069660212,False,True,False,True,False,0.0,0,0.9599468488990129,0.9540622627182991,False,False,False,False,-0.2687915405868259,-0.28613881042525774,False,False,False,False,1020772.0,953865.1689586788,False,False,False,False,18497.865247122856,False,False,False,False
2025-09-12 19:00:00+00:00,12.735,12.8,12.605,12.655,56038.0,,,12.847314134945476,13.307596717647764,13.416733116549173,13.489678730373972,13.489162729071682,13.4272316567296,13.408947028273989,13.17805144691083,,,12.991829252308213,13.191529653542919,13.319609978582625,13.488957487244678,13.352637399917413,13.283999552611602,13.287945090478084,13.343460469105063,13.377075648633365,12.067621402333847,,13.307596717647764,"rgba(239, 83, 80, 1.0)",0.0,0.0,0.4865872420686932,13.349800342549795,-1.427904972592167,0.0,0.0,0.0,0.0,0.0,0.0,0.0,0.0,38.74720002459825,-14.198734069660212,False,True,False,True,False,0.0,0,0.9535368860231366,0.951450787028257,False,False,False,False,-0.30232351200852636,-0.2942311612168921,False,False,False,False,964734.0,954033.6779670714,False,False,False,False,19079.88284019072,False,False,False,False
2025-09-15 14:00:00+00:00,13.095,13.135,12.855,12.96,29407.0,,12.983333333333334,12.860646301357688,13.294994640992769,13.406594301415453,13.483027685849446,13.48366820255617,13.424611960580757,13.406501794034769,13.177185700464452,,,12.99130825299576,13.181946317566757,13.310805950079962,13.478602234821548,13.349175737488725,13.281442265735345,13.285603126899574,13.340982561792528,13.374853323570456,12.070136739856327,,13.294994640992769,"rgba(239, 83, 80, 1.0)",0.0,0.0,0.4877967842273832,13.34739053900076,-0.7941637819821687,0.0,0.0,0.0,0.0,0.0,0.0,0.0,0.0,43.07590594904602,-12.298358168953776,False,False,False,True,True,0.0,0,0.9518434913468773,0.9433784800601955,False,False,False,False,-0.18586099055485392,-0.240046075885873,False,False,False,False,994141.0,954655.4969133183,False,False,False,False,19239.993183753653,False,False,False,False
2025-09-15 15:00:00+00:00,12.96,12.98,12.81,12.855,16180.0,,12.947249215785202,12.86172191650854,13.286341413814668,13.399923601069926,13.47871270763477,13.480091657285032,13.422854670837292,13.404847986753701,13.176464532386316,,,12.987729610928772,13.174529198127754,13.304711992449846,13.47195070241636,13.346776990735293,13.279580130391935,13.283901591272885,13.339250244519185,13.373326502933514,12.071361395129093,,13.286341413814668,"rgba(239, 83, 80, 1.0)",0.0,0.0,0.49046983358564655,13.344171003041959,-0.9973518645699516,0.0,0.0,0.0,0.0,0.0,0.0,0.0,0.0,44.549750897678855,-10.727076707634517,False,False,False,True,True,0.0,1,0.9423690632626243,0.951567486390088,False,False,False,False,-0.22497007312468123,-0.2325080745052771,False,False,False,False,977961.0,955016.8225425691,False,False,False,False,19192.551428966774,False,False,False,False
2025-09-15 16:00:00+00:00,12.86,13.1,12.835,13.075,12298.0,,12.959164607987102,12.867023431903188,13.281908576472206,13.396129618436635,13.476134145981076,13.477948452512893,13.421825161583548,13.403888629299379,13.176143995847355,,,12.988107343520657,13.171374334422234,13.301493835350206,13.468015148173109,13.34544280764709,13.278605559743824,13.283006155937441,13.33829004691235,13.372457931260657,12.072429146829258,,13.281908576472206,"rgba(239, 83, 80, 1.0)",0.0,0.0,0.489089123954976,13.342899152695901,-0.5477511962023592,0.0,0.0,0.0,0.0,0.0,0.0,0.0,0.0,48.36355904317311,-7.021216904357843,False,False,False,False,True,0.0,0,0.9420426656598073,0.960921276194072,False,False,False,False,-0.1965552288087589,-0.21453165165701799,False,False,False,False,990259.0,955563.2128907463,False,False,False,False,19085.659158750233,False,False,False,False
2025-09-15 17:00:00+00:00,13.075,13.28,13.05,13.27,11245.0,,12.998339987463234,12.878044472831917,13.280752034485486,13.394428874158288,13.474771341383125,13.476810633664233,13.42132852516753,13.403444152356288,13.176184313040636,,,12.992696034628633,13.171848697412019,13.300512449990514,13.465972706958468,13.344928009199512,13.278352807157857,13.282764629076556,13.337929542141381,13.3720885380823,12.073609145511845,,13.280752034485486,"rgba(239, 83, 80, 1.0)",0.0,0.0,0.4829868873305036,13.343378995055293,-0.15192750979403014,0.0,0.0,0.0,0.0,0.0,0.0,0.0,0.0,52.94384378252289,-2.7526565400610608,True,False,True,False,True,0.0,0,0.9528034736643382,0.9494053237681707,False,False,False,False,-0.1205810405145905,-0.16755634608580425,False,False,False,False,1001504.0,956275.473156006,False,False,False,False,18964.098551637824,False,False,False,False
2025-09-15 18:00:00+00:00,13.275,13.28,13.125,13.225,15553.0,,13.037213765848323,12.892575749046806,13.279396764070517,13.39224311813003,13.472976257575613,13.475308478811359,13.420676149372987,13.402862639862194,13.176263172091742,,,12.999015469523728,13.172703523410814,13.299317930406957,13.463302868134653,13.344270683080383,13.278050167211068,13.28247296303675,13.337469939427656,13.37160976688572,12.075251594819898,,13.279396764070517,"rgba(239, 83, 80, 1.0)",0.0,0.0,0.4762559214357114,13.343892243261559,-0.2496394016543647,0.0,0.0,0.0,0.0,0.0,0.0,0.0,0.0,55.276795586295876,-0.6246435037959301,True,False,True,False,True,0.0,0,0.9552097172138925,0.9517935092047826,False,False,False,False,-0.1063365065229962,-0.13694642630440024,False,False,False,False,985951.0,956735.5588435098,False,False,False,False,18911.21330277522,False,False,False,False
2025-09-15 19:00:00+00:00,13.225,13.39,13.125,13.335,66051.0,,13.145062317282987,12.95383150546541,13.279692908973493,13.387024222708456,13.467668783960594,13.470825568173316,13.418898875901865,13.40135591559883,13.177313166631034,,,13.030269491589362,13.182315882409945,13.298469592757758,13.455669216746742,13.343035492307907,13.278147674936626,13.282487363799422,13.336656375134176,13.370516133527728,12.082621607273094,,13.279692908973493,"rgba(239, 83, 80, 1.0)",0.0,0.0,0.4680572075605992,13.346737386337008,-0.025076819985700792,0.0,0.0,0.0,0.0,0.0,0.0,0.0,0.0,57.99855399888713,1.9298358199348442,True,False,True,False,True,0.0,0,0.9551221359590985,0.9445180836962696,False,False,False,False,-0.08552039703072109,-0.11123341166756066,False,False,False,False,1052002.0,958212.5579312072,False,False,False,False,19642.062708933747,False,False,False,False
2025-09-16 14:00:00+00:00,13.01,13.24,13.01,13.185,23991.0,,13.145053760671532,12.964130027829052,13.276110358452662,13.382883792188487,13.464421766225025,13.46808524893335,13.41761751631963,13.40018752574555,13.177198477339022,,,13.034674498858672,13.18117424995962,13.29556713316059,13.450955531368532,13.341588131776629,13.277261038364578,13.281656558006125,13.335615906610343,13.369505895590503,12.084970476385768,,13.276110358452662,"rgba(239, 83, 80, 1.0)",0.0,0.0,0.4580004524171253,13.34335129102114,-0.3457448353717354,0.0,0.0,0.0,0.0,0.0,0.0,0.0,0.0,57.31388810295151,1.9298358199348442,True,False,True,False,True,0.0,0,0.9477738117602854,0.9434529400713881,False,False,False,False,-0.13582922277703,-0.12353131722229532,False,False,False,False,1028011.0,959294.7043198707,False,False,False,False,19709.488093291362,False,False,False,False
2025-09-16 15:00:00+00:00,13.185,13.275,13.02,13.195,23014.0,,13.147181242277277,12.973918530649314,13.273304472134475,13.379338961536126,13.461543086757896,13.465646222982347,13.416481461601354,13.399156487831771,13.177151429970715,,,13.039244782783404,13.180665585555229,13.293210881456849,13.446829305288807,13.340347095479808,13.276537902720023,13.280974627244053,13.33472335166658,13.368623713142586,12.087252752263534,,13.273304472134475,"rgba(239, 83, 80, 1.0)",0.0,0.0,0.44644239360827787,13.34122118286869,-0.3275253088912264,0.0,0.0,0.0,0.0,0.0,0.0,0.0,0.0,56.986461243371224,1.9298358199348442,True,False,True,False,True,0.0,0,0.9498315237738674,0.9425308873081241,False,False,False,False,-0.12724484381203902,-0.12538808051716716,False,False,False,False,1051025.0,960716.8794466944,False,False,False,False,19760.720836031032,False,False,False,False
2025-09-16 16:00:00+00:00,13.195,13.255,13.06,13.19,25433.0,,13.149591764797256,12.98393210270327,13.270495515211458,13.375639999338297,13.45847746540016,13.463039679658895,13.415262310758624,13.398051406590463,13.177118486770611,,,13.044120899821378,13.180288890863896,13.290799309991183,13.442482964582037,13.339033736993231,13.27578419010293,13.280261747755462,13.333776140123595,13.367681076429852,12.089775374327195,,13.270495515211458,"rgba(239, 83, 80, 1.0)",0.0,0.0,0.43574769540863023,13.33925861810396,-0.3425344980057568,0.0,0.0,0.0,0.0,0.0,0.0,0.0,0.0,56.67583848633817,1.9298358199348442,True,False,True,False,True,0.0,0,0.9520856820744079,0.9472003006388574,False,False,False,False,-0.12343561732810975,-0.12441184892263846,False,False,False,False,1025592.0,961722.6952692262,False,False,False,False,19848.663148650707,False,False,False,False
2025-09-16 17:00:00+00:00,13.19,13.21,13.075,13.155,18341.0,,13.149369626755771,12.989760189224269,13.268151170480415,13.372781485502431,13.456144037327737,13.4610520340498,13.414314034590955,13.397186473876916,13.177036666457177,,,13.046840202223201,13.179564227640366,13.288819620483041,13.43919072180066,13.337980341336547,13.2751388410478,13.27965479236423,13.333011139748498,13.366933494531368,12.091550870204216,,13.268151170480415,"rgba(239, 83, 80, 1.0)",0.0,0.0,0.4288455275345255,13.337579553554637,-0.42574666594823746,0.0,0.0,0.0,0.0,0.0,0.0,0.0,0.0,55.772146160390356,1.9298358199348442,True,False,True,False,False,0.0,0,0.9449455092070648,0.9505824877865461,False,False,False,False,-0.12915082846948858,-0.1267813386960635,False,False,False,False,1007251.0,962428.5604588506,False,False,False,False,19825.288526191005,False,False,False,False
2025-09-16 18:00:00+00:00,13.155,13.3,13.085,13.28,34231.0,,13.158344617954818,13.00428986602777,13.26656472985732,13.369340711567082,13.452914227125042,13.458277622090113,13.41305295278163,13.39606655595888,13.177259355544964,,,13.05508470225401,13.181192345826569,13.28714118889765,13.434764378256613,13.33680362409517,13.274644642541992,13.279167224649568,13.332167941423364,13.3660221803276,12.095083103131728,,13.26656472985732,"rgba(239, 83, 80, 1.0)",0.0,0.0,0.41851740682998995,13.33671974732018,-0.1355254199575523,0.0,0.0,0.0,0.0,0.0,0.0,0.0,0.0,57.16882658748416,2.421200413833745,True,False,True,False,False,0.0,0,0.9460573141037646,0.9466192170818504,False,False,False,False,-0.11013061189278417,-0.11845597529442384,False,False,False,False,1041482.0,963654.1951804188,False,False,False,False,20048.632890126028,False,False,False,False
2025-09-16 19:00:00+00:00,13.28,13.31,13.11,13.13,59951.0,,13.162807295312708,13.021993467016767,13.261870465876045,13.362207682455322,13.446563998047445,13.452807866497388,13.410449171812528,13.393715591747199,13.177311974642024,,,13.064868832452945,13.181328148971064,13.282787682874305,13.426112198199135,13.33413175617956,13.273190183092803,13.277776493366803,13.330219803456654,13.364036794115885,12.10100773220959,,13.261870465876045,"rgba(239, 83, 80, 1.0)",0.0,0.0,0.4090622873778944,13.333320381310788,-0.49704015154777254,0.0,0.0,0.0,0.0,0.0,0.0,0.0,0.0,55.1104183658338,2.421200413833745,True,False,True,False,False,0.0,0,0.9441529235382308,0.9522113943028486,False,False,False,False,-0.10349293361602423,-0.11097445445522403,False,False,False,False,981531.0,963931.3549450634,False,False,False,False,20667.27424066671,False,False,False,False
2025-09-17 14:00:00+00:00,13.27,13.315,13.185,13.3,9701.0,,13.165724352144592,13.025846616418486,13.261913842143684,13.361618476476721,13.44588088462667,13.452210569983722,13.410185941037094,13.39348880074055,13.177437057919875,,,13.067329639350637,13.182195162735688,13.282679019259612,13.425229265751373,13.33394223048884,13.273173412016643,13.277750465844811,13.33008547934967,13.363865865127192,12.102033718466377,,13.261913842143684,"rgba(239, 83, 80, 1.0)",0.0,0.0,0.39860232163234,13.333346866049965,-0.08365948776565911,0.0,0.0,0.0,0.0,0.0,0.0,0.0,0.0,56.35443023748864,2.421200413833745,True,False,True,False,False,0.0,0,0.9450384543237667,0.9495404239354717,False,False,False,False,-0.08835420947316162,-0.09966433196419283,False,False,False,False,991232.0,964354.6207598685,False,False,False,False,20497.25448499746,False,False,False,False
2025-09-17 15:00:00+00:00,13.295,13.35,13.17,13.305,10244.0,,13.168871972594008,13.029922169368186,13.262037634026317,13.361058045881903,13.445198425415414,13.45161212936563,13.409925099692744,13.393265871346877,13.177581063175388,,,13.069969809491187,13.183180239596448,13.282624747951415,13.424355911164175,13.333767896447418,13.273178357348296,13.277743678314323,13.329962809182259,13.363701437908784,12.10312291230243,,13.262037634026317,"rgba(239, 83, 80, 1.0)",0.0,0.0,0.3908701081450492,13.333416866664365,-0.07270156011474753,0.0,0.0,0.0,0.0,0.0,0.0,0.0,0.0,57.25609170851283,3.037695414630413,True,False,True,False,False,0.0,1,0.9465260779514216,0.9484089625305968,False,False,False,False,-0.08457609952092816,-0.09212021574256049,False,False,False,False,1001476.0,964930.1460194053,False,False,False,False,20338.289299183543,False,False,False,False
2025-09-17 16:00:00+00:00,13.305,13.305,13.14,13.19,5815.0,,13.169560443208697,13.031594211382322,13.261768595418344,13.36051137637706,13.444670192016074,13.45115304510222,13.409708188827727,13.393072130789632,13.177609598371609,,,13.070985063831726,13.18335085126325,13.282341212278215,13.42365634157971,13.333563239130989,13.273083967410285,13.277651245083606,13.329813459634563,13.363541921301152,12.103706926998568,,13.261768595418344,"rgba(239, 83, 80, 1.0)",0.0,0.0,0.38311269012291266,13.333198950929946,-0.37377762371693896,0.0,0.0,0.0,0.0,0.0,0.0,0.0,0.0,55.49428024927253,3.037695414630413,True,False,True,False,False,0.0,1,0.9492424242424242,0.9471590909090908,False,False,False,False,-0.09875732593697982,-0.09543877083977015,False,False,False,False,995661.0,965406.5933679417,False,False,False,False,20113.12202322721,False,False,False,False
2025-09-17 17:00:00+00:00,13.19,13.265,13.15,13.265,5763.0,,13.170456649728498,13.03335675123975,13.261583765882339,13.3600277307517,13.444182585104027,13.450728184912041,13.40950993229493,13.392896373178544,13.177650266126033,,,13.07208274912828,13.18360644248382,13.282121605885512,13.423016290896376,13.33338596347851,13.273013484008963,13.277580659859206,13.329684562013483,13.363399742298503,12.104292940104207,,13.261583765882339,"rgba(239, 83, 80, 1.0)",0.0,0.0,0.37458075062477614,13.333040547036024,-0.1816445370525215,0.0,0.0,0.0,0.0,0.0,0.0,0.0,0.0,55.61550946360003,3.037695414630413,True,False,True,False,False,0.0,1,0.9515669515669514,0.941500474833808,False,False,False,False,-0.10444060371578295,-0.09993968727777655,False,False,False,False,1001424.0,965965.0027730899,False,False,False,False,19890.63951123919,False,False,False,False
2025-09-17 18:00:00+00:00,13.36,13.665,12.805,13.0,6870.0,,13.170203401338721,13.034670754349692,13.260929314693199,13.359155492290622,13.443418010416588,13.450066237273942,13.40918388769865,13.392599314177103,13.177629550038509,,,13.072787769042245,13.183418269460512,13.281534458883778,13.421988624365365,13.333037289386926,13.272803259102156,13.277381435017704,13.329427201549928,13.36314406559313,12.104947201313365,13.156666666666665,13.260929314693199,"rgba(239, 83, 80, 1.0)",0.0,0.0,0.36737196703347513,13.314343279479866,-0.8556539629797687,-1.0,13.665,12.805,0.0,-1.0,13.15,13.09,846.0,51.16418454708695,5.18534246337083,True,False,False,False,False,0.0,1,0.9394332283756249,0.9286904982404147,False,True,False,False,-0.09402612929378923,-0.09698290828578289,False,False,False,False,994554.0,966408.2430401738,False,False,False,False,19688.76913121998,False,False,False,False
2025-09-17 19:00:00+00:00,13.055,13.09,12.83,12.855,17455.0,,13.15927222552823,13.031779739215535,13.255688329046027,13.354475246291596,13.439938831359585,13.447080264563125,13.407602717954504,13.39111009085928,13.176997448265181,,,13.06972288591202,13.178912075748404,13.277344691305828,13.417163894628239,13.331001996155715,13.271213844467264,13.275912411423489,13.327904495635043,13.361771608702453,12.106240505371462,12.990428571428573,13.255688329046027,"rgba(239, 83, 80, 1.0)",0.0,0.0,0.36151925421898956,13.29395076008127,-1.2141836291114267,0.0,0.0,0.0,0.0,0.0,0.0,0.0,0.0,46.36092983737278,0.7945289305086121,False,False,False,True,False,0.0,1,0.942683376336159,0.9458164393660153,False,False,False,False,-0.1994794600116304,-0.14823118414870665,False,False,False,False,977099.0,966573.9912100935,False,False,False,False,19654.13705166618,False,False,False,False
2025-09-18 14:00:00+00:00,13.275,13.52,13.275,13.31,5691.0,13.368333333333336,13.162267353751188,13.034647651333318,13.256258417467249,13.354523783148164,13.439782494075263,13.446934527632534,13.407560951382425,13.391086464551021,13.17715340849955,,,13.071728385373026,13.179982909319563,13.277691974335758,13.41700982588071,13.331062608865675,13.271358332568685,13.276037859754087,13.327954063802936,13.361778303311127,12.106889133236363,13.062078891257997,13.256258417467249,"rgba(239, 83, 80, 1.0)",0.0,0.0,0.35129653037303954,13.301498090754773,0.024201517835087356,0.0,0.0,0.0,0.0,1.0,13.155,13.09,848.0,49.80116700284436,0.7945289305086121,True,False,False,False,True,0.0,1,0.9477882523567801,0.9292965917331399,False,False,False,False,-0.032824300487397116,-0.09052774231805188,False,False,False,False,982790.0,966825.4021990843,False,False,False,False,19437.654306679106,False,False,False,False
2025-09-18 15:00:00+00:00,13.31,13.395,13.155,13.18,6889.0,13.299881425543191,13.163649268498286,13.036778315271953,13.256179716736819,13.354054358317521,13.439264663511477,13.446479422173855,13.407349782587286,13.390901169731913,13.177218643851711,,,13.07311226546328,13.180413484046946,13.277533959438045,13.416349016943782,13.330890521272991,13.271307952647842,13.275984211319628,13.327828659656085,13.361632201572595,12.107595694657578,13.095913381203992,13.256179716736819,"rgba(239, 83, 80, 1.0)",0.0,0.0,0.3406749659606889,13.304798070339753,-0.36632592003885145,0.0,0.0,0.0,0.0,-1.0,13.275,13.195,850.0,50.35715157421816,0.7945289305086121,True,False,False,False,True,0.0,1,0.9407608695652171,0.9367753623188404,False,False,False,False,-0.07891341381169695,-0.08472057806487442,False,False,False,False,975901.0,966966.1091417341,False,False,False,False,19243.101526730592,False,False,False,False
2025-09-18 16:00:00+00:00,13.18,13.195,13.095,13.115,11443.0,13.22134260222842,13.162860383990347,13.038416300022787,13.254966359796613,13.352528903827142,13.437938260975566,13.445327202509011,13.406769328728195,13.39036920991338,13.177149630324427,,,13.073930312110383,13.179906502728564,13.27645337407407,13.414582052258694,13.33025432752382,13.270902143445566,13.275601102959513,13.327355156721781,13.361168802486047,12.108655628167657,13.105164398389455,13.254966359796613,"rgba(239, 83, 80, 1.0)",0.0,0.0,0.32963661401182653,13.304821933020435,-0.5758520897002787,0.0,0.0,0.0,0.0,0.0,0.0,0.0,0.0,49.88398789764491,0.7945289305086121,True,False,False,False,True,0.0,1,0.9505787249678486,0.941943781003123,False,False,False,False,-0.12819772034593713,-0.10645914920540578,False,False,False,False,964458.0,966927.2237286839,False,False,False,False,19122.169720114613,False,False,False,False
2025-09-18 17:00:00+00:00,13.11,13.165,13.08,13.095,10411.0,13.188686375868812,13.161649928673768,13.0395359848213,13.253687752188041,13.351022955307918,13.43665589382636,13.444213602204098,13.406201437325237,13.389846242632586,13.177054860806315,,,13.074398547060547,13.179237126790238,13.27533595693624,13.412870517360462,13.329615257057009,13.27047649726779,13.275200915405351,13.32687807527996,13.360708606960387,12.109597754426513,13.106611781457593,13.253687752188041,"rgba(239, 83, 80, 1.0)",0.0,0.0,0.330134084143698,13.304023783306738,-0.6331481459992324,0.0,0.0,0.0,0.0,0.0,0.0,0.0,0.0,49.29546932549785,0.7945289305086121,True,False,False,False,True,0.0,1,0.945672191528545,0.936648250460405,False,False,False,False,-0.1367842492394614,-0.12162169922243359,False,False,False,False,954047.0,966727.5303375415,False,False,False,False,18987.112825229116,False,False,False,False
2025-09-18 18:00:00+00:00,13.085,13.31,13.04,13.265,12747.0,13.193093865468445,13.162909452563948,13.042509423118588,13.253155479720903,13.349905941031757,13.43554077649273,13.443235192540795,13.405725805773619,13.389419994932334,13.17710557972098,,,13.076271490170138,13.179550431430766,13.27475093309147,13.411434504338109,13.329167368282743,13.270260650564154,13.274989576130071,13.326546339826706,13.36035540684,12.110853995999756,13.12415093372118,13.253155479720903,"rgba(239, 83, 80, 1.0)",0.0,0.0,0.3300046000223645,13.30533299164794,-0.12221948313813397,0.0,0.0,0.0,0.0,1.0,13.17,13.165,852.0,51.289492908460645,-3.3595444599880437,True,False,False,False,True,0.0,1,0.9447503671071952,0.9322687224669602,False,False,False,False,-0.11677796980122379,-0.1191998345118287,False,False,False,False,966794.0,966728.560874944,False,False,False,False,18890.366889954246,False,False,False,False
2025-09-18 19:00:00+00:00,13.265,13.325,13.17,13.255,30688.0,13.215520446733189,13.168603032446264,13.051113822731217,13.253074559369367,13.348099331743908,13.43341521742971,13.441350996055474,13.404844561851512,13.388650274958195,13.177422700775548,,,13.082069342703196,13.181554345129353,13.27426504323106,13.408793561684337,13.328488220879544,13.270101121116216,13.274809763307136,13.326048012425163,13.359756033767452,12.113990473004959,13.161942351475298,13.253074559369367,"rgba(239, 83, 80, 1.0)",0.0,0.0,0.32995491092439877,13.30882223136289,-0.16311995845766353,0.0,0.0,0.0,0.0,0.0,0.0,0.0,0.0,52.45210609314893,-2.0592444590814267,True,False,True,False,True,0.0,1,0.9467792255459714,0.9333822719765092,False,False,False,False,-0.0892991260041025,-0.1042494802579656,False,False,False,False,936106.0,966253.7924892859,False,False,False,False,19073.275930420074,False,False,False,False
2025-09-19 14:00:00+00:00,13.21,13.275,13.095,13.125,7961.0,13.210834517845354,13.168542945802686,13.052325941483756,13.252492506726792,13.347244410361977,13.432619880372407,13.440653723027527,13.404492979251918,13.38833041887639,13.177408696649962,,,13.082781156615509,13.181433084781279,13.273711412185296,13.407763306783023,13.328125194722894,13.269886877607917,13.274605169799985,13.325776486119745,13.359482013873968,12.11474064062712,13.162163330458595,13.252492506726792,"rgba(239, 83, 80, 1.0)",0.0,0.0,0.3303525689618662,13.308378975016732,-0.5551007991038196,0.0,0.0,0.0,0.0,0.0,0.0,0.0,0.0,51.093156572228594,-2.0592444590814267,True,False,False,False,True,0.0,1,0.9458814896349294,0.9341405246743716,False,False,False,False,-0.1129782588617763,-0.10861386955987096,False,False,False,False,928145.0,965662.958497204,False,False,False,False,18900.992582661624,False,False,False,False
2025-09-19 15:00:00+00:00,13.125,13.2,13.06,13.16,12859.0,13.201604906997403,13.167794251837222,13.053807715982453,13.251304377704496,13.34569309992079,13.431226037375104,13.439433380859924,13.403868203551802,13.38775808088213,13.177340703987747,,,13.083563595231919,13.180948594160583,13.272625968405,13.405947963765914,13.327452863775754,13.269460614683757,13.274201294615427,13.325271934332163,13.358984341188753,12.115921299862695,13.159846535082727,13.251304377704496,"rgba(239, 83, 80, 1.0)",0.0,0.0,0.3305411206375347,13.307225039539523,-0.4454061245256282,0.0,0.0,0.0,0.0,0.0,0.0,0.0,0.0,50.77552671082394,-2.0592444590814267,True,False,False,False,True,0.0,1,0.9421411461212454,0.9421411461212454,False,False,False,False,-0.13391990660790848,-0.12126688808388972,False,False,False,False,941004.0,965280.6490631389,False,False,False,False,18807.318279054467,False,False,False,False
2025-09-19 16:00:00+00:00,13.15,13.205,13.01,13.15,18855.0,13.188782172349647,13.16608582946857,13.055448706767564,13.249327333144608,13.34326093094163,13.429078945738866,13.437553346934822,13.40289414050556,13.38686187524826,13.177192723096262,,,13.084312572693689,13.179949292620812,13.270850229240324,13.403149760287553,13.326380105597636,13.268752826297328,13.27353315576949,13.32446433249635,13.358197924447287,12.117616673805482,13.154772266433588,13.249327333144608,"rgba(239, 83, 80, 1.0)",0.0,0.0,0.3304984905444157,13.305203256359022,-0.469603525581499,0.0,0.0,0.0,0.0,0.0,0.0,0.0,0.0,50.382099625633955,-2.0592444590814267,True,False,False,False,True,0.0,1,0.9464517324439501,0.9412636649990734,False,False,False,False,-0.14251968127562895,-0.13189328467975933,False,False,False,False,922149.0,964611.9413257258,False,False,False,False,18808.05753054199,False,False,False,False
2025-09-19 17:00:00+00:00,13.15,13.2,13.005,13.025,10959.0,13.179220731552313,13.164201487304327,13.05574280020422,13.247810316716496,13.341589232937073,13.427663951173631,13.436316597688352,13.402240976548079,13.386255827356226,13.177037661039574,,,13.08422620556915,13.178947191429373,13.2695316173254,13.401292560810054,13.32562578144467,13.268219638665693,13.273033224624768,13.32389436537489,13.357656724170972,12.118555397546954,13.149171465089294,13.247810316716496,"rgba(239, 83, 80, 1.0)",0.0,0.0,0.331141120130567,13.303515294510987,-0.8410773461211034,0.0,0.0,0.0,0.0,0.0,0.0,0.0,0.0,47.9278563257425,1.721186456030921,True,False,False,True,False,0.0,1,0.9417115277519953,0.9450529051420083,False,False,False,False,-0.14443354518102455,-0.13816341493039194,False,False,False,False,911190.0,963783.6941733889,False,False,False,False,18686.366716114986,False,False,False,False
2025-09-19 18:00:00+00:00,13.03,13.075,12.85,13.025,33018.0,13.139177578560476,13.153403632611536,13.052840186950307,13.240989792711813,13.33494642199966,13.422353057478379,13.431687336454667,13.399729160197126,13.383897933439844,13.176141610707855,,,13.080905537568597,13.173391343854739,13.263793679563783,13.394249986561443,13.322538625600053,13.26585688478104,13.270833560229828,13.321550524586028,13.355501213811442,12.121098138615892,13.119708127517764,13.240989792711813,"rgba(239, 83, 80, 1.0)",0.0,0.0,0.33218215181112193,13.295678018541505,-0.8148481700949769,0.0,0.0,0.0,0.0,0.0,0.0,0.0,0.0,46.29169412581487,0.04298056580288545,False,False,False,True,False,0.0,1,0.9345656192236597,0.9465804066543436,False,False,False,False,-0.19850434449327733,-0.16833387971183464,False,False,False,False,911190.0,962968.2880621735,False,False,False,False,18908.56258098142,False,False,False,False
2025-09-19 19:00:00+00:00,13.02,13.14,12.945,13.035,30551.0,13.123402378621906,13.14746719441184,13.052380964644883,13.2363055740758,13.32997147469041,13.418170673692872,13.428018263336515,13.397744358786216,13.38204584494221,13.175561375982387,,,13.079696629510574,13.169975585394544,13.259717732055746,13.388811685954767,13.32020030258989,13.264136859373355,13.269223132636064,13.319768936444028,13.353829080114139,12.123591363069927,13.108454907723612,13.2363055740758,"rgba(239, 83, 80, 1.0)",0.0,0.0,0.33257144460348853,13.291116629923403,-0.7701101043980498,0.0,0.0,0.0,0.0,1.0,13.09,13.075,860.0,45.45252651225618,-0.8892297057917133,False,False,False,True,False,0.0,1,0.9360443622920515,0.9493530499075783,False,False,False,False,-0.16748622149399323,-0.16791005060291392,False,False,False,False,941741.0,962639.1828208994,False,False,False,False,19089.06548670264,False,False,False,False
2025-09-22 14:00:00+00:00,13.27,13.34,13.09,13.195,10989.0,13.127998565291547,13.148592074164766,13.054361693848675,13.236073034074787,13.329237939517128,13.41734829955845,13.427280547675732,13.39736919719809,13.381709987073057,13.175611538888344,,,13.081049687831824,13.170325662336039,13.259383299179117,13.38782058086083,13.319868277904328,13.263984416231402,13.26907071645598,13.319515878295325,13.353552242003616,12.124648978536442,13.11328178369234,13.236073034074787,"rgba(239, 83, 80, 1.0)",0.0,0.0,0.33250642478365444,13.282074529440228,-0.26187322394411805,0.0,0.0,0.0,0.0,0.0,0.0,0.0,0.0,48.501584079758025,-0.8892297057917133,False,False,False,False,True,0.0,1,0.9405703771849124,0.9387304507819686,False,False,False,False,-0.10159814723934622,-0.13475409892113008,False,False,False,False,952730.0,962485.55207949,False,False,False,False,18963.483076056087,False,False,False,False
2025-09-22 15:00:00+00:00,13.2,13.28,13.145,13.195,8393.0,13.131121047603733,13.149400403318756,13.055824927599273,13.235887500689092,13.32867598235734,13.416719554801888,13.426716172135224,13.39708114438164,13.381451886965984,13.175647802015588,,,13.082050802893093,13.170577226974759,13.259122545226456,13.38706395072529,13.319612244410326,13.263865075348628,13.268951639189279,13.31932048874236,13.353339093099123,12.125454118671815,13.116605995444885,13.235887500689092,"rgba(239, 83, 80, 1.0)",0.0,0.0,0.3322232371149931,13.282164108419163,-0.2623660800372995,0.0,0.0,0.0,0.0,0.0,0.0,0.0,0.0,50.53428912475926,-3.339341337341473,True,False,False,False,True,0.0,1,0.9473975636766333,0.9372462163159838,False,False,False,False,-0.10254544870886341,-0.11864977381499675,False,False,False,False,952730.0,962334.3032100406,False,False,False,False,18799.59961751258,False,False,False,False
2025-09-22 16:00:00+00:00,13.2,13.2,13.085,13.105,7825.0,13.131081042872323,13.149151872394905,13.056483421919939,13.23526828016656,13.327830363644141,13.415924008525229,13.426010164989124,13.39670555366255,13.381106689144053,13.175598160346192,,,13.082404449203265,13.170317026380078,13.258529818843261,13.386066810291409,13.319213253638216,13.263605721739482,13.268704879085732,13.319015371284955,13.353037342139158,12.126150541226874,13.11703623503719,13.23526828016656,"rgba(239, 83, 80, 1.0)",0.0,0.0,0.3324102940696773,13.28060871742478,-0.5282890468728078,0.0,0.0,0.0,0.0,-1.0,13.145,13.135,862.0,49.69549862886806,-3.339341337341473,True,False,False,False,True,0.0,1,0.9425964645504655,0.9705379205474244,False,False,False,False,-0.12915082846948858,-0.12390030114224267,False,False,False,False,944905.0,962064.0814548461,False,False,False,False,18629.450786233312,False,False,False,False
2025-09-22 17:00:00+00:00,13.105,13.135,13.04,13.075,12776.0,13.12845224910761,13.147803411278849,13.056867038838336,13.233831329302822,13.326143011350949,13.414424096607817,13.424684055866514,13.395987682257081,13.380440745939014,13.17543462832639,,,13.082415501724517,13.169415764502148,13.25722651614579,13.384161593770987,13.318405631004369,13.263037270577525,13.268168949803721,13.318396834976598,13.352443699760471,12.127232765284397,13.115356742595624,13.233831329302822,"rgba(239, 83, 80, 1.0)",0.0,0.0,0.33294039452459373,13.277748232809406,-0.6089625534892263,0.0,0.0,0.0,0.0,0.0,0.0,0.0,0.0,48.44405146787771,-3.339341337341473,False,False,False,False,False,0.0,1,0.9186401833460655,0.9742169595110771,False,False,False,False,-0.1501815048279168,-0.13704090298507973,False,False,False,False,932129.0,961599.9716648485,False,False,False,False,18538.69961125295,False,False,False,False
2025-09-22 18:00:00+00:00,13.075,13.18,13.025,13.16,20973.0,13.127889805344335,13.146952975958687,13.05835203266957,13.232116523087589,13.32385241600893,13.412272673014641,13.422771220918275,13.394959948151248,13.379494189994682,13.175278639291939,,,13.083167499921592,13.168617183109973,13.25559103640329,13.381477444240158,13.317306019233982,13.26230924536428,13.267476930570506,13.3175529013627,13.351612836932595,12.129075057659986,13.115833889183337,13.232116523087589,"rgba(239, 83, 80, 1.0)",0.0,0.0,0.33283322393481224,13.275926546529954,-0.3483022072119181,0.0,0.0,0.0,0.0,0.0,0.0,0.0,0.0,49.79293841018934,-3.339341337341473,True,False,False,False,False,0.0,1,0.9152024446142091,0.9728800611153551,False,False,False,False,-0.14443354518102455,-0.14073722408305214,False,False,False,False,953102.0,961468.2201661686,False,False,False,False,18576.440702551354,False,False,False,False
2025-09-22 19:00:00+00:00,13.165,13.175,13.015,13.035,57005.0,13.11816508780248,13.141106596671875,13.05932819818643,13.225848197965858,13.316499264641596,13.405667832388039,13.416904875478204,13.391734651534088,13.37649668134882,13.174494090108038,,,13.082763240914074,13.164546610008967,13.249857139833532,13.37318980244599,13.313680104299177,13.259723640364886,13.265037072871277,13.31475738710348,13.348932235296873,12.133814315523313,13.108872082219255,13.225848197965858,"rgba(239, 83, 80, 1.0)",0.0,0.0,0.33333845041100285,13.268930039880004,-0.7017793464617443,0.0,0.0,0.0,0.0,0.0,0.0,0.0,0.0,47.77067742268498,-3.339341337341473,False,False,False,True,False,0.0,1,0.9134743663045547,0.9727463312368971,False,False,False,False,-0.1473063170113676,-0.14402177054720988,False,False,False,False,896097.0,960454.7128767706,False,False,False,False,19172.23231956606,False,False,False,False
2025-09-23 14:00:00+00:00,13.075,13.08,12.84,13.065,4321.0,13.116472103636875,13.140212235873884,13.059043549647896,13.225152187008664,13.315780790215936,13.405059138418379,13.41636610361705,13.39143174141631,13.376212222422208,13.174387706250068,,,13.08243519986667,13.163989640542354,13.249245243547168,13.372416188491057,13.313319037681314,13.259446938030065,13.26477785590223,13.314478281924975,13.348672439284043,12.13414124710684,13.10741925736956,13.225152187008664,"rgba(239, 83, 80, 1.0)",0.0,0.0,0.33308343785973943,13.268085612442686,-0.6097139315831289,0.0,0.0,0.0,0.0,0.0,0.0,0.0,0.0,47.23168480145532,-3.339341337341473,False,False,False,True,False,0.0,1,0.9077245053272447,0.9790715372907154,False,False,False,False,-0.1994794600116304,-0.17175061527942015,False,False,False,False,900418.0,959523.9111267432,False,False,False,False,18941.980655696818,False,False,False,False
2025-09-23 15:00:00+00:00,13.065,13.085,12.965,13.07,5711.0,13.11510759272856,13.139407983983691,13.058932823332698,13.224417302408165,13.314968628765415,13.404345382902383,13.415731947219003,13.391077463166088,13.375881211436663,13.174282516615195,,,13.082226592582389,13.163453629135528,13.248583349396046,13.371519891442563,13.312910360579956,13.259144192348582,13.26449303569173,13.314161994116448,13.348373270013475,12.134595534413352,13.106301247616557,13.224417302408165,"rgba(239, 83, 80, 1.0)",0.0,0.0,0.33187091813865344,13.26728904700057,-0.5944752499167285,0.0,0.0,0.0,0.0,0.0,0.0,0.0,0.0,47.01636810159913,-3.339341337341473,False,True,False,True,False,0.0,1,0.9061902942300343,0.9860527321360334,False,False,False,False,-0.17424220575792262,-0.17299641051867137,False,False,False,False,906129.0,958696.0830472588,False,False,False,False,18736.849172662758,False,False,False,False
2025-09-23 16:00:00+00:00,13.065,13.075,12.915,13.005,4652.0,13.113434647195353,13.13849172553728,13.058647164663876,13.223688708112032,13.3142108810012,13.40369978575437,13.415159851415755,13.390755219586374,13.375578673152598,13.174170404797449,,,13.08189199542978,13.162874213789038,13.247940192382348,13.370702047330202,13.312527680078938,13.258851430908086,13.26421860094403,13.313865820688177,13.348097134963632,12.134948231776846,13.104862261084147,13.223688708112032,"rgba(239, 83, 80, 1.0)",0.0,0.0,0.33013647191726164,13.26644065926897,-0.7919169237820247,0.0,0.0,0.0,0.0,0.0,0.0,0.0,0.0,45.24201101816135,-1.265928220198461,False,True,False,True,False,0.0,1,0.9167309175019274,0.9845797995373937,False,False,False,False,-0.18586099055485464,-0.17942870053676302,False,False,False,False,901477.0,957808.9654806346,False,False,False,False,18518.47941804783,False,False,False,False
2025-09-23 17:00:00+00:00,13.035,13.04,12.78,12.81,7548.0,13.108056034590863,13.135761366734455,13.057265869619943,13.221883612173356,13.312518506751386,13.402343554498518,13.41396496833231,13.390071737855852,13.374930844494362,13.1738631490686,,,13.080572472471617,13.161253907393615,13.246398414450223,13.368951583046984,13.311669075545538,13.258156625000913,13.263571319830877,13.313201610163803,13.347494494556889,12.135439324957826,13.100032006879983,13.221883612173356,"rgba(239, 83, 80, 1.0)",0.0,0.0,0.32931252441810643,13.264116040334423,-1.3789819902442022,0.0,0.0,0.0,0.0,-1.0,12.915,12.87,0.0,40.422213805102004,-5.7958090480329645,False,True,False,True,False,0.0,1,0.9130267461997303,0.9867231094862419,False,False,False,False,-0.21906320905878932,-0.19924595479777618,False,False,False,False,893929.0,956818.5784189194,False,False,False,False,18348.394465830035,False,False,False,False
2025-09-23 18:00:00+00:00,12.81,12.87,12.59,12.625,10937.0,13.09489295905424,13.129200441422986,13.053324883606967,13.217942097444066,13.309076881879056,13.39971585194655,13.411660741991458,13.38873529901078,13.37365396206707,13.17314760585302,,,13.077013448090671,13.157460261369835,13.24310038695273,13.365509144254567,13.309913878945522,13.256677029112861,13.262198654897686,13.31184370981207,13.346288125800019,12.135975642351966,13.087978919462605,13.217942097444066,"rgba(239, 83, 80, 1.0)",0.0,0.0,0.32703249418389624,13.258847660481525,-1.9381794523607827,0.0,0.0,0.0,0.0,-1.0,12.78,12.645,0.0,34.9688191138782,-10.669596869465096,False,True,False,True,False,0.0,0,0.9019307971707128,0.9936914547887593,False,False,False,False,-0.2910761528402323,-0.24516105381900424,False,False,False,False,882992.0,955673.9803038974,False,False,False,False,18233.48912527453,False,False,False,False
2025-09-23 19:00:00+00:00,12.625,12.645,12.435,12.485,26962.0,13.053140310781167,13.107695682198008,13.039439103185057,13.205334067621692,13.298404971509102,13.391747667471874,13.404684193403396,13.384644829510295,13.36972780902972,13.170756585859461,,,13.064657631913148,13.144958261678779,13.232617468677745,13.355015692892513,13.304421590981432,13.251947069236433,13.257817382845003,13.30758801235755,13.342546702768141,12.136884808333056,13.049273376443956,13.205334067621692,"rgba(239, 83, 80, 1.0)",0.0,0.0,0.3244108589509514,13.24256214197099,-2.335193539515666,0.0,0.0,0.0,0.0,-1.0,12.59,12.49,0.0,30.076080617589817,-14.876576480124236,False,True,False,True,False,0.0,0,0.8967815654161111,1.0019043991620642,False,False,False,False,-0.34282825441539394,-0.2939946541171991,False,False,False,False,856030.0,954129.112392209,False,False,False,False,18368.814875270273,False,False,False,False
2025-09-24 14:00:00+00:00,12.485,12.49,12.195,12.29,12230.0,13.029852403541897,13.09532727470065,13.031074170695513,13.198162148059332,13.292457295798297,13.387374535929165,13.400858738276984,13.382382134575591,13.367548570568957,13.16935093056439,,,13.057267515148245,13.137709347748142,13.226674412159069,13.34923829428332,13.301335814750614,13.249249159523211,13.255320699668049,13.30519341515487,13.340456838865627,12.13708573507723,13.027494547832779,13.198162148059332,"rgba(239, 83, 80, 1.0)",0.0,0.0,0.32879728961405263,13.233581865091171,-2.8697981853766588,0.0,0.0,0.0,0.0,-1.0,12.435,12.28,0.0,25.480651380262575,-18.775470823007474,False,True,False,True,False,0.0,0,0.8887627695800226,1.0077563374952705,False,False,False,False,-0.34282825441539394,-0.3184114542662965,False,False,False,False,843800.0,952418.5835179111,False,False,False,False,18273.639450847477,False,False,False,False
2025-09-24 15:00:00+00:00,12.27,12.28,12.18,12.24,5558.0,13.018441061437152,13.08918103601263,13.026851896820771,13.194603170073322,13.28952445614491,13.385228505465923,13.398981817002063,13.381268160718388,13.366474389088873,13.168644480221516,,,13.053543275047364,13.134090411221905,13.223727229488325,13.34640101459293,13.299808819387012,13.247907172793212,13.254079114592479,13.304007617828704,13.339424442088863,12.13713243166057,13.016788279886256,13.194603170073322,"rgba(239, 83, 80, 1.0)",0.0,0.0,0.33052317251209196,13.229187003707414,-2.992791688973715,0.0,0.0,0.0,0.0,0.0,0.0,0.0,0.0,22.124811452172743,-21.57969953771336,False,True,False,True,False,0.0,0,0.8874976285334849,1.017833428191994,False,False,False,False,-0.34282825441539394,-0.33061985434084523,False,False,False,False,838242.0,950648.4039284862,False,False,False,False,18076.497753935113,False,False,False,False
2025-09-24 16:00:00+00:00,12.24,12.255,12.14,12.165,9129.0,12.999318342269376,13.078733657188552,13.019610787450462,13.188533158034428,13.284531072950358,13.381578821903735,13.395789142261007,13.37936894961742,13.364641977474164,13.167428669627823,,,13.047154836518786,13.12790404309532,13.218697945220034,13.34157789302457,13.297200852617008,13.245609608252206,13.251953413747662,13.30198098854733,13.337661538257084,12.137171873701659,12.9988051941991,13.188533158034428,"rgba(239, 83, 80, 1.0)",0.0,0.0,0.3333331801799823,13.221800807691867,-3.170403879749539,0.0,0.0,0.0,0.0,0.0,0.0,0.0,0.0,19.45984629327446,-23.876956564560643,False,True,False,True,False,0.0,0,0.88565965583174,1.0235181644359463,False,False,False,False,-0.34282825441539394,-0.3367240543781196,False,False,False,False,829113.0,948764.1341001375,False,False,False,False,17937.776858525267,False,False,False,False
2025-09-24 17:00:00+00:00,12.165,12.205,12.08,12.085,12388.0,12.97281645252754,13.063957974412366,13.009249807535285,13.179898785667937,13.277440205016063,13.376400997973885,13.391257969990495,13.376665027375015,13.362031288040258,13.165677398711754,,,13.038007767291374,13.119080992323815,13.211536674217044,13.334741325418438,13.293480621299329,13.242322169688817,13.248911663200248,13.299087092261054,13.335146733335401,12.1371569370523,12.973804052153787,13.179898785667937,"rgba(239, 83, 80, 1.0)",0.0,0.0,0.34689690033113846,13.21150561094025,-3.247378716457015,0.0,0.0,0.0,0.0,-1.0,12.14,12.085,875.0,17.25539092155322,-25.892161080283714,False,True,False,True,False,0.0,0,0.8829482528164978,1.0171854114951309,False,False,False,False,-0.34282825441539394,-0.3397761543967568,False,False,False,False,816725.0,946717.0157419959,False,False,False,False,17851.733806455108,False,False,False,False
2025-09-24 18:00:00+00:00,12.075,12.085,11.96,12.025,13956.0,12.94152168624904,13.046137694976979,12.99657507362417,13.169432761153594,13.268871601366222,13.370157148169623,13.385792204047943,13.373390834387052,13.358866898042686,13.163522881345475,,,13.02681434669196,13.10834523873877,13.202849171689062,13.326502520887349,13.28896188615769,13.238312703722272,13.245201781711465,13.295568037959988,13.332093303207662,12.13701869912021,12.944178659966497,13.169432761153594,"rgba(239, 83, 80, 1.0)",0.0,0.0,0.36193770306614115,13.199271546892927,-3.244402384568203,0.0,0.0,0.0,0.0,0.0,0.0,0.0,0.0,15.480935558234185,-27.642148279358544,False,True,False,True,False,0.0,0,0.877909194963754,1.0227012590614268,False,False,False,False,-0.34282825441539394,-0.3413022044060754,False,False,False,False,802769.0,944485.2635599495,False,False,False,False,17791.33483271162,False,False,False,False
2025-09-24 19:00:00+00:00,12.015,12.155,12.01,12.06,29195.0,12.885629103884051,13.012551331911016,12.972439835446762,13.149099659587321,13.252048067586793,13.357774013266228,13.374926566916017,13.36685259972586,13.35254958081457,13.159245007048483,,,13.005344573686832,13.087591151870708,13.18585850431472,13.310268162096472,13.279993895094307,13.23036296665782,13.237838256246386,13.288565269459669,13.326001843274586,12.136861531497763,12.89097405361205,13.149099659587321,"rgba(239, 83, 80, 1.0)",0.0,0.0,0.3728498478059273,13.176692634895051,-2.9950196881300655,0.0,0.0,0.0,0.0,0.0,0.0,0.0,0.0,15.60810126961342,-27.761683018221383,False,True,False,True,False,0.0,0,0.880258899676375,1.019417475728155,False,False,False,False,-0.3239730954523799,-0.3326376499292276,False,False,False,False,831964.0,942740.7478458417,False,False,False,False,17968.135843057174,False,False,False,False
2025-09-25 14:00:00+00:00,11.75,11.93,11.68,11.925,12073.0,12.85859294200687,12.996088759407453,12.960360505267342,13.139156871375773,13.243896298951597,13.351816360526572,13.369700048527827,13.36369009673752,13.349488264473546,13.157112608951314,,11.844999999999997,12.994621071551046,13.077355841033338,13.177557092494627,13.302450015644967,13.2756234850438,13.22645904557881,13.234223293585895,13.285148452144131,13.323040104042182,12.136555990760947,12.865150781770812,13.139156871375773,"rgba(239, 83, 80, 1.0)",0.0,0.0,0.38685612009835485,13.1657435902596,-3.2072481881484807,0.0,0.0,0.0,0.0,0.0,0.0,0.0,0.0,14.835038815219168,-28.880536143817746,False,True,False,True,False,0.0,0,0.8730188679245281,1.02188679245283,False,False,False,False,-0.34282825441539394,-0.3377329521723108,False,False,False,False,819891.0,940836.1005924178,False,False,False,False,17876.738388126058,False,False,False,False
2025-09-25 15:00:00+00:00,11.915,12.08,11.875,12.06,10582.0,12.839587691336593,12.983989678340782,12.951472383819327,13.131627989209248,13.237636928691241,13.347183326116566,13.36562593433404,13.361219846180388,13.34709949700703,13.1554764622356,,11.919734937099976,12.98666923573408,13.069669139786471,13.17122852777894,13.296410479965157,13.272240626973959,13.223449523356713,13.23143332298076,13.28249813305192,13.320733825196173,12.136435388032604,12.846931975580462,13.131627989209248,"rgba(239, 83, 80, 1.0)",0.0,0.0,0.38844660606788917,13.157772286803933,-2.8260570942202388,0.0,0.0,0.0,0.0,1.0,11.95,11.93,879.0,18.780897906043812,-28.880536143817746,False,True,False,True,True,0.0,0,0.8797134238310708,1.0184766214177976,False,False,False,False,-0.2936897871501308,-0.3157113696612208,False,False,False,False,830473.0,939125.0447692795,False,False,False,False,17763.641668930308,False,False,False,False
2025-09-25 16:00:00+00:00,12.06,12.07,11.95,11.975,10196.0,12.821919428074315,12.972530622848286,12.943004296401764,13.124425322642745,13.231633125951854,13.342727320051697,13.361704254930308,13.358836526873535,13.344794487304812,13.153895277490383,,11.944129605389993,12.979076195585614,13.062320624692921,13.165160607459802,13.290614431910972,13.268981103244679,13.220547985775799,13.228742528774502,13.27994157774867,13.31850807367297,12.13631351004646,12.829959869568741,13.124425322642745,"rgba(239, 83, 80, 1.0)",0.0,0.0,0.3894524685056218,13.150255334305722,-3.0177118630556516,0.0,0.0,0.0,0.0,0.0,0.0,0.0,0.0,20.535230941227262,-28.880536143817746,False,True,False,True,True,0.0,0,0.8844402277039846,1.020303605313093,False,False,False,False,-0.28459059982384594,-0.3001509847425334,False,False,False,False,820277.0,937282.4394240193,False,False,False,False,17646.313891117432,False,False,False,False
2025-09-25 17:00:00+00:00,11.975,12.04,11.92,11.925,6175.0,12.811114782451872,12.965462956777465,12.937752303543704,13.1199669254346,13.227917981117386,13.339969702927327,13.35927650635251,13.35735837461669,13.343364420643532,13.152909445400029,,11.94690445685782,12.974364274119536,13.057767269578902,13.161401600737817,13.287030384992944,13.266958405233993,13.218744883519761,13.227070212670005,13.278354039358613,13.317126393801317,12.136220214493113,12.819568373674747,13.1199669254346,"rgba(239, 83, 80, 1.0)",0.0,0.0,0.4035493204726679,13.145629699201674,-3.024734864556278,0.0,0.0,0.0,0.0,0.0,0.0,0.0,0.0,21.214074643837733,-34.6154013742748,False,True,False,True,True,0.0,0,0.8815390447308565,1.0157316148597422,False,False,False,False,-0.29298818632161316,-0.29656958553207324,False,False,False,False,814102.0,935372.6651693834,False,False,False,False,17468.46406334817,False,False,False,False
2025-09-25 18:00:00+00:00,11.925,12.005,11.85,11.965,7313.0,12.798347275694661,12.957041627456572,12.931468203695012,13.114632962760352,13.223471378716457,13.336666975820807,13.356367808090509,13.355584738818521,13.341648127064232,13.151722842739284,,11.94581482840228,12.968721939271518,13.052317625327479,13.156900250699065,13.282741771710663,13.26453139360083,13.21657946407104,13.225061590236388,13.276448012875905,13.315467619399788,12.136096155601853,12.807276227313146,13.114632962760352,"rgba(239, 83, 80, 1.0)",0.0,0.0,0.416063469690274,13.140128115912844,-2.8243962797013484,0.0,0.0,0.0,0.0,0.0,0.0,0.0,0.0,23.01456921567913,-32.59918526412203,False,True,False,True,True,0.0,0,0.8767565514622102,1.023357387011014,False,False,False,False,-0.30778201416727213,-0.3021757998496727,False,False,False,False,821415.0,933605.8796628814,False,False,False,False,17311.01500810246,False,False,False,False
2025-09-25 19:00:00+00:00,11.965,11.995,11.88,11.95,29778.0,12.750099781807085,12.92418658813984,12.906718448536797,13.093432550774091,13.205700909995796,13.323393756266702,13.344659689278515,13.348416678498902,13.334710898962353,13.146921576366182,,11.944192011421013,12.946404817188794,13.030697564175055,13.138933269152348,13.265578561158785,13.254752100023254,13.207848660659907,13.216957481612676,13.268752159754905,13.30876240906738,12.135596892346248,12.760670021323708,13.093432550774091,"rgba(239, 83, 80, 1.0)",0.0,0.0,0.42567256798510605,13.118757408748143,-2.745672370386428,0.0,0.0,0.0,0.0,0.0,0.0,0.0,0.0,24.023639396497344,-31.328410137674307,False,True,False,True,True,0.0,0,0.8747148288973382,1.0245247148288972,False,False,False,False,-0.3049542349444524,-0.30356501739706254,False,False,False,False,791637.0,931404.8117611313,False,False,False,False,17504.301597124126,False,False,False,False
2025-09-26 14:00:00+00:00,12.01,12.025,11.785,11.8,3722.0,12.743947699885497,12.91994018771965,12.90348839863331,13.090674897729922,13.203390361044853,13.321667322512981,13.343135825831805,13.347480454017818,13.33380427426728,13.14628861091534,,11.940733267367243,12.943489250927007,13.027880324217326,13.136592637030033,13.26334968265397,13.253473767555622,13.206704492179348,13.215895206453268,13.26774486773996,13.307885219102008,12.135511674229148,12.7547160538617,13.090674897729922,"rgba(239, 83, 80, 1.0)",0.0,0.0,0.4390365988559902,13.116000475984123,-2.99747328448986,0.0,0.0,0.0,0.0,-1.0,11.88,11.81,884.0,23.001996995945625,-31.328410137674307,False,True,False,True,True,0.0,0,0.8714366622616574,1.0203888993770056,False,False,False,False,-0.31416208437430687,-0.30886355088568473,False,False,False,False,787915.0,929180.1635167727,False,False,False,False,17290.622502595066,False,False,False,False
2025-09-26 15:00:00+00:00,11.8,11.81,11.63,11.645,5236.0,12.73373319136933,12.913037987397558,12.898214706103785,13.086263337601366,13.199728621898293,13.318953612001811,13.340743393667841,13.34600964589541,13.332378509146226,13.145277287424955,,11.925609442648643,12.938750065851316,13.0233446817093,13.132861555680998,13.25983388705504,13.25145246689363,13.204887927050533,13.214209724372271,13.26615318531685,13.306503057017135,12.135312930399827,12.744843321115498,13.086263337601366,"rgba(239, 83, 80, 1.0)",0.0,0.0,0.45716066527401006,13.111515912449622,-3.2078785946525645,0.0,0.0,0.0,0.0,0.0,0.0,0.0,0.0,21.028850564402187,-31.328410137674307,False,True,False,True,False,0.0,0,0.8670302802332139,1.0283994733872484,False,False,False,False,-0.34282825441539394,-0.32584590265053937,False,False,False,False,782679.0,926908.8276482956,False,False,False,False,17103.729130461812,False,False,False,False
2025-09-26 16:00:00+00:00,11.645,11.82,11.625,11.655,11162.0,12.712710356856762,12.89863993336169,12.887170668963366,13.07698480148567,13.1920073826983,13.31321641467873,13.33568179353802,13.342892399087017,13.329356613754863,13.143133482861058,,11.899442245013178,12.928806441227767,13.013814000879648,13.124999263434495,13.252415133136074,13.24717473887894,13.201042722010262,13.2106408730142,13.262781563904431,13.303573602280473,12.134894654655175,12.724496308909442,13.07698480148567,"rgba(239, 83, 80, 1.0)",0.0,0.0,0.47119457162007605,13.10217332916081,-3.0712860807905593,0.0,0.0,0.0,0.0,0.0,0.0,0.0,0.0,20.07951232995069,-31.328410137674307,False,True,False,True,False,0.0,0,0.862935465448315,1.0428326670474013,False,False,False,False,-0.3421257060347841,-0.33398580434266173,False,False,False,False,793841.0,924845.7605529731,False,False,False,False,17011.609298981784,False,False,False,False
2025-09-26 17:00:00+00:00,11.655,11.7,11.6,11.685,6592.0,12.700236700399136,12.890029377228107,12.880535904501048,13.071412306767288,13.187368438397751,13.309767168005868,13.332637467167254,13.341014144060386,13.327535343056356,13.141836838600508,,11.884199301753398,12.922827741131064,13.008087268631694,13.120272562795389,13.247959482278034,13.244597161451257,13.198723296689819,13.20848780520377,13.260748502780629,13.30180731432215,12.134626268356687,12.712411991569127,13.071412306767288,"rgba(239, 83, 80, 1.0)",0.0,0.0,0.48566956660658855,13.096591095938857,-2.9064845586305816,0.0,0.0,0.0,0.0,0.0,0.0,0.0,0.0,20.61364747746878,-31.328410137674307,False,True,False,True,False,0.0,0,0.8678920160827109,1.0367604824813326,False,False,False,False,-0.34282825441539394,-0.33840702937902783,False,False,False,False,800433.0,922916.8805443998,False,False,False,False,16850.06496876501,False,False,False,False
2025-09-26 18:00:00+00:00,11.685,11.785,11.66,11.77,10055.0,12.683133482109174,12.877929340634958,12.871180833183997,13.06345408703465,13.180699274969262,13.304777033399535,13.328227200580894,13.338287672349217,13.32489244553487,13.139965605553748,,11.87120647449299,12.914363934273226,12.999937023167963,13.113497171678459,13.241537155684663,13.240871241017915,13.195374626290453,13.205377367211538,13.25780553455739,13.299246037836273,12.13428374074292,12.695806567101085,13.06345408703465,"rgba(239, 83, 80, 1.0)",0.0,0.0,0.4982586795145833,13.088754243044736,-2.64672608278395,0.0,0.0,0.0,0.0,0.0,0.0,0.0,0.0,24.103088412568024,-30.2914202747518,False,True,False,True,True,0.0,0,0.8628276257891714,1.035393150947006,False,False,False,False,-0.3231036282475729,-0.3307553288133004,False,False,False,False,810488.0,921173.7971251068,False,False,False,False,16744.715124288035,False,False,False,False
2025-09-26 19:00:00+00:00,11.765,11.83,11.665,11.71,41750.0,12.61794729498145,12.830154567611503,12.833812646557586,13.031321392844589,13.15358964172534,13.284348384266613,13.310135228064794,13.32704206534289,13.313989225177417,13.13223066659124,,11.834431765760872,12.880381286223592,12.967099432593065,13.085994591450975,13.215387096689252,13.22556188418435,13.181601677494557,13.192572848670933,13.24568004262741,13.288677834056147,12.132855900994093,12.632293254947783,13.031321392844589,"rgba(239, 83, 80, 1.0)",0.0,0.0,0.511882675887531,13.057803141493855,-2.6330313663320544,0.0,0.0,0.0,0.0,-1.0,11.66,11.655,0.0,25.527806987925153,-28.832233146940226,False,True,False,True,True,0.0,0,0.8639143730886849,1.0342125382262997,False,False,False,False,-0.3163586825344789,-0.3235570056738897,False,False,False,False,768738.0,918810.4514332446,False,False,False,False,17132.393959570392,False,False,False,False
2025-09-29 14:00:00+00:00,11.61,11.655,11.28,11.3,11131.0,12.596234107123124,12.814520592887149,12.821450756620314,13.02094350304601,13.144924283933012,13.277873393818865,13.304404939745957,13.323466936723598,13.310517418154305,13.129708912465436,11.411666666666665,11.806043394765682,12.869184306352704,12.956408001277849,13.077135650376977,13.207078367957841,13.220658640817128,13.17716245366783,13.188447638862646,13.24179483592745,13.28530294806866,12.132168973465921,12.611153402519538,13.02094350304601,"rgba(239, 83, 80, 1.0)",0.0,0.0,0.5388307912708106,13.047672745308867,-3.2434537402494232,0.0,0.0,0.0,0.0,-1.0,11.665,11.485,891.0,22.686189510526617,-28.832233146940226,False,True,False,True,False,0.0,0,0.8464015151515148,1.0431818181818182,False,False,False,False,-0.34282825441539394,-0.33319263004464184,False,False,False,False,757607.0,916311.1731164501,False,False,False,False,17039.34909198015,False,False,False,False
2025-09-29 15:00:00+00:00,11.3,11.485,11.29,11.385,9842.0,12.577284646579447,12.80074009498874,12.810507381658521,13.01173672067633,13.13722441783408,13.272109212384942,13.299300429730472,13.320275725023704,13.307417917573817,13.127452977637324,11.399934916320982,11.782539173647216,12.859257836009927,12.94692533668871,13.069263912137949,13.199693905911554,13.216285624645678,13.173200493141236,13.184764928199465,13.238326493149847,13.282289294607672,12.131541646075618,12.59268529813205,13.01173672067633,"rgba(239, 83, 80, 1.0)",0.0,0.0,0.5612416094197321,13.038740440241167,-2.9465749019410192,0.0,0.0,0.0,0.0,0.0,0.0,0.0,0.0,23.156990695189528,-28.832233146940226,False,True,False,True,False,0.0,0,0.8467360454115419,1.0490066225165562,False,False,False,False,-0.34282825441539394,-0.33801044223001786,False,False,False,False,767449.0,914003.232447978,False,False,False,False,16927.76228435255,False,False,False,False
2025-09-29 16:00:00+00:00,11.385,11.445,11.32,11.415,12993.0,12.553294316563218,12.78303377122018,12.79637995993993,12.999789218075943,13.127200383707045,13.264579892808715,13.2926264819553,13.316093359931987,13.30335549750162,13.124495085301978,11.397409615497848,11.755726069282431,12.846413530065623,12.934633533225588,13.059024289716017,13.190072019164475,13.21056530760059,13.168016269929694,13.179944100299538,13.233783957537307,13.278339355908246,12.130722487312413,12.569271133682419,12.999789218075943,"rgba(239, 83, 80, 1.0)",0.0,0.0,0.5812746013392206,13.027253713866278,-2.7736524357880876,0.0,0.0,0.0,0.0,0.0,0.0,0.0,0.0,24.301501470248223,-28.832233146940226,False,True,False,True,False,0.0,0,0.8552406315389004,1.046224082176146,False,False,False,False,-0.34282825441539394,-0.34041934832270593,False,False,False,False,780442.0,911932.5156658387,False,False,False,False,16866.758217928476,False,False,False,False
2025-09-29 17:00:00+00:00,11.415,11.52,11.345,11.445,29474.0,12.504223528166346,12.74567598379646,12.7663119180703,12.97404377293471,13.105440810045707,13.248112090315276,13.278000348123129,13.306885150346353,13.294411341414035,13.117989534619188,11.415648302858344,11.712603290626118,12.818939494924846,12.908222522450304,13.036846092528027,13.16913805353324,13.19802746641337,13.156651767447315,13.169366809360938,13.223802572671316,13.269644639737484,12.128979792426971,12.521240239475466,12.97404377293471,"rgba(239, 83, 80, 1.0)",0.0,0.0,0.5986465590835808,13.002947866168956,-2.602450214620612,0.0,0.0,0.0,0.0,0.0,0.0,0.0,0.0,25.936109921905608,-28.252221503656486,False,True,False,True,True,0.0,0,0.8551055333713631,1.0406921467959687,False,False,False,False,-0.3296823156972691,-0.33505083200998753,False,False,False,False,809916.0,910350.8642601668,False,False,False,False,17062.219330828808,False,False,False,False
2025-09-29 18:00:00+00:00,11.45,11.6,11.435,11.48,30328.0,12.46099456935731,12.711236640382952,12.738250235845943,12.949561701252351,13.084521052072791,13.232101672290158,13.26373878894033,13.29784662386532,13.285632314438034,13.111617575577668,11.444547909023688,11.687256503570826,12.793108656463321,12.883218743022992,13.015597358526867,13.14894228256724,13.185803403552585,13.145571113074466,13.159040177647466,13.21403537173297,13.261113633325305,12.12737180902807,12.478749495069255,12.949561701252351,"rgba(239, 83, 80, 1.0)",0.0,0.0,0.6146481964549433,12.980395974738494,-2.4410646340332667,0.0,0.0,0.0,0.0,0.0,0.0,0.0,0.0,28.07980478769384,-26.10644874366391,False,True,False,True,True,0.0,0,0.8563577790411215,1.036763312488156,False,False,False,False,-0.30714100832556357,-0.32109592016777555,False,False,False,False,840244.0,909263.9361321022,False,False,False,False,17267.89034895549,False,False,False,False
2025-09-29 19:00:00+00:00,11.485,11.555,11.3,11.31,80686.0,12.350277083429274,12.62025885623224,12.662814187024077,12.883280015301121,13.027517844402057,13.188121872048312,13.224446082084546,13.27269939028647,13.261187065005045,13.093694513331421,11.418548337479603,11.61396633524569,12.723287978458151,12.815559620225278,12.957682252737419,13.093875713917084,13.151926447581278,13.114757066526648,13.130286035495265,13.186845206233281,13.237332414077695,12.122339524677033,12.36959600082544,12.883280015301121,"rgba(239, 83, 80, 1.0)",0.0,0.0,0.6334268517962327,12.9201830247957,-2.5420188933096877,0.0,0.0,0.0,0.0,0.0,0.0,0.0,0.0,27.392411999751992,-26.10644874366391,False,True,False,True,True,0.0,0,0.8542334527625869,1.0379030737318498,False,False,False,False,-0.330567347049228,-0.32583163360850176,False,False,False,False,759558.0,906942.9138664881,False,False,False,False,18251.116855173233,False,False,False,False
