date,Open,High,Low,Close,Volume,aVWAP_peak_847,aVWAP_peak_846,aVWAP_peak_845,aVWAP_peak_844,aVWAP_peak_843,aVWAP_peak_842,aVWAP_peak_841,aVWAP_peak_819,aVWAP_peak_797,aVWAP_peak_796,aVWAP_peak_795,aVWAP_peak_794,aVWAP_peak_793,aVWAP_peak_765,aVWAP_peak_764,aVWAP_peak_763,aVWAP_peak_750,aVWAP_peak_749,aVWAP_peak_748,aVWAP_peak_747,aVWAP_peak_746,aVWAP_peak_745,aVWAP_peak_744,aVWAP_peak_743,aVWAP_peak_742,aVWAP_peak_741,aVWAP_peak_740,aVWAP_peak_739,aVWAP_peak_738,aVWAP_peak_701,aVWAP_peak_700,aVWAP_peak_699,aVWAP_peak_698,aVWAP_peak_672,aVWAP_peak_649,aVWAP_peak_629,aVWAP_peak_610,aVWAP_peak_609,aVWAP_peak_608,aVWAP_peak_593,aVWAP_peak_570,aVWAP_peak_569,aVWAP_peak_568,aVWAP_peak_567,aVWAP_peak_566,aVWAP_peak_565,aVWAP_peak_544,aVWAP_peak_519,aVWAP_peak_504,aVWAP_peak_472,aVWAP_peak_456,aVWAP_peak_427,aVWAP_peak_426,aVWAP_peak_377,aVWAP_peak_376,aVWAP_peak_375,aVWAP_peak_374,aVWAP_peak_373,aVWAP_peak_360,aVWAP_peak_344,aVWAP_peak_343,aVWAP_peak_316,aVWAP_peak_315,aVWAP_peak_314,aVWAP_peak_313,aVWAP_peak_312,aVWAP_peak_311,aVWAP_peak_287,aVWAP_peak_271,aVWAP_peak_234,aVWAP_peak_233,aVWAP_peak_182,aVWAP_peak_181,aVWAP_peak_132,aVWAP_peak_131,aVWAP_peak_130,aVWAP_peak_108,aVWAP_peak_107,aVWAP_peak_106,aVWAP_peak_105,aVWAP_peak_104,aVWAP_peak_103,aVWAP_peak_60,aVWAP_peak_59,aVWAP_peak_58,aVWAP_peak_57,aVWAP_peak_56,aVWAP_peak_55,aVWAP_peak_36,aVWAP_peak_35,aVWAP_peak_34,aVWAP_valley_855,aVWAP_valley_854,aVWAP_valley_853,aVWAP_valley_828,aVWAP_valley_827,aVWAP_valley_810,aVWAP_valley_809,aVWAP_valley_808,aVWAP_valley_807,aVWAP_valley_806,aVWAP_valley_805,aVWAP_valley_789,aVWAP_valley_788,aVWAP_valley_787,aVWAP_valley_772,aVWAP_valley_771,aVWAP_valley_751,aVWAP_valley_750,aVWAP_valley_728,aVWAP_valley_727,aVWAP_valley_726,aVWAP_valley_701,aVWAP_valley_677,aVWAP_valley_676,aVWAP_valley_675,aVWAP_valley_674,aVWAP_valley_673,aVWAP_valley_672,aVWAP_valley_642,aVWAP_valley_629,aVWAP_valley_616,aVWAP_valley_615,aVWAP_valley_614,aVWAP_valley_600,aVWAP_valley_599,aVWAP_valley_579,aVWAP_valley_578,aVWAP_valley_577,aVWAP_valley_553,aVWAP_valley_552,aVWAP_valley_551,aVWAP_valley_550,aVWAP_valley_549,aVWAP_valley_548,aVWAP_valley_534,aVWAP_valley_533,aVWAP_valley_532,aVWAP_valley_531,aVWAP_valley_495,aVWAP_valley_450,aVWAP_valley_410,aVWAP_valley_391,aVWAP_valley_390,aVWAP_valley_353,aVWAP_valley_352,aVWAP_valley_351,aVWAP_valley_350,aVWAP_valley_329,aVWAP_valley_328,aVWAP_valley_327,aVWAP_valley_326,aVWAP_valley_325,aVWAP_valley_324,aVWAP_valley_323,aVWAP_valley_322,aVWAP_valley_305,aVWAP_valley_254,aVWAP_valley_253,aVWAP_OB_bull_450,aVWAP_OB_bull_329,aVWAP_OB_bear_819,aVWAP_OB_bear_649,aVWAP_OB_bear_234,Peaks_avg,Valleys_avg,color,StDev,StDev_Mean,StdDev_ZScore,QQEMOD,QQE1_Value,QQE1_Above_Upper,QQE1_Below_Lower,QQE2_Above_Threshold,QQE2_Below_Threshold,QQE2_Above_TL,banker_RSI,OB,OB_High,OB_Low,OB_Mitigated_Index,TTM_squeeze_Active,VI_plus,VI_minus,VI_Regular_Bullish,VI_Regular_Bearish,VI_Hidden_Bullish,VI_Hidden_Bearish,Fisher,Fisher_Signal,Fisher_Regular_Bullish,Fisher_Regular_Bearish,Fisher_Hidden_Bullish,Fisher_Hidden_Bearish,OBV,OBV_Smoothed,OBV_Regular_Bullish,OBV_Regular_Bearish,OBV_Hidden_Bullish,OBV_Hidden_Bearish,Volume_MA,Vol_Regular_Bullish,Vol_Regular_Bearish,Vol_Hidden_Bullish,Vol_Hidden_Bearish
2025-02-05 20:00:00+00:00,35.9,35.9,35.9,35.9,3.0,,,,,,,,,,,,,,,,,,,,,,,,,,,,,,,,,,,,,,,,,,,,,,,,,,,,,,,,,,,,,,,,,,,,,,,,,,,,,,,,,,,,,,,,,,,,,,,,,,,,,,,,,,,,,,,,,,,,,,,,,,,,,,,,,,,,,,,,,,,,,,,,,,,,,,,,,,,,,,,,,,,,,,,#000000,,,,,,False,False,False,False,False,,0.0,0.0,0.0,0.0,0,,,False,False,False,False,,,False,False,False,False,0.0,0.0,False,False,False,False,3.0,False,False,False,False
2025-02-06 15:00:00+00:00,35.9,35.9,35.9,35.9,0.0,,,,,,,,,,,,,,,,,,,,,,,,,,,,,,,,,,,,,,,,,,,,,,,,,,,,,,,,,,,,,,,,,,,,,,,,,,,,,,,,,,,,,,,,,,,,,,,,,,,,,,,,,,,,,,,,,,,,,,,,,,,,,,,,,,,,,,,,,,,,,,,,,,,,,,,,,,,,,,,,,,,,,,,#000000,,,,,,False,False,False,False,False,,0.0,0.0,0.0,0.0,0,,,False,False,False,False,,,False,False,False,False,0.0,0.0,False,False,False,False,2.953488372093023,False,False,False,False
2025-02-06 16:00:00+00:00,35.9,35.9,35.9,35.9,0.0,,,,,,,,,,,,,,,,,,,,,,,,,,,,,,,,,,,,,,,,,,,,,,,,,,,,,,,,,,,,,,,,,,,,,,,,,,,,,,,,,,,,,,,,,,,,,,,,,,,,,,,,,,,,,,,,,,,,,,,,,,,,,,,,,,,,,,,,,,,,,,,,,,,,,,,,,,,,,,,,,,,,,,,#000000,,,,,,False,False,False,False,False,,0.0,0.0,0.0,0.0,0,,,False,False,False,False,,,False,False,False,False,0.0,0.0,False,False,False,False,2.907697854696232,False,False,False,False
2025-02-06 17:00:00+00:00,35.9,35.9,35.9,35.9,0.0,,,,,,,,,,,,,,,,,,,,,,,,,,,,,,,,,,,,,,,,,,,,,,,,,,,,,,,,,,,,,,,,,,,,,,,,,,,,,,,,,,,,,,,,,,,,,,,,,,,,,,,,,,,,,,,,,,,,,,,,,,,,,,,,,,,,,,,,,,,,,,,,,,,,,,,,,,,,,,,,,,,,,,,#000000,,,,,,False,False,False,False,False,,0.0,0.0,0.0,0.0,0,,,False,False,False,False,,,False,False,False,False,0.0,0.0,False,False,False,False,2.862617267801717,False,False,False,False
2025-02-06 18:00:00+00:00,35.9,37.0,35.9,37.0,100.0,,,,,,,,,,,,,,,,,,,,,,,,,,,,,,,,,,,,,,,,,,,,,,,,,,,,,,,,,,,,,,,,,,,,,,,,,,,,,,,,,,,,,,,,,,,,,,,,,,,,,,,,,,,,,,,,,,,,,,,,,,,,,,,,,,,,,,,,,,,,,,,,,,,,,,,,,,,,,,,,,,,,,,,"rgba(38, 166, 154, 0.5)",,,,100.0,,False,False,True,False,False,,0.0,0.0,0.0,0.0,0,,,False,False,False,False,,,False,False,False,False,100.0,1.550387596899225,False,False,False,False,4.368623201634248,False,False,False,False
2025-02-06 19:00:00+00:00,37.0,37.0,37.0,37.0,0.0,,,,,,,,,,,,,,,,,,,,,,,,,,,,,,,,,,,,,,,,,,,,,,,,,,,,,,,,,,,,,,,,,,,,,,,,,,,,,,,,,,,,,,,,,,,,,,,,,,,,,,,,,,,,,,,,,,,,,,,,,,,,,,,,,,,,,,,,,,,,,,,,,,,,,,,,,,,,,,,,,,,,,,,"rgba(38, 166, 154, 0.5)",,,,100.0,50.0,False,False,True,False,True,,0.0,0.0,0.0,0.0,0,,,False,False,False,False,,,False,False,False,False,100.0,3.07673817679226,False,False,False,False,4.300892609360849,False,False,False,False
2025-02-06 20:00:00+00:00,37.0,37.0,37.0,37.0,0.0,,,,,,,,,,,,,,,,,,,,,,,,,,,,,,,,,,,,,,,,,,,,,,,,,,,,,,,,,,,,,,,,,,,,,,,,,,,,,,,,,,,,,,,,,,,,,,,,,,,,,,,,,,,,,,,,,,,,,,,,,,,,,,,,,,,,,,,,,,,,,,,,,,,,,,,,,,,,,,,,,,,,,,,"rgba(38, 166, 154, 0.5)",,,,100.0,50.0,False,False,True,False,True,,0.0,0.0,0.0,0.0,0,,,False,False,False,False,,,False,False,False,False,100.0,4.5794244066094345,False,False,False,False,4.234212103789363,False,False,False,False
2025-02-07 15:00:00+00:00,37.0,37.0,37.0,37.0,0.0,,,,,,,,,,,,,,,,,,,,,,,,,,,,,,,,,,,,,,,,,,,,,,,,,,,,,,,,,,,,,,,,,,,,,,,,,,,,,,,,,,,,,,,,,,,,,,,,,,,,,,,,,,,,,,,,,,,,,,,,,,,,,,,,,,,,,,,,,,,,,,,,,,,,,,,,,,,,,,,,,,,,,,,"rgba(38, 166, 154, 0.5)",,,,100.0,50.0,False,False,True,False,True,,0.0,0.0,0.0,0.0,0,,,False,False,False,False,,,False,False,False,False,100.0,6.0588131754992105,False,False,False,False,4.168565404505807,False,False,False,False
2025-02-07 16:00:00+00:00,37.0,37.0,37.0,37.0,0.0,,,,,,,,,,,,,,,,,,,,,,,,,,,,,,,,,,,,,,,,,,,,,,,,,,,,,,,,,,,,,,,,,,,,,,,,,,,,,,,,,,,,,,,,,,,,,,,,,,,,,,,,,,,,,,,,,,,,,,,,,,,,,,,,,,,,,,,,,,,,,,,,,,,,,,,,,,,,,,,,,,,,,,,"rgba(38, 166, 154, 0.5)",,,,100.0,50.0,False,False,True,False,True,,0.0,0.0,0.0,0.0,0,,,False,False,False,False,,,False,False,False,False,100.0,7.5152656844062,False,False,False,False,4.103936483505716,False,False,False,False
2025-02-07 17:00:00+00:00,37.0,37.0,37.0,37.0,0.0,,,,,,,,,,,,,,,,,,,,,,,,,,,,,,,,,,,,,,,,,,,,,,,,,,,,,,,,,,,,,,,,,,,,,,,,,,,,,,,,,,,,,,,,,,,,,,,,,,,,,,,,,,,,,,,,,,,,,,,,,,,,,,,,,,,,,,,,,,,,,,,,,,,,,,,,,,,,,,,,,,,,,,,"rgba(38, 166, 154, 0.5)",,,,100.0,50.0,False,False,True,False,True,,0.0,0.0,0.0,0.0,0,,,False,False,False,False,,,False,False,False,False,100.0,8.949137534260366,False,False,False,False,4.0403095612808215,False,False,False,False
2025-02-07 18:00:00+00:00,37.0,37.0,37.0,37.0,0.0,,,,,,,,,,,,,,,,,,,,,,,,,,,,,,,,,,,,,,,,,,,,,,,,,,,,,,,,,,,,,,,,,,,,,,,,,,,,,,,,,,,,,,,,,,,,,,,,,,,,,,,,,,,,,,,,,,,,,,,,,,,,,,,,,,,,,,,,,,,,,,,,,,,,,,,,,,,,,,,,,,,,,,,"rgba(38, 166, 154, 0.5)",,,,100.0,50.0,False,False,True,False,True,,0.0,0.0,0.0,0.0,0,,,False,False,False,False,,,False,False,False,False,100.0,10.360778812798966,False,False,False,False,3.97766910296639,False,False,False,False
2025-02-07 19:00:00+00:00,37.0,37.0,37.0,37.0,0.0,,,,,,,,,,,,,,,,,,,,,,,,,,,,,,,,,,,,,,,,,,,,,,,,,,,,,,,,,,,,,,,,,,,,,,,,,,,,,,,,,,,,,,,,,,,,,,,,,,,,,,,,,,,,,,,,,,,,,,,,,,,,,,,,,,,,,,,,,,,,,,,,,,,,,,,,,,,,,,,,,,,,,,,"rgba(38, 166, 154, 0.5)",,,,100.0,50.0,False,False,True,False,True,,0.0,0.0,0.0,0.0,0,,,False,False,False,False,,,False,False,False,False,100.0,11.750534180042393,False,False,False,False,3.9159998145483064,False,False,False,False
2025-02-07 20:00:00+00:00,37.0,37.0,37.0,37.0,0.0,,,,,,,,,,,,,,,,,,,,,,,,,,,,,,,,,,,,,,,,,,,,,,,,,,,,,,,,,,,,,,,,,,,,,,,,,,,,,,,,,,,,,,,,,,,,,,,,,,,,,,,,,,,,,,,,,,,,,,,,,,,,,,,,,,,,,,,,,,,,,,,,,,,,,,,,,,,,,,,,,,,,,,,"rgba(38, 166, 154, 0.5)",,,,100.0,50.0,False,False,True,False,True,,0.0,0.0,0.0,0.0,0,,,False,False,False,False,,,False,False,False,False,100.0,13.118742952444837,False,False,False,False,3.855286639128953,False,False,False,False
2025-02-10 15:00:00+00:00,37.0,37.0,37.0,37.0,0.0,,,,,,,,,,,,,,,,,,,,,,,,,,,,,,,,,,,,,,,,,,,,,,,,,,,,,,,,,,,,,,,,,,,,,,,,,,,,,,,,,,,,,,,,,,,,,,,,,,,,,,,,,,,,,,,,,,,,,,,,,,,,,,,,,,,,,,,,,,,,,,,,,,,,,,,,,,,,,,,,,,,,,,,"rgba(38, 166, 154, 0.5)",,,,100.0,50.0,False,False,True,False,True,,0.0,0.0,0.0,0.0,0,,,False,False,False,False,,,False,False,False,False,100.0,14.465739185740265,False,False,False,False,3.7955147532509845,False,False,False,False
2025-02-10 16:00:00+00:00,37.0,37.0,37.0,37.0,0.0,,,,,,,,,,,,,,,,,,,,,,,,,,,,,,,,,,,,,,,,,,,,,,,,,,,,,,,,,,,,,,,,,,,,,,,,,,,,,,,,,,,,,,,,,,,,,,,,,,,,,,,,,,,,,,,,,,,,,,,,,,,,,,,,,,,,,,,,,,,,,,,,,,,,,,,,,,,,,,,,,,,,,,,"rgba(38, 166, 154, 0.5)",,,,100.0,50.0,False,False,True,False,True,,0.0,0.0,0.0,0.0,0,,,False,False,False,False,,,False,False,False,False,100.0,15.79185175650398,False,False,False,False,3.736669563278101,False,False,False,False
2025-02-10 17:00:00+00:00,37.0,37.0,37.0,37.0,0.0,,,,,,,,,,,,,,,,,,,,,,,,,,,,,,,,,,,,,,,,,,,,,,,,,,,,,,,,,,,,,,,,,,,,,,,,,,,,,,,,,,,,,,,,,,,,,,,,,,,,,,,,,,,,,,,,,,,,,,,,,,,,,,,,,,,,,,,,,,,,,,,,,,,,,,,,,,,,,,,,,,,,,,,"rgba(38, 166, 154, 0.5)",,,,100.0,50.0,False,False,True,False,True,,0.0,0.0,0.0,0.0,0,,,False,False,False,False,,,False,False,False,False,100.0,17.097404442449655,False,False,False,False,3.678736701831929,False,False,False,False
2025-02-10 18:00:00+00:00,37.0,37.0,37.0,37.0,0.0,,,,,,,,,,,,,,,,,,,,,,,,,,,,,,,,,,,,,,,,,,,,,,,,,,,,,,,,,,,,,,,,,,,,,,,,,,,,,,,,,,,,,,,,,,,,,,,,,,,,,,,,,,,,,,,,,,,,,,,,,,,,,,,,,,,,,,,,,,,,,,,,,,,,,,,,,,,,,,,,,,,,,,,"rgba(38, 166, 154, 0.5)",,,,100.0,50.0,False,False,True,False,True,,0.0,0.0,0.0,0.0,0,,,False,False,False,False,,,False,False,False,False,100.0,18.38271600148144,False,False,False,False,3.6217020242841467,False,False,False,False
2025-02-10 19:00:00+00:00,37.0,37.44,37.0,37.44,100.0,,,,,,,,,,,,,,,,,,,,,,,,,,,,,,,,,,,,,,,,,,,,,,,,,,,,,,,,,,,,,,,,,,,,,,,,,,,,,,,,,,,,,,,,,,,,,,,,,,,,,,,,,,,,,,,,,,,,,,,,,,,,,,,,,,,,,,,,,,,,,,,,,,,,,,,,,,,,,,,,,,,,,,,"rgba(38, 166, 154, 0.5)",,,,100.0,50.0,False,False,True,False,True,,0.0,0.0,0.0,0.0,0,,,False,False,False,False,,,False,False,False,False,200.0,21.19848784641971,False,False,False,False,5.115939202202222,False,False,False,False
2025-02-10 20:00:00+00:00,37.44,37.44,36.78,36.78,100.0,,,,,,,,,,,,,,,,,,,,,,,,,,,,,,,,,,,,,,,,,,,,,,,,,,,,,,,,,,,,,,,,,,,,,,,,,,,,,,,,,,,,,,,,,,,,,,,,,,,,,,,,,,,,,,,,,,,,,,,,,,,,,,,,,,,,,,,,,,,,,,,,,,,,,,,,,,,,,,,,,,,,,,,"rgba(38, 166, 154, 0.5)",,37.0,,82.57543472544518,34.317891252900665,False,False,True,False,False,,0.0,0.0,0.0,0.0,0,,,False,False,False,False,,,False,False,False,False,100.0,22.42021671701785,False,False,False,False,6.587009912245598,False,False,False,False
2025-02-11 15:00:00+00:00,36.78,36.78,36.78,36.78,0.0,,,,,,,,,,,,,,,,,,,,,,,,,,,,,,,,,,,,,,,,,,,,,,,,,,,,,,,,,,,,,,,,,,,,,,,,,,,,,,,,,,,,,,,,,,,,,,,,,,,,,,,,,,,,,,,,,,,,,,,,,,,,,,,,,,,,,,,,,,,,,,,,,,,,,,,,,,,,,,,,,,,,,,,"rgba(38, 166, 154, 0.5)",,37.0,,70.95905787574196,24.90862600464105,False,False,True,False,False,,0.0,0.0,0.0,0.0,0,,,False,False,False,False,,,False,False,False,False,100.0,23.6230040547385,False,False,False,False,6.48488572755962,False,False,False,False
2025-02-11 16:00:00+00:00,36.78,36.78,36.78,36.78,0.0,,,,,,,,,,,,,,,,,,,,,,,,,,,,,,,,,,,,,,,,,,,,,,,,,,,,,,,,,,,,,,,,,,,,,,,,,,,,,,,,,,,,,,,,,,,,,,,,,,,,,,,,,,,,,,,,,,,,,,,,,,,,,,,,,,,,,,,,,,,,,,,,,,,,,,,,,,,,,,,,,,,,,,,"rgba(38, 166, 154, 0.5)",,37.0,,63.214806642606476,19.19336859458707,False,False,True,False,False,,0.0,0.0,0.0,0.0,0,,,False,False,False,False,,,False,False,False,False,100.0,24.807143526758058,False,False,False,False,6.384344863566447,False,False,False,False
2025-02-11 17:00:00+00:00,36.78,36.78,36.78,36.78,0.0,,,,,,,,,,,,,,,,,,,,,,,,,,,,,,,,,,,,,,,,,,,,,,,,,,,,,,,,,,,,,,,,,,,,,,,,,,,,,,,,,,,,,,,,,,,,,,,,,,,,,,,,,,,,,,,,,,,,,,,,,,,,,,,,,,,,,,,,,,,,,,,,,,,,,,,,,,,,,,,,,,,,,,,"rgba(38, 166, 154, 0.5)",,37.0,,58.05197248718283,15.606231423398725,False,False,True,False,False,,0.0,0.0,0.0,0.0,0,,,False,False,False,False,,,False,False,False,False,100.0,25.972924247273436,False,False,False,False,6.2853627726584405,False,False,False,False
2025-02-11 18:00:00+00:00,36.78,36.78,36.78,36.78,0.0,,,,,,,,,,,,,,,,,,,,,,,,,,,,,,,,,,,,,,,,,,,,,,,,,,,,,,,,,,,,,,,,,,,,,,,,,,,,,,,,,,,,,,,,,,,,,,,,,,,,,,,,,,,,,,,,,,,,,,,,,,,,,,,,,,,,,,,,,,,,,,,,,,,,,,,,,,,,,,,,,,,,,,,#000000,,37.0,,54.61008305023373,13.21480664260649,False,False,False,False,False,,0.0,0.0,0.0,0.0,0,,,False,False,False,False,,,False,False,False,False,100.0,27.1206308480909,False,False,False,False,6.187915287811022,False,False,False,False
2025-02-11 19:00:00+00:00,36.78,36.78,36.78,36.78,0.0,,,,,,,,,,,,,,,,,,,,,,,,,,,,,,,,,,,,,,,,,,,,,,,,,,,,,,,,,,,,,,,,,,,,,,,,,,,,,,,,,,,,,,,,,,,,,,,,,,,,,,,,,,,,,,,,,,,,,,,,,,,,,,,,,,,,,,,,,,,,,,,,,,,,,,,,,,,,,,,,,,,,,,,#000000,,37.0,,52.315490092267666,11.477781416682511,False,False,False,False,False,,0.0,0.0,0.0,0.0,0,,,False,False,False,False,,,False,False,False,False,100.0,28.250543548120497,False,False,False,False,6.0919786166821694,False,False,False,False
2025-02-11 20:00:00+00:00,36.78,38.0,36.78,38.0,5.0,,,,,,,,,,,,,,,,,,,,,,,,,,,,,,,,,,,,,,,,,,,,,,,,,,,,,,,,,,,,,,,,,,,,,,,,,,,,,,,,,,,,,,,,,,,,,,,,,,,,,,,,,,,,,,,,,,,,,,,,,,,,,,,,,,,,,,,,,,,,,,,,,,,,,,,,,,,,,,,,,,,,,,,"rgba(38, 166, 154, 0.5)",,37.51260770975057,,62.32147852520955,2.1682366619701696,False,False,True,False,True,,0.0,0.0,0.0,0.0,0,,,False,False,False,False,,,False,False,False,False,105.0,29.440457601638006,False,False,False,False,6.075048715648338,False,False,False,False
2025-02-12 15:00:00+00:00,36.84,37.64,36.84,37.4,101.0,,,,,,,,,,,,,,,,,,,,,,,,,,,,,,,,,,,,,,,,,,,,,,,,,,,,,,,,,,,,,,,,,,,,,,,,,,,,,,,,,,,,,,,,,,,,,,,,,,,,,,,,,,,,,,,,,,,,,,,,,,,,,,,,,,,,,,,,,,,,,,,,,,,,,,,,,,,,,,,,,,,,,,,"rgba(38, 166, 154, 0.5)",,37.28616081787175,,61.63450017163653,2.1682366619701696,False,False,True,False,True,,0.0,0.0,0.0,0.0,0,,,False,False,False,False,,,False,False,False,False,4.0,29.046031902387803,False,False,False,False,7.546753386723557,False,False,False,False
2025-02-12 16:00:00+00:00,37.4,37.4,37.4,37.4,0.0,,,,,,,,,,,,,,,,,,,,,,,,,,,,,,,,,,,,,,,,,,,,,,,,,,,,,,,,,,,,,,,,,,,,,,,,,,,,,,,,,,,,,,,,,,,,,,,,,,,,,,,,,,,,,,,,,,,,,,,,,,,,,,,,,,,,,,,,,,,,,,,,,,,,,,,,,,,,,,,,,,,,,,,"rgba(38, 166, 154, 0.5)",,37.28616081787175,,61.17651460258786,2.1682366619701696,False,False,True,False,True,,0.0,0.0,0.0,0.0,0,,,False,False,False,False,,,False,False,False,False,4.0,28.657721330257758,False,False,False,False,7.4297494582472225,False,False,False,False
2025-02-12 17:00:00+00:00,37.4,37.4,37.4,37.4,0.0,,,,,,,,,,,,,,,,,,,,,,,,,,,,,,,,,,,,,,,,,,,,,,,,,,,,,,,,,,,,,,,,,,,,,,,,,,,,,,,,,,,,,,,,,,,,,,,,,,,,,,,,,,,,,,,,,,,,,,,,,,,,,,,,,,,,,,,,,,,,,,,,,,,,,,,,,,,,,,,,,,,,,,,"rgba(38, 166, 154, 0.5)",,37.28616081787175,,60.87119088988874,2.1682366619701696,False,False,True,False,True,,0.0,0.0,0.0,0.0,0,,,False,False,False,False,,,False,False,False,False,4.0,28.275431077075467,False,False,False,False,7.31455954416587,False,False,False,False
2025-02-12 18:00:00+00:00,37.4,37.4,37.4,37.4,0.0,,,,,,,,,,,,,,,,,,,,,,,,,,,,,,,,,,,,,,,,,,,,,,,,,,,,,,,,,,,,,,,,,,,,,,,,,,,,,,,,,,,,,,,,,,,,,,,,,,,,,,,,,,,,,,,,,,,,,,,,,,,,,,,,,,,,,,,,,,,,,,,,,,,,,,,,,,,,,,,,,,,,,,,"rgba(38, 166, 154, 0.5)",,37.28616081787175,,60.66764174808932,2.1682366619701696,False,False,True,False,True,,0.0,0.0,0.0,0.0,0,,,False,False,False,False,,,False,False,False,False,4.0,27.89906780456267,False,False,False,False,7.2011555202253135,False,False,False,False
2025-02-12 19:00:00+00:00,37.4,37.4,37.4,37.4,0.0,,,,,,,,,,,,,,,,,,,,,,,,,,,,,,,,,,,,,,,,,,,,,,,,,,,,,,,,,,,,,,,,,,,,,,,,,,,,,,,,,,,,,,,,,,,,,,,,,,,,,,,,,,,,,,,,,,,,,,,,,,,,,,,,,,,,,,,,,,,,,,,,,,,,,,,,,,,,,,,,,,,,,,,"rgba(38, 166, 154, 0.5)",,37.28616081787175,,60.53194232022305,2.23980647281671,False,False,True,False,True,,0.0,0.0,0.0,0.0,0,,,False,False,False,False,,,False,False,False,False,4.0,27.528539621546194,False,False,False,False,7.089509698206316,False,False,False,False
2025-02-12 20:00:00+00:00,37.4,37.84,37.4,37.84,200.0,,,,,,,,,,,,,,,,,,,,,,,,,,,,,,,,,,,,,,,,,,,,,,,,,,,,,,,,,,,,,,,,,,,,,,,,,,,,,,,,,,,,,,,,,,,,,,,,,,,,,,,,,,,,,,,,,,,,,,,,,,,,,,,,,,,,,,,,,,,,,,,,,,,,,,,,,,,,,,,,,,,,,,,"rgba(38, 166, 154, 0.5)",,37.53998026796926,,63.906764155353976,6.114647947483938,False,False,True,False,True,,0.0,0.0,0.0,0.0,0,,,False,False,False,False,,,False,False,False,False,204.0,30.26453125532067,False,False,False,False,10.080370012962808,False,False,False,False
2025-02-13 15:00:00+00:00,38.39,38.5,38.04,38.5,2.0,,,,,,,,,,,,,,,,,,,,,,,,,,,,,,,,,,,,,,,,,,,,,,,,,,,,,,,,,,,,,,,,,,,,,,,,,,,,,,,,,,,,,,,,,,,,,,,,,,,,,,,,,,,,,,,,,,,,,,,,,,,,,,,,,,,,,,,,,,,,,,,,,,,,,,,,,,,,,,,,,,,,,,,"rgba(38, 166, 154, 0.5)",,37.54500821540738,,69.15218187384895,11.467221111747449,False,False,True,False,True,,0.0,0.0,0.0,0.0,0,,,False,False,False,False,,,False,False,False,False,206.0,32.98911216609089,False,False,False,False,9.955092958498268,False,False,False,False
2025-02-13 16:00:00+00:00,38.5,38.5,38.5,38.5,0.0,,,,,,,,,,,,,,,,,,,,,,,,,,,,,,,,,,,,,,,,,,,,,,,,,,,,,,,,,,,,,,,,,,,,,,,,,,,,,,,,,,,,,,,,,,,,,,,,,,,,,,,,,,,,,,,,,,,,,,,,,,,,,,,,,,,,,,,,,,,,,,,,,,,,,,,,,,,,,,,,,,,,,,,"rgba(38, 166, 154, 0.5)",,37.54500821540738,,72.64912701951226,14.990449658620363,False,False,True,False,True,,0.0,0.0,0.0,0.0,0,,,False,False,False,False,,,False,False,False,False,206.0,35.671451512353045,False,False,False,False,9.800750432009922,False,False,False,False
2025-02-13 17:00:00+00:00,38.5,38.5,38.5,38.5,0.0,,,,,,,,,,,,,,,,,,,,,,,,,,,,,,,,,,,,,,,,,,,,,,,,,,,,,,,,,,,,,,,,,,,,,,,,,,,,,,,,,,,,,,,,,,,,,,,,,,,,,,,,,,,,,,,,,,,,,,,,,,,,,,,,,,,,,,,,,,,,,,,,,,,,,,,,,,,,,,,,,,,,,,,"rgba(38, 166, 154, 0.5)",,37.54500821540738,,74.98042378328779,17.411785217228143,False,False,True,False,True,,0.0,0.0,0.0,0.0,0,,,False,False,False,False,,,False,False,False,False,206.0,38.312204202084004,False,False,False,False,9.648800812908993,False,False,False,False
2025-02-13 18:00:00+00:00,40.6,41.45,40.6,41.45,200.0,,,,,,,,,,,,,,,,,,,,,,,,,,,,,,,,,,,,,,,,,,,,,,,,,,,,,,,,,,,,,,,,,,,,,,,,,,,,,,,,,,,,,,,,,,,41.16666666666667,,,,,,,,,,,,,,,,,,,,,,,,,,,,,,,,,,,,,,,,,,,,,,,,,,,,,,,,,,,,,,,,,,,,,,,,,,41.16666666666667,,"rgba(38, 166, 154, 0.5)",,39.2150593465085,,81.01930089968334,23.207144993319176,False,False,True,False,True,,0.0,0.0,0.0,0.0,0,,,False,False,False,False,,,False,False,False,False,406.0,44.01279018344704,False,False,False,False,12.59998219565459,False,False,False,False
2025-02-13 19:00:00+00:00,41.45,41.45,41.45,41.45,0.0,,,,,,,,,,,,,,,,,,,,,,,,,,,,,,,,,,,,,,,,,,,,,,,,,,,,,,,,,,,,,,,,,,,,,,,,,,,,,,,,,,,,,,,,,,,41.16666666666667,,,,,,,,,,,,,,,,,,,,,,,,,,,,,,,,,,,,,,,,,,,,,,,,,,,,,,,,,,,,,,,,,,,,,,,,,,41.16666666666667,,"rgba(38, 166, 154, 0.5)",,39.2150593465085,,85.04521897728038,26.987106401616188,False,False,True,False,True,,0.0,0.0,0.0,0.0,0,,,False,False,False,False,,,False,False,False,False,406.0,49.624994986804445,False,False,False,False,12.40463363448165,False,False,False,False
2025-02-13 20:00:00+00:00,41.45,41.45,40.39,40.39,2.0,,,,,,,,,,,,,,,,,,,,,,,,,,,,,,,,,,,,,,,,,,,,,,,,,,,,,,,,,,,,,,,,,,,,,,,,,,,,,,,,,,,,,,,,,40.74333333333333,40.74333333333333,41.16247524752475,,,,,,,,,,,,,,,,,,,,,,,,,,,,,,,,,,,,,,,,,,,,,,,,,,,,,,,,,,,,,,,,,,,,,,,,,,40.883047304730475,,"rgba(38, 166, 154, 0.5)",,39.52512145596431,,80.55761268546766,26.987106401616188,False,False,True,False,False,,0.0,0.0,0.0,0.0,0,,,False,False,False,False,,,False,False,False,False,404.0,55.11918111104003,False,False,False,False,12.243321485109842,False,False,False,False
2025-02-14 15:00:00+00:00,39.26,39.805,39.26,39.805,10.0,,,,,,,,,,,,,,,,,,,,,,,,,,,,,,,,,,,,,,,,,,,,,,,,,,,,,,,,,,,,,,,,,,,,,,,,,,,,,,,,,,,,,,,,,39.81,39.81,41.08987421383648,,,,,,,,,,,,,,,,,,,,,,,,,,,,,,,,,,,,,,,,,,,,,,,,,,,,,,,,,,,,,,,,,,,,,,,,,,40.2366247379455,,"rgba(38, 166, 154, 0.5)",,39.340053260920456,,74.57184486268075,33.360367148807825,False,False,True,False,False,,0.0,0.0,0.0,0.0,0,,,False,False,False,False,,,False,False,False,False,394.0,60.37314729536499,False,False,False,False,12.208541307046124,False,False,False,False
2025-02-14 16:00:00+00:00,38.56,38.6,38.28,38.6,229.0,,,,,,,,,,,,,,,,,,,,,,,,,,,,,,,,,,,,,,,,,,,,,,,,,,,,,,,,,,,,,,,,,,,,,,,,,,,,,,,,,,,,,,,,,38.55889349930843,38.55889349930843,39.74155706727135,,,,,,,,,,,,,,,,,,,,,,,,,,,,,,,,,,,,,,,,,,,,,,,,,,,,,,,,,,,,,,,,,,,,,,,,,,38.953114688629405,,"rgba(38, 166, 154, 0.5)",,38.85669072557558,,65.88065977021552,25.47255891635598,False,False,True,False,False,,0.0,0.0,0.0,0.0,0,,,False,False,False,False,,,False,False,False,False,165.0,61.99526904272367,False,False,False,False,15.569649193758586,False,False,False,False
2025-02-14 17:00:00+00:00,38.6,39.1,38.555,39.1,75.0,,,,,,,,,,,,,,,,,,,,,,,,,,,,,,,,,,,,,,,,,,,,,,,,,,,,,,,,,,,,,,,,,,,,,,,,,,,,,,,,,,,,,,,,,38.64420358649789,38.64420358649789,39.62190245478036,,,,,,,,,,,,,,,,,,,,,,,,,,,,,,,,,,,,,,,,,,,,,,,,,,,,,,,,,,,,,,,,,,,,,,,,,,38.97010320925872,,"rgba(38, 166, 154, 0.5)",,38.86806263175588,,61.72002657352142,21.858474263894237,False,False,True,False,False,,0.0,0.0,0.0,0.0,0,,,False,False,False,False,,,False,False,False,False,240.0,64.75503231337912,False,False,False,False,16.49104998145225,False,False,False,False
2025-02-14 18:00:00+00:00,39.1,39.1,37.585,37.95,144.0,,,,,,,,,,,,,,,,,,,,,,,,,,,,,,,,,,,,,,,,,,,,,,,,,,,,,,,,,,,,,,,,,,,,,,,,,,,,,,,,,,,,,,,,,38.50880072463768,38.50880072463768,39.31421464646464,,,,,,,,,,,,,,,,,,,,,,,,,,,,,,,,,,,,,,,,,,,,,,,,,,,,,,,,,,,,,,,,,,,,,,,,,,38.777272031913334,,"rgba(38, 166, 154, 0.5)",,38.74702912713986,,55.42971948738128,16.141451047061906,False,False,True,False,False,,0.0,0.0,0.0,0.0,0,,,False,False,False,False,,,False,False,False,False,96.0,65.23945041704765,False,False,False,False,18.467932927476244,False,False,False,False
2025-02-14 19:00:00+00:00,37.95,38.105,37.95,38.105,20.0,,,,,,,,,,,,,,,,,,,,,,,,,,,,,,,,,,,,,,,,,,,,,,,,,,,,,,,,,,,,,,,,,,,,,,,,,,,,,,,,,,,,,,,,,38.48982291666666,38.48982291666666,39.27712990196078,,,,,,,,,,,,,,,,,,,,,,,,,,,,,,,,,,,,,,,,,,,,,,,,,,,,,,,,,,,,,,,,,,,,,,,,,,38.752258578431366,,#000000,,38.729979465224865,,51.79026629194683,12.804375585140676,False,False,False,False,False,,0.0,0.0,0.0,0.0,0,,,False,False,False,False,,,False,False,False,False,116.0,66.02643568189963,False,False,False,False,18.49168590534483,False,False,False,False
2025-02-14 20:00:00+00:00,38.105,39.26,38.105,39.26,247.0,,,,,,,,,,,,,,,,,,,,,,,,,,,,,,,,,,,,,,,,,,,,,,,,,,,,,,,,,,,,,,,,,,,,,,,,,,,,,,,,,,,,,,,,,38.62068775790922,38.62068775790922,39.169982020855805,,,,,,,,,,,,,,,,,,,,,,,,,,,,,,,,,,,,,,,,,,,,,,,,,,,,,,,,,,,,,,,,,,,,,,,,,,38.80378584555808,,#000000,,38.76663994832289,,52.98974074489557,12.804375585140676,False,False,False,False,False,,0.0,0.0,0.0,0.0,0,,,False,False,False,False,,,False,False,False,False,363.0,70.630676989157,False,False,False,False,22.034450464951888,False,False,False,False
2025-02-17 15:00:00+00:00,39.26,39.26,39.26,39.26,0.0,,,,,,,,,,,,,,,,,,,,,,,,,,,,,,,,,,,,,,,,,,,,,,,,,,,,,,,,,,,,,,,,,,,,,,,,,,,,,,,,,,,,,,,,,38.62068775790922,38.62068775790922,39.169982020855805,,,,,,,,,,,,,,,,,,,,,,,,,,,,,,,,,,,,,,,,,,,,,,,,,,,,,,,,,,,,,,,,,,,,,,,,,,38.80378584555808,,"rgba(38, 166, 154, 0.5)",,38.76663994832289,,53.78939038019473,12.804375585140676,False,False,True,False,False,,0.0,0.0,0.0,0.0,0,,,False,False,False,False,,,False,False,False,False,363.0,75.16353471025533,False,False,False,False,21.69283107789837,False,False,False,False
2025-02-17 16:00:00+00:00,39.26,39.26,39.26,39.26,0.0,,,,,,,,,,,,,,,,,,,,,,,,,,,,,,,,,,,,,,,,,,,,,,,,,,,,,,,,,,,,,,,,,,,,,,,,,,,,,,,,,,,,,,,,,38.62068775790922,38.62068775790922,39.169982020855805,,,,,,,,,,,,,,,,,,,,,,,,,,,,,,,,,,,,,,,,,,,,,,,,,,,,,,,,,,,,,,,,,,,,,,,,,,38.80378584555808,,"rgba(38, 166, 154, 0.5)",,38.76663994832289,,54.32249013706084,12.804375585140676,False,True,True,False,False,,0.0,0.0,0.0,0.0,0,,,False,False,False,False,,,False,False,False,False,363.0,79.62611556746067,False,False,False,False,21.356508115450332,False,False,False,False
2025-02-17 17:00:00+00:00,39.26,39.26,39.26,39.26,0.0,,,,,,,,,,,,,,,,,,,,,,,,,,,,,,,,,,,,,,,,,,,,,,,,,,,,,,,,,,,,,,,,,,,,,,,,,,,,,,,,,,,,,,,,,38.62068775790922,38.62068775790922,39.169982020855805,,,,,,,,,,,,,,,,,,,,,,,,,,,,,,,,,,,,,,,,,,,,,,,,,,,,,,,,,,,,,,,,,,,,,,,,,,38.80378584555808,,"rgba(38, 166, 154, 0.5)",,38.76663994832289,,54.67788997497158,12.804375585140676,False,True,True,False,False,,0.0,0.0,0.0,0.0,0,,,False,False,False,False,,,False,False,False,False,363.0,84.0195091245543,False,False,False,False,21.025399462497614,False,False,False,False
2025-02-17 18:00:00+00:00,39.26,39.26,39.26,39.26,0.0,,,,,,,,,,,,,,,,,,,,,,,,,,,,,,,,,,,,,,,,,,,,,,,,,,,,,,,,,,,,,,,,,,,,,,,,,,,,,,,,,,,,,,,,,38.62068775790922,38.62068775790922,39.169982020855805,,,,,,,,,,,,,,,,,,,,,,,,,,,,,,,,,,,,,,,,,,,,,,,,,,,,,,,,,,,,,,,,,,,,,,,,,,38.80378584555808,,"rgba(38, 166, 154, 0.5)",,38.76663994832289,,54.9148232002454,12.804375585140676,False,True,True,False,False,,0.0,0.0,0.0,0.0,0,,,False,False,False,False,,,False,False,False,False,363.0,88.34478805285579,False,False,False,False,20.699424277032534,False,False,False,False
2025-02-17 19:00:00+00:00,39.26,39.26,39.26,39.26,0.0,,,,,,,,,,,,,,,,,,,,,,,,,,,,,,,,,,,,,,,,,,,,,,,,,,,,,,,,,,,,,,,,,,,,,,,,,,,,,,,,,,,,,,,,,38.62068775790922,38.62068775790922,39.169982020855805,,,,,,,,,,,,,,,,,,,,,,,,,,,,,,,,,,,,,,,,,,,,,,,,,,,,,,,,,,,,,,,,,,,,,,,,,,38.80378584555808,,"rgba(38, 166, 154, 0.5)",,38.76663994832289,,55.072778683761285,12.435994773372983,False,True,True,False,False,,0.0,0.0,0.0,0.0,0,,,False,False,False,False,,,False,False,False,False,363.0,92.60300839312158,False,False,False,False,20.378502970411873,False,False,False,False
2025-02-17 20:00:00+00:00,39.26,39.26,39.26,39.26,0.0,,,,,,,,,,,,,,,,,,,,,,,,,,,,,,,,,,,,,,,,,,,,,,,,,,,,,,,,,,,,,,,,,,,,,,,,,,,,,,,,,,,,,,,,,38.62068775790922,38.62068775790922,39.169982020855805,,,,,,,,,,,,,,,,,,,,,,,,,,,,,,,,,,,,,,,,,,,,,,,,,,,,,,,,,,,,,,,,,,,,,,,,,,38.80378584555808,,"rgba(38, 166, 154, 0.5)",,38.76663994832289,,55.17808233943854,11.717360194021765,False,True,True,False,False,,0.0,0.0,0.0,0.0,0,,,False,False,False,False,,,False,False,False,False,363.0,96.79520981338327,False,False,False,False,20.062557187924867,False,False,False,False
2025-02-18 15:00:00+00:00,38.96,38.96,38.96,38.96,0.0,,,,,,,,,,,,,,,,,,,,,,,,,,,,,,,,,,,,,,,,,,,,,,,,,,,,,,,,,,,,,,,,,,,,,,,,,,,,,,,,,,,,,,,,,38.62068775790922,38.62068775790922,39.169982020855805,,,,,,,,,,,,,,,,,,,,,,,,,,,,,,,,,,,,,,,,,,,,,,,,,,,,,,,,,,,,,,,,,,,,,,,,,,38.80378584555808,,"rgba(38, 166, 154, 0.5)",,38.76663994832289,,53.32735184440849,9.262811163893176,False,True,True,False,False,12.388847270284646,0.0,0.0,0.0,0.0,0,,,False,False,False,False,,,False,False,False,False,363.0,100.92241586278817,False,False,False,False,19.751509789662464,False,False,False,False
2025-02-18 16:00:00+00:00,38.96,38.96,38.96,38.96,0.0,,,,,,,,,,,,,,,,,,,,,,,,,,,,,,,,,,,,,,,,,,,,,,,,,,,,,,,,,,,,,,,,,,,,,,,,,,,,,,,,,,,,,,,,,38.62068775790922,38.62068775790922,39.169982020855805,,,,,,,,,,,,,,,,,,,,,,,,,,,,,,,,,,,,,,,,,,,,,,,,,,,,,,,,,,,,,,,,,,,,,,,,,,38.80378584555808,,#000000,,38.76663994832289,,52.09353151438846,7.528510631632685,False,True,False,False,False,12.388847270284646,0.0,0.0,0.0,0.0,0,,,False,False,False,False,,,False,False,False,False,363.0,104.98563422150463,False,False,False,False,19.4452848316832,False,False,False,False
2025-02-18 17:00:00+00:00,38.96,38.96,38.96,38.96,0.0,,,,,,,,,,,,,,,,,,,,,,,,,,,,,,,,,,,,,,,,,,,,,,,,,,,,,,,,,,,,,,,,,,,,,,,,,,,,,,,,,,,,,,,,,38.62068775790922,38.62068775790922,39.169982020855805,,,,,,,,,,,,,,,,,,,,,,,,,,,,,,,,,,,,,,,,,,,,,,,,,,,,,,,,,,,,,,,,,,,,,,,,,,38.80378584555808,,#000000,,38.76663994832289,,51.270984627708444,6.2505119394970166,False,True,False,False,False,12.388847270284657,0.0,0.0,0.0,0.0,0,,,False,False,False,False,,,False,False,False,False,363.0,108.9858569467526,False,False,False,False,19.143807547471056,False,False,False,False
2025-02-18 18:00:00+00:00,38.96,38.96,38.96,38.96,0.0,,,,,,,,,,,,,,,,,,,,,,,,,,,,,,,,,,,,,,,,,,,,,,,,,,,,,,,,,,,,,,,,,,,,,,,,,,,,,,,,,,,,,,,,,38.62068775790922,38.62068775790922,39.169982020855805,,,,,,,,,,,,,,,,,,,,,,,,,,,,,,,,,,,,,,,,,,,,,,,,,,,,,,,,,,,,,,,,,,,,,,,,,,38.80378584555808,,#000000,,38.76663994832289,,50.72262003658844,5.266313559525841,False,True,False,False,False,12.388847270284646,0.0,0.0,0.0,0.0,0,,,False,False,False,False,,,False,False,False,False,363.0,112.92406071502,False,False,False,False,18.847004329680807,False,False,False,False
2025-02-18 19:00:00+00:00,38.96,38.96,38.96,38.96,0.0,,,,,,,,,,,,,,,,,,,,,,,,,,,,,,,,,,,,,,,,,,,,,,,,,,,,,,,,,,,,,,,,,,,,,,,,,,,,,,,,,,,,,,,,,38.62068775790922,38.62068775790922,39.169982020855805,,,,,,,,,,,,,,,,,,,,,,,,,,,,,,,,,,,,,,,,,,,,,,,,,,,,,,,,,,,,,,,,,,,,,,,,,,38.80378584555808,,#000000,,38.76663994832289,,50.35704364250843,4.476613439071599,False,True,False,False,False,12.388847270284646,0.0,0.0,0.0,0.0,0,,,False,False,False,False,,,False,False,False,False,363.0,116.80120706052357,False,False,False,False,18.554802712166374,False,False,False,False
2025-02-18 20:00:00+00:00,38.96,38.96,38.96,38.96,0.0,,,,,,,,,,,,,,,,,,,,,,,,,,,,,,,,,,,,,,,,,,,,,,,,,,,,,,,,,,,,,,,,,,,,,,,,,,,,,,,,,,,,,,,,,38.62068775790922,38.62068775790922,39.169982020855805,,,,,,,,,,,,,,,,,,,,,,,,,,,,,,,,,,,,,,,,,,,,,,,,,,,,,,,,,,,,,,,,,,,,,,,,,,38.80378584555808,,#000000,,38.76663994832289,,50.113326046455086,3.8210456258815455,False,True,False,False,False,12.388847270284646,0.0,0.0,0.0,0.0,0,,,False,False,False,False,,,False,False,False,False,363.0,120.61824260997281,False,False,False,False,18.267131352287826,False,False,False,False
2025-02-19 15:00:00+00:00,39.5,39.5,39.5,39.5,0.0,,,,,,,,,,,,,,,,,,,,,,,,,,,,,,,,,,,,,,,,,,,,,,,,,,,,,,,,,,,,,,,,,,,,,,,,,,,,,,,,,,,,,,,,,38.62068775790922,38.62068775790922,39.169982020855805,,,,,,,,,,,,,,,,,,,,,,,,,,,,,,,,,,,,,,,,,,,,,,,,,,,,,,,,,,,,,,,,,,,,,,,,,,38.80378584555808,,"rgba(38, 166, 154, 0.5)",,38.76663994832289,,54.57159939194429,0.8299454001134592,False,True,True,False,True,15.949179120585818,0.0,0.0,0.0,0.0,0,,,False,False,False,False,,,False,False,False,False,363.0,124.37609931369416,False,False,False,False,17.983920013492664,False,False,False,False
2025-02-19 16:00:00+00:00,39.5,39.5,39.5,39.5,0.0,,,,,,,,,,,,,,,,,,,,,,,,,,,,,,,,,,,,,,,,,,,,,,,,,,,,,,,,,,,,,,,,,,,,,,,,,,,,,,,,,,,,,,,,,38.62068775790922,38.62068775790922,39.169982020855805,,,,,,,,,,,,,,,,,,,,,,,,,,,,,,,,,,,,,,,,,,,,,,,,,,,,,,,,,,,,,,,,,,,,,,,,,,38.80378584555808,,"rgba(38, 166, 154, 0.5)",,38.76663994832289,,57.543781622270416,3.632857543141405,False,True,True,False,True,15.949179120585818,0.0,0.0,0.0,0.0,0,,,False,False,False,False,,,False,False,False,False,363.0,128.07569467317177,False,False,False,False,17.705099548167198,False,False,False,False
2025-02-19 17:00:00+00:00,39.5,39.5,39.5,39.5,0.0,,,,,,,,,,,,,,,,,,,,,,,,,,,,,,,,,,,,,,,,,,,,,,,,,,,,,,,,,,,,,,,,,,,,,,,,,,,,,,,,,,,,,,,,,38.62068775790922,38.62068775790922,39.169982020855805,,,,,,,,,,,,,,,,,,,,,,,,,,,,,,,,,,,,,,,,,,,,,,,,,,,,,,,,,,,,,,,,,,,,,,,,,,38.80378584555808,,"rgba(38, 166, 154, 0.5)",,38.76663994832289,,59.52523644248784,5.464270988631412,False,True,True,False,True,15.949179120585818,0.0,0.0,0.0,0.0,0,,,False,False,False,False,,,False,False,False,False,363.0,131.7179319650606,False,False,False,False,17.430601880753752,False,False,False,False
2025-02-19 18:00:00+00:00,39.5,39.5,39.5,39.5,0.0,,,,,,,,,,,,,,,,,,,,,,,,,,,,,,,,,,,,,,,,,,,,,,,,,,,,,,,,,,,,,,,,,,,,,,,,,,,,,,,,,,,,,,,,,38.62068775790922,38.62068775790922,39.169982020855805,,,,,,,,,,,,,,,,,,,,,,,,,,,,,,,,,,,,,,,,,,,,,,,,,,,,,,,,,,,,,,,,,,,,,,,,,,38.80378584555808,,"rgba(38, 166, 154, 0.5)",,38.76663994832289,,60.84620632263278,6.719556019090575,False,False,True,False,True,15.949179120585818,0.0,0.0,0.0,0.0,0,,,False,False,False,False,,,False,False,False,False,363.0,135.30370046172632,False,False,False,False,17.160359991129663,False,False,False,False
2025-02-19 19:00:00+00:00,39.5,39.5,39.5,39.5,0.0,,,,,,,,,,,,,,,,,,,,,,,,,,,,,,,,,,,,,,,,,,,,,,,,,,,,,,,,,,,,,,,,,,,,,,,,,,,,,,,,,,,,,,,,,38.62068775790922,38.62068775790922,39.169982020855805,,,,,,,,,,,,,,,,,,,,,,,,,,,,,,,,,,,,,,,,,,,,,,,,,,,,,,,,,,,,,,,,,,,,,,,,,,38.80378584555808,,"rgba(38, 166, 154, 0.5)",,38.76663994832289,,61.72685290939608,7.635165655520332,False,False,True,False,True,15.949179120585818,0.0,0.0,0.0,0.0,0,,,False,False,False,False,,,False,False,False,False,363.0,138.83387564836622,False,False,False,False,16.89430789824393,False,False,False,False
2025-02-19 20:00:00+00:00,39.5,39.5,39.5,39.5,0.0,,,,,,,,,,,,,,,,,,,,,,,,,,,,,,,,,,,,,,,,,,,,,,,,,,,,,,,,,,,,,,,,,,,,,,,,,,,,,,,,,,,,,,,,,38.62068775790922,38.62068775790922,39.169982020855805,,,,,,,,,,,,,,,,,,,,,,,,,,,,,,,,,,,,,,,,,,,,,,,,,,,,,,,,,,,,,,,,,,,,,,,,,,38.80378584555808,,"rgba(38, 166, 154, 0.5)",,38.76663994832289,,62.313950633904945,8.34959744951987,False,False,True,False,True,15.949179120585818,0.0,0.0,0.0,0.0,0,,,False,False,False,False,,,False,False,False,False,363.0,142.30931943676364,False,False,False,False,16.63238064400759,False,False,False,False
2025-02-20 15:00:00+00:00,38.525,38.525,38.525,38.525,0.0,,,,,,,,,,,,,,,,,,,,,,,,,,,,,,,,,,,,,,,,,,,,,,,,,,,,,,,,,,,,,,,,,,,,,,,,,,,,,,,,,,,,,,,,,38.62068775790922,38.62068775790922,39.169982020855805,,,,,,,,,,,,,,,,,,,,,,,,,,,,,,,,,,,,,,,,,,,,,,,,,,,,,,,,,,,,,,,,,,,,,,,,,,38.80378584555808,,#000000,,38.76663994832289,,52.085587069173705,6.83270867818247,False,True,False,False,False,6.502793391789648,0.0,0.0,0.0,0.0,0,,,False,False,False,False,,,False,False,False,False,363.0,145.73088037572853,False,False,False,False,16.37451427743383,False,False,False,False
2025-02-20 16:00:00+00:00,38.525,38.525,38.525,38.525,0.0,,,,,,,,,,,,,,,,,,,,,,,,,,,,,,,,,,,,,,,,,,,,,,,,,,,,,,,,,,,,,,,,,,,,,,,,,,,,,,,,,,,,,,,,,38.62068775790922,38.62068775790922,39.169982020855805,,,,,,,,,,,,,,,,,,,,,,,,,,,,,,,,,,,,,,,,,,,,,,,,,,,,,,,,,,,,,,,,,,,,,,,,,,38.80378584555808,,"rgba(239, 83, 80, 1.0)",,38.76663994832289,,45.26667802601955,1.006777466742534,False,True,False,True,False,6.502793391789648,0.0,0.0,0.0,0.0,0,,,False,False,False,False,,,False,False,False,False,363.0,149.09939385827536,False,False,False,False,16.120645839024,False,False,False,False
2025-02-20 17:00:00+00:00,38.525,38.525,38.525,38.525,0.0,,,,,,,,,,,,,,,,,,,,,,,,,,,,,,,,,,,,,,,,,,,,,,,,,,,,,,,,,,,,,,,,,,,,,,,,,,,,,,,,,,,,,,,,,38.62068775790922,38.62068775790922,39.169982020855805,,,,,,,,,,,,,,,,,,,,,,,,,,,,,,,,,,,,,,,,,,,,,,,,,,,,,,,,,,,,,,,,,,,,,,,,,,38.80378584555808,,"rgba(239, 83, 80, 1.0)",,38.76663994832289,,40.72073866391678,-2.678666124481772,False,True,False,True,False,6.502793391789648,0.0,0.0,0.0,0.0,0,,,False,False,False,False,,,False,False,False,False,363.0,152.41568232558893,False,False,False,False,15.870713345395721,False,False,False,False
2025-02-20 18:00:00+00:00,38.525,38.525,38.525,38.525,0.0,,,,,,,,,,,,,,,,,,,,,,,,,,,,,,,,,,,,,,,,,,,,,,,,,,,,,,,,,,,,,,,,,,,,,,,,,,,,,,,,,,,,,,,,,38.62068775790922,38.62068775790922,39.169982020855805,,,,,,,,,,,,,,,,,,,,,,,,,,,,,,,,,,,,,,,,,,,,,,,,,,,,,,,,,,,,,,,,,,,,,,,,,,38.80378584555808,,"rgba(239, 83, 80, 1.0)",,38.76663994832289,,37.69011242251492,-5.1195362568452865,False,True,False,True,False,6.502793391789648,0.0,0.0,0.0,0.0,0,,,False,False,False,False,,,False,False,False,False,363.0,155.68055546782787,False,False,False,False,15.624655774149275,False,False,False,False
2025-02-20 19:00:00+00:00,38.525,38.525,38.525,38.525,0.0,,,,,,,,,,,,,,,,,,,,,,,,,,,,,,,,,,,,,,,,,,,,,,,,,,,,,,,,,,,,,,,,,,,,,,,,,,,,,,,,,,,,,,,,,38.62068775790922,38.62068775790922,39.169982020855805,,,,,,,,,,,,,,,,,,,,,,,,,,,,,,,,,,,,,,,,,,,,,,,,,,,,,,,,,,,,,,,,,,,,,,,,,,38.80378584555808,,"rgba(239, 83, 80, 1.0)",,38.76663994832289,,35.669694928247026,-6.848082144727442,False,True,False,True,False,6.502793391789648,0.0,0.0,0.0,0.0,0,,,False,False,False,False,,,False,False,False,False,363.0,158.89481042181504,False,False,False,False,15.382413048968665,False,False,False,False
2025-02-20 20:00:00+00:00,38.525,38.525,38.525,38.525,0.0,,,,,,,,,,,,,,,,,,,,,,,,,,,,,,,,,,,,,,,,,,,,,,,,,,,,,,,,,,,,,,,,,,,,,,,,,,,,,,,,,,,,,,,,,38.62068775790922,38.62068775790922,39.169982020855805,,,,,,,,,,,,,,,,,,,,,,,,,,,,,,,,,,,,,,,,,,,,,,,,,,,,,,,,,,,,,,,,,,,,,,,,,,38.80378584555808,,"rgba(239, 83, 80, 1.0)",,38.76663994832289,,34.322749932068426,-8.172823730282332,False,True,False,True,False,6.502793391789648,0.0,0.0,0.0,0.0,0,,,False,False,False,False,,,False,False,False,False,363.0,162.05923196566286,False,False,False,False,15.143926024953647,False,False,False,False
2025-02-21 15:00:00+00:00,38.525,38.525,38.525,38.525,0.0,,,,,,,,,,,,,,,,,,,,,,,,,,,,,,,,,,,,,,,,,,,,,,,,,,,,,,,,,,,,,,,,,,,,,,,,,,,,,,,,,,,,,,,,,38.62068775790922,38.62068775790922,39.169982020855805,,,,,,,,,,,,,,,,,,,,,,,,,,,,,,,,,,,,,,,,,,,,,,,,,,,,,,,,,,,,,,,,,,,,,,,,,,38.80378584555808,,"rgba(239, 83, 80, 1.0)",,38.76663994832289,,33.42478660128269,-9.266957598696287,False,True,False,True,False,6.502793391789648,0.0,0.0,0.0,0.0,0,,,False,False,False,False,,,False,False,False,False,363.0,165.17459271038126,False,False,False,False,14.90913647417917,False,False,False,False
2025-02-21 16:00:00+00:00,38.525,38.525,38.525,38.525,0.0,,,,,,,,,,,,,,,,,,,,,,,,,,,,,,,,,,,,,,,,,,,,,,,,,,,,,,,,,,,,,,,,,,,,,,,,,,,,,,,,,,,,,,,,,38.62068775790922,38.62068775790922,39.169982020855805,,,,,,,,,,,,,,,,,,,,,,,,,,,,,,,,,,,,,,,,,,,,,,,,,,,,,,,,,,,,,,,,,,,,,,,,,,38.80378584555808,,"rgba(239, 83, 80, 1.0)",,38.76663994832289,,32.82614438075887,-10.223614973250626,False,True,False,True,False,6.502793391789648,0.0,0.0,0.0,0.0,0,,,False,False,False,False,,,False,False,False,False,363.0,168.24165328851487,False,False,False,False,14.677987071478718,False,False,False,False
2025-02-21 17:00:00+00:00,38.525,38.525,38.525,38.525,0.0,,,,,,,,,,,,,,,,,,,,,,,,,,,,,,,,,,,,,,,,,,,,,,,,,,,,,,,,,,,,,,,,,,,,,,,,,,,,,,,,,,,,,,,,,38.62068775790922,38.62068775790922,39.169982020855805,,,,,,,,,,,,,,,,,,,,,,,,,,,,,,,,,,,,,,,,,,,,,,,,,,,,,,,,,,,,,,,,,,,,,,,,,,38.80378584555808,,"rgba(239, 83, 80, 1.0)",,38.76663994832289,,32.427049567076324,-11.089939629984073,False,True,False,True,False,6.502793391789648,0.0,0.0,0.0,0.0,0,,,False,False,False,False,,,False,False,False,False,363.0,171.26116253985572,False,False,False,False,14.45042138044804,False,False,False,False
2025-02-21 18:00:00+00:00,38.525,38.99,38.525,38.99,4.0,,,,,,,,,,,,,,,,,,,,,,,,,,,,,,,,,,,,,,,,,,,,,,,,,,,,,,,,,,,,,,,,,,,,,,,,,,,,,,,,,,,38.835,38.835,38.835,38.835,38.835,38.835,38.62186046511628,38.62186046511628,39.168542785535266,,,,,,,,,,,,,,,,,,,,,,,,,,,,,,,,,,,,,,,,,,,,,,,,,,,,,,,,,,,,,,,,,,,,,,,,,,38.824695968418645,,"rgba(239, 83, 80, 0.75)",,38.8140802291029,,41.47246853231494,-15.35673663547837,False,True,False,True,True,10.34418128352527,0.0,0.0,0.0,0.0,0,,,False,False,False,False,,,False,False,False,False,367.0,174.29587319815255,False,False,False,False,14.288399343541869,False,False,False,False
2025-02-21 19:00:00+00:00,38.99,38.99,38.99,38.99,0.0,,,,,,,,,,,,,,,,,,,,,,,,,,,,,,,,,,,,,,,,,,,,,,,,,,,,,,,,,,,,,,,,,,,,,,,,,,,,,,,,,,,38.835,38.835,38.835,38.835,38.835,38.835,38.62186046511628,38.62186046511628,39.168542785535266,,,,,,,,,,,,,,,,,,,,,,,,,,,,,,,,,,,,,,,,,,,,,,,,,,,,,,,,,,,,,,,,,,,,,,,,,,38.824695968418645,,#000000,,38.8140802291029,,47.50274784247402,-9.87788144312983,False,True,False,False,True,10.34418128352527,0.0,0.0,0.0,0.0,0,,,False,False,False,False,,,False,False,False,False,367.0,177.28353407880135,False,False,False,False,14.066873772324165,False,False,False,False
2025-02-21 20:00:00+00:00,38.99,38.99,38.8,38.8,3.0,,,,,,,,,,,,,,,,,,,,,,,,,,,,,,,,,,,,,,,,,,,,,,,,,,,,,,,,,,,,,,,,,,,,,,,,,,,,,,,,,,,38.847142857142856,38.847142857142856,38.847142857142856,38.847142857142856,38.847142857142856,38.847142857142856,38.62284741144414,38.62284741144414,39.167562455389,,,,,,,,,,,,,,,,,,,,,,,,,,,,,,,,,,,,,,,,,,,,,,,,,,,,,,,,,,,,,,,,,,,,,,,,,,38.832901602348265,,#000000,,38.83079600171004,,48.05968757617035,-9.434321946777736,False,True,False,False,True,8.355352971121228,0.0,0.0,0.0,0.0,0,,,False,False,False,False,,,False,False,False,False,364.0,180.17836300781218,False,False,False,False,13.895294333993558,False,False,False,False
2025-02-24 15:00:00+00:00,38.8,38.8,38.8,38.8,0.0,,,,,,,,,,,,,,,,,,,,,,,,,,,,,,,,,,,,,,,,,,,,,,,,,,,,,,,,,,,,,,,,,,,,,,,,,,,,,,,,,,,38.847142857142856,38.847142857142856,38.847142857142856,38.847142857142856,38.847142857142856,38.847142857142856,38.62284741144414,38.62284741144414,39.167562455389,,,,,,,,,,,,,,,,,,,,,,,,,,,,,,,,,,,,,,,,,,,,,,,,,,,,,,,,,,,,,,,,,,,,,,,,,,38.832901602348265,,#000000,,38.83079600171004,,48.43098073196791,-8.872961077542314,False,True,False,False,True,8.355352971121228,0.0,0.0,0.0,0.0,0,,,False,False,False,False,,,False,False,False,False,364.0,183.02831086815615,False,False,False,False,13.67986341408668,False,False,False,False
2025-02-24 16:00:00+00:00,38.8,38.8,38.8,38.8,0.0,,,,,,,,,,,,,,,,,,,,,,,,,,,,,,,,,,,,,,,,,,,,,,,,,,,,,,,,,,,,,,,,,,,,,,,,,,,,,,,,,,,38.847142857142856,38.847142857142856,38.847142857142856,38.847142857142856,38.847142857142856,38.847142857142856,38.62284741144414,38.62284741144414,39.167562455389,,,,,,,,,,,,,,,,,,,,,,,,,,,,,,,,,,,,,,,,,,,,,,,,,,,,,,,,,,,,,,,,,,,,,,,,,,38.832901602348265,,#000000,1.2218820662338077,38.83079600171004,-0.025203743111613296,48.678509502499615,-8.236384175083138,False,True,False,False,True,8.355352971121228,0.0,0.0,0.0,0.0,0,,,False,False,False,False,,,False,False,False,False,364.0,185.83407349035528,False,False,False,False,13.467772508441925,False,False,False,False
2025-02-24 17:00:00+00:00,38.8,38.8,38.8,38.8,0.0,,,,,,,,,,,,,,,,,,,,,,,,,,,,,,,,,,,,,,,,,,,,,,,,,,,,,,,,,,,,,,,,,,,,,,,,,,,,,,,,,,,38.847142857142856,38.847142857142856,38.847142857142856,38.847142857142856,38.847142857142856,38.847142857142856,38.62284741144414,38.62284741144414,39.167562455389,,,,,,,,,,,,,,,,,,,,,,,,,,,,,,,,,,,,,,,,,,,,,,,,,,,,,,,,,,,,,,,,,,,,,,,,,,38.832901602348265,,#000000,1.193851787321234,38.83079600171004,-0.025795498266283336,48.843528682854085,-7.562280361227224,False,True,False,False,True,8.355352971121206,0.0,0.0,0.0,0.0,0,,,False,False,False,False,,,False,False,False,False,364.0,188.5963359168614,False,False,False,False,13.258969833892438,False,False,False,False
2025-02-24 18:00:00+00:00,38.8,38.8,38.05,38.29,106.0,,,,,,,,,,,,,,,,,,,,,,,,,,,,,,,,,,,,,,,,,,,,,,,,,,,,,,,,,,,,,,,,,,,,,,,,,,,,,,,,,,,38.40893805309734,38.40893805309734,38.40893805309734,38.40893805309734,38.40893805309734,38.40893805309734,38.59220238095238,38.59220238095238,39.08729166666666,,,,,,,,,,,,,,,,,,,,,,,,,,,,,,,,,,,,,,,,,,,,,,,,,,,,,,,,,,,,,,,,,,,,,,,,,,38.52503608301727,,"rgba(239, 83, 80, 1.0)",1.1622078166184495,38.509190762344225,-0.1885985958879384,41.9288269733812,-1.5559403387943789,False,True,False,True,False,3.061492389263911,0.0,0.0,0.0,0.0,0,,,False,False,False,False,,,False,False,False,False,258.0,189.67236171659997,False,False,False,False,14.696815262824337,False,False,False,False
2025-02-24 19:00:00+00:00,38.29,38.87,38.29,38.8,24.0,,,,,,,,,,,,,,,,,,,,,,,,,,,,,,,,,,,,,,,,,,,,,,,,,,,,,,,,,,,,,,,,,,,,,,,,,,,,,,,,,,,38.451751824817514,38.451751824817514,38.451751824817514,38.451751824817514,38.451751824817514,38.451751824817514,38.59390046296296,38.59390046296296,39.07750313283207,,,,,,,,,,,,,,,,,,,,,,,,,,,,,,,,,,,,,,,,,,,,,,,,,,,,,,,,,,,,,,,,,,,,,,,,,,38.55286833418479,,"rgba(239, 83, 80, 0.75)",1.130258831873054,38.539025807572145,0.23089772454630456,45.115413381098755,-1.5559403387943789,False,True,False,True,True,7.439777132072837,0.0,0.0,0.0,0.0,0,,,False,False,False,False,,,False,False,False,False,282.0,191.10379796905576,False,False,False,False,14.841050685106131,False,False,False,False
2025-02-24 20:00:00+00:00,38.8,38.8,37.51,37.51,83.0,,,,,,,,,,,,,,,,,,,,,,,,,,,,,,,,,,,,,,,,,,,,,,,,,,,,,,,,,,,,,,,,,,,,,,,,,,,,,,,,,,,38.25868181818182,38.25868181818182,38.25868181818182,38.25868181818182,38.25868181818182,38.25868181818182,38.53658922914466,38.53658922914466,38.99519035164195,,,,,,,,,,,,,,,,,,,,,,,,,,,,,,,,,,,,,,,,,,,,,,,,,,,,,,,,,,,,,,,,,,,,,,,,,,38.40227330211358,,"rgba(239, 83, 80, 1.0)",1.0988396500748367,38.38728790750339,-0.7983766397978506,38.98963074282557,-3.938238868628673,False,True,False,True,False,0.0,0.0,0.0,0.0,0.0,0,,,False,False,False,False,,,False,False,False,False,199.0,191.22621970596964,False,False,False,False,15.897778581461075,False,False,False,False
2025-02-25 15:00:00+00:00,37.51,38.635,37.51,38.63,3.0,,,,,,,,,,,,,,,,,,,,,,,,,,,,,,,,,,,,,,,,,,,,,,,,,,,,,,,,,,,,,,,,,,,,,,,,,,,,,,,,,,,38.25867713004484,38.25867713004484,38.25867713004484,38.25867713004484,38.25867713004484,38.25867713004484,38.53571052631578,38.53571052631578,38.99326811594202,,,,,,,,,,,,,,,,,,,,,,,,,,,,,,,,,,,,,,,,,,,,,,,,,,,,,,,,,,,,,,,,,,,,,,,,,,38.40186132764918,,"rgba(239, 83, 80, 0.75)",1.0883430252179471,38.38698128505847,0.22329238972507648,42.70831197504651,-3.938238868628673,False,True,False,True,True,4.7027385880452535,0.0,0.0,0.0,0.0,0,,,False,False,False,False,,,False,False,False,False,202.0,191.39325505936546,False,False,False,False,15.697813022058577,False,False,False,False
2025-02-25 16:00:00+00:00,38.63,38.86,38.63,38.86,1.0,,,,,,,,,,,,,,,,,,,,,,,,,,,,,,,,,,,,,,,,,,,,,,,,,,,,,,,,,,,,,,,,,,,,,,,,,,,,,,,,,,,38.26101934523809,38.26101934523809,38.26101934523809,38.26101934523809,38.26101934523809,38.26101934523809,38.53597090781633,38.53597090781633,38.99308572256008,,,,,,,,,,,,,,,,,,,,,,,,,,,,,,,,,,,,,,,,,,,,,,,,,,,,,,,,,,,,,,,,,,,,,,,,,,38.40346040106903,,"rgba(239, 83, 80, 0.75)",1.078380492445268,38.388656238564714,0.4370848366947885,46.32976752570637,-11.403104703770133,False,True,False,True,True,6.249446807003039,0.0,0.0,0.0,0.0,0,,,False,False,False,False,,,False,False,False,False,203.0,191.57320459332877,False,False,False,False,15.469939951949142,False,False,False,False
2025-02-25 17:00:00+00:00,38.86,38.86,38.86,38.86,0.0,,,,,,,,,,,,,,,,,,,,,,,,,,,,,,,,,,,,,,,,,,,,,,,,,,,,,,,,,,,,,,,,,,,,,,,,,,,,,,,,,,,38.26101934523809,38.26101934523809,38.26101934523809,38.26101934523809,38.26101934523809,38.26101934523809,38.53597090781633,38.53597090781633,38.99308572256008,,,,,,,,,,,,,,,,,,,,,,,,,,,,,,,,,,,,,,,,,,,,,,,,,,,,,,,,,,,,,,,,,,,,,,,,,,38.40346040106903,,#000000,1.0677414151983342,38.388656238564714,0.44143999167413855,48.744071226146275,-9.111198661828205,False,False,False,False,True,6.249446807003039,0.0,0.0,0.0,0.0,0,,,False,False,False,False,,,False,False,False,False,203.0,191.75036421203683,False,False,False,False,15.230095921686363,False,False,False,False
2025-02-25 18:00:00+00:00,38.86,38.86,38.86,38.86,0.0,,,,,,,,,,,,,,,,,,,,,,,,,,,,,,,,,,,,,,,,,,,,,,,,,,,,,,,,,,,,,,,,,,,,,,,,,,,,,,,,,,,38.26101934523809,38.26101934523809,38.26101934523809,38.26101934523809,38.26101934523809,38.26101934523809,38.53597090781633,38.53597090781633,38.99308572256008,,,,,,,,,,,,,,,,,,,,,,,,,,,,,,,,,,,,,,,,,,,,,,,,,,,,,,,,,,,,,,,,,,,,,,,,,,38.40346040106903,,#000000,1.0564053532003148,38.388656238564714,0.44617699068579947,50.35360702643955,-7.426740147483983,False,False,False,False,True,6.249446807003039,0.0,0.0,0.0,0.0,0,,,False,False,False,False,,,False,False,False,False,203.0,191.92477716998974,False,False,False,False,14.993970403520683,False,False,False,False
2025-02-25 19:00:00+00:00,38.86,38.86,38.86,38.86,0.0,,,,,,,,,,,,,,,,,,,,,,,,,,,,,,,,,,,,,,,,,,,,,,,,,,,,,,,,,,,,,,,,,,,,,,,,,,,,,,,,,,,38.26101934523809,38.26101934523809,38.26101934523809,38.26101934523809,38.26101934523809,38.26101934523809,38.53597090781633,38.53597090781633,38.99308572256008,,,,,,,,,,,,,,,,,,,,,,,,,,,,,,,,,,,,,,,,,,,,,,,,,,,,,,,,,,,,,,,,,,,,,,,,,,38.40346040106903,,"rgba(38, 166, 154, 0.5)",1.0443496100962164,38.388656238564714,0.4513275601183596,51.42663089330173,-6.101854243358474,False,False,True,False,True,6.249446807003039,0.0,0.0,0.0,0.0,0,,,False,False,False,False,,,False,False,False,False,203.0,192.09648605107515,False,False,False,False,14.761505746101758,False,False,False,False
2025-02-25 20:00:00+00:00,38.86,38.86,37.13,37.13,2.0,,,,,,,,,,,,,,,,,,,,,,,,,,,,,,,,,,,,,,,,,,,,,,,,,,,,,,,,,,,,,,,,,,,,,,,,,,,,,,,,,,,38.256113569321535,38.256113569321535,38.256113569321535,38.256113569321535,38.256113569321535,38.256113569321535,38.53423050017488,38.53423050017488,38.990854293148296,,,,,,,,,,,,,,,,,,,,,,,,,,,,,,,,,,,,,,,,,,,,,,,,,,,,,,,,,,,,,,,,,,,,,,,,,,38.399555189936365,,"rgba(239, 83, 80, 1.0)",1.0420221678055652,38.38473490767992,-1.2041345630125246,44.052207428514315,-6.101854243358474,False,True,False,True,False,0.0,0.0,0.0,0.0,0.0,0,,,False,False,False,False,,,False,False,False,False,201.0,192.23452502702747,False,False,False,False,14.563652943836614,False,False,False,False
2025-02-26 15:00:00+00:00,37.13,37.13,37.13,37.13,0.0,,,,,,,,,,,,,,,,,,,,,,,,,,,,,,,,,,,,,,,,,,,,,,,,,,,,,,,,,,,,,,,,,,,,,,,,,,,,,,,,,,,38.256113569321535,38.256113569321535,38.256113569321535,38.256113569321535,38.256113569321535,38.256113569321535,38.53423050017488,38.53423050017488,38.990854293148296,,,,,,,,,,,,,,,,,,,,,,,,,,,,,,,,,,,,,,,,,,,,,,,,,,,,,,,,,,,,,,,,,,,,,,,,,,38.399555189936365,,"rgba(239, 83, 80, 1.0)",1.0396865865241358,38.38473490767992,-1.2068395648680323,39.13592511865603,-2.7049229397022643,False,True,False,True,False,0.0,0.0,0.0,0.0,0.0,0,,,False,False,False,False,,,False,False,False,False,201.0,192.37042386381773,False,False,False,False,14.337859874939921,False,False,False,False
2025-02-26 16:00:00+00:00,37.13,37.13,37.13,37.13,0.0,,,,,,,,,,,,,,,,,,,,,,,,,,,,,,,,,,,,,,,,,,,,,,,,,,,,,,,,,,,,,,,,,,,,,,,,,,,,,,,,,,,38.256113569321535,38.256113569321535,38.256113569321535,38.256113569321535,38.256113569321535,38.256113569321535,38.53423050017488,38.53423050017488,38.990854293148296,,,,,,,,,,,,,,,,,,,,,,,,,,,,,,,,,,,,,,,,,,,,,,,,,,,,,,,,,,,,,,,,,,,,,,,,,,38.399555189936365,,"rgba(239, 83, 80, 1.0)",1.0373428112770238,38.38473490767992,-1.2095663015539415,35.85840357875051,-5.753502839879573,False,True,False,True,False,0.0,0.0,0.0,0.0,0.0,0,,,False,False,False,False,,,False,False,False,False,201.0,192.50421574189807,False,False,False,False,14.115567473778063,False,False,False,False
2025-02-26 17:00:00+00:00,37.13,37.13,37.13,37.13,0.0,,,,,,,,,,,,,,,,,,,,,,,,,,,,,,,,,,,,,,,,,,,,,,,,,,,,,,,,,,,,,,,,,,,,,,,,,,,,,,,,,,,38.256113569321535,38.256113569321535,38.256113569321535,38.256113569321535,38.256113569321535,38.256113569321535,38.53423050017488,38.53423050017488,38.990854293148296,,,,,,,,,,,,,,,,,,,,,,,,,,,,,,,,,,,,,,,,,,,,,,,,,,,,,,,,,,,,,,,,,,,,,,,,,,38.399555189936365,,"rgba(239, 83, 80, 1.0)",1.0349907863976078,38.38473490767992,-1.2123150506944629,33.6733892188135,-7.909016857651622,False,True,False,True,False,0.0,0.0,0.0,0.0,0.0,0,,,False,False,False,False,,,False,False,False,False,201.0,192.635933327295,False,False,False,False,13.896721466432666,False,False,False,False
2025-02-26 18:00:00+00:00,37.13,37.13,37.13,37.13,0.0,,,,,,,,,,,,,,,,,,,,,,,,,,,,,,,,,,,,,,,,,,,,,,,,,,,,,,,,,,,,,,,,,,,,,,,,,,,,,,,,,,,38.256113569321535,38.256113569321535,38.256113569321535,38.256113569321535,38.256113569321535,38.256113569321535,38.53423050017488,38.53423050017488,38.990854293148296,,,,,,,,,,,,,,,,,,,,,,,,,,,,,,,,,,,,,,,,,,,,,,,,,,,,,,,,,,,,,,,,,,,,,,,,,,38.399555189936365,,"rgba(239, 83, 80, 1.0)",1.0326304555152672,38.38473490767992,-1.215086094912651,32.21671297885549,-9.537849011569648,False,True,False,True,False,0.0,0.0,0.0,0.0,0.0,0,,,False,False,False,False,,,False,False,False,False,201.0,192.765608779585,False,False,False,False,13.681268420441462,False,False,False,False
2025-02-26 19:00:00+00:00,37.13,37.13,37.13,37.13,0.0,,,,,,,,,,,,,,,,,,,,,,,,,,,,,,,,,,,,,,,,,,,,,,,,,,,,,,,,,,,,,,,,,,,,,,,,,,,,,,,,,,,38.256113569321535,38.256113569321535,38.256113569321535,38.256113569321535,38.256113569321535,38.256113569321535,38.53423050017488,38.53423050017488,38.990854293148296,,,,,,,,,,,,,,,,,,,,,,,,,,,,,,,,,,,,,,,,,,,,,,,,,,,,,,,,,,,,,,,,,,,,,,,,,,38.399555189936365,,"rgba(239, 83, 80, 1.0)",1.0302617615428167,38.38473490767992,-1.2178797219465398,31.24559548555015,-10.851852060861866,False,True,False,True,False,0.0,0.0,0.0,0.0,0.0,0,,,False,False,False,False,,,False,False,False,False,201.0,192.89327375974648,False,False,False,False,13.469155731752448,False,False,False,False
2025-02-26 20:00:00+00:00,37.13,37.13,36.82,36.82,136.0,,,,,,,,,,,,,,,,,,,,,,,,,,,,,,,,,,,,,,,,,,,,,,,,,,,,,,,,,,,,,,,,,,,,,,,,,,,,,,,,,,,37.755400552486186,37.755400552486186,37.755400552486186,37.755400552486186,37.755400552486186,37.755400552486186,38.333053259871434,38.333053259871434,38.77271399017325,,,,,,,,,,,,,,,,,,,,,,,,,,,,,,,,,,,,,,,,,,,,,,,,,,,,,,,,,,,,,,,,,,,,,,,,,,37.99680264720369,,"rgba(239, 83, 80, 1.0)",1.0339039894784572,37.89965687993616,-1.0442525523871726,29.217874812347283,-13.212349520719563,False,True,False,True,False,0.0,0.0,0.0,0.0,0.0,0,,,False,False,False,False,,,False,False,False,False,65.0,190.910432306107,False,False,False,False,15.368858743663262,False,False,False,False
2025-02-27 15:00:00+00:00,37.32,37.32,37.32,37.32,1.0,,,,,,,,,,,,,,,,,,,,,,,,,,,,,,,,,,,,,,,,,,,,,,,,,,,,,,,,,,,,,,,,,,,,,,,,,,,,,,,,,,,37.75420110192837,37.75420110192837,37.75420110192837,37.75420110192837,37.75420110192837,37.75420110192837,38.332123853211,38.332123853211,38.77158785529715,,,,,,,,,,,,,,,,,,,,,,,,,,,,,,,,,,,,,,,,,,,,,,,,,,,,,,,,,,,,,,,,,,,,,,,,,,37.99567135258771,,"rgba(239, 83, 80, 0.75)",1.0284677573594314,37.89873847977956,-0.562719128177103,32.95710410567798,-13.212349520719563,False,True,False,True,True,0.0,0.0,0.0,0.0,0.0,0,,,False,False,False,False,,,False,False,False,False,66.0,188.9738364563999,False,False,False,False,15.146085739885537,False,False,False,False
2025-02-27 16:00:00+00:00,37.32,37.32,37.32,37.32,0.0,,,,,,,,,,,,,,,,,,,,,,,,,,,,,,,,,,,,,,,,,,,,,,,,,,,,,,,,,,,,,,,,,,,,,,,,,,,,,,,,,,,37.75420110192837,37.75420110192837,37.75420110192837,37.75420110192837,37.75420110192837,37.75420110192837,38.332123853211,38.332123853211,38.77158785529715,,,,,,,,,,,,,,,,,,,,,,,,,,,,,,,,,,,,,,,,,,,,,,,,,,,,,,,,,,,,,,,,,,,,,,,,,,37.99567135258771,,"rgba(239, 83, 80, 0.75)",1.0301655512892447,37.89873847977956,-0.5617917227529814,35.44992363456511,-13.212349520719563,False,True,False,True,True,0.0,0.0,0.0,0.0,0.0,0,,,False,False,False,False,,,False,False,False,False,66.0,187.06726534854874,False,False,False,False,14.911262705158629,False,False,False,False
2025-02-27 17:00:00+00:00,37.32,37.32,37.32,37.32,0.0,,,,,,,,,,,,,,,,,,,,,,,,,,,,,,,,,,,,,,,,,,,,,,,,,,,,,,,,,,,,,,,,,,,,,,,,,,,,,,,,,,,37.75420110192837,37.75420110192837,37.75420110192837,37.75420110192837,37.75420110192837,37.75420110192837,38.332123853211,38.332123853211,38.77158785529715,,,,,,,,,,,,,,,,,,,,,,,,,,,,,,,,,,,,,,,,,,,,,,,,,,,,,,,,,,,,,,,,,,,,,,,,,,37.99567135258771,,"rgba(239, 83, 80, 0.75)",1.0201254206585995,37.89873847977956,-0.5673209078604495,37.11180332048986,-19.96341190795423,False,True,False,True,True,0.0,0.0,0.0,0.0,0.0,0,,,False,False,False,False,,,False,False,False,False,66.0,185.19025348267976,False,False,False,False,14.68008033763679,False,False,False,False
2025-02-27 18:00:00+00:00,37.32,37.32,37.32,37.32,0.0,,,,,,,,,,,,,,,,,,,,,,,,,,,,,,,,,,,,,,,,,,,,,,,,,,,,,,,,,,,,,,,,,,,,,,,,,,,,,,,,,,,37.75420110192837,37.75420110192837,37.75420110192837,37.75420110192837,37.75420110192837,37.75420110192837,38.332123853211,38.332123853211,38.77158785529715,,,,,,,,,,,,,,,,,,,,,,,,,,,,,,,,,,,,,,,,,,,,,,,,,,,,,,,,,,,,,,,,,,,,,,,,,,37.99567135258771,,"rgba(239, 83, 80, 0.75)",1.0099334649389602,37.89873847977956,-0.5730461459800604,38.21972311110636,-18.54625214043596,False,True,False,True,True,0.0,0.0,0.0,0.0,0.0,0,,,False,False,False,False,,,False,False,False,False,66.0,183.34234257597154,False,False,False,False,14.452482192867226,False,False,False,False
2025-02-27 19:00:00+00:00,37.32,37.32,37.32,37.32,0.0,,,,,,,,,,,,,,,,,,,,,,,,,,,,,,,,,,,,,,,,,,,,,,,,,,,,,,,,,,,,,,,,,,,,,,,,,,,,,,,,,,,37.75420110192837,37.75420110192837,37.75420110192837,37.75420110192837,37.75420110192837,37.75420110192837,38.332123853211,38.332123853211,38.77158785529715,,,,,,,,,,,,,,,,,,,,,,,,,,,,,,,,,,,,,,,,,,,,,,,,,,,,,,,,,,,,,,,,,,,,,,,,,,37.99567135258771,,"rgba(239, 83, 80, 0.75)",0.9995850400302432,37.89873847977956,-0.5789787327770026,38.9583363048507,-17.412947670787233,False,True,False,True,True,0.0,0.0,0.0,0.0,0.0,0,,,False,False,False,False,,,False,False,False,False,66.0,181.52308145076267,False,False,False,False,14.228412701504944,False,False,False,False
2025-02-27 20:00:00+00:00,37.32,37.32,37.32,37.32,0.0,,,,,,,,,,,,,,,,,,,,,,,,,,,,,,,,,,,,,,,,,,,,,,,,,,,,,,,,,,,,,,,,,,,,,,,,,,,,,,,,,,,37.75420110192837,37.75420110192837,37.75420110192837,37.75420110192837,37.75420110192837,37.75420110192837,38.332123853211,38.332123853211,38.77158785529715,,,,,,,,,,,,,,,,,,,,,,,,,,,,,,,,,,,,,,,,,,,,,,,,,,,,,,,,,,,,,,,,,,,,,,,,,,37.99567135258771,,"rgba(239, 83, 80, 0.75)",0.9890752346610597,37.89873847977956,-0.5851308975276123,39.45074510068025,-16.462325978936306,False,True,False,True,True,0.0,0.0,0.0,0.0,0.0,0,,,False,False,False,False,,,False,False,False,False,66.0,179.73202592439426,False,False,False,False,14.007817155745176,False,False,False,False
2025-02-28 15:00:00+00:00,37.32,37.32,37.32,37.32,0.0,,,,,,,,,,,,,,,,,,,,,,,,,,,,,,,,,,,,,,,,,,,,,,,,,,,,,,,,,,,,,,,,,,,,,,,,,,,,,,,,,,,37.75420110192837,37.75420110192837,37.75420110192837,37.75420110192837,37.75420110192837,37.75420110192837,38.332123853211,38.332123853211,38.77158785529715,,,,,,,,,,,,,,,,,,,,,,,,,,,,,,,,,,,,,,,,,,,,,,,,,,,,,,,,,,,,,,,,,,,,,,,,,,37.99567135258771,,"rgba(239, 83, 80, 0.75)",0.9783988482752404,37.89873847977956,-0.5915159045820448,39.77901763123329,-15.637101604800229,False,True,False,True,True,0.0,0.0,0.0,0.0,0.0,0,,,False,False,False,False,,,False,False,False,False,66.0,177.96873870076024,False,False,False,False,13.790641695966182,False,False,False,False
2025-02-28 16:00:00+00:00,37.32,37.32,37.32,37.32,0.0,,,,,,,,,,,,,,,,,,,,,,,,,,,,,,,,,,,,,,,,,,,,,,,,,,,,,,,,,,,,,,,,,,,,,,,,,,,,,,,,,,,37.75420110192837,37.75420110192837,37.75420110192837,37.75420110192837,37.75420110192837,37.75420110192837,38.332123853211,38.332123853211,38.77158785529715,,,,,,,,,,,,,,,,,,,,,,,,,,,,,,,,,,,,,,,,,,,,,,,,,,,,,,,,,,,,,,,,,,,,,,,,,,37.99567135258771,,"rgba(239, 83, 80, 0.75)",0.9675503664986761,37.89873847977956,-0.5981481686311277,39.99786598493531,-14.905444137133927,False,True,False,True,True,0.0,0.0,0.0,0.0,0.0,0,,,False,False,False,False,,,False,False,False,False,66.0,176.23278926353913,False,False,False,False,13.576833297579109,False,False,False,False
2025-02-28 17:00:00+00:00,37.32,37.32,37.32,37.32,0.0,,,,,,,,,,,,,,,,,,,,,,,,,,,,,,,,,,,,,,,,,,,,,,,,,,,,,,,,,,,,,,,,,,,,,,,,,,,,,,,,,,,37.75420110192837,37.75420110192837,37.75420110192837,37.75420110192837,37.75420110192837,37.75420110192837,38.332123853211,38.332123853211,38.77158785529715,,,,,,,,,,,,,,,,,,,,,,,,,,,,,,,,,,,,,,,,,,,,,,,,,,,,,,,,,,,,,,,,,,,,,,,,,,37.99567135258771,,"rgba(239, 83, 80, 0.5)",0.9754534635027292,37.89873847977956,-0.5933019886990646,40.14376488740332,-14.249804887092807,False,False,False,True,True,0.0,0.0,0.0,0.0,0.0,0,,,False,False,False,False,,,False,False,False,False,66.0,174.52375377108115,False,False,False,False,13.366339758081757,False,False,False,False
2025-02-28 18:00:00+00:00,37.32,37.32,37.32,37.32,0.0,,,,,,,,,,,,,,,,,,,,,,,,,,,,,,,,,,,,,,,,,,,,,,,,,,,,,,,,,,,,,,,,,,,,,,,,,,,,,,,,,,,37.75420110192837,37.75420110192837,37.75420110192837,37.75420110192837,37.75420110192837,37.75420110192837,38.332123853211,38.332123853211,38.77158785529715,,,,,,,,,,,,,,,,,,,,,,,,,,,,,,,,,,,,,,,,,,,,,,,,,,,,,,,,,,,,,,,,,,,,,,,,,,37.99567135258771,,"rgba(239, 83, 80, 0.5)",0.9767055399206673,37.89873847977956,-0.5925414120478599,40.241030822382,-13.66028893218536,False,False,False,True,True,0.0,0.0,0.0,0.0,0.0,0,,,False,False,False,False,,,False,False,False,False,66.0,172.84121495292484,False,False,False,False,13.159109684313048,False,False,False,False
2025-02-28 19:00:00+00:00,37.32,37.32,37.32,37.32,0.0,,,,,,,,,,,,,,,,,,,,,,,,,,,,,,,,,,,,,,,,,,,,,,,,,,,,,,,,,,,,,,,,,,,,,,,,,,,,,,,,,,,37.75420110192837,37.75420110192837,37.75420110192837,37.75420110192837,37.75420110192837,37.75420110192837,38.332123853211,38.332123853211,38.77158785529715,,,,,,,,,,,,,,,,,,,,,,,,,,,,,,,,,,,,,,,,,,,,,,,,,,,,,,,,,,,,,,,,,,,,,,,,,,37.99567135258771,,"rgba(239, 83, 80, 0.5)",0.9779548341603862,37.89873847977956,-0.5917844664845182,40.305874779034454,-13.130836568261046,False,False,False,True,True,0.0,0.0,0.0,0.0,0.0,0,,,False,False,False,False,,,False,False,False,False,66.0,171.18476200791824,False,False,False,False,12.955092479905094,False,False,False,False
2025-02-28 20:00:00+00:00,37.32,37.47,37.32,37.47,1.0,,,,,,,,,,,,,,,,,,,,,,,,,,,,,,,,,,,,,,,,,,,,,,,,,,,,,,,,,,,,,,,,,,,,,,,,,,,,,,,,,,,37.753282967032966,37.753282967032966,37.753282967032966,37.753282967032966,37.753282967032966,37.753282967032966,38.33128780934921,38.33128780934921,38.77054092434804,,,,,,,,,,,,,,,,,,,,,,,,,,,,,,,,,,,,,,,,,,,,,,,,,,,,,,,,,,,,,,,,,,,,,,,,,,37.99475714947158,,"rgba(239, 83, 80, 0.5)",0.9769344773181995,37.898071081558875,-0.4381778834686865,43.97828746669047,-9.390847314824825,True,False,False,True,True,0.0,0.0,0.0,0.0,0.0,0,,,False,False,False,False,,,False,False,False,False,67.0,169.56949437988848,False,False,False,False,12.769742208898814,False,False,False,False
2025-03-03 15:00:00+00:00,38.0,38.0,38.0,38.0,0.0,,,,,,,,,,,,,,,,,,,,,,,,,,,,,,,,,,,,,,,,,,,,,,,,,,,,,,,,,,,,,,,,,,,,,,,,,,,,,,,,,,,37.753282967032966,37.753282967032966,37.753282967032966,37.753282967032966,37.753282967032966,37.753282967032966,38.33128780934921,38.33128780934921,38.77054092434804,,,,,,,,,,,,,,,,,,,,,,,,,,,,,,,,,,,,,,,,,,,,,,,,,,,,,,,,,,,,,,,,,,,,,,,,,,37.99475714947158,,"rgba(38, 166, 154, 1.0)",0.9703239358794316,37.898071081558875,0.10504627853866548,53.25460852145376,-0.8641439721779136,True,False,True,False,True,1.6544911623316239,0.0,0.0,0.0,0.0,0,,,False,False,False,False,,,False,False,False,False,67.0,167.97926966082042,False,False,False,False,12.571761709536041,False,False,False,False
2025-03-03 16:00:00+00:00,38.0,38.0,38.0,38.0,0.0,,,,,,,,,,,,,,,,,,,,,,,,,,,,,,,,,,,,,,,,,,,,,,,,,,,,,,,,,,,,,,,,,,,,,,,,,,,,,,,,,,,37.753282967032966,37.753282967032966,37.753282967032966,37.753282967032966,37.753282967032966,37.753282967032966,38.33128780934921,38.33128780934921,38.77054092434804,,,,,,,,,,,,,,,,,,,,,,,,,,,,,,,,,,,,,,,,,,,,,,,,,,,,,,,,,,,,,,,,,,,,,,,,,,37.99475714947158,,"rgba(38, 166, 154, 1.0)",0.9636007359785426,37.898071081558875,0.1057792036009764,59.438822557962624,4.386643424670844,True,False,True,False,True,1.6544911623316239,0.0,0.0,0.0,0.0,0,,,False,False,False,False,,,False,False,False,False,67.0,166.41369958855964,False,False,False,False,12.376850675279668,False,False,False,False
2025-03-03 17:00:00+00:00,38.0,38.0,38.0,38.0,0.0,,,,,,,,,,,,,,,,,,,,,,,,,,,,,,,,,,,,,,,,,,,,,,,,,,,,,,,,,,,,,,,,,,,,,,,,,,,,,,,,,,,37.753282967032966,37.753282967032966,37.753282967032966,37.753282967032966,37.753282967032966,37.753282967032966,38.33128780934921,38.33128780934921,38.77054092434804,,,,,,,,,,,,,,,,,,,,,,,,,,,,,,,,,,,,,,,,,,,,,,,,,,,,,,,,,,,,,,,,,,,,,,,,,,37.99475714947158,,"rgba(38, 166, 154, 1.0)",0.9622830023317398,37.898071081558875,0.10592405580701063,63.5616319156352,7.701865962525368,True,False,True,False,True,1.6544911623316239,0.0,0.0,0.0,0.0,0,,,False,False,False,False,,,False,False,False,False,67.0,164.87240192051993,False,False,False,False,12.184961517523394,False,False,False,False
2025-03-03 18:00:00+00:00,38.0,38.0,38.0,38.0,0.0,,,,,,,,,,,,,,,,,,,,,,,,,,,,,,,,,,,,,,,,,,,,,,,,,,,,,,,,,,,,,,,,,,,,,,,,,,,,,,,,,,,37.753282967032966,37.753282967032966,37.753282967032966,37.753282967032966,37.753282967032966,37.753282967032966,38.33128780934921,38.33128780934921,38.77054092434804,,,,,,,,,,,,,,,,,,,,,,,,,,,,,,,,,,,,,,,,,,,,,,,,,,,,,,,,,,,,,,,,,,,,,,,,,,37.99475714947158,,"rgba(38, 166, 154, 1.0)",0.9640690416755057,37.898071081558875,0.10572782034778068,66.31017148741692,9.893086650569757,True,False,True,False,True,1.6544911623316239,0.0,0.0,0.0,0.0,0,,,False,False,False,False,,,False,False,False,False,67.0,163.3550003403568,False,False,False,False,11.996047385468767,False,False,False,False
2025-03-03 19:00:00+00:00,38.0,38.0,38.0,38.0,0.0,,,,,,,,,,,,,,,,,,,,,,,,,,,,,,,,,,,,,,,,,,,,,,,,,,,,,,,,,,,,,,,,,,,,,,,,,,,,,,,,,,,37.753282967032966,37.753282967032966,37.753282967032966,37.753282967032966,37.753282967032966,37.753282967032966,38.33128780934921,38.33128780934921,38.77054092434804,,,,,,,,,,,,,,,,,,,,,,,,,,,,,,,,,,,,,,,,,,,,,,,,,,,,,,,,,,,,,,,,,,,,,,,,,,37.99475714947158,,"rgba(38, 166, 154, 1.0)",0.9658051395429508,37.898071081558875,0.10553776767988717,68.14253120193807,11.442209701520781,True,False,True,False,True,1.6544911623316239,0.0,0.0,0.0,0.0,0,,,False,False,False,False,,,False,False,False,False,67.0,161.8611243660877,False,False,False,False,11.810062154686305,False,False,False,False
2025-03-03 20:00:00+00:00,38.0,38.0,36.305,36.91,37.0,,,,,,,,,,,,,,,,,,,,,,,,,,,,,,,,,,,,,,,,,,,,,,,,,,,,,,,,,,,,,,,,,,,,,,,,,,,,,37.071666666666665,37.071666666666665,37.071666666666665,37.071666666666665,37.071666666666665,37.071666666666665,37.690390689941815,37.690390689941815,37.690390689941815,37.690390689941815,37.690390689941815,37.690390689941815,38.289970449172564,38.289970449172564,38.72320783132529,,,,,,,,,,,,,,,,,,,,,,,,,,,,,,,,,,,,,,,,,,,,,,,,,,,,,,,,,,,,,,,,,,,,,,,,,,37.59169952462142,,"rgba(38, 166, 154, 0.75)",0.9829829670515786,37.4670906897115,-0.5667348350729555,54.779784559207755,12.729639328566265,True,False,True,False,False,0.0,0.0,0.0,0.0,0.0,0,,,False,False,False,False,,,False,False,False,False,30.0,159.816765848784,False,False,False,False,12.200603826706672,False,False,False,False
2025-03-04 15:00:00+00:00,36.91,36.91,36.67,36.67,100.0,,,,,,,,,,,,,,,,,,,,,,,,,,,,,,,,,,,,,,,,,,,,,,,,,,,,,,,,,,,,,,,,,,,,,,,,,,,,,36.83687347931873,36.83687347931873,36.83687347931873,36.83687347931873,36.83687347931873,36.83687347931873,37.502687957418495,37.502687957418495,37.502687957418495,37.502687957418495,37.502687957418495,37.502687957418495,38.16456568946796,38.16456568946796,38.58502801120447,,,,,,,,,,,,,,,,,,,,,,,,,,,,,,,,,,,,,,,,,,,,,,,,,,,,,,,,,,,,,,,,,,,,,,,,,,37.39676853403759,,"rgba(239, 83, 80, 0.5)",0.941464978799699,37.270912387329034,-0.6382737551163642,44.64496223059479,4.090006334162638,False,False,False,True,False,0.0,0.0,0.0,0.0,0.0,0,,,False,False,False,False,,,False,False,False,False,-70.0,156.2537152154695,False,False,False,False,13.561834775129824,False,False,False,False
2025-03-04 16:00:00+00:00,36.67,36.67,36.67,36.67,0.0,,,,,,,,,,,,,,,,,,,,,,,,,,,,,,,,,,,,,,,,,,,,,,,,,,,,,,,,,,,,,,,,,,,,,,,,,,,,,36.83687347931873,36.83687347931873,36.83687347931873,36.83687347931873,36.83687347931873,36.83687347931873,37.502687957418495,37.502687957418495,37.502687957418495,37.502687957418495,37.502687957418495,37.502687957418495,38.16456568946796,38.16456568946796,38.58502801120447,,,,,,,,,,,,,,,,,,,,,,,,,,,,,,,,,,,,,,,,,,,,,,,,,,,,,,,,,,,,,,,,,,,,,,,,,,37.39676853403759,,"rgba(239, 83, 80, 1.0)",0.893433512602618,37.270912387329034,-0.6725876955057833,37.88841401151949,-1.4117676532538752,False,True,False,True,False,0.0,0.0,0.0,0.0,0.0,0,,,False,False,False,False,,,False,False,False,False,-70.0,152.74590567724516,False,False,False,False,13.351573770864245,False,False,False,False
2025-03-04 17:00:00+00:00,36.67,36.85,36.67,36.85,200.0,,,,,,,,,,,,,,,,,,,,,,,,,,,,,,,,,,,,,,,,,,,,,,,,,,,,,,,,,,,,,,,,,,,,,,,,,,,,,36.80905539070228,36.80905539070228,36.80905539070228,36.80905539070228,36.80905539070228,36.80905539070228,37.29935330480266,37.29935330480266,37.29935330480266,37.29935330480266,37.29935330480266,37.29935330480266,37.972049486461245,37.972049486461245,38.36450859950859,,,,,,,,,,,,,,,,,,,,,,,,,,,,,,,,,,,,,,,,,,,,,,,,,,,,,,,,,,,,,,,,,,,,,,,,,,37.26393731636404,,"rgba(239, 83, 80, 1.0)",0.8773505468066873,37.12862181808606,-0.31757182929920635,36.17456709280619,-2.579167105243286,False,True,False,True,False,0.0,0.0,0.0,0.0,0.0,0,,,False,False,False,False,,,False,False,False,False,130.0,152.39325597682276,False,False,False,False,16.245347820928366,False,False,False,False
2025-03-04 18:00:00+00:00,36.85,36.85,36.85,36.85,0.0,,,,,,,,,,,,,,,,,,,,,,,,,,,,,,,,,,,,,,,,,,,,,,,,,,,,,,,,,,,,,,,,,,,,,,,,,,,,,36.80905539070228,36.80905539070228,36.80905539070228,36.80905539070228,36.80905539070228,36.80905539070228,37.29935330480266,37.29935330480266,37.29935330480266,37.29935330480266,37.29935330480266,37.29935330480266,37.972049486461245,37.972049486461245,38.36450859950859,,,,,,,,,,,,,,,,,,,,,,,,,,,,,,,,,,,,,,,,,,,,,,,,,,,,,,,,,,,,,,,,,,,,,,,,,,37.26393731636404,,"rgba(239, 83, 80, 1.0)",0.8751418160493817,37.12862181808606,-0.3183733344429023,35.03200248033066,-3.7075995098459913,False,True,False,True,False,0.0,0.0,0.0,0.0,0.0,0,,,False,False,False,False,,,False,False,False,False,130.0,152.0460737136162,False,False,False,False,15.993481963239553,False,False,False,False
2025-03-04 19:00:00+00:00,36.85,36.85,36.85,36.85,0.0,,,,,,,,,,,,,,,,,,,,,,,,,,,,,,,,,,,,,,,,,,,,,,,,,,,,,,,,,,,,,,,,,,,,,,,,,,,,,36.80905539070228,36.80905539070228,36.80905539070228,36.80905539070228,36.80905539070228,36.80905539070228,37.29935330480266,37.29935330480266,37.29935330480266,37.29935330480266,37.29935330480266,37.29935330480266,37.972049486461245,37.972049486461245,38.36450859950859,,,,,,,,,,,,,,,,,,,,,,,,,,,,,,,,,,,,,,,,,,,,,,,,,,,,,,,,,,,,,,,,,,,,,,,,,,37.26393731636404,,"rgba(239, 83, 80, 1.0)",0.8891534844552602,37.12862181808606,-0.31335626858253424,34.27029273868031,-4.834509584685634,False,True,False,True,False,0.0,0.0,0.0,0.0,0.0,0,,,False,False,False,False,,,False,False,False,False,130.0,151.70427412115703,False,False,False,False,15.745521002569172,False,False,False,False
2025-03-04 20:00:00+00:00,36.85,37.46,36.85,37.46,35.0,,,,,,,,,,,,,,,,,,,,,,,,,,,,,,,,,,,,,,,,,,,,,,,,,,,,,,,,,,,,,,,,,,,,,,,,,,,,,36.85116935483871,36.85116935483871,36.85116935483871,36.85116935483871,36.85116935483871,36.85116935483871,37.29732336956521,37.29732336956521,37.29732336956521,37.29732336956521,37.29732336956521,37.29732336956521,37.95493506493506,37.95493506493506,38.34119262377229,,,,,,,,,,,,,,,,,,,,,,,,,,,,,,,,,,,,,,,,,,,,,,,,,,,,,,,,,,,,,,,,,,,,,,,,,,37.27613460667106,,"rgba(239, 83, 80, 0.5)",0.8877832145496151,37.14139312183613,0.3588791418246214,41.567665823108705,-4.834509584685634,False,False,False,True,True,0.0,0.0,0.0,0.0,0.0,0,,,False,False,False,False,,,False,False,False,False,165.0,151.9104094061003,False,False,False,False,16.044040056792905,False,False,False,False
2025-03-05 15:00:00+00:00,37.46,37.46,37.46,37.46,0.0,,,,,,,,,,,,,,,,,,,,,,,,,,,,,,,,,,,,,,,,,,,,,,,,,,,,,,,,,,,,,,,,,,,,,,,,,,,,,36.85116935483871,36.85116935483871,36.85116935483871,36.85116935483871,36.85116935483871,36.85116935483871,37.29732336956521,37.29732336956521,37.29732336956521,37.29732336956521,37.29732336956521,37.29732336956521,37.95493506493506,37.95493506493506,38.34119262377229,,,,,,,,,,,,,,,,,,,,,,,,,,,,,,,,,,,,,,,,,,,,,,,,,,,,,,,,,,,,,,,,,,,,,,,,,,37.27613460667106,,"rgba(239, 83, 80, 0.5)",0.89154828885,37.14139312183613,0.3573635686910887,46.432581212727634,-14.609621996821076,True,False,False,True,True,0.0,0.0,0.0,0.0,0.0,0,,,False,False,False,False,,,False,False,False,False,165.0,152.113348795153,False,False,False,False,15.795295249710845,False,False,False,False
2025-03-05 16:00:00+00:00,37.46,37.46,37.46,37.46,0.0,,,,,,,,,,,,,,,,,,,,,,,,,,,,,,,,,,,,,,,,,,,,,,,,,,,,,,,,,,,,,,,,,,,,,,,,,,,,,36.85116935483871,36.85116935483871,36.85116935483871,36.85116935483871,36.85116935483871,36.85116935483871,37.29732336956521,37.29732336956521,37.29732336956521,37.29732336956521,37.29732336956521,37.29732336956521,37.95493506493506,37.95493506493506,38.34119262377229,,,,,,,,,,,,,,,,,,,,,,,,,,,,,,,,,,,,,,,,,,,,,,,,,,,,,,,,,,,,,,,,,,,,,,,,,,37.27613460667106,,#000000,0.8956527892654221,37.14139312183613,0.3557258817059878,49.67585813914025,-11.304539415325905,True,False,False,False,True,0.0,0.0,0.0,0.0,0.0,0,,,False,False,False,False,,,False,False,False,False,165.0,152.3131418370886,False,False,False,False,15.550406951265716,False,False,False,False
2025-03-05 17:00:00+00:00,37.46,37.46,36.24,36.4,200.0,,,,,,,,,,,,,,,,,,,,,,,,,,,,,,,,,,,,,,,,,,,,,,,,,,,,,,,,,,,,,,,,,,,,,,,,,,,,,36.79831293706294,36.79831293706294,36.79831293706294,36.79831293706294,36.79831293706294,36.79831293706294,37.16969017094017,37.16969017094017,37.16969017094017,37.16969017094017,37.16969017094017,37.16969017094017,37.804010823812376,37.804010823812376,38.1650044730721,,,,,,,,,,,,,,,,,,,,,,,,,,,,,,,,,,,,,,,,,,,,,,,,,,,,,,,,,,,,,,,,,,,,,,,,,,37.1720696512477,,"rgba(239, 83, 80, 0.5)",0.9106277064859336,37.0402713115824,-0.70310985161343,43.174398408544576,-11.304539415325905,False,False,False,True,False,0.0,0.0,0.0,0.0,0.0,0,,,False,False,False,False,,,False,False,False,False,-35.0,149.40906211868415,False,False,False,False,18.410090564424387,False,False,False,False
2025-03-05 18:00:00+00:00,36.4,36.4,36.4,36.4,0.0,,,,,,,,,,,,,,,,,,,,,,,,,,,,,,,,,,,,,,,,,,,,,,,,,,,,,,,,,,,,,,,,,,,,,,,,,,,,,36.79831293706294,36.79831293706294,36.79831293706294,36.79831293706294,36.79831293706294,36.79831293706294,37.16969017094017,37.16969017094017,37.16969017094017,37.16969017094017,37.16969017094017,37.16969017094017,37.804010823812376,37.804010823812376,38.1650044730721,,,,,,,,,,,,,,,,,,,,,,,,,,,,,,,,,,,,,,,,,,,,,,,,,,,,,,,,,,,,,,,,,,,,,,,,,,37.1720696512477,,"rgba(239, 83, 80, 1.0)",0.923766267579158,37.0402713115824,-0.6931096469459874,38.84009192148079,-11.304539415325905,False,True,False,True,False,0.0,0.0,0.0,0.0,0.0,0,,,False,False,False,False,,,False,False,False,False,-35.0,146.55000689203789,False,False,False,False,18.124662803735635,False,False,False,False
2025-03-05 19:00:00+00:00,36.4,36.4,36.4,36.4,0.0,,,,,,,,,,,,,,,,,,,,,,,,,,,,,,,,,,,,,,,,,,,,,,,,,,,,,,,,,,,,,,,,,,,,,,,,,,,,,36.79831293706294,36.79831293706294,36.79831293706294,36.79831293706294,36.79831293706294,36.79831293706294,37.16969017094017,37.16969017094017,37.16969017094017,37.16969017094017,37.16969017094017,37.16969017094017,37.804010823812376,37.804010823812376,38.1650044730721,,,,,,,,,,,,,,,,,,,,,,,,,,,,,,,,,,,,,,,,,,,,,,,,,,,,,,,,,,,,,,,,,,,,,,,,,,37.1720696512477,,"rgba(239, 83, 80, 1.0)",0.9351458767544357,37.0402713115824,-0.684675329804758,35.95055426343827,-2.8995277768996672,False,True,False,True,False,0.0,0.0,0.0,0.0,0.0,0,,,False,False,False,False,,,False,False,False,False,-35.0,143.73527810301405,False,False,False,False,17.84366027964671,False,False,False,False
2025-03-05 20:00:00+00:00,36.4,36.4,36.05,36.05,31.0,,,,,,,,,,,,,,,,,,,,,,,,,,,,,,,,,,,,,,,,,,,,,,,,,,,,,,,,,,,,,,,,,,,,,,,,,,,,,36.76584024322831,36.76584024322831,36.76584024322831,36.76584024322831,36.76584024322831,36.76584024322831,37.137535332643914,37.137535332643914,37.137535332643914,37.137535332643914,37.137535332643914,37.137535332643914,37.77404761904761,37.77404761904761,38.13229672650475,,,,,,,,,,,,,,,,,,,,,,,,,,,,,,,,,,,,,,,,,,,,,,,,,,,,,,,,,,,,,,,,,,,,,,,,,,37.14004302798888,,"rgba(239, 83, 80, 1.0)",0.9538930332688934,36.95972035820934,-0.9536922133625646,32.227072696752195,-6.759949722223148,False,True,False,True,False,0.0,0.0,0.0,0.0,0.0,0,,,False,False,False,False,,,False,False,False,False,-66.0,140.48356836498283,False,False,False,False,18.04763453887699,False,False,False,False
2025-03-06 15:00:00+00:00,36.65,36.65,36.46,36.46,101.0,,,,,,,,,,,,,,,,,,,,,,,,,,,,,,,,,,,,,,,,,,,,,,,,,,,,,,,,,,,,,,,,,,,,,,,,,,,,,36.731048768939395,36.731048768939395,36.731048768939395,36.731048768939395,36.731048768939395,36.731048768939395,37.0794506866417,37.0794506866417,37.0794506866417,37.0794506866417,37.0794506866417,37.0794506866417,37.70367316620241,37.70367316620241,38.050840434419385,,,,,,,,,,,,,,,,,,,,,,,,,,,,,,,,,,,,,,,,,,,,,,,,,,,,,,,,,,,,,,,,,,,,,,,,,,37.08807890002071,,"rgba(239, 83, 80, 1.0)",0.960342201584495,36.92648481243576,-0.4857485297075281,34.52382113553607,-6.759949722223148,False,True,False,True,False,0.0,0.0,0.0,0.0,0.0,0,,,False,False,False,False,,,False,False,False,False,35.0,138.8481642042854,False,False,False,False,19.333717724320756,False,False,False,False
2025-03-06 16:00:00+00:00,36.46,36.46,36.46,36.46,0.0,,,,,,,,,,,,,,,,,,,,,,,,,,,,,,,,,,,,,,,,,,,,,,,,,,,,,,,,,,,,,,,,,,,,,,,,,,,,,36.731048768939395,36.731048768939395,36.731048768939395,36.731048768939395,36.731048768939395,36.731048768939395,37.0794506866417,37.0794506866417,37.0794506866417,37.0794506866417,37.0794506866417,37.0794506866417,37.70367316620241,37.70367316620241,38.050840434419385,,,,,,,,,,,,,,,,,,,,,,,,,,,,,,,,,,,,,,,,,,,,,,,,,,,,,,,,,,,,,,,,,,,,,,,,,,37.08807890002071,,"rgba(239, 83, 80, 1.0)",0.9652860426547947,36.92648481243576,-0.48326070389746967,36.05498676139198,-6.759949722223148,False,True,False,True,False,0.0,0.0,0.0,0.0,0.0,0,,,False,False,False,False,,,False,False,False,False,35.0,137.23811514685462,False,False,False,False,19.03397016270338,False,False,False,False
2025-03-06 17:00:00+00:00,36.46,36.46,36.46,36.46,0.0,,,,,,,,,,,,,,,,,,,,,,,,,,,,,,,,,,,,,,,,,,,,,,,,,,,,,,,,,,,,,,,,,,,,,,,,,,,,,36.731048768939395,36.731048768939395,36.731048768939395,36.731048768939395,36.731048768939395,36.731048768939395,37.0794506866417,37.0794506866417,37.0794506866417,37.0794506866417,37.0794506866417,37.0794506866417,37.70367316620241,37.70367316620241,38.050840434419385,,,,,,,,,,,,,,,,,,,,,,,,,,,,,,,,,,,,,,,,,,,,,,,,,,,,,,,,,,,,,,,,,,,,,,,,,,37.08807890002071,,"rgba(239, 83, 80, 0.75)",0.9687476033100304,36.92648481243576,-0.48153390092720455,37.075763845295924,-6.759949722223148,False,True,False,True,True,0.0,0.0,0.0,0.0,0.0,0,,,False,False,False,False,,,False,False,False,False,35.0,135.65302809031422,False,False,False,False,18.738869850103328,False,False,False,False
2025-03-06 18:00:00+00:00,36.46,36.46,36.46,36.46,0.0,,,,,,,,,,,,,,,,,,,,,,,,,,,,,,,,,,,,,,,,,,,,,,,,,,,,,,,,,,,,,,,,,,,,,,,,,,,,,36.731048768939395,36.731048768939395,36.731048768939395,36.731048768939395,36.731048768939395,36.731048768939395,37.0794506866417,37.0794506866417,37.0794506866417,37.0794506866417,37.0794506866417,37.0794506866417,37.70367316620241,37.70367316620241,38.050840434419385,,,,,,,,,,,,,,,,,,,,,,,,,,,,,,,,,,,,,,,,,,,,,,,,,,,,,,,,,,,,,,,,,,,,,,,,,,37.08807890002071,,"rgba(239, 83, 80, 0.75)",0.9758058947066022,36.92648481243576,-0.47805082441730695,37.75628190123189,-6.759949722223148,False,True,False,True,True,0.0,0.0,0.0,0.0,0.0,0,,,False,False,False,False,,,False,False,False,False,35.0,134.0925160268985,False,False,False,False,18.448344736148236,False,False,False,False
2025-03-06 19:00:00+00:00,36.46,36.46,36.46,36.46,0.0,,,,,,,,,,,,,,,,,,,,,,,,,,,,,,,,,,,,,,,,,,,,,,,,,,,,,,,,,,,,,,,,,,,,,,,,,,,,,36.731048768939395,36.731048768939395,36.731048768939395,36.731048768939395,36.731048768939395,36.731048768939395,37.0794506866417,37.0794506866417,37.0794506866417,37.0794506866417,37.0794506866417,37.0794506866417,37.70367316620241,37.70367316620241,38.050840434419385,,,,,,,,,,,,,,,,,,,,,,,,,,,,,,,,,,,,,,,,,,,,,,,,,,,,,,,,,,,,,,,,,,,,,,,,,,37.08807890002071,,"rgba(239, 83, 80, 0.75)",0.9816670092842708,36.92648481243576,-0.47519658705437307,38.209960605189195,-6.759949722223148,False,True,False,True,True,0.0,0.0,0.0,0.0,0.0,0,,,False,False,False,False,,,False,False,False,False,35.0,132.55619794896208,False,False,False,False,18.162323887525783,False,False,False,False
2025-03-06 20:00:00+00:00,36.46,36.58,36.46,36.58,1.0,,,,,,,,,,,,,,,,,,,,,,,,,,,,,,,,,,,,,,,,,,,,,,,,,,,,,,,,,,,,,,,,,,,,,,,,,,,,,36.73077777777778,36.73077777777778,36.73077777777778,36.73077777777778,36.73077777777778,36.73077777777778,37.078946055503586,37.078946055503586,37.078946055503586,37.078946055503586,37.078946055503586,37.078946055503586,37.703025241276904,37.703025241276904,38.050083500334,,,,,,,,,,,,,,,,,,,,,,,,,,,,,,,,,,,,,,,,,,,,,,,,,,,,,,,,,,,,,,,,,,,,,,,,,,37.08763179883841,,"rgba(239, 83, 80, 0.5)",0.9841952261839366,36.92612565834462,-0.35168394352680094,40.366213104413994,-6.759949722223148,False,False,False,True,True,0.0,0.0,0.0,0.0,0.0,0,,,False,False,False,False,,,False,False,False,False,36.0,131.05920263192388,False,False,False,False,17.89624134663391,False,False,False,False
2025-03-07 15:00:00+00:00,37.0,37.0,37.0,37.0,0.0,,,,,,,,,,,,,,,,,,,,,,,,,,,,,,,,,,,,,,,,,,,,,,,,,,,,,,,,,,,,,,,,,,,,,,,,,,,,,36.73077777777778,36.73077777777778,36.73077777777778,36.73077777777778,36.73077777777778,36.73077777777778,37.078946055503586,37.078946055503586,37.078946055503586,37.078946055503586,37.078946055503586,37.078946055503586,37.703025241276904,37.703025241276904,38.050083500334,,,,,,,,,,,,,,,,,,,,,,,,,,,,,,,,,,,,,,,,,,,,,,,,,,,,,,,,,,,,,,,,,,,,,,,,,,37.08763179883841,,#000000,0.979834822446766,36.92612565834462,0.07539468894452019,46.68176894486298,-10.835002810734515,True,False,False,False,True,0.0,0.0,0.0,0.0,0.0,0,,,False,False,False,False,-0.2018881043570023,-0.2018881043570023,False,False,False,False,36.0,129.58541654460723,False,False,False,False,17.618780240484547,False,False,False,False
2025-03-07 16:00:00+00:00,37.0,37.0,37.0,37.0,0.0,,,,,,,,,,,,,,,,,,,,,,,,,,,,,,,,,,,,,,,,,,,,,,,,,,,,,,,,,,,,,,,,,,,,,,,,,,,,,36.73077777777778,36.73077777777778,36.73077777777778,36.73077777777778,36.73077777777778,36.73077777777778,37.078946055503586,37.078946055503586,37.078946055503586,37.078946055503586,37.078946055503586,37.078946055503586,37.703025241276904,37.703025241276904,38.050083500334,,,,,,,,,,,,,,,,,,,,,,,,,,,,,,,,,,,,,,,,,,,,,,,,,,,,,,,,,,,,,,,,,,,,,,,,,,37.08763179883841,,"rgba(38, 166, 154, 1.0)",0.9747450717777242,36.92612565834462,0.07578837153867551,50.892139505162305,-6.709570050100254,True,False,True,False,True,0.0,0.0,0.0,0.0,0.0,0,0.9355833198117798,0.9628427713775758,False,False,False,False,-0.2018881043570023,-0.2018881043570023,False,False,False,False,36.0,128.13447985399316,False,False,False,False,17.345620856911143,False,False,False,False
2025-03-07 17:00:00+00:00,37.0,37.0,37.0,37.0,0.0,,,,,,,,,,,,,,,,,,,,,,,,,,,,,,,,,,,,,,,,,,,,,,,,,,,,,,,,,,,,,,,,,,,,,,,,,,,,,36.73077777777778,36.73077777777778,36.73077777777778,36.73077777777778,36.73077777777778,36.73077777777778,37.078946055503586,37.078946055503586,37.078946055503586,37.078946055503586,37.078946055503586,37.078946055503586,37.703025241276904,37.703025241276904,38.050083500334,,,,,,,,,,,,,,,,,,,,,,,,,,,,,,,,,,,,,,,,,,,,,,,,,,,,,,,,,,,,,,,,,,,,,,,,,,37.08763179883841,,"rgba(38, 166, 154, 1.0)",0.9689144803697977,36.92612565834462,0.07624443968180564,53.69905321202852,-3.933639523495799,True,False,True,False,True,0.0,0.0,0.0,0.0,0.0,0,0.9355833198117798,0.9628427713775758,False,False,False,False,-0.2018881043570023,-0.2018881043570023,False,False,False,False,36.0,126.70603830586923,False,False,False,False,17.07669650254043,False,False,False,False
2025-03-07 18:00:00+00:00,37.0,37.0,37.0,37.0,0.0,,,,,,,,,,,,,,,,,,,,,,,,,,,,,,,,,,,,,,,,,,,,,,,,,,,,,,,,,,,,,,,,,,,,,,,,,,,,,36.73077777777778,36.73077777777778,36.73077777777778,36.73077777777778,36.73077777777778,36.73077777777778,37.078946055503586,37.078946055503586,37.078946055503586,37.078946055503586,37.078946055503586,37.078946055503586,37.703025241276904,37.703025241276904,38.050083500334,,,,,,,,,,,,,,,,,,,,,,,,,,,,,,,,,,,,,,,,,,,,,,,,,,,,,,,,,,,,,,,,,,,,,,,,,,37.08763179883841,,"rgba(38, 166, 154, 1.0)",0.9508354553039484,36.92612565834462,0.0776941386054731,55.570329016605996,-1.9640128253226194,True,False,True,False,True,0.0,0.0,0.0,0.0,0.0,0,0.9355833198117798,0.9628427713775758,False,False,False,False,-0.2018881043570023,-0.2018881043570023,False,False,False,False,36.0,125.29974313833637,False,False,False,False,16.811941518004918,False,False,False,False
2025-03-07 19:00:00+00:00,37.0,37.0,37.0,37.0,0.0,,,,,,,,,,,,,,,,,,,,,,,,,,,,,,,,,,,,,,,,,,,,,,,,,,,,,,,,,,,,,,,,,,,,,,,,,,,,,36.73077777777778,36.73077777777778,36.73077777777778,36.73077777777778,36.73077777777778,36.73077777777778,37.078946055503586,37.078946055503586,37.078946055503586,37.078946055503586,37.078946055503586,37.078946055503586,37.703025241276904,37.703025241276904,38.050083500334,,,,,,,,,,,,,,,,,,,,,,,,,,,,,,,,,,,,,,,,,,,,,,,,,,,,,,,,,,,,,,,,,,,,,,,,,,37.08763179883841,,"rgba(38, 166, 154, 1.0)",0.9311974031340545,36.92612565834462,0.07933263280884408,56.817846219657646,-0.47692909699774333,True,False,True,False,True,0.0,0.0,0.0,0.0,0.0,0,0.9355833198117798,0.9628427713775758,False,False,False,False,-0.23641346146432804,-0.21915078291066517,False,False,False,False,36.0,123.91525099665674,False,False,False,False,16.551291261911818,False,False,False,False
2025-03-07 20:00:00+00:00,37.0,37.0,36.64,36.64,100.0,,,,,,,,,,,,,,,,,,,,,,,,,,,,,,,,,,,,,,,,,,,,,,,,,,,,,,,,,,,,,,,,,,,,,,,,,,36.76,36.76,36.76,36.73440786749483,36.73440786749483,36.73440786749483,36.73440786749483,36.73440786749483,36.73440786749483,37.0516623895067,37.0516623895067,37.0516623895067,37.0516623895067,37.0516623895067,37.0516623895067,37.6532876230661,37.6532876230661,37.98853371501272,,,,,,,,,,,,,,,,,,,,,,,,,,,,,,,,,,,,,,,,,,,,,,,,,,,,,,,,,,,,,,,,,,,,,,,,,,37.01619613906413,,#000000,0.9143294840512405,36.8448182849978,-0.22400927517975647,51.91452278364822,-0.47692909699774333,True,False,False,False,False,0.0,0.0,0.0,0.0,0.0,0,0.9220282626766415,0.998503740648379,False,False,False,False,-0.2605844495102404,-0.23986761621045277,False,False,False,False,-64.0,121.00183625252252,False,False,False,False,17.845069691959694,False,False,False,False
2025-03-10 14:00:00+00:00,36.64,36.64,36.64,36.64,0.0,,,,,,,,,,,,,,,,,,,,,,,,,,,,,,,,,,,,,,,,,,,,,,,,,,,,,,,,,,,,,,,,,,,,,,,,,,36.76,36.76,36.76,36.73440786749483,36.73440786749483,36.73440786749483,36.73440786749483,36.73440786749483,36.73440786749483,37.0516623895067,37.0516623895067,37.0516623895067,37.0516623895067,37.0516623895067,37.0516623895067,37.6532876230661,37.6532876230661,37.98853371501272,,,,,,,,,,,,,,,,,,,,,,,,,,,,,,,,,,,,,,,,,,,,,,,,,,,,,,,,,,,,,,,,,,,,,,,,,,37.01619613906413,,"rgba(239, 83, 80, 0.5)",0.8955001974335935,36.8448182849978,-0.2287194191411527,48.645640492975275,6.047863033647523,True,False,False,True,False,0.0,0.0,0.0,0.0,0.0,0,0.8854530340814627,1.0104738154613466,False,False,False,False,-0.2850569881858921,-0.26246230219817246,False,False,False,False,-64.0,118.13359072922759,False,False,False,False,17.56840194479753,False,False,False,False
2025-03-10 15:00:00+00:00,36.64,36.64,36.64,36.64,0.0,,,,,,,,,,,,,,,,,,,,,,,,,,,,,,,,,,,,,,,,,,,,,,,,,,,,,,,,,,,,,,,,,,,,,,,,,,36.76,36.76,36.76,36.73440786749483,36.73440786749483,36.73440786749483,36.73440786749483,36.73440786749483,36.73440786749483,37.0516623895067,37.0516623895067,37.0516623895067,37.0516623895067,37.0516623895067,37.0516623895067,37.6532876230661,37.6532876230661,37.98853371501272,,,,,,,,,,,,,,,,,,,,,,,,,,,,,,,,,,,,,,,,,,,,,,,,,,,,,,,,,,,,,,,,,,,,,,,,,,37.01619613906413,,"rgba(239, 83, 80, 0.5)",0.8745828709723273,36.8448182849978,-0.23418968264275522,46.46638563252665,3.830270977941346,False,False,False,True,False,0.0,0.0,0.0,0.0,0.0,0,0.8854530340814627,1.0104738154613466,False,False,False,False,-0.2850569881858921,-0.2737596451920323,False,False,False,False,-64.0,115.30981412877445,False,False,False,False,17.296023620071985,False,False,False,False
2025-03-10 16:00:00+00:00,36.64,36.64,36.64,36.64,0.0,,,,,,,,,,,,,,,,,,,,,,,,,,,,,,,,,,,,,,,,,,,,,,,,,,,,,,,,,,,,,,,,,,,,,,,,,,36.76,36.76,36.76,36.73440786749483,36.73440786749483,36.73440786749483,36.73440786749483,36.73440786749483,36.73440786749483,37.0516623895067,37.0516623895067,37.0516623895067,37.0516623895067,37.0516623895067,37.0516623895067,37.6532876230661,37.6532876230661,37.98853371501272,,,,,,,,,,,,,,,,,,,,,,,,,,,,,,,,,,,,,,,,,,,,,,,,,,,,,,,,,,,,,,,,,,,,,,,,,,37.01619613906413,,"rgba(239, 83, 80, 0.5)",0.8514236249888703,36.8448182849978,-0.2405597859707927,45.01354905889423,2.203626842890749,False,False,False,True,False,0.0,0.0,0.0,0.0,0.0,0,0.8854530340814627,1.0104738154613466,False,False,False,False,-0.2850569881858921,-0.27940831668896216,False,False,False,False,-64.0,112.52981701049887,False,False,False,False,17.027868215109628,False,False,False,False
2025-03-10 17:00:00+00:00,36.64,36.64,35.7,36.05,196.0,,,,,,,,,,,,,,,,,,,,,,,,,,,,,,,,,,,,,,,,,,,,,,,,,,,,,,,,,,,,,,,,,,,,,,,,,,36.342837837837834,36.342837837837834,36.342837837837834,36.616062271062276,36.616062271062276,36.616062271062276,36.616062271062276,36.616062271062276,36.616062271062276,36.919321123321126,36.919321123321126,36.919321123321126,36.919321123321126,36.919321123321126,36.919321123321126,37.51057042702357,37.51057042702357,37.82960151250727,,,,,,,,,,,,,,,,,,,,,,,,,,,,,,,,,,,,,,,,,,,,,,,,,,,,,,,,,,,,,,,,,,,,,,,,,,36.83841979146491,,"rgba(239, 83, 80, 1.0)",0.8604033623516033,36.643084342724606,-0.689309652514172,37.977254050121076,-4.527878615672584,False,True,False,True,False,0.0,0.0,0.0,0.0,0.0,0,0.8586167983233917,1.0101563759471224,False,False,False,False,-0.34282825441539394,-0.311118285552178,False,False,False,False,-260.0,106.75416093281672,False,False,False,False,19.802629948208704,False,False,False,False
2025-03-10 18:00:00+00:00,36.05,36.05,36.05,36.05,0.0,,,,,,,,,,,,,,,,,,,,,,,,,,,,,,,,,,,,,,,,,,,,,,,,,,,,,,,,,,,,,,,,,,,,,,,,,,36.342837837837834,36.342837837837834,36.342837837837834,36.616062271062276,36.616062271062276,36.616062271062276,36.616062271062276,36.616062271062276,36.616062271062276,36.919321123321126,36.919321123321126,36.919321123321126,36.919321123321126,36.919321123321126,36.919321123321126,37.51057042702357,37.51057042702357,37.82960151250727,,,,,,,,,,,,,,,,,,,,,,,,,,,,,,,,,,,,,,,,,,,,,,,,,,,,,,,,,,,,,,,,,,,,,,,,,,36.83841979146491,,"rgba(239, 83, 80, 1.0)",0.8680197407146152,36.643084342724606,-0.683261353291735,33.286390710938974,-8.854385002170446,False,True,False,True,False,0.0,0.0,0.0,0.0,0.0,0,0.8699016604868608,1.0291794293083991,False,False,False,False,-0.34282825441539394,-0.32697326998378595,False,False,False,False,-260.0,101.0680499106025,False,False,False,False,19.495612429631823,False,False,False,False
2025-03-10 19:00:00+00:00,36.05,36.43,35.965,36.43,6.0,,,,,,,,,,,,,,,,,,,,,,,,,,,,,,,,,,,,,,,,,,,,,,,,,,,,,,,,,,,,,,,,,,,,,,,,,,36.34149006622516,36.34149006622516,36.34149006622516,36.61403012247601,36.61403012247601,36.61403012247601,36.61403012247601,36.61403012247601,36.61403012247601,36.916501337223444,36.916501337223444,36.916501337223444,36.916501337223444,36.916501337223444,36.916501337223444,37.507036860502055,37.507036860502055,37.82554250072526,,,,,,,,,,,,,,,,,,,,,,,,,,,,,,,,,,,,,,,,,,,,,,,,,,,,,,,,,,,,,,,,,,,,,,,,,,36.83595973214454,,"rgba(239, 83, 80, 0.75)",0.8672474994055744,36.640985526649715,-0.2432817930225545,36.76846789690827,-8.854385002170446,False,True,False,True,True,0.0,0.0,0.0,0.0,0.0,0,0.8691232528589579,1.016677255400254,False,False,False,False,-0.3227287930687777,-0.3248510315262818,False,False,False,False,-254.0,95.56311890423656,False,False,False,False,19.28637812839722,False,False,False,False
2025-03-11 14:00:00+00:00,36.38,36.38,36.245,36.245,1.0,,,,,,,,,,,,,,,,,,,,,,,,,,,,,,,,,,,,,,,,,,,,,,,,,,,,,,,,,,,,,,,,,,,,,,,,,,36.3413201320132,36.3413201320132,36.3413201320132,36.61370866402117,36.61370866402117,36.61370866402117,36.61370866402117,36.61370866402117,36.61370866402117,36.91604470359573,36.91604470359573,36.91604470359573,36.91604470359573,36.91604470359573,36.91604470359573,37.50645704303635,37.50645704303635,37.82487458315209,,,,,,,,,,,,,,,,,,,,,,,,,,,,,,,,,,,,,,,,,,,,,,,,,,,,,,,,,,,,,,,,,,,,,,,,,,36.83557051505366,,"rgba(239, 83, 80, 0.75)",0.8686555989283357,36.64066189241679,-0.4554876442457974,37.26927979365243,-8.854385002170446,False,True,False,True,True,0.0,0.0,0.0,0.0,0.0,0,0.8771514290225798,1.0165798199905258,False,False,False,False,-0.3072317948695493,-0.31604141319791557,False,False,False,False,-255.0,90.12803178944219,False,False,False,False,19.002868389972456,False,False,False,False
2025-03-11 15:00:00+00:00,36.245,36.245,35.64,35.64,1.0,,,,,,,,,,,,,,,,,,,,,,,,,,,,,,,,,,,,,,,,,,,,,,,,,,,,,,,,,,,,,,,,,,,,,,,,,,36.33967653508772,36.33967653508772,36.33967653508772,36.61294350842419,36.61294350842419,36.61294350842419,36.61294350842419,36.61294350842419,36.61294350842419,36.915262199563,36.915262199563,36.915262199563,36.915262199563,36.915262199563,36.915262199563,37.50566428571427,37.50566428571427,37.824012318840566,,,,,,,,,,,,,,,,,,,,,,,,,,,,,,,,,,,,,,,,,,,,,,,,,,,,,,,,,,,,,,,,,,,,,,,,,,36.83464470796974,,"rgba(239, 83, 80, 0.75)",0.8823590156123682,36.63965181307624,-1.1329309219813097,33.586990943437115,-8.854385002170446,False,True,False,True,True,0.0,0.0,0.0,0.0,0.0,0,0.8607065385807249,1.0204524325999382,False,False,False,False,-0.34282825441539394,-0.3294348338066547,False,False,False,False,-256.0,84.76170571518728,False,False,False,False,18.72375415136823,False,False,False,False
2025-03-11 16:00:00+00:00,35.64,35.64,35.41,35.41,1.0,,,,,,,,,,,,,,,,,,,,,,,,,,,,,,,,,,,,,,,,,,,,,,,,,,,,,,,,,,,,,,,,,,,,,,,,,,36.33687978142076,36.33687978142076,36.33687978142076,36.61182838283829,36.61182838283829,36.61182838283829,36.61182838283829,36.61182838283829,36.61182838283829,36.914222464822906,36.914222464822906,36.914222464822906,36.914222464822906,36.914222464822906,36.914222464822906,37.50470331588131,37.50470331588131,37.822996523250744,,,,,,,,,,,,,,,,,,,,,,,,,,,,,,,,,,,,,,,,,,,,,,,,,,,,,,,,,,,,,,,,,,,,,,,,,,36.83329708806904,,"rgba(239, 83, 80, 1.0)",0.9004329189014779,36.63810269899634,-1.3639024886991271,30.09488884007781,-11.885430614429438,False,True,False,True,False,0.0,0.0,0.0,0.0,0.0,0,0.8546153846153843,1.038923076923077,False,False,False,False,-0.34282825441539394,-0.3361315441110243,False,False,False,False,-257.0,79.46307461882778,False,False,False,False,18.448967265300503,False,False,False,False
2025-03-11 17:00:00+00:00,35.41,35.41,35.295,35.295,1.0,,,,,,,,,,,,,,,,,,,,,,,,,,,,,,,,,,,,,,,,,,,,,,,,,,,,,,,,,,,,,,,,,,,,,,,,,,36.33360021786493,36.33360021786493,36.33360021786493,36.61056379821959,36.61056379821959,36.61056379821959,36.61056379821959,36.61056379821959,36.61056379821959,36.913072727272734,36.913072727272734,36.913072727272734,36.913072727272734,36.913072727272734,36.913072727272734,37.50367031398666,37.50367031398666,37.821915001448,,,,,,,,,,,,,,,,,,,,,,,,,,,,,,,,,,,,,,,,,,,,,,,,,,,,,,,,,,,,,,,,,,,,,,,,,,36.83177085755389,,"rgba(239, 83, 80, 1.0)",0.919520497838922,36.636325922931114,-1.4587232433464257,27.284783668005435,-14.724583161189877,False,True,False,True,False,0.0,0.0,0.0,0.0,0.0,0,0.8516020236087688,1.0458378046910932,False,False,False,False,-0.34282825441539394,-0.3394798992632091,False,False,False,False,-258.0,74.23108896582269,False,False,False,False,18.178440641032278,False,False,False,False
2025-03-11 18:00:00+00:00,35.295,35.295,35.27,35.27,4.0,,,,,,,,,,,,,,,,,,,,,,,,,,,,,,,,,,,,,,,,,,,,,,,,,,,,,,,,,,,,,,,,,,,,,,,,,,36.31998387096774,36.31998387096774,36.31998387096774,36.60531362889984,36.60531362889984,36.60531362889984,36.60531362889984,36.60531362889984,36.60531362889984,36.9083309161228,36.9083309161228,36.9083309161228,36.9083309161228,36.9083309161228,36.9083309161228,37.49944365305474,37.49944365305474,37.81750289100894,,,,,,,,,,,,,,,,,,,,,,,,,,,,,,,,,,,,,,,,,,,,,,,,,,,,,,,,,,,,,,,,,,,,,,,,,,36.825456060008754,,"rgba(239, 83, 80, 1.0)",0.9369213529542453,36.628958646909815,-1.4504511425903828,25.302533157657123,-16.846824267135908,False,True,False,True,False,0.0,0.0,0.0,0.0,0.0,0,0.8509497549019607,1.0493259803921569,False,False,False,False,-0.34282825441539394,-0.34115407683930155,False,False,False,False,-262.0,69.01820386557738,False,False,False,False,17.958619855899993,False,False,False,False
2025-03-11 19:00:00+00:00,35.27,35.27,35.27,35.27,0.0,,,,,,,,,,,,,,,,,,,,,,,,,,,,,,,,,,,,,,,,,,,,,,,,,,,,,,,,,,,,,,,,,,,,,,,,,,36.31998387096774,36.31998387096774,36.31998387096774,36.60531362889984,36.60531362889984,36.60531362889984,36.60531362889984,36.60531362889984,36.60531362889984,36.9083309161228,36.9083309161228,36.9083309161228,36.9083309161228,36.9083309161228,36.9083309161228,37.49944365305474,37.49944365305474,37.81750289100894,,,,,,,,,,,,,,,,,,,,,,,,,,,,,,,,,,,,,,,,,,,,,,,,,,,,,,,,,,,,,,,,,,,,,,,,,,36.825456060008754,,"rgba(239, 83, 80, 1.0)",0.952001717577369,36.628958646909815,-1.4274749948645655,23.981032817424914,-18.439794257535716,False,True,False,True,False,0.0,0.0,0.0,0.0,0.0,0,0.8509497549019607,1.0500919117647058,False,False,False,False,-0.34282825441539394,-0.34199116562734777,False,False,False,False,-262.0,63.886138689366874,False,False,False,False,17.680191641079837,False,False,False,False
2025-03-12 14:00:00+00:00,35.5,35.5,35.5,35.5,0.0,,,,,,,,,,,,,,,,,,,,,,,,,,,,,,,,,,,,,,,,,,,,,,,,,,,,,,,,,,,,,,,,,,,,,,,,,,36.31998387096774,36.31998387096774,36.31998387096774,36.60531362889984,36.60531362889984,36.60531362889984,36.60531362889984,36.60531362889984,36.60531362889984,36.9083309161228,36.9083309161228,36.9083309161228,36.9083309161228,36.9083309161228,36.9083309161228,37.49944365305474,37.49944365305474,37.81750289100894,,,,,,,,,,,,,,,,,,,,,,,,,,,,,,,,,,,,,,,,,,,,,,,,,,,,,,,,,,,,,,,,,,,,,,,,,,36.825456060008754,,"rgba(239, 83, 80, 1.0)",0.9485938716507301,36.628958646909815,-1.190139089708873,27.01475600533317,-18.439794257535716,False,True,False,True,False,0.0,0.0,0.0,0.0,0.0,0,0.8499845821769965,1.0639839654640764,False,False,False,False,-0.3155050120433662,-0.328748088835357,False,False,False,False,-262.0,58.83364041511312,False,False,False,False,17.40608014276852,False,False,False,False
2025-03-12 15:00:00+00:00,35.5,35.5,35.5,35.5,0.0,,,,,,,,,,,,,,,,,,,,,,,,,,,,,,,,,,,,,,,,,,,,,,,,,,,,,,,,,,,,,,,,,,,,,,,,,,36.31998387096774,36.31998387096774,36.31998387096774,36.60531362889984,36.60531362889984,36.60531362889984,36.60531362889984,36.60531362889984,36.60531362889984,36.9083309161228,36.9083309161228,36.9083309161228,36.9083309161228,36.9083309161228,36.9083309161228,37.49944365305474,37.49944365305474,37.81750289100894,,,,,,,,,,,,,,,,,,,,,,,,,,,,,,,,,,,,,,,,,,,,,,,,,,,,,,,,,,,,,,,,,,,,,,,,,,36.825456060008754,,"rgba(239, 83, 80, 0.75)",0.9428489651959946,36.628958646909815,-1.1973907683879499,29.03723813060534,-18.439794257535716,False,True,False,True,True,0.0,0.0,0.0,0.0,0.0,0,0.8537928863707899,1.0653131885426501,False,False,False,False,-0.3155050120433662,-0.32212655043936156,False,False,False,False,-262.0,53.85947544743695,False,False,False,False,17.136218435128697,False,False,False,False
2025-03-12 16:00:00+00:00,35.5,35.5,35.5,35.5,0.0,,,,,,,,,,,,,,,,,,,,,,,,,,,,,,,,,,,,,,,,,,,,,,,,,,,,,,,,,,,,,,,,,,,,,,,,,,36.31998387096774,36.31998387096774,36.31998387096774,36.60531362889984,36.60531362889984,36.60531362889984,36.60531362889984,36.60531362889984,36.60531362889984,36.9083309161228,36.9083309161228,36.9083309161228,36.9083309161228,36.9083309161228,36.9083309161228,37.49944365305474,37.49944365305474,37.81750289100894,,,,,,,,,,,,,,,,,,,,,,,,,,,,,,,,,,,,,,,,,,,,,,,,,,,,,,,,,,,,,,,,,,,,,,,,,,36.825456060008754,,"rgba(239, 83, 80, 0.75)",0.9397474406734172,36.628958646909815,-1.2013426140334158,30.38555954745345,-18.439794257535716,False,True,False,True,True,0.0,0.0,0.0,0.0,0.0,0,0.8537928863707899,1.0445388731507712,False,False,False,False,-0.3155050120433662,-0.3188157812413639,False,False,False,False,-262.0,48.962429316468935,False,False,False,False,16.870540629932904,False,False,False,False
2025-03-12 17:00:00+00:00,35.5,35.5,35.19,35.27,16.0,,,,,,,,,,,,,,,,,,,,,,,,,,,,,,,,,,,,,,,,,,,,,,,,,,,,,,,,,,,,,,,,,,,,,,,,,,36.27090490797546,36.27090490797546,36.27090490797546,36.58536695764631,36.58536695764631,36.58536695764631,36.58536695764631,36.58536695764631,36.58536695764631,36.89011350059738,36.89011350059738,36.89011350059738,36.89011350059738,36.89011350059738,36.89011350059738,37.48301052466224,37.48301052466224,37.80029356876254,,,,,,,,,,,,,,,,,,,,,,,,,,,,,,,,,,,,,,,,,,,,,,,,,,,,,,,,,,,,,,,,,,,,,,,,,,36.80177289397086,,"rgba(239, 83, 80, 0.75)",0.9399504635212741,36.60161797793786,-1.416689527392016,29.35123002552815,-18.439794257535716,False,True,False,True,True,0.0,0.0,0.0,0.0,0.0,0,0.8455423940149623,1.0441084788029926,False,False,False,False,-0.3338660345932111,-0.32634090791728754,False,False,False,False,-278.0,43.89324436582601,False,False,False,False,16.857043875980455,False,False,False,False
2025-03-12 18:00:00+00:00,35.27,35.27,35.27,35.27,0.0,,,,,,,,,,,,,,,,,,,,,,,,,,,,,,,,,,,,,,,,,,,,,,,,,,,,,,,,,,,,,,,,,,,,,,,,,,36.27090490797546,36.27090490797546,36.27090490797546,36.58536695764631,36.58536695764631,36.58536695764631,36.58536695764631,36.58536695764631,36.58536695764631,36.89011350059738,36.89011350059738,36.89011350059738,36.89011350059738,36.89011350059738,36.89011350059738,37.48301052466224,37.48301052466224,37.80029356876254,,,,,,,,,,,,,,,,,,,,,,,,,,,,,,,,,,,,,,,,,,,,,,,,,,,,,,,,,,,,,,,,,,,,,,,,,,36.80177289397086,,"rgba(239, 83, 80, 0.75)",0.937762273223371,36.60161797793786,-1.4199952546189436,28.66167701091128,-18.439794257535716,False,True,False,True,True,0.0,0.0,0.0,0.0,0.0,0,0.8480361596009974,1.0512780548628429,False,False,False,False,-0.34282825441539394,-0.3345845811663407,False,False,False,False,-278.0,38.902651429921725,False,False,False,False,16.595694358523392,False,False,False,False
2025-03-12 19:00:00+00:00,35.27,35.27,35.015,35.06,347.0,,,,,,,,,,,,,,,,,,,,,,,,,,,,,,,,,,,,,,,,,,,,,,,,,,,,,,,,,,,,,,,,,,,,,,,,,,35.67491827637444,35.67491827637444,35.67491827637444,36.215107643928405,36.215107643928405,36.215107643928405,36.215107643928405,36.215107643928405,36.215107643928405,36.536517412935325,36.536517412935325,36.536517412935325,36.536517412935325,36.536517412935325,36.536517412935325,37.15020386121234,37.15020386121234,37.45117522168101,,,,,,,,,,,,,,,,,,,,,,,,,,,,,,,,,,,,,,,,,,,,,,,,,,,,,,,,,,,,,,,,,,,,,,,,,,36.40478267302285,,"rgba(239, 83, 80, 1.0)",0.9384877763222537,36.103507392489995,-1.1119030197487385,26.67000046132272,-18.439794257535716,False,True,False,True,False,0.0,0.0,0.0,0.0,0.0,0,0.841348384103912,1.0508736663058604,False,False,False,False,-0.34282825441539394,-0.3387064177908673,False,False,False,False,-625.0,28.609587066667125,False,False,False,False,21.71824173280985,False,False,False,False
2025-03-13 14:00:00+00:00,35.1,35.6,35.1,35.57,122.0,,,,,,,,,,,,,,,,,,,,,,,,,,,,,,,,,,,,,,,,,,,,,,,,,,,,,,,,,,,,,,,,,,,,,,,,,,35.63631027253669,35.63631027253669,35.63631027253669,36.150710000000004,36.150710000000004,36.150710000000004,36.150710000000004,36.150710000000004,36.150710000000004,36.46365879828327,36.46365879828327,36.46365879828327,36.46365879828327,36.46365879828327,36.46365879828327,37.06889231956771,37.06889231956771,37.362534336557964,,,,,,,,,,,,,,,,,,,,,,,,,,,,,,,,,,,,,,,,,,,,,,,,,,,,,,,,,,,,,,,,,,,,,,,,,,36.33863681016683,,"rgba(239, 83, 80, 0.75)",0.937327747538868,36.05103300424031,-0.5131961637787348,33.46486831037333,-22.603881902039042,False,True,False,True,True,0.0,0.0,0.0,0.0,0.0,0,0.8453231939163497,1.0387832699619772,False,False,False,False,-0.3186522307055014,-0.32867932424818436,False,False,False,False,-503.0,20.36757796485833,False,False,False,False,23.27299767493683,False,False,False,False
2025-03-13 15:00:00+00:00,35.57,35.57,35.57,35.57,0.0,,,,,,,,,,,,,,,,,,,,,,,,,,,,,,,,,,,,,,,,,,,,,,,,,,,,,,,,,,,,,,,,,,,,,,,,,,35.63631027253669,35.63631027253669,35.63631027253669,36.150710000000004,36.150710000000004,36.150710000000004,36.150710000000004,36.150710000000004,36.150710000000004,36.46365879828327,36.46365879828327,36.46365879828327,36.46365879828327,36.46365879828327,36.46365879828327,37.06889231956771,37.06889231956771,37.362534336557964,,,,,,,,,,,,,,,,,,,,,,,,,,,,,,,,,,,,,,,,,,,,,,,,,,,,,,,,,,,,,,,,,,,,,,,,,,36.33863681016683,,"rgba(239, 83, 80, 0.75)",0.9221039543905469,36.05103300424031,-0.5216689527790196,37.99478020974041,-18.44063966977508,False,True,False,True,True,0.0,0.0,0.0,0.0,0.0,0,0.8542094455852155,1.0797662296635602,False,False,False,False,-0.2934069428666646,-0.31104313355742447,False,False,False,False,-503.0,12.253351949899287,False,False,False,False,22.912176005557964,False,False,False,False
2025-03-13 16:00:00+00:00,35.57,35.57,35.57,35.57,0.0,,,,,,,,,,,,,,,,,,,,,,,,,,,,,,,,,,,,,,,,,,,,,,,,,,,,,,,,,,,,,,,,,,,,,,,,,,35.63631027253669,35.63631027253669,35.63631027253669,36.150710000000004,36.150710000000004,36.150710000000004,36.150710000000004,36.150710000000004,36.150710000000004,36.46365879828327,36.46365879828327,36.46365879828327,36.46365879828327,36.46365879828327,36.46365879828327,37.06889231956771,37.06889231956771,37.362534336557964,,,,,,,,,,,,,,,,,,,,,,,,,,,,,,,,,,,,,,,,,,,,,,,,,,,,,,,,,,,,,,,,,,,,,,,,,,36.33863681016683,,"rgba(239, 83, 80, 0.5)",0.9302071599167256,36.05103300424031,-0.5171245986575428,41.01472147598513,-15.699944321920213,False,False,False,True,True,0.0,0.0,0.0,0.0,0.0,0,0.8585013936710935,1.0828004590916545,False,False,False,False,-0.2934069428666646,-0.3022250382120445,False,False,False,False,-503.0,4.264927888660537,False,False,False,False,22.556948470588072,False,False,False,False
2025-03-13 17:00:00+00:00,35.57,35.57,35.57,35.57,0.0,,,,,,,,,,,,,,,,,,,,,,,,,,,,,,,,,,,,,,,,,,,,,,,,,,,,,,,,,,,,,,,,,,,,,,,,,,35.63631027253669,35.63631027253669,35.63631027253669,36.150710000000004,36.150710000000004,36.150710000000004,36.150710000000004,36.150710000000004,36.150710000000004,36.46365879828327,36.46365879828327,36.46365879828327,36.46365879828327,36.46365879828327,36.46365879828327,37.06889231956771,37.06889231956771,37.362534336557964,,,,,,,,,,,,,,,,,,,,,,,,,,,,,,,,,,,,,,,,,,,,,,,,,,,,,,,,,,,,,,,,,,,,,,,,,,36.33863681016683,,"rgba(239, 83, 80, 0.5)",0.9164551910034098,36.05103300424031,-0.5248843685566725,43.0280156534816,-13.798110318026673,True,False,False,True,True,0.0,0.0,0.0,0.0,0.0,0,0.8401377274963108,1.0749303164453188,False,False,False,False,-0.2934069428666646,-0.29781599053935454,False,False,False,False,-503.0,-3.599644636745052,False,False,False,False,22.207228339261125,False,False,False,False
2025-03-13 18:00:00+00:00,35.57,35.57,35.57,35.57,0.0,,,,,,,,,,,,,,,,,,,,,,,,,,,,,,,,,,,,,,,,,,,,,,,,,,,,,,,,,,,,,,,,,,,,,,,,,,35.63631027253669,35.63631027253669,35.63631027253669,36.150710000000004,36.150710000000004,36.150710000000004,36.150710000000004,36.150710000000004,36.150710000000004,36.46365879828327,36.46365879828327,36.46365879828327,36.46365879828327,36.46365879828327,36.46365879828327,37.06889231956771,37.06889231956771,37.362534336557964,,,,,,,,,,,,,,,,,,,,,,,,,,,,,,,,,,,,,,,,,,,,,,,,,,,,,,,,,,,,,,,,,,,,,,,,,,36.33863681016683,,"rgba(239, 83, 80, 0.5)",0.8936420822516973,36.05103300424031,-0.5382837422206633,44.37021177181259,-12.38842328377433,True,False,False,True,True,0.0,0.0,0.0,0.0,0.0,0,0.8401377274963108,1.0749303164453188,False,False,False,False,-0.2934069428666646,-0.29561146670300953,False,False,False,False,-503.0,-11.34228580516761,False,False,False,False,21.86293022547413,False,False,False,False
2025-03-13 19:00:00+00:00,35.57,35.57,35.18,35.18,1.0,,,,,,,,,,,,,,,,,,,,,,,,,,,,,,,,,,,,,,,,,,,,,,,,,,,,,,,,,,,,,,,,,,,,,,,,,,35.63590033500838,35.63590033500838,35.63590033500838,36.15014990006663,36.15014990006663,36.15014990006663,36.15014990006663,36.15014990006663,36.15014990006663,36.46304021447722,36.46304021447722,36.46304021447722,36.46304021447722,36.46304021447722,36.46304021447722,37.06821373456788,37.06821373456788,37.36179918815662,,,,,,,,,,,,,,,,,,,,,,,,,,,,,,,,,,,,,,,,,,,,,,,,,,,,,,,,,,,,,,,,,,,,,,,,,,36.33805935275447,,"rgba(239, 83, 80, 0.5)",0.8758882595646662,36.05053785418287,-0.993891452107767,40.515454586763205,-12.38842328377433,False,False,False,True,False,0.0,0.0,0.0,0.0,0.0,0,0.8295288975230694,1.0739841346932166,False,False,False,False,-0.31576413026738953,-0.30568779848519956,False,False,False,False,-504.0,-18.980389901211524,False,False,False,False,21.53947394290864,False,False,False,False
2025-03-14 14:00:00+00:00,35.18,35.18,35.18,35.18,0.0,,,,,,,,,,,,,,,,,,,,,,,,,,,,,,,,,,,,,,,,,,,,,,,,,,,,,,,,,,,,,,,,,,,,,,,,,,35.63590033500838,35.63590033500838,35.63590033500838,36.15014990006663,36.15014990006663,36.15014990006663,36.15014990006663,36.15014990006663,36.15014990006663,36.46304021447722,36.46304021447722,36.46304021447722,36.46304021447722,36.46304021447722,36.46304021447722,37.06821373456788,37.06821373456788,37.36179918815662,,,,,,,,,,,,,,,,,,,,,,,,,,,,,,,,,,,,,,,,,,,,,,,,,,,,,,,,,,,,,,,,,,,,,,,,,,36.33805935275447,,"rgba(239, 83, 80, 1.0)",0.8549176399929683,36.05053785418287,-1.018271016363671,37.945616463396945,-12.38842328377433,False,True,False,True,False,0.0,0.0,0.0,0.0,0.0,0,0.8295288975230694,1.0866116237655818,False,False,False,False,-0.3384311815474316,-0.3220594900163156,False,False,False,False,-504.0,-26.50007377871212,False,False,False,False,21.205528610460444,False,False,False,False
2025-03-14 15:00:00+00:00,35.18,35.18,35.18,35.18,0.0,,,,,,,,,,,,,,,,,,,,,,,,,,,,,,,,,,,,,,,,,,,,,,,,,,,,,,,,,,,,,,,,,,,,,,,,,,35.63590033500838,35.63590033500838,35.63590033500838,36.15014990006663,36.15014990006663,36.15014990006663,36.15014990006663,36.15014990006663,36.15014990006663,36.46304021447722,36.46304021447722,36.46304021447722,36.46304021447722,36.46304021447722,36.46304021447722,37.06821373456788,37.06821373456788,37.36179918815662,,,,,,,,,,,,,,,,,,,,,,,,,,,,,,,,,,,,,,,,,,,,,,,,,,,,,,,,,,,,,,,,,,,,,,,,,,36.33805935275447,,"rgba(239, 83, 80, 1.0)",0.8304865772274281,36.05053785418287,-1.0482262784898384,36.23239104781944,-6.99125793130208,False,True,False,True,False,0.0,0.0,0.0,0.0,0.0,0,0.8270651995401542,1.1023156511742487,False,False,False,False,-0.3384311815474316,-0.33024533578187365,False,False,False,False,-504.0,-33.90317341004992,False,False,False,False,20.876760725026948,False,False,False,False
2025-03-14 16:00:00+00:00,35.18,35.18,35.18,35.18,0.0,,,,,,,,,,,,,,,,,,,,,,,,,,,,,,,,,,,,,,,,,,,,,,,,,,,,,,,,,,,,,,,,,,,,,,,,,,35.63590033500838,35.63590033500838,35.63590033500838,36.15014990006663,36.15014990006663,36.15014990006663,36.15014990006663,36.15014990006663,36.15014990006663,36.46304021447722,36.46304021447722,36.46304021447722,36.46304021447722,36.46304021447722,36.46304021447722,37.06821373456788,37.06821373456788,37.36179918815662,,,,,,,,,,,,,,,,,,,,,,,,,,,,,,,,,,,,,,,,,,,,,,,,,,,,,,,,,,,,,,,,,,,,,,,,,,36.33805935275447,,"rgba(239, 83, 80, 1.0)",0.843503862330066,36.05053785418287,-1.0320496361191838,35.09024077076777,-8.344020183383535,False,True,False,True,False,0.0,0.0,0.0,0.0,0.0,0,0.8084606345475909,1.1200268591572942,False,False,False,False,-0.3384311815474316,-0.3343382586646526,False,False,False,False,-504.0,-41.19149630291736,False,False,False,False,20.5530900161118,False,False,False,False
2025-03-14 17:00:00+00:00,35.18,35.435,35.18,35.19,6.0,,,,,,,,,,,,,,,,,,,,,,,,,,,,,,,,,,,,,,,,,,,,,,,,,,,,,,,,,,,,,,,,,,,,,,,,,,35.63315045719036,35.63315045719036,35.63315045719036,36.14663901791639,36.14663901791639,36.14663901791639,36.14663901791639,36.14663901791639,36.14663901791639,36.459208979155534,36.459208979155534,36.459208979155534,36.459208979155534,36.459208979155534,36.459208979155534,37.06405696689759,37.06405696689759,37.3573099833214,,,,,,,,,,,,,,,,,,,,,,,,,,,,,,,,,,,,,,,,,,,,,,,,,,,,,,,,,,,,,,,,,,,,,,,,,,36.33444240395107,,"rgba(239, 83, 80, 1.0)",0.8553104225477972,36.04736682495832,-1.0024042761041032,34.603950649436555,-9.17910251843464,False,True,False,True,False,0.0,0.0,0.0,0.0,0.0,0,0.7947736351531289,1.1105193075898803,False,False,False,False,-0.3235738589445875,-0.3289560588046201,False,False,False,False,-498.0,-48.27379868581786,False,False,False,False,20.32746071353642,False,False,False,False
2025-03-14 18:00:00+00:00,35.19,35.19,35.19,35.19,0.0,,,,,,,,,,,,,,,,,,,,,,,,,,,,,,,,,,,,,,,,,,,,,,,,,,,,,,,,,,,,,,,,,,,,,,,,,,35.63315045719036,35.63315045719036,35.63315045719036,36.14663901791639,36.14663901791639,36.14663901791639,36.14663901791639,36.14663901791639,36.14663901791639,36.459208979155534,36.459208979155534,36.459208979155534,36.459208979155534,36.459208979155534,36.459208979155534,37.06405696689759,37.06405696689759,37.3573099833214,,,,,,,,,,,,,,,,,,,,,,,,,,,,,,,,,,,,,,,,,,,,,,,,,,,,,,,,,,,,,,,,,,,,,,,,,,36.33444240395107,,"rgba(239, 83, 80, 1.0)",0.8661736660853823,36.04736682495832,-0.9898324764745332,34.27975723521575,-9.94278148129925,False,True,False,True,False,0.0,0.0,0.0,0.0,0.0,0,0.7951065246338213,1.1186750998668444,False,False,False,False,-0.3372607614157988,-0.3331084101102094,False,False,False,False,-498.0,-55.24629793099898,False,False,False,False,20.01230628386919,False,False,False,False
2025-03-14 19:00:00+00:00,35.19,35.68,35.19,35.68,4.0,,,,,,,,,,,,,,,,,,,,,,,,,,,,,,,,,,,,,,,,,,,,,,,,,,,,,,,,,,,,,,,,,,,,,,,,,,35.6325723738627,35.6325723738627,35.6325723738627,36.1449713214207,36.1449713214207,36.1449713214207,36.1449713214207,36.1449713214207,36.1449713214207,36.457198222222225,36.457198222222225,36.457198222222225,36.457198222222225,36.457198222222225,36.457198222222225,37.061678196259265,37.061678196259265,37.35468236973588,,,,,,,,,,,,,,,,,,,,,,,,,,,,,,,,,,,,,,,,,,,,,,,,,,,,,,,,,,,,,,,,,,,,,,,,,,36.33270961920555,,"rgba(239, 83, 80, 0.5)",0.8681861956229442,36.04611924321683,-0.421705902561754,43.629651297283075,-12.570430189937227,True,False,False,True,True,0.0,0.0,0.0,0.0,0.0,0,0.7768310369833209,1.1423132704858596,False,False,False,False,-0.30885334121265984,-0.32098087566143463,False,False,False,False,-494.0,-62.04868090881295,False,False,False,False,19.764053473266568,False,False,False,False
2025-03-17 14:00:00+00:00,35.19,35.75,35.19,35.75,1.0,,,,,,,,,,,,,,,,,,,,,,,,,,,,,,,,,,,,,,,,,,,,,,,,,,,,,,,,,,,,,,,,,,,,,,,,,,35.63248657579513,35.63248657579513,35.63248657579513,36.14458664021164,36.14458664021164,36.14458664021164,36.14458664021164,36.14458664021164,36.14458664021164,36.45672174840086,36.45672174840086,36.45672174840086,36.45672174840086,36.45672174840086,36.45672174840086,37.06110257395311,37.06110257395311,37.354043286954436,,,,,,,,,,,,,,,,,,,,,,,,,,,,,,,,,,,,,,,,,,,,,,,,,,,,,,,,,,,,,,,,,,,,,,,,,,36.332308805217835,,"rgba(38, 166, 154, 1.0)",0.868941963041897,36.001178680405445,-0.2890626659646478,50.678832878073756,-6.248640438127396,True,False,True,False,True,0.0,0.0,0.0,0.0,0.0,0,0.7510660980810231,1.136993603411514,False,False,False,False,-0.30139381445676955,-0.31118734505910206,False,False,False,False,-493.0,-68.73009670867631,False,False,False,False,19.473137915541503,False,False,False,False
2025-03-17 15:00:00+00:00,35.75,35.75,35.75,35.75,0.0,,,,,,,,,,,,,,,,,,,,,,,,,,,,,,,,,,,,,,,,,,,,,,,,,,,,,,,,,,,,,,,,,,,,,,,,,,35.63248657579513,35.63248657579513,35.63248657579513,36.14458664021164,36.14458664021164,36.14458664021164,36.14458664021164,36.14458664021164,36.14458664021164,36.45672174840086,36.45672174840086,36.45672174840086,36.45672174840086,36.45672174840086,36.45672174840086,37.06110257395311,37.06110257395311,37.354043286954436,,,,,,,,,,,,,,,,,,,,,,,,,,,,,,,,,,,,,,,,,,,,,,,,,,,,,,,,,,,,,,,,,,,,,,,,,,36.332308805217835,,"rgba(38, 166, 154, 1.0)",0.8693024385849263,36.001178680405445,-0.2889427997168863,55.378287265267545,-2.207563327552684,True,False,True,False,True,0.0,0.0,0.0,0.0,0.0,0,0.8011447562776954,1.1423559822747418,False,False,False,False,-0.24336057195028024,-0.27727395850469116,False,False,False,False,-493.0,-75.30792466668133,False,False,False,False,19.171228800571868,False,False,False,False
2025-03-17 16:00:00+00:00,35.75,35.75,35.75,35.75,0.0,,,,,,,,,,,,,,,,,,,,,,,,,,,,,,,,,,,,,,,,,,,,,,,,,,,,,,,,,,,,,,,,,,,,,,,,,,35.63248657579513,35.63248657579513,35.63248657579513,36.14458664021164,36.14458664021164,36.14458664021164,36.14458664021164,36.14458664021164,36.14458664021164,36.45672174840086,36.45672174840086,36.45672174840086,36.45672174840086,36.45672174840086,36.45672174840086,37.06110257395311,37.06110257395311,37.354043286954436,,,,,,,,,,,,,,,,,,,,,,,,,,,,,,,,,,,,,,,,,,,,,,,,,,,,,,,,,,,,,,,,,,,,,,,,,,36.332308805217835,,"rgba(38, 166, 154, 1.0)",0.8718845437657599,36.001178680405445,-0.2880870892842972,58.51125685673007,0.49418187144019043,True,False,True,False,True,0.0,0.0,0.0,0.0,0.0,0,0.8134874759152214,1.1077071290944125,False,False,False,False,-0.24263835492070998,-0.25995615671270056,False,False,False,False,-493.0,-81.78377079588006,False,False,False,False,18.87400044707463,False,False,False,False
2025-03-17 17:00:00+00:00,35.75,35.75,35.4,35.4,2.0,,,,,,,,,,,,,,,,,,,,,,,,,,,,,,,,,,,,,,,,,,,,,,,,,,,,,,,,,,,,,,,,,,,,,,,,,,35.63220024721879,35.63220024721879,35.63220024721879,36.14375715543814,36.14375715543814,36.14375715543814,36.14375715543814,36.14375715543814,36.14375715543814,36.455720624778145,36.455720624778145,36.455720624778145,36.455720624778145,36.455720624778145,36.455720624778145,37.05991682661546,37.05991682661546,37.35273321449791,,,,,,,,,,,,,,,,,,,,,,,,,,,,,,,,,,,,,,,,,,,,,,,,,,,,,,,,,,,,,,,,,,,,,,,,,,36.331446349482384,,"rgba(38, 166, 154, 0.75)",0.8736840658080104,35.90514654002079,-0.5781798704931325,53.77065642947303,0.49418187144019043,True,False,True,False,False,0.0,0.0,0.0,0.0,0.0,0,0.8254288597376386,1.1128153380423815,False,False,False,False,-0.2709324367811171,-0.26544429674690884,False,False,False,False,-495.0,-88.19022396183541,False,False,False,False,18.612388037042464,False,False,False,False
2025-03-17 18:00:00+00:00,35.4,35.4,35.155,35.155,3.0,,,,,,,,,,,,,,,,,,,,,,,,,,,,,,,,,,,,,,,,,,,,,,,,,,,,,,,,,,,,,,,,,,,,,,,,,,35.630738916256156,35.630738916256156,35.630738916256156,36.14196330476818,36.14196330476818,36.14196330476818,36.14196330476818,36.14196330476818,36.14196330476818,36.453776360092164,36.453776360092164,36.453776360092164,36.453776360092164,36.453776360092164,36.453776360092164,37.057819529652335,37.057819529652335,37.350472459639114,,,,,,,,,,,,,,,,,,,,,,,,,,,,,,,,,,,,,,,,,,,,,,,,,,,,,,,,,,,,,,,,,,,,,,,,,,36.32959812538191,,"rgba(239, 83, 80, 0.5)",0.8788858015989454,35.87960483693804,-0.8244584627715885,47.66641358816291,6.660206905363708,True,False,False,True,False,0.0,0.0,0.0,0.0,0.0,0,0.8020429009193053,1.148927477017365,False,False,False,False,-0.32005040410220686,-0.29274735042455785,False,False,False,False,-498.0,-94.5438639004116,False,False,False,False,18.37033550933638,False,False,False,False
2025-03-17 19:00:00+00:00,35.155,35.35,35.155,35.35,3.0,,,,,,,,,,,,,,,,,,,,,,,,,,,,,,,,,,,,,,,,,,,,,,,,,,,,,,,,,,,,,,,,,,,,,,,,,,35.62946625766871,35.62946625766871,35.62946625766871,36.140271929824564,36.140271929824564,36.140271929824564,36.140271929824564,36.140271929824564,36.140271929824564,36.45191525123851,36.45191525123851,36.45191525123851,36.45191525123851,36.45191525123851,36.45191525123851,37.055782586493024,37.055782586493024,37.34826811336415,,,,,,,,,,,,,,,,,,,,,,,,,,,,,,,,,,,,,,,,,,,,,,,,,,,,,,,,,,,,,,,,,,,,,,,,,,36.32785306365193,,"rgba(239, 83, 80, 0.5)",0.879816227739954,35.874325058918735,-0.5959483837500983,46.85626597199882,5.921631231674382,True,False,False,True,False,0.0,0.0,0.0,0.0,0.0,0,0.8326495357374216,1.159576765277478,False,False,False,False,-0.3242437325152743,-0.3084955414699161,False,False,False,False,-495.0,-100.75248616552149,False,False,False,False,18.132035733997828,False,False,False,False
2025-03-18 14:00:00+00:00,35.35,35.35,35.35,35.35,0.0,,,,,,,,,,,,,,,,,,,,,,,,,,,,,,,,,,,,,,,,,,,,,,,,,,,,,,,,,,,,,,,,,,,,,,,,,,35.62946625766871,35.62946625766871,35.62946625766871,36.140271929824564,36.140271929824564,36.140271929824564,36.140271929824564,36.140271929824564,36.140271929824564,36.45191525123851,36.45191525123851,36.45191525123851,36.45191525123851,36.45191525123851,36.45191525123851,37.055782586493024,37.055782586493024,37.34826811336415,,,,,,,,,,,,,,,,,,,,,,,,,,,,,,,,,,,,,,,,,,,,,,,,,,,,,,,,,,,,,,,,,,,,,,,,,,36.32785306365193,,"rgba(239, 83, 80, 0.5)",0.8799513704827,35.874325058918735,-0.5958568581251416,46.31616756122277,5.118734094772762,True,False,False,True,False,0.0,0.0,0.0,0.0,0.0,0,0.8241304347826086,1.1173913043478259,False,False,False,False,-0.3079504839833196,-0.30822301272661784,False,False,False,False,-495.0,-106.8648507210948,False,False,False,False,17.85091890091259,False,False,False,False
2025-03-18 15:00:00+00:00,35.35,35.35,35.35,35.35,0.0,,,,,,,,,,,,,,,,,,,,,,,,,,,,,,,,,,,,,,,,,,,,,,,,,,,,,,,,,,,,,,,,,,,,,,,,,,35.62946625766871,35.62946625766871,35.62946625766871,36.140271929824564,36.140271929824564,36.140271929824564,36.140271929824564,36.140271929824564,36.140271929824564,36.45191525123851,36.45191525123851,36.45191525123851,36.45191525123851,36.45191525123851,36.45191525123851,37.055782586493024,37.055782586493024,37.34826811336415,,,,,,,,,,,,,,,,,,,,,,,,,,,,,,,,,,,,,,,,,,,,,,,,,,,,,,,,,,,,,,,,,,,,,,,,,,36.32785306365193,,"rgba(239, 83, 80, 0.5)",0.8792915965205619,35.874325058918735,-0.5963039576330955,45.95610195403873,4.274381202244761,True,False,False,True,False,0.0,0.0,0.0,0.0,0.0,0,0.8077363241016252,1.176470588235294,False,False,False,False,-0.3079504839833196,-0.30808674835496874,False,False,False,False,-495.0,-112.88244993472124,False,False,False,False,17.5741604683403,False,False,False,False
2025-03-18 16:00:00+00:00,35.35,35.35,35.35,35.35,0.0,,,,,,,,,,,,,,,,,,,,,,,,,,,,,,,,,,,,,,,,,,,,,,,,,,,,,,,,,,,,,,,,,,,,,,,,,,35.62946625766871,35.62946625766871,35.62946625766871,36.140271929824564,36.140271929824564,36.140271929824564,36.140271929824564,36.140271929824564,36.140271929824564,36.45191525123851,36.45191525123851,36.45191525123851,36.45191525123851,36.45191525123851,36.45191525123851,37.055782586493024,37.055782586493024,37.34826811336415,,,,,,,,,,,,,,,,,,,,,,,,,,,,,,,,,,,,,,,,,,,,,,,,,,,,,,,,,,,,,,,,,,,,,,,,,,36.32785306365193,,"rgba(239, 83, 80, 0.5)",0.8778351134959531,35.874325058918735,-0.5972933308974445,45.716058215916036,3.4156668053859676,True,False,False,True,False,0.0,0.0,0.0,0.0,0.0,0,0.7548638132295721,1.176470588235294,False,False,False,False,-0.3079504839833196,-0.30801861616914417,False,False,False,False,-495.0,-118.80675303650851,False,False,False,False,17.301692864179984,False,False,False,False
2025-03-18 17:00:00+00:00,35.35,35.35,35.045,35.045,4.0,,,,,,,,,,,,,,,,,,,,,,,,,,,,,,,,,,,,,,,,,,,,,,,,,,,,,,,,,,,,,,,,,,,,,,,,,,35.62710826210826,35.62710826210826,35.62710826210826,36.13766404199476,36.13766404199476,36.13766404199476,36.13766404199476,36.13766404199476,36.13766404199476,36.44914989406781,36.44914989406781,36.44914989406781,36.44914989406781,36.44914989406781,36.44914989406781,37.052862332695966,37.052862332695966,37.34513972764948,,,,,,,,,,,,,,,,,,,,,,,,,,,,,,,,,,,,,,,,,,,,,,,,,,,,,,,,,,,,,,,,,,,,,,,,,,36.32517071087453,,"rgba(239, 83, 80, 0.5)",0.8804973921924035,35.86317804546073,-0.9292225652406483,41.40739298549833,-1.166065467159875,False,False,False,True,False,0.0,0.0,0.0,0.0,0.0,0,0.744469525959368,1.174040632054176,False,False,False,False,-0.33350821799983954,-0.32076341708449185,False,False,False,False,-499.0,-124.70122198167893,False,False,False,False,17.09546506783611,False,False,False,False
2025-03-18 18:00:00+00:00,35.045,35.045,35.045,35.045,0.0,,,,,,,,,,,,,,,,,,,,,,,,,,,,,,,,,,,,,,,,,,,,,,,,,,,,,,,,,,,,,,,,,,,,,,,,,,35.62710826210826,35.62710826210826,35.62710826210826,36.13766404199476,36.13766404199476,36.13766404199476,36.13766404199476,36.13766404199476,36.13766404199476,36.44914989406781,36.44914989406781,36.44914989406781,36.44914989406781,36.44914989406781,36.44914989406781,37.052862332695966,37.052862332695966,37.34513972764948,,,,,,,,,,,,,,,,,,,,,,,,,,,,,,,,,,,,,,,,,,,,,,,,,,,,,,,,,,,,,,,,,,,,,,,,,,36.32517071087453,,"rgba(239, 83, 80, 1.0)",0.8820950848625694,35.86317804546073,-0.9275395130312949,38.5349494985532,-4.223089174266164,False,True,False,True,False,0.0,0.0,0.0,0.0,0.0,0,0.744469525959368,1.1878103837471783,False,False,False,False,-0.34282825441539394,-0.33179583574994287,False,False,False,False,-499.0,-130.50430381142033,False,False,False,False,16.830419097792138,False,False,False,False
2025-03-18 19:00:00+00:00,35.045,35.045,35.01,35.01,8.0,,,,,,,,,,,,,,,,,,,,,,,,,,,,,,,,,,,,,,,,,,,,,,,,,,,,,,,,,,,,,,,,,,,,,,,,,,35.6212515114873,35.6212515114873,35.6212515114873,36.13183637946041,36.13183637946041,36.13183637946041,36.13183637946041,36.13183637946041,36.13183637946041,36.44312675808722,36.44312675808722,36.44312675808722,36.44312675808722,36.44312675808722,36.44312675808722,37.046667302071405,37.046667302071405,37.33855531940016,,,,,,,,,,,,,,,,,,,,,,,,,,,,,,,,,,,,,,,,,,,,,,,,,,,,,,,,,,,,,,,,,,,,,,,,,,36.31919018240504,,"rgba(239, 83, 80, 1.0)",0.8832527160220479,35.772434429247134,-0.8632120970778926,36.20001486979167,-6.732340134141914,False,True,False,True,False,0.0,0.0,0.0,0.0,0.0,0,0.7432950191570881,1.1875140860942077,False,False,False,False,-0.34282825441539394,-0.33731204508266843,False,False,False,False,-507.0,-136.34144638798745,False,False,False,False,16.69351337534575,True,False,False,False
2025-03-19 14:00:00+00:00,35.01,36.03,35.01,36.03,44.0,,,,,,,,,,,,,,,,,,,,,,,,,,,,,,,,,,,,,,,,,,,,,,,,,,,,,,,,,,,,,,,,,,,,,,,,,,35.62472445464983,35.62472445464983,35.62472445464983,36.1195008460237,36.1195008460237,36.1195008460237,36.1195008460237,36.1195008460237,36.1195008460237,36.426045532646064,36.426045532646064,36.426045532646064,36.426045532646064,36.426045532646064,36.426045532646064,37.024285089363815,37.024285089363815,37.31325485408672,,,,,,,,,,,,,,,,,,,,,,,,,,,,,,,,,,,,,,,,,,,,,,,,,,,,,,,,,,,,,,,,,,,,,,,,,,36.306070926043475,,#000000,0.8733033641099347,35.813784690428044,0.24758327799678492,47.366760020770485,-10.42329123863805,True,False,False,False,True,0.0,0.0,0.0,0.0,0.0,0,0.7545787545787546,1.136823960353372,False,False,False,False,-0.26323894996564035,-0.3002754975241544,False,False,False,False,-463.0,-141.40592008739847,False,False,False,False,17.116869757123336,False,False,False,False
2025-03-19 15:00:00+00:00,36.03,36.03,35.65,35.65,64.0,,,,,,,,,,,,,,,,,,,,,,,,,,,,,,,,,,,,,,,,,,,,,,,,,,,,,,,,,,,,,,,,,,,,,,,,,,35.6351247771836,35.6351247771836,35.6351247771836,36.106121951219514,36.106121951219514,36.106121951219514,36.106121951219514,36.106121951219514,36.106121951219514,36.40530688622756,36.40530688622756,36.40530688622756,36.40530688622756,36.40530688622756,36.40530688622756,36.99504760161112,36.99504760161112,37.27970260434436,,,,,,,,,,,,,,,,,,,,,,,,,,,,,,,,,,,,,,,,,,,,,,,,,,,,,,,,,,,,,,,,,,,,,,,,,,36.29131917576666,,#000000,0.8647074858216498,35.840035646891124,-0.21976870792387393,50.41095837203635,-7.834250680661398,True,False,False,False,True,0.0,0.0,0.0,0.0,0.0,0,0.7856688573245707,1.1346194615221539,False,False,False,False,-0.21327660838510862,-0.2567760529546315,False,False,False,False,-527.0,-147.38412287674112,False,False,False,False,17.843739993447002,False,False,False,False
2025-03-19 16:00:00+00:00,35.65,35.65,35.65,35.65,0.0,,,,,,,,,,,,,,,,,,,,,,,,,,,,,,,,,,,,,,,,,,,,,,,,,,,,,,,,,,,,,,,,,,,,,,,,,,35.6351247771836,35.6351247771836,35.6351247771836,36.106121951219514,36.106121951219514,36.106121951219514,36.106121951219514,36.106121951219514,36.106121951219514,36.40530688622756,36.40530688622756,36.40530688622756,36.40530688622756,36.40530688622756,36.40530688622756,36.99504760161112,36.99504760161112,37.27970260434436,,,,,,,,,,,,,,,,,,,,,,,,,,,,,,,,,,,,,,,,,,,,,,,,,,,,,,,,,,,,,,,,,,,,,,,,,,36.29131917576666,,"rgba(38, 166, 154, 1.0)",0.8524105564554668,35.840035646891124,-0.22293910540167472,52.44042393954693,-5.969224295499046,True,False,True,False,True,0.0,0.0,0.0,0.0,0.0,0,0.7829074511488083,1.1526733948894137,False,False,False,False,-0.2427999047887625,-0.24978797887169701,False,False,False,False,-527.0,-153.2696403515203,False,False,False,False,17.56709286176565,False,False,False,False
2025-03-19 17:00:00+00:00,35.65,36.03,35.65,35.945,5.0,,,,,,,,,,,,,,,,,,,,,,,,,,,,,,,,,,,,,,,,,,,,,,,,,,,,,,,,,,,,,,,,,,,,,,,,,,35.636400709219856,35.636400709219856,35.636400709219856,36.105419452887546,36.105419452887546,36.105419452887546,36.105419452887546,36.105419452887546,36.105419452887546,36.403987058237945,36.403987058237945,36.403987058237945,36.403987058237945,36.403987058237945,36.403987058237945,36.99300073099414,36.99300073099414,37.27731039963668,,,,,,,,,,,,,,,,,,,,,,,,,,,,,,,,,,,,,,,,,,,,,,,,,,,,,,,,,,,,,,,,,,,,,,,,,,36.29049739200209,,"rgba(38, 166, 154, 1.0)",0.8236605998733609,35.84223713031746,0.12476360979066263,56.06834628674139,-2.472949330325072,True,False,True,False,True,0.0,0.0,0.0,0.0,0.0,0,0.7863934079864779,1.1341643777730825,False,False,False,False,-0.21327660838510862,-0.23153229362840283,False,False,False,False,-522.0,-158.98639011351224,False,False,False,False,17.37225421274603,False,False,False,False
2025-03-19 18:00:00+00:00,35.945,36.16,35.945,36.16,1.0,,,,,,,,,,,,,,,,,,,,,,,,,,,,,,,,,,,,,,,,,,,,,,,,,,,,,,,,,,,,,,,,,,,,,,,,,,35.63688097768332,35.63688097768332,35.63688097768332,36.10540907249899,36.10540907249899,36.10540907249899,36.10540907249899,36.10540907249899,36.10540907249899,36.40383001658376,36.40383001658376,36.40383001658376,36.40383001658376,36.40383001658376,36.40383001658376,36.992670198514176,36.992670198514176,37.27690557257972,,,,,,,,,,,,,,,,,,,,,,,,,,,,,,,,,,,,,,,,,,,,,,,,,,,,,,,,,,,,,,,,,,,,,,,,,,36.29046241317525,,"rgba(38, 166, 154, 1.0)",0.7928644329322443,35.84321202443833,0.3995487278828894,59.880341582493585,1.2152439360414533,True,False,True,False,True,0.0,0.0,0.0,0.0,0.0,0,0.8006700167504188,1.1275125628140703,False,False,False,False,-0.18068319604056898,-0.2061077448344859,False,False,False,False,-521.0,-164.5990042202795,False,False,False,False,17.1184208140988,False,False,False,False
2025-03-19 19:00:00+00:00,36.16,36.16,35.66,36.1,23.0,,,,,,,,,,,,,,,,,,,,,,,,,,,,,,,,,,,,,,,,,,,,,,,,,,,,,,,,,,,,,,,,,,,,,,,,,,35.644908367911476,35.644908367911476,35.644908367911476,36.1035889754344,36.1035889754344,36.1035889754344,36.1035889754344,36.1035889754344,36.1035889754344,36.39895966551895,36.39895966551895,36.39895966551895,36.39895966551895,36.39895966551895,36.39895966551895,36.98417572463767,36.98417572463767,37.26677646396396,,,,,,,,,,,,,,,,,,,,,,,,,,,,,,,,,,,,,,,,,,,,,,,,,,,,,,,,,,,,,,,,,,,,,,,,,,36.28806360348299,,"rgba(38, 166, 154, 1.0)",0.7599263537100308,35.856591044577186,0.32030597996038707,61.64431895747779,3.070194180578497,True,False,True,False,True,0.0,0.0,0.0,0.0,0.0,0,0.7930680885972108,1.1248974569319115,False,False,False,False,-0.20249384107173454,-0.2043007929531102,False,False,False,False,-544.0,-170.48119020136045,False,False,False,False,17.20960808829882,False,False,False,False
2025-03-20 14:00:00+00:00,36.1,36.57,36.1,36.57,1.0,,,,,,,,,,,,,,,,,,,,,,,,,,,,,,,,,,,,,,,,,,,,,,,,,,,,,,,,,,,,,,,,,,,,,,,,,36.413333333333334,35.64570466321243,35.64570466321243,35.64570466321243,36.103774451097806,36.103774451097806,36.103774451097806,36.103774451097806,36.103774451097806,36.103774451097806,36.39896673221896,36.39896673221896,36.39896673221896,36.39896673221896,36.39896673221896,36.39896673221896,36.98396897259446,36.98396897259446,37.26648823595631,,,,,,,,,,,,,,,,,,,,,,,,,,,,,,,,,,,,,,,,,,,,,,,,,,,,,,,,,,,,,,,,,,,,,,,,,,36.29480634757981,,"rgba(38, 166, 154, 1.0)",0.7273606922129734,35.859050333768415,0.9774375682421627,65.5297808472842,6.9682975089940555,True,False,True,False,True,2.780594040996167,0.0,0.0,0.0,0.0,0,0.814688128772636,1.106036217303823,False,False,False,False,-0.1379221635087203,-0.17111147823091527,False,False,False,False,-543.0,-176.25667562459515,False,False,False,False,16.95829633499186,False,False,False,False
2025-03-20 15:00:00+00:00,36.57,36.57,36.175,36.25,3.0,,,,,,,,,,,,,,,,,,,,,,,,,,,,,,,,,,,,,,,,,,,,,,,,,,,,,,,,,,,,,,,,,,,,,,,,36.33166666666667,36.35208333333333,35.6478305785124,35.6478305785124,35.6478305785124,36.104183104204026,36.104183104204026,36.104183104204026,36.104183104204026,36.104183104204026,36.104183104204026,36.39886761577485,36.39886761577485,36.39886761577485,36.39886761577485,36.39886761577485,36.39886761577485,36.98326097443317,36.98326097443317,37.26554206027889,,,,,,,,,,,,,,,,,,,,,,,,,,,,,,,,,,,,,,,,,,,,,,,,,,,,,,,,,,,,,,,,,,,,,,,,,,36.29388050322778,,"rgba(38, 166, 154, 1.0)",0.6901778527803014,35.86808450987908,0.5533580780409212,64.41460143518258,6.9682975089940555,True,False,True,False,True,0.0,0.0,0.0,0.0,0.0,0,0.8205585264408793,1.1043771043771042,False,False,False,False,-0.13228670574083196,-0.1516990919858736,False,False,False,False,-546.0,-181.98913026607428,False,False,False,False,16.741888639875707,False,False,False,False
2025-03-20 16:00:00+00:00,36.25,36.25,36.25,36.25,0.0,,,,,,,,,,,,,,,,,,,,,,,,,,,,,,,,,,,,,,,,,,,,,,,,,,,,,,,,,,,,,,,,,,,,,,,,36.33166666666667,36.35208333333333,35.6478305785124,35.6478305785124,35.6478305785124,36.104183104204026,36.104183104204026,36.104183104204026,36.104183104204026,36.104183104204026,36.104183104204026,36.39886761577485,36.39886761577485,36.39886761577485,36.39886761577485,36.39886761577485,36.39886761577485,36.98326097443317,36.98326097443317,37.26554206027889,,,,,,,,,,,,,,,,,,,,,,,,,,,,,,,,,,,,,,,,,,,,,,,,,,,,,,,,,,,,,,,,,,,,,,,,,,36.29388050322778,,"rgba(38, 166, 154, 1.0)",0.6825701495150281,35.86808450987908,0.5595256258895465,63.67114849378149,6.9682975089940555,True,False,True,False,True,0.0,0.0,0.0,0.0,0.0,0,0.8196721311475411,1.1196114146933818,False,False,False,False,-0.15072874221733198,-0.1512139171016028,False,False,False,False,-546.0,-187.63270964179407,False,False,False,False,16.482324474916393,False,False,False,False
2025-03-20 17:00:00+00:00,36.25,36.565,36.085,36.12,102.0,,,,,,,,,,,,,,,,,,,,,,,,,,,,,,,,,,,,,,,,,,,,,,,,,,,,,,,,,,,,,,,,,,,,,,,,36.258809523809525,36.26026729559749,35.70586915887851,35.70586915887851,35.70586915887851,36.11294553990611,36.11294553990611,36.11294553990611,36.11294553990611,36.11294553990611,36.11294553990611,36.392086644849634,36.392086644849634,36.392086644849634,36.392086644849634,36.392086644849634,36.392086644849634,36.957401721330534,36.957401721330534,37.231978691019776,,,,,,,,,,,,,,,,,,,,,,,,,,,,,,,,,,,,,,,,,,,,,,,,,,,,,,,,,,,,,,,,,,,,,,,,,,36.29068297691289,,"rgba(38, 166, 154, 0.75)",0.6781070831485061,35.93599426255569,0.2713520357138221,61.676148932266344,6.9682975089940555,True,False,True,False,False,0.0,0.0,0.0,0.0,0.0,0,0.816557474687314,1.1048243001786777,False,False,False,False,-0.13942640910003662,-0.14532016310081972,False,False,False,False,-648.0,-194.7701870116887,False,False,False,False,17.808179909413813,False,False,False,False
2025-03-20 18:00:00+00:00,36.12,36.12,36.12,36.12,0.0,,,,,,,,,,,,,,,,,,,,,,,,,,,,,,,,,,,,,,,,,,,,,,,,,,,,,,,,,,,,,,,,,,,,,,,,36.258809523809525,36.26026729559749,35.70586915887851,35.70586915887851,35.70586915887851,36.11294553990611,36.11294553990611,36.11294553990611,36.11294553990611,36.11294553990611,36.11294553990611,36.392086644849634,36.392086644849634,36.392086644849634,36.392086644849634,36.392086644849634,36.392086644849634,36.957401721330534,36.957401721330534,37.231978691019776,,,,,,,,,,,,,,,,,,,,,,,,,,,,,,,,,,,,,,,,,,,,,,,,,,,,,,,,,,,,,,,,,,,,,,,,,,36.29068297691289,,"rgba(38, 166, 154, 0.75)",0.6735335287974705,35.93599426255569,0.27319462146574014,60.34614922458958,6.9682975089940555,True,False,True,False,False,0.0,0.0,0.0,0.0,0.0,0,0.8179471907881676,1.1224935477466746,False,False,False,False,-0.17041211195848197,-0.15786613752965084,False,False,False,False,-648.0,-201.79700581770902,False,False,False,False,17.53208409686476,False,False,False,False
2025-03-20 19:00:00+00:00,36.12,36.12,35.79,35.79,1.0,,,,,,,,,,,,,,,,,,,,,,,,,,,,,,,,,,,,,,,,,,,,,,,,,,,,,,,,,,,,,,,,,,,,,,,,36.25542452830189,36.256900311526486,35.70605042016807,35.70605042016807,35.70605042016807,36.11282563813814,36.11282563813814,36.11282563813814,36.11282563813814,36.11282563813814,36.11282563813814,36.39185669781933,36.39185669781933,36.39185669781933,36.39185669781933,36.39185669781933,36.39185669781933,36.95703290315078,36.95703290315078,37.2315443973481,,,,,,,,,,,,,,,,,,,,,,,,,,,,,,,,,,,,,,,,,,,,,,,,,,,,,,,,,,,,,,,,,,,,,,,,,,36.29020901598635,,"rgba(38, 166, 154, 0.75)",0.6660139259426248,35.93565128876355,-0.2186910559826643,55.833509071092074,12.855545195646421,True,False,True,False,False,0.0,0.0,0.0,0.0,0.0,0,0.8073682147756223,1.1209092690574172,False,False,False,False,-0.19558666300506272,-0.17672640026735678,False,False,False,False,-649.0,-208.7303855724732,False,False,False,False,17.27577271551802,False,False,False,False
2025-03-21 14:00:00+00:00,35.79,35.79,35.79,35.79,0.0,,,,,,,,,,,,,,,,,,,,,,,,,,,,,,,,,,,,,,,,,,,,,,,,,,,,,,,,,,,,,,,,,,,,,,,,36.25542452830189,36.256900311526486,35.70605042016807,35.70605042016807,35.70605042016807,36.11282563813814,36.11282563813814,36.11282563813814,36.11282563813814,36.11282563813814,36.11282563813814,36.39185669781933,36.39185669781933,36.39185669781933,36.39185669781933,36.39185669781933,36.39185669781933,36.95703290315078,36.95703290315078,37.2315443973481,,,,,,,,,,,,,,,,,,,,,,,,,,,,,,,,,,,,,,,,,,,,,,,,,,,,,,,,,,,,,,,,,,,,,,,,,,36.29020901598635,,#000000,0.658100891796799,35.93565128876355,-0.22132060688427874,52.82508230209373,9.805040277033612,True,False,False,False,False,0.0,0.0,0.0,0.0,0.0,0,0.8073682147756223,1.1338428375465412,False,False,False,False,-0.22100846674110358,-0.1988674335042302,False,False,False,False,-649.0,-215.55627106747363,False,False,False,False,17.007931278068128,False,False,False,False
2025-03-21 15:00:00+00:00,35.79,35.79,35.79,35.79,0.0,,,,,,,,,,,,,,,,,,,,,,,,,,,,,,,,,,,,,,,,,,,,,,,,,,,,,,,,,,,,,,,,,,,,,,,,36.25542452830189,36.256900311526486,35.70605042016807,35.70605042016807,35.70605042016807,36.11282563813814,36.11282563813814,36.11282563813814,36.11282563813814,36.11282563813814,36.11282563813814,36.39185669781933,36.39185669781933,36.39185669781933,36.39185669781933,36.39185669781933,36.39185669781933,36.95703290315078,36.95703290315078,37.2315443973481,,,,,,,,,,,,,,,,,,,,,,,,,,,,,,,,,,,,,,,,,,,,,,,,,,,,,,,,,,,,,,,,,,,,,,,,,,36.29020901598635,,#000000,0.6497800528771834,35.93565128876355,-0.22415475531853932,50.81946445609484,7.693855880883753,True,False,False,False,False,0.0,0.0,0.0,0.0,0.0,0,0.8073682147756223,1.1338428375465412,False,False,False,False,-0.20585623177904497,-0.2023618326416376,False,False,False,False,-649.0,-222.27632888038102,False,False,False,False,16.744242421043815,False,False,False,False
2025-03-21 16:00:00+00:00,35.79,35.79,35.79,35.79,0.0,,,,,,,,,,,,,,,,,,,,,,,,,,,,,,,,,,,,,,,,,,,,,,,,,,,,,,,,,,,,,,,,,,,,,,,,36.25542452830189,36.256900311526486,35.70605042016807,35.70605042016807,35.70605042016807,36.11282563813814,36.11282563813814,36.11282563813814,36.11282563813814,36.11282563813814,36.11282563813814,36.39185669781933,36.39185669781933,36.39185669781933,36.39185669781933,36.39185669781933,36.39185669781933,36.95703290315078,36.95703290315078,37.2315443973481,,,,,,,,,,,,,,,,,,,,,,,,,,,,,,,,,,,,,,,,,,,,,,,,,,,,,,,,,,,,,,,,,,,,,,,,,,36.29020901598635,,#000000,0.6248848758836031,35.93565128876355,-0.23308499594841045,49.48238589209558,6.147946924196241,False,False,False,False,False,0.0,0.0,0.0,0.0,0.0,0,0.7997147514262429,1.139160554197229,False,False,False,False,-0.20585623177904497,-0.20410903221034127,False,False,False,False,-649.0,-228.89219975045262,False,False,False,False,16.484641763353213,False,False,False,False
2025-03-21 17:00:00+00:00,35.79,35.84,35.79,35.84,100.0,,,,,,,,,,,,,,,,,,,,,,,,,,,,,,,,,,,,,,,,,,,,,,,,,,,,,,,,,,,,,,,,,,,,,,,,36.0456715210356,36.04744766505636,35.716066040421296,35.716066040421296,35.716066040421296,36.09739427860697,36.09739427860697,36.09739427860697,36.09739427860697,36.09739427860697,36.09739427860697,36.3664761904762,36.3664761904762,36.3664761904762,36.3664761904762,36.3664761904762,36.3664761904762,36.91882260420176,36.91882260420176,37.18707925481527,,,,,,,,,,,,,,,,,,,,,,,,,,,,,,,,,,,,,,,,,,,,,,,,,,,,,,,,,,,,,,,,,,,,,,,,,,36.25246322925368,,#000000,0.5980328337727184,35.90599898001288,-0.11036012788214439,49.366942236411035,5.643773741475648,False,False,False,False,False,0.0,0.0,0.0,0.0,0.0,0,0.8001220008133388,1.1368442456283039,False,False,False,False,-0.20151702702942828,-0.2028130296198848,False,False,False,False,-549.0,-233.85511138222853,False,False,False,False,17.77945351896014,False,False,False,False
2025-03-21 18:00:00+00:00,35.84,35.84,35.84,35.84,0.0,,,,,,,,,,,,,,,,,,,,,,,,,,,,,,,,,,,,,,,,,,,,,,,,,,,,,,,,,,,,,,,,,,,,,,,,36.0456715210356,36.04744766505636,35.716066040421296,35.716066040421296,35.716066040421296,36.09739427860697,36.09739427860697,36.09739427860697,36.09739427860697,36.09739427860697,36.09739427860697,36.3664761904762,36.3664761904762,36.3664761904762,36.3664761904762,36.3664761904762,36.3664761904762,36.91882260420176,36.91882260420176,37.18707925481527,,,,,,,,,,,,,,,,,,,,,,,,,,,,,,,,,,,,,,,,,,,,,,,,,,,,,,,,,,,,,,,,,,,,,,,,,,36.25246322925368,,#000000,0.5690867268726799,35.90599898001288,-0.11597350086789876,49.289979799288005,5.074647390559264,False,False,False,False,False,0.0,0.0,0.0,0.0,0.0,0,0.8021553477023182,1.1368442456283039,False,False,False,False,-0.19718529695453924,-0.199999163287212,False,False,False,False,-549.0,-238.74107864762033,False,False,False,False,17.503803076805717,False,False,False,False
2025-03-21 19:00:00+00:00,35.84,35.84,35.84,35.84,0.0,,,,,,,,,,,,,,,,,,,,,,,,,,,,,,,,,,,,,,,,,,,,,,,,,,,,,,,,,,,,,,,,,,,,,,,,36.0456715210356,36.04744766505636,35.716066040421296,35.716066040421296,35.716066040421296,36.09739427860697,36.09739427860697,36.09739427860697,36.09739427860697,36.09739427860697,36.09739427860697,36.3664761904762,36.3664761904762,36.3664761904762,36.3664761904762,36.3664761904762,36.3664761904762,36.91882260420176,36.91882260420176,37.18707925481527,,,,,,,,,,,,,,,,,,,,,,,,,,,,,,,,,,,,,,,,,,,,,,,,,,,,,,,,,,,,,,,,,,,,,,,,,,36.25246322925368,,#000000,0.5656704783617822,35.90599898001288,-0.11667389856372859,49.23867150787265,4.482098319806852,False,False,False,False,False,0.0,0.0,0.0,0.0,0.0,0,0.8021553477023182,1.1368442456283039,False,False,False,False,-0.19718529695453924,-0.19859223012087562,False,False,False,False,-549.0,-243.55129448254092,False,False,False,False,17.232426284917256,False,False,False,False
2025-03-24 14:00:00+00:00,35.84,35.84,35.84,35.84,0.0,,,,,,,,,,,,,,,,,,,,,,,,,,,,,,,,,,,,,,,,,,,,,,,,,,,,,,,,,,,,,,,,,,,,,,,,36.0456715210356,36.04744766505636,35.716066040421296,35.716066040421296,35.716066040421296,36.09739427860697,36.09739427860697,36.09739427860697,36.09739427860697,36.09739427860697,36.09739427860697,36.3664761904762,36.3664761904762,36.3664761904762,36.3664761904762,36.3664761904762,36.3664761904762,36.91882260420176,36.91882260420176,37.18707925481527,,,,,,,,,,,,,,,,,,,,,,,,,,,,,,,,,,,,,,,,,,,,,,,,,,,,,,,,,,,,,,,,,,,,,,,,,,36.25246322925368,,#000000,0.562132963335567,35.90599898001288,-0.11740812995782302,49.20446598026241,3.895182173704548,False,False,False,False,False,0.0,0.0,0.0,0.0,0.0,0,0.8021553477023182,1.1368442456283039,False,False,False,False,-0.19718529695453924,-0.19788876353770743,False,False,False,False,-549.0,-248.28693332777283,False,False,False,False,16.965256885151096,False,False,False,False
2025-03-24 15:00:00+00:00,35.84,35.84,35.75,35.75,1.0,,,,,,,,,,,,,,,,,,,,,,,,,,,,,,,,,,,,,,,,,,,,,,,,,,,,,,,,,,,,,,,,,,,,,,,,36.04438808373591,36.04616185897436,35.716120591581344,35.716120591581344,35.716120591581344,36.09722518202806,36.09722518202806,36.09722518202806,36.09722518202806,36.09722518202806,36.09722518202806,36.36621448757996,36.36621448757996,36.36621448757996,36.36621448757996,36.36621448757996,36.36621448757996,36.91843890386342,36.91843890386342,37.18663510101009,,,,,,,,,,,,,,,,,,,,,,,,,,,,,,,,,,,,,,,,,,,,,,,,,,,,,,,,,,,,,,,,,,,,,,,,,,36.252153132191964,,"rgba(239, 83, 80, 1.0)",0.5585798837108654,35.905755741416634,-0.2788423750276996,47.346560700926275,1.6817039787294163,False,True,False,True,False,0.0,0.0,0.0,0.0,0.0,0,0.799230145867099,1.136345218800648,False,False,False,False,-0.20498778408734944,-0.20143827381252843,False,False,False,False,-550.0,-252.96465529168333,False,False,False,False,16.717733522590613,False,False,False,False
2025-03-24 16:00:00+00:00,35.75,35.75,35.685,35.685,2.0,,,,,,,,,,,,,,,,,,,,,,,,,,,,,,,,,,,,,,,,,,,,,,,,,,,,,,,,,,,,,,,,,,,,,,,,36.04115629984051,36.04292857142857,35.716104486087445,35.716104486087445,35.716104486087445,36.096809473124004,36.096809473124004,36.096809473124004,36.096809473124004,36.096809473124004,36.096809473124004,36.36562639322337,36.36562639322337,36.36562639322337,36.36562639322337,36.36562639322337,36.36562639322337,36.91762289562288,36.91762289562288,37.185701366982116,,,,,,,,,,,,,,,,,,,,,,,,,,,,,,,,,,,,,,,,,,,,,,,,,,,,,,,,,,,,,,,,,,,,,,,,,,36.25139803429218,,"rgba(239, 83, 80, 1.0)",0.5583508374289547,35.8855267481728,-0.35914112549050065,44.894463487597655,-0.926155910387422,False,True,False,True,False,0.0,0.0,0.0,0.0,0.0,0,0.7971307334815116,1.1396241664982825,False,False,False,False,-0.2184838948969859,-0.20996108435475716,False,False,False,False,-552.0,-257.6008621863859,False,False,False,False,16.48955160751169,False,False,False,False
2025-03-24 17:00:00+00:00,35.685,35.685,35.685,35.685,0.0,,,,,,,,,,,,,,,,,,,,,,,,,,,,,,,,,,,,,,,,,,,,,,,,,,,,,,,,,,,,,,,,,,,,,,,,36.04115629984051,36.04292857142857,35.716104486087445,35.716104486087445,35.716104486087445,36.096809473124004,36.096809473124004,36.096809473124004,36.096809473124004,36.096809473124004,36.096809473124004,36.36562639322337,36.36562639322337,36.36562639322337,36.36562639322337,36.36562639322337,36.36562639322337,36.91762289562288,36.91762289562288,37.185701366982116,,,,,,,,,,,,,,,,,,,,,,,,,,,,,,,,,,,,,,,,,,,,,,,,,,,,,,,,,,,,,,,,,,,,,,,,,,36.25139803429218,,"rgba(239, 83, 80, 1.0)",0.5538586023086658,35.8855267481728,-0.3620540465327009,43.25973201204524,-2.6642775749696526,False,True,False,True,False,0.0,0.0,0.0,0.0,0.0,0,0.7971307334815116,1.1422509597898562,False,False,False,False,-0.2241666825729554,-0.2170638834638563,False,False,False,False,-552.0,-262.1651899044264,False,False,False,False,16.23389964460453,False,False,False,False
2025-03-24 18:00:00+00:00,35.685,35.685,35.685,35.685,0.0,,,,,,,,,,,,,,,,,,,,,,,,,,,,,,,,,,,,,,,,,,,,,,,,,,,,,,,,,,,,,,,,,,,,,,,,36.04115629984051,36.04292857142857,35.716104486087445,35.716104486087445,35.716104486087445,36.096809473124004,36.096809473124004,36.096809473124004,36.096809473124004,36.096809473124004,36.096809473124004,36.36562639322337,36.36562639322337,36.36562639322337,36.36562639322337,36.36562639322337,36.36562639322337,36.91762289562288,36.91762289562288,37.185701366982116,,,,,,,,,,,,,,,,,,,,,,,,,,,,,,,,,,,,,,,,,,,,,,,,,,,,,,,,,,,,,,,,,,,,,,,,,,36.25139803429218,,"rgba(239, 83, 80, 1.0)",0.5491325920063032,35.8855267481728,-0.3651699991802647,42.16991102834363,-3.8743257977995924,False,True,False,True,False,0.0,0.0,0.0,0.0,0.0,0,0.7971307334815116,1.1422509597898562,False,False,False,False,-0.2241666825729554,-0.22061528301840586,False,False,False,False,-552.0,-266.6587528516446,False,False,False,False,15.982211278021515,False,False,False,False
2025-03-24 19:00:00+00:00,35.685,36.195,35.685,36.195,19.0,,,,,,,,,,,,,,,,,,,,,,,,,,,,,,,,,,,,,,,,,,,,,,,,,,,,,,,,,,,,,,,,,,,,,,,,36.03980994152047,36.04144104803493,35.72102402905839,35.72102402905839,35.72102402905839,36.09609062170706,36.09609062170706,36.09609062170706,36.09609062170706,36.09609062170706,36.09609062170706,36.3627652519894,36.3627652519894,36.3627652519894,36.3627652519894,36.3627652519894,36.3627652519894,36.9119488123118,36.9119488123118,37.1787859308038,,,,,,,,,,,,,,,,,,,,,,,,,,,,,,,,,,,,,,,,,,,,,,,,,,,,,,,,,,,,,,,,,,,,,,,,,,36.25000709371684,,"rgba(38, 166, 154, 0.5)",0.545791325664973,35.8923157852986,0.5545786465781972,51.09370419867159,-3.5192623322215937,False,False,True,False,True,0.4438171076872379,0.0,0.0,0.0,0.0,0,0.7974989915288424,1.1401774909237596,False,False,False,False,-0.17992951974539179,-0.20027240138189883,False,False,False,False,-533.0,-270.7880745128594,False,False,False,False,16.028998700067692,False,False,False,False
2025-03-25 14:00:00+00:00,35.84,35.9,35.84,35.9,2.0,,,,,,,,,,,,,,,,,,,,,,,,,,,,,,,,,,,,,,,,,,,,,,,,,,,,,,,,,,,,,,,,,,,,,,,,36.03842028985507,36.04004329004329,35.72129009762901,35.72129009762901,35.72129009762901,36.09586315789473,36.09586315789473,36.09586315789473,36.09586315789473,36.09586315789473,36.09586315789473,36.36233878091874,36.36233878091874,36.36233878091874,36.36233878091874,36.36233878091874,36.36233878091874,36.91125877632897,36.91125877632897,37.17797190013579,,,,,,,,,,,,,,,,,,,,,,,,,,,,,,,,,,,,,,,,,,,,,,,,,,,,,,,,,,,,,,,,,,,,,,,,,,36.249601747922995,,"rgba(38, 166, 154, 0.5)",0.5406536167762968,35.889648328794905,0.019146586435167482,51.5521807056503,-3.342724963208319,False,False,True,False,True,0.0,0.0,0.0,0.0,0.0,0,0.7762974746470471,1.1381984489958243,False,False,False,False,-0.18842363356312886,-0.19434801747251385,False,False,False,False,-535.0,-274.88438343514065,False,False,False,False,15.811494844252689,False,False,False,False
2025-03-25 15:00:00+00:00,35.9,35.9,35.9,35.9,0.0,,,,,,,,,,,,,,,,,,,,,,,,,,,,,,,,,,,,,,,,,,,,,,,,,,,,,,,,,,,,,,,,,,,,,,,,36.03842028985507,36.04004329004329,35.72129009762901,35.72129009762901,35.72129009762901,36.09586315789473,36.09586315789473,36.09586315789473,36.09586315789473,36.09586315789473,36.09586315789473,36.36233878091874,36.36233878091874,36.36233878091874,36.36233878091874,36.36233878091874,36.36233878091874,36.91125877632897,36.91125877632897,37.17797190013579,,,,,,,,,,,,,,,,,,,,,,,,,,,,,,,,,,,,,,,,,,,,,,,,,,,,,,,,,,,,,,,,,,,,,,,,,,36.249601747922995,,"rgba(38, 166, 154, 0.5)",0.5353610804741449,35.889648328794905,0.019335868038680138,51.857831710302776,-3.052283880564623,False,False,True,False,True,0.0,0.0,0.0,0.0,0.0,0,0.7846123021438589,1.1392506511721099,False,False,False,False,-0.1817197832911551,-0.18803390038183448,False,False,False,False,-535.0,-278.91718369196013,False,False,False,False,15.566355389303034,False,False,False,False
2025-03-25 16:00:00+00:00,35.9,35.9,35.9,35.9,0.0,,,,,,,,,,,,,,,,,,,,,,,,,,,,,,,,,,,,,,,,,,,,,,,,,,,,,,,,,,,,,,,,,,,,,,,,36.03842028985507,36.04004329004329,35.72129009762901,35.72129009762901,35.72129009762901,36.09586315789473,36.09586315789473,36.09586315789473,36.09586315789473,36.09586315789473,36.09586315789473,36.36233878091874,36.36233878091874,36.36233878091874,36.36233878091874,36.36233878091874,36.36233878091874,36.91125877632897,36.91125877632897,37.17797190013579,,,,,,,,,,,,,,,,,,,,,,,,,,,,,,,,,,,,,,,,,,,,,,,,,,,,,,,,,,,,,,,,,,,,,,,,,,36.249601747922995,,"rgba(38, 166, 154, 0.5)",0.5276757381997415,35.889648328794905,0.019617485617985448,52.061599046737754,-2.6822230042240705,False,False,True,False,True,0.0,0.0,0.0,0.0,0.0,0,0.7846123021438589,1.1316369465037066,False,False,False,False,-0.1817197832911551,-0.18487684183649478,False,False,False,False,-535.0,-282.88745991379017,False,False,False,False,15.325016546058025,False,False,False,False
2025-03-25 17:00:00+00:00,35.9,35.9,35.9,35.9,0.0,,,,,,,,,,,,,,,,,,,,,,,,,,,,,,,,,,,,,,,,,,,,,,,,,,,,,,,,,,,,,,,,,,,,,,,,36.03842028985507,36.04004329004329,35.72129009762901,35.72129009762901,35.72129009762901,36.09586315789473,36.09586315789473,36.09586315789473,36.09586315789473,36.09586315789473,36.09586315789473,36.36233878091874,36.36233878091874,36.36233878091874,36.36233878091874,36.36233878091874,36.36233878091874,36.91125877632897,36.91125877632897,37.17797190013579,,,,,,,,,,,,,,,,,,,,,,,,,,,,,,,,,,,,,,,,,,,,,,,,,,,,,,,,,,,,,,,,,,,,,,,,,,36.249601747922995,,"rgba(38, 166, 154, 0.5)",0.5085565777696226,35.889648328794905,0.020355004059710767,52.1974439376944,-2.2637818547850443,False,False,True,False,True,0.0,0.0,0.0,0.0,0.0,0,0.7846123021438589,1.1316369465037066,False,False,False,False,-0.1817197832911551,-0.18329831256382495,False,False,False,False,-535.0,-286.79618146551434,False,False,False,False,15.087419390305188,False,False,False,False
2025-03-25 18:00:00+00:00,35.9,36.19,35.9,36.19,2.0,,,,,,,,,,,,,,,,,,,,,,,,,,,,,,,,,,,,,,,,,,,,,,,,,,,,,,,,,,,,,,,,,,,,,,,,36.03889367816092,36.04050071530758,35.72191172375383,35.72191172375383,35.72191172375383,36.095860497721695,36.095860497721695,36.095860497721695,36.095860497721695,36.095860497721695,36.095860497721695,36.36210135333923,36.36210135333923,36.36210135333923,36.36210135333923,36.36210135333923,36.36210135333923,36.91071221739613,36.91071221739613,37.17729251487628,,,,,,,,,,,,,,,,,,,,,,,,,,,,,,,,,,,,,,,,,,,,,,,,,,,,,,,,,,,,,,,,,,,,,,,,,,36.249580881038206,,"rgba(38, 166, 154, 1.0)",0.49049766049891863,35.89167303178132,0.6082128259597115,56.61932022433716,2.0752174403213317,True,False,True,False,True,0.5962258119719515,0.0,0.0,0.0,0.0,0,0.787086551792434,1.1186373539314716,False,False,False,False,-0.15602892190072984,-0.1696636172322774,False,False,False,False,-533.0,-290.6132949311653,False,False,False,False,14.884513663323713,False,False,False,False
2025-03-25 19:00:00+00:00,36.19,36.895,35.96,36.75,155.0,,,,,,,,,,,,,,,,,,,,,,,,,,,,,,,,,,,,,,,,,,,,,,,,,,,,,,,,,,,,,,,,,,,,,,,,36.23759259259259,36.23804553264605,35.81512820512821,35.81512820512821,35.81512820512821,36.12895073731972,36.12895073731972,36.12895073731972,36.12895073731972,36.12895073731972,36.12895073731972,36.37317086603333,36.37317086603333,36.37317086603333,36.37317086603333,36.37317086603333,36.37317086603333,36.892213045319764,36.892213045319764,37.147556750298676,,,,,,,,,,,,,,,,,,,,,,,,,,,,,,,,,,,,,,,,,,,,,,,,,,,,,,,,,,,,,,,,,,,,,,,,,,36.29328676008399,,"rgba(38, 166, 154, 1.0)",0.48278343679832714,36.08477181387883,1.3779018404872379,63.85678181144118,8.717655705492305,True,False,True,False,True,6.086593726367514,0.0,0.0,0.0,0.0,0,0.8204876130554464,1.0900511207235546,False,False,False,False,-0.08913946398528957,-0.1294015406087835,False,False,False,False,-378.0,-291.9681275678914,False,False,False,False,17.056846784822568,False,False,False,False
2025-03-26 14:00:00+00:00,36.75,36.75,36.75,36.75,0.0,,,,,,,,,,,,,,,,,,,,,,,,,,,,,,,,,,,,,,,,,,,,,,,,,,,,,,,,,,,,,,,,,,,,,,,,36.23759259259259,36.23804553264605,35.81512820512821,35.81512820512821,35.81512820512821,36.12895073731972,36.12895073731972,36.12895073731972,36.12895073731972,36.12895073731972,36.12895073731972,36.37317086603333,36.37317086603333,36.37317086603333,36.37317086603333,36.37317086603333,36.37317086603333,36.892213045319764,36.892213045319764,37.147556750298676,,,,,,,,,,,,,,,,,,,,,,,,,,,,,,,,,,,,,,,,,,,,,,,,,,,,,,,,,,,,,,,,,,,,,,,,,,36.29328676008399,,"rgba(38, 166, 154, 1.0)",0.4749202208962825,36.08477181387883,1.4007156504427885,68.68175620284387,12.884882775955532,True,False,True,False,True,6.086593726367536,0.0,0.0,0.0,0.0,0,0.838430583501006,1.1008048289738428,False,False,False,False,-0.03337834709958891,-0.08138994385418621,False,False,False,False,-378.0,-293.30195504745893,False,False,False,False,16.792399547848575,False,False,False,False
2025-03-26 15:00:00+00:00,36.75,36.75,36.75,36.75,0.0,,,,,,,,,,,,,,,,,,,,,,,,,,,,,,,,,,,,,,,,,,,,,,,,,,,,,,,,,,,,,,,,,,,,,,,,36.23759259259259,36.23804553264605,35.81512820512821,35.81512820512821,35.81512820512821,36.12895073731972,36.12895073731972,36.12895073731972,36.12895073731972,36.12895073731972,36.12895073731972,36.37317086603333,36.37317086603333,36.37317086603333,36.37317086603333,36.37317086603333,36.37317086603333,36.892213045319764,36.892213045319764,37.147556750298676,,,,,,,,,,,,,,,,,,,,,,,,,,,,,,,,,,,,,,,,,,,,,,,,,,,,,,,,,,,,,,,,,,,,,,,,,,36.29328676008399,,"rgba(38, 166, 154, 1.0)",0.4669004851818218,36.08477181387883,1.4247751014054182,71.89840579711233,15.590784062471414,True,False,True,False,True,6.086593726367514,0.0,0.0,0.0,0.0,0,0.8626910016977929,1.103353140916808,False,False,False,False,-0.03337834709958891,-0.05738414547688756,False,False,False,False,-378.0,-294.61510303121923,False,False,False,False,16.532052268036967,False,False,False,False
2025-03-26 16:00:00+00:00,36.75,36.75,36.325,36.325,1.0,,,,,,,,,,,,,,,,,,,,,,,,,,,,,,,,,,,,,,,,,,,,,,,,,,,,,,,,,,,,,,,,,,,,,,,,36.23818298969072,36.238633247643534,35.815609756097565,35.815609756097565,35.815609756097565,36.12911483641075,36.12911483641075,36.12911483641075,36.12911483641075,36.12911483641075,36.12911483641075,36.37320946875861,36.37320946875861,36.37320946875861,36.37320946875861,36.37320946875861,36.37320946875861,36.89207790833067,36.89207790833067,37.14735343883745,,,,,,,,,,,,,,,,,,,,,,,,,,,,,,,,,,,,,,,,,,,,,,,,,,,,,,,,,,,,,,,,,,,,,,,,,,36.293455029607095,,"rgba(38, 166, 154, 0.75)",0.4602049288920471,36.08519848827644,0.5210754963031146,66.54769335527311,15.590784062471414,True,False,True,False,False,1.5327662926025738,0.0,0.0,0.0,0.0,0,0.8398950131233597,1.0993000874890637,False,False,False,False,-0.07007534591264719,-0.06372974569476737,False,False,False,False,-379.0,-295.92339600747937,False,False,False,False,16.291245256129418,False,False,False,False
2025-03-26 17:00:00+00:00,36.325,36.575,36.325,36.52,2.0,,,,,,,,,,,,,,,,,,,,,,,,,,,,,,,,,,,,,,,,,,,,,,,,,,,,,,,,,,,,,,,,,,,,,,,,36.23938888888889,36.239833759590795,35.81658056580566,35.81658056580566,35.81658056580566,36.129449029126214,36.129449029126214,36.129449029126214,36.129449029126214,36.129449029126214,36.129449029126214,36.37329207920793,36.37329207920793,36.37329207920793,36.37329207920793,36.37329207920793,36.37329207920793,36.891812123135495,36.891812123135495,37.14695115885804,,,,,,,,,,,,,,,,,,,,,,,,,,,,,,,,,,,,,,,,,,,,,,,,,,,,,,,,,,,,,,,,,,,,,,,,,,36.29379932005153,,"rgba(38, 166, 154, 0.75)",0.4572725644494275,36.08607658984149,0.9489382129911352,64.87988726791386,22.077417208720945,True,False,True,False,False,3.414981420792575,0.0,0.0,0.0,0.0,0,0.791083916083916,1.116695804195804,False,False,False,False,-0.08523517469736244,-0.07448246019606491,False,False,False,False,-377.0,-297.1803976197665,False,False,False,False,16.06967556223594,False,False,False,False
2025-03-26 18:00:00+00:00,36.52,37.65,36.52,37.1,6.0,,,,,,,,,,,,,,,,,,,,,,,,,,,,,,,,,,,,,,,,,,,,,,,,,,,,,,,,,,,,,,,,,,,,,,,,36.25227693602694,36.25268261964736,35.82219446485428,35.82219446485428,35.82219446485428,36.132238625363016,36.132238625363016,36.132238625363016,36.132238625363016,36.132238625363016,36.132238625363016,36.37506172839507,36.37506172839507,36.37506172839507,36.37506172839507,36.37506172839507,36.37506172839507,36.89218878682291,36.89218878682291,37.1468493694767,,,,,,,,,,,,,,,,,,,,,,,,,,,,,,,,,,,,,,,,,,,,,,,,,,,,,,,,,,,,,,,,,,,,,,,,,,36.29732860079541,,"rgba(38, 166, 154, 0.75)",0.47221662459140307,36.096409444522756,2.1252757806771982,67.63393919310134,22.077417208720945,True,False,True,False,False,8.579667442448358,0.0,0.0,0.0,0.0,0,0.7994585589337776,1.0664306538942108,False,False,False,False,0.024329643341801304,-0.025076408427131804,False,False,False,False,-371.0,-298.32488757914996,False,False,False,False,15.913556561271042,False,False,False,False
2025-03-26 19:00:00+00:00,37.1,37.1,37.08,37.08,110.0,,,,,,,,,,,,,,,,,,,,,,,,,,,,,,,,,,,,,,,,,,,,,,,,,,,,,,,,,,,,,,,,,,,,,,,,36.43366600790514,36.433625904010526,35.91675050985724,35.91675050985724,35.91675050985724,36.18048636642157,36.18048636642157,36.18048636642157,36.18048636642157,36.18048636642157,36.18048636642157,36.40587926509187,36.40587926509187,36.40587926509187,36.40587926509187,36.40587926509187,36.40587926509187,36.898736863585334,36.898736863585334,37.144939909624064,,,,,,,,,,,,,,,,,,,,,,,,,,,,,,,,,,,,,,,,,,,,,,,,,,,,,,,,,,,,,,,,,,,,,,,,,,36.353907543368145,,"rgba(38, 166, 154, 1.0)",0.4858854645743604,36.239167208761195,1.7305164540688196,69.18803021886484,22.077417208720945,True,False,True,False,True,8.368027694316638,0.0,0.0,0.0,0.0,0,0.8229296712442778,1.0892634207240948,False,False,False,False,0.025191228127843565,5.740985035588078e-05,False,False,False,False,-481.0,-301.15705986474455,False,False,False,False,17.3722611107087,False,False,False,False
2025-03-27 14:00:00+00:00,37.08,37.8,37.08,37.8,2.0,,,,,,,,,,,,,,,,,,,,,,,,,,,,,,,,,,,,,,,,,,,,,,,,,,,,,,,,,,,,,,,,,,,,,,,,36.438100393700786,36.43805173542895,35.9189816700611,35.9189816700611,35.9189816700611,36.18175313743495,36.18175313743495,36.18175313743495,36.18175313743495,36.18175313743495,36.18175313743495,36.40678730658275,36.40678730658275,36.40678730658275,36.40678730658275,36.40678730658275,36.40678730658275,36.89914142959109,36.89914142959109,37.14517920630344,,,,,,,,,,,,,,,,,,,,,,,,,,,,,,,,,,,,,,,,,,,,,,,,,,,,,,,,,,,,,,,,,,,,,,,,,,36.35539009344524,,"rgba(38, 166, 154, 1.0)",0.5390319150155789,36.24265969451436,2.8891430397783195,73.16959371337856,15.753401233437458,True,False,True,False,True,14.038612685947637,0.0,0.0,0.0,0.0,0,0.828080808080808,1.0583838383838384,False,False,False,False,0.2086356258355608,0.10434651784295834,False,False,False,False,-479.0,-303.9143147505625,False,False,False,False,17.13393148108531,False,False,False,False
2025-03-27 15:00:00+00:00,37.8,37.8,37.8,37.8,0.0,,,,,,,,,,,,,,,,,,,,,,,,,,,,,,,,,,,,,,,,,,,,,,,,,,,,,,,,,,,,,,,,,,,,,,,,36.438100393700786,36.43805173542895,35.9189816700611,35.9189816700611,35.9189816700611,36.18175313743495,36.18175313743495,36.18175313743495,36.18175313743495,36.18175313743495,36.18175313743495,36.40678730658275,36.40678730658275,36.40678730658275,36.40678730658275,36.40678730658275,36.40678730658275,36.89914142959109,36.89914142959109,37.14517920630344,,,,,,,,,,,,,,,,,,,,,,,,,,,,,,,,,,,,,,,,,,,,,,,,,,,,,,,,,,,,,,,,,,,,,,,,,,36.35539009344524,,"rgba(38, 166, 154, 1.0)",0.5864490792238305,36.24265969451436,2.655542246816705,75.82396937638771,18.3851252578108,True,False,True,False,True,14.038612685947637,0.0,0.0,0.0,0.0,0,0.921589921807124,1.062771503040834,False,False,False,False,0.2937611777065465,0.1990538477747524,False,False,False,False,-479.0,-306.62882149861576,False,False,False,False,16.86828913254135,False,False,False,False
2025-03-27 16:00:00+00:00,37.8,37.8,37.8,37.8,0.0,,,,,,,,,,,,,,,,,,,,,,,,,,,,,,,,,,,,,,,,,,,,,,,,,,,,,,,,,,,,,,,,,,,,,,,,36.438100393700786,36.43805173542895,35.9189816700611,35.9189816700611,35.9189816700611,36.18175313743495,36.18175313743495,36.18175313743495,36.18175313743495,36.18175313743495,36.18175313743495,36.40678730658275,36.40678730658275,36.40678730658275,36.40678730658275,36.40678730658275,36.40678730658275,36.89914142959109,36.89914142959109,37.14517920630344,,,,,,,,,,,,,,,,,,,,,,,,,,,,,,,,,,,,,,,,,,,,,,,,,,,,,,,,,,,,,,,,,,,,,,,,,,36.35539009344524,,"rgba(38, 166, 154, 1.0)",0.6260721398722994,36.24265969451436,2.4874774108352606,77.59355315172715,20.260807371632453,True,False,True,False,True,14.038612685947637,0.0,0.0,0.0,0.0,0,0.921589921807124,0.9876194613379672,False,False,False,False,0.2937611777065465,0.24640751274064943,False,False,False,False,-479.0,-309.3012428707303,False,False,False,False,16.606765270021327,False,False,False,False
2025-03-27 17:00:00+00:00,37.8,37.8,37.8,37.8,0.0,,,,,,,,,,,,,,,,,,,,,,,,,,,,,,,,,,,,,,,,,,,,,,,,,,,,,,,,,,,,,,,,,,,,,,,,36.438100393700786,36.43805173542895,35.9189816700611,35.9189816700611,35.9189816700611,36.18175313743495,36.18175313743495,36.18175313743495,36.18175313743495,36.18175313743495,36.18175313743495,36.40678730658275,36.40678730658275,36.40678730658275,36.40678730658275,36.40678730658275,36.40678730658275,36.89914142959109,36.89914142959109,37.14517920630344,,,,,,,,,,,,,,,,,,,,,,,,,,,,,,,,,,,,,,,,,,,,,,,,,,,,,,,,,,,,,,,,,,,,,,,,,,36.35539009344524,,"rgba(38, 166, 154, 1.0)",0.6646734279070596,36.24265969451436,2.3430157429181886,78.7732756686201,21.683770404668508,True,False,True,False,True,14.038612685947637,0.0,0.0,0.0,0.0,0,0.921589921807124,0.9876194613379672,False,False,False,False,0.2937611777065465,0.2700843452235979,False,False,False,False,-479.0,-311.9322313533546,False,False,False,False,16.349296041028747,False,False,False,False
2025-03-27 18:00:00+00:00,37.8,37.8,37.8,37.8,0.0,,,,,,,,,,,,,,,,,,,,,,,,,,,,,,,,,,,,,,,,,,,,,,,,,,,,,,,,,,,,,,,,,,,,,,,,36.438100393700786,36.43805173542895,35.9189816700611,35.9189816700611,35.9189816700611,36.18175313743495,36.18175313743495,36.18175313743495,36.18175313743495,36.18175313743495,36.18175313743495,36.40678730658275,36.40678730658275,36.40678730658275,36.40678730658275,36.40678730658275,36.40678730658275,36.89914142959109,36.89914142959109,37.14517920630344,,,,,,,,,,,,,,,,,,,,,,,,,,,,,,,,,,,,,,,,,,,,,,,,,,,,,,,,,,,,,,,,,,,,,,,,,,36.35539009344524,,"rgba(38, 166, 154, 1.0)",0.7013522524252254,36.24265969451436,2.220482361182228,79.55975734654874,22.830858055693938,True,False,True,False,True,14.038612685947637,0.0,0.0,0.0,0.0,0,0.921589921807124,0.9876194613379672,False,False,False,False,0.2937611777065465,0.2819227614650722,False,False,False,False,-479.0,-314.5224293168685,False,False,False,False,16.0958185830283,False,False,False,False
2025-03-27 19:00:00+00:00,37.8,38.15,37.8,38.04,102.0,,,,,,,,,,,,,,,,,,,,,,,,,,,,,,,,,,,,,,,,,,,,,,,,,,,,,,,,,,,,,,,,,,,,,,,,36.6987131147541,36.698246044735406,36.053536507936506,36.053536507936506,36.053536507936506,36.2629466374269,36.2629466374269,36.2629466374269,36.2629466374269,36.2629466374269,36.2629466374269,36.46812153303077,36.46812153303077,36.46812153303077,36.46812153303077,36.46812153303077,36.46812153303077,36.93235044002767,36.93235044002767,37.16950060673946,,,,,,,,,,,,,,,,,,,,,,,,,,,,,,,,,,,,,,,,,,,,,,,,,,,,,,,,,,,,,,,,,,,,,,,,,,36.44890895964199,,"rgba(38, 166, 154, 1.0)",0.7422850221134794,36.44818776172913,2.144475761801799,81.09529103227995,24.71278216726816,True,False,True,False,True,15.893546689783346,0.0,0.0,0.0,0.0,0,0.9227642276422762,0.9728284124946514,False,False,False,False,0.3366116803991207,0.30926722093209646,False,False,False,False,-377.0,-315.4910738235837,False,False,False,False,17.42766635693484,False,False,False,False
2025-03-28 14:00:00+00:00,38.18,38.18,38.18,38.18,0.0,,,,,,,,,,,,,,,,,,,,,,,,,,,,,,,,,,,,,,,,,,,,,,,,,,,,,,,,,,,,,,,,,,,,,,,,36.6987131147541,36.698246044735406,36.053536507936506,36.053536507936506,36.053536507936506,36.2629466374269,36.2629466374269,36.2629466374269,36.2629466374269,36.2629466374269,36.2629466374269,36.46812153303077,36.46812153303077,36.46812153303077,36.46812153303077,36.46812153303077,36.46812153303077,36.93235044002767,36.93235044002767,37.16950060673946,,,,,,,,,,,,,,,,,,,,,,,,,,,,,,,,,,,,,,,,,,,,,,,,,,,,,,,,,,,,,,,,,,,,,,,,,,36.44890895964199,,"rgba(38, 166, 154, 1.0)",0.7835282007952203,36.44818776172913,2.2102742907188464,82.62273328372316,26.564470420707067,True,False,True,False,True,16.94503323499354,0.0,0.0,0.0,0.0,0,0.9334325818800508,0.9683113568694174,False,False,False,False,0.34282823092110093,0.3260477259265987,False,False,False,False,-377.0,-316.4447005860087,False,False,False,False,17.15746997930794,False,False,False,False
2025-03-28 15:00:00+00:00,38.18,38.18,38.18,38.18,0.0,,,,,,,,,,,,,,,,,,,,,,,,,,,,,,,,,,,,,,,,,,,,,,,,,,,,,,,,,,,,,,,,,,,,,,,,36.6987131147541,36.698246044735406,36.053536507936506,36.053536507936506,36.053536507936506,36.2629466374269,36.2629466374269,36.2629466374269,36.2629466374269,36.2629466374269,36.2629466374269,36.46812153303077,36.46812153303077,36.46812153303077,36.46812153303077,36.46812153303077,36.46812153303077,36.93235044002767,36.93235044002767,37.16950060673946,,,,,,,,,,,,,,,,,,,,,,,,,,,,,,,,,,,,,,,,,,,,,,,,,,,,,,,,,,,,,,,,,,,,,,,,,,36.44890895964199,,"rgba(38, 166, 154, 1.0)",0.8205909922589507,36.44818776172913,2.110445099456281,83.64102811801864,27.930783727370866,True,False,True,False,True,16.94503323499353,0.0,0.0,0.0,0.0,0,0.945905172413793,0.9678879310344829,False,False,False,False,0.34282823092110093,0.3344379784238498,False,False,False,False,-377.0,-317.38354243738837,False,False,False,False,16.891462692807043,False,False,False,False
2025-03-28 16:00:00+00:00,38.18,38.18,38.18,38.18,0.0,,,,,,,,,,,,,,,,,,,,,,,,,,,,,,,,,,,,,,,,,,,,,,,,,,,,,,,,,,,,,,,,,,,,,,,,36.6987131147541,36.698246044735406,36.053536507936506,36.053536507936506,36.053536507936506,36.2629466374269,36.2629466374269,36.2629466374269,36.2629466374269,36.2629466374269,36.2629466374269,36.46812153303077,36.46812153303077,36.46812153303077,36.46812153303077,36.46812153303077,36.46812153303077,36.93235044002767,36.93235044002767,37.16950060673946,,,,,,,,,,,,,,,,,,,,,,,,,,,,,,,,,,,,,,,,,,,,,,,,,,,,,,,,,,,,,,,,,,,,,,,,,,36.44890895964199,,"rgba(38, 166, 154, 1.0)",0.854266436273892,36.44818776172913,2.0272507086016684,84.3198913408823,28.992902225889793,True,False,True,False,True,16.94503323499354,0.0,0.0,0.0,0.0,0,0.944713656387665,0.9808370044052865,False,False,False,False,0.34282823092110093,0.33863310467247537,False,False,False,False,-377.0,-318.30782860114977,False,False,False,False,16.6295795502829,False,False,False,False
2025-03-28 17:00:00+00:00,38.18,38.22,37.89,38.22,103.0,,,,,,,,,,,,,,,,,,,,,,,,,,,,,,,,,,,,,,,,,,,,,,,,,,,,,,,,,,,,,,,,,,,,,,,,36.90258765778401,36.90190242763772,36.17976758045292,36.17976758045292,36.17976758045292,36.342781507903204,36.342781507903204,36.342781507903204,36.342781507903204,36.342781507903204,36.342781507903204,36.52968450430774,36.52968450430774,36.52968450430774,36.52968450430774,36.52968450430774,36.52968450430774,36.967266359623856,36.967266359623856,37.19586735619668,,,,,,,,,,,,,,,,,,,,,,,,,,,,,,,,,,,,,,,,,,,,,,,,,,,,,,,,,,,,,,,,,,,,,,,,,,36.53544944877453,,"rgba(38, 166, 154, 1.0)",0.888625484809097,36.613356051005724,1.808010209542246,84.95090919158443,30.019181232540802,True,False,True,False,True,17.256866824165915,0.0,0.0,0.0,0.0,0,0.9329135909683022,0.9793747286148504,False,False,False,False,0.3137340423617677,0.32618357351712157,False,False,False,False,-274.0,-317.62088552206217,False,False,False,False,17.968655836325027,False,False,False,False
2025-03-28 18:00:00+00:00,38.22,38.22,38.22,38.22,0.0,,,,,,,,,,,,,,,,,,,,,,,,,,,,,,,,,,,,,,,,,,,,,,,,,,,,,,,,,,,,,,,,,,,,,,,,36.90258765778401,36.90190242763772,36.17976758045292,36.17976758045292,36.17976758045292,36.342781507903204,36.342781507903204,36.342781507903204,36.342781507903204,36.342781507903204,36.342781507903204,36.52968450430774,36.52968450430774,36.52968450430774,36.52968450430774,36.52968450430774,36.52968450430774,36.967266359623856,36.967266359623856,37.19586735619668,,,,,,,,,,,,,,,,,,,,,,,,,,,,,,,,,,,,,,,,,,,,,,,,,,,,,,,,,,,,,,,,,,,,,,,,,,36.53544944877453,,"rgba(38, 166, 154, 1.0)",0.9202571761579584,36.613356051005724,1.7458640808452672,85.37158775871919,30.8480282011311,True,False,True,False,True,17.256866824165915,0.0,0.0,0.0,0.0,0,0.947242726877985,0.9793747286148504,False,False,False,False,0.3428282312154696,0.3345059023662956,False,False,False,False,-274.0,-316.9445927232705,False,False,False,False,17.690072024909135,False,False,False,False
2025-03-28 19:00:00+00:00,38.22,38.63,38.22,38.63,14.0,,,,,,,,,,,,,,,,,,,,,,,,,,,,,,,,,,,,,,,,,,,,,,,,,,,,,,,,,,,,,,,,,,,,,,,,36.93322099954149,36.93250686813187,36.198910559495665,36.198910559495665,36.198910559495665,36.35534209428452,36.35534209428452,36.35534209428452,36.35534209428452,36.35534209428452,36.35534209428452,36.539641434262954,36.539641434262954,36.539641434262954,36.539641434262954,36.539641434262954,36.539641434262954,36.97339162844035,36.97339162844035,37.20079266088213,,,,,,,,,,,,,,,,,,,,,,,,,,,,,,,,,,,,,,,,,,,,,,,,,,,,,,,,,,,,,,,,,,,,,,,,,,36.5489968317604,,"rgba(38, 166, 154, 1.0)",0.9626831076557409,36.63835780878275,2.0688450595826504,87.15273445046446,32.89323038293692,True,False,True,False,True,20.0,0.0,0.0,0.0,0.0,0,0.9481655290102388,0.9622440273037544,False,False,False,False,0.3428282326153177,0.33866706749080666,False,False,False,False,-260.0,-316.0617308205841,False,False,False,False,17.632861605918297,False,False,False,False
2025-03-31 14:00:00+00:00,39.0,39.0,39.0,39.0,0.0,,,,,,,,,,,,,,,,,,,,,,,,,,,,,,,,,,,,,,,,,,,,,,,,,,,,,,,,,,,,,,,,,,,,,,,,36.93322099954149,36.93250686813187,36.198910559495665,36.198910559495665,36.198910559495665,36.35534209428452,36.35534209428452,36.35534209428452,36.35534209428452,36.35534209428452,36.35534209428452,36.539641434262954,36.539641434262954,36.539641434262954,36.539641434262954,36.539641434262954,36.539641434262954,36.97339162844035,36.97339162844035,37.20079266088213,,,,,,,,,,,,,,,,,,,,,,,,,,,,,,,,,,,,,,,,,,,,,,,,,,,,,,,,,,,,,,,,,,,,,,,,,,36.5489968317604,,"rgba(38, 166, 154, 1.0)",1.0121285082029183,36.63835780878275,2.3333422308304073,89.11075558203254,34.994825077688034,True,False,True,False,True,20.0,0.0,0.0,0.0,0.0,0,0.9661906761864762,0.9628307433851324,False,False,False,False,0.34282823577077226,0.34074765163078946,False,False,False,False,-260.0,-315.1925566993347,False,False,False,False,17.359483906601735,False,False,False,False
2025-03-31 15:00:00+00:00,39.0,39.0,39.0,39.0,0.0,,,,,,,,,,,,,,,,,,,,,,,,,,,,,,,,,,,,,,,,,,,,,,,,,,,,,,,,,,,,,,,,,,,,,,,,36.93322099954149,36.93250686813187,36.198910559495665,36.198910559495665,36.198910559495665,36.35534209428452,36.35534209428452,36.35534209428452,36.35534209428452,36.35534209428452,36.35534209428452,36.539641434262954,36.539641434262954,36.539641434262954,36.539641434262954,36.539641434262954,36.539641434262954,36.97339162844035,36.97339162844035,37.20079266088213,,,,,,,,,,,,,,,,,,,,,,,,,,,,,,,,,,,,,,,,,,,,,,,,,,,,,,,,,,,,,,,,,,,,,,,,,,36.5489968317604,,"rgba(38, 166, 154, 1.0)",1.0568991488362347,36.63835780878275,2.2345009869841266,90.41610300307792,36.42616205723981,True,False,True,False,True,20.0,0.0,0.0,0.0,0.0,0,0.9661906761864762,0.9628307433851324,False,False,False,False,0.34282823577077226,0.34178794370078086,False,False,False,False,-260.0,-314.33685814585664,False,False,False,False,17.090344621228063,False,False,False,False
2025-03-31 16:00:00+00:00,39.0,39.0,39.0,39.0,0.0,,,,,,,,,,,,,,,,,,,,,,,,,,,,,,,,,,,,,,,,,,,,,,,,,,,,,,,,,,,,,,,,,,,,,,,,36.93322099954149,36.93250686813187,36.198910559495665,36.198910559495665,36.198910559495665,36.35534209428452,36.35534209428452,36.35534209428452,36.35534209428452,36.35534209428452,36.35534209428452,36.539641434262954,36.539641434262954,36.539641434262954,36.539641434262954,36.539641434262954,36.539641434262954,36.97339162844035,36.97339162844035,37.20079266088213,,,,,,,,,,,,,,,,,,,,,,,,,,,,,,,,,,,,,,,,,,,,,,,,,,,,,,,,,,,,,,,,,,,,,,,,,,36.5489968317604,,"rgba(38, 166, 154, 1.0)",1.0946490778343299,36.63835780878275,2.1574422698912405,91.28633461710818,37.44960146514465,True,False,True,False,True,20.0,0.0,0.0,0.0,0.0,0,0.9661906761864762,0.9628307433851324,False,False,False,False,0.34282823577077226,0.34230808973577653,False,False,False,False,-260.0,-313.49442623661855,False,False,False,False,16.825378037953207,False,False,False,False
2025-03-31 17:00:00+00:00,39.0,39.0,39.0,39.0,0.0,,,,,,,,,,,,,,,,,,,,,,,,,,,,,,,,,,,,,,,,,,,,,,,,,,,,,,,,,,,,,,,,,,,,,,,,36.93322099954149,36.93250686813187,36.198910559495665,36.198910559495665,36.198910559495665,36.35534209428452,36.35534209428452,36.35534209428452,36.35534209428452,36.35534209428452,36.35534209428452,36.539641434262954,36.539641434262954,36.539641434262954,36.539641434262954,36.539641434262954,36.539641434262954,36.97339162844035,36.97339162844035,37.20079266088213,,,,,,,,,,,,,,,,,,,,,,,,,,,,,,,,,,,,,,,,,,,,,,,,,,,,,,,,,,,,,,,,,,,,,,,,,,36.5489968317604,,"rgba(38, 166, 154, 1.0)",1.134922218234089,36.63835780878275,2.0808846221126123,91.8664890264617,38.223262747721094,True,False,True,False,True,20.0,0.0,0.0,0.0,0.0,0,0.9661906761864762,0.9628307433851324,False,False,False,False,0.34282823577077226,0.3425681627532744,False,False,False,False,-260.0,-312.6650552872136,False,False,False,False,16.564519463721375,False,False,False,False
2025-03-31 18:00:00+00:00,39.0,39.0,38.63,38.63,24.0,,,,,,,,,,,,,,,,,,,,,,,,,,,,,,,,,,,,,,,,,,,,,,,,,,,,,,,,,,,,,,,,,,,,,,,,36.99138703950288,36.99061835106383,36.23463675213676,36.23463675213676,36.23463675213676,36.37911400247831,36.37911400247831,36.37911400247831,36.37911400247831,36.37911400247831,36.37911400247831,36.55871813285458,36.55871813285458,36.55871813285458,36.55871813285458,36.55871813285458,36.55871813285458,36.98555523917994,36.98555523917994,37.2108306393678,,,,,,,,,,,,,,,,,,,,,,,,,,,,,,,,,,,,,,,,,,,,,,,,,,,,,,,,,,,,,,,,,,,,,,,,,,36.57474247883509,,"rgba(38, 166, 154, 0.75)",1.1615834059631498,36.68575196719562,1.6737911568151835,83.41228902906039,37.63136185752883,True,False,True,False,False,18.180624016444742,0.0,0.0,0.0,0.0,0,0.9514061207609595,0.9633995037220845,False,False,False,False,0.3087106487633753,0.32563940575832484,False,False,False,False,-284.0,-312.22063582539636,False,False,False,False,16.679798231725695,False,False,False,False
2025-03-31 19:00:00+00:00,38.63,38.63,38.2,38.2,1.0,,,,,,,,,,,,,,,,,,,,,,,,,,,,,,,,,,,,,,,,,,,,,,,,,,,,,,,,,,,,,,,,,,,,,,,,36.99318484042553,36.99241478530323,36.23586488060571,36.23586488060571,36.23586488060571,36.379924993118635,36.379924993118635,36.379924993118635,36.379924993118635,36.379924993118635,36.379924993118635,36.55935869825318,36.55935869825318,36.55935869825318,36.55935869825318,36.55935869825318,36.55935869825318,36.98594174020304,36.98594174020304,37.21113564951969,,,,,,,,,,,,,,,,,,,,,,,,,,,,,,,,,,,,,,,,,,,,,,,,,,,,,,,,,,,,,,,,,,,,,,,,,,36.57559577728513,,"rgba(38, 166, 154, 0.75)",1.176401686469324,36.6872481057952,1.285914421582437,71.75662431277117,27.341042491555598,True,False,True,False,False,13.060683362948048,0.0,0.0,0.0,0.0,0,0.9347826086956523,0.9790735473384803,False,False,False,False,0.23715505143997337,0.2813972285991491,False,False,False,False,-285.0,-311.7986104637623,False,False,False,False,16.436700584722196,False,False,False,False
2025-04-01 14:00:00+00:00,38.2,39.255,38.2,39.255,1.0,,,,,,,,,,,,,,,,,,,,,,,,,,,,,,,,,,,,,,,,,,,,,,,,,,,,,,,,,,,,,,,,,,,,,,,,36.99572155821159,36.99494916003537,36.23741753977494,36.23741753977494,36.23741753977494,36.38096643279681,36.38096643279681,36.38096643279681,36.38096643279681,36.38096643279681,36.38096643279681,36.560199736873585,36.560199736873585,36.560199736873585,36.560199736873585,36.560199736873585,36.560199736873585,36.98648738379813,36.98648738379813,37.211591276251994,,,,,,,,,,,,,,,,,,,,,,,,,,,,,,,,,,,,,,,,,,,,,,,,,,,,,,,,,,,,,,,,,,,,,,,,,,36.576724319972115,,"rgba(38, 166, 154, 0.75)",1.216883950732152,36.689315483846386,2.108405254757402,71.34834983205042,27.341042491555598,True,False,True,False,False,20.0,0.0,0.0,0.0,0.0,0,0.9374634716540036,0.9555815312682642,False,False,False,False,0.29281777698711786,0.28710750279313346,False,False,False,False,-284.0,-311.36762425502184,False,False,False,False,16.197371893486192,False,False,False,False
2025-04-01 15:00:00+00:00,39.255,39.255,39.255,39.255,0.0,,,,,,,,,,,,,,,,,,,,,,,,,,,,,,,,,,,,,,,,,,,,,,,,,,,,,,,,,,,,,,,,,,,,,,,,36.99572155821159,36.99494916003537,36.23741753977494,36.23741753977494,36.23741753977494,36.38096643279681,36.38096643279681,36.38096643279681,36.38096643279681,36.38096643279681,36.38096643279681,36.560199736873585,36.560199736873585,36.560199736873585,36.560199736873585,36.560199736873585,36.560199736873585,36.98648738379813,36.98648738379813,37.211591276251994,,,,,,,,,,,,,,,,,,,,,,,,,,,,,,,,,,,,,,,,,,,,,,,,,,,,,,,,,,,,,,,,,,,,,,,,,,36.576724319972115,,"rgba(38, 166, 154, 0.5)",1.2541127368608838,36.689315483846386,2.0458164890149133,71.07616684490324,27.341042491555598,False,False,True,False,False,20.0,0.0,0.0,0.0,0.0,0,0.9784440525181267,0.9611992945326278,False,False,False,False,0.3428282368954034,0.31496786984426844,False,False,False,False,-284.0,-310.943320003006,False,False,False,False,15.946249848625941,False,False,False,False
2025-04-01 16:00:00+00:00,39.255,39.255,39.255,39.255,0.0,,,,,,,,,,,,,,,,,,,,,,,,,,,,,,,,,,,,,,,,,,,,,,,,,,,,,,,,,,,,,,,,,,,,,,,,36.99572155821159,36.99494916003537,36.23741753977494,36.23741753977494,36.23741753977494,36.38096643279681,36.38096643279681,36.38096643279681,36.38096643279681,36.38096643279681,36.38096643279681,36.560199736873585,36.560199736873585,36.560199736873585,36.560199736873585,36.560199736873585,36.560199736873585,36.98648738379813,36.98648738379813,37.211591276251994,,,,,,,,,,,,,,,,,,,,,,,,,,,,,,,,,,,,,,,,,,,,,,,,,,,,,,,,,,,,,,,,,,,,,,,,,,36.576724319972115,,"rgba(38, 166, 154, 0.5)",1.283492462346717,36.689315483846386,1.9989868202751737,70.89471152013846,27.287286769385375,False,False,True,False,False,20.0,0.0,0.0,0.0,0.0,0,0.9719831899139485,0.9603762257354411,False,False,False,False,0.3428282368954034,0.3288980533698359,False,False,False,False,-284.0,-310.52559411148655,False,False,False,False,15.699021168802282,False,False,False,False
2025-04-01 17:00:00+00:00,39.255,39.255,38.045,38.87,24.0,,,,,,,,,,,,,,,,,,,,,,,,,,,,,,,,,,,,,,,,,,,,,,,,,,,,,,,,,,,,,,,,,,,,,,,,37.04908408408408,37.04826692373607,36.27166666666667,36.27166666666667,36.27166666666667,36.403940198882985,36.403940198882985,36.403940198882985,36.403940198882985,36.403940198882985,36.403940198882985,36.578668326811346,36.578668326811346,36.578668326811346,36.578668326811346,36.578668326811346,36.578668326811346,36.99826926700583,36.99826926700583,37.22129748528622,,,,,,,,,,,,,,,,,,,,,,,,,,,,,,,,,,,,,,,,,,,,,,,,,,,,,,,,,,,,,,,,,,,,,,,,,,36.6012919090642,,"rgba(38, 166, 154, 0.5)",1.3001933051014245,36.733233702950024,1.643422011685632,66.49314782469123,23.00507608580257,False,False,True,False,False,16.27136295352366,0.0,0.0,0.0,0.0,0,0.9270853216262647,0.9622065279633517,False,False,False,False,0.24005426053421355,0.2844761569520247,False,False,False,False,-308.0,-310.48643761363405,False,False,False,False,15.827718515022402,False,False,False,False
2025-04-01 18:00:00+00:00,38.87,39.525,38.87,39.525,2.0,,,,,,,,,,,,,,,,,,,,,,,,,,,,,,,,,,,,,,,,,,,,,,,,,,,,,,,,,,,,,,,,,,,,,,,39.306666666666665,37.05488018827556,37.054057692307694,36.27514717125383,36.27514717125383,36.27514717125383,36.40631073907717,36.40631073907717,36.40631073907717,36.40631073907717,36.40631073907717,36.40631073907717,36.58060789193033,36.58060789193033,36.58060789193033,36.58060789193033,36.58060789193033,36.58060789193033,36.999573446327666,36.999573446327666,37.22241265597145,,,,,,,,,,,,,,,,,,,,,,,,,,,,,,,,,,,,,,,,,,,,,,,,,,,,,,,,,,,,,,,,,,,,,,,,,,36.73257701884205,,"rgba(38, 166, 154, 0.5)",1.3317208368826103,36.882965089875704,1.9839254871981755,67.20338632102482,23.00507608580257,False,False,True,False,False,20.0,0.0,0.0,0.0,0.0,0,0.9595903165735568,0.9530726256983241,False,False,False,False,0.3327872842678672,0.3086317206099459,False,False,False,False,-306.0,-310.4168804413296,False,True,False,False,15.613335282231358,False,True,False,False
2025-04-01 19:00:00+00:00,39.525,39.525,39.525,39.525,0.0,,,,,,,,,,,,,,,,,,,,,,,,,,,,,,,,,,,,,,,,,,,,,,,,,,,,,,,,,,,,,,,,,,,,,,,39.306666666666665,37.05488018827556,37.054057692307694,36.27514717125383,36.27514717125383,36.27514717125383,36.40631073907717,36.40631073907717,36.40631073907717,36.40631073907717,36.40631073907717,36.40631073907717,36.58060789193033,36.58060789193033,36.58060789193033,36.58060789193033,36.58060789193033,36.58060789193033,36.999573446327666,36.999573446327666,37.22241265597145,,,,,,,,,,,,,,,,,,,,,,,,,,,,,,,,,,,,,,,,,,,,,,,,,,,,,,,,,,,,,,,,,,,,,,,,,,36.73257701884205,,"rgba(38, 166, 154, 0.5)",1.3600201806928536,36.882965089875704,1.9426439016355823,67.67687865191388,23.00507608580257,False,False,True,False,False,20.0,-1.0,39.525,39.525,0.0,0,0.9839851024208566,0.9530726256983241,False,False,False,False,0.3428282379471872,0.32572997927856656,False,False,False,False,-306.0,-310.3484016747974,False,True,False,False,15.371268068553352,False,True,False,False
2025-04-02 14:00:00+00:00,38.37,38.37,38.37,38.37,0.0,,,,,,,,,,,,,,,,,,,,,,,,,,,,,,,,,,,,,,,,,,,,,,,,,,,,,,,,,,,,,,,,,,,,,,,39.306666666666665,37.05488018827556,37.054057692307694,36.27514717125383,36.27514717125383,36.27514717125383,36.40631073907717,36.40631073907717,36.40631073907717,36.40631073907717,36.40631073907717,36.40631073907717,36.58060789193033,36.58060789193033,36.58060789193033,36.58060789193033,36.58060789193033,36.58060789193033,36.999573446327666,36.999573446327666,37.22241265597145,,,,,,,,,,,,,,,,,,,,,,,,,,,,,,,,,,,,,,,,,,,,,,,,,,,,,,,,,,,,,,,,,,,,,,,,,,36.73257701884205,,"rgba(38, 166, 154, 0.5)",1.3608414626569894,36.882965089875704,1.092731924276408,59.625513594463406,16.12400727692814,False,True,True,False,False,9.337076226941353,0.0,0.0,0.0,0.0,0,0.9846455990001786,0.955008034279593,False,False,False,False,0.16190585431265905,0.24381791679561282,False,False,False,False,-306.0,-310.280984594568,False,False,False,False,15.13295383493237,False,False,False,False
2025-04-02 15:00:00+00:00,38.37,38.37,38.37,38.37,0.0,,,,,,,,,,,,,,,,,,,,,,,,,,,,,,,,,,,,,,,,,,,,,,,,,,,,,,,,,,,,,,,,,,,,,,,39.306666666666665,37.05488018827556,37.054057692307694,36.27514717125383,36.27514717125383,36.27514717125383,36.40631073907717,36.40631073907717,36.40631073907717,36.40631073907717,36.40631073907717,36.40631073907717,36.58060789193033,36.58060789193033,36.58060789193033,36.58060789193033,36.58060789193033,36.58060789193033,36.999573446327666,36.999573446327666,37.22241265597145,,,,,,,,,,,,,,,,,,,,,,,,,,,,,,,,,,,,,,,,,,,,,,,,,,,,,,,,,,,,,,,,,,,,,,,,,,36.73257701884205,,"rgba(38, 166, 154, 0.5)",1.3603234810047566,36.882965089875704,1.0931480128726043,54.257936889496435,11.276833188828107,False,True,True,False,False,9.337076226941353,0.0,0.0,0.0,0.0,0,1.0480805777271,0.9521094640820982,False,False,False,False,0.16190585431265905,0.20286188555413592,False,False,False,False,-306.0,-310.21461274038865,False,False,False,False,14.898334395631093,False,False,False,False
2025-04-02 16:00:00+00:00,38.37,38.37,37.735,37.735,16.0,,,,,,,,,,,,,,,,,,,,,,,,,,,,,,,,,,,,,,,,,,,,,,,,,,,,,,,,,,,,,,,,,,,,,,37.946666666666665,38.09777777777778,37.072828092243185,37.07199958123953,36.290342803030306,36.290342803030306,36.290342803030306,36.41630899256254,36.41630899256254,36.41630899256254,36.41630899256254,36.41630899256254,36.41630899256254,36.588333922469666,36.588333922469666,36.588333922469666,36.588333922469666,36.588333922469666,36.588333922469666,37.00383483314584,37.00383483314584,37.22549787007453,,,,,,,,,,,,,,,,,,,,,,,,,,,,,,,,,,,,,,,,,,,,,,,,,,,,,,,,,,,,,,,,,,,,,,,,,37.946666666666665,36.74187843425353,,"rgba(239, 83, 80, 1.0)",1.3577938186830791,36.914287671162064,0.6044454743754408,47.73625976972211,5.459625603852793,False,True,False,True,False,4.044508878664239,0.0,0.0,0.0,0.0,0,1.0099232353491856,0.9120014978468451,False,False,False,False,0.11440986919450116,0.15863587737431856,False,False,False,False,-322.0,-310.3973319227082,False,False,False,False,14.915414482520532,False,False,False,False
2025-04-02 17:00:00+00:00,37.735,37.735,37.735,37.735,0.0,,,,,,,,,,,,,,,,,,,,,,,,,,,,,,,,,,,,,,,,,,,,,,,,,,,,,,,,,,,,,,,,,,,,,,37.946666666666665,38.09777777777778,37.072828092243185,37.07199958123953,36.290342803030306,36.290342803030306,36.290342803030306,36.41630899256254,36.41630899256254,36.41630899256254,36.41630899256254,36.41630899256254,36.41630899256254,36.588333922469666,36.588333922469666,36.588333922469666,36.588333922469666,36.588333922469666,36.588333922469666,37.00383483314584,37.00383483314584,37.22549787007453,,,,,,,,,,,,,,,,,,,,,,,,,,,,,,,,,,,,,,,,,,,,,,,,,,,,,,,,,,,,,,,,,,,,,,,,,37.946666666666665,36.74187843425353,,"rgba(239, 83, 80, 1.0)",1.3555054839863392,36.914287671162064,0.6054658859987365,43.3884750232059,1.688545200894339,False,True,False,True,False,4.044508878664239,0.0,0.0,0.0,0.0,0,1.0099232353491856,0.926792735442801,False,False,False,False,0.06742270332564143,0.11302929034998,False,False,False,False,-322.0,-310.5772182494879,False,False,False,False,14.684167746357423,False,False,False,False
2025-04-02 18:00:00+00:00,37.735,37.735,37.735,37.735,0.0,,,,,,,,,,,,,,,,,,,,,,,,,,,,,,,,,,,,,,,,,,,,,,,,,,,,,,,,,,,,,,,,,,,,,,37.946666666666665,38.09777777777778,37.072828092243185,37.07199958123953,36.290342803030306,36.290342803030306,36.290342803030306,36.41630899256254,36.41630899256254,36.41630899256254,36.41630899256254,36.41630899256254,36.41630899256254,36.588333922469666,36.588333922469666,36.588333922469666,36.588333922469666,36.588333922469666,36.588333922469666,37.00383483314584,37.00383483314584,37.22549787007453,,,,,,,,,,,,,,,,,,,,,,,,,,,,,,,,,,,,,,,,,,,,,,,,,,,,,,,,,,,,,,,,,,,,,,,,,37.946666666666665,36.74187843425353,,"rgba(239, 83, 80, 1.0)",1.3526885374243398,36.914287671162064,0.6067267564791057,40.48995185886176,-0.883037674245962,False,True,False,True,False,4.044508878664239,0.0,0.0,0.0,0.0,0,1.009990574929312,0.9330819981149859,False,False,False,False,0.06742270332564143,0.09022599683781071,False,False,False,False,-322.0,-310.7543156409687,False,False,False,False,14.456506230910021,False,False,False,False
2025-04-02 19:00:00+00:00,37.735,37.735,36.89,36.9,11.0,,,,,,,,,,,,,,,,,,,,,,,,,,,,,,,,,,,,,,,,,,,,,,,,,,,,,,,,,,,,,,,,,,,,,,37.632283950617285,37.74775862068965,37.07422249793217,37.073403552251136,36.295837568228876,36.295837568228876,36.295837568228876,36.41967959073775,36.41967959073775,36.41967959073775,36.41967959073775,36.41967959073775,36.41967959073775,36.590606220657286,36.590606220657286,36.590606220657286,36.590606220657286,36.590606220657286,36.590606220657286,37.00436267638536,37.00436267638536,37.225350411467986,,,,,,,,,,,,,,,,,,,,,,,,,,,,,,,,,,,,,,,,,,,,,,,,,,,,,,,,,,,,,,,,,,,,,,,,,37.632283950617285,36.714135089035715,,"rgba(239, 83, 80, 1.0)",1.3460017101042343,36.88310429990842,0.01255251012294229,35.37416112757001,-5.623087965993761,False,True,False,True,False,0.0,0.0,0.0,0.0,0.0,0,0.9722323712093534,0.9351479722323712,False,False,False,False,0.00531966473607289,0.0477728307869418,False,False,False,False,-333.0,-311.09920997211645,False,False,False,False,14.402916987019942,False,False,False,False
2025-04-03 14:00:00+00:00,37.0,37.0,36.21,36.21,106.0,,,,,,,,,,,,,,,,,,,,,,,,,,,,,,,,,,,,,,,,,,,,,,,,,,,,,,,,,,,,,,,,,,,,,,36.708609022556395,36.7470987654321,37.00438230994152,37.00373493975904,36.3058613034985,36.3058613034985,36.3058613034985,36.42188226181255,36.42188226181255,36.42188226181255,36.42188226181255,36.42188226181255,36.42188226181255,36.58638662593348,36.58638662593348,36.58638662593348,36.58638662593348,36.58638662593348,36.58638662593348,36.98903757146745,36.98903757146745,37.20476848265769,,,,,,,,,,,,,,,,,,,,,,,,,,,,,,,,,,,,,,,,,,,,,,,,,,,,,,,,,,,,,,,,,,,,,,,,,36.708609022556395,36.61881208637515,,"rgba(239, 83, 80, 1.0)",1.3369144824308141,36.74479780781659,-0.40002394681535963,30.25589450254817,-10.349164083462746,False,True,False,True,False,0.0,0.0,0.0,0.0,0.0,0,0.9488636363636365,0.9630681818181819,False,False,False,False,-0.09882520092843097,-0.025526185070744587,False,False,False,False,-439.0,-313.0821679570449,False,False,False,False,15.82302680117467,False,False,False,False
2025-04-03 15:00:00+00:00,36.21,36.21,36.21,36.21,0.0,,,,,,,,,,,,,,,,,,,,,,,,,,,,,,,,,,,,,,,,,,,,,,,,,,,,,,,,,,,,,,,,,,,,,,36.708609022556395,36.7470987654321,37.00438230994152,37.00373493975904,36.3058613034985,36.3058613034985,36.3058613034985,36.42188226181255,36.42188226181255,36.42188226181255,36.42188226181255,36.42188226181255,36.42188226181255,36.58638662593348,36.58638662593348,36.58638662593348,36.58638662593348,36.58638662593348,36.58638662593348,36.98903757146745,36.98903757146745,37.20476848265769,,,,,,,,,,,,,,,,,,,,,,,,,,,,,,,,,,,,,,,,,,,,,,,,,,,,,,,,,,,,,,,,,,,,,,,,,36.708609022556395,36.61881208637515,,"rgba(239, 83, 80, 1.0)",1.3235325309036714,36.74479780781659,-0.404068502533476,26.84371675253361,-13.54491979020159,False,True,False,True,False,0.0,0.0,0.0,0.0,0.0,0,0.9477313974591652,1.0130671506352087,False,False,False,False,-0.15776630854358573,-0.09164624680716515,False,False,False,False,-439.0,-315.0343824073232,False,False,False,False,15.577708556195217,False,False,False,False
2025-04-03 16:00:00+00:00,36.21,36.21,36.21,36.21,0.0,,,,,,,,,,,,,,,,,,,,,,,,,,,,,,,,,,,,,,,,,,,,,,,,,,,,,,,,,,,,,,,,,,,,,,36.708609022556395,36.7470987654321,37.00438230994152,37.00373493975904,36.3058613034985,36.3058613034985,36.3058613034985,36.42188226181255,36.42188226181255,36.42188226181255,36.42188226181255,36.42188226181255,36.42188226181255,36.58638662593348,36.58638662593348,36.58638662593348,36.58638662593348,36.58638662593348,36.58638662593348,36.98903757146745,36.98903757146745,37.20476848265769,,,,,,,,,,,,,,,,,,,,,,,,,,,,,,,,,,,,,,,,,,,,,,,,,,,,,,,,,,,,,,,,,,,,,,,,,36.708609022556395,36.61881208637515,,"rgba(239, 83, 80, 1.0)",1.3132731339383446,36.74479780781659,-0.4072251186718449,24.568931585857236,-15.838170870804447,False,True,False,True,False,0.0,0.0,0.0,0.0,0.0,0,0.9255898366606171,1.0130671506352087,False,False,False,False,-0.15776630854358573,-0.12470627767537544,False,False,False,False,-439.0,-316.9563299668996,False,False,False,False,15.336193694858856,False,False,False,False
2025-04-03 17:00:00+00:00,36.21,36.21,36.21,36.21,0.0,,,,,,,,,,,,,,,,,,,,,,,,,,,,,,,,,,,,,,,,,,,,,,,,,,,,,,,,,,,,,,,,,,,,,,36.708609022556395,36.7470987654321,37.00438230994152,37.00373493975904,36.3058613034985,36.3058613034985,36.3058613034985,36.42188226181255,36.42188226181255,36.42188226181255,36.42188226181255,36.42188226181255,36.42188226181255,36.58638662593348,36.58638662593348,36.58638662593348,36.58638662593348,36.58638662593348,36.58638662593348,36.98903757146745,36.98903757146745,37.20476848265769,,,,,,,,,,,,,,,,,,,,,,,,,,,,,,,,,,,,,,,,,,,,,,,,,,,,,,,,,,,,,,,,,,,,,,,,,36.708609022556395,36.61881208637515,,"rgba(239, 83, 80, 1.0)",1.3028306742496054,36.74479780781659,-0.4104891129652108,23.05240814140632,-17.59857605745676,False,True,False,True,False,0.0,0.0,0.0,0.0,0.0,0,0.9255898366606171,1.0130671506352087,False,False,False,False,-0.15776630854358573,-0.14123629310948058,False,False,False,False,-439.0,-318.8484798898934,False,False,False,False,15.098423249977323,False,False,False,False
2025-04-03 18:00:00+00:00,36.21,36.21,36.21,36.21,0.0,,,,,,,,,,,,,,,,,,,,,,,,,,,,,,,,,,,,,,,,,,,,,,,,,,,,,,,,,,,,,,,,,,,,,,36.708609022556395,36.7470987654321,37.00438230994152,37.00373493975904,36.3058613034985,36.3058613034985,36.3058613034985,36.42188226181255,36.42188226181255,36.42188226181255,36.42188226181255,36.42188226181255,36.42188226181255,36.58638662593348,36.58638662593348,36.58638662593348,36.58638662593348,36.58638662593348,36.58638662593348,36.98903757146745,36.98903757146745,37.20476848265769,,,,,,,,,,,,,,,,,,,,,,,,,,,,,,,,,,,,,,,,,,,,,,,,,,,,,,,,,,,,,,,,,,,,,,,,,36.708609022556395,36.61881208637515,,"rgba(239, 83, 80, 1.0)",1.29220071377654,36.74479780781659,-0.4138658972363565,22.041392511772376,-19.038535071181684,False,True,False,True,False,0.0,0.0,0.0,0.0,0.0,0,0.9684770224078998,1.013672616786935,False,False,False,False,-0.15776630854358573,-0.14950130082653315,False,False,False,False,-439.0,-320.71129415516634,False,False,False,False,14.864339168582324,False,False,False,False
2025-04-03 19:00:00+00:00,36.21,36.21,35.29,35.29,1.0,,,,,,,,,,,,,,,,,,,,,,,,,,,,,,,,,,,,,,,,,,,,,,,,,,,,,,,,,,,,,,,,,,,,,,36.700310945273635,36.73863970588235,37.002840452719965,37.00219547775347,36.30548367057154,36.30548367057154,36.30548367057154,36.42156278229449,36.42156278229449,36.42156278229449,36.42156278229449,36.42156278229449,36.42156278229449,36.58605078611018,36.58605078611018,36.58605078611018,36.58605078611018,36.58605078611018,36.58605078611018,36.988658591907075,36.988658591907075,37.20435338151779,,,,,,,,,,,,,,,,,,,,,,,,,,,,,,,,,,,,,,,,,,,,,,,,,,,,,,,,,,,,,,,,,,,,,,,,,36.700310945273635,36.61762679859564,,"rgba(239, 83, 80, 1.0)",1.293236954243009,36.742901892667525,-1.1234614723161669,19.174092428523792,-22.25043180860547,False,True,False,True,False,0.0,0.0,0.0,0.0,0.0,0,0.9299082568807341,0.9743119266055045,False,False,False,False,-0.22783655356354057,-0.18866892719503686,False,False,False,False,-440.0,-322.5607314550862,False,False,False,False,14.649388173720583,False,False,False,False
2025-04-04 14:00:00+00:00,35.24,35.24,35.24,35.24,0.0,,,,,,,,,,,,,,,,,,,,,,,,,,,,,,,,,,,,,,,,,,,,,,,,,,,,,,,,,,,,,,,,,,,,,,36.700310945273635,36.73863970588235,37.002840452719965,37.00219547775347,36.30548367057154,36.30548367057154,36.30548367057154,36.42156278229449,36.42156278229449,36.42156278229449,36.42156278229449,36.42156278229449,36.42156278229449,36.58605078611018,36.58605078611018,36.58605078611018,36.58605078611018,36.58605078611018,36.58605078611018,36.988658591907075,36.988658591907075,37.20435338151779,,,,,,,,,,,,,,,,,,,,,,,,,,,,,,,,,,,,,,,,,,,,,,,,,,,,,,,,,,,,,,,,,,,,,,,,,36.700310945273635,36.61762679859564,,"rgba(239, 83, 80, 1.0)",1.2895016147389384,36.742901892667525,-1.165490508495244,17.174307468274343,-24.613799162016935,False,True,False,True,False,0.0,0.0,0.0,0.0,0.0,0,0.9300366300366302,1.008058608058608,False,False,False,False,-0.3082190227552045,-0.2484439749751207,False,False,False,False,-440.0,-324.38149530849574,False,False,False,False,14.422265876453597,False,False,False,False
2025-04-04 15:00:00+00:00,35.24,35.24,35.24,35.24,0.0,,,,,,,,,,,,,,,,,,,,,,,,,,,,,,,,,,,,,,,,,,,,,,,,,,,,,,,,,,,,,,,,,,,,,,36.700310945273635,36.73863970588235,37.002840452719965,37.00219547775347,36.30548367057154,36.30548367057154,36.30548367057154,36.42156278229449,36.42156278229449,36.42156278229449,36.42156278229449,36.42156278229449,36.42156278229449,36.58605078611018,36.58605078611018,36.58605078611018,36.58605078611018,36.58605078611018,36.58605078611018,36.988658591907075,36.988658591907075,37.20435338151779,,,,,,,,,,,,,,,,,,,,,,,,,,,,,,,,,,,,,,,,,,,,,,,,,,,,,,,,,,,,,,,,,,,,,,,,,36.700310945273635,36.61762679859564,,"rgba(239, 83, 80, 1.0)",1.2857500948108933,36.742901892667525,-1.1688911389025163,15.841117494774709,-26.374838604578642,False,True,False,True,False,0.0,0.0,0.0,0.0,0.0,0,0.9421150278293137,1.0081632653061223,False,False,False,False,-0.3082190227552045,-0.2783314988651626,False,False,False,False,-440.0,-326.17403026495316,False,False,False,False,14.19866485511323,False,False,False,False
2025-04-04 16:00:00+00:00,35.24,35.24,32.14,32.14,1.0,,,,,,,,,,,,,,,,,,,,,,,,,,,,,,,,,,,,,,,,,,,,,,,,,,,,,,,,,,,,,,,,,,,,,,36.67418518518519,36.712615571776155,36.998650619985405,36.99801092896175,36.30381674649637,36.30381674649637,36.30381674649637,36.42030572755418,36.42030572755418,36.42030572755418,36.42030572755418,36.42030572755418,36.42030572755418,36.58489314789689,36.58489314789689,36.58489314789689,36.58489314789689,36.58489314789689,36.58489314789689,36.98762040816325,36.98762040816325,37.20331311827955,,,,,,,,,,,,,,,,,,,,,,,,,,,,,,,,,,,,,,,,,,,,,,,,,,,,,,,,,,,,,,,,,,,,,,,,,36.67418518518519,36.613848169668636,,"rgba(239, 83, 80, 1.0)",1.3840335522933656,36.73725762092506,-3.321637407783451,12.285763833018008,-30.159842316385266,False,True,False,True,False,0.0,0.0,0.0,0.0,0.0,0,0.8417657045840409,1.025806451612903,False,False,False,False,-0.34282825441539394,-0.3105798766402783,False,False,False,False,-441.0,-327.95427785774456,False,False,False,False,13.994034392243258,False,False,False,False
2025-04-04 17:00:00+00:00,32.14,32.33,32.14,32.33,3.0,,,,,,,,,,,,,,,,,,,,,,,,,,,,,,,,,,,,,,,,,,,,,,,,,,,,,,,,,,,,,,,,,,,,,,36.57836956521739,36.61734523809524,36.9831697564522,36.982549019607845,36.29738133191641,36.29738133191641,36.29738133191641,36.41548898337843,36.41548898337843,36.41548898337843,36.41548898337843,36.41548898337843,36.41548898337843,36.580503219247724,36.580503219247724,36.580503219247724,36.580503219247724,36.580503219247724,36.580503219247724,36.98376971179987,36.98376971179987,37.19949415506272,,,,,,,,,,,,,,,,,,,,,,,,,,,,,,,,,,,,,,,,,,,,,,,,,,,,,,,,,,,,,,,,,,,,,,,,,36.57836956521739,36.59984383497915,,"rgba(239, 83, 80, 1.0)",1.4795096734640827,36.71641497416878,-2.964776136879558,11.185704494959115,-31.59904750669409,False,True,False,True,False,0.0,0.0,0.0,0.0,0.0,0,0.8427800269905534,1.1174089068825912,False,False,False,False,-0.34282825441539394,-0.32670406552783615,False,False,False,False,-438.0,-329.66041308475627,False,False,False,False,13.823584246627084,False,False,False,False
2025-04-04 18:00:00+00:00,32.33,32.33,32.33,32.33,0.0,,,,,,,,,,,,,,,,,,,,,,,,,,,,,,,,,,,,,,,,,,,,,,,,,,,,,,,,,,,,,,,,,,,,,,36.57836956521739,36.61734523809524,36.9831697564522,36.982549019607845,36.29738133191641,36.29738133191641,36.29738133191641,36.41548898337843,36.41548898337843,36.41548898337843,36.41548898337843,36.41548898337843,36.41548898337843,36.580503219247724,36.580503219247724,36.580503219247724,36.580503219247724,36.580503219247724,36.580503219247724,36.98376971179987,36.98376971179987,37.19949415506272,,,,,,,,,,,,,,,,,,,,,,,,,,,,,,,,,,,,,,,,,,,,,,,,,,,,,,,,,,,,,,,,,,,,,,,,,36.57836956521739,36.59984383497915,,"rgba(239, 83, 80, 1.0)",1.564327092475285,36.71641497416878,-2.8040267251448125,10.452331602919854,-32.764746374903254,False,True,False,True,False,0.0,0.0,0.0,0.0,0.0,0,0.8491902834008097,1.1174089068825912,False,False,False,False,-0.3332066858965299,-0.32995537571218303,False,False,False,False,-438.0,-331.34009660282203,False,False,False,False,13.609265111020461,False,False,False,False
2025-04-04 19:00:00+00:00,32.33,32.33,32.33,32.33,0.0,,,,,,,,,,,,,,,,,,,,,,,,,,,,,,,,,,,,,,,,,,,,,,,,,,,,,,,,,,,,,,,,,,,,,,36.57836956521739,36.61734523809524,36.9831697564522,36.982549019607845,36.29738133191641,36.29738133191641,36.29738133191641,36.41548898337843,36.41548898337843,36.41548898337843,36.41548898337843,36.41548898337843,36.41548898337843,36.580503219247724,36.580503219247724,36.580503219247724,36.580503219247724,36.580503219247724,36.580503219247724,36.98376971179987,36.98376971179987,37.19949415506272,,,,,,,,,,,,,,,,,,,,,,,,,,,,,,,,,,,,,,,,,,,,,,,,,,,,,,,,,,,,,,,,,,,,,,,,,36.57836956521739,36.59984383497915,,"rgba(239, 83, 80, 1.0)",1.643568554881276,36.71641497416878,-2.6688360282517296,9.963416341560347,-33.75277561576262,False,True,False,True,False,0.0,0.0,0.0,0.0,0.0,0,0.8491902834008097,1.1174089068825912,False,False,False,False,-0.3332066858965299,-0.33158103080435647,False,False,False,False,-438.0,-332.9937385159566,False,False,False,False,13.398268752710067,False,False,False,False
2025-04-07 14:00:00+00:00,30.63,30.63,30.63,30.63,0.0,,,,,,,,,,,,,,,,,,,,,,,,,,,,,,,,,,,,,,,,,,,,,,,,,,,,,,,,,,,,,,,,,,,,,,36.57836956521739,36.61734523809524,36.9831697564522,36.982549019607845,36.29738133191641,36.29738133191641,36.29738133191641,36.41548898337843,36.41548898337843,36.41548898337843,36.41548898337843,36.41548898337843,36.41548898337843,36.580503219247724,36.580503219247724,36.580503219247724,36.580503219247724,36.580503219247724,36.580503219247724,36.98376971179987,36.98376971179987,37.19949415506272,,,,,,,,,,,,,,,,,,,,,,,,,,,,,,,,,,,,,,,,,,,,,,,,,,,,,,,,,,,,,,,,,,,,,,,,,36.57836956521739,36.59984383497915,,"rgba(239, 83, 80, 1.0)",1.7891082810834507,36.71641497416878,-3.4019265566659604,8.623310775679505,-35.52965589364237,False,True,False,True,False,0.0,0.0,0.0,0.0,0.0,0,0.8573707721761328,1.1110402042118699,False,False,False,False,-0.34282825441539394,-0.3372046426098752,False,False,False,False,-438.0,-334.62174256997275,False,False,False,False,13.190543655768824,False,False,False,False
2025-04-07 15:00:00+00:00,30.63,32.72,30.63,32.72,100.0,,,,,,,,,,,,,,,,,,,,,,,,,,,,,,,,,,,,,,,,,,,,,,,,,,,,,,,,,,,,,,,,,,,,,,34.66448879551821,34.70317361111111,36.495476892822026,36.49539620170269,36.08173814328961,36.08173814328961,36.08173814328961,36.252029524872846,36.252029524872846,36.252029524872846,36.252029524872846,36.252029524872846,36.252029524872846,36.43113678575332,36.43113678575332,36.43113678575332,36.43113678575332,36.43113678575332,36.43113678575332,36.85247176636667,36.85247176636667,37.06937447628622,,,,,,,,,,,,,,,,,,,,,,,,,,,,,,,,,,,,,,,,,,,,,,,,,,,,,,,,,,,,,,,,,,,32.02333333333333,32.02333333333333,,,,,34.66448879551821,36.248957536536345,32.02333333333333,"rgba(239, 83, 80, 0.75)",1.84707286569077,35.76049486729384,-1.6461152798954455,17.729542774504658,-38.51469660714955,False,True,False,True,True,0.0,0.0,0.0,0.0,0.0,0,0.8658060642449715,1.0453317322125488,False,False,False,False,-0.25804073871194866,-0.29762269066091196,False,False,False,False,-338.0,-334.6741186541592,False,False,False,False,14.53642669986543,False,False,False,False
2025-04-07 16:00:00+00:00,32.72,32.72,31.615,31.615,1.0,,,,,,,,,,,,,,,,,,,,,,,,,,,,,,,,,,,,,,,,,,,,,,,,,,,,,,,,,,,,,,,,,,,,,,34.653270571827065,34.691887966804984,36.491044531761624,36.490968269545306,36.07967137334007,36.07967137334007,36.07967137334007,36.250441468253975,36.250441468253975,36.250441468253975,36.250441468253975,36.250441468253975,36.250441468253975,36.429679445172575,36.429679445172575,36.429679445172575,36.429679445172575,36.429679445172575,36.429679445172575,36.85118329364028,36.85118329364028,37.06809625534052,,,,,,,,,,,,,,,,,,,,,,,,,,,,,,,,,,,,,,,,,,,,,,,,,,,,,,,,,,,,,,,,,,,32.02293729372937,32.02293729372937,,,,,34.653270571827065,36.24624426286998,32.02293729372937,"rgba(239, 83, 80, 0.75)",1.936667117117051,35.75626420934049,-2.138345910217775,21.8899639430397,-34.77475985282655,False,True,False,True,True,0.0,0.0,0.0,0.0,0.0,0,0.8939549933813797,1.0444182968083544,False,False,False,False,-0.21937161827836388,-0.25849715446963795,False,False,False,False,-339.0,-334.74118658200166,False,False,False,False,14.32655961924736,False,False,False,False
2025-04-07 17:00:00+00:00,31.615,31.615,31.615,31.615,0.0,,,,,,,,,,,,,,,,,,,,,,,,,,,,,,,,,,,,,,,,,,,,,,,,,,,,,,,,,,,,,,,,,,,,,,34.653270571827065,34.691887966804984,36.491044531761624,36.490968269545306,36.07967137334007,36.07967137334007,36.07967137334007,36.250441468253975,36.250441468253975,36.250441468253975,36.250441468253975,36.250441468253975,36.250441468253975,36.429679445172575,36.429679445172575,36.429679445172575,36.429679445172575,36.429679445172575,36.429679445172575,36.85118329364028,36.85118329364028,37.06809625534052,,,,,,,,,,,,,,,,,,,,,,,,,,,,,,,,,,,,,,,,,,,,,,,,,,,,,,,,,,,,,,,,,,,32.02293729372937,32.02293729372937,,,,,34.653270571827065,36.24624426286998,32.02293729372937,"rgba(239, 83, 80, 0.75)",2.0212142858166087,35.75626420934049,-2.0488991387013407,24.663578055396393,-32.281028224966576,False,True,False,True,True,0.0,0.0,0.0,0.0,0.0,0,0.8939549933813797,1.0769230769230773,False,False,False,False,-0.26280149946510317,-0.26064932696737053,False,False,False,False,-339.0,-334.8072146970094,False,False,False,False,14.104442415848176,False,False,False,False
2025-04-07 18:00:00+00:00,31.615,31.615,31.615,31.615,0.0,,,,,,,,,,,,,,,,,,,,,,,,,,,,,,,,,,,,,,,,,,,,,,,,,,,,,,,,,,,,,,,,,,,,,,34.653270571827065,34.691887966804984,36.491044531761624,36.490968269545306,36.07967137334007,36.07967137334007,36.07967137334007,36.250441468253975,36.250441468253975,36.250441468253975,36.250441468253975,36.250441468253975,36.250441468253975,36.429679445172575,36.429679445172575,36.429679445172575,36.429679445172575,36.429679445172575,36.429679445172575,36.85118329364028,36.85118329364028,37.06809625534052,,,,,,,,,,,,,,,,,,,,,,,,,,,,,,,,,,,,,,,,,,,,,,,,,,,,,,,,,,,,,,,,,,,32.02293729372937,32.02293729372937,,,,,34.653270571827065,36.24624426286998,32.02293729372937,"rgba(239, 83, 80, 0.75)",2.1000853521908214,35.75626420934049,-1.9719504281196494,26.51265413030086,-30.518200296415937,False,True,False,True,True,0.0,0.0,0.0,0.0,0.0,0,0.8939549933813797,1.0769230769230773,False,False,False,False,-0.26280149946510317,-0.2617254132162369,False,False,False,False,-339.0,-334.87221912031157,False,False,False,False,13.885768890021073,False,False,False,False
2025-04-07 19:00:00+00:00,31.615,32.79,31.615,32.79,26.0,,,,,,,,,,,,,,,,,,,,,,,,,,,,,,,,,,,,,,,,,,,,,,,,,,,,,,,,,,,,,,,,,,,,,,34.43203144654088,34.46854556803995,36.38911877394636,36.389141945773524,36.032028372324554,36.032028372324554,36.032028372324554,36.213538442643085,36.213538442643085,36.213538442643085,36.213538442643085,36.213538442643085,36.213538442643085,36.395626489062174,36.395626489062174,36.395626489062174,36.395626489062174,36.395626489062174,36.395626489062174,36.820756460797185,36.820756460797185,37.037780690803146,,,,,,,,,,,,,,,,,,,,,,,,,,,,,,,,,,,,,,,,,,,,,,,,,,,,,,,,,,,,,,,,,,,32.099790026246716,32.099790026246716,,,,,34.43203144654088,36.18678209335924,32.099790026246716,"rgba(239, 83, 80, 0.75)",2.1431335818258073,35.67128265258041,-1.344425133838717,32.269386174504014,-25.111106093230877,False,True,False,True,True,0.0,0.0,0.0,0.0,0.0,0,0.8974978675007109,1.0409439863520047,False,False,False,False,-0.2166492543942742,-0.23918733380525553,False,False,False,False,-313.0,-334.5331149479036,False,False,False,False,14.073586426609893,False,False,False,False
2025-04-08 14:00:00+00:00,32.3,32.3,32.3,32.3,0.0,,,,,,,,,,,,,,,,,,,,,,,,,,,,,,,,,,,,,,,,,,,,,,,,,,,,,,,,,,,,,,,,,,,,,,34.43203144654088,34.46854556803995,36.38911877394636,36.389141945773524,36.032028372324554,36.032028372324554,36.032028372324554,36.213538442643085,36.213538442643085,36.213538442643085,36.213538442643085,36.213538442643085,36.213538442643085,36.395626489062174,36.395626489062174,36.395626489062174,36.395626489062174,36.395626489062174,36.395626489062174,36.820756460797185,36.820756460797185,37.037780690803146,,,,,,,,,,,,,,,,,,,,,,,,,,,,,,,,,,,,,,,,,,,,,,,,,,,,,,,,,,,,,,,,,,,32.099790026246716,32.099790026246716,,,,,34.43203144654088,36.18678209335924,32.099790026246716,"rgba(239, 83, 80, 0.75)",2.195833482913642,35.67128265258041,-1.5353088833070674,34.88700542482519,-22.683797295484002,False,True,False,True,True,0.0,0.0,0.0,0.0,0.0,0,0.9043746494671903,1.0403813796971395,False,False,False,False,-0.20908203702770872,-0.22413468541648213,False,False,False,False,-313.0,-334.1992682045252,False,False,False,False,13.85539128821284,False,False,False,False
2025-04-08 15:00:00+00:00,32.3,33.51,32.3,33.51,100.0,,,,,,,,,,,,,,,,,,,,,,,,,,,,,,,,,,,,,,,,,,,,,,,,,,,,,,,,,,,,,,,,,,,,,,34.06891780821918,34.09746139872843,36.10219114219114,36.10246288209607,35.89331989884623,35.89331989884623,35.89331989884623,36.10313077469794,36.10313077469794,36.10313077469794,36.10313077469794,36.10313077469794,36.10313077469794,36.292134990560115,36.292134990560115,36.292134990560115,36.292134990560115,36.292134990560115,36.292134990560115,36.72564532650446,36.72564532650446,36.9420166463662,,,,,,,,,,,,,,,,,,,,,,,,,,,,,,,,,,,,,,,,,,,,,,,,,,,,,,,,,,,,,,,,,,,32.54334801762115,32.54334801762115,,,,,34.06891780821918,36.0370861281226,32.54334801762115,"rgba(239, 83, 80, 0.75)",2.2208595203229273,35.48067521229687,-0.8873479813843994,40.39417882615642,-17.546307815121082,False,True,False,True,True,0.0,0.0,0.0,0.0,0.0,0,0.9164612434949327,1.0062996439331688,False,False,False,False,-0.16261569838292375,-0.19337519189970293,False,False,False,False,-213.0,-332.3202097827496,False,False,False,False,15.190966617077756,False,False,False,False
2025-04-08 16:00:00+00:00,33.51,33.51,33.51,33.51,0.0,,,,,,,,,,,,,,,,,,,,,,,,,,,,,,,,,,,,,,,,,,,,,,,,,,,,,,,,,,,,,,,,,,,,,,34.06891780821918,34.09746139872843,36.10219114219114,36.10246288209607,35.89331989884623,35.89331989884623,35.89331989884623,36.10313077469794,36.10313077469794,36.10313077469794,36.10313077469794,36.10313077469794,36.10313077469794,36.292134990560115,36.292134990560115,36.292134990560115,36.292134990560115,36.292134990560115,36.292134990560115,36.72564532650446,36.72564532650446,36.9420166463662,,,,,,,,,,,,,,,,,,,,,,,,,,,,,,,,,,,,,,,,,,,,,,,,,,,,,,,,,,,,,,,,,,,32.54334801762115,32.54334801762115,,,,,34.06891780821918,36.0370861281226,32.54334801762115,"rgba(239, 83, 80, 0.5)",2.2443111826760256,35.48067521229687,-0.8780757443569488,44.06562776037724,-14.160982018090962,False,False,False,True,True,0.0,0.0,0.0,0.0,0.0,0,0.9496028485346482,0.9964393316899479,False,False,False,False,-0.11683565398483764,-0.15510542294227028,False,False,False,False,-213.0,-330.4702840496837,False,False,False,False,14.95544775479748,False,False,False,False
2025-04-08 17:00:00+00:00,33.51,33.51,33.51,33.51,0.0,,,,,,,,,,,,,,,,,,,,,,,,,,,,,,,,,,,,,,,,,,,,,,,,,,,,,,,,,,,,,,,,,,,,,,34.06891780821918,34.09746139872843,36.10219114219114,36.10246288209607,35.89331989884623,35.89331989884623,35.89331989884623,36.10313077469794,36.10313077469794,36.10313077469794,36.10313077469794,36.10313077469794,36.10313077469794,36.292134990560115,36.292134990560115,36.292134990560115,36.292134990560115,36.292134990560115,36.292134990560115,36.72564532650446,36.72564532650446,36.9420166463662,,,,,,,,,,,,,,,,,,,,,,,,,,,,,,,,,,,,,,,,,,,,,,,,,,,,,,,,,,,,,,,,,,,32.54334801762115,32.54334801762115,,,,,34.06891780821918,36.0370861281226,32.54334801762115,#000000,2.2671072014933573,35.48067521229687,-0.8692465936320873,46.51326038319112,-11.81216707422179,False,False,False,False,True,0.0,0.0,0.0,0.0,0.0,0,0.9496028485346482,0.9964393316899479,False,False,False,False,-0.11683565398483764,-0.13597053846355395,False,False,False,False,-213.0,-328.6490393357351,False,False,False,False,14.723580347746354,False,False,False,False
2025-04-08 18:00:00+00:00,33.51,34.0,33.51,33.8,10.0,,,,,,,,,,,,,,,,,,,,,,,,,,,,,,,,,,,,,,,,,,,,,,,,,,,,,,,,,,,,,,,,,,,,,,34.06094666666667,34.08877541998232,36.08198151357596,36.0822683982684,35.88329951234861,35.88329951234861,35.88329951234861,36.09486898016997,36.09486898016997,36.09486898016997,36.09486898016997,36.09486898016997,36.09486898016997,36.28422365119198,36.28422365119198,36.28422365119198,36.28422365119198,36.28422365119198,36.28422365119198,36.718095785440596,36.718095785440596,36.934308221952186,,,,,,,,,,,,,,,,,,,,,,,,,,,,,,,,,,,,,,,,,,,,,,,,,,,,,,,,,,,,,,,,,,,32.59510548523207,32.59510548523207,,,,,34.06094666666667,36.02767845984292,32.59510548523207,#000000,2.2847772142856515,35.47107640259956,-0.7313957755491848,49.12387773065177,-9.192837677735298,False,False,False,False,True,0.0,0.0,0.0,0.0,0.0,0,0.9502702702702702,0.9832432432432431,False,False,False,False,-0.09844495996870407,-0.117207749216129,False,False,False,False,-203.0,-326.70099221425085,False,False,False,False,14.650346543905325,False,False,False,False
2025-04-08 19:00:00+00:00,33.8,33.8,33.8,33.8,0.0,,,,,,,,,,,,,,,,,,,,,,,,,,,,,,,,,,,,,,,,,,,,,,,,,,,,,,,,,,,,,,,,,,,,,,34.06094666666667,34.08877541998232,36.08198151357596,36.0822683982684,35.88329951234861,35.88329951234861,35.88329951234861,36.09486898016997,36.09486898016997,36.09486898016997,36.09486898016997,36.09486898016997,36.09486898016997,36.28422365119198,36.28422365119198,36.28422365119198,36.28422365119198,36.28422365119198,36.28422365119198,36.718095785440596,36.718095785440596,36.934308221952186,,,,,,,,,,,,,,,,,,,,,,,,,,,,,,,,,,,,,,,,,,,,,,,,,,,,,,,,,,,,,,,,,,,32.59510548523207,32.59510548523207,,,,,34.06094666666667,36.02767845984292,32.59510548523207,"rgba(38, 166, 154, 0.5)",2.3020016750019314,35.47107640259956,-0.7259231914321513,50.86428929562554,-7.288222941546891,False,False,True,False,True,0.0,0.0,0.0,0.0,0.0,0,0.983083749306711,0.9883527454242927,False,False,False,False,-0.0950746439300537,-0.10614119657309135,False,False,False,False,-203.0,-324.7831473737198,False,False,False,False,14.423209388185862,False,False,False,False
2025-04-09 14:00:00+00:00,33.8,33.8,33.8,33.8,0.0,,,,,,,,,,,,,,,,,,,,,,,,,,,,,,,,,,,,,,,,,,,,,,,,,,,,,,,,,,,,,,,,,,,,,,34.06094666666667,34.08877541998232,36.08198151357596,36.0822683982684,35.88329951234861,35.88329951234861,35.88329951234861,36.09486898016997,36.09486898016997,36.09486898016997,36.09486898016997,36.09486898016997,36.09486898016997,36.28422365119198,36.28422365119198,36.28422365119198,36.28422365119198,36.28422365119198,36.28422365119198,36.718095785440596,36.718095785440596,36.934308221952186,,,,,,,,,,,,,,,,,,,,,,,,,,,,,,,,,,,,,,,,,,,,,,,,,,,,,,,,,,,,,,,,,,,32.59510548523207,32.59510548523207,,,,,34.06094666666667,36.02767845984292,32.59510548523207,"rgba(38, 166, 154, 1.0)",2.3189096303810253,35.47107640259956,-0.7206302396204124,52.024563672274724,-5.812785483498359,True,False,True,False,True,0.0,0.0,0.0,0.0,0.0,0,0.9733777038269552,0.9719911259012756,False,False,False,False,-0.0950746439300537,-0.10060792025157253,False,False,False,False,-203.0,-322.89503656172417,False,False,False,False,14.199593738756624,False,False,False,False
2025-04-09 15:00:00+00:00,33.8,33.8,33.8,33.8,0.0,,,,,,,,,,,,,,,,,,,,,,,,,,,,,,,,,,,,,,,,,,,,,,,,,,,,,,,,,,,,,,,,,,,,,,34.06094666666667,34.08877541998232,36.08198151357596,36.0822683982684,35.88329951234861,35.88329951234861,35.88329951234861,36.09486898016997,36.09486898016997,36.09486898016997,36.09486898016997,36.09486898016997,36.09486898016997,36.28422365119198,36.28422365119198,36.28422365119198,36.28422365119198,36.28422365119198,36.28422365119198,36.718095785440596,36.718095785440596,36.934308221952186,,,,,,,,,,,,,,,,,,,,,,,,,,,,,,,,,,,,,,,,,,,,,,,,,,,,,,,,,,,,,,,,,,,32.59510548523207,32.59510548523207,,,,,34.06094666666667,36.02767845984292,32.59510548523207,"rgba(38, 166, 154, 1.0)",2.3353741371267156,35.47107640259956,-0.7155497596867019,52.798079923374175,-4.601422519182343,True,False,True,False,True,0.0,0.0,0.0,0.0,0.0,0,0.9754178957718779,0.9823008849557522,False,False,False,False,-0.0950746439300537,-0.09784128209081311,False,False,False,False,-203.0,-321.03619878557345,False,False,False,False,13.979444998620862,False,False,False,False
2025-04-09 16:00:00+00:00,33.8,33.8,33.8,33.8,0.0,,,,,,,,,,,,,,,,,,,,,,,,,,,,,,,,,,,,,,,,,,,,,,,,,,,,,,,,,,,,,,,,,,,,,,34.06094666666667,34.08877541998232,36.08198151357596,36.0822683982684,35.88329951234861,35.88329951234861,35.88329951234861,36.09486898016997,36.09486898016997,36.09486898016997,36.09486898016997,36.09486898016997,36.09486898016997,36.28422365119198,36.28422365119198,36.28422365119198,36.28422365119198,36.28422365119198,36.28422365119198,36.718095785440596,36.718095785440596,36.934308221952186,,,,,,,,,,,,,,,,,,,,,,,,,,,,,,,,,,,,,,,,,,,,,,,,,,,,,,,,,,,,,,,,,,,32.59510548523207,32.59510548523207,,,,,34.06094666666667,36.02767845984292,32.59510548523207,"rgba(38, 166, 154, 1.0)",2.3514045103238117,35.47107640259956,-0.7106715987243881,53.313757424107145,-3.561110774361808,True,False,True,False,True,0.0,0.0,0.0,0.0,0.0,0,0.9687941259531206,0.9822084157017791,False,False,False,False,-0.0950746439300537,-0.09645796301043341,False,False,False,False,-203.0,-319.20618019975063,False,False,False,False,13.762709417246894,False,False,False,False
2025-04-09 17:00:00+00:00,33.8,33.8,33.8,33.8,0.0,,,,,,,,,,,,,,,,,,,,,,,,,,,,,,,,,,,,,,,,,,,,,,,,,,,,,,,,,,,,,,,,,,,,,,34.06094666666667,34.08877541998232,36.08198151357596,36.0822683982684,35.88329951234861,35.88329951234861,35.88329951234861,36.09486898016997,36.09486898016997,36.09486898016997,36.09486898016997,36.09486898016997,36.09486898016997,36.28422365119198,36.28422365119198,36.28422365119198,36.28422365119198,36.28422365119198,36.28422365119198,36.718095785440596,36.718095785440596,36.934308221952186,,,,,,,,,,,,,,,,,,,,,,,,,,,,,,,,,,,,,,,,,,,,,,,,,,,,,,,,,,,,,,,,,,,32.59510548523207,32.59510548523207,,,,,34.06094666666667,36.02767845984292,32.59510548523207,"rgba(38, 166, 154, 1.0)",2.3670095703875607,35.47107640259956,-0.705986331236484,53.65754242459579,-2.6409436297672357,True,False,True,False,True,0.0,0.0,0.0,0.0,0.0,0,0.9856342479528803,0.9780203993679069,False,False,False,False,-0.0950746439300537,-0.09576630347024356,False,False,False,False,-203.0,-317.40453399510335,False,False,False,False,13.549334077444616,False,False,False,False
2025-04-09 18:00:00+00:00,33.8,33.8,33.25,33.25,9.0,,,,,,,,,,,,,,,,,,,,,,,,,,,,,,,,,,,,,,,,,,,,,,,,,,,,,,,,,,,,,,,,,,,,,,34.04623697916667,34.07349309153713,36.061484666093435,36.061786941580756,35.87293781328322,35.87293781328322,35.87293781328322,36.08641369572891,36.08641369572891,36.08641369572891,36.08641369572891,36.08641369572891,36.08641369572891,36.27619799812325,36.27619799812325,36.27619799812325,36.27619799812325,36.27619799812325,36.27619799812325,36.710561926605486,36.710561926605486,36.926667879081776,,,,,,,,,,,,,,,,,,,,,,,,,,,,,,,,,,,,,,,,,,,,,,,,,,,,,,,,,,,,,,,,,,,32.62577235772358,32.62577235772358,,,,,34.04623697916667,36.01751259152879,32.62577235772358,#000000,2.390093118921754,35.45845277388834,-0.9240028166286014,50.471156026105994,-2.6409436297672357,True,False,False,False,False,0.0,0.0,0.0,0.0,0.0,0,0.9766548042704628,0.9609964412811387,False,False,False,False,-0.11570755459477622,-0.10573692903250989,False,False,False,False,-212.0,-315.77035517347383,False,False,False,False,13.478801766166406,False,False,False,False
2025-04-09 19:00:00+00:00,33.25,33.25,33.25,33.25,0.0,,,,,,,,,,,,,,,,,,,,,,,,,,,,,,,,,,,,,,,,,,,,,,,,,,,,,,,,,,,,,,,,,,,,,,34.04623697916667,34.07349309153713,36.061484666093435,36.061786941580756,35.87293781328322,35.87293781328322,35.87293781328322,36.08641369572891,36.08641369572891,36.08641369572891,36.08641369572891,36.08641369572891,36.08641369572891,36.27619799812325,36.27619799812325,36.27619799812325,36.27619799812325,36.27619799812325,36.27619799812325,36.710561926605486,36.710561926605486,36.926667879081776,,,,,,,,,,,,,,,,,,,,,,,,,,,,,,,,,,,,,,,,,,,,,,,,,,,,,,,,,,,,,,,,,,,32.62577235772358,32.62577235772358,,,,,34.04623697916667,36.01751259152879,32.62577235772358,"rgba(239, 83, 80, 0.5)",2.412358705193431,35.45845277388834,-0.9154744562381565,48.3468984271128,-2.6409436297672357,True,False,False,True,False,0.0,0.0,0.0,0.0,0.0,0,0.9798628963153385,0.970008568980291,False,False,False,False,-0.13643902786669584,-0.12108797844960287,False,False,False,False,-212.0,-314.161512457606,False,False,False,False,13.269828095373128,False,False,False,False
2025-04-10 14:00:00+00:00,33.25,34.895,33.25,34.895,3.0,,,,,,,,,,,,,,,,,,,,,,,,,,,,,,,,,,,,,,,,,,,,,,,,,,,,,,,,,,,,,,,,,,,,,34.34666666666667,34.048565891472876,34.0755998286204,36.057072612921665,36.05737789203085,35.87078914437667,35.87078914437667,35.87078914437667,36.08457334273624,36.08457334273624,36.08457334273624,36.08457334273624,36.08457334273624,36.08457334273624,36.274389062500006,36.274389062500006,36.274389062500006,36.274389062500006,36.274389062500006,36.274389062500006,36.70875604787368,36.70875604787368,36.924792423875274,,,,,,,,,,,,,,,,,,,,,,,,,,,,,,,,,,,,,,,,,,,,,,,,,,,,,,,,,,,,,,,,,,,32.64650602409638,32.64650602409638,,,,,34.048565891472876,35.943205620690534,32.64650602409638,"rgba(38, 166, 154, 1.0)",2.4158115939902394,35.305312254026646,-0.16984447588850357,54.691305714215666,-1.346263815900386,True,False,True,False,True,0.0,0.0,0.0,0.0,0.0,0,0.9814359814359812,0.9232869232869233,False,False,False,False,-0.07470866901963288,-0.09789832373461788,False,False,False,False,-209.0,-312.53110141175165,False,False,False,False,13.110605954359592,False,False,False,False
2025-04-10 15:00:00+00:00,34.895,34.895,34.895,34.895,0.0,,,,,,,,,,,,,,,,,,,,,,,,,,,,,,,,,,,,,,,,,,,,,,,,,,,,,,,,,,,,,,,,,,,,,34.34666666666667,34.048565891472876,34.0755998286204,36.057072612921665,36.05737789203085,35.87078914437667,35.87078914437667,35.87078914437667,36.08457334273624,36.08457334273624,36.08457334273624,36.08457334273624,36.08457334273624,36.08457334273624,36.274389062500006,36.274389062500006,36.274389062500006,36.274389062500006,36.274389062500006,36.274389062500006,36.70875604787368,36.70875604787368,36.924792423875274,,,,,,,,,,,,,,,,,,,,,,,,,,,,,,,,,,,,,,,,,,,,,,,,,,,,,,,,,,,,,,,,,,,32.64650602409638,32.64650602409638,,,,,34.048565891472876,35.943205620690534,32.64650602409638,"rgba(38, 166, 154, 1.0)",2.4192130728590024,35.305312254026646,-0.16960566997173987,58.92091057228424,2.5341433328852787,True,False,True,False,True,0.0,0.0,0.0,0.0,0.0,0,1.0263445263445263,0.9226044226044224,False,False,False,False,-0.013542146672928669,-0.05572023520377327,False,False,False,False,-209.0,-310.9259680565307,False,False,False,False,12.90734074576487,False,False,False,False
2025-04-10 16:00:00+00:00,34.895,34.895,34.2,34.2,2.0,,,,,,,,,,,,,,,,,,,,,,,,,,,,,,,,,,,,,,,,,,,,,,,,,,,,,,,,,,,,,,,,,,,,,34.38066666666667,34.05053556126821,34.07742114236999,36.05428938356164,36.05459652124323,35.86943975621192,35.86943975621192,35.86943975621192,36.08340850364106,36.08340850364106,36.08340850364106,36.08340850364106,36.08340850364106,36.08340850364106,36.27323808036645,36.27323808036645,36.27323808036645,36.27323808036645,36.27323808036645,36.27323808036645,36.707596928819875,36.707596928819875,36.92358480665212,,,,,,,,,,,,,,,,,,,,,,,,,,,,,,,,,,,,,,,,,,,,,,,,,,,,,,,,,,,,,,,,,,,32.660730411686586,32.660730411686586,,,,,34.05053556126821,35.94367333530793,32.660730411686586,"rgba(38, 166, 154, 1.0)",2.4286025288719544,35.16477739460171,-0.3972561928648848,57.64986330657816,2.5341433328852787,True,False,True,False,True,0.0,0.0,0.0,0.0,0.0,0,1.007278608976951,0.9235746057420136,False,False,False,False,-0.03934575802082169,-0.047532996612297485,False,False,False,False,-211.0,-309.37672824170073,False,False,False,False,12.738234687690996,False,False,False,False
2025-04-10 17:00:00+00:00,34.2,34.2,34.2,34.2,0.0,,,,,,,,,,,,,,,,,,,,,,,,,,,,,,,,,,,,,,,,,,,,,,,,,,,,,,,,,,,,,,,,,,,,,34.38066666666667,34.05053556126821,34.07742114236999,36.05428938356164,36.05459652124323,35.86943975621192,35.86943975621192,35.86943975621192,36.08340850364106,36.08340850364106,36.08340850364106,36.08340850364106,36.08340850364106,36.08340850364106,36.27323808036645,36.27323808036645,36.27323808036645,36.27323808036645,36.27323808036645,36.27323808036645,36.707596928819875,36.707596928819875,36.92358480665212,,,,,,,,,,,,,,,,,,,,,,,,,,,,,,,,,,,,,,,,,,,,,,,,,,,,,,,,,,,,,,,,,,,32.660730411686586,32.660730411686586,,,,,34.05053556126821,35.94367333530793,32.660730411686586,"rgba(38, 166, 154, 1.0)",2.43773317572618,35.16477739460171,-0.39576825068818494,56.80249846277411,2.5341433328852787,True,False,True,False,True,0.0,0.0,0.0,0.0,0.0,0,1.007278608976951,0.9423102844049063,False,False,False,False,-0.0652018554240196,-0.05636742601815854,False,False,False,False,-211.0,-307.85150764880615,False,False,False,False,12.54074267702912,False,False,False,False
2025-04-10 18:00:00+00:00,34.2,34.2,34.2,34.2,0.0,,,,,,,,,,,,,,,,,,,,,,,,,,,,,,,,,,,,,,,,,,,,,,,,,,,,,,,,,,,,,,,,,,,,,34.38066666666667,34.05053556126821,34.07742114236999,36.05428938356164,36.05459652124323,35.86943975621192,35.86943975621192,35.86943975621192,36.08340850364106,36.08340850364106,36.08340850364106,36.08340850364106,36.08340850364106,36.08340850364106,36.27323808036645,36.27323808036645,36.27323808036645,36.27323808036645,36.27323808036645,36.27323808036645,36.707596928819875,36.707596928819875,36.92358480665212,,,,,,,,,,,,,,,,,,,,,,,,,,,,,,,,,,,,,,,,,,,,,,,,,,,,,,,,,,,,,,,,,,,32.660730411686586,32.660730411686586,,,,,34.05053556126821,35.94367333530793,32.660730411686586,"rgba(38, 166, 154, 0.75)",2.4466169269804787,35.16477739460171,-0.3943312023890865,56.23758856690475,2.5341433328852787,True,False,True,False,False,0.0,0.0,0.0,0.0,0.0,0,1.007278608976951,0.9423102844049063,False,False,False,False,-0.0652018554240196,-0.06078464072108907,False,False,False,False,-211.0,-306.34993388680914,False,False,False,False,12.346312558005414,False,False,False,False
2025-04-10 19:00:00+00:00,34.2,34.2,34.2,34.2,0.0,,,,,,,,,,,,,,,,,,,,,,,,,,,,,,,,,,,,,,,,,,,,,,,,,,,,,,,,,,,,,,,,,,,,,34.38066666666667,34.05053556126821,34.07742114236999,36.05428938356164,36.05459652124323,35.86943975621192,35.86943975621192,35.86943975621192,36.08340850364106,36.08340850364106,36.08340850364106,36.08340850364106,36.08340850364106,36.08340850364106,36.27323808036645,36.27323808036645,36.27323808036645,36.27323808036645,36.27323808036645,36.27323808036645,36.707596928819875,36.707596928819875,36.92358480665212,,,,,,,,,,,,,,,,,,,,,,,,,,,,,,,,,,,,,,,,,,,,,,,,,,,,,,,,,,,,,,,,,,,32.660730411686586,32.660730411686586,,,,,34.05053556126821,35.94367333530793,32.660730411686586,"rgba(38, 166, 154, 0.75)",2.4552564626322266,35.16477739460171,-0.3929436330929712,55.860981969658496,2.5341433328852787,True,False,True,False,False,0.0,0.0,0.0,0.0,0.0,0,1.0157672964523583,0.9418241130895746,False,False,False,False,-0.0652018554240196,-0.06299324807255434,False,False,False,False,-211.0,-304.8716403381764,False,False,False,False,12.154896859431686,False,False,False,False
2025-04-11 14:00:00+00:00,34.49,34.49,34.09,34.09,1.0,,,,,,,,,,,,,,,,,,,,,,,,,,,,,,,,,,,,,,,,,,,,,,,,,,,,,,,,,,,,,,,,,,,,,34.35444444444445,34.05097863247864,34.07779336734694,36.05272312517821,36.05303133903134,35.868668384879726,35.868668384879726,35.868668384879726,36.08275331689561,36.08275331689561,36.08275331689561,36.08275331689561,36.08275331689561,36.08275331689561,36.27259808512853,36.27259808512853,36.27259808512853,36.27259808512853,36.27259808512853,36.27259808512853,36.70696480067853,36.70696480067853,36.92293099273606,,,,,,,,,,,,,,,,,,,,,,,,,,,,,,,,,,,,,,,,,,,,,,,,,,,,,,,,,,,,,,,,,,,32.66693121693121,32.66693121693121,,,,,34.05097863247864,35.94191065518941,32.66693121693121,"rgba(38, 166, 154, 0.75)",2.464735347523817,35.15495004659546,-0.43207480578608665,54.79913488046685,2.5341433328852787,True,False,True,False,False,0.0,0.0,0.0,0.0,0.0,0,1.0104881000403387,0.9284657792120478,False,False,False,False,-0.05849834324971144,-0.06074579566113289,False,False,False,False,-212.0,-303.43176994533644,False,False,False,False,11.981952722076155,False,False,False,False
2025-04-11 15:00:00+00:00,34.09,34.76,34.09,34.76,1.0,,,,,,,,,,,,,,,,,,,,,,,,,,,,,,,,,,,,,,,,,,,,,,,,,,,,,,,,,,,,,,,,,,,,,34.380476190476195,34.05222080136403,34.07896098388465,36.051427350427346,36.05173640762881,35.86804449648712,35.86804449648712,35.86804449648712,36.08220892018779,36.08220892018779,36.08220892018779,36.08220892018779,36.08220892018779,36.08220892018779,36.27205628381191,36.27205628381191,36.27205628381191,36.27205628381191,36.27205628381191,36.27205628381191,36.70641270245059,36.70641270245059,36.92235334463001,,,,,,,,,,,,,,,,,,,,,,,,,,,,,,,,,,,,,,,,,,,,,,,,,,,,,,,,,,,,,,,,,,,32.67432147562582,32.67432147562582,,,,,34.05222080136403,35.942596747685734,32.67432147562582,"rgba(38, 166, 154, 1.0)",2.468274542310121,35.162013815165196,-0.16287240672544587,57.754351062438374,2.55474514649638,True,False,True,False,True,0.0,0.0,0.0,0.0,0.0,0,1.017154255319149,0.9220744680851064,False,False,False,False,-0.04845272433640998,-0.05459925999877144,False,False,False,False,-211.0,-301.99871924850953,False,False,False,False,11.81168988917575,False,False,False,False
2025-04-11 16:00:00+00:00,34.76,34.76,34.2,34.2,104.0,,,,,,,,,,,,,,,,,,,,,,,,,,,,,,,,,,,,,,,,,,,,,,,,,,,,,,,,,,,,,,,,,,,,,34.38627627627628,34.12248821548822,34.14335010060363,35.915528519099944,35.91591895424837,35.79923552181034,35.79923552181034,35.79923552181034,36.022312047101444,36.022312047101444,36.022312047101444,36.022312047101444,36.022312047101444,36.022312047101444,36.21278164046756,36.21278164046756,36.21278164046756,36.21278164046756,36.21278164046756,36.21278164046756,36.646622470053686,36.646622470053686,36.860083825265626,,,,,,,,,,,,,,,,,,,,,,,,,,,,,,,,,,,,,,,,,,,,,,,,,,,,,,,,,,,,,,,,,,,33.17315592903828,33.17315592903828,,,,,34.12248821548822,35.88891997921455,33.17315592903828,"rgba(38, 166, 154, 1.0)",2.47420361743745,35.13771474080593,-0.3789965927610791,55.92122442846896,2.55474514649638,True,False,True,False,True,0.0,0.0,0.0,0.0,0.0,0,1.0188729399255716,0.9319510898458269,False,False,False,False,-0.04436297897281063,-0.049481119485791036,False,False,False,False,-315.0,-302.2002894927187,False,False,False,False,13.240966014924961,False,False,False,False
2025-04-11 17:00:00+00:00,34.2,34.2,34.2,34.2,0.0,,,,,,,,,,,,,,,,,,,,,,,,,,,,,,,,,,,,,,,,,,,,,,,,,,,,,,,,,,,,,,,,,,,,,34.38627627627628,34.12248821548822,34.14335010060363,35.915528519099944,35.91591895424837,35.79923552181034,35.79923552181034,35.79923552181034,36.022312047101444,36.022312047101444,36.022312047101444,36.022312047101444,36.022312047101444,36.022312047101444,36.21278164046756,36.21278164046756,36.21278164046756,36.21278164046756,36.21278164046756,36.21278164046756,36.646622470053686,36.646622470053686,36.860083825265626,,,,,,,,,,,,,,,,,,,,,,,,,,,,,,,,,,,,,,,,,,,,,,,,,,,,,,,,,,,,,,,,,,,33.17315592903828,33.17315592903828,,,,,34.12248821548822,35.88891997921455,33.17315592903828,"rgba(38, 166, 154, 0.75)",2.479646067813237,35.13771474080593,-0.3781647522111439,54.699140005822684,2.55474514649638,True,False,True,False,False,0.0,0.0,0.0,0.0,0.0,0,1.0063795853269537,0.9460393407761827,False,False,False,False,-0.0652018554240196,-0.05734148745490532,False,False,False,False,-315.0,-302.3987346168626,False,False,False,False,13.035679720119923,False,False,False,False
2025-04-11 18:00:00+00:00,34.2,34.2,34.2,34.2,0.0,,,,,,,,,,,,,,,,,,,,,,,,,,,,,,,,,,,,,,,,,,,,,,,,,,,,,,,,,,,,,,,,,,,,,34.38627627627628,34.12248821548822,34.14335010060363,35.915528519099944,35.91591895424837,35.79923552181034,35.79923552181034,35.79923552181034,36.022312047101444,36.022312047101444,36.022312047101444,36.022312047101444,36.022312047101444,36.022312047101444,36.21278164046756,36.21278164046756,36.21278164046756,36.21278164046756,36.21278164046756,36.21278164046756,36.646622470053686,36.646622470053686,36.860083825265626,,,,,,,,,,,,,,,,,,,,,,,,,,,,,,,,,,,,,,,,,,,,,,,,,,,,,,,,,,,,,,,,,,,33.17315592903828,33.17315592903828,,,,,34.12248821548822,35.88891997921455,33.17315592903828,"rgba(38, 166, 154, 0.75)",2.4846050912488065,35.13771474080593,-0.3774099731618187,53.884417057391836,2.55474514649638,True,False,True,False,False,0.0,0.0,0.0,0.0,0.0,0,1.0063795853269537,0.9460393407761827,False,False,False,False,-0.0652018554240196,-0.06127167143946246,False,False,False,False,-315.0,-302.5941030724151,False,False,False,False,12.833576158567675,False,False,False,False
2025-04-11 19:00:00+00:00,34.2,34.2,34.2,34.2,0.0,,,,,,,,,,,,,,,,,,,,,,,,,,,,,,,,,,,,,,,,,,,,,,,,,,,,,,,,,,,,,,,,,,,,,34.38627627627628,34.12248821548822,34.14335010060363,35.915528519099944,35.91591895424837,35.79923552181034,35.79923552181034,35.79923552181034,36.022312047101444,36.022312047101444,36.022312047101444,36.022312047101444,36.022312047101444,36.022312047101444,36.21278164046756,36.21278164046756,36.21278164046756,36.21278164046756,36.21278164046756,36.21278164046756,36.646622470053686,36.646622470053686,36.860083825265626,,,,,,,,,,,,,,,,,,,,,,,,,,,,,,,,,,,,,,,,,,,,,,,,,,,,,,,,,,,,,,,,,,,33.17315592903828,33.17315592903828,,,,,34.12248821548822,35.88891997921455,33.17315592903828,"rgba(38, 166, 154, 0.75)",2.4908214987707917,35.13771474080593,-0.37646806134790783,53.3412684251046,2.55474514649638,True,False,True,False,False,0.0,0.0,0.0,0.0,0.0,0,1.0063795853269537,0.9460393407761827,False,False,False,False,-0.0652018554240196,-0.06323676343174103,False,False,False,False,-315.0,-302.7864425596645,False,False,False,False,12.634605985566626,False,False,False,False
2025-04-14 14:00:00+00:00,34.2,34.36,34.16,34.16,63.0,,,,,,,,,,,,,,,,,,,,,,,,,,,,,,,,,,,,,,,,,,,,,,,,,,,,,,,,,,,,,,,,,,,,,34.32848659003832,34.134250298685785,34.152723214285714,35.8359486412366,35.83638016940708,35.756198233420214,35.756198233420214,35.756198233420214,35.98469127591176,35.98469127591176,35.98469127591176,35.98469127591176,35.98469127591176,35.98469127591176,36.17566350242263,36.17566350242263,36.17566350242263,36.17566350242263,36.17566350242263,36.17566350242263,36.609419635594584,36.609419635594584,36.82148324802232,,,,,,,,,,,,,,,,,,,,,,,,,,,,,,,,,,,,,,,,,,,,,,,,,,,,,,,,,,,,,,,,,,,33.33118253968254,33.33118253968254,,,,,34.134250298685785,35.8503841218753,33.33118253968254,"rgba(38, 166, 154, 0.75)",2.4963355251356116,35.096295659691535,-0.37506803483104484,52.62918188237546,2.55474514649638,True,False,True,False,False,0.0,0.0,0.0,0.0,0.0,0,1.005288207297726,0.9420941300898994,False,False,False,False,-0.060732234223427224,-0.061984498827584125,False,False,False,False,-378.0,-303.95254422540614,False,False,False,False,13.415464807495825,False,False,False,False
2025-04-14 15:00:00+00:00,34.16,34.95,34.16,34.95,3.0,,,,,,,,,,,,,,,,,,,,,,,,,,,,,,,,,,,,,,,,,,,,,,,,,,,,,,,,,,,,,,,,,,,,,34.33455743879473,34.137204396910285,34.155568383658974,35.833375621890546,35.83380810340542,35.75480621836587,35.75480621836587,35.75480621836587,35.983397563676625,35.983397563676625,35.983397563676625,35.983397563676625,35.983397563676625,35.983397563676625,36.174339557399726,36.174339557399726,36.174339557399726,36.174339557399726,36.174339557399726,36.174339557399726,36.60801308623912,36.60801308623912,36.819994187398265,,,,,,,,,,,,,,,,,,,,,,,,,,,,,,,,,,,,,,,,,,,,,,,,,,,,,,,,,,,,,,,,,,,33.34079590228526,33.34079590228526,,,,,34.137204396910285,35.8496250298301,33.34079590228526,"rgba(38, 166, 154, 1.0)",2.4930287253108947,35.09727837928102,-0.059076085961525616,57.174628309204145,2.9174858764645393,True,False,True,False,True,0.0,0.0,0.0,0.0,0.0,0,1.0154369440083726,0.9272632129774985,False,False,False,False,-0.038788415829608354,-0.05038645732859624,False,False,False,False,-375.0,-305.0540551676479,False,False,False,False,13.253984732961005,False,False,False,False
2025-04-14 16:00:00+00:00,34.95,34.95,34.95,34.95,0.0,,,,,,,,,,,,,,,,,,,,,,,,,,,,,,,,,,,,,,,,,,,,,,,,,,,,,,,,,,,,,,,,,,,,,34.33455743879473,34.137204396910285,34.155568383658974,35.833375621890546,35.83380810340542,35.75480621836587,35.75480621836587,35.75480621836587,35.983397563676625,35.983397563676625,35.983397563676625,35.983397563676625,35.983397563676625,35.983397563676625,36.174339557399726,36.174339557399726,36.174339557399726,36.174339557399726,36.174339557399726,36.174339557399726,36.60801308623912,36.60801308623912,36.819994187398265,,,,,,,,,,,,,,,,,,,,,,,,,,,,,,,,,,,,,,,,,,,,,,,,,,,,,,,,,,,,,,,,,,,33.34079590228526,33.34079590228526,,,,,34.137204396910285,35.8496250298301,33.34079590228526,"rgba(38, 166, 154, 1.0)",2.4895340839110833,35.09727837928102,-0.059159013018871075,60.20492592708993,5.745188006860516,True,False,True,False,True,0.0,0.0,0.0,0.0,0.0,0,1.0361067503924648,0.9170591313448454,False,False,False,False,-0.009460656844060578,-0.02992355708632841,False,False,False,False,-375.0,-306.13848842086264,False,False,False,False,13.04849659756626,False,False,False,False
2025-04-14 17:00:00+00:00,34.95,34.95,34.07,34.07,3.0,,,,,,,,,,,,,,,,,,,,,,,,,,,,,,,,,,,,,,,,,,,,,,,,,,,,,,,,,,,,,,,,,,,,,34.33503703703704,34.138407210401894,34.15666961130743,35.83009183420203,35.83052579365079,35.75299754477181,35.75299754477181,35.75299754477181,35.981784489434666,35.981784489434666,35.981784489434666,35.981784489434666,35.981784489434666,35.981784489434666,36.172730727470146,36.172730727470146,36.172730727470146,36.172730727470146,36.172730727470146,36.172730727470146,36.60637223846652,36.60637223846652,36.818281830855,,,,,,,,,,,,,,,,,,,,,,,,,,,,,,,,,,,,,,,,,,,,,,,,,,,,,,,,,,,,,,,,,,,33.34799687010954,33.34799687010954,,,,,34.138407210401894,35.84816703174484,33.34799687010954,"rgba(38, 166, 154, 0.75)",2.484233195086084,35.09629388319537,-0.41312300520958484,55.5278452260241,10.406562811544397,True,False,True,False,False,0.0,0.0,0.0,0.0,0.0,0,1.0127877237851661,0.918925831202046,False,False,False,False,-0.04213284242345462,-0.036028199754891514,False,False,False,False,-378.0,-307.2526203833299,False,False,False,False,12.892705952642752,False,False,False,False
2025-04-14 18:00:00+00:00,34.07,35.895,33.75,35.895,3.0,,,,,,,,,,,,,,,,,,,,,,,,,,,,,,,,,,,,,,,,,,,,,,,,,,,,,,,,,,,,,,,,,,,,35.18000000000001,34.348888888888894,34.14391828336273,34.16206502636204,35.828642892521046,35.829076961148225,35.75225371412087,35.75225371412087,35.75225371412087,35.98098695844384,35.98098695844384,35.98098695844384,35.98098695844384,35.98098695844384,35.98098695844384,36.17184960552268,36.17184960552268,36.17184960552268,36.17184960552268,36.17184960552268,36.17184960552268,36.60533033033032,36.60533033033032,36.8171407011841,,,,,,,,,,,,,,,,,,,,,,,,,,,,,,,,,,,,,,,,,,,,,,,,,,,,,,,,,,,,,,,,,,,33.36080808080808,33.36080808080808,,,,,34.14391828336273,35.82059058084539,33.36080808080808,"rgba(38, 166, 154, 1.0)",2.471645917307046,35.075735568148616,0.33146512860709737,59.84345676747921,10.406562811544397,True,False,True,False,True,2.918159798490276,0.0,0.0,0.0,0.0,0,1.0043641653533761,0.9002303309492059,False,False,False,True,-0.018923003813852375,-0.027475601784371945,False,False,False,False,-375.0,-308.30296735413094,False,False,False,True,12.739330666555267,False,False,False,False
2025-04-14 19:00:00+00:00,35.675,35.675,34.55,34.55,4.0,,,,,,,,,,,,,,,,,,,,,,,,,,,,,,,,,,,,,,,,,,,,,,,,,,,,,,,,,,,,,,,,,,,,35.034285714285716,34.36121212121213,34.14938995913602,34.16739092495638,35.825965432098755,35.82640019738465,35.75082433405327,35.75082433405327,35.75082433405327,35.97958830022074,35.97958830022074,35.97958830022074,35.97958830022074,35.97958830022074,35.97958830022074,36.17037578802206,36.17037578802206,36.17037578802206,36.17037578802206,36.17037578802206,36.17037578802206,36.60369537014513,36.60369537014513,36.81538506147064,,,,,,,,,,,,,,,,,,,,,,,,,,,,,,,,,,,,,,,,,,,,,,,,,,,,,,,,,,,,,,,,,,,33.37525789068514,33.37525789068514,,,,,34.14938995913602,35.814153236768796,33.37525789068514,"rgba(38, 166, 154, 0.75)",2.4614348393708334,35.071450364446484,-0.211848128622318,56.88461769253183,10.406562811544397,True,False,True,False,False,0.0,0.0,0.0,0.0,0.0,0,1.0179520491319236,0.9088224873036493,False,False,False,False,0.002596966685870871,-0.012439317549250537,False,False,False,False,-379.0,-309.3990453796483,False,False,False,False,12.603837167848983,False,False,False,False
2025-04-15 14:00:00+00:00,34.55,34.93,34.51,34.51,101.0,,,,,,,,,,,,,,,,,,,,,,,,,,,,,,,,,,,,,,,,,,,,,,,,,,,,,,,,,,,,,,,,,,,,34.6749074074074,34.462488425925926,34.22463045634921,34.239710682492586,35.74410980932689,35.7445707070707,35.70480477373068,35.70480477373068,35.70480477373068,35.93656093132542,35.93656093132542,35.93656093132542,35.93656093132542,35.93656093132542,35.93656093132542,36.12631324725012,36.12631324725012,36.12631324725012,36.12631324725012,36.12631324725012,36.12631324725012,36.5568474992086,36.5568474992086,36.76581482320942,,,,,,,,,,,,,,,,,,,,,,,,,,,,,,,,,,,,,,,,,,,,,,,,,,,,,,,,,,,,,,,,,,,33.61636079900125,33.61636079900125,,,,,34.22463045634921,35.7692327792852,33.61636079900125,"rgba(38, 166, 154, 0.75)",2.450626643523244,35.06028084065167,-0.22454699172801762,54.767960200287504,10.406562811544397,True,False,True,False,False,0.0,0.0,0.0,0.0,0.0,0,1.016606244883639,0.9214127002689743,False,False,False,False,-0.02653236590407992,-0.019485841726665228,False,False,False,False,-480.0,-312.04402142027396,False,False,False,False,13.974320312533495,False,False,False,False
2025-04-15 15:00:00+00:00,34.51,34.51,34.51,34.51,0.0,,,,,,,,,,,,,,,,,,,,,,,,,,,,,,,,,,,,,,,,,,,,,,,,,,,,,,,,,,,,,,,,,,,,34.6749074074074,34.462488425925926,34.22463045634921,34.239710682492586,35.74410980932689,35.7445707070707,35.70480477373068,35.70480477373068,35.70480477373068,35.93656093132542,35.93656093132542,35.93656093132542,35.93656093132542,35.93656093132542,35.93656093132542,36.12631324725012,36.12631324725012,36.12631324725012,36.12631324725012,36.12631324725012,36.12631324725012,36.5568474992086,36.5568474992086,36.76581482320942,,,,,,,,,,,,,,,,,,,,,,,,,,,,,,,,,,,,,,,,,,,,,,,,,,,,,,,,,,,,,,,,,,,33.61636079900125,33.61636079900125,,,,,34.22463045634921,35.7692327792852,33.61636079900125,"rgba(38, 166, 154, 0.75)",2.4389710631425925,35.06028084065167,-0.22562007764972886,53.356855205457954,9.434711178122384,True,False,True,False,False,0.0,0.0,0.0,0.0,0.0,0,1.0167987696675735,0.9420324145273867,False,False,False,False,-0.04213284242345511,-0.03080934207506017,False,False,False,False,-480.0,-314.64799008042473,False,False,False,False,13.757664183657006,False,False,False,False
2025-04-15 16:00:00+00:00,34.51,34.51,33.98,34.21,11.0,,,,,,,,,,,,,,,,,,,,,,,,,,,,,,,,,,,,,,,,,,,,,,,,,,,,,,,,,,,,,,,,,,,,34.63408963585434,34.45405797101449,34.22477061981454,34.23960827250608,35.732742818057446,35.73320802005012,35.698135558302425,35.698135558302425,35.698135558302425,35.93057896977436,35.93057896977436,35.93057896977436,35.93057896977436,35.93057896977436,35.93057896977436,36.12035707475209,36.12035707475209,36.12035707475209,36.12035707475209,36.12035707475209,36.12035707475209,36.55079524824374,36.55079524824374,36.75951654231667,,,,,,,,,,,,,,,,,,,,,,,,,,,,,,,,,,,,,,,,,,,,,,,,,,,,,,,,,,,,,,,,,,,33.628813455657486,33.628813455657486,,,,,34.22477061981454,35.76165030492363,33.628813455657486,#000000,2.424959082036152,35.051514625061216,-0.34702219567128756,51.16096773922057,7.249020393503827,True,False,False,False,False,0.0,0.0,0.0,0.0,0.0,0,1.0042618681188586,0.943648632650645,False,False,False,False,-0.06184940538608681,-0.04632937373057349,False,False,False,False,-491.0,-317.3821297691003,False,False,False,False,13.714909700189455,False,False,False,False
2025-04-15 17:00:00+00:00,34.21,34.47,34.21,34.47,100.0,,,,,,,,,,,,,,,,,,,,,,,,,,,,,,,,,,,,,,,,,,,,,,,,,,,,,,,,,,,,,,,,,,,,34.519589041095884,34.436332497911444,34.245021285653465,34.25791719745223,35.646352966282535,35.646843676690125,35.646105395066606,35.646105395066606,35.646105395066606,35.88270627062705,35.88270627062705,35.88270627062705,35.88270627062705,35.88270627062705,35.88270627062705,36.07205274378939,36.07205274378939,36.07205274378939,36.07205274378939,36.07205274378939,36.07205274378939,36.500657336726036,36.500657336726036,36.70698098607118,,,,,,,,,,,,,,,,,,,,,,,,,,,,,,,,,,,,,,,,,,,,,,,,,,,,,,,,,,,,,,,,,,,33.74579328165374,33.74579328165374,,,,,34.245021285653465,35.713634274846136,33.74579328165374,#000000,2.4060993947252824,35.00832455443455,-0.22373329863873567,50.89879938690793,6.776072646487179,True,False,False,False,False,0.0,0.0,0.0,0.0,0.0,0,0.9964701729615246,0.9449346981997879,False,False,False,False,-0.05477647613462108,-0.05055292493259729,False,False,False,False,-391.0,-318.5234920982615,False,False,False,False,15.052663038171016,False,False,False,False
2025-04-15 18:00:00+00:00,34.47,34.47,34.47,34.47,0.0,,,,,,,,,,,,,,,,,,,,,,,,,,,,,,,,,,,,,,,,,,,,,,,,,,,,,,,,,,,,,,,,,,,,34.519589041095884,34.436332497911444,34.245021285653465,34.25791719745223,35.646352966282535,35.646843676690125,35.646105395066606,35.646105395066606,35.646105395066606,35.88270627062705,35.88270627062705,35.88270627062705,35.88270627062705,35.88270627062705,35.88270627062705,36.07205274378939,36.07205274378939,36.07205274378939,36.07205274378939,36.07205274378939,36.07205274378939,36.500657336726036,36.500657336726036,36.70698098607118,,,,,,,,,,,,,,,,,,,,,,,,,,,,,,,,,,,,,,,,,,,,,,,,,,,,,,,,,,,,,,,,,,,33.74579328165374,33.74579328165374,,,,,34.245021285653465,35.713634274846136,33.74579328165374,#000000,2.386051552043477,35.00832455443455,-0.22561312808749565,50.72402048536617,6.248781892105853,True,False,False,False,False,0.0,0.0,0.0,0.0,0.0,0,1.0025885398282148,0.9449346981997879,False,False,False,False,-0.045106454737578565,-0.047829689835087924,False,False,False,False,-391.0,-319.6471588874357,False,False,False,False,14.819288417424177,False,False,False,False
2025-04-15 19:00:00+00:00,34.47,34.8,34.28,34.8,48.0,,,,,,,,,,,,,,,,,,,,,,,,,,,,,,,,,,,,,,,,,,,,,,,,,,,,,,,,,,,,,,,,,,,,34.53883895131086,34.45677106636838,34.267065784195744,34.27916566626651,35.61595238095238,35.61644734119594,35.62710226537216,35.62710226537216,35.62710226537216,35.864325203252015,35.864325203252015,35.864325203252015,35.864325203252015,35.864325203252015,35.864325203252015,36.05301362971093,36.05301362971093,36.05301362971093,36.05301362971093,36.05301362971093,36.05301362971093,36.480078166704786,36.480078166704786,36.68513563771602,,,,,,,,,,,,,,,,,,,,,,,,,,,,,,,,,,,,,,,,,,,,,,,,,,,,,,,,,,,,,,,,,,,33.80680615680615,33.80680615680615,,,,,34.267065784195744,35.70020303980457,33.80680615680615,"rgba(38, 166, 154, 0.75)",2.3635406464428463,35.0050413286467,-0.08675176750410023,52.23062616114124,6.248781892105853,True,False,True,False,False,0.0,0.0,0.0,0.0,0.0,0,1.006328372202039,0.9374194304465018,False,False,False,False,-0.03990312464447319,-0.04386640723978055,False,False,False,False,-343.0,-320.00921843956843,False,False,False,False,15.333718054363336,False,False,False,False
2025-04-16 14:00:00+00:00,33.6,33.6,33.6,33.6,0.0,,,,,,,,,,,,,,,,,,,,,,,,,,,,,,,,,,,,,,,,,,,,,,,,,,,,,,,,,,,,,,,,,,,,34.53883895131086,34.45677106636838,34.267065784195744,34.27916566626651,35.61595238095238,35.61644734119594,35.62710226537216,35.62710226537216,35.62710226537216,35.864325203252015,35.864325203252015,35.864325203252015,35.864325203252015,35.864325203252015,35.864325203252015,36.05301362971093,36.05301362971093,36.05301362971093,36.05301362971093,36.05301362971093,36.05301362971093,36.480078166704786,36.480078166704786,36.68513563771602,,,,,,,,,,,,,,,,,,,,,,,,,,,,,,,,,,,,,,,,,,,,,,,,,,,,,,,,,,,,,,,,,,,33.80680615680615,33.80680615680615,,,,,34.267065784195744,35.70020303980457,33.80680615680615,"rgba(239, 83, 80, 0.5)",2.3464749544181798,35.0050413286467,-0.598788120879425,47.96048141320353,3.217766879252359,False,False,False,True,False,0.0,0.0,0.0,0.0,0.0,0,0.9998853736817971,0.9307657038055935,False,False,False,False,-0.11007139483023537,-0.07696890103500796,False,False,False,False,-343.0,-320.36566466531156,False,False,False,False,15.095985991504989,False,False,False,False
2025-04-16 15:00:00+00:00,33.6,34.12,33.6,34.12,1.0,,,,,,,,,,,,,,,,,,,,,,,,,,,,,,,,,,,,,,,,,,,,,,,,,,,,,,,,,,,,,,,,,,,,34.53662935323383,34.45563244047619,34.26668068910256,34.27876698641087,35.61491620111731,35.61541149710504,35.626449922360244,35.626449922360244,35.626449922360244,35.86374072945239,35.86374072945239,35.86374072945239,35.86374072945239,35.86374072945239,35.86374072945239,36.05243575674439,36.05243575674439,36.05243575674439,36.05243575674439,36.05243575674439,36.05243575674439,36.47949870387312,36.47949870387312,36.684536672499256,,,,,,,,,,,,,,,,,,,,,,,,,,,,,,,,,,,,,,,,,,,,,,,,,,,,,,,,,,,,,,,,,,,33.80700768491834,33.80700768491834,,,,,34.26668068910256,35.69949916383136,33.80700768491834,"rgba(239, 83, 80, 0.5)",2.3236521870724496,34.92026258607941,-0.3443986111741004,47.58793541377686,2.6903994427702713,False,False,False,True,False,0.0,0.0,0.0,0.0,0.0,0,0.99988622141313,0.9183069746273752,False,False,False,False,-0.0905842233003218,-0.08377656216766488,False,False,False,False,-342.0,-320.70108071701213,False,False,False,False,14.877443573032043,False,False,False,False
2025-04-16 16:00:00+00:00,34.12,34.12,34.12,34.12,0.0,,,,,,,,,,,,,,,,,,,,,,,,,,,,,,,,,,,,,,,,,,,,,,,,,,,,,,,,,,,,,,,,,,,,34.53662935323383,34.45563244047619,34.26668068910256,34.27876698641087,35.61491620111731,35.61541149710504,35.626449922360244,35.626449922360244,35.626449922360244,35.86374072945239,35.86374072945239,35.86374072945239,35.86374072945239,35.86374072945239,35.86374072945239,36.05243575674439,36.05243575674439,36.05243575674439,36.05243575674439,36.05243575674439,36.05243575674439,36.47949870387312,36.47949870387312,36.684536672499256,,,,,,,,,,,,,,,,,,,,,,,,,,,,,,,,,,,,,,,,,,,,,,,,,,,,,,,,,,,,,,,,,,,33.80700768491834,33.80700768491834,,,,,34.26668068910256,35.69949916383136,33.80700768491834,"rgba(239, 83, 80, 0.5)",2.29131650068392,34.92026258607941,-0.34925885875676604,47.33957141415908,2.163687562239069,False,False,False,True,False,0.0,0.0,0.0,0.0,0.0,0,1.0072818295596766,0.9183069746273752,False,False,False,False,-0.07116543077463121,-0.07747099647114805,False,False,False,False,-342.0,-321.03129651984915,False,False,False,False,14.646785533140072,False,False,False,False
2025-04-16 17:00:00+00:00,34.12,34.37,33.82,33.82,13.0,,,,,,,,,,,,,,,,,,,,,,,,,,,,,,,,,,,,,,,,,,,,,,,,,,,,,,,,,,,,,,,,,,,,34.51195729537366,34.44287780187997,34.262629191321494,34.274539551357734,35.60201559934318,35.60251487179487,35.618299858375174,35.618299858375174,35.618299858375174,35.85639850232745,35.85639850232745,35.85639850232745,35.85639850232745,35.85639850232745,35.85639850232745,36.04515354474211,36.04515354474211,36.04515354474211,36.04515354474211,36.04515354474211,36.04515354474211,36.472157734701625,36.472157734701625,36.676934569247535,,,,,,,,,,,,,,,,,,,,,,,,,,,,,,,,,,,,,,,,,,,,,,,,,,,,,,,,,,,,,,,,,,,33.81061763319189,33.81061763319189,,,,,34.262629191321494,35.69091650863603,33.81061763319189,"rgba(239, 83, 80, 1.0)",2.2505088253488537,34.9125344955848,-0.48546110251998037,45.891774767707375,0.4895632907247389,False,True,False,True,False,0.0,0.0,0.0,0.0,0.0,0,1.000449488706596,0.9136981683335207,False,False,False,False,-0.07303006502585431,-0.07525053074850119,False,False,False,False,-355.0,-321.5579430854329,False,False,False,False,14.621253974486738,False,False,False,False
2025-04-16 18:00:00+00:00,33.82,33.82,33.82,33.82,0.0,,,,,,,,,,,,,,,,,,,,,,,,,,,,,,,,,,,,,,,,,,,,,,,,,,,,,,,,,,,,,,,,,,,,34.51195729537366,34.44287780187997,34.262629191321494,34.274539551357734,35.60201559934318,35.60251487179487,35.618299858375174,35.618299858375174,35.618299858375174,35.85639850232745,35.85639850232745,35.85639850232745,35.85639850232745,35.85639850232745,35.85639850232745,36.04515354474211,36.04515354474211,36.04515354474211,36.04515354474211,36.04515354474211,36.04515354474211,36.472157734701625,36.472157734701625,36.676934569247535,,,,,,,,,,,,,,,,,,,,,,,,,,,,,,,,,,,,,,,,,,,,,,,,,,,,,,,,,,,,,,,,,,,33.81061763319189,33.81061763319189,,,,,34.262629191321494,35.69091650863603,33.81061763319189,"rgba(239, 83, 80, 1.0)",2.206757645575612,34.9125344955848,-0.49508585493076335,44.92657700340624,-0.7078759181070566,False,True,False,True,False,0.0,0.0,0.0,0.0,0.0,0,1.000449488706596,0.9260591077649174,False,False,False,False,-0.09357742114292686,-0.08441397594571402,False,False,False,False,-355.0,-322.0764245879843,False,False,False,False,14.39456786635516,False,False,False,False
2025-04-16 19:00:00+00:00,33.82,33.82,33.6,33.82,10.0,,,,,,,,,,,,,,,,,,,,,,,,,,,,,,,,,,,,,,,,,,,,,,,,,,,,,,,,,,,,,,,,,,,,34.48565864833906,34.428096249115356,34.25659454191033,34.26838000777907,35.590660954712355,35.59116411824669,35.611098499422845,35.611098499422845,35.611098499422845,35.85001311541564,35.85001311541564,35.85001311541564,35.85001311541564,35.85001311541564,35.85001311541564,36.03888722282805,36.03888722282805,36.03888722282805,36.03888722282805,36.03888722282805,36.03888722282805,36.465956389836926,36.465956389836926,36.67055749002538,,,,,,,,,,,,,,,,,,,,,,,,,,,,,,,,,,,,,,,,,,,,,,,,,,,,,,,,,,,,,,,,,,,33.809725708972564,33.809725708972564,,,,,34.25659454191033,35.682905096563864,33.809725708972564,"rgba(239, 83, 80, 1.0)",2.1598840955723584,34.89655002507958,-0.498429534847006,44.283111827205474,-1.6102509843268322,False,True,False,True,False,0.0,0.0,0.0,0.0,0.0,0,1.0023643323575768,0.92591758612925,False,False,False,False,-0.10181750677290467,-0.09311574135930935,False,False,False,False,-355.0,-322.58686761762795,False,False,False,False,14.326435031217871,False,False,False,False
2025-04-17 14:00:00+00:00,33.82,33.82,33.82,33.82,0.0,,,,,,,,,,,,,,,,,,,,,,,,,,,,,,,,,,,,,,,,,,,,,,,,,,,,,,,,,,,,,,,,,,,,34.48565864833906,34.428096249115356,34.25659454191033,34.26838000777907,35.590660954712355,35.59116411824669,35.611098499422845,35.611098499422845,35.611098499422845,35.85001311541564,35.85001311541564,35.85001311541564,35.85001311541564,35.85001311541564,35.85001311541564,36.03888722282805,36.03888722282805,36.03888722282805,36.03888722282805,36.03888722282805,36.03888722282805,36.465956389836926,36.465956389836926,36.67055749002538,,,,,,,,,,,,,,,,,,,,,,,,,,,,,,,,,,,,,,,,,,,,,,,,,,,,,,,,,,,,,,,,,,,33.809725708972564,33.809725708972564,,,,,34.25659454191033,35.682905096563864,33.809725708972564,"rgba(239, 83, 80, 1.0)",2.1096800641265725,34.89655002507958,-0.5102906565717957,43.85413504307163,-2.3262979071981675,False,True,False,True,False,0.0,0.0,0.0,0.0,0.0,0,1.0073181715829767,0.9190497635667643,False,False,False,False,-0.09357742114292686,-0.09334658125111811,False,False,False,False,-355.0,-323.08939680185074,False,False,False,False,14.104319759416043,False,False,False,False
2025-04-17 15:00:00+00:00,33.82,33.82,33.82,33.82,0.0,,,,,,,,,,,,,,,,,,,,,,,,,,,,,,,,,,,,,,,,,,,,,,,,,,,,,,,,,,,,,,,,,,,,34.48565864833906,34.428096249115356,34.25659454191033,34.26838000777907,35.590660954712355,35.59116411824669,35.611098499422845,35.611098499422845,35.611098499422845,35.85001311541564,35.85001311541564,35.85001311541564,35.85001311541564,35.85001311541564,35.85001311541564,36.03888722282805,36.03888722282805,36.03888722282805,36.03888722282805,36.03888722282805,36.03888722282805,36.465956389836926,36.465956389836926,36.67055749002538,,,,,,,,,,,,,,,,,,,,,,,,,,,,,,,,,,,,,,,,,,,,,,,,,,,,,,,,,,,,,,,,,,,33.809725708972564,33.809725708972564,,,,,34.25659454191033,35.682905096563864,33.809725708972564,"rgba(239, 83, 80, 1.0)",2.065696808901645,34.89655002507958,-0.5211558736211588,43.56815052031573,-2.9201915484596768,False,True,False,True,False,0.0,0.0,0.0,0.0,0.0,0,1.008112676056338,0.9189859154929576,False,False,False,False,-0.09357742114292686,-0.09346200119702248,False,False,False,False,-355.0,-323.58413483593057,False,False,False,False,13.88564813523905,False,False,False,False
2025-04-17 16:00:00+00:00,33.82,33.82,33.785,33.785,100.0,,,,,,,,,,,,,,,,,,,,,,,,,,,,,,,,,,,,,,,,,,,,,,,,,,,,,,,,,,,,,,,,,,,,34.30944586530264,34.31751313485114,34.20843455497382,34.21908916753745,35.48720107650903,35.487734870317,35.54387242188464,35.54387242188464,35.54387242188464,35.78969153936544,35.78969153936544,35.78969153936544,35.78969153936544,35.78969153936544,35.78969153936544,35.979380307855614,35.979380307855614,35.979380307855614,35.979380307855614,35.979380307855614,35.979380307855614,36.40657285873191,36.40657285873191,36.60934575789846,,,,,,,,,,,,,,,,,,,,,,,,,,,,,,,,,,,,,,,,,,,,,,,,,,,,,,,,,,,,,,,,,,,33.80812729498164,33.80812729498164,,,,,34.20843455497382,35.61241493724307,33.80812729498164,"rgba(239, 83, 80, 1.0)",2.0295177432755813,34.804419073166,-0.5022962112766226,43.13425977993738,-3.6482213678927735,False,True,False,True,False,0.0,0.0,0.0,0.0,0.0,0,1.007490205116386,0.9398478912191748,False,False,False,False,-0.09488746797573734,-0.09417473458637991,False,False,False,False,-455.0,-325.62159010979207,False,False,False,False,15.220754365700461,False,False,False,False
2025-04-17 17:00:00+00:00,33.785,33.785,33.785,33.785,0.0,,,,,,,,,,,,,,,,,,,,,,,,,,,,,,,,,,,,,,,,,,,,,,,,,,,,,,,,,,,,,,,,,,,,34.30944586530264,34.31751313485114,34.20843455497382,34.21908916753745,35.48720107650903,35.487734870317,35.54387242188464,35.54387242188464,35.54387242188464,35.78969153936544,35.78969153936544,35.78969153936544,35.78969153936544,35.78969153936544,35.78969153936544,35.979380307855614,35.979380307855614,35.979380307855614,35.979380307855614,35.979380307855614,35.979380307855614,36.40657285873191,36.40657285873191,36.60934575789846,,,,,,,,,,,,,,,,,,,,,,,,,,,,,,,,,,,,,,,,,,,,,,,,,,,,,,,,,,,,,,,,,,,33.80812729498164,33.80812729498164,,,,,34.20843455497382,35.61241493724307,33.80812729498164,"rgba(239, 83, 80, 1.0)",1.9615427555835043,34.804419073166,-0.5197027035297821,42.84499928635181,-4.225505576801616,False,True,False,True,False,0.0,0.0,0.0,0.0,0.0,0,0.9926761218321318,0.9401302022785398,False,False,False,False,-0.0961978396113211,-0.0951862870988505,False,False,False,False,-455.0,-327.62745692979524,False,False,False,False,14.984773677860144,False,False,False,False
2025-04-17 18:00:00+00:00,33.785,33.785,33.45,33.45,3.0,,,,,,,,,,,,,,,,,,,,,,,,,,,,,,,,,,,,,,,,,,,,,,,,,,,,,,,,,,,,,,,,,,,,34.30375211505922,34.31356271777003,34.20640918580376,34.21703472222222,35.48387545576664,35.48441024165707,35.54167160128299,35.54167160128299,35.54167160128299,35.787729674200165,35.787729674200165,35.787729674200165,35.787729674200165,35.787729674200165,35.787729674200165,35.97745690798196,35.97745690798196,35.97745690798196,35.97745690798196,35.97745690798196,35.97745690798196,36.4046754112939,36.4046754112939,36.60739960266779,,,,,,,,,,,,,,,,,,,,,,,,,,,,,,,,,,,,,,,,,,,,,,,,,,,,,,,,,,,,,,,,,,33.56166666666667,33.807225609756095,33.807225609756095,,,,,34.20640918580376,35.61008038168651,33.72537262872629,"rgba(239, 83, 80, 1.0)",1.8905632103297696,34.704004518055505,-0.6632967949465004,40.2496004007228,-6.8628795571484815,False,True,False,True,False,0.0,0.0,0.0,0.0,0.0,0,0.9850040373745529,0.9318260468335449,False,False,False,False,-0.10875730545787687,-0.1019717962783637,False,False,False,False,-458.0,-329.6487366673178,False,False,False,False,14.798963233242157,False,False,False,False
2025-04-17 19:00:00+00:00,33.45,34.31,33.45,34.31,337.0,,,,,,,,,,,,,,,,,,,,,,,,,,,,,,,,,,,,,,,,,,,,,,,,,,,,,,,,,,,,,,,,,,,,34.174475604195166,34.206200146359315,34.158767052767054,34.166705217167824,35.24655496624879,35.2471172690763,35.37330042777229,35.37330042777229,35.37330042777229,35.628915153133896,35.628915153133896,35.628915153133896,35.628915153133896,35.628915153133896,35.628915153133896,35.817150275884444,35.817150275884444,35.817150275884444,35.817150275884444,35.817150275884444,35.817150275884444,36.23869562219923,36.23869562219923,36.43444422376695,,,,,,,,,,,,,,,,,,,,,,,,,,,,,,,,,,,,,,,,,,,,,,,,,,,,,,,,,,,,,,,,,,34.01925980392157,33.87017142033996,33.87017142033996,,,,,34.158767052767054,35.45449789922528,33.91986754820049,"rgba(239, 83, 80, 0.75)",1.8094939141167024,34.53780626326713,-0.12589501489333788,45.662493722376105,-7.6239507896133745,False,True,False,True,True,0.0,0.0,0.0,0.0,0.0,0,0.9851682829435254,0.9292641186537364,False,False,False,False,-0.08908823449725385,-0.09553001538780878,False,False,False,False,-121.0,-326.4138725329408,False,False,False,False,19.79432814435468,False,False,False,False
2025-04-18 14:00:00+00:00,34.31,34.31,34.31,34.31,0.0,,,,,,,,,,,,,,,,,,,,,,,,,,,,,,,,,,,,,,,,,,,,,,,,,,,,,,,,,,,,,,,,,,,,34.174475604195166,34.206200146359315,34.158767052767054,34.166705217167824,35.24655496624879,35.2471172690763,35.37330042777229,35.37330042777229,35.37330042777229,35.628915153133896,35.628915153133896,35.628915153133896,35.628915153133896,35.628915153133896,35.628915153133896,35.817150275884444,35.817150275884444,35.817150275884444,35.817150275884444,35.817150275884444,35.817150275884444,36.23869562219923,36.23869562219923,36.43444422376695,,,,,,,,,,,,,,,,,,,,,,,,,,,,,,,,,,,,,,,,,,,,,,,,,,,,,,,,,,,,,,,,,,34.01925980392157,33.87017142033996,33.87017142033996,,,,,34.158767052767054,35.45449789922528,33.91986754820049,#000000,1.735965408901072,34.53780626326713,-0.13122742083399921,49.27108927014498,-4.500068676852692,False,True,False,False,True,0.0,0.0,0.0,0.0,0.0,0,0.9980509057555604,0.9318963540472366,False,False,False,False,-0.05700940789480726,-0.07626971164130802,False,False,False,False,-121.0,-323.2291613308797,False,False,False,False,19.48743933591507,False,False,False,False
2025-04-18 15:00:00+00:00,34.31,34.31,34.31,34.31,0.0,,,,,,,,,,,,,,,,,,,,,,,,,,,,,,,,,,,,,,,,,,,,,,,,,,,,,,,,,,,,,,,,,,,,34.174475604195166,34.206200146359315,34.158767052767054,34.166705217167824,35.24655496624879,35.2471172690763,35.37330042777229,35.37330042777229,35.37330042777229,35.628915153133896,35.628915153133896,35.628915153133896,35.628915153133896,35.628915153133896,35.628915153133896,35.817150275884444,35.817150275884444,35.817150275884444,35.817150275884444,35.817150275884444,35.817150275884444,36.23869562219923,36.23869562219923,36.43444422376695,,,,,,,,,,,,,,,,,,,,,,,,,,,,,,,,,,,,,,,,,,,,,,,,,,,,,,,,,,,,,,,,,,34.01925980392157,33.87017142033996,33.87017142033996,,,,,34.158767052767054,35.45449789922528,33.91986754820049,"rgba(38, 166, 154, 0.5)",1.630979112332539,34.53780626326713,-0.13967454368028673,51.67681963532422,-2.4942816287167062,False,False,True,False,True,0.0,0.0,0.0,0.0,0.0,0,1.0046392948271863,0.9311064718162836,False,False,False,False,-0.05700940789480726,-0.06663955976805765,False,False,False,False,-121.0,-320.0938254962925,False,False,False,False,19.185308493497782,False,False,False,False
2025-04-18 16:00:00+00:00,34.31,34.31,34.31,34.31,0.0,,,,,,,,,,,,,,,,,,,,,,,,,,,,,,,,,,,,,,,,,,,,,,,,,,,,,,,,,,,,,,,,,,,,34.174475604195166,34.206200146359315,34.158767052767054,34.166705217167824,35.24655496624879,35.2471172690763,35.37330042777229,35.37330042777229,35.37330042777229,35.628915153133896,35.628915153133896,35.628915153133896,35.628915153133896,35.628915153133896,35.628915153133896,35.817150275884444,35.817150275884444,35.817150275884444,35.817150275884444,35.817150275884444,35.817150275884444,36.23869562219923,36.23869562219923,36.43444422376695,,,,,,,,,,,,,,,,,,,,,,,,,,,,,,,,,,,,,,,,,,,,,,,,,,,,,,,,,,,,,,,,,,34.01925980392157,33.87017142033996,33.87017142033996,,,,,34.158767052767054,35.45449789922528,33.91986754820049,"rgba(38, 166, 154, 0.5)",1.5155228099199185,34.53780626326713,-0.15031529830894724,53.28063987877705,-1.1399630819552087,False,False,True,False,True,0.0,0.0,0.0,0.0,0.0,0,0.99437148217636,0.9399624765478424,False,False,False,False,-0.05700940789480726,-0.06182448383143245,False,False,False,False,-121.0,-317.0070995196058,False,False,False,False,18.88786185018774,False,False,False,False
2025-04-18 17:00:00+00:00,34.31,34.31,34.31,34.31,0.0,,,,,,,,,,,,,,,,,,,,,,,,,,,,,,,,,,,,,,,,,,,,,,,,,,,,,,,,,,,,,,,,,,,,34.174475604195166,34.206200146359315,34.158767052767054,34.166705217167824,35.24655496624879,35.2471172690763,35.37330042777229,35.37330042777229,35.37330042777229,35.628915153133896,35.628915153133896,35.628915153133896,35.628915153133896,35.628915153133896,35.628915153133896,35.817150275884444,35.817150275884444,35.817150275884444,35.817150275884444,35.817150275884444,35.817150275884444,36.23869562219923,36.23869562219923,36.43444422376695,,,,,,,,,,,,,,,,,,,,,,,,,,,,,,,,,,,,,,,,,,,,,,,,,,,,,,,,,,,,,,,,,,34.01925980392157,33.87017142033996,33.87017142033996,,,,,34.158767052767054,35.45449789922528,33.91986754820049,"rgba(38, 166, 154, 1.0)",1.438947056229246,34.53780626326713,-0.15831455527216667,54.34985337441228,-0.16052790333667133,True,False,True,False,True,0.0,0.0,0.0,0.0,0.0,0,0.992543496271748,0.9394011125576989,False,False,False,False,-0.05700940789480726,-0.05941694586311985,False,False,False,False,-121.0,-313.9682297596119,False,False,False,False,18.59502678274297,False,False,False,False
2025-04-18 18:00:00+00:00,34.31,34.31,34.31,34.31,0.0,,,,,,,,,,,,,,,,,,,,,,,,,,,,,,,,,,,,,,,,,,,,,,,,,,,,,,,,,,,,,,,,,,,,34.174475604195166,34.206200146359315,34.158767052767054,34.166705217167824,35.24655496624879,35.2471172690763,35.37330042777229,35.37330042777229,35.37330042777229,35.628915153133896,35.628915153133896,35.628915153133896,35.628915153133896,35.628915153133896,35.628915153133896,35.817150275884444,35.817150275884444,35.817150275884444,35.817150275884444,35.817150275884444,35.817150275884444,36.23869562219923,36.23869562219923,36.43444422376695,,,,,,,,,,,,,,,,,,,,,,,,,,,,,,,,,,,,,,,,,,,,,,,,,,,,,,,,,,,,,,,,,,34.01925980392157,33.87017142033996,33.87017142033996,,,,,34.158767052767054,35.45449789922528,33.91986754820049,"rgba(38, 166, 154, 1.0)",1.3558716155440471,34.53780626326713,-0.16801462664716868,55.06266237150243,0.6039573222637458,True,False,True,False,True,0.0,0.0,0.0,0.0,0.0,0,0.9907681382412118,0.9318262516274114,False,False,False,False,-0.05700940789480726,-0.05821317687896356,False,False,False,False,-121.0,-310.9764742594629,False,False,False,False,18.306731793863232,False,False,False,False
2025-04-18 19:00:00+00:00,34.31,34.31,34.31,34.31,0.0,,,,,,,,,,,,,,,,,,,,,,,,,,,,,,,,,,,,,,,,,,,,,,,,,,,,,,,,,,,,,,,,,,,,34.174475604195166,34.206200146359315,34.158767052767054,34.166705217167824,35.24655496624879,35.2471172690763,35.37330042777229,35.37330042777229,35.37330042777229,35.628915153133896,35.628915153133896,35.628915153133896,35.628915153133896,35.628915153133896,35.628915153133896,35.817150275884444,35.817150275884444,35.817150275884444,35.817150275884444,35.817150275884444,35.817150275884444,36.23869562219923,36.23869562219923,36.43444422376695,,,,,,,,,,,,,,,,,,,,,,,,,,,,,,,,,,,,,,,,,,,,,,,,,,,,,,,,,,,,,,,,,,34.01925980392157,33.87017142033996,33.87017142033996,,,,,34.158767052767054,35.45449789922528,33.91986754820049,"rgba(38, 166, 154, 1.0)",1.2912366619320048,34.53780626326713,-0.176424872359396,55.537868369562524,1.2430637087339491,True,False,True,False,True,0.0,0.0,0.0,0.0,0.0,0,0.9946127139949716,0.938584939542679,False,False,False,False,-0.05700940789480726,-0.05761129238688541,False,False,False,False,-121.0,-308.03110256551776,False,False,False,False,18.02290649473357,False,False,False,False
2025-04-21 14:00:00+00:00,34.31,34.31,34.31,34.31,0.0,,,,,,,,,,,,,,,,,,,,,,,,,,,,,,,,,,,,,,,,,,,,,,,,,,,,,,,,,,,,,,,,,,,,34.174475604195166,34.206200146359315,34.158767052767054,34.166705217167824,35.24655496624879,35.2471172690763,35.37330042777229,35.37330042777229,35.37330042777229,35.628915153133896,35.628915153133896,35.628915153133896,35.628915153133896,35.628915153133896,35.628915153133896,35.817150275884444,35.817150275884444,35.817150275884444,35.817150275884444,35.817150275884444,35.817150275884444,36.23869562219923,36.23869562219923,36.43444422376695,,,,,,,,,,,,,,,,,,,,,,,,,,,,,,,,,,,,,,,,,,,,,,,,,,,,,,,,,,,,,,,,,,34.01925980392157,33.87017142033996,33.87017142033996,,,,,34.158767052767054,35.45449789922528,33.91986754820049,"rgba(38, 166, 154, 1.0)",1.2214618881260018,34.53780626326713,-0.18650296458830387,55.854672368269256,1.8048757425856223,True,False,True,False,True,0.0,0.0,0.0,0.0,0.0,0,0.993774691727523,0.9279300849994012,False,False,False,False,-0.05700940789480726,-0.05731035014084633,False,False,False,False,-121.0,-305.1313955489981,False,False,False,False,17.743481587838474,False,False,False,False
2025-04-21 15:00:00+00:00,34.31,34.31,34.31,34.31,0.0,,,,,,,,,,,,,,,,,,,,,,,,,,,,,,,,,,,,,,,,,,,,,,,,,,,,,,,,,,,,,,,,,,,,34.174475604195166,34.206200146359315,34.158767052767054,34.166705217167824,35.24655496624879,35.2471172690763,35.37330042777229,35.37330042777229,35.37330042777229,35.628915153133896,35.628915153133896,35.628915153133896,35.628915153133896,35.628915153133896,35.628915153133896,35.817150275884444,35.817150275884444,35.817150275884444,35.817150275884444,35.817150275884444,35.817150275884444,36.23869562219923,36.23869562219923,36.43444422376695,,,,,,,,,,,,,,,,,,,,,,,,,,,,,,,,,,,,,,,,,,,,,,,,,,,,,,,,,,,,,,,,,,34.01925980392157,33.87017142033996,33.87017142033996,,,,,34.158767052767054,35.45449789922528,33.91986754820049,"rgba(38, 166, 154, 1.0)",1.1456085365076134,34.53780626326713,-0.19885175084465911,56.06587503407374,2.313755149329765,True,False,True,False,True,0.0,0.0,0.0,0.0,0.0,0,1.00168939302522,0.9273560999155303,False,False,False,False,-0.05700940789480726,-0.05715987901782679,False,False,False,False,-121.0,-302.27664523040903,False,False,False,False,17.46838885004253,False,False,False,False
2025-04-21 16:00:00+00:00,34.31,34.31,34.31,34.31,0.0,,,,,,,,,,,,,,,,,,,,,,,,,,,,,,,,,,,,,,,,,,,,,,,,,,,,,,,,,,,,,,,,,,,,34.174475604195166,34.206200146359315,34.158767052767054,34.166705217167824,35.24655496624879,35.2471172690763,35.37330042777229,35.37330042777229,35.37330042777229,35.628915153133896,35.628915153133896,35.628915153133896,35.628915153133896,35.628915153133896,35.628915153133896,35.817150275884444,35.817150275884444,35.817150275884444,35.817150275884444,35.817150275884444,35.817150275884444,36.23869562219923,36.23869562219923,36.43444422376695,,,,,,,,,,,,,,,,,,,,,,,,,,,,,,,,,,,,,,,,,,,,,,,,,,,,,,,,,,,,,,,,,,34.01925980392157,33.87017142033996,33.87017142033996,,,,,34.158767052767054,35.45449789922528,33.91986754820049,"rgba(38, 166, 154, 1.0)",1.0968410332643708,34.53780626326713,-0.20769305337633054,56.206676811276736,2.781074658403597,True,False,True,False,True,0.0,0.0,0.0,0.0,0.0,0,1.00168939302522,0.9193918185109207,False,False,False,False,-0.05700940789480726,-0.05708464345631703,False,False,False,False,-121.0,-299.46615460668176,False,False,False,False,17.197561115933343,False,False,False,False
2025-04-21 17:00:00+00:00,34.31,34.31,33.725,33.725,3.0,,,,,,,,,,,,,,,,,,,,,,,,,,,,,,,,,,,,,,,,,,,,,,,,,,,,,,,,,,,,,,33.919999999999995,33.919999999999995,33.919999999999995,33.919999999999995,33.919999999999995,33.919999999999995,34.17343551316984,34.20526075857039,34.15821520287622,34.1661358974359,35.24463890226287,35.24520131536733,35.37186719263642,35.37186719263642,35.37186719263642,35.62754692643003,35.62754692643003,35.62754692643003,35.62754692643003,35.62754692643003,35.62754692643003,35.815765831508955,35.815765831508955,35.815765831508955,35.815765831508955,35.815765831508955,35.815765831508955,36.23725782003582,36.23725782003582,36.432946936615046,,,,,,,,,,,,,,,,,,,,,,,,,,,,,,,,,,,,,,,,,,,,,,,,,,,,,,,,,,,,,,,,,,34.018391642371235,33.87030028735632,33.87030028735632,,,,,34.15821520287622,34.95427336208831,33.91966407236129,"rgba(239, 83, 80, 1.0)",1.067088845225086,34.021191694021226,-0.27756985310698074,48.362041238399485,2.2261115140480854,False,True,False,True,False,0.0,0.0,0.0,0.0,0.0,0,0.9877439314612088,0.9205140409328888,False,False,False,False,-0.07881371232159826,-0.06794917788895764,False,False,False,False,-124.0,-296.74574910890374,False,False,False,False,16.977443889329724,False,False,False,False
2025-04-21 18:00:00+00:00,33.725,33.725,33.725,33.725,2.0,,,,,,,,,,,,,,,,,,,,,,,,,,,,,,,,,,,,,,,,,,,,,,,,,,,,,,,,,,,,,,33.842,33.842,33.842,33.842,33.842,33.842,34.17221693840579,34.204212154294034,34.157548717948714,34.165458269329235,35.24317700817699,35.24373958333332,35.37078515111695,35.37078515111695,35.37078515111695,35.626531964079305,35.626531964079305,35.626531964079305,35.626531964079305,35.626531964079305,35.626531964079305,35.81474916930059,35.81474916930059,35.81474916930059,35.81474916930059,35.81474916930059,35.81474916930059,36.23621969696969,36.23621969696969,36.431872354497344,,,,,,,,,,,,,,,,,,,,,,,,,,,,,,,,,,,,,,,,,,,,,,,,,,,,,,,,,,,,,,,,,,34.01669082125604,33.870050200803206,33.870050200803206,,,,,34.157548717948714,34.93475586346069,33.91893040762082,"rgba(239, 83, 80, 1.0)",1.0354089282253922,33.98940551040323,-0.25536336726050723,43.132284189814655,-2.354613042127909,False,True,False,True,False,0.0,0.0,0.0,0.0,0.0,0,0.9877439314612088,0.9344359828653022,False,False,False,False,-0.10069307177112129,-0.08432112483003947,False,False,False,False,-124.0,-294.06752044054866,False,False,False,False,16.745235456937014,False,False,False,False
2025-04-21 19:00:00+00:00,33.725,33.885,33.44,33.65,38.0,,,,,,,,,,,,,,,,,,,,,,,,,,,,,,,,,,,,,,,,,,,,,,,,,,,,,,,,,,,,,,33.67968992248062,33.67968992248062,33.67968992248062,33.67968992248062,33.67968992248062,33.67968992248062,34.14698751076658,34.18246855345912,34.143370702541105,34.15107711442786,35.214729176507625,35.21529508970726,35.349671209171525,35.349671209171525,35.349671209171525,35.60678241351993,35.60678241351993,35.60678241351993,35.60678241351993,35.60678241351993,35.60678241351993,35.7950084317032,35.7950084317032,35.7950084317032,35.7950084317032,35.7950084317032,35.7950084317032,36.21613776137761,36.21613776137761,36.41111723775764,,,,,,,,,,,,,,,,,,,,,,,,,,,,,,,,,,,,,,,,,,,,,,,,,,,,,,,,,,,,,,,,,,33.98113577023499,33.863345833333334,33.863345833333334,,,,,34.143370702541105,34.880072380709606,33.90260914563388,"rgba(239, 83, 80, 1.0)",1.001859249074023,33.912034782644795,-0.2615484988405155,38.948448085733375,-5.885208851381705,False,True,False,True,False,0.0,0.0,0.0,0.0,0.0,0,0.981138748084404,0.9324531415772721,False,False,False,False,-0.10537992470489624,-0.09485052476746786,False,False,False,False,-162.0,-292.01996198410603,False,False,False,False,17.074766690162797,False,False,False,False
2025-04-22 14:00:00+00:00,33.65,33.65,33.65,33.65,0.0,,,,,,,,,,,,,,,,,,,,,,,,,,,,,,,,,,,,,,,,,,,,,,,,,,,,,,,,,,,,,,33.67968992248062,33.67968992248062,33.67968992248062,33.67968992248062,33.67968992248062,33.67968992248062,34.14698751076658,34.18246855345912,34.143370702541105,34.15107711442786,35.214729176507625,35.21529508970726,35.349671209171525,35.349671209171525,35.349671209171525,35.60678241351993,35.60678241351993,35.60678241351993,35.60678241351993,35.60678241351993,35.60678241351993,35.7950084317032,35.7950084317032,35.7950084317032,35.7950084317032,35.7950084317032,35.7950084317032,36.21613776137761,36.21613776137761,36.41111723775764,,,,,,,,,,,,,,,,,,,,,,,,,,,,,,,,,,,,,,,,,,,,,,,,,,,,,,,,,,,,,,,,,,33.98113577023499,33.863345833333334,33.863345833333334,,,,,34.143370702541105,34.880072380709606,33.90260914563388,"rgba(239, 83, 80, 1.0)",0.9659247401344566,33.912034782644795,-0.2712786739558215,36.15922401634585,-8.184090447656281,False,True,False,True,False,0.0,0.0,0.0,0.0,0.0,0,0.9849109984675231,0.9379936343274784,False,False,False,False,-0.10631784253569268,-0.10058418365158027,False,False,False,False,-162.0,-290.00414862001134,False,False,False,False,16.81004162519903,False,False,False,False
2025-04-22 15:00:00+00:00,33.65,33.65,33.65,33.65,0.0,,,,,,,,,,,,,,,,,,,,,,,,,,,,,,,,,,,,,,,,,,,,,,,,,,,,,,,,,,,,,,33.67968992248062,33.67968992248062,33.67968992248062,33.67968992248062,33.67968992248062,33.67968992248062,34.14698751076658,34.18246855345912,34.143370702541105,34.15107711442786,35.214729176507625,35.21529508970726,35.349671209171525,35.349671209171525,35.349671209171525,35.60678241351993,35.60678241351993,35.60678241351993,35.60678241351993,35.60678241351993,35.60678241351993,35.7950084317032,35.7950084317032,35.7950084317032,35.7950084317032,35.7950084317032,35.7950084317032,36.21613776137761,36.21613776137761,36.41111723775764,,,,,,,,,,,,,,,,,,,,,,,,,,,,,,,,,,,,,,,,,,,,,,,,,,,,,,,,,,,,,,,,,,33.98113577023499,33.863345833333334,33.863345833333334,,,,,34.143370702541105,34.880072380709606,33.90260914563388,"rgba(239, 83, 80, 1.0)",0.9273282021996376,33.912034782644795,-0.2825696253206212,34.29974130342084,-9.770073127936428,False,True,False,True,False,0.0,0.0,0.0,0.0,0.0,0,0.9849109984675231,0.9379936343274784,False,False,False,False,-0.10631784253569268,-0.10345101309363647,False,False,False,False,-162.0,-288.0195881762902,False,False,False,False,16.549420824808347,False,False,False,False
2025-04-22 16:00:00+00:00,33.65,33.65,33.65,33.65,0.0,,,,,,,,,,,,,,,,,,,,,,,,,,,,,,,,,,,,,,,,,,,,,,,,,,,,,,,,,,,,,,33.67968992248062,33.67968992248062,33.67968992248062,33.67968992248062,33.67968992248062,33.67968992248062,34.14698751076658,34.18246855345912,34.143370702541105,34.15107711442786,35.214729176507625,35.21529508970726,35.349671209171525,35.349671209171525,35.349671209171525,35.60678241351993,35.60678241351993,35.60678241351993,35.60678241351993,35.60678241351993,35.60678241351993,35.7950084317032,35.7950084317032,35.7950084317032,35.7950084317032,35.7950084317032,35.7950084317032,36.21613776137761,36.21613776137761,36.41111723775764,,,,,,,,,,,,,,,,,,,,,,,,,,,,,,,,,,,,,,,,,,,,,,,,,,,,,,,,,,,,,,,,,,33.98113577023499,33.863345833333334,33.863345833333334,,,,,34.143370702541105,34.880072380709606,33.90260914563388,"rgba(239, 83, 80, 1.0)",0.91229014370787,33.912034782644795,-0.28722746206573574,33.06008616147083,-10.947930157544427,False,True,False,True,False,0.0,0.0,0.0,0.0,0.0,0,0.9849109984675231,0.9379936343274784,False,False,False,False,-0.10631784253569268,-0.10488442781466457,False,False,False,False,-162.0,-286.0657961115415,False,False,False,False,16.292840656981863,False,False,False,False
2025-04-22 17:00:00+00:00,33.65,33.65,32.835,32.835,2.0,,,,,,,,,,,,,,,,,,,,,,,,,,,,,,,,,,,,,,,,,,,,,,,,,,,,,,,,,,,,,,33.654222222222224,33.654222222222224,33.654222222222224,33.654222222222224,33.654222222222224,33.654222222222224,34.14430627147766,34.18021792189679,34.14182338308458,34.149520615996025,35.21273949976403,35.213305817610056,35.348216601815814,35.348216601815814,35.348216601815814,35.60546274302806,35.60546274302806,35.60546274302806,35.60546274302806,35.60546274302806,35.60546274302806,35.79371378120234,35.79371378120234,35.79371378120234,35.79371378120234,35.79371378120234,35.79371378120234,36.21486338797814,36.21486338797814,36.40981627296588,,,,,,,,,,,,,,,,,,,,,,,,,,,,,,,,,,,,,,,,,,,,,,,,,,,,,,,,,,,,,,,,,33.10666666666666,33.97659307359308,33.86208679977815,33.86208679977815,,,,,34.14182338308458,34.8727811292635,33.70185833495401,"rgba(239, 83, 80, 1.0)",0.9044690742676224,33.84821835934094,-1.1202354930281888,26.86085716346531,-16.727364811089892,False,True,False,True,False,0.0,0.0,0.0,0.0,0.0,0,0.9683588317107092,0.9390356977283263,False,False,True,False,-0.13700598780348303,-0.12094520780907381,False,False,False,False,-164.0,-284.17330314857185,False,False,False,False,16.071246228191445,False,False,False,False
2025-04-22 18:00:00+00:00,32.835,32.835,32.835,32.835,0.0,,,,,,,,,,,,,,,,,,,,,,,,,,,,,,,,,,,,,,,,,,,,,,,,,,,,,,,,,,,,,,33.654222222222224,33.654222222222224,33.654222222222224,33.654222222222224,33.654222222222224,33.654222222222224,34.14430627147766,34.18021792189679,34.14182338308458,34.149520615996025,35.21273949976403,35.213305817610056,35.348216601815814,35.348216601815814,35.348216601815814,35.60546274302806,35.60546274302806,35.60546274302806,35.60546274302806,35.60546274302806,35.60546274302806,35.79371378120234,35.79371378120234,35.79371378120234,35.79371378120234,35.79371378120234,35.79371378120234,36.21486338797814,36.21486338797814,36.40981627296588,,,,,,,,,,,,,,,,,,,,,,,,,,,,,,,,,,,,,,,,,,,,,,,,,,,,,,,,,,,,,,,,,33.10666666666666,33.97659307359308,33.86208679977815,33.86208679977815,,,,,34.14182338308458,34.8727811292635,33.70185833495401,"rgba(239, 83, 80, 1.0)",0.8954166476971489,33.84821835934094,-1.1315607789365492,22.728037831461634,-20.434704950456563,False,True,False,True,False,0.0,0.0,0.0,0.0,0.0,0,0.9698200812536273,0.9557748113755076,False,False,True,False,-0.1679528283434236,-0.14444901807624871,False,False,False,False,-164.0,-282.31015116177224,False,False,False,False,15.82207962000243,False,False,False,False
2025-04-22 19:00:00+00:00,32.835,32.835,32.835,32.835,0.0,,,,,,,,,,,,,,,,,,,,,,,,,,,,,,,,,,,,,,,,,,,,,,,,,,,,,,,,,,,,,,33.654222222222224,33.654222222222224,33.654222222222224,33.654222222222224,33.654222222222224,33.654222222222224,34.14430627147766,34.18021792189679,34.14182338308458,34.149520615996025,35.21273949976403,35.213305817610056,35.348216601815814,35.348216601815814,35.348216601815814,35.60546274302806,35.60546274302806,35.60546274302806,35.60546274302806,35.60546274302806,35.60546274302806,35.79371378120234,35.79371378120234,35.79371378120234,35.79371378120234,35.79371378120234,35.79371378120234,36.21486338797814,36.21486338797814,36.40981627296588,,,,,,,,,,,,,,,,,,,,,,,,,,,,,,,,,,,,,,,,,,,,,,,,,,,,,,,,,,,,,,,,,33.10666666666666,33.97659307359308,33.86208679977815,33.86208679977815,,,,,34.14182338308458,34.8727811292635,33.70185833495401,"rgba(239, 83, 80, 1.0)",0.8818042366148723,33.84821835934094,-1.1490286815025388,19.972824943459184,-22.915580155094354,False,True,False,True,False,0.0,0.0,0.0,0.0,0.0,0,0.9698200812536273,0.954265815438189,False,False,True,False,-0.1679528283434236,-0.15620092320983614,False,False,False,False,-164.0,-280.47588525228736,True,False,False,False,15.576776060002393,True,False,False,False
2025-04-23 14:00:00+00:00,32.835,32.835,32.835,32.835,0.0,,,,,,,,,,,,,,,,,,,,,,,,,,,,,,,,,,,,,,,,,,,,,,,,,,,,,,,,,,,,,,33.654222222222224,33.654222222222224,33.654222222222224,33.654222222222224,33.654222222222224,33.654222222222224,34.14430627147766,34.18021792189679,34.14182338308458,34.149520615996025,35.21273949976403,35.213305817610056,35.348216601815814,35.348216601815814,35.348216601815814,35.60546274302806,35.60546274302806,35.60546274302806,35.60546274302806,35.60546274302806,35.60546274302806,35.79371378120234,35.79371378120234,35.79371378120234,35.79371378120234,35.79371378120234,35.79371378120234,36.21486338797814,36.21486338797814,36.40981627296588,,,,,,,,,,,,,,,,,,,,,,,,,,,,,,,,,,,,,,,,,,,,,,,,,,,,,,,,,,,,,,,,,33.10666666666666,33.97659307359308,33.86208679977815,33.86208679977815,,,,,34.14182338308458,34.8727811292635,33.70185833495401,"rgba(239, 83, 80, 1.0)",0.8724606550411427,33.84821835934094,-1.1613341570035145,18.13601635145755,-24.677595566600303,False,True,False,True,False,0.0,0.0,0.0,0.0,0.0,0,0.9698200812536273,0.954265815438189,False,False,False,False,-0.1679528283434236,-0.16207687577662988,False,False,False,False,-164.0,-278.6700575739573,True,False,False,False,15.335275655971348,True,False,False,False
2025-04-23 15:00:00+00:00,32.835,32.835,32.835,32.835,0.0,,,,,,,,,,,,,,,,,,,,,,,,,,,,,,,,,,,,,,,,,,,,,,,,,,,,,,,,,,,,,,33.654222222222224,33.654222222222224,33.654222222222224,33.654222222222224,33.654222222222224,33.654222222222224,34.14430627147766,34.18021792189679,34.14182338308458,34.149520615996025,35.21273949976403,35.213305817610056,35.348216601815814,35.348216601815814,35.348216601815814,35.60546274302806,35.60546274302806,35.60546274302806,35.60546274302806,35.60546274302806,35.60546274302806,35.79371378120234,35.79371378120234,35.79371378120234,35.79371378120234,35.79371378120234,35.79371378120234,36.21486338797814,36.21486338797814,36.40981627296588,,,,,,,,,,,,,,,,,,,,,,,,,,,,,,,,,,,,,,,,,,,,,,,,,,,,,,,,,,,,,,,,,33.10666666666666,33.97659307359308,33.86208679977815,33.86208679977815,,,,,34.14182338308458,34.8727811292635,33.70185833495401,"rgba(239, 83, 80, 1.0)",0.8629626739186353,33.84821835934094,-1.174116088636843,16.911477290123127,-26.01926860956173,False,True,False,True,False,0.0,0.0,0.0,0.0,0.0,0,0.9694584752731115,0.9656995183836483,False,False,False,False,-0.1679528283434236,-0.16501485206002675,False,False,False,False,-164.0,-276.89222722397346,True,False,False,False,15.097519444250862,True,False,False,False
2025-04-23 16:00:00+00:00,32.835,32.835,32.835,32.835,0.0,,,,,,,,,,,,,,,,,,,,,,,,,,,,,,,,,,,,,,,,,,,,,,,,,,,,,,,,,,,,,,33.654222222222224,33.654222222222224,33.654222222222224,33.654222222222224,33.654222222222224,33.654222222222224,34.14430627147766,34.18021792189679,34.14182338308458,34.149520615996025,35.21273949976403,35.213305817610056,35.348216601815814,35.348216601815814,35.348216601815814,35.60546274302806,35.60546274302806,35.60546274302806,35.60546274302806,35.60546274302806,35.60546274302806,35.79371378120234,35.79371378120234,35.79371378120234,35.79371378120234,35.79371378120234,35.79371378120234,36.21486338797814,36.21486338797814,36.40981627296588,,,,,,,,,,,,,,,,,,,,,,,,,,,,,,,,,,,,,,,,,,,,,,,,,,,,,,,,,,,,,,,,,33.10666666666666,33.97659307359308,33.86208679977815,33.86208679977815,,,,,34.14182338308458,34.8727811292635,33.70185833495401,"rgba(239, 83, 80, 1.0)",0.8533051374847578,33.84821835934094,-1.1874044990840549,16.09511791590018,-27.11172795861627,False,True,False,True,False,0.0,0.0,0.0,0.0,0.0,0,0.972518360578062,0.9654110400379057,False,False,False,False,-0.1679528283434236,-0.1664838402017252,False,False,False,False,-164.0,-275.1419601352297,True,False,False,False,14.863449375347747,True,False,False,False
2025-04-23 17:00:00+00:00,32.835,32.835,32.835,32.835,0.0,,,,,,,,,,,,,,,,,,,,,,,,,,,,,,,,,,,,,,,,,,,,,,,,,,,,,,,,,,,,,,33.654222222222224,33.654222222222224,33.654222222222224,33.654222222222224,33.654222222222224,33.654222222222224,34.14430627147766,34.18021792189679,34.14182338308458,34.149520615996025,35.21273949976403,35.213305817610056,35.348216601815814,35.348216601815814,35.348216601815814,35.60546274302806,35.60546274302806,35.60546274302806,35.60546274302806,35.60546274302806,35.60546274302806,35.79371378120234,35.79371378120234,35.79371378120234,35.79371378120234,35.79371378120234,35.79371378120234,36.21486338797814,36.21486338797814,36.40981627296588,,,,,,,,,,,,,,,,,,,,,,,,,,,,,,,,,,,,,,,,,,,,,,,,,,,,,,,,,,,,,,,,,33.10666666666666,33.97659307359308,33.86208679977815,33.86208679977815,,,,,34.14182338308458,34.8727811292635,33.70185833495401,"rgba(239, 83, 80, 1.0)",0.7771910324374066,33.84821835934094,-1.3036928078844527,15.55087833308488,-28.049973732061602,False,True,False,True,False,0.0,0.0,0.0,0.0,0.0,0,0.9710968964700306,0.9654110400379057,False,False,False,False,-0.1679528283434236,-0.16721833427257438,False,False,False,False,-164.0,-273.41882897034236,True,False,False,False,14.63300829976096,True,False,False,False
2025-04-23 18:00:00+00:00,32.835,34.43,32.835,34.43,200.0,,,,,,,,,,,,,,,,,,,,,,,,,,,,,,,,,,,,,,,,,,,,,,,,,,,,,,,,,,,,,,33.85349659863945,33.85349659863945,33.85349659863945,33.85349659863945,33.85349659863945,33.85349659863945,34.093901980874314,34.13144896193772,34.1102012987013,34.11694120190229,35.09937976139139,35.09994612068965,35.25991676816889,35.25991676816889,35.25991676816889,35.51987089496114,35.51987089496114,35.51987089496114,35.51987089496114,35.51987089496114,35.51987089496114,35.70662991040661,35.70662991040661,35.70662991040661,35.70662991040661,35.70662991040661,35.70662991040661,36.12366141732283,36.12366141732283,36.31468434343434,,,,,,,,,,,,,,,,,,,,,,,,,,,,,,,,,,,,,,,,,,,,,,,,,,,,,,,,,,33.89833333333333,33.89833333333333,33.89833333333333,33.89833333333333,33.89833333333333,33.89833333333333,33.89833333333333,33.89049504950495,33.94983760683761,33.867257489301,33.867257489301,,33.89833333333333,,,34.1102012987013,34.859931769329336,33.89665281529799,"rgba(239, 83, 80, 0.75)",0.7692394336658291,33.89643619322348,0.6936251359785458,35.195919485532265,-22.65960268516863,False,True,False,True,True,0.12812983820046497,1.0,34.43,32.835,867.0,0,0.9721492980253394,0.9302591028421413,False,False,False,False,-0.10763124101455573,-0.13742478764356506,False,False,False,False,36.0,-268.62163782351536,False,False,False,False,17.506915147826682,False,False,False,False
2025-04-23 19:00:00+00:00,34.43,35.1,34.43,35.1,9.0,,,,,,,,,,,,,,,,,,,,,,,,,,,,,,,,,,,,,,,,,,,,,,,,,,,,,,,,,,,,,,33.889750656167976,33.889750656167976,33.889750656167976,33.889750656167976,33.889750656167976,33.889750656167976,34.10105414551607,34.13720600858369,34.114654615881214,34.121349666881585,35.09851875715921,35.09908329755259,35.25886931875696,35.25886931875696,35.25886931875696,35.51842296148074,35.51842296148074,35.51842296148074,35.51842296148074,35.51842296148074,35.51842296148074,35.7049174690509,35.7049174690509,35.7049174690509,35.7049174690509,35.7049174690509,35.7049174690509,36.12145608174494,36.12145608174494,36.31223734795487,,,,,,,,,,,,,,,,,,,,,,,,,,,,,,,,,,,,,,,,,,,,,,,,,,,,,,,,,,33.940462519936204,33.940462519936204,33.940462519936204,33.940462519936204,33.940462519936204,33.940462519936204,33.940462519936204,33.932559241706166,33.96388047138048,33.873695960311835,33.873695960311835,,33.940462519936204,,,34.114654615881214,34.86868744119765,33.929733570296705,"rgba(38, 166, 154, 1.0)",0.7368313704428469,33.96892640830666,1.5350508095407929,50.41053991911088,-9.58430291906216,True,False,True,False,True,3.8629831937832293,0.0,0.0,0.0,0.0,0,1.008431703204047,0.9162450815064642,False,False,False,False,-0.02319134409824076,-0.0803080658709029,False,False,False,False,45.0,-263.75928684950736,False,False,False,False,17.375024990496037,False,False,False,False
2025-04-24 14:00:00+00:00,35.1,35.1,34.33,34.33,2.0,,,,,,,,,,,,,,,,,,,,,,,,,,,,,,,,,,,,,,,,,,,,,,,,,,,,,,,,,,,,,,33.8951953125,33.8951953125,33.8951953125,33.8951953125,33.8951953125,33.8951953125,34.10203816278284,34.13797629248786,34.11526327100795,34.12194891607641,35.098079399141625,35.09864364364364,35.258461305007586,35.258461305007586,35.258461305007586,35.517957083333336,35.517957083333336,35.517957083333336,35.517957083333336,35.517957083333336,35.517957083333336,35.704404980140545,35.704404980140545,35.704404980140545,35.704404980140545,35.704404980140545,35.704404980140545,36.12085313952727,36.12085313952727,36.31158508158508,,,,,,,,,,,,,,,,,,,,,,,,,,,,,,,,,,,,,,,,,,,,,,,,,,,,,,,,,,33.94658767772512,33.94658767772512,33.94658767772512,33.94658767772512,33.94658767772512,33.94658767772512,33.94658767772512,33.93870109546166,33.965970357941835,33.87470511913187,33.87470511913187,,33.94658767772512,,,34.11526327100795,34.86983471582901,33.93456322143118,"rgba(38, 166, 154, 1.0)",0.688194844607511,34.003548474863244,0.47435915525193284,53.99061590492502,-7.3316060454846905,True,False,True,False,True,0.0,0.0,0.0,0.0,0.0,0,1.0061172283394506,0.92359025692359,False,False,False,False,-0.02690362574338399,-0.05360584580714345,False,False,False,False,43.0,-259.0033289138561,False,False,False,False,17.13665251002323,False,False,False,False
2025-04-24 15:00:00+00:00,34.33,34.55,34.33,34.55,5.0,,,,,,,,,,,,,,,,,,,,,,,,,,,,,,,,,,,,,,,,,,,,,,,,,,,,,,,,,,,,,,33.90633461047254,33.90633461047254,33.90633461047254,33.90633461047254,33.90633461047254,33.90633461047254,34.10392641129032,34.13942121729237,34.11642459297343,34.12308729139923,35.09674875089221,35.09731235730593,35.257276767676764,35.257276767676764,35.257276767676764,35.516657095297546,35.516657095297546,35.516657095297546,35.516657095297546,35.516657095297546,35.516657095297546,35.702999923704894,35.702999923704894,35.702999923704894,35.702999923704894,35.702999923704894,35.702999923704894,36.11923992673993,36.11923992673993,36.30985271903323,,,,,,,,,,,,,,,,,,,,,,,,,,,,,,,,,,,,,,,,,,,,,,,,,,,,,,,,,,33.95885802469136,33.95885802469136,33.95885802469136,33.95885802469136,33.95885802469136,33.95885802469136,33.95885802469136,33.95103975535168,33.97021907931226,33.87682769158439,33.87682769158439,,33.95885802469136,,,34.11642459297343,34.87194803414496,33.944265490061106,"rgba(38, 166, 154, 1.0)",0.635944548265552,34.00398612347007,0.8585872432102786,57.317512282449854,-4.73403305952742,True,False,True,False,True,0.7017015128413568,0.0,0.0,0.0,0.0,0,1.0048598553345387,0.9507233273056058,False,False,False,False,-0.047337184352769915,-0.05047151507995668,False,False,False,False,48.0,-254.24358738030793,False,False,False,False,16.94848735482907,False,False,False,False
2025-04-24 16:00:00+00:00,34.55,34.55,34.55,34.55,0.0,,,,,,,,,,,,,,,,,,,,,,,,,,,,,,,,,,,,,,,,,,,,,,,,,,,,,,,,,,,,,,33.90633461047254,33.90633461047254,33.90633461047254,33.90633461047254,33.90633461047254,33.90633461047254,34.10392641129032,34.13942121729237,34.11642459297343,34.12308729139923,35.09674875089221,35.09731235730593,35.257276767676764,35.257276767676764,35.257276767676764,35.516657095297546,35.516657095297546,35.516657095297546,35.516657095297546,35.516657095297546,35.516657095297546,35.702999923704894,35.702999923704894,35.702999923704894,35.702999923704894,35.702999923704894,35.702999923704894,36.11923992673993,36.11923992673993,36.30985271903323,,,,,,,,,,,,,,,,,,,,,,,,,,,,,,,,,,,,,,,,,,,,,,,,,,,,,,,,,,33.95885802469136,33.95885802469136,33.95885802469136,33.95885802469136,33.95885802469136,33.95885802469136,33.95885802469136,33.95103975535168,33.97021907931226,33.87682769158439,33.87682769158439,,33.95885802469136,,,34.11642459297343,34.87194803414496,33.944265490061106,"rgba(38, 166, 154, 1.0)",0.6240145167520733,34.00398612347007,0.8750018819624072,59.53544320079975,-2.722600389936659,True,False,True,False,True,0.7017015128413568,0.0,0.0,0.0,0.0,0,0.9919755877034355,0.9474457504520797,False,False,False,False,-0.03915997459288115,-0.04481574483641891,False,False,False,False,48.0,-249.55764028914035,False,False,False,False,16.685720109017765,False,False,False,False
2025-04-24 17:00:00+00:00,34.55,34.55,34.55,34.55,0.0,,,,,,,,,,,,,,,,,,,,,,,,,,,,,,,,,,,,,,,,,,,,,,,,,,,,,,,,,,,,,,33.90633461047254,33.90633461047254,33.90633461047254,33.90633461047254,33.90633461047254,33.90633461047254,34.10392641129032,34.13942121729237,34.11642459297343,34.12308729139923,35.09674875089221,35.09731235730593,35.257276767676764,35.257276767676764,35.257276767676764,35.516657095297546,35.516657095297546,35.516657095297546,35.516657095297546,35.516657095297546,35.516657095297546,35.702999923704894,35.702999923704894,35.702999923704894,35.702999923704894,35.702999923704894,35.702999923704894,36.11923992673993,36.11923992673993,36.30985271903323,,,,,,,,,,,,,,,,,,,,,,,,,,,,,,,,,,,,,,,,,,,,,,,,,,,,,,,,,,33.95885802469136,33.95885802469136,33.95885802469136,33.95885802469136,33.95885802469136,33.95885802469136,33.95885802469136,33.95103975535168,33.97021907931226,33.87682769158439,33.87682769158439,,33.95885802469136,,,34.11642459297343,34.87194803414496,33.944265490061106,"rgba(38, 166, 154, 1.0)",0.5946877975684217,34.00398612347007,0.9181521443057771,61.014063813033005,-1.0336789745031183,True,False,True,False,True,0.7017015128413568,0.0,0.0,0.0,0.0,0,0.9919755877034355,0.9474457504520797,False,False,False,False,-0.03915997459288115,-0.04198785971465003,False,False,False,False,48.0,-244.9443435404715,False,False,False,False,16.427026773994232,False,False,False,False
2025-04-24 18:00:00+00:00,34.55,34.55,34.55,34.55,0.0,,,,,,,,,,,,,,,,,,,,,,,,,,,,,,,,,,,,,,,,,,,,,,,,,,,,,,,,,,,,,,33.90633461047254,33.90633461047254,33.90633461047254,33.90633461047254,33.90633461047254,33.90633461047254,34.10392641129032,34.13942121729237,34.11642459297343,34.12308729139923,35.09674875089221,35.09731235730593,35.257276767676764,35.257276767676764,35.257276767676764,35.516657095297546,35.516657095297546,35.516657095297546,35.516657095297546,35.516657095297546,35.516657095297546,35.702999923704894,35.702999923704894,35.702999923704894,35.702999923704894,35.702999923704894,35.702999923704894,36.11923992673993,36.11923992673993,36.30985271903323,,,,,,,,,,,,,,,,,,,,,,,,,,,,,,,,,,,,,,,,,,,,,,,,,,,,,,,,,,33.95885802469136,33.95885802469136,33.95885802469136,33.95885802469136,33.95885802469136,33.95885802469136,33.95885802469136,33.95103975535168,33.97021907931226,33.87682769158439,33.87682769158439,,33.95885802469136,,,34.11642459297343,34.87194803414496,33.944265490061106,"rgba(38, 166, 154, 1.0)",0.5945775015972332,34.00398612347007,0.9183224643770596,61.999810887855176,0.46999561838645576,True,False,True,False,True,0.7017015128413568,0.0,0.0,0.0,0.0,0,1.0015976263836583,0.9469359808284835,False,False,False,False,-0.03915997459288115,-0.040573917153765585,False,False,False,False,48.0,-240.40257077240216,False,False,False,False,16.17234418835091,False,False,False,False
2025-04-24 19:00:00+00:00,34.55,34.55,34.55,34.55,0.0,,,,,,,,,,,,,,,,,,,,,,,,,,,,,,,,,,,,,,,,,,,,,,,,,,,,,,,,,,,,,,33.90633461047254,33.90633461047254,33.90633461047254,33.90633461047254,33.90633461047254,33.90633461047254,34.10392641129032,34.13942121729237,34.11642459297343,34.12308729139923,35.09674875089221,35.09731235730593,35.257276767676764,35.257276767676764,35.257276767676764,35.516657095297546,35.516657095297546,35.516657095297546,35.516657095297546,35.516657095297546,35.516657095297546,35.702999923704894,35.702999923704894,35.702999923704894,35.702999923704894,35.702999923704894,35.702999923704894,36.11923992673993,36.11923992673993,36.30985271903323,,,,,,,,,,,,,,,,,,,,,,,,,,,,,,,,,,,,,,,,,,,,,,,,,,,,,,,,,,33.95885802469136,33.95885802469136,33.95885802469136,33.95885802469136,33.95885802469136,33.95885802469136,33.95885802469136,33.95103975535168,33.97021907931226,33.87682769158439,33.87682769158439,,33.95885802469136,,,34.11642459297343,34.87194803414496,33.944265490061106,"rgba(38, 166, 154, 1.0)",0.5941392668968023,34.00398612347007,0.9189998152819698,62.656975604403286,1.8541100856216417,True,False,True,False,True,0.7017015128413782,0.0,0.0,0.0,0.0,0,1.0016067944450817,0.9426144841042122,False,False,False,False,-0.03915997459288115,-0.039866945873323366,False,False,False,False,48.0,-235.9312130860083,False,False,False,False,15.921610169926863,False,False,False,False
2025-04-25 14:00:00+00:00,35.0,35.0,35.0,35.0,0.0,,,,,,,,,,,,,,,,,,,,,,,,,,,,,,,,,,,,,,,,,,,,,,,,,,,,,,,,,,,,,,33.90633461047254,33.90633461047254,33.90633461047254,33.90633461047254,33.90633461047254,33.90633461047254,34.10392641129032,34.13942121729237,34.11642459297343,34.12308729139923,35.09674875089221,35.09731235730593,35.257276767676764,35.257276767676764,35.257276767676764,35.516657095297546,35.516657095297546,35.516657095297546,35.516657095297546,35.516657095297546,35.516657095297546,35.702999923704894,35.702999923704894,35.702999923704894,35.702999923704894,35.702999923704894,35.702999923704894,36.11923992673993,36.11923992673993,36.30985271903323,,,,,,,,,,,,,,,,,,,,,,,,,,,,,,,,,,,,,,,,,,,,,,,,,,,,,,,,,,33.95885802469136,33.95885802469136,33.95885802469136,33.95885802469136,33.95885802469136,33.95885802469136,33.95885802469136,33.95103975535168,33.97021907931226,33.87682769158439,33.87682769158439,,33.95885802469136,,,34.11642459297343,34.87194803414496,33.944265490061106,"rgba(38, 166, 154, 1.0)",0.6005303586929733,34.00398612347007,1.6585570772770046,65.63046832678613,5.427615996957201,True,False,True,False,True,3.2753343405094917,0.0,0.0,0.0,0.0,0,0.9970852279351753,0.9667715984610002,False,False,False,False,-0.00575048861557111,-0.02280871724444724,False,False,False,False,48.0,-231.5291787745973,False,False,False,False,15.674763500625671,False,False,False,False
2025-04-25 15:00:00+00:00,35.0,35.0,35.0,35.0,0.0,,,,,,,,,,,,,,,,,,,,,,,,,,,,,,,,,,,,,,,,,,,,,,,,,,,,,,,,,,,,,,33.90633461047254,33.90633461047254,33.90633461047254,33.90633461047254,33.90633461047254,33.90633461047254,34.10392641129032,34.13942121729237,34.11642459297343,34.12308729139923,35.09674875089221,35.09731235730593,35.257276767676764,35.257276767676764,35.257276767676764,35.516657095297546,35.516657095297546,35.516657095297546,35.516657095297546,35.516657095297546,35.516657095297546,35.702999923704894,35.702999923704894,35.702999923704894,35.702999923704894,35.702999923704894,35.702999923704894,36.11923992673993,36.11923992673993,36.30985271903323,,,,,,,,,,,,,,,,,,,,,,,,,,,,,,,,,,,,,,,,,,,,,,,,,,,,,,,,,,33.95885802469136,33.95885802469136,33.95885802469136,33.95885802469136,33.95885802469136,33.95885802469136,33.95885802469136,33.95103975535168,33.97021907931226,33.87682769158439,33.87682769158439,,33.95885802469136,,,34.11642459297343,34.87194803414496,33.944265490061106,"rgba(38, 166, 154, 1.0)",0.6090213313030834,34.00398612347007,1.635433482106157,67.6127968083747,8.003834164509804,True,False,True,False,True,3.2753343405094917,0.0,0.0,0.0,0.0,0,0.9840195964073253,0.9539251137291498,False,False,False,False,-0.00575048861557111,-0.014279602930009174,False,False,False,False,48.0,-227.19539305716168,False,False,False,False,15.431743911468683,False,False,False,False
2025-04-25 16:00:00+00:00,35.0,35.0,35.0,35.0,0.0,,,,,,,,,,,,,,,,,,,,,,,,,,,,,,,,,,,,,,,,,,,,,,,,,,,,,,,,,,,,,,33.90633461047254,33.90633461047254,33.90633461047254,33.90633461047254,33.90633461047254,33.90633461047254,34.10392641129032,34.13942121729237,34.11642459297343,34.12308729139923,35.09674875089221,35.09731235730593,35.257276767676764,35.257276767676764,35.257276767676764,35.516657095297546,35.516657095297546,35.516657095297546,35.516657095297546,35.516657095297546,35.516657095297546,35.702999923704894,35.702999923704894,35.702999923704894,35.702999923704894,35.702999923704894,35.702999923704894,36.11923992673993,36.11923992673993,36.30985271903323,,,,,,,,,,,,,,,,,,,,,,,,,,,,,,,,,,,,,,,,,,,,,,,,,,,,,,,,,,33.95885802469136,33.95885802469136,33.95885802469136,33.95885802469136,33.95885802469136,33.95885802469136,33.95885802469136,33.95103975535168,33.97021907931226,33.87682769158439,33.87682769158439,,33.95885802469136,,,34.11642459297343,34.87194803414496,33.944265490061106,"rgba(38, 166, 154, 1.0)",0.6169751480679997,34.00398612347007,1.6143500749565909,68.93434912943374,9.95767915823452,True,False,True,False,True,3.2753343405094917,0.0,0.0,0.0,0.0,0,0.9837465891564835,0.9697473009846955,False,False,False,False,-0.00575048861557111,-0.010015045772790143,False,False,False,False,48.0,-222.92879781596537,False,False,False,False,15.192492067880021,False,False,False,False
2025-04-25 17:00:00+00:00,35.0,35.0,35.0,35.0,0.0,,,,,,,,,,,,,,,,,,,,,,,,,,,,,,,,,,,,,,,,,,,,,,,,,,,,,,,,,,,,,,33.90633461047254,33.90633461047254,33.90633461047254,33.90633461047254,33.90633461047254,33.90633461047254,34.10392641129032,34.13942121729237,34.11642459297343,34.12308729139923,35.09674875089221,35.09731235730593,35.257276767676764,35.257276767676764,35.257276767676764,35.516657095297546,35.516657095297546,35.516657095297546,35.516657095297546,35.516657095297546,35.516657095297546,35.702999923704894,35.702999923704894,35.702999923704894,35.702999923704894,35.702999923704894,35.702999923704894,36.11923992673993,36.11923992673993,36.30985271903323,,,,,,,,,,,,,,,,,,,,,,,,,,,,,,,,,,,,,,,,,,,,,,,,,,,,,,,,,,33.95885802469136,33.95885802469136,33.95885802469136,33.95885802469136,33.95885802469136,33.95885802469136,33.95885802469136,33.95103975535168,33.97021907931226,33.87682769158439,33.87682769158439,,33.95885802469136,,,34.11642459297343,34.87194803414496,33.944265490061106,"rgba(38, 166, 154, 1.0)",0.6244123363339015,34.00398612347007,1.5951220348685031,69.81538401013977,11.51434466022394,True,False,True,False,True,3.2753343405094917,0.0,0.0,0.0,0.0,0,0.9666627120654881,0.9697473009846955,False,False,False,False,-0.00575048861557111,-0.007882767194180627,False,False,False,False,48.0,-218.72835133819845,False,False,False,False,14.95694955519971,False,False,False,False
2025-04-25 18:00:00+00:00,35.0,35.19,35.0,35.19,2.0,,,,,,,,,,,,,,,,,,,,,,,,,,,,,,,,,,,,,,,,,,,,,,,,,,,,,,,,,,,,,,33.91561470215463,33.91561470215463,33.91561470215463,33.91561470215463,33.91561470215463,33.91561470215463,34.10598423876592,34.14110306643952,34.11772143774069,34.12437393162393,35.09677435458564,35.09733746792129,35.25719765798505,35.25719765798505,35.25719765798505,35.51646244072872,35.51646244072872,35.51646244072872,35.51646244072872,35.51646244072872,35.51646244072872,35.70273621596888,35.70273621596888,35.70273621596888,35.70273621596888,35.70273621596888,35.70273621596888,36.11885052961946,36.11885052961946,36.309406065181825,,,,,,,,,,,,,,,,,,,,,,,,,,,,,,,,,,,,,,,,,,,,,,,,,,,,,,,,,,33.96957186544343,33.96957186544343,33.96957186544343,33.96957186544343,33.96957186544343,33.96957186544343,33.96957186544343,33.96172727272727,33.974054726368166,33.87858802816901,33.87858802816901,,33.96957186544343,,,34.11772143774069,34.87433180768832,33.95272373759431,"rgba(38, 166, 154, 1.0)",0.6352206327351515,34.02152430038849,1.8394800788825905,71.5864539447013,13.872752772947337,True,False,True,False,True,4.394877180319877,0.0,0.0,0.0,0.0,0,0.9668123302232196,0.9653950631864886,False,False,False,False,0.0012984792986420151,-0.0032921439477693057,False,False,False,False,50.0,-214.56202030969925,False,False,False,False,14.756066616359405,False,False,False,False
2025-04-25 19:00:00+00:00,35.19,35.19,35.15,35.15,4.0,,,,,,,,,,,,,,,,,,,,,,,,,,,,,,,,,,,,,,,,,,,,,,,,,,,,,,,,,,,,,,33.934307116104875,33.934307116104875,33.934307116104875,33.934307116104875,33.934307116104875,33.934307116104875,34.110222110888444,34.14457413695529,34.12039906103286,34.12703111679454,35.09688808201622,35.097450185027036,35.257084089534175,35.257084089534175,35.257084089534175,35.51611028006315,35.51611028006315,35.51611028006315,35.51611028006315,35.51611028006315,35.51611028006315,35.70224304761904,35.70224304761904,35.70224304761904,35.70224304761904,35.70224304761904,35.70224304761904,36.11810139814452,36.11810139814452,36.308541430906565,,,,,,,,,,,,,,,,,,,,,,,,,,,,,,,,,,,,,,,,,,,,,,,,,,,,,,,,,,33.991081081081084,33.991081081081084,33.991081081081084,33.991081081081084,33.991081081081084,33.991081081081084,33.991081081081084,33.98318452380953,33.981891817682595,33.882196863295874,33.882196863295874,,33.991081081081084,,,34.12039906103286,34.87917174115205,33.96973069415014,"rgba(38, 166, 154, 1.0)",0.6444623640981147,34.05000970428552,1.706834032509944,72.0474152331755,14.972062413467853,True,False,True,False,True,4.129544243951585,0.0,0.0,0.0,0.0,0,0.9703834808259586,0.9654277286135694,False,False,False,False,0.006863510393855284,0.0017856832230429892,False,False,False,False,46.0,-210.52229906458763,False,False,False,False,14.58930589362515,False,False,False,False
2025-04-28 14:00:00+00:00,35.15,35.5,35.15,35.5,4.0,,,,,,,,,,,,,,,,,,,,,,,,,,,,,,,,,,,,,,,,,,,,,,,,,,,,,,,,,,,,,35.38333333333333,33.95569495694957,33.95569495694957,33.95569495694957,33.95569495694957,33.95569495694957,33.95569495694957,34.11530439121756,34.14876621545403,34.12362494678587,34.130235969387755,35.09737668798862,35.09793762432509,35.25723665659617,35.25723665659617,35.25723665659617,35.51597799916978,35.51597799916978,35.51597799916978,35.51597799916978,35.51597799916978,35.51597799916978,35.7019517393621,35.7019517393621,35.7019517393621,35.7019517393621,35.7019517393621,35.7019517393621,36.117525786656216,36.117525786656216,36.307843950244994,,,,,,,,,,,,,,,,,,,,,,,,,,,,,,,,,,,,,,,,,,,,,,,,,,,,,,,,,,34.015722713864314,34.015722713864314,34.015722713864314,34.015722713864314,34.015722713864314,34.015722713864314,34.015722713864314,34.0077485380117,33.99106655755592,33.88640172735761,33.88640172735761,,34.015722713864314,,,34.12362494678587,34.87216728372333,33.989243413393915,"rgba(38, 166, 154, 1.0)",0.6613098045983048,34.14997920859421,2.041434713380401,74.34171527629644,17.728489510374658,True,False,True,False,True,6.182958888262434,0.0,0.0,0.0,0.0,0,0.970626097132826,0.9584552369806904,False,False,False,False,0.01836631049969179,0.01007599686136739,False,False,False,False,50.0,-206.48319365273355,False,False,False,False,14.425130608452667,False,False,False,False
2025-04-28 15:00:00+00:00,35.5,35.5,35.5,35.5,0.0,,,,,,,,,,,,,,,,,,,,,,,,,,,,,,,,,,,,,,,,,,,,,,,,,,,,,,,,,,,,,35.38333333333333,33.95569495694957,33.95569495694957,33.95569495694957,33.95569495694957,33.95569495694957,33.95569495694957,34.11530439121756,34.14876621545403,34.12362494678587,34.130235969387755,35.09737668798862,35.09793762432509,35.25723665659617,35.25723665659617,35.25723665659617,35.51597799916978,35.51597799916978,35.51597799916978,35.51597799916978,35.51597799916978,35.51597799916978,35.7019517393621,35.7019517393621,35.7019517393621,35.7019517393621,35.7019517393621,35.7019517393621,36.117525786656216,36.117525786656216,36.307843950244994,,,,,,,,,,,,,,,,,,,,,,,,,,,,,,,,,,,,,,,,,,,,,,,,,,,,,,,,,,34.015722713864314,34.015722713864314,34.015722713864314,34.015722713864314,34.015722713864314,34.015722713864314,34.015722713864314,34.0077485380117,33.99106655755592,33.88640172735761,33.88640172735761,,34.015722713864314,,,34.12362494678587,34.87216728372333,33.989243413393915,"rgba(38, 166, 154, 1.0)",0.6694195616724519,34.14997920859421,2.016703527505157,75.87124863837707,19.66535988130704,True,False,True,False,True,6.182958888262434,0.0,0.0,0.0,0.0,0,0.9786430678466075,0.9663716814159291,False,False,False,False,0.03135934408966622,0.020717670475516807,False,False,False,False,50.0,-202.50671003021054,False,False,False,False,14.201485172662704,False,False,False,False
2025-04-28 16:00:00+00:00,35.5,35.5,34.925,34.925,21.0,,,,,,,,,,,,,,,,,,,,,,,,,,,,,,,,,,,,,,,,,,,,,,,,,,,,,,,,,,,,35.11666666666666,35.15933333333333,34.0391894977169,34.0391894977169,34.0391894977169,34.0391894977169,34.0391894977169,34.0391894977169,34.135860215053754,34.165662233305625,34.136765385423224,34.14327249842668,35.09754790081712,35.09810378819884,35.25635044531172,35.25635044531172,35.25635044531172,35.513900313842086,35.513900313842086,35.513900313842086,35.513900313842086,35.513900313842086,35.513900313842086,35.69915833333333,35.69915833333333,35.69915833333333,35.69915833333333,35.69915833333333,35.69915833333333,36.11342630518171,36.11342630518171,36.30314811338464,,,,,,,,,,,,,,,,,,,,,,,,,,,,,,,,,,,,,,,,,,,,,,,,,,,,,,,,,,34.109325236167344,34.109325236167344,34.109325236167344,34.109325236167344,34.109325236167344,34.109325236167344,34.109325236167344,34.101271753681395,34.02846782700422,33.90423165401426,33.90423165401426,,34.109325236167344,,,34.136765385423224,34.861564755727244,34.06395268562596,"rgba(38, 166, 154, 0.75)",0.6647982692057228,34.32893874267718,0.8966047069210465,68.61964224263438,25.041760403330755,True,False,True,False,False,2.3492831920308,0.0,0.0,0.0,0.0,0,0.9598224713851903,0.9692828778322821,False,False,False,False,0.010017194626152756,0.015367432550834781,False,False,False,False,29.0,-198.91745871191267,False,False,False,False,14.306888503319096,False,False,False,False
2025-04-28 17:00:00+00:00,34.925,34.925,34.925,34.925,0.0,,,,,,,,,,,,,,,,,,,,,,,,,,,,,,,,,,,,,,,,,,,,,,,,,,,,,,,,,,,,35.11666666666666,35.15933333333333,34.0391894977169,34.0391894977169,34.0391894977169,34.0391894977169,34.0391894977169,34.0391894977169,34.135860215053754,34.165662233305625,34.136765385423224,34.14327249842668,35.09754790081712,35.09810378819884,35.25635044531172,35.25635044531172,35.25635044531172,35.513900313842086,35.513900313842086,35.513900313842086,35.513900313842086,35.513900313842086,35.513900313842086,35.69915833333333,35.69915833333333,35.69915833333333,35.69915833333333,35.69915833333333,35.69915833333333,36.11342630518171,36.11342630518171,36.30314811338464,,,,,,,,,,,,,,,,,,,,,,,,,,,,,,,,,,,,,,,,,,,,,,,,,,,,,,,,,,34.109325236167344,34.109325236167344,34.109325236167344,34.109325236167344,34.109325236167344,34.109325236167344,34.109325236167344,34.101271753681395,34.02846782700422,33.90423165401426,33.90423165401426,,34.109325236167344,,,34.136765385423224,34.861564755727244,34.06395268562596,"rgba(38, 166, 154, 0.75)",0.6652097278168501,34.32893874267718,0.8960501213339557,63.78523797880593,20.57229865777815,True,False,True,False,False,2.3492831920308,0.0,0.0,0.0,0.0,0,0.9598224713851903,0.982714319084326,False,False,False,False,-0.011315832247953775,0.002025800151440503,False,False,False,False,29.0,-195.38385470087525,False,False,False,False,14.085076278461434,False,False,False,False
2025-04-28 18:00:00+00:00,34.925,34.94,34.925,34.94,6.0,,,,,,,,,,,,,,,,,,,,,,,,,,,,,,,,,,,,,,,,,,,,,,,,,,,,,,,,,,,,35.07629629629629,35.11591397849462,34.05722595078301,34.05722595078301,34.05722595078301,34.05722595078301,34.05722595078301,34.05722595078301,34.14051992225461,34.16948028673835,34.13977191881146,34.14625078369906,35.097136734120284,35.097691389240055,35.2557726500849,35.2557726500849,35.2557726500849,35.5130409863104,35.5130409863104,35.5130409863104,35.5130409863104,35.5130409863104,35.5130409863104,35.69811771826297,35.69811771826297,35.69811771826297,35.69811771826297,35.69811771826297,35.69811771826297,36.11204883433989,36.11204883433989,36.30160885055315,,,,,,,,,,,,,,,,,,,,,,,,,,,,,,,,,,,,,,,,,,,,,,,,,,,,,,,,,,34.12890645586298,34.12890645586298,34.12890645586298,34.12890645586298,34.12890645586298,34.12890645586298,34.12890645586298,34.12088888888889,34.036993207941485,33.90848224513172,33.90848224513172,,34.12890645586298,,,34.13977191881146,34.86272865275984,34.07974470710315,"rgba(38, 166, 154, 0.75)",0.6658328321437341,34.33576655843525,0.9074852010816853,60.71942155941477,17.77514466486376,True,False,True,False,False,2.4423521719539565,0.0,0.0,0.0,0.0,0,0.9598365440747225,0.9823701109165207,False,False,False,False,-0.010759272029517942,-0.00436673593903872,False,False,False,False,35.0,-191.81201199233456,False,False,False,False,13.959726258640327,False,False,False,False
2025-04-28 19:00:00+00:00,34.94,34.94,34.94,34.94,0.0,,,,,,,,,,,,,,,,,,,,,,,,,,,,,,,,,,,,,,,,,,,,,,,,,,,,,,,,,,,,35.07629629629629,35.11591397849462,34.05722595078301,34.05722595078301,34.05722595078301,34.05722595078301,34.05722595078301,34.05722595078301,34.14051992225461,34.16948028673835,34.13977191881146,34.14625078369906,35.097136734120284,35.097691389240055,35.2557726500849,35.2557726500849,35.2557726500849,35.5130409863104,35.5130409863104,35.5130409863104,35.5130409863104,35.5130409863104,35.5130409863104,35.69811771826297,35.69811771826297,35.69811771826297,35.69811771826297,35.69811771826297,35.69811771826297,36.11204883433989,36.11204883433989,36.30160885055315,,,,,,,,,,,,,,,,,,,,,,,,,,,,,,,,,,,,,,,,,,,,,,,,,,,,,,,,,,34.12890645586298,34.12890645586298,34.12890645586298,34.12890645586298,34.12890645586298,34.12890645586298,34.12890645586298,34.12088888888889,34.036993207941485,33.90848224513172,33.90848224513172,,34.12890645586298,,,34.13977191881146,34.86272865275984,34.07974470710315,"rgba(38, 166, 154, 0.75)",0.6707587944712652,34.33576655843525,0.9008207518785346,58.67554394648732,15.825369841956231,True,False,True,False,False,2.4423521719539565,0.0,0.0,0.0,0.0,0,0.9667019649370511,0.983174491116602,False,False,False,False,-0.01020271847631449,-0.0072847272076766055,False,False,False,False,35.0,-188.29554669012782,False,False,False,False,13.743296394165283,False,False,False,False
2025-04-29 14:00:00+00:00,34.89,34.89,34.89,34.89,0.0,,,,,,,,,,,,,,,,,,,,,,,,,,,,,,,,,,,,,,,,,,,,,,,,,,,,,,,,,,,,35.07629629629629,35.11591397849462,34.05722595078301,34.05722595078301,34.05722595078301,34.05722595078301,34.05722595078301,34.05722595078301,34.14051992225461,34.16948028673835,34.13977191881146,34.14625078369906,35.097136734120284,35.097691389240055,35.2557726500849,35.2557726500849,35.2557726500849,35.5130409863104,35.5130409863104,35.5130409863104,35.5130409863104,35.5130409863104,35.5130409863104,35.69811771826297,35.69811771826297,35.69811771826297,35.69811771826297,35.69811771826297,35.69811771826297,36.11204883433989,36.11204883433989,36.30160885055315,,,,,,,,,,,,,,,,,,,,,,,,,,,,,,,,,,,,,,,,,,,,,,,,,,,,,,,,,,34.12890645586298,34.12890645586298,34.12890645586298,34.12890645586298,34.12890645586298,34.12890645586298,34.12890645586298,34.12088888888889,34.036993207941485,33.90848224513172,33.90848224513172,,34.12890645586298,,,34.13977191881146,34.86272865275984,34.07974470710315,"rgba(38, 166, 154, 0.75)",0.6748425708975977,34.33576655843525,0.8212781253968167,56.55712308221746,13.693023813907345,True,False,True,False,False,2.099550060895229,0.0,0.0,0.0,0.0,0,0.958984604536373,0.9831942648959926,False,False,False,False,-0.013913211532072532,-0.010598969369874568,False,False,False,False,35.0,-184.83360022981577,False,False,False,False,13.530222031465046,False,False,False,False
2025-04-29 15:00:00+00:00,34.89,34.89,34.875,34.875,1.0,,,,,,,,,,,,,,,,,,,,,,,,,,,,,,,,,,,,,,,,,,,,,,,,,,,,,,,,,,,,35.06928571428571,35.10854166666667,34.05997770345597,34.05997770345597,34.05997770345597,34.05997770345597,34.05997770345597,34.05997770345597,34.14123786407766,34.170067493112946,34.14023630280217,34.146710526315786,35.097045231071775,35.097599691098004,35.25566007589374,35.25566007589374,35.25566007589374,35.51288440926704,35.51288440926704,35.51288440926704,35.51288440926704,35.51288440926704,35.51288440926704,35.697932077755084,35.697932077755084,35.697932077755084,35.697932077755084,35.697932077755084,35.697932077755084,36.11180885599272,36.11180885599272,36.30134233220846,,,,,,,,,,,,,,,,,,,,,,,,,,,,,,,,,,,,,,,,,,,,,,,,,,,,,,,,,34.88,34.13186351706037,34.13186351706037,34.13186351706037,34.13186351706037,34.13186351706037,34.13186351706037,34.13186351706037,34.12385416666667,34.03831246739698,33.90914949633699,33.90914949633699,,34.13186351706037,,,34.14023630280217,34.86282966195841,34.148625853846674,"rgba(38, 166, 154, 0.75)",0.6785906964684354,34.377574152016734,0.733027803905949,54.90372454200641,11.91061699363123,True,False,True,False,False,1.9952165369963843,0.0,0.0,0.0,0.0,0,0.9582443653618029,0.9927639383155399,False,False,False,False,-0.014469816036218257,-0.012534392703046413,False,False,False,False,34.0,-181.44083123400466,False,False,False,False,13.335955023225278,False,False,False,False
2025-04-29 16:00:00+00:00,34.875,34.875,34.875,34.875,0.0,,,,,,,,,,,,,,,,,,,,,,,,,,,,,,,,,,,,,,,,,,,,,,,,,,,,,,,,,,,,35.06928571428571,35.10854166666667,34.05997770345597,34.05997770345597,34.05997770345597,34.05997770345597,34.05997770345597,34.05997770345597,34.14123786407766,34.170067493112946,34.14023630280217,34.146710526315786,35.097045231071775,35.097599691098004,35.25566007589374,35.25566007589374,35.25566007589374,35.51288440926704,35.51288440926704,35.51288440926704,35.51288440926704,35.51288440926704,35.51288440926704,35.697932077755084,35.697932077755084,35.697932077755084,35.697932077755084,35.697932077755084,35.697932077755084,36.11180885599272,36.11180885599272,36.30134233220846,,,,,,,,,,,,,,,,,,,,,,,,,,,,,,,,,,,,,,,,,,,,,,,,,,,,,,,,,34.88,34.13186351706037,34.13186351706037,34.13186351706037,34.13186351706037,34.13186351706037,34.13186351706037,34.13186351706037,34.12385416666667,34.03831246739698,33.90914949633699,33.90914949633699,,34.13186351706037,,,34.14023630280217,34.86282966195841,34.148625853846674,"rgba(38, 166, 154, 0.5)",0.6821979052900733,34.377574152016734,0.7291518254834837,53.80145884853238,10.555736872197969,False,False,True,False,False,1.9952165369963843,0.0,0.0,0.0,0.0,0,0.9480612733365245,0.9930588798468167,False,False,False,False,-0.01502642950562982,-0.013780411104338117,False,False,False,False,34.0,-178.10066330789607,False,False,False,False,13.129196030617134,False,False,False,False
2025-04-29 17:00:00+00:00,34.875,34.875,34.875,34.875,0.0,,,,,,,,,,,,,,,,,,,,,,,,,,,,,,,,,,,,,,,,,,,,,,,,,,,,,,,,,,,,35.06928571428571,35.10854166666667,34.05997770345597,34.05997770345597,34.05997770345597,34.05997770345597,34.05997770345597,34.05997770345597,34.14123786407766,34.170067493112946,34.14023630280217,34.146710526315786,35.097045231071775,35.097599691098004,35.25566007589374,35.25566007589374,35.25566007589374,35.51288440926704,35.51288440926704,35.51288440926704,35.51288440926704,35.51288440926704,35.51288440926704,35.697932077755084,35.697932077755084,35.697932077755084,35.697932077755084,35.697932077755084,35.697932077755084,36.11180885599272,36.11180885599272,36.30134233220846,,,,,,,,,,,,,,,,,,,,,,,,,,,,,,,,,,,,,,,,,,,,,,,,,,,,,,,,,34.88,34.13186351706037,34.13186351706037,34.13186351706037,34.13186351706037,34.13186351706037,34.13186351706037,34.13186351706037,34.12385416666667,34.03831246739698,33.90914949633699,33.90914949633699,,34.13186351706037,,,34.14023630280217,34.86282966195841,34.148625853846674,"rgba(38, 166, 154, 0.5)",0.6853679027809393,34.377574152016734,0.7257793164297852,53.06661505288303,9.462533101273024,False,False,True,False,False,1.9952165369963843,0.0,0.0,0.0,0.0,0,0.9480612733365245,0.9930588798468167,False,False,False,False,-0.01502642950562982,-0.014403420304983969,False,False,False,False,34.0,-174.81228093102948,False,False,False,False,12.92564260378586,False,False,False,False
2025-04-29 18:00:00+00:00,34.875,35.2,34.875,35.2,1.0,,,,,,,,,,,,,,,,,,,,,,,,,,,,,,,,,,,,,,,,,,,,,,,,,,,,,,,,,,,,35.07005747126437,35.108030303030304,34.06341666666667,34.06341666666667,34.06341666666667,34.06341666666667,34.06341666666667,34.06341666666667,34.14215971548658,34.17082851637765,34.14083281086729,34.1473022333542,35.09704296545913,35.09759719298245,35.255610961365676,35.255610961365676,35.255610961365676,35.51278025057698,35.51278025057698,35.51278025057698,35.51278025057698,35.51278025057698,35.51278025057698,35.697794540229886,35.697794540229886,35.697794540229886,35.697794540229886,35.697794540229886,35.697794540229886,36.11161019149626,36.11161019149626,36.30111558887847,,,,,,,,,,,,,,,,,,,,,,,,,,,,,,,,,,,,,,,,,,,,,,,,,,,,,,35.09166666666667,35.09166666666667,35.09166666666667,34.98583333333333,34.135627450980394,34.135627450980394,34.135627450980394,34.135627450980394,34.135627450980394,34.135627450980394,34.135627450980394,34.12761997405966,34.03995833333334,33.909961107298095,33.909961107298095,,34.135627450980394,,,34.14083281086729,34.86373818707363,34.34651506747902,"rgba(38, 166, 154, 1.0)",0.6913596539944687,34.53985554668968,0.9548495482723163,57.400714944328996,9.462533101273024,True,False,True,False,True,4.2007544965318395,0.0,0.0,0.0,0.0,0,0.9484621778886116,0.9853936587103669,False,False,False,False,-0.002967971919190214,-0.008685696112087091,False,False,False,False,35.0,-171.55937735070344,False,False,False,False,12.740748920006235,False,False,False,False
2025-04-29 19:00:00+00:00,35.2,35.5,35.2,35.49,2.0,,,,,,,,,,,,,,,,,,,,,,,,,,,,,,,,,,,,,,,,,,,,,,,,,,,,,,,,,,,,35.09112903225807,35.12452380952381,34.072246136865346,34.072246136865346,34.072246136865346,34.072246136865346,34.072246136865346,34.072246136865346,34.1445885769603,34.172849683979116,34.14240555207681,34.14886491557223,35.09729517396183,35.097848829056225,35.25569540057867,35.25569540057867,35.25569540057867,35.51272285384742,35.51272285384742,35.51272285384742,35.51272285384742,35.51272285384742,35.51272285384742,35.69765797430083,35.69765797430083,35.69765797430083,35.69765797430083,35.69765797430083,35.69765797430083,36.111331840892866,36.111331840892866,36.30077665355068,,,,,,,,,,,,,,,,,,,,,,,,,,,,,,,,,,,,,,,,,,,,,,,,,,,,,,35.295,35.295,35.295,35.19125,34.14544098573282,34.14544098573282,34.14544098573282,34.14544098573282,34.14544098573282,34.14544098573282,34.14544098573282,34.137419562419566,34.04418483904466,33.91199908613205,33.91199908613205,,34.14544098573282,,,34.14240555207681,34.8676688667201,34.406662631590535,"rgba(38, 166, 154, 1.0)",0.7050204967950077,34.59028567580957,1.2761534285605822,62.901128372682514,6.293849090540583,True,False,True,False,True,6.096130562300694,0.0,0.0,0.0,0.0,0,0.9564909798372832,0.9784223558542625,False,False,False,False,0.020221976341564186,0.005768140114738547,False,False,False,False,37.0,-168.32589863208787,False,False,False,False,12.57422568093637,False,False,False,False
2025-04-30 14:00:00+00:00,35.15,35.15,35.0,35.0,17.0,,,,,,,,,,,,,,,,,,,,,,,,,,,,,,,,,,,,,,,,,,,,,,,,,,,,,,,,,,,,35.0765625,35.10016025641026,34.124352142110766,34.124352142110766,34.124352142110766,34.124352142110766,34.124352142110766,34.124352142110766,34.15924761904761,34.184972899729,34.151965097067325,34.158344678217816,35.09695918651622,35.09750905040379,35.25465405995632,35.25465405995632,35.25465405995632,35.510786774961026,35.510786774961026,35.510786774961026,35.510786774961026,35.510786774961026,35.510786774961026,35.69517092086439,35.69517092086439,35.69517092086439,35.69517092086439,35.69517092086439,35.69517092086439,36.107831134394,36.107831134394,36.29680519237952,,,,,,,,,,,,,,,,,,,,,,,,,,,,,,,,,,,,,,,,,,,,,,,,,,,,,,35.08675,35.08675,35.08675,35.076904761904764,34.201563260340635,34.201563260340635,34.201563260340635,34.201563260340635,34.201563260340635,34.201563260340635,34.201563260340635,34.193629227053144,34.07013151239252,33.92510614272809,33.92510614272809,,34.201563260340635,,,34.151965097067325,34.87963435245682,34.39080470727941,"rgba(38, 166, 154, 0.75)",0.709426001956814,34.58151373308955,0.5898941760749336,59.05508765928886,6.293849090540583,True,False,True,False,False,2.5181169890529915,0.0,0.0,0.0,0.0,0,0.9549676660787769,0.9787184009406233,False,False,False,False,-0.00018550118048044344,0.002791319467129052,False,False,False,False,20.0,-165.406117257947,False,False,False,False,12.642842337045884,False,False,False,False
2025-04-30 15:00:00+00:00,35.0,35.0,35.0,35.0,0.0,,,,,,,,,,,,,,,,,,,,,,,,,,,,,,,,,,,,,,,,,,,,,,,,,,,,,,,,,,,,35.0765625,35.10016025641026,34.124352142110766,34.124352142110766,34.124352142110766,34.124352142110766,34.124352142110766,34.124352142110766,34.15924761904761,34.184972899729,34.151965097067325,34.158344678217816,35.09695918651622,35.09750905040379,35.25465405995632,35.25465405995632,35.25465405995632,35.510786774961026,35.510786774961026,35.510786774961026,35.510786774961026,35.510786774961026,35.510786774961026,35.69517092086439,35.69517092086439,35.69517092086439,35.69517092086439,35.69517092086439,35.69517092086439,36.107831134394,36.107831134394,36.29680519237952,,,,,,,,,,,,,,,,,,,,,,,,,,,,,,,,,,,,,,,,,,,,,,,,,,,,,,35.08675,35.08675,35.08675,35.076904761904764,34.201563260340635,34.201563260340635,34.201563260340635,34.201563260340635,34.201563260340635,34.201563260340635,34.201563260340635,34.193629227053144,34.07013151239252,33.92510614272809,33.92510614272809,,34.201563260340635,,,34.151965097067325,34.87963435245682,34.39080470727941,"rgba(38, 166, 154, 0.75)",0.7136427488408672,34.58151373308955,0.5864086303548581,56.491060517026426,6.293849090540583,True,False,True,False,False,2.5181169890529915,0.0,0.0,0.0,0.0,0,0.9647226511462166,0.973274735716831,False,False,False,False,-0.00575048861557111,-0.0014795845742210292,False,False,False,False,20.0,-162.53160381208735,False,False,False,False,12.4468292775568,False,False,False,False
2025-04-30 16:00:00+00:00,35.0,36.24,35.0,36.24,1.0,,,,,,,,,,,,,,,,,,,,,,,,,,,,,,,,,,,,,,,,,,,,,,,,,,,,,,,,,,,,35.09187074829932,35.1138679245283,34.129671875,34.129671875,34.129671875,34.129671875,34.129671875,34.129671875,34.160834126228984,34.186306525859735,34.153002063983486,34.15937641723356,35.097263993316616,35.09781350034794,35.254824352485855,35.254824352485855,35.254824352485855,35.510864501312334,35.510864501312334,35.510864501312334,35.510864501312334,35.510864501312334,35.510864501312334,35.69520061728395,35.69520061728395,35.69520061728395,35.69520061728395,35.69520061728395,35.69520061728395,36.1077765923052,36.1077765923052,36.296717398070335,,,,,,,,,,,,,,,,,,,,,,,,,,,,,,,,,,,,,,,,,,,,,,,,,,,,,,35.12198412698413,35.12198412698413,35.12198412698413,35.110984848484854,34.20747272727273,34.20747272727273,34.20747272727273,34.20747272727273,34.20747272727273,34.20747272727273,34.20747272727273,34.199524669073405,34.07279292929294,33.926393590611596,33.926393590611596,,34.20747272727273,,,34.153002063983486,34.882337113987894,34.40362340666239,"rgba(38, 166, 154, 1.0)",0.7468116915949266,34.595012276524805,2.2026807319554447,62.79276511392055,6.293849090540583,True,False,True,False,True,10.06697007518995,0.0,0.0,0.0,0.0,0,0.9648770104068114,0.958845789971618,False,False,False,False,0.04027470870702418,0.019397562066401575,False,False,False,False,21.0,-159.68615259019452,False,False,False,False,12.26935905619933,False,False,False,False
2025-04-30 17:00:00+00:00,36.24,36.3,36.24,36.3,1.0,,,,,,,,,,,,,,,,,,,,,,,,,,,,,,,,,,,,,,,,,,,,,,,,,,,,,,,,,,,,35.115633333333335,35.13546296296296,34.13637071651091,34.13637071651091,34.13637071651091,34.13637071651091,34.13637071651091,34.13637071651091,34.1628485424588,34.18800595238095,34.15431827557755,34.160687062216724,35.09775782881001,35.09830690038953,35.25512946428571,35.25512946428571,35.25512946428571,35.511053710537105,35.511053710537105,35.511053710537105,35.511053710537105,35.511053710537105,35.511053710537105,35.69533265597953,35.69533265597953,35.69533265597953,35.69533265597953,35.69533265597953,35.69533265597953,36.10780999482803,36.10780999482803,36.296714276823494,,,,,,,,,,,,,,,,,,,,,,,,,,,,,,,,,,,,,,,,,,,,,,,,,,,,,,35.17462121212122,35.17462121212122,35.17462121212122,35.1618115942029,34.21498188405798,34.21498188405798,34.21498188405798,34.21498188405798,34.21498188405798,34.21498188405798,34.21498188405798,34.20700839328538,34.076132123045895,33.92798601714027,33.92798601714027,,34.21498188405798,,,34.15431827557755,34.88614484500937,34.42197739797228,"rgba(38, 166, 154, 1.0)",0.7794297002666932,34.614649227162,2.162287082800838,67.20872427533402,9.262577706079774,True,False,True,False,True,10.399165101874203,0.0,0.0,0.0,0.0,0,0.9692961738308926,0.9574870099196979,False,False,False,False,0.0887142922104779,0.054055927138439736,False,False,False,False,22.0,-156.86931301515273,False,False,False,False,12.094640311141974,False,False,False,False
2025-04-30 18:00:00+00:00,36.3,36.3,36.3,36.3,0.0,,,,,,,,,,,,,,,,,,,,,,,,,,,,,,,,,,,,,,,,,,,,,,,,,,,,,,,,,,,,35.115633333333335,35.13546296296296,34.13637071651091,34.13637071651091,34.13637071651091,34.13637071651091,34.13637071651091,34.13637071651091,34.1628485424588,34.18800595238095,34.15431827557755,34.160687062216724,35.09775782881001,35.09830690038953,35.25512946428571,35.25512946428571,35.25512946428571,35.511053710537105,35.511053710537105,35.511053710537105,35.511053710537105,35.511053710537105,35.511053710537105,35.69533265597953,35.69533265597953,35.69533265597953,35.69533265597953,35.69533265597953,35.69533265597953,36.10780999482803,36.10780999482803,36.296714276823494,,,,,,,,,,,,,,,,,,,,,,,,,,,,,,,,,,,,,,,,,,,,,,,,,,,,,,35.17462121212122,35.17462121212122,35.17462121212122,35.1618115942029,34.21498188405798,34.21498188405798,34.21498188405798,34.21498188405798,34.21498188405798,34.21498188405798,34.21498188405798,34.20700839328538,34.076132123045895,33.92798601714027,33.92798601714027,,34.21498188405798,,,34.15431827557755,34.88614484500937,34.42197739797228,"rgba(38, 166, 154, 1.0)",0.8077617445981231,34.614649227162,2.086445395698324,70.15269704960967,11.953989877514545,True,False,True,False,True,10.399165101874214,0.0,0.0,0.0,0.0,0,0.9707132735002358,0.9574870099196979,False,False,False,False,0.09095827594779445,0.0725071015431171,False,False,False,False,22.0,-154.09614537150694,False,False,False,False,11.907126507868455,False,False,False,False
2025-04-30 19:00:00+00:00,36.3,36.38,36.24,36.35,13.0,,,,,,,,,,,,,,,,,,,,,,,,,,,,,,,,,,,,,,,,,,,,,,,,,,,,,,,,,,,36.32333333333333,35.36484126984127,35.365945273631844,34.22149201596807,34.22149201596807,34.22149201596807,34.22149201596807,34.22149201596807,34.22149201596807,34.189220657276984,34.21030254350736,34.171627788009,34.17792458614347,35.10437430786267,35.10491766984917,35.259246467042196,35.259246467042196,35.259246467042196,35.51364312571522,35.51364312571522,35.51364312571522,35.51364312571522,35.51364312571522,35.51364312571522,35.697170568812844,35.697170568812844,35.697170568812844,35.697170568812844,35.697170568812844,35.697170568812844,36.10835203456503,36.10835203456503,36.29677872974482,,,,,,,,,,,,,,,,,,,,,,,,,,,,,,,,,,,,,,,,,,,,,,,,,,,,,,35.601285714285716,35.601285714285716,35.601285714285716,35.58125,34.30982122260669,34.30982122260669,34.30982122260669,34.30982122260669,34.30982122260669,34.30982122260669,34.30982122260669,34.30155211912944,34.11947576656776,33.948871003800576,33.948871003800576,,34.30982122260669,,,34.171627788009,34.95592832997977,34.59150837296015,"rgba(38, 166, 154, 1.0)",0.8362805523042655,34.911331847038255,1.7203176003527498,72.3300501968389,14.079917211086496,True,False,True,False,True,10.684666727074095,0.0,0.0,0.0,0.0,0,0.9978192391567724,0.9544463290525806,False,False,False,False,0.09170647246903497,0.08210678700607604,False,False,False,False,35.0,-151.16442218745257,False,False,False,False,11.924070282940262,False,False,False,False
2025-05-01 14:00:00+00:00,36.35,36.35,36.35,36.35,0.0,,,,,,,,,,,,,,,,,,,,,,,,,,,,,,,,,,,,,,,,,,,,,,,,,,,,,,,,,,,36.32333333333333,35.36484126984127,35.365945273631844,34.22149201596807,34.22149201596807,34.22149201596807,34.22149201596807,34.22149201596807,34.22149201596807,34.189220657276984,34.21030254350736,34.171627788009,34.17792458614347,35.10437430786267,35.10491766984917,35.259246467042196,35.259246467042196,35.259246467042196,35.51364312571522,35.51364312571522,35.51364312571522,35.51364312571522,35.51364312571522,35.51364312571522,35.697170568812844,35.697170568812844,35.697170568812844,35.697170568812844,35.697170568812844,35.697170568812844,36.10835203456503,36.10835203456503,36.29677872974482,,,,,,,,,,,,,,,,,,,,,,,,,,,,,,,,,,,,,,,,,,,,,,,,,,,,,,35.601285714285716,35.601285714285716,35.601285714285716,35.58125,34.30982122260669,34.30982122260669,34.30982122260669,34.30982122260669,34.30982122260669,34.30982122260669,34.30982122260669,34.30155211912944,34.11947576656776,33.948871003800576,33.948871003800576,,34.30982122260669,,,34.171627788009,34.95592832997977,34.59150837296015,"rgba(38, 166, 154, 1.0)",0.8643478872944805,34.911331847038255,1.6644549886793403,73.78161896165838,15.683421898113465,True,False,True,False,True,10.684666727074095,0.0,0.0,0.0,0.0,0,0.9801797365505354,0.9610981164594362,False,False,False,False,0.09470029116339704,0.08840353908473654,False,False,False,False,35.0,-148.2781520760192,False,False,False,False,11.739200976228009,False,False,False,False
2025-05-01 15:00:00+00:00,36.35,36.35,36.35,36.35,0.0,,,,,,,,,,,,,,,,,,,,,,,,,,,,,,,,,,,,,,,,,,,,,,,,,,,,,,,,,,,36.32333333333333,35.36484126984127,35.365945273631844,34.22149201596807,34.22149201596807,34.22149201596807,34.22149201596807,34.22149201596807,34.22149201596807,34.189220657276984,34.21030254350736,34.171627788009,34.17792458614347,35.10437430786267,35.10491766984917,35.259246467042196,35.259246467042196,35.259246467042196,35.51364312571522,35.51364312571522,35.51364312571522,35.51364312571522,35.51364312571522,35.51364312571522,35.697170568812844,35.697170568812844,35.697170568812844,35.697170568812844,35.697170568812844,35.697170568812844,36.10835203456503,36.10835203456503,36.29677872974482,,,,,,,,,,,,,,,,,,,,,,,,,,,,,,,,,,,,,,,,,,,,,,,,,,,,,,35.601285714285716,35.601285714285716,35.601285714285716,35.58125,34.30982122260669,34.30982122260669,34.30982122260669,34.30982122260669,34.30982122260669,34.30982122260669,34.30982122260669,34.30155211912944,34.11947576656776,33.948871003800576,33.948871003800576,,34.30982122260669,,,34.171627788009,34.95592832997977,34.59150837296015,"rgba(38, 166, 154, 1.0)",0.8761391555112583,34.911331847038255,1.6420543973088753,74.74933147153803,16.97553002975974,True,False,True,False,True,10.684666727074095,0.0,0.0,0.0,0.0,0,0.9640526898928965,0.9610981164594362,False,False,False,False,0.15908041251731142,0.12374197580102397,False,False,False,False,35.0,-145.4366303384065,False,False,False,False,11.557197860317498,False,False,False,False
2025-05-01 16:00:00+00:00,36.35,36.35,36.35,36.35,0.0,,,,,,,,,,,,,,,,,,,,,,,,,,,,,,,,,,,,,,,,,,,,,,,,,,,,,,,,,,,36.32333333333333,35.36484126984127,35.365945273631844,34.22149201596807,34.22149201596807,34.22149201596807,34.22149201596807,34.22149201596807,34.22149201596807,34.189220657276984,34.21030254350736,34.171627788009,34.17792458614347,35.10437430786267,35.10491766984917,35.259246467042196,35.259246467042196,35.259246467042196,35.51364312571522,35.51364312571522,35.51364312571522,35.51364312571522,35.51364312571522,35.51364312571522,35.697170568812844,35.697170568812844,35.697170568812844,35.697170568812844,35.697170568812844,35.697170568812844,36.10835203456503,36.10835203456503,36.29677872974482,,,,,,,,,,,,,,,,,,,,,,,,,,,,,,,,,,,,,,,,,,,,,,,,,,,,,,35.601285714285716,35.601285714285716,35.601285714285716,35.58125,34.30982122260669,34.30982122260669,34.30982122260669,34.30982122260669,34.30982122260669,34.30982122260669,34.30982122260669,34.30155211912944,34.11947576656776,33.948871003800576,33.948871003800576,,34.30982122260669,,,34.171627788009,34.95592832997977,34.59150837296015,"rgba(38, 166, 154, 1.0)",0.902973067350582,34.911331847038255,1.5932569917981607,75.39447314479114,18.074722791289304,True,False,True,False,True,10.684666727074095,0.0,0.0,0.0,0.0,0,0.9630005068423718,0.9599594526102383,False,False,False,False,0.15908041251731142,0.1414111941591677,False,False,False,False,35.0,-142.63916320137696,False,False,False,False,11.378016498142033,False,False,False,False
2025-05-01 17:00:00+00:00,36.35,36.35,36.35,36.35,0.0,,,,,,,,,,,,,,,,,,,,,,,,,,,,,,,,,,,,,,,,,,,,,,,,,,,,,,,,,,,36.32333333333333,35.36484126984127,35.365945273631844,34.22149201596807,34.22149201596807,34.22149201596807,34.22149201596807,34.22149201596807,34.22149201596807,34.189220657276984,34.21030254350736,34.171627788009,34.17792458614347,35.10437430786267,35.10491766984917,35.259246467042196,35.259246467042196,35.259246467042196,35.51364312571522,35.51364312571522,35.51364312571522,35.51364312571522,35.51364312571522,35.51364312571522,35.697170568812844,35.697170568812844,35.697170568812844,35.697170568812844,35.697170568812844,35.697170568812844,36.10835203456503,36.10835203456503,36.29677872974482,,,,,,,,,,,,,,,,,,,,,,,,,,,,,,,,,,,,,,,,,,,,,,,,,,,,,,35.601285714285716,35.601285714285716,35.601285714285716,35.58125,34.30982122260669,34.30982122260669,34.30982122260669,34.30982122260669,34.30982122260669,34.30982122260669,34.30982122260669,34.30155211912944,34.11947576656776,33.948871003800576,33.948871003800576,,34.30982122260669,,,34.171627788009,34.95592832997977,34.59150837296015,"rgba(38, 166, 154, 1.0)",0.9284182421907641,34.911331847038255,1.5495905698351626,75.82456759362654,19.045190505878168,True,False,True,False,True,10.684666727074095,0.0,0.0,0.0,0.0,0,0.9630005068423718,0.9599594526102383,False,False,False,False,0.18055239108098062,0.16098179262007417,False,False,False,False,35.0,-139.88506764786723,False,False,False,False,11.20161314158169,False,False,False,False
2025-05-01 18:00:00+00:00,36.35,36.35,35.72,35.72,8.0,,,,,,,,,,,,,,,,,,,,,,,,,,,,,,,,,,,,,,,,,,,,,,,,,,,,,,,,,,,36.17349206349206,35.428521126760565,35.42611111111111,34.261457115009755,34.261457115009755,34.261457115009755,34.261457115009755,34.261457115009755,34.261457115009755,34.202199440820124,34.22128225591912,34.18022093260028,34.18647651006711,35.10710816777041,35.10764860019307,35.26083357980873,35.26083357980873,35.26083357980873,35.51445831293849,35.51445831293849,35.51445831293849,35.51445831293849,35.51445831293849,35.51445831293849,35.69758913857678,35.69758913857678,35.69758913857678,35.69758913857678,35.69758913857678,35.69758913857678,36.108076427789584,36.108076427789584,36.29623302957039,,,,,,,,,,,,,,,,,,,,,,,,,,,,,,,,,,,,,,,,,,,,,,,,,,,,,,35.66244186046512,35.66244186046512,35.66244186046512,35.644659090909094,34.35346240179574,34.35346240179574,34.35346240179574,34.35346240179574,34.35346240179574,34.35346240179574,34.35346240179574,34.3451226309922,34.14071358748779,33.95944407382699,33.95944407382699,,34.35346240179574,,,34.18022093260028,34.96674570617705,34.63406305673391,"rgba(38, 166, 154, 0.75)",0.9389561963898491,34.95285568737283,0.8170182119003271,66.42244438585061,23.525019820784422,True,False,True,False,False,5.712438128995654,0.0,0.0,0.0,0.0,0,0.963122544671144,0.9599543784057788,False,False,False,False,0.17381247351801193,0.16739713306904305,False,False,False,False,27.0,-137.29770225797782,False,False,False,False,11.151975728533913,False,False,False,False
2025-05-01 19:00:00+00:00,35.72,35.72,35.72,35.72,0.0,,,,,,,,,,,,,,,,,,,,,,,,,,,,,,,,,,,,,,,,,,,,,,,,,,,,,,,,,,,36.17349206349206,35.428521126760565,35.42611111111111,34.261457115009755,34.261457115009755,34.261457115009755,34.261457115009755,34.261457115009755,34.261457115009755,34.202199440820124,34.22128225591912,34.18022093260028,34.18647651006711,35.10710816777041,35.10764860019307,35.26083357980873,35.26083357980873,35.26083357980873,35.51445831293849,35.51445831293849,35.51445831293849,35.51445831293849,35.51445831293849,35.51445831293849,35.69758913857678,35.69758913857678,35.69758913857678,35.69758913857678,35.69758913857678,35.69758913857678,36.108076427789584,36.108076427789584,36.29623302957039,,,,,,,,,,,,,,,,,,,,,,,,,,,,,,,,,,,,,,,,,,,,,,,,,,,,,,35.66244186046512,35.66244186046512,35.66244186046512,35.644659090909094,34.35346240179574,34.35346240179574,34.35346240179574,34.35346240179574,34.35346240179574,34.35346240179574,34.35346240179574,34.3451226309922,34.14071358748779,33.95944407382699,33.95944407382699,,34.35346240179574,,,34.18022093260028,34.96674570617705,34.63406305673391,"rgba(38, 166, 154, 0.5)",0.9483323817662551,34.95285568737283,0.8089403329224842,60.15436224733332,17.806489820920177,False,False,True,False,False,5.712438128995654,0.0,0.0,0.0,0.0,0,0.963122544671144,0.9598276517551643,False,False,False,False,0.14380511007661115,0.1556011215728271,False,False,False,False,27.0,-134.75045106017973,False,False,False,False,10.97907688002951,False,False,False,False
2025-05-02 14:00:00+00:00,35.72,35.72,35.72,35.72,0.0,,,,,,,,,,,,,,,,,,,,,,,,,,,,,,,,,,,,,,,,,,,,,,,,,,,,,,,,,,,36.17349206349206,35.428521126760565,35.42611111111111,34.261457115009755,34.261457115009755,34.261457115009755,34.261457115009755,34.261457115009755,34.261457115009755,34.202199440820124,34.22128225591912,34.18022093260028,34.18647651006711,35.10710816777041,35.10764860019307,35.26083357980873,35.26083357980873,35.26083357980873,35.51445831293849,35.51445831293849,35.51445831293849,35.51445831293849,35.51445831293849,35.51445831293849,35.69758913857678,35.69758913857678,35.69758913857678,35.69758913857678,35.69758913857678,35.69758913857678,36.108076427789584,36.108076427789584,36.29623302957039,,,,,,,,,,,,,,,,,,,,,,,,,,,,,,,,,,,,,,,,,,,,,,,,,,,,,,35.66244186046512,35.66244186046512,35.66244186046512,35.644659090909094,34.35346240179574,34.35346240179574,34.35346240179574,34.35346240179574,34.35346240179574,34.35346240179574,34.35346240179574,34.3451226309922,34.14071358748779,33.95944407382699,33.95944407382699,,34.35346240179574,,,34.18022093260028,34.96674570617705,34.63406305673391,"rgba(38, 166, 154, 0.5)",0.9579943764059239,34.95285568737283,0.8007816449875593,55.97564082165512,14.09126880360428,False,False,True,False,False,5.712438128995654,0.0,0.0,0.0,0.0,0,0.963122544671144,0.9598276517551643,False,False,False,False,0.17446487270431804,0.16503299713857256,False,False,False,False,27.0,-132.24269212901416,False,False,False,False,10.808858633827501,False,False,False,False
2025-05-02 15:00:00+00:00,35.72,35.72,35.72,35.72,0.0,,,,,,,,,,,,,,,,,,,,,,,,,,,,,,,,,,,,,,,,,,,,,,,,,,,,,,,,,,,36.17349206349206,35.428521126760565,35.42611111111111,34.261457115009755,34.261457115009755,34.261457115009755,34.261457115009755,34.261457115009755,34.261457115009755,34.202199440820124,34.22128225591912,34.18022093260028,34.18647651006711,35.10710816777041,35.10764860019307,35.26083357980873,35.26083357980873,35.26083357980873,35.51445831293849,35.51445831293849,35.51445831293849,35.51445831293849,35.51445831293849,35.51445831293849,35.69758913857678,35.69758913857678,35.69758913857678,35.69758913857678,35.69758913857678,35.69758913857678,36.108076427789584,36.108076427789584,36.29623302957039,,,,,,,,,,,,,,,,,,,,,,,,,,,,,,,,,,,,,,,,,,,,,,,,,,,,,,35.66244186046512,35.66244186046512,35.66244186046512,35.644659090909094,34.35346240179574,34.35346240179574,34.35346240179574,34.35346240179574,34.35346240179574,34.35346240179574,34.35346240179574,34.3451226309922,34.14071358748779,33.95944407382699,33.95944407382699,,34.35346240179574,,,34.18022093260028,34.96674570617705,34.63406305673391,#000000,0.9672688773455025,34.95285568737283,0.7931034799056681,53.189826537869656,11.556051090271275,False,True,False,False,False,5.712438128995654,0.0,0.0,0.0,0.0,0,0.9842009842009839,0.9589484589484591,False,False,False,False,0.23655869354669046,0.2007958453426315,False,False,False,False,27.0,-129.77381318127752,False,False,False,False,10.64127943020227,False,False,False,False
2025-05-02 16:00:00+00:00,35.72,35.72,35.72,35.72,0.0,,,,,,,,,,,,,,,,,,,,,,,,,,,,,,,,,,,,,,,,,,,,,,,,,,,,,,,,,,,36.17349206349206,35.428521126760565,35.42611111111111,34.261457115009755,34.261457115009755,34.261457115009755,34.261457115009755,34.261457115009755,34.261457115009755,34.202199440820124,34.22128225591912,34.18022093260028,34.18647651006711,35.10710816777041,35.10764860019307,35.26083357980873,35.26083357980873,35.26083357980873,35.51445831293849,35.51445831293849,35.51445831293849,35.51445831293849,35.51445831293849,35.51445831293849,35.69758913857678,35.69758913857678,35.69758913857678,35.69758913857678,35.69758913857678,35.69758913857678,36.108076427789584,36.108076427789584,36.29623302957039,,,,,,,,,,,,,,,,,,,,,,,,,,,,,,,,,,,,,,,,,,,,,,,,,,,,,,35.66244186046512,35.66244186046512,35.66244186046512,35.644659090909094,34.35346240179574,34.35346240179574,34.35346240179574,34.35346240179574,34.35346240179574,34.35346240179574,34.35346240179574,34.3451226309922,34.14071358748779,33.95944407382699,33.95944407382699,,34.35346240179574,,,34.18022093260028,34.96674570617705,34.63406305673391,#000000,0.9759579816683339,34.95285568737283,0.7860423573930773,51.33261701534602,9.710295342993504,False,True,False,False,False,5.712438128995654,0.0,0.0,0.0,0.0,0,1.0018508725542037,0.9386567953463776,False,False,False,False,0.26322305115224226,0.23200944824743688,False,False,False,False,27.0,-127.34321142652902,False,False,False,False,10.476298353765024,False,False,False,False
2025-05-02 17:00:00+00:00,35.72,35.72,35.72,35.72,0.0,,,,,,,,,,,,,,,,,,,,,,,,,,,,,,,,,,,,,,,,,,,,,,,,,,,,,,,,,,,36.17349206349206,35.428521126760565,35.42611111111111,34.261457115009755,34.261457115009755,34.261457115009755,34.261457115009755,34.261457115009755,34.261457115009755,34.202199440820124,34.22128225591912,34.18022093260028,34.18647651006711,35.10710816777041,35.10764860019307,35.26083357980873,35.26083357980873,35.26083357980873,35.51445831293849,35.51445831293849,35.51445831293849,35.51445831293849,35.51445831293849,35.51445831293849,35.69758913857678,35.69758913857678,35.69758913857678,35.69758913857678,35.69758913857678,35.69758913857678,36.108076427789584,36.108076427789584,36.29623302957039,,,,,,,,,,,,,,,,,,,,,,,,,,,,,,,,,,,,,,,,,,,,,,,,,,,,,,35.66244186046512,35.66244186046512,35.66244186046512,35.644659090909094,34.35346240179574,34.35346240179574,34.35346240179574,34.35346240179574,34.35346240179574,34.35346240179574,34.35346240179574,34.3451226309922,34.14071358748779,33.95944407382699,33.95944407382699,,34.35346240179574,,,34.18022093260028,34.96674570617705,34.63406305673391,#000000,0.9776824960401027,34.95285568737283,0.7846558731841099,50.09447733366359,8.268192912530779,False,True,False,False,False,5.712438128995654,0.0,0.0,0.0,0.0,0,1.0018508725542037,0.9177683765203598,False,False,False,False,0.26322305115224226,0.24761624969983959,False,False,False,False,27.0,-124.95029341991616,False,False,False,False,10.313875123474093,False,False,False,False
2025-05-02 18:00:00+00:00,35.72,35.72,35.72,35.72,0.0,,,,,,,,,,,,,,,,,,,,,,,,,,,,,,,,,,,,,,,,,,,,,,,,,,,,,,,,,,,36.17349206349206,35.428521126760565,35.42611111111111,34.261457115009755,34.261457115009755,34.261457115009755,34.261457115009755,34.261457115009755,34.261457115009755,34.202199440820124,34.22128225591912,34.18022093260028,34.18647651006711,35.10710816777041,35.10764860019307,35.26083357980873,35.26083357980873,35.26083357980873,35.51445831293849,35.51445831293849,35.51445831293849,35.51445831293849,35.51445831293849,35.51445831293849,35.69758913857678,35.69758913857678,35.69758913857678,35.69758913857678,35.69758913857678,35.69758913857678,36.108076427789584,36.108076427789584,36.29623302957039,,,,,,,,,,,,,,,,,,,,,,,,,,,,,,,,,,,,,,,,,,,,,,,,,,,,,,35.66244186046512,35.66244186046512,35.66244186046512,35.644659090909094,34.35346240179574,34.35346240179574,34.35346240179574,34.35346240179574,34.35346240179574,34.35346240179574,34.35346240179574,34.3451226309922,34.14071358748779,33.95944407382699,33.95944407382699,,34.35346240179574,,,34.18022093260028,34.96674570617705,34.63406305673391,#000000,0.984162881121167,34.95285568737283,0.7794891753621406,49.269050879208635,7.067824321147242,False,True,False,False,False,5.712438128995654,0.0,0.0,0.0,0.0,0,1.0018508725542037,0.9177683765203598,False,False,False,False,0.26322305115224226,0.2554196504260409,False,False,False,False,27.0,-122.5944749172818,False,False,False,False,10.153970082800075,False,False,False,False
2025-05-02 19:00:00+00:00,35.72,35.72,35.72,35.72,0.0,,,,,,,,,,,,,,,,,,,,,,,,,,,,,,,,,,,,,,,,,,,,,,,,,,,,,,,,,,,36.17349206349206,35.428521126760565,35.42611111111111,34.261457115009755,34.261457115009755,34.261457115009755,34.261457115009755,34.261457115009755,34.261457115009755,34.202199440820124,34.22128225591912,34.18022093260028,34.18647651006711,35.10710816777041,35.10764860019307,35.26083357980873,35.26083357980873,35.26083357980873,35.51445831293849,35.51445831293849,35.51445831293849,35.51445831293849,35.51445831293849,35.51445831293849,35.69758913857678,35.69758913857678,35.69758913857678,35.69758913857678,35.69758913857678,35.69758913857678,36.108076427789584,36.108076427789584,36.29623302957039,,,,,,,,,,,,,,,,,,,,,,,,,,,,,,,,,,,,,,,,,,,,,,,,,,,,,,35.66244186046512,35.66244186046512,35.66244186046512,35.644659090909094,34.35346240179574,34.35346240179574,34.35346240179574,34.35346240179574,34.35346240179574,34.35346240179574,34.35346240179574,34.3451226309922,34.14071358748779,33.95944407382699,33.95944407382699,,34.35346240179574,,,34.18022093260028,34.96674570617705,34.63406305673391,#000000,0.990135125913481,34.95285568737283,0.7747874936962904,48.718766576238664,6.020654543162429,False,True,False,False,False,5.712438128995654,0.0,0.0,0.0,0.0,0,1.0018508725542037,0.9177683765203598,False,False,False,False,0.26322305115224226,0.2593213507891416,False,False,False,False,27.0,-120.27518073251774,False,False,False,False,9.996544190043485,False,False,False,False
2025-05-05 14:00:00+00:00,36.075,36.39,36.0,36.39,97.0,,,,,,,,,,,,,,,,,,,,,,,,,,,,,,,,,,,,,,,,,,,,,,,,,,,,,,,,,,36.26,36.24460451977401,35.90860119047619,35.89638565891473,34.70304859529233,34.70304859529233,34.70304859529233,34.70304859529233,34.70304859529233,34.70304859529233,34.372803418803414,34.367767901234565,34.29656382160707,34.30233582949309,35.151608966706455,35.15211084592946,35.288699923327584,35.288699923327584,35.288699923327584,35.5317467527293,35.5317467527293,35.5317467527293,35.5317467527293,35.5317467527293,35.5317467527293,35.70958690711824,35.70958690711824,35.70958690711824,35.70958690711824,35.70958690711824,35.70958690711824,36.11087062318291,36.11087062318291,36.29559097552064,,,,,,,,,,,,,,,,,,,,,,,,,,,,,,,,,,,,,,,,,,,,,,,,,,,,,,36.07646428571429,36.07646428571429,36.07646428571429,36.06797872340425,34.822838409475466,34.822838409475466,34.822838409475466,34.822838409475466,34.822838409475466,34.822838409475466,34.822838409475466,34.81417087542088,34.404604193410364,34.099264828738505,34.099264828738505,,34.822838409475466,,,34.29656382160707,35.16910616044206,35.03163634487891,"rgba(38, 166, 154, 0.5)",1.005099932282361,35.6195527058659,0.7665380022308672,57.22933531423455,-0.3135273038023598,False,True,True,False,True,10.398582562397067,0.0,0.0,0.0,0.0,0,1.0018186541958947,0.9090672902052483,False,False,False,False,0.3228873863408081,0.29110436856497485,False,False,False,False,124.0,-116.48796862813761,False,False,False,False,11.34543497779475,False,False,False,False
2025-05-05 15:00:00+00:00,36.39,36.39,36.39,36.39,0.0,,,,,,,,,,,,,,,,,,,,,,,,,,,,,,,,,,,,,,,,,,,,,,,,,,,,,,,,,,36.26,36.24460451977401,35.90860119047619,35.89638565891473,34.70304859529233,34.70304859529233,34.70304859529233,34.70304859529233,34.70304859529233,34.70304859529233,34.372803418803414,34.367767901234565,34.29656382160707,34.30233582949309,35.151608966706455,35.15211084592946,35.288699923327584,35.288699923327584,35.288699923327584,35.5317467527293,35.5317467527293,35.5317467527293,35.5317467527293,35.5317467527293,35.5317467527293,35.70958690711824,35.70958690711824,35.70958690711824,35.70958690711824,35.70958690711824,35.70958690711824,36.11087062318291,36.11087062318291,36.29559097552064,,,,,,,,,,,,,,,,,,,,,,,,,,,,,,,,,,,,,,,,,,,,,,,,,,,,,,36.07646428571429,36.07646428571429,36.07646428571429,36.06797872340425,34.822838409475466,34.822838409475466,34.822838409475466,34.822838409475466,34.822838409475466,34.822838409475466,34.822838409475466,34.81417087542088,34.404604193410364,34.099264828738505,34.099264828738505,,34.822838409475466,,,34.29656382160707,35.16910616044206,35.03163634487891,"rgba(38, 166, 154, 0.5)",1.0186775918003523,35.6195527058659,0.7563210385068514,62.903047806231804,4.940304667004241,False,False,True,False,True,10.398582562397078,0.0,0.0,0.0,0.0,0,1.0367314346553098,0.9068405642800108,False,False,False,False,0.34282824155675506,0.316966305060865,False,False,False,False,124.0,-112.75947299049206,False,False,False,False,11.169536761084753,False,False,False,False
2025-05-05 16:00:00+00:00,36.39,36.39,36.39,36.39,0.0,,,,,,,,,,,,,,,,,,,,,,,,,,,,,,,,,,,,,,,,,,,,,,,,,,,,,,,,,,36.26,36.24460451977401,35.90860119047619,35.89638565891473,34.70304859529233,34.70304859529233,34.70304859529233,34.70304859529233,34.70304859529233,34.70304859529233,34.372803418803414,34.367767901234565,34.29656382160707,34.30233582949309,35.151608966706455,35.15211084592946,35.288699923327584,35.288699923327584,35.288699923327584,35.5317467527293,35.5317467527293,35.5317467527293,35.5317467527293,35.5317467527293,35.5317467527293,35.70958690711824,35.70958690711824,35.70958690711824,35.70958690711824,35.70958690711824,35.70958690711824,36.11087062318291,36.11087062318291,36.29559097552064,,,,,,,,,,,,,,,,,,,,,,,,,,,,,,,,,,,,,,,,,,,,,,,,,,,,,,36.07646428571429,36.07646428571429,36.07646428571429,36.06797872340425,34.822838409475466,34.822838409475466,34.822838409475466,34.822838409475466,34.822838409475466,34.822838409475466,34.822838409475466,34.81417087542088,34.404604193410364,34.099264828738505,34.099264828738505,,34.822838409475466,,,34.29656382160707,35.16910616044206,35.03163634487891,"rgba(38, 166, 154, 1.0)",1.0309229137303035,35.6195527058659,0.7473374428610821,66.68552280089665,8.39431835420968,True,False,True,False,True,10.398582562397067,0.0,0.0,0.0,0.0,0,1.036780383795309,0.8821961620469084,False,False,False,False,0.34282824155675506,0.32989727330881,False,False,False,False,124.0,-109.08878348676349,False,False,False,False,10.996365648509796,False,False,False,False
2025-05-05 17:00:00+00:00,36.39,36.39,36.39,36.39,0.0,,,,,,,,,,,,,,,,,,,,,,,,,,,,,,,,,,,,,,,,,,,,,,,,,,,,,,,,,,36.26,36.24460451977401,35.90860119047619,35.89638565891473,34.70304859529233,34.70304859529233,34.70304859529233,34.70304859529233,34.70304859529233,34.70304859529233,34.372803418803414,34.367767901234565,34.29656382160707,34.30233582949309,35.151608966706455,35.15211084592946,35.288699923327584,35.288699923327584,35.288699923327584,35.5317467527293,35.5317467527293,35.5317467527293,35.5317467527293,35.5317467527293,35.5317467527293,35.70958690711824,35.70958690711824,35.70958690711824,35.70958690711824,35.70958690711824,35.70958690711824,36.11087062318291,36.11087062318291,36.29559097552064,,,,,,,,,,,,,,,,,,,,,,,,,,,,,,,,,,,,,,,,,,,,,,,,,,,,,,36.07646428571429,36.07646428571429,36.07646428571429,36.06797872340425,34.822838409475466,34.822838409475466,34.822838409475466,34.822838409475466,34.822838409475466,34.822838409475466,34.822838409475466,34.81417087542088,34.404604193410364,34.099264828738505,34.099264828738505,,34.822838409475466,,,34.29656382160707,35.16910616044206,35.03163634487891,"rgba(38, 166, 154, 1.0)",1.041882876300426,35.6195527058659,0.73947591582448,69.20717279733987,10.785236292102034,True,False,True,False,True,10.398582562397067,0.0,0.0,0.0,0.0,0,1.036780383795309,0.8821961620469084,False,False,False,False,0.34282824155675506,0.33636275743278254,False,False,False,False,124.0,-105.47500389782141,False,False,False,False,10.825879359385613,False,False,False,False
2025-05-05 18:00:00+00:00,36.39,36.39,36.205,36.205,6.0,,,,,,,,,,,,,,,,,,,,,,,,,,,,,,,,,,,,,,,,,,,,,,,,,,,,,,36.266666666666666,36.266666666666666,36.266666666666666,36.266666666666666,36.260388349514564,36.24567204301075,35.920948275862074,35.908867041198505,34.72413108614232,34.72413108614232,34.72413108614232,34.72413108614232,34.72413108614232,34.72413108614232,34.38246598639455,34.376170108161254,34.30335727969348,34.30910160734787,35.154264919941774,35.15476455026455,35.29038413700727,35.29038413700727,35.29038413700727,35.532799395241504,35.532799395241504,35.532799395241504,35.532799395241504,35.532799395241504,35.532799395241504,35.710321033750645,35.710321033750645,35.710321033750645,35.710321033750645,35.710321033750645,35.710321033750645,36.11104766414142,36.11104766414142,36.29555930656934,,,,,,,,,,,,,,,,,,,,,,,,,,,,,,,,,,,,,,,,,,,,,,,,,,,,,,36.08428082191781,36.08428082191781,36.08428082191781,36.07608843537415,34.84449583333333,34.84449583333333,34.84449583333333,34.84449583333333,34.84449583333333,34.84449583333333,34.84449583333333,34.83584991708126,34.41883651804672,34.10738243861839,34.10738243861839,,34.84449583333333,,,34.30335727969348,35.29456818185659,35.04732353645504,"rgba(38, 166, 154, 1.0)",1.0480985915732233,35.916553504454754,0.27520931510105234,66.34444143288688,10.785236292102034,True,False,True,False,True,8.703860428107493,0.0,0.0,0.0,0.0,0,1.1241150122814618,0.8722727929489958,False,False,False,False,0.3309799498125339,0.3336713536226582,False,False,False,False,118.0,-102.01027515521953,False,False,False,False,10.751059524356378,False,False,False,False
2025-05-05 19:00:00+00:00,36.205,36.205,36.205,36.205,0.0,,,,,,,,,,,,,,,,,,,,,,,,,,,,,,,,,,,,,,,,,,,,,,,,,,,,,,36.266666666666666,36.266666666666666,36.266666666666666,36.266666666666666,36.260388349514564,36.24567204301075,35.920948275862074,35.908867041198505,34.72413108614232,34.72413108614232,34.72413108614232,34.72413108614232,34.72413108614232,34.72413108614232,34.38246598639455,34.376170108161254,34.30335727969348,34.30910160734787,35.154264919941774,35.15476455026455,35.29038413700727,35.29038413700727,35.29038413700727,35.532799395241504,35.532799395241504,35.532799395241504,35.532799395241504,35.532799395241504,35.532799395241504,35.710321033750645,35.710321033750645,35.710321033750645,35.710321033750645,35.710321033750645,35.710321033750645,36.11104766414142,36.11104766414142,36.29555930656934,,,,,,,,,,,,,,,,,,,,,,,,,,,,,,,,,,,,,,,,,,,,,,,,,,,,,,36.08428082191781,36.08428082191781,36.08428082191781,36.07608843537415,34.84449583333333,34.84449583333333,34.84449583333333,34.84449583333333,34.84449583333333,34.84449583333333,34.84449583333333,34.83584991708126,34.41883651804672,34.10738243861839,34.10738243861839,,34.84449583333333,,,34.30335727969348,35.29456818185659,35.04732353645504,"rgba(38, 166, 154, 0.75)",1.0528306033163133,35.916553504454754,0.2739723699488466,64.43595385658489,10.785236292102034,True,False,True,False,False,8.703860428107493,0.0,0.0,0.0,0.0,0,1.1248002324567772,0.7923870405346506,False,False,False,False,0.3192206648569591,0.32644600923980865,False,False,False,False,118.0,-98.59926313730915,False,False,False,False,10.584376430955505,False,False,False,False
2025-05-06 14:00:00+00:00,35.45,35.45,35.45,35.45,0.0,,,,,,,,,,,,,,,,,,,,,,,,,,,,,,,,,,,,,,,,,,,,,,,,,,,,,,36.266666666666666,36.266666666666666,36.266666666666666,36.266666666666666,36.260388349514564,36.24567204301075,35.920948275862074,35.908867041198505,34.72413108614232,34.72413108614232,34.72413108614232,34.72413108614232,34.72413108614232,34.72413108614232,34.38246598639455,34.376170108161254,34.30335727969348,34.30910160734787,35.154264919941774,35.15476455026455,35.29038413700727,35.29038413700727,35.29038413700727,35.532799395241504,35.532799395241504,35.532799395241504,35.532799395241504,35.532799395241504,35.532799395241504,35.710321033750645,35.710321033750645,35.710321033750645,35.710321033750645,35.710321033750645,35.710321033750645,36.11104766414142,36.11104766414142,36.29555930656934,,,,,,,,,,,,,,,,,,,,,,,,,,,,,,,,,,,,,,,,,,,,,,,,,,,,,,36.08428082191781,36.08428082191781,36.08428082191781,36.07608843537415,34.84449583333333,34.84449583333333,34.84449583333333,34.84449583333333,34.84449583333333,34.84449583333333,34.84449583333333,34.83584991708126,34.41883651804672,34.10738243861839,34.10738243861839,,34.84449583333333,,,34.30335727969348,35.29456818185659,35.04732353645504,#000000,1.0474155236960112,35.916553504454754,-0.44543306252367304,53.32880972090684,12.35442050729607,False,True,False,False,False,2.19423804949124,0.0,0.0,0.0,0.0,0,1.1167187944270682,0.796843901052033,False,False,False,False,0.2260656049188155,0.2762558070793121,False,False,False,False,118.0,-95.2411350266532,False,False,False,False,10.420277571560845,False,False,False,False
2025-05-06 15:00:00+00:00,35.45,35.45,35.29,35.29,12.0,,,,,,,,,,,,,,,,,,,,,,,,,,,,,,,,,,,,,,,,,,,,,,,,,,,,,,35.65111111111111,35.65111111111111,35.65111111111111,35.65111111111111,36.16469565217391,36.166053921568626,35.88368279569893,35.87314912280702,34.74039022611233,34.74039022611233,34.74039022611233,34.74039022611233,34.74039022611233,34.74039022611233,34.39217171717171,34.38465399610136,34.31048040334855,34.31617730900798,35.15516133280653,35.155658241179566,35.290565884820744,35.290565884820744,35.290565884820744,35.53225819249385,35.53225819249385,35.53225819249385,35.53225819249385,35.53225819249385,35.53225819249385,35.70935633442863,35.70935633442863,35.70935633442863,35.70935633442863,35.70935633442863,35.70935633442863,36.10930681531872,36.10930681531872,36.293478696285504,,,,,,,,,,,,,,,,,,,,,,,,,,,,,,,,,,,,,,,,,,,,,,,,,,,,,,36.02800632911393,36.02800632911393,36.02800632911393,36.02078616352201,34.85902508090615,34.85902508090615,34.85902508090615,34.85902508090615,34.85902508090615,34.85902508090615,34.85902508090615,34.850559581320454,34.43275616896696,34.1165716646014,34.1165716646014,,34.85902508090615,,,34.31048040334855,35.1913953732973,35.04229598644647,"rgba(239, 83, 80, 1.0)",1.0349110071851109,35.75785278774281,-0.4520705495396578,44.84567892716393,4.804530536702195,False,True,False,True,False,0.9175076331390244,0.0,0.0,0.0,0.0,0,1.1116614774978768,0.7977639399943391,False,False,False,False,0.2164427646844008,0.24634928588185645,False,False,False,False,106.0,-92.12111742934074,False,False,False,False,10.444769392156802,False,False,False,False
2025-05-06 16:00:00+00:00,35.29,35.29,35.28,35.29,11.0,,,,,,,,,,,,,,,,,,,,,,,,,,,,,,,,,,,,,,,,,,,,,,,,,,,,,,35.512873563218385,35.512873563218385,35.512873563218385,35.512873563218385,36.08804232804233,36.100249433106576,35.850346869712354,35.84105306799337,34.753230056980065,34.753230056980065,34.753230056980065,34.753230056980065,34.753230056980065,34.753230056980065,34.400378092855156,34.391849166062364,34.3165711854793,34.32222568460812,35.15573039601363,35.156224931183644,35.29055365459557,35.29055365459557,35.29055365459557,35.531616809116805,35.531616809116805,35.531616809116805,35.531616809116805,35.531616809116805,35.531616809116805,35.7083402534965,35.7083402534965,35.7083402534965,35.7083402534965,35.7083402534965,35.7083402534965,36.10760041485951,36.10760041485951,36.29146616996789,,,,,,,,,,,,,,,,,,,,,,,,,,,,,,,,,,,,,,,,,,,,,,,,,,,,,,35.97975345167653,35.97975345167653,35.97975345167653,35.97328431372549,34.870145784081956,34.870145784081956,34.870145784081956,34.870145784081956,34.870145784081956,34.870145784081956,34.870145784081956,34.861847058823535,34.44438118811881,34.12449230769231,34.12449230769231,,34.870145784081956,,,34.3165711854793,35.16513761327324,35.03725186797705,"rgba(239, 83, 80, 1.0)",1.0334716792016208,35.70002167162803,-0.3967420490368741,39.19025839800199,-0.08642787710969912,False,True,False,True,False,0.9175076331390457,0.0,0.0,0.0,0.0,0,1.1169738406658734,0.7923602853745542,False,False,False,False,0.1791596073759728,0.21275444662891463,False,False,False,False,106.0,-89.0494721978781,False,False,False,False,10.453377618634992,False,False,False,False
2025-05-06 17:00:00+00:00,35.29,35.29,35.29,35.29,0.0,,,,,,,,,,,,,,,,,,,,,,,,,,,,,,,,,,,,,,,,,,,,,,,,,,,,,,35.512873563218385,35.512873563218385,35.512873563218385,35.512873563218385,36.08804232804233,36.100249433106576,35.850346869712354,35.84105306799337,34.753230056980065,34.753230056980065,34.753230056980065,34.753230056980065,34.753230056980065,34.753230056980065,34.400378092855156,34.391849166062364,34.3165711854793,34.32222568460812,35.15573039601363,35.156224931183644,35.29055365459557,35.29055365459557,35.29055365459557,35.531616809116805,35.531616809116805,35.531616809116805,35.531616809116805,35.531616809116805,35.531616809116805,35.7083402534965,35.7083402534965,35.7083402534965,35.7083402534965,35.7083402534965,35.7083402534965,36.10760041485951,36.10760041485951,36.29146616996789,,,,,,,,,,,,,,,,,,,,,,,,,,,,,,,,,,,,,,,,,,,,,,,,,,,,,,35.97975345167653,35.97975345167653,35.97975345167653,35.97328431372549,34.870145784081956,34.870145784081956,34.870145784081956,34.870145784081956,34.870145784081956,34.870145784081956,34.870145784081956,34.861847058823535,34.44438118811881,34.12449230769231,34.12449230769231,,34.870145784081956,,,34.3165711854793,35.16513761327324,35.03725186797705,"rgba(239, 83, 80, 1.0)",1.0318626558513713,35.70002167162803,-0.39736070425935566,35.41997804522735,-3.4193569897783647,False,True,False,True,False,0.9175076331390244,0.0,0.0,0.0,0.0,0,1.1250396196513466,0.8448494453248813,False,False,False,False,0.17987321860665528,0.19631383261778496,False,False,False,False,106.0,-86.0254493731048,False,False,False,False,10.291309748578636,False,False,False,False
2025-05-06 18:00:00+00:00,35.29,35.42,34.71,34.71,131.0,,,,,,,,,,,,,,,,,,,,,,,,,,,,,,,,,,,,,,,,,,,,,,,,,,,,,,35.04929166666666,35.04929166666666,35.04929166666666,35.04929166666666,35.506251621271076,35.556654676258994,35.48942581300813,35.48814759036145,34.79553422370618,34.79553422370618,34.79553422370618,34.79553422370618,34.79553422370618,34.79553422370618,34.454185463659144,34.439982339955854,34.360152235128474,34.36537007735584,35.14548447437336,35.14595861381202,35.27817069818582,35.27817069818582,35.27817069818582,35.513972676337396,35.513972676337396,35.513972676337396,35.513972676337396,35.513972676337396,35.513972676337396,35.68714219956094,35.68714219956094,35.68714219956094,35.68714219956094,35.68714219956094,35.68714219956094,36.07961323763955,36.07961323763955,36.26019731392734,,,,,,,,,,,,,,,,,,,,,,,,,,,,,,,,,,,,,,,,,,,,,,,,,,,,,,35.52863888888889,35.52863888888889,35.52863888888889,35.52648394241418,34.88824007220217,34.88824007220217,34.88824007220217,34.88824007220217,34.88824007220217,34.88824007220217,34.88824007220217,34.88183153477219,34.51445509407171,34.18582763857251,34.18582763857251,,34.88824007220217,,,34.360152235128474,35.031377694452814,34.93986820136566,"rgba(239, 83, 80, 1.0)",1.0296356392188715,35.32133033155917,-0.5937346263800168,29.66098228368579,-8.768974980097731,False,True,False,True,False,0.0,0.0,0.0,0.0,0.0,0,1.0763922323864545,0.8387096774193549,False,False,False,False,0.14792829428146734,0.17212106344962613,False,False,False,False,-25.0,-85.07931837507216,False,False,False,False,12.162762310616175,False,False,False,False
2025-05-06 19:00:00+00:00,34.71,34.9,34.6,34.9,48.0,,,,,,,,,,,,,,,,,,,,,,,,,,,,,,,,,,,,,,,,,,,,,,,,,,,,,,34.99176282051282,34.99176282051282,34.99176282051282,34.99176282051282,35.39510382513661,35.445245398773004,35.4014140070922,35.40122368421053,34.7958655332303,34.7958655332303,34.7958655332303,34.7958655332303,34.7958655332303,34.7958655332303,34.46623125302371,34.45107402652974,34.37102385856505,34.37610168038409,35.139389930172726,35.13985794758756,35.27194384156267,35.27194384156267,35.27194384156267,35.50616791922872,35.50616791922872,35.50616791922872,35.50616791922872,35.50616791922872,35.50616791922872,35.67818682089029,35.67818682089029,35.67818682089029,35.67818682089029,35.67818682089029,35.67818682089029,36.06840903563176,36.06840903563176,36.24786196175055,,,,,,,,,,,,,,,,,,,,,,,,,,,,,,,,,,,,,,,,,,,,,,,,,,,,,,35.428136973180074,35.428136973180074,35.428136973180074,35.42656638013372,34.88120431893688,34.88120431893688,34.88120431893688,34.88120431893688,34.88120431893688,34.88120431893688,34.88120431893688,34.87532836644592,34.528341776426885,34.20216925351072,34.20216925351072,,34.88120431893688,,,34.37102385856505,35.00628309824214,34.91249441214175,"rgba(239, 83, 80, 1.0)",1.027028460880984,35.245397100076715,-0.3363072331807003,28.932998119197773,-9.624960664003396,False,True,False,True,False,0.0,0.0,0.0,0.0,0.0,0,1.0721665871880461,0.8216499761564141,False,False,False,False,0.10368937644200346,0.13790521994581478,False,False,False,False,23.0,-83.40367002817182,False,False,False,False,12.718378398823676,False,False,False,False
2025-05-07 14:00:00+00:00,34.9,35.05,34.9,35.05,1.0,,,,,,,,,,,,,,,,,,,,,,,,,,,,,,,,,,,,,,,,,,,,,,,,,,,,,,34.991802232854866,34.991802232854866,34.991802232854866,34.991802232854866,35.39381263616558,35.44388379204893,35.4003492484527,35.40017060367454,34.79618055555556,34.79618055555556,34.79618055555556,34.79618055555556,34.79618055555556,34.79618055555556,34.466618322455886,34.45142612785974,34.371347572482414,34.37642245072836,35.13933872152828,35.13980658587342,35.2718700840792,35.2718700840792,35.2718700840792,35.50605267152398,35.50605267152398,35.50605267152398,35.50605267152398,35.50605267152398,35.50605267152398,35.6780442248388,35.6780442248388,35.6780442248388,35.6780442248388,35.6780442248388,35.6780442248388,36.06821417715362,36.06821417715362,36.24764238371751,,,,,,,,,,,,,,,,,,,,,,,,,,,,,,,,,,,,,,,,,,,,,,,,,,,,,,35.426910219675264,35.426910219675264,35.426910219675264,35.42534761904762,34.881401326699844,34.881401326699844,34.881401326699844,34.881401326699844,34.881401326699844,34.881401326699844,34.881401326699844,34.87553443526171,34.52881916329285,34.20261126500462,34.20261126500462,,34.881401326699844,,,34.371347572482414,35.00620735685233,34.91236424623575,"rgba(239, 83, 80, 1.0)",1.0243948422326694,35.24467435084482,-0.19003839420015808,30.67079231357462,-9.624960664003396,False,True,False,True,False,0.0,0.0,0.0,0.0,0.0,0,1.0813162474292037,0.8177503559563362,False,False,False,False,0.10739002788181774,0.12264762391381626,False,False,False,False,24.0,-81.73849684944047,False,False,False,False,12.536698113570596,False,False,False,False
2025-05-07 15:00:00+00:00,35.05,35.14,34.58,34.58,44.0,,,,,,,,,,,,,,,,,,,,,,,,,,,,,,,,,,,,,,,,,,,,,,,,,,,,,,34.95264822134388,34.95264822134388,34.95264822134388,34.95264822134388,35.314971428571425,35.36356693620844,35.33412114014252,35.33458431372549,34.794303949903664,34.794303949903664,34.794303949903664,34.794303949903664,34.794303949903664,34.794303949903664,34.47589599437807,34.46007901850697,34.38010149303808,34.38505530417295,35.13341046035189,35.133873027346105,35.26591217725364,35.26591217725364,35.26591217725364,35.498718815749925,35.498718815749925,35.498718815749925,35.498718815749925,35.498718815749925,35.498718815749925,35.669689930555556,35.669689930555556,35.669689930555556,35.669689930555556,35.669689930555556,35.669689930555556,36.0578526626862,36.0578526626862,36.23626418718351,,,,,,,,,,,,,,,,,,,,,,,,,,,,,,,,,,,,,,,,,,,,,,,,,,,,,,35.35298982188295,35.35298982188295,35.35298982188295,35.351789340101526,34.87359866048429,34.87359866048429,34.87359866048429,34.87359866048429,34.87359866048429,34.87359866048429,34.87359866048429,34.868153569594256,34.53895994832041,34.21603389219398,34.21603389219398,,34.87359866048429,,,34.38010149303808,34.98748999458001,34.891008715429535,"rgba(239, 83, 80, 1.0)",1.0225700707284815,35.18911383635035,-0.5956695328628374,29.042891469603042,-10.395276000531425,False,True,False,True,False,0.0,0.0,0.0,0.0,0.0,0,1.072604065827686,0.8491448854469185,False,False,False,False,0.08329724190208425,0.10297243290795025,False,False,False,False,-20.0,-80.78131085177472,False,False,False,False,13.024501243592756,False,False,False,False
2025-05-07 16:00:00+00:00,34.58,34.58,34.58,34.58,0.0,,,,,,,,,,,,,,,,,,,,,,,,,,,,,,,,,,,,,,,,,,,,,,,,,,,,,,34.95264822134388,34.95264822134388,34.95264822134388,34.95264822134388,35.314971428571425,35.36356693620844,35.33412114014252,35.33458431372549,34.794303949903664,34.794303949903664,34.794303949903664,34.794303949903664,34.794303949903664,34.794303949903664,34.47589599437807,34.46007901850697,34.38010149303808,34.38505530417295,35.13341046035189,35.133873027346105,35.26591217725364,35.26591217725364,35.26591217725364,35.498718815749925,35.498718815749925,35.498718815749925,35.498718815749925,35.498718815749925,35.498718815749925,35.669689930555556,35.669689930555556,35.669689930555556,35.669689930555556,35.669689930555556,35.669689930555556,36.0578526626862,36.0578526626862,36.23626418718351,,,,,,,,,,,,,,,,,,,,,,,,,,,,,,,,,,,,,,,,,,,,,,,,,,,,,,35.35298982188295,35.35298982188295,35.35298982188295,35.351789340101526,34.87359866048429,34.87359866048429,34.87359866048429,34.87359866048429,34.87359866048429,34.87359866048429,34.87359866048429,34.868153569594256,34.53895994832041,34.21603389219398,34.21603389219398,,34.87359866048429,,,34.38010149303808,34.98748999458001,34.891008715429535,"rgba(239, 83, 80, 1.0)",1.02072916879853,35.18911383635035,-0.5967438327125725,27.957624240288652,-12.123696518682905,False,True,False,True,False,0.0,0.0,0.0,0.0,0.0,0,1.0673770491803276,0.8650819672131149,False,False,False,False,-0.006033837611206818,0.04846929764837171,False,False,False,False,-20.0,-79.83896494709604,False,False,False,False,12.822570991754107,False,False,False,False
2025-05-07 17:00:00+00:00,34.58,34.58,34.58,34.58,0.0,,,,,,,,,,,,,,,,,,,,,,,,,,,,,,,,,,,,,,,,,,,,,,,,,,,,,,34.95264822134388,34.95264822134388,34.95264822134388,34.95264822134388,35.314971428571425,35.36356693620844,35.33412114014252,35.33458431372549,34.794303949903664,34.794303949903664,34.794303949903664,34.794303949903664,34.794303949903664,34.794303949903664,34.47589599437807,34.46007901850697,34.38010149303808,34.38505530417295,35.13341046035189,35.133873027346105,35.26591217725364,35.26591217725364,35.26591217725364,35.498718815749925,35.498718815749925,35.498718815749925,35.498718815749925,35.498718815749925,35.498718815749925,35.669689930555556,35.669689930555556,35.669689930555556,35.669689930555556,35.669689930555556,35.669689930555556,36.0578526626862,36.0578526626862,36.23626418718351,,,,,,,,,,,,,,,,,,,,,,,,,,,,,,,,,,,,,,,,,,,,,,,,,,,,,,35.35298982188295,35.35298982188295,35.35298982188295,35.351789340101526,34.87359866048429,34.87359866048429,34.87359866048429,34.87359866048429,34.87359866048429,34.87359866048429,34.87359866048429,34.868153569594256,34.53895994832041,34.21603389219398,34.21603389219398,,34.87359866048429,,,34.38010149303808,34.98748999458001,34.891008715429535,"rgba(239, 83, 80, 1.0)",1.0188720490092729,35.18911383635035,-0.5978315304091825,27.234112754079064,-13.583222130768412,False,True,False,True,False,0.0,0.0,0.0,0.0,0.0,0,1.070160464322294,0.9008193922840562,False,False,False,False,-0.006033837611206818,0.021217730018582445,False,False,False,False,-20.0,-78.91122905644339,False,False,False,False,12.623771441494354,False,False,False,False
2025-05-07 18:00:00+00:00,34.58,34.58,34.58,34.58,0.0,,,,,,,,,,,,,,,,,,,,,,,,,,,,,,,,,,,,,,,,,,,,,,,,,,,,,,34.95264822134388,34.95264822134388,34.95264822134388,34.95264822134388,35.314971428571425,35.36356693620844,35.33412114014252,35.33458431372549,34.794303949903664,34.794303949903664,34.794303949903664,34.794303949903664,34.794303949903664,34.794303949903664,34.47589599437807,34.46007901850697,34.38010149303808,34.38505530417295,35.13341046035189,35.133873027346105,35.26591217725364,35.26591217725364,35.26591217725364,35.498718815749925,35.498718815749925,35.498718815749925,35.498718815749925,35.498718815749925,35.498718815749925,35.669689930555556,35.669689930555556,35.669689930555556,35.669689930555556,35.669689930555556,35.669689930555556,36.0578526626862,36.0578526626862,36.23626418718351,,,,,,,,,,,,,,,,,,,,,,,,,,,,,,,,,,,,,,,,,,,,,,,,,,,,,,35.35298982188295,35.35298982188295,35.35298982188295,35.351789340101526,34.87359866048429,34.87359866048429,34.87359866048429,34.87359866048429,34.87359866048429,34.87359866048429,34.87359866048429,34.868153569594256,34.53895994832041,34.21603389219398,34.21603389219398,,34.87359866048429,,,34.38010149303808,34.98748999458001,34.891008715429535,"rgba(239, 83, 80, 1.0)",1.0169986225154388,35.18911383635035,-0.5989328037080074,26.75177176327267,-14.855684667660853,False,True,False,True,False,0.0,0.0,0.0,0.0,0.0,0,1.0288494366678045,0.9008193922840562,False,False,False,False,-0.006033837611206818,0.007591946203687814,False,False,False,False,-20.0,-77.9978766679714,False,False,False,False,12.428054054804518,False,False,False,False
2025-05-07 19:00:00+00:00,34.58,35.075,34.525,34.525,8.0,,,,,,,,,,,,,,,,,,,,,,,,,,,,,,,,,,,,,,,,,,,,,,,,,,,,,,34.94515964240102,34.94515964240102,34.94515964240102,34.94515964240102,35.30141527001862,35.349736147757255,35.32245143745144,35.323013856812935,34.79332142857143,34.79332142857143,34.79332142857143,34.79332142857143,34.79332142857143,34.79332142857143,34.47719543442813,34.4613118146079,34.381417710944035,34.386350358871645,35.13218457101658,35.132646246246246,35.264719176250324,35.264719176250324,35.264719176250324,35.49729597959795,35.49729597959795,35.49729597959795,35.49729597959795,35.49729597959795,35.49729597959795,35.66809033555185,35.66809033555185,35.66809033555185,35.66809033555185,35.66809033555185,35.66809033555185,36.055902137910266,36.055902137910266,36.234132810229575,,,,,,,,,,,,,,,,,,,,,,,,,,,,,,,,,,,,,,,,,,,,,,,,,,,,,34.708333333333336,35.34012884455528,35.34012884455528,35.34012884455528,35.33898424543947,34.87158015267176,34.87158015267176,34.87158015267176,34.87158015267176,34.87158015267176,34.87158015267176,34.87158015267176,34.86620750887875,34.540262820512815,34.21815472985101,34.21815472985101,,34.87158015267176,,,34.381417710944035,34.98388157908537,34.87572156063966,"rgba(239, 83, 80, 1.0)",1.0154164148247737,35.17103468452908,-0.6362263551161598,26.05307721654073,-16.325889291977333,False,True,False,True,False,0.0,0.0,0.0,0.0,0.0,0,1.026474530831099,0.886058981233244,False,False,True,False,0.03482418687058247,0.02120806653713514,False,False,False,False,-28.0,-77.2227157893982,False,False,False,False,12.359402053954835,False,False,True,False
2025-05-08 14:00:00+00:00,34.525,34.91,34.525,34.91,33.0,,,,,,,,,,,,,,,,,,,,,,,,,,,,,,,,,,,,,,,,,,,,,,,,,,,,,,34.92680839002268,34.92680839002268,34.92680839002268,34.92680839002268,35.25754901960784,35.3042354368932,35.283823953823955,35.28467811158798,34.79279672578445,34.79279672578445,34.79279672578445,34.79279672578445,34.79279672578445,34.79279672578445,34.484058515482694,34.46774229521492,34.387930637738336,34.39277668308703,35.128063769148554,35.12852148622982,35.26049310710498,35.26049310710498,35.26049310710498,35.49202107065743,35.49202107065743,35.49202107065743,35.49202107065743,35.49202107065743,35.49202107065743,35.66204778627005,35.66204778627005,35.66204778627005,35.66204778627005,35.66204778627005,35.66204778627005,36.04835009578544,36.04835009578544,36.22582293111419,,,,,,,,,,,,,,,,,,,,,,,,,,,,,,,,,,,,,,,,,,,,,,,,,,,,34.78166666666666,34.767357723577234,35.297665130568355,35.297665130568355,35.297665130568355,35.29670498084291,34.86726744186047,34.86726744186047,34.86726744186047,34.86726744186047,34.86726744186047,34.86726744186047,34.86726744186047,34.86216425120774,34.547687169928544,34.22799382716049,34.22799382716049,,34.86726744186047,,,34.387930637738336,34.973956611449665,34.86326093713368,"rgba(239, 83, 80, 0.75)",1.0049105020434492,35.13892310463242,-0.22780447031543102,32.036486008095366,-16.325889291977333,False,True,False,True,True,0.0,0.0,0.0,0.0,0.0,0,1.0265680174878087,0.907684546830335,False,False,True,False,0.0194961308335685,0.02035209868535182,False,False,False,False,5.0,-75.94794500196566,False,False,False,False,12.679411324436156,False,False,False,False
2025-05-08 15:00:00+00:00,34.91,34.91,34.91,34.91,0.0,,,,,,,,,,,,,,,,,,,,,,,,,,,,,,,,,,,,,,,,,,,,,,,,,,,,,,34.92680839002268,34.92680839002268,34.92680839002268,34.92680839002268,35.25754901960784,35.3042354368932,35.283823953823955,35.28467811158798,34.79279672578445,34.79279672578445,34.79279672578445,34.79279672578445,34.79279672578445,34.79279672578445,34.484058515482694,34.46774229521492,34.387930637738336,34.39277668308703,35.128063769148554,35.12852148622982,35.26049310710498,35.26049310710498,35.26049310710498,35.49202107065743,35.49202107065743,35.49202107065743,35.49202107065743,35.49202107065743,35.49202107065743,35.66204778627005,35.66204778627005,35.66204778627005,35.66204778627005,35.66204778627005,35.66204778627005,36.04835009578544,36.04835009578544,36.22582293111419,,,,,,,,,,,,,,,,,,,,,,,,,,,,,,,,,,,,,,,,,,,,,,,,,,,,34.78166666666666,34.767357723577234,35.297665130568355,35.297665130568355,35.297665130568355,35.29670498084291,34.86726744186047,34.86726744186047,34.86726744186047,34.86726744186047,34.86726744186047,34.86726744186047,34.86726744186047,34.86216425120774,34.547687169928544,34.22799382716049,34.22799382716049,,34.86726744186047,,,34.387930637738336,34.973956611449665,34.86326093713368,"rgba(239, 83, 80, 0.75)",0.9940390896296839,35.13892310463242,-0.23029587771815302,36.025425202465115,-21.369233812541857,False,True,False,True,True,0.0,0.0,0.0,0.0,0.0,0,1.0297629056667224,0.9009584664536744,False,False,False,False,0.05528832296776973,0.03782021082656078,False,False,False,False,5.0,-74.69293810271039,False,False,False,False,12.482831303902262,False,False,False,False
2025-05-08 16:00:00+00:00,34.91,35.62,34.91,35.62,1.0,,,,,,,,,,,,,,,,,,,,,,,,,,,,,,,,,,,,,,,,,,,,,,,,,,,,,,34.92835593220339,34.92835593220339,34.92835593220339,34.92835593220339,35.25786989795918,35.30442695722356,35.28403887688985,35.28488936473948,34.793601271571305,34.793601271571305,34.793601271571305,34.793601271571305,34.793601271571305,34.793601271571305,34.4846723549488,34.46829888551165,34.38842122556268,34.39326440177253,35.12815467711301,35.12861219888454,35.260525664811375,35.260525664811375,35.260525664811375,35.491996799166294,35.491996799166294,35.491996799166294,35.491996799166294,35.491996799166294,35.491996799166294,35.66199022442517,35.66199022442517,35.66199022442517,35.66199022442517,35.66199022442517,35.66199022442517,36.04823068175016,36.04823068175016,36.22567689374241,,,,,,,,,,,,,,,,,,,,,,,,,,,,,,,,,,,,,,,,,,,,,,,,,,,,34.79936274509804,34.78202380952381,35.297862068965514,35.297862068965514,35.297862068965514,35.29690366972477,34.86801644895986,34.86801644895986,34.86801644895986,34.86801644895986,34.86801644895986,34.86801644895986,34.86801644895986,34.86291847563918,34.54846523898199,34.22860479464128,34.22860479464128,,34.86801644895986,,,34.38842122556268,34.97453003166453,34.86568146340387,#000000,0.983753649672183,35.14104120638923,0.48686863196936436,45.679555067529435,-12.368021730940775,False,True,False,False,True,4.028433339154148,0.0,0.0,0.0,0.0,0,1.0290688126129082,0.8799474462144853,False,False,False,False,0.12173706164888151,0.07977863623772115,False,False,False,False,6.0,-73.4418847987924,False,False,False,False,12.3048029115937,False,False,False,False
2025-05-08 17:00:00+00:00,35.62,35.62,35.62,35.62,1.0,,,,,,,,,,,,,,,,,,,,,,,,,,,,,,,,,,,,,,,,,,,,,,,,,,,,,,34.93069256756757,34.93069256756757,34.93069256756757,34.93069256756757,35.25879134860051,35.30518921095008,35.284762931034486,35.285605413105415,34.79472562358277,34.79472562358277,34.79472562358277,34.79472562358277,34.79472562358277,34.79472562358277,34.48544679399727,34.46899858242203,34.389027914614125,34.39386811023622,35.128329773347566,35.128787069988135,35.260620915032675,35.260620915032675,35.260620915032675,35.49202537768847,35.49202537768847,35.49202537768847,35.49202537768847,35.49202537768847,35.49202537768847,35.66198155413311,35.66198155413311,35.66198155413311,35.66198155413311,35.66198155413311,35.66198155413311,36.048153800119685,36.048153800119685,36.225571923743495,,,,,,,,,,,,,,,,,,,,,,,,,,,,,,,,,,,,,,,,,,,,,,,,,,,,34.82280952380952,34.801511627906976,35.298600917431195,35.298600917431195,35.298600917431195,35.29764302059497,34.86910628019324,34.86910628019324,34.86910628019324,34.86910628019324,34.86910628019324,34.86910628019324,34.86910628019324,34.864012524084785,34.54946201550387,34.22934020436927,34.22934020436927,,34.86910628019324,,,34.389027914614125,34.97543378642151,34.869039166722644,"rgba(38, 166, 154, 0.5)",0.9726408649919801,35.14421453778308,0.48916869457345097,52.11564164423898,-6.671508121379858,False,False,True,False,True,4.028433339154169,0.0,0.0,0.0,0.0,0,1.0523895549351288,0.8799474462144853,False,False,False,False,0.1892747232403771,0.13452667973904914,False,False,False,False,6.0,-72.21022767012896,False,False,False,False,12.12953464939845,False,False,False,False
2025-05-08 18:00:00+00:00,35.62,36.1,35.62,36.1,2.0,,,,,,,,,,,,,,,,,,,,,,,,,,,,,,,,,,,,,,,,,,,,,,,,,,,,,,34.93746644295302,34.93746644295302,34.93746644295302,34.93746644295302,35.262240506329114,35.30824118589744,35.28757510729614,35.28839007092199,34.79783355947536,34.79783355947536,34.79783355947536,34.79783355947536,34.79783355947536,34.79783355947536,34.48742847411444,34.47078377831715,34.39055446194226,34.395388397246805,35.12890726906201,35.12936403508772,35.26098075564971,35.26098075564971,35.26098075564971,35.492225321728775,35.492225321728775,35.492225321728775,35.492225321728775,35.492225321728775,35.492225321728775,35.66209631922944,35.66209631922944,35.66209631922944,35.66209631922944,35.66209631922944,35.66209631922944,36.048114979660205,36.048114979660205,36.225472972972966,,,,,,,,,,,,,,,,,,,,,,,,,,,,,,,,,,,,,,,,,,,,,,,,,,,,34.883198198198194,34.85211111111111,35.3015296803653,35.3015296803653,35.3015296803653,35.300569476082,34.8722013487476,34.8722013487476,34.8722013487476,34.8722013487476,34.8722013487476,34.8722013487476,34.8722013487476,34.86711335254564,34.552044258743415,34.23114660330869,34.23114660330869,,34.8722013487476,,,34.39055446194226,34.97812533301144,34.87807812268394,"rgba(38, 166, 154, 1.0)",0.9658844054465199,35.15322483573678,0.9802158093913281,59.239951239376296,-0.3814701941066261,True,False,True,False,True,7.492813171315714,0.0,0.0,0.0,0.0,0,1.0515763945028291,0.8662894098625709,False,False,False,False,0.23588304273595972,0.18520486123750443,False,False,False,False,8.0,-70.96665824888665,False,False,False,False,11.972487600570567,False,False,False,False
2025-05-08 19:00:00+00:00,36.1,36.1,36.1,36.1,0.0,,,,,,,,,,,,,,,,,,,,,,,,,,,,,,,,,,,,,,,,,,,,,,,,,,,,,,34.93746644295302,34.93746644295302,34.93746644295302,34.93746644295302,35.262240506329114,35.30824118589744,35.28757510729614,35.28839007092199,34.79783355947536,34.79783355947536,34.79783355947536,34.79783355947536,34.79783355947536,34.79783355947536,34.48742847411444,34.47078377831715,34.39055446194226,34.395388397246805,35.12890726906201,35.12936403508772,35.26098075564971,35.26098075564971,35.26098075564971,35.492225321728775,35.492225321728775,35.492225321728775,35.492225321728775,35.492225321728775,35.492225321728775,35.66209631922944,35.66209631922944,35.66209631922944,35.66209631922944,35.66209631922944,35.66209631922944,36.048114979660205,36.048114979660205,36.225472972972966,,,,,,,,,,,,,,,,,,,,,,,,,,,,,,,,,,,,,,,,,,,,,,,,,,,,34.883198198198194,34.85211111111111,35.3015296803653,35.3015296803653,35.3015296803653,35.300569476082,34.8722013487476,34.8722013487476,34.8722013487476,34.8722013487476,34.8722013487476,34.8722013487476,34.8722013487476,34.86711335254564,34.552044258743415,34.23114660330869,34.23114660330869,,34.8722013487476,,,34.39055446194226,34.97812533301144,34.87807812268394,"rgba(38, 166, 154, 1.0)",0.957952010308525,35.15322483573678,0.9883325616262312,63.98949096946784,3.744038552882053,True,False,True,False,True,7.492813171315714,0.0,0.0,0.0,0.0,0,1.067097817299919,0.8662894098625709,False,False,False,False,0.28352058416556797,0.23436272270153619,False,False,False,False,8.0,-69.7423689737101,False,False,False,False,11.786867637771023,False,False,False,False
2025-05-09 14:00:00+00:00,36.1,36.1,36.1,36.1,0.0,,,,,,,,,,,,,,,,,,,,,,,,,,,,,,,,,,,,,,,,,,,,,,,,,,,,,,34.93746644295302,34.93746644295302,34.93746644295302,34.93746644295302,35.262240506329114,35.30824118589744,35.28757510729614,35.28839007092199,34.79783355947536,34.79783355947536,34.79783355947536,34.79783355947536,34.79783355947536,34.79783355947536,34.48742847411444,34.47078377831715,34.39055446194226,34.395388397246805,35.12890726906201,35.12936403508772,35.26098075564971,35.26098075564971,35.26098075564971,35.492225321728775,35.492225321728775,35.492225321728775,35.492225321728775,35.492225321728775,35.492225321728775,35.66209631922944,35.66209631922944,35.66209631922944,35.66209631922944,35.66209631922944,35.66209631922944,36.048114979660205,36.048114979660205,36.225472972972966,,,,,,,,,,,,,,,,,,,,,,,,,,,,,,,,,,,,,,,,,,,,,,,,,,,,34.883198198198194,34.85211111111111,35.3015296803653,35.3015296803653,35.3015296803653,35.300569476082,34.8722013487476,34.8722013487476,34.8722013487476,34.8722013487476,34.8722013487476,34.8722013487476,34.8722013487476,34.86711335254564,34.552044258743415,34.23114660330869,34.23114660330869,,34.8722013487476,,,34.39055446194226,34.97812533301144,34.87807812268394,"rgba(38, 166, 154, 1.0)",0.92629031018295,35.15322483573678,1.022114939404069,67.15585078952887,6.604200658414584,True,False,True,False,True,7.492813171315714,0.0,0.0,0.0,0.0,0,1.0864197530864195,0.8638683127572018,False,False,False,False,0.28352058416556797,0.2589416534335521,False,False,False,False,8.0,-68.53706092760606,False,False,False,False,11.604125503852092,False,False,False,False
2025-05-09 15:00:00+00:00,36.1,36.1,36.1,36.1,0.0,,,,,,,,,,,,,,,,,,,,,,,,,,,,,,,,,,,,,,,,,,,,,,,,,,,,,,34.93746644295302,34.93746644295302,34.93746644295302,34.93746644295302,35.262240506329114,35.30824118589744,35.28757510729614,35.28839007092199,34.79783355947536,34.79783355947536,34.79783355947536,34.79783355947536,34.79783355947536,34.79783355947536,34.48742847411444,34.47078377831715,34.39055446194226,34.395388397246805,35.12890726906201,35.12936403508772,35.26098075564971,35.26098075564971,35.26098075564971,35.492225321728775,35.492225321728775,35.492225321728775,35.492225321728775,35.492225321728775,35.492225321728775,35.66209631922944,35.66209631922944,35.66209631922944,35.66209631922944,35.66209631922944,35.66209631922944,36.048114979660205,36.048114979660205,36.225472972972966,,,,,,,,,,,,,,,,,,,,,,,,,,,,,,,,,,,,,,,,,,,,,,,,,,,,34.883198198198194,34.85211111111111,35.3015296803653,35.3015296803653,35.3015296803653,35.300569476082,34.8722013487476,34.8722013487476,34.8722013487476,34.8722013487476,34.8722013487476,34.8722013487476,34.8722013487476,34.86711335254564,34.552044258743415,34.23114660330869,34.23114660330869,,34.8722013487476,,,34.39055446194226,34.97812533301144,34.87807812268394,"rgba(38, 166, 154, 1.0)",0.8913550924861453,35.15322483573678,1.0621750773000025,69.26675733623622,8.730116018397538,True,False,True,False,True,7.492813171315714,0.0,0.0,0.0,0.0,0,1.0864197530864195,0.8457613168724282,False,False,False,False,0.28352058416556797,0.27123111879956,False,False,False,False,8.0,-67.35043982795325,False,False,False,False,11.42421658131175,False,False,False,False
2025-05-09 16:00:00+00:00,36.1,36.1,36.1,36.1,0.0,,,,,,,,,,,,,,,,,,,,,,,,,,,,,,,,,,,,,,,,,,,,,,,,,,,,,,34.93746644295302,34.93746644295302,34.93746644295302,34.93746644295302,35.262240506329114,35.30824118589744,35.28757510729614,35.28839007092199,34.79783355947536,34.79783355947536,34.79783355947536,34.79783355947536,34.79783355947536,34.79783355947536,34.48742847411444,34.47078377831715,34.39055446194226,34.395388397246805,35.12890726906201,35.12936403508772,35.26098075564971,35.26098075564971,35.26098075564971,35.492225321728775,35.492225321728775,35.492225321728775,35.492225321728775,35.492225321728775,35.492225321728775,35.66209631922944,35.66209631922944,35.66209631922944,35.66209631922944,35.66209631922944,35.66209631922944,36.048114979660205,36.048114979660205,36.225472972972966,,,,,,,,,,,,,,,,,,,,,,,,,,,,,,,,,,,,,,,,,,,,,,,,,,,,34.883198198198194,34.85211111111111,35.3015296803653,35.3015296803653,35.3015296803653,35.300569476082,34.8722013487476,34.8722013487476,34.8722013487476,34.8722013487476,34.8722013487476,34.8722013487476,34.8722013487476,34.86711335254564,34.552044258743415,34.23114660330869,34.23114660330869,,34.8722013487476,,,34.39055446194226,34.97812533301144,34.87807812268394,"rgba(38, 166, 154, 1.0)",0.8527441237209562,35.15322483573678,1.1102687640132434,70.67402836737446,10.427731239631875,True,False,True,False,True,7.492813171315714,0.0,0.0,0.0,0.0,0,1.0913679081099894,0.8941872607030981,False,False,False,False,0.28352058416556797,0.277375851482564,False,False,False,False,8.0,-66.18221595465165,False,False,False,False,11.247096944392188,False,False,False,False
2025-05-09 17:00:00+00:00,36.1,36.1,36.1,36.1,0.0,,,,,,,,,,,,,,,,,,,,,,,,,,,,,,,,,,,,,,,,,,,,,,,,,,,,,,34.93746644295302,34.93746644295302,34.93746644295302,34.93746644295302,35.262240506329114,35.30824118589744,35.28757510729614,35.28839007092199,34.79783355947536,34.79783355947536,34.79783355947536,34.79783355947536,34.79783355947536,34.79783355947536,34.48742847411444,34.47078377831715,34.39055446194226,34.395388397246805,35.12890726906201,35.12936403508772,35.26098075564971,35.26098075564971,35.26098075564971,35.492225321728775,35.492225321728775,35.492225321728775,35.492225321728775,35.492225321728775,35.492225321728775,35.66209631922944,35.66209631922944,35.66209631922944,35.66209631922944,35.66209631922944,35.66209631922944,36.048114979660205,36.048114979660205,36.225472972972966,,,,,,,,,,,,,,,,,,,,,,,,,,,,,,,,,,,,,,,,,,,,,,,,,,,,34.883198198198194,34.85211111111111,35.3015296803653,35.3015296803653,35.3015296803653,35.300569476082,34.8722013487476,34.8722013487476,34.8722013487476,34.8722013487476,34.8722013487476,34.8722013487476,34.8722013487476,34.86711335254564,34.552044258743415,34.23114660330869,34.23114660330869,,34.8722013487476,,,34.39055446194226,34.97812533301144,34.87807812268394,"rgba(38, 166, 154, 1.0)",0.8099318845790275,35.15322483573678,1.1689565286781132,71.61220905479995,11.867766025086027,True,False,True,False,True,7.492813171315714,0.0,0.0,0.0,0.0,0,1.0341106856943958,0.8941872607030981,False,False,False,False,0.28352058416556797,0.280448217824066,False,False,False,False,8.0,-65.03210407938573,False,False,False,False,11.0727233483551,False,False,False,False
2025-05-09 18:00:00+00:00,36.1,36.1,36.1,36.1,0.0,,,,,,,,,,,,,,,,,,,,,,,,,,,,,,,,,,,,,,,,,,,,,,,,,,,,,,34.93746644295302,34.93746644295302,34.93746644295302,34.93746644295302,35.262240506329114,35.30824118589744,35.28757510729614,35.28839007092199,34.79783355947536,34.79783355947536,34.79783355947536,34.79783355947536,34.79783355947536,34.79783355947536,34.48742847411444,34.47078377831715,34.39055446194226,34.395388397246805,35.12890726906201,35.12936403508772,35.26098075564971,35.26098075564971,35.26098075564971,35.492225321728775,35.492225321728775,35.492225321728775,35.492225321728775,35.492225321728775,35.492225321728775,35.66209631922944,35.66209631922944,35.66209631922944,35.66209631922944,35.66209631922944,35.66209631922944,36.048114979660205,36.048114979660205,36.225472972972966,,,,,,,,,,,,,,,,,,,,,,,,,,,,,,,,,,,,,,,,,,,,,,,,,,,,34.883198198198194,34.85211111111111,35.3015296803653,35.3015296803653,35.3015296803653,35.300569476082,34.8722013487476,34.8722013487476,34.8722013487476,34.8722013487476,34.8722013487476,34.8722013487476,34.8722013487476,34.86711335254564,34.552044258743415,34.23114660330869,34.23114660330869,,34.8722013487476,,,34.39055446194226,34.97812533301144,34.87807812268394,"rgba(38, 166, 154, 1.0)",0.7622107662925828,35.15322483573678,1.2421435200507158,72.23766284641694,13.141638781468217,True,False,True,False,True,7.492813171315714,0.0,0.0,0.0,0.0,0,1.059746745140003,0.8915641162832177,False,False,False,False,0.28352058416556797,0.281984400994817,False,False,False,False,8.0,-63.8998233959844,False,False,False,False,10.901053218923238,False,False,False,False
2025-05-09 19:00:00+00:00,36.1,36.66,36.1,36.65,22.0,,,,,,,,,,,,,,,,,,,,,,,,,,,,,,,,,,,,,,,,,,,,,,,,,,,,,,35.042828125,35.042828125,35.042828125,35.042828125,35.325959232613904,35.36659436834094,35.34088114754099,35.34122628726288,34.84630215195433,34.84630215195433,34.84630215195433,34.84630215195433,34.84630215195433,34.84630215195433,34.51670134228187,34.49712075848303,34.41282700421941,34.41758754863813,35.139321684904104,35.139771230298756,35.26798402668071,35.26798402668071,35.26798402668071,35.49700236879117,35.49700236879117,35.49700236879117,35.49700236879117,35.49700236879117,35.49700236879117,35.66574823642216,35.66574823642216,35.66574823642216,35.66574823642216,35.66574823642216,35.66574823642216,36.04977416279347,36.04977416279347,36.22640144977562,,,,,,,,,,,,,,,,,,,,,,,,,,,,,,,,,,,,,,,,,,,,,,,,,,,,35.47488700564972,35.38335820895522,35.35741304347826,35.35741304347826,35.35741304347826,35.356377440347075,34.92143323996266,34.92143323996266,34.92143323996266,34.92143323996266,34.92143323996266,34.92143323996266,34.92143323996266,34.91636405959032,34.59043827722171,34.25685368823938,34.25685368823938,,34.92143323996266,,,34.41282700421941,35.021802913357384,34.9857296575539,"rgba(38, 166, 154, 1.0)",0.7188816076141017,35.26970069523184,1.9200648481594038,76.08512097279939,17.383180195260096,True,False,True,False,True,11.57895490031716,0.0,0.0,0.0,0.0,0,1.0585766742437486,0.8497989158943876,False,False,False,False,0.3407462370185158,0.3113653190066664,False,False,False,False,30.0,-62.44401218054278,False,False,False,False,11.073129913203498,False,False,False,False
2025-05-12 14:00:00+00:00,36.65,36.65,36.65,36.65,0.0,,,,,,,,,,,,,,,,,,,,,,,,,,,,,,,,,,,,,,,,,,,,,,,,,,,,,,35.042828125,35.042828125,35.042828125,35.042828125,35.325959232613904,35.36659436834094,35.34088114754099,35.34122628726288,34.84630215195433,34.84630215195433,34.84630215195433,34.84630215195433,34.84630215195433,34.84630215195433,34.51670134228187,34.49712075848303,34.41282700421941,34.41758754863813,35.139321684904104,35.139771230298756,35.26798402668071,35.26798402668071,35.26798402668071,35.49700236879117,35.49700236879117,35.49700236879117,35.49700236879117,35.49700236879117,35.49700236879117,35.66574823642216,35.66574823642216,35.66574823642216,35.66574823642216,35.66574823642216,35.66574823642216,36.04977416279347,36.04977416279347,36.22640144977562,,,,,,,,,,,,,,,,,,,,,,,,,,,,,,,,,,,,,,,,,,,,,,,,,,,,35.47488700564972,35.38335820895522,35.35741304347826,35.35741304347826,35.35741304347826,35.356377440347075,34.92143323996266,34.92143323996266,34.92143323996266,34.92143323996266,34.92143323996266,34.92143323996266,34.92143323996266,34.91636405959032,34.59043827722171,34.25685368823938,34.25685368823938,,34.92143323996266,,,34.41282700421941,35.021802913357384,34.9857296575539,"rgba(38, 166, 154, 1.0)",0.6688583658096667,35.26970069523184,2.063664559382879,78.65009305705435,20.291946006133173,True,False,True,False,True,11.57895490031716,0.0,0.0,0.0,0.0,0,1.0778108060849794,0.8501486273824099,False,False,False,False,0.34282823500104026,0.3270967770038533,False,False,False,False,30.0,-61.01077168161963,False,False,False,False,10.901453480440653,False,False,False,False
2025-05-12 15:00:00+00:00,36.65,36.65,36.65,36.65,0.0,,,,,,,,,,,,,,,,,,,,,,,,,,,,,,,,,,,,,,,,,,,,,,,,,,,,,,35.042828125,35.042828125,35.042828125,35.042828125,35.325959232613904,35.36659436834094,35.34088114754099,35.34122628726288,34.84630215195433,34.84630215195433,34.84630215195433,34.84630215195433,34.84630215195433,34.84630215195433,34.51670134228187,34.49712075848303,34.41282700421941,34.41758754863813,35.139321684904104,35.139771230298756,35.26798402668071,35.26798402668071,35.26798402668071,35.49700236879117,35.49700236879117,35.49700236879117,35.49700236879117,35.49700236879117,35.49700236879117,35.66574823642216,35.66574823642216,35.66574823642216,35.66574823642216,35.66574823642216,35.66574823642216,36.04977416279347,36.04977416279347,36.22640144977562,,,,,,,,,,,,,,,,,,,,,,,,,,,,,,,,,,,,,,,,,,,,,,,,,,,,35.47488700564972,35.38335820895522,35.35741304347826,35.35741304347826,35.35741304347826,35.356377440347075,34.92143323996266,34.92143323996266,34.92143323996266,34.92143323996266,34.92143323996266,34.92143323996266,34.92143323996266,34.91636405959032,34.59043827722171,34.25685368823938,34.25685368823938,,34.92143323996266,,,34.41282700421941,35.021802913357384,34.9857296575539,"rgba(38, 166, 154, 1.0)",0.6726154276505817,35.26970069523184,2.0521374444078506,80.36007444655766,22.385283123758583,True,False,True,False,True,11.57895490031716,0.0,0.0,0.0,0.0,0,1.0778108060849794,0.8501486273824099,False,False,False,False,0.34282823500104026,0.3349625060024468,False,False,False,False,30.0,-59.59975196562552,False,False,False,False,10.73243869779816,False,False,False,False
2025-05-12 16:00:00+00:00,36.65,36.65,36.65,36.65,0.0,,,,,,,,,,,,,,,,,,,,,,,,,,,,,,,,,,,,,,,,,,,,,,,,,,,,,,35.042828125,35.042828125,35.042828125,35.042828125,35.325959232613904,35.36659436834094,35.34088114754099,35.34122628726288,34.84630215195433,34.84630215195433,34.84630215195433,34.84630215195433,34.84630215195433,34.84630215195433,34.51670134228187,34.49712075848303,34.41282700421941,34.41758754863813,35.139321684904104,35.139771230298756,35.26798402668071,35.26798402668071,35.26798402668071,35.49700236879117,35.49700236879117,35.49700236879117,35.49700236879117,35.49700236879117,35.49700236879117,35.66574823642216,35.66574823642216,35.66574823642216,35.66574823642216,35.66574823642216,35.66574823642216,36.04977416279347,36.04977416279347,36.22640144977562,,,,,,,,,,,,,,,,,,,,,,,,,,,,,,,,,,,,,,,,,,,,,,,,,,,,35.47488700564972,35.38335820895522,35.35741304347826,35.35741304347826,35.35741304347826,35.356377440347075,34.92143323996266,34.92143323996266,34.92143323996266,34.92143323996266,34.92143323996266,34.92143323996266,34.92143323996266,34.91636405959032,34.59043827722171,34.25685368823938,34.25685368823938,,34.92143323996266,,,34.41282700421941,35.021802913357384,34.9857296575539,"rgba(38, 166, 154, 1.0)",0.6847710079533103,35.26970069523184,2.015709322878154,81.50006203955986,23.975611276370685,True,False,True,False,True,11.57895490031716,0.0,0.0,0.0,0.0,0,1.08281610214577,0.8583082106756521,False,False,False,False,0.34282823500104026,0.33889537050174356,False,False,False,False,30.0,-58.21060852429799,False,False,False,False,10.566044299382686,False,False,False,False
2025-05-12 17:00:00+00:00,36.65,36.65,36.65,36.65,0.0,,,,,,,,,,,,,,,,,,,,,,,,,,,,,,,,,,,,,,,,,,,,,,,,,,,,,,35.042828125,35.042828125,35.042828125,35.042828125,35.325959232613904,35.36659436834094,35.34088114754099,35.34122628726288,34.84630215195433,34.84630215195433,34.84630215195433,34.84630215195433,34.84630215195433,34.84630215195433,34.51670134228187,34.49712075848303,34.41282700421941,34.41758754863813,35.139321684904104,35.139771230298756,35.26798402668071,35.26798402668071,35.26798402668071,35.49700236879117,35.49700236879117,35.49700236879117,35.49700236879117,35.49700236879117,35.49700236879117,35.66574823642216,35.66574823642216,35.66574823642216,35.66574823642216,35.66574823642216,35.66574823642216,36.04977416279347,36.04977416279347,36.22640144977562,,,,,,,,,,,,,,,,,,,,,,,,,,,,,,,,,,,,,,,,,,,,,,,,,,,,35.47488700564972,35.38335820895522,35.35741304347826,35.35741304347826,35.35741304347826,35.356377440347075,34.92143323996266,34.92143323996266,34.92143323996266,34.92143323996266,34.92143323996266,34.92143323996266,34.92143323996266,34.91636405959032,34.59043827722171,34.25685368823938,34.25685368823938,,34.92143323996266,,,34.41282700421941,35.021802913357384,34.9857296575539,"rgba(38, 166, 154, 1.0)",0.6839952979133872,35.26970069523184,2.017995312217691,82.260053768228,25.24879982084991,True,False,True,False,True,11.57895490031716,0.0,0.0,0.0,0.0,0,1.0848319709355128,0.8646684831970938,False,False,False,False,0.34282823500104026,0.3408618027513919,False,False,False,False,30.0,-56.84300219058794,False,False,False,False,10.40222965908218,False,False,False,False
2025-05-12 18:00:00+00:00,36.65,37.43,36.65,37.43,1.0,,,,,,,,,,,,,,,,,,,,,,,,,,,,,,,,,,,,,,,,,,,,,,,,,,,,,,35.04945482866044,35.04945482866044,35.04945482866044,35.04945482866044,35.330370813397124,35.370702353834474,35.34462167689161,35.34493576741041,34.84935964912281,34.84935964912281,34.84935964912281,34.84935964912281,34.84935964912281,34.84935964912281,34.51848088531186,34.49872032714941,34.41416869424169,34.41892561983471,35.14003822629969,35.14048736037625,35.26848468895323,35.26848468895323,35.26848468895323,35.49737381586738,35.49737381586738,35.49737381586738,35.49737381586738,35.49737381586738,35.49737381586738,35.666057244590526,35.666057244590526,35.666057244590526,35.666057244590526,35.666057244590526,35.666057244590526,36.04997438188859,36.04997438188859,36.22656427955133,,,,,,,,,,,,,,,,,,,,,,,,,,,,,,,,,,,,,,,,,,,,,,,,,,,,35.50313888888889,35.40963235294117,35.361344902386115,35.361344902386115,35.361344902386115,35.36030303030303,34.924578088578095,34.924578088578095,34.924578088578095,34.924578088578095,34.924578088578095,34.924578088578095,34.924578088578095,34.91950720595072,34.59278333333332,34.25837332637801,34.25837332637801,,34.924578088578095,,,34.41416869424169,35.02462522530881,34.99165839949283,"rgba(38, 166, 154, 1.0)",0.709050106871232,35.27648403224459,3.0371844625453286,85.4592692949629,28.73698991492553,True,False,True,False,True,17.079401946784213,0.0,0.0,0.0,0.0,0,1.0801946296630018,0.8376284015137865,False,False,False,False,0.342828236801658,0.3418450197765249,False,False,False,False,31.0,-55.48109517988115,False,False,False,False,10.256458656615788,False,False,False,False
2025-05-12 19:00:00+00:00,37.43,37.43,36.22,36.22,10.0,,,,,,,,,,,,,,,,,,,,,,,,,,,,,,,,,,,,,,,,,,,,,,,,,,,,,,35.09700402819738,35.09700402819738,35.09700402819738,35.09700402819738,35.360580218068534,35.3986005939124,35.37024716098865,35.370351225977466,34.87239826839827,34.87239826839827,34.87239826839827,34.87239826839827,34.87239826839827,34.87239826839827,34.53250388629801,34.511359309934555,34.42486682808717,34.42959038864699,35.14525375058602,35.145699472759226,35.27204165572766,35.27204165572766,35.27204165572766,35.49986818785999,35.49986818785999,35.49986818785999,35.49986818785999,35.49986818785999,35.49986818785999,35.66801968019681,35.66801968019681,35.66801968019681,35.66801968019681,35.66801968019681,35.66801968019681,36.05099732381802,36.05099732381802,36.22724777490669,,,,,,,,,,,,,,,,,,,,,,,,,,,,,,,,,,,,,,,,,,,,,,,,,,,,35.663166666666676,35.56523504273504,35.388138711960366,35.388138711960366,35.388138711960366,35.38706214689265,34.94800919540231,34.94800919540231,34.94800919540231,34.94800919540231,34.94800919540231,34.94800919540231,34.94800919540231,34.94294360385145,34.611076576576565,34.27064608199273,34.27064608199273,,34.94800919540231,,,34.42486682808717,35.045092796053645,35.030073923788535,"rgba(38, 166, 154, 0.75)",0.703075239780809,35.32055412309443,1.2793024501701673,73.3544868265875,30.833409555162845,True,False,True,False,False,5.964088446345627,0.0,0.0,0.0,0.0,0,1.0619927473666029,0.8250733897427046,False,False,False,False,0.3054086616911115,0.3236268407338182,False,False,False,False,21.0,-54.29534176623959,False,False,False,False,10.252482553412442,False,False,False,False
2025-05-13 14:00:00+00:00,36.22,36.22,36.22,36.22,0.0,,,,,,,,,,,,,,,,,,,,,,,,,,,,,,,,,,,,,,,,,,,,,,,,,,,,,,35.09700402819738,35.09700402819738,35.09700402819738,35.09700402819738,35.360580218068534,35.3986005939124,35.37024716098865,35.370351225977466,34.87239826839827,34.87239826839827,34.87239826839827,34.87239826839827,34.87239826839827,34.87239826839827,34.53250388629801,34.511359309934555,34.42486682808717,34.42959038864699,35.14525375058602,35.145699472759226,35.27204165572766,35.27204165572766,35.27204165572766,35.49986818785999,35.49986818785999,35.49986818785999,35.49986818785999,35.49986818785999,35.49986818785999,35.66801968019681,35.66801968019681,35.66801968019681,35.66801968019681,35.66801968019681,35.66801968019681,36.05099732381802,36.05099732381802,36.22724777490669,,,,,,,,,,,,,,,,,,,,,,,,,,,,,,,,,,,,,,,,,,,,,,,,,,,,35.663166666666676,35.56523504273504,35.388138711960366,35.388138711960366,35.388138711960366,35.38706214689265,34.94800919540231,34.94800919540231,34.94800919540231,34.94800919540231,34.94800919540231,34.94800919540231,34.94800919540231,34.94294360385145,34.611076576576565,34.27064608199273,34.27064608199273,,34.94800919540231,,,34.42486682808717,35.045092796053645,35.030073923788535,"rgba(38, 166, 154, 0.75)",0.6963278843494416,35.32055412309443,1.2916987774314,65.28463184767057,23.75563490805891,True,False,True,False,False,5.964088446345627,0.0,0.0,0.0,0.0,0,1.0619927473666029,0.8668623726472116,False,False,False,False,0.20408298561854124,0.2638549131761797,False,False,False,False,21.0,-53.12797212645293,False,False,False,False,10.093529335530079,False,False,False,False
2025-05-13 15:00:00+00:00,36.22,36.22,35.76,35.92,57.0,,,,,,,,,,,,,,,,,,,,,,,,,,,,,,,,,,,,,,,,,,,,,,,,,,,,,,35.22476374570447,35.22476374570447,35.22476374570447,35.22476374570447,35.43181099656358,35.462592226613964,35.43139088729016,35.43104761904762,34.947819427650145,34.947819427650145,34.947819427650145,34.947819427650145,34.947819427650145,34.947819427650145,34.5849732563115,34.559088032220934,34.46628180961358,34.47083961079724,35.1613931977479,35.16182460372157,35.28228315226763,35.28228315226763,35.28228315226763,35.50568912710567,35.50568912710567,35.50568912710567,35.50568912710567,35.50568912710567,35.50568912710567,35.67146909827761,35.67146909827761,35.67146909827761,35.67146909827761,35.67146909827761,35.67146909827761,36.05014835747086,36.05014835747086,36.22471397702718,,,,,,,,,,,,,,,,,,,,,,,,,,,,,,,,,,,,,,,,,,,,,,,,,,,35.96666666666667,35.79938320209974,35.73472839506173,35.45059343434343,35.45059343434343,35.45059343434343,35.44951480781348,35.022259164535384,35.022259164535384,35.022259164535384,35.022259164535384,35.022259164535384,35.022259164535384,35.022259164535384,35.01737244897959,34.67728791773777,34.319372479838705,34.319372479838705,,35.022259164535384,,,34.46628180961358,35.10421765998644,35.155071825156355,"rgba(38, 166, 154, 0.5)",0.6861647032601174,35.453915606333375,0.6792602292892053,57.81884378617709,17.332516942659552,False,False,True,False,False,3.5172350077311982,0.0,0.0,0.0,0.0,0,1.0453850076491582,0.8689444161142278,False,False,False,False,0.16672400108711322,0.21528945713164646,False,False,False,False,-36.0,-52.86242217100405,False,False,False,False,10.820761438855193,False,False,False,False
2025-05-13 16:00:00+00:00,35.92,36.26,35.92,36.11,13.0,,,,,,,,,,,,,,,,,,,,,,,,,,,,,,,,,,,,,,,,,,,,,,,,,,,,,,35.253029925187036,35.253029925187036,35.253029925187036,35.253029925187036,35.44916666666667,35.47847463070007,35.44659050966608,35.446148923792904,34.96559920634921,34.96559920634921,34.96559920634921,34.96559920634921,34.96559920634921,34.96559920634921,34.59748249522596,34.57050352179706,34.47620921155348,34.480729995320544,35.16556566003203,35.16599371069183,35.28501246025608,35.28501246025608,35.28501246025608,35.50736511052938,35.50736511052938,35.50736511052938,35.50736511052938,35.50736511052938,35.50736511052938,35.67258623012665,35.67258623012665,35.67258623012665,35.67258623012665,35.67258623012665,35.67258623012665,36.050254919236416,36.050254919236416,36.22443063829787,,,,,,,,,,,,,,,,,,,,,,,,,,,,,,,,,,,,,,,,,,,,,,,,,,,35.990809523809524,35.8269880952381,35.76652027027027,35.46611829944547,35.46611829944547,35.46611829944547,35.465036900369,35.03982809224319,35.03982809224319,35.03982809224319,35.03982809224319,35.03982809224319,35.03982809224319,35.03982809224319,35.03497699707236,34.692925141242924,34.33094224670339,34.33094224670339,,35.03982809224319,,,34.47620921155348,35.118093914644675,35.17312738696933,#000000,0.6767604470584442,35.47402902057416,0.9397283517234282,54.425140421405615,14.564945849606161,False,False,False,False,False,4.8866111446846325,0.0,0.0,0.0,0.0,0,1.051937066486212,0.8736254440872951,False,False,False,False,0.18290448640189905,0.19909697176677277,False,False,False,False,-23.0,-52.39943888153111,False,False,False,False,10.854548083214027,False,False,False,False
2025-05-13 17:00:00+00:00,36.11,36.11,36.11,36.11,0.0,,,,,,,,,,,,,,,,,,,,,,,,,,,,,,,,,,,,,,,,,,,,,,,,,,,,,,35.253029925187036,35.253029925187036,35.253029925187036,35.253029925187036,35.44916666666667,35.47847463070007,35.44659050966608,35.446148923792904,34.96559920634921,34.96559920634921,34.96559920634921,34.96559920634921,34.96559920634921,34.96559920634921,34.59748249522596,34.57050352179706,34.47620921155348,34.480729995320544,35.16556566003203,35.16599371069183,35.28501246025608,35.28501246025608,35.28501246025608,35.50736511052938,35.50736511052938,35.50736511052938,35.50736511052938,35.50736511052938,35.50736511052938,35.67258623012665,35.67258623012665,35.67258623012665,35.67258623012665,35.67258623012665,35.67258623012665,36.050254919236416,36.050254919236416,36.22443063829787,,,,,,,,,,,,,,,,,,,,,,,,,,,,,,,,,,,,,,,,,,,,,,,,,,,35.990809523809524,35.8269880952381,35.76652027027027,35.46611829944547,35.46611829944547,35.46611829944547,35.465036900369,35.03982809224319,35.03982809224319,35.03982809224319,35.03982809224319,35.03982809224319,35.03982809224319,35.03982809224319,35.03497699707236,34.692925141242924,34.33094224670339,34.33094224670339,,35.03982809224319,,,34.47620921155348,35.118093914644675,35.17312738696933,#000000,0.6746115198414148,35.47402902057416,0.9427217898314928,52.16267151155797,12.523856267514837,False,False,False,False,False,4.886611144684611,0.0,0.0,0.0,0.0,0,1.05996871197636,0.8958804102207547,False,False,False,False,0.1861517167080971,0.19262434423743494,False,False,False,False,-23.0,-51.94363362755388,False,False,False,False,10.686260516032414,False,False,False,False
2025-05-13 18:00:00+00:00,36.11,36.11,36.11,36.11,0.0,,,,,,,,,,,,,,,,,,,,,,,,,,,,,,,,,,,,,,,,,,,,,,,,,,,,,,35.253029925187036,35.253029925187036,35.253029925187036,35.253029925187036,35.44916666666667,35.47847463070007,35.44659050966608,35.446148923792904,34.96559920634921,34.96559920634921,34.96559920634921,34.96559920634921,34.96559920634921,34.96559920634921,34.59748249522596,34.57050352179706,34.47620921155348,34.480729995320544,35.16556566003203,35.16599371069183,35.28501246025608,35.28501246025608,35.28501246025608,35.50736511052938,35.50736511052938,35.50736511052938,35.50736511052938,35.50736511052938,35.50736511052938,35.67258623012665,35.67258623012665,35.67258623012665,35.67258623012665,35.67258623012665,35.67258623012665,36.050254919236416,36.050254919236416,36.22443063829787,,,,,,,,,,,,,,,,,,,,,,,,,,,,,,,,,,,,,,,,,,,,,,,,,,,35.990809523809524,35.8269880952381,35.76652027027027,35.46611829944547,35.46611829944547,35.46611829944547,35.465036900369,35.03982809224319,35.03982809224319,35.03982809224319,35.03982809224319,35.03982809224319,35.03982809224319,35.03982809224319,35.03497699707236,34.692925141242924,34.33094224670339,34.33094224670339,,35.03982809224319,,,34.47620921155348,35.118093914644675,35.17312738696933,#000000,0.6721255111232886,35.47402902057416,0.9462086602887261,50.65435890499287,10.893610301132021,False,True,False,False,False,4.886611144684611,0.0,0.0,0.0,0.0,0,1.0325047801147222,0.8958804102207547,False,False,False,False,0.1861517167080971,0.18938803047276603,False,False,False,False,-23.0,-51.494895121700324,False,False,False,False,10.520582058419508,False,False,False,False
2025-05-13 19:00:00+00:00,36.11,37.5,36.11,37.16,225.0,,,,,,,,,,,,,,,,,,,,,,,,,,,,,,,,,,,,,,,,,,,,,,,,,,,,,,35.8533785942492,35.8533785942492,35.8533785942492,35.8533785942492,35.90793222683264,35.915427867383514,35.86506297229219,35.86264828738513,35.37920500782472,35.37920500782472,35.37920500782472,35.37920500782472,35.37920500782472,35.37920500782472,34.8888613585746,34.838411774628874,34.70951553672317,34.71340812870449,35.29156047573537,35.29191772823779,35.374832683560754,35.374832683560754,35.374832683560754,35.5736144035489,35.5736144035489,35.5736144035489,35.5736144035489,35.5736144035489,35.5736144035489,35.726987563631674,35.726987563631674,35.726987563631674,35.726987563631674,35.726987563631674,35.726987563631674,36.083550282485874,36.083550282485874,36.25020983606557,,,,,,,,,,,,,,,,,,,,,,,,,,,,,,,,,,,,,,,,,,,,,,,,,,,36.70205649717514,36.502817351598175,36.464329758713134,35.89415143603133,35.89415143603133,35.89415143603133,35.89282920469361,35.45530718954249,35.45530718954249,35.45530718954249,35.45530718954249,35.45530718954249,35.45530718954249,35.45530718954249,35.450711024135686,35.050107947805444,34.59344809480948,34.59344809480948,,35.45530718954249,,,34.70951553672317,35.44980870552892,35.61774181159064,"rgba(38, 166, 154, 0.5)",0.6889221114724883,35.97853748741578,1.7149435225108165,56.55331564226785,10.893610301132021,False,False,True,False,True,11.975648564470323,0.0,0.0,0.0,0.0,0,1.0619982920580697,0.8502134927412471,False,False,False,False,0.3019710153844261,0.24567952292859607,False,False,False,False,202.0,-47.56474170896078,False,False,False,False,13.845844352087422,False,False,False,False
2025-05-14 14:00:00+00:00,37.16,37.16,37.16,37.16,0.0,,,,,,,,,,,,,,,,,,,,,,,,,,,,,,,,,,,,,,,,,,,,,,,,,,,,,,35.8533785942492,35.8533785942492,35.8533785942492,35.8533785942492,35.90793222683264,35.915427867383514,35.86506297229219,35.86264828738513,35.37920500782472,35.37920500782472,35.37920500782472,35.37920500782472,35.37920500782472,35.37920500782472,34.8888613585746,34.838411774628874,34.70951553672317,34.71340812870449,35.29156047573537,35.29191772823779,35.374832683560754,35.374832683560754,35.374832683560754,35.5736144035489,35.5736144035489,35.5736144035489,35.5736144035489,35.5736144035489,35.5736144035489,35.726987563631674,35.726987563631674,35.726987563631674,35.726987563631674,35.726987563631674,35.726987563631674,36.083550282485874,36.083550282485874,36.25020983606557,,,,,,,,,,,,,,,,,,,,,,,,,,,,,,,,,,,,,,,,,,,,,,,,,,,36.70205649717514,36.502817351598175,36.464329758713134,35.89415143603133,35.89415143603133,35.89415143603133,35.89282920469361,35.45530718954249,35.45530718954249,35.45530718954249,35.45530718954249,35.45530718954249,35.45530718954249,35.45530718954249,35.450711024135686,35.050107947805444,34.59344809480948,34.59344809480948,,35.45530718954249,,,34.70951553672317,35.44980870552892,35.61774181159064,"rgba(38, 166, 154, 1.0)",0.704125948500255,35.97853748741578,1.677913610626992,60.48595346711783,10.893610301132021,True,False,True,False,True,11.975648564470323,0.0,0.0,0.0,0.0,0,1.117397714706966,0.8857353483228902,False,False,False,False,0.34282823729036277,0.2942538801094794,False,False,False,False,202.0,-43.695520907271465,False,False,False,False,13.631180098566686,False,False,False,False
2025-05-14 15:00:00+00:00,37.16,37.16,37.16,37.16,0.0,,,,,,,,,,,,,,,,,,,,,,,,,,,,,,,,,,,,,,,,,,,,,,,,,,,,,,35.8533785942492,35.8533785942492,35.8533785942492,35.8533785942492,35.90793222683264,35.915427867383514,35.86506297229219,35.86264828738513,35.37920500782472,35.37920500782472,35.37920500782472,35.37920500782472,35.37920500782472,35.37920500782472,34.8888613585746,34.838411774628874,34.70951553672317,34.71340812870449,35.29156047573537,35.29191772823779,35.374832683560754,35.374832683560754,35.374832683560754,35.5736144035489,35.5736144035489,35.5736144035489,35.5736144035489,35.5736144035489,35.5736144035489,35.726987563631674,35.726987563631674,35.726987563631674,35.726987563631674,35.726987563631674,35.726987563631674,36.083550282485874,36.083550282485874,36.25020983606557,,,,,,,,,,,,,,,,,,,,,,,,,,,,,,,,,,,,,,,,,,,,,,,,,,,36.70205649717514,36.502817351598175,36.464329758713134,35.89415143603133,35.89415143603133,35.89415143603133,35.89282920469361,35.45530718954249,35.45530718954249,35.45530718954249,35.45530718954249,35.45530718954249,35.45530718954249,35.45530718954249,35.450711024135686,35.050107947805444,34.59344809480948,34.59344809480948,,35.45530718954249,,,34.70951553672317,35.44980870552892,35.61774181159064,"rgba(38, 166, 154, 1.0)",0.7202097917580498,35.97853748741578,1.6404421685245898,63.107712017017825,2.845551385321855,True,False,True,False,True,11.975648564470323,0.0,0.0,0.0,0.0,0,1.1010277292999806,0.8797750630211367,False,False,False,False,0.34282823729036277,0.3185410586999211,False,False,False,False,202.0,-39.88628802498819,False,False,False,False,13.419843973007513,False,False,False,False
2025-05-14 16:00:00+00:00,37.16,37.16,37.16,37.16,0.0,,,,,,,,,,,,,,,,,,,,,,,,,,,,,,,,,,,,,,,,,,,,,,,,,,,,,,35.8533785942492,35.8533785942492,35.8533785942492,35.8533785942492,35.90793222683264,35.915427867383514,35.86506297229219,35.86264828738513,35.37920500782472,35.37920500782472,35.37920500782472,35.37920500782472,35.37920500782472,35.37920500782472,34.8888613585746,34.838411774628874,34.70951553672317,34.71340812870449,35.29156047573537,35.29191772823779,35.374832683560754,35.374832683560754,35.374832683560754,35.5736144035489,35.5736144035489,35.5736144035489,35.5736144035489,35.5736144035489,35.5736144035489,35.726987563631674,35.726987563631674,35.726987563631674,35.726987563631674,35.726987563631674,35.726987563631674,36.083550282485874,36.083550282485874,36.25020983606557,,,,,,,,,,,,,,,,,,,,,,,,,,,,,,,,,,,,,,,,,,,,,,,,,,,36.70205649717514,36.502817351598175,36.464329758713134,35.89415143603133,35.89415143603133,35.89415143603133,35.89282920469361,35.45530718954249,35.45530718954249,35.45530718954249,35.45530718954249,35.45530718954249,35.45530718954249,35.45530718954249,35.450711024135686,35.050107947805444,34.59344809480948,34.59344809480948,,35.45530718954249,,,34.70951553672317,35.44980870552892,35.61774181159064,"rgba(38, 166, 154, 1.0)",0.7345394463187285,35.97853748741578,1.6084398441844372,64.85555105028448,4.9087382008435085,True,False,True,False,True,11.975648564470323,0.0,0.0,0.0,0.0,0,1.1042775478020894,0.8484131677508383,False,False,False,False,0.34282823729036277,0.33068464799514197,False,False,False,False,202.0,-36.13611301684884,False,False,False,False,13.211784376526776,False,False,False,False
2025-05-14 17:00:00+00:00,37.16,37.66,36.84,37.66,3.0,,,,,,,,,,,,,,,,,,,,,,,,,,,,,,,,,,,,,,,,,,,,,,,,,,,,,,35.86069157392687,35.86069157392687,35.86069157392687,35.86069157392687,35.91404269972452,35.92133645693887,35.870790464240905,35.86835622138993,35.38484394506867,35.38484394506867,35.38484394506867,35.38484394506867,35.38484394506867,35.38484394506867,34.89302668148971,34.84227471787098,34.712914374382855,34.71679915433404,35.293560895395714,35.29391717043165,35.376302248194136,35.376302248194136,35.376302248194136,35.57474473538376,35.57474473538376,35.57474473538376,35.57474473538376,35.57474473538376,35.57474473538376,35.727949510561565,35.727949510561565,35.727949510561565,35.727949510561565,35.727949510561565,35.727949510561565,36.08421254729234,36.08421254729234,36.250768474520726,,,,,,,,,,,,,,,,,,,,,,,,,,,,,,,,,,,,,,,,,,,,,,,,,,,36.7089485458613,36.51002264492754,36.47168882978723,35.89997399219766,35.89997399219766,35.89997399219766,35.89864935064935,35.46097100032585,35.46097100032585,35.46097100032585,35.46097100032585,35.46097100032585,35.46097100032585,35.46097100032585,35.456377235772365,35.05508641098484,34.59721423220974,34.59721423220974,,35.46097100032585,,,34.712914374382855,35.454289800706746,35.62344002562644,"rgba(38, 166, 154, 1.0)",0.7649430173678575,35.984874200754405,2.1898700441892283,68.46611424440388,8.757940170171814,True,False,True,False,True,15.102254778679697,0.0,0.0,0.0,0.0,0,1.0887912927248427,0.8180255871682265,False,False,False,False,0.3428282376394574,0.33675644281729966,False,False,False,False,205.0,-32.39756862899071,False,False,False,False,13.053462138131012,False,False,False,False
2025-05-14 18:00:00+00:00,37.66,37.66,37.445,37.445,1.0,,,,,,,,,,,,,,,,,,,,,,,,,,,,,,,,,,,,,,,,,,,,,,,,,,,,,,35.86332010582011,35.86332010582011,35.86332010582011,35.86332010582011,35.91624713434204,35.9234692513369,35.872852965747704,35.870411471321695,35.38683816651076,35.38683816651076,35.38683816651076,35.38683816651076,35.38683816651076,35.38683816651076,34.89448425925925,34.84362542087542,34.71410039481106,34.71798253029023,35.29426821508113,35.294624151823584,35.37682327166504,35.37682327166504,35.37682327166504,35.57514820970981,35.57514820970981,35.57514820970981,35.57514820970981,35.57514820970981,35.57514820970981,35.72829502285751,35.72829502285751,35.72829502285751,35.72829502285751,35.72829502285751,35.72829502285751,36.08445517163505,36.08445517163505,36.25097586282219,,,,,,,,,,,,,,,,,,,,,,,,,,,,,,,,,,,,,,,,,,,,,,,,,,,36.71164994425864,36.51275067750677,36.47446065428824,35.90207359307359,35.90207359307359,35.90207359307359,35.90074794638997,35.46297851562501,35.46297851562501,35.46297851562501,35.46297851562501,35.46297851562501,35.46297851562501,35.46297851562501,35.458385315139715,35.05683345162053,34.598525756214435,34.598525756214435,,35.46297851562501,,,34.71410039481106,35.45588565806595,35.62549721612382,"rgba(38, 166, 154, 1.0)",0.7868290621049739,35.987180018940165,1.852778514763784,68.32943369275192,9.148647342457636,True,False,True,False,True,13.182742983492517,0.0,0.0,0.0,0.0,0,1.1337456513335913,0.8158098183223815,False,False,False,False,0.3428282387151799,0.33979234076623976,False,False,False,False,204.0,-28.732490045595508,False,False,False,False,12.866586756144484,False,False,False,False
2025-05-14 19:00:00+00:00,37.445,37.445,37.3,37.35,127.0,,,,,,,,,,,,,,,,,,,,,,,,,,,,,,,,,,,,,,,,,,,,,,,,,,,,,,36.115253192426245,36.115253192426245,36.115253192426245,36.115253192426245,36.13169398907104,36.13269714285715,36.07772072072073,36.0747308934338,35.59689381270904,35.59689381270904,35.59689381270904,35.59689381270904,35.59689381270904,35.59689381270904,35.057304964539,34.99560196171491,34.84925264284759,34.85282858670946,35.374691131498466,35.37500866197901,35.43644510035419,35.43644510035419,35.43644510035419,35.62116261808367,35.62116261808367,35.62116261808367,35.62116261808367,35.62116261808367,35.62116261808367,35.767484602815486,35.767484602815486,35.767484602815486,35.767484602815486,35.767484602815486,35.767484602815486,36.111420715193724,36.111420715193724,36.273681859519606,,,,,,,,,,,,,,,,,,,,,,,,,,,,,,,,,,,,,,,,,,,,,,,,,,,36.90642801251956,36.73096774193549,36.69886243386243,36.10919918246005,36.10919918246005,36.10919918246005,36.10783036377134,35.672845351867956,35.672845351867956,35.672845351867956,35.672845351867956,35.672845351867956,35.672845351867956,35.672845351867956,35.66839404452155,35.24767795138889,34.7478424706049,34.7478424706049,,35.672845351867956,,,34.84925264284759,35.62062267514241,35.82740891664806,"rgba(38, 166, 154, 1.0)",0.798484837699535,36.204694530603696,1.4343484250696277,67.15560132026587,9.148647342457636,True,False,True,False,True,12.343773534021224,0.0,0.0,0.0,0.0,0,1.1197825664919432,0.8217821782178221,False,False,False,False,0.31482165259143996,0.3273069966788399,False,False,False,False,77.0,-27.09322663403589,False,False,False,False,14.636097038994956,False,False,False,False
2025-05-15 14:00:00+00:00,37.35,37.35,37.35,37.35,0.0,,,,,,,,,,,,,,,,,,,,,,,,,,,,,,,,,,,,,,,,,,,,,,,,,,,,,,36.115253192426245,36.115253192426245,36.115253192426245,36.115253192426245,36.13169398907104,36.13269714285715,36.07772072072073,36.0747308934338,35.59689381270904,35.59689381270904,35.59689381270904,35.59689381270904,35.59689381270904,35.59689381270904,35.057304964539,34.99560196171491,34.84925264284759,34.85282858670946,35.374691131498466,35.37500866197901,35.43644510035419,35.43644510035419,35.43644510035419,35.62116261808367,35.62116261808367,35.62116261808367,35.62116261808367,35.62116261808367,35.62116261808367,35.767484602815486,35.767484602815486,35.767484602815486,35.767484602815486,35.767484602815486,35.767484602815486,36.111420715193724,36.111420715193724,36.273681859519606,,,,,,,,,,,,,,,,,,,,,,,,,,,,,,,,,,,,,,,,,,,,,,,,,,,36.90642801251956,36.73096774193549,36.69886243386243,36.10919918246005,36.10919918246005,36.10919918246005,36.10783036377134,35.672845351867956,35.672845351867956,35.672845351867956,35.672845351867956,35.672845351867956,35.672845351867956,35.672845351867956,35.66839404452155,35.24767795138889,34.7478424706049,34.7478424706049,,35.672845351867956,,,34.84925264284759,35.62062267514241,35.82740891664806,"rgba(38, 166, 154, 1.0)",0.8086636847014763,36.204694530603696,1.416293931659739,66.37304640527518,9.148647342457636,True,False,True,False,True,12.343773534021224,0.0,0.0,0.0,0.0,0,1.1116288099398175,0.8254707823723552,False,False,False,False,0.31135501521067666,0.3193310059447583,False,False,False,False,77.0,-25.4793781590896,False,False,False,False,14.409180805832243,False,False,False,False
2025-05-15 15:00:00+00:00,37.35,37.35,37.35,37.35,0.0,,,,,,,,,,,,,,,,,,,,,,,,,,,,,,,,,,,,,,,,,,,,,,,,,,,,,,36.115253192426245,36.115253192426245,36.115253192426245,36.115253192426245,36.13169398907104,36.13269714285715,36.07772072072073,36.0747308934338,35.59689381270904,35.59689381270904,35.59689381270904,35.59689381270904,35.59689381270904,35.59689381270904,35.057304964539,34.99560196171491,34.84925264284759,34.85282858670946,35.374691131498466,35.37500866197901,35.43644510035419,35.43644510035419,35.43644510035419,35.62116261808367,35.62116261808367,35.62116261808367,35.62116261808367,35.62116261808367,35.62116261808367,35.767484602815486,35.767484602815486,35.767484602815486,35.767484602815486,35.767484602815486,35.767484602815486,36.111420715193724,36.111420715193724,36.273681859519606,,,,,,,,,,,,,,,,,,,,,,,,,,,,,,,,,,,,,,,,,,,,,,,,,,,36.90642801251956,36.73096774193549,36.69886243386243,36.10919918246005,36.10919918246005,36.10919918246005,36.10783036377134,35.672845351867956,35.672845351867956,35.672845351867956,35.672845351867956,35.672845351867956,35.672845351867956,35.672845351867956,35.66839404452155,35.24767795138889,34.7478424706049,34.7478424706049,,35.672845351867956,,,34.84925264284759,35.62062267514241,35.82740891664806,"rgba(38, 166, 154, 1.0)",0.8176696617067837,36.204694530603696,1.4006945873540455,65.8513431286147,9.148647342457636,True,False,True,False,True,12.343773534021235,0.0,0.0,0.0,0.0,0,1.1214582920546858,0.8349514563106798,False,False,False,False,0.31135501521067666,0.31534301057771746,False,False,False,False,77.0,-23.89055059073162,False,False,False,False,14.185782653803836,False,False,False,False
2025-05-15 16:00:00+00:00,37.35,37.35,37.35,37.35,0.0,,,,,,,,,,,,,,,,,,,,,,,,,,,,,,,,,,,,,,,,,,,,,,,,,,,,,,36.115253192426245,36.115253192426245,36.115253192426245,36.115253192426245,36.13169398907104,36.13269714285715,36.07772072072073,36.0747308934338,35.59689381270904,35.59689381270904,35.59689381270904,35.59689381270904,35.59689381270904,35.59689381270904,35.057304964539,34.99560196171491,34.84925264284759,34.85282858670946,35.374691131498466,35.37500866197901,35.43644510035419,35.43644510035419,35.43644510035419,35.62116261808367,35.62116261808367,35.62116261808367,35.62116261808367,35.62116261808367,35.62116261808367,35.767484602815486,35.767484602815486,35.767484602815486,35.767484602815486,35.767484602815486,35.767484602815486,36.111420715193724,36.111420715193724,36.273681859519606,,,,,,,,,,,,,,,,,,,,,,,,,,,,,,,,,,,,,,,,,,,,,,,,,,,36.90642801251956,36.73096774193549,36.69886243386243,36.10919918246005,36.10919918246005,36.10919918246005,36.10783036377134,35.672845351867956,35.672845351867956,35.672845351867956,35.672845351867956,35.672845351867956,35.672845351867956,35.672845351867956,35.66839404452155,35.24767795138889,34.7478424706049,34.7478424706049,,35.672845351867956,,,34.84925264284759,35.62062267514241,35.82740891664806,"rgba(38, 166, 154, 1.0)",0.8253104793878451,36.204694530603696,1.3877267985810737,65.50354094417439,9.148647342457636,True,False,True,False,True,12.343773534021224,0.0,0.0,0.0,0.0,0,1.1491574786769292,0.8267110463906805,False,False,False,False,0.31135501521067666,0.31334901289419703,False,False,False,False,77.0,-22.326356007929583,False,False,False,False,13.965848039016178,False,False,False,False
2025-05-15 17:00:00+00:00,37.35,37.35,37.35,37.35,0.0,,,,,,,,,,,,,,,,,,,,,,,,,,,,,,,,,,,,,,,,,,,,,,,,,,,,,,36.115253192426245,36.115253192426245,36.115253192426245,36.115253192426245,36.13169398907104,36.13269714285715,36.07772072072073,36.0747308934338,35.59689381270904,35.59689381270904,35.59689381270904,35.59689381270904,35.59689381270904,35.59689381270904,35.057304964539,34.99560196171491,34.84925264284759,34.85282858670946,35.374691131498466,35.37500866197901,35.43644510035419,35.43644510035419,35.43644510035419,35.62116261808367,35.62116261808367,35.62116261808367,35.62116261808367,35.62116261808367,35.62116261808367,35.767484602815486,35.767484602815486,35.767484602815486,35.767484602815486,35.767484602815486,35.767484602815486,36.111420715193724,36.111420715193724,36.273681859519606,,,,,,,,,,,,,,,,,,,,,,,,,,,,,,,,,,,,,,,,,,,,,,,,,,,36.90642801251956,36.73096774193549,36.69886243386243,36.10919918246005,36.10919918246005,36.10919918246005,36.10783036377134,35.672845351867956,35.672845351867956,35.672845351867956,35.672845351867956,35.672845351867956,35.672845351867956,35.672845351867956,35.66839404452155,35.24767795138889,34.7478424706049,34.7478424706049,,35.672845351867956,,,34.84925264284759,35.62062267514241,35.82740891664806,"rgba(38, 166, 154, 1.0)",0.8307411105710353,36.204694530603696,1.378655100635437,65.27167282121418,9.366540008804527,True,False,True,False,True,12.343773534021224,0.0,0.0,0.0,0.0,0,1.1524558792260258,0.8449925579417394,False,False,False,False,0.31135501521067666,0.31235201405243684,False,False,False,False,77.0,-20.786412503930677,False,False,False,False,13.749323263217477,False,False,False,False
2025-05-15 18:00:00+00:00,37.35,38.11,37.35,38.11,1.0,,,,,,,,,,,,,,,,,,,,,,,,,,,,,,,,,,,,,,,,,,,,,,,,,,,,,,36.11755057167986,36.11755057167986,36.11755057167986,36.11755057167986,36.13371150097466,36.13466514459665,36.07964182865371,36.076646953405024,35.59878167641326,35.59878167641326,35.59878167641326,35.59878167641326,35.59878167641326,35.59878167641326,35.05875691562932,34.99695920303605,34.85045947030498,34.85403301256349,35.37544991338021,35.37576711491443,35.43701644633302,35.43701644633302,35.43701644633302,35.62161505768063,35.62161505768063,35.62161505768063,35.62161505768063,35.62161505768063,35.62161505768063,35.767878416588125,35.767878416588125,35.767878416588125,35.767878416588125,35.767878416588125,35.767878416588125,36.1117100464191,36.1117100464191,36.273935868635,,,,,,,,,,,,,,,,,,,,,,,,,,,,,,,,,,,,,,,,,,,,,,,,,,,36.90865339578454,36.7332327297116,36.70115511551155,36.11114513734224,36.11114513734224,36.11114513734224,36.109775676677785,35.674741030092605,35.674741030092605,35.674741030092605,35.674741030092605,35.674741030092605,35.674741030092605,35.674741030092605,35.67029029462739,35.249375406636304,34.74916312659303,34.74916312659303,,35.674741030092605,,,34.85045947030498,35.62213051428071,35.829301749711675,"rgba(38, 166, 154, 1.0)",0.8551061627362709,36.20676176635681,2.225733267496257,69.89852762491029,14.202961919308152,True,False,True,False,True,17.20981945065576,0.0,0.0,0.0,0.0,0,1.1262615859938208,0.8185375901132854,False,False,False,False,0.34282823928449296,0.3275901266684649,False,False,False,False,78.0,-19.25484021704803,False,False,False,False,13.551659336655964,False,False,False,False
2025-05-15 19:00:00+00:00,38.11,38.315,37.87,38.315,27.0,,,,,,,,,,,,,,,,,,,,,,,,,,,,,,,,,,,,,,,,,,,,,,,,,,,,,38.166666666666664,36.188029723991505,36.188029723991505,36.188029723991505,36.188029723991505,36.19594482237339,36.19542266519011,36.13877054914306,36.135613026819925,35.65542619825709,35.65542619825709,35.65542619825709,35.65542619825709,35.65542619825709,35.65542619825709,35.10167945439045,35.03704449648712,34.88600436681223,34.88951143726035,35.398300990499294,35.39860866929373,35.454304871373836,35.454304871373836,35.454304871373836,35.63544685990338,35.63544685990338,35.63544685990338,35.63544685990338,35.63544685990338,35.63544685990338,35.78002531882971,35.78002531882971,35.78002531882971,35.78002531882971,35.78002531882971,35.78002531882971,36.12086730483578,36.12086730483578,36.28210070831336,,,,,,,,,,,,,,,,,,,,,,,,,,,,,,,,,,,,,,,,,,,,,,,,,,,36.98346916299559,36.80709287531807,36.77553258145363,36.171144144144144,36.171144144144144,36.171144144144144,36.169749820014395,35.73180802940346,35.73180802940346,35.73180802940346,35.73180802940346,35.73180802940346,35.73180802940346,35.73180802940346,35.727362404741754,35.2997378516624,34.78791684166317,34.78791684166317,,35.73180802940346,,,34.88600436681223,35.76906418817879,35.88749261209827,"rgba(38, 166, 154, 1.0)",0.8833332806391262,36.37411260213892,2.197231147519731,73.74802435516135,18.029454553114988,True,False,True,False,True,18.419287969701216,0.0,0.0,0.0,0.0,0,1.1607364501448072,0.819611088125776,False,False,False,False,0.3428282403277553,0.3352091834981101,False,False,False,False,105.0,-17.328408585775968,False,False,False,False,13.760160742289205,False,False,False,False
2025-05-16 14:00:00+00:00,38.315,38.315,37.6,37.835,3.0,,,,,,,,,,,,,,,,,,,,,,,,,,,,,,,,,,,,,,,,,,,,,,,,,,,,37.916666666666664,38.141666666666666,36.19461082910321,36.19461082910321,36.19461082910321,36.19461082910321,36.20177777777778,36.2011221486387,36.144349721059974,36.14117881944445,35.660954903558824,35.660954903558824,35.660954903558824,35.660954903558824,35.660954903558824,35.660954903558824,35.10599250936329,35.04108512628625,34.88960943695481,34.893109482303224,35.40058972028678,35.40089642640824,35.45603649007657,35.45603649007657,35.45603649007657,35.63682357674512,35.63682357674512,35.63682357674512,35.63682357674512,35.63682357674512,35.63682357674512,35.78122680412371,35.78122680412371,35.78122680412371,35.78122680412371,35.78122680412371,35.78122680412371,36.12175602111514,36.12175602111514,36.28288379644415,,,,,,,,,,,,,,,,,,,,,,,,,,,,,,,,,,,,,,,,,,,,,,,,,,,36.98959518599562,36.813409234661606,36.781931464174455,36.176786997126435,36.176786997126435,36.176786997126435,36.17539110154288,35.73735335589398,35.73735335589398,35.73735335589398,35.73735335589398,35.73735335589398,35.73735335589398,35.73735335589398,35.73290962837839,35.304747925973196,34.791854026845634,34.791854026845634,,35.73735335589398,,,34.88960943695481,35.863613068394095,35.89297372650302,"rgba(38, 166, 154, 0.75)",0.8943647753301474,36.46818991855182,1.528246772625445,70.21192275091472,18.029454553114988,True,False,True,False,False,13.970440082776044,0.0,0.0,0.0,0.0,0,1.1452682338758287,0.8026923849708664,False,False,False,False,0.323926292882783,0.32956773819044655,False,False,False,False,102.0,-15.478355739484869,False,False,False,False,13.593336544734333,False,False,False,False
2025-05-16 15:00:00+00:00,37.835,37.835,37.54,37.54,62.0,,,,,,,,,,,,,,,,,,,,,,,,,,,,,,,,,,,,,,,,,,,,,,,,,,,,37.65117948717948,37.80246376811594,36.29991764705883,36.29991764705883,36.29991764705883,36.29991764705883,36.295828933474134,36.29317493112948,36.235338899803544,36.23200424005219,35.75606542539437,35.75606542539437,35.75606542539437,35.75606542539437,35.75606542539437,35.75606542539437,35.183717821782174,35.1142803030303,34.955561790505676,34.95892691415313,35.44184458320943,35.44213337296869,35.4872985982748,35.4872985982748,35.4872985982748,35.661479568183324,35.661479568183324,35.661479568183324,35.661479568183324,35.661479568183324,35.661479568183324,35.80256099067383,35.80256099067383,35.80256099067383,35.80256099067383,35.80256099067383,35.80256099067383,36.13711000435445,36.13711000435445,36.29617251739405,,,,,,,,,,,,,,,,,,,,,,,,,,,,,,,,,,,,,,,,,,,,,,,,,,,37.06709377007065,36.900243350311264,36.87087102177554,36.26831818181818,36.26831818181818,36.26831818181818,36.26691725529768,35.83209673097536,35.83209673097536,35.83209673097536,35.83209673097536,35.83209673097536,35.83209673097536,35.83209673097536,35.82772204387374,35.39356455903417,34.86400517852275,34.86400517852275,,35.83209673097536,,,34.955561790505676,35.91217655923321,35.98244744553837,"rgba(38, 166, 154, 0.75)",0.9022779130802348,36.52233687788258,1.1278821163240906,65.02360437010252,21.255607202255604,True,False,True,False,False,11.39037266507043,0.0,0.0,0.0,0.0,0,1.1512419871794868,0.8225160256410259,False,False,False,False,0.2867690392184812,0.30816838870446384,False,False,False,False,40.0,-14.618226193136266,False,False,False,False,14.343827451017521,False,False,False,False
2025-05-16 16:00:00+00:00,37.54,37.54,37.54,37.54,0.0,,,,,,,,,,,,,,,,,,,,,,,,,,,,,,,,,,,,,,,,,,,,,,,,,,,,37.65117948717948,37.80246376811594,36.29991764705883,36.29991764705883,36.29991764705883,36.29991764705883,36.295828933474134,36.29317493112948,36.235338899803544,36.23200424005219,35.75606542539437,35.75606542539437,35.75606542539437,35.75606542539437,35.75606542539437,35.75606542539437,35.183717821782174,35.1142803030303,34.955561790505676,34.95892691415313,35.44184458320943,35.44213337296869,35.4872985982748,35.4872985982748,35.4872985982748,35.661479568183324,35.661479568183324,35.661479568183324,35.661479568183324,35.661479568183324,35.661479568183324,35.80256099067383,35.80256099067383,35.80256099067383,35.80256099067383,35.80256099067383,35.80256099067383,36.13711000435445,36.13711000435445,36.29617251739405,,,,,,,,,,,,,,,,,,,,,,,,,,,,,,,,,,,,,,,,,,,,,,,,,,,37.06709377007065,36.900243350311264,36.87087102177554,36.26831818181818,36.26831818181818,36.26831818181818,36.26691725529768,35.83209673097536,35.83209673097536,35.83209673097536,35.83209673097536,35.83209673097536,35.83209673097536,35.83209673097536,35.82772204387374,35.39356455903417,34.86400517852275,34.86400517852275,,35.83209673097536,,,34.955561790505676,35.91217655923321,35.98244744553837,"rgba(38, 166, 154, 0.5)",0.9126734464307641,36.52233687788258,1.1150353131202,61.56472544956105,18.13259560610753,False,False,True,False,False,11.39037266507043,0.0,0.0,0.0,0.0,0,1.1424278846153844,0.8343349358974362,False,False,False,False,0.2667969996234835,0.28748269416397365,False,False,False,False,40.0,-13.771431988591518,False,False,False,False,14.121442529296319,False,False,False,False
2025-05-16 17:00:00+00:00,37.54,37.54,37.54,37.54,0.0,,,,,,,,,,,,,,,,,,,,,,,,,,,,,,,,,,,,,,,,,,,,,,,,,,,,37.65117948717948,37.80246376811594,36.29991764705883,36.29991764705883,36.29991764705883,36.29991764705883,36.295828933474134,36.29317493112948,36.235338899803544,36.23200424005219,35.75606542539437,35.75606542539437,35.75606542539437,35.75606542539437,35.75606542539437,35.75606542539437,35.183717821782174,35.1142803030303,34.955561790505676,34.95892691415313,35.44184458320943,35.44213337296869,35.4872985982748,35.4872985982748,35.4872985982748,35.661479568183324,35.661479568183324,35.661479568183324,35.661479568183324,35.661479568183324,35.661479568183324,35.80256099067383,35.80256099067383,35.80256099067383,35.80256099067383,35.80256099067383,35.80256099067383,36.13711000435445,36.13711000435445,36.29617251739405,,,,,,,,,,,,,,,,,,,,,,,,,,,,,,,,,,,,,,,,,,,,,,,,,,,37.06709377007065,36.900243350311264,36.87087102177554,36.26831818181818,36.26831818181818,36.26831818181818,36.26691725529768,35.83209673097536,35.83209673097536,35.83209673097536,35.83209673097536,35.83209673097536,35.83209673097536,35.83209673097536,35.82772204387374,35.39356455903417,34.86400517852275,34.86400517852275,,35.83209673097536,,,34.955561790505676,35.91217655923321,35.98244744553837,"rgba(38, 166, 154, 0.5)",0.9151122365072996,36.52233687788258,1.1120637245563718,59.25880616920007,16.009508535132554,False,False,True,False,False,11.39037266507043,0.0,0.0,0.0,0.0,0,1.1424278846153844,0.8343349358974362,False,False,False,False,0.2667969996234835,0.2771398468937286,False,False,False,False,40.0,-12.937766376365293,False,False,False,False,13.902505435818856,False,False,False,False
2025-05-16 18:00:00+00:00,37.54,37.54,37.54,37.54,0.0,,,,,,,,,,,,,,,,,,,,,,,,,,,,,,,,,,,,,,,,,,,,,,,,,,,,37.65117948717948,37.80246376811594,36.29991764705883,36.29991764705883,36.29991764705883,36.29991764705883,36.295828933474134,36.29317493112948,36.235338899803544,36.23200424005219,35.75606542539437,35.75606542539437,35.75606542539437,35.75606542539437,35.75606542539437,35.75606542539437,35.183717821782174,35.1142803030303,34.955561790505676,34.95892691415313,35.44184458320943,35.44213337296869,35.4872985982748,35.4872985982748,35.4872985982748,35.661479568183324,35.661479568183324,35.661479568183324,35.661479568183324,35.661479568183324,35.661479568183324,35.80256099067383,35.80256099067383,35.80256099067383,35.80256099067383,35.80256099067383,35.80256099067383,36.13711000435445,36.13711000435445,36.29617251739405,,,,,,,,,,,,,,,,,,,,,,,,,,,,,,,,,,,,,,,,,,,,,,,,,,,37.06709377007065,36.900243350311264,36.87087102177554,36.26831818181818,36.26831818181818,36.26831818181818,36.26691725529768,35.83209673097536,35.83209673097536,35.83209673097536,35.83209673097536,35.83209673097536,35.83209673097536,35.83209673097536,35.82772204387374,35.39356455903417,34.86400517852275,34.86400517852275,,35.83209673097536,,,34.955561790505676,35.91217655923321,35.98244744553837,"rgba(38, 166, 154, 0.5)",0.9162767540923833,36.52233687788258,1.1106503767253857,57.721526648959426,14.47294148628572,False,True,True,False,False,11.39037266507043,0.0,0.0,0.0,0.0,0,1.1440320962888666,0.8341023069207626,False,False,False,False,0.2667969996234835,0.27196842325860604,False,False,False,False,40.0,-12.117025812390636,False,False,False,False,13.68696271588368,False,False,False,False
2025-05-16 19:00:00+00:00,37.54,37.54,37.54,37.54,0.0,,,,,,,,,,,,,,,,,,,,,,,,,,,,,,,,,,,,,,,,,,,,,,,,,,,,37.65117948717948,37.80246376811594,36.29991764705883,36.29991764705883,36.29991764705883,36.29991764705883,36.295828933474134,36.29317493112948,36.235338899803544,36.23200424005219,35.75606542539437,35.75606542539437,35.75606542539437,35.75606542539437,35.75606542539437,35.75606542539437,35.183717821782174,35.1142803030303,34.955561790505676,34.95892691415313,35.44184458320943,35.44213337296869,35.4872985982748,35.4872985982748,35.4872985982748,35.661479568183324,35.661479568183324,35.661479568183324,35.661479568183324,35.661479568183324,35.661479568183324,35.80256099067383,35.80256099067383,35.80256099067383,35.80256099067383,35.80256099067383,35.80256099067383,36.13711000435445,36.13711000435445,36.29617251739405,,,,,,,,,,,,,,,,,,,,,,,,,,,,,,,,,,,,,,,,,,,,,,,,,,,37.06709377007065,36.900243350311264,36.87087102177554,36.26831818181818,36.26831818181818,36.26831818181818,36.26691725529768,35.83209673097536,35.83209673097536,35.83209673097536,35.83209673097536,35.83209673097536,35.83209673097536,35.83209673097536,35.82772204387374,35.39356455903417,34.86400517852275,34.86400517852275,,35.83209673097536,,,34.955561790505676,35.91217655923321,35.98244744553837,"rgba(38, 166, 154, 0.5)",0.9281912227261839,36.52233687788258,1.0963938218769704,56.69667363546566,13.28097316234031,False,True,True,False,False,11.39037266507043,0.0,0.0,0.0,0.0,0,1.1440320962888666,0.8326980942828487,False,False,False,False,0.2667969996234835,0.26938271144104475,False,False,False,False,40.0,-11.309009908322565,False,False,False,False,13.474761743544398,False,False,False,False
2025-05-19 14:00:00+00:00,37.54,37.75,37.54,37.75,1.0,,,,,,,,,,,,,,,,,,,,,,,,,,,,,,,,,,,,,,,,,,,,,,,,,,,,37.651616161616154,37.801146953405016,36.301539365452406,36.301539365452406,36.301539365452406,36.301539365452406,36.29728902953587,36.29460612315102,36.23675662414132,36.23341968067775,35.757556847545224,35.757556847545224,35.757556847545224,35.757556847545224,35.757556847545224,35.757556847545224,35.18495299356753,35.115446009389665,34.956615731785945,34.95997873985311,35.44250990883868,35.442798415056956,35.487805112805106,35.487805112805106,35.487805112805106,35.66188054562309,35.66188054562309,35.66188054562309,35.66188054562309,35.66188054562309,35.66188054562309,35.80290879338026,35.80290879338026,35.80290879338026,35.80290879338026,35.80290879338026,35.80290879338026,36.1373619047619,36.1373619047619,36.29639130434782,,,,,,,,,,,,,,,,,,,,,,,,,,,,,,,,,,,,,,,,,,,,,,,,,,,37.068272435897434,36.90156497175142,36.87222408026756,36.26974268415742,36.26974268415742,36.26974268415742,36.26834173387097,35.833580990629194,35.833580990629194,35.833580990629194,35.833580990629194,35.833580990629194,35.833580990629194,35.833580990629194,35.82920743116815,35.3949672801636,34.86515597330063,34.86515597330063,,35.833580990629194,,,34.956615731785945,35.91328201026061,35.98384360369983,"rgba(38, 166, 154, 0.5)",0.943728006127576,36.523597899590484,1.299529199564442,58.238083466725314,13.28097316234031,False,True,True,False,False,12.810634259554487,0.0,0.0,0.0,0.0,0,1.1582661290322578,0.8233870967741937,False,False,False,False,0.2809921599412318,0.27518743569113824,False,False,False,False,41.0,-10.498017506643146,False,False,False,False,13.281354584729756,False,False,False,False
2025-05-19 15:00:00+00:00,37.75,37.775,37.75,37.775,1.0,,,,,,,,,,,,,,,,,,,,,,,,,,,,,,,,,,,,,,,,,,,,,,,,,,,,37.65333333333333,37.800780141843966,36.303258998435055,36.303258998435055,36.303258998435055,36.303258998435055,36.29883737267299,36.296123711340215,36.23825653594772,36.23491699218751,35.75911309062743,35.75911309062743,35.75911309062743,35.75911309062743,35.75911309062743,35.75911309062743,35.18622980547312,35.11665001513774,34.95770237174529,34.961063240597625,35.443200594353634,35.443488809665276,35.48833140877598,35.48833140877598,35.48833140877598,35.66229857663025,35.66229857663025,35.66229857663025,35.66229857663025,35.66229857663025,35.66229857663025,35.803272519602395,35.803272519602395,35.803272519602395,35.803272519602395,35.803272519602395,35.803272519602395,36.13762787027968,36.13762787027968,36.29662372220465,,,,,,,,,,,,,,,,,,,,,,,,,,,,,,,,,,,,,,,,,,,,,,,,,,,37.06961292386436,36.90302876480542,36.87371730662215,36.27125168010753,36.27125168010753,36.27125168010753,36.26985062101377,35.835132423756036,35.835132423756036,35.835132423756036,35.835132423756036,35.835132423756036,35.835132423756036,35.835132423756036,35.830759882478645,35.396421418352745,34.86634123093681,34.86634123093681,,35.835132423756036,,,34.95770237174529,35.91453166752524,35.98531974364586,"rgba(38, 166, 154, 0.5)",0.9591290531208609,36.525059000949405,1.303204188199153,59.51487854258079,13.28097316234031,False,True,True,False,False,12.978855142868923,0.0,0.0,0.0,0.0,0,1.1725432923012724,0.8380972251199671,False,False,False,False,0.29700943171004557,0.2860984337005919,False,False,False,False,42.0,-9.684094754602167,False,False,False,False,13.090945986516891,False,False,False,False
2025-05-19 16:00:00+00:00,37.775,37.775,37.775,37.775,0.0,,,,,,,,,,,,,,,,,,,,,,,,,,,,,,,,,,,,,,,,,,,,,,,,,,,,37.65333333333333,37.800780141843966,36.303258998435055,36.303258998435055,36.303258998435055,36.303258998435055,36.29883737267299,36.296123711340215,36.23825653594772,36.23491699218751,35.75911309062743,35.75911309062743,35.75911309062743,35.75911309062743,35.75911309062743,35.75911309062743,35.18622980547312,35.11665001513774,34.95770237174529,34.961063240597625,35.443200594353634,35.443488809665276,35.48833140877598,35.48833140877598,35.48833140877598,35.66229857663025,35.66229857663025,35.66229857663025,35.66229857663025,35.66229857663025,35.66229857663025,35.803272519602395,35.803272519602395,35.803272519602395,35.803272519602395,35.803272519602395,35.803272519602395,36.13762787027968,36.13762787027968,36.29662372220465,,,,,,,,,,,,,,,,,,,,,,,,,,,,,,,,,,,,,,,,,,,,,,,,,,,37.06961292386436,36.90302876480542,36.87371730662215,36.27125168010753,36.27125168010753,36.27125168010753,36.26985062101377,35.835132423756036,35.835132423756036,35.835132423756036,35.835132423756036,35.835132423756036,35.835132423756036,35.835132423756036,35.830759882478645,35.396421418352745,34.86634123093681,34.86634123093681,,35.835132423756036,,,34.95770237174529,35.91453166752524,35.98531974364586,"rgba(38, 166, 154, 0.5)",0.9738887777109501,36.525059000949405,1.283453539723995,60.36607525981778,13.28097316234031,False,True,True,False,True,12.978855142868923,0.0,0.0,0.0,0.0,0,1.137700813686626,0.8380972251199671,False,False,False,False,0.2987220099214781,0.29241022181103504,False,False,False,False,42.0,-8.882790959957173,False,False,False,False,12.887985583625156,False,False,False,False
2025-05-19 17:00:00+00:00,37.775,37.775,37.775,37.775,0.0,,,,,,,,,,,,,,,,,,,,,,,,,,,,,,,,,,,,,,,,,,,,,,,,,,,,37.65333333333333,37.800780141843966,36.303258998435055,36.303258998435055,36.303258998435055,36.303258998435055,36.29883737267299,36.296123711340215,36.23825653594772,36.23491699218751,35.75911309062743,35.75911309062743,35.75911309062743,35.75911309062743,35.75911309062743,35.75911309062743,35.18622980547312,35.11665001513774,34.95770237174529,34.961063240597625,35.443200594353634,35.443488809665276,35.48833140877598,35.48833140877598,35.48833140877598,35.66229857663025,35.66229857663025,35.66229857663025,35.66229857663025,35.66229857663025,35.66229857663025,35.803272519602395,35.803272519602395,35.803272519602395,35.803272519602395,35.803272519602395,35.803272519602395,36.13762787027968,36.13762787027968,36.29662372220465,,,,,,,,,,,,,,,,,,,,,,,,,,,,,,,,,,,,,,,,,,,,,,,,,,,37.06961292386436,36.90302876480542,36.87371730662215,36.27125168010753,36.27125168010753,36.27125168010753,36.26985062101377,35.835132423756036,35.835132423756036,35.835132423756036,35.835132423756036,35.835132423756036,35.835132423756036,35.835132423756036,35.830759882478645,35.396421418352745,34.86634123093681,34.86634123093681,,35.835132423756036,,,34.95770237174529,35.91453166752524,35.98531974364586,"rgba(38, 166, 154, 0.5)",0.9880578957760424,36.525059000949405,1.2650483381531632,60.933539737975764,13.28097316234031,False,True,True,False,True,12.978855142868923,0.0,0.0,0.0,0.0,0,1.137700813686626,0.8380972251199671,False,False,False,False,0.2987220099214781,0.2955661158662566,False,False,False,False,42.0,-8.093910479957838,False,False,False,False,12.688171853646471,False,False,False,False
2025-05-19 18:00:00+00:00,37.775,37.775,37.775,37.775,0.0,,,,,,,,,,,,,,,,,,,,,,,,,,,,,,,,,,,,,,,,,,,,,,,,,,,,37.65333333333333,37.800780141843966,36.303258998435055,36.303258998435055,36.303258998435055,36.303258998435055,36.29883737267299,36.296123711340215,36.23825653594772,36.23491699218751,35.75911309062743,35.75911309062743,35.75911309062743,35.75911309062743,35.75911309062743,35.75911309062743,35.18622980547312,35.11665001513774,34.95770237174529,34.961063240597625,35.443200594353634,35.443488809665276,35.48833140877598,35.48833140877598,35.48833140877598,35.66229857663025,35.66229857663025,35.66229857663025,35.66229857663025,35.66229857663025,35.66229857663025,35.803272519602395,35.803272519602395,35.803272519602395,35.803272519602395,35.803272519602395,35.803272519602395,36.13762787027968,36.13762787027968,36.29662372220465,,,,,,,,,,,,,,,,,,,,,,,,,,,,,,,,,,,,,,,,,,,,,,,,,,,37.06961292386436,36.90302876480542,36.87371730662215,36.27125168010753,36.27125168010753,36.27125168010753,36.26985062101377,35.835132423756036,35.835132423756036,35.835132423756036,35.835132423756036,35.835132423756036,35.835132423756036,35.835132423756036,35.830759882478645,35.396421418352745,34.86634123093681,34.86634123093681,,35.835132423756036,,,34.95770237174529,35.91453166752524,35.98531974364586,"rgba(38, 166, 154, 0.5)",1.0016614711082164,36.525059000949405,1.2478677029153238,61.31184939008109,13.28097316234031,False,True,True,False,True,12.978855142868923,0.0,0.0,0.0,0.0,0,1.137700813686626,0.8380972251199671,False,False,False,False,0.2987220099214781,0.29714406289386736,False,False,False,False,42.0,-7.31726070507477,False,False,False,False,12.491456010954277,False,False,False,False
2025-05-19 19:00:00+00:00,37.775,37.775,36.81,36.97,17.0,,,,,,,,,,,,,,,,,,,,,,,,,,,,,,,,,,,,,,,,,,,,,,,,,,,,37.55855158730159,37.70647147147147,36.320508247027234,36.320508247027234,36.320508247027234,36.320508247027234,36.31443236714976,36.3114336372847,36.25377692060431,36.250432276657065,35.77764525993884,35.77764525993884,35.77764525993884,35.77764525993884,35.77764525993884,35.77764525993884,35.202894392676136,35.13249586901006,34.97224868741196,34.97557645553423,35.45195594322885,35.452240122179525,35.49496664366229,35.49496664366229,35.49496664366229,35.667422472948,35.667422472948,35.667422472948,35.667422472948,35.667422472948,35.667422472948,35.80760955194485,35.80760955194485,35.80760955194485,35.80760955194485,35.80760955194485,35.80760955194485,36.14052634434857,36.14052634434857,36.29900467707183,,,,,,,,,,,,,,,,,,,,,,,,,,,,,,,,,,,,,,,,,,,,,,,,,,,37.07325898389095,36.910912828947374,36.8823079004329,36.28664684506112,36.28664684506112,36.28664684506112,36.28525412541254,35.85330166270785,35.85330166270785,35.85330166270785,35.85330166270785,35.85330166270785,35.85330166270785,35.85330166270785,35.848959156785256,35.41487156148867,34.88233198106828,34.88233198106828,,35.85330166270785,,,34.97224868741196,35.92061256836954,36.0007378162907,#000000,1.0040564258577698,36.52857236386744,0.4396442518212515,51.23552120039707,6.738499395692401,False,True,False,False,False,5.387746535791496,0.0,0.0,0.0,0.0,0,1.0936622543120735,0.8443642198154838,False,False,False,False,0.2337376388060404,0.2654408508499539,False,False,False,False,25.0,-6.816217903445704,False,False,False,False,12.561355917761187,False,False,False,False
2025-05-20 14:00:00+00:00,36.97,36.97,36.97,36.97,0.0,,,,,,,,,,,,,,,,,,,,,,,,,,,,,,,,,,,,,,,,,,,,,,,,,,,,37.55855158730159,37.70647147147147,36.320508247027234,36.320508247027234,36.320508247027234,36.320508247027234,36.31443236714976,36.3114336372847,36.25377692060431,36.250432276657065,35.77764525993884,35.77764525993884,35.77764525993884,35.77764525993884,35.77764525993884,35.77764525993884,35.202894392676136,35.13249586901006,34.97224868741196,34.97557645553423,35.45195594322885,35.452240122179525,35.49496664366229,35.49496664366229,35.49496664366229,35.667422472948,35.667422472948,35.667422472948,35.667422472948,35.667422472948,35.667422472948,35.80760955194485,35.80760955194485,35.80760955194485,35.80760955194485,35.80760955194485,35.80760955194485,36.14052634434857,36.14052634434857,36.29900467707183,,,,,,,,,,,,,,,,,,,,,,,,,,,,,,,,,,,,,,,,,,,,,,,,,,,37.07325898389095,36.910912828947374,36.8823079004329,36.28664684506112,36.28664684506112,36.28664684506112,36.28525412541254,35.85330166270785,35.85330166270785,35.85330166270785,35.85330166270785,35.85330166270785,35.85330166270785,35.85330166270785,35.848959156785256,35.41487156148867,34.88233198106828,34.88233198106828,,35.85330166270785,,,34.97224868741196,35.92061256836954,36.0007378162907,"rgba(239, 83, 80, 1.0)",1.0063768615123063,36.52857236386744,0.43863054986102856,44.51796907394106,0.8167175113024499,False,True,False,True,False,5.387746535791496,0.0,0.0,0.0,0.0,0,1.1000802246289607,0.8766546329723229,False,False,False,False,0.19139015467009776,0.2284155027600258,False,False,False,False,25.0,-6.322943207268251,False,False,False,False,12.36660621360985,False,False,False,False
2025-05-20 15:00:00+00:00,36.97,37.56,36.97,37.425,7.0,,,,,,,,,,,,,,,,,,,,,,,,,,,,,,,,,,,,,,,,,,,,,,,,,,,,37.54007326007326,37.68344632768361,36.32848173515982,36.32848173515982,36.32848173515982,36.32848173515982,36.321654676258994,36.31852448021462,36.26091475095786,36.25756520356234,35.78584664131813,35.78584664131813,35.78584664131813,35.78584664131813,35.78584664131813,35.78584664131813,35.21013196480937,35.139369571728054,34.978540868454665,34.98185490045942,35.455810957017796,35.456093411996065,35.49789810136272,35.49789810136272,35.49789810136272,35.66970679317387,35.66970679317387,35.66970679317387,35.66970679317387,35.66970679317387,35.66970679317387,35.80955959186182,35.80955959186182,35.80955959186182,35.80955959186182,35.80955959186182,35.80955959186182,36.14186693766937,36.14186693766937,36.30012834645668,,,,,,,,,,,,,,,,,,,,,,,,,,,,,,,,,,,,,,,,,,,,,,,,,,,37.07640672782875,36.915550135501356,36.88720706260032,36.29375492125985,36.29375492125985,36.29375492125985,36.292364798426746,35.86137664041996,35.86137664041996,35.86137664041996,35.86137664041996,35.86137664041996,35.86137664041996,35.86137664041996,35.85704533542978,35.4229224572004,34.88923004314994,34.88923004314994,,35.86137664041996,,,34.978540868454665,35.92506725863409,36.007825436111474,"rgba(239, 83, 80, 1.0)",1.0103845847047446,36.53265616155012,0.8831724592380203,46.084630651264675,0.8167175113024499,False,True,False,True,False,8.75181074087897,0.0,0.0,0.0,0.0,0,1.0977664576802504,0.8563871473354235,False,False,False,False,0.23009639253314443,0.22925594764658513,False,False,False,False,32.0,-5.72878904901603,False,False,False,False,12.283403016499621,False,False,False,False
2025-05-20 16:00:00+00:00,37.425,37.425,37.425,37.425,0.0,,,,,,,,,,,,,,,,,,,,,,,,,,,,,,,,,,,,,,,,,,,,,,,,,,,,37.54007326007326,37.68344632768361,36.32848173515982,36.32848173515982,36.32848173515982,36.32848173515982,36.321654676258994,36.31852448021462,36.26091475095786,36.25756520356234,35.78584664131813,35.78584664131813,35.78584664131813,35.78584664131813,35.78584664131813,35.78584664131813,35.21013196480937,35.139369571728054,34.978540868454665,34.98185490045942,35.455810957017796,35.456093411996065,35.49789810136272,35.49789810136272,35.49789810136272,35.66970679317387,35.66970679317387,35.66970679317387,35.66970679317387,35.66970679317387,35.66970679317387,35.80955959186182,35.80955959186182,35.80955959186182,35.80955959186182,35.80955959186182,35.80955959186182,36.14186693766937,36.14186693766937,36.30012834645668,,,,,,,,,,,,,,,,,,,,,,,,,,,,,,,,,,,,,,,,,,,,,,,,,,,37.07640672782875,36.915550135501356,36.88720706260032,36.29375492125985,36.29375492125985,36.29375492125985,36.292364798426746,35.86137664041996,35.86137664041996,35.86137664041996,35.86137664041996,35.86137664041996,35.86137664041996,35.86137664041996,35.85704533542978,35.4229224572004,34.88923004314994,34.88923004314994,,35.86137664041996,,,34.978540868454665,35.92506725863409,36.007825436111474,"rgba(239, 83, 80, 0.75)",1.0138599775383295,36.53265616155012,0.8801450478561175,47.12907170281375,0.8167175113024499,False,True,False,True,True,8.75181074087897,0.0,0.0,0.0,0.0,0,1.115595611285266,0.8616771159874613,False,False,False,False,0.2513693185895058,0.24031263311804546,False,False,False,False,32.0,-5.143846583139813,False,False,False,False,12.092962659654665,False,False,False,False
2025-05-20 17:00:00+00:00,37.425,37.425,37.425,37.425,0.0,,,,,,,,,,,,,,,,,,,,,,,,,,,,,,,,,,,,,,,,,,,,,,,,,,,,37.54007326007326,37.68344632768361,36.32848173515982,36.32848173515982,36.32848173515982,36.32848173515982,36.321654676258994,36.31852448021462,36.26091475095786,36.25756520356234,35.78584664131813,35.78584664131813,35.78584664131813,35.78584664131813,35.78584664131813,35.78584664131813,35.21013196480937,35.139369571728054,34.978540868454665,34.98185490045942,35.455810957017796,35.456093411996065,35.49789810136272,35.49789810136272,35.49789810136272,35.66970679317387,35.66970679317387,35.66970679317387,35.66970679317387,35.66970679317387,35.66970679317387,35.80955959186182,35.80955959186182,35.80955959186182,35.80955959186182,35.80955959186182,35.80955959186182,36.14186693766937,36.14186693766937,36.30012834645668,,,,,,,,,,,,,,,,,,,,,,,,,,,,,,,,,,,,,,,,,,,,,,,,,,,37.07640672782875,36.915550135501356,36.88720706260032,36.29375492125985,36.29375492125985,36.29375492125985,36.292364798426746,35.86137664041996,35.86137664041996,35.86137664041996,35.86137664041996,35.86137664041996,35.86137664041996,35.86137664041996,35.85704533542978,35.4229224572004,34.88923004314994,34.88923004314994,,35.86137664041996,,,34.978540868454665,35.92506725863409,36.007825436111474,"rgba(239, 83, 80, 0.75)",1.016808498451153,36.53265616155012,0.8775928208793812,47.825365737179794,0.8167175113024499,False,True,False,True,True,8.75181074087897,0.0,0.0,0.0,0.0,0,1.115595611285266,0.8616771159874613,False,False,False,False,0.2513693185895058,0.24584097585377562,False,False,False,False,32.0,-4.567972992703536,False,False,False,False,11.905474866481724,False,False,False,False
2025-05-20 18:00:00+00:00,37.425,37.425,37.425,37.425,0.0,,,,,,,,,,,,,,,,,,,,,,,,,,,,,,,,,,,,,,,,,,,,,,,,,,,,37.54007326007326,37.68344632768361,36.32848173515982,36.32848173515982,36.32848173515982,36.32848173515982,36.321654676258994,36.31852448021462,36.26091475095786,36.25756520356234,35.78584664131813,35.78584664131813,35.78584664131813,35.78584664131813,35.78584664131813,35.78584664131813,35.21013196480937,35.139369571728054,34.978540868454665,34.98185490045942,35.455810957017796,35.456093411996065,35.49789810136272,35.49789810136272,35.49789810136272,35.66970679317387,35.66970679317387,35.66970679317387,35.66970679317387,35.66970679317387,35.66970679317387,35.80955959186182,35.80955959186182,35.80955959186182,35.80955959186182,35.80955959186182,35.80955959186182,36.14186693766937,36.14186693766937,36.30012834645668,,,,,,,,,,,,,,,,,,,,,,,,,,,,,,,,,,,,,,,,,,,,,,,,,,,37.07640672782875,36.915550135501356,36.88720706260032,36.29375492125985,36.29375492125985,36.29375492125985,36.292364798426746,35.86137664041996,35.86137664041996,35.86137664041996,35.86137664041996,35.86137664041996,35.86137664041996,35.86137664041996,35.85704533542978,35.4229224572004,34.88923004314994,34.88923004314994,,35.86137664041996,,,34.978540868454665,35.92506725863409,36.007825436111474,#000000,1.0192347199808187,36.53265616155012,0.8755037686183498,48.28956176009049,0.8167175113024499,False,True,False,False,True,8.75181074087897,0.0,0.0,0.0,0.0,0,1.115595611285266,0.8616771159874613,False,False,False,False,0.2513693185895058,0.2486051472216407,False,False,False,False,32.0,-4.001027674987203,False,False,False,False,11.720893860799835,False,False,False,False
2025-05-20 19:00:00+00:00,37.425,37.425,36.79,36.79,1.0,,,,,,,,,,,,,,,,,,,,,,,,,,,,,,,,,,,,,,,,,,,,,,,,,,,,37.53422101449275,37.67771708683473,36.32924933485367,36.32924933485367,36.32924933485367,36.32924933485367,36.32235284052019,36.31921105527638,36.26162360446571,36.258274547187796,35.78677051671733,35.78677051671733,35.78677051671733,35.78677051671733,35.78677051671733,35.78677051671733,35.21100716495683,35.14020580751384,34.979315715562365,34.982627886209976,35.45626696165191,35.456549198859726,35.498243398392646,35.498243398392646,35.498243398392646,35.669970026350455,35.669970026350455,35.669970026350455,35.669970026350455,35.669970026350455,35.669970026350455,35.809779375614546,35.809779375614546,35.809779375614546,35.809779375614546,35.809779375614546,35.809779375614546,36.14200671977456,36.14200671977456,36.300238807536864,,,,,,,,,,,,,,,,,,,,,,,,,,,,,,,,,,,,,,,,,,,,,,,,,,,37.07626984126984,36.91568993506494,36.88739049145299,36.294450999672236,36.294450999672236,36.294450999672236,36.293061558611655,35.86227380015737,35.86227380015737,35.86227380015737,35.86227380015737,35.86227380015737,35.86227380015737,35.86227380015737,35.8579444880859,35.423875805152974,34.89008424315945,34.89008424315945,,35.86227380015737,,,34.979315715562365,35.925268940737155,36.008537233670864,"rgba(239, 83, 80, 1.0)",1.0159836444381019,36.53262457995572,0.2533263418690367,42.52261348359127,-0.9869983045116939,False,True,False,True,False,3.0451441959117567,0.0,0.0,0.0,0.0,0,1.1134141572154865,0.8619475948377009,False,False,False,False,0.2093539742528943,0.2289795607372675,False,False,False,False,31.0,-3.458376083126936,False,False,False,False,11.554678452105264,False,False,False,False
2025-05-21 14:00:00+00:00,36.79,36.79,36.79,36.79,0.0,,,,,,,,,,,,,,,,,,,,,,,,,,,,,,,,,,,,,,,,,,,,,,,,,,,,37.53422101449275,37.67771708683473,36.32924933485367,36.32924933485367,36.32924933485367,36.32924933485367,36.32235284052019,36.31921105527638,36.26162360446571,36.258274547187796,35.78677051671733,35.78677051671733,35.78677051671733,35.78677051671733,35.78677051671733,35.78677051671733,35.21100716495683,35.14020580751384,34.979315715562365,34.982627886209976,35.45626696165191,35.456549198859726,35.498243398392646,35.498243398392646,35.498243398392646,35.669970026350455,35.669970026350455,35.669970026350455,35.669970026350455,35.669970026350455,35.669970026350455,35.809779375614546,35.809779375614546,35.809779375614546,35.809779375614546,35.809779375614546,35.809779375614546,36.14200671977456,36.14200671977456,36.300238807536864,,,,,,,,,,,,,,,,,,,,,,,,,,,,,,,,,,,,,,,,,,,,,,,,,,,37.07626984126984,36.91568993506494,36.88739049145299,36.294450999672236,36.294450999672236,36.294450999672236,36.293061558611655,35.86227380015737,35.86227380015737,35.86227380015737,35.86227380015737,35.86227380015737,35.86227380015737,35.86227380015737,35.8579444880859,35.423875805152974,34.89008424315945,34.89008424315945,,35.86227380015737,,,34.979315715562365,35.925268940737155,36.008537233670864,"rgba(239, 83, 80, 1.0)",1.0125184149142676,36.53262457995572,0.25419332256398414,38.67798129925846,-4.627292641066006,False,True,False,True,False,3.0451441959117567,0.0,0.0,0.0,0.0,0,1.1134141572154865,0.8639030113414161,False,False,False,False,0.1680551480868906,0.19851735441207904,False,False,False,False,31.0,-2.9241376942412467,False,False,False,False,11.375536150522237,False,False,False,False
2025-05-21 15:00:00+00:00,36.79,36.79,36.79,36.79,0.0,,,,,,,,,,,,,,,,,,,,,,,,,,,,,,,,,,,,,,,,,,,,,,,,,,,,37.53422101449275,37.67771708683473,36.32924933485367,36.32924933485367,36.32924933485367,36.32924933485367,36.32235284052019,36.31921105527638,36.26162360446571,36.258274547187796,35.78677051671733,35.78677051671733,35.78677051671733,35.78677051671733,35.78677051671733,35.78677051671733,35.21100716495683,35.14020580751384,34.979315715562365,34.982627886209976,35.45626696165191,35.456549198859726,35.498243398392646,35.498243398392646,35.498243398392646,35.669970026350455,35.669970026350455,35.669970026350455,35.669970026350455,35.669970026350455,35.669970026350455,35.809779375614546,35.809779375614546,35.809779375614546,35.809779375614546,35.809779375614546,35.809779375614546,36.14200671977456,36.14200671977456,36.300238807536864,,,,,,,,,,,,,,,,,,,,,,,,,,,,,,,,,,,,,,,,,,,,,,,,,,,37.07626984126984,36.91568993506494,36.88739049145299,36.294450999672236,36.294450999672236,36.294450999672236,36.293061558611655,35.86227380015737,35.86227380015737,35.86227380015737,35.86227380015737,35.86227380015737,35.86227380015737,35.86227380015737,35.8579444880859,35.423875805152974,34.89008424315945,34.89008424315945,,35.86227380015737,,,34.979315715562365,35.925268940737155,36.008537233670864,"rgba(239, 83, 80, 1.0)",1.0088368246345378,36.53262457995572,0.2551209608526269,36.11489317636992,-7.071084771474482,False,True,False,True,False,3.0451441959117567,0.0,0.0,0.0,0.0,0,1.1267661691542288,0.8678606965174132,False,False,False,False,0.1680551480868906,0.18328625124948483,False,False,True,False,31.0,-2.3981820710747157,False,False,False,False,11.199171248963752,False,False,False,False
2025-05-21 16:00:00+00:00,36.79,36.96,36.79,36.89,103.0,,,,,,,,,,,,,,,,,,,,,,,,,,,,,,,,,,,,,,,,,,,,,,,,,,,,37.188658119658115,37.30760510510511,36.3871343537415,36.3871343537415,36.3871343537415,36.3871343537415,36.37568399876199,36.37181693989071,36.31710511033682,36.313862847222225,35.86612403100776,35.86612403100776,35.86612403100776,35.86612403100776,35.86612403100776,35.86612403100776,35.29096356589146,35.217115164520735,35.051449275362316,35.05458271968581,35.49824935585456,35.49851125739362,35.53016823687752,35.53016823687752,35.53016823687752,35.69410969074827,35.69410969074827,35.69410969074827,35.69410969074827,35.69410969074827,35.69410969074827,35.82972378023038,35.82972378023038,35.82972378023038,35.82972378023038,35.82972378023038,35.82972378023038,36.15416107024837,36.15416107024837,36.30949127156285,,,,,,,,,,,,,,,,,,,,,,,,,,,,,,,,,,,,,,,,,,,,,,,,,,,37.04512069851053,36.91057719054242,36.886343420449336,36.34830059523809,36.34830059523809,36.34830059523809,36.34699078203984,35.938566229985454,35.938566229985454,35.938566229985454,35.938566229985454,35.938566229985454,35.938566229985454,35.938566229985454,35.93445009689923,35.50914061019518,34.969649974120074,34.969649974120074,,35.938566229985454,,,35.051449275362316,35.95285559085315,36.06593267458273,"rgba(239, 83, 80, 1.0)",1.0053473560447965,36.5362838260529,0.3518347880663625,36.170092086426116,-7.206577417311642,False,True,False,True,False,3.8562418430449306,0.0,0.0,0.0,0.0,0,1.1176121763194304,0.8527376951966794,False,False,False,False,0.17905036003947164,0.18116830564447822,False,False,False,False,134.0,-0.28348157384875083,False,False,False,False,12.622439911770515,False,False,False,False
2025-05-21 17:00:00+00:00,36.89,37.1,36.89,37.08,4.0,,,,,,,,,,,,,,,,,,,,,,,,,,,,,,,,,,,,,,,,,,,,,,,,,,,,37.185335008375205,37.30257374631269,36.389720528455285,36.389720528455285,36.389720528455285,36.389720528455285,36.37808048103607,36.3741817906836,36.31955729166666,36.31631776239907,35.86937690325603,35.86937690325603,35.86937690325603,35.86937690325603,35.86937690325603,35.86937690325603,35.29418059424326,35.22021065409882,35.054351238655876,35.05747794117647,35.49999380421313,35.50025490756623,35.53150679814731,35.53150679814731,35.53150679814731,35.69513870072898,35.69513870072898,35.69513870072898,35.69513870072898,35.69513870072898,35.69513870072898,35.830586994515755,35.830586994515755,35.830586994515755,35.830586994515755,35.830586994515755,35.830586994515755,36.154716629381056,36.154716629381056,36.30993341591824,,,,,,,,,,,,,,,,,,,,,,,,,,,,,,,,,,,,,,,,,,,,,,,,,,,37.04498723838693,36.9112010142923,36.887093023255815,36.35070284697508,36.35070284697508,36.35070284697508,36.349395555555546,35.941715045960336,35.941715045960336,35.941715045960336,35.941715045960336,35.941715045960336,35.941715045960336,35.941715045960336,35.93760628019324,35.512576101342404,34.97283397932816,34.97283397932816,,35.941715045960336,,,35.054351238655876,35.95488716592906,36.06848005746278,"rgba(239, 83, 80, 0.75)",1.0071573903859141,36.53777159102246,0.5383750485808076,39.19792684763894,-7.206577417311642,False,True,False,True,True,5.377799127494871,0.0,0.0,0.0,0.0,0,1.1205645951774161,0.8484610860615567,False,False,False,False,0.19464691393741118,0.1879076097909447,False,False,False,False,138.0,1.860448373032625,False,False,False,False,12.488758672828336,False,False,False,False
2025-05-21 18:00:00+00:00,37.08,37.08,36.96,36.96,16.0,,,,,,,,,,,,,,,,,,,,,,,,,,,,,,,,,,,,,,,,,,,,,,,,,,,,37.17154263565891,37.28256887052342,36.399485,36.399485,36.399485,36.399485,36.38715132178669,36.38313804412641,36.32887842465753,36.32565130830489,35.8819481121149,35.8819481121149,35.8819481121149,35.8819481121149,35.8819481121149,35.8819481121149,35.30675806451612,35.23232836879432,35.06573762496952,35.068837719298244,35.506825600151814,35.507083570479985,35.53675375911865,35.53675375911865,35.53675375911865,35.69916682744871,35.69916682744871,35.69916682744871,35.69916682744871,35.69916682744871,35.69916682744871,35.83396009855177,35.83396009855177,35.83396009855177,35.83396009855177,35.83396009855177,35.83396009855177,36.15687227712251,36.15687227712251,36.31163886314488,,,,,,,,,,,,,,,,,,,,,,,,,,,,,,,,,,,,,,,,,,,,,,,,,,,37.043911310413556,36.91312359043753,36.88951137884873,36.35981578947368,36.35981578947368,36.35981578947368,36.358518843120066,35.95386178861789,35.95386178861789,35.95386178861789,35.95386178861789,35.95386178861789,35.95386178861789,35.95386178861789,35.94978271251195,35.52595371931796,34.985328068823826,34.985328068823826,,35.95386178861789,,,35.06573762496952,35.96265566013253,36.07821875450243,"rgba(239, 83, 80, 0.75)",1.0081277044444437,36.543228208226495,0.4134117036325071,39.844442842992024,-7.206577417311642,False,True,False,True,True,4.284990655238229,0.0,0.0,0.0,0.0,0,1.122731707317073,0.8499512195121954,False,False,False,False,0.19790775600079874,0.19290768289587173,False,False,False,False,122.0,3.723077080427468,False,False,False,False,12.543196522862006,False,False,False,False
2025-05-21 19:00:00+00:00,36.96,37.65,36.77,37.04,339.0,,,,,,,,,,,,,,,,,,,,,,,,,,,,,,,,,,,,,,,,,,,,,,,,,,,,37.160400120336945,37.20716293746415,36.590339805825245,36.590339805825245,36.590339805825245,36.590339805825245,36.56802576601671,36.562339281628915,36.5143397478434,36.51134568718288,36.124355080614926,36.124355080614926,36.124355080614926,36.124355080614926,36.124355080614926,36.124355080614926,35.55625548027101,35.47450787157555,35.296032107603864,35.298640650406504,35.65172853928694,35.65192620468899,35.65052176319978,35.65052176319978,35.65052176319978,35.78843927321019,35.78843927321019,35.78843927321019,35.78843927321019,35.78843927321019,35.78843927321019,35.909948465284856,35.909948465284856,35.909948465284856,35.909948465284856,35.909948465284856,35.909948465284856,36.20795352588336,36.20795352588336,36.35351974167033,,,,,,,,,,,,,,,,,,,,,,,,,,,,,,,,,,,,,,,,,,,,,,,,,,37.153333333333336,37.08071097883598,36.98866264687693,36.97186464088398,36.54169709263015,36.54169709263015,36.54169709263015,36.54057432432432,36.18849586458935,36.18849586458935,36.18849586458935,36.18849586458935,36.18849586458935,36.18849586458935,36.18849586458935,36.18494332372719,35.78642666037142,35.23573821692219,35.23573821692219,37.153333333333336,36.18849586458935,,,35.296032107603864,36.14047037563583,36.32223971959018,"rgba(239, 83, 80, 0.75)",1.009510375478208,36.71921277793065,0.3177651561207491,41.52846272064132,-7.206577417311642,False,True,False,True,True,4.933033801398178,1.0,37.65,36.77,770.0,0,1.14674970805761,0.8281432463993774,False,False,True,False,0.22283174819089172,0.20786971554338174,False,False,False,False,461.0,10.81264177685495,False,False,False,False,17.60454231320523,False,False,False,False
2025-05-22 14:00:00+00:00,37.04,37.16,37.04,37.04,13.0,,,,,,,,,,,,,,,,,,,,,,,,,,,,,,,,,,,,,,,,,,,,,,,,,,,,37.158556731334514,37.204379910213255,36.59504807692308,36.59504807692308,36.59504807692308,36.59504807692308,36.57261904761905,36.56691723356009,36.51917763157895,36.51619641294838,36.1312916434022,36.1312916434022,36.1312916434022,36.1312916434022,36.1312916434022,36.1312916434022,35.564109833465494,35.482232297063895,35.30354720241952,35.306139896373054,35.65653255713669,35.656728315226765,35.65436922015183,35.65436922015183,35.65436922015183,35.79147274917194,35.79147274917194,35.79147274917194,35.79147274917194,35.79147274917194,35.79147274917194,35.912526981974345,35.912526981974345,35.912526981974345,35.912526981974345,35.912526981974345,35.912526981974345,36.2096644531643,36.2096644531643,36.3549033108702,,,,,,,,,,,,,,,,,,,,,,,,,,,,,,,,,,,,,,,,,,,,,,,,,,37.150625,37.08070192621613,36.98975099297281,36.97314376706097,36.5463873994638,36.5463873994638,36.5463873994638,36.545271265907566,36.195133638793436,36.195133638793436,36.195133638793436,36.195133638793436,36.195133638793436,36.195133638793436,36.195133638793436,36.19159992372236,35.79431800406694,35.243870985979186,35.243870985979186,37.150625,36.195133638793436,,,35.30354720241952,36.145527475900025,36.327276343255285,"rgba(239, 83, 80, 0.75)",1.0108158465693091,36.72224568696821,0.3143543050994342,42.65114263907419,-7.206577417311642,False,True,False,True,True,4.933033801398178,0.0,0.0,0.0,0.0,0,1.1565284773343663,0.8163502518403724,False,False,False,False,0.20837078930779787,0.2081202524255898,False,False,False,False,461.0,17.792290741554872,False,False,False,False,17.53315406028732,False,False,False,False
2025-05-22 15:00:00+00:00,37.04,37.04,37.04,37.04,0.0,,,,,,,,,,,,,,,,,,,,,,,,,,,,,,,,,,,,,,,,,,,,,,,,,,,,37.158556731334514,37.204379910213255,36.59504807692308,36.59504807692308,36.59504807692308,36.59504807692308,36.57261904761905,36.56691723356009,36.51917763157895,36.51619641294838,36.1312916434022,36.1312916434022,36.1312916434022,36.1312916434022,36.1312916434022,36.1312916434022,35.564109833465494,35.482232297063895,35.30354720241952,35.306139896373054,35.65653255713669,35.656728315226765,35.65436922015183,35.65436922015183,35.65436922015183,35.79147274917194,35.79147274917194,35.79147274917194,35.79147274917194,35.79147274917194,35.79147274917194,35.912526981974345,35.912526981974345,35.912526981974345,35.912526981974345,35.912526981974345,35.912526981974345,36.2096644531643,36.2096644531643,36.3549033108702,,,,,,,,,,,,,,,,,,,,,,,,,,,,,,,,,,,,,,,,,,,,,,,,,,37.150625,37.08070192621613,36.98975099297281,36.97314376706097,36.5463873994638,36.5463873994638,36.5463873994638,36.545271265907566,36.195133638793436,36.195133638793436,36.195133638793436,36.195133638793436,36.195133638793436,36.195133638793436,36.195133638793436,36.19159992372236,35.79431800406694,35.243870985979186,35.243870985979186,37.150625,36.195133638793436,,,35.30354720241952,36.145527475900025,36.327276343255285,"rgba(239, 83, 80, 0.75)",1.0113485555933983,36.72224568696821,0.3141887248213376,43.399595918029426,-12.021439686158601,False,True,False,True,True,4.933033801398178,0.0,0.0,0.0,0.0,0,1.1565284773343663,0.8209996125532742,False,False,False,False,0.20051942109781015,0.20431983676169996,False,False,False,False,461.0,24.663728094398984,False,False,False,False,17.26132221439139,False,False,False,False
2025-05-22 16:00:00+00:00,37.04,37.23,37.04,37.23,3.0,,,,,,,,,,,,,,,,,,,,,,,,,,,,,,,,,,,,,,,,,,,,,,,,,,,,37.158599415204684,37.20419039642659,36.596313653136534,36.596313653136534,36.596313653136534,36.596313653136534,36.57384641873278,36.56813871916723,36.520453053184504,36.517474350578475,36.13302303976217,36.13302303976217,36.13302303976217,36.13302303976217,36.13302303976217,36.13302303976217,35.566013861386125,35.48410043130005,35.30535664184741,35.30794564865739,35.65770380903137,35.65789911260447,35.65530795227257,35.65530795227257,35.65530795227257,35.79221770795714,35.79221770795714,35.79221770795714,35.79221770795714,35.79221770795714,35.79221770795714,35.913164464023495,35.913164464023495,35.913164464023495,35.913164464023495,35.913164464023495,35.913164464023495,36.210097551164075,36.210097551164075,36.35525992092546,,,,,,,,,,,,,,,,,,,,,,,,,,,,,,,,,,,,,,,,,,,,,,,,,,37.15076056338028,37.08095377604167,36.99023613650213,36.97367059891107,36.54763210702341,36.54763210702341,36.54763210702341,36.546517379679145,36.19680007623405,36.19680007623405,36.19680007623405,36.19680007623405,36.19680007623405,36.19680007623405,36.19680007623405,36.19327051208834,35.79624726647922,35.245825708799266,35.245825708799266,37.15076056338028,36.19680007623405,,,35.30535664184741,36.14684154264231,36.32862128975732,#000000,1.0131320182910206,36.723183164074825,0.5002475756121935,47.16067917122791,-8.203166969039152,False,True,False,False,True,6.516695501115699,0.0,0.0,0.0,0.0,0,1.1553846153846152,0.8150000000000004,False,False,False,False,0.21296241655078807,0.208641126656244,False,False,False,False,464.0,31.475143162702878,False,False,False,False,17.040216443625635,False,False,False,False
2025-05-22 17:00:00+00:00,37.23,37.23,37.23,37.23,0.0,,,,,,,,,,,,,,,,,,,,,,,,,,,,,,,,,,,,,,,,,,,,,,,,,,,,37.158599415204684,37.20419039642659,36.596313653136534,36.596313653136534,36.596313653136534,36.596313653136534,36.57384641873278,36.56813871916723,36.520453053184504,36.517474350578475,36.13302303976217,36.13302303976217,36.13302303976217,36.13302303976217,36.13302303976217,36.13302303976217,35.566013861386125,35.48410043130005,35.30535664184741,35.30794564865739,35.65770380903137,35.65789911260447,35.65530795227257,35.65530795227257,35.65530795227257,35.79221770795714,35.79221770795714,35.79221770795714,35.79221770795714,35.79221770795714,35.79221770795714,35.913164464023495,35.913164464023495,35.913164464023495,35.913164464023495,35.913164464023495,35.913164464023495,36.210097551164075,36.210097551164075,36.35525992092546,,,,,,,,,,,,,,,,,,,,,,,,,,,,,,,,,,,,,,,,,,,,,,,,,,37.15076056338028,37.08095377604167,36.99023613650213,36.97367059891107,36.54763210702341,36.54763210702341,36.54763210702341,36.546517379679145,36.19680007623405,36.19680007623405,36.19680007623405,36.19680007623405,36.19680007623405,36.19680007623405,36.19680007623405,36.19327051208834,35.79624726647922,35.245825708799266,35.245825708799266,37.15076056338028,36.19680007623405,,,35.30535664184741,36.14684154264231,36.32862128975732,#000000,1.0067999523957538,36.723183164074825,0.5033937821700963,49.66806800669357,-5.695361914599971,False,True,False,False,True,6.516695501115699,0.0,0.0,0.0,0.0,0,1.1626923076923075,0.8150000000000004,False,False,False,False,0.22547072235401497,0.2170559245051295,False,False,False,False,464.0,38.18095489661446,False,False,False,False,16.77602704139888,False,False,False,False
2025-05-22 18:00:00+00:00,37.23,37.65,37.23,37.65,11.0,,,,,,,,,,,,,,,,,,,,,,,,,,,,,,,,,,,,,,,,,,,,,,,,,,,,37.16525243832473,37.20972313596492,36.60367130307468,36.60367130307468,36.60367130307468,36.60367130307468,36.58088516746412,36.575120170709795,36.52754889178618,36.52457303857824,36.14141458910434,36.14141458910434,36.14141458910434,36.14141458910434,36.14141458910434,36.14141458910434,35.57444597791797,35.492305473735875,35.31317956989247,35.31575435203094,35.662956518002915,35.663149914089345,35.65951968070465,35.65951968070465,35.65951968070465,35.79562293506337,35.79562293506337,35.79562293506337,35.79562293506337,35.79562293506337,35.79562293506337,35.91613506962061,35.91613506962061,35.91613506962061,35.91613506962061,35.91613506962061,35.91613506962061,36.21225100401606,36.21225100401606,36.35711695906432,,,,,,,,,,,,,,,,,,,,,,,,,,,,,,,,,,,,,,,,,,,,,,,,,,37.161557377049185,37.085513687600645,36.99541025641026,36.97897124887691,36.554661354581675,36.554661354581675,36.554661354581675,36.5535500995355,36.205007575757584,36.205007575757584,36.205007575757584,36.205007575757584,36.205007575757584,36.205007575757584,36.205007575757584,36.20149073023081,35.805035742035734,35.25423418861129,35.25423418861129,37.161557377049185,36.205007575757584,,,35.31317956989247,36.15386505750145,36.33626497963209,"rgba(38, 166, 154, 0.5)",1.001608517147077,36.73007604882402,0.9184466140486094,56.35383636390202,0.5366331838824365,False,False,True,False,True,9.903204606174846,0.0,0.0,0.0,0.0,0,1.1601059803179405,0.8020439061317187,False,False,False,False,0.25337484427112633,0.23521538438812792,False,False,False,False,475.0,44.95334319279098,False,False,False,False,16.686476234555485,False,False,False,False
2025-05-22 19:00:00+00:00,37.65,37.98,37.65,37.95,24.0,,,,,,,,,,,,,,,,,,,,,,,,,,,,,,,,,,,,,,,,,,,,,,,,,,,37.86,37.19281267217631,37.234417194092835,36.62536330935252,36.62536330935252,36.62536330935252,36.62536330935252,36.601529926025556,36.59556918656057,36.54807445442876,36.545091762697396,36.16396573719702,36.16396573719702,36.16396573719702,36.16396573719702,36.16396573719702,36.16396573719702,35.595873046874985,35.513044403892934,35.332745411865126,35.33528790786948,35.676466393372614,35.67665514002733,35.670368392221306,35.670368392221306,35.670368392221306,35.804513128775646,35.804513128775646,35.804513128775646,35.804513128775646,35.804513128775646,35.804513128775646,35.92399303801022,35.92399303801022,35.92399303801022,35.92399303801022,35.92399303801022,35.92399303801022,36.21818527410964,36.21818527410964,36.36237179487179,,,,,,,,,,,,,,,,,,,,,,,,,,,,,,,,,,,,,,,,,,,,,,,,,,37.20453846153846,37.10306578533208,37.013789489223505,36.99756816182938,36.57513725490196,36.57513725490196,36.57513725490196,36.57403004572175,36.22727204783259,36.22727204783259,36.22727204783259,36.22727204783259,36.22727204783259,36.22727204783259,36.22727204783259,36.223777528928714,35.82777393576148,35.275178053136855,35.275178053136855,37.20453846153846,36.22727204783259,,,35.332745411865126,36.26134207779675,36.35848503232332,"rgba(38, 166, 154, 1.0)",0.9999227447635326,36.817766011554816,1.1323214662078154,62.935990547128725,6.402845190402587,True,False,True,False,True,12.167825542250561,0.0,0.0,0.0,0.0,0,1.1738317757009344,0.7921495327102807,False,False,False,False,0.29740382480525007,0.266309604596689,False,False,False,False,499.0,51.99282624406554,False,False,False,False,16.799864199911216,False,False,False,False
2025-05-23 14:00:00+00:00,37.62,37.62,37.62,37.62,0.0,,,,,,,,,,,,,,,,,,,,,,,,,,,,,,,,,,,,,,,,,,,,,,,,,,,37.86,37.19281267217631,37.234417194092835,36.62536330935252,36.62536330935252,36.62536330935252,36.62536330935252,36.601529926025556,36.59556918656057,36.54807445442876,36.545091762697396,36.16396573719702,36.16396573719702,36.16396573719702,36.16396573719702,36.16396573719702,36.16396573719702,35.595873046874985,35.513044403892934,35.332745411865126,35.33528790786948,35.676466393372614,35.67665514002733,35.670368392221306,35.670368392221306,35.670368392221306,35.804513128775646,35.804513128775646,35.804513128775646,35.804513128775646,35.804513128775646,35.804513128775646,35.92399303801022,35.92399303801022,35.92399303801022,35.92399303801022,35.92399303801022,35.92399303801022,36.21818527410964,36.21818527410964,36.36237179487179,,,,,,,,,,,,,,,,,,,,,,,,,,,,,,,,,,,,,,,,,,,,,,,,,,37.20453846153846,37.10306578533208,37.013789489223505,36.99756816182938,36.57513725490196,36.57513725490196,36.57513725490196,36.57403004572175,36.22727204783259,36.22727204783259,36.22727204783259,36.22727204783259,36.22727204783259,36.22727204783259,36.22727204783259,36.223777528928714,35.82777393576148,35.275178053136855,35.275178053136855,37.20453846153846,36.22727204783259,,,35.332745411865126,36.26134207779675,36.35848503232332,"rgba(38, 166, 154, 1.0)",0.9921716194905298,36.817766011554816,0.8085637330133674,62.08041378195601,6.402845190402587,True,False,True,False,True,8.891983294228115,0.0,0.0,0.0,0.0,0,1.1706886403766916,0.8455954483029234,False,False,False,False,0.24968241807992728,0.25799601133830813,False,False,False,False,499.0,58.923170023227314,False,False,False,False,16.53940118905988,False,False,False,False
2025-05-23 15:00:00+00:00,37.62,37.88,37.62,37.88,3.0,,,,,,,,,,,,,,,,,,,,,,,,,,,,,,,,,,,,,,,,,,,,,,,,,,,37.85259259259259,37.195775767543864,37.23705774278216,36.627878679109834,36.627878679109834,36.627878679109834,36.627878679109834,36.60392953020134,36.59794727553496,36.550467648942984,36.547484558040466,36.16663391557497,36.16663391557497,36.16663391557497,36.16663391557497,36.16663391557497,36.16663391557497,35.598445181428005,35.515538340017,35.33510606545144,35.33764461489294,35.67809225123741,35.6782804368228,35.67167590501608,35.67167590501608,35.67167590501608,35.805583153993304,35.805583153993304,35.805583153993304,35.805583153993304,35.805583153993304,35.805583153993304,35.924937149270484,35.924937149270484,35.924937149270484,35.924937149270484,35.924937149270484,35.924937149270484,36.218894055297234,36.218894055297234,36.36299694189602,,,,,,,,,,,,,,,,,,,,,,,,,,,,,,,,,,,,,,,,,,,,,,,,,,37.20903307888041,37.10501569365976,37.01585541813899,36.999662280701756,36.577521200260925,36.577521200260925,36.577521200260925,36.5764146023468,36.22990113784742,36.22990113784742,36.22990113784742,36.22990113784742,36.22990113784742,36.22990113784742,36.22990113784742,36.22640953978014,35.830488796807856,35.27770547563287,35.27770547563287,37.20903307888041,36.22990113784742,,,35.33510606545144,36.263321281016374,36.36106115406822,"rgba(38, 166, 154, 1.0)",0.9729066231130463,36.81978445044752,1.089740294048024,63.55565805848139,6.684418319827088,True,False,True,False,True,10.830756543253845,0.0,0.0,0.0,0.0,0,1.109870388833499,0.8594217347956132,False,False,False,False,0.27482725998778773,0.26641163566304793,False,False,False,False,502.0,65.79257823992145,False,False,False,False,16.329487992330268,False,False,False,False
2025-05-23 16:00:00+00:00,37.88,37.88,37.88,37.88,0.0,,,,,,,,,,,,,,,,,,,,,,,,,,,,,,,,,,,,,,,,,,,,,,,,,,,37.85259259259259,37.195775767543864,37.23705774278216,36.627878679109834,36.627878679109834,36.627878679109834,36.627878679109834,36.60392953020134,36.59794727553496,36.550467648942984,36.547484558040466,36.16663391557497,36.16663391557497,36.16663391557497,36.16663391557497,36.16663391557497,36.16663391557497,35.598445181428005,35.515538340017,35.33510606545144,35.33764461489294,35.67809225123741,35.6782804368228,35.67167590501608,35.67167590501608,35.67167590501608,35.805583153993304,35.805583153993304,35.805583153993304,35.805583153993304,35.805583153993304,35.805583153993304,35.924937149270484,35.924937149270484,35.924937149270484,35.924937149270484,35.924937149270484,35.924937149270484,36.218894055297234,36.218894055297234,36.36299694189602,,,,,,,,,,,,,,,,,,,,,,,,,,,,,,,,,,,,,,,,,,,,,,,,,,37.20903307888041,37.10501569365976,37.01585541813899,36.999662280701756,36.577521200260925,36.577521200260925,36.577521200260925,36.5764146023468,36.22990113784742,36.22990113784742,36.22990113784742,36.22990113784742,36.22990113784742,36.22990113784742,36.22990113784742,36.22640953978014,35.830488796807856,35.27770547563287,35.27770547563287,37.20903307888041,36.22990113784742,,,35.33510606545144,36.263321281016374,36.36106115406822,"rgba(38, 166, 154, 1.0)",0.9567174642005005,36.81978445044752,1.1081804077220132,64.53915424283164,7.808792378272329,True,False,True,False,True,10.830756543253834,0.0,0.0,0.0,0.0,0,1.128162929438387,0.8549681135568813,False,False,False,False,0.30031584326049465,0.2833637394617713,False,False,False,False,502.0,72.55548400364361,False,False,False,False,16.076317635860033,False,False,False,False
2025-05-23 17:00:00+00:00,37.88,37.88,37.88,37.88,0.0,,,,,,,,,,,,,,,,,,,,,,,,,,,,,,,,,,,,,,,,,,,,,,,,,,,37.85259259259259,37.195775767543864,37.23705774278216,36.627878679109834,36.627878679109834,36.627878679109834,36.627878679109834,36.60392953020134,36.59794727553496,36.550467648942984,36.547484558040466,36.16663391557497,36.16663391557497,36.16663391557497,36.16663391557497,36.16663391557497,36.16663391557497,35.598445181428005,35.515538340017,35.33510606545144,35.33764461489294,35.67809225123741,35.6782804368228,35.67167590501608,35.67167590501608,35.67167590501608,35.805583153993304,35.805583153993304,35.805583153993304,35.805583153993304,35.805583153993304,35.805583153993304,35.924937149270484,35.924937149270484,35.924937149270484,35.924937149270484,35.924937149270484,35.924937149270484,36.218894055297234,36.218894055297234,36.36299694189602,,,,,,,,,,,,,,,,,,,,,,,,,,,,,,,,,,,,,,,,,,,,,,,,,,37.20903307888041,37.10501569365976,37.01585541813899,36.999662280701756,36.577521200260925,36.577521200260925,36.577521200260925,36.5764146023468,36.22990113784742,36.22990113784742,36.22990113784742,36.22990113784742,36.22990113784742,36.22990113784742,36.22990113784742,36.22640953978014,35.830488796807856,35.27770547563287,35.27770547563287,37.20903307888041,36.22990113784742,,,35.33510606545144,36.263321281016374,36.36106115406822,"rgba(38, 166, 154, 1.0)",0.9425580394106156,36.81978445044752,1.1248278675925754,65.1948183657318,8.758266402885639,True,False,True,False,True,10.830756543253834,0.0,0.0,0.0,0.0,0,1.1293336101307867,0.8308075565704794,False,False,False,False,0.2990132022114618,0.2911884708366166,False,False,False,False,502.0,79.21353851521502,False,False,False,False,15.827072401195535,False,False,False,False
2025-05-23 18:00:00+00:00,37.88,37.88,37.88,37.88,0.0,,,,,,,,,,,,,,,,,,,,,,,,,,,,,,,,,,,,,,,,,,,,,,,,,,,37.85259259259259,37.195775767543864,37.23705774278216,36.627878679109834,36.627878679109834,36.627878679109834,36.627878679109834,36.60392953020134,36.59794727553496,36.550467648942984,36.547484558040466,36.16663391557497,36.16663391557497,36.16663391557497,36.16663391557497,36.16663391557497,36.16663391557497,35.598445181428005,35.515538340017,35.33510606545144,35.33764461489294,35.67809225123741,35.6782804368228,35.67167590501608,35.67167590501608,35.67167590501608,35.805583153993304,35.805583153993304,35.805583153993304,35.805583153993304,35.805583153993304,35.805583153993304,35.924937149270484,35.924937149270484,35.924937149270484,35.924937149270484,35.924937149270484,35.924937149270484,36.218894055297234,36.218894055297234,36.36299694189602,,,,,,,,,,,,,,,,,,,,,,,,,,,,,,,,,,,,,,,,,,,,,,,,,,37.20903307888041,37.10501569365976,37.01585541813899,36.999662280701756,36.577521200260925,36.577521200260925,36.577521200260925,36.5764146023468,36.22990113784742,36.22990113784742,36.22990113784742,36.22990113784742,36.22990113784742,36.22990113784742,36.22990113784742,36.22640953978014,35.830488796807856,35.27770547563287,35.27770547563287,37.20903307888041,36.22990113784742,,,35.33510606545144,36.263321281016374,36.36106115406822,"rgba(38, 166, 154, 1.0)",0.9123883024317748,36.81978445044752,1.1620222954708042,65.63192778099858,9.597165292236,True,False,True,False,True,10.830756543253845,0.0,0.0,0.0,0.0,0,1.1201992941664936,0.8308075565704794,False,False,False,False,0.2990132022114618,0.2951008365240392,False,False,False,False,502.0,85.76836737544426,False,False,False,False,15.581691433735138,False,False,False,False
2025-05-23 19:00:00+00:00,37.88,37.88,37.88,37.88,0.0,,,,,,,,,,,,,,,,,,,,,,,,,,,,,,,,,,,,,,,,,,,,,,,,,,,37.85259259259259,37.195775767543864,37.23705774278216,36.627878679109834,36.627878679109834,36.627878679109834,36.627878679109834,36.60392953020134,36.59794727553496,36.550467648942984,36.547484558040466,36.16663391557497,36.16663391557497,36.16663391557497,36.16663391557497,36.16663391557497,36.16663391557497,35.598445181428005,35.515538340017,35.33510606545144,35.33764461489294,35.67809225123741,35.6782804368228,35.67167590501608,35.67167590501608,35.67167590501608,35.805583153993304,35.805583153993304,35.805583153993304,35.805583153993304,35.805583153993304,35.805583153993304,35.924937149270484,35.924937149270484,35.924937149270484,35.924937149270484,35.924937149270484,35.924937149270484,36.218894055297234,36.218894055297234,36.36299694189602,,,,,,,,,,,,,,,,,,,,,,,,,,,,,,,,,,,,,,,,,,,,,,,,,,37.20903307888041,37.10501569365976,37.01585541813899,36.999662280701756,36.577521200260925,36.577521200260925,36.577521200260925,36.5764146023468,36.22990113784742,36.22990113784742,36.22990113784742,36.22990113784742,36.22990113784742,36.22990113784742,36.22990113784742,36.22640953978014,35.830488796807856,35.27770547563287,35.27770547563287,37.20903307888041,36.22990113784742,,,35.33510606545144,36.263321281016374,36.36106115406822,"rgba(38, 166, 154, 1.0)",0.8789566808704306,36.81978445044752,1.206220480061145,65.9233340578431,10.357966704360074,True,False,True,False,True,10.830756543253834,0.0,0.0,0.0,0.0,0,1.1201992941664936,0.8308075565704794,False,False,False,False,0.2990132022114618,0.29705701936775053,False,False,False,False,502.0,92.22157098202652,False,False,False,False,15.340114822359398,False,False,False,False
2025-05-26 14:00:00+00:00,37.88,37.88,37.88,37.88,0.0,,,,,,,,,,,,,,,,,,,,,,,,,,,,,,,,,,,,,,,,,,,,,,,,,,,37.85259259259259,37.195775767543864,37.23705774278216,36.627878679109834,36.627878679109834,36.627878679109834,36.627878679109834,36.60392953020134,36.59794727553496,36.550467648942984,36.547484558040466,36.16663391557497,36.16663391557497,36.16663391557497,36.16663391557497,36.16663391557497,36.16663391557497,35.598445181428005,35.515538340017,35.33510606545144,35.33764461489294,35.67809225123741,35.6782804368228,35.67167590501608,35.67167590501608,35.67167590501608,35.805583153993304,35.805583153993304,35.805583153993304,35.805583153993304,35.805583153993304,35.805583153993304,35.924937149270484,35.924937149270484,35.924937149270484,35.924937149270484,35.924937149270484,35.924937149270484,36.218894055297234,36.218894055297234,36.36299694189602,,,,,,,,,,,,,,,,,,,,,,,,,,,,,,,,,,,,,,,,,,,,,,,,,,37.20903307888041,37.10501569365976,37.01585541813899,36.999662280701756,36.577521200260925,36.577521200260925,36.577521200260925,36.5764146023468,36.22990113784742,36.22990113784742,36.22990113784742,36.22990113784742,36.22990113784742,36.22990113784742,36.22990113784742,36.22640953978014,35.830488796807856,35.27770547563287,35.27770547563287,37.20903307888041,36.22990113784742,,,35.33510606545144,36.263321281016374,36.36106115406822,"rgba(38, 166, 154, 1.0)",0.8418746670109916,36.81978445044752,1.259350816810644,66.11760490907278,11.055838051185006,True,False,True,False,True,10.830756543253834,0.0,0.0,0.0,0.0,0,1.1201992941664936,0.8308075565704794,False,False,False,False,0.2990132022114618,0.2980351107896062,False,False,False,False,502.0,98.57472492028967,False,False,False,False,15.102283584803438,False,False,False,False
2025-05-26 15:00:00+00:00,37.88,37.88,37.88,37.88,0.0,,,,,,,,,,,,,,,,,,,,,,,,,,,,,,,,,,,,,,,,,,,,,,,,,,,37.85259259259259,37.195775767543864,37.23705774278216,36.627878679109834,36.627878679109834,36.627878679109834,36.627878679109834,36.60392953020134,36.59794727553496,36.550467648942984,36.547484558040466,36.16663391557497,36.16663391557497,36.16663391557497,36.16663391557497,36.16663391557497,36.16663391557497,35.598445181428005,35.515538340017,35.33510606545144,35.33764461489294,35.67809225123741,35.6782804368228,35.67167590501608,35.67167590501608,35.67167590501608,35.805583153993304,35.805583153993304,35.805583153993304,35.805583153993304,35.805583153993304,35.805583153993304,35.924937149270484,35.924937149270484,35.924937149270484,35.924937149270484,35.924937149270484,35.924937149270484,36.218894055297234,36.218894055297234,36.36299694189602,,,,,,,,,,,,,,,,,,,,,,,,,,,,,,,,,,,,,,,,,,,,,,,,,,37.20903307888041,37.10501569365976,37.01585541813899,36.999662280701756,36.577521200260925,36.577521200260925,36.577521200260925,36.5764146023468,36.22990113784742,36.22990113784742,36.22990113784742,36.22990113784742,36.22990113784742,36.22990113784742,36.22990113784742,36.22640953978014,35.830488796807856,35.27770547563287,35.27770547563287,37.20903307888041,36.22990113784742,,,35.33510606545144,36.263321281016374,36.36106115406822,"rgba(38, 166, 154, 1.0)",0.8006352095296884,36.81978445044752,1.3242179920806585,66.24711880989257,11.6971755534193,True,False,True,False,True,10.830756543253834,0.0,0.0,0.0,0.0,0,1.1201992941664936,0.8308075565704794,False,False,False,False,0.2986439559053042,0.2983395333474552,False,False,False,False,502.0,104.82938034788208,False,False,False,False,14.868139653256097,False,False,False,False
2025-05-26 16:00:00+00:00,37.88,37.88,37.88,37.88,0.0,,,,,,,,,,,,,,,,,,,,,,,,,,,,,,,,,,,,,,,,,,,,,,,,,,,37.85259259259259,37.195775767543864,37.23705774278216,36.627878679109834,36.627878679109834,36.627878679109834,36.627878679109834,36.60392953020134,36.59794727553496,36.550467648942984,36.547484558040466,36.16663391557497,36.16663391557497,36.16663391557497,36.16663391557497,36.16663391557497,36.16663391557497,35.598445181428005,35.515538340017,35.33510606545144,35.33764461489294,35.67809225123741,35.6782804368228,35.67167590501608,35.67167590501608,35.67167590501608,35.805583153993304,35.805583153993304,35.805583153993304,35.805583153993304,35.805583153993304,35.805583153993304,35.924937149270484,35.924937149270484,35.924937149270484,35.924937149270484,35.924937149270484,35.924937149270484,36.218894055297234,36.218894055297234,36.36299694189602,,,,,,,,,,,,,,,,,,,,,,,,,,,,,,,,,,,,,,,,,,,,,,,,,,37.20903307888041,37.10501569365976,37.01585541813899,36.999662280701756,36.577521200260925,36.577521200260925,36.577521200260925,36.5764146023468,36.22990113784742,36.22990113784742,36.22990113784742,36.22990113784742,36.22990113784742,36.22990113784742,36.22990113784742,36.22640953978014,35.830488796807856,35.27770547563287,35.27770547563287,37.20903307888041,36.22990113784742,,,35.33510606545144,36.263321281016374,36.36106115406822,"rgba(38, 166, 154, 1.0)",0.7520871139880889,36.81978445044752,1.4096977994084767,66.3334614104391,12.284448729075386,True,False,True,False,True,10.830756543253834,0.0,0.0,0.0,0.0,0,1.1224878358366828,0.8275862068965515,False,False,False,False,0.2986439559053042,0.29849174462637973,False,False,False,False,502.0,110.98706437349631,False,False,False,False,14.637625860182359,False,False,False,False
2025-05-26 17:00:00+00:00,37.88,37.88,37.88,37.88,0.0,,,,,,,,,,,,,,,,,,,,,,,,,,,,,,,,,,,,,,,,,,,,,,,,,,,37.85259259259259,37.195775767543864,37.23705774278216,36.627878679109834,36.627878679109834,36.627878679109834,36.627878679109834,36.60392953020134,36.59794727553496,36.550467648942984,36.547484558040466,36.16663391557497,36.16663391557497,36.16663391557497,36.16663391557497,36.16663391557497,36.16663391557497,35.598445181428005,35.515538340017,35.33510606545144,35.33764461489294,35.67809225123741,35.6782804368228,35.67167590501608,35.67167590501608,35.67167590501608,35.805583153993304,35.805583153993304,35.805583153993304,35.805583153993304,35.805583153993304,35.805583153993304,35.924937149270484,35.924937149270484,35.924937149270484,35.924937149270484,35.924937149270484,35.924937149270484,36.218894055297234,36.218894055297234,36.36299694189602,,,,,,,,,,,,,,,,,,,,,,,,,,,,,,,,,,,,,,,,,,,,,,,,,,37.20903307888041,37.10501569365976,37.01585541813899,36.999662280701756,36.577521200260925,36.577521200260925,36.577521200260925,36.5764146023468,36.22990113784742,36.22990113784742,36.22990113784742,36.22990113784742,36.22990113784742,36.22990113784742,36.22990113784742,36.22640953978014,35.830488796807856,35.27770547563287,35.27770547563287,37.20903307888041,36.22990113784742,,,35.33510606545144,36.263321281016374,36.36106115406822,"rgba(38, 166, 154, 1.0)",0.714822336649377,36.81978445044752,1.4831874931638025,66.39102314413678,12.818810364727966,True,False,True,False,True,10.830756543253834,0.0,0.0,0.0,0.0,0,1.1224878358366828,0.8275862068965515,False,False,False,False,0.2986439559053042,0.298567850265842,False,False,False,False,502.0,117.04928042972116,False,False,False,False,14.410685924365579,False,False,False,False
2025-05-26 18:00:00+00:00,37.88,37.88,37.88,37.88,0.0,,,,,,,,,,,,,,,,,,,,,,,,,,,,,,,,,,,,,,,,,,,,,,,,,,,37.85259259259259,37.195775767543864,37.23705774278216,36.627878679109834,36.627878679109834,36.627878679109834,36.627878679109834,36.60392953020134,36.59794727553496,36.550467648942984,36.547484558040466,36.16663391557497,36.16663391557497,36.16663391557497,36.16663391557497,36.16663391557497,36.16663391557497,35.598445181428005,35.515538340017,35.33510606545144,35.33764461489294,35.67809225123741,35.6782804368228,35.67167590501608,35.67167590501608,35.67167590501608,35.805583153993304,35.805583153993304,35.805583153993304,35.805583153993304,35.805583153993304,35.805583153993304,35.924937149270484,35.924937149270484,35.924937149270484,35.924937149270484,35.924937149270484,35.924937149270484,36.218894055297234,36.218894055297234,36.36299694189602,,,,,,,,,,,,,,,,,,,,,,,,,,,,,,,,,,,,,,,,,,,,,,,,,,37.20903307888041,37.10501569365976,37.01585541813899,36.999662280701756,36.577521200260925,36.577521200260925,36.577521200260925,36.5764146023468,36.22990113784742,36.22990113784742,36.22990113784742,36.22990113784742,36.22990113784742,36.22990113784742,36.22990113784742,36.22640953978014,35.830488796807856,35.27770547563287,35.27770547563287,37.20903307888041,36.22990113784742,,,35.33510606545144,36.263321281016374,36.36106115406822,"rgba(38, 166, 154, 1.0)",0.6731479898329307,36.81978445044752,1.5750110905264936,66.42939763326856,13.301387853374052,True,False,True,False,True,10.830756543253834,0.0,0.0,0.0,0.0,0,1.1224878358366828,0.8275862068965515,False,False,False,False,0.2986439559053042,0.2986059030855731,False,False,False,False,502.0,123.01750864011308,False,False,False,False,14.187264437166112,False,False,False,False
2025-05-26 19:00:00+00:00,37.88,37.88,37.88,37.88,0.0,,,,,,,,,,,,,,,,,,,,,,,,,,,,,,,,,,,,,,,,,,,,,,,,,,,37.85259259259259,37.195775767543864,37.23705774278216,36.627878679109834,36.627878679109834,36.627878679109834,36.627878679109834,36.60392953020134,36.59794727553496,36.550467648942984,36.547484558040466,36.16663391557497,36.16663391557497,36.16663391557497,36.16663391557497,36.16663391557497,36.16663391557497,35.598445181428005,35.515538340017,35.33510606545144,35.33764461489294,35.67809225123741,35.6782804368228,35.67167590501608,35.67167590501608,35.67167590501608,35.805583153993304,35.805583153993304,35.805583153993304,35.805583153993304,35.805583153993304,35.805583153993304,35.924937149270484,35.924937149270484,35.924937149270484,35.924937149270484,35.924937149270484,35.924937149270484,36.218894055297234,36.218894055297234,36.36299694189602,,,,,,,,,,,,,,,,,,,,,,,,,,,,,,,,,,,,,,,,,,,,,,,,,,37.20903307888041,37.10501569365976,37.01585541813899,36.999662280701756,36.577521200260925,36.577521200260925,36.577521200260925,36.5764146023468,36.22990113784742,36.22990113784742,36.22990113784742,36.22990113784742,36.22990113784742,36.22990113784742,36.22990113784742,36.22640953978014,35.830488796807856,35.27770547563287,35.27770547563287,37.20903307888041,36.22990113784742,,,35.33510606545144,36.263321281016374,36.36106115406822,"rgba(38, 166, 154, 1.0)",0.6547268738024856,36.81978445044752,1.6193249307073978,66.45498062602309,13.733822857738062,True,False,True,False,True,10.830756543253834,0.0,0.0,0.0,0.0,0,1.1224878358366828,0.8275862068965515,False,False,False,False,0.2986439559053042,0.2986249294954386,False,False,False,False,502.0,128.89320618057644,False,False,False,False,13.967306848992994,False,False,False,False
2025-05-27 14:00:00+00:00,37.88,37.88,37.88,37.88,0.0,,,,,,,,,,,,,,,,,,,,,,,,,,,,,,,,,,,,,,,,,,,,,,,,,,,37.85259259259259,37.195775767543864,37.23705774278216,36.627878679109834,36.627878679109834,36.627878679109834,36.627878679109834,36.60392953020134,36.59794727553496,36.550467648942984,36.547484558040466,36.16663391557497,36.16663391557497,36.16663391557497,36.16663391557497,36.16663391557497,36.16663391557497,35.598445181428005,35.515538340017,35.33510606545144,35.33764461489294,35.67809225123741,35.6782804368228,35.67167590501608,35.67167590501608,35.67167590501608,35.805583153993304,35.805583153993304,35.805583153993304,35.805583153993304,35.805583153993304,35.805583153993304,35.924937149270484,35.924937149270484,35.924937149270484,35.924937149270484,35.924937149270484,35.924937149270484,36.218894055297234,36.218894055297234,36.36299694189602,,,,,,,,,,,,,,,,,,,,,,,,,,,,,,,,,,,,,,,,,,,,,,,,,,37.20903307888041,37.10501569365976,37.01585541813899,36.999662280701756,36.577521200260925,36.577521200260925,36.577521200260925,36.5764146023468,36.22990113784742,36.22990113784742,36.22990113784742,36.22990113784742,36.22990113784742,36.22990113784742,36.22990113784742,36.22640953978014,35.830488796807856,35.27770547563287,35.27770547563287,37.20903307888041,36.22990113784742,,,35.33510606545144,36.263321281016374,36.36106115406822,"rgba(38, 166, 154, 1.0)",0.6343230768036583,36.81978445044752,1.671412547206838,66.4720359545261,14.11840425155225,True,False,True,False,True,10.830756543253834,0.0,0.0,0.0,0.0,0,1.1234804862444017,0.8342930262316056,False,False,False,False,0.2986439559053042,0.2986344427003714,False,False,False,False,502.0,134.67780763514114,False,False,False,False,13.75075945598535,False,False,False,False
2025-05-27 15:00:00+00:00,37.88,38.47,37.88,38.39,14.0,,,,,,,,,,,,,,,,,,,,,,,,,,,,,,,,,,,,,,,,,,,,,,,,,,,37.98715447154471,37.21942926045017,37.25883667180278,36.6439860222696,36.6439860222696,36.6439860222696,36.6439860222696,36.61922096631205,36.61308306010928,36.565544973544974,36.56255013721765,36.18240881184544,36.18240881184544,36.18240881184544,36.18240881184544,36.18240881184544,36.18240881184544,35.61283210451428,35.5294069640914,35.34808341292582,35.35060239686075,35.68726573129252,35.68745090538129,35.67905561241897,35.67905561241897,35.67905561241897,35.81169677996422,35.81169677996422,35.81169677996422,35.81169677996422,35.81169677996422,35.81169677996422,35.93039637218677,35.93039637218677,35.93039637218677,35.93039637218677,35.93039637218677,35.93039637218677,36.223143242029636,36.223143242029636,36.366829433706336,,,,,,,,,,,,,,,,,,,,,,,,,,,,,,,,,,,,,,,,,,,,,,,,,,37.24472563472563,37.11986988847583,37.03089150668993,37.014790583477755,36.59262658909717,36.59262658909717,36.59262658909717,36.5915202411714,36.24557838238017,36.24557838238017,36.24557838238017,36.24557838238017,36.24557838238017,36.24557838238017,36.24557838238017,36.24209650582363,35.84596294602012,35.29154678654678,35.29154678654678,37.24472563472563,36.24557838238017,,,35.34808341292582,36.28279876964147,36.37736206965423,"rgba(38, 166, 154, 1.0)",0.6359828741531549,37.009680058295785,2.1703728163155094,72.68237222403737,20.037068844030486,True,False,True,False,True,15.213630602900697,0.0,0.0,0.0,0.0,0,1.114398833090227,0.8135028130860594,False,False,False,False,0.3428282338129574,0.32073133825666444,False,False,False,False,516.0,140.5897796097901,False,False,False,False,13.754623650466197,False,False,False,False
2025-05-27 16:00:00+00:00,38.39,38.39,38.39,38.39,0.0,,,,,,,,,,,,,,,,,,,,,,,,,,,,,,,,,,,,,,,,,,,,,,,,,,,37.98715447154471,37.21942926045017,37.25883667180278,36.6439860222696,36.6439860222696,36.6439860222696,36.6439860222696,36.61922096631205,36.61308306010928,36.565544973544974,36.56255013721765,36.18240881184544,36.18240881184544,36.18240881184544,36.18240881184544,36.18240881184544,36.18240881184544,35.61283210451428,35.5294069640914,35.34808341292582,35.35060239686075,35.68726573129252,35.68745090538129,35.67905561241897,35.67905561241897,35.67905561241897,35.81169677996422,35.81169677996422,35.81169677996422,35.81169677996422,35.81169677996422,35.81169677996422,35.93039637218677,35.93039637218677,35.93039637218677,35.93039637218677,35.93039637218677,35.93039637218677,36.223143242029636,36.223143242029636,36.366829433706336,,,,,,,,,,,,,,,,,,,,,,,,,,,,,,,,,,,,,,,,,,,,,,,,,,37.24472563472563,37.11986988847583,37.03089150668993,37.014790583477755,36.59262658909717,36.59262658909717,36.59262658909717,36.5915202411714,36.24557838238017,36.24557838238017,36.24557838238017,36.24557838238017,36.24557838238017,36.24557838238017,36.24557838238017,36.24209650582363,35.84596294602012,35.29154678654678,35.29154678654678,37.24472563472563,36.24557838238017,,,35.34808341292582,36.28279876964147,36.37736206965423,"rgba(38, 166, 154, 1.0)",0.6361547774722673,37.009680058295785,2.169786332799158,76.82259640371154,23.682412867636387,True,False,True,False,True,15.213630602900697,0.0,0.0,0.0,0.0,0,1.1376612391626135,0.8272362021569041,False,False,False,False,0.3428282349755621,0.3317797866161133,False,False,False,False,516.0,146.41009310421197,False,False,False,False,13.541373671389202,False,False,False,False
2025-05-27 17:00:00+00:00,38.39,38.54,38.39,38.42,101.0,,,,,,,,,,,,,,,,,,,,,,,,,,,,,,,,,,,,,,,,,,,,,,,,,,38.45,38.316361502347426,37.391334716459205,37.41924666666668,36.764945844385494,36.764945844385494,36.764945844385494,36.764945844385494,36.73442886812045,36.727184296842964,36.67910700079554,36.67602182539682,36.30003937681904,36.30003937681904,36.30003937681904,36.30003937681904,36.30003937681904,36.30003937681904,35.7198350759273,35.6326189643107,35.444719309068475,35.44710028771064,35.7566604493078,35.756823719542524,35.73518585372376,35.73518585372376,35.73518585372376,35.85851959233879,35.85851959233879,35.85851959233879,35.85851959233879,35.85851959233879,35.85851959233879,35.972424442609416,35.972424442609416,35.972424442609416,35.972424442609416,35.972424442609416,35.972424442609416,36.25630639929225,36.25630639929225,36.39696409815716,,,,,,,,,,,,,,,,,,,,,,,,,,,,,,,,,,,,,,,,,,,,,,,,,,37.484356955380576,37.23401019541206,37.14583132852178,37.13029349269588,36.70645833333333,36.70645833333333,36.70645833333333,36.70535071760662,36.36263757448301,36.36263757448301,36.36263757448301,36.36263757448301,36.36263757448301,36.36263757448301,36.36263757448301,36.359217436974795,35.96096414516834,35.39431862113401,35.39431862113401,37.484356955380576,36.36263757448301,,,35.444719309068475,36.50986592698706,36.49823681765312,"rgba(38, 166, 154, 1.0)",0.6355532455489584,37.241254927825985,1.8546755609058017,79.7798595407158,26.15283373249953,True,False,True,False,True,15.462699866258589,0.0,0.0,0.0,0.0,0,1.1220844715276317,0.8220214330741752,False,False,False,False,0.3428282353508485,0.3373040109834809,False,False,False,False,617.0,153.70606065298387,False,False,False,False,14.897321366406423,False,False,False,False
2025-05-27 18:00:00+00:00,38.42,38.5,38.22,38.5,18.0,,,,,,,,,,,,,,,,,,,,,,,,,,,,,,,,,,,,,,,,,,,,,,,,,,38.44344537815127,38.32652083333333,37.41599865047234,37.442389322916675,36.78431083442551,36.78431083442551,36.78431083442551,36.78431083442551,36.75297494352022,36.745572789943225,36.69746359700905,36.69436788378484,36.319336726039026,36.319336726039026,36.319336726039026,36.319336726039026,36.319336726039026,36.319336726039026,35.737773862512356,35.649980876216965,35.461073619631904,35.4634314326589,35.768470330940005,35.76862995049506,35.744795496935794,35.744795496935794,35.744795496935794,35.866553687160625,35.866553687160625,35.866553687160625,35.866553687160625,35.866553687160625,35.866553687160625,35.979639387452664,35.979639387452664,35.979639387452664,35.979639387452664,35.979639387452664,35.979639387452664,36.26199852941177,36.26199852941177,36.40213190476191,,,,,,,,,,,,,,,,,,,,,,,,,,,,,,,,,,,,,,,,,,,,,,,,,,37.51591888466413,37.25167364016736,37.16377206851119,37.14834118879287,36.72482793117246,36.72482793117246,36.72482793117246,36.72372125574884,36.38180034722223,36.38180034722223,36.38180034722223,36.38180034722223,36.38180034722223,36.38180034722223,36.38180034722223,36.37839229968783,35.98006290672451,35.4116864189622,35.4116864189622,37.51591888466413,36.38180034722223,,,35.461073619631904,36.526646106498326,36.517491647699686,"rgba(38, 166, 154, 1.0)",0.635366107130349,37.2572460223354,1.9559651730205376,82.25880683880573,28.2173882789388,True,False,True,False,True,16.130050800502467,0.0,0.0,0.0,0.0,0,1.140851063829787,0.8214893617021275,False,False,False,False,0.3229392075565314,0.3301216092700061,False,False,False,False,635.0,161.1679821932477,False,False,False,False,14.945424911113301,False,False,False,False
2025-05-27 19:00:00+00:00,38.5,38.51,38.22,38.24,24.0,,,,,,,,,,,,,,,,,,,,,,,,,,,,,,,,,,,,,,,,,,,,,,,,,,38.42328671328672,38.32610507246377,37.444464052287586,37.46908459595961,36.808140860215055,36.808140860215055,36.808140860215055,36.808140860215055,36.77585812588544,36.7682743804956,36.72017656189367,36.71707123499806,36.34351768057651,36.34351768057651,36.34351768057651,36.34351768057651,36.34351768057651,36.34351768057651,35.76058762254901,35.67210517241379,35.48199147381242,35.48431933455062,35.78356181803266,35.783716781496075,35.757103553434106,35.757103553434106,35.757103553434106,35.87683847898134,35.87683847898134,35.87683847898134,35.87683847898134,35.87683847898134,35.87683847898134,35.98886501558144,35.98886501558144,35.98886501558144,35.98886501558144,35.98886501558144,35.98886501558144,36.26924824150059,36.26924824150059,36.40869637433561,,,,,,,,,,,,,,,,,,,,,,,,,,,,,,,,,,,,,,,,,,,,,,,,,,37.55115151515151,37.27277276456111,37.18536203775536,37.17008352608583,36.747528599605516,36.747528599605516,36.747528599605516,36.74642420658387,36.405769890260636,36.405769890260636,36.405769890260636,36.405769890260636,36.405769890260636,36.405769890260636,36.405769890260636,36.402379239465574,36.0042099613568,35.433898601398596,35.433898601398596,37.55115151515151,36.405769890260636,,,35.48199147381242,36.54645504071514,36.54121870970517,"rgba(38, 166, 154, 0.75)",0.6278602874369603,37.27404269928767,1.5384908395075374,75.7683982293779,30.562412268849343,True,False,True,False,False,12.863924180438385,0.0,0.0,0.0,0.0,0,1.1391340899537619,0.7990752416981923,False,False,False,False,0.32388061377787897,0.3270011115239425,False,False,False,False,611.0,168.1421220042051,False,False,False,False,15.085805920243327,False,False,False,False
2025-05-28 14:00:00+00:00,38.24,38.24,38.24,38.24,0.0,,,,,,,,,,,,,,,,,,,,,,,,,,,,,,,,,,,,,,,,,,,,,,,,,,38.42328671328672,38.32610507246377,37.444464052287586,37.46908459595961,36.808140860215055,36.808140860215055,36.808140860215055,36.808140860215055,36.77585812588544,36.7682743804956,36.72017656189367,36.71707123499806,36.34351768057651,36.34351768057651,36.34351768057651,36.34351768057651,36.34351768057651,36.34351768057651,35.76058762254901,35.67210517241379,35.48199147381242,35.48431933455062,35.78356181803266,35.783716781496075,35.757103553434106,35.757103553434106,35.757103553434106,35.87683847898134,35.87683847898134,35.87683847898134,35.87683847898134,35.87683847898134,35.87683847898134,35.98886501558144,35.98886501558144,35.98886501558144,35.98886501558144,35.98886501558144,35.98886501558144,36.26924824150059,36.26924824150059,36.40869637433561,,,,,,,,,,,,,,,,,,,,,,,,,,,,,,,,,,,,,,,,,,,,,,,,,,37.55115151515151,37.27277276456111,37.18536203775536,37.17008352608583,36.747528599605516,36.747528599605516,36.747528599605516,36.74642420658387,36.405769890260636,36.405769890260636,36.405769890260636,36.405769890260636,36.405769890260636,36.405769890260636,36.405769890260636,36.402379239465574,36.0042099613568,35.433898601398596,35.433898601398596,37.55115151515151,36.405769890260636,,,35.48199147381242,36.54645504071514,36.54121870970517,"rgba(38, 166, 154, 0.75)",0.6189318901822433,37.27404269928767,1.5606843273625932,71.441459156426,26.958067648560686,True,False,True,False,False,12.863924180438385,0.0,0.0,0.0,0.0,0,1.14006309148265,0.810935856992639,False,False,False,False,0.3005064834622353,0.3137537974930889,False,False,False,False,611.0,175.008135616543,False,False,False,False,14.851917456363585,False,False,False,False
2025-05-28 15:00:00+00:00,38.24,38.24,38.24,38.24,0.0,,,,,,,,,,,,,,,,,,,,,,,,,,,,,,,,,,,,,,,,,,,,,,,,,,38.42328671328672,38.32610507246377,37.444464052287586,37.46908459595961,36.808140860215055,36.808140860215055,36.808140860215055,36.808140860215055,36.77585812588544,36.7682743804956,36.72017656189367,36.71707123499806,36.34351768057651,36.34351768057651,36.34351768057651,36.34351768057651,36.34351768057651,36.34351768057651,35.76058762254901,35.67210517241379,35.48199147381242,35.48431933455062,35.78356181803266,35.783716781496075,35.757103553434106,35.757103553434106,35.757103553434106,35.87683847898134,35.87683847898134,35.87683847898134,35.87683847898134,35.87683847898134,35.87683847898134,35.98886501558144,35.98886501558144,35.98886501558144,35.98886501558144,35.98886501558144,35.98886501558144,36.26924824150059,36.26924824150059,36.40869637433561,,,,,,,,,,,,,,,,,,,,,,,,,,,,,,,,,,,,,,,,,,,,,,,,,,37.55115151515151,37.27277276456111,37.18536203775536,37.17008352608583,36.747528599605516,36.747528599605516,36.747528599605516,36.74642420658387,36.405769890260636,36.405769890260636,36.405769890260636,36.405769890260636,36.405769890260636,36.405769890260636,36.405769890260636,36.402379239465574,36.0042099613568,35.433898601398596,35.433898601398596,37.55115151515151,36.405769890260636,,,35.48199147381242,36.54645504071514,36.54121870970517,"rgba(38, 166, 154, 0.75)",0.6085183008935723,37.27404269928767,1.5873923582805693,68.55683310779142,24.603700314808634,True,False,True,False,False,12.863924180438374,0.0,0.0,0.0,0.0,0,1.1394321766561515,0.810935856992639,False,False,False,False,0.3005064834622353,0.3071301404776621,False,False,False,False,611.0,181.7676994054338,False,False,False,False,14.621655170218412,False,False,False,False
2025-05-28 16:00:00+00:00,38.24,38.24,38.24,38.24,0.0,,,,,,,,,,,,,,,,,,,,,,,,,,,,,,,,,,,,,,,,,,,,,,,,,,38.42328671328672,38.32610507246377,37.444464052287586,37.46908459595961,36.808140860215055,36.808140860215055,36.808140860215055,36.808140860215055,36.77585812588544,36.7682743804956,36.72017656189367,36.71707123499806,36.34351768057651,36.34351768057651,36.34351768057651,36.34351768057651,36.34351768057651,36.34351768057651,35.76058762254901,35.67210517241379,35.48199147381242,35.48431933455062,35.78356181803266,35.783716781496075,35.757103553434106,35.757103553434106,35.757103553434106,35.87683847898134,35.87683847898134,35.87683847898134,35.87683847898134,35.87683847898134,35.87683847898134,35.98886501558144,35.98886501558144,35.98886501558144,35.98886501558144,35.98886501558144,35.98886501558144,36.26924824150059,36.26924824150059,36.40869637433561,,,,,,,,,,,,,,,,,,,,,,,,,,,,,,,,,,,,,,,,,,,,,,,,,,37.55115151515151,37.27277276456111,37.18536203775536,37.17008352608583,36.747528599605516,36.747528599605516,36.747528599605516,36.74642420658387,36.405769890260636,36.405769890260636,36.405769890260636,36.405769890260636,36.405769890260636,36.405769890260636,36.405769890260636,36.402379239465574,36.0042099613568,35.433898601398596,35.433898601398596,37.55115151515151,36.405769890260636,,,35.48199147381242,36.54645504071514,36.54121870970517,"rgba(38, 166, 154, 0.75)",0.6095461167691453,37.27404269928767,1.584715699334316,66.63374907536836,22.97041557487202,True,False,True,False,False,12.863924180438374,0.0,0.0,0.0,0.0,0,1.1397260273972603,0.8105374077976815,False,False,False,False,0.3005064834622353,0.3038183119699487,False,False,False,False,611.0,188.42246375573717,False,False,False,False,14.394962841997971,False,False,False,False
2025-05-28 17:00:00+00:00,38.24,38.37,38.24,38.37,3.0,,,,,,,,,,,,,,,,,,,,,,,,,,,,,,,,,,,,,,,,,,,,,,,,,,38.421301369863016,38.32611408199644,37.44791015625,37.47232075471699,36.811074264863706,36.811074264863706,36.811074264863706,36.811074264863706,36.77867777777777,36.77107221224815,36.72297695138485,36.719870531400964,36.34650435073628,36.34650435073628,36.34650435073628,36.34650435073628,36.34650435073628,36.34650435073628,35.76341473864609,35.674848432655864,35.48458777000304,35.486911928651054,35.785438186587974,35.785592574379166,35.7586357914265,35.7586357914265,35.7586357914265,35.87811976987449,35.87811976987449,35.87811976987449,35.87811976987449,35.87811976987449,35.87811976987449,35.99001475409837,35.99001475409837,35.99001475409837,35.99001475409837,35.99001475409837,35.99001475409837,36.27015233631171,36.27015233631171,36.40951520326361,,,,,,,,,,,,,,,,,,,,,,,,,,,,,,,,,,,,,,,,,,,,,,,,,,37.55535864978903,37.275360065466444,37.18801212590299,37.17275256410256,36.75032683599134,36.75032683599134,36.75032683599134,36.74922274695002,36.408729669577134,36.408729669577134,36.408729669577134,36.408729669577134,36.408729669577134,36.408729669577134,36.408729669577134,36.4053412006157,36.00719768439107,35.43665449348999,35.43665449348999,37.55535864978903,36.408729669577134,,,35.48458777000304,36.54891985687442,36.544139064169045,"rgba(38, 166, 154, 0.75)",0.6122879997145694,37.27616138558865,1.7864773030359273,67.62446707424,22.97041557487202,True,False,True,False,False,14.048121841390639,0.0,0.0,0.0,0.0,0,1.1396812080536913,0.8059983221476509,False,False,False,False,0.3126197656495233,0.308219038809736,False,False,False,False,614.0,195.0205650928575,False,False,False,False,14.21829675142436,False,False,False,False
2025-05-28 18:00:00+00:00,38.37,38.37,38.37,38.37,0.0,,,,,,,,,,,,,,,,,,,,,,,,,,,,,,,,,,,,,,,,,,,,,,,,,,38.421301369863016,38.32611408199644,37.44791015625,37.47232075471699,36.811074264863706,36.811074264863706,36.811074264863706,36.811074264863706,36.77867777777777,36.77107221224815,36.72297695138485,36.719870531400964,36.34650435073628,36.34650435073628,36.34650435073628,36.34650435073628,36.34650435073628,36.34650435073628,35.76341473864609,35.674848432655864,35.48458777000304,35.486911928651054,35.785438186587974,35.785592574379166,35.7586357914265,35.7586357914265,35.7586357914265,35.87811976987449,35.87811976987449,35.87811976987449,35.87811976987449,35.87811976987449,35.87811976987449,35.99001475409837,35.99001475409837,35.99001475409837,35.99001475409837,35.99001475409837,35.99001475409837,36.27015233631171,36.27015233631171,36.40951520326361,,,,,,,,,,,,,,,,,,,,,,,,,,,,,,,,,,,,,,,,,,,,,,,,,,37.55535864978903,37.275360065466444,37.18801212590299,37.17275256410256,36.75032683599134,36.75032683599134,36.75032683599134,36.74922274695002,36.408729669577134,36.408729669577134,36.408729669577134,36.408729669577134,36.408729669577134,36.408729669577134,36.408729669577134,36.4053412006157,36.00719768439107,35.43665449348999,35.43665449348999,37.55535864978903,36.408729669577134,,,35.48458777000304,36.54891985687442,36.544139064169045,"rgba(38, 166, 154, 0.75)",0.6141503322725654,37.27616138558865,1.7810600384498223,68.28494574015443,22.97041557487202,True,False,True,False,False,14.048121841390639,0.0,0.0,0.0,0.0,0,1.1451342281879193,0.8053691275167784,False,False,False,False,0.324822575136851,0.3165208069732935,False,False,False,False,614.0,201.5163702852163,False,False,False,False,13.997858042099951,False,False,False,False
2025-05-28 19:00:00+00:00,38.37,38.37,38.37,38.37,0.0,,,,,,,,,,,,,,,,,,,,,,,,,,,,,,,,,,,,,,,,,,,,,,,,,,38.421301369863016,38.32611408199644,37.44791015625,37.47232075471699,36.811074264863706,36.811074264863706,36.811074264863706,36.811074264863706,36.77867777777777,36.77107221224815,36.72297695138485,36.719870531400964,36.34650435073628,36.34650435073628,36.34650435073628,36.34650435073628,36.34650435073628,36.34650435073628,35.76341473864609,35.674848432655864,35.48458777000304,35.486911928651054,35.785438186587974,35.785592574379166,35.7586357914265,35.7586357914265,35.7586357914265,35.87811976987449,35.87811976987449,35.87811976987449,35.87811976987449,35.87811976987449,35.87811976987449,35.99001475409837,35.99001475409837,35.99001475409837,35.99001475409837,35.99001475409837,35.99001475409837,36.27015233631171,36.27015233631171,36.40951520326361,,,,,,,,,,,,,,,,,,,,,,,,,,,,,,,,,,,,,,,,,,,,,,,,,,37.55535864978903,37.275360065466444,37.18801212590299,37.17275256410256,36.75032683599134,36.75032683599134,36.75032683599134,36.74922274695002,36.408729669577134,36.408729669577134,36.408729669577134,36.408729669577134,36.408729669577134,36.408729669577134,36.408729669577134,36.4053412006157,36.00719768439107,35.43665449348999,35.43665449348999,37.55535864978903,36.408729669577134,,,35.48458777000304,36.54891985687442,36.544139064169045,"rgba(38, 166, 154, 0.75)",0.6151411029808092,37.27616138558865,1.77819139236656,68.72526485076405,22.97041557487202,True,False,True,False,False,14.048121841390639,0.0,0.0,0.0,0.0,0,1.1451342281879193,0.8053691275167784,False,False,False,False,0.324822575136851,0.3206716910550722,False,False,False,False,614.0,207.91146531955403,False,False,False,False,13.780836987183672,False,False,False,False
2025-05-29 14:00:00+00:00,38.37,38.37,38.37,38.37,0.0,,,,,,,,,,,,,,,,,,,,,,,,,,,,,,,,,,,,,,,,,,,,,,,,,,38.421301369863016,38.32611408199644,37.44791015625,37.47232075471699,36.811074264863706,36.811074264863706,36.811074264863706,36.811074264863706,36.77867777777777,36.77107221224815,36.72297695138485,36.719870531400964,36.34650435073628,36.34650435073628,36.34650435073628,36.34650435073628,36.34650435073628,36.34650435073628,35.76341473864609,35.674848432655864,35.48458777000304,35.486911928651054,35.785438186587974,35.785592574379166,35.7586357914265,35.7586357914265,35.7586357914265,35.87811976987449,35.87811976987449,35.87811976987449,35.87811976987449,35.87811976987449,35.87811976987449,35.99001475409837,35.99001475409837,35.99001475409837,35.99001475409837,35.99001475409837,35.99001475409837,36.27015233631171,36.27015233631171,36.40951520326361,,,,,,,,,,,,,,,,,,,,,,,,,,,,,,,,,,,,,,,,,,,,,,,,,,37.55535864978903,37.275360065466444,37.18801212590299,37.17275256410256,36.75032683599134,36.75032683599134,36.75032683599134,36.74922274695002,36.408729669577134,36.408729669577134,36.408729669577134,36.408729669577134,36.408729669577134,36.408729669577134,36.408729669577134,36.4053412006157,36.00719768439107,35.43665449348999,35.43665449348999,37.55535864978903,36.408729669577134,,,35.48458777000304,36.54891985687442,36.544139064169045,"rgba(38, 166, 154, 0.75)",0.6152645223253982,37.27616138558865,1.7778346950303148,69.01881092450378,22.97041557487202,True,False,True,False,False,14.048121841390628,0.0,0.0,0.0,0.0,0,1.1471401233255367,0.8165001063151179,False,False,False,False,0.324822575136851,0.3227471330959616,False,False,False,False,614.0,214.20741159366946,False,False,False,False,13.567180599785475,False,False,False,False
2025-05-29 15:00:00+00:00,38.37,38.37,38.37,38.37,0.0,,,,,,,,,,,,,,,,,,,,,,,,,,,,,,,,,,,,,,,,,,,,,,,,,,38.421301369863016,38.32611408199644,37.44791015625,37.47232075471699,36.811074264863706,36.811074264863706,36.811074264863706,36.811074264863706,36.77867777777777,36.77107221224815,36.72297695138485,36.719870531400964,36.34650435073628,36.34650435073628,36.34650435073628,36.34650435073628,36.34650435073628,36.34650435073628,35.76341473864609,35.674848432655864,35.48458777000304,35.486911928651054,35.785438186587974,35.785592574379166,35.7586357914265,35.7586357914265,35.7586357914265,35.87811976987449,35.87811976987449,35.87811976987449,35.87811976987449,35.87811976987449,35.87811976987449,35.99001475409837,35.99001475409837,35.99001475409837,35.99001475409837,35.99001475409837,35.99001475409837,36.27015233631171,36.27015233631171,36.40951520326361,,,,,,,,,,,,,,,,,,,,,,,,,,,,,,,,,,,,,,,,,,,,,,,,,,37.55535864978903,37.275360065466444,37.18801212590299,37.17275256410256,36.75032683599134,36.75032683599134,36.75032683599134,36.74922274695002,36.408729669577134,36.408729669577134,36.408729669577134,36.408729669577134,36.408729669577134,36.408729669577134,36.408729669577134,36.4053412006157,36.00719768439107,35.43665449348999,35.43665449348999,37.55535864978903,36.408729669577134,,,35.48458777000304,36.54891985687442,36.544139064169045,"rgba(38, 166, 154, 1.0)",0.6229695088917883,37.27616138558865,1.7558461510535177,69.21450830699695,22.97041557487202,True,False,True,False,True,14.048121841390618,0.0,0.0,0.0,0.0,0,1.1350419987077318,0.8270514753392202,False,False,False,False,0.324822575136851,0.3237848541164063,False,False,False,False,614.0,220.40574629764356,False,False,False,False,13.356836714517483,False,False,False,False
2025-05-29 16:00:00+00:00,38.37,38.37,38.0,38.01,189.0,,,,,,,,,,,,,,,,,,,,,,,,,,,,,,,,,,,,,,,,,,,,,,,,,,38.25507462686567,38.22585992907801,37.58195924764891,37.59800304878049,36.953810753922696,36.953810753922696,36.953810753922696,36.953810753922696,36.91721497190502,36.90881810035842,36.861876090750435,36.85878613723441,36.50076876050742,36.50076876050742,36.50076876050742,36.50076876050742,36.50076876050742,36.50076876050742,35.91679887820512,35.824717011642946,35.62824510932106,35.630360360360356,35.889431649040354,35.88955474624062,35.84437484035761,35.84437484035761,35.84437484035761,35.94984556962026,35.94984556962026,35.94984556962026,35.94984556962026,35.94984556962026,35.94984556962026,36.05422642709494,36.05422642709494,36.05422642709494,36.05422642709494,36.05422642709494,36.05422642709494,36.32016391106044,36.32016391106044,36.454490484109385,,,,,,,,,,,,,,,,,,,,,,,,,,,,,,,,,,,,,,,,,,,,,,,,,,37.700880503144646,37.389390503189226,37.30779990997074,37.29383366912917,36.888545873184555,36.888545873184555,36.888545873184555,36.887479199858376,36.560738139825226,36.560738139825226,36.560738139825226,36.560738139825226,36.560738139825226,36.560738139825226,36.560738139825226,36.557507015902715,36.166094803649344,35.5889649490713,35.5889649490713,37.700880503144646,36.560738139825226,,,35.62824510932106,36.66603721306099,36.68798526849037,"rgba(38, 166, 154, 0.5)",0.6061362793869495,37.35575369527647,1.0793716313850048,58.26304406226133,13.885203308808975,False,False,True,False,False,9.135766201212924,0.0,0.0,0.0,0.0,0,1.1387746265425414,0.8257198527819873,False,False,False,False,0.29032337155350174,0.307054112834954,False,False,False,False,425.0,223.57775023101343,False,False,False,False,16.079986532897056,False,False,False,False
2025-05-29 17:00:00+00:00,38.01,38.1,38.01,38.1,9.0,,,,,,,,,,,,,,,,,,,,,,,,,,,,,,,,,,,,,,,,,,,,,,,,,,38.25023255813954,38.22221645021644,37.58650621118013,37.602280966767374,36.95954787740339,36.95954787740339,36.95954787740339,36.95954787740339,36.922829184704185,36.91440966648832,36.86754212263332,36.86445484486046,36.50721765601219,36.50721765601219,36.50721765601219,36.50721765601219,36.50721765601219,36.50721765601219,35.92343318498231,35.8312334730732,35.63455093256815,35.63665710735111,35.89403416197624,35.89415592028138,35.84820552049469,35.84820552049469,35.84820552049469,35.95306117290193,35.95306117290193,35.95306117290193,35.95306117290193,35.95306117290193,35.95306117290193,36.05710701810099,36.05710701810099,36.05710701810099,36.05710701810099,36.05710701810099,36.05710701810099,36.32240569395019,36.32240569395019,36.456502883506346,,,,,,,,,,,,,,,,,,,,,,,,,,,,,,,,,,,,,,,,,,,,,,,,,,37.70530403905903,37.39370422535211,37.31240380313199,37.2984968847352,36.894168870086375,36.894168870086375,36.894168870086375,36.89310429880197,36.56707070707071,36.56707070707071,36.56707070707071,36.56707070707071,36.56707070707071,36.56707070707071,36.56707070707071,36.5638472286912,36.1728675889328,35.59563639079772,35.59563639079772,37.70530403905903,36.56707070707071,,,35.63455093256815,36.670969590056146,36.693842232108096,#000000,0.5888246041176247,37.359037891435406,1.2583749105982998,53.474247011715775,9.734573868369473,False,True,False,False,False,10.04979420426804,0.0,0.0,0.0,0.0,0,1.1386672417511319,0.8315721371576449,False,False,False,False,0.26648111047659523,0.2867676116557746,False,False,False,False,434.0,226.8401106925481,False,False,False,False,15.970219299828884,False,False,False,False
2025-05-29 18:00:00+00:00,38.1,38.1,38.1,38.1,0.0,,,,,,,,,,,,,,,,,,,,,,,,,,,,,,,,,,,,,,,,,,,,,,,,,,38.25023255813954,38.22221645021644,37.58650621118013,37.602280966767374,36.95954787740339,36.95954787740339,36.95954787740339,36.95954787740339,36.922829184704185,36.91440966648832,36.86754212263332,36.86445484486046,36.50721765601219,36.50721765601219,36.50721765601219,36.50721765601219,36.50721765601219,36.50721765601219,35.92343318498231,35.8312334730732,35.63455093256815,35.63665710735111,35.89403416197624,35.89415592028138,35.84820552049469,35.84820552049469,35.84820552049469,35.95306117290193,35.95306117290193,35.95306117290193,35.95306117290193,35.95306117290193,35.95306117290193,36.05710701810099,36.05710701810099,36.05710701810099,36.05710701810099,36.05710701810099,36.05710701810099,36.32240569395019,36.32240569395019,36.456502883506346,,,,,,,,,,,,,,,,,,,,,,,,,,,,,,,,,,,,,,,,,,,,,,,,,,37.70530403905903,37.39370422535211,37.31240380313199,37.2984968847352,36.894168870086375,36.894168870086375,36.894168870086375,36.89310429880197,36.56707070707071,36.56707070707071,36.56707070707071,36.56707070707071,36.56707070707071,36.56707070707071,36.56707070707071,36.5638472286912,36.1728675889328,35.59563639079772,35.59563639079772,37.70530403905903,36.56707070707071,,,35.63455093256815,36.670969590056146,36.693842232108096,#000000,0.558832695877615,37.359037891435406,1.3259104451663415,50.281715644685406,7.01930983424387,False,True,False,False,False,10.049794204268029,0.0,0.0,0.0,0.0,0,1.1506037821827293,0.8785600364547732,False,False,False,False,0.27469947440196407,0.2807335430288693,False,False,False,False,434.0,230.051891922121,False,False,False,False,15.72261900060673,False,False,False,False
2025-05-29 19:00:00+00:00,38.1,38.1,37.64,38.02,16.0,,,,,,,,,,,,,,,,,,,,,,,,,,,,,,,,,,,,,,,,,,,,,,,,,,38.23555555555556,38.21015793848711,37.59193991853361,37.60731912784936,36.96824467081683,36.96824467081683,36.96824467081683,36.96824467081683,36.931388590844065,36.92294518125552,36.876244616709734,36.873164861612516,36.51746449078272,36.51746449078272,36.51746449078272,36.51746449078272,36.51746449078272,36.51746449078272,35.93430995346725,35.841955405838945,35.64499571550986,35.64708630697498,35.901607866043626,35.90172740014017,35.85452557991739,35.85452557991739,35.85452557991739,35.958350420168074,35.958350420168074,35.958350420168074,35.958350420168074,35.958350420168074,35.958350420168074,36.06182768451062,36.06182768451062,36.06182768451062,36.06182768451062,36.06182768451062,36.06182768451062,36.32603607442125,36.32603607442125,36.45973668461998,,,,,,,,,,,,,,,,,,,,,,,,,,,,,,,,,,,,,,,,,,,,,,,,,,37.70978270317253,37.399568245125344,37.318859008410804,37.305064949361515,36.90277573850726,36.90277573850726,36.90277573850726,36.901715583508036,36.577087768008646,36.577087768008646,36.577087768008646,36.577087768008646,36.577087768008646,36.577087768008646,36.577087768008646,36.57387887193713,36.183847211311864,35.60669491525423,35.60669491525423,37.70978270317253,36.577087768008646,,,35.64499571550986,36.67810758586813,36.70284463131147,"rgba(239, 83, 80, 1.0)",0.5325112865190083,37.362291575978354,1.235107012136863,46.43312587909648,3.591526370690545,False,True,False,True,False,8.971255266041943,0.0,0.0,0.0,0.0,0,1.0718281494741548,0.8834191094204518,False,False,False,False,0.2330482861235631,0.2568909145762162,False,False,False,False,418.0,232.9658160783672,False,False,False,False,15.726919481217479,False,False,False,False
2025-05-30 14:00:00+00:00,38.02,38.02,38.02,38.02,0.0,,,,,,,,,,,,,,,,,,,,,,,,,,,,,,,,,,,,,,,,,,,,,,,,,,38.23555555555556,38.21015793848711,37.59193991853361,37.60731912784936,36.96824467081683,36.96824467081683,36.96824467081683,36.96824467081683,36.931388590844065,36.92294518125552,36.876244616709734,36.873164861612516,36.51746449078272,36.51746449078272,36.51746449078272,36.51746449078272,36.51746449078272,36.51746449078272,35.93430995346725,35.841955405838945,35.64499571550986,35.64708630697498,35.901607866043626,35.90172740014017,35.85452557991739,35.85452557991739,35.85452557991739,35.958350420168074,35.958350420168074,35.958350420168074,35.958350420168074,35.958350420168074,35.958350420168074,36.06182768451062,36.06182768451062,36.06182768451062,36.06182768451062,36.06182768451062,36.06182768451062,36.32603607442125,36.32603607442125,36.45973668461998,,,,,,,,,,,,,,,,,,,,,,,,,,,,,,,,,,,,,,,,,,,,,,,,,,37.70978270317253,37.399568245125344,37.318859008410804,37.305064949361515,36.90277573850726,36.90277573850726,36.90277573850726,36.901715583508036,36.577087768008646,36.577087768008646,36.577087768008646,36.577087768008646,36.577087768008646,36.577087768008646,36.577087768008646,36.57387887193713,36.183847211311864,35.60669491525423,35.60669491525423,37.70978270317253,36.577087768008646,,,35.64499571550986,36.67810758586813,36.70284463131147,"rgba(239, 83, 80, 1.0)",0.5035155687044692,37.362291575978354,1.306232547513702,43.86739936870386,1.2653525249762083,False,True,False,True,False,8.971255266041954,0.0,0.0,0.0,0.0,0,1.0861490266278808,0.8869993287088831,False,False,False,False,0.2601133283003715,0.2585021214382939,False,False,False,False,418.0,235.8345631159119,False,False,False,False,15.483091272206355,False,False,False,False
2025-05-30 15:00:00+00:00,38.02,38.02,38.02,38.02,0.0,,,,,,,,,,,,,,,,,,,,,,,,,,,,,,,,,,,,,,,,,,,,,,,,,,38.23555555555556,38.21015793848711,37.59193991853361,37.60731912784936,36.96824467081683,36.96824467081683,36.96824467081683,36.96824467081683,36.931388590844065,36.92294518125552,36.876244616709734,36.873164861612516,36.51746449078272,36.51746449078272,36.51746449078272,36.51746449078272,36.51746449078272,36.51746449078272,35.93430995346725,35.841955405838945,35.64499571550986,35.64708630697498,35.901607866043626,35.90172740014017,35.85452557991739,35.85452557991739,35.85452557991739,35.958350420168074,35.958350420168074,35.958350420168074,35.958350420168074,35.958350420168074,35.958350420168074,36.06182768451062,36.06182768451062,36.06182768451062,36.06182768451062,36.06182768451062,36.06182768451062,36.32603607442125,36.32603607442125,36.45973668461998,,,,,,,,,,,,,,,,,,,,,,,,,,,,,,,,,,,,,,,,,,,,,,,,,,37.70978270317253,37.399568245125344,37.318859008410804,37.305064949361515,36.90277573850726,36.90277573850726,36.90277573850726,36.901715583508036,36.577087768008646,36.577087768008646,36.577087768008646,36.577087768008646,36.577087768008646,36.577087768008646,36.577087768008646,36.57387887193713,36.183847211311864,35.60669491525423,35.60669491525423,37.70978270317253,36.577087768008646,,,35.64499571550986,36.67810758586813,36.70284463131147,"rgba(239, 83, 80, 1.0)",0.47135226206607966,37.362291575978354,1.3953649466721856,42.156915028442114,-0.41668780211615086,False,True,False,True,False,8.971255266041965,0.0,0.0,0.0,0.0,0,1.0893942805674395,0.8898896644899796,False,False,False,False,0.2601133283003715,0.2593077248693327,False,False,False,False,418.0,238.65883345520007,False,False,False,False,15.24304334550548,False,False,False,False
2025-05-30 16:00:00+00:00,38.02,38.02,38.02,38.02,0.0,,,,,,,,,,,,,,,,,,,,,,,,,,,,,,,,,,,,,,,,,,,,,,,,,,38.23555555555556,38.21015793848711,37.59193991853361,37.60731912784936,36.96824467081683,36.96824467081683,36.96824467081683,36.96824467081683,36.931388590844065,36.92294518125552,36.876244616709734,36.873164861612516,36.51746449078272,36.51746449078272,36.51746449078272,36.51746449078272,36.51746449078272,36.51746449078272,35.93430995346725,35.841955405838945,35.64499571550986,35.64708630697498,35.901607866043626,35.90172740014017,35.85452557991739,35.85452557991739,35.85452557991739,35.958350420168074,35.958350420168074,35.958350420168074,35.958350420168074,35.958350420168074,35.958350420168074,36.06182768451062,36.06182768451062,36.06182768451062,36.06182768451062,36.06182768451062,36.06182768451062,36.32603607442125,36.32603607442125,36.45973668461998,,,,,,,,,,,,,,,,,,,,,,,,,,,,,,,,,,,,,,,,,,,,,,,,,,37.70978270317253,37.399568245125344,37.318859008410804,37.305064949361515,36.90277573850726,36.90277573850726,36.90277573850726,36.901715583508036,36.577087768008646,36.577087768008646,36.577087768008646,36.577087768008646,36.577087768008646,36.577087768008646,36.577087768008646,36.57387887193713,36.183847211311864,35.60669491525423,35.60669491525423,37.70978270317253,36.577087768008646,,,35.64499571550986,36.67810758586813,36.70284463131147,"rgba(239, 83, 80, 1.0)",0.46885870631389676,37.362291575978354,1.4027859889655527,41.016592134934285,-1.721830124622464,False,True,False,True,False,8.971255266041965,0.0,0.0,0.0,0.0,0,1.0844404413420399,0.8885386174285069,False,False,False,False,0.2601133283003715,0.25971052658485205,False,False,False,False,418.0,241.43931665744503,False,False,False,False,15.00671709208679,False,False,False,False
2025-05-30 17:00:00+00:00,38.02,38.02,38.02,38.02,0.0,,,,,,,,,,,,,,,,,,,,,,,,,,,,,,,,,,,,,,,,,,,,,,,,,,38.23555555555556,38.21015793848711,37.59193991853361,37.60731912784936,36.96824467081683,36.96824467081683,36.96824467081683,36.96824467081683,36.931388590844065,36.92294518125552,36.876244616709734,36.873164861612516,36.51746449078272,36.51746449078272,36.51746449078272,36.51746449078272,36.51746449078272,36.51746449078272,35.93430995346725,35.841955405838945,35.64499571550986,35.64708630697498,35.901607866043626,35.90172740014017,35.85452557991739,35.85452557991739,35.85452557991739,35.958350420168074,35.958350420168074,35.958350420168074,35.958350420168074,35.958350420168074,35.958350420168074,36.06182768451062,36.06182768451062,36.06182768451062,36.06182768451062,36.06182768451062,36.06182768451062,36.32603607442125,36.32603607442125,36.45973668461998,,,,,,,,,,,,,,,,,,,,,,,,,,,,,,,,,,,,,,,,,,,,,,,,,,37.70978270317253,37.399568245125344,37.318859008410804,37.305064949361515,36.90277573850726,36.90277573850726,36.90277573850726,36.901715583508036,36.577087768008646,36.577087768008646,36.577087768008646,36.577087768008646,36.577087768008646,36.577087768008646,36.577087768008646,36.57387887193713,36.183847211311864,35.60669491525423,35.60669491525423,37.70978270317253,36.577087768008646,,,35.64499571550986,36.67810758586813,36.70284463131147,"rgba(239, 83, 80, 1.0)",0.4660659776204963,37.362291575978354,1.4111916672819267,40.25637687259573,-2.8019714049039237,False,True,False,True,False,8.971255266041965,0.0,0.0,0.0,0.0,0,1.0844404413420399,0.8885386174285069,False,False,False,False,0.2601133283003715,0.25991192744261177,False,False,False,False,418.0,244.17669159298853,False,False,False,False,14.77405481158932,False,False,False,False
2025-05-30 18:00:00+00:00,38.02,38.55,38.02,38.53,2.0,,,,,,,,,,,,,,,,,,,,,,,,,,,,,,,,,,,,,,,,,,,,,,,,,,38.23627992633517,38.2109346567411,37.59351456639566,37.60882129904385,36.96982570190315,36.96982570190315,36.96982570190315,36.96982570190315,36.93292693819222,36.924475357710655,36.87778351402513,36.874703760947966,36.51913949275363,36.51913949275363,36.51913949275363,36.51913949275363,36.51913949275363,36.51913949275363,35.93596518090053,35.843574329379074,35.6465496241317,35.648638135996194,35.90275922466139,35.9028784341194,35.855483133218996,35.855483133218996,35.855483133218996,35.959159666218646,35.959159666218646,35.959159666218646,35.959159666218646,35.959159666218646,35.959159666218646,36.06255752586026,36.06255752586026,36.06255752586026,36.06255752586026,36.06255752586026,36.06255752586026,36.32661555208482,36.32661555208482,36.46026324267108,,,,,,,,,,,,,,,,,,,,,,,,,,,,,,,,,,,,,,,,,,,,,,,,,,37.711491114000864,37.400913305516916,37.32024867374005,37.30646547933157,36.90430941155928,36.90430941155928,36.90430941155928,36.90324956369982,36.578742487286185,36.578742487286185,36.578742487286185,36.578742487286185,36.578742487286185,36.578742487286185,36.578742487286185,36.57553502694381,36.185560570382,35.60833531451213,35.60833531451213,37.711491114000864,36.578742487286185,,,35.6465496241317,36.67957711383733,36.704434737280025,"rgba(38, 166, 154, 0.5)",0.47111521897451114,37.36365900787285,2.4757022171051037,51.483128276813936,-6.098779865724765,False,True,True,False,True,14.39180946042234,0.0,0.0,0.0,0.0,0,1.0824719595337582,0.867824939520563,False,False,False,False,0.308883278601974,0.2843976030222929,False,False,False,False,420.0,246.9026343589887,False,False,False,False,14.57600745016933,False,False,False,False
2025-05-30 19:00:00+00:00,38.53,38.53,38.06,38.06,2.0,,,,,,,,,,,,,,,,,,,,,,,,,,,,,,,,,,,,,,,,,,,,,,,,,,38.236172161172156,38.21096296296295,37.594778566599054,37.610021388614676,36.971233766233766,36.971233766233766,36.971233766233766,36.971233766233766,36.93430139186296,36.925843479795304,36.87916451779268,36.87608509178247,36.52067571644044,36.52067571644044,36.52067571644044,36.52067571644044,36.52067571644044,36.52067571644044,35.93751615096905,35.84509505500373,35.648016167379936,35.65010265183918,35.90383948023655,35.90395838195256,35.85638280307361,35.85638280307361,35.85638280307361,35.959917982308816,35.959917982308816,35.959917982308816,35.959917982308816,35.959917982308816,35.959917982308816,36.06323942175795,36.06323942175795,36.06323942175795,36.06323942175795,36.06323942175795,36.06323942175795,36.32715211734091,36.32715211734091,36.460748102139405,,,,,,,,,,,,,,,,,,,,,,,,,,,,,,,,,,,,,,,,,,,,,,,,,,37.71280155642023,37.40204629629629,37.321435982339956,37.307664690382076,36.905682888540035,36.905682888540035,36.905682888540035,36.904623430962346,36.58025558121633,36.58025558121633,36.58025558121633,36.58025558121633,36.58025558121633,36.58025558121633,36.58025558121633,36.577049684663905,36.187153594771246,35.60988466488466,35.60988466488466,37.71280155642023,36.58025558121633,,,35.648016167379936,36.68084918458458,36.7058622263021,#000000,0.46794644338185215,37.364702689765416,1.4858480496393307,49.767085425014784,-6.098779865724765,False,True,False,False,True,7.9854102041858575,0.0,0.0,0.0,0.0,0,1.0825253178194352,0.8713639301874595,False,False,False,False,0.31075047111666076,0.2975740370694768,False,False,False,False,418.0,249.55530669450826,False,False,False,False,14.381030590476781,False,False,False,False
2025-06-02 14:00:00+00:00,38.06,38.06,37.515,37.515,1.0,,,,,,,,,,,,,,,,,,,,,,,,,,,,,,,,,,,,,,,,,,,,,,,,,,38.23469406392694,38.209696223316904,37.5948817966903,37.610106837606835,36.971643152746424,36.971643152746424,36.971643152746424,36.971643152746424,36.93470929195649,36.92625132275133,36.87958591065293,36.87650720164609,36.52120759837179,36.52120759837179,36.52120759837179,36.52120759837179,36.52120759837179,36.52120759837179,35.93811409472014,35.84568812726884,35.64860049439057,35.650686050931206,35.90425787631273,35.904376652667615,35.85673333333334,35.85673333333334,35.85673333333334,35.96020962776379,35.96020962776379,35.96020962776379,35.96020962776379,35.96020962776379,35.96020962776379,36.06349791633698,36.06349791633698,36.06349791633698,36.06349791633698,36.06349791633698,36.06349791633698,36.32734648500332,36.32734648500332,36.46091866777072,,,,,,,,,,,,,,,,,,,,,,,,,,,,,,,,,,,,,,,,,,,,,,,,,,37.71278065630397,37.40225075179273,37.32168431502316,37.30792078121571,36.90609658298467,36.90609658298467,36.90609658298467,36.90503746297264,36.580771006463536,36.580771006463536,36.580771006463536,36.580771006463536,36.580771006463536,36.580771006463536,36.580771006463536,36.57756611316115,36.1877453286293,35.6105042557403,35.6105042557403,37.71278065630397,36.580771006463536,,,35.64860049439057,36.68114829917555,36.706298984988315,"rgba(239, 83, 80, 1.0)",0.468573568598401,37.36467165243849,0.3208212277341523,43.56476264516344,1.9085740492703849,False,True,False,True,False,1.4984466491797832,0.0,0.0,0.0,0.0,0,1.0865051903114185,0.8912197231833908,False,False,False,False,0.2183066032776756,0.2579403201735762,False,False,False,False,417.0,252.15134845118254,True,False,False,False,14.173572751864738,True,False,False,False
2025-06-02 15:00:00+00:00,37.515,37.515,37.515,37.515,0.0,,,,,,,,,,,,,,,,,,,,,,,,,,,,,,,,,,,,,,,,,,,,,,,,,,38.23469406392694,38.209696223316904,37.5948817966903,37.610106837606835,36.971643152746424,36.971643152746424,36.971643152746424,36.971643152746424,36.93470929195649,36.92625132275133,36.87958591065293,36.87650720164609,36.52120759837179,36.52120759837179,36.52120759837179,36.52120759837179,36.52120759837179,36.52120759837179,35.93811409472014,35.84568812726884,35.64860049439057,35.650686050931206,35.90425787631273,35.904376652667615,35.85673333333334,35.85673333333334,35.85673333333334,35.96020962776379,35.96020962776379,35.96020962776379,35.96020962776379,35.96020962776379,35.96020962776379,36.06349791633698,36.06349791633698,36.06349791633698,36.06349791633698,36.06349791633698,36.06349791633698,36.32734648500332,36.32734648500332,36.46091866777072,,,,,,,,,,,,,,,,,,,,,,,,,,,,,,,,,,,,,,,,,,,,,,,,,,37.71278065630397,37.40225075179273,37.32168431502316,37.30792078121571,36.90609658298467,36.90609658298467,36.90609658298467,36.90503746297264,36.580771006463536,36.580771006463536,36.580771006463536,36.580771006463536,36.580771006463536,36.580771006463536,36.580771006463536,36.57756611316115,36.1877453286293,35.6105042557403,35.6105042557403,37.71278065630397,36.580771006463536,,,35.64860049439057,36.68114829917555,36.706298984988315,"rgba(239, 83, 80, 1.0)",0.4680547246050149,37.36467165243849,0.3211768617192618,39.42988079192921,-1.8369329111148858,False,True,False,True,False,1.4984466491797832,0.0,0.0,0.0,0.0,0,1.0865051903114185,0.8875432525951555,False,False,False,False,0.1702356707751599,0.21408799547436805,False,False,False,False,417.0,254.70714149845102,True,False,False,False,13.953827437882339,True,False,False,False
2025-06-02 16:00:00+00:00,37.515,38.15,37.415,38.15,3.0,,,,,,,,,,,,,,,,,,,,,,,,,,,,,,,,,,,,,,,,,,,,,,,,,,38.23200634057971,38.207461287693555,37.59582154882154,37.610976728941324,36.97322065727699,36.97322065727699,36.97322065727699,36.97322065727699,36.93626424501425,36.927802430005286,36.881169154228864,36.87809193631228,36.52308265582657,36.52308265582657,36.52308265582657,36.52308265582657,36.52308265582657,36.52308265582657,35.940117713638934,35.847665066666664,35.65052959057662,35.65261226621096,35.90565764925373,35.9057760161654,35.85790310298877,35.85790310298877,35.85790310298877,35.961188877699456,35.961188877699456,35.961188877699456,35.961188877699456,35.961188877699456,35.961188877699456,36.06437177053676,36.06437177053676,36.06437177053676,36.06437177053676,36.06437177053676,36.06437177053676,36.3280179221639,36.3280179221639,36.461516301099,,,,,,,,,,,,,,,,,,,,,,,,,,,,,,,,,,,,,,,,,,,,,,,,,37.904999999999994,37.713524731182794,37.40329524469067,37.32284015852047,37.3090976784932,36.90766144473456,36.90766144473456,36.90766144473456,36.90660316631872,36.582602581834955,36.582602581834955,36.582602581834955,36.582602581834955,36.582602581834955,36.582602581834955,36.582602581834955,36.57940042990942,36.18976246410859,35.6125462276278,35.6125462276278,37.713524731182794,36.582602581834955,,,35.65052959057662,36.68244934564661,36.7677909367764,"rgba(239, 83, 80, 0.75)",0.46822407433154695,37.415112510892435,1.5695209396413776,44.146241875111556,-1.8369329111148858,False,True,False,True,True,7.8651257982001965,0.0,0.0,0.0,0.0,0,1.0796478725634036,0.8643890169775728,True,False,False,False,0.21741622392603518,0.21575210970020162,False,False,False,False,420.0,257.2698214752192,False,False,False,False,13.784000655899666,False,False,False,False
2025-06-02 17:00:00+00:00,38.15,38.15,38.15,38.15,0.0,,,,,,,,,,,,,,,,,,,,,,,,,,,,,,,,,,,,,,,,,,,,,,,,,,38.23200634057971,38.207461287693555,37.59582154882154,37.610976728941324,36.97322065727699,36.97322065727699,36.97322065727699,36.97322065727699,36.93626424501425,36.927802430005286,36.881169154228864,36.87809193631228,36.52308265582657,36.52308265582657,36.52308265582657,36.52308265582657,36.52308265582657,36.52308265582657,35.940117713638934,35.847665066666664,35.65052959057662,35.65261226621096,35.90565764925373,35.9057760161654,35.85790310298877,35.85790310298877,35.85790310298877,35.961188877699456,35.961188877699456,35.961188877699456,35.961188877699456,35.961188877699456,35.961188877699456,36.06437177053676,36.06437177053676,36.06437177053676,36.06437177053676,36.06437177053676,36.06437177053676,36.3280179221639,36.3280179221639,36.461516301099,,,,,,,,,,,,,,,,,,,,,,,,,,,,,,,,,,,,,,,,,,,,,,,,,37.904999999999994,37.713524731182794,37.40329524469067,37.32284015852047,37.3090976784932,36.90766144473456,36.90766144473456,36.90766144473456,36.90660316631872,36.582602581834955,36.582602581834955,36.582602581834955,36.582602581834955,36.582602581834955,36.582602581834955,36.582602581834955,36.57940042990942,36.18976246410859,35.6125462276278,35.6125462276278,37.713524731182794,36.582602581834955,,,35.65052959057662,36.68244934564661,36.7677909367764,#000000,0.4681471047775058,37.415112510892435,1.5697789895695937,47.29048259723312,-1.8369329111148858,False,True,False,False,True,7.8651257982001965,0.0,0.0,0.0,0.0,0,1.1104590232655625,0.8643890169775728,False,False,False,False,0.28387369628474796,0.24981290299247477,False,False,False,False,420.0,259.7927699794794,False,False,False,False,13.57029521937409,False,False,False,False
2025-06-02 18:00:00+00:00,38.15,38.15,38.15,38.15,0.0,,,,,,,,,,,,,,,,,,,,,,,,,,,,,,,,,,,,,,,,,,,,,,,,,,38.23200634057971,38.207461287693555,37.59582154882154,37.610976728941324,36.97322065727699,36.97322065727699,36.97322065727699,36.97322065727699,36.93626424501425,36.927802430005286,36.881169154228864,36.87809193631228,36.52308265582657,36.52308265582657,36.52308265582657,36.52308265582657,36.52308265582657,36.52308265582657,35.940117713638934,35.847665066666664,35.65052959057662,35.65261226621096,35.90565764925373,35.9057760161654,35.85790310298877,35.85790310298877,35.85790310298877,35.961188877699456,35.961188877699456,35.961188877699456,35.961188877699456,35.961188877699456,35.961188877699456,36.06437177053676,36.06437177053676,36.06437177053676,36.06437177053676,36.06437177053676,36.06437177053676,36.3280179221639,36.3280179221639,36.461516301099,,,,,,,,,,,,,,,,,,,,,,,,,,,,,,,,,,,,,,,,,,,,,,,,,37.904999999999994,37.713524731182794,37.40329524469067,37.32284015852047,37.3090976784932,36.90766144473456,36.90766144473456,36.90766144473456,36.90660316631872,36.582602581834955,36.582602581834955,36.582602581834955,36.582602581834955,36.582602581834955,36.582602581834955,36.582602581834955,36.57940042990942,36.18976246410859,35.6125462276278,35.6125462276278,37.713524731182794,36.582602581834955,,,35.65052959057662,36.68244934564661,36.7677909367764,#000000,0.46782369436450866,37.415112510892435,1.5708641908482948,49.3866430786475,-9.864282895803477,False,True,False,False,True,7.8651257982001965,0.0,0.0,0.0,0.0,0,1.1104590232655625,0.8643890169775728,False,False,False,False,0.28387369628474796,0.26684329963861136,False,False,False,False,420.0,262.27660300305337,False,False,False,False,13.359903045430306,False,False,False,False
2025-06-02 19:00:00+00:00,38.15,38.22,38.15,38.22,5.0,,,,,,,,,,,,,,,,,,,,,,,,,,,,,,,,,,,,,,,,,,,,,,,,,,38.23153261840929,38.20733091787439,37.598840871021764,37.613842139595555,36.976657303370786,36.976657303370786,36.976657303370786,36.976657303370786,36.939621736814075,36.93114506498068,36.884545687885016,36.88146943306011,36.52685368784739,36.52685368784739,36.52685368784739,36.52685368784739,36.52685368784739,36.52685368784739,35.94394237288135,35.85141746538871,35.65415243786758,35.65623009101252,35.90832595698424,35.908443564663884,35.86012710789908,35.86012710789908,35.86012710789908,35.96306333501035,35.96306333501035,35.96306333501035,35.96306333501035,35.96306333501035,35.96306333501035,36.06605684632001,36.06605684632001,36.06605684632001,36.06605684632001,36.06605684632001,36.06605684632001,36.32934245345431,36.32934245345431,36.46271229666391,,,,,,,,,,,,,,,,,,,,,,,,,,,,,,,,,,,,,,,,,,,,,,,,,38.087291666666665,37.7166217948718,37.40603289625028,37.325716480140436,37.312003929273075,36.91101822916667,36.91101822916667,36.91101822916667,36.909960957834464,36.586314780742114,36.586314780742114,36.586314780742114,36.586314780742114,36.586314780742114,36.586314780742114,36.586314780742114,36.58311657475491,36.193683730623945,35.616373420221166,35.616373420221166,37.7166217948718,36.586314780742114,,,35.65415243786758,36.68554875227623,36.780221651177634,"rgba(38, 166, 154, 0.5)",0.4680715853465749,37.42655156194471,1.6951433560483955,51.53656874561899,-7.532579519162184,False,True,True,False,True,8.539385012159148,0.0,0.0,0.0,0.0,0,1.1101358411703237,0.8618599791013583,False,False,False,False,0.29032337155350174,0.2785833355960565,False,False,False,False,425.0,264.79944636734706,False,False,False,False,13.230292145501153,False,False,False,False
2025-06-03 14:00:00+00:00,38.22,38.56,38.22,38.32,2.0,,,,,,,,,,,,,,,,,,,,,,,,,,,,,,,,,,,,,,,,,,,,,,,,,,38.23225333333333,38.2080969551282,37.600381143430276,37.61531249999999,36.978217358772916,36.978217358772916,36.978217358772916,36.978217358772916,36.94114067766543,36.93265614035088,36.88606581196582,36.88298959399523,36.52851043073692,36.52851043073692,36.52851043073692,36.52851043073692,36.52851043073692,36.52851043073692,35.945583785004516,35.85302362707535,35.655695392491474,35.657770987303394,35.9094707023671,35.90958798882683,35.86108016476553,35.86108016476553,35.86108016476553,35.963869237217104,35.963869237217104,35.963869237217104,35.963869237217104,35.963869237217104,35.963869237217104,36.066783852109346,36.066783852109346,36.066783852109346,36.066783852109346,36.066783852109346,36.066783852109346,36.32991992630386,36.32991992630386,36.463237091142965,,,,,,,,,,,,,,,,,,,,,,,,,,,,,,,,,,,,,,,,,,,,,,,,,38.143166666666666,37.71828431372549,37.40735699517573,37.3270852509314,37.31338347503814,36.91253295178634,36.91253295178634,36.91253295178634,36.911475992373035,36.58795113357844,36.58795113357844,36.58795113357844,36.58795113357844,36.58795113357844,36.58795113357844,36.58795113357844,36.58475436179983,36.195380710659904,35.61800177619894,35.61800177619894,37.71828431372549,36.58795113357844,,,35.655695392491474,36.687001632928656,36.78450740545881,"rgba(38, 166, 154, 0.5)",0.4694027065332565,37.43061726619514,1.8947115588091452,54.03699058830264,-4.8030961959669725,False,True,True,False,True,9.498358887021414,0.0,0.0,0.0,0.0,0,1.1114774366371314,0.8497836389861938,False,False,False,False,0.3285960153321004,0.30358967546407845,False,False,False,False,427.0,267.31418363296956,False,False,False,False,13.056179088981755,False,False,False,False
2025-06-03 15:00:00+00:00,38.32,38.32,38.16,38.16,1.0,,,,,,,,,,,,,,,,,,,,,,,,,,,,,,,,,,,,,,,,,,,,,,,,,,38.23220301418439,38.20810951239008,37.60099532398128,37.61589593495934,36.97891007664984,36.97891007664984,36.97891007664984,36.97891007664984,36.94181737588654,36.93332982640716,36.8867461131044,36.88367007672635,36.5292686768677,36.5292686768677,36.5292686768677,36.5292686768677,36.5292686768677,36.5292686768677,35.9463517327012,35.85377699755293,35.65642261397024,35.658497205645546,35.91000698324024,35.91012411760144,35.861527276183246,35.861527276183246,35.861527276183246,35.96424628450107,35.96424628450107,35.96424628450107,35.96424628450107,35.96424628450107,35.96424628450107,36.067122959452355,36.067122959452355,36.067122959452355,36.067122959452355,36.067122959452355,36.067122959452355,36.3301868121487,36.3301868121487,36.4634782508842,,,,,,,,,,,,,,,,,,,,,,,,,,,,,,,,,,,,,,,,,,,,,,,,,38.14954545454545,37.7189165602384,37.40791207529843,37.327667542706955,37.3139716775599,36.91320939504248,36.91320939504248,36.91320939504248,36.912152633402634,36.58869774919616,36.58869774919616,36.58869774919616,36.58869774919616,36.58869774919616,36.58869774919616,36.58869774919616,36.58550175921678,36.196168358053605,35.61876985301371,35.61876985301371,37.7189165602384,36.58869774919616,,,35.65642261397024,36.6876290588936,36.78549440982751,"rgba(38, 166, 154, 0.5)",0.46989301063251304,37.431414659800865,1.5505345338471803,53.432527767838984,-4.8030961959669725,False,True,True,False,True,7.553571216416355,0.0,0.0,0.0,0.0,0,1.1082906857727735,0.8605936540429886,False,False,False,False,0.3005064834622341,0.30204807946315626,False,False,False,False,426.0,269.77442884796227,False,False,False,False,12.869261583726225,False,False,False,False
2025-06-03 16:00:00+00:00,38.16,38.16,37.52,37.52,1.0,,,,,,,,,,,,,,,,,,,,,,,,,,,,,,,,,,,,,,,,,,,,,,,,,,38.23087975243148,38.20697368421052,37.601127794461114,37.616010396361254,36.979332959641255,36.979332959641255,36.979332959641255,36.979332959641255,36.94223817118555,36.933750438135306,36.88717981557378,36.88410446489435,36.52981031638928,36.52981031638928,36.52981031638928,36.52981031638928,36.52981031638928,36.52981031638928,35.94695666892349,35.85437672835567,35.657012980860344,35.65908664772728,35.91043130866497,35.910548317046704,35.861882997592815,35.861882997592815,35.861882997592815,35.96454276297415,35.96454276297415,35.96454276297415,35.96454276297415,35.96454276297415,35.96454276297415,36.06738614226295,36.06738614226295,36.06738614226295,36.06738614226295,36.06738614226295,36.06738614226295,36.3303856144328,36.3303856144328,36.46365321025076,,,,,,,,,,,,,,,,,,,,,,,,,,,,,,,,,,,,,,,,,,,,,,,,,38.11486111111111,37.718934948979594,37.40813604037622,37.32793390238563,37.3142455911169,36.91363565488567,36.91363565488567,36.91363565488567,36.91257922077923,36.589223293541494,36.589223293541494,36.589223293541494,36.589223293541494,36.589223293541494,36.589223293541494,36.589223293541494,36.58602828746179,36.19676811028743,35.61939546351085,35.61939546351085,37.718934948979594,36.589223293541494,,,35.657012980860344,36.68795015613301,36.78418740794835,"rgba(239, 83, 80, 1.0)",0.4669512195522013,37.42967128460759,0.1934435795649779,47.0787784010562,-4.8030961959669725,False,True,False,True,False,0.46433297339688906,0.0,0.0,0.0,0.0,0,1.0821889731502357,0.8829678212748514,False,False,False,False,0.22767647575365585,0.2648622776084061,False,False,False,False,425.0,272.1810268503194,False,False,False,False,12.685242024288609,False,False,False,False
2025-06-03 17:00:00+00:00,37.52,37.52,37.52,37.52,0.0,,,,,,,,,,,,,,,,,,,,,,,,,,,,,,,,,,,,,,,,,,,,,,,,,,38.23087975243148,38.20697368421052,37.601127794461114,37.616010396361254,36.979332959641255,36.979332959641255,36.979332959641255,36.979332959641255,36.94223817118555,36.933750438135306,36.88717981557378,36.88410446489435,36.52981031638928,36.52981031638928,36.52981031638928,36.52981031638928,36.52981031638928,36.52981031638928,35.94695666892349,35.85437672835567,35.657012980860344,35.65908664772728,35.91043130866497,35.910548317046704,35.861882997592815,35.861882997592815,35.861882997592815,35.96454276297415,35.96454276297415,35.96454276297415,35.96454276297415,35.96454276297415,35.96454276297415,36.06738614226295,36.06738614226295,36.06738614226295,36.06738614226295,36.06738614226295,36.06738614226295,36.3303856144328,36.3303856144328,36.46365321025076,,,,,,,,,,,,,,,,,,,,,,,,,,,,,,,,,,,,,,,,,,,,,,,,,38.11486111111111,37.718934948979594,37.40813604037622,37.32793390238563,37.3142455911169,36.91363565488567,36.91363565488567,36.91363565488567,36.91257922077923,36.589223293541494,36.589223293541494,36.589223293541494,36.589223293541494,36.589223293541494,36.589223293541494,36.589223293541494,36.58602828746179,36.19676811028743,35.61939546351085,35.61939546351085,37.718934948979594,36.589223293541494,,,35.657012980860344,36.68795015613301,36.78418740794835,"rgba(239, 83, 80, 1.0)",0.46790136213151995,37.42967128460759,0.19305076390655965,42.842945489867674,1.3595138876218655,False,True,False,True,False,0.46433297339688906,0.0,0.0,0.0,0.0,0,1.0662020905923344,0.9092027054724326,False,False,False,False,0.17111007581100388,0.217986176709705,False,False,False,False,425.0,274.5503132557408,False,False,False,False,12.48857160530739,False,False,False,False
2025-06-03 18:00:00+00:00,37.52,38.2,37.52,38.2,2.0,,,,,,,,,,,,,,,,,,,,,,,,,,,,,,,,,,,,,,,,,,,,,,,,,,38.22952066842568,38.205861111111105,37.60187146187144,37.61670557717248,36.98044606196343,36.98044606196343,36.98044606196343,36.98044606196343,36.94333333333335,36.9348424369748,36.888291538724,36.885217058222686,36.53110786516856,36.53110786516856,36.53110786516856,36.53110786516856,36.53110786516856,36.53110786516856,35.94832769508345,35.8557281037415,35.6583290719697,35.66040081393148,35.911391021167724,35.911507751938,35.86268522036475,35.86268522036475,35.86268522036475,35.96521583738204,35.96521583738204,35.96521583738204,35.96521583738204,35.96521583738204,35.96521583738204,36.06798805200275,36.06798805200275,36.06798805200275,36.06798805200275,36.06798805200275,36.06798805200275,36.33085103871578,36.33085103871578,36.46406910009183,,,,,,,,,,,,,,,,,,,,,,,,,,,,,,,,,,,,,,,,,,,,,,,,,38.09464285714286,37.719582273112806,37.40891294387169,37.328780327868834,37.31510545770818,36.914736067843556,36.914736067843556,36.914736067843556,36.913680159142025,36.59049311926607,36.59049311926607,36.59049311926607,36.59049311926607,36.59049311926607,36.59049311926607,36.59049311926607,36.58729987778798,36.198153346328795,35.620787502464026,35.620787502464026,37.719582273112806,36.59049311926607,,,35.6583290719697,36.68889777211589,36.784269614314226,"rgba(239, 83, 80, 0.75)",0.4695352599754426,37.429130418282384,1.641771443869704,46.9083542448944,1.3595138876218655,False,True,False,True,True,6.931127344264016,0.0,0.0,0.0,0.0,0,1.0644067796610168,0.884546360917248,False,False,False,False,0.23125622884823838,0.22462120277897168,False,False,False,False,427.0,276.91387429053543,False,False,False,False,12.325958092046811,False,False,False,False
2025-06-03 19:00:00+00:00,38.2,38.67,37.88,38.19,230.0,,,,,,,,,,,,,,,,,,,,,,,,,,,,,,,,,,,,,,,,,,,,,,,,,38.24666666666667,38.235996168582375,38.2203,37.72234497698347,37.731881293057754,37.12490575396826,37.12490575396826,37.12490575396826,37.12490575396826,37.085201135825855,37.076229303342714,37.03134386446888,37.02833104814139,36.69183231500341,36.69183231500341,36.69183231500341,36.69183231500341,36.69183231500341,36.69183231500341,36.11424670433145,36.0191018023371,35.81708044444445,35.81894056503199,36.029985280047114,36.030069904341445,35.96248786555031,35.96248786555031,35.96248786555031,36.04986395655214,36.04986395655214,36.04986395655214,36.04986395655214,36.04986395655214,36.04986395655214,36.14433973284576,36.14433973284576,36.14433973284576,36.14433973284576,36.14433973284576,36.14433973284576,36.39129515317787,36.39129515317787,36.518808411214955,,,,,,,,,,,,,,,,,,,,,,,,,,,,,,,,,,,,,,,,,,,,,,,,,38.23794398907104,37.838902559055114,37.52326508407516,37.449073124406446,37.43663641520135,37.05682513914658,37.05682513914658,37.05682513914658,37.05581594807604,36.748551175657,36.748551175657,36.748551175657,36.748551175657,36.748551175657,36.748551175657,36.748551175657,36.74553137092318,36.366725104353016,35.78799464747139,35.78799464747139,37.838902559055114,36.748551175657,,,35.81708044444445,36.91433344253985,36.932010826857145,#000000,0.47088275352513453,37.59734689569525,1.2586001501817807,49.52353569637448,1.3595138876218655,False,True,False,False,True,6.824596885996431,0.0,0.0,0.0,0.0,0,1.076358012758554,0.8699014111734001,False,False,False,False,0.30701817156413813,0.2658196871715549,False,False,False,False,197.0,275.6748994953333,False,False,False,False,15.700749439456938,False,False,False,False
2025-06-04 14:00:00+00:00,38.05,38.09,37.975,38.05,102.0,,,,,,,,,,,,,,,,,,,,,,,,,,,,,,,,,,,,,,,,,,,,,,,,,38.18266064257028,38.207639474917954,38.19561835106383,37.74652413103275,37.75486519607842,37.168895184135984,37.168895184135984,37.168895184135984,37.168895184135984,37.129092550790084,37.12011776982708,37.076275153105875,37.07331804949055,36.74554490939905,36.74554490939905,36.74554490939905,36.74554490939905,36.74554490939905,36.74554490939905,36.17393552311436,36.07849096501346,35.87589866735895,35.87767903476907,36.0742201108472,36.07429332181924,36.000324934477014,36.000324934477014,36.000324934477014,36.082053113262454,36.082053113262454,36.082053113262454,36.082053113262454,36.082053113262454,36.082053113262454,36.17332508127033,36.17332508127033,36.17332508127033,36.17332508127033,36.17332508127033,36.17332508127033,36.41402214105339,36.41402214105339,36.5392235247629,,,,,,,,,,,,,,,,,,,,,,,,,,,,,,,,,,,,,,,,,,,,,,,,,38.17909922928709,37.857097495527725,37.55266461481066,37.48143959791778,37.46954423592492,37.10116253321525,37.10116253321525,37.10116253321525,37.10017928286854,36.800922903397044,36.800922903397044,36.800922903397044,36.800922903397044,36.800922903397044,36.800922903397044,36.800922903397044,36.79798395651023,36.425580485559784,35.8497971638844,35.8497971638844,37.857097495527725,36.800922903397044,,,35.87589866735895,36.9515791653895,36.973656557480034,#000000,0.47080078417333016,37.61134576673847,0.9317194193543135,49.88951682253999,1.3595138876218655,False,True,False,False,True,5.332428883758219,0.0,0.0,0.0,0.0,0,1.0832206989766366,0.8885885306043637,False,False,False,False,0.2623851435320662,0.26410241535181056,False,False,False,False,95.0,272.8737382628475,False,False,False,False,17.038722316364584,False,False,False,False
2025-06-04 15:00:00+00:00,38.05,38.235,38.05,38.175,3.0,,,,,,,,,,,,,,,,,,,,,,,,,,,,,,,,,,,,,,,,,,,,,,,,,38.18239800995025,38.20741129785247,38.195450331125826,37.74743762475049,37.75574223526534,37.1702876001886,37.1702876001886,37.1702876001886,37.1702876001886,37.13047790802526,37.121502158701816,37.07768676277853,37.07473106556187,36.74719466145835,36.74719466145835,36.74719466145835,36.74719466145835,36.74719466145835,36.74719466145835,36.17573989668794,36.08028426005955,35.87767099005621,35.87944905366866,36.07556610559632,36.075638978784625,36.001478537834146,36.001478537834146,36.001478537834146,36.08303881133673,36.08303881133673,36.08303881133673,36.08303881133673,36.08303881133673,36.08303881133673,36.174215906818645,36.174215906818645,36.174215906818645,36.174215906818645,36.174215906818645,36.174215906818645,36.414727743971156,36.414727743971156,36.539861092824225,,,,,,,,,,,,,,,,,,,,,,,,,,,,,,,,,,,,,,,,,,,,,,,,,38.17887774594078,37.857890276538804,37.55367132216014,37.48252329749103,37.470642398286934,37.10255860238834,37.10255860238834,37.10255860238834,37.10157603890364,36.802536116633554,36.802536116633554,36.802536116633554,36.802536116633554,36.802536116633554,36.802536116633554,36.802536116633554,36.799599390809185,36.427367816091966,35.85165635369025,35.85165635369025,37.857890276538804,36.802536116633554,,,35.87767099005621,36.95286020193478,36.97504448086015,#000000,0.47169789155851016,37.61212316202381,1.1932994572361015,51.29336348532649,1.3595138876218655,False,True,False,False,True,6.471010269623829,0.0,0.0,0.0,0.0,0,1.0855061349693251,0.8767254601226994,False,False,False,False,0.28249462745671033,0.2732985214042605,False,False,False,False,98.0,270.1625175145863,False,False,False,False,16.821067706808545,False,False,False,False
2025-06-04 16:00:00+00:00,38.175,38.6,38.12,38.12,2.0,,,,,,,,,,,,,,,,,,,,,,,,,,,,,,,,,,,,,,,,,,,,,,,,,38.182977250247276,38.20761405959031,38.19567371202113,37.74823368211259,37.75651037851037,37.1713330193123,37.1713330193123,37.1713330193123,37.1713330193123,37.13151351351353,37.12253607020676,37.078736359668284,37.075781408859854,36.74839123080928,36.74839123080928,36.74839123080928,36.74839123080928,36.74839123080928,36.74839123080928,36.177017916793204,36.081551012573186,35.87891668827241,35.88069318476289,36.076517112453274,36.076589749119414,36.00229215021128,36.00229215021128,36.00229215021128,36.08373559572894,36.08373559572894,36.08373559572894,36.08373559572894,36.08373559572894,36.08373559572894,36.17484732633684,36.17484732633684,36.17484732633684,36.17484732633684,36.17484732633684,36.17484732633684,36.41523207606688,36.41523207606688,36.54031920494932,,,,,,,,,,,,,,,,,,,,,,,,,,,,,,,,,,,,,,,,,,,,,,,,,38.179453941120606,37.858642030276044,37.55448195684523,37.48337987826709,37.47150802139037,37.10359920459569,37.10359920459569,37.10359920459569,37.10261704946998,36.80371010462192,36.80371010462192,36.80371010462192,36.80371010462192,36.80371010462192,36.80371010462192,36.80371010462192,36.80077477835122,36.428644612910645,35.852962265842066,35.852962265842066,37.858642030276044,36.80371010462192,,,35.87891668827241,36.953861662432374,36.97610975732279,#000000,0.4719249253164927,37.612880481288734,1.0745766784222468,51.62142362611449,-5.78474015586923,False,True,False,False,True,5.877554954163539,0.0,0.0,0.0,0.0,0,1.0891300135632629,0.8612671962797906,False,False,False,False,0.3229392075565314,0.29811886448039593,False,False,False,False,96.0,267.4623234445927,False,False,False,False,16.591283711354148,False,False,False,False
2025-06-04 17:00:00+00:00,38.12,38.12,38.12,38.12,1.0,,,,,,,,,,,,,,,,,,,,,,,,,,,,,,,,,,,,,,,,,,,,,,,,,38.18279092702169,38.207491864249185,38.19557387862797,37.74851132686083,37.756776476329904,37.171779661016956,37.171779661016956,37.171779661016956,37.171779661016956,37.13195857721748,37.12298096937259,37.07919066317628,37.07623620789781,36.74892638834701,36.74892638834701,36.74892638834701,36.74892638834701,36.74892638834701,36.74892638834701,36.177607771706136,36.08213778545385,35.87949758078452,35.88127331606218,36.07695780317735,36.077030329164884,36.00267017731763,36.00267017731763,36.00267017731763,36.084058453570115,36.084058453570115,36.084058453570115,36.084058453570115,36.084058453570115,36.084058453570115,36.17513890970869,36.17513890970869,36.17513890970869,36.17513890970869,36.17513890970869,36.17513890970869,36.41546251239074,36.41546251239074,36.540527112397996,,,,,,,,,,,,,,,,,,,,,,,,,,,,,,,,,,,,,,,,,,,,,,,,,38.17928503787879,37.85887455516014,37.5547973601041,37.483721595992115,37.471854623196144,37.10404814487634,37.10404814487634,37.10404814487634,37.10306622516557,36.80423285676465,36.80423285676465,36.80423285676465,36.80423285676465,36.80423285676465,36.80423285676465,36.80423285676465,36.801298280423296,36.42922723619245,35.85357168458781,35.85357168458781,37.85887455516014,36.80423285676465,,,35.87949758078452,36.9542676980501,36.97655213576349,"rgba(38, 166, 154, 0.5)",0.4731135893929806,37.61310686293198,1.0713983881088232,51.84013038663983,-4.948966479680728,False,True,True,False,True,5.877554954163539,0.0,0.0,0.0,0.0,0,1.0959251316046015,0.8791187365958277,False,False,False,False,0.27836367145648927,0.2882412679684426,False,False,False,False,96.0,264.80399284855247,False,False,False,False,16.349558382495943,False,False,False,False
2025-06-04 18:00:00+00:00,38.12,38.16,38.12,38.16,2.0,,,,,,,,,,,,,,,,,,,,,,,,,,,,,,,,,,,,,,,,,,,,,,,,,38.18257843137255,38.20732267037552,38.1954451754386,37.749105145413864,37.75734649122806,37.17269677014739,37.17269677014739,37.17269677014739,37.17269677014739,37.132871494976776,37.123893345216885,37.08012133100844,37.07716782709604,36.75001624431451,36.75001624431451,36.75001624431451,36.75001624431451,36.75001624431451,36.75001624431451,36.17880258899677,36.0833256616801,35.88067227979275,35.88244648713965,36.07785011137459,36.07792241379312,36.00343534380205,36.00343534380205,36.00343534380205,36.084712315739424,36.084712315739424,36.084712315739424,36.084712315739424,36.084712315739424,36.084712315739424,36.175729806683655,36.175729806683655,36.175729806683655,36.175729806683655,36.175729806683655,36.175729806683655,36.415930405405405,36.415930405405405,36.54094978070175,,,,,,,,,,,,,,,,,,,,,,,,,,,,,,,,,,,,,,,,,,,,,,,,,38.17910075329567,37.8593857312019,37.555456824512525,37.48443252904378,37.47257519131517,37.10496837305091,37.10496837305091,37.10496837305091,37.10398691368918,36.8052982804233,36.8052982804233,36.8052982804233,36.8052982804233,36.8052982804233,36.8052982804233,36.8052982804233,36.80236518636005,36.430409638554224,35.85480386888769,35.85480386888769,37.8593857312019,36.8052982804233,,,35.88067227979275,36.95511024005521,36.97746567939318,"rgba(38, 166, 154, 0.5)",0.47464844268572587,37.61360960515693,1.1511475561815787,52.46460682979183,-3.7204509801666816,False,True,True,False,True,6.256747810663114,0.0,0.0,0.0,0.0,0,1.0962025316455697,0.8714703018500487,False,False,False,False,0.2820351706139688,0.28513821929120575,False,False,False,False,98.0,262.2178844322958,False,False,False,False,16.127084609123912,False,False,False,False
2025-06-04 19:00:00+00:00,38.16,38.195,38.1,38.1,8.0,,,,,,,,,,,,,,,,,,,,,,,,,,,,,,,,,,,,,,,,,,,,,,,,,38.18140804597701,38.20649014213663,38.19478081597222,37.75137385717815,37.759522771317826,37.17629178381756,37.17629178381756,37.17629178381756,37.17629178381756,37.13645301060811,37.127473357015994,37.08377570228788,37.080826105810935,36.754312087057926,36.754312087057926,36.754312087057926,36.754312087057926,36.754312087057926,36.754312087057926,36.18353107344633,36.08802908534252,35.885327904170985,35.88709603789837,36.0813858403271,36.08145725760185,36.006469173200294,36.006469173200294,36.006469173200294,36.08730462772414,36.08730462772414,36.08730462772414,36.08730462772414,36.08730462772414,36.08730462772414,36.17807189542484,36.17807189542484,36.17807189542484,36.17807189542484,36.17807189542484,36.17807189542484,36.41778325233982,36.41778325233982,36.54262245881528,,,,,,,,,,,,,,,,,,,,,,,,,,,,,,,,,,,,,,,,,,,,,,,,,38.178052486187845,37.86130658436215,37.55801349602513,37.48719701014414,37.47537834485202,37.10858032834947,37.10858032834947,37.10858032834947,37.107600732600744,36.80949564873419,36.80949564873419,36.80949564873419,36.80949564873419,36.80949564873419,36.80949564873419,36.80949564873419,36.80656851119896,36.43508181714156,35.859687220732795,35.859687220732795,37.86130658436215,36.80949564873419,,,35.885327904170985,36.958398826588386,36.98103919750829,"rgba(38, 166, 154, 0.5)",0.47561962430798327,37.615501075190735,1.0186689111371336,52.01569419671945,-3.580267568076252,False,True,True,False,True,5.580144249677971,0.0,0.0,0.0,0.0,0,1.0946837407838574,0.8705859526581294,False,False,False,False,0.28341389005363166,0.2842760546724187,False,False,False,False,90.0,259.5478397124153,False,False,False,False,16.001083297354548,False,False,False,False
2025-06-05 14:00:00+00:00,38.1,38.43,38.1,38.43,1.0,,,,,,,,,,,,,,,,,,,,,,,,,,,,,,,,,,,,,,,,,,,,,,,,,38.18180515759312,38.20664606227106,38.1949436497616,37.75179506172839,37.75992979908012,37.1768274785324,37.1768274785324,37.1768274785324,37.1768274785324,37.136983273596194,37.12800266311586,37.08431249095384,37.08136324230604,36.754920357420374,36.754920357420374,36.754920357420374,36.754920357420374,36.754920357420374,36.754920357420374,36.184177508825016,36.08866953610713,35.88595718101147,35.88772453285112,36.081867469879526,36.08193876819389,36.00688134687334,36.00688134687334,36.00688134687334,36.08765801413951,36.08765801413951,36.08765801413951,36.08765801413951,36.08765801413951,36.08765801413951,36.17839244737106,36.17839244737106,36.17839244737106,36.17839244737106,36.17839244737106,36.17839244737106,36.41803999640078,36.41803999640078,36.54285604766286,,,,,,,,,,,,,,,,,,,,,,,,,,,,,,,,,,,,,,,,,,,,,,,,,38.178443526170796,37.86171071953011,37.55843588322246,37.48764140875132,37.47582713425433,37.109112820512834,37.109112820512834,37.109112820512834,37.10813342120681,36.81009292210362,36.81009292210362,36.81009292210362,36.81009292210362,36.81009292210362,36.81009292210362,36.81009292210362,36.80716646911631,36.435728666209116,35.860346645224695,35.860346645224695,37.86171071953011,36.81009292210362,,,35.88595718101147,36.95891793823705,36.98158847175872,"rgba(38, 166, 154, 0.5)",0.48049898988355666,37.61591215682131,1.6942550563446033,55.46702088703355,0.1267863927024635,False,False,True,False,True,8.67941695981293,0.0,0.0,0.0,0.0,0,1.1189444663253252,0.8645135880267821,False,False,False,False,0.3051551335567862,0.29471559411460246,False,False,False,False,91.0,256.9346949106724,False,False,False,False,15.768508362511842,False,False,False,False
2025-06-05 15:00:00+00:00,38.43,38.43,38.43,38.43,0.0,,,,,,,,,,,,,,,,,,,,,,,,,,,,,,,,,,,,,,,,,,,,,,,,,38.18180515759312,38.20664606227106,38.1949436497616,37.75179506172839,37.75992979908012,37.1768274785324,37.1768274785324,37.1768274785324,37.1768274785324,37.136983273596194,37.12800266311586,37.08431249095384,37.08136324230604,36.754920357420374,36.754920357420374,36.754920357420374,36.754920357420374,36.754920357420374,36.754920357420374,36.184177508825016,36.08866953610713,35.88595718101147,35.88772453285112,36.081867469879526,36.08193876819389,36.00688134687334,36.00688134687334,36.00688134687334,36.08765801413951,36.08765801413951,36.08765801413951,36.08765801413951,36.08765801413951,36.08765801413951,36.17839244737106,36.17839244737106,36.17839244737106,36.17839244737106,36.17839244737106,36.17839244737106,36.41803999640078,36.41803999640078,36.54285604766286,,,,,,,,,,,,,,,,,,,,,,,,,,,,,,,,,,,,,,,,,,,,,,,,,38.178443526170796,37.86171071953011,37.55843588322246,37.48764140875132,37.47582713425433,37.109112820512834,37.109112820512834,37.109112820512834,37.10813342120681,36.81009292210362,36.81009292210362,36.81009292210362,36.81009292210362,36.81009292210362,36.81009292210362,36.81009292210362,36.80716646911631,36.435728666209116,35.860346645224695,35.860346645224695,37.86171071953011,36.81009292210362,,,35.88595718101147,36.95891793823705,36.98158847175872,"rgba(38, 166, 154, 0.5)",0.4851699989980479,37.61591215682131,1.6779434937442734,57.767905347242944,2.5748572397615206,False,False,True,False,True,8.67941695981293,0.0,0.0,0.0,0.0,0,1.1379035472299723,0.8421681944998005,False,False,False,False,0.33617020656977875,0.3154429003421906,False,False,False,False,91.0,254.36206398182478,False,False,False,False,15.52403536464344,False,False,False,False
2025-06-05 16:00:00+00:00,38.43,38.43,38.15,38.2,21.0,,,,,,,,,,,,,,,,,,,,,,,,,,,,,,,,,,,,,,,,,,,,,,,,,38.18624324324324,38.2081419670672,38.19667299578059,37.7595793824459,37.76744158321411,37.18737786023502,37.18737786023502,37.18737786023502,37.18737786023502,37.147450806332316,37.13845646437996,37.09493617326451,37.091995274914105,36.76710019267825,36.76710019267825,36.76710019267825,36.76710019267825,36.76710019267825,36.76710019267825,36.19728402485469,36.10167522342651,35.8987733504713,35.900524580335734,36.09166416791605,36.091733047823,36.01527955271566,36.01527955271566,36.01527955271566,36.09485460377558,36.09485460377558,36.09485460377558,36.09485460377558,36.09485460377558,36.09485460377558,36.18491396886967,36.18491396886967,36.18491396886967,36.18491396886967,36.18491396886967,36.18491396886967,36.423246074472864,36.423246074472864,36.54758213193535,,,,,,,,,,,,,,,,,,,,,,,,,,,,,,,,,,,,,,,,,,,,,,,,,38.182903645833335,37.86894607843138,37.566508675799085,37.49620052770448,37.484480644596246,37.119639227642296,37.119639227642296,37.119639227642296,37.11866419968076,36.82203333333336,36.82203333333336,36.82203333333336,36.82203333333336,36.82203333333336,36.82203333333336,36.82203333333336,36.819121603970764,36.44878137421921,35.873777540867096,35.873777540867096,37.86894607843138,36.82203333333336,,,35.8987733504713,36.96898739529915,36.9923156424115,"rgba(38, 166, 154, 0.5)",0.4756460566124846,37.62325683765055,1.2125469229304098,55.7930043234403,2.5748572397615206,False,False,True,False,True,6.053332406956287,0.0,0.0,0.0,0.0,0,1.1141950832672485,0.8489294210943693,False,False,False,False,0.3098166131431163,0.3126297567426535,False,False,False,False,70.0,251.50373740846317,False,False,False,False,15.608934041160596,False,False,False,False
2025-06-05 17:00:00+00:00,38.2,38.2,38.2,38.2,0.0,,,,,,,,,,,,,,,,,,,,,,,,,,,,,,,,,,,,,,,,,,,,,,,,,38.18624324324324,38.2081419670672,38.19667299578059,37.7595793824459,37.76744158321411,37.18737786023502,37.18737786023502,37.18737786023502,37.18737786023502,37.147450806332316,37.13845646437996,37.09493617326451,37.091995274914105,36.76710019267825,36.76710019267825,36.76710019267825,36.76710019267825,36.76710019267825,36.76710019267825,36.19728402485469,36.10167522342651,35.8987733504713,35.900524580335734,36.09166416791605,36.091733047823,36.01527955271566,36.01527955271566,36.01527955271566,36.09485460377558,36.09485460377558,36.09485460377558,36.09485460377558,36.09485460377558,36.09485460377558,36.18491396886967,36.18491396886967,36.18491396886967,36.18491396886967,36.18491396886967,36.18491396886967,36.423246074472864,36.423246074472864,36.54758213193535,,,,,,,,,,,,,,,,,,,,,,,,,,,,,,,,,,,,,,,,,,,,,,,,,38.182903645833335,37.86894607843138,37.566508675799085,37.49620052770448,37.484480644596246,37.119639227642296,37.119639227642296,37.119639227642296,37.11866419968076,36.82203333333336,36.82203333333336,36.82203333333336,36.82203333333336,36.82203333333336,36.82203333333336,36.82203333333336,36.819121603970764,36.44878137421921,35.873777540867096,35.873777540867096,37.86894607843138,36.82203333333336,,,35.8987733504713,36.96898739529915,36.9923156424115,"rgba(38, 166, 154, 0.5)",0.46534205185546973,37.62325683765055,1.2393961819048795,54.476403640905204,2.5748572397615206,False,False,True,False,False,6.053332406956287,0.0,0.0,0.0,0.0,0,1.1317923763179243,0.8584752635847525,False,False,False,False,0.2930946985204725,0.302862227631563,False,False,False,False,70.0,248.68972597577383,False,False,False,False,15.36693506377826,False,False,False,False
2025-06-05 18:00:00+00:00,38.2,38.2,38.2,38.2,0.0,,,,,,,,,,,,,,,,,,,,,,,,,,,,,,,,,,,,,,,,,,,,,,,,,38.18624324324324,38.2081419670672,38.19667299578059,37.7595793824459,37.76744158321411,37.18737786023502,37.18737786023502,37.18737786023502,37.18737786023502,37.147450806332316,37.13845646437996,37.09493617326451,37.091995274914105,36.76710019267825,36.76710019267825,36.76710019267825,36.76710019267825,36.76710019267825,36.76710019267825,36.19728402485469,36.10167522342651,35.8987733504713,35.900524580335734,36.09166416791605,36.091733047823,36.01527955271566,36.01527955271566,36.01527955271566,36.09485460377558,36.09485460377558,36.09485460377558,36.09485460377558,36.09485460377558,36.09485460377558,36.18491396886967,36.18491396886967,36.18491396886967,36.18491396886967,36.18491396886967,36.18491396886967,36.423246074472864,36.423246074472864,36.54758213193535,,,,,,,,,,,,,,,,,,,,,,,,,,,,,,,,,,,,,,,,,,,,,,,,,38.182903645833335,37.86894607843138,37.566508675799085,37.49620052770448,37.484480644596246,37.119639227642296,37.119639227642296,37.119639227642296,37.11866419968076,36.82203333333336,36.82203333333336,36.82203333333336,36.82203333333336,36.82203333333336,36.82203333333336,36.82203333333336,36.819121603970764,36.44878137421921,35.873777540867096,35.873777540867096,37.86894607843138,36.82203333333336,,,35.8987733504713,36.96898739529915,36.9923156424115,"rgba(38, 166, 154, 0.5)",0.4635938051959369,37.62325683765055,1.2440700369274615,53.59866985254847,2.5748572397615206,False,False,True,False,False,6.053332406956287,0.0,0.0,0.0,0.0,0,1.1317923763179243,0.8357664233576639,False,False,False,False,0.2930946985204725,0.2979784630760177,False,False,False,False,70.0,245.9193426273122,False,False,False,False,15.128688008525884,False,False,False,False
2025-06-05 19:00:00+00:00,38.2,38.2,38.2,38.2,0.0,,,,,,,,,,,,,,,,,,,,,,,,,,,,,,,,,,,,,,,,,,,,,,,,,38.18624324324324,38.2081419670672,38.19667299578059,37.7595793824459,37.76744158321411,37.18737786023502,37.18737786023502,37.18737786023502,37.18737786023502,37.147450806332316,37.13845646437996,37.09493617326451,37.091995274914105,36.76710019267825,36.76710019267825,36.76710019267825,36.76710019267825,36.76710019267825,36.76710019267825,36.19728402485469,36.10167522342651,35.8987733504713,35.900524580335734,36.09166416791605,36.091733047823,36.01527955271566,36.01527955271566,36.01527955271566,36.09485460377558,36.09485460377558,36.09485460377558,36.09485460377558,36.09485460377558,36.09485460377558,36.18491396886967,36.18491396886967,36.18491396886967,36.18491396886967,36.18491396886967,36.18491396886967,36.423246074472864,36.423246074472864,36.54758213193535,,,,,,,,,,,,,,,,,,,,,,,,,,,,,,,,,,,,,,,,,,,,,,,,,38.182903645833335,37.86894607843138,37.566508675799085,37.49620052770448,37.484480644596246,37.119639227642296,37.119639227642296,37.119639227642296,37.11866419968076,36.82203333333336,36.82203333333336,36.82203333333336,36.82203333333336,36.82203333333336,36.82203333333336,36.82203333333336,36.819121603970764,36.44878137421921,35.873777540867096,35.873777540867096,37.86894607843138,36.82203333333336,,,35.8987733504713,36.96898739529915,36.9923156424115,"rgba(38, 166, 154, 0.5)",0.4616045556161642,37.62325683765055,1.2494312617422,53.01351399364398,2.5748572397615206,False,False,True,False,False,6.053332406956287,0.0,0.0,0.0,0.0,1,1.1317923763179243,0.8357664233576639,False,False,False,False,0.2930946985204725,0.2955365807982451,False,False,False,False,70.0,243.1919109586717,False,False,False,False,14.894134706068119,False,False,False,False
2025-06-06 14:00:00+00:00,38.2,38.2,38.2,38.2,0.0,,,,,,,,,,,,,,,,,,,,,,,,,,,,,,,,,,,,,,,,,,,,,,,,,38.18624324324324,38.2081419670672,38.19667299578059,37.7595793824459,37.76744158321411,37.18737786023502,37.18737786023502,37.18737786023502,37.18737786023502,37.147450806332316,37.13845646437996,37.09493617326451,37.091995274914105,36.76710019267825,36.76710019267825,36.76710019267825,36.76710019267825,36.76710019267825,36.76710019267825,36.19728402485469,36.10167522342651,35.8987733504713,35.900524580335734,36.09166416791605,36.091733047823,36.01527955271566,36.01527955271566,36.01527955271566,36.09485460377558,36.09485460377558,36.09485460377558,36.09485460377558,36.09485460377558,36.09485460377558,36.18491396886967,36.18491396886967,36.18491396886967,36.18491396886967,36.18491396886967,36.18491396886967,36.423246074472864,36.423246074472864,36.54758213193535,,,,,,,,,,,,,,,,,,,,,,,,,,,,,,,,,,,,,,,,,,,,,,,,,38.182903645833335,37.86894607843138,37.566508675799085,37.49620052770448,37.484480644596246,37.119639227642296,37.119639227642296,37.119639227642296,37.11866419968076,36.82203333333336,36.82203333333336,36.82203333333336,36.82203333333336,36.82203333333336,36.82203333333336,36.82203333333336,36.819121603970764,36.44878137421921,35.873777540867096,35.873777540867096,37.86894607843138,36.82203333333336,,,35.8987733504713,36.96898739529915,36.9923156424115,"rgba(38, 166, 154, 0.5)",0.4593711722275388,37.62325683765055,1.2555057809848271,52.623410087707654,2.5748572397615206,False,False,True,False,False,6.053332406956287,0.0,0.0,0.0,0.0,1,1.1317923763179243,0.8357664233576639,False,False,False,False,0.2912977996911946,0.29341719024471985,False,False,False,False,70.0,240.5067650523357,False,False,False,False,14.663217888919775,False,False,False,False
2025-06-06 15:00:00+00:00,38.2,38.2,38.2,38.2,0.0,,,,,,,,,,,,,,,,,,,,,,,,,,,,,,,,,,,,,,,,,,,,,,,,,38.18624324324324,38.2081419670672,38.19667299578059,37.7595793824459,37.76744158321411,37.18737786023502,37.18737786023502,37.18737786023502,37.18737786023502,37.147450806332316,37.13845646437996,37.09493617326451,37.091995274914105,36.76710019267825,36.76710019267825,36.76710019267825,36.76710019267825,36.76710019267825,36.76710019267825,36.19728402485469,36.10167522342651,35.8987733504713,35.900524580335734,36.09166416791605,36.091733047823,36.01527955271566,36.01527955271566,36.01527955271566,36.09485460377558,36.09485460377558,36.09485460377558,36.09485460377558,36.09485460377558,36.09485460377558,36.18491396886967,36.18491396886967,36.18491396886967,36.18491396886967,36.18491396886967,36.18491396886967,36.423246074472864,36.423246074472864,36.54758213193535,,,,,,,,,,,,,,,,,,,,,,,,,,,,,,,,,,,,,,,,,,,,,,,,,38.182903645833335,37.86894607843138,37.566508675799085,37.49620052770448,37.484480644596246,37.119639227642296,37.119639227642296,37.119639227642296,37.11866419968076,36.82203333333336,36.82203333333336,36.82203333333336,36.82203333333336,36.82203333333336,36.82203333333336,36.82203333333336,36.819121603970764,36.44878137421921,35.873777540867096,35.873777540867096,37.86894607843138,36.82203333333336,,,35.8987733504713,36.96898739529915,36.9923156424115,"rgba(38, 166, 154, 0.5)",0.4568900748980748,37.62325683765055,1.2623236836083915,52.36334081708344,6.211510085591797,False,False,True,False,False,6.053332406956287,0.0,0.0,0.0,0.0,0,1.1370800497718794,0.8525508087930318,False,False,False,False,0.2912977996911946,0.29235749496795727,False,False,False,False,70.0,237.8632493150902,False,False,False,False,14.435881177463653,False,False,False,False
2025-06-06 16:00:00+00:00,38.2,38.82,38.2,38.42,4.0,,,,,,,,,,,,,,,,,,,,,,,,,,,,,,,,,,,,,,,,,,,,,,,,38.480000000000004,38.189385026737966,38.20958610004426,38.198100335852224,37.76167515151514,37.769474560152155,37.18977160493829,37.18977160493829,37.18977160493829,37.18977160493829,37.149812435386224,37.140812115891144,37.097316008018346,37.09437607204118,36.76973643709121,36.76973643709121,36.76973643709121,36.76973643709121,36.76973643709121,36.76973643709121,36.20002602602603,36.10438556505224,35.90142484163672,35.90317291238878,36.093708538412166,36.09377692197976,36.0170282014899,36.0170282014899,36.0170282014899,36.096358715644556,36.096358715644556,36.096358715644556,36.096358715644556,36.096358715644556,36.096358715644556,36.18628273942648,36.18628273942648,36.18628273942648,36.18628273942648,36.18628273942648,36.18628273942648,36.424352748632415,36.424352748632415,36.54859466422147,,,,,,,,,,,,,,,,,,,,,,,,,,,,,,,,,,,,,,,,,,,,,,,,,38.18596649484536,37.871053160919544,37.56850646983779,37.498272775144805,37.48656878168152,37.122005072463786,37.122005072463786,37.122005072463786,37.12103071128496,36.824629992169164,36.824629992169164,36.824629992169164,36.824629992169164,36.824629992169164,36.824629992169164,36.824629992169164,36.82172078768912,36.451545877282534,35.87655307064253,35.87655307064253,37.871053160919544,36.824629992169164,,,35.90142484163672,37.066830429258204,36.994809818127315,"rgba(38, 166, 154, 1.0)",0.44059012433040595,37.692381922048256,1.651462522128828,56.14811968696003,6.211510085591797,True,False,True,False,True,8.313126187092458,0.0,0.0,0.0,0.0,0,1.1357568289176427,0.8217293078660912,False,True,False,False,0.34282823384157196,0.31759286440476464,False,False,False,False,74.0,235.32273382183297,False,False,False,False,14.274084570061115,False,False,False,False
2025-06-06 17:00:00+00:00,38.42,38.635,38.42,38.635,1.0,,,,,,,,,,,,,,,,,,,,,,,,,,,,,,,,,,,,,,,,,,,,,,,,38.49666666666667,38.190382222222226,38.21005526083111,38.19855974842767,37.76225775193797,37.77004038964124,37.19040721888016,37.19040721888016,37.19040721888016,37.19040721888016,37.15043844109834,37.14143630247186,37.09794547015889,37.095005715102175,36.770426282051304,36.770426282051304,36.770426282051304,36.770426282051304,36.770426282051304,36.770426282051304,36.20073551486041,36.10508592044053,35.902108258451015,35.90385552989479,36.094236913421774,36.09430516934048,36.01747975409352,36.01747975409352,36.01747975409352,36.096747583018086,36.096747583018086,36.096747583018086,36.096747583018086,36.096747583018086,36.096747583018086,36.18663709998013,36.18663709998013,36.18663709998013,36.18663709998013,36.18663709998013,36.18663709998013,36.42464043936338,36.42464043936338,36.548858546168965,,,,,,,,,,,,,,,,,,,,,,,,,,,,,,,,,,,,,,,,,,,,,,,,,38.186936589545844,37.871649440137816,37.56905009107468,37.49883333333333,37.48713312368972,37.122631464580635,37.122631464580635,37.122631464580635,37.12165725456126,36.82531050228313,36.82531050228313,36.82531050228313,36.82531050228313,36.82531050228313,36.82531050228313,36.82531050228313,36.82240190327209,36.45226417233562,35.877268210451604,35.877268210451604,37.871649440137816,36.82531050228313,,,35.902108258451015,37.06811986693821,36.99547651192887,"rgba(38, 166, 154, 1.0)",0.4263407891209682,37.6937977064412,2.207629008473179,61.25071434712187,7.032516633135764,True,False,True,False,True,10.423783978005886,0.0,0.0,0.0,0.0,0,1.12785016286645,0.8308224755700323,False,False,False,False,0.34282823171324567,0.3302105480590052,False,False,False,False,75.0,232.8371100416495,False,False,False,False,14.068284809284973,False,True,False,False
2025-06-06 18:00:00+00:00,38.635,38.635,37.975,37.975,6.0,,,,,,,,,,,,,,,,,,,,,,,,,,,,,,,,,,,,,,,,,,,,,,,,38.33212121212121,38.19045494313211,38.20993640350876,38.19853308364544,37.76413651712493,37.77185001182871,37.19318874019383,37.19318874019383,37.19318874019383,37.19318874019383,37.15320671378094,37.144202771699504,37.100764453961474,37.097827419125,36.77370619084167,36.77370619084167,36.77370619084167,36.77370619084167,36.77370619084167,36.77370619084167,36.204321246628716,36.10865131267179,35.905634879945325,35.90737765821164,36.09693019943021,36.0969977924945,36.019794213168005,36.019794213168005,36.019794213168005,36.09873018372704,36.09873018372704,36.09873018372704,36.09873018372704,36.09873018372704,36.09873018372704,36.188431883626265,36.188431883626265,36.188431883626265,36.188431883626265,36.188431883626265,36.188431883626265,36.42606795681584,36.42606795681584,36.55015115822537,,,,,,,,,,,,,,,,,,,,,,,,,,,,,,,,,,,,,,,,,,,,,,,,,38.18705907172996,37.873311910882606,37.571095679012345,37.50102483385799,37.48935214211076,37.125420459471194,37.125420459471194,37.125420459471194,37.12444757365686,36.82851945854486,36.82851945854486,36.82851945854486,36.82851945854486,36.82851945854486,36.82851945854486,36.82851945854486,36.82561516452077,36.45581353247342,35.88096377004164,35.88096377004164,37.873311910882606,36.82851945854486,,,35.905634879945325,37.06403763730564,36.99827725182777,"rgba(38, 166, 154, 0.75)",0.4032572893839126,37.68712262307302,0.7138801566781124,54.54984742301781,9.50074382587988,True,False,True,False,False,2.7186190119169744,0.0,0.0,0.0,0.0,0,1.1099551203590377,0.8594451244390042,False,False,False,False,0.28713166933501294,0.3086711086970091,False,False,False,False,69.0,230.29699980844563,False,False,False,False,13.943195122319315,False,False,False,False
2025-06-06 19:00:00+00:00,37.975,37.975,37.53,37.53,219.0,,,,,,,,,,,,,,,,,,,,,,,,,,,,,,,,,,,,,,,,,,,,,,,,37.70960144927537,38.00353055555556,38.09101804562478,38.086843137254895,37.75239954195294,37.759270065520056,37.23771793797152,37.23771793797152,37.23771793797152,37.23771793797152,37.19952275473219,37.19091786474975,37.15028974158185,37.14752671357834,36.84383480825961,36.84383480825961,36.84383480825961,36.84383480825961,36.84383480825961,36.84383480825961,36.2950998312711,36.2006642576731,35.99986326860842,36.00146773410966,36.16762366469349,36.167673809523826,36.08173487949069,36.08173487949069,36.08173487949069,36.151391637489226,36.151391637489226,36.151391637489226,36.151391637489226,36.151391637489226,36.151391637489226,36.235494975719995,36.235494975719995,36.235494975719995,36.235494975719995,36.235494975719995,36.235494975719995,36.46187032201915,36.46187032201915,36.58158524173028,,,,,,,,,,,,,,,,,,,,,,,,,,,,,,,,,,,,,,,,,,,,,,,,,38.005608034744846,37.84250360750361,37.58252392538524,37.519298039215684,37.508755274261596,37.173357086302474,37.173357086302474,37.173357086302474,37.17244954491493,36.895465227817766,36.895465227817766,36.895465227817766,36.895465227817766,36.895465227817766,36.895465227817766,36.895465227817766,36.892741433021826,36.540404949973684,35.97981458228696,35.97981458228696,37.84250360750361,36.895465227817766,,,35.99986326860842,37.070780769105006,37.04061209136135,"rgba(239, 83, 80, 1.0)",0.3861082446366493,37.62986083336006,-0.2586342942612801,46.743941706492244,2.746319985773006,False,True,False,True,False,0.0,0.0,0.0,0.0,0.0,0,1.0617110799438993,0.8883991184131433,False,False,False,False,0.13913838897416603,0.22390474883558756,False,False,False,False,-150.0,224.4009222920356,False,False,False,False,17.12237039174072,False,False,False,False
2025-06-09 14:00:00+00:00,37.53,38.33,37.53,38.325,3.0,,,,,,,,,,,,,,,,,,,,,,,,,,,,,,,,,,,,,,,,,,,,,,,,37.71413447782547,38.00381978993919,38.090928377460955,38.08676930596285,37.752977971737316,37.7598262824443,37.2387526161574,37.2387526161574,37.2387526161574,37.2387526161574,37.20056315366051,37.191959845765204,37.1513590144701,37.148597553039195,36.8451267090995,36.8451267090995,36.8451267090995,36.8451267090995,36.8451267090995,36.8451267090995,36.29658892947458,36.20215743960061,36.00136348936859,36.00296606060606,36.16878280973753,36.16883268747027,36.08274728708597,36.08274728708597,36.08274728708597,36.15226364374113,36.15226364374113,36.15226364374113,36.15226364374113,36.15226364374113,36.15226364374113,36.23628484236833,36.23628484236833,36.23628484236833,36.23628484236833,36.23628484236833,36.23628484236833,36.462496628822485,36.462496628822485,36.58214994276994,,,,,,,,,,,,,,,,,,,,,,,,,,,,,,,,,,,,,,,,,,,,,,,,,38.005880605078346,37.84297696184305,37.58322238419177,37.5200626566416,37.50953183520598,37.17441083432188,37.17441083432188,37.17441083432188,37.17350395256918,36.89672236195954,36.89672236195954,36.89672236195954,36.89672236195954,36.89672236195954,36.89672236195954,36.89672236195954,36.894000598444066,36.54184553872055,35.981381848598915,35.981381848598915,37.84297696184305,36.89672236195954,,,36.00136348936859,37.07194260881276,37.041703863328735,#000000,0.37268653349976033,37.63065327568505,1.8630850913624457,49.081198896424034,2.746319985773006,False,False,False,False,False,5.572731469088776,0.0,0.0,0.0,0.0,0,1.0609297725024731,0.8947576656775469,False,False,False,False,0.17639824658255748,0.20015149770907253,False,False,False,False,-147.0,218.64276845805057,False,False,False,False,16.903418912799005,False,False,False,False
2025-06-09 15:00:00+00:00,38.325,38.325,38.325,38.325,0.0,,,,,,,,,,,,,,,,,,,,,,,,,,,,,,,,,,,,,,,,,,,,,,,,37.71413447782547,38.00381978993919,38.090928377460955,38.08676930596285,37.752977971737316,37.7598262824443,37.2387526161574,37.2387526161574,37.2387526161574,37.2387526161574,37.20056315366051,37.191959845765204,37.1513590144701,37.148597553039195,36.8451267090995,36.8451267090995,36.8451267090995,36.8451267090995,36.8451267090995,36.8451267090995,36.29658892947458,36.20215743960061,36.00136348936859,36.00296606060606,36.16878280973753,36.16883268747027,36.08274728708597,36.08274728708597,36.08274728708597,36.15226364374113,36.15226364374113,36.15226364374113,36.15226364374113,36.15226364374113,36.15226364374113,36.23628484236833,36.23628484236833,36.23628484236833,36.23628484236833,36.23628484236833,36.23628484236833,36.462496628822485,36.462496628822485,36.58214994276994,,,,,,,,,,,,,,,,,,,,,,,,,,,,,,,,,,,,,,,,,,,,,,,,,38.005880605078346,37.84297696184305,37.58322238419177,37.5200626566416,37.50953183520598,37.17441083432188,37.17441083432188,37.17441083432188,37.17350395256918,36.89672236195954,36.89672236195954,36.89672236195954,36.89672236195954,36.89672236195954,36.89672236195954,36.89672236195954,36.894000598444066,36.54184553872055,35.981381848598915,35.981381848598915,37.84297696184305,36.89672236195954,,,36.00136348936859,37.07194260881276,37.041703863328735,#000000,0.35337497629810605,37.63065327568505,1.9649006604508559,50.63937035637856,2.746319985773006,False,False,False,False,True,5.572731469088776,0.0,0.0,0.0,0.0,0,1.0733926805143426,0.8949554896142431,False,False,False,False,0.2847873046316299,0.2424694011703512,False,False,False,False,-147.0,212.973888326918,False,False,False,False,16.641350402523052,False,False,False,False
2025-06-09 16:00:00+00:00,38.325,38.325,37.83,37.83,1.0,,,,,,,,,,,,,,,,,,,,,,,,,,,,,,,,,,,,,,,,,,,,,,,,37.71533475783476,38.003805187637965,38.09083079009833,38.086679687499995,37.75312876427829,37.75997038398692,37.23906903765692,37.23906903765692,37.23906903765692,37.23906903765692,37.20088258946523,37.19228003721426,37.151688819390166,37.14892792089515,36.845533168375184,36.845533168375184,36.845533168375184,36.845533168375184,36.845533168375184,36.845533168375184,36.29706601123596,36.20263680926917,36.00184691238281,36.003448860882216,36.16915527908084,36.16920507069061,36.08307316518974,36.08307316518974,36.08307316518974,36.15254399310311,36.15254399310311,36.15254399310311,36.15254399310311,36.15254399310311,36.15254399310311,36.236538369131715,36.236538369131715,36.236538369131715,36.236538369131715,36.236538369131715,36.236538369131715,36.462696590118306,36.462696590118306,36.58232960325534,,,,,,,,,,,,,,,,,,,,,,,,,,,,,,,,,,,,,,,,,,,,,,,,,38.00586299892126,37.84308633093525,37.58342237332038,37.520285736652575,37.50975900795507,37.17473517786563,37.17473517786563,37.17473517786563,37.17382852627421,36.89711685823757,36.89711685823757,36.89711685823757,36.89711685823757,36.89711685823757,36.89711685823757,36.89711685823757,36.894395788466156,36.5423040917219,35.98188702124101,35.98188702124101,37.84308633093525,36.89711685823757,,,36.00184691238281,37.07228631888123,37.04203712189944,"rgba(239, 83, 80, 0.75)",0.33469655478297855,37.63085640262435,0.5949974522587257,47.993392376258946,2.746319985773006,False,True,False,True,True,0.8395917222143652,0.0,0.0,0.0,0.0,0,1.0527745440434615,0.8969732246798601,False,False,False,False,0.21626536630637958,0.2293673837383654,False,False,False,False,-148.0,207.3773939342526,False,False,False,False,16.398848845894786,False,False,False,False
2025-06-09 17:00:00+00:00,37.83,37.83,37.83,37.83,0.0,,,,,,,,,,,,,,,,,,,,,,,,,,,,,,,,,,,,,,,,,,,,,,,,37.71533475783476,38.003805187637965,38.09083079009833,38.086679687499995,37.75312876427829,37.75997038398692,37.23906903765692,37.23906903765692,37.23906903765692,37.23906903765692,37.20088258946523,37.19228003721426,37.151688819390166,37.14892792089515,36.845533168375184,36.845533168375184,36.845533168375184,36.845533168375184,36.845533168375184,36.845533168375184,36.29706601123596,36.20263680926917,36.00184691238281,36.003448860882216,36.16915527908084,36.16920507069061,36.08307316518974,36.08307316518974,36.08307316518974,36.15254399310311,36.15254399310311,36.15254399310311,36.15254399310311,36.15254399310311,36.15254399310311,36.236538369131715,36.236538369131715,36.236538369131715,36.236538369131715,36.236538369131715,36.236538369131715,36.462696590118306,36.462696590118306,36.58232960325534,,,,,,,,,,,,,,,,,,,,,,,,,,,,,,,,,,,,,,,,,,,,,,,,,38.00586299892126,37.84308633093525,37.58342237332038,37.520285736652575,37.50975900795507,37.17473517786563,37.17473517786563,37.17473517786563,37.17382852627421,36.89711685823757,36.89711685823757,36.89711685823757,36.89711685823757,36.89711685823757,36.89711685823757,36.89711685823757,36.894395788466156,36.5423040917219,35.98188702124101,35.98188702124101,37.84308633093525,36.89711685823757,,,36.00184691238281,37.07228631888123,37.04203712189944,"rgba(239, 83, 80, 1.0)",0.3145549122054889,37.63085640262435,0.6330964472287463,46.2294070561792,2.746319985773006,False,True,False,True,False,0.8395917222143652,0.0,0.0,0.0,0.0,0,1.0527745440434615,0.9161816065192084,False,False,False,False,0.14968935638385553,0.18952837006111045,False,False,False,False,-148.0,201.86766689651228,False,False,False,False,16.144603127353783,False,False,False,False
2025-06-09 18:00:00+00:00,37.83,37.83,37.83,37.83,0.0,,,,,,,,,,,,,,,,,,,,,,,,,,,,,,,,,,,,,,,,,,,,,,,,37.71533475783476,38.003805187637965,38.09083079009833,38.086679687499995,37.75312876427829,37.75997038398692,37.23906903765692,37.23906903765692,37.23906903765692,37.23906903765692,37.20088258946523,37.19228003721426,37.151688819390166,37.14892792089515,36.845533168375184,36.845533168375184,36.845533168375184,36.845533168375184,36.845533168375184,36.845533168375184,36.29706601123596,36.20263680926917,36.00184691238281,36.003448860882216,36.16915527908084,36.16920507069061,36.08307316518974,36.08307316518974,36.08307316518974,36.15254399310311,36.15254399310311,36.15254399310311,36.15254399310311,36.15254399310311,36.15254399310311,36.236538369131715,36.236538369131715,36.236538369131715,36.236538369131715,36.236538369131715,36.236538369131715,36.462696590118306,36.462696590118306,36.58232960325534,,,,,,,,,,,,,,,,,,,,,,,,,,,,,,,,,,,,,,,,,,,,,,,,,38.00586299892126,37.84308633093525,37.58342237332038,37.520285736652575,37.50975900795507,37.17473517786563,37.17473517786563,37.17473517786563,37.17382852627421,36.89711685823757,36.89711685823757,36.89711685823757,36.89711685823757,36.89711685823757,36.89711685823757,36.89711685823757,36.894395788466156,36.5423040917219,35.98188702124101,35.98188702124101,37.84308633093525,36.89711685823757,,,36.00184691238281,37.07228631888123,37.04203712189944,"rgba(239, 83, 80, 1.0)",0.29264808371268985,37.63085640262435,0.6804883013386017,45.0534168427927,2.0709820291927414,False,True,False,True,False,0.8395917222143652,0.0,0.0,0.0,0.0,0,1.0527745440434615,0.9161816065192084,False,False,False,False,0.14968935638385553,0.16960886322248298,False,False,False,False,-148.0,196.44336198338806,False,False,False,False,15.894299202898685,False,False,False,False
2025-06-09 19:00:00+00:00,37.83,37.885,37.745,37.745,17.0,,,,,,,,,,,,,,,,,,,,,,,,,,,,,,,,,,,,,,,,,,,,,,,,37.720504648074375,37.99799785292539,38.085744999999996,38.08186199167467,37.753532675708996,37.760297149787746,37.24297188755021,37.24297188755021,37.24297188755021,37.24297188755021,37.20489350372738,37.19631551155117,37.155913915857624,37.15316466330621,36.851184703677696,36.851184703677696,36.851184703677696,36.851184703677696,36.851184703677696,36.851184703677696,36.30416922933558,36.20982698961939,36.009194638976105,36.01078646713332,36.17476151761519,36.174809997967905,36.08800877938262,36.08800877938262,36.08800877938262,36.156772382397584,36.156772382397584,36.156772382397584,36.156772382397584,36.156772382397584,36.156772382397584,36.24034009203337,36.24034009203337,36.24034009203337,36.24034009203337,36.24034009203337,36.24034009203337,36.46563793776852,36.46563793776852,36.58493824810726,,,,,,,,,,,,,,,,,,,,,,,,,,,,,,,,,,,,,,,,,,,,,,,,,38.00012860892389,37.84246505567401,37.58512764932562,37.52243553898726,37.51198390591147,37.178852898835245,37.178852898835245,37.178852898835245,37.17795068027212,36.902546114482945,36.902546114482945,36.902546114482945,36.902546114482945,36.902546114482945,36.902546114482945,36.902546114482945,36.899837673920814,36.54897049591966,35.989572820384716,35.989572820384716,37.84246505567401,36.902546114482945,,,36.009194638976105,37.075918461102404,37.04612133737954,"rgba(239, 83, 80, 1.0)",0.2785337736484946,37.63122908673473,0.40846361924083,43.58803610385449,0.36669384594419085,False,True,False,True,False,0.03539387388323689,0.0,0.0,0.0,0.0,0,1.049208799691239,0.9145117715167889,False,False,False,False,0.14570214614820148,0.15765550468534223,False,False,False,False,-165.0,190.83958892938205,False,False,False,False,15.91144185091576,False,False,False,False
2025-06-10 14:00:00+00:00,38.39,38.39,38.0,38.0,1.0,,,,,,,,,,,,,,,,,,,,,,,,,,,,,,,,,,,,,,,,,,,,,,,,37.722129629629634,37.99821007502679,38.0857892107892,38.08190818937939,37.75376463339494,37.760521212121205,37.243340254706546,37.243340254706546,37.243340254706546,37.243340254706546,37.20526280771791,37.19668514119822,37.156292054865446,37.15354328165376,36.85163388362021,36.85163388362021,36.85163388362021,36.85163388362021,36.85163388362021,36.85163388362021,36.304679523010996,36.210337945715814,36.00970666344762,36.011297860360365,36.175158843053595,36.1752072328322,36.08835570279761,36.08835570279761,36.08835570279761,36.157071764527394,36.157071764527394,36.157071764527394,36.157071764527394,36.157071764527394,36.157071764527394,36.24061179007909,36.24061179007909,36.24061179007909,36.24061179007909,36.24061179007909,36.24061179007909,36.46585459515751,36.46585459515751,36.58513427218134,,,,,,,,,,,,,,,,,,,,,,,,,,,,,,,,,,,,,,,,,,,,,,,,,38.000332809224325,37.84266927083333,37.58538998555609,37.522718521968635,37.51227068832172,37.17922619047621,37.17922619047621,37.17922619047621,37.17832417941677,36.902984177968136,36.902984177968136,36.902984177968136,36.902984177968136,36.902984177968136,36.902984177968136,36.902984177968136,36.900276390870204,36.549466582993425,35.9901073926074,35.9901073926074,37.84266927083333,36.902984177968136,,,36.00970666344762,37.076338055676494,37.04651155158024,"rgba(239, 83, 80, 1.0)",0.26077296742635525,37.63154350442932,1.4129397659852871,45.362488005832304,0.36669384594419085,False,True,False,True,False,2.3923131096112975,0.0,0.0,0.0,0.0,0,1.0480135567689701,0.8966296366032762,False,False,False,False,0.24850966915606895,0.20308258692070558,False,False,False,False,-164.0,185.33819995373273,False,False,False,False,15.680256705940321,False,False,False,False
2025-06-10 15:00:00+00:00,38.0,38.0,38.0,38.0,0.0,,,,,,,,,,,,,,,,,,,,,,,,,,,,,,,,,,,,,,,,,,,,,,,,37.722129629629634,37.99821007502679,38.0857892107892,38.08190818937939,37.75376463339494,37.760521212121205,37.243340254706546,37.243340254706546,37.243340254706546,37.243340254706546,37.20526280771791,37.19668514119822,37.156292054865446,37.15354328165376,36.85163388362021,36.85163388362021,36.85163388362021,36.85163388362021,36.85163388362021,36.85163388362021,36.304679523010996,36.210337945715814,36.00970666344762,36.011297860360365,36.175158843053595,36.1752072328322,36.08835570279761,36.08835570279761,36.08835570279761,36.157071764527394,36.157071764527394,36.157071764527394,36.157071764527394,36.157071764527394,36.157071764527394,36.24061179007909,36.24061179007909,36.24061179007909,36.24061179007909,36.24061179007909,36.24061179007909,36.46585459515751,36.46585459515751,36.58513427218134,,,,,,,,,,,,,,,,,,,,,,,,,,,,,,,,,,,,,,,,,,,,,,,,,38.000332809224325,37.84266927083333,37.58538998555609,37.522718521968635,37.51227068832172,37.17922619047621,37.17922619047621,37.17922619047621,37.17832417941677,36.902984177968136,36.902984177968136,36.902984177968136,36.902984177968136,36.902984177968136,36.902984177968136,36.902984177968136,36.900276390870204,36.549466582993425,35.9901073926074,35.9901073926074,37.84266927083333,36.902984177968136,,,36.00970666344762,37.076338055676494,37.04651155158024,"rgba(239, 83, 80, 1.0)",0.2560557019914384,37.63154350442932,1.4389700862158623,46.54545594048418,0.36669384594419085,False,True,False,True,False,2.3923131096112975,0.0,0.0,0.0,0.0,0,1.0490478938257357,0.9309482592806307,False,False,False,False,0.1952415792919782,0.19916208310634187,False,False,False,False,-164.0,179.92210383041905,False,False,False,False,15.437151950809463,False,False,False,False
2025-06-10 16:00:00+00:00,38.0,38.0,37.36,37.36,1.0,,,,,,,,,,,,,,,,,,,,,,,,,,,,,,,,,,,,,,,,,,,,,,,,37.72154150197629,37.99752808988764,38.08527777777777,38.08142058165548,37.75365353037766,37.76040783363617,37.24347723813479,37.24347723813479,37.24347723813479,37.24347723813479,37.20540968342645,37.19683419074002,37.15645388694867,37.15370592793492,36.851887289325866,36.851887289325866,36.851887289325866,36.851887289325866,36.851887289325866,36.851887289325866,36.305033994598126,36.210700540924016,36.010084077560556,36.01167470848412,36.17544290938644,36.17549123163384,36.08860794971973,36.08860794971973,36.08860794971973,36.15728661003237,36.15728661003237,36.15728661003237,36.15728661003237,36.15728661003237,36.15728661003237,36.240803383170416,36.240803383170416,36.240803383170416,36.240803383170416,36.240803383170416,36.240803383170416,36.46599874181092,36.46599874181092,36.58525963042834,,,,,,,,,,,,,,,,,,,,,,,,,,,,,,,,,,,,,,,,,,,,,,,,37.57333333333333,37.99966248037677,37.84247811686775,37.58538418350978,37.52274208566108,37.51229901051329,37.17938080292927,37.17938080292927,37.17938080292927,37.17847908496733,36.90322333214415,36.90322333214415,36.90322333214415,36.90322333214415,36.90322333214415,36.90322333214415,36.90322333214415,36.9005163398693,36.549787745713104,35.99050270495215,35.99050270495215,37.84247811686775,36.90322333214415,,,36.010084077560556,37.07641607695235,37.07173302497681,"rgba(239, 83, 80, 1.0)",0.26899743794584435,37.64977300629024,-1.0772333316742517,42.33807278747818,-1.4517123077458365,False,True,False,True,False,0.0,0.0,0.0,0.0,0.0,0,1.0031912896564672,0.9322320255303171,True,False,False,False,0.11000811230540655,0.1545850977058742,False,False,False,False,-165.0,174.57447431366836,True,False,False,False,15.213320137618618,True,False,False,False
2025-06-10 17:00:00+00:00,37.36,37.36,37.36,37.36,0.0,,,,,,,,,,,,,,,,,,,,,,,,,,,,,,,,,,,,,,,,,,,,,,,,37.72154150197629,37.99752808988764,38.08527777777777,38.08142058165548,37.75365353037766,37.76040783363617,37.24347723813479,37.24347723813479,37.24347723813479,37.24347723813479,37.20540968342645,37.19683419074002,37.15645388694867,37.15370592793492,36.851887289325866,36.851887289325866,36.851887289325866,36.851887289325866,36.851887289325866,36.851887289325866,36.305033994598126,36.210700540924016,36.010084077560556,36.01167470848412,36.17544290938644,36.17549123163384,36.08860794971973,36.08860794971973,36.08860794971973,36.15728661003237,36.15728661003237,36.15728661003237,36.15728661003237,36.15728661003237,36.15728661003237,36.240803383170416,36.240803383170416,36.240803383170416,36.240803383170416,36.240803383170416,36.240803383170416,36.46599874181092,36.46599874181092,36.58525963042834,,,,,,,,,,,,,,,,,,,,,,,,,,,,,,,,,,,,,,,,,,,,,,,,37.57333333333333,37.99966248037677,37.84247811686775,37.58538418350978,37.52274208566108,37.51229901051329,37.17938080292927,37.17938080292927,37.17938080292927,37.17847908496733,36.90322333214415,36.90322333214415,36.90322333214415,36.90322333214415,36.90322333214415,36.90322333214415,36.90322333214415,36.9005163398693,36.549787745713104,35.99050270495215,35.99050270495215,37.84247811686775,36.90322333214415,,,36.010084077560556,37.07641607695235,37.07173302497681,"rgba(239, 83, 80, 1.0)",0.2765388068816362,37.64977300629024,-1.047856572311994,39.53315068547418,-4.238010192184795,False,True,False,True,False,0.0,0.0,0.0,0.0,0.0,0,1.0031912896564672,0.9562605594143044,True,False,False,False,0.026341051891523606,0.0904630747986989,False,False,False,False,-165.0,169.30975378167352,True,False,False,False,14.977454709128407,True,False,False,False
2025-06-10 18:00:00+00:00,37.36,37.36,37.36,37.36,0.0,,,,,,,,,,,,,,,,,,,,,,,,,,,,,,,,,,,,,,,,,,,,,,,,37.72154150197629,37.99752808988764,38.08527777777777,38.08142058165548,37.75365353037766,37.76040783363617,37.24347723813479,37.24347723813479,37.24347723813479,37.24347723813479,37.20540968342645,37.19683419074002,37.15645388694867,37.15370592793492,36.851887289325866,36.851887289325866,36.851887289325866,36.851887289325866,36.851887289325866,36.851887289325866,36.305033994598126,36.210700540924016,36.010084077560556,36.01167470848412,36.17544290938644,36.17549123163384,36.08860794971973,36.08860794971973,36.08860794971973,36.15728661003237,36.15728661003237,36.15728661003237,36.15728661003237,36.15728661003237,36.15728661003237,36.240803383170416,36.240803383170416,36.240803383170416,36.240803383170416,36.240803383170416,36.240803383170416,36.46599874181092,36.46599874181092,36.58525963042834,,,,,,,,,,,,,,,,,,,,,,,,,,,,,,,,,,,,,,,,,,,,,,,,37.57333333333333,37.99966248037677,37.84247811686775,37.58538418350978,37.52274208566108,37.51229901051329,37.17938080292927,37.17938080292927,37.17938080292927,37.17847908496733,36.90322333214415,36.90322333214415,36.90322333214415,36.90322333214415,36.90322333214415,36.90322333214415,36.90322333214415,36.9005163398693,36.549787745713104,35.99050270495215,35.99050270495215,37.84247811686775,36.90322333214415,,,36.010084077560556,37.07641607695235,37.07173302497681,"rgba(239, 83, 80, 1.0)",0.2877529909203235,37.64977300629024,-1.007019963071298,37.66320261747152,-6.158197519039206,False,True,False,True,False,0.0,0.0,0.0,0.0,0.0,0,1.0031912896564672,0.9562605594143044,True,False,False,False,0.026341051891523606,0.058402063345111256,False,False,False,False,-165.0,164.12665682381814,True,False,False,False,14.745246108986882,True,False,False,False
2025-06-10 19:00:00+00:00,37.36,37.65,37.36,37.59,10.0,,,,,,,,,,,,,,,,,,,,,,,,,,,,,,,,,,,,,,,,,,,,,,,,37.71438529784538,37.99019483938915,38.07982378129117,38.076215574548904,37.75230518155854,37.75904073851093,37.24467548573792,37.24467548573792,37.24467548573792,37.24467548573792,37.206713036565986,37.198160557088435,37.15791070738309,37.155171105107435,36.85427163517613,36.85427163517613,36.85427163517613,36.85427163517613,36.85427163517613,36.85427163517613,36.30845639453887,36.21420978155127,36.01375190625252,36.015336943441646,36.17819613409031,36.178243800256794,36.091057882539154,36.091057882539154,36.091057882539154,36.159370897707774,36.159370897707774,36.159370897707774,36.159370897707774,36.159370897707774,36.159370897707774,36.24265886687723,36.24265886687723,36.24265886687723,36.24265886687723,36.24265886687723,36.24265886687723,36.46738615191299,36.46738615191299,36.58646078804003,,,,,,,,,,,,,,,,,,,,,,,,,,,,,,,,,,,,,,,,,,,,,37.53333333333333,37.53333333333333,37.53333333333333,37.53696969696969,37.99245492014426,37.840299506694855,37.58513489782886,37.52279116465863,37.51239612188365,37.180763970300916,37.180763970300916,37.180763970300916,37.17986523437501,36.90546332503853,36.90546332503853,36.90546332503853,36.90546332503853,36.90546332503853,36.90546332503853,36.90546332503853,36.90276435760806,36.55286324786326,35.99434537152346,35.99434537152346,37.840299506694855,36.90546332503853,,,36.01375190625252,37.07696814932689,37.12894854488524,"rgba(239, 83, 80, 1.0)",0.2922109259165948,37.69301194791325,-0.3525259967269249,39.40202840984848,-6.158197519039206,False,True,False,True,False,0.0,0.0,0.0,0.0,0.0,0,1.0031569173630455,0.9459610027855153,True,False,False,False,0.06413704496262874,0.061269554153870004,False,False,False,False,-155.0,159.1789567180225,False,False,False,False,14.671676401870807,False,False,False,False
2025-06-11 14:00:00+00:00,37.59,37.67,37.59,37.67,1.0,,,,,,,,,,,,,,,,,,,,,,,,,,,,,,,,,,,,,,,,,,,,,,,,37.71411616161617,37.989647739221866,38.07939289239881,38.075804870335226,37.752238532110084,37.75897111913357,37.24484022038568,37.24484022038568,37.24484022038568,37.24484022038568,37.20688650509867,37.19833596007356,37.15809827408554,37.15535943930042,36.85454762737556,36.85454762737556,36.85454762737556,36.85454762737556,36.85454762737556,36.85454762737556,36.30882822655525,36.21458885941646,36.01414419836304,36.01572866538339,36.17849314142849,36.17854073773816,36.09132106928904,36.09132106928904,36.09132106928904,36.15959563834622,36.15959563834622,36.15959563834622,36.15959563834622,36.15959563834622,36.15959563834622,36.242859911009056,36.242859911009056,36.242859911009056,36.242859911009056,36.242859911009056,36.242859911009056,36.467538991421875,36.467538991421875,36.58659467105818,,,,,,,,,,,,,,,,,,,,,,,,,,,,,,,,,,,,,,,,,,,,,37.54333333333333,37.54333333333333,37.54333333333333,37.54583333333333,37.99191615226338,37.84016079812207,37.58516275730014,37.52284699706653,37.51245654514689,37.18094466145835,37.18094466145835,37.18094466145835,37.18004620590915,36.90572553897182,36.90572553897182,36.90572553897182,36.90572553897182,36.90572553897182,36.90572553897182,36.90572553897182,36.90302734375001,36.55320412628947,35.994755976095625,35.994755976095625,37.84016079812207,36.90572553897182,,,36.01414419836304,37.077091249212664,37.130711623689585,"rgba(239, 83, 80, 0.75)",0.2949805001950201,37.694820743766805,-0.08414367644774204,41.520256024063684,-6.158197519039206,False,True,False,True,True,0.0,0.0,0.0,0.0,0.0,0,1.0120114394661583,0.9734985700667301,False,False,False,False,0.09686336747625292,0.07906646081506147,False,False,False,False,-154.0,154.3234690169679,False,False,False,False,14.459712426648004,False,False,False,False
2025-06-11 15:00:00+00:00,37.67,37.67,37.67,37.67,0.0,,,,,,,,,,,,,,,,,,,,,,,,,,,,,,,,,,,,,,,,,,,,,,,,37.71411616161617,37.989647739221866,38.07939289239881,38.075804870335226,37.752238532110084,37.75897111913357,37.24484022038568,37.24484022038568,37.24484022038568,37.24484022038568,37.20688650509867,37.19833596007356,37.15809827408554,37.15535943930042,36.85454762737556,36.85454762737556,36.85454762737556,36.85454762737556,36.85454762737556,36.85454762737556,36.30882822655525,36.21458885941646,36.01414419836304,36.01572866538339,36.17849314142849,36.17854073773816,36.09132106928904,36.09132106928904,36.09132106928904,36.15959563834622,36.15959563834622,36.15959563834622,36.15959563834622,36.15959563834622,36.15959563834622,36.242859911009056,36.242859911009056,36.242859911009056,36.242859911009056,36.242859911009056,36.242859911009056,36.467538991421875,36.467538991421875,36.58659467105818,,,,,,,,,,,,,,,,,,,,,,,,,,,,,,,,,,,,,,,,,,,,,37.54333333333333,37.54333333333333,37.54333333333333,37.54583333333333,37.99191615226338,37.84016079812207,37.58516275730014,37.52284699706653,37.51245654514689,37.18094466145835,37.18094466145835,37.18094466145835,37.18004620590915,36.90572553897182,36.90572553897182,36.90572553897182,36.90572553897182,36.90572553897182,36.90572553897182,36.90572553897182,36.90302734375001,36.55320412628947,35.994755976095625,35.994755976095625,37.84016079812207,36.90572553897182,,,36.01414419836304,37.077091249212664,37.130711623689585,"rgba(239, 83, 80, 0.75)",0.29769762154522317,37.694820743766805,-0.08337568717535879,42.93240776687382,-6.158197519039206,False,True,False,True,True,0.0,0.0,0.0,0.0,0.0,0,1.0329802118728764,0.9722166699980012,False,False,False,False,0.10737627650256515,0.09322136865881331,False,False,False,False,-154.0,149.5432601949994,False,False,False,False,14.235530838637956,False,False,False,False
2025-06-11 16:00:00+00:00,37.67,37.67,37.67,37.67,0.0,,,,,,,,,,,,,,,,,,,,,,,,,,,,,,,,,,,,,,,,,,,,,,,,37.71411616161617,37.989647739221866,38.07939289239881,38.075804870335226,37.752238532110084,37.75897111913357,37.24484022038568,37.24484022038568,37.24484022038568,37.24484022038568,37.20688650509867,37.19833596007356,37.15809827408554,37.15535943930042,36.85454762737556,36.85454762737556,36.85454762737556,36.85454762737556,36.85454762737556,36.85454762737556,36.30882822655525,36.21458885941646,36.01414419836304,36.01572866538339,36.17849314142849,36.17854073773816,36.09132106928904,36.09132106928904,36.09132106928904,36.15959563834622,36.15959563834622,36.15959563834622,36.15959563834622,36.15959563834622,36.15959563834622,36.242859911009056,36.242859911009056,36.242859911009056,36.242859911009056,36.242859911009056,36.242859911009056,36.467538991421875,36.467538991421875,36.58659467105818,,,,,,,,,,,,,,,,,,,,,,,,,,,,,,,,,,,,,,,,,,,,,37.54333333333333,37.54333333333333,37.54333333333333,37.54583333333333,37.99191615226338,37.84016079812207,37.58516275730014,37.52284699706653,37.51245654514689,37.18094466145835,37.18094466145835,37.18094466145835,37.18004620590915,36.90572553897182,36.90572553897182,36.90572553897182,36.90572553897182,36.90572553897182,36.90572553897182,36.90572553897182,36.90302734375001,36.55320412628947,35.994755976095625,35.994755976095625,37.84016079812207,36.90572553897182,,,36.01414419836304,37.077091249212664,37.130711623689585,"rgba(239, 83, 80, 0.75)",0.3003637134544879,37.694820743766805,-0.08263562692490083,43.873842262080586,-11.69856519648905,False,True,False,True,True,0.0,0.0,0.0,0.0,0.0,0,1.0329802118728764,0.9238456925844492,False,False,False,False,0.10737627650256515,0.10029882258068923,False,False,False,False,-154.0,144.83716313771257,False,False,False,False,14.014824934162949,False,False,False,False
2025-06-11 17:00:00+00:00,37.67,37.67,37.67,37.67,0.0,,,,,,,,,,,,,,,,,,,,,,,,,,,,,,,,,,,,,,,,,,,,,,,,37.71411616161617,37.989647739221866,38.07939289239881,38.075804870335226,37.752238532110084,37.75897111913357,37.24484022038568,37.24484022038568,37.24484022038568,37.24484022038568,37.20688650509867,37.19833596007356,37.15809827408554,37.15535943930042,36.85454762737556,36.85454762737556,36.85454762737556,36.85454762737556,36.85454762737556,36.85454762737556,36.30882822655525,36.21458885941646,36.01414419836304,36.01572866538339,36.17849314142849,36.17854073773816,36.09132106928904,36.09132106928904,36.09132106928904,36.15959563834622,36.15959563834622,36.15959563834622,36.15959563834622,36.15959563834622,36.15959563834622,36.242859911009056,36.242859911009056,36.242859911009056,36.242859911009056,36.242859911009056,36.242859911009056,36.467538991421875,36.467538991421875,36.58659467105818,,,,,,,,,,,,,,,,,,,,,,,,,,,,,,,,,,,,,,,,,,,,,37.54333333333333,37.54333333333333,37.54333333333333,37.54583333333333,37.99191615226338,37.84016079812207,37.58516275730014,37.52284699706653,37.51245654514689,37.18094466145835,37.18094466145835,37.18094466145835,37.18004620590915,36.90572553897182,36.90572553897182,36.90572553897182,36.90572553897182,36.90572553897182,36.90572553897182,36.90572553897182,36.90302734375001,36.55320412628947,35.994755976095625,35.994755976095625,37.84016079812207,36.90572553897182,,,36.01414419836304,37.077091249212664,37.130711623689585,"rgba(239, 83, 80, 0.75)",0.3029801230357606,37.694820743766805,-0.08192202022399105,44.50146525888509,-10.756341837492236,False,True,False,True,True,0.0,0.0,0.0,0.0,0.0,0,1.052331500712686,0.9224190592547341,False,False,False,False,0.09812913106123462,0.09921397682096192,False,False,False,False,-154.0,140.20402882549996,False,False,False,False,13.797540826656546,False,False,False,False
2025-06-11 18:00:00+00:00,37.67,37.76,37.67,37.76,1.0,,,,,,,,,,,,,,,,,,,,,,,,,,,,,,,,,,,,,,,,,,,,,,,,37.71417610062893,37.98923884514436,38.0790483234714,38.07547709320695,37.7522249388753,37.7589536981359,37.24504061682501,37.24504061682501,37.24504061682501,37.24504061682501,37.207094254699506,37.19854535906526,37.15831917085105,37.15558105154905,36.85485372960375,36.85485372960375,36.85485372960375,36.85485372960375,36.85485372960375,36.85485372960375,36.309223985890654,36.21499071864229,36.01455716004815,36.01614104722959,36.17880759356845,36.17885511651471,36.091598858563614,36.091598858563614,36.091598858563614,36.15983343428227,36.15983343428227,36.15983343428227,36.15983343428227,36.15983343428227,36.15983343428227,36.243073335246855,36.243073335246855,36.243073335246855,36.243073335246855,36.243073335246855,36.243073335246855,36.46770305393111,36.46770305393111,36.58673949757229,,,,,,,,,,,,,,,,,,,,,,,,,,,,,,,,,,,,,,,,,,,,,37.55888888888889,37.55888888888889,37.55888888888889,37.559999999999995,37.99151258346174,37.84008327468919,37.585232057416256,37.52294290123456,37.512556888068865,37.18115905245348,37.18115905245348,37.18115905245348,37.18026086390841,36.90601835405567,36.90601835405567,36.90601835405567,36.90601835405567,36.90601835405567,36.90601835405567,36.90601835405567,36.9033209087682,36.55357187500001,35.99518795120738,35.99518795120738,37.84008327468919,36.90601835405567,,,36.01455716004815,37.07726656743717,37.13342206489079,"rgba(239, 83, 80, 0.75)",0.30421362219292186,37.69779486742914,0.20447845866485007,46.42444324817035,-8.614005131477334,False,True,False,True,True,0.3836498316274515,0.0,0.0,0.0,0.0,0,1.0462867722690805,0.9195638757457313,False,False,False,False,0.10860491412351553,0.10390944547223872,False,False,False,False,-153.0,135.65822992898057,False,False,False,False,13.599129340971947,False,False,False,False
2025-06-11 19:00:00+00:00,37.76,37.76,37.38,37.41,6.0,,,,,,,,,,,,,,,,,,,,,,,,,,,,,,,,,,,,,,,,,,,,,,,,37.709803198031985,37.9848153926157,38.07574019607843,38.07231699654414,37.751364190012175,37.758082684242055,37.24571212745503,37.24571212745503,37.24571212745503,37.24571212745503,37.20783016376124,37.199295350360195,37.15914771997432,37.15641464665898,36.85623924168413,36.85623924168413,36.85623924168413,36.85623924168413,36.85623924168413,36.85623924168413,36.31123806876101,36.21705851204662,36.01672314347515,36.018303707262405,36.18043252361675,36.18047965998788,36.09304685294949,36.09304685294949,36.09304685294949,36.16106505295009,36.16106505295009,36.16106505295009,36.16106505295009,36.16106505295009,36.16106505295009,36.24416905649557,36.24416905649557,36.24416905649557,36.24416905649557,36.24416905649557,36.24416905649557,36.468520322036085,36.468520322036085,36.587445681981166,,,,,,,,,,,,,,,,,,,,,,,,,,,,,,,,,,,,,,,,,,,,,37.54481481481481,37.54481481481481,37.54481481481481,37.54631578947368,37.987162849872774,37.83872342910535,37.585035782442745,37.522925515543236,37.512568230604096,37.18194325412286,37.18194325412286,37.18194325412286,37.181046858774664,36.90731714522039,36.90731714522039,36.90731714522039,36.90731714522039,36.90731714522039,36.90731714522039,36.90731714522039,36.90462451292952,36.5553742981909,35.99745712155109,35.99745712155109,37.83872342910535,36.90731714522039,,,36.01672314347515,37.07755401813465,37.13167440555812,"rgba(239, 83, 80, 1.0)",0.3124938630024996,37.693627202166795,-0.907624871226765,43.234203120336886,-8.614005131477334,False,True,False,True,False,0.0,0.0,0.0,0.0,0.0,0,1.0261292282762813,0.9147255418270205,False,False,False,False,0.06870145602723315,0.08630545074973595,False,False,False,False,-159.0,131.08988527891884,False,False,False,False,13.481313382197188,False,False,False,False
2025-06-12 14:00:00+00:00,37.41,37.75,37.41,37.66,104.0,,,,,,,,,,,,,,,,,,,,,,,,,,,,,,,,,,,,,,,,,,,,,,,,37.681200000000004,37.93202684563758,38.03233837485172,38.030748211731044,37.74274532264223,37.74920097762737,37.26054392203346,37.26054392203346,37.26054392203346,37.26054392203346,37.22361364789448,37.21528878822198,37.176391873533426,37.17373843877175,36.88251683501685,36.88251683501685,36.88251683501685,36.88251683501685,36.88251683501685,36.88251683501685,36.347640277402505,36.254296143605615,36.05549316139118,36.05701702991955,36.20983941316417,36.20987974892635,36.11924363454819,36.11924363454819,36.11924363454819,36.183457452090174,36.183457452090174,36.183457452090174,36.183457452090174,36.183457452090174,36.183457452090174,36.264188800979575,36.264188800979575,36.264188800979575,36.264188800979575,36.264188800979575,36.264188800979575,36.483685885116365,36.483685885116365,36.60068727878408,,,,,,,,,,,,,,,,,,,,,,,,,,,,,,,,,,,,,,,,,,,,,37.59754098360656,37.59754098360656,37.59754098360656,37.597344173441726,37.935026350461136,37.822959939037666,37.58605833333333,37.52676211453744,37.5168642083699,37.198480594034706,37.198480594034706,37.198480594034706,37.1976128992016,36.93218290598293,36.93218290598293,36.93218290598293,36.93218290598293,36.93218290598293,36.93218290598293,36.93218290598293,36.92956895569982,36.58840584088621,36.038009046119065,36.038009046119065,37.822959939037666,36.93218290598293,,,36.05549316139118,37.08875420818518,37.1537485825838,"rgba(239, 83, 80, 1.0)",0.31507473730831076,37.68987398868146,-0.09481556324280352,44.824426953645954,-8.614005131477334,False,True,False,True,False,0.0,0.0,0.0,0.0,0.0,0,1.0269730269730268,0.9162837162837162,False,False,False,False,-0.02992261367044451,0.02819141853964572,False,False,False,False,-55.0,128.20477077847048,False,False,False,False,14.88470387239568,False,False,False,False
2025-06-12 15:00:00+00:00,37.66,37.66,37.66,37.66,0.0,,,,,,,,,,,,,,,,,,,,,,,,,,,,,,,,,,,,,,,,,,,,,,,,37.681200000000004,37.93202684563758,38.03233837485172,38.030748211731044,37.74274532264223,37.74920097762737,37.26054392203346,37.26054392203346,37.26054392203346,37.26054392203346,37.22361364789448,37.21528878822198,37.176391873533426,37.17373843877175,36.88251683501685,36.88251683501685,36.88251683501685,36.88251683501685,36.88251683501685,36.88251683501685,36.347640277402505,36.254296143605615,36.05549316139118,36.05701702991955,36.20983941316417,36.20987974892635,36.11924363454819,36.11924363454819,36.11924363454819,36.183457452090174,36.183457452090174,36.183457452090174,36.183457452090174,36.183457452090174,36.183457452090174,36.264188800979575,36.264188800979575,36.264188800979575,36.264188800979575,36.264188800979575,36.264188800979575,36.483685885116365,36.483685885116365,36.60068727878408,,,,,,,,,,,,,,,,,,,,,,,,,,,,,,,,,,,,,,,,,,,,,37.59754098360656,37.59754098360656,37.59754098360656,37.597344173441726,37.935026350461136,37.822959939037666,37.58605833333333,37.52676211453744,37.5168642083699,37.198480594034706,37.198480594034706,37.198480594034706,37.1976128992016,36.93218290598293,36.93218290598293,36.93218290598293,36.93218290598293,36.93218290598293,36.93218290598293,36.93218290598293,36.92956895569982,36.58840584088621,36.038009046119065,36.038009046119065,37.822959939037666,36.93218290598293,,,36.05549316139118,37.08875420818518,37.1537485825838,"rgba(239, 83, 80, 0.75)",0.3176071855675428,37.68987398868146,-0.09405954915057424,45.884576175852,-8.614005131477334,False,True,False,True,True,0.0,0.0,0.0,0.0,0.0,0,1.0391368732811508,0.9739792680346945,False,False,False,False,0.0004748011594298209,0.01433310984953777,False,False,False,False,-55.0,125.36438673539341,False,False,False,False,14.653933269722877,False,False,False,False
2025-06-12 16:00:00+00:00,37.66,37.8,37.66,37.8,1.0,,,,,,,,,,,,,,,,,,,,,,,,,,,,,,,,,,,,,,,,,,,,,,,,37.68139184397163,37.9317873100983,38.03209037037037,38.03051029159519,37.742751383323785,37.74920330702743,37.260738546603484,37.260738546603484,37.260738546603484,37.260738546603484,37.223815138836066,37.21549182389938,37.17660555555557,37.173952785996065,36.88280994053631,36.88280994053631,36.88280994053631,36.88280994053631,36.88280994053631,36.88280994053631,36.34801998919503,36.254682294350005,36.055891154867965,36.05741447985006,36.21014535844071,36.210185625578035,36.11951552967278,36.11951552967278,36.11951552967278,36.18369123852074,36.18369123852074,36.18369123852074,36.18369123852074,36.18369123852074,36.18369123852074,36.264399161840196,36.264399161840196,36.264399161840196,36.264399161840196,36.264399161840196,36.264399161840196,36.483848535314706,36.483848535314706,36.60083125156132,,,,,,,,,,,,,,,,,,,,,,,,,,,,,,,,,,,,,,,,,,,,,37.59880758807588,37.59880758807588,37.59880758807588,37.59860215053762,37.934787280701755,37.82291449086162,37.586134332878984,37.526861881696746,37.51696796840718,37.198688248503004,37.198688248503004,37.198688248503004,37.197820800598585,36.93246354522672,36.93246354522672,36.93246354522672,36.93246354522672,36.93246354522672,36.93246354522672,36.93246354522672,36.92985029599272,36.5887576764321,36.03842458010337,36.03842458010337,37.82291449086162,36.93246354522672,,,36.055891154867965,37.088942676680375,37.15413659852657,#000000,0.31827861894744147,37.714734573255036,0.26789555335805026,48.51927646400723,-6.2997309586916685,False,False,False,False,True,0.8439320908531691,0.0,0.0,0.0,0.0,0,0.9947423764458465,0.9539432176656151,False,False,False,False,0.027071338856484356,0.020702224353011063,False,False,False,False,-54.0,122.58354353019351,False,False,False,False,14.442244381820197,False,False,False,False
2025-06-12 17:00:00+00:00,37.8,37.8,37.65,37.65,1.0,,,,,,,,,,,,,,,,,,,,,,,,,,,,,,,,,,,,,,,,,,,,,,,37.699999999999996,37.68144120247569,37.93147701918786,38.03179544108939,38.03022707797771,37.74272692601067,37.74917558685445,37.26091196210028,37.26091196210028,37.26091196210028,37.26091196210028,37.223996197718634,37.215674588205715,37.17679933358017,37.174147258163906,36.88308490354421,36.88308490354421,36.88308490354421,36.88308490354421,36.88308490354421,36.88308490354421,36.34838509316771,36.25505451111685,36.05627646277636,36.05779925040994,36.21044061302684,36.21048081368472,36.1197784617091,36.1197784617091,36.1197784617091,36.183917014095705,36.183917014095705,36.183917014095705,36.183917014095705,36.183917014095705,36.183917014095705,36.26460193032017,36.26460193032017,36.26460193032017,36.26460193032017,36.26460193032017,36.26460193032017,36.48400431236923,36.48400431236923,36.60096852753839,,,,,,,,,,,,,,,,,,,,,,,,,,,,,,,,,,,,,,,,,,,,,37.59962365591397,37.59962365591397,37.59962365591397,37.599413333333324,37.93447875602278,37.822834311806915,37.58618604299121,37.52693808685445,37.51704824561402,37.19887579498692,37.19887579498692,37.19887579498692,37.1980086013463,36.93272577155223,36.93272577155223,36.93272577155223,36.93272577155223,36.93272577155223,36.93272577155223,36.93272577155223,36.930113235461484,36.589093196457334,36.03882699604425,36.03882699604425,37.822834311806915,36.93272577155223,,,36.05627646277636,37.14868532873606,37.15443110648102,#000000,0.32090831111698526,37.735453002389,-0.2662847904797664,48.15595654901855,-6.2997309586916685,False,False,False,False,True,0.0,0.0,0.0,0.0,0.0,0,0.9943573667711599,0.95423197492163,False,False,False,False,0.025170761627899906,0.022936492990455484,False,False,False,False,-55.0,119.83031029716724,False,False,False,False,14.233837492179573,False,False,False,False
2025-06-12 18:00:00+00:00,37.65,37.65,37.65,37.65,0.0,,,,,,,,,,,,,,,,,,,,,,,,,,,,,,,,,,,,,,,,,,,,,,,37.699999999999996,37.68144120247569,37.93147701918786,38.03179544108939,38.03022707797771,37.74272692601067,37.74917558685445,37.26091196210028,37.26091196210028,37.26091196210028,37.26091196210028,37.223996197718634,37.215674588205715,37.17679933358017,37.174147258163906,36.88308490354421,36.88308490354421,36.88308490354421,36.88308490354421,36.88308490354421,36.88308490354421,36.34838509316771,36.25505451111685,36.05627646277636,36.05779925040994,36.21044061302684,36.21048081368472,36.1197784617091,36.1197784617091,36.1197784617091,36.183917014095705,36.183917014095705,36.183917014095705,36.183917014095705,36.183917014095705,36.183917014095705,36.26460193032017,36.26460193032017,36.26460193032017,36.26460193032017,36.26460193032017,36.26460193032017,36.48400431236923,36.48400431236923,36.60096852753839,,,,,,,,,,,,,,,,,,,,,,,,,,,,,,,,,,,,,,,,,,,,,37.59962365591397,37.59962365591397,37.59962365591397,37.599413333333324,37.93447875602278,37.822834311806915,37.58618604299121,37.52693808685445,37.51704824561402,37.19887579498692,37.19887579498692,37.19887579498692,37.1980086013463,36.93272577155223,36.93272577155223,36.93272577155223,36.93272577155223,36.93272577155223,36.93272577155223,36.93272577155223,36.930113235461484,36.589093196457334,36.03882699604425,36.03882699604425,37.822834311806915,36.93272577155223,,,36.05627646277636,37.14868532873606,37.15443110648102,#000000,0.32118656698346426,37.735453002389,-0.2660540980638257,47.913743272359426,-6.2997309586916685,False,False,False,False,True,0.0,0.0,0.0,0.0,0.0,0,0.9943573667711599,0.9605015673981191,False,False,False,False,-0.0033237720483983383,0.009806360471028574,False,False,False,False,-55.0,117.11976285069953,False,False,False,False,14.013157841138028,False,False,False,False
2025-06-12 19:00:00+00:00,37.65,37.65,37.535,37.59,2.0,,,,,,,,,,,,,,,,,,,,,,,,,,,,,,,,,,,,,,,,,,,,,,,37.62777777777777,37.6809674582234,37.93056964842012,38.03101507092198,38.02947676076418,37.74255428571428,37.74899831176139,37.261172912557534,37.261172912557534,37.261172912557534,37.261172912557534,37.22427558257346,37.21595803492902,37.177106301640165,37.174455732052714,36.883561421206025,36.883561421206025,36.883561421206025,36.883561421206025,36.883561421206025,36.883561421206025,36.349056230319384,36.25574259974261,36.056995783555884,36.058517521267476,36.2109878499736,36.21102792632206,36.12026803037864,36.12026803037864,36.12026803037864,36.18433611193809,36.18433611193809,36.18433611193809,36.18433611193809,36.18433611193809,36.18433611193809,36.264976701496764,36.264976701496764,36.264976701496764,36.264976701496764,36.264976701496764,36.264976701496764,36.48428800102445,36.48428800102445,36.601215923752434,,,,,,,,,,,,,,,,,,,,,,,,,,,,,,,,,,,,,,,,,,,,,37.59949735449735,37.59949735449735,37.59949735449735,37.59929133858267,37.93358016601136,37.822533116178064,37.58619101633393,37.526995016124296,37.5171136430032,37.199169470404996,37.199169470404996,37.199169470404996,37.19830281514699,36.93317571412315,36.93317571412315,36.93317571412315,36.93317571412315,36.93317571412315,36.93317571412315,36.93317571412315,36.930564653701815,36.589698249849135,36.03957879448076,36.03957879448076,37.822533116178064,36.93317571412315,,,36.056995783555884,37.145981091085204,37.154652419894255,"rgba(239, 83, 80, 0.5)",0.32215001261903436,37.728160641202244,-0.42887051308492613,46.8594403929625,-6.2997309586916685,False,False,False,True,True,0.0,0.0,0.0,0.0,0.0,0,1.0030146425495259,0.9808354866494401,False,False,False,False,-0.02517079963758346,-0.0076822195832774425,False,False,False,False,-57.0,114.42023164371194,False,False,False,False,13.826907331973096,False,False,False,False
2025-06-13 14:00:00+00:00,37.59,37.59,37.59,37.59,0.0,,,,,,,,,,,,,,,,,,,,,,,,,,,,,,,,,,,,,,,,,,,,,,,37.62777777777777,37.6809674582234,37.93056964842012,38.03101507092198,38.02947676076418,37.74255428571428,37.74899831176139,37.261172912557534,37.261172912557534,37.261172912557534,37.261172912557534,37.22427558257346,37.21595803492902,37.177106301640165,37.174455732052714,36.883561421206025,36.883561421206025,36.883561421206025,36.883561421206025,36.883561421206025,36.883561421206025,36.349056230319384,36.25574259974261,36.056995783555884,36.058517521267476,36.2109878499736,36.21102792632206,36.12026803037864,36.12026803037864,36.12026803037864,36.18433611193809,36.18433611193809,36.18433611193809,36.18433611193809,36.18433611193809,36.18433611193809,36.264976701496764,36.264976701496764,36.264976701496764,36.264976701496764,36.264976701496764,36.264976701496764,36.48428800102445,36.48428800102445,36.601215923752434,,,,,,,,,,,,,,,,,,,,,,,,,,,,,,,,,,,,,,,,,,,,,37.59949735449735,37.59949735449735,37.59949735449735,37.59929133858267,37.93358016601136,37.822533116178064,37.58619101633393,37.526995016124296,37.5171136430032,37.199169470404996,37.199169470404996,37.199169470404996,37.19830281514699,36.93317571412315,36.93317571412315,36.93317571412315,36.93317571412315,36.93317571412315,36.93317571412315,36.93317571412315,36.930564653701815,36.589698249849135,36.03957879448076,36.03957879448076,37.822533116178064,36.93317571412315,,,36.056995783555884,37.145981091085204,37.154652419894255,"rgba(239, 83, 80, 1.0)",0.32224748477103066,37.728160641202244,-0.42874079001860693,46.156571806697876,-6.2997309586916685,False,True,False,True,False,0.0,0.0,0.0,0.0,0.0,0,0.9791349706585526,0.9832645077157137,False,False,False,False,-0.02612106467053024,-0.01690164212690384,False,False,False,False,-57.0,111.76255363373191,False,False,False,False,13.612536675663435,False,False,False,False
2025-06-13 15:00:00+00:00,37.59,37.59,37.36,37.36,1.0,,,,,,,,,,,,,,,,,,,,,,,,,,,,,,,,,,,,,,,,,,,,,,,37.58,37.68032456140351,37.92991111111111,38.03048863300856,38.028970085470085,37.74237959261373,37.74882264716909,37.26124211356467,37.26124211356467,37.26124211356467,37.26124211356467,37.22435624762628,37.21604119567949,37.177202292899416,37.17455256031512,36.883747338935585,36.883747338935585,36.883747338935585,36.883747338935585,36.883747338935585,36.883747338935585,36.349349703184025,36.25604649167955,36.057318891491036,36.05884012172286,36.21123060672082,36.211270627062724,36.12048691941028,36.12048691941028,36.12048691941028,36.18452249838767,36.18452249838767,36.18452249838767,36.18452249838767,36.18452249838767,36.18452249838767,36.26514212433528,36.26514212433528,36.26514212433528,36.26514212433528,36.26514212433528,36.26514212433528,36.48440994451557,36.48440994451557,36.60132022471909,,,,,,,,,,,,,,,,,,,,,,,,,,,,,,,,,,,,,,,,,,,,37.43666666666667,37.59821522309711,37.59821522309711,37.59821522309711,37.59802083333332,37.93292975567191,37.82228190104167,37.58612320483748,37.5269553113553,37.51707840560664,37.19925822122572,37.19925822122572,37.19925822122572,37.198391856555844,36.9333475540387,36.9333475540387,36.9333475540387,36.9333475540387,36.9333475540387,36.9333475540387,36.9333475540387,36.93073726693952,36.58995374560081,36.039916908680226,36.039916908680226,37.82228190104167,36.9333475540387,,,36.057318891491036,37.14408226492984,37.16579303904836,"rgba(239, 83, 80, 1.0)",0.32532425958371025,37.73182690055631,-1.142942432366103,42.479952682729866,-3.570923981180961,False,True,False,True,False,0.0,0.0,0.0,0.0,0.0,0,0.9755305326981378,0.9740147249891727,False,False,False,False,-0.06991225780928856,-0.0434069499680962,False,False,False,False,-58.0,109.13057605801514,False,False,False,False,13.416993471389583,False,False,False,False
2025-06-13 16:00:00+00:00,37.36,37.36,37.36,37.36,0.0,,,,,,,,,,,,,,,,,,,,,,,,,,,,,,,,,,,,,,,,,,,,,,,37.58,37.68032456140351,37.92991111111111,38.03048863300856,38.028970085470085,37.74237959261373,37.74882264716909,37.26124211356467,37.26124211356467,37.26124211356467,37.26124211356467,37.22435624762628,37.21604119567949,37.177202292899416,37.17455256031512,36.883747338935585,36.883747338935585,36.883747338935585,36.883747338935585,36.883747338935585,36.883747338935585,36.349349703184025,36.25604649167955,36.057318891491036,36.05884012172286,36.21123060672082,36.211270627062724,36.12048691941028,36.12048691941028,36.12048691941028,36.18452249838767,36.18452249838767,36.18452249838767,36.18452249838767,36.18452249838767,36.18452249838767,36.26514212433528,36.26514212433528,36.26514212433528,36.26514212433528,36.26514212433528,36.26514212433528,36.48440994451557,36.48440994451557,36.60132022471909,,,,,,,,,,,,,,,,,,,,,,,,,,,,,,,,,,,,,,,,,,,,37.43666666666667,37.59821522309711,37.59821522309711,37.59821522309711,37.59802083333332,37.93292975567191,37.82228190104167,37.58612320483748,37.5269553113553,37.51707840560664,37.19925822122572,37.19925822122572,37.19925822122572,37.198391856555844,36.9333475540387,36.9333475540387,36.9333475540387,36.9333475540387,36.9333475540387,36.9333475540387,36.9333475540387,36.93073726693952,36.58995374560081,36.039916908680226,36.039916908680226,37.82228190104167,36.9333475540387,,,36.057318891491036,37.14408226492984,37.16579303904836,"rgba(239, 83, 80, 1.0)",0.33188174926517405,37.73182690055631,-1.120359590063559,40.02887326675119,-5.901645053589576,False,True,False,True,False,0.0,0.0,0.0,0.0,0.0,0,0.973365093113902,0.979861411866609,False,False,False,False,-0.11397297292293697,-0.07868996144551658,False,False,False,False,-58.0,106.53940433618544,False,False,False,False,13.20897806873238,False,False,False,False
2025-06-13 17:00:00+00:00,37.36,37.36,37.36,37.36,0.0,,,,,,,,,,,,,,,,,,,,,,,,,,,,,,,,,,,,,,,,,,,,,,,37.58,37.68032456140351,37.92991111111111,38.03048863300856,38.028970085470085,37.74237959261373,37.74882264716909,37.26124211356467,37.26124211356467,37.26124211356467,37.26124211356467,37.22435624762628,37.21604119567949,37.177202292899416,37.17455256031512,36.883747338935585,36.883747338935585,36.883747338935585,36.883747338935585,36.883747338935585,36.883747338935585,36.349349703184025,36.25604649167955,36.057318891491036,36.05884012172286,36.21123060672082,36.211270627062724,36.12048691941028,36.12048691941028,36.12048691941028,36.18452249838767,36.18452249838767,36.18452249838767,36.18452249838767,36.18452249838767,36.18452249838767,36.26514212433528,36.26514212433528,36.26514212433528,36.26514212433528,36.26514212433528,36.26514212433528,36.48440994451557,36.48440994451557,36.60132022471909,,,,,,,,,,,,,,,,,,,,,,,,,,,,,,,,,,,,,,,,,,,,37.43666666666667,37.59821522309711,37.59821522309711,37.59821522309711,37.59802083333332,37.93292975567191,37.82228190104167,37.58612320483748,37.5269553113553,37.51707840560664,37.19925822122572,37.19925822122572,37.19925822122572,37.198391856555844,36.9333475540387,36.9333475540387,36.9333475540387,36.9333475540387,36.9333475540387,36.9333475540387,36.9333475540387,36.93073726693952,36.58995374560081,36.039916908680226,36.039916908680226,37.82228190104167,36.9333475540387,,,36.057318891491036,37.14408226492984,37.16579303904836,"rgba(239, 83, 80, 1.0)",0.33789947329623254,37.73182690055631,-1.1004068663650475,38.39482032276541,-7.45804263047831,False,True,False,True,False,0.0,0.0,0.0,0.0,0.0,0,0.973365093113902,0.979861411866609,False,False,False,False,-0.11397297292293697,-0.09633146718422678,False,False,False,False,-58.0,103.98840581934536,False,False,False,False,13.004187711077615,False,False,False,False
2025-06-13 18:00:00+00:00,37.36,37.36,37.36,37.36,0.0,,,,,,,,,,,,,,,,,,,,,,,,,,,,,,,,,,,,,,,,,,,,,,,37.58,37.68032456140351,37.92991111111111,38.03048863300856,38.028970085470085,37.74237959261373,37.74882264716909,37.26124211356467,37.26124211356467,37.26124211356467,37.26124211356467,37.22435624762628,37.21604119567949,37.177202292899416,37.17455256031512,36.883747338935585,36.883747338935585,36.883747338935585,36.883747338935585,36.883747338935585,36.883747338935585,36.349349703184025,36.25604649167955,36.057318891491036,36.05884012172286,36.21123060672082,36.211270627062724,36.12048691941028,36.12048691941028,36.12048691941028,36.18452249838767,36.18452249838767,36.18452249838767,36.18452249838767,36.18452249838767,36.18452249838767,36.26514212433528,36.26514212433528,36.26514212433528,36.26514212433528,36.26514212433528,36.26514212433528,36.48440994451557,36.48440994451557,36.60132022471909,,,,,,,,,,,,,,,,,,,,,,,,,,,,,,,,,,,,,,,,,,,,37.43666666666667,37.59821522309711,37.59821522309711,37.59821522309711,37.59802083333332,37.93292975567191,37.82228190104167,37.58612320483748,37.5269553113553,37.51707840560664,37.19925822122572,37.19925822122572,37.19925822122572,37.198391856555844,36.9333475540387,36.9333475540387,36.9333475540387,36.9333475540387,36.9333475540387,36.9333475540387,36.9333475540387,36.93073726693952,36.58995374560081,36.039916908680226,36.039916908680226,37.82228190104167,36.9333475540387,,,36.057318891491036,37.14408226492984,37.16579303904836,"rgba(239, 83, 80, 1.0)",0.34340580884628,37.73182690055631,-1.0827624081418772,37.30545169344156,-8.554660443797914,False,True,False,True,False,0.0,0.0,0.0,0.0,0.0,0,0.973365093113902,0.979861411866609,False,False,False,False,-0.11397297292293697,-0.10515222005358188,False,False,False,False,-58.0,101.47695766710746,False,False,False,False,12.802572397727573,False,False,False,False
2025-06-13 19:00:00+00:00,37.36,37.36,37.36,37.36,0.0,,,,,,,,,,,,,,,,,,,,,,,,,,,,,,,,,,,,,,,,,,,,,,,37.58,37.68032456140351,37.92991111111111,38.03048863300856,38.028970085470085,37.74237959261373,37.74882264716909,37.26124211356467,37.26124211356467,37.26124211356467,37.26124211356467,37.22435624762628,37.21604119567949,37.177202292899416,37.17455256031512,36.883747338935585,36.883747338935585,36.883747338935585,36.883747338935585,36.883747338935585,36.883747338935585,36.349349703184025,36.25604649167955,36.057318891491036,36.05884012172286,36.21123060672082,36.211270627062724,36.12048691941028,36.12048691941028,36.12048691941028,36.18452249838767,36.18452249838767,36.18452249838767,36.18452249838767,36.18452249838767,36.18452249838767,36.26514212433528,36.26514212433528,36.26514212433528,36.26514212433528,36.26514212433528,36.26514212433528,36.48440994451557,36.48440994451557,36.60132022471909,,,,,,,,,,,,,,,,,,,,,,,,,,,,,,,,,,,,,,,,,,,,37.43666666666667,37.59821522309711,37.59821522309711,37.59821522309711,37.59802083333332,37.93292975567191,37.82228190104167,37.58612320483748,37.5269553113553,37.51707840560664,37.19925822122572,37.19925822122572,37.19925822122572,37.198391856555844,36.9333475540387,36.9333475540387,36.9333475540387,36.9333475540387,36.9333475540387,36.9333475540387,36.9333475540387,36.93073726693952,36.58995374560081,36.039916908680226,36.039916908680226,37.82228190104167,36.9333475540387,,,36.057318891491036,37.14408226492984,37.16579303904836,"rgba(239, 83, 80, 1.0)",0.34842500194704906,37.73182690055631,-1.0671648087206287,36.57920594055899,-9.378516613659933,False,True,False,True,False,0.0,0.0,0.0,0.0,0.0,0,0.973365093113902,0.979861411866609,False,False,False,False,-0.11397297292293697,-0.10956259648825942,False,False,False,False,-58.0,99.0044466955244,False,False,False,False,12.60408290318916,False,False,False,False
2025-06-16 14:00:00+00:00,37.36,37.61,37.36,37.61,2.0,,,,,,,,,,,,,,,,,,,,,,,,,,,,,,,,,,,,,,,,,,,,,,,37.562222222222225,37.67952006980803,37.92883865248227,38.02959770114943,38.02811291240045,37.74213348545349,37.74857303370785,37.26145127396901,37.26145127396901,37.26145127396901,37.26145127396901,37.224585705249844,37.21627510040161,37.17746058142401,37.17481242312424,36.88417926324041,36.88417926324041,36.88417926324041,36.88417926324041,36.88417926324041,36.88417926324041,36.34998471772744,36.25670010288068,36.058006788389534,36.05952698486977,36.21175146835612,36.21179136975458,36.12095439937945,36.12095439937945,36.12095439937945,36.18492188662403,36.18492188662403,36.18492188662403,36.18492188662403,36.18492188662403,36.18492188662403,36.26549823570926,36.26549823570926,36.26549823570926,36.26549823570926,36.26549823570926,36.26549823570926,36.484676779313865,36.484676779313865,36.60155121484439,,,,,,,,,,,,,,,,,,,,,,,,,,,,,,,,,,,,,,,37.526666666666664,37.526666666666664,37.526666666666664,37.526666666666664,37.526666666666664,37.49666666666666,37.59710594315245,37.59710594315245,37.59710594315245,37.59692307692307,37.931869016536126,37.821897485912444,37.58606932487538,37.52695505782461,37.517086797957674,37.19950273836197,37.19950273836197,37.19950273836197,37.198636929202436,36.93375227376081,36.93375227376081,36.93375227376081,36.93375227376081,36.93375227376081,36.93375227376081,36.93375227376081,36.931143490115886,36.59051854085017,36.04063618771167,36.04063618771167,37.821897485912444,36.93375227376081,,,36.058006788389534,37.14348924626437,37.37207109505359,"rgba(239, 83, 80, 0.75)",0.34680199195137507,37.70771632077127,-0.2817640124309609,42.504339081698205,-11.906289913498703,False,True,False,True,True,0.0,0.0,0.0,0.0,0.0,0,0.9727635075287864,1.0019929140832595,False,False,False,False,-0.06609609850919362,-0.08782934749872652,False,False,False,False,-56.0,96.6012769793147,False,False,False,False,12.439678517093204,False,False,False,False
2025-06-16 15:00:00+00:00,37.61,37.61,37.61,37.61,0.0,,,,,,,,,,,,,,,,,,,,,,,,,,,,,,,,,,,,,,,,,,,,,,,37.562222222222225,37.67952006980803,37.92883865248227,38.02959770114943,38.02811291240045,37.74213348545349,37.74857303370785,37.26145127396901,37.26145127396901,37.26145127396901,37.26145127396901,37.224585705249844,37.21627510040161,37.17746058142401,37.17481242312424,36.88417926324041,36.88417926324041,36.88417926324041,36.88417926324041,36.88417926324041,36.88417926324041,36.34998471772744,36.25670010288068,36.058006788389534,36.05952698486977,36.21175146835612,36.21179136975458,36.12095439937945,36.12095439937945,36.12095439937945,36.18492188662403,36.18492188662403,36.18492188662403,36.18492188662403,36.18492188662403,36.18492188662403,36.26549823570926,36.26549823570926,36.26549823570926,36.26549823570926,36.26549823570926,36.26549823570926,36.484676779313865,36.484676779313865,36.60155121484439,,,,,,,,,,,,,,,,,,,,,,,,,,,,,,,,,,,,,,,37.526666666666664,37.526666666666664,37.526666666666664,37.526666666666664,37.526666666666664,37.49666666666666,37.59710594315245,37.59710594315245,37.59710594315245,37.59692307692307,37.931869016536126,37.821897485912444,37.58606932487538,37.52695505782461,37.517086797957674,37.19950273836197,37.19950273836197,37.19950273836197,37.198636929202436,36.93375227376081,36.93375227376081,36.93375227376081,36.93375227376081,36.93375227376081,36.93375227376081,36.93375227376081,36.931143490115886,36.59051854085017,36.04063618771167,36.04063618771167,37.821897485912444,36.93375227376081,,,36.058006788389534,37.14348924626437,37.37207109505359,"rgba(239, 83, 80, 0.5)",0.3448697103500654,37.70771632077127,-0.2833427170860577,46.45442784245769,-8.410529860633424,False,False,False,True,True,0.0,0.0,0.0,0.0,0.0,0,0.960018070928394,1.0112943302462165,False,False,False,False,-0.018520120683528256,-0.053174734091127385,False,False,False,False,-56.0,94.23536570831757,False,False,False,False,12.246815284270054,False,False,False,False
2025-06-16 16:00:00+00:00,37.61,37.61,37.61,37.61,0.0,,,,,,,,,,,,,,,,,,,,,,,,,,,,,,,,,,,,,,,,,,,,,,,37.562222222222225,37.67952006980803,37.92883865248227,38.02959770114943,38.02811291240045,37.74213348545349,37.74857303370785,37.26145127396901,37.26145127396901,37.26145127396901,37.26145127396901,37.224585705249844,37.21627510040161,37.17746058142401,37.17481242312424,36.88417926324041,36.88417926324041,36.88417926324041,36.88417926324041,36.88417926324041,36.88417926324041,36.34998471772744,36.25670010288068,36.058006788389534,36.05952698486977,36.21175146835612,36.21179136975458,36.12095439937945,36.12095439937945,36.12095439937945,36.18492188662403,36.18492188662403,36.18492188662403,36.18492188662403,36.18492188662403,36.18492188662403,36.26549823570926,36.26549823570926,36.26549823570926,36.26549823570926,36.26549823570926,36.26549823570926,36.484676779313865,36.484676779313865,36.60155121484439,,,,,,,,,,,,,,,,,,,,,,,,,,,,,,,,,,,,,,,37.526666666666664,37.526666666666664,37.526666666666664,37.526666666666664,37.526666666666664,37.49666666666666,37.59710594315245,37.59710594315245,37.59710594315245,37.59692307692307,37.931869016536126,37.821897485912444,37.58606932487538,37.52695505782461,37.517086797957674,37.19950273836197,37.19950273836197,37.19950273836197,37.198636929202436,36.93375227376081,36.93375227376081,36.93375227376081,36.93375227376081,36.93375227376081,36.93375227376081,36.93375227376081,36.931143490115886,36.59051854085017,36.04063618771167,36.04063618771167,37.821897485912444,36.93375227376081,,,36.058006788389534,37.14348924626437,37.37207109505359,#000000,0.34262292460997157,37.70771632077127,-0.2852007666518685,49.087820349630675,-6.1366486691063855,True,False,False,False,True,0.0,0.0,0.0,0.0,0.0,0,0.9712885154061623,1.011671335200747,False,False,False,False,-0.018520120683528256,-0.035847427387327824,False,False,False,False,-56.0,91.90613523221963,False,False,False,False,12.056942179087573,False,False,False,False
2025-06-16 17:00:00+00:00,37.61,37.61,37.61,37.61,0.0,,,,,,,,,,,,,,,,,,,,,,,,,,,,,,,,,,,,,,,,,,,,,,,37.562222222222225,37.67952006980803,37.92883865248227,38.02959770114943,38.02811291240045,37.74213348545349,37.74857303370785,37.26145127396901,37.26145127396901,37.26145127396901,37.26145127396901,37.224585705249844,37.21627510040161,37.17746058142401,37.17481242312424,36.88417926324041,36.88417926324041,36.88417926324041,36.88417926324041,36.88417926324041,36.88417926324041,36.34998471772744,36.25670010288068,36.058006788389534,36.05952698486977,36.21175146835612,36.21179136975458,36.12095439937945,36.12095439937945,36.12095439937945,36.18492188662403,36.18492188662403,36.18492188662403,36.18492188662403,36.18492188662403,36.18492188662403,36.26549823570926,36.26549823570926,36.26549823570926,36.26549823570926,36.26549823570926,36.26549823570926,36.484676779313865,36.484676779313865,36.60155121484439,,,,,,,,,,,,,,,,,,,,,,,,,,,,,,,,,,,,,,,37.526666666666664,37.526666666666664,37.526666666666664,37.526666666666664,37.526666666666664,37.49666666666666,37.59710594315245,37.59710594315245,37.59710594315245,37.59692307692307,37.931869016536126,37.821897485912444,37.58606932487538,37.52695505782461,37.517086797957674,37.19950273836197,37.19950273836197,37.19950273836197,37.198636929202436,36.93375227376081,36.93375227376081,36.93375227376081,36.93375227376081,36.93375227376081,36.93375227376081,36.93375227376081,36.931143490115886,36.59051854085017,36.04063618771167,36.04063618771167,37.821897485912444,36.93375227376081,,,36.058006788389534,37.14348924626437,37.37207109505359,#000000,0.3400554008915289,37.70771632077127,-0.28735412087290696,50.84341535441267,-4.577721646066507,True,False,False,False,True,0.0,0.0,0.0,0.0,0.0,0,0.9737278106508875,0.9891124260355031,False,False,False,False,-0.018520120683528256,-0.02718377403542804,False,False,False,False,-56.0,89.6130168565263,False,False,False,False,11.870012842977687,False,False,False,False
2025-06-16 18:00:00+00:00,37.61,37.61,37.52,37.52,4.0,,,,,,,,,,,,,,,,,,,,,,,,,,,,,,,,,,,,,,,,,,,,,,,37.55733333333334,37.67817789291883,37.92683421516755,38.02790748898678,38.02648667800453,37.74169607285144,37.74812780269057,37.26190532389195,37.26190532389195,37.26190532389195,37.26190532389195,37.22507894404446,37.21677694235589,37.178010455104555,37.175365389339234,36.88507268254502,36.88507268254502,36.88507268254502,36.88507268254502,36.88507268254502,36.88507268254502,36.351277837643686,36.25802929085305,36.059402478952315,36.06092060152721,36.21281041872735,36.21285007911395,36.12190393133999,36.12190393133999,36.12190393133999,36.1857338289963,36.1857338289963,36.1857338289963,36.1857338289963,36.1857338289963,36.1857338289963,36.26622302158275,36.26622302158275,36.26622302158275,36.26622302158275,36.26622302158275,36.26622302158275,36.4852219805527,36.4852219805527,36.602024492681295,,,,,,,,,,,,,,,,,,,,,,,,,,,,,,,,,,,,,,,37.54222222222222,37.54222222222222,37.54222222222222,37.54222222222222,37.54222222222222,37.527142857142856,37.59568922305763,37.59568922305763,37.59568922305763,37.59552238805969,37.92988528138529,37.82119217466494,37.58600407055629,37.52699546982316,37.51714431338283,37.20002547849864,37.20002547849864,37.20002547849864,37.199160765312456,36.93459184831972,36.93459184831972,36.93459184831972,36.93459184831972,36.93459184831972,36.93459184831972,36.93459184831972,36.93198604492853,36.591674194519726,36.04209521507976,36.04209521507976,37.82119217466494,36.93459184831972,,,36.059402478952315,37.14357931258445,37.376354145041034,#000000,0.3383260594786429,37.71124792645456,-0.5652769601882554,49.36916121790041,-4.577721646066507,True,False,False,False,True,0.0,0.0,0.0,0.0,0.0,0,0.9695969832665569,0.9752533584727787,False,False,False,False,-0.03562659315284538,-0.03140518359413671,False,False,False,False,-60.0,87.29343519983597,False,False,False,False,11.747997139985785,False,False,False,False
2025-06-16 19:00:00+00:00,37.52,37.715,37.425,37.425,4.0,,,,,,,,,,,,,,,,,,,,,,,,,,,,,,,,,,,,,,,,,,,,,,,37.547142857142866,37.676572649572655,37.924701754385964,38.026129645888204,38.02477542372881,37.74119628998674,37.747621178225195,37.262313432835825,37.262313432835825,37.262313432835825,37.262313432835825,37.22552780930761,37.21723473473474,37.17851694915255,37.1758750306598,36.885925739810176,36.885925739810176,36.885925739810176,36.885925739810176,36.885925739810176,36.885925739810176,36.352537674919276,36.259326659822065,36.060769080996906,36.062285147127525,36.21384529221851,36.21388471673257,36.12283338866757,36.12283338866757,36.12283338866757,36.18652796354091,36.18652796354091,36.18652796354091,36.18652796354091,36.18652796354091,36.18652796354091,36.266931011795684,36.266931011795684,36.266931011795684,36.266931011795684,36.266931011795684,36.266931011795684,36.48575213128729,36.48575213128729,36.60248316708228,,,,,,,,,,,,,,,,,,,,,,,,,,,,,,,,,,,,,,,37.534000000000006,37.534000000000006,37.534000000000006,37.534000000000006,37.534000000000006,37.525151515151514,37.59352798053528,37.59352798053528,37.59352798053528,37.59338164251207,37.92777562446168,37.82041720569211,37.58588788562828,37.52698614150254,37.51715220235498,37.20050446760984,37.20050446760984,37.20050446760984,37.19964086341645,36.935390589569174,36.935390589569174,36.935390589569174,36.935390589569174,36.935390589569174,36.935390589569174,36.935390589569174,36.93278778608657,36.592792982456146,36.04352406244972,36.04352406244972,37.82041720569211,36.935390589569174,,,36.060769080996906,37.143400842234215,37.3744333585028,"rgba(239, 83, 80, 0.5)",0.3422028927692521,37.70675680333185,-0.8233618396728204,46.100438225115965,-4.577721646066507,False,False,False,True,False,0.0,0.0,0.0,0.0,0.0,0,0.9655893978144616,0.9707044873285281,False,False,False,False,-0.0337250274829299,-0.032565105538533305,False,False,False,False,-64.0,84.94780054557494,False,False,False,False,11.627873153319339,False,False,False,False
2025-06-17 14:00:00+00:00,37.5,37.5,37.5,37.5,0.0,,,,,,,,,,,,,,,,,,,,,,,,,,,,,,,,,,,,,,,,,,,,,,,37.547142857142866,37.676572649572655,37.924701754385964,38.026129645888204,38.02477542372881,37.74119628998674,37.747621178225195,37.262313432835825,37.262313432835825,37.262313432835825,37.262313432835825,37.22552780930761,37.21723473473474,37.17851694915255,37.1758750306598,36.885925739810176,36.885925739810176,36.885925739810176,36.885925739810176,36.885925739810176,36.885925739810176,36.352537674919276,36.259326659822065,36.060769080996906,36.062285147127525,36.21384529221851,36.21388471673257,36.12283338866757,36.12283338866757,36.12283338866757,36.18652796354091,36.18652796354091,36.18652796354091,36.18652796354091,36.18652796354091,36.18652796354091,36.266931011795684,36.266931011795684,36.266931011795684,36.266931011795684,36.266931011795684,36.266931011795684,36.48575213128729,36.48575213128729,36.60248316708228,,,,,,,,,,,,,,,,,,,,,,,,,,,,,,,,,,,,,,,37.534000000000006,37.534000000000006,37.534000000000006,37.534000000000006,37.534000000000006,37.525151515151514,37.59352798053528,37.59352798053528,37.59352798053528,37.59338164251207,37.92777562446168,37.82041720569211,37.58588788562828,37.52698614150254,37.51715220235498,37.20050446760984,37.20050446760984,37.20050446760984,37.19964086341645,36.935390589569174,36.935390589569174,36.935390589569174,36.935390589569174,36.935390589569174,36.935390589569174,36.935390589569174,36.93278778608657,36.592792982456146,36.04352406244972,36.04352406244972,37.82041720569211,36.935390589569174,,,36.060769080996906,37.143400842234215,37.3744333585028,"rgba(239, 83, 80, 0.5)",0.34400991238574047,37.70675680333185,-0.6010199005545274,46.257945591316094,-4.577721646066507,False,False,False,True,False,0.0,0.0,0.0,0.0,0.0,0,0.9657089898053752,0.9772937905468024,False,False,False,False,-0.06037542700017359,-0.04647026626935345,False,False,False,False,-64.0,82.63853232006214,False,False,False,False,11.4475960501671,False,False,False,False
2025-06-17 15:00:00+00:00,37.545,37.545,37.545,37.545,5.0,,,,,,,,,,,,,,,,,,,,,,,,,,,,,,,,,,,,,,,,,,,,,,,37.546578947368424,37.67490717299579,37.922220043572985,38.024026806526805,38.02275105485232,37.74064080785201,37.747056144264725,37.262867502940026,37.262867502940026,37.262867502940026,37.262867502940026,37.226131042296075,37.217848757337336,37.17919087899964,37.1765528216428,36.88702787068006,36.88702787068006,36.88702787068006,36.88702787068006,36.88702787068006,36.88702787068006,36.35414001612471,36.26097453644367,36.062500972384306,36.06401446232799,36.215159623486066,36.21519874958871,36.12401282689226,36.12401282689226,36.12401282689226,36.18753663003665,36.18753663003665,36.18753663003665,36.18753663003665,36.18753663003665,36.18753663003665,36.26783131398518,36.26783131398518,36.26783131398518,36.26783131398518,36.26783131398518,36.26783131398518,36.486428966986146,36.486428966986146,36.60307040498441,,,,,,,,,,,,,,,,,,,,,,,,,,,,,,,,,,,,,,,37.537666666666674,37.537666666666674,37.537666666666674,37.537666666666674,37.537666666666674,37.53135416666667,37.59181924882629,37.59181924882629,37.59181924882629,37.59168997668997,37.9253187847668,37.819529335912314,37.58579579579579,37.52702547307131,37.51721279373366,37.20114455592717,37.20114455592717,37.20114455592717,37.2002823179792,36.936425580079245,36.936425580079245,36.936425580079245,36.936425580079245,36.936425580079245,36.936425580079245,36.936425580079245,36.93382649021605,36.594222722722726,36.04533437826543,36.04533437826543,37.819529335912314,36.936425580079245,,,36.062500972384306,37.143726868033205,37.3753594749074,"rgba(239, 83, 80, 0.5)",0.34501712974814075,37.706626049805365,-0.4684580441653692,47.65601554461751,-4.577721646066507,True,False,False,True,False,0.0,0.0,0.0,0.0,0.0,0,0.9657803468208092,0.9773410404624276,False,False,False,False,-0.04323556976316704,-0.04485291801626025,False,False,False,False,-59.0,80.4425860825418,False,False,False,False,11.347633320707144,False,False,False,False
2025-06-17 16:00:00+00:00,37.545,37.545,37.545,37.545,0.0,,,,,,,,,,,,,,,,,,,,,,,,,,,,,,,,,,,,,,,,,,,,,,,37.546578947368424,37.67490717299579,37.922220043572985,38.024026806526805,38.02275105485232,37.74064080785201,37.747056144264725,37.262867502940026,37.262867502940026,37.262867502940026,37.262867502940026,37.226131042296075,37.217848757337336,37.17919087899964,37.1765528216428,36.88702787068006,36.88702787068006,36.88702787068006,36.88702787068006,36.88702787068006,36.88702787068006,36.35414001612471,36.26097453644367,36.062500972384306,36.06401446232799,36.215159623486066,36.21519874958871,36.12401282689226,36.12401282689226,36.12401282689226,36.18753663003665,36.18753663003665,36.18753663003665,36.18753663003665,36.18753663003665,36.18753663003665,36.26783131398518,36.26783131398518,36.26783131398518,36.26783131398518,36.26783131398518,36.26783131398518,36.486428966986146,36.486428966986146,36.60307040498441,,,,,,,,,,,,,,,,,,,,,,,,,,,,,,,,,,,,,,,37.537666666666674,37.537666666666674,37.537666666666674,37.537666666666674,37.537666666666674,37.53135416666667,37.59181924882629,37.59181924882629,37.59181924882629,37.59168997668997,37.9253187847668,37.819529335912314,37.58579579579579,37.52702547307131,37.51721279373366,37.20114455592717,37.20114455592717,37.20114455592717,37.2002823179792,36.936425580079245,36.936425580079245,36.936425580079245,36.936425580079245,36.936425580079245,36.936425580079245,36.936425580079245,36.93382649021605,36.594222722722726,36.04533437826543,36.04533437826543,37.819529335912314,36.936425580079245,,,36.062500972384306,37.143726868033205,37.3753594749074,#000000,0.34649118912891586,37.706626049805365,-0.4664651075592825,48.58806218015179,-4.577721646066507,True,False,False,False,False,0.0,0.0,0.0,0.0,0.0,0,0.9654447816950734,0.986925052533271,False,False,False,False,-0.04323556976316704,-0.04404424388971365,False,False,False,False,-59.0,78.28068552312253,False,False,False,False,11.171701021161297,False,False,False,False
2025-06-17 17:00:00+00:00,37.545,37.545,37.545,37.545,0.0,,,,,,,,,,,,,,,,,,,,,,,,,,,,,,,,,,,,,,,,,,,,,,,37.546578947368424,37.67490717299579,37.922220043572985,38.024026806526805,38.02275105485232,37.74064080785201,37.747056144264725,37.262867502940026,37.262867502940026,37.262867502940026,37.262867502940026,37.226131042296075,37.217848757337336,37.17919087899964,37.1765528216428,36.88702787068006,36.88702787068006,36.88702787068006,36.88702787068006,36.88702787068006,36.88702787068006,36.35414001612471,36.26097453644367,36.062500972384306,36.06401446232799,36.215159623486066,36.21519874958871,36.12401282689226,36.12401282689226,36.12401282689226,36.18753663003665,36.18753663003665,36.18753663003665,36.18753663003665,36.18753663003665,36.18753663003665,36.26783131398518,36.26783131398518,36.26783131398518,36.26783131398518,36.26783131398518,36.26783131398518,36.486428966986146,36.486428966986146,36.60307040498441,,,,,,,,,,,,,,,,,,,,,,,,,,,,,,,,,,,,,,,37.537666666666674,37.537666666666674,37.537666666666674,37.537666666666674,37.537666666666674,37.53135416666667,37.59181924882629,37.59181924882629,37.59181924882629,37.59168997668997,37.9253187847668,37.819529335912314,37.58579579579579,37.52702547307131,37.51721279373366,37.20114455592717,37.20114455592717,37.20114455592717,37.2002823179792,36.936425580079245,36.936425580079245,36.936425580079245,36.936425580079245,36.936425580079245,36.936425580079245,36.936425580079245,36.93382649021605,36.594222722722726,36.04533437826543,36.04533437826543,37.819529335912314,36.936425580079245,,,36.062500972384306,37.143726868033205,37.3753594749074,#000000,0.3478421512151576,37.706626049805365,-0.46465343329075065,49.20942660384131,-4.577721646066507,True,False,False,False,True,0.0,0.0,0.0,0.0,0.0,0,0.9555867227676482,0.9880785413744739,False,False,False,False,-0.04323556976316704,-0.04363990682644034,False,False,False,False,-59.0,76.1523028018338,False,False,False,False,10.998496354166548,False,False,False,False
2025-06-17 18:00:00+00:00,37.545,37.545,37.545,37.545,0.0,,,,,,,,,,,,,,,,,,,,,,,,,,,,,,,,,,,,,,,,,,,,,,,37.546578947368424,37.67490717299579,37.922220043572985,38.024026806526805,38.02275105485232,37.74064080785201,37.747056144264725,37.262867502940026,37.262867502940026,37.262867502940026,37.262867502940026,37.226131042296075,37.217848757337336,37.17919087899964,37.1765528216428,36.88702787068006,36.88702787068006,36.88702787068006,36.88702787068006,36.88702787068006,36.88702787068006,36.35414001612471,36.26097453644367,36.062500972384306,36.06401446232799,36.215159623486066,36.21519874958871,36.12401282689226,36.12401282689226,36.12401282689226,36.18753663003665,36.18753663003665,36.18753663003665,36.18753663003665,36.18753663003665,36.18753663003665,36.26783131398518,36.26783131398518,36.26783131398518,36.26783131398518,36.26783131398518,36.26783131398518,36.486428966986146,36.486428966986146,36.60307040498441,,,,,,,,,,,,,,,,,,,,,,,,,,,,,,,,,,,,,,,37.537666666666674,37.537666666666674,37.537666666666674,37.537666666666674,37.537666666666674,37.53135416666667,37.59181924882629,37.59181924882629,37.59181924882629,37.59168997668997,37.9253187847668,37.819529335912314,37.58579579579579,37.52702547307131,37.51721279373366,37.20114455592717,37.20114455592717,37.20114455592717,37.2002823179792,36.936425580079245,36.936425580079245,36.936425580079245,36.936425580079245,36.936425580079245,36.936425580079245,36.936425580079245,36.93382649021605,36.594222722722726,36.04533437826543,36.04533437826543,37.819529335912314,36.936425580079245,,,36.062500972384306,37.143726868033205,37.3753594749074,#000000,0.3490714452281949,37.706626049805365,-0.46301710442028654,49.623669552967655,-4.577721646066507,True,False,False,False,True,0.0,0.0,0.0,0.0,0.0,0,0.9544179523141654,0.9880785413744739,False,False,False,False,-0.04323556976316704,-0.043437738294803685,False,False,False,False,-59.0,74.05691826227047,False,False,False,False,10.827977030846135,False,False,False,False
2025-06-17 19:00:00+00:00,37.545,37.625,37.5,37.625,116.0,,,,,,,,,,,,,,,,,,,,,,,,,,,,,,,,,,,,,,,,,,,,,,,37.57816049382716,37.65411937377691,37.87759931895573,37.983455026455026,37.983571611580835,37.73094491675522,37.73710756067749,37.27680602424697,37.27680602424697,37.27680602424697,37.27680602424697,37.24112216594308,37.23307181328547,37.19572721928279,37.19317365269462,36.91303283966518,36.91303283966518,36.91303283966518,36.91303283966518,36.91303283966518,36.91303283966518,36.39130092954566,36.29916065056844,36.10258653336365,36.10404194110078,36.245798262548284,36.24583059898349,36.151560618388956,36.151560618388956,36.151560618388956,36.21117347931875,36.21117347931875,36.21117347931875,36.21117347931875,36.21117347931875,36.21117347931875,36.28898438221977,36.28898438221977,36.28898438221977,36.28898438221977,36.28898438221977,36.28898438221977,36.50245225202534,36.50245225202534,36.61703803791507,,,,,,,,,,,,,,,,,,,,,,,,,,,,,,,,,,,,,,,37.57810432569975,37.57810432569975,37.57810432569975,37.57810432569975,37.57810432569975,37.57703282828283,37.588003875968994,37.588003875968994,37.588003875968994,37.58794723294723,37.88099441340783,37.803093381323734,37.585673515981725,37.52974023275144,37.520390085611695,37.2169386058663,37.2169386058663,37.2169386058663,37.21610636277303,36.96094086899708,36.96094086899708,36.96094086899708,36.96094086899708,36.96094086899708,36.96094086899708,36.96094086899708,36.95842420285125,36.62751837879668,36.087184689967955,36.087184689967955,37.803093381323734,36.96094086899708,,,36.10258653336365,37.155622573711675,37.390878893642665,"rgba(38, 166, 154, 1.0)",0.349391401369837,37.706632519524916,-0.23364203928564023,52.72959681753672,-1.6978158052287569,True,False,True,False,True,0.0,0.0,0.0,0.0,0.0,0,0.9525912154310944,0.9844294678131535,False,False,False,False,-0.036577471715152826,-0.040007605004978256,False,False,False,False,57.0,73.79246991711899,False,False,False,False,12.4585510303679,False,False,False,False
2025-06-18 14:00:00+00:00,38.13,38.13,38.13,38.13,0.0,,,,,,,,,,,,,,,,,,,,,,,,,,,,,,,,,,,,,,,,,,,,,,,37.57816049382716,37.65411937377691,37.87759931895573,37.983455026455026,37.983571611580835,37.73094491675522,37.73710756067749,37.27680602424697,37.27680602424697,37.27680602424697,37.27680602424697,37.24112216594308,37.23307181328547,37.19572721928279,37.19317365269462,36.91303283966518,36.91303283966518,36.91303283966518,36.91303283966518,36.91303283966518,36.91303283966518,36.39130092954566,36.29916065056844,36.10258653336365,36.10404194110078,36.245798262548284,36.24583059898349,36.151560618388956,36.151560618388956,36.151560618388956,36.21117347931875,36.21117347931875,36.21117347931875,36.21117347931875,36.21117347931875,36.21117347931875,36.28898438221977,36.28898438221977,36.28898438221977,36.28898438221977,36.28898438221977,36.28898438221977,36.50245225202534,36.50245225202534,36.61703803791507,,,,,,,,,,,,,,,,,,,,,,,,,,,,,,,,,,,,,,,37.57810432569975,37.57810432569975,37.57810432569975,37.57810432569975,37.57810432569975,37.57703282828283,37.588003875968994,37.588003875968994,37.588003875968994,37.58794723294723,37.88099441340783,37.803093381323734,37.585673515981725,37.52974023275144,37.520390085611695,37.2169386058663,37.2169386058663,37.2169386058663,37.21610636277303,36.96094086899708,36.96094086899708,36.96094086899708,36.96094086899708,36.96094086899708,36.96094086899708,36.96094086899708,36.95842420285125,36.62751837879668,36.087184689967955,36.087184689967955,37.803093381323734,36.96094086899708,,,36.10258653336365,37.155622573711675,37.390878893642665,"rgba(38, 166, 154, 1.0)",0.3503832779132996,37.706632519524916,1.2082981899034753,62.31240795429471,7.157356034757413,True,False,True,False,True,5.757062175781133,0.0,0.0,0.0,0.0,0,0.9593551316984558,0.984786557674841,False,False,False,False,0.1809567976728524,0.07047459633393707,False,True,False,False,57.0,73.53212154631095,False,True,False,False,12.265395200439714,False,True,False,False
2025-06-18 15:00:00+00:00,38.13,38.13,38.13,38.13,0.0,,,,,,,,,,,,,,,,,,,,,,,,,,,,,,,,,,,,,,,,,,,,,,,37.57816049382716,37.65411937377691,37.87759931895573,37.983455026455026,37.983571611580835,37.73094491675522,37.73710756067749,37.27680602424697,37.27680602424697,37.27680602424697,37.27680602424697,37.24112216594308,37.23307181328547,37.19572721928279,37.19317365269462,36.91303283966518,36.91303283966518,36.91303283966518,36.91303283966518,36.91303283966518,36.91303283966518,36.39130092954566,36.29916065056844,36.10258653336365,36.10404194110078,36.245798262548284,36.24583059898349,36.151560618388956,36.151560618388956,36.151560618388956,36.21117347931875,36.21117347931875,36.21117347931875,36.21117347931875,36.21117347931875,36.21117347931875,36.28898438221977,36.28898438221977,36.28898438221977,36.28898438221977,36.28898438221977,36.28898438221977,36.50245225202534,36.50245225202534,36.61703803791507,,,,,,,,,,,,,,,,,,,,,,,,,,,,,,,,,,,,,,,37.57810432569975,37.57810432569975,37.57810432569975,37.57810432569975,37.57810432569975,37.57703282828283,37.588003875968994,37.588003875968994,37.588003875968994,37.58794723294723,37.88099441340783,37.803093381323734,37.585673515981725,37.52974023275144,37.520390085611695,37.2169386058663,37.2169386058663,37.2169386058663,37.21610636277303,36.96094086899708,36.96094086899708,36.96094086899708,36.96094086899708,36.96094086899708,36.96094086899708,36.96094086899708,36.95842420285125,36.62751837879668,36.087184689967955,36.087184689967955,37.803093381323734,36.96094086899708,,,36.10258653336365,37.155622573711675,37.390878893642665,"rgba(38, 166, 154, 1.0)",0.342734328335589,37.706632519524916,1.2352643008684707,68.70094871213337,12.647555643659722,True,False,True,False,True,5.757062175781133,0.0,0.0,0.0,0.0,0,1.003324625979577,0.98408928995488,False,True,False,False,0.1809567976728524,0.12571569700339474,False,False,False,False,57.0,73.27580958435263,False,True,False,False,12.075234034541424,False,True,False,False
2025-06-18 16:00:00+00:00,38.13,38.13,38.13,38.13,0.0,,,,,,,,,,,,,,,,,,,,,,,,,,,,,,,,,,,,,,,,,,,,,,,37.57816049382716,37.65411937377691,37.87759931895573,37.983455026455026,37.983571611580835,37.73094491675522,37.73710756067749,37.27680602424697,37.27680602424697,37.27680602424697,37.27680602424697,37.24112216594308,37.23307181328547,37.19572721928279,37.19317365269462,36.91303283966518,36.91303283966518,36.91303283966518,36.91303283966518,36.91303283966518,36.91303283966518,36.39130092954566,36.29916065056844,36.10258653336365,36.10404194110078,36.245798262548284,36.24583059898349,36.151560618388956,36.151560618388956,36.151560618388956,36.21117347931875,36.21117347931875,36.21117347931875,36.21117347931875,36.21117347931875,36.21117347931875,36.28898438221977,36.28898438221977,36.28898438221977,36.28898438221977,36.28898438221977,36.28898438221977,36.50245225202534,36.50245225202534,36.61703803791507,,,,,,,,,,,,,,,,,,,,,,,,,,,,,,,,,,,,,,,37.57810432569975,37.57810432569975,37.57810432569975,37.57810432569975,37.57810432569975,37.57703282828283,37.588003875968994,37.588003875968994,37.588003875968994,37.58794723294723,37.88099441340783,37.803093381323734,37.585673515981725,37.52974023275144,37.520390085611695,37.2169386058663,37.2169386058663,37.2169386058663,37.21610636277303,36.96094086899708,36.96094086899708,36.96094086899708,36.96094086899708,36.96094086899708,36.96094086899708,36.96094086899708,36.95842420285125,36.62751837879668,36.087184689967955,36.087184689967955,37.803093381323734,36.96094086899708,,,36.10258653336365,37.155622573711675,37.390878893642665,"rgba(38, 166, 154, 1.0)",0.3434445678286361,37.706632519524916,1.2327097882250628,72.95997588402581,16.1478774857826,True,False,True,False,True,5.757062175781133,0.0,0.0,0.0,0.0,0,0.9957254808834004,0.9458560911897411,False,False,False,False,0.1809567976728524,0.15333624733812357,False,False,False,False,57.0,73.02347145126188,False,False,False,False,11.88802110377334,False,False,False,False
2025-06-18 17:00:00+00:00,38.13,38.13,38.13,38.13,0.0,,,,,,,,,,,,,,,,,,,,,,,,,,,,,,,,,,,,,,,,,,,,,,,37.57816049382716,37.65411937377691,37.87759931895573,37.983455026455026,37.983571611580835,37.73094491675522,37.73710756067749,37.27680602424697,37.27680602424697,37.27680602424697,37.27680602424697,37.24112216594308,37.23307181328547,37.19572721928279,37.19317365269462,36.91303283966518,36.91303283966518,36.91303283966518,36.91303283966518,36.91303283966518,36.91303283966518,36.39130092954566,36.29916065056844,36.10258653336365,36.10404194110078,36.245798262548284,36.24583059898349,36.151560618388956,36.151560618388956,36.151560618388956,36.21117347931875,36.21117347931875,36.21117347931875,36.21117347931875,36.21117347931875,36.21117347931875,36.28898438221977,36.28898438221977,36.28898438221977,36.28898438221977,36.28898438221977,36.28898438221977,36.50245225202534,36.50245225202534,36.61703803791507,,,,,,,,,,,,,,,,,,,,,,,,,,,,,,,,,,,,,,,37.57810432569975,37.57810432569975,37.57810432569975,37.57810432569975,37.57810432569975,37.57703282828283,37.588003875968994,37.588003875968994,37.588003875968994,37.58794723294723,37.88099441340783,37.803093381323734,37.585673515981725,37.52974023275144,37.520390085611695,37.2169386058663,37.2169386058663,37.2169386058663,37.21610636277303,36.96094086899708,36.96094086899708,36.96094086899708,36.96094086899708,36.96094086899708,36.96094086899708,36.96094086899708,36.95842420285125,36.62751837879668,36.087184689967955,36.087184689967955,37.803093381323734,36.96094086899708,,,36.10258653336365,37.155622573711675,37.390878893642665,"rgba(38, 166, 154, 1.0)",0.3429731820469796,37.706632519524916,1.2344040369229057,75.7993273319541,18.490206313795284,True,False,True,False,True,5.757062175781133,0.0,0.0,0.0,0.0,0,0.9956022477400438,0.9731248473002688,False,False,False,False,0.1809567976728524,0.16714652250548798,False,False,False,False,57.0,72.77504553728883,False,False,False,False,11.703710699063675,False,False,False,False
2025-06-18 18:00:00+00:00,38.13,38.13,38.13,38.13,0.0,,,,,,,,,,,,,,,,,,,,,,,,,,,,,,,,,,,,,,,,,,,,,,,37.57816049382716,37.65411937377691,37.87759931895573,37.983455026455026,37.983571611580835,37.73094491675522,37.73710756067749,37.27680602424697,37.27680602424697,37.27680602424697,37.27680602424697,37.24112216594308,37.23307181328547,37.19572721928279,37.19317365269462,36.91303283966518,36.91303283966518,36.91303283966518,36.91303283966518,36.91303283966518,36.91303283966518,36.39130092954566,36.29916065056844,36.10258653336365,36.10404194110078,36.245798262548284,36.24583059898349,36.151560618388956,36.151560618388956,36.151560618388956,36.21117347931875,36.21117347931875,36.21117347931875,36.21117347931875,36.21117347931875,36.21117347931875,36.28898438221977,36.28898438221977,36.28898438221977,36.28898438221977,36.28898438221977,36.28898438221977,36.50245225202534,36.50245225202534,36.61703803791507,,,,,,,,,,,,,,,,,,,,,,,,,,,,,,,,,,,,,,,37.57810432569975,37.57810432569975,37.57810432569975,37.57810432569975,37.57810432569975,37.57703282828283,37.588003875968994,37.588003875968994,37.588003875968994,37.58794723294723,37.88099441340783,37.803093381323734,37.585673515981725,37.52974023275144,37.520390085611695,37.2169386058663,37.2169386058663,37.2169386058663,37.21610636277303,36.96094086899708,36.96094086899708,36.96094086899708,36.96094086899708,36.96094086899708,36.96094086899708,36.96094086899708,36.95842420285125,36.62751837879668,36.087184689967955,36.087184689967955,37.803093381323734,36.96094086899708,,,36.10258653336365,37.155622573711675,37.390878893642665,"rgba(38, 166, 154, 1.0)",0.3423021161759963,37.706632519524916,1.2368240231895316,77.69222829723964,20.168087546532618,True,False,True,False,True,5.757062175781133,0.0,0.0,0.0,0.0,0,0.9733691668702662,0.9665282189103346,False,True,False,False,0.1809567976728524,0.17405166008917017,False,True,False,False,57.0,72.5304711878735,False,True,False,False,11.522257820008424,False,True,False,False
2025-06-18 19:00:00+00:00,38.13,38.13,37.46,37.46,1.0,,,,,,,,,,,,,,,,,,,,,,,,,,,,,,,,,,,,,,,,,37.68333333333334,37.68333333333334,37.68333333333334,37.68333333333334,37.68333333333334,37.68333333333334,37.57893382352942,37.65417643229167,37.87737906273621,37.9832170235263,37.983341013824884,37.730919631793235,37.73707940663176,37.276958395802104,37.276958395802104,37.276958395802104,37.276958395802104,37.24128209764919,37.233233429050024,37.19589915373767,37.19334624413147,36.91328076386655,36.91328076386655,36.91328076386655,36.91328076386655,36.91328076386655,36.91328076386655,36.391637571651906,36.29950514352084,36.10294563077391,36.10440054495914,36.24607572540695,36.24610800205843,36.15180984922444,36.15180984922444,36.15180984922444,36.211388361796345,36.211388361796345,36.211388361796345,36.211388361796345,36.211388361796345,36.211388361796345,36.28917763917765,36.28917763917765,36.28917763917765,36.28917763917765,36.28917763917765,36.28917763917765,36.502600940149414,36.502600940149414,36.61716900024563,,,,,,,,,,,,,,,,,,,,,,,,,,,,,,,,,,,,,,,37.578901515151514,37.578901515151514,37.578901515151514,37.578901515151514,37.578901515151514,37.57783208020051,37.58837194337194,37.58837194337194,37.58837194337194,37.58831410256409,37.88077380952382,37.80302158273381,37.58571530452146,37.529804043761246,37.5204575569358,37.21710470085471,37.21710470085471,37.21710470085471,37.21627269490922,36.961176790768576,36.961176790768576,36.961176790768576,36.961176790768576,36.961176790768576,36.961176790768576,36.961176790768576,36.95866079199305,36.62782467846437,36.0875590212633,36.0875590212633,37.80302158273381,36.961176790768576,,,36.10294563077391,37.450790558303055,37.391207577127965,"rgba(38, 166, 154, 0.75)",0.34351668330888796,37.63082328599237,-0.4972779905387202,63.54045701856484,22.3164218959419,True,False,True,False,False,0.0,0.0,0.0,0.0,0.0,0,0.9425124201561389,0.9675893068370001,False,False,False,False,0.05180165909401463,0.1129266595915924,False,False,False,False,56.0,72.27418481286772,False,False,False,False,11.359122039853254,False,False,False,False
2025-06-19 14:00:00+00:00,37.46,37.46,37.46,37.46,0.0,,,,,,,,,,,,,,,,,,,,,,,,,,,,,,,,,,,,,,,,,37.68333333333334,37.68333333333334,37.68333333333334,37.68333333333334,37.68333333333334,37.68333333333334,37.57893382352942,37.65417643229167,37.87737906273621,37.9832170235263,37.983341013824884,37.730919631793235,37.73707940663176,37.276958395802104,37.276958395802104,37.276958395802104,37.276958395802104,37.24128209764919,37.233233429050024,37.19589915373767,37.19334624413147,36.91328076386655,36.91328076386655,36.91328076386655,36.91328076386655,36.91328076386655,36.91328076386655,36.391637571651906,36.29950514352084,36.10294563077391,36.10440054495914,36.24607572540695,36.24610800205843,36.15180984922444,36.15180984922444,36.15180984922444,36.211388361796345,36.211388361796345,36.211388361796345,36.211388361796345,36.211388361796345,36.211388361796345,36.28917763917765,36.28917763917765,36.28917763917765,36.28917763917765,36.28917763917765,36.28917763917765,36.502600940149414,36.502600940149414,36.61716900024563,,,,,,,,,,,,,,,,,,,,,,,,,,,,,,,,,,,,,,,37.578901515151514,37.578901515151514,37.578901515151514,37.578901515151514,37.578901515151514,37.57783208020051,37.58837194337194,37.58837194337194,37.58837194337194,37.58831410256409,37.88077380952382,37.80302158273381,37.58571530452146,37.529804043761246,37.5204575569358,37.21710470085471,37.21710470085471,37.21710470085471,37.21627269490922,36.961176790768576,36.961176790768576,36.961176790768576,36.961176790768576,36.961176790768576,36.961176790768576,36.961176790768576,36.95866079199305,36.62782467846437,36.0875590212633,36.0875590212633,37.80302158273381,36.961176790768576,,,36.10294563077391,37.450790558303055,37.391207577127965,#000000,0.3444780357540154,37.63082328599237,-0.4958902114570552,54.105942832781636,14.27548797471077,True,False,False,False,False,0.0,0.0,0.0,0.0,0.0,0,0.9425124201561389,0.9992902767920511,False,False,False,False,-0.07564034592859568,0.018643156831498357,False,False,False,False,56.0,72.02187187003256,False,False,False,False,11.183011620630722,False,False,False,False
2025-06-19 15:00:00+00:00,37.46,37.46,37.46,37.46,0.0,,,,,,,,,,,,,,,,,,,,,,,,,,,,,,,,,,,,,,,,,37.68333333333334,37.68333333333334,37.68333333333334,37.68333333333334,37.68333333333334,37.68333333333334,37.57893382352942,37.65417643229167,37.87737906273621,37.9832170235263,37.983341013824884,37.730919631793235,37.73707940663176,37.276958395802104,37.276958395802104,37.276958395802104,37.276958395802104,37.24128209764919,37.233233429050024,37.19589915373767,37.19334624413147,36.91328076386655,36.91328076386655,36.91328076386655,36.91328076386655,36.91328076386655,36.91328076386655,36.391637571651906,36.29950514352084,36.10294563077391,36.10440054495914,36.24607572540695,36.24610800205843,36.15180984922444,36.15180984922444,36.15180984922444,36.211388361796345,36.211388361796345,36.211388361796345,36.211388361796345,36.211388361796345,36.211388361796345,36.28917763917765,36.28917763917765,36.28917763917765,36.28917763917765,36.28917763917765,36.28917763917765,36.502600940149414,36.502600940149414,36.61716900024563,,,,,,,,,,,,,,,,,,,,,,,,,,,,,,,,,,,,,,,37.578901515151514,37.578901515151514,37.578901515151514,37.578901515151514,37.578901515151514,37.57783208020051,37.58837194337194,37.58837194337194,37.58837194337194,37.58831410256409,37.88077380952382,37.80302158273381,37.58571530452146,37.529804043761246,37.5204575569358,37.21710470085471,37.21710470085471,37.21710470085471,37.21627269490922,36.961176790768576,36.961176790768576,36.961176790768576,36.961176790768576,36.961176790768576,36.961176790768576,36.961176790768576,36.95866079199305,36.62782467846437,36.0875590212633,36.0875590212633,37.80302158273381,36.961176790768576,,,36.10294563077391,37.450790558303055,37.391207577127965,"rgba(239, 83, 80, 0.5)",0.3451882891333122,37.63082328599237,-0.4948698764412531,47.816266708926165,9.099889026877001,False,False,False,True,False,0.0,0.0,0.0,0.0,0.0,0,0.9717073170731705,0.9992682926829268,False,False,False,False,-0.07564034592859568,-0.028498594548548663,False,False,False,False,56.0,71.77347075576849,False,False,False,False,11.009631595504665,False,False,False,False
2025-06-19 16:00:00+00:00,37.46,37.46,37.46,37.46,0.0,,,,,,,,,,,,,,,,,,,,,,,,,,,,,,,,,,,,,,,,,37.68333333333334,37.68333333333334,37.68333333333334,37.68333333333334,37.68333333333334,37.68333333333334,37.57893382352942,37.65417643229167,37.87737906273621,37.9832170235263,37.983341013824884,37.730919631793235,37.73707940663176,37.276958395802104,37.276958395802104,37.276958395802104,37.276958395802104,37.24128209764919,37.233233429050024,37.19589915373767,37.19334624413147,36.91328076386655,36.91328076386655,36.91328076386655,36.91328076386655,36.91328076386655,36.91328076386655,36.391637571651906,36.29950514352084,36.10294563077391,36.10440054495914,36.24607572540695,36.24610800205843,36.15180984922444,36.15180984922444,36.15180984922444,36.211388361796345,36.211388361796345,36.211388361796345,36.211388361796345,36.211388361796345,36.211388361796345,36.28917763917765,36.28917763917765,36.28917763917765,36.28917763917765,36.28917763917765,36.28917763917765,36.502600940149414,36.502600940149414,36.61716900024563,,,,,,,,,,,,,,,,,,,,,,,,,,,,,,,,,,,,,,,37.578901515151514,37.578901515151514,37.578901515151514,37.578901515151514,37.578901515151514,37.57783208020051,37.58837194337194,37.58837194337194,37.58837194337194,37.58831410256409,37.88077380952382,37.80302158273381,37.58571530452146,37.529804043761246,37.5204575569358,37.21710470085471,37.21710470085471,37.21710470085471,37.21627269490922,36.961176790768576,36.961176790768576,36.961176790768576,36.961176790768576,36.961176790768576,36.961176790768576,36.961176790768576,36.95866079199305,36.62782467846437,36.0875590212633,36.0875590212633,37.80302158273381,36.961176790768576,,,36.10294563077391,37.450790558303055,37.391207577127965,"rgba(239, 83, 80, 1.0)",0.34464040536309404,37.63082328599237,-0.4956565838889372,43.62314929302251,5.587747852499568,False,True,False,True,False,0.0,0.0,0.0,0.0,0.0,0,0.9717073170731705,0.9682926829268294,False,False,False,False,-0.07564034592859568,-0.052069470238572176,False,False,False,False,56.0,71.52892082157052,False,False,False,False,10.838939632783662,False,False,False,False
2025-06-19 17:00:00+00:00,37.46,37.46,37.46,37.46,0.0,,,,,,,,,,,,,,,,,,,,,,,,,,,,,,,,,,,,,,,,,37.68333333333334,37.68333333333334,37.68333333333334,37.68333333333334,37.68333333333334,37.68333333333334,37.57893382352942,37.65417643229167,37.87737906273621,37.9832170235263,37.983341013824884,37.730919631793235,37.73707940663176,37.276958395802104,37.276958395802104,37.276958395802104,37.276958395802104,37.24128209764919,37.233233429050024,37.19589915373767,37.19334624413147,36.91328076386655,36.91328076386655,36.91328076386655,36.91328076386655,36.91328076386655,36.91328076386655,36.391637571651906,36.29950514352084,36.10294563077391,36.10440054495914,36.24607572540695,36.24610800205843,36.15180984922444,36.15180984922444,36.15180984922444,36.211388361796345,36.211388361796345,36.211388361796345,36.211388361796345,36.211388361796345,36.211388361796345,36.28917763917765,36.28917763917765,36.28917763917765,36.28917763917765,36.28917763917765,36.28917763917765,36.502600940149414,36.502600940149414,36.61716900024563,,,,,,,,,,,,,,,,,,,,,,,,,,,,,,,,,,,,,,,37.578901515151514,37.578901515151514,37.578901515151514,37.578901515151514,37.578901515151514,37.57783208020051,37.58837194337194,37.58837194337194,37.58837194337194,37.58831410256409,37.88077380952382,37.80302158273381,37.58571530452146,37.529804043761246,37.5204575569358,37.21710470085471,37.21710470085471,37.21710470085471,37.21627269490922,36.961176790768576,36.961176790768576,36.961176790768576,36.961176790768576,36.961176790768576,36.961176790768576,36.961176790768576,36.95866079199305,36.62782467846437,36.0875590212633,36.0875590212633,37.80302158273381,36.961176790768576,,,36.10294563077391,37.450790558303055,37.391207577127965,"rgba(239, 83, 80, 1.0)",0.3419592726392627,37.63082328599237,-0.49954278085207376,40.82773768242007,3.029118255155076,False,True,False,True,False,0.0,0.0,0.0,0.0,0.0,0,0.9717073170731705,0.9682926829268294,False,False,False,False,-0.09665388207289835,-0.07436167615573526,False,False,False,False,56.0,71.28816235922059,False,False,False,False,10.67089405708159,False,False,False,False
2025-06-19 18:00:00+00:00,37.46,37.46,37.46,37.46,0.0,,,,,,,,,,,,,,,,,,,,,,,,,,,,,,,,,,,,,,,,,37.68333333333334,37.68333333333334,37.68333333333334,37.68333333333334,37.68333333333334,37.68333333333334,37.57893382352942,37.65417643229167,37.87737906273621,37.9832170235263,37.983341013824884,37.730919631793235,37.73707940663176,37.276958395802104,37.276958395802104,37.276958395802104,37.276958395802104,37.24128209764919,37.233233429050024,37.19589915373767,37.19334624413147,36.91328076386655,36.91328076386655,36.91328076386655,36.91328076386655,36.91328076386655,36.91328076386655,36.391637571651906,36.29950514352084,36.10294563077391,36.10440054495914,36.24607572540695,36.24610800205843,36.15180984922444,36.15180984922444,36.15180984922444,36.211388361796345,36.211388361796345,36.211388361796345,36.211388361796345,36.211388361796345,36.211388361796345,36.28917763917765,36.28917763917765,36.28917763917765,36.28917763917765,36.28917763917765,36.28917763917765,36.502600940149414,36.502600940149414,36.61716900024563,,,,,,,,,,,,,,,,,,,,,,,,,,,,,,,,,,,,,,,37.578901515151514,37.578901515151514,37.578901515151514,37.578901515151514,37.578901515151514,37.57783208020051,37.58837194337194,37.58837194337194,37.58837194337194,37.58831410256409,37.88077380952382,37.80302158273381,37.58571530452146,37.529804043761246,37.5204575569358,37.21710470085471,37.21710470085471,37.21710470085471,37.21627269490922,36.961176790768576,36.961176790768576,36.961176790768576,36.961176790768576,36.961176790768576,36.961176790768576,36.961176790768576,36.95866079199305,36.62782467846437,36.0875590212633,36.0875590212633,37.80302158273381,36.961176790768576,,,36.10294563077391,37.450790558303055,37.391207577127965,"rgba(239, 83, 80, 1.0)",0.3416936091330252,37.63082328599237,-0.4999311705764631,38.964129942018445,1.0153565543692977,False,True,False,True,False,0.0,0.0,0.0,0.0,0.0,0,0.9714707329070337,0.9763895720609937,False,False,False,False,-0.130474374136052,-0.10241802514589363,False,False,False,False,56.0,71.05113658620942,False,False,False,False,10.50545383914234,False,False,False,False
2025-06-19 19:00:00+00:00,37.46,37.46,37.46,37.46,0.0,,,,,,,,,,,,,,,,,,,,,,,,,,,,,,,,,,,,,,,,,37.68333333333334,37.68333333333334,37.68333333333334,37.68333333333334,37.68333333333334,37.68333333333334,37.57893382352942,37.65417643229167,37.87737906273621,37.9832170235263,37.983341013824884,37.730919631793235,37.73707940663176,37.276958395802104,37.276958395802104,37.276958395802104,37.276958395802104,37.24128209764919,37.233233429050024,37.19589915373767,37.19334624413147,36.91328076386655,36.91328076386655,36.91328076386655,36.91328076386655,36.91328076386655,36.91328076386655,36.391637571651906,36.29950514352084,36.10294563077391,36.10440054495914,36.24607572540695,36.24610800205843,36.15180984922444,36.15180984922444,36.15180984922444,36.211388361796345,36.211388361796345,36.211388361796345,36.211388361796345,36.211388361796345,36.211388361796345,36.28917763917765,36.28917763917765,36.28917763917765,36.28917763917765,36.28917763917765,36.28917763917765,36.502600940149414,36.502600940149414,36.61716900024563,,,,,,,,,,,,,,,,,,,,,,,,,,,,,,,,,,,,,,,37.578901515151514,37.578901515151514,37.578901515151514,37.578901515151514,37.578901515151514,37.57783208020051,37.58837194337194,37.58837194337194,37.58837194337194,37.58831410256409,37.88077380952382,37.80302158273381,37.58571530452146,37.529804043761246,37.5204575569358,37.21710470085471,37.21710470085471,37.21710470085471,37.21627269490922,36.961176790768576,36.961176790768576,36.961176790768576,36.961176790768576,36.961176790768576,36.961176790768576,36.961176790768576,36.95866079199305,36.62782467846437,36.0875590212633,36.0875590212633,37.80302158273381,36.961176790768576,,,36.10294563077391,37.450790558303055,37.391207577127965,"rgba(239, 83, 80, 1.0)",0.34241737347495643,37.63082328599237,-0.4988744708213917,37.721724781750694,-0.6809556890115687,False,True,False,True,False,0.0,0.0,0.0,0.0,0.0,0,0.9662027833001985,0.9831013916500996,False,False,False,False,-0.1382370642139597,-0.12032754467992667,False,False,False,False,56.0,70.81778563138447,False,False,False,False,10.342578585822304,False,False,False,False
2025-06-20 14:00:00+00:00,37.35,37.35,37.35,37.35,0.0,,,,,,,,,,,,,,,,,,,,,,,,,,,,,,,,,,,,,,,,,37.68333333333334,37.68333333333334,37.68333333333334,37.68333333333334,37.68333333333334,37.68333333333334,37.57893382352942,37.65417643229167,37.87737906273621,37.9832170235263,37.983341013824884,37.730919631793235,37.73707940663176,37.276958395802104,37.276958395802104,37.276958395802104,37.276958395802104,37.24128209764919,37.233233429050024,37.19589915373767,37.19334624413147,36.91328076386655,36.91328076386655,36.91328076386655,36.91328076386655,36.91328076386655,36.91328076386655,36.391637571651906,36.29950514352084,36.10294563077391,36.10440054495914,36.24607572540695,36.24610800205843,36.15180984922444,36.15180984922444,36.15180984922444,36.211388361796345,36.211388361796345,36.211388361796345,36.211388361796345,36.211388361796345,36.211388361796345,36.28917763917765,36.28917763917765,36.28917763917765,36.28917763917765,36.28917763917765,36.28917763917765,36.502600940149414,36.502600940149414,36.61716900024563,,,,,,,,,,,,,,,,,,,,,,,,,,,,,,,,,,,,,,,37.578901515151514,37.578901515151514,37.578901515151514,37.578901515151514,37.578901515151514,37.57783208020051,37.58837194337194,37.58837194337194,37.58837194337194,37.58831410256409,37.88077380952382,37.80302158273381,37.58571530452146,37.529804043761246,37.5204575569358,37.21710470085471,37.21710470085471,37.21710470085471,37.21627269490922,36.961176790768576,36.961176790768576,36.961176790768576,36.961176790768576,36.961176790768576,36.961176790768576,36.961176790768576,36.95866079199305,36.62782467846437,36.0875590212633,36.0875590212633,37.80302158273381,36.961176790768576,,,36.10294563077391,37.450790558303055,37.391207577127965,"rgba(239, 83, 80, 1.0)",0.3448161803019524,37.63082328599237,-0.814414467866487,34.834884522377976,-4.033505236808921,False,True,False,True,False,0.0,0.0,0.0,0.0,0.0,0,0.962705121829935,0.982098458478369,False,False,False,False,-0.1948840967995717,-0.1576058207397492,False,False,False,False,56.0,70.58805252082037,False,False,False,False,10.18222853022816,False,False,False,False
2025-06-20 15:00:00+00:00,37.35,37.35,37.35,37.35,0.0,,,,,,,,,,,,,,,,,,,,,,,,,,,,,,,,,,,,,,,,,37.68333333333334,37.68333333333334,37.68333333333334,37.68333333333334,37.68333333333334,37.68333333333334,37.57893382352942,37.65417643229167,37.87737906273621,37.9832170235263,37.983341013824884,37.730919631793235,37.73707940663176,37.276958395802104,37.276958395802104,37.276958395802104,37.276958395802104,37.24128209764919,37.233233429050024,37.19589915373767,37.19334624413147,36.91328076386655,36.91328076386655,36.91328076386655,36.91328076386655,36.91328076386655,36.91328076386655,36.391637571651906,36.29950514352084,36.10294563077391,36.10440054495914,36.24607572540695,36.24610800205843,36.15180984922444,36.15180984922444,36.15180984922444,36.211388361796345,36.211388361796345,36.211388361796345,36.211388361796345,36.211388361796345,36.211388361796345,36.28917763917765,36.28917763917765,36.28917763917765,36.28917763917765,36.28917763917765,36.28917763917765,36.502600940149414,36.502600940149414,36.61716900024563,,,,,,,,,,,,,,,,,,,,,,,,,,,,,,,,,,,,,,,37.578901515151514,37.578901515151514,37.578901515151514,37.578901515151514,37.578901515151514,37.57783208020051,37.58837194337194,37.58837194337194,37.58837194337194,37.58831410256409,37.88077380952382,37.80302158273381,37.58571530452146,37.529804043761246,37.5204575569358,37.21710470085471,37.21710470085471,37.21710470085471,37.21627269490922,36.961176790768576,36.961176790768576,36.961176790768576,36.961176790768576,36.961176790768576,36.961176790768576,36.961176790768576,36.95866079199305,36.62782467846437,36.0875590212633,36.0875590212633,37.80302158273381,36.961176790768576,,,36.10294563077391,37.450790558303055,37.391207577127965,"rgba(239, 83, 80, 1.0)",0.3452156918126768,37.63082328599237,-0.8134719615953939,32.91032434946283,-6.508927746656838,False,True,False,True,False,0.0,0.0,0.0,0.0,0.0,0,0.9708788351534057,1.0109204368174727,False,False,False,False,-0.1948840967995717,-0.17624495876966045,False,False,False,False,56.0,70.36188116390842,False,False,False,False,10.024364522007568,False,False,False,False
2025-06-20 16:00:00+00:00,37.35,37.475,37.35,37.475,2.0,,,,,,,,,,,,,,,,,,,,,,,,,,,,,,,,,,,,,,,,,37.51666666666667,37.51666666666667,37.51666666666667,37.51666666666667,37.51666666666667,37.51666666666667,37.57682367149759,37.65331712062257,37.87637443438914,37.982346265505406,37.98249744376278,37.73060389036251,37.73676168061366,37.27707553058677,37.27707553058677,37.27707553058677,37.27707553058677,37.241420913143,37.233376972740324,37.19606647874091,37.193515130190015,36.91361531038921,36.91361531038921,36.91361531038921,36.91361531038921,36.91361531038921,36.91361531038921,36.39218012152778,36.30006923714761,36.10354980320922,36.105003782720544,36.246533860698456,36.24656603652266,36.1522267404034,36.1522267404034,36.1522267404034,36.21174497786859,36.21174497786859,36.21174497786859,36.21174497786859,36.21174497786859,36.21174497786859,36.289494711560685,36.289494711560685,36.289494711560685,36.289494711560685,36.289494711560685,36.289494711560685,36.50283526351124,36.50283526351124,36.61736943352979,,,,,,,,,,,,,,,,,,,,,,,,,,,,,,,,,,,,37.43333333333334,37.43333333333334,37.43333333333334,37.57672885572139,37.57672885572139,37.57672885572139,37.57672885572139,37.57672885572139,37.5756913580247,37.58718390804597,37.58718390804597,37.58718390804597,37.58713104325699,37.87977728285079,37.80257884231537,37.5855850078381,37.52972395184723,37.52038546407391,37.21725860023726,37.21725860023726,37.21725860023726,37.21642713150718,36.96148498694519,36.96148498694519,36.96148498694519,36.96148498694519,36.96148498694519,36.96148498694519,36.96148498694519,36.958970428354,36.62829177539384,36.088189951554945,36.088189951554945,37.80257884231537,36.96148498694519,,,36.10354980320922,37.41063469461888,37.44714907384026,"rgba(239, 83, 80, 1.0)",0.3436466208182935,37.538790227872354,-0.18562739747143536,36.38772685956541,-6.508927746656838,False,True,False,True,False,0.0,0.0,0.0,0.0,0.0,0,0.9568494931115152,0.9789446321809201,False,False,False,False,-0.1662372733861518,-0.17124111607790612,False,False,False,False,58.0,70.17022409159975,False,False,False,False,9.89995576972838,False,False,False,False
2025-06-20 17:00:00+00:00,37.475,37.475,37.44,37.44,1.0,,,,,,,,,,,,,,,,,,,,,,,,,,,,,,,,,,,,,,,,,37.500416666666666,37.500416666666666,37.500416666666666,37.500416666666666,37.500416666666666,37.500416666666666,37.57592326139089,37.65292556634304,37.87589453860641,37.981926424050634,37.98209067688378,37.73045599151643,37.7366126502875,37.27714089604393,37.27714089604393,37.27714089604393,37.27714089604393,37.241496868978814,37.23345524082707,37.19615651050841,37.19360593270021,36.91378831725618,36.91378831725618,36.91378831725618,36.91378831725618,36.91378831725618,36.91378831725618,36.39245595764992,36.30035563292715,36.10385584562998,36.10530935632707,36.246766332304546,36.24679845708778,36.15243806581017,36.15243806581017,36.15243806581017,36.21192588269625,36.21192588269625,36.21192588269625,36.21192588269625,36.21192588269625,36.21192588269625,36.28965572180661,36.28965572180661,36.28965572180661,36.28965572180661,36.28965572180661,36.28965572180661,36.502954688483314,36.502954688483314,36.61747186412931,,,,,,,,,,,,,,,,,,,,,,,,,,,,,,,,,,,,37.43944444444444,37.43944444444444,37.43944444444444,37.5758024691358,37.5758024691358,37.5758024691358,37.5758024691358,37.5758024691358,37.574779411764716,37.58666666666666,37.58666666666666,37.58666666666666,37.586615969581736,37.87930107526883,37.80236884101337,37.58552777777777,37.529691562932214,37.520357044389286,37.21734198980198,37.21734198980198,37.21734198980198,37.21651078710289,36.96164491571508,36.96164491571508,36.96164491571508,36.96164491571508,36.96164491571508,36.96164491571508,36.96164491571508,36.959131072709496,36.62853043478262,36.08850949144599,36.08850949144599,37.80236884101337,36.96164491571508,,,36.10385584562998,37.406670420611746,37.44757835461577,"rgba(239, 83, 80, 0.75)",0.34419150598558573,37.53438694141792,-0.2742279799951718,37.84443550750896,-6.508927746656838,False,True,False,True,True,0.0,0.0,0.0,0.0,0.0,0,0.9615983393876487,0.972755578619616,False,False,False,False,-0.1790340937892489,-0.1751376049335775,False,False,False,False,57.0,69.96603457079975,False,False,False,False,9.761971959344995,False,False,False,False
2025-06-20 18:00:00+00:00,37.44,37.44,37.44,37.44,0.0,,,,,,,,,,,,,,,,,,,,,,,,,,,,,,,,,,,,,,,,,37.500416666666666,37.500416666666666,37.500416666666666,37.500416666666666,37.500416666666666,37.500416666666666,37.57592326139089,37.65292556634304,37.87589453860641,37.981926424050634,37.98209067688378,37.73045599151643,37.7366126502875,37.27714089604393,37.27714089604393,37.27714089604393,37.27714089604393,37.241496868978814,37.23345524082707,37.19615651050841,37.19360593270021,36.91378831725618,36.91378831725618,36.91378831725618,36.91378831725618,36.91378831725618,36.91378831725618,36.39245595764992,36.30035563292715,36.10385584562998,36.10530935632707,36.246766332304546,36.24679845708778,36.15243806581017,36.15243806581017,36.15243806581017,36.21192588269625,36.21192588269625,36.21192588269625,36.21192588269625,36.21192588269625,36.21192588269625,36.28965572180661,36.28965572180661,36.28965572180661,36.28965572180661,36.28965572180661,36.28965572180661,36.502954688483314,36.502954688483314,36.61747186412931,,,,,,,,,,,,,,,,,,,,,,,,,,,,,,,,,,,,37.43944444444444,37.43944444444444,37.43944444444444,37.5758024691358,37.5758024691358,37.5758024691358,37.5758024691358,37.5758024691358,37.574779411764716,37.58666666666666,37.58666666666666,37.58666666666666,37.586615969581736,37.87930107526883,37.80236884101337,37.58552777777777,37.529691562932214,37.520357044389286,37.21734198980198,37.21734198980198,37.21734198980198,37.21651078710289,36.96164491571508,36.96164491571508,36.96164491571508,36.96164491571508,36.96164491571508,36.96164491571508,36.96164491571508,36.959131072709496,36.62853043478262,36.08850949144599,36.08850949144599,37.80236884101337,36.96164491571508,,,36.10385584562998,37.406670420611746,37.44757835461577,"rgba(239, 83, 80, 0.75)",0.3427823095078644,37.53438694141792,-0.275355345943714,38.815574606138,-6.508927746656838,False,True,False,True,True,0.0,0.0,0.0,0.0,0.0,0,0.9612159329140456,0.9842767295597485,False,False,False,False,-0.22699947730823447,-0.201068541120906,False,False,False,False,57.0,69.7650107790044,False,False,False,False,9.61062355687453,False,False,False,False
2025-06-20 19:00:00+00:00,37.44,37.44,37.44,37.44,0.0,,,,,,,,,,,,,,,,,,,,,,,,,,,,,,,,,,,,,,,,,37.500416666666666,37.500416666666666,37.500416666666666,37.500416666666666,37.500416666666666,37.500416666666666,37.57592326139089,37.65292556634304,37.87589453860641,37.981926424050634,37.98209067688378,37.73045599151643,37.7366126502875,37.27714089604393,37.27714089604393,37.27714089604393,37.27714089604393,37.241496868978814,37.23345524082707,37.19615651050841,37.19360593270021,36.91378831725618,36.91378831725618,36.91378831725618,36.91378831725618,36.91378831725618,36.91378831725618,36.39245595764992,36.30035563292715,36.10385584562998,36.10530935632707,36.246766332304546,36.24679845708778,36.15243806581017,36.15243806581017,36.15243806581017,36.21192588269625,36.21192588269625,36.21192588269625,36.21192588269625,36.21192588269625,36.21192588269625,36.28965572180661,36.28965572180661,36.28965572180661,36.28965572180661,36.28965572180661,36.28965572180661,36.502954688483314,36.502954688483314,36.61747186412931,,,,,,,,,,,,,,,,,,,,,,,,,,,,,,,,,,,,37.43944444444444,37.43944444444444,37.43944444444444,37.5758024691358,37.5758024691358,37.5758024691358,37.5758024691358,37.5758024691358,37.574779411764716,37.58666666666666,37.58666666666666,37.58666666666666,37.586615969581736,37.87930107526883,37.80236884101337,37.58552777777777,37.529691562932214,37.520357044389286,37.21734198980198,37.21734198980198,37.21734198980198,37.21651078710289,36.96164491571508,36.96164491571508,36.96164491571508,36.96164491571508,36.96164491571508,36.96164491571508,36.96164491571508,36.959131072709496,36.62853043478262,36.08850949144599,36.08850949144599,37.80236884101337,36.96164491571508,,,36.10385584562998,37.406670420611746,37.44757835461577,"rgba(239, 83, 80, 0.75)",0.3419592199487281,37.53438694141792,-0.27601812120192354,39.46300067189068,-6.508927746656838,False,True,False,True,True,0.0,0.0,0.0,0.0,0.0,0,0.9512578616352197,0.9842767295597485,False,False,False,False,-0.2871983536627277,-0.24413344739181686,False,False,False,False,57.0,69.56710363514387,False,False,False,False,9.461621641264072,False,False,False,False
2025-06-23 14:00:00+00:00,37.44,37.7,37.44,37.7,1.0,,,,,,,,,,,,,,,,,,,,,,,,,,,,,,,,,,,,,,,,,37.523,37.523,37.523,37.523,37.523,37.523,37.57619047619048,37.652848837209305,37.87559819413093,37.981635046113304,37.98180832057172,37.730393923335086,37.73654824103099,37.27726671656687,37.27726671656687,37.27726671656687,37.27726671656687,37.24163115444806,37.233591397849466,37.19630340375588,37.19375351617441,36.91401317904212,36.91401317904212,36.91401317904212,36.91401317904212,36.91401317904212,36.91401317904212,36.39277372896061,36.300682081883,36.10419844151916,36.10565146702966,36.247029893924804,36.247061961691756,36.152675609756116,36.152675609756116,36.152675609756116,36.212130318502325,36.212130318502325,36.212130318502325,36.212130318502325,36.212130318502325,36.212130318502325,36.289839082052005,36.289839082052005,36.289839082052005,36.289839082052005,36.289839082052005,36.289839082052005,36.503094429062834,36.503094429062834,36.6175941157214,,,,,,,,,,,,,,,,,,,,,,,,,,,,,,,,,,,,37.48291666666667,37.48291666666667,37.48291666666667,37.57607843137255,37.57607843137255,37.57607843137255,37.57607843137255,37.57607843137255,37.57506082725062,37.58676806083649,37.58676806083649,37.58676806083649,37.58671717171716,37.879005555555565,37.802255781499206,37.585539655417904,37.5297262546661,37.52039548022597,37.21748281175913,37.21748281175913,37.21748281175913,37.21665185448513,36.961857469015015,36.961857469015015,36.961857469015015,36.961857469015015,36.961857469015015,36.961857469015015,36.961857469015015,36.95934430682313,36.62881580218295,36.08886676038739,36.08886676038739,37.802255781499206,36.961857469015015,,,36.10419844151916,37.41213688372983,37.4529127905005,#000000,0.3391593741604617,37.54780722256619,0.44873528207952806,47.53259174115044,-10.787092872423074,False,False,False,False,True,0.8915615044897542,0.0,0.0,0.0,0.0,0,0.9508456659619446,0.992600422832981,False,False,False,False,-0.20970895881791862,-0.22692120310486774,False,False,False,False,58.0,69.38776869506411,False,False,False,False,9.330433708841372,False,False,False,False
2025-06-23 15:00:00+00:00,37.7,37.7,37.7,37.7,0.0,,,,,,,,,,,,,,,,,,,,,,,,,,,,,,,,,,,,,,,,,37.523,37.523,37.523,37.523,37.523,37.523,37.57619047619048,37.652848837209305,37.87559819413093,37.981635046113304,37.98180832057172,37.730393923335086,37.73654824103099,37.27726671656687,37.27726671656687,37.27726671656687,37.27726671656687,37.24163115444806,37.233591397849466,37.19630340375588,37.19375351617441,36.91401317904212,36.91401317904212,36.91401317904212,36.91401317904212,36.91401317904212,36.91401317904212,36.39277372896061,36.300682081883,36.10419844151916,36.10565146702966,36.247029893924804,36.247061961691756,36.152675609756116,36.152675609756116,36.152675609756116,36.212130318502325,36.212130318502325,36.212130318502325,36.212130318502325,36.212130318502325,36.212130318502325,36.289839082052005,36.289839082052005,36.289839082052005,36.289839082052005,36.289839082052005,36.289839082052005,36.503094429062834,36.503094429062834,36.6175941157214,,,,,,,,,,,,,,,,,,,,,,,,,,,,,,,,,,,,37.48291666666667,37.48291666666667,37.48291666666667,37.57607843137255,37.57607843137255,37.57607843137255,37.57607843137255,37.57607843137255,37.57506082725062,37.58676806083649,37.58676806083649,37.58676806083649,37.58671717171716,37.879005555555565,37.802255781499206,37.585539655417904,37.5297262546661,37.52039548022597,37.21748281175913,37.21748281175913,37.21748281175913,37.21665185448513,36.961857469015015,36.961857469015015,36.961857469015015,36.961857469015015,36.961857469015015,36.961857469015015,36.961857469015015,36.95934430682313,36.62881580218295,36.08886676038739,36.08886676038739,37.802255781499206,36.961857469015015,,,36.10419844151916,37.41213688372983,37.4529127905005,"rgba(38, 166, 154, 1.0)",0.33558731627801786,37.54780722256619,0.4535117093273175,52.912319120656946,-5.630952205962721,True,False,True,False,True,0.8915615044897542,0.0,0.0,0.0,0.0,0,0.9413663259817104,1.010220548682087,False,False,False,False,-0.13462920439861847,-0.1807752037517431,False,False,False,False,58.0,69.21121414165226,False,False,False,False,9.185775821882592,False,False,False,False
2025-06-23 16:00:00+00:00,37.7,37.71,37.7,37.71,100.0,,,,,,,,,,,,,,,,,,,,,,,,,,,,,,,,,,,,,,,,,37.697920634920635,37.697920634920635,37.697920634920635,37.697920634920635,37.697920634920635,37.697920634920635,37.63055555555556,37.6615854978355,37.85846517917512,37.96149084249084,37.96223921289711,37.72919979869149,37.73506454816285,37.29275733525734,37.29275733525734,37.29275733525734,37.29275733525734,37.257840130126645,37.249960784313735,37.21366269841271,37.21117583786233,36.938698743901185,36.938698743901185,36.938698743901185,36.938698743901185,36.938698743901185,36.938698743901185,36.42610434635549,36.33479136341583,36.13976142920552,36.14116644483882,36.27464837590667,36.27467461218315,36.17753946666668,36.17753946666668,36.17753946666668,36.2336189791517,36.2336189791517,36.2336189791517,36.2336189791517,36.2336189791517,36.2336189791517,36.30919729471241,36.30919729471241,36.30919729471241,36.30919729471241,36.30919729471241,36.30919729471241,36.518053069848364,36.518053069848364,36.63080139865793,,,,,,,,,,,,,,,,,,,,,,,,,,,,,,,,,,,,37.698060897435894,37.698060897435894,37.698060897435894,37.631412429378535,37.631412429378535,37.631412429378535,37.631412429378535,37.631412429378535,37.63059071729958,37.61979797979797,37.61979797979797,37.61979797979797,37.61967032967032,37.86177166666668,37.79686136192627,37.59050184350675,37.53677286605601,37.5277901283578,37.23428170787547,37.23428170787547,37.23428170787547,37.23347350955487,36.98538271214994,36.98538271214994,36.98538271214994,36.98538271214994,36.98538271214994,36.98538271214994,36.98538271214994,36.98293402777779,36.65916924809913,36.12590430402931,36.12590430402931,37.79686136192627,36.98538271214994,,,36.13976142920552,37.463383528467276,37.502682578468345,"rgba(38, 166, 154, 1.0)",0.33283505099524474,37.659518693394446,0.15167064422633766,56.722584651631166,-2.003077871370678,True,False,True,False,True,1.0348425721161902,0.0,0.0,0.0,0.0,0,0.956759715380405,1.008210180623974,False,False,False,False,-0.1317766345917184,-0.15627591917173075,False,False,False,False,158.0,70.5877844650375,False,False,False,False,10.59374828976038,False,False,False,False
2025-06-23 17:00:00+00:00,37.71,37.71,37.68,37.68,1.0,,,,,,,,,,,,,,,,,,,,,,,,,,,,,,,,,,,,,,,,,37.697845911949685,37.697845911949685,37.697845911949685,37.697845911949685,37.697845911949685,37.697845911949685,37.63080221300139,37.66163155051324,37.85829449510301,37.961292093704245,37.962045723762145,37.72918008048289,37.735042183622824,37.29290058901311,37.29290058901311,37.29290058901311,37.29290058901311,37.257990708478516,37.25011299435029,37.21382466281311,37.21133842671195,36.93893264840184,36.93893264840184,36.93893264840184,36.93893264840184,36.93893264840184,36.93893264840184,36.42642488798715,36.33512005821006,36.14010539161306,36.14150994307682,36.27491613065962,36.274942311329696,36.17778142163922,36.17778142163922,36.17778142163922,36.233828349626236,36.233828349626236,36.233828349626236,36.233828349626236,36.233828349626236,36.233828349626236,36.30938592896177,36.30938592896177,36.30938592896177,36.30938592896177,36.30938592896177,36.30938592896177,36.51819870759289,36.51819870759289,36.6309298330706,,,,,,,,,,,,,,,,,,,,,,,,,,,,,,,,,,,,37.697984126984124,37.697984126984124,37.697984126984124,37.63165963431787,37.63165963431787,37.63165963431787,37.63165963431787,37.63165963431787,37.63084033613446,37.619990842490836,37.619990842490836,37.619990842490836,37.61986301369862,37.861600066600076,37.79680109043054,37.59054258804258,37.53683386411889,37.52785449735448,37.234438150818185,37.234438150818185,37.234438150818185,37.233630176161064,36.985605199452706,36.985605199452706,36.985605199452706,36.985605199452706,36.985605199452706,36.985605199452706,36.985605199452706,36.983157147365105,36.65945945945946,36.12626230258641,36.12626230258641,37.79680109043054,36.985605199452706,,,36.14010539161306,37.46343854215606,37.5028127505347,"rgba(38, 166, 154, 1.0)",0.3225627671300203,37.659612482039655,0.06320480860745598,58.00360876226326,-0.6178600365663058,True,False,True,False,True,0.5874732973010239,0.0,0.0,0.0,0.0,0,0.9550997782705098,1.0227272727272734,False,False,False,False,-0.13748395373069736,-0.14687993645121405,False,False,False,False,157.0,71.92750873689738,False,False,False,False,10.445008006198204,False,False,False,False
2025-06-23 18:00:00+00:00,37.68,37.68,37.68,37.68,47.0,,,,,,,,,,,,,,,,,,,,,,,,,,,,,,,,,,,,,,,,,37.69236383442266,37.69236383442266,37.69236383442266,37.69236383442266,37.69236383442266,37.69236383442266,37.638831018518516,37.66293172690763,37.85019019987106,37.9519355980184,37.95292870243008,37.728044226044226,37.733787584869056,37.29935224586289,37.29935224586289,37.29935224586289,37.29935224586289,37.2647903096789,37.25699001588383,37.22115740740742,37.218700423351166,36.94962002659304,36.94962002659304,36.94962002659304,36.94962002659304,36.94962002659304,36.94962002659304,36.441191311612364,36.35027817745805,36.155998023715426,36.15738110916009,36.2872992062004,36.287322834645686,36.1889920080449,36.1889920080449,36.1889920080449,36.24353419962874,36.24353419962874,36.24353419962874,36.24353419962874,36.24353419962874,36.24353419962874,36.31813017510522,36.31813017510522,36.31813017510522,36.31813017510522,36.31813017510522,36.31813017510522,36.524945021003205,36.524945021003205,36.63687464834016,,,,,,,,,,,,,,,,,,,,,,,,,,,,,,,,,,,,37.69242324561403,37.69242324561403,37.69242324561403,37.63965962441315,37.63965962441315,37.63965962441315,37.63965962441315,37.63965962441315,37.63894736842106,37.62685320356852,37.62685320356852,37.62685320356852,37.626723300970866,37.853455788804084,37.79378479853481,37.59223182000803,37.539463332030735,37.53064017660043,37.24151295045046,37.24151295045046,37.24151295045046,37.240715411460094,36.995759697158284,36.995759697158284,36.995759697158284,36.995759697158284,36.995759697158284,36.995759697158284,36.995759697158284,36.99334110696518,36.672786885245905,36.142798913043485,36.142798913043485,37.79378479853481,36.995759697158284,,,36.155998023715426,37.465214372373595,37.50735629637079,"rgba(38, 166, 154, 1.0)",0.3116273473292124,37.66136580416945,0.05979640744066266,58.85762483601799,0.5622971652363873,True,False,True,False,True,0.5874732973010239,0.0,0.0,0.0,0.0,0,0.9406873614190683,1.0243902439024397,False,False,False,False,-0.14606177082545477,-0.1464708536383344,False,False,False,False,157.0,73.2464620898137,False,False,False,False,11.01175206811761,False,False,False,False
2025-06-23 19:00:00+00:00,37.68,37.68,37.59,37.59,1.0,,,,,,,,,,,,,,,,,,,,,,,,,,,,,,,,,,,,,,,,,37.691893939393935,37.691893939393935,37.691893939393935,37.691893939393935,37.691893939393935,37.691893939393935,37.638765859284895,37.6628671679198,37.84996779388084,37.951700848656294,37.95269988545247,37.727991159135556,37.73373242850217,37.29946591043366,37.29946591043366,37.29946591043366,37.29946591043366,37.2649120402102,37.257113530679376,37.22129084420655,37.2188345027286,36.94982566462169,36.94982566462169,36.94982566462169,36.94982566462169,36.94982566462169,36.94982566462169,36.44148667835964,36.35058259410215,36.156319429198696,36.15770207007535,36.287549056367965,36.28757263355203,36.18921918823095,36.18921918823095,36.18921918823095,36.24373072529984,36.24373072529984,36.24373072529984,36.24373072529984,36.24373072529984,36.24373072529984,36.318306867535306,36.318306867535306,36.318306867535306,36.318306867535306,36.318306867535306,36.318306867535306,36.5250802964793,36.5250802964793,36.636993168575444,,,,,,,,,,,,,,,,,,,,,,,,,,,,,,,,,,,,37.69194989106754,37.69194989106754,37.69194989106754,37.63959064327486,37.63959064327486,37.63959064327486,37.63959064327486,37.63959064327486,37.63888111888112,37.62683656957928,37.62683656957928,37.62683656957928,37.62670702179176,37.853233238004464,37.79368936481787,37.59224297188754,37.539494791666655,37.53067497403945,37.24164077451312,37.24164077451312,37.24164077451312,37.24084346162503,36.995953862104734,36.995953862104734,36.995953862104734,36.995953862104734,36.995953862104734,36.995953862104734,36.995953862104734,36.99353590301524,36.67305,36.14313334842654,36.14313334842654,37.79368936481787,36.995953862104734,,,36.156319429198696,37.465136239889674,37.507314538035295,"rgba(38, 166, 154, 1.0)",0.3065279553111366,37.66112420661923,-0.23203171321529414,55.74707203709299,0.5622971652363873,True,False,True,False,True,0.0,0.0,0.0,0.0,0.0,0,0.9360176503033644,1.0242691671263107,False,False,False,False,-0.17192904843254206,-0.15919995103543821,False,False,False,False,156.0,74.52946267756853,False,False,False,False,10.856531105821214,False,False,False,False
2025-06-24 14:00:00+00:00,37.59,37.59,37.585,37.585,100.0,,,,,,,,,,,,,,,,,,,,,,,,,,,,,,,,,,,,,,,,,37.6504658792651,37.6504658792651,37.6504658792651,37.6504658792651,37.6504658792651,37.6504658792651,37.62537275064268,37.65290631808279,37.826769456681355,37.92759026860414,37.92916077170418,37.721374843945064,37.72693327169055,37.3092981855529,37.3092981855529,37.3092981855529,37.3092981855529,37.27557322730286,37.267957661511474,37.23311913240532,37.2307269102274,36.96877926587303,36.96877926587303,36.96877926587303,36.96877926587303,36.96877926587303,36.96877926587303,36.46947934490344,36.37952392101773,36.18704654493377,36.188386300193265,36.311456263035225,36.311475007666374,36.21105771735168,36.21105771735168,36.21105771735168,36.262634665915925,36.262634665915925,36.262634665915925,36.262634665915925,36.262634665915925,36.262634665915925,36.3352907962864,36.3352907962864,36.3352907962864,36.3352907962864,36.3352907962864,36.3352907962864,36.538034370551145,36.538034370551145,36.64830553901131,,,,,,,,,,,,,,,,,,,,,,,,,,,,,,,,,,,,37.650335968379444,37.650335968379444,37.650335968379444,37.62584415584416,37.62584415584416,37.62584415584416,37.62584415584416,37.62584415584416,37.62535405872194,37.618990885416665,37.618990885416665,37.618990885416665,37.618901884340474,37.830033362344075,37.7829125455492,37.59202767052766,37.54126817042606,37.53277361319339,37.25291244691279,37.25291244691279,37.25291244691279,37.252137491835406,37.013773252890914,37.013773252890914,37.013773252890914,37.013773252890914,37.013773252890914,37.013773252890914,37.013773252890914,37.01141744548288,36.697742342342345,36.175091137185454,36.175091137185454,37.7829125455492,37.013773252890914,,,36.18704654493377,37.45730358776369,37.500506689478335,"rgba(38, 166, 154, 0.75)",0.3011430625865117,37.63582121401326,-0.16876103197184408,53.487417442124155,0.5622971652363873,True,False,True,False,False,0.0,0.0,0.0,0.0,0.0,0,0.9357595809208709,1.0292252550317071,False,False,False,False,-0.19948360531923703,-0.17934177817733762,False,False,False,False,56.0,74.24218418644344,False,False,False,False,12.23860039100228,False,False,False,False
2025-06-24 15:00:00+00:00,37.585,37.775,37.585,37.76,3.0,,,,,,,,,,,,,,,,,,,,,,,,,,,,,,,,,,,,,,,,,37.65112191958496,37.65112191958496,37.65112191958496,37.65112191958496,37.65112191958496,37.65112191958496,37.62599489795919,37.65311631944444,37.82645284124195,37.92715337288508,37.9287323491656,37.72135421536543,37.72690520160049,37.309705882352944,37.309705882352944,37.309705882352944,37.309705882352944,37.276001324064886,37.26839031339032,37.233578589909456,37.231188092161936,36.96943750619488,36.96943750619488,36.96943750619488,36.96943750619488,36.96943750619488,36.96943750619488,36.47038593063019,36.38045546716582,36.18802526119938,36.18936373390559,36.31222610508247,36.31224469780558,36.21175856503177,36.21175856503177,36.21175856503177,36.2632442193143,36.2632442193143,36.2632442193143,36.2632442193143,36.2632442193143,36.2632442193143,36.33584147592917,36.33584147592917,36.33584147592917,36.33584147592917,36.33584147592917,36.33584147592917,36.5384620232577,36.5384620232577,36.64868361514646,,,,,,,,,,,,,,,,,,,,,,,,,,,,,,,,,,,,37.65099609375,37.65099609375,37.65099609375,37.62646907216496,37.62646907216496,37.62646907216496,37.62646907216496,37.62646907216496,37.62598114824337,37.619501618122975,37.619501618122975,37.619501618122975,37.619412144702835,37.82971209490742,37.78279365904367,37.59216030338089,37.54145449993741,37.53296892549606,37.25335672323761,37.25335672323761,37.25335672323761,37.252582381729205,37.01439973879849,37.01439973879849,37.01439973879849,37.01439973879849,37.01439973879849,37.01439973879849,37.01439973879849,37.012045682730935,36.698559726348,36.17610766961652,36.17610766961652,37.78279365904367,37.01439973879849,,,36.18802526119938,37.4576869035556,37.50096692159971,"rgba(38, 166, 154, 1.0)",0.2953334502671293,37.63644324872451,0.4183635519909098,57.2074644595139,0.5622971652363873,True,False,True,False,True,1.8186988964680744,0.0,0.0,0.0,0.0,0,0.9364256480218277,1.018826739427013,False,False,False,False,-0.14606177082545477,-0.1627017745013962,False,False,False,False,59.0,74.0058712533203,False,False,False,False,12.095366276413097,False,False,False,False
2025-06-24 16:00:00+00:00,37.76,37.76,37.76,37.76,0.0,,,,,,,,,,,,,,,,,,,,,,,,,,,,,,,,,,,,,,,,,37.65112191958496,37.65112191958496,37.65112191958496,37.65112191958496,37.65112191958496,37.65112191958496,37.62599489795919,37.65311631944444,37.82645284124195,37.92715337288508,37.9287323491656,37.72135421536543,37.72690520160049,37.309705882352944,37.309705882352944,37.309705882352944,37.309705882352944,37.276001324064886,37.26839031339032,37.233578589909456,37.231188092161936,36.96943750619488,36.96943750619488,36.96943750619488,36.96943750619488,36.96943750619488,36.96943750619488,36.47038593063019,36.38045546716582,36.18802526119938,36.18936373390559,36.31222610508247,36.31224469780558,36.21175856503177,36.21175856503177,36.21175856503177,36.2632442193143,36.2632442193143,36.2632442193143,36.2632442193143,36.2632442193143,36.2632442193143,36.33584147592917,36.33584147592917,36.33584147592917,36.33584147592917,36.33584147592917,36.33584147592917,36.5384620232577,36.5384620232577,36.64868361514646,,,,,,,,,,,,,,,,,,,,,,,,,,,,,,,,,,,,37.65099609375,37.65099609375,37.65099609375,37.62646907216496,37.62646907216496,37.62646907216496,37.62646907216496,37.62646907216496,37.62598114824337,37.619501618122975,37.619501618122975,37.619501618122975,37.619412144702835,37.82971209490742,37.78279365904367,37.59216030338089,37.54145449993741,37.53296892549606,37.25335672323761,37.25335672323761,37.25335672323761,37.252582381729205,37.01439973879849,37.01439973879849,37.01439973879849,37.01439973879849,37.01439973879849,37.01439973879849,37.01439973879849,37.012045682730935,36.698559726348,36.17610766961652,36.17610766961652,37.78279365904367,37.01439973879849,,,36.18802526119938,37.4576869035556,37.50096692159971,"rgba(38, 166, 154, 1.0)",0.2892866809647903,37.63644324872451,0.42710833026745976,59.687495804440395,2.084890765952693,True,False,True,False,True,1.8186988964680744,0.0,0.0,0.0,0.0,0,0.9459754433833556,1.019645293315144,False,False,False,False,-0.10052838410539153,-0.13161507930339386,False,False,False,False,59.0,73.77322208660215,False,False,False,False,11.907841217864057,False,False,False,False
2025-06-24 17:00:00+00:00,37.76,37.76,37.71,37.71,2.0,,,,,,,,,,,,,,,,,,,,,,,,,,,,,,,,,,,,,,,,,37.65170527670528,37.65170527670528,37.65170527670528,37.65170527670528,37.65170527670528,37.65170527670528,37.626505922165826,37.65330735930736,37.82627777777778,37.92688940092166,37.92847329059829,37.72135917795423,37.726904981549815,37.309990886306686,37.309990886306686,37.309990886306686,37.309990886306686,37.276299481751025,37.26869141480509,37.233897328162044,37.231507962126116,36.96988756810304,36.96988756810304,36.96988756810304,36.96988756810304,36.96988756810304,36.96988756810304,36.47099934895833,36.38108512628626,36.18868562231761,36.19002323752324,36.31274621560337,36.31276470588237,36.21223167811785,36.21223167811785,36.21223167811785,36.26365592910396,36.26365592910396,36.26365592910396,36.26365592910396,36.26365592910396,36.26365592910396,36.33621370266294,36.33621370266294,36.33621370266294,36.33621370266294,36.33621370266294,36.33621370266294,36.538751829268286,36.538751829268286,36.64894027777777,,,,,,,,,,,,,,,,,,,,,,,,,,,,,,,,,,,,37.651582687338504,37.651582687338504,37.651582687338504,37.62698290598291,37.62698290598291,37.62698290598291,37.62698290598291,37.62698290598291,37.62649616368287,37.61991618310767,37.61991618310767,37.61991618310767,37.61982625482625,37.829533506643564,37.78273537556249,37.592263969171476,37.541593495934954,37.53311385459533,37.25366547075453,37.25366547075453,37.25366547075453,37.25289153352897,37.01482881526106,37.01482881526106,37.01482881526106,37.01482881526106,37.01482881526106,37.01482881526106,37.01482881526106,37.01247591812162,36.69911470985155,36.1767934542238,36.1767934542238,37.78273537556249,37.01482881526106,,,36.18868562231761,37.457994382999594,37.50133392612983,"rgba(38, 166, 154, 1.0)",0.28284091285000335,37.63697359457764,0.25818897516106,59.186071309201665,2.084890765952693,True,False,True,False,True,1.0222408133717629,0.0,0.0,0.0,0.0,0,0.9434013605442173,1.0195918367346946,False,False,False,False,-0.1147042637746509,-0.12315967153902238,False,False,False,False,57.0,73.5131721317711,False,False,False,False,11.754231276501823,False,False,False,False
2025-06-24 18:00:00+00:00,37.71,38.09,37.71,37.85,6.0,,,,,,,,,,,,,,,,,,,,,,,,,,,,,,,,,,,,,,,,37.88333333333334,37.65694968553459,37.65694968553459,37.65694968553459,37.65694968553459,37.65694968553459,37.65694968553459,37.63035833333334,37.65508591065292,37.82657649796394,37.92671803278689,37.92830034057046,37.72181183046111,37.72733670653174,37.311164165529796,37.311164165529796,37.311164165529796,37.311164165529796,37.27750192582811,37.2699005464481,37.23515430107528,37.232767933848805,36.97151339859588,36.97151339859588,36.97151339859588,36.97151339859588,36.97151339859588,36.97151339859588,36.47306517146107,36.38319009808502,36.19086476639521,36.19219972864896,36.31447689011326,36.31449504223285,36.21379589183568,36.21379589183568,36.21379589183568,36.265021784961355,36.265021784961355,36.265021784961355,36.265021784961355,36.265021784961355,36.265021784961355,36.33745487364622,36.33745487364622,36.33745487364622,36.33745487364622,36.33745487364622,36.33745487364622,36.539734950036554,36.539734950036554,36.649821357760324,,,,,,,,,,,,,,,,,,,,,,,,,,,,,,,,,,,,37.656849747474745,37.656849747474745,37.656849747474745,37.63086700336701,37.63086700336701,37.63086700336701,37.63086700336701,37.63086700336701,37.63037783375315,37.62293817718292,37.62293817718292,37.62293817718292,37.62284351145037,37.82981178160921,37.783047791580415,37.592935409457894,37.54236116310994,37.53389822072912,37.25489529079862,37.25489529079862,37.25489529079862,37.25412246447554,37.01639557025457,37.01639557025457,37.01639557025457,37.01639557025457,37.01639557025457,37.01639557025457,37.01639557025457,37.01404597355771,36.70102937213689,36.179054770318025,36.179054770318025,37.783047791580415,37.01639557025457,,,36.19086476639521,37.49662962655794,37.50387878200533,"rgba(38, 166, 154, 1.0)",0.27685682708314113,37.65435966157044,0.7066480552087347,62.1906057236146,5.123881571943343,True,False,True,False,True,3.150629302104189,0.0,0.0,0.0,0.0,0,0.9445481205011993,1.0015995734470813,False,False,False,False,-0.021723187793872438,-0.07244142966644741,False,False,False,False,63.0,73.35017721499946,False,False,False,False,11.665018388494042,False,False,False,False
2025-06-24 19:00:00+00:00,37.85,37.85,37.56,37.56,1.0,,,,,,,,,,,,,,,,,,,,,,,,,,,,,,,,,,,,,,,,37.850952380952386,37.65694862155388,37.65694862155388,37.65694862155388,37.65694862155388,37.65694862155388,37.65694862155388,37.630423940149626,37.65508794508795,37.826428363847725,37.926541065967676,37.928126994256544,37.72178150217256,37.72730421455938,37.311281963859535,37.311281963859535,37.311281963859535,37.311281963859535,37.27762706270628,37.27002731344915,37.23529022895841,37.23290445517983,36.97171658758404,36.97171658758404,36.97171658758404,36.97171658758404,36.97171658758404,36.97171658758404,36.47335364367535,36.38348743092849,36.191178844368274,36.192513386164066,36.314723344350604,36.31474144789182,36.214020953569396,36.214020953569396,36.214020953569396,36.26521735057149,36.26521735057149,36.26521735057149,36.26521735057149,36.26521735057149,36.26521735057149,36.337631238859196,36.337631238859196,36.337631238859196,36.337631238859196,36.337631238859196,36.337631238859196,36.539871045042844,36.539871045042844,36.649941120494816,,,,,,,,,,,,,,,,,,,,,,,,,,,,,,,,,,,,37.65684905660377,37.65684905660377,37.65684905660377,37.630931989924434,37.630931989924434,37.630931989924434,37.630931989924434,37.630931989924434,37.630443886097154,37.62300254452926,37.62300254452926,37.62300254452926,37.62290793650793,37.82966264714328,37.78298241076049,37.59295990263899,37.54240394211576,37.53394402985074,37.25502603319233,37.25502603319233,37.25502603319233,37.25425341574496,37.016588017232756,37.016588017232756,37.016588017232756,37.016588017232756,37.016588017232756,37.016588017232756,37.016588017232756,37.014239010713936,36.70128681752873,36.179381025980724,36.179381025980724,37.78298241076049,37.016588017232756,,,36.191178844368274,37.49537859259204,37.50394460300623,"rgba(38, 166, 154, 0.75)",0.2627661756446322,37.65277269149617,-0.35306177162479263,56.049865768924526,5.123881571943343,True,False,True,False,False,0.0,0.0,0.0,0.0,0.0,0,0.9375164085061694,1.0141769493305335,False,False,False,False,-0.1317766345917184,-0.1021090321290829,False,False,False,False,62.0,73.17420547523201,False,False,False,False,11.499669266191809,False,False,False,False
2025-06-25 14:00:00+00:00,37.86,37.86,37.86,37.86,0.0,,,,,,,,,,,,,,,,,,,,,,,,,,,,,,,,,,,,,,,,37.850952380952386,37.65694862155388,37.65694862155388,37.65694862155388,37.65694862155388,37.65694862155388,37.65694862155388,37.630423940149626,37.65508794508795,37.826428363847725,37.926541065967676,37.928126994256544,37.72178150217256,37.72730421455938,37.311281963859535,37.311281963859535,37.311281963859535,37.311281963859535,37.27762706270628,37.27002731344915,37.23529022895841,37.23290445517983,36.97171658758404,36.97171658758404,36.97171658758404,36.97171658758404,36.97171658758404,36.97171658758404,36.47335364367535,36.38348743092849,36.191178844368274,36.192513386164066,36.314723344350604,36.31474144789182,36.214020953569396,36.214020953569396,36.214020953569396,36.26521735057149,36.26521735057149,36.26521735057149,36.26521735057149,36.26521735057149,36.26521735057149,36.337631238859196,36.337631238859196,36.337631238859196,36.337631238859196,36.337631238859196,36.337631238859196,36.539871045042844,36.539871045042844,36.649941120494816,,,,,,,,,,,,,,,,,,,,,,,,,,,,,,,,,,,,37.65684905660377,37.65684905660377,37.65684905660377,37.630931989924434,37.630931989924434,37.630931989924434,37.630931989924434,37.630931989924434,37.630443886097154,37.62300254452926,37.62300254452926,37.62300254452926,37.62290793650793,37.82966264714328,37.78298241076049,37.59295990263899,37.54240394211576,37.53394402985074,37.25502603319233,37.25502603319233,37.25502603319233,37.25425341574496,37.016588017232756,37.016588017232756,37.016588017232756,37.016588017232756,37.016588017232756,37.016588017232756,37.016588017232756,37.014239010713936,36.70128681752873,36.179381025980724,36.179381025980724,37.78298241076049,37.016588017232756,,,36.191178844368274,37.49537859259204,37.50394460300623,"rgba(38, 166, 154, 0.75)",0.23784880502936667,37.65277269149617,0.8712564626012982,57.4711926583306,5.123881571943343,True,False,True,False,False,3.0259334355596827,0.0,0.0,0.0,0.0,0,0.9384853967433443,0.9989661411217374,False,False,False,False,-0.04416885208947199,-0.07313894210927745,False,False,False,False,62.0,73.00096197949198,False,False,False,False,11.321379820204339,False,False,False,False
2025-06-25 15:00:00+00:00,37.86,37.86,37.425,37.425,2.0,,,,,,,,,,,,,,,,,,,,,,,,,,,,,,,,,,,,,,,,37.78851851851852,37.65629975124378,37.65629975124378,37.65629975124378,37.65629975124378,37.65629975124378,37.65629975124378,37.63012406947891,37.65486949080017,37.82598201334495,37.92607438917976,37.92767049075845,37.72164031007752,37.727159699892816,37.311458262350946,37.311458262350946,37.311458262350946,37.311458262350946,37.27781992084434,37.27022382356153,37.235505961972294,37.23312144619677,36.97207123098203,36.97207123098203,36.97207123098203,36.97207123098203,36.97207123098203,36.97207123098203,36.47388794153471,36.384041229093754,36.19176947240667,36.193103189895105,36.31518416544299,36.31520217776964,36.21444383803733,36.21444383803733,36.21444383803733,36.2655839655334,36.2655839655334,36.2655839655334,36.2655839655334,36.2655839655334,36.2655839655334,36.33796066114232,36.33796066114232,36.33796066114232,36.33796066114232,36.33796066114232,36.33796066114232,36.54012202054655,36.54012202054655,36.65015994767511,,,,,,,,,,,,,,,,,,,,,,,,,,,,,,,,,,,,37.65619850187265,37.65619850187265,37.65619850187265,37.63062656641604,37.63062656641604,37.63062656641604,37.63062656641604,37.63062656641604,37.63014166666667,37.62280101394169,37.62280101394169,37.62280101394169,37.62270714737507,37.82921610776728,37.78276227390182,37.592942268305165,37.5424245823984,37.53397091722594,37.25523089430895,37.25523089430895,37.25523089430895,37.25445871261379,37.01692049664565,37.01692049664565,37.01692049664565,37.01692049664565,37.01692049664565,37.01692049664565,37.01692049664565,37.01457270089063,36.701754622150425,36.1799948502906,36.1799948502906,37.78276227390182,37.01692049664565,,,36.19176947240667,37.49274221537755,37.50380836914565,#000000,0.23606511546304973,37.64921710853064,-0.9498104287490161,51.89855533851315,9.40157617274901,False,False,False,False,False,0.0,0.0,0.0,0.0,0.0,0,0.9178463094034375,0.9989888776541967,False,False,False,False,-0.16760289637991424,-0.12037091924459584,False,False,False,False,60.0,72.79939667748435,False,False,False,False,11.176862303612022,False,False,False,False
2025-06-25 16:00:00+00:00,37.425,37.47,37.425,37.47,2.0,,,,,,,,,,,,,,,,,,,,,,,,,,,,,,,,,,,,,,,,37.72787878787879,37.65480864197531,37.65480864197531,37.65480864197531,37.65480864197531,37.65480864197531,37.65480864197531,37.62925925925926,37.654357661118226,37.82533738777875,37.925458605664495,37.92706874602165,37.72139250309789,37.7269098975065,37.31155600953355,37.31155600953355,37.31155600953355,37.31155600953355,37.277936717205016,37.27034478996182,37.23564734299518,37.23326417926451,36.97235732622435,36.97235732622435,36.97235732622435,36.97235732622435,36.97235732622435,36.97235732622435,36.47436571706842,36.38454085996425,36.192310354670674,36.193643269848074,36.3156024464832,36.315620375466295,36.214830605352056,36.214830605352056,36.214830605352056,36.26591807116106,36.26591807116106,36.26591807116106,36.26591807116106,36.26591807116106,36.26591807116106,36.33825917512918,36.33825917512918,36.33825917512918,36.33825917512918,36.33825917512918,36.33825917512918,36.54034486258271,36.54034486258271,36.650351325644976,,,,,,,,,,,,,,,,,,,,,,,,,,,,,,,,,,,,37.65470260223048,37.65470260223048,37.65470260223048,37.629750623441396,37.629750623441396,37.629750623441396,37.629750623441396,37.629750623441396,37.62927031509121,37.6221654040404,37.6221654040404,37.6221654040404,37.62207309388783,37.82857367668099,37.78242385131648,37.592836403172164,37.54235924265072,37.53391207153501,37.25536074098149,37.25536074098149,37.25536074098149,37.25458901884341,37.01718352846994,37.01718352846994,37.01718352846994,37.01718352846994,37.01718352846994,37.01718352846994,37.01718352846994,37.01483698369838,36.702160028704704,36.18055739392603,36.18055739392603,37.78242385131648,37.01718352846994,,,36.192310354670674,37.48988014985645,37.50332110470207,"rgba(239, 83, 80, 1.0)",0.23654228427935797,37.64510084032436,-0.7402517518498573,48.901742955393175,6.567331976746168,False,True,False,True,False,0.0,0.0,0.0,0.0,0.0,0,0.9180327868852455,1.0186633039092061,False,False,False,False,-0.2826439246483806,-0.20150742194648824,False,False,False,False,62.0,72.63196417085668,False,False,False,False,11.034585368672301,False,False,False,False
2025-06-25 17:00:00+00:00,37.47,37.47,37.47,37.47,0.0,,,,,,,,,,,,,,,,,,,,,,,,,,,,,,,,,,,,,,,,37.72787878787879,37.65480864197531,37.65480864197531,37.65480864197531,37.65480864197531,37.65480864197531,37.65480864197531,37.62925925925926,37.654357661118226,37.82533738777875,37.925458605664495,37.92706874602165,37.72139250309789,37.7269098975065,37.31155600953355,37.31155600953355,37.31155600953355,37.31155600953355,37.277936717205016,37.27034478996182,37.23564734299518,37.23326417926451,36.97235732622435,36.97235732622435,36.97235732622435,36.97235732622435,36.97235732622435,36.97235732622435,36.47436571706842,36.38454085996425,36.192310354670674,36.193643269848074,36.3156024464832,36.315620375466295,36.214830605352056,36.214830605352056,36.214830605352056,36.26591807116106,36.26591807116106,36.26591807116106,36.26591807116106,36.26591807116106,36.26591807116106,36.33825917512918,36.33825917512918,36.33825917512918,36.33825917512918,36.33825917512918,36.33825917512918,36.54034486258271,36.54034486258271,36.650351325644976,,,,,,,,,,,,,,,,,,,,,,,,,,,,,,,,,,,,37.65470260223048,37.65470260223048,37.65470260223048,37.629750623441396,37.629750623441396,37.629750623441396,37.629750623441396,37.629750623441396,37.62927031509121,37.6221654040404,37.6221654040404,37.6221654040404,37.62207309388783,37.82857367668099,37.78242385131648,37.592836403172164,37.54235924265072,37.53391207153501,37.25536074098149,37.25536074098149,37.25536074098149,37.25458901884341,37.01718352846994,37.01718352846994,37.01718352846994,37.01718352846994,37.01718352846994,37.01718352846994,37.01718352846994,37.01483698369838,36.702160028704704,36.18055739392603,36.18055739392603,37.78242385131648,37.01718352846994,,,36.192310354670674,37.48988014985645,37.50332110470207,"rgba(239, 83, 80, 1.0)",0.2232473681529814,37.64510084032436,-0.7843355188150435,46.90386803331319,4.566664625775026,False,True,False,True,False,0.0,0.0,0.0,0.0,0.0,0,0.9178580712243304,1.049909020015597,False,False,False,False,-0.26904808991006934,-0.2352777559282788,False,False,False,False,62.0,72.46712751704494,False,False,False,False,10.86350652574715,False,False,False,False
2025-06-25 18:00:00+00:00,37.47,37.47,37.25,37.25,1.0,,,,,,,,,,,,,,,,,,,,,,,,,,,,,,,,,,,,,,,,37.69416666666667,37.653585485854855,37.653585485854855,37.653585485854855,37.653585485854855,37.653585485854855,37.653585485854855,37.62850574712644,37.653934356351236,37.82490162037038,37.92506531678642,37.92668469041561,37.72120761727821,37.7267247706422,37.311560018152946,37.311560018152946,37.311560018152946,37.311560018152946,37.27795167490391,37.270362129144864,37.23567557415756,37.2332931404073,36.97246125752642,36.97246125752642,36.97246125752642,36.97246125752642,36.97246125752642,36.97246125752642,36.474572379097694,36.38475979477614,36.19255244006851,36.19388496648126,36.31578731731182,36.3158052090976,36.215003376974245,36.215003376974245,36.215003376974245,36.26606656368489,36.26606656368489,36.26606656368489,36.26606656368489,36.26606656368489,36.26606656368489,36.33839078156314,36.33839078156314,36.33839078156314,36.33839078156314,36.33839078156314,36.33839078156314,36.54044020944958,36.54044020944958,36.6504313282612,,,,,,,,,,,,,,,,,,,,,,,,,,,,,,,,,,,37.32333333333333,37.65347530864197,37.65347530864197,37.65347530864197,37.62898839137645,37.62898839137645,37.62898839137645,37.62898839137645,37.62898839137645,37.628511166253105,37.621600504095774,37.621600504095774,37.621600504095774,37.62150943396225,37.8281403659234,37.78218696250431,37.5927330264672,37.5422774249782,37.53383364369956,37.25538282434483,37.25538282434483,37.25538282434483,37.25461134567501,37.01727541016408,37.01727541016408,37.01727541016408,37.01727541016408,37.01727541016408,37.01727541016408,37.01727541016408,37.01492951409719,36.70232714554749,36.18080943978828,36.18080943978828,37.78218696250431,37.01727541016408,,,36.19255244006851,37.48814440258284,37.51512021565018,"rgba(239, 83, 80, 1.0)",0.21207484230475201,37.62759053321126,-1.7804588658784102,42.94451434763791,0.694947290478467,False,True,False,True,False,0.0,0.0,0.0,0.0,0.0,0,0.8812644564379336,1.0452325880236448,False,False,False,False,-0.3365511160723133,-0.28591443600029604,False,False,False,False,61.0,72.28934259430005,False,False,False,False,10.71058394395262,False,False,False,False
2025-06-25 19:00:00+00:00,37.25,37.54,37.25,37.54,40.0,,,,,,,,,,,,,,,,,,,,,,,,,,,,,,,,,,,,,,,,37.50121794871794,37.62654340836013,37.62654340836013,37.62654340836013,37.62654340836013,37.62654340836013,37.62654340836013,37.61189835575485,37.643686131386865,37.812097315436255,37.91279970294929,37.91469086021506,37.71613923088615,37.72161861861862,37.313329975374984,37.313329975374984,37.313329975374984,37.313329975374984,37.28010298102982,37.272596899224816,37.238315850815866,37.23596031746033,36.97797336845188,36.97797336845188,36.97797336845188,36.97797336845188,36.97797336845188,36.97797336845188,36.48391433622629,36.394543284041916,36.20317027447653,36.204486989110464,36.32400109269716,36.3240173585822,36.22261384758366,36.22261384758366,36.22261384758366,36.27264255457805,36.27264255457805,36.27264255457805,36.27264255457805,36.27264255457805,36.27264255457805,36.34426423034331,36.34426423034331,36.34426423034331,36.34426423034331,36.34426423034331,36.34426423034331,36.54481681208595,36.54481681208595,36.65418382236945,,,,,,,,,,,,,,,,,,,,,,,,,,,,,,,,,,37.44333333333332,37.44040650406503,37.62636021505376,37.62636021505376,37.62636021505376,37.612187028657615,37.612187028657615,37.612187028657615,37.612187028657615,37.612187028657615,37.61179082016554,37.60906854130052,37.60906854130052,37.60906854130052,37.609005847953206,37.81537728026535,37.77533451297608,37.590475380934386,37.54082075818918,37.532505198776754,37.25779399187515,37.25779399187515,37.25779399187515,37.257031634070756,37.02232947805459,37.02232947805459,37.02232947805459,37.02232947805459,37.02232947805459,37.02232947805459,37.02232947805459,37.0200083975499,36.71021648478396,36.19185031336541,36.19185031336541,37.77533451297608,37.02232947805459,,,36.20317027447653,37.472304986780486,37.527160565470425,"rgba(239, 83, 80, 1.0)",0.2107029632885732,37.59600689828737,-0.26580973239880845,44.94187445933507,0.694947290478467,False,True,False,True,False,0.0,0.0,0.0,0.0,0.0,0,0.882112783873437,1.0489920898188319,False,False,False,False,-0.3147774628598921,-0.3003459494300941,False,False,False,False,101.0,72.73446906570625,False,False,False,False,11.164683417689789,False,False,False,False
2025-06-26 14:00:00+00:00,37.54,37.54,37.54,37.54,0.0,,,,,,,,,,,,,,,,,,,,,,,,,,,,,,,,,,,,,,,,37.50121794871794,37.62654340836013,37.62654340836013,37.62654340836013,37.62654340836013,37.62654340836013,37.62654340836013,37.61189835575485,37.643686131386865,37.812097315436255,37.91279970294929,37.91469086021506,37.71613923088615,37.72161861861862,37.313329975374984,37.313329975374984,37.313329975374984,37.313329975374984,37.28010298102982,37.272596899224816,37.238315850815866,37.23596031746033,36.97797336845188,36.97797336845188,36.97797336845188,36.97797336845188,36.97797336845188,36.97797336845188,36.48391433622629,36.394543284041916,36.20317027447653,36.204486989110464,36.32400109269716,36.3240173585822,36.22261384758366,36.22261384758366,36.22261384758366,36.27264255457805,36.27264255457805,36.27264255457805,36.27264255457805,36.27264255457805,36.27264255457805,36.34426423034331,36.34426423034331,36.34426423034331,36.34426423034331,36.34426423034331,36.34426423034331,36.54481681208595,36.54481681208595,36.65418382236945,,,,,,,,,,,,,,,,,,,,,,,,,,,,,,,,,,37.44333333333332,37.44040650406503,37.62636021505376,37.62636021505376,37.62636021505376,37.612187028657615,37.612187028657615,37.612187028657615,37.612187028657615,37.612187028657615,37.61179082016554,37.60906854130052,37.60906854130052,37.60906854130052,37.609005847953206,37.81537728026535,37.77533451297608,37.590475380934386,37.54082075818918,37.532505198776754,37.25779399187515,37.25779399187515,37.25779399187515,37.257031634070756,37.02232947805459,37.02232947805459,37.02232947805459,37.02232947805459,37.02232947805459,37.02232947805459,37.02232947805459,37.0200083975499,36.71021648478396,36.19185031336541,36.19185031336541,37.77533451297608,37.02232947805459,,,36.20317027447653,37.472304986780486,37.527160565470425,"rgba(239, 83, 80, 0.75)",0.20924968920473908,37.59600689828737,-0.2676558254410213,46.27344786713317,0.694947290478467,False,True,False,True,True,0.0,0.0,0.0,0.0,0.0,0,0.9042195185089308,1.0476313745793429,False,False,False,False,-0.22734048183075148,-0.2638432156304228,False,False,False,False,101.0,73.17269435150925,False,False,False,False,10.99158755074886,False,False,False,False
2025-06-26 15:00:00+00:00,37.54,37.54,37.54,37.54,0.0,,,,,,,,,,,,,,,,,,,,,,,,,,,,,,,,,,,,,,,,37.50121794871794,37.62654340836013,37.62654340836013,37.62654340836013,37.62654340836013,37.62654340836013,37.62654340836013,37.61189835575485,37.643686131386865,37.812097315436255,37.91279970294929,37.91469086021506,37.71613923088615,37.72161861861862,37.313329975374984,37.313329975374984,37.313329975374984,37.313329975374984,37.28010298102982,37.272596899224816,37.238315850815866,37.23596031746033,36.97797336845188,36.97797336845188,36.97797336845188,36.97797336845188,36.97797336845188,36.97797336845188,36.48391433622629,36.394543284041916,36.20317027447653,36.204486989110464,36.32400109269716,36.3240173585822,36.22261384758366,36.22261384758366,36.22261384758366,36.27264255457805,36.27264255457805,36.27264255457805,36.27264255457805,36.27264255457805,36.27264255457805,36.34426423034331,36.34426423034331,36.34426423034331,36.34426423034331,36.34426423034331,36.34426423034331,36.54481681208595,36.54481681208595,36.65418382236945,,,,,,,,,,,,,,,,,,,,,,,,,,,,,,,,,,37.44333333333332,37.44040650406503,37.62636021505376,37.62636021505376,37.62636021505376,37.612187028657615,37.612187028657615,37.612187028657615,37.612187028657615,37.612187028657615,37.61179082016554,37.60906854130052,37.60906854130052,37.60906854130052,37.609005847953206,37.81537728026535,37.77533451297608,37.590475380934386,37.54082075818918,37.532505198776754,37.25779399187515,37.25779399187515,37.25779399187515,37.257031634070756,37.02232947805459,37.02232947805459,37.02232947805459,37.02232947805459,37.02232947805459,37.02232947805459,37.02232947805459,37.0200083975499,36.71021648478396,36.19185031336541,36.19185031336541,37.77533451297608,37.02232947805459,,,36.20317027447653,37.472304986780486,37.527160565470425,"rgba(239, 83, 80, 0.75)",0.20771331160921694,37.59600689828737,-0.26963557536813343,47.16116347233191,0.694947290478467,False,True,False,True,True,0.0,0.0,0.0,0.0,0.0,0,0.9027595269382391,1.048883048620237,False,False,False,False,-0.22734048183075148,-0.24559184873058715,False,False,False,False,101.0,73.60412544683469,False,False,False,False,10.82117534065973,False,False,False,False
2025-06-26 16:00:00+00:00,37.54,37.67,37.505,37.52,3.0,,,,,,,,,,,,,,,,,,,,,,,,,,,,,,,,,,,,,,,,37.50469696969696,37.625955414012736,37.625955414012736,37.625955414012736,37.625955414012736,37.625955414012736,37.625955414012736,37.61158500371195,37.6434,37.811476987447705,37.91213680643796,37.91404127966977,37.715932756527025,37.721407257459894,37.31358324946887,37.31358324946887,37.31358324946887,37.31358324946887,37.28038065843622,37.272879961277845,37.23862707737908,37.236273390421836,36.97848830409359,36.97848830409359,36.97848830409359,36.97848830409359,36.97848830409359,36.97848830409359,36.484695655665305,36.39535403678906,36.20403676210677,36.205352271924255,36.324678740444135,36.324694874128014,36.223237343242005,36.223237343242005,36.223237343242005,36.27318374278803,36.27318374278803,36.27318374278803,36.27318374278803,36.27318374278803,36.27318374278803,36.34475070846619,36.34475070846619,36.34475070846619,36.34475070846619,36.34475070846619,36.34475070846619,36.545187563093066,36.545187563093066,36.654506997831646,,,,,,,,,,,,,,,,,,,,,,,,,,,,,,,,,,37.45182170542635,37.448901515151505,37.625772097976565,37.625772097976565,37.625772097976565,37.61186891385768,37.61186891385768,37.61186891385768,37.61186891385768,37.61186891385768,37.611476083707025,37.608837412587405,37.608837412587405,37.608837412587405,37.6087754508435,37.814755996691495,37.77501598519268,37.59044654088051,37.540847426470584,37.53254093352883,37.2580892876215,37.2580892876215,37.2580892876215,37.25732756779843,37.02281185185187,37.02281185185187,37.02281185185187,37.02281185185187,37.02281185185187,37.02281185185187,37.02281185185187,37.02049254762611,36.71089849290781,36.19275034593257,36.19275034593257,37.77501598519268,37.02281185185187,,,36.20403676210677,37.472334741707954,37.52768648085551,"rgba(239, 83, 80, 0.75)",0.2072345800560787,37.59663873124942,-0.36981632712397045,47.4170992146138,0.694947290478467,False,True,False,True,True,0.0,0.0,0.0,0.0,0.0,0,0.9007295466388744,1.0276185513288176,False,False,False,False,-0.19948360531923703,-0.2225377270249121,False,False,False,False,98.0,73.98235606006205,False,False,False,False,10.699916808246401,False,False,False,False
2025-06-26 17:00:00+00:00,37.52,37.945,37.52,37.945,4.0,,,,,,,,,,,,,,,,,,,,,,,,,,,,,,,,,,,,,,,,37.52494350282485,37.62818658280922,37.62818658280922,37.62818658280922,37.62818658280922,37.62818658280922,37.62818658280922,37.61327814569536,37.64417169280257,37.81144981929386,37.911861005492185,37.913767757875235,37.71609166666667,37.721554408022755,37.31423953098829,37.31423953098829,37.31423953098829,37.31423953098829,37.281059377027916,37.273563755505435,37.239343482397736,37.23699186991871,36.979451908099705,36.979451908099705,36.979451908099705,36.979451908099705,36.979451908099705,36.979451908099705,36.48596510228641,36.39665321030375,36.20539238539241,36.20670620631224,36.32575451679401,36.32577044311089,36.224215276703305,36.224215276703305,36.224215276703305,36.274037620907755,36.274037620907755,36.274037620907755,36.274037620907755,36.274037620907755,36.274037620907755,36.34552531421492,36.34552531421492,36.34552531421492,36.34552531421492,36.34552531421492,36.34552531421492,36.54579690842312,36.54579690842312,36.65505024234542,,,,,,,,,,,,,,,,,,,,,,,,,,,,,,,,,,37.48173758865247,37.47843749999999,37.62801261829652,37.62801261829652,37.62801261829652,37.61357461024499,37.61357461024499,37.61357461024499,37.61357461024499,37.61357461024499,37.61318148148148,37.6101880787037,37.6101880787037,37.6101880787037,37.61012420566146,37.81471832921133,37.77507304785896,37.59076739512685,37.54123286833089,37.53293740849194,37.258787200000015,37.258787200000015,37.258787200000015,37.258026231605896,37.02373581927594,37.02373581927594,37.02373581927594,37.02373581927594,37.02373581927594,37.02373581927594,37.02373581927594,37.02141871241252,36.712059422600085,36.19415666157318,36.19415666157318,37.77507304785896,37.02373581927594,,,36.20539238539241,37.474100393145235,37.53115234471691,"rgba(38, 166, 154, 0.5)",0.20588694089786416,37.602309762946106,1.6644583457281774,53.31321313450858,-3.3637454078251636,False,False,True,False,True,4.206080128233481,0.0,0.0,0.0,0.0,0,0.9036451695131277,1.0130002549069594,False,False,False,False,-0.11612428639961024,-0.16933100671226117,False,False,False,False,102.0,74.41673813665022,False,False,False,False,10.596042129048783,False,False,False,False
2025-06-26 18:00:00+00:00,37.945,37.965,37.825,37.825,2.0,,,,,,,,,,,,,,,,,,,,,,,,,,,,,,,,,,,,,,,,37.536311475409825,37.62970833333333,37.62970833333333,37.62970833333333,37.62970833333333,37.62970833333333,37.62970833333333,37.61441391941391,37.64471921379864,37.81155009714128,37.91181012658228,37.913715813283986,37.71623297002725,37.72168909825034,37.314612766432326,37.314612766432326,37.314612766432326,37.314612766432326,37.28144239083443,37.27394900697801,37.23974432118332,37.2373936899863,36.979972757345806,36.979972757345806,36.979972757345806,36.979972757345806,36.979972757345806,36.979972757345806,36.48663178574294,36.3973334101914,36.206098284261834,36.2074112499118,36.326316666666685,36.32633248500275,36.22472492910546,36.22472492910546,36.22472492910546,36.27448326359834,36.27448326359834,36.27448326359834,36.27448326359834,36.27448326359834,36.27448326359834,36.34593044863288,36.34593044863288,36.34593044863288,36.34593044863288,36.34593044863288,36.34593044863288,36.546117903401516,36.546117903401516,36.65533782452822,,,,,,,,,,,,,,,,,,,,,,,,,,,,,,,,,,37.49765306122448,37.49416666666666,37.62954022988505,37.62954022988505,37.62954022988505,37.61471914264597,37.61471914264597,37.61471914264597,37.61471914264597,37.61471914264597,37.614325221238936,37.61109284890426,37.61109284890426,37.61109284890426,37.61102763385146,37.8148120713306,37.77517027344407,37.59097891566265,37.54147529958425,37.53318519873201,37.25917919198381,37.25917919198381,37.25917919198381,37.25841858482524,37.02423740510699,37.02423740510699,37.02423740510699,37.02423740510699,37.02423740510699,37.02423740510699,37.02423740510699,37.021921371563714,36.71267525225705,36.194888719179595,36.194888719179595,37.77517027344407,37.02423740510699,,,36.206098284261834,37.47518365842625,37.53313931428866,"rgba(38, 166, 154, 1.0)",0.20222394151625803,37.60560276570451,1.0849221543723768,55.18568536016882,-1.4213640526920415,True,False,True,False,True,2.5413626168967056,0.0,0.0,0.0,0.0,0,0.9197671475575803,1.0118957226018732,False,False,False,False,-0.02452723616163792,-0.09692912143694954,False,False,False,False,100.0,74.81337785546185,False,False,False,False,10.462770158055779,False,False,False,False
2025-06-26 19:00:00+00:00,37.825,37.825,37.52,37.555,11.0,,,,,,,,,,,,,,,,,,,,,,,,,,,,,,,,,,,,,,,,37.55113425925925,37.62982880161128,37.62982880161128,37.62982880161128,37.62982880161128,37.62982880161128,37.62982880161128,37.614860515021455,37.644570467141726,37.80993261826183,37.90988476848942,37.91182598039216,37.715820906763064,37.72125520833333,37.315782188125425,37.315782188125425,37.315782188125425,37.315782188125425,37.2826930533118,37.27521769362431,37.24111181301328,37.23876761303892,36.982063815342855,36.982063815342855,36.982063815342855,36.982063815342855,36.982063815342855,36.982063815342855,36.489658109405,36.400460364918764,36.20941603268529,36.21072454583864,36.32892548236862,36.32894079583941,36.227117562281265,36.227117562281265,36.227117562281265,36.27656477742192,36.27656477742192,36.27656477742192,36.27656477742192,36.27656477742192,36.27656477742192,36.34780737795451,36.34780737795451,36.34780737795451,36.34780737795451,36.34780737795451,36.34780737795451,36.547563668600894,36.547563668600894,36.6566076487252,,,,,,,,,,,,,,,,,,,,,,,,,,,,,,,,,,37.522527777777775,37.51926229508196,37.629666666666665,37.629666666666665,37.629666666666665,37.61516233766233,37.61516233766233,37.61516233766233,37.61516233766233,37.61516233766233,37.61477681785457,37.61150820599886,37.61150820599886,37.61150820599886,37.61144350282485,37.813183795541065,37.774389389389405,37.59115360579927,37.5418444769212,37.53358652094717,37.26049075844488,37.26049075844488,37.26049075844488,37.259732398853146,37.02621265723272,37.02621265723272,37.02621265723272,37.02621265723272,37.02621265723272,37.02621265723272,37.02621265723272,37.023902966018476,36.71535654399437,36.1983329705413,36.1983329705413,37.774389389389405,37.02621265723272,,,36.20941603268529,37.47621471619394,37.53555687279464,"rgba(38, 166, 154, 0.5)",0.20040360177265218,37.609075159683336,-0.26983127650909955,52.63110480469151,-1.4213640526920415,False,False,True,False,True,0.0,0.0,0.0,0.0,0.0,0,0.9051680883090818,1.0253386853988962,False,False,False,False,-0.15035861866681866,-0.1236438700518841,False,False,False,False,89.0,75.03332548560972,False,False,False,False,10.471099302892124,False,False,False,False
2025-06-27 14:00:00+00:00,37.555,37.555,37.5,37.5,11.0,,,,,,,,,,,,,,,,,,,,,,,,,,,,,,,,,,,,,,,,37.54678714859437,37.626242690058476,37.626242690058476,37.626242690058476,37.626242690058476,37.626242690058476,37.626242690058476,37.612634521313765,37.64294255568581,37.807309893704016,37.907196213067,37.90919151957801,37.714844124700235,37.72026358655412,37.31652265425945,37.31652265425945,37.31652265425945,37.31652265425945,37.28352758102598,37.276072913335476,37.24207166089604,37.23973436026408,36.983774651972176,36.983774651972176,36.983774651972176,36.983774651972176,36.983774651972176,36.983774651972176,36.492365797240176,36.403281333639235,36.21245168318226,36.21375588338604,36.331294820717154,36.331309674693735,36.22930707568986,36.22930707568986,36.22930707568986,36.27846403411199,36.27846403411199,36.27846403411199,36.27846403411199,36.27846403411199,36.27846403411199,36.3495114257985,36.3495114257985,36.3495114257985,36.3495114257985,36.3495114257985,36.3495114257985,36.5488528713429,36.5488528713429,36.65772505795904,,,,,,,,,,,,,,,,,,,,,,,,,,,,,,,,,,37.5218779342723,37.51912037037036,37.626075268817196,37.626075268817196,37.626075268817196,37.612910500352356,37.612910500352356,37.612910500352356,37.612910500352356,37.612910500352356,37.61253867791843,37.60979999999999,37.60979999999999,37.60979999999999,37.60973932334996,37.81056184316897,37.77298739007799,37.59085449340303,37.54175036390101,37.53352564102563,37.26139144702023,37.26139144702023,37.26139144702023,37.26063544973545,37.027803408756995,37.027803408756995,37.027803408756995,37.027803408756995,37.027803408756995,37.027803408756995,37.027803408756995,37.02550024473814,36.717688313973966,36.20148606587045,36.20148606587045,37.77298739007799,37.027803408756995,,,36.21245168318226,37.475097871680966,37.53430990181017,#000000,0.19880367426370382,37.60630609856632,-0.5347290434145158,50.25512651701746,-1.4213640526920415,False,False,False,False,False,0.0,0.0,0.0,0.0,0.0,0,0.8979234425819365,1.0387790843132352,False,False,False,False,-0.23472755745993187,-0.17918571375590797,False,False,False,False,78.0,75.0793204393212,False,False,False,False,10.479299313699999,False,False,False,False
2025-06-27 15:00:00+00:00,37.5,38.0,37.5,38.0,1.0,,,,,,,,,,,,,,,,,,,,,,,,,,,,,,,,,,,,,,,37.833333333333336,37.55019841269841,37.62684645286686,37.62684645286686,37.62684645286686,37.62684645286686,37.62684645286686,37.62684645286686,37.613096234309616,37.64316549570648,37.80733115468411,37.90715013516324,37.90914537712896,37.71489737827715,37.72031379514505,37.31669435215947,37.31669435215947,37.31669435215947,37.31669435215947,37.28370453813969,37.276251065643656,37.24225770925111,37.23992090928138,36.984020972262506,36.984020972262506,36.984020972262506,36.984020972262506,36.984020972262506,36.984020972262506,36.492686602870826,36.403609327217154,36.212793353007335,36.21409713442901,36.331566781338665,36.33158158339371,36.22955430538432,36.22955430538432,36.22955430538432,36.278680198341,36.278680198341,36.278680198341,36.278680198341,36.278680198341,36.278680198341,36.349707776454515,36.349707776454515,36.349707776454515,36.349707776454515,36.349707776454515,36.349707776454515,36.5490079269274,36.5490079269274,36.65786362564827,,,,,,,,,,,,,,,,,,,,,,,,,,,,,,,,,,37.52620370370371,37.52342465753424,37.626681286549704,37.626681286549704,37.626681286549704,37.61337552742616,37.61337552742616,37.61337552742616,37.61337552742616,37.61337552742616,37.61300350877193,37.61017193566278,37.61017193566278,37.61017193566278,37.6101107419712,37.81058023694132,37.77301741293533,37.59094500435485,37.54185643264216,37.533634385201296,37.261573015873026,37.261573015873026,37.261573015873026,37.26081720088861,37.028040050920495,37.028040050920495,37.028040050920495,37.028040050920495,37.028040050920495,37.028040050920495,37.028040050920495,37.02573742415346,36.71798275710392,36.20184035316256,36.20184035316256,37.77301741293533,37.028040050920495,,,36.212793353007335,37.50946654436505,37.5349515874901,"rgba(38, 166, 154, 1.0)",0.20208289263404416,37.618363003216615,1.8885170922137327,54.17305473378507,-1.4213640526920415,True,False,True,False,True,4.471672129158513,0.0,0.0,0.0,0.0,0,0.9004149377593361,1.016109348303637,False,False,False,False,-0.1061935893911938,-0.1426896515735509,False,True,False,False,79.0,75.14010616894413,False,True,False,False,10.33233343286744,False,True,False,False
2025-06-27 16:00:00+00:00,38.0,38.0,38.0,38.0,0.0,,,,,,,,,,,,,,,,,,,,,,,,,,,,,,,,,,,,,,,37.833333333333336,37.55019841269841,37.62684645286686,37.62684645286686,37.62684645286686,37.62684645286686,37.62684645286686,37.62684645286686,37.613096234309616,37.64316549570648,37.80733115468411,37.90715013516324,37.90914537712896,37.71489737827715,37.72031379514505,37.31669435215947,37.31669435215947,37.31669435215947,37.31669435215947,37.28370453813969,37.276251065643656,37.24225770925111,37.23992090928138,36.984020972262506,36.984020972262506,36.984020972262506,36.984020972262506,36.984020972262506,36.984020972262506,36.492686602870826,36.403609327217154,36.212793353007335,36.21409713442901,36.331566781338665,36.33158158339371,36.22955430538432,36.22955430538432,36.22955430538432,36.278680198341,36.278680198341,36.278680198341,36.278680198341,36.278680198341,36.278680198341,36.349707776454515,36.349707776454515,36.349707776454515,36.349707776454515,36.349707776454515,36.349707776454515,36.5490079269274,36.5490079269274,36.65786362564827,,,,,,,,,,,,,,,,,,,,,,,,,,,,,,,,,,37.52620370370371,37.52342465753424,37.626681286549704,37.626681286549704,37.626681286549704,37.61337552742616,37.61337552742616,37.61337552742616,37.61337552742616,37.61337552742616,37.61300350877193,37.61017193566278,37.61017193566278,37.61017193566278,37.6101107419712,37.81058023694132,37.77301741293533,37.59094500435485,37.54185643264216,37.533634385201296,37.261573015873026,37.261573015873026,37.261573015873026,37.26081720088861,37.028040050920495,37.028040050920495,37.028040050920495,37.028040050920495,37.028040050920495,37.028040050920495,37.028040050920495,37.02573742415346,36.71798275710392,36.20184035316256,36.20184035316256,37.77301741293533,37.028040050920495,,,36.212793353007335,37.50946654436505,37.5349515874901,"rgba(38, 166, 154, 1.0)",0.207066207803835,37.618363003216615,1.8430674943587626,56.78500687829681,0.13796312323628968,True,False,True,False,True,4.471672129158513,0.0,0.0,0.0,0.0,0,0.9248230412496949,1.016109348303637,False,False,False,False,0.0343446767141636,-0.05417248742969365,False,False,False,False,79.0,75.1999494841543,False,True,False,False,10.172142216853992,False,True,False,False
2025-06-27 17:00:00+00:00,38.0,38.0,37.32,37.535,209.0,,,,,,,,,,,,,,,,,,,,,,,,,,,,,,,,,,,,,37.618333333333325,37.618333333333325,37.61935714285713,37.59879977246871,37.623623188405794,37.623623188405794,37.623623188405794,37.623623188405794,37.623623188405794,37.623623188405794,37.61468947113052,37.63828316086547,37.77976622470343,37.873837380426785,37.87634466630689,37.706605724459045,37.711653122037106,37.33627886507197,37.33627886507197,37.33627886507197,37.33627886507197,37.3047954362686,37.297676056338034,37.265464029130996,37.26324388086111,37.020262438490995,37.020262438490995,37.020262438490995,37.020262438490995,37.020262438490995,37.020262438490995,36.54628882813094,36.4591745093748,36.272102429504024,36.273327278842935,36.37848482205166,36.378490900633786,36.27289532626551,36.27289532626551,36.27289532626551,36.316506124470884,36.316506124470884,36.316506124470884,36.316506124470884,36.316506124470884,36.316506124470884,36.383849257447004,36.383849257447004,36.383849257447004,36.383849257447004,36.383849257447004,36.383849257447004,36.57532242238705,36.57532242238705,36.68095555811188,,,,,,,,,,,,,,,,,,,,,,,,,,,,,,,,,,37.5947271648873,37.59376477541371,37.623514821536595,37.623514821536595,37.623514821536595,37.61489263055149,37.61489263055149,37.61489263055149,37.61489263055149,37.61489263055149,37.614632066276805,37.61227777777777,37.61227777777777,37.61227777777777,37.61222975750102,37.78281271596408,37.75844824996245,37.592927054478295,37.54725997295469,37.53960271971228,37.28377096358044,37.28377096358044,37.28377096358044,37.283055555555556,37.06218654857461,37.06218654857461,37.06218654857461,37.06218654857461,37.06218654857461,37.06218654857461,37.06218654857461,37.05999815583219,36.76504960813742,36.26332467982002,36.26332467982002,37.75844824996245,37.06218654857461,,,36.272102429504024,37.55496149300972,37.5445920169089,"rgba(38, 166, 154, 0.75)",0.2071572280104266,37.61650311350478,-0.39343601132120837,53.0942193476276,0.13796312323628968,True,False,True,False,False,0.0,0.0,0.0,0.0,0.0,0,0.8951098511693835,1.0155917788802271,False,False,False,False,-0.15753237742884502,-0.10585243242926934,False,False,False,False,-130.0,72.0185549185085,False,False,False,False,13.254744663104317,False,False,False,False
2025-06-27 18:00:00+00:00,37.535,37.86,37.535,37.86,1.0,,,,,,,,,,,,,,,,,,,,,,,,,,,,,,,,,,,,,37.61896825396825,37.61896825396825,37.61998420221168,37.59931972789115,37.62385473176612,37.62385473176612,37.62385473176612,37.62385473176612,37.62385473176612,37.62385473176612,37.61488856589147,37.63838972431077,37.77974662947467,37.873769994484284,37.876277418194896,37.706624229979454,37.711669374492274,37.33640786749483,37.33640786749483,37.33640786749483,37.33640786749483,37.30493015777309,37.29781206311165,37.265607536402996,37.263387873427675,37.020462330327064,37.020462330327064,37.020462330327064,37.020462330327064,37.020462330327064,37.020462330327064,36.546563401670475,36.45945733041578,36.27240109002828,36.27362557169763,36.37872434443865,36.37873038018838,36.273116104309764,36.273116104309764,36.273116104309764,36.31669998649198,36.31669998649198,36.31669998649198,36.31669998649198,36.31669998649198,36.31669998649198,36.38402536371831,36.38402536371831,36.38402536371831,36.38402536371831,36.38402536371831,36.38402536371831,36.57546091358605,36.57546091358605,36.68107871328885,,,,,,,,,,,,,,,,,,,,,,,,,,,,,,,,,,37.59528368794326,37.594322732626615,37.62374698067632,37.62374698067632,37.62374698067632,37.61509259259259,37.61509259259259,37.61509259259259,37.61509259259259,37.61509259259259,37.61483211678832,37.61244965063707,37.61244965063707,37.61244965063707,37.612401477832506,37.78279120626152,37.75844519519519,37.592982000692274,37.54732905260785,37.539674193910784,37.28391021825397,37.28391021825397,37.28391021825397,37.28319498165229,37.06237732890612,37.06237732890612,37.06237732890612,37.06237732890612,37.06237732890612,37.06237732890612,37.06237732890612,37.06018943584072,36.765296324081035,36.26363372093025,36.26363372093025,37.75844519519519,37.06237732890612,,,36.27240109002828,37.55516415464634,37.544776699443275,"rgba(38, 166, 154, 0.75)",0.20903021463529411,37.6168339577099,1.1633057102025341,53.73265618047702,0.13796312323628968,True,False,True,False,False,2.4586638962723875,0.0,0.0,0.0,0.0,0,0.9225852272727271,1.022253787878788,False,False,False,False,-0.1360563035614633,-0.12095436799536632,False,False,False,False,-129.0,68.90198817558588,False,False,False,False,13.064748621815877,False,False,False,False
2025-06-27 19:00:00+00:00,37.86,37.86,37.305,37.565,200.0,,,,,,,,,,,,,,,,,,,,,,,,,,,,,,,,,,,,,37.59833333333333,37.59833333333333,37.598905109489046,37.59014844804318,37.6113213811421,37.6113213811421,37.6113213811421,37.6113213811421,37.6113213811421,37.6113213811421,37.60628003003003,37.628623417721506,37.754889840881276,37.84425153171055,37.84710402466731,37.69676027830486,37.701526421237155,37.350458089668614,37.350458089668614,37.350458089668614,37.350458089668614,37.32038290209459,37.31357546636519,37.28294639539206,37.280831013363034,37.04928867582277,37.04928867582277,37.04928867582277,37.04928867582277,37.04928867582277,37.04928867582277,36.59144807552652,36.50630048916844,36.3230128702626,36.32417022239464,36.41910669138718,36.41910571845863,36.31091113366195,36.31091113366195,36.31091113366195,36.34984392125917,36.34984392125917,36.34984392125917,36.34984392125917,36.34984392125917,36.34984392125917,36.41396489686625,36.41396489686625,36.41396489686625,36.41396489686625,36.41396489686625,36.41396489686625,36.5984930220075,36.5984930220075,36.70121786222921,,,,,,,,,,,,,,,,,,,,,,,,,,,,,,,,,,37.587558782849236,37.58701173222912,37.61122562056737,37.61122562056737,37.61122562056737,37.60639894419306,37.60639894419306,37.60639894419306,37.60639894419306,37.60639894419306,37.60620715630885,37.6053709198813,37.6053709198813,37.6053709198813,37.60533926218708,37.75777609223302,37.74342217630854,37.591925650156455,37.54918645140866,37.5420103147037,37.30035720973784,37.30035720973784,37.30035720973784,37.29967752503978,37.08934583114842,37.08934583114842,37.08934583114842,37.08934583114842,37.08934583114842,37.08934583114842,37.08934583114842,37.08725847309575,36.80394220846235,36.31598750664542,36.31598750664542,37.74342217630854,37.08934583114842,,,36.3230128702626,37.54930608765974,37.541692677843905,#000000,0.2090048708424822,37.604694530439865,-0.1899215567554072,51.42895949061349,0.13796312323628968,True,False,False,False,False,0.0,0.0,0.0,0.0,0.0,0,0.9131341209173037,1.0092656937688214,False,False,False,False,-0.20240084660122573,-0.16167760729829603,False,False,False,False,-329.0,62.732965103096184,False,False,False,False,15.96296957341563,False,False,False,False
2025-06-30 14:00:00+00:00,37.565,37.89,37.565,37.89,1.0,,,,,,,,,,,,,,,,,,,,,,,,,,,,,,,,,,,,,37.59877939983779,37.59877939983779,37.59934870550161,37.59053535353535,37.611547303271436,37.611547303271436,37.611547303271436,37.611547303271436,37.611547303271436,37.611547303271436,37.60647731533558,37.628744400527005,37.754906218144754,37.84422045680238,37.84707218167072,37.69679248861911,37.7015565152084,37.35058413719185,37.35058413719185,37.35058413719185,37.35058413719185,37.3205140231192,37.313707732881234,37.28308535339465,37.28097040541795,37.04947841105356,37.04947841105356,37.04947841105356,37.04947841105356,37.04947841105356,37.04947841105356,36.59170732592756,36.50656780549154,36.32329582929198,36.32445284726264,36.41933631052693,36.419335299073325,36.31112431753397,36.31112431753397,36.31112431753397,36.35003221988429,36.35003221988429,36.35003221988429,36.35003221988429,36.35003221988429,36.35003221988429,36.41413654618475,36.41413654618475,36.41413654618475,36.41413654618475,36.41413654618475,36.41413654618475,36.598629097182275,36.598629097182275,36.70133932921115,,,,,,,,,,,,,,,,,,,,,,,,,,,,,,,,,,37.58796066252587,37.58741391184572,37.61145196989818,37.61145196989818,37.61145196989818,37.60659698681732,37.60659698681732,37.60659698681732,37.60659698681732,37.60659698681732,37.60640519187359,37.60554512516469,37.60554512516469,37.60554512516469,37.60551332675222,37.757790580149596,37.743437973289275,37.59198705501617,37.549260021097034,37.542085963804695,37.30049237105683,37.30049237105683,37.30049237105683,37.2998128392289,37.0895273044998,37.0895273044998,37.0895273044998,37.0895273044998,37.0895273044998,37.0895273044998,37.0895273044998,37.08744039821851,36.80417500000002,36.316279649192765,36.316279649192765,37.743437973289275,37.0895273044998,,,36.32329582929198,37.549484412729186,37.541865926501146,"rgba(38, 166, 154, 0.75)",0.21134543262568556,37.60497210482468,1.3486352254421883,52.65398113071988,0.13796312323628968,True,False,True,False,False,2.628670479549953,0.0,0.0,0.0,0.0,0,0.9221816522136008,1.0077590141487909,False,False,False,False,-0.11896573675646469,-0.14032167202738036,False,False,False,False,-328.0,56.6750896751412,False,False,False,False,15.73098554902159,False,False,False,False
2025-06-30 15:00:00+00:00,37.89,37.89,37.15,37.15,1.0,,,,,,,,,,,,,,,,,,,,,,,,,,,,,,,,,,,,,37.598288834951454,37.598288834951454,37.59885794995964,37.59014448924731,37.61126269315673,37.61126269315673,37.61126269315673,37.61126269315673,37.61126269315673,37.61126269315673,37.60624157303371,37.62856108478146,37.75468724531378,37.84399834574028,37.84685311284046,37.696678675262284,37.701442067067056,37.3505976037405,37.3505976037405,37.3505976037405,37.3505976037405,37.32053566354079,37.313731167608296,37.28311699164347,37.28100259692081,37.049568332901686,37.049568332901686,37.049568332901686,37.049568332901686,37.049568332901686,37.049568332901686,36.591882621951235,36.506754330818694,36.32350400827518,36.324660721209796,36.419500982870005,36.419499943845494,36.3112816425121,36.3112816425121,36.3112816425121,36.35016984440063,36.35016984440063,36.35016984440063,36.35016984440063,36.35016984440063,36.35016984440063,36.41425984021417,36.41425984021417,36.41425984021417,36.41425984021417,36.41425984021417,36.41425984021417,36.59872086783194,36.59872086783194,36.701417491007184,,,,,,,,,,,,,,,,,,,,,,,,,,,,,,,,,37.39666666666667,37.58756542699724,37.5870206185567,37.611167108753314,37.611167108753314,37.611167108753314,37.60636004514673,37.60636004514673,37.60636004514673,37.60636004514673,37.60636004514673,37.60616873355882,37.605338927278716,37.605338927278716,37.605338927278716,37.60530736357659,37.75757171717173,37.74329479768786,37.59192386498435,37.549211747337324,37.54204007573365,37.30051937113982,37.30051937113982,37.30051937113982,37.29984002245299,37.08960779175404,37.08960779175404,37.08960779175404,37.08960779175404,37.08960779175404,37.08960779175404,37.08960779175404,37.08752138990747,36.804316035864495,36.31649495150793,36.31649495150793,37.74329479768786,37.08960779175404,,,36.32350400827518,37.549295808270585,37.553979499278924,"rgba(239, 83, 80, 1.0)",0.21738024558597407,37.59416752435588,-2.0432745540358437,48.23245446716675,4.631805846906211,False,True,False,True,False,0.0,0.0,0.0,0.0,0.0,0,0.9251915277151869,1.0076611086074811,True,False,False,False,-0.2391718595313135,-0.18974676577934693,False,False,False,False,-329.0,50.69563092048785,False,False,False,False,15.502598176168542,True,False,False,False
2025-06-30 16:00:00+00:00,37.15,37.15,37.15,37.15,0.0,,,,,,,,,,,,,,,,,,,,,,,,,,,,,,,,,,,,,37.598288834951454,37.598288834951454,37.59885794995964,37.59014448924731,37.61126269315673,37.61126269315673,37.61126269315673,37.61126269315673,37.61126269315673,37.61126269315673,37.60624157303371,37.62856108478146,37.75468724531378,37.84399834574028,37.84685311284046,37.696678675262284,37.701442067067056,37.3505976037405,37.3505976037405,37.3505976037405,37.3505976037405,37.32053566354079,37.313731167608296,37.28311699164347,37.28100259692081,37.049568332901686,37.049568332901686,37.049568332901686,37.049568332901686,37.049568332901686,37.049568332901686,36.591882621951235,36.506754330818694,36.32350400827518,36.324660721209796,36.419500982870005,36.419499943845494,36.3112816425121,36.3112816425121,36.3112816425121,36.35016984440063,36.35016984440063,36.35016984440063,36.35016984440063,36.35016984440063,36.35016984440063,36.41425984021417,36.41425984021417,36.41425984021417,36.41425984021417,36.41425984021417,36.41425984021417,36.59872086783194,36.59872086783194,36.701417491007184,,,,,,,,,,,,,,,,,,,,,,,,,,,,,,,,,37.39666666666667,37.58756542699724,37.5870206185567,37.611167108753314,37.611167108753314,37.611167108753314,37.60636004514673,37.60636004514673,37.60636004514673,37.60636004514673,37.60636004514673,37.60616873355882,37.605338927278716,37.605338927278716,37.605338927278716,37.60530736357659,37.75757171717173,37.74329479768786,37.59192386498435,37.549211747337324,37.54204007573365,37.30051937113982,37.30051937113982,37.30051937113982,37.29984002245299,37.08960779175404,37.08960779175404,37.08960779175404,37.08960779175404,37.08960779175404,37.08960779175404,37.08960779175404,37.08752138990747,36.804316035864495,36.31649495150793,36.31649495150793,37.74329479768786,37.08960779175404,,,36.32350400827518,37.549295808270585,37.553979499278924,"rgba(239, 83, 80, 1.0)",0.22258912578732715,37.59416752435588,-1.9954592246355438,45.28477002479799,1.7568475861500303,False,True,False,True,False,0.0,0.0,0.0,0.0,0.0,0,0.9080666967102295,1.037404236142407,True,False,False,False,-0.34282825441539394,-0.26628751009737045,False,False,False,False,-329.0,44.80887695272835,False,False,False,False,15.262247816848099,True,False,False,False
2025-06-30 17:00:00+00:00,37.15,37.5,37.15,37.5,2.0,,,,,,,,,,,,,,,,,,,,,,,,,,,,,,,,,,,,,37.597250402576485,37.597250402576485,37.59781927710843,37.58931392235609,37.6106605019815,37.6106605019815,37.6106605019815,37.6106605019815,37.6106605019815,37.6106605019815,37.605741778774295,37.62817429022081,37.75423382173383,37.84354156337795,37.84640265630061,37.69644120247567,37.70120342585645,37.35061672507788,37.35061672507788,37.35061672507788,37.35061672507788,37.32057133390136,37.31377046866178,37.28317279138828,37.2810595105673,37.04974113383383,37.04974113383383,37.04974113383383,37.04974113383383,37.04974113383383,37.04974113383383,36.59222718038022,36.50712156123449,36.32391495411661,36.32507105943155,36.41982566953009,36.41982457617607,36.31159229208927,36.31159229208927,36.31159229208927,36.350441479339224,36.350441479339224,36.350441479339224,36.350441479339224,36.350441479339224,36.350441479339224,36.414502990005445,36.414502990005445,36.414502990005445,36.414502990005445,36.414502990005445,36.414502990005445,36.59890127998772,36.59890127998772,36.70157076496589,,,,,,,,,,,,,,,,,,,,,,,,,,,,,,,37.38333333333333,37.38333333333333,37.38777777777778,37.586724965706445,37.58618412046543,37.6105643738977,37.6105643738977,37.6105643738977,37.60585773273274,37.60585773273274,37.60585773273274,37.60585773273274,37.60585773273274,37.605667416572935,37.60490147783252,37.60490147783252,37.60490147783252,37.60487040682415,37.75711864406781,37.74299779977997,37.59178898588208,37.549106860575385,37.541939976873735,37.300565843621406,37.300565843621406,37.300565843621406,37.299886863020106,37.08976165531694,37.08976165531694,37.08976165531694,37.08976165531694,37.08976165531694,37.08976165531694,37.08976165531694,37.087676265270524,36.80459156158302,36.31691998671981,36.31691998671981,37.74299779977997,37.08976165531694,,,36.32391495411661,37.548895070403056,37.55990646109158,"rgba(239, 83, 80, 1.0)",0.2228156633176126,37.57081795671407,-0.3178320395416984,46.265693386479946,1.7568475861500303,False,True,False,True,False,0.0,0.0,0.0,0.0,0.0,0,0.9094942324755987,1.0212954747116243,True,False,False,False,-0.2513129486519895,-0.25880022937467995,False,False,False,False,-327.0,39.044398240282945,False,False,False,False,15.056631571625648,False,False,False,False
2025-06-30 18:00:00+00:00,37.5,37.5,37.5,37.5,1.0,,,,,,,,,,,,,,,,,,,,,,,,,,,,,,,,,,,,,37.597016064257026,37.597016064257026,37.59758413461538,37.58913493653974,37.61051451187335,37.61051451187335,37.61051451187335,37.61051451187335,37.61051451187335,37.61051451187335,37.605623366927965,37.62807328605201,37.754078706528375,37.84337132474397,37.84623441800226,37.69636679292928,37.701127984001985,37.3506603406326,37.3506603406326,37.3506603406326,37.3506603406326,37.32062227900815,37.31382303132939,37.28323313851008,37.281120378092865,37.04985766045551,37.04985766045551,37.04985766045551,37.04985766045551,37.04985766045551,37.04985766045551,36.59242473703302,36.507329493891824,36.32414292175489,36.325298714719395,36.42000757830922,36.42000645450977,36.31176445023905,36.31176445023905,36.31176445023905,36.3505925779881,36.3505925779881,36.3505925779881,36.3505925779881,36.3505925779881,36.3505925779881,36.41463915370464,36.41463915370464,36.41463915370464,36.41463915370464,36.41463915370464,36.41463915370464,36.59900486645974,36.59900486645974,36.701660486196936,,,,,,,,,,,,,,,,,,,,,,,,,,,,,,,37.422222222222224,37.422222222222224,37.41583333333333,37.58654688569472,37.5860075136612,37.610418317921614,37.610418317921614,37.610418317921614,37.60573865766779,37.60573865766779,37.60573865766779,37.60573865766779,37.60573865766779,37.60554868913858,37.60479822834646,37.60479822834646,37.60479822834646,37.6047672894133,37.75696309739868,37.74289759450171,37.59175931911225,37.54909134007584,37.541926754939034,37.30062178588126,37.30062178588126,37.30062178588126,37.29994297999627,37.08986907567428,37.08986907567428,37.08986907567428,37.08986907567428,37.08986907567428,37.08986907567428,37.08986907567428,37.08778417517231,36.80475697748179,36.3171556130917,36.3171556130917,37.74289759450171,37.08986907567428,,,36.32414292175489,37.54880617358264,37.56405491042476,"rgba(239, 83, 80, 1.0)",0.22302128933208062,37.57597013585716,-0.3406407347239467,46.919642294267916,1.7568475861500303,False,True,False,True,False,0.0,0.0,0.0,0.0,0.0,0,0.9250221827861578,1.0212954747116243,False,False,False,False,-0.16375306450293559,-0.21127664693880777,False,False,False,False,-327.0,33.369291290821195,False,False,False,False,14.838699299197343,False,False,False,False
2025-06-30 19:00:00+00:00,37.5,37.5,37.5,37.5,0.0,,,,,,,,,,,,,,,,,,,,,,,,,,,,,,,,,,,,,37.597016064257026,37.597016064257026,37.59758413461538,37.58913493653974,37.61051451187335,37.61051451187335,37.61051451187335,37.61051451187335,37.61051451187335,37.61051451187335,37.605623366927965,37.62807328605201,37.754078706528375,37.84337132474397,37.84623441800226,37.69636679292928,37.701127984001985,37.3506603406326,37.3506603406326,37.3506603406326,37.3506603406326,37.32062227900815,37.31382303132939,37.28323313851008,37.281120378092865,37.04985766045551,37.04985766045551,37.04985766045551,37.04985766045551,37.04985766045551,37.04985766045551,36.59242473703302,36.507329493891824,36.32414292175489,36.325298714719395,36.42000757830922,36.42000645450977,36.31176445023905,36.31176445023905,36.31176445023905,36.3505925779881,36.3505925779881,36.3505925779881,36.3505925779881,36.3505925779881,36.3505925779881,36.41463915370464,36.41463915370464,36.41463915370464,36.41463915370464,36.41463915370464,36.41463915370464,36.59900486645974,36.59900486645974,36.701660486196936,,,,,,,,,,,,,,,,,,,,,,,,,,,,,,,37.422222222222224,37.422222222222224,37.41583333333333,37.58654688569472,37.5860075136612,37.610418317921614,37.610418317921614,37.610418317921614,37.60573865766779,37.60573865766779,37.60573865766779,37.60573865766779,37.60573865766779,37.60554868913858,37.60479822834646,37.60479822834646,37.60479822834646,37.6047672894133,37.75696309739868,37.74289759450171,37.59175931911225,37.54909134007584,37.541926754939034,37.30062178588126,37.30062178588126,37.30062178588126,37.29994297999627,37.08986907567428,37.08986907567428,37.08986907567428,37.08986907567428,37.08986907567428,37.08986907567428,37.08986907567428,37.08778417517231,36.80475697748179,36.3171556130917,36.3171556130917,37.74289759450171,37.08986907567428,,,36.32414292175489,37.54880617358264,37.56405491042476,"rgba(239, 83, 80, 1.0)",0.22207646195579475,37.57597013585716,-0.34208999543717517,47.35560823279323,1.7568475861500303,False,True,False,True,False,0.0,0.0,0.0,0.0,0.0,0,0.9250221827861578,1.0212954747116243,False,False,False,False,-0.16375306450293559,-0.18751485572087168,False,False,False,False,-327.0,27.782170495614665,False,False,False,False,14.608641945721415,False,False,False,False
2025-07-01 14:00:00+00:00,37.5,37.5,37.5,37.5,0.0,,,,,,,,,,,,,,,,,,,,,,,,,,,,,,,,,,,,,37.597016064257026,37.597016064257026,37.59758413461538,37.58913493653974,37.61051451187335,37.61051451187335,37.61051451187335,37.61051451187335,37.61051451187335,37.61051451187335,37.605623366927965,37.62807328605201,37.754078706528375,37.84337132474397,37.84623441800226,37.69636679292928,37.701127984001985,37.3506603406326,37.3506603406326,37.3506603406326,37.3506603406326,37.32062227900815,37.31382303132939,37.28323313851008,37.281120378092865,37.04985766045551,37.04985766045551,37.04985766045551,37.04985766045551,37.04985766045551,37.04985766045551,36.59242473703302,36.507329493891824,36.32414292175489,36.325298714719395,36.42000757830922,36.42000645450977,36.31176445023905,36.31176445023905,36.31176445023905,36.3505925779881,36.3505925779881,36.3505925779881,36.3505925779881,36.3505925779881,36.3505925779881,36.41463915370464,36.41463915370464,36.41463915370464,36.41463915370464,36.41463915370464,36.41463915370464,36.59900486645974,36.59900486645974,36.701660486196936,,,,,,,,,,,,,,,,,,,,,,,,,,,,,,,37.422222222222224,37.422222222222224,37.41583333333333,37.58654688569472,37.5860075136612,37.610418317921614,37.610418317921614,37.610418317921614,37.60573865766779,37.60573865766779,37.60573865766779,37.60573865766779,37.60573865766779,37.60554868913858,37.60479822834646,37.60479822834646,37.60479822834646,37.6047672894133,37.75696309739868,37.74289759450171,37.59175931911225,37.54909134007584,37.541926754939034,37.30062178588126,37.30062178588126,37.30062178588126,37.29994297999627,37.08986907567428,37.08986907567428,37.08986907567428,37.08986907567428,37.08986907567428,37.08986907567428,37.08986907567428,37.08778417517231,36.80475697748179,36.3171556130917,36.3171556130917,37.74289759450171,37.08986907567428,,,36.32414292175489,37.54880617358264,37.56405491042476,"rgba(239, 83, 80, 1.0)",0.22226015517052403,37.57597013585716,-0.34180726544924567,47.646252191810106,1.7568475861500303,False,True,False,True,False,0.0,0.0,0.0,0.0,0.0,0,0.9232167196728758,1.045888232621536,False,False,False,False,-0.16375306450293559,-0.17563396011190363,False,False,False,False,-327.0,22.281671728240795,False,False,False,False,14.382151372919532,False,False,False,False
2025-07-01 15:00:00+00:00,37.5,37.5,37.5,37.5,0.0,,,,,,,,,,,,,,,,,,,,,,,,,,,,,,,,,,,,,37.597016064257026,37.597016064257026,37.59758413461538,37.58913493653974,37.61051451187335,37.61051451187335,37.61051451187335,37.61051451187335,37.61051451187335,37.61051451187335,37.605623366927965,37.62807328605201,37.754078706528375,37.84337132474397,37.84623441800226,37.69636679292928,37.701127984001985,37.3506603406326,37.3506603406326,37.3506603406326,37.3506603406326,37.32062227900815,37.31382303132939,37.28323313851008,37.281120378092865,37.04985766045551,37.04985766045551,37.04985766045551,37.04985766045551,37.04985766045551,37.04985766045551,36.59242473703302,36.507329493891824,36.32414292175489,36.325298714719395,36.42000757830922,36.42000645450977,36.31176445023905,36.31176445023905,36.31176445023905,36.3505925779881,36.3505925779881,36.3505925779881,36.3505925779881,36.3505925779881,36.3505925779881,36.41463915370464,36.41463915370464,36.41463915370464,36.41463915370464,36.41463915370464,36.41463915370464,36.59900486645974,36.59900486645974,36.701660486196936,,,,,,,,,,,,,,,,,,,,,,,,,,,,,,,37.422222222222224,37.422222222222224,37.41583333333333,37.58654688569472,37.5860075136612,37.610418317921614,37.610418317921614,37.610418317921614,37.60573865766779,37.60573865766779,37.60573865766779,37.60573865766779,37.60573865766779,37.60554868913858,37.60479822834646,37.60479822834646,37.60479822834646,37.6047672894133,37.75696309739868,37.74289759450171,37.59175931911225,37.54909134007584,37.541926754939034,37.30062178588126,37.30062178588126,37.30062178588126,37.29994297999627,37.08986907567428,37.08986907567428,37.08986907567428,37.08986907567428,37.08986907567428,37.08986907567428,37.08986907567428,37.08778417517231,36.80475697748179,36.3171556130917,36.3171556130917,37.74289759450171,37.08986907567428,,,36.32414292175489,37.54880617358264,37.56405491042476,"rgba(239, 83, 80, 1.0)",0.22242547086594913,37.57597013585716,-0.34155322032766355,47.84001483115469,1.7568475861500303,False,True,False,True,False,0.0,0.0,0.0,0.0,0.0,0,0.9196843082636953,1.0459610027855157,False,False,False,False,-0.16375306450293559,-0.1696935123074196,False,False,False,False,-327.0,16.866452011523883,False,False,False,False,14.159172281866516,False,False,False,False
2025-07-01 16:00:00+00:00,37.5,37.5,37.36,37.36,100.0,,,,,,,,,,,,,,,,,,,,,,,,,,,,,,,,,,,,,37.56005501618123,37.56005501618123,37.560584625322996,37.558672787979965,37.58675602175602,37.58675602175602,37.58675602175602,37.58675602175602,37.58675602175602,37.58675602175602,37.585587445451495,37.61190041392744,37.73410101590954,37.82275259678942,37.82587463331789,37.68579379562043,37.69048608601372,37.352249172576826,37.352249172576826,37.352249172576826,37.352249172576826,37.322997883305725,37.31637158019947,37.28657550320427,37.28451627445677,37.05885889673732,37.05885889673732,37.05885889673732,37.05885889673732,37.05885889673732,37.05885889673732,36.6097674831381,36.52577743589746,36.344727134436226,36.345853133117934,36.436348404548994,36.436344593475766,36.32739920986246,36.32739920986246,36.32739920986246,36.36429359107423,36.36429359107423,36.36429359107423,36.36429359107423,36.36429359107423,36.36429359107423,36.4269288899901,36.4269288899901,36.4269288899901,36.4269288899901,36.4269288899901,36.4269288899901,36.60818388453232,36.60818388453232,36.709494758676875,,,,,,,,,,,,,,,,,,,,,,,,,,,,,,,37.407119741100324,37.407119741100324,37.40701923076923,37.55590289608177,37.55550736961451,37.586643329443795,37.586643329443795,37.586643329443795,37.5856100438153,37.5856100438153,37.5856100438153,37.5856100438153,37.5856100438153,37.5854595959596,37.587044504181605,37.587044504181605,37.587044504181605,37.58703222918531,37.736980414527494,37.72958151815181,37.585964308077635,37.54472783905228,37.537792889160535,37.30351523419737,37.30351523419737,37.30351523419737,37.30285415530096,37.097952709024426,37.097952709024426,37.097952709024426,37.097952709024426,37.097952709024426,37.097952709024426,37.097952709024426,37.09591685794442,36.81874186802976,36.33843097051359,36.33843097051359,37.72958151815181,37.097952709024426,,,36.344727134436226,37.5334342997882,37.54785407844513,"rgba(239, 83, 80, 1.0)",0.22403500772096796,37.55118613154149,-0.8533761463726764,46.44020193009693,0.9071273983150618,False,True,False,True,False,0.0,0.0,0.0,0.0,0.0,0,0.937307783297847,1.0246037378755624,False,False,False,False,-0.1984070325938774,-0.1840502724506485,False,False,False,False,-427.0,9.984801592740567,False,False,False,False,15.490037827884088,False,False,False,False
2025-07-01 17:00:00+00:00,37.36,37.36,37.36,37.36,0.0,,,,,,,,,,,,,,,,,,,,,,,,,,,,,,,,,,,,,37.56005501618123,37.56005501618123,37.560584625322996,37.558672787979965,37.58675602175602,37.58675602175602,37.58675602175602,37.58675602175602,37.58675602175602,37.58675602175602,37.585587445451495,37.61190041392744,37.73410101590954,37.82275259678942,37.82587463331789,37.68579379562043,37.69048608601372,37.352249172576826,37.352249172576826,37.352249172576826,37.352249172576826,37.322997883305725,37.31637158019947,37.28657550320427,37.28451627445677,37.05885889673732,37.05885889673732,37.05885889673732,37.05885889673732,37.05885889673732,37.05885889673732,36.6097674831381,36.52577743589746,36.344727134436226,36.345853133117934,36.436348404548994,36.436344593475766,36.32739920986246,36.32739920986246,36.32739920986246,36.36429359107423,36.36429359107423,36.36429359107423,36.36429359107423,36.36429359107423,36.36429359107423,36.4269288899901,36.4269288899901,36.4269288899901,36.4269288899901,36.4269288899901,36.4269288899901,36.60818388453232,36.60818388453232,36.709494758676875,,,,,,,,,,,,,,,,,,,,,,,,,,,,,,,37.407119741100324,37.407119741100324,37.40701923076923,37.55590289608177,37.55550736961451,37.586643329443795,37.586643329443795,37.586643329443795,37.5856100438153,37.5856100438153,37.5856100438153,37.5856100438153,37.5856100438153,37.5854595959596,37.587044504181605,37.587044504181605,37.587044504181605,37.58703222918531,37.736980414527494,37.72958151815181,37.585964308077635,37.54472783905228,37.537792889160535,37.30351523419737,37.30351523419737,37.30351523419737,37.30285415530096,37.097952709024426,37.097952709024426,37.097952709024426,37.097952709024426,37.097952709024426,37.097952709024426,37.097952709024426,37.09591685794442,36.81874186802976,36.33843097051359,36.33843097051359,37.72958151815181,37.097952709024426,,,36.344727134436226,37.5334342997882,37.54785407844513,"rgba(239, 83, 80, 1.0)",0.22559081589476576,37.55118613154149,-0.8474907579157721,45.50699332939176,-0.33821850761742667,False,True,False,True,False,0.0,0.0,0.0,0.0,0.0,0,0.937307783297847,1.005441211260942,False,False,False,False,-0.23353804639918999,-0.20879415942491925,False,False,False,False,-427.0,3.2098434285120296,False,False,False,False,15.249882202645574,False,False,False,False
2025-07-01 18:00:00+00:00,37.36,37.36,37.36,37.36,0.0,,,,,,,,,,,,,,,,,,,,,,,,,,,,,,,,,,,,,37.56005501618123,37.56005501618123,37.560584625322996,37.558672787979965,37.58675602175602,37.58675602175602,37.58675602175602,37.58675602175602,37.58675602175602,37.58675602175602,37.585587445451495,37.61190041392744,37.73410101590954,37.82275259678942,37.82587463331789,37.68579379562043,37.69048608601372,37.352249172576826,37.352249172576826,37.352249172576826,37.352249172576826,37.322997883305725,37.31637158019947,37.28657550320427,37.28451627445677,37.05885889673732,37.05885889673732,37.05885889673732,37.05885889673732,37.05885889673732,37.05885889673732,36.6097674831381,36.52577743589746,36.344727134436226,36.345853133117934,36.436348404548994,36.436344593475766,36.32739920986246,36.32739920986246,36.32739920986246,36.36429359107423,36.36429359107423,36.36429359107423,36.36429359107423,36.36429359107423,36.36429359107423,36.4269288899901,36.4269288899901,36.4269288899901,36.4269288899901,36.4269288899901,36.4269288899901,36.60818388453232,36.60818388453232,36.709494758676875,,,,,,,,,,,,,,,,,,,,,,,,,,,,,,,37.407119741100324,37.407119741100324,37.40701923076923,37.55590289608177,37.55550736961451,37.586643329443795,37.586643329443795,37.586643329443795,37.5856100438153,37.5856100438153,37.5856100438153,37.5856100438153,37.5856100438153,37.5854595959596,37.587044504181605,37.587044504181605,37.587044504181605,37.58703222918531,37.736980414527494,37.72958151815181,37.585964308077635,37.54472783905228,37.537792889160535,37.30351523419737,37.30351523419737,37.30351523419737,37.30285415530096,37.097952709024426,37.097952709024426,37.097952709024426,37.097952709024426,37.097952709024426,37.097952709024426,37.097952709024426,37.09591685794442,36.81874186802976,36.33843097051359,36.33843097051359,37.72958151815181,37.097952709024426,,,36.344727134436226,37.5334342997882,37.54785407844513,"rgba(239, 83, 80, 1.0)",0.22559081589476576,37.55118613154149,-0.8474907579157721,44.884854262254976,-1.2641030699056444,False,True,False,True,False,0.0,0.0,0.0,0.0,0.0,0,0.9399509803921569,1.0367647058823533,False,False,False,False,-0.23353804639918999,-0.22116610291205463,False,False,False,False,-427.0,-3.4600766246431958,False,False,False,False,15.013449920434015,False,False,False,False
2025-07-01 19:00:00+00:00,37.36,37.36,37.36,37.36,0.0,,,,,,,,,,,,,,,,,,,,,,,,,,,,,,,,,,,,,37.56005501618123,37.56005501618123,37.560584625322996,37.558672787979965,37.58675602175602,37.58675602175602,37.58675602175602,37.58675602175602,37.58675602175602,37.58675602175602,37.585587445451495,37.61190041392744,37.73410101590954,37.82275259678942,37.82587463331789,37.68579379562043,37.69048608601372,37.352249172576826,37.352249172576826,37.352249172576826,37.352249172576826,37.322997883305725,37.31637158019947,37.28657550320427,37.28451627445677,37.05885889673732,37.05885889673732,37.05885889673732,37.05885889673732,37.05885889673732,37.05885889673732,36.6097674831381,36.52577743589746,36.344727134436226,36.345853133117934,36.436348404548994,36.436344593475766,36.32739920986246,36.32739920986246,36.32739920986246,36.36429359107423,36.36429359107423,36.36429359107423,36.36429359107423,36.36429359107423,36.36429359107423,36.4269288899901,36.4269288899901,36.4269288899901,36.4269288899901,36.4269288899901,36.4269288899901,36.60818388453232,36.60818388453232,36.709494758676875,,,,,,,,,,,,,,,,,,,,,,,,,,,,,,,37.407119741100324,37.407119741100324,37.40701923076923,37.55590289608177,37.55550736961451,37.586643329443795,37.586643329443795,37.586643329443795,37.5856100438153,37.5856100438153,37.5856100438153,37.5856100438153,37.5856100438153,37.5854595959596,37.587044504181605,37.587044504181605,37.587044504181605,37.58703222918531,37.736980414527494,37.72958151815181,37.585964308077635,37.54472783905228,37.537792889160535,37.30351523419737,37.30351523419737,37.30351523419737,37.30285415530096,37.097952709024426,37.097952709024426,37.097952709024426,37.097952709024426,37.097952709024426,37.097952709024426,37.097952709024426,37.09591685794442,36.81874186802976,36.33843097051359,36.33843097051359,37.72958151815181,37.097952709024426,,,36.344727134436226,37.5334342997882,37.54785407844513,"rgba(239, 83, 80, 1.0)",0.22559081589476576,37.55118613154149,-0.8474907579157721,44.470094884163785,-1.9858253337982177,False,True,False,True,False,0.0,0.0,0.0,0.0,0.0,0,0.903921568627451,1.0367647058823533,False,False,False,False,-0.23353804639918999,-0.2273520746556223,False,False,False,False,-427.0,-10.026587064571208,False,False,False,False,14.780683255000929,False,False,False,False
2025-07-02 14:00:00+00:00,37.36,37.36,37.36,37.36,0.0,,,,,,,,,,,,,,,,,,,,,,,,,,,,,,,,,,,,,37.56005501618123,37.56005501618123,37.560584625322996,37.558672787979965,37.58675602175602,37.58675602175602,37.58675602175602,37.58675602175602,37.58675602175602,37.58675602175602,37.585587445451495,37.61190041392744,37.73410101590954,37.82275259678942,37.82587463331789,37.68579379562043,37.69048608601372,37.352249172576826,37.352249172576826,37.352249172576826,37.352249172576826,37.322997883305725,37.31637158019947,37.28657550320427,37.28451627445677,37.05885889673732,37.05885889673732,37.05885889673732,37.05885889673732,37.05885889673732,37.05885889673732,36.6097674831381,36.52577743589746,36.344727134436226,36.345853133117934,36.436348404548994,36.436344593475766,36.32739920986246,36.32739920986246,36.32739920986246,36.36429359107423,36.36429359107423,36.36429359107423,36.36429359107423,36.36429359107423,36.36429359107423,36.4269288899901,36.4269288899901,36.4269288899901,36.4269288899901,36.4269288899901,36.4269288899901,36.60818388453232,36.60818388453232,36.709494758676875,,,,,,,,,,,,,,,,,,,,,,,,,,,,,,,37.407119741100324,37.407119741100324,37.40701923076923,37.55590289608177,37.55550736961451,37.586643329443795,37.586643329443795,37.586643329443795,37.5856100438153,37.5856100438153,37.5856100438153,37.5856100438153,37.5856100438153,37.5854595959596,37.587044504181605,37.587044504181605,37.587044504181605,37.58703222918531,37.736980414527494,37.72958151815181,37.585964308077635,37.54472783905228,37.537792889160535,37.30351523419737,37.30351523419737,37.30351523419737,37.30285415530096,37.097952709024426,37.097952709024426,37.097952709024426,37.097952709024426,37.097952709024426,37.097952709024426,37.097952709024426,37.09591685794442,36.81874186802976,36.33843097051359,36.33843097051359,37.72958151815181,37.097952709024426,,,36.344727134436226,37.5334342997882,37.54785407844513,"rgba(239, 83, 80, 1.0)",0.22559081589476576,37.55118613154149,-0.8474907579157721,44.193588632102994,-2.572900398847324,False,True,False,True,False,0.0,0.0,0.0,0.0,0.0,0,0.903921568627451,1.0367647058823533,False,False,False,False,-0.23353804639918999,-0.23044506052740615,False,False,False,False,-427.0,-16.491291141089484,False,False,False,False,14.551525375078434,False,False,False,False
2025-07-02 15:00:00+00:00,37.36,37.36,37.36,37.36,0.0,,,,,,,,,,,,,,,,,,,,,,,,,,,,,,,,,,,,,37.56005501618123,37.56005501618123,37.560584625322996,37.558672787979965,37.58675602175602,37.58675602175602,37.58675602175602,37.58675602175602,37.58675602175602,37.58675602175602,37.585587445451495,37.61190041392744,37.73410101590954,37.82275259678942,37.82587463331789,37.68579379562043,37.69048608601372,37.352249172576826,37.352249172576826,37.352249172576826,37.352249172576826,37.322997883305725,37.31637158019947,37.28657550320427,37.28451627445677,37.05885889673732,37.05885889673732,37.05885889673732,37.05885889673732,37.05885889673732,37.05885889673732,36.6097674831381,36.52577743589746,36.344727134436226,36.345853133117934,36.436348404548994,36.436344593475766,36.32739920986246,36.32739920986246,36.32739920986246,36.36429359107423,36.36429359107423,36.36429359107423,36.36429359107423,36.36429359107423,36.36429359107423,36.4269288899901,36.4269288899901,36.4269288899901,36.4269288899901,36.4269288899901,36.4269288899901,36.60818388453232,36.60818388453232,36.709494758676875,,,,,,,,,,,,,,,,,,,,,,,,,,,,,,,37.407119741100324,37.407119741100324,37.40701923076923,37.55590289608177,37.55550736961451,37.586643329443795,37.586643329443795,37.586643329443795,37.5856100438153,37.5856100438153,37.5856100438153,37.5856100438153,37.5856100438153,37.5854595959596,37.587044504181605,37.587044504181605,37.587044504181605,37.58703222918531,37.736980414527494,37.72958151815181,37.585964308077635,37.54472783905228,37.537792889160535,37.30351523419737,37.30351523419737,37.30351523419737,37.30285415530096,37.097952709024426,37.097952709024426,37.097952709024426,37.097952709024426,37.097952709024426,37.097952709024426,37.097952709024426,37.09591685794442,36.81874186802976,36.33843097051359,36.33843097051359,37.72958151815181,37.097952709024426,,,36.344727134436226,37.5334342997882,37.54785407844513,"rgba(239, 83, 80, 1.0)",0.22559081589476576,37.55118613154149,-0.8474907579157721,44.00925113072913,-3.0669086291583127,False,True,False,True,False,0.0,0.0,0.0,0.0,0.0,0,0.9035907525823905,1.0403344810624695,False,False,False,False,-0.23353804639918999,-0.23199155346329808,False,False,False,False,-427.0,-22.85576724742918,False,False,False,False,14.325920330503575,False,False,False,False
2025-07-02 16:00:00+00:00,37.36,37.36,37.36,37.36,0.0,,,,,,,,,,,,,,,,,,,,,,,,,,,,,,,,,,,,,37.56005501618123,37.56005501618123,37.560584625322996,37.558672787979965,37.58675602175602,37.58675602175602,37.58675602175602,37.58675602175602,37.58675602175602,37.58675602175602,37.585587445451495,37.61190041392744,37.73410101590954,37.82275259678942,37.82587463331789,37.68579379562043,37.69048608601372,37.352249172576826,37.352249172576826,37.352249172576826,37.352249172576826,37.322997883305725,37.31637158019947,37.28657550320427,37.28451627445677,37.05885889673732,37.05885889673732,37.05885889673732,37.05885889673732,37.05885889673732,37.05885889673732,36.6097674831381,36.52577743589746,36.344727134436226,36.345853133117934,36.436348404548994,36.436344593475766,36.32739920986246,36.32739920986246,36.32739920986246,36.36429359107423,36.36429359107423,36.36429359107423,36.36429359107423,36.36429359107423,36.36429359107423,36.4269288899901,36.4269288899901,36.4269288899901,36.4269288899901,36.4269288899901,36.4269288899901,36.60818388453232,36.60818388453232,36.709494758676875,,,,,,,,,,,,,,,,,,,,,,,,,,,,,,,37.407119741100324,37.407119741100324,37.40701923076923,37.55590289608177,37.55550736961451,37.586643329443795,37.586643329443795,37.586643329443795,37.5856100438153,37.5856100438153,37.5856100438153,37.5856100438153,37.5856100438153,37.5854595959596,37.587044504181605,37.587044504181605,37.587044504181605,37.58703222918531,37.736980414527494,37.72958151815181,37.585964308077635,37.54472783905228,37.537792889160535,37.30351523419737,37.30351523419737,37.30351523419737,37.30285415530096,37.097952709024426,37.097952709024426,37.097952709024426,37.097952709024426,37.097952709024426,37.097952709024426,37.097952709024426,37.09591685794442,36.81874186802976,36.33843097051359,36.33843097051359,37.72958151815181,37.097952709024426,,,36.344727134436226,37.5334342997882,37.54785407844513,"rgba(239, 83, 80, 1.0)",0.22559081589476576,37.55118613154149,-0.8474907579157721,43.88635946314656,-3.492654006106889,False,True,False,True,False,0.0,0.0,0.0,0.0,0.0,0,0.8984492246123061,1.0580290145072542,False,False,False,False,-0.23353804639918999,-0.23276479993124405,False,False,False,False,-427.0,-29.121569305608574,False,False,False,False,14.103813038557783,False,False,False,False
2025-07-02 17:00:00+00:00,37.36,37.36,37.36,37.36,0.0,,,,,,,,,,,,,,,,,,,,,,,,,,,,,,,,,,,,,37.56005501618123,37.56005501618123,37.560584625322996,37.558672787979965,37.58675602175602,37.58675602175602,37.58675602175602,37.58675602175602,37.58675602175602,37.58675602175602,37.585587445451495,37.61190041392744,37.73410101590954,37.82275259678942,37.82587463331789,37.68579379562043,37.69048608601372,37.352249172576826,37.352249172576826,37.352249172576826,37.352249172576826,37.322997883305725,37.31637158019947,37.28657550320427,37.28451627445677,37.05885889673732,37.05885889673732,37.05885889673732,37.05885889673732,37.05885889673732,37.05885889673732,36.6097674831381,36.52577743589746,36.344727134436226,36.345853133117934,36.436348404548994,36.436344593475766,36.32739920986246,36.32739920986246,36.32739920986246,36.36429359107423,36.36429359107423,36.36429359107423,36.36429359107423,36.36429359107423,36.36429359107423,36.4269288899901,36.4269288899901,36.4269288899901,36.4269288899901,36.4269288899901,36.4269288899901,36.60818388453232,36.60818388453232,36.709494758676875,,,,,,,,,,,,,,,,,,,,,,,,,,,,,,,37.407119741100324,37.407119741100324,37.40701923076923,37.55590289608177,37.55550736961451,37.586643329443795,37.586643329443795,37.586643329443795,37.5856100438153,37.5856100438153,37.5856100438153,37.5856100438153,37.5856100438153,37.5854595959596,37.587044504181605,37.587044504181605,37.587044504181605,37.58703222918531,37.736980414527494,37.72958151815181,37.585964308077635,37.54472783905228,37.537792889160535,37.30351523419737,37.30351523419737,37.30351523419737,37.30285415530096,37.097952709024426,37.097952709024426,37.097952709024426,37.097952709024426,37.097952709024426,37.097952709024426,37.097952709024426,37.09591685794442,36.81874186802976,36.33843097051359,36.33843097051359,37.72958151815181,37.097952709024426,,,36.344727134436226,37.5334342997882,37.54785407844513,"rgba(239, 83, 80, 1.0)",0.22707352859203486,37.55118613154149,-0.8419569323070745,43.80443168475817,-3.86505484188055,False,True,False,True,False,0.0,0.0,0.0,0.0,0.0,0,0.9006555723651035,1.0463943519919319,False,False,False,False,-0.23353804639918999,-0.23315142316521703,False,False,False,False,-427.0,-35.29022714583169,False,False,False,False,13.885149270518127,False,False,False,False
2025-07-02 18:00:00+00:00,37.36,37.55,37.36,37.4,363.0,,,,,,,,,,,,,,,,,,,,,,,,,,,,,,,,,,,,37.43666666666667,37.509041381928625,37.509041381928625,37.50941031475161,37.512635135135135,37.54213486213486,37.54213486213486,37.54213486213486,37.54213486213486,37.54213486213486,37.54213486213486,37.5457214847591,37.575174172440335,37.682736282905175,37.76626360338573,37.769854612741206,37.656650016113424,37.66104952076676,37.36013074417009,37.36013074417009,37.36013074417009,37.36013074417009,37.3333521539105,37.32727200865369,37.30000821827746,37.298119868637116,37.09055388644944,37.09055388644944,37.09055388644944,37.09055388644944,37.09055388644944,37.09055388644944,36.66911196783974,36.588903207331064,36.41523123443617,36.4162594831674,36.49307634223822,36.49306388628556,36.38206444022085,36.38206444022085,36.38206444022085,36.41252447032588,36.41252447032588,36.41252447032588,36.41252447032588,36.41252447032588,36.41252447032588,36.47038292827506,36.47038292827506,36.47038292827506,36.47038292827506,36.47038292827506,36.47038292827506,36.64100851342501,36.64100851342501,36.73768995228939,,,,,,,,,,,,,,,,,,,,,,,,,,,,,,37.43666666666667,37.430135908440626,37.430135908440626,37.430064239828695,37.510342105263156,37.51014546091833,37.542019125683055,37.542019125683055,37.542019125683055,37.54562006903353,37.54562006903353,37.54562006903353,37.54562006903353,37.54562006903353,37.545539541759055,37.550136353391935,37.550136353391935,37.550136353391935,37.550152027027025,37.68546156269692,37.692764312096024,37.57072814169243,37.53391278375148,37.52769417698302,37.31551473022179,37.31551473022179,37.31551473022179,37.31491023413585,37.12666666666669,37.12666666666669,37.12666666666669,37.12666666666669,37.12666666666669,37.12666666666669,37.12666666666669,37.1247899159664,36.86680415684596,36.4111260029176,36.4111260029176,37.692764312096024,37.12666666666669,,,36.41523123443617,37.511528364154145,37.52695297392714,"rgba(239, 83, 80, 0.75)",0.22802467465628118,37.49461076644453,-0.4149145989886669,44.97430502169249,-3.86505484188055,False,True,False,True,True,0.0,0.0,0.0,0.0,0.0,0,0.9313725490196076,1.0294117647058827,False,False,False,False,-0.18598073726560635,-0.20956608021541168,False,False,False,False,-64.0,-35.73533990326066,False,False,False,False,19.297782615161257,False,False,False,False
2025-07-02 19:00:00+00:00,37.4,37.4,37.4,37.4,0.0,,,,,,,,,,,,,,,,,,,,,,,,,,,,,,,,,,,,37.43666666666667,37.509041381928625,37.509041381928625,37.50941031475161,37.512635135135135,37.54213486213486,37.54213486213486,37.54213486213486,37.54213486213486,37.54213486213486,37.54213486213486,37.5457214847591,37.575174172440335,37.682736282905175,37.76626360338573,37.769854612741206,37.656650016113424,37.66104952076676,37.36013074417009,37.36013074417009,37.36013074417009,37.36013074417009,37.3333521539105,37.32727200865369,37.30000821827746,37.298119868637116,37.09055388644944,37.09055388644944,37.09055388644944,37.09055388644944,37.09055388644944,37.09055388644944,36.66911196783974,36.588903207331064,36.41523123443617,36.4162594831674,36.49307634223822,36.49306388628556,36.38206444022085,36.38206444022085,36.38206444022085,36.41252447032588,36.41252447032588,36.41252447032588,36.41252447032588,36.41252447032588,36.41252447032588,36.47038292827506,36.47038292827506,36.47038292827506,36.47038292827506,36.47038292827506,36.47038292827506,36.64100851342501,36.64100851342501,36.73768995228939,,,,,,,,,,,,,,,,,,,,,,,,,,,,,,37.43666666666667,37.430135908440626,37.430135908440626,37.430064239828695,37.510342105263156,37.51014546091833,37.542019125683055,37.542019125683055,37.542019125683055,37.54562006903353,37.54562006903353,37.54562006903353,37.54562006903353,37.54562006903353,37.545539541759055,37.550136353391935,37.550136353391935,37.550136353391935,37.550152027027025,37.68546156269692,37.692764312096024,37.57072814169243,37.53391278375148,37.52769417698302,37.31551473022179,37.31551473022179,37.31551473022179,37.31491023413585,37.12666666666669,37.12666666666669,37.12666666666669,37.12666666666669,37.12666666666669,37.12666666666669,37.12666666666669,37.1247899159664,36.86680415684596,36.4111260029176,36.4111260029176,37.692764312096024,37.12666666666669,,,36.41523123443617,37.511528364154145,37.52695297392714,"rgba(239, 83, 80, 0.75)",0.22893716435973474,37.49461076644453,-0.4132608469626533,45.754220579648695,-3.86505484188055,False,True,False,True,True,0.0,0.0,0.0,0.0,0.0,0,0.9334365325077396,1.0041279669762648,False,False,False,False,-0.21339919985977068,-0.21148264003759118,False,False,False,False,-64.0,-36.17355168770623,False,False,False,False,18.99859218701922,False,False,False,False
2025-07-03 14:00:00+00:00,37.4,37.4,37.4,37.4,0.0,,,,,,,,,,,,,,,,,,,,,,,,,,,,,,,,,,,,37.43666666666667,37.509041381928625,37.509041381928625,37.50941031475161,37.512635135135135,37.54213486213486,37.54213486213486,37.54213486213486,37.54213486213486,37.54213486213486,37.54213486213486,37.5457214847591,37.575174172440335,37.682736282905175,37.76626360338573,37.769854612741206,37.656650016113424,37.66104952076676,37.36013074417009,37.36013074417009,37.36013074417009,37.36013074417009,37.3333521539105,37.32727200865369,37.30000821827746,37.298119868637116,37.09055388644944,37.09055388644944,37.09055388644944,37.09055388644944,37.09055388644944,37.09055388644944,36.66911196783974,36.588903207331064,36.41523123443617,36.4162594831674,36.49307634223822,36.49306388628556,36.38206444022085,36.38206444022085,36.38206444022085,36.41252447032588,36.41252447032588,36.41252447032588,36.41252447032588,36.41252447032588,36.41252447032588,36.47038292827506,36.47038292827506,36.47038292827506,36.47038292827506,36.47038292827506,36.47038292827506,36.64100851342501,36.64100851342501,36.73768995228939,,,,,,,,,,,,,,,,,,,,,,,,,,,,,,37.43666666666667,37.430135908440626,37.430135908440626,37.430064239828695,37.510342105263156,37.51014546091833,37.542019125683055,37.542019125683055,37.542019125683055,37.54562006903353,37.54562006903353,37.54562006903353,37.54562006903353,37.54562006903353,37.545539541759055,37.550136353391935,37.550136353391935,37.550136353391935,37.550152027027025,37.68546156269692,37.692764312096024,37.57072814169243,37.53391278375148,37.52769417698302,37.31551473022179,37.31551473022179,37.31551473022179,37.31491023413585,37.12666666666669,37.12666666666669,37.12666666666669,37.12666666666669,37.12666666666669,37.12666666666669,37.12666666666669,37.1247899159664,36.86680415684596,36.4111260029176,36.4111260029176,37.692764312096024,37.12666666666669,,,36.41523123443617,37.511528364154145,37.52695297392714,"rgba(239, 83, 80, 0.75)",0.22981145816986062,37.49461076644453,-0.4116886390173046,46.27416428495283,-5.679455600004509,False,True,False,True,True,0.0,0.0,0.0,0.0,0.0,0,0.9310160427807483,1.040641711229947,False,False,False,False,-0.21339919985977068,-0.21244091994868092,False,False,False,False,-64.0,-36.604969490997604,False,False,False,False,18.704040370166208,False,False,False,False
2025-07-03 15:00:00+00:00,37.4,37.4,37.4,37.4,0.0,,,,,,,,,,,,,,,,,,,,,,,,,,,,,,,,,,,,37.43666666666667,37.509041381928625,37.509041381928625,37.50941031475161,37.512635135135135,37.54213486213486,37.54213486213486,37.54213486213486,37.54213486213486,37.54213486213486,37.54213486213486,37.5457214847591,37.575174172440335,37.682736282905175,37.76626360338573,37.769854612741206,37.656650016113424,37.66104952076676,37.36013074417009,37.36013074417009,37.36013074417009,37.36013074417009,37.3333521539105,37.32727200865369,37.30000821827746,37.298119868637116,37.09055388644944,37.09055388644944,37.09055388644944,37.09055388644944,37.09055388644944,37.09055388644944,36.66911196783974,36.588903207331064,36.41523123443617,36.4162594831674,36.49307634223822,36.49306388628556,36.38206444022085,36.38206444022085,36.38206444022085,36.41252447032588,36.41252447032588,36.41252447032588,36.41252447032588,36.41252447032588,36.41252447032588,36.47038292827506,36.47038292827506,36.47038292827506,36.47038292827506,36.47038292827506,36.47038292827506,36.64100851342501,36.64100851342501,36.73768995228939,,,,,,,,,,,,,,,,,,,,,,,,,,,,,,37.43666666666667,37.430135908440626,37.430135908440626,37.430064239828695,37.510342105263156,37.51014546091833,37.542019125683055,37.542019125683055,37.542019125683055,37.54562006903353,37.54562006903353,37.54562006903353,37.54562006903353,37.54562006903353,37.545539541759055,37.550136353391935,37.550136353391935,37.550136353391935,37.550152027027025,37.68546156269692,37.692764312096024,37.57072814169243,37.53391278375148,37.52769417698302,37.31551473022179,37.31551473022179,37.31551473022179,37.31491023413585,37.12666666666669,37.12666666666669,37.12666666666669,37.12666666666669,37.12666666666669,37.12666666666669,37.12666666666669,37.1247899159664,36.86680415684596,36.4111260029176,36.4111260029176,37.692764312096024,37.12666666666669,,,36.41523123443617,37.511528364154145,37.52695297392714,"rgba(239, 83, 80, 0.75)",0.23061072461218668,37.49461076644453,-0.4102617803384345,46.620793421822256,-5.223906459108875,False,True,False,True,True,0.0,0.0,0.0,0.0,0.0,0,0.9078726968174202,1.0686767169179234,False,False,False,False,-0.21339919985977068,-0.2129200599042258,False,False,False,False,-64.0,-37.02969864617594,False,False,False,False,18.414055248148127,False,False,False,False
2025-07-03 16:00:00+00:00,37.4,37.4,37.4,37.4,0.0,,,,,,,,,,,,,,,,,,,,,,,,,,,,,,,,,,,,37.43666666666667,37.509041381928625,37.509041381928625,37.50941031475161,37.512635135135135,37.54213486213486,37.54213486213486,37.54213486213486,37.54213486213486,37.54213486213486,37.54213486213486,37.5457214847591,37.575174172440335,37.682736282905175,37.76626360338573,37.769854612741206,37.656650016113424,37.66104952076676,37.36013074417009,37.36013074417009,37.36013074417009,37.36013074417009,37.3333521539105,37.32727200865369,37.30000821827746,37.298119868637116,37.09055388644944,37.09055388644944,37.09055388644944,37.09055388644944,37.09055388644944,37.09055388644944,36.66911196783974,36.588903207331064,36.41523123443617,36.4162594831674,36.49307634223822,36.49306388628556,36.38206444022085,36.38206444022085,36.38206444022085,36.41252447032588,36.41252447032588,36.41252447032588,36.41252447032588,36.41252447032588,36.41252447032588,36.47038292827506,36.47038292827506,36.47038292827506,36.47038292827506,36.47038292827506,36.47038292827506,36.64100851342501,36.64100851342501,36.73768995228939,,,,,,,,,,,,,,,,,,,,,,,,,,,,,,37.43666666666667,37.430135908440626,37.430135908440626,37.430064239828695,37.510342105263156,37.51014546091833,37.542019125683055,37.542019125683055,37.542019125683055,37.54562006903353,37.54562006903353,37.54562006903353,37.54562006903353,37.54562006903353,37.545539541759055,37.550136353391935,37.550136353391935,37.550136353391935,37.550152027027025,37.68546156269692,37.692764312096024,37.57072814169243,37.53391278375148,37.52769417698302,37.31551473022179,37.31551473022179,37.31551473022179,37.31491023413585,37.12666666666669,37.12666666666669,37.12666666666669,37.12666666666669,37.12666666666669,37.12666666666669,37.12666666666669,37.1247899159664,36.86680415684596,36.4111260029176,36.4111260029176,37.692764312096024,37.12666666666669,,,36.41523123443617,37.511528364154145,37.52695297392714,"rgba(239, 83, 80, 0.75)",0.23084500084313275,37.49461076644453,-0.4098454205158355,46.85187951306854,-4.872432179173202,False,True,False,True,True,0.0,0.0,0.0,0.0,0.0,0,0.9070358858434581,1.0423848544786667,False,False,False,False,-0.21339919985977068,-0.21315962988199824,False,False,False,False,-64.0,-37.447842853211974,False,False,False,False,18.128566019494667,False,False,False,False
2025-07-03 17:00:00+00:00,37.4,37.4,37.4,37.4,0.0,,,,,,,,,,,,,,,,,,,,,,,,,,,,,,,,,,,,37.43666666666667,37.509041381928625,37.509041381928625,37.50941031475161,37.512635135135135,37.54213486213486,37.54213486213486,37.54213486213486,37.54213486213486,37.54213486213486,37.54213486213486,37.5457214847591,37.575174172440335,37.682736282905175,37.76626360338573,37.769854612741206,37.656650016113424,37.66104952076676,37.36013074417009,37.36013074417009,37.36013074417009,37.36013074417009,37.3333521539105,37.32727200865369,37.30000821827746,37.298119868637116,37.09055388644944,37.09055388644944,37.09055388644944,37.09055388644944,37.09055388644944,37.09055388644944,36.66911196783974,36.588903207331064,36.41523123443617,36.4162594831674,36.49307634223822,36.49306388628556,36.38206444022085,36.38206444022085,36.38206444022085,36.41252447032588,36.41252447032588,36.41252447032588,36.41252447032588,36.41252447032588,36.41252447032588,36.47038292827506,36.47038292827506,36.47038292827506,36.47038292827506,36.47038292827506,36.47038292827506,36.64100851342501,36.64100851342501,36.73768995228939,,,,,,,,,,,,,,,,,,,,,,,,,,,,,,37.43666666666667,37.430135908440626,37.430135908440626,37.430064239828695,37.510342105263156,37.51014546091833,37.542019125683055,37.542019125683055,37.542019125683055,37.54562006903353,37.54562006903353,37.54562006903353,37.54562006903353,37.54562006903353,37.545539541759055,37.550136353391935,37.550136353391935,37.550136353391935,37.550152027027025,37.68546156269692,37.692764312096024,37.57072814169243,37.53391278375148,37.52769417698302,37.31551473022179,37.31551473022179,37.31551473022179,37.31491023413585,37.12666666666669,37.12666666666669,37.12666666666669,37.12666666666669,37.12666666666669,37.12666666666669,37.12666666666669,37.1247899159664,36.86680415684596,36.4111260029176,36.4111260029176,37.692764312096024,37.12666666666669,,,36.41523123443617,37.511528364154145,37.52695297392714,"rgba(239, 83, 80, 0.75)",0.23155613410811418,37.49461076644453,-0.4085867420828425,47.00593690723273,-4.587759615974548,False,True,False,True,True,0.0,0.0,0.0,0.0,0.0,0,0.9017704169046257,1.0511136493432325,False,False,False,False,-0.21339919985977068,-0.21327941487088448,False,False,False,False,-64.0,-37.85950420432496,False,False,False,False,17.847502980432733,False,False,False,False
2025-07-03 18:00:00+00:00,37.4,37.4,37.4,37.4,0.0,,,,,,,,,,,,,,,,,,,,,,,,,,,,,,,,,,,,37.43666666666667,37.509041381928625,37.509041381928625,37.50941031475161,37.512635135135135,37.54213486213486,37.54213486213486,37.54213486213486,37.54213486213486,37.54213486213486,37.54213486213486,37.5457214847591,37.575174172440335,37.682736282905175,37.76626360338573,37.769854612741206,37.656650016113424,37.66104952076676,37.36013074417009,37.36013074417009,37.36013074417009,37.36013074417009,37.3333521539105,37.32727200865369,37.30000821827746,37.298119868637116,37.09055388644944,37.09055388644944,37.09055388644944,37.09055388644944,37.09055388644944,37.09055388644944,36.66911196783974,36.588903207331064,36.41523123443617,36.4162594831674,36.49307634223822,36.49306388628556,36.38206444022085,36.38206444022085,36.38206444022085,36.41252447032588,36.41252447032588,36.41252447032588,36.41252447032588,36.41252447032588,36.41252447032588,36.47038292827506,36.47038292827506,36.47038292827506,36.47038292827506,36.47038292827506,36.47038292827506,36.64100851342501,36.64100851342501,36.73768995228939,,,,,,,,,,,,,,,,,,,,,,,,,,,,,,37.43666666666667,37.430135908440626,37.430135908440626,37.430064239828695,37.510342105263156,37.51014546091833,37.542019125683055,37.542019125683055,37.542019125683055,37.54562006903353,37.54562006903353,37.54562006903353,37.54562006903353,37.54562006903353,37.545539541759055,37.550136353391935,37.550136353391935,37.550136353391935,37.550152027027025,37.68546156269692,37.692764312096024,37.57072814169243,37.53391278375148,37.52769417698302,37.31551473022179,37.31551473022179,37.31551473022179,37.31491023413585,37.12666666666669,37.12666666666669,37.12666666666669,37.12666666666669,37.12666666666669,37.12666666666669,37.12666666666669,37.1247899159664,36.86680415684596,36.4111260029176,36.4111260029176,37.692764312096024,37.12666666666669,,,36.41523123443617,37.511528364154145,37.52695297392714,"rgba(239, 83, 80, 0.75)",0.23238000875359405,37.49461076644453,-0.40713814820815075,47.108641836675524,-4.347983610365688,False,True,False,True,True,0.0,0.0,0.0,0.0,0.0,0,0.8948913681738107,1.0739870816206696,False,False,False,False,-0.21339919985977068,-0.21333930736532758,False,False,False,False,-64.0,-38.26478320890907,False,False,False,False,17.570797507867884,False,False,False,False
2025-07-03 19:00:00+00:00,37.4,37.4,37.4,37.4,0.0,,,,,,,,,,,,,,,,,,,,,,,,,,,,,,,,,,,,37.43666666666667,37.509041381928625,37.509041381928625,37.50941031475161,37.512635135135135,37.54213486213486,37.54213486213486,37.54213486213486,37.54213486213486,37.54213486213486,37.54213486213486,37.5457214847591,37.575174172440335,37.682736282905175,37.76626360338573,37.769854612741206,37.656650016113424,37.66104952076676,37.36013074417009,37.36013074417009,37.36013074417009,37.36013074417009,37.3333521539105,37.32727200865369,37.30000821827746,37.298119868637116,37.09055388644944,37.09055388644944,37.09055388644944,37.09055388644944,37.09055388644944,37.09055388644944,36.66911196783974,36.588903207331064,36.41523123443617,36.4162594831674,36.49307634223822,36.49306388628556,36.38206444022085,36.38206444022085,36.38206444022085,36.41252447032588,36.41252447032588,36.41252447032588,36.41252447032588,36.41252447032588,36.41252447032588,36.47038292827506,36.47038292827506,36.47038292827506,36.47038292827506,36.47038292827506,36.47038292827506,36.64100851342501,36.64100851342501,36.73768995228939,,,,,,,,,,,,,,,,,,,,,,,,,,,,,,37.43666666666667,37.430135908440626,37.430135908440626,37.430064239828695,37.510342105263156,37.51014546091833,37.542019125683055,37.542019125683055,37.542019125683055,37.54562006903353,37.54562006903353,37.54562006903353,37.54562006903353,37.54562006903353,37.545539541759055,37.550136353391935,37.550136353391935,37.550136353391935,37.550152027027025,37.68546156269692,37.692764312096024,37.57072814169243,37.53391278375148,37.52769417698302,37.31551473022179,37.31551473022179,37.31551473022179,37.31491023413585,37.12666666666669,37.12666666666669,37.12666666666669,37.12666666666669,37.12666666666669,37.12666666666669,37.12666666666669,37.1247899159664,36.86680415684596,36.4111260029176,36.4111260029176,37.692764312096024,37.12666666666669,,,36.41523123443617,37.511528364154145,37.52695297392714,"rgba(239, 83, 80, 0.75)",0.23318472745222688,37.49461076644453,-0.40573311759414127,47.17711178963739,-4.140370146072087,False,True,False,True,True,0.0,0.0,0.0,0.0,0.0,0,0.8948913681738107,1.0458015267175573,False,False,False,False,-0.21339919985977068,-0.21336925361254913,False,False,False,False,-64.0,-38.663778818073276,False,False,False,False,17.298382042629623,False,False,False,False
2025-07-04 14:00:00+00:00,37.4,37.4,37.4,37.4,0.0,,,,,,,,,,,,,,,,,,,,,,,,,,,,,,,,,,,,37.43666666666667,37.509041381928625,37.509041381928625,37.50941031475161,37.512635135135135,37.54213486213486,37.54213486213486,37.54213486213486,37.54213486213486,37.54213486213486,37.54213486213486,37.5457214847591,37.575174172440335,37.682736282905175,37.76626360338573,37.769854612741206,37.656650016113424,37.66104952076676,37.36013074417009,37.36013074417009,37.36013074417009,37.36013074417009,37.3333521539105,37.32727200865369,37.30000821827746,37.298119868637116,37.09055388644944,37.09055388644944,37.09055388644944,37.09055388644944,37.09055388644944,37.09055388644944,36.66911196783974,36.588903207331064,36.41523123443617,36.4162594831674,36.49307634223822,36.49306388628556,36.38206444022085,36.38206444022085,36.38206444022085,36.41252447032588,36.41252447032588,36.41252447032588,36.41252447032588,36.41252447032588,36.41252447032588,36.47038292827506,36.47038292827506,36.47038292827506,36.47038292827506,36.47038292827506,36.47038292827506,36.64100851342501,36.64100851342501,36.73768995228939,,,,,,,,,,,,,,,,,,,,,,,,,,,,,,37.43666666666667,37.430135908440626,37.430135908440626,37.430064239828695,37.510342105263156,37.51014546091833,37.542019125683055,37.542019125683055,37.542019125683055,37.54562006903353,37.54562006903353,37.54562006903353,37.54562006903353,37.54562006903353,37.545539541759055,37.550136353391935,37.550136353391935,37.550136353391935,37.550152027027025,37.68546156269692,37.692764312096024,37.57072814169243,37.53391278375148,37.52769417698302,37.31551473022179,37.31551473022179,37.31551473022179,37.31491023413585,37.12666666666669,37.12666666666669,37.12666666666669,37.12666666666669,37.12666666666669,37.12666666666669,37.12666666666669,37.1247899159664,36.86680415684596,36.4111260029176,36.4111260029176,37.692764312096024,37.12666666666669,,,36.41523123443617,37.511528364154145,37.52695297392714,"rgba(239, 83, 80, 0.75)",0.23397048785913505,37.49461076644453,-0.40437051403463237,47.2227584249453,-3.9575370496142668,False,True,False,True,True,0.0,0.0,0.0,0.0,0.0,0,0.8946439081812828,1.0482636845203062,False,False,False,False,-0.21339919985977068,-0.21338422673615992,False,False,False,False,-64.0,-39.056588448800824,False,False,False,False,17.03019007297645,False,False,False,False
2025-07-04 15:00:00+00:00,37.4,37.4,37.4,37.4,0.0,,,,,,,,,,,,,,,,,,,,,,,,,,,,,,,,,,,,37.43666666666667,37.509041381928625,37.509041381928625,37.50941031475161,37.512635135135135,37.54213486213486,37.54213486213486,37.54213486213486,37.54213486213486,37.54213486213486,37.54213486213486,37.5457214847591,37.575174172440335,37.682736282905175,37.76626360338573,37.769854612741206,37.656650016113424,37.66104952076676,37.36013074417009,37.36013074417009,37.36013074417009,37.36013074417009,37.3333521539105,37.32727200865369,37.30000821827746,37.298119868637116,37.09055388644944,37.09055388644944,37.09055388644944,37.09055388644944,37.09055388644944,37.09055388644944,36.66911196783974,36.588903207331064,36.41523123443617,36.4162594831674,36.49307634223822,36.49306388628556,36.38206444022085,36.38206444022085,36.38206444022085,36.41252447032588,36.41252447032588,36.41252447032588,36.41252447032588,36.41252447032588,36.41252447032588,36.47038292827506,36.47038292827506,36.47038292827506,36.47038292827506,36.47038292827506,36.47038292827506,36.64100851342501,36.64100851342501,36.73768995228939,,,,,,,,,,,,,,,,,,,,,,,,,,,,,,37.43666666666667,37.430135908440626,37.430135908440626,37.430064239828695,37.510342105263156,37.51014546091833,37.542019125683055,37.542019125683055,37.542019125683055,37.54562006903353,37.54562006903353,37.54562006903353,37.54562006903353,37.54562006903353,37.545539541759055,37.550136353391935,37.550136353391935,37.550136353391935,37.550152027027025,37.68546156269692,37.692764312096024,37.57072814169243,37.53391278375148,37.52769417698302,37.31551473022179,37.31551473022179,37.31551473022179,37.31491023413585,37.12666666666669,37.12666666666669,37.12666666666669,37.12666666666669,37.12666666666669,37.12666666666669,37.12666666666669,37.1247899159664,36.86680415684596,36.4111260029176,36.4111260029176,37.692764312096024,37.12666666666669,,,36.41523123443617,37.511528364154145,37.52695297392714,"rgba(239, 83, 80, 0.75)",0.23473748035739284,37.49461076644453,-0.4030492544287569,47.25318951515057,-3.795137914311205,False,True,False,True,True,0.0,0.0,0.0,0.0,0.0,0,0.895235276709085,1.0506066883693403,False,False,False,False,-0.21339919985977068,-0.2133917132979653,False,False,False,False,-64.0,-39.443308007734146,False,False,False,False,16.76615611835666,False,False,False,False
2025-07-04 16:00:00+00:00,37.4,37.4,37.4,37.4,0.0,,,,,,,,,,,,,,,,,,,,,,,,,,,,,,,,,,,,37.43666666666667,37.509041381928625,37.509041381928625,37.50941031475161,37.512635135135135,37.54213486213486,37.54213486213486,37.54213486213486,37.54213486213486,37.54213486213486,37.54213486213486,37.5457214847591,37.575174172440335,37.682736282905175,37.76626360338573,37.769854612741206,37.656650016113424,37.66104952076676,37.36013074417009,37.36013074417009,37.36013074417009,37.36013074417009,37.3333521539105,37.32727200865369,37.30000821827746,37.298119868637116,37.09055388644944,37.09055388644944,37.09055388644944,37.09055388644944,37.09055388644944,37.09055388644944,36.66911196783974,36.588903207331064,36.41523123443617,36.4162594831674,36.49307634223822,36.49306388628556,36.38206444022085,36.38206444022085,36.38206444022085,36.41252447032588,36.41252447032588,36.41252447032588,36.41252447032588,36.41252447032588,36.41252447032588,36.47038292827506,36.47038292827506,36.47038292827506,36.47038292827506,36.47038292827506,36.47038292827506,36.64100851342501,36.64100851342501,36.73768995228939,,,,,,,,,,,,,,,,,,,,,,,,,,,,,,37.43666666666667,37.430135908440626,37.430135908440626,37.430064239828695,37.510342105263156,37.51014546091833,37.542019125683055,37.542019125683055,37.542019125683055,37.54562006903353,37.54562006903353,37.54562006903353,37.54562006903353,37.54562006903353,37.545539541759055,37.550136353391935,37.550136353391935,37.550136353391935,37.550152027027025,37.68546156269692,37.692764312096024,37.57072814169243,37.53391278375148,37.52769417698302,37.31551473022179,37.31551473022179,37.31551473022179,37.31491023413585,37.12666666666669,37.12666666666669,37.12666666666669,37.12666666666669,37.12666666666669,37.12666666666669,37.12666666666669,37.1247899159664,36.86680415684596,36.4111260029176,36.4111260029176,37.692764312096024,37.12666666666669,,,36.41523123443617,37.511528364154145,37.52695297392714,"rgba(239, 83, 80, 0.75)",0.23537476347121916,37.49461076644453,-0.40195798839793984,47.27347690862075,-3.6504866141469776,False,True,False,True,True,0.0,0.0,0.0,0.0,0.0,0,0.893148204044672,1.065801388469665,False,False,False,False,-0.21339919985977068,-0.213395456578868,False,False,False,False,-64.0,-39.82403191459098,False,False,False,False,16.506215713420897,False,False,False,False
2025-07-04 17:00:00+00:00,37.4,37.4,37.4,37.4,0.0,,,,,,,,,,,,,,,,,,,,,,,,,,,,,,,,,,,,37.43666666666667,37.509041381928625,37.509041381928625,37.50941031475161,37.512635135135135,37.54213486213486,37.54213486213486,37.54213486213486,37.54213486213486,37.54213486213486,37.54213486213486,37.5457214847591,37.575174172440335,37.682736282905175,37.76626360338573,37.769854612741206,37.656650016113424,37.66104952076676,37.36013074417009,37.36013074417009,37.36013074417009,37.36013074417009,37.3333521539105,37.32727200865369,37.30000821827746,37.298119868637116,37.09055388644944,37.09055388644944,37.09055388644944,37.09055388644944,37.09055388644944,37.09055388644944,36.66911196783974,36.588903207331064,36.41523123443617,36.4162594831674,36.49307634223822,36.49306388628556,36.38206444022085,36.38206444022085,36.38206444022085,36.41252447032588,36.41252447032588,36.41252447032588,36.41252447032588,36.41252447032588,36.41252447032588,36.47038292827506,36.47038292827506,36.47038292827506,36.47038292827506,36.47038292827506,36.47038292827506,36.64100851342501,36.64100851342501,36.73768995228939,,,,,,,,,,,,,,,,,,,,,,,,,,,,,,37.43666666666667,37.430135908440626,37.430135908440626,37.430064239828695,37.510342105263156,37.51014546091833,37.542019125683055,37.542019125683055,37.542019125683055,37.54562006903353,37.54562006903353,37.54562006903353,37.54562006903353,37.54562006903353,37.545539541759055,37.550136353391935,37.550136353391935,37.550136353391935,37.550152027027025,37.68546156269692,37.692764312096024,37.57072814169243,37.53391278375148,37.52769417698302,37.31551473022179,37.31551473022179,37.31551473022179,37.31491023413585,37.12666666666669,37.12666666666669,37.12666666666669,37.12666666666669,37.12666666666669,37.12666666666669,37.12666666666669,37.1247899159664,36.86680415684596,36.4111260029176,36.4111260029176,37.692764312096024,37.12666666666669,,,36.41523123443617,37.511528364154145,37.52695297392714,"rgba(239, 83, 80, 0.75)",0.22641980462800104,37.49461076644453,-0.4178555254915707,47.28700183760087,-3.521762736869981,False,True,False,True,True,0.0,0.0,0.0,0.0,0.0,0,0.8732266827648653,1.065801388469665,False,False,False,False,-0.21339919985977068,-0.21339732821931934,False,False,False,False,-64.0,-40.19885312521748,False,False,False,False,16.250305392282588,False,False,False,False
2025-07-04 18:00:00+00:00,37.4,37.4,37.4,37.4,0.0,,,,,,,,,,,,,,,,,,,,,,,,,,,,,,,,,,,,37.43666666666667,37.509041381928625,37.509041381928625,37.50941031475161,37.512635135135135,37.54213486213486,37.54213486213486,37.54213486213486,37.54213486213486,37.54213486213486,37.54213486213486,37.5457214847591,37.575174172440335,37.682736282905175,37.76626360338573,37.769854612741206,37.656650016113424,37.66104952076676,37.36013074417009,37.36013074417009,37.36013074417009,37.36013074417009,37.3333521539105,37.32727200865369,37.30000821827746,37.298119868637116,37.09055388644944,37.09055388644944,37.09055388644944,37.09055388644944,37.09055388644944,37.09055388644944,36.66911196783974,36.588903207331064,36.41523123443617,36.4162594831674,36.49307634223822,36.49306388628556,36.38206444022085,36.38206444022085,36.38206444022085,36.41252447032588,36.41252447032588,36.41252447032588,36.41252447032588,36.41252447032588,36.41252447032588,36.47038292827506,36.47038292827506,36.47038292827506,36.47038292827506,36.47038292827506,36.47038292827506,36.64100851342501,36.64100851342501,36.73768995228939,,,,,,,,,,,,,,,,,,,,,,,,,,,,,,37.43666666666667,37.430135908440626,37.430135908440626,37.430064239828695,37.510342105263156,37.51014546091833,37.542019125683055,37.542019125683055,37.542019125683055,37.54562006903353,37.54562006903353,37.54562006903353,37.54562006903353,37.54562006903353,37.545539541759055,37.550136353391935,37.550136353391935,37.550136353391935,37.550152027027025,37.68546156269692,37.692764312096024,37.57072814169243,37.53391278375148,37.52769417698302,37.31551473022179,37.31551473022179,37.31551473022179,37.31491023413585,37.12666666666669,37.12666666666669,37.12666666666669,37.12666666666669,37.12666666666669,37.12666666666669,37.12666666666669,37.1247899159664,36.86680415684596,36.4111260029176,36.4111260029176,37.692764312096024,37.12666666666669,,,36.41523123443617,37.511528364154145,37.52695297392714,"rgba(239, 83, 80, 0.75)",0.21665304184431822,37.49461076644453,-0.43669253678200015,47.29601845692095,-3.4075698695930683,False,True,False,True,True,0.0,0.0,0.0,0.0,0.0,0,0.8882407123119431,1.0669327602087813,False,False,False,False,-0.21339919985977068,-0.213398264039545,False,False,False,False,-64.0,-40.56786315428388,False,False,False,False,15.998362673022392,False,False,False,False
2025-07-04 19:00:00+00:00,37.4,37.4,37.4,37.4,0.0,,,,,,,,,,,,,,,,,,,,,,,,,,,,,,,,,,,,37.43666666666667,37.509041381928625,37.509041381928625,37.50941031475161,37.512635135135135,37.54213486213486,37.54213486213486,37.54213486213486,37.54213486213486,37.54213486213486,37.54213486213486,37.5457214847591,37.575174172440335,37.682736282905175,37.76626360338573,37.769854612741206,37.656650016113424,37.66104952076676,37.36013074417009,37.36013074417009,37.36013074417009,37.36013074417009,37.3333521539105,37.32727200865369,37.30000821827746,37.298119868637116,37.09055388644944,37.09055388644944,37.09055388644944,37.09055388644944,37.09055388644944,37.09055388644944,36.66911196783974,36.588903207331064,36.41523123443617,36.4162594831674,36.49307634223822,36.49306388628556,36.38206444022085,36.38206444022085,36.38206444022085,36.41252447032588,36.41252447032588,36.41252447032588,36.41252447032588,36.41252447032588,36.41252447032588,36.47038292827506,36.47038292827506,36.47038292827506,36.47038292827506,36.47038292827506,36.47038292827506,36.64100851342501,36.64100851342501,36.73768995228939,,,,,,,,,,,,,,,,,,,,,,,,,,,,,,37.43666666666667,37.430135908440626,37.430135908440626,37.430064239828695,37.510342105263156,37.51014546091833,37.542019125683055,37.542019125683055,37.542019125683055,37.54562006903353,37.54562006903353,37.54562006903353,37.54562006903353,37.54562006903353,37.545539541759055,37.550136353391935,37.550136353391935,37.550136353391935,37.550152027027025,37.68546156269692,37.692764312096024,37.57072814169243,37.53391278375148,37.52769417698302,37.31551473022179,37.31551473022179,37.31551473022179,37.31491023413585,37.12666666666669,37.12666666666669,37.12666666666669,37.12666666666669,37.12666666666669,37.12666666666669,37.12666666666669,37.1247899159664,36.86680415684596,36.4111260029176,36.4111260029176,37.692764312096024,37.12666666666669,,,36.41523123443617,37.511528364154145,37.52695297392714,"rgba(239, 83, 80, 0.75)",0.2059590180520719,37.49461076644453,-0.4593669524128923,47.30202953646767,-3.306703566248082,False,True,False,True,True,0.0,0.0,0.0,0.0,0.0,1,0.8851704022106226,1.0528093337427085,False,False,False,False,-0.21339919985977068,-0.21339873194965786,False,False,False,False,-64.0,-40.93115209762831,False,False,False,False,15.750326042432897,False,False,False,False
2025-07-07 14:00:00+00:00,37.45,37.54,37.45,37.54,1.0,,,,,,,,,,,,,,,,,,,,,,,,,,,,,,,,,,,,37.43686813186813,37.509042472506636,37.509042472506636,37.509410984848486,37.512632398753894,37.54210856519367,37.54210856519367,37.54210856519367,37.54210856519367,37.54210856519367,37.54210856519367,37.545695160894134,37.575136564723984,37.68265414487241,37.766160354552774,37.76975161844364,37.65660277061854,37.66100127754709,37.36016928087769,37.36016928087769,37.36016928087769,37.36016928087769,37.333396470981775,37.32731761084769,37.300059978637755,37.298172043010766,37.09065080098585,37.09065080098585,37.09065080098585,37.09065080098585,37.09065080098585,37.09065080098585,36.66927818409437,36.58907902271429,36.4154259292193,36.41645392592595,36.49323518692078,36.493222708105606,36.382217546717364,36.382217546717364,36.382217546717364,36.41266043111994,36.41266043111994,36.41266043111994,36.41266043111994,36.41266043111994,36.41266043111994,36.47050616405881,36.47050616405881,36.47050616405881,36.47050616405881,36.47050616405881,36.47050616405881,36.641103350431074,36.641103350431074,36.73777243760902,,,,,,,,,,,,,,,,,,,,,,,,,,,,,37.51,37.43686813186813,37.43030692362598,37.43030692362598,37.43023504273504,37.51034174553102,37.51014530812325,37.5419929019929,37.5419929019929,37.5419929019929,37.545593742301065,37.545593742301065,37.545593742301065,37.545593742301065,37.545593742301065,37.54551329394388,37.55010923423424,37.55010923423424,37.55010923423424,37.55012491559757,37.68537868052276,37.69270104995961,37.570711073636865,37.53390619257625,37.527689310597715,37.315563001571945,37.315563001571945,37.315563001571945,37.31495864350703,37.12675616779518,37.12675616779518,37.12675616779518,37.12675616779518,37.12675616779518,37.12675616779518,37.12675616779518,37.124879813302236,36.866941945158544,36.41132634457614,36.41132634457614,37.69270104995961,37.12675616779518,,,36.4154259292193,37.51152403709105,37.53474014850123,"rgba(38, 166, 154, 1.0)",0.19367470638095577,37.489851203545086,0.25893312240923555,56.83647686407005,5.359355695933573,True,False,True,False,True,0.06956868306658848,0.0,0.0,0.0,0.0,0,0.886149162861491,1.0468797564687982,False,False,False,False,-0.1662145121535789,-0.18980662205161838,False,False,False,False,-63.0,-41.27330477828524,False,False,False,False,15.52163881696882,False,False,False,False
2025-07-07 15:00:00+00:00,37.54,37.54,37.54,37.54,0.0,,,,,,,,,,,,,,,,,,,,,,,,,,,,,,,,,,,,37.43686813186813,37.509042472506636,37.509042472506636,37.509410984848486,37.512632398753894,37.54210856519367,37.54210856519367,37.54210856519367,37.54210856519367,37.54210856519367,37.54210856519367,37.545695160894134,37.575136564723984,37.68265414487241,37.766160354552774,37.76975161844364,37.65660277061854,37.66100127754709,37.36016928087769,37.36016928087769,37.36016928087769,37.36016928087769,37.333396470981775,37.32731761084769,37.300059978637755,37.298172043010766,37.09065080098585,37.09065080098585,37.09065080098585,37.09065080098585,37.09065080098585,37.09065080098585,36.66927818409437,36.58907902271429,36.4154259292193,36.41645392592595,36.49323518692078,36.493222708105606,36.382217546717364,36.382217546717364,36.382217546717364,36.41266043111994,36.41266043111994,36.41266043111994,36.41266043111994,36.41266043111994,36.41266043111994,36.47050616405881,36.47050616405881,36.47050616405881,36.47050616405881,36.47050616405881,36.47050616405881,36.641103350431074,36.641103350431074,36.73777243760902,,,,,,,,,,,,,,,,,,,,,,,,,,,,,37.51,37.43686813186813,37.43030692362598,37.43030692362598,37.43023504273504,37.51034174553102,37.51014530812325,37.5419929019929,37.5419929019929,37.5419929019929,37.545593742301065,37.545593742301065,37.545593742301065,37.545593742301065,37.545593742301065,37.54551329394388,37.55010923423424,37.55010923423424,37.55010923423424,37.55012491559757,37.68537868052276,37.69270104995961,37.570711073636865,37.53390619257625,37.527689310597715,37.315563001571945,37.315563001571945,37.315563001571945,37.31495864350703,37.12675616779518,37.12675616779518,37.12675616779518,37.12675616779518,37.12675616779518,37.12675616779518,37.12675616779518,37.124879813302236,36.866941945158544,36.41132634457614,36.41132634457614,37.69270104995961,37.12675616779518,,,36.4154259292193,37.51152403709105,37.53474014850123,"rgba(38, 166, 154, 1.0)",0.18020883781070132,37.489851203545086,0.2782815596846094,63.192775082471634,10.583340577351194,True,False,True,False,True,0.06956868306659914,0.0,0.0,0.0,0.0,0,0.8916286149162853,1.0468797564687982,False,False,False,False,-0.14412955259596535,-0.16696808732379187,False,False,False,False,-63.0,-41.610152766218796,False,False,False,False,15.28099325391504,False,False,False,False
2025-07-07 16:00:00+00:00,37.44,37.44,37.44,37.44,2.0,,,,,,,,,,,,,,,,,,,,,,,,,,,,,,,,,,,,37.436885245901635,37.50888573590616,37.50888573590616,37.50925359032502,37.512481865284975,37.54194172113289,37.54194172113289,37.54194172113289,37.54194172113289,37.54194172113289,37.54194172113289,37.545539612460146,37.57498078770413,37.682423594616,37.76589774557166,37.7694904290429,37.656463296844805,37.66086019789338,37.36021031440075,37.36021031440075,37.36021031440075,37.36021031440075,37.33344993313274,37.32737382555917,37.30012893159236,37.298241857412435,37.090812163202486,37.090812163202486,37.090812163202486,37.090812163202486,37.090812163202486,37.090812163202486,36.66958275703091,36.58940373974435,36.41579022222225,36.4168177240685,36.49353086612536,36.493518345042965,36.38250463654048,36.38250463654048,36.38250463654048,36.412914912063435,36.412914912063435,36.412914912063435,36.412914912063435,36.412914912063435,36.412914912063435,36.470735956387784,36.470735956387784,36.470735956387784,36.470735956387784,36.470735956387784,36.470735956387784,36.64127768685215,36.64127768685215,36.737922406122074,,,,,,,,,,,,,,,,,,,,,,,,,,,,,37.46333333333333,37.436885245901635,37.430348258706466,37.430348258706466,37.43027659574468,37.51019412381952,37.50999825296995,37.54182611065685,37.54182611065685,37.54182611065685,37.54543788437885,37.54543788437885,37.54543788437885,37.54543788437885,37.54543788437885,37.54535766961652,37.54996063877643,37.54996063877643,37.54996063877643,37.549976399190825,37.685147081956906,37.69252623083131,37.57063764044943,37.53385445362717,37.527641103170225,37.315624741586056,37.315624741586056,37.315624741586056,37.31502066798942,37.12690237261768,37.12690237261768,37.12690237261768,37.12690237261768,37.12690237261768,37.12690237261768,37.12690237261768,37.125026825285765,36.867187366167045,36.41170129396758,36.41170129396758,37.69252623083131,37.12690237261768,,,36.41579022222225,37.511419684485666,37.53276297272874,"rgba(38, 166, 154, 0.75)",0.18030659574271524,37.48278167270397,-0.23727181209177983,59.10289212057866,12.741618077353309,True,False,True,False,False,0.0,0.0,0.0,0.0,0.0,0,0.8922844175491671,1.04659606656581,False,False,False,False,-0.19342946151652646,-0.18019877442015916,False,False,False,False,-65.0,-41.972786056665015,False,False,False,False,15.075086381761318,False,False,False,False
2025-07-07 17:00:00+00:00,37.44,37.44,37.44,37.44,0.0,,,,,,,,,,,,,,,,,,,,,,,,,,,,,,,,,,,,37.436885245901635,37.50888573590616,37.50888573590616,37.50925359032502,37.512481865284975,37.54194172113289,37.54194172113289,37.54194172113289,37.54194172113289,37.54194172113289,37.54194172113289,37.545539612460146,37.57498078770413,37.682423594616,37.76589774557166,37.7694904290429,37.656463296844805,37.66086019789338,37.36021031440075,37.36021031440075,37.36021031440075,37.36021031440075,37.33344993313274,37.32737382555917,37.30012893159236,37.298241857412435,37.090812163202486,37.090812163202486,37.090812163202486,37.090812163202486,37.090812163202486,37.090812163202486,36.66958275703091,36.58940373974435,36.41579022222225,36.4168177240685,36.49353086612536,36.493518345042965,36.38250463654048,36.38250463654048,36.38250463654048,36.412914912063435,36.412914912063435,36.412914912063435,36.412914912063435,36.412914912063435,36.412914912063435,36.470735956387784,36.470735956387784,36.470735956387784,36.470735956387784,36.470735956387784,36.470735956387784,36.64127768685215,36.64127768685215,36.737922406122074,,,,,,,,,,,,,,,,,,,,,,,,,,,,,37.46333333333333,37.436885245901635,37.430348258706466,37.430348258706466,37.43027659574468,37.51019412381952,37.50999825296995,37.54182611065685,37.54182611065685,37.54182611065685,37.54543788437885,37.54543788437885,37.54543788437885,37.54543788437885,37.54543788437885,37.54535766961652,37.54996063877643,37.54996063877643,37.54996063877643,37.549976399190825,37.685147081956906,37.69252623083131,37.57063764044943,37.53385445362717,37.527641103170225,37.315624741586056,37.315624741586056,37.315624741586056,37.31502066798942,37.12690237261768,37.12690237261768,37.12690237261768,37.12690237261768,37.12690237261768,37.12690237261768,37.12690237261768,37.125026825285765,36.867187366167045,36.41170129396758,36.41170129396758,37.69252623083131,37.12690237261768,,,36.41579022222225,37.511419684485666,37.53276297272874,"rgba(38, 166, 154, 0.75)",0.1804039011979122,37.48278167270397,-0.2371438334753104,56.376303479316675,10.800885791005236,True,False,True,False,False,0.0,0.0,0.0,0.0,0.0,0,0.8922844175491671,1.04659606656581,False,False,False,False,-0.19342946151652646,-0.1868141179683428,False,False,False,False,-65.0,-42.329797125553924,False,False,False,False,14.841364112276647,False,False,False,False
2025-07-07 18:00:00+00:00,37.44,37.65,37.44,37.65,203.0,,,,,,,,,,,,,,,,,,,,,,,,,,,,,,,,,,,,37.48794376098418,37.52220325953259,37.52220325953259,37.52249001536098,37.52421660958904,37.547355758000464,37.547355758000464,37.547355758000464,37.547355758000464,37.547355758000464,37.547355758000464,37.550018139137855,37.57550653594771,37.67341493356442,37.751853368068474,37.75538978494623,37.651772438803256,37.655939748201426,37.371108532812244,37.371108532812244,37.371108532812244,37.371108532812244,37.34539211007716,37.33954930357709,37.31345925230722,37.31164947648071,37.1127193175969,37.1127193175969,37.1127193175969,37.1127193175969,37.1127193175969,37.1127193175969,36.70469193262413,36.62634184423221,36.45634179821553,36.45731961120642,36.5269126179305,36.52689542978211,36.41460864588838,36.41460864588838,36.41460864588838,36.44153860094239,36.44153860094239,36.44153860094239,36.44153860094239,36.44153860094239,36.44153860094239,36.49679550977898,36.49679550977898,36.49679550977898,36.49679550977898,36.49679550977898,36.49679550977898,36.66161934244235,36.66161934244235,36.75578839186175,,,,,,,,,,,,,,,,,,,,,,,,,,,,,37.57830097087379,37.48794376098418,37.47555555555556,37.47555555555556,37.475438335809805,37.52245242214532,37.52228032267357,37.547260402057034,37.547260402057034,37.547260402057034,37.54994116388532,37.54994116388532,37.54994116388532,37.54994116388532,37.54994116388532,37.54986850545222,37.55357962413452,37.55357962413452,37.55357962413452,37.553591340450765,37.67595463680736,37.68514328808446,37.571142705288324,37.53629837377162,37.53040831380716,37.32830026767439,37.32830026767439,37.32830026767439,37.32772215663125,37.14739676173502,37.14739676173502,37.14739676173502,37.14739676173502,37.14739676173502,37.14739676173502,37.14739676173502,37.145596881959925,36.8968817976606,36.453382249560654,36.453382249560654,37.68514328808446,37.14739676173502,,,36.45634179821553,37.51839684795528,37.54768639941044,"rgba(38, 166, 154, 1.0)",0.18095716480801122,37.52191051282424,0.7078442420981501,62.19158850692783,6.859512917800792,True,False,True,False,True,1.9178325486313668,0.0,0.0,0.0,0.0,0,0.8895439031957795,1.0732237046230224,False,False,False,False,-0.14168464848240508,-0.16424938322537394,False,False,False,False,138.0,-39.533986317405805,False,False,False,False,17.758552265574682,False,False,False,False
2025-07-07 19:00:00+00:00,37.65,37.65,37.65,37.65,0.0,,,,,,,,,,,,,,,,,,,,,,,,,,,,,,,,,,,,37.48794376098418,37.52220325953259,37.52220325953259,37.52249001536098,37.52421660958904,37.547355758000464,37.547355758000464,37.547355758000464,37.547355758000464,37.547355758000464,37.547355758000464,37.550018139137855,37.57550653594771,37.67341493356442,37.751853368068474,37.75538978494623,37.651772438803256,37.655939748201426,37.371108532812244,37.371108532812244,37.371108532812244,37.371108532812244,37.34539211007716,37.33954930357709,37.31345925230722,37.31164947648071,37.1127193175969,37.1127193175969,37.1127193175969,37.1127193175969,37.1127193175969,37.1127193175969,36.70469193262413,36.62634184423221,36.45634179821553,36.45731961120642,36.5269126179305,36.52689542978211,36.41460864588838,36.41460864588838,36.41460864588838,36.44153860094239,36.44153860094239,36.44153860094239,36.44153860094239,36.44153860094239,36.44153860094239,36.49679550977898,36.49679550977898,36.49679550977898,36.49679550977898,36.49679550977898,36.49679550977898,36.66161934244235,36.66161934244235,36.75578839186175,,,,,,,,,,,,,,,,,,,,,,,,,,,,,37.57830097087379,37.48794376098418,37.47555555555556,37.47555555555556,37.475438335809805,37.52245242214532,37.52228032267357,37.547260402057034,37.547260402057034,37.547260402057034,37.54994116388532,37.54994116388532,37.54994116388532,37.54994116388532,37.54994116388532,37.54986850545222,37.55357962413452,37.55357962413452,37.55357962413452,37.553591340450765,37.67595463680736,37.68514328808446,37.571142705288324,37.53629837377162,37.53040831380716,37.32830026767439,37.32830026767439,37.32830026767439,37.32772215663125,37.14739676173502,37.14739676173502,37.14739676173502,37.14739676173502,37.14739676173502,37.14739676173502,37.14739676173502,37.145596881959925,36.8968817976606,36.453382249560654,36.453382249560654,37.68514328808446,37.14739676173502,,,36.45634179821553,37.51839684795528,37.54768639941044,"rgba(38, 166, 154, 1.0)",0.18147290269974853,37.52191051282424,0.7058325803477339,66.06844519200193,9.981171260371937,True,False,True,False,True,1.9178325486313668,0.0,0.0,0.0,0.0,0,0.887421383647798,1.0625786163522015,False,False,False,False,-0.04918859260543297,-0.10671898791540346,False,False,False,False,138.0,-36.78152141325998,False,False,False,False,17.483225873860345,False,False,False,False
2025-07-08 14:00:00+00:00,38.3,38.3,37.42,37.42,1.0,,,,,,,,,,,,,,,,,,,,,,,,,,,,,,,,,,,37.71333333333333,37.48833918128655,37.52237941628264,37.52237941628264,37.52266574585635,37.52437838608497,37.547471988795515,37.547471988795515,37.547471988795515,37.547471988795515,37.547471988795515,37.547471988795515,37.55012262742589,37.57557761732852,37.673432221741024,37.75183903769841,37.755374374007566,37.651791037260814,37.65595694735789,37.371192104192104,37.371192104192104,37.371192104192104,37.371192104192104,37.34547988231553,37.33963802516023,37.313553053405286,37.31174361378019,37.112851786502006,37.112851786502006,37.112851786502006,37.112851786502006,37.112851786502006,37.112851786502006,36.70488350743908,36.62654147535969,36.45655744267172,36.45753501400563,36.527092161016974,36.52707494830285,36.414780139970965,36.414780139970965,36.414780139970965,36.441692236450045,36.441692236450045,36.441692236450045,36.441692236450045,36.441692236450045,36.441692236450045,36.49693628018207,36.49693628018207,36.49693628018207,36.49693628018207,36.49693628018207,36.49693628018207,36.66173159711103,36.66173159711103,36.755888459260795,,,,,,,,,,,,,,,,,,,,,,,,,,,,,37.57895330112722,37.48833918128655,37.47590886577514,37.47590886577514,37.47579129574679,37.52261740132526,37.5224453080023,37.5473767811259,37.5473767811259,37.5473767811259,37.55004596963866,37.55004596963866,37.55004596963866,37.55004596963866,37.55004596963866,37.549973290598295,37.5536743772242,37.5536743772242,37.5536743772242,37.553686030428764,37.67597072750755,37.685152396338175,37.57118048175699,37.53634454877412,37.530455925733115,37.328391184573015,37.328391184573015,37.328391184573015,37.327813188542656,37.14752283359325,37.14752283359325,37.14752283359325,37.14752283359325,37.14752283359325,37.14752283359325,37.14752283359325,37.145723298448765,36.89704930926004,36.453603643179314,36.453603643179314,37.685152396338175,37.14752283359325,,37.71333333333333,36.45655744267172,37.53449150395855,37.54784443773676,"rgba(38, 166, 154, 0.75)",0.18170984692175188,37.530507750318506,-0.6081549909955697,58.98839570836132,16.02351057029206,True,False,True,False,False,0.0,-1.0,38.3,37.42,0.0,0,0.902295285359801,1.021401985111663,False,True,False,False,0.06891737991950972,-0.01890080399794687,False,False,False,False,137.0,-34.087234259566024,False,False,False,False,17.22767198434313,False,False,False,False
2025-07-08 15:00:00+00:00,37.42,37.42,37.42,37.42,0.0,,,,,,,,,,,,,,,,,,,,,,,,,,,,,,,,,,,37.71333333333333,37.48833918128655,37.52237941628264,37.52237941628264,37.52266574585635,37.52437838608497,37.547471988795515,37.547471988795515,37.547471988795515,37.547471988795515,37.547471988795515,37.547471988795515,37.55012262742589,37.57557761732852,37.673432221741024,37.75183903769841,37.755374374007566,37.651791037260814,37.65595694735789,37.371192104192104,37.371192104192104,37.371192104192104,37.371192104192104,37.34547988231553,37.33963802516023,37.313553053405286,37.31174361378019,37.112851786502006,37.112851786502006,37.112851786502006,37.112851786502006,37.112851786502006,37.112851786502006,36.70488350743908,36.62654147535969,36.45655744267172,36.45753501400563,36.527092161016974,36.52707494830285,36.414780139970965,36.414780139970965,36.414780139970965,36.441692236450045,36.441692236450045,36.441692236450045,36.441692236450045,36.441692236450045,36.441692236450045,36.49693628018207,36.49693628018207,36.49693628018207,36.49693628018207,36.49693628018207,36.49693628018207,36.66173159711103,36.66173159711103,36.755888459260795,,,,,,,,,,,,,,,,,,,,,,,,,,,,,37.57895330112722,37.48833918128655,37.47590886577514,37.47590886577514,37.47579129574679,37.52261740132526,37.5224453080023,37.5473767811259,37.5473767811259,37.5473767811259,37.55004596963866,37.55004596963866,37.55004596963866,37.55004596963866,37.55004596963866,37.549973290598295,37.5536743772242,37.5536743772242,37.5536743772242,37.553686030428764,37.67597072750755,37.685152396338175,37.57118048175699,37.53634454877412,37.530455925733115,37.328391184573015,37.328391184573015,37.328391184573015,37.327813188542656,37.14752283359325,37.14752283359325,37.14752283359325,37.14752283359325,37.14752283359325,37.14752283359325,37.14752283359325,37.145723298448765,36.89704930926004,36.453603643179314,36.453603643179314,37.685152396338175,37.14752283359325,,37.71333333333333,36.45655744267172,37.53449150395855,37.54784443773676,"rgba(38, 166, 154, 0.75)",0.1819448981032555,37.530507750318506,-0.6073693270354309,54.26836271926757,12.100694481022941,True,False,True,False,False,0.0,0.0,0.0,0.0,0.0,0,0.9279106858054221,1.036044657097289,False,False,False,False,-0.18026808442669387,-0.09958444421232038,False,False,False,False,137.0,-31.434718999727792,False,False,False,False,16.96057629466339,False,False,False,False
2025-07-08 16:00:00+00:00,37.42,37.42,37.42,37.42,0.0,,,,,,,,,,,,,,,,,,,,,,,,,,,,,,,,,,,37.71333333333333,37.48833918128655,37.52237941628264,37.52237941628264,37.52266574585635,37.52437838608497,37.547471988795515,37.547471988795515,37.547471988795515,37.547471988795515,37.547471988795515,37.547471988795515,37.55012262742589,37.57557761732852,37.673432221741024,37.75183903769841,37.755374374007566,37.651791037260814,37.65595694735789,37.371192104192104,37.371192104192104,37.371192104192104,37.371192104192104,37.34547988231553,37.33963802516023,37.313553053405286,37.31174361378019,37.112851786502006,37.112851786502006,37.112851786502006,37.112851786502006,37.112851786502006,37.112851786502006,36.70488350743908,36.62654147535969,36.45655744267172,36.45753501400563,36.527092161016974,36.52707494830285,36.414780139970965,36.414780139970965,36.414780139970965,36.441692236450045,36.441692236450045,36.441692236450045,36.441692236450045,36.441692236450045,36.441692236450045,36.49693628018207,36.49693628018207,36.49693628018207,36.49693628018207,36.49693628018207,36.49693628018207,36.66173159711103,36.66173159711103,36.755888459260795,,,,,,,,,,,,,,,,,,,,,,,,,,,,,37.57895330112722,37.48833918128655,37.47590886577514,37.47590886577514,37.47579129574679,37.52261740132526,37.5224453080023,37.5473767811259,37.5473767811259,37.5473767811259,37.55004596963866,37.55004596963866,37.55004596963866,37.55004596963866,37.55004596963866,37.549973290598295,37.5536743772242,37.5536743772242,37.5536743772242,37.553686030428764,37.67597072750755,37.685152396338175,37.57118048175699,37.53634454877412,37.530455925733115,37.328391184573015,37.328391184573015,37.328391184573015,37.327813188542656,37.14752283359325,37.14752283359325,37.14752283359325,37.14752283359325,37.14752283359325,37.14752283359325,37.14752283359325,37.145723298448765,36.89704930926004,36.453603643179314,36.453603643179314,37.685152396338175,37.14752283359325,,37.71333333333333,36.45655744267172,37.53449150395855,37.54784443773676,#000000,0.18217806357161934,37.530507750318506,-0.6065919691536332,51.121674059871744,9.465600232984244,False,False,False,False,False,0.0,0.0,0.0,0.0,0.0,0,0.9240336134453776,1.0618487394957983,False,False,False,False,-0.18026808442669387,-0.1399262643195071,False,False,False,False,137.0,-28.823328007483948,False,False,False,False,16.697621623428297,False,False,False,False
2025-07-08 17:00:00+00:00,37.42,37.42,37.42,37.42,0.0,,,,,,,,,,,,,,,,,,,,,,,,,,,,,,,,,,,37.71333333333333,37.48833918128655,37.52237941628264,37.52237941628264,37.52266574585635,37.52437838608497,37.547471988795515,37.547471988795515,37.547471988795515,37.547471988795515,37.547471988795515,37.547471988795515,37.55012262742589,37.57557761732852,37.673432221741024,37.75183903769841,37.755374374007566,37.651791037260814,37.65595694735789,37.371192104192104,37.371192104192104,37.371192104192104,37.371192104192104,37.34547988231553,37.33963802516023,37.313553053405286,37.31174361378019,37.112851786502006,37.112851786502006,37.112851786502006,37.112851786502006,37.112851786502006,37.112851786502006,36.70488350743908,36.62654147535969,36.45655744267172,36.45753501400563,36.527092161016974,36.52707494830285,36.414780139970965,36.414780139970965,36.414780139970965,36.441692236450045,36.441692236450045,36.441692236450045,36.441692236450045,36.441692236450045,36.441692236450045,36.49693628018207,36.49693628018207,36.49693628018207,36.49693628018207,36.49693628018207,36.49693628018207,36.66173159711103,36.66173159711103,36.755888459260795,,,,,,,,,,,,,,,,,,,,,,,,,,,,,37.57895330112722,37.48833918128655,37.47590886577514,37.47590886577514,37.47579129574679,37.52261740132526,37.5224453080023,37.5473767811259,37.5473767811259,37.5473767811259,37.55004596963866,37.55004596963866,37.55004596963866,37.55004596963866,37.55004596963866,37.549973290598295,37.5536743772242,37.5536743772242,37.5536743772242,37.553686030428764,37.67597072750755,37.685152396338175,37.57118048175699,37.53634454877412,37.530455925733115,37.328391184573015,37.328391184573015,37.328391184573015,37.327813188542656,37.14752283359325,37.14752283359325,37.14752283359325,37.14752283359325,37.14752283359325,37.14752283359325,37.14752283359325,37.145723298448765,36.89704930926004,36.453603643179314,36.453603643179314,37.685152396338175,37.14752283359325,,37.71333333333333,36.45655744267172,37.53449150395855,37.54784443773676,"rgba(239, 83, 80, 1.0)",0.18148233478136622,37.530507750318506,-0.608917393814854,49.02388162027452,7.571250413690805,False,True,False,True,False,0.0,0.0,0.0,0.0,0.0,0,0.8705882352941171,1.0615126050420172,False,False,False,False,-0.16084661603780437,-0.15038644017865574,False,False,False,False,137.0,-26.252423697290396,False,False,False,False,16.4387437688015,False,False,False,False
2025-07-08 18:00:00+00:00,37.42,37.42,37.42,37.42,0.0,,,,,,,,,,,,,,,,,,,,,,,,,,,,,,,,,,,37.71333333333333,37.48833918128655,37.52237941628264,37.52237941628264,37.52266574585635,37.52437838608497,37.547471988795515,37.547471988795515,37.547471988795515,37.547471988795515,37.547471988795515,37.547471988795515,37.55012262742589,37.57557761732852,37.673432221741024,37.75183903769841,37.755374374007566,37.651791037260814,37.65595694735789,37.371192104192104,37.371192104192104,37.371192104192104,37.371192104192104,37.34547988231553,37.33963802516023,37.313553053405286,37.31174361378019,37.112851786502006,37.112851786502006,37.112851786502006,37.112851786502006,37.112851786502006,37.112851786502006,36.70488350743908,36.62654147535969,36.45655744267172,36.45753501400563,36.527092161016974,36.52707494830285,36.414780139970965,36.414780139970965,36.414780139970965,36.441692236450045,36.441692236450045,36.441692236450045,36.441692236450045,36.441692236450045,36.441692236450045,36.49693628018207,36.49693628018207,36.49693628018207,36.49693628018207,36.49693628018207,36.49693628018207,36.66173159711103,36.66173159711103,36.755888459260795,,,,,,,,,,,,,,,,,,,,,,,,,,,,,37.57895330112722,37.48833918128655,37.47590886577514,37.47590886577514,37.47579129574679,37.52261740132526,37.5224453080023,37.5473767811259,37.5473767811259,37.5473767811259,37.55004596963866,37.55004596963866,37.55004596963866,37.55004596963866,37.55004596963866,37.549973290598295,37.5536743772242,37.5536743772242,37.5536743772242,37.553686030428764,37.67597072750755,37.685152396338175,37.57118048175699,37.53634454877412,37.530455925733115,37.328391184573015,37.328391184573015,37.328391184573015,37.327813188542656,37.14752283359325,37.14752283359325,37.14752283359325,37.14752283359325,37.14752283359325,37.14752283359325,37.14752283359325,37.145723298448765,36.89704930926004,36.453603643179314,36.453603643179314,37.685152396338175,37.14752283359325,,37.71333333333333,36.45655744267172,37.53449150395855,37.54784443773676,"rgba(239, 83, 80, 1.0)",0.18077904486671298,37.530507750318506,-0.6112862826550548,47.62535332720971,6.100883475190244,False,True,False,True,False,0.0,0.0,0.0,0.0,0.0,0,0.9005563282336575,1.0636300417246178,False,False,False,False,-0.16084661603780437,-0.15561652810823007,False,False,False,False,137.0,-23.721378368650235,False,False,False,False,16.18387952432396,False,False,False,False
2025-07-08 19:00:00+00:00,37.42,37.485,37.42,37.485,2.0,,,,,,,,,,,,,,,,,,,,,,,,,,,,,,,,,,,37.54666666666666,37.48825174825175,37.52227077583563,37.52227077583563,37.52255667892157,37.524274124679756,37.54735431235431,37.54735431235431,37.54735431235431,37.54735431235431,37.54735431235431,37.54735431235431,37.55001171458999,37.57546196118839,37.67325039665369,37.75162453531598,37.7551605028683,37.651677234299505,37.655841569332125,37.37123708404524,37.37123708404524,37.37123708404524,37.37123708404524,37.3455360832936,37.33969671807039,37.313623290347806,37.3118146326228,37.113006319811895,37.113006319811895,37.113006319811895,37.113006319811895,37.113006319811895,37.113006319811895,36.705171508132416,36.626848724068324,36.456902761104466,36.45787987885024,36.527375441250655,36.52735819089399,36.41505698569859,36.41505698569859,36.41505698569859,36.44193900966186,36.44193900966186,36.44193900966186,36.44193900966186,36.44193900966186,36.44193900966186,36.49715987968535,36.49715987968535,36.49715987968535,36.49715987968535,36.49715987968535,36.49715987968535,36.661902678476146,36.661902678476146,36.75603629018214,,,,,,,,,,,,,,,,,,,,,,,,,,,,,37.577846889952156,37.48825174825175,37.47587160493827,37.47587160493827,37.475754437869824,37.52251509922346,37.52234339080459,37.54725915558665,37.54725915558665,37.54725915558665,37.54993487080931,37.54993487080931,37.54993487080931,37.54993487080931,37.54993487080931,37.549862355953906,37.55356733807267,37.55356733807267,37.55356733807267,37.553579040852576,37.67578781362008,37.685009148638464,37.57112320764737,37.53630648244699,37.530421002428014,37.32845488159863,37.32845488159863,37.32845488159863,37.3278771433066,37.14766347509837,37.14766347509837,37.14766347509837,37.14766347509837,37.14766347509837,37.14766347509837,37.14766347509837,37.14586467838862,36.89728158326499,36.453958369928,36.453958369928,37.685009148638464,37.14766347509837,,37.54666666666666,36.456902761104466,37.5277450278444,37.54770790650361,#000000,0.18074899224630867,37.51354343224152,-0.1579175180275608,49.758316092549194,6.100883475190244,False,False,False,False,False,0.0,0.0,0.0,0.0,0.0,0,0.9010038075458633,1.024575977847006,False,False,False,False,-0.13985208004430405,-0.14773430407626706,False,False,False,False,139.0,-21.19856630091922,False,False,False,False,15.963974415419711,False,False,False,False
2025-07-09 14:00:00+00:00,37.485,37.485,37.485,37.485,0.0,,,,,,,,,,,,,,,,,,,,,,,,,,,,,,,,,,,37.54666666666666,37.48825174825175,37.52227077583563,37.52227077583563,37.52255667892157,37.524274124679756,37.54735431235431,37.54735431235431,37.54735431235431,37.54735431235431,37.54735431235431,37.54735431235431,37.55001171458999,37.57546196118839,37.67325039665369,37.75162453531598,37.7551605028683,37.651677234299505,37.655841569332125,37.37123708404524,37.37123708404524,37.37123708404524,37.37123708404524,37.3455360832936,37.33969671807039,37.313623290347806,37.3118146326228,37.113006319811895,37.113006319811895,37.113006319811895,37.113006319811895,37.113006319811895,37.113006319811895,36.705171508132416,36.626848724068324,36.456902761104466,36.45787987885024,36.527375441250655,36.52735819089399,36.41505698569859,36.41505698569859,36.41505698569859,36.44193900966186,36.44193900966186,36.44193900966186,36.44193900966186,36.44193900966186,36.44193900966186,36.49715987968535,36.49715987968535,36.49715987968535,36.49715987968535,36.49715987968535,36.49715987968535,36.661902678476146,36.661902678476146,36.75603629018214,,,,,,,,,,,,,,,,,,,,,,,,,,,,,37.577846889952156,37.48825174825175,37.47587160493827,37.47587160493827,37.475754437869824,37.52251509922346,37.52234339080459,37.54725915558665,37.54725915558665,37.54725915558665,37.54993487080931,37.54993487080931,37.54993487080931,37.54993487080931,37.54993487080931,37.549862355953906,37.55356733807267,37.55356733807267,37.55356733807267,37.553579040852576,37.67578781362008,37.685009148638464,37.57112320764737,37.53630648244699,37.530421002428014,37.32845488159863,37.32845488159863,37.32845488159863,37.3278771433066,37.14766347509837,37.14766347509837,37.14766347509837,37.14766347509837,37.14766347509837,37.14766347509837,37.14766347509837,37.14586467838862,36.89728158326499,36.453958369928,36.453958369928,37.685009148638464,37.14766347509837,,37.54666666666666,36.456902761104466,37.5277450278444,37.54770790650361,#000000,0.1805535282857537,37.51354343224152,-0.1580884766557734,51.180291269442186,6.100883475190244,False,False,False,False,False,0.0,0.0,0.0,0.0,0.0,0,0.9055036344755966,1.024575977847006,False,False,False,False,-0.11897933908443246,-0.13335682158034975,False,False,False,False,139.0,-18.71486759857939,False,False,False,False,15.716470936110879,False,False,False,False
2025-07-09 15:00:00+00:00,37.485,37.485,37.485,37.485,0.0,,,,,,,,,,,,,,,,,,,,,,,,,,,,,,,,,,,37.54666666666666,37.48825174825175,37.52227077583563,37.52227077583563,37.52255667892157,37.524274124679756,37.54735431235431,37.54735431235431,37.54735431235431,37.54735431235431,37.54735431235431,37.54735431235431,37.55001171458999,37.57546196118839,37.67325039665369,37.75162453531598,37.7551605028683,37.651677234299505,37.655841569332125,37.37123708404524,37.37123708404524,37.37123708404524,37.37123708404524,37.3455360832936,37.33969671807039,37.313623290347806,37.3118146326228,37.113006319811895,37.113006319811895,37.113006319811895,37.113006319811895,37.113006319811895,37.113006319811895,36.705171508132416,36.626848724068324,36.456902761104466,36.45787987885024,36.527375441250655,36.52735819089399,36.41505698569859,36.41505698569859,36.41505698569859,36.44193900966186,36.44193900966186,36.44193900966186,36.44193900966186,36.44193900966186,36.44193900966186,36.49715987968535,36.49715987968535,36.49715987968535,36.49715987968535,36.49715987968535,36.49715987968535,36.661902678476146,36.661902678476146,36.75603629018214,,,,,,,,,,,,,,,,,,,,,,,,,,,,,37.577846889952156,37.48825174825175,37.47587160493827,37.47587160493827,37.475754437869824,37.52251509922346,37.52234339080459,37.54725915558665,37.54725915558665,37.54725915558665,37.54993487080931,37.54993487080931,37.54993487080931,37.54993487080931,37.54993487080931,37.549862355953906,37.55356733807267,37.55356733807267,37.55356733807267,37.553579040852576,37.67578781362008,37.685009148638464,37.57112320764737,37.53630648244699,37.530421002428014,37.32845488159863,37.32845488159863,37.32845488159863,37.3278771433066,37.14766347509837,37.14766347509837,37.14766347509837,37.14766347509837,37.14766347509837,37.14766347509837,37.14766347509837,37.14586467838862,36.89728158326499,36.453958369928,36.453958369928,37.685009148638464,37.14766347509837,,37.54666666666666,36.456902761104466,37.5277450278444,37.54770790650361,"rgba(38, 166, 154, 0.5)",0.18035582947352446,37.51354343224152,-0.15826176689071178,52.128274720704184,6.100883475190244,False,False,True,False,True,0.0,0.0,0.0,0.0,0.0,0,0.9105207969241519,1.0286613072352326,False,False,False,False,-0.11897933908443246,-0.1261680803323911,False,False,False,False,139.0,-16.269675852864978,False,False,False,False,15.472804720047144,False,False,False,False
2025-07-09 16:00:00+00:00,37.485,37.485,37.485,37.485,0.0,,,,,,,,,,,,,,,,,,,,,,,,,,,,,,,,,,,37.54666666666666,37.48825174825175,37.52227077583563,37.52227077583563,37.52255667892157,37.524274124679756,37.54735431235431,37.54735431235431,37.54735431235431,37.54735431235431,37.54735431235431,37.54735431235431,37.55001171458999,37.57546196118839,37.67325039665369,37.75162453531598,37.7551605028683,37.651677234299505,37.655841569332125,37.37123708404524,37.37123708404524,37.37123708404524,37.37123708404524,37.3455360832936,37.33969671807039,37.313623290347806,37.3118146326228,37.113006319811895,37.113006319811895,37.113006319811895,37.113006319811895,37.113006319811895,37.113006319811895,36.705171508132416,36.626848724068324,36.456902761104466,36.45787987885024,36.527375441250655,36.52735819089399,36.41505698569859,36.41505698569859,36.41505698569859,36.44193900966186,36.44193900966186,36.44193900966186,36.44193900966186,36.44193900966186,36.44193900966186,36.49715987968535,36.49715987968535,36.49715987968535,36.49715987968535,36.49715987968535,36.49715987968535,36.661902678476146,36.661902678476146,36.75603629018214,,,,,,,,,,,,,,,,,,,,,,,,,,,,,37.577846889952156,37.48825174825175,37.47587160493827,37.47587160493827,37.475754437869824,37.52251509922346,37.52234339080459,37.54725915558665,37.54725915558665,37.54725915558665,37.54993487080931,37.54993487080931,37.54993487080931,37.54993487080931,37.54993487080931,37.549862355953906,37.55356733807267,37.55356733807267,37.55356733807267,37.553579040852576,37.67578781362008,37.685009148638464,37.57112320764737,37.53630648244699,37.530421002428014,37.32845488159863,37.32845488159863,37.32845488159863,37.3278771433066,37.14766347509837,37.14766347509837,37.14766347509837,37.14766347509837,37.14766347509837,37.14766347509837,37.14766347509837,37.14586467838862,36.89728158326499,36.453958369928,36.453958369928,37.685009148638464,37.14766347509837,,37.54666666666666,36.456902761104466,37.5277450278444,37.54770790650361,"rgba(38, 166, 154, 0.5)",0.18015588845220096,37.51354343224152,-0.15843740932782804,52.76026368821218,6.100883475190244,False,False,True,False,True,0.0,0.0,0.0,0.0,0.0,0,0.9062957540263538,1.0688140556368964,False,False,False,False,-0.10476944112679627,-0.1154687607295937,False,False,False,False,139.0,-13.862394056696527,False,False,False,False,15.232916274775095,False,False,False,False
2025-07-09 17:00:00+00:00,37.485,37.485,37.485,37.485,0.0,,,,,,,,,,,,,,,,,,,,,,,,,,,,,,,,,,,37.54666666666666,37.48825174825175,37.52227077583563,37.52227077583563,37.52255667892157,37.524274124679756,37.54735431235431,37.54735431235431,37.54735431235431,37.54735431235431,37.54735431235431,37.54735431235431,37.55001171458999,37.57546196118839,37.67325039665369,37.75162453531598,37.7551605028683,37.651677234299505,37.655841569332125,37.37123708404524,37.37123708404524,37.37123708404524,37.37123708404524,37.3455360832936,37.33969671807039,37.313623290347806,37.3118146326228,37.113006319811895,37.113006319811895,37.113006319811895,37.113006319811895,37.113006319811895,37.113006319811895,36.705171508132416,36.626848724068324,36.456902761104466,36.45787987885024,36.527375441250655,36.52735819089399,36.41505698569859,36.41505698569859,36.41505698569859,36.44193900966186,36.44193900966186,36.44193900966186,36.44193900966186,36.44193900966186,36.44193900966186,36.49715987968535,36.49715987968535,36.49715987968535,36.49715987968535,36.49715987968535,36.49715987968535,36.661902678476146,36.661902678476146,36.75603629018214,,,,,,,,,,,,,,,,,,,,,,,,,,,,,37.577846889952156,37.48825174825175,37.47587160493827,37.47587160493827,37.475754437869824,37.52251509922346,37.52234339080459,37.54725915558665,37.54725915558665,37.54725915558665,37.54993487080931,37.54993487080931,37.54993487080931,37.54993487080931,37.54993487080931,37.549862355953906,37.55356733807267,37.55356733807267,37.55356733807267,37.553579040852576,37.67578781362008,37.685009148638464,37.57112320764737,37.53630648244699,37.530421002428014,37.32845488159863,37.32845488159863,37.32845488159863,37.3278771433066,37.14766347509837,37.14766347509837,37.14766347509837,37.14766347509837,37.14766347509837,37.14766347509837,37.14766347509837,37.14586467838862,36.89728158326499,36.453958369928,36.453958369928,37.685009148638464,37.14766347509837,,37.54666666666666,36.456902761104466,37.5277450278444,37.54770790650361,"rgba(38, 166, 154, 0.5)",0.17899312986927346,37.51354343224152,-0.15946663574387696,53.181589666550835,6.100883475190244,False,False,True,False,True,0.0,0.0,0.0,0.0,0.0,0,0.9062957540263538,1.0402635431918013,False,False,False,False,-0.10476944112679627,-0.11011910092819499,False,False,False,False,139.0,-11.492434458918286,False,False,False,False,14.996747030204938,False,False,False,False
2025-07-09 18:00:00+00:00,37.485,37.485,37.47,37.47,233.0,,,,,,,,,,,,,,,,,,,,,,,,,,,,,,,,,,,37.47591101694915,37.48441614906832,37.513926767676764,37.513926767676764,37.51416855917234,37.51609686609686,37.53721687712968,37.53721687712968,37.53721687712968,37.53721687712968,37.53721687712968,37.53721687712968,37.54029106414534,37.564694878871514,37.65509302935011,37.729574067738625,37.733137089518664,37.640064880112824,37.644045352743554,37.37682063125481,37.37682063125481,37.37682063125481,37.37682063125481,37.35234997364657,37.34678432254197,37.321982733066555,37.32026025470162,37.13069231844553,37.13069231844553,37.13069231844553,37.13069231844553,37.13069231844553,37.13069231844553,36.737784242424254,36.661640845070444,36.496021602902395,36.49694829102101,36.55964148278048,36.55962010520167,36.44668694501368,36.44668694501368,36.44668694501368,36.47021379067311,36.47021379067311,36.47021379067311,36.47021379067311,36.47021379067311,36.47021379067311,36.522825842063774,36.522825842063774,36.522825842063774,36.522825842063774,36.522825842063774,36.522825842063774,36.68162900874635,36.68162900874635,36.77312304501563,,,,,,,,,,,,,,,,,,,,,,,,,,,,,37.523631221719455,37.48441614906832,37.47564794419971,37.47564794419971,37.47556105610561,37.51456178160919,37.51442450346972,37.53712896109105,37.53712896109105,37.53712896109105,37.54020252694166,37.54020252694166,37.54020252694166,37.54020252694166,37.54020252694166,37.54014484679666,37.544037827520384,37.544037827520384,37.544037827520384,37.54405306971904,37.65749869689863,37.670314814814816,37.565522630657654,37.53279593675759,37.52725369961572,37.33609358687548,37.33609358687548,37.33609358687548,37.3355442481175,37.163808566186866,37.163808566186866,37.163808566186866,37.163808566186866,37.163808566186866,37.163808566186866,37.163808566186866,37.162091620821,36.9236288901938,36.49410394870066,36.49410394870066,37.670314814814816,37.163808566186866,,37.47591101694915,36.496021602902395,37.51820258292427,37.537839491846974,"rgba(38, 166, 154, 0.5)",0.17782008317915154,37.49926809240592,-0.16459385173289998,52.295173115623754,6.100883475190244,False,False,True,False,True,0.0,0.0,0.0,0.0,0.0,0,0.9497506712696581,1.0421940928270046,False,False,False,False,-0.10987887552536825,-0.10999898822678161,False,False,False,False,-94.0,-12.771621521570715,False,False,False,False,18.376642425085482,False,False,False,False
2025-07-09 19:00:00+00:00,37.47,37.5,37.47,37.5,1.0,,,,,,,,,,,,,,,,,,,,,,,,,,,,,,,,,,,37.47597046413502,37.48442307692308,37.513908655059296,37.513908655059296,37.51415027735753,37.51607829181494,37.53718850160256,37.53718850160256,37.53718850160256,37.53718850160256,37.53718850160256,37.53718850160256,37.540263109134706,37.56466053639847,37.65502815979045,37.72949213406293,37.733055087127596,37.640022560631685,37.644002239014824,37.37684676364196,37.37684676364196,37.37684676364196,37.37684676364196,37.35238105992171,37.3468165130741,37.32202007853598,37.320297949515144,37.13076764500351,37.13076764500351,37.13076764500351,37.13076764500351,37.13076764500351,37.13076764500351,36.737920984063514,36.66178665727867,36.496185490519395,36.4971119718697,36.55977742061175,36.55975602629659,36.44682054893927,36.44682054893927,36.44682054893927,36.47033356824056,36.47033356824056,36.47033356824056,36.47033356824056,36.47033356824056,36.47033356824056,36.52293478260871,36.52293478260871,36.52293478260871,36.52293478260871,36.52293478260871,36.52293478260871,36.68171317022384,36.68171317022384,36.773196158422564,,,,,,,,,,,,,,,,,,,,,,,,,,,,,37.52355530474041,37.48442307692308,37.47566373303997,37.47566373303997,37.47557692307692,37.51454414931801,37.51440698230511,37.537100621367,37.537100621367,37.537100621367,37.54017455896008,37.54017455896008,37.54017455896008,37.54017455896008,37.54017455896008,37.540116926503345,37.54400971210545,37.54400971210545,37.54400971210545,37.54402496099844,37.657433242151896,37.67026068247773,37.56550374999999,37.53278542178541,37.5272445643289,37.336128010139426,37.336128010139426,37.336128010139426,37.335578786523556,37.16387760141095,37.16387760141095,37.16387760141095,37.16387760141095,37.16387760141095,37.16387760141095,37.16387760141095,37.16216099005713,36.923739726027414,36.49427197570442,36.49427197570442,37.67026068247773,37.16387760141095,,37.47597046413502,36.496185490519395,37.51818715534755,37.537816289836286,"rgba(38, 166, 154, 0.5)",0.17637363084519278,37.499263004300886,0.004178604792464675,53.80345383828928,6.100883475190244,False,False,True,False,True,0.0,0.0,0.0,0.0,0.0,0,0.9498660543436657,0.9919632606199773,False,False,False,False,-0.10476944112679627,-0.10738421467678894,False,False,False,False,-93.0,-14.01547235069365,False,False,False,False,18.107237116169426,False,False,False,False
2025-07-10 14:00:00+00:00,37.5,37.5,37.5,37.5,0.0,,,,,,,,,,,,,,,,,,,,,,,,,,,,,,,,,,,37.47597046413502,37.48442307692308,37.513908655059296,37.513908655059296,37.51415027735753,37.51607829181494,37.53718850160256,37.53718850160256,37.53718850160256,37.53718850160256,37.53718850160256,37.53718850160256,37.540263109134706,37.56466053639847,37.65502815979045,37.72949213406293,37.733055087127596,37.640022560631685,37.644002239014824,37.37684676364196,37.37684676364196,37.37684676364196,37.37684676364196,37.35238105992171,37.3468165130741,37.32202007853598,37.320297949515144,37.13076764500351,37.13076764500351,37.13076764500351,37.13076764500351,37.13076764500351,37.13076764500351,36.737920984063514,36.66178665727867,36.496185490519395,36.4971119718697,36.55977742061175,36.55975602629659,36.44682054893927,36.44682054893927,36.44682054893927,36.47033356824056,36.47033356824056,36.47033356824056,36.47033356824056,36.47033356824056,36.47033356824056,36.52293478260871,36.52293478260871,36.52293478260871,36.52293478260871,36.52293478260871,36.52293478260871,36.68171317022384,36.68171317022384,36.773196158422564,,,,,,,,,,,,,,,,,,,,,,,,,,,,,37.52355530474041,37.48442307692308,37.47566373303997,37.47566373303997,37.47557692307692,37.51454414931801,37.51440698230511,37.537100621367,37.537100621367,37.537100621367,37.54017455896008,37.54017455896008,37.54017455896008,37.54017455896008,37.54017455896008,37.540116926503345,37.54400971210545,37.54400971210545,37.54400971210545,37.54402496099844,37.657433242151896,37.67026068247773,37.56550374999999,37.53278542178541,37.5272445643289,37.336128010139426,37.336128010139426,37.336128010139426,37.335578786523556,37.16387760141095,37.16387760141095,37.16387760141095,37.16387760141095,37.16387760141095,37.16387760141095,37.16387760141095,37.16216099005713,36.923739726027414,36.49427197570442,36.49427197570442,37.67026068247773,37.16387760141095,,37.47597046413502,36.496185490519395,37.51818715534755,37.537816289836286,"rgba(38, 166, 154, 1.0)",0.1752964541760779,37.499263004300886,0.0042042818411708255,54.8089743200663,6.100883475190244,True,False,True,False,True,0.0,0.0,0.0,0.0,0.0,0,0.9521622655951009,0.9919632606199773,False,False,False,False,-0.09456663191989788,-0.10097542329834341,False,False,False,False,-93.0,-15.240038670837933,False,False,False,False,17.8265047577792,False,False,False,False
2025-07-10 15:00:00+00:00,37.5,37.55,37.5,37.55,1.0,,,,,,,,,,,,,,,,,,,,,,,,,,,,,,,,,,,37.476211484593826,37.48448368442792,37.51392334846192,37.51392334846192,37.51416477702191,37.51609056424845,37.53718618618618,37.53718618618618,37.53718618618618,37.53718618618618,37.53718618618618,37.53718618618618,37.540259259259265,37.564646139705886,37.65498036135115,37.72942507122507,37.732987750056196,37.63999248190958,37.64397127401603,37.376882887042164,37.376882887042164,37.376882887042164,37.376882887042164,37.352421916158654,37.3468584269663,37.322067037037044,37.320345248667856,37.13085202263678,37.13085202263678,37.13085202263678,37.13085202263678,37.13085202263678,37.13085202263678,36.73806555192053,36.661940044585265,36.49635646774373,36.497282740057145,36.55991964937913,36.5598982374136,36.44695966709349,36.44695966709349,36.44695966709349,36.470458406733236,36.470458406733236,36.470458406733236,36.470458406733236,36.470458406733236,36.470458406733236,36.5230485790442,36.5230485790442,36.5230485790442,36.5230485790442,36.5230485790442,36.5230485790442,36.6818018252481,36.6818018252481,36.77327367598068,,,,,,,,,,,,,,,,,,,,,,,,,,,,,37.52357732732733,37.48448368442792,37.475727106227104,37.475727106227104,37.47564032199049,37.514557627929214,37.51442054958183,37.53709835737179,37.53709835737179,37.53709835737179,37.54017074981441,37.54017074981441,37.54017074981441,37.54017074981441,37.54017074981441,37.54011315154888,37.54400416016641,37.54400416016641,37.54400416016641,37.54401940401941,37.65738476562502,37.670219587835135,37.565495709405965,37.53278555637434,37.52724605704011,37.336172107930835,37.336172107930835,37.336172107930835,37.335622997242716,37.16395577655524,37.16395577655524,37.16395577655524,37.16395577655524,37.16395577655524,37.16395577655524,37.16395577655524,37.162239495205874,36.92385899693473,36.49444725596043,36.49444725596043,37.670219587835135,37.16395577655524,,37.476211484593826,36.49635646774373,37.51819954212599,37.53782237028985,"rgba(38, 166, 154, 1.0)",0.1742416774541076,37.49914041143495,0.2918910636546302,58.52581137733467,3.4612211991653297,True,False,True,False,True,0.607646264841307,0.0,0.0,0.0,0.0,1,0.9512670565302139,1.0105263157894742,False,False,False,False,-0.07760442046059793,-0.08928992187947067,False,False,False,False,-92.0,-16.430115590669903,False,False,False,False,17.565628715022935,False,False,False,False
2025-07-10 16:00:00+00:00,37.55,37.55,37.55,37.55,0.0,,,,,,,,,,,,,,,,,,,,,,,,,,,,,,,,,,,37.476211484593826,37.48448368442792,37.51392334846192,37.51392334846192,37.51416477702191,37.51609056424845,37.53718618618618,37.53718618618618,37.53718618618618,37.53718618618618,37.53718618618618,37.53718618618618,37.540259259259265,37.564646139705886,37.65498036135115,37.72942507122507,37.732987750056196,37.63999248190958,37.64397127401603,37.376882887042164,37.376882887042164,37.376882887042164,37.376882887042164,37.352421916158654,37.3468584269663,37.322067037037044,37.320345248667856,37.13085202263678,37.13085202263678,37.13085202263678,37.13085202263678,37.13085202263678,37.13085202263678,36.73806555192053,36.661940044585265,36.49635646774373,36.497282740057145,36.55991964937913,36.5598982374136,36.44695966709349,36.44695966709349,36.44695966709349,36.470458406733236,36.470458406733236,36.470458406733236,36.470458406733236,36.470458406733236,36.470458406733236,36.5230485790442,36.5230485790442,36.5230485790442,36.5230485790442,36.5230485790442,36.5230485790442,36.6818018252481,36.6818018252481,36.77327367598068,,,,,,,,,,,,,,,,,,,,,,,,,,,,,37.52357732732733,37.48448368442792,37.475727106227104,37.475727106227104,37.47564032199049,37.514557627929214,37.51442054958183,37.53709835737179,37.53709835737179,37.53709835737179,37.54017074981441,37.54017074981441,37.54017074981441,37.54017074981441,37.54017074981441,37.54011315154888,37.54400416016641,37.54400416016641,37.54400416016641,37.54401940401941,37.65738476562502,37.670219587835135,37.565495709405965,37.53278555637434,37.52724605704011,37.336172107930835,37.336172107930835,37.336172107930835,37.335622997242716,37.16395577655524,37.16395577655524,37.16395577655524,37.16395577655524,37.16395577655524,37.16395577655524,37.16395577655524,37.162239495205874,36.92385899693473,36.49444725596043,36.49444725596043,37.670219587835135,37.16395577655524,,37.476211484593826,36.49635646774373,37.51819954212599,37.53782237028985,"rgba(38, 166, 154, 1.0)",0.17405213053566246,37.49914041143495,0.2922089399797699,61.00370274884691,5.950431065991616,True,False,True,False,True,0.607646264841307,0.0,0.0,0.0,0.0,0,0.936837975676735,1.0121616320125546,False,False,False,False,-0.06068666318550689,-0.07498829253248879,False,False,False,False,-92.0,-17.601741705543237,False,False,False,False,17.29329338610785,False,False,False,False
2025-07-10 17:00:00+00:00,37.55,37.55,37.55,37.55,0.0,,,,,,,,,,,,,,,,,,,,,,,,,,,,,,,,,,,37.476211484593826,37.48448368442792,37.51392334846192,37.51392334846192,37.51416477702191,37.51609056424845,37.53718618618618,37.53718618618618,37.53718618618618,37.53718618618618,37.53718618618618,37.53718618618618,37.540259259259265,37.564646139705886,37.65498036135115,37.72942507122507,37.732987750056196,37.63999248190958,37.64397127401603,37.376882887042164,37.376882887042164,37.376882887042164,37.376882887042164,37.352421916158654,37.3468584269663,37.322067037037044,37.320345248667856,37.13085202263678,37.13085202263678,37.13085202263678,37.13085202263678,37.13085202263678,37.13085202263678,36.73806555192053,36.661940044585265,36.49635646774373,36.497282740057145,36.55991964937913,36.5598982374136,36.44695966709349,36.44695966709349,36.44695966709349,36.470458406733236,36.470458406733236,36.470458406733236,36.470458406733236,36.470458406733236,36.470458406733236,36.5230485790442,36.5230485790442,36.5230485790442,36.5230485790442,36.5230485790442,36.5230485790442,36.6818018252481,36.6818018252481,36.77327367598068,,,,,,,,,,,,,,,,,,,,,,,,,,,,,37.52357732732733,37.48448368442792,37.475727106227104,37.475727106227104,37.47564032199049,37.514557627929214,37.51442054958183,37.53709835737179,37.53709835737179,37.53709835737179,37.54017074981441,37.54017074981441,37.54017074981441,37.54017074981441,37.54017074981441,37.54011315154888,37.54400416016641,37.54400416016641,37.54400416016641,37.54401940401941,37.65738476562502,37.670219587835135,37.565495709405965,37.53278555637434,37.52724605704011,37.336172107930835,37.336172107930835,37.336172107930835,37.335622997242716,37.16395577655524,37.16395577655524,37.16395577655524,37.16395577655524,37.16395577655524,37.16395577655524,37.16395577655524,37.162239495205874,36.92385899693473,36.49444725596043,36.49444725596043,37.670219587835135,37.16395577655524,,37.476211484593826,36.49635646774373,37.51819954212599,37.53782237028985,"rgba(38, 166, 154, 1.0)",0.17389154743727325,37.49914041143495,0.2924787852807665,62.65563032985508,7.646540593214169,True,False,True,False,True,0.6076462648413283,0.0,0.0,0.0,0.0,0,0.9305610043154169,1.0121616320125546,False,False,False,False,-0.06068666318550689,-0.06783747785899784,False,False,False,False,-92.0,-18.755203074449543,False,False,False,False,17.02518031035424,False,False,False,False
2025-07-10 18:00:00+00:00,37.55,37.55,37.55,37.55,0.0,,,,,,,,,,,,,,,,,,,,,,,,,,,,,,,,,,,37.476211484593826,37.48448368442792,37.51392334846192,37.51392334846192,37.51416477702191,37.51609056424845,37.53718618618618,37.53718618618618,37.53718618618618,37.53718618618618,37.53718618618618,37.53718618618618,37.540259259259265,37.564646139705886,37.65498036135115,37.72942507122507,37.732987750056196,37.63999248190958,37.64397127401603,37.376882887042164,37.376882887042164,37.376882887042164,37.376882887042164,37.352421916158654,37.3468584269663,37.322067037037044,37.320345248667856,37.13085202263678,37.13085202263678,37.13085202263678,37.13085202263678,37.13085202263678,37.13085202263678,36.73806555192053,36.661940044585265,36.49635646774373,36.497282740057145,36.55991964937913,36.5598982374136,36.44695966709349,36.44695966709349,36.44695966709349,36.470458406733236,36.470458406733236,36.470458406733236,36.470458406733236,36.470458406733236,36.470458406733236,36.5230485790442,36.5230485790442,36.5230485790442,36.5230485790442,36.5230485790442,36.5230485790442,36.6818018252481,36.6818018252481,36.77327367598068,,,,,,,,,,,,,,,,,,,,,,,,,,,,,37.52357732732733,37.48448368442792,37.475727106227104,37.475727106227104,37.47564032199049,37.514557627929214,37.51442054958183,37.53709835737179,37.53709835737179,37.53709835737179,37.54017074981441,37.54017074981441,37.54017074981441,37.54017074981441,37.54017074981441,37.54011315154888,37.54400416016641,37.54400416016641,37.54400416016641,37.54401940401941,37.65738476562502,37.670219587835135,37.565495709405965,37.53278555637434,37.52724605704011,37.336172107930835,37.336172107930835,37.336172107930835,37.335622997242716,37.16395577655524,37.16395577655524,37.16395577655524,37.16395577655524,37.16395577655524,37.16395577655524,37.16395577655524,37.162239495205874,36.92385899693473,36.49444725596043,36.49444725596043,37.670219587835135,37.16395577655524,,37.476211484593826,36.49635646774373,37.51819954212599,37.53782237028985,"rgba(38, 166, 154, 1.0)",0.17145592767529105,37.49914041143495,0.2966335970685484,63.75691538386052,8.866337176861904,True,False,True,False,True,0.6076462648413283,0.0,0.0,0.0,0.0,0,0.9305610043154169,1.0121616320125546,False,False,False,False,-0.06068666318550689,-0.06426207052225236,False,False,False,False,-92.0,-19.890781321357302,False,False,False,False,16.761224026472778,False,False,False,False
2025-07-10 19:00:00+00:00,37.55,37.55,37.53,37.54,229.0,,,,,,,,,,,,,,,,,,,,,,,,,,,,,,,,,,,37.50749107780156,37.49675514800515,37.51777347947561,37.51777347947561,37.517976804123705,37.51943934760448,37.537526399155226,37.537526399155226,37.537526399155226,37.537526399155226,37.537526399155226,37.537526399155226,37.54022999835716,37.562299376299386,37.64549189189191,37.715671633904044,37.71915545122587,37.633928319209026,37.63771057936715,37.385072717971205,37.385072717971205,37.385072717971205,37.385072717971205,37.361643766995854,37.35631117760206,37.332620356664556,37.330972955841965,37.149591000000015,37.149591000000015,37.149591000000015,37.149591000000015,37.149591000000015,37.149591000000015,36.770109346827205,36.69595725483564,36.5343222133969,36.53520274204649,36.59164687588354,36.59162167255597,36.47809615623835,36.47809615623835,36.47809615623835,36.4984690454407,36.4984690454407,36.4984690454407,36.4984690454407,36.4984690454407,36.4984690454407,36.54861751573709,36.54861751573709,36.54861751573709,36.54861751573709,36.54861751573709,36.54861751573709,36.70178427385188,36.70178427385188,36.79077047002158,,,,,,,,,,,,,,,,,,,,,,,,,,,,,37.52916542842992,37.49675514800515,37.488649400058534,37.488649400058534,37.4885687134503,37.51814746354487,37.518027504105085,37.537449374889945,37.537449374889945,37.537449374889945,37.540151440329225,37.540151440329225,37.540151440329225,37.540151440329225,37.540151440329225,37.54010036196118,37.543578066914506,37.543578066914506,37.543578066914506,37.54359188728906,37.64774650412336,37.661845455396424,37.56411544523245,37.53316976744185,37.52792401733208,37.346101184145226,37.346101184145226,37.346101184145226,37.34557670494825,37.18133501513624,37.18133501513624,37.18133501513624,37.18133501513624,37.18133501513624,37.18133501513624,37.18133501513624,37.17969100934706,36.950281523096145,36.53333495750096,36.53333495750096,37.661845455396424,37.18133501513624,,37.50749107780156,36.5343222133969,37.52060403192618,37.53961184093953,"rgba(38, 166, 154, 1.0)",0.16890420548491517,37.51055416369739,0.17433453606480195,63.09492480471006,8.866337176861904,True,False,True,False,True,0.3886377605103597,0.0,0.0,0.0,0.0,0,0.9291030160595372,1.0121425773599693,False,False,False,False,-0.06744906350880409,-0.06585556701552822,False,False,False,False,-321.0,-24.55914130087114,False,False,False,False,20.051747684977077,False,False,False,False
2025-07-11 14:00:00+00:00,37.54,37.54,37.54,37.54,0.0,,,,,,,,,,,,,,,,,,,,,,,,,,,,,,,,,,,37.50749107780156,37.49675514800515,37.51777347947561,37.51777347947561,37.517976804123705,37.51943934760448,37.537526399155226,37.537526399155226,37.537526399155226,37.537526399155226,37.537526399155226,37.537526399155226,37.54022999835716,37.562299376299386,37.64549189189191,37.715671633904044,37.71915545122587,37.633928319209026,37.63771057936715,37.385072717971205,37.385072717971205,37.385072717971205,37.385072717971205,37.361643766995854,37.35631117760206,37.332620356664556,37.330972955841965,37.149591000000015,37.149591000000015,37.149591000000015,37.149591000000015,37.149591000000015,37.149591000000015,36.770109346827205,36.69595725483564,36.5343222133969,36.53520274204649,36.59164687588354,36.59162167255597,36.47809615623835,36.47809615623835,36.47809615623835,36.4984690454407,36.4984690454407,36.4984690454407,36.4984690454407,36.4984690454407,36.4984690454407,36.54861751573709,36.54861751573709,36.54861751573709,36.54861751573709,36.54861751573709,36.54861751573709,36.70178427385188,36.70178427385188,36.79077047002158,,,,,,,,,,,,,,,,,,,,,,,,,,,,,37.52916542842992,37.49675514800515,37.488649400058534,37.488649400058534,37.4885687134503,37.51814746354487,37.518027504105085,37.537449374889945,37.537449374889945,37.537449374889945,37.540151440329225,37.540151440329225,37.540151440329225,37.540151440329225,37.540151440329225,37.54010036196118,37.543578066914506,37.543578066914506,37.543578066914506,37.54359188728906,37.64774650412336,37.661845455396424,37.56411544523245,37.53316976744185,37.52792401733208,37.346101184145226,37.346101184145226,37.346101184145226,37.34557670494825,37.18133501513624,37.18133501513624,37.18133501513624,37.18133501513624,37.18133501513624,37.18133501513624,37.18133501513624,37.17969100934706,36.950281523096145,36.53333495750096,36.53333495750096,37.661845455396424,37.18133501513624,,37.50749107780156,36.5343222133969,37.52060403192618,37.53961184093953,"rgba(38, 166, 154, 1.0)",0.16721373278619342,37.51055416369739,0.17609699760878708,62.65359775194309,8.866337176861904,True,False,True,False,True,0.3886377605103597,0.0,0.0,0.0,0.0,0,0.9293885601577901,1.0201183431952665,False,False,False,False,-0.06744906350880409,-0.06665231526216615,False,False,False,False,-321.0,-29.155123606283986,False,False,False,False,19.740867875907664,False,False,False,False
2025-07-11 15:00:00+00:00,37.54,37.54,37.54,37.54,0.0,,,,,,,,,,,,,,,,,,,,,,,,,,,,,,,,,,,37.50749107780156,37.49675514800515,37.51777347947561,37.51777347947561,37.517976804123705,37.51943934760448,37.537526399155226,37.537526399155226,37.537526399155226,37.537526399155226,37.537526399155226,37.537526399155226,37.54022999835716,37.562299376299386,37.64549189189191,37.715671633904044,37.71915545122587,37.633928319209026,37.63771057936715,37.385072717971205,37.385072717971205,37.385072717971205,37.385072717971205,37.361643766995854,37.35631117760206,37.332620356664556,37.330972955841965,37.149591000000015,37.149591000000015,37.149591000000015,37.149591000000015,37.149591000000015,37.149591000000015,36.770109346827205,36.69595725483564,36.5343222133969,36.53520274204649,36.59164687588354,36.59162167255597,36.47809615623835,36.47809615623835,36.47809615623835,36.4984690454407,36.4984690454407,36.4984690454407,36.4984690454407,36.4984690454407,36.4984690454407,36.54861751573709,36.54861751573709,36.54861751573709,36.54861751573709,36.54861751573709,36.54861751573709,36.70178427385188,36.70178427385188,36.79077047002158,,,,,,,,,,,,,,,,,,,,,,,,,,,,,37.52916542842992,37.49675514800515,37.488649400058534,37.488649400058534,37.4885687134503,37.51814746354487,37.518027504105085,37.537449374889945,37.537449374889945,37.537449374889945,37.540151440329225,37.540151440329225,37.540151440329225,37.540151440329225,37.540151440329225,37.54010036196118,37.543578066914506,37.543578066914506,37.543578066914506,37.54359188728906,37.64774650412336,37.661845455396424,37.56411544523245,37.53316976744185,37.52792401733208,37.346101184145226,37.346101184145226,37.346101184145226,37.34557670494825,37.18133501513624,37.18133501513624,37.18133501513624,37.18133501513624,37.18133501513624,37.18133501513624,37.18133501513624,37.17969100934706,36.950281523096145,36.53333495750096,36.53333495750096,37.661845455396424,37.18133501513624,,37.50749107780156,36.5343222133969,37.52060403192618,37.53961184093953,"rgba(38, 166, 154, 1.0)",0.16220668607942626,37.51055416369739,0.18153281479524336,62.359379716765105,8.866337176861904,True,False,True,False,True,0.3886377605103597,0.0,0.0,0.0,0.0,0,0.9507930052867011,1.0207401382675887,False,False,False,False,-0.06744906350880409,-0.06705068938548511,False,False,False,False,-321.0,-33.67985037207803,False,False,False,False,19.43480790883933,False,False,False,False
2025-07-11 16:00:00+00:00,37.54,37.54,37.54,37.54,0.0,,,,,,,,,,,,,,,,,,,,,,,,,,,,,,,,,,,37.50749107780156,37.49675514800515,37.51777347947561,37.51777347947561,37.517976804123705,37.51943934760448,37.537526399155226,37.537526399155226,37.537526399155226,37.537526399155226,37.537526399155226,37.537526399155226,37.54022999835716,37.562299376299386,37.64549189189191,37.715671633904044,37.71915545122587,37.633928319209026,37.63771057936715,37.385072717971205,37.385072717971205,37.385072717971205,37.385072717971205,37.361643766995854,37.35631117760206,37.332620356664556,37.330972955841965,37.149591000000015,37.149591000000015,37.149591000000015,37.149591000000015,37.149591000000015,37.149591000000015,36.770109346827205,36.69595725483564,36.5343222133969,36.53520274204649,36.59164687588354,36.59162167255597,36.47809615623835,36.47809615623835,36.47809615623835,36.4984690454407,36.4984690454407,36.4984690454407,36.4984690454407,36.4984690454407,36.4984690454407,36.54861751573709,36.54861751573709,36.54861751573709,36.54861751573709,36.54861751573709,36.54861751573709,36.70178427385188,36.70178427385188,36.79077047002158,,,,,,,,,,,,,,,,,,,,,,,,,,,,,37.52916542842992,37.49675514800515,37.488649400058534,37.488649400058534,37.4885687134503,37.51814746354487,37.518027504105085,37.537449374889945,37.537449374889945,37.537449374889945,37.540151440329225,37.540151440329225,37.540151440329225,37.540151440329225,37.540151440329225,37.54010036196118,37.543578066914506,37.543578066914506,37.543578066914506,37.54359188728906,37.64774650412336,37.661845455396424,37.56411544523245,37.53316976744185,37.52792401733208,37.346101184145226,37.346101184145226,37.346101184145226,37.34557670494825,37.18133501513624,37.18133501513624,37.18133501513624,37.18133501513624,37.18133501513624,37.18133501513624,37.18133501513624,37.17969100934706,36.950281523096145,36.53333495750096,36.53333495750096,37.661845455396424,37.18133501513624,,37.50749107780156,36.5343222133969,37.52060403192618,37.53961184093953,"rgba(38, 166, 154, 1.0)",0.16211657467280866,37.51055416369739,0.18163371858821745,62.16323435997978,8.866337176861904,True,False,True,False,True,0.3886377605103597,0.0,0.0,0.0,0.0,0,0.9468841488916767,1.0204935173567549,False,False,False,False,-0.06744906350880409,-0.0672498764471446,False,False,False,False,-321.0,-38.134426335301626,False,False,False,False,19.133493057539493,False,False,False,False
2025-07-11 17:00:00+00:00,37.54,37.54,37.54,37.54,0.0,,,,,,,,,,,,,,,,,,,,,,,,,,,,,,,,,,,37.50749107780156,37.49675514800515,37.51777347947561,37.51777347947561,37.517976804123705,37.51943934760448,37.537526399155226,37.537526399155226,37.537526399155226,37.537526399155226,37.537526399155226,37.537526399155226,37.54022999835716,37.562299376299386,37.64549189189191,37.715671633904044,37.71915545122587,37.633928319209026,37.63771057936715,37.385072717971205,37.385072717971205,37.385072717971205,37.385072717971205,37.361643766995854,37.35631117760206,37.332620356664556,37.330972955841965,37.149591000000015,37.149591000000015,37.149591000000015,37.149591000000015,37.149591000000015,37.149591000000015,36.770109346827205,36.69595725483564,36.5343222133969,36.53520274204649,36.59164687588354,36.59162167255597,36.47809615623835,36.47809615623835,36.47809615623835,36.4984690454407,36.4984690454407,36.4984690454407,36.4984690454407,36.4984690454407,36.4984690454407,36.54861751573709,36.54861751573709,36.54861751573709,36.54861751573709,36.54861751573709,36.54861751573709,36.70178427385188,36.70178427385188,36.79077047002158,,,,,,,,,,,,,,,,,,,,,,,,,,,,,37.52916542842992,37.49675514800515,37.488649400058534,37.488649400058534,37.4885687134503,37.51814746354487,37.518027504105085,37.537449374889945,37.537449374889945,37.537449374889945,37.540151440329225,37.540151440329225,37.540151440329225,37.540151440329225,37.540151440329225,37.54010036196118,37.543578066914506,37.543578066914506,37.543578066914506,37.54359188728906,37.64774650412336,37.661845455396424,37.56411544523245,37.53316976744185,37.52792401733208,37.346101184145226,37.346101184145226,37.346101184145226,37.34557670494825,37.18133501513624,37.18133501513624,37.18133501513624,37.18133501513624,37.18133501513624,37.18133501513624,37.18133501513624,37.17969100934706,36.950281523096145,36.53333495750096,36.53333495750096,37.661845455396424,37.18133501513624,,37.50749107780156,36.5343222133969,37.52060403192618,37.53961184093953,"rgba(38, 166, 154, 1.0)",0.15651606715970207,37.51055416369739,0.188132993864211,62.03247078878957,8.866337176861904,True,False,True,False,True,0.3886377605103597,0.0,0.0,0.0,0.0,0,0.9259723964868253,1.012965286491008,False,False,False,False,-0.06744906350880409,-0.06734946997797434,False,False,False,False,-321.0,-42.51993910529695,False,False,False,False,18.836849754321825,False,False,False,False
2025-07-11 18:00:00+00:00,37.54,37.54,37.54,37.54,0.0,,,,,,,,,,,,,,,,,,,,,,,,,,,,,,,,,,,37.50749107780156,37.49675514800515,37.51777347947561,37.51777347947561,37.517976804123705,37.51943934760448,37.537526399155226,37.537526399155226,37.537526399155226,37.537526399155226,37.537526399155226,37.537526399155226,37.54022999835716,37.562299376299386,37.64549189189191,37.715671633904044,37.71915545122587,37.633928319209026,37.63771057936715,37.385072717971205,37.385072717971205,37.385072717971205,37.385072717971205,37.361643766995854,37.35631117760206,37.332620356664556,37.330972955841965,37.149591000000015,37.149591000000015,37.149591000000015,37.149591000000015,37.149591000000015,37.149591000000015,36.770109346827205,36.69595725483564,36.5343222133969,36.53520274204649,36.59164687588354,36.59162167255597,36.47809615623835,36.47809615623835,36.47809615623835,36.4984690454407,36.4984690454407,36.4984690454407,36.4984690454407,36.4984690454407,36.4984690454407,36.54861751573709,36.54861751573709,36.54861751573709,36.54861751573709,36.54861751573709,36.54861751573709,36.70178427385188,36.70178427385188,36.79077047002158,,,,,,,,,,,,,,,,,,,,,,,,,,,,,37.52916542842992,37.49675514800515,37.488649400058534,37.488649400058534,37.4885687134503,37.51814746354487,37.518027504105085,37.537449374889945,37.537449374889945,37.537449374889945,37.540151440329225,37.540151440329225,37.540151440329225,37.540151440329225,37.540151440329225,37.54010036196118,37.543578066914506,37.543578066914506,37.543578066914506,37.54359188728906,37.64774650412336,37.661845455396424,37.56411544523245,37.53316976744185,37.52792401733208,37.346101184145226,37.346101184145226,37.346101184145226,37.34557670494825,37.18133501513624,37.18133501513624,37.18133501513624,37.18133501513624,37.18133501513624,37.18133501513624,37.18133501513624,37.17969100934706,36.950281523096145,36.53333495750096,36.53333495750096,37.661845455396424,37.18133501513624,,37.50749107780156,36.5343222133969,37.52060403192618,37.53961184093953,"rgba(38, 166, 154, 1.0)",0.15641873231707482,37.51055416369739,0.1882500635724199,61.94529507466276,8.92584654671758,True,False,True,False,True,0.3886377605103597,0.0,0.0,0.0,0.0,0,0.9250952179432921,1.0249682606855692,False,False,False,False,-0.06744906350880409,-0.06739926674338921,False,False,False,False,-321.0,-46.83745942924583,False,False,False,False,18.54480557208428,False,False,False,False
2025-07-11 19:00:00+00:00,37.54,37.92,37.465,37.465,60.0,,,,,,,,,,,,,,,,,,,,,,,,,,,,,,,,,,37.616666666666674,37.51992093611637,37.50331964720195,37.521456652182906,37.521456652182906,37.521650124069474,37.52288102261553,37.53995649948823,37.53995649948823,37.53995649948823,37.53995649948823,37.53995649948823,37.53995649948823,37.54242540290411,37.56362271805275,37.64488183421518,37.71382337689276,37.71726625704045,37.63365832464371,37.63738372594701,37.388079780711244,37.388079780711244,37.388079780711244,37.388079780711244,37.364886957750464,37.359607512133366,37.33617909097237,37.334549342791576,37.15512944664033,37.15512944664033,37.15512944664033,37.15512944664033,37.15512944664033,37.15512944664033,36.77888044667013,36.70520906604144,36.54454104379756,36.54541004666773,36.600267731987685,36.60024153235228,36.48653105321646,36.48653105321646,36.48653105321646,36.506089656216886,36.506089656216886,36.506089656216886,36.506089656216886,36.506089656216886,36.506089656216886,36.555607366201286,36.555607366201286,36.555607366201286,36.555607366201286,36.555607366201286,36.555607366201286,36.70733181741619,36.70733181741619,36.7956792141324,,,,,,,,,,,,,,,,,,,,,,,,,,,,37.616666666666674,37.53632787630741,37.50331964720195,37.49505560189047,37.49505560189047,37.494973611111114,37.5216597346009,37.52154196357878,37.539883085850825,37.539883085850825,37.539883085850825,37.542353317346134,37.542353317346134,37.542353317346134,37.542353317346134,37.542353317346134,37.542302652604675,37.54556057866185,37.54556057866185,37.54556057866185,37.54557312848321,37.64709196209198,37.66109684249287,37.564850427350414,37.53431880733944,37.52914300976799,37.349510957081854,37.349510957081854,37.349510957081854,37.3489923701526,37.186543369890344,37.186543369890344,37.186543369890344,37.186543369890344,37.186543369890344,37.186543369890344,37.186543369890344,37.184916949039945,36.95768580246915,36.543790145300534,36.543790145300534,37.66109684249287,37.186543369890344,,37.51992093611637,36.54454104379756,37.533494336730264,37.54591728415516,#000000,0.15642976145903684,37.527088500472296,-0.39690976891600566,51.77261418131023,5.459935704425675,False,True,False,False,False,0.0,0.0,0.0,0.0,0.0,0,0.9216171617161715,0.9929867986798679,False,False,False,False,0.03537185023651921,-0.016013708253435,False,False,False,False,-381.0,-52.01827401173814,False,False,False,False,19.187521764765144,False,False,False,False
2025-07-14 14:00:00+00:00,37.465,37.465,37.465,37.465,0.0,,,,,,,,,,,,,,,,,,,,,,,,,,,,,,,,,,37.616666666666674,37.51992093611637,37.50331964720195,37.521456652182906,37.521456652182906,37.521650124069474,37.52288102261553,37.53995649948823,37.53995649948823,37.53995649948823,37.53995649948823,37.53995649948823,37.53995649948823,37.54242540290411,37.56362271805275,37.64488183421518,37.71382337689276,37.71726625704045,37.63365832464371,37.63738372594701,37.388079780711244,37.388079780711244,37.388079780711244,37.388079780711244,37.364886957750464,37.359607512133366,37.33617909097237,37.334549342791576,37.15512944664033,37.15512944664033,37.15512944664033,37.15512944664033,37.15512944664033,37.15512944664033,36.77888044667013,36.70520906604144,36.54454104379756,36.54541004666773,36.600267731987685,36.60024153235228,36.48653105321646,36.48653105321646,36.48653105321646,36.506089656216886,36.506089656216886,36.506089656216886,36.506089656216886,36.506089656216886,36.506089656216886,36.555607366201286,36.555607366201286,36.555607366201286,36.555607366201286,36.555607366201286,36.555607366201286,36.70733181741619,36.70733181741619,36.7956792141324,,,,,,,,,,,,,,,,,,,,,,,,,,,,37.616666666666674,37.53632787630741,37.50331964720195,37.49505560189047,37.49505560189047,37.494973611111114,37.5216597346009,37.52154196357878,37.539883085850825,37.539883085850825,37.539883085850825,37.542353317346134,37.542353317346134,37.542353317346134,37.542353317346134,37.542353317346134,37.542302652604675,37.54556057866185,37.54556057866185,37.54556057866185,37.54557312848321,37.64709196209198,37.66109684249287,37.564850427350414,37.53431880733944,37.52914300976799,37.349510957081854,37.349510957081854,37.349510957081854,37.3489923701526,37.186543369890344,37.186543369890344,37.186543369890344,37.186543369890344,37.186543369890344,37.186543369890344,37.186543369890344,37.184916949039945,36.95768580246915,36.543790145300534,36.543790145300534,37.66109684249287,37.186543369890344,,37.51992093611637,36.54454104379756,37.533494336730264,37.54591728415516,"rgba(239, 83, 80, 1.0)",0.1564407610297668,37.527088500472296,-0.3968818616299002,44.99082691907522,-0.36372697560148737,False,True,False,True,False,0.0,0.0,0.0,0.0,0.0,0,0.9216171617161715,1.018151815181518,False,False,False,False,-0.11840744890823589,-0.06721057858083544,False,False,False,False,-381.0,-57.11876588752515,False,False,False,False,18.890040807171886,False,False,False,False
2025-07-14 15:00:00+00:00,37.465,37.465,37.465,37.465,0.0,,,,,,,,,,,,,,,,,,,,,,,,,,,,,,,,,,37.616666666666674,37.51992093611637,37.50331964720195,37.521456652182906,37.521456652182906,37.521650124069474,37.52288102261553,37.53995649948823,37.53995649948823,37.53995649948823,37.53995649948823,37.53995649948823,37.53995649948823,37.54242540290411,37.56362271805275,37.64488183421518,37.71382337689276,37.71726625704045,37.63365832464371,37.63738372594701,37.388079780711244,37.388079780711244,37.388079780711244,37.388079780711244,37.364886957750464,37.359607512133366,37.33617909097237,37.334549342791576,37.15512944664033,37.15512944664033,37.15512944664033,37.15512944664033,37.15512944664033,37.15512944664033,36.77888044667013,36.70520906604144,36.54454104379756,36.54541004666773,36.600267731987685,36.60024153235228,36.48653105321646,36.48653105321646,36.48653105321646,36.506089656216886,36.506089656216886,36.506089656216886,36.506089656216886,36.506089656216886,36.506089656216886,36.555607366201286,36.555607366201286,36.555607366201286,36.555607366201286,36.555607366201286,36.555607366201286,36.70733181741619,36.70733181741619,36.7956792141324,,,,,,,,,,,,,,,,,,,,,,,,,,,,37.616666666666674,37.53632787630741,37.50331964720195,37.49505560189047,37.49505560189047,37.494973611111114,37.5216597346009,37.52154196357878,37.539883085850825,37.539883085850825,37.539883085850825,37.542353317346134,37.542353317346134,37.542353317346134,37.542353317346134,37.542353317346134,37.542302652604675,37.54556057866185,37.54556057866185,37.54556057866185,37.54557312848321,37.64709196209198,37.66109684249287,37.564850427350414,37.53431880733944,37.52914300976799,37.349510957081854,37.349510957081854,37.349510957081854,37.3489923701526,37.186543369890344,37.186543369890344,37.186543369890344,37.186543369890344,37.186543369890344,37.186543369890344,37.186543369890344,37.184916949039945,36.95768580246915,36.543790145300534,36.543790145300534,37.66109684249287,37.186543369890344,,37.51992093611637,36.54454104379756,37.533494336730264,37.54591728415516,"rgba(239, 83, 80, 1.0)",0.1538778912165941,37.527088500472296,-0.40349201552871694,40.469635410918535,-4.0054174445424096,False,True,False,True,False,0.0,0.0,0.0,0.0,0.0,0,0.9304456476468138,1.0183256976259891,False,False,False,False,-0.11840744890823589,-0.09280901374453566,False,False,False,False,-381.0,-62.1401803698891,False,False,False,False,18.59717195744829,False,False,False,False
2025-07-14 16:00:00+00:00,37.465,37.465,37.465,37.465,0.0,,,,,,,,,,,,,,,,,,,,,,,,,,,,,,,,,,37.616666666666674,37.51992093611637,37.50331964720195,37.521456652182906,37.521456652182906,37.521650124069474,37.52288102261553,37.53995649948823,37.53995649948823,37.53995649948823,37.53995649948823,37.53995649948823,37.53995649948823,37.54242540290411,37.56362271805275,37.64488183421518,37.71382337689276,37.71726625704045,37.63365832464371,37.63738372594701,37.388079780711244,37.388079780711244,37.388079780711244,37.388079780711244,37.364886957750464,37.359607512133366,37.33617909097237,37.334549342791576,37.15512944664033,37.15512944664033,37.15512944664033,37.15512944664033,37.15512944664033,37.15512944664033,36.77888044667013,36.70520906604144,36.54454104379756,36.54541004666773,36.600267731987685,36.60024153235228,36.48653105321646,36.48653105321646,36.48653105321646,36.506089656216886,36.506089656216886,36.506089656216886,36.506089656216886,36.506089656216886,36.506089656216886,36.555607366201286,36.555607366201286,36.555607366201286,36.555607366201286,36.555607366201286,36.555607366201286,36.70733181741619,36.70733181741619,36.7956792141324,,,,,,,,,,,,,,,,,,,,,,,,,,,,37.616666666666674,37.53632787630741,37.50331964720195,37.49505560189047,37.49505560189047,37.494973611111114,37.5216597346009,37.52154196357878,37.539883085850825,37.539883085850825,37.539883085850825,37.542353317346134,37.542353317346134,37.542353317346134,37.542353317346134,37.542353317346134,37.542302652604675,37.54556057866185,37.54556057866185,37.54556057866185,37.54557312848321,37.64709196209198,37.66109684249287,37.564850427350414,37.53431880733944,37.52914300976799,37.349510957081854,37.349510957081854,37.349510957081854,37.3489923701526,37.186543369890344,37.186543369890344,37.186543369890344,37.186543369890344,37.186543369890344,37.186543369890344,37.186543369890344,37.184916949039945,36.95768580246915,36.543790145300534,36.543790145300534,37.66109684249287,37.186543369890344,,37.51992093611637,36.54454104379756,37.533494336730264,37.54591728415516,"rgba(239, 83, 80, 1.0)",0.15383046125742292,37.527088500472296,-0.40361642268231956,37.45550773881408,-6.376249570119896,False,True,False,True,False,0.0,0.0,0.0,0.0,0.0,0,0.9258642232403159,1.0133277800916287,False,False,False,False,-0.11840744890823589,-0.10560823132638578,False,False,False,False,-381.0,-67.08374346492957,False,False,False,False,18.308843710045988,False,False,False,False
2025-07-14 17:00:00+00:00,37.465,37.465,37.465,37.465,0.0,,,,,,,,,,,,,,,,,,,,,,,,,,,,,,,,,,37.616666666666674,37.51992093611637,37.50331964720195,37.521456652182906,37.521456652182906,37.521650124069474,37.52288102261553,37.53995649948823,37.53995649948823,37.53995649948823,37.53995649948823,37.53995649948823,37.53995649948823,37.54242540290411,37.56362271805275,37.64488183421518,37.71382337689276,37.71726625704045,37.63365832464371,37.63738372594701,37.388079780711244,37.388079780711244,37.388079780711244,37.388079780711244,37.364886957750464,37.359607512133366,37.33617909097237,37.334549342791576,37.15512944664033,37.15512944664033,37.15512944664033,37.15512944664033,37.15512944664033,37.15512944664033,36.77888044667013,36.70520906604144,36.54454104379756,36.54541004666773,36.600267731987685,36.60024153235228,36.48653105321646,36.48653105321646,36.48653105321646,36.506089656216886,36.506089656216886,36.506089656216886,36.506089656216886,36.506089656216886,36.506089656216886,36.555607366201286,36.555607366201286,36.555607366201286,36.555607366201286,36.555607366201286,36.555607366201286,36.70733181741619,36.70733181741619,36.7956792141324,,,,,,,,,,,,,,,,,,,,,,,,,,,,37.616666666666674,37.53632787630741,37.50331964720195,37.49505560189047,37.49505560189047,37.494973611111114,37.5216597346009,37.52154196357878,37.539883085850825,37.539883085850825,37.539883085850825,37.542353317346134,37.542353317346134,37.542353317346134,37.542353317346134,37.542353317346134,37.542302652604675,37.54556057866185,37.54556057866185,37.54556057866185,37.54557312848321,37.64709196209198,37.66109684249287,37.564850427350414,37.53431880733944,37.52914300976799,37.349510957081854,37.349510957081854,37.349510957081854,37.3489923701526,37.186543369890344,37.186543369890344,37.186543369890344,37.186543369890344,37.186543369890344,37.186543369890344,37.186543369890344,37.184916949039945,36.95768580246915,36.543790145300534,36.543790145300534,37.66109684249287,37.186543369890344,,37.51992093611637,36.54454104379756,37.533494336730264,37.54591728415516,"rgba(239, 83, 80, 1.0)",0.15377642598607236,37.527088500472296,-0.40375824886134104,35.44608929074444,-8.019746731247949,False,True,False,True,False,0.0,0.0,0.0,0.0,0.0,0,0.9439490445859869,1.0135881104033972,False,False,False,False,-0.11840744890823589,-0.11200784011731083,False,False,False,False,-381.0,-71.95066217089965,False,False,False,False,18.02498566802977,False,False,False,False
2025-07-14 18:00:00+00:00,37.465,37.465,37.465,37.465,0.0,,,,,,,,,,,,,,,,,,,,,,,,,,,,,,,,,,37.616666666666674,37.51992093611637,37.50331964720195,37.521456652182906,37.521456652182906,37.521650124069474,37.52288102261553,37.53995649948823,37.53995649948823,37.53995649948823,37.53995649948823,37.53995649948823,37.53995649948823,37.54242540290411,37.56362271805275,37.64488183421518,37.71382337689276,37.71726625704045,37.63365832464371,37.63738372594701,37.388079780711244,37.388079780711244,37.388079780711244,37.388079780711244,37.364886957750464,37.359607512133366,37.33617909097237,37.334549342791576,37.15512944664033,37.15512944664033,37.15512944664033,37.15512944664033,37.15512944664033,37.15512944664033,36.77888044667013,36.70520906604144,36.54454104379756,36.54541004666773,36.600267731987685,36.60024153235228,36.48653105321646,36.48653105321646,36.48653105321646,36.506089656216886,36.506089656216886,36.506089656216886,36.506089656216886,36.506089656216886,36.506089656216886,36.555607366201286,36.555607366201286,36.555607366201286,36.555607366201286,36.555607366201286,36.555607366201286,36.70733181741619,36.70733181741619,36.7956792141324,,,,,,,,,,,,,,,,,,,,,,,,,,,,37.616666666666674,37.53632787630741,37.50331964720195,37.49505560189047,37.49505560189047,37.494973611111114,37.5216597346009,37.52154196357878,37.539883085850825,37.539883085850825,37.539883085850825,37.542353317346134,37.542353317346134,37.542353317346134,37.542353317346134,37.542353317346134,37.542302652604675,37.54556057866185,37.54556057866185,37.54556057866185,37.54557312848321,37.64709196209198,37.66109684249287,37.564850427350414,37.53431880733944,37.52914300976799,37.349510957081854,37.349510957081854,37.349510957081854,37.3489923701526,37.186543369890344,37.186543369890344,37.186543369890344,37.186543369890344,37.186543369890344,37.186543369890344,37.186543369890344,37.184916949039945,36.95768580246915,36.543790145300534,36.543790145300534,37.66109684249287,37.186543369890344,,37.51992093611637,36.54454104379756,37.533494336730264,37.54591728415516,"rgba(239, 83, 80, 1.0)",0.15371577843670264,37.527088500472296,-0.40391754902284877,34.10647699203135,-9.252574735567421,False,True,False,True,False,0.0,0.0,0.0,0.0,0.0,0,0.9439490445859869,0.9940552016985138,False,False,False,False,-0.11840744890823589,-0.11520764451277335,False,False,False,False,-381.0,-76.7421247729012,False,False,False,False,17.745528525889775,False,False,False,False
2025-07-14 19:00:00+00:00,37.465,37.695,37.465,37.695,5.0,,,,,,,,,,,,,,,,,,,,,,,,,,,,,,,,,,37.61679487179488,37.520845864661645,37.503841961852864,37.52175639438944,37.52175639438944,37.52194908266336,37.523161764705875,37.54015654245363,37.54015654245363,37.54015654245363,37.54015654245363,37.54015654245363,37.54015654245363,37.54260665393187,37.5637334682861,37.644835093896724,37.713675054364714,37.717114519427405,37.63363837542306,37.63735910031023,37.38832864966133,37.38832864966133,37.38832864966133,37.38832864966133,37.36515526854401,37.35988019955032,37.336473369489646,37.334845074336535,37.15558670615336,37.15558670615336,37.15558670615336,37.15558670615336,37.15558670615336,37.15558670615336,36.77960461237637,36.7059730589023,36.54538522012581,36.5462532746516,36.60098076294535,36.60095448179274,36.48722935176046,36.48722935176046,36.48722935176046,36.506720967192656,36.506720967192656,36.506720967192656,36.506720967192656,36.506720967192656,36.506720967192656,36.55618663468877,36.55618663468877,36.55618663468877,36.55618663468877,36.55618663468877,36.55618663468877,36.70779191919191,36.70779191919191,36.796086468646855,,,,,,,,,,,,,,,,,,,,,,,37.61833333333333,37.61833333333333,37.61833333333333,37.61833333333333,37.61833333333333,37.61679487179488,37.53688346883469,37.503841961852864,37.49556755260244,37.49556755260244,37.49548547717843,37.521946090047386,37.52182849812512,37.5400834184542,37.5400834184542,37.5400834184542,37.5425350877193,37.5425350877193,37.5425350877193,37.5425350877193,37.5425350877193,37.54248445719752,37.54572470305217,37.54572470305217,37.54572470305217,37.54573715058611,37.647041579070326,37.661037874609306,37.56491268917345,37.53441504390988,37.52924498818506,37.34979297803889,37.34979297803889,37.34979297803889,37.349274875882806,37.18697343957505,37.18697343957505,37.18697343957505,37.18697343957505,37.18697343957505,37.18697343957505,37.18697343957505,37.185348466746326,36.95829694727106,36.5446536483446,36.5446536483446,37.661037874609306,37.18697343957505,,37.520845864661645,36.54538522012581,37.53369910888035,37.55168665600072,"rgba(38, 166, 154, 0.5)",0.15545263755363933,37.559194322464776,0.8736144955299571,50.43267497913659,-7.643597109491026,False,True,True,False,True,4.431878995419055,0.0,0.0,0.0,0.0,0,0.9450229071220322,0.9750104123281969,False,False,False,False,-0.04043020751653778,-0.07781892601465557,False,False,False,False,-376.0,-81.3817817531663,False,False,False,False,17.547923432465126,False,False,False,False
2025-07-15 14:00:00+00:00,37.695,37.695,37.695,37.695,0.0,,,,,,,,,,,,,,,,,,,,,,,,,,,,,,,,,,37.61679487179488,37.520845864661645,37.503841961852864,37.52175639438944,37.52175639438944,37.52194908266336,37.523161764705875,37.54015654245363,37.54015654245363,37.54015654245363,37.54015654245363,37.54015654245363,37.54015654245363,37.54260665393187,37.5637334682861,37.644835093896724,37.713675054364714,37.717114519427405,37.63363837542306,37.63735910031023,37.38832864966133,37.38832864966133,37.38832864966133,37.38832864966133,37.36515526854401,37.35988019955032,37.336473369489646,37.334845074336535,37.15558670615336,37.15558670615336,37.15558670615336,37.15558670615336,37.15558670615336,37.15558670615336,36.77960461237637,36.7059730589023,36.54538522012581,36.5462532746516,36.60098076294535,36.60095448179274,36.48722935176046,36.48722935176046,36.48722935176046,36.506720967192656,36.506720967192656,36.506720967192656,36.506720967192656,36.506720967192656,36.506720967192656,36.55618663468877,36.55618663468877,36.55618663468877,36.55618663468877,36.55618663468877,36.55618663468877,36.70779191919191,36.70779191919191,36.796086468646855,,,,,,,,,,,,,,,,,,,,,,,37.61833333333333,37.61833333333333,37.61833333333333,37.61833333333333,37.61833333333333,37.61679487179488,37.53688346883469,37.503841961852864,37.49556755260244,37.49556755260244,37.49548547717843,37.521946090047386,37.52182849812512,37.5400834184542,37.5400834184542,37.5400834184542,37.5425350877193,37.5425350877193,37.5425350877193,37.5425350877193,37.5425350877193,37.54248445719752,37.54572470305217,37.54572470305217,37.54572470305217,37.54573715058611,37.647041579070326,37.661037874609306,37.56491268917345,37.53441504390988,37.52924498818506,37.34979297803889,37.34979297803889,37.34979297803889,37.349274875882806,37.18697343957505,37.18697343957505,37.18697343957505,37.18697343957505,37.18697343957505,37.18697343957505,37.18697343957505,37.185348466746326,36.95829694727106,36.5446536483446,36.5446536483446,37.661037874609306,37.18697343957505,,37.520845864661645,36.54538522012581,37.53369910888035,37.55168665600072,"rgba(38, 166, 154, 1.0)",0.1481864238588584,37.559194322464776,0.9164515479810303,61.3168069705401,1.5565653239323396,True,False,True,False,True,4.431878995419055,0.0,0.0,0.0,0.0,0,0.9641815910037479,0.9750104123281969,False,False,False,False,0.037057733053618494,-0.020380596480518536,False,False,False,False,-376.0,-85.94950606707069,False,False,False,False,17.275862604054815,False,False,False,False
2025-07-15 15:00:00+00:00,37.695,37.695,37.695,37.695,0.0,,,,,,,,,,,,,,,,,,,,,,,,,,,,,,,,,,37.61679487179488,37.520845864661645,37.503841961852864,37.52175639438944,37.52175639438944,37.52194908266336,37.523161764705875,37.54015654245363,37.54015654245363,37.54015654245363,37.54015654245363,37.54015654245363,37.54015654245363,37.54260665393187,37.5637334682861,37.644835093896724,37.713675054364714,37.717114519427405,37.63363837542306,37.63735910031023,37.38832864966133,37.38832864966133,37.38832864966133,37.38832864966133,37.36515526854401,37.35988019955032,37.336473369489646,37.334845074336535,37.15558670615336,37.15558670615336,37.15558670615336,37.15558670615336,37.15558670615336,37.15558670615336,36.77960461237637,36.7059730589023,36.54538522012581,36.5462532746516,36.60098076294535,36.60095448179274,36.48722935176046,36.48722935176046,36.48722935176046,36.506720967192656,36.506720967192656,36.506720967192656,36.506720967192656,36.506720967192656,36.506720967192656,36.55618663468877,36.55618663468877,36.55618663468877,36.55618663468877,36.55618663468877,36.55618663468877,36.70779191919191,36.70779191919191,36.796086468646855,,,,,,,,,,,,,,,,,,,,,,,37.61833333333333,37.61833333333333,37.61833333333333,37.61833333333333,37.61833333333333,37.61679487179488,37.53688346883469,37.503841961852864,37.49556755260244,37.49556755260244,37.49548547717843,37.521946090047386,37.52182849812512,37.5400834184542,37.5400834184542,37.5400834184542,37.5425350877193,37.5425350877193,37.5425350877193,37.5425350877193,37.5425350877193,37.54248445719752,37.54572470305217,37.54572470305217,37.54572470305217,37.54573715058611,37.647041579070326,37.661037874609306,37.56491268917345,37.53441504390988,37.52924498818506,37.34979297803889,37.34979297803889,37.34979297803889,37.349274875882806,37.18697343957505,37.18697343957505,37.18697343957505,37.18697343957505,37.18697343957505,37.18697343957505,37.18697343957505,37.185348466746326,36.95829694727106,36.5446536483446,36.5446536483446,37.661037874609306,37.18697343957505,,37.520845864661645,36.54538522012581,37.53369910888035,37.55168665600072,"rgba(38, 166, 154, 1.0)",0.14496153574899814,37.559194322464776,0.936839395592306,68.57289496480911,7.399713667531472,True,False,True,False,True,4.431878995419055,0.0,0.0,0.0,0.0,0,0.9641815910037479,0.9750104123281969,False,False,False,False,0.037057733053618494,0.00833856828654998,False,False,False,False,-376.0,-90.44641294975176,False,False,False,False,17.0080197729842,False,False,False,False
2025-07-15 16:00:00+00:00,37.695,37.75,37.695,37.75,5.0,,,,,,,,,,,,,,,,,,,,,,,,,,,,,,,,,,37.62500000000001,37.52280881440099,37.50487191078963,37.522403865926385,37.522403865926385,37.52259556103576,37.52377321603127,37.54064409368635,37.54064409368635,37.54064409368635,37.54064409368635,37.54064409368635,37.54064409368635,37.543057011275216,37.56407272727273,37.6449876977153,37.71370295698925,37.71713680449209,37.63376581729935,37.63748085033134,37.38869934499388,37.38869934499388,37.38869934499388,37.38869934499388,37.365542865200226,37.36027163613393,37.33688511495451,37.33525817197585,37.156154832347156,37.156154832347156,37.156154832347156,37.156154832347156,37.156154832347156,37.156154832347156,36.78042521404357,36.70683051886532,36.54631709871696,36.54718417883882,36.60177211646138,36.601745742943805,36.48799667036627,36.48799667036627,36.48799667036627,36.50741585356631,36.50741585356631,36.50741585356631,36.50741585356631,36.50741585356631,36.50741585356631,36.556827013873765,36.556827013873765,36.556827013873765,36.556827013873765,36.556827013873765,36.556827013873765,36.70830876661618,36.70830876661618,36.79654939798778,,,,,,,,,,,,,,,,,,,,,,,37.675,37.675,37.675,37.675,37.675,37.62500000000001,37.53819425751458,37.50487191078963,37.496543975737524,37.496543975737524,37.49646143250689,37.522565465642835,37.52244785517512,37.54057140431313,37.54057140431313,37.54057140431313,37.54298647573589,37.54298647573589,37.54298647573589,37.54298647573589,37.54298647573589,37.54293575063614,37.546143114311434,37.546143114311434,37.546143114311434,37.54615534562904,37.64718957677511,37.661135132653996,37.56510658914728,37.53464073226544,37.52947616872238,37.35019318102425,37.35019318102425,37.35019318102425,37.34967553785974,37.18751542288559,37.18751542288559,37.18751542288559,37.18751542288559,37.18751542288559,37.18751542288559,37.18751542288559,37.185891850673045,36.95901170671597,36.545606766233085,36.545606766233085,37.661135132653996,37.18751542288559,,37.52280881440099,36.54631709871696,37.53449063627119,37.563825622331734,"rgba(38, 166, 154, 1.0)",0.14786163485814685,37.57790705166849,1.1638783007952682,74.56126091383625,12.331888897118283,True,False,True,False,True,5.77778388967549,0.0,0.0,0.0,0.0,0,0.9635901778154101,0.991109229466554,False,False,False,False,0.05561846457721834,0.03197851643188416,False,False,False,False,-371.0,-94.79608096603468,False,False,False,False,16.821848923790643,False,False,False,False
2025-07-15 17:00:00+00:00,37.75,37.75,37.75,37.75,0.0,,,,,,,,,,,,,,,,,,,,,,,,,,,,,,,,,,37.62500000000001,37.52280881440099,37.50487191078963,37.522403865926385,37.522403865926385,37.52259556103576,37.52377321603127,37.54064409368635,37.54064409368635,37.54064409368635,37.54064409368635,37.54064409368635,37.54064409368635,37.543057011275216,37.56407272727273,37.6449876977153,37.71370295698925,37.71713680449209,37.63376581729935,37.63748085033134,37.38869934499388,37.38869934499388,37.38869934499388,37.38869934499388,37.365542865200226,37.36027163613393,37.33688511495451,37.33525817197585,37.156154832347156,37.156154832347156,37.156154832347156,37.156154832347156,37.156154832347156,37.156154832347156,36.78042521404357,36.70683051886532,36.54631709871696,36.54718417883882,36.60177211646138,36.601745742943805,36.48799667036627,36.48799667036627,36.48799667036627,36.50741585356631,36.50741585356631,36.50741585356631,36.50741585356631,36.50741585356631,36.50741585356631,36.556827013873765,36.556827013873765,36.556827013873765,36.556827013873765,36.556827013873765,36.556827013873765,36.70830876661618,36.70830876661618,36.79654939798778,,,,,,,,,,,,,,,,,,,,,,,37.675,37.675,37.675,37.675,37.675,37.62500000000001,37.53819425751458,37.50487191078963,37.496543975737524,37.496543975737524,37.49646143250689,37.522565465642835,37.52244785517512,37.54057140431313,37.54057140431313,37.54057140431313,37.54298647573589,37.54298647573589,37.54298647573589,37.54298647573589,37.54298647573589,37.54293575063614,37.546143114311434,37.546143114311434,37.546143114311434,37.54615534562904,37.64718957677511,37.661135132653996,37.56510658914728,37.53464073226544,37.52947616872238,37.35019318102425,37.35019318102425,37.35019318102425,37.34967553785974,37.18751542288559,37.18751542288559,37.18751542288559,37.18751542288559,37.18751542288559,37.18751542288559,37.18751542288559,37.185891850673045,36.95901170671597,36.545606766233085,36.545606766233085,37.661135132653996,37.18751542288559,,37.52280881440099,36.54631709871696,37.53449063627119,37.563825622331734,"rgba(38, 166, 154, 1.0)",0.15081759163242991,37.57790705166849,1.1410668110317819,78.55350487985434,15.73812128676147,True,False,True,False,True,5.77778388967549,0.0,0.0,0.0,0.0,0,0.9470787468247243,0.991109229466554,False,False,False,False,0.0742175613845535,0.053098038908218834,False,False,False,False,-371.0,-99.07831226888685,False,False,False,False,16.561045064507066,False,False,False,False
2025-07-15 18:00:00+00:00,37.75,37.75,37.75,37.75,0.0,,,,,,,,,,,,,,,,,,,,,,,,,,,,,,,,,,37.62500000000001,37.52280881440099,37.50487191078963,37.522403865926385,37.522403865926385,37.52259556103576,37.52377321603127,37.54064409368635,37.54064409368635,37.54064409368635,37.54064409368635,37.54064409368635,37.54064409368635,37.543057011275216,37.56407272727273,37.6449876977153,37.71370295698925,37.71713680449209,37.63376581729935,37.63748085033134,37.38869934499388,37.38869934499388,37.38869934499388,37.38869934499388,37.365542865200226,37.36027163613393,37.33688511495451,37.33525817197585,37.156154832347156,37.156154832347156,37.156154832347156,37.156154832347156,37.156154832347156,37.156154832347156,36.78042521404357,36.70683051886532,36.54631709871696,36.54718417883882,36.60177211646138,36.601745742943805,36.48799667036627,36.48799667036627,36.48799667036627,36.50741585356631,36.50741585356631,36.50741585356631,36.50741585356631,36.50741585356631,36.50741585356631,36.556827013873765,36.556827013873765,36.556827013873765,36.556827013873765,36.556827013873765,36.556827013873765,36.70830876661618,36.70830876661618,36.79654939798778,,,,,,,,,,,,,,,,,,,,,,,37.675,37.675,37.675,37.675,37.675,37.62500000000001,37.53819425751458,37.50487191078963,37.496543975737524,37.496543975737524,37.49646143250689,37.522565465642835,37.52244785517512,37.54057140431313,37.54057140431313,37.54057140431313,37.54298647573589,37.54298647573589,37.54298647573589,37.54298647573589,37.54298647573589,37.54293575063614,37.546143114311434,37.546143114311434,37.546143114311434,37.54615534562904,37.64718957677511,37.661135132653996,37.56510658914728,37.53464073226544,37.52947616872238,37.35019318102425,37.35019318102425,37.35019318102425,37.34967553785974,37.18751542288559,37.18751542288559,37.18751542288559,37.18751542288559,37.18751542288559,37.18751542288559,37.18751542288559,37.185891850673045,36.95901170671597,36.545606766233085,36.545606766233085,37.661135132653996,37.18751542288559,,37.52280881440099,36.54631709871696,37.53449063627119,37.563825622331734,"rgba(38, 166, 154, 1.0)",0.1420347629058984,37.57790705166849,1.2116255542703038,81.21500085719974,18.271035601216113,True,False,True,False,True,5.77778388967549,0.0,0.0,0.0,0.0,0,0.9470787468247243,0.991109229466554,False,False,False,False,0.0742175613845535,0.06365780014638617,False,False,False,False,-371.0,-103.29415238874907,False,False,False,False,16.304284675910058,False,False,False,False
2025-07-15 19:00:00+00:00,37.75,37.75,37.74,37.74,2.0,,,,,,,,,,,,,,,,,,,,,,,,,,,,,,,,,,37.62828703703704,37.52362708719851,37.505302346570396,37.522676114191825,37.522676114191825,37.522867405582915,37.524030462800226,37.540850288233294,37.540850288233294,37.540850288233294,37.540850288233294,37.540850288233294,37.540850288233294,37.543247659844525,37.56421746736644,37.64505678491981,37.7137213267204,37.717152841546785,37.63382276507275,37.637535483870955,37.388852435427005,37.388852435427005,37.388852435427005,37.388852435427005,37.365702607470055,37.36043289132113,37.33705443310422,37.335428026361434,37.15638636961095,37.15638636961095,37.15638636961095,37.15638636961095,37.15638636961095,37.15638636961095,36.780757079671446,36.707177001504284,36.546693105073054,36.54755979483961,36.602091613023624,36.60206520218276,36.48830620967412,36.48830620967412,36.48830620967412,36.5076962341198,36.5076962341198,36.5076962341198,36.5076962341198,36.5076962341198,36.5076962341198,36.557085511982585,36.557085511982585,36.557085511982585,36.557085511982585,36.557085511982585,36.557085511982585,36.70851771474714,36.70851771474714,36.79673675010718,,,,,,,,,,,,,,,,,,,,,,,37.68638888888889,37.68638888888889,37.68638888888889,37.68638888888889,37.68638888888889,37.62828703703704,37.538744966442955,37.505302346570396,37.49695155518855,37.49695155518855,37.49686881188119,37.52282595870206,37.52270833333333,37.54077777777778,37.54077777777778,37.54077777777778,37.54317755523765,37.54317755523765,37.54317755523765,37.54317755523765,37.54317755523765,37.54312678741659,37.54632044364509,37.54632044364509,37.54632044364509,37.54633258426967,37.64725678667134,37.661180383521426,37.56518944676893,37.53473620006098,37.529573820395726,37.35035791605559,37.35035791605559,37.35035791605559,37.34984045524368,37.187736555931316,37.187736555931316,37.187736555931316,37.187736555931316,37.187736555931316,37.187736555931316,37.187736555931316,37.18611354145955,36.959301552106446,36.54599133087174,36.54599133087174,37.661180383521426,37.187736555931316,,37.52362708719851,36.546693105073054,37.53481739901969,37.56643576946648,"rgba(38, 166, 154, 1.0)",0.1323259693409556,37.606245926854754,1.0107923169685042,81.5414527626941,19.00030866215029,True,False,True,False,True,5.481260013138865,0.0,0.0,0.0,0.0,0,0.9462774957698811,0.9911167512690358,False,False,False,False,0.07083246870034561,0.06724513442336588,False,False,False,False,-373.0,-107.47563839822581,False,False,False,False,16.082512820469592,False,False,False,False
2025-07-16 14:00:00+00:00,37.74,37.74,37.74,37.74,0.0,,,,,,,,,,,,,,,,,,,,,,,,,,,,,,,,,,37.62828703703704,37.52362708719851,37.505302346570396,37.522676114191825,37.522676114191825,37.522867405582915,37.524030462800226,37.540850288233294,37.540850288233294,37.540850288233294,37.540850288233294,37.540850288233294,37.540850288233294,37.543247659844525,37.56421746736644,37.64505678491981,37.7137213267204,37.717152841546785,37.63382276507275,37.637535483870955,37.388852435427005,37.388852435427005,37.388852435427005,37.388852435427005,37.365702607470055,37.36043289132113,37.33705443310422,37.335428026361434,37.15638636961095,37.15638636961095,37.15638636961095,37.15638636961095,37.15638636961095,37.15638636961095,36.780757079671446,36.707177001504284,36.546693105073054,36.54755979483961,36.602091613023624,36.60206520218276,36.48830620967412,36.48830620967412,36.48830620967412,36.5076962341198,36.5076962341198,36.5076962341198,36.5076962341198,36.5076962341198,36.5076962341198,36.557085511982585,36.557085511982585,36.557085511982585,36.557085511982585,36.557085511982585,36.557085511982585,36.70851771474714,36.70851771474714,36.79673675010718,,,,,,,,,,,,,,,,,,,,,,,37.68638888888889,37.68638888888889,37.68638888888889,37.68638888888889,37.68638888888889,37.62828703703704,37.538744966442955,37.505302346570396,37.49695155518855,37.49695155518855,37.49686881188119,37.52282595870206,37.52270833333333,37.54077777777778,37.54077777777778,37.54077777777778,37.54317755523765,37.54317755523765,37.54317755523765,37.54317755523765,37.54317755523765,37.54312678741659,37.54632044364509,37.54632044364509,37.54632044364509,37.54633258426967,37.64725678667134,37.661180383521426,37.56518944676893,37.53473620006098,37.529573820395726,37.35035791605559,37.35035791605559,37.35035791605559,37.34984045524368,37.187736555931316,37.187736555931316,37.187736555931316,37.187736555931316,37.187736555931316,37.187736555931316,37.187736555931316,37.18611354145955,36.959301552106446,36.54599133087174,36.54599133087174,37.661180383521426,37.187736555931316,,37.52362708719851,36.546693105073054,37.53481739901969,37.56643576946648,"rgba(38, 166, 154, 1.0)",0.13536710180879732,37.606245926854754,0.9880840422673162,81.75908736635702,19.955631108950158,True,False,True,False,True,5.481260013138865,0.0,0.0,0.0,0.0,0,0.9535379369138952,0.9919011082693948,False,False,False,False,0.06744899585502111,0.0673470651391935,False,False,False,False,-373.0,-111.59229516724557,False,False,False,False,15.833171536431303,False,False,False,False
2025-07-16 15:00:00+00:00,37.74,37.74,37.74,37.74,0.0,,,,,,,,,,,,,,,,,,,,,,,,,,,,,,,,,,37.62828703703704,37.52362708719851,37.505302346570396,37.522676114191825,37.522676114191825,37.522867405582915,37.524030462800226,37.540850288233294,37.540850288233294,37.540850288233294,37.540850288233294,37.540850288233294,37.540850288233294,37.543247659844525,37.56421746736644,37.64505678491981,37.7137213267204,37.717152841546785,37.63382276507275,37.637535483870955,37.388852435427005,37.388852435427005,37.388852435427005,37.388852435427005,37.365702607470055,37.36043289132113,37.33705443310422,37.335428026361434,37.15638636961095,37.15638636961095,37.15638636961095,37.15638636961095,37.15638636961095,37.15638636961095,36.780757079671446,36.707177001504284,36.546693105073054,36.54755979483961,36.602091613023624,36.60206520218276,36.48830620967412,36.48830620967412,36.48830620967412,36.5076962341198,36.5076962341198,36.5076962341198,36.5076962341198,36.5076962341198,36.5076962341198,36.557085511982585,36.557085511982585,36.557085511982585,36.557085511982585,36.557085511982585,36.557085511982585,36.70851771474714,36.70851771474714,36.79673675010718,,,,,,,,,,,,,,,,,,,,,,,37.68638888888889,37.68638888888889,37.68638888888889,37.68638888888889,37.68638888888889,37.62828703703704,37.538744966442955,37.505302346570396,37.49695155518855,37.49695155518855,37.49686881188119,37.52282595870206,37.52270833333333,37.54077777777778,37.54077777777778,37.54077777777778,37.54317755523765,37.54317755523765,37.54317755523765,37.54317755523765,37.54317755523765,37.54312678741659,37.54632044364509,37.54632044364509,37.54632044364509,37.54633258426967,37.64725678667134,37.661180383521426,37.56518944676893,37.53473620006098,37.529573820395726,37.35035791605559,37.35035791605559,37.35035791605559,37.34984045524368,37.187736555931316,37.187736555931316,37.187736555931316,37.187736555931316,37.187736555931316,37.187736555931316,37.187736555931316,37.18611354145955,36.959301552106446,36.54599133087174,36.54599133087174,37.661180383521426,37.187736555931316,,37.52362708719851,36.546693105073054,37.53481739901969,37.56643576946648,"rgba(38, 166, 154, 1.0)",0.13161505431516474,37.606245926854754,1.0162520833290163,81.90417710213228,21.03047034105181,True,False,True,False,True,5.481260013138865,0.0,0.0,0.0,0.0,0,0.9606643356643354,1.0008741258741263,False,False,False,False,0.06744899585502111,0.0673980304971073,False,False,False,False,-373.0,-115.64512780031151,False,False,False,False,15.587696008734694,False,False,False,False
2025-07-16 16:00:00+00:00,37.74,37.74,37.55,37.7,115.0,,,,,,,,,,,,,,,,,,,,,,,,,,,,,,,,,,37.64983957219252,37.54819317023445,37.52016216952848,37.53198312236287,37.53198312236287,37.532156411730874,37.53282290523234,37.54761893320519,37.54761893320519,37.54761893320519,37.54761893320519,37.54761893320519,37.54761893320519,37.54947954271962,37.56861496913581,37.645766374071584,37.71198693006087,37.71532278730535,37.634679115148444,37.638279030910596,37.395500561639984,37.395500561639984,37.395500561639984,37.395500561639984,37.37276711386309,37.36759145088369,37.34468707621373,37.3430924796748,37.167625795257386,37.167625795257386,37.167625795257386,37.167625795257386,37.167625795257386,37.167625795257386,36.797907513799714,36.72520881163225,36.56650390825879,36.567349115772174,36.61889960060599,36.61887129349126,36.504733163141275,36.504733163141275,36.504733163141275,36.522576792445804,36.522576792445804,36.522576792445804,36.522576792445804,36.522576792445804,36.522576792445804,36.57077227900306,36.57077227900306,36.57077227900306,36.57077227900306,36.57077227900306,36.57077227900306,36.71947399055411,36.71947399055411,36.806486173612456,,,,,,,,,,,,,,,,,,,,,,,37.66551181102362,37.66551181102362,37.66551181102362,37.66551181102362,37.66551181102362,37.64983957219252,37.555405038759694,37.52016216952848,37.51138134741076,37.51138134741076,37.5112949007787,37.531753222836095,37.53163813730904,37.54755368589743,37.54755368589743,37.54755368589743,37.5494243520193,37.5494243520193,37.5494243520193,37.5494243520193,37.5494243520193,37.54937339960838,37.55207353569902,37.55207353569902,37.55207353569902,37.552082621082626,37.64787802419357,37.66124644254713,37.56774469851331,37.538032092712264,37.532995921394125,37.35772129023459,37.35772129023459,37.35772129023459,37.35721449512511,37.19837320108908,37.19837320108908,37.19837320108908,37.19837320108908,37.19837320108908,37.19837320108908,37.19837320108908,37.19678233540696,36.97395030456548,36.56624579655319,36.56624579655319,37.66124644254713,37.19837320108908,,37.54819317023445,36.56650390825879,37.54207008730603,37.56983166463354,"rgba(38, 166, 154, 0.75)",0.1335588071031484,37.60410838369216,0.7179729917308099,75.90990012880997,21.03047034105181,True,False,True,False,False,4.244967635867493,0.0,0.0,0.0,0.0,0,0.9446127217654688,0.9887494591086113,False,False,False,False,0.003367325648878074,0.03538267807299269,False,False,False,False,-488.0,-121.41807155534543,False,False,False,False,17.128972039607024,False,False,False,False
2025-07-16 17:00:00+00:00,37.55,37.55,37.55,37.55,60.0,,,,,,,,,,,,,,,,,,,,,,,,,,,,,,,,,,37.62558704453441,37.548345004668526,37.521557547414915,37.53258435298479,37.53258435298479,37.532751528627,37.533370527807286,37.54768566090612,37.54768566090612,37.54768566090612,37.54768566090612,37.54768566090612,37.54768566090612,37.54949326303456,37.56819381598793,37.643864990072814,37.70912917769284,37.71244092581833,37.633416190239444,37.636971193415626,37.397428591236825,37.397428591236825,37.397428591236825,37.397428591236825,37.374935100237856,37.36981323589119,37.34716271436228,37.345585341365464,37.171998284734144,37.171998284734144,37.171998284734144,37.171998284734144,37.171998284734144,37.171998284734144,36.80545611687299,36.73324510122336,36.57552404972997,36.57635875101876,36.62653052861633,36.62650141127199,36.5123020757905,36.5123020757905,36.5123020757905,36.52943313684056,36.52943313684056,36.52943313684056,36.52943313684056,36.52943313684056,36.52943313684056,36.577052734722976,36.577052734722976,36.577052734722976,36.577052734722976,36.577052734722976,36.577052734722976,36.724416617073324,36.724416617073324,36.8108249043636,,,,,,,,,,,,,,,,,,,,,,,37.62844919786095,37.62844919786095,37.62844919786095,37.62844919786095,37.62844919786095,37.62558704453441,37.555052536231884,37.521557547414915,37.51305315055315,37.51305315055315,37.512969238163905,37.53233868092691,37.53222697309816,37.54762227414329,37.54762227414329,37.54762227414329,37.549439553990624,37.549439553990624,37.549439553990624,37.549439553990624,37.549439553990624,37.54938993987388,37.552021675698214,37.552021675698214,37.552021675698214,37.55203055555556,37.64594367588934,37.65949360994397,37.56750688705233,37.538190015394754,37.53321990486643,37.36005288331987,37.36005288331987,37.36005288331987,37.359551761298576,37.2024288735102,37.2024288735102,37.2024288735102,37.2024288735102,37.2024288735102,37.2024288735102,37.2024288735102,37.20085479118627,36.98013662669293,36.57546273162608,36.57546273162608,37.65949360994397,37.2024288735102,,37.548345004668526,36.57552404972997,37.54124213383621,37.56174415480531,"rgba(38, 166, 154, 0.75)",0.12539224942586286,37.58661074204696,-0.2919697366830169,61.601607918188236,22.78229922867186,True,False,True,False,False,0.0,0.0,0.0,0.0,0.0,0,0.932246998284733,0.9922813036020587,False,False,False,False,-0.06068666318550689,-0.0126519925562571,False,False,False,False,-548.0,-128.03174486456487,False,False,False,False,17.793639139768157,False,False,False,False
2025-07-16 18:00:00+00:00,37.55,37.75,37.55,37.75,9.0,,,,,,,,,,,,,,,,,,,,,,,,,,,,,,,,,,37.6276171875,37.55002535730751,37.522684468524254,37.53333517801143,37.53333517801143,37.53350110619468,37.534084258769596,37.54825348837209,37.54825348837209,37.54825348837209,37.54825348837209,37.54825348837209,37.54825348837209,37.55002042304887,37.56858323938369,37.643982184097666,37.70906109481916,37.71236501497151,37.633527612433845,37.63707399195203,37.3979627707425,37.3979627707425,37.3979627707425,37.3979627707425,37.3754999321666,37.370385005065856,37.34776964226012,37.346194628182005,37.1728738584475,37.1728738584475,37.1728738584475,37.1728738584475,37.1728738584475,37.1728738584475,36.80677579199377,36.73463164153291,36.577045998066474,36.577879088458225,36.62782810368351,36.6277988450871,36.513572634116954,36.513572634116954,36.513572634116954,36.53058703703706,36.53058703703706,36.53058703703706,36.53058703703706,36.53058703703706,36.53058703703706,36.57811601167593,36.57811601167593,36.57811601167593,36.57811601167593,36.57811601167593,36.57811601167593,36.72527185941267,36.72527185941267,36.811587957114625,,,,,,,,,,,,,,,,,,,,,,,37.630969387755094,37.630969387755094,37.630969387755094,37.630969387755094,37.630969387755094,37.6276171875,37.55629529960531,37.522684468524254,37.51415173237754,37.51415173237754,37.51406757402101,37.53306191236473,37.53295035460992,37.548190631301374,37.548190631301374,37.548190631301374,37.54996785035804,37.54996785035804,37.54996785035804,37.54996785035804,37.54996785035804,37.549918200408996,37.55251245847177,37.55251245847177,37.55251245847177,37.552521101425214,37.646054187192135,37.65954982097633,37.56773926289195,37.538476733977156,37.53351592170609,37.36063983592227,37.36063983592227,37.36063983592227,37.36013950517682,37.20325945116102,37.20325945116102,37.20325945116102,37.20325945116102,37.20325945116102,37.20325945116102,37.20325945116102,37.20168776776009,36.9812675720753,36.57701751650295,36.57701751650295,37.65954982097633,37.20325945116102,,37.55002535730751,36.577045998066474,37.541842729615794,37.56286775686697,"rgba(38, 166, 154, 0.75)",0.12267282348377782,37.58854782741028,1.3161201316204272,61.458537683422264,22.67833703706748,True,False,True,False,False,5.1235272408780865,0.0,0.0,0.0,0.0,0,0.9333895446880259,0.9755480607082632,False,False,False,False,0.006734761337902533,-0.0029586156091772836,False,False,False,False,-539.0,-134.40334571937782,False,False,False,False,17.657303649229114,False,False,False,False
2025-07-16 19:00:00+00:00,37.75,37.75,37.415,37.43,205.0,,,,,,,,,,,,,,,,,,,,,,,,,,,,,,,,,,37.58494938539407,37.545969827586205,37.52391449565798,37.53316517561298,37.53316517561298,37.533314290445425,37.5338478053435,37.54680962491153,37.54680962491153,37.54680962491153,37.54680962491153,37.54680962491153,37.54680962491153,37.548509370816596,37.56594266108397,37.6368670168933,37.69900138312587,37.70223285922685,37.62859924474863,37.63200633208254,37.40342061595645,37.40342061595645,37.40342061595645,37.40342061595645,37.38175392329231,37.376817444876785,37.35503339755941,37.35351495315108,37.18634255020449,37.18634255020449,37.18634255020449,37.18634255020449,37.18634255020449,37.18634255020449,36.83077492463394,36.76027385436286,36.60601243339256,36.60681167998423,36.6524182702942,36.65238654458601,36.53812666666668,36.53812666666668,36.53812666666668,36.55288158609453,36.55288158609453,36.55288158609453,36.55288158609453,36.55288158609453,36.55288158609453,36.59854425749818,36.59854425749818,36.59854425749818,36.59854425749818,36.59854425749818,36.59854425749818,36.74132770007769,36.74132770007769,36.825651994410556,,,,,,,,,,,,,,,,,,,,,,,37.58020365752285,37.58020365752285,37.58020365752285,37.58020365752285,37.58020365752285,37.58494938539407,37.5518430335097,37.52391449565798,37.516395833333334,37.516395833333334,37.516321049344164,37.53292466410748,37.532824140687445,37.54675162843387,37.54675162843387,37.54675162843387,37.548458702064906,37.548458702064906,37.548458702064906,37.548458702064906,37.548458702064906,37.54841375150784,37.55087702513076,37.55087702513076,37.55087702513076,37.55088561591431,37.63883897435899,37.653031659207684,37.56616286506074,37.53818350486591,37.5334364297197,37.36743187395067,37.36743187395067,37.36743187395067,37.36695009361482,37.21568993106845,37.21568993106845,37.21568993106845,37.21568993106845,37.21568993106845,37.21568993106845,37.21568993106845,37.214173126614995,37.00071797965869,36.606588848594754,36.606588848594754,37.653031659207684,37.21568993106845,,37.545969827586205,36.60601243339256,37.53911116640873,37.55040719782032,#000000,0.11609738844376975,37.562461528024265,-1.1409518319046545,52.577138236893525,14.261314708669218,False,True,False,False,False,0.0,0.0,0.0,0.0,0.0,0,0.9241492414924141,0.9762197621976221,False,False,False,False,-0.03874389389996661,-0.020851254754571946,False,False,False,False,-744.0,-143.85445663845724,False,False,False,False,20.56184157714804,False,False,False,False
2025-07-17 14:00:00+00:00,37.43,37.43,37.43,37.43,0.0,,,,,,,,,,,,,,,,,,,,,,,,,,,,,,,,,,37.58494938539407,37.545969827586205,37.52391449565798,37.53316517561298,37.53316517561298,37.533314290445425,37.5338478053435,37.54680962491153,37.54680962491153,37.54680962491153,37.54680962491153,37.54680962491153,37.54680962491153,37.548509370816596,37.56594266108397,37.6368670168933,37.69900138312587,37.70223285922685,37.62859924474863,37.63200633208254,37.40342061595645,37.40342061595645,37.40342061595645,37.40342061595645,37.38175392329231,37.376817444876785,37.35503339755941,37.35351495315108,37.18634255020449,37.18634255020449,37.18634255020449,37.18634255020449,37.18634255020449,37.18634255020449,36.83077492463394,36.76027385436286,36.60601243339256,36.60681167998423,36.6524182702942,36.65238654458601,36.53812666666668,36.53812666666668,36.53812666666668,36.55288158609453,36.55288158609453,36.55288158609453,36.55288158609453,36.55288158609453,36.55288158609453,36.59854425749818,36.59854425749818,36.59854425749818,36.59854425749818,36.59854425749818,36.59854425749818,36.74132770007769,36.74132770007769,36.825651994410556,,,,,,,,,,,,,,,,,,,,,,,37.58020365752285,37.58020365752285,37.58020365752285,37.58020365752285,37.58020365752285,37.58494938539407,37.5518430335097,37.52391449565798,37.516395833333334,37.516395833333334,37.516321049344164,37.53292466410748,37.532824140687445,37.54675162843387,37.54675162843387,37.54675162843387,37.548458702064906,37.548458702064906,37.548458702064906,37.548458702064906,37.548458702064906,37.54841375150784,37.55087702513076,37.55087702513076,37.55087702513076,37.55088561591431,37.63883897435899,37.653031659207684,37.56616286506074,37.53818350486591,37.5334364297197,37.36743187395067,37.36743187395067,37.36743187395067,37.36695009361482,37.21568993106845,37.21568993106845,37.21568993106845,37.21568993106845,37.21568993106845,37.21568993106845,37.21568993106845,37.214173126614995,37.00071797965869,36.606588848594754,36.606588848594754,37.653031659207684,37.21568993106845,,37.545969827586205,36.60601243339256,37.53911116640873,37.55040719782032,"rgba(239, 83, 80, 1.0)",0.11637300234820692,37.562461528024265,-1.138249639963047,46.65620527254104,8.76230933748446,False,True,False,True,False,0.0,0.0,0.0,0.0,0.0,0,0.925379253792537,1.0024600246002462,False,False,False,False,-0.14238302525024854,-0.08161714000241024,False,False,False,False,-744.0,-153.15903870607804,False,False,False,False,20.243053335641868,False,False,False,False
2025-07-17 15:00:00+00:00,37.43,37.43,37.43,37.43,0.0,,,,,,,,,,,,,,,,,,,,,,,,,,,,,,,,,,37.58494938539407,37.545969827586205,37.52391449565798,37.53316517561298,37.53316517561298,37.533314290445425,37.5338478053435,37.54680962491153,37.54680962491153,37.54680962491153,37.54680962491153,37.54680962491153,37.54680962491153,37.548509370816596,37.56594266108397,37.6368670168933,37.69900138312587,37.70223285922685,37.62859924474863,37.63200633208254,37.40342061595645,37.40342061595645,37.40342061595645,37.40342061595645,37.38175392329231,37.376817444876785,37.35503339755941,37.35351495315108,37.18634255020449,37.18634255020449,37.18634255020449,37.18634255020449,37.18634255020449,37.18634255020449,36.83077492463394,36.76027385436286,36.60601243339256,36.60681167998423,36.6524182702942,36.65238654458601,36.53812666666668,36.53812666666668,36.53812666666668,36.55288158609453,36.55288158609453,36.55288158609453,36.55288158609453,36.55288158609453,36.55288158609453,36.59854425749818,36.59854425749818,36.59854425749818,36.59854425749818,36.59854425749818,36.59854425749818,36.74132770007769,36.74132770007769,36.825651994410556,,,,,,,,,,,,,,,,,,,,,,,37.58020365752285,37.58020365752285,37.58020365752285,37.58020365752285,37.58020365752285,37.58494938539407,37.5518430335097,37.52391449565798,37.516395833333334,37.516395833333334,37.516321049344164,37.53292466410748,37.532824140687445,37.54675162843387,37.54675162843387,37.54675162843387,37.548458702064906,37.548458702064906,37.548458702064906,37.548458702064906,37.548458702064906,37.54841375150784,37.55087702513076,37.55087702513076,37.55087702513076,37.55088561591431,37.63883897435899,37.653031659207684,37.56616286506074,37.53818350486591,37.5334364297197,37.36743187395067,37.36743187395067,37.36743187395067,37.36695009361482,37.21568993106845,37.21568993106845,37.21568993106845,37.21568993106845,37.21568993106845,37.21568993106845,37.21568993106845,37.214173126614995,37.00071797965869,36.606588848594754,36.606588848594754,37.653031659207684,37.21568993106845,,37.545969827586205,36.60601243339256,37.53911116640873,37.55040719782032,"rgba(239, 83, 80, 1.0)",0.11664039601202587,37.562461528024265,-1.1356402460311288,42.708916629639376,4.995539055902576,False,True,False,True,False,0.0,0.0,0.0,0.0,0.0,0,0.9283347141673564,1.0091135045567523,False,False,False,False,-0.14238302525024854,-0.11200008262632939,False,False,False,False,-744.0,-162.31936368737914,False,False,False,False,19.929207547492382,False,False,False,False
2025-07-17 16:00:00+00:00,37.43,37.43,37.43,37.43,0.0,,,,,,,,,,,,,,,,,,,,,,,,,,,,,,,,,,37.58494938539407,37.545969827586205,37.52391449565798,37.53316517561298,37.53316517561298,37.533314290445425,37.5338478053435,37.54680962491153,37.54680962491153,37.54680962491153,37.54680962491153,37.54680962491153,37.54680962491153,37.548509370816596,37.56594266108397,37.6368670168933,37.69900138312587,37.70223285922685,37.62859924474863,37.63200633208254,37.40342061595645,37.40342061595645,37.40342061595645,37.40342061595645,37.38175392329231,37.376817444876785,37.35503339755941,37.35351495315108,37.18634255020449,37.18634255020449,37.18634255020449,37.18634255020449,37.18634255020449,37.18634255020449,36.83077492463394,36.76027385436286,36.60601243339256,36.60681167998423,36.6524182702942,36.65238654458601,36.53812666666668,36.53812666666668,36.53812666666668,36.55288158609453,36.55288158609453,36.55288158609453,36.55288158609453,36.55288158609453,36.55288158609453,36.59854425749818,36.59854425749818,36.59854425749818,36.59854425749818,36.59854425749818,36.59854425749818,36.74132770007769,36.74132770007769,36.825651994410556,,,,,,,,,,,,,,,,,,,,,,,37.58020365752285,37.58020365752285,37.58020365752285,37.58020365752285,37.58020365752285,37.58494938539407,37.5518430335097,37.52391449565798,37.516395833333334,37.516395833333334,37.516321049344164,37.53292466410748,37.532824140687445,37.54675162843387,37.54675162843387,37.54675162843387,37.548458702064906,37.548458702064906,37.548458702064906,37.548458702064906,37.548458702064906,37.54841375150784,37.55087702513076,37.55087702513076,37.55087702513076,37.55088561591431,37.63883897435899,37.653031659207684,37.56616286506074,37.53818350486591,37.5334364297197,37.36743187395067,37.36743187395067,37.36743187395067,37.36695009361482,37.21568993106845,37.21568993106845,37.21568993106845,37.21568993106845,37.21568993106845,37.21568993106845,37.21568993106845,37.214173126614995,37.00071797965869,36.606588848594754,36.606588848594754,37.653031659207684,37.21568993106845,,37.545969827586205,36.60601243339256,37.53911116640873,37.55040719782032,"rgba(239, 83, 80, 1.0)",0.11689962584363944,37.562461528024265,-1.1331219160738883,40.077390867704935,2.2512327243557095,False,True,False,True,False,0.0,0.0,0.0,0.0,0.0,0,0.9143968871595323,1.009511456982274,False,False,False,False,-0.14238302525024854,-0.12719155393828896,False,False,False,False,-744.0,-171.33766812633448,False,False,False,False,19.620227585515757,False,False,False,False
2025-07-17 17:00:00+00:00,37.43,37.75,37.43,37.75,1.0,,,,,,,,,,,,,,,,,,,,,,,,,,,,,,,,,,37.58507575757576,37.54607463222102,37.523994214508235,37.5332199039576,37.5332199039576,37.53336891757695,37.53390001589571,37.5468505942275,37.5468505942275,37.5468505942275,37.5468505942275,37.5468505942275,37.5468505942275,37.54854743744145,37.565969654691315,37.636869014519625,37.6989859882006,37.7022167532586,37.62860272140946,37.63200898788588,37.40346837879089,37.40346837879089,37.40346837879089,37.40346837879089,37.38180501302084,37.376869286131104,37.35508893597894,37.353570741097215,37.186426217502756,37.186426217502756,37.186426217502756,37.186426217502756,37.186426217502756,37.186426217502756,36.830906130577546,36.760412416967434,36.6061659513591,36.606965034275305,36.65254976114651,36.652518022201605,36.538256675685226,36.538256675685226,36.538256675685226,36.55300003620828,36.55300003620828,36.55300003620828,36.55300003620828,36.55300003620828,36.55300003620828,36.59865343086033,36.59865343086033,36.59865343086033,36.59865343086033,36.59865343086033,36.59865343086033,36.74141529895438,36.74141529895438,36.82572989107998,,,,,,,,,,,,,,,,,,,,,,,37.5803606965174,37.5803606965174,37.5803606965174,37.5803606965174,37.5803606965174,37.58507575757576,37.551923641703375,37.523994214508235,37.516475119716844,37.516475119716844,37.51640033291719,37.532977617905665,37.532877117289864,37.54679263977352,37.54679263977352,37.54679263977352,37.54849685028817,37.54849685028817,37.54849685028817,37.54849685028817,37.54849685028817,37.54845190246516,37.55091239479725,37.55091239479725,37.55091239479725,37.55092096876992,37.6388403568133,37.65302924848786,37.56617931230462,37.53820558588827,37.53345946890285,37.36748531215702,37.36748531215702,37.36748531215702,37.36700361476891,37.215768875761505,37.215768875761505,37.215768875761505,37.215768875761505,37.215768875761505,37.215768875761505,37.215768875761505,37.21425232207665,37.00082873721706,36.60674548018333,36.60674548018333,37.65302924848786,37.215768875761505,,37.54607463222102,36.6061659513591,37.53915343986597,37.55048214646156,"rgba(239, 83, 80, 0.75)",0.12050841995121817,37.56260621827192,1.555026460424428,47.19589890136833,2.2512327243557095,False,True,False,True,True,4.719494420554728,0.0,0.0,0.0,0.0,0,0.9167017248632723,0.9823306689103912,False,False,False,False,-0.033686235803023684,-0.08043889487065632,False,False,False,False,-743.0,-180.20065001584865,False,False,False,False,19.331541886515513,False,False,False,False
2025-07-17 18:00:00+00:00,37.75,37.75,37.75,37.75,0.0,,,,,,,,,,,,,,,,,,,,,,,,,,,,,,,,,,37.58507575757576,37.54607463222102,37.523994214508235,37.5332199039576,37.5332199039576,37.53336891757695,37.53390001589571,37.5468505942275,37.5468505942275,37.5468505942275,37.5468505942275,37.5468505942275,37.5468505942275,37.54854743744145,37.565969654691315,37.636869014519625,37.6989859882006,37.7022167532586,37.62860272140946,37.63200898788588,37.40346837879089,37.40346837879089,37.40346837879089,37.40346837879089,37.38180501302084,37.376869286131104,37.35508893597894,37.353570741097215,37.186426217502756,37.186426217502756,37.186426217502756,37.186426217502756,37.186426217502756,37.186426217502756,36.830906130577546,36.760412416967434,36.6061659513591,36.606965034275305,36.65254976114651,36.652518022201605,36.538256675685226,36.538256675685226,36.538256675685226,36.55300003620828,36.55300003620828,36.55300003620828,36.55300003620828,36.55300003620828,36.55300003620828,36.59865343086033,36.59865343086033,36.59865343086033,36.59865343086033,36.59865343086033,36.59865343086033,36.74141529895438,36.74141529895438,36.82572989107998,,,,,,,,,,,,,,,,,,,,,,,37.5803606965174,37.5803606965174,37.5803606965174,37.5803606965174,37.5803606965174,37.58507575757576,37.551923641703375,37.523994214508235,37.516475119716844,37.516475119716844,37.51640033291719,37.532977617905665,37.532877117289864,37.54679263977352,37.54679263977352,37.54679263977352,37.54849685028817,37.54849685028817,37.54849685028817,37.54849685028817,37.54849685028817,37.54845190246516,37.55091239479725,37.55091239479725,37.55091239479725,37.55092096876992,37.6388403568133,37.65302924848786,37.56617931230462,37.53820558588827,37.53345946890285,37.36748531215702,37.36748531215702,37.36748531215702,37.36700361476891,37.215768875761505,37.215768875761505,37.215768875761505,37.215768875761505,37.215768875761505,37.215768875761505,37.215768875761505,37.21425232207665,37.00082873721706,36.60674548018333,36.60674548018333,37.65302924848786,37.215768875761505,,37.54607463222102,36.6061659513591,37.53915343986597,37.55048214646156,"rgba(38, 166, 154, 0.5)",0.12392140054636609,37.56260621827192,1.5121987074215526,51.941570923810595,2.2512327243557095,False,True,True,False,True,4.719494420554728,0.0,0.0,0.0,0.0,0,0.9436264198569618,0.9823306689103912,False,False,False,False,0.0742175613845535,-0.00311066674305141,False,False,False,False,-743.0,-188.92622133343238,False,False,False,False,19.0318280588176,False,False,False,False
2025-07-17 19:00:00+00:00,37.75,37.75,37.75,37.75,0.0,,,,,,,,,,,,,,,,,,,,,,,,,,,,,,,,,,37.58507575757576,37.54607463222102,37.523994214508235,37.5332199039576,37.5332199039576,37.53336891757695,37.53390001589571,37.5468505942275,37.5468505942275,37.5468505942275,37.5468505942275,37.5468505942275,37.5468505942275,37.54854743744145,37.565969654691315,37.636869014519625,37.6989859882006,37.7022167532586,37.62860272140946,37.63200898788588,37.40346837879089,37.40346837879089,37.40346837879089,37.40346837879089,37.38180501302084,37.376869286131104,37.35508893597894,37.353570741097215,37.186426217502756,37.186426217502756,37.186426217502756,37.186426217502756,37.186426217502756,37.186426217502756,36.830906130577546,36.760412416967434,36.6061659513591,36.606965034275305,36.65254976114651,36.652518022201605,36.538256675685226,36.538256675685226,36.538256675685226,36.55300003620828,36.55300003620828,36.55300003620828,36.55300003620828,36.55300003620828,36.55300003620828,36.59865343086033,36.59865343086033,36.59865343086033,36.59865343086033,36.59865343086033,36.59865343086033,36.74141529895438,36.74141529895438,36.82572989107998,,,,,,,,,,,,,,,,,,,,,,,37.5803606965174,37.5803606965174,37.5803606965174,37.5803606965174,37.5803606965174,37.58507575757576,37.551923641703375,37.523994214508235,37.516475119716844,37.516475119716844,37.51640033291719,37.532977617905665,37.532877117289864,37.54679263977352,37.54679263977352,37.54679263977352,37.54849685028817,37.54849685028817,37.54849685028817,37.54849685028817,37.54849685028817,37.54845190246516,37.55091239479725,37.55091239479725,37.55091239479725,37.55092096876992,37.6388403568133,37.65302924848786,37.56617931230462,37.53820558588827,37.53345946890285,37.36748531215702,37.36748531215702,37.36748531215702,37.36700361476891,37.215768875761505,37.215768875761505,37.215768875761505,37.215768875761505,37.215768875761505,37.215768875761505,37.215768875761505,37.21425232207665,37.00082873721706,36.60674548018333,36.60674548018333,37.65302924848786,37.215768875761505,,37.54607463222102,36.6061659513591,37.53915343986597,37.55048214646156,"rgba(38, 166, 154, 0.5)",0.1259964606961908,37.56260621827192,1.4872940135988177,55.105352272105435,-7.17131341380675,False,False,True,False,True,4.719494420554728,0.0,0.0,0.0,0.0,0,0.9436264198569618,0.9823306689103912,False,False,False,False,0.0742175613845535,0.035553447320751046,False,False,False,False,-743.0,-197.5165124755497,False,False,False,False,18.736760957130503,False,False,False,False
2025-07-18 14:00:00+00:00,37.75,37.75,37.75,37.75,0.0,,,,,,,,,,,,,,,,,,,,,,,,,,,,,,,,,,37.58507575757576,37.54607463222102,37.523994214508235,37.5332199039576,37.5332199039576,37.53336891757695,37.53390001589571,37.5468505942275,37.5468505942275,37.5468505942275,37.5468505942275,37.5468505942275,37.5468505942275,37.54854743744145,37.565969654691315,37.636869014519625,37.6989859882006,37.7022167532586,37.62860272140946,37.63200898788588,37.40346837879089,37.40346837879089,37.40346837879089,37.40346837879089,37.38180501302084,37.376869286131104,37.35508893597894,37.353570741097215,37.186426217502756,37.186426217502756,37.186426217502756,37.186426217502756,37.186426217502756,37.186426217502756,36.830906130577546,36.760412416967434,36.6061659513591,36.606965034275305,36.65254976114651,36.652518022201605,36.538256675685226,36.538256675685226,36.538256675685226,36.55300003620828,36.55300003620828,36.55300003620828,36.55300003620828,36.55300003620828,36.55300003620828,36.59865343086033,36.59865343086033,36.59865343086033,36.59865343086033,36.59865343086033,36.59865343086033,36.74141529895438,36.74141529895438,36.82572989107998,,,,,,,,,,,,,,,,,,,,,,,37.5803606965174,37.5803606965174,37.5803606965174,37.5803606965174,37.5803606965174,37.58507575757576,37.551923641703375,37.523994214508235,37.516475119716844,37.516475119716844,37.51640033291719,37.532977617905665,37.532877117289864,37.54679263977352,37.54679263977352,37.54679263977352,37.54849685028817,37.54849685028817,37.54849685028817,37.54849685028817,37.54849685028817,37.54845190246516,37.55091239479725,37.55091239479725,37.55091239479725,37.55092096876992,37.6388403568133,37.65302924848786,37.56617931230462,37.53820558588827,37.53345946890285,37.36748531215702,37.36748531215702,37.36748531215702,37.36700361476891,37.215768875761505,37.215768875761505,37.215768875761505,37.215768875761505,37.215768875761505,37.215768875761505,37.215768875761505,37.21425232207665,37.00082873721706,36.60674548018333,36.60674548018333,37.65302924848786,37.215768875761505,,37.54607463222102,36.6061659513591,37.53915343986597,37.55048214646156,"rgba(38, 166, 154, 0.5)",0.1278236750048666,37.56260621827192,1.4660334380227191,57.214539837635336,-4.699329784117097,False,False,True,False,True,4.719494420554728,0.0,0.0,0.0,0.0,0,0.9436264198569618,0.9823306689103912,False,False,False,False,0.13672799728659327,0.08614072230367216,False,False,False,False,-743.0,-205.9736208092621,False,False,False,False,18.446268539190495,False,False,False,False
2025-07-18 15:00:00+00:00,37.75,37.87,37.75,37.87,36.0,,,,,,,,,,,,,,,,,,,,,,,,,,,,,,,,,37.830000000000005,37.602781124497994,37.55666666666666,37.53117557583659,37.538434195542536,37.538434195542536,37.53857804878048,37.53889748398186,37.55111204013378,37.55111204013378,37.55111204013378,37.55111204013378,37.55111204013378,37.55111204013378,37.55255705052104,37.56924388563555,37.63899327833793,37.70027747353049,37.70346240635437,37.630299095304935,37.63366620165852,37.40650359096,37.40650359096,37.40650359096,37.40650359096,37.384934380656844,37.380020282016616,37.35835979848225,37.356849550755115,37.190640232811944,37.190640232811944,37.190640232811944,37.190640232811944,37.190640232811944,37.190640232811944,36.836680312516734,36.766420398398104,36.61265174934984,36.613444689722854,36.65814778129954,36.658115454025285,36.54370387724026,36.54370387724026,36.54370387724026,36.55797428406551,36.55797428406551,36.55797428406551,36.55797428406551,36.55797428406551,36.55797428406551,36.60326809632869,36.60326809632869,36.60326809632869,36.60326809632869,36.60326809632869,36.60326809632869,36.74520790993257,36.74520790993257,36.829162315263126,,,,,,,,,,,,,,,,,,,,,,,37.60087899543378,37.60087899543378,37.60087899543378,37.60087899543378,37.60087899543378,37.602781124497994,37.56047253060063,37.53117557583659,37.523369985746285,37.523369985746285,37.523292633292634,37.53801901618733,37.537917844800496,37.55105674055485,37.55105674055485,37.55105674055485,37.55251354207954,37.55251354207954,37.55251354207954,37.55251354207954,37.55251354207954,37.552467643951395,37.55470377358491,37.55470377358491,37.55470377358491,37.55471080095562,37.640933982354746,37.65459883386713,37.56818809926677,37.54039495623175,37.535680746289344,37.370687952811444,37.370687952811444,37.370687952811444,37.370208974358974,37.21982395011921,37.21982395011921,37.21982395011921,37.21982395011921,37.21982395011921,37.21982395011921,37.21982395011921,37.218315918117945,37.005941817974204,36.61336263461058,36.61336263461058,37.65459883386713,37.21982395011921,,37.55666666666666,36.61265174934984,37.56144613147337,37.55908442282582,"rgba(38, 166, 154, 1.0)",0.13300264171271006,37.594042214135364,2.074829359109358,61.15287820784205,-0.44608098499870863,True,False,True,False,True,7.473989221552639,0.0,0.0,0.0,0.0,0,0.9999999999999993,0.9708866343184828,False,False,False,False,0.1845371214880108,0.13533892189584149,False,False,False,False,-707.0,-213.74147164942858,False,True,False,False,18.71841941455188,False,False,False,False
2025-07-18 16:00:00+00:00,37.87,37.87,37.87,37.87,0.0,,,,,,,,,,,,,,,,,,,,,,,,,,,,,,,,,37.830000000000005,37.602781124497994,37.55666666666666,37.53117557583659,37.538434195542536,37.538434195542536,37.53857804878048,37.53889748398186,37.55111204013378,37.55111204013378,37.55111204013378,37.55111204013378,37.55111204013378,37.55111204013378,37.55255705052104,37.56924388563555,37.63899327833793,37.70027747353049,37.70346240635437,37.630299095304935,37.63366620165852,37.40650359096,37.40650359096,37.40650359096,37.40650359096,37.384934380656844,37.380020282016616,37.35835979848225,37.356849550755115,37.190640232811944,37.190640232811944,37.190640232811944,37.190640232811944,37.190640232811944,37.190640232811944,36.836680312516734,36.766420398398104,36.61265174934984,36.613444689722854,36.65814778129954,36.658115454025285,36.54370387724026,36.54370387724026,36.54370387724026,36.55797428406551,36.55797428406551,36.55797428406551,36.55797428406551,36.55797428406551,36.55797428406551,36.60326809632869,36.60326809632869,36.60326809632869,36.60326809632869,36.60326809632869,36.60326809632869,36.74520790993257,36.74520790993257,36.829162315263126,,,,,,,,,,,,,,,,,,,,,,,37.60087899543378,37.60087899543378,37.60087899543378,37.60087899543378,37.60087899543378,37.602781124497994,37.56047253060063,37.53117557583659,37.523369985746285,37.523369985746285,37.523292633292634,37.53801901618733,37.537917844800496,37.55105674055485,37.55105674055485,37.55105674055485,37.55251354207954,37.55251354207954,37.55251354207954,37.55251354207954,37.55251354207954,37.552467643951395,37.55470377358491,37.55470377358491,37.55470377358491,37.55471080095562,37.640933982354746,37.65459883386713,37.56818809926677,37.54039495623175,37.535680746289344,37.370687952811444,37.370687952811444,37.370687952811444,37.370208974358974,37.21982395011921,37.21982395011921,37.21982395011921,37.21982395011921,37.21982395011921,37.21982395011921,37.21982395011921,37.218315918117945,37.005941817974204,36.61336263461058,36.61336263461058,37.65459883386713,37.21982395011921,,37.55666666666666,36.61265174934984,37.56144613147337,37.55908442282582,"rgba(38, 166, 154, 1.0)",0.13764731665978663,37.594042214135364,2.004817765875521,63.77843712131319,2.582423079342419,True,False,True,False,True,7.473989221552639,0.0,0.0,0.0,0.0,0,1.0105866784296418,0.9117776797529775,False,False,False,False,0.23319587848539683,0.18426740019061916,False,False,False,False,-707.0,-221.3888906936235,False,True,False,False,18.42821136161309,False,False,False,False
2025-07-18 17:00:00+00:00,37.87,37.87,37.87,37.87,0.0,,,,,,,,,,,,,,,,,,,,,,,,,,,,,,,,,37.830000000000005,37.602781124497994,37.55666666666666,37.53117557583659,37.538434195542536,37.538434195542536,37.53857804878048,37.53889748398186,37.55111204013378,37.55111204013378,37.55111204013378,37.55111204013378,37.55111204013378,37.55111204013378,37.55255705052104,37.56924388563555,37.63899327833793,37.70027747353049,37.70346240635437,37.630299095304935,37.63366620165852,37.40650359096,37.40650359096,37.40650359096,37.40650359096,37.384934380656844,37.380020282016616,37.35835979848225,37.356849550755115,37.190640232811944,37.190640232811944,37.190640232811944,37.190640232811944,37.190640232811944,37.190640232811944,36.836680312516734,36.766420398398104,36.61265174934984,36.613444689722854,36.65814778129954,36.658115454025285,36.54370387724026,36.54370387724026,36.54370387724026,36.55797428406551,36.55797428406551,36.55797428406551,36.55797428406551,36.55797428406551,36.55797428406551,36.60326809632869,36.60326809632869,36.60326809632869,36.60326809632869,36.60326809632869,36.60326809632869,36.74520790993257,36.74520790993257,36.829162315263126,,,,,,,,,,,,,,,,,,,,,,,37.60087899543378,37.60087899543378,37.60087899543378,37.60087899543378,37.60087899543378,37.602781124497994,37.56047253060063,37.53117557583659,37.523369985746285,37.523369985746285,37.523292633292634,37.53801901618733,37.537917844800496,37.55105674055485,37.55105674055485,37.55105674055485,37.55251354207954,37.55251354207954,37.55251354207954,37.55251354207954,37.55251354207954,37.552467643951395,37.55470377358491,37.55470377358491,37.55470377358491,37.55471080095562,37.640933982354746,37.65459883386713,37.56818809926677,37.54039495623175,37.535680746289344,37.370687952811444,37.370687952811444,37.370687952811444,37.370208974358974,37.21982395011921,37.21982395011921,37.21982395011921,37.21982395011921,37.21982395011921,37.21982395011921,37.21982395011921,37.218315918117945,37.005941817974204,36.61336263461058,36.61336263461058,37.65459883386713,37.21982395011921,,37.55666666666666,36.61265174934984,37.56144613147337,37.55908442282582,"rgba(38, 166, 154, 1.0)",0.14181020814803824,37.594042214135364,1.9459655935104228,65.52880973029394,4.863483885660713,True,False,True,False,True,7.473989221552639,0.0,0.0,0.0,0.0,0,1.0105866784296418,0.9117776797529775,False,False,False,False,0.23319587848539683,0.20873163933800798,False,False,False,False,-707.0,-228.9177451014743,False,True,False,False,18.142502658332265,False,False,False,False
2025-07-18 18:00:00+00:00,37.87,37.87,37.23,37.34,381.0,,,,,,,,,,,,,,,,,,,,,,,,,,,,,,37.48,37.48,37.48,37.51021582733813,37.549562002275316,37.53496532937097,37.52099390774587,37.529272290809324,37.529272290809324,37.52939736733854,37.52997149297268,37.541341507392715,37.541341507392715,37.541341507392715,37.541341507392715,37.541341507392715,37.541341507392715,37.543050779458966,37.558890073081606,37.62241516146689,37.679467724605345,37.682564228440526,37.61799749373433,37.62116154065213,37.411651041666666,37.411651041666666,37.411651041666666,37.411651041666666,37.391475829269766,37.386873875494786,37.366623870660966,37.365210263720606,37.20939275386972,37.20939275386972,37.20939275386972,37.20939275386972,37.20939275386972,37.20939275386972,36.87376122037318,36.80646072655868,36.65871526809778,36.6594532701598,36.69751980384762,36.6974840750985,36.58370486656202,36.58370486656202,36.58370486656202,36.594479718729445,36.594479718729445,36.594479718729445,36.594479718729445,36.594479718729445,36.594479718729445,36.63671506291513,36.63671506291513,36.63671506291513,36.63671506291513,36.63671506291513,36.63671506291513,36.771337813452796,36.771337813452796,36.85188259727566,,,,,,,,,,,,,,,,,,,,,,37.48,37.5446459096459,37.5446459096459,37.5446459096459,37.5446459096459,37.5446459096459,37.549562002275316,37.54071735395189,37.52099390774587,37.51518169805088,37.51518169805088,37.51512299818392,37.52918398614442,37.529101744573175,37.541290283790275,37.541290283790275,37.541290283790275,37.5429998852158,37.5429998852158,37.5429998852158,37.5429998852158,37.5429998852158,37.54296328169822,37.54531342791159,37.54531342791159,37.54531342791159,37.54532266930519,37.62421755725192,37.63961636636637,37.56161153519931,37.5359519212203,37.53159083606451,37.378151732377546,37.378151732377546,37.378151732377546,37.3777041151526,37.2368152211176,37.2368152211176,37.2368152211176,37.2368152211176,37.2368152211176,37.2368152211176,37.2368152211176,37.23539981722642,37.03498445623628,36.66029112184955,36.66029112184955,37.63961636636637,37.2368152211176,,37.53496532937097,36.65871526809778,37.54635590384491,37.53562941408708,"rgba(38, 166, 154, 0.5)",0.14216020020518166,37.527648805893506,-1.319981300129477,53.96421409262126,15.019746020940403,False,True,True,False,False,0.0,0.0,0.0,0.0,0.0,0,0.9565762004175357,0.9164926931106472,False,False,False,False,-0.019414240035969785,0.0946586996510191,False,False,False,False,-1088.0,-242.23684982858322,False,False,False,False,23.768200291536417,False,False,False,False
2025-07-18 19:00:00+00:00,37.34,37.54,37.34,37.54,1.0,,,,,,,,,,,,,,,,,,,,,,,,,,,,,,37.47998254799302,37.47998254799302,37.47998254799302,37.510127591706535,37.54947537878788,37.534919574362775,37.52096903270703,37.52924928013162,37.52924928013162,37.52937431469297,37.52994897282968,37.541316991107905,37.541316991107905,37.541316991107905,37.541316991107905,37.541316991107905,37.541316991107905,37.54302681333792,37.558864028411975,37.62237437300502,37.67941662535119,37.682512883435585,37.61796642325314,37.6211299736636,37.41166237823929,37.41166237823929,37.41166237823929,37.41166237823929,37.39149061032864,37.3868894285543,37.36664289534677,37.36522952669399,37.20943764172337,37.20943764172337,37.20943764172337,37.20943764172337,37.20943764172337,37.20943764172337,36.873851913477544,36.80655892602957,36.658828803716624,36.65956667131115,36.69761734137961,36.697581604860694,36.58380461187728,36.58380461187728,36.58380461187728,36.59457103768358,36.59457103768358,36.59457103768358,36.59457103768358,36.59457103768358,36.59457103768358,36.63679882525698,36.63679882525698,36.63679882525698,36.63679882525698,36.63679882525698,36.63679882525698,36.77140332866697,36.77140332866697,36.85193953275308,,,,,,,,,,,,,,,,,,,,,,37.47998254799302,37.54455894308942,37.54455894308942,37.54455894308942,37.54455894308942,37.54455894308942,37.54947537878788,37.540673964370036,37.52096903270703,37.515160970777615,37.515160970777615,37.51510231023102,37.52916167265947,37.52907947284345,37.541265777136665,37.541265777136665,37.541265777136665,37.54297590361446,37.54297590361446,37.54297590361446,37.54297590361446,37.54297590361446,37.542939320945166,37.54528968777485,37.54528968777485,37.54528968777485,37.545298933948786,37.624176433178896,37.63957892366584,37.56159425962165,37.53593983268982,37.531579606784874,37.37816878695575,37.37816878695575,37.37816878695575,37.37772124686492,37.23685575549844,37.23685575549844,37.23685575549844,37.23685575549844,37.23685575549844,37.23685575549844,37.23685575549844,37.235440580206735,37.03505493033227,36.660406660035065,36.660406660035065,37.63957892366584,37.23685575549844,,37.534919574362775,36.658828803716624,37.54632466058697,37.53559026330286,#000000,0.14069944325827238,37.52758380734567,0.08824621026777249,50.639870531795694,11.835347432623607,False,True,False,False,False,0.0,0.0,0.0,0.0,0.0,0,0.9663244353182748,0.9449691991786446,False,False,False,False,-0.10521004009971308,-0.005275670224346989,False,False,False,False,-1087.0,-255.33395293201605,False,False,False,False,23.41520493817926,False,False,False,False
2025-07-21 14:00:00+00:00,37.54,37.55,37.54,37.55,2.0,,,,,,,,,,,,,,,,,,,,,,,,,,,,,,37.48032986111111,37.48032986111111,37.48032986111111,37.51030158730158,37.549469009826154,37.53493699036323,37.52099582898853,37.52926359775311,37.52926359775311,37.529388523692134,37.52996225665474,37.54132084534102,37.54132084534102,37.54132084534102,37.54132084534102,37.54132084534102,37.54132084534102,37.54302931409596,37.55885660683501,37.62233296873576,37.67935084241824,37.68244624315265,37.617935809360226,37.621098185699026,37.41171198481229,37.41171198481229,37.41171198481229,37.41171198481229,37.391546630565585,37.3869468920458,37.36670706350621,37.36529415256753,37.209552306471736,37.209552306471736,37.209552306471736,37.209552306471736,37.209552306471736,37.209552306471736,36.874055395937305,36.80677682908878,36.659076215689026,36.659813808794176,36.6978307776102,36.69779502324999,36.58402047603035,36.58402047603035,36.58402047603035,36.59476885518389,36.59476885518389,36.59476885518389,36.59476885518389,36.59476885518389,36.59476885518389,36.63698098098099,36.63698098098099,36.63698098098099,36.63698098098099,36.63698098098099,36.63698098098099,36.771548007838,36.771548007838,36.85206680712038,,,,,,,,,,,,,,,,,,,,,,37.48032986111111,37.54456407137064,37.54456407137064,37.54456407137064,37.54456407137064,37.54456407137064,37.549469009826154,37.54068167202572,37.52099582898853,37.51519214910111,37.51519214910111,37.515133531157275,37.52917564870259,37.52909350891194,37.54126966966967,37.54126966966967,37.54126966966967,37.54297844283913,37.54297844283913,37.54297844283913,37.54297844283913,37.54297844283913,37.542941884456674,37.545290595473524,37.545290595473524,37.545290595473524,37.545299835255356,37.62413420503042,37.63953709955735,37.56158841940531,37.53594397272609,37.531585420680784,37.37822914800884,37.37822914800884,37.37822914800884,37.3777817574021,37.2369619096568,37.2369619096568,37.2369619096568,37.2369619096568,37.2369619096568,37.2369619096568,37.2369619096568,37.23554718273678,37.03521938283511,36.6606584742151,36.6606584742151,37.63953709955735,37.2369619096568,,37.53493699036323,36.659076215689026,37.54637032011285,37.53561232057548,"rgba(239, 83, 80, 1.0)",0.13918763665660938,37.52767101744401,0.1604236058054367,48.6212831658694,9.660364509662443,False,True,False,True,False,0.0,0.0,0.0,0.0,0.0,0,0.982765695527287,0.9441936807550266,False,False,False,False,-0.023298368374928602,-0.014287019299637795,False,False,False,False,-1085.0,-268.19699242144213,False,False,False,False,23.083186256967178,False,False,False,False
2025-07-21 15:00:00+00:00,37.55,37.55,37.48,37.48,51.0,,,,,,,,,,,,,,,,,,,,,,,,,,,,,,37.483026819923374,37.483026819923374,37.483026819923374,37.50954706298655,37.54694712397285,37.533785714285706,37.520538344337226,37.528731213097146,37.528731213097146,37.52885378940308,37.529433411214946,37.540635538261995,37.540635538261995,37.540635538261995,37.540635538261995,37.540635538261995,37.540635538261995,37.54234582489309,37.558008288396245,37.62069624235887,37.67715439197456,37.68023336563308,37.6166946273094,37.619830025337826,37.412562492415965,37.412562492415965,37.412562492415965,37.412562492415965,37.392566326834796,37.38800457353291,37.36793771341105,37.36653665137075,37.21207764481152,37.21207764481152,37.21207764481152,37.21207764481152,37.21207764481152,37.21207764481152,36.87887129851942,36.81196741671539,36.66503320420588,36.66576394651914,36.7029613671371,36.70292519980022,36.58924617327984,36.58924617327984,36.58924617327984,36.59955719747857,36.59955719747857,36.59955719747857,36.59955719747857,36.59955719747857,36.59955719747857,36.64138133652027,36.64138133652027,36.64138133652027,36.64138133652027,36.64138133652027,36.64138133652027,36.77501393016343,36.77501393016343,36.85509512521273,,,,,,,,,,,,,,,,,,,,,,37.483026819923374,37.5421554028255,37.5421554028255,37.5421554028255,37.5421554028255,37.5421554028255,37.54694712397285,37.53949564134495,37.520538344337226,37.51490025740026,37.51490025740026,37.51484322238302,37.52866001564945,37.528579715812796,37.54058504364236,37.54058504364236,37.54058504364236,37.54229490646834,37.54229490646834,37.54229490646834,37.54229490646834,37.54229490646834,37.542259209192295,37.544596974608325,37.544596974608325,37.544596974608325,37.544606286454965,37.62247895396741,37.63799139593532,37.561012976951375,37.535626154532125,37.5313105005406,37.37936161401018,37.37936161401018,37.37936161401018,37.37891807157646,37.23926913496378,37.23926913496378,37.23926913496378,37.23926913496378,37.23926913496378,37.23926913496378,37.23926913496378,37.23786587436334,37.039025187310706,36.66672002820876,36.66672002820876,37.63799139593532,37.23926913496378,,37.533785714285706,36.66503320420588,37.54587947280223,37.53469404936118,"rgba(239, 83, 80, 1.0)",0.13841499814530822,37.526641187169936,-0.3369662810743622,46.131950235715884,6.878308462270233,False,True,False,True,False,0.0,0.0,0.0,0.0,0.0,0,0.9779681762545891,0.9445124439004488,False,False,False,False,-0.04662201869600397,-0.03045451899782088,False,False,False,False,-1136.0,-281.6513026164585,False,False,False,False,23.516005074688618,False,False,False,False
2025-07-21 16:00:00+00:00,37.48,37.48,37.48,37.48,64.0,,,,,,,,,,,,,,,,,,,,,,,,,,,,,,37.48263861055444,37.48263861055444,37.48263861055444,37.50601246105919,37.542649615513206,37.5314344262295,37.51926217412691,37.52750719518576,37.52750719518576,37.527627174055176,37.52823138297872,37.53929320880895,37.53929320880895,37.53929320880895,37.53929320880895,37.53929320880895,37.53929320880895,37.541027208636265,37.55654076033706,37.61830903145989,37.67411467116358,37.67717636768448,37.61486172218729,37.61796562499999,37.413339030826435,37.413339030826435,37.413339030826435,37.413339030826435,37.39355585027999,37.389041872210484,37.3691902433345,37.367803955788254,37.21493691290091,37.21493691290091,37.21493691290091,37.21493691290091,37.21493691290091,37.21493691290091,36.88458952635752,36.81815648523453,36.672185957213394,36.672908326478385,36.70912299178128,36.70908634786919,36.59555518666077,36.59555518666077,36.59555518666077,36.6053418540191,36.6053418540191,36.6053418540191,36.6053418540191,36.6053418540191,36.6053418540191,36.64669272637308,36.64669272637308,36.64669272637308,36.64669272637308,36.64669272637308,36.64669272637308,36.77917928360412,36.77917928360412,36.85872038917088,,,,,,,,,,,,,,,,,,,,,,37.48263861055444,37.537909996442544,37.537909996442544,37.537909996442544,37.537909996442544,37.537909996442544,37.542649615513206,37.53721556886227,37.51926217412691,37.513854556804,37.513854556804,37.51379971923257,37.527471374045795,37.5273934884904,37.539243367935406,37.539243367935406,37.539243367935406,37.54097562320759,37.54097562320759,37.54097562320759,37.54097562320759,37.54097562320759,37.54094111809461,37.543284111358105,37.543284111358105,37.543284111358105,37.54329365079366,37.620070434935734,37.635772999853735,37.56002104457623,37.53495406204769,37.530691486019464,37.38049198549199,37.38049198549199,37.38049198549199,37.38005322571212,37.2418576388889,37.2418576388889,37.2418576388889,37.2418576388889,37.2418576388889,37.2418576388889,37.2418576388889,37.24046859254284,37.043478775445806,36.673995666759865,36.673995666759865,37.635772999853735,37.2418576388889,,37.5314344262295,36.672185957213394,37.54428964504585,37.53271228829205,"rgba(239, 83, 80, 1.0)",0.13762964404071068,37.52358428083764,-0.3166780030670567,44.47239494894687,4.7675115800831875,False,True,False,True,False,0.0,0.0,0.0,0.0,0.0,0,0.9777686290654581,0.9497735693701111,False,False,False,False,-0.07389896497645716,-0.05217674198713902,False,False,False,False,-1136.0,-294.897018854963,False,False,False,False,24.143663910739953,False,False,False,False
2025-07-21 17:00:00+00:00,37.48,37.5,37.44,37.44,474.0,,,,,,,,,,,,,,,,,,,,,,,,,,,,,,37.471610140459056,37.471610140459056,37.471610140459056,37.48439709283119,37.51601744844776,37.513962848297204,37.50805743917032,37.51691870725788,37.51691870725788,37.517023376336965,37.51781873792658,37.52812382367508,37.52812382367508,37.52812382367508,37.52812382367508,37.52812382367508,37.52812382367508,37.53005380952381,37.54473469212246,37.60063628513111,37.652170810810816,37.65511430204315,37.600871926815316,37.60376848691694,37.417005691865604,37.417005691865604,37.417005691865604,37.417005691865604,37.398694458041014,37.3945108401084,37.37613279569893,37.37484794756072,37.23288775562769,37.23288775562769,37.23288775562769,37.23288775562769,37.23288775562769,37.23288775562769,36.92246019624179,36.85936941208346,36.720270409477216,36.720936319945075,36.750774917105524,36.75073543178096,36.638641079565375,36.638641079565375,36.638641079565375,36.645,36.645,36.645,36.645,36.645,36.645,36.68313356649967,36.68313356649967,36.68313356649967,36.68313356649967,36.68313356649967,36.68313356649967,36.80772244825754,36.80772244825754,36.88349064256328,,,,,,,,,,,,,,,,,,,,,,37.471610140459056,37.51173753838884,37.51173753838884,37.51173753838884,37.51173753838884,37.51173753838884,37.51601744844776,37.52014458955223,37.50805743917032,37.504074074074076,37.504074074074076,37.504032937571814,37.51713477698771,37.517072159396875,37.52807768529528,37.52807768529528,37.52807768529528,37.52999666285279,37.52999666285279,37.52999666285279,37.52999666285279,37.52999666285279,37.52996997426365,37.53238798417518,37.53238798417518,37.53238798417518,37.53239928256071,37.60225978090768,37.61921568627451,37.55170496404139,37.528797724253444,37.52489329180365,37.386598077338526,37.386598077338526,37.386598077338526,37.38619201900751,37.25794843863473,37.25794843863473,37.25794843863473,37.25794843863473,37.25794843863473,37.25794843863473,37.25794843863473,37.256656813939024,37.07246586404347,36.72283757210278,36.72283757210278,37.61921568627451,37.25794843863473,,37.513962848297204,36.720270409477216,37.53116174904731,37.51799470577768,"rgba(239, 83, 80, 1.0)",0.13715333038570288,37.50239423208459,-0.45492320098336314,42.64284279270622,2.4203153531536117,False,True,False,True,False,0.0,0.0,0.0,0.0,0.0,0,0.9746005735354355,0.9483818107333059,False,False,False,False,-0.0817108082991681,-0.06694377514315356,False,False,False,False,-1610.0,-315.2862123610876,False,False,False,False,31.11818074933313,False,False,False,False
2025-07-21 18:00:00+00:00,37.44,37.46,37.44,37.46,6.0,,,,,,,,,,,,,,,,,,,,,,,,,,,,,,37.47149812734082,37.47149812734082,37.47149812734082,37.484213464696225,37.51576280749266,37.5137757201646,37.50792678074015,37.516792712461466,37.516792712461466,37.516897215802786,37.517694408740354,37.527990705033126,37.527990705033126,37.527990705033126,37.527990705033126,37.527990705033126,37.527990705033126,37.52992251378589,37.54459342263438,37.60042842583883,37.651913193694675,37.65485516552512,37.60070340757662,37.603597537878784,37.417041790879985,37.417041790879985,37.417041790879985,37.417041790879985,37.39874789459387,37.39456817197315,37.37620743366635,37.37492377885132,37.233091966445386,37.233091966445386,37.233091966445386,37.233091966445386,37.233091966445386,37.233091966445386,36.92290209951906,36.85985178668111,36.72083633556357,36.72150158648486,36.75126788289869,36.75122836763331,36.63915475690066,36.63915475690066,36.63915475690066,36.64547451325702,36.64547451325702,36.64547451325702,36.64547451325702,36.64547451325702,36.64547451325702,36.68357014643363,36.68357014643363,36.68357014643363,36.68357014643363,36.68357014643363,36.68357014643363,36.808064886845806,36.808064886845806,36.883787641880915,,,,,,,,,,,,,,,,,,,,,,37.47149812734082,37.511490237591154,37.511490237591154,37.511490237591154,37.511490237591154,37.511490237591154,37.51576280749266,37.51995813953488,37.50792678074015,37.50395769622834,37.50395769622834,37.50391669850974,37.51701129032258,37.51694883370955,37.52794460929772,37.52794460929772,37.52794460929772,37.52986531505807,37.52986531505807,37.52986531505807,37.52986531505807,37.52986531505807,37.52983870967742,37.532257279323964,37.532257279323964,37.532257279323964,37.53226859504132,37.602050320362565,37.61901812888713,37.551601541966,37.528719346835146,37.52481907231345,37.386662889824116,37.386662889824116,37.386662889824116,37.38625721529913,37.258130700663365,37.258130700663365,37.258130700663365,37.258130700663365,37.258130700663365,37.258130700663365,37.258130700663365,37.25684022381101,37.072801085521505,36.72341171076762,36.72341171076762,37.61901812888713,37.258130700663365,,37.5137757201646,36.72083633556357,37.53101399570381,37.51783611718287,"rgba(239, 83, 80, 1.0)",0.1364911969568018,37.502189327885574,-0.3090992593385046,42.008901465297456,1.1273770508269152,False,True,False,True,False,0.0,0.0,0.0,0.0,0.0,0,0.9743801652892554,0.961570247933884,False,False,False,False,-0.09736536369376746,-0.0821545694184605,False,False,False,False,-1604.0,-335.2662710841715,False,False,False,False,30.72875159042874,False,False,False,False
2025-07-21 19:00:00+00:00,37.46,37.46,37.39,37.39,43.0,,,,,,,,,,,,,,,,,,,,,,,,,,,,,,37.46905088062622,37.46905088062622,37.46905088062622,37.48133270321361,37.51286513157894,37.51160208018788,37.50633541992697,37.51534407901877,37.51534407901877,37.51544759114582,37.51627205493924,37.52654657293497,37.52654657293497,37.52654657293497,37.52654657293497,37.52654657293497,37.52654657293497,37.52850990889453,37.543155414012745,37.59855529685682,37.64971829981459,37.65265252739485,37.59918208710977,37.602060554824966,37.417015567614975,37.417015567614975,37.417015567614975,37.417015567614975,37.39884941189167,37.39469833844169,37.37646290073079,37.3751879098033,37.23428067484664,37.23428067484664,37.23428067484664,37.23428067484664,37.23428067484664,37.23428067484664,36.92581046292466,36.863054546270135,36.72464661974835,36.72530723636518,36.754580521293924,36.75454081830522,36.64263730515744,36.64263730515744,36.64263730515744,36.64869138087815,36.64869138087815,36.64869138087815,36.64869138087815,36.64869138087815,36.64869138087815,36.68652270731401,36.68652270731401,36.68652270731401,36.68652270731401,36.68652270731401,36.68652270731401,36.81035696462643,36.81035696462643,36.885758257608515,,,,,,,,,,,,,,,,,,,,,,37.46905088062622,37.50859931506849,37.50859931506849,37.50859931506849,37.50859931506849,37.50859931506849,37.51286513157894,37.51786745706034,37.50633541992697,37.5024921649743,37.5024921649743,37.50245238095238,37.51559285184006,37.51553170059372,37.52650063482761,37.52650063482761,37.52650063482761,37.52845181006113,37.52845181006113,37.52845181006113,37.52845181006113,37.52845181006113,37.52842592592593,37.53086465141613,37.53086465141613,37.53086465141613,37.53087621381251,37.60016709213276,37.61727743882438,37.55056753623188,37.52786683848797,37.52399651109585,37.3868472378503,37.3868472378503,37.3868472378503,37.38644433729777,37.259161389961406,37.259161389961406,37.259161389961406,37.259161389961406,37.259161389961406,37.259161389961406,37.259161389961406,37.25787916216357,37.074935617103996,36.7272760626981,36.7272760626981,37.61727743882438,37.259161389961406,,37.51160208018788,36.72464661974835,37.52927299500167,37.515983716456645,"rgba(239, 83, 80, 1.0)",0.13663672491116072,37.49952103713544,-0.801549050642468,40.20310528145292,-1.2843366020018223,False,True,False,True,False,0.0,0.0,0.0,0.0,0.0,0,0.9629171817058094,0.9616810877626697,False,False,False,False,-0.11700159888946658,-0.09957808415396355,False,False,False,False,-1647.0,-355.60322812162616,False,False,False,False,30.919003503755427,False,False,False,False
2025-07-22 14:00:00+00:00,37.39,37.39,37.39,37.39,0.0,,,,,,,,,,,,,,,,,,,,,,,,,,,,,,37.46905088062622,37.46905088062622,37.46905088062622,37.48133270321361,37.51286513157894,37.51160208018788,37.50633541992697,37.51534407901877,37.51534407901877,37.51544759114582,37.51627205493924,37.52654657293497,37.52654657293497,37.52654657293497,37.52654657293497,37.52654657293497,37.52654657293497,37.52850990889453,37.543155414012745,37.59855529685682,37.64971829981459,37.65265252739485,37.59918208710977,37.602060554824966,37.417015567614975,37.417015567614975,37.417015567614975,37.417015567614975,37.39884941189167,37.39469833844169,37.37646290073079,37.3751879098033,37.23428067484664,37.23428067484664,37.23428067484664,37.23428067484664,37.23428067484664,37.23428067484664,36.92581046292466,36.863054546270135,36.72464661974835,36.72530723636518,36.754580521293924,36.75454081830522,36.64263730515744,36.64263730515744,36.64263730515744,36.64869138087815,36.64869138087815,36.64869138087815,36.64869138087815,36.64869138087815,36.64869138087815,36.68652270731401,36.68652270731401,36.68652270731401,36.68652270731401,36.68652270731401,36.68652270731401,36.81035696462643,36.81035696462643,36.885758257608515,,,,,,,,,,,,,,,,,,,,,,37.46905088062622,37.50859931506849,37.50859931506849,37.50859931506849,37.50859931506849,37.50859931506849,37.51286513157894,37.51786745706034,37.50633541992697,37.5024921649743,37.5024921649743,37.50245238095238,37.51559285184006,37.51553170059372,37.52650063482761,37.52650063482761,37.52650063482761,37.52845181006113,37.52845181006113,37.52845181006113,37.52845181006113,37.52845181006113,37.52842592592593,37.53086465141613,37.53086465141613,37.53086465141613,37.53087621381251,37.60016709213276,37.61727743882438,37.55056753623188,37.52786683848797,37.52399651109585,37.3868472378503,37.3868472378503,37.3868472378503,37.38644433729777,37.259161389961406,37.259161389961406,37.259161389961406,37.259161389961406,37.259161389961406,37.259161389961406,37.259161389961406,37.25787916216357,37.074935617103996,36.7272760626981,36.7272760626981,37.61727743882438,37.259161389961406,,37.51160208018788,36.72464661974835,37.52927299500167,37.515983716456645,"rgba(239, 83, 80, 1.0)",0.1367819663046263,37.49952103713544,-0.8006979289325559,38.999241158889895,-3.0961038171202446,False,True,False,True,False,0.0,0.0,0.0,0.0,0.0,0,0.9629171817058094,0.9645653069633287,False,False,False,False,-0.14464752423719637,-0.12211280419557996,False,False,False,False,-1647.0,-375.62488349958545,False,False,False,False,30.439639108348366,False,False,False,False
2025-07-22 15:00:00+00:00,37.39,37.39,37.3,37.3,1.0,,,,,,,,,,,,,,,,,,,,,,,,,,,,,,37.46891495601173,37.46891495601173,37.46891495601173,37.48118980169972,37.512744904667976,37.51151073105298,37.5062664580889,37.515283745659715,37.515283745659715,37.51538724373575,37.51621303337557,37.526489019033676,37.526489019033676,37.526489019033676,37.526489019033676,37.526489019033676,37.526489019033676,37.52845399061032,37.54310112073357,37.59849278398511,37.64964991087345,37.65258411082839,37.59913126927191,37.60200945404457,37.41700126055026,37.41700126055026,37.41700126055026,37.41700126055026,37.398838269407136,37.39468790322581,37.37645546666668,37.375180684362014,37.23429535347341,37.23429535347341,37.23429535347341,37.23429535347341,37.23429535347341,37.23429535347341,36.92586619783049,36.86311737531397,36.72472407028318,36.72538458258719,36.75464746945899,36.75460776330077,36.64270920502092,36.64270920502092,36.64270920502092,36.64875775288196,36.64875775288196,36.64875775288196,36.64875775288196,36.64875775288196,36.64875775288196,36.686583247091285,36.686583247091285,36.686583247091285,36.686583247091285,36.686583247091285,36.686583247091285,36.81040272396382,36.81040272396382,36.885796700126896,,,,,,,,,,,,,,,,,,,,,,37.46891495601173,37.50847707049965,37.50847707049965,37.50847707049965,37.50847707049965,37.50847707049965,37.512744904667976,37.51778182923123,37.5062664580889,37.50242731829574,37.50242731829574,37.502387573593886,37.51553382103477,37.515472708002115,37.526443077523915,37.526443077523915,37.526443077523915,37.528395845083665,37.528395845083665,37.528395845083665,37.528395845083665,37.528395845083665,37.52836998402405,37.53080996460659,37.53080996460659,37.53080996460659,37.5308215387407,37.60010440835268,37.61722091040273,37.550529183330426,37.527832846589924,37.523963229827864,37.386838101360766,37.386838101360766,37.386838101360766,37.3864352670202,37.25917232859791,37.25917232859791,37.25917232859791,37.25917232859791,37.25917232859791,37.25917232859791,37.25917232859791,37.25789029535866,37.074972793081685,36.72735456282018,36.72735456282018,37.61722091040273,37.25917232859791,,37.51151073105298,36.72472407028318,37.52919930188301,37.51590562443791,"rgba(239, 83, 80, 1.0)",0.13865807968855198,37.49940044688517,-1.4380730450981027,36.46256833756342,-6.084353536509127,False,True,False,True,False,0.0,0.0,0.0,0.0,0.0,0,0.9558282208588952,0.9648261758691201,False,False,False,False,-0.18052405152628206,-0.15131842786093103,False,False,False,False,-1648.0,-395.3516294918399,False,False,False,False,29.98321059504064,False,False,False,False
2025-07-22 16:00:00+00:00,37.3,37.3,37.3,37.3,0.0,,,,,,,,,,,,,,,,,,,,,,,,,,,,,,37.46891495601173,37.46891495601173,37.46891495601173,37.48118980169972,37.512744904667976,37.51151073105298,37.5062664580889,37.515283745659715,37.515283745659715,37.51538724373575,37.51621303337557,37.526489019033676,37.526489019033676,37.526489019033676,37.526489019033676,37.526489019033676,37.526489019033676,37.52845399061032,37.54310112073357,37.59849278398511,37.64964991087345,37.65258411082839,37.59913126927191,37.60200945404457,37.41700126055026,37.41700126055026,37.41700126055026,37.41700126055026,37.398838269407136,37.39468790322581,37.37645546666668,37.375180684362014,37.23429535347341,37.23429535347341,37.23429535347341,37.23429535347341,37.23429535347341,37.23429535347341,36.92586619783049,36.86311737531397,36.72472407028318,36.72538458258719,36.75464746945899,36.75460776330077,36.64270920502092,36.64270920502092,36.64270920502092,36.64875775288196,36.64875775288196,36.64875775288196,36.64875775288196,36.64875775288196,36.64875775288196,36.686583247091285,36.686583247091285,36.686583247091285,36.686583247091285,36.686583247091285,36.686583247091285,36.81040272396382,36.81040272396382,36.885796700126896,,,,,,,,,,,,,,,,,,,,,,37.46891495601173,37.50847707049965,37.50847707049965,37.50847707049965,37.50847707049965,37.50847707049965,37.512744904667976,37.51778182923123,37.5062664580889,37.50242731829574,37.50242731829574,37.502387573593886,37.51553382103477,37.515472708002115,37.526443077523915,37.526443077523915,37.526443077523915,37.528395845083665,37.528395845083665,37.528395845083665,37.528395845083665,37.528395845083665,37.52836998402405,37.53080996460659,37.53080996460659,37.53080996460659,37.5308215387407,37.60010440835268,37.61722091040273,37.550529183330426,37.527832846589924,37.523963229827864,37.386838101360766,37.386838101360766,37.386838101360766,37.3864352670202,37.25917232859791,37.25917232859791,37.25917232859791,37.25917232859791,37.25917232859791,37.25917232859791,37.25917232859791,37.25789029535866,37.074972793081685,36.72735456282018,36.72735456282018,37.61722091040273,37.25917232859791,,37.51151073105298,36.72472407028318,37.52919930188301,37.51590562443791,"rgba(239, 83, 80, 1.0)",0.14049632100546308,37.49940044688517,-1.4192574258041804,34.771453123345765,-8.193489569102049,False,True,False,True,False,0.0,0.0,0.0,0.0,0.0,0,0.9548683660676969,0.9933138320100294,False,False,False,False,-0.21686648234168215,-0.1840924551013066,False,False,False,False,-1648.0,-414.77253446095864,False,False,False,False,29.518354616822954,False,False,False,False
2025-07-22 17:00:00+00:00,37.3,37.3,37.3,37.3,0.0,,,,,,,,,,,,,,,,,,,,,,,,,,,,,,37.46891495601173,37.46891495601173,37.46891495601173,37.48118980169972,37.512744904667976,37.51151073105298,37.5062664580889,37.515283745659715,37.515283745659715,37.51538724373575,37.51621303337557,37.526489019033676,37.526489019033676,37.526489019033676,37.526489019033676,37.526489019033676,37.526489019033676,37.52845399061032,37.54310112073357,37.59849278398511,37.64964991087345,37.65258411082839,37.59913126927191,37.60200945404457,37.41700126055026,37.41700126055026,37.41700126055026,37.41700126055026,37.398838269407136,37.39468790322581,37.37645546666668,37.375180684362014,37.23429535347341,37.23429535347341,37.23429535347341,37.23429535347341,37.23429535347341,37.23429535347341,36.92586619783049,36.86311737531397,36.72472407028318,36.72538458258719,36.75464746945899,36.75460776330077,36.64270920502092,36.64270920502092,36.64270920502092,36.64875775288196,36.64875775288196,36.64875775288196,36.64875775288196,36.64875775288196,36.64875775288196,36.686583247091285,36.686583247091285,36.686583247091285,36.686583247091285,36.686583247091285,36.686583247091285,36.81040272396382,36.81040272396382,36.885796700126896,,,,,,,,,,,,,,,,,,,,,,37.46891495601173,37.50847707049965,37.50847707049965,37.50847707049965,37.50847707049965,37.50847707049965,37.512744904667976,37.51778182923123,37.5062664580889,37.50242731829574,37.50242731829574,37.502387573593886,37.51553382103477,37.515472708002115,37.526443077523915,37.526443077523915,37.526443077523915,37.528395845083665,37.528395845083665,37.528395845083665,37.528395845083665,37.528395845083665,37.52836998402405,37.53080996460659,37.53080996460659,37.53080996460659,37.5308215387407,37.60010440835268,37.61722091040273,37.550529183330426,37.527832846589924,37.523963229827864,37.386838101360766,37.386838101360766,37.386838101360766,37.3864352670202,37.25917232859791,37.25917232859791,37.25917232859791,37.25917232859791,37.25917232859791,37.25917232859791,37.25917232859791,37.25789029535866,37.074972793081685,36.72735456282018,36.72735456282018,37.61722091040273,37.25917232859791,,37.51151073105298,36.72472407028318,37.52919930188301,37.51590562443791,"rgba(239, 83, 80, 1.0)",0.1422981579839311,37.49940044688517,-1.4012862127680419,33.644042980533996,-9.7570943136949,False,True,False,True,False,0.0,0.0,0.0,0.0,0.0,0,0.9331383201002915,0.9933138320100294,False,False,False,False,-0.21686648234168215,-0.20047946872149436,False,False,False,False,-1648.0,-433.89234012823056,False,False,False,False,29.060705708035,False,False,False,False
2025-07-22 18:00:00+00:00,37.3,37.5,37.3,37.5,221.0,,,,,,,,,,,,,,,,,,,,,,,,,,,,,,37.4625937834941,37.4625937834941,37.4625937834941,37.47292708333333,37.50267030233448,37.50368945224082,37.50046436285097,37.509783885008595,37.509783885008595,37.50988210888483,37.510789161978074,37.52082691602493,37.52082691602493,37.52082691602493,37.52082691602493,37.52082691602493,37.52082691602493,37.52287943074339,37.53725142673419,37.59041214670505,37.63988562091504,37.64276956316252,37.59249093874592,37.59528674481514,37.41757390660532,37.41757390660532,37.41757390660532,37.41757390660532,37.40002942708334,37.39601801380886,37.37839798073456,37.377165508365515,37.24081973697223,37.24081973697223,37.24081973697223,37.24081973697223,37.24081973697223,37.24081973697223,36.94087358936617,36.87958382333726,36.74420928207043,36.744846788572374,36.771660806110106,36.77162016558921,36.6605732201888,36.6605732201888,36.6605732201888,36.66529324814038,36.66529324814038,36.66529324814038,36.66529324814038,36.66529324814038,36.66529324814038,36.701793548387094,36.701793548387094,36.701793548387094,36.701793548387094,36.701793548387094,36.701793548387094,36.822294204025205,36.822294204025205,36.89607143867989,,,,,,,,,,,,,,,,,,,,,,37.4625937834941,37.49860384462941,37.49860384462941,37.49860384462941,37.49860384462941,37.49860384462941,37.50267030233448,37.51005383022774,37.50046436285097,37.49712715492306,37.49712715492306,37.49709229701596,37.51013521545319,37.51007971875618,37.52078220999541,37.52078220999541,37.52078220999541,37.522818777099374,37.522818777099374,37.522818777099374,37.522818777099374,37.522818777099374,37.52279591295117,37.52527777777778,37.52527777777778,37.52527777777778,37.525290115532734,37.591970131685436,37.60955748318562,37.546192230408565,37.52437631027253,37.52065261707988,37.38843292462104,37.38843292462104,37.38843292462104,37.38804365818333,37.264919615748354,37.264919615748354,37.264919615748354,37.264919615748354,37.264919615748354,37.264919615748354,37.264919615748354,37.26367816091955,37.086155746964145,36.74710659577162,36.74710659577162,37.60955748318562,37.264919615748354,,37.50368945224082,36.74420928207043,37.522851314667925,37.50920620108462,"rgba(239, 83, 80, 0.75)",0.14145489205517214,37.48368953360372,0.11530507117361025,39.9883756679003,-9.7570943136949,False,True,False,True,True,0.0,0.0,0.0,0.0,0.0,0,0.9341834635952274,0.9777869189633893,False,False,False,False,-0.13672807639428816,-0.16860377255789127,False,False,False,False,-1427.0,-449.2893581107386,False,False,False,False,32.03650872031353,False,False,False,False
2025-07-22 19:00:00+00:00,37.5,37.5,37.41,37.43,101.0,,,,,,,,,,,,,,,,,,,,,,,,,,,,,,37.46139776951672,37.46139776951672,37.46139776951672,37.471006517016654,37.49960119370591,37.50119624819624,37.4985770522172,37.50790561775682,37.50790561775682,37.50800147275404,37.508927065363224,37.5188225849612,37.5188225849612,37.5188225849612,37.5188225849612,37.5188225849612,37.5188225849612,37.52089144283747,37.535097693032014,37.58726829796449,37.635980254819565,37.63883816329232,37.589869787032086,37.5926281142992,37.41803273995419,37.41803273995419,37.41803273995419,37.41803273995419,37.40075398656617,37.39680236123889,37.37944714952324,37.378232968369836,37.2438579570364,37.2438579570364,37.2438579570364,37.2438579570364,37.2438579570364,37.2438579570364,36.9476183874659,36.886970380878694,36.7529274186942,36.753554873054874,36.779306381069865,36.77926534350004,36.66860756931795,36.66860756931795,36.66860756931795,36.67274755202922,36.67274755202922,36.67274755202922,36.67274755202922,36.67274755202922,36.67274755202922,36.70866344017289,36.70866344017289,36.70866344017289,36.70866344017289,36.70866344017289,36.70866344017289,36.82769423988124,36.82769423988124,36.900753213223304,,,,,,,,,,,,,,,,,,,,,,37.46139776951672,37.495661805945026,37.495661805945026,37.495661805945026,37.495661805945026,37.495661805945026,37.49960119370591,37.507509273979856,37.4985770522172,37.495418063939184,37.495418063939184,37.49538495921332,37.50828572802461,37.50823238150177,37.51877855103497,37.51877855103497,37.51877855103497,37.52083031713203,37.52083031713203,37.52083031713203,37.52083031713203,37.52083031713203,37.52080856379771,37.523290362953695,37.523290362953695,37.523290362953695,37.523302886219554,37.58880181347151,37.606513076733286,37.54453702179043,37.523098648868626,37.51943776079769,37.38933170334149,37.38933170334149,37.38933170334149,37.38894830659537,37.267619888202425,37.267619888202425,37.267619888202425,37.267619888202425,37.267619888202425,37.267619888202425,37.267619888202425,37.266396078431384,37.0912248828252,36.75593854166667,36.75593854166667,37.606513076733286,37.267619888202425,,37.50119624819624,36.7529274186942,37.52075424385262,37.50704040176933,"rgba(239, 83, 80, 0.75)",0.1410979150146291,37.481911897865665,-0.3679139968884921,42.306311472858205,-14.406493049763277,False,True,False,True,True,0.0,0.0,0.0,0.0,0.0,0,0.9451494064674574,0.9778960294719604,False,False,False,False,-0.09344756028361917,-0.13102566642075522,False,False,False,False,-1528.0,-466.0135541090217,False,False,False,False,33.10571013550246,False,False,False,False
2025-07-23 14:00:00+00:00,37.43,37.43,37.43,37.43,0.0,,,,,,,,,,,,,,,,,,,,,,,,,,,,,,37.46139776951672,37.46139776951672,37.46139776951672,37.471006517016654,37.49960119370591,37.50119624819624,37.4985770522172,37.50790561775682,37.50790561775682,37.50800147275404,37.508927065363224,37.5188225849612,37.5188225849612,37.5188225849612,37.5188225849612,37.5188225849612,37.5188225849612,37.52089144283747,37.535097693032014,37.58726829796449,37.635980254819565,37.63883816329232,37.589869787032086,37.5926281142992,37.41803273995419,37.41803273995419,37.41803273995419,37.41803273995419,37.40075398656617,37.39680236123889,37.37944714952324,37.378232968369836,37.2438579570364,37.2438579570364,37.2438579570364,37.2438579570364,37.2438579570364,37.2438579570364,36.9476183874659,36.886970380878694,36.7529274186942,36.753554873054874,36.779306381069865,36.77926534350004,36.66860756931795,36.66860756931795,36.66860756931795,36.67274755202922,36.67274755202922,36.67274755202922,36.67274755202922,36.67274755202922,36.67274755202922,36.70866344017289,36.70866344017289,36.70866344017289,36.70866344017289,36.70866344017289,36.70866344017289,36.82769423988124,36.82769423988124,36.900753213223304,,,,,,,,,,,,,,,,,,,,,,37.46139776951672,37.495661805945026,37.495661805945026,37.495661805945026,37.495661805945026,37.495661805945026,37.49960119370591,37.507509273979856,37.4985770522172,37.495418063939184,37.495418063939184,37.49538495921332,37.50828572802461,37.50823238150177,37.51877855103497,37.51877855103497,37.51877855103497,37.52083031713203,37.52083031713203,37.52083031713203,37.52083031713203,37.52083031713203,37.52080856379771,37.523290362953695,37.523290362953695,37.523290362953695,37.523302886219554,37.58880181347151,37.606513076733286,37.54453702179043,37.523098648868626,37.51943776079769,37.38933170334149,37.38933170334149,37.38933170334149,37.38894830659537,37.267619888202425,37.267619888202425,37.267619888202425,37.267619888202425,37.267619888202425,37.267619888202425,37.267619888202425,37.266396078431384,37.0912248828252,36.75593854166667,36.75593854166667,37.606513076733286,37.267619888202425,,37.50119624819624,36.7529274186942,37.52075424385262,37.50704040176933,"rgba(239, 83, 80, 0.75)",0.1407388803148805,37.481911897865665,-0.36885257115532316,43.851602009496816,-12.761701050833736,False,True,False,True,True,0.0,0.0,0.0,0.0,0.0,0,0.9467867376176827,0.9811706917724107,False,False,False,False,-0.11306763948718228,-0.12204665295396874,False,False,False,False,-1528.0,-482.47846024686635,False,False,False,False,32.59244331169622,False,False,False,False
2025-07-23 15:00:00+00:00,37.43,37.505,37.4,37.45,5.0,,,,,,,,,,,,,,,,,,,,,,,,,,,,,,37.461361728395055,37.461361728395055,37.461361728395055,37.47093674843675,37.49947150072149,37.50108927285816,37.49849572353212,37.50782288908501,37.50782288908501,37.50791862745097,37.50884486553736,37.518732852307146,37.518732852307146,37.518732852307146,37.518732852307146,37.518732852307146,37.518732852307146,37.520802166623675,37.53499960811976,37.58712163818589,37.63579601492737,37.6386525877454,37.589746917970594,37.59250339173007,37.418058979559994,37.418058979559994,37.418058979559994,37.418058979559994,37.400793114048575,37.39684438996987,37.37950205260758,37.378288760573376,37.24400968652649,37.24400968652649,37.24400968652649,37.24400968652649,37.24400968652649,37.24400968652649,36.94795091700753,36.88733427847232,36.753356461582555,36.75398342541437,36.77968318015393,36.77964212335165,36.66900357371633,36.66900357371633,36.66900357371633,36.67311524420947,36.67311524420947,36.67311524420947,36.67311524420947,36.67311524420947,36.67311524420947,36.70900252525252,36.70900252525252,36.70900252525252,36.70900252525252,36.70900252525252,36.70900252525252,36.827961282775526,36.827961282775526,36.900985020617675,,,,,,,,,,,,,,,,,,,,,,37.461361728395055,37.49553877703205,37.49553877703205,37.49553877703205,37.49553877703205,37.49553877703205,37.49947150072149,37.50739851910617,37.49849572353212,37.4953448275862,37.4953448275862,37.495311802766615,37.508204167867085,37.50815092165898,37.51868885324779,37.51868885324779,37.51868885324779,37.52074102762717,37.52074102762717,37.52074102762717,37.52074102762717,37.52074102762717,37.52071932541731,37.523200833333334,37.523200833333334,37.523200833333334,37.52321336332584,37.588653942922875,37.606369938990575,37.54446062301195,37.52304055519409,37.51938271604937,37.389379294548796,37.389379294548796,37.389379294548796,37.38899618320611,37.26775515703857,37.26775515703857,37.26775515703857,37.26775515703857,37.26775515703857,37.26775515703857,37.26775515703857,37.266532206710764,37.09147560749399,36.75637310014575,36.75637310014575,37.606369938990575,37.26775515703857,,37.50108927285816,36.753356461582555,37.52066264482391,37.50694682377374,"rgba(239, 83, 80, 0.75)",0.14018408103786364,37.47937839770397,-0.20957014153433107,45.55167609359526,-10.903421316865717,False,True,False,True,True,0.0,0.0,0.0,0.0,0.0,0,0.9517579721995086,0.9750613246116102,False,False,False,False,-0.09540609699357697,-0.10872637497377285,False,False,False,False,-1523.0,-498.6105771422637,False,False,False,False,32.16465349291023,False,False,False,False
2025-07-23 16:00:00+00:00,37.45,37.45,37.34,37.34,2.0,,,,,,,,,,,,,,,,,,,,,,,,,,,,,,37.4612364398422,37.4612364398422,37.4612364398422,37.47080091258405,37.49933873873873,37.50098187311177,37.49841129591129,37.50774576105066,37.50774576105066,37.50784146580442,37.508769010043025,37.51865696225071,37.51865696225071,37.51865696225071,37.51865696225071,37.51865696225071,37.51865696225071,37.520727850820656,37.53492518605562,37.587030630630636,37.63569244604317,37.63854872811365,37.58967116956985,37.592427029895624,37.41804606665627,37.41804606665627,37.41804606665627,37.41804606665627,37.40078569965171,37.39683820901619,37.379501190657145,37.3782882677604,37.244048418491495,37.244048418491495,37.244048418491495,37.244048418491495,37.244048418491495,37.244048418491495,36.94806401969838,36.88746037881718,36.75350951503991,36.754136287385954,36.77981697295683,36.77977591036416,36.66914669498096,36.66914669498096,36.66914669498096,36.67324806494243,36.67324806494243,36.67324806494243,36.67324806494243,36.67324806494243,36.67324806494243,36.70912438401168,36.70912438401168,36.70912438401168,36.70912438401168,36.70912438401168,36.70912438401168,36.828055198973026,36.828055198973026,36.90106506801288,,,,,,,,,,,,,,,,,,,,,,37.4612364398422,37.49540595903164,37.49540595903164,37.49540595903164,37.49540595903164,37.49540595903164,37.49933873873873,37.50729488703923,37.49841129591129,37.49526541764246,37.49526541764246,37.495232441471565,37.50812841923408,37.50807522548454,37.51861296642621,37.51861296642621,37.51861296642621,37.52066666666667,37.52066666666667,37.52066666666667,37.52066666666667,37.52066666666667,37.52064499484004,37.52312760286524,37.52312760286524,37.52312760286524,37.523140144891336,37.588562549400024,37.60628503665373,37.544405427631574,37.52299295392953,37.519336364620536,37.38937541342289,37.38937541342289,37.38937541342289,37.38899241961742,37.2677871662993,37.2677871662993,37.2677871662993,37.2677871662993,37.2677871662993,37.2677871662993,37.2677871662993,37.26656456588807,37.09155493741309,36.75652803796679,36.75652803796679,37.60628503665373,37.2677871662993,,37.50098187311177,36.75350951503991,37.520574200764436,37.506854020453886,"rgba(239, 83, 80, 0.75)",0.14116545145515766,37.47815910225928,-0.9787033642800868,43.58699771925795,-10.903421316865717,False,True,False,True,True,0.0,0.0,0.0,0.0,0.0,0,0.9477097689501417,0.9724361572760435,False,False,False,False,-0.14068560887598525,-0.12470599192487905,False,False,False,False,-1525.0,-514.5235914501355,False,False,False,False,31.696984446508523,False,False,False,False
2025-07-23 17:00:00+00:00,37.34,37.34,37.34,37.34,4.0,,,,,,,,,,,,,,,,,,,,,,,,,,,,,,37.46087881022615,37.46087881022615,37.46087881022615,37.47042504789272,37.498994965839614,37.500704437742336,37.498192041522486,37.507548702887895,37.507548702887895,37.50764435310236,37.5085755230725,37.51846629313411,37.51846629313411,37.51846629313411,37.51846629313411,37.51846629313411,37.51846629313411,37.5205416773972,37.53474211473741,37.58681716713473,37.63545626996805,37.6383122070377,37.58949378330372,37.59224854162983,37.41799740192258,37.41799740192258,37.41799740192258,37.41799740192258,37.40074836199836,37.39680340833716,37.37947718871842,37.37826501695258,37.24410441591286,37.24410441591286,37.24410441591286,37.24410441591286,37.24410441591286,37.24410441591286,36.94827070973414,36.88769349645848,36.753797398453806,36.75442379258169,36.78006795101554,36.78002687870983,36.6694179386098,36.6694179386098,36.6694179386098,36.67349971692773,36.67349971692773,36.67349971692773,36.67349971692773,36.67349971692773,36.67349971692773,36.70935458857873,36.70935458857873,36.70935458857873,36.70935458857873,36.70935458857873,36.70935458857873,36.82823038754383,36.82823038754383,36.90121274567526,,,,,,,,,,,,,,,,,,,,,,37.46087881022615,37.49505945745075,37.49505945745075,37.49505945745075,37.49505945745075,37.49505945745075,37.498994965839614,37.507030075187956,37.498192041522486,37.49505791290789,37.49505791290789,37.495025050100196,37.507935001438014,37.50788192447766,37.51842229339026,37.51842229339026,37.51842229339026,37.52048036435507,37.52048036435507,37.52048036435507,37.52048036435507,37.52048036435507,37.52045876288659,37.522944749542354,37.522944749542354,37.522944749542354,37.522957324681805,37.58834840979252,37.60608833487227,37.544271038790264,37.52287401148303,37.519219950232596,37.389345283498606,37.389345283498606,37.389345283498606,37.3889625279642,37.26782958829002,37.26782958829002,37.26782958829002,37.26782958829002,37.26782958829002,37.26782958829002,37.26782958829002,37.266607693437095,37.091693077564656,36.75681937336164,36.75681937336164,37.60608833487227,37.26782958829002,,37.500704437742336,36.753797398453806,37.520347085102486,37.50661471783116,"rgba(239, 83, 80, 1.0)",0.14303949558479048,37.47610510812195,-0.951521169488925,42.277212136366416,-10.903421316865717,False,True,False,True,False,0.0,0.0,0.0,0.0,0.0,0,0.9468917249897075,0.9962947715109092,False,False,False,False,-0.18453720180939626,-0.15462159686713767,False,False,False,False,-1525.0,-530.1898923578854,False,False,False,False,31.267573834934748,False,False,False,False
2025-07-23 18:00:00+00:00,37.4,37.4,37.35,37.35,3.0,,,,,,,,,,,,,,,,,,,,,,,,,,,,,,37.46067083639931,37.46067083639931,37.46067083639931,37.47020191158901,37.498781188296526,37.50053141135971,37.498055651572756,37.507424687010946,37.507424687010946,37.50752028942993,37.508453608247414,37.518344885808226,37.518344885808226,37.518344885808226,37.518344885808226,37.518344885808226,37.518344885808226,37.52042288557213,37.53462380728922,37.5866745826137,37.6352953502295,37.63815089733439,37.589375110953306,37.59212897526501,37.41797340812298,37.41797340812298,37.41797340812298,37.41797340812298,37.40073266820159,37.3967895756834,37.379471353375855,37.37825973697522,37.24415803801469,37.24415803801469,37.24415803801469,37.24415803801469,37.24415803801469,37.24415803801469,36.94843612721842,36.88787847579816,36.75402293915604,36.75464904750225,36.780264994588144,36.78022391401703,36.669629311506334,36.669629311506334,36.669629311506334,36.673695877747384,36.673695877747384,36.673695877747384,36.673695877747384,36.673695877747384,36.673695877747384,36.70953442772458,36.70953442772458,36.70953442772458,36.70953442772458,36.70953442772458,36.70953442772458,36.82836854259321,36.82836854259321,36.901330165937864,,,,,,,,,,,,,,,,,,,,,,37.46067083639931,37.49484511222407,37.49484511222407,37.49484511222407,37.49484511222407,37.49484511222407,37.498781188296526,37.506863636363626,37.498055651572756,37.49492935024477,37.49492935024477,37.494896563229894,37.507813218390794,37.507760222158375,37.51830088888888,37.51830088888888,37.51830088888888,37.520361497509874,37.520361497509874,37.520361497509874,37.520361497509874,37.520361497509874,37.52033994334277,37.52282780410742,37.52282780410742,37.52282780410742,37.52284039900249,37.5882052661788,37.60595576473484,37.544183505832095,37.52279789940987,37.519145715058116,37.38933490901698,37.38933490901698,37.38933490901698,37.38895233013162,37.267873116069694,37.267873116069694,37.267873116069694,37.267873116069694,37.267873116069694,37.267873116069694,37.267873116069694,37.26665174640447,37.09180769765182,36.75704766658348,36.75704766658348,37.60595576473484,37.267873116069694,,37.50053141135971,36.75402293915604,37.52020481103779,37.50646525135179,"rgba(239, 83, 80, 1.0)",0.14466254612755322,37.47553336573501,-0.8677668760532034,41.834023930699615,-10.903421316865717,False,True,False,True,False,0.0,0.0,0.0,0.0,0.0,0,0.9328144203195412,0.9909873002867672,False,False,False,False,-0.15656089071467688,-0.15559124379090727,False,False,False,False,-1522.0,-545.5667932515615,False,False,False,False,30.82931687625359,False,False,False,False
2025-07-23 19:00:00+00:00,37.35,37.35,37.35,37.35,0.0,,,,,,,,,,,,,,,,,,,,,,,,,,,,,,37.46067083639931,37.46067083639931,37.46067083639931,37.47020191158901,37.498781188296526,37.50053141135971,37.498055651572756,37.507424687010946,37.507424687010946,37.50752028942993,37.508453608247414,37.518344885808226,37.518344885808226,37.518344885808226,37.518344885808226,37.518344885808226,37.518344885808226,37.52042288557213,37.53462380728922,37.5866745826137,37.6352953502295,37.63815089733439,37.589375110953306,37.59212897526501,37.41797340812298,37.41797340812298,37.41797340812298,37.41797340812298,37.40073266820159,37.3967895756834,37.379471353375855,37.37825973697522,37.24415803801469,37.24415803801469,37.24415803801469,37.24415803801469,37.24415803801469,37.24415803801469,36.94843612721842,36.88787847579816,36.75402293915604,36.75464904750225,36.780264994588144,36.78022391401703,36.669629311506334,36.669629311506334,36.669629311506334,36.673695877747384,36.673695877747384,36.673695877747384,36.673695877747384,36.673695877747384,36.673695877747384,36.70953442772458,36.70953442772458,36.70953442772458,36.70953442772458,36.70953442772458,36.70953442772458,36.82836854259321,36.82836854259321,36.901330165937864,,,,,,,,,,,,,,,,,,,,,,37.46067083639931,37.49484511222407,37.49484511222407,37.49484511222407,37.49484511222407,37.49484511222407,37.498781188296526,37.506863636363626,37.498055651572756,37.49492935024477,37.49492935024477,37.494896563229894,37.507813218390794,37.507760222158375,37.51830088888888,37.51830088888888,37.51830088888888,37.520361497509874,37.520361497509874,37.520361497509874,37.520361497509874,37.520361497509874,37.52033994334277,37.52282780410742,37.52282780410742,37.52282780410742,37.52284039900249,37.5882052661788,37.60595576473484,37.544183505832095,37.52279789940987,37.519145715058116,37.38933490901698,37.38933490901698,37.38933490901698,37.38895233013162,37.267873116069694,37.267873116069694,37.267873116069694,37.267873116069694,37.267873116069694,37.267873116069694,37.267873116069694,37.26665174640447,37.09180769765182,36.75704766658348,36.75704766658348,37.60595576473484,37.267873116069694,,37.50053141135971,36.75402293915604,37.52020481103779,37.50646525135179,"rgba(239, 83, 80, 1.0)",0.1458270294642829,37.47553336573501,-0.8608374331985958,41.538565126921746,-10.903421316865717,False,True,False,True,False,0.0,0.0,0.0,0.0,0.0,0,0.936651583710407,0.9950637597696413,False,False,False,False,-0.17651664550176172,-0.1660539446463345,False,False,False,False,-1522.0,-560.7052925809946,False,False,False,False,30.351342971195393,False,False,False,False
2025-07-24 14:00:00+00:00,37.35,37.35,37.35,37.35,0.0,,,,,,,,,,,,,,,,,,,,,,,,,,,,,,37.46067083639931,37.46067083639931,37.46067083639931,37.47020191158901,37.498781188296526,37.50053141135971,37.498055651572756,37.507424687010946,37.507424687010946,37.50752028942993,37.508453608247414,37.518344885808226,37.518344885808226,37.518344885808226,37.518344885808226,37.518344885808226,37.518344885808226,37.52042288557213,37.53462380728922,37.5866745826137,37.6352953502295,37.63815089733439,37.589375110953306,37.59212897526501,37.41797340812298,37.41797340812298,37.41797340812298,37.41797340812298,37.40073266820159,37.3967895756834,37.379471353375855,37.37825973697522,37.24415803801469,37.24415803801469,37.24415803801469,37.24415803801469,37.24415803801469,37.24415803801469,36.94843612721842,36.88787847579816,36.75402293915604,36.75464904750225,36.780264994588144,36.78022391401703,36.669629311506334,36.669629311506334,36.669629311506334,36.673695877747384,36.673695877747384,36.673695877747384,36.673695877747384,36.673695877747384,36.673695877747384,36.70953442772458,36.70953442772458,36.70953442772458,36.70953442772458,36.70953442772458,36.70953442772458,36.82836854259321,36.82836854259321,36.901330165937864,,,,,,,,,,,,,,,,,,,,,,37.46067083639931,37.49484511222407,37.49484511222407,37.49484511222407,37.49484511222407,37.49484511222407,37.498781188296526,37.506863636363626,37.498055651572756,37.49492935024477,37.49492935024477,37.494896563229894,37.507813218390794,37.507760222158375,37.51830088888888,37.51830088888888,37.51830088888888,37.520361497509874,37.520361497509874,37.520361497509874,37.520361497509874,37.520361497509874,37.52033994334277,37.52282780410742,37.52282780410742,37.52282780410742,37.52284039900249,37.5882052661788,37.60595576473484,37.544183505832095,37.52279789940987,37.519145715058116,37.38933490901698,37.38933490901698,37.38933490901698,37.38895233013162,37.267873116069694,37.267873116069694,37.267873116069694,37.267873116069694,37.267873116069694,37.267873116069694,37.267873116069694,37.26665174640447,37.09180769765182,36.75704766658348,36.75704766658348,37.60595576473484,37.267873116069694,,37.50053141135971,36.75402293915604,37.52020481103779,37.50646525135179,"rgba(239, 83, 80, 1.0)",0.14697235751571885,37.47553336573501,-0.8541290883327047,41.34159259106983,-10.903421316865717,False,True,False,True,False,0.0,0.0,0.0,0.0,0.0,0,0.9346072186836516,1.022929936305732,False,False,False,False,-0.17651664550176172,-0.1712852950740481,False,False,False,False,-1522.0,-575.6090864944675,False,False,False,False,29.880779514277634,False,False,False,False
2025-07-24 15:00:00+00:00,37.35,37.35,37.35,37.35,0.0,,,,,,,,,,,,,,,,,,,,,,,,,,,,,,37.46067083639931,37.46067083639931,37.46067083639931,37.47020191158901,37.498781188296526,37.50053141135971,37.498055651572756,37.507424687010946,37.507424687010946,37.50752028942993,37.508453608247414,37.518344885808226,37.518344885808226,37.518344885808226,37.518344885808226,37.518344885808226,37.518344885808226,37.52042288557213,37.53462380728922,37.5866745826137,37.6352953502295,37.63815089733439,37.589375110953306,37.59212897526501,37.41797340812298,37.41797340812298,37.41797340812298,37.41797340812298,37.40073266820159,37.3967895756834,37.379471353375855,37.37825973697522,37.24415803801469,37.24415803801469,37.24415803801469,37.24415803801469,37.24415803801469,37.24415803801469,36.94843612721842,36.88787847579816,36.75402293915604,36.75464904750225,36.780264994588144,36.78022391401703,36.669629311506334,36.669629311506334,36.669629311506334,36.673695877747384,36.673695877747384,36.673695877747384,36.673695877747384,36.673695877747384,36.673695877747384,36.70953442772458,36.70953442772458,36.70953442772458,36.70953442772458,36.70953442772458,36.70953442772458,36.82836854259321,36.82836854259321,36.901330165937864,,,,,,,,,,,,,,,,,,,,,,37.46067083639931,37.49484511222407,37.49484511222407,37.49484511222407,37.49484511222407,37.49484511222407,37.498781188296526,37.506863636363626,37.498055651572756,37.49492935024477,37.49492935024477,37.494896563229894,37.507813218390794,37.507760222158375,37.51830088888888,37.51830088888888,37.51830088888888,37.520361497509874,37.520361497509874,37.520361497509874,37.520361497509874,37.520361497509874,37.52033994334277,37.52282780410742,37.52282780410742,37.52282780410742,37.52284039900249,37.5882052661788,37.60595576473484,37.544183505832095,37.52279789940987,37.519145715058116,37.38933490901698,37.38933490901698,37.38933490901698,37.38895233013162,37.267873116069694,37.267873116069694,37.267873116069694,37.267873116069694,37.267873116069694,37.267873116069694,37.267873116069694,37.26665174640447,37.09180769765182,36.75704766658348,36.75704766658348,37.60595576473484,37.267873116069694,,37.50053141135971,36.75402293915604,37.52020481103779,37.50646525135179,"rgba(239, 83, 80, 1.0)",0.14780486892905145,37.47553336573501,-0.8493182034163379,41.21027756716856,-10.903421316865717,False,True,False,True,False,0.0,0.0,0.0,0.0,0.0,0,0.9460165433173702,1.0026121027427073,False,False,False,False,-0.17651664550176172,-0.1739009702879049,False,False,False,False,-1522.0,-590.2818138356386,False,False,False,False,29.41751161483147,False,False,False,False
2025-07-24 16:00:00+00:00,37.35,37.35,37.35,37.35,0.0,,,,,,,,,,,,,,,,,,,,,,,,,,,,,,37.46067083639931,37.46067083639931,37.46067083639931,37.47020191158901,37.498781188296526,37.50053141135971,37.498055651572756,37.507424687010946,37.507424687010946,37.50752028942993,37.508453608247414,37.518344885808226,37.518344885808226,37.518344885808226,37.518344885808226,37.518344885808226,37.518344885808226,37.52042288557213,37.53462380728922,37.5866745826137,37.6352953502295,37.63815089733439,37.589375110953306,37.59212897526501,37.41797340812298,37.41797340812298,37.41797340812298,37.41797340812298,37.40073266820159,37.3967895756834,37.379471353375855,37.37825973697522,37.24415803801469,37.24415803801469,37.24415803801469,37.24415803801469,37.24415803801469,37.24415803801469,36.94843612721842,36.88787847579816,36.75402293915604,36.75464904750225,36.780264994588144,36.78022391401703,36.669629311506334,36.669629311506334,36.669629311506334,36.673695877747384,36.673695877747384,36.673695877747384,36.673695877747384,36.673695877747384,36.673695877747384,36.70953442772458,36.70953442772458,36.70953442772458,36.70953442772458,36.70953442772458,36.70953442772458,36.82836854259321,36.82836854259321,36.901330165937864,,,,,,,,,,,,,,,,,,,,,,37.46067083639931,37.49484511222407,37.49484511222407,37.49484511222407,37.49484511222407,37.49484511222407,37.498781188296526,37.506863636363626,37.498055651572756,37.49492935024477,37.49492935024477,37.494896563229894,37.507813218390794,37.507760222158375,37.51830088888888,37.51830088888888,37.51830088888888,37.520361497509874,37.520361497509874,37.520361497509874,37.520361497509874,37.520361497509874,37.52033994334277,37.52282780410742,37.52282780410742,37.52282780410742,37.52284039900249,37.5882052661788,37.60595576473484,37.544183505832095,37.52279789940987,37.519145715058116,37.38933490901698,37.38933490901698,37.38933490901698,37.38895233013162,37.267873116069694,37.267873116069694,37.267873116069694,37.267873116069694,37.267873116069694,37.267873116069694,37.267873116069694,37.26665174640447,37.09180769765182,36.75704766658348,36.75704766658348,37.60595576473484,37.267873116069694,,37.50053141135971,36.75402293915604,37.52020481103779,37.50646525135179,"rgba(239, 83, 80, 1.0)",0.14852357473514924,37.47553336573501,-0.8452083513264703,41.12273421790105,-10.903421316865717,False,True,False,True,False,0.0,0.0,0.0,0.0,0.0,0,0.9445686186857395,1.0286097451944562,False,False,False,False,-0.17651664550176172,-0.1752088078948333,False,False,False,False,-1522.0,-604.7270570319852,False,False,False,False,28.96142616343873,False,False,False,False
2025-07-24 17:00:00+00:00,37.35,37.35,37.35,37.35,0.0,,,,,,,,,,,,,,,,,,,,,,,,,,,,,,37.46067083639931,37.46067083639931,37.46067083639931,37.47020191158901,37.498781188296526,37.50053141135971,37.498055651572756,37.507424687010946,37.507424687010946,37.50752028942993,37.508453608247414,37.518344885808226,37.518344885808226,37.518344885808226,37.518344885808226,37.518344885808226,37.518344885808226,37.52042288557213,37.53462380728922,37.5866745826137,37.6352953502295,37.63815089733439,37.589375110953306,37.59212897526501,37.41797340812298,37.41797340812298,37.41797340812298,37.41797340812298,37.40073266820159,37.3967895756834,37.379471353375855,37.37825973697522,37.24415803801469,37.24415803801469,37.24415803801469,37.24415803801469,37.24415803801469,37.24415803801469,36.94843612721842,36.88787847579816,36.75402293915604,36.75464904750225,36.780264994588144,36.78022391401703,36.669629311506334,36.669629311506334,36.669629311506334,36.673695877747384,36.673695877747384,36.673695877747384,36.673695877747384,36.673695877747384,36.673695877747384,36.70953442772458,36.70953442772458,36.70953442772458,36.70953442772458,36.70953442772458,36.70953442772458,36.82836854259321,36.82836854259321,36.901330165937864,,,,,,,,,,,,,,,,,,,,,,37.46067083639931,37.49484511222407,37.49484511222407,37.49484511222407,37.49484511222407,37.49484511222407,37.498781188296526,37.506863636363626,37.498055651572756,37.49492935024477,37.49492935024477,37.494896563229894,37.507813218390794,37.507760222158375,37.51830088888888,37.51830088888888,37.51830088888888,37.520361497509874,37.520361497509874,37.520361497509874,37.520361497509874,37.520361497509874,37.52033994334277,37.52282780410742,37.52282780410742,37.52282780410742,37.52284039900249,37.5882052661788,37.60595576473484,37.544183505832095,37.52279789940987,37.519145715058116,37.38933490901698,37.38933490901698,37.38933490901698,37.38895233013162,37.267873116069694,37.267873116069694,37.267873116069694,37.267873116069694,37.267873116069694,37.267873116069694,37.267873116069694,37.26665174640447,37.09180769765182,36.75704766658348,36.75704766658348,37.60595576473484,37.267873116069694,,37.50053141135971,36.75402293915604,37.52020481103779,37.50646525135179,"rgba(239, 83, 80, 1.0)",0.14940497597704752,37.47553336573501,-0.8402221205423203,41.064371985056034,-10.903421316865717,False,True,False,True,False,0.0,0.0,0.0,0.0,0.0,0,0.9827906976744184,1.0297674418604645,False,False,False,False,-0.17651664550176172,-0.1758627266982975,False,False,False,False,-1522.0,-618.9483429694737,False,False,False,False,28.512411804315647,False,False,False,False
2025-07-24 18:00:00+00:00,37.35,37.35,37.3,37.3,57.0,,,,,,,,,,,,,,,,,,,,,,,,,,,,,,37.45487405838041,37.45487405838041,37.45487405838041,37.46417470156106,37.49335771508184,37.49612977740444,37.494550847457624,37.50428667628667,37.50428667628667,37.50438161184842,37.5053733446041,37.51532606792716,37.51532606792716,37.51532606792716,37.51532606792716,37.51532606792716,37.51532606792716,37.517477386085034,37.53174731805201,37.583392336674486,37.631711720599846,37.63456416780844,37.5866432337434,37.589382543291926,37.41708159588159,37.41708159588159,37.41708159588159,37.41708159588159,37.4000035504159,37.39609687041812,37.378932460233834,37.377731558096386,37.24475580946872,37.24475580946872,37.24475580946872,37.24475580946872,37.24475580946872,37.24475580946872,36.951181600174415,36.891001916932915,36.75792971129249,36.75855052165794,36.78366674083964,36.783625542329524,36.67333484041662,36.67333484041662,36.67333484041662,36.677134546819296,36.677134546819296,36.677134546819296,36.677134546819296,36.677134546819296,36.677134546819296,36.71267419706042,36.71267419706042,36.71267419706042,36.71267419706042,36.71267419706042,36.71267419706042,36.830737509575265,36.830737509575265,36.903311434708606,,,,,,,,,,,,,,,,,,,,,,37.45487405838041,37.48936713412441,37.48936713412441,37.48936713412441,37.48936713412441,37.48936713412441,37.49335771508184,37.502672980286036,37.494550847457624,37.49160115733158,37.49160115733158,37.49157007203667,37.50473282442747,37.50468155266628,37.515281936783104,37.515281936783104,37.515281936783104,37.51741389523568,37.51741389523568,37.51741389523568,37.51741389523568,37.51741389523568,37.51739340101522,37.51993769470405,37.51993769470405,37.51993769470405,37.51995082370297,37.58491423913814,37.60294398782344,37.54207275390624,37.52090709151378,37.51729079609985,37.388708742756364,37.388708742756364,37.388708742756364,37.388329554615076,37.268278012325915,37.268278012325915,37.268278012325915,37.268278012325915,37.268278012325915,37.268278012325915,37.268278012325915,37.26706665696406,37.093574579542334,36.76099987609962,36.76099987609962,37.60294398782344,37.268278012325915,,37.49612977740444,36.75792971129249,37.51660480941487,37.5026664845029,"rgba(239, 83, 80, 1.0)",0.1511587972360109,37.466111836117605,-1.098922716739074,38.59449326303752,-8.136319277025521,False,True,False,True,False,0.0,0.0,0.0,0.0,0.0,0,0.9781496978149692,0.9934913993491392,False,False,False,False,-0.19661254321895796,-0.18623763495862772,False,False,False,False,-1579.0,-633.8328647839005,False,False,False,False,28.954079838357266,False,False,False,False
2025-07-24 19:00:00+00:00,37.3,37.3,37.29,37.29,1.0,,,,,,,,,,,,,,,,,,,,,,,,,,,,,,37.4547600564573,37.4547600564573,37.4547600564573,37.46405712319339,37.493253263707565,37.496044640358235,37.494482661244774,37.50422581265627,37.50422581265627,37.50432073839053,37.50531361502346,37.51526778682068,37.51526778682068,37.51526778682068,37.51526778682068,37.51526778682068,37.51526778682068,37.51742055442866,37.531692129629626,37.58333049040512,37.63164496613402,37.63449739073712,37.58659169448836,37.58933076833391,37.41706248713197,37.41706248713197,37.41706248713197,37.41706248713197,37.39998732187231,37.39608128601759,37.37891957656031,37.37771886281589,37.24476283441794,37.24476283441794,37.24476283441794,37.24476283441794,37.24476283441794,37.24476283441794,36.95122634928939,36.89105332651845,36.75799492488835,36.75861564377334,36.783723439759704,36.783682239525405,36.6733971267832,36.6733971267832,36.6733971267832,36.677192357006604,36.677192357006604,36.677192357006604,36.677192357006604,36.677192357006604,36.677192357006604,36.7127268741117,36.7127268741117,36.7127268741117,36.7127268741117,36.7127268741117,36.7127268741117,36.830776879432605,36.830776879432605,36.90334407252439,,,,,,,,,,,,,,,,,,,,,37.29333333333333,37.4547600564573,37.4892614555256,37.4892614555256,37.4892614555256,37.4892614555256,37.4892614555256,37.493253263707565,37.502592091705296,37.494482661244774,37.49153623662956,37.49153623662956,37.4915051827605,37.50467307329941,37.50462183290947,37.515223651960774,37.515223651960774,37.515223651960774,37.51735702199662,37.51735702199662,37.51735702199662,37.51735702199662,37.51735702199662,37.51733654740759,37.519881976887135,37.519881976887135,37.519881976887135,37.51989511635529,37.584852253401365,37.60288744825907,37.542032275562775,37.520870474658075,37.517254807434774,37.38869432688433,37.38869432688433,37.38869432688433,37.38831519822679,37.268281659388656,37.268281659388656,37.268281659388656,37.268281659388656,37.268281659388656,37.268281659388656,37.268281659388656,37.26707047923943,37.09360211348497,36.76106582424843,36.76106582424843,37.60288744825907,37.268281659388656,,37.496044640358235,36.75799492488835,37.51653524155261,37.493531033458595,"rgba(239, 83, 80, 1.0)",0.15307435042035092,37.45571570677246,-1.082583112829778,36.515676834712956,-10.253034767429746,False,True,False,True,False,0.0,0.0,0.0,0.0,0.0,0,0.9730608453320941,0.9981421272642821,False,False,False,False,-0.22093786539937885,-0.20358775017900327,False,False,False,False,-1580.0,-648.5021226942276,False,False,False,False,28.52068325171607,False,False,False,False
2025-07-25 14:00:00+00:00,37.29,37.29,37.29,37.29,0.0,,,,,,,,,,,,,,,,,,,,,,,,,,,,,,37.4547600564573,37.4547600564573,37.4547600564573,37.46405712319339,37.493253263707565,37.496044640358235,37.494482661244774,37.50422581265627,37.50422581265627,37.50432073839053,37.50531361502346,37.51526778682068,37.51526778682068,37.51526778682068,37.51526778682068,37.51526778682068,37.51526778682068,37.51742055442866,37.531692129629626,37.58333049040512,37.63164496613402,37.63449739073712,37.58659169448836,37.58933076833391,37.41706248713197,37.41706248713197,37.41706248713197,37.41706248713197,37.39998732187231,37.39608128601759,37.37891957656031,37.37771886281589,37.24476283441794,37.24476283441794,37.24476283441794,37.24476283441794,37.24476283441794,37.24476283441794,36.95122634928939,36.89105332651845,36.75799492488835,36.75861564377334,36.783723439759704,36.783682239525405,36.6733971267832,36.6733971267832,36.6733971267832,36.677192357006604,36.677192357006604,36.677192357006604,36.677192357006604,36.677192357006604,36.677192357006604,36.7127268741117,36.7127268741117,36.7127268741117,36.7127268741117,36.7127268741117,36.7127268741117,36.830776879432605,36.830776879432605,36.90334407252439,,,,,,,,,,,,,,,,,,,,,37.29333333333333,37.4547600564573,37.4892614555256,37.4892614555256,37.4892614555256,37.4892614555256,37.4892614555256,37.493253263707565,37.502592091705296,37.494482661244774,37.49153623662956,37.49153623662956,37.4915051827605,37.50467307329941,37.50462183290947,37.515223651960774,37.515223651960774,37.515223651960774,37.51735702199662,37.51735702199662,37.51735702199662,37.51735702199662,37.51735702199662,37.51733654740759,37.519881976887135,37.519881976887135,37.519881976887135,37.51989511635529,37.584852253401365,37.60288744825907,37.542032275562775,37.520870474658075,37.517254807434774,37.38869432688433,37.38869432688433,37.38869432688433,37.38831519822679,37.268281659388656,37.268281659388656,37.268281659388656,37.268281659388656,37.268281659388656,37.268281659388656,37.268281659388656,37.26707047923943,37.09360211348497,36.76106582424843,36.76106582424843,37.60288744825907,37.268281659388656,,37.496044640358235,36.75799492488835,37.51653524155261,37.493531033458595,"rgba(239, 83, 80, 1.0)",0.15494657608768658,37.45571570677246,-1.0695022178397717,35.12979921582991,-11.653831560069762,False,True,False,True,False,0.0,0.0,0.0,0.0,0.0,0,0.9933617828354664,0.9990516832622091,False,False,False,False,-0.22501646898462374,-0.2143021095818135,False,False,False,False,-1580.0,-662.9439502493559,False,False,False,False,28.078502116030545,False,False,False,False
2025-07-25 15:00:00+00:00,37.29,37.3,37.29,37.3,1.0,,,,,,,,,,,,,,,,,,,,,,,,,,,,,,37.454648566055475,37.454648566055475,37.454648566055475,37.46394199908299,37.493150661099506,37.495960973562724,37.4944156504065,37.504165945582145,37.504165945582145,37.504260861207214,37.505254857786525,37.51521041119859,37.51521041119859,37.51521041119859,37.51521041119859,37.51521041119859,37.51521041119859,37.51736459653569,37.531637738177885,37.58326938108435,37.63157889546351,37.63443129198461,37.586540758959934,37.58927959433466,37.41704389892439,37.41704389892439,37.41704389892439,37.41704389892439,37.399971605313866,37.3960662117766,37.378907198394785,37.377706672682606,37.244770339309824,37.244770339309824,37.244770339309824,37.244770339309824,37.244770339309824,37.244770339309824,36.951271522601466,36.89110514884376,36.758060528559255,36.75868115589107,36.78378049684835,36.78373929485041,36.673459735476314,36.673459735476314,36.673459735476314,36.67725046904316,36.67725046904316,36.67725046904316,36.67725046904316,36.67725046904316,36.67725046904316,36.712779843976776,36.712779843976776,36.712779843976776,36.712779843976776,36.712779843976776,36.712779843976776,36.83081652625307,36.83081652625307,36.90337698379492,,,,,,,,,,,,,,,,,,,37.29666666666667,37.29666666666667,37.295,37.454648566055475,37.4891576867816,37.4891576867816,37.4891576867816,37.4891576867816,37.4891576867816,37.493150661099506,37.5025125531093,37.4944156504065,37.491472449536275,37.491472449536275,37.49144142670156,37.50461429782423,37.50456308851223,37.51516627286251,37.51516627286251,37.51516627286251,37.51730102342891,37.51730102342891,37.51730102342891,37.51730102342891,37.51730102342891,37.517280568239464,37.51982710586692,37.51982710586692,37.51982710586692,37.51984025559105,37.58479100247963,37.602831537946564,37.541992352749745,37.52083440583439,37.51721936589544,37.388680419122466,37.388680419122466,37.388680419122466,37.38830134985393,37.26828579052055,37.26828579052055,37.26828579052055,37.26828579052055,37.26828579052055,37.26828579052055,37.26828579052055,37.26707478539212,37.09363009922824,36.76113216895826,36.76113216895826,37.602831537946564,37.26828579052055,,37.495960973562724,36.758060528559255,37.51646684860531,37.47577667383019,"rgba(239, 83, 80, 1.0)",0.15658590020816093,37.436011446676474,-0.8686059632167851,35.25424683370677,-11.655142220573687,False,True,False,True,False,0.0,0.0,0.0,0.0,0.0,0,0.9931807111544074,1.0048709206039939,False,False,False,False,-0.22093786539937885,-0.2176199874905962,False,False,False,False,-1579.0,-677.1463696253348,False,False,False,False,27.658680377797513,False,False,False,False
2025-07-25 16:00:00+00:00,37.3,37.3,37.3,37.3,0.0,,,,,,,,,,,,,,,,,,,,,,,,,,,,,,37.454648566055475,37.454648566055475,37.454648566055475,37.46394199908299,37.493150661099506,37.495960973562724,37.4944156504065,37.504165945582145,37.504165945582145,37.504260861207214,37.505254857786525,37.51521041119859,37.51521041119859,37.51521041119859,37.51521041119859,37.51521041119859,37.51521041119859,37.51736459653569,37.531637738177885,37.58326938108435,37.63157889546351,37.63443129198461,37.586540758959934,37.58927959433466,37.41704389892439,37.41704389892439,37.41704389892439,37.41704389892439,37.399971605313866,37.3960662117766,37.378907198394785,37.377706672682606,37.244770339309824,37.244770339309824,37.244770339309824,37.244770339309824,37.244770339309824,37.244770339309824,36.951271522601466,36.89110514884376,36.758060528559255,36.75868115589107,36.78378049684835,36.78373929485041,36.673459735476314,36.673459735476314,36.673459735476314,36.67725046904316,36.67725046904316,36.67725046904316,36.67725046904316,36.67725046904316,36.67725046904316,36.712779843976776,36.712779843976776,36.712779843976776,36.712779843976776,36.712779843976776,36.712779843976776,36.83081652625307,36.83081652625307,36.90337698379492,,,,,,,,,,,,,,,,,,,37.29666666666667,37.29666666666667,37.295,37.454648566055475,37.4891576867816,37.4891576867816,37.4891576867816,37.4891576867816,37.4891576867816,37.493150661099506,37.5025125531093,37.4944156504065,37.491472449536275,37.491472449536275,37.49144142670156,37.50461429782423,37.50456308851223,37.51516627286251,37.51516627286251,37.51516627286251,37.51730102342891,37.51730102342891,37.51730102342891,37.51730102342891,37.51730102342891,37.517280568239464,37.51982710586692,37.51982710586692,37.51982710586692,37.51984025559105,37.58479100247963,37.602831537946564,37.541992352749745,37.52083440583439,37.51721936589544,37.388680419122466,37.388680419122466,37.388680419122466,37.38830134985393,37.26828579052055,37.26828579052055,37.26828579052055,37.26828579052055,37.26828579052055,37.26828579052055,37.26828579052055,37.26707478539212,37.09363009922824,36.76113216895826,36.76113216895826,37.602831537946564,37.26828579052055,,37.495960973562724,36.758060528559255,37.51646684860531,37.47577667383019,"rgba(239, 83, 80, 1.0)",0.15853646523960055,37.436011446676474,-0.8579190060212277,35.33721191229135,-11.767990370123137,False,True,False,True,False,0.0,0.0,0.0,0.0,0.0,0,0.9659035557720401,1.0048709206039939,False,False,False,False,-0.21686648234168215,-0.21724323491613917,False,False,False,False,-1579.0,-691.128596452849,False,False,False,False,27.22986362775414,False,False,False,False
2025-07-25 17:00:00+00:00,37.3,37.3,37.3,37.3,0.0,,,,,,,,,,,,,,,,,,,,,,,,,,,,,,37.454648566055475,37.454648566055475,37.454648566055475,37.46394199908299,37.493150661099506,37.495960973562724,37.4944156504065,37.504165945582145,37.504165945582145,37.504260861207214,37.505254857786525,37.51521041119859,37.51521041119859,37.51521041119859,37.51521041119859,37.51521041119859,37.51521041119859,37.51736459653569,37.531637738177885,37.58326938108435,37.63157889546351,37.63443129198461,37.586540758959934,37.58927959433466,37.41704389892439,37.41704389892439,37.41704389892439,37.41704389892439,37.399971605313866,37.3960662117766,37.378907198394785,37.377706672682606,37.244770339309824,37.244770339309824,37.244770339309824,37.244770339309824,37.244770339309824,37.244770339309824,36.951271522601466,36.89110514884376,36.758060528559255,36.75868115589107,36.78378049684835,36.78373929485041,36.673459735476314,36.673459735476314,36.673459735476314,36.67725046904316,36.67725046904316,36.67725046904316,36.67725046904316,36.67725046904316,36.67725046904316,36.712779843976776,36.712779843976776,36.712779843976776,36.712779843976776,36.712779843976776,36.712779843976776,36.83081652625307,36.83081652625307,36.90337698379492,,,,,,,,,,,,,,,,,,,37.29666666666667,37.29666666666667,37.295,37.454648566055475,37.4891576867816,37.4891576867816,37.4891576867816,37.4891576867816,37.4891576867816,37.493150661099506,37.5025125531093,37.4944156504065,37.491472449536275,37.491472449536275,37.49144142670156,37.50461429782423,37.50456308851223,37.51516627286251,37.51516627286251,37.51516627286251,37.51730102342891,37.51730102342891,37.51730102342891,37.51730102342891,37.51730102342891,37.517280568239464,37.51982710586692,37.51982710586692,37.51982710586692,37.51984025559105,37.58479100247963,37.602831537946564,37.541992352749745,37.52083440583439,37.51721936589544,37.388680419122466,37.388680419122466,37.388680419122466,37.38830134985393,37.26828579052055,37.26828579052055,37.26828579052055,37.26828579052055,37.26828579052055,37.26828579052055,37.26828579052055,37.26707478539212,37.09363009922824,36.76113216895826,36.76113216895826,37.602831537946564,37.26828579052055,,37.495960973562724,36.758060528559255,37.51646684860531,37.47577667383019,"rgba(239, 83, 80, 1.0)",0.16042488629885543,37.436011446676474,-0.8478201220171125,35.392521964681066,-11.948261687203654,False,True,False,True,False,0.0,0.0,0.0,0.0,0.0,0,0.9659035557720401,1.0048709206039939,False,False,False,False,-0.21686648234168215,-0.21705485862891066,False,False,False,False,-1579.0,-704.8940445698591,False,False,False,False,26.807695199416862,False,False,False,False
2025-07-25 18:00:00+00:00,37.3,37.3,37.3,37.3,0.0,,,,,,,,,,,,,,,,,,,,,,,,,,,,,,37.454648566055475,37.454648566055475,37.454648566055475,37.46394199908299,37.493150661099506,37.495960973562724,37.4944156504065,37.504165945582145,37.504165945582145,37.504260861207214,37.505254857786525,37.51521041119859,37.51521041119859,37.51521041119859,37.51521041119859,37.51521041119859,37.51521041119859,37.51736459653569,37.531637738177885,37.58326938108435,37.63157889546351,37.63443129198461,37.586540758959934,37.58927959433466,37.41704389892439,37.41704389892439,37.41704389892439,37.41704389892439,37.399971605313866,37.3960662117766,37.378907198394785,37.377706672682606,37.244770339309824,37.244770339309824,37.244770339309824,37.244770339309824,37.244770339309824,37.244770339309824,36.951271522601466,36.89110514884376,36.758060528559255,36.75868115589107,36.78378049684835,36.78373929485041,36.673459735476314,36.673459735476314,36.673459735476314,36.67725046904316,36.67725046904316,36.67725046904316,36.67725046904316,36.67725046904316,36.67725046904316,36.712779843976776,36.712779843976776,36.712779843976776,36.712779843976776,36.712779843976776,36.712779843976776,36.83081652625307,36.83081652625307,36.90337698379492,,,,,,,,,,,,,,,,,,,37.29666666666667,37.29666666666667,37.295,37.454648566055475,37.4891576867816,37.4891576867816,37.4891576867816,37.4891576867816,37.4891576867816,37.493150661099506,37.5025125531093,37.4944156504065,37.491472449536275,37.491472449536275,37.49144142670156,37.50461429782423,37.50456308851223,37.51516627286251,37.51516627286251,37.51516627286251,37.51730102342891,37.51730102342891,37.51730102342891,37.51730102342891,37.51730102342891,37.517280568239464,37.51982710586692,37.51982710586692,37.51982710586692,37.51984025559105,37.58479100247963,37.602831537946564,37.541992352749745,37.52083440583439,37.51721936589544,37.388680419122466,37.388680419122466,37.388680419122466,37.38830134985393,37.26828579052055,37.26828579052055,37.26828579052055,37.26828579052055,37.26828579052055,37.26828579052055,37.26828579052055,37.26707478539212,37.09363009922824,36.76113216895826,36.76113216895826,37.602831537946564,37.26828579052055,,37.495960973562724,36.758060528559255,37.51646684860531,37.47577667383019,"rgba(239, 83, 80, 1.0)",0.1622533332292467,37.436011446676474,-0.838265963290303,35.42939533294088,-12.164841712503417,False,True,False,True,False,0.0,0.0,0.0,0.0,0.0,0,0.9688118811881177,1.0178217821782178,False,False,False,False,-0.21686648234168215,-0.2169606704852964,False,False,False,False,-1579.0,-718.4460748866055,False,False,False,False,26.392072018030554,False,False,False,False
2025-07-25 19:00:00+00:00,37.3,37.3,37.3,37.3,0.0,,,,,,,,,,,,,,,,,,,,,,,,,,,,,,37.454648566055475,37.454648566055475,37.454648566055475,37.46394199908299,37.493150661099506,37.495960973562724,37.4944156504065,37.504165945582145,37.504165945582145,37.504260861207214,37.505254857786525,37.51521041119859,37.51521041119859,37.51521041119859,37.51521041119859,37.51521041119859,37.51521041119859,37.51736459653569,37.531637738177885,37.58326938108435,37.63157889546351,37.63443129198461,37.586540758959934,37.58927959433466,37.41704389892439,37.41704389892439,37.41704389892439,37.41704389892439,37.399971605313866,37.3960662117766,37.378907198394785,37.377706672682606,37.244770339309824,37.244770339309824,37.244770339309824,37.244770339309824,37.244770339309824,37.244770339309824,36.951271522601466,36.89110514884376,36.758060528559255,36.75868115589107,36.78378049684835,36.78373929485041,36.673459735476314,36.673459735476314,36.673459735476314,36.67725046904316,36.67725046904316,36.67725046904316,36.67725046904316,36.67725046904316,36.67725046904316,36.712779843976776,36.712779843976776,36.712779843976776,36.712779843976776,36.712779843976776,36.712779843976776,36.83081652625307,36.83081652625307,36.90337698379492,,,,,,,,,,,,,,,,,,,37.29666666666667,37.29666666666667,37.295,37.454648566055475,37.4891576867816,37.4891576867816,37.4891576867816,37.4891576867816,37.4891576867816,37.493150661099506,37.5025125531093,37.4944156504065,37.491472449536275,37.491472449536275,37.49144142670156,37.50461429782423,37.50456308851223,37.51516627286251,37.51516627286251,37.51516627286251,37.51730102342891,37.51730102342891,37.51730102342891,37.51730102342891,37.51730102342891,37.517280568239464,37.51982710586692,37.51982710586692,37.51982710586692,37.51984025559105,37.58479100247963,37.602831537946564,37.541992352749745,37.52083440583439,37.51721936589544,37.388680419122466,37.388680419122466,37.388680419122466,37.38830134985393,37.26828579052055,37.26828579052055,37.26828579052055,37.26828579052055,37.26828579052055,37.26828579052055,37.26828579052055,37.26707478539212,37.09363009922824,36.76113216895826,36.76113216895826,37.602831537946564,37.26828579052055,,37.495960973562724,36.758060528559255,37.51646684860531,37.47577667383019,"rgba(239, 83, 80, 1.0)",0.164023811718506,37.436011446676474,-0.8292176925500111,35.45397757844742,-12.396241932506577,False,True,False,True,False,0.0,0.0,0.0,0.0,0.0,0,0.9658914728682158,1.0470284237726095,False,False,False,False,-0.21686648234168215,-0.2169135764134893,False,False,False,False,-1579.0,-731.787996206193,False,False,False,False,25.982892606898297,False,False,False,False
2025-07-28 14:00:00+00:00,37.3,37.3,37.3,37.3,0.0,,,,,,,,,,,,,,,,,,,,,,,,,,,,,,37.454648566055475,37.454648566055475,37.454648566055475,37.46394199908299,37.493150661099506,37.495960973562724,37.4944156504065,37.504165945582145,37.504165945582145,37.504260861207214,37.505254857786525,37.51521041119859,37.51521041119859,37.51521041119859,37.51521041119859,37.51521041119859,37.51521041119859,37.51736459653569,37.531637738177885,37.58326938108435,37.63157889546351,37.63443129198461,37.586540758959934,37.58927959433466,37.41704389892439,37.41704389892439,37.41704389892439,37.41704389892439,37.399971605313866,37.3960662117766,37.378907198394785,37.377706672682606,37.244770339309824,37.244770339309824,37.244770339309824,37.244770339309824,37.244770339309824,37.244770339309824,36.951271522601466,36.89110514884376,36.758060528559255,36.75868115589107,36.78378049684835,36.78373929485041,36.673459735476314,36.673459735476314,36.673459735476314,36.67725046904316,36.67725046904316,36.67725046904316,36.67725046904316,36.67725046904316,36.67725046904316,36.712779843976776,36.712779843976776,36.712779843976776,36.712779843976776,36.712779843976776,36.712779843976776,36.83081652625307,36.83081652625307,36.90337698379492,,,,,,,,,,,,,,,,,,,37.29666666666667,37.29666666666667,37.295,37.454648566055475,37.4891576867816,37.4891576867816,37.4891576867816,37.4891576867816,37.4891576867816,37.493150661099506,37.5025125531093,37.4944156504065,37.491472449536275,37.491472449536275,37.49144142670156,37.50461429782423,37.50456308851223,37.51516627286251,37.51516627286251,37.51516627286251,37.51730102342891,37.51730102342891,37.51730102342891,37.51730102342891,37.51730102342891,37.517280568239464,37.51982710586692,37.51982710586692,37.51982710586692,37.51984025559105,37.58479100247963,37.602831537946564,37.541992352749745,37.52083440583439,37.51721936589544,37.388680419122466,37.388680419122466,37.388680419122466,37.38830134985393,37.26828579052055,37.26828579052055,37.26828579052055,37.26828579052055,37.26828579052055,37.26828579052055,37.26828579052055,37.26707478539212,37.09363009922824,36.76113216895826,36.76113216895826,37.602831537946564,37.26828579052055,,37.495960973562724,36.758060528559255,37.51646684860531,37.47577667383019,"rgba(239, 83, 80, 1.0)",0.1657381795000822,37.436011446676474,-0.8206404045629665,35.470365742118446,-12.6280349499565,False,True,False,True,False,0.0,0.0,0.0,0.0,0.0,0,0.9334032511798624,1.049816465652858,False,False,False,False,-0.21686648234168215,-0.21689002937758572,False,False,False,False,-1579.0,-744.9230660324536,False,False,False,False,25.5800570626053,False,False,False,False
2025-07-28 15:00:00+00:00,37.3,37.3,37.3,37.3,0.0,,,,,,,,,,,,,,,,,,,,,,,,,,,,,,37.454648566055475,37.454648566055475,37.454648566055475,37.46394199908299,37.493150661099506,37.495960973562724,37.4944156504065,37.504165945582145,37.504165945582145,37.504260861207214,37.505254857786525,37.51521041119859,37.51521041119859,37.51521041119859,37.51521041119859,37.51521041119859,37.51521041119859,37.51736459653569,37.531637738177885,37.58326938108435,37.63157889546351,37.63443129198461,37.586540758959934,37.58927959433466,37.41704389892439,37.41704389892439,37.41704389892439,37.41704389892439,37.399971605313866,37.3960662117766,37.378907198394785,37.377706672682606,37.244770339309824,37.244770339309824,37.244770339309824,37.244770339309824,37.244770339309824,37.244770339309824,36.951271522601466,36.89110514884376,36.758060528559255,36.75868115589107,36.78378049684835,36.78373929485041,36.673459735476314,36.673459735476314,36.673459735476314,36.67725046904316,36.67725046904316,36.67725046904316,36.67725046904316,36.67725046904316,36.67725046904316,36.712779843976776,36.712779843976776,36.712779843976776,36.712779843976776,36.712779843976776,36.712779843976776,36.83081652625307,36.83081652625307,36.90337698379492,,,,,,,,,,,,,,,,,,,37.29666666666667,37.29666666666667,37.295,37.454648566055475,37.4891576867816,37.4891576867816,37.4891576867816,37.4891576867816,37.4891576867816,37.493150661099506,37.5025125531093,37.4944156504065,37.491472449536275,37.491472449536275,37.49144142670156,37.50461429782423,37.50456308851223,37.51516627286251,37.51516627286251,37.51516627286251,37.51730102342891,37.51730102342891,37.51730102342891,37.51730102342891,37.51730102342891,37.517280568239464,37.51982710586692,37.51982710586692,37.51982710586692,37.51984025559105,37.58479100247963,37.602831537946564,37.541992352749745,37.52083440583439,37.51721936589544,37.388680419122466,37.388680419122466,37.388680419122466,37.38830134985393,37.26828579052055,37.26828579052055,37.26828579052055,37.26828579052055,37.26828579052055,37.26828579052055,37.26828579052055,37.26707478539212,37.09363009922824,36.76113216895826,36.76113216895826,37.602831537946564,37.26828579052055,,37.495960973562724,36.758060528559255,37.51646684860531,37.47577667383019,"rgba(239, 83, 80, 1.0)",0.16736853116725015,37.436011446676474,-0.8126464737899969,35.4812911845658,-12.85091689149882,False,True,False,True,False,0.0,0.0,0.0,0.0,0.0,0,0.9642470205850474,1.0362946912242688,False,False,False,False,-0.21686648234168215,-0.21687825585963394,False,False,False,False,-1579.0,-757.8544913652837,False,False,False,False,25.18346703062692,False,False,False,False
2025-07-28 16:00:00+00:00,37.3,37.3,37.3,37.3,0.0,,,,,,,,,,,,,,,,,,,,,,,,,,,,,,37.454648566055475,37.454648566055475,37.454648566055475,37.46394199908299,37.493150661099506,37.495960973562724,37.4944156504065,37.504165945582145,37.504165945582145,37.504260861207214,37.505254857786525,37.51521041119859,37.51521041119859,37.51521041119859,37.51521041119859,37.51521041119859,37.51521041119859,37.51736459653569,37.531637738177885,37.58326938108435,37.63157889546351,37.63443129198461,37.586540758959934,37.58927959433466,37.41704389892439,37.41704389892439,37.41704389892439,37.41704389892439,37.399971605313866,37.3960662117766,37.378907198394785,37.377706672682606,37.244770339309824,37.244770339309824,37.244770339309824,37.244770339309824,37.244770339309824,37.244770339309824,36.951271522601466,36.89110514884376,36.758060528559255,36.75868115589107,36.78378049684835,36.78373929485041,36.673459735476314,36.673459735476314,36.673459735476314,36.67725046904316,36.67725046904316,36.67725046904316,36.67725046904316,36.67725046904316,36.67725046904316,36.712779843976776,36.712779843976776,36.712779843976776,36.712779843976776,36.712779843976776,36.712779843976776,36.83081652625307,36.83081652625307,36.90337698379492,,,,,,,,,,,,,,,,,,,37.29666666666667,37.29666666666667,37.295,37.454648566055475,37.4891576867816,37.4891576867816,37.4891576867816,37.4891576867816,37.4891576867816,37.493150661099506,37.5025125531093,37.4944156504065,37.491472449536275,37.491472449536275,37.49144142670156,37.50461429782423,37.50456308851223,37.51516627286251,37.51516627286251,37.51516627286251,37.51730102342891,37.51730102342891,37.51730102342891,37.51730102342891,37.51730102342891,37.517280568239464,37.51982710586692,37.51982710586692,37.51982710586692,37.51984025559105,37.58479100247963,37.602831537946564,37.541992352749745,37.52083440583439,37.51721936589544,37.388680419122466,37.388680419122466,37.388680419122466,37.38830134985393,37.26828579052055,37.26828579052055,37.26828579052055,37.26828579052055,37.26828579052055,37.26828579052055,37.26828579052055,37.26707478539212,37.09363009922824,36.76113216895826,36.76113216895826,37.602831537946564,37.26828579052055,,37.495960973562724,36.758060528559255,37.51646684860531,37.47577667383019,"rgba(239, 83, 80, 1.0)",0.16898736559159555,37.436011446676474,-0.804861630929179,35.48857481286403,-13.059253303081569,False,True,False,True,False,0.0,0.0,0.0,0.0,0.0,0,0.9662125340599446,1.00708446866485,False,False,False,False,-0.21686648234168215,-0.21687236910065805,False,False,False,False,-1579.0,-770.5854294836514,False,False,False,False,24.793025681314877,False,False,False,False
2025-07-28 17:00:00+00:00,37.3,37.3,37.3,37.3,0.0,,,,,,,,,,,,,,,,,,,,,,,,,,,,,,37.454648566055475,37.454648566055475,37.454648566055475,37.46394199908299,37.493150661099506,37.495960973562724,37.4944156504065,37.504165945582145,37.504165945582145,37.504260861207214,37.505254857786525,37.51521041119859,37.51521041119859,37.51521041119859,37.51521041119859,37.51521041119859,37.51521041119859,37.51736459653569,37.531637738177885,37.58326938108435,37.63157889546351,37.63443129198461,37.586540758959934,37.58927959433466,37.41704389892439,37.41704389892439,37.41704389892439,37.41704389892439,37.399971605313866,37.3960662117766,37.378907198394785,37.377706672682606,37.244770339309824,37.244770339309824,37.244770339309824,37.244770339309824,37.244770339309824,37.244770339309824,36.951271522601466,36.89110514884376,36.758060528559255,36.75868115589107,36.78378049684835,36.78373929485041,36.673459735476314,36.673459735476314,36.673459735476314,36.67725046904316,36.67725046904316,36.67725046904316,36.67725046904316,36.67725046904316,36.67725046904316,36.712779843976776,36.712779843976776,36.712779843976776,36.712779843976776,36.712779843976776,36.712779843976776,36.83081652625307,36.83081652625307,36.90337698379492,,,,,,,,,,,,,,,,,,,37.29666666666667,37.29666666666667,37.295,37.454648566055475,37.4891576867816,37.4891576867816,37.4891576867816,37.4891576867816,37.4891576867816,37.493150661099506,37.5025125531093,37.4944156504065,37.491472449536275,37.491472449536275,37.49144142670156,37.50461429782423,37.50456308851223,37.51516627286251,37.51516627286251,37.51516627286251,37.51730102342891,37.51730102342891,37.51730102342891,37.51730102342891,37.51730102342891,37.517280568239464,37.51982710586692,37.51982710586692,37.51982710586692,37.51984025559105,37.58479100247963,37.602831537946564,37.541992352749745,37.52083440583439,37.51721936589544,37.388680419122466,37.388680419122466,37.388680419122466,37.38830134985393,37.26828579052055,37.26828579052055,37.26828579052055,37.26828579052055,37.26828579052055,37.26828579052055,37.26828579052055,37.26707478539212,37.09363009922824,36.76113216895826,36.76113216895826,37.602831537946564,37.26828579052055,,37.495960973562724,36.758060528559255,37.51646684860531,37.47577667383019,"rgba(239, 83, 80, 1.0)",0.17054858492429062,37.436011446676474,-0.7974938445654931,35.49343056506285,-13.24999567654887,False,True,False,True,False,0.0,0.0,0.0,0.0,0.0,0,0.964265129682996,1.0587896253602302,False,False,False,False,-0.21686648234168215,-0.2168694257211701,False,False,False,False,-1579.0,-783.118988716463,False,False,False,False,24.40863768625573,False,False,False,False
2025-07-28 18:00:00+00:00,37.3,37.3,37.3,37.3,0.0,,,,,,,,,,,,,,,,,,,,,,,,,,,,,,37.454648566055475,37.454648566055475,37.454648566055475,37.46394199908299,37.493150661099506,37.495960973562724,37.4944156504065,37.504165945582145,37.504165945582145,37.504260861207214,37.505254857786525,37.51521041119859,37.51521041119859,37.51521041119859,37.51521041119859,37.51521041119859,37.51521041119859,37.51736459653569,37.531637738177885,37.58326938108435,37.63157889546351,37.63443129198461,37.586540758959934,37.58927959433466,37.41704389892439,37.41704389892439,37.41704389892439,37.41704389892439,37.399971605313866,37.3960662117766,37.378907198394785,37.377706672682606,37.244770339309824,37.244770339309824,37.244770339309824,37.244770339309824,37.244770339309824,37.244770339309824,36.951271522601466,36.89110514884376,36.758060528559255,36.75868115589107,36.78378049684835,36.78373929485041,36.673459735476314,36.673459735476314,36.673459735476314,36.67725046904316,36.67725046904316,36.67725046904316,36.67725046904316,36.67725046904316,36.67725046904316,36.712779843976776,36.712779843976776,36.712779843976776,36.712779843976776,36.712779843976776,36.712779843976776,36.83081652625307,36.83081652625307,36.90337698379492,,,,,,,,,,,,,,,,,,,37.29666666666667,37.29666666666667,37.295,37.454648566055475,37.4891576867816,37.4891576867816,37.4891576867816,37.4891576867816,37.4891576867816,37.493150661099506,37.5025125531093,37.4944156504065,37.491472449536275,37.491472449536275,37.49144142670156,37.50461429782423,37.50456308851223,37.51516627286251,37.51516627286251,37.51516627286251,37.51730102342891,37.51730102342891,37.51730102342891,37.51730102342891,37.51730102342891,37.517280568239464,37.51982710586692,37.51982710586692,37.51982710586692,37.51984025559105,37.58479100247963,37.602831537946564,37.541992352749745,37.52083440583439,37.51721936589544,37.388680419122466,37.388680419122466,37.388680419122466,37.38830134985393,37.26828579052055,37.26828579052055,37.26828579052055,37.26828579052055,37.26828579052055,37.26828579052055,37.26828579052055,37.26707478539212,37.09363009922824,36.76113216895826,36.76113216895826,37.602831537946564,37.26828579052055,,37.495960973562724,36.758060528559255,37.51646684860531,37.47577667383019,"rgba(239, 83, 80, 1.0)",0.17193092579027708,37.436011446676474,-0.7910819188072368,35.4966677331954,-13.421880542364917,False,True,False,True,False,0.0,0.0,0.0,0.0,0.0,0,0.906628242074927,1.0587896253602302,False,False,False,False,-0.1949321036649672,-0.20590076469306864,False,False,False,False,-1579.0,-795.4582292014791,False,False,False,False,24.03020919499595,False,False,False,False
2025-07-28 19:00:00+00:00,37.3,37.3,37.3,37.3,0.0,,,,,,,,,,,,,,,,,,,,,,,,,,,,,,37.454648566055475,37.454648566055475,37.454648566055475,37.46394199908299,37.493150661099506,37.495960973562724,37.4944156504065,37.504165945582145,37.504165945582145,37.504260861207214,37.505254857786525,37.51521041119859,37.51521041119859,37.51521041119859,37.51521041119859,37.51521041119859,37.51521041119859,37.51736459653569,37.531637738177885,37.58326938108435,37.63157889546351,37.63443129198461,37.586540758959934,37.58927959433466,37.41704389892439,37.41704389892439,37.41704389892439,37.41704389892439,37.399971605313866,37.3960662117766,37.378907198394785,37.377706672682606,37.244770339309824,37.244770339309824,37.244770339309824,37.244770339309824,37.244770339309824,37.244770339309824,36.951271522601466,36.89110514884376,36.758060528559255,36.75868115589107,36.78378049684835,36.78373929485041,36.673459735476314,36.673459735476314,36.673459735476314,36.67725046904316,36.67725046904316,36.67725046904316,36.67725046904316,36.67725046904316,36.67725046904316,36.712779843976776,36.712779843976776,36.712779843976776,36.712779843976776,36.712779843976776,36.712779843976776,36.83081652625307,36.83081652625307,36.90337698379492,,,,,,,,,,,,,,,,,,,37.29666666666667,37.29666666666667,37.295,37.454648566055475,37.4891576867816,37.4891576867816,37.4891576867816,37.4891576867816,37.4891576867816,37.493150661099506,37.5025125531093,37.4944156504065,37.491472449536275,37.491472449536275,37.49144142670156,37.50461429782423,37.50456308851223,37.51516627286251,37.51516627286251,37.51516627286251,37.51730102342891,37.51730102342891,37.51730102342891,37.51730102342891,37.51730102342891,37.517280568239464,37.51982710586692,37.51982710586692,37.51982710586692,37.51984025559105,37.58479100247963,37.602831537946564,37.541992352749745,37.52083440583439,37.51721936589544,37.388680419122466,37.388680419122466,37.388680419122466,37.38830134985393,37.26828579052055,37.26828579052055,37.26828579052055,37.26828579052055,37.26828579052055,37.26828579052055,37.26828579052055,37.26707478539212,37.09363009922824,36.76113216895826,36.76113216895826,37.602831537946564,37.26828579052055,,37.495960973562724,36.758060528559255,37.51646684860531,37.47577667383019,"rgba(239, 83, 80, 1.0)",0.17323724814254884,37.436011446676474,-0.7851166428397636,35.49882584528377,-13.574842789772397,False,True,False,True,False,0.0,0.0,0.0,0.0,0.0,0,0.9837398373983728,1.063789868667917,False,False,False,False,-0.1949321036649672,-0.20041643417901792,False,False,False,False,-1579.0,-807.6061636324639,False,False,False,False,23.657647812127795,False,False,False,False
2025-07-29 14:00:00+00:00,37.3,37.3,37.3,37.3,0.0,,,,,,,,,,,,,,,,,,,,,,,,,,,,,,37.454648566055475,37.454648566055475,37.454648566055475,37.46394199908299,37.493150661099506,37.495960973562724,37.4944156504065,37.504165945582145,37.504165945582145,37.504260861207214,37.505254857786525,37.51521041119859,37.51521041119859,37.51521041119859,37.51521041119859,37.51521041119859,37.51521041119859,37.51736459653569,37.531637738177885,37.58326938108435,37.63157889546351,37.63443129198461,37.586540758959934,37.58927959433466,37.41704389892439,37.41704389892439,37.41704389892439,37.41704389892439,37.399971605313866,37.3960662117766,37.378907198394785,37.377706672682606,37.244770339309824,37.244770339309824,37.244770339309824,37.244770339309824,37.244770339309824,37.244770339309824,36.951271522601466,36.89110514884376,36.758060528559255,36.75868115589107,36.78378049684835,36.78373929485041,36.673459735476314,36.673459735476314,36.673459735476314,36.67725046904316,36.67725046904316,36.67725046904316,36.67725046904316,36.67725046904316,36.67725046904316,36.712779843976776,36.712779843976776,36.712779843976776,36.712779843976776,36.712779843976776,36.712779843976776,36.83081652625307,36.83081652625307,36.90337698379492,,,,,,,,,,,,,,,,,,,37.29666666666667,37.29666666666667,37.295,37.454648566055475,37.4891576867816,37.4891576867816,37.4891576867816,37.4891576867816,37.4891576867816,37.493150661099506,37.5025125531093,37.4944156504065,37.491472449536275,37.491472449536275,37.49144142670156,37.50461429782423,37.50456308851223,37.51516627286251,37.51516627286251,37.51516627286251,37.51730102342891,37.51730102342891,37.51730102342891,37.51730102342891,37.51730102342891,37.517280568239464,37.51982710586692,37.51982710586692,37.51982710586692,37.51984025559105,37.58479100247963,37.602831537946564,37.541992352749745,37.52083440583439,37.51721936589544,37.388680419122466,37.388680419122466,37.388680419122466,37.38830134985393,37.26828579052055,37.26828579052055,37.26828579052055,37.26828579052055,37.26828579052055,37.26828579052055,37.26828579052055,37.26707478539212,37.09363009922824,36.76113216895826,36.76113216895826,37.602831537946564,37.26828579052055,,37.495960973562724,36.758060528559255,37.51646684860531,37.47577667383019,"rgba(239, 83, 80, 1.0)",0.1744692595341133,37.436011446676474,-0.7795725564473048,35.50026458667601,-13.709590458916033,False,True,False,True,False,0.0,0.0,0.0,0.0,0.0,0,0.9550195567144713,1.0482398956975225,False,False,False,False,-0.1949321036649672,-0.19767426892199255,False,False,False,False,-1579.0,-819.5657579947513,False,False,False,False,23.290862574730465,False,False,False,False
2025-07-29 15:00:00+00:00,37.3,37.3,37.3,37.3,0.0,,,,,,,,,,,,,,,,,,,,,,,,,,,,,,37.454648566055475,37.454648566055475,37.454648566055475,37.46394199908299,37.493150661099506,37.495960973562724,37.4944156504065,37.504165945582145,37.504165945582145,37.504260861207214,37.505254857786525,37.51521041119859,37.51521041119859,37.51521041119859,37.51521041119859,37.51521041119859,37.51521041119859,37.51736459653569,37.531637738177885,37.58326938108435,37.63157889546351,37.63443129198461,37.586540758959934,37.58927959433466,37.41704389892439,37.41704389892439,37.41704389892439,37.41704389892439,37.399971605313866,37.3960662117766,37.378907198394785,37.377706672682606,37.244770339309824,37.244770339309824,37.244770339309824,37.244770339309824,37.244770339309824,37.244770339309824,36.951271522601466,36.89110514884376,36.758060528559255,36.75868115589107,36.78378049684835,36.78373929485041,36.673459735476314,36.673459735476314,36.673459735476314,36.67725046904316,36.67725046904316,36.67725046904316,36.67725046904316,36.67725046904316,36.67725046904316,36.712779843976776,36.712779843976776,36.712779843976776,36.712779843976776,36.712779843976776,36.712779843976776,36.83081652625307,36.83081652625307,36.90337698379492,,,,,,,,,,,,,,,,,,,37.29666666666667,37.29666666666667,37.295,37.454648566055475,37.4891576867816,37.4891576867816,37.4891576867816,37.4891576867816,37.4891576867816,37.493150661099506,37.5025125531093,37.4944156504065,37.491472449536275,37.491472449536275,37.49144142670156,37.50461429782423,37.50456308851223,37.51516627286251,37.51516627286251,37.51516627286251,37.51730102342891,37.51730102342891,37.51730102342891,37.51730102342891,37.51730102342891,37.517280568239464,37.51982710586692,37.51982710586692,37.51982710586692,37.51984025559105,37.58479100247963,37.602831537946564,37.541992352749745,37.52083440583439,37.51721936589544,37.388680419122466,37.388680419122466,37.388680419122466,37.38830134985393,37.26828579052055,37.26828579052055,37.26828579052055,37.26828579052055,37.26828579052055,37.26828579052055,37.26828579052055,37.26707478539212,37.09363009922824,36.76113216895826,36.76113216895826,37.602831537946564,37.26828579052055,,37.495960973562724,36.758060528559255,37.51646684860531,37.47577667383019,"rgba(239, 83, 80, 1.0)",0.1756285238172832,37.436011446676474,-0.7744268625634969,35.50122374760418,-13.827300482814323,False,True,False,True,False,0.0,0.0,0.0,0.0,0.0,0,0.9838369641602236,1.0520028109627544,False,False,False,False,-0.1949321036649672,-0.19630318629347987,False,False,False,False,-1579.0,-831.3399322894063,False,False,False,False,22.929763930161,False,False,False,False
2025-07-29 16:00:00+00:00,37.3,37.3,37.3,37.3,0.0,,,,,,,,,,,,,,,,,,,,,,,,,,,,,,37.454648566055475,37.454648566055475,37.454648566055475,37.46394199908299,37.493150661099506,37.495960973562724,37.4944156504065,37.504165945582145,37.504165945582145,37.504260861207214,37.505254857786525,37.51521041119859,37.51521041119859,37.51521041119859,37.51521041119859,37.51521041119859,37.51521041119859,37.51736459653569,37.531637738177885,37.58326938108435,37.63157889546351,37.63443129198461,37.586540758959934,37.58927959433466,37.41704389892439,37.41704389892439,37.41704389892439,37.41704389892439,37.399971605313866,37.3960662117766,37.378907198394785,37.377706672682606,37.244770339309824,37.244770339309824,37.244770339309824,37.244770339309824,37.244770339309824,37.244770339309824,36.951271522601466,36.89110514884376,36.758060528559255,36.75868115589107,36.78378049684835,36.78373929485041,36.673459735476314,36.673459735476314,36.673459735476314,36.67725046904316,36.67725046904316,36.67725046904316,36.67725046904316,36.67725046904316,36.67725046904316,36.712779843976776,36.712779843976776,36.712779843976776,36.712779843976776,36.712779843976776,36.712779843976776,36.83081652625307,36.83081652625307,36.90337698379492,,,,,,,,,,,,,,,,,,,37.29666666666667,37.29666666666667,37.295,37.454648566055475,37.4891576867816,37.4891576867816,37.4891576867816,37.4891576867816,37.4891576867816,37.493150661099506,37.5025125531093,37.4944156504065,37.491472449536275,37.491472449536275,37.49144142670156,37.50461429782423,37.50456308851223,37.51516627286251,37.51516627286251,37.51516627286251,37.51730102342891,37.51730102342891,37.51730102342891,37.51730102342891,37.51730102342891,37.517280568239464,37.51982710586692,37.51982710586692,37.51982710586692,37.51984025559105,37.58479100247963,37.602831537946564,37.541992352749745,37.52083440583439,37.51721936589544,37.388680419122466,37.388680419122466,37.388680419122466,37.38830134985393,37.26828579052055,37.26828579052055,37.26828579052055,37.26828579052055,37.26828579052055,37.26828579052055,37.26828579052055,37.26707478539212,37.09363009922824,36.76113216895826,36.76113216895826,37.602831537946564,37.26828579052055,,37.495960973562724,36.758060528559255,37.51646684860531,37.47577667383019,"rgba(239, 83, 80, 1.0)",0.17676606926416405,37.436011446676474,-0.7694431812771589,35.501863188222956,-13.929404407205865,False,True,False,True,False,0.0,0.0,0.0,0.0,0.0,0,0.9447717231222376,1.0589101620029453,False,False,False,False,-0.1949321036649672,-0.19561764497922352,False,False,False,False,-1579.0,-842.9315612461597,False,False,False,False,22.57426371418951,False,False,False,False
2025-07-29 17:00:00+00:00,37.3,37.3,37.3,37.3,0.0,,,,,,,,,,,,,,,,,,,,,,,,,,,,,,37.454648566055475,37.454648566055475,37.454648566055475,37.46394199908299,37.493150661099506,37.495960973562724,37.4944156504065,37.504165945582145,37.504165945582145,37.504260861207214,37.505254857786525,37.51521041119859,37.51521041119859,37.51521041119859,37.51521041119859,37.51521041119859,37.51521041119859,37.51736459653569,37.531637738177885,37.58326938108435,37.63157889546351,37.63443129198461,37.586540758959934,37.58927959433466,37.41704389892439,37.41704389892439,37.41704389892439,37.41704389892439,37.399971605313866,37.3960662117766,37.378907198394785,37.377706672682606,37.244770339309824,37.244770339309824,37.244770339309824,37.244770339309824,37.244770339309824,37.244770339309824,36.951271522601466,36.89110514884376,36.758060528559255,36.75868115589107,36.78378049684835,36.78373929485041,36.673459735476314,36.673459735476314,36.673459735476314,36.67725046904316,36.67725046904316,36.67725046904316,36.67725046904316,36.67725046904316,36.67725046904316,36.712779843976776,36.712779843976776,36.712779843976776,36.712779843976776,36.712779843976776,36.712779843976776,36.83081652625307,36.83081652625307,36.90337698379492,,,,,,,,,,,,,,,,,,,37.29666666666667,37.29666666666667,37.295,37.454648566055475,37.4891576867816,37.4891576867816,37.4891576867816,37.4891576867816,37.4891576867816,37.493150661099506,37.5025125531093,37.4944156504065,37.491472449536275,37.491472449536275,37.49144142670156,37.50461429782423,37.50456308851223,37.51516627286251,37.51516627286251,37.51516627286251,37.51730102342891,37.51730102342891,37.51730102342891,37.51730102342891,37.51730102342891,37.517280568239464,37.51982710586692,37.51982710586692,37.51982710586692,37.51984025559105,37.58479100247963,37.602831537946564,37.541992352749745,37.52083440583439,37.51721936589544,37.388680419122466,37.388680419122466,37.388680419122466,37.38830134985393,37.26828579052055,37.26828579052055,37.26828579052055,37.26828579052055,37.26828579052055,37.26828579052055,37.26828579052055,37.26707478539212,37.09363009922824,36.76113216895826,36.76113216895826,37.602831537946564,37.26828579052055,,37.495960973562724,36.758060528559255,37.51646684860531,37.47577667383019,"rgba(239, 83, 80, 1.0)",0.17783799186678784,37.436011446676474,-0.7648053447339779,35.50228948196881,-14.017440533874876,False,True,False,True,False,0.0,0.0,0.0,0.0,0.0,0,1.0066115702479326,1.0661157024793386,False,False,False,False,-0.1949321036649672,-0.19527487432209534,False,False,False,False,-1579.0,-854.343475025289,False,False,False,False,22.22427512947339,False,False,False,False
2025-07-29 18:00:00+00:00,37.3,37.3,37.3,37.3,0.0,,,,,,,,,,,,,,,,,,,,,,,,,,,,,,37.454648566055475,37.454648566055475,37.454648566055475,37.46394199908299,37.493150661099506,37.495960973562724,37.4944156504065,37.504165945582145,37.504165945582145,37.504260861207214,37.505254857786525,37.51521041119859,37.51521041119859,37.51521041119859,37.51521041119859,37.51521041119859,37.51521041119859,37.51736459653569,37.531637738177885,37.58326938108435,37.63157889546351,37.63443129198461,37.586540758959934,37.58927959433466,37.41704389892439,37.41704389892439,37.41704389892439,37.41704389892439,37.399971605313866,37.3960662117766,37.378907198394785,37.377706672682606,37.244770339309824,37.244770339309824,37.244770339309824,37.244770339309824,37.244770339309824,37.244770339309824,36.951271522601466,36.89110514884376,36.758060528559255,36.75868115589107,36.78378049684835,36.78373929485041,36.673459735476314,36.673459735476314,36.673459735476314,36.67725046904316,36.67725046904316,36.67725046904316,36.67725046904316,36.67725046904316,36.67725046904316,36.712779843976776,36.712779843976776,36.712779843976776,36.712779843976776,36.712779843976776,36.712779843976776,36.83081652625307,36.83081652625307,36.90337698379492,,,,,,,,,,,,,,,,,,,37.29666666666667,37.29666666666667,37.295,37.454648566055475,37.4891576867816,37.4891576867816,37.4891576867816,37.4891576867816,37.4891576867816,37.493150661099506,37.5025125531093,37.4944156504065,37.491472449536275,37.491472449536275,37.49144142670156,37.50461429782423,37.50456308851223,37.51516627286251,37.51516627286251,37.51516627286251,37.51730102342891,37.51730102342891,37.51730102342891,37.51730102342891,37.51730102342891,37.517280568239464,37.51982710586692,37.51982710586692,37.51982710586692,37.51984025559105,37.58479100247963,37.602831537946564,37.541992352749745,37.52083440583439,37.51721936589544,37.388680419122466,37.388680419122466,37.388680419122466,37.38830134985393,37.26828579052055,37.26828579052055,37.26828579052055,37.26828579052055,37.26828579052055,37.26828579052055,37.26828579052055,37.26707478539212,37.09363009922824,36.76113216895826,36.76113216895826,37.602831537946564,37.26828579052055,,37.495960973562724,36.758060528559255,37.51646684860531,37.47577667383019,"rgba(239, 83, 80, 1.0)",0.17884547157410335,37.436011446676474,-0.7604970116345475,35.502573677799376,-14.092954666893021,False,True,False,True,False,0.0,0.0,0.0,0.0,0.0,0,1.0066115702479326,0.9438016528925615,False,False,False,False,-0.33011120011537187,-0.2626930372187336,False,False,False,False,-1579.0,-865.5784599086178,False,False,False,False,21.879712724365277,False,False,False,False
2025-07-29 19:00:00+00:00,37.3,37.3,37.3,37.3,0.0,,,,,,,,,,,,,,,,,,,,,,,,,,,,,,37.454648566055475,37.454648566055475,37.454648566055475,37.46394199908299,37.493150661099506,37.495960973562724,37.4944156504065,37.504165945582145,37.504165945582145,37.504260861207214,37.505254857786525,37.51521041119859,37.51521041119859,37.51521041119859,37.51521041119859,37.51521041119859,37.51521041119859,37.51736459653569,37.531637738177885,37.58326938108435,37.63157889546351,37.63443129198461,37.586540758959934,37.58927959433466,37.41704389892439,37.41704389892439,37.41704389892439,37.41704389892439,37.399971605313866,37.3960662117766,37.378907198394785,37.377706672682606,37.244770339309824,37.244770339309824,37.244770339309824,37.244770339309824,37.244770339309824,37.244770339309824,36.951271522601466,36.89110514884376,36.758060528559255,36.75868115589107,36.78378049684835,36.78373929485041,36.673459735476314,36.673459735476314,36.673459735476314,36.67725046904316,36.67725046904316,36.67725046904316,36.67725046904316,36.67725046904316,36.67725046904316,36.712779843976776,36.712779843976776,36.712779843976776,36.712779843976776,36.712779843976776,36.712779843976776,36.83081652625307,36.83081652625307,36.90337698379492,,,,,,,,,,,,,,,,,,,37.29666666666667,37.29666666666667,37.295,37.454648566055475,37.4891576867816,37.4891576867816,37.4891576867816,37.4891576867816,37.4891576867816,37.493150661099506,37.5025125531093,37.4944156504065,37.491472449536275,37.491472449536275,37.49144142670156,37.50461429782423,37.50456308851223,37.51516627286251,37.51516627286251,37.51516627286251,37.51730102342891,37.51730102342891,37.51730102342891,37.51730102342891,37.51730102342891,37.517280568239464,37.51982710586692,37.51982710586692,37.51982710586692,37.51984025559105,37.58479100247963,37.602831537946564,37.541992352749745,37.52083440583439,37.51721936589544,37.388680419122466,37.388680419122466,37.388680419122466,37.38830134985393,37.26828579052055,37.26828579052055,37.26828579052055,37.26828579052055,37.26828579052055,37.26828579052055,37.26828579052055,37.26707478539212,37.09363009922824,36.76113216895826,36.76113216895826,37.602831537946564,37.26828579052055,,37.495960973562724,36.758060528559255,37.51646684860531,37.47577667383019,"rgba(239, 83, 80, 1.0)",0.17978959173755968,37.436011446676474,-0.7565034514067646,35.50276314168642,-14.157436053292749,False,True,False,True,False,0.0,0.0,0.0,0.0,0.0,0,1.0070175438596478,1.0017543859649118,False,False,False,False,-0.33011120011537187,-0.29640211866705274,False,False,False,False,-1579.0,-876.639258979802,False,False,False,False,21.540492372049535,False,False,False,False
2025-07-30 14:00:00+00:00,37.3,37.3,37.3,37.3,0.0,,,,,,,,,,,,,,,,,,,,,,,,,,,,,,37.454648566055475,37.454648566055475,37.454648566055475,37.46394199908299,37.493150661099506,37.495960973562724,37.4944156504065,37.504165945582145,37.504165945582145,37.504260861207214,37.505254857786525,37.51521041119859,37.51521041119859,37.51521041119859,37.51521041119859,37.51521041119859,37.51521041119859,37.51736459653569,37.531637738177885,37.58326938108435,37.63157889546351,37.63443129198461,37.586540758959934,37.58927959433466,37.41704389892439,37.41704389892439,37.41704389892439,37.41704389892439,37.399971605313866,37.3960662117766,37.378907198394785,37.377706672682606,37.244770339309824,37.244770339309824,37.244770339309824,37.244770339309824,37.244770339309824,37.244770339309824,36.951271522601466,36.89110514884376,36.758060528559255,36.75868115589107,36.78378049684835,36.78373929485041,36.673459735476314,36.673459735476314,36.673459735476314,36.67725046904316,36.67725046904316,36.67725046904316,36.67725046904316,36.67725046904316,36.67725046904316,36.712779843976776,36.712779843976776,36.712779843976776,36.712779843976776,36.712779843976776,36.712779843976776,36.83081652625307,36.83081652625307,36.90337698379492,,,,,,,,,,,,,,,,,,,37.29666666666667,37.29666666666667,37.295,37.454648566055475,37.4891576867816,37.4891576867816,37.4891576867816,37.4891576867816,37.4891576867816,37.493150661099506,37.5025125531093,37.4944156504065,37.491472449536275,37.491472449536275,37.49144142670156,37.50461429782423,37.50456308851223,37.51516627286251,37.51516627286251,37.51516627286251,37.51730102342891,37.51730102342891,37.51730102342891,37.51730102342891,37.51730102342891,37.517280568239464,37.51982710586692,37.51982710586692,37.51982710586692,37.51984025559105,37.58479100247963,37.602831537946564,37.541992352749745,37.52083440583439,37.51721936589544,37.388680419122466,37.388680419122466,37.388680419122466,37.38830134985393,37.26828579052055,37.26828579052055,37.26828579052055,37.26828579052055,37.26828579052055,37.26828579052055,37.26828579052055,37.26707478539212,37.09363009922824,36.76113216895826,36.76113216895826,37.602831537946564,37.26828579052055,,37.495960973562724,36.758060528559255,37.51646684860531,37.47577667383019,"rgba(239, 83, 80, 1.0)",0.18067134563897116,37.436011446676474,-0.7528113890747437,35.50288945094445,-14.21227848949328,False,True,False,True,False,0.0,0.0,0.0,0.0,0.0,0,0.9456140350877177,1.0017543859649118,False,False,False,False,-0.33011120011537187,-0.3132566593912123,False,False,False,False,-1579.0,-887.5285727940686,False,False,False,False,21.206531250002254,False,False,False,False
2025-07-30 15:00:00+00:00,37.3,37.3,37.3,37.3,0.0,,,,,,,,,,,,,,,,,,,,,,,,,,,,,,37.454648566055475,37.454648566055475,37.454648566055475,37.46394199908299,37.493150661099506,37.495960973562724,37.4944156504065,37.504165945582145,37.504165945582145,37.504260861207214,37.505254857786525,37.51521041119859,37.51521041119859,37.51521041119859,37.51521041119859,37.51521041119859,37.51521041119859,37.51736459653569,37.531637738177885,37.58326938108435,37.63157889546351,37.63443129198461,37.586540758959934,37.58927959433466,37.41704389892439,37.41704389892439,37.41704389892439,37.41704389892439,37.399971605313866,37.3960662117766,37.378907198394785,37.377706672682606,37.244770339309824,37.244770339309824,37.244770339309824,37.244770339309824,37.244770339309824,37.244770339309824,36.951271522601466,36.89110514884376,36.758060528559255,36.75868115589107,36.78378049684835,36.78373929485041,36.673459735476314,36.673459735476314,36.673459735476314,36.67725046904316,36.67725046904316,36.67725046904316,36.67725046904316,36.67725046904316,36.67725046904316,36.712779843976776,36.712779843976776,36.712779843976776,36.712779843976776,36.712779843976776,36.712779843976776,36.83081652625307,36.83081652625307,36.90337698379492,,,,,,,,,,,,,,,,,,,37.29666666666667,37.29666666666667,37.295,37.454648566055475,37.4891576867816,37.4891576867816,37.4891576867816,37.4891576867816,37.4891576867816,37.493150661099506,37.5025125531093,37.4944156504065,37.491472449536275,37.491472449536275,37.49144142670156,37.50461429782423,37.50456308851223,37.51516627286251,37.51516627286251,37.51516627286251,37.51730102342891,37.51730102342891,37.51730102342891,37.51730102342891,37.51730102342891,37.517280568239464,37.51982710586692,37.51982710586692,37.51982710586692,37.51984025559105,37.58479100247963,37.602831537946564,37.541992352749745,37.52083440583439,37.51721936589544,37.388680419122466,37.388680419122466,37.388680419122466,37.38830134985393,37.26828579052055,37.26828579052055,37.26828579052055,37.26828579052055,37.26828579052055,37.26828579052055,37.26828579052055,37.26707478539212,37.09363009922824,36.76113216895826,36.76113216895826,37.602831537946564,37.26828579052055,,37.495960973562724,36.758060528559255,37.51646684860531,37.47577667383019,"rgba(239, 83, 80, 1.0)",0.18149164227610606,37.436011446676474,-0.7494088706826548,35.50297365711647,-14.258759142180033,False,True,False,True,False,0.0,0.0,0.0,0.0,0.0,0,0.9456140350877177,1.0017543859649118,False,False,False,False,-0.33011120011537187,-0.3216839297532921,False,False,False,False,-1579.0,-898.2490600375714,False,False,False,False,20.87774781976966,False,False,False,False
2025-07-30 16:00:00+00:00,37.3,37.3,37.3,37.3,0.0,,,,,,,,,,,,,,,,,,,,,,,,,,,,,,37.454648566055475,37.454648566055475,37.454648566055475,37.46394199908299,37.493150661099506,37.495960973562724,37.4944156504065,37.504165945582145,37.504165945582145,37.504260861207214,37.505254857786525,37.51521041119859,37.51521041119859,37.51521041119859,37.51521041119859,37.51521041119859,37.51521041119859,37.51736459653569,37.531637738177885,37.58326938108435,37.63157889546351,37.63443129198461,37.586540758959934,37.58927959433466,37.41704389892439,37.41704389892439,37.41704389892439,37.41704389892439,37.399971605313866,37.3960662117766,37.378907198394785,37.377706672682606,37.244770339309824,37.244770339309824,37.244770339309824,37.244770339309824,37.244770339309824,37.244770339309824,36.951271522601466,36.89110514884376,36.758060528559255,36.75868115589107,36.78378049684835,36.78373929485041,36.673459735476314,36.673459735476314,36.673459735476314,36.67725046904316,36.67725046904316,36.67725046904316,36.67725046904316,36.67725046904316,36.67725046904316,36.712779843976776,36.712779843976776,36.712779843976776,36.712779843976776,36.712779843976776,36.712779843976776,36.83081652625307,36.83081652625307,36.90337698379492,,,,,,,,,,,,,,,,,,,37.29666666666667,37.29666666666667,37.295,37.454648566055475,37.4891576867816,37.4891576867816,37.4891576867816,37.4891576867816,37.4891576867816,37.493150661099506,37.5025125531093,37.4944156504065,37.491472449536275,37.491472449536275,37.49144142670156,37.50461429782423,37.50456308851223,37.51516627286251,37.51516627286251,37.51516627286251,37.51730102342891,37.51730102342891,37.51730102342891,37.51730102342891,37.51730102342891,37.517280568239464,37.51982710586692,37.51982710586692,37.51982710586692,37.51984025559105,37.58479100247963,37.602831537946564,37.541992352749745,37.52083440583439,37.51721936589544,37.388680419122466,37.388680419122466,37.388680419122466,37.38830134985393,37.26828579052055,37.26828579052055,37.26828579052055,37.26828579052055,37.26828579052055,37.26828579052055,37.26828579052055,37.26707478539212,37.09363009922824,36.76113216895826,36.76113216895826,37.602831537946564,37.26828579052055,,37.495960973562724,36.758060528559255,37.51646684860531,37.47577667383019,"rgba(239, 83, 80, 1.0)",0.1824791731911089,37.436011446676474,-0.7453532603089634,35.50302979456448,-14.298029588684976,False,True,False,True,False,0.0,0.0,0.0,0.0,0.0,0,0.9456140350877177,1.0017543859649118,False,False,False,False,-0.33011120011537187,-0.325897564934332,False,False,False,False,-1579.0,-908.8033381765238,False,False,False,False,20.55406180706005,False,False,False,False
2025-07-30 17:00:00+00:00,37.3,37.3,37.3,37.3,0.0,,,,,,,,,,,,,,,,,,,,,,,,,,,,,,37.454648566055475,37.454648566055475,37.454648566055475,37.46394199908299,37.493150661099506,37.495960973562724,37.4944156504065,37.504165945582145,37.504165945582145,37.504260861207214,37.505254857786525,37.51521041119859,37.51521041119859,37.51521041119859,37.51521041119859,37.51521041119859,37.51521041119859,37.51736459653569,37.531637738177885,37.58326938108435,37.63157889546351,37.63443129198461,37.586540758959934,37.58927959433466,37.41704389892439,37.41704389892439,37.41704389892439,37.41704389892439,37.399971605313866,37.3960662117766,37.378907198394785,37.377706672682606,37.244770339309824,37.244770339309824,37.244770339309824,37.244770339309824,37.244770339309824,37.244770339309824,36.951271522601466,36.89110514884376,36.758060528559255,36.75868115589107,36.78378049684835,36.78373929485041,36.673459735476314,36.673459735476314,36.673459735476314,36.67725046904316,36.67725046904316,36.67725046904316,36.67725046904316,36.67725046904316,36.67725046904316,36.712779843976776,36.712779843976776,36.712779843976776,36.712779843976776,36.712779843976776,36.712779843976776,36.83081652625307,36.83081652625307,36.90337698379492,,,,,,,,,,,,,,,,,,,37.29666666666667,37.29666666666667,37.295,37.454648566055475,37.4891576867816,37.4891576867816,37.4891576867816,37.4891576867816,37.4891576867816,37.493150661099506,37.5025125531093,37.4944156504065,37.491472449536275,37.491472449536275,37.49144142670156,37.50461429782423,37.50456308851223,37.51516627286251,37.51516627286251,37.51516627286251,37.51730102342891,37.51730102342891,37.51730102342891,37.51730102342891,37.51730102342891,37.517280568239464,37.51982710586692,37.51982710586692,37.51982710586692,37.51984025559105,37.58479100247963,37.602831537946564,37.541992352749745,37.52083440583439,37.51721936589544,37.388680419122466,37.388680419122466,37.388680419122466,37.38830134985393,37.26828579052055,37.26828579052055,37.26828579052055,37.26828579052055,37.26828579052055,37.26828579052055,37.26828579052055,37.26707478539212,37.09363009922824,36.76113216895826,36.76113216895826,37.602831537946564,37.26828579052055,,37.495960973562724,36.758060528559255,37.51646684860531,37.47577667383019,"rgba(239, 83, 80, 1.0)",0.18343464849949312,37.436011446676474,-0.7414708605438457,35.503067219529825,-14.33111505962301,False,True,False,True,False,0.0,0.0,0.0,0.0,0.0,0,0.9456140350877177,1.0017543859649118,False,False,False,False,-0.33011120011537187,-0.3280043825248519,False,False,False,False,-1579.0,-919.1939840962675,False,False,False,False,20.23539418214439,False,False,False,False
2025-07-30 18:00:00+00:00,37.3,37.3,37.3,37.3,0.0,,,,,,,,,,,,,,,,,,,,,,,,,,,,,,37.454648566055475,37.454648566055475,37.454648566055475,37.46394199908299,37.493150661099506,37.495960973562724,37.4944156504065,37.504165945582145,37.504165945582145,37.504260861207214,37.505254857786525,37.51521041119859,37.51521041119859,37.51521041119859,37.51521041119859,37.51521041119859,37.51521041119859,37.51736459653569,37.531637738177885,37.58326938108435,37.63157889546351,37.63443129198461,37.586540758959934,37.58927959433466,37.41704389892439,37.41704389892439,37.41704389892439,37.41704389892439,37.399971605313866,37.3960662117766,37.378907198394785,37.377706672682606,37.244770339309824,37.244770339309824,37.244770339309824,37.244770339309824,37.244770339309824,37.244770339309824,36.951271522601466,36.89110514884376,36.758060528559255,36.75868115589107,36.78378049684835,36.78373929485041,36.673459735476314,36.673459735476314,36.673459735476314,36.67725046904316,36.67725046904316,36.67725046904316,36.67725046904316,36.67725046904316,36.67725046904316,36.712779843976776,36.712779843976776,36.712779843976776,36.712779843976776,36.712779843976776,36.712779843976776,36.83081652625307,36.83081652625307,36.90337698379492,,,,,,,,,,,,,,,,,,,37.29666666666667,37.29666666666667,37.295,37.454648566055475,37.4891576867816,37.4891576867816,37.4891576867816,37.4891576867816,37.4891576867816,37.493150661099506,37.5025125531093,37.4944156504065,37.491472449536275,37.491472449536275,37.49144142670156,37.50461429782423,37.50456308851223,37.51516627286251,37.51516627286251,37.51516627286251,37.51730102342891,37.51730102342891,37.51730102342891,37.51730102342891,37.51730102342891,37.517280568239464,37.51982710586692,37.51982710586692,37.51982710586692,37.51984025559105,37.58479100247963,37.602831537946564,37.541992352749745,37.52083440583439,37.51721936589544,37.388680419122466,37.388680419122466,37.388680419122466,37.38830134985393,37.26828579052055,37.26828579052055,37.26828579052055,37.26828579052055,37.26828579052055,37.26828579052055,37.26828579052055,37.26707478539212,37.09363009922824,36.76113216895826,36.76113216895826,37.602831537946564,37.26828579052055,,37.495960973562724,36.758060528559255,37.51646684860531,37.47577667383019,"rgba(239, 83, 80, 1.0)",0.18435856660579575,37.436011446676474,-0.7377549586144438,35.50309216950672,-14.358918976860465,False,True,False,True,False,0.0,0.0,0.0,0.0,0.0,0,0.9694244604316531,1.0017985611510787,False,False,False,False,-0.33011120011537187,-0.3290577913201119,False,False,False,False,-1579.0,-929.4235347304339,False,False,False,False,19.921667140560753,False,False,False,False
2025-07-30 19:00:00+00:00,37.3,37.3,36.83,36.83,3.0,,,,,,,,,,,,,,,,,36.986666666666665,36.986666666666665,36.986666666666665,36.986666666666665,36.986666666666665,36.986666666666665,36.986666666666665,36.986666666666665,36.986666666666665,36.986666666666665,36.986666666666665,36.986666666666665,36.986666666666665,37.45366056767534,37.45366056767534,37.45366056767534,37.46295927705331,37.49235886746569,37.495320620284986,37.493900169204736,37.5037185398655,37.5037185398655,37.50381350235282,37.504817107484506,37.514794562461745,37.514794562461745,37.514794562461745,37.514794562461745,37.514794562461745,37.514794562461745,37.51696133063153,37.53125963613937,37.58288808407897,37.63119751626257,37.634051297092945,37.58622475856013,37.58896364907374,37.41684465020575,37.41684465020575,37.41684465020575,37.41684465020575,37.399783082459074,37.39588006466606,37.37873019454473,37.377530316696735,37.24465842848196,37.24465842848196,37.24465842848196,37.24465842848196,37.24465842848196,37.24465842848196,36.95128540305012,36.89114176245212,36.75814402240079,36.75876440279131,36.78384817821269,36.78380698243274,36.673554093860886,36.673554093860886,36.673554093860886,36.67733752227329,36.67733752227329,36.67733752227329,36.67733752227329,36.67733752227329,36.67733752227329,36.71285435748617,36.71285435748617,36.71285435748617,36.71285435748617,36.71285435748617,36.71285435748617,36.83085630423684,36.83085630423684,36.90339788634208,,,,,,,,,,,,,,,,,,36.986666666666665,37.064166666666665,37.064166666666665,37.11,37.45366056767534,37.4883467814237,37.4883467814237,37.4883467814237,37.4883467814237,37.4883467814237,37.49235886746569,37.501915509259256,37.493900169204736,37.49097721822542,37.49097721822542,37.4909463877084,37.50417560700168,37.504124564869684,37.51475034977263,37.51475034977263,37.51475034977263,37.51689739688978,37.51689739688978,37.51689739688978,37.51689739688978,37.51689739688978,37.51687705956906,37.51943420944894,37.51943420944894,37.51943420944894,37.51944744597249,37.58440986972529,37.602494221411185,37.54172141811676,37.52057672723373,37.51696375997001,37.38849823766365,37.38849823766365,37.38849823766365,37.38811936766852,37.26816288429833,37.26816288429833,37.26816288429833,37.26816288429833,37.26816288429833,37.26816288429833,37.26816288429833,37.266952443280985,37.09358589337376,36.76121594848936,36.76121594848936,37.602494221411185,37.26816288429833,,37.495320620284986,36.75814402240079,37.22652198222926,37.42806442614525,"rgba(239, 83, 80, 1.0)",0.19808436186200537,36.994416666666666,-0.8300335529828848,24.061041483373835,-24.68009462354257,False,True,False,True,False,0.0,0.0,0.0,0.0,0.0,0,0.893864013266997,0.9784411276948586,False,False,False,False,-0.34282825441539394,-0.3359430228677529,False,False,False,False,-1582.0,-939.5409993082566,False,False,False,False,19.659315712024927,False,False,False,False
2025-07-31 14:00:00+00:00,36.83,37.17,36.83,37.17,1.0,,,,,,,,,,,,,,,,,37.00416666666666,37.00416666666666,37.00416666666666,37.00416666666666,37.00416666666666,37.00416666666666,37.00416666666666,37.00416666666666,37.00416666666666,37.00416666666666,37.00416666666666,37.00416666666666,37.00416666666666,37.453381387716824,37.453381387716824,37.453381387716824,37.46268061271147,37.49213194444444,37.49513685239491,37.49375225529995,37.503589743589735,37.503589743589735,37.503684715821805,37.50469104547584,37.51467444502708,37.51467444502708,37.51467444502708,37.51467444502708,37.51467444502708,37.51467444502708,37.51684477082805,37.531149903660875,37.5827760028399,37.631084285901984,37.63393841642229,37.5861317883895,37.58887063894227,37.41678907575991,37.41678907575991,37.41678907575991,37.41678907575991,37.39973092125266,37.395828660908215,37.37868175665514,37.37748208828098,37.2446312620424,37.2446312620424,37.2446312620424,37.2446312620424,37.2446312620424,37.2446312620424,36.95129917657823,36.89116289958712,36.75818036112803,36.75880065717415,36.78387851160033,36.78383731702799,36.67359256284098,36.67359256284098,36.67359256284098,36.677373093273324,36.677373093273324,36.677373093273324,36.677373093273324,36.677373093273324,36.677373093273324,36.71288553379277,36.71288553379277,36.71288553379277,36.71288553379277,36.71288553379277,36.71288553379277,36.83087551396567,36.83087551396567,36.90341070681721,,,,,,,,,,,,,,,,,37.056666666666665,37.00416666666666,37.062666666666665,37.062666666666665,37.101111111111116,37.453381387716824,37.4881146953405,37.4881146953405,37.4881146953405,37.4881146953405,37.4881146953405,37.49213194444444,37.50174379740326,37.49375225529995,37.4908352402746,37.4908352402746,37.490804466230934,37.50404929908739,37.50399830699773,37.51463021243114,37.51463021243114,37.51463021243114,37.51678073510773,37.51678073510773,37.51678073510773,37.51678073510773,37.51678073510773,37.51676043250548,37.519320563195805,37.519320563195805,37.519320563195805,37.51933382437188,37.584297798541805,37.60239463601532,37.54164254742546,37.52050214362271,37.51688985228001,37.3884481196194,37.3884481196194,37.3884481196194,37.38806931440652,37.268132121212126,37.268132121212126,37.268132121212126,37.268132121212126,37.268132121212126,37.268132121212126,37.268132121212126,37.26692186515439,37.09358080808082,36.76125252775371,36.76125252775371,37.60239463601532,37.268132121212126,,37.49513685239491,36.75818036112803,37.235529687526885,37.40974464139307,"rgba(239, 83, 80, 0.75)",0.2006769624124979,37.009716666666655,0.7987131726853575,30.938792422641825,-21.674852033893732,False,True,False,True,True,0.0,0.0,0.0,0.0,0.0,0,0.8995290423861841,0.9999999999999989,False,False,False,False,-0.34282825441539394,-0.33938563864157345,False,False,False,False,-1581.0,-949.4861000941751,False,False,False,False,19.370023995559425,False,False,False,False
2025-07-31 15:00:00+00:00,37.17,37.17,37.17,37.17,0.0,,,,,,,,,,,,,,,,,37.00416666666666,37.00416666666666,37.00416666666666,37.00416666666666,37.00416666666666,37.00416666666666,37.00416666666666,37.00416666666666,37.00416666666666,37.00416666666666,37.00416666666666,37.00416666666666,37.00416666666666,37.453381387716824,37.453381387716824,37.453381387716824,37.46268061271147,37.49213194444444,37.49513685239491,37.49375225529995,37.503589743589735,37.503589743589735,37.503684715821805,37.50469104547584,37.51467444502708,37.51467444502708,37.51467444502708,37.51467444502708,37.51467444502708,37.51467444502708,37.51684477082805,37.531149903660875,37.5827760028399,37.631084285901984,37.63393841642229,37.5861317883895,37.58887063894227,37.41678907575991,37.41678907575991,37.41678907575991,37.41678907575991,37.39973092125266,37.395828660908215,37.37868175665514,37.37748208828098,37.2446312620424,37.2446312620424,37.2446312620424,37.2446312620424,37.2446312620424,37.2446312620424,36.95129917657823,36.89116289958712,36.75818036112803,36.75880065717415,36.78387851160033,36.78383731702799,36.67359256284098,36.67359256284098,36.67359256284098,36.677373093273324,36.677373093273324,36.677373093273324,36.677373093273324,36.677373093273324,36.677373093273324,36.71288553379277,36.71288553379277,36.71288553379277,36.71288553379277,36.71288553379277,36.71288553379277,36.83087551396567,36.83087551396567,36.90341070681721,,,,,,,,,,,,,,,,,37.056666666666665,37.00416666666666,37.062666666666665,37.062666666666665,37.101111111111116,37.453381387716824,37.4881146953405,37.4881146953405,37.4881146953405,37.4881146953405,37.4881146953405,37.49213194444444,37.50174379740326,37.49375225529995,37.4908352402746,37.4908352402746,37.490804466230934,37.50404929908739,37.50399830699773,37.51463021243114,37.51463021243114,37.51463021243114,37.51678073510773,37.51678073510773,37.51678073510773,37.51678073510773,37.51678073510773,37.51676043250548,37.519320563195805,37.519320563195805,37.519320563195805,37.51933382437188,37.584297798541805,37.60239463601532,37.54164254742546,37.52050214362271,37.51688985228001,37.3884481196194,37.3884481196194,37.3884481196194,37.38806931440652,37.268132121212126,37.268132121212126,37.268132121212126,37.268132121212126,37.268132121212126,37.268132121212126,37.268132121212126,37.26692186515439,37.09358080808082,36.76125252775371,36.76125252775371,37.60239463601532,37.268132121212126,,37.49513685239491,36.75818036112803,37.235529687526885,37.40974464139307,"rgba(239, 83, 80, 0.75)",0.20315932592813932,37.009716666666655,0.7889538548185634,35.52395971548715,-18.31071525268077,False,True,False,True,True,0.0,0.0,0.0,0.0,0.0,0,0.9529042386185237,0.9999999999999989,False,False,False,False,-0.2038103884147585,-0.271598013528166,False,False,False,False,-1581.0,-959.2770132710095,False,False,False,False,19.06971354601587,False,False,False,False
2025-07-31 16:00:00+00:00,37.17,37.17,37.17,37.17,0.0,,,,,,,,,,,,,,,,,37.00416666666666,37.00416666666666,37.00416666666666,37.00416666666666,37.00416666666666,37.00416666666666,37.00416666666666,37.00416666666666,37.00416666666666,37.00416666666666,37.00416666666666,37.00416666666666,37.00416666666666,37.453381387716824,37.453381387716824,37.453381387716824,37.46268061271147,37.49213194444444,37.49513685239491,37.49375225529995,37.503589743589735,37.503589743589735,37.503684715821805,37.50469104547584,37.51467444502708,37.51467444502708,37.51467444502708,37.51467444502708,37.51467444502708,37.51467444502708,37.51684477082805,37.531149903660875,37.5827760028399,37.631084285901984,37.63393841642229,37.5861317883895,37.58887063894227,37.41678907575991,37.41678907575991,37.41678907575991,37.41678907575991,37.39973092125266,37.395828660908215,37.37868175665514,37.37748208828098,37.2446312620424,37.2446312620424,37.2446312620424,37.2446312620424,37.2446312620424,37.2446312620424,36.95129917657823,36.89116289958712,36.75818036112803,36.75880065717415,36.78387851160033,36.78383731702799,36.67359256284098,36.67359256284098,36.67359256284098,36.677373093273324,36.677373093273324,36.677373093273324,36.677373093273324,36.677373093273324,36.677373093273324,36.71288553379277,36.71288553379277,36.71288553379277,36.71288553379277,36.71288553379277,36.71288553379277,36.83087551396567,36.83087551396567,36.90341070681721,,,,,,,,,,,,,,,,,37.056666666666665,37.00416666666666,37.062666666666665,37.062666666666665,37.101111111111116,37.453381387716824,37.4881146953405,37.4881146953405,37.4881146953405,37.4881146953405,37.4881146953405,37.49213194444444,37.50174379740326,37.49375225529995,37.4908352402746,37.4908352402746,37.490804466230934,37.50404929908739,37.50399830699773,37.51463021243114,37.51463021243114,37.51463021243114,37.51678073510773,37.51678073510773,37.51678073510773,37.51678073510773,37.51678073510773,37.51676043250548,37.519320563195805,37.519320563195805,37.519320563195805,37.51933382437188,37.584297798541805,37.60239463601532,37.54164254742546,37.52050214362271,37.51688985228001,37.3884481196194,37.3884481196194,37.3884481196194,37.38806931440652,37.268132121212126,37.268132121212126,37.268132121212126,37.268132121212126,37.268132121212126,37.268132121212126,37.268132121212126,37.26692186515439,37.09358080808082,36.76125252775371,36.76125252775371,37.60239463601532,37.268132121212126,,37.49513685239491,36.75818036112803,37.235529687526885,37.40974464139307,"rgba(239, 83, 80, 0.5)",0.20334316177660433,37.009716666666655,0.7882405876497385,38.58073791071737,-16.18768740569157,True,False,False,True,True,0.0,0.0,0.0,0.0,0.0,0,0.9529042386185237,0.9999999999999989,False,False,False,False,-0.2038103884147585,-0.23770420097146222,False,False,False,False,-1581.0,-968.9161293443271,False,False,False,False,18.774059072434227,False,False,False,False
2025-07-31 17:00:00+00:00,37.17,37.17,37.17,37.17,0.0,,,,,,,,,,,,,,,,,37.00416666666666,37.00416666666666,37.00416666666666,37.00416666666666,37.00416666666666,37.00416666666666,37.00416666666666,37.00416666666666,37.00416666666666,37.00416666666666,37.00416666666666,37.00416666666666,37.00416666666666,37.453381387716824,37.453381387716824,37.453381387716824,37.46268061271147,37.49213194444444,37.49513685239491,37.49375225529995,37.503589743589735,37.503589743589735,37.503684715821805,37.50469104547584,37.51467444502708,37.51467444502708,37.51467444502708,37.51467444502708,37.51467444502708,37.51467444502708,37.51684477082805,37.531149903660875,37.5827760028399,37.631084285901984,37.63393841642229,37.5861317883895,37.58887063894227,37.41678907575991,37.41678907575991,37.41678907575991,37.41678907575991,37.39973092125266,37.395828660908215,37.37868175665514,37.37748208828098,37.2446312620424,37.2446312620424,37.2446312620424,37.2446312620424,37.2446312620424,37.2446312620424,36.95129917657823,36.89116289958712,36.75818036112803,36.75880065717415,36.78387851160033,36.78383731702799,36.67359256284098,36.67359256284098,36.67359256284098,36.677373093273324,36.677373093273324,36.677373093273324,36.677373093273324,36.677373093273324,36.677373093273324,36.71288553379277,36.71288553379277,36.71288553379277,36.71288553379277,36.71288553379277,36.71288553379277,36.83087551396567,36.83087551396567,36.90341070681721,,,,,,,,,,,,,,,,,37.056666666666665,37.00416666666666,37.062666666666665,37.062666666666665,37.101111111111116,37.453381387716824,37.4881146953405,37.4881146953405,37.4881146953405,37.4881146953405,37.4881146953405,37.49213194444444,37.50174379740326,37.49375225529995,37.4908352402746,37.4908352402746,37.490804466230934,37.50404929908739,37.50399830699773,37.51463021243114,37.51463021243114,37.51463021243114,37.51678073510773,37.51678073510773,37.51678073510773,37.51678073510773,37.51678073510773,37.51676043250548,37.519320563195805,37.519320563195805,37.519320563195805,37.51933382437188,37.584297798541805,37.60239463601532,37.54164254742546,37.52050214362271,37.51688985228001,37.3884481196194,37.3884481196194,37.3884481196194,37.38806931440652,37.268132121212126,37.268132121212126,37.268132121212126,37.268132121212126,37.268132121212126,37.268132121212126,37.268132121212126,37.26692186515439,37.09358080808082,36.76125252775371,36.76125252775371,37.60239463601532,37.268132121212126,,37.49513685239491,36.75818036112803,37.235529687526885,37.40974464139307,"rgba(239, 83, 80, 0.5)",0.20328267719289872,37.009716666666655,0.788475120195562,40.61859004087084,-14.760483698771338,True,False,False,True,True,0.0,0.0,0.0,0.0,0.0,0,0.9529042386185237,0.9999999999999989,False,False,False,False,-0.2038103884147585,-0.22075729469311034,False,False,False,False,-1581.0,-978.4058017575934,False,False,False,False,18.482988389140672,False,False,False,False
2025-07-31 18:00:00+00:00,37.17,37.225,36.925,37.225,102.0,,,,,,,,,,,,,,,,,37.120440251572326,37.120440251572326,37.120440251572326,37.120440251572326,37.120440251572326,37.120440251572326,37.120440251572326,37.120440251572326,37.120440251572326,37.120440251572326,37.120440251572326,37.120440251572326,37.120440251572326,37.43140310586176,37.43140310586176,37.43140310586176,37.4406014957265,37.47361193537751,37.479968528190696,37.48145247438413,37.49278197593058,37.49278197593058,37.4928772617049,37.494100811229586,37.50452459993189,37.50452459993189,37.50452459993189,37.50452459993189,37.50452459993189,37.50452459993189,37.50697852382127,37.52179203373239,37.57304217913974,37.6211112184441,37.62398792409431,37.57801943198803,37.580747925608,37.41226796293483,37.41226796293483,37.41226796293483,37.41226796293483,37.39553592814371,37.39170621300303,37.37484891127241,37.37366962743647,37.24289352511156,37.24289352511156,37.24289352511156,37.24289352511156,37.24289352511156,37.24289352511156,36.95358441893462,36.894169502920306,36.76267905093985,36.76329065993509,36.787703752565236,36.78766259939175,36.678169002418585,36.678169002418585,36.678169002418585,36.6816140318286,36.6816140318286,36.6816140318286,36.6816140318286,36.6816140318286,36.6816140318286,36.71666232404912,36.71666232404912,36.71666232404912,36.71666232404912,36.71666232404912,36.71666232404912,36.833405723763725,36.833405723763725,36.905285311437325,,,,,,,,,,,,,,,,,37.12433656957929,37.120440251572326,37.12208722741433,37.12208722741433,37.12367283950617,37.43140310586176,37.46923717295277,37.46923717295277,37.46923717295277,37.46923717295277,37.46923717295277,37.47361193537751,37.48748484848484,37.48145247438413,37.47903037013603,37.47903037013603,37.47900432215897,37.49344215820758,37.4933955019199,37.50447892720305,37.50447892720305,37.50447892720305,37.506906350383,37.506906350383,37.506906350383,37.506906350383,37.506906350383,37.50688899868247,37.50968455518287,37.50968455518287,37.50968455518287,37.5096998003992,37.57456003602855,37.59367275658248,37.53484511622946,37.51412105873668,37.510575039494455,37.384451137884874,37.384451137884874,37.384451137884874,37.38407867340868,37.266039606325556,37.266039606325556,37.266039606325556,37.266039606325556,37.266039606325556,37.266039606325556,37.266039606325556,37.26484763815256,37.09401611880831,36.76578880873783,36.76578880873783,37.59367275658248,37.266039606325556,,37.479968528190696,36.76267905093985,37.288505345857274,37.41163283598701,"rgba(239, 83, 80, 0.5)",0.20215895538686682,37.12071741626477,0.5158444924473952,43.86524201966061,-12.014148959144137,True,False,False,True,True,0.0,0.0,0.0,0.0,0.0,0,0.9182908545727124,0.9917541229385297,False,False,False,False,-0.28021435004766515,-0.25048582237038775,False,False,False,False,-1479.0,-986.1669521179408,False,False,False,False,19.777825778456318,False,False,False,False
2025-07-31 19:00:00+00:00,37.225,37.225,37.01,37.01,501.0,,,,,,,,,,,,,,,,,37.08843767160901,37.08843767160901,37.08843767160901,37.08843767160901,37.08843767160901,37.08843767160901,37.08843767160901,37.08843767160901,37.08843767160901,37.08843767160901,37.08843767160901,37.08843767160901,37.08843767160901,37.3448757201646,37.3448757201646,37.3448757201646,37.35334950671195,37.39578213766679,37.41322965440356,37.42517467453404,37.44222508591064,37.44222508591064,37.44232106339468,37.444406365239686,37.456561768923095,37.456561768923095,37.456561768923095,37.456561768923095,37.456561768923095,37.456561768923095,37.460168057996476,37.477047145562764,37.52657575185605,37.57350478539135,37.576470793983916,37.538541302852295,37.54122220465801,37.3888869282891,37.3888869282891,37.3888869282891,37.3888869282891,37.37363807269182,37.37013861890216,37.354594594594595,37.3535079015068,37.23215649785104,37.23215649785104,37.23215649785104,37.23215649785104,37.23215649785104,37.23215649785104,36.96135873515872,36.905307287961435,36.78080252513798,36.78137528344671,36.80304973776528,36.80300913384734,36.69730859054472,36.69730859054472,36.69730859054472,36.69940282831869,36.69940282831869,36.69940282831869,36.69940282831869,36.69940282831869,36.69940282831869,36.73238471899808,36.73238471899808,36.73238471899808,36.73238471899808,36.73238471899808,36.73238471899808,36.84347035658411,36.84347035658411,36.91232202580027,,,,,,,,,,,,,,,,,37.088943156732896,37.08843767160901,37.08878015350877,37.08878015350877,37.08911603721948,37.3448757201646,37.39040127216131,37.39040127216131,37.39040127216131,37.39040127216131,37.39040127216131,37.39578213766679,37.42386942010846,37.42517467453404,37.42466684871655,37.42466684871655,37.42465920465921,37.443683470011244,37.44365444899927,37.45651041666665,37.45651041666665,37.45651041666665,37.46006266490765,37.46006266490765,37.46006266490765,37.46006266490765,37.46006266490765,37.460057521799655,37.46381568627451,37.46381568627451,37.46381568627451,37.46383910749928,37.52807291666667,37.55151051939513,37.501224147292554,37.48236674971908,37.479117991509284,37.36345238095238,37.36345238095238,37.36345238095238,37.363108650519024,37.25368726040831,37.25368726040831,37.25368726040831,37.25368726040831,37.25368726040831,37.25368726040831,37.25368726040831,37.25257843137255,37.09322925940058,36.78402092933948,36.78402092933948,37.55151051939513,37.25368726040831,,37.41322965440356,36.78080252513798,37.23998368936424,37.3558726220674,"rgba(239, 83, 80, 0.5)",0.20393522642359607,37.088480069960184,-0.3848284150633896,40.816958421240614,-12.014148959144137,True,False,False,True,False,0.0,0.0,0.0,0.0,0.0,0,0.9331880900508341,0.9920116194625989,False,False,False,False,-0.24568908375277268,-0.2480874530615802,False,False,False,False,-1980.0,-1001.5752164261897,False,False,False,False,27.238634681115908,False,False,False,False
2025-08-01 14:00:00+00:00,37.01,37.01,37.01,37.01,0.0,,,,,,,,,,,,,,,,,37.08843767160901,37.08843767160901,37.08843767160901,37.08843767160901,37.08843767160901,37.08843767160901,37.08843767160901,37.08843767160901,37.08843767160901,37.08843767160901,37.08843767160901,37.08843767160901,37.08843767160901,37.3448757201646,37.3448757201646,37.3448757201646,37.35334950671195,37.39578213766679,37.41322965440356,37.42517467453404,37.44222508591064,37.44222508591064,37.44232106339468,37.444406365239686,37.456561768923095,37.456561768923095,37.456561768923095,37.456561768923095,37.456561768923095,37.456561768923095,37.460168057996476,37.477047145562764,37.52657575185605,37.57350478539135,37.576470793983916,37.538541302852295,37.54122220465801,37.3888869282891,37.3888869282891,37.3888869282891,37.3888869282891,37.37363807269182,37.37013861890216,37.354594594594595,37.3535079015068,37.23215649785104,37.23215649785104,37.23215649785104,37.23215649785104,37.23215649785104,37.23215649785104,36.96135873515872,36.905307287961435,36.78080252513798,36.78137528344671,36.80304973776528,36.80300913384734,36.69730859054472,36.69730859054472,36.69730859054472,36.69940282831869,36.69940282831869,36.69940282831869,36.69940282831869,36.69940282831869,36.69940282831869,36.73238471899808,36.73238471899808,36.73238471899808,36.73238471899808,36.73238471899808,36.73238471899808,36.84347035658411,36.84347035658411,36.91232202580027,,,,,,,,,,,,,,,,,37.088943156732896,37.08843767160901,37.08878015350877,37.08878015350877,37.08911603721948,37.3448757201646,37.39040127216131,37.39040127216131,37.39040127216131,37.39040127216131,37.39040127216131,37.39578213766679,37.42386942010846,37.42517467453404,37.42466684871655,37.42466684871655,37.42465920465921,37.443683470011244,37.44365444899927,37.45651041666665,37.45651041666665,37.45651041666665,37.46006266490765,37.46006266490765,37.46006266490765,37.46006266490765,37.46006266490765,37.460057521799655,37.46381568627451,37.46381568627451,37.46381568627451,37.46383910749928,37.52807291666667,37.55151051939513,37.501224147292554,37.48236674971908,37.479117991509284,37.36345238095238,37.36345238095238,37.36345238095238,37.363108650519024,37.25368726040831,37.25368726040831,37.25368726040831,37.25368726040831,37.25368726040831,37.25368726040831,37.25368726040831,37.25257843137255,37.09322925940058,36.78402092933948,36.78402092933948,37.55151051939513,37.25368726040831,,37.41322965440356,36.78080252513798,37.23998368936424,37.3558726220674,"rgba(239, 83, 80, 0.5)",0.20521592671243688,37.088480069960184,-0.38242679901817667,38.78476935562728,-12.014148959144137,True,False,False,True,False,0.0,0.0,0.0,0.0,0.0,0,0.9312920089619109,1.0522778192681095,False,False,False,False,-0.3343385957221349,-0.2912130243918576,False,False,False,False,-1980.0,-1016.7445929157061,False,False,False,False,26.816330267455196,False,False,False,False
2025-08-01 15:00:00+00:00,37.01,37.01,37.01,37.01,0.0,,,,,,,,,,,,,,,,,37.08843767160901,37.08843767160901,37.08843767160901,37.08843767160901,37.08843767160901,37.08843767160901,37.08843767160901,37.08843767160901,37.08843767160901,37.08843767160901,37.08843767160901,37.08843767160901,37.08843767160901,37.3448757201646,37.3448757201646,37.3448757201646,37.35334950671195,37.39578213766679,37.41322965440356,37.42517467453404,37.44222508591064,37.44222508591064,37.44232106339468,37.444406365239686,37.456561768923095,37.456561768923095,37.456561768923095,37.456561768923095,37.456561768923095,37.456561768923095,37.460168057996476,37.477047145562764,37.52657575185605,37.57350478539135,37.576470793983916,37.538541302852295,37.54122220465801,37.3888869282891,37.3888869282891,37.3888869282891,37.3888869282891,37.37363807269182,37.37013861890216,37.354594594594595,37.3535079015068,37.23215649785104,37.23215649785104,37.23215649785104,37.23215649785104,37.23215649785104,37.23215649785104,36.96135873515872,36.905307287961435,36.78080252513798,36.78137528344671,36.80304973776528,36.80300913384734,36.69730859054472,36.69730859054472,36.69730859054472,36.69940282831869,36.69940282831869,36.69940282831869,36.69940282831869,36.69940282831869,36.69940282831869,36.73238471899808,36.73238471899808,36.73238471899808,36.73238471899808,36.73238471899808,36.73238471899808,36.84347035658411,36.84347035658411,36.91232202580027,,,,,,,,,,,,,,,,,37.088943156732896,37.08843767160901,37.08878015350877,37.08878015350877,37.08911603721948,37.3448757201646,37.39040127216131,37.39040127216131,37.39040127216131,37.39040127216131,37.39040127216131,37.39578213766679,37.42386942010846,37.42517467453404,37.42466684871655,37.42466684871655,37.42465920465921,37.443683470011244,37.44365444899927,37.45651041666665,37.45651041666665,37.45651041666665,37.46006266490765,37.46006266490765,37.46006266490765,37.46006266490765,37.46006266490765,37.460057521799655,37.46381568627451,37.46381568627451,37.46381568627451,37.46383910749928,37.52807291666667,37.55151051939513,37.501224147292554,37.48236674971908,37.479117991509284,37.36345238095238,37.36345238095238,37.36345238095238,37.363108650519024,37.25368726040831,37.25368726040831,37.25368726040831,37.25368726040831,37.25368726040831,37.25368726040831,37.25368726040831,37.25257843137255,37.09322925940058,36.78402092933948,36.78402092933948,37.55151051939513,37.25368726040831,,37.41322965440356,36.78080252513798,37.23998368936424,37.3558726220674,"rgba(239, 83, 80, 0.5)",0.20601029887632255,37.088480069960184,-0.3809521678685645,37.429976645218396,-6.092936469026135,False,False,False,True,False,0.0,0.0,0.0,0.0,0.0,0,0.9253174010455555,1.0298730395817768,False,False,False,False,-0.3343385957221349,-0.3127758100569963,False,False,False,False,-1980.0,-1031.6787852736022,False,False,False,False,26.40057320904504,False,False,False,False
2025-08-01 16:00:00+00:00,37.01,37.01,37.01,37.01,0.0,,,,,,,,,,,,,,,,,37.08843767160901,37.08843767160901,37.08843767160901,37.08843767160901,37.08843767160901,37.08843767160901,37.08843767160901,37.08843767160901,37.08843767160901,37.08843767160901,37.08843767160901,37.08843767160901,37.08843767160901,37.3448757201646,37.3448757201646,37.3448757201646,37.35334950671195,37.39578213766679,37.41322965440356,37.42517467453404,37.44222508591064,37.44222508591064,37.44232106339468,37.444406365239686,37.456561768923095,37.456561768923095,37.456561768923095,37.456561768923095,37.456561768923095,37.456561768923095,37.460168057996476,37.477047145562764,37.52657575185605,37.57350478539135,37.576470793983916,37.538541302852295,37.54122220465801,37.3888869282891,37.3888869282891,37.3888869282891,37.3888869282891,37.37363807269182,37.37013861890216,37.354594594594595,37.3535079015068,37.23215649785104,37.23215649785104,37.23215649785104,37.23215649785104,37.23215649785104,37.23215649785104,36.96135873515872,36.905307287961435,36.78080252513798,36.78137528344671,36.80304973776528,36.80300913384734,36.69730859054472,36.69730859054472,36.69730859054472,36.69940282831869,36.69940282831869,36.69940282831869,36.69940282831869,36.69940282831869,36.69940282831869,36.73238471899808,36.73238471899808,36.73238471899808,36.73238471899808,36.73238471899808,36.73238471899808,36.84347035658411,36.84347035658411,36.91232202580027,,,,,,,,,,,,,,,,,37.088943156732896,37.08843767160901,37.08878015350877,37.08878015350877,37.08911603721948,37.3448757201646,37.39040127216131,37.39040127216131,37.39040127216131,37.39040127216131,37.39040127216131,37.39578213766679,37.42386942010846,37.42517467453404,37.42466684871655,37.42466684871655,37.42465920465921,37.443683470011244,37.44365444899927,37.45651041666665,37.45651041666665,37.45651041666665,37.46006266490765,37.46006266490765,37.46006266490765,37.46006266490765,37.46006266490765,37.460057521799655,37.46381568627451,37.46381568627451,37.46381568627451,37.46383910749928,37.52807291666667,37.55151051939513,37.501224147292554,37.48236674971908,37.479117991509284,37.36345238095238,37.36345238095238,37.36345238095238,37.363108650519024,37.25368726040831,37.25368726040831,37.25368726040831,37.25368726040831,37.25368726040831,37.25368726040831,37.25368726040831,37.25257843137255,37.09322925940058,36.78402092933948,36.78402092933948,37.55151051939513,37.25368726040831,,37.41322965440356,36.78080252513798,37.23998368936424,37.3558726220674,"rgba(239, 83, 80, 0.5)",0.2065618376967586,37.088480069960184,-0.37993499106741097,36.52678150494581,-7.161130173239016,False,False,False,True,False,0.0,0.0,0.0,0.0,0.0,0,0.9253174010455555,1.0298730395817768,False,False,False,False,-0.3343385957221349,-0.3235572028895656,False,False,False,False,-1980.0,-1046.3814397654844,False,False,False,False,25.991261996501706,False,False,False,False
2025-08-01 17:00:00+00:00,37.01,37.01,37.01,37.01,0.0,,,,,,,,,,,,,,,,,37.08843767160901,37.08843767160901,37.08843767160901,37.08843767160901,37.08843767160901,37.08843767160901,37.08843767160901,37.08843767160901,37.08843767160901,37.08843767160901,37.08843767160901,37.08843767160901,37.08843767160901,37.3448757201646,37.3448757201646,37.3448757201646,37.35334950671195,37.39578213766679,37.41322965440356,37.42517467453404,37.44222508591064,37.44222508591064,37.44232106339468,37.444406365239686,37.456561768923095,37.456561768923095,37.456561768923095,37.456561768923095,37.456561768923095,37.456561768923095,37.460168057996476,37.477047145562764,37.52657575185605,37.57350478539135,37.576470793983916,37.538541302852295,37.54122220465801,37.3888869282891,37.3888869282891,37.3888869282891,37.3888869282891,37.37363807269182,37.37013861890216,37.354594594594595,37.3535079015068,37.23215649785104,37.23215649785104,37.23215649785104,37.23215649785104,37.23215649785104,37.23215649785104,36.96135873515872,36.905307287961435,36.78080252513798,36.78137528344671,36.80304973776528,36.80300913384734,36.69730859054472,36.69730859054472,36.69730859054472,36.69940282831869,36.69940282831869,36.69940282831869,36.69940282831869,36.69940282831869,36.69940282831869,36.73238471899808,36.73238471899808,36.73238471899808,36.73238471899808,36.73238471899808,36.73238471899808,36.84347035658411,36.84347035658411,36.91232202580027,,,,,,,,,,,,,,,,,37.088943156732896,37.08843767160901,37.08878015350877,37.08878015350877,37.08911603721948,37.3448757201646,37.39040127216131,37.39040127216131,37.39040127216131,37.39040127216131,37.39040127216131,37.39578213766679,37.42386942010846,37.42517467453404,37.42466684871655,37.42466684871655,37.42465920465921,37.443683470011244,37.44365444899927,37.45651041666665,37.45651041666665,37.45651041666665,37.46006266490765,37.46006266490765,37.46006266490765,37.46006266490765,37.46006266490765,37.460057521799655,37.46381568627451,37.46381568627451,37.46381568627451,37.46383910749928,37.52807291666667,37.55151051939513,37.501224147292554,37.48236674971908,37.479117991509284,37.36345238095238,37.36345238095238,37.36345238095238,37.363108650519024,37.25368726040831,37.25368726040831,37.25368726040831,37.25368726040831,37.25368726040831,37.25368726040831,37.25368726040831,37.25257843137255,37.09322925940058,36.78402092933948,36.78402092933948,37.55151051939513,37.25368726040831,,37.41322965440356,36.78080252513798,37.23998368936424,37.3558726220674,"rgba(239, 83, 80, 1.0)",0.20664778321137695,37.088480069960184,-0.37977697481472555,35.92465141143075,-8.061129871196961,False,True,False,True,False,0.0,0.0,0.0,0.0,0.0,0,0.9253174010455555,1.0298730395817768,False,False,False,False,-0.3343385957221349,-0.3289478993058502,False,False,False,False,-1980.0,-1060.8561461257095,False,False,False,False,25.588296694230362,False,False,False,False
2025-08-01 18:00:00+00:00,37.01,37.01,37.01,37.01,0.0,,,,,,,,,,,,,,,,,37.08843767160901,37.08843767160901,37.08843767160901,37.08843767160901,37.08843767160901,37.08843767160901,37.08843767160901,37.08843767160901,37.08843767160901,37.08843767160901,37.08843767160901,37.08843767160901,37.08843767160901,37.3448757201646,37.3448757201646,37.3448757201646,37.35334950671195,37.39578213766679,37.41322965440356,37.42517467453404,37.44222508591064,37.44222508591064,37.44232106339468,37.444406365239686,37.456561768923095,37.456561768923095,37.456561768923095,37.456561768923095,37.456561768923095,37.456561768923095,37.460168057996476,37.477047145562764,37.52657575185605,37.57350478539135,37.576470793983916,37.538541302852295,37.54122220465801,37.3888869282891,37.3888869282891,37.3888869282891,37.3888869282891,37.37363807269182,37.37013861890216,37.354594594594595,37.3535079015068,37.23215649785104,37.23215649785104,37.23215649785104,37.23215649785104,37.23215649785104,37.23215649785104,36.96135873515872,36.905307287961435,36.78080252513798,36.78137528344671,36.80304973776528,36.80300913384734,36.69730859054472,36.69730859054472,36.69730859054472,36.69940282831869,36.69940282831869,36.69940282831869,36.69940282831869,36.69940282831869,36.69940282831869,36.73238471899808,36.73238471899808,36.73238471899808,36.73238471899808,36.73238471899808,36.73238471899808,36.84347035658411,36.84347035658411,36.91232202580027,,,,,,,,,,,,,,,,,37.088943156732896,37.08843767160901,37.08878015350877,37.08878015350877,37.08911603721948,37.3448757201646,37.39040127216131,37.39040127216131,37.39040127216131,37.39040127216131,37.39040127216131,37.39578213766679,37.42386942010846,37.42517467453404,37.42466684871655,37.42466684871655,37.42465920465921,37.443683470011244,37.44365444899927,37.45651041666665,37.45651041666665,37.45651041666665,37.46006266490765,37.46006266490765,37.46006266490765,37.46006266490765,37.46006266490765,37.460057521799655,37.46381568627451,37.46381568627451,37.46381568627451,37.46383910749928,37.52807291666667,37.55151051939513,37.501224147292554,37.48236674971908,37.479117991509284,37.36345238095238,37.36345238095238,37.36345238095238,37.363108650519024,37.25368726040831,37.25368726040831,37.25368726040831,37.25368726040831,37.25368726040831,37.25368726040831,37.25368726040831,37.25257843137255,37.09322925940058,36.78402092933948,36.78402092933948,37.55151051939513,37.25368726040831,,37.41322965440356,36.78080252513798,37.23998368936424,37.3558726220674,"rgba(239, 83, 80, 1.0)",0.20626871741409164,37.088480069960184,-0.38047490159467323,35.52323134908738,-8.85361322284433,False,True,False,True,False,0.0,0.0,0.0,0.0,0.0,0,0.9253174010455555,1.0298730395817768,False,False,False,False,-0.3343385957221349,-0.33164324751399255,False,False,False,False,-1980.0,-1075.106438433838,False,False,False,False,25.19157891602524,False,False,False,False
2025-08-01 19:00:00+00:00,37.01,37.21,37.01,37.21,27.0,,,,,,,,,,,,,,,,,37.09077549947424,37.09077549947424,37.09077549947424,37.09077549947424,37.09077549947424,37.09077549947424,37.09077549947424,37.09077549947424,37.09077549947424,37.09077549947424,37.09077549947424,37.09077549947424,37.09077549947424,37.34222384665367,37.34222384665367,37.34222384665367,37.35063378033205,37.393109150326794,37.410814274665775,37.42305261200966,37.4402572543282,37.4402572543282,37.44035307979846,37.44246395858222,37.45465871587158,37.45465871587158,37.45465871587158,37.45465871587158,37.45465871587158,37.45465871587158,37.45829984712819,37.4752287251934,37.52463255086072,37.571468560074806,37.574435161009575,37.536854515755074,37.5395311926124,37.387954577415265,37.387954577415265,37.387954577415265,37.387954577415265,37.37277538845726,37.369291511043485,37.353810963044374,37.352728729003616,37.231838852097134,37.231838852097134,37.231838852097134,37.231838852097134,37.231838852097134,37.231838852097134,36.96195205893009,36.906066855769616,36.78190917655927,36.782479936701705,36.80400439872541,36.803963809523815,36.698445871501875,36.698445871501875,36.698445871501875,36.700464110737265,36.700464110737265,36.700464110737265,36.700464110737265,36.700464110737265,36.700464110737265,36.7333364785269,36.7333364785269,36.7333364785269,36.7333364785269,36.7333364785269,36.7333364785269,36.84412407482168,36.84412407482168,36.912817640047656,,,,,,,,,,,,,,,,,37.0912704701532,37.09077549947424,37.09109973753281,37.09109973753281,37.0914177148847,37.34222384665367,37.387722222222216,37.387722222222216,37.387722222222216,37.387722222222216,37.387722222222216,37.393109150326794,37.421519288447605,37.42305261200966,37.42260775277853,37.42260775277853,37.42260072267389,37.44174015496444,37.44171178725442,37.454607247355376,37.454607247355376,37.454607247355376,37.45819344262295,37.45819344262295,37.45819344262295,37.45819344262295,37.45819344262295,37.45818873834498,37.461975400538776,37.461975400538776,37.461975400538776,37.461999078602304,37.52612723980771,37.54970708558337,37.499798918387405,37.48103041362529,37.47779600466607,37.36263274031168,37.36263274031168,37.36263274031168,37.36229040264754,37.25329025094382,37.25329025094382,37.25329025094382,37.25329025094382,37.25329025094382,37.25329025094382,37.25329025094382,37.25218551574086,37.09340071820871,36.78513514030857,36.78513514030857,37.54970708558337,37.25329025094382,,37.410814274665775,36.78190917655927,37.240094124534764,37.354553976340455,"rgba(239, 83, 80, 0.5)",0.2031613879392947,37.09081645991112,0.5866446439344856,43.292267421618604,-12.632584891425509,True,False,False,True,True,0.0,0.0,0.0,0.0,0.0,0,0.9274836838288606,0.999999999999999,False,False,False,False,-0.25173802374414034,-0.29169063562906644,False,False,False,False,-1953.0,-1088.7171913263367,False,False,False,False,25.219616452210893,False,False,False,False
2025-08-04 14:00:00+00:00,37.21,37.43,37.21,37.43,1.0,,,,,,,,,,,,,,,,37.35666666666666,37.091194225721786,37.091194225721786,37.091194225721786,37.091194225721786,37.091194225721786,37.091194225721786,37.091194225721786,37.091194225721786,37.091194225721786,37.091194225721786,37.091194225721786,37.091194225721786,37.091194225721786,37.342230881636624,37.342230881636624,37.342230881636624,37.350636668262325,37.393094864758915,37.41079633311243,37.42303410463711,37.44023687632048,37.44023687632048,37.44033268340238,37.44244346233475,37.454636670416185,37.454636670416185,37.454636670416185,37.454636670416185,37.454636670416185,37.454636670416185,37.45827765647743,37.47520480225988,37.524601013894106,37.57143090855974,37.574397261863325,37.536826036562864,37.53950241317804,37.387950178102734,37.387950178102734,37.387950178102734,37.387950178102734,37.37277315392796,37.369289764868604,37.35381135531136,37.35272926963207,37.23185538339293,37.23185538339293,37.23185538339293,37.23185538339293,37.23185538339293,37.23185538339293,36.961999718264515,36.90612010557001,36.78197415027508,36.78254483122363,36.80406181818182,36.804021227231814,36.69850802644004,36.69850802644004,36.69850802644004,36.700522207466435,36.700522207466435,36.700522207466435,36.700522207466435,36.700522207466435,36.700522207466435,36.73338994196186,36.73338994196186,36.73338994196186,36.73338994196186,36.73338994196186,36.73338994196186,36.844165455621926,36.844165455621926,36.91285290534454,,,,,,,,,,,,,,,,,37.09169040084388,37.091194225721786,37.091517295597484,37.091517295597484,37.09183411826269,37.342230881636624,37.38770975511842,37.38770975511842,37.38770975511842,37.38770975511842,37.38770975511842,37.393094864758915,37.421499172870135,37.42303410463711,37.42258988256549,37.42258988256549,37.422582859207076,37.44171977319916,37.44169141716566,37.45458520852084,37.45458520852084,37.45458520852084,37.4581712558275,37.4581712558275,37.4581712558275,37.4581712558275,37.4581712558275,37.458166557424796,37.461953008717835,37.461953008717835,37.461953008717835,37.46197668650793,37.52609550561798,37.5496755017452,37.49977781054907,37.48101226098379,37.47777834475384,37.36263191763192,37.36263191763192,37.36263191763192,37.36228962728066,37.25330402344792,37.25330402344792,37.25330402344792,37.25330402344792,37.25330402344792,37.25330402344792,37.25330402344792,37.25219943171729,37.09343408102059,36.785200773235346,36.785200773235346,37.5496755017452,37.25330402344792,,37.41079633311243,36.78197415027508,37.236387844604344,37.35462417373065,"rgba(38, 166, 154, 1.0)",0.20207988341037422,37.10449265652513,1.610785487310695,52.77635014461784,-4.053002354588969,True,False,True,False,True,2.436406974871833,0.0,0.0,0.0,0.0,0,0.957835558678847,0.9690794096978207,False,False,False,False,-0.08746375677626775,-0.1895771962026671,False,False,False,False,-1952.0,-1102.1014209181762,False,False,False,False,24.84411852271925,False,False,False,True
2025-08-04 15:00:00+00:00,37.43,37.43,37.43,37.43,0.0,,,,,,,,,,,,,,,,37.35666666666666,37.091194225721786,37.091194225721786,37.091194225721786,37.091194225721786,37.091194225721786,37.091194225721786,37.091194225721786,37.091194225721786,37.091194225721786,37.091194225721786,37.091194225721786,37.091194225721786,37.091194225721786,37.342230881636624,37.342230881636624,37.342230881636624,37.350636668262325,37.393094864758915,37.41079633311243,37.42303410463711,37.44023687632048,37.44023687632048,37.44033268340238,37.44244346233475,37.454636670416185,37.454636670416185,37.454636670416185,37.454636670416185,37.454636670416185,37.454636670416185,37.45827765647743,37.47520480225988,37.524601013894106,37.57143090855974,37.574397261863325,37.536826036562864,37.53950241317804,37.387950178102734,37.387950178102734,37.387950178102734,37.387950178102734,37.37277315392796,37.369289764868604,37.35381135531136,37.35272926963207,37.23185538339293,37.23185538339293,37.23185538339293,37.23185538339293,37.23185538339293,37.23185538339293,36.961999718264515,36.90612010557001,36.78197415027508,36.78254483122363,36.80406181818182,36.804021227231814,36.69850802644004,36.69850802644004,36.69850802644004,36.700522207466435,36.700522207466435,36.700522207466435,36.700522207466435,36.700522207466435,36.700522207466435,36.73338994196186,36.73338994196186,36.73338994196186,36.73338994196186,36.73338994196186,36.73338994196186,36.844165455621926,36.844165455621926,36.91285290534454,,,,,,,,,,,,,,,,,37.09169040084388,37.091194225721786,37.091517295597484,37.091517295597484,37.09183411826269,37.342230881636624,37.38770975511842,37.38770975511842,37.38770975511842,37.38770975511842,37.38770975511842,37.393094864758915,37.421499172870135,37.42303410463711,37.42258988256549,37.42258988256549,37.422582859207076,37.44171977319916,37.44169141716566,37.45458520852084,37.45458520852084,37.45458520852084,37.4581712558275,37.4581712558275,37.4581712558275,37.4581712558275,37.4581712558275,37.458166557424796,37.461953008717835,37.461953008717835,37.461953008717835,37.46197668650793,37.52609550561798,37.5496755017452,37.49977781054907,37.48101226098379,37.47777834475384,37.36263191763192,37.36263191763192,37.36263191763192,37.36228962728066,37.25330402344792,37.25330402344792,37.25330402344792,37.25330402344792,37.25330402344792,37.25330402344792,37.25330402344792,37.25219943171729,37.09343408102059,36.785200773235346,36.785200773235346,37.5496755017452,37.25330402344792,,37.41079633311243,36.78197415027508,37.236387844604344,37.35462417373065,"rgba(38, 166, 154, 1.0)",0.1969195884725433,37.10449265652513,1.6529962610614226,59.099071959950656,1.3317412600347254,True,False,True,False,True,2.436406974871833,0.0,0.0,0.0,0.0,0,0.9887561489810253,0.9690794096978207,False,False,False,False,-0.0037931591352739465,-0.09668517766897053,False,False,False,False,-1952.0,-1115.2781430744835,False,False,False,False,24.458938390584066,False,False,False,True
2025-08-04 16:00:00+00:00,37.43,37.43,37.0,37.0,7.0,,,,,,,,,,,,,,37.14333333333333,37.14333333333333,37.17,37.09176272066459,37.09176272066459,37.09176272066459,37.09176272066459,37.09176272066459,37.09176272066459,37.09176272066459,37.09176272066459,37.09176272066459,37.09176272066459,37.09176272066459,37.09176272066459,37.09176272066459,37.341555016181225,37.341555016181225,37.341555016181225,37.34994433842239,37.392411389106066,37.41017741046831,37.4224893340753,37.439731078121184,37.439731078121184,37.43982684509326,37.44194411320453,37.4541471997604,37.4541471997604,37.4541471997604,37.4541471997604,37.4541471997604,37.4541471997604,37.45779703509918,37.47473671838269,37.52410056878555,37.57090627917834,37.5738727620372,37.53639116935058,37.539066446575475,37.38770965023177,37.38770965023177,37.38770965023177,37.38770965023177,37.37255058203991,37.369071208143346,37.35360916700975,37.35252823115257,37.23177339684221,37.23177339684221,37.23177339684221,37.23177339684221,37.23177339684221,37.23177339684221,36.96215285317892,36.90631617270832,36.782259874242264,36.78283003952569,36.80430838178295,36.80426779473339,36.69880186216225,36.69880186216225,36.69880186216225,36.700796466702066,36.700796466702066,36.700796466702066,36.700796466702066,36.700796466702066,36.700796466702066,36.73363592205269,36.73363592205269,36.73363592205269,36.73363592205269,36.73363592205269,36.73363592205269,36.844334436106394,36.844334436106394,36.91298102120224,,,,,,,,,,,,,,,,,37.092256129368806,37.09176272066459,37.09208138932089,37.09208138932089,37.092393892339544,37.341555016181225,37.38702495329596,37.38702495329596,37.38702495329596,37.38702495329596,37.38702495329596,37.392411389106066,37.420896523264204,37.4224893340753,37.42206113064647,37.42206113064647,37.42205426356589,37.441220202503374,37.44119201339071,37.45409570882946,37.45409570882946,37.45409570882946,37.457690377481995,37.457690377481995,37.457690377481995,37.457690377481995,37.457690377481995,37.45768579115764,37.46147947629157,37.46147947629157,37.46147947629157,37.46150321941555,37.525594414313325,37.549210655335834,37.49941023374581,37.48066759016233,37.47743737256043,37.362420443587276,37.362420443587276,37.362420443587276,37.36207851239669,37.25320156173744,37.25320156173744,37.25320156173744,37.25320156173744,37.25320156173744,37.25320156173744,37.25320156173744,37.25209802616989,37.09347830674434,36.785488429910124,36.785488429910124,37.549210655335834,37.25320156173744,,37.41017741046831,36.782259874242264,37.20514926848657,37.35427998199234,"rgba(38, 166, 154, 0.75)",0.20077500741744606,37.100856316333456,-0.5023350148545029,52.86523460767826,1.3317412600347254,True,False,True,False,False,0.0,0.0,0.0,0.0,0.0,0,0.9324055666003971,0.9708416169648767,False,False,False,False,-0.16847260012038623,-0.1325788888946784,False,False,False,False,-1959.0,-1128.3591020965844,False,False,False,False,24.188257175226173,False,False,False,False
2025-08-04 17:00:00+00:00,37.0,37.0,37.0,37.0,0.0,,,,,,,,,,,,,,37.14333333333333,37.14333333333333,37.17,37.09176272066459,37.09176272066459,37.09176272066459,37.09176272066459,37.09176272066459,37.09176272066459,37.09176272066459,37.09176272066459,37.09176272066459,37.09176272066459,37.09176272066459,37.09176272066459,37.09176272066459,37.341555016181225,37.341555016181225,37.341555016181225,37.34994433842239,37.392411389106066,37.41017741046831,37.4224893340753,37.439731078121184,37.439731078121184,37.43982684509326,37.44194411320453,37.4541471997604,37.4541471997604,37.4541471997604,37.4541471997604,37.4541471997604,37.4541471997604,37.45779703509918,37.47473671838269,37.52410056878555,37.57090627917834,37.5738727620372,37.53639116935058,37.539066446575475,37.38770965023177,37.38770965023177,37.38770965023177,37.38770965023177,37.37255058203991,37.369071208143346,37.35360916700975,37.35252823115257,37.23177339684221,37.23177339684221,37.23177339684221,37.23177339684221,37.23177339684221,37.23177339684221,36.96215285317892,36.90631617270832,36.782259874242264,36.78283003952569,36.80430838178295,36.80426779473339,36.69880186216225,36.69880186216225,36.69880186216225,36.700796466702066,36.700796466702066,36.700796466702066,36.700796466702066,36.700796466702066,36.700796466702066,36.73363592205269,36.73363592205269,36.73363592205269,36.73363592205269,36.73363592205269,36.73363592205269,36.844334436106394,36.844334436106394,36.91298102120224,,,,,,,,,,,,,,,,,37.092256129368806,37.09176272066459,37.09208138932089,37.09208138932089,37.092393892339544,37.341555016181225,37.38702495329596,37.38702495329596,37.38702495329596,37.38702495329596,37.38702495329596,37.392411389106066,37.420896523264204,37.4224893340753,37.42206113064647,37.42206113064647,37.42205426356589,37.441220202503374,37.44119201339071,37.45409570882946,37.45409570882946,37.45409570882946,37.457690377481995,37.457690377481995,37.457690377481995,37.457690377481995,37.457690377481995,37.45768579115764,37.46147947629157,37.46147947629157,37.46147947629157,37.46150321941555,37.525594414313325,37.549210655335834,37.49941023374581,37.48066759016233,37.47743737256043,37.362420443587276,37.362420443587276,37.362420443587276,37.36207851239669,37.25320156173744,37.25320156173744,37.25320156173744,37.25320156173744,37.25320156173744,37.25320156173744,37.25320156173744,37.25209802616989,37.09347830674434,36.785488429910124,36.785488429910124,37.549210655335834,37.25320156173744,,37.41017741046831,36.782259874242264,37.20514926848657,37.35427998199234,#000000,0.20439484399593993,37.100856316333456,-0.4934386521778363,48.70934303949666,8.042364157329231,True,False,False,False,False,0.0,0.0,0.0,0.0,0.0,0,0.9324055666003971,1.0278330019880706,False,False,False,False,-0.34282825441539394,-0.23770357165503617,False,False,False,False,-1959.0,-1141.2372555524512,False,False,False,False,23.81324543607538,False,False,False,False
2025-08-04 18:00:00+00:00,37.0,37.13,37.0,37.13,4.0,,,,,,,,,,,,,,37.122727272727275,37.122727272727275,37.14222222222222,37.09173116615067,37.09173116615067,37.09173116615067,37.09173116615067,37.09173116615067,37.09173116615067,37.09173116615067,37.09173116615067,37.09173116615067,37.09173116615067,37.09173116615067,37.09173116615067,37.09173116615067,37.34106104651162,37.34106104651162,37.34106104651162,37.349442857142854,37.391934035909436,37.4097501925828,37.422115990365015,37.439387713753135,37.439387713753135,37.439483471074375,37.44160551187355,37.45381732495511,37.45381732495511,37.45381732495511,37.45381732495511,37.45381732495511,37.45381732495511,37.45747368038916,37.474424199718136,37.52377271875586,37.5705674131094,37.57353424816166,37.53610734195855,37.538782141921956,37.387540596190746,37.387540596190746,37.387540596190746,37.387540596190746,37.37239219759927,37.36891520508218,37.35346271659124,37.352382453735444,37.23169664110025,37.23169664110025,37.23169664110025,37.23169664110025,37.23169664110025,37.23169664110025,36.96221291048677,36.906401313977746,36.78239735049491,36.7829672273018,36.80442559153176,36.804385009166076,36.698948212432796,36.698948212432796,36.698948212432796,36.70093298543547,36.70093298543547,36.70093298543547,36.70093298543547,36.70093298543547,36.70093298543547,36.733756926592406,36.733756926592406,36.733756926592406,36.733756926592406,36.733756926592406,36.733756926592406,36.84441262671075,36.84441262671075,36.91303617263368,,,,,,,,,,,,,,,,,37.0922213582167,37.09173116615067,37.09204791344668,37.09204791344668,37.092358539094654,37.34106104651162,37.38654476418864,37.38654476418864,37.38654476418864,37.38654476418864,37.38654476418864,37.391934035909436,37.42048325605357,37.422115990365015,37.42169864000721,37.42169864000721,37.421691878264,37.440881322182385,37.44085324096193,37.45376580621024,37.45376580621024,37.45376580621024,37.45736683380568,37.45736683380568,37.45736683380568,37.45736683380568,37.45736683380568,37.45736232199941,37.4611614340263,37.4611614340263,37.4611614340263,37.461185224460934,37.52526630536349,37.54890848712505,37.49916715744011,37.48043791897405,37.47720984958757,37.36226857588692,37.36226857588692,37.36226857588692,37.36192685389134,37.25311294399363,37.25311294399363,37.25311294399363,37.25311294399363,37.25311294399363,37.25311294399363,37.25311294399363,37.25201001906283,37.09347485868558,36.7856266009099,36.7856266009099,37.54890848712505,37.25311294399363,,37.4097501925828,36.78239735049491,37.20221534282707,37.353957867264356,#000000,0.20550914580349391,37.097379839215215,0.15872851136259852,48.78446249363092,8.042364157329231,True,False,False,False,False,0.0,0.0,0.0,0.0,0.0,0,0.9335504885993481,1.0104234527687284,False,False,False,False,-0.2884305593285663,-0.26306706549180126,False,False,False,False,-1955.0,-1153.8537322105526,False,False,False,False,23.506063336291266,False,False,False,False
2025-08-04 19:00:00+00:00,37.13,37.13,37.01,37.01,37.0,,,,,,,,,,,,,,37.06666666666667,37.06666666666667,37.072585034013606,37.08947047340166,37.08947047340166,37.08947047340166,37.08947047340166,37.08947047340166,37.08947047340166,37.08947047340166,37.08947047340166,37.08947047340166,37.08947047340166,37.08947047340166,37.08947047340166,37.08947047340166,37.335935268919556,37.335935268919556,37.335935268919556,37.344258306036494,37.38706617929972,37.405408784518364,37.41832828977533,37.43591606425702,37.43591606425702,37.43601180438448,37.43818335695165,37.45049187625194,37.45049187625194,37.45049187625194,37.45049187625194,37.45049187625194,37.45049187625194,37.45421600403341,37.47128597122302,37.52051079270562,37.56721942175097,37.57019100218617,37.53328601307189,37.53595725294178,37.38579632216015,37.38579632216015,37.38579632216015,37.38579632216015,37.37074847273897,37.367293899422926,37.35193049490539,37.35085651936716,37.230811948940655,37.230811948940655,37.230811948940655,37.230811948940655,37.230811948940655,37.230811948940655,36.962602841136466,36.90702565609089,36.78351060640133,36.784077862709836,36.80536493331955,36.805324409068994,36.70016920473773,36.70016920473773,36.70016920473773,36.70207161538688,36.70207161538688,36.70207161538688,36.70207161538688,36.70207161538688,36.70207161538688,36.73475641354175,36.73475641354175,36.73475641354175,36.73475641354175,36.73475641354175,36.73475641354175,36.84502439547476,36.84502439547476,36.913437285631346,,,,,,,,,,,,,,,,,37.08992401960784,37.08947047340166,37.08977339181286,37.08977339181286,37.09007055961071,37.335935268919556,37.38164040961008,37.38164040961008,37.38164040961008,37.38164040961008,37.38164040961008,37.38706617929972,37.416293806030964,37.41832828977533,37.418019439985734,37.418019439985734,37.418013729161096,37.43745578714668,37.437428763122576,37.450440041555346,37.450440041555346,37.450440041555346,37.454107194348325,37.454107194348325,37.454107194348325,37.454107194348325,37.454107194348325,37.45410342342342,37.457959376973264,37.457959376973264,37.457959376973264,37.45798365600449,37.52200259836675,37.54591179653679,37.49673353834138,37.47812943904913,37.47492133584285,37.360685844748865,37.360685844748865,37.360685844748865,37.36034607131443,37.25211808313477,37.25211808313477,37.25211808313477,37.25211808313477,37.25211808313477,37.25211808313477,37.25211808313477,37.251020822304575,37.093272242515866,36.786743756662105,36.786743756662105,37.54591179653679,37.25211808313477,,37.405408784518364,36.78351060640133,37.192149360658846,37.35029665181739,"rgba(239, 83, 80, 0.5)",0.20856668732790556,37.08636849806906,-0.3661586567225862,46.72245725945334,5.971422332036326,True,False,False,True,False,0.0,0.0,0.0,0.0,0.0,0,0.9358563181526612,1.010262989095573,False,False,False,False,-0.2843177816165433,-0.2736924235541723,False,False,False,False,-1992.0,-1166.8482479902339,False,False,False,False,23.715271656658842,False,False,False,False
2025-08-05 14:00:00+00:00,37.1,37.1,37.1,37.1,0.0,,,,,,,,,,,,,,37.06666666666667,37.06666666666667,37.072585034013606,37.08947047340166,37.08947047340166,37.08947047340166,37.08947047340166,37.08947047340166,37.08947047340166,37.08947047340166,37.08947047340166,37.08947047340166,37.08947047340166,37.08947047340166,37.08947047340166,37.08947047340166,37.335935268919556,37.335935268919556,37.335935268919556,37.344258306036494,37.38706617929972,37.405408784518364,37.41832828977533,37.43591606425702,37.43591606425702,37.43601180438448,37.43818335695165,37.45049187625194,37.45049187625194,37.45049187625194,37.45049187625194,37.45049187625194,37.45049187625194,37.45421600403341,37.47128597122302,37.52051079270562,37.56721942175097,37.57019100218617,37.53328601307189,37.53595725294178,37.38579632216015,37.38579632216015,37.38579632216015,37.38579632216015,37.37074847273897,37.367293899422926,37.35193049490539,37.35085651936716,37.230811948940655,37.230811948940655,37.230811948940655,37.230811948940655,37.230811948940655,37.230811948940655,36.962602841136466,36.90702565609089,36.78351060640133,36.784077862709836,36.80536493331955,36.805324409068994,36.70016920473773,36.70016920473773,36.70016920473773,36.70207161538688,36.70207161538688,36.70207161538688,36.70207161538688,36.70207161538688,36.70207161538688,36.73475641354175,36.73475641354175,36.73475641354175,36.73475641354175,36.73475641354175,36.73475641354175,36.84502439547476,36.84502439547476,36.913437285631346,,,,,,,,,,,,,,,,,37.08992401960784,37.08947047340166,37.08977339181286,37.08977339181286,37.09007055961071,37.335935268919556,37.38164040961008,37.38164040961008,37.38164040961008,37.38164040961008,37.38164040961008,37.38706617929972,37.416293806030964,37.41832828977533,37.418019439985734,37.418019439985734,37.418013729161096,37.43745578714668,37.437428763122576,37.450440041555346,37.450440041555346,37.450440041555346,37.454107194348325,37.454107194348325,37.454107194348325,37.454107194348325,37.454107194348325,37.45410342342342,37.457959376973264,37.457959376973264,37.457959376973264,37.45798365600449,37.52200259836675,37.54591179653679,37.49673353834138,37.47812943904913,37.47492133584285,37.360685844748865,37.360685844748865,37.360685844748865,37.36034607131443,37.25211808313477,37.25211808313477,37.25211808313477,37.25211808313477,37.25211808313477,37.25211808313477,37.25211808313477,37.251020822304575,37.093272242515866,36.786743756662105,36.786743756662105,37.54591179653679,37.25211808313477,,37.405408784518364,36.78351060640133,37.192149360658846,37.35029665181739,"rgba(239, 83, 80, 0.5)",0.2042859901354957,37.08636849806906,0.06672754172665771,47.23231089931541,5.971422332036326,True,False,False,True,False,0.0,0.0,0.0,0.0,0.0,0,0.9365884590995555,1.0025364616360164,False,False,False,False,-0.25983151883880184,-0.26676197119648704,False,False,False,False,-1992.0,-1179.64129840899,False,False,False,False,23.347593026323047,False,False,False,False
2025-08-05 15:00:00+00:00,37.1,37.1,36.775,36.775,7.0,,,,,,,,,,,,,,37.04333333333334,37.04333333333334,37.048928571428576,37.08737922705314,37.08737922705314,37.08737922705314,37.08737922705314,37.08737922705314,37.08737922705314,37.08737922705314,37.08737922705314,37.08737922705314,37.08737922705314,37.08737922705314,37.08737922705314,37.08737922705314,37.33443232131562,37.33443232131562,37.33443232131562,37.342753420398004,37.38571309797902,37.40421954658856,37.41730001830496,37.4349855665143,37.4349855665143,37.435081369248024,37.43726754696218,37.44960962962962,37.44960962962962,37.44960962962962,37.44960962962962,37.44960962962962,37.44960962962962,37.453353829557706,37.470464644448874,37.51968190546986,37.56638831018518,37.56936217893467,37.53257312232319,37.53524444791178,37.38530556718292,37.38530556718292,37.38530556718292,37.38530556718292,37.37027877202643,37.366828872111654,37.35148329925018,37.350410591815425,37.230492155315986,37.230492155315986,37.230492155315986,37.230492155315986,37.230492155315986,37.230492155315986,36.96253628403504,36.907006183711026,36.783589109837855,36.78415590250478,36.805421315427004,36.80538081465414,36.7002896508533,36.7002896508533,36.7002896508533,36.70218340675478,36.70218340675478,36.70218340675478,36.70218340675478,36.70218340675478,36.70218340675478,36.73484519947641,36.73484519947641,36.73484519947641,36.73484519947641,36.73484519947641,36.73484519947641,36.84504595021835,36.84504595021835,36.913420615457625,,,,,,,,,,,,,,,,,37.08781901989326,37.08737922705314,37.087682103232034,37.087682103232034,37.08797928709056,37.33443232131562,37.380270358732645,37.380270358732645,37.380270358732645,37.380270358732645,37.380270358732645,37.38571309797902,37.41515604350919,37.41730001830496,37.41702002670227,37.41702002670227,37.41701459334401,37.43653858280128,37.436511820330956,37.449557679484315,37.449557679484315,37.449557679484315,37.45324443964586,37.45324443964586,37.45324443964586,37.45324443964586,37.45324443964586,37.45324086067932,37.457113983466435,37.457113983466435,37.457113983466435,37.45713840442669,37.52117392647513,37.545159721096155,37.496105422274226,37.47752654696398,37.47432238935492,37.36022854796771,37.36022854796771,37.36022854796771,37.35988916256158,37.25177666093551,37.25177666093551,37.25177666093551,37.25177666093551,37.25177666093551,37.25177666093551,37.25177666093551,37.25068050597206,37.0930872975921,36.78682091369014,36.78682091369014,37.545159721096155,37.25177666093551,,37.40421954658856,36.783589109837855,37.18779117480128,37.349000256901775,"rgba(239, 83, 80, 0.5)",0.20755346646422648,37.08107409454194,-1.4746758980038306,42.9757806065244,1.6308483962108014,True,False,False,True,False,0.0,0.0,0.0,0.0,0.0,0,0.8995127892813634,1.0024360535931778,False,False,False,False,-0.34282825441539394,-0.3047951128059405,False,False,False,False,-1999.0,-1192.3445340925716,False,False,False,False,23.09414197165137,False,False,False,False
2025-08-05 16:00:00+00:00,36.775,36.775,35.47,35.47,10.0,,,,,,,,,,,,,,36.86820512820513,36.86820512820513,36.87560606060607,37.0704880952381,37.0704880952381,37.0704880952381,37.0704880952381,37.0704880952381,37.0704880952381,37.0704880952381,37.0704880952381,37.0704880952381,37.0704880952381,37.0704880952381,37.0704880952381,37.0704880952381,37.32768334907145,37.32768334907145,37.32768334907145,37.33607861343237,37.380052879714576,37.39935668720942,37.413158999634895,37.4313138948884,37.4313138948884,37.43141034868841,37.43366305967221,37.44618477457501,37.44618477457501,37.44618477457501,37.44618477457501,37.44618477457501,37.44618477457501,37.45002045209902,37.467346810064384,37.516686761887094,37.56350895436164,37.566498020994665,37.53002685648726,37.53270473074725,37.383242998467324,37.383242998467324,37.383242998467324,37.383242998467324,37.36826436623591,37.364824994288334,37.34951395507149,37.34844377919899,37.22875175070029,37.22875175070029,37.22875175070029,37.22875175070029,37.22875175070029,37.22875175070029,36.96126931831797,36.905831085571336,36.78260314966521,36.783169527656234,36.8044920880633,36.804451724968196,36.69954325043016,36.69954325043016,36.69954325043016,36.70148166079813,36.70148166079813,36.70148166079813,36.70148166079813,36.70148166079813,36.70148166079813,36.73413738200841,36.73413738200841,36.73413738200841,36.73413738200841,36.73413738200841,36.73413738200841,36.8442909538725,36.8442909538725,36.91262350802307,,,,,,,,,,,,,,,,35.905,37.07084887613582,37.0704880952381,37.070810746552546,37.070810746552546,37.0711277302944,37.32768334907145,37.37449856546687,37.37449856546687,37.37449856546687,37.37449856546687,37.37449856546687,37.380052879714576,37.410564507955804,37.413158999634895,37.41299334221038,37.41299334221038,37.412988995385156,37.43292561138632,37.43289976415093,37.44613218008426,37.44613218008426,37.44613218008426,37.449908424908415,37.449908424908415,37.449908424908415,37.449908424908415,37.449908424908415,37.449905572310776,37.453858710850106,37.453858710850106,37.453858710850106,37.453883763192835,37.5181837804502,37.54250445199935,37.49378128347452,37.47525279545015,37.472055892547644,37.3582397157305,37.3582397157305,37.3582397157305,37.357901065864986,37.24999779861754,37.24999779861754,37.24999779861754,37.24999779861754,37.24999779861754,37.24999779861754,37.24999779861754,37.248903560896174,37.09159397519693,36.78581576047723,36.78581576047723,37.54250445199935,37.24999779861754,,37.39935668720942,36.78260314966521,37.15610746288376,37.2802421281559,"rgba(239, 83, 80, 1.0)",0.2917124803141776,36.98225933108618,-5.184074844715125,33.66486776622848,-7.215433448987852,False,True,False,True,False,0.0,0.0,0.0,0.0,0.0,0,0.7727999999999997,1.0463999999999987,True,False,False,False,-0.34282825441539394,-0.32381168361066726,False,False,False,False,-2009.0,-1205.0058591453999,False,False,False,False,22.891132018602512,False,False,False,False
2025-08-05 17:00:00+00:00,35.47,36.47,35.47,36.47,10.0,,,,,,,,,,,,,,36.77066666666668,36.77066666666668,36.77837719298246,37.05733568075117,37.05733568075117,37.05733568075117,37.05733568075117,37.05733568075117,37.05733568075117,37.05733568075117,37.05733568075117,37.05733568075117,37.05733568075117,37.05733568075117,37.05733568075117,37.05733568075117,37.32208646616541,37.32208646616541,37.32208646616541,37.33053604436229,37.3753179741051,37.39527427524517,37.409673220462395,37.428214428218006,37.428214428218006,37.428311393011,37.43061918172571,37.44328761061946,37.44328761061946,37.44328761061946,37.44328761061946,37.44328761061946,37.44328761061946,37.447199069101316,37.46470184853905,37.51413164228846,37.56104036908881,37.56404168814064,37.52785041132978,37.530533260745564,37.38150851073697,37.38150851073697,37.38150851073697,37.38150851073697,37.36657354017939,37.363143737166325,37.34786494448222,37.3467971191738,37.22731969577761,37.22731969577761,37.22731969577761,37.22731969577761,37.22731969577761,37.22731969577761,36.96028259742332,36.90493010815666,36.781879086798945,36.78244499234189,36.80380360824743,36.80376335772945,36.69901547116737,36.69901547116737,36.69901547116737,36.70098490178833,36.70098490178833,36.70098490178833,36.70098490178833,36.70098490178833,36.70098490178833,36.73362820294301,36.73362820294301,36.73362820294301,36.73362820294301,36.73362820294301,36.73362820294301,36.843723082684626,36.843723082684626,36.91201063633729,,,,,,,,,,,,,,,36.13666666666666,36.02083333333333,37.057635549269214,37.05733568075117,37.0576722925457,37.0576722925457,37.05800327715356,37.32208646616541,37.3696745908028,37.3696745908028,37.3696745908028,37.3696745908028,37.3696745908028,37.3753179741051,37.40670304132565,37.409673220462395,37.40960336432049,37.40960336432049,37.409599929191,37.42987487251901,37.429849803921556,37.443234491406635,37.443234491406635,37.443234491406635,37.4470848563033,37.4470848563033,37.4470848563033,37.4470848563033,37.4470848563033,37.44708261679563,37.45110192549183,37.45110192549183,37.45110192549183,37.45112750226686,37.5156325023084,37.54023220731641,37.491801828082444,37.47332009818076,37.47013003557349,37.356572494427006,37.356572494427006,37.356572494427006,37.35623453420669,37.2485292177813,37.2485292177813,37.2485292177813,37.2485292177813,37.2485292177813,37.2485292177813,37.2485292177813,37.247436810409255,37.09039522135745,36.78507666325098,36.78507666325098,37.54023220731641,37.2485292177813,,37.39527427524517,36.781879086798945,37.13594256580753,37.22693169652534,"rgba(239, 83, 80, 1.0)",0.3009430672562664,36.91687728030507,-1.484922993506071,36.716491731886364,-7.215433448987852,False,True,False,True,False,0.0,0.0,0.0,0.0,0.0,0,0.7860240963855422,1.0713253012048178,True,False,False,False,-0.34282825441539394,-0.3333199690130306,False,False,False,False,-1999.0,-1217.315845825316,False,False,False,False,22.691269506686194,False,False,False,False
2025-08-05 18:00:00+00:00,36.47,36.47,36.125,36.125,12.0,,,,,,,,,,,,,,36.69747126436783,36.69747126436783,36.70496212121213,37.043751154201296,37.043751154201296,37.043751154201296,37.043751154201296,37.043751154201296,37.043751154201296,37.043751154201296,37.043751154201296,37.043751154201296,37.043751154201296,37.043751154201296,37.043751154201296,37.043751154201296,37.31601869158879,37.31601869158879,37.31601869158879,37.32452205882353,37.37015352539803,37.390809447128284,37.40585283977499,37.424810615103034,37.424810615103034,37.42490811455846,37.42727552851235,37.440101500441294,37.440101500441294,37.440101500441294,37.440101500441294,37.440101500441294,37.440101500441294,37.444095064638226,37.46178762641284,37.51130703861075,37.55830340699816,37.561317789587974,37.5254409624779,37.52812891372974,37.379605732277625,37.379605732277625,37.379605732277625,37.379605732277625,37.36472062317251,37.361301763017636,37.346060359259766,37.34499525166192,37.2257685257921,37.2257685257921,37.2257685257921,37.2257685257921,37.2257685257921,37.2257685257921,36.959249810809744,36.90399676375406,36.78115116235681,36.78171647080769,36.80310698105437,36.80306685198532,36.698499578533294,36.698499578533294,36.698499578533294,36.70049888713173,36.70049888713173,36.70049888713173,36.70049888713173,36.70049888713173,36.70049888713173,36.73312390033487,36.73312390033487,36.73312390033487,36.73312390033487,36.73312390033487,36.73312390033487,36.84314225393515,36.84314225393515,36.91137431284356,,,,,,,,,,,,,,,36.1930303030303,36.10302083333333,37.04398933704219,37.043751154201296,37.044100968188104,37.044100968188104,37.044445211786375,37.31601869158879,37.36441621411947,37.36441621411947,37.36441621411947,37.36441621411947,37.36441621411947,37.37015352539803,37.402474579683876,37.40585283977499,37.40588738858,37.40588738858,37.40588494794424,37.42652389892825,37.426499687157815,37.440047818730214,37.440047818730214,37.440047818730214,37.44397848309385,37.44397848309385,37.44397848309385,37.44397848309385,37.44397848309385,37.443976915380205,37.44806784968684,37.44806784968684,37.44806784968684,37.44809399568635,37.51281186659296,37.5377152228854,37.48961463793437,37.47118694148168,37.468004846914276,37.35474678657401,37.35474678657401,37.35474678657401,37.35440962761126,37.24693533517714,37.24693533517714,37.24693533517714,37.24693533517714,37.24693533517714,37.24693533517714,37.24693533517714,37.24584507351328,37.08911611097185,36.78433295433012,36.78433295433012,37.5377152228854,37.24693533517714,,37.390809447128284,36.78115116235681,37.11830739322648,37.2267129893315,"rgba(239, 83, 80, 1.0)",0.31996762223569064,36.902623064108596,-2.4303179761600777,37.14362747546561,-7.215433448987852,False,True,False,True,False,0.0,0.0,0.0,0.0,0.0,0,0.8526365348399245,1.069679849340865,False,False,False,False,-0.21970497370128933,-0.27651247135715995,False,False,False,False,-2011.0,-1229.6210265101947,False,False,False,False,22.525513390303463,False,False,False,False
2025-08-05 19:00:00+00:00,36.1,36.25,36.1,36.23,18.0,,,,,,,,,,,,,,36.611047619047625,36.611047619047625,36.618081761006295,37.023065315315314,37.023065315315314,37.023065315315314,37.023065315315314,37.023065315315314,37.023065315315314,37.023065315315314,37.023065315315314,37.023065315315314,37.023065315315314,37.023065315315314,37.023065315315314,37.023065315315314,37.30665430954588,37.30665430954588,37.30665430954588,37.31524156791249,37.36217808734939,37.383907567509866,37.399941314553985,37.41954163695427,37.41954163695427,37.41963997148288,37.42209935523964,37.43516923076922,37.43516923076922,37.43516923076922,37.43516923076922,37.43516923076922,37.43516923076922,37.4392895766631,37.457276229994065,37.50693886945314,37.55407458405049,37.557109326041136,37.52171304933664,37.52440909325488,37.37664703708835,37.37664703708835,37.37664703708835,37.37664703708835,37.36183779965363,37.35843558282209,37.34325073346874,37.342189741507646,37.223341170323934,37.223341170323934,37.223341170323934,37.223341170323934,37.223341170323934,37.223341170323934,36.95760601724892,36.902503599081754,36.7799690909768,36.78053352693696,36.8019789311408,36.80193899222417,36.69764936886396,36.69764936886396,36.69764936886396,36.69969809941521,36.69969809941521,36.69969809941521,36.69969809941521,36.69969809941521,36.69969809941521,36.7322979712116,36.7322979712116,36.7322979712116,36.7322979712116,36.7322979712116,36.7322979712116,36.84220585488217,36.84220585488217,36.910355895253836,,,,,,,,,,,,,,,36.19316666666666,36.135533333333335,37.02321347806422,37.023065315315314,37.02343454790823,37.02343454790823,37.023798292902065,37.30665430954588,37.356296224961476,37.356296224961476,37.356296224961476,37.356296224961476,37.356296224961476,37.36217808734939,37.39593671773305,37.399941314553985,37.400136144049185,37.400136144049185,37.40013523006674,37.421336371426335,37.421313473520236,37.43511467721842,37.43511467721842,37.43511467721842,37.43916933703624,37.43916933703624,37.43916933703624,37.43916933703624,37.43916933703624,37.439168802506046,37.44337042429284,37.44337042429284,37.44337042429284,37.44339744922714,37.508449954086316,37.53382285132164,37.48622615935714,37.46788024726853,37.46471017614397,37.351905214987994,37.351905214987994,37.351905214987994,37.35156926701096,37.24444356851925,37.24444356851925,37.24444356851925,37.24444356851925,37.24444356851925,37.24444356851925,37.24444356851925,37.243356539253035,37.08709959146241,36.78312587465487,36.78312587465487,37.53382285132164,37.24444356851925,,37.383907567509866,36.7799690909768,37.094413633522905,37.219176338715634,"rgba(239, 83, 80, 0.5)",0.33189420869555775,36.87575024457901,-1.9456508359003968,38.19565215117673,-7.215433448987852,False,False,False,True,True,0.0,0.0,0.0,0.0,0.0,0,0.8523676880222841,1.089136490250695,False,False,False,False,-0.2648105574873529,-0.2706615144222564,False,False,False,False,-1993.0,-1241.4563594325173,False,False,False,False,22.455350392004185,False,False,False,False
2025-08-06 14:00:00+00:00,36.51,36.51,36.51,36.51,0.0,,,,,,,,,,,,,,36.611047619047625,36.611047619047625,36.618081761006295,37.023065315315314,37.023065315315314,37.023065315315314,37.023065315315314,37.023065315315314,37.023065315315314,37.023065315315314,37.023065315315314,37.023065315315314,37.023065315315314,37.023065315315314,37.023065315315314,37.023065315315314,37.30665430954588,37.30665430954588,37.30665430954588,37.31524156791249,37.36217808734939,37.383907567509866,37.399941314553985,37.41954163695427,37.41954163695427,37.41963997148288,37.42209935523964,37.43516923076922,37.43516923076922,37.43516923076922,37.43516923076922,37.43516923076922,37.43516923076922,37.4392895766631,37.457276229994065,37.50693886945314,37.55407458405049,37.557109326041136,37.52171304933664,37.52440909325488,37.37664703708835,37.37664703708835,37.37664703708835,37.37664703708835,37.36183779965363,37.35843558282209,37.34325073346874,37.342189741507646,37.223341170323934,37.223341170323934,37.223341170323934,37.223341170323934,37.223341170323934,37.223341170323934,36.95760601724892,36.902503599081754,36.7799690909768,36.78053352693696,36.8019789311408,36.80193899222417,36.69764936886396,36.69764936886396,36.69764936886396,36.69969809941521,36.69969809941521,36.69969809941521,36.69969809941521,36.69969809941521,36.69969809941521,36.7322979712116,36.7322979712116,36.7322979712116,36.7322979712116,36.7322979712116,36.7322979712116,36.84220585488217,36.84220585488217,36.910355895253836,,,,,,,,,,,,,,,36.19316666666666,36.135533333333335,37.02321347806422,37.023065315315314,37.02343454790823,37.02343454790823,37.023798292902065,37.30665430954588,37.356296224961476,37.356296224961476,37.356296224961476,37.356296224961476,37.356296224961476,37.36217808734939,37.39593671773305,37.399941314553985,37.400136144049185,37.400136144049185,37.40013523006674,37.421336371426335,37.421313473520236,37.43511467721842,37.43511467721842,37.43511467721842,37.43916933703624,37.43916933703624,37.43916933703624,37.43916933703624,37.43916933703624,37.439168802506046,37.44337042429284,37.44337042429284,37.44337042429284,37.44339744922714,37.508449954086316,37.53382285132164,37.48622615935714,37.46788024726853,37.46471017614397,37.351905214987994,37.351905214987994,37.351905214987994,37.35156926701096,37.24444356851925,37.24444356851925,37.24444356851925,37.24444356851925,37.24444356851925,37.24444356851925,37.24444356851925,37.243356539253035,37.08709959146241,36.78312587465487,36.78312587465487,37.53382285132164,37.24444356851925,,37.383907567509866,36.7799690909768,37.094413633522905,37.219176338715634,"rgba(239, 83, 80, 0.5)",0.3327458787418808,36.87575024457901,-1.0991879026779263,40.89124467276774,-7.215433448987852,False,False,False,True,True,0.0,0.0,0.0,0.0,0.0,0,0.865313653136531,1.1060885608856073,False,False,False,False,-0.14339589914466133,-0.20702870678345886,False,False,False,False,-1993.0,-1253.1081988211604,False,False,False,False,22.10720542468629,False,False,False,False
2025-08-06 15:00:00+00:00,36.51,36.51,36.25,36.45,5.0,,,,,,,,,,,,,,36.601606060606066,36.601606060606066,36.608408408408415,37.018906040268455,37.018906040268455,37.018906040268455,37.018906040268455,37.018906040268455,37.018906040268455,37.018906040268455,37.018906040268455,37.018906040268455,37.018906040268455,37.018906040268455,37.018906040268455,37.018906040268455,37.30456618893512,37.30456618893512,37.30456618893512,37.313168106715175,37.36037642490292,37.38234015345268,37.39859345415201,37.418335311807525,37.418335311807525,37.418433815966445,37.42091364059589,37.43403658982802,37.43403658982802,37.43403658982802,37.43403658982802,37.43403658982802,37.43403658982802,37.43818514570006,37.45623601789708,37.50592377974,37.55308512467756,37.55612420309654,37.52084433742426,37.52354192450494,37.37597318379026,37.37597318379026,37.37597318379026,37.37597318379026,37.36118299403379,37.357784968210716,37.342614794767705,37.34155486430439,37.222805987033894,37.222805987033894,37.222805987033894,37.222805987033894,37.222805987033894,37.222805987033894,36.95727577851923,36.90221243583762,36.77975882090219,36.78032298876237,36.801774182502996,36.80173428512737,36.69751183800623,36.69751183800623,36.69751183800623,36.69956817185445,36.69956817185445,36.69956817185445,36.69956817185445,36.69956817185445,36.69956817185445,36.73215821225252,36.73215821225252,36.73215821225252,36.73215821225252,36.73215821225252,36.73215821225252,36.84203024967988,36.84203024967988,36.910156217181246,,,,,,,,,,,,,,,36.21651851851851,36.15987878787879,37.019036388140165,37.018906040268455,37.019278373547806,37.019278373547806,37.019645247657294,37.30456618893512,37.354464308599255,37.354464308599255,37.354464308599255,37.354464308599255,37.354464308599255,37.36037642490292,37.39444811037792,37.39859345415201,37.39882456140351,37.39882456140351,37.39882399368587,37.420148225957035,37.420125632049775,37.433981847460096,37.433981847460096,37.433981847460096,37.438064091620426,37.438064091620426,37.438064091620426,37.438064091620426,37.438064091620426,37.438063793471294,37.44228997853036,37.44228997853036,37.44228997853036,37.44231719983381,37.507436085626914,37.53291438979963,37.485440429545775,37.467115596418125,37.46394867747643,37.35126097980621,37.35126097980621,37.35126097980621,37.350925347458,37.243891369047624,37.243891369047624,37.243891369047624,37.243891369047624,37.243891369047624,37.243891369047624,37.243891369047624,37.242805198214754,37.08667229096364,36.78291052392833,36.78291052392833,37.53291438979963,37.243891369047624,,37.38234015345268,36.77975882090219,37.090489855310146,37.21918416237694,"rgba(239, 83, 80, 0.5)",0.34325702816879833,36.87358693939582,-1.2340226262971585,42.324394444150485,-7.215433448987852,False,False,False,True,True,0.0,0.0,0.0,0.0,0.0,0,0.8261261261261259,1.1036036036036019,False,False,False,False,-0.1898266438703906,-0.19842767532692474,False,False,False,False,-1998.0,-1264.6569089169564,False,False,False,False,21.84197743360588,False,False,False,False
2025-08-06 16:00:00+00:00,36.55,36.55,36.55,36.55,2.0,,,,,,,,,,,,,,36.600684523809534,36.600684523809534,36.60737463126844,37.01765060240964,37.01765060240964,37.01765060240964,37.01765060240964,37.01765060240964,37.01765060240964,37.01765060240964,37.01765060240964,37.01765060240964,37.01765060240964,37.01765060240964,37.01765060240964,37.01765060240964,37.303869130100075,37.303869130100075,37.303869130100075,37.31247463274269,37.35976780573288,37.38180830670926,37.39813463098134,37.41792319253282,37.41792319253282,37.41802174772637,37.42050837598882,37.433648599224625,37.433648599224625,37.433648599224625,37.433648599224625,37.433648599224625,37.433648599224625,37.43780655015629,37.4558783872665,37.50557220791958,37.55274024411209,37.555780698759534,37.520542786146905,37.5232407980204,37.37574450904391,37.37574450904391,37.37574450904391,37.37574450904391,37.36096138960979,37.35756492327249,37.34240034271284,37.341340814854874,37.222630388446646,37.222630388446646,37.222630388446646,37.222630388446646,37.222630388446646,37.222630388446646,36.95717873878167,36.902130277583396,36.77970752400089,36.780271577380944,36.801722467563586,36.80168258369275,36.6974842708528,36.6974842708528,36.6974842708528,36.69954194792671,36.69954194792671,36.69954194792671,36.69954194792671,36.69954194792671,36.69954194792671,36.73212726191487,36.73212726191487,36.73212726191487,36.73212726191487,36.73212726191487,36.73212726191487,36.841983517362756,36.841983517362756,36.91009949073343,,,,,,,,,,,,,,,36.23070921985815,36.17356725146199,37.01777553763441,37.01765060240964,37.01802361853832,37.01802361853832,37.018391188251,37.303869130100075,37.35384620309899,37.35384620309899,37.35384620309899,37.35384620309899,37.35384620309899,37.35976780573288,37.39394184652278,37.39813463098134,37.398378046642115,37.398378046642115,37.398377596634234,37.419742183854396,37.41971969520254,37.433593795727234,37.433593795727234,37.433593795727234,37.437685224687144,37.437685224687144,37.437685224687144,37.437685224687144,37.437685224687144,37.43768500746427,37.44191934925579,37.44191934925579,37.44191934925579,37.44194663621262,37.50708486182441,37.532598543273345,37.48516901204119,37.46685217099908,37.463686462965605,37.35104336411371,37.35104336411371,37.35104336411371,37.350707852455294,37.243709197514654,37.243709197514654,37.243709197514654,37.243709197514654,37.243709197514654,37.243709197514654,37.243709197514654,37.24262335958005,37.08653817318506,36.782857709750566,36.782857709750566,37.532598543273345,37.243709197514654,,37.38180830670926,36.77970752400089,37.089513626469795,37.219685905854725,"rgba(239, 83, 80, 0.5)",0.3483969983630137,36.87389520607884,-0.9296727801924429,44.05364795111633,-13.61316545816016,True,False,False,True,True,0.0,0.0,0.0,0.0,0.0,0,0.8546511627906973,1.1686046511627892,False,False,False,False,-0.1292411341407027,-0.16383440473381372,False,False,False,False,-1996.0,-1275.9955614918872,False,False,False,False,21.53434987649571,False,False,False,False
2025-08-06 17:00:00+00:00,36.55,36.55,36.55,36.55,0.0,,,,,,,,,,,,,,36.600684523809534,36.600684523809534,36.60737463126844,37.01765060240964,37.01765060240964,37.01765060240964,37.01765060240964,37.01765060240964,37.01765060240964,37.01765060240964,37.01765060240964,37.01765060240964,37.01765060240964,37.01765060240964,37.01765060240964,37.01765060240964,37.303869130100075,37.303869130100075,37.303869130100075,37.31247463274269,37.35976780573288,37.38180830670926,37.39813463098134,37.41792319253282,37.41792319253282,37.41802174772637,37.42050837598882,37.433648599224625,37.433648599224625,37.433648599224625,37.433648599224625,37.433648599224625,37.433648599224625,37.43780655015629,37.4558783872665,37.50557220791958,37.55274024411209,37.555780698759534,37.520542786146905,37.5232407980204,37.37574450904391,37.37574450904391,37.37574450904391,37.37574450904391,37.36096138960979,37.35756492327249,37.34240034271284,37.341340814854874,37.222630388446646,37.222630388446646,37.222630388446646,37.222630388446646,37.222630388446646,37.222630388446646,36.95717873878167,36.902130277583396,36.77970752400089,36.780271577380944,36.801722467563586,36.80168258369275,36.6974842708528,36.6974842708528,36.6974842708528,36.69954194792671,36.69954194792671,36.69954194792671,36.69954194792671,36.69954194792671,36.69954194792671,36.73212726191487,36.73212726191487,36.73212726191487,36.73212726191487,36.73212726191487,36.73212726191487,36.841983517362756,36.841983517362756,36.91009949073343,,,,,,,,,,,,,,,36.23070921985815,36.17356725146199,37.01777553763441,37.01765060240964,37.01802361853832,37.01802361853832,37.018391188251,37.303869130100075,37.35384620309899,37.35384620309899,37.35384620309899,37.35384620309899,37.35384620309899,37.35976780573288,37.39394184652278,37.39813463098134,37.398378046642115,37.398378046642115,37.398377596634234,37.419742183854396,37.41971969520254,37.433593795727234,37.433593795727234,37.433593795727234,37.437685224687144,37.437685224687144,37.437685224687144,37.437685224687144,37.437685224687144,37.43768500746427,37.44191934925579,37.44191934925579,37.44191934925579,37.44194663621262,37.50708486182441,37.532598543273345,37.48516901204119,37.46685217099908,37.463686462965605,37.35104336411371,37.35104336411371,37.35104336411371,37.350707852455294,37.243709197514654,37.243709197514654,37.243709197514654,37.243709197514654,37.243709197514654,37.243709197514654,37.243709197514654,37.24262335958005,37.08653817318506,36.782857709750566,36.782857709750566,37.532598543273345,37.243709197514654,,37.38180830670926,36.77970752400089,37.089513626469795,37.219685905854725,"rgba(239, 83, 80, 0.5)",0.3528140668477612,36.87389520607884,-0.9180337081588227,45.206483622426894,-12.007870717773201,True,False,False,True,True,0.0,0.0,0.0,0.0,0.0,0,0.8546511627906973,1.0833333333333324,False,False,False,False,-0.1292411341407027,-0.14653776943725821,False,False,False,False,-1996.0,-1287.1584210036408,False,False,False,False,21.200483986937638,False,False,False,False
2025-08-06 18:00:00+00:00,36.55,36.74,36.55,36.74,2.0,,,,,,,,,,,,,,36.60201754385966,36.60201754385966,36.60857971014494,37.01674009790832,37.01674009790832,37.01674009790832,37.01674009790832,37.01674009790832,37.01674009790832,37.01674009790832,37.01674009790832,37.01674009790832,37.01674009790832,37.01674009790832,37.01674009790832,37.01674009790832,37.30329026303645,37.30329026303645,37.30329026303645,37.31189741261915,37.35925515947467,37.38135802469135,37.397744753670175,37.417571552814664,37.417571552814664,37.41767014465259,37.42016240310076,37.43331651677999,37.43331651677999,37.43331651677999,37.43331651677999,37.43331651677999,37.43331651677999,37.43748224683993,37.45557100591715,37.50526746323529,37.552439136163144,37.555480659840725,37.52028075350617,37.522979024943304,37.37555101946673,37.37555101946673,37.37555101946673,37.37555101946673,37.36077450043242,37.35737949346405,37.34222026868632,37.34116112462827,37.22248793215916,37.22248793215916,37.22248793215916,37.22248793215916,37.22248793215916,37.22248793215916,36.95711191837383,36.90207769745025,36.77968452380952,36.780248456445726,36.80169678611767,36.80165691307324,36.69748038116592,36.69748038116592,36.69748038116592,36.699537937885296,36.699537937885296,36.699537937885296,36.699537937885296,36.699537937885296,36.699537937885296,36.732117840255945,36.732117840255945,36.732117840255945,36.732117840255945,36.732117840255945,36.732117840255945,36.841957066666644,36.841957066666644,36.91006272965877,,,,,,,,,,,,,,,36.24891156462584,36.19062146892656,37.01686103663985,37.01674009790832,37.01711333333333,37.01711333333333,37.01748113626276,37.30329026303645,37.35332629558541,37.35332629558541,37.35332629558541,37.35332629558541,37.35332629558541,37.35925515947467,37.39351208308368,37.397744753670175,37.39799859796705,37.39799859796705,37.3979982479194,37.41939560012437,37.41937320276676,37.43326166447271,37.43326166447271,37.43326166447271,37.43736069651741,37.43736069651741,37.43736069651741,37.43736069651741,37.43736069651741,37.43736054856817,37.4416016192651,37.4416016192651,37.4416016192651,37.441628960841285,37.50678034470114,37.53232358924938,37.48493449359438,37.46662526920315,37.46346072948037,37.35086025884695,37.35086025884695,37.35086025884695,37.350524863128356,37.243560367454066,37.243560367454066,37.243560367454066,37.243560367454066,37.243560367454066,37.243560367454066,37.243560367454066,37.242474853494265,37.08643576931085,36.78283363560795,36.78283363560795,37.53232358924938,37.243560367454066,,37.38135802469135,36.77968452380952,37.08902021263466,37.22060742579609,#000000,0.35403074127207856,36.87516851193864,-0.3817987993160124,47.5923024610422,-9.282485785202532,True,False,False,False,True,0.0,0.0,0.0,0.0,0.0,0,0.8572787821122737,1.0637488106565163,False,False,False,False,-0.09581849762694082,-0.12117813353209952,False,False,False,False,-1994.0,-1298.1172051741269,False,False,False,False,20.902802064659536,False,False,False,False
2025-08-06 19:00:00+00:00,36.74,37.0,36.74,36.86,17.0,,,,,,,,,,,,,,36.63636132315523,36.63636132315523,36.64181818181819,37.01340948651001,37.01340948651001,37.01340948651001,37.01340948651001,37.01340948651001,37.01340948651001,37.01340948651001,37.01340948651001,37.01340948651001,37.01340948651001,37.01340948651001,37.01340948651001,37.01340948651001,37.29989163614164,37.29989163614164,37.29989163614164,37.30848798798799,37.35613286104897,37.37857944320948,37.3953164783934,37.41535908339239,37.41535908339239,37.41545780192095,37.4179827812524,37.43121139277388,37.43121139277388,37.43121139277388,37.43121139277388,37.43121139277388,37.43121139277388,37.435422415623,37.45360297490334,37.50327805265408,37.55044151245145,37.55348817423856,37.51856018375141,37.52125854536108,37.37435662018499,37.37435662018499,37.37435662018499,37.37435662018499,37.359630108991816,37.356246207489924,37.341129402239915,37.34007327489323,37.22170051201944,37.22170051201944,37.22170051201944,37.22170051201944,37.22170051201944,37.22170051201944,36.95692915725663,36.90200764187905,36.77984924436523,36.78041207261387,36.80180999726664,36.801770182091495,36.69774865528713,36.69774865528713,36.69774865528713,36.69978659781784,36.69978659781784,36.69978659781784,36.69978659781784,36.69978659781784,36.69978659781784,36.73231184619734,36.73231184619734,36.73231184619734,36.73231184619734,36.73231184619734,36.73231184619734,36.841990626081845,36.841990626081845,36.910004718093866,,,,,,,,,,,,,,,36.408030303030294,36.34184210526316,37.013514635211884,37.01340948651001,37.01377879182964,37.01377879182964,37.01414279513889,37.29989163614164,37.35017098906687,37.35017098906687,37.35017098906687,37.35017098906687,37.35017098906687,37.35613286104897,37.39084252359662,37.3953164783934,37.39563465061502,37.39563465061502,37.39563492063492,37.41721293070073,37.41719112865768,37.431156284153,37.431156284153,37.431156284153,37.435299553855955,37.435299553855955,37.435299553855955,37.435299553855955,37.435299553855955,37.43529984423675,37.43957971314301,37.43957971314301,37.43957971314301,37.43960737676663,37.50479132395053,37.53051097228896,37.483413869598756,37.46516447054329,37.46200929899856,37.34974536096438,37.34974536096438,37.34974536096438,37.349410888407355,37.24272140020078,37.24272140020078,37.24272140020078,37.24272140020078,37.24272140020078,37.24272140020078,37.24272140020078,37.2416385216215,37.08597004072136,36.78299487121469,36.78299487121469,37.53051097228896,37.24272140020078,,37.37857944320948,36.77984924436523,37.090310959944325,37.23046448163468,#000000,0.35341331748091426,36.8932830341387,-0.09417594779940759,50.16146224480859,-6.477928149831563,True,False,False,False,True,0.0,0.0,0.0,0.0,0.0,0,0.8783658310120707,1.0380687093779004,False,False,False,False,-0.01737018429255982,-0.06927415891232967,False,False,False,False,-1977.0,-1308.64251982259,False,False,False,False,20.842293505517528,False,False,False,False
2025-08-07 14:00:00+00:00,36.86,36.86,36.86,36.86,0.0,,,,,,,,,,,,,,36.63636132315523,36.63636132315523,36.64181818181819,37.01340948651001,37.01340948651001,37.01340948651001,37.01340948651001,37.01340948651001,37.01340948651001,37.01340948651001,37.01340948651001,37.01340948651001,37.01340948651001,37.01340948651001,37.01340948651001,37.01340948651001,37.29989163614164,37.29989163614164,37.29989163614164,37.30848798798799,37.35613286104897,37.37857944320948,37.3953164783934,37.41535908339239,37.41535908339239,37.41545780192095,37.4179827812524,37.43121139277388,37.43121139277388,37.43121139277388,37.43121139277388,37.43121139277388,37.43121139277388,37.435422415623,37.45360297490334,37.50327805265408,37.55044151245145,37.55348817423856,37.51856018375141,37.52125854536108,37.37435662018499,37.37435662018499,37.37435662018499,37.37435662018499,37.359630108991816,37.356246207489924,37.341129402239915,37.34007327489323,37.22170051201944,37.22170051201944,37.22170051201944,37.22170051201944,37.22170051201944,37.22170051201944,36.95692915725663,36.90200764187905,36.77984924436523,36.78041207261387,36.80180999726664,36.801770182091495,36.69774865528713,36.69774865528713,36.69774865528713,36.69978659781784,36.69978659781784,36.69978659781784,36.69978659781784,36.69978659781784,36.69978659781784,36.73231184619734,36.73231184619734,36.73231184619734,36.73231184619734,36.73231184619734,36.73231184619734,36.841990626081845,36.841990626081845,36.910004718093866,,,,,,,,,,,,,,,36.408030303030294,36.34184210526316,37.013514635211884,37.01340948651001,37.01377879182964,37.01377879182964,37.01414279513889,37.29989163614164,37.35017098906687,37.35017098906687,37.35017098906687,37.35017098906687,37.35017098906687,37.35613286104897,37.39084252359662,37.3953164783934,37.39563465061502,37.39563465061502,37.39563492063492,37.41721293070073,37.41719112865768,37.431156284153,37.431156284153,37.431156284153,37.435299553855955,37.435299553855955,37.435299553855955,37.435299553855955,37.435299553855955,37.43529984423675,37.43957971314301,37.43957971314301,37.43957971314301,37.43960737676663,37.50479132395053,37.53051097228896,37.483413869598756,37.46516447054329,37.46200929899856,37.34974536096438,37.34974536096438,37.34974536096438,37.349410888407355,37.24272140020078,37.24272140020078,37.24272140020078,37.24272140020078,37.24272140020078,37.24272140020078,37.24272140020078,37.2416385216215,37.08597004072136,36.78299487121469,36.78299487121469,37.53051097228896,37.24272140020078,,37.37857944320948,36.77984924436523,37.090310959944325,37.23046448163468,"rgba(38, 166, 154, 1.0)",0.3531012156143927,36.8932830341387,-0.09425918877335464,51.87423543398617,-4.520202038759194,True,False,True,False,True,0.0,0.0,0.0,0.0,0.0,0,0.8895078922934074,1.0510677808727937,False,False,False,False,-0.020845140219165843,-0.04505964956574776,False,False,False,False,-1977.0,-1319.0046512982087,False,False,False,False,20.51915717209865,False,False,False,False
2025-08-07 15:00:00+00:00,36.86,36.86,36.86,36.86,0.0,,,,,,,,,,,,,,36.63636132315523,36.63636132315523,36.64181818181819,37.01340948651001,37.01340948651001,37.01340948651001,37.01340948651001,37.01340948651001,37.01340948651001,37.01340948651001,37.01340948651001,37.01340948651001,37.01340948651001,37.01340948651001,37.01340948651001,37.01340948651001,37.29989163614164,37.29989163614164,37.29989163614164,37.30848798798799,37.35613286104897,37.37857944320948,37.3953164783934,37.41535908339239,37.41535908339239,37.41545780192095,37.4179827812524,37.43121139277388,37.43121139277388,37.43121139277388,37.43121139277388,37.43121139277388,37.43121139277388,37.435422415623,37.45360297490334,37.50327805265408,37.55044151245145,37.55348817423856,37.51856018375141,37.52125854536108,37.37435662018499,37.37435662018499,37.37435662018499,37.37435662018499,37.359630108991816,37.356246207489924,37.341129402239915,37.34007327489323,37.22170051201944,37.22170051201944,37.22170051201944,37.22170051201944,37.22170051201944,37.22170051201944,36.95692915725663,36.90200764187905,36.77984924436523,36.78041207261387,36.80180999726664,36.801770182091495,36.69774865528713,36.69774865528713,36.69774865528713,36.69978659781784,36.69978659781784,36.69978659781784,36.69978659781784,36.69978659781784,36.69978659781784,36.73231184619734,36.73231184619734,36.73231184619734,36.73231184619734,36.73231184619734,36.73231184619734,36.841990626081845,36.841990626081845,36.910004718093866,,,,,,,,,,,,,,,36.408030303030294,36.34184210526316,37.013514635211884,37.01340948651001,37.01377879182964,37.01377879182964,37.01414279513889,37.29989163614164,37.35017098906687,37.35017098906687,37.35017098906687,37.35017098906687,37.35017098906687,37.35613286104897,37.39084252359662,37.3953164783934,37.39563465061502,37.39563465061502,37.39563492063492,37.41721293070073,37.41719112865768,37.431156284153,37.431156284153,37.431156284153,37.435299553855955,37.435299553855955,37.435299553855955,37.435299553855955,37.435299553855955,37.43529984423675,37.43957971314301,37.43957971314301,37.43957971314301,37.43960737676663,37.50479132395053,37.53051097228896,37.483413869598756,37.46516447054329,37.46200929899856,37.34974536096438,37.34974536096438,37.34974536096438,37.349410888407355,37.24272140020078,37.24272140020078,37.24272140020078,37.24272140020078,37.24272140020078,37.24272140020078,37.24272140020078,37.2416385216215,37.08597004072136,36.78299487121469,36.78299487121469,37.53051097228896,37.24272140020078,,37.37857944320948,36.77984924436523,37.090310959944325,37.23046448163468,"rgba(38, 166, 154, 1.0)",0.3523671815457915,36.8932830341387,-0.09445554490259128,53.01608422677123,-3.079990756330176,True,False,True,False,True,0.0,0.0,0.0,0.0,0.0,0,0.888836992059785,1.0574497898178408,False,False,False,False,-0.020845140219165843,-0.0329523948924568,False,False,False,False,-1977.0,-1329.206129572655,False,False,False,False,20.201030704314174,False,False,False,False
2025-08-07 16:00:00+00:00,36.86,36.86,36.86,36.86,0.0,,,,,,,,,,,,,,36.63636132315523,36.63636132315523,36.64181818181819,37.01340948651001,37.01340948651001,37.01340948651001,37.01340948651001,37.01340948651001,37.01340948651001,37.01340948651001,37.01340948651001,37.01340948651001,37.01340948651001,37.01340948651001,37.01340948651001,37.01340948651001,37.29989163614164,37.29989163614164,37.29989163614164,37.30848798798799,37.35613286104897,37.37857944320948,37.3953164783934,37.41535908339239,37.41535908339239,37.41545780192095,37.4179827812524,37.43121139277388,37.43121139277388,37.43121139277388,37.43121139277388,37.43121139277388,37.43121139277388,37.435422415623,37.45360297490334,37.50327805265408,37.55044151245145,37.55348817423856,37.51856018375141,37.52125854536108,37.37435662018499,37.37435662018499,37.37435662018499,37.37435662018499,37.359630108991816,37.356246207489924,37.341129402239915,37.34007327489323,37.22170051201944,37.22170051201944,37.22170051201944,37.22170051201944,37.22170051201944,37.22170051201944,36.95692915725663,36.90200764187905,36.77984924436523,36.78041207261387,36.80180999726664,36.801770182091495,36.69774865528713,36.69774865528713,36.69774865528713,36.69978659781784,36.69978659781784,36.69978659781784,36.69978659781784,36.69978659781784,36.69978659781784,36.73231184619734,36.73231184619734,36.73231184619734,36.73231184619734,36.73231184619734,36.73231184619734,36.841990626081845,36.841990626081845,36.910004718093866,,,,,,,,,,,,,,,36.408030303030294,36.34184210526316,37.013514635211884,37.01340948651001,37.01377879182964,37.01377879182964,37.01414279513889,37.29989163614164,37.35017098906687,37.35017098906687,37.35017098906687,37.35017098906687,37.35017098906687,37.35613286104897,37.39084252359662,37.3953164783934,37.39563465061502,37.39563465061502,37.39563492063492,37.41721293070073,37.41719112865768,37.431156284153,37.431156284153,37.431156284153,37.435299553855955,37.435299553855955,37.435299553855955,37.435299553855955,37.435299553855955,37.43529984423675,37.43957971314301,37.43957971314301,37.43957971314301,37.43960737676663,37.50479132395053,37.53051097228896,37.483413869598756,37.46516447054329,37.46200929899856,37.34974536096438,37.34974536096438,37.34974536096438,37.349410888407355,37.24272140020078,37.24272140020078,37.24272140020078,37.24272140020078,37.24272140020078,37.24272140020078,37.24272140020078,37.2416385216215,37.08597004072136,36.78299487121469,36.78299487121469,37.53051097228896,37.24272140020078,,37.37857944320948,36.77984924436523,37.090310959944325,37.23046448163468,"rgba(38, 166, 154, 1.0)",0.35227638105405745,36.8932830341387,-0.09447989115566252,53.777316755294606,-1.9600864879629327,True,False,True,False,True,0.0,0.0,0.0,0.0,0.0,0,0.8827650630546474,1.0574497898178408,False,False,False,False,-0.020845140219165843,-0.02689876755581132,False,False,False,False,-1977.0,-1339.249445393234,False,False,False,False,19.88783642982868,False,False,False,False
2025-08-07 17:00:00+00:00,36.86,36.86,36.86,36.86,0.0,,,,,,,,,,,,,,36.63636132315523,36.63636132315523,36.64181818181819,37.01340948651001,37.01340948651001,37.01340948651001,37.01340948651001,37.01340948651001,37.01340948651001,37.01340948651001,37.01340948651001,37.01340948651001,37.01340948651001,37.01340948651001,37.01340948651001,37.01340948651001,37.29989163614164,37.29989163614164,37.29989163614164,37.30848798798799,37.35613286104897,37.37857944320948,37.3953164783934,37.41535908339239,37.41535908339239,37.41545780192095,37.4179827812524,37.43121139277388,37.43121139277388,37.43121139277388,37.43121139277388,37.43121139277388,37.43121139277388,37.435422415623,37.45360297490334,37.50327805265408,37.55044151245145,37.55348817423856,37.51856018375141,37.52125854536108,37.37435662018499,37.37435662018499,37.37435662018499,37.37435662018499,37.359630108991816,37.356246207489924,37.341129402239915,37.34007327489323,37.22170051201944,37.22170051201944,37.22170051201944,37.22170051201944,37.22170051201944,37.22170051201944,36.95692915725663,36.90200764187905,36.77984924436523,36.78041207261387,36.80180999726664,36.801770182091495,36.69774865528713,36.69774865528713,36.69774865528713,36.69978659781784,36.69978659781784,36.69978659781784,36.69978659781784,36.69978659781784,36.69978659781784,36.73231184619734,36.73231184619734,36.73231184619734,36.73231184619734,36.73231184619734,36.73231184619734,36.841990626081845,36.841990626081845,36.910004718093866,,,,,,,,,,,,,,,36.408030303030294,36.34184210526316,37.013514635211884,37.01340948651001,37.01377879182964,37.01377879182964,37.01414279513889,37.29989163614164,37.35017098906687,37.35017098906687,37.35017098906687,37.35017098906687,37.35017098906687,37.35613286104897,37.39084252359662,37.3953164783934,37.39563465061502,37.39563465061502,37.39563492063492,37.41721293070073,37.41719112865768,37.431156284153,37.431156284153,37.431156284153,37.435299553855955,37.435299553855955,37.435299553855955,37.435299553855955,37.435299553855955,37.43529984423675,37.43957971314301,37.43957971314301,37.43957971314301,37.43960737676663,37.50479132395053,37.53051097228896,37.483413869598756,37.46516447054329,37.46200929899856,37.34974536096438,37.34974536096438,37.34974536096438,37.349410888407355,37.24272140020078,37.24272140020078,37.24272140020078,37.24272140020078,37.24272140020078,37.24272140020078,37.24272140020078,37.2416385216215,37.08597004072136,36.78299487121469,36.78299487121469,37.53051097228896,37.24272140020078,,37.37857944320948,36.77984924436523,37.090310959944325,37.23046448163468,"rgba(38, 166, 154, 1.0)",0.3520418177451891,36.8932830341387,-0.09454284252897645,54.28480510764352,-1.0443009276185364,True,False,True,False,True,0.0,0.0,0.0,0.0,0.0,0,0.8827650630546474,1.0574497898178408,False,False,False,False,-0.020845140219165843,-0.023871953887488584,False,False,False,False,-1977.0,-1349.1370508910134,False,False,False,False,19.57949788052901,False,False,False,False
2025-08-07 18:00:00+00:00,36.86,36.86,36.86,36.86,0.0,,,,,,,,,,,,,,36.63636132315523,36.63636132315523,36.64181818181819,37.01340948651001,37.01340948651001,37.01340948651001,37.01340948651001,37.01340948651001,37.01340948651001,37.01340948651001,37.01340948651001,37.01340948651001,37.01340948651001,37.01340948651001,37.01340948651001,37.01340948651001,37.29989163614164,37.29989163614164,37.29989163614164,37.30848798798799,37.35613286104897,37.37857944320948,37.3953164783934,37.41535908339239,37.41535908339239,37.41545780192095,37.4179827812524,37.43121139277388,37.43121139277388,37.43121139277388,37.43121139277388,37.43121139277388,37.43121139277388,37.435422415623,37.45360297490334,37.50327805265408,37.55044151245145,37.55348817423856,37.51856018375141,37.52125854536108,37.37435662018499,37.37435662018499,37.37435662018499,37.37435662018499,37.359630108991816,37.356246207489924,37.341129402239915,37.34007327489323,37.22170051201944,37.22170051201944,37.22170051201944,37.22170051201944,37.22170051201944,37.22170051201944,36.95692915725663,36.90200764187905,36.77984924436523,36.78041207261387,36.80180999726664,36.801770182091495,36.69774865528713,36.69774865528713,36.69774865528713,36.69978659781784,36.69978659781784,36.69978659781784,36.69978659781784,36.69978659781784,36.69978659781784,36.73231184619734,36.73231184619734,36.73231184619734,36.73231184619734,36.73231184619734,36.73231184619734,36.841990626081845,36.841990626081845,36.910004718093866,,,,,,,,,,,,,,,36.408030303030294,36.34184210526316,37.013514635211884,37.01340948651001,37.01377879182964,37.01377879182964,37.01414279513889,37.29989163614164,37.35017098906687,37.35017098906687,37.35017098906687,37.35017098906687,37.35017098906687,37.35613286104897,37.39084252359662,37.3953164783934,37.39563465061502,37.39563465061502,37.39563492063492,37.41721293070073,37.41719112865768,37.431156284153,37.431156284153,37.431156284153,37.435299553855955,37.435299553855955,37.435299553855955,37.435299553855955,37.435299553855955,37.43529984423675,37.43957971314301,37.43957971314301,37.43957971314301,37.43960737676663,37.50479132395053,37.53051097228896,37.483413869598756,37.46516447054329,37.46200929899856,37.34974536096438,37.34974536096438,37.34974536096438,37.349410888407355,37.24272140020078,37.24272140020078,37.24272140020078,37.24272140020078,37.24272140020078,37.24272140020078,37.24272140020078,37.2416385216215,37.08597004072136,36.78299487121469,36.78299487121469,37.53051097228896,37.24272140020078,,37.37857944320948,36.77984924436523,37.090310959944325,37.23046448163468,"rgba(38, 166, 154, 1.0)",0.35249754966867297,36.8932830341387,-0.09442061134887929,54.623130675876126,-0.26533346168160676,True,False,True,False,True,0.0,0.0,0.0,0.0,0.0,0,0.8827650630546474,1.0574497898178408,False,False,False,False,-0.020845140219165843,-0.022358547053327214,False,False,False,False,-1977.0,-1358.8713601795248,False,False,False,False,19.27593977385414,False,False,False,False
2025-08-07 19:00:00+00:00,36.86,36.86,36.59,36.59,10.0,,,,,,,,,,,,,,36.639456264775426,36.639456264775426,36.64450704225353,37.00911297250859,37.00911297250859,37.00911297250859,37.00911297250859,37.00911297250859,37.00911297250859,37.00911297250859,37.00911297250859,37.00911297250859,37.00911297250859,37.00911297250859,37.00911297250859,37.00911297250859,37.297066241264055,37.297066241264055,37.297066241264055,37.30566965620329,37.35362122337791,37.376368048960636,37.39339771101573,37.41362597218948,37.41362597218948,37.413724866478155,37.41627725136737,37.42957333914812,37.42957333914812,37.42957333914812,37.42957333914812,37.42957333914812,37.42957333914812,37.43382228341452,37.452085213524285,37.501772148039755,37.548952560155094,37.552004416510954,37.517263708513696,37.51996330510648,37.37339928305527,37.37339928305527,37.37339928305527,37.37339928305527,37.35870544217686,37.355328765884316,37.34023851232987,37.339184287317615,37.22099627318426,37.22099627318426,37.22099627318426,37.22099627318426,37.22099627318426,37.22099627318426,36.956600379912146,36.90174958347863,36.77973814027669,36.78030036711536,36.80168526861902,36.801645506979284,36.69773211567732,36.69773211567732,36.69773211567732,36.699769295791064,36.699769295791064,36.699769295791064,36.699769295791064,36.699769295791064,36.699769295791064,36.73226751412429,36.73226751412429,36.73226751412429,36.73226751412429,36.73226751412429,36.73226751412429,36.84186131289746,36.84186131289746,36.90982399622847,,,,,,,,,,,,,,,36.44381578947368,36.38116279069768,37.009200086244064,37.00911297250859,37.00948305448305,37.00948305448305,37.00984790059982,37.297066241264055,37.3476247467072,37.3476247467072,37.3476247467072,37.3476247467072,37.3476247467072,37.35362122337791,37.38873006438831,37.39339771101573,37.39376664056382,37.39376664056382,37.393767397355596,37.41550444186944,37.4154830861909,37.42951799345691,37.42951799345691,37.42951799345691,37.43369832520669,37.43369832520669,37.43369832520669,37.43369832520669,37.43369832520669,37.43369895435918,37.43801162950729,37.43801162950729,37.43801162950729,37.43803955968352,37.5032865048957,37.52915080761234,37.48225320234999,37.46404152364606,37.46089214285713,37.34883944271608,37.34883944271608,37.34883944271608,37.3485055450365,37.24198552809381,37.24198552809381,37.24198552809381,37.24198552809381,37.24198552809381,37.24198552809381,37.24198552809381,37.24090425763716,37.08546459993361,36.78287847967755,36.78287847967755,37.52915080761234,37.24198552809381,,37.376368048960636,36.77973814027669,37.08757582088579,37.23110340536772,#000000,0.35667359595847714,36.89425899266699,-0.8530460233518619,50.803795770245586,-0.26533346168160676,True,False,False,False,False,0.0,0.0,0.0,0.0,0.0,0,0.8610478359908889,1.056036446469247,False,False,False,False,-0.067840740641314,-0.045099643847320604,False,False,False,False,-1987.0,-1368.6097887038732,False,False,False,False,19.132126754104466,False,False,False,False
2025-08-08 14:00:00+00:00,36.59,36.59,36.2,36.2,4.0,,,,,,,,,,,,,,36.63091954022989,36.63091954022989,36.635890410958915,37.005630341880334,37.005630341880334,37.005630341880334,37.005630341880334,37.005630341880334,37.005630341880334,37.005630341880334,37.005630341880334,37.005630341880334,37.005630341880334,37.005630341880334,37.005630341880334,37.005630341880334,37.29530633909615,37.29530633909615,37.29530633909615,37.30392270963892,37.352102497527206,37.37504478870271,37.39225794926759,37.4126053684954,37.4126053684954,37.41270440991838,37.4152739936889,37.42861510530137,37.42861510530137,37.42861510530137,37.42861510530137,37.42861510530137,37.42861510530137,37.432887830687825,37.451205319218445,37.50091543288856,37.54811908831909,37.55117467323035,37.51652992377419,37.51923090731906,37.37282416976711,37.37282416976711,37.37282416976711,37.37282416976711,37.358145906989385,37.35477265536723,37.33969427609427,37.33864091174227,37.22053317740818,37.22053317740818,37.22053317740818,37.22053317740818,37.22053317740818,37.22053317740818,36.956302954788185,36.901483869718454,36.77953805657509,36.78010007783831,36.80149215284885,36.80145242725071,36.69759509392951,36.69759509392951,36.69759509392951,36.699640005827504,36.699640005827504,36.699640005827504,36.699640005827504,36.699640005827504,36.699640005827504,36.73213119846379,36.73213119846379,36.73213119846379,36.73213119846379,36.73213119846379,36.73213119846379,36.84169792248555,36.84169792248555,36.9096418191815,,,,,,,,,,,,,,36.330000000000005,36.438125,36.378888888888895,37.00570356070356,37.005630341880334,37.0060029876227,37.0060029876227,37.006370417732306,37.29530633909615,37.34608055134042,37.34608055134042,37.34608055134042,37.34608055134042,37.34608055134042,37.352102497527206,37.387473038488174,37.39225794926759,37.392657105606254,37.392657105606254,37.39265815085158,37.41449911244886,37.41447800925925,37.42855959904117,37.42855959904117,37.42855959904117,37.43276318576572,37.43276318576572,37.43276318576572,37.43276318576572,37.43276318576572,37.43276401242411,37.43709742849285,37.43709742849285,37.43709742849285,37.43712552416305,37.50243087207536,37.52838420968515,37.48158773702954,37.46339312940727,37.46024628783552,37.34828849533594,37.34828849533594,37.34828849533594,37.34795485266287,37.24150873524158,37.24150873524158,37.24150873524158,37.24150873524158,37.24150873524158,37.24150873524158,37.24150873524158,37.240428154536346,37.085088559814174,36.78267385820249,36.78267385820249,37.52838420968515,37.24150873524158,,37.37504478870271,36.77953805657509,37.084215265411146,37.185075801857096,"rgba(239, 83, 80, 0.5)",0.37046308979546044,36.85618206927277,-1.771248168434423,44.47555402422489,-0.3516816522696544,False,False,False,True,False,0.0,0.0,0.0,0.0,0.0,0,0.8325991189427318,1.0779735682819367,False,False,False,False,-0.18443150787594695,-0.11476557586163377,False,False,False,False,-1991.0,-1378.2592493441232,False,False,False,False,18.89752013776176,False,False,False,False
2025-08-08 15:00:00+00:00,36.2,36.2,36.2,36.2,0.0,,,,,,,,,,,,,,36.63091954022989,36.63091954022989,36.635890410958915,37.005630341880334,37.005630341880334,37.005630341880334,37.005630341880334,37.005630341880334,37.005630341880334,37.005630341880334,37.005630341880334,37.005630341880334,37.005630341880334,37.005630341880334,37.005630341880334,37.005630341880334,37.29530633909615,37.29530633909615,37.29530633909615,37.30392270963892,37.352102497527206,37.37504478870271,37.39225794926759,37.4126053684954,37.4126053684954,37.41270440991838,37.4152739936889,37.42861510530137,37.42861510530137,37.42861510530137,37.42861510530137,37.42861510530137,37.42861510530137,37.432887830687825,37.451205319218445,37.50091543288856,37.54811908831909,37.55117467323035,37.51652992377419,37.51923090731906,37.37282416976711,37.37282416976711,37.37282416976711,37.37282416976711,37.358145906989385,37.35477265536723,37.33969427609427,37.33864091174227,37.22053317740818,37.22053317740818,37.22053317740818,37.22053317740818,37.22053317740818,37.22053317740818,36.956302954788185,36.901483869718454,36.77953805657509,36.78010007783831,36.80149215284885,36.80145242725071,36.69759509392951,36.69759509392951,36.69759509392951,36.699640005827504,36.699640005827504,36.699640005827504,36.699640005827504,36.699640005827504,36.699640005827504,36.73213119846379,36.73213119846379,36.73213119846379,36.73213119846379,36.73213119846379,36.73213119846379,36.84169792248555,36.84169792248555,36.9096418191815,,,,,,,,,,,,,,36.330000000000005,36.438125,36.378888888888895,37.00570356070356,37.005630341880334,37.0060029876227,37.0060029876227,37.006370417732306,37.29530633909615,37.34608055134042,37.34608055134042,37.34608055134042,37.34608055134042,37.34608055134042,37.352102497527206,37.387473038488174,37.39225794926759,37.392657105606254,37.392657105606254,37.39265815085158,37.41449911244886,37.41447800925925,37.42855959904117,37.42855959904117,37.42855959904117,37.43276318576572,37.43276318576572,37.43276318576572,37.43276318576572,37.43276318576572,37.43276401242411,37.43709742849285,37.43709742849285,37.43709742849285,37.43712552416305,37.50243087207536,37.52838420968515,37.48158773702954,37.46339312940727,37.46024628783552,37.34828849533594,37.34828849533594,37.34828849533594,37.34795485266287,37.24150873524158,37.24150873524158,37.24150873524158,37.24150873524158,37.24150873524158,37.24150873524158,37.24150873524158,37.240428154536346,37.085088559814174,36.78267385820249,36.78267385820249,37.52838420968515,37.24150873524158,,37.37504478870271,36.77953805657509,37.084215265411146,37.185075801857096,"rgba(239, 83, 80, 1.0)",0.380811154163104,36.85618206927277,-1.7231167262283478,40.256726193544424,-4.112390984554935,False,True,False,True,False,0.0,0.0,0.0,0.0,0.0,0,0.8321554770318026,1.1139575971731432,False,False,False,False,-0.25552510022261776,-0.18514533804212577,False,False,False,False,-1991.0,-1387.7591059434392,False,False,False,False,18.60453532942437,False,False,False,False
2025-08-08 16:00:00+00:00,36.2,36.43,36.2,36.43,1.0,,,,,,,,,,,,,,36.62901826484019,36.62901826484019,36.63396825396826,37.004795134443015,37.004795134443015,37.004795134443015,37.004795134443015,37.004795134443015,37.004795134443015,37.004795134443015,37.004795134443015,37.004795134443015,37.004795134443015,37.004795134443015,37.004795134443015,37.004795134443015,37.29487797483705,37.29487797483705,37.29487797483705,37.303497390007465,37.35173217154863,37.3747218710493,37.39197964103937,37.41235601067168,37.41235601067168,37.41245508747156,37.415028855032304,37.42838089014738,37.42838089014738,37.42838089014738,37.42838089014738,37.42838089014738,37.42838089014738,37.43265940189024,37.450990134587734,37.50070571393762,37.547914886344216,37.55097137361394,37.516350224007404,37.519051538461525,37.37268370533663,37.37268370533663,37.37268370533663,37.37268370533663,37.35800929073192,37.354636885394065,37.339561450758595,37.338508299685955,37.22042051015547,37.22042051015547,37.22042051015547,37.22042051015547,37.22042051015547,37.22042051015547,36.95623141116912,36.901420190520454,36.77949065836299,36.780052627677705,36.8014462866305,36.80140656979124,36.69756302781917,36.69756302781917,36.69756302781917,36.69960973691111,36.69960973691111,36.69960973691111,36.69960973691111,36.69960973691111,36.69960973691111,36.73209911054637,36.73209911054637,36.73209911054637,36.73209911054637,36.73209911054637,36.73209911054637,36.84165895308009,36.84165895308009,36.90959812545814,,,,,,,,,,,,36.35333333333333,36.35333333333333,36.33466666666667,36.43707818930041,36.378608058608066,37.0048650385604,37.004795134443015,37.0051683716965,37.0051683716965,37.00553639846743,37.29487797483705,37.345704082922516,37.345704082922516,37.345704082922516,37.345704082922516,37.345704082922516,37.35173217154863,37.387166172106824,37.39197964103937,37.392386166145286,37.392386166145286,37.39238728173052,37.414253472222214,37.41423243076447,37.42832534495278,37.42832534495278,37.42832534495278,37.432534589863046,37.432534589863046,37.432534589863046,37.432534589863046,37.432534589863046,37.43253546474698,37.43687392589537,37.43687392589537,37.43687392589537,37.43690206185566,37.50222141207924,37.528196441887715,37.48142485924642,37.46323448144442,37.46008827028312,37.34815400558709,37.34815400558709,37.34815400558709,37.34782042618371,37.24139266422721,37.24139266422721,37.24139266422721,37.24139266422721,37.24139266422721,37.24139266422721,37.24139266422721,37.24031225503005,37.08499751150928,36.782625367065734,36.782625367065734,37.528196441887715,37.24139266422721,,37.3747218710493,36.77949065836299,37.083424742036286,37.09883200528842,"rgba(239, 83, 80, 1.0)",0.3852541222863688,36.790331794116206,-0.9353093796316673,41.17170404486786,-4.112390984554935,False,True,False,True,False,0.0,0.0,0.0,0.0,0.0,0,0.8329004329004331,1.0917748917748906,False,False,False,False,-0.21333653803193547,-0.19924093803703063,False,False,False,False,-1990.0,-1397.0961740683472,False,False,False,False,18.33159679718523,False,False,False,False
2025-08-08 17:00:00+00:00,36.43,36.43,36.43,36.43,0.0,,,,,,,,,,,,,,36.62901826484019,36.62901826484019,36.63396825396826,37.004795134443015,37.004795134443015,37.004795134443015,37.004795134443015,37.004795134443015,37.004795134443015,37.004795134443015,37.004795134443015,37.004795134443015,37.004795134443015,37.004795134443015,37.004795134443015,37.004795134443015,37.29487797483705,37.29487797483705,37.29487797483705,37.303497390007465,37.35173217154863,37.3747218710493,37.39197964103937,37.41235601067168,37.41235601067168,37.41245508747156,37.415028855032304,37.42838089014738,37.42838089014738,37.42838089014738,37.42838089014738,37.42838089014738,37.42838089014738,37.43265940189024,37.450990134587734,37.50070571393762,37.547914886344216,37.55097137361394,37.516350224007404,37.519051538461525,37.37268370533663,37.37268370533663,37.37268370533663,37.37268370533663,37.35800929073192,37.354636885394065,37.339561450758595,37.338508299685955,37.22042051015547,37.22042051015547,37.22042051015547,37.22042051015547,37.22042051015547,37.22042051015547,36.95623141116912,36.901420190520454,36.77949065836299,36.780052627677705,36.8014462866305,36.80140656979124,36.69756302781917,36.69756302781917,36.69756302781917,36.69960973691111,36.69960973691111,36.69960973691111,36.69960973691111,36.69960973691111,36.69960973691111,36.73209911054637,36.73209911054637,36.73209911054637,36.73209911054637,36.73209911054637,36.73209911054637,36.84165895308009,36.84165895308009,36.90959812545814,,,,,,,,,,,,36.35333333333333,36.35333333333333,36.33466666666667,36.43707818930041,36.378608058608066,37.0048650385604,37.004795134443015,37.0051683716965,37.0051683716965,37.00553639846743,37.29487797483705,37.345704082922516,37.345704082922516,37.345704082922516,37.345704082922516,37.345704082922516,37.35173217154863,37.387166172106824,37.39197964103937,37.392386166145286,37.392386166145286,37.39238728173052,37.414253472222214,37.41423243076447,37.42832534495278,37.42832534495278,37.42832534495278,37.432534589863046,37.432534589863046,37.432534589863046,37.432534589863046,37.432534589863046,37.43253546474698,37.43687392589537,37.43687392589537,37.43687392589537,37.43690206185566,37.50222141207924,37.528196441887715,37.48142485924642,37.46323448144442,37.46008827028312,37.34815400558709,37.34815400558709,37.34815400558709,37.34782042618371,37.24139266422721,37.24139266422721,37.24139266422721,37.24139266422721,37.24139266422721,37.24139266422721,37.24139266422721,37.24031225503005,37.08499751150928,36.782625367065734,36.782625367065734,37.528196441887715,37.24139266422721,,37.3747218710493,36.77949065836299,37.083424742036286,37.09883200528842,"rgba(239, 83, 80, 1.0)",0.3891837380748134,36.790331794116206,-0.9258654945313747,41.78168927908348,-4.112390984554935,False,True,False,True,False,0.0,0.0,0.0,0.0,0.0,0,0.8521739130434783,1.0965217391304334,False,False,False,False,-0.17188347174774501,-0.18556220489238784,False,False,False,False,-1990.0,-1406.2884814471324,False,False,False,False,18.047385994128096,False,False,False,False
2025-08-08 18:00:00+00:00,36.43,36.43,36.43,36.43,0.0,,,,,,,,,,,,,,36.62901826484019,36.62901826484019,36.63396825396826,37.004795134443015,37.004795134443015,37.004795134443015,37.004795134443015,37.004795134443015,37.004795134443015,37.004795134443015,37.004795134443015,37.004795134443015,37.004795134443015,37.004795134443015,37.004795134443015,37.004795134443015,37.29487797483705,37.29487797483705,37.29487797483705,37.303497390007465,37.35173217154863,37.3747218710493,37.39197964103937,37.41235601067168,37.41235601067168,37.41245508747156,37.415028855032304,37.42838089014738,37.42838089014738,37.42838089014738,37.42838089014738,37.42838089014738,37.42838089014738,37.43265940189024,37.450990134587734,37.50070571393762,37.547914886344216,37.55097137361394,37.516350224007404,37.519051538461525,37.37268370533663,37.37268370533663,37.37268370533663,37.37268370533663,37.35800929073192,37.354636885394065,37.339561450758595,37.338508299685955,37.22042051015547,37.22042051015547,37.22042051015547,37.22042051015547,37.22042051015547,37.22042051015547,36.95623141116912,36.901420190520454,36.77949065836299,36.780052627677705,36.8014462866305,36.80140656979124,36.69756302781917,36.69756302781917,36.69756302781917,36.69960973691111,36.69960973691111,36.69960973691111,36.69960973691111,36.69960973691111,36.69960973691111,36.73209911054637,36.73209911054637,36.73209911054637,36.73209911054637,36.73209911054637,36.73209911054637,36.84165895308009,36.84165895308009,36.90959812545814,,,,,,,,,,,,36.35333333333333,36.35333333333333,36.33466666666667,36.43707818930041,36.378608058608066,37.0048650385604,37.004795134443015,37.0051683716965,37.0051683716965,37.00553639846743,37.29487797483705,37.345704082922516,37.345704082922516,37.345704082922516,37.345704082922516,37.345704082922516,37.35173217154863,37.387166172106824,37.39197964103937,37.392386166145286,37.392386166145286,37.39238728173052,37.414253472222214,37.41423243076447,37.42832534495278,37.42832534495278,37.42832534495278,37.432534589863046,37.432534589863046,37.432534589863046,37.432534589863046,37.432534589863046,37.43253546474698,37.43687392589537,37.43687392589537,37.43687392589537,37.43690206185566,37.50222141207924,37.528196441887715,37.48142485924642,37.46323448144442,37.46008827028312,37.34815400558709,37.34815400558709,37.34815400558709,37.34782042618371,37.24139266422721,37.24139266422721,37.24139266422721,37.24139266422721,37.24139266422721,37.24139266422721,37.24139266422721,37.24031225503005,37.08499751150928,36.782625367065734,36.782625367065734,37.528196441887715,37.24139266422721,,37.3747218710493,36.77949065836299,37.083424742036286,37.09883200528842,"rgba(239, 83, 80, 0.75)",0.3923278873226775,36.790331794116206,-0.9184455292617126,42.18834610189389,-4.112390984554935,False,True,False,True,True,0.0,0.0,0.0,0.0,0.0,0,0.8478260869565221,1.0965217391304334,False,False,False,False,-0.17188347174774501,-0.1787228383200664,False,False,False,False,-1990.0,-1415.338272432448,False,False,False,False,17.767581560110607,False,False,False,False
2025-08-08 19:00:00+00:00,36.43,36.43,36.425,36.425,1.0,,,,,,,,,,,,,,36.627641723356014,36.627641723356014,36.63256756756757,37.00405583972719,37.00405583972719,37.00405583972719,37.00405583972719,37.00405583972719,37.00405583972719,37.00405583972719,37.00405583972719,37.00405583972719,37.00405583972719,37.00405583972719,37.00405583972719,37.00405583972719,37.29448333333334,37.29448333333334,37.29448333333334,37.303105247465716,37.35138930071658,37.374422327540806,37.39172112122834,37.41212402918333,37.41212402918333,37.4122231372549,37.41480075390413,37.42816274680603,37.42816274680603,37.42816274680603,37.42816274680603,37.42816274680603,37.42816274680603,37.43244658345673,37.4507894049252,37.500509470735125,37.54772328548644,37.55078058713728,37.51618190711563,37.51888350510177,37.37255338200853,37.37255338200853,37.37255338200853,37.37255338200853,37.35788268080478,37.35451109303692,37.33943853507473,37.33838559188983,37.22031739845848,37.22031739845848,37.22031739845848,37.22031739845848,37.22031739845848,37.22031739845848,36.956168584648246,36.90136504433346,36.77945142518255,36.78001334074486,36.801407934233865,36.801368225382866,36.69753779764677,36.69753779764677,36.69753779764677,36.69958588242149,36.69958588242149,36.69958588242149,36.69958588242149,36.69958588242149,36.69958588242149,36.732073239595685,36.732073239595685,36.732073239595685,36.732073239595685,36.732073239595685,36.732073239595685,36.84162584111278,36.84162584111278,36.90956019791092,,,,,,,,,,,,36.39,36.39,36.35,36.436951219512196,36.37913043478262,37.00412280701754,37.00405583972719,37.00442954448701,37.00442954448701,37.00479804421768,37.29448333333334,37.34535569876169,37.34535569876169,37.34535569876169,37.34535569876169,37.34535569876169,37.35138930071658,37.38688124196579,37.39172112122834,37.392134480062545,37.392134480062545,37.392135660934514,37.41402491707166,37.41400393336417,37.428107166194714,37.428107166194714,37.428107166194714,37.43232161761592,37.43232161761592,37.43232161761592,37.43232161761592,37.43232161761592,37.432322537397674,37.43666563573883,37.43666563573883,37.43666563573883,37.43669380883666,37.50202539335399,37.5280204505512,37.481272613548875,37.46308635800704,37.45994076505852,37.34802946344101,37.34802946344101,37.34802946344101,37.34769594594594,37.241286205845206,37.241286205845206,37.241286205845206,37.241286205845206,37.241286205845206,37.241286205845206,37.241286205845206,37.24020596559983,37.08491560918969,36.78258516845474,36.78258516845474,37.5280204505512,37.241286205845206,,37.374422327540806,36.77945142518255,37.08275651944204,37.10206846251896,"rgba(239, 83, 80, 0.75)",0.3965203151923821,36.79413348562956,-0.930932089697514,42.38704975120382,-4.112390984554935,False,True,False,True,True,0.0,0.0,0.0,0.0,0.0,0,0.8474576271186441,1.0964797913950441,False,False,False,False,-0.17277793938339914,-0.17575038885173278,False,False,False,False,-1991.0,-1424.2632604567511,False,False,False,False,17.50761905530269,False,False,False,False
2025-08-11 14:00:00+00:00,37.01,37.01,37.01,37.01,0.0,,,,,,,,,,,,,,36.627641723356014,36.627641723356014,36.63256756756757,37.00405583972719,37.00405583972719,37.00405583972719,37.00405583972719,37.00405583972719,37.00405583972719,37.00405583972719,37.00405583972719,37.00405583972719,37.00405583972719,37.00405583972719,37.00405583972719,37.00405583972719,37.29448333333334,37.29448333333334,37.29448333333334,37.303105247465716,37.35138930071658,37.374422327540806,37.39172112122834,37.41212402918333,37.41212402918333,37.4122231372549,37.41480075390413,37.42816274680603,37.42816274680603,37.42816274680603,37.42816274680603,37.42816274680603,37.42816274680603,37.43244658345673,37.4507894049252,37.500509470735125,37.54772328548644,37.55078058713728,37.51618190711563,37.51888350510177,37.37255338200853,37.37255338200853,37.37255338200853,37.37255338200853,37.35788268080478,37.35451109303692,37.33943853507473,37.33838559188983,37.22031739845848,37.22031739845848,37.22031739845848,37.22031739845848,37.22031739845848,37.22031739845848,36.956168584648246,36.90136504433346,36.77945142518255,36.78001334074486,36.801407934233865,36.801368225382866,36.69753779764677,36.69753779764677,36.69753779764677,36.69958588242149,36.69958588242149,36.69958588242149,36.69958588242149,36.69958588242149,36.69958588242149,36.732073239595685,36.732073239595685,36.732073239595685,36.732073239595685,36.732073239595685,36.732073239595685,36.84162584111278,36.84162584111278,36.90956019791092,,,,,,,,,,,,36.39,36.39,36.35,36.436951219512196,36.37913043478262,37.00412280701754,37.00405583972719,37.00442954448701,37.00442954448701,37.00479804421768,37.29448333333334,37.34535569876169,37.34535569876169,37.34535569876169,37.34535569876169,37.34535569876169,37.35138930071658,37.38688124196579,37.39172112122834,37.392134480062545,37.392134480062545,37.392135660934514,37.41402491707166,37.41400393336417,37.428107166194714,37.428107166194714,37.428107166194714,37.43232161761592,37.43232161761592,37.43232161761592,37.43232161761592,37.43232161761592,37.432322537397674,37.43666563573883,37.43666563573883,37.43666563573883,37.43669380883666,37.50202539335399,37.5280204505512,37.481272613548875,37.46308635800704,37.45994076505852,37.34802946344101,37.34802946344101,37.34802946344101,37.34769594594594,37.241286205845206,37.241286205845206,37.241286205845206,37.241286205845206,37.241286205845206,37.241286205845206,37.241286205845206,37.24020596559983,37.08491560918969,36.78258516845474,36.78258516845474,37.5280204505512,37.241286205845206,,37.374422327540806,36.77945142518255,37.08275651944204,37.10206846251896,#000000,0.3946369297293557,36.79413348562956,0.5470002883878156,50.13571556301588,-5.352054596330255,True,False,False,False,True,0.0,0.0,0.0,0.0,0.0,0,0.8548387096774195,1.091397849462364,False,False,False,False,0.03127333022044116,-0.07223852931564581,False,False,False,False,-1991.0,-1433.0498765737007,False,False,False,False,17.23618310095691,False,False,False,False
2025-08-11 15:00:00+00:00,37.01,37.01,37.01,37.01,0.0,,,,,,,,,,,,,,36.627641723356014,36.627641723356014,36.63256756756757,37.00405583972719,37.00405583972719,37.00405583972719,37.00405583972719,37.00405583972719,37.00405583972719,37.00405583972719,37.00405583972719,37.00405583972719,37.00405583972719,37.00405583972719,37.00405583972719,37.00405583972719,37.29448333333334,37.29448333333334,37.29448333333334,37.303105247465716,37.35138930071658,37.374422327540806,37.39172112122834,37.41212402918333,37.41212402918333,37.4122231372549,37.41480075390413,37.42816274680603,37.42816274680603,37.42816274680603,37.42816274680603,37.42816274680603,37.42816274680603,37.43244658345673,37.4507894049252,37.500509470735125,37.54772328548644,37.55078058713728,37.51618190711563,37.51888350510177,37.37255338200853,37.37255338200853,37.37255338200853,37.37255338200853,37.35788268080478,37.35451109303692,37.33943853507473,37.33838559188983,37.22031739845848,37.22031739845848,37.22031739845848,37.22031739845848,37.22031739845848,37.22031739845848,36.956168584648246,36.90136504433346,36.77945142518255,36.78001334074486,36.801407934233865,36.801368225382866,36.69753779764677,36.69753779764677,36.69753779764677,36.69958588242149,36.69958588242149,36.69958588242149,36.69958588242149,36.69958588242149,36.69958588242149,36.732073239595685,36.732073239595685,36.732073239595685,36.732073239595685,36.732073239595685,36.732073239595685,36.84162584111278,36.84162584111278,36.90956019791092,,,,,,,,,,,,36.39,36.39,36.35,36.436951219512196,36.37913043478262,37.00412280701754,37.00405583972719,37.00442954448701,37.00442954448701,37.00479804421768,37.29448333333334,37.34535569876169,37.34535569876169,37.34535569876169,37.34535569876169,37.34535569876169,37.35138930071658,37.38688124196579,37.39172112122834,37.392134480062545,37.392134480062545,37.392135660934514,37.41402491707166,37.41400393336417,37.428107166194714,37.428107166194714,37.428107166194714,37.43232161761592,37.43232161761592,37.43232161761592,37.43232161761592,37.43232161761592,37.432322537397674,37.43666563573883,37.43666563573883,37.43666563573883,37.43669380883666,37.50202539335399,37.5280204505512,37.481272613548875,37.46308635800704,37.45994076505852,37.34802946344101,37.34802946344101,37.34802946344101,37.34769594594594,37.241286205845206,37.241286205845206,37.241286205845206,37.241286205845206,37.241286205845206,37.241286205845206,37.241286205845206,37.24020596559983,37.08491560918969,36.78258516845474,36.78258516845474,37.5280204505512,37.241286205845206,,37.374422327540806,36.77945142518255,37.08275651944204,37.10206846251896,"rgba(38, 166, 154, 1.0)",0.39257624496142746,36.79413348562956,0.5498715654373066,55.30149277089059,-0.7049940364356289,True,False,True,False,True,0.0,0.0,0.0,0.0,0.0,0,0.8562551781275889,1.0915492957746462,False,False,False,False,0.03127333022044116,-0.020482599547602325,False,False,False,False,-1991.0,-1441.7002660841858,False,False,False,False,16.968955455980833,False,False,False,False
2025-08-11 16:00:00+00:00,37.01,37.01,37.01,37.01,0.0,,,,,,,,,,,,,,36.627641723356014,36.627641723356014,36.63256756756757,37.00405583972719,37.00405583972719,37.00405583972719,37.00405583972719,37.00405583972719,37.00405583972719,37.00405583972719,37.00405583972719,37.00405583972719,37.00405583972719,37.00405583972719,37.00405583972719,37.00405583972719,37.29448333333334,37.29448333333334,37.29448333333334,37.303105247465716,37.35138930071658,37.374422327540806,37.39172112122834,37.41212402918333,37.41212402918333,37.4122231372549,37.41480075390413,37.42816274680603,37.42816274680603,37.42816274680603,37.42816274680603,37.42816274680603,37.42816274680603,37.43244658345673,37.4507894049252,37.500509470735125,37.54772328548644,37.55078058713728,37.51618190711563,37.51888350510177,37.37255338200853,37.37255338200853,37.37255338200853,37.37255338200853,37.35788268080478,37.35451109303692,37.33943853507473,37.33838559188983,37.22031739845848,37.22031739845848,37.22031739845848,37.22031739845848,37.22031739845848,37.22031739845848,36.956168584648246,36.90136504433346,36.77945142518255,36.78001334074486,36.801407934233865,36.801368225382866,36.69753779764677,36.69753779764677,36.69753779764677,36.69958588242149,36.69958588242149,36.69958588242149,36.69958588242149,36.69958588242149,36.69958588242149,36.732073239595685,36.732073239595685,36.732073239595685,36.732073239595685,36.732073239595685,36.732073239595685,36.84162584111278,36.84162584111278,36.90956019791092,,,,,,,,,,,,36.39,36.39,36.35,36.436951219512196,36.37913043478262,37.00412280701754,37.00405583972719,37.00442954448701,37.00442954448701,37.00479804421768,37.29448333333334,37.34535569876169,37.34535569876169,37.34535569876169,37.34535569876169,37.34535569876169,37.35138930071658,37.38688124196579,37.39172112122834,37.392134480062545,37.392134480062545,37.392135660934514,37.41402491707166,37.41400393336417,37.428107166194714,37.428107166194714,37.428107166194714,37.43232161761592,37.43232161761592,37.43232161761592,37.43232161761592,37.43232161761592,37.432322537397674,37.43666563573883,37.43666563573883,37.43666563573883,37.43669380883666,37.50202539335399,37.5280204505512,37.481272613548875,37.46308635800704,37.45994076505852,37.34802946344101,37.34802946344101,37.34802946344101,37.34769594594594,37.241286205845206,37.241286205845206,37.241286205845206,37.241286205845206,37.241286205845206,37.241286205845206,37.241286205845206,37.24020596559983,37.08491560918969,36.78258516845474,36.78258516845474,37.5280204505512,37.241286205845206,,37.374422327540806,36.77945142518255,37.08275651944204,37.10206846251896,"rgba(38, 166, 154, 1.0)",0.39045134428268935,36.79413348562956,0.5528640572796976,58.745344242807064,2.3027531058749915,True,False,True,False,True,0.0,0.0,0.0,0.0,0.0,0,0.8554266777133388,1.0907207953603961,False,False,False,False,0.03127333022044116,0.0053953653364194176,False,False,False,False,-1991.0,-1450.216541028617,False,False,False,False,16.70587087526795,False,False,False,False
2025-08-11 17:00:00+00:00,37.01,37.01,37.01,37.01,0.0,,,,,,,,,,,,,,36.627641723356014,36.627641723356014,36.63256756756757,37.00405583972719,37.00405583972719,37.00405583972719,37.00405583972719,37.00405583972719,37.00405583972719,37.00405583972719,37.00405583972719,37.00405583972719,37.00405583972719,37.00405583972719,37.00405583972719,37.00405583972719,37.29448333333334,37.29448333333334,37.29448333333334,37.303105247465716,37.35138930071658,37.374422327540806,37.39172112122834,37.41212402918333,37.41212402918333,37.4122231372549,37.41480075390413,37.42816274680603,37.42816274680603,37.42816274680603,37.42816274680603,37.42816274680603,37.42816274680603,37.43244658345673,37.4507894049252,37.500509470735125,37.54772328548644,37.55078058713728,37.51618190711563,37.51888350510177,37.37255338200853,37.37255338200853,37.37255338200853,37.37255338200853,37.35788268080478,37.35451109303692,37.33943853507473,37.33838559188983,37.22031739845848,37.22031739845848,37.22031739845848,37.22031739845848,37.22031739845848,37.22031739845848,36.956168584648246,36.90136504433346,36.77945142518255,36.78001334074486,36.801407934233865,36.801368225382866,36.69753779764677,36.69753779764677,36.69753779764677,36.69958588242149,36.69958588242149,36.69958588242149,36.69958588242149,36.69958588242149,36.69958588242149,36.732073239595685,36.732073239595685,36.732073239595685,36.732073239595685,36.732073239595685,36.732073239595685,36.84162584111278,36.84162584111278,36.90956019791092,,,,,,,,,,,,36.39,36.39,36.35,36.436951219512196,36.37913043478262,37.00412280701754,37.00405583972719,37.00442954448701,37.00442954448701,37.00479804421768,37.29448333333334,37.34535569876169,37.34535569876169,37.34535569876169,37.34535569876169,37.34535569876169,37.35138930071658,37.38688124196579,37.39172112122834,37.392134480062545,37.392134480062545,37.392135660934514,37.41402491707166,37.41400393336417,37.428107166194714,37.428107166194714,37.428107166194714,37.43232161761592,37.43232161761592,37.43232161761592,37.43232161761592,37.43232161761592,37.432322537397674,37.43666563573883,37.43666563573883,37.43666563573883,37.43669380883666,37.50202539335399,37.5280204505512,37.481272613548875,37.46308635800704,37.45994076505852,37.34802946344101,37.34802946344101,37.34802946344101,37.34769594594594,37.241286205845206,37.241286205845206,37.241286205845206,37.241286205845206,37.241286205845206,37.241286205845206,37.241286205845206,37.24020596559983,37.08491560918969,36.78258516845474,36.78258516845474,37.5280204505512,37.241286205845206,,37.374422327540806,36.77945142518255,37.08275651944204,37.10206846251896,"rgba(38, 166, 154, 1.0)",0.3882611733596937,36.79413348562956,0.5559827486805028,61.04124522408471,4.34766086355441,True,False,True,False,True,0.0,0.0,0.0,0.0,0.0,0,0.8554266777133388,1.0907207953603961,False,False,False,False,0.03127333022044116,0.01833434777843029,False,False,False,False,-1991.0,-1458.600780702592,False,False,False,False,16.4468651252638,False,False,False,False
2025-08-11 18:00:00+00:00,37.01,37.01,36.92,36.99,4.0,,,,,,,,,36.973333333333336,36.973333333333336,36.973333333333336,36.973333333333336,36.973333333333336,36.6367991169978,36.6367991169978,36.641535087719305,37.00389949109414,37.00389949109414,37.00389949109414,37.00389949109414,37.00389949109414,37.00389949109414,37.00389949109414,37.00389949109414,37.00389949109414,37.00389949109414,37.00389949109414,37.00389949109414,37.00389949109414,37.29390048396854,37.29390048396854,37.29390048396854,37.30251636904762,37.35082963237108,37.37391606184916,37.3912734082397,37.411711341014176,37.411711341014176,37.41181045290706,37.41439359003918,37.42776689875253,37.42776689875253,37.42776689875253,37.42776689875253,37.42776689875253,37.42776689875253,37.43205840907489,37.450415442856205,37.500124459862455,37.547330942622956,37.550388898309876,37.51584671194812,37.51854803996925,37.37233351691219,37.37233351691219,37.37233351691219,37.37233351691219,37.3576736865942,37.35430452061599,37.33924146593101,37.3381891952477,37.22018912836493,37.22018912836493,37.22018912836493,37.22018912836493,37.22018912836493,37.22018912836493,36.95617672635282,36.901398467432955,36.77953762365233,36.780099270289284,36.80147828014184,36.801438580341625,36.69764050522918,36.69764050522918,36.69764050522918,36.69968154813909,36.69968154813909,36.69968154813909,36.69968154813909,36.69968154813909,36.69968154813909,36.732154953429294,36.732154953429294,36.732154953429294,36.732154953429294,36.732154953429294,36.732154953429294,36.84166786312513,36.84166786312513,36.90958022558947,,,,,,,,,,,,36.77888888888889,36.77888888888889,36.599333333333334,36.4618992248062,36.4038888888889,37.003965517241376,37.00389949109414,37.004271495129174,37.004271495129174,37.00463832487309,37.29390048396854,37.3447924552107,37.3447924552107,37.3447924552107,37.3447924552107,37.3447924552107,37.35082963237108,37.38639111111111,37.3912734082397,37.391698342445544,37.391698342445544,37.39169963560646,37.41361734104046,37.41359647095083,37.42771128037721,37.42771128037721,37.42771128037721,37.43193322050631,37.43193322050631,37.43193322050631,37.43193322050631,37.43193322050631,37.4319342216582,37.43628382090372,37.43628382090372,37.43628382090372,37.43631204943357,37.5016402598191,37.527666187662994,37.480979515291395,37.462806579072634,37.459663100332854,37.347827007069206,37.347827007069206,37.347827007069206,37.34749369710066,37.24114622785251,37.24114622785251,37.24114622785251,37.24114622785251,37.24114622785251,37.24114622785251,37.24114622785251,37.24006658832746,37.08486010942553,36.78267129472852,36.78267129472852,37.527666187662994,37.24114622785251,,37.37391606184916,36.77953762365233,37.00066844774235,37.14481295491533,"rgba(38, 166, 154, 1.0)",0.38599584556404304,36.84160308384969,0.38445210707763866,62.10364127691676,5.410925022421601,True,False,True,False,True,0.0,0.0,0.0,0.0,0.0,0,0.8490953947368424,1.0900493421052617,False,False,False,False,0.015632834111098885,0.016983590944764586,False,False,False,False,-1995.0,-1466.9170476684433,False,False,False,False,16.253890472158933,False,False,False,False
2025-08-11 19:00:00+00:00,36.99,36.99,36.96,36.98,5.0,,,,,,,,,36.97518518518519,36.97518518518519,36.97518518518519,36.97518518518519,36.97518518518519,36.64769230769231,36.64769230769231,36.652208067940556,37.00372734934682,37.00372734934682,37.00372734934682,37.00372734934682,37.00372734934682,37.00372734934682,37.00372734934682,37.00372734934682,37.00372734934682,37.00372734934682,37.00372734934682,37.00372734934682,37.00372734934682,37.293182435491175,37.293182435491175,37.293182435491175,37.301790645879734,37.35013852973771,37.37329027515227,37.39071956541098,37.41120048536088,37.41120048536088,37.41129960084526,37.413889528635025,37.42727667898282,37.42727667898282,37.42727667898282,37.42727667898282,37.42727667898282,37.42727667898282,37.431577632319815,37.44995207355242,37.499647026632616,37.54684411078883,37.54990285778832,37.515430870481765,37.518131848438294,37.37206131902403,37.37206131902403,37.37206131902403,37.37206131902403,37.357415026023986,37.35404887625237,37.33899766899767,37.33794623655914,37.220031140521606,37.220031140521606,37.220031140521606,37.220031140521606,37.220031140521606,37.220031140521606,36.95618886782018,36.9014421366133,36.77964711545583,36.78020842588479,36.801567835599634,36.801528146936555,36.69777033314722,36.69777033314722,36.69777033314722,36.69980249177656,36.69980249177656,36.69980249177656,36.69980249177656,36.69980249177656,36.69980249177656,36.732258428551276,36.732258428551276,36.732258428551276,36.732258428551276,36.732258428551276,36.732258428551276,36.84172168181575,36.84172168181575,36.909606550515335,,,,,,,,,,,,36.868787878787884,36.868787878787884,36.72511111111111,36.49018315018315,36.432244224422455,37.00379230118443,37.00372734934682,37.004097222222214,37.004097222222214,37.00446195880622,37.293182435491175,37.344097091046464,37.344097091046464,37.344097091046464,37.344097091046464,37.344097091046464,37.35013852973771,37.38578500986193,37.39071956541098,37.391158779684524,37.391158779684524,37.39116021142016,37.4131127790608,37.413092049565144,37.427221014492744,37.427221014492744,37.427221014492744,37.431452169625246,37.431452169625246,37.431452169625246,37.431452169625246,37.431452169625246,37.43145327135713,37.43581086643342,37.43581086643342,37.43581086643342,37.435839163237304,37.50116266375546,37.52722665390342,37.48061602037383,37.46245968317396,37.459318840579705,37.34757649388049,37.34757649388049,37.34757649388049,37.347243442659824,37.24097363612634,37.24097363612634,37.24097363612634,37.24097363612634,37.24097363612634,37.24097363612634,37.24097363612634,37.23989474599861,37.084792883476254,36.782780723525875,36.782780723525875,37.52722665390342,37.24097363612634,,37.37329027515227,36.77964711545583,37.00213248412452,37.158900196268654,"rgba(38, 166, 154, 1.0)",0.38365539154215955,36.86173946249045,0.30824677592613364,62.557242157062944,6.087430052595465,True,False,True,False,True,0.0,0.0,0.0,0.0,0.0,0,0.8527481542247746,1.091468416735027,False,False,False,False,0.01910756983069836,0.01804558038773147,False,False,False,False,-2000.0,-1475.181899642576,False,False,False,False,16.079411550109956,False,False,False,False
2025-08-12 14:00:00+00:00,36.98,36.98,36.98,36.98,0.0,,,,,,,,,36.97518518518519,36.97518518518519,36.97518518518519,36.97518518518519,36.97518518518519,36.64769230769231,36.64769230769231,36.652208067940556,37.00372734934682,37.00372734934682,37.00372734934682,37.00372734934682,37.00372734934682,37.00372734934682,37.00372734934682,37.00372734934682,37.00372734934682,37.00372734934682,37.00372734934682,37.00372734934682,37.00372734934682,37.293182435491175,37.293182435491175,37.293182435491175,37.301790645879734,37.35013852973771,37.37329027515227,37.39071956541098,37.41120048536088,37.41120048536088,37.41129960084526,37.413889528635025,37.42727667898282,37.42727667898282,37.42727667898282,37.42727667898282,37.42727667898282,37.42727667898282,37.431577632319815,37.44995207355242,37.499647026632616,37.54684411078883,37.54990285778832,37.515430870481765,37.518131848438294,37.37206131902403,37.37206131902403,37.37206131902403,37.37206131902403,37.357415026023986,37.35404887625237,37.33899766899767,37.33794623655914,37.220031140521606,37.220031140521606,37.220031140521606,37.220031140521606,37.220031140521606,37.220031140521606,36.95618886782018,36.9014421366133,36.77964711545583,36.78020842588479,36.801567835599634,36.801528146936555,36.69777033314722,36.69777033314722,36.69777033314722,36.69980249177656,36.69980249177656,36.69980249177656,36.69980249177656,36.69980249177656,36.69980249177656,36.732258428551276,36.732258428551276,36.732258428551276,36.732258428551276,36.732258428551276,36.732258428551276,36.84172168181575,36.84172168181575,36.909606550515335,,,,,,,,,,,,36.868787878787884,36.868787878787884,36.72511111111111,36.49018315018315,36.432244224422455,37.00379230118443,37.00372734934682,37.004097222222214,37.004097222222214,37.00446195880622,37.293182435491175,37.344097091046464,37.344097091046464,37.344097091046464,37.344097091046464,37.344097091046464,37.35013852973771,37.38578500986193,37.39071956541098,37.391158779684524,37.391158779684524,37.39116021142016,37.4131127790608,37.413092049565144,37.427221014492744,37.427221014492744,37.427221014492744,37.431452169625246,37.431452169625246,37.431452169625246,37.431452169625246,37.431452169625246,37.43145327135713,37.43581086643342,37.43581086643342,37.43581086643342,37.435839163237304,37.50116266375546,37.52722665390342,37.48061602037383,37.46245968317396,37.459318840579705,37.34757649388049,37.34757649388049,37.34757649388049,37.347243442659824,37.24097363612634,37.24097363612634,37.24097363612634,37.24097363612634,37.24097363612634,37.24097363612634,37.24097363612634,37.23989474599861,37.084792883476254,36.782780723525875,36.782780723525875,37.52722665390342,37.24097363612634,,37.37329027515227,36.77964711545583,37.00213248412452,37.158900196268654,"rgba(38, 166, 154, 1.0)",0.38123587553206684,36.86173946249045,0.31020306613195925,62.85964274382707,6.761041720879582,True,False,True,False,True,0.0,0.0,0.0,0.0,0.0,0,0.8543888433141918,1.092288761279736,False,False,False,False,0.020845105467229536,0.019445342927480503,False,False,False,False,-2000.0,-1483.3186143767996,False,False,False,False,15.830118347782669,False,False,False,False
2025-08-12 15:00:00+00:00,36.98,36.98,36.98,36.98,0.0,,,,,,,,,36.97518518518519,36.97518518518519,36.97518518518519,36.97518518518519,36.97518518518519,36.64769230769231,36.64769230769231,36.652208067940556,37.00372734934682,37.00372734934682,37.00372734934682,37.00372734934682,37.00372734934682,37.00372734934682,37.00372734934682,37.00372734934682,37.00372734934682,37.00372734934682,37.00372734934682,37.00372734934682,37.00372734934682,37.293182435491175,37.293182435491175,37.293182435491175,37.301790645879734,37.35013852973771,37.37329027515227,37.39071956541098,37.41120048536088,37.41120048536088,37.41129960084526,37.413889528635025,37.42727667898282,37.42727667898282,37.42727667898282,37.42727667898282,37.42727667898282,37.42727667898282,37.431577632319815,37.44995207355242,37.499647026632616,37.54684411078883,37.54990285778832,37.515430870481765,37.518131848438294,37.37206131902403,37.37206131902403,37.37206131902403,37.37206131902403,37.357415026023986,37.35404887625237,37.33899766899767,37.33794623655914,37.220031140521606,37.220031140521606,37.220031140521606,37.220031140521606,37.220031140521606,37.220031140521606,36.95618886782018,36.9014421366133,36.77964711545583,36.78020842588479,36.801567835599634,36.801528146936555,36.69777033314722,36.69777033314722,36.69777033314722,36.69980249177656,36.69980249177656,36.69980249177656,36.69980249177656,36.69980249177656,36.69980249177656,36.732258428551276,36.732258428551276,36.732258428551276,36.732258428551276,36.732258428551276,36.732258428551276,36.84172168181575,36.84172168181575,36.909606550515335,,,,,,,,,,,,36.868787878787884,36.868787878787884,36.72511111111111,36.49018315018315,36.432244224422455,37.00379230118443,37.00372734934682,37.004097222222214,37.004097222222214,37.00446195880622,37.293182435491175,37.344097091046464,37.344097091046464,37.344097091046464,37.344097091046464,37.344097091046464,37.35013852973771,37.38578500986193,37.39071956541098,37.391158779684524,37.391158779684524,37.39116021142016,37.4131127790608,37.413092049565144,37.427221014492744,37.427221014492744,37.427221014492744,37.431452169625246,37.431452169625246,37.431452169625246,37.431452169625246,37.431452169625246,37.43145327135713,37.43581086643342,37.43581086643342,37.43581086643342,37.435839163237304,37.50116266375546,37.52722665390342,37.48061602037383,37.46245968317396,37.459318840579705,37.34757649388049,37.34757649388049,37.34757649388049,37.347243442659824,37.24097363612634,37.24097363612634,37.24097363612634,37.24097363612634,37.24097363612634,37.24097363612634,37.24097363612634,37.23989474599861,37.084792883476254,36.782780723525875,36.782780723525875,37.52722665390342,37.24097363612634,,37.37329027515227,36.77964711545583,37.00213248412452,37.158900196268654,"rgba(38, 166, 154, 1.0)",0.3793634782745406,36.86173946249045,0.311734113276886,63.06124313500315,7.424001206028763,True,False,True,False,True,0.0,0.0,0.0,0.0,0.0,0,0.8551342138900719,1.1282488282914345,False,False,False,False,0.020845105467229536,0.020145224197355018,False,False,False,False,-2000.0,-1491.3291784949888,False,False,False,False,15.584690156344177,False,False,False,False
2025-08-12 16:00:00+00:00,36.98,36.98,36.98,36.98,0.0,,,,,,,,,36.97518518518519,36.97518518518519,36.97518518518519,36.97518518518519,36.97518518518519,36.64769230769231,36.64769230769231,36.652208067940556,37.00372734934682,37.00372734934682,37.00372734934682,37.00372734934682,37.00372734934682,37.00372734934682,37.00372734934682,37.00372734934682,37.00372734934682,37.00372734934682,37.00372734934682,37.00372734934682,37.00372734934682,37.293182435491175,37.293182435491175,37.293182435491175,37.301790645879734,37.35013852973771,37.37329027515227,37.39071956541098,37.41120048536088,37.41120048536088,37.41129960084526,37.413889528635025,37.42727667898282,37.42727667898282,37.42727667898282,37.42727667898282,37.42727667898282,37.42727667898282,37.431577632319815,37.44995207355242,37.499647026632616,37.54684411078883,37.54990285778832,37.515430870481765,37.518131848438294,37.37206131902403,37.37206131902403,37.37206131902403,37.37206131902403,37.357415026023986,37.35404887625237,37.33899766899767,37.33794623655914,37.220031140521606,37.220031140521606,37.220031140521606,37.220031140521606,37.220031140521606,37.220031140521606,36.95618886782018,36.9014421366133,36.77964711545583,36.78020842588479,36.801567835599634,36.801528146936555,36.69777033314722,36.69777033314722,36.69777033314722,36.69980249177656,36.69980249177656,36.69980249177656,36.69980249177656,36.69980249177656,36.69980249177656,36.732258428551276,36.732258428551276,36.732258428551276,36.732258428551276,36.732258428551276,36.732258428551276,36.84172168181575,36.84172168181575,36.909606550515335,,,,,,,,,,,,36.868787878787884,36.868787878787884,36.72511111111111,36.49018315018315,36.432244224422455,37.00379230118443,37.00372734934682,37.004097222222214,37.004097222222214,37.00446195880622,37.293182435491175,37.344097091046464,37.344097091046464,37.344097091046464,37.344097091046464,37.344097091046464,37.35013852973771,37.38578500986193,37.39071956541098,37.391158779684524,37.391158779684524,37.39116021142016,37.4131127790608,37.413092049565144,37.427221014492744,37.427221014492744,37.427221014492744,37.431452169625246,37.431452169625246,37.431452169625246,37.431452169625246,37.431452169625246,37.43145327135713,37.43581086643342,37.43581086643342,37.43581086643342,37.435839163237304,37.50116266375546,37.52722665390342,37.48061602037383,37.46245968317396,37.459318840579705,37.34757649388049,37.34757649388049,37.34757649388049,37.347243442659824,37.24097363612634,37.24097363612634,37.24097363612634,37.24097363612634,37.24097363612634,37.24097363612634,37.24097363612634,37.23989474599861,37.084792883476254,36.782780723525875,36.782780723525875,37.52722665390342,37.24097363612634,,37.37329027515227,36.77964711545583,37.00213248412452,37.158900196268654,"rgba(38, 166, 154, 1.0)",0.3775496149006397,36.86173946249045,0.3132317789296962,63.195643395787215,8.065720938036172,True,False,True,False,True,0.0,0.0,0.0,0.0,0.0,0,0.8551342138900719,1.0894759267149543,False,False,False,False,0.020845105467229536,0.020495164832292277,False,False,False,False,-2000.0,-1499.2155478206478,False,False,False,False,15.343067053145042,False,False,False,False
2025-08-12 17:00:00+00:00,36.98,36.98,36.98,36.98,0.0,,,,,,,,,36.97518518518519,36.97518518518519,36.97518518518519,36.97518518518519,36.97518518518519,36.64769230769231,36.64769230769231,36.652208067940556,37.00372734934682,37.00372734934682,37.00372734934682,37.00372734934682,37.00372734934682,37.00372734934682,37.00372734934682,37.00372734934682,37.00372734934682,37.00372734934682,37.00372734934682,37.00372734934682,37.00372734934682,37.293182435491175,37.293182435491175,37.293182435491175,37.301790645879734,37.35013852973771,37.37329027515227,37.39071956541098,37.41120048536088,37.41120048536088,37.41129960084526,37.413889528635025,37.42727667898282,37.42727667898282,37.42727667898282,37.42727667898282,37.42727667898282,37.42727667898282,37.431577632319815,37.44995207355242,37.499647026632616,37.54684411078883,37.54990285778832,37.515430870481765,37.518131848438294,37.37206131902403,37.37206131902403,37.37206131902403,37.37206131902403,37.357415026023986,37.35404887625237,37.33899766899767,37.33794623655914,37.220031140521606,37.220031140521606,37.220031140521606,37.220031140521606,37.220031140521606,37.220031140521606,36.95618886782018,36.9014421366133,36.77964711545583,36.78020842588479,36.801567835599634,36.801528146936555,36.69777033314722,36.69777033314722,36.69777033314722,36.69980249177656,36.69980249177656,36.69980249177656,36.69980249177656,36.69980249177656,36.69980249177656,36.732258428551276,36.732258428551276,36.732258428551276,36.732258428551276,36.732258428551276,36.732258428551276,36.84172168181575,36.84172168181575,36.909606550515335,,,,,,,,,,,,36.868787878787884,36.868787878787884,36.72511111111111,36.49018315018315,36.432244224422455,37.00379230118443,37.00372734934682,37.004097222222214,37.004097222222214,37.00446195880622,37.293182435491175,37.344097091046464,37.344097091046464,37.344097091046464,37.344097091046464,37.344097091046464,37.35013852973771,37.38578500986193,37.39071956541098,37.391158779684524,37.391158779684524,37.39116021142016,37.4131127790608,37.413092049565144,37.427221014492744,37.427221014492744,37.427221014492744,37.431452169625246,37.431452169625246,37.431452169625246,37.431452169625246,37.431452169625246,37.43145327135713,37.43581086643342,37.43581086643342,37.43581086643342,37.435839163237304,37.50116266375546,37.52722665390342,37.48061602037383,37.46245968317396,37.459318840579705,37.34757649388049,37.34757649388049,37.34757649388049,37.347243442659824,37.24097363612634,37.24097363612634,37.24097363612634,37.24097363612634,37.24097363612634,37.24097363612634,37.24097363612634,37.23989474599861,37.084792883476254,36.782780723525875,36.782780723525875,37.52722665390342,37.24097363612634,,37.37329027515227,36.77964711545583,37.00213248412452,37.158900196268654,"rgba(38, 166, 154, 1.0)",0.3756809073456544,36.86173946249045,0.3147898527639059,63.28524356964326,8.676242454399592,True,False,True,False,True,0.0,0.0,0.0,0.0,0.0,0,0.8551342138900719,1.0894759267149543,False,False,False,False,0.020845105467229536,0.020670135149760904,False,False,False,False,-2000.0,-1506.979647854436,False,False,False,False,15.105190044569149,False,False,False,False
2025-08-12 18:00:00+00:00,36.98,36.98,36.795,36.795,4.0,,,,,,,,,36.93871794871795,36.93871794871795,36.93871794871795,36.93871794871795,36.93871794871795,36.65291666666667,36.65291666666667,36.65728778467909,37.002987421383644,37.002987421383644,37.002987421383644,37.002987421383644,37.002987421383644,37.002987421383644,37.002987421383644,37.002987421383644,37.002987421383644,37.002987421383644,37.002987421383644,37.002987421383644,37.002987421383644,37.2923934327459,37.2923934327459,37.2923934327459,37.30099896250186,37.34941042665683,37.37264002517306,37.39014945289565,37.410680040669476,37.410680040669476,37.41077918523731,37.413376668200634,37.426781035106764,37.426781035106764,37.426781035106764,37.426781035106764,37.426781035106764,37.426781035106764,37.43109247538677,37.44948820693249,37.49917821120428,37.54637340153453,37.54943334462129,37.51502466471403,37.51772566779244,37.37177782361569,37.37177782361569,37.37177782361569,37.37177782361569,37.357143212557105,37.35377965719441,37.338738351254484,37.33768762314168,37.21984264902953,37.21984264902953,37.21984264902953,37.21984264902953,37.21984264902953,37.21984264902953,36.956141712074555,36.90142136395269,36.77968132356207,36.780242377146244,36.801590359393636,36.80155068465155,36.69782945736434,36.69782945736434,36.69782945736434,36.69985726756875,36.69985726756875,36.69985726756875,36.69985726756875,36.69985726756875,36.69985726756875,36.73230053304002,36.73230053304002,36.73230053304002,36.73230053304002,36.73230053304002,36.73230053304002,36.84172644667622,36.84172644667622,36.90958993671215,,,,,,,,,,,,36.86555555555556,36.86555555555556,36.75280701754386,36.50561403508772,36.44841269841271,37.00304924242424,37.002987421383644,37.00335636515912,37.00335636515912,37.00372020075282,37.2923934327459,37.343361624544194,37.343361624544194,37.343361624544194,37.343361624544194,37.343361624544194,37.34941042665683,37.385159574468084,37.39014945289565,37.39060346320346,37.39060346320346,37.390605037652556,37.412599215505296,37.412578623606294,37.42672531132347,37.42672531132347,37.42672531132347,37.43096670889639,37.43096670889639,37.43096670889639,37.43096670889639,37.43096670889639,37.4309679121807,37.43533449859483,37.43533449859483,37.43533449859483,37.43536287006579,37.50069393939394,37.52679900085034,37.4802564471978,37.46211405885988,37.45897540010448,37.34731156682857,37.34731156682857,37.34731156682857,37.34697873105805,37.240773110705284,37.240773110705284,37.240773110705284,37.240773110705284,37.240773110705284,37.240773110705284,37.240773110705284,37.23969483568076,37.08467954291394,36.78281405051872,36.78281405051872,37.52679900085034,37.240773110705284,,37.37264002517306,36.77968132356207,36.99494906401316,37.160482023240654,"rgba(38, 166, 154, 0.75)",0.37411665329169846,36.85578147472419,-0.1624666375832145,57.338108427941535,12.0240733535409,True,False,True,False,False,0.0,0.0,0.0,0.0,0.0,0,0.8418624161073824,1.0880872483221466,False,False,False,False,-0.01128997012007827,0.004690082514841317,False,False,False,False,-2004.0,-1514.6853897481656,False,False,False,False,14.933016555506061,False,False,False,False
2025-08-12 19:00:00+00:00,36.795,36.795,36.56,36.56,26.0,,,,,,,,,36.73846153846154,36.73846153846154,36.73846153846154,36.73846153846154,36.73846153846154,36.65087813620072,36.65087813620072,36.654652406417114,36.991439301664634,36.991439301664634,36.991439301664634,36.991439301664634,36.991439301664634,36.991439301664634,36.991439301664634,36.991439301664634,36.991439301664634,36.991439301664634,36.991439301664634,36.991439301664634,36.991439301664634,37.28479827303856,37.28479827303856,37.28479827303856,37.29342564102564,37.342655583972714,37.366681231793585,37.38496863680537,37.405996968283574,37.405996968283574,37.40609660371493,37.40876753583409,37.42235442309076,37.42235442309076,37.42235442309076,37.42235442309076,37.42235442309076,37.42235442309076,37.426767729752406,37.445386684817834,37.49511762215772,37.5423657556725,37.54543998651383,37.5115248989201,37.51422961264016,37.3691648396821,37.3691648396821,37.3691648396821,37.3691648396821,37.35461595672752,37.35127135023374,37.336299223144934,37.33525345827756,37.21788850114171,37.21788850114171,37.21788850114171,37.21788850114171,37.21788850114171,37.21788850114171,36.95516591875296,36.900630396238064,36.779274431650435,36.779833960593315,36.801157714130404,36.80111818861259,36.69768590695373,36.69768590695373,36.69768590695373,36.69971793978458,36.69971793978458,36.69971793978458,36.69971793978458,36.69971793978458,36.69971793978458,36.732094273251725,36.732094273251725,36.732094273251725,36.732094273251725,36.732094273251725,36.732094273251725,36.841305811857026,36.841305811857026,36.90903773880362,,,,,,,,,,,,36.721463414634144,36.721463414634144,36.68666666666667,36.53413223140496,36.486106870229015,36.991456805215975,36.991439301664634,36.991810624493105,36.991810624493105,36.992176994734706,37.28479827303856,37.336514132735644,37.336514132735644,37.336514132735644,37.336514132735644,37.336514132735644,37.342655583972714,37.37946529814271,37.38496863680537,37.3855572755418,37.3855572755418,37.3855601410025,37.407982033639136,37.40796262325154,37.4222980561555,37.4222980561555,37.4222980561555,37.42663901721966,37.42663901721966,37.42663901721966,37.42663901721966,37.42663901721966,37.42664112254181,37.43109599781823,37.43109599781823,37.43109599781823,37.4311250852079,37.49663650621306,37.523131152746906,37.47711449212956,37.45907038984416,37.455946770759404,37.34483328851842,37.34483328851842,37.34483328851842,37.34450194918672,37.23873678280465,37.23873678280465,37.23873678280465,37.23873678280465,37.23873678280465,37.23873678280465,37.23873678280465,37.23766268087688,37.08324274689449,36.78239168727982,36.78239168727982,37.523131152746906,37.23873678280465,,37.366681231793585,36.779274431650435,36.94740991011631,37.14311611235762,"rgba(239, 83, 80, 0.5)",0.37473804664527366,36.769276780778384,-0.5584615243951531,49.0009017868342,4.3824056181479705,False,False,False,True,False,0.0,0.0,0.0,0.0,0.0,0,0.8255861785273549,1.101604278074865,False,False,False,False,-0.08443695161244903,-0.039873434548803856,False,False,False,False,-2030.0,-1522.6747635505194,False,False,False,False,15.104597694180386,False,False,False,False
2025-08-13 14:00:00+00:00,36.56,36.56,36.56,36.56,0.0,,,,,,,,,36.73846153846154,36.73846153846154,36.73846153846154,36.73846153846154,36.73846153846154,36.65087813620072,36.65087813620072,36.654652406417114,36.991439301664634,36.991439301664634,36.991439301664634,36.991439301664634,36.991439301664634,36.991439301664634,36.991439301664634,36.991439301664634,36.991439301664634,36.991439301664634,36.991439301664634,36.991439301664634,36.991439301664634,37.28479827303856,37.28479827303856,37.28479827303856,37.29342564102564,37.342655583972714,37.366681231793585,37.38496863680537,37.405996968283574,37.405996968283574,37.40609660371493,37.40876753583409,37.42235442309076,37.42235442309076,37.42235442309076,37.42235442309076,37.42235442309076,37.42235442309076,37.426767729752406,37.445386684817834,37.49511762215772,37.5423657556725,37.54543998651383,37.5115248989201,37.51422961264016,37.3691648396821,37.3691648396821,37.3691648396821,37.3691648396821,37.35461595672752,37.35127135023374,37.336299223144934,37.33525345827756,37.21788850114171,37.21788850114171,37.21788850114171,37.21788850114171,37.21788850114171,37.21788850114171,36.95516591875296,36.900630396238064,36.779274431650435,36.779833960593315,36.801157714130404,36.80111818861259,36.69768590695373,36.69768590695373,36.69768590695373,36.69971793978458,36.69971793978458,36.69971793978458,36.69971793978458,36.69971793978458,36.69971793978458,36.732094273251725,36.732094273251725,36.732094273251725,36.732094273251725,36.732094273251725,36.732094273251725,36.841305811857026,36.841305811857026,36.90903773880362,,,,,,,,,,,,36.721463414634144,36.721463414634144,36.68666666666667,36.53413223140496,36.486106870229015,36.991456805215975,36.991439301664634,36.991810624493105,36.991810624493105,36.992176994734706,37.28479827303856,37.336514132735644,37.336514132735644,37.336514132735644,37.336514132735644,37.336514132735644,37.342655583972714,37.37946529814271,37.38496863680537,37.3855572755418,37.3855572755418,37.3855601410025,37.407982033639136,37.40796262325154,37.4222980561555,37.4222980561555,37.4222980561555,37.42663901721966,37.42663901721966,37.42663901721966,37.42663901721966,37.42663901721966,37.42664112254181,37.43109599781823,37.43109599781823,37.43109599781823,37.4311250852079,37.49663650621306,37.523131152746906,37.47711449212956,37.45907038984416,37.455946770759404,37.34483328851842,37.34483328851842,37.34483328851842,37.34450194918672,37.23873678280465,37.23873678280465,37.23873678280465,37.23873678280465,37.23873678280465,37.23873678280465,37.23873678280465,37.23766268087688,37.08324274689449,36.78239168727982,36.78239168727982,37.523131152746906,37.23873678280465,,37.366681231793585,36.779274431650435,36.94740991011631,37.14311611235762,"rgba(239, 83, 80, 1.0)",0.3750954593213791,36.769276780778384,-0.5579293899131812,43.44276402609597,-0.39003362011175824,False,True,False,True,False,0.0,0.0,0.0,0.0,0.0,0,0.8255861785273549,1.1209378856437666,False,False,False,False,-0.12571069245674754,-0.0827920635027757,False,False,False,False,-2030.0,-1530.5402710923718,False,False,False,False,14.870417884968287,False,False,False,False
2025-08-13 15:00:00+00:00,36.56,36.56,36.56,36.56,0.0,,,,,,,,,36.73846153846154,36.73846153846154,36.73846153846154,36.73846153846154,36.73846153846154,36.65087813620072,36.65087813620072,36.654652406417114,36.991439301664634,36.991439301664634,36.991439301664634,36.991439301664634,36.991439301664634,36.991439301664634,36.991439301664634,36.991439301664634,36.991439301664634,36.991439301664634,36.991439301664634,36.991439301664634,36.991439301664634,37.28479827303856,37.28479827303856,37.28479827303856,37.29342564102564,37.342655583972714,37.366681231793585,37.38496863680537,37.405996968283574,37.405996968283574,37.40609660371493,37.40876753583409,37.42235442309076,37.42235442309076,37.42235442309076,37.42235442309076,37.42235442309076,37.42235442309076,37.426767729752406,37.445386684817834,37.49511762215772,37.5423657556725,37.54543998651383,37.5115248989201,37.51422961264016,37.3691648396821,37.3691648396821,37.3691648396821,37.3691648396821,37.35461595672752,37.35127135023374,37.336299223144934,37.33525345827756,37.21788850114171,37.21788850114171,37.21788850114171,37.21788850114171,37.21788850114171,37.21788850114171,36.95516591875296,36.900630396238064,36.779274431650435,36.779833960593315,36.801157714130404,36.80111818861259,36.69768590695373,36.69768590695373,36.69768590695373,36.69971793978458,36.69971793978458,36.69971793978458,36.69971793978458,36.69971793978458,36.69971793978458,36.732094273251725,36.732094273251725,36.732094273251725,36.732094273251725,36.732094273251725,36.732094273251725,36.841305811857026,36.841305811857026,36.90903773880362,,,,,,,,,,,,36.721463414634144,36.721463414634144,36.68666666666667,36.53413223140496,36.486106870229015,36.991456805215975,36.991439301664634,36.991810624493105,36.991810624493105,36.992176994734706,37.28479827303856,37.336514132735644,37.336514132735644,37.336514132735644,37.336514132735644,37.336514132735644,37.342655583972714,37.37946529814271,37.38496863680537,37.3855572755418,37.3855572755418,37.3855601410025,37.407982033639136,37.40796262325154,37.4222980561555,37.4222980561555,37.4222980561555,37.42663901721966,37.42663901721966,37.42663901721966,37.42663901721966,37.42663901721966,37.42664112254181,37.43109599781823,37.43109599781823,37.43109599781823,37.4311250852079,37.49663650621306,37.523131152746906,37.47711449212956,37.45907038984416,37.455946770759404,37.34483328851842,37.34483328851842,37.34483328851842,37.34450194918672,37.23873678280465,37.23873678280465,37.23873678280465,37.23873678280465,37.23873678280465,37.23873678280465,37.23873678280465,37.23766268087688,37.08324274689449,36.78239168727982,36.78239168727982,37.523131152746906,37.23873678280465,,37.366681231793585,36.779274431650435,36.94740991011631,37.14311611235762,"rgba(239, 83, 80, 1.0)",0.37518964573957003,36.769276780778384,-0.5577893290894456,39.73733885227048,-3.4687573163201506,False,True,False,True,False,0.0,0.0,0.0,0.0,0.0,0,0.8222222222222222,1.1425576519916123,False,False,False,False,-0.12571069245674754,-0.10425137797976161,False,False,False,False,-2030.0,-1538.283832780862,False,False,False,False,14.639868770472654,False,False,False,False
2025-08-13 16:00:00+00:00,36.56,36.56,36.56,36.56,0.0,,,,,,,,,36.73846153846154,36.73846153846154,36.73846153846154,36.73846153846154,36.73846153846154,36.65087813620072,36.65087813620072,36.654652406417114,36.991439301664634,36.991439301664634,36.991439301664634,36.991439301664634,36.991439301664634,36.991439301664634,36.991439301664634,36.991439301664634,36.991439301664634,36.991439301664634,36.991439301664634,36.991439301664634,36.991439301664634,37.28479827303856,37.28479827303856,37.28479827303856,37.29342564102564,37.342655583972714,37.366681231793585,37.38496863680537,37.405996968283574,37.405996968283574,37.40609660371493,37.40876753583409,37.42235442309076,37.42235442309076,37.42235442309076,37.42235442309076,37.42235442309076,37.42235442309076,37.426767729752406,37.445386684817834,37.49511762215772,37.5423657556725,37.54543998651383,37.5115248989201,37.51422961264016,37.3691648396821,37.3691648396821,37.3691648396821,37.3691648396821,37.35461595672752,37.35127135023374,37.336299223144934,37.33525345827756,37.21788850114171,37.21788850114171,37.21788850114171,37.21788850114171,37.21788850114171,37.21788850114171,36.95516591875296,36.900630396238064,36.779274431650435,36.779833960593315,36.801157714130404,36.80111818861259,36.69768590695373,36.69768590695373,36.69768590695373,36.69971793978458,36.69971793978458,36.69971793978458,36.69971793978458,36.69971793978458,36.69971793978458,36.732094273251725,36.732094273251725,36.732094273251725,36.732094273251725,36.732094273251725,36.732094273251725,36.841305811857026,36.841305811857026,36.90903773880362,,,,,,,,,,,,36.721463414634144,36.721463414634144,36.68666666666667,36.53413223140496,36.486106870229015,36.991456805215975,36.991439301664634,36.991810624493105,36.991810624493105,36.992176994734706,37.28479827303856,37.336514132735644,37.336514132735644,37.336514132735644,37.336514132735644,37.336514132735644,37.342655583972714,37.37946529814271,37.38496863680537,37.3855572755418,37.3855572755418,37.3855601410025,37.407982033639136,37.40796262325154,37.4222980561555,37.4222980561555,37.4222980561555,37.42663901721966,37.42663901721966,37.42663901721966,37.42663901721966,37.42663901721966,37.42664112254181,37.43109599781823,37.43109599781823,37.43109599781823,37.4311250852079,37.49663650621306,37.523131152746906,37.47711449212956,37.45907038984416,37.455946770759404,37.34483328851842,37.34483328851842,37.34483328851842,37.34450194918672,37.23873678280465,37.23873678280465,37.23873678280465,37.23873678280465,37.23873678280465,37.23873678280465,37.23873678280465,37.23766268087688,37.08324274689449,36.78239168727982,36.78239168727982,37.523131152746906,37.23873678280465,,37.366681231793585,36.779274431650435,36.94740991011631,37.14311611235762,"rgba(239, 83, 80, 1.0)",0.3750208042276034,36.769276780778384,-0.5580404564739017,37.2670554030535,-5.562679628196875,False,True,False,True,False,0.0,0.0,0.0,0.0,0.0,0,0.8029350104821806,1.1425576519916123,False,False,False,False,-0.12571069245674754,-0.11498103521825458,False,False,False,False,-2030.0,-1545.9073392493756,False,False,False,False,14.412894060852922,False,False,False,False
2025-08-13 17:00:00+00:00,36.56,36.56,36.56,36.56,0.0,,,,,,,,,36.73846153846154,36.73846153846154,36.73846153846154,36.73846153846154,36.73846153846154,36.65087813620072,36.65087813620072,36.654652406417114,36.991439301664634,36.991439301664634,36.991439301664634,36.991439301664634,36.991439301664634,36.991439301664634,36.991439301664634,36.991439301664634,36.991439301664634,36.991439301664634,36.991439301664634,36.991439301664634,36.991439301664634,37.28479827303856,37.28479827303856,37.28479827303856,37.29342564102564,37.342655583972714,37.366681231793585,37.38496863680537,37.405996968283574,37.405996968283574,37.40609660371493,37.40876753583409,37.42235442309076,37.42235442309076,37.42235442309076,37.42235442309076,37.42235442309076,37.42235442309076,37.426767729752406,37.445386684817834,37.49511762215772,37.5423657556725,37.54543998651383,37.5115248989201,37.51422961264016,37.3691648396821,37.3691648396821,37.3691648396821,37.3691648396821,37.35461595672752,37.35127135023374,37.336299223144934,37.33525345827756,37.21788850114171,37.21788850114171,37.21788850114171,37.21788850114171,37.21788850114171,37.21788850114171,36.95516591875296,36.900630396238064,36.779274431650435,36.779833960593315,36.801157714130404,36.80111818861259,36.69768590695373,36.69768590695373,36.69768590695373,36.69971793978458,36.69971793978458,36.69971793978458,36.69971793978458,36.69971793978458,36.69971793978458,36.732094273251725,36.732094273251725,36.732094273251725,36.732094273251725,36.732094273251725,36.732094273251725,36.841305811857026,36.841305811857026,36.90903773880362,,,,,,,,,,,,36.721463414634144,36.721463414634144,36.68666666666667,36.53413223140496,36.486106870229015,36.991456805215975,36.991439301664634,36.991810624493105,36.991810624493105,36.992176994734706,37.28479827303856,37.336514132735644,37.336514132735644,37.336514132735644,37.336514132735644,37.336514132735644,37.342655583972714,37.37946529814271,37.38496863680537,37.3855572755418,37.3855572755418,37.3855601410025,37.407982033639136,37.40796262325154,37.4222980561555,37.4222980561555,37.4222980561555,37.42663901721966,37.42663901721966,37.42663901721966,37.42663901721966,37.42663901721966,37.42664112254181,37.43109599781823,37.43109599781823,37.43109599781823,37.4311250852079,37.49663650621306,37.523131152746906,37.47711449212956,37.45907038984416,37.455946770759404,37.34483328851842,37.34483328851842,37.34483328851842,37.34450194918672,37.23873678280465,37.23873678280465,37.23873678280465,37.23873678280465,37.23873678280465,37.23873678280465,37.23873678280465,37.23766268087688,37.08324274689449,36.78239168727982,36.78239168727982,37.523131152746906,37.23873678280465,,37.366681231793585,36.779274431650435,36.94740991011631,37.14311611235762,"rgba(239, 83, 80, 1.0)",0.37458857911516663,36.769276780778384,-0.5586843605128701,35.62019977024217,-7.090789168579285,False,True,False,True,False,0.0,0.0,0.0,0.0,0.0,0,0.8029350104821806,1.1425576519916123,False,False,False,False,-0.12571069245674754,-0.12034586383750107,False,False,False,False,-2030.0,-1553.4126518191526,False,False,False,False,14.189438338979233,False,False,False,False
2025-08-13 18:00:00+00:00,36.56,36.56,36.56,36.56,0.0,,,,,,,,,36.73846153846154,36.73846153846154,36.73846153846154,36.73846153846154,36.73846153846154,36.65087813620072,36.65087813620072,36.654652406417114,36.991439301664634,36.991439301664634,36.991439301664634,36.991439301664634,36.991439301664634,36.991439301664634,36.991439301664634,36.991439301664634,36.991439301664634,36.991439301664634,36.991439301664634,36.991439301664634,36.991439301664634,37.28479827303856,37.28479827303856,37.28479827303856,37.29342564102564,37.342655583972714,37.366681231793585,37.38496863680537,37.405996968283574,37.405996968283574,37.40609660371493,37.40876753583409,37.42235442309076,37.42235442309076,37.42235442309076,37.42235442309076,37.42235442309076,37.42235442309076,37.426767729752406,37.445386684817834,37.49511762215772,37.5423657556725,37.54543998651383,37.5115248989201,37.51422961264016,37.3691648396821,37.3691648396821,37.3691648396821,37.3691648396821,37.35461595672752,37.35127135023374,37.336299223144934,37.33525345827756,37.21788850114171,37.21788850114171,37.21788850114171,37.21788850114171,37.21788850114171,37.21788850114171,36.95516591875296,36.900630396238064,36.779274431650435,36.779833960593315,36.801157714130404,36.80111818861259,36.69768590695373,36.69768590695373,36.69768590695373,36.69971793978458,36.69971793978458,36.69971793978458,36.69971793978458,36.69971793978458,36.69971793978458,36.732094273251725,36.732094273251725,36.732094273251725,36.732094273251725,36.732094273251725,36.732094273251725,36.841305811857026,36.841305811857026,36.90903773880362,,,,,,,,,,,,36.721463414634144,36.721463414634144,36.68666666666667,36.53413223140496,36.486106870229015,36.991456805215975,36.991439301664634,36.991810624493105,36.991810624493105,36.992176994734706,37.28479827303856,37.336514132735644,37.336514132735644,37.336514132735644,37.336514132735644,37.336514132735644,37.342655583972714,37.37946529814271,37.38496863680537,37.3855572755418,37.3855572755418,37.3855601410025,37.407982033639136,37.40796262325154,37.4222980561555,37.4222980561555,37.4222980561555,37.42663901721966,37.42663901721966,37.42663901721966,37.42663901721966,37.42663901721966,37.42664112254181,37.43109599781823,37.43109599781823,37.43109599781823,37.4311250852079,37.49663650621306,37.523131152746906,37.47711449212956,37.45907038984416,37.455946770759404,37.34483328851842,37.34483328851842,37.34483328851842,37.34450194918672,37.23873678280465,37.23873678280465,37.23873678280465,37.23873678280465,37.23873678280465,37.23873678280465,37.23873678280465,37.23766268087688,37.08324274689449,36.78239168727982,36.78239168727982,37.523131152746906,37.23873678280465,,37.366681231793585,36.779274431650435,36.94740991011631,37.14311611235762,"rgba(239, 83, 80, 1.0)",0.37389205697659206,36.769276780778384,-0.5597251315544356,34.52229601503463,-8.29446549155871,False,True,False,True,False,0.0,0.0,0.0,0.0,0.0,0,0.8020219039595622,1.1478517270429636,False,False,False,False,-0.12571069245674754,-0.1230282781471243,False,False,False,False,-2030.0,-1560.8016029537393,False,False,False,False,13.969447046902035,False,False,False,False
2025-08-13 19:00:00+00:00,36.56,36.56,36.56,36.56,0.0,,,,,,,,,36.73846153846154,36.73846153846154,36.73846153846154,36.73846153846154,36.73846153846154,36.65087813620072,36.65087813620072,36.654652406417114,36.991439301664634,36.991439301664634,36.991439301664634,36.991439301664634,36.991439301664634,36.991439301664634,36.991439301664634,36.991439301664634,36.991439301664634,36.991439301664634,36.991439301664634,36.991439301664634,36.991439301664634,37.28479827303856,37.28479827303856,37.28479827303856,37.29342564102564,37.342655583972714,37.366681231793585,37.38496863680537,37.405996968283574,37.405996968283574,37.40609660371493,37.40876753583409,37.42235442309076,37.42235442309076,37.42235442309076,37.42235442309076,37.42235442309076,37.42235442309076,37.426767729752406,37.445386684817834,37.49511762215772,37.5423657556725,37.54543998651383,37.5115248989201,37.51422961264016,37.3691648396821,37.3691648396821,37.3691648396821,37.3691648396821,37.35461595672752,37.35127135023374,37.336299223144934,37.33525345827756,37.21788850114171,37.21788850114171,37.21788850114171,37.21788850114171,37.21788850114171,37.21788850114171,36.95516591875296,36.900630396238064,36.779274431650435,36.779833960593315,36.801157714130404,36.80111818861259,36.69768590695373,36.69768590695373,36.69768590695373,36.69971793978458,36.69971793978458,36.69971793978458,36.69971793978458,36.69971793978458,36.69971793978458,36.732094273251725,36.732094273251725,36.732094273251725,36.732094273251725,36.732094273251725,36.732094273251725,36.841305811857026,36.841305811857026,36.90903773880362,,,,,,,,,,,,36.721463414634144,36.721463414634144,36.68666666666667,36.53413223140496,36.486106870229015,36.991456805215975,36.991439301664634,36.991810624493105,36.991810624493105,36.992176994734706,37.28479827303856,37.336514132735644,37.336514132735644,37.336514132735644,37.336514132735644,37.336514132735644,37.342655583972714,37.37946529814271,37.38496863680537,37.3855572755418,37.3855572755418,37.3855601410025,37.407982033639136,37.40796262325154,37.4222980561555,37.4222980561555,37.4222980561555,37.42663901721966,37.42663901721966,37.42663901721966,37.42663901721966,37.42663901721966,37.42664112254181,37.43109599781823,37.43109599781823,37.43109599781823,37.4311250852079,37.49663650621306,37.523131152746906,37.47711449212956,37.45907038984416,37.455946770759404,37.34483328851842,37.34483328851842,37.34483328851842,37.34450194918672,37.23873678280465,37.23873678280465,37.23873678280465,37.23873678280465,37.23873678280465,37.23873678280465,37.23873678280465,37.23766268087688,37.08324274689449,36.78239168727982,36.78239168727982,37.523131152746906,37.23873678280465,,37.366681231793585,36.779274431650435,36.94740991011631,37.14311611235762,"rgba(239, 83, 80, 1.0)",0.3729297569295343,36.769276780778384,-0.5611694344303148,33.79036017822959,-9.308231727793512,False,True,False,True,False,0.0,0.0,0.0,0.0,0.0,0,0.7973883740522328,1.1478517270429636,False,False,False,False,-0.12571069245674754,-0.12436948530193592,False,False,False,False,-2030.0,-1568.0759967063943,False,False,False,False,13.75286647253146,False,False,False,False
2025-08-14 14:00:00+00:00,36.56,36.85,36.56,36.85,100.0,,,,,,,,,36.74916067146283,36.74916067146283,36.74916067146283,36.74916067146283,36.74916067146283,36.68670163170164,36.68670163170164,36.689036004645764,36.96558631921824,36.96558631921824,36.96558631921824,36.96558631921824,36.96558631921824,36.96558631921824,36.96558631921824,36.96558631921824,36.96558631921824,36.96558631921824,36.96558631921824,36.96558631921824,36.96558631921824,37.262076385919904,37.262076385919904,37.262076385919904,37.2706849122807,37.321882857478556,37.34811743341404,37.3686599535244,37.39112313886356,37.39112313886356,37.391223893066,37.39411113595706,37.40821320369196,37.40821320369196,37.40821320369196,37.40821320369196,37.40821320369196,37.40821320369196,37.41292814084121,37.43218459875366,37.4818997980518,37.52919545985646,37.53230824491601,37.5000597308332,37.502770331325294,37.36084054248896,37.36084054248896,37.36084054248896,37.36084054248896,37.3465935067823,37.34331581514991,37.328594149264255,37.32756627036548,37.21196078431373,37.21196078431373,37.21196078431373,37.21196078431373,37.21196078431373,37.21196078431373,36.95281026299409,36.898946616369464,36.77899036355673,36.779543828917596,36.800675175730674,36.800636097659414,36.698197560377594,36.698197560377594,36.698197560377594,36.70018089974959,36.70018089974959,36.70018089974959,36.70018089974959,36.70018089974959,36.70018089974959,36.732272080368354,36.732272080368354,36.732272080368354,36.732272080368354,36.732272080368354,36.732272080368354,36.84061158459595,36.84061158459595,36.90782810234098,,,,,,36.75333333333334,36.75333333333334,36.75333333333334,36.75333333333334,36.75333333333334,36.75333333333334,36.744066193853435,36.744066193853435,36.73264367816092,36.63331825037707,36.601789321789326,36.9655174291939,36.96558631921824,36.96594540853217,36.96594540853217,36.96630010834236,37.262076385919904,37.31551374384827,37.31551374384827,37.31551374384827,37.31551374384827,37.31551374384827,37.321882857478556,37.36162678062678,37.3686599535244,37.36965627095909,37.36965627095909,37.369663062610016,37.39330381165919,37.39328812672793,37.40815503875968,37.40815503875968,37.40815503875968,37.412790689702454,37.412790689702454,37.412790689702454,37.412790689702454,37.412790689702454,37.41279559942422,37.41751085721921,37.41751085721921,37.41751085721921,37.41754208416834,37.48342457637161,37.511099301865166,37.46687278901938,37.44918196254262,37.44611313272685,37.33698638011852,37.33698638011852,37.33698638011852,37.336660476632616,37.23250727241616,37.23250727241616,37.23250727241616,37.23250727241616,37.23250727241616,37.23250727241616,37.23250727241616,37.231448550166796,37.0792081447964,36.78206860128975,36.78206860128975,37.511099301865166,37.23250727241616,,37.34811743341404,36.77899036355673,36.936711153809625,36.98787972034577,"rgba(239, 83, 80, 0.75)",0.3698372298410412,36.72890133833441,0.3274377263685451,43.41383690553039,-13.993491081782466,False,True,False,True,True,0.0,0.0,0.0,0.0,0.0,0,0.8022203947368424,1.1204769736842088,False,False,False,False,-0.07482354675316714,-0.09959651602755154,False,False,False,False,-1930.0,-1573.6872215636595,False,False,False,False,15.090031333422445,False,False,False,False
2025-08-14 15:00:00+00:00,36.84,36.84,36.84,36.84,32.0,,,,,,,,,36.76615984405458,36.76615984405458,36.76615984405458,36.76615984405458,36.76615984405458,36.702127882599584,36.702127882599584,36.70417972831766,36.961369359916056,36.961369359916056,36.961369359916056,36.961369359916056,36.961369359916056,36.961369359916056,36.961369359916056,36.961369359916056,36.961369359916056,36.961369359916056,36.961369359916056,36.961369359916056,36.961369359916056,37.2563798678476,37.2563798678476,37.2563798678476,37.26495914693256,37.31650807482281,37.34324340527577,37.36432778489117,37.387133107088985,37.387133107088985,37.387234034532156,37.39017428952042,37.40439568899153,37.40439568899153,37.40439568899153,37.40439568899153,37.40439568899153,37.40439568899153,37.40918504151354,37.4285915181393,37.47826039451926,37.525533787149264,37.528654903254186,37.49688111361926,37.4995915767386,37.35859735307312,37.35859735307312,37.35859735307312,37.35859735307312,37.34443979451751,37.34118199081435,37.32653636921997,37.32551389985092,37.21044817215233,37.21044817215233,37.21044817215233,37.21044817215233,37.21044817215233,37.21044817215233,36.952390503875975,36.89873177676539,36.779203404626806,36.77975489126482,36.80080173656509,36.800762771520525,36.69861355580002,36.69861355580002,36.69861355580002,36.70056617583743,36.70056617583743,36.70056617583743,36.70056617583743,36.70056617583743,36.70056617583743,36.73255990648743,36.73255990648743,36.73255990648743,36.73255990648743,36.73255990648743,36.73255990648743,36.84061004408059,36.84061004408059,36.90765989873939,,,,,,36.774343434343436,36.774343434343436,36.774343434343436,36.774343434343436,36.774343434343436,36.774343434343436,36.76181117533719,36.76181117533719,36.7520527306968,36.659459815546775,36.630773130544995,36.96128947368421,36.961369359916056,36.961720824598174,36.961720824598174,36.96206806282722,37.2563798678476,37.31009671294648,37.31009671294648,37.31009671294648,37.31009671294648,37.31009671294648,37.31650807482281,37.35691417278374,37.36432778489117,37.36542747837659,37.36542747837659,37.365435270641065,37.389362199465715,37.389347503524,37.40433711325773,37.40433711325773,37.40433711325773,37.40904542977796,37.40904542977796,37.40904542977796,37.40904542977796,37.40904542977796,37.40905107252298,37.41383024629888,37.41383024629888,37.41383024629888,37.41386200716846,37.47978555437729,37.50775946086055,37.46404704888012,37.44646277956014,37.44341066369421,37.33488551298988,37.33488551298988,37.33488551298988,37.33456126447409,37.23090192569871,37.23090192569871,37.23090192569871,37.23090192569871,37.23090192569871,37.23090192569871,37.23090192569871,37.22984794275492,37.078275673041794,36.78227398626191,36.78227398626191,37.50775946086055,37.23090192569871,,37.34324340527577,36.779203404626806,36.93884540572695,36.99459002576901,#000000,0.366630936014901,36.74866645393278,0.2491157649160127,49.47249688682466,-8.568192710860117,True,False,False,False,True,0.0,0.0,0.0,0.0,0.0,0,0.8252467105263162,1.1204769736842088,False,False,False,False,-0.02779664643733972,-0.06369658123244563,False,False,False,False,-1962.0,-1579.7075747177112,False,False,False,False,15.352201390268608,False,False,False,False
2025-08-14 16:00:00+00:00,36.84,36.84,36.84,36.84,0.0,,,,,,,,,36.76615984405458,36.76615984405458,36.76615984405458,36.76615984405458,36.76615984405458,36.702127882599584,36.702127882599584,36.70417972831766,36.961369359916056,36.961369359916056,36.961369359916056,36.961369359916056,36.961369359916056,36.961369359916056,36.961369359916056,36.961369359916056,36.961369359916056,36.961369359916056,36.961369359916056,36.961369359916056,36.961369359916056,37.2563798678476,37.2563798678476,37.2563798678476,37.26495914693256,37.31650807482281,37.34324340527577,37.36432778489117,37.387133107088985,37.387133107088985,37.387234034532156,37.39017428952042,37.40439568899153,37.40439568899153,37.40439568899153,37.40439568899153,37.40439568899153,37.40439568899153,37.40918504151354,37.4285915181393,37.47826039451926,37.525533787149264,37.528654903254186,37.49688111361926,37.4995915767386,37.35859735307312,37.35859735307312,37.35859735307312,37.35859735307312,37.34443979451751,37.34118199081435,37.32653636921997,37.32551389985092,37.21044817215233,37.21044817215233,37.21044817215233,37.21044817215233,37.21044817215233,37.21044817215233,36.952390503875975,36.89873177676539,36.779203404626806,36.77975489126482,36.80080173656509,36.800762771520525,36.69861355580002,36.69861355580002,36.69861355580002,36.70056617583743,36.70056617583743,36.70056617583743,36.70056617583743,36.70056617583743,36.70056617583743,36.73255990648743,36.73255990648743,36.73255990648743,36.73255990648743,36.73255990648743,36.73255990648743,36.84061004408059,36.84061004408059,36.90765989873939,,,,,,36.774343434343436,36.774343434343436,36.774343434343436,36.774343434343436,36.774343434343436,36.774343434343436,36.76181117533719,36.76181117533719,36.7520527306968,36.659459815546775,36.630773130544995,36.96128947368421,36.961369359916056,36.961720824598174,36.961720824598174,36.96206806282722,37.2563798678476,37.31009671294648,37.31009671294648,37.31009671294648,37.31009671294648,37.31009671294648,37.31650807482281,37.35691417278374,37.36432778489117,37.36542747837659,37.36542747837659,37.365435270641065,37.389362199465715,37.389347503524,37.40433711325773,37.40433711325773,37.40433711325773,37.40904542977796,37.40904542977796,37.40904542977796,37.40904542977796,37.40904542977796,37.40905107252298,37.41383024629888,37.41383024629888,37.41383024629888,37.41386200716846,37.47978555437729,37.50775946086055,37.46404704888012,37.44646277956014,37.44341066369421,37.33488551298988,37.33488551298988,37.33488551298988,37.33456126447409,37.23090192569871,37.23090192569871,37.23090192569871,37.23090192569871,37.23090192569871,37.23090192569871,37.23090192569871,37.22984794275492,37.078275673041794,36.78227398626191,36.78227398626191,37.50775946086055,37.23090192569871,,37.34324340527577,36.779203404626806,36.93884540572695,36.99459002576901,"rgba(38, 166, 154, 1.0)",0.363291422493812,36.74866645393278,0.25140573218125306,53.51160354102084,-5.016720568814193,True,False,True,False,True,0.0,0.0,0.0,0.0,0.0,0,0.8252467105263162,1.1196546052631564,False,False,False,False,-0.02779664643733972,-0.045746613834892674,False,False,False,False,-1962.0,-1585.6345890631728,False,False,False,False,15.114182764062893,False,False,False,False
2025-08-14 17:00:00+00:00,36.84,36.84,36.84,36.84,0.0,,,,,,,,,36.76615984405458,36.76615984405458,36.76615984405458,36.76615984405458,36.76615984405458,36.702127882599584,36.702127882599584,36.70417972831766,36.961369359916056,36.961369359916056,36.961369359916056,36.961369359916056,36.961369359916056,36.961369359916056,36.961369359916056,36.961369359916056,36.961369359916056,36.961369359916056,36.961369359916056,36.961369359916056,36.961369359916056,37.2563798678476,37.2563798678476,37.2563798678476,37.26495914693256,37.31650807482281,37.34324340527577,37.36432778489117,37.387133107088985,37.387133107088985,37.387234034532156,37.39017428952042,37.40439568899153,37.40439568899153,37.40439568899153,37.40439568899153,37.40439568899153,37.40439568899153,37.40918504151354,37.4285915181393,37.47826039451926,37.525533787149264,37.528654903254186,37.49688111361926,37.4995915767386,37.35859735307312,37.35859735307312,37.35859735307312,37.35859735307312,37.34443979451751,37.34118199081435,37.32653636921997,37.32551389985092,37.21044817215233,37.21044817215233,37.21044817215233,37.21044817215233,37.21044817215233,37.21044817215233,36.952390503875975,36.89873177676539,36.779203404626806,36.77975489126482,36.80080173656509,36.800762771520525,36.69861355580002,36.69861355580002,36.69861355580002,36.70056617583743,36.70056617583743,36.70056617583743,36.70056617583743,36.70056617583743,36.70056617583743,36.73255990648743,36.73255990648743,36.73255990648743,36.73255990648743,36.73255990648743,36.73255990648743,36.84061004408059,36.84061004408059,36.90765989873939,,,,,,36.774343434343436,36.774343434343436,36.774343434343436,36.774343434343436,36.774343434343436,36.774343434343436,36.76181117533719,36.76181117533719,36.7520527306968,36.659459815546775,36.630773130544995,36.96128947368421,36.961369359916056,36.961720824598174,36.961720824598174,36.96206806282722,37.2563798678476,37.31009671294648,37.31009671294648,37.31009671294648,37.31009671294648,37.31009671294648,37.31650807482281,37.35691417278374,37.36432778489117,37.36542747837659,37.36542747837659,37.365435270641065,37.389362199465715,37.389347503524,37.40433711325773,37.40433711325773,37.40433711325773,37.40904542977796,37.40904542977796,37.40904542977796,37.40904542977796,37.40904542977796,37.40905107252298,37.41383024629888,37.41383024629888,37.41383024629888,37.41386200716846,37.47978555437729,37.50775946086055,37.46404704888012,37.44646277956014,37.44341066369421,37.33488551298988,37.33488551298988,37.33488551298988,37.33456126447409,37.23090192569871,37.23090192569871,37.23090192569871,37.23090192569871,37.23090192569871,37.23090192569871,37.23090192569871,37.22984794275492,37.078275673041794,36.78227398626191,36.78227398626191,37.50775946086055,37.23090192569871,,37.34324340527577,36.779203404626806,36.93884540572695,36.99459002576901,"rgba(38, 166, 154, 1.0)",0.3598149799824074,36.74866645393278,0.25383475160398095,56.20434131048496,-2.564209699679253,True,False,True,False,True,0.0,0.0,0.0,0.0,0.0,0,0.8252467105263162,1.1196546052631564,False,False,False,False,-0.02779664643733972,-0.0367716301361162,False,False,False,False,-1962.0,-1591.469711713356,False,False,False,False,14.879854349116181,False,False,False,False
2025-08-14 18:00:00+00:00,36.84,36.84,36.84,36.84,0.0,,,,,,,,,36.76615984405458,36.76615984405458,36.76615984405458,36.76615984405458,36.76615984405458,36.702127882599584,36.702127882599584,36.70417972831766,36.961369359916056,36.961369359916056,36.961369359916056,36.961369359916056,36.961369359916056,36.961369359916056,36.961369359916056,36.961369359916056,36.961369359916056,36.961369359916056,36.961369359916056,36.961369359916056,36.961369359916056,37.2563798678476,37.2563798678476,37.2563798678476,37.26495914693256,37.31650807482281,37.34324340527577,37.36432778489117,37.387133107088985,37.387133107088985,37.387234034532156,37.39017428952042,37.40439568899153,37.40439568899153,37.40439568899153,37.40439568899153,37.40439568899153,37.40439568899153,37.40918504151354,37.4285915181393,37.47826039451926,37.525533787149264,37.528654903254186,37.49688111361926,37.4995915767386,37.35859735307312,37.35859735307312,37.35859735307312,37.35859735307312,37.34443979451751,37.34118199081435,37.32653636921997,37.32551389985092,37.21044817215233,37.21044817215233,37.21044817215233,37.21044817215233,37.21044817215233,37.21044817215233,36.952390503875975,36.89873177676539,36.779203404626806,36.77975489126482,36.80080173656509,36.800762771520525,36.69861355580002,36.69861355580002,36.69861355580002,36.70056617583743,36.70056617583743,36.70056617583743,36.70056617583743,36.70056617583743,36.70056617583743,36.73255990648743,36.73255990648743,36.73255990648743,36.73255990648743,36.73255990648743,36.73255990648743,36.84061004408059,36.84061004408059,36.90765989873939,,,,,,36.774343434343436,36.774343434343436,36.774343434343436,36.774343434343436,36.774343434343436,36.774343434343436,36.76181117533719,36.76181117533719,36.7520527306968,36.659459815546775,36.630773130544995,36.96128947368421,36.961369359916056,36.961720824598174,36.961720824598174,36.96206806282722,37.2563798678476,37.31009671294648,37.31009671294648,37.31009671294648,37.31009671294648,37.31009671294648,37.31650807482281,37.35691417278374,37.36432778489117,37.36542747837659,37.36542747837659,37.365435270641065,37.389362199465715,37.389347503524,37.40433711325773,37.40433711325773,37.40433711325773,37.40904542977796,37.40904542977796,37.40904542977796,37.40904542977796,37.40904542977796,37.40905107252298,37.41383024629888,37.41383024629888,37.41383024629888,37.41386200716846,37.47978555437729,37.50775946086055,37.46404704888012,37.44646277956014,37.44341066369421,37.33488551298988,37.33488551298988,37.33488551298988,37.33456126447409,37.23090192569871,37.23090192569871,37.23090192569871,37.23090192569871,37.23090192569871,37.23090192569871,37.23090192569871,37.22984794275492,37.078275673041794,36.78227398626191,36.78227398626191,37.50775946086055,37.23090192569871,,37.34324340527577,36.779203404626806,36.93884540572695,36.99459002576901,"rgba(38, 166, 154, 1.0)",0.3561975992755295,36.74866645393278,0.256412581816916,57.99949982346104,-0.7515702138048823,True,False,True,False,True,0.0,0.0,0.0,0.0,0.0,0,0.8383458646616548,1.1215538847117779,False,False,False,False,-0.02779664643733972,-0.032284138286727965,False,False,False,False,-1962.0,-1597.214367345707,False,False,False,False,14.649158932850813,False,False,False,False
2025-08-14 19:00:00+00:00,36.84,36.84,36.84,36.84,0.0,,,,,,,,,36.76615984405458,36.76615984405458,36.76615984405458,36.76615984405458,36.76615984405458,36.702127882599584,36.702127882599584,36.70417972831766,36.961369359916056,36.961369359916056,36.961369359916056,36.961369359916056,36.961369359916056,36.961369359916056,36.961369359916056,36.961369359916056,36.961369359916056,36.961369359916056,36.961369359916056,36.961369359916056,36.961369359916056,37.2563798678476,37.2563798678476,37.2563798678476,37.26495914693256,37.31650807482281,37.34324340527577,37.36432778489117,37.387133107088985,37.387133107088985,37.387234034532156,37.39017428952042,37.40439568899153,37.40439568899153,37.40439568899153,37.40439568899153,37.40439568899153,37.40439568899153,37.40918504151354,37.4285915181393,37.47826039451926,37.525533787149264,37.528654903254186,37.49688111361926,37.4995915767386,37.35859735307312,37.35859735307312,37.35859735307312,37.35859735307312,37.34443979451751,37.34118199081435,37.32653636921997,37.32551389985092,37.21044817215233,37.21044817215233,37.21044817215233,37.21044817215233,37.21044817215233,37.21044817215233,36.952390503875975,36.89873177676539,36.779203404626806,36.77975489126482,36.80080173656509,36.800762771520525,36.69861355580002,36.69861355580002,36.69861355580002,36.70056617583743,36.70056617583743,36.70056617583743,36.70056617583743,36.70056617583743,36.70056617583743,36.73255990648743,36.73255990648743,36.73255990648743,36.73255990648743,36.73255990648743,36.73255990648743,36.84061004408059,36.84061004408059,36.90765989873939,,,,,,36.774343434343436,36.774343434343436,36.774343434343436,36.774343434343436,36.774343434343436,36.774343434343436,36.76181117533719,36.76181117533719,36.7520527306968,36.659459815546775,36.630773130544995,36.96128947368421,36.961369359916056,36.961720824598174,36.961720824598174,36.96206806282722,37.2563798678476,37.31009671294648,37.31009671294648,37.31009671294648,37.31009671294648,37.31009671294648,37.31650807482281,37.35691417278374,37.36432778489117,37.36542747837659,37.36542747837659,37.365435270641065,37.389362199465715,37.389347503524,37.40433711325773,37.40433711325773,37.40433711325773,37.40904542977796,37.40904542977796,37.40904542977796,37.40904542977796,37.40904542977796,37.40905107252298,37.41383024629888,37.41383024629888,37.41383024629888,37.41386200716846,37.47978555437729,37.50775946086055,37.46404704888012,37.44646277956014,37.44341066369421,37.33488551298988,37.33488551298988,37.33488551298988,37.33456126447409,37.23090192569871,37.23090192569871,37.23090192569871,37.23090192569871,37.23090192569871,37.23090192569871,37.23090192569871,37.22984794275492,37.078275673041794,36.78227398626191,36.78227398626191,37.50775946086055,37.23090192569871,,37.34324340527577,36.779203404626806,36.93884540572695,36.99459002576901,"rgba(38, 166, 154, 1.0)",0.35243494064480746,36.74866645393278,0.2591500885244915,59.196272165445095,0.6867555181263043,True,False,True,False,True,0.0,0.0,0.0,0.0,0.0,0,0.8489847715736052,1.1197123519458532,False,False,False,False,-0.02779664643733972,-0.030040392362033843,False,False,False,False,-1962.0,-1602.8699585496493,False,False,False,False,14.42204018970584,False,False,False,False
2025-08-15 14:00:00+00:00,36.84,36.84,36.84,36.84,0.0,,,,,,,,,36.76615984405458,36.76615984405458,36.76615984405458,36.76615984405458,36.76615984405458,36.702127882599584,36.702127882599584,36.70417972831766,36.961369359916056,36.961369359916056,36.961369359916056,36.961369359916056,36.961369359916056,36.961369359916056,36.961369359916056,36.961369359916056,36.961369359916056,36.961369359916056,36.961369359916056,36.961369359916056,36.961369359916056,37.2563798678476,37.2563798678476,37.2563798678476,37.26495914693256,37.31650807482281,37.34324340527577,37.36432778489117,37.387133107088985,37.387133107088985,37.387234034532156,37.39017428952042,37.40439568899153,37.40439568899153,37.40439568899153,37.40439568899153,37.40439568899153,37.40439568899153,37.40918504151354,37.4285915181393,37.47826039451926,37.525533787149264,37.528654903254186,37.49688111361926,37.4995915767386,37.35859735307312,37.35859735307312,37.35859735307312,37.35859735307312,37.34443979451751,37.34118199081435,37.32653636921997,37.32551389985092,37.21044817215233,37.21044817215233,37.21044817215233,37.21044817215233,37.21044817215233,37.21044817215233,36.952390503875975,36.89873177676539,36.779203404626806,36.77975489126482,36.80080173656509,36.800762771520525,36.69861355580002,36.69861355580002,36.69861355580002,36.70056617583743,36.70056617583743,36.70056617583743,36.70056617583743,36.70056617583743,36.70056617583743,36.73255990648743,36.73255990648743,36.73255990648743,36.73255990648743,36.73255990648743,36.73255990648743,36.84061004408059,36.84061004408059,36.90765989873939,,,,,,36.774343434343436,36.774343434343436,36.774343434343436,36.774343434343436,36.774343434343436,36.774343434343436,36.76181117533719,36.76181117533719,36.7520527306968,36.659459815546775,36.630773130544995,36.96128947368421,36.961369359916056,36.961720824598174,36.961720824598174,36.96206806282722,37.2563798678476,37.31009671294648,37.31009671294648,37.31009671294648,37.31009671294648,37.31009671294648,37.31650807482281,37.35691417278374,37.36432778489117,37.36542747837659,37.36542747837659,37.365435270641065,37.389362199465715,37.389347503524,37.40433711325773,37.40433711325773,37.40433711325773,37.40904542977796,37.40904542977796,37.40904542977796,37.40904542977796,37.40904542977796,37.40905107252298,37.41383024629888,37.41383024629888,37.41383024629888,37.41386200716846,37.47978555437729,37.50775946086055,37.46404704888012,37.44646277956014,37.44341066369421,37.33488551298988,37.33488551298988,37.33488551298988,37.33456126447409,37.23090192569871,37.23090192569871,37.23090192569871,37.23090192569871,37.23090192569871,37.23090192569871,37.23090192569871,37.22984794275492,37.078275673041794,36.78227398626191,36.78227398626191,37.50775946086055,37.23090192569871,,37.34324340527577,36.779203404626806,36.93884540572695,36.99459002576901,"rgba(38, 166, 154, 1.0)",0.3485222988457338,36.74866645393278,0.26205940443326603,59.994120393434464,1.8997937587756581,True,False,True,False,True,0.0,0.0,0.0,0.0,0.0,0,0.8463855421686758,1.138984509466436,False,False,False,False,-0.02779664643733972,-0.02891851939968678,False,False,False,False,-1962.0,-1608.4378661690344,False,False,False,False,14.198442667384818,False,False,False,False
2025-08-15 15:00:00+00:00,36.84,36.84,36.76,36.8,15.0,,,,,,,,,36.76888888888889,36.76888888888889,36.76888888888889,36.76888888888889,36.76888888888889,36.70653653653654,36.70653653653654,36.70848303393214,36.95886880165289,36.95886880165289,36.95886880165289,36.95886880165289,36.95886880165289,36.95886880165289,36.95886880165289,36.95886880165289,36.95886880165289,36.95886880165289,36.95886880165289,36.95886880165289,36.95886880165289,37.253510757194746,37.253510757194746,37.253510757194746,37.26207954858244,37.31382165973185,37.34081169800059,37.36216836734694,37.38514731304021,37.38514731304021,37.38524834685903,37.388215313122366,37.402498255895075,37.402498255895075,37.402498255895075,37.402498255895075,37.402498255895075,37.402498255895075,37.40732512382115,37.426808785529715,37.47646256700242,37.52373136800266,37.526856939189564,37.49531156156156,37.49802228203977,37.3574719050817,37.3574719050817,37.3574719050817,37.3574719050817,37.343356978697074,37.34010864295474,37.32549892727353,37.32447901623562,37.20966725858279,37.20966725858279,37.20966725858279,37.20966725858279,37.20966725858279,37.20966725858279,36.952125169278396,36.898563388288814,36.779237389693876,36.77978796790473,36.800800528888,36.800761622652885,36.69875278464402,36.69875278464402,36.69875278464402,36.70069444444445,36.70069444444445,36.70069444444445,36.70069444444445,36.70069444444445,36.70069444444445,36.732644262841895,36.732644262841895,36.732644262841895,36.732644262841895,36.732644262841895,36.732644262841895,36.84056215111249,36.84056215111249,36.90753489692183,,,,,,36.77696145124717,36.77696145124717,36.77696145124717,36.77696145124717,36.77696145124717,36.77696145124717,36.764858156028374,36.764858156028374,36.75579861111111,36.66732587064677,36.63990407673861,36.95878238341969,36.95886880165289,36.95921740626074,36.95921740626074,36.959561855670096,37.253510757194746,37.30738727573182,37.30738727573182,37.30738727573182,37.30738727573182,37.30738727573182,37.31382165973185,37.354565645206634,37.36216836734694,37.3633192476593,37.3633192476593,37.36332753479126,37.38740071000665,37.38738649807749,37.40243946688995,37.40243946688995,37.40243946688995,37.40718442316833,37.40718442316833,37.40718442316833,37.40718442316833,37.40718442316833,37.40719042769857,37.41200191951284,37.41200191951284,37.41200191951284,37.41203394877903,37.477988130912514,37.506112231704165,37.46264689344953,37.44511298255382,37.44206873377827,37.3338277301692,37.3338277301692,37.3338277301692,37.333504262237454,37.230077390823666,37.230077390823666,37.230077390823666,37.230077390823666,37.230077390823666,37.230077390823666,37.230077390823666,37.2290256344854,37.077768117704295,36.78230339564208,36.78230339564208,37.506112231704165,37.230077390823666,,37.34081169800059,36.779237389693876,36.938156271724154,36.99484656957759,"rgba(38, 166, 154, 1.0)",0.3444858422278313,36.75225598572155,0.1385949970242142,58.02696830265705,1.8997937587756581,True,False,True,False,True,0.0,0.0,0.0,0.0,0.0,0,0.8477782666080075,1.1421029476462812,False,False,False,False,-0.04170839405403336,-0.035313456726860065,False,False,False,False,-1977.0,-1614.1520077788168,False,False,False,False,14.21086991285172,False,False,False,False
2025-08-15 16:00:00+00:00,36.8,37.01,36.79,36.85,110.0,,,,,,,,36.88333333333333,36.81141891891892,36.81141891891892,36.81141891891892,36.81141891891892,36.81141891891892,36.75043641835967,36.75043641835967,36.751801801801804,36.95116110080395,36.95116110080395,36.95116110080395,36.95116110080395,36.95116110080395,36.95116110080395,36.95116110080395,36.95116110080395,36.95116110080395,36.95116110080395,36.95116110080395,36.95116110080395,36.95116110080395,37.2371968482906,37.2371968482906,37.2371968482906,37.24562532912059,37.29800545535515,37.32627179042665,37.34909842845327,37.37300220022002,37.37300220022002,37.373103460918024,37.37621768560523,37.390814920894705,37.390814920894705,37.390814920894705,37.390814920894705,37.390814920894705,37.390814920894705,37.39585008958789,37.41573593875409,37.4651531172358,37.51227336803297,37.51541929229278,37.485368045297875,37.48807439556666,37.35056849768365,37.35056849768365,37.35056849768365,37.35056849768365,37.33674398849974,37.333560319735874,37.31920108766025,37.31819895604159,37.20517679926613,37.20517679926613,37.20517679926613,37.20517679926613,37.20517679926613,37.20517679926613,36.95125787965617,36.898375257346075,36.7804700900707,36.78101388440427,36.80170225797908,36.801663687224824,36.70059306927702,36.70059306927702,36.70059306927702,36.70240600329415,36.70240600329415,36.70240600329415,36.70240600329415,36.70240600329415,36.70240600329415,36.73401393709029,36.73401393709029,36.73401393709029,36.73401393709029,36.73401393709029,36.73401393709029,36.840928885078064,36.840928885078064,36.90733057026632,,,,,,36.822490272373535,36.822490272373535,36.822490272373535,36.822490272373535,36.822490272373535,36.822490272373535,36.80859060402685,36.80859060402685,36.80225165562914,36.730185185185185,36.708917525773195,36.95106201550387,36.95116110080395,36.95148130985479,36.95148130985479,36.95179783950616,37.2371968482906,37.29148886616678,37.29148886616678,37.29148886616678,37.29148886616678,37.29148886616678,37.29800545535515,37.340429960912644,37.34909842845327,37.35054439874184,37.35054439874184,37.35055555555556,37.375391307486815,37.37538003464703,37.39075506445671,37.39075506445671,37.39075506445671,37.395703327356046,37.395703327356046,37.395703327356046,37.395703327356046,37.395703327356046,37.39571148738379,37.40070119186423,37.40070119186423,37.40070119186423,37.400734732206466,37.46667704190444,37.49566132723112,37.45382567368032,37.43664084635774,37.43365173924953,37.32738791423003,37.32738791423003,37.32738791423003,37.327069906444905,37.22527907074266,37.22527907074266,37.22527907074266,37.22527907074266,37.22527907074266,37.22527907074266,37.22527907074266,37.22424307215026,37.07520178385731,36.78351783047391,36.78351783047391,37.49566132723112,37.22527907074266,36.88333333333333,37.32627179042665,36.7804700900707,36.93079149687089,37.00930543233006,"rgba(38, 166, 154, 1.0)",0.3402526221012414,36.805620154392486,0.13043204585300922,58.95212993468608,1.8997937587756581,True,False,True,False,True,0.0,-1.0,37.01,36.79,0.0,0,0.8519637462235655,1.097108329736728,False,False,False,False,-0.006947497201607387,-0.021130476964233726,False,False,False,False,-1867.0,-1618.0721316892227,False,False,False,False,15.69597270490053,False,False,False,False
2025-08-15 17:00:00+00:00,36.85,36.85,36.85,36.85,5.0,,,,,,,,36.88188405797101,36.81205980066445,36.81205980066445,36.81205980066445,36.81205980066445,36.81205980066445,36.75154761904763,36.75154761904763,36.75289532293987,36.95069405971068,36.95069405971068,36.95069405971068,36.95069405971068,36.95069405971068,36.95069405971068,36.95069405971068,36.95069405971068,36.95069405971068,36.95069405971068,36.95069405971068,36.95069405971068,36.95069405971068,37.23642276422764,37.23642276422764,37.23642276422764,37.24484561818421,37.29725853062132,37.32558472783227,37.34847996695581,37.37242747252747,37.37242747252747,37.37252874826046,37.37564990648827,37.39026227944682,37.39026227944682,37.39026227944682,37.39026227944682,37.39026227944682,37.39026227944682,37.39530727923627,37.41521249691586,37.464620424893205,37.51173519692291,37.514882144010336,37.48489913899138,37.48760536116828,37.35023743386243,37.35023743386243,37.35023743386243,37.35023743386243,37.33642614601019,37.3332454198142,37.31889751552796,37.31789618899811,37.20495478601493,37.20495478601493,37.20495478601493,37.20495478601493,37.20495478601493,37.20495478601493,36.951199885452475,36.89834811073701,36.78050749587548,36.78105098967298,36.8017262318409,36.80168767785058,36.70066074772,36.70066074772,36.70066074772,36.70246884668882,36.70246884668882,36.70246884668882,36.70246884668882,36.70246884668882,36.70246884668882,36.73406183750448,36.73406183750448,36.73406183750448,36.73406183750448,36.73406183750448,36.73406183750448,36.8409324190951,36.8409324190951,36.90730857756635,,,,,,36.82301526717557,36.82301526717557,36.82301526717557,36.82301526717557,36.82301526717557,36.82301526717557,36.809273927392745,36.809273927392745,36.80302931596091,36.731749347258486,36.710712468193385,36.95059413580247,36.95069405971068,36.95101322263222,36.95101322263222,36.951328725038394,37.23642276422764,37.290737779290005,37.290737779290005,37.290737779290005,37.290737779290005,37.290737779290005,37.29725853062132,37.339762164124906,37.34847996695581,37.34993958434026,37.34993958434026,37.34995087380205,37.37482294821866,37.37481181051265,37.39020237121831,37.39020237121831,37.39020237121831,37.39516023089172,37.39516023089172,37.39516023089172,37.39516023089172,37.39516023089172,37.39516849087894,37.40016663431049,37.40016663431049,37.40016663431049,37.40020024585921,37.46614432158489,37.495169207317076,37.45340803246184,37.43623898250902,37.43325236074997,37.32707792207793,37.32707792207793,37.32707792207793,37.32676016101805,37.225043164864644,37.225043164864644,37.225043164864644,37.225043164864644,37.225043164864644,37.225043164864644,37.225043164864644,37.224007876654944,37.07506675460689,36.78355413572157,36.78355413572157,37.495169207317076,37.225043164864644,36.88188405797101,37.32558472783227,36.78050749587548,36.93065858765001,37.00929545109789,"rgba(38, 166, 154, 1.0)",0.3358574477738273,36.806260956468044,0.13023097692748448,59.56890435603876,2.8608209597936707,True,False,True,False,True,0.0,0.0,0.0,0.0,0.0,0,0.8571428571428579,1.1109192921881732,False,False,False,False,-0.024320599571237025,-0.022725538267735376,False,False,False,False,-1867.0,-1621.9314784847386,False,False,False,False,15.530143670716026,False,False,False,False
2025-08-15 18:00:00+00:00,36.85,36.85,36.85,36.85,15.0,,,,,,,,36.878205128205124,36.81386075949367,36.81386075949367,36.81386075949367,36.81386075949367,36.81386075949367,36.754737221022324,36.754737221022324,36.75603448275863,36.94931845780206,36.94931845780206,36.94931845780206,36.94931845780206,36.94931845780206,36.94931845780206,36.94931845780206,36.94931845780206,36.94931845780206,36.94931845780206,36.94931845780206,36.94931845780206,36.94931845780206,37.23411897191309,37.23411897191309,37.23411897191309,37.24252481713689,37.29503262552532,37.323535382552905,37.346633744855964,37.37071084337349,37.37071084337349,37.370812162359464,37.37395389689538,37.38861111111111,37.38861111111111,37.38861111111111,37.38861111111111,37.38861111111111,37.38861111111111,37.393685306365256,37.41364796702958,37.46302786894686,37.510125918720284,37.51327588983734,37.48349656357388,37.48620238619138,37.349246864686464,37.349246864686464,37.349246864686464,37.349246864686464,37.33547510427529,37.332303176047496,37.31798915149168,37.31699023277829,37.20429040845188,37.20429040845188,37.20429040845188,37.20429040845188,37.20429040845188,37.20429040845188,36.951026300743294,36.898266853408046,36.780619472195376,36.781162066373106,36.80179801083796,36.801759507053895,36.700863415663925,36.700863415663925,36.700863415663925,36.7026570561887,36.7026570561887,36.7026570561887,36.7026570561887,36.7026570561887,36.7026570561887,36.73420530165539,36.73420530165539,36.73420530165539,36.73420530165539,36.73420530165539,36.73420530165539,36.84094300464367,36.84094300464367,36.90724270059007,,,,,,36.824476534296025,36.824476534296025,36.824476534296025,36.824476534296025,36.824476534296025,36.824476534296025,36.811194968553465,36.811194968553465,36.80521739130435,36.736206030150754,36.71583333333333,36.94921613394216,36.94931845780206,36.949634516226865,36.949634516226865,36.94994696969696,37.23411897191309,37.28849977431731,37.28849977431731,37.28849977431731,37.28849977431731,37.28849977431731,37.29503262552532,37.33776964108127,37.346633744855964,37.34813387912353,37.34813387912353,37.348145562510034,37.373125224642365,37.373114489003875,37.388551049521084,37.388551049521084,37.388551049521084,37.39353740821592,37.39353740821592,37.39353740821592,37.39353740821592,37.39353740821592,37.39354596560846,37.39856917021551,37.39856917021551,37.39856917021551,37.39860299335527,37.464551668677124,37.49369733840304,37.452158568010304,37.435036687631026,37.432057497951384,37.32615035644849,37.32615035644849,37.32615035644849,37.325833333333335,37.22433722340738,37.22433722340738,37.22433722340738,37.22433722340738,37.22433722340738,37.22433722340738,37.22433722340738,37.22330406055284,37.074662636661095,36.783662813942506,36.783662813942506,37.49369733840304,37.22433722340738,36.878205128205124,37.323535382552905,36.780619472195376,36.93026058870571,37.00921241386115,"rgba(38, 166, 154, 1.0)",0.33129387351799167,36.808086621452425,0.12651419750839518,59.98008730360721,3.8361940320855936,True,False,True,False,True,0.0,0.0,0.0,0.0,0.0,0,0.8571428571428579,1.1109192921881732,False,False,False,False,-0.024320599571237025,-0.0235230689194862,False,False,False,False,-1867.0,-1625.7309904462154,False,False,False,False,15.521924388999498,False,False,False,False
2025-08-15 19:00:00+00:00,36.85,36.85,36.84,36.85,13.0,,,,,,,,36.875337995337986,36.81515704154002,36.81515704154002,36.81515704154002,36.81515704154002,36.81515704154002,36.75724789915967,36.75724789915967,36.75850454227814,36.94811731173117,36.94811731173117,36.94811731173117,36.94811731173117,36.94811731173117,36.94811731173117,36.94811731173117,36.94811731173117,36.94811731173117,36.94811731173117,36.94811731173117,36.94811731173117,36.94811731173117,37.232127323052595,37.232127323052595,37.232127323052595,37.24051851851852,37.29310703666997,37.321761114291164,37.34503404709164,37.36922273190621,37.36922273190621,37.369324088228865,37.372483554983546,37.38717943507417,37.38717943507417,37.38717943507417,37.38717943507417,37.38717943507417,37.38717943507417,37.392278810654005,37.41229105301914,37.461646845915205,37.50873051825487,37.511883102967964,37.4822796315351,37.48498511469008,37.34838582850114,37.34838582850114,37.34838582850114,37.34838582850114,37.33464823248753,37.33148390864262,37.317199157641404,37.31620231958763,37.203711224616924,37.203711224616924,37.203711224616924,37.203711224616924,37.203711224616924,37.203711224616924,36.95087139377332,36.8981918027896,36.78071157834514,36.7812533962534,36.80185575685576,36.801817296904915,36.7010347008856,36.7010347008856,36.7010347008856,36.702816101718916,36.702816101718916,36.702816101718916,36.702816101718916,36.702816101718916,36.702816101718916,36.7343257794259,36.7343257794259,36.7343257794259,36.7343257794259,36.7343257794259,36.7343257794259,36.840948789716464,36.840948789716464,36.90718241208593,,,,,,36.82547126436781,36.82547126436781,36.82547126436781,36.82547126436781,36.82547126436781,36.82547126436781,36.81258811681773,36.81258811681773,36.80682587064677,36.739699918896996,36.71987331749802,36.94801293622142,36.94811731173117,36.94843075539568,36.94843075539568,36.948740640910444,37.232127323052595,37.286563869228175,37.286563869228175,37.286563869228175,37.286563869228175,37.286563869228175,37.29310703666997,37.33604414414414,37.34503404709164,37.34656905104817,37.34656905104817,37.34658107351412,37.371653405017916,37.37164301583888,37.3871192411924,37.3871192411924,37.3871192411924,37.392130179466875,37.392130179466875,37.392130179466875,37.392130179466875,37.392130179466875,37.392138993337284,37.397183819270126,37.397183819270126,37.397183819270126,37.397217824967825,37.46317056396149,37.49242056263914,37.451073905654304,37.43399276648014,37.43101999545558,37.3253437715666,37.3253437715666,37.3253437715666,37.32502738603528,37.223722124780764,37.223722124780764,37.223722124780764,37.223722124780764,37.223722124780764,37.223722124780764,37.223722124780764,37.2226907982632,37.0743083940879,36.78375199622533,36.78375199622533,37.49242056263914,37.223722124780764,36.875337995337986,37.321761114291164,36.78071157834514,36.92984122261194,37.00901068894551,"rgba(38, 166, 154, 1.0)",0.32655483928888274,36.809415956655606,0.12427941179121037,60.25420926865285,4.6897412113105545,True,False,True,False,True,0.0,0.0,0.0,0.0,0.0,0,0.8523281596452337,1.142350332594234,False,False,False,False,-0.026058544306314855,-0.024790806612900528,False,False,False,False,-1867.0,-1629.4715952454987,False,False,False,False,15.482824786069273,False,False,False,False
2025-08-18 14:00:00+00:00,36.85,36.85,34.98,34.98,2.0,,,,,,,,36.85779310344827,36.80783484390735,36.80783484390735,36.80783484390735,36.80783484390735,36.80783484390735,36.75241980474198,36.75241980474198,36.75368128044538,36.94570080862533,36.94570080862533,36.94570080862533,36.94570080862533,36.94570080862533,36.94570080862533,36.94570080862533,36.94570080862533,36.94570080862533,36.94570080862533,36.94570080862533,36.94570080862533,36.94570080862533,37.23084024759647,37.23084024759647,37.23084024759647,37.239242955460334,37.29199130626169,37.32077803203661,37.34417712177122,37.36845160116447,37.36845160116447,37.36855308156879,37.371724914236694,37.386454736271915,37.386454736271915,37.386454736271915,37.386454736271915,37.386454736271915,37.386454736271915,37.39157143798602,37.411625260704206,37.46100648977717,37.50811418405305,37.51126981576692,37.481727406318875,37.48443427985948,37.34792599912165,37.34792599912165,37.34792599912165,37.34792599912165,37.33419777980139,37.331035504238024,37.316757325771256,37.31576097225801,37.20331257524807,37.20331257524807,37.20331257524807,37.20331257524807,37.20331257524807,37.20331257524807,36.95056373668189,36.89790212527966,36.780459030459035,36.78100078633212,36.80161849615626,36.80158006730009,36.70083634501867,36.70083634501867,36.70083634501867,36.702629321328466,36.702629321328466,36.702629321328466,36.702629321328466,36.702629321328466,36.702629321328466,36.73413940842053,36.73413940842053,36.73413940842053,36.73413940842053,36.73413940842053,36.73413940842053,36.840756374378095,36.840756374378095,36.90698280261276,,,,,,36.817100456621,36.817100456621,36.817100456621,36.817100456621,36.817100456621,36.817100456621,36.80532532532533,36.80532532532533,36.79968348170129,36.734196933010494,36.71459416863672,36.945590090090086,36.94570080862533,36.9460158587672,36.9460158587672,36.946327354260085,37.23084024759647,37.285429998877284,37.285429998877284,37.285429998877284,37.285429998877284,37.285429998877284,37.29199130626169,37.33510804970286,37.34417712177122,37.34573256557901,37.34573256557901,37.345744782921564,37.37089316423043,37.37088294290421,37.386394419612614,37.386394419612614,37.386394419612614,37.39142230576441,37.39142230576441,37.39142230576441,37.39142230576441,37.39142230576441,37.39143125618199,37.396491346586885,37.396491346586885,37.396491346586885,37.39652547279042,37.46253122493412,37.491847243297926,37.45056481609036,37.433493200527586,37.430521784562266,37.324898231996556,37.324898231996556,37.324898231996556,37.324581985944036,37.22331621576487,37.22331621576487,37.22331621576487,37.22331621576487,37.22331621576487,37.22331621576487,37.22331621576487,37.22228524918608,37.07395686461945,36.783494992379715,36.783494992379715,37.491847243297926,37.22331621576487,36.85779310344827,37.32077803203661,36.780459030459035,36.92568477871332,37.00482578655814,"rgba(239, 83, 80, 1.0)",0.3847523715161678,36.80153499174014,-4.7343047804023755,42.2468991059434,-0.9813126798118148,False,True,False,True,False,0.0,0.0,0.0,0.0,0.0,0,0.7074933434766075,1.1220996576645104,False,False,False,False,-0.34282825441539394,-0.18380953051414722,False,False,False,False,-1869.0,-1633.185213923863,False,False,False,False,15.2737887428744,False,False,False,False
2025-08-18 15:00:00+00:00,34.98,34.98,34.98,34.98,0.0,,,,,,,,36.85779310344827,36.80783484390735,36.80783484390735,36.80783484390735,36.80783484390735,36.80783484390735,36.75241980474198,36.75241980474198,36.75368128044538,36.94570080862533,36.94570080862533,36.94570080862533,36.94570080862533,36.94570080862533,36.94570080862533,36.94570080862533,36.94570080862533,36.94570080862533,36.94570080862533,36.94570080862533,36.94570080862533,36.94570080862533,37.23084024759647,37.23084024759647,37.23084024759647,37.239242955460334,37.29199130626169,37.32077803203661,37.34417712177122,37.36845160116447,37.36845160116447,37.36855308156879,37.371724914236694,37.386454736271915,37.386454736271915,37.386454736271915,37.386454736271915,37.386454736271915,37.386454736271915,37.39157143798602,37.411625260704206,37.46100648977717,37.50811418405305,37.51126981576692,37.481727406318875,37.48443427985948,37.34792599912165,37.34792599912165,37.34792599912165,37.34792599912165,37.33419777980139,37.331035504238024,37.316757325771256,37.31576097225801,37.20331257524807,37.20331257524807,37.20331257524807,37.20331257524807,37.20331257524807,37.20331257524807,36.95056373668189,36.89790212527966,36.780459030459035,36.78100078633212,36.80161849615626,36.80158006730009,36.70083634501867,36.70083634501867,36.70083634501867,36.702629321328466,36.702629321328466,36.702629321328466,36.702629321328466,36.702629321328466,36.702629321328466,36.73413940842053,36.73413940842053,36.73413940842053,36.73413940842053,36.73413940842053,36.73413940842053,36.840756374378095,36.840756374378095,36.90698280261276,,,,,,36.817100456621,36.817100456621,36.817100456621,36.817100456621,36.817100456621,36.817100456621,36.80532532532533,36.80532532532533,36.79968348170129,36.734196933010494,36.71459416863672,36.945590090090086,36.94570080862533,36.9460158587672,36.9460158587672,36.946327354260085,37.23084024759647,37.285429998877284,37.285429998877284,37.285429998877284,37.285429998877284,37.285429998877284,37.29199130626169,37.33510804970286,37.34417712177122,37.34573256557901,37.34573256557901,37.345744782921564,37.37089316423043,37.37088294290421,37.386394419612614,37.386394419612614,37.386394419612614,37.39142230576441,37.39142230576441,37.39142230576441,37.39142230576441,37.39142230576441,37.39143125618199,37.396491346586885,37.396491346586885,37.396491346586885,37.39652547279042,37.46253122493412,37.491847243297926,37.45056481609036,37.433493200527586,37.430521784562266,37.324898231996556,37.324898231996556,37.324898231996556,37.324581985944036,37.22331621576487,37.22331621576487,37.22331621576487,37.22331621576487,37.22331621576487,37.22331621576487,37.22331621576487,37.22228524918608,37.07395686461945,36.783494992379715,36.783494992379715,37.491847243297926,37.22331621576487,36.85779310344827,37.32077803203661,36.780459030459035,36.92568477871332,37.00482578655814,"rgba(239, 83, 80, 1.0)",0.43300243429805224,36.80153499174014,-4.20675462181423,30.2420256641371,-11.283885405589686,False,True,False,True,False,0.0,0.0,0.0,0.0,0.0,0,0.7074933434766075,1.2643590718904518,False,False,False,False,-0.34282825441539394,-0.2633188924647706,False,False,False,False,-1869.0,-1636.841257118842,False,False,False,False,15.036985816628285,False,False,False,False
2025-08-18 16:00:00+00:00,34.98,34.98,34.25,34.25,82.0,,,,,,,,36.00367107195301,36.34829701372074,36.34829701372074,36.34829701372074,36.34829701372074,36.34829701372074,36.421625,36.421625,36.4232917409388,36.77742119944212,36.77742119944212,36.77742119944212,36.77742119944212,36.77742119944212,36.77742119944212,36.77742119944212,36.77742119944212,36.77742119944212,36.77742119944212,36.77742119944212,36.77742119944212,36.77742119944212,37.14493302717184,37.14493302717184,37.14493302717184,37.15424311060778,37.21822404371585,37.25597913173094,37.28780644642713,37.31788109538109,37.31788109538109,37.31799163628565,37.32199290630705,37.33905494505494,37.33905494505494,37.33905494505494,37.33905494505494,37.33905494505494,37.33905494505494,37.345334954604404,37.3682423857868,37.41966275908936,37.46865496142591,37.4720261126969,37.44614612071051,37.44895983993828,37.31741549356968,37.31741549356968,37.31741549356968,37.31741549356968,37.30421311194061,37.301164955070604,37.28722661564626,37.286255736868945,37.17591542349896,37.17591542349896,37.17591542349896,37.17591542349896,37.17591542349896,37.17591542349896,36.92777557867753,36.876047254858506,36.7605202353108,36.7610615079365,36.78303436426117,36.78299806924537,36.684601793721974,36.684601793721974,36.684601793721974,36.68734781386195,36.68734781386195,36.68734781386195,36.68734781386195,36.68734781386195,36.68734781386195,36.71910167225905,36.71910167225905,36.71910167225905,36.71910167225905,36.71910167225905,36.71910167225905,36.82588779030844,36.82588779030844,36.89192732897204,,,,,,36.30761140819964,36.30761140819964,36.30761140819964,36.30761140819964,36.30761140819964,36.30761140819964,36.348497991967875,36.348497991967875,36.34832140015911,36.36298316498316,36.353914191419136,36.776894574944066,36.77742119944212,36.77785535117056,36.77785535117056,36.77828599275967,37.14493302717184,37.2103883972468,37.2103883972468,37.2103883972468,37.2103883972468,37.2103883972468,37.21822404371585,37.2735262508809,37.28780644642713,37.29069803921569,37.29069803921569,37.29072296714499,37.32104950007041,37.32104998240056,37.33898614441779,37.33898614441779,37.33898614441779,37.345152193665626,37.345152193665626,37.345152193665626,37.345152193665626,37.345152193665626,37.34517000843553,37.35125878776363,37.35125878776363,37.35125878776363,37.3513009751773,37.42126440677966,37.4549950039968,37.41753212550515,37.40096140871677,37.39805791436402,37.29517622461171,37.29517622461171,37.29517622461171,37.29486710183881,37.19556285643442,37.19556285643442,37.19556285643442,37.19556285643442,37.19556285643442,37.19556285643442,37.19556285643442,37.19454924805817,37.048917090679616,36.76323244856855,36.76323244856855,37.4549950039968,37.19556285643442,36.00367107195301,37.25597913173094,36.7605202353108,36.66211890223034,36.73890509654447,"rgba(239, 83, 80, 1.0)",0.5205090803267864,36.32056920358922,-3.977969418495593,21.600584019802657,-18.310673984443415,False,True,False,True,False,0.0,0.0,0.0,0.0,0.0,0,0.6702702702702709,1.25045045045045,False,False,False,False,-0.34282825441539394,-0.30307357344008223,False,False,False,False,-1951.0,-1641.7119353030457,False,False,False,False,16.07517208303715,False,False,False,False
2025-08-18 17:00:00+00:00,34.25,34.455,34.25,34.455,44.0,,,,,,,,35.741131611316106,36.15943107221007,36.15943107221007,36.15943107221007,36.15943107221007,36.15943107221007,36.2733830022075,36.2733830022075,36.27517355371901,36.69251950497713,36.69251950497713,36.69251950497713,36.69251950497713,36.69251950497713,36.69251950497713,36.69251950497713,36.69251950497713,36.69251950497713,36.69251950497713,36.69251950497713,36.69251950497713,36.69251950497713,37.099256053192825,37.099256053192825,37.099256053192825,37.109024631761365,37.178734812466985,37.22112276826799,37.2573482860097,37.29047492562685,37.29047492562685,37.290590255647615,37.295029575504515,37.3133260711692,37.3133260711692,37.3133260711692,37.3133260711692,37.3133260711692,37.3133260711692,37.32022280092592,37.34464718225419,37.39715823496346,37.44716066994241,37.45064724409449,37.42672365699995,37.42959495065631,37.30070308449973,37.30070308449973,37.30070308449973,37.30070308449973,37.28778254191731,37.28479554931495,37.271038812785385,37.27008155848546,37.16086613529532,37.16086613529532,37.16086613529532,37.16086613529532,37.16086613529532,37.16086613529532,36.915193000225074,36.86396554893743,36.74946737213404,36.750008463817174,36.77272639880079,36.77269126751385,36.67556935262938,36.67556935262938,36.67556935262938,36.67884037874331,36.67884037874331,36.67884037874331,36.67884037874331,36.67884037874331,36.67884037874331,36.71073282774742,36.71073282774742,36.71073282774742,36.71073282774742,36.71073282774742,36.71073282774742,36.81762560944314,36.81762560944314,36.8835701288855,,,,,,36.105406698564586,36.105406698564586,36.105406698564586,36.105406698564586,36.105406698564586,36.105406698564586,36.16043572984749,36.16043572984749,36.161900647948165,36.20165120593692,36.19624772313296,36.691805555555554,36.69251950497713,36.6930067204301,36.6930067204301,36.693490464679016,37.099256053192825,37.17024501884761,37.17024501884761,37.17024501884761,37.17024501884761,37.17024501884761,37.178734812466985,37.24034395680947,37.2573482860097,37.26094084769446,37.26094084769446,37.26097244858363,37.29402713827263,37.294033270558685,37.31325277337559,37.31325277337559,37.31325277337559,37.3200222007722,37.3200222007722,37.3200222007722,37.3200222007722,37.3200222007722,37.320044714662544,37.32667954274229,37.32667954274229,37.32667954274229,37.3267260110525,37.398801031852855,37.43489279332936,37.399474159331966,37.38317080259333,37.38030349725311,37.27888620162933,37.27888620162933,37.27888620162933,37.27858088328878,37.18032346896835,37.18032346896835,37.18032346896835,37.18032346896835,37.18032346896835,37.18032346896835,37.18032346896835,37.17931911571335,37.035127918383374,36.75200297107675,36.75200297107675,37.43489279332936,37.18032346896835,35.741131611316106,37.22112276826799,36.74946737213404,36.54642993019126,36.624153935875576,"rgba(239, 83, 80, 1.0)",0.5797830675393543,36.12834010076766,-2.8861486208444305,18.661203118991057,-20.326288513096358,False,True,False,True,False,0.0,0.0,0.0,0.0,0.0,0,0.6722779369627514,1.2951289398280792,False,False,False,False,-0.34282825441539394,-0.3229509139277381,False,False,False,False,-1907.0,-1645.8249285541613,False,False,False,False,16.508115151517192,False,False,False,False
2025-08-18 18:00:00+00:00,34.455,34.455,34.15,34.15,16.0,,,,,,,,35.65809523809523,36.09489781536293,36.09489781536293,36.09489781536293,36.09489781536293,36.09489781536293,36.22120967741936,36.22120967741936,36.22303811057434,36.66140106241699,36.66140106241699,36.66140106241699,36.66140106241699,36.66140106241699,36.66140106241699,36.66140106241699,36.66140106241699,36.66140106241699,36.66140106241699,36.66140106241699,36.66140106241699,36.66140106241699,37.08221099887767,37.08221099887767,37.08221099887767,37.09214839424143,37.1639656259855,37.20806303829943,37.24591712225656,37.28017824368205,37.28017824368205,37.280295363116664,37.28489769732278,37.30365449160908,37.30365449160908,37.30365449160908,37.30365449160908,37.30365449160908,37.30365449160908,37.310781089743585,37.33577205882353,37.388694080053824,37.439077206851124,37.44260707927532,37.41941101674583,37.42230403403116,37.294393645456104,37.294393645456104,37.294393645456104,37.294393645456104,37.281577681270484,37.278613375796176,37.26492362869198,37.26397140688259,37.15516950189696,37.15516950189696,37.15516950189696,37.15516950189696,37.15516950189696,37.15516950189696,36.91040571407175,36.85936339279161,36.745245439819705,36.7457865089424,36.768789165446556,36.76875447329039,36.67210972346119,36.67210972346119,36.67210972346119,36.67558106028815,36.67558106028815,36.67558106028815,36.67558106028815,36.67558106028815,36.67558106028815,36.707528571816376,36.707528571816376,36.707528571816376,36.707528571816376,36.707528571816376,36.707528571816376,36.81446896304268,36.81446896304268,36.880381392296414,,,,,34.251666666666665,36.03706605222734,36.03706605222734,36.03706605222734,36.03706605222734,36.03706605222734,36.03706605222734,36.096140350877185,36.096140350877185,36.09809324982602,36.14543543543544,36.141179941002946,36.66062167199148,36.66140106241699,36.66190684713375,36.66190684713375,36.66240917528506,37.08221099887767,37.15523465123755,37.15523465123755,37.15523465123755,37.15523465123755,37.15523465123755,37.1639656259855,37.227904092958724,37.24591712225656,37.24976952822893,37.24976952822893,37.249803603185654,37.283873244333186,37.28388147375738,37.30357951553449,37.30357951553449,37.30357951553449,37.310573838850395,37.310573838850395,37.310573838850395,37.310573838850395,37.310573838850395,37.31059810146879,37.31743659590457,37.31743659590457,37.31743659590457,37.31748466065615,37.3903523489933,37.427327193503665,37.39266900869251,37.376464328737775,37.373610331149436,37.272733316395666,37.272733316395666,37.272733316395666,37.272429400059266,37.174556977602755,37.174556977602755,37.174556977602755,37.174556977602755,37.174556977602755,37.174556977602755,37.174556977602755,37.17355602034121,37.02989523361925,36.74771422955975,36.74771422955975,37.427327193503665,37.174556977602755,35.65809523809523,37.20806303829943,36.745245439819705,36.505715543535075,36.4643820754408,"rgba(239, 83, 80, 1.0)",0.646544919810894,35.96458766999122,-2.8065917995643095,16.152071185291664,-22.43379710996077,False,True,False,True,False,0.0,0.0,0.0,0.0,0.0,0,0.6638626007711188,1.2888187872414991,False,False,False,False,-0.34282825441539394,-0.332889584171566,False,False,False,False,-1923.0,-1650.1222164835542,False,False,False,False,16.500237397230105,False,False,False,False
2025-08-18 19:00:00+00:00,34.15,34.3,34.15,34.21,33.0,,,,,,,,35.50979166666666,35.97262187088273,35.97262187088273,35.97262187088273,35.97262187088273,35.97262187088273,36.12007656967841,36.12007656967841,36.12196738022426,36.598849637681155,36.598849637681155,36.598849637681155,36.598849637681155,36.598849637681155,36.598849637681155,36.598849637681155,36.598849637681155,36.598849637681155,36.598849637681155,36.598849637681155,36.598849637681155,36.598849637681155,37.04730598669624,37.04730598669624,37.04730598669624,37.057582056892784,37.133643882646695,37.181202215563424,37.22236635220126,37.25894041359972,37.25894041359972,37.25906118587048,37.263996349107934,37.28369360533542,37.28369360533542,37.28369360533542,37.28369360533542,37.28369360533542,37.28369360533542,37.291290209567485,37.317440720270994,37.37120505101188,37.422369193666775,37.425987914778354,37.40428486150907,37.40722253936539,37.28132796737496,37.28132796737496,37.28132796737496,37.28132796737496,37.26872699906724,37.265809336547,37.25225723769906,37.251315358447776,37.14336299366163,37.14336299366163,37.14336299366163,37.14336299366163,37.14336299366163,37.14336299366163,36.90046912889387,36.84980782592797,36.73647261115205,36.737013647686204,36.76060566258027,36.760571877938844,36.66491238993151,36.66491238993151,36.66491238993151,36.668798822676045,36.668798822676045,36.668798822676045,36.668798822676045,36.668798822676045,36.668798822676045,36.70086121940654,36.70086121940654,36.70086121940654,36.70086121940654,36.70086121940654,36.70086121940654,36.807902702149946,36.807902702149946,36.87375003147265,,,,34.22,34.23034013605442,35.90866523911491,35.90866523911491,35.90866523911491,35.90866523911491,35.90866523911491,35.90866523911491,35.97426509186351,35.97426509186351,35.977044270833325,36.03737528344671,36.03516164994425,36.59794422827496,36.598849637681155,36.59939100077579,36.59939100077579,36.59992894056847,37.04730598669624,37.12442589058524,37.12442589058524,37.12442589058524,37.12442589058524,37.12442589058524,37.133643882646695,37.202301607772334,37.22236635220126,37.22674802363958,37.22674802363958,37.2267871393493,37.26292693874732,37.26293945042806,37.283615198482764,37.283615198482764,37.283615198482764,37.29106935679225,37.29106935679225,37.29106935679225,37.29106935679225,37.29106935679225,37.291097195666026,37.29835231516057,37.29835231516057,37.29835231516057,37.29840364631946,37.37289504421826,37.41168169499877,37.37858532867006,37.362583288912575,37.35975661164359,37.25998945814885,37.25998945814885,37.25998945814885,37.2596884222953,37.16260693712465,37.16260693712465,37.16260693712465,37.16260693712465,37.16260693712465,37.16260693712465,37.16260693712465,37.161612955928604,37.0190424079276,36.73880336858598,36.73880336858598,37.41168169499877,37.16260693712465,35.50979166666666,37.181202215563424,36.73647261115205,36.426479391624206,36.267961083561616,"rgba(239, 83, 80, 1.0)",0.7019090634357694,35.75469971448516,-2.2007120223295353,15.301382843253206,-23.398942950410902,False,True,False,True,False,0.0,0.0,0.0,0.0,0.0,0,0.6673603884842185,1.2965660770031209,False,False,False,False,-0.34282825441539394,-0.33785891929348,False,False,False,False,-1890.0,-1653.84125188691,False,False,False,False,16.756047670141268,False,False,False,False
2025-08-19 14:00:00+00:00,34.21,34.475,34.21,34.3,19.0,,,,,,,,35.44357423795476,35.913114285714286,35.913114285714286,35.913114285714286,35.913114285714286,35.913114285714286,36.069417162698414,36.069417162698414,36.07132986627043,36.565842897220094,36.565842897220094,36.565842897220094,36.565842897220094,36.565842897220094,36.565842897220094,36.565842897220094,36.565842897220094,36.565842897220094,36.565842897220094,36.565842897220094,36.565842897220094,36.565842897220094,37.028348012232414,37.028348012232414,37.028348012232414,37.03880055535434,37.11710621574103,37.16651264679314,37.20945566251859,37.247276916631755,37.247276916631755,37.24739965095986,37.25251475229861,37.27272001823985,37.27272001823985,37.27272001823985,37.27272001823985,37.27272001823985,37.27272001823985,37.28057121096725,37.307349561715235,37.36156607758142,37.413150645549116,37.41681754440636,37.395934657332,37.3988964797419,37.2741199897225,37.2741199897225,37.2741199897225,37.2741199897225,37.26163811699023,37.258746308951324,37.24527100100604,37.24433488352606,37.13685860796952,37.13685860796952,37.13685860796952,37.13685860796952,37.13685860796952,37.13685860796952,36.895011168192994,36.84456280563464,36.73166544091897,36.73220640756303,36.75611763944191,36.7560843529488,36.66097037234358,36.66097037234358,36.66097037234358,36.665082866772515,36.665082866772515,36.665082866772515,36.665082866772515,36.665082866772515,36.665082866772515,36.697205552401805,36.697205552401805,36.697205552401805,36.697205552401805,36.697205552401805,36.697205552401805,36.804294812886084,36.804294812886084,36.87010220244379,,,,34.25958333333334,34.257720588235294,35.84688271604938,35.84688271604938,35.84688271604938,35.84688271604938,35.84688271604938,35.84688271604938,35.91492409867172,35.91492409867172,35.91805084745762,35.98387973640857,35.98260129659643,36.564874744376276,36.565842897220094,36.56640163098878,36.56640163098878,36.56695696460402,37.028348012232414,37.107629887237856,37.107629887237856,37.107629887237856,37.107629887237856,37.107629887237856,37.11710621574103,37.18828584873375,37.20945566251859,37.21412310866576,37.21412310866576,37.214164947665985,37.251421103315444,37.25143593975655,37.27263975762314,37.27263975762314,37.27263975762314,37.28034298780488,37.28034298780488,37.28034298780488,37.28034298780488,37.28034298780488,37.280372769416395,37.287853643410855,37.287853643410855,37.287853643410855,37.28790674603175,37.36327317587049,37.4030461379717,37.370809293796675,37.35492002304045,37.35210861771345,37.25295999495204,37.25295999495204,37.25295999495204,37.25266056782334,37.15602205103123,37.15602205103123,37.15602205103123,37.15602205103123,37.15602205103123,37.15602205103123,37.15602205103123,37.15503198859006,37.01307213204096,36.73392075337598,36.73392075337598,37.4030461379717,37.15602205103123,35.44357423795476,37.16651264679314,36.73166544091897,36.38641246235008,36.23308247312047,"rgba(239, 83, 80, 1.0)",0.74736674668733,35.70367404746791,-1.8781596233571258,16.022658406554157,-23.398942950410902,False,True,False,True,False,0.0,0.0,0.0,0.0,0.0,0,0.7083333333333341,1.292022792022791,False,False,False,False,-0.31683417505988404,-0.327346547176682,False,False,False,False,-1871.0,-1657.208054183237,False,False,False,False,16.790837628743727,False,False,False,False
2025-08-19 15:00:00+00:00,34.3,34.3,34.3,34.3,0.0,,,,,,,,35.44357423795476,35.913114285714286,35.913114285714286,35.913114285714286,35.913114285714286,35.913114285714286,36.069417162698414,36.069417162698414,36.07132986627043,36.565842897220094,36.565842897220094,36.565842897220094,36.565842897220094,36.565842897220094,36.565842897220094,36.565842897220094,36.565842897220094,36.565842897220094,36.565842897220094,36.565842897220094,36.565842897220094,36.565842897220094,37.028348012232414,37.028348012232414,37.028348012232414,37.03880055535434,37.11710621574103,37.16651264679314,37.20945566251859,37.247276916631755,37.247276916631755,37.24739965095986,37.25251475229861,37.27272001823985,37.27272001823985,37.27272001823985,37.27272001823985,37.27272001823985,37.27272001823985,37.28057121096725,37.307349561715235,37.36156607758142,37.413150645549116,37.41681754440636,37.395934657332,37.3988964797419,37.2741199897225,37.2741199897225,37.2741199897225,37.2741199897225,37.26163811699023,37.258746308951324,37.24527100100604,37.24433488352606,37.13685860796952,37.13685860796952,37.13685860796952,37.13685860796952,37.13685860796952,37.13685860796952,36.895011168192994,36.84456280563464,36.73166544091897,36.73220640756303,36.75611763944191,36.7560843529488,36.66097037234358,36.66097037234358,36.66097037234358,36.665082866772515,36.665082866772515,36.665082866772515,36.665082866772515,36.665082866772515,36.665082866772515,36.697205552401805,36.697205552401805,36.697205552401805,36.697205552401805,36.697205552401805,36.697205552401805,36.804294812886084,36.804294812886084,36.87010220244379,,,,34.25958333333334,34.257720588235294,35.84688271604938,35.84688271604938,35.84688271604938,35.84688271604938,35.84688271604938,35.84688271604938,35.91492409867172,35.91492409867172,35.91805084745762,35.98387973640857,35.98260129659643,36.564874744376276,36.565842897220094,36.56640163098878,36.56640163098878,36.56695696460402,37.028348012232414,37.107629887237856,37.107629887237856,37.107629887237856,37.107629887237856,37.107629887237856,37.11710621574103,37.18828584873375,37.20945566251859,37.21412310866576,37.21412310866576,37.214164947665985,37.251421103315444,37.25143593975655,37.27263975762314,37.27263975762314,37.27263975762314,37.28034298780488,37.28034298780488,37.28034298780488,37.28034298780488,37.28034298780488,37.280372769416395,37.287853643410855,37.287853643410855,37.287853643410855,37.28790674603175,37.36327317587049,37.4030461379717,37.370809293796675,37.35492002304045,37.35210861771345,37.25295999495204,37.25295999495204,37.25295999495204,37.25266056782334,37.15602205103123,37.15602205103123,37.15602205103123,37.15602205103123,37.15602205103123,37.15602205103123,37.15602205103123,37.15503198859006,37.01307213204096,36.73392075337598,36.73392075337598,37.4030461379717,37.15602205103123,35.44357423795476,37.16651264679314,36.73166544091897,36.38641246235008,36.23308247312047,"rgba(239, 83, 80, 1.0)",0.7877005707685775,35.70367404746791,-1.781989374589788,16.503508782088126,-23.398942950410902,False,True,False,True,False,0.0,0.0,0.0,0.0,0.0,0,0.7026734104046245,1.2850433526011553,False,False,False,False,-0.3261868720676044,-0.32676670962214316,False,False,False,False,-1871.0,-1660.5226579943496,False,False,False,False,16.530514564732197,False,False,False,False
2025-08-19 16:00:00+00:00,34.3,34.3,34.3,34.3,0.0,,,,,,,,35.44357423795476,35.913114285714286,35.913114285714286,35.913114285714286,35.913114285714286,35.913114285714286,36.069417162698414,36.069417162698414,36.07132986627043,36.565842897220094,36.565842897220094,36.565842897220094,36.565842897220094,36.565842897220094,36.565842897220094,36.565842897220094,36.565842897220094,36.565842897220094,36.565842897220094,36.565842897220094,36.565842897220094,36.565842897220094,37.028348012232414,37.028348012232414,37.028348012232414,37.03880055535434,37.11710621574103,37.16651264679314,37.20945566251859,37.247276916631755,37.247276916631755,37.24739965095986,37.25251475229861,37.27272001823985,37.27272001823985,37.27272001823985,37.27272001823985,37.27272001823985,37.27272001823985,37.28057121096725,37.307349561715235,37.36156607758142,37.413150645549116,37.41681754440636,37.395934657332,37.3988964797419,37.2741199897225,37.2741199897225,37.2741199897225,37.2741199897225,37.26163811699023,37.258746308951324,37.24527100100604,37.24433488352606,37.13685860796952,37.13685860796952,37.13685860796952,37.13685860796952,37.13685860796952,37.13685860796952,36.895011168192994,36.84456280563464,36.73166544091897,36.73220640756303,36.75611763944191,36.7560843529488,36.66097037234358,36.66097037234358,36.66097037234358,36.665082866772515,36.665082866772515,36.665082866772515,36.665082866772515,36.665082866772515,36.665082866772515,36.697205552401805,36.697205552401805,36.697205552401805,36.697205552401805,36.697205552401805,36.697205552401805,36.804294812886084,36.804294812886084,36.87010220244379,,,,34.25958333333334,34.257720588235294,35.84688271604938,35.84688271604938,35.84688271604938,35.84688271604938,35.84688271604938,35.84688271604938,35.91492409867172,35.91492409867172,35.91805084745762,35.98387973640857,35.98260129659643,36.564874744376276,36.565842897220094,36.56640163098878,36.56640163098878,36.56695696460402,37.028348012232414,37.107629887237856,37.107629887237856,37.107629887237856,37.107629887237856,37.107629887237856,37.11710621574103,37.18828584873375,37.20945566251859,37.21412310866576,37.21412310866576,37.214164947665985,37.251421103315444,37.25143593975655,37.27263975762314,37.27263975762314,37.27263975762314,37.28034298780488,37.28034298780488,37.28034298780488,37.28034298780488,37.28034298780488,37.280372769416395,37.287853643410855,37.287853643410855,37.287853643410855,37.28790674603175,37.36327317587049,37.4030461379717,37.370809293796675,37.35492002304045,37.35210861771345,37.25295999495204,37.25295999495204,37.25295999495204,37.25266056782334,37.15602205103123,37.15602205103123,37.15602205103123,37.15602205103123,37.15602205103123,37.15602205103123,37.15602205103123,37.15503198859006,37.01307213204096,36.73392075337598,36.73392075337598,37.4030461379717,37.15602205103123,35.44357423795476,37.16651264679314,36.73166544091897,36.38641246235008,36.23308247312047,"rgba(239, 83, 80, 1.0)",0.826412996897676,35.70367404746791,-1.6985140029709807,16.82407569911077,-23.812398905165644,False,True,False,True,False,0.0,0.0,0.0,0.0,0.0,0,0.6879971077368047,1.2859725234996375,False,False,False,False,-0.3260359395132475,-0.32640132456769533,False,False,False,False,-1871.0,-1663.7858725990884,False,False,False,False,16.274227517216968,False,False,False,False
2025-08-19 17:00:00+00:00,34.3,34.3,34.3,34.3,0.0,,,,,,,,35.44357423795476,35.913114285714286,35.913114285714286,35.913114285714286,35.913114285714286,35.913114285714286,36.069417162698414,36.069417162698414,36.07132986627043,36.565842897220094,36.565842897220094,36.565842897220094,36.565842897220094,36.565842897220094,36.565842897220094,36.565842897220094,36.565842897220094,36.565842897220094,36.565842897220094,36.565842897220094,36.565842897220094,36.565842897220094,37.028348012232414,37.028348012232414,37.028348012232414,37.03880055535434,37.11710621574103,37.16651264679314,37.20945566251859,37.247276916631755,37.247276916631755,37.24739965095986,37.25251475229861,37.27272001823985,37.27272001823985,37.27272001823985,37.27272001823985,37.27272001823985,37.27272001823985,37.28057121096725,37.307349561715235,37.36156607758142,37.413150645549116,37.41681754440636,37.395934657332,37.3988964797419,37.2741199897225,37.2741199897225,37.2741199897225,37.2741199897225,37.26163811699023,37.258746308951324,37.24527100100604,37.24433488352606,37.13685860796952,37.13685860796952,37.13685860796952,37.13685860796952,37.13685860796952,37.13685860796952,36.895011168192994,36.84456280563464,36.73166544091897,36.73220640756303,36.75611763944191,36.7560843529488,36.66097037234358,36.66097037234358,36.66097037234358,36.665082866772515,36.665082866772515,36.665082866772515,36.665082866772515,36.665082866772515,36.665082866772515,36.697205552401805,36.697205552401805,36.697205552401805,36.697205552401805,36.697205552401805,36.697205552401805,36.804294812886084,36.804294812886084,36.87010220244379,,,,34.25958333333334,34.257720588235294,35.84688271604938,35.84688271604938,35.84688271604938,35.84688271604938,35.84688271604938,35.84688271604938,35.91492409867172,35.91492409867172,35.91805084745762,35.98387973640857,35.98260129659643,36.564874744376276,36.565842897220094,36.56640163098878,36.56640163098878,36.56695696460402,37.028348012232414,37.107629887237856,37.107629887237856,37.107629887237856,37.107629887237856,37.107629887237856,37.11710621574103,37.18828584873375,37.20945566251859,37.21412310866576,37.21412310866576,37.214164947665985,37.251421103315444,37.25143593975655,37.27263975762314,37.27263975762314,37.27263975762314,37.28034298780488,37.28034298780488,37.28034298780488,37.28034298780488,37.28034298780488,37.280372769416395,37.287853643410855,37.287853643410855,37.287853643410855,37.28790674603175,37.36327317587049,37.4030461379717,37.370809293796675,37.35492002304045,37.35210861771345,37.25295999495204,37.25295999495204,37.25295999495204,37.25266056782334,37.15602205103123,37.15602205103123,37.15602205103123,37.15602205103123,37.15602205103123,37.15602205103123,37.15602205103123,37.15503198859006,37.01307213204096,36.73392075337598,36.73392075337598,37.4030461379717,37.15602205103123,35.44357423795476,37.16651264679314,36.73166544091897,36.38641246235008,36.23308247312047,"rgba(239, 83, 80, 1.0)",0.861857396076132,35.70367404746791,-1.6286616020916795,17.03778697712587,-24.468508614353258,False,True,False,True,False,0.0,0.0,0.0,0.0,0.0,0,0.6907703488372101,1.2874273255813944,False,False,False,False,-0.3258563538784646,-0.32612883922308,False,False,False,False,-1871.0,-1666.998494729335,False,False,False,False,16.021913912298874,False,False,False,False
2025-08-19 18:00:00+00:00,34.3,34.3,34.3,34.3,0.0,,,,,,,,35.44357423795476,35.913114285714286,35.913114285714286,35.913114285714286,35.913114285714286,35.913114285714286,36.069417162698414,36.069417162698414,36.07132986627043,36.565842897220094,36.565842897220094,36.565842897220094,36.565842897220094,36.565842897220094,36.565842897220094,36.565842897220094,36.565842897220094,36.565842897220094,36.565842897220094,36.565842897220094,36.565842897220094,36.565842897220094,37.028348012232414,37.028348012232414,37.028348012232414,37.03880055535434,37.11710621574103,37.16651264679314,37.20945566251859,37.247276916631755,37.247276916631755,37.24739965095986,37.25251475229861,37.27272001823985,37.27272001823985,37.27272001823985,37.27272001823985,37.27272001823985,37.27272001823985,37.28057121096725,37.307349561715235,37.36156607758142,37.413150645549116,37.41681754440636,37.395934657332,37.3988964797419,37.2741199897225,37.2741199897225,37.2741199897225,37.2741199897225,37.26163811699023,37.258746308951324,37.24527100100604,37.24433488352606,37.13685860796952,37.13685860796952,37.13685860796952,37.13685860796952,37.13685860796952,37.13685860796952,36.895011168192994,36.84456280563464,36.73166544091897,36.73220640756303,36.75611763944191,36.7560843529488,36.66097037234358,36.66097037234358,36.66097037234358,36.665082866772515,36.665082866772515,36.665082866772515,36.665082866772515,36.665082866772515,36.665082866772515,36.697205552401805,36.697205552401805,36.697205552401805,36.697205552401805,36.697205552401805,36.697205552401805,36.804294812886084,36.804294812886084,36.87010220244379,,,,34.25958333333334,34.257720588235294,35.84688271604938,35.84688271604938,35.84688271604938,35.84688271604938,35.84688271604938,35.84688271604938,35.91492409867172,35.91492409867172,35.91805084745762,35.98387973640857,35.98260129659643,36.564874744376276,36.565842897220094,36.56640163098878,36.56640163098878,36.56695696460402,37.028348012232414,37.107629887237856,37.107629887237856,37.107629887237856,37.107629887237856,37.107629887237856,37.11710621574103,37.18828584873375,37.20945566251859,37.21412310866576,37.21412310866576,37.214164947665985,37.251421103315444,37.25143593975655,37.27263975762314,37.27263975762314,37.27263975762314,37.28034298780488,37.28034298780488,37.28034298780488,37.28034298780488,37.28034298780488,37.280372769416395,37.287853643410855,37.287853643410855,37.287853643410855,37.28790674603175,37.36327317587049,37.4030461379717,37.370809293796675,37.35492002304045,37.35210861771345,37.25295999495204,37.25295999495204,37.25295999495204,37.25266056782334,37.15602205103123,37.15602205103123,37.15602205103123,37.15602205103123,37.15602205103123,37.15602205103123,37.15602205103123,37.15503198859006,37.01307213204096,36.73392075337598,36.73392075337598,37.4030461379717,37.15602205103123,35.44357423795476,37.16651264679314,36.73166544091897,36.38641246235008,36.23308247312047,"rgba(239, 83, 80, 1.0)",0.8944223713539037,35.70367404746791,-1.5693637507558638,17.180261162469264,-25.208220618626093,False,True,False,True,False,0.0,0.0,0.0,0.0,0.0,0,0.6907703488372101,1.2823401162790686,False,False,False,False,-0.32580433594682345,-0.32596658758495173,False,False,False,False,-1871.0,-1670.1613087645392,False,False,False,False,15.77351214621672,False,False,False,False
2025-08-19 19:00:00+00:00,34.3,34.425,34.24,34.425,19.0,,,,,,,,35.38624301675977,35.85898590686274,35.85898590686274,35.85898590686274,35.85898590686274,35.85898590686274,36.02250602990834,36.02250602990834,36.02443400770713,36.53428355957767,36.53428355957767,36.53428355957767,36.53428355957767,36.53428355957767,36.53428355957767,36.53428355957767,36.53428355957767,36.53428355957767,36.53428355957767,36.53428355957767,36.53428355957767,36.53428355957767,37.00989492225462,37.00989492225462,37.00989492225462,37.020514988009595,37.100967509767635,37.1521528713939,37.19681510051426,37.23584463453648,37.23584463453648,37.23596926713948,37.241258970678686,37.26195710020768,37.26195710020768,37.26195710020768,37.26195710020768,37.26195710020768,37.26195710020768,37.270055650414214,37.297444070597955,37.35209849869814,37.40409083802377,37.407804619128996,37.38772442291251,37.39070972320794,37.267032337989654,37.267032337989654,37.267032337989654,37.267032337989654,37.254667510548515,37.25180111938728,37.23840149709363,37.2374710553814,37.13046489525196,37.13046489525196,37.13046489525196,37.13046489525196,37.13046489525196,37.13046489525196,36.889650432779824,36.839412214574466,36.72694715319283,36.72748803158961,36.75171061134807,36.75167781331783,36.657100582099694,36.657100582099694,36.657100582099694,36.66143417320207,36.66143417320207,36.66143417320207,36.66143417320207,36.66143417320207,36.66143417320207,36.69361497975708,36.69361497975708,36.69361497975708,36.69361497975708,36.69361497975708,36.69361497975708,36.80074826030433,36.80074826030433,36.866514900454405,,,,34.28734741784037,34.28078544061302,35.79106600660066,35.79106600660066,35.79106600660066,35.79106600660066,35.79106600660066,35.79106600660066,35.860931013431006,35.860931013431006,35.864342424242416,35.934693823216186,35.93422693920335,36.53325774754346,36.53428355957767,36.534858075860335,36.534858075860335,36.53542921686746,37.00989492225462,37.09124345275508,37.09124345275508,37.09124345275508,37.09124345275508,37.09124345275508,37.100967509767635,37.17457598978289,37.19681510051426,37.20175949174466,37.20175949174466,37.2018039707896,37.24014182939362,37.24015892588025,37.26187504057124,37.26187504057124,37.26187504057124,37.26982026454022,37.26982026454022,37.26982026454022,37.26982026454022,37.26982026454022,37.26985193621868,37.2775522185144,37.2775522185144,37.2775522185144,37.27760704355885,37.35382219642956,37.394556568180704,37.36316180406851,37.34738354105895,37.344587196467984,37.246047882831846,37.246047882831846,37.246047882831846,37.245750041960385,37.1495488186735,37.1495488186735,37.1495488186735,37.1495488186735,37.1495488186735,37.1495488186735,37.1495488186735,37.14856262958897,37.00720577953858,36.7291286307054,36.7291286307054,37.394556568180704,37.1495488186735,35.38624301675977,37.1521528713939,36.72694715319283,36.34903958639483,36.20037681932353,"rgba(239, 83, 80, 0.75)",0.9207137116056778,35.657010875956466,-1.3381041907238513,20.04545453179675,-25.208220618626093,False,True,False,True,True,0.0,0.0,0.0,0.0,0.0,0,0.6921137918617222,1.2722362261433195,False,False,False,False,-0.318371914371169,-0.3221692509780604,False,False,False,False,-1852.0,-1672.9805132798176,False,False,False,False,15.823535213717237,False,False,False,False
2025-08-20 14:00:00+00:00,34.425,34.425,34.425,34.425,0.0,,,,,,,,35.38624301675977,35.85898590686274,35.85898590686274,35.85898590686274,35.85898590686274,35.85898590686274,36.02250602990834,36.02250602990834,36.02443400770713,36.53428355957767,36.53428355957767,36.53428355957767,36.53428355957767,36.53428355957767,36.53428355957767,36.53428355957767,36.53428355957767,36.53428355957767,36.53428355957767,36.53428355957767,36.53428355957767,36.53428355957767,37.00989492225462,37.00989492225462,37.00989492225462,37.020514988009595,37.100967509767635,37.1521528713939,37.19681510051426,37.23584463453648,37.23584463453648,37.23596926713948,37.241258970678686,37.26195710020768,37.26195710020768,37.26195710020768,37.26195710020768,37.26195710020768,37.26195710020768,37.270055650414214,37.297444070597955,37.35209849869814,37.40409083802377,37.407804619128996,37.38772442291251,37.39070972320794,37.267032337989654,37.267032337989654,37.267032337989654,37.267032337989654,37.254667510548515,37.25180111938728,37.23840149709363,37.2374710553814,37.13046489525196,37.13046489525196,37.13046489525196,37.13046489525196,37.13046489525196,37.13046489525196,36.889650432779824,36.839412214574466,36.72694715319283,36.72748803158961,36.75171061134807,36.75167781331783,36.657100582099694,36.657100582099694,36.657100582099694,36.66143417320207,36.66143417320207,36.66143417320207,36.66143417320207,36.66143417320207,36.66143417320207,36.69361497975708,36.69361497975708,36.69361497975708,36.69361497975708,36.69361497975708,36.69361497975708,36.80074826030433,36.80074826030433,36.866514900454405,,,,34.28734741784037,34.28078544061302,35.79106600660066,35.79106600660066,35.79106600660066,35.79106600660066,35.79106600660066,35.79106600660066,35.860931013431006,35.860931013431006,35.864342424242416,35.934693823216186,35.93422693920335,36.53325774754346,36.53428355957767,36.534858075860335,36.534858075860335,36.53542921686746,37.00989492225462,37.09124345275508,37.09124345275508,37.09124345275508,37.09124345275508,37.09124345275508,37.100967509767635,37.17457598978289,37.19681510051426,37.20175949174466,37.20175949174466,37.2018039707896,37.24014182939362,37.24015892588025,37.26187504057124,37.26187504057124,37.26187504057124,37.26982026454022,37.26982026454022,37.26982026454022,37.26982026454022,37.26982026454022,37.26985193621868,37.2775522185144,37.2775522185144,37.2775522185144,37.27760704355885,37.35382219642956,37.394556568180704,37.36316180406851,37.34738354105895,37.344587196467984,37.246047882831846,37.246047882831846,37.246047882831846,37.245750041960385,37.1495488186735,37.1495488186735,37.1495488186735,37.1495488186735,37.1495488186735,37.1495488186735,37.1495488186735,37.14856262958897,37.00720577953858,36.7291286307054,36.7291286307054,37.394556568180704,37.1495488186735,35.38624301675977,37.1521528713939,36.72694715319283,36.34903958639483,36.20037681932353,"rgba(239, 83, 80, 0.75)",0.9450016349668701,35.657010875956466,-1.3037129570676995,21.955583444681743,-25.208220618626093,False,True,False,True,True,0.0,0.0,0.0,0.0,0.0,0,0.7050126217093405,1.2697439596105295,False,False,False,False,-0.2976200531699829,-0.30989465207402167,False,False,False,False,-1852.0,-1675.7560091979599,False,False,False,False,15.578209086372784,False,False,False,False
2025-08-20 15:00:00+00:00,34.425,34.865,34.425,34.865,10.0,,,,,,,,35.36809329710144,35.838396510228634,35.838396510228634,35.838396510228634,35.838396510228634,35.838396510228634,36.00390156918688,36.00390156918688,36.00582858499525,36.52069111776447,36.52069111776447,36.52069111776447,36.52069111776447,36.52069111776447,36.52069111776447,36.52069111776447,36.52069111776447,36.52069111776447,36.52069111776447,36.52069111776447,36.52069111776447,36.52069111776447,37.00157407407408,37.00157407407408,37.00157407407408,37.01226344086022,37.09364083640836,37.14560858653759,37.1910350590796,37.23060309528766,37.23060309528766,37.230728559533716,37.23609644635426,37.257014185775354,37.257014185775354,37.257014185775354,37.257014185775354,37.257014185775354,37.257014185775354,37.26522375812661,37.292884921336395,37.34772855483657,37.39989827245291,37.4036329558968,37.383926199962055,37.38692180486652,37.26377021203976,37.26377021203976,37.26377021203976,37.26377021203976,37.25146101980615,37.248606733072755,37.23524391262582,37.23431621790858,37.12754180804654,37.12754180804654,37.12754180804654,37.12754180804654,37.12754180804654,37.12754180804654,36.887233292515496,36.83709738440832,36.72484323173074,36.725383984361365,36.74974142940151,36.74970885381364,36.65538349127624,36.65538349127624,36.65538349127624,36.65981438257197,36.65981438257197,36.65981438257197,36.65981438257197,36.65981438257197,36.65981438257197,36.692016855447676,36.692016855447676,36.692016855447676,36.692016855447676,36.692016855447676,36.692016855447676,36.79915705152695,36.79915705152695,36.864898146057534,,,,34.340555555555554,34.325893470790376,35.77023624595469,35.77023624595469,35.77023624595469,35.77023624595469,35.77023624595469,35.77023624595469,35.84038069544364,35.84038069544364,35.84387797619047,35.915568658280925,35.91540505675954,36.51964241060265,36.52069111776447,36.52127150336574,36.52127150336574,36.52184853014449,37.00157407407408,37.08380952380953,37.08380952380953,37.08380952380953,37.08380952380953,37.08380952380953,37.09364083640836,37.168318046709125,37.1910350590796,37.196103772868746,37.196103772868746,37.1961494383728,37.23496888888888,37.234987011211366,37.25693132491091,37.25693132491091,37.25693132491091,37.26498515570716,37.26498515570716,37.26498515570716,37.26498515570716,37.26498515570716,37.265017683465956,37.272816432272386,37.272816432272386,37.272816432272386,37.27287203206907,37.34945952656845,37.390628455403885,37.35962688229528,37.34390227754237,37.341113315696646,37.24286956703969,37.24286956703969,37.24286956703969,37.24257250020953,37.146586450590966,37.146586450590966,37.146586450590966,37.146586450590966,37.146586450590966,37.146586450590966,37.146586450590966,37.145602184594146,37.00454182184979,36.72699153292947,36.72699153292947,37.390628455403885,37.146586450590966,35.36809329710144,37.14560858653759,36.72484323173074,36.33389657299096,36.19049868715862,"rgba(239, 83, 80, 0.75)",0.9571035603450624,35.64351714377414,-0.813409515991625,30.890695887857483,-26.009878444558822,False,True,False,True,True,0.0,0.0,0.0,0.0,0.0,0,0.7161924833157713,1.2318229715489981,False,False,False,False,-0.2492138942939177,-0.2795542731839697,False,False,False,False,-1842.0,-1678.333435411945,False,False,False,False,15.491725224568555,False,False,False,False
2025-08-20 16:00:00+00:00,34.865,34.865,34.865,34.865,0.0,,,,,,,,35.36809329710144,35.838396510228634,35.838396510228634,35.838396510228634,35.838396510228634,35.838396510228634,36.00390156918688,36.00390156918688,36.00582858499525,36.52069111776447,36.52069111776447,36.52069111776447,36.52069111776447,36.52069111776447,36.52069111776447,36.52069111776447,36.52069111776447,36.52069111776447,36.52069111776447,36.52069111776447,36.52069111776447,36.52069111776447,37.00157407407408,37.00157407407408,37.00157407407408,37.01226344086022,37.09364083640836,37.14560858653759,37.1910350590796,37.23060309528766,37.23060309528766,37.230728559533716,37.23609644635426,37.257014185775354,37.257014185775354,37.257014185775354,37.257014185775354,37.257014185775354,37.257014185775354,37.26522375812661,37.292884921336395,37.34772855483657,37.39989827245291,37.4036329558968,37.383926199962055,37.38692180486652,37.26377021203976,37.26377021203976,37.26377021203976,37.26377021203976,37.25146101980615,37.248606733072755,37.23524391262582,37.23431621790858,37.12754180804654,37.12754180804654,37.12754180804654,37.12754180804654,37.12754180804654,37.12754180804654,36.887233292515496,36.83709738440832,36.72484323173074,36.725383984361365,36.74974142940151,36.74970885381364,36.65538349127624,36.65538349127624,36.65538349127624,36.65981438257197,36.65981438257197,36.65981438257197,36.65981438257197,36.65981438257197,36.65981438257197,36.692016855447676,36.692016855447676,36.692016855447676,36.692016855447676,36.692016855447676,36.692016855447676,36.79915705152695,36.79915705152695,36.864898146057534,,,,34.340555555555554,34.325893470790376,35.77023624595469,35.77023624595469,35.77023624595469,35.77023624595469,35.77023624595469,35.77023624595469,35.84038069544364,35.84038069544364,35.84387797619047,35.915568658280925,35.91540505675954,36.51964241060265,36.52069111776447,36.52127150336574,36.52127150336574,36.52184853014449,37.00157407407408,37.08380952380953,37.08380952380953,37.08380952380953,37.08380952380953,37.08380952380953,37.09364083640836,37.168318046709125,37.1910350590796,37.196103772868746,37.196103772868746,37.1961494383728,37.23496888888888,37.234987011211366,37.25693132491091,37.25693132491091,37.25693132491091,37.26498515570716,37.26498515570716,37.26498515570716,37.26498515570716,37.26498515570716,37.265017683465956,37.272816432272386,37.272816432272386,37.272816432272386,37.27287203206907,37.34945952656845,37.390628455403885,37.35962688229528,37.34390227754237,37.341113315696646,37.24286956703969,37.24286956703969,37.24286956703969,37.24257250020953,37.146586450590966,37.146586450590966,37.146586450590966,37.146586450590966,37.146586450590966,37.146586450590966,37.146586450590966,37.145602184594146,37.00454182184979,36.72699153292947,36.72699153292947,37.390628455403885,37.146586450590966,35.36809329710144,37.14560858653759,36.72484323173074,36.33389657299096,36.19049868715862,"rgba(239, 83, 80, 0.75)",0.9659077092055299,35.64351714377414,-0.8059953723886079,36.84743751664131,-20.586912060437612,False,True,False,True,True,0.0,0.0,0.0,0.0,0.0,0,0.7471022128556382,1.2269055145767465,False,False,False,False,-0.20192644453026265,-0.24074035885711617,False,False,False,False,-1842.0,-1680.8709015295892,False,False,False,False,15.251543438141134,False,False,False,False
2025-08-20 17:00:00+00:00,34.865,34.865,34.865,34.865,0.0,,,,,,,,35.36809329710144,35.838396510228634,35.838396510228634,35.838396510228634,35.838396510228634,35.838396510228634,36.00390156918688,36.00390156918688,36.00582858499525,36.52069111776447,36.52069111776447,36.52069111776447,36.52069111776447,36.52069111776447,36.52069111776447,36.52069111776447,36.52069111776447,36.52069111776447,36.52069111776447,36.52069111776447,36.52069111776447,36.52069111776447,37.00157407407408,37.00157407407408,37.00157407407408,37.01226344086022,37.09364083640836,37.14560858653759,37.1910350590796,37.23060309528766,37.23060309528766,37.230728559533716,37.23609644635426,37.257014185775354,37.257014185775354,37.257014185775354,37.257014185775354,37.257014185775354,37.257014185775354,37.26522375812661,37.292884921336395,37.34772855483657,37.39989827245291,37.4036329558968,37.383926199962055,37.38692180486652,37.26377021203976,37.26377021203976,37.26377021203976,37.26377021203976,37.25146101980615,37.248606733072755,37.23524391262582,37.23431621790858,37.12754180804654,37.12754180804654,37.12754180804654,37.12754180804654,37.12754180804654,37.12754180804654,36.887233292515496,36.83709738440832,36.72484323173074,36.725383984361365,36.74974142940151,36.74970885381364,36.65538349127624,36.65538349127624,36.65538349127624,36.65981438257197,36.65981438257197,36.65981438257197,36.65981438257197,36.65981438257197,36.65981438257197,36.692016855447676,36.692016855447676,36.692016855447676,36.692016855447676,36.692016855447676,36.692016855447676,36.79915705152695,36.79915705152695,36.864898146057534,,,,34.340555555555554,34.325893470790376,35.77023624595469,35.77023624595469,35.77023624595469,35.77023624595469,35.77023624595469,35.77023624595469,35.84038069544364,35.84038069544364,35.84387797619047,35.915568658280925,35.91540505675954,36.51964241060265,36.52069111776447,36.52127150336574,36.52127150336574,36.52184853014449,37.00157407407408,37.08380952380953,37.08380952380953,37.08380952380953,37.08380952380953,37.08380952380953,37.09364083640836,37.168318046709125,37.1910350590796,37.196103772868746,37.196103772868746,37.1961494383728,37.23496888888888,37.234987011211366,37.25693132491091,37.25693132491091,37.25693132491091,37.26498515570716,37.26498515570716,37.26498515570716,37.26498515570716,37.26498515570716,37.265017683465956,37.272816432272386,37.272816432272386,37.272816432272386,37.27287203206907,37.34945952656845,37.390628455403885,37.35962688229528,37.34390227754237,37.341113315696646,37.24286956703969,37.24286956703969,37.24286956703969,37.24257250020953,37.146586450590966,37.146586450590966,37.146586450590966,37.146586450590966,37.146586450590966,37.146586450590966,37.146586450590966,37.145602184594146,37.00454182184979,36.72699153292947,36.72699153292947,37.390628455403885,37.146586450590966,35.36809329710144,37.14560858653759,36.72484323173074,36.33389657299096,36.19049868715862,"rgba(239, 83, 80, 0.5)",0.9703616071592193,35.64351714377414,-0.8022959049805001,40.81859860249719,-17.057109256668227,False,False,False,True,True,0.0,0.0,0.0,0.0,0.0,0,0.7518557794273603,1.2283492400141385,False,False,False,False,-0.20192644453026265,-0.22133340169368942,False,False,False,False,-1842.0,-1683.36902708727,False,False,False,False,15.015085400340496,False,False,False,False
2025-08-20 18:00:00+00:00,34.865,34.865,34.865,34.865,0.0,,,,,,,,35.36809329710144,35.838396510228634,35.838396510228634,35.838396510228634,35.838396510228634,35.838396510228634,36.00390156918688,36.00390156918688,36.00582858499525,36.52069111776447,36.52069111776447,36.52069111776447,36.52069111776447,36.52069111776447,36.52069111776447,36.52069111776447,36.52069111776447,36.52069111776447,36.52069111776447,36.52069111776447,36.52069111776447,36.52069111776447,37.00157407407408,37.00157407407408,37.00157407407408,37.01226344086022,37.09364083640836,37.14560858653759,37.1910350590796,37.23060309528766,37.23060309528766,37.230728559533716,37.23609644635426,37.257014185775354,37.257014185775354,37.257014185775354,37.257014185775354,37.257014185775354,37.257014185775354,37.26522375812661,37.292884921336395,37.34772855483657,37.39989827245291,37.4036329558968,37.383926199962055,37.38692180486652,37.26377021203976,37.26377021203976,37.26377021203976,37.26377021203976,37.25146101980615,37.248606733072755,37.23524391262582,37.23431621790858,37.12754180804654,37.12754180804654,37.12754180804654,37.12754180804654,37.12754180804654,37.12754180804654,36.887233292515496,36.83709738440832,36.72484323173074,36.725383984361365,36.74974142940151,36.74970885381364,36.65538349127624,36.65538349127624,36.65538349127624,36.65981438257197,36.65981438257197,36.65981438257197,36.65981438257197,36.65981438257197,36.65981438257197,36.692016855447676,36.692016855447676,36.692016855447676,36.692016855447676,36.692016855447676,36.692016855447676,36.79915705152695,36.79915705152695,36.864898146057534,,,,34.340555555555554,34.325893470790376,35.77023624595469,35.77023624595469,35.77023624595469,35.77023624595469,35.77023624595469,35.77023624595469,35.84038069544364,35.84038069544364,35.84387797619047,35.915568658280925,35.91540505675954,36.51964241060265,36.52069111776447,36.52127150336574,36.52127150336574,36.52184853014449,37.00157407407408,37.08380952380953,37.08380952380953,37.08380952380953,37.08380952380953,37.08380952380953,37.09364083640836,37.168318046709125,37.1910350590796,37.196103772868746,37.196103772868746,37.1961494383728,37.23496888888888,37.234987011211366,37.25693132491091,37.25693132491091,37.25693132491091,37.26498515570716,37.26498515570716,37.26498515570716,37.26498515570716,37.26498515570716,37.265017683465956,37.272816432272386,37.272816432272386,37.272816432272386,37.27287203206907,37.34945952656845,37.390628455403885,37.35962688229528,37.34390227754237,37.341113315696646,37.24286956703969,37.24286956703969,37.24286956703969,37.24257250020953,37.146586450590966,37.146586450590966,37.146586450590966,37.146586450590966,37.146586450590966,37.146586450590966,37.146586450590966,37.145602184594146,37.00454182184979,36.72699153292947,36.72699153292947,37.390628455403885,37.146586450590966,35.36809329710144,37.14560858653759,36.72484323173074,36.33389657299096,36.19049868715862,"rgba(239, 83, 80, 0.5)",0.9735782981880192,35.64351714377414,-0.7996451289260246,43.466039326401116,-14.64185359132344,False,False,False,True,True,0.0,0.0,0.0,0.0,0.0,0,0.7518557794273603,1.2219865676917627,False,False,False,False,-0.20192644453026265,-0.21162992311197604,False,False,False,False,-1842.0,-1685.8284220161497,False,False,False,False,14.78229337862979,False,False,False,False
2025-08-20 19:00:00+00:00,34.865,34.865,34.35,34.35,11.0,,,,,,,,35.343526824978,35.8127610619469,35.8127610619469,35.8127610619469,35.8127610619469,35.8127610619469,35.98100187265918,35.98100187265918,35.982931276297336,36.50436649344222,36.50436649344222,36.50436649344222,36.50436649344222,36.50436649344222,36.50436649344222,36.50436649344222,36.50436649344222,36.50436649344222,36.50436649344222,36.50436649344222,36.50436649344222,36.50436649344222,36.99170825798674,36.99170825798674,36.99170825798674,37.00248244674521,37.08497037491061,37.13787042001787,37.184204853841976,37.22441316992106,37.22441316992106,37.224539633091034,37.230000340274934,37.25117962639777,37.25117962639777,37.25117962639777,37.25117962639777,37.25117962639777,37.25117962639777,37.25952097505669,37.28750676311456,37.34258004858121,37.39496441743287,37.398724063177454,37.379453284083915,37.38246131710538,37.25991500511247,37.25991500511247,37.25991500511247,37.25991500511247,37.24767011740941,37.24482980777302,37.23150900900901,37.23058445889612,37.124072774214376,37.124072774214376,37.124072774214376,37.124072774214376,37.124072774214376,37.124072774214376,36.884340115632654,36.83432108858369,36.722307665480926,36.72284832635983,36.74737044919545,36.74733813761528,36.653306789358815,36.653306789358815,36.653306789358815,36.657855556480946,36.657855556480946,36.657855556480946,36.657855556480946,36.657855556480946,36.657855556480946,36.69008703149839,36.69008703149839,36.69008703149839,36.69008703149839,36.69008703149839,36.69008703149839,36.79724436300706,36.79724436300706,36.862959843585486,,,,34.36221014492754,34.34583333333333,35.74412547528517,35.74412547528517,35.74412547528517,35.74412547528517,35.74412547528517,35.74412547528517,35.814797178130505,35.814797178130505,35.81840630472854,35.89187017001546,35.892070015220696,36.50328993055556,36.50436649344222,36.504954253214635,36.504954253214635,36.50553867062021,36.99170825798674,37.07501040691019,37.07501040691019,37.07501040691019,37.07501040691019,37.07501040691019,37.08497037491061,37.16092140921409,37.184204853841976,37.189420717855526,37.189420717855526,37.18946778711485,37.22886034929731,37.22887968078575,37.25109581070597,37.25109581070597,37.25109581070597,37.25927855521937,37.25927855521937,37.25927855521937,37.25927855521937,37.25927855521937,37.25931209428373,37.26722776238843,37.26722776238843,37.26722776238843,37.267284281142295,37.344319784093415,37.386003810082066,37.35546065216423,37.33979747895456,37.33701690661736,37.23911099949774,37.23911099949774,37.23911099949774,37.23881481481481,37.1430729293421,37.1430729293421,37.1430729293421,37.1430729293421,37.1430729293421,37.1430729293421,37.1430729293421,37.14209083536091,37.001367158743086,36.72441631280963,36.72441631280963,37.386003810082066,37.1430729293421,35.343526824978,37.13787042001787,36.722307665480926,36.31536625380149,36.17518285778773,"rgba(239, 83, 80, 0.5)",0.9928072039142962,35.62251843661636,-1.2817377146330706,39.260670060130835,-14.64185359132344,False,False,False,True,False,0.0,0.0,0.0,0.0,0.0,0,0.7254433833560717,1.214188267394269,False,False,False,False,-0.2573786949742527,-0.23450430904311437,False,False,False,False,-1853.0,-1688.420229426752,False,False,False,False,14.723653171209174,False,False,False,False
2025-08-21 14:00:00+00:00,35.09,35.09,35.09,35.09,0.0,,,,,,,,35.343526824978,35.8127610619469,35.8127610619469,35.8127610619469,35.8127610619469,35.8127610619469,35.98100187265918,35.98100187265918,35.982931276297336,36.50436649344222,36.50436649344222,36.50436649344222,36.50436649344222,36.50436649344222,36.50436649344222,36.50436649344222,36.50436649344222,36.50436649344222,36.50436649344222,36.50436649344222,36.50436649344222,36.50436649344222,36.99170825798674,36.99170825798674,36.99170825798674,37.00248244674521,37.08497037491061,37.13787042001787,37.184204853841976,37.22441316992106,37.22441316992106,37.224539633091034,37.230000340274934,37.25117962639777,37.25117962639777,37.25117962639777,37.25117962639777,37.25117962639777,37.25117962639777,37.25952097505669,37.28750676311456,37.34258004858121,37.39496441743287,37.398724063177454,37.379453284083915,37.38246131710538,37.25991500511247,37.25991500511247,37.25991500511247,37.25991500511247,37.24767011740941,37.24482980777302,37.23150900900901,37.23058445889612,37.124072774214376,37.124072774214376,37.124072774214376,37.124072774214376,37.124072774214376,37.124072774214376,36.884340115632654,36.83432108858369,36.722307665480926,36.72284832635983,36.74737044919545,36.74733813761528,36.653306789358815,36.653306789358815,36.653306789358815,36.657855556480946,36.657855556480946,36.657855556480946,36.657855556480946,36.657855556480946,36.657855556480946,36.69008703149839,36.69008703149839,36.69008703149839,36.69008703149839,36.69008703149839,36.69008703149839,36.79724436300706,36.79724436300706,36.862959843585486,,,,34.36221014492754,34.34583333333333,35.74412547528517,35.74412547528517,35.74412547528517,35.74412547528517,35.74412547528517,35.74412547528517,35.814797178130505,35.814797178130505,35.81840630472854,35.89187017001546,35.892070015220696,36.50328993055556,36.50436649344222,36.504954253214635,36.504954253214635,36.50553867062021,36.99170825798674,37.07501040691019,37.07501040691019,37.07501040691019,37.07501040691019,37.07501040691019,37.08497037491061,37.16092140921409,37.184204853841976,37.189420717855526,37.189420717855526,37.18946778711485,37.22886034929731,37.22887968078575,37.25109581070597,37.25109581070597,37.25109581070597,37.25927855521937,37.25927855521937,37.25927855521937,37.25927855521937,37.25927855521937,37.25931209428373,37.26722776238843,37.26722776238843,37.26722776238843,37.267284281142295,37.344319784093415,37.386003810082066,37.35546065216423,37.33979747895456,37.33701690661736,37.23911099949774,37.23911099949774,37.23911099949774,37.23881481481481,37.1430729293421,37.1430729293421,37.1430729293421,37.1430729293421,37.1430729293421,37.1430729293421,37.1430729293421,37.14209083536091,37.001367158743086,36.72441631280963,36.72441631280963,37.386003810082066,37.1430729293421,35.343526824978,37.13787042001787,36.722307665480926,36.31536625380149,36.17518285778773,"rgba(239, 83, 80, 0.5)",0.9961172730264254,35.62251843661636,-0.5345941196245375,45.044615307553656,-13.709067854037627,True,False,False,True,True,0.0,0.0,0.0,0.0,0.0,0,0.7351973684210533,1.1858552631578938,False,False,False,False,-0.15446771358250747,-0.1944860113128109,False,False,False,False,-1853.0,-1690.9718537767249,False,False,False,False,14.495379478632287,False,False,False,False
2025-08-21 15:00:00+00:00,35.09,35.09,35.09,35.09,0.0,,,,,,,,35.343526824978,35.8127610619469,35.8127610619469,35.8127610619469,35.8127610619469,35.8127610619469,35.98100187265918,35.98100187265918,35.982931276297336,36.50436649344222,36.50436649344222,36.50436649344222,36.50436649344222,36.50436649344222,36.50436649344222,36.50436649344222,36.50436649344222,36.50436649344222,36.50436649344222,36.50436649344222,36.50436649344222,36.50436649344222,36.99170825798674,36.99170825798674,36.99170825798674,37.00248244674521,37.08497037491061,37.13787042001787,37.184204853841976,37.22441316992106,37.22441316992106,37.224539633091034,37.230000340274934,37.25117962639777,37.25117962639777,37.25117962639777,37.25117962639777,37.25117962639777,37.25117962639777,37.25952097505669,37.28750676311456,37.34258004858121,37.39496441743287,37.398724063177454,37.379453284083915,37.38246131710538,37.25991500511247,37.25991500511247,37.25991500511247,37.25991500511247,37.24767011740941,37.24482980777302,37.23150900900901,37.23058445889612,37.124072774214376,37.124072774214376,37.124072774214376,37.124072774214376,37.124072774214376,37.124072774214376,36.884340115632654,36.83432108858369,36.722307665480926,36.72284832635983,36.74737044919545,36.74733813761528,36.653306789358815,36.653306789358815,36.653306789358815,36.657855556480946,36.657855556480946,36.657855556480946,36.657855556480946,36.657855556480946,36.657855556480946,36.69008703149839,36.69008703149839,36.69008703149839,36.69008703149839,36.69008703149839,36.69008703149839,36.79724436300706,36.79724436300706,36.862959843585486,,,,34.36221014492754,34.34583333333333,35.74412547528517,35.74412547528517,35.74412547528517,35.74412547528517,35.74412547528517,35.74412547528517,35.814797178130505,35.814797178130505,35.81840630472854,35.89187017001546,35.892070015220696,36.50328993055556,36.50436649344222,36.504954253214635,36.504954253214635,36.50553867062021,36.99170825798674,37.07501040691019,37.07501040691019,37.07501040691019,37.07501040691019,37.07501040691019,37.08497037491061,37.16092140921409,37.184204853841976,37.189420717855526,37.189420717855526,37.18946778711485,37.22886034929731,37.22887968078575,37.25109581070597,37.25109581070597,37.25109581070597,37.25927855521937,37.25927855521937,37.25927855521937,37.25927855521937,37.25927855521937,37.25931209428373,37.26722776238843,37.26722776238843,37.26722776238843,37.267284281142295,37.344319784093415,37.386003810082066,37.35546065216423,37.33979747895456,37.33701690661736,37.23911099949774,37.23911099949774,37.23911099949774,37.23881481481481,37.1430729293421,37.1430729293421,37.1430729293421,37.1430729293421,37.1430729293421,37.1430729293421,37.1430729293421,37.14209083536091,37.001367158743086,36.72441631280963,36.72441631280963,37.386003810082066,37.1430729293421,35.343526824978,37.13787042001787,36.722307665480926,36.31536625380149,36.17518285778773,#000000,0.99711860553973,35.62251843661636,-0.5340572662648394,48.900578805835536,-10.14517456086162,True,False,False,False,True,0.0,0.0,0.0,0.0,0.0,0,0.7263401720714766,1.1869622766379873,False,False,False,False,-0.15432751508451806,-0.1744067631986645,False,False,False,False,-1853.0,-1693.4839180592562,False,False,False,False,14.270644913072097,False,False,False,False
2025-08-21 16:00:00+00:00,35.09,35.09,35.09,35.09,0.0,,,,,,,,35.343526824978,35.8127610619469,35.8127610619469,35.8127610619469,35.8127610619469,35.8127610619469,35.98100187265918,35.98100187265918,35.982931276297336,36.50436649344222,36.50436649344222,36.50436649344222,36.50436649344222,36.50436649344222,36.50436649344222,36.50436649344222,36.50436649344222,36.50436649344222,36.50436649344222,36.50436649344222,36.50436649344222,36.50436649344222,36.99170825798674,36.99170825798674,36.99170825798674,37.00248244674521,37.08497037491061,37.13787042001787,37.184204853841976,37.22441316992106,37.22441316992106,37.224539633091034,37.230000340274934,37.25117962639777,37.25117962639777,37.25117962639777,37.25117962639777,37.25117962639777,37.25117962639777,37.25952097505669,37.28750676311456,37.34258004858121,37.39496441743287,37.398724063177454,37.379453284083915,37.38246131710538,37.25991500511247,37.25991500511247,37.25991500511247,37.25991500511247,37.24767011740941,37.24482980777302,37.23150900900901,37.23058445889612,37.124072774214376,37.124072774214376,37.124072774214376,37.124072774214376,37.124072774214376,37.124072774214376,36.884340115632654,36.83432108858369,36.722307665480926,36.72284832635983,36.74737044919545,36.74733813761528,36.653306789358815,36.653306789358815,36.653306789358815,36.657855556480946,36.657855556480946,36.657855556480946,36.657855556480946,36.657855556480946,36.657855556480946,36.69008703149839,36.69008703149839,36.69008703149839,36.69008703149839,36.69008703149839,36.69008703149839,36.79724436300706,36.79724436300706,36.862959843585486,,,,34.36221014492754,34.34583333333333,35.74412547528517,35.74412547528517,35.74412547528517,35.74412547528517,35.74412547528517,35.74412547528517,35.814797178130505,35.814797178130505,35.81840630472854,35.89187017001546,35.892070015220696,36.50328993055556,36.50436649344222,36.504954253214635,36.504954253214635,36.50553867062021,36.99170825798674,37.07501040691019,37.07501040691019,37.07501040691019,37.07501040691019,37.07501040691019,37.08497037491061,37.16092140921409,37.184204853841976,37.189420717855526,37.189420717855526,37.18946778711485,37.22886034929731,37.22887968078575,37.25109581070597,37.25109581070597,37.25109581070597,37.25927855521937,37.25927855521937,37.25927855521937,37.25927855521937,37.25927855521937,37.25931209428373,37.26722776238843,37.26722776238843,37.26722776238843,37.267284281142295,37.344319784093415,37.386003810082066,37.35546065216423,37.33979747895456,37.33701690661736,37.23911099949774,37.23911099949774,37.23911099949774,37.23881481481481,37.1430729293421,37.1430729293421,37.1430729293421,37.1430729293421,37.1430729293421,37.1430729293421,37.1430729293421,37.14209083536091,37.001367158743086,36.72441631280963,36.72441631280963,37.386003810082066,37.1430729293421,35.343526824978,37.13787042001787,36.722307665480926,36.31536625380149,36.17518285778773,"rgba(38, 166, 154, 1.0)",0.9989332147684106,35.62251843661636,-0.5330871260896197,51.47122113802345,-7.656691258492373,True,False,True,False,True,0.0,0.0,0.0,0.0,0.0,0,0.7250165453342162,1.1823295830575768,False,False,False,False,-0.15432751508451806,-0.1643671391415913,False,False,False,False,-1853.0,-1695.9570356087252,False,False,False,False,14.049394604342297,False,False,False,False
2025-08-21 17:00:00+00:00,35.09,35.09,35.09,35.09,0.0,,,,,,,,35.343526824978,35.8127610619469,35.8127610619469,35.8127610619469,35.8127610619469,35.8127610619469,35.98100187265918,35.98100187265918,35.982931276297336,36.50436649344222,36.50436649344222,36.50436649344222,36.50436649344222,36.50436649344222,36.50436649344222,36.50436649344222,36.50436649344222,36.50436649344222,36.50436649344222,36.50436649344222,36.50436649344222,36.50436649344222,36.99170825798674,36.99170825798674,36.99170825798674,37.00248244674521,37.08497037491061,37.13787042001787,37.184204853841976,37.22441316992106,37.22441316992106,37.224539633091034,37.230000340274934,37.25117962639777,37.25117962639777,37.25117962639777,37.25117962639777,37.25117962639777,37.25117962639777,37.25952097505669,37.28750676311456,37.34258004858121,37.39496441743287,37.398724063177454,37.379453284083915,37.38246131710538,37.25991500511247,37.25991500511247,37.25991500511247,37.25991500511247,37.24767011740941,37.24482980777302,37.23150900900901,37.23058445889612,37.124072774214376,37.124072774214376,37.124072774214376,37.124072774214376,37.124072774214376,37.124072774214376,36.884340115632654,36.83432108858369,36.722307665480926,36.72284832635983,36.74737044919545,36.74733813761528,36.653306789358815,36.653306789358815,36.653306789358815,36.657855556480946,36.657855556480946,36.657855556480946,36.657855556480946,36.657855556480946,36.657855556480946,36.69008703149839,36.69008703149839,36.69008703149839,36.69008703149839,36.69008703149839,36.69008703149839,36.79724436300706,36.79724436300706,36.862959843585486,,,,34.36221014492754,34.34583333333333,35.74412547528517,35.74412547528517,35.74412547528517,35.74412547528517,35.74412547528517,35.74412547528517,35.814797178130505,35.814797178130505,35.81840630472854,35.89187017001546,35.892070015220696,36.50328993055556,36.50436649344222,36.504954253214635,36.504954253214635,36.50553867062021,36.99170825798674,37.07501040691019,37.07501040691019,37.07501040691019,37.07501040691019,37.07501040691019,37.08497037491061,37.16092140921409,37.184204853841976,37.189420717855526,37.189420717855526,37.18946778711485,37.22886034929731,37.22887968078575,37.25109581070597,37.25109581070597,37.25109581070597,37.25927855521937,37.25927855521937,37.25927855521937,37.25927855521937,37.25927855521937,37.25931209428373,37.26722776238843,37.26722776238843,37.26722776238843,37.267284281142295,37.344319784093415,37.386003810082066,37.35546065216423,37.33979747895456,37.33701690661736,37.23911099949774,37.23911099949774,37.23911099949774,37.23881481481481,37.1430729293421,37.1430729293421,37.1430729293421,37.1430729293421,37.1430729293421,37.1430729293421,37.1430729293421,37.14209083536091,37.001367158743086,36.72441631280963,36.72441631280963,37.386003810082066,37.1430729293421,35.343526824978,37.13787042001787,36.722307665480926,36.31536625380149,36.17518285778773,"rgba(38, 166, 154, 1.0)",0.9988951464060176,35.62251843661636,-0.5331074422899497,53.184982692815396,-5.801771142402934,True,False,True,False,True,0.0,0.0,0.0,0.0,0.0,0,0.7250916361212935,1.1886037987337548,False,False,False,False,-0.1530561604270423,-0.1587116497843168,False,False,False,False,-1853.0,-1698.3918102504504,False,False,False,False,13.831574532957145,False,False,False,False
2025-08-21 18:00:00+00:00,35.09,35.09,35.09,35.09,0.0,,,,,,,,35.343526824978,35.8127610619469,35.8127610619469,35.8127610619469,35.8127610619469,35.8127610619469,35.98100187265918,35.98100187265918,35.982931276297336,36.50436649344222,36.50436649344222,36.50436649344222,36.50436649344222,36.50436649344222,36.50436649344222,36.50436649344222,36.50436649344222,36.50436649344222,36.50436649344222,36.50436649344222,36.50436649344222,36.50436649344222,36.99170825798674,36.99170825798674,36.99170825798674,37.00248244674521,37.08497037491061,37.13787042001787,37.184204853841976,37.22441316992106,37.22441316992106,37.224539633091034,37.230000340274934,37.25117962639777,37.25117962639777,37.25117962639777,37.25117962639777,37.25117962639777,37.25117962639777,37.25952097505669,37.28750676311456,37.34258004858121,37.39496441743287,37.398724063177454,37.379453284083915,37.38246131710538,37.25991500511247,37.25991500511247,37.25991500511247,37.25991500511247,37.24767011740941,37.24482980777302,37.23150900900901,37.23058445889612,37.124072774214376,37.124072774214376,37.124072774214376,37.124072774214376,37.124072774214376,37.124072774214376,36.884340115632654,36.83432108858369,36.722307665480926,36.72284832635983,36.74737044919545,36.74733813761528,36.653306789358815,36.653306789358815,36.653306789358815,36.657855556480946,36.657855556480946,36.657855556480946,36.657855556480946,36.657855556480946,36.657855556480946,36.69008703149839,36.69008703149839,36.69008703149839,36.69008703149839,36.69008703149839,36.69008703149839,36.79724436300706,36.79724436300706,36.862959843585486,,,,34.36221014492754,34.34583333333333,35.74412547528517,35.74412547528517,35.74412547528517,35.74412547528517,35.74412547528517,35.74412547528517,35.814797178130505,35.814797178130505,35.81840630472854,35.89187017001546,35.892070015220696,36.50328993055556,36.50436649344222,36.504954253214635,36.504954253214635,36.50553867062021,36.99170825798674,37.07501040691019,37.07501040691019,37.07501040691019,37.07501040691019,37.07501040691019,37.08497037491061,37.16092140921409,37.184204853841976,37.189420717855526,37.189420717855526,37.18946778711485,37.22886034929731,37.22887968078575,37.25109581070597,37.25109581070597,37.25109581070597,37.25927855521937,37.25927855521937,37.25927855521937,37.25927855521937,37.25927855521937,37.25931209428373,37.26722776238843,37.26722776238843,37.26722776238843,37.267284281142295,37.344319784093415,37.386003810082066,37.35546065216423,37.33979747895456,37.33701690661736,37.23911099949774,37.23911099949774,37.23911099949774,37.23881481481481,37.1430729293421,37.1430729293421,37.1430729293421,37.1430729293421,37.1430729293421,37.1430729293421,37.1430729293421,37.14209083536091,37.001367158743086,36.72441631280963,36.72441631280963,37.386003810082066,37.1430729293421,35.343526824978,37.13787042001787,36.722307665480926,36.31536625380149,36.17518285778773,"rgba(38, 166, 154, 1.0)",1.002001137364258,35.62251843661636,-0.5314549223138957,54.32749039601003,-4.3237025768886355,True,False,True,False,True,0.0,0.0,0.0,0.0,0.0,0,0.7270896273917424,1.1863041289023155,False,False,False,False,-0.1530561604270423,-0.15588390510567954,False,False,False,False,-1853.0,-1700.7888364481178,False,False,False,False,13.617131516942305,False,False,False,False
2025-08-21 19:00:00+00:00,35.09,35.09,35.09,35.09,0.0,,,,,,,,35.343526824978,35.8127610619469,35.8127610619469,35.8127610619469,35.8127610619469,35.8127610619469,35.98100187265918,35.98100187265918,35.982931276297336,36.50436649344222,36.50436649344222,36.50436649344222,36.50436649344222,36.50436649344222,36.50436649344222,36.50436649344222,36.50436649344222,36.50436649344222,36.50436649344222,36.50436649344222,36.50436649344222,36.50436649344222,36.99170825798674,36.99170825798674,36.99170825798674,37.00248244674521,37.08497037491061,37.13787042001787,37.184204853841976,37.22441316992106,37.22441316992106,37.224539633091034,37.230000340274934,37.25117962639777,37.25117962639777,37.25117962639777,37.25117962639777,37.25117962639777,37.25117962639777,37.25952097505669,37.28750676311456,37.34258004858121,37.39496441743287,37.398724063177454,37.379453284083915,37.38246131710538,37.25991500511247,37.25991500511247,37.25991500511247,37.25991500511247,37.24767011740941,37.24482980777302,37.23150900900901,37.23058445889612,37.124072774214376,37.124072774214376,37.124072774214376,37.124072774214376,37.124072774214376,37.124072774214376,36.884340115632654,36.83432108858369,36.722307665480926,36.72284832635983,36.74737044919545,36.74733813761528,36.653306789358815,36.653306789358815,36.653306789358815,36.657855556480946,36.657855556480946,36.657855556480946,36.657855556480946,36.657855556480946,36.657855556480946,36.69008703149839,36.69008703149839,36.69008703149839,36.69008703149839,36.69008703149839,36.69008703149839,36.79724436300706,36.79724436300706,36.862959843585486,,,,34.36221014492754,34.34583333333333,35.74412547528517,35.74412547528517,35.74412547528517,35.74412547528517,35.74412547528517,35.74412547528517,35.814797178130505,35.814797178130505,35.81840630472854,35.89187017001546,35.892070015220696,36.50328993055556,36.50436649344222,36.504954253214635,36.504954253214635,36.50553867062021,36.99170825798674,37.07501040691019,37.07501040691019,37.07501040691019,37.07501040691019,37.07501040691019,37.08497037491061,37.16092140921409,37.184204853841976,37.189420717855526,37.189420717855526,37.18946778711485,37.22886034929731,37.22887968078575,37.25109581070597,37.25109581070597,37.25109581070597,37.25927855521937,37.25927855521937,37.25927855521937,37.25927855521937,37.25927855521937,37.25931209428373,37.26722776238843,37.26722776238843,37.26722776238843,37.267284281142295,37.344319784093415,37.386003810082066,37.35546065216423,37.33979747895456,37.33701690661736,37.23911099949774,37.23911099949774,37.23911099949774,37.23881481481481,37.1430729293421,37.1430729293421,37.1430729293421,37.1430729293421,37.1430729293421,37.1430729293421,37.1430729293421,37.14209083536091,37.001367158743086,36.72441631280963,36.72441631280963,37.386003810082066,37.1430729293421,35.343526824978,37.13787042001787,36.722307665480926,36.31536625380149,36.17518285778773,"rgba(38, 166, 154, 1.0)",1.0059660992264008,35.62251843661636,-0.5293602210112941,55.08916219813978,-3.077391284171327,True,False,True,False,True,0.0,0.0,0.0,0.0,0.0,0,0.7270896273917424,1.178919100369251,False,False,False,False,-0.1530561604270423,-0.1544700327663609,False,False,False,False,-1853.0,-1703.1486994489221,False,False,False,False,13.406013198850175,False,False,False,False
2025-08-22 14:00:00+00:00,35.09,35.09,33.495,33.495,1.0,34.02666666666667,34.02666666666667,34.02666666666667,34.02666666666667,34.02666666666667,34.02666666666667,34.02666666666667,35.34006140350876,35.809605418138986,35.809605418138986,35.809605418138986,35.809605418138986,35.809605418138986,35.978260869565226,35.978260869565226,35.980191409897294,36.5025284371909,36.5025284371909,36.5025284371909,36.5025284371909,36.5025284371909,36.5025284371909,36.5025284371909,36.5025284371909,36.5025284371909,36.5025284371909,36.5025284371909,36.5025284371909,36.5025284371909,36.99063629790311,36.99063629790311,36.99063629790311,37.00142041399001,37.08403339460784,37.13703654069508,37.18347054263566,37.22374904811353,37.22374904811353,37.223875622923586,37.22934646526501,37.250554478480026,37.250554478480026,37.250554478480026,37.250554478480026,37.250554478480026,37.250554478480026,37.25891019585616,37.28693155759393,37.34203096539162,37.39443959696687,37.398201992052435,37.37897703598485,37.38198646290269,37.25950181043663,37.25950181043663,37.25950181043663,37.25950181043663,37.247263527728684,37.244424650635786,37.231108052879605,37.230183818932105,37.123697967086166,37.123697967086166,37.123697967086166,37.123697967086166,37.123697967086166,37.123697967086166,36.884022419862895,36.83401507720255,36.72202566516721,36.722566328487254,36.747107274134265,36.7470749911339,36.653074405025215,36.653074405025215,36.653074405025215,36.6576364368199,36.6576364368199,36.6576364368199,36.6576364368199,36.6576364368199,36.6576364368199,36.689871753421706,36.689871753421706,36.689871753421706,36.689871753421706,36.689871753421706,36.689871753421706,36.797032852380575,36.797032852380575,36.86274657242397,,,,34.358602150537635,34.342905198776755,35.740866540164454,35.740866540164454,35.740866540164454,35.740866540164454,35.740866540164454,35.740866540164454,35.81164906103287,35.81164906103287,35.815273892773895,35.88899176954733,35.88923505572441,36.50144857496902,36.5025284371909,36.5031171237954,36.5031171237954,36.5037024691358,36.99063629790311,37.074058988764044,37.074058988764044,37.074058988764044,37.074058988764044,37.074058988764044,37.08403339460784,37.16012530691728,37.18347054263566,37.18870239987888,37.18870239987888,37.18874962155617,37.22820510197121,37.228224563557006,37.25047055781785,37.25047055781785,37.25047055781785,37.25866735992941,37.25866735992941,37.25866735992941,37.25866735992941,37.25866735992941,37.25870100819155,37.26662943131463,37.26662943131463,37.26662943131463,37.26668605008923,37.34377168346275,37.3855115995116,37.355016457610525,37.33935946589106,37.336579723542876,37.238707679430846,37.238707679430846,37.238707679430846,37.23841158255921,37.14269375836477,37.14269375836477,37.14269375836477,37.14269375836477,37.14269375836477,37.14269375836477,37.14269375836477,37.141711876089694,37.00102142414382,36.724129957895485,36.724129957895485,37.3855115995116,37.14269375836477,35.34006140350876,37.13703654069508,36.72202566516721,35.561368969784645,36.17289535182521,"rgba(239, 83, 80, 0.5)",1.047100888295995,34.99082870612564,-1.4285430590741715,43.906931134388216,2.554876309805998,True,False,False,True,False,0.0,0.0,0.0,0.0,0.0,0,0.6555082166768108,1.1652465003043206,False,False,False,False,-0.3273080215252609,-0.2408890271458109,False,False,False,False,-1854.0,-1705.4874793024271,False,False,False,False,13.213671908945521,False,False,False,False
2025-08-22 15:00:00+00:00,33.495,33.495,33.3,33.35,186.0,33.38511586452762,33.38511586452762,33.38511586452762,33.38511586452762,33.38511586452762,33.38511586452762,33.38511586452762,34.69648998822143,35.20907801418439,35.20907801418439,35.20907801418439,35.20907801418439,35.20907801418439,35.441034482758624,35.441034482758624,35.443162962962965,36.12411886136462,36.12411886136462,36.12411886136462,36.12411886136462,36.12411886136462,36.12411886136462,36.12411886136462,36.12411886136462,36.12411886136462,36.12411886136462,36.12411886136462,36.12411886136462,36.12411886136462,36.7632418699187,36.7632418699187,36.7632418699187,36.77609437751005,36.88442753623189,36.958711599012844,37.02583890622678,37.08085216290075,37.08085216290075,37.08100259896041,37.08860537528678,37.115896332335325,37.115896332335325,37.115896332335325,37.115896332335325,37.115896332335325,37.115896332335325,37.12728630528685,37.162870196413316,37.223697188755025,37.28142085604684,37.285775269626285,37.2760847402897,37.27940001838319,37.169465942662164,37.169465942662164,37.169465942662164,37.169465942662164,37.15858555336293,37.156040718415554,37.14356726576192,37.14270683123549,37.041328994082846,37.041328994082846,37.041328994082846,37.041328994082846,37.041328994082846,37.041328994082846,36.81306738554261,36.76541804650501,36.65826919787926,36.65881262610718,36.68762685290764,36.68760079176565,36.60011228131256,36.60011228131256,36.60011228131256,36.60766674867421,36.60766674867421,36.60766674867421,36.60766674867421,36.60766674867421,36.60766674867421,36.64087301587301,36.64087301587301,36.64087301587301,36.64087301587301,36.64087301587301,36.64087301587301,36.74921515493663,36.74921515493663,36.81473167717215,,,,33.707311827956985,33.736836158192084,35.12542309490416,35.12542309490416,35.12542309490416,35.12542309490416,35.12542309490416,35.12542309490416,35.21221043324491,35.21221043324491,35.218109058927,35.32980415667466,35.336619273301736,36.1224286958415,36.12411886136462,36.124882736156344,36.124882736156344,36.125643446180554,36.7632418699187,36.87146755162242,36.87146755162242,36.87146755162242,36.87146755162242,36.87146755162242,36.88442753623189,36.98966852615409,37.02583890622678,37.034396745841505,37.034396745841505,37.03447567175019,37.08717294171758,37.08721948495598,37.11579013038866,37.11579013038866,37.11579013038866,37.126955555555554,37.126955555555554,37.126955555555554,37.126955555555554,37.126955555555554,37.127012113464815,37.137639235987145,37.137639235987145,37.137639235987145,37.137716996846926,37.22565154672223,37.27929063852042,37.2587868923611,37.244374838709675,37.24175968892326,37.15069275753486,37.15069275753486,37.15069275753486,37.15041421328099,37.05946341463415,37.05946341463415,37.05946341463415,37.05946341463415,37.05946341463415,37.05946341463415,37.05946341463415,37.05852305618334,36.92443439514601,36.65941691821936,36.65941691821936,37.27929063852042,37.05946341463415,34.69648998822143,36.958711599012844,36.65826919787926,35.03519971166394,35.725304142037174,"rgba(239, 83, 80, 0.5)",1.0911898415354977,34.365560902469426,-0.9306913094428646,36.02427232292163,-4.5773437439423645,False,False,False,True,False,0.0,0.0,0.0,0.0,0.0,0,0.6478195488721805,1.256240601503759,False,False,False,False,-0.34282825441539394,-0.2918586407806024,False,False,False,False,-2040.0,-1710.6737199333973,False,False,False,False,15.89252970880683,False,False,False,False
2025-08-22 16:00:00+00:00,33.35,33.685,33.35,33.685,1.0,33.38611702127659,33.38611702127659,33.38611702127659,33.38611702127659,33.38611702127659,33.38611702127659,33.38611702127659,34.69450911228689,35.20690571049137,35.20690571049137,35.20690571049137,35.20690571049137,35.20690571049137,35.43895925925926,35.43895925925926,35.44108768035516,36.12245711183496,36.12245711183496,36.12245711183496,36.12245711183496,36.12245711183496,36.12245711183496,36.12245711183496,36.12245711183496,36.12245711183496,36.12245711183496,36.12245711183496,36.12245711183496,36.12245711183496,36.76216164352636,36.76216164352636,36.76216164352636,36.77502286160367,36.88346807688593,36.957847541262545,37.025069459921255,37.08015093962415,37.08015093962415,37.0803014857752,37.087914208939566,37.11523355160586,37.11523355160586,37.11523355160586,37.11523355160586,37.11523355160586,37.11523355160586,37.12663777372262,37.16225722905282,37.223110879109115,37.28085944991169,37.285216671682214,37.275572390572385,37.27888911864717,37.16901709935097,37.16901709935097,37.16901709935097,37.16901709935097,37.15814342089036,37.15560004100041,37.14313080684597,37.14227069077875,37.0409186289591,37.0409186289591,37.0409186289591,37.0409186289591,37.0409186289591,37.0409186289591,36.81271455020693,36.765077084668526,36.657952664340925,36.65849610176446,36.68733095803642,36.687304927481165,36.59984885407601,36.59984885407601,36.59984885407601,36.607417930845976,36.607417930845976,36.607417930845976,36.607417930845976,36.607417930845976,36.607417930845976,36.64062876555989,36.64062876555989,36.64062876555989,36.64062876555989,36.64062876555989,36.64062876555989,36.748976115208976,36.748976115208976,36.81449132433633,,,,33.70683333333333,33.736283783783776,35.12324929971989,35.12324929971989,35.12324929971989,35.12324929971989,35.12324929971989,35.12324929971989,35.210039735099336,35.210039735099336,35.2159420289855,35.327700598802394,35.334532544378696,36.12076479547432,36.12245711183496,36.12322157118055,36.12322157118055,36.12398286705703,36.76216164352636,36.87049493757987,36.87049493757987,36.87049493757987,36.87049493757987,36.87049493757987,36.88346807688593,36.988840122858065,37.025069459921255,37.03364270152506,37.03364270152506,37.03372177448632,37.08648042307186,37.086527093596054,37.11512724550897,37.11512724550897,37.11512724550897,37.12630661066472,37.12630661066472,37.12630661066472,37.12630661066472,37.12630661066472,37.126363276733,37.137003093580816,37.137003093580816,37.137003093580816,37.13708095408042,37.22506623931624,37.27876212207644,37.25830707807142,37.24390121704725,37.2412868926408,37.150253925417076,37.150253925417076,37.150253925417076,37.14997546915245,37.05904869537632,37.05904869537632,37.05904869537632,37.05904869537632,37.05904869537632,37.05904869537632,37.05904869537632,37.05810854741516,36.924053198346805,36.65909571884541,36.65909571884541,37.27876212207644,37.05904869537632,34.69450911228689,36.957847541262545,36.657952664340925,35.03411908076273,35.72370479531363,"rgba(239, 83, 80, 1.0)",1.1223121323956715,34.3646741939672,-0.6056017522650956,34.33340303430575,-5.994780656082433,False,True,False,True,False,0.0,0.0,0.0,0.0,0.0,0,0.6577240566037739,1.239976415094339,False,False,False,False,-0.3209432666758452,-0.30640095372822385,False,False,False,False,-2039.0,-1715.7640498569106,False,False,False,False,15.661637775336956,False,False,False,False
2025-08-22 17:00:00+00:00,33.685,33.685,33.685,33.685,0.0,33.38611702127659,33.38611702127659,33.38611702127659,33.38611702127659,33.38611702127659,33.38611702127659,33.38611702127659,34.69450911228689,35.20690571049137,35.20690571049137,35.20690571049137,35.20690571049137,35.20690571049137,35.43895925925926,35.43895925925926,35.44108768035516,36.12245711183496,36.12245711183496,36.12245711183496,36.12245711183496,36.12245711183496,36.12245711183496,36.12245711183496,36.12245711183496,36.12245711183496,36.12245711183496,36.12245711183496,36.12245711183496,36.12245711183496,36.76216164352636,36.76216164352636,36.76216164352636,36.77502286160367,36.88346807688593,36.957847541262545,37.025069459921255,37.08015093962415,37.08015093962415,37.0803014857752,37.087914208939566,37.11523355160586,37.11523355160586,37.11523355160586,37.11523355160586,37.11523355160586,37.11523355160586,37.12663777372262,37.16225722905282,37.223110879109115,37.28085944991169,37.285216671682214,37.275572390572385,37.27888911864717,37.16901709935097,37.16901709935097,37.16901709935097,37.16901709935097,37.15814342089036,37.15560004100041,37.14313080684597,37.14227069077875,37.0409186289591,37.0409186289591,37.0409186289591,37.0409186289591,37.0409186289591,37.0409186289591,36.81271455020693,36.765077084668526,36.657952664340925,36.65849610176446,36.68733095803642,36.687304927481165,36.59984885407601,36.59984885407601,36.59984885407601,36.607417930845976,36.607417930845976,36.607417930845976,36.607417930845976,36.607417930845976,36.607417930845976,36.64062876555989,36.64062876555989,36.64062876555989,36.64062876555989,36.64062876555989,36.64062876555989,36.748976115208976,36.748976115208976,36.81449132433633,,,,33.70683333333333,33.736283783783776,35.12324929971989,35.12324929971989,35.12324929971989,35.12324929971989,35.12324929971989,35.12324929971989,35.210039735099336,35.210039735099336,35.2159420289855,35.327700598802394,35.334532544378696,36.12076479547432,36.12245711183496,36.12322157118055,36.12322157118055,36.12398286705703,36.76216164352636,36.87049493757987,36.87049493757987,36.87049493757987,36.87049493757987,36.87049493757987,36.88346807688593,36.988840122858065,37.025069459921255,37.03364270152506,37.03364270152506,37.03372177448632,37.08648042307186,37.086527093596054,37.11512724550897,37.11512724550897,37.11512724550897,37.12630661066472,37.12630661066472,37.12630661066472,37.12630661066472,37.12630661066472,37.126363276733,37.137003093580816,37.137003093580816,37.137003093580816,37.13708095408042,37.22506623931624,37.27876212207644,37.25830707807142,37.24390121704725,37.2412868926408,37.150253925417076,37.150253925417076,37.150253925417076,37.14997546915245,37.05904869537632,37.05904869537632,37.05904869537632,37.05904869537632,37.05904869537632,37.05904869537632,37.05904869537632,37.05810854741516,36.924053198346805,36.65909571884541,36.65909571884541,37.27876212207644,37.05904869537632,34.69450911228689,36.957847541262545,36.657952664340925,35.03411908076273,35.72370479531363,"rgba(239, 83, 80, 1.0)",1.1500566848544371,34.3646741939672,-0.5909919075451668,33.206156841895165,-7.22117816069192,False,True,False,True,False,0.0,0.0,0.0,0.0,0.0,0,0.67747641509434,1.239976415094339,False,False,False,False,-0.29088028382965364,-0.29864061877893877,False,False,False,False,-2039.0,-1720.7754599366485,False,False,False,False,15.418821685796848,False,False,False,False
2025-08-22 18:00:00+00:00,33.685,33.685,33.685,33.685,0.0,33.38611702127659,33.38611702127659,33.38611702127659,33.38611702127659,33.38611702127659,33.38611702127659,33.38611702127659,34.69450911228689,35.20690571049137,35.20690571049137,35.20690571049137,35.20690571049137,35.20690571049137,35.43895925925926,35.43895925925926,35.44108768035516,36.12245711183496,36.12245711183496,36.12245711183496,36.12245711183496,36.12245711183496,36.12245711183496,36.12245711183496,36.12245711183496,36.12245711183496,36.12245711183496,36.12245711183496,36.12245711183496,36.12245711183496,36.76216164352636,36.76216164352636,36.76216164352636,36.77502286160367,36.88346807688593,36.957847541262545,37.025069459921255,37.08015093962415,37.08015093962415,37.0803014857752,37.087914208939566,37.11523355160586,37.11523355160586,37.11523355160586,37.11523355160586,37.11523355160586,37.11523355160586,37.12663777372262,37.16225722905282,37.223110879109115,37.28085944991169,37.285216671682214,37.275572390572385,37.27888911864717,37.16901709935097,37.16901709935097,37.16901709935097,37.16901709935097,37.15814342089036,37.15560004100041,37.14313080684597,37.14227069077875,37.0409186289591,37.0409186289591,37.0409186289591,37.0409186289591,37.0409186289591,37.0409186289591,36.81271455020693,36.765077084668526,36.657952664340925,36.65849610176446,36.68733095803642,36.687304927481165,36.59984885407601,36.59984885407601,36.59984885407601,36.607417930845976,36.607417930845976,36.607417930845976,36.607417930845976,36.607417930845976,36.607417930845976,36.64062876555989,36.64062876555989,36.64062876555989,36.64062876555989,36.64062876555989,36.64062876555989,36.748976115208976,36.748976115208976,36.81449132433633,,,,33.70683333333333,33.736283783783776,35.12324929971989,35.12324929971989,35.12324929971989,35.12324929971989,35.12324929971989,35.12324929971989,35.210039735099336,35.210039735099336,35.2159420289855,35.327700598802394,35.334532544378696,36.12076479547432,36.12245711183496,36.12322157118055,36.12322157118055,36.12398286705703,36.76216164352636,36.87049493757987,36.87049493757987,36.87049493757987,36.87049493757987,36.87049493757987,36.88346807688593,36.988840122858065,37.025069459921255,37.03364270152506,37.03364270152506,37.03372177448632,37.08648042307186,37.086527093596054,37.11512724550897,37.11512724550897,37.11512724550897,37.12630661066472,37.12630661066472,37.12630661066472,37.12630661066472,37.12630661066472,37.126363276733,37.137003093580816,37.137003093580816,37.137003093580816,37.13708095408042,37.22506623931624,37.27876212207644,37.25830707807142,37.24390121704725,37.2412868926408,37.150253925417076,37.150253925417076,37.150253925417076,37.14997546915245,37.05904869537632,37.05904869537632,37.05904869537632,37.05904869537632,37.05904869537632,37.05904869537632,37.05904869537632,37.05810854741516,36.924053198346805,36.65909571884541,36.65909571884541,37.27876212207644,37.05904869537632,34.69450911228689,36.957847541262545,36.657952664340925,35.03411908076273,35.72370479531363,"rgba(239, 83, 80, 1.0)",1.1763478104587832,34.3646741939672,-0.5777833629852359,32.454659380288106,-8.343889315842084,False,True,False,True,False,0.0,0.0,0.0,0.0,0.0,0,0.67747641509434,1.239976415094339,False,False,False,False,-0.29088028382965364,-0.2947604513042962,False,False,False,False,-2039.0,-1725.7091737360804,False,False,False,False,15.179770186792245,False,False,False,False
2025-08-22 19:00:00+00:00,33.685,33.685,33.685,33.685,0.0,33.38611702127659,33.38611702127659,33.38611702127659,33.38611702127659,33.38611702127659,33.38611702127659,33.38611702127659,34.69450911228689,35.20690571049137,35.20690571049137,35.20690571049137,35.20690571049137,35.20690571049137,35.43895925925926,35.43895925925926,35.44108768035516,36.12245711183496,36.12245711183496,36.12245711183496,36.12245711183496,36.12245711183496,36.12245711183496,36.12245711183496,36.12245711183496,36.12245711183496,36.12245711183496,36.12245711183496,36.12245711183496,36.12245711183496,36.76216164352636,36.76216164352636,36.76216164352636,36.77502286160367,36.88346807688593,36.957847541262545,37.025069459921255,37.08015093962415,37.08015093962415,37.0803014857752,37.087914208939566,37.11523355160586,37.11523355160586,37.11523355160586,37.11523355160586,37.11523355160586,37.11523355160586,37.12663777372262,37.16225722905282,37.223110879109115,37.28085944991169,37.285216671682214,37.275572390572385,37.27888911864717,37.16901709935097,37.16901709935097,37.16901709935097,37.16901709935097,37.15814342089036,37.15560004100041,37.14313080684597,37.14227069077875,37.0409186289591,37.0409186289591,37.0409186289591,37.0409186289591,37.0409186289591,37.0409186289591,36.81271455020693,36.765077084668526,36.657952664340925,36.65849610176446,36.68733095803642,36.687304927481165,36.59984885407601,36.59984885407601,36.59984885407601,36.607417930845976,36.607417930845976,36.607417930845976,36.607417930845976,36.607417930845976,36.607417930845976,36.64062876555989,36.64062876555989,36.64062876555989,36.64062876555989,36.64062876555989,36.64062876555989,36.748976115208976,36.748976115208976,36.81449132433633,,,,33.70683333333333,33.736283783783776,35.12324929971989,35.12324929971989,35.12324929971989,35.12324929971989,35.12324929971989,35.12324929971989,35.210039735099336,35.210039735099336,35.2159420289855,35.327700598802394,35.334532544378696,36.12076479547432,36.12245711183496,36.12322157118055,36.12322157118055,36.12398286705703,36.76216164352636,36.87049493757987,36.87049493757987,36.87049493757987,36.87049493757987,36.87049493757987,36.88346807688593,36.988840122858065,37.025069459921255,37.03364270152506,37.03364270152506,37.03372177448632,37.08648042307186,37.086527093596054,37.11512724550897,37.11512724550897,37.11512724550897,37.12630661066472,37.12630661066472,37.12630661066472,37.12630661066472,37.12630661066472,37.126363276733,37.137003093580816,37.137003093580816,37.137003093580816,37.13708095408042,37.22506623931624,37.27876212207644,37.25830707807142,37.24390121704725,37.2412868926408,37.150253925417076,37.150253925417076,37.150253925417076,37.14997546915245,37.05904869537632,37.05904869537632,37.05904869537632,37.05904869537632,37.05904869537632,37.05904869537632,37.05904869537632,37.05810854741516,36.924053198346805,36.65909571884541,36.65909571884541,37.27876212207644,37.05904869537632,34.69450911228689,36.957847541262545,36.657952664340925,35.03411908076273,35.72370479531363,"rgba(239, 83, 80, 1.0)",1.2001633710112645,34.3646741939672,-0.5663180616773009,31.95366107255007,-9.400422608828691,False,True,False,True,False,0.0,0.0,0.0,0.0,0.0,0,0.67747641509434,1.239976415094339,False,False,False,False,-0.29088028382965364,-0.29282036756697494,False,False,False,False,-2039.0,-1730.5663958486994,False,False,False,False,14.94442491257841,False,False,False,False
2025-08-25 14:00:00+00:00,33.685,33.685,33.2,33.2,1.0,33.385987654320985,33.385987654320985,33.385987654320985,33.385987654320985,33.385987654320985,33.385987654320985,33.385987654320985,34.69216255868544,35.204458443854996,35.204458443854996,35.204458443854996,35.204458443854996,35.204458443854996,35.436653718091016,35.436653718091016,35.438782335550634,36.12065972222222,36.12065972222222,36.12065972222222,36.12065972222222,36.12065972222222,36.12065972222222,36.12065972222222,36.12065972222222,36.12065972222222,36.12065972222222,36.12065972222222,36.12065972222222,36.12065972222222,36.76101049424509,36.76101049424509,36.76101049424509,36.77388127090301,36.88244785631518,36.95692991409373,37.024253193701725,37.079407688720096,37.079407688720096,37.079558353317346,37.087181704999665,37.11453142536475,37.11453142536475,37.11453142536475,37.11453142536475,37.11453142536475,37.11453142536475,37.125950860548556,37.16160833191053,37.22249076601895,37.28026617216672,37.28462639787373,37.27503089835824,37.27834918447047,37.168541952660256,37.168541952660256,37.168541952660256,37.168541952660256,37.157675297986025,37.15513343992129,37.142668581672986,37.14180879657911,37.04048331755798,37.04048331755798,37.04048331755798,37.04048331755798,37.04048331755798,37.04048331755798,36.812338741878115,36.76471358894942,36.657614479668965,36.65815793072794,36.68701501045032,36.68698901238087,36.59956705247585,36.59956705247585,36.59956705247585,36.60715179840385,36.60715179840385,36.60715179840385,36.60715179840385,36.60715179840385,36.60715179840385,36.64036770169851,36.64036770169851,36.64036770169851,36.64036770169851,36.64036770169851,36.64036770169851,36.74872118110432,36.74872118110432,36.814235313017456,,,33.36166666666667,33.705604982206395,33.73502244668911,35.12078554778555,35.12078554778555,35.12078554778555,35.12078554778555,35.12078554778555,35.12078554778555,35.20759479717813,35.20759479717813,35.21350219298245,35.32534888357257,35.33220055161544,36.11896499238965,36.12065972222222,36.121424853610925,36.121424853610925,36.12218682271347,36.76101049424509,36.86946049528302,36.86946049528302,36.86946049528302,36.86946049528302,36.86946049528302,36.88244785631518,36.98796080808081,37.024253193701725,37.032842880999056,37.032842880999056,37.03292211091754,37.08574646962232,37.08579327554504,37.11442500779544,37.11442500779544,37.11442500779544,37.125619256283855,37.125619256283855,37.125619256283855,37.125619256283855,37.125619256283855,37.12567603748326,37.13632940756602,37.13632940756602,37.13632940756602,37.13640737436812,37.224447203973725,37.27820357431437,37.25779983511238,37.243400412796696,37.24078694158075,37.14978923913488,37.14978923913488,37.14978923913488,37.14951087400866,37.058608897347455,37.058608897347455,37.058608897347455,37.058608897347455,37.058608897347455,37.058608897347455,37.058608897347455,37.057668965790626,36.92364801334548,36.65875255836543,36.65875255836543,37.27820357431437,37.058608897347455,34.69216255868544,36.95692991409373,36.657614479668965,35.0325758251976,35.58104891280038,"rgba(239, 83, 80, 1.0)",1.234818165116188,34.271018017567734,-0.8673487707130996,29.172379115482208,-12.604955413493705,False,True,False,True,False,0.0,0.0,0.0,0.0,0.0,0,0.6605346363897677,1.2339752802529458,False,False,False,False,-0.33458530725111757,-0.31370283740904625,False,False,False,False,-2040.0,-1735.3638160680994,False,False,False,False,14.728232278274868,False,False,False,False
2025-08-25 15:00:00+00:00,33.2,33.2,33.2,33.2,0.0,33.385987654320985,33.385987654320985,33.385987654320985,33.385987654320985,33.385987654320985,33.385987654320985,33.385987654320985,34.69216255868544,35.204458443854996,35.204458443854996,35.204458443854996,35.204458443854996,35.204458443854996,35.436653718091016,35.436653718091016,35.438782335550634,36.12065972222222,36.12065972222222,36.12065972222222,36.12065972222222,36.12065972222222,36.12065972222222,36.12065972222222,36.12065972222222,36.12065972222222,36.12065972222222,36.12065972222222,36.12065972222222,36.12065972222222,36.76101049424509,36.76101049424509,36.76101049424509,36.77388127090301,36.88244785631518,36.95692991409373,37.024253193701725,37.079407688720096,37.079407688720096,37.079558353317346,37.087181704999665,37.11453142536475,37.11453142536475,37.11453142536475,37.11453142536475,37.11453142536475,37.11453142536475,37.125950860548556,37.16160833191053,37.22249076601895,37.28026617216672,37.28462639787373,37.27503089835824,37.27834918447047,37.168541952660256,37.168541952660256,37.168541952660256,37.168541952660256,37.157675297986025,37.15513343992129,37.142668581672986,37.14180879657911,37.04048331755798,37.04048331755798,37.04048331755798,37.04048331755798,37.04048331755798,37.04048331755798,36.812338741878115,36.76471358894942,36.657614479668965,36.65815793072794,36.68701501045032,36.68698901238087,36.59956705247585,36.59956705247585,36.59956705247585,36.60715179840385,36.60715179840385,36.60715179840385,36.60715179840385,36.60715179840385,36.60715179840385,36.64036770169851,36.64036770169851,36.64036770169851,36.64036770169851,36.64036770169851,36.64036770169851,36.74872118110432,36.74872118110432,36.814235313017456,,,33.36166666666667,33.705604982206395,33.73502244668911,35.12078554778555,35.12078554778555,35.12078554778555,35.12078554778555,35.12078554778555,35.12078554778555,35.20759479717813,35.20759479717813,35.21350219298245,35.32534888357257,35.33220055161544,36.11896499238965,36.12065972222222,36.121424853610925,36.121424853610925,36.12218682271347,36.76101049424509,36.86946049528302,36.86946049528302,36.86946049528302,36.86946049528302,36.86946049528302,36.88244785631518,36.98796080808081,37.024253193701725,37.032842880999056,37.032842880999056,37.03292211091754,37.08574646962232,37.08579327554504,37.11442500779544,37.11442500779544,37.11442500779544,37.125619256283855,37.125619256283855,37.125619256283855,37.125619256283855,37.125619256283855,37.12567603748326,37.13632940756602,37.13632940756602,37.13632940756602,37.13640737436812,37.224447203973725,37.27820357431437,37.25779983511238,37.243400412796696,37.24078694158075,37.14978923913488,37.14978923913488,37.14978923913488,37.14951087400866,37.058608897347455,37.058608897347455,37.058608897347455,37.058608897347455,37.058608897347455,37.058608897347455,37.058608897347455,37.057668965790626,36.92364801334548,36.65875255836543,36.65875255836543,37.27820357431437,37.058608897347455,34.69216255868544,36.95692991409373,36.657614479668965,35.0325758251976,35.58104891280038,"rgba(239, 83, 80, 1.0)",1.2650935691634633,34.271018017567734,-0.8465919388681551,27.31819114410364,-14.873511749037561,False,True,False,True,False,0.0,0.0,0.0,0.0,0.0,0,0.6609145815358072,1.2591314351452394,False,False,False,False,-0.34282825441539394,-0.3282655459122201,False,False,False,False,-2040.0,-1740.0868576794467,False,False,False,False,14.499887591789987,False,False,False,False
2025-08-25 16:00:00+00:00,33.2,33.2,33.2,33.2,0.0,33.385987654320985,33.385987654320985,33.385987654320985,33.385987654320985,33.385987654320985,33.385987654320985,33.385987654320985,34.69216255868544,35.204458443854996,35.204458443854996,35.204458443854996,35.204458443854996,35.204458443854996,35.436653718091016,35.436653718091016,35.438782335550634,36.12065972222222,36.12065972222222,36.12065972222222,36.12065972222222,36.12065972222222,36.12065972222222,36.12065972222222,36.12065972222222,36.12065972222222,36.12065972222222,36.12065972222222,36.12065972222222,36.12065972222222,36.76101049424509,36.76101049424509,36.76101049424509,36.77388127090301,36.88244785631518,36.95692991409373,37.024253193701725,37.079407688720096,37.079407688720096,37.079558353317346,37.087181704999665,37.11453142536475,37.11453142536475,37.11453142536475,37.11453142536475,37.11453142536475,37.11453142536475,37.125950860548556,37.16160833191053,37.22249076601895,37.28026617216672,37.28462639787373,37.27503089835824,37.27834918447047,37.168541952660256,37.168541952660256,37.168541952660256,37.168541952660256,37.157675297986025,37.15513343992129,37.142668581672986,37.14180879657911,37.04048331755798,37.04048331755798,37.04048331755798,37.04048331755798,37.04048331755798,37.04048331755798,36.812338741878115,36.76471358894942,36.657614479668965,36.65815793072794,36.68701501045032,36.68698901238087,36.59956705247585,36.59956705247585,36.59956705247585,36.60715179840385,36.60715179840385,36.60715179840385,36.60715179840385,36.60715179840385,36.60715179840385,36.64036770169851,36.64036770169851,36.64036770169851,36.64036770169851,36.64036770169851,36.64036770169851,36.74872118110432,36.74872118110432,36.814235313017456,,,33.36166666666667,33.705604982206395,33.73502244668911,35.12078554778555,35.12078554778555,35.12078554778555,35.12078554778555,35.12078554778555,35.12078554778555,35.20759479717813,35.20759479717813,35.21350219298245,35.32534888357257,35.33220055161544,36.11896499238965,36.12065972222222,36.121424853610925,36.121424853610925,36.12218682271347,36.76101049424509,36.86946049528302,36.86946049528302,36.86946049528302,36.86946049528302,36.86946049528302,36.88244785631518,36.98796080808081,37.024253193701725,37.032842880999056,37.032842880999056,37.03292211091754,37.08574646962232,37.08579327554504,37.11442500779544,37.11442500779544,37.11442500779544,37.125619256283855,37.125619256283855,37.125619256283855,37.125619256283855,37.125619256283855,37.12567603748326,37.13632940756602,37.13632940756602,37.13632940756602,37.13640737436812,37.224447203973725,37.27820357431437,37.25779983511238,37.243400412796696,37.24078694158075,37.14978923913488,37.14978923913488,37.14978923913488,37.14951087400866,37.058608897347455,37.058608897347455,37.058608897347455,37.058608897347455,37.058608897347455,37.058608897347455,37.058608897347455,37.057668965790626,36.92364801334548,36.65875255836543,36.65875255836543,37.27820357431437,37.058608897347455,34.69216255868544,36.95692991409373,36.657614479668965,35.0325758251976,35.58104891280038,"rgba(239, 83, 80, 1.0)",1.2915223400913243,34.271018017567734,-0.8292678990686282,26.08206582985126,-16.563552169204833,False,True,False,True,False,0.0,0.0,0.0,0.0,0.0,0,0.6609145815358072,1.2585562266321535,False,False,False,False,-0.34282825441539394,-0.33554690016380706,False,False,False,False,-2040.0,-1744.7366738394553,False,False,False,False,14.275083133002544,False,False,False,False
2025-08-25 17:00:00+00:00,33.2,33.2,33.2,33.2,0.0,33.385987654320985,33.385987654320985,33.385987654320985,33.385987654320985,33.385987654320985,33.385987654320985,33.385987654320985,34.69216255868544,35.204458443854996,35.204458443854996,35.204458443854996,35.204458443854996,35.204458443854996,35.436653718091016,35.436653718091016,35.438782335550634,36.12065972222222,36.12065972222222,36.12065972222222,36.12065972222222,36.12065972222222,36.12065972222222,36.12065972222222,36.12065972222222,36.12065972222222,36.12065972222222,36.12065972222222,36.12065972222222,36.12065972222222,36.76101049424509,36.76101049424509,36.76101049424509,36.77388127090301,36.88244785631518,36.95692991409373,37.024253193701725,37.079407688720096,37.079407688720096,37.079558353317346,37.087181704999665,37.11453142536475,37.11453142536475,37.11453142536475,37.11453142536475,37.11453142536475,37.11453142536475,37.125950860548556,37.16160833191053,37.22249076601895,37.28026617216672,37.28462639787373,37.27503089835824,37.27834918447047,37.168541952660256,37.168541952660256,37.168541952660256,37.168541952660256,37.157675297986025,37.15513343992129,37.142668581672986,37.14180879657911,37.04048331755798,37.04048331755798,37.04048331755798,37.04048331755798,37.04048331755798,37.04048331755798,36.812338741878115,36.76471358894942,36.657614479668965,36.65815793072794,36.68701501045032,36.68698901238087,36.59956705247585,36.59956705247585,36.59956705247585,36.60715179840385,36.60715179840385,36.60715179840385,36.60715179840385,36.60715179840385,36.60715179840385,36.64036770169851,36.64036770169851,36.64036770169851,36.64036770169851,36.64036770169851,36.64036770169851,36.74872118110432,36.74872118110432,36.814235313017456,,,33.36166666666667,33.705604982206395,33.73502244668911,35.12078554778555,35.12078554778555,35.12078554778555,35.12078554778555,35.12078554778555,35.12078554778555,35.20759479717813,35.20759479717813,35.21350219298245,35.32534888357257,35.33220055161544,36.11896499238965,36.12065972222222,36.121424853610925,36.121424853610925,36.12218682271347,36.76101049424509,36.86946049528302,36.86946049528302,36.86946049528302,36.86946049528302,36.86946049528302,36.88244785631518,36.98796080808081,37.024253193701725,37.032842880999056,37.032842880999056,37.03292211091754,37.08574646962232,37.08579327554504,37.11442500779544,37.11442500779544,37.11442500779544,37.125619256283855,37.125619256283855,37.125619256283855,37.125619256283855,37.125619256283855,37.12567603748326,37.13632940756602,37.13632940756602,37.13632940756602,37.13640737436812,37.224447203973725,37.27820357431437,37.25779983511238,37.243400412796696,37.24078694158075,37.14978923913488,37.14978923913488,37.14978923913488,37.14951087400866,37.058608897347455,37.058608897347455,37.058608897347455,37.058608897347455,37.058608897347455,37.058608897347455,37.058608897347455,37.057668965790626,36.92364801334548,36.65875255836543,36.65875255836543,37.27820357431437,37.058608897347455,34.69216255868544,36.95692991409373,36.657614479668965,35.0325758251976,35.58104891280038,"rgba(239, 83, 80, 1.0)",1.315587673979939,34.271018017567734,-0.8140985498348949,25.25798228701634,-17.889908305579553,False,True,False,True,False,0.0,0.0,0.0,0.0,0.0,0,0.6607194244604322,1.2592805755395675,False,False,False,False,-0.34282825441539394,-0.3391875772896005,False,False,False,False,-2040.0,-1749.3143998264404,False,False,False,False,14.05376401466142,False,False,False,False
2025-08-25 18:00:00+00:00,33.2,33.2,33.2,33.2,0.0,33.385987654320985,33.385987654320985,33.385987654320985,33.385987654320985,33.385987654320985,33.385987654320985,33.385987654320985,34.69216255868544,35.204458443854996,35.204458443854996,35.204458443854996,35.204458443854996,35.204458443854996,35.436653718091016,35.436653718091016,35.438782335550634,36.12065972222222,36.12065972222222,36.12065972222222,36.12065972222222,36.12065972222222,36.12065972222222,36.12065972222222,36.12065972222222,36.12065972222222,36.12065972222222,36.12065972222222,36.12065972222222,36.12065972222222,36.76101049424509,36.76101049424509,36.76101049424509,36.77388127090301,36.88244785631518,36.95692991409373,37.024253193701725,37.079407688720096,37.079407688720096,37.079558353317346,37.087181704999665,37.11453142536475,37.11453142536475,37.11453142536475,37.11453142536475,37.11453142536475,37.11453142536475,37.125950860548556,37.16160833191053,37.22249076601895,37.28026617216672,37.28462639787373,37.27503089835824,37.27834918447047,37.168541952660256,37.168541952660256,37.168541952660256,37.168541952660256,37.157675297986025,37.15513343992129,37.142668581672986,37.14180879657911,37.04048331755798,37.04048331755798,37.04048331755798,37.04048331755798,37.04048331755798,37.04048331755798,36.812338741878115,36.76471358894942,36.657614479668965,36.65815793072794,36.68701501045032,36.68698901238087,36.59956705247585,36.59956705247585,36.59956705247585,36.60715179840385,36.60715179840385,36.60715179840385,36.60715179840385,36.60715179840385,36.60715179840385,36.64036770169851,36.64036770169851,36.64036770169851,36.64036770169851,36.64036770169851,36.64036770169851,36.74872118110432,36.74872118110432,36.814235313017456,,,33.36166666666667,33.705604982206395,33.73502244668911,35.12078554778555,35.12078554778555,35.12078554778555,35.12078554778555,35.12078554778555,35.12078554778555,35.20759479717813,35.20759479717813,35.21350219298245,35.32534888357257,35.33220055161544,36.11896499238965,36.12065972222222,36.121424853610925,36.121424853610925,36.12218682271347,36.76101049424509,36.86946049528302,36.86946049528302,36.86946049528302,36.86946049528302,36.86946049528302,36.88244785631518,36.98796080808081,37.024253193701725,37.032842880999056,37.032842880999056,37.03292211091754,37.08574646962232,37.08579327554504,37.11442500779544,37.11442500779544,37.11442500779544,37.125619256283855,37.125619256283855,37.125619256283855,37.125619256283855,37.125619256283855,37.12567603748326,37.13632940756602,37.13632940756602,37.13632940756602,37.13640737436812,37.224447203973725,37.27820357431437,37.25779983511238,37.243400412796696,37.24078694158075,37.14978923913488,37.14978923913488,37.14978923913488,37.14951087400866,37.058608897347455,37.058608897347455,37.058608897347455,37.058608897347455,37.058608897347455,37.058608897347455,37.058608897347455,37.057668965790626,36.92364801334548,36.65875255836543,36.65875255836543,37.27820357431437,37.058608897347455,34.69216255868544,36.95692991409373,36.657614479668965,35.0325758251976,35.58104891280038,"rgba(239, 83, 80, 1.0)",1.3374171591757302,34.271018017567734,-0.8008107344964939,24.708593258459725,-18.97989726744214,False,True,False,True,False,0.0,0.0,0.0,0.0,0.0,0,0.660143884892087,1.2592805755395675,False,False,False,False,-0.34282825441539394,-0.34100791585249723,False,False,False,False,-2040.0,-1753.8211533175033,False,False,False,False,13.835876200480623,False,False,False,False
2025-08-25 19:00:00+00:00,33.2,33.325,33.2,33.325,58.0,33.361882591093114,33.361882591093114,33.361882591093114,33.361882591093114,33.361882591093114,33.361882591093114,33.361882591093114,34.56163205537806,35.06723522167488,35.06723522167488,35.06723522167488,35.06723522167488,35.06723522167488,35.30642161974279,35.30642161974279,35.30855729166667,36.01741948975324,36.01741948975324,36.01741948975324,36.01741948975324,36.01741948975324,36.01741948975324,36.01741948975324,36.01741948975324,36.01741948975324,36.01741948975324,36.01741948975324,36.01741948975324,36.01741948975324,36.694043271359014,36.694043271359014,36.694043271359014,36.70746008311462,36.82297530864198,36.90335470622747,36.97652478369262,37.03590397154712,37.03590397154712,37.03606150401685,37.044300615484275,37.073411978781145,37.073411978781145,37.073411978781145,37.073411978781145,37.073411978781145,37.073411978781145,37.085714027802844,37.123579599887286,37.1861389551843,37.24547894157663,37.250014168530946,37.24325510110715,37.246664387620214,37.140621979928135,37.140621979928135,37.140621979928135,37.140621979928135,37.13016405484819,37.12771075019335,37.11550006068698,37.114659509078415,37.014876419898165,37.014876419898165,37.014876419898165,37.014876419898165,37.014876419898165,37.014876419898165,36.79018937344444,36.74328061423063,36.63765442801292,36.63819873559702,36.668362937767704,36.6683388442765,36.58291266199094,36.58291266199094,36.58291266199094,36.5914196724879,36.5914196724879,36.5914196724879,36.5914196724879,36.5914196724879,36.5914196724879,36.6249367305965,36.6249367305965,36.6249367305965,36.6249367305965,36.6249367305965,36.6249367305965,36.73365992256774,36.73365992256774,36.799115909929846,33.28333333333333,33.28333333333333,33.28466101694915,33.63335791543756,33.661225352112666,34.98291720569211,34.98291720569211,34.98291720569211,34.98291720569211,34.98291720569211,34.98291720569211,35.07048525798526,35.07048525798526,35.076644254278726,35.19286912751678,35.20074668141593,36.0155918709407,36.01741948975324,36.01822152560083,36.01822152560083,36.019020467836256,36.694043271359014,36.80917198067633,36.80917198067633,36.80917198067633,36.80917198067633,36.80917198067633,36.82297530864198,36.93659375249023,36.97652478369262,36.986064745106475,36.986064745106475,36.98615304659498,37.042781349438265,37.04283599532528,37.073299093096416,37.073299093096416,37.073299093096416,37.085356820234864,37.085356820234864,37.085356820234864,37.085356820234864,37.085356820234864,37.08542027938342,37.09686035558695,37.09686035558695,37.09686035558695,37.09694449349579,37.18815817325502,37.24543558195446,37.22801701119724,37.21399146393512,37.21142747505756,37.12247777371819,37.12247777371819,37.12247777371819,37.12220470043838,37.03274168143336,37.03274168143336,37.03274168143336,37.03274168143336,37.03274168143336,37.03274168143336,37.03274168143336,37.031814298649664,36.899790583804155,36.63850074135375,36.63850074135375,37.24543558195446,37.03274168143336,34.56163205537806,36.90335470622747,36.63765442801292,34.94036648961343,35.19458715430482,"rgba(239, 83, 80, 1.0)",1.3542770818464145,33.751119498348224,-0.3146472048151713,26.869188505118302,-18.97989726744214,False,True,False,True,False,0.0,0.0,0.0,0.0,0.0,0,0.6625714285714291,1.2502857142857133,False,False,False,False,-0.3319236786203689,-0.3364657972364331,False,False,False,False,-1982.0,-1757.3588098552166,False,False,False,False,14.52059129814759,False,False,False,False
2025-08-26 14:00:00+00:00,33.325,33.325,33.325,33.325,0.0,33.361882591093114,33.361882591093114,33.361882591093114,33.361882591093114,33.361882591093114,33.361882591093114,33.361882591093114,34.56163205537806,35.06723522167488,35.06723522167488,35.06723522167488,35.06723522167488,35.06723522167488,35.30642161974279,35.30642161974279,35.30855729166667,36.01741948975324,36.01741948975324,36.01741948975324,36.01741948975324,36.01741948975324,36.01741948975324,36.01741948975324,36.01741948975324,36.01741948975324,36.01741948975324,36.01741948975324,36.01741948975324,36.01741948975324,36.694043271359014,36.694043271359014,36.694043271359014,36.70746008311462,36.82297530864198,36.90335470622747,36.97652478369262,37.03590397154712,37.03590397154712,37.03606150401685,37.044300615484275,37.073411978781145,37.073411978781145,37.073411978781145,37.073411978781145,37.073411978781145,37.073411978781145,37.085714027802844,37.123579599887286,37.1861389551843,37.24547894157663,37.250014168530946,37.24325510110715,37.246664387620214,37.140621979928135,37.140621979928135,37.140621979928135,37.140621979928135,37.13016405484819,37.12771075019335,37.11550006068698,37.114659509078415,37.014876419898165,37.014876419898165,37.014876419898165,37.014876419898165,37.014876419898165,37.014876419898165,36.79018937344444,36.74328061423063,36.63765442801292,36.63819873559702,36.668362937767704,36.6683388442765,36.58291266199094,36.58291266199094,36.58291266199094,36.5914196724879,36.5914196724879,36.5914196724879,36.5914196724879,36.5914196724879,36.5914196724879,36.6249367305965,36.6249367305965,36.6249367305965,36.6249367305965,36.6249367305965,36.6249367305965,36.73365992256774,36.73365992256774,36.799115909929846,33.28333333333333,33.28333333333333,33.28466101694915,33.63335791543756,33.661225352112666,34.98291720569211,34.98291720569211,34.98291720569211,34.98291720569211,34.98291720569211,34.98291720569211,35.07048525798526,35.07048525798526,35.076644254278726,35.19286912751678,35.20074668141593,36.0155918709407,36.01741948975324,36.01822152560083,36.01822152560083,36.019020467836256,36.694043271359014,36.80917198067633,36.80917198067633,36.80917198067633,36.80917198067633,36.80917198067633,36.82297530864198,36.93659375249023,36.97652478369262,36.986064745106475,36.986064745106475,36.98615304659498,37.042781349438265,37.04283599532528,37.073299093096416,37.073299093096416,37.073299093096416,37.085356820234864,37.085356820234864,37.085356820234864,37.085356820234864,37.085356820234864,37.08542027938342,37.09686035558695,37.09686035558695,37.09686035558695,37.09694449349579,37.18815817325502,37.24543558195446,37.22801701119724,37.21399146393512,37.21142747505756,37.12247777371819,37.12247777371819,37.12247777371819,37.12220470043838,37.03274168143336,37.03274168143336,37.03274168143336,37.03274168143336,37.03274168143336,37.03274168143336,37.03274168143336,37.031814298649664,36.899790583804155,36.63850074135375,36.63850074135375,37.24543558195446,37.03274168143336,34.56163205537806,36.90335470622747,36.63765442801292,34.94036648961343,35.19458715430482,"rgba(239, 83, 80, 0.75)",1.369286320324225,33.751119498348224,-0.31119824394895224,28.309585336224014,-18.97989726744214,False,True,False,True,True,0.0,0.0,0.0,0.0,0.0,0,0.6697142857142864,1.2502857142857133,False,False,False,False,-0.32109473882291584,-0.32878026802967447,False,False,False,False,-1982.0,-1760.841619004748,False,False,False,False,14.29546585166468,False,False,False,False
2025-08-26 15:00:00+00:00,33.325,33.325,33.325,33.325,0.0,33.361882591093114,33.361882591093114,33.361882591093114,33.361882591093114,33.361882591093114,33.361882591093114,33.361882591093114,34.56163205537806,35.06723522167488,35.06723522167488,35.06723522167488,35.06723522167488,35.06723522167488,35.30642161974279,35.30642161974279,35.30855729166667,36.01741948975324,36.01741948975324,36.01741948975324,36.01741948975324,36.01741948975324,36.01741948975324,36.01741948975324,36.01741948975324,36.01741948975324,36.01741948975324,36.01741948975324,36.01741948975324,36.01741948975324,36.694043271359014,36.694043271359014,36.694043271359014,36.70746008311462,36.82297530864198,36.90335470622747,36.97652478369262,37.03590397154712,37.03590397154712,37.03606150401685,37.044300615484275,37.073411978781145,37.073411978781145,37.073411978781145,37.073411978781145,37.073411978781145,37.073411978781145,37.085714027802844,37.123579599887286,37.1861389551843,37.24547894157663,37.250014168530946,37.24325510110715,37.246664387620214,37.140621979928135,37.140621979928135,37.140621979928135,37.140621979928135,37.13016405484819,37.12771075019335,37.11550006068698,37.114659509078415,37.014876419898165,37.014876419898165,37.014876419898165,37.014876419898165,37.014876419898165,37.014876419898165,36.79018937344444,36.74328061423063,36.63765442801292,36.63819873559702,36.668362937767704,36.6683388442765,36.58291266199094,36.58291266199094,36.58291266199094,36.5914196724879,36.5914196724879,36.5914196724879,36.5914196724879,36.5914196724879,36.5914196724879,36.6249367305965,36.6249367305965,36.6249367305965,36.6249367305965,36.6249367305965,36.6249367305965,36.73365992256774,36.73365992256774,36.799115909929846,33.28333333333333,33.28333333333333,33.28466101694915,33.63335791543756,33.661225352112666,34.98291720569211,34.98291720569211,34.98291720569211,34.98291720569211,34.98291720569211,34.98291720569211,35.07048525798526,35.07048525798526,35.076644254278726,35.19286912751678,35.20074668141593,36.0155918709407,36.01741948975324,36.01822152560083,36.01822152560083,36.019020467836256,36.694043271359014,36.80917198067633,36.80917198067633,36.80917198067633,36.80917198067633,36.80917198067633,36.82297530864198,36.93659375249023,36.97652478369262,36.986064745106475,36.986064745106475,36.98615304659498,37.042781349438265,37.04283599532528,37.073299093096416,37.073299093096416,37.073299093096416,37.085356820234864,37.085356820234864,37.085356820234864,37.085356820234864,37.085356820234864,37.08542027938342,37.09686035558695,37.09686035558695,37.09686035558695,37.09694449349579,37.18815817325502,37.24543558195446,37.22801701119724,37.21399146393512,37.21142747505756,37.12247777371819,37.12247777371819,37.12247777371819,37.12220470043838,37.03274168143336,37.03274168143336,37.03274168143336,37.03274168143336,37.03274168143336,37.03274168143336,37.03274168143336,37.031814298649664,36.899790583804155,36.63850074135375,36.63850074135375,37.24543558195446,37.03274168143336,34.56163205537806,36.90335470622747,36.63765442801292,34.94036648961343,35.19458715430482,"rgba(239, 83, 80, 0.75)",1.3825051520683487,33.751119498348224,-0.3082227199737442,29.26984989029449,-18.97989726744214,False,True,False,True,True,0.0,0.0,0.0,0.0,0.0,0,0.6697142857142864,1.2502857142857133,False,False,False,False,-0.32109473882291584,-0.3249375034262951,False,False,False,False,-1982.0,-1764.2704311132015,False,False,False,False,14.073830722181507,False,False,False,False
2025-08-26 16:00:00+00:00,33.325,33.325,33.325,33.325,0.0,33.361882591093114,33.361882591093114,33.361882591093114,33.361882591093114,33.361882591093114,33.361882591093114,33.361882591093114,34.56163205537806,35.06723522167488,35.06723522167488,35.06723522167488,35.06723522167488,35.06723522167488,35.30642161974279,35.30642161974279,35.30855729166667,36.01741948975324,36.01741948975324,36.01741948975324,36.01741948975324,36.01741948975324,36.01741948975324,36.01741948975324,36.01741948975324,36.01741948975324,36.01741948975324,36.01741948975324,36.01741948975324,36.01741948975324,36.694043271359014,36.694043271359014,36.694043271359014,36.70746008311462,36.82297530864198,36.90335470622747,36.97652478369262,37.03590397154712,37.03590397154712,37.03606150401685,37.044300615484275,37.073411978781145,37.073411978781145,37.073411978781145,37.073411978781145,37.073411978781145,37.073411978781145,37.085714027802844,37.123579599887286,37.1861389551843,37.24547894157663,37.250014168530946,37.24325510110715,37.246664387620214,37.140621979928135,37.140621979928135,37.140621979928135,37.140621979928135,37.13016405484819,37.12771075019335,37.11550006068698,37.114659509078415,37.014876419898165,37.014876419898165,37.014876419898165,37.014876419898165,37.014876419898165,37.014876419898165,36.79018937344444,36.74328061423063,36.63765442801292,36.63819873559702,36.668362937767704,36.6683388442765,36.58291266199094,36.58291266199094,36.58291266199094,36.5914196724879,36.5914196724879,36.5914196724879,36.5914196724879,36.5914196724879,36.5914196724879,36.6249367305965,36.6249367305965,36.6249367305965,36.6249367305965,36.6249367305965,36.6249367305965,36.73365992256774,36.73365992256774,36.799115909929846,33.28333333333333,33.28333333333333,33.28466101694915,33.63335791543756,33.661225352112666,34.98291720569211,34.98291720569211,34.98291720569211,34.98291720569211,34.98291720569211,34.98291720569211,35.07048525798526,35.07048525798526,35.076644254278726,35.19286912751678,35.20074668141593,36.0155918709407,36.01741948975324,36.01822152560083,36.01822152560083,36.019020467836256,36.694043271359014,36.80917198067633,36.80917198067633,36.80917198067633,36.80917198067633,36.80917198067633,36.82297530864198,36.93659375249023,36.97652478369262,36.986064745106475,36.986064745106475,36.98615304659498,37.042781349438265,37.04283599532528,37.073299093096416,37.073299093096416,37.073299093096416,37.085356820234864,37.085356820234864,37.085356820234864,37.085356820234864,37.085356820234864,37.08542027938342,37.09686035558695,37.09686035558695,37.09686035558695,37.09694449349579,37.18815817325502,37.24543558195446,37.22801701119724,37.21399146393512,37.21142747505756,37.12247777371819,37.12247777371819,37.12247777371819,37.12220470043838,37.03274168143336,37.03274168143336,37.03274168143336,37.03274168143336,37.03274168143336,37.03274168143336,37.03274168143336,37.031814298649664,36.899790583804155,36.63850074135375,36.63850074135375,37.24543558195446,37.03274168143336,34.56163205537806,36.90335470622747,36.63765442801292,34.94036648961343,35.19458715430482,"rgba(239, 83, 80, 0.75)",1.3974369814475185,33.751119498348224,-0.30492931273854684,29.91002625967481,-18.97989726744214,False,True,False,True,True,0.0,0.0,0.0,0.0,0.0,0,0.6697142857142864,1.2502857142857133,False,False,False,False,-0.32109473882291584,-0.3230161211246055,False,False,False,False,-1982.0,-1767.6460833440046,False,False,False,False,13.855631796256212,False,False,False,False
2025-08-26 17:00:00+00:00,33.325,33.64,33.325,33.64,2.0,33.36327309236947,33.36327309236947,33.36327309236947,33.36327309236947,33.36327309236947,33.36327309236947,33.36327309236947,34.55836252653928,35.063470515970515,35.063470515970515,35.063470515970515,35.063470515970515,35.063470515970515,35.3027349982657,35.3027349982657,35.304870062370064,36.014308688387636,36.014308688387636,36.014308688387636,36.014308688387636,36.014308688387636,36.014308688387636,36.014308688387636,36.014308688387636,36.014308688387636,36.014308688387636,36.014308688387636,36.014308688387636,36.014308688387636,36.69194702499448,36.69194702499448,36.69194702499448,36.705379781420774,36.82110288534549,36.90166164027812,36.97501136030489,37.0345210349595,37.0345210349595,37.03467877830437,37.0429369859465,37.07210291034652,37.07210291034652,37.07210291034652,37.07210291034652,37.07210291034652,37.07210291034652,37.08443241292185,37.12236662723227,37.18497746673029,37.244365686568656,37.24890636648278,37.242237467983905,37.24564957849168,37.1397287253809,37.1397287253809,37.1397287253809,37.1397287253809,37.12928396572828,37.12683351646116,37.11463111272904,37.11379118657773,37.01405877976191,37.01405877976191,37.01405877976191,37.01405877976191,37.01405877976191,37.01405877976191,36.78948501568755,36.74259966748029,36.63702168519086,36.6375660108064,36.66777095534984,36.66774692232613,36.58238493059764,36.58238493059764,36.58238493059764,36.59092090948651,36.59092090948651,36.59092090948651,36.59092090948651,36.59092090948651,36.59092090948651,36.6244470417327,36.6244470417327,36.6244470417327,36.6244470417327,36.6244470417327,36.6244470417327,36.733180614869745,36.733180614869745,36.79863401491104,33.29172222222222,33.29172222222222,33.292868852459016,33.632781036168126,33.660518207282905,34.97918064516129,34.97918064516129,34.97918064516129,34.97918064516129,34.97918064516129,34.97918064516129,35.066721813725486,35.066721813725486,35.072884146341465,35.189168526785714,35.19706953642384,36.01247750575434,36.014308688387636,36.015111667710286,36.015111667710286,36.0159115561118,36.69194702499448,36.807275009656244,36.807275009656244,36.807275009656244,36.807275009656244,36.807275009656244,36.82110288534549,36.93496814018319,36.97501136030489,36.984580735325736,36.984580735325736,36.98466931785612,37.04141512495942,37.041470015576316,37.07198982423681,37.07198982423681,37.07198982423681,37.08407440852447,37.08407440852447,37.08407440852447,37.08407440852447,37.08407440852447,37.08413807632117,37.095602636534835,37.095602636534835,37.095602636534835,37.095686966754926,37.18699862455695,37.244386398982044,37.22706298975286,37.213049581839904,37.21048721227621,37.12160416413004,37.12160416413004,37.12160416413004,37.12133126369613,37.03191547576868,37.03191547576868,37.03191547576868,37.03191547576868,37.03191547576868,37.03191547576868,37.03191547576868,37.03098850710435,36.89903035095649,36.63785879270522,36.63785879270522,37.244386398982044,37.03191547576868,34.55836252653928,36.90166164027812,36.63702168519086,34.93830980029473,35.19295821551847,"rgba(239, 83, 80, 0.5)",1.409001227628811,33.753138798039586,-0.08029716072709564,36.896733899103495,-18.253954760210032,False,False,False,True,True,0.0,0.0,0.0,0.0,0.0,0,0.6755543081672754,1.22817850126298,False,False,False,False,-0.29411951053732593,-0.3085678158309657,False,False,False,False,-1980.0,-1770.9383921293688,False,False,False,False,13.671823551353015,False,False,False,False
2025-08-26 18:00:00+00:00,33.64,33.64,33.64,33.64,0.0,33.36327309236947,33.36327309236947,33.36327309236947,33.36327309236947,33.36327309236947,33.36327309236947,33.36327309236947,34.55836252653928,35.063470515970515,35.063470515970515,35.063470515970515,35.063470515970515,35.063470515970515,35.3027349982657,35.3027349982657,35.304870062370064,36.014308688387636,36.014308688387636,36.014308688387636,36.014308688387636,36.014308688387636,36.014308688387636,36.014308688387636,36.014308688387636,36.014308688387636,36.014308688387636,36.014308688387636,36.014308688387636,36.014308688387636,36.69194702499448,36.69194702499448,36.69194702499448,36.705379781420774,36.82110288534549,36.90166164027812,36.97501136030489,37.0345210349595,37.0345210349595,37.03467877830437,37.0429369859465,37.07210291034652,37.07210291034652,37.07210291034652,37.07210291034652,37.07210291034652,37.07210291034652,37.08443241292185,37.12236662723227,37.18497746673029,37.244365686568656,37.24890636648278,37.242237467983905,37.24564957849168,37.1397287253809,37.1397287253809,37.1397287253809,37.1397287253809,37.12928396572828,37.12683351646116,37.11463111272904,37.11379118657773,37.01405877976191,37.01405877976191,37.01405877976191,37.01405877976191,37.01405877976191,37.01405877976191,36.78948501568755,36.74259966748029,36.63702168519086,36.6375660108064,36.66777095534984,36.66774692232613,36.58238493059764,36.58238493059764,36.58238493059764,36.59092090948651,36.59092090948651,36.59092090948651,36.59092090948651,36.59092090948651,36.59092090948651,36.6244470417327,36.6244470417327,36.6244470417327,36.6244470417327,36.6244470417327,36.6244470417327,36.733180614869745,36.733180614869745,36.79863401491104,33.29172222222222,33.29172222222222,33.292868852459016,33.632781036168126,33.660518207282905,34.97918064516129,34.97918064516129,34.97918064516129,34.97918064516129,34.97918064516129,34.97918064516129,35.066721813725486,35.066721813725486,35.072884146341465,35.189168526785714,35.19706953642384,36.01247750575434,36.014308688387636,36.015111667710286,36.015111667710286,36.0159115561118,36.69194702499448,36.807275009656244,36.807275009656244,36.807275009656244,36.807275009656244,36.807275009656244,36.82110288534549,36.93496814018319,36.97501136030489,36.984580735325736,36.984580735325736,36.98466931785612,37.04141512495942,37.041470015576316,37.07198982423681,37.07198982423681,37.07198982423681,37.08407440852447,37.08407440852447,37.08407440852447,37.08407440852447,37.08407440852447,37.08413807632117,37.095602636534835,37.095602636534835,37.095602636534835,37.095686966754926,37.18699862455695,37.244386398982044,37.22706298975286,37.213049581839904,37.21048721227621,37.12160416413004,37.12160416413004,37.12160416413004,37.12133126369613,37.03191547576868,37.03191547576868,37.03191547576868,37.03191547576868,37.03191547576868,37.03191547576868,37.03191547576868,37.03098850710435,36.89903035095649,36.63785879270522,36.63785879270522,37.244386398982044,37.03191547576868,34.55836252653928,36.90166164027812,36.63702168519086,34.93830980029473,35.19295821551847,"rgba(239, 83, 80, 0.5)",1.419639793801295,33.753138798039586,-0.07969542593381373,41.55453899205595,-14.028195772680107,True,False,False,True,True,0.0,0.0,0.0,0.0,0.0,0,0.6932360370474323,1.22817850126298,False,False,False,False,-0.26755416708571306,-0.2880609914583394,False,False,False,False,-1980.0,-1774.1796573676731,False,False,False,False,13.45985729474289,False,False,False,False
2025-08-26 19:00:00+00:00,33.64,33.64,33.28,33.28,52.0,33.369617940199326,33.369617940199326,33.369617940199326,33.369617940199326,33.369617940199326,33.369617940199326,33.369617940199326,34.469781862745094,34.96358545034642,34.96358545034642,34.96358545034642,34.96358545034642,34.96358545034642,35.20506252056598,35.20506252056598,35.207184418145964,35.93181836569579,35.93181836569579,35.93181836569579,35.93181836569579,35.93181836569579,35.93181836569579,35.93181836569579,35.93181836569579,35.93181836569579,35.93181836569579,35.93181836569579,35.93181836569579,35.93181836569579,36.636114916286154,36.636114916286154,36.636114916286154,36.649970449172585,36.77118780396559,36.85649011825022,36.93459818840579,36.997571847507324,36.997571847507324,36.997735209799316,37.00650060909148,37.03711768657627,37.03711768657627,37.03711768657627,37.03711768657627,37.03711768657627,37.03711768657627,37.050177006972994,37.08993857150834,37.15392859020876,37.21460876252853,37.219295014055334,37.21501725703906,37.218505045020585,37.11579446153846,37.11579446153846,37.11579446153846,37.11579446153846,37.10569812697641,37.103323223745406,37.09133908115278,37.09051564822627,36.9921144714308,36.9921144714308,36.9921144714308,36.9921144714308,36.9921144714308,36.9921144714308,36.77052286175364,36.724255057167994,36.61994843966596,36.620493357671634,36.65179764366736,36.651775229501524,36.56812275560918,36.56812275560918,36.56812275560918,36.57743960567653,36.57743960567653,36.57743960567653,36.57743960567653,36.57743960567653,36.57743960567653,36.611215409301344,36.611215409301344,36.611215409301344,36.611215409301344,36.611215409301344,36.611215409301344,36.720244918775016,36.720244918775016,36.78563828222662,33.341994047619046,33.341994047619046,33.34216814159292,33.60198049194232,33.62739608801955,34.879885126964936,34.879885126964936,34.879885126964936,34.879885126964936,34.879885126964936,34.879885126964936,34.96687211981567,34.96687211981567,34.973124999999996,35.091028481012664,35.09952505219207,35.9298946301925,35.93181836569579,35.93264604810996,35.93264604810996,35.933470707070704,36.636114916286154,36.75671042617961,36.75671042617961,36.75671042617961,36.75671042617961,36.75671042617961,36.77118780396559,36.89158406104948,36.93459818840579,36.94494684244099,36.94494684244099,36.94504287131519,37.00490971017286,37.004971087124126,37.03699926699651,37.03699926699651,37.03699926699651,37.049797817140806,37.049797817140806,37.049797817140806,37.049797817140806,37.049797817140806,37.04986702444841,37.06198273851177,37.06198273851177,37.06198273851177,37.06207218238003,37.15600162652815,37.21632912280701,37.20152959541527,37.187836130891824,37.18531631097561,37.09818935269208,37.09818935269208,37.09818935269208,37.097921001693685,37.009746253472635,37.009746253472635,37.009746253472635,37.009746253472635,37.009746253472635,37.009746253472635,37.009746253472635,37.00883014513164,36.87859576220426,36.62053869629325,36.62053869629325,37.21632912280701,37.009746253472635,34.469781862745094,36.85649011825022,36.61994843966596,34.875148377856505,35.1279595338169,"rgba(239, 83, 80, 0.5)",1.4334218587789387,33.66891388923427,-0.27131851440131083,39.697733720267095,-14.028195772680107,True,False,False,True,True,0.0,0.0,0.0,0.0,0.0,0,0.6795048143053649,1.2236588720770283,False,False,False,False,-0.29794690227673015,-0.2930039468675348,False,False,False,False,-2032.0,-1778.176871982128,False,False,False,False,14.057378887072456,False,False,False,False
2025-08-27 14:00:00+00:00,33.28,33.28,33.28,33.28,0.0,33.369617940199326,33.369617940199326,33.369617940199326,33.369617940199326,33.369617940199326,33.369617940199326,33.369617940199326,34.469781862745094,34.96358545034642,34.96358545034642,34.96358545034642,34.96358545034642,34.96358545034642,35.20506252056598,35.20506252056598,35.207184418145964,35.93181836569579,35.93181836569579,35.93181836569579,35.93181836569579,35.93181836569579,35.93181836569579,35.93181836569579,35.93181836569579,35.93181836569579,35.93181836569579,35.93181836569579,35.93181836569579,35.93181836569579,36.636114916286154,36.636114916286154,36.636114916286154,36.649970449172585,36.77118780396559,36.85649011825022,36.93459818840579,36.997571847507324,36.997571847507324,36.997735209799316,37.00650060909148,37.03711768657627,37.03711768657627,37.03711768657627,37.03711768657627,37.03711768657627,37.03711768657627,37.050177006972994,37.08993857150834,37.15392859020876,37.21460876252853,37.219295014055334,37.21501725703906,37.218505045020585,37.11579446153846,37.11579446153846,37.11579446153846,37.11579446153846,37.10569812697641,37.103323223745406,37.09133908115278,37.09051564822627,36.9921144714308,36.9921144714308,36.9921144714308,36.9921144714308,36.9921144714308,36.9921144714308,36.77052286175364,36.724255057167994,36.61994843966596,36.620493357671634,36.65179764366736,36.651775229501524,36.56812275560918,36.56812275560918,36.56812275560918,36.57743960567653,36.57743960567653,36.57743960567653,36.57743960567653,36.57743960567653,36.57743960567653,36.611215409301344,36.611215409301344,36.611215409301344,36.611215409301344,36.611215409301344,36.611215409301344,36.720244918775016,36.720244918775016,36.78563828222662,33.341994047619046,33.341994047619046,33.34216814159292,33.60198049194232,33.62739608801955,34.879885126964936,34.879885126964936,34.879885126964936,34.879885126964936,34.879885126964936,34.879885126964936,34.96687211981567,34.96687211981567,34.973124999999996,35.091028481012664,35.09952505219207,35.9298946301925,35.93181836569579,35.93264604810996,35.93264604810996,35.933470707070704,36.636114916286154,36.75671042617961,36.75671042617961,36.75671042617961,36.75671042617961,36.75671042617961,36.77118780396559,36.89158406104948,36.93459818840579,36.94494684244099,36.94494684244099,36.94504287131519,37.00490971017286,37.004971087124126,37.03699926699651,37.03699926699651,37.03699926699651,37.049797817140806,37.049797817140806,37.049797817140806,37.049797817140806,37.049797817140806,37.04986702444841,37.06198273851177,37.06198273851177,37.06198273851177,37.06207218238003,37.15600162652815,37.21632912280701,37.20152959541527,37.187836130891824,37.18531631097561,37.09818935269208,37.09818935269208,37.09818935269208,37.097921001693685,37.009746253472635,37.009746253472635,37.009746253472635,37.009746253472635,37.009746253472635,37.009746253472635,37.009746253472635,37.00883014513164,36.87859576220426,36.62053869629325,36.62053869629325,37.21632912280701,37.009746253472635,34.469781862745094,36.85649011825022,36.61994843966596,34.875148377856505,35.1279595338169,"rgba(239, 83, 80, 0.5)",1.445836654200839,33.66891388923427,-0.26898881564821897,38.459863539074526,-14.028195772680107,True,False,False,True,False,0.0,0.0,0.0,0.0,0.0,0,0.6795048143053649,1.2434662998624477,False,False,False,False,-0.3288840953456769,-0.31094402110660585,False,False,False,False,-2032.0,-1782.1121142769784,False,False,False,False,13.839435028358155,False,False,False,False
2025-08-27 15:00:00+00:00,33.28,33.28,33.28,33.28,0.0,33.369617940199326,33.369617940199326,33.369617940199326,33.369617940199326,33.369617940199326,33.369617940199326,33.369617940199326,34.469781862745094,34.96358545034642,34.96358545034642,34.96358545034642,34.96358545034642,34.96358545034642,35.20506252056598,35.20506252056598,35.207184418145964,35.93181836569579,35.93181836569579,35.93181836569579,35.93181836569579,35.93181836569579,35.93181836569579,35.93181836569579,35.93181836569579,35.93181836569579,35.93181836569579,35.93181836569579,35.93181836569579,35.93181836569579,36.636114916286154,36.636114916286154,36.636114916286154,36.649970449172585,36.77118780396559,36.85649011825022,36.93459818840579,36.997571847507324,36.997571847507324,36.997735209799316,37.00650060909148,37.03711768657627,37.03711768657627,37.03711768657627,37.03711768657627,37.03711768657627,37.03711768657627,37.050177006972994,37.08993857150834,37.15392859020876,37.21460876252853,37.219295014055334,37.21501725703906,37.218505045020585,37.11579446153846,37.11579446153846,37.11579446153846,37.11579446153846,37.10569812697641,37.103323223745406,37.09133908115278,37.09051564822627,36.9921144714308,36.9921144714308,36.9921144714308,36.9921144714308,36.9921144714308,36.9921144714308,36.77052286175364,36.724255057167994,36.61994843966596,36.620493357671634,36.65179764366736,36.651775229501524,36.56812275560918,36.56812275560918,36.56812275560918,36.57743960567653,36.57743960567653,36.57743960567653,36.57743960567653,36.57743960567653,36.57743960567653,36.611215409301344,36.611215409301344,36.611215409301344,36.611215409301344,36.611215409301344,36.611215409301344,36.720244918775016,36.720244918775016,36.78563828222662,33.341994047619046,33.341994047619046,33.34216814159292,33.60198049194232,33.62739608801955,34.879885126964936,34.879885126964936,34.879885126964936,34.879885126964936,34.879885126964936,34.879885126964936,34.96687211981567,34.96687211981567,34.973124999999996,35.091028481012664,35.09952505219207,35.9298946301925,35.93181836569579,35.93264604810996,35.93264604810996,35.933470707070704,36.636114916286154,36.75671042617961,36.75671042617961,36.75671042617961,36.75671042617961,36.75671042617961,36.77118780396559,36.89158406104948,36.93459818840579,36.94494684244099,36.94494684244099,36.94504287131519,37.00490971017286,37.004971087124126,37.03699926699651,37.03699926699651,37.03699926699651,37.049797817140806,37.049797817140806,37.049797817140806,37.049797817140806,37.049797817140806,37.04986702444841,37.06198273851177,37.06198273851177,37.06198273851177,37.06207218238003,37.15600162652815,37.21632912280701,37.20152959541527,37.187836130891824,37.18531631097561,37.09818935269208,37.09818935269208,37.09818935269208,37.097921001693685,37.009746253472635,37.009746253472635,37.009746253472635,37.009746253472635,37.009746253472635,37.009746253472635,37.009746253472635,37.00883014513164,36.87859576220426,36.62053869629325,36.62053869629325,37.21632912280701,37.009746253472635,34.469781862745094,36.85649011825022,36.61994843966596,34.875148377856505,35.1279595338169,"rgba(239, 83, 80, 0.5)",1.456919133088865,33.66891388923427,-0.2669426740314113,37.63461675161281,-14.028195772680107,True,False,False,True,False,0.0,0.0,0.0,0.0,0.0,0,0.6795048143053649,1.2434662998624477,False,False,False,False,-0.3288840953456769,-0.3199140582261414,False,False,False,False,-2032.0,-1785.986345063382,False,False,False,False,13.624870144197564,False,False,False,False
2025-08-27 16:00:00+00:00,33.28,33.28,33.28,33.28,0.0,33.369617940199326,33.369617940199326,33.369617940199326,33.369617940199326,33.369617940199326,33.369617940199326,33.369617940199326,34.469781862745094,34.96358545034642,34.96358545034642,34.96358545034642,34.96358545034642,34.96358545034642,35.20506252056598,35.20506252056598,35.207184418145964,35.93181836569579,35.93181836569579,35.93181836569579,35.93181836569579,35.93181836569579,35.93181836569579,35.93181836569579,35.93181836569579,35.93181836569579,35.93181836569579,35.93181836569579,35.93181836569579,35.93181836569579,36.636114916286154,36.636114916286154,36.636114916286154,36.649970449172585,36.77118780396559,36.85649011825022,36.93459818840579,36.997571847507324,36.997571847507324,36.997735209799316,37.00650060909148,37.03711768657627,37.03711768657627,37.03711768657627,37.03711768657627,37.03711768657627,37.03711768657627,37.050177006972994,37.08993857150834,37.15392859020876,37.21460876252853,37.219295014055334,37.21501725703906,37.218505045020585,37.11579446153846,37.11579446153846,37.11579446153846,37.11579446153846,37.10569812697641,37.103323223745406,37.09133908115278,37.09051564822627,36.9921144714308,36.9921144714308,36.9921144714308,36.9921144714308,36.9921144714308,36.9921144714308,36.77052286175364,36.724255057167994,36.61994843966596,36.620493357671634,36.65179764366736,36.651775229501524,36.56812275560918,36.56812275560918,36.56812275560918,36.57743960567653,36.57743960567653,36.57743960567653,36.57743960567653,36.57743960567653,36.57743960567653,36.611215409301344,36.611215409301344,36.611215409301344,36.611215409301344,36.611215409301344,36.611215409301344,36.720244918775016,36.720244918775016,36.78563828222662,33.341994047619046,33.341994047619046,33.34216814159292,33.60198049194232,33.62739608801955,34.879885126964936,34.879885126964936,34.879885126964936,34.879885126964936,34.879885126964936,34.879885126964936,34.96687211981567,34.96687211981567,34.973124999999996,35.091028481012664,35.09952505219207,35.9298946301925,35.93181836569579,35.93264604810996,35.93264604810996,35.933470707070704,36.636114916286154,36.75671042617961,36.75671042617961,36.75671042617961,36.75671042617961,36.75671042617961,36.77118780396559,36.89158406104948,36.93459818840579,36.94494684244099,36.94494684244099,36.94504287131519,37.00490971017286,37.004971087124126,37.03699926699651,37.03699926699651,37.03699926699651,37.049797817140806,37.049797817140806,37.049797817140806,37.049797817140806,37.049797817140806,37.04986702444841,37.06198273851177,37.06198273851177,37.06198273851177,37.06207218238003,37.15600162652815,37.21632912280701,37.20152959541527,37.187836130891824,37.18531631097561,37.09818935269208,37.09818935269208,37.09818935269208,37.097921001693685,37.009746253472635,37.009746253472635,37.009746253472635,37.009746253472635,37.009746253472635,37.009746253472635,37.009746253472635,37.00883014513164,36.87859576220426,36.62053869629325,36.62053869629325,37.21632912280701,37.009746253472635,34.469781862745094,36.85649011825022,36.61994843966596,34.875148377856505,35.1279595338169,"rgba(239, 83, 80, 0.5)",1.4667574306477582,33.66891388923427,-0.26515215202455983,37.084452226638334,-14.028195772680107,True,False,False,True,False,0.0,0.0,0.0,0.0,0.0,0,0.6795048143053649,1.2434662998624477,False,False,False,False,-0.3288840953456769,-0.3243990767859092,False,False,False,False,-2032.0,-1789.8005102561979,False,False,False,False,13.413631847388299,False,False,False,False
2025-08-27 17:00:00+00:00,33.28,33.28,32.69,32.69,1.0,33.368018763796904,33.368018763796904,33.368018763796904,33.368018763796904,33.368018763796904,33.368018763796904,33.368018763796904,34.46745717082721,34.96118992695117,34.96118992695117,34.96118992695117,34.96118992695117,34.96118992695117,35.202776134122296,35.202776134122296,35.204898193760265,35.92997170002021,35.92997170002021,35.92997170002021,35.92997170002021,35.92997170002021,35.92997170002021,35.92997170002021,35.92997170002021,35.92997170002021,35.92997170002021,35.92997170002021,35.92997170002021,35.92997170002021,36.63489240299968,36.63489240299968,36.63489240299968,36.64875765388335,36.7700981767181,36.85550553902115,36.9337183945519,36.996768308574396,36.996768308574396,36.9969317959742,37.00570833333332,37.03635739146363,37.03635739146363,37.03635739146363,37.03635739146363,37.03635739146363,37.03635739146363,37.04943272553926,37.08923450586264,37.15325552050473,37.213964627672766,37.21865409270217,37.21442764382691,37.21791711907346,37.11527401755681,37.11527401755681,37.11527401755681,37.11527401755681,37.10518505006283,37.10281174187288,37.09083212764248,37.09000903832249,36.99163514302394,36.99163514302394,36.99163514302394,36.99163514302394,36.99163514302394,36.99163514302394,36.77010506310959,36.7238500773885,36.6195698106829,36.6201147502197,36.65144374471285,36.65142136591479,36.5678054981041,36.5678054981041,36.5678054981041,36.5771397622336,36.5771397622336,36.5771397622336,36.5771397622336,36.5771397622336,36.5771397622336,36.610921512927746,36.610921512927746,36.610921512927746,36.610921512927746,36.610921512927746,36.610921512927746,36.719958830845755,36.719958830845755,36.785351593137236,33.33796460176991,33.33796460176991,33.338172514619885,33.60016497461928,33.6255894308943,34.87747785829308,34.87747785829308,34.87747785829308,34.87747785829308,34.87747785829308,34.87747785829308,34.96447832757959,34.96447832757959,34.97073501336388,35.08870565507552,35.09721758776503,35.92804576751721,35.92997170002021,35.9308,35.9308,35.93162527760953,36.63489240299968,36.75560627674751,36.75560627674751,36.75560627674751,36.75560627674751,36.75560627674751,36.7700981767181,36.890639059304696,36.9337183945519,36.94408411281179,36.94408411281179,36.94418030464045,37.0041159085068,37.004177426607555,37.036238854281166,37.036238854281166,37.036238854281166,37.04905307096004,37.04905307096004,37.04905307096004,37.04905307096004,37.04905307096004,37.049122399093775,37.06125240510757,37.06125240510757,37.06125240510757,37.06134196105864,37.15532971356626,37.21572153615866,37.200976053025435,37.18728925619834,37.18477031203692,37.097679853213975,37.097679853213975,37.097679853213975,37.0974115963066,37.009262323943666,37.009262323943666,37.009262323943666,37.009262323943666,37.009262323943666,37.009262323943666,37.009262323943666,37.00834643667371,36.87814748268764,36.62015463210588,36.62015463210588,37.21572153615866,37.009262323943666,34.46745717082721,36.85550553902115,36.6195698106829,34.873189356573924,35.12573168652738,"rgba(239, 83, 80, 1.0)",1.4782994095054636,33.566463764752505,-0.5928865012844128,31.50653053557451,-12.8304215286431,False,True,False,True,False,0.0,0.0,0.0,0.0,0.0,0,0.6581401545430325,1.2358113509192639,False,False,False,False,-0.34282825441539394,-0.33361366560065153,False,False,False,False,-2033.0,-1793.571044980908,False,False,False,False,13.221172438901657,False,False,False,False
2025-08-27 18:00:00+00:00,33.075,33.075,33.075,33.075,1.0,33.36705170517051,33.36705170517051,33.36705170517051,33.36705170517051,33.36705170517051,33.36705170517051,33.36705170517051,34.46541544477028,34.95901689708141,34.95901689708141,34.95901689708141,34.95901689708141,34.95901689708141,35.20067980295567,35.20067980295567,35.20280183727034,35.92824141414141,35.92824141414141,35.92824141414141,35.92824141414141,35.92824141414141,35.92824141414141,35.92824141414141,35.92824141414141,35.92824141414141,35.92824141414141,35.92824141414141,35.92824141414141,35.92824141414141,36.63373207301174,36.63373207301174,36.63373207301174,36.647606314433,36.769061974200795,36.85456814612777,36.93287990728668,36.99600188912774,36.99600188912774,36.99616549433372,37.004952573223086,37.03563186813186,37.03563186813186,37.03563186813186,37.03563186813186,37.03563186813186,37.03563186813186,37.04872237116472,37.088562217384016,37.152612363980445,37.21334871031746,37.218041216782524,37.21386384273132,37.21735491020943,37.11477687543579,37.11477687543579,37.11477687543579,37.11477687543579,37.104694998378726,37.1023232261977,37.0903480008037,37.08952524400531,36.99117791267803,36.99117791267803,36.99117791267803,36.99117791267803,36.99117791267803,36.99117791267803,36.769707611774415,36.72346505574902,36.619210357299806,36.61975531447497,36.651107612781956,36.65108526767535,36.567504523912106,36.567504523912106,36.567504523912106,36.57685526672083,36.57685526672083,36.57685526672083,36.57685526672083,36.57685526672083,36.57685526672083,36.610642522749984,36.610642522749984,36.610642522749984,36.610642522749984,36.610642522749984,36.610642522749984,36.71968683929059,36.71968683929059,36.78507879322597,33.33565789473684,33.33565789473684,33.335884057971015,33.59883544303797,33.62424979724249,34.875303578608765,34.875303578608765,34.875303578608765,34.875303578608765,34.875303578608765,34.875303578608765,34.96230651340996,34.96230651340996,34.96856598016781,35.08658596491228,35.09511111111111,35.92631349929164,35.92824141414141,35.929070260448206,35.929070260448206,35.92989608555286,36.63373207301174,36.75455647461495,36.75455647461495,36.75455647461495,36.75455647461495,36.75455647461495,36.769061974200795,36.88973893213807,36.93287990728668,36.94326177825009,36.94326177825009,36.943358124380225,37.00335870752232,37.003420359666016,37.03551321975941,37.03551321975941,37.03551321975941,37.048342276277346,37.048342276277346,37.048342276277346,37.048342276277346,37.048342276277346,37.04841171912255,37.060555264078346,37.060555264078346,37.060555264078346,37.060644926269156,37.15468764752164,37.21514054534399,37.20044681033008,37.186766463259595,37.18424837016341,37.09719325833636,37.09719325833636,37.09719325833636,37.09692509272698,37.00880061025702,37.00880061025702,37.00880061025702,37.00880061025702,37.00880061025702,37.00880061025702,37.00880061025702,37.007884938793076,36.877720450632545,36.61979001679866,36.61979001679866,37.21514054534399,37.00880061025702,34.46541544477028,36.85456814612777,36.619210357299806,34.87152784147301,35.12387902636511,"rgba(239, 83, 80, 0.5)",1.4798669072126471,33.56939759760461,-0.3340824740353281,34.208012032092725,-12.8304215286431,False,False,False,True,True,0.0,0.0,0.0,0.0,0.0,0,0.6650130548302876,1.2216710182767614,False,False,False,False,-0.32790455411031566,-0.3307591098554836,False,False,False,False,-2032.0,-1797.2676179269406,False,False,False,False,13.031696897213259,False,False,False,False
2025-08-27 19:00:00+00:00,33.075,33.16,33.075,33.16,1.0,33.366277412280695,33.366277412280695,33.366277412280695,33.366277412280695,33.366277412280695,33.366277412280695,33.366277412280695,34.46346266471449,34.9569140774837,34.9569140774837,34.9569140774837,34.9569140774837,34.9569140774837,35.198643372703415,35.198643372703415,35.20076532284497,35.926547546941244,35.926547546941244,35.926547546941244,35.926547546941244,35.926547546941244,35.926547546941244,35.926547546941244,35.926547546941244,35.926547546941244,35.926547546941244,35.926547546941244,35.926547546941244,35.926547546941244,36.632590963397426,36.632590963397426,36.632590963397426,36.64647396672035,36.76804223904308,36.853645265245405,36.93205409515532,36.995246841214005,36.995246841214005,36.99541056195871,37.004207996924244,37.03491698712079,37.03491698712079,37.03491698712079,37.03491698712079,37.03491698712079,37.03491698712079,37.048022396950195,37.087899642777394,37.15197834542205,37.21274140752864,37.21743690229715,37.213307912297424,37.216800542740835,37.11428682742782,37.11428682742782,37.11428682742782,37.11428682742782,37.10421195542046,37.101841701026764,37.089870821279334,37.0890483935743,36.990727403602975,36.990727403602975,36.990727403602975,36.990727403602975,36.990727403602975,36.990727403602975,36.769316340431644,36.723086094112695,36.61885672277429,36.61940169640443,36.650776869341854,36.650754557414025,36.56720848411741,36.56720848411741,36.56720848411741,36.57657542035578,36.57657542035578,36.57657542035578,36.57657542035578,36.57657542035578,36.57657542035578,36.610368047337275,36.610368047337275,36.610368047337275,36.610368047337275,36.610368047337275,36.610368047337275,36.71941911654975,36.71941911654975,36.784810199480454,33.33388405797101,33.33388405797101,33.33412356321839,33.59765572390572,33.623054207119736,34.87320281124498,34.87320281124498,34.87320281124498,34.87320281124498,34.87320281124498,34.87320281124498,34.960204745503255,34.960204745503255,34.96646666666667,35.0845303189625,35.09306798473812,35.9246177184466,35.926547546941244,35.92737691686844,35.92737691686844,35.928203266787655,36.632590963397426,36.75352342933182,36.75352342933182,36.75352342933182,36.75352342933182,36.75352342933182,36.76804223904308,36.88885259433961,36.93205409515532,36.942451834537465,36.942451834537465,36.94254833227108,37.002612716763,37.00267450073844,37.034798229548215,37.034798229548215,37.034798229548215,37.04764186933714,37.04764186933714,37.04764186933714,37.04764186933714,37.04764186933714,37.04771142499552,37.059868275339504,37.059868275339504,37.059868275339504,37.05995804195803,37.1540546989721,37.21456766741488,37.19992497114274,37.186251006313285,37.183733756613755,37.0967136348976,37.0967136348976,37.0967136348976,37.09644555972104,37.00834565438473,37.00834565438473,37.00834565438473,37.00834565438473,37.00834565438473,37.00834565438473,37.00834565438473,37.00743019709057,36.87729987650164,36.61943130399013,36.61943130399013,37.21456766741488,37.00834565438473,34.46346266471449,36.853645265245405,36.61885672277429,34.86995819715284,35.12214306225339,"rgba(239, 83, 80, 0.5)",1.4780798750802284,33.5704526928129,-0.2776931745928984,37.14950531077766,-12.8304215286431,False,False,False,True,True,0.0,0.0,0.0,0.0,0.0,0,0.6664933714582795,1.2162724200675845,False,False,False,False,-0.32090634101987514,-0.3258327254376794,False,False,False,False,-2031.0,-1800.8913757885382,False,False,False,False,12.845158960822355,False,False,False,False
2025-08-28 14:00:00+00:00,32.99,32.99,32.99,32.99,0.0,33.366277412280695,33.366277412280695,33.366277412280695,33.366277412280695,33.366277412280695,33.366277412280695,33.366277412280695,34.46346266471449,34.9569140774837,34.9569140774837,34.9569140774837,34.9569140774837,34.9569140774837,35.198643372703415,35.198643372703415,35.20076532284497,35.926547546941244,35.926547546941244,35.926547546941244,35.926547546941244,35.926547546941244,35.926547546941244,35.926547546941244,35.926547546941244,35.926547546941244,35.926547546941244,35.926547546941244,35.926547546941244,35.926547546941244,36.632590963397426,36.632590963397426,36.632590963397426,36.64647396672035,36.76804223904308,36.853645265245405,36.93205409515532,36.995246841214005,36.995246841214005,36.99541056195871,37.004207996924244,37.03491698712079,37.03491698712079,37.03491698712079,37.03491698712079,37.03491698712079,37.03491698712079,37.048022396950195,37.087899642777394,37.15197834542205,37.21274140752864,37.21743690229715,37.213307912297424,37.216800542740835,37.11428682742782,37.11428682742782,37.11428682742782,37.11428682742782,37.10421195542046,37.101841701026764,37.089870821279334,37.0890483935743,36.990727403602975,36.990727403602975,36.990727403602975,36.990727403602975,36.990727403602975,36.990727403602975,36.769316340431644,36.723086094112695,36.61885672277429,36.61940169640443,36.650776869341854,36.650754557414025,36.56720848411741,36.56720848411741,36.56720848411741,36.57657542035578,36.57657542035578,36.57657542035578,36.57657542035578,36.57657542035578,36.57657542035578,36.610368047337275,36.610368047337275,36.610368047337275,36.610368047337275,36.610368047337275,36.610368047337275,36.71941911654975,36.71941911654975,36.784810199480454,33.33388405797101,33.33388405797101,33.33412356321839,33.59765572390572,33.623054207119736,34.87320281124498,34.87320281124498,34.87320281124498,34.87320281124498,34.87320281124498,34.87320281124498,34.960204745503255,34.960204745503255,34.96646666666667,35.0845303189625,35.09306798473812,35.9246177184466,35.926547546941244,35.92737691686844,35.92737691686844,35.928203266787655,36.632590963397426,36.75352342933182,36.75352342933182,36.75352342933182,36.75352342933182,36.75352342933182,36.76804223904308,36.88885259433961,36.93205409515532,36.942451834537465,36.942451834537465,36.94254833227108,37.002612716763,37.00267450073844,37.034798229548215,37.034798229548215,37.034798229548215,37.04764186933714,37.04764186933714,37.04764186933714,37.04764186933714,37.04764186933714,37.04771142499552,37.059868275339504,37.059868275339504,37.059868275339504,37.05995804195803,37.1540546989721,37.21456766741488,37.19992497114274,37.186251006313285,37.183733756613755,37.0967136348976,37.0967136348976,37.0967136348976,37.09644555972104,37.00834565438473,37.00834565438473,37.00834565438473,37.00834565438473,37.00834565438473,37.00834565438473,37.00834565438473,37.00743019709057,36.87729987650164,36.61943130399013,36.61943130399013,37.21456766741488,37.00834565438473,34.46346266471449,36.853645265245405,36.61885672277429,34.86995819715284,35.12214306225339,"rgba(239, 83, 80, 0.5)",1.4774083621221792,33.5704526928129,-0.3928857502736237,37.488655446306296,-18.389672912068278,False,False,False,True,True,0.0,0.0,0.0,0.0,0.0,0,0.6650347848492661,1.2143777376964693,False,False,False,False,-0.3419953475625308,-0.3339140365001051,False,False,False,False,-2031.0,-1804.458951357708,False,False,False,False,12.646009209491774,False,False,False,False
2025-08-28 15:00:00+00:00,32.99,32.99,32.99,32.99,0.0,33.366277412280695,33.366277412280695,33.366277412280695,33.366277412280695,33.366277412280695,33.366277412280695,33.366277412280695,34.46346266471449,34.9569140774837,34.9569140774837,34.9569140774837,34.9569140774837,34.9569140774837,35.198643372703415,35.198643372703415,35.20076532284497,35.926547546941244,35.926547546941244,35.926547546941244,35.926547546941244,35.926547546941244,35.926547546941244,35.926547546941244,35.926547546941244,35.926547546941244,35.926547546941244,35.926547546941244,35.926547546941244,35.926547546941244,36.632590963397426,36.632590963397426,36.632590963397426,36.64647396672035,36.76804223904308,36.853645265245405,36.93205409515532,36.995246841214005,36.995246841214005,36.99541056195871,37.004207996924244,37.03491698712079,37.03491698712079,37.03491698712079,37.03491698712079,37.03491698712079,37.03491698712079,37.048022396950195,37.087899642777394,37.15197834542205,37.21274140752864,37.21743690229715,37.213307912297424,37.216800542740835,37.11428682742782,37.11428682742782,37.11428682742782,37.11428682742782,37.10421195542046,37.101841701026764,37.089870821279334,37.0890483935743,36.990727403602975,36.990727403602975,36.990727403602975,36.990727403602975,36.990727403602975,36.990727403602975,36.769316340431644,36.723086094112695,36.61885672277429,36.61940169640443,36.650776869341854,36.650754557414025,36.56720848411741,36.56720848411741,36.56720848411741,36.57657542035578,36.57657542035578,36.57657542035578,36.57657542035578,36.57657542035578,36.57657542035578,36.610368047337275,36.610368047337275,36.610368047337275,36.610368047337275,36.610368047337275,36.610368047337275,36.71941911654975,36.71941911654975,36.784810199480454,33.33388405797101,33.33388405797101,33.33412356321839,33.59765572390572,33.623054207119736,34.87320281124498,34.87320281124498,34.87320281124498,34.87320281124498,34.87320281124498,34.87320281124498,34.960204745503255,34.960204745503255,34.96646666666667,35.0845303189625,35.09306798473812,35.9246177184466,35.926547546941244,35.92737691686844,35.92737691686844,35.928203266787655,36.632590963397426,36.75352342933182,36.75352342933182,36.75352342933182,36.75352342933182,36.75352342933182,36.76804223904308,36.88885259433961,36.93205409515532,36.942451834537465,36.942451834537465,36.94254833227108,37.002612716763,37.00267450073844,37.034798229548215,37.034798229548215,37.034798229548215,37.04764186933714,37.04764186933714,37.04764186933714,37.04764186933714,37.04764186933714,37.04771142499552,37.059868275339504,37.059868275339504,37.059868275339504,37.05995804195803,37.1540546989721,37.21456766741488,37.19992497114274,37.186251006313285,37.183733756613755,37.0967136348976,37.0967136348976,37.0967136348976,37.09644555972104,37.00834565438473,37.00834565438473,37.00834565438473,37.00834565438473,37.00834565438473,37.00834565438473,37.00834565438473,37.00743019709057,36.87729987650164,36.61943130399013,36.61943130399013,37.21456766741488,37.00834565438473,34.46346266471449,36.853645265245405,36.61885672277429,34.86995819715284,35.12214306225339,"rgba(239, 83, 80, 0.5)",1.4751479907435292,33.5704526928129,-0.39348776967138616,37.71475553665872,-17.88571644031739,False,False,False,True,True,0.0,0.0,0.0,0.0,0.0,0,0.6650347848492661,1.2143777376964693,False,False,False,False,-0.3419953475625308,-0.33795469203131795,False,False,False,False,-2031.0,-1807.9712156777434,False,False,False,False,12.44994705120508,False,False,False,False
2025-08-28 16:00:00+00:00,32.99,32.99,32.99,32.99,0.0,33.366277412280695,33.366277412280695,33.366277412280695,33.366277412280695,33.366277412280695,33.366277412280695,33.366277412280695,34.46346266471449,34.9569140774837,34.9569140774837,34.9569140774837,34.9569140774837,34.9569140774837,35.198643372703415,35.198643372703415,35.20076532284497,35.926547546941244,35.926547546941244,35.926547546941244,35.926547546941244,35.926547546941244,35.926547546941244,35.926547546941244,35.926547546941244,35.926547546941244,35.926547546941244,35.926547546941244,35.926547546941244,35.926547546941244,36.632590963397426,36.632590963397426,36.632590963397426,36.64647396672035,36.76804223904308,36.853645265245405,36.93205409515532,36.995246841214005,36.995246841214005,36.99541056195871,37.004207996924244,37.03491698712079,37.03491698712079,37.03491698712079,37.03491698712079,37.03491698712079,37.03491698712079,37.048022396950195,37.087899642777394,37.15197834542205,37.21274140752864,37.21743690229715,37.213307912297424,37.216800542740835,37.11428682742782,37.11428682742782,37.11428682742782,37.11428682742782,37.10421195542046,37.101841701026764,37.089870821279334,37.0890483935743,36.990727403602975,36.990727403602975,36.990727403602975,36.990727403602975,36.990727403602975,36.990727403602975,36.769316340431644,36.723086094112695,36.61885672277429,36.61940169640443,36.650776869341854,36.650754557414025,36.56720848411741,36.56720848411741,36.56720848411741,36.57657542035578,36.57657542035578,36.57657542035578,36.57657542035578,36.57657542035578,36.57657542035578,36.610368047337275,36.610368047337275,36.610368047337275,36.610368047337275,36.610368047337275,36.610368047337275,36.71941911654975,36.71941911654975,36.784810199480454,33.33388405797101,33.33388405797101,33.33412356321839,33.59765572390572,33.623054207119736,34.87320281124498,34.87320281124498,34.87320281124498,34.87320281124498,34.87320281124498,34.87320281124498,34.960204745503255,34.960204745503255,34.96646666666667,35.0845303189625,35.09306798473812,35.9246177184466,35.926547546941244,35.92737691686844,35.92737691686844,35.928203266787655,36.632590963397426,36.75352342933182,36.75352342933182,36.75352342933182,36.75352342933182,36.75352342933182,36.76804223904308,36.88885259433961,36.93205409515532,36.942451834537465,36.942451834537465,36.94254833227108,37.002612716763,37.00267450073844,37.034798229548215,37.034798229548215,37.034798229548215,37.04764186933714,37.04764186933714,37.04764186933714,37.04764186933714,37.04764186933714,37.04771142499552,37.059868275339504,37.059868275339504,37.059868275339504,37.05995804195803,37.1540546989721,37.21456766741488,37.19992497114274,37.186251006313285,37.183733756613755,37.0967136348976,37.0967136348976,37.0967136348976,37.09644555972104,37.00834565438473,37.00834565438473,37.00834565438473,37.00834565438473,37.00834565438473,37.00834565438473,37.00834565438473,37.00743019709057,36.87729987650164,36.61943130399013,36.61943130399013,37.21456766741488,37.00834565438473,34.46346266471449,36.853645265245405,36.61885672277429,34.86995819715284,35.12214306225339,"rgba(239, 83, 80, 0.5)",1.4711218278689615,33.5704526928129,-0.3945646661050026,37.865488930227,-17.348209422931873,False,False,False,True,True,0.0,0.0,0.0,0.0,0.0,0,0.6650347848492661,1.2143777376964693,False,False,False,False,-0.3419953475625308,-0.33997501979692435,False,False,False,False,-2031.0,-1811.4290262873906,False,False,False,False,12.256924616302674,False,False,False,False
2025-08-28 17:00:00+00:00,32.99,32.99,32.99,32.99,0.0,33.366277412280695,33.366277412280695,33.366277412280695,33.366277412280695,33.366277412280695,33.366277412280695,33.366277412280695,34.46346266471449,34.9569140774837,34.9569140774837,34.9569140774837,34.9569140774837,34.9569140774837,35.198643372703415,35.198643372703415,35.20076532284497,35.926547546941244,35.926547546941244,35.926547546941244,35.926547546941244,35.926547546941244,35.926547546941244,35.926547546941244,35.926547546941244,35.926547546941244,35.926547546941244,35.926547546941244,35.926547546941244,35.926547546941244,36.632590963397426,36.632590963397426,36.632590963397426,36.64647396672035,36.76804223904308,36.853645265245405,36.93205409515532,36.995246841214005,36.995246841214005,36.99541056195871,37.004207996924244,37.03491698712079,37.03491698712079,37.03491698712079,37.03491698712079,37.03491698712079,37.03491698712079,37.048022396950195,37.087899642777394,37.15197834542205,37.21274140752864,37.21743690229715,37.213307912297424,37.216800542740835,37.11428682742782,37.11428682742782,37.11428682742782,37.11428682742782,37.10421195542046,37.101841701026764,37.089870821279334,37.0890483935743,36.990727403602975,36.990727403602975,36.990727403602975,36.990727403602975,36.990727403602975,36.990727403602975,36.769316340431644,36.723086094112695,36.61885672277429,36.61940169640443,36.650776869341854,36.650754557414025,36.56720848411741,36.56720848411741,36.56720848411741,36.57657542035578,36.57657542035578,36.57657542035578,36.57657542035578,36.57657542035578,36.57657542035578,36.610368047337275,36.610368047337275,36.610368047337275,36.610368047337275,36.610368047337275,36.610368047337275,36.71941911654975,36.71941911654975,36.784810199480454,33.33388405797101,33.33388405797101,33.33412356321839,33.59765572390572,33.623054207119736,34.87320281124498,34.87320281124498,34.87320281124498,34.87320281124498,34.87320281124498,34.87320281124498,34.960204745503255,34.960204745503255,34.96646666666667,35.0845303189625,35.09306798473812,35.9246177184466,35.926547546941244,35.92737691686844,35.92737691686844,35.928203266787655,36.632590963397426,36.75352342933182,36.75352342933182,36.75352342933182,36.75352342933182,36.75352342933182,36.76804223904308,36.88885259433961,36.93205409515532,36.942451834537465,36.942451834537465,36.94254833227108,37.002612716763,37.00267450073844,37.034798229548215,37.034798229548215,37.034798229548215,37.04764186933714,37.04764186933714,37.04764186933714,37.04764186933714,37.04764186933714,37.04771142499552,37.059868275339504,37.059868275339504,37.059868275339504,37.05995804195803,37.1540546989721,37.21456766741488,37.19992497114274,37.186251006313285,37.183733756613755,37.0967136348976,37.0967136348976,37.0967136348976,37.09644555972104,37.00834565438473,37.00834565438473,37.00834565438473,37.00834565438473,37.00834565438473,37.00834565438473,37.00834565438473,37.00743019709057,36.87729987650164,36.61943130399013,36.61943130399013,37.21456766741488,37.00834565438473,34.46346266471449,36.853645265245405,36.61885672277429,34.86995819715284,35.12214306225339,"rgba(239, 83, 80, 0.5)",1.4651280822158121,33.5704526928129,-0.3961788050195858,37.96597785927253,-16.801686333421515,False,False,False,True,True,0.0,0.0,0.0,0.0,0.0,0,0.6650347848492661,1.2143777376964693,False,False,False,False,-0.3419953475625308,-0.3409851836797276,False,False,False,False,-2031.0,-1814.8332274302215,False,False,False,False,12.06689477729023,False,False,False,False
2025-08-28 18:00:00+00:00,32.99,32.99,32.99,32.99,0.0,33.366277412280695,33.366277412280695,33.366277412280695,33.366277412280695,33.366277412280695,33.366277412280695,33.366277412280695,34.46346266471449,34.9569140774837,34.9569140774837,34.9569140774837,34.9569140774837,34.9569140774837,35.198643372703415,35.198643372703415,35.20076532284497,35.926547546941244,35.926547546941244,35.926547546941244,35.926547546941244,35.926547546941244,35.926547546941244,35.926547546941244,35.926547546941244,35.926547546941244,35.926547546941244,35.926547546941244,35.926547546941244,35.926547546941244,36.632590963397426,36.632590963397426,36.632590963397426,36.64647396672035,36.76804223904308,36.853645265245405,36.93205409515532,36.995246841214005,36.995246841214005,36.99541056195871,37.004207996924244,37.03491698712079,37.03491698712079,37.03491698712079,37.03491698712079,37.03491698712079,37.03491698712079,37.048022396950195,37.087899642777394,37.15197834542205,37.21274140752864,37.21743690229715,37.213307912297424,37.216800542740835,37.11428682742782,37.11428682742782,37.11428682742782,37.11428682742782,37.10421195542046,37.101841701026764,37.089870821279334,37.0890483935743,36.990727403602975,36.990727403602975,36.990727403602975,36.990727403602975,36.990727403602975,36.990727403602975,36.769316340431644,36.723086094112695,36.61885672277429,36.61940169640443,36.650776869341854,36.650754557414025,36.56720848411741,36.56720848411741,36.56720848411741,36.57657542035578,36.57657542035578,36.57657542035578,36.57657542035578,36.57657542035578,36.57657542035578,36.610368047337275,36.610368047337275,36.610368047337275,36.610368047337275,36.610368047337275,36.610368047337275,36.71941911654975,36.71941911654975,36.784810199480454,33.33388405797101,33.33388405797101,33.33412356321839,33.59765572390572,33.623054207119736,34.87320281124498,34.87320281124498,34.87320281124498,34.87320281124498,34.87320281124498,34.87320281124498,34.960204745503255,34.960204745503255,34.96646666666667,35.0845303189625,35.09306798473812,35.9246177184466,35.926547546941244,35.92737691686844,35.92737691686844,35.928203266787655,36.632590963397426,36.75352342933182,36.75352342933182,36.75352342933182,36.75352342933182,36.75352342933182,36.76804223904308,36.88885259433961,36.93205409515532,36.942451834537465,36.942451834537465,36.94254833227108,37.002612716763,37.00267450073844,37.034798229548215,37.034798229548215,37.034798229548215,37.04764186933714,37.04764186933714,37.04764186933714,37.04764186933714,37.04764186933714,37.04771142499552,37.059868275339504,37.059868275339504,37.059868275339504,37.05995804195803,37.1540546989721,37.21456766741488,37.19992497114274,37.186251006313285,37.183733756613755,37.0967136348976,37.0967136348976,37.0967136348976,37.09644555972104,37.00834565438473,37.00834565438473,37.00834565438473,37.00834565438473,37.00834565438473,37.00834565438473,37.00834565438473,37.00743019709057,36.87729987650164,36.61943130399013,36.61943130399013,37.21456766741488,37.00834565438473,34.46346266471449,36.853645265245405,36.61885672277429,34.86995819715284,35.12214306225339,"rgba(239, 83, 80, 0.5)",1.4571424738814256,33.5704526928129,-0.3983499919995689,38.03297047863621,-16.265224545588943,False,False,False,True,True,0.0,0.0,0.0,0.0,0.0,0,0.6650347848492661,1.2143777376964693,False,False,False,False,-0.3419953475625308,-0.34149026562112916,False,False,False,False,-2031.0,-1818.1846502607607,False,False,False,False,11.879811137332242,False,False,False,False
2025-08-28 19:00:00+00:00,32.99,33.67,32.99,33.55,17.0,33.3682398753894,33.3682398753894,33.3682398753894,33.3682398753894,33.3682398753894,33.3682398753894,33.3682398753894,34.43771666666667,34.92710496613996,34.92710496613996,34.92710496613996,34.92710496613996,34.92710496613996,35.169098096160056,35.169098096160056,35.17121373307544,35.90083133493205,35.90083133493205,35.90083133493205,35.90083133493205,35.90083133493205,35.90083133493205,35.90083133493205,35.90083133493205,35.90083133493205,35.90083133493205,35.90083133493205,35.90083133493205,35.90083133493205,36.61480179304387,36.61480179304387,36.61480179304387,36.62881432842196,36.75208240327381,36.83916604953508,36.91906962481961,36.98335540408957,36.98335540408957,36.98352089823467,36.99247876349235,37.023647012291576,37.023647012291576,37.023647012291576,37.023647012291576,37.023647012291576,37.023647012291576,37.03698378763583,37.077440863805855,37.14195680662578,37.203130256258035,37.20787210503024,37.20450769927537,37.20802445738008,37.106541436464084,37.106541436464084,37.106541436464084,37.106541436464084,37.09657850036399,37.09423252248982,37.082331889811144,37.081514768947144,36.98362282541162,36.98362282541162,36.98362282541162,36.98362282541162,36.98362282541162,36.98362282541162,36.763173376274835,36.71714235562578,36.61332337955934,36.613868535573324,36.64559704760118,36.64557525721613,36.56258094582581,36.56258094582581,36.56258094582581,36.57219959982696,36.57219959982696,36.57219959982696,36.57219959982696,36.57219959982696,36.57219959982696,36.606072460342475,36.606072460342475,36.606072460342475,36.606072460342475,36.606072460342475,36.606072460342475,36.71521809871574,36.71521809871574,36.78058925031205,33.34282828282828,33.34282828282828,33.34296992481203,33.58965698143664,33.61434731934731,34.8437012987013,34.8437012987013,34.8437012987013,34.8437012987013,34.8437012987013,34.8437012987013,34.93039977477478,34.93039977477478,34.93667600896861,35.05500516528926,35.063696319018405,35.89887487487487,35.90083133493205,35.90166766526862,35.90166766526862,35.90250099800399,36.61480179304387,36.7373618993568,36.7373618993568,36.7373618993568,36.7373618993568,36.7373618993568,36.75208240327381,36.87493344295669,36.91906962481961,36.92971310607664,36.92971310607664,36.929811953147045,36.9908616605851,36.990925499231935,37.02352656563811,37.02352656563811,37.02352656563811,37.03659654127295,37.03659654127295,37.03659654127295,37.03659654127295,37.03659654127295,37.03666785502079,37.04903126452812,37.04903126452812,37.04903126452812,37.049122654116545,37.14404963648726,37.20549965010497,37.191665173619995,37.17809403010316,37.17559047136341,37.0891351840676,37.0891351840676,37.0891351840676,37.088868573497464,37.00116855994067,37.00116855994067,37.00116855994067,37.00116855994067,37.00116855994067,37.00116855994067,37.00116855994067,37.000256605393595,36.87068205587929,36.613818567566646,36.613818567566646,37.20549965010497,37.00116855994067,34.43771666666667,36.83916604953508,36.61332337955934,34.85071250259505,35.10173782622994,#000000,1.4396738776104714,33.58484153490995,-0.024200991246559313,46.35540132830138,-8.302648712101195,True,False,False,False,True,0.0,0.0,0.0,0.0,0.0,0,0.6763754045307449,1.1732636295743086,False,False,False,False,-0.28635216821655113,-0.3139212169188401,False,False,False,False,-2014.0,-1821.2205471559425,False,False,False,False,11.959193910396857,False,False,False,False
2025-08-29 14:00:00+00:00,33.55,33.55,33.425,33.425,2.0,33.36884932920536,33.36884932920536,33.36884932920536,33.36884932920536,33.36884932920536,33.36884932920536,33.36884932920536,34.43495014245014,34.923815690690695,34.923815690690695,34.923815690690695,34.923815690690695,34.923815690690695,35.165808373590984,35.165808373590984,35.167923101673104,35.89791616766467,35.89791616766467,35.89791616766467,35.89791616766467,35.89791616766467,35.89791616766467,35.89791616766467,35.89791616766467,35.89791616766467,35.89791616766467,35.89791616766467,35.89791616766467,35.89791616766467,36.612762845423156,36.612762845423156,36.612762845423156,36.6267899061033,36.75025004647704,36.83750185048111,36.917575724794446,36.981986243592225,36.981986243592225,36.98215193979498,36.991128136372325,37.02234884428223,37.02234884428223,37.02234884428223,37.02234884428223,37.02234884428223,37.02234884428223,37.03571208073611,37.07623546430756,37.14080123670282,37.20202151335311,37.20676866735486,37.20349225753872,37.20701177425903,37.105647886747676,37.105647886747676,37.105647886747676,37.105647886747676,37.0956978812874,37.09335470861061,37.081462216877135,37.08064571062228,36.98280359499962,36.98280359499962,36.98280359499962,36.98280359499962,36.98280359499962,36.98280359499962,36.762465743622776,36.71645782878805,36.61268646898088,36.613231643563026,36.64500062539087,36.644978895038,36.56204831541219,36.56204831541219,36.56204831541219,36.57169586374697,36.57169586374697,36.57169586374697,36.57169586374697,36.57169586374697,36.57169586374697,36.605577832046635,36.605577832046635,36.605577832046635,36.605577832046635,36.605577832046635,36.605577832046635,36.714733998956845,36.714733998956845,36.780102660108156,33.34467661691542,33.34467661691542,33.3448024691358,33.589064257028106,33.61366202629543,34.84045740086376,34.84045740086376,34.84045740086376,34.84045740086376,34.84045740086376,34.84045740086376,34.92711048689139,34.92711048689139,34.93338739746458,35.05173024054983,35.060437074829935,35.89595680863827,35.89791616766467,35.89875324157191,35.89875324157191,35.899587320574156,36.612762845423156,36.73550671204387,36.73550671204387,36.73550671204387,36.73550671204387,36.73550671204387,36.75025004647704,36.87333294200515,36.917575724794446,36.928247266313925,36.928247266313925,36.92834638171815,36.98950854290649,36.98957261676262,37.0222282046602,37.0222282046602,37.0222282046602,37.035324065823076,37.035324065823076,37.035324065823076,37.035324065823076,37.035324065823076,37.03539558089806,37.04778261879864,37.04778261879864,37.04778261879864,37.04787419411046,37.14289594771241,37.20445338370412,37.19071200102354,37.1771527601657,37.174650789629254,37.088260930775114,37.088260930775114,37.088260930775114,37.08799449002574,37.000340904655985,37.000340904655985,37.000340904655985,37.000340904655985,37.000340904655985,37.000340904655985,37.000340904655985,36.99942935736861,36.86991933676901,36.613172534127074,36.613172534127074,37.20445338370412,37.000340904655985,34.43495014245014,36.83750185048111,36.61268646898088,34.848670370327135,35.09958607358702,#000000,1.4218805527562461,33.58573340157988,-0.11304282998196215,49.979798484135756,-5.084676480587703,True,False,False,False,True,0.0,0.0,0.0,0.0,0.0,0,0.6999010390895598,1.1781296387926765,False,False,False,False,-0.26116842851672883,-0.2875448227177845,False,False,False,False,-2016.0,-1824.2403836341448,False,False,False,False,11.804787803258922,False,False,False,False
2025-08-29 15:00:00+00:00,33.425,33.425,33.425,33.425,0.0,33.36884932920536,33.36884932920536,33.36884932920536,33.36884932920536,33.36884932920536,33.36884932920536,33.36884932920536,34.43495014245014,34.923815690690695,34.923815690690695,34.923815690690695,34.923815690690695,34.923815690690695,35.165808373590984,35.165808373590984,35.167923101673104,35.89791616766467,35.89791616766467,35.89791616766467,35.89791616766467,35.89791616766467,35.89791616766467,35.89791616766467,35.89791616766467,35.89791616766467,35.89791616766467,35.89791616766467,35.89791616766467,35.89791616766467,36.612762845423156,36.612762845423156,36.612762845423156,36.6267899061033,36.75025004647704,36.83750185048111,36.917575724794446,36.981986243592225,36.981986243592225,36.98215193979498,36.991128136372325,37.02234884428223,37.02234884428223,37.02234884428223,37.02234884428223,37.02234884428223,37.02234884428223,37.03571208073611,37.07623546430756,37.14080123670282,37.20202151335311,37.20676866735486,37.20349225753872,37.20701177425903,37.105647886747676,37.105647886747676,37.105647886747676,37.105647886747676,37.0956978812874,37.09335470861061,37.081462216877135,37.08064571062228,36.98280359499962,36.98280359499962,36.98280359499962,36.98280359499962,36.98280359499962,36.98280359499962,36.762465743622776,36.71645782878805,36.61268646898088,36.613231643563026,36.64500062539087,36.644978895038,36.56204831541219,36.56204831541219,36.56204831541219,36.57169586374697,36.57169586374697,36.57169586374697,36.57169586374697,36.57169586374697,36.57169586374697,36.605577832046635,36.605577832046635,36.605577832046635,36.605577832046635,36.605577832046635,36.605577832046635,36.714733998956845,36.714733998956845,36.780102660108156,33.34467661691542,33.34467661691542,33.3448024691358,33.589064257028106,33.61366202629543,34.84045740086376,34.84045740086376,34.84045740086376,34.84045740086376,34.84045740086376,34.84045740086376,34.92711048689139,34.92711048689139,34.93338739746458,35.05173024054983,35.060437074829935,35.89595680863827,35.89791616766467,35.89875324157191,35.89875324157191,35.899587320574156,36.612762845423156,36.73550671204387,36.73550671204387,36.73550671204387,36.73550671204387,36.73550671204387,36.75025004647704,36.87333294200515,36.917575724794446,36.928247266313925,36.928247266313925,36.92834638171815,36.98950854290649,36.98957261676262,37.0222282046602,37.0222282046602,37.0222282046602,37.035324065823076,37.035324065823076,37.035324065823076,37.035324065823076,37.035324065823076,37.03539558089806,37.04778261879864,37.04778261879864,37.04778261879864,37.04787419411046,37.14289594771241,37.20445338370412,37.19071200102354,37.1771527601657,37.174650789629254,37.088260930775114,37.088260930775114,37.088260930775114,37.08799449002574,37.000340904655985,37.000340904655985,37.000340904655985,37.000340904655985,37.000340904655985,37.000340904655985,37.000340904655985,36.99942935736861,36.86991933676901,36.613172534127074,36.613172534127074,37.20445338370412,37.000340904655985,34.43495014245014,36.83750185048111,36.61268646898088,34.848670370327135,35.09958607358702,"rgba(38, 166, 154, 1.0)",1.4063063306035433,33.58573340157988,-0.11429472944980691,52.396063254692,-2.9675711400635123,True,False,True,False,True,0.0,0.0,0.0,0.0,0.0,0,0.7165653495440731,1.1887031408308,False,False,False,False,-0.271121589707589,-0.27933320621268676,False,False,False,False,-2016.0,-1827.2134009421425,False,False,False,False,11.621767837316922,False,False,False,False
2025-08-29 16:00:00+00:00,33.425,33.425,32.64,32.85,402.0,33.14861839080459,33.14861839080459,33.14861839080459,33.14861839080459,33.14861839080459,33.14861839080459,33.14861839080459,33.9021240942029,34.315471576227395,34.315471576227395,34.315471576227395,34.315471576227395,34.315471576227395,34.551998376246814,34.551998376246814,34.553948771441824,35.33017857142857,35.33017857142857,35.33017857142857,35.33017857142857,35.33017857142857,35.33017857142857,35.33017857142857,35.33017857142857,35.33017857142857,35.33017857142857,35.33017857142857,35.33017857142857,35.33017857142857,36.19335864374404,36.19335864374404,36.19335864374404,36.210068538476094,36.369359745904376,36.48866554433219,36.60184016719744,36.6909321778901,36.6909321778901,36.69113838748494,36.703768451004784,36.74550861385015,36.74550861385015,36.74550861385015,36.74550861385015,36.74550861385015,36.74550861385015,36.764190349565105,36.81813493925647,36.89298339001429,36.963908569028284,36.96974917629588,36.98437918598661,36.98847644718264,36.911255507466755,36.911255507466755,36.911255507466755,36.911255507466755,36.903949032307814,36.90217914695589,36.89193166609308,36.89123972785996,36.80340027444,36.80340027444,36.80340027444,36.80340027444,36.80340027444,36.80340027444,36.60566965051275,36.564381250631385,36.470345716230675,36.4708972613839,36.51150937142169,36.51150049715268,36.44204054765666,36.44204054765666,36.44204054765666,36.458028589381094,36.458028589381094,36.458028589381094,36.458028589381094,36.458028589381094,36.458028589381094,36.49402985644472,36.49402985644472,36.49402985644472,36.49402985644472,36.49402985644472,36.49402985644472,36.60587824640091,36.60587824640091,36.67092550333974,33.06491915422885,33.06491915422885,33.06547175667287,33.28527743778049,33.30383953581432,34.239934718891554,34.239934718891554,34.239934718891554,34.239934718891554,34.239934718891554,34.239934718891554,34.31868292053664,34.31868292053664,34.32489068930041,34.44226554907678,34.45284973468403,35.327776703721604,35.33017857142857,35.33112719086669,35.33112719086669,35.33207328833172,36.19335864374404,36.35030719619824,36.35030719619824,36.35030719619824,36.35030719619824,36.35030719619824,36.369359745904376,36.536823642995046,36.60184016719744,36.61801800923216,36.61801800923216,36.618169851794065,36.70165032970948,36.70176110715133,36.745349146970455,36.745349146970455,36.745349146970455,36.763647652308876,36.763647652308876,36.763647652308876,36.763647652308876,36.763647652308876,36.763759561024266,36.78090988056459,36.78090988056459,36.78090988056459,36.781038918742865,36.895465791156354,36.97904865986665,36.98432891214407,36.973170447232945,36.97098641915783,36.89780507921894,36.89780507921894,36.89780507921894,36.89757288070579,36.81924652428343,36.81924652428343,36.81924652428343,36.81924652428343,36.81924652428343,36.81924652428343,36.81924652428343,36.81841643376188,36.701920025729,36.46887629374076,36.46887629374076,36.97904865986665,36.81924652428343,33.9021240942029,36.48866554433219,36.470345716230675,34.36597453511058,34.599118813750536,"rgba(239, 83, 80, 0.5)",1.4018143584282505,33.271478343049566,-0.3006663047182199,47.371475153193934,-2.9675711400635123,True,False,False,True,False,0.0,0.0,0.0,0.0,0.0,0,0.6839237057220711,1.178102551399554,False,False,False,False,-0.334933920328778,-0.3071335632707324,False,False,False,False,-2418.0,-1836.372883098078,False,False,False,False,17.67414352976162,False,False,False,False
