date,Open,High,Low,Close,Volume,aVWAP_peak_350,aVWAP_peak_305,aVWAP_peak_272,aVWAP_peak_207,aVWAP_peak_188,aVWAP_valley_369,aVWAP_valley_309,aVWAP_valley_238,aVWAP_valley_221,aVWAP_valley_191,aVWAP_valley_142,aVWAP_valley_141,aVWAP_valley_116,aVWAP_OB_bull_116,aVWAP_OB_bear_350,aVWAP_OB_bear_272,Peaks_avg,Valleys_avg,color,StDev,StDev_Mean,StdDev_ZScore,QQEMOD,QQE1_Value,QQE1_Above_Upper,QQE1_Below_Lower,QQE2_Above_Threshold,QQE2_Below_Threshold,QQE2_Above_TL,banker_RSI,OB,OB_High,OB_Low,OB_Mitigated_Index,TTM_squeeze_Active,VI_plus,VI_minus,VI_Regular_Bullish,VI_Regular_Bearish,VI_Hidden_Bullish,VI_Hidden_Bearish,Fisher,Fisher_Signal,Fisher_Regular_Bullish,Fisher_Regular_Bearish,Fisher_Hidden_Bullish,Fisher_Hidden_Bearish,OBV,OBV_Smoothed,OBV_Regular_Bullish,OBV_Regular_Bearish,OBV_Hidden_Bullish,OBV_Hidden_Bearish,Volume_MA,Vol_Regular_Bullish,Vol_Regular_Bearish,Vol_Hidden_Bullish,Vol_Hidden_Bearish
2024-01-30 17:00:00+00:00,34.04,34.04,34.04,34.04,0.0,,,,,,,,,,,,,,,,,,,#000000,,,,,,False,False,False,False,False,,0.0,0.0,0.0,0.0,0,,,False,False,False,False,,,False,False,False,False,0.0,0.0,False,False,False,False,0.0,False,False,False,False
2024-01-31 17:00:00+00:00,34.04,34.04,34.04,34.04,20.0,,,,,,,,,,,,,,,,,,,#000000,,,,,,False,False,False,False,False,,0.0,0.0,0.0,0.0,0,,,False,False,False,False,,,False,False,False,False,0.0,0.0,False,False,False,False,0.31007751937984496,False,False,False,False
2024-02-01 17:00:00+00:00,34.04,34.04,34.04,34.04,0.0,,,,,,,,,,,,,,,,,,,#000000,,,,,,False,False,False,False,False,,0.0,0.0,0.0,0.0,0,,,False,False,False,False,,,False,False,False,False,0.0,0.0,False,False,False,False,0.30527011597860704,False,False,False,False
2024-02-02 17:00:00+00:00,33.92,33.92,33.92,33.92,0.0,,,,,,,,,,,,,,,,,,,"rgba(239, 83, 80, 0.5)",,,,0.0,,False,False,False,True,False,,0.0,0.0,0.0,0.0,0,,,False,False,False,False,,,False,False,False,False,0.0,0.0,False,False,False,False,0.30053724596343484,False,False,False,False
2024-02-05 17:00:00+00:00,33.92,33.92,33.52,33.52,7.0,,,,,,,,,,,,,,,,,,,"rgba(239, 83, 80, 0.5)",,,,0.0,-50.0,False,False,False,True,True,,0.0,0.0,0.0,0.0,0,,,False,False,False,False,,,False,False,False,False,-7.0,-0.10852713178294573,False,False,False,False,0.40440488556090093,False,False,False,False
2024-02-06 17:00:00+00:00,33.245,33.245,32.91,32.91,100.0,,,,,,,,,,,,,,,,,,,"rgba(239, 83, 80, 0.5)",,,,0.0,-50.0,False,False,False,True,True,,0.0,0.0,0.0,0.0,0,,,False,False,False,False,,,False,False,False,False,-107.0,-1.765759269274683,False,False,False,False,1.9485226392731352,False,False,False,False
2024-02-07 17:00:00+00:00,32.75,32.75,32.58,32.58,32.0,,,,,,,,,,,,,,,,,,,"rgba(239, 83, 80, 0.5)",,,,0.0,-50.0,False,False,False,True,True,,0.0,0.0,0.0,0.0,0,,,False,False,False,False,,,False,False,False,False,-139.0,-3.893421916262672,False,False,False,False,2.414437016958823,False,False,False,False
2024-02-08 17:00:00+00:00,32.58,32.58,32.58,32.58,0.0,,,,,,,,,,,,,,,,,,,"rgba(239, 83, 80, 0.5)",,,,0.0,-50.0,False,False,False,True,True,,0.0,0.0,0.0,0.0,0,,,False,False,False,False,,,False,False,False,False,-139.0,-5.988097545467902,False,False,False,False,2.37700388491295,False,False,False,False
2024-02-09 17:00:00+00:00,33.39,33.4,32.51,32.51,210.0,,,,,,,,,,,,,,,,,,,"rgba(239, 83, 80, 0.5)",,32.80666666666666,,0.0,-50.0,False,False,False,True,True,,0.0,0.0,0.0,0.0,0,,,False,False,False,False,,,False,False,False,False,-349.0,-11.306111537011034,False,False,False,False,5.595965064991819,False,False,False,False
2024-02-12 17:00:00+00:00,33.445,33.86,33.01,33.25,52.0,,,,,,,,,,,,,,,,,,,"rgba(239, 83, 80, 0.5)",,32.91913486005088,,14.544232931081542,-36.91019036202661,False,False,False,True,True,,0.0,0.0,0.0,0.0,0,,,False,False,False,False,,,False,False,False,False,-297.0,-15.735474148840321,False,False,False,False,6.3154074670849685,False,False,False,False
2024-02-13 17:00:00+00:00,32.58,33.28,32.58,33.18,422.0,,,,,,,,,,,,,,,,,,,"rgba(239, 83, 80, 0.5)",,32.977251461988295,,23.595016205680786,-29.637139390752186,False,False,False,True,True,,0.0,0.0,0.0,0.0,0,,,False,False,False,False,,,False,False,False,False,-719.0,-26.638800131028844,False,False,False,False,12.760129831936364,False,False,False,False
2024-02-14 17:00:00+00:00,33.32,33.32,32.91,33.145,180.0,,,,,,,,,,,,,,,,,,,"rgba(239, 83, 80, 0.5)",,33.0080324074074,,29.29040638965963,-25.51975067544179,False,False,False,True,True,,0.0,0.0,0.0,0.0,0,,,False,False,False,False,,,False,False,False,False,-899.0,-40.163779973958626,False,False,False,False,15.352996036092389,False,False,False,False
2024-02-15 17:00:00+00:00,33.43,33.97,32.61,32.61,387.0,,,,,,,,,,,,,,,,,,,"rgba(239, 83, 80, 0.5)",,33.04423661071143,,29.084805996393477,-25.51975067544179,False,False,False,True,True,,0.0,0.0,0.0,0.0,0,,,False,False,False,False,,,False,False,False,False,-1286.0,-59.479070206920504,False,False,False,False,21.11496508979638,False,False,False,False
2024-02-16 17:00:00+00:00,32.97,32.97,32.74,32.92,25.0,,,,,,,,,,,,,,,,,,,"rgba(239, 83, 80, 0.5)",,33.03711870124073,,32.784163296915246,-23.54444273030688,False,False,False,True,True,,0.0,0.0,0.0,0.0,0,,,False,False,False,False,,,False,False,False,False,-1261.0,-78.10730167658065,False,False,False,False,21.175198189179383,False,False,False,False
2024-02-19 17:00:00+00:00,32.92,32.92,32.92,32.92,0.0,,,,,,,,,,,,,,,,,,,"rgba(239, 83, 80, 0.5)",,33.03711870124073,,35.25040149726309,-21.507123638793153,False,False,False,True,True,,0.0,0.0,0.0,0.0,0,,,False,False,False,False,,,False,False,False,False,-1261.0,-96.4467233560135,False,False,False,False,20.846900542835517,False,False,False,False
2024-02-20 17:00:00+00:00,33.15,33.15,32.89,32.89,1.0,,,,,,,,,,,,,,,,,,,"rgba(239, 83, 80, 0.5)",,33.03700965046836,,36.63497352181933,-20.265216040904118,False,False,False,True,True,,0.0,0.0,0.0,0.0,0,,,False,False,False,False,,,False,False,False,False,-1262.0,-114.51731679235438,False,False,False,False,20.539196658450468,False,False,False,False
2024-02-21 17:00:00+00:00,32.79,33.13,32.79,33.13,120.0,,,,,,,,,,,,,,,,,,,"rgba(239, 83, 80, 0.5)",,33.032814523035384,,40.5578911154666,-16.549887857179655,False,False,False,True,True,,0.0,0.0,0.0,0.0,0,,,False,False,False,False,,,False,False,False,False,-1142.0,-130.44728087309306,False,False,False,False,22.08122461723418,False,False,False,False
2024-02-22 17:00:00+00:00,32.95,33.33,32.95,33.0,595.0,,,,,,,,,,,,,,,,,,,"rgba(239, 83, 80, 0.5)",,33.05654504542994,,41.834123056117015,-15.249825174039024,False,False,False,True,True,,0.0,0.0,0.0,0.0,0,,,False,False,False,False,,,False,False,False,False,-1737.0,-155.35507496808384,False,False,False,False,30.963686251075508,False,False,False,False
2024-02-23 17:00:00+00:00,33.06,33.54,33.06,33.54,41.0,,,,,,,,,,,,,,,,,,,#000000,,33.06537874149811,,47.86534272217112,-9.523117870190347,False,False,False,False,True,,0.0,0.0,0.0,0.0,0,,,False,False,False,False,,,False,False,False,False,-1696.0,-179.241042798036,False,False,False,False,31.119288014624725,False,False,False,False
2024-02-26 17:00:00+00:00,32.99,33.3,32.99,33.3,24.0,,,,,,,,,,,,,,,,,,,#000000,,33.06739984756866,,49.437196059209334,-8.007799354972974,False,False,False,False,True,,0.0,0.0,0.0,0.0,0,,,False,False,False,False,,,False,False,False,False,-1720.0,-203.12877856860908,False,False,False,False,31.00891145625845,False,False,False,False
2024-02-27 17:00:00+00:00,33.3,33.3,33.3,33.3,0.0,,,,,,,,,,,,,,,,,,,#000000,,33.06739984756866,,50.48509828390148,-6.803069822148089,False,False,False,False,True,,0.0,0.0,0.0,0.0,0,,,False,False,False,False,,,False,False,False,False,-1720.0,-226.64616184661512,False,False,False,False,30.528153139107154,False,False,False,False
2024-02-28 17:00:00+00:00,33.3,33.3,33.3,33.3,0.0,,,,,,,,,,,,,,,,,,,#000000,,33.06739984756866,,51.18369976702957,-5.782432285885868,False,False,False,False,True,,0.0,0.0,0.0,0.0,1,,,False,False,False,False,,,False,False,False,False,-1720.0,-249.7989345311637,False,False,False,False,30.054848439276036,False,False,False,False
2024-02-29 17:00:00+00:00,33.3,33.3,33.1,33.1,1.0,,,,,,,,,,,,,,,,,,,#000000,,33.067462759212326,,49.42368126341225,-5.782432285885868,False,False,False,False,True,,0.0,0.0,0.0,0.0,1,,,False,False,False,False,,,False,False,False,False,-1721.0,-272.60825337564177,False,False,False,False,29.60438567277563,False,False,False,False
2024-03-01 17:00:00+00:00,33.4,33.92,33.37,33.88,100.0,,,,,,,,,,,,,,,,,,,"rgba(38, 166, 154, 0.5)",,33.31294944928527,,54.70239214645075,-2.0189713034347605,False,False,True,False,True,,0.0,0.0,0.0,0.0,0,,,False,False,False,False,,,False,False,False,False,-1621.0,-293.5135517729186,False,False,False,False,30.69579054606593,False,False,False,False
2024-03-04 17:00:00+00:00,33.32,33.32,33.04,33.21,88.0,,,,,,,,,,,,,,,,,,,"rgba(38, 166, 154, 0.5)",,33.232350246639975,,52.63247388036492,-2.0189713034347605,False,False,True,False,True,,0.0,0.0,0.0,0.0,0,,,False,False,False,False,,,False,False,False,False,-1709.0,-315.45907810202067,False,False,False,False,31.584227901940874,False,False,False,False
2024-03-05 17:00:00+00:00,33.21,33.6,33.0,33.0,103.0,,,,,,,,,,,,,,,,,,,#000000,,33.20318236084075,,49.90975847358733,-2.0189713034347605,False,False,False,False,False,,0.0,0.0,0.0,0.0,0,,,False,False,False,False,,,False,False,False,False,-1812.0,-338.66126293764825,False,False,False,False,32.691449174779,False,False,False,False
2024-03-06 17:00:00+00:00,33.27,33.3,33.1,33.29,241.0,,,,,,,,,,,,,,,,,,,#000000,,33.18944724309861,,50.21060462087513,-2.0189713034347605,False,False,False,False,False,,0.0,0.0,0.0,0.0,0,,,False,False,False,False,,,False,False,False,False,-1571.0,-357.76728986884746,False,False,False,False,35.92103911005375,False,False,False,False
2024-03-07 17:00:00+00:00,33.29,33.61,33.16,33.61,72.0,,,,,,,,,,,,,,,,,,,"rgba(38, 166, 154, 0.5)",,33.20269245748227,,52.44856906977351,-2.0189713034347605,False,False,True,False,False,,0.0,0.0,0.0,0.0,0,,,False,False,False,False,,,False,False,False,False,-1499.0,-375.4608202584777,False,False,False,False,36.4804028447816,False,False,False,False
2024-03-08 17:00:00+00:00,33.61,33.61,33.14,33.31,61.0,,,,,,,,,,,,,,,,,,,#000000,,33.207300824689476,,51.74188671607715,-2.0189713034347605,False,False,False,False,False,,0.0,0.0,0.0,0.0,1,,,False,False,False,False,,,False,False,False,False,-1560.0,-393.8257687816021,False,False,False,False,36.860551637885756,False,False,False,False
2024-03-11 17:00:00+00:00,33.38,33.79,33.38,33.79,2.0,,,,,,,,,,,,,,,,,,,"rgba(38, 166, 154, 0.5)",,33.20792661542786,,54.128133884687685,-1.636263132140023,False,False,True,False,True,,0.0,0.0,0.0,0.0,1,,,False,False,False,False,,,False,False,False,False,-1558.0,-411.87498166870904,False,False,False,False,36.320077969081325,False,False,False,False
2024-03-12 17:00:00+00:00,33.57,33.57,33.57,33.57,0.0,,,,,,,,,,,,,,,,,,,"rgba(38, 166, 154, 0.5)",,33.20792661542786,,54.114643860546195,-1.2973843682423052,False,False,True,False,True,,0.0,0.0,0.0,0.0,1,,,False,False,False,False,,,False,False,False,False,-1558.0,-429.64436179787634,False,False,False,False,35.75697598506456,False,False,False,False
2024-03-13 17:00:00+00:00,33.55,33.55,33.245,33.4,46.0,,,,,,,,,,,,,,,,,,,"rgba(38, 166, 154, 0.5)",,33.212722970596865,,52.90988822591324,-1.2973843682423052,False,False,True,False,True,,0.0,0.0,0.0,0.0,1,,,False,False,False,False,,,False,False,False,False,-1604.0,-447.8514259560488,False,False,False,False,35.915782558939526,False,False,False,False
2024-03-14 17:00:00+00:00,33.42,33.42,33.1,33.1,9.0,,,,,,,,,,,,,,,,,,,#000000,,33.21232043570263,,50.148118418207346,-1.2973843682423052,False,False,False,False,False,,0.0,0.0,0.0,0.0,1,,,False,False,False,False,,,False,False,False,False,-1613.0,-465.9157449334744,False,False,False,False,35.498483604537356,False,False,False,False
2024-03-15 17:00:00+00:00,33.45,33.69,33.11,33.69,6.0,,,,,,,,,,,,,,,,,,,"rgba(38, 166, 154, 0.5)",,33.21336554890137,,52.08586327202097,-1.2973843682423052,False,False,True,False,False,,0.0,0.0,0.0,0.0,1,,,False,False,False,False,,,False,False,False,False,-1607.0,-483.60697369419574,False,False,False,False,35.041142773459256,False,False,False,False
2024-03-18 17:00:00+00:00,33.4,33.8,33.4,33.55,239.0,,,,,,,,,,,,,,,,,,,"rgba(38, 166, 154, 0.5)",,33.260747967355464,,52.41106592808699,-1.2973843682423052,False,False,True,False,False,,0.0,0.0,0.0,0.0,1,,,False,False,False,False,,,False,False,False,False,-1846.0,-504.7293461950609,False,False,False,False,38.203295598676945,False,False,False,False
2024-03-19 17:00:00+00:00,33.715,33.715,33.255,33.29,38.0,,,,,,,,,,,,,,,,,,,#000000,,33.263239907751576,,50.90002520162737,-1.2973843682423052,False,False,False,False,False,,0.0,0.0,0.0,0.0,1,,,False,False,False,False,,,False,False,False,False,-1884.0,-526.1133873393235,False,False,False,False,38.200143728930016,False,False,False,False
2024-03-20 17:00:00+00:00,33.19,33.4,33.0,33.4,180.0,,,,,,,,,,,,,,,,,,,#000000,,33.25948956960948,,50.664599455965615,-1.2973843682423052,False,False,False,False,False,,0.0,0.0,0.0,0.0,1,,,False,False,False,False,,,False,False,False,False,-1704.0,-544.375195287551,False,False,False,False,40.398591112977606,False,False,False,False
2024-03-21 17:00:00+00:00,33.7,33.95,33.7,33.71,47.0,,,,,,,,,,,,,,,,,,,"rgba(38, 166, 154, 0.5)",,33.40008001384359,,52.55753792495301,-1.2973843682423052,False,False,True,False,True,,0.0,0.0,0.0,0.0,1,,,False,False,False,False,,,False,False,False,False,-1657.0,-561.625192259837,False,False,False,False,40.5009385375826,False,False,False,False
2024-03-22 17:00:00+00:00,33.2,33.2,32.84,32.84,193.0,,,,,,,,,,,,,,,,,,,"rgba(239, 83, 80, 0.5)",,33.21099938816847,,48.551599307491706,2.748630102841787,False,False,False,True,False,,0.0,0.0,0.0,0.0,1,,,False,False,False,False,,,False,False,False,False,-1850.0,-581.5999954806147,False,False,False,False,42.86526507188364,False,False,False,False
2024-03-25 17:00:00+00:00,32.74,32.965,32.74,32.965,50.0,,,,,,,,,,,,,,,,,,,"rgba(239, 83, 80, 0.5)",,33.1947087992177,,46.740596107985596,1.0419169735879592,False,False,False,True,False,,0.0,0.0,0.0,0.0,0,,,False,False,False,False,,,False,False,False,False,-1800.0,-600.4899180313029,False,False,False,False,42.97588111728079,False,False,False,False
2024-03-26 17:00:00+00:00,32.7,32.7,32.03,32.68,131.0,,,,,,,,,,,,,,,,,,,"rgba(239, 83, 80, 0.5)",,33.11488410796276,,44.09438897699681,-1.4449766339645862,False,False,False,True,False,,0.0,0.0,0.0,0.0,0,,,False,False,False,False,,,False,False,False,False,-1931.0,-621.1179813176393,False,False,False,False,44.3405961387183,False,False,False,False
2024-03-27 17:00:00+00:00,32.05,32.05,32.05,32.05,0.0,,,,,,,,,,,,,,,,,,,"rgba(239, 83, 80, 0.5)",,33.11488410796276,,39.75208094925293,-5.429518579496424,False,False,False,True,False,,0.0,0.0,0.0,0.0,0,,,False,False,False,False,,,False,False,False,False,-1931.0,-641.4262296693038,False,False,False,False,43.653145035792434,False,False,False,False
2024-03-28 17:00:00+00:00,32.87,32.87,32.685,32.79,28.0,,,,,,,,,,,,,,,,,,,"rgba(239, 83, 80, 0.5)",,33.10950367106145,,41.647736532360234,-5.429518579496424,False,False,False,True,False,,0.0,0.0,0.0,0.0,0,,,False,False,False,False,,,False,False,False,False,-1903.0,-660.9855129302448,False,False,False,False,43.41046061663286,False,False,False,False
2024-03-29 17:00:00+00:00,32.79,32.79,32.79,32.79,0.0,,,,,,,,,,,,,,,,,,,"rgba(239, 83, 80, 0.5)",,33.10950367106145,,42.911506921098436,-5.429518579496424,True,False,False,True,True,,0.0,0.0,0.0,0.0,0,,,False,False,False,False,,,False,False,False,False,-1903.0,-680.2415514894658,False,False,False,False,42.73743021947576,False,False,False,False
2024-04-01 17:00:00+00:00,32.81,32.81,32.7,32.7,55.0,,,,,,,,,,,,,,,,,,,"rgba(239, 83, 80, 0.5)",,33.09779397022916,,43.283058631329794,-5.429518579496424,True,False,False,True,True,,0.0,0.0,0.0,0.0,0,,,False,False,False,False,,,False,False,False,False,-1958.0,-700.0517599935051,False,False,False,False,42.92754758041412,False,False,False,False
2024-04-02 17:00:00+00:00,32.01,32.25,32.01,32.17,169.0,,,,,,,,,,,,,,,,,,,"rgba(239, 83, 80, 0.5)",,32.83093882770926,,41.02403561735424,-5.429518579496424,False,False,False,True,True,,0.0,0.0,0.0,0.0,0,,,False,False,False,False,,,False,False,False,False,-2127.0,-722.1749885207375,False,False,False,False,44.88215924583406,False,False,False,False
2024-04-03 17:00:00+00:00,32.35,32.35,32.35,32.35,0.0,,,,,,,,,,,,,,,,,,,"rgba(239, 83, 80, 0.5)",,32.83093882770926,,40.81466455089185,-5.429518579496424,False,False,False,True,True,,0.0,0.0,0.0,0.0,0,,,False,False,False,False,,,False,False,False,False,-2127.0,-743.9552212568501,False,False,False,False,44.18631181566609,False,False,False,False
2024-04-04 17:00:00+00:00,32.35,32.475,32.06,32.475,128.0,,,,,,,,,,,,,,,,,,,"rgba(239, 83, 80, 0.5)",,32.81525431816567,,41.58259005745153,-5.429518579496424,False,False,False,True,True,,0.0,0.0,0.0,0.0,0,,,False,False,False,False,,,False,False,False,False,-1999.0,-763.4132798420152,False,False,False,False,45.485748841779795,False,False,False,False
2024-04-05 17:00:00+00:00,32.19,32.3,32.19,32.3,3.0,,,,,,,,,,,,,,,,,,,"rgba(239, 83, 80, 0.5)",,32.81453598157894,,41.129942227012705,-5.429518579496424,False,False,False,True,True,,0.0,0.0,0.0,0.0,0,,,False,False,False,False,,,False,False,False,False,-2002.0,-782.6161747281855,False,False,False,False,44.82705506128708,False,False,False,False
2024-04-08 17:00:00+00:00,32.25,32.38,32.25,32.32,100.0,,,,,,,,,,,,,,,,,,,"rgba(239, 83, 80, 0.5)",,32.7966039512706,,40.99863550207618,-5.429518579496424,False,False,False,True,True,0.0,0.0,0.0,0.0,0.0,0,,,False,False,False,False,,,False,False,False,False,-1902.0,-799.9709627168958,False,False,False,False,45.68244955646093,False,False,False,False
2024-04-09 17:00:00+00:00,32.32,32.69,32.32,32.69,44.0,,,,,,,,,,,,,,,,,,,"rgba(239, 83, 80, 0.5)",,32.79838799489683,,43.89680904448078,-5.429518579496424,False,False,False,True,True,0.0,0.0,0.0,0.0,0.0,0,,,False,False,False,False,,,False,False,False,False,-1858.0,-816.3745136825253,False,False,False,False,45.65636506721347,False,False,False,False
2024-04-10 17:00:00+00:00,32.69,32.69,32.55,32.55,48.0,,,,,,,,,,,,,,,,,,,"rgba(239, 83, 80, 0.5)",,32.80038942213362,,44.82764944720878,-8.827046942633288,False,False,False,True,True,0.0,0.0,0.0,0.0,0.0,0,,,False,False,False,False,,,False,False,False,False,-1906.0,-833.2679320750442,False,False,False,False,45.69270049252799,False,False,False,False
2024-04-11 17:00:00+00:00,32.32,32.6,32.32,32.57,98.0,,,,,,,,,,,,,,,,,,,"rgba(239, 83, 80, 0.5)",,32.79479201780768,,45.619182439069284,-7.897883813473001,False,False,False,True,True,0.0,0.0,0.0,0.0,0.0,0,,,False,False,False,False,,,False,False,False,False,-1808.0,-848.380057159152,False,False,False,False,46.50366637636477,False,False,False,False
2024-04-12 17:00:00+00:00,32.16,32.16,32.08,32.08,4.0,,,,,,,,,,,,,,,,,,,"rgba(239, 83, 80, 1.0)",,32.79343360239612,,42.84895809330231,-7.897883813473001,False,True,False,True,False,0.0,0.0,0.0,0.0,0.0,0,,,False,False,False,False,,,False,False,False,False,-1812.0,-863.3199012342038,False,False,False,False,45.84469480463818,False,False,False,False
2024-04-15 17:00:00+00:00,32.505,32.505,31.99,31.99,1.0,,,,,,,,,,,,,,,,,,,"rgba(239, 83, 80, 1.0)",,32.687889749409166,,40.48588048652951,-5.824217755787579,False,True,False,True,False,0.0,0.0,0.0,0.0,0.0,0,,,False,False,False,False,,,False,False,False,False,-1813.0,-878.043623695689,False,False,False,False,45.14942821851975,False,False,False,False
2024-04-16 17:00:00+00:00,31.99,32.305,31.99,32.305,13.0,,,,,,,,,,,,,,,,,,,"rgba(239, 83, 80, 1.0)",,32.62077547195133,,41.9189215411156,-5.824217755787579,False,True,False,True,False,0.0,0.0,0.0,0.0,0.0,0,,,False,False,False,False,,,False,False,False,False,-1800.0,-892.3375210027326,False,False,False,False,44.6509874709458,False,False,False,False
2024-04-17 17:00:00+00:00,32.3,32.35,32.23,32.35,87.0,,,,,,,,,,,,,,,,,,,"rgba(239, 83, 80, 0.75)",,32.637040037093705,,43.28067556010511,-5.824217755787579,False,True,False,True,True,0.0,0.0,0.0,0.0,0.0,0,,,False,False,False,False,,,False,False,False,False,-1713.0,-905.0609702895119,False,False,False,False,45.30756130860555,False,False,False,False
2024-04-18 17:00:00+00:00,32.35,32.35,32.35,32.35,3.0,,,,,,,,,,,,,,,,,,,"rgba(239, 83, 80, 0.75)",,32.637178401172484,,44.18851157276478,-9.57114675960473,False,True,False,True,True,0.0,0.0,0.0,0.0,0.0,0,,,False,False,False,False,,,False,False,False,False,-1713.0,-917.5871567966512,False,False,False,False,44.65163012552639,False,False,False,False
2024-04-19 17:00:00+00:00,32.29,32.29,32.29,32.29,0.0,,,,,,,,,,,,,,,,,,,"rgba(239, 83, 80, 0.75)",,32.637178401172484,,44.242873894519164,-9.34653864528174,False,True,False,True,True,0.0,0.0,0.0,0.0,0.0,0,,,False,False,False,False,,,False,False,False,False,-1713.0,-929.9191388618194,False,False,False,False,43.95935679024691,False,False,False,False
2024-04-22 17:00:00+00:00,32.5,32.5,32.245,32.31,28.0,,,,,,,,,,,,,,,,,,,"rgba(239, 83, 80, 0.75)",,32.637627649921036,,44.525672763180594,-8.839485854650505,False,True,False,True,True,0.0,0.0,0.0,0.0,0.0,0,,,False,False,False,False,,,False,False,False,False,-1685.0,-941.6258188794656,False,False,False,False,43.71192490202603,False,False,False,False
2024-04-23 17:00:00+00:00,32.31,32.78,32.31,32.78,43.0,,,,,,,,,,,,,,,,,,,#000000,,32.655822218453565,,49.47349075449151,-4.108320807696764,True,False,False,False,True,0.0,0.0,0.0,0.0,0.0,0,,,False,False,False,False,,,False,False,False,False,-1642.0,-952.4843333154428,False,False,False,False,43.700887306645775,False,False,False,False
2024-04-24 17:00:00+00:00,32.78,32.78,32.06,32.06,8.0,,,,,,,,,,,,,,,,,,,"rgba(239, 83, 80, 0.5)",,32.60903683991019,,46.64798004818751,-4.108320807696764,False,False,False,True,False,0.0,0.0,0.0,0.0,0.0,0,,,False,False,False,False,,,False,False,False,False,-1650.0,-963.2985296981491,False,False,False,False,43.14738517786057,False,False,False,False
2024-04-25 17:00:00+00:00,32.41,32.51,32.41,32.51,1.0,,,,,,,,,,,,,,,,,,,#000000,,32.61108884168329,,48.27898428033551,-4.108320807696764,True,False,False,False,False,0.0,0.0,0.0,0.0,0.0,0,,,False,False,False,False,,,False,False,False,False,-1649.0,-973.9295602454646,False,False,False,False,42.493937345645676,False,False,False,False
2024-04-26 17:00:00+00:00,32.35,32.35,32.05,32.35,98.0,,,,,,,,,,,,,,,,,,,#000000,,32.55991849691543,,48.22017606093564,-4.108320807696764,True,False,False,False,False,0.0,0.0,0.0,0.0,0.0,0,,,False,False,False,False,,,False,False,False,False,-1747.0,-985.9151484587131,False,False,False,False,43.3544964565659,False,False,False,False
2024-04-29 17:00:00+00:00,32.45,32.5,32.45,32.5,101.0,,,,,,,,,,,,,,,,,,,#000000,,32.58309045407902,,49.318142259790065,-4.108320807696764,True,False,False,False,True,0.0,0.0,0.0,0.0,0.0,0,,,False,False,False,False,,,False,False,False,False,-1646.0,-996.1490221260199,False,False,False,False,44.2482251936734,False,False,False,False
2024-04-30 17:00:00+00:00,32.45,32.52,32.37,32.4,285.0,,,,,,,,,,,,,,,,,,,#000000,,32.58107533404853,,49.24331793687595,-4.108320807696764,True,False,False,False,True,0.0,0.0,0.0,0.0,0.0,0,,,False,False,False,False,,,False,False,False,False,-1931.0,-1010.6428357364691,False,False,False,False,47.98081084958544,False,False,False,False
2024-05-01 17:00:00+00:00,32.2,32.2,32.15,32.15,108.0,,,,,,,,,,,,,,,,,,,"rgba(239, 83, 80, 0.5)",,32.5537567112257,,47.283333520293226,-4.108320807696764,True,False,False,True,False,0.0,0.0,0.0,0.0,0.0,0,,,False,False,False,False,,,False,False,False,False,-2039.0,-1026.5863576630354,False,False,False,False,48.91134091393295,False,False,False,False
2024-05-02 17:00:00+00:00,32.21,32.22,32.21,32.22,12.0,,,,,,,,,,,,,,,,,,,"rgba(239, 83, 80, 0.5)",,32.55161161308459,,46.64618811150527,-4.108320807696764,True,False,False,True,False,0.0,0.0,0.0,0.0,0.0,0,,,False,False,False,False,,,False,False,False,False,-2027.0,-1042.0966466915154,False,False,False,False,48.339072062554145,False,False,False,False
2024-05-03 17:00:00+00:00,31.85,32.23,31.85,32.23,1.0,,,,,,,,,,,,,,,,,,,"rgba(239, 83, 80, 0.5)",,32.506537667766125,,46.3246204327961,-4.108320807696764,False,False,False,True,False,0.0,0.0,0.0,0.0,0.0,1,,,False,False,False,False,,,False,False,False,False,-2026.0,-1057.3509622466856,False,False,False,False,47.605132960809115,False,False,False,False
2024-05-06 17:00:00+00:00,32.35,32.56,32.03,32.56,63.0,,,,,,,,,,,,,,,,,,,#000000,,32.53217327054671,,49.25751115171116,-4.108320807696764,True,False,False,False,True,0.0,0.0,0.0,0.0,0.0,1,,,False,False,False,False,,,False,False,False,False,-1963.0,-1071.39203259945,False,False,False,False,47.843813069943856,False,False,False,False
2024-05-07 17:00:00+00:00,32.04,32.31,32.04,32.31,25.0,,,,,,,,,,,,,,,,,,,#000000,,32.52409288155245,,48.84192668623564,-4.108320807696764,True,False,False,False,True,0.0,0.0,0.0,0.0,0.0,1,,,False,False,False,False,,,False,False,False,False,-1988.0,-1085.603008838218,False,False,False,False,47.4896454254486,False,False,False,False
2024-05-08 17:00:00+00:00,31.99,32.22,31.99,32.0,88.0,,,,,,,,,,,,,,,,,,,"rgba(239, 83, 80, 0.5)",,32.490878517665394,,46.123688476976525,-4.108320807696764,False,False,False,True,False,0.0,0.0,0.0,0.0,0.0,1,,,False,False,False,False,,,False,False,False,False,-2076.0,-1100.9580009492533,False,False,False,False,48.117712938232344,False,False,False,False
2024-05-09 17:00:00+00:00,32.53,32.88,32.49,32.88,215.0,,,,,,,,,,,,,,,,,,,#000000,,32.55982979636072,,50.78788592948257,-2.9946138487777745,True,False,False,False,True,0.0,0.0,0.0,0.0,0.0,1,,,False,False,False,False,,,False,False,False,False,-1861.0,-1112.741597833761,False,False,False,False,50.70503521825975,False,False,False,False
2024-05-10 17:00:00+00:00,33.01,33.31,33.01,33.31,1.0,,,,,,,,,,,,,,,,,,,"rgba(38, 166, 154, 1.0)",,32.56040214508759,,55.926007266050476,1.5303784146126418,True,False,True,False,True,2.05064718799073,0.0,0.0,0.0,0.0,0,,,False,False,False,False,,,False,False,False,False,-1860.0,-1124.3269994177338,False,False,False,False,49.93441451720145,False,False,False,False
2024-05-13 17:00:00+00:00,33.01,33.3,32.81,33.3,413.0,,,,,,,,,,,,,,,,,,,"rgba(38, 166, 154, 1.0)",0.5600852573452514,32.70305238437315,1.065815619672473,59.26367307284765,4.317700187954024,True,False,True,False,True,1.9760540509775986,0.0,0.0,0.0,0.0,0,,,False,False,False,False,,,False,False,False,False,-2273.0,-1142.1358831476914,False,False,False,False,55.563338323136314,False,False,False,False
2024-05-14 17:00:00+00:00,32.93,33.81,32.93,33.8,60.0,,,,,,,,,,,,,,,,,,,"rgba(38, 166, 154, 1.0)",0.5540989601665559,32.728542538741515,1.9336933260737659,63.564087114541564,8.033691559462575,True,False,True,False,True,5.413165318726332,0.0,0.0,0.0,0.0,0,,,False,False,False,False,,,False,False,False,False,-2213.0,-1158.738427595014,False,False,False,False,55.63212377549079,False,False,False,False
2024-05-15 17:00:00+00:00,33.59,34.0,33.59,33.99,32.0,,,,,,,,,,,,,,,,,,,"rgba(38, 166, 154, 1.0)",0.552725173225463,32.746903857099454,2.2490311697699257,67.10350643774345,11.066354263628803,True,False,True,False,True,6.660428400078054,0.0,0.0,0.0,0.0,0,,,False,False,False,False,,,False,False,False,False,-2181.0,-1174.5874442214479,False,False,False,False,55.26573425959171,False,False,False,False
2024-05-16 17:00:00+00:00,34.0,34.7,34.0,34.42,28.0,,,,,,,,,,,,,,,,,,,"rgba(38, 166, 154, 1.0)",0.5650192374943882,32.91525785982994,2.6631697477114735,70.80378894566756,14.313770371542276,True,False,True,False,True,9.376727852390019,0.0,0.0,0.0,0.0,0,,,False,False,False,False,,,False,False,False,False,-2153.0,-1189.7566311327432,False,False,False,False,54.8430096974275,False,False,False,False
2024-05-17 17:00:00+00:00,34.42,34.67,34.42,34.59,22.0,,,,,,,,,,,,,,,,,,,"rgba(38, 166, 154, 1.0)",0.5863457455574609,32.940149901483785,2.8137836950580137,73.74141846371731,16.927403184745245,True,False,True,False,True,10.412368629833217,0.0,0.0,0.0,0.0,0,,,False,False,False,False,,,False,False,False,False,-2131.0,-1204.3495515802977,False,True,False,False,54.33381574863017,False,False,False,False
2024-05-20 17:00:00+00:00,34.59,34.59,34.12,34.12,2.0,,,,,,,,,,,,,,,,,,,"rgba(38, 166, 154, 1.0)",0.5988315048251657,32.94083571054348,1.9691086389998527,71.24830418142044,16.927403184745245,True,False,True,False,True,6.7717321323593715,0.0,0.0,0.0,0.0,0,,,False,False,False,False,,,False,False,False,False,-2133.0,-1218.7472329511456,False,False,False,False,53.522438760279314,False,False,False,False
2024-05-21 17:00:00+00:00,33.67,33.67,33.67,33.67,0.0,,,,,,,,,,,,,,,,,,,"rgba(38, 166, 154, 0.75)",0.6052027580723504,32.94083571054348,1.2048264482121716,66.20629494129608,23.546524466198093,True,False,True,False,False,3.5026238515041683,0.0,0.0,0.0,0.0,0,,,False,False,False,False,,,False,False,False,False,-2133.0,-1232.921694455779,False,False,False,False,52.692633508181956,False,False,False,False
2024-05-22 17:00:00+00:00,33.67,34.37,33.67,34.37,4.0,,,,,,,,,,,,,,,,,,,"rgba(38, 166, 154, 0.75)",0.6264707955345239,32.941176275505015,2.280750730408537,65.93436997648658,23.227130361038064,True,False,True,False,False,7.768962932538951,0.0,0.0,0.0,0.0,0,,,False,False,False,False,,,False,False,False,False,-2129.0,-1246.8143813634413,False,False,False,False,51.9377089576675,False,False,False,False
2024-05-23 17:00:00+00:00,33.69,33.69,33.69,33.69,0.0,,,,,,,,,,,,,,,,,,,"rgba(38, 166, 154, 0.75)",0.6308166593057442,32.941176275505015,1.1870703055292062,61.665117453079574,19.062712424765365,True,False,True,False,False,3.146639110636027,0.0,0.0,0.0,0.0,0,,,False,False,False,False,,,False,False,False,False,-2129.0,-1260.491677776411,False,False,False,False,51.13247315987421,False,False,False,False
2024-05-24 17:00:00+00:00,33.69,33.69,33.69,33.69,0.0,,,,,,,,,,,,,,,,,,,"rgba(38, 166, 154, 0.75)",0.6341412580294211,32.941176275505015,1.1808468775899157,58.81894910414157,16.272351247619696,True,False,True,False,False,3.146639110636027,0.0,0.0,0.0,0.0,0,,,False,False,False,False,,,False,False,False,False,-2129.0,-1273.956923082203,False,False,False,False,50.339721638015696,False,False,False,False
2024-05-27 17:00:00+00:00,33.69,33.69,33.69,33.69,0.0,,,,,,,,,,,,,,,,,,,"rgba(38, 166, 154, 0.75)",0.6387290872090049,32.941176275505015,1.1723651536945785,56.921503538182904,14.302230742464857,True,False,True,False,False,3.146639110636027,0.0,0.0,0.0,0.0,0,,,False,False,False,False,,,False,False,False,False,-2129.0,-1287.213404894882,False,False,False,False,49.5592608374263,False,False,False,False
2024-05-28 17:00:00+00:00,33.69,33.91,33.69,33.91,2.0,,,,,,,,,,,,,,,,,,,"rgba(38, 166, 154, 0.75)",0.6472938260923697,32.94024291116958,1.4981713863775277,56.89905871192982,13.940289349580247,True,False,True,False,False,4.500011893381096,0.0,0.0,0.0,0.0,0,,,False,False,False,False,,,False,False,False,False,-2127.0,-1300.233352105814,False,False,False,False,48.82190795622589,False,False,False,False
2024-05-29 17:00:00+00:00,34.25,34.25,34.25,34.25,0.0,,,,,,,,,,,,,,,,,,,"rgba(38, 166, 154, 0.75)",0.6632125608738896,32.94024291116958,1.9748677363779223,58.631049815104824,13.940289349580247,True,False,True,False,False,6.533668266474926,0.0,0.0,0.0,0.0,0,,,False,False,False,False,,,False,False,False,False,-2127.0,-1313.0514396700648,False,False,False,False,48.06497915070301,False,False,False,False
2024-05-30 17:00:00+00:00,34.1,34.1,34.1,34.1,0.0,,,,,,,,,,,,,,,,,,,"rgba(38, 166, 154, 0.75)",0.6734179859372527,32.94024291116958,1.7221950008007179,58.60880746433539,13.940289349580247,True,False,True,False,False,5.488446750369427,0.0,0.0,0.0,0.0,0,,,False,False,False,False,,,False,False,False,False,-2127.0,-1325.67079719456,False,False,False,False,47.31978567549831,False,False,False,False
2024-05-31 17:00:00+00:00,33.83,34.57,33.83,34.57,19.0,,,,,,,,,,,,,,,,,,,"rgba(38, 166, 154, 1.0)",0.6964595019366454,33.0653534257826,2.160422206938712,60.90009082341306,13.940289349580247,True,False,True,False,True,8.22537456320893,0.0,0.0,0.0,0.0,0,,,False,False,False,False,,,False,False,False,False,-2108.0,-1337.7999321217762,False,False,False,False,46.88071923091694,False,False,False,False
2024-06-03 17:00:00+00:00,34.0,34.0,34.0,34.0,0.0,,,,,,,,,,,,,,,,,,,"rgba(38, 166, 154, 1.0)",0.7048870716531737,33.0653534257826,1.3259522153319878,58.37781357593821,13.940289349580247,True,False,True,False,True,4.358579483374509,0.0,0.0,0.0,0.0,0,,,False,False,False,False,,,False,False,False,False,-2108.0,-1349.7410184454698,False,False,False,False,46.15388637462365,False,False,False,False
2024-06-04 17:00:00+00:00,34.13,34.13,34.09,34.09,1.0,,,,,,,,,,,,,,,,,,,"rgba(38, 166, 154, 0.75)",0.7144703954300337,33.06464845758568,1.4351211036493259,57.19260492246976,12.683439534598634,True,False,True,False,False,4.883456403412641,0.0,0.0,0.0,0.0,0,,,False,False,False,False,,,False,False,False,False,-2107.0,-1361.4814677718966,False,False,False,False,45.45382612075351,False,False,False,False
2024-06-05 17:00:00+00:00,34.09,34.53,34.09,34.44,63.0,,,,,,,,,,,,,,,,,,,"rgba(38, 166, 154, 0.75)",0.7315525388631495,33.10338073239111,1.827099485822341,58.24706053709984,12.683439534598634,True,False,True,False,False,6.891615383291484,0.0,0.0,0.0,0.0,0,,,False,False,False,False,,,False,False,False,False,-2044.0,-1372.0631504420999,False,False,False,False,45.72585982430772,False,False,False,False
2024-06-06 17:00:00+00:00,34.42,34.49,34.42,34.49,1.0,,,,,,,,,,,,,,,,,,,"rgba(38, 166, 154, 0.75)",0.7489337886754894,33.10417287104176,1.8504000619455492,59.20514928719612,12.683439534598634,True,False,True,False,False,7.1747837031402035,0.0,0.0,0.0,0.0,0,,,False,False,False,False,,,False,False,False,False,-2043.0,-1382.465272140672,False,False,False,False,45.03243564098511,False,False,False,False
2024-06-07 17:00:00+00:00,34.49,34.52,34.47,34.47,15.0,,,,,,,,,,,,,,,,,,,"rgba(38, 166, 154, 0.75)",0.7636051288413376,33.11611517910496,1.773016929508276,59.66840122102522,12.683439534598634,True,False,True,False,False,7.035570571627915,0.0,0.0,0.0,0.0,0,,,False,False,False,False,,,False,False,False,False,-2058.0,-1392.9386787741498,False,False,False,False,44.56681648376053,False,False,False,False
2024-06-10 17:00:00+00:00,33.51,34.515,33.51,34.515,6.0,,,,,,,,,,,,,,,,,,,"rgba(38, 166, 154, 1.0)",0.7800083044140991,33.19928648163023,1.6867942442716213,60.25748276942097,12.683439534598634,True,False,True,False,True,7.298896620269794,0.0,0.0,0.0,0.0,0,,,False,False,False,False,,,False,False,False,False,-2052.0,-1403.1566837543955,False,False,False,False,43.968881344477424,False,False,False,False
2024-06-11 17:00:00+00:00,33.85,34.445,33.71,34.445,5.0,,,,,,,,,,,,,,,,,,,"rgba(38, 166, 154, 1.0)",0.7941689690181518,33.20133371338967,1.565997080127544,59.91310316432448,12.683439534598634,True,False,True,False,True,6.795856179844762,0.0,0.0,0.0,0.0,0,,,False,False,False,False,,,False,False,False,False,-2057.0,-1413.293789432622,False,False,False,False,43.36471264146227,False,False,False,False
2024-06-12 17:00:00+00:00,34.445,34.445,33.7,34.15,52.0,,,,,,,,,,,,,,,,,,,"rgba(38, 166, 154, 0.5)",0.8022209767236819,33.205785560095244,1.1770004366639513,56.805744885444085,10.65611893821157,False,False,True,False,False,4.7009231714360205,0.0,0.0,0.0,0.0,0,,,False,False,False,False,,,False,False,False,False,-2109.0,-1424.079932232116,False,False,False,False,43.49859306562564,False,False,False,False
2024-06-13 17:00:00+00:00,34.15,34.15,34.15,34.15,0.0,,,,,,,,,,,,,,,,,,,"rgba(38, 166, 154, 0.5)",0.8100863206145685,33.205785560095244,1.1655726258757593,54.734172699523825,8.591582398702727,False,False,True,False,False,4.7009231714360205,0.0,0.0,0.0,0.0,0,,,False,False,False,False,,,False,False,False,False,-2109.0,-1434.6988480114633,False,False,False,False,42.824196273910516,False,False,False,False
2024-06-14 17:00:00+00:00,34.15,34.15,34.15,34.15,0.0,,,,,,,,,,,,,,,,,,,"rgba(38, 166, 154, 0.5)",0.8138074068816885,33.205785560095244,1.1602431139362006,53.353124575576985,7.198845512886727,False,True,True,False,False,4.7009231714360205,0.0,0.0,0.0,0.0,1,,,False,False,False,False,,,False,False,False,False,-2109.0,-1445.153129437642,False,False,False,False,42.16025524640803,False,False,False,False
2024-06-17 17:00:00+00:00,34.15,34.15,33.93,34.08,5.0,,,,,,,,,,,,,,,,,,,#000000,0.820289308445229,33.20642827275521,1.0649556421752582,51.64086552615914,5.49650272332201,False,True,False,False,False,4.189589109696495,0.0,0.0,0.0,0.0,1,,,False,False,False,False,,,False,False,False,False,-2114.0,-1455.5228483610895,False,False,False,False,41.58412725809162,False,False,False,False
2024-06-18 17:00:00+00:00,34.08,34.205,33.66,33.81,173.0,,,,,,,,,,,,,,,,,,,"rgba(239, 83, 80, 1.0)",0.8229440283967534,33.218204413195394,0.7191200936928053,47.779717524258174,1.8735904400306325,False,True,False,True,False,2.239210846551064,0.0,0.0,0.0,0.0,0,,,False,False,False,False,,,False,False,False,False,-2287.0,-1468.41396699115,False,False,False,False,43.621582649439034,False,False,False,False
2024-06-19 17:00:00+00:00,33.81,33.81,33.81,33.81,0.0,,,,,,,,,,,,,,,,,,,"rgba(239, 83, 80, 1.0)",0.8258030053248814,33.218204413195394,0.7166304590666729,45.20561885632421,-0.45438241783070055,False,True,False,True,False,2.239210846551064,0.0,0.0,0.0,0.0,0,,,False,False,False,False,,,False,False,False,False,-2287.0,-1481.1052233168684,False,False,False,False,42.945279042470986,False,False,False,False
2024-06-20 17:00:00+00:00,34.19,34.65,33.97,34.42,169.0,,,,,,,,,,,,,,,,,,,#000000,0.8362288955577701,33.382307848736396,1.2409187924216114,50.004850877475384,-4.798991619897507,False,True,False,False,True,6.223967435215911,0.0,0.0,0.0,0.0,0,,,False,False,False,False,,,False,False,False,False,-2118.0,-1490.9795609398627,False,False,False,False,44.89961580150244,False,False,False,False
2024-06-21 17:00:00+00:00,34.15,34.18,33.91,34.18,125.0,,,,,,,,,,,,,,,,,,,#000000,0.8433732836031135,33.40324630329649,0.9210081844008758,50.69850525025126,-4.2794089982820935,False,True,False,False,True,4.476541852043365,0.0,0.0,0.0,0.0,0,,,False,False,False,False,,,False,False,False,False,-2243.0,-1502.6387925531983,False,False,False,False,46.141482223184575,False,False,False,False
2024-06-24 17:00:00+00:00,33.49,34.55,33.49,34.55,2.0,,,,,,,,,,,,,,,,,,,"rgba(38, 166, 154, 0.5)",0.8545569264481698,33.40379791282886,1.3412823086405106,54.02759147064872,-1.1955207507257342,False,True,True,False,True,6.78518908629459,0.0,0.0,0.0,0.0,1,,,False,False,False,False,,,False,False,False,False,-2241.0,-1514.0862531337689,False,False,False,False,45.45711815770884,False,False,False,False
2024-06-25 17:00:00+00:00,34.1,34.28,34.1,34.28,6.0,,,,,,,,,,,,,,,,,,,"rgba(38, 166, 154, 0.5)",0.8620428648860234,33.40556426630557,1.0143761630809953,53.6491177396709,-1.1955207507257342,False,True,True,False,True,4.839043757827707,0.0,0.0,0.0,0.0,1,,,False,False,False,False,,,False,False,False,False,-2247.0,-1525.4492569611523,False,False,False,False,44.84537989169785,False,False,False,False
2024-06-26 17:00:00+00:00,33.7,34.2,33.7,34.13,111.0,,,,,,,,,,,,,,,,,,,"rgba(38, 166, 154, 0.5)",0.8677465534826877,33.42011020783648,0.818084254341767,52.08680454049171,-1.1955207507257342,False,True,True,False,True,3.776374746815968,0.0,0.0,0.0,0.0,1,,,False,False,False,False,,,False,False,False,False,-2358.0,-1538.357020419119,False,False,False,False,45.87103291663277,False,False,False,False
2024-06-27 17:00:00+00:00,33.85,34.12,33.85,34.12,60.0,,,,,,,,,,,,,,,,,,,#000000,0.8730264074517505,33.42933599507806,0.7911146776623772,50.95481677926497,-1.1955207507257342,False,True,False,False,False,3.7051110593495338,0.0,0.0,0.0,0.0,1,,,False,False,False,False,,,False,False,False,False,-2418.0,-1551.9948960715355,False,False,False,False,46.09008666986327,False,False,False,False
2024-06-28 17:00:00+00:00,34.12,34.12,34.12,34.12,0.0,,,,,,,,,,,,,,,,,,,#000000,0.8771349912030615,33.42933599507806,0.787409021243849,50.20015827178048,-1.1955207507257342,False,True,False,False,False,3.7051110593495338,0.0,0.0,0.0,0.0,1,,,False,False,False,False,,,False,False,False,False,-2418.0,-1565.4213317913568,False,False,False,False,45.3755116827336,False,False,False,False
2024-07-01 17:00:00+00:00,33.75,33.75,33.25,33.255,13.0,,,,,,,,,,,,,,,,,,,"rgba(239, 83, 80, 1.0)",0.8766106565877722,33.42620065747458,-0.19529839865394885,43.56843849354222,-1.288424641622484,False,True,False,True,False,0.0,0.0,0.0,0.0,0.0,0,,,False,False,False,False,,,False,False,False,False,-2431.0,-1578.8411561046692,False,False,False,False,44.87356576517184,False,False,False,False
2024-07-02 17:00:00+00:00,33.255,33.255,33.255,33.255,0.0,,,,,,,,,,,,,,,,,,,"rgba(239, 83, 80, 1.0)",0.8766173829191604,33.42620065747458,-0.19529690011904122,39.14729197471671,-5.257632957618597,False,True,False,True,False,0.0,0.0,0.0,0.0,0.0,0,,,False,False,False,False,,,False,False,False,False,-2431.0,-1592.0529211263022,False,False,False,False,44.177851567262195,False,False,False,False
2024-07-03 17:00:00+00:00,32.6,32.6,32.6,32.6,0.0,,,,,,,,,,,,,,,,,,,"rgba(239, 83, 80, 1.0)",0.880056314741914,33.42620065747458,-0.9388043056277279,33.51562828157357,-10.260692834343196,False,True,False,True,False,0.0,0.0,0.0,0.0,0.0,0,,,False,False,False,False,,,False,False,False,False,-2431.0,-1605.0598525817084,False,False,False,False,43.49292363598681,False,False,False,False
2024-07-04 17:00:00+00:00,32.6,32.6,32.6,32.6,0.0,,,,,,,,,,,,,,,,,,,"rgba(239, 83, 80, 1.0)",0.8819575483644996,33.42620065747458,-0.9367805275964639,29.76118581947814,-13.48633176308455,False,True,False,True,False,0.0,0.0,0.0,0.0,0.0,0,,,False,False,False,False,,,False,False,False,False,-2431.0,-1617.8651261850928,False,False,False,False,42.81861474240562,False,False,False,False
2024-07-05 17:00:00+00:00,33.065,33.065,30.5,30.84,138.0,,,,,,,,,,,,,,,,,,,"rgba(239, 83, 80, 1.0)",0.9240376147719932,33.248734502127725,-2.606749404592238,23.737203683814776,-18.839580720532457,False,True,False,True,False,0.0,0.0,0.0,0.0,0.0,0,,,False,False,False,False,,,False,False,False,False,-2569.0,-1632.6114032985022,False,False,False,False,44.29429513399623,False,False,False,False
2024-07-08 17:00:00+00:00,30.0,30.0,30.0,30.0,0.0,,,,,,,,,,,,,,,,,,,"rgba(239, 83, 80, 1.0)",0.9962459580891706,33.248734502127725,-3.260976343993299,18.929813530446417,-23.0338912483322,False,True,False,True,False,0.0,0.0,0.0,0.0,0.0,0,,,False,False,False,False,,,False,False,False,False,-2569.0,-1647.1290559605409,False,False,False,False,43.60756187610481,False,False,False,False
2024-07-09 17:00:00+00:00,29.43,29.5,29.415,29.5,32.0,,,,,,,,,,,,,,,,,,,"rgba(239, 83, 80, 1.0)",1.0823280505507602,33.17919562311666,-3.3993349994435085,15.353132572804704,-26.181984958694684,False,True,False,True,False,0.0,0.0,0.0,0.0,0.0,0,,,False,False,False,False,,,False,False,False,False,-2601.0,-1661.9177527673542,False,False,False,False,43.427599676475275,False,False,False,False
2024-07-10 17:00:00+00:00,29.31,30.12,29.31,29.43,125.0,,,,,,,,,,,,,29.62,29.62,,,,29.62,"rgba(239, 83, 80, 1.0)",1.1579716928498038,32.727787494077326,-2.847899922286848,12.918091419893514,-28.43782145679607,False,True,False,True,False,0.0,1.0,30.12,29.31,0.0,0,,,False,False,False,False,,,False,False,False,False,-2726.0,-1678.4151519492555,False,False,False,False,44.692288053584186,False,False,False,False
2024-07-11 17:00:00+00:00,30.395,30.41,30.275,30.36,32.0,,,,,,,,,,,,,29.76845010615711,29.76845010615711,,,,29.76845010615711,"rgba(239, 83, 80, 0.75)",1.2004262568763635,32.699690291054246,-1.9490495793905482,17.936330252420742,-28.43782145679607,False,True,False,True,True,0.0,0.0,0.0,0.0,0.0,0,,,False,False,False,False,,,False,False,False,False,-2694.0,-1694.160653469422,False,False,False,False,44.49550839383869,False,False,False,False
2024-07-12 17:00:00+00:00,29.96,30.17,29.63,30.12,38.0,,,,,,,,,,,,,29.808376068376067,29.808376068376067,,,,29.808376068376067,"rgba(239, 83, 80, 0.75)",1.2478953344594907,32.65311087216533,-2.029906517169976,20.729958510981206,-28.43782145679607,False,True,False,True,True,0.0,0.0,0.0,0.0,0.0,0,,,False,False,False,False,,,False,False,False,False,-2732.0,-1710.251185973772,False,False,False,False,44.39480283734507,False,False,False,False
2024-07-15 17:00:00+00:00,30.49,30.815,30.49,30.815,200.0,,,,,,,,,,,,,30.263206751054852,30.263206751054852,,,,30.263206751054852,"rgba(239, 83, 80, 0.75)",1.2737090337681918,32.51719619629974,-1.336408984447489,26.562599561407353,-32.73258977209635,False,True,False,True,True,0.0,0.0,0.0,0.0,0.0,0,,,False,False,False,False,,,False,False,False,False,-2532.0,-1722.991477664101,False,False,False,False,46.80728651428545,False,False,False,False
2024-07-16 17:00:00+00:00,31.73,31.99,31.73,31.99,5.0,,,,,,,,,,,,,30.283708333333333,30.283708333333333,,,,30.283708333333333,"rgba(239, 83, 80, 0.75)",1.275505580735139,32.51720657399483,-0.41333145221596923,35.292990388935266,-24.685382879857507,False,True,False,True,True,0.0,0.0,0.0,0.0,0.0,0,,,False,False,False,False,,,False,False,False,False,-2527.0,-1735.4567260724095,False,False,False,False,46.159111529567845,False,False,False,False
2024-07-17 17:00:00+00:00,31.98,32.96,31.98,32.96,49.0,,,,,,,,,,,,,30.540126206384556,30.540126206384556,,,,30.540126206384556,"rgba(239, 83, 80, 0.75)",1.2731168746727752,32.53488380756048,0.33391764801545326,43.93615109527768,-16.944641031982627,False,True,False,True,True,0.0,0.0,0.0,0.0,0.0,0,,,False,False,False,False,,,False,False,False,False,-2478.0,-1746.9690248929921,False,False,False,False,46.203156312055164,False,False,False,False
2024-07-18 17:00:00+00:00,32.63,33.14,32.63,33.14,6.0,,,,,,,,,,,,,30.572168498168498,30.572168498168498,,,,30.572168498168498,"rgba(38, 166, 154, 0.5)",1.2715258018871907,32.537845599011845,0.4735683696661455,50.164495730115455,-11.481447244957444,False,False,True,False,True,0.31866401758157537,0.0,0.0,0.0,0.0,0,,,False,False,False,False,,,False,False,False,False,-2472.0,-1758.2098152047286,False,False,False,False,45.57985156303105,False,False,False,False
2024-07-19 17:00:00+00:00,32.67,32.885,32.67,32.865,297.0,,,,,,,,,,,,,31.454676418439718,31.454676418439718,,,,31.454676418439718,"rgba(38, 166, 154, 1.0)",1.2687698589401284,32.61519113300959,0.196890606464353,53.09818952929065,-8.864981649296908,True,False,True,False,True,0.0,0.0,0.0,0.0,0.0,0,,,False,False,False,False,,,False,False,False,False,-2769.0,-1773.8809808604692,False,False,False,False,49.47783836050343,False,False,False,False
2024-07-22 17:00:00+00:00,32.865,32.865,32.865,32.865,0.0,,,,,,,,,,,,,31.454676418439718,31.454676418439718,,,,31.454676418439718,"rgba(38, 166, 154, 1.0)",1.26612091135174,32.61519113300959,0.19730253623543093,55.05398539540744,-6.829264572897685,True,False,True,False,True,0.0,0.0,0.0,0.0,0.0,0,,,False,False,False,False,,,False,False,False,False,-2769.0,-1789.3091827075937,False,False,False,False,48.71074009134834,False,False,False,False
2024-07-23 17:00:00+00:00,33.16,33.16,32.815,32.815,8.0,,,,,,,,,,,,,31.47020614035088,31.47020614035088,,,,31.47020614035088,"rgba(38, 166, 154, 1.0)",1.2657201596413488,32.61695798338418,0.15646587842286727,56.09731625057871,-5.363787229930573,True,False,True,False,True,0.0,0.0,0.0,0.0,0.0,0,,,False,False,False,False,,,False,False,False,False,-2777.0,-1804.6222186346076,False,False,False,False,48.0795658263662,False,False,False,False
2024-07-24 17:00:00+00:00,32.815,33.03,32.81,32.81,165.0,,,,,,,,,,,,,31.722277477477476,31.722277477477476,,,,31.722277477477476,"rgba(38, 166, 154, 1.0)",1.2646776571824836,32.645297058271204,0.13023313948293527,56.76399175777922,-4.0351613820404,True,False,True,False,True,0.0,0.0,0.0,0.0,0.0,0,,,False,False,False,False,,,False,False,False,False,-2942.0,-1822.2559826867844,False,False,False,False,49.89228573603494,False,False,False,False
2024-07-25 17:00:00+00:00,32.81,33.33,32.81,33.33,1.0,,,,,,,,,,,,,31.723826493880487,31.723826493880487,,,,31.723826493880487,"rgba(38, 166, 154, 1.0)",1.2637661682162276,32.645547566501364,0.541597370393861,59.28073320647195,-0.914479734582784,True,False,True,False,True,1.3479432800432,0.0,0.0,0.0,0.0,0,,,False,False,False,False,0.13954746438852023,0.13954746438852023,False,False,False,False,-2941.0,-1839.6008511722607,False,False,False,False,49.13426580214292,False,False,False,False
2024-07-26 17:00:00+00:00,33.33,33.33,33.33,33.33,0.0,,,,,,,,,,,,,31.723826493880487,31.723826493880487,,,,31.723826493880487,"rgba(38, 166, 154, 1.0)",1.2588028668769613,32.645547566501364,0.5437328206891785,60.95856083893377,1.389895379484578,True,False,True,False,True,1.3479432800432,0.0,0.0,0.0,0.0,0,0.8715804147063941,0.8545042690364175,False,False,False,False,0.17411683745158907,0.15683215092005465,False,False,False,False,-2941.0,-1856.6768069680397,False,False,False,False,48.372494239318996,False,False,False,False
2024-07-29 17:00:00+00:00,33.33,33.97,32.945,33.3,59.0,,,,,,,,,,,,,31.82452622673435,31.82452622673435,,,,31.82452622673435,"rgba(38, 166, 154, 1.0)",1.2524914522015058,32.665068275962,0.506934975821174,61.847360396041424,2.973551987486978,True,False,True,False,True,1.1923448342116139,0.0,0.0,0.0,0.0,0,0.8672430026534274,0.8461011726440125,False,False,False,False,0.19121582737678444,0.17402398914841954,False,False,False,False,-3000.0,-1874.4027479452793,False,False,False,False,48.53726177049234,False,False,False,False
2024-07-30 17:00:00+00:00,33.89,34.07,33.89,34.07,200.0,,,,,,,,,,,,,32.19338255977497,32.19338255977497,,,,32.19338255977497,"rgba(38, 166, 154, 1.0)",1.2539061921606172,32.840145329727974,0.9808187230919182,65.30531129300743,6.8853686436712,True,False,True,False,True,4.932322672003618,0.0,0.0,0.0,0.0,0,0.8749683196755929,0.8364450451972627,False,False,False,False,0.26257527346165993,0.21829963130503974,False,False,False,False,-2800.0,-1888.7530929383756,False,False,False,False,50.885521277926564,False,False,False,False
2024-07-31 17:00:00+00:00,33.5,33.5,33.5,33.5,0.0,,,,,,,,,,,,,32.19338255977497,32.19338255977497,,,,32.19338255977497,"rgba(38, 166, 154, 1.0)",1.251330614308747,32.840145329727974,0.527322406026595,63.65183081252884,6.8853686436712,True,False,True,False,True,1.9856267305489155,0.0,0.0,0.0,0.0,0,0.8728934350633011,0.8376792152259579,False,False,False,False,0.19693964815489817,0.20761963972996894,False,False,False,False,-2800.0,-1902.8809519625868,False,False,False,False,50.09659846741607,False,False,False,False
2024-08-01 17:00:00+00:00,33.5,33.9,33.5,33.9,45.0,,,,,,,,,,,,,32.250941734417346,32.250941734417346,,,,32.250941734417346,"rgba(38, 166, 154, 1.0)",1.2509020240905657,32.85213535150107,0.8376872275514553,64.06838843698968,6.8853686436712,True,False,True,False,True,3.8634922720023503,0.0,0.0,0.0,0.0,0,0.8796009055085094,0.8309717447807495,False,False,False,False,0.22405375580675782,0.2158366977683634,False,False,False,False,-2755.0,-1916.0920999941745,False,False,False,False,50.017581436913495,False,False,False,False
2024-08-02 17:00:00+00:00,33.9,33.98,33.9,33.98,8.0,,,,,,,,,,,,,32.261942649434566,32.261942649434566,,,,32.261942649434566,"rgba(38, 166, 154, 1.0)",1.2502226756617156,32.855128950739356,0.899736559861443,64.64094884880646,7.85966856205026,True,False,True,False,True,4.23492402525039,0.0,0.0,0.0,0.0,0,0.8909567718467126,0.8213349124439556,False,False,False,False,0.25702786734610533,0.23643228255723436,False,False,False,False,-2747.0,-1928.9743930175207,False,False,False,False,49.36614606579855,False,False,False,False
2024-08-05 17:00:00+00:00,33.01,33.01,32.54,32.54,3.0,,,,,,,,,,,,,32.262993553585815,32.262993553585815,,,,32.262993553585815,"rgba(38, 166, 154, 0.75)",1.248331852679573,32.85418288409845,-0.25168218164428746,57.612927204627866,14.438915289815029,True,False,True,False,False,0.0,0.0,0.0,0.0,0.0,0,0.8866561488001321,0.8190650170223365,False,False,False,False,0.10071755419452959,0.16857491837588198,False,False,False,False,-2750.0,-1941.7034721955436,False,False,False,False,48.64729108803423,False,False,False,False
2024-08-06 17:00:00+00:00,32.54,32.54,32.54,32.54,0.0,,,,,,,,,,,,,32.262993553585815,32.262993553585815,,,,32.262993553585815,#000000,1.2496949177248775,32.85418288409845,-0.251407667297258,52.92757944184213,9.977675770896191,True,False,False,False,False,0.0,0.0,0.0,0.0,0.0,0,0.8866561488001321,0.8240471643278251,False,False,False,False,0.07000602313492083,0.1192904707554014,False,False,False,False,-2750.0,-1954.235201308791,False,False,False,False,47.893069520777885,False,False,False,False
2024-08-07 17:00:00+00:00,33.21,33.21,33.21,33.21,0.0,,,,,,,,,,,,,32.262993553585815,32.262993553585815,,,,32.262993553585815,#000000,1.242761564543379,32.85418288409845,0.28631165144883397,52.926390022449354,9.838030716355348,True,False,False,False,False,0.46114725837777826,0.0,0.0,0.0,0.0,0,0.8874072839403276,0.8370697558129843,False,False,False,False,0.15811541032564952,0.13870294054052545,False,False,False,False,-2750.0,-1966.5726400481894,False,False,False,False,47.15054131115342,False,False,False,False
2024-08-08 17:00:00+00:00,32.98,32.98,32.98,32.98,0.0,,,,,,,,,,,,,32.262993553585815,32.262993553585815,,,,32.262993553585815,#000000,1.2404248109868299,32.85418288409845,0.10143066696759534,51.86303702286968,8.515935782482643,True,False,False,False,False,0.0,0.0,0.0,0.0,0.0,0,0.8852653927813158,0.8502760084925689,False,False,False,False,0.12766199997431513,0.1331824702574203,False,False,False,False,-2750.0,-1978.7188006675974,False,False,False,False,46.41952516679445,False,False,False,False
2024-08-09 17:00:00+00:00,33.5,33.5,33.25,33.25,54.0,,,,,,,,,,,,,32.307625482625475,32.307625482625475,,,,32.307625482625475,"rgba(38, 166, 154, 0.75)",1.2363891119045156,32.85732639697578,0.3175971053476461,52.388668296071636,8.515935782482643,True,False,True,False,False,0.6521523171251502,0.0,0.0,0.0,0.0,0,0.8922395434023334,0.8356759519550216,False,False,False,False,0.1801397741066459,0.1566611221820331,False,False,False,False,-2696.0,-1989.839439416937,False,False,False,False,46.53705190839454,False,False,False,False
2024-08-12 17:00:00+00:00,33.67,33.67,32.72,32.9,110.0,,,,,,,,,,,,,32.36940094899169,32.36940094899169,,,,32.36940094899169,#000000,1.2341153668675953,32.85636537771349,0.03535700426230297,51.01068535205889,6.928630198069619,True,False,False,False,False,0.0,0.0,0.0,0.0,0.0,0,0.8787034692327166,0.8349793196589853,False,False,False,False,0.15612102932839064,0.15639107575521188,False,False,False,False,-2806.0,-2002.4930915189998,False,False,False,False,47.52097358423338,False,False,False,False
2024-08-13 17:00:00+00:00,33.34,33.34,32.12,32.12,12.0,,,,,,,,,,,,,32.370732768760284,32.370732768760284,,,,32.370732768760284,"rgba(239, 83, 80, 0.5)",1.2370564379326563,32.85364541696798,-0.5930573533039726,46.944756551847895,2.804860482381457,False,False,False,True,False,0.0,0.0,0.0,0.0,0.0,0,0.8733395380319816,0.8511718419494033,False,False,False,False,0.09482371739775708,0.12560739657648448,False,False,False,False,-2818.0,-2015.1366094799455,False,False,False,False,46.970260815485574,False,False,False,False
2024-08-14 17:00:00+00:00,31.99,31.99,31.99,31.99,0.0,,,,,,,,,,,,,32.370732768760284,32.370732768760284,,,,32.370732768760284,"rgba(239, 83, 80, 0.5)",1.2390603894276702,32.85364541696798,-0.6970164039921439,43.7762863022301,-0.3181850854012822,False,False,False,True,False,0.0,0.0,0.0,0.0,0.0,0,0.8728446445256087,0.8565361420198759,False,False,False,False,-0.0014594669535008906,0.06207396481149179,False,False,False,False,-2818.0,-2027.584103906613,False,False,False,False,46.24203971757107,False,False,False,False
2024-08-15 17:00:00+00:00,31.99,32.61,31.99,32.61,1.0,,,,,,,,,,,32.40333333333333,32.40333333333333,32.37075575928537,32.37075575928537,,,,32.39247414198401,"rgba(239, 83, 80, 0.5)",1.2356358905656857,32.789754806131654,-0.14547554623827033,44.99170632121673,-0.3181850854012822,False,False,False,True,False,0.0,0.0,0.0,0.0,0.0,0,0.8711439858787922,0.8467680927965032,False,False,False,False,0.03877617233518893,0.050425068573340365,False,False,False,False,-2817.0,-2039.823110047596,False,False,False,False,45.54061274520562,False,False,False,False
2024-08-16 17:00:00+00:00,32.325,32.605,32.325,32.35,2.0,,,,,,,,,,,32.41888888888889,32.41888888888889,32.37083450704225,32.37083450704225,,,,32.40287076160667,"rgba(239, 83, 80, 0.5)",1.2344116226178588,32.79118837929458,-0.35740782994163395,44.69525265507913,-0.3181850854012822,False,False,False,True,False,0.0,0.0,0.0,0.0,0.0,0,0.8772475214249701,0.8506973617879348,False,False,False,False,0.060234897869967156,0.055329983221653764,False,False,False,False,-2819.0,-2051.903371907323,False,False,False,False,44.86556448559003,False,False,False,False
2024-08-19 17:00:00+00:00,32.12,32.495,32.12,32.49,6.0,,,,,,,,,,,32.38518518518518,32.38518518518518,32.3708239831697,32.3708239831697,,,,32.38039811784669,"rgba(239, 83, 80, 0.5)",1.2349461891475642,32.785319911607004,-0.2391358540171296,45.2557050716952,-0.3181850854012822,False,False,False,True,False,0.0,0.0,0.0,0.0,0.0,0,0.8755563019565029,0.8522965824166597,False,False,False,False,0.0397506460867294,0.04754031465419158,False,False,False,False,-2813.0,-2063.70331962969,False,False,False,False,44.26299759434057,False,False,False,False
2024-08-20 17:00:00+00:00,32.3,32.4,32.07,32.12,397.0,,,,,,,,,,,32.20084564860427,32.20084564860427,32.33289723898336,32.33289723898336,,,,32.2448628453973,"rgba(239, 83, 80, 0.5)",1.2370359881733584,32.670081629837135,-0.44467714366936356,43.96110279922134,-1.1003602887838468,False,False,False,True,False,0.0,0.0,0.0,0.0,0.0,0,0.8706050180414526,0.8558362003860032,False,False,False,False,0.030333617425930205,0.038936966040060896,False,False,False,False,-3210.0,-2081.475361185819,False,False,False,False,49.73178832931203,False,False,False,False
2024-08-21 17:00:00+00:00,32.25,32.25,32.25,32.25,0.0,,,,,,,,,,,32.20084564860427,32.20084564860427,32.33289723898336,32.33289723898336,,,,32.2448628453973,"rgba(239, 83, 80, 0.5)",1.234038057730769,32.670081629837135,-0.340412215981093,43.897533729468535,-1.5419481348798953,False,False,False,True,False,0.0,0.0,0.0,0.0,0.0,0,0.8697084917617229,0.8597380650612588,False,False,False,False,0.03228147191385576,0.03560921897695833,False,False,False,False,-3210.0,-2098.971867213946,False,False,False,False,48.9607528513382,False,False,False,False
2024-08-22 17:00:00+00:00,32.25,32.78,32.25,32.78,6.0,,,,,,,,,,,32.206707119741104,32.206707119741104,32.3337843994897,32.3337843994897,,,,32.249066212990634,"rgba(239, 83, 80, 0.5)",1.234467686279584,32.670554243930496,0.08865825917189489,46.81642775738864,-1.5419481348798953,False,False,False,True,True,0.0,0.0,0.0,0.0,0.0,0,0.8749049108274863,0.8507311300819879,False,False,False,False,0.06674759004717726,0.051178404512067795,False,False,False,False,-3204.0,-2116.104086326908,False,False,False,False,48.294694667596524,False,False,False,False
2024-08-23 17:00:00+00:00,33.19,33.65,33.19,33.61,102.0,,,,,,,,,,,32.46004539559015,32.46004539559015,32.39450630070775,32.39450630070775,,,,32.43819903062935,"rgba(38, 166, 154, 1.0)",1.235243354219785,32.72407109139958,0.7172100182315878,52.19872887886741,-2.5056573003160025,True,False,True,False,True,2.7004938999945836,0.0,0.0,0.0,0.0,0,0.8803831736776335,0.8452311536859639,False,False,False,False,0.1861756685949808,0.1186770365535243,False,False,False,False,-3102.0,-2131.389294290832,False,False,False,False,49.127335060346965,False,False,False,False
2024-08-26 17:00:00+00:00,33.56,33.56,33.05,33.38,57.0,,,,,,,,,,,32.546888499708125,32.546888499708125,32.42132880617035,32.42132880617035,,,,32.505035268528864,"rgba(38, 166, 154, 1.0)",1.235342889263566,32.74382434663882,0.5149790061449525,54.45283601180144,-0.4656375186444066,True,False,True,False,True,1.650686886294384,0.0,0.0,0.0,0.0,0,0.8783527275728309,0.8473219443756704,False,False,False,False,0.17077618468424896,0.14472661061888664,False,False,False,False,-3159.0,-2147.321243216555,False,False,False,False,49.24939188111678,False,False,False,False
2024-08-27 17:00:00+00:00,33.7,33.7,33.7,33.7,0.0,,,,,,,,,,,32.546888499708125,32.546888499708125,32.42132880617035,32.42132880617035,,,,32.505035268528864,"rgba(38, 166, 154, 1.0)",1.2347696943957605,32.74382434663882,0.7743757056080762,57.19344929817773,2.06063747550413,True,False,True,False,True,3.0311547205612968,0.0,0.0,0.0,0.0,0,0.8873239436619712,0.844658594843917,False,False,False,False,0.22405375580675782,0.18439018321282225,False,False,False,False,-3159.0,-2163.0061851821897,False,False,False,False,48.485835417843646,False,False,False,False
2024-08-28 17:00:00+00:00,32.25,33.05,32.25,32.55,44.0,,,,,,,,,,,32.55188075880759,32.55188075880759,32.42555856299212,32.42555856299212,,,,32.50977336020244,"rgba(38, 166, 154, 0.75)",1.233916280542318,32.72801061909229,-0.1442647462387427,53.42462010334707,2.06063747550413,True,False,True,False,False,0.0,0.0,0.0,0.0,0.0,0,0.8754381674411017,0.8584821064644982,False,False,False,False,0.08436171721511578,0.134375950213969,False,False,False,False,-3203.0,-2179.1301202956442,False,False,False,False,48.41628758190809,False,False,False,False
2024-08-29 17:00:00+00:00,32.55,32.55,32.55,32.55,0.0,,,,,,,,,,,32.55188075880759,32.55188075880759,32.42555856299212,32.42555856299212,,,,32.50977336020244,#000000,1.227938101852851,32.72801061909229,-0.14496709469613195,50.91206730679329,6.584817061978342,True,False,False,False,False,0.0,0.0,0.0,0.0,0.0,0,0.891726588974295,0.8641210017356805,False,False,False,False,0.07130980818428295,0.10284287919912598,False,False,False,False,-3203.0,-2195.0040719189674,False,False,False,False,47.665647464359125,False,False,False,False
2024-08-30 17:00:00+00:00,33.21,33.59,33.21,33.59,6.0,,,,,,,,,,,32.56068706387547,32.56068706387547,32.42861383709519,32.42861383709519,,,,32.51666265494871,"rgba(38, 166, 154, 0.75)",1.21782315762316,32.73655203687322,0.7007979424471344,53.469420987340655,6.584817061978342,True,False,True,False,False,2.406562120101622,0.0,0.0,0.0,0.0,0,0.8931648477886267,0.863461065069336,False,False,False,False,0.18349141830120938,0.14316714875016767,False,False,False,False,-3197.0,-2210.538892509371,False,False,False,False,47.019668433903945,False,False,False,False
2024-09-02 17:00:00+00:00,33.59,33.59,33.59,33.59,0.0,,,,,,,,,,,32.56068706387547,32.56068706387547,32.42861383709519,32.42861383709519,,,,32.51666265494871,"rgba(38, 166, 154, 1.0)",1.2137552553211954,32.73655203687322,0.7031466676541271,55.174323441038894,6.584817061978342,True,False,True,False,True,2.406562120101622,0.0,0.0,0.0,0.0,0,0.898903273686814,0.8594870949121791,False,False,False,False,0.2091033487350599,0.17613524874261377,False,False,False,False,-3197.0,-2225.8328631681406,False,False,False,False,46.290681326401554,False,False,False,False
2024-09-03 17:00:00+00:00,32.81,33.07,32.81,33.07,5.0,,,,,,,,,,,32.56406283280086,32.56406283280086,32.42997144721814,32.42997144721814,,,,32.51936570427329,"rgba(38, 166, 154, 1.0)",1.2123310953220185,32.73874669773594,0.2732366624449834,53.78620240211,6.584817061978342,True,False,True,False,True,0.16398104614100362,0.0,0.0,0.0,0.0,0,0.8942015910768469,0.8653325678668086,False,False,False,False,0.12239126008199519,0.14926325441230448,False,False,False,False,-3202.0,-2240.967237382588,False,False,False,False,45.65051572444184,False,False,False,False
2024-09-04 17:00:00+00:00,33.285,33.285,33.285,33.285,0.0,,,,,,,,,,,32.56406283280086,32.56406283280086,32.42997144721814,32.42997144721814,,,,32.51936570427329,"rgba(38, 166, 154, 1.0)",1.2040570419877792,32.73874669773594,0.45367726213555915,53.787121295301276,6.584817061978342,True,False,True,False,True,1.067659379052568,0.0,0.0,0.0,0.0,0,0.8983692966562341,0.8647669247240981,False,False,False,False,0.1681063813466209,0.1586848178794627,False,False,False,False,-3202.0,-2255.866970136346,False,False,False,False,44.942755790729564,False,False,False,False
2024-09-05 17:00:00+00:00,32.65,32.77,32.65,32.77,12.0,,,,,,,,,,,32.567183908045976,32.567183908045976,32.431723438767236,32.431723438767236,,,,32.5220304182864,#000000,1.2030481669043398,32.738830776347996,0.025908541743770244,51.41036756557812,6.584817061978342,False,False,False,False,False,0.0,0.0,0.0,0.0,0.0,0,0.893863468331553,0.869218762835784,False,False,False,False,0.09220636528763218,0.12544559158354746,False,False,False,False,-3214.0,-2270.721745793147,False,False,False,False,44.43201539087329,False,False,False,False
2024-09-06 17:00:00+00:00,32.77,32.86,32.72,32.81,12.0,,,,,,,,,,,32.57142051282052,32.57142051282052,32.433842122238346,32.433842122238346,,,,32.525561049293124,#000000,1.2017657541833717,32.73994307621635,0.0582949909662375,50.02951491428284,5.246780267668292,False,False,False,False,False,0.0,0.0,0.0,0.0,0.0,0,0.8953689232540919,0.8675660113514846,False,False,False,False,0.10268369715510611,0.11406464436932678,False,False,False,False,-3202.0,-2285.1601683389895,False,False,False,False,43.92919344682874,False,False,False,False
2024-09-09 17:00:00+00:00,32.11,33.05,32.11,33.05,4.0,,,,,,,,,,,32.57243119266055,32.57243119266055,32.43442700788669,32.43442700788669,,,,32.526429797735936,#000000,1.199894616243481,32.73976376455373,0.25855290226864036,50.37032302353418,5.246780267668292,False,False,False,False,False,0.09902351130964959,0.0,0.0,0.0,0.0,0,0.891449511400651,0.8657980456026058,False,False,False,False,0.07522263375821696,0.09464363906377188,False,False,False,False,-3198.0,-2299.3127238686175,False,False,False,False,43.310136184087206,False,False,False,False
2024-09-10 17:00:00+00:00,32.69,32.69,32.69,32.69,0.0,,,,,,,,,,,32.57243119266055,32.57243119266055,32.43442700788669,32.43442700788669,,,,32.526429797735936,#000000,1.1971131754996918,32.73976376455373,-0.0415698077443337,48.75937520648819,3.464625834421831,False,True,False,False,False,0.0,0.0,0.0,0.0,0.0,0,0.8974609374999994,0.86376953125,False,False,False,False,0.08959027233152665,0.09211695569764927,False,False,False,False,-3198.0,-2313.24585993267,False,False,False,False,42.638661204488955,False,False,False,False
2024-09-11 17:00:00+00:00,32.44,32.44,32.44,32.44,0.0,,,,,,,,,,,32.57243119266055,32.57243119266055,32.43442700788669,32.43442700788669,,,,32.526429797735936,"rgba(239, 83, 80, 1.0)",1.1916371243109358,32.73976376455373,-0.251556248490554,46.50415467153846,1.104795460768969,False,True,False,True,False,0.0,0.0,0.0,0.0,0.0,0,0.8968903436988538,0.86759410801964,False,False,False,False,0.05698049899318098,0.07454872734541512,False,False,False,False,-3198.0,-2326.9629783833266,False,False,False,False,41.97759668969068,False,False,False,False
2024-09-12 17:00:00+00:00,32.465,33.0,32.465,33.0,1.0,,,,,,,,,,,32.572811704834606,32.572811704834606,32.4346138996139,32.4346138996139,,,,32.52674576976104,#000000,1.1854863790676615,32.740938179906436,0.2185278757038994,48.17082414462445,1.104795460768969,False,True,False,False,False,0.0,0.0,0.0,0.0,0.0,0,0.8924257264120137,0.8610022853411686,False,False,False,False,0.09515097677725373,0.08484985206133443,False,False,False,False,-3197.0,-2340.451924454903,False,False,False,False,41.34228511310632,False,False,False,False
2024-09-13 17:00:00+00:00,33.0,33.4,33.0,33.4,5.0,,,,,,,,,,,32.57806818181818,32.57806818181818,32.43661691542289,32.43661691542289,,,,32.53091775968642,#000000,1.1728565536737627,32.76005154340646,0.5456323320946734,51.16377925343237,-3.417237045460716,False,True,False,False,True,1.6578846294082652,0.0,0.0,0.0,0.0,0,0.9034313725490188,0.8529411764705883,False,False,False,False,0.1567856853539073,0.12081776870762087,False,False,False,False,-3192.0,-2353.654220199788,False,False,False,False,40.778838832282965,False,False,False,False
2024-09-16 17:00:00+00:00,33.335,33.47,33.25,33.34,20.0,,,,,,,,,,,32.600870098039216,32.600870098039216,32.44536003814974,32.44536003814974,,,,32.54903341140939,"rgba(38, 166, 154, 0.5)",1.167986189446921,32.78663444302535,0.47377748296552263,52.79206450259571,-1.8099377433016315,False,False,True,False,True,1.3936114240640158,0.0,0.0,0.0,0.0,0,0.9114224844313333,0.8461979678793838,False,False,False,False,0.17813071248284468,0.1494742405952328,False,False,False,False,-3212.0,-2366.9619067083186,False,False,False,False,40.45668629224757,False,False,False,False
2024-09-17 17:00:00+00:00,33.16,33.64,33.16,33.64,4.0,,,,,,,,,,,32.606011208576994,32.606011208576994,32.447329842931936,32.447329842931936,,,,32.55311742002864,"rgba(38, 166, 154, 1.0)",1.1635965253789107,32.791056859570354,0.7295854893973657,55.31004959689444,0.6268979253203995,True,False,True,False,True,2.6658933346684,0.0,0.0,0.0,0.0,0,0.9032813781788344,0.8473338802296965,False,False,False,False,0.18349141830120846,0.16648282944822063,False,False,False,False,-3208.0,-2380.0012569919104,False,False,False,False,39.8914663497321,False,False,False,False
2024-09-18 17:00:00+00:00,33.17,33.17,32.895,32.895,4.0,,,,,,,,,,,32.60822432170542,32.60822432170542,32.44835471100554,32.44835471100554,,,,32.55493445147213,"rgba(38, 166, 154, 0.5)",1.1517416228329016,32.789858065965234,0.09128951489671357,52.67288646260042,0.6268979253203995,False,False,True,False,False,0.0,0.0,0.0,0.0,0.0,0,0.8970817920263042,0.8430743937525687,False,False,False,False,0.13459061549098963,0.15053672246960514,False,False,False,False,-3212.0,-2392.9004623098654,False,False,False,False,39.335009507100594,False,False,False,False
2024-09-19 17:00:00+00:00,33.49,33.97,33.49,33.79,2.0,,,,,,,,,,,32.611533816425116,32.611533816425116,32.449590254706536,32.449590254706536,,,,32.55755262918559,"rgba(38, 166, 154, 0.75)",1.1423004803410475,32.79323377542289,0.8725954700461227,54.85618668867019,0.6268979253203995,True,False,True,False,False,3.105118215111812,0.0,0.0,0.0,0.0,0,0.9001216051884875,0.82918524523713,False,False,False,False,0.2281480258558713,0.18934237416273822,False,False,False,False,-3210.0,-2405.568672196534,False,False,False,False,38.75617215040136,False,False,False,False
2024-09-20 17:00:00+00:00,33.79,33.81,33.79,33.81,3.0,,,,,,,,,,,32.61669312169312,32.61669312169312,32.4515150078989,32.4515150078989,,,,32.56163375042838,"rgba(38, 166, 154, 1.0)",1.1332554437993674,32.79834079302799,0.892701828618895,56.38810085775723,1.44309181926792,True,False,True,False,True,3.1852325550250526,0.0,0.0,0.0,0.0,0,0.9182850559578666,0.8292462146148784,False,False,False,False,0.23773089221454174,0.21353663318863997,False,False,False,False,-3207.0,-2417.9939641004635,False,False,False,False,38.2018128922556,False,False,False,False
2024-09-23 17:00:00+00:00,34.475,34.475,34.475,34.475,0.0,,,,,,,,,,,32.61669312169312,32.61669312169312,32.4515150078989,32.4515150078989,,,,32.56163375042838,"rgba(38, 166, 154, 1.0)",1.1325332880973737,32.79834079302799,1.4804502654299507,59.756973462341094,4.656537041878892,True,False,True,False,True,5.801455896303516,0.0,0.0,0.0,0.0,0,0.9286947939797677,0.8290155440414507,False,False,False,False,0.3326711813145128,0.2731039072515764,False,False,False,False,-3207.0,-2430.2266158198363,False,False,False,False,37.60953672338342,False,False,False,False
2024-09-24 17:00:00+00:00,34.475,34.475,34.475,34.475,0.0,,,,,,,,,,,32.61669312169312,32.61669312169312,32.4515150078989,32.4515150078989,,,,32.56163375042838,"rgba(38, 166, 154, 1.0)",1.1330624490792702,32.79834079302799,1.4797588679551335,62.00288853206368,6.782404536985055,True,False,True,False,True,5.801455896303516,0.0,0.0,0.0,0.0,0,0.9277198832847015,0.8297624010004165,False,False,False,False,0.3326711813145128,0.3028875442830446,False,False,False,False,-3207.0,-2442.26961402418,False,False,False,False,37.026443130772826,False,False,False,False
2024-09-25 17:00:00+00:00,34.265,34.65,34.265,34.36,36.0,,,,,,,,,,,32.70599222679469,32.70599222679469,32.48462100031066,32.48462100031066,,,,32.63220181796668,"rgba(38, 166, 154, 1.0)",1.1362437999711916,32.87695968285331,1.3052131216771343,62.68842329327719,7.531374734125848,True,False,True,False,True,5.274875433894003,0.0,0.0,0.0,0.0,0,0.9229622266401587,0.8266235917826376,False,False,False,False,0.33014230212322354,0.31651492320313407,False,False,False,False,-3243.0,-2454.6840386129525,False,False,False,False,37.0105292837841,False,False,False,False
2024-09-26 17:00:00+00:00,34.92,34.945,34.82,34.82,12.0,,,,,,,,,,,32.740901934322984,32.740901934322984,32.4978390485017,32.4978390485017,,,,32.65988097238256,"rgba(38, 166, 154, 1.0)",1.1481037048616807,32.90289724019459,1.6697992974740683,64.84046770843722,9.715095329129383,True,False,True,False,True,7.081498563805493,0.0,0.0,0.0,0.0,0,0.9266047505547789,0.8214843428947151,False,False,False,False,0.3428282407627192,0.3296715819829267,False,False,False,False,-3231.0,-2466.7199449910463,False,False,False,False,36.62276913984947,False,False,False,False
2024-09-27 17:00:00+00:00,34.65,34.99,34.65,34.775,11.0,,,,,,,,,,,32.771094858156026,32.771094858156026,32.50953972644844,32.50953972644844,,,,32.6839098142535,"rgba(38, 166, 154, 1.0)",1.1588307636314883,32.923049889586565,1.598119560279778,65.92178085918522,10.91356481507475,True,False,True,False,True,6.869745202706643,0.0,0.0,0.0,0.0,0,0.9273373563693474,0.8178887327436555,False,False,False,False,0.33431907388765014,0.3319953279352884,False,False,False,False,-3242.0,-2478.7397908051385,False,False,False,False,36.225516905123115,False,False,False,False
2024-09-30 17:00:00+00:00,34.9,34.9,34.9,34.9,16.0,,,,,,,,,,,32.81544704861111,32.81544704861111,32.52704424103737,32.52704424103737,,,,32.719312779419866,"rgba(38, 166, 154, 1.0)",1.1729246652152345,32.95100161154192,1.6616569215896178,67.12908059056612,12.275443269608289,True,False,True,False,True,7.364320382479303,0.0,0.0,0.0,0.0,0,0.9266920403772955,0.8184676485189474,False,False,False,False,0.34282824080661856,0.3374117843709535,False,False,False,False,-3226.0,-2490.3252204050586,False,False,False,False,35.91194299961733,False,False,False,False
2024-10-01 17:00:00+00:00,34.9,34.9,34.9,34.9,0.0,,,,,,,,,,,32.81544704861111,32.81544704861111,32.52704424103737,32.52704424103737,,,,32.719312779419866,"rgba(38, 166, 154, 1.0)",1.1895732749925814,32.95100161154192,1.6384012901350984,67.93394707815338,13.292898984092822,True,False,True,False,True,7.364320382479303,0.0,0.0,0.0,0.0,0,0.9310172456885774,0.8192951762059486,False,False,False,False,0.34282824080661856,0.340120012588786,False,False,False,False,-3226.0,-2501.7310309414142,False,False,False,False,35.35516868954574,False,False,False,False
2024-10-02 17:00:00+00:00,35.49,35.49,35.49,35.49,0.0,,,,,,,,,,,32.81544704861111,32.81544704861111,32.52704424103737,32.52704424103737,,,,32.719312779419866,"rgba(38, 166, 154, 1.0)",1.2199438327049952,32.95100161154192,2.0812420378636065,70.64854367221807,16.057734947727724,True,False,True,False,True,9.694202193894615,0.0,0.0,0.0,0.0,0,0.9321120689655168,0.8202088859416444,False,False,False,False,0.3428282421376052,0.3414741273631956,False,False,False,False,-3226.0,-2512.9600072058884,False,False,False,False,34.807026539320226,False,False,False,False
2024-10-03 17:00:00+00:00,35.49,35.49,35.49,35.49,0.0,,,,,,,,,,,32.81544704861111,32.81544704861111,32.52704424103737,32.52704424103737,,,,32.719312779419866,"rgba(38, 166, 154, 1.0)",1.242240195253197,32.95100161154192,2.0438868410151363,72.45827473492785,17.902278449671087,True,False,True,False,True,9.694202193894615,0.0,0.0,0.0,0.0,0,0.9309685994351217,0.8211496926399735,False,False,False,False,0.3428282421376052,0.3421511847504004,False,False,False,False,-3226.0,-2524.0148908150995,False,False,False,False,34.267382717005184,False,False,False,False
2024-10-04 17:00:00+00:00,35.68,35.68,35.68,35.68,0.0,,,,,,,,,,,32.81544704861111,32.81544704861111,32.52704424103737,32.52704424103737,,,,32.719312779419866,"rgba(38, 166, 154, 1.0)",1.2721682491141066,32.95100161154192,2.1451552421296944,74.30595346849577,19.769709122401963,True,False,True,False,True,10.439914937005529,0.0,0.0,0.0,0.0,0,0.9295950674887513,0.8257790368271953,False,False,False,False,0.3428282425124995,0.34248971363145,False,False,False,False,-3226.0,-2534.8983808799817,False,False,False,False,33.736105465578746,False,False,False,False
2024-10-07 17:00:00+00:00,35.525,35.645,35.525,35.625,13.0,,,,,,,,,,,32.861769099445155,32.861769099445155,32.545209281164695,32.545209281164695,,,,32.756249160018335,"rgba(38, 166, 154, 1.0)",1.2947661724965782,32.982007727554624,2.041289252521278,74.8742669115376,20.47528223604766,True,False,True,False,True,10.152703797224277,0.0,0.0,0.0,0.0,0,0.9237817576009991,0.8258225739275301,False,False,False,False,0.33156205495641455,0.33702588429393227,False,False,False,False,-3239.0,-2545.814685052385,False,False,False,False,33.414615458360466,False,False,False,False
2024-10-08 17:00:00+00:00,36.21,36.31,36.21,36.31,3.0,,,,,,,,,,,32.87483630952381,32.87483630952381,32.55029532030895,32.55029532030895,,,,32.76665597978552,"rgba(38, 166, 154, 1.0)",1.3402267456403514,32.99109854351536,2.4763730967769115,77.35916654665135,22.975497483856103,True,False,True,False,True,12.809547440204355,0.0,0.0,0.0,0.0,0,0.9297534337249705,0.8235148105245739,False,False,False,False,0.3428282435273732,0.33992706391065275,False,False,False,False,-3236.0,-2556.5152325709523,False,False,False,False,32.94307103264945,False,False,False,False
2024-10-09 17:00:00+00:00,36.31,36.31,36.17,36.17,100.0,,,,,,,,,,,33.25287141779789,33.25287141779789,32.70963349268434,32.70963349268434,,,,33.0717921094267,"rgba(38, 166, 154, 1.0)",1.3809762899896256,33.21431435952176,2.1402870287515565,77.44880560983525,23.241321395358028,True,False,True,False,True,12.065617229886385,0.0,0.0,0.0,0.0,0,0.9341711051930754,0.8219873501997337,False,False,False,False,0.3406521997054942,0.3402896318080735,False,False,False,False,-3336.0,-2568.600267724891,False,False,False,False,33.98271334222078,False,False,False,False
2024-10-10 17:00:00+00:00,36.7,36.7,36.525,36.525,1.0,,,,,,,,,,,33.256634651600756,33.256634651600756,32.711316246741966,32.711316246741966,,,,33.074861849981154,"rgba(38, 166, 154, 1.0)",1.4307724650855016,33.21639670065737,2.3124594441680912,78.55310460293988,24.516248160654825,True,False,True,False,True,13.415621861833849,0.0,0.0,0.0,0.0,0,0.9356851651551704,0.8225309925950578,False,False,False,False,0.3428282440637851,0.3415589379359293,False,False,False,False,-3335.0,-2580.482434116753,False,False,False,False,33.471353445442155,False,False,False,False
2024-10-11 17:00:00+00:00,36.525,36.745,36.525,36.745,4.0,,,,,,,,,,,33.27200037495313,33.27200037495313,32.71818589187626,32.71818589187626,,,,33.08739554726084,"rgba(38, 166, 154, 1.0)",1.4850444923113042,33.22494407858936,2.3703370098575753,79.85982248147616,25.962970283231854,True,False,True,False,True,14.239825534983815,0.0,0.0,0.0,0.0,0,0.9355833333333328,0.8181666666666666,False,False,False,False,0.3428282440962354,0.3421935910160824,False,False,False,False,-3331.0,-2592.118365370757,False,False,False,False,33.01443323698569,False,False,False,False
2024-10-14 17:00:00+00:00,36.745,36.905,36.745,36.905,133.0,,,,,,,,,,,33.737847358121336,33.737847358121336,32.94358685253519,32.94358685253519,,,,33.47309385625929,"rgba(38, 166, 154, 1.0)",1.544828726038193,33.474333767868984,2.2207421277886055,81.12737285954967,27.349242427613873,True,False,True,False,True,14.837358824065397,0.0,0.0,0.0,0.0,0,0.9352931379080608,0.8163724183877414,False,False,False,False,0.3428282443623555,0.34251091768921893,False,False,False,False,-3198.0,-2601.511879085939,False,False,False,False,34.564597062768854,False,False,False,False
2024-10-15 17:00:00+00:00,38.5,38.5,38.17,38.2,389.0,,,,,,,,,,,34.992834868887314,34.992834868887314,33.679002239509664,33.679002239509664,,,,34.55489065909476,"rgba(38, 166, 154, 1.0)",1.646444919781365,34.182923241936635,2.439848858470652,84.05208689143015,30.208592204021187,True,False,True,False,True,19.356743820913753,0.0,0.0,0.0,0.0,0,0.9376166139368861,0.8157702604039913,False,False,False,False,0.3428282460723063,0.3426695818807626,False,False,False,False,-2809.0,-2604.72874917763,False,False,False,False,40.05971958892748,False,False,False,False
2024-10-16 17:00:00+00:00,38.2,38.2,38.2,38.2,0.0,,,,,,,,,,,34.992834868887314,34.992834868887314,33.679002239509664,33.679002239509664,,,,34.55489065909476,"rgba(38, 166, 154, 1.0)",1.7371851441988606,34.182923241936635,2.3124056589350626,86.00189624601714,32.075327287143,True,False,True,False,True,19.356743820913753,0.0,0.0,0.0,0.0,0,0.9380430369468125,0.8204628501827039,False,False,False,False,0.33160631520101214,0.33713794854088736,False,False,False,False,-2809.0,-2607.895745314411,False,False,False,False,39.43863866506814,False,False,False,False
2024-10-17 17:00:00+00:00,40.5,41.15,40.5,40.9,117.0,,,,,,,,,,,35.441321989528795,35.441321989528795,33.963894170911146,33.963894170911146,,,,34.94884604998958,"rgba(38, 166, 154, 1.0)",1.9377634014502358,34.45710491411412,3.324913186544844,88.99130372698092,34.869689244627665,True,False,True,False,True,20.0,0.0,0.0,0.0,0.0,0,0.9413412167418699,0.8211451688190446,False,False,False,False,0.3428282478998223,0.33998309822035483,False,False,False,False,-2692.0,-2609.199687247521,False,False,False,False,40.641140391191115,False,False,False,False
2024-10-18 17:00:00+00:00,42.25,43.065,41.96,43.065,318.0,,,,,42.69666666666667,,,,,,36.69115926327194,36.69115926327194,34.81495811625293,34.81495811625293,,,42.69666666666667,36.06575888093227,"rgba(38, 166, 154, 1.0)",2.2050654767504616,35.811638066670824,3.2894088678120497,91.50678024098286,37.1736535514969,True,False,True,False,True,20.0,0.0,0.0,0.0,0.0,0,0.9479269309482294,0.8094444023345713,False,False,False,False,0.34282824874203044,0.34140567348119266,False,False,False,False,-2374.0,-2605.5531804684897,False,True,False,False,44.941277749467226,False,True,False,False
2024-10-21 17:00:00+00:00,38.7,39.2,38.7,38.97,19.0,,,,,42.48580613254204,,,,,,36.71423949955317,36.71423949955317,34.83893510054844,34.83893510054844,,,42.48580613254204,36.08913803321826,"rgba(38, 166, 154, 0.75)",2.245527235988811,35.81474822409649,1.405127368457013,80.3525666050489,35.76315740311375,True,False,True,False,False,14.336842731760896,0.0,0.0,0.0,0.0,0,0.9311880476942963,0.8194224967677057,False,False,False,False,0.1510346449482118,0.24622015921470225,False,False,False,False,-2393.0,-2602.2577823216916,False,False,False,False,44.539087396762305,False,False,False,False
2024-10-22 17:00:00+00:00,37.8,37.8,36.52,36.52,100.0,,,,,41.218268497330286,,,,,,36.72606785411366,36.72606785411366,34.90125714567317,34.90125714567317,,,41.218268497330286,36.11779761796683,"rgba(38, 166, 154, 0.75)",2.20980706630019,35.75550091633556,0.34595738936812087,68.82247404892854,25.85922750017332,True,False,True,False,False,6.128957771218406,0.0,0.0,0.0,0.0,0,0.9114648792068143,0.8287948610529255,False,False,False,False,0.05947254352436618,0.15284635136953423,False,False,False,False,-2493.0,-2600.563863215929,False,False,False,False,45.39894650689002,False,False,False,False
2024-10-23 17:00:00+00:00,34.47,35.635,34.47,35.01,45.0,,,,,40.64130359612725,,,,,35.03833333333333,36.68828275290216,36.68828275290216,34.90305709561326,34.90305709561326,,,40.64130359612725,35.829488983687725,"rgba(38, 166, 154, 0.5)",2.1505670213954025,35.762726738675006,-0.3500131505720752,59.18410198241055,17.943966600292498,False,True,True,False,False,1.6973066702368804,0.0,0.0,0.0,0.0,0,0.9029371584699452,0.8499999999999998,False,False,False,False,-0.04717783015699769,0.052834260606268266,False,False,False,False,-2538.0,-2599.593880840488,False,False,False,False,45.39276128972893,False,False,False,False
2024-10-24 17:00:00+00:00,35.99,35.99,35.87,35.87,18.0,,,,,40.47097666666667,,,,,35.28738095238094,36.68137491781724,36.68137491781724,34.9083183357523,34.9083183357523,,,40.47097666666667,35.88961228094193,#000000,2.1194675155683624,35.765563265131306,0.049274987279380796,54.27616628509063,14.279221034637075,False,True,False,False,False,3.952752244938928,0.0,0.0,0.0,0.0,0,0.9072673240578141,0.8422936647305146,False,False,False,False,-0.00278055352530559,0.02502685354048134,False,False,False,False,-2520.0,-2598.3598671840464,False,False,False,False,44.96806731624476,False,False,False,False
2024-10-25 17:00:00+00:00,35.87,35.87,35.67,35.71,121.0,,,,,39.55110842726785,,,,,35.59160326086956,36.62893361253297,36.62893361253297,34.93687792110675,34.93687792110675,,,39.55110842726785,35.94658710176056,#000000,2.0775038621618185,35.710027447648876,-1.3211840119979871e-05,50.772862862634724,11.521767448710179,False,True,False,False,False,3.4942455357470585,0.0,0.0,0.0,0.0,0,0.9057100431965441,0.8442899568034556,False,False,False,False,-0.01086982922375043,0.007078512158365454,False,False,False,False,-2641.0,-2599.020954514526,False,False,False,False,46.14685697025647,False,False,False,False
2024-10-28 17:00:00+00:00,35.71,36.05,35.71,36.05,1.0,,,,,39.545297427652734,,,,,35.593468468468465,36.628611627906984,36.628611627906984,34.93715820951313,34.93715820951313,,,39.545297427652734,35.946962483448885,"rgba(239, 83, 80, 1.0)",2.05282620609549,35.70970938916278,0.16576688753620963,49.11167913982953,10.074089810121059,False,True,False,True,False,4.38348263883606,0.0,0.0,0.0,0.0,0,0.907442362141027,0.8404341377915596,False,False,False,False,-0.005308363339465162,0.0008850744094501461,False,False,False,False,-2640.0,-2599.6562885530598,False,False,False,False,45.44690569939978,False,False,False,False
2024-10-29 17:00:00+00:00,36.05,36.41,35.97,35.99,235.0,,,,,38.60695254764684,,,,,35.889940476190475,36.57882529699511,36.57882529699511,35.01047518849728,35.01047518849728,,,38.60695254764684,36.0145165646695,"rgba(239, 83, 80, 1.0)",2.0469071219197357,35.669149709974164,0.15674882684707345,47.89598333738262,8.67811105500546,False,True,False,True,False,4.206112079518885,0.0,0.0,0.0,0.0,0,0.9113898577944726,0.8372015025489667,False,False,False,False,0.010364213744242881,0.005624644076846513,False,False,False,False,-2875.0,-2603.925183304175,False,False,False,False,48.385713362974975,False,False,False,False
2024-10-30 17:00:00+00:00,35.99,35.99,35.8,35.8,108.0,,,,,38.299894645941286,,,,,35.884498106060605,36.54782925524804,36.54782925524804,35.03403239556692,35.03403239556692,,,38.299894645941286,36.0035472530309,"rgba(239, 83, 80, 1.0)",2.0491545718806643,35.644642564688226,0.07581538134977674,46.712083509309686,7.06593501132695,False,True,False,True,False,3.638355617439476,0.0,0.0,0.0,0.0,0,0.9137188971082715,0.8425689307330193,False,False,False,False,-0.004550014742000771,0.000537314667422871,False,False,False,False,-2983.0,-2609.8023122451955,False,False,False,False,49.30996586897537,False,False,False,False
2024-10-31 17:00:00+00:00,35.78,35.78,35.57,35.57,2.0,,,,,38.29439331265081,,,,,35.88357547169811,36.54710153640615,36.54710153640615,35.034342194955684,35.034342194955684,,,38.29439331265081,36.003030184866525,"rgba(239, 83, 80, 1.0)",2.0501126468720767,35.64405375387944,-0.0361217974985063,45.442892856510674,5.235412585739574,False,True,False,True,False,2.948183282362237,0.0,0.0,0.0,0.0,0,0.9081026333558404,0.8489534098582037,False,False,False,False,-0.01567344197270073,-0.007568063652638929,False,False,False,False,-2985.0,-2615.6193306599985,False,False,False,False,48.576478026045514,False,False,False,False
2024-11-01 17:00:00+00:00,36.49,36.49,36.49,36.49,0.0,,,,,38.29439331265081,,,,,35.88357547169811,36.54710153640615,36.54710153640615,35.034342194955684,35.034342194955684,,,38.29439331265081,36.003030184866525,"rgba(239, 83, 80, 1.0)",2.058266768446223,35.64405375387944,0.41099932189993194,47.02295321659504,5.235412585739574,False,True,False,True,False,5.440002865225857,0.0,0.0,0.0,0.0,0,0.9118200134318333,0.846944257891202,False,False,False,False,0.025535994496923863,0.008983965422142467,False,False,False,False,-2985.0,-2621.346162742789,False,False,False,False,47.82335433571922,False,False,False,False
2024-11-04 17:00:00+00:00,35.995,35.995,35.32,35.61,216.0,,,,,37.81004085657932,,,,,35.81353217158176,36.47496065412518,36.47496065412518,35.06612080103359,35.06612080103359,,,37.81004085657932,35.957393570216425,"rgba(239, 83, 80, 1.0)",2.055732481631791,35.59256699194909,0.008480192927179936,46.05843473925082,4.60699018665256,False,True,False,True,False,2.8133976229106032,0.0,0.0,0.0,0.0,0,0.9057104913678616,0.8486719787516597,False,False,False,False,-0.01655839032370745,-0.003787212450782491,False,False,False,False,-3201.0,-2630.3330439405754,False,False,False,False,50.43074419097939,False,False,False,False
2024-11-05 17:00:00+00:00,35.61,36.29,35.61,35.69,100.0,,,,,37.658309950636536,,,,,35.81941883372734,36.4532023004862,36.4532023004862,35.08497634815516,35.08497634815516,,,37.658309950636536,35.952699945713725,"rgba(239, 83, 80, 1.0)",2.0526496280406596,35.58243241718893,0.05240425903262531,45.642387269398995,3.4739542416774327,False,True,False,True,False,3.0313928905693963,0.0,0.0,0.0,0.0,0,0.9091877496671105,0.8524633821571238,False,False,False,False,-0.0017694413581914154,-0.0027783269044869534,False,False,False,False,-3101.0,-2637.630206050024,False,False,False,False,51.19925978491769,False,False,False,False
2024-11-06 17:00:00+00:00,35.69,36.03,35.69,36.03,1.0,,,,,37.65695353063344,,,,,35.81953364817001,36.45301149834046,36.45301149834046,35.0851730117443,35.0851730117443,,,37.65695353063344,35.95268241414881,"rgba(239, 83, 80, 1.0)",2.0518835052017157,35.582359953067424,0.21816055628780462,46.377950573023284,3.4739542416774327,False,True,False,True,False,3.961741314545506,0.0,0.0,0.0,0.0,0,0.9049460071990401,0.8597520330622582,False,False,False,False,-0.0063195044511160404,-0.004548915677801497,False,False,False,False,-3100.0,-2644.7987299872325,False,False,False,False,50.4209766874771,False,False,False,False
2024-11-07 17:00:00+00:00,36.8,36.8,36.8,36.8,0.0,,,,,37.65695353063344,,,,,35.81953364817001,36.45301149834046,36.45301149834046,35.0851730117443,35.0851730117443,,,37.65695353063344,35.95268241414881,#000000,2.0647384778663715,35.582359953067424,0.5897308835891116,49.00694866010832,3.4739542416774327,False,True,False,False,False,6.0223552041374155,0.0,0.0,0.0,0.0,0,0.9125929861849095,0.8602550478214664,False,False,False,False,0.041225941226575635,0.01833851277438707,False,False,False,False,-3100.0,-2651.856114018438,False,False,False,False,49.63925611867901,False,False,False,False
2024-11-08 17:00:00+00:00,36.8,36.8,36.8,36.8,0.0,,,,,37.65695353063344,,,,,35.81953364817001,36.45301149834046,36.45301149834046,35.0851730117443,35.0851730117443,,,37.65695353063344,35.95268241414881,#000000,2.0764693549344613,35.582359953067424,0.5863992377441104,50.75961405149834,3.4739542416774327,False,True,False,False,True,6.0223552041374155,0.0,0.0,0.0,0.0,0,0.9099462365591398,0.8654569892473117,False,False,False,False,0.041225941226575635,0.029782227000481352,False,False,False,False,-3100.0,-2658.804081242958,False,False,False,False,48.86965524862197,False,False,False,False
2024-11-11 17:00:00+00:00,35.95,35.95,35.95,35.95,0.0,,,,,37.65695353063344,,,,,35.81953364817001,36.45301149834046,36.45301149834046,35.0851730117443,35.0851730117443,,,37.65695353063344,35.95268241414881,#000000,2.077110807421275,35.582359953067424,0.17699587601154612,49.275032156097836,3.4739542416774327,False,True,False,False,True,3.408138950451942,0.0,0.0,0.0,0.0,0,0.9016568679850347,0.8687867450561196,False,False,False,False,-0.0017694413581914154,0.01400639282114497,False,False,False,False,-3100.0,-2665.6443280453927,False,False,False,False,48.11198617499992,False,False,False,False
2024-11-12 17:00:00+00:00,36.58,36.65,36.58,36.65,2.0,,,,,37.6553512182478,,,,,35.82143502159403,36.45313492063493,36.45313492063493,35.08590167809028,35.08590167809028,,,37.6553512182478,35.95340163523855,#000000,2.089450492440611,35.582703428901304,0.510802517197727,50.42645423042386,3.4739542416774327,False,True,False,False,True,5.298021400966903,0.0,0.0,0.0,0.0,0,0.8962982760924763,0.8773219297073364,False,False,False,False,0.03186063938643757,0.02293351610379127,False,False,False,False,-3098.0,-2672.347516757867,False,False,False,False,47.39707166065884,False,False,False,False
2024-11-13 17:00:00+00:00,36.65,36.65,36.65,36.65,0.0,,,,,37.6553512182478,,,,,35.82143502159403,36.45313492063493,36.45313492063493,35.08590167809028,35.08590167809028,,,37.6553512182478,35.95340163523855,#000000,2.0978705054549023,35.582703428901304,0.5087523602260006,51.19406894664121,3.4739542416774327,False,True,False,False,True,5.298021400966903,0.0,0.0,0.0,0.0,0,0.8912577098417804,0.8765084473049072,False,False,False,False,0.03363197491395373,0.028282745508872498,False,False,False,False,-3098.0,-2678.946780063947,False,False,False,False,46.662233340338545,False,False,False,False
2024-11-14 17:00:00+00:00,37.01,37.01,36.825,36.825,1.0,,,,36.88666666666667,37.65475394975395,,,,,35.822688235294116,36.45328892835999,36.45328892835999,35.08632718966603,35.08632718966603,,,37.27071030821031,35.95389832042003,"rgba(38, 166, 154, 0.5)",2.1102904842527903,35.74586871528015,0.511366227906746,52.28048500157066,3.4739542416774327,False,True,True,False,True,5.773717954321253,0.0,0.0,0.0,0.0,0,0.8951255539143279,0.8727675574056668,False,False,False,False,0.04717782509020254,0.03773028529953752,False,False,False,False,-3097.0,-2685.428225334273,False,False,False,False,45.95429173816275,False,False,False,False
2024-11-15 17:00:00+00:00,36.65,36.65,36.65,36.65,0.0,,,,36.88666666666667,37.65475394975395,,,,,35.822688235294116,36.45328892835999,36.45328892835999,35.08632718966603,35.08632718966603,,,37.27071030821031,35.95389832042003,"rgba(38, 166, 154, 0.5)",2.120121550144551,35.74586871528015,0.4264525704472941,52.289373371042814,3.4739542416774327,False,True,True,False,True,5.215099921001851,0.0,0.0,0.0,0.0,0,0.8947368421052632,0.8684547476245029,False,False,False,False,0.03363197491395373,0.035681130106745625,False,False,False,False,-3097.0,-2691.8091830810286,False,False,False,False,45.24182209881139,False,False,False,False
2024-11-18 17:00:00+00:00,36.65,36.85,36.65,36.85,2.0,,,,36.81777777777778,37.653401861908456,,,,,35.82494327073552,36.4535232516862,36.4535232516862,35.08712879861439,35.08712879861439,,,37.23558981984311,35.95477964318057,"rgba(38, 166, 154, 0.5)",2.1176421572839565,35.74196855693388,0.5232382814324317,53.062038297992835,3.4739542416774327,False,True,True,False,True,5.773420483482603,0.0,0.0,0.0,0.0,0,0.8940226609675014,0.8743469706221588,False,False,False,False,0.03869413426188246,0.03718763218431404,False,False,False,False,-3095.0,-2698.0602034983767,False,False,False,False,44.57140625231819,False,False,False,False
2024-11-19 17:00:00+00:00,36.85,36.98,36.85,36.98,6.0,,,,36.89703703703704,37.65008108108108,,,,,35.83271756021755,36.45455012398159,36.45455012398159,35.08974606918238,35.08974606918238,,,37.27355905905906,35.95789096934078,"rgba(38, 166, 154, 0.5)",2.1152740499297598,35.74844116680005,0.5822218795908942,54.09260579594259,0.2891344282615762,False,True,True,False,True,6.138833336519319,0.0,0.0,0.0,0.0,0,0.9049832524437762,0.8716248547405836,False,False,False,False,0.04705115597266027,0.04211939407848715,False,False,False,False,-3089.0,-2704.121285614681,False,False,False,False,43.97339995383263,False,False,False,False
2024-11-20 17:00:00+00:00,36.05,36.3,35.77,35.8,195.0,,,,35.99815359477124,37.428459731543626,,,,,35.85567109844887,36.42238071570577,36.42238071570577,35.1278632093198,35.1278632093198,,,36.71330666315743,35.957073934795055,#000000,2.108887457003395,35.780004642648535,0.009481471988967202,49.94874432513838,3.827092119358362,False,True,False,False,False,2.3568276613696284,0.0,0.0,0.0,0.0,0,0.8976531504270058,0.8737139398829935,False,False,False,False,0.0025277699757143383,0.022323582027100747,False,False,False,False,-3284.0,-2713.111653279569,False,False,False,False,46.31489762896701,False,False,False,False
2024-11-21 17:00:00+00:00,35.8,36.205,35.8,36.205,1.0,,,,35.99850406504065,37.42754862508384,,,,,35.85587444655281,36.422263994700245,36.422263994700245,35.12807559362789,35.12807559362789,,,36.71302634506225,35.9571195073953,#000000,2.1019185787540984,35.78003428732249,0.202179911711614,48.94846277114834,2.8196257219834777,False,True,False,False,False,3.5236446846403595,0.0,0.0,0.0,0.0,0,0.8986088817549494,0.875668806848582,False,False,False,False,0.0008847161949445206,0.011604149111022633,False,False,False,False,-3283.0,-2721.9471315232963,False,False,False,False,45.61234107657992,False,False,False,False
2024-11-22 17:00:00+00:00,36.5,36.755,36.5,36.755,1.0,,,,36.00176375404531,37.427040884718494,,,,,35.85664612954186,36.422346026490075,36.422346026490075,35.12842310870708,35.12842310870708,,,36.714402319381904,35.95744032280727,#000000,2.102559951904175,35.78061114365427,0.4634297611648514,50.4322453687305,2.8196257219834777,False,True,False,False,False,5.079937643324598,0.0,0.0,0.0,0.0,0,0.9044479957384473,0.8757491010787052,False,False,False,False,0.03249323569749821,0.02204869240426042,False,False,False,False,-3282.0,-2730.630121732237,False,False,False,False,44.92067687384225,False,False,False,False
2024-11-25 17:00:00+00:00,36.755,36.755,36.0,36.0,50.0,,,,36.05057291666667,37.38892888024211,,,,,35.874520361990946,36.41956623235614,36.41956623235614,35.14093975187579,35.14093975187579,,,36.71975089845439,35.96364814464475,#000000,2.0912110310957406,35.78861683561405,0.10108169918900557,48.606984405797604,2.4881204420262293,False,True,False,False,False,2.7098563311730928,0.0,0.0,0.0,0.0,0,0.8954373882524338,0.8764320243692467,False,False,False,False,0.01984557432333366,0.02094713336379704,False,False,False,False,-3332.0,-2739.9536857363883,False,False,False,False,44.99942606959663,False,False,False,False
2024-11-26 17:00:00+00:00,36.32,36.94,36.32,36.85,171.0,,,,36.311982825917255,37.320489394823895,,,,,35.98559169278996,36.43453820837191,36.43453820837191,35.19829683698297,35.19829683698297,,,36.816236110370575,36.013241236629185,#000000,2.0732448845592946,35.8478066426204,0.4833936236107668,50.45146106184943,2.4881204420262293,False,True,False,False,True,5.086936086646215,0.0,0.0,0.0,0.0,0,0.8965200865063243,0.8710924700176943,False,False,False,False,0.03261975806322633,0.026783445713511687,False,False,False,False,-3161.0,-2746.481535569933,False,False,False,False,46.95292333983544,False,False,False,False
2024-11-27 17:00:00+00:00,36.57,36.57,36.045,36.045,17.0,,,,36.308460960960964,37.309675337186896,,,,,35.988673627223505,36.433418764067945,36.433418764067945,35.202012121212114,35.202012121212114,,,36.80906814907393,36.01438081914287,#000000,2.0436604965661873,35.8476363763401,0.09657358645994238,48.95719787525446,2.4881204420262293,False,True,False,False,True,2.6203782729586678,0.0,0.0,0.0,0.0,0,0.8928758512310111,0.8785358826610786,False,False,False,False,0.016305540295242893,0.021544493004377288,False,False,False,False,-3178.0,-2753.1717443207867,False,False,False,False,46.488536931465894,False,False,False,False
2024-11-28 17:00:00+00:00,36.045,36.045,36.045,36.045,0.0,,,,36.308460960960964,37.309675337186896,,,,,35.988673627223505,36.433418764067945,36.433418764067945,35.202012121212114,35.202012121212114,,,36.80906814907393,36.01438081914287,"rgba(239, 83, 80, 1.0)",2.024232809848807,35.8476363763401,0.09750045681486845,47.961022417524475,1.8591417458460242,False,True,False,True,False,2.6203782729586678,0.0,0.0,0.0,0.0,0,0.8973479350837843,0.8845494128512994,False,False,False,False,0.0030333273190867385,0.012288910161732013,False,False,False,False,-3178.0,-2759.7582289049606,False,False,False,False,45.76778442090053,False,False,False,False
2024-11-29 17:00:00+00:00,36.61,36.61,36.61,36.61,0.0,,,,36.308460960960964,37.309675337186896,,,,,35.988673627223505,36.433418764067945,36.433418764067945,35.202012121212114,35.202012121212114,,,36.80906814907393,36.01438081914287,#000000,2.002787917239708,35.8476363763401,0.38065119980881934,49.42618654225964,1.8591417458460242,False,True,False,False,False,4.213613066526772,0.0,0.0,0.0,0.0,0,0.8979337487700887,0.8857330272220397,False,False,False,False,0.03160760802770954,0.021948259094720778,False,False,False,False,-3178.0,-2766.2425974490698,False,False,False,False,45.05820636786331,False,False,False,False
2024-12-02 17:00:00+00:00,36.99,36.99,35.78,35.78,34.0,,,,36.29956066945606,37.28796579743008,,,,,35.99366114041697,36.430835864722575,36.430835864722575,35.209097472924185,35.209097472924185,,,36.79376323344307,36.016107585696574,"rgba(239, 83, 80, 1.0)",1.9771979444940853,35.95460712004877,-0.08831038922278803,47.550417524598046,1.4185786881259546,False,True,False,True,False,1.683336221837699,0.0,0.0,0.0,0.0,0,0.888174556789402,0.8871355282810569,False,False,False,False,0.02022489161705477,0.021086575355887774,False,False,False,False,-3212.0,-2773.1535649304797,False,False,False,False,44.88676130789644,False,False,False,False
2024-12-03 17:00:00+00:00,36.205,36.53,35.2,35.79,33.0,,,,36.26988258317025,37.26137544054906,,,,,35.9899325980392,36.42497192982457,36.42497192982457,35.21348797975538,35.21348797975538,,,36.76562901185966,36.01334110936093,"rgba(239, 83, 80, 1.0)",1.9424839721299902,35.937282056241244,-0.07582150398890862,46.34131626506935,0.18113199991185525,False,True,False,True,False,1.712116582348056,0.0,0.0,0.0,0.0,0,0.8783464315379211,0.89431985176666,False,False,False,False,-0.006066718042523076,0.007509928656682349,False,False,False,False,-3179.0,-2779.445757722255,False,False,False,False,44.7024704349058,False,False,False,False
2024-12-04 17:00:00+00:00,33.39,34.98,33.39,34.93,94.0,,,,35.98453443526171,37.12079587519831,,,,34.43333333333334,35.889299633195776,36.37021497513894,36.37021497513894,35.19832368348497,35.19832368348497,,,36.55266515523001,35.65227732005839,"rgba(239, 83, 80, 1.0)",1.909025150967621,35.79028741265914,-0.4506422622159217,42.955677712907374,-3.0376764007862818,False,True,False,True,False,0.0,0.0,0.0,0.0,0.0,0,0.8542274052478137,0.9069536629241358,False,False,False,False,-0.09125206148072916,-0.04187106641202341,False,False,False,False,-3273.0,-2787.0977614784993,False,False,False,False,45.46677321886075,False,False,False,False
2024-12-05 17:00:00+00:00,34.93,35.9,34.93,35.9,122.0,,,,35.916088950022925,37.02721228680245,,,,35.079104938271605,35.8650983502538,36.34287442342089,36.34287442342089,35.20763345434987,35.20763345434987,,,36.47165061841269,35.767517117943406,"rgba(239, 83, 80, 1.0)",1.8852945429066073,35.819006090008415,0.04296087860452475,44.58527998227338,-3.0376764007862818,False,True,False,True,False,1.9570415847215052,0.0,0.0,0.0,0.0,0,0.8851929998758846,0.895432543130197,False,False,False,False,-0.028824528025618086,-0.035347797218820746,False,False,False,False,-3151.0,-2792.739656649375,False,False,False,False,46.653334874382296,False,False,False,False
2024-12-06 17:00:00+00:00,36.48,36.86,36.48,36.86,9.0,,,,35.92608242753623,37.02590422024399,,,,35.14527407407408,35.87002839116718,36.34386431924884,36.34386431924884,35.210397959868466,35.210397959868466,,,36.47599332389011,35.78268581272148,#000000,1.8802731064807778,35.82831858236078,0.5486870040757916,48.61056922512737,-5.813484851486052,False,True,False,False,True,4.582028791198262,0.0,0.0,0.0,0.0,1,0.8958191390523386,0.8909259832765557,False,False,False,False,0.034644260660917234,-0.00035176827895175636,False,False,False,False,-3142.0,-2798.1545456935705,False,False,False,False,46.06956224067094,False,False,False,False
2024-12-09 17:00:00+00:00,36.12,36.12,36.12,36.12,0.0,,,,35.92608242753623,37.02590422024399,,,,35.14527407407408,35.87002839116718,36.34386431924884,36.34386431924884,35.210397959868466,35.210397959868466,,,36.47599332389011,35.78268581272148,#000000,1.8656398752556889,35.82831858236078,0.15634390190081168,48.87934991730884,-5.591703266665142,False,True,False,False,True,2.394306165136662,0.0,0.0,0.0,0.0,1,0.8912289395441034,0.8909192269573832,False,False,False,False,0.006825074667752996,0.0032366531944006197,False,False,False,False,-3142.0,-2803.485482969639,False,False,False,False,45.35530546174581,False,False,False,False
2024-12-10 17:00:00+00:00,36.12,36.12,36.12,36.12,0.0,,,,35.92608242753623,37.02590422024399,,,,35.14527407407408,35.87002839116718,36.34386431924884,36.34386431924884,35.210397959868466,35.210397959868466,,,36.47599332389011,35.78268581272148,#000000,1.8548352978046057,35.82831858236078,0.15725461877097868,49.05853704542983,-5.281672152708055,False,True,False,False,True,2.3943061651366513,0.0,0.0,0.0,0.0,1,0.8856541129831519,0.8872646184340929,False,False,False,False,0.006825074667752996,0.005030863931076808,False,False,False,False,-3142.0,-2808.733770055381,False,False,False,False,44.652122431331144,False,False,False,False
2024-12-11 17:00:00+00:00,36.12,36.25,36.12,36.22,184.0,,,,35.98019927536232,36.956738440616505,,,,35.61827220863896,35.90400320331637,36.3366108730584,36.3366108730584,35.24562868051511,35.24562868051511,,,36.46846885798941,35.88822516771745,#000000,1.82300600681973,35.887478015480596,0.18240312060161223,49.53879840749213,-4.592088407991369,False,True,False,False,True,2.6740673274262754,0.0,0.0,0.0,0.0,1,0.8858379715522575,0.885837971552257,False,False,False,False,0.010111410535770774,0.007571137233423791,False,False,False,False,-2958.0,-2811.0479751708012,False,False,False,False,46.8125546416981,False,False,False,False
2024-12-12 17:00:00+00:00,36.73,36.73,36.45,36.45,97.0,,,,36.03391019337922,36.93932624113476,,,,35.79560606060606,35.937237406216504,36.34184503610895,36.34184503610895,35.269614456300815,35.269614456300815,,,36.48661821725699,35.93722959906826,#000000,1.7904618408677464,35.92250545410417,0.2946136766814222,50.72464252554576,-3.225626904224953,False,True,False,False,True,3.322258062662492,0.0,0.0,0.0,0.0,1,0.8901897954153317,0.8824254375154053,False,False,False,False,0.030595522727198947,0.01908332998031137,False,False,False,False,-2861.0,-2811.822425168153,False,False,False,False,47.590654569733786,False,False,False,False
2024-12-13 17:00:00+00:00,36.45,36.45,36.45,36.45,0.0,,,,36.03391019337922,36.93932624113476,,,,35.79560606060606,35.937237406216504,36.34184503610895,36.34184503610895,35.269614456300815,35.269614456300815,,,36.48661821725699,35.93722959906826,#000000,1.7765772284504169,35.92250545410417,0.2969161922422762,51.51520527091485,-2.2405145293457664,False,True,False,False,True,3.322258062662492,0.0,0.0,0.0,0.0,1,0.8927973199329986,0.8857869594888015,False,False,False,False,0.023512563627474743,0.021297946803893054,False,False,False,False,-2861.0,-2812.584868188802,False,False,False,False,46.852814964001475,False,False,False,False
2024-12-16 17:00:00+00:00,36.45,36.45,35.925,35.925,100.0,,,,36.039826917338104,36.904397974753785,,,,35.84583608360836,35.94551627670396,36.335692783854846,36.335692783854846,35.28514148591374,35.28514148591374,,,36.47211244604594,35.94957588278716,#000000,1.759840804634775,35.92832312348952,-0.0018883091474925938,49.71279536471117,-2.2405145293457664,False,True,False,False,False,1.6887556381782218,0.0,0.0,0.0,0.0,1,0.8851701183431955,0.8816568047337273,False,False,False,False,0.010237811976439144,0.0157678793901661,False,False,False,False,-2961.0,-2814.8858779843245,False,False,False,False,47.67680232890068,False,False,False,False
2024-12-17 17:00:00+00:00,35.925,36.0,35.925,36.0,159.0,,,,36.03174895506792,36.84671870934166,,,,35.87268191721133,35.94772235294117,36.32167074164631,36.32167074164631,35.30505931844319,35.30505931844319,,,36.43923383220479,35.95376101437766,#000000,1.7327353005065536,35.92600971928826,0.04270143321378039,48.88330405053088,-2.2405145293457664,False,True,False,False,False,1.9109651752921266,0.0,0.0,0.0,0.0,0,0.8840769087175658,0.8945927446954136,False,False,False,False,-0.001137498222219883,0.007315190583973109,False,False,False,False,-2802.0,-2814.686096930304,False,False,False,False,49.402743378065004,False,False,False,False
2024-12-18 17:00:00+00:00,36.15,36.15,36.15,36.15,0.0,,,,36.03174895506792,36.84671870934166,,,,35.87268191721133,35.94772235294117,36.32167074164631,36.32167074164631,35.30505931844319,35.30505931844319,,,36.43923383220479,35.95376101437766,#000000,1.709076848967181,35.92600971928826,0.13105922115035337,49.11371328246723,-2.2405145293457664,False,True,False,False,False,2.360299986089842,0.0,0.0,0.0,0.0,0,0.8882430151884496,0.8912432027001685,False,False,False,False,0.008341822453098358,0.007828506518535734,False,False,False,False,-2802.0,-2814.4894132569657,False,False,False,False,48.63680937220353,False,False,False,False
2024-12-19 17:00:00+00:00,36.43,36.43,34.24,34.24,100.0,,,,35.95458696705426,36.77621838216879,,,,35.768325626204245,35.903779775280896,36.28941129673828,36.28941129673828,35.2990835859937,35.2990835859937,,,36.36540267461153,35.91000231619108,"rgba(239, 83, 80, 1.0)",1.6822138405700144,35.88330231932311,-0.976868861551083,42.831383657324324,-3.4611050179937806,False,True,False,True,False,0.0,0.0,0.0,0.0,0.0,0,0.8714329738058556,0.8938674884437594,False,False,False,False,-0.03287281099170595,-0.012522152236585107,False,False,True,False,-2902.0,-2815.8461665398036,False,False,True,False,49.43313790906859,False,False,False,False
2024-12-20 17:00:00+00:00,34.24,35.2,34.24,34.97,90.0,,,,35.88390973169623,36.71169815891473,,,,35.67738394415358,35.860997840172786,36.258161993769484,36.258161993769484,35.29125182844772,35.29125182844772,,,36.297803945305475,35.86919152006261,"rgba(239, 83, 80, 1.0)",1.6483460506527792,35.84341848399423,-0.5298756797144246,41.97736966904013,-4.142455811734855,False,True,False,True,False,0.0,0.0,0.0,0.0,0.0,0,0.8680712929503277,0.9095975990690263,False,False,False,False,-0.06403991219640076,-0.038281032216492934,False,False,False,False,-2812.0,-2815.7865360508144,False,False,False,False,50.062081507377606,False,False,False,False
2024-12-23 17:00:00+00:00,34.97,34.97,34.97,34.97,0.0,,,,35.88390973169623,36.71169815891473,,,,35.67738394415358,35.860997840172786,36.258161993769484,36.258161993769484,35.29125182844772,35.29125182844772,,,36.297803945305475,35.86919152006261,"rgba(239, 83, 80, 1.0)",1.619133952690965,35.84341848399423,-0.5394355930481394,41.408027010184,-4.69956674096678,False,True,False,True,False,0.0,0.0,0.0,0.0,0.0,0,0.8820553944852262,0.911788291900561,False,False,False,False,-0.05135878424155485,-0.04481990822902389,False,False,False,False,-2812.0,-2815.7278300655307,False,False,False,False,49.28592520493764,False,False,False,False
2024-12-24 17:00:00+00:00,35.17,35.17,35.17,35.17,0.0,,,,35.88390973169623,36.71169815891473,,,,35.67738394415358,35.860997840172786,36.258161993769484,36.258161993769484,35.29125182844772,35.29125182844772,,,36.297803945305475,35.86919152006261,"rgba(239, 83, 80, 1.0)",1.5782829134711132,35.84341848399423,-0.42667792842867347,41.971832966464675,-4.69956674096678,False,True,False,True,False,0.0,0.0,0.0,0.0,0.0,0,0.8802099413399199,0.9108366779870327,False,False,False,False,-0.04122594629070722,-0.043022927259865555,False,False,False,False,-2812.0,-2815.6700342505615,False,False,False,False,48.521802333543256,False,False,False,False
2024-12-25 17:00:00+00:00,35.17,35.17,35.17,35.17,0.0,,,,35.88390973169623,36.71169815891473,,,,35.67738394415358,35.860997840172786,36.258161993769484,36.258161993769484,35.29125182844772,35.29125182844772,,,36.297803945305475,35.86919152006261,"rgba(239, 83, 80, 1.0)",1.5282036206952971,35.84341848399423,-0.44066018093049414,42.347703603985124,-4.69956674096678,False,True,False,True,False,0.0,0.0,0.0,0.0,0.0,0,0.8768755788823713,0.9108366779870327,False,False,False,False,-0.04122594629070722,-0.04212443677528639,False,False,False,False,-2812.0,-2815.613134494739,False,False,False,False,47.769526328372045,False,False,False,False
2024-12-26 17:00:00+00:00,35.17,35.17,35.17,35.17,0.0,,,,35.88390973169623,36.71169815891473,,,,35.67738394415358,35.860997840172786,36.258161993769484,36.258161993769484,35.29125182844772,35.29125182844772,,,36.297803945305475,35.86919152006261,"rgba(239, 83, 80, 1.0)",1.4920634541973272,35.84341848399423,-0.4513336762587615,42.598284028998755,-4.69956674096678,False,True,False,True,False,0.0,0.0,0.0,0.0,0.0,0,0.8817801635353603,0.9098682978590596,False,False,False,False,-0.04122594629070722,-0.04167519153299681,False,False,False,False,-2812.0,-2815.5571169056734,False,False,False,False,47.02891351707945,False,False,False,False
2024-12-27 17:00:00+00:00,34.01,35.175,34.01,35.175,1.0,,,,35.883161781413314,36.7109989102797,,,34.78666666666667,35.67645223152023,35.86053396660909,36.25781826676011,36.25781826676011,35.29116327366327,35.29116327366327,,,36.29708034584651,35.68840877866325,"rgba(239, 83, 80, 1.0)",1.4647259436802498,35.827565014437454,-0.4455202130152969,42.79727257400157,-4.69956674096678,False,True,False,True,False,0.0,0.0,0.0,0.0,0.0,0,0.8691399040236253,0.9050079980312536,False,False,False,False,-0.07051496006508251,-0.05609507579903966,False,False,False,False,-2811.0,-2815.486463930392,False,False,False,False,46.31528695092317,False,False,False,False
2024-12-30 17:00:00+00:00,35.71,35.71,35.425,35.425,54.0,,,,35.87026846373001,36.68808692554329,,,35.50666666666667,35.66808745874588,35.852774964838254,36.24862745098039,36.24862745098039,35.2933116017617,35.2933116017617,,,36.279177694636644,35.80301593232888,"rgba(239, 83, 80, 0.75)",1.4333098374357154,35.86484965595845,-0.3068768834695044,44.56809706600929,-4.69956674096678,False,True,False,True,True,0.25906844247075966,0.0,0.0,0.0,0.0,0,0.8833025261860754,0.9013555144793589,False,False,False,False,-0.021109993179615018,-0.038602534489327336,False,False,False,False,-2757.0,-2814.57969704775,False,False,False,False,46.434429788893354,False,False,False,False
2024-12-31 17:00:00+00:00,35.425,35.61,35.425,35.61,47.0,,,,35.86061862244898,36.669317332398975,,,35.5258660130719,35.662762535477775,35.84685491656323,36.24111630914347,36.24111630914347,35.29537851353681,35.29537851353681,,,36.26496797742398,35.802182432822775,"rgba(239, 83, 80, 0.75)",1.4070628631659663,35.86012299368899,-0.17776248683459664,46.91073347336186,-6.144420979677832,False,True,False,True,True,0.8546277685111363,0.0,0.0,0.0,0.0,0,0.8835679596729578,0.9028093686604781,False,False,False,False,-0.02363902730392705,-0.031120780896627193,False,False,False,False,-2710.0,-2812.9583063958466,False,False,False,False,46.443198319298105,False,False,False,False
2025-01-01 17:00:00+00:00,35.61,35.61,35.61,35.61,0.0,,,,35.86061862244898,36.669317332398975,,,35.5258660130719,35.662762535477775,35.84685491656323,36.24111630914347,36.24111630914347,35.29537851353681,35.29537851353681,,,36.26496797742398,35.802182432822775,#000000,1.359211609058024,35.86012299368899,-0.18402064257112472,48.47249107826357,-4.641411771049668,False,False,False,False,True,0.8546277685111363,0.0,0.0,0.0,0.0,0,0.9087850704582966,0.9055477973847909,False,False,False,False,-0.018960527711988966,-0.02504065430430808,False,False,False,False,-2710.0,-2811.362053583508,False,False,False,False,45.723148732952396,False,False,False,False
2025-01-02 17:00:00+00:00,35.61,35.61,35.61,35.61,0.0,,,,35.86061862244898,36.669317332398975,,,35.5258660130719,35.662762535477775,35.84685491656323,36.24111630914347,36.24111630914347,35.29537851353681,35.29537851353681,,,36.26496797742398,35.802182432822775,#000000,1.3338842487971334,35.86012299368899,-0.187514766678252,49.513662814864716,-3.617400067751184,False,False,False,False,True,0.8546277685111363,0.0,0.0,0.0,0.0,0,0.91216476324907,0.8759784421917103,False,False,False,False,-0.018960527711988966,-0.022000591008148523,False,False,False,False,-2710.0,-2809.790548876787,False,False,False,False,45.014262706084914,False,False,False,False
2025-01-03 17:00:00+00:00,35.61,35.61,35.5,35.5,3.0,,,,35.86000000000001,36.668127989732824,,,35.5261746031746,35.66240566037737,35.84647038567493,36.2406343595591,36.2406343595591,35.295503274732845,35.295503274732845,,,36.26406399486642,35.80197044051299,#000000,1.3087345170186115,35.859760042287775,-0.2748915365259359,49.282180039870944,-3.617400067751184,False,False,False,False,True,0.47469163367783196,0.0,0.0,0.0,0.0,0,0.9113033374217291,0.8752178684397389,False,False,False,False,-0.02882415741356764,-0.025412374210858082,False,False,False,False,-2713.0,-2808.2899202120307,False,False,False,False,44.36287878816111,False,False,False,False
2025-01-06 17:00:00+00:00,35.5,35.5,35.5,35.5,0.0,,,,35.86000000000001,36.668127989732824,,,35.5261746031746,35.66240566037737,35.84647038567493,36.2406343595591,36.2406343595591,35.295503274732845,35.295503274732845,,,36.26406399486642,35.80197044051299,#000000,1.2966057559977084,35.859760042287775,-0.27746293784647563,49.12785818987509,-3.617400067751184,False,False,False,False,True,0.47469163367783196,0.0,0.0,0.0,0.0,0,0.9117359253702135,0.8834235762280642,False,False,False,False,-0.03697422573583026,-0.03119329997334417,False,False,False,False,-2713.0,-2806.812557107968,False,False,False,False,43.67508221780202,False,False,False,False
2025-01-07 17:00:00+00:00,35.5,35.5,35.5,35.5,0.0,,,,35.86000000000001,36.668127989732824,,,35.5261746031746,35.66240566037737,35.84647038567493,36.2406343595591,36.2406343595591,35.295503274732845,35.295503274732845,,,36.26406399486642,35.80197044051299,#000000,1.2842150650624045,35.859760042287775,-0.28014002644509756,49.02497695654453,-3.617400067751184,False,False,False,False,True,0.47469163367783196,0.0,0.0,0.0,0.0,0,0.9090068063173201,0.8928170224013743,False,False,False,False,-0.03697422573583026,-0.03408376285458721,False,False,False,False,-2713.0,-2805.358098858232,False,False,False,False,42.99794916016168,False,False,False,False
2025-01-08 17:00:00+00:00,35.5,35.5,35.1,35.1,1.0,,,,35.859601357082276,36.66762596221134,,,35.52341194968553,35.6620012566761,35.84621712790858,36.240404696762425,36.240404696762425,35.29549256131885,35.29549256131885,,,36.26361365964681,35.801322048185654,"rgba(239, 83, 80, 1.0)",1.2730814323260062,35.85935242021066,-0.59646806632257,45.41012217135277,-1.8039318443317285,False,True,False,True,False,0.0,0.0,0.0,0.0,0.0,0,0.9115948762195533,0.8916838123050373,False,False,False,False,-0.07149170501250221,-0.05278773393354471,False,False,False,False,-2714.0,-2803.9416942247713,False,False,False,False,42.34681816543049,False,False,False,False
2025-01-09 17:00:00+00:00,35.1,35.1,35.1,35.1,0.0,,,,35.859601357082276,36.66762596221134,,,35.52341194968553,35.6620012566761,35.84621712790858,36.240404696762425,36.240404696762425,35.29549256131885,35.29549256131885,,,36.26361365964681,35.801322048185654,"rgba(239, 83, 80, 1.0)",1.2695086550414405,35.85935242021066,-0.5981467059678086,43.000218981224926,-4.00718258053265,False,True,False,True,False,0.0,0.0,0.0,0.0,0.0,0,0.9042068595927122,0.9010584137191854,False,False,False,False,-0.12998556716120382,-0.09138665054737427,False,False,False,False,-2714.0,-2802.547249353069,False,False,False,False,41.69027834891219,False,False,False,False
2025-01-10 17:00:00+00:00,35.1,35.1,35.1,35.1,0.0,,,,35.859601357082276,36.66762596221134,,,35.52341194968553,35.6620012566761,35.84621712790858,36.240404696762425,36.240404696762425,35.29549256131885,35.29549256131885,,,36.26361365964681,35.801322048185654,"rgba(239, 83, 80, 1.0)",1.2652569336336434,35.85935242021066,-0.6001566954704649,41.39361685447303,-5.440570861625822,False,True,False,True,False,0.0,0.0,0.0,0.0,0.0,0,0.8982508677601584,0.90301504117607,False,False,False,False,-0.1357602450163009,-0.11357344778183759,False,False,False,False,-2714.0,-2801.174423781704,False,False,False,False,41.04391744427789,False,False,False,False
2025-01-13 17:00:00+00:00,35.1,35.155,35.1,35.155,50.0,,,,35.83731607069462,36.641302728106375,,,35.399455128205126,35.638358835883594,35.83185957102388,36.22796400661257,36.22796400661257,35.29413577082977,35.29413577082977,,,36.2393093994005,35.76995621986125,"rgba(239, 83, 80, 1.0)",1.2621461238056946,35.83847614711946,-0.5415190319315808,41.16573332483936,-5.661441668430591,False,True,False,True,False,0.0,0.0,0.0,0.0,0.0,0,0.8935070306038051,0.9143920595533496,False,False,False,False,-0.13400379763899584,-0.12378862271041671,False,False,False,False,-2664.0,-2799.047688529274,False,False,False,False,41.18277143738986,False,False,False,False
2025-01-14 17:00:00+00:00,35.155,35.155,34.65,34.65,100.0,,,,35.77814169570267,36.58069869237589,,,35.17245442708334,35.570644095788616,35.79243809153377,36.196887492651385,36.196887492651385,35.2861431211154,35.2861431211154,,,36.17942019403928,35.70257578680398,"rgba(239, 83, 80, 1.0)",1.2658701561582666,35.77528752917295,-0.8889438807752893,36.982233230320716,-9.549016611156077,False,True,False,True,False,0.0,0.0,0.0,0.0,0.0,0,0.8783345970910597,0.9168677190321911,False,False,False,False,-0.14839989907761122,-0.13609426089401397,False,False,False,False,-2764.0,-2798.504313513316,False,False,False,False,42.094666453864434,False,False,False,False
2025-01-15 17:00:00+00:00,34.65,35.34,34.65,35.0,73.0,,,,35.74636025998144,36.54316726171157,,,35.13344984802432,35.5380114226376,35.77046709531013,36.17787770304477,36.17787770304477,35.28263635357893,35.28263635357893,,,36.1447637608465,35.68005335427342,"rgba(239, 83, 80, 0.75)",1.2706651198670518,35.75466914882196,-0.5939166323389131,38.668543361214674,-9.549016611156077,False,True,False,True,True,0.0,0.0,0.0,0.0,0.0,0,0.8816576180331251,0.9145763177788466,False,False,False,False,-0.14247444137759074,-0.13928435113580234,False,False,False,False,-2691.0,-2796.837579970474,False,False,False,False,42.57381891194405,False,False,False,False
2025-01-16 17:00:00+00:00,35.0,35.2,35.0,35.2,4.0,,,,35.74499722067816,36.54133927606699,,,35.13344844844845,35.5367546583851,35.76950465760322,36.17697196329215,36.17697196329215,35.282537313432826,35.282537313432826,,,36.143168248372575,35.67936483407565,"rgba(239, 83, 80, 0.75)",1.2731706784938457,35.75459106290812,-0.4355983626360251,41.87667443948622,-12.124975786756956,False,True,False,True,True,0.0,0.0,0.0,0.0,0.0,0,0.8841066410801182,0.9164553491878554,False,False,False,False,-0.1357602450163009,-0.13752229807605162,False,False,False,False,-2687.0,-2795.1346717538777,False,False,False,False,41.975775207882904,False,False,False,False
2025-01-17 17:00:00+00:00,35.11,35.8,35.11,35.8,18.0,,,,35.74326362135388,36.535704694381785,,,35.155835707502376,35.53721286370598,35.7681576644161,36.17461275462463,36.17461275462463,35.28339285714285,35.28339285714285,,,36.139484157867834,35.68230410033609,#000000,1.2726393550129709,35.765056940262824,0.02745715791322315,48.61541586117105,-6.100763755038173,True,False,False,False,True,1.781576218469251,0.0,0.0,0.0,0.0,0,0.8868349249658938,0.9126875852660298,False,False,False,False,-0.1131460921623838,-0.12533419511921773,False,False,False,False,-2669.0,-2793.179095447616,False,False,False,False,41.60405776279945,False,False,False,False
2025-01-20 17:00:00+00:00,35.8,35.8,35.8,35.8,0.0,,,,35.74326362135388,36.535704694381785,,,35.155835707502376,35.53721286370598,35.7681576644161,36.17461275462463,36.17461275462463,35.28339285714285,35.28339285714285,,,36.139484157867834,35.68230410033609,"rgba(38, 166, 154, 1.0)",1.2718093198061762,35.765056940262824,0.027475077586708457,53.10791014229427,-2.3261705269571635,True,False,True,False,True,1.781576218469251,0.0,0.0,0.0,0.0,0,0.8960043787629998,0.910645867542419,False,False,False,False,-0.09127904045266405,-0.10830661778594089,False,False,False,False,-2669.0,-2791.2538381538548,False,False,False,False,40.959033611438215,False,False,False,False
2025-01-21 17:00:00+00:00,35.7,37.2,35.7,36.7,40.0,,,,35.76028181654999,36.535674514794785,,,35.29675618073316,35.56681525507678,35.77946846513919,36.177684649967894,36.177684649967894,35.29160534384581,35.29160534384581,,,36.147978165672384,35.715002424121785,"rgba(38, 166, 154, 1.0)",1.273226577997342,35.91424662952204,0.6171355389972099,60.35209285582025,3.9515004680392565,True,False,True,False,True,5.066607681729298,0.0,0.0,0.0,0.0,0,0.8960302457466921,0.8969754253308125,False,False,False,False,-0.05029897136321713,-0.079302794574579,False,False,False,False,-2629.0,-2788.738274771624,False,False,False,False,40.944164873276385,False,False,False,False
2025-01-22 17:00:00+00:00,36.7,36.7,34.95,35.25,56.0,,,,35.75656560376372,36.5198786078983,,,35.33892244593587,35.5694721825963,35.7765055515327,36.17123580847614,36.17123580847614,35.29472005208333,35.29472005208333,,,36.138222105831005,35.72034864151674,"rgba(38, 166, 154, 0.75)",1.2776059149337784,35.88674643309815,-0.4983903296433608,55.73431535808081,3.9515004680392565,True,False,True,False,False,0.0,0.0,0.0,0.0,0.0,0,0.8816778789077963,0.9059490832344015,False,False,False,False,-0.08969809701077044,-0.08450044579267472,False,False,False,False,-2685.0,-2787.1299294263276,False,False,False,False,41.17758867369071,False,False,False,False
2025-01-23 17:00:00+00:00,35.25,36.415,35.25,36.39,7.0,,,,35.75751996527777,36.518783530879595,,,35.34939794419971,35.57170215282708,35.777116889370404,36.171009716941285,36.171009716941285,35.295543543055324,35.295543543055324,,,36.138151748078684,35.72262999388918,"rgba(38, 166, 154, 0.75)",1.2771699429061765,35.889736045119584,0.39169725036127573,57.13042244780351,3.9515004680392565,True,False,True,False,False,3.5065356032282544,0.0,0.0,0.0,0.0,0,0.8909150757077027,0.9183015141540487,False,False,False,False,-0.08922390152191598,-0.08686217365729534,False,False,False,False,-2678.0,-2785.437992535997,False,False,False,False,40.64770357797457,False,False,False,False
2025-01-24 17:00:00+00:00,36.39,36.77,36.05,36.215,26.0,,,,35.76536913326481,36.51738551980198,,,35.40332638888889,35.585713124274115,35.782399522957654,36.17196008403362,36.17196008403362,35.299960876369326,35.299960876369326,,,36.141377326533394,35.735886680092875,"rgba(38, 166, 154, 0.75)",1.2753056584687554,35.91118112495233,0.23823220184913685,57.231601434850134,3.9515004680392565,True,False,True,False,False,2.8694479477747556,0.0,0.0,0.0,0.0,0,0.8967061923583667,0.9226613965744398,False,False,False,False,-0.05281455697813185,-0.06983836531771359,False,False,False,False,-2704.0,-2784.1753880005554,False,False,False,False,40.420607398471084,False,False,False,False
2025-01-27 17:00:00+00:00,36.43,36.43,35.88,35.88,198.0,,,,35.79288634950248,36.4911749271137,,,35.59607177974435,35.64362420902226,35.80098451943422,36.16762202501009,36.16762202501009,35.323670326797384,35.323670326797384,,,36.142030638308086,35.78326581416973,"rgba(38, 166, 154, 0.75)",1.2725323125509977,35.957428526101694,-0.06084601965546424,55.72731410903053,3.9515004680392565,True,False,True,False,False,1.654351162902934,0.0,0.0,0.0,0.0,0,0.8968107538218242,0.927121771217712,False,False,False,False,-0.06886847474971634,-0.06935342003371497,False,False,False,False,-2902.0,-2786.002126171089,False,False,False,False,42.86369875663432,False,False,False,False
2025-01-28 17:00:00+00:00,36.15,36.15,35.75,35.75,81.0,,,,35.796179026217224,36.47715180860153,,,35.62672815107598,35.65495235316998,35.80315441335935,36.16305219289542,36.16305219289542,35.33069212102436,35.33069212102436,,,36.136665417409375,35.79027190407009,"rgba(38, 166, 154, 0.75)",1.2499375912348134,35.95828269799678,-0.16663447795902883,54.11641219734399,3.9515004680392565,True,False,True,False,False,1.183614720849814,0.0,0.0,0.0,0.0,0,0.8950975224037958,0.9360832894043225,False,False,False,False,-0.08179992417522904,-0.075576672104472,False,False,False,False,-2983.0,-2789.0563567730874,False,False,False,False,43.45495924102759,False,False,False,False
2025-01-29 17:00:00+00:00,35.97,36.475,35.79,35.79,101.0,,,,35.80582545141874,36.46432216685123,,,35.672718992248065,35.67517355371902,35.80999947506561,36.160208495460445,36.160208495460445,35.34128412383711,35.34128412383711,,,36.13507380913499,35.80326552263178,"rgba(38, 166, 154, 0.75)",1.2259147274255358,35.96751459705803,-0.14480174932787962,53.23620778937966,9.992814239509258,True,False,True,False,False,1.3256668623963215,0.0,0.0,0.0,0.0,0,0.8907546553413921,0.9328977458346943,False,False,False,False,-0.07028657954736006,-0.07293162582591603,False,False,False,False,-2882.0,-2790.4973434897834,False,False,False,False,44.3471304155853,False,False,False,False
2025-01-30 17:00:00+00:00,35.79,36.18,35.79,36.18,6.0,,,,35.80645368782161,36.46363506541366,,,35.67533294842186,35.6764085667216,35.81045216388976,36.16007999740899,36.16007999740899,35.341932043272884,35.341932043272884,,,36.135044376617635,35.80404761952068,"rgba(38, 166, 154, 0.75)",1.0877615166556627,35.96810768726802,0.19479666221641018,54.507953156660506,9.992814239509258,True,False,True,False,False,2.709722169399093,0.0,0.0,0.0,0.0,0,0.8965220271613121,0.9358728055647564,False,False,False,False,-0.07959030135419995,-0.07626096359005799,False,False,False,False,-2876.0,-2791.822966071337,False,False,False,False,43.75260126185529,False,False,False,False
2025-01-31 17:00:00+00:00,36.18,36.18,36.18,36.18,0.0,,,,35.80645368782161,36.46363506541366,,,35.67533294842186,35.6764085667216,35.81045216388976,36.16007999740899,36.16007999740899,35.341932043272884,35.341932043272884,,,36.135044376617635,35.80404761952068,"rgba(38, 166, 154, 0.75)",0.7079115140408632,35.96810768726802,0.29932033669359415,55.3557834015144,9.992814239509258,True,False,True,False,False,2.709722169399093,0.0,0.0,0.0,0.0,0,0.9016893010930774,0.929645578005962,False,False,False,False,-0.06729312679263817,-0.07177704519134809,False,False,False,False,-2876.0,-2793.1280363648043,False,False,False,False,43.07426635857071,False,False,False,False
2025-02-03 17:00:00+00:00,36.18,36.18,36.18,36.18,0.0,,,,35.80645368782161,36.46363506541366,,,35.67533294842186,35.6764085667216,35.81045216388976,36.16007999740899,36.16007999740899,35.341932043272884,35.341932043272884,,,36.135044376617635,35.80404761952068,"rgba(38, 166, 154, 0.75)",0.6117733269794631,35.96810768726802,0.3463575533411516,55.921003564750336,9.992814239509258,True,False,True,False,False,2.709722169399093,0.0,0.0,0.0,0.0,0,0.9008087694672818,0.9290154401443752,False,False,False,False,-0.06729312679263817,-0.06953508599199312,False,False,False,False,-2876.0,-2794.412873010311,False,False,False,False,42.406448275492096,False,False,False,False
2025-02-04 17:00:00+00:00,36.37,36.37,34.855,36.0,579.0,,,,35.79356750257643,36.36403542212691,,,35.70191234140715,35.69215208333334,35.799859929078,36.117763609898105,36.117763609898105,35.374338420610464,35.374338420610464,,,36.07880146235167,35.800631665704195,"rgba(38, 166, 154, 0.75)",0.6072817666817125,35.954930877115636,0.07421451681421118,54.962657126828574,9.992814239509258,True,False,True,False,False,2.000373539243135,0.0,0.0,0.0,0.0,1,0.8850703114732558,0.9277171770272045,False,False,False,False,-0.10315118562320832,-0.08634313580760072,False,False,False,False,-3455.0,-2804.654533893872,False,False,False,False,50.72572814718989,False,False,False,False
2025-02-05 17:00:00+00:00,36.0,36.0,35.9,35.9,3.0,,,,35.79371139327385,36.36372777777777,,,35.70239180478822,35.69245318352061,35.799966338913976,36.11766701582867,36.11766701582867,35.37457312806157,35.37457312806157,,,36.07871958552581,35.80078641449029,"rgba(38, 166, 154, 0.75)",0.5989488765801918,35.95506404901416,-0.09193447248546727,53.58048648233393,8.373739227872683,True,False,True,False,False,1.603970407276389,0.0,0.0,0.0,0.0,1,0.8982423681776137,0.935509448922955,False,False,False,False,-0.08179992417522904,-0.08407152999141487,False,False,False,False,-3458.0,-2814.7839209652852,False,False,False,False,49.985794377466014,False,False,False,False
2025-02-06 17:00:00+00:00,35.9,37.0,35.9,37.0,100.0,,,,35.82156879009069,36.3699976744186,,,35.7625301464255,35.730043281395666,35.82153939080161,36.12651509951956,36.12651509951956,35.39194731999079,35.39194731999079,,,36.09578323225465,35.82651505627545,"rgba(38, 166, 154, 1.0)",0.6127775561598593,35.9907657617994,1.6469830333298183,58.26907676139413,8.373739227872683,True,False,True,False,True,5.613433779780635,0.0,0.0,0.0,0.0,1,0.9054339224479033,0.924690055394355,False,False,False,False,-0.05029897136321713,-0.067185250677316,False,False,False,False,-3358.0,-2823.2058756790016,False,False,False,False,50.761208418125456,False,False,False,False
2025-02-07 17:00:00+00:00,37.0,37.0,37.0,37.0,0.0,,,,35.82156879009069,36.3699976744186,,,35.7625301464255,35.730043281395666,35.82153939080161,36.12651509951956,36.12651509951956,35.39194731999079,35.39194731999079,,,36.09578323225465,35.82651505627545,"rgba(38, 166, 154, 1.0)",0.6255188621031039,35.9907657617994,1.613435340394654,61.39480361410094,6.374038359345562,True,False,True,False,True,5.613433779780625,0.0,0.0,0.0,0.0,1,0.9266756032171584,0.9190348525469166,False,False,False,False,-0.0157603954345587,-0.04147282305593735,False,False,False,False,-3358.0,-2831.49725745142,False,False,False,False,49.97421293877467,False,False,False,False
2025-02-10 17:00:00+00:00,37.0,37.44,36.78,36.78,200.0,,,,35.89489991702966,36.39799777777777,,,35.90411708619375,35.824009742261694,35.87954877348428,36.15549601857996,36.15549601857996,35.43514551152898,35.43514551152898,,,36.14644884740372,35.892302191771435,"rgba(38, 166, 154, 1.0)",0.6333405855439961,36.07773807110036,1.108821927614892,61.68121711565114,6.729701088539315,True,False,True,False,True,4.706686455390042,0.0,0.0,0.0,0.0,0,0.9242646080127781,0.8975109809663246,False,False,False,False,-0.016939107788832074,-0.02920596542238471,False,False,False,False,-3558.0,-2842.760865863026,False,False,False,False,52.300194133522346,False,False,False,False
2025-02-11 17:00:00+00:00,36.78,38.0,36.78,38.0,5.0,,,,35.89753805529667,36.39932445431002,,,35.908935158775435,35.827276587887745,35.88165519501802,36.156687662301785,36.156687662301785,35.43659395973154,35.43659395973154,,,36.14843125480334,35.89463937100272,"rgba(38, 166, 154, 1.0)",0.6773090435986027,36.08083071808692,2.8335208278282575,66.05099356279649,10.90488003774648,True,False,True,False,True,8.913039441836933,0.0,0.0,0.0,0.0,0,0.9248646507328669,0.8991152779611775,False,False,False,False,0.0010435388750876197,-0.014081213273648545,False,False,False,False,-3553.0,-2853.7723253070103,False,False,False,False,51.56685779036695,False,False,False,False
2025-02-12 17:00:00+00:00,37.4,37.84,37.4,37.84,200.0,,,,36.00258603880277,36.45433014523556,,,36.091669226830525,35.95561611646035,35.96655107778818,36.20599443820525,36.20599443820525,35.49559368191721,35.49559368191721,,,36.22845809201917,35.98690316323446,"rgba(38, 166, 154, 1.0)",0.7114053658741315,36.19902235454835,2.306670323515655,67.79960264728165,12.55993035610468,True,False,True,False,True,8.24639964762137,0.0,0.0,0.0,0.0,0,0.926885396804524,0.8995331711486618,False,False,False,False,0.0158149856583203,0.000866886192335878,False,False,False,False,-3753.0,-2867.7138396433356,False,False,False,False,53.86814681687289,False,False,False,False
2025-02-13 17:00:00+00:00,38.5,41.45,38.5,40.39,202.0,,,40.11333333333334,36.231906931786796,36.604955505740094,,,36.46864191802011,36.22566720257235,36.15394481730051,36.328649054649055,36.328649054649055,35.61438932755985,35.61438932755985,,40.11333333333334,37.65006525695341,36.18665689579182,"rgba(38, 166, 154, 1.0)",0.8735728490071286,36.70475349951608,4.218590933397757,73.32630641406769,17.683673027537935,True,False,True,False,True,15.884062539743415,-1.0,41.45,38.5,0.0,0,0.9380045408678107,0.8650353178607465,False,False,False,False,0.16862728456293039,0.08474708537763313,False,False,False,False,-3551.0,-2878.3074235248346,False,True,False,False,56.16476469568106,False,False,False,False
2025-02-14 17:00:00+00:00,38.6,39.26,37.585,39.26,486.0,,,39.11613856589147,36.52416484051619,36.793904444032385,,,36.87956582102739,36.560298943270304,36.40378194780737,36.495284881760824,36.495284881760824,35.79433857040057,35.79433857040057,,39.11613856589147,37.47806928348002,36.43809250767121,"rgba(38, 166, 154, 1.0)",0.9482583608483637,36.92128516141303,2.4663266206212247,71.80295984919717,17.683673027537935,True,False,True,False,True,11.413329696614817,0.0,0.0,0.0,0.0,0,0.9164880915937063,0.8818955488887525,False,False,False,False,0.06706503936995761,0.07590606237379538,False,False,False,False,-4037.0,-2896.2716495166974,False,False,False,False,62.82887687094181,False,False,False,False
2025-02-17 17:00:00+00:00,39.26,39.26,39.26,39.26,0.0,,,39.11613856589147,36.52416484051619,36.793904444032385,,,36.87956582102739,36.560298943270304,36.40378194780737,36.495284881760824,36.495284881760824,35.79433857040057,35.79433857040057,,39.11613856589147,37.47806928348002,36.43809250767121,"rgba(38, 166, 154, 0.75)",1.015311273443709,36.92128516141303,2.30344614480106,70.78739547261682,17.683673027537935,True,False,True,False,False,11.413329696614817,0.0,0.0,0.0,0.0,0,0.9362850309682963,0.8814619488563193,False,False,False,False,0.11741675177338202,0.0966614070735887,False,False,False,False,-4037.0,-2913.9573603769036,False,False,False,False,61.854785756663645,False,False,False,False
2025-02-18 17:00:00+00:00,38.96,38.96,38.96,38.96,0.0,,,39.11613856589147,36.52416484051619,36.793904444032385,,,36.87956582102739,36.560298943270304,36.40378194780737,36.495284881760824,36.495284881760824,35.79433857040057,35.79433857040057,,39.11613856589147,37.47806928348002,36.43809250767121,"rgba(38, 166, 154, 0.75)",1.0653702862604855,36.92128516141303,1.913620893016439,68.76800254898721,17.683673027537935,True,False,True,False,False,10.254027783025702,0.0,0.0,0.0,0.0,0,0.9361047906032843,0.8876452862677572,False,False,False,False,0.09753070461869967,0.09709605584614418,False,False,False,False,-4037.0,-2931.3688741695096,False,False,False,False,60.89579683020374,False,False,False,False
2025-02-19 17:00:00+00:00,39.5,39.5,39.5,39.5,0.0,,,39.11613856589147,36.52416484051619,36.793904444032385,,,36.87956582102739,36.560298943270304,36.40378194780737,36.495284881760824,36.495284881760824,35.79433857040057,35.79433857040057,,39.11613856589147,37.47806928348002,36.43809250767121,"rgba(38, 166, 154, 0.75)",1.13251578753186,36.92128516141303,2.2769791529413217,68.66831211935444,17.683673027537935,True,False,True,False,False,11.811079992208231,0.0,0.0,0.0,0.0,0,0.929299166409386,0.892868169188021,False,False,False,False,0.1333916714798415,0.11524386366299283,False,False,False,False,-4037.0,-2948.5104420118428,False,False,False,False,59.95167594911531,False,False,False,False
2025-02-20 17:00:00+00:00,38.525,38.525,38.525,38.525,0.0,,,39.11613856589147,36.52416484051619,36.793904444032385,,,36.87956582102739,36.560298943270304,36.40378194780737,36.495284881760824,36.495284881760824,35.79433857040057,35.79433857040057,,39.11613856589147,37.47806928348002,36.43809250767121,"rgba(38, 166, 154, 0.75)",1.1617066817464357,36.92128516141303,1.3804817203737216,64.55748778237458,20.118338470056756,True,False,True,False,False,8.127907591015983,0.0,0.0,0.0,0.0,0,0.9319941024695911,0.8929229635090304,False,False,False,False,0.06882776068427343,0.09203581217363313,False,False,False,False,-4037.0,-2965.386249112434,False,False,False,False,59.02219260106701,False,False,False,False
2025-02-21 17:00:00+00:00,38.525,38.99,38.525,38.8,7.0,,,39.112669064748204,36.52798898071625,36.79646820987654,,,36.88456759818732,36.5645952447035,36.40712170058432,36.49758492109315,36.49758492109315,35.79683602955861,35.79683602955861,,39.112669064748204,37.47904208511366,36.44138173587001,"rgba(38, 166, 154, 0.75)",1.1972048076044677,36.92457064743948,1.5665067001469313,62.59176464409812,18.147514661318453,True,False,True,False,False,8.934627507320595,0.0,0.0,0.0,0.0,0,0.9280677009873063,0.8896179554792418,False,False,False,False,0.08415191134665616,0.08809386176014464,False,False,False,False,-4030.0,-2981.8918886610786,False,False,False,False,58.21564697934504,False,False,False,False
2025-02-24 17:00:00+00:00,38.8,38.87,37.51,37.51,213.0,,,38.843056167400874,36.59864494260843,36.84074796603124,,,36.96488116043342,36.64266946191475,36.4711620942813,36.54130490594221,36.54130490594221,35.850757965256676,35.850757965256676,,38.843056167400874,37.427483025346845,36.502013415628426,"rgba(38, 166, 154, 0.5)",1.205197079319353,36.964976703233006,0.45222752869165533,56.992784344632284,12.882937962014815,False,False,True,False,False,4.352477547522561,0.0,0.0,0.0,0.0,0,0.9253483946221378,0.8909693658297009,False,False,False,False,0.046802568604231466,0.06744821518218805,False,False,False,False,-4243.0,-3001.443952402767,False,False,False,False,60.61540439051799,False,False,False,False
2025-02-25 17:00:00+00:00,38.86,38.86,37.13,37.13,2.0,,,38.8405586080586,36.59915684915685,36.84105639655684,,,36.96539934800326,36.643226820324784,36.471639307325866,36.54163120070932,36.54163120070932,35.85119158878504,35.85119158878504,,38.8405586080586,37.42692395125743,36.5024532443096,#000000,1.2084316840992848,36.96519963898971,0.13637540555975133,52.22581654394389,8.571079100803765,False,True,False,False,False,3.0713637541562484,0.0,0.0,0.0,0.0,0,0.9187255785993392,0.8873459573189059,False,False,False,False,0.034004161252032046,0.050726188217110044,False,False,False,False,-4245.0,-3020.723891125205,False,False,False,False,59.70663843097507,False,False,False,False
2025-02-26 17:00:00+00:00,37.13,37.13,36.82,36.82,136.0,,,38.591282664117266,36.609030981709594,36.843002086593636,,,36.96349171946204,36.65286123756534,36.48319941036256,36.54876287951642,36.54876287951642,35.867959214964735,35.867959214964735,,38.591282664117266,37.347771910806834,36.51083955689791,"rgba(239, 83, 80, 1.0)",1.2092725458266174,36.94929864417256,-0.10692266571236288,48.214710009885025,4.998542439141886,False,True,False,True,False,2.0360470349337554,0.0,0.0,0.0,0.0,0,0.9142458608769487,0.9119412941961309,False,False,False,False,-0.032856199187000966,0.008934994515054539,False,False,False,False,-4381.0,-3041.813443200783,False,False,False,False,60.88948124599871,False,False,False,False
2025-02-27 17:00:00+00:00,37.32,37.32,37.32,37.32,0.0,,,38.591282664117266,36.609030981709594,36.843002086593636,,,36.96349171946204,36.65286123756534,36.48319941036256,36.54876287951642,36.54876287951642,35.867959214964735,35.867959214964735,,38.591282664117266,37.347771910806834,36.51083955689791,"rgba(239, 83, 80, 1.0)",1.2135548889392547,36.94929864417256,0.30546731689364753,47.45505969755787,4.3241885792112456,False,True,False,True,False,3.594505834967162,0.0,0.0,0.0,0.0,0,0.9101814455361992,0.9087347037193322,False,False,False,False,-0.010238633454467303,-0.000651819469706382,False,False,False,False,-4381.0,-3062.5760254767397,False,False,False,False,59.945458280944464,False,False,False,False
2025-02-28 17:00:00+00:00,37.32,37.47,37.32,37.47,1.0,,,38.59016396052212,36.60921256904016,36.84310239916551,,,36.96364388888889,36.653055204382646,36.48337566635309,36.54888255494505,36.54888255494505,35.86813767199417,35.86813767199417,,38.59016396052212,37.34749297624259,36.51099625691815,"rgba(239, 83, 80, 1.0)",1.2204227335839604,36.94934480608734,0.4266187277449964,47.51436170459135,4.169245361215708,False,True,False,True,False,4.058362030416102,0.0,0.0,0.0,0.0,0,0.9126526149547473,0.9062139342768633,False,False,False,False,-0.005323955237020386,-0.002987887353363384,False,False,False,False,-4380.0,-3083.001203376325,False,False,False,False,59.03157520682129,False,False,False,False
2025-03-03 17:00:00+00:00,38.0,38.0,36.305,36.91,37.0,,,38.53833333333332,36.61301243615368,36.84456325214487,,,36.96495993853584,36.65693512024049,36.48744270054808,36.55152612637237,36.55152612637237,35.873236203343254,35.873236203343254,,38.53833333333332,37.33196967387729,36.51427103590207,"rgba(239, 83, 80, 1.0)",1.2208003024157048,36.947348572121214,-0.030593514801161802,45.70432062702827,2.1368961011253873,False,True,False,True,False,2.149152539568714,0.0,0.0,0.0,0.0,0,0.8989796527239099,0.9015454382719731,False,False,False,False,-0.021216886800946386,-0.012102387077154886,False,False,False,False,-4417.0,-3103.6833552619632,False,False,False,False,58.6900003974132,False,False,False,False
2025-03-04 17:00:00+00:00,36.67,37.46,36.67,37.46,235.0,,,38.29929492039423,36.641961094695375,36.858299026117756,,,36.98160146699267,36.68694148726443,36.517274028995885,36.57160134180791,36.57160134180791,35.90791188166648,35.90791188166648,,38.29929492039423,37.266518347069116,36.53948859142255,"rgba(239, 83, 80, 1.0)",1.225598353590695,36.946521913701616,0.41896114236284904,46.69906229758172,2.1368961011253873,False,True,False,True,False,3.8706376651688252,0.0,0.0,0.0,0.0,0,0.9049434187016085,0.9081596188207265,False,False,False,False,-0.026953661673442198,-0.01952802437529854,False,False,False,False,-4182.0,-3120.4014427772813,False,False,False,False,61.42348876334478,False,False,False,False
2025-03-05 17:00:00+00:00,37.46,37.46,36.05,36.05,231.0,,,38.03412258064515,36.6362913396391,36.84580548894218,,,36.95116186126178,36.6782910871841,36.517382261945684,36.57006981027025,36.57006981027025,35.923280615942026,35.923280615942026,,38.03412258064515,37.17207313640881,36.535042574479014,"rgba(239, 83, 80, 1.0)",1.2245088627506344,36.91041489576101,-0.7026612235604784,43.345622042592595,-0.6239312187368071,False,True,False,True,False,0.0,0.0,0.0,0.0,0.0,0,0.8982633184698431,0.9105843698662285,False,False,False,False,-0.04729510090193044,-0.033411562638614486,False,False,False,False,-4413.0,-3140.4417304861604,False,False,False,False,64.0525819608123,False,False,False,False
2025-03-06 17:00:00+00:00,36.46,36.58,36.46,36.58,1.0,,,38.033159252095416,36.63627196512408,36.845756606990626,,,36.951044520547946,36.678260073260084,36.51738614882282,36.570065947242206,36.570065947242206,35.92334764337209,35.92334764337209,,38.033159252095416,37.17172927473671,36.53502838008122,"rgba(239, 83, 80, 1.0)",1.224791348290289,36.91028003503817,-0.2696622861512013,43.11095381908836,-1.1416449833258042,False,True,False,True,False,0.9329122711140521,0.0,0.0,0.0,0.0,0,0.9049640372597574,0.917934205871949,False,False,False,False,-0.06274042406950767,-0.048075993354061076,False,False,False,False,-4412.0,-3160.1558121840494,False,False,False,False,63.07502255056715,False,False,False,False
2025-03-07 17:00:00+00:00,37.0,37.0,36.64,36.64,100.0,,,37.956044821320404,36.63871236028929,36.844407384099014,,,36.945743618202,36.68005300870075,36.521485048150026,36.57247505496364,36.57247505496364,35.93234293803533,35.93234293803533,,37.956044821320404,37.14638818856957,36.537429120502566,"rgba(239, 83, 80, 1.0)",1.2243198442731287,36.902644452513556,-0.21452274398891724,43.182453443927244,-1.4740405902007012,False,True,False,True,False,1.119322520486758,0.0,0.0,0.0,0.0,0,0.9038529515729944,0.9137504418522445,False,False,False,False,-0.043027280609503074,-0.04555163698178208,False,False,False,False,-4312.0,-3178.0138616075524,False,False,False,False,63.64750282110099,False,False,False,False
2025-03-10 17:00:00+00:00,36.64,36.64,35.7,36.43,202.0,,,37.77079150926425,36.62407403894791,36.82630375114365,,,36.90917148362236,36.66208954701395,36.51274573871372,36.56458570368538,36.56458570368538,35.9392369076432,35.9392369076432,,37.77079150926425,37.07372309978527,36.525402514060666,"rgba(239, 83, 80, 1.0)",1.2237830947774038,36.86640998317504,-0.35660729833371235,42.582569095338684,-2.4861696908621127,False,True,False,True,False,0.4412202605261015,0.0,0.0,0.0,0.0,0,0.8936418887330533,0.9186535764375876,False,False,False,False,-0.09833723405772217,-0.07194443551975213,False,False,False,False,-4514.0,-3198.726824993482,False,False,False,False,65.792502777363,False,False,False,False
2025-03-11 17:00:00+00:00,35.41,35.41,35.27,35.27,5.0,,,37.764187298170064,36.622835259933055,36.82515363908782,,,36.907082130674375,36.660678066862516,36.51176950701927,36.56381452642854,36.56381452642854,35.93890951479455,35.93890951479455,,37.764187298170064,37.070725399063654,36.524344712034626,"rgba(239, 83, 80, 1.0)",1.2283178932372287,36.8645160062359,-1.2981297553466036,39.17661433751539,-6.0126160627816745,False,True,False,True,False,0.0,0.0,0.0,0.0,0.0,0,0.8842850510677813,0.9278667595171771,False,False,False,False,-0.1709987004554693,-0.12147156798761072,False,False,False,False,-4519.0,-3219.1961765439705,False,False,False,False,64.84998335445815,False,False,False,False
2025-03-12 17:00:00+00:00,35.5,35.5,35.015,35.06,363.0,,,37.34373480414227,36.53072281323878,36.73954061988643,,,36.75789770004793,36.55671020991748,36.43792186777625,36.50489689298951,36.50489689298951,35.91143011515212,35.91143011515212,,37.34373480414227,36.87133274575583,36.44562561314547,"rgba(239, 83, 80, 1.0)",1.236427256396533,36.73116900802675,-1.3516112649418868,36.44751965693124,-8.73834669231713,False,True,False,True,False,0.0,0.0,0.0,0.0,0.0,0,0.8752391442982206,0.9315322627398687,False,False,False,False,-0.17691795948516156,-0.14919476373638613,False,False,False,False,-4882.0,-3244.9760807835987,False,False,False,False,69.4724642326836,False,False,False,False
2025-03-13 17:00:00+00:00,35.57,35.57,35.18,35.18,1.0,,,37.34281953195319,36.53050641139279,36.739334247630055,,,36.757550898203604,36.556467186484745,36.437748073959945,36.50475556869702,36.50475556869702,35.911369192328465,35.911369192328465,,37.34281953195319,36.870886730325346,36.44544108139513,"rgba(239, 83, 80, 1.0)",1.242824931682137,36.73086075300226,-1.2478513372782156,35.23984434869361,-10.015666823089902,False,True,False,True,False,0.0,0.0,0.0,0.0,0.0,0,0.8732882648639284,0.9303749927774887,False,False,False,False,-0.16849110379662638,-0.15884293376650627,False,False,False,False,-4881.0,-3270.3407927094345,False,False,False,False,68.41087563992882,False,False,False,False
2025-03-14 17:00:00+00:00,35.18,35.68,35.18,35.68,10.0,,,37.33462290919951,36.52870642364184,36.73756691172938,,,36.75457785742733,36.554437743190675,36.43632589743591,36.50358436700138,36.50358436700138,35.91096640356203,35.91096640356203,,37.33462290919951,36.86696541485691,36.44391277260312,"rgba(239, 83, 80, 1.0)",1.2441792149520974,36.72820390075556,-0.842486265771541,36.916553080980336,-10.015666823089902,False,True,False,True,False,0.0,0.0,0.0,0.0,0.0,0,0.874357345040726,0.9310842816706139,False,False,False,False,-0.16455481921502918,-0.16169887649076772,False,False,False,False,-4871.0,-3295.157214527893,False,False,False,False,67.50528066876713,False,False,False,False
2025-03-17 17:00:00+00:00,35.75,35.75,35.155,35.35,8.0,,,37.32777901785713,36.52713671437829,36.73604727621791,,,36.75202838063441,36.55267223517225,36.43507452366319,36.502559699437434,36.502559699437434,35.91056791371756,35.91056791371756,,37.32777901785713,36.86365433615111,36.44257707534371,"rgba(239, 83, 80, 1.0)",1.2474671889020912,36.72593269707326,-1.1029810718181958,37.013673079705114,-10.015666823089902,False,True,False,True,False,0.0,0.0,0.0,0.0,0.0,0,0.8823563451189171,0.9301545049476301,False,False,False,False,-0.20331083203472936,-0.18250485426274854,False,False,False,False,-4879.0,-3319.7129166282357,False,False,False,False,66.58271817777849,False,False,False,False
2025-03-18 17:00:00+00:00,35.35,35.35,35.01,35.01,12.0,,,37.31603241563054,36.52416622582732,36.73326553591108,,,36.74738049940549,36.54934819121449,36.43266027607363,36.50060911412296,36.50060911412296,35.909613882717295,35.909613882717295,,37.31603241563054,36.857821392456316,36.440036846276136,"rgba(239, 83, 80, 1.0)",1.2547284441138518,36.63574095706778,-1.2956914818456662,36.07384857139861,-10.015666823089902,False,True,False,True,False,0.0,0.0,0.0,0.0,0.0,0,0.8796544881522123,0.9430372359052174,False,False,False,False,-0.22940170463044018,-0.20595327944659436,False,False,False,False,-4891.0,-3344.073956680511,False,False,False,False,65.73647448509975,False,False,False,False
2025-03-19 17:00:00+00:00,35.65,36.16,35.65,36.1,29.0,,,37.29891933362559,36.521346783625745,36.73009709895983,,,36.742055975436955,36.546110361662514,36.43061154374715,36.49880177746457,36.49880177746457,35.909790219179,35.909790219179,,37.29891933362559,36.85012107207039,36.437695275825796,"rgba(239, 83, 80, 0.75)",1.245248616589079,36.66842471928115,-0.456474885182484,40.40643006296237,-13.945968857124718,False,True,False,True,True,0.0,0.0,0.0,0.0,0.0,0,0.8777649769585258,0.9321428571428569,False,False,False,False,-0.1961583832118118,-0.20105583132920307,False,False,False,False,-4862.0,-3367.6076937862395,False,False,False,False,65.1669167411447,False,False,False,False
2025-03-20 17:00:00+00:00,36.25,36.565,35.79,35.79,103.0,,,37.24488814317672,36.51295105979667,36.72019137631072,,,36.72558066251635,36.536421957671976,36.424692323110854,36.49341727592743,36.49341727592743,35.911212377915085,35.911212377915085,,37.24488814317672,36.82601019309471,36.43079031217818,"rgba(239, 83, 80, 0.75)",1.2457576767530223,36.668265374449845,-0.7050049867956516,42.19142863637706,-12.242074025987314,False,True,False,True,True,0.0,0.0,0.0,0.0,0.0,0,0.8793004257277648,0.927568749280865,False,False,False,False,-0.17381291382799474,-0.1874343725785989,False,False,False,False,-4965.0,-3392.3734659756,False,False,False,False,65.75347617151456,False,False,False,False
2025-03-21 17:00:00+00:00,35.79,35.84,35.79,35.84,100.0,,,37.18765968867417,36.50126856400702,36.70771595493115,,,36.70524603711218,36.523197020276974,36.415785939968416,36.4857301824022,36.4857301824022,35.91034520755213,35.91034520755213,,37.18765968867417,36.798881402537454,36.421005761619014,"rgba(239, 83, 80, 0.75)",1.2448057592967174,36.64711065287027,-0.6483828073917819,43.60004479072086,-10.848885775640781,False,True,False,True,True,0.0,0.0,0.0,0.0,0.0,0,0.8793698252069921,0.9359475620975158,False,False,False,False,-0.20358016776617022,-0.19550727017238456,False,False,False,False,-4865.0,-3415.2048851077616,False,False,False,False,66.28443002932055,False,False,False,False
2025-03-24 17:00:00+00:00,35.685,36.195,35.685,36.195,19.0,,,37.17883406578771,36.4997405155916,36.705916342952285,,,36.70234552663078,36.52144766832997,36.414689361492655,36.48472813644688,36.48472813644688,35.910559768869625,35.910559768869625,,37.17883406578771,36.794830308110534,36.41974976636946,"rgba(239, 83, 80, 0.75)",1.2447241743736517,36.64510164709063,-0.36160754033488485,46.112269467661164,-8.419800202298298,False,True,False,True,True,0.11229441043854393,0.0,0.0,0.0,0.0,0,0.8807486938049037,0.9339725555491758,False,False,False,False,-0.1932779292965085,-0.19439259973444653,False,False,False,False,-4846.0,-3437.387755106091,False,False,False,False,65.55133809088147,False,False,False,False
2025-03-25 17:00:00+00:00,35.9,36.895,35.9,36.75,157.0,,,37.1396528822055,36.50013461643913,36.701846571622546,,,36.69596936194814,36.52126586446363,36.41696256735952,36.48526256606319,36.48526256606319,35.919764144843185,35.919764144843185,,37.1396528822055,36.780544690089066,36.42074784512348,#000000,1.2459041436382792,36.65269159457682,0.07810264210135655,49.971805771595,-4.818143768262068,False,True,False,False,True,1.889799006456716,0.0,0.0,0.0,0.0,0,0.8826790102291563,0.9310246299788555,False,False,False,False,-0.15589808990227375,-0.17514534481836014,False,False,False,False,-4689.0,-3456.7925961121978,False,False,False,False,66.96914680265076,False,False,False,False
2025-03-26 17:00:00+00:00,36.325,37.65,36.325,37.08,118.0,,,37.134499640028785,36.5100018826314,36.70683727560248,,,36.704009723102956,36.53158136944545,36.4270337780301,36.492243184256274,36.492243184256274,35.93219521160976,35.93219521160976,,37.134499640028785,36.78377959942089,36.42988440845013,"rgba(38, 166, 154, 0.5)",1.2494219996995537,36.67061738616333,0.3276576000223407,53.70602231848469,-1.4307940112015345,False,False,True,False,True,2.927717769751748,0.0,0.0,0.0,0.0,0,0.8907097649186262,0.9237680831826398,False,False,False,False,-0.10830805280483069,-0.14172669881159541,False,False,False,False,-4571.0,-3474.067129505807,False,False,False,False,67.7603228212143,False,False,False,False
2025-03-27 17:00:00+00:00,37.8,38.15,37.8,38.04,102.0,,,37.16503472222222,36.53407551463197,36.72418237749945,,,36.73129112352578,36.55740008062661,36.449432008953565,36.509081897655356,36.509081897655356,35.95219294080404,35.95219294080404,,37.16503472222222,36.80776420478455,36.45141332487012,"rgba(38, 166, 154, 1.0)",1.2657613597435016,36.70917455588092,1.0514031210344117,58.942616258705456,3.265618442693949,True,False,True,False,True,5.842176562489907,0.0,0.0,0.0,0.0,0,0.8989097008666483,0.9146771037181992,False,False,False,False,-0.029630407225158077,-0.08567855301837675,False,False,False,False,-4469.0,-3489.4924453274225,False,False,False,False,68.29117052941253,False,False,False,False
2025-03-28 17:00:00+00:00,38.18,38.63,37.89,38.63,117.0,,,37.21259592926259,36.5677979530341,36.749386306587034,,,36.770339393939416,36.59357860570141,36.480576737783906,36.53284001444564,36.53284001444564,35.97890876929337,35.97890876929337,,37.21259592926259,36.84326006296124,36.48151392260156,"rgba(38, 166, 154, 1.0)",1.2939853933480456,36.75815319532079,1.4465749105838177,63.73839642706047,7.463184355605733,True,False,True,False,True,7.552622744751275,0.0,0.0,0.0,0.0,0,0.9007375367382027,0.9100537902733872,False,False,False,False,-0.007034043632231368,-0.04635629832530406,False,False,False,False,-4352.0,-3502.864655477385,False,False,False,False,69.0463461801193,False,False,False,False
2025-03-31 17:00:00+00:00,39.0,39.0,38.2,38.2,25.0,,,37.222970439002864,36.57516819334474,36.75494240973211,,,36.77886365159131,36.601475267003956,36.48738774577048,36.53806374932468,36.53806374932468,35.984736537981,35.984736537981,,37.222970439002864,36.85102701402657,36.488098450166014,"rgba(38, 166, 154, 1.0)",1.3109565141460184,36.768279839188565,1.0921187280907534,64.61426799570495,8.119620126760289,True,False,True,False,True,6.0616358389850795,0.0,0.0,0.0,0.0,0,0.9043983402489632,0.906168741355463,False,False,False,False,0.019915567473806853,-0.013220365425748603,False,False,False,False,-4377.0,-3516.4171414389757,False,False,False,False,68.36345709205543,False,False,False,False
2025-04-01 17:00:00+00:00,39.255,39.525,38.045,39.525,26.0,,39.031666666666666,37.23839895013123,36.585044327611996,36.762577496882926,,,36.790575884823056,36.612083892993084,36.49642974302898,36.545049384046244,36.545049384046244,35.99214167757212,35.99214167757212,,37.23839895013123,37.404421860323204,36.49688832775163,"rgba(38, 166, 154, 1.0)",1.36018811629554,36.93751566104133,1.9022988864258403,67.97493501945002,11.263567452495082,True,False,True,False,True,9.7661988509034,0.0,0.0,0.0,0.0,0,0.9042512655816235,0.9019650536171135,False,True,False,False,0.0345889857294875,0.01068431015186945,False,False,False,False,-4351.0,-3529.356410563953,False,True,False,False,67.70665930768247,False,False,False,False
2025-04-02 17:00:00+00:00,37.735,37.735,36.89,36.9,11.0,,38.479684684684685,37.23817097090552,36.58604610476486,36.76316181521552,,,36.79141959297687,36.61312161331771,36.497448478231206,36.54579512842587,36.54579512842587,35.993356678183446,35.993356678183446,,37.23817097090552,37.26676589389265,36.497822769926834,"rgba(38, 166, 154, 0.75)",1.3610397787277113,36.9037752091881,-0.002773768443144227,61.359545188176554,11.263567452495082,True,False,True,False,False,1.4600804624979382,0.0,0.0,0.0,0.0,0,0.8820784729586431,0.9045068928950155,False,False,False,False,-0.08231389852061587,-0.03581479418437321,False,False,False,False,-4362.0,-3542.265613500946,False,False,False,False,66.82748629516027,False,False,False,False
2025-04-03 17:00:00+00:00,36.21,36.21,35.29,35.29,1.0,,38.403815789473676,37.23763453159041,36.585893399187135,36.76301159047006,,,36.79118126205202,36.612951295799846,36.497325554949064,36.545692994727204,36.545692994727204,35.99331963896668,35.99331963896668,,37.23763453159041,37.24758882768032,36.497693956870336,"rgba(38, 166, 154, 0.5)",1.3436470471769308,36.89873159137365,-1.1972873343142252,53.787951622669915,11.83887966297847,False,False,True,False,False,0.0,0.0,0.0,0.0,0.0,0,0.875411205681166,0.9146780846953159,False,False,False,False,-0.20895409217212965,-0.12238444317825142,False,False,False,False,-4363.0,-3554.990177632714,False,False,False,False,65.80690511228956,False,False,False,False
2025-04-04 17:00:00+00:00,32.14,32.33,32.14,32.33,3.0,,37.95475609756097,37.23276580694308,36.583894374164366,36.76127510298661,,,36.78847521265286,36.6107675989505,36.49559427999819,36.54431206970739,36.54431206970739,35.992276050903875,35.992276050903875,,37.23276580694308,37.13317284541376,36.495956213653365,"rgba(239, 83, 80, 1.0)",1.4150846535018582,36.86742096419601,-3.206466095839157,45.01026612163919,4.1339019655923295,False,True,False,True,False,0.0,0.0,0.0,0.0,0.0,0,0.8755854204846268,0.9274078599063323,False,False,False,False,-0.34282825441539394,-0.23260634879682268,False,False,False,False,-4366.0,-3567.563973328331,False,False,False,False,64.83315464543236,True,False,False,False
2025-04-07 17:00:00+00:00,31.615,32.79,31.615,32.79,26.0,,35.79853233830845,37.192074565663106,36.56717271051016,36.74672076811222,,32.398333333333326,36.76583663889993,36.592504585626166,36.48111435820761,36.5327485160552,36.5327485160552,35.983574820746796,35.983574820746796,,37.192074565663106,36.576125095648486,35.89812296698917,"rgba(239, 83, 80, 1.0)",1.466205287790848,36.43110187897921,-2.4833506667168774,40.32365493165001,0.23753945517648134,False,True,False,True,False,0.0,0.0,0.0,0.0,0.0,0,0.8719963729786917,0.9235303007405166,True,False,False,False,-0.34282825441539394,-0.2877173016061083,False,False,False,False,-4340.0,-3579.5397256798296,False,False,False,False,64.23109023232487,False,False,False,False
2025-04-08 17:00:00+00:00,33.51,34.0,33.51,33.8,10.0,,35.53508658008657,37.18103205335054,36.56288125191778,36.74290641551341,,32.77935185185185,36.759906637635275,36.58780589312471,36.477434278991915,36.52978800542934,36.52978800542934,35.98151548981299,35.98151548981299,,37.18103205335054,36.505476575217074,35.949370023182205,"rgba(239, 83, 80, 1.0)",1.4896460611122648,36.43166627707438,-1.7666386303263275,39.64731593358868,-0.26196186909284336,False,True,False,True,False,0.0,0.0,0.0,0.0,0.0,0,0.8846250062540654,0.9222994946715362,False,False,False,False,-0.23483987334066228,-0.2612785874733853,False,False,False,False,-4330.0,-3591.1747686925455,False,False,False,False,63.39029813569968,False,False,False,False
2025-04-09 17:00:00+00:00,33.8,33.8,33.25,33.25,9.0,,35.31513565891472,37.17017964392964,36.558565956794865,36.73909403131533,,32.910148148148146,36.75399097675033,36.583086768617044,36.47371994757774,36.526804589087526,36.526804589087526,35.979383714445056,35.979383714445056,,37.17017964392964,36.445743822738635,35.964848390530484,"rgba(239, 83, 80, 1.0)",1.52619823845494,36.419376088082174,-2.076647717331085,38.415551429554405,-1.6610026993895488,False,True,False,True,False,0.0,0.0,0.0,0.0,0.0,0,0.8824116092355263,0.9249987533037448,False,False,False,False,-0.2504477172109489,-0.25586315234216706,False,False,False,False,-4339.0,-3602.7689583252195,False,False,False,False,62.54703769948728,False,False,False,False
2025-04-10 17:00:00+00:00,34.2,34.2,34.2,34.2,0.0,,35.31513565891472,37.17017964392964,36.558565956794865,36.73909403131533,,32.910148148148146,36.75399097675033,36.583086768617044,36.47371994757774,36.526804589087526,36.526804589087526,35.979383714445056,35.979383714445056,,37.17017964392964,36.445743822738635,35.964848390530484,"rgba(239, 83, 80, 1.0)",1.5401348133339308,36.419376088082174,-1.4410271548098355,39.86257106037093,-1.6610026993895488,False,True,False,True,False,0.0,0.0,0.0,0.0,0.0,0,0.881153827123844,0.9217257928850625,False,False,False,False,-0.204951252414874,-0.23040720237852053,False,False,False,False,-4339.0,-3614.1833930798675,False,False,False,False,61.577316184766545,False,False,False,False
2025-04-11 17:00:00+00:00,34.2,34.2,34.2,34.2,0.0,,35.31513565891472,37.17017964392964,36.558565956794865,36.73909403131533,,32.910148148148146,36.75399097675033,36.583086768617044,36.47371994757774,36.526804589087526,36.526804589087526,35.979383714445056,35.979383714445056,,37.17017964392964,36.445743822738635,35.964848390530484,"rgba(239, 83, 80, 1.0)",1.5538861396946153,36.419376088082174,-1.4282745893584872,40.827250814248615,-1.6610026993895488,False,True,False,True,False,0.0,0.0,0.0,0.0,0.0,0,0.8776392519605877,0.9237884576714256,False,False,False,False,-0.204951252414874,-0.21767922739669726,False,False,False,False,-4339.0,-3625.420859853823,False,False,False,False,60.622629112134504,False,False,False,False
2025-04-14 17:00:00+00:00,34.95,35.895,33.75,34.55,10.0,,35.254357638888884,37.162358883899934,36.555771250828634,36.73652797307086,,33.24133333333333,36.75000295799647,36.58001438212194,36.47136135932847,36.52488486079919,36.52488486079919,35.97822498761762,35.97822498761762,,37.162358883899934,36.427253936672074,36.01010096314233,"rgba(239, 83, 80, 1.0)",1.5637643626780477,36.43175002481911,-1.2033462775660737,42.37101112848975,-1.6610026993895488,False,True,False,True,False,0.0,0.0,0.0,0.0,0.0,0,0.8754982530387289,0.9057625116874167,False,False,False,False,-0.1637268025129354,-0.19070301495481634,False,False,False,False,-4329.0,-3636.3290635770195,False,False,False,False,59.83778214915567,False,False,False,False
2025-04-15 17:00:00+00:00,34.21,34.8,34.21,34.8,148.0,,34.859474043715835,37.046395692998566,36.51254599850413,36.696920294400535,,34.23431855500821,36.689127866130185,36.53263038548755,36.43466529510664,36.49494595922377,36.49494595922377,35.95958409673872,35.95958409673872,,37.046395692998566,36.27883400740477,36.12003115955984,"rgba(239, 83, 80, 0.75)",1.5712608496546832,36.40294450616716,-1.0201644790675224,44.0645542949718,-1.6610026993895488,False,True,False,True,True,0.0,0.0,0.0,0.0,0.0,0,0.8771726535341834,0.9211043377500123,False,False,False,False,-0.1846754725172153,-0.1876892437360158,False,False,False,False,-4181.0,-3644.773574219236,False,False,False,False,61.20463823986643,False,False,False,False
2025-04-16 17:00:00+00:00,34.12,34.37,33.6,33.82,23.0,,34.77940699126091,37.02460271612445,36.50369111508648,36.688959427904265,,34.203348082595866,36.67702181101363,36.52297079231889,36.42704225662742,36.488750437583136,36.488750437583136,35.95531675655909,35.95531675655909,,37.02460271612445,36.24916506259403,36.10902865346874,"rgba(239, 83, 80, 0.75)",1.5948866123665988,36.38328862991874,-1.607191765259826,42.99833953925965,-1.6610026993895488,False,True,False,True,True,0.0,0.0,0.0,0.0,0.0,0,0.8613146113146117,0.934116809116809,False,False,False,False,-0.18057692095642316,-0.1841330823462195,False,False,False,False,-4204.0,-3653.4437513631237,False,False,False,False,60.612318267155324,False,False,False,False
2025-04-17 17:00:00+00:00,33.785,34.31,33.45,34.31,340.0,,34.35590609555189,36.74341462294479,36.384037079076826,36.58021058315335,,34.095212014134276,36.51538546518574,36.39296058334611,36.32355219281585,36.403753295477586,36.403753295477586,35.8970780506546,35.8970780506546,,36.74341462294479,36.01589209518171,36.00452784244168,"rgba(239, 83, 80, 0.75)",1.6089305020293014,36.19012674650817,-1.1685568420368773,43.71492941069662,-1.6610026993895488,False,True,False,True,True,0.0,0.0,0.0,0.0,0.0,0,0.8715378528092856,0.932313373780005,False,False,False,False,-0.18980231913761167,-0.1869677007419156,False,False,False,False,-3864.0,-3656.7081893264863,False,False,False,False,64.94391023200562,False,False,False,False
2025-04-18 17:00:00+00:00,34.31,34.31,34.31,34.31,0.0,,34.35590609555189,36.74341462294479,36.384037079076826,36.58021058315335,,34.095212014134276,36.51538546518574,36.39296058334611,36.32355219281585,36.403753295477586,36.403753295477586,35.8970780506546,35.8970780506546,,36.74341462294479,36.01589209518171,36.00452784244168,"rgba(239, 83, 80, 0.75)",1.6220601876170169,36.19012674650817,-1.159098016745161,44.1926559916546,-1.6610026993895488,False,True,False,True,True,0.0,0.0,0.0,0.0,0.0,0,0.8942323314378557,0.9280259951259137,False,False,False,False,-0.15220673273098936,-0.1695872167364525,False,False,False,False,-3864.0,-3659.9220158485564,False,False,False,False,63.93702790282724,False,False,False,False
2025-04-21 17:00:00+00:00,34.31,34.31,33.44,33.65,43.0,,34.31913076923077,36.708946532316624,36.368367414093,36.56593947713979,,34.07436781609196,36.49462785185187,36.37601570415403,36.30988560033587,36.39244977284199,36.39244977284199,35.88911352528999,35.88911352528999,,36.708946532316624,35.990596048195044,35.98984429191538,"rgba(239, 83, 80, 0.75)",1.646971741991592,36.166879831720806,-1.528186408758467,42.8574758116676,-1.6610026993895488,False,True,False,True,True,0.0,0.0,0.0,0.0,0.0,0,0.8960996214822539,0.9130506336057929,False,False,False,False,-0.19024240909328177,-0.17991481291486713,False,False,False,False,-3907.0,-3663.7526822695086,False,False,False,False,63.61242281906247,False,False,False,False
2025-04-22 17:00:00+00:00,33.65,33.65,32.835,32.835,2.0,,34.315411554192224,36.70698557430593,36.36744771840784,36.56511377650476,,34.0712002182215,36.49342367158346,36.37502228299405,36.30907894736844,36.39178644729316,36.39178644729316,35.88862210055339,35.88862210055339,,36.70698557430593,35.98873965585268,35.98870287361531,"rgba(239, 83, 80, 1.0)",1.6902697236650248,35.94321382329608,-1.8388862912106785,40.1933147868457,-4.305537773426742,False,True,False,True,False,0.0,0.0,0.0,0.0,0.0,0,0.8833260057155424,0.9283358979995602,False,False,False,False,-0.246566743517642,-0.21324077821625456,False,False,False,False,-3909.0,-3667.5549662653298,False,False,False,False,62.65719145752662,False,False,False,False
2025-04-23 17:00:00+00:00,32.835,35.1,32.835,35.1,209.0,,34.32259388308169,36.5798532062838,36.30956062266048,36.51108445893495,,34.14098577235772,36.41648389307747,36.312546262209814,36.258717948717965,36.34949914327138,36.34949914327138,35.860648718171035,35.860648718171035,,36.5798532062838,35.930773042740235,35.95548298301096,"rgba(239, 83, 80, 0.75)",1.6902697236650248,35.82239930458346,-0.42738699893238213,44.774719028057675,-4.305537773426742,False,True,False,True,True,0.0,0.0,0.0,0.0,0.0,0,0.8880649148261597,0.9130528239024126,False,False,False,False,-0.1821123363071991,-0.19767655726172684,False,False,False,False,-3700.0,-3668.057990044162,False,False,False,False,64.92607221012311,False,False,False,False
2025-04-24 17:00:00+00:00,34.55,34.55,34.55,34.55,0.0,,34.32259388308169,36.5798532062838,36.30956062266048,36.51108445893495,,34.14098577235772,36.41648389307747,36.312546262209814,36.258717948717965,36.34949914327138,36.34949914327138,35.860648718171035,35.860648718171035,,36.5798532062838,35.930773042740235,35.95548298301096,"rgba(239, 83, 80, 0.5)",1.696095630377983,35.82239930458346,-0.7501931387559236,46.497336934466674,-9.04619611810859,False,False,False,True,True,0.0,0.0,0.0,0.0,0.0,0,0.9003806766393226,0.9151788107876252,False,False,False,False,-0.13141389458067984,-0.16454522592120335,False,False,False,False,-3700.0,-3668.553215004718,False,False,False,False,63.91946643942352,False,False,False,False
2025-04-25 17:00:00+00:00,35.0,35.19,35.0,35.15,6.0,,34.328066128412146,36.577590640267424,36.30857849844921,36.51010860290125,,34.148048829701374,36.415145498117106,36.31148766612724,36.257875444403595,36.34876638345517,36.34876638345517,35.86026013230493,35.86026013230493,,36.577590640267424,35.93108596750751,35.9557643339378,#000000,1.6956877023154011,35.824855725107874,-0.3979834990761469,49.036099723460055,-6.5306271902156965,False,False,False,False,True,0.0,0.0,0.0,0.0,0.0,0,0.8978117810711039,0.917179391150821,False,False,False,False,-0.08458519983554956,-0.12456521287837646,False,False,False,False,-3694.0,-3668.9477388030946,False,False,False,False,63.02149021555649,False,False,False,False
2025-04-28 17:00:00+00:00,34.925,34.94,34.925,34.94,6.0,,34.33223749522718,36.57506033376123,36.307451690821274,36.50900968992248,,34.15372395833334,36.41362688098497,36.31027365378022,36.25690309935074,36.34792884412848,36.34792884412848,35.859779269525035,35.859779269525035,,36.57506033376123,35.930939802433045,35.95573779289018,#000000,1.6975718615790985,35.82623463450085,-0.522060158134612,50.15559730659962,-5.315254359947382,True,False,False,False,True,0.0,0.0,0.0,0.0,0.0,0,0.8979035190929514,0.913145790993689,False,False,False,False,-0.0985000243736212,-0.11153261862599884,False,False,False,False,-3700.0,-3669.4291692092484,False,False,False,False,62.13743610368739,False,False,False,False
2025-04-29 17:00:00+00:00,34.875,35.5,34.875,35.49,3.0,,34.33551179604262,36.574070035915845,36.30703384811627,36.508584021077915,,34.1578003992016,36.41304990599899,36.30982319521993,36.25654726916484,36.34761507583982,36.34761507583982,35.85963081630296,35.85963081630296,,36.574070035915845,35.931299925288165,35.95601167679543,"rgba(38, 166, 154, 1.0)",1.6903216896242903,35.82778980883228,-0.19983758766495952,52.26008670710047,-3.1410196746723287,True,False,True,False,True,0.0,0.0,0.0,0.0,0.0,0,0.9000372796506368,0.9055227139585661,False,False,False,False,-0.07667936586468162,-0.09410599224534022,False,False,False,False,-3697.0,-3669.85662395019,False,False,False,False,61.220576629211614,False,False,False,False
2025-04-30 17:00:00+00:00,36.24,36.38,36.24,36.35,14.0,,34.3667808988764,36.57317271642808,36.307064975219404,36.50828304514332,,34.193510011778564,36.41283574879229,36.309850928641275,36.25666157294214,36.34758156727451,36.34758156727451,35.860192296603806,35.860192296603806,,36.57317271642808,35.938825408916806,35.96117338475816,"rgba(38, 166, 154, 1.0)",1.6850083353176597,35.84638573437337,0.29887939131867186,55.56184681648435,0.0912456612995598,True,False,True,False,True,1.5784269525258559,0.0,0.0,0.0,0.0,0,0.9065579883863409,0.9061317990517286,False,False,False,False,0.01878959786068603,-0.037658197192327096,False,False,False,False,-3683.0,-3670.0603972222802,False,False,False,False,60.48847466596802,False,False,False,False
2025-05-01 17:00:00+00:00,36.35,36.35,35.72,35.72,8.0,,34.38070712694877,36.571860119047614,36.30665394922107,36.50774666666667,,34.20971995332555,36.41217804642717,36.30940587775827,36.25634241165935,36.34725253619619,36.34725253619619,35.860240564678755,35.860240564678755,,36.571860119047614,35.94174196547103,35.96319884660592,"rgba(38, 166, 154, 1.0)",1.68200720130002,35.853707203184904,-0.07949264609661758,55.745867133655125,0.43121133797697553,True,False,True,False,True,0.01858738180771624,0.0,0.0,0.0,0.0,0,0.907678293950598,0.9059100894818625,False,False,False,False,-0.004564204423469961,-0.02111120080789853,False,False,False,False,-3691.0,-3670.385042226586,False,False,False,False,59.67469986494526,False,False,False,False
2025-05-02 17:00:00+00:00,35.72,35.72,35.72,35.72,0.0,,34.38070712694877,36.571860119047614,36.30665394922107,36.50774666666667,,34.20971995332555,36.41217804642717,36.30940587775827,36.25634241165935,36.34725253619619,36.34725253619619,35.860240564678755,35.860240564678755,,36.571860119047614,35.94174196547103,35.96319884660592,"rgba(38, 166, 154, 1.0)",1.6822783698048949,35.853707203184904,-0.0794798325799146,55.86854734510231,0.854014790190817,True,False,True,False,True,0.01858738180771624,0.0,0.0,0.0,0.0,0,0.9038700275273928,0.9152048361850271,False,False,False,False,-0.03132256245061722,-0.026216881629257876,False,False,False,False,-3691.0,-3670.704653975011,False,False,False,False,58.74951071975231,False,False,False,False
2025-05-05 17:00:00+00:00,36.39,36.39,36.205,36.205,6.0,,34.39322455752212,36.57139370011886,36.306621284320414,36.50757907542579,,34.224020857473924,36.41202954017125,36.30936835430692,36.25634997152389,36.34720494143123,36.34720494143123,35.86045122091683,35.86045122091683,,36.57139370011886,35.94470465434679,35.96523283246504,"rgba(38, 166, 154, 1.0)",1.6816874649380102,35.860527672973745,0.20483730431977185,57.21760828090791,2.4608298087029823,True,False,True,False,True,1.2231861808140216,0.0,0.0,0.0,0.0,0,0.9033507233905238,0.9107190878287527,False,False,False,False,0.017727809329175545,-0.004244536150041165,False,False,False,False,-3685.0,-3670.926287246716,False,False,False,False,57.93168884812824,False,False,False,False
2025-05-06 17:00:00+00:00,35.29,35.42,34.6,34.9,179.0,,34.48910587873191,36.50170970361347,36.274901648059554,36.47640654559213,,34.352741522712726,36.3695193683284,36.27526736061602,36.22892133444804,36.32341668278841,36.32341668278841,35.84694257762653,35.84694257762653,,36.50170970361347,35.93553094399927,35.96003221847265,"rgba(38, 166, 154, 0.75)",1.6870999505788458,35.86198488092771,-0.5702002899102988,53.96776174128683,2.4608298087029823,True,False,True,False,False,0.0,0.0,0.0,0.0,0.0,0,0.8918443496801708,0.9134861407249466,False,False,False,False,-0.09185930885825037,-0.04805192250414577,False,False,False,False,-3864.0,-3673.9196781421156,False,False,False,False,59.80871692800222,False,False,False,False
2025-05-07 17:00:00+00:00,34.58,35.075,34.525,34.525,8.0,,34.49071341277115,36.49822149282761,36.27323774119315,36.47480248733651,,34.35545079365079,36.36732855258821,36.27348193514696,36.22746987233028,36.32216782653521,36.32216782653521,35.84616821105726,35.84616821105726,,36.49822149282761,35.93424378353211,35.95917643112056,#000000,1.6944617205833903,35.765515835133726,-0.7321002416664967,50.80540141608507,5.639746225348716,True,False,False,False,False,0.0,0.0,0.0,0.0,0.0,0,0.8916799152093272,0.9176470588235294,False,False,False,False,-0.1098739226050298,-0.07896292255458778,False,False,False,False,-3872.0,-3676.990690884098,False,False,False,False,59.005481006637844,False,False,False,False
2025-05-08 17:00:00+00:00,35.62,36.1,35.62,36.1,3.0,,34.494687690432656,36.49781462585033,36.273105065251066,36.474620602350456,,34.35996517885406,36.36711731751526,36.27333950265758,36.2273670085878,36.32205704254839,36.32205704254839,35.84619213553175,35.84619213553175,,36.49781462585033,35.935056995971124,35.95972788974903,"rgba(38, 166, 154, 1.0)",1.6942447678341033,35.787954934404,0.18417944769274183,52.93897993180944,5.639746225348716,True,False,True,False,True,0.9907978482131874,0.0,0.0,0.0,0.0,0,0.8925059163818042,0.9074414935577175,False,False,False,False,-0.019426699655264328,-0.04919481110492606,False,False,False,False,-3869.0,-3679.967579397523,False,False,False,False,58.13717897552718,False,False,False,False
2025-05-09 17:00:00+00:00,36.1,36.66,36.1,36.65,22.0,,34.533627538829144,36.497666747220876,36.273678267390075,36.47460910701497,,34.4031472868217,36.367488918075864,36.27395354338161,36.228002022365,36.322370873911225,36.322370873911225,35.8473563510915,35.8473563510915,,36.497666747220876,35.94489541511376,35.966384267079725,"rgba(38, 166, 154, 1.0)",1.6952171377567078,35.863527951343954,0.463935876495909,55.539729264241544,5.639746225348716,True,False,True,False,True,2.2818929213232764,0.0,0.0,0.0,0.0,0,0.8974034865960925,0.9021435719176278,False,False,False,False,0.024736464450743303,-0.012229173327091378,False,False,False,False,-3847.0,-3682.5572293293444,False,False,False,False,57.576912634821326,False,False,False,False
2025-05-12 17:00:00+00:00,36.65,37.43,36.22,36.22,11.0,,34.554023957409036,36.49799991965935,36.27418648696267,36.474793878473015,,34.425635359116015,36.367950125641876,36.274498134240254,36.22851867252784,36.322689751492966,36.322689751492966,35.84807978077238,35.84807978077238,,36.49799991965935,35.950251060626016,35.97000879646918,"rgba(38, 166, 154, 1.0)",1.6949262042454059,35.88186149057348,0.19950043168815312,55.90211576145728,0.947331269352695,True,False,True,False,True,1.221107730752724,0.0,0.0,0.0,0.0,0,0.8992147277549538,0.895366373706381,False,False,False,False,0.06260013364967681,0.02518548016129272,False,False,False,False,-3858.0,-3685.2772722854784,False,False,False,False,56.854789958312466,False,False,False,False
2025-05-13 17:00:00+00:00,36.11,37.5,36.11,37.16,225.0,,34.948324704142,36.519879210486195,36.292928696693636,36.485909791827304,,34.85430205949656,36.387700595332184,36.29454591229518,36.24660861683254,36.3354308475535,36.3354308475535,35.86820054335772,35.86820054335772,,36.519879210486195,36.06176060078728,36.04603134606017,"rgba(38, 166, 154, 1.0)",1.6981383208551235,36.076999985851444,0.6377572432398743,58.20819513153988,3.2777230153014685,True,False,True,False,True,3.4129900941356937,0.0,0.0,0.0,0.0,0,0.8991510162078729,0.897658862876254,False,False,False,False,0.06089535452504113,0.04304041734316692,False,False,False,False,-3633.0,-3684.4667719399667,False,False,False,False,59.46169243957894,False,False,False,False
2025-05-14 17:00:00+00:00,37.16,37.66,36.84,37.35,131.0,,35.15458642391548,36.54207954125045,36.30930212014136,36.4972520810713,,35.0749699491447,36.40586843191908,36.31201942533389,36.26208917512065,36.34699494008816,36.34699494008816,35.883452077334425,35.883452077334425,,36.54207954125045,36.12580504159465,36.09034127700416,"rgba(38, 166, 154, 1.0)",1.702864050055927,36.16512622216478,0.6958123156081115,60.135341730432174,5.224933759508417,True,False,True,False,True,3.8489695027541977,0.0,0.0,0.0,0.0,0,0.907278675117563,0.8948067879779185,False,False,False,False,0.0989287403460022,0.07098457884458456,False,False,False,False,-3502.0,-3681.637829739347,False,False,False,False,60.57081348702733,False,False,False,False
2025-05-15 17:00:00+00:00,37.35,38.315,37.35,38.315,28.0,,35.20719060225016,36.55104382675196,36.31523180751176,36.50178664213034,,35.130557823129244,36.41272150272383,36.318346100434546,36.267597053365165,36.351276704439904,36.351276704439904,35.88830118471093,35.88830118471093,,36.55104382675196,36.143813219661055,36.1028681533205,"rgba(38, 166, 154, 1.0)",1.7202948626367272,36.29587005315486,1.173711548350719,63.24852558140705,8.236056597224135,True,False,True,False,True,6.026001416501529,0.0,0.0,0.0,0.0,0,0.9131713749556223,0.8910077598011866,False,False,False,False,0.14916670878875618,0.11007564381667037,False,False,False,False,-3474.0,-3678.4186385805974,False,False,False,False,60.06583963451528,False,False,False,False
2025-05-16 17:00:00+00:00,37.54,37.54,37.54,37.54,0.0,,35.20719060225016,36.55104382675196,36.31523180751176,36.50178664213034,,35.130557823129244,36.41272150272383,36.318346100434546,36.267597053365165,36.351276704439904,36.351276704439904,35.88830118471093,35.88830118471093,,36.55104382675196,36.143813219661055,36.1028681533205,"rgba(38, 166, 154, 1.0)",1.7269405536021145,36.29587005315486,0.7204243042703995,62.52239466660864,8.236056597224135,True,False,True,False,True,4.044013963899644,0.0,0.0,0.0,0.0,0,0.9058248513554369,0.8930263025294766,False,False,False,False,0.12386210508800741,0.11696887445233889,False,False,False,False,-3474.0,-3675.2493573622937,False,False,False,False,59.13458630684837,False,False,False,False
2025-05-19 17:00:00+00:00,37.775,37.775,36.81,36.97,17.0,,35.229195026178,36.55341245421244,36.31708725477896,36.503041599135614,,35.154045057162065,36.414740376236615,36.320321578618056,36.26936569138884,36.352591115645,36.352591115645,35.890108060109284,35.890108060109284,,36.55341245421244,36.15068408357625,36.10768042782927,"rgba(38, 166, 154, 0.75)",1.7289418989919794,36.28494165124749,0.3962298265499341,60.186057538957726,8.236056597224135,True,False,True,False,False,2.619088622924224,0.0,0.0,0.0,0.0,0,0.9048845784714856,0.8903874324392582,False,False,False,False,0.10257437905877079,0.10977162675555484,False,False,False,False,-3491.0,-3672.3927781783823,False,False,False,False,58.481336906742186,False,False,False,False
2025-05-20 17:00:00+00:00,37.425,37.425,36.79,36.79,1.0,,35.2303542620449,36.55351094997435,36.31717314930993,36.503095469605306,,35.15528673835124,36.41483061705618,36.32041292398446,36.2694487281249,36.35265130440158,36.35265130440158,35.890199164002944,35.890199164002944,,36.55351094997435,36.151033457733625,36.10792582576041,"rgba(38, 166, 154, 0.75)",1.7297654061635823,36.28439356178688,0.29229769332391564,58.04906806949727,13.007625257444246,True,False,True,False,False,2.170810280001259,0.0,0.0,0.0,0.0,0,0.9046011187824424,0.8932117119387188,False,False,False,False,0.0867236740840393,0.09824765041979708,False,False,False,False,-3492.0,-3669.5959909198027,False,False,False,False,57.59015338880819,False,False,False,False
2025-05-21 17:00:00+00:00,36.89,37.65,36.77,37.04,359.0,,35.596005473163835,36.597367617107935,36.353213671109,36.52737372161554,,35.54364555134451,36.45346131429405,36.35866035644242,36.30402211810854,36.378447306231116,36.378447306231116,35.92630307855626,35.92630307855626,,36.597367617107935,36.26849012074908,36.191855290172576,"rgba(38, 166, 154, 0.75)",1.731505963287682,36.384241423224125,0.3787215237369197,57.343121094151925,12.182288990617245,True,False,True,False,False,2.76208032494198,0.0,0.0,0.0,0.0,0,0.9006479481641473,0.8938670952835401,False,False,False,False,0.09549994541769423,0.09687379791874565,False,False,False,False,-3133.0,-3661.2766732311234,False,False,False,False,62.26317426650108,False,False,False,False
2025-05-22 17:00:00+00:00,37.23,37.98,37.23,37.95,35.0,,35.63466371988212,36.605313447927195,36.35893312609599,36.53169930915372,,35.584119730782845,36.459887648593806,36.3647277049111,36.30940138934117,36.3826479095843,36.3826479095843,35.93128754796877,35.93128754796877,,36.605313447927195,36.28265240076476,36.202102834395184,"rgba(38, 166, 154, 0.75)",1.7402814880523094,36.40339276642278,0.888710960953882,59.228346917348375,12.182288990617245,True,False,True,False,False,4.876632808981675,0.0,0.0,0.0,0.0,0,0.9085530933520508,0.8888498947157324,False,False,False,False,0.1294706095051774,0.11317220371196152,False,False,False,False,-3098.0,-3652.5437015531215,False,False,False,False,61.84048939415222,False,False,False,False
2025-05-23 17:00:00+00:00,37.88,37.88,37.88,37.88,0.0,,35.63466371988212,36.605313447927195,36.35893312609599,36.53169930915372,,35.584119730782845,36.459887648593806,36.3647277049111,36.30940138934117,36.3826479095843,36.3826479095843,35.93128754796877,35.93128754796877,,36.605313447927195,36.28265240076476,36.202102834395184,"rgba(38, 166, 154, 1.0)",1.7480500281458777,36.40339276642278,0.8447168043259194,60.197706769986766,12.182288990617245,True,False,True,False,True,4.69352500784926,0.0,0.0,0.0,0.0,0,0.913615213433138,0.8932834311147074,False,False,False,False,0.1532931178516928,0.13323266078182716,False,False,False,False,-3098.0,-3643.946124784856,False,False,False,False,60.8817221167235,False,False,False,False
2025-05-26 17:00:00+00:00,37.88,37.88,37.88,37.88,0.0,,35.63466371988212,36.605313447927195,36.35893312609599,36.53169930915372,,35.584119730782845,36.459887648593806,36.3647277049111,36.30940138934117,36.3826479095843,36.3826479095843,35.93128754796877,35.93128754796877,,36.605313447927195,36.28265240076476,36.202102834395184,"rgba(38, 166, 154, 1.0)",1.7566702172724835,36.40339276642278,0.8405716787695601,60.8439466717457,12.182288990617245,True,False,True,False,True,4.69352500784926,0.0,0.0,0.0,0.0,0,0.9185661108561525,0.8914894701952986,False,False,False,False,0.1532931178516928,0.14326288931675998,False,False,False,False,-3098.0,-3635.4818437804392,False,False,False,False,59.93781944824717,False,False,False,False
2025-05-27 17:00:00+00:00,38.39,38.54,38.22,38.24,143.0,,35.821454501452074,36.653880044549254,36.392122173896034,36.5580072500766,,35.77826172839505,36.497936609383146,36.39993413373356,36.340335791648876,36.40728778376469,36.40728778376469,35.95825351965248,35.95825351965248,,36.653880044549254,36.356365992493494,36.25561390719178,"rgba(38, 166, 154, 1.0)",1.7599852835174792,36.50938551682894,0.9833119057179163,62.30730876660638,8.074027057966575,True,False,True,False,True,5.54610670139137,0.0,0.0,0.0,0.0,0,0.9191105708352331,0.8836549663171755,False,False,False,False,0.19707322440732708,0.17016805686204353,False,False,False,False,-2955.0,-3624.931737675316,False,False,False,False,61.22560519323558,False,False,False,False
2025-05-28 17:00:00+00:00,38.24,38.37,38.24,38.37,3.0,,35.82508699855001,36.65486577620637,36.39280415197809,36.5585488975092,,35.782031558185395,36.49871545523378,36.400656748760284,36.34097250418494,36.40779627340162,36.40779627340162,35.958811186981656,35.958811186981656,,36.65486577620637,36.35782645606092,36.256682857164186,"rgba(38, 166, 154, 1.0)",1.767202431084887,36.51137109921998,1.0517351425546677,63.65564572004294,9.563065741476215,True,False,True,False,True,5.8550763058826725,0.0,0.0,0.0,0.0,0,0.9189560439560442,0.8848697598697597,False,False,False,False,0.1904624725664595,0.18031526471425152,False,False,False,False,-2952.0,-3614.4986874787996,False,True,False,False,60.32288263210014,False,False,False,False
2025-05-29 17:00:00+00:00,38.01,38.1,37.64,38.02,25.0,,35.85009789875835,36.66104801928589,36.39727748486626,36.56201456063538,,35.808066244520205,36.50374192483615,36.405390495181145,36.34517920574029,36.411127412106794,36.411127412106794,35.962651835604994,35.962651835604994,,36.66104801928589,36.36760949088647,36.263897790013765,"rgba(38, 166, 154, 1.0)",1.7140381117841432,36.523405103374046,0.8731398014645958,62.59101600440352,9.563065741476215,True,False,True,False,True,4.878852053337159,0.0,0.0,0.0,0.0,0,0.9210122699386506,0.8881901840490797,False,False,False,False,0.15242397420222425,0.1663696194582379,False,False,False,False,-2977.0,-3604.6149868977327,False,False,False,False,59.77524104090478,False,False,False,False
2025-05-30 17:00:00+00:00,38.02,38.55,38.02,38.06,4.0,,35.854597235462336,36.662258138020825,36.3981266346567,36.56268549618322,,35.81273699562468,36.504706866487595,36.406289652881604,36.34597376082945,36.41176120849115,36.41176120849115,35.963355781780216,35.963355781780216,,36.662258138020825,36.36941687608078,36.26522649636941,"rgba(38, 166, 154, 1.0)",1.691484602992905,36.52577703255412,0.9070274507561216,62.029997539971525,9.563065741476215,True,False,True,False,True,4.97744506334546,0.0,0.0,0.0,0.0,0,0.9302577319587632,0.8778865979381442,False,False,False,False,0.1887024028355392,0.17753601114688855,False,False,False,False,-2973.0,-3594.8225064807134,False,False,False,False,58.91050862166595,False,False,False,False
2025-06-02 17:00:00+00:00,38.15,38.22,38.15,38.22,5.0,,35.860165636392445,36.66375512195121,36.399179151061205,36.56351661580198,,35.81851762043323,36.50590209098617,36.40740404166151,36.346958905568,36.41254695662382,36.41254695662382,35.96422987606002,35.96422987606002,,36.66375512195121,36.37165413130171,36.26687234970808,"rgba(38, 166, 154, 1.0)",1.6708938159392557,36.52869795331407,1.0122139603079439,62.285755532496445,9.563065741476215,True,False,True,False,True,5.377006637436281,0.0,0.0,0.0,0.0,0,0.9520367243562687,0.8697235120303926,False,False,False,False,0.1799191351999612,0.17872757317342486,False,False,False,False,-2968.0,-3585.1043280856634,False,False,False,False,58.074686782570346,False,False,False,False
2025-06-03 17:00:00+00:00,37.52,38.67,37.52,38.19,232.0,38.12666666666667,36.08535974304068,36.72711063406135,36.44484655120027,36.59955823891872,,36.051948561464684,36.557340857273154,36.45566404517042,36.38985679653682,36.44685893011217,36.44685893011217,36.00280028702493,36.00280028702493,38.12666666666667,36.72711063406135,36.79670836677754,36.33590405824205,"rgba(38, 166, 154, 1.0)",1.6564446893901745,36.74719380063725,0.8710258836918504,62.245017344278565,9.563065741476215,True,False,True,False,True,5.2893511907481034,-1.0,38.67,37.52,0.0,0,0.9292711186012222,0.8749210027385717,False,False,False,False,0.17203764563389612,0.1753826094036605,False,False,False,False,-3200.0,-3579.1337183479013,False,False,False,False,60.7712032665615,False,False,False,False
2025-06-04 17:00:00+00:00,38.12,38.195,38.1,38.1,11.0,38.12689300411523,36.09495453253765,36.72998882265275,36.446958195819604,36.60123134451836,,36.06187346348517,36.559706324272646,36.45789169486066,36.39184516396847,36.448456454903315,36.448456454903315,36.0045991447739,36.0045991447739,38.12689300411523,36.72998882265275,36.800005179928725,36.33897552873821,"rgba(38, 166, 154, 0.75)",1.6270633469951434,36.75184448468799,0.8285820695314529,61.535352310015114,9.563065741476215,True,False,True,False,False,5.022202678816832,0.0,0.0,0.0,0.0,0,0.9244751528036143,0.8828594206749932,False,False,False,False,0.17663254778688475,0.1760075785952726,False,False,False,False,-3211.0,-3573.4262188386315,False,False,False,False,59.999556704289226,False,False,False,False
2025-06-05 17:00:00+00:00,38.2,38.2,38.2,38.2,0.0,38.12689300411523,36.09495453253765,36.72998882265275,36.446958195819604,36.60123134451836,,36.06187346348517,36.559706324272646,36.45789169486066,36.39184516396847,36.448456454903315,36.448456454903315,36.0045991447739,36.0045991447739,38.12689300411523,36.72998882265275,36.800005179928725,36.33897552873821,"rgba(38, 166, 154, 0.75)",1.6213208523627303,36.75184448468799,0.8931948992092659,61.587965161535834,9.563065741476215,True,False,True,False,False,5.285199931660177,0.0,0.0,0.0,0.0,0,0.9280248300957888,0.8810402953925187,False,False,False,False,0.18123484379050914,0.17862121119289087,False,False,False,False,-3211.0,-3567.8072076938465,False,False,False,False,59.06933101895141,False,False,False,False
2025-06-06 17:00:00+00:00,38.42,38.635,37.53,37.53,226.0,38.01675550817342,36.253416277864176,36.77719044214038,36.48335127038724,36.62969479237467,,36.225856051626494,36.59979241199594,36.49618148670903,36.426368214696154,36.47616188946196,36.47616188946196,36.036914451827236,36.036914451827236,38.01675550817342,36.77719044214038,36.832081658187974,36.39106234225411,"rgba(38, 166, 154, 0.75)",1.6006879630192947,36.81509536869801,0.44662335684308097,56.901024511017766,9.775397976226238,True,False,True,False,False,3.273991181069544,0.0,0.0,0.0,0.0,0,0.9217791411042948,0.8778294901628941,False,False,False,False,0.17094468782653416,0.17478294950971252,False,False,False,False,-3437.0,-3565.779188969911,False,False,False,False,61.65740340625449,False,False,False,False
2025-06-09 17:00:00+00:00,37.83,37.885,37.745,37.745,17.0,38.00888203017833,36.26351680185399,36.78026406463494,36.48581432262829,36.63160963551765,,36.236302982731544,36.60247113520183,36.49876667840515,36.42871765023452,36.47805006754474,36.47805006754474,36.03916396450745,36.03916396450745,38.00888203017833,36.78026406463494,36.834017370962634,36.394503220881425,"rgba(38, 166, 154, 0.5)",1.603475358471445,36.81886093993678,0.5775823464765186,55.115317950150875,8.173567212653296,False,False,True,False,False,3.8575545565962734,0.0,0.0,0.0,0.0,0,0.9219648604442572,0.8851369176383685,False,False,False,False,0.1476477302917666,0.16121533990073955,False,False,False,False,-3420.0,-3563.5190465052615,False,False,False,False,60.965040562746665,False,False,False,False
2025-06-10 17:00:00+00:00,37.36,37.65,37.36,37.59,10.0,37.9992943548387,36.26840259074002,36.781603807151754,36.48697308259589,36.632482891083995,,36.24137346885587,36.60370015843676,36.49997967717983,36.42983466477906,36.478940301445355,36.478940301445355,36.04028985507246,36.04028985507246,37.9992943548387,36.781603807151754,36.833751345282074,36.39615120388782,#000000,1.6078658005046118,36.884796224526525,0.43859616595623685,52.920499712981425,6.193581338968819,False,False,False,False,False,3.3883845510462223,0.0,0.0,0.0,0.0,0,0.9177409129332209,0.889740067624683,False,False,False,False,0.12084537135798437,0.14103035562936195,False,False,False,False,-3430.0,-3561.448983768746,False,False,False,False,60.17488489510718,False,False,False,False
2025-06-11 17:00:00+00:00,37.67,37.76,37.38,37.41,7.0,37.99257786613651,36.27175556408288,36.78251806443971,36.487769794775446,36.63308187360883,,36.24485380116958,36.604543156135946,36.50081341768198,36.430603442468346,36.479552735857006,36.479552735857006,36.04106818295927,36.04106818295927,37.99257786613651,36.78251806443971,36.833540632608674,36.39728392458987,#000000,1.6122337981259802,36.88505466201408,0.32560124877427965,50.30951342104868,3.850263123820234,False,True,False,False,False,2.8395995178734417,0.0,0.0,0.0,0.0,0,0.918280362029047,0.8860766154493793,False,False,False,False,0.12644966125532442,0.13374000844234318,False,False,False,False,-3437.0,-3559.5195421599283,False,False,False,False,59.350468075028,False,False,False,False
2025-06-12 17:00:00+00:00,37.8,37.8,37.535,37.59,3.0,37.990497364953875,36.27333077807588,36.78297578878825,36.488152302025796,36.6333746130031,,36.2464855919003,36.60495341068916,36.50121423273608,36.43097046839749,36.47984659474038,36.47984659474038,36.0414297367166,36.0414297367166,37.990497364953875,36.78297578878825,36.83366616936938,36.39782094713148,#000000,1.614984137930051,36.88658596698882,0.43555476273145416,49.92189525434642,3.531084354819207,False,True,False,False,False,3.3514368437844126,0.0,0.0,0.0,0.0,0,0.9240132792327557,0.8841755809664332,False,False,False,False,0.1348710474074514,0.1343055279248973,False,False,False,False,-3434.0,-3557.573502746596,False,False,False,False,58.4768174071981,False,False,False,False
2025-06-13 17:00:00+00:00,37.36,37.36,37.36,37.36,0.0,37.990497364953875,36.27333077807588,36.78297578878825,36.488152302025796,36.6333746130031,,36.2464855919003,36.60495341068916,36.50121423273608,36.43097046839749,36.47984659474038,36.47984659474038,36.0414297367166,36.0414297367166,37.990497364953875,36.78297578878825,36.83366616936938,36.39782094713148,"rgba(239, 83, 80, 1.0)",1.613902019866644,36.88658596698882,0.29333505205619564,48.089919573691596,1.7817398927397434,False,True,False,True,False,2.6334587239588494,0.0,0.0,0.0,0.0,0,0.9235585016835018,0.8818392255892257,False,False,False,False,0.10837014022969703,0.12133783407729717,False,False,False,False,-3434.0,-3555.657634486959,False,False,False,False,57.57020008305549,False,False,False,False
2025-06-16 17:00:00+00:00,37.61,37.715,37.425,37.425,8.0,37.98320038910505,36.27714686027257,36.78402376307856,36.489065098991695,36.634061613818,,36.25044578157349,36.605919388830344,36.50216937716939,36.431851216311706,36.480548629829286,36.480548629829286,36.042320841798976,36.042320841798976,37.98320038910505,36.78402376307856,36.83349954505317,36.39911483790607,"rgba(239, 83, 80, 1.0)",1.6178861695612463,36.95072308269786,0.2931460359975469,47.417556466367,1.0818242632739086,False,True,False,True,False,2.8241871272306796,0.0,0.0,0.0,0.0,0,0.9229355871699301,0.87904876896425,False,False,False,False,0.12644966125532442,0.1238937476663108,False,False,False,False,-3426.0,-3553.6474386034406,False,False,False,False,56.80166984920967,False,False,False,False
2025-06-17 17:00:00+00:00,37.545,37.625,37.5,37.625,116.0,37.909574074074065,36.33258690084156,36.800134955111496,36.502901496984244,36.64458891013385,,36.30788075780089,36.62062878394741,36.51664646581247,36.445177757823686,36.491219552886214,36.491219552886214,36.05565597413899,36.05565597413899,37.909574074074065,36.800134955111496,36.83795726742905,36.41834697789941,#000000,1.6196706566570687,36.97085619248146,0.40387458081673333,48.64168106189226,1.0818242632739086,False,True,False,False,False,3.4165404157530297,0.0,0.0,0.0,0.0,0,0.9417725591121122,0.8796311189748539,False,False,False,False,0.12580261562535025,0.12484818164583053,False,False,False,False,-3310.0,-3549.8699589351704,False,False,False,False,57.71947341743898,False,False,False,False
2025-06-18 17:00:00+00:00,38.13,38.13,37.46,37.46,1.0,37.909215530903325,36.33308095586442,36.80028839471855,36.5030301544051,36.64468820699105,,36.3083915088501,36.62076663639901,36.51678112496154,36.44530127693537,36.49131898684905,36.49131898684905,36.05577738823412,36.05577738823412,37.909215530903325,36.80028839471855,36.83806064857649,36.41852227272546,"rgba(239, 83, 80, 1.0)",1.6255131774581202,36.97111576267434,0.30075685888326753,48.10414419336095,1.0818242632739086,False,True,False,True,False,2.878475796101249,0.0,0.0,0.0,0.0,0,0.9411606518582264,0.8605926961759801,False,False,False,False,0.14591258234055512,0.13538038199319283,False,False,False,False,-3311.0,-3546.1665487191212,False,False,False,False,56.84010173654845,False,False,False,False
2025-06-19 17:00:00+00:00,37.46,37.46,37.46,37.46,0.0,37.909215530903325,36.33308095586442,36.80028839471855,36.5030301544051,36.64468820699105,,36.3083915088501,36.62076663639901,36.51678112496154,36.44530127693537,36.49131898684905,36.49131898684905,36.05577738823412,36.05577738823412,37.909215530903325,36.80028839471855,36.83806064857649,36.41852227272546,"rgba(239, 83, 80, 1.0)",1.6309708516459829,36.97111576267434,0.29975044424140357,47.74578628100675,1.070571533567012,False,True,False,True,False,2.878475796101249,0.0,0.0,0.0,0.0,0,0.933308234281719,0.8653256601946968,False,False,False,False,0.11696991973622972,0.12617515086471126,False,False,False,False,-3311.0,-3542.520555715724,False,False,False,False,55.9588598491601,False,False,False,False
2025-06-20 17:00:00+00:00,37.475,37.475,37.44,37.44,1.0,37.90849156118143,36.333489945155385,36.800401540154006,36.50313353676258,36.64476534123495,,36.30881588715664,36.62087440553394,36.516889017118686,36.445401662510406,36.491399082568805,36.491399082568805,36.0558815046866,36.0558815046866,37.90849156118143,36.800401540154006,36.83805638489767,36.41866580602056,"rgba(239, 83, 80, 1.0)",1.6359747266709868,36.97107547524627,0.28663311059085234,47.3180317349344,0.43752997092245494,False,True,False,True,False,2.811090962172944,0.0,0.0,0.0,0.0,0,0.9329741379310347,0.8649245689655171,False,False,False,False,0.11675472044716695,0.1214649356559391,False,False,False,False,-3312.0,-3538.9465936116044,False,False,False,False,55.10678450266149,False,False,False,False
2025-06-23 17:00:00+00:00,37.71,37.71,37.59,37.59,49.0,37.888453255017126,36.35630926724137,36.807402973935,36.50911906052395,36.64935829131387,,36.332417061611366,36.627247282725435,36.52314819065107,36.45116355634969,36.49603330841431,36.49603330841431,36.0616136543797,36.0616136543797,37.888453255017126,36.807402973935,36.84212856960626,36.42680805179227,#000000,1.6427923848800017,36.97973325570972,0.37148135693048195,48.67942798788738,0.43752997092245494,False,True,False,False,False,3.2859711255739477,0.0,0.0,0.0,0.0,0,0.9331685827871498,0.8636510153647792,False,False,False,False,0.1333581497292373,0.1274115426925882,False,False,False,False,-3263.0,-3534.668351850184,False,False,False,False,55.01210567316286,False,False,False,False
2025-06-24 17:00:00+00:00,37.76,38.09,37.56,37.56,9.0,37.886473429951685,36.36075725026852,36.80884121524792,36.510315500685884,36.65028849809886,,36.33700944767441,36.628532655338134,36.52440024456419,36.45231098548714,36.49696007636122,36.49696007636122,36.06273325906671,36.06273325906671,37.886473429951685,36.80884121524792,36.84333517885058,36.428415249264724,#000000,1.6445809647291474,36.98217411082386,0.35135143940529806,49.23855819057229,0.43752997092245494,False,True,False,False,True,3.1810123489928337,0.0,0.0,0.0,0.0,1,0.933226495726496,0.8603632478632479,False,False,False,False,0.14851563473507245,0.13796358871383033,False,False,False,False,-3272.0,-3530.595974302119,False,False,False,False,54.29873969373397,False,False,False,False
2025-06-25 17:00:00+00:00,37.47,37.54,37.25,37.54,41.0,37.8616187870497,36.37641907786403,36.813283526867025,36.514439892183304,36.65336726320109,,36.35324979114452,36.632810645836,36.5286992240986,36.45632441064139,36.50016971351366,36.50016971351366,36.06692432992744,36.06692432992744,37.8616187870497,36.813283526867025,36.843825709433034,36.434049689810756,#000000,1.6435250377008115,36.98189905953885,0.33957556329163097,49.35912314375472,0.43752997092245494,False,True,False,False,True,3.1097725222111343,0.0,0.0,0.0,0.0,1,0.9419914820205942,0.8648444660089493,False,False,False,False,0.11137818288840873,0.12467088580111953,False,False,False,False,-3313.0,-3527.222393305187,False,False,False,False,54.0925576829784,False,False,False,False
2025-06-26 17:00:00+00:00,37.52,37.965,37.52,37.555,17.0,37.85749108734402,36.384192096340456,36.81579232646574,36.51657232027552,36.655017174008954,,36.361276393831545,36.63508539909703,36.53092814030294,36.458375735463314,36.50182650476348,36.50182650476348,36.06895215558677,36.06895215558677,37.85749108734402,36.81579232646574,36.845813000886935,36.436895833401216,#000000,1.6431995404483395,36.98547834585262,0.34659311917284763,49.64979935471792,0.43752997092245494,False,True,False,False,True,3.1598709223040373,0.0,0.0,0.0,0.0,1,0.9322756462144517,0.8632022017160432,False,False,False,False,0.14136193918213208,0.1330164124916258,False,False,False,False,-3296.0,-3523.63754999813,False,False,False,False,53.51747926928881,False,False,False,False
2025-06-27 17:00:00+00:00,38.0,38.0,37.305,37.565,410.0,37.77458549222798,36.53998722273331,36.86848877924558,36.56334329691474,36.691148373983744,,36.52197308488612,36.68428181155901,36.579659086787814,36.50364467822956,36.538564903590064,36.538564903590064,36.11469221751716,36.11469221751716,37.77458549222798,36.86848877924558,36.88751063302107,36.49734009802283,#000000,1.6464507226096645,37.041038170093,0.31823717692352327,49.99788514715598,0.43752997092245494,False,True,False,False,True,3.1939115793156496,0.0,0.0,0.0,0.0,1,0.9303386464874149,0.8625020125583641,False,False,False,False,0.13357424065781082,0.13329532657471832,False,False,False,False,-2886.0,-3513.7516965097866,False,False,False,False,59.04434005581146,False,False,False,False
2025-06-30 17:00:00+00:00,37.15,37.5,37.15,37.5,3.0,37.7735745047373,36.54076235702614,36.868734489341385,36.56359677142368,36.6913373062809,37.38333333333334,36.522774847450606,36.68453635149897,36.579921325502156,36.50389473185523,36.53876734030939,36.53876734030939,36.11496531764255,36.11496531764255,37.7735745047373,36.868734489341385,36.88760108576188,36.608370073487706,#000000,1.646195417121326,37.08474373522304,0.2522521083815849,49.15382693291917,0.43752997092245494,False,True,False,False,True,2.9489329023249162,0.0,0.0,0.0,0.0,1,0.9263197264372731,0.8677602051720451,False,False,False,False,0.10536404980324143,0.11932968818897988,False,False,False,False,-2889.0,-3504.065623695681,False,False,False,False,58.17543555882213,False,False,False,False
2025-07-01 17:00:00+00:00,37.36,37.36,37.36,37.36,0.0,37.7735745047373,36.54076235702614,36.868734489341385,36.56359677142368,36.6913373062809,37.38333333333334,36.522774847450606,36.68453635149897,36.579921325502156,36.50389473185523,36.53876734030939,36.53876734030939,36.11496531764255,36.11496531764255,37.7735745047373,36.868734489341385,36.88760108576188,36.608370073487706,"rgba(239, 83, 80, 1.0)",1.6406985932442861,37.08474373522304,0.16776772157320502,46.47604026769052,-1.281325568348457,False,True,False,True,False,2.415875499488937,0.0,0.0,0.0,0.0,1,0.9271766965428938,0.8679577464788732,False,False,False,False,0.10837014022969703,0.11384991420933846,False,False,False,False,-2889.0,-3494.529722553112,False,False,False,False,57.27349082147605,False,False,False,False
2025-07-02 17:00:00+00:00,37.36,37.55,37.36,37.4,363.0,37.693326771653545,36.630426890910755,36.89974056249059,36.59507515560855,36.71516631436793,37.43622950819672,36.61528536902769,36.71627586607766,36.612462767256126,36.53491023174866,36.56406911452673,36.56406911452673,36.148518544420355,36.148518544420355,37.693326771653545,36.89974056249059,36.90674713900627,36.64897756447259,"rgba(239, 83, 80, 1.0)",1.643439532047164,37.10214366745228,0.18123960555864785,45.49943213286272,-2.1865506549831153,False,True,False,True,False,2.560301809995316,0.0,0.0,0.0,0.0,1,0.9284115138592751,0.8660447761194028,False,False,False,False,0.1165395319226888,0.11519472306601364,False,False,False,False,-2526.0,-3479.513757862366,False,False,False,False,62.01343670021286,False,False,False,False
2025-07-03 17:00:00+00:00,37.4,37.4,37.4,37.4,0.0,37.693326771653545,36.630426890910755,36.89974056249059,36.59507515560855,36.71516631436793,37.43622950819672,36.61528536902769,36.71627586607766,36.612462767256126,36.53491023174866,36.56406911452673,36.56406911452673,36.148518544420355,36.148518544420355,37.693326771653545,36.89974056249059,36.90674713900627,36.64897756447259,"rgba(239, 83, 80, 1.0)",1.6445220889063203,37.10214366745228,0.18112029905649027,44.848360042977525,-2.819391073522354,False,True,False,True,False,2.560301809995316,0.0,0.0,0.0,0.0,1,0.9288379530916846,0.8664712153518123,False,False,False,False,0.11180806591955035,0.11350139449278199,False,False,False,False,-2526.0,-3464.7305988257403,False,False,False,False,61.051988069201805,False,False,False,False
2025-07-04 17:00:00+00:00,37.4,37.4,37.4,37.4,0.0,37.693326771653545,36.630426890910755,36.89974056249059,36.59507515560855,36.71516631436793,37.43622950819672,36.61528536902769,36.71627586607766,36.612462767256126,36.53491023174866,36.56406911452673,36.56406911452673,36.148518544420355,36.148518544420355,37.693326771653545,36.89974056249059,36.90674713900627,36.64897756447259,"rgba(239, 83, 80, 1.0)",1.6456198810152662,37.10214366745228,0.18099947380555112,44.41431198305406,-3.291656013132055,False,True,False,True,False,2.5603018099953374,0.0,0.0,0.0,0.0,1,0.9288379530916846,0.8664712153518123,False,False,False,False,0.11180806591955035,0.11265473020616618,False,False,False,False,-2526.0,-3450.1766360532483,False,False,False,False,60.105445618516505,False,False,False,False
2025-07-07 17:00:00+00:00,37.44,37.65,37.44,37.65,203.0,37.68000579038796,36.68075674499564,36.919894191476935,36.614541589588825,36.73035721496352,37.487521968365556,36.66697105656724,36.73618909710392,36.63258674863389,36.55398875899282,36.579830212711755,36.579830212711755,36.16855652093964,36.16855652093964,37.68000579038796,36.919894191476935,36.92511110628258,36.67568432200332,#000000,1.650011747159902,37.12349574730447,0.3190912147151568,49.17321368272327,-3.4804884079057814,False,True,False,False,True,3.504976495515475,0.0,0.0,0.0,0.0,1,0.9329951948745329,0.864014949279231,False,False,False,False,0.1242932489476069,0.11847398957688654,False,False,False,False,-2323.0,-3432.7010292927325,False,False,False,False,62.32086506629145,False,False,False,False
2025-07-08 17:00:00+00:00,37.42,37.485,37.42,37.485,2.0,37.67975515712358,36.68116518789144,36.920052767240534,36.614706836691674,36.73048403841164,37.487437244600116,36.66739118965971,36.736354225805236,36.63275694871271,36.55415228076487,36.57996523267364,36.57996523267364,36.1687350615922,36.1687350615922,37.67975515712358,36.920052767240534,36.92523279747177,36.67584467706027,#000000,1.6533100078272946,37.12358833747629,0.21859884765269053,49.09621821432701,-3.4804884079057814,False,True,False,False,True,2.82150075052132,0.0,0.0,0.0,0.0,1,0.9311887515977846,0.8600873455475073,False,False,False,False,0.11632435414205952,0.11739917185947303,False,False,False,False,-2325.0,-3415.527369923853,False,False,False,False,61.38565785596135,False,False,False,False
2025-07-09 17:00:00+00:00,37.485,37.5,37.47,37.5,234.0,37.657135337069114,36.72771396950319,36.93886874529721,36.634200374353625,36.74555456626813,37.488182194616975,36.71521490683229,36.75586015558751,36.6528244631186,36.5734362158037,36.59595112979506,36.59595112979506,36.18971321300945,36.18971321300945,37.657135337069114,36.93886874529721,36.94069459849826,36.695891676069834,#000000,1.655756782417765,37.13670820868669,0.21941132609031105,49.32917931808465,-3.4524553093368837,False,True,False,False,True,2.879746522103634,0.0,0.0,0.0,0.0,1,0.9317431583430946,0.8599723139175806,False,False,False,False,0.11912250924509174,0.11826084055228239,False,False,False,False,-2091.0,-3394.9920618630176,False,False,False,False,64.06184920703171,False,False,False,False
2025-07-10 17:00:00+00:00,37.55,37.55,37.53,37.54,229.0,37.64489811435523,36.77102328288707,36.957682337934486,36.6535211748634,36.7606874896024,37.499658284977436,36.75961448048894,36.77523103200288,36.67269372453139,36.59254222414042,36.611905904059036,36.611905904059036,36.210373042916636,36.210373042916636,37.64489811435523,36.957682337934486,36.95756247992851,36.71674057464697,#000000,1.6507961169749967,37.1524636693232,0.23475723421675093,50.28309439764213,-2.480229372168722,False,True,False,False,True,3.037763540699469,0.0,0.0,0.0,0.0,1,0.9320589957936214,0.8603375752089877,False,False,False,False,0.12386210508800741,0.1210614728201449,False,False,False,False,-1862.0,-3371.2247430744433,False,False,False,False,66.61902983948083,False,False,False,False
2025-07-11 17:00:00+00:00,37.54,37.92,37.465,37.465,60.0,37.644145944345766,36.78267393800229,36.96304211287334,36.65887396566631,36.76493833802351,37.50607556368068,36.771534538711165,36.78064219364059,36.67820061578352,36.59781894947761,36.61633541513593,36.61633541513593,36.21598811029037,36.21598811029037,37.644145944345766,36.96304211287334,36.962734859782245,36.72286635023197,#000000,1.6365977673980123,37.208545906723444,0.15669952531115192,49.32799270443515,-2.480229372168722,False,True,False,False,True,2.711994453851318,0.0,0.0,0.0,0.0,1,0.9361248734750415,0.8563209205689627,False,False,False,False,0.13703339660511035,0.12904743471262764,False,False,False,False,-1922.0,-3348.7561424066225,False,False,False,False,66.51640922181446,False,False,False,False
2025-07-14 17:00:00+00:00,37.465,37.695,37.465,37.695,5.0,37.64408876089204,36.78363226299694,36.96348595683193,36.65931811869273,36.76529135986322,37.506586290567185,36.772514856834135,36.78109087662917,36.678657434402346,36.59825693848356,36.61670339086791,36.61670339086791,36.21645456359766,36.21645456359766,37.64408876089204,36.96348595683193,36.96316329185537,36.723370967781236,"rgba(38, 166, 154, 0.5)",1.6307766264590966,37.20896261315883,0.2980404421766216,52.895113429894394,-0.07160269312183942,False,False,True,False,True,3.6441219252802597,0.0,0.0,0.0,0.0,1,0.9358102682156435,0.8600032121633919,False,False,False,False,0.12731255271809722,0.12817999371536243,False,False,False,False,-1917.0,-3326.5583727569074,False,False,False,False,65.56266644318167,False,False,False,False
2025-07-15 17:00:00+00:00,37.75,37.75,37.74,37.74,2.0,37.644176626826024,36.78407229099801,36.96369718309859,36.65951880650438,36.765453166790756,37.50701634877384,36.77296420581655,36.781296990468036,36.67886432828088,36.59845348438038,36.61686886489927,36.61686886489927,36.216657687020536,36.216657687020536,37.644176626826024,36.96369718309859,36.96338361484355,36.72362384681735,"rgba(38, 166, 154, 1.0)",1.599506393454746,37.2094369564025,0.3317042343616704,55.94129891964845,2.6413470791067795,True,False,True,False,True,3.8273452807172745,0.0,0.0,0.0,0.0,1,0.9344235924932978,0.8581769436997319,False,False,False,False,0.14157850318164591,0.13487924844850419,False,False,False,False,-1915.0,-3304.6737468226916,False,False,False,False,64.57719874638815,False,False,False,False
2025-07-16 17:00:00+00:00,37.55,37.75,37.415,37.43,274.0,37.632006185024345,36.82825711820535,36.984018890920176,36.68109220306342,36.78243468413816,37.51192848484848,36.81820565832426,36.80268927964486,36.7009793993312,36.61989406898095,36.634913253185516,36.634913253185516,36.24019521383155,36.24019521383155,37.632006185024345,36.984018890920176,36.98156181627029,36.745464826416544,"rgba(38, 166, 154, 0.5)",1.602345741053965,37.2194296114326,0.13141382859662482,52.185149723405125,5.941989269165752,False,False,True,False,False,2.429748060876065,0.0,0.0,0.0,0.0,1,0.9294902847300718,0.8640938694224661,False,False,False,False,0.12752830500189893,0.13120377672520156,False,False,False,False,-2189.0,-3287.3764794300914,False,False,False,False,67.82406388210306,False,False,False,False
2025-07-17 17:00:00+00:00,37.43,37.75,37.43,37.75,1.0,37.63201065509076,36.82843289483143,36.98410497453976,36.68117906360957,36.78250431359863,37.51202398255814,36.8183851900203,36.80277673741157,36.701068578278296,36.619979877588676,36.63498584317112,36.63498584317112,36.24028686829098,36.24028686829098,37.63201065509076,36.98410497453976,36.98164638033403,36.74556161506128,"rgba(38, 166, 154, 0.5)",1.6017176872187735,37.21952691111323,0.33119012989604124,54.204654943625115,5.941989269165752,False,False,True,False,True,3.7601724435493296,0.0,0.0,0.0,0.0,0,0.9224910153945184,0.8645604248243308,False,False,False,False,0.12817563279360328,0.12968970475940242,False,False,False,False,-2188.0,-3270.33188284978,False,False,False,False,66.78803188393091,False,False,False,False
2025-07-18 17:00:00+00:00,37.87,37.87,37.23,37.54,382.0,37.62083047553726,36.88309822673839,37.01083032790283,36.710028650378135,36.80540640200848,37.51955157375805,36.87427179590196,36.83121039290241,36.73057067616526,36.648738863162464,36.65938419503993,36.65938419503993,36.272090901365964,36.272090901365964,37.62083047553726,37.01083032790283,37.006038816513026,36.774400324167,"rgba(38, 166, 154, 0.5)",1.526712944339676,37.280750990588274,0.16980861423419313,52.574294480316624,5.941989269165752,False,False,True,False,True,2.8049988531124406,0.0,0.0,0.0,0.0,0,0.9206864815115587,0.8771587894537383,False,False,False,False,0.12472443878412494,0.12720707177176369,False,False,False,False,-2570.0,-3259.474024200946,False,False,False,False,71.67503914154439,False,False,False,False
2025-07-21 17:00:00+00:00,37.48,37.5,37.39,37.39,523.0,37.591302219637484,36.93439492361362,37.03622528413514,36.74130643411501,36.8298934860703,37.49825442057577,36.92678997757983,36.86082184399861,36.762305177824274,36.680445241064014,36.68650379581446,36.68650379581446,36.30933298384112,36.30933298384112,37.591302219637484,37.03622528413514,37.02662446951431,36.80136965456407,#000000,1.461101577515995,37.281542496503825,0.07422995441601224,49.684296963582014,4.260925959727224,False,True,False,False,False,2.1232773186313914,0.0,0.0,0.0,0.0,1,0.9288744421794943,0.8731199382954107,False,False,False,False,0.11567888505600295,0.12144297841388332,False,False,False,False,-3093.0,-3256.8930315776756,False,False,False,False,78.67232535640417,False,False,False,False
2025-07-22 17:00:00+00:00,37.3,37.5,37.3,37.43,322.0,37.5757799344146,36.96051102773988,37.049769675144425,36.758804957334426,36.84363745615972,37.487337046997055,36.95351050432193,36.87713657471477,36.77998855350179,36.69830419137399,36.70191260444914,36.70191260444914,36.33076590469279,36.33076590469279,37.5757799344146,37.049769675144425,37.03770061015861,36.81635849806258,"rgba(239, 83, 80, 1.0)",1.4234622744726169,37.28339184038791,0.10299406049690378,48.3533496230988,3.0441623511639193,False,True,False,True,False,2.2966165200398123,0.0,0.0,0.0,0.0,1,0.9237665664327878,0.8685822474663101,False,False,False,False,0.11180806591955035,0.11662552216671684,False,False,False,False,-2771.0,-3249.3598062818974,False,False,False,False,82.44484744390178,False,False,False,False
2025-07-23 17:00:00+00:00,37.34,37.4,37.34,37.35,7.0,37.5753852618542,36.96099131323454,37.05001649237228,36.75914866255145,36.84390498602736,37.48700446998723,36.954002572898794,36.87745036572623,36.78033457616587,36.698657903401475,36.70221869628454,36.70221869628454,36.33120282496121,36.33120282496121,37.5753852618542,37.05001649237228,37.037889343207965,36.81663626321374,"rgba(239, 83, 80, 1.0)",1.3649169792922458,37.28335511321927,0.048827062591958195,46.44731414148222,1.214175497015134,False,True,False,True,False,1.9232207984182423,0.0,0.0,0.0,0.0,1,0.9143674293405119,0.8724203678779723,False,False,False,False,0.10922937931991213,0.11292745074331448,False,False,False,False,-2778.0,-3242.051902308535,False,False,False,False,81.27515988663198,False,False,False,False
2025-07-24 17:00:00+00:00,37.35,37.35,37.29,37.29,58.0,37.571362171109946,36.964405464665205,37.05170111346963,36.761731473996235,36.84588459285296,37.48315654672663,36.957509341032605,36.87975116165322,36.78292506394582,36.70134024258013,36.70454030558482,36.70454030558482,36.33462251270003,36.33462251270003,37.571362171109946,37.05170111346963,37.0390169632188,36.81854818497601,"rgba(239, 83, 80, 1.0)",1.3315880311434891,37.282265012977014,0.005808843908234066,44.41740630721387,-0.7547448864683091,False,True,False,True,False,1.6398866665915293,0.0,0.0,0.0,0.0,0,0.9152475470846961,0.8684447953084469,False,False,False,False,0.10493476440135964,0.10893110757233707,False,False,False,False,-2836.0,-3235.7565239781698,False,False,False,False,80.91430469459117,False,False,False,False
2025-07-25 17:00:00+00:00,37.3,37.3,37.3,37.3,0.0,37.571362171109946,36.964405464665205,37.05170111346963,36.761731473996235,36.84588459285296,37.48315654672663,36.957509341032605,36.87975116165322,36.78292506394582,36.70134024258013,36.70454030558482,36.70454030558482,36.33462251270003,36.33462251270003,37.571362171109946,37.05170111346963,37.0390169632188,36.81854818497601,"rgba(239, 83, 80, 1.0)",1.2961194403308336,37.282265012977014,0.013683142518452172,43.26129741699472,-1.9493248714159108,False,True,False,True,False,1.6858119809604872,0.0,0.0,0.0,0.0,0,0.916345718169461,0.8651449932034434,False,False,False,False,0.10321800647295133,0.1060745570226442,False,False,False,False,-2836.0,-3229.5587484126168,False,False,False,False,79.65981935048897,False,False,False,False
2025-07-28 17:00:00+00:00,37.3,37.3,37.3,37.3,0.0,37.571362171109946,36.964405464665205,37.05170111346963,36.761731473996235,36.84588459285296,37.48315654672663,36.957509341032605,36.87975116165322,36.78292506394582,36.70134024258013,36.70454030558482,36.70454030558482,36.33462251270003,36.33462251270003,37.571362171109946,37.05170111346963,37.0390169632188,36.81854818497601,"rgba(239, 83, 80, 1.0)",1.2678151810627776,37.282265012977014,0.013988621754881077,42.49055815684863,-2.8591868146371837,False,True,False,True,False,1.6858119809604872,0.0,0.0,0.0,0.0,0,0.9156530181029068,0.8681971332305408,False,False,False,False,0.10321800647295133,0.10464628174779778,False,False,False,False,-2836.0,-3223.4570623907157,False,False,False,False,78.42478339156666,False,False,False,False
2025-07-29 17:00:00+00:00,37.3,37.3,37.3,37.3,0.0,37.571362171109946,36.964405464665205,37.05170111346963,36.761731473996235,36.84588459285296,37.48315654672663,36.957509341032605,36.87975116165322,36.78292506394582,36.70134024258013,36.70454030558482,36.70454030558482,36.33462251270003,36.33462251270003,37.571362171109946,37.05170111346963,37.0390169632188,36.81854818497601,"rgba(239, 83, 80, 1.0)",1.2439708362503326,37.282265012977014,0.014256754665118478,41.9767319834179,-3.5966790890335147,False,True,False,True,False,1.6858119809604872,0.0,0.0,0.0,0.0,0,0.9152756266850228,0.8642230252968508,False,False,False,False,0.10321800647295133,0.10393214411037455,False,False,False,False,-2836.0,-3217.4499761520997,False,False,False,False,77.20889527696873,False,False,False,False
2025-07-30 17:00:00+00:00,37.3,37.3,36.83,36.83,3.0,37.5709040654653,36.96441672285906,37.05167932395205,36.76178601255423,36.8459155135808,37.4825989017846,36.957524189441514,36.879780569053516,36.78297659191818,36.70140498159634,36.70459603608348,36.70459603608348,36.33474032361679,36.33474032361679,37.5709040654653,37.05167932395205,37.03894032768228,36.818527203697236,"rgba(239, 83, 80, 1.0)",1.1888589351001566,37.281955139283895,-0.3801587605898936,36.18909544286159,-9.125761837254124,False,True,False,True,False,0.0,0.0,0.0,0.0,0.0,0,0.9059165858389914,0.8649512181206139,False,False,False,False,0.08308871356302314,0.09351042883669884,False,False,False,False,-2839.0,-3211.582534661369,False,False,False,False,76.05836976879867,False,False,False,False
2025-07-31 17:00:00+00:00,37.17,37.225,36.925,37.01,603.0,37.50048548435619,36.97262127008416,37.05178368386174,36.77533433518291,36.85468517739449,37.40353746691102,36.9664205420388,36.88887286417608,36.796055221286274,36.716754912597956,36.717913869537675,36.717913869537675,36.359922609015705,36.359922609015705,37.50048548435619,37.05178368386174,37.0309819901759,36.82092391938765,"rgba(239, 83, 80, 1.0)",1.1466405219101576,37.24109092186458,-0.20153737588099235,36.01619069443835,-9.303307392535572,False,True,False,True,False,0.24672761548840683,0.0,0.0,0.0,0.0,0,0.9063387481540386,0.8653300011359764,False,False,False,False,0.08394379779713779,0.08872711331691832,False,False,False,False,-2236.0,-3196.457224046464,False,False,False,False,84.2280074468018,False,False,False,False
2025-08-01 17:00:00+00:00,37.01,37.21,37.01,37.21,27.0,37.49832286760858,36.973323681804324,37.05204159710629,36.77609846445693,36.855230596962706,37.401409168938706,36.967153044011646,36.889468377105544,36.796805822393004,36.71758638945039,36.71864007080988,36.71864007080988,36.361149955514286,36.361149955514286,37.49832286760858,37.05204159710629,37.03100344158777,36.82135661237916,"rgba(239, 83, 80, 0.75)",1.1017219854996296,37.240163126830225,-0.027378165478421982,39.22308729525271,-9.303307392535572,False,True,False,True,True,1.2260179601119745,0.0,0.0,0.0,0.0,0,0.9211785734878627,0.8656518480078417,False,False,False,False,0.0869375655667338,0.08783233944182606,False,False,False,False,-2209.0,-3181.147809720162,False,False,False,False,83.34075151739403,False,False,False,False
2025-08-04 17:00:00+00:00,37.0,37.13,37.0,37.01,41.0,37.494207777777774,36.97377909031248,37.0520187012987,36.7769489164878,36.85577832053967,37.397057151406344,36.96764985268718,36.89002504750389,36.79762320806405,36.7185575469661,36.71948816580484,36.71948816580484,36.36277694163048,36.36277694163048,37.494207777777774,37.0520187012987,37.03054656128329,36.82158325998347,"rgba(239, 83, 80, 0.75)",1.0266158434828503,37.23794388486756,-0.2220342558656136,39.10313356392159,-9.303307392535572,False,True,False,True,True,0.22049640926494973,0.0,0.0,0.0,0.0,0,0.9082061618197527,0.861560610423265,False,False,False,False,0.08308871356302314,0.0854605265024246,False,False,False,False,-2250.0,-3166.7114095694615,False,False,False,False,82.68430575743443,False,False,False,False
2025-08-05 17:00:00+00:00,35.47,36.47,35.47,36.23,40.0,37.48154221732745,36.968256811681464,37.04789929298155,36.77474689187813,36.85355393180238,37.38120392272817,36.96213041502574,36.88715585011764,36.79526591373049,36.71665733629992,36.71782048056359,36.71782048056359,36.36206978534989,36.36206978534989,37.48154221732745,37.04789929298155,37.025199829134195,36.817515523047376,"rgba(239, 83, 80, 1.0)",0.9028375289073441,37.172229483904566,-1.0436312777614583,33.91413674352778,-11.103482286379894,False,True,False,True,False,0.0,0.0,0.0,0.0,0.0,0,0.897095055291354,0.8750931072022,False,False,False,False,-0.010083974079819213,0.03768827621130269,False,False,False,False,-2290.0,-3153.1189846148964,False,False,False,False,82.02253357514863,False,False,False,False
2025-08-06 17:00:00+00:00,36.55,37.0,36.55,36.86,19.0,37.478715727133135,36.967786450515355,37.047419454770754,36.774788343636324,36.853487617856246,37.37797559541311,36.96167472184463,36.88701899114892,36.795278086615845,36.71677537270643,36.71792255659567,36.71792255659567,36.36255345948232,36.36255345948232,37.478715727133135,37.047419454770754,37.02443951878236,36.81714016755032,"rgba(239, 83, 80, 0.75)",0.8709340124567252,37.185362402962994,-0.3735787078118748,37.17898498994626,-11.103482286379894,False,True,False,True,True,0.0,0.0,0.0,0.0,0.0,0,0.8941330152780146,0.8683478162094622,False,False,False,False,0.058338845422832374,0.048013560817067535,False,False,False,False,-2271.0,-3139.442721287534,False,False,False,False,81.04544003134788,False,False,False,False
2025-08-07 17:00:00+00:00,36.86,36.86,36.59,36.59,10.0,37.47696760779163,36.96735511590727,37.04704043738394,36.774716057856075,36.853367131976775,37.37592934623277,36.96124993716382,36.88684124667296,36.79518661059092,36.71674903308982,36.717898746363616,36.717898746363616,36.36273648908364,36.36273648908364,37.47696760779163,37.04704043738394,37.02388927018313,36.81681126944514,"rgba(239, 83, 80, 0.75)",0.8178823017154591,37.18759072219595,-0.7306561359043169,37.71145759928047,-11.103482286379894,False,True,False,True,True,0.0,0.0,0.0,0.0,0.0,0,0.8966284442923158,0.8743795995207941,False,False,False,False,0.054079672458805975,0.051046616637936755,False,False,False,False,-2281.0,-3126.133531810208,False,False,False,False,79.94396034093937,False,False,False,False
2025-08-08 17:00:00+00:00,36.43,36.43,36.425,36.425,1.0,37.4767377826404,36.96727408961486,37.04697644834107,36.774689517563935,36.85333750000001,37.375651133255175,36.961169330518686,36.88680173992674,36.79515736993838,36.71672825801524,36.71788046207935,36.71788046207935,36.36274017488229,36.36274017488229,37.4767377826404,37.04697644834107,37.02380306763205,36.8167511163369,"rgba(239, 83, 80, 0.75)",0.7871900762942421,37.187481807924314,-0.9686120682742329,37.1358691405885,-11.103482286379894,False,True,False,True,True,0.0,0.0,0.0,0.0,0.0,0,0.8953112368633794,0.8824344612541865,False,False,False,False,0.028772809013661516,0.03990971282579914,False,False,False,False,-2282.0,-3113.046190231755,False,False,False,False,78.7200229713124,False,False,False,False
2025-08-11 17:00:00+00:00,37.01,37.01,36.92,36.98,9.0,37.47574179223993,36.967277761149354,37.046905056334154,36.77482346516295,36.85341036851968,37.37458394231706,36.961181297997285,36.88686597466472,36.79528213870388,36.71689140185133,36.718022839932225,36.718022839932225,36.36305510737198,36.36305510737198,37.47574179223993,37.046905056334154,37.02363168868122,36.816738192846344,"rgba(239, 83, 80, 0.75)",0.7410393723354184,37.191289810176684,-0.2851262943165869,41.3208271336528,-13.985720544858296,False,True,False,True,True,0.2240978985744171,0.0,0.0,0.0,0.0,0,0.8899797863124461,0.8813167773606698,False,False,False,False,0.07454432755433871,0.05722702019006892,False,False,False,False,-2273.0,-3100.0222182901775,False,False,False,False,77.63909238260987,False,False,False,False
2025-08-12 17:00:00+00:00,36.98,36.98,36.56,36.56,30.0,37.47069248571634,36.96608313468415,37.04583590165057,36.77465280417649,36.85309162684398,37.36871969477446,36.960006745615345,36.88638629816605,36.795056030164005,36.716855211160315,36.717988977265605,36.717988977265605,36.363636581530905,36.363636581530905,37.47069248571634,37.04583590165057,37.022071190614305,36.81582981449279,"rgba(239, 83, 80, 0.75)",0.7165377969195585,37.19249878044276,-0.8827151661250973,41.55708966322618,-13.641259578833768,False,True,False,True,True,0.0,0.0,0.0,0.0,0.0,0,0.8761767704023506,0.9125142411704741,False,False,False,False,0.08328555635269831,0.07025628827138361,False,False,False,False,-2303.0,-3087.6652846732754,False,False,False,False,76.90050180303452,False,False,False,False
2025-08-13 17:00:00+00:00,36.56,36.56,36.56,36.56,0.0,37.47069248571634,36.96608313468415,37.04583590165057,36.77465280417649,36.85309162684398,37.36871969477446,36.960006745615345,36.88638629816605,36.795056030164005,36.716855211160315,36.717988977265605,36.717988977265605,36.363636581530905,36.363636581530905,37.47069248571634,37.04583590165057,37.022071190614305,36.81582981449279,"rgba(239, 83, 80, 0.75)",0.7133087980961412,37.19249878044276,-0.8867110319274512,41.7145980162751,-13.222321092078609,False,True,False,True,True,0.0,0.0,0.0,0.0,0.0,0,0.897244973938943,0.9015264333581533,False,False,False,False,0.06418872561213462,0.06722250694175912,False,False,False,False,-2303.0,-3075.499931422527,False,False,False,False,75.708245961127,False,False,False,False
2025-08-14 17:00:00+00:00,36.84,36.84,36.84,36.84,0.0,37.47069248571634,36.96608313468415,37.04583590165057,36.77465280417649,36.85309162684398,37.36871969477446,36.960006745615345,36.88638629816605,36.795056030164005,36.716855211160315,36.717988977265605,36.717988977265605,36.363636581530905,36.363636581530905,37.47069248571634,37.04583590165057,37.022071190614305,36.81582981449279,"rgba(239, 83, 80, 0.75)",0.6918235988254612,37.19249878044276,-0.5095211858069175,44.043960210290436,-10.761103067558665,False,True,False,True,True,0.0,0.0,0.0,0.0,0.0,0,0.8768859757605741,0.9018674251793222,False,False,False,False,0.08966397278826323,0.07844323986501117,False,False,False,False,-2303.0,-3063.5231882996973,False,False,False,False,74.53447470591573,False,False,False,False
2025-08-15 17:00:00+00:00,36.85,36.85,36.84,36.85,33.0,37.46625628321125,36.96549888806523,37.045162963721374,36.7748330299813,36.85307697622997,37.36377487562189,36.959448836515506,36.8862744596132,36.79519040105195,36.717160432252705,36.71825437499999,36.71825437499999,36.36455177891332,36.36455177891332,37.46625628321125,37.045162963721374,37.020965628241825,36.81536369174607,"rgba(239, 83, 80, 0.5)",0.66921998430061,37.194672322109334,-0.5150359077658793,45.675588028300126,-9.01604776871303,False,False,False,True,True,0.0,0.0,0.0,0.0,0.0,0,0.8764428447312897,0.9013900955690702,False,False,False,False,0.09011984640879545,0.08428154313690331,False,False,False,False,-2270.0,-3051.2205032097795,False,False,False,False,73.89052936163796,False,False,False,False
2025-08-18 17:00:00+00:00,34.25,34.455,34.15,34.21,93.0,37.40351143963393,36.92886150921322,37.019003211629474,36.757302005673125,36.83659423274975,37.2833817910726,36.92267323819332,36.865690482237085,36.77680947159566,36.701062547187625,36.704115764618145,36.704115764618145,36.35343594136683,36.35343594136683,37.40351143963393,37.019003211629474,36.9890544797799,36.78891062511118,"rgba(239, 83, 80, 1.0)",0.7483023549437319,37.08320299856867,-3.839628433061287,37.34131882630477,-7.393877476098069,False,True,False,True,False,0.0,0.0,0.0,0.0,0.0,0,0.8758612353438899,0.9039647044602924,False,False,False,False,-0.1200146146172455,-0.017866535740171094,False,False,False,False,-2363.0,-3040.550417888697,False,False,False,False,74.18680022424822,False,False,False,False
2025-08-19 17:00:00+00:00,34.3,34.425,34.24,34.425,19.0,37.391360959192255,36.9217527101259,37.01389563721024,36.753881536070594,36.833372074419465,37.2679532814238,36.915538928012516,36.86167216024341,36.77322332577358,36.697922881176225,36.70135540797748,36.70135540797748,36.35127883317169,36.35127883317169,37.391360959192255,37.01389563721024,36.98285258340369,36.78378752821952,"rgba(239, 83, 80, 1.0)",0.7703456109826813,37.06665659993374,-3.4291836836247365,33.114079268839824,-11.042157769346645,False,True,False,True,False,0.0,0.0,0.0,0.0,0.0,0,0.8754422349640116,0.9030742954739538,False,False,False,False,-0.1169642074968725,-0.06741537161852179,False,False,False,False,-2344.0,-3029.751186603601,False,False,False,False,73.33119091844593,False,False,False,False
2025-08-20 17:00:00+00:00,34.865,34.865,34.35,34.35,11.0,37.38473627142357,36.91790865851291,37.011123693966965,36.752036591780005,36.83162978188878,37.25957813510766,36.91168180264635,36.85949871935602,36.77128809188936,36.696232047841036,36.69986830407905,36.69986830407905,36.35013141391105,36.35013141391105,37.38473627142357,37.011123693966965,36.97948699951444,36.781018352363695,"rgba(239, 83, 80, 1.0)",0.7789796514012527,37.0582692180397,-3.47668801510794,30.136932377652535,-13.584806560789268,False,True,False,True,False,0.0,0.0,0.0,0.0,0.0,0,0.87685930260912,0.9034381858083393,False,False,False,False,-0.08909562067103033,-0.07825549614477606,False,False,False,False,-2355.0,-3019.2899278965683,False,False,False,False,72.36481586544677,False,False,False,False
2025-08-21 17:00:00+00:00,35.09,35.09,35.09,35.09,0.0,37.38473627142357,36.91790865851291,37.011123693966965,36.752036591780005,36.83162978188878,37.25957813510766,36.91168180264635,36.85949871935602,36.77128809188936,36.696232047841036,36.69986830407905,36.69986830407905,36.35013141391105,36.35013141391105,37.38473627142357,37.011123693966965,36.97948699951444,36.781018352363695,"rgba(239, 83, 80, 1.0)",0.8075896625533182,37.0582692180397,-2.4372144782248824,32.61901169972424,-13.584806560789268,False,True,False,True,False,0.0,0.0,0.0,0.0,0.0,0,0.888390663390664,0.8949017199017197,False,False,False,False,-0.04050448013263434,-0.0593799881387052,False,False,False,False,-2355.0,-3008.9908592470088,False,False,False,False,71.24288073574992,False,False,False,False
2025-08-22 17:00:00+00:00,33.685,33.685,33.685,33.685,0.0,37.38473627142357,36.91790865851291,37.011123693966965,36.752036591780005,36.83162978188878,37.25957813510766,36.91168180264635,36.85949871935602,36.77128809188936,36.696232047841036,36.69986830407905,36.69986830407905,36.35013141391105,36.35013141391105,37.38473627142357,37.011123693966965,36.97948699951444,36.781018352363695,"rgba(239, 83, 80, 1.0)",0.9042064461710138,37.0582692180397,-3.730640532728191,30.840351412666898,-13.584806560789268,False,True,False,True,False,0.0,0.0,0.0,0.0,0.0,0,0.8926302806043788,0.8943570767807585,False,False,False,False,-0.18338431432772903,-0.12138215123321712,False,False,False,False,-2355.0,-2998.8514660803885,False,False,False,False,70.13833994914914,False,False,False,False
2025-08-25 17:00:00+00:00,33.2,33.325,33.2,33.325,58.0,37.335413988527186,36.8874718452209,36.9893894920252,36.736985736016564,36.817584794922546,37.1966525693497,36.881116194625996,36.8420701341624,36.755552141671856,36.682307728381176,36.687621902231,36.687621902231,36.34002377164071,36.34002377164071,37.335413988527186,36.9893894920252,36.95336917134248,36.75912079303673,"rgba(239, 83, 80, 1.0)",1.0034551795158626,36.99005754077294,-3.652437712804688,28.98872511520683,-14.3879046526855,False,True,False,True,False,0.0,0.0,0.0,0.0,0.0,0,0.8951384615384618,0.8732923076923075,False,False,False,False,-0.22756679807130528,-0.1744744746522612,False,False,False,False,-2413.0,-2989.768497614026,False,False,False,False,69.95014863210807,False,False,False,False
2025-08-26 17:00:00+00:00,33.325,33.64,33.28,33.28,54.0,37.291839587177904,36.86049140401146,36.97001066453376,36.72355922310807,36.80503637723533,37.14152505153715,36.854025796224235,36.826522514986756,36.74151652465789,36.66988694230321,36.676686787804115,36.676686787804115,36.331029817206726,36.331029817206726,37.291839587177904,36.97001066453376,36.9301874512133,36.73973502781553,"rgba(239, 83, 80, 1.0)",1.0995503052947537,36.93682885272372,-3.3257494769586216,27.668412053164374,-15.855122147999516,False,True,False,True,False,0.0,0.0,0.0,0.0,0.0,0,0.8959437800517819,0.8730119590679323,False,False,False,False,-0.20681474792390803,-0.19064461128808463,False,False,False,False,-2467.0,-2981.6635596665215,False,False,False,False,69.70285950602887,False,False,False,False
2025-08-27 17:00:00+00:00,33.28,33.28,32.69,33.16,3.0,37.28922780054644,36.858851496491475,36.96883325004164,36.72273676499802,36.804269204622706,37.13822183413935,36.85237899740708,36.8255733957741,36.74065734789231,36.66912468763867,36.67601551915259,36.67601551915259,36.33047116020012,36.33047116020012,37.28922780054644,36.96883325004164,36.92878370334006,36.7385573076696,"rgba(239, 83, 80, 1.0)",1.1904577702306842,36.933652456239145,-3.169917111388082,26.540709558118905,-17.22313186278768,False,True,False,True,False,0.0,0.0,0.0,0.0,0.0,0,0.8892703862660947,0.8799509503372165,False,False,False,False,-0.25705825639188984,-0.22385143383998723,False,False,False,False,-2470.0,-2973.7307912995984,False,False,False,False,68.66870664547028,False,False,False,False
2025-08-28 17:00:00+00:00,32.99,33.67,32.99,33.55,17.0,37.275737866721116,36.85045952380952,36.962785205880394,36.718538427200365,36.800343360267995,37.12124052777035,36.843953393686824,36.820715100904664,36.73626952822893,36.6652395614649,36.67259284322771,36.67259284322771,36.327655330466264,36.327655330466264,37.275737866721116,36.962785205880394,36.921572876775876,36.73253239112217,"rgba(239, 83, 80, 1.0)",1.2485983420699096,36.918079619707704,-2.6974884606399123,28.25855573422708,-17.22313186278768,False,True,False,True,False,0.0,0.0,0.0,0.0,0.0,0,0.9042031414912773,0.8801763208542869,False,False,False,False,-0.2204534891605863,-0.22215246150028678,False,False,False,False,-2453.0,-2965.6574456980543,False,False,False,False,67.86764142616066,False,False,False,False
2025-08-29 17:00:00+00:00,32.85,32.85,32.85,32.85,0.0,37.275737866721116,36.85045952380952,36.962785205880394,36.718538427200365,36.800343360267995,37.12124052777035,36.843953393686824,36.820715100904664,36.73626952822893,36.6652395614649,36.67259284322771,36.67259284322771,36.327655330466264,36.327655330466264,37.275737866721116,36.962785205880394,36.921572876775876,36.73253239112217,"rgba(239, 83, 80, 1.0)",1.335689753317372,36.918079619707704,-3.0456770440920575,27.660721545301026,-17.22313186278768,False,True,False,True,False,0.0,0.0,0.0,0.0,0.0,0,0.8925974268133509,0.8748213064826901,False,False,False,False,-0.2715621923859957,-0.24685732694314125,False,False,False,False,-2453.0,-2957.7092682453713,False,False,False,False,66.81542993118143,False,False,False,False
2025-09-01 17:00:00+00:00,32.85,32.85,32.85,32.85,0.0,37.275737866721116,36.85045952380952,36.962785205880394,36.718538427200365,36.800343360267995,37.12124052777035,36.843953393686824,36.820715100904664,36.73626952822893,36.6652395614649,36.67259284322771,36.67259284322771,36.327655330466264,36.327655330466264,37.275737866721116,36.962785205880394,36.921572876775876,36.73253239112217,"rgba(239, 83, 80, 1.0)",1.416678395287928,36.918079619707704,-2.8715618401739653,27.262165419350325,-17.45912743564017,False,True,False,True,False,0.0,0.0,0.0,0.0,0.0,0,0.8985259695071806,0.8725880938824568,False,False,False,False,-0.2715621923859957,-0.2592097596645685,False,False,False,False,-2453.0,-2949.884318350094,False,False,False,False,65.7795317927135,False,False,False,False
2025-09-02 17:00:00+00:00,32.85,32.85,32.85,32.85,0.0,37.275737866721116,36.85045952380952,36.962785205880394,36.718538427200365,36.800343360267995,37.12124052777035,36.843953393686824,36.820715100904664,36.73626952822893,36.6652395614649,36.67259284322771,36.67259284322771,36.327655330466264,36.327655330466264,37.275737866721116,36.962785205880394,36.921572876775876,36.73253239112217,"rgba(239, 83, 80, 1.0)",1.4913119503756533,36.918079619707704,-2.727852894012534,26.99646133538319,-18.163780696794383,False,True,False,True,False,0.0,0.0,0.0,0.0,0.0,0,0.8978409018533853,0.8657410356028276,False,False,False,False,-0.2715621923859957,-0.26538597602528213,False,False,False,False,-2453.0,-2942.180685507457,False,False,False,False,64.75969409050089,False,False,False,False
2025-09-03 17:00:00+00:00,32.85,32.85,32.85,32.85,0.0,37.275737866721116,36.85045952380952,36.962785205880394,36.718538427200365,36.800343360267995,37.12124052777035,36.843953393686824,36.820715100904664,36.73626952822893,36.6652395614649,36.67259284322771,36.67259284322771,36.327655330466264,36.327655330466264,37.275737866721116,36.962785205880394,36.921572876775876,36.73253239112217,"rgba(239, 83, 80, 1.0)",1.5602957966273168,36.918079619707704,-2.607248977085709,26.819325279405103,-18.79772093928729,False,True,False,True,False,0.0,0.0,0.0,0.0,0.0,0,0.8957546263687013,0.8696292501760899,False,False,False,False,-0.2715621923859957,-0.2684740842056389,False,False,False,False,-2453.0,-2934.5964888329227,False,False,False,False,63.75566782553188,False,False,False,False
2025-09-04 17:00:00+00:00,30.41,31.53,30.41,31.16,461.0,36.73864408361328,36.49103113970424,36.70203186110846,36.53001306766413,36.625297822842604,36.453020238095235,36.48294317160826,36.60617803152139,36.53993963607398,36.48923056063997,36.51707126904362,36.51707126904362,36.19305639809554,36.19305639809554,36.73864408361328,36.70203186110846,36.61740359498654,36.4748138217652,"rgba(239, 83, 80, 1.0)",1.683389272105932,36.323177543411845,-3.067132260473938,23.265037136804345,-22.464253098249763,False,True,False,True,False,0.0,0.0,0.0,0.0,0.0,0,0.8954576867500159,0.8675629829741784,False,False,False,False,-0.34282825441539394,-0.3056511693105164,False,False,False,False,-2914.0,-2934.2771634246606,False,False,False,False,69.91449468094999,False,False,False,False
