date,Open,High,Low,Close,Volume,aVWAP_peak_381,aVWAP_peak_343,aVWAP_peak_273,aVWAP_peak_220,aVWAP_peak_122,aVWAP_peak_90,aVWAP_peak_73,aVWAP_valley_415,aVWAP_valley_394,aVWAP_valley_368,aVWAP_valley_324,aVWAP_valley_306,aVWAP_valley_266,aVWAP_valley_201,aVWAP_valley_179,aVWAP_valley_153,aVWAP_valley_124,aVWAP_valley_103,aVWAP_valley_71,aVWAP_valley_52,aVWAP_OB_bear_220,Peaks_avg,Valleys_avg,color,StDev,StDev_Mean,StdDev_ZScore,QQEMOD,QQE1_Value,QQE1_Above_Upper,QQE1_Below_Lower,QQE2_Above_Threshold,QQE2_Below_Threshold,QQE2_Above_TL,banker_RSI,OB,OB_High,OB_Low,OB_Mitigated_Index,TTM_squeeze_Active,VI_plus,VI_minus,VI_Regular_Bullish,VI_Regular_Bearish,VI_Hidden_Bullish,VI_Hidden_Bearish,Fisher,Fisher_Signal,Fisher_Regular_Bullish,Fisher_Regular_Bearish,Fisher_Hidden_Bullish,Fisher_Hidden_Bearish,OBV,OBV_Smoothed,OBV_Regular_Bullish,OBV_Regular_Bearish,OBV_Hidden_Bullish,OBV_Hidden_Bearish,Volume_MA,Vol_Regular_Bullish,Vol_Regular_Bearish,Vol_Hidden_Bullish,Vol_Hidden_Bearish
2024-02-01 17:00:00+00:00,4.055,4.1,4.025,4.065,74113.0,,,,,,,,,,,,,,,,,,,,,,,,#000000,,,,,,False,False,False,False,False,,0.0,0.0,0.0,0.0,0,,,False,False,False,False,,,False,False,False,False,0.0,0.0,False,False,False,False,74113.0,False,False,False,False
2024-02-02 17:00:00+00:00,3.99,4.01,3.925,4.005,91934.0,,,,,,,,,,,,,,,,,,,,,,,,"rgba(239, 83, 80, 0.5)",,,,0.0,,False,False,False,True,False,,0.0,0.0,0.0,0.0,0,,,False,False,False,False,,,False,False,False,False,-91934.0,-1425.3333333333333,False,False,False,False,74389.2945736434,False,False,False,False
2024-02-05 17:00:00+00:00,3.665,3.705,3.6,3.655,138830.0,,,,,,,,,,,,,,,,,,,,,,,,"rgba(239, 83, 80, 0.5)",,,,0.0,-50.0,False,False,False,True,True,,0.0,0.0,0.0,0.0,0,,,False,False,False,False,,,False,False,False,False,-230764.0,-4980.97157622739,False,False,False,False,75388.375277928,False,False,False,False
2024-02-06 17:00:00+00:00,3.985,4.165,3.95,4.065,181265.0,,,,,,,,,,,,,,,,,,,,,,,,"rgba(239, 83, 80, 0.5)",,,,17.783132530120483,-33.99518072289156,False,False,False,True,True,,0.0,0.0,0.0,0.0,0,,,False,False,False,False,,,False,False,False,False,-49499.0,-5671.173567293631,False,False,False,False,77029.87333563453,False,False,False,False
2024-02-07 17:00:00+00:00,3.905,4.065,3.895,3.935,69433.0,,,,,,,,,,,,,,,,,,,,,,,,"rgba(239, 83, 80, 0.5)",,,,26.795449016065277,-26.95108383734848,False,False,False,True,True,,0.0,0.0,0.0,0.0,0,,,False,False,False,False,,,False,False,False,False,-118932.0,-7427.155372451869,False,False,False,False,76912.0923536867,False,False,False,False
2024-02-08 17:00:00+00:00,4.065,4.16,4.055,4.09,96587.0,,,,,,,,,,,,,,,,,,,,,,,,"rgba(239, 83, 80, 0.5)",,,,36.05158343022689,-19.73036209472357,False,False,False,True,True,,0.0,0.0,0.0,0.0,0,,,False,False,False,False,,,False,False,False,False,-22345.0,-7658.439785282072,False,False,False,False,77217.12968153652,False,False,False,False
2024-02-09 17:00:00+00:00,4.265,4.395,4.215,4.39,82184.0,,,,,,,,,,,,,,,,,,,,,,,,#000000,,,,46.42842089886834,-11.462594661731742,False,False,False,False,True,,0.0,0.0,0.0,0.0,0,,,False,False,False,False,,,False,False,False,False,59839.0,-6611.967850626536,False,False,False,False,77294.13542290805,False,False,False,False
2024-02-12 17:00:00+00:00,4.585,4.685,4.5,4.56,119566.0,,,,,,,,,,,,,,,,,,,,,,,,"rgba(38, 166, 154, 0.5)",,,,54.991725934370024,-4.789784330171976,False,False,True,False,True,,0.0,0.0,0.0,0.0,0,,,False,False,False,False,,,False,False,False,False,179405.0,-3727.9838529424032,False,False,False,False,77949.51316828933,False,False,False,False
2024-02-13 17:00:00+00:00,4.5,4.68,4.42,4.5,79341.0,,,,,,,,,,,,,,,,,,,,,,,,"rgba(38, 166, 154, 0.5)",,,,59.3458045050987,-1.6897698164573214,False,False,True,False,True,,0.0,0.0,0.0,0.0,0,,,False,False,False,False,,,False,False,False,False,100064.0,-2118.8058087107383,False,False,False,False,77971.08660754065,False,False,False,False
2024-02-14 17:00:00+00:00,4.525,4.87,4.5,4.8,105368.0,,,,,,,,,,,,,,,,,,,,,,,,"rgba(38, 166, 154, 0.5)",,,,64.8116958365554,2.8683543582269806,False,False,True,False,True,,0.0,0.0,0.0,0.0,0,,,False,False,False,False,,,False,False,False,False,205432.0,1099.0361418119087,False,False,False,False,78395.84495471057,False,False,False,False
2024-02-15 17:00:00+00:00,4.92,4.955,4.81,4.9,75139.0,,,,,,,,,,,,,,,,,,,,,,,,"rgba(38, 166, 154, 0.5)",,4.888333333333334,,69.12502848184822,6.64711641778932,False,False,True,False,True,,0.0,0.0,0.0,0.0,0,,,False,False,False,False,,,False,False,False,False,280571.0,5431.934806279941,False,False,False,False,78345.3512344825,False,False,False,False
2024-02-16 17:00:00+00:00,4.855,4.95,4.8,4.825,60802.0,,,,,,,,,,,,,,,,,,,,,,,,"rgba(38, 166, 154, 0.5)",,4.874915306395176,,70.30835376569223,7.8691004809437715,False,False,True,False,True,,0.0,0.0,0.0,0.0,0,,,False,False,False,False,,,False,False,False,False,219769.0,8754.990080601183,False,False,False,False,78073.36129286262,False,False,False,False
2024-02-19 17:00:00+00:00,4.825,4.825,4.825,4.825,0.0,,,,,,,,,,,,,,,,,,,,,,,,"rgba(38, 166, 154, 0.5)",,4.874915306395176,,71.0972372882549,9.101407401398802,False,False,True,False,True,,0.0,0.0,0.0,0.0,0,,,False,False,False,False,,,False,False,False,False,219769.0,12026.525118111242,False,False,False,False,76862.92158289575,False,False,False,False
2024-02-20 17:00:00+00:00,4.655,4.765,4.635,4.67,91370.0,,,,,,,,,,,,,,,,,,,,,,,,"rgba(38, 166, 154, 0.5)",,4.800586692534311,,68.08942941134966,9.101407401398802,False,False,True,False,True,,0.0,0.0,0.0,0.0,0,,,False,False,False,False,,,False,False,False,False,128399.0,13830.74953488471,False,False,False,False,77087.83752734699,False,False,False,False
2024-02-21 17:00:00+00:00,4.625,4.625,4.51,4.55,60181.0,,,,,,,,,,,,,,,,,,,,,,,,"rgba(38, 166, 154, 0.5)",,4.750573314503823,,63.75175462317148,9.101407401398802,False,False,True,False,False,,0.0,0.0,0.0,0.0,0,,,False,False,False,False,,,False,False,False,False,68218.0,14673.962720390373,False,False,False,False,76825.7160152951,False,False,False,False
2024-02-22 17:00:00+00:00,4.375,4.425,4.36,4.42,66438.0,,,,,,,,,,,,,,,,,,,,,,,,"rgba(38, 166, 154, 0.5)",,4.685078273481573,,58.642388999374226,19.70695781221066,False,False,True,False,False,,0.0,0.0,0.0,0.0,0,,,False,False,False,False,,,False,False,False,False,1780.0,14474.05632162463,False,False,False,False,76664.66615459285,False,False,False,False
2024-02-23 17:00:00+00:00,4.435,4.535,4.425,4.45,78074.0,,,,,,,,,,,,,,,,,,,,,,,,"rgba(38, 166, 154, 0.5)",,4.646208214121474,,55.75888458032977,16.57664767745797,False,False,True,False,False,,0.0,0.0,0.0,0.0,0,,,False,False,False,False,,,False,False,False,False,79854.0,15487.69885927386,False,False,False,False,76686.51629173095,False,False,False,False
2024-02-26 17:00:00+00:00,4.555,4.615,4.43,4.445,123795.0,,,,,,,,,,,,,,,,,,,,,,,,"rgba(38, 166, 154, 0.5)",,4.612900317081055,,53.742084280510824,14.170861225682529,False,False,True,False,False,,0.0,0.0,0.0,0.0,0,,,False,False,False,False,,,False,False,False,False,-43941.0,14566.323683161087,False,False,False,False,77416.88038023123,False,False,False,False
2024-02-27 17:00:00+00:00,4.675,4.845,4.585,4.81,100840.0,,,,,,,,,,,,,,,,,,,,,,,,"rgba(38, 166, 154, 0.5)",,4.633442804950666,,57.7227679212623,14.170861225682529,False,False,True,False,False,,0.0,0.0,0.0,0.0,0,,,False,False,False,False,,,False,False,False,False,56899.0,15222.64424621285,False,False,False,False,77780.02952162299,False,False,False,False
2024-02-28 17:00:00+00:00,5.015,5.03,4.795,4.995,191819.0,,,,,,,,,,,,,,,,,,,,,,,,"rgba(38, 166, 154, 0.5)",,4.82137455831638,,62.130722188533184,14.170861225682529,False,False,True,False,True,,0.0,0.0,0.0,0.0,0,,,False,False,False,False,,,False,False,False,False,248718.0,18842.727281155287,False,False,False,False,79548.07557555131,False,False,False,False
2024-02-29 17:00:00+00:00,4.425,4.425,4.215,4.34,164732.0,,,,,,,,,,,,,,,,,,,,,,,,"rgba(38, 166, 154, 0.5)",,4.541633378138553,,56.101675212480046,14.170861225682529,False,False,True,False,False,,0.0,0.0,0.0,0.0,0,,,False,False,False,False,,,False,False,False,False,83986.0,19852.700501602492,False,False,False,False,80868.75657437996,False,False,False,False
2024-03-01 17:00:00+00:00,4.415,4.48,4.33,4.355,63484.0,,,,,,,,,,,,,,,,,,,,,,,,#000000,,4.528856773113556,,52.262769594554584,12.451955638501325,False,False,False,False,False,,0.0,0.0,0.0,0.0,0,,,False,False,False,False,,,False,False,False,False,147470.0,21831.263284523382,False,False,False,False,80599.22546469964,False,False,False,False
2024-03-04 17:00:00+00:00,4.335,4.38,4.235,4.31,120598.0,,,,,,,,,,,,,,,,,,,,,,,,"rgba(239, 83, 80, 0.5)",,4.491195773876707,,49.23356566208136,9.351032346857252,False,False,False,True,False,,0.0,0.0,0.0,0.0,0,,,False,False,False,False,,,False,False,False,False,26872.0,21909.414241352475,False,False,False,False,81219.36150400664,False,False,False,False
2024-03-05 17:00:00+00:00,4.375,4.545,4.355,4.515,127156.0,,,,,,,,,,,,,,,,,,,,,,,,#000000,,4.494929862052701,,49.85561318652326,9.351032346857252,False,False,False,False,False,,0.0,0.0,0.0,0.0,0,,,False,False,False,False,,,False,False,False,False,154028.0,23957.764408153213,False,False,False,False,81931.55744968094,False,False,False,False
2024-03-06 17:00:00+00:00,4.605,4.685,4.455,4.555,132741.0,,,,,,,,,,,,,,,,,,,,,,,,#000000,,4.510406140084126,,50.75447269930892,9.351032346857252,False,False,False,False,False,,0.0,0.0,0.0,0.0,0,,,False,False,False,False,,,False,False,False,False,286769.0,28032.357208026806,False,False,False,False,82719.30074503472,False,False,False,False
2024-03-07 17:00:00+00:00,4.565,4.675,4.515,4.59,266713.0,,,,,,,,,,,,,,,,,,,,,,,,#000000,,4.534059516283179,,51.80301510603046,9.351032346857252,False,False,False,False,False,,0.0,0.0,0.0,0.0,0,,,False,False,False,False,,,False,False,False,False,553482.0,36178.863297824835,False,False,False,False,85571.91623735976,False,False,False,False
2024-03-08 17:00:00+00:00,4.415,4.47,4.24,4.29,106203.0,,,,,,,,,,,,,,,,,,,,,,,,#000000,,4.5178075830915,,48.63863668666035,6.788219512032512,False,False,False,False,False,,0.0,0.0,0.0,0.0,0,,,False,False,False,False,,,False,False,False,False,447279.0,42552.508828091115,False,False,False,False,85891.77800112162,False,False,False,False
2024-03-11 17:00:00+00:00,4.35,4.44,4.315,4.36,73440.0,,,,,,,,,,,,,,,,,,,,,,,,"rgba(239, 83, 80, 0.5)",,4.510244745903658,,47.556509833186716,5.220403937030355,False,False,False,True,False,,0.0,0.0,0.0,0.0,0,,,False,False,False,False,,,False,False,False,False,520719.0,49965.94279974861,False,False,False,False,85698.7271793988,False,False,False,False
2024-03-12 17:00:00+00:00,4.295,4.36,4.265,4.35,50927.0,,,,,,,,,,,,,,,,,,,,,,,,"rgba(239, 83, 80, 0.5)",,4.5037359483841035,,46.70627116867455,3.837792593037399,False,False,False,True,False,,0.0,0.0,0.0,0.0,0,,,False,False,False,False,,,False,False,False,False,469792.0,56474.873919132355,False,False,False,False,85159.63063398177,False,False,False,False
2024-03-13 17:00:00+00:00,4.38,4.435,4.33,4.34,60291.0,,,,,,,,,,,,,,,,,,,,,,,,"rgba(239, 83, 80, 0.5)",,4.498446676816591,,45.997119099533435,2.5735763589681824,False,False,False,True,False,,0.0,0.0,0.0,0.0,0,,,False,False,False,False,,,False,False,False,False,409501.0,61948.147191703945,False,False,False,False,84774.07046911384,False,False,False,False
2024-03-14 17:00:00+00:00,4.225,4.285,4.17,4.28,136557.0,,,,,,,,,,,,,,,,,,,,,,,,"rgba(239, 83, 80, 0.5)",,4.477255638679155,,44.63003376674683,0.7249002035288612,False,False,False,True,False,,0.0,0.0,0.0,0.0,0,,,False,False,False,False,,,False,False,False,False,272944.0,65219.40072361551,False,False,False,False,85576.90658587177,False,False,False,False
2024-03-15 17:00:00+00:00,4.405,4.435,4.395,4.41,92298.0,,,,,,,,,,,,,,,,,,,,,,,,"rgba(239, 83, 80, 0.5)",,4.474188667264133,,46.19643708711201,0.7249002035288612,False,False,False,True,False,,0.0,0.0,0.0,0.0,0,,,False,False,False,False,,,False,False,False,False,365242.0,69870.91389069124,False,False,False,False,85681.10958454042,False,False,False,False
2024-03-18 17:00:00+00:00,4.415,4.45,4.37,4.375,75861.0,,,,,,,,,,,,,,,,,,,,,,,,"rgba(239, 83, 80, 0.5)",,4.471236654208543,,46.627326458509664,0.7249002035288612,False,False,False,True,False,,0.0,0.0,0.0,0.0,0,,,False,False,False,False,,,False,False,False,False,289381.0,73274.17103967277,False,False,False,False,85528.8598235398,False,False,False,False
2024-03-19 17:00:00+00:00,4.295,4.315,4.24,4.275,44061.0,,,,,,,,,,,,,,,,,,,,,,,,"rgba(239, 83, 80, 0.5)",,4.466646178757306,,45.21976904414074,0.13135230464755665,False,False,False,True,False,,0.0,0.0,0.0,0.0,1,,,False,False,False,False,,,False,False,False,False,245320.0,75941.54823285613,False,False,False,False,84885.94726813608,False,False,False,False
2024-03-20 17:00:00+00:00,4.155,4.275,4.145,4.245,69871.0,,,,,,,,,,,,,,,,,,,,,,,,"rgba(239, 83, 80, 0.5)",,4.457752879166162,,43.788450773237244,-1.5772856506109534,False,False,False,True,False,,0.0,0.0,0.0,0.0,1,,,False,False,False,False,,,False,False,False,False,175449.0,77484.29942304442,False,False,False,False,84653.15738800993,False,False,False,False
2024-03-21 17:00:00+00:00,4.235,4.275,4.15,4.175,55874.0,,,,,,,,,,,,,,,,,,,,,,,,"rgba(239, 83, 80, 0.5)",,4.4504779850009255,,41.69011958931791,-3.828638857171633,False,False,False,True,False,,0.0,0.0,0.0,0.0,0,,,False,False,False,False,,,False,False,False,False,119575.0,78136.86842423752,False,False,False,False,84206.96890137412,False,False,False,False
2024-03-22 17:00:00+00:00,4.085,4.115,4.06,4.08,41596.0,,,,,,,,,,,,,,,,,,,,,,,,"rgba(239, 83, 80, 0.5)",,4.442902280300145,,38.872567247484966,-6.641619721452159,False,False,False,True,False,,0.0,0.0,0.0,0.0,0,,,False,False,False,False,,,False,False,False,False,77979.0,78134.42085176872,False,False,False,False,83546.33372460862,False,False,False,False
2024-03-25 17:00:00+00:00,4.1,4.135,4.075,4.09,42115.0,,,,,,,,,,,,,,,,,,,,,,,,"rgba(239, 83, 80, 0.5)",,4.435867853373235,,37.28937909787472,-8.242995831710346,False,False,False,True,False,,0.0,0.0,0.0,0.0,0,,,False,False,False,False,,,False,False,False,False,120094.0,78784.956962594,False,False,False,False,82903.98746531236,False,False,False,False
2024-03-26 17:00:00+00:00,4.185,4.185,4.065,4.075,116456.0,,,,,,,,,,,,,,,,,,,,,,,,"rgba(239, 83, 80, 0.5)",,4.418328408608245,,35.98490184335182,-9.607370658412236,False,False,False,True,False,,0.0,0.0,0.0,0.0,0,,,False,False,False,False,,,False,False,False,False,3638.0,77619.88786239874,False,False,False,False,83424.17370616022,False,False,False,False
2024-03-27 17:00:00+00:00,4.285,4.375,4.245,4.335,115622.0,,,,,,,,,,,,,,,,,,,,,,,,"rgba(239, 83, 80, 0.5)",,4.413507938232388,,41.759596700151135,-13.01095673764074,False,False,False,True,True,,0.0,0.0,0.0,0.0,0,,,False,False,False,False,,,False,False,False,False,119260.0,78265.47099631504,False,False,False,False,83923.36481149106,False,False,False,False
2024-03-28 17:00:00+00:00,3.675,3.76,3.65,3.725,151173.0,,,,,,,,,,,,,,,,,,,,,,,,"rgba(239, 83, 80, 0.5)",,4.369739555341272,,37.768688245070095,-13.01095673764074,False,False,False,True,False,,0.0,0.0,0.0,0.0,0,,,False,False,False,False,,,False,False,False,False,-31913.0,76557.27764753497,False,False,False,False,84965.99481441367,False,False,False,False
2024-03-29 17:00:00+00:00,3.725,3.725,3.725,3.725,0.0,,,,,,,,,,,,,,,,,,,,,,,,"rgba(239, 83, 80, 1.0)",,4.369739555341272,,35.108082608349406,-9.341361832798754,False,True,False,True,False,,0.0,0.0,0.0,0.0,0,,,False,False,False,False,,,False,False,False,False,-31913.0,74875.56791656544,False,False,False,False,83648.69256922897,False,False,False,False
2024-04-01 17:00:00+00:00,3.295,3.295,3.12,3.135,412222.0,,,,,,,,,,,,,,,,,,,,,,,,"rgba(239, 83, 80, 1.0)",,4.197307522818181,,29.852193602314305,-14.076388281065867,False,True,False,True,False,,0.0,0.0,0.0,0.0,0,,,False,False,False,False,,,False,False,False,False,-444135.0,66828.8924449908,False,False,False,False,88742.8523743572,False,False,False,False
2024-04-02 17:00:00+00:00,3.145,3.205,3.09,3.09,153437.0,,,,,,,,,,,,,,,,,,,,,,,,"rgba(239, 83, 80, 1.0)",,4.142593884362316,,26.15993501647505,-17.308925696014484,False,True,False,True,False,,0.0,0.0,0.0,0.0,0,,,False,False,False,False,,,False,False,False,False,-597572.0,56528.103414835896,False,False,False,False,89745.86241506484,False,False,False,False
2024-04-03 17:00:00+00:00,3.015,3.125,2.995,2.995,170633.0,,,,,,,,,,,,,,,,,,,,,,,,"rgba(239, 83, 80, 1.0)",,4.08317317763935,,23.29237868777316,-19.85675041397659,False,True,False,True,False,,0.0,0.0,0.0,0.0,0,,,False,False,False,False,,,False,False,False,False,-768205.0,43741.54367197023,False,False,False,False,90999.92656366849,False,False,False,False
2024-04-04 17:00:00+00:00,3.025,3.05,2.985,3.005,198111.0,,,,,,,,,,,,,,,,,,,,,,,,"rgba(239, 83, 80, 1.0)",,4.0203368475212855,,21.59020525651918,-21.45811310716172,False,True,False,True,False,,0.0,0.0,0.0,0.0,0,,,False,False,False,False,,,False,False,False,False,-570094.0,34224.71353752108,False,False,False,False,92660.56336113099,False,False,False,False
2024-04-05 17:00:00+00:00,3.015,3.02,2.97,3.0,134924.0,,,,,,,,,,,,,,,,,,,,,,,,"rgba(239, 83, 80, 1.0)",,3.981000324516342,,20.42953528742278,-22.71626447243718,False,True,False,True,False,,0.0,0.0,0.0,0.0,0,,,False,False,False,False,,,False,False,False,False,-705018.0,22763.586195854085,False,False,False,False,93315.81044080337,False,False,False,False
2024-04-08 17:00:00+00:00,2.995,3.0,2.945,2.955,56245.0,,,,,,,,,,,,,,,,,,,,,,,,"rgba(239, 83, 80, 1.0)",,3.9650135518286302,,19.40557925180692,-23.974381007651655,False,True,False,True,False,,0.0,0.0,0.0,0.0,0,,,False,False,False,False,,,False,False,False,False,-761263.0,10608.135247081153,False,False,False,False,92741.06919365913,False,False,False,False
2024-04-09 17:00:00+00:00,2.995,2.995,2.965,2.975,94002.0,,,,,,,,,,,,,,,,,,,,,,,,"rgba(239, 83, 80, 1.0)",,3.9397022977632887,,19.282229320759466,-24.500060254959134,False,True,False,True,False,,0.0,0.0,0.0,0.0,0,,,False,False,False,False,,,False,False,False,False,-667261.0,98.53625100237514,False,False,False,False,92760.61850848612,False,False,False,False
2024-04-10 17:00:00+00:00,2.835,2.865,2.805,2.845,95893.0,,,,,,,,,,,,,,,,,,,,,,,,"rgba(239, 83, 80, 1.0)",,3.91160447448004,,18.37974622060121,-25.818494224479238,False,True,False,True,False,0.0,0.0,0.0,0.0,0.0,0,,,False,False,False,False,,,False,False,False,False,-763154.0,-11734.836404051925,False,False,False,False,92809.18256261812,False,False,False,False
2024-04-11 17:00:00+00:00,2.765,2.82,2.76,2.805,83098.0,,,,,,,,,,,,,,,,,,,,,,,,"rgba(239, 83, 80, 1.0)",,3.8874570860313273,,17.541451640139986,-27.0712382854827,False,True,False,True,False,0.0,0.0,0.0,0.0,0.0,0,,,False,False,False,False,,,False,False,False,False,-846252.0,-24673.08700243872,False,False,False,False,92658.62159265505,False,False,False,False
2024-04-12 17:00:00+00:00,2.675,2.675,2.61,2.65,222345.0,,,,,,,,,,,,,,,,,,,,,,,,"rgba(239, 83, 80, 1.0)",,3.8194912402036585,,16.150533312810413,-28.803804850601445,False,True,False,True,False,0.0,0.0,0.0,0.0,0.0,0,,,False,False,False,False,,,False,False,False,False,-1068597.0,-40857.95387061796,False,False,False,False,94669.26311835033,False,False,False,False
2024-04-15 17:00:00+00:00,2.555,2.645,2.465,2.465,197053.0,,,,,,,,,,,,,,,,,,,,2.525,,,2.525,"rgba(239, 83, 80, 1.0)",,3.4509888157465407,,14.446009405332536,-30.75835771298013,False,True,False,True,False,0.0,0.0,0.0,0.0,0.0,0,,,False,False,False,False,,,False,False,False,False,-1265650.0,-59846.97784161613,False,False,False,False,96256.60787620537,False,False,False,False
2024-04-16 17:00:00+00:00,2.745,2.885,2.715,2.725,183990.0,,,,,,,,,,,,,,,,,,,,2.6457147224853887,,,2.6457147224853887,"rgba(239, 83, 80, 0.75)",,3.450667069240442,,19.719701570936337,-35.25145668090737,False,True,False,True,True,0.0,0.0,0.0,0.0,0.0,0,,,False,False,False,False,,,False,False,False,False,-1081660.0,-75689.04020066083,False,False,False,False,97616.81550603163,False,False,False,False
2024-04-17 17:00:00+00:00,2.885,3.015,2.875,2.965,167641.0,,,,,,,,,,,,,,,,,,,,2.739193099610462,,,2.739193099610462,"rgba(239, 83, 80, 0.75)",,3.453205145756354,,27.496682127908457,-28.16566408645879,False,True,False,True,True,0.0,0.0,0.0,0.0,0.0,0,,,False,False,False,False,,,False,False,False,False,-914019.0,-88686.40391848003,False,False,False,False,98702.46177725594,False,False,False,False
2024-04-18 17:00:00+00:00,2.92,2.965,2.87,2.925,113929.0,,,,,,,,,,,,,,,,,,,,2.7702808527249942,,,2.7702808527249942,"rgba(239, 83, 80, 0.75)",,3.4470904942816483,,32.2044697096848,-24.14452171030046,False,True,False,True,True,0.0,0.0,0.0,0.0,0.0,0,,,False,False,False,False,,,False,False,False,False,-1027948.0,-103248.59920656562,False,False,False,False,98938.53213729848,False,False,False,False
2024-04-19 17:00:00+00:00,3.265,3.265,3.115,3.185,110378.0,,,,,,,,,,,,,,,,,,,,2.8299759807466494,,,2.8299759807466494,"rgba(239, 83, 80, 0.5)",,3.4537918287472493,,39.147303771449465,-18.08146432950838,False,False,False,True,True,0.0,0.0,0.0,0.0,0.0,0,,,False,False,False,False,,,False,False,False,False,-917570.0,-115873.73720336304,False,False,False,False,99115.88822819307,False,False,False,False
2024-04-22 17:00:00+00:00,3.355,3.435,3.285,3.41,84550.0,,,,,,,,,,,,,,,,,,,,2.8838774239365814,,,2.8838774239365814,#000000,,3.463651245422059,,46.27909344223468,-11.936759977585822,True,False,False,False,True,0.0,0.0,0.0,0.0,0.0,0,,,False,False,False,False,,,False,False,False,False,-833020.0,-126992.28391338841,False,False,False,False,98890.06050372495,False,False,False,False
2024-04-23 17:00:00+00:00,3.505,3.525,3.385,3.4,77369.0,,,,,,,,,,,,,,,,,,,,2.929623806926157,,,2.929623806926157,"rgba(38, 166, 154, 1.0)",,3.4654001517652113,,50.87356031035225,-8.104840263559296,True,False,True,False,True,0.0,0.0,0.0,0.0,0.0,0,,,False,False,False,False,,,False,False,False,False,-910389.0,-139137.96943411106,False,False,False,False,98556.40065095402,False,False,False,False
2024-04-24 17:00:00+00:00,3.23,3.31,3.17,3.285,105018.0,,,,,,,,,,,,,,,,,,,,2.9624821942801165,,,2.9624821942801165,"rgba(38, 166, 154, 1.0)",,3.446178808761862,,52.07337161792941,-7.1539042424016515,True,False,True,False,True,0.0,0.0,0.0,0.0,0.0,0,,,False,False,False,False,,,False,False,False,False,-1015407.0,-152723.53579947367,False,False,False,False,98656.58048582295,False,False,False,False
2024-04-25 17:00:00+00:00,3.15,3.28,3.145,3.27,42432.0,,,,,,,,,,,,,,,,,,,,2.9730350930682334,,,2.9730350930682334,"rgba(38, 166, 154, 1.0)",,3.4424713907396813,,52.62862972705618,-6.444361093082819,True,False,True,False,True,0.0,0.0,0.0,0.0,0.0,0,,,False,False,False,False,,,False,False,False,False,-1057839.0,-166756.33369405544,False,False,False,False,97784.88156356213,False,False,False,False
2024-04-26 17:00:00+00:00,3.445,3.48,3.365,3.405,43584.0,,,,,,,,,,,,,,,,,,,,2.990207562128608,,,2.990207562128608,"rgba(38, 166, 154, 1.0)",,3.4481544533846793,,54.84969155575379,-3.9837433887264737,True,False,True,False,True,0.0,0.0,0.0,0.0,0.0,0,,,False,False,False,False,,,False,False,False,False,-1014255.0,-179895.84790034915,False,False,False,False,96944.55781839063,False,False,False,False
2024-04-29 17:00:00+00:00,3.055,3.055,2.995,3.025,207241.0,,,,,,,,,,,,,,,,,,,,2.995615978527611,,,2.995615978527611,#000000,,3.4085641948259906,,50.8871846351107,-3.9837433887264737,True,False,False,False,False,0.0,0.0,0.0,0.0,0.0,0,,,False,False,False,False,,,False,False,False,False,-1221496.0,-196044.68746778558,False,False,False,False,98654.58017779543,False,False,False,False
2024-04-30 17:00:00+00:00,2.935,2.96,2.92,2.935,59124.0,,,,,,,,,,,,,,,,,,,,2.993183487525638,,,2.993183487525638,"rgba(239, 83, 80, 0.5)",,3.3979654272471054,,47.266465756099095,-3.9837433887264737,True,False,False,True,False,0.0,0.0,0.0,0.0,0.0,0,,,False,False,False,False,,,False,False,False,False,-1280620.0,-212859.80859231603,False,False,False,False,98041.7029657366,False,False,False,False
2024-05-01 17:00:00+00:00,3.005,3.065,2.96,2.975,201135.0,,,,,,,,,,,,,,,,,,,,2.9940439126403775,,,2.9940439126403775,"rgba(239, 83, 80, 0.5)",,3.375995640893264,,45.51343835414495,3.9708410902544955,True,False,False,True,False,0.0,0.0,0.0,0.0,0.0,0,,,False,False,False,False,,,False,False,False,False,-1079485.0,-226295.85807150492,False,False,False,False,99640.04865619028,False,False,False,False
2024-05-02 17:00:00+00:00,3.02,3.215,3.02,3.125,89077.0,,,,,,,,,,,,,,,,,,,,3.000712352673954,,,3.000712352673954,"rgba(239, 83, 80, 0.5)",,3.3729564946870134,,46.71042420452066,3.9708410902544955,True,False,False,True,False,0.0,0.0,0.0,0.0,0.0,0,,,False,False,False,False,,,False,False,False,False,-990408.0,-238142.5579463653,False,False,False,False,99476.28045997028,False,False,False,False
2024-05-03 17:00:00+00:00,3.225,3.385,3.185,3.3,654554.0,,,,,,,,,,,,,,,,,,,,3.081734308198639,,,3.081734308198639,#000000,,3.386384191526594,,49.85626714433886,3.9708410902544955,True,False,False,False,True,0.0,0.0,0.0,0.0,0.0,0,,,False,False,False,False,,,False,False,False,False,-335854.0,-239657.46402471623,False,False,False,False,108082.13657686996,False,False,False,False
2024-05-06 17:00:00+00:00,3.255,3.435,3.23,3.27,299943.0,,,,,,,,,,,,,,,,,,,,3.1078875621377384,,,3.1078875621377384,"rgba(38, 166, 154, 1.0)",,3.3891465535991356,,51.46695317830729,3.9708410902544955,True,False,True,False,True,0.0,0.0,0.0,0.0,0.0,0,,,False,False,False,False,,,False,False,False,False,-635797.0,-245799.16225689117,False,False,False,False,111056.72360668592,False,False,False,False
2024-05-07 17:00:00+00:00,3.225,3.235,3.14,3.185,60507.0,,,,,,,,,,,,,,,,,,,,3.109654621674807,,,3.109654621674807,#000000,,3.3874221626804206,,51.14579459985984,3.9708410902544955,True,False,False,False,True,0.0,0.0,0.0,0.0,0.0,0,,,False,False,False,False,,,False,False,False,False,-696304.0,-252783.73338469132,False,False,False,False,110273.00696162102,False,False,False,False
2024-05-08 17:00:00+00:00,3.19,3.215,3.13,3.195,53114.0,,,,,,,,,,,,,,,,,,,,3.111012969471215,,,3.111012969471215,#000000,,3.3858388618776503,,51.097111813311365,3.9708410902544955,True,False,False,False,True,0.0,0.0,0.0,0.0,0.0,0,,,False,False,False,False,,,False,False,False,False,-643190.0,-258836.54371981238,False,False,False,False,109386.82080717728,False,False,False,False
2024-05-09 17:00:00+00:00,2.955,3.09,2.935,3.065,133690.0,,,,,,,,,,,,,,,,,,,,3.1072579803945155,,,3.1072579803945155,#000000,,3.376863745962828,,48.890656033565314,3.9708410902544955,True,False,False,False,True,0.0,0.0,0.0,0.0,0.0,0,,,False,False,False,False,,,False,False,False,False,-776880.0,-266868.2252125285,False,False,False,False,109763.614283035,False,False,False,False
2024-05-10 17:00:00+00:00,2.995,3.005,2.905,2.915,94646.0,,,,,,,,,,,,,,,,,,,2.941666666666667,3.1019969239979073,,,3.021831795332287,"rgba(239, 83, 80, 0.5)",,3.2976159424517975,,45.308941672784606,1.2756104038583516,True,False,False,True,False,0.0,0.0,0.0,0.0,0.0,0,,,False,False,False,False,,,False,False,False,False,-871526.0,-276242.76435652026,False,False,False,False,109529.23266624376,False,False,False,False
2024-05-13 17:00:00+00:00,4.185,5.88,4.115,5.22,3574230.0,,,,,,,,,,,,,,,,,,,5.016719053283168,4.176288462922596,,,4.596503758102882,"rgba(38, 166, 154, 1.0)",,4.281277409484469,,57.5823473148771,0.7220766931782805,True,False,True,False,True,15.901928387645718,0.0,0.0,0.0,0.0,0,,,False,False,False,False,,,False,False,False,False,2702704.0,-230057.54320370598,False,False,False,False,163245.5236326586,False,False,False,False
2024-05-14 17:00:00+00:00,6.42,7.77,5.86,6.875,2556525.0,,,,,,,6.835,,,,,,,,,,,,5.763414839997189,4.922420621869876,,6.835,5.342917730933532,"rgba(38, 166, 154, 1.0)",,5.200786189853085,,67.9378877115744,9.744568665073771,True,False,True,False,True,20.0,0.0,0.0,0.0,0.0,0,,,False,False,False,False,,,False,False,False,False,5259229.0,-144952.32547961752,False,True,False,False,200350.63179339256,False,False,False,False
2024-05-15 17:00:00+00:00,5.165,5.815,5.06,5.49,618233.0,,,,,,,6.5662672209976325,,,,,,,,,,,,5.73555358503002,4.956267188379178,,6.5662672209976325,5.345910386704599,"rgba(38, 166, 154, 1.0)",0.812407322503717,5.183186206424319,0.3776600543556497,67.28687990528717,9.744568665073771,True,False,True,False,True,12.875081115559958,0.0,0.0,0.0,0.0,0,,,False,False,False,False,,,False,False,False,False,4640996.0,-70751.57624737539,False,False,False,False,206829.42819969656,False,False,False,False
2024-05-16 17:00:00+00:00,4.765,5.0,4.63,4.655,194623.0,,,,,,,6.46202944744648,,,,,,,,,,,,5.708623509343295,4.952450266325062,,6.46202944744648,5.330536887834178,"rgba(38, 166, 154, 0.75)",0.8169600429101246,5.163521182029911,-0.6224553898847837,63.60252307250884,9.744568665073771,True,False,True,False,False,5.929006802137007,0.0,0.0,0.0,0.0,0,,,False,False,False,False,,,False,False,False,False,4446373.0,-718.6370807494095,False,False,False,False,206640.18125086406,False,False,False,False
2024-05-17 17:00:00+00:00,4.56,4.585,4.32,4.39,185782.0,,,,,,,6.355928866927715,,,,,,,,,,,,5.675783764687133,4.942878768857644,,6.355928866927715,5.309331266772388,"rgba(38, 166, 154, 0.75)",0.8188441810215138,5.139166907528286,-0.9149077747535498,60.20685319063687,9.744568665073771,True,False,True,False,False,3.909087449332887,0.0,0.0,0.0,0.0,0,,,False,False,False,False,,,False,False,False,False,4260591.0,65348.178998021904,False,False,False,False,206316.7985958119,False,False,False,False
2024-05-20 17:00:00+00:00,4.49,4.93,4.415,4.825,115811.0,,,,,,,6.304424137844617,,,,,,,,,,,,5.660755632381226,4.940391940679703,,6.304424137844617,5.300573786530464,"rgba(38, 166, 154, 0.75)",0.825159515018294,5.128934318210537,-0.3683340162462996,59.2584889436563,18.525378958035162,True,False,True,False,False,6.761905147815945,0.0,0.0,0.0,0.0,0,,,False,False,False,False,,,False,False,False,False,4376402.0,132186.22273448668,False,False,False,False,204913.60791990784,False,False,False,False
2024-05-21 17:00:00+00:00,4.665,4.86,4.625,4.665,68832.0,,,,,,,6.275201091981778,,,,,,,,,,,,5.651984364875337,4.938895832489314,,6.275201091981778,5.295440098682326,"rgba(38, 166, 154, 0.75)",0.8294867239595978,5.12305644833313,-0.552216732471104,57.97870880317038,16.9151031938068,True,False,True,False,False,5.548730623704451,0.0,0.0,0.0,0.0,0,,,False,False,False,False,,,False,False,False,False,4307570.0,196920.85494015354,False,False,False,False,202803.81554905654,False,False,False,False
2024-05-22 17:00:00+00:00,4.55,5.235,4.49,5.055,172338.0,,,,,,,6.215795373329817,,,,,,,,,,,,5.635495844666462,4.938694448858483,,6.215795373329817,5.287095146762472,"rgba(38, 166, 154, 0.75)",0.8396437307540594,5.113218223310715,-0.06933681653101945,58.38828134656784,16.796660016723393,True,False,True,False,False,8.020636029298984,0.0,0.0,0.0,0.0,0,,,False,False,False,False,,,False,False,False,False,4479908.0,263323.7564139496,False,False,False,False,202331.47732348976,False,False,False,False
2024-05-23 17:00:00+00:00,5.0,5.01,4.565,4.575,255797.0,,,,,,,6.123790082041309,,,,,,,,,,,,5.605504874194035,4.933397063616147,,6.123790082041309,5.269450968905091,"rgba(38, 166, 154, 0.75)",0.842658106639155,5.094197756002992,-0.616142836474632,56.58369830484014,14.498270071254481,True,False,True,False,False,4.468440177836062,0.0,0.0,0.0,0.0,0,,,False,False,False,False,,,False,False,False,False,4224111.0,324731.3105780744,False,False,False,False,203160.40015568372,False,False,False,False
2024-05-24 17:00:00+00:00,4.695,4.945,4.685,4.825,62270.0,,,,,,,6.104573359343069,,,,,,,,,,,,5.599299451738326,4.9327326156819575,,6.104573359343069,5.266016033710142,"rgba(38, 166, 154, 0.75)",0.84722014965532,5.090549730256235,-0.31343651395008765,56.29135672380255,13.602543359269703,True,False,True,False,False,6.036641958296741,0.0,0.0,0.0,0.0,0,,,False,False,False,False,,,False,False,False,False,4286381.0,386152.23599546857,False,False,False,False,200976.05286644833,False,False,False,False
2024-05-27 17:00:00+00:00,4.825,4.825,4.825,4.825,0.0,,,,,,,6.104573359343069,,,,,,,,,,,,5.599299451738326,4.9327326156819575,,6.104573359343069,5.266016033710142,"rgba(38, 166, 154, 0.75)",0.850325708661576,5.090549730256235,-0.3122917813154372,56.09646233644415,12.748524461422257,True,False,True,False,False,6.03664195829672,0.0,0.0,0.0,0.0,0,,,False,False,False,False,,,False,False,False,False,4286381.0,446620.89900329075,False,False,False,False,197860.14507006927,False,False,False,False
2024-05-28 17:00:00+00:00,5.095,5.125,4.865,4.885,256919.0,,,,,,,6.038943248059822,,,,,,,,,,,,5.579108640920569,4.933328368508142,,6.038943248059822,5.256218504714355,"rgba(38, 166, 154, 0.75)",0.8547910813718129,5.0802283294689525,-0.22839303512109677,56.22257163915404,12.19932252269102,True,False,True,False,False,6.417698655265447,0.0,0.0,0.0,0.0,0,,,False,False,False,False,,,False,False,False,False,4543300.0,510135.30366990634,False,False,False,False,198775.7862317736,False,False,False,False
2024-05-29 17:00:00+00:00,4.485,4.56,4.43,4.5,86796.0,,,,,,,6.009676609693002,,,,,,,,,,,,5.567710619519916,4.929922235420193,,6.009676609693002,5.248816427470055,"rgba(38, 166, 154, 0.75)",0.8515186486560408,5.07285886546864,-0.672749641329392,54.21224033257318,9.718755116904447,True,False,True,False,False,3.574948407144369,0.0,0.0,0.0,0.0,0,,,False,False,False,False,,,False,False,False,False,4456504.0,571319.3144657217,False,False,False,False,197039.66551500192,False,False,False,False
2024-05-30 17:00:00+00:00,4.32,4.37,4.225,4.235,64480.0,,,,,,,5.985585471244504,,,,,,,,,,,,5.557689710866523,4.926158530706616,,5.985585471244504,5.241924120786569,#000000,0.8450288549900331,5.066066402347106,-0.9834769516325071,51.54498004711318,6.797009165125544,True,False,False,False,False,1.6941544697736148,0.0,0.0,0.0,0.0,0,,,False,False,False,False,,,False,False,False,False,4392024.0,630555.0460243927,False,False,False,False,194984.4769023662,False,False,False,False
2024-05-31 17:00:00+00:00,4.145,4.39,4.125,4.35,247729.0,,,,,,,5.899534108588213,,,,,,,,,,,,5.520932728783166,4.912345863339436,,5.899534108588213,5.216639296061301,#000000,0.8401517612800574,4.947348180097979,-0.711000330687706,50.4352353753095,5.425286969337641,False,False,False,False,False,2.463006128541263,0.0,0.0,0.0,0.0,0,,,False,False,False,False,,,False,False,False,False,4639753.0,692713.153837968,False,False,False,False,195802.22144651556,False,False,False,False
2024-06-03 17:00:00+00:00,4.915,4.915,4.915,4.915,0.0,,,,,,,5.899534108588213,,,,,,,,,,,,5.520932728783166,4.912345863339436,,5.899534108588213,5.216639296061301,"rgba(38, 166, 154, 0.75)",0.8414901250939498,4.947348180097979,-0.03844154450935172,52.64451806613764,5.425286969337641,True,False,True,False,False,6.086541666497467,0.0,0.0,0.0,0.0,0,,,False,False,False,False,,,False,False,False,False,4639753.0,753907.5700575344,False,False,False,False,192766.52809075563,False,False,False,False
2024-06-04 17:00:00+00:00,4.705,4.84,4.705,4.775,45098.0,,,,,,,5.889234574463088,,,,,,,,,,,,5.517012402013355,4.91179997793536,,5.889234574463088,5.2144061899743575,"rgba(38, 166, 154, 1.0)",0.8427983846194282,4.9548375155346225,-0.2133814193483879,53.25265507479083,5.425286969337641,True,False,True,False,True,5.0751387910757835,0.0,0.0,0.0,0.0,1,,,False,False,False,False,,,False,False,False,False,4594655.0,813454.0418395881,False,False,False,False,190477.09354671292,False,False,False,False
2024-06-05 17:00:00+00:00,5.145,5.21,4.98,5.13,76388.0,,,,,,,5.877297010230341,,,,,,,,,,,,5.513399712464605,4.913087556921394,,5.877297010230341,5.213243634693,"rgba(38, 166, 154, 1.0)",0.8510294137472945,4.973192796109822,0.18425591566772886,55.40037697185225,5.425286969337641,True,False,True,False,True,7.261321072254816,0.0,0.0,0.0,0.0,0,,,False,False,False,False,,,False,False,False,False,4671043.0,873261.6225862611,False,False,False,False,188708.27039094994,False,False,False,False
2024-06-06 17:00:00+00:00,5.21,5.95,5.21,5.785,331861.0,,,,,,5.648333333333334,5.86306639483006,,,,,,,,,,,,5.518370563573666,4.933604316389279,,5.755699864081697,5.2259874399814725,"rgba(38, 166, 154, 1.0)",0.8753676190426904,5.11794222248124,0.7620315887949572,59.417476840252405,4.76722189013109,True,False,True,False,True,11.026959527274034,0.0,0.0,0.0,0.0,0,,,False,False,False,False,,,False,False,False,False,5002904.0,937287.085801978,False,False,False,False,190927.69255543133,False,False,False,False
2024-06-07 17:00:00+00:00,5.05,5.05,4.8,4.91,193975.0,,,,,,5.379659339287028,5.830007259476309,,,,,,,,,,,,5.505757574012302,4.933385985035957,,5.604833299381669,5.219571779524129,"rgba(38, 166, 154, 0.75)",0.880354596862092,5.080546135989672,-0.1937243658379942,57.05183494833311,4.76722189013109,True,False,True,False,False,4.967212001142045,0.0,0.0,0.0,0.0,0,,,False,False,False,False,,,False,False,False,False,4808929.0,997312.5418360558,False,False,False,False,190974.9376320913,False,False,False,False
2024-06-10 17:00:00+00:00,4.62,4.76,4.62,4.7,35907.0,,,,,,5.3357889076202705,5.822678855251695,,,,,,,,,,,,5.502599860290851,4.932674950059404,,5.579233881435982,5.217637405175127,"rgba(38, 166, 154, 0.5)",0.8826688032417462,5.072899997525923,-0.42246876309255077,54.4787506728095,9.432810107086127,False,False,True,False,False,3.611120147811242,0.0,0.0,0.0,0.0,0,,,False,False,False,False,,,False,False,False,False,4773022.0,1055850.6729703804,False,False,False,False,188570.78356027594,False,False,False,False
2024-06-11 17:00:00+00:00,5.1,5.49,5.07,5.23,251944.0,,,,,,5.3133543016745595,5.798470593435931,,,,,,,,,,,,5.496247847951808,4.939407125759212,,5.5559124475552455,5.21782748685551,"rgba(38, 166, 154, 0.5)",0.8892990862836109,5.077266754773103,0.17174564506207993,55.119814143207435,9.432810107086127,False,False,True,False,False,6.598386831859202,0.0,0.0,0.0,0.0,0,,,False,False,False,False,,,False,False,False,False,5024966.0,1117387.3447072736,False,False,False,False,189553.31404771353,False,False,False,False
2024-06-12 17:00:00+00:00,5.285,5.29,4.885,4.905,165324.0,,,,,,5.264941825645134,5.777156820952637,,,,,,,,,,,,5.488207562633336,4.940557547119632,,5.521049323298886,5.214382554876485,"rgba(38, 166, 154, 0.5)",0.8879813730697955,5.069336358970855,-0.18506734933271798,53.89646930706905,8.722502987884468,False,False,True,False,False,4.516383299645248,0.0,0.0,0.0,0.0,0,,,False,False,False,False,,,False,False,False,False,4859642.0,1175406.796727316,False,False,False,False,189177.66576790402,False,False,False,False
2024-06-13 17:00:00+00:00,5.14,5.255,5.11,5.19,47667.0,,,,,,5.261230255899774,5.772479170875247,,,,,,,,,,,,5.486718050706772,4.941483214225792,,5.51685471338751,5.214100632466282,"rgba(38, 166, 154, 0.5)",0.8979214335903233,5.0693517449231065,0.13436393270453958,54.37095831502528,8.722502987884468,False,False,True,False,False,6.089711689171917,0.0,0.0,0.0,0.0,0,,,False,False,False,False,,,False,False,False,False,4907309.0,1233265.7456152646,False,False,False,False,186983.7019575489,False,False,False,False
2024-06-14 17:00:00+00:00,4.985,5.075,4.95,4.985,46900.0,,,,,,5.249963849855344,5.766547291359265,,,,,,,,,,,,5.484392864157457,4.9417128072153895,,5.508255570607304,5.213052835686423,"rgba(38, 166, 154, 0.5)",0.9042315437346151,5.067261669359862,-0.09097412043391934,53.56987768503338,7.952338425982454,False,False,True,False,False,4.782571540554802,0.0,0.0,0.0,0.0,0,,,False,False,False,False,,,False,False,False,False,4860409.0,1289500.5247530125,False,False,False,False,184811.8616171218,False,False,False,False
2024-06-17 17:00:00+00:00,4.805,4.945,4.735,4.89,51705.0,,,,,,5.231892457275193,5.7588763123744755,,,,,,,,,,,,5.481081569368015,4.941366183148304,,5.495384384824835,5.21122387625816,"rgba(38, 166, 154, 0.5)",0.9093295322369106,5.063282601145371,-0.19056084180957328,52.50533340585747,6.667319325824877,False,True,True,False,False,4.179025757127739,0.0,0.0,0.0,0.0,0,,,False,False,False,False,,,False,False,False,False,4808704.0,1344061.8189428882,False,False,False,False,182748.1893439881,False,False,False,False
2024-06-18 17:00:00+00:00,4.895,4.95,4.815,4.845,34772.0,,,,,,5.221044933214373,5.753865023335641,,,,,,,,,,,,5.478921409148248,4.941171106650031,,5.487454978275007,5.2100462578991396,#000000,0.9125787538519524,5.060856939871778,-0.2365351362396463,51.52599930177247,5.4783353099214125,False,True,False,False,False,3.8905627830424834,0.0,0.0,0.0,0.0,0,,,False,False,False,False,,,False,False,False,False,4773932.0,1397238.1008197425,False,False,False,False,180453.9848580348,False,False,False,False
2024-06-19 17:00:00+00:00,4.845,4.845,4.845,4.845,0.0,,,,,,5.221044933214373,5.753865023335641,,,,,,,,,,,,5.478921409148248,4.941171106650031,,5.487454978275007,5.2100462578991396,#000000,0.9154925322341941,5.060856939871778,-0.23578230544928072,50.87310989904914,4.598465463580645,False,True,False,False,False,3.8905627830424834,0.0,0.0,0.0,0.0,0,,,False,False,False,False,,,False,False,False,False,4773932.0,1449589.944217886,False,False,False,False,177656.24865868542,False,False,False,False
2024-06-20 17:00:00+00:00,4.755,4.84,4.725,4.805,37294.0,,,,,,5.207619115228726,5.748071863629747,,,,,,,,,,,,5.476319319239941,4.940729211531692,,5.477845489429237,5.208524265385817,#000000,0.9176282000426501,5.057676602496889,-0.2753583668038372,50.14467465543389,3.648592037830497,False,True,False,False,False,3.6254453004049303,0.0,0.0,0.0,0.0,0,,,False,False,False,False,,,False,False,False,False,4736638.0,1500551.929578849,False,False,False,False,175480.0897647523,False,False,False,False
2024-06-21 17:00:00+00:00,4.7,4.705,4.47,4.565,105145.0,,,,,,5.156953997484826,5.728608364770955,,,,,,,,,,,,5.466875128457378,4.937780604722058,,5.4427811811278906,5.202327866589718,"rgba(239, 83, 80, 1.0)",0.9192485816986368,5.044575805999695,-0.5217041565770038,47.92314403934607,1.3673373514892617,False,True,False,True,False,2.040345148328221,0.0,0.0,0.0,0.0,0,,,False,False,False,False,,,False,False,False,False,4631493.0,1549093.6516008824,False,False,False,False,174389.62325677165,False,False,False,False
2024-06-24 17:00:00+00:00,4.495,4.57,4.455,4.57,43895.0,,,,,,5.13656836793329,5.720339609160201,,,,,,,,,,,,5.462779404388452,4.936399487934979,,5.428453988546745,5.199589446161715,"rgba(239, 83, 80, 1.0)",0.9205896807809443,5.039064483569669,-0.5095261150133223,46.489235648363625,-0.09917133784285426,False,True,False,True,False,2.071600397076317,0.0,0.0,0.0,0.0,0,,,False,False,False,False,,,False,False,False,False,4675388.0,1597563.3314210237,False,False,False,False,172366.45080317828,False,False,False,False
2024-06-25 17:00:00+00:00,4.355,4.545,4.33,4.545,63163.0,,,,,,5.106848347323595,5.708065566150911,,,,,,,,,,,4.473333333333333,5.456583084879589,4.934144453615771,,5.407456956737253,4.954686957276231,"rgba(239, 83, 80, 1.0)",0.9217754949352166,4.975028996780379,-0.46652248746382885,45.33160584500822,-1.2983660723582489,False,True,False,True,False,1.9035148751064028,0.0,0.0,0.0,0.0,0,,,False,False,False,False,,,False,False,False,False,4612225.0,1644302.2720191474,False,False,False,False,170673.37404653986,False,False,False,False
2024-06-26 17:00:00+00:00,4.455,4.69,4.45,4.68,144210.0,,,,,,5.060424763681096,5.6838583623808185,,,,,,,,,,,4.566055143790818,5.444602308374273,4.930543458170399,,5.372141563030958,4.980400303445163,"rgba(239, 83, 80, 1.0)",0.9241324785104342,4.972133729942131,-0.3161167221533086,46.036059008494576,-1.2983660723582489,False,True,False,True,False,2.7714998564189735,0.0,0.0,0.0,0.0,0,,,False,False,False,False,,,False,False,False,False,4756435.0,1692552.391832804,False,False,False,False,170263.08917760124,False,False,False,False
2024-06-27 17:00:00+00:00,4.705,4.79,4.685,4.78,76104.0,,,,,,5.046007795528386,5.673170052662001,,,,,,,,,,,4.61588556861168,5.439485549525734,4.929511424419585,,5.359588924095194,4.994960847519,"rgba(239, 83, 80, 0.75)",0.9276926380168331,4.97312428459743,-0.20817701540704248,47.571250534196444,-1.2983660723582489,False,True,False,True,True,3.41401574668976,0.0,0.0,0.0,0.0,0,,,False,False,False,False,,,False,False,False,False,4832539.0,1741234.3547501247,False,False,False,False,168803.25833763843,False,False,False,False
2024-06-28 17:00:00+00:00,4.745,4.99,4.74,4.96,182129.0,,,,,,5.030997075047117,5.652432259626741,,,,,,,,,,,4.72571744493556,5.430059689228921,4.9290641004866025,,5.3417146673369285,5.028280411550361,#000000,0.9327731249895138,4.979572631017851,-0.020983270736998863,50.39898322730289,-2.9743277113934283,False,True,False,False,True,4.564845749341018,0.0,0.0,0.0,0.0,0,,,False,False,False,False,,,False,False,False,False,5014668.0,1791985.263978805,False,False,False,False,169009.8589835665,False,False,False,False
2024-07-01 17:00:00+00:00,4.995,5.165,4.99,5.045,72713.0,,,,,,5.032373226162003,5.646252523638962,,,,,,,,,,,4.771770883063759,5.427557759113032,4.92980825058095,,5.339312874900482,5.043045630919248,"rgba(38, 166, 154, 0.5)",0.9390875723107343,4.9844084906532835,0.06452168161231647,53.09056178416497,-0.5002364014290634,False,True,True,False,True,5.1062749902221185,0.0,0.0,0.0,0.0,0,,,False,False,False,False,,,False,False,False,False,5087381.0,1843076.6707388235,False,False,False,False,167516.88442568175,False,False,False,False
2024-07-02 17:00:00+00:00,5.3,5.3,5.19,5.21,70583.0,,,,,,5.039627577173936,5.642066764116317,,,,,,,,,,,4.8252745050380295,5.426268329466316,4.931393299816312,,5.340847170645127,5.060978711440219,"rgba(38, 166, 154, 0.5)",0.9481197751909345,4.991728098955057,0.23021553474189177,56.37048756442893,2.4561368902177207,False,False,True,False,True,6.15452905430692,0.0,0.0,0.0,0.0,0,,,False,False,False,False,,,False,False,False,False,5157964.0,1894470.2727428726,False,False,False,False,166014.03350435337,False,False,False,False
2024-07-03 17:00:00+00:00,5.025,5.025,5.025,5.025,0.0,,,,,,5.039627577173936,5.642066764116317,,,,,,,,,,,4.8252745050380295,5.426268329466316,4.931393299816312,,5.340847170645127,5.060978711440219,"rgba(38, 166, 154, 0.5)",0.9542765619864908,4.991728098955057,0.03486609895949075,56.05604399687581,2.4561368902177207,False,False,True,False,True,4.785495715997538,0.0,0.0,0.0,0.0,0,,,False,False,False,False,,,False,False,False,False,5157964.0,1945067.0747158513,False,False,False,False,163440.17251978975,False,False,False,False
2024-07-04 17:00:00+00:00,5.025,5.025,5.025,5.025,0.0,,,,,,5.039627577173936,5.642066764116317,,,,,,,,,,,4.8252745050380295,5.426268329466316,4.931393299816312,,5.340847170645127,5.060978711440219,"rgba(38, 166, 154, 0.5)",0.9603925483086835,4.991728098955057,0.03464406414183208,55.846414951840394,2.4561368902177207,False,False,True,False,True,4.785495715997538,0.0,0.0,0.0,0.0,0,,,False,False,False,False,,,False,False,False,False,5157964.0,1994879.4301466134,False,False,False,False,160906.21635669222,False,False,False,False
2024-07-05 17:00:00+00:00,5.075,5.09,5.005,5.035,21610.0,,,,,,5.039668085722722,5.640214292402544,,,,,,,,,,,4.832748195117618,5.4254915608459715,4.931571987429402,,5.339941189062634,5.063270581130998,"rgba(38, 166, 154, 0.5)",0.9664900040496684,4.992445311317313,0.04403013844362528,55.82687202005576,2.4561368902177207,False,False,True,False,True,4.852098451404185,0.0,0.0,0.0,0.0,0,,,False,False,False,False,,,False,False,False,False,5179574.0,2044254.5397567435,False,False,False,False,158746.58509534816,False,False,False,False
2024-07-08 17:00:00+00:00,5.405,5.505,5.335,5.465,87624.0,,,,,,5.056447036646849,5.637671684097019,,,,,,,,,,,4.906232482426726,5.425569129579415,4.934809509616793,,5.347059360371934,5.088870373874312,"rgba(38, 166, 154, 1.0)",0.9790901733586992,5.004646899367789,0.4701845786614342,59.959403668022624,6.128317631895982,True,False,True,False,True,7.655031759723894,0.0,0.0,0.0,0.0,0,,,False,False,False,False,,,False,False,False,False,5267198.0,2094222.6554194295,False,False,False,False,157643.90935743577,False,False,False,False
2024-07-09 17:00:00+00:00,5.405,5.515,5.405,5.465,30972.0,,,,,,5.062436289974806,5.636904242615708,,,,,,,,,,,4.929197004971245,5.425672918433983,4.936004400794173,,5.3496702662952575,5.096958108066467,"rgba(38, 166, 154, 1.0)",0.9911737422810328,5.008711647420472,0.46035153385868666,62.7144247666672,8.677239703435909,True,False,True,False,True,7.655031759723894,0.0,0.0,0.0,0.0,0,,,False,False,False,False,,,False,False,False,False,5267198.0,2143416.071614477,False,False,False,False,155680.00378600266,False,False,False,False
2024-07-10 17:00:00+00:00,5.425,5.44,5.16,5.215,49161.0,,,,,,5.067232380796068,5.634393791824956,,,,,,,,,,,4.950287829040085,5.424973261018195,4.937208407354799,,5.350813086310512,5.1041564991376935,"rgba(38, 166, 154, 0.75)",0.998627535648279,5.012234757708141,0.20304391282404383,60.65118408044662,8.677239703435909,True,False,True,False,False,5.702910988132885,0.0,0.0,0.0,0.0,0,,,False,False,False,False,,,False,False,False,False,5218037.0,2191084.613139834,False,False,False,False,154028.54636296385,False,False,False,False
2024-07-11 17:00:00+00:00,5.205,5.26,5.165,5.2,40323.0,,,,,,5.06983634564023,5.632005221476178,,,,,,,,,,,4.962695732847439,5.424168990015295,4.938003745918059,,5.3509207835582036,5.108289489593598,"rgba(38, 166, 154, 0.75)",1.0045063643581538,5.014245562087909,0.18492111598594171,59.06008498028237,8.677239703435909,True,False,True,False,False,5.586384614159748,0.0,0.0,0.0,0.0,0,,,False,False,False,False,,,False,False,False,False,5177714.0,2237388.9447190613,False,False,False,False,152265.66967516596,False,False,False,False
2024-07-12 17:00:00+00:00,5.255,5.305,5.225,5.255,42105.0,,,,,,5.073463064889876,5.62984990200709,,,,,,,,,,,4.976989151774105,5.423541475158519,4.9389921354057575,,5.351656483448483,5.113174254112795,"rgba(38, 166, 154, 0.75)",1.0107210208469901,5.016768587670043,0.23570442032591485,58.66228685220279,12.913301221096646,True,False,True,False,False,5.9593642912265,0.0,0.0,0.0,0.0,0,,,False,False,False,False,,,False,False,False,False,5219819.0,2283628.1703823316,False,False,False,False,150557.75231586106,False,False,False,False
2024-07-15 17:00:00+00:00,5.345,5.365,5.25,5.34,39608.0,,,,,,5.077741905171144,5.628153721919751,,,,,,,,,,,4.991679890543533,5.42316068274784,4.940078732725271,,5.352947813545447,5.118306435338881,"rgba(38, 166, 154, 0.75)",1.0114715308191613,5.019548080412486,0.31681753744268937,59.41774861721411,12.913301221096646,True,False,True,False,False,6.539475008936609,0.0,0.0,0.0,0.0,0,,,False,False,False,False,,,False,False,False,False,5259427.0,2329764.586345396,False,False,False,False,148837.60111716553,False,False,False,False
2024-07-16 17:00:00+00:00,5.395,5.505,5.375,5.47,49414.0,,,,,,5.085684005236372,5.626951699286889,,,,,,,,,,,5.015034522028202,5.423281330949308,4.941894497612609,,5.356317852261631,5.126736783530039,"rgba(38, 166, 154, 1.0)",1.0126600551949243,5.024353433119731,0.440075190676389,61.3689023686302,12.913301221096646,True,False,True,False,True,7.425583227462383,0.0,0.0,0.0,0.0,0,,,False,False,False,False,,,False,False,False,False,5308841.0,2375951.8175648474,False,False,False,False,147296.14993705443,False,False,False,False
2024-07-17 17:00:00+00:00,5.455,5.555,5.405,5.42,51412.0,,,,,,5.093812483104684,5.6257878814339515,,,,,,,,,,,5.0374376859253776,5.423452263338604,4.943806917083574,,5.359800182269318,5.134898955449185,"rgba(38, 166, 154, 1.0)",1.010485246024123,5.029160249680963,0.3867842225869634,61.67136024483297,12.913301221096646,True,False,True,False,True,7.008993460963719,0.0,0.0,0.0,0.0,0,,,False,False,False,False,,,False,False,False,False,5257429.0,2420625.8824088033,False,False,False,False,145809.5739690381,False,False,False,False
2024-07-18 17:00:00+00:00,5.245,5.255,5.035,5.08,172036.0,,,,,,5.095812300785387,5.614334556483835,,,,,,,,,,,5.049822493414585,5.41884892736628,4.945997283737891,,5.355073428634611,5.138222901506253,"rgba(38, 166, 154, 0.5)",1.003184784429923,5.031133372329704,0.04871149206879745,56.47953373285256,10.62337344681194,False,False,True,False,False,4.230423212070285,0.0,0.0,0.0,0.0,0,,,False,False,False,False,,,False,False,False,False,5085393.0,2461940.101286186,False,False,False,False,146216.18522533207,False,False,False,False
2024-07-19 17:00:00+00:00,5.045,5.1,4.955,5.0,60543.0,,,,,,5.094008212123206,5.609591518878193,,,,,,,,,,,5.048301848114795,5.416698596219405,4.946306546123693,,5.351799865500699,5.13710233015263,#000000,0.9942055001741724,5.030428760297016,-0.03060610738090404,52.02957016236898,6.616326147052369,False,True,False,False,False,3.5911032291620693,0.0,0.0,0.0,0.0,0,,,False,False,False,False,,,False,False,False,False,5024850.0,2501675.138475547,False,False,False,False,144887.91878773,False,False,False,False
2024-07-22 17:00:00+00:00,4.995,5.75,4.815,5.285,427980.0,,,,,5.283333333333334,5.120766881687477,5.592215064026781,,,,,,,,,,,5.108115948837182,5.411822070558844,4.956193561248542,,5.332105093015865,5.1587105268815225,"rgba(38, 166, 154, 0.5)",0.9865541450326388,5.067409120793165,0.22055644923536977,52.94952766343782,6.616326147052369,False,True,True,False,False,5.626043035728571,0.0,0.0,0.0,0.0,0,,,False,False,False,False,,,False,False,False,False,5452830.0,2547429.4774139104,False,False,False,False,149276.94330264893,False,False,False,False
2024-07-23 17:00:00+00:00,5.06,5.185,5.06,5.07,129415.0,,,,,5.241928210694391,5.120120650532775,5.584492828943622,,,,,,,,,,,5.107893294425226,5.408466703949103,4.957501984035315,,5.315513896723596,5.157953994136548,#000000,0.9759463090755546,5.063603856219342,0.006553786536389212,50.85601819499991,5.775841965512427,False,True,False,False,False,3.895357295580606,0.0,0.0,0.0,0.0,0,,,False,False,False,False,,,False,False,False,False,5323415.0,2590468.0126478034,False,False,False,False,148969.0061971815,False,False,False,False
2024-07-24 17:00:00+00:00,4.65,4.735,4.535,4.69,101438.0,,,,,5.151304506098915,5.105591359377858,5.573066668981215,,,,,,,,,,4.653333333333333,5.083784213827697,5.402048902054549,4.955420016192797,,5.276654178152662,5.023646616352094,"rgba(239, 83, 80, 1.0)",0.9592248043212941,5.015701074184768,-0.3395461342507914,45.91940561872837,1.226386247629108,False,True,False,True,False,0.9548814218778361,0.0,0.0,0.0,0.0,0,,,False,False,False,False,,,False,False,False,False,5221977.0,2631266.601599,False,False,False,False,148232.09137241897,False,False,False,False
2024-07-25 17:00:00+00:00,5.095,5.185,5.025,5.135,64669.0,,,,,5.148059489354096,5.1057744280977175,5.569511042517734,,,,,,,,,,4.83307001912422,5.08480519371047,5.400501984233798,4.956113350102985,,5.274448319989849,5.068622636792869,"rgba(239, 83, 80, 1.0)",0.9435286128375986,5.030599095745035,0.11064943111898484,47.54627788341877,1.226386247629108,False,True,False,True,False,4.11198845733427,0.0,0.0,0.0,0.0,0,,,False,False,False,False,,,False,False,False,False,5286646.0,2672435.2744424264,False,False,False,False,146936.5395681954,False,False,False,False
2024-07-26 17:00:00+00:00,5.245,5.275,5.16,5.185,113642.0,,,,,5.156015392811751,5.109110123530205,5.564628268732334,,,,,,,,,,4.9848356026294995,5.09142860285797,5.398683567034901,4.958011819832717,,5.276584595024764,5.1082398980887715,#000000,0.9230024303795122,5.0455546238022695,0.15107801627390532,49.09554746109972,1.226386247629108,False,True,False,False,True,4.456839626827456,0.0,0.0,0.0,0.0,0,,,False,False,False,False,,,False,False,False,False,5400288.0,2714727.5647611483,False,False,False,False,146420.3451562854,False,False,False,False
2024-07-29 17:00:00+00:00,5.155,5.185,5.11,5.17,54732.0,,,,,5.155953080921564,5.109829385471928,5.561990522843676,,,,,,,,,,5.012680047596126,5.093050252937892,5.397587514137631,4.958728069059483,,5.275924329745723,5.115511470932782,#000000,0.8950903371792768,5.048272375718371,0.13599479206225445,49.96359343411352,1.226386247629108,False,True,False,False,True,4.338688163937604,0.0,0.0,0.0,0.0,0,,,False,False,False,False,0.07177793500454827,0.07177793500454827,False,False,False,False,5345556.0,2755515.6025167895,False,False,False,False,144998.82042518017,False,False,False,False
2024-07-30 17:00:00+00:00,5.215,5.255,5.115,5.125,51575.0,,,,,5.156447642749862,5.1106323724325415,5.559596138938166,,,,,,,,,,5.033029171933605,5.0947391634022265,5.3966058729834145,4.959432399701031,,5.27555871804019,5.120951652005069,#000000,0.8723114422339374,5.050442652654353,0.0854710184182727,50.00842516468402,1.226386247629108,False,True,False,False,True,3.9791743482953663,0.0,0.0,0.0,0.0,0,0.8733869937396189,0.7955794046250159,False,False,False,False,0.07762028947299769,0.07469911223877299,False,False,False,False,5293981.0,2794871.655190948,False,False,False,False,143550.38910075877,False,False,False,False
2024-07-31 17:00:00+00:00,5.34,5.39,5.25,5.305,137511.0,,,,,5.176617355651725,5.118266800885216,5.555725050128434,,,,,,,,,,5.1070867243351845,5.107712415277178,5.395697788619189,4.96264030015881,,5.283536402221792,5.14328430709759,"rgba(38, 166, 154, 0.5)",0.8561290053922208,5.061863439365224,0.28399523798797927,52.07345943504928,-2.9427928073978364,False,True,True,False,True,5.268881523519248,0.0,0.0,0.0,0.0,0,0.8772287315333671,0.7887162506367805,False,False,False,False,0.09869952464866968,0.08669931844372133,False,False,False,False,5431492.0,2835749.489994189,False,False,False,False,143456.75516121212,False,False,False,False
2024-08-01 17:00:00+00:00,5.275,5.29,5.11,5.125,81090.0,,,,,5.1765044937748055,5.119489637266907,5.552204662789411,,,,,,,,,,5.116194511929904,5.109971060890932,5.394259016199619,4.963764118856711,,5.2827329312770415,5.146047176969292,#000000,0.835655285842647,5.063279960263478,0.07385825325604853,51.183476252705915,-2.9427928073978364,False,True,False,False,True,3.8085460376852502,0.0,0.0,0.0,0.0,0,0.8773367477592828,0.7896286811779769,False,False,False,False,0.079958690542536,0.08332900449312866,False,False,False,False,5350402.0,2874736.350614434,False,False,False,False,142489.8287246042,False,False,False,False
2024-08-02 17:00:00+00:00,4.975,5.03,4.905,4.955,124453.0,,,,,5.1558828946124065,5.1144893541165155,5.543964843854676,,,,,,,,,,5.0901023828137495,5.102786824474831,5.389990166175269,4.963760648211385,,5.271445697527866,5.1366600054188085,#000000,0.8193529253113189,5.057372163490226,-0.12494269603215084,48.71433572770535,-2.9427928073978364,False,True,False,False,False,2.4506060167536425,0.0,0.0,0.0,0.0,1,0.871388028895769,0.7991486068111457,False,False,False,False,0.043795576131758274,0.06356229031244347,False,False,False,False,5225949.0,2911189.2599072335,False,False,False,False,142210.18796918396,False,False,False,False
2024-08-05 17:00:00+00:00,5.095,5.12,4.87,4.95,81683.0,,,,,5.145382406024123,5.111721032694124,5.538832623210193,,,,,,,,,,5.079010164534392,5.09896150549462,5.387341704426639,4.963846067061267,,5.2653120206428135,5.132289860379229,"rgba(239, 83, 80, 1.0)",0.8071707065729957,5.0544675120941305,-0.12942431042581806,47.0134510192635,1.6401320451738144,False,True,False,True,False,2.4105744516109127,0.0,0.0,0.0,0.0,1,0.8721678681771369,0.7946704428424305,False,False,False,False,0.04806514025403629,0.055813715283239876,False,False,False,False,5144266.0,2945810.6047148732,False,False,False,False,141271.78195415786,False,False,False,False
2024-08-06 17:00:00+00:00,5.035,5.135,4.975,5.075,66986.0,,,,,5.141475017431104,5.110890124410418,5.535297976142006,,,,,,,,,,5.0776866291705165,5.098032409232479,5.38562552579224,4.964266211270736,,5.262554372661176,5.131402693866493,"rgba(239, 83, 80, 1.0)",0.794736201912704,5.053758818032643,0.026727336588211265,47.67489921272879,1.6401320451738144,False,True,False,True,False,3.3552357882336814,0.0,0.0,0.0,0.0,1,0.8730670103092782,0.7989690721649485,False,False,False,False,0.05738684811409343,0.056600281698666655,False,False,False,False,5211252.0,2980933.7271223944,False,False,False,False,140120.06440448097,False,False,False,False
2024-08-07 17:00:00+00:00,4.895,4.9,4.78,4.825,113610.0,,,,,5.1189937503658784,5.10333534953866,5.526608977254495,,,,,,,,,,5.049875519767383,5.087369366951959,5.380747965362431,4.963331379552181,,5.249646025719677,5.120331057908489,"rgba(239, 83, 80, 1.0)",0.7776915076565262,5.030102278956546,-0.263732182925072,45.22666257657167,-0.35395048605015944,False,True,False,True,False,1.3280622056452884,0.0,0.0,0.0,0.0,1,0.8664604279453466,0.8069089971642176,False,False,False,False,0.02401869390735706,0.040309487803011856,False,False,False,False,5097642.0,3013750.9096476287,False,False,False,False,139709.05565402392,False,False,False,False
2024-08-08 17:00:00+00:00,4.995,5.055,4.95,5.03,37378.0,,,,,5.116464581381557,5.102516864492364,5.524515464015457,,,,,,,,,,5.048487284616762,5.086372978547389,5.379675448816396,4.9634461103821925,,5.24783230329646,5.119495455590685,"rgba(239, 83, 80, 1.0)",0.7600303751635001,5.032872380528625,-0.0037792970156050416,46.38494290529519,-0.35395048605015944,False,True,False,True,False,2.889093635027617,0.0,0.0,0.0,0.0,1,0.8628792769528727,0.806843124596514,False,False,False,False,0.04922986425707398,0.04476967603004292,False,False,False,False,5135020.0,3046638.802521309,False,False,False,False,138122.52765938788,False,False,False,False
2024-08-09 17:00:00+00:00,5.015,5.11,4.99,5.005,44052.0,,,,,5.114263227608973,5.101813783440297,5.522181161213466,,,,,,,,,,5.0479334709147885,5.085588255215232,5.378499043269923,4.963645721819051,,5.246086057420912,5.118916622804749,"rgba(239, 83, 80, 1.0)",0.7445581856993392,5.035136835910455,-0.04047613267745985,46.85056727449042,-0.35395048605015944,False,True,False,True,False,2.6842593476707286,0.0,0.0,0.0,0.0,1,0.8654917714137615,0.8045872748477387,False,False,False,False,0.056609680801977105,0.05068967841601001,False,False,False,False,5090968.0,3078333.828838808,False,False,False,False,136664.06986621907,False,False,False,False
2024-08-12 17:00:00+00:00,5.035,5.07,5.01,5.05,44002.0,,,,,5.112399037320554,5.101211755567852,5.519911132404564,,,,,,,,,,5.0477522285725875,5.084953231969204,5.377360275942544,4.963867154282574,,5.2445073084309906,5.118483222691728,"rgba(239, 83, 80, 0.75)",0.7172267348539016,5.0366123765370965,0.018665817672887483,47.802083157467614,-0.35395048605015944,False,True,False,True,True,3.031885593776547,0.0,0.0,0.0,0.0,1,0.8627220480668756,0.8089080459770116,False,False,False,False,0.05505555014323206,0.05287261427962103,False,False,False,False,5134970.0,3110219.6609498337,False,False,False,False,135227.4486279831,False,False,False,False
2024-08-13 17:00:00+00:00,5.025,5.165,5.025,5.16,53696.0,,,,,5.11253165670474,5.101403498820437,5.517591780610035,,,,,,,,,,5.050913592028137,5.085524358889222,5.37628386428255,4.964383537112669,,5.243842312045071,5.119276338078144,#000000,0.6851372585570449,5.039529437989563,0.1758342003822099,49.97833840883004,-3.923534219962434,False,True,False,False,True,3.884588111912965,0.0,0.0,0.0,0.0,1,0.8552201750947337,0.8088331373317653,False,False,False,False,0.06360675942547651,0.058239686852548773,False,False,False,False,5188666.0,3142443.6351986732,False,False,False,False,133963.3951608826,False,False,False,False
2024-08-14 17:00:00+00:00,5.045,5.12,4.985,5.115,53727.0,,,,,5.111349594390335,5.101059314439462,5.515049682305259,,,,,,,,,,5.051897501641829,5.085308572424456,5.37503740002637,4.964750701748266,,5.242486197045019,5.11924854396023,#000000,0.6513857577545009,5.040657327874185,0.11413002393864735,50.69373065137927,-3.084628839020823,False,True,False,False,True,3.496347801900484,0.0,0.0,0.0,0.0,1,0.8534865500130581,0.8089579524680074,False,False,False,False,0.056998255860762785,0.05761897135665578,False,False,False,False,5134939.0,3173335.036203345,False,False,False,False,132719.4200421092,False,False,False,False
2024-08-15 17:00:00+00:00,5.095,5.135,5.09,5.13,42536.0,,,,,5.111512440783733,5.1012253908776914,5.5132605692352055,,,,,,,,,,5.054128287205881,5.085764970642719,5.374203925097233,4.965159381757593,,5.241999466965543,5.119814141175857,#000000,0.620493860268279,5.042066464707625,0.14171539949541997,51.410036759476945,-2.2097705535457877,False,False,False,False,True,3.6158464375018227,0.0,0.0,0.0,0.0,1,0.8557454023738098,0.8055301943393767,False,False,False,False,0.06632948861125619,0.061974229983955985,False,False,False,False,5177475.0,3204406.9736265484,False,False,False,False,131321.22748331682,False,False,False,False
2024-08-16 17:00:00+00:00,5.045,5.07,4.98,5.0,160929.0,,,,,5.103823455429372,5.098257594047636,5.504929721077619,,,,,,,,,,5.049905675222798,5.082331639503431,5.369865257093737,4.965672759743793,,5.2356702568515425,5.116943832890939,#000000,0.5929567232738622,5.040443127275632,-0.06820586678288255,49.64017260402808,-2.2097705535457877,False,True,False,False,False,2.4708631851731013,0.0,0.0,0.0,0.0,1,0.8555947251599423,0.8054576315445882,False,False,False,False,0.052724849864606425,0.057349539924281205,False,False,False,False,5016546.0,3232502.1523300125,False,False,False,False,131780.2627161336,False,False,False,False
2024-08-19 17:00:00+00:00,5.015,5.04,4.98,5.005,72521.0,,,,,5.100457905757042,5.0968574687265,5.501203659914194,,,,,,,,,,5.04789607149126,5.080711014842453,5.367898988749825,4.965863515850676,,5.232839678132579,5.115592397733553,#000000,0.5619918084748148,5.039544926193442,-0.06146873614971987,48.55890688412907,-2.2097705535457877,False,True,False,False,False,2.512296907805947,0.0,0.0,0.0,0.0,1,0.8591438669982981,0.8032464982327531,False,False,False,False,0.050394721736361975,0.05387213083032159,False,False,False,False,5089067.0,3261286.103456679,False,False,False,False,130861.51445696874,False,False,False,False
2024-08-20 17:00:00+00:00,4.955,5.005,4.95,5.0,25452.0,,,,,5.099047187565959,5.096249548739289,5.499847897787288,,,,,,,,,,5.046846815609893,5.0799809602271075,5.367169513929471,4.96589349995155,,5.231714878030846,5.114972697429506,"rgba(239, 83, 80, 1.0)",0.5244564066941337,5.0390640834715725,-0.07448490088587086,47.74312365513379,1.108035646330265,False,True,False,True,False,2.4671390961975987,0.0,0.0,0.0,0.0,1,0.860614818707304,0.8014976353126643,False,False,False,False,0.045347952114927766,0.04961004147262468,False,False,False,False,5063615.0,3289229.1871240167,False,False,False,False,129227.2584188762,False,False,False,False
2024-08-21 17:00:00+00:00,4.995,5.06,4.995,5.01,68232.0,,,,,5.096592947983453,5.095178510594474,5.496504608023335,,,,,,,,,,5.045768908067394,5.078812420234169,5.365413890079404,4.9661267920138945,,5.2294253555337535,5.114030502598715,"rgba(239, 83, 80, 1.0)",0.4832987530344817,5.038533665677733,-0.05903939436751883,47.443995849121364,0.6354991694317391,False,True,False,True,False,2.5532751473120143,0.0,0.0,0.0,0.0,1,0.8600368324125229,0.8028150486714024,False,False,False,False,0.05311325948906264,0.051361650480843665,False,False,False,False,5131847.0,3317796.905153102,False,False,False,False,128281.59549765331,False,False,False,False
2024-08-22 17:00:00+00:00,4.975,4.99,4.9,4.925,70247.0,,,,,5.09158867928605,5.092893423178003,5.49251551894565,,,,,,,,,,5.04123387400618,5.0759728579049765,5.36319128006066,4.966007615492834,,5.225665873803234,5.111601406866162,"rgba(239, 83, 80, 1.0)",0.4294610806811488,5.036438091796445,-0.25948356395810745,45.444700872140174,-1.4025079920308556,False,True,False,True,False,1.762609752278344,0.0,0.0,0.0,0.0,1,0.8568604191379988,0.8058521154606564,False,False,False,False,0.04030348988961348,0.04583257018522857,False,False,False,False,5061600.0,3344832.6120499526,False,False,False,False,127381.83432714705,False,False,False,False
2024-08-23 17:00:00+00:00,5.035,5.07,5.015,5.055,98454.0,,,,,5.089682328955479,5.09196840117431,5.488094004369581,,,,,,,,,,5.041537332315905,5.075165488622499,5.360899302615178,4.966489457465044,,5.223248244833123,5.111022895254656,"rgba(239, 83, 80, 0.75)",0.35465149750802577,5.036412970738293,0.052409278946541994,47.34205505298442,-1.4025079920308556,False,True,False,True,True,2.9096224851573034,0.0,0.0,0.0,0.0,1,0.8561571125265388,0.8111730360934181,False,False,False,False,0.055444057608286704,0.05063831389675764,False,False,False,False,5160054.0,3372975.579304992,False,False,False,False,126933.3407716874,False,False,False,False
2024-08-26 17:00:00+00:00,5.115,5.125,5.035,5.05,55875.0,,,,,5.089219448752781,5.09172171942943,5.485754067794151,,,,,,,,,,5.042411877436774,5.07508596964675,5.359708749884607,4.966839201554994,,5.2222317453254545,5.111011449630781,#000000,0.3538560174436512,5.036686650344429,0.037623635035937894,48.485761498476194,-1.4025079920308556,False,True,False,False,True,2.8617638627954705,0.0,0.0,0.0,0.0,1,0.8505394964699613,0.8139070201145598,False,False,False,False,0.06127374243468595,0.055956028165721795,False,False,False,False,5104179.0,3399815.942416542,False,False,False,False,125831.66106980077,False,False,False,False
2024-08-27 17:00:00+00:00,5.055,5.07,4.99,4.995,79114.0,,,,,5.086935095832354,5.090573166270301,5.482079164024491,,,,,,,,,,5.0414080062717685,5.073875325169305,5.357741929955456,4.967084382427362,,5.219862475375716,5.110027410955973,"rgba(239, 83, 80, 0.75)",0.27863636737731423,5.036072444543681,-0.14740518235389813,47.879521484164485,-1.4025079920308556,False,True,False,True,True,2.3285815350099917,0.0,0.0,0.0,0.0,1,0.8576082530202251,0.8109135333242841,False,False,False,False,0.0535016851246765,0.05472885664519915,False,False,False,False,5025065.0,3425013.6022240375,False,False,False,False,125107.35624701316,False,False,False,False
2024-08-28 17:00:00+00:00,4.915,4.915,4.715,4.745,138016.0,,,,,5.071219117513782,5.082629208281069,5.472737879182238,,,,,,,,,,5.024475425177587,5.063750008123793,5.352108935379179,4.965639322252954,,5.208862068325696,5.101493422733379,"rgba(239, 83, 80, 1.0)",0.27366610154554305,5.028290944334757,-1.035170021916698,42.92436790762285,-3.6011995444812683,False,True,False,True,False,0.0,0.0,0.0,0.0,0.0,0,0.8494521844988502,0.8150953604761263,False,False,False,False,0.02014356091323827,0.03743620877921871,False,False,False,False,4887049.0,3447680.8176934323,False,False,False,False,125307.49025868736,False,False,False,False
2024-08-29 17:00:00+00:00,4.87,4.955,4.83,4.83,65263.0,,,,,5.066319934057562,5.080010900701871,5.468916749415564,,,,,,,,,,5.019728488767183,5.060545515903081,5.349858817883823,4.965274683249457,,5.205082528058332,5.098851876450887,"rgba(239, 83, 80, 1.0)",0.27162893674879274,5.026017742330333,-0.7216379251655848,41.86814108533777,-4.478731996832181,False,True,False,True,False,0.7412006870346062,0.0,0.0,0.0,0.0,0,0.8530920874966241,0.8093437753173103,False,False,False,False,0.03215896049072158,0.034797584634970145,False,False,False,False,4952312.0,3471008.4329229915,False,False,False,False,124376.5679290953,False,False,False,False
2024-08-30 17:00:00+00:00,4.825,4.92,4.79,4.83,73035.0,,,,,5.060446430587292,5.076814318608279,5.464521170564663,,,,,,,,,,5.013914299742063,5.056625678613816,5.347235254383793,4.964761871596488,,5.200593973253412,5.09563427608404,"rgba(239, 83, 80, 1.0)",0.26337205211988274,5.0232310251513885,-0.733680827544423,41.163989870481046,-5.14422877015857,False,True,False,True,False,0.7412006870346062,0.0,0.0,0.0,0.0,0,0.8495599187542312,0.8154366960054164,False,False,False,False,0.026344112491959885,0.030570848563465015,False,False,False,False,4952312.0,3493974.379699379,False,False,False,False,123580.574627869,False,False,False,False
2024-09-02 17:00:00+00:00,4.83,4.83,4.83,4.83,0.0,,,,,5.060446430587292,5.076814318608279,5.464521170564663,,,,,,,,,,5.013914299742063,5.056625678613816,5.347235254383793,4.964761871596488,,5.200593973253412,5.09563427608404,"rgba(239, 83, 80, 1.0)",0.2633317881126983,5.0232310251513885,-0.7337930089499534,40.69455572724323,-5.689651910867603,False,True,False,True,False,0.7412006870346275,0.0,0.0,0.0,0.0,0,0.8469818776400053,0.8205477585502112,False,False,False,False,0.022468560676290543,0.02651970461987778,False,False,False,False,4952312.0,3516584.265285435,False,False,False,False,121664.59672666174,False,False,False,False
2024-09-03 17:00:00+00:00,4.695,4.74,4.625,4.635,79320.0,,,,,5.049333414098058,5.070801654933196,5.458446715298155,,,,,,,,,4.666666666666667,5.001690254942739,5.049015211478624,5.3434032232314825,4.963368663521246,,5.192860594776469,5.0048288039681506,"rgba(239, 83, 80, 1.0)",0.26384589755699833,4.992490067369341,-1.3549199387953847,37.102973678978756,-9.115340407162776,False,True,False,True,False,0.0,0.0,0.0,0.0,0.0,0,0.8424060968971148,0.8204953728905825,False,False,False,False,-0.0003873317004184582,0.013066186459729661,False,False,False,False,4872992.0,3537613.8425678313,False,False,False,False,121008.09135105457,False,False,False,False
2024-09-04 17:00:00+00:00,4.745,4.76,4.655,4.71,77873.0,,,,,5.040140184349049,5.065658909990183,5.45288151696937,,,,,,,,,4.687308224072743,4.99189038545712,5.042610446517838,5.33991191074139,4.962203793780565,,5.186226870436201,5.004784952113932,"rgba(239, 83, 80, 1.0)",0.265594149506823,4.989651994864384,-1.0529298005383962,36.96749706661804,-9.282364921581411,False,True,False,True,False,0.0,0.0,0.0,0.0,0.0,0,0.8500616185129397,0.8159660413528688,False,False,False,False,0.003485921784482668,0.008276054122106165,False,False,False,False,4950865.0,3559524.7132256944,False,False,False,False,120339.33024483666,False,False,False,False
2024-09-05 17:00:00+00:00,4.765,4.765,4.685,4.735,58674.0,,,,,5.033932570570285,5.062090991216896,5.4488538009202685,,,,,,,,,4.698459105220653,4.985419532858953,5.038220925407076,5.337389109380426,4.961401711060342,,5.18162578756915,5.00417807678549,"rgba(239, 83, 80, 1.0)",0.26293067630183614,4.987550522075859,-0.9605213268684493,37.615581351858744,-9.282364921581411,False,True,False,True,False,0.0,0.0,0.0,0.0,0.0,0,0.8492248593771435,0.8153381808204144,False,False,False,False,0.006197254542598213,0.0072366543323521895,False,False,False,False,5009539.0,3582005.55488111,False,False,False,False,119383.27861313376,False,False,False,False
2024-09-06 17:00:00+00:00,4.775,4.98,4.755,4.98,150171.0,,,,,5.027681444025341,5.057950452687899,5.441224606388257,,,,,,,,,4.78319471384574,4.980664851412125,5.033622984907206,5.332871748564725,4.960910937743723,,5.175618834367166,5.018253047294704,"rgba(239, 83, 80, 0.75)",0.2622915302613625,4.991035017108189,-0.04207157241102066,43.716557492529844,-10.325052214041776,False,True,False,True,True,2.2392213818167797,0.0,0.0,0.0,0.0,0,0.8525754884547067,0.8074873616614291,False,False,False,False,0.028282177862952916,0.017759416097652553,False,False,False,False,5159710.0,3606466.088913961,False,False,False,False,119860.60762688363,False,False,False,False
2024-09-09 17:00:00+00:00,5.005,5.025,4.95,5.01,64302.0,,,,,5.027016765702414,5.05724791637451,5.4385602790741245,,,,,,,,,4.814842953633561,4.981018802028576,5.03306050903025,5.331367007291997,4.9610374775047905,,5.1742749870503495,5.024265349897836,#000000,0.2616483266654829,4.993307906782378,0.06379591045106442,48.32657839618062,-6.268359056676296,False,False,False,False,True,2.5292007895623634,0.0,0.0,0.0,0.0,0,0.8560098454806508,0.8081498700943526,False,False,False,False,0.046900546544756,0.03232998132120428,False,False,False,False,5224012.0,3631544.320093589,False,False,False,False,118999.23386522652,False,False,False,False
2024-09-10 17:00:00+00:00,4.895,4.96,4.875,4.95,120279.0,,,,,5.0234001324016875,5.054611800187158,5.432924691563454,,,,,,,,,4.839634160220891,4.97869291858886,5.030283288084317,5.328037241585597,4.9608119627421114,,5.170312208050767,5.027491914244355,#000000,0.261416360454953,4.990692747752834,-0.15566259006136673,49.92815743844516,-4.997270178146529,False,False,False,False,True,1.903709838232281,0.0,0.0,0.0,0.0,0,0.8558718861209965,0.8057760744593487,False,False,False,False,0.036036709693722684,0.03418334550746348,False,False,False,False,5103733.0,3654368.950789812,False,False,False,False,119019.07520064936,False,False,False,False
2024-09-11 17:00:00+00:00,4.845,4.975,4.84,4.955,65464.0,,,,,5.02144315661089,5.0531668198123745,5.429879549122682,,,,,,,,,4.848527901273044,4.977393972857597,5.028761616591025,5.326225592847699,4.96067182931666,,5.168163175181982,5.028316182577205,"rgba(38, 166, 154, 1.0)",0.2551667358083014,4.990027024021282,-0.13727112160731209,51.10745026674995,-3.9504032327988057,True,False,True,False,True,1.9538223184593306,0.0,0.0,0.0,0.0,0,0.8518214187893726,0.8064913722267872,False,False,False,False,0.03448548653788419,0.034334416022673835,False,False,False,False,5169197.0,3677854.656979117,False,False,False,False,118188.76395722844,False,False,False,False
2024-09-12 17:00:00+00:00,4.955,4.995,4.9,4.905,78922.0,,,,,5.019413630025001,5.05159747961904,5.426327955368652,,,,,,,,,4.858158068407182,4.9761818964817115,5.0271523546440315,5.324116633840974,4.960549148986378,,5.165779688337564,5.029231620472055,#000000,0.23951668677410287,4.989708565768697,-0.35366456888487524,50.56824623705905,-3.9504032327988057,True,False,False,False,True,1.4192245851947156,0.0,0.0,0.0,0.0,0,0.8542094455852155,0.8064339493497605,False,False,False,False,0.04069144940506995,0.03751293271387189,False,False,False,False,5090275.0,3699752.6467933943,False,False,False,False,117579.97691913188,False,False,False,False
2024-09-13 17:00:00+00:00,4.95,4.965,4.905,4.96,52230.0,,,,,5.018271293079757,5.050667233733647,5.424052454802645,,,,,,,,,4.8641116226265275,4.975594566597506,5.02622724289335,5.322768743790866,4.960498173424265,,5.16433032720535,5.029840069866504,"rgba(38, 166, 154, 1.0)",0.22711315987275568,4.989684849017979,-0.13070510328248067,51.627696019533666,-3.2319624432080616,True,False,True,False,True,1.9885421024431054,0.0,0.0,0.0,0.0,0,0.8562414266117969,0.8048010973936902,False,False,False,False,0.03875177190873563,0.03813235231130376,False,False,False,False,5142505.0,3722120.900331481,False,False,False,False,116566.79898240115,False,False,False,False
2024-09-16 17:00:00+00:00,4.925,4.94,4.85,4.855,80944.0,,,,,5.015164859667242,5.048446374929764,5.4201210460289175,,,,,,,,,4.865827405669547,4.973062036858459,5.02379615621091,5.32036214128684,4.9601380838460685,,5.161244093541974,5.028637164774365,#000000,0.22755803140662414,4.987763140232077,-0.5834254208098746,49.58825863688638,-3.2319624432080616,True,False,False,False,True,0.8453487950349761,0.0,0.0,0.0,0.0,0,0.8567115015097445,0.8037331869338459,False,False,False,False,0.032546689985618445,0.0353395211484611,False,False,False,False,5061561.0,3742887.413504636,False,False,False,False,116014.50752530964,False,False,False,False
2024-09-17 17:00:00+00:00,4.855,4.875,4.8,4.82,79753.0,,,,,5.011143549921298,5.0456754374605195,5.415948275675557,,,,,,,,,4.86282671683195,4.969402966832694,5.020664530602331,5.317749152170948,4.959562472437058,,5.157589087685792,5.026041167774996,"rgba(239, 83, 80, 0.5)",0.22699043516778003,4.984789930899213,-0.7259774218125454,47.40417079089002,-3.2319624432080616,False,False,False,True,False,0.46420640191900375,0.0,0.0,0.0,0.0,0,0.8550027487630566,0.805250137438153,False,False,False,False,0.023631150070855964,0.029485335609658533,False,False,False,False,4981808.0,3762095.484613091,False,False,False,False,115452.31361018856,False,False,False,False
2024-09-18 17:00:00+00:00,4.805,4.9,4.755,4.78,130186.0,,,,,5.004254155335381,5.0408925624548955,5.409033626696175,,,,,,,,,4.856410950714016,4.963009807486592,5.015247880758274,5.313370265009715,4.958488653078981,,5.151393448162151,5.0213055114095155,"rgba(239, 83, 80, 1.0)",0.2280838118438608,4.9798737316578015,-0.8763170434674629,45.01117059985988,-0.19281092470415473,False,True,False,True,False,0.024535735687980065,0.0,0.0,0.0,0.0,0,0.856083493545729,0.8019774787146389,False,False,False,False,0.022081044527803264,0.0257831900687309,False,False,False,False,4851622.0,3778987.3685725783,False,False,False,False,115680.74285654222,False,False,False,False
2024-09-19 17:00:00+00:00,4.775,4.79,4.66,4.725,144322.0,,,,,4.993956490100423,5.033893593734296,5.400465182273137,,,,,,,,,4.840371666497525,4.952775484617554,5.007141551860167,5.307780217448153,4.956624301781013,,5.142771755369285,5.012938644440882,"rgba(239, 83, 80, 1.0)",0.21134155353894013,4.971964092347361,-1.1685543529510272,42.18547199514961,-2.905489921791137,False,True,False,True,False,0.0,0.0,0.0,0.0,0.0,0,0.8533442982456141,0.805921052631579,False,False,False,False,0.006197254542598213,0.015990222305664558,False,False,False,False,4707300.0,3793379.812470678,False,False,False,False,116124.7933548904,False,False,False,False
2024-09-20 17:00:00+00:00,4.645,4.805,4.64,4.77,305240.0,,,,,4.97546240576049,5.020663560485765,5.3833759770501475,,,,,,,,,4.819435590987308,4.934899048630316,4.992148773954417,5.296562962853493,4.952999087826904,,5.126500647765468,4.999209092850488,"rgba(239, 83, 80, 1.0)",0.21268186706105677,4.95941322609623,-0.8905941475577411,41.9493226087485,-3.2420533439956074,False,True,False,True,False,0.0,0.0,0.0,0.0,0.0,0,0.8532511978097191,0.8071184120465436,False,False,False,False,0.005809916642686465,0.010900069474175511,False,False,False,False,5012540.0,3812281.5208044653,False,False,False,False,119056.8120625665,False,False,False,False
2024-09-23 17:00:00+00:00,4.655,4.705,4.635,4.665,91846.0,,,,,4.9689187661612975,5.0159811104271705,5.37786576338633,,,,,,,,,4.810649323489029,4.928376240593972,4.986804018618579,5.292861239089904,4.95158366205126,,5.1209218799916,4.994054896768548,"rgba(239, 83, 80, 1.0)",0.21336246281982446,4.954811511642431,-1.358305991654982,39.445098395044084,-5.752465081133963,False,True,False,True,False,0.0,0.0,0.0,0.0,0.0,0,0.8503850385038502,0.8138063806380639,False,False,False,False,-0.002323955537604678,0.004288056968285416,False,False,False,False,4920694.0,3829466.210404396,False,False,False,False,118634.93900733291,False,False,False,False
2024-09-24 17:00:00+00:00,4.605,4.625,4.51,4.535,106867.0,,,,,4.958946136675158,5.008986678883212,5.370567969206803,,,,,,,,,4.794554401020402,4.918086010859402,4.978698901943829,5.287848279267214,4.949312041793246,,5.1128335949217245,4.985699926976819,"rgba(239, 83, 80, 1.0)",0.21779170146088123,4.947416128452725,-1.893626459072416,35.58065703140042,-9.426519784363862,False,True,False,True,False,0.0,0.0,0.0,0.0,0.0,0,0.8497069494836726,0.8110521909014791,False,False,False,False,-0.01820624399622479,-0.0069590935139696875,False,False,False,False,4813827.0,3844727.6179950256,False,False,False,False,118452.49034055255,False,False,False,False
2024-09-25 17:00:00+00:00,4.395,4.405,4.36,4.385,85610.0,,,,,4.948003486393878,5.001446336257513,5.363589445059312,,,,,,,,,4.774687258806371,4.906484111905265,4.969845503274317,5.282941057698337,4.946715984593211,,5.104346422570234,4.9761347832555005,"rgba(239, 83, 80, 1.0)",0.22822369301642284,4.904265448800811,-2.275247770893995,31.15820206075744,-13.484594722647167,False,True,False,True,False,0.0,0.0,0.0,0.0,0.0,0,0.8464102208026661,0.8134981252603806,False,False,False,False,-0.04690056207181736,-0.02692982779289352,False,False,False,False,4728217.0,3858425.1277935524,False,False,False,False,117943.30444379979,False,False,False,False
2024-09-26 17:00:00+00:00,4.455,4.555,4.455,4.535,95529.0,,,,,4.939008969281055,4.9949912600607345,5.356948354703666,,,,,,,,,4.761403596654123,4.897230481221674,4.962421235397758,5.278320043308824,4.944517588968307,,5.0969828613484855,4.968778589110137,"rgba(239, 83, 80, 1.0)",0.23228822574512925,4.902532517124956,-1.5822262017198372,32.943988141432996,-13.484594722647167,False,True,False,True,False,0.0,0.0,0.0,0.0,0.0,0,0.850154624683722,0.8078436885015464,False,False,False,False,-0.02789456376658838,-0.027412195779740953,False,False,False,False,4823746.0,3873391.3428665204,False,False,False,False,117595.79584777188,False,False,False,False
2024-09-27 17:00:00+00:00,4.595,4.605,4.505,4.51,78032.0,,,,,4.932351649045578,4.990112327107671,5.351759082803722,,,,,,,,,4.752523618686749,4.89046375450441,4.95686320651452,5.274708755057076,4.942841952049394,,5.09140768631899,4.96348025736243,"rgba(239, 83, 80, 0.75)",0.23810679714541358,4.899800837723085,-1.6370840412633436,33.731116000473236,-13.484594722647167,False,True,False,True,True,0.0,0.0,0.0,0.0,0.0,0,0.852341442835044,0.8038250597665588,False,False,False,False,-0.020143576412482985,-0.02377788609611197,False,False,False,False,4745714.0,3886915.7251476594,False,False,False,False,116982.40366408549,False,False,False,False
2024-09-30 17:00:00+00:00,4.625,4.69,4.535,4.555,124323.0,,,,,4.9235730574300876,4.983447449112198,5.344160535593215,,,,,,,,,4.742962220481924,4.881759267528394,4.949398995746152,5.269439958478555,4.9405504388353085,,5.0837270140451665,4.956822176214066,"rgba(239, 83, 80, 0.75)",0.24249253726791445,4.8966147139617355,-1.408763823458648,35.61210955972153,-13.484594722647167,False,True,False,True,True,0.0,0.0,0.0,0.0,0.0,0,0.8553573936244907,0.7987642185086364,False,False,False,False,-0.011232874270358639,-0.017505380183235303,False,False,False,False,4870037.0,3902157.9154554475,False,False,False,False,117096.21135921594,False,False,False,False
2024-10-01 17:00:00+00:00,4.475,4.48,4.39,4.405,44434.0,,,,,4.91900119021233,4.980114794831707,5.34088093884855,,,,,,,,,4.736280012196192,4.877026406021991,4.945578725078193,5.267112622550769,4.93934517236918,,5.079998974630862,4.953068587643265,"rgba(239, 83, 80, 0.75)",0.2503379337637053,4.892930561934071,-1.9490875977055457,34.361451303712315,-13.484594722647167,False,True,False,True,True,0.0,0.0,0.0,0.0,0.0,0,0.8529617700602153,0.8010082621481585,False,False,False,False,-0.0387517874249702,-0.028128583804102752,False,False,False,False,4825603.0,3916474.8935104017,False,False,False,False,115969.66544666995,False,False,False,False
2024-10-02 17:00:00+00:00,4.375,4.415,4.365,4.375,58115.0,,,,,4.91267266908101,4.975505813372908,5.336440930983672,,,,,,,,,4.726882893980153,4.870447532192117,4.940287900956113,5.26394433565333,4.937655357495228,,5.07487313781253,4.947843604055388,"rgba(239, 83, 80, 0.75)",0.25867475839484383,4.887717035568647,-1.9820914833368874,33.09045029099925,-13.484594722647167,False,True,False,True,True,0.0,0.0,0.0,0.0,0.0,0,0.8526816972412826,0.8019885170144239,False,False,False,False,-0.0457360954742528,-0.036932339639177775,False,False,False,False,4767488.0,3929668.895161403,False,False,False,False,115072.69388935724,False,False,False,False
2024-10-03 17:00:00+00:00,4.425,4.44,4.395,4.435,54730.0,,,,,4.907271508393333,4.971507653952899,5.332464041964215,,,,,,,,,4.719423518498396,4.864887411071152,4.935733480044902,5.261110555079051,4.9361830917079486,,5.070414401436816,4.9434676112802896,"rgba(239, 83, 80, 0.75)",0.26475894186466575,4.883674125152464,-1.694651451590286,34.205804959796446,-13.484594722647167,False,True,False,True,True,0.0,0.0,0.0,0.0,0.0,0,0.8537029259414809,0.8002239955200896,False,False,False,False,-0.04146742080132211,-0.03919988022024994,False,False,False,False,4822218.0,3943506.8657790557,False,False,False,False,114137.14824766177,False,False,False,False
2024-10-04 17:00:00+00:00,4.405,4.415,4.375,4.4,120012.0,,,,,4.895205186278103,4.962523215850826,5.323611366046701,,,,,,,,,4.70292085218931,4.852458542500905,4.925516734491951,5.254767351894858,4.932817685751653,,5.060446589391876,4.933696233365735,"rgba(239, 83, 80, 0.75)",0.2685419087530974,4.874610066109421,-1.76735939769381,34.30925503898516,-13.484594722647167,False,True,False,True,True,0.0,0.0,0.0,0.0,0.0,0,0.8523856163425212,0.8006156429271024,False,False,False,False,-0.044959853458171564,-0.04207986683921075,False,False,False,False,4702206.0,3955269.643053799,False,False,False,False,114228.23122056623,False,False,False,False
2024-10-07 17:00:00+00:00,4.225,4.23,4.12,4.18,154362.0,,,,,4.874009283590934,4.947036539991562,5.309823455048828,,,,,,,,,4.670447396403815,4.830147020177846,4.907696203932138,5.244687198524919,4.926799209949363,,5.043623092877108,4.915955405797616,"rgba(239, 83, 80, 1.0)",0.27924434713240937,4.8565238908614985,-2.4226950260902194,31.254444186678782,-14.150973715077598,False,True,False,True,False,0.0,0.0,0.0,0.0,0.0,0,0.8510252475938065,0.8010880178546521,False,False,False,False,-0.07917914340647461,-0.06062950512284268,False,False,False,False,4547844.0,3964456.8423862983,False,False,False,False,114850.46019389079,False,False,False,False
2024-10-08 17:00:00+00:00,4.185,4.21,4.17,4.175,39398.0,,,,,4.868860517389379,4.943222848323562,5.3063827800285175,,,,,,,,,4.662920390029194,4.8247560809209595,4.903333201296585,5.2421643909693545,4.92529531757101,,5.039488715247153,4.91169387615742,"rgba(239, 83, 80, 1.0)",0.2892036285020277,4.852347126809386,-2.3421114400182472,29.160120404590437,-16.274919694203277,False,True,False,True,False,0.0,0.0,0.0,0.0,0.0,0,0.8541899441340781,0.8008379888268158,False,False,False,False,-0.07684102751202568,-0.06873526631743418,False,False,False,False,4508446.0,3972890.7828144175,False,False,False,False,113680.65460948937,False,False,False,False
2024-10-09 17:00:00+00:00,4.075,4.09,4.055,4.08,60444.0,,,,,4.85986242072098,4.93660741599996,5.300631055624312,,,,,,,,4.075,4.649259858798131,4.815265942802896,4.895731516915019,5.237916883688776,4.922658801101762,,5.032366964115084,4.765972167217764,"rgba(239, 83, 80, 1.0)",0.3039573820292742,4.803730727424888,-2.38102698014153,26.69484085228475,-18.695227893430538,False,True,False,True,False,0.0,0.0,0.0,0.0,0.0,0,0.8558432470258921,0.8009797060881737,False,False,False,False,-0.09518076009325287,-0.08195801320534352,False,False,False,False,4448002.0,3980256.8481971393,True,False,False,False,112855.28011941977,False,False,False,False
2024-10-10 17:00:00+00:00,4.185,4.21,4.165,4.195,54575.0,,,,,4.8530764713234475,4.931506099192361,5.295966743465496,,,,,,,,4.129565984750346,4.639822918819846,4.808200772621791,4.889931876269265,5.234484903143126,4.920613351173002,,5.026849771327101,4.770436634462897,"rgba(239, 83, 80, 0.75)",0.3147984912449392,4.801950128368436,-1.9280592037405226,28.93360895674491,-18.695227893430538,False,True,False,True,True,0.0,0.0,0.0,0.0,0.0,0,0.8605270535463974,0.79843005326605,False,False,False,False,-0.10227291125478973,-0.09211546223006661,False,False,False,False,4502577.0,3988354.835046796,False,False,False,False,111951.70988501016,False,False,False,False
2024-10-11 17:00:00+00:00,4.195,4.21,4.16,4.18,40165.0,,,,,4.848120127647775,4.927762688184607,5.292538405181988,,,,,,,,4.143482145925697,4.633022446066363,4.803047262445483,4.885684021975274,5.23195739928484,4.919101593582447,,5.022807073671457,4.769382478213351,"rgba(239, 83, 80, 0.75)",0.32574693101096586,4.799061347939737,-1.900436470785651,30.18803441214325,-18.695227893430538,False,True,False,True,True,0.0,0.0,0.0,0.0,0.0,0,0.8589235127478752,0.8062322946175638,False,False,False,False,-0.11587830948768703,-0.10399688585887681,False,False,False,False,4462412.0,3995704.5585344424,False,False,False,False,110838.73763873093,False,False,False,False
2024-10-14 17:00:00+00:00,4.155,4.18,4.12,4.125,30342.0,,,,,4.844192665805144,4.924802636989367,5.289865736068059,,,,,,,,4.1431852318992135,4.627554294989163,4.798952151077202,4.882320389654334,5.229980533978378,4.91789922399895,,5.019620346287524,4.76664863759954,"rgba(239, 83, 80, 0.75)",0.3372358225337275,4.796019259580335,-1.9897626964384114,30.141092349755574,-18.695227893430538,False,True,False,True,True,0.0,0.0,0.0,0.0,0.0,0,0.8565725691474193,0.8138009694895924,False,False,False,False,-0.12188936497025869,-0.11294312541456775,False,False,False,False,4432070.0,4002469.914216079,False,False,False,False,109590.72620247153,False,False,False,False
2024-10-15 17:00:00+00:00,4.175,4.18,4.12,4.16,80401.0,,,,,4.834163052963147,4.917181011001059,5.28291464442622,,,,,,,,4.146253432959672,4.613970513960118,4.788530416469325,4.8736907879419284,5.224832471234326,4.914778682816166,,5.011419569463475,4.7603427175635895,"rgba(239, 83, 80, 0.75)",0.3452690294577582,4.788641157756043,-1.820728487415503,31.388402026882325,-22.90094403310829,False,True,False,True,True,0.0,0.0,0.0,0.0,0.0,0,0.856571999429142,0.8121878121878122,False,False,False,False,-0.12454974313489497,-0.11874643427473136,False,False,False,False,4512471.0,4010376.907794124,False,False,False,False,109138.17230785957,False,False,False,False
2024-10-16 17:00:00+00:00,4.185,4.23,4.155,4.23,69899.0,,,,,4.826321172718088,4.911116236014758,5.277213500883326,,,,,,,,4.158480974274377,4.604033435369279,4.780454637281329,4.866879032143278,5.22061057899473,4.912269055868374,,5.0048836365387235,4.757121285655228,"rgba(239, 83, 80, 0.75)",0.3526089634156803,4.783757425988486,-1.5704575987640936,34.640419312053126,-19.688880280556674,False,True,False,True,True,0.0,0.0,0.0,0.0,0.0,0,0.854903652574058,0.8147828587863101,False,False,False,False,-0.11720471892838269,-0.11797557660155703,False,False,False,False,4582370.0,4019245.0177508043,False,False,False,False,108529.8130472726,False,False,False,False
2024-10-17 17:00:00+00:00,4.225,4.235,4.16,4.22,30823.0,,,,,4.82292494605922,4.908474577635787,5.27471861262219,,,,,,,,4.162391678871801,4.5998033271804655,4.776964089051046,4.863919181316414,5.218759958423134,4.911168028252774,,5.002039378772399,4.755501043849272,"rgba(239, 83, 80, 0.75)",0.35971739407985687,4.781574451680536,-1.561154564451968,36.57055240321606,-17.80415877568192,False,True,False,True,True,0.0,0.0,0.0,0.0,0.0,0,0.8522907934672639,0.8203497615262323,False,False,False,False,-0.1163414405643965,-0.11715850858297677,False,False,False,False,4551547.0,4027497.7616616446,False,False,False,False,107325.05625584202,False,False,False,False
2024-10-18 17:00:00+00:00,4.295,4.37,4.285,4.37,45284.0,,,,,4.819090921698994,4.905376261288998,5.271539811126133,,,,,,,,4.182099467631873,4.59584465084997,4.773119185647522,4.860510411612899,5.216418185661275,4.909868499000601,,4.998668998038042,4.756310066734024,"rgba(239, 83, 80, 0.5)",0.36327061612596734,4.780397884946633,-1.1297304728999162,42.353186465555396,-12.453863087645033,True,False,False,True,True,0.0,0.0,0.0,0.0,0.0,0,0.8511775754948707,0.82011270047681,False,False,False,False,-0.09395289818925771,-0.10555570338611725,False,False,False,False,4596831.0,4036324.6335738674,False,False,False,False,106363.17941466617,False,False,False,False
2024-10-21 17:00:00+00:00,4.325,4.33,4.24,4.295,60852.0,,,,,4.813469083860688,4.900876837822276,5.267059082160019,,,,,,,,4.19577279313007,4.589635494038437,4.767432556853235,4.855535503312544,5.2131003005469765,4.90796848232212,,4.99380166794766,4.754907521700564,"rgba(239, 83, 80, 0.5)",0.3612279732366362,4.777515766557222,-1.3357652294583842,44.177837173052374,-10.89609202832331,True,False,False,True,True,0.0,0.0,0.0,0.0,0.0,0,0.8527749601507025,0.8159687001883785,False,False,False,False,-0.10126082247009786,-0.10340826292810756,False,False,False,False,4535979.0,4044071.2128983033,False,False,False,False,105657.57973381862,False,False,False,False
2024-10-22 17:00:00+00:00,4.3,4.36,4.285,4.35,56718.0,,,,,4.808758979037489,4.897034297077085,5.2631026564999255,,,,,,,,4.210329138833964,4.584870225482268,4.76271972736166,4.851324186710705,5.210173018177987,4.906331092551922,,4.989631977538167,4.754291231519751,#000000,0.3574738445670519,4.77543897540715,-1.190126164118142,46.87696119200842,-8.434726218039991,True,False,False,False,True,0.0,0.0,0.0,0.0,0.0,0,0.8546747967479672,0.8140243902439025,False,False,False,False,-0.09481211989183962,-0.0991101914099736,False,False,False,False,4592697.0,4052577.0390549186,False,False,False,False,104898.82655965089,False,False,False,False
2024-10-23 17:00:00+00:00,4.235,4.245,4.17,4.245,52790.0,,,,,4.803450181887209,4.892806958259502,5.25901230518631,,,,,,,,4.211205887757538,4.578703054625163,4.757311124657183,4.846635608641257,5.207121777359827,4.90452092170977,,4.9850898151110075,4.75091639579179,"rgba(239, 83, 80, 0.5)",0.36017953481187187,4.771787752291901,-1.462569916880624,45.979529223307324,-8.434726218039991,True,False,False,True,True,0.0,0.0,0.0,0.0,0.0,0,0.8468468468468466,0.817785527462947,False,False,False,False,-0.11461540028164287,-0.10686279584580824,False,False,False,False,4539907.0,4060132.542325385,False,False,False,False,104090.93777578033,False,False,False,False
2024-10-24 17:00:00+00:00,4.305,4.37,4.3,4.37,31137.0,,,,,4.801033661468685,4.890802997485204,5.256907001553328,,,,,,,,4.218081720815741,4.576412606265345,4.754911434308645,4.844455095913173,5.2055606796813745,4.903654445462405,,4.982914553502406,4.750512663741114,#000000,0.360399528051604,4.77071838878944,-1.1118726790676123,48.57557162446818,-6.830358055724346,True,False,False,False,True,0.0,0.0,0.0,0.0,0.0,0,0.8506959706959706,0.8120146520146522,False,False,False,False,-0.09266432453134545,-0.09976356018857685,False,False,False,False,4571044.0,4068053.650196309,False,False,False,False,102959.86897305505,False,False,False,False
2024-10-25 17:00:00+00:00,4.385,4.39,4.32,4.335,47129.0,,,,,4.797437504881049,4.887806826683216,5.253744631364751,,,,,,,,4.227374801746198,4.5730550681967435,4.751346757103096,4.841201543074161,5.203213110706243,4.902351963435369,,4.979662987643006,4.749757207376969,#000000,0.35989553038734984,4.769070635103008,-1.2061017669094818,49.38669974998116,-5.925578397875206,True,False,False,False,True,0.0,0.0,0.0,0.0,0.0,0,0.8531827515400409,0.8103549427984746,False,False,False,False,-0.090871068610935,-0.09531731439975592,False,False,False,False,4523915.0,4075121.268022723,False,False,False,False,102094.27410525575,False,False,False,False
2024-10-28 17:00:00+00:00,4.415,4.455,4.395,4.435,76770.0,,,,,4.7927223455438375,4.883709835368619,5.249091225377524,,,,,,,,4.248298414502436,4.569665994766951,4.74679853642775,4.836837695222594,5.199771775820557,4.9005478236662885,,4.975174468763327,4.750320040067763,"rgba(38, 166, 154, 1.0)",0.3558196096262734,4.767786618615025,-0.935267786293622,52.23934636254441,-3.0857683399588893,True,False,True,False,True,0.0,0.0,0.0,0.0,0.0,0,0.8531396713615023,0.8107394366197185,False,False,False,False,-0.07881565024928192,-0.08706648232451891,False,False,False,False,4600685.0,4083269.5429370995,False,False,False,False,101701.6497005231,False,False,False,False
2024-10-29 17:00:00+00:00,4.415,4.47,4.41,4.45,64389.0,,,,,4.789018538509718,4.8804408498603715,5.245299153732654,,,,,,,,4.263962405317913,4.567232470725874,4.743256515426665,4.833379935629456,5.196964586840066,4.89909293174454,,4.971586180700915,4.750648140947419,"rgba(38, 166, 154, 1.0)",0.34780349375799724,4.766770558201573,-0.9107745145941026,54.46819767582945,-0.8750129648762552,True,False,True,False,True,0.0,0.0,0.0,0.0,0.0,0,0.8523598820058994,0.8150442477876106,False,False,False,False,-0.07623543637721979,-0.08165095935086936,False,False,False,False,4665074.0,4092289.7670776094,False,False,False,False,101123.15900749173,False,False,False,False
2024-10-30 17:00:00+00:00,4.535,4.56,4.51,4.55,55398.0,,,,,4.7867678772266915,4.8782803806861335,5.242454870769427,,,,,,,,4.281803550122348,4.566788503557232,4.741235686097012,4.831178595771562,5.194873664080908,4.898112510652878,,4.969167709560751,4.75233208504699,"rgba(38, 166, 154, 1.0)",0.3395177422422814,4.7670022976357345,-0.6391486235817415,57.993183378230356,2.4996211924632448,True,False,True,False,True,0.0,0.0,0.0,0.0,0.0,0,0.8497777777777776,0.818962962962963,False,False,False,False,-0.05991616238216507,-0.07078356086651721,False,False,False,False,4720472.0,4102029.026502763,False,False,False,False,100414.24181357713,False,False,False,False
2024-10-31 17:00:00+00:00,4.505,4.52,4.39,4.405,59973.0,,,,,4.783391642458378,4.875278488953238,5.238959518791204,,,,,,,,4.292039809295136,4.564560689279369,4.738010164043388,4.828013212101667,5.192275922210336,4.896757524042071,,4.965876550067606,4.751942886828661,"rgba(38, 166, 154, 1.0)",0.339248971796325,4.765762314591051,-1.0634146145847165,56.105405187779475,2.4996211924632448,True,False,True,False,True,0.0,0.0,0.0,0.0,0.0,0,0.8437917222963951,0.8205014092864562,False,False,False,False,-0.07365623522322637,-0.07221989804487179,False,False,False,False,4660499.0,4110687.47570427,False,False,False,False,99787.2458164674,False,False,False,False
2024-11-01 17:00:00+00:00,4.465,4.51,4.435,4.51,50730.0,,,,,4.780965803001142,4.873038845373505,5.23619746315718,,,,,,,,4.302154170011817,4.563410391961218,4.735751508459192,4.825691144967334,5.190227581074316,4.895733629903836,,4.963400703843942,4.752161404396285,"rgba(38, 166, 154, 1.0)",0.33865769744099256,4.76517108758404,-0.753477890838436,57.029543851761595,2.4996211924632448,True,False,True,False,True,0.0,0.0,0.0,0.0,0.0,0,0.8478325415676958,0.8148752969121142,False,False,False,False,-0.07064840062880967,-0.07143414933684072,False,False,False,False,4711229.0,4119998.19701118,False,False,False,False,99026.66836194853,False,False,False,False
2024-11-04 17:00:00+00:00,4.465,4.465,4.35,4.355,50425.0,,,,,4.777831796755794,4.87029918210939,5.233127320187044,,,,,,,,4.306504429848511,4.560953586151725,4.732710480077678,4.8227790122794,5.187930588602672,4.894486693589003,,4.960419433017409,4.750894131758165,"rgba(38, 166, 154, 0.75)",0.3347484870011339,4.7635349661507975,-1.2204236374917903,54.0002260250849,2.4996211924632448,True,False,True,False,False,0.0,0.0,0.0,0.0,0.0,0,0.8446156125018515,0.8146941193897201,False,False,False,False,-0.08182722639190781,-0.07663068786437427,False,False,False,False,4660804.0,4128382.78310403,False,False,False,False,98273.15412377878,False,False,False,False
2024-11-05 17:00:00+00:00,4.415,4.415,4.33,4.38,67771.0,,,,,4.7735381239686,4.866552190234117,5.228963192669202,,,,,,,,4.310778784516482,4.557478972478185,4.72853138405135,4.818792342925583,5.184806485963242,4.892770927469802,,4.956351168957306,4.748859816234107,"rgba(38, 166, 154, 0.75)",0.334176047362209,4.761131453772507,-1.140510987489789,52.54646442390741,2.4996211924632448,True,False,True,False,False,0.0,0.0,0.0,0.0,0.0,0,0.8497617629541393,0.8146217986896964,False,False,False,False,-0.08785487964496722,-0.08224278375467074,False,False,False,False,4728575.0,4137688.0887923394,False,False,False,False,97800.25250945662,False,False,False,False
2024-11-06 17:00:00+00:00,4.505,4.8,4.495,4.57,665913.0,,,,,4.7591402594286585,4.849608326636726,5.20132449371974,,,,,,,,4.4289481854657655,4.567435821818494,4.717527057241024,4.802934610301408,5.164315434273505,4.88424928643258,,4.936691026595041,4.760901732588796,"rgba(38, 166, 154, 1.0)",0.33451103215085354,4.764880049669621,-0.5825818312076962,55.236841184562344,2.4996211924632448,True,False,True,False,True,0.0,0.0,0.0,0.0,0.0,1,0.8550531914893615,0.8052600472813239,False,False,False,False,-0.19402109165623954,-0.13813193770545515,False,False,False,False,5394488.0,4157173.3587335437,False,False,False,False,106608.20208295342,False,False,False,False
2024-11-07 17:00:00+00:00,4.375,4.385,4.24,4.3,275281.0,,,,,4.74213919614145,4.834556876220444,5.184834218589077,,,,,,,,4.412569520458917,4.55182205279296,4.700819526608935,4.787016028755028,5.151630523723661,4.8768617805940275,,4.920510096983658,4.746786572155588,#000000,0.33367342560496727,4.751880553563687,-1.354259940672244,51.80839098267582,7.399054326184213,True,False,False,False,False,0.0,0.0,0.0,0.0,0.0,1,0.8354430379746833,0.8556321102387439,False,False,False,False,-0.2792842211594191,-0.20870807943243713,False,False,False,False,5119207.0,4172088.6089857365,False,False,False,False,109223.2842212022,False,False,False,False
2024-11-08 17:00:00+00:00,4.205,4.3,4.17,4.275,208334.0,,,,,4.728436562502025,4.822474210170868,5.171926620777394,,,,,,,4.248333333333332,4.397264074842966,4.538584897891705,4.687256527047345,4.774207049763751,5.141612231042196,4.8708187909031455,,4.907612464483429,4.665439557832063,#000000,0.33186512239079613,4.712386015336302,-1.3179631899409037,49.12995262381657,4.85071136581454,True,False,False,False,False,0.0,0.0,0.0,0.0,0.0,1,0.780788605176307,0.934340802501303,False,False,False,False,-0.2648815627489983,-0.23679482109071773,False,False,False,False,4910873.0,4183542.630551849,False,False,False,False,110759.88446583471,False,False,False,False
2024-11-11 17:00:00+00:00,4.3,4.645,4.265,4.49,673854.0,,,,,4.70687676288852,4.800236409894115,5.141827744044814,,,,,,,4.415105937358779,4.413338613350693,4.529693263196972,4.667760143627623,4.752243143644715,5.118238345488253,4.858629526688802,,4.882980305609149,4.6792869961936905,#000000,0.3274179217689436,4.710491075133014,-0.6734239651322829,51.1362353241039,4.85071136581454,True,False,False,False,False,0.0,0.0,0.0,0.0,0.0,1,0.8374771480804387,0.8855575868372946,False,False,False,False,-0.163991773994559,-0.20039329754263835,False,False,False,False,5584727.0,4205266.419225464,False,False,False,False,119490.0257919458,False,False,False,False
2024-11-12 17:00:00+00:00,4.47,4.63,4.455,4.57,231124.0,,,,,4.702612677486089,4.795019747197013,5.133313624200809,,,,,,,4.443455997360428,4.423518750020564,4.530587149943938,4.664344395564974,4.747447392960539,5.111587633657586,4.855486643887649,,4.876982016294637,4.682346851913668,"rgba(38, 166, 154, 1.0)",0.32314624474917547,4.710552068107323,-0.4349487898781517,53.64106509170847,4.85071136581454,True,False,True,False,True,0.10174823077874962,0.0,0.0,0.0,0.0,1,0.8704294018376147,0.8709919369960623,False,False,False,False,-0.12487391988397967,-0.162633608713309,False,False,False,False,5815851.0,4230236.722803364,False,False,False,False,121220.78508199313,False,False,False,False
2024-11-13 17:00:00+00:00,4.75,4.87,4.575,4.58,232022.0,,,,,4.701871566864404,4.792543314403553,5.126770707596378,,,,,,,4.483389056794322,4.440819992015916,4.5362533486339665,4.664650097639551,4.745749218265707,5.106502750728407,4.853650399562789,,4.873728529621445,4.6901449805200945,"rgba(38, 166, 154, 1.0)",0.3142683193969367,4.713069896730685,-0.4234276524787443,55.460643862290944,-0.3535998431479328,True,False,True,False,True,0.23530242986553418,0.0,0.0,0.0,0.0,1,0.8854675178370258,0.84866691701089,False,False,False,False,-0.04545418263423413,-0.10404389567377156,False,False,False,False,6047873.0,4258417.130201761,False,False,False,False,122938.63337529557,False,False,False,False
2024-11-14 17:00:00+00:00,4.635,4.725,4.54,4.58,177198.0,,,,,4.7001266698042805,4.789788974569833,5.121251149746267,,,,,,,4.4987064333185325,4.449514809202512,4.538544349215143,4.663585569266113,4.743449775509436,5.102169446099069,4.8518104079941935,,4.870388931373461,4.692540112943571,"rgba(38, 166, 154, 1.0)",0.3093729053983122,4.7121932437663725,-0.4272941859474602,56.67369637601259,0.9811248629397866,True,False,True,False,True,0.23530242986551286,0.0,0.0,0.0,0.0,1,0.8799238820171266,0.8662226450999051,False,False,False,False,-0.08503022275049052,-0.09453705921213104,False,False,False,False,6047873.0,4286160.632059097,False,False,False,False,123779.86386560107,False,False,False,False
2024-11-15 17:00:00+00:00,4.515,4.585,4.48,4.48,92494.0,,,,,4.698205851689037,4.787581658247633,5.117857257075722,,,,,,,4.499639580621818,4.451177795593456,4.538192149618543,4.661941064779599,4.741371704479337,5.09947966202769,4.850460358719794,,4.867881589004131,4.691751759405749,"rgba(38, 166, 154, 1.0)",0.30772804478881666,4.709608102952952,-0.7461396737841168,55.10178604390377,0.9811248629397866,True,False,True,False,True,0.0,0.0,0.0,0.0,0.0,1,0.8689998087588449,0.8682348441384586,False,False,False,False,-0.12932314181732002,-0.11193010051472553,False,False,False,False,5955379.0,4312039.986600817,False,False,False,False,123294.81171264601,False,False,False,False
2024-11-18 17:00:00+00:00,4.415,4.45,4.355,4.365,122886.0,,,,,4.694015011222289,4.783383390457713,5.112483693091035,,,,,,,4.491887076752639,4.449181075012817,4.535304333234645,4.658000281722463,4.73717596847445,5.095187781792971,4.8480212084821,,4.863294031590346,4.687822532210298,#000000,0.30705595639941374,4.7032306966321435,-1.1015278797984884,51.71221194312716,0.9811248629397866,True,False,False,False,False,0.0,0.0,0.0,0.0,0.0,1,0.8673849167482859,0.8838393731635652,False,False,False,False,-0.18769593464899353,-0.14981301758185953,False,False,False,False,5832493.0,4335612.901537239,False,False,False,False,123288.47354655848,False,False,False,False
2024-11-19 17:00:00+00:00,4.305,4.34,4.29,4.335,183385.0,,,,,4.6866096429682145,4.776220464067914,5.103865920942621,,,,,,,4.475639786560849,4.443258776863957,4.529267152933286,4.650880812399005,4.729901309695915,5.088267270168985,4.843892954250825,,4.855565342659584,4.680158294696118,"rgba(239, 83, 80, 0.5)",0.3043583858332562,4.69297759320473,-1.1761712831558024,48.88087322942589,4.521989534214981,True,False,False,True,False,0.0,0.0,0.0,0.0,0.0,1,0.8616089207487055,0.8781362007168461,False,False,False,False,-0.22768539588440734,-0.18874920673313345,False,False,False,False,5649108.0,4355977.166629684,False,False,False,False,124220.2026388599,False,False,False,False
2024-11-20 17:00:00+00:00,4.435,4.57,4.37,4.445,230160.0,,,,,4.681131563388682,4.770212862550343,5.095201185280319,,,,,,,4.4741449608335175,4.444272679367051,4.526951699832312,4.6459840428422705,4.724134001275023,5.081309445807611,4.8401671457200734,,4.848848537073114,4.6767091393825515,#000000,0.3040218845844892,4.688458178475538,-0.800791623301314,49.56774741934181,4.521989534214981,True,False,False,False,False,0.0,0.0,0.0,0.0,0.0,1,0.8622622622622623,0.8710710710710712,False,False,False,False,-0.1572536939824776,-0.1730014503578055,False,False,False,False,5879268.0,4379594.078774961,False,False,False,False,125862.68011732718,False,False,False,False
2024-11-21 17:00:00+00:00,4.455,4.5,4.435,4.49,61300.0,,,,,4.67980318065354,4.768718800764444,5.0929804801072995,,,,,,,4.474168647980775,4.444716924616848,4.526482051655649,4.644813576045026,4.722715459771058,5.079521620354181,4.839221570095485,,4.847167487175095,4.675948550074146,#000000,0.3003740161025045,4.687483980371082,-0.6574602654834482,50.989026165592634,4.521989534214981,True,False,False,False,False,0.0,0.0,0.0,0.0,0.0,1,0.8596246006389776,0.8694089456869012,False,False,False,False,-0.15837570816789362,-0.16568857926284958,False,False,False,False,5940568.0,4403795.224840465,False,False,False,False,124861.70833256241,False,False,False,False
2024-11-22 17:00:00+00:00,4.615,4.615,4.485,4.55,125810.0,,,,,4.678108794638848,4.766470334592076,5.089019365856795,,,,,,,4.478248215680798,4.447750901557935,4.526910445401388,4.643499956464118,4.720720430695916,5.076336331522689,4.837692638664651,,4.844532831695907,4.675879845712499,"rgba(38, 166, 154, 1.0)",0.29676600725666197,4.687160078513122,-0.462182578729434,53.18604610886305,4.521989534214981,True,False,True,False,True,0.004499458339108031,0.0,0.0,0.0,0.0,1,0.8606755126658624,0.8743466023321271,False,False,False,False,-0.12154023761787407,-0.14361440844036183,False,False,False,False,6066378.0,4429571.701974721,False,False,False,False,124876.4105289568,False,False,False,False
2024-11-25 17:00:00+00:00,4.925,4.93,4.75,4.86,245584.0,,,,,4.682297053003537,4.7680479854679945,5.0856166548065085,,,,,,,4.5132607505005184,4.468995681678868,4.537889715538512,4.648849874733047,4.723497613863631,5.073670800180108,4.837784296814878,,4.8453205644260136,4.686278390472795,"rgba(38, 166, 154, 1.0)",0.29366106282552656,4.6977838686683535,0.5523923729310501,59.18426894369366,3.56237114863891,True,False,True,False,True,4.22622096954202,0.0,0.0,0.0,0.0,0,0.8689251865295422,0.8544061302681993,False,False,False,False,0.0060199509272067415,-0.06879722875657754,False,False,False,False,6311962.0,4458756.047680538,False,False,False,False,126747.84602463189,False,False,False,False
2024-11-26 17:00:00+00:00,4.875,5.005,4.77,4.8,223308.0,,,,,4.686186498410974,4.769634623691149,5.082751556401086,,,,,,,4.540708156972787,4.486978759796259,4.547591646932695,4.653748478283666,4.726147986025538,5.07142203148859,4.837973385068736,,4.846190892834403,4.694938634938325,"rgba(38, 166, 154, 1.0)",0.28720095297088655,4.706270267976396,0.3263559227573506,61.634749552480066,5.7815335680084985,True,False,True,False,True,3.355086797460533,0.0,0.0,0.0,0.0,0,0.8782064229448595,0.8487174308220563,False,False,False,False,0.02682232720509555,-0.020987450775740994,False,False,False,False,6088654.0,4484025.783375413,False,False,False,False,128244.90267541278,False,False,False,False
2024-11-27 17:00:00+00:00,4.905,5.0,4.855,4.985,153486.0,,,,,4.6900830365208135,4.771747444475477,5.081582596289951,,,,,,,4.561751758869774,4.5011234028994815,4.555727080591745,4.658381972535671,4.729087554565272,5.070532947538365,4.8386565131792585,,4.847804359095414,4.702180175739938,"rgba(38, 166, 154, 1.0)",0.28437988487042626,4.713356910175623,0.9552120395159023,65.32732414713533,9.190935701350327,True,False,True,False,True,5.750749059630358,0.0,0.0,0.0,0.0,0,0.8831510733090319,0.8471040907249899,False,False,False,False,0.044357402733591365,0.011684975978925186,False,False,False,False,6242140.0,4511283.368129282,False,False,False,False,128636.23751765444,False,False,False,False
2024-11-28 17:00:00+00:00,4.985,4.985,4.985,4.985,0.0,,,,,4.6900830365208135,4.771747444475477,5.081582596289951,,,,,,,4.561751758869774,4.5011234028994815,4.555727080591745,4.658381972535671,4.729087554565272,5.070532947538365,4.8386565131792585,,4.847804359095414,4.702180175739938,"rgba(38, 166, 154, 1.0)",0.28113487834101586,4.713356910175623,0.9662375989324063,67.78904054357218,11.470705620734307,True,False,True,False,True,5.750749059630358,0.0,0.0,0.0,0.0,0,0.8764766839378236,0.8458031088082901,False,False,False,False,0.06961469922693851,0.04064983760293185,False,False,False,False,6242140.0,4538118.354669913,False,False,False,False,126641.8772460629,False,False,False,False
2024-11-29 17:00:00+00:00,4.99,4.99,4.915,4.945,38929.0,,,,,4.691065459993174,4.772285390114949,5.081296542598988,,,,,,,4.566790009069269,4.504599438017367,4.557755173600425,4.659547284512184,4.729831938520559,5.070315472457814,4.838833718604533,,4.848215797569037,4.703953290683164,"rgba(38, 166, 154, 1.0)",0.28011625643135224,4.715076946537464,0.8208129595608923,68.26482426148272,12.035198618453457,True,False,True,False,True,5.14740394294574,0.0,0.0,0.0,0.0,0,0.8784910379324719,0.8447269695706546,False,False,False,False,0.05532999981145776,0.04798991870719481,False,False,False,False,6203211.0,4563933.744519991,False,False,False,False,125281.9876763565,False,False,False,False
2024-12-02 17:00:00+00:00,5.035,5.06,4.94,5.045,158292.0,,,,,4.695968699620099,4.775227692930174,5.080715639674622,,,,,,,4.589254963693063,4.520180244758896,4.567122927412682,4.665230517685228,4.733686308576008,5.069912605644072,4.839966429990133,,4.850637344074965,4.712193428251441,"rgba(38, 166, 154, 1.0)",0.2809586549045317,4.723105590837719,1.145700278468586,69.80432104773587,13.726704690879984,True,False,True,False,True,6.453923091725702,0.0,0.0,0.0,0.0,0,0.8749736008447729,0.8521647307286168,False,False,False,False,0.07621686420672073,0.06210339145695777,False,False,False,False,6361503.0,4591803.035302627,False,False,False,False,125793.77081315717,False,False,False,False
2024-12-03 17:00:00+00:00,4.885,4.915,4.83,4.88,84402.0,,,,,4.697402067072232,4.775868455438504,5.079758997663955,,,,,,,4.596692726772936,4.525863122228257,4.570449823949109,4.667003738979023,4.7346974499037975,5.069158616128438,4.840086128366921,,4.8510098400582295,4.7148502294754975,"rgba(38, 166, 154, 0.75)",0.27891533798944035,4.725573307334348,0.5536687002544781,66.43150067972371,13.726704690879984,True,False,True,False,False,3.967142220754031,0.0,0.0,0.0,0.0,0,0.8569570871261377,0.8844820112700477,False,False,False,False,0.045163871282520425,0.0536336313697391,False,False,False,False,6277101.0,4617931.68591809,False,False,False,False,125152.03793233303,False,False,False,False
2024-12-04 17:00:00+00:00,4.845,4.945,4.825,4.9,98186.0,,,,,4.699179326499762,4.776714819103344,5.078737968272648,,,,,,,4.605313136395755,4.532523589798711,4.574416917934194,4.669175265700331,4.735979494095751,5.0683559962269475,4.84028373394464,,4.851544037958585,4.718006876299476,"rgba(38, 166, 154, 0.75)",0.27694032921541767,4.72851078081589,0.6192280469585112,64.50677351708623,13.726704690879984,True,False,True,False,False,4.2343615789640765,0.0,0.0,0.0,0.0,0,0.8883134429182618,0.8712001801396082,False,False,False,False,0.0510389165028747,0.052336273936306896,False,False,False,False,6375287.0,4645177.504741065,False,False,False,False,124733.95982485499,False,False,False,False
2024-12-05 17:00:00+00:00,5.055,5.555,4.98,5.195,1044582.0,,,,5.243333333333333,4.747824889568747,4.81083626702658,5.087649888087867,,,,,,,4.757288814737723,4.648312104892311,4.652457837543966,4.723074211429366,4.7769403815504905,5.0763162356039535,4.856573407451084,5.243333333333333,4.972411094504132,4.784423284744128,"rgba(38, 166, 154, 0.75)",0.2831060349533811,4.817180030216359,1.334552864073904,66.96963044925586,13.726704690879984,True,False,True,False,False,8.026445357280881,-1.0,5.555,4.98,0.0,0,0.9045192733717323,0.8396101019051839,False,False,False,False,0.23456453869822763,0.14345040631726727,False,False,False,False,7419869.0,4688195.977535778,False,False,False,False,138995.16975005102,False,False,False,False
2024-12-06 17:00:00+00:00,4.715,4.74,4.61,4.725,588545.0,,,,5.044524141927317,4.7451319275384485,4.806120702070266,5.075927478250115,,,,,,,4.749523935132343,4.65195669602876,4.654876208181321,4.721496468289174,4.773230229313591,5.066703318994019,4.85290184578355,5.044524141927317,4.917926062446536,4.781526957388965,"rgba(38, 166, 154, 0.75)",0.27828266788149275,4.800788160043958,-0.2723423654836932,60.4965560704853,16.879885220114332,True,False,True,False,False,1.3730209028268874,0.0,0.0,0.0,0.0,0,0.8846411804158283,0.8756986362620166,False,False,False,False,-0.04751353984488821,0.04796843323618953,False,False,False,False,6831324.0,4721422.768581735,False,False,False,False,145964.93456012773,False,False,False,False
2024-12-09 17:00:00+00:00,4.655,4.68,4.49,4.51,589755.0,,,,4.915974567400939,4.73664388702896,4.796733837670674,5.061063839695824,,,,,,,4.729434071531638,4.6448123107506465,4.649353614758626,4.713756693882508,4.764322152381116,5.054324088310657,4.846509742696446,4.915974567400939,4.877604032949099,4.771787524901662,#000000,0.27300381147720076,4.78243326339941,-0.9979101094790459,53.82900025746456,10.873039048679452,False,False,False,False,False,0.0,0.0,0.0,0.0,0.0,0,0.884658706915972,0.8664113539085381,False,False,False,False,-0.08992188775380536,-0.020976727258807913,False,False,False,False,6241569.0,4744990.927208374,False,False,False,False,152845.40069097845,False,False,False,False
2024-12-10 17:00:00+00:00,4.395,4.455,4.375,4.445,322623.0,,,,4.853747352031654,4.729018706652756,4.789136519247846,5.0511949178616735,,,,,,,4.712748187770874,4.635850815344169,4.642430061545341,4.706379661835306,4.75674061084179,5.046024202329177,4.841536966595731,4.853747352031654,4.855774373948482,4.763101500894628,"rgba(239, 83, 80, 1.0)",0.26898122778532096,4.769737291631609,-1.2072860783087342,48.73540808202156,6.429898709747107,False,True,False,True,False,0.0,0.0,0.0,0.0,0.0,0,0.878070973612375,0.8805732484076434,False,False,False,False,-0.1710448609373118,-0.09601079409805986,False,False,False,False,5918946.0,4763191.781050105,False,False,False,False,155477.61153297877,False,False,False,False
2024-12-11 17:00:00+00:00,4.415,4.43,4.33,4.36,382097.0,,,,4.79104594818558,4.719001890822615,4.779309825457807,5.0389634032561625,,,,,,,4.692058648498372,4.623759156448856,4.632941663622172,4.696598579195349,4.746856421419315,5.035678489056885,4.835085205815872,4.79104594818558,4.832080266930541,4.751854023436688,"rgba(239, 83, 80, 1.0)",0.26926347657975747,4.7545399665299755,-1.465256155574854,44.491364411535045,2.7187689565670468,False,True,False,True,False,0.0,0.0,0.0,0.0,0.0,0,0.8840082361015786,0.8773735987188288,False,False,False,False,-0.1879919208863718,-0.14200135749221582,False,False,False,False,5536849.0,4775186.466615219,False,False,False,False,158991.09042394033,False,False,False,False
2024-12-12 17:00:00+00:00,4.355,4.355,4.28,4.315,398964.0,,,,4.734152366133725,4.707509100761474,4.768168441181145,5.025606412585848,,,,,,,4.6695956668746454,4.609667668791105,4.621710947721769,4.685294618905591,4.735580159924767,5.024314722470827,4.827731945603099,4.734152366133725,4.808859080165548,4.739127961470258,"rgba(239, 83, 80, 1.0)",0.26896866758814464,4.738333962947081,-1.5739155298018066,41.20796453566303,-0.22432220644292045,False,True,False,True,False,0.0,0.0,0.0,0.0,0.0,0,0.8918607332257321,0.8754899700253633,False,False,False,False,-0.21852887909815275,-0.18026511829518427,False,False,False,False,5137885.0,4780809.699690952,False,False,False,False,162711.60064992576,False,False,False,False
2024-12-13 17:00:00+00:00,4.225,4.225,4.17,4.18,353197.0,,,,4.682082620991261,4.694786035620029,4.756134293269919,5.012173856652618,,,,,,,4.645551413568734,4.5933501211611985,4.608604143526236,4.672626362916494,4.7232446985739465,5.012825340850644,4.819843980947889,4.682082620991261,4.786294201633456,4.725149437363592,"rgba(239, 83, 80, 1.0)",0.2705424980354119,4.72130407573431,-2.000809779110778,37.71157390034233,-3.4959847323156055,False,True,False,True,False,0.0,0.0,0.0,0.0,0.0,0,0.8840746715833141,0.8776215717907353,False,False,False,False,-0.2783588065747387,-0.2293119624349615,False,False,False,False,4784688.0,4780869.828377914,False,False,False,False,165664.86265535327,False,False,False,False
2024-12-16 17:00:00+00:00,3.965,4.08,3.945,4.05,637152.0,,,,4.585100978746783,4.666254122031039,4.729601421610138,4.984299537745635,,,,,,,4.5939187856426456,4.555959312893082,4.578189441779045,4.64397052577499,4.695800837945524,4.988833517669846,4.802451457664949,4.585100978746783,4.7413140150333986,4.694160554195726,"rgba(239, 83, 80, 1.0)",0.27455684194617513,4.632681949292399,-2.1222634452017406,34.261849621278614,-6.808608248119896,False,True,False,True,False,0.0,0.0,0.0,0.0,0.0,0,0.8773369813041495,0.8761969904240764,False,False,False,False,-0.34282825441539394,-0.2860701084251777,False,False,False,False,4147536.0,4771050.699255776,False,False,False,False,172974.74075371987,False,False,False,False
2024-12-17 17:00:00+00:00,4.24,4.265,4.17,4.255,523056.0,,,,4.5467251914663676,4.6515136434093,4.71514813530215,4.96721089765399,,,,,,,4.570650688457726,4.539257111021028,4.563904054282867,4.629460520117217,4.681241171884967,4.973999430399845,4.7923498059508125,4.5467251914663676,4.7201494669579525,4.678694683159209,"rgba(239, 83, 80, 1.0)",0.27625484382854937,4.621625688798226,-1.327128544489028,35.89325516901906,-6.808608248119896,False,True,False,True,False,0.0,0.0,0.0,0.0,0.0,0,0.8878547105561861,0.8710556186152101,False,False,False,False,-0.24244348505530647,-0.2642567967402421,False,False,False,False,4670592.0,4769493.200042508,False,False,False,False,178402.35717614283,False,False,False,False
2024-12-18 17:00:00+00:00,4.335,4.37,4.015,4.05,410136.0,,,,4.515342600001612,4.638440309040956,4.7025016796986385,4.952859986924018,,,,,,,4.550329713556456,4.524028445690537,4.550847778824462,4.616501825874591,4.668412694774058,4.9614841158948355,4.7835148491568935,4.515342600001612,4.702286143916306,4.665017060538834,"rgba(239, 83, 80, 1.0)",0.281028388165595,4.607387697186612,-1.9833857384477938,34.96500852138225,-6.808608248119896,False,True,False,True,False,0.0,0.0,0.0,0.0,0.0,0,0.8952143343161716,0.8648219550918577,False,False,False,False,-0.25439547259239603,-0.25932613466631904,False,False,False,False,4260456.0,4761601.150429445,False,False,False,False,181995.12683232664,False,False,False,False
2024-12-19 17:00:00+00:00,4.065,4.115,3.98,4.095,271149.0,,,,4.493144415268313,4.628791453995211,4.693264186930917,4.942712638083167,,,,,,,4.535429190819389,4.512556822333478,4.541005075244715,4.606889523730179,4.65899179508911,4.952608392418525,4.777074840119545,4.493144415268313,4.689478173569402,4.654936519964991,"rgba(239, 83, 80, 1.0)",0.2842555949198547,4.59607111897458,-1.7627484838631093,35.16536793915979,-6.86929645899248,False,True,False,True,False,0.0,0.0,0.0,0.0,0.0,0,0.8944029005211874,0.870382959438024,False,False,False,False,-0.32526407994827916,-0.29229510730729913,False,False,False,False,4531605.0,4758035.318639842,False,False,False,False,183377.3574240735,False,False,False,False
2024-12-20 17:00:00+00:00,4.145,4.21,4.12,4.19,562980.0,,,,4.46355199924307,4.613459780142246,4.678117097497763,4.924911300964938,,,,,,,4.513800231441448,4.495880894868604,4.526212692574462,4.5917919401523655,4.643783564613953,4.936940539411755,4.7660698128699,4.46355199924307,4.670010044462004,4.639211382276069,"rgba(239, 83, 80, 1.0)",0.2814601567181703,4.580533200145386,-1.3875256970613823,37.0226345906331,-6.86929645899248,False,True,False,True,False,0.0,0.0,0.0,0.0,0.0,0,0.9058796718322699,0.8646308113035551,False,False,False,False,-0.2676254948466484,-0.2799603010769738,False,False,False,False,5094585.0,4763253.143157053,False,False,False,False,189262.66971207238,False,False,False,False
2024-12-23 17:00:00+00:00,4.08,4.08,4.08,4.08,0.0,,,,4.46355199924307,4.613459780142246,4.678117097497763,4.924911300964938,,,,,,,4.513800231441448,4.495880894868604,4.526212692574462,4.5917919401523655,4.643783564613953,4.936940539411755,4.7660698128699,4.46355199924307,4.670010044462004,4.639211382276069,"rgba(239, 83, 80, 1.0)",0.2794196366280122,4.580533200145386,-1.791331511935716,36.975596688205634,-6.86929645899248,False,True,False,True,False,0.0,0.0,0.0,0.0,0.0,0,0.8966070609812012,0.8713892709766162,False,False,False,False,-0.30912651954407855,-0.29454341031052617,False,False,False,False,5094585.0,4768390.071170121,False,False,False,False,186328.36475529606,False,False,False,False
2024-12-24 17:00:00+00:00,4.075,4.095,4.065,4.07,59634.0,,,,4.459796789591359,4.6115525494271825,4.676266779896439,4.922837480573394,,,,,,,4.5110517805801615,4.493709266659213,4.524305009903977,4.5898988256322655,4.641908643041382,4.935112302457865,4.764741266892722,4.459796789591359,4.667613399872094,4.637246727881084,"rgba(239, 83, 80, 1.0)",0.27845613625814886,4.578403213181186,-1.8257928161075239,36.82637707302217,-6.92036415291291,False,True,False,True,False,0.0,0.0,0.0,0.0,0.0,0,0.8849516797054764,0.8750575241601474,False,False,False,False,-0.30912651954407855,-0.30183496492730233,False,False,False,False,5034951.0,4772522.798748879,False,False,False,False,184364.11103815967,False,False,False,False
2024-12-25 17:00:00+00:00,4.07,4.07,4.07,4.07,0.0,,,,4.459796789591359,4.6115525494271825,4.676266779896439,4.922837480573394,,,,,,,4.5110517805801615,4.493709266659213,4.524305009903977,4.5898988256322655,4.641908643041382,4.935112302457865,4.764741266892722,4.459796789591359,4.667613399872094,4.637246727881084,"rgba(239, 83, 80, 1.0)",0.2768682159602395,4.578403213181186,-1.836264272581569,36.726897329566526,-7.671583969862702,False,True,False,True,False,0.0,0.0,0.0,0.0,0.0,0,0.8812849162011173,0.8840782122905028,False,False,False,False,-0.314074968047276,-0.30795496648728915,False,False,False,False,5034951.0,4776591.453031842,False,False,False,False,181505.75272749053,False,False,False,False
2024-12-26 17:00:00+00:00,4.075,4.1,4.025,4.06,138841.0,,,,4.450998551952068,4.607041112672109,4.671895956282181,4.917963339800755,,,,,,,4.504568348822383,4.488560618038063,4.5197788736050555,4.5854174381560915,4.637476503856002,4.9308118724782615,4.761600871460047,4.450998551952068,4.6619747401767775,4.632602075202271,"rgba(239, 83, 80, 1.0)",0.2761082990291844,4.573341142932249,-1.8592021490740849,36.514610820090155,-8.50381622345052,False,True,False,True,False,0.0,0.0,0.0,0.0,0.0,0,0.8681498829039814,0.8915690866510539,False,False,False,False,-0.3177960918189685,-0.31287552915312883,False,False,False,False,4896110.0,4778444.453760031,False,False,False,False,180844.28369295577,False,False,False,False
2024-12-27 17:00:00+00:00,4.005,4.03,3.985,4.005,202850.0,,,,4.437101107624563,4.599929845802597,4.665055105458612,4.910489404954699,,,,,,,4.494289891819399,4.480313940675645,4.51254798083689,4.578331676361841,4.630514405871545,4.924211618753005,4.7567061908627855,4.437101107624563,4.653143865960118,4.62527367216873,"rgba(239, 83, 80, 1.0)",0.2746837165616861,4.565170106162517,-2.0393276790279597,35.54236475635504,-9.974865875301823,False,True,False,True,False,0.0,0.0,0.0,0.0,0.0,0,0.8611242324043458,0.9034010392064242,False,False,False,False,-0.34282825441539394,-0.3278518917842614,False,False,False,False,4693260.0,4777123.764554448,False,False,False,False,181185.457589189,False,False,False,False
2024-12-30 17:00:00+00:00,3.945,4.01,3.905,3.97,275883.0,,,,4.417702251422427,4.589810927211647,4.655353312128194,4.900022768659022,,,,,,,4.4797443747720385,4.46851732391644,4.502188388775679,4.568231656380572,4.620623219547316,4.9149519968451845,4.749756889880233,4.417702251422427,4.6407223148553225,4.614859121445352,"rgba(239, 83, 80, 1.0)",0.27587121620046623,4.553479802399468,-2.115044151527113,34.366628712718594,-11.531573385702714,False,True,False,True,False,0.0,0.0,0.0,0.0,0.0,0,0.8577524893314367,0.8997155049786629,False,False,False,False,-0.34282825441539394,-0.33534007309982766,False,False,False,False,4417377.0,4771546.29533655,False,False,False,False,182653.6365412946,False,False,False,False
2024-12-31 17:00:00+00:00,3.905,3.98,3.87,3.98,221263.0,,,,4.402670790139124,4.5816941359115955,4.647562998091612,4.891632970931391,,,,,,,4.468247463391073,4.4591086209628035,4.4938847894509895,4.560129540005583,4.61268434570413,4.907513005378835,4.744142978480327,4.402670790139124,4.63089022376843,4.6065301061962485,"rgba(239, 83, 80, 1.0)",0.27703460284081394,4.483933863445248,-1.8190285916550726,33.920822705021266,-12.340692447422697,False,True,False,True,False,0.0,0.0,0.0,0.0,0.0,0,0.8568396226415095,0.9016509433962265,False,False,False,False,-0.34282825441539394,-0.3390841637576108,False,False,False,False,4638640.0,4769485.732618154,False,False,False,False,183252.23132360014,False,False,False,False
2025-01-01 17:00:00+00:00,3.98,3.98,3.98,3.98,0.0,,,,4.402670790139124,4.5816941359115955,4.647562998091612,4.891632970931391,,,,,,,4.468247463391073,4.4591086209628035,4.4938847894509895,4.560129540005583,4.61268434570413,4.907513005378835,4.744142978480327,4.402670790139124,4.63089022376843,4.6065301061962485,"rgba(239, 83, 80, 1.0)",0.27849025085237017,4.483933863445248,-1.8095206633010195,33.623618699889704,-12.990235800517844,False,True,False,True,False,0.0,0.0,0.0,0.0,0.0,0,0.8624200805114849,0.9043334122661616,False,False,False,False,-0.3168500510167061,-0.32796710738715845,False,False,False,False,4638640.0,4767457.11660857,False,False,False,False,180411.11145811796,False,False,False,False
2025-01-02 17:00:00+00:00,4.005,4.06,3.955,4.03,235199.0,,,,4.390038347686988,4.574230534251831,4.640290704027883,4.8835365092348555,,,,,,,4.458151168014376,4.450809320887311,4.486438854324423,4.552718641174478,4.60532896631737,4.900307918280952,4.73878698802541,4.390038347686988,4.62202402380039,4.598934551003475,"rgba(239, 83, 80, 0.75)",0.2794979089028704,4.478600838290074,-1.6050239518821194,35.350861874953026,-12.990235800517844,False,True,False,True,True,0.0,0.0,0.0,0.0,0.0,0,0.8573493975903616,0.9096385542168675,False,False,False,False,-0.3040164785683902,-0.31599179297777436,False,False,False,False,4873839.0,4769106.448134019,False,False,False,False,181260.53608667426,False,False,False,False
2025-01-03 17:00:00+00:00,4.015,4.065,4.015,4.03,395371.0,,,,4.371687128508087,4.562586889543484,4.628846370497037,4.870589405693338,,,,,,,4.442938252441803,4.438195734254458,4.474982544545832,4.54118886730723,4.593803346518036,4.8887448400789815,4.730222958564693,4.371687128508087,4.608427448560486,4.58715379195872,"rgba(239, 83, 80, 0.75)",0.2794215711329576,4.468694440142857,-1.570009209969378,36.502357324995245,-12.990235800517844,False,True,False,True,True,0.0,0.0,0.0,0.0,0.0,0,0.8564523924601256,0.9096181730304496,False,False,False,False,-0.2889734619903047,-0.30248262748403953,False,False,False,False,4873839.0,4770730.208628066,False,False,False,False,184580.07816284985,False,False,False,False
2025-01-06 17:00:00+00:00,4.025,4.12,4.01,4.07,558900.0,,,,4.350826599407559,4.5478535251048084,4.614172587276552,4.853582951070873,,,,,,,4.424671992591056,4.422860029019887,4.460791472022792,4.526660764538102,4.5791210377641365,4.873474818156338,4.718975633256501,4.350826599407559,4.591608915714948,4.572365106764116,"rgba(239, 83, 80, 0.75)",0.28003860737694297,4.456207368171398,-1.3791218710481148,38.90826762605805,-14.18916916815563,False,True,False,True,True,0.0,0.0,0.0,0.0,0.0,0,0.8680165894120517,0.9036350329348622,False,False,False,False,-0.27748822089367514,-0.2899854241888573,False,False,False,False,5432739.0,4780993.910819879,False,False,False,False,190383.4878037359,False,False,False,False
2025-01-07 17:00:00+00:00,4.065,4.125,4.06,4.065,410678.0,,,,4.338027408517717,4.537929603835197,4.604183020082142,4.841793339795811,,,,,,,4.412915461669366,4.412865192564335,4.451392002767929,4.516906773185188,4.56917762318315,4.862835562784053,4.711156188152124,4.338027408517717,4.5804833430577165,4.5624641149008776,"rgba(239, 83, 80, 0.75)",0.28188925050371383,4.4004189264202775,-1.1898961234630623,40.34945372612901,-12.789156184485897,False,True,False,True,True,0.0,0.0,0.0,0.0,0.0,0,0.8700219887612999,0.8944539457610554,False,False,False,False,-0.26493625935944426,-0.27746084177415076,False,False,False,False,5022061.0,4784731.385070734,False,False,False,False,193798.90659747642,False,False,False,False
2025-01-08 17:00:00+00:00,3.975,3.99,3.945,3.945,134385.0,,,,4.332199736766835,4.533917450697114,4.6002404798931815,4.837398790071471,,,,,,,4.40786776929894,4.4085444675522245,4.447420202318747,4.512925939044481,4.565205778852016,4.858875017015382,4.708144582956514,4.332199736766835,4.57593911435715,4.558426251005472,"rgba(239, 83, 80, 1.0)",0.286301170728232,4.394434030313396,-1.5697945948674301,37.97165653346316,-12.789156184485897,False,True,False,True,False,0.0,0.0,0.0,0.0,0.0,0,0.8659667968749999,0.9008789062499998,False,False,False,False,-0.322716821335165,-0.3000888315546579,False,False,False,False,4887676.0,4786327.425612273,False,False,False,False,192877.76075875587,False,False,False,False
2025-01-09 17:00:00+00:00,3.945,3.945,3.945,3.945,0.0,,,,4.332199736766835,4.533917450697114,4.6002404798931815,4.837398790071471,,,,,,,4.40786776929894,4.4085444675522245,4.447420202318747,4.512925939044481,4.565205778852016,4.858875017015382,4.708144582956514,4.332199736766835,4.57593911435715,4.558426251005472,"rgba(239, 83, 80, 1.0)",0.28986949533250334,4.394434030313396,-1.5504702548912894,36.386458405019255,-10.22021848020399,False,True,False,True,False,0.0,0.0,0.0,0.0,0.0,0,0.863982322612325,0.9054750797937637,False,False,False,False,-0.3333316793998473,-0.3167102554772526,False,False,False,False,4887676.0,4787898.721339215,False,False,False,False,189887.40787877515,False,False,False,False
2025-01-10 17:00:00+00:00,3.805,3.85,3.79,3.805,103552.0,,,,4.326128052144675,4.530092091419459,4.596554661699854,4.833487581265062,,,,,,,4.4028196739953955,4.404212676869817,4.4435057027047655,4.5091027738915415,4.5614555315007275,4.855358303325031,4.7053937918774915,4.326128052144675,4.571565596632262,4.554549779166395,"rgba(239, 83, 80, 1.0)",0.2964599239129671,4.387566629609306,-1.9650771744120525,32.507512661566935,-13.772681238335387,False,True,False,True,False,0.0,0.0,0.0,0.0,0.0,0,0.8565463031196265,0.9130434782608695,False,False,False,False,-0.34282825441539394,-0.32976925494632325,False,False,False,False,4784124.0,4787840.198527754,False,False,False,False,188548.87442329028,False,False,False,False
2025-01-13 17:00:00+00:00,3.575,3.65,3.505,3.51,410969.0,,,,4.29179985360684,4.509926374538345,4.577506723455964,4.814367326735857,,,,,,,4.375106236898505,4.3803081095916605,4.4222026573419395,4.488801702737862,4.541876425624382,4.838201594866103,4.691502052229853,4.29179985360684,4.548400069584252,4.533999825612901,"rgba(239, 83, 80, 1.0)",0.3111544907551758,4.350378345187401,-2.7008395191333827,26.814264064574555,-18.83644810902705,False,True,False,True,False,0.0,0.0,0.0,0.0,0.0,0,0.8483296756888562,0.918312606681297,False,False,False,False,-0.34282825441539394,-0.33629875468085857,False,False,False,False,4373155.0,4781410.970643602,False,False,False,False,191997.24846323926,False,False,False,False
2025-01-14 17:00:00+00:00,3.34,3.405,3.23,3.24,687187.0,,,,4.222510396263797,4.46920622097016,4.53935297705167,4.777218021445659,,,,,,,4.318956740631627,4.331370803209796,4.378625351082269,4.44767255479645,4.502490145191945,4.804819047552337,4.663796226518673,4.222510396263797,4.502071903932822,4.4925329812833,"rgba(239, 83, 80, 1.0)",0.3360346802136676,4.2069780739288944,-2.877613921616785,21.5816970462173,-23.316861633772053,False,True,False,True,False,0.0,0.0,0.0,0.0,0.0,0,0.8502450980392157,0.9181372549019606,False,False,False,False,-0.34282825441539394,-0.3395635045481262,False,False,False,False,3685968.0,4764427.358695639,False,False,False,False,199674.60895218127,False,False,False,False
2025-01-15 17:00:00+00:00,3.365,3.6,3.365,3.51,324695.0,,,,4.1993446821929785,4.454007773404435,4.524867406283676,4.762567653123121,,,,,,,4.299182808040725,4.313906377409217,4.362760299327742,4.432401312223773,4.487664246331434,4.791561335905313,4.6529362757438,4.1993446821929785,4.4851968787510526,4.477201807854572,"rgba(239, 83, 80, 0.75)",0.34893153514151126,4.193625594920558,-1.9591969371392868,25.179762169889635,-23.316861633772053,False,True,False,True,True,0.0,0.0,0.0,0.0,0.0,0,0.8561726897889885,0.895949551297599,False,False,False,False,-0.2829335628659225,-0.3112485337070244,False,False,False,False,4010663.0,4752741.089568575,False,False,False,False,201612.90958858156,False,False,False,False
2025-01-16 17:00:00+00:00,3.595,3.65,3.57,3.585,226826.0,,,,4.186396941881655,4.444849702873184,4.516035730847396,4.7533985315966225,,,,,,,4.287727284059734,4.303706220939884,4.3533673862778395,4.423233328166276,4.478678208257205,4.783227846443457,4.646175731105503,4.186396941881655,4.475170226799714,4.4680165721785565,"rgba(239, 83, 80, 0.75)",0.3586371475511133,4.18754024530893,-1.6800831966885286,29.146139332793773,-27.1672854034727,False,True,False,True,True,0.0,0.0,0.0,0.0,0.0,0,0.8647830474268415,0.9190211907164479,False,False,False,False,-0.23798913938207134,-0.2746188365445479,False,False,False,False,4237489.0,4744752.68507914,False,False,False,False,202003.81021511517,False,False,False,False
2025-01-17 17:00:00+00:00,3.595,3.63,3.495,3.5,233584.0,,,,4.172327628453758,4.434965591775376,4.506530487589438,4.74362230532456,,,,,,,4.275319294170436,4.292631054809801,4.343180916097467,4.413327082192389,4.468992788012247,4.774337559677684,4.638909310878628,4.172327628453758,4.464361503285783,4.458099715119807,"rgba(239, 83, 80, 0.75)",0.37022645857721453,4.178806516858185,-1.8334900197755946,30.78370851219407,-25.808844197859166,False,True,False,True,True,0.0,0.0,0.0,0.0,0.0,0,0.8530157121135326,0.8960973137354282,False,False,False,False,-0.2546139743330291,-0.2646164054387885,False,False,False,False,4003905.0,4733266.674457758,False,False,False,False,202493.42556061727,False,False,False,False
2025-01-20 17:00:00+00:00,3.5,3.5,3.5,3.5,0.0,,,,4.172327628453758,4.434965591775376,4.506530487589438,4.74362230532456,,,,,,,4.275319294170436,4.292631054809801,4.343180916097467,4.413327082192389,4.468992788012247,4.774337559677684,4.638909310878628,4.172327628453758,4.464361503285783,4.458099715119807,"rgba(239, 83, 80, 0.75)",0.38115333510919214,4.178806516858185,-1.7809276591105312,31.875421298460935,-24.741242485040388,False,True,False,True,True,0.0,0.0,0.0,0.0,0.0,0,0.8601198228705392,0.8939828080229226,False,False,False,False,-0.27670224009026617,-0.2706593227645273,False,False,False,False,4003905.0,4721958.741520428,False,False,False,False,199353.99260618907,False,False,False,False
2025-01-21 17:00:00+00:00,3.525,3.53,3.47,3.485,181803.0,,,,4.161015684327748,4.427026912560753,4.49890808897177,4.7358305528277205,,,,,,,4.265347530789134,4.283709353475635,4.334976402727634,4.4053649854684025,4.461219455221545,4.76724705653498,4.633081805804422,4.161015684327748,4.455695309671998,4.450135227145965,"rgba(239, 83, 80, 0.75)",0.391950251945314,4.170948389881975,-1.750090442543408,32.40039450536038,-24.01953113449761,False,True,False,True,True,0.0,0.0,0.0,0.0,0.0,0,0.8470149253731343,0.9008528784648188,False,False,False,False,-0.27670224009026617,-0.2736807814273967,False,False,False,False,3822102.0,4708007.474210034,False,False,False,False,199081.88419369,False,False,False,False
2025-01-22 17:00:00+00:00,3.495,3.53,3.385,3.39,184540.0,,,,4.148913232492616,4.4185946922572255,4.490832076102756,4.72764266251409,,,,,,,4.254714629644408,4.274181588320343,4.326225728487204,4.396899551045393,4.4529728126792625,4.759794080013933,4.62691831108798,4.148913232492616,4.446495665841671,4.441672385896932,"rgba(239, 83, 80, 0.75)",0.40444058795969556,4.161819538367318,-1.9083632091946063,31.49127577924681,-24.01953113449761,False,True,False,True,True,0.0,0.0,0.0,0.0,0.0,0,0.836664002131628,0.9070077271516119,False,False,False,False,-0.29187285963850657,-0.2827768205329516,False,False,False,False,3637562.0,4691411.420346312,False,False,False,False,198856.42862479558,False,False,False,False
2025-01-23 17:00:00+00:00,3.435,3.46,3.385,3.425,208305.0,,,,4.135512582817235,4.409136289896952,4.481762978723368,4.718440999174701,,,,,,,4.242868710564108,4.263534653549805,4.316423721942951,4.387405904948087,4.443717104629564,4.751407661264803,4.619969478476993,4.135512582817235,4.436213212653064,4.432189605053758,"rgba(239, 83, 80, 0.75)",0.41582364808449895,4.151621039697146,-1.7474259654166906,31.933322957031294,-23.807134271147312,False,True,False,True,True,0.0,0.0,0.0,0.0,0.0,0,0.8393285371702638,0.9059419131361577,False,False,False,False,-0.3044648862383548,-0.29362085338565325,False,False,False,False,3845867.0,4678302.204526989,False,False,False,False,199002.9181034809,False,False,False,False
2025-01-24 17:00:00+00:00,3.415,3.46,3.38,3.43,199788.0,,,,4.1231167990258415,4.400231988361463,4.473208294641463,4.709736723845539,,,,,,,4.231820013006063,4.253570410552918,4.307220381908035,4.378472767360249,4.434994837360894,4.743462431793171,4.613379732237975,4.1231167990258415,4.426573451468577,4.4232743677456146,"rgba(239, 83, 80, 0.75)",0.4264971826950814,4.142214757438173,-1.6699166755044221,32.38779040530919,-22.920385936640663,False,True,False,True,True,0.0,0.0,0.0,0.0,0.0,0,0.8382785351510291,0.9093825180433038,False,False,False,False,-0.3053678678689956,-0.29949436062732443,False,False,False,False,4045655.0,4668493.720735872,False,False,False,False,199015.08991583003,False,False,False,False
2025-01-27 17:00:00+00:00,3.395,3.41,3.24,3.255,314758.0,,,,4.101192557062529,4.384818306828952,4.458477984620112,4.694983598292403,,,,,,,4.21247461934664,4.236111308390648,4.291155835225006,4.362979427074929,4.419935035227859,4.7300000768811135,4.602097340969187,4.101192557062529,4.409868111700998,4.4078219490164825,"rgba(239, 83, 80, 0.75)",0.44133771873926286,4.124120009048869,-1.9692855882148943,30.256672691689488,-22.920385936640663,False,True,False,True,True,0.0,0.0,0.0,0.0,0.0,0,0.8285024154589372,0.9245840042941491,False,False,False,False,-0.33998223917915704,-0.31973829990324076,False,False,False,False,3730897.0,4653957.337468648,False,False,False,False,200809.5536380652,False,False,False,False
2025-01-28 17:00:00+00:00,3.265,3.34,3.265,3.3,77947.0,,,,4.095942820213928,4.381067834139917,4.454887201645577,4.69137775436261,,,,,,,4.207807580813012,4.231886208724322,4.2872565762870884,4.359211271078322,4.416267236712226,4.726704993089659,4.599333277123838,4.095942820213928,4.405818902590507,4.4040667348326386,"rgba(239, 83, 80, 0.75)",0.45421611516906124,4.119828003115511,-1.8049293623375013,30.307607167190152,-22.920385936640663,False,True,False,True,True,0.0,0.0,0.0,0.0,0.0,0,0.8366630669546438,0.9227861771058317,False,False,False,False,-0.34282825441539394,-0.3312832771593174,False,False,False,False,3808844.0,4640854.805104793,False,False,False,False,198904.707845227,False,False,False,False
2025-01-29 17:00:00+00:00,3.265,3.275,3.16,3.215,271920.0,,,,4.076253243745111,4.367170656104323,4.441622762298145,4.678182966247166,,,,,,,4.190401656313096,4.216121416080425,4.272738593519572,4.345232972447096,4.4026967049767105,4.714649486984568,4.589156465463429,4.076253243745111,4.390807407098686,4.390142470826414,"rgba(239, 83, 80, 1.0)",0.4688145583171288,4.103142371380583,-1.8944428145932297,29.2011034030942,-22.920385936640663,False,True,False,True,False,0.0,0.0,0.0,0.0,0.0,0,0.8364967462039046,0.9156724511930585,False,False,False,False,-0.34282825441539394,-0.33705576578735563,False,False,False,False,3536924.0,4623739.598824099,False,False,False,False,200036.72787863432,False,False,False,False
2025-01-30 17:00:00+00:00,3.205,3.215,3.13,3.15,242853.0,,,,4.058386202439152,4.354491577869556,4.429524569829617,4.6661870724528365,,,,,,,4.1745673404095704,4.2017433043463255,4.2594831419122,4.332476470246323,4.390316980624006,4.703678450241314,4.579855911929976,4.058386202439152,4.37714735564779,4.377445942815673,"rgba(239, 83, 80, 1.0)",0.4844321929326579,4.087861355451509,-1.9360013003551229,27.669533713091475,-22.920385936640663,False,True,False,True,False,0.0,0.0,0.0,0.0,0.0,0,0.8352941176470587,0.9231190150478795,False,False,False,False,-0.34282825441539394,-0.3399420101013748,False,False,False,False,3294071.0,4603124.581788066,False,False,False,False,200700.5460510586,False,False,False,False
2025-01-31 17:00:00+00:00,3.135,3.18,3.075,3.105,162917.0,,,,4.046203520302416,4.345818551243347,4.421251965826362,4.658007650822888,,,,,,,4.16375482552424,4.191907066200508,4.25040878830887,4.323748314477263,4.381850022509688,4.696192509523626,4.573488168980958,4.046203520302416,4.367820422048753,4.368764242217879,"rgba(239, 83, 80, 1.0)",0.49994799729571293,4.077365304563202,-1.9449328926665546,26.120985164413568,-19.907608575017427,False,True,False,True,False,0.0,0.0,0.0,0.0,0.0,0,0.8271503160208848,0.9269029953283868,False,False,False,False,-0.34282825441539394,-0.3413851322583844,False,False,False,False,3131154.0,4580303.332458018,False,False,False,False,200114.75463941426,False,False,False,False
2025-02-03 17:00:00+00:00,3.095,3.105,3.045,3.09,96497.0,,,,4.038830413782444,4.340572917934887,4.416252030690517,4.653078655527903,,,,,,,4.15721296350452,4.185950609910818,4.244914023916446,4.31846773875626,4.376730699789583,4.691680129837063,4.569639556937912,4.038830413782444,4.362183504483937,4.363513674664658,"rgba(239, 83, 80, 1.0)",0.5151953797146024,4.070965268938211,-1.9040645696039182,24.90788689147086,-21.255556751361972,False,True,False,True,False,0.0,0.0,0.0,0.0,0.0,0,0.8354677060133632,0.926781737193764,False,False,False,False,-0.34282825441539394,-0.34210669333688914,False,False,False,False,3034657.0,4556339.823427661,False,False,False,False,198508.27782329932,False,False,False,False
2025-02-04 17:00:00+00:00,3.175,3.205,3.135,3.17,109834.0,,,,4.031348993855977,4.335077455301205,4.41098647710996,4.647824593721109,,,,,,,4.150476522310234,4.179793526462818,4.239200636181745,4.312944460981187,4.371353633285122,4.686859753312169,4.565546294554223,4.031348993855977,4.356309379997063,4.358024975298215,"rgba(239, 83, 80, 0.75)",0.5271846437906196,4.064696298771121,-1.697121320412484,27.29816006556805,-21.255556751361972,False,True,False,True,True,0.0,0.0,0.0,0.0,0.0,0,0.8344073970299802,0.931633510787335,False,False,False,False,-0.311061537984352,-0.32658411566062057,False,False,False,False,3144491.0,4534450.694382271,False,False,False,False,197133.48281828692,False,False,False,False
2025-02-05 17:00:00+00:00,3.175,3.175,3.11,3.135,101810.0,,,,4.024290732628011,4.3298993645593855,4.406028150201884,4.642889315655424,,,,,,,4.144125243240653,4.17398494217573,4.233811537868977,4.3077387814843044,4.366288610792258,4.6823308944306365,4.561692286476491,4.024290732628011,4.350776890761177,4.352853185209865,"rgba(239, 83, 80, 0.75)",0.5397422057321831,4.058732172831459,-1.7114321670998063,28.277532424121606,-21.255556751361972,False,True,False,True,True,0.0,0.0,0.0,0.0,0.0,0,0.8302417088251827,0.9362001124227093,False,False,False,False,-0.32019223486776177,-0.32338817526419117,False,False,False,False,3042681.0,4511322.482066266,False,False,False,False,195655.59936373984,False,False,False,False
2025-02-06 17:00:00+00:00,3.105,3.125,3.08,3.1,76121.0,,,,4.018860416869955,4.325933264639973,4.4022346393599205,4.639126796548847,,,,,,,4.139249153962275,4.169524778616788,4.229676627332561,4.303749923513238,4.362411218614736,4.678878329334668,4.558746991230919,4.018860416869955,4.346538779354674,4.348891003229312,"rgba(239, 83, 80, 0.75)",0.5518710761443094,4.05409512916858,-1.7288369882227574,28.318743220510143,-21.255556751361972,False,True,False,True,True,0.0,0.0,0.0,0.0,0.0,0,0.8270528683914512,0.9364454443194601,False,False,False,False,-0.33356649240034614,-0.3284773338322686,False,False,False,False,2966560.0,4487372.676142759,False,False,False,False,193802.34976120124,False,False,False,False
2025-02-07 17:00:00+00:00,3.035,3.12,3.035,3.11,119156.0,,,,4.010365525687856,4.319709043564644,4.396280145140882,4.633223123940663,,,,,,3.088333333333334,4.131610375352427,4.1625308266918735,4.223188550215052,4.297489996054053,4.356325567642978,4.673458604077031,4.5541183866657375,4.010365525687856,4.339894459583511,4.18588195500406,"rgba(239, 83, 80, 0.75)",0.563201330554831,3.965084612749702,-1.5182574442914152,28.802897893701115,-24.5815445455629,False,True,False,True,True,0.0,0.0,0.0,0.0,0.0,0,0.8231311706629055,0.9418899858956278,False,False,False,False,-0.341983954078977,-0.33523064395562285,False,False,False,False,3085716.0,4465641.564884732,False,False,False,False,192645.04201296557,False,False,False,False
2025-02-10 17:00:00+00:00,3.145,3.18,3.14,3.18,156319.0,,,,4.0003806709522,4.312151339747484,4.389012859837754,4.625935274433791,,,,,,3.132783785582479,4.12249589002606,4.154150788164285,4.215367819908039,4.289900548084048,4.348917303272106,4.666752915288072,4.548412350494539,4.0003806709522,4.331870036242807,4.1848476751024535,"rgba(239, 83, 80, 0.5)",0.5715726526849325,3.960029655081734,-1.364707795968869,32.1912641797843,-21.260628183374276,False,False,False,True,True,0.0,0.0,0.0,0.0,0.0,0,0.8308740068104427,0.9384222474460839,False,False,False,False,-0.3143759070531038,-0.32480327550436333,False,False,False,False,3242035.0,4446670.920467913,False,False,False,False,192081.84756315214,False,False,False,False
2025-02-11 17:00:00+00:00,3.315,3.35,3.27,3.3,154408.0,,,,3.9923648990808887,4.305683260521645,4.382730832903125,4.6194911294962235,,,,,,3.195240100213314,4.114954451136409,4.147164595002054,4.2087717692596165,4.283425236243678,4.3425455197756175,4.6608002748160695,4.543388384885005,3.9923648990808887,4.325067530500471,4.1870362914164705,"rgba(239, 83, 80, 0.5)",0.5768914679259513,3.958092929715367,-1.1407569123553738,38.55217994983633,-15.440896247093626,True,False,False,True,True,0.0,0.0,0.0,0.0,0.0,0,0.8284023668639054,0.9351930121160891,False,False,False,False,-0.2653136762434795,-0.2950584758739214,False,False,False,False,3396443.0,4430388.317049806,False,False,False,False,191497.7569032583,False,False,False,False
2025-02-12 17:00:00+00:00,3.445,3.52,3.435,3.495,259633.0,,,,3.982663315608456,4.296883430746902,4.374038077502585,4.61023544889674,,,,,,3.3037198314953296,4.105287195102685,4.138088932565413,4.200024250213515,4.274662272900799,4.333802977273946,4.652198310374448,4.536225499745153,3.982663315608456,4.315955068188671,4.1930011587089115,#000000,0.57773932679862,3.958814228352708,-0.8028088219695969,47.16726376940338,-7.873955415219768,True,False,False,False,True,0.0,0.0,0.0,0.0,0.0,0,0.8380578164468144,0.9275891103003086,False,False,False,False,-0.21195494963402745,-0.2535067127539744,False,False,False,False,3656076.0,4418383.474925002,False,False,False,False,192554.11726134733,False,False,False,False
2025-02-13 17:00:00+00:00,3.425,3.49,3.4,3.48,121451.0,,,,3.9780153023819476,4.292698563712667,4.3699091894092295,4.60585617044136,,,,,,3.326625259309771,4.100676353718957,4.133758716652936,4.195854783464943,4.270492773261788,4.329647858765474,4.648126668323569,4.532823952394102,3.9780153023819476,4.311619806486301,4.1922507957364425,"rgba(38, 166, 154, 1.0)",0.5799233251586419,3.9572085776260773,-0.8228821930822212,52.421734253557574,-3.6140947242197043,True,False,True,False,True,0.0,0.0,0.0,0.0,0.0,0,0.8361344537815125,0.9274509803921566,False,False,False,False,-0.22220669805516227,-0.23785670540456832,False,False,False,False,3534625.0,4404681.793143219,False,False,False,False,191451.7433503187,False,False,False,False
2025-02-14 17:00:00+00:00,3.565,3.575,3.525,3.56,161457.0,,,,3.9730843375472316,4.28783517487158,4.365052398123625,4.600570986602268,,,,,,3.364266869870208,4.095552226279255,4.128896414494084,4.191099243632054,4.265665837543323,4.32478956912876,4.643192265654413,4.5287382106462895,3.9730843375472316,4.306635724286176,4.192775079656048,"rgba(38, 166, 154, 1.0)",0.5798377219393168,3.9567214578332095,-0.6841939439647711,57.41032032596867,0.48051563244272444,True,False,True,False,True,0.0,0.0,0.0,0.0,0.0,0,0.8426495248742314,0.9223029625489095,False,False,False,False,-0.18923964658114803,-0.2135481759928582,False,False,False,False,3696082.0,4393695.749838673,False,False,False,False,190986.70856969358,False,False,False,False
2025-02-17 17:00:00+00:00,3.56,3.56,3.56,3.56,0.0,,,,3.9730843375472316,4.28783517487158,4.365052398123625,4.600570986602268,,,,,,3.364266869870208,4.095552226279255,4.128896414494084,4.191099243632054,4.265665837543323,4.32478956912876,4.643192265654413,4.5287382106462895,3.9730843375472316,4.306635724286176,4.192775079656048,"rgba(38, 166, 154, 1.0)",0.5809853233481364,3.9567214578332095,-0.6828424779251905,60.73604437424273,3.1787150055512754,True,False,True,False,True,0.0,0.0,0.0,0.0,0.0,0,0.8415147265077141,0.9259467040673212,False,False,False,False,-0.18612209754921263,-0.19983513677103543,False,False,False,False,3696082.0,4382880.0327869095,False,False,False,False,188025.674328303,False,False,False,False
2025-02-18 17:00:00+00:00,3.745,3.745,3.65,3.69,117478.0,,,3.695,3.970754687687488,4.285011335483523,4.3621651379788915,4.59727438198193,,,,,,3.3999158242361855,4.092842216430097,4.126267707667918,4.188441899000102,4.262884743577156,4.321934821320948,4.640092873025078,4.526215404502009,3.970754687687488,4.1820411086263665,4.194824436219937,"rgba(38, 166, 154, 1.0)",0.5805775316615885,3.918917474481291,-0.3942926861570736,65.1083144018356,7.0144354130265825,True,False,True,False,True,0.0,0.0,0.0,0.0,0.0,0,0.8480446927374302,0.9181564245810054,False,False,False,False,-0.14358996121092668,-0.17171254899098104,False,False,False,False,3813560.0,4374053.365611918,False,False,False,False,186931.91193561614,False,False,False,False
2025-02-19 17:00:00+00:00,3.575,3.59,3.525,3.58,128830.0,,,3.627004238595579,3.9670609463752204,4.281269857743349,4.358415938627667,4.593169793083984,,,,,,3.4173665799098303,4.088954756112936,4.12256336813058,4.184801138179816,4.259174835773686,4.31819080479841,4.6362528604681525,4.52303635984516,3.9670609463752204,4.165384154885159,4.193792587902322,"rgba(38, 166, 154, 1.0)",0.5788097292743921,3.9138387965801913,-0.5767677696066001,64.1149487839283,7.0144354130265825,True,False,True,False,True,0.0,0.0,0.0,0.0,0.0,0,0.8409598214285715,0.9280133928571427,False,False,False,False,-0.18690114727266818,-0.17930684813182463,False,False,False,False,3684730.0,4363366.181648943,False,False,False,False,186031.10709940505,False,False,False,False
2025-02-20 17:00:00+00:00,3.465,3.535,3.455,3.49,152224.0,,,3.57594705904001,3.962019545512189,4.276461433672239,4.35363506618916,4.588026596964114,,,,,,3.4258015428649795,4.083816268416511,4.117694336190263,4.180062562530006,4.254394426763976,4.313397958813131,4.631449563905698,4.519028060458699,3.962019545512189,4.151217940275542,4.190705589992908,"rgba(38, 166, 154, 0.75)",0.5805356333780158,3.908174993779873,-0.720326143197446,60.81231035551609,7.0144354130265825,True,False,True,False,False,0.0,0.0,0.0,0.0,0.0,0,0.8337510442773601,0.9317738791423001,False,False,False,False,-0.20645303643339571,-0.19287994228261018,False,False,False,False,3532506.0,4350484.628445083,False,False,False,False,185506.96590406544,False,False,False,False
2025-02-21 17:00:00+00:00,3.465,3.565,3.39,3.43,296836.0,,,3.5271634875346582,3.9518474081368375,4.266879445518176,4.344125136773966,4.577848342554958,,,,,,3.432184868776602,4.073523125540966,4.107942541171063,4.1705891156455355,4.244861431547881,4.303855561127286,4.621940936043847,4.511062416244369,3.9518474081368375,4.13357276410372,4.183244999512194,"rgba(38, 166, 154, 0.75)",0.5829473652317358,3.89916089327753,-0.8048083262045911,57.033536818485935,7.0144354130265825,True,False,True,False,False,0.0,0.0,0.0,0.0,0.0,0,0.8335180055401663,0.9274238227146813,False,False,False,False,-0.21195494963402745,-0.20241744595831881,False,False,False,False,3235670.0,4333200.680717253,False,False,False,False,187232.9974404365,False,False,False,False
2025-02-24 17:00:00+00:00,3.355,3.38,3.325,3.355,173974.0,,,3.492376341340156,3.9447999287576123,4.260625954139805,4.337972339028749,4.571397239757388,,,,,,3.4247365191886483,4.066606774858108,4.101424981869108,4.164321154546051,4.23862181501334,4.297654834779191,4.615925826175906,4.505973107069222,3.9447999287576123,4.121434360604742,4.176908126687446,#000000,0.58399009617666,3.89165275985176,-0.9189415426137975,52.71150139371714,11.256577977871004,True,False,False,False,False,0.0,0.0,0.0,0.0,0.0,0,0.838041958041958,0.9300699300699297,False,False,False,False,-0.25164591931597274,-0.2270316826371458,False,False,False,False,3061696.0,4313487.42985342,False,False,False,False,187027.43158864678,False,False,False,False
2025-02-25 17:00:00+00:00,3.205,3.295,3.17,3.29,314044.0,,,3.428497413354561,3.9303738583150922,4.24831084212977,4.325930101773305,4.558964962238528,,,,,,3.3995248591789937,4.052720118403021,4.088379933377718,4.151858529615754,4.226308525918416,4.285480956072888,4.604348241118244,4.4960982894792965,3.9303738583150922,4.09841543556225,4.163089931645541,"rgba(239, 83, 80, 0.5)",0.5844657836454109,3.8755446109879,-1.0018458349020196,48.41531584745466,7.1494770700263075,True,False,False,True,False,0.0,0.0,0.0,0.0,0.0,0,0.8274509803921569,0.9383753501400559,False,False,False,False,-0.29049285317746476,-0.2587622679073053,False,False,False,False,2747652.0,4289210.911561118,False,False,False,False,188996.6807113034,False,False,False,False
2025-02-26 17:00:00+00:00,3.405,3.405,3.225,3.28,143632.0,,,3.4149500710113454,3.924461331521603,4.24306483091137,4.320771596180757,4.553578281525399,,,,,,3.393516366144482,4.046924935031438,4.082906399526242,4.1465919985385,4.221071842468635,4.280280588721961,4.5993180822652,4.491818917334376,3.924461331521603,4.0913652222300945,4.157803641253855,"rgba(239, 83, 80, 0.5)",0.5844317175106295,3.8701044140588734,-1.0097063461449471,45.33353223758553,4.147519540828604,True,False,False,True,False,0.0,0.0,0.0,0.0,0.0,0,0.8332402234636872,0.9304469273743015,False,False,False,False,-0.2637007609288384,-0.2612315144180718,False,False,False,False,2604020.0,4263083.920684203,False,False,False,False,188293.3523281824,False,False,False,False
2025-02-27 17:00:00+00:00,3.295,3.31,3.21,3.225,162465.0,,,3.3967763904209267,3.9173261085882585,4.236857517855813,4.3146870333931355,4.54727513666766,,,,,,3.3839355162481763,4.040000056665115,4.076376090384302,4.14032973102619,4.214868971134377,4.27413688788456,4.593435563420316,4.486792996336567,3.9173261085882585,4.082584437385159,4.151234476637451,"rgba(239, 83, 80, 0.5)",0.5847031895071306,3.863141655955145,-1.0913941764077937,42.07634123629795,0.9145768391697686,True,False,False,True,False,0.0,0.0,0.0,0.0,0.0,0,0.8311111111111111,0.9311111111111108,False,False,False,False,-0.2815187671621805,-0.27137514079012615,False,False,False,False,2441555.0,4234843.162223982,False,False,False,False,187892.9127572028,False,False,False,False
2025-02-28 17:00:00+00:00,3.335,3.375,3.295,3.295,154858.0,,,3.3897028323200598,3.9113940727163428,4.231446141436897,4.309345736015577,4.541659533766131,,,,,,3.380250496955847,4.0341114512555984,4.0707888690472736,4.1349255134204315,4.209472763923313,4.268762360836232,4.588179069589072,4.48232151088179,3.9113940727163428,4.076709663251002,4.146101504488694,"rgba(239, 83, 80, 0.5)",0.5848875690835462,3.8582680921916874,-0.9630365252492303,42.407644708797875,0.9145768391697686,True,False,False,True,False,0.0,0.0,0.0,0.0,0.0,0,0.837837837837838,0.9233769852326553,False,False,False,False,-0.25726239936597256,-0.2643187700780494,False,False,False,False,2596413.0,4209441.144205005,False,False,False,False,187380.74356716865,False,False,False,False
2025-03-03 17:00:00+00:00,3.205,3.21,3.025,3.055,296646.0,,,3.344917366782982,3.896142455213878,4.21873686131843,4.296978080258664,4.52908708169305,,,,,,3.3513757487929667,4.019618057909904,4.057167563693799,4.121960268386885,4.196741663972169,4.256228421742219,4.576462657006546,4.47220903201172,3.896142455213878,4.057172369053401,4.131470426689527,"rgba(239, 83, 80, 0.5)",0.5899384835848615,3.841910088761885,-1.3338849908215715,38.17684634810145,-3.403175901235926,False,False,False,True,False,0.0,0.0,0.0,0.0,0.0,0,0.8283582089552242,0.9306246545052513,False,False,False,False,-0.3285378802080843,-0.29642832514306683,False,False,False,False,2299767.0,4179833.793132059,False,False,False,False,189074.7785506234,False,False,False,False
2025-03-04 17:00:00+00:00,3.035,3.115,3.025,3.08,138057.0,,,3.326883079434586,3.8890359614981422,4.212797631406295,4.2911976475880795,4.523216148707364,,,,,,3.3387963274288524,4.012857967741331,4.050806495315923,4.115901290092035,4.190791926462419,4.25037062004471,4.5709874662844685,4.467473932911491,3.8890359614981422,4.048626093726893,4.124748253285154,"rgba(239, 83, 80, 0.5)",0.5943206281200413,3.8344955747806795,-1.2695093171632028,36.17777469168569,-5.611701221784912,False,False,False,True,False,0.0,0.0,0.0,0.0,0.0,0,0.8267955801104975,0.9361878453038673,False,False,False,False,-0.34282825441539394,-0.3196282897792304,False,False,False,False,2437824.0,4152825.8893625694,False,False,False,False,188283.80523976102,False,False,False,False
2025-03-05 17:00:00+00:00,3.045,3.075,3.01,3.045,206139.0,,,3.3013049698864374,3.8782685627201317,4.203812781887437,4.282457444230302,4.514358042018268,,,,,,3.320099644207133,4.00262543224818,4.041173291272698,4.10672696393622,4.181789116835732,4.241511075060611,4.562723776073882,4.460312250326641,3.8782685627201317,4.036040360148514,4.114620193745137,"rgba(239, 83, 80, 0.5)",0.5974257690705522,3.823344821209062,-1.30283101517361,34.28369877484548,-7.778840855447541,False,False,False,True,False,0.0,0.0,0.0,0.0,0.0,0,0.8211994421199443,0.9506276150627614,False,False,False,False,-0.34282825441539394,-0.3312282720973122,False,False,False,False,2231685.0,4123040.7592949327,False,False,False,False,188560.62996472596,False,False,False,False
2025-03-06 17:00:00+00:00,3.025,3.025,2.98,3.02,155002.0,,,3.2826952375878604,3.8700192221160776,4.196946187418112,4.275782282615814,4.507610081663546,,,,,,3.3059390996741786,3.9947968597005534,4.033800428681386,4.099707560753148,4.1749068691081614,4.234742406892562,4.556426926204939,4.45484258751098,3.8700192221160776,4.026610602280282,4.106895342315739,"rgba(239, 83, 80, 1.0)",0.5997046420177593,3.814833876324463,-1.3253755609597653,32.610746948075544,-9.776756693095116,False,True,False,True,False,0.0,0.0,0.0,0.0,0.0,0,0.8074239464136199,0.9547864917666758,False,False,False,False,-0.34282825441539394,-0.33702826325635304,False,False,False,False,2076683.0,4091314.282406639,False,False,False,False,188040.34112806353,False,False,False,False
2025-03-07 17:00:00+00:00,3.015,3.08,3.005,3.06,169450.0,,,3.2674775444330977,3.8615885260481675,4.18977883536493,4.268792277452539,4.500496959773013,,,,,,3.2937530086280913,3.9867197759121082,4.026169568318447,4.092413317809874,4.1677297237067945,4.22766591336421,4.549777614184425,4.449074095673454,3.8615885260481675,4.0176268286143495,4.099162877199675,"rgba(239, 83, 80, 1.0)",0.5996688275229034,3.806577890663905,-1.244983658309954,33.092239071160364,-9.776756693095116,False,True,False,True,False,0.0,0.0,0.0,0.0,0.0,0,0.8151778213385609,0.9507140856902827,False,False,False,False,-0.32980368863631637,-0.3334159759463347,False,False,False,False,2246133.0,4062706.8206639,False,False,False,False,187752.11878499278,False,False,False,False
2025-03-10 17:00:00+00:00,3.06,3.06,2.97,2.98,141039.0,,,3.253933723758856,3.8543211340643984,4.183648549627453,4.262822390551527,4.494447298305282,,,,,,3.28275128356367,3.979783942819817,4.019619511839861,4.086160443994938,4.1615879489369805,4.221617660241672,4.544123175857426,4.444155651318688,3.8543211340643984,4.009834619261503,4.0924749523216315,"rgba(239, 83, 80, 1.0)",0.5937707568680883,3.799354011857484,-1.3799164111403202,31.91221768830685,-11.40470784334184,False,True,False,True,False,0.0,0.0,0.0,0.0,0.0,0,0.814710836608647,0.9525547445255473,False,False,False,False,-0.33874622363389384,-0.33608109979011425,False,False,False,False,2105094.0,4032356.234297018,False,False,False,False,187027.88438522542,False,False,False,False
2025-03-11 17:00:00+00:00,2.985,3.015,2.96,2.985,98706.0,,,3.2446752667831835,3.849209647497207,4.179335770417972,4.258622919892384,4.49019544879978,,,,,,3.2751042853933203,3.9749059532823536,4.015010776835765,4.08176021335841,4.157266733559958,4.217362795887429,4.5401479158176405,4.440693754129107,3.849209647497207,4.004407810678106,4.087781553532998,"rgba(239, 83, 80, 1.0)",0.5881400443021223,3.7942851348819473,-1.3760075388885182,31.34184978526302,-12.483022274957193,False,True,False,True,False,0.0,0.0,0.0,0.0,0.0,0,0.8103545301069219,0.956105796285875,False,False,False,False,-0.34282825441539394,-0.3394546771027541,False,False,False,False,2203800.0,4004006.52523815,False,False,False,False,185658.55284436923,False,False,False,False
2025-03-12 17:00:00+00:00,2.975,3.01,2.94,2.95,82714.0,,,3.236832679420692,3.8448742087976098,4.175685389837358,4.255070058955981,4.4866037426049665,,,,,,3.2685702883172776,3.9707730473056246,4.011105787585584,4.078033075971017,4.153608578766337,4.2137622263807115,4.536789621545803,4.437765651788789,3.8448742087976098,3.9998132159233206,4.083801034707643,"rgba(239, 83, 80, 1.0)",0.5769838631871509,3.789972593595339,-1.4557991084109132,30.280718423249123,-14.010131396646663,False,True,False,True,False,0.0,0.0,0.0,0.0,0.0,0,0.8090551181102364,0.9547244094488188,False,False,False,False,-0.34282825441539394,-0.341141465759074,False,False,False,False,2121086.0,3974813.9589553876,False,False,False,False,184062.51326538678,False,False,False,False
2025-03-13 17:00:00+00:00,2.905,2.905,2.815,2.845,157835.0,,,3.217328489856348,3.8356813751099628,4.1681425998791255,4.247761505186851,4.479296730921001,,,,,,3.252501801295949,3.9621132396743226,4.0029463193877,4.070281938599874,4.146039205918674,4.206338740075679,4.529967994360517,4.431788716116354,3.8356813751099628,3.989642140190658,4.075247244428633,"rgba(239, 83, 80, 1.0)",0.5662755831183491,3.69831752602511,-1.5068944370267332,27.828919133452104,-16.743342530860524,False,True,False,True,False,0.0,0.0,0.0,0.0,0.0,0,0.8079191238416176,0.9578770008424597,False,False,False,False,-0.34282825441539394,-0.34198486008723394,False,False,False,False,1963251.0,3943626.936335924,False,False,False,False,183655.88515274512,False,False,False,False
2025-03-14 17:00:00+00:00,2.945,2.965,2.89,2.905,120030.0,,,3.206210485346802,3.8292597660872763,4.162744994192133,4.242511404943623,4.474004195328193,,,,,,3.2429593487731756,3.955998499662263,3.9971649200073855,4.0647645965029655,4.140628528553769,4.201016363298312,4.525017113544404,4.4274596506573465,3.8292597660872763,3.9829461691796055,4.0693761276249525,"rgba(239, 83, 80, 1.0)",0.553994568549162,3.6940312005761764,-1.4242580078764027,28.93624246522419,-16.743342530860524,False,True,False,True,False,0.0,0.0,0.0,0.0,0.0,0,0.8128851540616245,0.9484593837535011,False,False,False,False,-0.3222005663853802,-0.33209271323630707,False,False,False,False,2083281.0,3914784.363679553,False,False,False,False,182669.43732091962,False,False,False,False
2025-03-17 17:00:00+00:00,2.965,3.055,2.965,3.02,193327.0,,,3.1952539095058916,3.820146476944134,4.154794378727688,4.234732688964469,4.466062333429611,,,,,,3.232814044654087,3.9471730240910112,3.988777446916167,4.056704004444171,4.132672220726431,4.193153714703417,4.517566652660531,4.420967396299461,3.820146476944134,3.9741979575143587,4.06122856306191,"rgba(239, 83, 80, 0.75)",0.5346835217850449,3.6894521745020934,-1.2520531253088227,33.96767769811754,-21.287725378348377,False,True,False,True,True,0.0,0.0,0.0,0.0,0.0,0,0.8162979557546908,0.9414729767572108,False,False,False,False,-0.29734222601248217,-0.3147174696243946,False,False,False,False,2276608.0,3889386.2805217304,False,False,False,False,182834.67085082785,False,False,False,False
2025-03-18 17:00:00+00:00,3.055,3.065,3.005,3.02,146434.0,,,3.188436810978519,3.8135178669809173,4.148931941091594,4.228985487107061,4.460172435314711,,,,,,3.2262466129635263,3.9407148095089615,3.9826259304490916,4.0507765780899545,4.1268087569726255,4.18735031393572,4.512034046190069,4.416147184925005,3.8135178669809173,3.9680089082945598,4.05533802912937,"rgba(239, 83, 80, 0.5)",0.5190580692747866,3.685222825394813,-1.2815961542111147,37.321967853379775,-18.131701249285314,False,False,False,True,True,0.0,0.0,0.0,0.0,0.0,0,0.8231655889794772,0.9344953612594884,False,False,False,False,-0.2898806118384671,-0.3022990407314309,False,False,False,False,2276608.0,3864381.966095037,False,False,False,False,182270.3193647685,False,False,False,False
2025-03-19 17:00:00+00:00,3.085,3.095,3.02,3.04,114542.0,,,3.1841614819027684,3.808551174061691,4.144476685716854,4.224608602404608,4.455668160320216,,,,,,3.2219338912893103,3.935844866965149,3.9779770992954355,4.046284987104082,4.122355334936965,4.1829352802134245,4.507797843972991,4.412458566896347,3.808551174061691,3.9634932208812272,4.050948483834214,"rgba(239, 83, 80, 0.5)",0.5007034870878889,3.682036262839467,-1.2822684071436674,40.295978730632505,-15.363834952418728,False,False,False,True,True,0.0,0.0,0.0,0.0,0.0,0,0.8242441367617972,0.9333144956202313,False,False,False,False,-0.2831919263466848,-0.2927454835390578,False,False,False,False,2391150.0,3841541.1604191447,False,False,False,False,181220.26790174883,False,False,False,False
2025-03-20 17:00:00+00:00,3.025,3.03,2.98,2.99,89134.0,,,3.1797880959003533,3.8044699951099434,4.140871924557531,4.221076019551567,4.452054661917347,,,,,,3.2177479816553882,3.9318726427463466,3.974191487641854,4.042637456942863,4.118749221616417,4.179367447989011,4.504401926909364,4.409493475738382,3.8044699951099434,3.9596521394073485,4.047307705154953,"rgba(239, 83, 80, 0.5)",0.4686145287723868,3.678721351627729,-1.469696966997477,40.73573458452721,-14.873594668038578,False,False,False,True,True,0.0,0.0,0.0,0.0,0.0,0,0.8246311010215664,0.9341657207718501,False,False,False,False,-0.2988383921775503,-0.29579193785830404,False,False,False,False,2302016.0,3817672.553280863,False,False,False,False,179792.5738257527,False,False,False,False
2025-03-21 17:00:00+00:00,3.035,3.055,2.99,3.045,261763.0,,,3.1700228583724837,3.7931575317983244,4.130690707236102,4.2110705893061375,4.441762843984583,,,,,,3.2078944163268397,3.920769142177585,3.9635788522744577,4.032375172169843,4.108572144679667,4.169276373935997,4.494713982290254,4.40104112176618,3.7931575317983244,3.9493409061395264,4.0372776507026025,"rgba(239, 83, 80, 0.5)",0.4518258553951877,3.670161484126122,-1.3836337090079254,43.17385624444105,-12.422601968502804,False,False,False,True,True,0.0,0.0,0.0,0.0,0.0,0,0.8325727324586423,0.9301197946377635,False,False,False,False,-0.2936074457315245,-0.2946996917949143,False,False,False,False,2563779.0,3798232.3431524774,False,False,False,False,181063.43314628367,False,False,False,False
2025-03-24 17:00:00+00:00,3.055,3.08,3.05,3.08,96155.0,,,3.167683533780198,3.7892980846003477,4.127131703635866,4.207560369163406,4.438125658868603,,,,,,3.205286249343823,3.916938863432993,3.959904589426364,4.028805861359004,4.105018231509422,4.165742503512442,4.491283461363062,4.39805204730416,3.7892980846003477,3.945959870009684,4.033878975906409,"rgba(239, 83, 80, 0.5)",0.4400798146282474,3.667514083533277,-1.3350171128152581,46.06569102492023,-9.587854872195749,True,False,False,True,True,0.0,0.0,0.0,0.0,0.0,0,0.8384128809660726,0.9226566992524436,False,False,False,False,-0.28096786554849573,-0.287833778671705,False,False,False,False,2659934.0,3780584.306824532,False,False,False,False,179747.02333006222,False,False,False,False
2025-03-25 17:00:00+00:00,3.095,3.1,3.05,3.075,116067.0,,,3.165138814078978,3.7847259421076394,4.122887548693374,4.2033704039634925,4.433776839266004,,,,,,3.202378076036826,3.912388120183886,3.955534196811807,4.024554804832365,4.100781199308047,4.161526306850113,4.4871789731362774,4.39447533979797,3.7847259421076394,3.941979909621898,4.0298521271196615,#000000,0.42922980467951494,3.600251795663327,-1.2237076501607496,47.79280279241345,-7.843848563437369,True,False,False,False,True,0.0,0.0,0.0,0.0,0.0,0,0.8358425014475973,0.9279096699478865,False,False,False,False,-0.27800665489532067,-0.28292021678351287,False,False,False,False,2543867.0,3761410.395090818,False,False,False,False,178759.73614665042,False,False,False,False
2025-03-26 17:00:00+00:00,3.055,3.07,3.03,3.03,107606.0,,,3.162115275470646,3.7803522657412993,4.118865269963418,4.199405235624046,4.4296763664922905,,,,,,3.199153496560439,3.9080549492567886,3.951376448417775,4.020517041691648,4.096763749726256,4.157533396764545,4.483310032876409,4.3910974295328264,3.7803522657412993,3.9380828826583403,4.025975818103336,"rgba(239, 83, 80, 0.5)",0.4204414989675059,3.596214523905963,-1.3467141690257445,47.14640971708704,-7.843848563437369,True,False,False,True,True,0.0,0.0,0.0,0.0,0.0,0,0.8309613708974732,0.9320360151031076,False,False,False,False,-0.2854187195229139,-0.2841694681532134,False,False,False,False,2436261.0,3740865.4432289447,False,False,False,False,177656.57744670234,False,False,False,False
2025-03-27 17:00:00+00:00,2.955,2.97,2.91,2.96,108763.0,,,3.156842063197375,3.7754107122225777,4.114467412561145,4.195092060951346,4.425269025329969,,,,,,3.194083270773798,3.903234150868579,3.946769038285991,4.016069094195935,4.092364221113766,4.153178787908245,4.479159399516831,4.387456665872314,3.7754107122225777,3.933416254852483,4.0215393285669325,"rgba(239, 83, 80, 0.5)",0.41305415957078534,3.589639384590569,-1.5243506692798903,44.338265744126794,-7.843848563437369,False,False,False,True,False,0.0,0.0,0.0,0.0,0.0,0,0.8265811716700672,0.9405421160011659,False,False,False,False,-0.3184100097875109,-0.30128973897036215,False,False,False,False,2327498.0,3718952.7696905113,False,False,False,False,176588.4599669085,False,False,False,False
2025-03-28 17:00:00+00:00,2.895,2.9,2.855,2.87,128246.0,,,3.1489363001046664,3.769161292131225,4.109008317197716,4.1897544869462,4.4198554625078845,,,,,,3.1867026695308085,3.897190288787892,3.9410048511260407,4.010523162372086,4.086897835002341,4.147781577668178,4.47406643740868,4.382974865467902,3.769161292131225,3.927343171777538,4.015892710920491,"rgba(239, 83, 80, 0.5)",0.40989630637756547,3.581195019428739,-1.735060815048282,40.09574577798251,-4.3098069408603905,False,False,False,True,False,0.0,0.0,0.0,0.0,0.0,0,0.8268499561275228,0.9330213512723017,False,False,False,False,-0.33745394704768544,-0.31937184300902377,False,False,False,False,2199252.0,3695391.517447247,False,False,False,False,175838.9644635456,False,False,False,False
2025-03-31 17:00:00+00:00,2.895,2.915,2.88,2.885,30223.0,,,3.1472577427685793,3.7677310754587343,4.107747807342639,4.188520342727889,4.4186002544873535,,,,,,3.185112163834229,3.8958016575750603,3.939678661430225,4.009244999657414,4.085636123466373,4.1465345035546735,4.47288461995628,4.381935323782046,3.7677310754587343,3.925971444557039,4.014603506657037,"rgba(239, 83, 80, 1.0)",0.40864999672067637,3.57956005311209,-1.6996453167399423,38.02624747613835,-6.282808255944303,False,True,False,True,False,0.0,0.0,0.0,0.0,0.0,0,0.8291398478642483,0.9277355178466938,False,False,False,False,-0.331334780951131,-0.3253533119800774,False,False,False,False,2229475.0,3672664.1295798477,False,False,False,False,173581.35261139757,False,False,False,False
2025-04-01 17:00:00+00:00,2.815,2.82,2.725,2.785,102164.0,,,3.1392097018886433,3.7622903790604236,4.103098651881201,4.18399163270201,4.414049084664023,,,,,,3.177761477828412,3.8905929275231688,3.9347233534946637,4.004496486286072,4.080975383277712,4.141946523551743,4.468608620637512,4.378157472096456,3.7622903790604236,3.92052789003926,4.009657780586968,"rgba(239, 83, 80, 1.0)",0.4036382623672287,3.5718769435904196,-1.9494607349055564,34.389888759955916,-9.721410799698639,False,True,False,True,False,0.0,0.0,0.0,0.0,0.0,0,0.8236834448647077,0.932499272621472,False,False,False,False,-0.34282825441539394,-0.33409078319773566,False,False,False,False,2127311.0,3648705.166330548,False,False,False,False,172474.10683447667,False,False,False,False
2025-04-02 17:00:00+00:00,2.755,2.785,2.7,2.75,173814.0,,,3.125163699825981,3.752876968537071,4.095076061087723,4.176181357070471,4.406215145369639,,,,,,3.164904722364801,3.8815929546376764,3.926161210121733,3.996295053508078,4.07293109202453,4.13403168853223,4.4612478574525705,4.3716445377137365,3.752876968537071,3.911102646378177,4.00110113954442,"rgba(239, 83, 80, 1.0)",0.403597638811283,3.559503727644217,-2.0057196816821086,31.30645325339418,-12.60548682286403,False,True,False,True,False,0.0,0.0,0.0,0.0,0.0,0,0.8248111563044743,0.9343404997094711,False,False,False,False,-0.34282825441539394,-0.3384595188065648,False,False,False,False,1953497.0,3622422.8691781363,False,False,False,False,172494.88037192664,False,False,False,False
2025-04-03 17:00:00+00:00,2.645,2.665,2.62,2.63,95339.0,,,3.1158315224151725,3.747248551829379,4.090371196784569,4.171616614080099,4.40167537909477,,,,,,3.1564615458787717,3.876258486777144,3.9210974961551037,3.991462043256896,4.0682085773534284,4.1293978131716855,4.4569877533819815,4.3678613135831394,3.747248551829379,3.905348652840798,3.9959668786947686,"rgba(239, 83, 80, 1.0)",0.4044861382495385,3.5516733470810165,-2.2786277697170707,27.411133515261266,-16.22720691475967,False,True,False,True,False,0.0,0.0,0.0,0.0,0.0,0,0.8256154747948419,0.9349355216881592,False,False,False,False,-0.34282825441539394,-0.34064388661097933,False,False,False,False,1858158.0,3595069.925469948,False,False,False,False,171298.66517236189,False,False,False,False
2025-04-04 17:00:00+00:00,2.545,2.67,2.52,2.665,136173.0,,,3.102573268197204,3.739164117620012,4.083611848289512,4.165059138892877,4.395158414591535,,,,,2.618333333333333,3.144413382333688,3.8685963294561247,3.9138219540289203,3.9845172428649653,4.061423465089254,4.122740696085456,4.450870912183349,4.3624241171045375,3.739164117620012,3.897113357518228,3.8363490480532922,"rgba(239, 83, 80, 1.0)",0.40106831437148144,3.4527233169242226,-1.9640627012848733,26.614630347932266,-17.02342237456307,False,True,False,True,False,0.0,0.0,0.0,0.0,0.0,0,0.8179965055329065,0.9338963308095515,True,False,False,False,-0.34282825441539394,-0.34173607051318666,False,False,False,False,1994331.0,3570252.267710724,False,False,False,False,170754.08121620124,False,False,False,False
2025-04-07 17:00:00+00:00,2.715,2.765,2.66,2.75,154221.0,,,3.0915112428673384,3.7310050417764336,4.076583049628274,4.158206666141516,4.388274631463683,,,,,2.6749813357025283,3.134041560715338,3.8607613858999543,3.9063500605176675,3.9773438499932117,4.054377713837549,4.115801314004106,4.44439270720588,4.356681076054714,3.7310050417764336,3.8891161263754492,3.836081222658994,"rgba(239, 83, 80, 0.75)",0.39776847129548276,3.4479208067238214,-1.7545905648348135,29.96028336878752,-17.02342237456307,False,True,False,True,True,0.0,0.0,0.0,0.0,0.0,0,0.8283299329641506,0.9262605654328182,False,False,False,False,-0.3105993250896293,-0.326167697801408,False,False,False,False,2148552.0,3548210.4030950535,False,False,False,False,170497.75437563998,False,False,False,False
2025-04-08 17:00:00+00:00,2.665,2.705,2.615,2.665,65106.0,,,3.086259737533518,3.7273855060162573,4.073499531601083,4.155206389737261,4.3852755674153,,,,,2.6725428973277077,3.1291610346385346,3.8573032678105683,3.903056243638623,3.9741880868599635,4.051284882682114,4.112759959646879,4.441572241402338,4.3541750299292845,3.7273855060162573,3.885525346460684,3.8328937382151125,"rgba(239, 83, 80, 0.75)",0.3956594677426573,3.443825864194415,-1.9684246876179259,30.375564498550133,-17.02342237456307,False,True,False,True,True,0.0,0.0,0.0,0.0,0.0,0,0.8216783216783219,0.9303613053613051,False,False,False,False,-0.3249186720383287,-0.32554318491986833,False,False,False,False,2083446.0,3525500.877465673,False,False,False,False,168863.77368764556,False,False,False,False
2025-04-09 17:00:00+00:00,2.695,2.92,2.68,2.9,252434.0,,,3.0748205962467474,3.7158040053799866,4.063108272109146,4.145010462705818,4.374893607541199,,,,,2.7393083240395613,3.117766744472829,3.845980017458834,3.8921918541577605,3.9636759263595547,4.040887390377254,4.1024680265824,4.431767013615079,4.345506528276992,3.7158040053799866,3.874727388796579,3.8310613139266962,"rgba(239, 83, 80, 0.75)",0.3884515112296063,3.439092530299498,-1.3877987720862563,37.89998997320497,-18.773323679766015,False,True,False,True,True,0.0,0.0,0.0,0.0,0.0,0,0.8269507630290817,0.9179383818024759,False,False,False,False,-0.28700213228814175,-0.30627265860400504,False,False,False,False,2335880.0,3507057.142931321,False,False,False,False,170159.43611109292,False,False,False,False
2025-04-10 17:00:00+00:00,2.855,2.945,2.835,2.93,93090.0,,,3.072007382657569,3.7119412682653286,4.059535730080814,4.141488641748883,4.371272286980728,,,,,2.7610894443937246,3.1147636371623597,3.8421515883360633,3.888502079564426,3.9600851380198416,4.037317451758871,4.098921376742041,4.428338281489351,4.342481560633158,3.7119412682653286,3.871249061946665,3.8304056175666483,"rgba(239, 83, 80, 0.5)",0.3803449359072085,3.4380440580748273,-1.3357455564986749,43.59726281238656,-13.632209855828535,False,False,False,True,True,0.0,0.0,0.0,0.0,0.0,0,0.8386448463967846,0.915015790984783,False,False,False,False,-0.26305084381964283,-0.2846617512118239,False,False,False,False,2428970.0,3490342.613583549,False,False,False,False,168964.56113262638,False,False,False,False
2025-04-11 17:00:00+00:00,2.93,2.965,2.905,2.935,108116.0,,,3.069445819432618,3.707674774329821,4.055526944109043,4.137527316687822,4.367178990961487,,,,,2.784327096258579,3.111886503530667,3.8378927146930675,3.8843877767649007,3.956069211852468,4.033314297904134,4.094936896778572,4.424457653095496,4.339061165489252,3.707674774329821,3.867470769104158,3.82959259070746,#000000,0.3729071086902205,3.3732802467111127,-1.1753067627230422,47.51659970188368,-10.171569518308765,True,False,False,False,True,0.0,0.0,0.0,0.0,0.0,0,0.8426643697961528,0.9138673557278205,False,False,False,False,-0.25118651489324867,-0.26792413305253626,False,False,False,False,2537086.0,3475563.4412799277,False,False,False,False,168021.1725879345,False,False,False,False
2025-04-14 17:00:00+00:00,2.885,2.915,2.88,2.88,69965.0,,,3.067320570605077,3.704785241099679,4.0528482038680185,4.1348857851945136,4.364462740213897,,,,,2.7928698903998956,3.109628989369822,3.8350266682944443,3.881623498667168,3.953377535031485,4.030637601539446,4.092277145654366,4.421884367736732,4.336788534579911,3.704785241099679,3.8648605081962373,3.828234914585919,#000000,0.3664067301399908,3.371003872761153,-1.3400514574979512,48.453054568381944,-9.31479916291812,True,False,False,False,True,0.0,0.0,0.0,0.0,0.0,0,0.8378844495544697,0.9183673469387752,False,False,False,False,-0.2610685062000538,-0.26449631962629505,False,False,False,False,2467121.0,3459928.674748456,False,False,False,False,166500.92185013706,False,False,False,False
2025-04-15 17:00:00+00:00,2.865,2.96,2.865,2.96,136983.0,,,3.064141925547692,3.6994391906072055,4.047803587450565,4.129897867716344,4.3593051843222375,,,,,2.8111322739762703,3.1060618748008264,3.8296814345599324,3.8764545268431823,3.9483274289272865,4.025600678459465,4.0872615766397375,4.416991248972425,4.332471974229594,3.6994391906072055,3.860117551128809,3.8259981130454133,"rgba(38, 166, 154, 1.0)",0.3579502456744044,3.369573773669032,-1.144219842334135,51.22045227213099,-6.564425167400863,True,False,True,False,True,0.0,0.0,0.0,0.0,0.0,0,0.8369221935113409,0.9161642262417453,False,False,False,False,-0.2571098256658437,-0.2608030726460694,False,False,False,False,2604104.0,3446660.075139953,False,False,False,False,166043.27965091012,False,False,False,False
2025-04-16 17:00:00+00:00,2.845,2.85,2.775,2.82,123884.0,,,3.0590933187077978,3.693966018231875,4.042822238252164,4.125000159052822,4.3543057162829095,,,,,2.8115525907653875,3.1009732133096035,3.8243002830671036,3.8712748277753213,3.9433001716665577,4.02061846572881,4.082322747846368,4.412258761040187,4.3282776505373315,3.693966018231875,3.8550374901055138,3.821653190192963,#000000,0.35057247904399325,3.363640211513534,-1.5507213030413403,49.22363474381584,-6.564425167400863,True,False,False,False,True,0.0,0.0,0.0,0.0,0.0,0,0.8240687679083097,0.9220630372492835,False,False,False,False,-0.28365691657221825,-0.2722299946091438,False,False,False,False,2480220.0,3431676.508083519,False,False,False,False,165389.64740826032,False,False,False,False
2025-04-17 17:00:00+00:00,2.805,2.825,2.76,2.79,78743.0,,,3.0556926205026254,3.6904308211654713,4.039617097026533,4.121850892234501,4.3510968373161525,,,,,2.8102677314493825,3.0975737952756655,3.8208311016490257,3.8679365608116894,3.9400622676703594,4.017412060844303,4.079145986722511,4.409221479020806,4.32558276943757,3.6904308211654713,3.8517376536490566,3.818670416986813,"rgba(239, 83, 80, 0.5)",0.3412358303166299,3.359879939632839,-1.6700471902497813,47.18880204783878,-6.564425167400863,True,False,False,True,False,0.0,0.0,0.0,0.0,0.0,0,0.8274374460742021,0.9232096635030196,False,False,False,False,-0.28901226267503555,-0.28062112864208966,False,False,False,False,2401477.0,3415704.4226868753,False,False,False,False,164046.28853371364,False,False,False,False
2025-04-18 17:00:00+00:00,2.79,2.79,2.79,2.79,0.0,,,3.0556926205026254,3.6904308211654713,4.039617097026533,4.121850892234501,4.3510968373161525,,,,,2.8102677314493825,3.0975737952756655,3.8208311016490257,3.8679365608116894,3.9400622676703594,4.017412060844303,4.079145986722511,4.409221479020806,4.32558276943757,3.6904308211654713,3.8517376536490566,3.818670416986813,"rgba(239, 83, 80, 0.5)",0.3307999858382985,3.359879939632839,-1.7227326603073294,45.8322469171874,-6.564425167400863,True,False,False,True,False,0.0,0.0,0.0,0.0,0.0,0,0.8258232235701908,0.9266320046216058,False,False,False,False,-0.28968281074888363,-0.2851519696954866,False,False,False,False,2401477.0,3399979.966521187,False,False,False,False,161502.93522311343,False,False,False,False
2025-04-21 17:00:00+00:00,2.665,2.7,2.65,2.69,116709.0,,,3.048742709574954,3.684597078273235,4.034474304340363,4.116820918673369,4.346026126277298,,,,,2.798883020174367,3.090880751745366,3.8151786434981347,3.862517116816307,3.934833154366313,4.012260190157232,4.074060318973937,4.40443132258156,4.32131638122865,3.684597078273235,3.8461322274278436,3.8127067666157632,"rgba(239, 83, 80, 0.5)",0.31951683681614773,3.3516366035172145,-2.070740966611174,42.56352079227372,-0.330973913432544,True,False,False,True,False,0.0,0.0,0.0,0.0,0.0,0,0.8306311522872033,0.9258830341632887,False,False,False,False,-0.32081450875470613,-0.3029832392250964,False,False,False,False,2284768.0,3382689.8585131066,False,False,False,False,160808.4556072512,False,False,False,False
2025-04-22 17:00:00+00:00,2.715,2.725,2.685,2.72,93967.0,,,3.043771446246381,3.680087637537463,4.030452913047008,4.112880548172448,4.342038919395834,,,,,2.7930399228296063,3.0860280712967665,3.81078737032024,3.8582993011238056,3.9307543269345158,4.008233728016253,4.070079976750816,4.400660583197972,4.317959879606803,3.680087637537463,3.841846292879827,3.8084270177863084,"rgba(239, 83, 80, 0.5)",0.3063081972649432,3.346367037897733,-2.0448915291547114,41.50601079593738,-1.6548908797975272,False,False,False,True,False,0.0,0.0,0.0,0.0,0.0,0,0.8274658132091942,0.9281350014547569,False,False,False,False,-0.31263728106349314,-0.3078102601442948,False,False,False,False,2378735.0,3367124.666908252,False,False,False,False,159772.15396992947,False,False,False,False
2025-04-23 17:00:00+00:00,2.715,2.745,2.7,2.705,44382.0,,,3.0415197216389047,3.677986777529933,4.0285715757701235,4.1110359254736295,4.340170117530945,,,,,2.790739977142568,3.083818692891871,3.808737905594018,3.85632938351448,3.9288477365308676,4.006350336700016,4.068217243582255,4.398892436335015,4.316385964404468,3.677986777529933,3.8398568235887067,3.806479964077284,"rgba(239, 83, 80, 0.5)",0.29645969599818944,3.3440778223690986,-2.155698838647536,40.42368632155197,-3.0730473005333323,False,False,False,True,False,0.0,0.0,0.0,0.0,0.0,0,0.826923076923077,0.9280303030303027,False,False,False,False,-0.3078859310634369,-0.30784809560386583,False,False,False,False,2334353.0,3351112.703080217,False,False,False,False,157983.15933473676,False,False,False,False
2025-04-24 17:00:00+00:00,2.735,2.76,2.715,2.715,63922.0,,,3.038461472953425,3.67501877040711,4.025898836865037,4.10841304525793,4.337508123487722,,,,,2.788215015548164,3.080796533467494,3.805835456903427,3.8535371443901267,3.926142322733373,4.00367532415158,4.065569778301167,4.396372477848237,4.314143381845053,3.67501877040711,3.837060049794245,3.8038097150209578,"rgba(239, 83, 80, 0.5)",0.285107424040888,3.3410775112107793,-2.195935491041412,40.13633132330757,-3.8067298997341297,False,False,False,True,False,0.0,0.0,0.0,0.0,0.0,0,0.8256800233986548,0.9330213512723017,False,False,False,False,-0.30382405273351426,-0.3058360741686901,False,False,False,False,2398275.0,3336340.0255130813,False,False,False,False,156524.84678691137,False,False,False,False
2025-04-25 17:00:00+00:00,2.71,2.725,2.7,2.705,145037.0,,,3.031304449430222,3.6682118192287403,4.019782123143695,4.102412787083678,4.331425920899511,,,,,2.781473555107607,3.0737469348174864,3.7991861074453053,3.8471408285521873,3.9199469923605896,3.997552534525023,4.059512062757915,4.390614610858928,4.309014526574539,3.6682118192287403,3.830627419957169,3.797576461444398,"rgba(239, 83, 80, 0.5)",0.27775861255204,3.3340725401060842,-2.2648174050344636,39.639022756422364,-4.782234825621245,False,False,False,True,False,0.0,0.0,0.0,0.0,0.0,0,0.8235638921453694,0.935814771395076,False,False,False,False,-0.3105993250896293,-0.3082176996291597,False,False,False,False,2253238.0,3319547.7460477618,False,False,False,False,156346.7406351763,False,False,False,False
2025-04-28 17:00:00+00:00,2.715,2.73,2.7,2.7,120165.0,,,3.0256068281055835,3.662644489833342,4.014757256327034,4.097480361993366,4.326421067031268,,,,,2.7767097667439313,3.068106147999205,3.7937378548321203,3.8418953503944437,3.914861693891643,3.9925234545481847,4.05453402738163,4.385873843675724,4.304789981564306,3.662644489833342,3.8253820006581187,3.7925591245590216,"rgba(239, 83, 80, 0.5)",0.2776850409762278,3.328634524755878,-2.2638400777580747,39.141655596319296,-5.759060636193482,False,False,False,True,False,0.0,0.0,0.0,0.0,0.0,0,0.82037691401649,0.9393404004711421,False,False,False,False,-0.30992056239404453,-0.3090691310116021,False,False,False,False,2133073.0,3301152.7887446955,False,False,False,False,155785.78341602627,False,False,False,False
2025-04-29 17:00:00+00:00,2.68,2.705,2.665,2.665,148105.0,,,3.0181791930859987,3.655645898955492,4.008467804788693,4.09131129320846,4.320174847381898,,,,,2.769241787894973,3.0607960833545875,3.7869033039312643,3.835317409883601,3.908489308788159,3.98622712007612,4.04830550994857,4.379957737927837,4.299511003282467,3.655645898955492,3.818755807484108,3.786083251676398,"rgba(239, 83, 80, 1.0)",0.28161394570298137,3.32148634865998,-2.3311570988475734,37.63964808032049,-7.621692287592168,False,True,False,True,False,0.0,0.0,0.0,0.0,0.0,0,0.8259193357058128,0.939798339264531,False,False,False,False,-0.3180842025439935,-0.31357666677779783,False,False,False,False,1984968.0,3280746.8230277235,False,False,False,False,155666.70150259952,False,False,False,False
2025-04-30 17:00:00+00:00,2.605,2.67,2.6,2.665,97920.0,,,3.012975643760822,3.6509171951126973,4.004238530081381,4.087166438711985,4.315987761406686,,,,2.645,2.7633041505077633,3.055703481302164,3.782295937499733,3.8308849516896584,3.9041989464851365,3.9819920548553007,4.044118931541101,4.375992568035074,4.2959681939975,3.6509171951126973,3.814257113814714,3.6679459215913433,"rgba(239, 83, 80, 1.0)",0.2814895706387106,3.2384622125967994,-2.037241419977272,36.63830973632129,-8.943242629130864,False,True,False,True,False,0.0,0.0,0.0,0.0,0.0,0,0.8208023774145617,0.9429420505200592,False,False,False,False,-0.3317825973674214,-0.32267963207260963,False,False,False,False,1984968.0,3260657.228872255,False,False,False,False,154771.4038048848,False,False,False,False
2025-05-01 17:00:00+00:00,2.67,2.68,2.64,2.64,145712.0,,,3.005664963303047,3.644019513938516,3.9980317008090505,4.08107777616166,4.30982656130052,,,,2.6499840196142816,2.756002674401898,3.0485012846318926,3.775557997365553,3.8243958310224326,3.897910143120958,3.97577822618345,4.037971873287716,4.370153793643799,4.290750706430566,3.644019513938516,3.807724103102559,3.662700654970255,"rgba(239, 83, 80, 1.0)",0.27966901286475043,3.232223694913076,-2.1175878187101067,35.08385511850972,-10.723925368968466,False,True,False,True,False,0.0,0.0,0.0,0.0,0.0,0,0.8296917090691411,0.9419335528284942,False,False,False,False,-0.3249186720383287,-0.32379915205546916,False,False,False,False,1839256.0,3238620.0005176463,False,False,False,False,154630.94793194084,False,False,False,False
2025-05-02 17:00:00+00:00,2.685,2.7,2.665,2.675,90939.0,,,3.001585172505331,3.639877378327668,3.9942630830419703,4.0773744585766325,4.306065968272645,,,,2.6581425965390504,2.7529786593267134,3.0444302156921044,3.7714924112270656,3.8204734846357686,3.8941006524938913,3.9720071474202507,4.034236306960702,4.366586115288016,4.287563989324997,3.639877378327668,3.8038332121448493,3.6602011578908558,"rgba(239, 83, 80, 1.0)",0.2785986166318425,3.2291784704949045,-1.9891644732293503,36.49490695473591,-10.723925368968466,False,True,False,True,False,0.0,0.0,0.0,0.0,0.0,0,0.8306354916067148,0.9361510791366906,False,False,False,False,-0.31876634759434463,-0.3212827498249069,False,False,False,False,1930195.0,3218334.341594892,False,False,False,False,153643.4758709805,False,False,False,False
2025-05-05 17:00:00+00:00,2.635,2.67,2.635,2.64,25275.0,,,3.000359476518536,3.638694682237944,3.993194336737399,4.076325410236678,4.3050035586337705,,,,2.6574536097849264,2.7518340965452226,3.0432177194463863,3.770335174114555,3.819357966339504,3.8930185903649246,3.970937339646855,4.03317752244764,4.365578643721283,4.286663128916435,3.638694682237944,3.8027154928728657,3.659157379132773,"rgba(239, 83, 80, 1.0)",0.2777407566921265,3.2280472731525345,-2.1172523620808748,36.016578373593994,-10.723925368968466,False,True,False,True,False,0.0,0.0,0.0,0.0,0.0,0,0.8214723926380368,0.957055214723926,False,False,False,False,-0.32697471882824497,-0.32412873432657596,False,False,False,False,1904920.0,3197971.328546909,False,False,False,False,151653.26694274825,False,False,False,False
2025-05-06 17:00:00+00:00,2.685,2.69,2.66,2.68,83287.0,,,2.99670032791457,3.6349282402870964,3.9897584931392305,4.072947798711197,4.301571998344349,,,,2.661064710444344,2.749219177281148,3.039557217074067,3.7666345002101433,3.8157856304091964,3.889547073343691,3.967499537782064,4.029771149920912,4.362321773016663,4.2837527962032995,3.6349282402870964,3.799181371679289,3.6565153565685526,"rgba(239, 83, 80, 0.5)",0.2760067566740292,3.225088227101093,-1.974908997408551,38.34292452939286,-10.723925368968466,False,False,False,True,True,0.0,0.0,0.0,0.0,0.0,0,0.8323970037453184,0.9394506866416975,False,False,False,False,-0.32081450875470613,-0.322471621540641,False,False,False,False,1988207.0,3179215.2924454063,False,False,False,False,150593.32481960487,False,False,False,False
2025-05-07 17:00:00+00:00,2.695,2.72,2.67,2.71,156204.0,,,2.990540499631728,3.628113340001727,3.9834763734677265,4.066762005953431,4.295266845163002,,,,2.6712123368544467,2.746204584959098,3.0333144759069026,3.7599081684810027,3.8092816364926043,3.8832136552619567,3.96121663478913,4.023537819410356,4.35633137522492,4.278401608734456,3.628113340001727,3.7928318128435228,3.6522622296114875,"rgba(239, 83, 80, 0.5)",0.27528890639102943,3.220442127569159,-1.8542052212017228,41.66987338736338,-12.210177265089982,True,False,False,True,True,0.0,0.0,0.0,0.0,0.0,0,0.8365746549560855,0.9319322459222081,False,False,False,False,-0.31535847728698296,-0.318915049413812,False,False,False,False,2144411.0,3163171.815043152,False,False,False,False,150680.312031704,False,False,False,False
2025-05-08 17:00:00+00:00,2.755,2.755,2.69,2.69,192085.0,,,2.9835980737760868,3.619971656261142,3.975904074600967,4.0592955765897605,4.287637300901096,,,,2.6810309544086466,2.743785478345678,3.0262034044535797,3.7518419406920707,3.801469879099495,3.8755931568241135,3.9536460707120438,4.016019175313374,4.349075347077237,4.271918864682254,3.619971656261142,3.78528133642581,3.6470584271608493,"rgba(239, 83, 80, 0.5)",0.2738975115747381,3.2151042492894453,-1.917155969290947,42.83261633628766,-11.10046460289476,True,False,False,True,True,0.0,0.0,0.0,0.0,0.0,1,0.8284800000000001,0.9503999999999997,False,False,False,False,-0.3078859310634369,-0.3134004902386245,False,False,False,False,1952326.0,3144399.0117091495,False,False,False,False,151322.2451784993,False,False,False,False
2025-05-09 17:00:00+00:00,2.715,2.775,2.715,2.735,119176.0,,,2.9799181864871267,3.6151570529340966,3.9713615391409496,4.054806578056899,4.283029927499412,,,,2.6889667522514507,2.7436972369769825,3.0223533085970096,3.7470420347672455,3.7968107382303913,3.8710353620651134,3.9491073259483347,4.011503822102398,4.344687453434901,4.268000469613242,3.6151570529340966,3.780854656823697,3.644320450398707,"rgba(239, 83, 80, 0.5)",0.27138281196608144,3.212466457236461,-1.7593835577771855,46.20793204780527,-7.939296608468204,True,False,False,True,True,0.0,0.0,0.0,0.0,0.0,0,0.8152558738332799,0.9462504023173477,False,False,False,False,-0.3017967633785496,-0.3075986268085871,False,False,False,False,2071502.0,3127764.949512108,False,False,False,False,150823.853780383,False,False,False,False
2025-05-12 17:00:00+00:00,2.755,2.785,2.72,2.74,86580.0,,,2.9773870913827256,3.6117187144414853,3.9681001305921293,4.051580966473734,4.279714311736781,,,,2.6941212568535073,2.743833386473463,3.019685861327422,3.7436063997567266,3.7934727590960216,3.867766498385732,3.9458493293895454,4.008260602155141,4.341527887862477,4.265178740578665,3.6117187144414853,3.777700242925371,3.64233027218787,#000000,0.2714836613469865,3.2106158121345723,-1.7334958936371216,48.73206235185721,-5.638744727508801,True,False,False,False,True,0.0,0.0,0.0,0.0,0.0,0,0.8052287581699347,0.9607843137254899,False,False,False,False,-0.29977187921122633,-0.3036852530099067,False,False,False,False,2158082.0,3112731.105333626,False,False,False,False,149827.82503960188,False,False,False,False
2025-05-13 17:00:00+00:00,2.755,2.765,2.74,2.74,60124.0,,,2.9756617212739584,3.609347023014599,3.9658455159016013,4.04935035048149,4.277420255157982,,,,2.6972040533357546,2.7439233224656374,3.01786384676619,3.741234455534165,3.791167233398958,3.865507668438105,3.943597251315695,4.0060181842828735,4.339341129842438,4.263225396231527,3.609347023014599,3.7755249731659264,3.640908254161134,#000000,0.27076539827106366,3.209313903523327,-1.7332861086389482,50.414815887891834,-4.09252445268222,True,False,False,False,True,0.0,0.0,0.0,0.0,0.0,0,0.8068031704095115,0.9521136063408188,False,False,False,False,-0.29977187921122633,-0.30172856611056653,False,False,False,False,2158082.0,3097930.3440106236,False,False,False,False,148437.06806224372,False,False,False,False
2025-05-14 17:00:00+00:00,2.765,2.77,2.735,2.74,79824.0,,,2.973410788806546,3.606218292434995,3.9628650099613223,4.046400631139304,4.274385135810782,,,,2.7007932278393074,2.7440373153789825,3.0154823109980784,3.738102743160247,3.788121959086911,3.862522766805902,3.9406203218551092,4.003053328930254,4.3364471256720725,4.260639786849119,3.606218292434995,3.77265597163059,3.638982088657598,"rgba(38, 166, 154, 1.0)",0.2709992021529849,3.2075717424210928,-1.7253620627161044,51.53665157858158,-2.989960004611632,True,False,True,False,True,0.0,0.0,0.0,0.0,0.0,0,0.8095554080955543,0.9422694094226938,False,False,False,False,-0.29977187921122667,-0.30075022266089657,False,False,False,False,2158082.0,3083359.05185542,False,False,False,False,147373.29956515465,False,False,False,False
2025-05-15 17:00:00+00:00,2.735,2.815,2.735,2.805,71628.0,,,2.9717514990649954,3.603549269694595,3.960283293301601,4.043839584731408,4.2717370801424215,,,,2.7057831287424903,2.7449658918811033,3.01366927543095,3.7354128347200612,3.7855002902257615,3.859945585974707,3.9380434090088037,4.000482165930416,4.33391896378394,4.2583832299662,3.603549269694595,3.7702321453870042,3.637610477566443,"rgba(38, 166, 154, 1.0)",0.27107488742888264,3.2064421856345775,-1.4809272428081224,56.048960600600175,1.2398489832565716,True,False,True,False,True,0.0,0.0,0.0,0.0,0.0,0,0.8153078202995009,0.9321131447587352,False,False,False,False,-0.29371144993848636,-0.2972308362996915,False,False,False,False,2229710.0,3070124.182834406,False,False,False,False,146198.9538354623,False,False,False,False
2025-05-16 17:00:00+00:00,2.955,2.975,2.91,2.95,109380.0,,,2.971396507507922,3.6002969971612178,3.9568963791199345,4.040443258609081,4.268144697986596,,,,2.7256335698798453,2.7516587094163922,3.0128541948993273,3.732020964916257,3.782159207334974,3.85661603638332,3.9346733962103606,3.9970908235784197,4.33047133466827,4.255323384348775,3.6002969971612178,3.7674355680769502,3.637850162163594,"rgba(38, 166, 154, 1.0)",0.2706965156842444,3.207485216883431,-0.9511951649343574,63.48249067336299,7.941590491580591,True,False,True,False,True,0.0,0.0,0.0,0.0,0.0,0,0.8250661375661377,0.9219576719576719,False,False,False,False,-0.2492159275314989,-0.2732233819155952,False,False,False,False,2339090.0,3058790.3195346477,False,False,False,False,145628.11734188924,False,False,False,False
2025-05-19 17:00:00+00:00,2.865,2.915,2.865,2.905,35916.0,,,2.9710650672956955,3.5991551261490273,3.9557344659429674,4.0392819218575395,4.266924927686982,,,,2.730125992393191,2.7532163992175214,3.012396639416316,3.7308431961162727,3.781002737018564,3.8554683497502413,3.933516147742421,3.9959292941819107,4.329302281225816,4.254283540444579,3.5991551261490273,3.7664323017864425,3.637608457750683,"rgba(38, 166, 154, 1.0)",0.27050065361028314,3.2074814740116286,-1.1182282555495087,65.37829213605272,9.401103134031821,True,False,True,False,True,0.0,0.0,0.0,0.0,0.0,0,0.8149632598530394,0.9365397461589843,False,False,False,False,-0.26305084381964255,-0.2681371128676189,False,False,False,False,2303174.0,3047075.337836436,False,False,False,False,143927.15428232506,False,False,False,False
2025-05-20 17:00:00+00:00,2.935,3.025,2.93,3.015,166522.0,,,2.9714384292606417,3.5946166633408896,3.950859907686445,4.03437257515312,4.261687406701455,,,,2.758585505980644,2.7645742670807727,3.0120006192703963,3.7260413352818924,3.776250723805875,3.8507055765797498,3.928671891007914,3.99103773935693,4.324264198098124,4.249818579639527,3.5946166633408896,3.7625949964285104,3.6381950436101818,"rgba(38, 166, 154, 1.0)",0.26958175814455826,3.209609068477427,-0.7218925709842413,69.14642253197692,12.7522832054918,True,False,True,False,True,0.0,0.0,0.0,0.0,0.0,0,0.8139767054908487,0.925124792013311,False,False,False,False,-0.24004461455878856,-0.2540908637132037,False,False,False,False,2469696.0,3038123.720195561,False,False,False,False,144277.4619678704,False,False,False,False
2025-05-21 17:00:00+00:00,3.015,3.04,2.92,2.93,90741.0,,,2.971352267434534,3.592064094114181,3.9481511797507376,4.031648851809352,4.258791957831069,,,,2.770115868239132,2.7696371535551085,3.011536169284125,3.7233569656813907,3.77359820417693,3.848052522528975,3.9259786447994878,3.98832173561481,4.32148022261453,4.247347567108981,3.592064094114181,3.7604016701879743,3.637942505360347,"rgba(38, 166, 154, 1.0)",0.26895555411643174,3.210178003486835,-1.041726036880966,67.19027239427987,12.7522832054918,True,False,True,False,True,0.0,0.0,0.0,0.0,0.0,0,0.8098568098568099,0.9317349317349315,False,False,False,False,-0.23939105167151306,-0.24674095769235838,False,False,False,False,2378955.0,3027904.05011501,False,False,False,False,143447.43930170184,False,False,False,False
2025-05-22 17:00:00+00:00,3.145,3.27,3.105,3.23,147756.0,,,2.975271184351542,3.5895105012015245,3.944831902376221,4.028226116857,4.254967088718235,,,,2.8063647133796343,2.786843011000778,3.0144455346094077,3.720384228429555,3.7705754945486785,3.844920935400147,3.922703012645242,3.9849510118980684,4.317762539153817,4.244087288635089,3.5895105012015245,3.7585613587009044,3.641303776970042,"rgba(38, 166, 154, 1.0)",0.2702188802493823,3.215776104525346,0.052638422087778504,70.90132605473225,14.061130697873452,True,False,True,False,True,1.8060837139249557,0.0,0.0,0.0,0.0,0,0.8056761268781303,0.929549248747913,False,False,False,False,-0.18578474749825682,-0.2162628525953076,False,False,False,False,2526711.0,3020133.615229506,False,False,False,False,143514.23869237312,False,False,False,False
2025-05-23 17:00:00+00:00,3.195,3.265,3.185,3.235,101302.0,,,2.9781893365846672,3.5878980200608934,3.9426542477429622,4.025970927526452,4.252426686072729,,,,2.8293419932547503,2.7985773263335814,3.016666147740714,3.7184693848347457,3.7686177872955304,3.84287966667952,3.9205567215623716,3.9827347850031307,4.3152884735945305,4.2419206345703655,3.5878980200608934,3.75742784359754,3.6435052920869238,"rgba(38, 166, 154, 1.0)",0.2714641648409225,3.2196026949856917,0.05671947538022534,73.43044587250989,16.457756983663657,True,False,True,False,True,1.9173268674918447,0.0,0.0,0.0,0.0,0,0.8076923076923078,0.9342105263157892,False,False,False,False,-0.1762169603080043,-0.19623990645165595,False,False,False,False,2628013.0,3014054.225846103,False,False,False,False,142859.78537931305,False,False,False,False
2025-05-26 17:00:00+00:00,3.235,3.235,3.235,3.235,0.0,,,2.9781893365846672,3.5878980200608934,3.9426542477429622,4.025970927526452,4.252426686072729,,,,2.8293419932547503,2.7985773263335814,3.016666147740714,3.7184693848347457,3.7686177872955304,3.84287966667952,3.9205567215623716,3.9827347850031307,4.3152884735945305,4.2419206345703655,3.5878980200608934,3.75742784359754,3.6435052920869238,"rgba(38, 166, 154, 1.0)",0.2721026237246245,3.2196026949856917,0.05658638936863263,75.11652575102832,18.169340569412142,True,False,True,False,True,1.9173268674918447,0.0,0.0,0.0,0.0,0,0.8064295485636116,0.9387824897400819,False,False,False,False,-0.17367100414113118,-0.18495545529639357,False,False,False,False,2628013.0,3008069.090561667,False,False,False,False,140644.9049858353,False,False,False,False
2025-05-27 17:00:00+00:00,3.975,4.075,3.9,4.01,487874.0,,3.9949999999999997,3.031687351754772,3.596466984014493,3.9434093989454553,4.025556032859634,4.249394993006898,,,,3.0715204006964063,2.9343461052598285,3.0632541424817816,3.7235567392974405,3.7724867977710317,3.8452669973681166,3.921648653621304,3.982905400657808,4.31182334766148,4.2394098502196185,3.596466984014493,3.806919126763542,3.686621843503481,"rgba(38, 166, 154, 1.0)",0.29497317025647934,3.292518154831366,2.432363067274163,80.53769724688588,23.34260469557583,True,False,True,False,True,16.31267489730739,0.0,0.0,0.0,0.0,0,0.8085381630012937,0.9298188874514876,False,True,False,False,0.013892368167199529,-0.08553154356459702,False,False,False,False,3115887.0,3009740.686056835,False,True,False,False,146028.30180776035,False,True,False,False
2025-05-28 17:00:00+00:00,3.535,3.625,3.45,3.45,239630.0,,3.834698567522194,3.04369468118482,3.5955651357762086,3.9403482481275587,4.022175022583338,4.24513298179261,,,,3.111968058735449,2.964649759547718,3.073426387076882,3.721629369378181,3.77028783947787,3.8426896770731056,3.9186922243931144,3.9796849089269886,4.307576271643431,4.23577668855107,3.5955651357762086,3.780269106164455,3.6926381184803816,"rgba(38, 166, 154, 0.75)",0.29396347140845464,3.2939403508224743,0.5308810935923568,74.17381771168724,23.34260469557583,True,False,True,False,False,4.732773414502027,0.0,0.0,0.0,0.0,0,0.8008780181875197,0.9363436814048288,False,False,False,False,-0.09754866305797465,-0.09154010331128584,False,False,False,False,2876257.0,3007671.171544326,False,False,False,False,147479.49092701988,False,False,False,False
2025-05-29 17:00:00+00:00,3.365,3.435,3.365,3.41,59527.0,,3.802072307189932,3.045931240340691,3.5950777338965367,3.9394112897644233,4.021171755335277,4.243932040523444,,,,3.118519425207556,2.9703285813947624,3.075288838979131,3.7209228654770468,3.7695305733069437,3.8418564003702103,3.9177781162892242,3.978714960119135,4.3063905094293755,4.234750295795008,3.5950777338965367,3.774599394508384,3.6934080566368395,"rgba(38, 166, 154, 0.75)",0.292472374917832,3.2938538797858414,0.39711825859378724,69.40590851156318,27.60158022974771,True,False,True,False,False,4.002541598090193,0.0,0.0,0.0,0.0,0,0.7944688874921434,0.9516027655562538,False,False,False,False,-0.13195801540467245,-0.11174905935797914,False,False,False,False,2816730.0,3004710.843303329,False,False,False,False,146115.88641652346,False,False,False,False
2025-05-30 17:00:00+00:00,3.335,3.595,3.33,3.55,164567.0,,3.7483915249226385,3.0534650860929906,3.594357913505933,3.9372619588054936,4.018809135561262,4.240976728437718,,,,3.1403574049595377,2.988341507503055,3.081687428153817,3.7195246428491235,3.767954317999331,3.8400298429206634,3.9156988249867384,3.976459442496074,4.3034475784786705,4.232225957947687,3.594357913505933,3.7655437245543393,3.69657269482947,"rgba(38, 166, 154, 0.75)",0.2922076270347578,3.297197842576636,0.8651456499911726,67.45428391070784,25.833025107484403,True,False,True,False,False,6.251237529729025,0.0,0.0,0.0,0.0,0,0.8048245614035089,0.9407894736842103,False,False,False,False,-0.11628370893784709,-0.11401638414791312,False,False,False,False,2981297.0,3004347.8379807966,False,False,False,False,146401.95019301146,False,False,False,False
2025-06-02 17:00:00+00:00,3.505,3.555,3.44,3.445,106801.0,,3.7213086542346816,3.0580930379299325,3.5938436349147365,3.9358418563363036,4.0172534012256,4.239041508317346,,,,3.1527853005432656,2.999124274880494,3.0856206044738057,3.7185803158320225,3.7668980973359476,3.838815242640152,3.9143233967837903,3.974971838774065,4.301521733743142,4.230571200864187,3.5938436349147365,3.7608970154930996,3.698321200587087,"rgba(38, 166, 154, 0.75)",0.2894231603824278,3.2994752382345776,0.5028096631006789,64.63149091585976,23.074526230548955,True,False,True,False,False,4.328360123254868,0.0,0.0,0.0,0.0,0,0.8119711689125667,0.9451582575994985,False,False,False,False,-0.1075313644420762,-0.11077387429499466,False,False,False,False,2874496.0,3002334.631190397,False,False,False,False,145787.98197296477,False,False,False,False
2025-06-03 17:00:00+00:00,3.39,3.4,3.315,3.325,292536.0,,3.640182420570444,3.06642171535,3.590835984799672,3.93087222361649,4.0119915537532185,4.232868517268226,,,,3.1704470491652517,3.0188186947259505,3.0924952469337867,3.714606995265432,3.762718042049422,3.834309146978154,3.9094570594451152,3.969857043921499,4.2954438339117145,4.225277171765913,3.590835984799672,3.7455287358930085,3.699343028416224,"rgba(38, 166, 154, 0.75)",0.28025813390802484,3.30051272834872,0.0873739909340741,61.087223553284865,19.588112427108086,True,False,True,False,False,2.1978066211887004,0.0,0.0,0.0,0.0,0,0.7948801036941024,0.9906027219701878,False,False,False,False,-0.08828152799383102,-0.09952770114441284,False,False,False,False,2581960.0,2995817.19504791,False,False,False,False,148063.14504315137,False,False,False,False
2025-06-04 17:00:00+00:00,3.335,3.435,3.335,3.4,224197.0,,3.6045726125387163,3.073424127858182,3.5889804030348387,3.927398249575821,4.008273510694826,4.228423614050534,,,,3.184774823851607,3.034267995357534,3.0983809631590904,3.711970794718293,3.7598981909280775,3.8312131317899496,3.9060664906663844,3.9662618038368005,4.291048269823996,4.221460602784303,3.5889804030348387,3.7385120862921526,3.700534306691604,"rgba(38, 166, 154, 0.75)",0.2757485634962711,3.303433845231619,0.35019640191049184,59.58480062625374,17.932922515672914,True,False,True,False,False,3.42379562250089,0.0,0.0,0.0,0.0,0,0.812102975593447,0.9632230023403542,False,False,False,False,-0.06809501871218145,-0.08381135992829714,False,False,False,False,2806157.0,2992876.726907632,False,False,False,False,149243.5148874436,False,False,False,False
2025-06-05 17:00:00+00:00,3.425,3.485,3.385,3.405,175006.0,,3.586616151602521,3.0792644328022463,3.5878062283233936,3.9248919603700365,4.005564544541054,4.225129898295213,,,,3.1964188461146805,3.046563295178834,3.10334819628628,3.710163050568428,3.757932005594809,3.829015580180617,3.903627871223477,3.963654806180156,4.287778812191915,4.218629968875739,3.5878062283233936,3.7348788693224115,3.7017132432394937,"rgba(38, 166, 154, 0.75)",0.27376416825400396,3.3066144828613853,0.3593805492007649,58.643840667799935,16.654362807469127,True,False,True,False,False,3.5056979429287622,0.0,0.0,0.0,0.0,0,0.8248987854251012,0.9585020242914979,False,False,False,False,-0.02539008667668508,-0.054600723302491105,False,False,False,False,2981163.0,2992695.1187385214,False,False,False,False,149642.9332612817,False,False,False,False
2025-06-06 17:00:00+00:00,3.445,3.465,3.39,3.41,97448.0,,3.5779161520311726,3.0824025873826737,3.5871464384009073,3.9234979666951095,4.004058400460355,4.22329995656601,,,,3.2023385344004804,3.0530226233599973,3.1060211574936463,3.709154636416507,3.7568362938958875,3.8277921888495414,3.902271286698898,3.962205100532207,4.285961976039473,4.217055916731045,3.5871464384009073,3.733053583589371,3.7022659714417685,"rgba(38, 166, 154, 0.75)",0.2733216598254088,3.3083226049429646,0.3720063573519369,58.084166434920974,15.614171272451301,True,False,True,False,False,3.5890787514230844,0.0,0.0,0.0,0.0,0,0.8313008130081302,0.9481707317073169,False,False,False,False,-0.022188531844116646,-0.03839462757330388,False,False,False,False,3078611.0,2994027.147905366,False,False,False,False,148833.70948978895,False,False,False,False
2025-06-09 17:00:00+00:00,3.325,3.375,3.325,3.355,212440.0,,3.5545841937593665,3.0876771658843514,3.5851252544813375,3.9200654328328266,4.000410305809507,4.218993526369644,,,,3.210430385409097,3.0638282151039866,3.1104371130357196,3.7064511355056484,3.7539784381905914,3.8246951298910123,3.8989132825796338,3.958665605213822,4.281708855937681,4.213345781658964,3.5851252544813375,3.7278093131895056,3.7022453942526155,"rgba(38, 166, 154, 0.5)",0.2733216598254088,3.310176311796323,0.1639961071226812,56.6689109250227,13.73171004667278,False,False,True,False,False,2.573589875561293,0.0,0.0,0.0,0.0,0,0.8302783435166329,0.9511201629327902,False,False,False,False,-0.040733706397493886,-0.039564166985398885,False,False,False,False,2866171.0,2992044.882046368,False,False,False,False,149819.85352870694,False,False,False,False
2025-06-10 17:00:00+00:00,3.36,3.38,3.295,3.35,95378.0,,3.5451624575562937,3.089891454507137,3.584190669335437,3.918510837591783,3.998760635918238,4.217051770288377,,,,3.2135473563633425,3.068269419431406,3.112288426664671,3.705216777073001,3.7526768669790216,3.8232886089759175,3.897391638066976,3.957063851433222,4.27979152957822,4.211671179491894,3.584190669335437,3.7255946375328777,3.7021205654057674,"rgba(38, 166, 154, 0.5)",0.2743508800886051,3.3109097653266053,0.14248262903610917,55.62523667915553,12.210879602362958,False,False,True,False,False,2.48071722425777,0.0,0.0,0.0,0.0,0,0.832032575500509,0.9460468272819815,False,False,False,False,-0.02797341453724937,-0.03376879076132413,False,False,False,False,2770793.0,2988614.6203092146,False,False,False,False,148975.79378407582,False,False,False,False
2025-06-11 17:00:00+00:00,3.325,3.34,3.285,3.3,76800.0,,3.5370142431725173,3.0914142070008124,3.5833406066273024,3.9171931262611492,3.997371205779196,4.2154351712956375,,,,3.2153260807682207,3.0713200810822245,3.1135442090049024,3.704138329024407,3.7515502623042982,3.8220840199689006,3.8960992790028626,3.955710589743733,4.278198685918029,4.210275945903756,3.5833406066273024,3.7236280933561026,3.7018247482721334,"rgba(38, 166, 154, 0.5)",0.2746630531993329,3.311207680357964,-0.040805198323600377,53.875036696209605,10.066893933780037,False,False,True,False,False,1.5455956317979123,0.0,0.0,0.0,0.0,0,0.8358921869669055,0.9450699419993175,False,False,False,False,-0.038154114546421466,-0.035961452653872794,False,False,False,False,2693993.0,2984046.843250157,False,False,False,False,147856.78922928392,False,False,False,False
2025-06-12 17:00:00+00:00,3.095,3.15,3.09,3.15,95906.0,,3.520247377343281,3.0917472046374925,3.5816027754402917,3.9150759339379184,3.9951969117322457,4.213029159942742,,,,3.213372321612537,3.072236730953839,3.1136747966127527,3.7021967004548237,3.749588526090971,3.8200682267815327,3.8940061003630757,3.953565230531263,4.27585250061828,4.208196349145062,3.5816027754402917,3.719483227172329,3.7002757483164137,#000000,0.2738687954424598,3.3096476428286214,-0.5829347683466324,49.91653265429524,6.004543167746611,False,True,False,False,False,0.0,0.0,0.0,0.0,0.0,0,0.8403964456596036,0.9446343130553655,False,False,False,False,-0.11697126527956835,-0.07646635896672058,False,False,False,False,2598087.0,2978062.9697113945,False,False,False,False,147051.35063658183,False,False,False,False
2025-06-13 17:00:00+00:00,3.195,3.23,3.145,3.16,36989.0,,3.5149000077093318,3.092034445177081,3.581007437611961,3.9143125001960994,3.9944079245560133,4.212145343315342,,,,3.2130655966476316,3.0728721110260575,3.1138720882630384,3.7015143171777707,3.748893992922563,3.8193481446599935,3.8932527358888893,3.952789169932518,4.274988245292817,4.207432287542453,3.581007437611961,3.7181346097609715,3.699802868935373,"rgba(239, 83, 80, 1.0)",0.27215592377685555,3.309271812183612,-0.5484790120019659,47.515634912461614,3.5337528761220938,False,True,False,True,False,0.0,0.0,0.0,0.0,0.0,0,0.8355172413793104,0.9472413793103448,False,False,False,False,-0.08541842476007067,-0.08094239186339562,False,False,False,False,2635076.0,2972745.3422740083,False,False,False,False,145344.95760345654,False,False,False,False
2025-06-16 17:00:00+00:00,3.175,3.175,3.11,3.135,57927.0,,3.5059373169472114,3.0922823499600964,3.579990206530973,3.9130579845414104,3.993117484896375,4.210713053134607,,,,3.2120774858521557,3.073495830686059,3.1139963466320397,3.7003711898922855,3.7477368504145967,3.818156450754476,3.8920130134897026,3.951516927047267,4.273590286038556,4.20619350979778,3.579990206530973,3.7158497326684454,3.698914789060492,"rgba(239, 83, 80, 1.0)",0.2726488352943657,3.308453755462523,-0.63618007124532,45.43837536901469,1.3787633366072782,False,True,False,True,False,0.0,0.0,0.0,0.0,0.0,0,0.8406052076002815,0.9574243490499647,False,False,False,False,-0.10017452101426706,-0.09055845643883134,False,False,False,False,2577149.0,2966612.065649605,False,False,False,False,143989.64043130993,False,False,False,False
2025-06-17 17:00:00+00:00,3.075,3.08,3.005,3.005,97046.0,,3.4876093434367488,3.0917476959934755,3.5778730632133593,3.910667596353939,3.990686676073997,4.208076433865562,,,,3.208043671990862,3.0728291430050065,3.113332402626344,3.698092595534014,3.745458993145753,3.81584700943522,3.8896427406903884,3.9491067182597224,4.271029449608548,4.20391114590742,3.5778730632133593,3.7111101348228472,3.6967293870203277,"rgba(239, 83, 80, 1.0)",0.27238229956644366,3.305971655920896,-1.104960404548895,41.79980843302915,-2.1833096219668704,False,True,False,True,False,0.0,0.0,0.0,0.0,0.0,0,0.8359732488560366,0.9422738472368882,False,False,False,False,-0.1428426502029218,-0.11670055332087657,False,False,False,False,2480103.0,2959069.289437983,False,False,False,False,143261.8320525299,False,False,False,False
2025-06-18 17:00:00+00:00,3.045,3.06,3.015,3.02,53906.0,,3.478060681430326,3.091462568765175,3.5767076393132036,3.9093478955240464,3.9893440649474505,4.206619020391993,,,,3.2058995514335926,3.072481643791652,3.112975403020816,3.6968367279887078,3.7442028831436316,3.8145727330849843,3.888334293096115,3.9477757796641693,4.269613440789259,4.202648981548128,3.5767076393132036,3.708590311728699,3.695534143756106,"rgba(239, 83, 80, 1.0)",0.27230497608377774,3.304650435820965,-1.0453368862910137,39.82843252632972,-4.149267070253224,False,True,False,True,False,0.0,0.0,0.0,0.0,0.0,0,0.8271474019088018,0.950512548603747,False,False,False,False,-0.13580371825077397,-0.12625213578582528,False,False,False,False,2534009.0,2952479.207431193,False,False,False,False,141876.47031528136,False,False,False,False
2025-06-19 17:00:00+00:00,3.02,3.02,3.02,3.02,0.0,,3.478060681430326,3.091462568765175,3.5767076393132036,3.9093478955240464,3.9893440649474505,4.206619020391993,,,,3.2058995514335926,3.072481643791652,3.112975403020816,3.6968367279887078,3.7442028831436316,3.8145727330849843,3.888334293096115,3.9477757796641693,4.269613440789259,4.202648981548128,3.5767076393132036,3.708590311728699,3.695534143756106,"rgba(239, 83, 80, 1.0)",0.27230497608377774,3.304650435820965,-1.0453368862910137,38.51418192186344,-5.569516817025189,False,True,False,True,False,0.0,0.0,0.0,0.0,0.0,0,0.8311364446027788,0.9515496971856074,False,False,False,False,-0.1436681957205365,-0.13496016575318087,False,False,False,False,2534009.0,2945991.297238461,False,False,False,False,139676.83511659483,False,False,False,False
2025-06-20 17:00:00+00:00,3.005,3.02,2.99,3.01,59369.0,,3.4674330690182495,3.091021674121397,3.5753712392563934,3.907857760325775,3.9878312456295206,4.204984017094253,,,,3.203267375330035,3.0718753537779766,3.1124660328031517,3.695407273715503,3.7427762218422647,3.8131294396935878,3.8868559342933113,3.9462745414934157,4.26802625032398,4.201232436438277,3.5753712392563934,3.705749834240932,3.69413108597115,"rgba(239, 83, 80, 1.0)",0.27214281491837783,3.303072427657143,-1.0769067254082842,37.43154392019322,-6.8483825200484745,False,True,False,True,False,0.0,0.0,0.0,0.0,0.0,0,0.8300676879230496,0.9526184538653366,False,False,False,False,-0.15042321728138303,-0.14269169151728195,False,False,False,False,2474640.0,2938683.5251882523,False,False,False,False,138431.75240160886,False,False,False,False
2025-06-23 17:00:00+00:00,2.935,3.01,2.935,3.0,36512.0,,3.4607899081312286,3.090673105732043,3.5745164658951554,3.906918411139916,3.986879523828065,4.203959767312037,,,,3.2014813545154808,3.0713671634240733,3.1120817346884713,3.694499290944514,3.74187185579617,3.812216934037274,3.8859234476488633,3.9453291526752006,4.267032798664872,4.20034472762169,3.5745164658951554,3.703956197006408,3.6932148460016605,"rgba(239, 83, 80, 1.0)",0.2721632062031853,3.302024340523445,-1.1097177489082286,36.485862964328334,-8.053884051583175,False,True,False,True,False,0.0,0.0,0.0,0.0,0.0,0,0.8267186392629341,0.9518072289156627,False,False,False,False,-0.1651068199430087,-0.15389925573014532,False,False,False,False,2438128.0,2930922.9744101395,False,False,False,False,136851.60120158392,False,False,False,False
2025-06-24 17:00:00+00:00,3.025,3.03,3.005,3.005,32264.0,,3.4554471687632287,3.0904558790004844,3.5738034230731173,3.9061182896908915,3.9860664737568983,4.203079522136637,,,,3.2001508524358244,3.0710796982142927,3.111826023811422,3.6937344259403577,3.741107709660078,3.811442939527383,3.8851298489640644,3.94452269746628,4.266177802632593,4.199581729389992,3.5738034230731173,3.7024951260702093,3.6924753728042283,"rgba(239, 83, 80, 1.0)",0.27218829597992494,3.3012196542901955,-1.0882894623508832,36.08653350803653,-8.797975850038014,False,True,False,True,False,0.0,0.0,0.0,0.0,0.0,0,0.8339850693210097,0.9520085318165659,False,False,False,False,-0.1447931124609323,-0.1493461840955388,False,False,False,False,2470392.0,2923782.9593030056,False,False,False,False,135230.08800466015,False,False,False,False
2025-06-25 17:00:00+00:00,2.965,3.0,2.965,2.99,50292.0,,3.4468511797821186,3.0899961894687786,3.572639557761522,3.904834451252553,3.9847649882027616,4.201677405076111,,,,3.1978051189310177,3.0704201522047945,3.1113161546766057,3.69249609535247,3.7398735288343317,3.810196725693474,3.8838555795253598,3.9432302382240123,4.264817300167248,4.198365988123075,3.572639557761522,3.700127295257307,3.6912376881732385,"rgba(239, 83, 80, 1.0)",0.272188031192246,3.2998366785482416,-1.1383185263183162,35.413997823771126,-9.82852549053824,False,True,False,True,False,0.0,0.0,0.0,0.0,0.0,0,0.8360655737704917,0.9508196721311475,False,False,False,False,-0.16058155578318473,-0.15496386993936176,False,False,False,False,2420100.0,2915973.9211742766,False,False,False,False,133913.21842319253,False,False,False,False
2025-06-26 17:00:00+00:00,3.015,3.03,2.99,3.01,51329.0,,3.438853611456681,3.0896418666316685,3.5715067628589146,3.9035633381161188,3.983473280149786,4.200279037603625,,,,3.1957383069099565,3.0699513311707114,3.1109021410611017,3.691281187427337,3.7386596265410357,3.8089671012507686,3.882594818919083,3.9419490360585825,4.2634587869030405,4.197153199599863,3.5715067628589146,3.6978863161361324,3.690065553584147,"rgba(239, 83, 80, 1.0)",0.27182734981619283,3.298587098318748,-1.0616558580800952,36.048272407158365,-9.82852549053824,False,True,False,True,False,0.0,0.0,0.0,0.0,0.0,0,0.8428213390619407,0.9470103831006085,False,False,False,False,-0.1481700589892451,-0.15156696446430343,False,False,False,False,2471429.0,2909081.7518537454,False,False,False,False,132632.8429437632,False,False,False,False
2025-06-27 17:00:00+00:00,3.025,3.08,3.0,3.08,81000.0,,3.4280286846943784,3.089389846181946,3.5698656413800687,3.9016617006904153,3.9815322703517473,4.198159094441021,,,,3.193307427392873,3.0697503105157815,3.1105332876340936,3.6894941554283274,3.7368656474158795,3.807139180197755,3.8807110873240487,3.9400280456522423,4.2613948583755095,4.195314055098567,3.5698656413800687,3.694772872956596,3.688453805503508,"rgba(239, 83, 80, 0.75)",0.27199027870807896,3.2970261462687334,-0.7979187612865479,39.86556970349583,-9.82852549053824,False,True,False,True,True,0.0,0.0,0.0,0.0,0.0,0,0.8457122353785432,0.9411553641908862,False,False,False,False,-0.1346816054248993,-0.14312428494460136,False,False,False,False,2552429.0,2903552.251825005,False,False,False,False,131832.3337508366,False,False,False,False
2025-06-30 17:00:00+00:00,3.045,3.1,3.03,3.095,78582.0,,3.418667007949851,3.0892935948818425,3.568349783134833,3.899871854000699,3.9797007050012034,4.196148693714996,,,,3.191380101887273,3.0698112034202554,3.1103137803893146,3.6878287333151003,3.7351890593405246,3.8054249870376955,3.878939392586905,3.9382176662846,4.259435050188022,4.1935692009356575,3.568349783134833,3.6920052731139044,3.6870109175385344,"rgba(239, 83, 80, 0.75)",0.2722959108452601,3.2544687292159526,-0.5856449651444641,43.069969438014866,-11.4404161743578,False,True,False,True,True,0.0,0.0,0.0,0.0,0.0,0,0.8407711531595858,0.9400214209210995,False,False,False,False,-0.12347852470973672,-0.13330140482716904,False,False,False,False,2631011.0,2899326.806060276,False,False,False,False,131006.74718105618,False,False,False,False
2025-07-01 17:00:00+00:00,2.82,2.84,2.8,2.815,239208.0,,3.3738260733531638,3.083886615074348,3.5614208894242356,3.8927902823001808,3.972601682387027,4.188682056066144,,,2.8183333333333334,3.173754692875599,3.0612345972080894,3.1049245230165834,3.6807140068537847,3.728173308312574,3.7984395772677244,3.871887284543318,3.931128303854493,4.252224752432153,4.187079943132955,3.5614208894242356,3.6788679331008503,3.6007176657118736,"rgba(239, 83, 80, 1.0)",0.2728758751579737,3.1792154976385607,-1.3347295631308873,37.91980783792107,-7.151315170862119,False,True,False,True,False,0.0,0.0,0.0,0.0,0.0,0,0.8372666431842196,0.9468122578372665,False,False,False,False,-0.2350710005184533,-0.18418620267281116,False,False,False,False,2391803.0,2891458.219919807,False,False,False,False,132684.28598445066,False,False,False,False
2025-07-02 17:00:00+00:00,2.855,2.88,2.83,2.875,162150.0,,3.3491442168120398,3.080920839625384,3.5570660846886004,3.8882339401136714,3.968017487687386,4.1838251598227245,,,2.8358401476985637,3.164069613302316,3.0567251653658825,3.101918562773799,3.6761960826056197,3.723701950117884,3.793967270082873,3.8673544560863027,3.926558676014171,4.247524528957774,4.182854001522434,3.5570660846886004,3.671201288124968,3.5978827685934203,"rgba(239, 83, 80, 1.0)",0.27299514895202465,3.174937814028393,-1.0986928345789149,36.80862506677569,-8.080700262081379,False,True,False,True,False,0.0,0.0,0.0,0.0,0.0,0,0.834271639690359,0.9433497536945813,False,False,False,False,-0.21883670465408364,-0.20151145366344742,False,False,False,False,2553953.0,2886225.5808512825,False,False,False,False,133141.11875988555,False,False,False,False
2025-07-03 17:00:00+00:00,2.95,2.95,2.94,2.94,0.0,,3.3491442168120398,3.080920839625384,3.5570660846886004,3.8882339401136714,3.968017487687386,4.1838251598227245,,,2.8358401476985637,3.164069613302316,3.0567251653658825,3.101918562773799,3.6761960826056197,3.723701950117884,3.793967270082873,3.8673544560863027,3.926558676014171,4.247524528957774,4.182854001522434,3.5570660846886004,3.671201288124968,3.5978827685934203,"rgba(239, 83, 80, 1.0)",0.2730091738550113,3.174937814028393,-0.8605491555868485,38.35712153758509,-8.080700262081379,False,True,False,True,False,0.0,0.0,0.0,0.0,0.0,0,0.837389770723104,0.9460317460317459,False,False,False,False,-0.1775865087759938,-0.1895489812197206,False,False,False,False,2553953.0,2881074.067969867,False,False,False,False,131076.91536825942,False,False,False,False
2025-07-04 17:00:00+00:00,2.94,2.94,2.94,2.94,0.0,,3.3491442168120398,3.080920839625384,3.5570660846886004,3.8882339401136714,3.968017487687386,4.1838251598227245,,,2.8358401476985637,3.164069613302316,3.0567251653658825,3.101918562773799,3.6761960826056197,3.723701950117884,3.793967270082873,3.8673544560863027,3.926558676014171,4.247524528957774,4.182854001522434,3.5570660846886004,3.671201288124968,3.5978827685934203,"rgba(239, 83, 80, 0.75)",0.27289030235078693,3.174937814028393,-0.8609240123395525,39.389452518124685,-8.080700262081379,False,True,False,True,True,0.0,0.0,0.0,0.0,0.0,0,0.8330970942593906,0.946846208362863,False,False,False,False,-0.168045318295757,-0.1787971497577388,False,False,False,False,2553953.0,2876002.423505218,False,False,False,False,129044.71512999183,False,False,False,False
2025-07-07 17:00:00+00:00,2.865,2.885,2.85,2.87,162830.0,,3.326949992733315,3.078109400833074,3.5527886270699653,3.8837282837261524,3.963479493307864,4.179007953738002,,,2.845217988802787,3.155132017479957,3.0525452615180835,3.099055550282215,3.671745816447044,3.719292405829561,3.7895507833694637,3.862873272320555,3.922037496128396,4.242859012774327,4.17865864593698,3.5527886270699653,3.664010625234729,3.59445165917176,"rgba(239, 83, 80, 0.75)",0.2728126440228266,3.1708028641148145,-1.1025986907324052,38.34784190176839,-8.080700262081379,False,True,False,True,True,0.0,0.0,0.0,0.0,0.0,0,0.8338068181818183,0.9424715909090907,False,False,False,False,-0.20361168318031206,-0.19120441646902542,False,False,False,False,2391123.0,2868484.913063276,False,False,False,False,129568.5179961935,False,False,False,False
2025-07-08 17:00:00+00:00,2.905,2.93,2.88,2.915,184368.0,,3.306157436218788,3.0756046558939296,3.54828838811044,3.878873555991538,3.9585722767254965,4.1737611409584945,,,2.8607631849409625,3.146966239687968,3.049011144334024,3.0964449249640777,3.667013668093157,3.7145862875577422,3.7848156529965773,3.8580497626250785,3.9171572679525766,4.237766958722589,4.174084596560783,3.54828838811044,3.656876242316448,3.591514517130503,"rgba(239, 83, 80, 0.75)",0.27257530573638555,3.167946638548404,-0.9279880943911886,39.41721075747866,-8.080700262081379,False,True,False,True,True,0.0,0.0,0.0,0.0,0.0,0,0.835926449787836,0.9356435643564355,False,False,False,False,-0.18515734046864965,-0.18818087846883752,False,False,False,False,2575491.0,2863942.3717754735,False,False,False,False,130418.12236834553,False,False,False,False
2025-07-09 17:00:00+00:00,3.015,3.015,2.925,2.945,217556.0,,3.287084471112663,3.0736550557151454,3.543494117894255,3.873518130321833,3.9531311943006844,4.167883916630344,,,2.883485351594847,3.1400034825558722,3.046556322070129,3.094302577527845,3.6618918711800528,3.709465529913204,3.779629231588524,3.85273643882207,3.911759917081928,4.232047098890702,4.168955009273503,3.543494117894255,3.649794480995821,3.5891666209544253,"rgba(239, 83, 80, 0.75)",0.27247386848833005,3.166587689691107,-0.8132438201155346,41.27203224297379,-8.080700262081379,False,True,False,True,True,0.0,0.0,0.0,0.0,0.0,0,0.8420305289314876,0.9286474973375931,False,False,False,False,-0.15345544445303785,-0.1708181614609377,False,False,False,False,2793047.0,2862843.218724691,False,False,False,False,131769.09721534792,False,False,False,False
2025-07-10 17:00:00+00:00,3.035,3.06,3.01,3.015,200215.0,,3.274539625564989,3.072952431139362,3.539648390495119,3.8690008555980744,3.94850921859039,4.162821460210873,,,2.9083503668639534,3.1362709367552895,3.046096870647865,3.0933514688980526,3.6576861617504632,3.705228780806485,3.775297964770091,3.8482636835737045,3.907191156488483,4.227102152784501,4.164531066111616,3.539648390495119,3.6445786635998005,3.5881246008591363,"rgba(239, 83, 80, 0.75)",0.27254005408575793,3.167221464718917,-0.5585287829693422,44.95410750517712,-9.82154667521003,False,True,False,True,True,0.0,0.0,0.0,0.0,0.0,0,0.8528776978417266,0.916546762589928,False,False,False,False,-0.1220567717035871,-0.1464374665822624,False,False,False,False,2993262.0,2864865.2153336103,False,False,False,False,132830.27400270686,False,False,False,False
2025-07-11 17:00:00+00:00,3.33,3.39,3.28,3.33,405331.0,,3.2797945310648653,3.080875952106624,3.53657678475477,3.8632668328717124,3.9423472248911438,4.155427747092071,,,3.0179535825648247,3.1487605480852894,3.060046171241736,3.1001573695153857,3.6533849995786727,3.7006038986716723,3.7701991969078095,3.8426692894444527,3.9012451950827667,4.21973024694374,4.158055336479595,3.53657678475477,3.643048178796864,3.5975278031378135,"rgba(38, 166, 154, 0.5)",0.2755644003472247,3.185889500997458,0.5229648634618826,53.81425467590272,-1.7222521868434768,False,False,True,False,True,3.7094604543084984,0.0,0.0,0.0,0.0,0,0.8670953912111469,0.8960342979635583,False,False,False,False,0.02073903381513935,-0.06284921638356153,False,False,False,False,3398593.0,2873140.064708283,False,False,False,False,137055.09146002925,False,False,False,False
2025-07-14 17:00:00+00:00,3.295,3.335,3.27,3.3,187105.0,,3.280661178417716,3.0839344442044063,3.53497340131237,3.860505452663091,3.939398490806428,4.1519292536468395,,,3.0481362374198993,3.1531068713925587,3.0653439510638623,3.1027612992194507,3.651245124781423,3.698326841268475,3.767717284870947,3.839969642798991,3.8983911082678127,4.216248056550264,4.154986513918016,3.53497340131237,3.6419003701751422,3.599657539231973,"rgba(38, 166, 154, 1.0)",0.27799583573260855,3.191455600156197,0.390453330200984,58.734021861084,2.4400528376197457,True,False,True,False,True,3.0905649693174126,0.0,0.0,0.0,0.0,0,0.8627737226277373,0.9211678832116789,False,False,False,False,0.005332162897983232,-0.02875852674278915,False,False,False,False,3211488.0,2878385.7691314104,False,False,False,False,137831.05903429235,False,False,False,False
2025-07-15 17:00:00+00:00,3.135,3.145,3.12,3.12,146514.0,,3.27607707864727,3.0844108827091543,3.5328115563380025,3.8576971949954237,3.9364858887817653,4.1486552763009055,,,3.054303318275156,3.152567462241147,3.0664071828462807,3.1030174647739948,3.648765697440377,3.695790566640077,3.765076066161792,3.8371997326861873,3.895531396010735,4.2130263917896285,4.1521137402507655,3.5328115563380025,3.639356312962087,3.598527183556013,"rgba(38, 166, 154, 0.5)",0.2775884243503683,3.1917250748840917,-0.2583864044473311,57.022096321052196,2.4400528376197457,False,False,True,False,True,0.0,0.0,0.0,0.0,0.0,0,0.8486171761280935,0.9319505094614264,False,False,False,False,-0.07538486526531997,-0.05207169600405456,False,False,False,False,3064974.0,2881278.6099200705,False,False,False,False,137965.67827407076,False,False,False,False
2025-07-16 17:00:00+00:00,3.175,3.22,3.16,3.195,162691.0,,3.2733475990470846,3.0856738600081877,3.5308094764838196,3.8548725974925797,3.9335276560378287,4.145268406032405,,,3.0651099557633392,3.153490474121033,3.068711758002421,3.1039927025229166,3.6463716263329102,3.6933119605426885,3.7624578572384,3.8344216992651736,3.8926408131015986,4.20967887409276,4.149138732032476,3.5308094764838196,3.637249932516984,3.5981205866377923,"rgba(38, 166, 154, 0.5)",0.2773673694897157,3.193289361012413,0.006167412521285677,57.31711989950207,2.4400528376197457,False,False,True,False,True,0.9499228255808241,0.0,0.0,0.0,0.0,0,0.8537030280919374,0.9241152863918277,False,False,False,False,-0.04802613848046765,-0.050048917242261105,False,False,False,False,3227665.0,2886648.941549217,False,False,False,False,138349.016595403,False,False,False,False
2025-07-17 17:00:00+00:00,3.355,3.54,3.355,3.485,529409.0,,3.291117917105086,3.0994879536451077,3.529482552387836,3.8494973955593306,3.927485699659652,4.137466381117152,,,3.1455982111953715,3.175356433359016,3.0908148136015963,3.1162967255288714,3.6432484617277,3.6896379393348635,3.7580296618788176,3.8292507749625866,3.8869354117950654,4.201767719445498,4.1422618180707556,3.529482552387836,3.6390896499123606,3.6071998155363763,"rgba(38, 166, 154, 1.0)",0.28010868225362223,3.21381342294346,0.9681477020801385,61.55081315910894,4.664761429797885,True,False,True,False,True,6.1529414817527766,0.0,0.0,0.0,0.0,0,0.8594306049822067,0.901779359430605,False,False,False,False,0.07419325824184995,0.012072170499794425,False,False,False,False,3757074.0,2900143.9036957407,False,False,False,False,144411.96207454402,False,False,False,False
2025-07-18 17:00:00+00:00,3.535,3.57,3.495,3.545,253532.0,3.5366666666666666,3.30182516673876,3.1070800969563717,3.5295464506911602,3.8474712684361028,3.9251121203810286,4.134208342060112,,,3.180376019835545,3.187292382392876,3.10255824965377,3.1231410736328353,3.642399929821514,3.688492971882125,3.7564884086167587,3.8273284070790408,3.8847372105713043,4.198423425446905,4.139381501158356,3.5295464506911602,3.6259871588471717,3.611874507281003,"rgba(38, 166, 154, 1.0)",0.2844088701243198,3.2193222777061754,1.145103955975302,65.00055777457504,7.937707228914334,True,False,True,False,True,7.1592877564707145,0.0,0.0,0.0,0.0,0,0.8710479573712258,0.9012433392539964,False,False,False,False,0.11484695905392386,0.06345956477685914,False,False,False,False,4010606.0,2917360.370305109,False,True,False,False,146103.745608272,False,True,False,False
2025-07-21 17:00:00+00:00,3.455,3.545,3.43,3.43,356277.0,3.4967433546132205,3.3114391226098148,3.1156860880078225,3.528790800068737,3.844051673360342,3.921246687236417,4.129172439617334,,,3.21236436344301,3.1997603048963184,3.1156136244139585,3.130862398313564,3.6404740737911334,3.6862014085599375,3.7536963681681015,3.8240441447562508,3.8810970330817747,4.193300826542949,4.134926235814096,3.528790800068737,3.621018595073384,3.6156673437982816,"rgba(38, 166, 154, 1.0)",0.28687525932781527,3.2272472118191775,0.7067628928890483,64.44340345766203,7.937707228914334,True,False,True,False,True,4.875804594192765,0.0,0.0,0.0,0.0,0,0.8721965112139554,0.902812388750445,False,False,False,False,0.09328578737102833,0.07837267607394374,False,False,False,False,3654329.0,2928786.2405329365,False,False,False,False,149362.2456763608,False,False,False,False
2025-07-22 17:00:00+00:00,3.465,3.535,3.455,3.5,193370.0,3.4967248915455547,3.3170673618188817,3.1205491965222416,3.52857699933583,3.8423594058717914,3.9193055199259046,4.126586779845108,,,3.2285309951274637,3.2067412164971083,3.1228551359810304,3.1352501303406743,3.6396156715809345,3.6851366828592584,3.7523517402675846,3.822426629571504,3.8792816383722357,4.190657996393034,4.132634543175721,3.52857699933583,3.62159573640933,3.617771125469686,"rgba(38, 166, 154, 1.0)",0.28918922076279446,3.2329212751638083,0.9235431532742405,64.99448356645672,8.340874788017125,True,False,True,False,True,6.065812732586302,0.0,0.0,0.0,0.0,0,0.8724689165186502,0.896980461811723,False,False,False,False,0.09687278069642351,0.08762272838518362,False,False,False,False,3847699.0,2943032.9499820382,False,False,False,False,150044.53644106837,False,False,False,False
2025-07-23 17:00:00+00:00,3.435,3.48,3.4,3.47,123271.0,3.4905078003849828,3.3195933912251903,3.1232084137252305,3.5282450236194616,3.8411447109251777,3.9179416688306477,4.12482816026557,,,3.236278454267666,3.210333509673047,3.126770985155221,3.1376386042623965,3.638896874730087,3.6842976313381386,3.751346760875886,3.8212572746128988,3.877993204672675,4.188871076949361,4.131075614707863,3.5282450236194616,3.620781309853751,3.618614544658658,"rgba(38, 166, 154, 1.0)",0.29321512257742605,3.2354122834060135,0.8000532664615269,64.58832544572874,8.349425634865781,True,False,True,False,True,5.46863198601228,0.0,0.0,0.0,0.0,0,0.8676835757360768,0.8996097907059242,False,False,False,False,0.07061982797948467,0.07912127818233414,False,False,False,False,3724428.0,2955147.6019203016,False,False,False,False,149629.44285283476,False,False,False,False
2025-07-24 17:00:00+00:00,3.375,3.405,3.37,3.375,145188.0,3.4759875551881017,3.3209887167542598,3.125658073478303,3.527527512872226,3.839481455870774,3.9161180550704913,4.122565085962971,,,3.242097619297459,3.213291045310378,3.1303377023410115,3.1398150921122676,3.637760907200988,3.68303803438702,3.749911663811261,3.8196437669322725,3.8762507410418747,4.186588577760353,4.129069789406943,3.527527512872226,3.6183323507424467,3.6188913581456204,"rgba(38, 166, 154, 0.75)",0.2955221825182456,3.2368435760326255,0.4674993355493532,61.95416260636313,8.349425634865781,True,False,True,False,False,3.5977161210819695,0.0,0.0,0.0,0.0,0,0.8714744734023565,0.8975365940735451,False,False,False,False,0.04565104873867141,0.06238616346050277,False,False,False,False,3579240.0,2964823.4530533203,False,False,False,False,149560.58327372104,False,False,False,False
2025-07-25 17:00:00+00:00,3.295,3.295,3.235,3.25,439965.0,3.4131225273214376,3.3171946359032916,3.1293854458890396,3.5235728176983425,3.8331712421479716,3.909405306605274,4.114660633458402,,,3.2440144991376614,3.2155916216381706,3.135579208709358,3.1429569986617083,3.6327402483059776,3.6777400564219884,3.7441900195724362,3.8134643231492555,3.869742095404926,4.178700231429188,4.122062223567352,3.5235728176983425,3.6057875155748222,3.6160710478180023,"rgba(38, 166, 154, 0.75)",0.296210860492759,3.2346295098774314,0.05189036653483667,57.52795221186963,13.557431553352217,True,False,True,False,False,1.2184230989335063,0.0,0.0,0.0,0.0,0,0.8662873399715507,0.8958036984352774,False,False,False,False,-0.012442316540869382,0.02497192345981669,False,False,False,False,3139275.0,2967528.1281997804,False,False,False,False,154062.97733149282,False,False,False,False
2025-07-28 17:00:00+00:00,3.155,3.16,3.105,3.11,120494.0,3.39185109810671,3.3139749856337817,3.129352373568286,3.5219657104898014,3.8310655405083973,3.9072135565995207,4.112183069297118,,,3.24062388057396,3.214385884238792,3.1354633680029074,3.142829347120759,3.6308988206418715,3.6758507085130976,3.7422158364949225,3.8113886684242546,3.8675941068465796,4.1762491824418815,4.119865253754735,3.5219657104898014,3.6010866191719453,3.614305914277615,#000000,0.295651410882383,3.2323211927896622,-0.41373451398249733,52.12486379689084,8.480437912366646,False,False,False,False,False,0.0,0.0,0.0,0.0,0.0,0,0.8706007820831853,0.8961962317810165,False,False,False,False,-0.07538486526531997,-0.02520647090275164,False,False,False,False,3018781.0,2968322.7463672254,False,False,False,False,153542.52807053944,False,False,False,False
2025-07-29 17:00:00+00:00,3.025,3.025,2.95,2.965,389288.0,3.3125348420348755,3.2968276702494963,3.1258000367039456,3.5149963395902293,3.822967591798105,3.898918240108829,4.103099377381395,,,3.2186574425499015,3.2047227644832756,3.130151547160837,3.1391736592588666,3.62336052652062,3.66825019497933,3.734444488401197,3.8033686823942974,3.8593996916493065,4.167326189325209,4.111808126367963,3.5149963395902293,3.5821634425524103,3.6055148466446183,"rgba(239, 83, 80, 1.0)",0.2956314512276085,3.2197358926883206,-0.8616670913413675,46.46050281311655,3.3369907177064064,False,True,False,True,False,0.0,0.0,0.0,0.0,0.0,0,0.867751060820368,0.8960396039603961,False,False,False,False,-0.14497491142605984,-0.08509069116440574,False,False,False,False,2629493.0,2963069.572004943,False,False,False,False,157197.49662758535,False,False,False,False
2025-07-30 17:00:00+00:00,2.955,2.96,2.91,2.92,115244.0,3.291901945385309,3.2913355480401085,3.1244310008167804,3.5127777751085776,3.820459326846302,3.896358835682842,4.100319679760911,,,3.2116304049185125,3.2014102373760713,3.1281473021218864,3.1377925952746755,3.6209914473582443,3.66587074976105,3.7320237218189036,3.8008816813163833,3.8568664999989535,4.164599959469483,4.109340308159514,3.5127777751085776,3.5767977302344045,3.602686809779425,"rgba(239, 83, 80, 1.0)",0.29480506614882646,3.2158600902319563,-1.003578717614701,42.102464169080065,-0.5269187530770267,False,True,False,True,False,0.0,0.0,0.0,0.0,0.0,0,0.8679914833215047,0.897444996451384,False,False,False,False,-0.1704837055526063,-0.12778719835850602,False,False,False,False,2514249.0,2956111.1135242465,False,False,False,False,156547.05481940572,False,False,False,False
2025-07-31 17:00:00+00:00,2.975,2.975,2.9,2.9,127195.0,3.271287227570106,3.285380421291493,3.1229037589436133,3.5103277544824985,3.8176918055190385,3.8935351335609423,4.0972539337934375,,,3.2041306215617635,3.1977800494130126,3.1259266469861946,3.1362531589376803,3.618376629904826,3.663244572004804,3.729352224037672,3.7981375005516496,3.8540715990319314,4.1615927983815535,4.106617013441555,3.5103277544824985,3.5711971478801607,3.599589346750241,"rgba(239, 83, 80, 1.0)",0.29375979952983144,3.2117496334742963,-1.061239944925269,38.92735900406572,-3.3630954138216964,False,True,False,True,False,0.0,0.0,0.0,0.0,0.0,0,0.8695498050336762,0.8911733427862458,False,False,False,False,-0.16926426269965708,-0.14852573052908155,False,False,False,False,2387054.0,2947288.522616894,False,False,False,False,156091.98420205057,False,False,False,False
2025-08-01 17:00:00+00:00,2.855,2.865,2.845,2.85,118219.0,3.25054449059064,3.2789498776619572,3.120998629614653,3.507792297524446,3.8149296054943855,3.890732268275241,4.094245513934452,,,3.195802160693414,3.1936262536021274,3.1231849945538235,3.134363534667465,3.6157145144818026,3.6605850237497717,3.7266652400025886,3.795394262435383,3.85128969900302,4.15864967711249,4.103944268005552,3.507792297524446,3.5654560975851104,3.5962926934824937,"rgba(239, 83, 80, 1.0)",0.29311580283884525,3.207232080612974,-1.218740433484508,36.11759462564683,-5.983350934950614,False,True,False,True,False,0.0,0.0,0.0,0.0,0.0,0,0.8643645425418299,0.9021003915984336,False,False,False,False,-0.2097930552503793,-0.17915939288973043,False,False,False,False,2268835.0,2936769.863351516,False,False,False,False,155504.80615240638,False,False,False,False
2025-08-04 17:00:00+00:00,2.875,2.9,2.87,2.875,97640.0,3.236019557069728,3.2741253912851116,3.1196097462184187,3.5058029325457203,3.812727009005492,3.888491592227375,4.091828219083118,,,3.1897608317280737,3.1905497480310503,3.1211952604109925,3.132977215319935,3.6136109328509836,3.6584782077504934,3.724529987405549,3.793208320033054,3.8490685972662506,4.156281393591139,4.101795179616905,3.5058029325457203,3.5612292067764235,3.593768697636766,"rgba(239, 83, 80, 1.0)",0.2907849271779072,3.2039474890650017,-1.1312398213259038,35.04727778702517,-7.1413125986206225,False,True,False,True,False,0.0,0.0,0.0,0.0,0.0,0,0.8663578047042054,0.8966500356379187,False,False,False,False,-0.19498336615547296,-0.1870713795226017,False,False,False,False,2366475.0,2927928.0825243606,False,False,False,False,154607.67737484968,False,False,False,False
2025-08-05 17:00:00+00:00,2.855,2.86,2.84,2.845,147534.0,3.214248649172616,3.2664532589880375,3.117251713017319,3.5026616064734006,3.8093000916239643,3.8850132787950225,4.088093811011704,,,3.18011947690736,3.1855251566327705,3.117840361789092,3.130637061604353,3.6103114804838476,3.6551806653956977,3.7211972264976767,3.789805071958552,3.845616774543667,4.1526263875256815,4.098473883380043,3.5026616064734006,3.554717487011723,3.5897575951562497,"rgba(239, 83, 80, 1.0)",0.28918730486880684,3.198713345394241,-1.223128883734045,33.84349983835203,-8.593261825031561,False,True,False,True,False,0.0,0.0,0.0,0.0,0.0,0,0.8672376873661672,0.8954318344039972,False,False,False,False,-0.21227000974451615,-0.1996706946335589,False,False,False,False,2218941.0,2916936.0347332847,False,False,False,False,154498.00795818534,False,False,False,False
2025-08-06 17:00:00+00:00,2.795,2.805,2.78,2.78,92879.0,3.1997055637006926,3.2610905759214783,3.1154615962412278,3.5005194250729113,3.807021241071255,3.882709391186578,4.085641101012887,,2.788333333333333,3.1732762441859133,3.181887432449444,3.1153094448209955,3.1288745272145344,3.608086473572884,3.6529651014175006,3.7189687525615565,3.7875393859391577,3.8433258853339027,4.150230495002959,4.096292078274702,3.5005194250729113,3.550306984886718,3.520424096175573,"rgba(239, 83, 80, 1.0)",0.2880790994979582,3.150491643315832,-1.2860760949388417,32.01158493582534,-10.703344388522432,False,True,False,True,False,0.0,0.0,0.0,0.0,0.0,0,0.8681200857755542,0.8959971408148676,False,False,False,False,-0.2409484386479738,-0.22030956664076634,False,False,False,False,2126062.0,2904674.4217916834,False,False,False,False,153542.67450146927,False,False,False,False
2025-08-07 17:00:00+00:00,2.785,2.82,2.785,2.81,102697.0,3.1853456452527693,3.2555035113036377,3.113604494515751,3.498220789047211,3.8045543448457457,3.880211832806611,4.082974578126461,,2.7970850036132586,3.166298443591253,3.1781090537717183,3.1126962269951393,3.127041041968554,3.6056899830592872,3.650575451558037,3.7165609812882976,3.7850876923665777,3.8408441965399938,4.1476234165053425,4.093918717165094,3.498220789047211,3.545773599414027,3.5184608507018793,"rgba(239, 83, 80, 1.0)",0.286753700385316,3.1473821466367347,-1.1765572551753936,31.94946012576313,-11.228686847621582,False,True,False,True,False,0.0,0.0,0.0,0.0,0.0,0,0.862464183381089,0.8979226361031518,False,False,False,False,-0.23593413690366444,-0.2281218517722154,False,False,False,False,2228759.0,2894195.112926696,False,False,False,False,152754.36947043875,False,False,False,False
2025-08-08 17:00:00+00:00,2.865,2.945,2.855,2.935,151502.0,3.1714052282417633,3.249400174239448,3.11183808868027,3.4953749038538833,3.801323196242,3.8769118457882636,4.079387692006925,,2.8471007093506357,3.159374629076036,3.174225925185211,3.1102293984469864,3.125257253526994,3.6026481148127862,3.6475162650281945,3.7134449716648965,3.7818843398914335,3.8375794885230414,4.144099858712016,4.09072178037072,3.4953749038538833,3.540805875578936,3.5195068945490795,"rgba(239, 83, 80, 0.75)",0.28412513104278014,3.1468506168390458,-0.7456243524165689,36.11972627410532,-11.228686847621582,False,True,False,True,True,0.0,0.0,0.0,0.0,0.0,0,0.8610412926391384,0.896229802513465,False,False,False,False,-0.18761046326671657,-0.20786615751946597,False,False,False,False,2380261.0,2886227.142183646,False,False,False,False,152734.9528895017,False,False,False,False
2025-08-11 17:00:00+00:00,3.005,3.03,2.98,3.02,275450.0,3.1577244409433156,3.2419155630148815,3.110243844157298,3.4911306948734127,3.796150816728003,3.8715746922377057,4.073466695348061,,2.9191787678626504,3.15233779256416,3.1699866975221553,3.108042060518313,3.123547430986325,3.5979627805080154,3.6427533373891468,3.7085283321544398,3.7767713916394148,3.8323264051534576,4.138251842236098,4.085434499893249,3.4911306948734127,3.534600963900382,3.5212601115356184,"rgba(239, 83, 80, 0.75)",0.28098672662694846,3.147567726363863,-0.4539991190873151,41.19877549338564,-15.614417451510604,False,True,False,True,True,0.0,0.0,0.0,0.0,0.0,0,0.8634057971014494,0.9007246376811595,False,False,False,False,-0.13651503660143843,-0.1721905970604522,False,False,False,False,2655711.0,2882653.2485063802,False,False,False,False,154637.5117594319,False,False,False,False
2025-08-12 17:00:00+00:00,3.115,3.125,3.03,3.07,210860.0,3.1526839131693256,3.238014153638623,3.1098264889729257,3.488363732597808,3.7925603875245453,3.867838142897291,4.069252566782749,,2.9586039395815633,3.149645898309591,3.1681460904761725,3.107499130410342,3.1230023057401595,3.594816876423689,3.63952471614111,3.705156715182062,3.7732308506509176,3.828664273700294,4.134071287532161,4.081664385094247,3.488363732597808,3.5312199122261814,3.5220022057701925,"rgba(239, 83, 80, 0.5)",0.2770163913581072,3.132484877709599,-0.22556382820258164,45.81603714447748,-11.278288148464902,False,False,False,True,True,0.0,0.0,0.0,0.0,0.0,0,0.8692976104272266,0.8913830557566981,False,False,False,False,-0.10165937114125209,-0.13692498410085213,False,False,False,False,2866571.0,2882403.9113202346,False,False,False,False,155509.1782437818,False,False,False,False
2025-08-13 17:00:00+00:00,3.095,3.095,3.055,3.075,101045.0,3.150479998970515,3.2362085049036513,3.1096299741412183,3.4870507926382235,3.790852479701926,3.866059968917449,4.067245720730682,,2.9711904384798054,3.1484212576651043,3.1672891130348595,3.107245230286564,3.1227453950593613,3.593322721708485,3.6379905262470404,3.7035537089565893,3.77154683967078,3.8269218884604457,4.1320795776627985,4.079867683661806,3.4870507926382235,3.529646777143381,3.52184786507447,#000000,0.2728786649149264,3.132638299913959,-0.21122318203927146,49.02112274908178,-8.28986279535286,True,False,False,False,True,0.0,0.0,0.0,0.0,0.0,0,0.8647764449291169,0.8974918211559433,False,False,False,False,-0.1028567240061428,-0.11989085405349748,False,False,False,False,2967616.0,2883725.0289741843,False,False,False,False,154664.77237953708,False,False,False,False
2025-08-14 17:00:00+00:00,3.015,3.075,3.005,3.045,223565.0,3.144053190285537,3.231554842623985,3.1087919419413885,3.48394269336842,3.7869278070916472,3.861989322251256,4.062685978626888,,2.9847966951007976,3.144681931990431,3.1647829504486276,3.106130937718612,3.1217965321714107,3.5898365453924375,3.6344263122445266,3.699849273540698,3.76767270153683,3.822925660350473,4.127561251950541,4.075784019472625,3.48394269336842,3.5257065394555887,3.520020400993167,#000000,0.2680572918457893,3.130675303373435,-0.31961564180363033,50.15856515106069,-7.1123877727495,True,False,False,False,True,0.0,0.0,0.0,0.0,0.0,0,0.8593128390596746,0.898372513562387,False,False,False,False,-0.11965215011279881,-0.11977150208314814,False,False,False,False,2744051.0,2881559.540152879,False,False,False,False,155732.99296280008,False,False,False,False
2025-08-15 17:00:00+00:00,3.025,3.045,3.0,3.005,213895.0,3.137239839197555,3.2267468504178205,3.107717783621906,3.4808435584603896,3.7830865139478638,3.8580146490321092,4.0582553615843855,,2.9897656158315558,3.140530961151494,3.162008797902614,3.104699803617519,3.12063244962101,3.586391910154405,3.6309137702781094,3.6962105215444283,3.763878120131543,3.819019038303906,4.1231745524863666,4.071813218000907,3.4808435584603896,3.521700650894576,3.5174198965853214,#000000,0.26393868725637315,3.128016514637062,-0.46607989118916743,49.605393440413614,-7.1123877727495,True,False,False,False,True,0.0,0.0,0.0,0.0,0.0,0,0.8575082206795763,0.9064669345999271,False,False,False,False,-0.1280745378894081,-0.12392301998627811,False,False,False,False,2530156.0,2876111.423251284,False,False,False,False,156634.7295060125,False,False,False,False
2025-08-18 17:00:00+00:00,2.985,2.99,2.93,2.93,324680.0,3.1231797134766803,3.2176564329939166,3.1049749100158657,3.4755525550925,3.7768274519285865,3.8515798053713586,4.051175318762764,,2.982155509960373,3.1315929319915754,3.156147936805966,3.1010324245530234,3.117811889875549,3.5806388947374557,3.6250871497772468,3.690225925353865,3.757683473342535,3.8126740842633,4.116184391773669,4.065465100129681,3.4755525550925,3.514420883948811,3.511391642713687,"rgba(239, 83, 80, 0.5)",0.2593735870470326,3.120947558423258,-0.7361873681788309,47.02747564294414,-7.1123877727495,False,False,False,True,False,0.0,0.0,0.0,0.0,0.0,0,0.8595071717543216,0.9047443913203385,False,False,False,False,-0.15831123803762642,-0.14111712901195228,False,False,False,False,2205476.0,2865713.974828783,False,False,False,False,159240.08253692702,False,False,False,False
2025-08-19 17:00:00+00:00,2.875,2.895,2.86,2.865,87227.0,3.1182390500875425,3.2146444881123823,3.103897669547481,3.4739442807672964,3.775007482185037,3.849720876495822,4.04915726033689,,2.9768341555480813,3.128378613559683,3.154063007826202,3.099591419357033,3.116730989993963,3.5789252535757266,3.6233629070525653,3.688469623697657,3.7558788370767937,3.8108351478800477,4.114198093904564,4.063655492800181,3.4739442807672964,3.5120873010760647,3.5092436285227078,"rgba(239, 83, 80, 1.0)",0.2562661201257616,3.118219230829178,-0.9881104482516505,43.667917649158596,-7.1123877727495,False,True,False,True,False,0.0,0.0,0.0,0.0,0.0,0,0.8648449039881833,0.9080502215657312,False,False,False,False,-0.19867763427064747,-0.16989738164129986,False,False,False,False,2118249.0,2854125.3705678717,False,False,False,False,158123.6006371297,False,False,False,False
2025-08-20 17:00:00+00:00,2.835,2.84,2.83,2.835,32672.0,3.116156549209452,3.2134046581741305,3.103430093629704,3.4733057834463796,3.7742987741149374,3.8489991430098547,4.048378564581724,,2.9742830534501317,3.1270172762192545,3.1531844039643553,3.0989657043963894,3.1162652050027697,3.5782507675390662,3.622686199876762,3.687782875689481,3.7551755042562283,3.8101201142947816,4.1134328004845715,4.062957311617508,3.4733057834463796,3.511139080880884,3.5083434347326086,"rgba(239, 83, 80, 1.0)",0.2541312351614253,3.117037579887131,-1.1098107625691096,40.719612584610346,-2.531521231312574,False,True,False,True,False,0.0,0.0,0.0,0.0,0.0,0,0.8671641791044777,0.9115671641791045,False,False,False,False,-0.21971642508747763,-0.19480690336438874,False,False,False,False,2085577.0,2842209.891954416,False,False,False,False,156178.61458074008,False,False,False,False
2025-08-21 17:00:00+00:00,2.845,2.85,2.83,2.835,44153.0,3.1134232247183986,3.2117566062217637,3.1028086028900144,3.472449437252619,3.7733461137176563,3.8480286216755726,4.047330705890188,,2.9710569396484163,3.125218282831719,3.1520170752736854,3.0981354180209904,3.1156456149028093,3.577345285956766,3.6217774024397857,3.686860178020568,3.754230161189776,3.8091587773528484,4.112402728072299,4.06201760585906,3.472449437252619,3.5098776160523166,3.5071554557973936,"rgba(239, 83, 80, 1.0)",0.25154017464303075,3.1155062245057015,-1.1151547656503678,38.754075874911514,-4.578739226078412,False,True,False,True,False,0.0,0.0,0.0,0.0,0.0,0,0.8734509951182877,0.9001126549004883,False,False,False,False,-0.2172316600278364,-0.20601928169611256,False,False,False,False,2085577.0,2830479.1494434946,False,False,False,False,154441.78334693014,False,False,False,False
2025-08-22 17:00:00+00:00,2.895,2.95,2.895,2.945,67987.0,3.110685985287566,3.2098630930704983,3.10218702390645,3.4713253022349395,3.7720264305334408,3.846673189774647,4.045842819404337,,2.969609609570683,3.123362848304197,3.1507567933045793,3.097314689945591,3.1150105351928286,3.5761277538643577,3.620545394521203,3.6855963808858485,3.7529236291758044,3.807821638257304,4.110933751440103,4.0606816407053525,3.4713253022349395,3.5083719777445546,3.5058903887639876,"rgba(239, 83, 80, 0.75)",0.24859872148567314,3.1141940261950136,-0.6805908943693603,42.02194755255168,-4.578739226078412,False,True,False,True,True,0.0,0.0,0.0,0.0,0.0,0,0.8848622121555304,0.8924122310305775,False,False,False,False,-0.1765885345942735,-0.19130390814519305,False,False,False,False,2153564.0,2819984.340924991,False,False,False,False,153101.39910899324,False,False,False,False
2025-08-25 17:00:00+00:00,2.915,2.92,2.875,2.885,127452.0,3.1047708949487904,3.2059249425483944,3.100788160579459,3.469088550039513,3.7694563324779957,3.844041773189472,4.042972894437386,,2.964881369613657,3.1193360526846163,3.148046270123438,3.095465015699469,3.1135979680738033,3.573728774018544,3.6181255835248316,3.6831241185634633,3.7503768271164435,3.8052216481341,4.108104544386175,4.058104706000988,3.469088550039513,3.505291935460144,3.5031760731616273,"rgba(239, 83, 80, 0.75)",0.24630975517726145,3.111159737157564,-0.9181923671468237,42.34717307325498,-4.578739226078412,False,True,False,True,True,0.0,0.0,0.0,0.0,0.0,0,0.8762847354396651,0.9002664636467455,False,False,False,False,-0.18883786034646113,-0.19007088424582708,False,False,False,False,2026112.0,2807676.2426160765,False,False,False,False,152703.73400652822,False,False,False,False
2025-08-26 17:00:00+00:00,2.855,2.87,2.85,2.87,242384.0,3.092890143429026,3.1980062118107377,3.097801578483876,3.4646630127831815,3.764443907819375,3.8389206491378047,4.037412817178551,,2.9541725699254457,3.1110879313625177,3.142456951318616,3.091529778258909,3.110601473350485,3.569013554952126,3.613379171108467,3.6782877901683415,3.74540672054657,3.8001563108383465,4.102628185733494,4.053109819417783,3.4646630127831815,3.49916261723465,3.4976525214150924,"rgba(239, 83, 80, 0.75)",0.2441721996113604,3.1048893906593125,-0.9619825313167382,42.116820731815835,-4.578739226078412,False,True,False,True,True,0.0,0.0,0.0,0.0,0.0,0,0.8745218056618209,0.8951798010711554,False,False,False,False,-0.20731863533915637,-0.19869475979249174,False,False,False,False,1783728.0,2791801.0760638895,False,False,False,False,154094.12572735723,False,False,False,False
2025-08-27 17:00:00+00:00,2.855,2.855,2.83,2.85,167143.0,3.0847545329282657,3.192467895169333,3.095627841408922,3.461556835779601,3.760949957739373,3.8353544934080768,4.033549742494582,,2.946771735458152,3.105304619893194,3.138483935813576,3.0886811051048393,3.1084264811228133,3.56571480499723,3.610061611805877,3.674911585065235,3.7419411958175415,3.7966272424718777,4.098824336570107,4.049637007455375,3.461556835779601,3.4948944712754506,3.4937821384646512,"rgba(239, 83, 80, 0.75)",0.24227761234053058,3.100544295572954,-1.0341207062120295,41.34247759929851,-4.578739226078412,False,True,False,True,True,0.0,0.0,0.0,0.0,0.0,0,0.8695987654320987,0.9047067901234567,False,False,False,False,-0.2159902689951957,-0.2073425143938437,False,False,False,False,1616585.0,2773580.671783829,False,False,False,False,154296.43385561527,False,False,False,False
2025-08-28 17:00:00+00:00,2.835,2.84,2.82,2.83,288510.0,3.0710963119691748,3.182910646793068,3.091742985097023,3.4561391456676325,3.7548832781066905,3.8291663684305304,4.026856734949443,,2.9345391363642803,3.095349591422324,3.131532055233636,3.0836224666902616,3.1045457404934806,3.559973869174006,3.6042910245279236,3.6690435730208852,3.7359226155938603,3.790501533461094,4.09223436255704,4.043615176896081,3.4561391456676325,3.487542210144795,3.4870975954529064,"rgba(239, 83, 80, 0.75)",0.24187512599803138,3.093157241683863,-1.0879880293519915,40.19104705566881,-4.578739226078412,False,True,False,True,True,0.0,0.0,0.0,0.0,0.0,0,0.8801100628930817,0.8970125786163522,False,False,False,False,-0.22220386327752079,-0.21477318883568225,False,False,False,False,1328075.0,2751169.7311360175,False,False,False,False,156377.26433847393,False,False,False,False
2025-08-29 17:00:00+00:00,2.825,2.83,2.81,2.81,25448.0,3.0698987891591143,3.182060844819043,3.091388590190677,3.4556556552407764,3.7543443000712604,3.8286169644257533,4.026263412657806,,2.9334599617899646,3.0944635598922554,3.1309074220601434,3.083162789863146,3.1041922535616995,3.559462616598459,3.603777430760468,3.6685217319856678,3.735387800431879,3.7899574910627885,4.091650272803109,4.043081070270564,3.4556556552407764,3.4868897937949184,3.4865020334233456,"rgba(239, 83, 80, 1.0)",0.24362970351010035,3.092501347168996,-1.1595521527090158,38.77782523706548,-6.2493790539249545,False,True,False,True,False,0.0,0.0,0.0,0.0,0.0,0,0.8786561264822136,0.8897233201581027,False,False,False,False,-0.22718689984932813,-0.22098004434250518,False,False,False,False,1302627.0,2728711.7042966993,False,False,False,False,154347.35326345882,False,False,False,False
2025-09-01 17:00:00+00:00,2.81,2.81,2.81,2.81,0.0,3.0698987891591143,3.182060844819043,3.091388590190677,3.4556556552407764,3.7543443000712604,3.8286169644257533,4.026263412657806,,2.9334599617899646,3.0944635598922554,3.1309074220601434,3.083162789863146,3.1041922535616995,3.559462616598459,3.603777430760468,3.6685217319856678,3.735387800431879,3.7899574910627885,4.091650272803109,4.043081070270564,3.4556556552407764,3.4868897937949184,3.4865020334233456,"rgba(239, 83, 80, 1.0)",0.24492289649032853,3.092501347168996,-1.153429716931963,37.83567735799659,-7.493779943870024,False,True,False,True,False,0.0,0.0,0.0,0.0,0.0,0,0.8795707472178061,0.8879173290937998,False,False,False,False,-0.23218105347423973,-0.22658054890837245,False,False,False,False,1302627.0,2706601.863920006,False,False,False,False,151954.37104231992,False,False,False,False
2025-09-02 17:00:00+00:00,2.755,2.78,2.73,2.78,127847.0,3.062817268946055,3.17723601097376,3.089278911833242,3.453035875777576,3.7514924170883766,3.8257208430545293,4.023160390349884,,2.925978979127714,3.0892576993249303,3.1272801929891214,3.080419777210976,3.102102457182619,3.5567211083457635,3.6010331665566655,3.665746184198906,3.732554926627041,3.7870842067789416,4.088601558371164,4.040288435501109,3.453035875777576,3.4832488168604887,3.48308905768458,"rgba(239, 83, 80, 1.0)",0.24755212391341144,3.088502444006849,-1.2462120668968975,36.1474766943715,-9.39342417601869,False,True,False,True,False,0.0,0.0,0.0,0.0,0.0,0,0.8797141722905916,0.8856689162366018,False,False,False,False,-0.2598606358420561,-0.24322059237521426,False,False,False,False,1174780.0,2682852.6877351995,False,False,False,False,151580.6133517413,False,False,False,False
2025-09-03 17:00:00+00:00,2.725,2.74,2.7,2.715,237150.0,3.048663124825696,3.1676327375112647,3.0849060876481156,3.447914781529543,3.7460066054664867,3.820164371515255,4.017240464331967,,2.910319114428601,3.078747095679286,3.1199291018047637,3.0747495637224684,3.097787060543663,3.5513998027425844,3.5957189385767236,3.6603879903912024,3.7271016110275283,3.7815643559015304,4.08279246768838,4.034958957655282,3.447914781529543,3.4760754532611893,3.4762880050135014,"rgba(239, 83, 80, 1.0)",0.25076894357764884,3.0803571188296237,-1.4569472344429029,33.08439231909615,-12.463887962805984,False,True,False,True,False,0.0,0.0,0.0,0.0,0.0,0,0.8722222222222221,0.8900793650793651,False,False,False,False,-0.27767733742507544,-0.26044896490014485,False,False,False,False,937630.0,2655794.9716462814,False,False,False,False,152907.27050907863,False,False,False,False
2025-09-04 17:00:00+00:00,2.705,2.72,2.67,2.71,170110.0,3.0386812413078053,3.1607169818598315,3.081678660760563,3.44419391530434,3.74203776296125,3.816147132822897,4.012967551489162,2.7,2.899525419832405,3.0712020924944627,3.1145834142473703,3.0705867806098417,3.094604189117963,3.547541105096296,3.5918674009686344,3.656507610081902,3.7231554381060885,3.7775722323869383,4.07860021331959,4.031109598033778,3.44419391530434,3.4709176066436926,3.412065807253483,"rgba(239, 83, 80, 1.0)",0.2542051735709901,3.0430427567681133,-1.3101336691525156,30.90648533763195,-14.606795858215335,False,True,False,True,False,0.0,0.0,0.0,0.0,0.0,0,0.8722133757961784,0.8897292993630574,False,False,False,False,-0.2905090065933669,-0.2754789857467559,False,False,False,False,767520.0,2626519.390690525,False,False,False,False,153173.97949343402,True,False,False,False
2025-09-05 17:00:00+00:00,2.735,2.745,2.695,2.745,143787.0,3.0313485946197014,3.15537873611988,3.0791919597565935,3.4411962183845164,3.7387970546582676,3.812859557456375,4.009454867507662,2.712978668161849,2.892407998339137,3.0655243474527794,3.1104715586067404,3.067403158090765,3.0921436333550374,3.5444148061711074,3.5887401982791096,3.65334848953499,3.719935186470693,3.774308887938391,4.075148867194141,4.027942051769855,3.4411962183845164,3.4668895697861424,3.409597527028046,"rgba(239, 83, 80, 1.0)",0.2567125500113313,3.0397572080317667,-1.14819944727578,32.05925037631696,-14.606795858215335,False,True,False,True,False,0.0,0.0,0.0,0.0,0.0,0,0.8749502190362405,0.884109916367981,False,False,False,False,-0.2776773374250756,-0.27657816158591575,False,False,False,False,911307.0,2599926.9505247804,False,False,False,False,153028.44492764433,False,False,False,False
2025-09-08 17:00:00+00:00,2.765,2.84,2.765,2.84,111559.0,3.027454003696389,3.1521492274173393,3.0777572504490744,3.439168320952448,3.736511380644537,3.8105252480352765,4.006926187086826,2.73972972528299,2.8899890756363726,3.0623464589315232,3.1080511002125344,3.0655946083835723,3.0907066126646736,3.542261469152546,3.586572303622033,3.6511404801782086,3.7176681552852133,3.771999561847619,4.072654758771921,4.0256582432820025,3.439168320952448,3.4643559454688413,3.409567119480862,"rgba(239, 83, 80, 0.75)",0.2576120066028229,3.039324752698805,-0.7737401502644914,38.192449619629826,-16.66125182353207,False,True,False,True,True,0.0,0.0,0.0,0.0,0.0,0,0.8807631160572337,0.8779809220985693,False,False,False,False,-0.23593413690366444,-0.2562561492447901,False,False,False,False,1022866.0,2575476.393152303,False,False,False,False,152385.50779698318,False,False,False,False
2025-09-09 17:00:00+00:00,2.805,2.82,2.8,2.81,60154.0,3.025363553256827,3.1504076880478125,3.076975486561778,3.438071578675683,3.735276942434466,3.8092647868287344,4.0055614279979865,2.748434319721587,2.8886636056411903,3.060632164469165,3.106740354491022,3.064610886048082,3.089923979733904,3.541097684196382,3.5854008389933494,3.649947623057201,3.7164437061302484,3.7707524706815767,4.071308666737617,4.024425279477361,3.438071578675683,3.4629887805433266,3.409106275336822,"rgba(239, 83, 80, 0.75)",0.23525179150304532,3.0387278724740394,-0.9722683555890307,40.93346369416886,-14.261807400948747,False,True,False,True,True,0.0,0.0,0.0,0.0,0.0,0,0.8890668802563074,0.8722466960352424,False,False,False,False,-0.23218105347423998,-0.24421860135951506,False,False,False,False,962712.0,2550472.2940336624,False,False,False,False,150955.56193966558,False,False,False,False
2025-09-10 17:00:00+00:00,2.795,2.795,2.75,2.77,135911.0,3.0199703629099948,3.146101587417376,3.0749746651573617,3.4354572575891327,3.732384899558379,3.806319780063446,4.002390842603728,2.753514649277069,2.884441383632669,3.0562638994693128,3.1034437698805832,3.0620854542279177,3.087931716265986,3.538344662388861,3.5826368122181917,3.6471424856149866,3.7135728501815692,3.767834734363035,4.068185759045938,4.021561086643834,3.4354572575891327,3.459657056471346,3.4066891740930734,"rgba(239, 83, 80, 0.75)",0.2331986355097098,3.036026875719121,-1.1407737233867485,41.10067301786478,-14.122112743069358,False,True,False,True,True,0.0,0.0,0.0,0.0,0.0,0,0.8816901408450705,0.8808853118712274,False,False,False,False,-0.2510130864258235,-0.24761584389266927,False,False,False,False,826801.0,2523748.708079652,False,False,False,False,150722.31291734517,False,False,False,False
2025-09-11 17:00:00+00:00,2.825,2.865,2.775,2.79,319834.0,3.009966716161799,3.137343376334613,3.0709503053286378,3.4297359219260777,3.725916021237137,3.79970927287948,3.995223935595965,2.772706065547358,2.8786143003301685,3.047804245280908,3.0968036099976564,3.057073049704383,3.0838968839308203,3.5322632354640877,3.576509818496094,3.6408974042238356,3.7071574938750986,3.7612969681337756,4.061111168130629,4.015077432627912,3.4297359219260777,3.4526922213519584,3.4024008981340566,"rgba(239, 83, 80, 0.75)",0.23135904782176958,3.0316201179475355,-1.0443512809305415,42.32333541233421,-12.83041454373209,False,True,False,True,True,0.0,0.0,0.0,0.0,0.0,0,0.881568310428456,0.8864187550525465,False,False,False,False,-0.22718689984932813,-0.2374013718709987,False,False,False,False,1146635.0,2502398.1079543857,False,False,False,False,153344.19953878166,False,False,False,False
2025-09-12 17:00:00+00:00,2.81,2.82,2.8,2.815,58350.0,3.0082579570141457,3.135802428191003,3.070233861562931,3.428706178573008,3.7247477535209645,3.798514727777213,3.993927524679163,2.7749800874591335,2.8776716946761516,3.046333559437334,3.09563132242272,3.0561860410989463,3.0831777807233713,3.531167221935431,3.5754048935000498,3.6397703633317775,3.7059990558646745,3.7601159158239756,4.059830771606664,4.013903668488803,3.428706178573008,3.451455775902633,3.401551721259156,"rgba(239, 83, 80, 0.5)",0.22515684223134425,3.0307890824746306,-0.9583945144021501,44.50289142894251,-10.618481215426549,False,False,False,True,True,0.0,0.0,0.0,0.0,0.0,0,0.8792544570502432,0.8897893030794167,False,False,False,False,-0.23218105347423998,-0.23479121267261932,False,False,False,False,1204985.0,2482283.176048116,False,False,False,False,151871.42125135867,False,False,False,False
2025-09-15 17:00:00+00:00,2.875,2.92,2.875,2.91,79272.0,3.0070245567145544,3.1343070009399128,3.069603438994283,3.427515945280716,3.7233213381931556,3.7970440688492517,3.9923045455517894,2.7842876987492162,2.8781220602642237,3.0451197690149976,3.0945539564907443,3.055430989704047,3.0825287259883014,3.529869139356131,3.5740851818992496,3.638409985823027,3.7045879370722368,3.7586678944631258,4.058220599270197,4.012431802942425,3.427515945280716,3.4501601277890948,3.4012550570029174,#000000,0.2204189704233947,3.0307046104995483,-0.5476144374855355,50.05722245639312,-5.39400690546001,True,False,False,False,True,0.0,0.0,0.0,0.0,0.0,0,0.8795472918350848,0.8884397736459176,False,False,False,False,-0.18883786034646113,-0.21181453650954024,False,False,False,False,1284257.0,2463709.1268070596,False,False,False,False,150745.84882885698,False,False,False,False
2025-09-16 17:00:00+00:00,2.865,2.9,2.865,2.9,146323.0,3.0045424787514414,3.1314409175166995,3.0683606713622678,3.425277682997644,3.7206588397676774,3.7943018697318247,3.9892849583082697,2.7967126309203185,2.8784639817207904,3.042728648571465,3.092461118820922,3.053937311241598,3.081255361597695,3.5274365433785912,3.5716147083450047,3.6358668735879816,3.7019531693910084,3.755966492158361,4.05522608777338,4.009692699734162,3.425277682997644,3.4476953454908323,3.4002550482493294,"rgba(38, 166, 154, 1.0)",0.2181297861448326,3.0300969247361316,-0.5964198060037093,53.19528430533452,-2.5628103661284314,True,False,True,False,True,0.0,0.0,0.0,0.0,0.0,0,0.8818292189397006,0.8846620801295023,False,False,False,False,-0.19621420019773536,-0.2040143683536378,False,False,False,False,1137934.0,2443154.473678268,False,False,False,False,150677.27752918476,False,False,False,False
2025-09-17 17:00:00+00:00,2.855,2.875,2.8,2.805,195207.0,2.9997147117669387,3.1267758039635156,3.0661700956327405,3.421980795869807,3.7168719550581466,3.790421948672212,3.985058000396316,2.8008289340824555,2.8762490680100905,3.0384203408968684,3.088910601046094,3.0512589790746936,3.0790475952807292,3.523909458530617,3.5680515123036054,3.6322232064312647,3.698200126398814,3.7521343019027213,4.0510450852717526,4.005859410155733,3.421980795869807,3.4438561873370963,3.397395278414265,#000000,0.21500366642586205,3.0275254579778084,-1.0349844803904302,50.758776277729254,-2.5628103661284314,True,False,False,False,False,0.0,0.0,0.0,0.0,0.0,0,0.8740920096852299,0.8870056497175143,False,False,False,False,-0.21847371060492254,-0.21124403947928017,False,False,False,False,942727.0,2419892.0322258915,False,False,False,False,151367.66082330595,False,False,False,False
2025-09-18 17:00:00+00:00,2.825,2.86,2.81,2.83,211483.0,2.994962144649252,3.1219890166107507,3.063906074729079,3.4184893035611097,3.712835821632197,3.7862823240682486,3.9805393135011067,2.8050410480456374,2.87434895706847,3.034083589387733,3.085264673352793,3.0485117187551993,3.07676061034044,3.5201642981185244,3.564263861693374,3.6283449522978968,3.6942011407031488,3.7480477519975817,4.046571965090401,4.001757765508669,3.4184893035611097,3.4398577141073923,3.3944124871046055,#000000,0.21110125233812685,3.0249530029685427,-0.9235047201722941,50.27708039563565,-2.5628103661284314,True,False,False,False,False,0.0,0.0,0.0,0.0,0.0,0,0.8702659145850121,0.8904109589041098,False,False,False,False,-0.21971642508747763,-0.2154802322833789,False,False,False,False,1154210.0,2400269.054982079,False,False,False,False,152299.68158573532,False,False,False,False
2025-09-19 17:00:00+00:00,2.975,3.02,2.94,3.005,367239.0,2.9946488824507003,3.1183072957589673,3.0626512139928903,3.4141039477980044,3.707133893790433,3.780333822332871,3.973825180336845,2.838710065230146,2.882486853526836,3.03246315339793,3.0829215444868834,3.047222576690084,3.075354143823928,3.5152025465009427,3.55915384837536,3.6229948162737515,3.688578708709488,3.742225141746725,4.039864451943676,3.9956389114592743,3.4141039477980044,3.4358577480658163,3.394062827858848,"rgba(38, 166, 154, 1.0)",0.20575683190081592,3.0268748250890756,-0.10631396725441579,55.57912674082377,-0.5900660234412243,True,False,True,False,True,0.0,0.0,0.0,0.0,0.0,0,0.8733067729083668,0.8844621513944226,False,False,False,False,-0.14860682061852867,-0.18204352645095379,False,False,False,False,1521449.0,2386643.937850574,False,False,False,False,155632.07411928978,False,False,False,False
2025-09-22 17:00:00+00:00,2.975,2.995,2.955,2.99,304500.0,2.9940965217145075,3.1152188556509604,3.0615287315914514,3.410465171176052,3.702419673196146,3.775417210215609,3.968280114994139,2.8573853456721685,2.8879367900849355,3.0309663646516545,3.0808991860949497,3.046049388850831,3.0741129741810083,3.511094158747405,3.5549242313425915,3.61856869721561,3.6839296120946634,3.737411896675358,4.034323424802909,3.9905796424725146,3.410465171176052,3.432489468362695,3.39293705483743,"rgba(38, 166, 154, 1.0)",0.20155067768594181,3.0276190922449624,-0.18664830442088917,58.42782194278013,2.05560001595088,True,False,True,False,True,0.0,0.0,0.0,0.0,0.0,0,0.875746714456392,0.8837116686579054,False,False,False,False,-0.1510302515739578,-0.16653688901245578,False,False,False,False,1216949.0,2368509.1326125804,False,False,False,False,157940.10397790544,False,False,False,False
2025-09-23 17:00:00+00:00,2.98,3.0,2.92,2.955,344096.0,2.9926349335620697,3.1113574424166144,3.0599689331377142,3.406222643493259,3.697007882707885,3.769784086732801,3.9619522408370513,2.870503961427461,2.892118699176325,3.028697796534709,3.078236770870645,3.044352934610275,3.0724346549314863,3.5063404585638853,3.550041007539405,3.6134725549006417,3.6785893851200737,3.731891882128746,4.028003930355206,3.9848015263904264,3.406222643493259,3.4284183089839138,3.3907296586576376,"rgba(38, 166, 154, 1.0)",0.1973020275873434,3.0273648835908173,-0.3667721233061437,58.71386153598452,2.4379858628668813,True,False,True,False,True,0.0,0.0,0.0,0.0,0.0,0,0.8773471833799442,0.8797443068318019,False,False,False,False,-0.15831123803762642,-0.1624240635250411,False,False,False,False,872853.0,2345320.6654402926,False,False,False,False,160826.2419007286,False,False,False,False
2025-09-24 17:00:00+00:00,2.915,2.94,2.905,2.93,262434.0,2.990590512786077,3.107923652250536,3.058430762216678,3.4028032493019915,3.692749178473294,3.7653654196695046,3.9570206367738683,2.8754181678217186,2.8935438765850705,3.026285094622507,3.0757394536636515,3.0426180227890636,3.070822497734521,3.5025523158165854,3.5461632891830153,3.609443337127016,3.674383000486167,3.7275550334778367,4.023085227473354,3.9802962876487302,3.4028032493019915,3.4249833444959923,3.3883004311099407,"rgba(38, 166, 154, 1.0)",0.19407410120040092,3.026227860488163,-0.4958305095474738,57.77466193948014,2.4379858628668813,True,False,True,False,True,0.0,0.0,0.0,0.0,0.0,0,0.8820224719101123,0.8820224719101124,False,False,False,False,-0.17658853459427376,-0.16950629905965742,False,False,False,False,610419.0,2318422.965200908,False,False,False,False,162401.55597978708,False,False,False,False
2025-09-25 17:00:00+00:00,2.86,2.865,2.815,2.835,403922.0,2.983821813304888,3.1004889499055093,3.054636639723515,3.3966966781267516,3.6855558376794813,3.7579619476515345,3.9488914305990384,2.8708983843469422,2.890091067223206,3.0197871261661535,3.069930193933271,3.0381476039502964,3.066974457854827,3.4959567739682247,3.539468347242332,3.6025594554780844,3.66726154866551,3.7202593083700894,4.015009015378602,3.97287310065706,3.3966966781267516,3.4182933281415306,3.3822474140949694,"rgba(38, 166, 154, 0.75)",0.1938897708576446,3.0213868707083704,-0.9613032698110575,53.4889072887429,2.4379858628668813,True,False,True,False,False,0.0,0.0,0.0,0.0,0.0,0,0.8754988028731046,0.8854748603351956,False,False,False,False,-0.2172316600278364,-0.1933689795437469,False,False,False,False,206497.0,2285679.926980739,False,False,False,False,166146.0589878524,False,False,False,False
2025-09-26 17:00:00+00:00,2.865,2.91,2.865,2.89,172364.0,2.982044082820893,3.098021309474252,3.0534222353744647,3.3943606415780816,3.6827019788117483,3.755008386108087,3.9456129069018693,2.8717603142939505,2.8900453779023696,3.017875983828293,3.0680535799627746,3.0367615569992177,3.065721574236864,3.4933929604761538,3.536850835527319,3.5998489483771756,3.6644405217868283,3.717356794613424,4.011741130161787,3.9698730408686247,3.3943606415780816,3.4158816487241994,3.380286355310368,"rgba(38, 166, 154, 0.75)",0.19304487645185253,3.02015995515937,-0.674247136477787,52.714203957085594,2.4379858628668813,True,False,True,False,False,0.0,0.0,0.0,0.0,0.0,0,0.8842908798714343,0.8762555243069508,False,False,False,False,-0.19375311524341554,-0.1935610473935812,False,False,False,False,378861.0,2256116.8428415027,False,False,False,False,166242.46117408725,False,False,False,False
2025-09-29 17:00:00+00:00,2.985,3.025,2.96,2.995,202422.0,2.982285627888475,3.09661058191541,3.052911307835535,3.3922080922777567,3.679815996508612,3.7519824183994586,3.942168252392976,2.8784313020420083,2.893104968849844,3.017463981148396,3.0671576436183403,3.036294774306777,3.065130222250241,3.490927272380635,3.5342969771461354,3.5971578059850313,3.6615982239757763,3.7144023382651983,4.008283934767769,3.9667109312368507,3.3922080922777567,3.4139974681740313,3.3793046443056154,"rgba(38, 166, 154, 0.75)",0.1921851115906323,3.0205185622186033,-0.13278116086827513,55.38631705534079,2.4379858628668813,True,False,True,False,False,0.0,0.0,0.0,0.0,0.0,0,0.8887555022008803,0.8671468587434975,False,False,False,False,-0.14255575275104682,-0.168058400072314,False,False,False,False,581283.0,2230150.4266734174,False,False,False,False,166803.38425665954,False,False,False,False
2025-09-30 17:00:00+00:00,2.905,2.925,2.88,2.9,72950.0,2.981668746136504,3.095668432864509,3.05244926329195,3.391261019955557,3.678643752739455,3.7507667335127555,3.9408136066123385,2.8788818754728864,2.893195402383729,3.016767635059886,3.0664455975002647,3.035775296511108,3.0646503895344708,3.4898820221116345,3.533227513416948,3.5960474557909956,3.660440093772943,3.713208889873704,4.00693174935983,3.965469519773281,3.391261019955557,3.413038793587581,3.3785325723508985,"rgba(38, 166, 154, 0.75)",0.1923573064204217,3.020080805120794,-0.624259131900829,53.80258477528153,2.4379858628668813,True,False,True,False,False,0.0,0.0,0.0,0.0,0.0,0,0.889823717948718,0.8665865384615387,False,False,False,False,-0.18638362466467434,-0.1772210123684942,False,False,False,False,508333.0,2203455.5828490234,False,False,False,False,165348.2930278741,False,False,False,False
2025-10-01 17:00:00+00:00,2.97,3.035,2.95,2.95,393858.0,2.981536419368696,3.092684661651809,3.0512466525083624,3.387001189536998,3.6729938370496438,3.744850070822349,3.93409549507106,2.8883072539618566,2.8977886600237626,3.0155590314718044,3.064445223053003,3.0346030462923586,3.0633037509862135,3.4850294186450093,3.528208772678891,3.5907685621626406,3.6548734829681524,3.707428555666709,4.0001904540432,3.9592962527909132,3.387001189536998,3.409201189429845,3.3761386511341933,"rgba(38, 166, 154, 0.75)",0.19230648398785324,3.020144555726885,-0.364753981625058,54.221252894670755,2.4379858628668813,True,False,True,False,False,0.0,0.0,0.0,0.0,0.0,0,0.8993180906538306,0.858002406738869,False,False,False,False,-0.15681826896668616,-0.16701964066759017,False,False,False,False,902191.0,2183280.9381536897,False,False,False,False,168891.07918248072,False,False,False,False
2025-10-02 17:00:00+00:00,2.95,3.17,2.945,3.145,842088.0,2.989756660228189,3.0923743383655453,3.0524342490138197,3.380519824576671,3.663051651923984,3.7342447042356155,3.9216347770190834,2.9217287545363555,2.917322424890881,3.0200386359355704,3.065473903148312,3.0367797317558693,3.0640578864445587,3.477110529981557,3.519832390531081,3.5817231586001683,3.6451291897100253,3.6971616620378813,3.9875666028932533,3.947782487738898,3.380519824576671,3.404859457908987,3.3755159506311085,"rgba(38, 166, 154, 1.0)",0.1932481483658602,3.024183080337852,0.6251905681052915,58.72791287376455,3.1397157273855854,True,False,True,False,True,3.3216266827590815,0.0,0.0,0.0,0.0,0,0.8887564560985299,0.8561779896702426,False,False,False,False,-0.12446502345304059,-0.1457423320603154,False,False,False,False,1744279.0,2176474.7065544077,False,False,False,False,179328.24074554304,False,False,False,False
2025-10-03 17:00:00+00:00,3.125,3.125,3.035,3.06,396671.0,2.992725633962032,3.0919227920926255,3.052759197675094,3.3774285063148413,3.658378560913704,3.729266060725322,3.9157994493163533,2.9328765459630066,2.9245696931051124,3.0215745965309364,3.065641630366482,3.037485715316073,3.0641968101166333,3.473364661802869,3.5158776851712976,3.5774620361484106,3.6405470994336238,3.6923390574605803,3.98165392613149,3.942381116122224,3.3774285063148413,3.4026114572857105,3.3746131210514414,"rgba(38, 166, 154, 1.0)",0.19345362830997248,3.026099753543522,0.17523706715988427,58.987359634053064,3.5579103608593456,True,False,True,False,True,1.338811152529832,0.0,0.0,0.0,0.0,0,0.9012738853503185,0.8566878980891722,False,False,False,False,-0.11332929952714174,-0.12953581579372858,False,False,False,False,1347608.0,2163624.059941161,False,False,False,False,182697.89592778267,False,False,False,False
2025-10-06 17:00:00+00:00,2.935,2.955,2.905,2.905,208658.0,2.9914221543440536,3.0898251291249905,3.051695710025885,3.3750286167183026,3.655320435002997,3.726078555712871,3.912215223175391,2.932459099801209,2.9245004478110044,3.0200826058718526,3.0640433391542437,3.036320894621821,3.063082657915706,3.470685477957123,3.513122059818215,3.5745833816661037,3.6375295314657854,3.689217808056037,3.978060097230423,3.9390753697238434,3.3750286167183026,3.4002265463006416,3.3725202131610286,"rgba(38, 166, 154, 0.75)",0.1936088515212413,3.0236237999844713,-0.6126982266172731,55.20101953648805,3.5579103608593456,True,False,True,False,False,0.0,0.0,0.0,0.0,0.0,0,0.8904494382022471,0.8792134831460675,False,False,False,False,-0.18823657024478274,-0.15888619301925566,False,False,False,False,1138950.0,2147737.6404071893,False,False,False,False,183100.37816146045,False,False,False,False
2025-10-07 17:00:00+00:00,2.845,2.85,2.815,2.84,252236.0,2.988028789728032,3.0860855161584473,3.0495912602630275,3.371612864070456,3.651224628735822,3.7218472369905147,3.9075407053355966,2.9282608253971074,2.9219920811252718,3.0168006435532297,3.06101036078614,3.0339026970163605,3.0609475615106163,3.4669754825604553,3.5093417140266725,3.5706796320222565,3.633477849934672,3.6850560363070874,3.9733943467190116,3.934769716413446,3.371612864070456,3.396561571611699,3.3689699190286406,#000000,0.1942029680328791,3.0189240395804005,-0.9213249488036056,51.31041374553334,7.007517466879094,True,False,False,False,False,0.0,0.0,0.0,0.0,0.0,0,0.8749999999999999,0.885048231511254,False,False,False,False,-0.2380181392085767,-0.1984521661139162,False,False,False,False,886714.0,2128186.886292349,False,False,False,False,184172.2482674843,False,False,False,False
2025-10-08 17:00:00+00:00,2.815,2.875,2.815,2.845,239012.0,2.9851478684181174,3.08277900085458,3.0477256982522327,3.3684754014998717,3.6474282048552635,3.7179194623738585,3.903189491576897,2.9249954989028253,2.920000300718427,3.013961621995846,3.0583335148865234,3.0317768180117914,3.0590488856428912,3.4635547285323605,3.505850795549959,3.5670681485065643,3.629723768220809,3.681195655224392,3.9690467479535565,3.930757486568858,3.3684754014998717,3.3932378754044024,3.365793382362677,"rgba(239, 83, 80, 0.5)",0.19475308923288592,3.0152867685211167,-0.8743726181282157,48.85583713433116,4.703504478766881,True,False,False,True,False,0.0,0.0,0.0,0.0,0.0,0,0.8693729903536977,0.8846463022508041,False,False,False,False,-0.2315758000519259,-0.21501398308292105,False,False,False,False,1125726.0,2112644.857047506,False,False,False,False,185022.47697651555,False,False,False,False
2025-10-09 17:00:00+00:00,2.815,2.96,2.815,2.94,501376.0,2.981898710464406,3.077807296129472,3.0450469003621974,3.3627545120098548,3.640166341276495,3.710351966720904,3.8946877699407687,2.9234755560696866,2.9192281743053634,3.0103110437923557,3.054448574139938,3.028852997283842,3.056259118679503,3.457184186555893,3.4992999447333264,3.560227821436498,3.622557145326306,3.673784762545151,3.960515803184507,3.9228961143321848,3.3627545120098548,3.387530499557728,3.3606954801834275,#000000,0.19473204042364015,3.011374608915723,-0.36652729956738267,49.76911493551849,4.703504478766881,True,False,False,False,False,0.0,0.0,0.0,0.0,0.0,0,0.8739026336791699,0.8762968874700717,False,False,False,False,-0.20980907200053459,-0.21241152754172782,False,False,False,False,1627102.0,2105117.0608142116,False,False,False,False,189927.1827598254,False,False,False,False
2025-10-10 17:00:00+00:00,2.9,3.0,2.88,2.96,454059.0,2.9806510206938204,3.07456801430605,3.043402625342401,3.358154671264353,3.634077165213964,3.703967540625335,3.8874313295703122,2.924969218366756,2.920450283378854,3.0084368448092618,3.0520309462487045,3.027171555273113,3.0544907456994714,3.4519649471728306,3.4938967603467566,3.5545401289935636,3.616557920981758,3.6675515208813536,3.953207499816506,3.9161671159008384,3.358154671264353,3.383178909573748,3.3570334990669055,#000000,0.1943102145010553,3.0098527936476196,-0.2565629077999339,50.88310524980115,4.703504478766881,True,False,False,False,False,0.0,0.0,0.0,0.0,0.0,0,0.8805256869772998,0.876941457586619,False,False,False,False,-0.18318646501811603,-0.19779899627992192,False,False,False,False,2081161.0,2104745.6490186425,False,False,False,False,194022.24969378157,False,False,False,False
2025-10-13 17:00:00+00:00,2.96,2.96,2.85,2.865,80202.0,2.980097865239894,3.0737734837864257,3.0429559954205385,3.3572455455397643,3.632927540062052,3.7027698175091985,3.8860868677489537,2.9245946177486353,2.9202256032492224,3.007832607716034,3.051398087400262,3.0266836409307936,3.0540279932484475,3.4509549847301475,3.492858517971335,3.553456523334129,3.6154232127922588,3.6663784558555608,3.9518576040707827,3.914921296322761,3.3572455455397643,3.3822653021866897,3.356201011182336,#000000,0.1941032278532475,3.009250159605549,-0.743162085458,49.08844466474052,4.596920179974461,True,False,False,False,False,0.0,0.0,0.0,0.0,0.0,0,0.891025641025641,0.8794070512820513,False,False,False,False,-0.20090405671903155,-0.19935152649947674,False,False,False,False,2000959.0,2103136.55368502,False,False,False,False,192257.59465976947,False,False,False,False
2025-10-14 17:00:00+00:00,2.855,2.875,2.83,2.83,52127.0,2.9795542289606476,3.073129385058804,3.04257800965844,3.35659752401332,3.6321353323022025,3.7019485742754226,3.885174068405055,2.924016935934058,2.9198458821345863,3.007286804385954,3.0508700436480107,3.0262594447061963,3.0536425942300593,3.4502459045822147,3.4921334017075503,3.5527046058442897,3.614640186043895,3.6655721141936564,3.9509435455206128,3.9140763497411046,3.35659752401332,3.3815881603819844,3.3555567548209377,"rgba(239, 83, 80, 0.5)",0.1939536955977449,3.00867382924489,-0.9212189986596336,47.04159303923613,2.44306426118375,False,False,False,True,False,0.0,0.0,0.0,0.0,0.0,0,0.8904494382022472,0.8840288924558588,False,False,False,False,-0.22771947479295693,-0.21353550064621685,False,False,False,False,1948832.0,2100744.235023237,False,False,False,False,190085.02730070328,False,False,False,False
2025-10-15 17:00:00+00:00,2.855,2.865,2.82,2.825,124982.0,2.9781888001857038,3.0715438627824176,3.0416396095334646,3.3550252570777785,3.630222332402578,3.6999668300298243,3.882974524796446,2.9225228982356093,2.9188512235739177,3.005926508226482,3.0495641150418877,3.025204005830468,3.0526876306880237,3.4485292078945813,3.4903791214690703,3.550887107610078,3.6127489760199847,3.663625658579878,3.9487416279152554,3.912040144826092,3.3550252570777785,3.379937316686888,3.3539775558393328,"rgba(239, 83, 80, 0.5)",0.1943552983120569,3.0072421816172077,-0.9376753975834476,45.549167816648044,0.8153399642733206,False,False,False,True,False,0.0,0.0,0.0,0.0,0.0,0,0.8876449420231907,0.8824470211915236,False,False,False,False,-0.2328627416905958,-0.22319912116840632,False,False,False,False,1823850.0,2096451.3011469075,False,False,False,False,189075.67804022724,False,False,False,False
2025-10-16 17:00:00+00:00,2.825,2.825,2.74,2.755,305328.0,2.9735155473844426,3.0667377334259536,3.0386853453205918,3.350759498131947,3.6252174766198926,3.694811054685482,3.8773167871711403,2.9165390995230576,2.9147208490671868,3.0014828374459874,3.0455103025338692,3.0218245904780954,3.04971592980445,3.4439455359436315,3.4857212870586327,3.546095261700829,3.6077933373316617,3.6585474910418196,3.943094542934417,3.906806898636402,3.350759498131947,3.375291920391349,3.349369074115388,"rgba(239, 83, 80, 1.0)",0.19584598195683076,3.002484962212654,-1.2636713796211851,42.80456278417091,-1.9520428584274114,False,True,False,True,False,0.0,0.0,0.0,0.0,0.0,0,0.8847389558232931,0.8851405622489962,False,False,False,False,-0.2639883657932827,-0.2435937434808445,False,False,False,False,1518522.0,2087491.1569430795,False,False,False,False,190878.0396209989,False,False,False,False
2025-10-17 17:00:00+00:00,2.775,2.805,2.745,2.75,398119.0,2.967540499973058,3.060561681024674,3.0348352396064926,3.3452272911432837,3.6187283787795894,3.6881259469623138,3.8699816872266477,2.9090906166008774,2.9094369192402327,2.995775506880754,3.040274699612847,3.0174373940233505,3.045843571841133,3.4380030223181377,3.4796820465534384,3.5398820071920487,3.6013679409444466,3.651963193814045,3.935770767359015,3.900015346141139,3.3452272911432837,3.3692858178165794,3.3434263871170353,"rgba(239, 83, 80, 1.0)",0.19736523512519283,2.9965621021468936,-1.2492681499378253,40.8527765145376,-3.932964061136559,False,True,False,True,False,0.0,0.0,0.0,0.0,0.0,0,0.8825180433039294,0.888933440256616,False,False,False,False,-0.2679132829587746,-0.25575351321980955,False,False,False,False,1120403.0,2072497.5421067525,False,False,False,False,194091.07776640978,False,False,False,False
