date,Close,High,Low,Open,Volume,aVWAP_peak_193,aVWAP_peak_187,aVWAP_peak_176,aVWAP_peak_162,aVWAP_valley_188,aVWAP_valley_171,aVWAP_valley_159,aVWAP_valley_136,aVWAP_valley_126,aVWAP_valley_121,aVWAP_valley_95,aVWAP_valley_91,aVWAP_valley_63,aVWAP_valley_53,aVWAP_OB_bull_136,aVWAP_OB_bull_95,aVWAP_OB_bull_63,Peaks_avg,Valleys_avg,color,StDev,StDev_Mean,StdDev_ZScore,QQEMOD,QQE1_Value,QQE1_Above_Upper,QQE1_Below_Lower,QQE2_Above_Threshold,QQE2_Below_Threshold,QQE2_Above_TL,banker_RSI,OB,OB_High,OB_Low,OB_Mitigated_Index,TTM_squeeze_Active,VI_plus,VI_minus,VI_Regular_Bullish,VI_Regular_Bearish,VI_Hidden_Bullish,VI_Hidden_Bearish,Fisher,Fisher_Signal,Fisher_Regular_Bullish,Fisher_Regular_Bearish,Fisher_Hidden_Bullish,Fisher_Hidden_Bearish,OBV,OBV_Smoothed,OBV_Regular_Bullish,OBV_Regular_Bearish,OBV_Hidden_Bullish,OBV_Hidden_Bearish,Volume_MA,Vol_Regular_Bullish,Vol_Regular_Bearish,Vol_Hidden_Bullish,Vol_Hidden_Bearish
2021-12-31 00:00:00+00:00,166.717,172.943,166.5585,171.037,234531540,,,,,,,,,,,,,,,,,,,,#000000,,,,,,False,False,False,False,False,,0.0,0.0,0.0,0.0,0,,,False,False,False,False,,,False,False,False,False,0,0.0,False,False,False,False,234531540.0,False,False,False,False
2022-01-07 00:00:00+00:00,162.554,171.4,161.93721,167.55,297460700,,,,,,,,,,,,,,,,,,,,#000000,,,,0.0,,False,False,False,True,False,,0.0,0.0,0.0,0.0,0,,,False,False,False,False,,,False,False,False,False,-297460700,-22034125.925925925,False,False,False,False,239192959.25925928,False,False,False,False
2022-01-14 00:00:00+00:00,162.138,166.878,156.3045,160.5855,298290680,,,,,,,,,,,,,,,,,,,,#000000,,,,0.0,-50.0,False,False,False,True,True,,0.0,0.0,0.0,0.0,0,,,False,False,False,False,,,False,False,False,False,-595751380,-64531700.30178326,False,False,False,False,243570568.20301783,False,False,False,False
2022-01-21 00:00:00+00:00,142.643,159.734495,142.0704,159.105,354499200,,,,,,,,,,,,,,,,,,,,#000000,,,,0.0,-50.0,False,False,False,True,True,,0.0,0.0,0.0,0.0,0,,,False,False,False,False,,,False,False,False,False,-950250580,-130140506.20535487,False,False,False,False,251787503.8916832,False,False,False,False
2022-01-28 00:00:00+00:00,143.978,145.18475,135.352,139.0,494378880,,,,,,,,,,,,,,,,,,,,#000000,,141.50491666666667,,1.638622680906585,-48.45098949695549,False,False,False,True,True,,0.0,0.0,0.0,0.0,0,,,False,False,False,False,,,False,False,False,False,-455871700,-154268742.782736,False,False,False,False,269757235.4552622,False,False,False,False
2022-02-04 00:00:00+00:00,157.6395,161.2,138.333,144.75,703844260,,,,,,,,,,,,,,,,,,,,#000000,,147.89937668408186,,13.206724062579415,-37.58272779298946,False,False,False,True,True,,0.0,0.0,0.0,0.0,0,,,False,False,False,False,,,False,False,False,False,247972560,-124473090.72475557,False,False,False,False,301911829.8659835,False,False,False,False
2022-02-11 00:00:00+00:00,153.2935,163.8345,152.73375,158.52,392818900,,,,,,,,,,,,,,,,,,,,#000000,,150.05259119162037,,20.070023548015364,-31.618244566164286,False,False,False,True,True,,0.0,0.0,0.0,0.0,0,,,False,False,False,False,,,False,False,False,False,-144846340,-125982220.3006996,False,False,False,False,308645686.91294765,False,False,False,False
2022-02-18 00:00:00+00:00,152.6015,160.34875,150.893,151.751,320542240,,,,,,,,,,,,,,,,,,,,#000000,,150.81753667247585,,24.765473792689118,-27.841353765460948,False,False,False,True,True,,0.0,0.0,0.0,0.0,0,,,False,False,False,False,,,False,False,False,False,-465388580,-151123432.1302774,False,False,False,False,309526913.0675441,False,False,False,False
2022-02-25 00:00:00+00:00,153.7885,153.99,139.5,150.4785,292352340,,,,,,,,,,,,,,,,,,,,#000000,,150.58875465922353,,28.745547802336723,-24.741480446909698,False,False,False,True,True,,0.0,0.0,0.0,0.0,0,,,False,False,False,False,,,False,False,False,False,-173036240,-152746603.08359018,False,False,False,False,308254722.46994823,False,False,False,False
2022-03-04 00:00:00+00:00,145.641,154.45,143.807,152.425,276072040,,,,,,,,,,,,,,,,,,,,#000000,,150.29679227986983,,29.350189190660252,-24.741480446909698,False,False,False,True,True,,0.0,0.0,0.0,0.0,0,,,False,False,False,False,-0.13242364244582508,-0.13242364244582508,False,False,False,False,-449108280,-174699319.89221314,False,False,False,False,305870820.0647669,False,False,False,False
2022-03-11 00:00:00+00:00,145.5245,149.675,133.5725,145.4435,465216560,,,,,,,,,,,,,,,,,,,,#000000,,146.0281070438848,,29.75481186054585,-24.741480446909698,False,False,False,True,True,,0.0,0.0,0.0,0.0,0,,,False,False,False,False,-0.3052568172860344,-0.21884022986592971,False,False,False,False,-914324840,-229486395.4557529,False,False,False,False,317674208.2081175,False,False,False,False
2022-03-18 00:00:00+00:00,161.2505,161.594,140.884,145.981,408835540,,,,,,,,,,,,,,,,,,,,#000000,,149.08503104756315,,36.15628711330003,-19.068389082959335,False,False,False,True,True,,0.0,0.0,0.0,0.0,0,,,False,False,False,False,0.009570470508120828,-0.10463487967890445,False,False,False,False,-505489300,-249931055.05162308,False,False,False,False,324426899.4519606,False,False,False,False
2022-03-25 00:00:00+00:00,164.7735,166.37,159.553,161.12075,288330480,,,,,,,,,,,,,,,,,,,,#000000,,151.5141357852948,,41.672558813929335,-14.253084805286285,False,False,False,True,True,,0.0,0.0,0.0,0.0,0,,,False,False,False,False,0.3428282511515965,0.11909668573634602,False,False,False,False,-217158820,-247503482.08483618,False,False,False,False,321753090.6036672,False,False,False,False
2022-04-01 00:00:00+00:00,163.56,170.8315,162.3195,164.975,299229960,,,,,,,,,,,,,,,,,,,,#000000,,157.48747295119634,,45.21897527823047,-11.344702993027255,False,False,False,True,True,,0.0,0.0,0.0,0.0,0,,,False,False,False,False,0.34282825159996794,0.23096246866815698,False,False,False,False,-516388780,-267420911.5600335,False,False,False,False,320084710.5589511,False,False,False,False
2022-04-08 00:00:00+00:00,154.4605,168.3945,154.23075,164.125,295593220,,,,,,,,,,,,,,,,,,,,#000000,,156.7992513437664,,45.180481510225604,-11.344702993027255,False,False,False,True,True,,0.0,0.0,0.0,0.0,0,,,False,False,False,False,0.19315836335724787,0.21206041601270242,False,False,False,False,-811982000,-307758769.962994,False,False,False,False,318270526.0731029,False,False,False,False
2022-04-15 00:00:00+00:00,151.7065,156.025,149.6,152.713,212278800,,,,,,,,,,,,,,,,,,,,#000000,,155.8197524570687,,44.49344332114579,-11.344702993027255,False,False,False,True,True,,0.0,0.0,0.0,0.0,0,,,False,False,False,False,-0.03405897311299447,0.08900072144985398,False,False,False,False,-1024260800,-360832994.4101796,False,False,False,False,310419287.10472494,False,False,False,False
2022-04-22 00:00:00+00:00,144.35,158.649,143.697505,151.5235,297659840,,,,,,,,,,,,,,,,,,,,#000000,,154.49478543441833,,42.44064092402705,-11.344702993027255,False,False,False,True,True,,0.0,0.0,0.0,0.0,0,,,False,False,False,False,-0.07756078135443753,0.005719970047708224,False,False,False,False,-1321920640,-432024671.8612774,False,False,False,False,309474142.8747453,False,False,False,False
2022-04-29 00:00:00+00:00,124.2815,146.2215,121.625,144.023,598820220,,,,,,,,,,,,,,,,,,,,#000000,,148.98126418472972,,38.075247063391885,-4.3173444187004435,False,False,False,True,False,,0.0,0.0,0.0,0.0,0,,,False,False,False,False,-0.34282825441539394,-0.16855414218384285,False,False,False,False,-1920740860,-542299945.0567384,False,False,False,False,330907185.62476414,False,False,False,False
2022-05-06 00:00:00+00:00,114.7725,126.2205,113.08125,122.401,606748660,,,,,,,,,,,,,,,,,,,,#000000,,143.47718543152897,,34.01559602888837,-8.077494677886165,False,False,False,True,False,,0.0,0.0,0.0,0.0,0,,,False,False,False,False,-0.34282825441539394,-0.2556911982996184,False,False,False,False,-2527489520,-689351024.6821651,False,False,False,False,351339887.4303372,False,False,False,False
2022-05-13 00:00:00+00:00,113.055,114.0,102.4055,111.3125,568971540,,,,,,,,,,,,,,,,,,,,#000000,,138.82648328679736,,30.959421451745264,-10.860774884445718,False,False,False,True,False,,0.0,0.0,0.0,0.0,0,,,False,False,False,False,-0.34282825441539394,-0.2992597263575062,False,False,False,False,-3096461060,-867655471.7427454,False,False,False,False,367460750.5836455,False,False,False,False
2022-05-20 00:00:00+00:00,107.591,115.8,105.00934,113.1,447035840,,,,,,,,,,,,,,,,,,,,#000000,,136.01967573243883,,28.293263278402254,-13.300002212453009,False,False,False,True,False,,0.0,0.0,0.0,0.0,0,,,False,False,False,False,-0.3151375450568311,-0.30719863570716865,False,False,False,False,-3543496900,-1065865947.9099494,False,False,False,False,373355201.6515236,False,False,False,False
2022-05-27 00:00:00+00:00,115.1465,115.187,101.26,108.461,490514900,,,,,,,,,,,,,,,,,,,,#000000,,127.86485385072372,,28.56132498975512,-13.300002212453009,False,False,False,True,False,,0.0,0.0,0.0,0.0,0,,,False,False,False,False,-0.34256499269394086,-0.32488181420055473,False,False,False,False,-3052982000,-1213059729.5462494,False,False,False,False,382033697.8254848,False,False,False,False
2022-06-03 00:00:00+00:00,122.35,125.61,115.675,116.28,470327140,,,,,,,,,,,,,,,,,,,,#000000,,128.44859847502792,,30.575996966562826,-13.300002212453009,False,False,False,True,False,,0.0,0.0,0.0,0.0,0,,,False,False,False,False,-0.19166099807383072,-0.25827140613719274,False,False,False,True,-2582654860,-1314511220.6909719,False,False,False,False,388573952.80137485,False,False,False,False
2022-06-10 00:00:00+00:00,109.65,128.99,109.05,125.245,438796518,,,,,,,,,,,,,,,,,,,,#000000,,122.3240190816538,,30.534186590237425,-13.300002212453009,False,False,False,True,False,,0.0,0.0,0.0,0.0,0,,,False,False,False,False,-0.1981256290815739,-0.2281985176093833,False,False,False,False,-3021451378,-1440951232.3434925,False,False,False,False,392294142.81608784,False,False,False,False
2022-06-17 00:00:00+00:00,106.22,109.06,101.43,104.19,435976011,,,,,,,,,,,,,,,,,,,,#000000,,119.54891059571102,,30.152967792193564,-13.300002212453009,False,False,False,True,False,,0.0,0.0,0.0,0.0,0,,,False,False,False,False,-0.34282825441539394,-0.2855133860123886,False,False,False,False,-3457427389,-1590319836.5402708,False,False,False,False,395529836.7556369,False,False,False,False
2022-06-24 00:00:00+00:00,116.46,116.71,103.56,108.2,265154294,,,,,,,,,,,,,,,,,,,,#000000,,119.2760985651947,,32.19622067710721,-13.300002212453009,False,False,False,True,False,,0.0,0.0,0.0,0.0,0,,,False,False,False,False,-0.2658183469597775,-0.27566586648608304,False,False,False,False,-3192273095,-1708983040.870621,False,False,False,False,385872389.14410824,False,False,False,False
2022-07-01 00:00:00+00:00,109.56,117.98,102.52,117.09,374381181,,,,,,,,,,,,,,,,,,,,#000000,,118.61077801388986,,32.84209296624767,-13.300002212453009,False,False,False,True,False,,0.0,0.0,0.0,0.0,0,0.8037698031261314,1.148306216319647,False,False,False,False,-0.2182140159183189,-0.24693994120220097,False,False,False,False,-3566654276,-1846588317.5468712,False,False,False,False,385021188.5408409,False,False,False,False
2022-07-08 00:00:00+00:00,115.54,116.99,106.3242,107.6,247235315,,,,,,,,,,,,,,,,,,,,#000000,,118.45934481024197,,34.54294038090651,-13.300002212453009,False,False,False,True,True,,0.0,0.0,0.0,0.0,0,0.8285573489797244,1.1462130643774684,False,False,False,False,-0.05520711667235641,-0.15107352893727868,False,False,False,False,-3319418961,-1955686883.7285845,False,False,False,False,374814827.53781563,False,False,False,False
2022-07-15 00:00:00+00:00,113.55,115.59,106.01,114.08,304655044,,,,,,,,,,,,,,,,,,,,#000000,,118.1658606268056,,35.502276823022456,-13.300002212453009,False,False,False,True,True,,0.0,0.0,0.0,0.0,0,0.8433323655388578,1.1376699814906976,False,False,False,False,-0.09214986904480021,-0.12161169899103945,False,False,False,False,-3624074005,-2079271114.9338746,False,False,False,False,369617806.53501445,False,False,False,False
2022-07-22 00:00:00+00:00,122.42,125.5,113.15,115.0,303077473,,,,,,,,,,,,,,,,,,,,#000000,,118.55220369190883,,37.94732000710354,-19.28514925414219,False,False,False,True,True,,0.0,0.0,0.0,0.0,0,0.9095699217926893,1.0977912246336774,False,False,False,False,0.2806715944967104,0.07952994775283548,False,False,False,False,-3320996532,-2171250775.457291,False,False,False,False,364688892.9398282,False,False,False,False
2022-07-29 00:00:00+00:00,134.95,137.65,114.53,122.695,410016770,,,,,,,,,,,,,,,,,,,,#000000,,119.73076318255978,,41.779939772816704,-15.436772069583853,False,False,False,True,True,,0.0,0.0,0.0,0.0,0,0.9358404248288714,1.0186994385479273,False,False,False,False,0.342828250862227,0.21117909930753126,False,False,False,False,-2910979762,-2226045515.2011957,False,False,False,False,368046513.4628039,False,False,False,False
2022-08-05 00:00:00+00:00,140.8,143.56,133.51,134.96,331869002,,,,,,,,,,,,,,,,,,,,#000000,,121.18841653156908,,45.36925982427458,-11.918917562099239,False,False,False,True,True,,0.0,0.0,0.0,0.0,0,0.9803218699042006,1.0490194706363187,False,False,False,False,0.3428282521905287,0.27700367574902995,False,False,False,False,-2579110760,-2252198496.2974033,False,False,False,False,365366697.7988925,False,False,False,False
2022-08-12 00:00:00+00:00,143.55,144.6,136.21,142.05,240022829,,,,,,,,,,,,,,,,,,,,#000000,,122.19941986670946,,48.32369545775688,-9.06689066276543,False,False,False,False,True,,0.0,0.0,0.0,0.0,0,0.9455957845452146,1.0541228105200422,False,False,False,False,0.34282825230885905,0.3099159640289445,False,False,False,False,-2339087931,-2258634750.7198176,False,False,False,False,356081966.7767523,False,False,False,True
2022-08-19 00:00:00+00:00,138.23,146.57,137.9142,142.8,231518800,,,,,,,,,,,,,,,,,,,,#000000,,126.31820312214803,,49.503795740509645,-7.914255893174989,False,False,False,False,True,,-1.0,146.57,137.9142,98.0,0,0.955964852016592,1.0380944689822031,False,False,False,False,0.34282825241345966,0.3263721082212021,False,False,False,False,-2570606731,-2281743786.2961273,False,False,False,False,346855065.5340299,False,False,False,False
2022-08-26 00:00:00+00:00,130.75,137.83,130.5,135.72,216159531,,,,,,,,,,,,,,,,,,,,#000000,,125.75605164157567,,49.13406751220731,-7.914255893174989,False,False,False,False,True,,0.0,0.0,0.0,0.0,0,0.9663888812124843,1.044859750274277,False,False,False,False,0.16545906210978698,0.24591558516549455,False,False,False,False,-2786766262,-2319152858.5704885,False,False,False,False,337173914.82780546,False,False,False,False
2022-09-02 00:00:00+00:00,127.51,132.0745,123.66,129.9,264885351,,,,,,,,,,,,,,,,,,,,#000000,,125.11811113930355,,48.37144674871773,-7.914255893174989,False,False,False,False,True,,0.0,0.0,0.0,0.0,0,0.9322477681254892,1.0640737094241992,False,False,False,False,0.03345798483491733,0.13968678500020595,False,False,False,False,-3051651613,-2373412025.565267,False,False,False,False,331819206.39611614,False,False,False,False
2022-09-09 00:00:00+00:00,133.27,133.69,124.74,127.92,184935249,,,,,,,,,,,,,,,,,,,,#000000,,125.17823878145015,,48.813183792653305,-7.914255893174989,False,False,False,False,True,,0.0,0.0,0.0,0.0,0,0.9659291989091658,1.045624289326664,False,False,False,False,0.056608999086356485,0.09814789204328123,False,False,False,False,-2866716364,-2409953087.6715436,False,False,False,False,320938913.2556631,False,False,False,False
2022-09-16 00:00:00+00:00,123.53,136.49,120.7,134.095,340392641,,,,,,,,,,,,,,,,,,,,#000000,,124.9619361073367,,47.63659193638717,-7.914255893174989,False,False,False,False,True,,0.0,0.0,0.0,0.0,0,0.929547557049239,1.0751344070972566,False,False,False,False,0.04356174303808328,0.07085481754068225,False,False,False,False,-3207109005,-2469001674.1403184,False,False,False,False,322379930.125614,False,False,False,False
2022-09-23 00:00:00+00:00,113.78,124.71,112.06,122.16,273562717,,,,,,,,,,,,,,,,,,,,#000000,,124.11697443888227,,45.50782241597494,-7.914255893174989,False,False,False,True,True,,0.0,0.0,0.0,0.0,0,0.8461303984368166,1.1251192986695038,False,False,False,False,-0.34282825441539394,-0.13598671843735585,False,False,False,False,-3480671722,-2543940196.2039986,False,False,False,False,318763840.2644574,False,False,False,False
2022-09-30 00:00:00+00:00,113.0,118.7,112.84,113.295,297031011,,,,,,,,,,,,,,,,,,,,#000000,,123.29130641074936,,43.88883534643918,-7.914255893174989,False,False,False,True,False,,0.0,0.0,0.0,0.0,0,0.8386427177801967,1.1589007488439933,False,False,False,False,-0.34282825441539394,-0.23940748642637488,False,False,False,False,-3777702733,-2635330013.744443,False,False,False,False,317154001.0596828,False,False,False,False
2022-10-07 00:00:00+00:00,114.56,123.0,112.45,113.58,258903688,,,,,,,,,,,,,,,,,,,,#000000,,122.83341676861573,,43.04249431736232,-7.914255893174989,False,False,False,True,False,,0.0,0.0,0.0,0.0,0,0.861147299755883,1.1394098081447215,False,False,False,False,-0.2890477398673803,-0.2642276131468776,False,False,False,False,-3518799045,-2700772164.2078176,False,False,False,False,312839163.05526185,False,False,False,False
2022-10-14 00:00:00+00:00,106.9,116.25,105.345,115.1,299106015,,,,,,,,,,,,,,,,,,,,#000000,,121.94739900674945,,41.42435992646259,-2.2694737327435206,False,False,False,True,False,,0.0,0.0,0.0,0.0,0,0.855371236855561,1.1199376904051768,False,False,False,False,-0.34282825441539394,-0.30352793378113574,False,False,False,False,-3817905060,-2783522749.0813127,False,False,False,False,311821892.8289462,False,False,False,False
2022-10-21 00:00:00+00:00,119.32,119.59,110.09,110.11,280043144,,,,,,,,,,,,,,,,,,,,#000000,,121.62500286704807,,42.610184554770434,-2.2694737327435206,False,False,False,True,False,,0.0,0.0,0.0,0.0,0,0.8777654126736256,1.1085221617586984,False,False,False,False,-0.25024693760406214,-0.27688743569259894,False,False,False,False,-3537861916,-2839399724.4086227,False,False,False,False,309467911.4342094,False,False,False,False
2022-10-28 00:00:00+00:00,103.41,121.3152,97.66,119.98,522207349,,,,,,,,,,,,,,,,,,,,#000000,,120.3312172528846,,41.47435353797099,-2.4830770559419832,False,False,False,True,False,,0.0,0.0,0.0,0.0,0,0.9077765455459461,1.0642634082490878,False,False,False,False,-0.34282825441539394,-0.30985784505399644,False,False,False,False,-4060069265,-2929819690.3783545,False,False,False,False,325226388.2909347,False,False,False,False
2022-11-04 00:00:00+00:00,90.98,104.87,88.04,103.56,654167864,,,,,,,,,,,,,,,,,,,,#000000,,117.78513630861062,,39.41507591855476,-4.626578736242543,False,False,False,True,False,,0.0,0.0,0.0,0.0,0,0.9054851986175125,1.0524529536348335,False,False,False,False,-0.34282825441539394,-0.3263430497346952,False,False,False,False,-4714237129,-3061998759.905884,False,False,False,False,349592423.5286432,False,False,False,False
2022-11-11 00:00:00+00:00,100.79,101.19,85.87,91.95,542000753,,,,,,,,,,,,,,,,,,,,#000000,,110.19387892452943,,39.58293800044217,-4.626578736242543,False,False,False,True,False,,0.0,0.0,0.0,0.0,0,0.9349734190012164,1.028007686092755,False,False,False,False,-0.34282825441539394,-0.33458565207504454,False,False,False,False,-4172236376,-3144238583.320263,False,False,False,False,363844892.3783733,False,False,False,False
2022-11-18 00:00:00+00:00,94.14,103.79,92.48,98.77,453874267,,,,,,,,,,,,,,,,,,,,#000000,,109.40454475682452,,39.021674192218526,-5.342091155388097,False,False,False,True,False,,0.0,0.0,0.0,0.0,0,0.9474182661443847,1.0254985109054457,False,False,False,False,-0.24830409691778677,-0.29144487449641565,False,False,False,False,-4626110643,-3254006884.03728,False,False,False,False,370513734.94293827,False,False,False,False
2022-11-25 00:00:00+00:00,93.41,95.02,90.59,93.97,241025525,,,,,,,,,,,,,,,,,,,,#000000,,108.72365702382378,,38.545955070981066,-6.012855325988703,False,False,False,True,False,,0.0,0.0,0.0,0.0,0,0.951733856969414,1.0521515261330412,False,False,False,False,-0.34282825441539394,-0.31713656445590477,False,False,False,False,-4867136168,-3373497942.1085925,False,False,False,False,360922015.6879058,False,False,False,False
2022-12-02 00:00:00+00:00,94.13,97.23,91.44,93.93,384419765,,,,,,,,,,,,,,,,,,,,#000000,,107.93343707326645,,38.33685101283558,-6.444873959420363,False,False,False,True,False,,0.0,0.0,0.0,0.0,0,0.9090158582705521,1.0779497790832397,False,False,False,False,-0.29799678764419946,-0.3075666760500521,False,False,False,False,-4482716403,-3455662272.544993,False,False,False,False,362662589.71102387,False,False,False,False
2022-12-09 00:00:00+00:00,89.09,94.06,87.48,93.05,355830427,,,,,,,,,,,,,,,,,,,,#000000,,106.97541937527585,,37.62651569353348,-7.368567334960119,False,False,False,True,False,0.0,0.0,0.0,0.0,0.0,0,0.9136793102044208,1.1032418548132814,False,False,False,False,-0.34282825441539394,-0.325197465232723,False,False,False,False,-4838546830,-3558098165.689808,False,False,False,False,362156503.5842814,False,False,False,False
2022-12-16 00:00:00+00:00,87.86,96.25,86.73,89.21,463456747,,,,,,,,,,,,,,,,,,,,#000000,,105.93127912198497,,36.98192875096855,-8.21945751859026,False,False,False,True,False,0.0,0.0,0.0,0.0,0.0,0,0.9390497352632441,1.0306567274094265,False,False,False,False,-0.32083040199819607,-0.32301393361545955,False,False,False,False,-5302003577,-3687276344.305378,False,False,False,False,369660225.31877905,False,False,False,False
2022-12-23 00:00:00+00:00,85.25,87.63,82.25,87.51,356011886,,,,,,,,,,,,,,,,,,,,#000000,,104.90992834189329,,36.22284601184232,-9.169957178899224,False,False,False,True,False,0.0,0.0,0.0,0.0,0.0,0,0.9139589648649846,1.0865855029263427,False,False,False,False,-0.34282825441539394,-0.33292109401542674,False,False,False,False,-5658015463,-3833257019.764239,False,False,False,False,368649237.2210917,False,False,False,False
2022-12-30 00:00:00+00:00,84.0,85.35,81.69,84.97,232909699,,,,,,,,,,,,,,,,,,,,#000000,,104.25685794019947,,35.534139941424705,-10.039540666516068,False,False,False,True,False,0.0,0.0,0.0,0.0,0.0,0,0.9120412515767952,1.1029641420389267,False,False,False,False,-0.34282825441539394,-0.33787467421541034,False,False,False,False,-5890925162,-3985676882.152073,False,False,False,False,358594456.61212194,False,False,False,False
2023-01-06 00:00:00+00:00,86.08,86.98,81.43,85.46,296825349,,,,,,,,,,,,,,84.83000000000001,,,,,84.83000000000001,#000000,,97.35346302907953,,35.53279352549798,-10.248458963365891,False,False,False,True,False,0.0,0.0,0.0,0.0,0.0,0,0.8955667757257476,1.0953248141950764,False,False,False,False,-0.3084935771936123,-0.3231841257045113,False,False,False,False,-5594099813,-4104819321.4741416,False,False,False,False,354018967.15937215,False,False,False,False
2023-01-13 00:00:00+00:00,98.12,98.37,87.08,87.46,406953053,,,,,,,,,,,,,,90.43507623214425,,,,,90.43507623214425,#000000,,98.57720172954504,,38.08473908496136,-10.248458963365891,False,False,False,True,True,0.0,0.0,0.0,0.0,0.0,0,0.9145289199752096,1.0452803460531477,False,False,False,False,0.08590001570284037,-0.11864205500083548,False,False,False,False,-5187146760,-4184991724.327909,False,False,False,False,357940010.5549742,False,False,False,False
2023-01-20 00:00:00+00:00,97.25,99.32,92.86,98.68,288809573,,,,,,,,,,,,,,92.19297497521063,,,,,92.19297497521063,#000000,,98.95958701917121,,39.77268938110175,-14.323208882275395,False,False,False,True,True,0.0,0.0,0.0,0.0,0.0,0,0.9076485107844202,1.0793485224153114,False,False,False,False,0.24228161712082263,0.06181978105999358,False,False,False,False,-5475956333,-4280618732.377693,False,False,False,False,352819237.4027539,False,False,False,False
2023-01-27 00:00:00+00:00,102.24,103.485,91.52,97.56,393991296,,,,,,,,,,,,,,94.15037086596543,,,,,94.15037086596543,#000000,,99.47777957691794,,41.95839402157571,-12.164273079773096,False,False,False,True,True,0.0,0.0,0.0,0.0,0.0,0,0.8932067137639093,1.1135070501452775,False,False,False,False,0.3428282491183611,0.20232401508917733,False,False,False,False,-5081965037,-4339977717.905272,False,False,False,False,355869019.5210684,False,False,False,False
2023-02-03 00:00:00+00:00,103.39,114.0,99.01,101.09,520198305,,,,,,,,,,,,,,97.2376307375402,,,,,97.2376307375402,#000000,,100.0168245101243,,43.74339746544943,-10.432965229849685,False,False,False,True,True,0.0,0.0,0.0,0.0,0.0,0,0.8517789018405952,1.093985424134263,False,False,False,False,0.34282825119304183,0.27257613314110957,False,False,False,False,-4561766732,-4356406533.76414,False,False,False,False,368041559.18617445,False,False,False,False
2023-02-10 00:00:00+00:00,97.61,103.9484,96.23,102.925,394687426,,,,,,,,,,,,,,97.58493510355054,,,,,97.58493510355054,#000000,,99.48823509279342,,43.99554441855227,-10.17046258524882,False,False,False,True,True,0.0,0.0,0.0,0.0,0.0,0,0.8306397685265693,1.1362471343342277,False,False,False,False,0.14682022889128804,0.2096981810161988,False,False,False,False,-4956454158,-4400854505.929759,False,False,False,False,370015327.09830964,False,False,False,False
2023-02-17 00:00:00+00:00,97.2,101.17,95.65,97.85,273466819,,,,,,,,,,,,,,97.62972447936883,,,,,97.62972447936883,#000000,,99.23105306321582,,44.10408844538485,-9.994832124146079,False,False,False,True,True,0.0,0.0,0.0,0.0,0.0,0,0.8198453192212972,1.1560917778243853,False,False,False,False,0.09786837631540207,0.15378327866580044,False,False,False,False,-5229920977,-4462266837.120147,False,False,False,False,362863585.7576941,False,False,False,False
2023-02-24 00:00:00+00:00,93.5,97.01,92.3186,95.335,221635260,,,,,,,,,,,,,,97.36394888794784,,,,,97.36394888794784,#000000,,98.82041200636341,,43.52899738268876,-9.994832124146079,False,False,False,True,True,0.0,0.0,0.0,0.0,0.0,0,0.8338444600799738,1.140874827250014,False,False,False,False,-0.009998681328258034,0.0718922986687712,False,False,False,False,-5451556237,-4535547533.407543,False,False,False,False,352402228.29416126,False,False,False,False
2023-03-03 00:00:00+00:00,94.9,94.94,90.39,94.28,255063564,,,,,,,,,,,,,,97.03346711850885,,,,,97.03346711850885,#000000,,98.39283951556551,,43.45642565143968,-9.994832124146079,True,False,False,True,True,0.0,0.0,0.0,0.0,0.0,0,0.8506464117751235,1.128512957752022,False,False,False,False,-0.06750937744729735,0.0021914606107369256,False,False,False,False,-5196492673,-4584506432.636614,False,False,False,False,345191956.8649641,False,False,False,False
2023-03-10 00:00:00+00:00,90.73,96.545,90.245,95.19,272158346,,,,,,,,,,,,,,96.6628038402498,,,,,96.6628038402498,#000000,,97.96816881375318,,42.647403180596505,-9.994832124146079,True,False,False,True,True,0.0,0.0,0.0,0.0,0.0,1,0.8442005209886854,1.12990912525602,False,False,False,False,-0.05807416903155149,-0.027941354210407283,False,False,False,False,-5468651019,-4649998624.219087,False,False,False,False,339782059.7638557,False,False,False,False
2023-03-17 00:00:00+00:00,98.95,100.99,88.12,89.97,375900695,,,,,,,,,,,,,96.02000000000001,96.5974928464081,,,96.02000000000001,,96.30874642320406,#000000,,96.28702979602839,,44.01240267103705,-9.699495483581245,True,False,False,True,True,0.0,1.0,100.99,88.12,0.0,1,0.850075445126245,1.124816416859471,False,False,False,False,-0.24463611091325957,-0.13628873256183344,False,False,False,False,-5092750324,-4682795046.42508,False,False,False,False,342457514.2257923,False,False,False,False
2023-03-24 00:00:00+00:00,98.13,102.1,95.7,98.41,292165662,,,,,,,,,,,,,97.16726316023724,96.74722881830607,,,97.16726316023724,,96.95724598927166,#000000,,96.67096367802986,,44.82354439386485,-8.821699921699057,True,False,False,True,True,0.0,0.0,0.0,0.0,0.0,1,0.9131565369930865,1.0748323186461668,False,False,False,False,-0.03267781370686779,-0.08448327313435061,False,False,False,False,-5384915986,-4734804004.912111,False,False,False,False,338732191.8386966,False,False,False,False
2023-03-31 00:00:00+00:00,103.29,103.49,96.29,99.07,245608340,,,,,,,,,,,,,98.2038279214672,96.99507682573007,,,98.2038279214672,,97.59945237359864,#000000,,97.10833304840186,,46.54768626571003,-7.083858270513716,True,False,False,False,True,0.0,0.0,0.0,0.0,0.0,0,0.9128542987911252,1.0440449069228084,False,False,False,False,0.01454582098423258,-0.03496872607505901,False,False,False,False,-5139307646,-4764767237.585288,False,False,False,False,331834128.7395339,False,False,False,False
2023-04-07 00:00:00+00:00,102.06,104.2,99.8008,102.3,178781642,,,,,,,,,,,,,98.82839218193342,97.19851020046161,,,98.82839218193342,,98.01345119119752,#000000,,97.41206262740278,,47.50473233817456,-6.111918878201273,True,False,False,False,True,0.0,0.0,0.0,0.0,0.0,0,0.9270239471886709,1.0603038268505316,False,False,False,False,0.11569876325599322,0.04036501859046711,False,False,False,False,-5318089288,-4805754056.134525,False,False,False,False,320496907.49956846,False,False,False,False
2023-04-14 00:00:00+00:00,102.51,103.2013,97.705,100.96,273789699,,,,,,,,,,,,,99.29138107058073,97.42853015237978,,,99.29138107058073,,98.35995561148025,#000000,,97.69223607369062,,48.293553358184184,-5.298323634459003,True,False,False,False,True,0.0,0.0,0.0,0.0,0.0,0,0.9469092523124855,1.0369252183206172,False,False,False,False,0.22429884106934994,0.13233192982990852,False,False,False,False,-5044299589,-4823424095.606042,False,False,False,False,317037114.2773782,False,False,False,False
2023-04-21 00:00:00+00:00,106.96,108.15,101.39,103.16,282451994,,,,,,,,,,,,,100.35503054584171,97.88701355161764,,,100.35503054584171,,99.12102204872969,#000000,,98.29511422067505,,49.883647642778094,-3.7200967879984574,True,False,False,False,True,0.0,0.0,0.0,0.0,0.0,0,0.954936528609113,1.044886578470805,False,False,False,False,0.34282824829678504,0.23758008906334677,False,False,False,False,-4761847595,-4818862873.338928,False,False,False,False,314475253.5160909,False,False,False,False
2023-04-28 00:00:00+00:00,105.45,110.86,102.45,107.655,487100756,,,,,,,,,,,,,101.70022643369708,98.63345098528006,,,101.70022643369708,,100.16683870948857,#000000,,99.17768769651477,,50.62556832473896,-2.971527393922308,True,False,False,False,True,0.0,0.0,0.0,0.0,0.0,0,1.0156486879049396,1.0434616225413182,False,False,False,False,0.3428282491212008,0.29020416909227376,False,False,False,False,-5248948351,-4850721056.869378,False,False,False,False,327262327.7741583,False,False,False,False
2023-05-05 00:00:00+00:00,105.655,105.96,101.15,104.95,315546638,,,,,,,,,,,,,102.02908674083609,98.94060589525505,,,102.02908674083609,,100.48484631804557,#000000,,99.48232163968123,,51.20587157230708,-2.361664439388214,True,False,False,False,True,0.0,0.0,0.0,0.0,0.0,0,1.0584329803384587,0.9880317992077856,False,False,False,False,0.1858637523083528,0.2380339607003133,False,False,False,False,-4933401713,-4856845549.916091,False,False,False,False,326394498.9019984,False,False,False,False
2023-05-12 00:00:00+00:00,110.26,113.28,104.7001,105.04,296925396,,,,,,,,,,,,,102.82689029920466,99.4527267792765,,,102.82689029920466,,101.13980853924059,#000000,,100.0570179515861,,52.72897005079454,-0.8434860081144819,True,False,False,False,True,0.0,0.0,0.0,0.0,0.0,0,1.0902565164933204,0.9303560999832395,False,False,False,False,0.3428282496660816,0.2904311051831975,False,False,False,False,-4636476317,-4840521903.033418,False,False,False,False,324211602.39073926,False,False,False,False
2023-05-19 00:00:00+00:00,116.25,118.6,109.25,111.15,318369624,,,,,,,,,,,,,104.05952175297794,100.21234218386907,,,104.05952175297794,,102.1359319684235,#000000,,100.92282085109255,,55.08989091099682,1.440374707317936,True,False,True,False,True,0.0,0.0,0.0,0.0,0.0,0,1.0803533021105363,0.9153345442421705,False,False,False,False,0.342828250591658,0.31662967788742774,False,False,False,False,-4318106693,-4801824480.067979,False,False,False,False,323778863.2506845,False,False,False,False
2023-05-26 00:00:00+00:00,120.11,121.5,113.78,116.77,365081893,,,,,,,,,,,,,105.59186332339294,101.19866373267368,,,105.59186332339294,,103.39526352803331,#000000,,102.02947489595965,,57.51294418050249,3.7289417684905573,True,False,True,False,True,0.0,0.0,0.0,0.0,0.0,0,1.1121735723199044,0.8564488431648041,False,False,False,False,0.3428282504631121,0.3297289641752699,False,False,False,False,-3953024800,-4738950429.692573,False,False,False,False,326838346.935819,False,False,False,False
2023-06-02 00:00:00+00:00,124.25,126.39,119.17,122.37,251723626,,,,,,,,,,,,,106.7999724438858,101.99154092756771,,,106.7999724438858,,104.39575668572675,"rgba(38, 166, 154, 0.5)",23.451899490805555,102.91296965451714,0.9098209871591918,59.97848337073815,6.015805818692911,True,False,True,False,True,0.0,0.0,0.0,0.0,0.0,0,1.1346468240488259,0.8437501603549254,False,False,False,False,0.3428282511796681,0.336278607677469,False,False,False,False,-3701301174,-4662087521.863493,False,False,False,False,321274293.5331657,False,False,False,False
2023-06-09 00:00:00+00:00,123.43,127.4,120.63,123.36,302863903,,,,,,,,,,,,,108.09308616196175,102.8959134181002,,,108.09308616196175,,105.49449979003097,"rgba(38, 166, 154, 0.5)",22.788398145436943,103.8988668330201,0.8570647678845628,61.46064509088501,7.342030502431946,True,False,True,False,True,0.0,0.0,0.0,0.0,0.0,0,1.162717781827916,0.8227694125441921,False,False,False,False,0.3428282512719326,0.3395534294747008,False,False,False,False,-4004165077,-4613352525.947679,False,False,False,False,319910560.90107936,False,False,False,False
2023-06-16 00:00:00+00:00,125.49,128.41,123.53,124.02,299166199,,,,,,,,,,,,,109.32989198891549,103.79680465188063,,,109.32989198891549,,106.56334832039806,"rgba(38, 166, 154, 0.5)",22.216164858859752,104.86790701560204,0.9282472071759906,62.89963236578149,8.647287220177368,True,False,True,False,True,0.48196603235154356,0.0,0.0,0.0,0.0,0,1.1852355505244665,0.8242152428696389,False,False,False,False,0.34282825151277224,0.3411908404937365,False,False,False,False,-3704998878,-4546067070.544147,False,False,False,False,318373941.5009994,False,False,False,False
2023-06-23 00:00:00+00:00,129.33,130.84,123.85,124.97,271350140,,,,,,,,,,,,,110.44205760448607,104.63041335907397,,,110.44205760448607,,107.53623548178001,"rgba(38, 166, 154, 1.0)",21.65250533995028,105.75645844080101,1.088721198267264,64.6062049395388,10.224587041388602,True,False,True,False,True,1.9930516441925121,0.0,0.0,0.0,0.0,0,1.2101228001221853,0.7690786394092584,False,False,False,False,0.3428282513020789,0.34200954589790766,False,False,False,False,-3433648738,-4463665712.577913,False,False,False,False,314890696.94536984,False,False,False,False
2023-06-30 00:00:00+00:00,130.36,131.49,127.1,129.33,254051480,,,,,,,,,,,,,111.45638524090079,105.4117930107204,,,111.45638524090079,,108.4340891258106,"rgba(38, 166, 154, 1.0)",21.506710251965107,106.58231236719104,1.1055938985664424,66.00279308781747,11.514287603798792,True,False,True,False,True,2.3960173165807106,0.0,0.0,0.0,0.0,0,1.2291112539738753,0.7547387913602414,False,False,False,False,0.34282825153793617,0.3424188987179219,False,False,False,False,-3179597258,-4368549530.757327,False,False,False,False,310384088.28274983,False,False,False,False
2023-07-07 00:00:00+00:00,129.78,131.85,127.37,130.82,146850293,,,,,,,,,,,,,111.9957825563191,105.84188755928275,,,111.9957825563191,,108.91883505780092,"rgba(38, 166, 154, 1.0)",21.331960905096736,107.03216877784183,1.0663731910704537,66.76397042422131,12.222135144875288,True,False,True,False,True,2.151329714760685,0.0,0.0,0.0,0.0,0,1.2331590254213836,0.7600002506524798,False,False,False,False,0.342828251572724,0.34262357514532293,False,False,False,False,-3326447551,-4291356791.5160437,False,False,False,False,298270473.817361,False,False,False,False
2023-07-14 00:00:00+00:00,134.68,136.65,125.915,129.07,281521569,,,,,,,,,,,,,113.0929721592832,106.71551486722713,,,113.0929721592832,,109.90424351325517,"rgba(38, 166, 154, 1.0)",20.90536465609541,107.94648029347738,1.278787533549571,68.17855102188537,13.589491417796872,True,False,True,False,True,4.084094545580019,0.0,0.0,0.0,0.0,0,1.2029269494570016,0.796941433634543,False,False,False,False,0.3428282510929344,0.3427259131191287,False,True,False,False,-3044925982,-4199028583.403744,False,False,False,False,297029814.2012602,False,False,False,False
2023-07-21 00:00:00+00:00,130.0,135.99,128.415,134.56,351078241,,,,,,,,,,,,,114.24696343154189,107.69039282545576,,,114.24696343154189,,110.96867812849882,"rgba(38, 166, 154, 1.0)",20.52805204400433,108.94942559801717,1.0254540643631656,67.33387665661202,13.589491417796872,True,False,True,False,True,2.090745608176583,0.0,0.0,0.0,0.0,0,1.184575332800866,0.806553117813129,False,False,False,False,0.3428282503631021,0.34277708174111543,False,False,False,False,-3396004223,-4139545297.4479113,False,False,False,False,301033401.3715372,False,False,False,False
2023-07-28 00:00:00+00:00,132.21,133.01,126.11,130.305,237746327,,,,,,,,,,,,,114.90766667202615,108.28146679262086,,,114.90766667202615,,111.5945667323235,"rgba(38, 166, 154, 1.0)",20.177622031458846,109.54804035464433,1.1231234091918023,67.16576403837021,13.589491417796872,True,False,True,False,True,2.9656372066760532,0.0,0.0,0.0,0.0,0,1.1844133612050205,0.8397001643053156,False,False,False,False,0.21341919518590452,0.27809813846350995,False,False,False,False,-3158257896,-4066857341.7851033,False,False,False,False,296345469.9366085,False,False,False,False
2023-08-04 00:00:00+00:00,139.57,143.63,126.41,133.2,379520261,,,,,,,,,,,,,116.23002171381606,109.40653126811787,,,116.23002171381606,,112.81827649096697,"rgba(38, 166, 154, 1.0)",19.886157071157253,118.54424357847162,1.057306162588044,68.3299220813428,13.83384415012803,True,False,True,False,True,5.787997595577043,0.0,0.0,0.0,0.0,0,1.1440295985872242,0.8410414758491425,False,False,False,False,0.34282824836426967,0.31046319341388984,False,True,False,False,-2778737635,-3971441067.208429,False,False,False,False,302506565.57093376,False,False,False,False
2023-08-11 00:00:00+00:00,138.41,142.54,137.0,140.99,274775193,,,,,,,,,,,,,117.20862024220315,110.2446334846821,,,117.20862024220315,,113.72662686344262,"rgba(38, 166, 154, 1.0)",19.758598315150252,119.51312909276794,0.9563872196714759,68.70724690761529,14.298377713067168,True,False,True,False,True,5.282119727638573,0.0,0.0,0.0,0.0,0,1.217579662751523,0.791011723931828,False,False,False,False,0.34282824971429826,0.32664572156409405,False,False,False,False,-3053512828,-3903446382.8226194,False,False,False,False,300452389.82493865,False,False,False,False
2023-08-18 00:00:00+00:00,133.22,141.2778,131.15,138.3,228457906,,,,,,,,,,,,,117.82164643838918,110.81315455289767,,,117.82164643838918,,114.31740049564343,"rgba(38, 166, 154, 1.0)",19.561084649084457,119.7949417310312,0.6863146144402145,67.05368616747238,14.298377713067168,True,False,True,False,True,3.050811577190643,0.0,0.0,0.0,0.0,0,1.18467951992766,0.7881100167528085,False,False,False,False,0.16131039228434993,0.24397805692422198,False,False,False,False,-3281970734,-3857411149.5764995,False,False,False,False,295119465.09716547,False,False,False,False
2023-08-25 00:00:00+00:00,133.26,136.775,130.58,133.74,204972331,,,,,,,,,,,,,118.28746182314444,111.26805884236215,,,118.28746182314444,,114.7777603327533,"rgba(38, 166, 154, 1.0)",18.942087708380534,119.97528008917895,0.7013334599302636,65.88101877303927,14.298377713067168,True,False,True,False,False,3.066534680255799,0.0,0.0,0.0,0.0,0,1.198790216296241,0.7923353972168308,False,False,False,False,0.006374329098262633,0.1251761930112423,False,False,False,False,-3076998403,-3799602797.97824,False,False,False,False,288441899.60848653,False,False,False,False
2023-09-01 00:00:00+00:00,138.12,139.96,131.85,133.78,208664368,,,,,,,,,,,,,118.82507647501757,111.77483404486286,,,118.82507647501757,,115.29995525994022,"rgba(38, 166, 154, 1.0)",18.2435176412197,120.37695481700611,0.9725671075026108,66.03886770814749,14.298377713067168,True,False,True,False,False,4.964042755842986,0.0,0.0,0.0,0.0,0,1.2115295901051615,0.7692404471580058,False,False,False,False,0.08669386402326304,0.10593502851725267,False,False,False,False,-2868334035,-3730619926.646518,False,False,False,False,282532452.8226727,False,False,False,False
2023-09-08 00:00:00+00:00,138.23,138.8519,133.16,137.73,169287086,,,,,,,,,,,,,119.24104911875055,112.17299745098553,,,119.24104911875055,,115.70702328486804,"rgba(38, 166, 154, 1.0)",17.55789152621166,120.69159893227128,0.9988899317179487,66.17343762678315,14.298377713067168,True,False,True,False,False,5.006684951037318,0.0,0.0,0.0,0.0,0,1.2196541044253517,0.7824395739587656,False,False,False,False,0.08690045580142482,0.09641774215933874,False,False,False,False,-2699046949,-3654207113.487517,False,False,False,False,274143907.13210434,False,False,False,False
2023-09-15 00:00:00+00:00,140.39,145.86,138.64,138.75,326841086,,,,,,,,,,,,,120.20129324233876,113.05269621194851,,,120.20129324233876,,116.62699472714364,"rgba(0, 255, 255, 0.75)",17.200696088502,128.75971107365268,0.6761522246836106,66.70667459480813,14.298377713067168,True,False,True,False,False,5.85029895817593,0.0,0.0,0.0,0.0,0,1.2636544371286178,0.760755081845697,False,False,False,False,0.34282824857884847,0.2196229953690936,False,True,False,False,-2372205863,-3559244057.895849,False,False,False,False,278047401.8630596,False,False,False,False
2023-09-22 00:00:00+00:00,129.12,141.75,128.52,140.48,280817356,,,,,,,,,,,,,120.66078153419987,113.55496396849885,,,120.66078153419987,,117.10787275134936,"rgba(38, 166, 154, 0.5)",16.735148819871373,127.87123980798404,0.0746190073035492,63.13296682030307,17.14293372418605,True,False,True,False,False,0.9749919347980835,0.0,0.0,0.0,0.0,0,1.1644190298615695,0.7956339139820294,False,False,False,False,-0.04006871331030322,0.08977714102939519,False,False,False,False,-2653023219,-3492116588.3480086,False,False,False,False,278252583.65098107,False,False,False,False
2023-09-29 00:00:00+00:00,127.12,131.78,123.04,129.36,302586179,,,,,,,,,,,,127.31333333333332,120.90614614166763,113.9160994737914,,,120.90614614166763,,120.71185964959746,"rgba(38, 166, 154, 0.5)",16.433750394278245,129.52205918506797,-0.14616622057885803,60.003664078651404,14.146772887618894,True,False,True,False,False,0.15434857600177665,0.0,0.0,0.0,0.0,1,1.1324917281031417,0.8545822496428933,False,False,False,False,-0.34282825441539394,-0.12652555669299936,False,False,False,False,-2955609398,-3452375314.988897,False,False,False,False,280055072.19535285,False,False,False,False
2023-10-06 00:00:00+00:00,127.96,130.47,124.13,127.28,230295946,,,,,,,,,,,,127.4026485744979,121.08673554524664,114.18254798600474,,,121.08673554524664,,120.89064403524976,"rgba(38, 166, 154, 0.5)",16.469839271343023,129.07094081639715,-0.06745304541800606,57.99362676116423,12.283860181872,True,False,True,False,False,0.49922839511318173,0.0,0.0,0.0,0.0,1,1.1191014191145696,0.8660939072727809,False,False,False,False,-0.34282825441539394,-0.23467690555419665,False,False,False,False,-2725313452,-3398518880.693423,False,False,False,False,276369210.9956971,False,False,False,False
2023-10-13 00:00:00+00:00,129.79,134.48,124.76,126.22,223047465,,,,,,,,,,,,128.0736290170314,121.30804630783686,114.47099526842449,,,121.30804630783686,,121.2842235310976,"rgba(38, 166, 154, 0.5)",16.567873548155077,129.0595787663837,0.04408660118592104,57.05568177390758,11.442816444771047,True,False,True,False,False,1.254636530843328,0.0,0.0,0.0,0.0,1,1.1299858090459742,0.8443367908073174,False,False,False,False,-0.23163431287588146,-0.23315560921503906,False,False,False,False,-2502265987,-3332129777.456873,False,False,False,False,272419452.03305286,False,False,False,False
2023-10-20 00:00:00+00:00,125.17,133.07,124.97,130.69,252244712,,,,,,,,,,,,127.98932120353727,121.49005093228153,114.74452534571036,,,121.49005093228153,,121.40796582717638,"rgba(38, 166, 154, 0.5)",16.613563755013278,128.76514963785627,-0.21639846157459147,54.96202608434925,9.469298591153645,True,False,True,False,False,0.0,0.0,0.0,0.0,0.0,1,1.1122329541640033,0.8762859113831557,False,False,False,False,-0.25975556503659125,-0.24645558712581517,False,False,False,False,-2754510699,-3289343179.05266,False,False,False,False,270925026.8454193,False,False,True,False
2023-10-27 00:00:00+00:00,127.74,130.02,118.35,124.63,395043681,,,,,,,,,,,125.37,127.25191169018818,121.65478072194799,115.07691274840948,,125.37,121.65478072194799,,122.33840129013642,"rgba(38, 166, 154, 0.5)",16.662137231381404,128.99931583581565,-0.07557949009349564,54.206108389235,8.776274542714418,True,False,True,False,False,0.39156491642631863,1.0,130.02,118.35,0.0,1,1.073701743077352,0.9058016058264126,False,False,True,False,-0.34282825441539394,-0.2946419207706046,False,False,False,False,-2359467018,-3220463463.4191294,False,False,False,False,280119001.2272401,False,False,False,False
2023-11-03 00:00:00+00:00,138.6,139.49,128.56,129.72,281900829,,,,,,,,,,,129.60926983205758,128.6400856023142,122.06338262899723,115.52394902503734,,129.60926983205758,122.06338262899723,,123.95917177210158,"rgba(38, 166, 154, 1.0)",16.886697438735215,130.6126377413594,0.4729972978801015,56.241700806063974,8.776274542714418,True,False,True,False,False,4.708685359037158,0.0,0.0,0.0,0.0,1,1.1208780716610445,0.83842754685184,False,False,False,False,0.029510360563654366,-0.1325657801034751,False,False,False,False,-2077566189,-3135804406.0547495,False,False,False,False,280250988.4696667,False,False,False,False
2023-11-10 00:00:00+00:00,143.56,143.65,138.36,138.76,228630916,,,,,,,,,,,132.70137400860375,130.21903764129846,122.52444051517143,115.9821647940129,,132.70137400860375,122.52444051517143,,125.35675423977165,"rgba(38, 166, 154, 1.0)",17.18398270729704,132.15024572702401,0.6639761263336774,58.63121795014153,8.776274542714418,True,False,True,False,True,6.554453747692055,0.0,0.0,0.0,0.0,1,1.1521659833374673,0.8507987444502546,False,False,False,False,0.29258711456256103,0.08001066722954296,False,False,False,False,-1848935273,-3040480766.5692124,False,False,False,False,276427279.39783955,False,False,False,False
2023-11-17 00:00:00+00:00,145.18,147.29,139.52,142.08,255562790,,,,,,,,,,,135.18743162498754,131.84215523458755,123.06933708781241,116.51667211161379,,135.18743162498754,123.06933708781241,,126.65389901475032,"rgba(0, 255, 255, 0.75)",17.509233838023686,133.60872446447823,0.6608670397897809,60.62905030167245,5.715042171848758,True,False,True,False,True,7.148258676392654,0.0,0.0,0.0,0.0,1,1.1372313875781412,0.8576473305080929,False,False,False,False,0.34282825056181615,0.21141945889567956,False,False,False,False,-1593372483,-2933287560.3789005,False,False,False,False,274881761.66466624,False,False,False,False
2023-11-24 00:00:00+00:00,146.74,147.74,141.5,145.13,181283139,,,,,,,,,,,136.55665325467055,132.88211059782026,123.46290677781292,116.9013837617828,,136.55665325467055,123.46290677781292,,127.45076359802164,"rgba(0, 255, 255, 0.75)",17.82870919850015,134.51111667314936,0.6859096298390133,62.33929599601332,7.3086572270309915,True,False,True,False,True,7.721789212186337,0.0,0.0,0.0,0.0,1,1.1260239144584625,0.8683410639780291,False,False,False,False,0.3428282507909377,0.27712385484330865,False,False,False,False,-1412089344,-2820606211.0175004,False,False,False,False,267948530.35617244,False,False,False,False
2023-12-01 00:00:00+00:00,147.03,149.26,144.332,147.53,242850872,,,,,,,,,,,138.13718725454464,134.19231402952823,124.00463924915485,117.42812685935725,,138.13718725454464,124.00463924915485,,128.44056684814623,"rgba(38, 166, 154, 1.0)",18.175221634645,135.63833812032914,0.6267688014299897,63.61537162725758,8.5042558698511,True,False,True,False,True,7.829490652964719,0.0,0.0,0.0,0.0,1,1.1150677867653698,0.8831554028314054,False,False,False,False,0.34282825113974214,0.3099760529915254,False,False,False,False,-1169238472,-2698282674.7939816,False,False,False,False,266089444.55201152,False,False,False,False
2023-12-08 00:00:00+00:00,147.42,148.57,142.81,145.25,228856484,,,,,,,,,,,139.1627396664146,135.17140588408228,124.47973676956929,117.8979532356898,,139.1627396664146,124.47973676956929,,129.177958888939,"rgba(38, 166, 154, 1.0)",18.493029116423845,136.45719610843128,0.5928073666326809,64.60425646300108,9.457307055587108,True,False,True,False,True,7.976726395028965,0.0,0.0,0.0,0.0,1,1.1011631579790075,0.8908311244830854,False,False,False,False,0.3070122505169745,0.30849415175425,False,False,False,False,-940381988,-2568067809.1055384,False,False,False,False,263331447.47408473,False,False,False,False
2023-12-15 00:00:00+00:00,149.97,150.57,143.64,145.66,317107938,,,,,,,,,,,140.4865681955253,136.4732665094062,125.15699518034809,118.56379969382543,,140.4865681955253,125.15699518034809,,130.17015739477625,"rgba(0, 255, 255, 0.75)",18.870879705882103,137.56213254043124,0.6575139926148328,65.81933251774325,10.65891958478943,True,False,True,False,True,8.94278695595684,0.0,0.0,0.0,0.0,1,1.0907462388135314,0.8875765611309059,False,False,False,False,0.34282825118390337,0.3256612014690767,False,False,False,False,-623274050,-2424009012.1347575,False,False,False,False,267314891.21674514,False,False,False,False
2023-12-22 00:00:00+00:00,153.42,155.63,150.05,150.56,221546016,,,,,,,,,,,141.66801426418252,137.56486538007238,125.70536053186565,119.08735010890196,,141.66801426418252,125.70536053186565,,131.00639757125563,"rgba(0, 255, 255, 0.75)",19.30574032987815,138.52605166944485,0.771477709534133,67.33409600063284,12.161167880044445,True,False,True,False,True,10.23161396967393,0.0,0.0,0.0,0.0,0,1.1204028391657037,0.8737439091110942,False,False,False,False,0.3428282518306526,0.3342447266498646,False,False,False,False,-401728034,-2274210421.1618123,False,False,False,False,263924604.1636529,False,False,False,False
2023-12-29 00:00:00+00:00,151.94,154.78,151.03,153.56,123190092,,,,,,,,,,,142.211097444939,138.09587811217912,125.9961763444877,119.36787742290068,,142.211097444939,125.9961763444877,,131.4177573311266,"rgba(0, 255, 255, 0.75)",19.687112606112784,138.99223131299212,0.6576773824612371,67.75905609253655,12.634133028273652,True,False,True,False,True,9.509844956628072,0.0,0.0,0.0,0.0,0,1.1097617606912176,0.8806304459326281,False,False,False,False,0.34282825183650245,0.3385364892431835,False,False,False,False,-524918126,-2144633214.1127892,False,False,False,False,253499825.4848638,False,False,False,False
2024-01-05 00:00:00+00:00,145.24,152.38,144.05,151.54,197575069,,,,,,,,,,,142.58150146085498,138.5856917190777,126.35825087386141,119.73707128183892,,142.58150146085498,126.35825087386141,,131.81562883390825,"rgba(38, 166, 154, 1.0)",19.836907469536527,139.3954483542264,0.2946301813802915,65.39691690299622,12.634133028273652,True,False,True,False,True,6.328383455509911,0.0,0.0,0.0,0.0,0,1.0732139395149016,0.8959666597914473,False,False,False,False,0.1676005896254914,0.2530685394343375,False,False,False,False,-722493195,-2039289508.9933233,False,False,False,False,249357250.93042943,False,False,False,False
2024-01-12 00:00:00+00:00,154.62,157.17,146.15,146.74,224548296,,,,,,,,,,,143.36136368791037,139.39397369187228,126.85818133495309,120.22544379263721,,143.36136368791037,126.85818133495309,,132.45974062684323,"rgba(0, 255, 255, 0.75)",20.105688181961575,140.10684456183714,0.7218432568343413,65.66549642282862,12.634133028273652,True,False,True,False,True,9.833065466571838,0.0,0.0,0.0,0.0,0,1.0853275055807456,0.8922926740546124,False,False,False,False,0.26712709702627535,0.2600978182303064,False,False,False,False,-497944899,-1925115834.179003,False,False,False,False,247519550.56521243,False,False,False,False
2024-01-19 00:00:00+00:00,155.34,155.76,149.91,153.53,165839872,,,,,,,,,,,143.91933321790034,139.97537601241703,127.22953984736202,120.5880200420801,,143.91933321790034,127.22953984736202,,132.92806727993988,"rgba(0, 255, 255, 0.75)",20.344433682579222,140.62248689413948,0.7234171929033841,65.98917556945884,12.634133028273652,True,False,True,False,True,10.092525007637931,0.0,0.0,0.0,0.0,0,1.0920475237425304,0.894987027387899,False,False,False,False,0.33738052672502356,0.298739172477665,False,False,False,False,-332105027,-1807115033.6472251,False,False,False,False,241469204.0048263,False,False,False,False
2024-01-26 00:00:00+00:00,159.12,160.72,153.9,156.89,223996177,,,,,,,,,,,144.87269915240537,140.91064935546072,127.79301952117258,121.12668141057154,,144.87269915240537,127.79301952117258,,133.67576235990256,"rgba(0, 255, 255, 0.75)",20.747274665918464,141.46989168092432,0.8507193645086073,66.89943331199633,12.634133028273652,True,False,True,False,True,11.448040626134507,0.0,0.0,0.0,0.0,0,1.122155886580863,0.857015029903589,False,False,False,False,0.34282824857884847,0.3207837105282567,False,False,False,False,-108108850,-1681262723.7474306,False,False,False,False,240174905.7081725,False,False,False,False
2024-02-02 00:00:00+00:00,171.81,172.5,154.81,159.34,334522918,,,,,,,,,,,146.85821856074676,142.75010801759095,128.82285984132838,122.08128573327461,,146.85821856074676,128.82285984132838,,135.1281180382352,"rgba(0, 255, 0, 1.0)",21.57355435575092,143.17320529788603,1.3274027186197153,69.35296978286999,14.509264349453488,True,False,True,False,True,15.691048194727038,0.0,0.0,0.0,0.0,0,1.124789852077789,0.8518060923950165,False,False,False,False,0.34282825029261266,0.3318059804104347,False,False,False,False,226414068,-1539953331.7661395,False,False,False,False,247163647.359419,False,False,False,False
2024-02-09 00:00:00+00:00,174.45,175.0,167.65,170.2,244063315,,,,,,,,,,,148.4683690255152,144.23293286804528,129.65468205912725,122.84357763083855,,148.4683690255152,129.65468205912725,,136.29989039588156,"rgba(0, 255, 0, 1.0)",22.455955463813865,144.55874088056032,1.3311060919944935,71.41120008060808,16.5495008701904,True,False,True,False,True,16.519885528001083,0.0,0.0,0.0,0.0,0,1.1343555635159666,0.8361079513635695,False,False,False,False,0.34282825152615026,0.3373171159682925,False,False,False,False,470477383,-1391032538.079759,False,False,False,False,246933993.1105731,False,False,False,False
2024-02-16 00:00:00+00:00,169.51,175.39,165.75,174.8,248174046,,,,,,,,,,,149.78009841593826,145.49169844973318,130.42757964525038,123.56273129557367,,149.78009841593826,130.42757964525038,,137.31552695162387,"rgba(0, 255, 255, 0.75)",23.111118424252403,145.73358738539537,1.0287867587426696,71.12126021837075,16.5495008701904,True,False,True,False,True,14.141266959277537,0.0,0.0,0.0,0.0,0,1.1533761946693484,0.8279031939479403,False,False,False,False,0.3199106093884643,0.3286138626783784,False,False,False,False,222303337,-1271526176.9627397,False,False,False,False,247025848.88016027,False,False,False,False
2024-02-23 00:00:00+00:00,174.99,175.75,165.74,167.83,201663546,,,,,,,,,,,150.82570501482755,146.5017451497105,131.06389796142517,124.15490398534973,,150.82570501482755,131.06389796142517,,138.13656302782823,"rgba(0, 255, 0, 1.0)",23.931987545226242,146.67991113396906,1.1829393113518487,71.65248621423024,16.918779719579504,True,False,True,False,True,15.880538302807224,0.0,0.0,0.0,0.0,0,1.153259271976584,0.8083328564336558,False,False,False,False,0.32435092881052563,0.32648239574445204,False,False,False,False,423966883,-1145934098.4469812,False,False,False,False,243665678.2964447,False,False,False,False
2024-03-01 00:00:00+00:00,178.22,178.725,172.27,175.7,189477339,,,,,,,,,,,151.9013543757657,147.5293079551103,131.70428887459792,124.74634237012096,,151.9013543757657,131.70428887459792,,138.97032339389872,"rgba(0, 255, 0, 1.0)",24.780501148325495,147.64769057872945,1.2337244205949573,72.43526384208059,17.795235244721695,True,False,True,False,True,16.879547099919602,0.0,0.0,0.0,0.0,0,1.17911155977567,0.8078301759841406,False,False,False,False,0.3428282517006222,0.33465532372253715,False,False,False,False,613444222,-1015609778.4138714,False,False,False,False,239651727.2374488,False,False,False,False
2024-03-08 00:00:00+00:00,175.35,180.14,173.26,177.53,178657314,,,,,,,,,,,152.82996411217152,148.43067168213938,132.28972166806557,125.29023522360812,,152.82996411217152,132.28972166806557,,139.71014817149614,"rgba(0, 255, 255, 0.75)",25.486586964324765,148.49769790868916,1.0535856420829415,71.98728892940885,17.795235244721695,True,False,True,False,True,15.493086471532745,0.0,0.0,0.0,0.0,0,1.1766272037600891,0.7971300410793468,False,False,False,False,0.3428282518152267,0.3387417877688819,False,False,False,False,434786908,-908172986.8276588,False,False,False,False,235133622.55319333,False,False,False,False
2024-03-15 00:00:00+00:00,174.42,179.53,171.47,174.31,209865187,,,,,,,,,,,153.78659661100562,149.38032514447167,132.94118652361152,125.901041846524,,153.78659661100562,132.94118652361152,,140.5022875314032,"rgba(0, 255, 255, 0.75)",26.131074746638596,149.3939281536601,0.9577130710844235,71.339611575085,17.795235244721695,True,False,True,False,True,15.04380602739122,0.0,0.0,0.0,0.0,0,1.1443509095224136,0.83489457543987,False,False,False,False,0.3077300191068545,0.32323590343786823,False,False,False,False,224921721,-824240045.5070915,False,False,False,False,233261886.58629012,False,False,False,False
2024-03-22 00:00:00+00:00,178.87,181.415,173.52,175.8,148898429,,,,,,,,,,,154.49956072872487,150.08292721264772,133.42134031105115,126.34949596353475,,154.49956072872487,133.42134031105115,,141.08833105398963,"rgba(0, 255, 255, 0.75)",26.795496763818708,150.05930624620206,1.0752065545842133,71.53980679131708,17.795235244721695,True,False,True,False,True,16.462814340648638,0.0,0.0,0.0,0.0,0,1.206100459061453,0.8020834327489285,False,False,False,False,0.34282825140856305,0.3330320774232156,False,False,False,False,373820150,-735494845.8398997,False,False,False,False,227012741.57989827,False,False,False,False
2024-03-29 00:00:00+00:00,180.38,181.7,177.24,178.01,130798585,,,,,,,,,,,155.1384745145194,150.7110929227033,133.85182393976396,126.75092018298326,,155.1384745145194,133.85182393976396,,141.6130778899925,"rgba(0, 255, 255, 0.75)",27.529329917429912,150.6554987654436,1.0797393661128172,71.89928851183156,17.82580995866138,True,False,True,False,True,16.938619451215956,0.0,0.0,0.0,0.0,0,1.2552148793343663,0.7480002728007871,False,False,False,False,0.3428282510730762,0.3379301642481459,False,False,False,False,504618735,-643634580.5924996,False,False,False,False,219885767.0184243,False,False,False,False
2024-04-05 00:00:00+00:00,185.07,186.27,178.3762,180.79,173942256,,,,,,,,,,,156.05242868168844,151.6012408706577,134.45434350983282,127.30978554535525,,156.05242868168844,134.45434350983282,,142.35444965188356,"rgba(0, 255, 255, 0.75)",28.225830883324818,151.502695234037,1.1892406251818721,72.79898027137342,18.86636468887245,True,False,True,False,True,18.396789417655985,0.0,0.0,0.0,0.0,0,1.253520976948419,0.721464494337911,False,False,False,False,0.3428282504478897,0.34037920734801785,False,False,False,False,678560991,-545694167.8819441,False,False,False,False,216482543.9800225,False,False,False,False
2024-04-12 00:00:00+00:00,186.13,189.77,182.67,186.9,189775183,,,,,,,,,,,157.08522036744486,152.60401258713983,135.1339242467325,127.93855789237764,,157.08522036744486,135.1339242467325,,143.1904287734237,"rgba(0, 255, 255, 0.75)",28.710543622336534,161.80434851785876,0.8472724098200674,73.58162098055894,19.775500064669558,True,False,True,False,True,18.722746657018504,0.0,0.0,0.0,0.0,0,1.274714781418116,0.7203883419077641,False,False,False,False,0.3428282496827575,0.3416037285153877,False,True,False,False,868336174,-440951179.59439266,False,False,False,False,214504220.94446525,False,False,False,False
2024-04-19 00:00:00+00:00,174.63,188.69,173.44,187.425,199027855,,,,,,,,,,,157.84273862860422,153.38053385078035,135.72892775318138,128.50320065442327,,157.84273862860422,135.72892775318138,,143.86385022174733,"rgba(0, 255, 255, 0.75)",29.013403231162886,161.44413483352062,0.4544749563304115,70.12954769425619,19.775500064669558,True,False,True,False,False,13.105925663163834,0.0,0.0,0.0,0.0,0,1.220758907238678,0.7282858113433929,False,False,False,False,0.11308017366691732,0.2273419510911525,False,False,True,False,669308319,-358709735.2540673,False,False,False,False,213357823.46709743,False,False,False,False
2024-04-26 00:00:00+00:00,179.62,180.82,166.32,176.94,202325673,,,,,,,,,,175.58666666666664,158.44721368125232,154.0272414901739,136.27202173456055,129.02741007075187,,158.44721368125232,136.27202173456055,,150.67211072868105,"rgba(0, 255, 255, 0.75)",29.28556554434712,167.04354319709898,0.42944216951714653,68.53864332451474,22.429113677780038,True,False,True,False,False,14.705842598853444,0.0,0.0,0.0,0.0,0,1.2155077832111219,0.7543790191781383,False,False,False,False,-0.21266438942289093,0.007338780834130781,False,False,False,False,871633992,-267573162.8648771,False,False,False,False,212540627.13620132,False,False,False,False
2024-05-03 00:00:00+00:00,186.21,187.87,174.8,182.75,336824385,,,,,,,,,,180.19302519069745,159.76279244492304,155.3651183018385,137.30758962581072,130.00885132616418,,159.76279244492304,137.30758962581072,,152.5274753778868,"rgba(0, 255, 255, 0.75)",29.651941845319293,169.11684002262132,0.5764600533262185,68.42647873328157,22.30201687274078,True,False,True,False,False,16.735447811286708,0.0,0.0,0.0,0.0,0,1.209965301203925,0.7709174161229221,False,False,False,False,0.07527227222375678,0.04130552652894378,False,False,False,False,1208458377,-158237493.2452566,False,False,False,False,221746831.42240864,False,False,False,False
2024-05-10 00:00:00+00:00,187.48,191.7,184.8,186.28,172420695,,,,,,,,,,182.0831177015225,160.51763906706185,156.1195938493139,137.87662843012532,130.54401152394541,,160.51763906706185,137.87662843012532,,153.42819811439378,"rgba(0, 255, 255, 0.75)",30.005637592965083,178.2033439758819,0.30916376948753915,68.5325585178383,22.30201687274078,True,False,True,False,False,17.11859674504866,0.0,0.0,0.0,0.0,0,1.2093295099801127,0.7741359918718432,False,False,False,False,0.3428282493700424,0.1920668879494931,False,True,False,False,1380879072,-44228858.78264502,False,False,False,False,218093043.53926727,False,False,False,False
2024-05-17 00:00:00+00:00,184.7,188.31,182.73,188.0,211066800,,,,,,,,,,182.80682567823033,161.3014106897703,156.92137668043435,138.5188167359528,131.15513899363415,,161.3014106897703,138.5188167359528,,154.1407137556044,"rgba(0, 255, 255, 0.75)",30.14284151598281,178.32408970761924,0.2115231999279171,67.70834536725931,21.45257596750058,True,False,True,False,False,15.785097506410562,0.0,0.0,0.0,0.0,0,1.1964344038434518,0.8045426502732492,False,False,False,False,0.21030830198614944,0.20118759496782126,False,False,False,False,1169812272,45700113.86792127,False,False,False,False,217572581.0548771,False,False,False,False
2024-05-24 00:00:00+00:00,180.75,186.665,180.08,184.34,170641494,,,,,,,,,,182.75867548751256,161.8309910220199,157.47819602963764,138.99562054536423,131.61472418427155,,161.8309910220199,138.99562054536423,,154.53564145376117,"rgba(0, 255, 255, 0.75)",30.115635667949693,178.13179742457163,0.08693831351581828,65.89744570392727,19.63234799711627,True,False,True,False,False,13.918865660141659,0.0,0.0,0.0,0.0,0,1.1746124059815086,0.8145875449653655,False,False,False,False,0.11116754177416287,0.15617756837099206,False,False,False,False,999170778,116327570.47029749,False,False,False,False,214096204.23599732,False,False,False,False
2024-05-31 00:00:00+00:00,176.44,184.08,173.87,179.93,150089425,,,,,,,,,178.13000000000002,182.19993907262273,162.18145670860787,157.86621369374862,139.36527118682528,131.97808518601926,,162.18145670860787,139.36527118682528,,158.6201609746373,"rgba(38, 166, 154, 1.0)",29.89632224255401,181.58257124585623,-0.17201350735162893,63.36277780958321,17.170794919826164,False,False,True,False,False,11.929241612438972,0.0,0.0,0.0,0.0,0,1.1294348717892917,0.837639667970627,False,False,False,False,-0.08721638656719169,0.034480590901900185,True,False,False,False,849081353,170605628.43546063,False,False,False,False,209354961.32962716,False,False,False,False
2024-06-07 00:00:00+00:00,184.3,186.2888,175.92,177.7,149494046,,,,,,,,,180.14578593840915,182.1966828210834,162.60056619422255,158.31267292602539,139.76422964360114,132.36559329846443,,162.60056619422255,139.76422964360114,,159.23092180363435,"rgba(0, 255, 255, 0.75)",29.745796684361753,182.0151330364423,0.0768131036395783,63.0441543762072,16.86607446992231,False,False,True,False,False,14.450441553349723,0.0,0.0,0.0,0.0,1,1.142649297678707,0.8280889435247343,False,False,False,False,0.00874027474514776,0.021610432823523974,False,False,False,False,998575399,231936722.55135244,False,False,False,False,204920819.4533585,False,False,False,False
2024-06-14 00:00:00+00:00,183.66,188.35,182.23,184.07,160921777,,,,,,,,,181.75354590590524,182.46077863739012,163.08938720015234,158.82525636216045,140.2110555280214,132.79733242198424,,163.08938720015234,140.2110555280214,,159.85622600926897,"rgba(0, 255, 255, 0.75)",29.571911515112728,182.58561274504882,0.03633134281502603,62.63002043201904,16.4255154460635,False,False,True,False,False,14.154331579682069,0.0,0.0,0.0,0.0,1,1.167589598034566,0.8271955128776559,False,False,False,False,0.19952728385886864,0.11056885834119631,False,False,False,False,837653622,276804641.02903,False,False,False,False,201661631.1234801,False,False,False,False
2024-06-21 00:00:00+00:00,189.08,189.275,181.22,182.52,189919597,,,,,,,,,183.1467777998291,182.90344283447484,163.68438498465602,159.4449906928419,140.74771687604962,133.31493421042438,,163.68438498465602,140.74771687604962,,160.5403745663793,"rgba(0, 255, 255, 0.75)",29.71960393971179,183.24774252401994,0.19624277254202974,63.28778359762296,16.4255154460635,False,False,True,False,False,15.846502439677,0.0,0.0,0.0,0.0,1,1.1334494069748264,0.847609244612851,False,False,False,False,0.19754021165844277,0.15405453499981953,False,False,False,False,1027573219,332417128.2861389,False,False,False,False,200791850.81803715,False,False,False,False
2024-06-28 00:00:00+00:00,193.25,199.84,185.33,189.33,312940430,,,,,,,,,186.28470466328218,184.41032425839484,164.85377057926442,160.6311610863004,141.72307006489442,134.24455621501605,,164.85377057926442,141.72307006489442,,162.02459781119202,"rgba(0, 255, 255, 0.75)",29.892208945319346,185.1763269386303,0.27009288862320474,64.42738188753749,16.4255154460635,False,False,True,False,False,17.110439621385844,0.0,0.0,0.0,0.0,1,1.140582015438339,0.8064523734740808,False,False,False,False,0.342828250520271,0.24844139276004526,False,False,False,False,1340513649,407090944.63531375,False,False,False,False,209099152.97966403,False,False,False,False
2024-07-05 00:00:00+00:00,200.0,200.55,192.82,193.49,158248835,,,,,,,,,187.907989861938,185.3662701883803,165.50924370288385,161.28745920823613,142.24927737618677,134.7427459804818,,165.50924370288385,142.24927737618677,,162.8438310530178,"rgba(0, 255, 0, 1.0)",30.267451379328246,186.30962807269165,0.4523133367171594,66.21271524132013,16.4255154460635,True,False,True,False,True,19.08387877975738,0.0,0.0,0.0,0.0,1,1.2020154267860805,0.7928349948462006,False,False,False,False,0.3428282502332503,0.29563482149664777,False,False,False,False,1498762484,487955503.10677195,False,False,False,False,205332462.75894815,False,True,False,False
2024-07-12 00:00:00+00:00,194.49,201.2,192.86,200.04,175571316,,,,,,,,,189.0280401758743,186.16074592021624,166.17188874554006,161.9581129052007,142.80508875320712,135.27255285792208,,166.17188874554006,142.80508875320712,,163.56607155966006,"rgba(0, 255, 255, 0.75)",30.474376491563348,189.8177045247458,0.15331882102814146,65.80597416970414,16.4255154460635,True,False,True,False,True,16.48611052926664,0.0,0.0,0.0,0.0,1,1.2001949232521838,0.8112913194006923,False,False,False,False,0.34282825031316383,0.3192315359049058,False,False,False,False,1323191168,549824811.6173815,False,False,False,False,203127933.36939642,False,False,False,False
2024-07-19 00:00:00+00:00,183.13,196.62,180.11,194.56,216879535,,,,,,,,,188.68310475562657,186.1989467908972,166.7033726032824,162.5300202643721,143.35584268834273,135.8137362991187,,166.7033726032824,143.35584268834273,,163.8808372336066,"rgba(38, 166, 154, 1.0)",30.2978042565095,188.38625575531904,-0.173486359302415,62.6387719334,16.4255154460635,False,False,True,False,False,11.463618517892108,0.0,0.0,0.0,0.0,1,1.1237793186891196,0.832529041005383,False,False,False,False,0.013251950747230425,0.16624174332606811,False,False,False,False,1106311633,591046057.6457236,False,False,False,False,204146570.5272189,False,False,False,False
2024-07-26 00:00:00+00:00,182.5,189.39,176.8,185.0,202972080,,,,,,,,,187.99908609635327,185.96044313345462,167.08792187791255,162.96264567052168,143.81559075629775,136.27361581031033,,167.08792187791255,143.81559075629775,,164.01655055747503,"rgba(38, 166, 154, 1.0)",30.057106666213627,187.3649452561199,-0.1618567385791814,60.233439120707736,14.192863581032697,False,True,True,False,False,11.195833357989205,0.0,0.0,0.0,0.0,1,1.0916907371534872,0.885206400253691,False,False,False,False,-0.18135597195300987,-0.007557114313470878,False,False,False,False,903339553,614178909.1534477,False,False,False,False,204059571.2289064,False,False,False,False
2024-08-02 00:00:00+00:00,167.9,190.6,160.55,183.84,326330023,,,,,,,,,185.60636216376997,184.61380002401978,167.30595755466624,163.2946691021072,144.3514493082607,136.8416958049343,,167.30595755466624,144.3514493082607,,163.6689889929597,"rgba(38, 166, 154, 0.5)",29.4994741603768,184.6393101377435,-0.5674443566939055,55.64753345840927,9.908003968010014,False,True,True,False,False,5.313774495029648,0.0,0.0,0.0,0.0,1,1.0218989853978786,0.9309457080659228,False,False,False,False,-0.34282825441539394,-0.17519268436443242,False,False,False,False,577009530,611425621.8087479,False,False,False,False,213116641.7304689,False,False,False,False
2024-08-09 00:00:00+00:00,166.94,168.55,151.61,154.21,272525762,,,,,,,,162.36666666666667,182.87160015194792,182.83538661560658,167.15877972547048,163.26976256513953,144.62336623930258,137.16706652046872,162.36666666666667,167.15877972547048,144.62336623930258,,162.8989469263718,"rgba(38, 166, 154, 0.5)",28.923853061425252,176.6779200869531,-0.33667437274946693,52.209370130389146,6.82178372675525,False,True,False,False,False,4.947723579685462,1.0,168.55,151.61,0.0,1,0.9409648637885689,1.023739191306966,True,False,False,False,-0.34282825441539394,-0.2590104693899132,False,False,False,False,304483768,588689188.1932851,True,False,False,False,217517317.30598974,False,False,False,False
2024-08-16 00:00:00+00:00,177.06,178.34,166.1101,168.14,181342195,,,,,,,,166.94949960146633,182.2155110728736,182.38089972261963,167.2886122745579,163.45516570279247,144.9138548182859,137.47548676595554,166.94949960146633,167.2886122745579,144.9138548182859,,163.52557570836444,"rgba(38, 166, 154, 1.0)",28.29782114061622,177.37665777038092,-0.011190182057035161,51.79870552558171,6.63096480588473,False,True,False,False,False,8.221660301229445,0.0,0.0,0.0,0.0,1,1.001312832104414,0.9892450577394568,False,False,False,False,-0.11355094435211552,-0.18628070687101433,False,False,False,False,485825963,581069690.0308195,False,False,False,False,214837678.61665717,False,False,False,False
2024-08-23 00:00:00+00:00,177.04,182.385,175.24,177.64,154181704,,,,,,,,169.80775615081956,181.98326627700513,182.20965012613843,167.46639828286354,163.67221015390496,145.19309104408381,137.76479618119407,169.80775615081956,167.46639828286354,145.19309104408381,,164.01388117371565,"rgba(38, 166, 154, 1.0)",27.83348798408781,177.99481436412668,-0.0343045170864877,51.50147534321489,6.442804699625569,False,True,False,False,False,8.213817578119006,0.0,0.0,0.0,0.0,1,1.0350001381584402,0.9755551666651316,False,False,False,False,0.004599490256738129,-0.0908406083071381,False,False,False,False,331644259,562593732.1766847,False,False,False,False,210344643.45986775,False,False,False,False
2024-08-30 00:00:00+00:00,178.5,178.9,168.92,176.7,151090410,,,,,,,,170.92873245664367,181.63050186396043,181.94710255157167,167.59146697801808,163.83930352147385,145.43955724984545,138.02512605871692,170.92873245664367,167.59146697801808,145.43955724984545,,164.20025581146143,"rgba(38, 166, 154, 1.0)",27.318105047026243,178.05744642764103,0.016200009905414342,51.57879407569566,6.442804699625569,False,True,False,False,False,8.679377817493709,0.0,0.0,0.0,0.0,1,0.9878160773224464,0.999363526427292,False,False,False,False,-0.08316004909297652,-0.0870003287000573,False,False,False,False,482734669,556678246.0154488,False,False,False,False,205955440.981359,False,False,False,False
2024-09-06 00:00:00+00:00,171.39,179.875,171.16,177.55,149137052,,,,,,,,171.45628899662358,181.25211519758741,181.65931471726495,167.69133462235453,163.98170193881495,145.66857003930372,138.26979066487118,171.45628899662358,167.69133462235453,145.66857003930372,,164.2827308824029,"rgba(38, 166, 154, 0.5)",26.80630279069284,177.94149730235875,-0.24440137655363095,50.1992864309973,5.1572713700484485,False,True,False,False,False,5.877759024679918,0.0,0.0,0.0,0.0,1,0.9924129521745022,1.0009574131779795,False,False,False,False,-0.0543090832974785,-0.0706547059987679,False,False,False,False,333597617,540153754.9772674,False,False,False,False,201746671.42718428,False,False,False,False
2024-09-13 00:00:00+00:00,186.49,188.5,173.51,174.53,167953690,,,,,,,,173.2317599779065,181.3372452146808,181.70611901804435,167.94693639227197,164.27064559448314,145.99954588033316,138.60719296453306,173.2317599779065,167.94693639227197,145.99954588033316,,164.72849214889328,"rgba(38, 166, 154, 1.0)",26.414747243139,178.53644750803926,0.3011027294242467,51.96467220223239,5.1572713700484485,False,True,False,False,False,10.553708418312002,0.0,0.0,0.0,0.0,1,0.9997201206979489,0.9612017317531814,False,False,False,False,0.04378980753618884,-0.013432449231289528,False,False,False,False,501551307,537294314.3863587,False,False,False,False,199243487.61776322,False,False,False,False
2024-09-20 00:00:00+00:00,191.6,191.84,183.36,185.29,226527018,,,,,,,,175.96199157235628,181.85148758278692,182.07489809935313,168.4141034038394,164.77016071410492,146.50912210613242,139.1159143687975,175.96199157235628,168.4141034038394,146.50912210613242,,165.52823969248152,"rgba(0, 255, 255, 0.75)",26.070253097151745,179.73656835149896,0.4550562514407331,53.99244188670335,5.1572713700484485,False,True,False,False,True,12.024799056272474,0.0,0.0,0.0,0.0,1,1.0269531897808308,0.9562010666061499,False,False,False,False,0.32292524871734724,0.15474639974302884,False,False,False,False,728078325,551426463.3207026,False,False,False,False,201264489.86829928,False,False,False,False
2024-09-27 00:00:00+00:00,187.97,195.37,187.34,191.64,179200351,,,,,,,,177.68689502432252,182.2772171046862,182.3911840801087,168.79157004665592,165.1716025230273,146.91577691241974,139.52138410213533,177.68689502432252,168.79157004665592,146.91577691241974,,166.1079471133365,"rgba(38, 166, 154, 1.0)",25.72220800965369,182.46014444709093,0.21420616577088533,54.68602037235946,5.1572713700484485,False,True,True,False,True,10.60829765008646,0.0,0.0,0.0,0.0,1,1.02751795305051,0.9455503159564472,False,False,False,False,0.34282825204718403,0.24878732589510644,False,False,False,False,548877974,551237686.3339839,False,False,False,False,199630109.2113882,False,False,False,False
2024-10-04 00:00:00+00:00,186.51,188.49,180.875,187.14,172712675,,,,,,,,178.48067249828776,182.4180035591857,182.4957378196465,169.06225248075583,165.47282503701888,147.25676390551624,139.8686859964302,178.48067249828776,169.06225248075583,147.25676390551624,,166.43642018526302,"rgba(38, 166, 154, 1.0)",25.258153045507324,182.18283460136053,0.1713175698493576,54.87657983148951,5.1572713700484485,False,True,True,False,True,10.040205956536532,0.0,0.0,0.0,0.0,1,1.0013074977123966,0.9850196935802482,False,False,False,False,0.1914963932821723,0.22014185958863935,False,False,False,False,376165299,538269361.3462814,False,False,False,False,197636225.19572982,False,False,False,False
2024-10-11 00:00:00+00:00,188.82,189.9284,180.25,182.95,148616004,,,,,,,,179.12779738864262,182.56925225866607,182.61117437548157,169.30265188121987,165.73813536788066,147.55326298154708,140.1700949694559,179.12779738864262,169.30265188121987,147.55326298154708,,166.7246241746991,"rgba(0, 255, 255, 0.75)",24.78039303907773,182.3591343362333,0.2607249067267884,55.40894352583362,0.5482294130658971,False,True,True,False,True,10.728782388958784,0.0,0.0,0.0,0.0,1,0.9844675925213165,0.9922050578855877,False,False,False,False,0.2004128814022396,0.2102773704954395,False,False,False,False,524781303,537270245.9132235,False,False,False,False,194005097.69974986,False,False,False,False
2024-10-18 00:00:00+00:00,188.99,190.74,184.58,189.78,140707228,,,,,,,,179.77745100113967,182.7645406154676,182.76327852619366,169.54720070022054,166.0042480086033,147.8424950761417,140.46269001088285,179.77745100113967,169.54720070022054,147.8424950761417,,167.02312913409278,"rgba(0, 255, 255, 0.75)",24.37662764295431,182.70563186620853,0.2578030163088566,55.8194029841771,1.0898986151627739,False,True,True,False,True,10.77990221217459,0.0,0.0,0.0,0.0,1,1.0318500463096847,0.9852755329144804,False,False,False,False,0.2053581743201638,0.20781777240780164,False,False,False,False,665488531,546767896.6603922,False,False,False,False,190057107.35162026,False,False,False,False
2024-10-25 00:00:00+00:00,187.83,191.5201,183.69,188.05,137236530,,,,,,,,180.29854797492465,182.92809236419222,182.89259518189638,169.7743628075639,166.2529103062906,148.11772132783256,140.74214192462054,180.29854797492465,169.7743628075639,148.11772132783256,,167.28662455533154,"rgba(0, 255, 255, 0.75)",24.060508015126093,182.9626063199551,0.20229804279215216,55.827556229940924,1.271961946125927,False,True,True,False,True,10.307466356287634,0.0,0.0,0.0,0.0,1,1.0551472848369918,0.9536397569613954,False,False,False,False,0.19039517801492456,0.1991064752113631,False,False,False,False,528252001,545396348.8336965,False,False,False,False,186144471.992241,False,False,False,False
2024-11-01 00:00:00+00:00,197.93,200.5,185.23,189.565,276163150,,,,,,,,181.96846264039945,183.6576169367327,183.4787332969379,170.3836707273763,166.89148585154743,148.75444109788083,141.37547530673953,181.96846264039945,170.3836707273763,148.75444109788083,,168.072840836802,"rgba(0, 255, 255, 0.75)",23.975969300361832,184.30448571361268,0.5682987876607641,57.60809133497918,3.1594551072727484,False,True,True,False,True,13.325342153968624,0.0,0.0,0.0,0.0,1,1.0298135629826763,0.9470818226240098,False,False,False,False,0.34282825050794136,0.2709673628596522,False,False,False,False,804415151,564582926.7719412,False,False,False,False,192812522.21503794,False,False,False,False
2024-11-08 00:00:00+00:00,208.18,212.25,194.3101,196.45,230303242,,,,,,,,184.01054320940165,184.71466732400128,184.34109696922684,171.07751968495646,167.59373469358746,149.3893513650919,141.99304366908765,184.01054320940165,171.07751968495646,149.3893513650919,,169.0171367021933,"rgba(0, 255, 0, 1.0)",24.17317176816759,186.14750103435156,0.9114442728885875,60.31813018345436,5.872688408987969,False,False,True,False,True,16.16745459937198,0.0,0.0,0.0,0.0,1,1.0255031454028871,0.9217661051564315,False,False,False,False,0.342828251747564,0.3068978073036081,False,False,False,False,1034718393,599407776.1221677,False,False,False,False,195589612.56947958,False,False,False,False
2024-11-15 00:00:00+00:00,202.61,215.9,199.61,208.5,249823326,,,,,,,,185.9500789701283,185.80618308731985,185.24848583642418,171.82335432982254,168.34887810000606,150.07568875300225,142.66127780132422,185.9500789701283,171.82335432982254,150.07568875300225,,169.98770669686104,"rgba(0, 255, 0, 1.0)",24.168898444074806,187.84091343273573,0.611078183866714,60.87925591907541,6.475033361930201,False,False,True,False,True,13.895908605008856,0.0,0.0,0.0,0.0,0,1.049121062452639,0.9011255578951294,False,False,False,False,0.34282825164658043,0.32486302947509427,False,False,False,False,784895067,613147575.4464517,False,False,False,False,199606924.67544407,False,False,False,False
2024-11-22 00:00:00+00:00,197.12,205.3,195.75,204.15,190810207,,,,,,,,186.79690664515022,186.31724094551512,185.68617528698468,172.26530500150423,168.80766866911767,150.52783001034493,143.1097697400133,186.79690664515022,172.26530500150423,150.52783001034493,,170.50155661409002,"rgba(0, 255, 255, 0.75)",24.05581470940727,188.4891641361404,0.35878376883591584,60.02736855597937,6.475033361930201,False,False,True,False,True,11.722679723368525,0.0,0.0,0.0,0.0,0,1.0446535821235396,0.931602575869072,False,False,False,False,0.12381114466491058,0.22433708707000244,False,False,True,False,594084860,611735522.4504182,False,False,False,False,198955315.9587445,False,False,False,False
2024-11-29 00:00:00+00:00,207.89,208.2,199.0,199.28,135313494,,,,,,,,187.57676162840318,186.80352544931998,186.1016292497926,172.63362541688815,169.18338898731855,150.87990880102873,143.45498949523957,187.57676162840318,172.63362541688815,150.87990880102873,,170.94768986114153,"rgba(0, 255, 0, 1.0)",24.209203743078287,189.14713729135275,0.7742040137939711,60.9693561670255,6.6765616283149,False,False,True,False,True,14.674836942845765,0.0,0.0,0.0,0.0,0,1.0694341527308193,0.9075963854808031,False,False,False,False,0.2143686529834184,0.21935287002671042,False,False,False,False,729398354,620451287.7503872,False,False,False,False,194241106.92476344,False,False,False,False
2024-12-06 00:00:00+00:00,227.03,227.15,209.5101,209.96,205802018,,,,,,,,189.6322660389409,188.1124649301685,187.21281800395465,173.45052719111786,169.99172437389794,151.56437707544063,144.10893984585076,189.6322660389409,173.45052719111786,151.56437707544063,,172.01044535133875,"rgba(0, 255, 0, 1.0)",24.869508742979207,191.04002562827333,1.4471526053721038,63.707155655327576,9.3758441409313,False,False,True,False,True,19.380478136378024,0.0,0.0,0.0,0.0,0,1.0893015925823166,0.8599618847904094,False,False,False,False,0.34282825221417074,0.28109056112044056,False,False,False,False,935200372,643766034.73184,False,False,False,False,195097470.70811433,False,False,False,False
2024-12-13 00:00:00+00:00,227.46,231.2,224.2002,227.21,170377176,,,,,,,,191.46067773331416,189.31808273245255,188.24397273011252,174.19402628760716,170.72328171116186,152.17208911693473,144.68623515559267,191.46067773331416,174.19402628760716,152.17208911693473,,172.9711950667394,"rgba(0, 255, 0, 1.0)",25.448367513793873,192.7344223161611,1.36455030622363,65.70244835781405,11.30020645665364,True,False,True,False,True,19.47976049406631,0.0,0.0,0.0,0.0,0,1.1157321783283096,0.8540221676656964,False,False,False,False,0.3428282526772056,0.31195940689882307,False,False,False,False,1105577548,677974294.973926,False,False,False,False,193266337.7667725,False,False,False,False
2024-12-20 00:00:00+00:00,224.92,233.0,218.73,230.23,244979593,,,,,,,,193.66718324514054,190.84104457379593,189.56439211939514,175.18793685505526,171.7060867013267,153.0055568250063,145.48208420594577,193.66718324514054,175.18793685505526,153.0055568250063,,174.20775493223795,"rgba(0, 255, 0, 1.0)",25.968255344894853,203.42933927202935,0.827574299564777,66.54169361371953,12.108034439966133,True,False,True,False,True,18.47404520155771,0.0,0.0,0.0,0.0,0,1.099561633964829,0.8541228605030674,False,False,False,False,0.3092917392182758,0.31062557305854943,False,False,False,False,860597955,691501973.4943758,False,False,False,False,197096949.26553008,False,False,False,False
2024-12-27 00:00:00+00:00,223.75,229.14,220.9,225.01,86619151,,,,,,,,194.35919915336484,191.3353789122462,189.99738818067948,175.5237381220674,172.03920119491832,153.2919257277382,145.75643652925868,194.35919915336484,175.5237381220674,153.2919257277382,,174.61475254575333,"rgba(0, 255, 0, 1.0)",26.29832004157322,203.87183494819953,0.7558720488752297,66.86431645482283,12.458235919707484,True,False,True,False,True,18.008688619810687,0.0,0.0,0.0,0.0,0,1.0953717936102914,0.8971449187999609,False,False,False,False,0.2940772503730204,0.30235141171578495,False,False,False,False,773978804,697611368.3466443,False,False,False,False,188913408.65326858,False,False,False,False
2025-01-03 00:00:00+00:00,224.19,225.36,218.19,220.06,114613080,,,,,,,,195.1706503472601,191.92930882188378,190.52168421576783,175.94313792642052,172.45690968247965,153.65672413380517,146.10733267760725,195.1706503472601,175.94313792642052,153.65672413380517,,175.11224968646064,"rgba(0, 255, 0, 1.0)",26.622228737559855,204.27942422935337,0.747892896831582,67.14700222866749,12.815422218863453,True,False,True,False,True,18.117360030855203,0.0,0.0,0.0,0.0,0,1.0630034921656755,0.9112845727432433,False,False,False,False,0.22128306849411777,0.26181724010495133,False,False,False,False,888591884,711758073.2098558,False,False,False,False,183409680.60487834,False,False,False,False
2025-01-10 00:00:00+00:00,218.94,228.835,216.5,226.78,121778812,,,,,,,,195.94897760679095,192.51325364004117,191.04116656420703,176.36980898390877,172.88317971857632,154.03371922963754,146.47109354349027,195.94897760679095,176.36980898390877,154.03371922963754,,175.60874275523602,"rgba(0, 255, 0, 1.0)",26.89511373753526,204.6604236615244,0.5309357111417156,66.04171873956119,12.815422218863453,True,False,True,False,True,16.00459819354594,0.0,0.0,0.0,0.0,0,1.0567612934968897,0.9035024306379129,False,False,False,False,0.2108433128100233,0.23633027645748733,False,False,False,False,766813072,715836221.2683849,False,False,False,False,178844431.07859105,False,False,False,False
2025-01-17 00:00:00+00:00,225.94,226.51,216.2,218.06,150392961,,,,,,,222.88333333333333,196.900255380044,193.2380640268485,191.68875723083966,176.90251478066716,173.4149876403363,154.50349768290852,146.9241529595562,196.900255380044,176.90251478066716,154.50349768290852,,182.05694537931672,"rgba(0, 255, 0, 1.0)",27.27138110656412,212.40427140773141,0.4963345471715249,66.17406292499332,12.815422218863453,True,False,True,False,True,17.771233616079428,0.0,0.0,0.0,0.0,0,1.0978895685102328,0.894335783204254,False,False,False,False,0.17774544740772982,0.2070378619326086,False,False,False,False,917206033,730752503.6188749,False,False,False,False,176736914.7764732,False,False,False,False
2025-01-24 00:00:00+00:00,234.85,236.4,226.94,228.9,133694775,,,,,,,227.51728164463952,197.9909559642533,194.058521690178,192.41758301842296,177.46517203472968,173.97056938486034,154.97513275413496,147.3740498143175,197.9909559642533,177.46517203472968,154.97513275413496,,183.22115828819204,"rgba(0, 255, 0, 1.0)",27.73152676440098,214.477307398812,0.7346401362704797,67.29260847970639,13.220946962796333,True,False,True,False,True,19.913756724998645,0.0,0.0,0.0,0.0,0,1.1407781829544787,0.8377750914558898,False,False,False,False,0.34282825203729905,0.27493305698495385,False,False,False,False,1050900808,754467192.8322916,False,False,False,False,173548608.12636405,False,False,False,False
2025-01-31 00:00:00+00:00,237.68,241.77,225.86,226.21,185290341,,,,,,,230.51192961206408,199.49331049529917,195.20724752062563,193.4429166038926,178.2591712480629,174.75398864861776,155.63912360361022,148.00694901374712,199.49331049529917,178.2591712480629,155.63912360361022,,184.41432959323993,"rgba(0, 255, 0, 1.0)",28.19955361412729,216.44095009276188,0.7531697202681208,68.39182791425357,14.390276950048829,True,False,True,False,True,20.0,0.0,0.0,0.0,0.0,0,1.1989500949328151,0.8158974583226132,False,False,False,False,0.3428282519641027,0.3088806544745283,False,False,False,False,1236191149,790150448.8447145,False,False,False,False,174418366.11700377,False,True,False,False
2025-02-07 00:00:00+00:00,229.15,242.52,228.06,234.06,244268093,,,,233.24333333333334,,,231.44683938423807,201.20317714406906,196.56066866417456,194.66456051176223,179.23989196946562,175.7256953966055,156.47772840052968,148.8099537340025,201.20317714406906,179.23989196946562,156.47772840052968,233.24333333333334,185.5160644006059,"rgba(0, 255, 0, 1.0)",28.46603201794817,225.83753060777116,0.11636568771300115,67.10576327882742,14.390276950048829,True,False,True,False,True,17.175483606276373,0.0,0.0,0.0,0.0,0,1.2387199287838937,0.7363927223648725,False,False,False,False,0.34282825004829603,0.3258544522614122,False,False,False,False,991923056,805096567.8932543,False,False,False,False,179592419.96018866,False,False,False,False
2025-02-14 00:00:00+00:00,228.68,233.92,227.23,230.545,149796497,,,,231.98889826699053,,,231.18599990033076,202.0691905332543,197.27355170877277,195.3163488740383,179.78849161183837,176.27249944553407,156.9613687508014,149.27599643918916,202.0691905332543,179.78849161183837,156.9613687508014,231.98889826699053,186.0179309079699,"rgba(0, 255, 0, 1.0)",28.66916919078915,225.70462472412123,0.10378310079647184,66.07798716220954,14.390276950048829,True,False,True,False,False,16.99155971222746,0.0,0.0,0.0,0.0,0,1.189909198677809,0.7953855031497168,False,False,False,False,0.1070921379773883,0.21647329511940025,False,False,False,False,842126559,807839530.1974576,False,False,False,False,177385314.55573022,False,False,False,False
2025-02-21 00:00:00+00:00,216.58,229.3,214.74,228.82,156867357,,,,228.6341326906449,,,229.49798454668846,202.62400902118856,197.77518479362135,195.78877319626415,180.2413189115414,176.7316570038594,157.3943946702526,149.70011428674786,202.62400902118856,180.2413189115414,157.3943946702526,228.6341326906449,186.21917955377046,"rgba(0, 255, 255, 0.75)",28.621249991275135,224.3349122563148,-0.2709494609312584,62.7746602030099,16.777921728476173,False,False,True,False,False,12.409679880371339,0.0,0.0,0.0,0.0,0,1.1116870226622082,0.8299726352374988,False,False,False,False,-0.3078762020540564,-0.04570145346732808,False,False,False,False,685259202,798759505.8865347,False,False,False,False,175865465.84789833,False,False,False,False
2025-02-28 00:00:00+00:00,212.28,219.97,204.16,217.45,232786473,,,,223.73392002349942,,,226.27279002607676,203.03707655475614,198.22670200706148,196.23661587582774,180.7629305832495,177.27236828399614,157.94500364947518,150.24925039034997,203.03707655475614,180.7629305832495,157.94500364947518,223.73392002349942,186.25034217134913,"rgba(0, 255, 255, 0.75)",28.218690871876507,221.8186844935649,-0.33802717981759356,59.618367466298224,13.799294375079583,False,True,True,False,False,10.858942494721777,0.0,0.0,0.0,0.0,0,1.0953287420825573,0.8527432257067409,False,False,False,False,-0.34282825441539394,-0.194264853941361,False,False,False,False,452472729,773108633.5245692,False,False,False,False,180081836.74805403,False,False,False,False
2025-03-07 00:00:00+00:00,199.25,214.01,192.53,213.352,252078192,,,,218.42757640897105,,,222.19599645330823,202.98735796839264,198.34862955441008,196.40064306448645,181.13125842887987,177.67351761138735,158.4189158731421,150.73681343687545,202.98735796839264,181.13125842887987,158.4189158731421,218.42757640897105,185.9866415488603,"rgba(38, 166, 154, 1.0)",27.56409946432648,218.61196521201575,-0.7024341657551355,55.258922094884404,9.748954248565859,False,True,True,False,False,6.393949964284921,0.0,0.0,0.0,0.0,0,1.0471260577874817,0.880906372828113,False,False,False,False,-0.34282825441539394,-0.2685465541783775,False,False,False,False,200394537,730685367.1153418,False,False,False,False,185414900.10005,False,False,False,False
2025-03-14 00:00:00+00:00,197.95,201.52,190.85,195.6,238878819,,,,214.36949237718798,,,218.7139153622879,202.7336955439591,198.3009672710763,196.41054768457784,181.38500928139283,177.96350683832696,158.80656547765233,151.1447394783528,202.7336955439591,181.38500928139283,158.80656547765233,214.36949237718798,185.68236836720325,"rgba(38, 166, 154, 1.0)",26.872303057304336,215.86924560515448,-0.6668295444176208,51.954962443270034,6.792181841124517,False,True,False,False,False,5.965295876353295,0.0,0.0,0.0,0.0,0,1.041885419650156,0.9542000246617008,False,False,False,False,-0.34282825441539394,-0.3056874042968857,False,False,False,False,-38484282,673709837.5512424,False,False,False,False,189375190.3889352,False,False,False,False
2025-03-21 00:00:00+00:00,196.21,199.32,189.38,198.77,226177527,,,,211.44600197958454,,,215.98817408497644,202.44479121920708,198.20820138960752,196.3751889826606,181.59051520609253,178.20451985065583,159.1493562705003,151.50936479770883,202.44479121920708,181.59051520609253,159.1493562705003,211.44600197958454,185.43376397517613,"rgba(38, 166, 154, 1.0)",26.16927449930212,213.71678111583475,-0.6689822874646988,49.33215826865793,4.503045950540006,False,True,False,False,False,5.387092020247675,0.0,0.0,0.0,0.0,0,1.0049346088837894,0.9724036567857608,False,False,False,False,-0.34282825441539394,-0.3242578293561398,False,False,False,False,-264661809,604200826.6955948,False,False,False,False,192101289.39716223,False,False,False,False
2025-03-28 00:00:00+00:00,192.72,206.21,191.881,200.0,185653386,,,,209.84882723157745,,,214.34758753882443,202.28154260121048,198.1797914960723,196.386284546102,181.77873612406995,178.4199227691043,159.44109676968034,151.81749908479028,202.28154260121048,181.77873612406995,159.44109676968034,209.84882723157745,185.33155761623175,"rgba(38, 166, 154, 0.5)",25.2561495264204,212.43334829491118,-0.7805365688973728,46.929720213348546,2.4066608863095738,False,True,False,False,False,4.2290702107500024,0.0,0.0,0.0,0.0,0,1.0001301274676493,0.9622665341423933,False,False,False,False,-0.2600081191345325,-0.29213297424533613,False,False,False,False,-450315195,526088528.79221743,False,False,False,False,191623666.92329836,False,False,False,False
2025-04-04 00:00:00+00:00,171.0,198.34,166.0,188.19,377207047,,,,204.10911729522329,,,209.0015191011697,200.92770864153292,197.32267032320556,195.69419406503513,181.69772208780284,178.4205333287676,159.73462176101404,152.1795003133874,200.92770864153292,181.69772208780284,159.73462176101404,204.10911729522329,184.3723087027394,#000000,24.407824607901755,207.9663209115451,-1.5145274724556022,42.59482036703049,-1.542429501383154,False,True,False,True,False,0.0,0.0,0.0,0.0,0.0,0,0.9428517409260833,0.9679384436050616,False,False,False,False,-0.34282825441539394,-0.317480614330365,False,False,False,False,-827522242,425821064.2890903,False,False,False,False,205370583.966017,True,False,False,False
2025-04-11 00:00:00+00:00,184.87,192.65,161.38,162.0,432738187,,,,199.86645283883624,,179.63333333333333,204.71646670673178,199.62500101508758,196.4830473409591,195.0134937123681,181.64170309177618,178.45148683881615,160.08104514561956,152.6010804295575,199.62500101508758,181.64170309177618,160.08104514561956,199.86645283883624,183.13851751269436,"rgba(38, 166, 154, 0.5)",23.778052593034644,198.0048615013061,-0.5523943329637396,42.08937613551471,-1.816452355533933,False,True,False,True,False,1.5973727255985999,0.0,0.0,0.0,0.0,0,0.9351953476171013,0.9896249221487878,False,False,False,False,-0.34282825441539394,-0.3301544343728795,False,False,False,False,-394784055,365035499.89730585,False,False,False,False,222212628.63520092,False,False,False,False
2025-04-18 00:00:00+00:00,172.61,187.44,171.41,186.84,188246261,,,,198.27384909757137,,178.88154199816614,203.07140268887932,199.04247944765137,196.09200532593758,194.6901685398474,181.58933858398413,178.43723231525243,160.20936636480968,152.76400184160485,199.04247944765137,181.58933858398413,160.20936636480968,198.27384909757137,182.75305967845918,#000000,23.304149761536305,196.61996191168603,-1.030286972808365,40.42448613295912,-3.308333123857061,False,True,False,True,False,0.0,0.0,0.0,0.0,0.0,0,0.9523066242943877,1.0061542190449613,False,False,False,False,-0.30985201602200557,-0.3200032251974425,False,False,False,False,-583030316,294808402.42343134,False,False,False,False,219696601.40296382,False,False,False,False
2025-04-25 00:00:00+00:00,188.99,189.94,165.285,169.6,248380988,,,,196.84534967685747,,179.6025034784797,201.48974488744088,198.45916964377983,195.71016408846975,194.3802400108718,181.58654396752866,178.4796162711153,160.41750815037614,153.01259035675784,198.45916964377983,181.58654396752866,160.41750815037614,196.84534967685747,182.57089787275774,"rgba(38, 166, 154, 0.5)",22.792886356678768,195.65905538816637,-0.2925937191018456,41.747264669067086,-3.308333123857061,False,True,False,True,False,2.584820757833967,0.0,0.0,0.0,0.0,0,0.9408623957479979,1.0014463541264598,False,False,False,False,-0.33302655098203343,-0.32651488808973794,False,False,False,False,-334649328,248181903.87354755,False,False,False,False,221821370.78052205,False,False,False,False
2025-05-02 00:00:00+00:00,189.98,192.88,178.85,190.105,282237980,,,,196.00190704086202,,181.4735041782764,200.39799641641244,198.05270021633243,195.46701921346283,194.1957620950655,181.68222881775515,178.61945753010295,160.71347007372069,153.34683116790123,198.05270021633243,181.68222881775515,160.71347007372069,196.00190704086202,182.6609966343366,"rgba(38, 166, 154, 0.5)",22.294985879954982,195.3532833638094,-0.2410086013393903,42.831094488094266,-3.308333123857061,False,True,False,True,False,2.840043766177697,0.0,0.0,0.0,0.0,0,0.9718189581554226,1.017095219187176,False,False,False,False,-0.16482903386438627,-0.24567196097706212,False,False,False,False,-52411348,225915737.0680996,False,False,False,False,226296675.16715005,False,False,False,False
2025-05-09 00:00:00+00:00,193.06,194.69,183.85,186.51,179241213,,,,195.71315257593838,,182.6937027889477,199.94039201187266,197.88363063349075,195.37872071039445,194.1366664192103,181.77640895536842,178.73906843422284,160.921002377639,153.57604994974898,197.88363063349075,181.77640895536842,160.921002377639,195.71315257593838,182.78284914232165,"rgba(38, 166, 154, 1.0)",21.78358252619804,195.34023832923847,-0.10467692017583158,44.05128734515547,-3.308333123857061,False,True,False,True,True,3.638486389224994,0.0,0.0,0.0,0.0,0,0.9605249686789868,1.0436438660948844,False,False,False,False,-0.021936484326118846,-0.13380422265159048,False,False,False,False,126829865,218576042.84083295,False,False,False,False,222811085.3769908,False,False,False,False
2025-05-16 00:00:00+00:00,205.59,214.84,202.673,210.71,277556647,,,207.70100000000002,196.6192535661039,,187.00913182273575,200.4604963474378,198.21394641054832,195.71100857171035,194.46732570078873,182.19664181521,179.18243117170658,161.41977051926264,154.08779120430242,198.21394641054832,182.19664181521,161.41977051926264,202.16012678305196,183.63872706263362,"rgba(0, 255, 255, 0.75)",21.333104496520527,197.94747043406937,0.35824741622472916,46.60151689551026,-3.308333123857061,False,True,False,False,True,6.772364155188111,0.0,0.0,0.0,0.0,0,0.9712587861485769,1.0166283974148227,False,False,False,False,0.3428282520819892,0.10451201471519936,False,False,False,False,404386512,232339781.29706755,False,False,False,False,226866312.16388035,False,False,False,False
2025-05-23 00:00:00+00:00,200.99,206.62,197.85,201.645,178578534,,,205.3985677338644,196.86044174324297,,188.48922863835847,200.51669407048897,198.29035511242,195.81519236096534,194.5808650884347,182.39918755349262,179.4032227300282,161.6950228022299,154.37639908517596,198.29035511242,182.39918755349262,161.6950228022299,201.1295047385537,183.95179638239935,"rgba(38, 166, 154, 1.0)",20.87219391033524,197.8162330464887,0.15205718033980944,47.78951711506749,-8.65541581768285,False,True,False,False,True,5.4488801764392605,0.0,0.0,0.0,0.0,0,0.9686905116855121,1.0104592576066858,False,False,False,False,0.19690455589062547,0.15070828530291241,False,False,False,False,225807978,231855944.0158033,False,False,False,False,223289439.7072966,False,False,False,False
2025-05-30 00:00:00+00:00,205.01,208.81,201.695,203.085,149821208,,,205.34246701011406,197.17170115407913,,189.77969833274517,200.6727187667765,198.41054649775472,195.9471750926472,194.71631659468568,182.59469330588303,179.61236685731788,161.9421222627984,154.6327686483447,198.41054649775472,182.59469330588303,161.9421222627984,201.25708408209658,184.25648959543923,"rgba(0, 255, 255, 0.75)",20.499567584980326,198.2416463159287,0.33017055876975376,49.168702872318256,-7.245740023230276,False,True,False,False,True,6.438424089116381,0.0,0.0,0.0,0.0,0,0.9730748565828873,1.0155038209515157,False,False,False,False,0.2630450278865993,0.20687665659475585,False,False,False,False,375629186,242505813.79241046,False,False,False,False,217847348.46971908,False,False,False,False
2025-06-06 00:00:00+00:00,213.57,213.8699,202.68,204.98,183979775,,,206.43653634034808,197.73748055047514,,191.53729611079828,201.04303064134882,198.65474357061893,196.1871358384758,194.95326086851796,182.88101810801274,179.91263888853763,162.2754854499624,154.9740580559444,198.65474357061893,182.88101810801274,162.2754854499624,202.0870084454116,184.71318528135743,"rgba(0, 255, 0, 1.0)",20.160732489731803,199.18858591074257,0.713337875822821,51.226452076380404,-5.176954373789691,False,True,False,False,True,8.494366820627942,0.0,0.0,0.0,0.0,0,0.9512617806432347,1.0504569921422544,False,False,False,False,0.3316327862633793,0.2692547214290676,False,False,False,False,559608961,265994935.80778748,False,False,False,False,215338639.32381397,False,False,False,False
2025-06-13 00:00:00+00:00,212.1,218.4,209.62,214.75,165709554,,,207.63938119618214,198.3330871811311,,193.11982629467647,201.4669779957468,198.9279487730872,196.4467273716723,195.20627574072358,183.1648736998845,180.2074314110073,162.59249283258072,155.29626785984647,198.9279487730872,183.1648736998845,162.59249283258072,202.98623418865662,185.15875799769168,"rgba(0, 255, 0, 1.0)",19.559633120787947,200.13981816693413,0.6114727080619216,52.464856243656406,-3.8977724301348218,False,True,False,False,True,8.05792256628181,0.0,0.0,0.0,0.0,0,0.9307791838806392,1.0489336981532795,False,False,False,False,0.34282825241334597,0.3060414869212068,False,False,False,False,393899407,275469341.0812847,False,False,False,False,211662410.78130925,False,False,False,False
2025-06-20 00:00:00+00:00,209.69,217.96,208.2709,212.31,185081662,,,208.34260845550418,198.88974783857006,,194.5316783180184,201.85553343826126,199.19291700169552,196.70432737537828,195.45962696391405,183.4613262938465,180.5169666201347,162.93230959190188,155.64339512206442,199.19291700169552,183.4613262938465,162.93230959190188,203.61617814703712,185.588675636135,"rgba(0, 255, 255, 0.75)",19.154392380325316,200.9048920125885,0.4586471767402672,52.95863732390677,-3.3003584446425975,False,True,False,False,True,7.337901782534697,0.0,0.0,0.0,0.0,0,0.9410725785938878,1.055601556453926,False,False,False,False,0.3247316553074784,0.3153865711143426,False,False,True,False,208817745,270532185.81600434,False,False,False,False,209693466.4271382,False,False,False,False
2025-06-27 00:00:00+00:00,223.3,223.3,207.3101,209.79,277144132,,,210.22443222344032,199.98856687095198,,196.8948916230722,202.70108469961804,199.74714249629528,197.21982387902207,195.9576705343864,183.9849999091773,181.05558778030158,163.4936601528758,156.20980427563927,199.74714249629528,183.9849999091773,163.4936601528758,205.10649954719617,186.36274059448755,"rgba(0, 255, 0, 1.0)",18.952149245112388,202.45224385427065,1.100020682409191,55.00806132652394,-1.1858715652091618,False,False,True,False,True,10.55714470738026,0.0,0.0,0.0,0.0,0,0.9339852147278125,1.0300762321700658,False,False,False,False,0.3428282524503965,0.3291074117823696,False,False,False,False,485961877,286489940.71852255,False,False,False,False,214689812.02512798,False,False,False,False
2025-07-04 00:00:00+00:00,223.41,224.01,217.93,223.52,158671141,,,211.38777786735477,200.6842277899105,,198.25318243913526,203.25761700177205,200.1133344096867,197.55605873917173,196.28071406427134,184.31056664230655,181.38818414675188,163.83205905401223,156.5492134873206,200.1133344096867,184.31056664230655,163.83205905401223,206.03600282863263,186.83788110938093,"rgba(0, 255, 0, 1.0)",18.80800288932054,203.39570127454314,1.0641373697800347,56.484709383715014,0.3566162678500504,False,False,True,False,True,10.582421453628054,0.0,0.0,0.0,0.0,0,0.9692252814127131,1.018228797725999,False,False,False,False,0.3428282523055588,0.3359678320439642,False,False,False,False,644633018,313019057.55418754,False,False,False,False,210540280.83808145,False,False,False,False
2025-07-11 00:00:00+00:00,225.02,226.6799,218.43,223.0,201340145,,,212.74548148011237,201.5675423377758,,199.88033032029244,203.97560631352465,200.5937459382358,197.99688959722613,196.70407106033548,184.73292260016188,181.81882202661737,164.26749510608548,156.98526631890786,200.5937459382358,184.73292260016188,164.26749510608548,207.15651190894408,187.43946103126524,"rgba(0, 255, 0, 1.0)",18.931244176071978,204.5422401129263,1.0816911818694117,57.736091396629334,1.6857233602675592,False,False,True,False,True,10.957585495676607,0.0,0.0,0.0,0.0,0,0.9747724468254343,1.020592379924586,False,False,False,False,0.34282825219019103,0.3393980421170776,False,False,False,False,845973163,352497139.43906254,False,False,False,False,209858789.29451984,False,False,False,False
2025-07-18 00:00:00+00:00,226.13,227.27,222.18,225.07,179835455,,,213.88893769418516,202.3613643784754,,201.26457492123438,204.63103849195224,201.03927614135281,198.40538806216517,197.09618300076966,185.1198954366379,182.21255484222894,164.66286280048126,157.38048851062493,201.03927614135281,185.1198954366379,164.66286280048126,208.1251510363303,187.9791402452719,"rgba(0, 255, 0, 1.0)",19.093232233362748,205.5364788714618,1.07857699926542,58.77087681244103,2.817964213214829,False,False,True,False,True,11.218909783873062,0.0,0.0,0.0,0.0,0,0.9854515841366125,1.0129404043685586,False,False,False,False,0.3428282511221186,0.34111314661959813,False,False,False,False,1025808618,402372063.7769097,False,False,False,False,207634838.60603687,False,False,False,False
2025-07-25 00:00:00+00:00,231.44,236.0,225.65,225.835,177690471,,,215.3152704614576,203.28255316718614,,202.79043926614256,205.41293118927746,201.56653271385264,198.8824935619,197.55146877524896,185.54969148303283,182.6465180965264,165.08569280477798,157.79974994691884,201.56653271385264,185.54969148303283,165.08569280477798,209.29891181432185,188.58727975974196,"rgba(0, 255, 0, 1.0)",19.26070109301839,206.70029852101595,1.2844652621680361,60.180009185745035,4.317663238273603,True,False,True,False,True,12.464525263463276,0.0,0.0,0.0,0.0,0,0.9683535676390691,1.0164884237524905,False,False,False,False,0.342828251824776,0.34197069922218704,False,False,False,False,1203499089,461714806.38602746,False,False,False,False,205416737.301886,False,False,False,False
2025-08-01 00:00:00+00:00,214.75,236.53,212.8,233.35,319625695,,221.35999999999999,216.1022455298685,204.27031711279724,,204.3581884414733,206.2195646335915,202.173287443288,199.4586203753636,198.11252287896158,186.14273599882532,183.2558138444597,165.72329769688648,158.4439988764289,202.173287443288,186.14273599882532,165.72329769688648,213.9108542142219,189.32089224325313,"rgba(0, 255, 0, 1.0)",19.192361015084582,211.52268777103475,0.16815608180925118,58.09809287718464,4.317663238273603,False,False,True,False,True,7.308975376652256,0.0,0.0,0.0,0.0,0,0.9375958964590516,1.0290639010759621,False,False,False,False,0.17271382299165766,0.2573422611069224,False,False,False,False,883873394,492985812.8759513,False,False,False,False,213876660.09433886,False,False,False,False
2025-08-08 00:00:00+00:00,222.69,226.22,211.42,217.4,257792302,,220.80192876014564,216.48309117795515,204.9389090695197,220.10999999999999,205.36239857896203,206.7640342165736,202.60605577433154,199.8768942770621,198.52281799890247,186.59045508072631,183.71777218799957,166.21580394077355,158.94404050454318,202.60605577433154,186.59045508072631,166.21580394077355,214.07464300254014,192.87102725598746,"rgba(0, 255, 0, 1.0)",19.272913599936984,215.68935462926572,0.36323752163539846,57.68243986414076,4.317663238273603,False,False,True,False,True,9.192016158970567,0.0,0.0,0.0,0.0,0,0.9281048680029059,1.05853380655361,False,False,False,False,-0.021368327651438927,0.11798696672774173,False,False,False,False,1141665696,541036174.5888438,False,False,False,False,217129670.6058693,False,False,False,False
2025-08-15 00:00:00+00:00,231.03,234.08,219.05,221.78,206604332,,222.71280749725514,217.3019021408425,205.69525187109517,223.64389098248,206.46539654147924,207.41245281540566,203.0887874241505,200.32695827098397,198.95774867905556,187.02387641535083,184.15872955444434,166.66135769008085,159.39026464517235,203.0887874241505,187.02387641535083,166.66135769008085,215.2366538363976,193.71294630186034,"rgba(0, 255, 0, 1.0)",19.45342637042521,217.53099929051422,0.6939137842579824,58.40409661411833,4.317663238273603,True,False,True,False,True,11.09733252401201,0.0,0.0,0.0,0.0,0,0.9517405038523069,1.0143176621720478,False,False,False,False,0.17294198867424,0.14546447770099086,False,True,False,False,1348270028,600831274.8415221,False,False,False,False,216350015.89432344,False,False,False,False
2025-08-22 00:00:00+00:00,228.84,231.91,220.5,230.225,161200021,,223.45816530280942,217.8137345789904,206.22770878174464,224.53014600759016,207.2187979127173,207.86906102071183,203.43875014175833,200.65631159910325,199.27728044039318,187.3479576115446,184.48926586686002,166.99913766196264,159.72958044512933,203.43875014175833,187.3479576115446,166.99913766196264,215.83320288784816,194.15562887077706,"rgba(0, 255, 0, 1.0)",19.542112578634924,218.25521095052682,0.5416399586729106,58.530617333509674,4.317663238273603,True,False,True,False,True,10.4345454745357,0.0,0.0,0.0,0.0,0,0.9880100843660762,1.0079915234084822,False,False,False,False,0.15915197167974093,0.1523082246903659,False,False,False,False,1187070007,644256366.1125205,False,False,False,False,212264831.0873365,False,False,False,False
2025-08-29 00:00:00+00:00,229.0,232.71,226.02,227.35,129872302,,224.15701827187894,218.27608833705193,206.68025448318093,225.34038775489134,207.84864991093605,208.26144913278904,203.7384482901586,200.9370290404223,199.5490722973097,187.6192545266531,184.7652034434784,167.27822339946917,160.0091769445779,203.7384482901586,187.6192545266531,167.27822339946917,216.37112036403724,194.53468947406856,"rgba(0, 255, 0, 1.0)",19.678885274772632,218.90553606868957,0.5129591331197524,58.64176276905559,4.317663238273603,True,False,True,False,True,10.47157815548423,0.0,0.0,0.0,0.0,0,1.0311077619013738,0.980885786916952,False,False,False,False,0.27461318351124125,0.2134607041008036,False,False,False,False,1316942309,694084954.474556,False,False,False,False,206161680.78457084,False,False,False,False
2025-09-05 00:00:00+00:00,232.33,236.0,221.83,223.52,161313170,,224.92630592677534,218.83953083111956,207.23747835620202,226.16965805685913,208.6103267016764,208.7472752927067,204.11266371177084,201.2878818565553,199.8888973520021,187.95783948600067,185.1093969933815,167.62589370077967,160.35737143711665,204.11266371177084,187.95783948600067,167.62589370077967,217.0011050380323,194.9867204588849,"rgba(0, 255, 0, 1.0)",19.881145563093348,219.63645537910762,0.6384714895129706,59.166037193217335,4.317663238273603,True,False,True,False,True,11.2481398727084,0.0,0.0,0.0,0.0,0,1.052188094889845,0.9550701798182573,False,False,False,False,0.22890996141637493,0.22118533275858926,False,False,False,False,1478255479,752171659.9949592,False,False,False,False,202839568.87460265,False,False,False,False
2025-09-12 00:00:00+00:00,228.15,238.85,226.29,234.94,197870412,231.09666666666664,225.77755765245055,219.51895301750605,207.91537343828068,227.04428866096183,209.5182652128877,209.34217810744386,204.57528685113525,201.72206379523033,200.30959903066068,188.37596082763423,185.53415059612985,168.05417049689225,160.78609921584055,204.57528685113525,188.37596082763423,168.05417049689225,221.07713769372597,195.52620627948164,"rgba(0, 255, 0, 1.0)",20.036328625594017,225.8593664993963,0.11432401331637711,58.702404312946854,4.317663238273603,True,False,True,False,True,9.938845624237231,0.0,0.0,0.0,0.0,0,1.0687120363400846,0.9133454846219827,False,False,False,False,0.34282824902879316,0.2820067908936912,False,False,False,False,1280385067,791298579.0323696,False,False,False,False,202471483.18018764,False,False,False,False
2025-09-19 00:00:00+00:00,231.48,235.9,228.71,230.625,250137380,231.61777714473322,226.70605150777828,220.3382264280987,208.7514768229506,227.95806502640943,210.61152637856944,210.08075817824619,205.1576900009811,202.270034874714,200.84110632161537,188.9043662076897,186.07077434261177,168.5952680937443,161.32779021776497,205.1576900009811,188.9043662076897,168.5952680937443,221.8533829758902,196.18173796423463,"rgba(0, 255, 0, 1.0)",20.24705330846148,226.6550300267549,0.2383047992089139,58.853490164423064,4.337015926342346,True,False,True,False,True,10.73193949339873,0.0,0.0,0.0,0.0,0,1.0782889791174357,0.9133461081693276,False,False,False,False,0.32861972682079144,0.3053132588572413,False,False,False,False,1530522447,846055902.5855274,False,False,False,False,206002290.3520256,False,False,False,False
2025-09-26 00:00:00+00:00,219.78,230.565,216.47,230.56,260256158,228.18348855039613,226.11259610905347,220.46155481064056,209.22223037934322,227.04737073231516,211.17235899831874,210.48014795400795,205.52726189543532,202.6393484536597,201.20832124753312,189.31936890362297,186.50032398365084,169.06349934625445,161.8061275515278,205.52726189543532,189.31936890362297,169.06349934625445,220.99496746235837,196.47641290663262,"rgba(0, 255, 0, 1.0)",20.087385825370674,225.45125255060134,-0.2823290496784534,56.75840706931468,4.337015926342346,False,False,True,False,False,7.142027525063337,0.0,0.0,0.0,0.0,1,1.0351438243709623,0.9445707515274492,False,False,False,False,-0.10490312319677088,0.10020506783023522,False,False,False,False,1270266289,877478894.1717846,False,False,False,False,210021095.36298668,False,False,False,False
2025-10-03 00:00:00+00:00,219.51,224.2,216.61,220.08,221486999,226.25941303059287,225.49849740760607,220.4432816787925,209.53547385807641,226.21485073338957,211.52368857968463,210.74126457914457,205.7903650556453,202.9095774920304,201.4799466666111,189.64182897012194,186.83629281617266,169.43963948165867,162.1929687539407,205.7903650556453,189.64182897012194,169.43963948165867,220.43416649376695,196.67704231283994,"rgba(0, 255, 255, 0.75)",19.993658135960587,224.60401071259523,-0.25478132505592604,55.21469201824104,4.337015926342346,False,False,True,False,False,7.061112275843019,0.0,0.0,0.0,0.0,1,1.1143850459314144,0.9360932454565118,False,False,False,False,-0.259598545713714,-0.07969673894173938,False,False,False,False,1048779290,890167812.3812821,False,False,False,False,210870421.558321,False,False,False,False
2025-10-10 00:00:00+00:00,216.37,228.25,216.0,221.0,240351172,225.01611583774178,224.96997363220675,220.43076038555787,209.8586441765105,225.52287460514358,211.8790517800162,211.01191171129946,206.06726027238886,203.1951696786632,201.76754401999614,189.98532061395292,187.1944310439773,169.84238683480962,162.60770577866685,206.06726027238886,189.98532061395292,169.84238683480962,220.06887350800423,196.9073656338914,"rgba(0, 255, 255, 0.75)",19.948218970828286,223.98493111516248,-0.3817348870241668,53.548009428518554,7.799753896198574,False,False,False,False,False,6.112923477295006,0.0,0.0,0.0,0.0,1,1.1336949144923203,0.9018929629030716,False,False,False,False,-0.17306747280002452,-0.12638210587088194,False,False,False,False,808428118,884113020.2048907,False,False,False,False,213054180.8502972,False,False,False,False
