date,Open,High,Low,Close,Volume,aVWAP_peak_423,aVWAP_peak_326,aVWAP_peak_292,aVWAP_peak_200,aVWAP_peak_158,aVWAP_peak_113,aVWAP_peak_87,aVWAP_valley_380,aVWAP_OB_bear_326,aVWAP_OB_bear_200,aVWAP_OB_bear_158,Peaks_avg,Valleys_avg,color,StDev,StDev_Mean,StdDev_ZScore,QQEMOD,QQE1_Value,QQE1_Above_Upper,QQE1_Below_Lower,QQE2_Above_Threshold,QQE2_Below_Threshold,QQE2_Above_TL,banker_RSI,OB,OB_High,OB_Low,OB_Mitigated_Index,TTM_squeeze_Active,VI_plus,VI_minus,VI_Regular_Bullish,VI_Regular_Bearish,VI_Hidden_Bullish,VI_Hidden_Bearish,Fisher,Fisher_Signal,Fisher_Regular_Bullish,Fisher_Regular_Bearish,Fisher_Hidden_Bullish,Fisher_Hidden_Bearish,OBV,OBV_Smoothed,OBV_Regular_Bullish,OBV_Regular_Bearish,OBV_Hidden_Bullish,OBV_Hidden_Bearish,Volume_MA,Vol_Regular_Bullish,Vol_Regular_Bearish,Vol_Hidden_Bullish,Vol_Hidden_Bearish
2023-12-08 17:00:00+00:00,119.14,119.745,118.75,119.435,40917.0,,,,,,,,,,,,,,#000000,,,,,,False,False,False,False,False,,0.0,0.0,0.0,0.0,0,,,False,False,False,False,,,False,False,False,False,0.0,0.0,False,False,False,False,40917.0,False,False,False,False
2023-12-11 17:00:00+00:00,119.04,119.7,118.51,119.5,29034.0,,,,,,,,,,,,,,"rgba(38, 166, 154, 0.5)",,,,100.0,,False,False,True,False,False,,0.0,0.0,0.0,0.0,0,,,False,False,False,False,,,False,False,False,False,29034.0,450.1395348837209,False,False,False,False,40732.76744186046,False,False,False,False
2023-12-12 17:00:00+00:00,116.35,117.395,116.19,116.89,30823.0,,,,,,,,,,,,,,"rgba(38, 166, 154, 0.5)",,,,67.38858808829652,-64.1399416909622,False,False,True,False,True,,0.0,0.0,0.0,0.0,0,,,False,False,False,False,,,False,False,False,False,-1789.0,415.4241932576167,False,False,False,False,40579.12763656029,False,False,False,False
2023-12-13 17:00:00+00:00,118.4,126.2,117.61,125.63,91155.0,,,,,,,,,,,,,,"rgba(38, 166, 154, 0.5)",,,,71.29921338876072,-57.35923772937407,False,False,True,False,True,,0.0,0.0,0.0,0.0,0,,,False,False,False,False,,,False,False,False,False,89366.0,1794.502887935793,False,False,False,False,41363.249688706645,False,False,False,False
2023-12-14 17:00:00+00:00,134.69,135.395,133.53,134.625,56220.0,,,,,,,,,,,,,,"rgba(38, 166, 154, 0.5)",,,,77.22362397007873,-47.044079818343164,False,False,True,False,True,,0.0,0.0,0.0,0.0,0,,,False,False,False,False,,,False,False,False,False,145586.0,4023.828424556944,False,False,False,False,41593.58690283522,False,False,False,False
2023-12-15 17:00:00+00:00,131.13,131.13,128.41,130.17,57689.0,,,,,,,,,,,,,,"rgba(38, 166, 154, 0.5)",,,,74.9427457192495,-43.77225945170218,False,False,True,False,True,,0.0,0.0,0.0,0.0,0,,,False,False,False,False,,,False,False,False,False,87897.0,5324.18767378862,False,False,False,False,41843.12819116335,False,False,False,False
2023-12-18 17:00:00+00:00,129.76,131.07,129.18,129.185,33667.0,,,,,,,,,,,,,,"rgba(38, 166, 154, 0.5)",,,,72.25836092591553,-40.42275540235056,False,False,True,False,True,,0.0,0.0,0.0,0.0,0,,,False,False,False,False,,,False,False,False,False,54230.0,6082.4173222570125,False,False,False,False,41716.366513780966,False,False,False,False
2023-12-19 17:00:00+00:00,129.39,130.24,129.31,129.51,39629.0,,,,,,,,,,,,,,"rgba(38, 166, 154, 0.5)",,,,70.66832607429335,-35.802860226685524,False,False,True,False,True,,0.0,0.0,0.0,0.0,0,,,False,False,False,False,,,False,False,False,False,93859.0,7443.294573074732,False,False,False,False,41684.00424224947,False,False,False,False
2023-12-20 17:00:00+00:00,131.225,131.33,126.37,126.495,45798.0,,,,,,,,,,,,,,"rgba(38, 166, 154, 0.5)",,,,66.03713801408627,-34.66396442341035,False,False,True,False,True,,0.0,0.0,0.0,0.0,0,,,False,False,False,False,,,False,False,False,False,48061.0,8073.026440158845,False,False,False,False,41747.7871222146,False,False,False,False
2023-12-21 17:00:00+00:00,128.01,129.13,127.26,128.89,19583.0,,,,,,,,,,,,,,"rgba(38, 166, 154, 0.5)",,,,64.73977085727091,-30.370170525778732,False,False,True,False,True,,0.0,0.0,0.0,0.0,0,,,False,False,False,False,,,False,False,False,False,67644.0,8996.607425582739,False,False,False,False,41404.147011792666,False,False,False,False
2023-12-22 17:00:00+00:00,128.65,128.92,126.96,127.64,22896.0,,,,,,,,,,,,,,"rgba(38, 166, 154, 0.5)",,,,62.46647097392338,-27.488059667292966,False,False,True,False,True,,0.0,0.0,0.0,0.0,0,,,False,False,False,False,,,False,False,False,False,44748.0,9550.892581775255,False,False,False,False,41117.19899610596,False,False,False,False
2023-12-25 17:00:00+00:00,127.64,127.64,127.64,127.64,0.0,,,,,,,,,,,,,,"rgba(38, 166, 154, 0.5)",,,,60.95093771835836,-24.257502147992525,False,False,True,False,True,,0.0,0.0,0.0,0.0,0,,,False,False,False,False,,,False,False,False,False,44748.0,10096.584169654709,False,False,False,False,40479.72304267796,False,False,False,False
2023-12-26 17:00:00+00:00,128.985,129.87,128.615,129.07,20391.0,,,,,,,,,,,,,,"rgba(38, 166, 154, 0.5)",,,,61.197619296965456,-19.589653036678207,False,False,True,False,True,,0.0,0.0,0.0,0.0,0,,,False,False,False,False,,,False,False,False,False,65139.0,10949.954957722079,False,False,False,False,40168.26997224884,False,False,False,False
2023-12-27 17:00:00+00:00,128.32,129.09,128.215,128.935,18842.0,,,,,,,,,,,,,,"rgba(38, 166, 154, 0.5)",,,,61.16819550365728,-15.560981095038834,False,False,True,False,True,,0.0,0.0,0.0,0.0,0,,,False,False,False,False,,,False,False,False,False,46297.0,11497.971159927936,False,False,False,False,39837.63012771784,False,False,False,False
2023-12-28 17:00:00+00:00,128.23,128.96,127.61,128.96,17251.0,,,,,,,,,,,,,,"rgba(38, 166, 154, 0.5)",,,,61.1739928222117,-11.889415174025572,False,False,True,False,True,,0.0,0.0,0.0,0.0,0,,,False,False,False,False,,,False,False,False,False,63548.0,12304.948351246883,False,False,False,False,39487.4498156602,False,False,False,False
2023-12-29 17:00:00+00:00,128.06,128.09,126.675,126.79,21757.0,,,,,,,,,,,,,,"rgba(38, 166, 154, 0.5)",,,,57.90092830602022,-11.889415174025572,False,False,True,False,True,,0.0,0.0,0.0,0.0,0,,,False,False,False,False,,,False,False,False,False,41791.0,12762.09643882445,False,False,False,False,39212.55912084376,False,False,False,False
2024-01-01 17:00:00+00:00,126.79,126.79,126.79,126.79,0.0,,,,,,,,,,,,,,"rgba(38, 166, 154, 0.5)",,,,55.7188852952259,-11.889415174025572,False,False,True,False,True,,0.0,0.0,0.0,0.0,0,,,False,False,False,False,,,False,False,False,False,41791.0,13212.156959152753,False,False,False,False,38604.61246780743,False,False,False,False
2024-01-02 17:00:00+00:00,130.035,131.275,128.77,129.47,13561.0,,,,,,,,,,,,,,"rgba(38, 166, 154, 0.5)",,129.83833333333334,,57.51904355532223,-8.027574911339428,False,False,True,False,True,,0.0,0.0,0.0,0.0,0,,,False,False,False,False,,,False,False,False,False,55352.0,13865.48785901085,False,False,False,False,38216.33940629103,False,False,False,False
2024-01-03 17:00:00+00:00,124.87,126.93,124.46,125.35,30179.0,,,,,,,,,,,,,,"rgba(38, 166, 154, 0.5)",,126.2401195511355,,53.46906153235812,-8.027574911339428,False,False,True,False,True,,0.0,0.0,0.0,0.0,0,,,False,False,False,False,,,False,False,False,False,25173.0,14040.79812476262,False,False,False,False,38091.7294930152,False,False,False,False
2024-01-04 17:00:00+00:00,125.62,126.86,124.65,125.67,21448.0,,,,,,,,,,,,,,#000000,,126.077522264205,,51.170088672030126,-8.027574911339428,False,False,False,False,True,,0.0,0.0,0.0,0.0,0,,,False,False,False,False,,,False,False,False,False,46621.0,14545.917533681028,False,False,False,False,37833.687175294035,False,False,False,False
2024-01-05 17:00:00+00:00,126.275,127.2,125.5,126.57,15261.0,,,,,,,,,,,,,,#000000,,126.15816734029079,,50.79750585888281,-8.027574911339428,False,False,False,False,True,,0.0,0.0,0.0,0.0,0,,,False,False,False,False,,,False,False,False,False,61882.0,15279.810285096824,False,False,False,False,37483.72303304142,False,False,False,False
2024-01-08 17:00:00+00:00,129.66,130.375,129.03,129.715,32521.0,,,,,,,,,,,,,,"rgba(38, 166, 154, 0.5)",,127.25601076694718,,53.943377837333074,-6.403047113215379,False,False,True,False,True,,0.0,0.0,0.0,0.0,0,,,False,False,False,False,,,False,False,False,False,94403.0,16506.526404707725,False,False,False,False,37406.78159066868,False,False,False,False
2024-01-09 17:00:00+00:00,129.43,129.43,127.85,128.25,11493.0,,,,,,,,,,,,,,"rgba(38, 166, 154, 0.5)",,127.37981552096505,,54.10257243296068,-5.216294813701538,False,False,True,False,True,,0.0,0.0,0.0,0.0,0,,,False,False,False,False,,,False,False,False,False,82910.0,17536.03762323939,False,False,False,False,37005.017534999395,False,False,False,False
2024-01-10 17:00:00+00:00,129.99,130.15,128.82,129.17,10266.0,,,,,,,,,,,,,,"rgba(38, 166, 154, 0.5)",,127.54135710839338,,55.17861809198766,-3.217462100223578,False,False,True,False,True,,0.0,0.0,0.0,0.0,0,,,False,False,False,False,,,False,False,False,False,93176.0,18708.750218227924,False,False,False,False,36590.45912360405,False,False,False,False
2024-01-11 17:00:00+00:00,126.21,127.11,125.31,125.915,33130.0,,,,,,,,,,,,,,#000000,,127.24783771526401,,52.0239446387688,-3.217462100223578,False,False,False,False,True,,0.0,0.0,0.0,0.0,0,,,False,False,False,False,,,False,False,False,False,60046.0,19349.637811743767,False,False,False,False,36536.80859455592,False,False,False,False
2024-01-12 17:00:00+00:00,126.67,126.9,126.045,126.43,24718.0,,,,,,,,,,,,,,#000000,,127.14319366922608,,50.55070803871705,-3.217462100223578,False,False,False,False,False,,0.0,0.0,0.0,0.0,0,,,False,False,False,False,,,False,False,False,False,84764.0,20363.81396970123,False,False,False,False,36353.571252004665,False,False,False,False
2024-01-15 17:00:00+00:00,126.43,126.43,126.43,126.43,0.0,,,,,,,,,,,,,,#000000,,127.14319366922608,,49.56855030534921,-3.217462100223578,False,False,False,False,False,,0.0,0.0,0.0,0.0,0,,,False,False,False,False,,,False,False,False,False,84764.0,21362.266466295012,False,False,False,False,35789.94999228366,False,False,False,False
2024-01-16 17:00:00+00:00,126.84,127.085,125.675,126.595,20439.0,,,,,,,,,,,,,,#000000,,127.07490644821473,,49.15686724764548,-3.217462100223578,False,False,False,False,False,,0.0,0.0,0.0,0.0,0,,,False,False,False,False,,,False,False,False,False,105203.0,22662.122800150904,False,False,False,False,35551.95076759709,False,False,False,False
2024-01-17 17:00:00+00:00,123.2,123.295,121.48,123.295,34361.0,,,,,,,,,,,,,,"rgba(239, 83, 80, 0.5)",,126.44854038887274,,45.040208476914415,0.9470535736941343,False,False,False,True,False,,0.0,0.0,0.0,0.0,0,,,False,False,False,False,,,False,False,False,False,70842.0,23409.09764045864,False,False,False,False,35533.486414611085,False,False,False,False
2024-01-18 17:00:00+00:00,121.59,122.31,120.74,121.94,23422.0,,,,,,,,,,,,,,"rgba(239, 83, 80, 0.5)",,126.02396563615525,,41.07831460141533,-2.9836629919580275,False,False,False,True,False,,0.0,0.0,0.0,0.0,0,,,False,False,False,False,,,False,False,False,False,47420.0,23781.35969254455,False,False,False,False,35345.71143143882,False,False,False,False
2024-01-19 17:00:00+00:00,122.43,123.845,122.325,123.34,27302.0,,,,,,,,,,,,,,"rgba(239, 83, 80, 0.5)",,125.75656625833022,,40.74129893698843,-3.5045445079052726,False,False,False,True,False,,0.0,0.0,0.0,0.0,0,,,False,False,False,False,,,False,False,False,False,74722.0,24571.137061652385,False,False,False,False,35221.00272707542,False,False,False,False
2024-01-22 17:00:00+00:00,123.27,124.22,122.62,123.48,21222.0,,,,,,,,,,,,,,"rgba(239, 83, 80, 0.5)",,125.59933465594888,,40.74636900096974,-3.8468078447031004,False,False,False,True,False,,0.0,0.0,0.0,0.0,0,,,False,False,False,False,,,False,False,False,False,95944.0,25677.69307620041,False,False,False,False,35003.96392510526,False,False,False,False
2024-01-23 17:00:00+00:00,122.2,122.89,121.68,122.305,34194.0,,,,,,,,,,,,,,"rgba(239, 83, 80, 0.5)",,125.27319607544528,,39.41906041381216,-5.47995187581666,False,False,False,True,False,,0.0,0.0,0.0,0.0,0,,,False,False,False,False,,,False,False,False,False,61750.0,26236.953648662417,False,False,False,False,34991.406344871066,False,False,False,False
2024-01-24 17:00:00+00:00,122.135,122.585,120.235,120.76,24386.0,,,,,,,,,,,,,,"rgba(239, 83, 80, 0.5)",,125.00513103776541,,36.98327962105805,-8.071928781842033,False,False,False,True,False,,0.0,0.0,0.0,0.0,0,,,False,False,False,False,,,False,False,False,False,37364.0,26409.465995194783,False,False,False,False,34826.98144029942,False,False,False,False
2024-01-25 17:00:00+00:00,122.96,123.84,122.5,123.43,21994.0,,,,,,,,,,,,,,"rgba(239, 83, 80, 0.5)",,124.90736444483142,,39.827851179749636,-8.071928781842033,False,False,False,True,True,,0.0,0.0,0.0,0.0,0,,,False,False,False,False,,,False,False,False,False,59358.0,26920.295979765408,False,False,False,False,34628.02048773664,False,False,False,False
2024-01-26 17:00:00+00:00,123.73,124.56,123.3,124.215,27092.0,,,,,,,,,,,,,,"rgba(239, 83, 80, 0.5)",,124.85054966465029,,42.8376417157289,-12.189057238271431,False,False,False,True,True,,0.0,0.0,0.0,0.0,0,,,False,False,False,False,,,False,False,False,False,86450.0,27843.237127365945,False,False,False,False,34511.18296079499,False,False,False,False
2024-01-29 17:00:00+00:00,125.94,126.76,124.36,126.51,68578.0,,,,,,,,,,,,,,#000000,,125.28868948627121,,47.70484479597106,-7.668439229435144,False,False,False,False,True,,0.0,0.0,0.0,0.0,0,,,False,False,False,False,,,False,False,False,False,155028.0,29815.093916088954,False,False,False,False,35039.350666829174,False,False,False,False
2024-01-30 17:00:00+00:00,123.1,123.23,121.17,121.19,38227.0,,,,,,,,,,,,,,"rgba(239, 83, 80, 0.5)",,124.65847409375347,,45.121458682192056,-7.668439229435144,False,False,False,True,False,,0.0,0.0,0.0,0.0,0,,,False,False,False,False,,,False,False,False,False,116801.0,31163.712615064316,False,False,False,False,35088.77158672329,False,False,False,False
2024-01-31 17:00:00+00:00,121.99,125.045,120.35,120.81,39489.0,,,,,,,,,,,,,,"rgba(239, 83, 80, 0.5)",,124.3196394946301,,43.081205264818934,-7.668439229435144,False,False,False,True,False,,0.0,0.0,0.0,0.0,0,,,False,False,False,False,,,False,False,False,False,77312.0,31879.189938861768,False,False,False,False,35156.992182277965,False,False,False,False
2024-02-01 17:00:00+00:00,119.43,122.51,119.17,122.425,34385.0,,,,,,,,,,,,,,"rgba(239, 83, 80, 0.5)",,124.04289294098157,,43.80443516133453,-7.668439229435144,False,False,False,True,False,,0.0,0.0,0.0,0.0,0,,,False,False,False,False,,,False,False,False,False,111697.0,33116.67536616624,False,False,False,False,35145.0233112349,False,False,False,False
2024-02-02 17:00:00+00:00,120.005,122.01,119.46,121.4,39315.0,,,,,,,,,,,,,,"rgba(239, 83, 80, 0.5)",,123.76029871357554,,43.258301809897034,-7.668439229435144,False,False,False,True,False,,0.0,0.0,0.0,0.0,1,,,False,False,False,False,,,False,False,False,False,72382.0,33725.44008917141,False,False,False,False,35209.6741126111,False,False,False,False
2024-02-05 17:00:00+00:00,118.05,119.46,117.96,117.98,38948.0,,,,,,,,,,,,,,"rgba(239, 83, 80, 0.5)",,123.31882621435052,,40.030358355690936,-4.4979730428641815,True,False,False,True,False,,0.0,0.0,0.0,0.0,1,,,False,False,False,False,,,False,False,False,False,33434.0,33720.92163817651,False,False,False,False,35267.632653500856,False,False,False,False
2024-02-06 17:00:00+00:00,117.93,118.5,117.6,117.645,43229.0,,,,,,,,,,,,,,"rgba(239, 83, 80, 0.5)",,122.87538669237405,,37.6326281816606,-6.8974263710203445,False,False,False,True,False,,0.0,0.0,0.0,0.0,0,,,False,False,False,False,,,False,False,False,False,-9795.0,33046.25618642183,False,False,False,False,35391.06470538456,False,False,False,False
2024-02-07 17:00:00+00:00,117.45,118.45,117.04,117.22,28543.0,,,,,,,,,,,,,,"rgba(239, 83, 80, 0.5)",,122.60846243195859,,35.70150073335337,-8.855341711030142,False,False,False,True,False,,0.0,0.0,0.0,0.0,0,,,False,False,False,False,,,False,False,False,False,-38338.0,31939.523532368778,False,False,False,False,35284.89315956464,False,False,False,False
2024-02-08 17:00:00+00:00,117.88,118.84,117.445,117.88,40042.0,,,,,,,,,,,,,,"rgba(239, 83, 80, 0.5)",,122.31638367504708,,35.55955522795585,-9.217963218802218,False,False,False,True,False,,0.0,0.0,0.0,0.0,0,,,False,False,False,False,,,False,False,False,False,1704.0,31470.755725665385,False,False,False,False,35358.64675399,False,False,False,False
2024-02-09 17:00:00+00:00,115.8,116.395,115.52,116.15,29063.0,,,,,,,,,,,,,,"rgba(239, 83, 80, 1.0)",,122.0323904896203,,33.94303015371555,-11.02296768926788,False,True,False,True,False,,0.0,0.0,0.0,0.0,0,,,False,False,False,False,,,False,False,False,False,-27359.0,30558.666489608557,False,False,False,False,35261.03982757155,False,False,False,False
2024-02-12 17:00:00+00:00,117.605,118.8,117.58,117.9,19687.0,,,,,,,,,,,,,,"rgba(239, 83, 80, 1.0)",,121.92065565447443,,35.830527171983874,-11.02296768926788,False,True,False,True,False,,0.0,0.0,0.0,0.0,0,,,False,False,False,False,,,False,False,False,False,-7672.0,29965.942978141757,False,False,False,False,35019.58184574873,False,False,False,False
2024-02-13 17:00:00+00:00,112.96,113.48,111.32,112.8,20145.0,,,,,,,,,,,,,,"rgba(239, 83, 80, 1.0)",,119.36453816809868,,33.17815306473704,-11.937146970663264,False,True,False,True,False,,0.0,0.0,0.0,0.0,0,,,False,False,False,False,,,False,False,False,False,-27817.0,29070.083397085295,False,False,False,False,34788.96817372162,False,False,False,False
2024-02-14 17:00:00+00:00,113.43,114.505,112.98,113.085,34135.0,,,,,,,,,,,,,,"rgba(239, 83, 80, 1.0)",,119.23209840549555,,31.84945394528966,-13.338645773152336,False,True,False,True,False,,0.0,0.0,0.0,0.0,0,,,False,False,False,False,,,False,False,False,False,6318.0,28717.337918060715,False,False,False,False,34778.829132268576,False,False,False,False
2024-02-15 17:00:00+00:00,117.33,119.44,117.33,119.4,20176.0,,,,,,,,,,,,,,"rgba(239, 83, 80, 0.75)",,119.5631197108002,,38.35277705946879,-16.870387725098126,False,True,False,True,True,0.0,0.0,0.0,0.0,0.0,0,,,False,False,False,False,,,False,False,False,False,26494.0,28682.867562741943,False,False,False,False,34552.428680605495,False,False,False,False
2024-02-16 17:00:00+00:00,118.68,119.88,118.42,119.27,14022.0,,,,,,,,,,,,,,"rgba(239, 83, 80, 0.5)",,119.71846994583552,,42.56509588852673,-13.133583469489011,False,False,False,True,True,0.0,0.0,0.0,0.0,0.0,0,,,False,False,False,False,,,False,False,False,False,12472.0,28431.53628269943,False,False,False,False,34234.127460751144,False,False,False,False
2024-02-19 17:00:00+00:00,119.27,119.27,119.27,119.27,0.0,,,,,,,,,,,,,,"rgba(239, 83, 80, 0.5)",,119.71846994583552,,45.37330844123202,-10.682574324740862,True,False,False,True,True,0.0,0.0,0.0,0.0,0.0,0,,,False,False,False,False,,,False,False,False,False,12472.0,28184.10161164983,False,False,False,False,33703.36579469299,False,False,False,False
2024-02-20 17:00:00+00:00,118.68,119.025,117.9,118.91,15704.0,,,,,,,,,,,,,,"rgba(239, 83, 80, 0.5)",,119.80513996378963,,46.82721307934929,-9.360435020888971,True,False,False,True,True,0.0,0.0,0.0,0.0,0.0,0,,,False,False,False,False,,,False,False,False,False,-3232.0,27697.03026883355,False,False,False,False,33424.305859891545,False,False,False,False
2024-02-21 17:00:00+00:00,120.64,121.51,120.21,121.5,18209.0,,,,,,,,,,,,,,"rgba(38, 166, 154, 1.0)",,120.00372501114649,,50.579247476071686,-5.820427953759136,True,False,True,False,True,0.0,0.0,0.0,0.0,0.0,0,,,False,False,False,False,,,False,False,False,False,14977.0,27499.820497223725,False,False,False,False,33188.40964500951,False,False,False,False
2024-02-22 17:00:00+00:00,120.72,121.58,120.21,121.13,38340.0,,,,,,,,,,,,,,"rgba(38, 166, 154, 1.0)",,120.26721514493846,,52.57724623888645,-3.9019395409718456,True,False,True,False,True,0.0,0.0,0.0,0.0,0.0,0,,,False,False,False,False,,,False,False,False,False,-23363.0,26711.24963680165,False,False,False,False,33268.27926291634,False,False,False,False
2024-02-23 17:00:00+00:00,122.3,123.175,121.735,121.98,16910.0,,,,,,,,,,,,,,"rgba(38, 166, 154, 1.0)",,120.3993537355192,,54.82064701304921,-1.674598037048618,True,False,True,False,True,0.5425623241912021,0.0,0.0,0.0,0.0,0,,,False,False,False,False,,,False,False,False,False,-6453.0,26197.07522382798,False,False,False,False,33014.66253015794,False,False,False,False
2024-02-26 17:00:00+00:00,119.53,120.07,118.44,119.05,23339.0,,,,,,,,,,,,,,"rgba(38, 166, 154, 1.0)",,120.39507579539068,,52.436651110295024,-1.674598037048618,True,False,True,False,True,0.0,0.0,0.0,0.0,0.0,0,,,False,False,False,False,,,False,False,False,False,-29792.0,25329.02754593917,False,False,False,False,32864.652258372545,False,False,False,False
2024-02-27 17:00:00+00:00,120.93,122.05,120.375,121.87,21260.0,,,,,,,,,,,,,,"rgba(38, 166, 154, 1.0)",,120.48174003135438,,53.904324832517744,-1.674598037048618,True,False,True,False,True,0.42996694469076147,0.0,0.0,0.0,0.0,0,,,False,False,False,False,,,False,False,False,False,-8532.0,24804.0503746843,False,False,False,False,32684.73516909545,False,False,False,False
2024-02-28 17:00:00+00:00,122.54,124.04,121.025,121.245,33956.0,,,,,,,,,,,,,,"rgba(38, 166, 154, 1.0)",,120.63344940051125,,54.089551001579544,-1.674598037048618,True,False,True,False,True,0.0,0.0,0.0,0.0,0.0,0,,,False,False,False,False,,,False,False,False,False,-42488.0,23760.762771976017,False,False,False,False,32704.444701357534,False,False,False,False
2024-02-29 17:00:00+00:00,124.06,126.66,123.66,124.91,49529.0,,,,,,,,,,,,,,"rgba(38, 166, 154, 1.0)",,121.03787053120416,,57.49827512340999,1.547867331401747,True,False,True,False,True,4.00640894460744,0.0,0.0,0.0,0.0,0,,,False,False,False,False,,,False,False,False,False,7041.0,23501.541643728327,False,False,False,False,32965.29051994113,False,False,False,False
2024-03-01 17:00:00+00:00,123.64,124.41,122.55,124.27,25189.0,,,,,,,,,,,,,,"rgba(38, 166, 154, 1.0)",,121.15769207359331,,58.89644475163244,3.1090735629417168,True,False,True,False,True,3.202124403837729,0.0,0.0,0.0,0.0,0,,,False,False,False,False,,,False,False,False,False,-18148.0,22855.812315918585,False,False,False,False,32844.72787622111,False,False,False,False
2024-03-04 17:00:00+00:00,125.565,126.635,125.07,126.1,25013.0,,,,,,,,,,,,,,"rgba(38, 166, 154, 1.0)",,121.34311570025567,,61.30943557466125,5.616603577338481,True,False,True,False,True,5.273182502767007,0.0,0.0,0.0,0.0,0,,,False,False,False,False,,,False,False,False,False,6865.0,22607.89274512915,False,False,False,False,32723.305738605282,False,False,False,False
2024-03-05 17:00:00+00:00,124.6,124.95,123.71,124.13,21377.0,,,,,,,,,,,,,,"rgba(38, 166, 154, 1.0)",,121.43800455359968,,60.20313629127076,5.616603577338481,True,False,True,False,True,2.807752815123603,0.0,0.0,0.0,0.0,0,,,False,False,False,False,,,False,False,False,False,-14512.0,22032.390532026373,False,False,False,False,32547.394021727683,False,False,False,False
2024-03-06 17:00:00+00:00,123.75,124.23,122.5,123.655,43729.0,,,,,,,,,,,,,,"rgba(38, 166, 154, 0.75)",,121.5649373531395,,58.84072551438012,5.616603577338481,True,False,True,False,False,2.2242044046312373,0.0,0.0,0.0,0.0,0,,,False,False,False,False,,,False,False,False,False,-58241.0,20787.84184160736,False,False,False,False,32720.75225394896,False,False,False,False
2024-03-07 17:00:00+00:00,124.625,125.23,123.65,124.205,22939.0,,,,,,,,,,,,,,"rgba(38, 166, 154, 0.75)",,121.64977608028903,,58.523541395489445,5.616603577338481,True,False,True,False,False,2.863427598711386,0.0,0.0,0.0,0.0,0,,,False,False,False,False,,,False,False,False,False,-35302.0,19918.231890574687,False,False,False,False,32569.097180244324,False,False,False,False
2024-03-08 17:00:00+00:00,126.375,127.19,125.83,127.09,15102.0,,,,,,,,,,,,,,"rgba(38, 166, 154, 1.0)",,121.7452491758105,,61.01477433167662,6.153451850557694,True,False,True,False,True,6.102538630691981,0.0,0.0,0.0,0.0,0,,,False,False,False,False,,,False,False,False,False,-20200.0,19296.243799247946,False,False,False,False,32298.28947202348,False,False,False,False
2024-03-11 17:00:00+00:00,127.8,128.325,126.68,126.95,19500.0,,,,,,,,,,,,,,"rgba(38, 166, 154, 1.0)",,122.96479638877103,,62.44676172138281,7.731534572594022,True,False,True,False,True,5.922611619737779,0.0,0.0,0.0,0.0,0,,,False,False,False,False,,,False,False,False,False,-39700.0,18381.57335274798,False,False,False,False,32099.866379433966,False,False,False,False
2024-03-12 17:00:00+00:00,124.91,126.25,124.29,126.06,18683.0,,,,,,,,,,,,,,"rgba(38, 166, 154, 1.0)",,122.85457491864172,,61.89400859415143,7.731534572594022,True,False,True,False,True,4.774557878931471,0.0,0.0,0.0,0.0,0,,,False,False,False,False,,,False,False,False,False,-58383.0,17191.424928674365,False,False,False,False,31891.85294719468,False,False,False,False
2024-03-13 17:00:00+00:00,126.14,126.3,124.83,125.17,9684.0,,,,,,,,,,,,,,"rgba(38, 166, 154, 0.75)",,122.84486683404153,,60.06115986995156,7.731534572594022,True,False,True,False,False,3.6361742840862448,0.0,0.0,0.0,0.0,0,,,False,False,False,False,,,False,False,False,False,-68067.0,15869.588883268561,False,False,False,False,31547.545149563754,False,False,False,False
2024-03-14 17:00:00+00:00,122.07,123.65,121.31,123.535,39400.0,,,,,,,,,,,,,,"rgba(38, 166, 154, 0.75)",,122.61170905521887,,56.39643688364626,10.845485714497713,True,False,True,False,False,1.5874500377920242,0.0,0.0,0.0,0.0,0,,,False,False,False,False,,,False,False,False,False,-107467.0,13957.393706783776,False,False,False,False,31669.288635617027,False,False,False,False
2024-03-15 17:00:00+00:00,123.22,124.77,122.85,123.75,35905.0,,,,,,,,,,,,,,"rgba(38, 166, 154, 0.75)",,122.68830542975722,,54.27351005233945,8.822221807049594,True,False,True,False,False,1.8431969955402572,0.0,0.0,0.0,0.0,0,,,False,False,False,False,,,False,False,False,False,-71562.0,12631.511633810384,False,False,False,False,31734.958579250873,False,False,False,False
2024-03-18 17:00:00+00:00,124.52,124.82,122.98,123.1,20629.0,,,,,,,,,,,,,,#000000,,122.70328471816576,,51.85294766613303,6.525551460544982,True,False,False,False,False,1.0261407888712348,0.0,0.0,0.0,0.0,0,,,False,False,False,False,,,False,False,False,False,-92191.0,11006.35641468154,False,False,False,False,31562.7731749214,False,False,False,False
2024-03-19 17:00:00+00:00,123.95,124.17,122.8,123.48,20954.0,,,,,,,,,,,,,,#000000,,122.70818264153043,,50.912822872719154,5.571825900105161,True,False,False,False,False,1.4923951902227017,0.0,0.0,0.0,0.0,0,,,False,False,False,False,,,False,False,False,False,-71237.0,9731.265617554694,False,False,False,False,31398.296071434244,False,False,False,False
2024-03-20 17:00:00+00:00,124.65,126.99,124.11,126.08,17247.0,,,,,,,,,,,,,,"rgba(38, 166, 154, 1.0)",,122.8221232177991,,54.1414387782082,5.571825900105161,True,False,True,False,True,4.5907972352739606,0.0,0.0,0.0,0.0,0,,,False,False,False,False,,,False,False,False,False,-53990.0,8743.339018832916,False,False,False,False,31178.89613234224,False,False,False,False
2024-03-21 17:00:00+00:00,126.87,128.89,126.54,128.54,14483.0,,,,,,,,,,,,,,"rgba(38, 166, 154, 1.0)",4.2657074199706635,122.98970448541279,1.3011430386909602,58.84910031179589,3.7012160864555668,True,False,True,False,True,7.344056669640587,0.0,0.0,0.0,0.0,0,,,False,False,False,False,,,False,False,False,False,-39507.0,7995.271747223103,False,False,False,False,30920.04502951523,False,False,False,False
2024-03-22 17:00:00+00:00,125.205,126.1,124.915,125.58,7513.0,,,,,,,,,,,,,,"rgba(38, 166, 154, 1.0)",4.239374236714531,123.02199677307011,0.6033916998354711,57.24404648832018,3.7012160864555668,True,False,True,False,True,3.571686411991923,0.0,0.0,0.0,0.0,0,,,False,False,False,False,,,False,False,False,False,-47020.0,7142.321797653753,False,False,False,False,30557.14510657701,False,False,False,False
2024-03-25 17:00:00+00:00,126.74,126.875,126.18,126.47,8830.0,,,,,,,,,,,,,,"rgba(38, 166, 154, 1.0)",4.218025547874564,123.0786307504124,0.8040181860198753,57.183262832563486,3.7012160864555668,True,False,True,False,True,4.56174942087306,0.0,0.0,0.0,0.0,0,,,False,False,False,False,,,False,False,False,False,-38190.0,6439.495103116485,False,False,False,False,30220.290143684342,False,False,False,False
2024-03-26 17:00:00+00:00,125.91,125.925,124.165,124.165,15778.0,,,,,,,,,,,,,,"rgba(38, 166, 154, 0.75)",4.135385606822793,123.10855145148582,0.25546554758308254,54.08011459582015,3.7012160864555668,True,False,True,False,False,1.7503181584500354,0.0,0.0,0.0,0.0,0,,,False,False,False,False,,,False,False,False,False,-53968.0,5502.94479144026,False,False,False,False,29996.37866858846,False,False,False,False
2024-03-27 17:00:00+00:00,125.75,127.7,125.28,127.685,20691.0,,,,,,,,,,,,,,"rgba(38, 166, 154, 0.75)",4.152520183439677,123.237668135788,1.0709958453538746,55.776352440693394,3.7012160864555668,True,False,True,False,False,5.57324236065902,0.0,0.0,0.0,0.0,0,,,False,False,False,False,,,False,False,False,False,-33277.0,4901.705337309402,False,False,False,False,29852.109231866158,False,False,False,False
2024-03-28 17:00:00+00:00,128.59,129.25,128.46,128.89,15251.0,,,,,,,,,,,,,,"rgba(38, 166, 154, 1.0)",4.006595421785668,124.1664338762946,1.1789476167274642,57.955486464584624,3.7012160864555668,True,False,True,False,True,6.8162931131174,0.0,0.0,0.0,0.0,0,,,False,False,False,False,,,False,False,False,False,-18026.0,4546.2370375061555,False,False,False,False,29625.735445325594,False,False,False,False
2024-03-29 17:00:00+00:00,128.89,128.89,128.89,128.89,0.0,,,,,,,,,,,,,,"rgba(38, 166, 154, 1.0)",3.9827771140926953,124.1664338762946,1.1859981084533884,59.40824248051211,4.201867682235758,True,False,True,False,True,6.816293113117389,0.0,0.0,0.0,0.0,0,,,False,False,False,False,,,False,False,False,False,-18026.0,4196.279874133967,False,False,False,False,29166.42171749109,False,False,False,False
2024-04-01 17:00:00+00:00,125.975,126.515,125.315,125.58,12018.0,,,,,,,,,,,,,,"rgba(38, 166, 154, 0.75)",3.94114619194801,124.00379298738393,0.3999361951699099,55.98955842455772,4.201867682235758,True,False,True,False,False,2.8306236141809507,0.0,0.0,0.0,0.0,0,,,False,False,False,False,,,False,False,False,False,-30044.0,3665.422821821812,False,False,False,False,28900.55471411913,False,False,False,False
2024-04-02 17:00:00+00:00,123.72,124.07,123.06,123.93,6602.0,,,,,,,,,,,,,,#000000,3.887506351201323,123.89065497959601,0.010120889035162834,51.975284118477575,7.520104810421159,False,False,False,False,False,0.9486589331054525,0.0,0.0,0.0,0.0,0,,,False,False,False,False,,,False,False,False,False,-36646.0,3040.4395222586827,False,False,False,False,28554.840687543638,False,False,False,False
2024-04-03 17:00:00+00:00,123.9,124.03,123.39,123.49,6835.0,,,,,,,,,,,,,,"rgba(239, 83, 80, 0.5)",3.875850167708049,123.80871459863225,-0.08223088737734255,48.848015695347584,4.6422663918773495,False,False,False,True,False,0.45220886640567315,0.0,0.0,0.0,0.0,0,,,False,False,False,False,,,False,False,False,False,-43481.0,2319.17689400661,False,False,False,False,28218.098971457686,False,False,False,False
2024-04-04 17:00:00+00:00,125.47,125.47,122.33,122.51,8031.0,,,,,,,,,,,,,,"rgba(239, 83, 80, 1.0)",3.8337065403911423,123.73279418953085,-0.31895873527296287,45.7461675639195,1.7784682486660373,False,True,False,True,False,0.0,0.0,0.0,0.0,0.0,0,,,False,False,False,False,,,False,False,False,False,-51512.0,1484.58500417705,False,False,False,False,27905.120692830435,False,False,False,False
2024-04-05 17:00:00+00:00,124.66,124.82,123.82,124.6,7094.0,,,,,,,,,,,,,,"rgba(239, 83, 80, 1.0)",3.808257150262112,123.71031595060218,0.2336197410767233,46.63373902612313,1.7784682486660373,False,True,False,True,False,1.6832812704329072,0.0,0.0,0.0,0.0,0,,,False,False,False,False,,,False,False,False,False,-44418.0,772.9170196161655,False,False,False,False,27582.467658833062,False,False,False,False
2024-04-08 17:00:00+00:00,126.47,126.82,126.045,126.77,8530.0,,,,,,,,,,,,,,#000000,3.7975043630504715,123.75785124280013,0.793191651471931,49.74051175247879,1.7784682486660373,False,False,False,False,True,4.005408388699543,0.0,0.0,0.0,0.0,0,,,False,False,False,False,,,False,False,False,False,-35888.0,204.53070923451946,False,False,False,False,27287.080563347277,False,False,False,False
2024-04-09 17:00:00+00:00,128.58,129.73,128.58,129.46,10280.0,,,,,,,129.25666666666666,,,,,129.25666666666666,,"rgba(38, 166, 154, 1.0)",3.8051869909422344,124.57110016256578,1.2847988414423865,54.29890667317596,-2.058606722318885,True,False,True,False,True,6.74014074587798,0.0,0.0,0.0,0.0,0,,,False,False,False,False,,,False,False,False,False,-25608.0,-195.66356532725604,False,True,False,False,27023.40489569848,False,True,False,False
2024-04-10 17:00:00+00:00,122.89,123.04,121.715,122.8,8650.0,,,,,,,126.17760785349532,,,,,126.17760785349532,,#000000,3.757343042462148,124.11908312712072,-0.3510680585226359,50.5611853011297,-2.058606722318885,False,False,False,False,False,0.0,0.0,0.0,0.0,0.0,0,,,False,False,False,False,,,False,False,False,False,-34258.0,-723.7618046245078,False,False,False,False,26738.545905067494,False,False,False,False
2024-04-11 17:00:00+00:00,123.79,124.69,123.57,123.92,9746.0,,,,,,,125.4579047519412,,,,,125.4579047519412,,#000000,3.7057054525286905,124.00362061469883,-0.02256537001389829,49.154205266140906,-2.058606722318885,False,True,False,False,False,0.6228658626982373,0.0,0.0,0.0,0.0,0,,,False,False,False,False,,,False,False,False,False,-24512.0,-1092.5716991264535,False,False,False,False,26475.09558095792,False,False,False,False
2024-04-12 17:00:00+00:00,122.31,122.42,121.235,121.8,9058.0,,,,,,,124.58423013727669,,,,,124.58423013727669,,"rgba(239, 83, 80, 1.0)",3.692014272370483,123.8262952114301,-0.5488319009474194,46.539470333190316,3.266498472551916,False,True,False,True,False,0.0,0.0,0.0,0.0,0.0,0,,,False,False,False,False,,,False,False,False,False,-33570.0,-1596.0977192950354,False,False,False,False,26205.063091330667,False,False,False,False
2024-04-15 17:00:00+00:00,119.96,119.96,118.43,119.2,10000.0,,,,,,,123.45556640270385,,,,,123.45556640270385,,"rgba(239, 83, 80, 1.0)",3.704913572079182,123.56010694228463,-1.1768444411613512,43.0026364833318,-0.16672784145774955,False,True,False,True,False,0.0,0.0,0.0,0.0,0.0,0,,,False,False,False,False,,,False,False,False,False,-43570.0,-2246.855894189686,False,False,False,False,25953.821803092982,False,False,False,False
2024-04-16 17:00:00+00:00,117.83,118.22,116.95,116.97,11840.0,,,,,,,122.24808148968789,,,,,122.24808148968789,,"rgba(239, 83, 80, 1.0)",3.7097524115437794,123.2330219155889,-1.688258735569528,39.30753673087937,-3.699234222730084,False,True,False,True,False,0.0,0.0,0.0,0.0,0.0,0,,,False,False,False,False,,,False,False,False,False,-55410.0,-3071.0906865278303,False,False,False,False,25735.002860409368,False,False,False,False
2024-04-17 17:00:00+00:00,117.06,118.385,116.41,116.41,9449.0,,,,,,,121.53899263047583,,,,,121.53899263047583,,"rgba(239, 83, 80, 1.0)",3.784016646631183,123.01242154079998,-1.7448183127518622,36.518802666102474,-6.384764285329652,False,True,False,True,False,0.0,0.0,0.0,0.0,0.0,0,,,False,False,False,False,,,False,False,False,False,-64859.0,-4029.042768907244,False,False,False,False,25482.506692030925,False,False,False,False
2024-04-18 17:00:00+00:00,114.88,116.635,114.75,116.52,32207.0,,,,,,,119.76665020250914,,,,,119.76665020250914,,"rgba(239, 83, 80, 1.0)",3.8477760629525384,121.64225264174527,-1.331224207942805,34.814155567580436,-8.136753434548716,False,True,False,True,False,0.0,0.0,0.0,0.0,0.0,0,,,False,False,False,False,,,False,False,False,False,-32652.0,-4472.809547683876,False,False,False,False,25586.762402231994,False,False,False,False
2024-04-19 17:00:00+00:00,116.665,116.95,115.12,115.435,28003.0,,,,,,,118.91471609418647,,,,,118.91471609418647,,"rgba(239, 83, 80, 1.0)",3.9223311325681576,121.26252393637355,-1.4857297202640727,32.95208100715302,-10.124883091294315,False,True,False,True,False,0.0,0.0,0.0,0.0,0.0,0,,,False,False,False,False,,,False,False,False,False,-60655.0,-5343.851260122886,False,False,False,False,25624.223450259404,False,False,False,False
2024-04-22 17:00:00+00:00,118.06,118.85,117.19,118.34,11110.0,,,,,,,118.85233158523523,,,,,118.85233158523523,,"rgba(239, 83, 80, 1.0)",3.8730285284234425,121.2317195795218,-0.7466300747076852,35.78548595066985,-10.124883091294315,False,True,False,True,False,0.0,0.0,0.0,0.0,0.0,0,,,False,False,False,False,,,False,False,False,False,-49545.0,-6029.140387872918,False,False,False,False,25399.196730100342,False,False,False,False
2024-04-23 17:00:00+00:00,120.32,120.645,119.28,119.49,20060.0,,,,,,,118.97147230205587,,,,,118.97147230205587,,"rgba(239, 83, 80, 0.75)",3.8353462697661183,121.2723118384543,-0.4647068903541248,39.068451192487174,-10.124883091294315,False,True,False,True,True,0.0,0.0,0.0,0.0,0.0,0,,,False,False,False,False,,,False,False,False,False,-29485.0,-6392.797126045431,False,False,False,False,25316.418486222818,False,False,False,False
2024-04-24 17:00:00+00:00,117.88,119.81,117.83,119.67,26383.0,,,,,,,118.99009730386646,,,,,118.99009730386646,,"rgba(239, 83, 80, 0.75)",3.7712600852540636,121.23287995975437,-0.4144185032120585,41.4821995443607,-15.344917986868815,False,True,False,True,True,0.0,0.0,0.0,0.0,0.0,0,,,False,False,False,False,,,False,False,False,False,-3102.0,-6341.777015564106,False,False,False,False,25332.95463372324,False,False,False,False
2024-04-25 17:00:00+00:00,117.12,117.525,116.61,117.2,24579.0,,,,,,,118.77166025595535,,,,,118.77166025595535,,"rgba(239, 83, 80, 0.75)",3.797477805686892,121.06660512211084,-1.01820348135292,40.60754285809333,-15.344917986868815,False,True,False,True,True,0.0,0.0,0.0,0.0,0.0,0,,,False,False,False,False,,,False,False,False,False,-27681.0,-6672.617681989468,False,False,False,False,25321.265414595746,False,False,False,False
2024-04-26 17:00:00+00:00,117.45,117.45,116.23,116.29,31282.0,,,,,,,118.49899572904948,,,,,118.49899572904948,,"rgba(239, 83, 80, 0.75)",3.830325857048067,120.85237866604533,-1.191120243112012,39.21461569742604,-15.344917986868815,False,True,False,True,True,0.0,0.0,0.0,0.0,0.0,0,,,False,False,False,False,,,False,False,False,False,-58963.0,-7483.321283819088,False,False,False,False,25413.679904291934,False,False,False,False
2024-04-29 17:00:00+00:00,117.745,119.15,117.63,119.15,17565.0,,,,,,,118.50873890007635,,,,,118.50873890007635,,"rgba(239, 83, 80, 0.75)",3.8140624188829118,120.81764916381752,-0.4372369879321344,42.12226296167077,-14.117078310362885,False,True,False,True,True,0.0,0.0,0.0,0.0,0.0,0,,,False,False,False,False,,,False,False,False,False,-41398.0,-8009.130256162978,False,False,False,False,25291.99494453547,False,False,False,False
2024-04-30 17:00:00+00:00,117.32,117.78,115.75,115.84,14579.0,,,,,,,118.39986648034325,,,,,118.39986648034325,,"rgba(239, 83, 80, 0.75)",3.845197323865094,120.72637107751137,-1.2707725159341667,41.01265416719447,-14.117078310362885,False,True,False,True,True,0.0,0.0,0.0,0.0,0.0,0,,,False,False,False,False,,,False,False,False,False,-55977.0,-8752.818159168202,False,False,False,False,25125.90199965895,False,False,False,False
2024-05-01 17:00:00+00:00,116.88,119.885,116.05,116.95,12536.0,,,,,,,118.36620469592718,,,,,118.36620469592718,,"rgba(239, 83, 80, 0.75)",3.885158711843833,120.68025637565754,-0.9601297275928308,41.642566926516594,-14.05751701191187,False,True,False,True,True,0.0,0.0,0.0,0.0,0.0,0,,,False,False,False,False,,,False,False,False,False,-43441.0,-9290.619428018308,False,False,False,False,24930.709720594466,False,False,False,False
2024-05-02 17:00:00+00:00,116.85,118.19,116.73,118.18,12744.0,,,,,,,118.33791101661495,,,,,118.33791101661495,,"rgba(239, 83, 80, 0.75)",3.9085834834178304,120.63692343706543,-0.6285968938590994,43.53231520699977,-11.92468549189497,False,True,False,True,True,0.0,0.0,0.0,0.0,0.0,0,,,False,False,False,False,,,False,False,False,False,-30697.0,-9622.501297351357,False,False,False,False,24741.768484616256,False,False,False,False
2024-05-03 17:00:00+00:00,120.495,120.69,119.85,120.51,14605.0,,,,,,,118.43129773693153,,,,,118.43129773693153,,#000000,3.907483559244437,120.65732456349913,-0.03770318192397282,47.27408552321896,-8.18323890604033,False,False,False,False,True,0.0,0.0,0.0,0.0,0.0,0,,,False,False,False,False,,,False,False,False,False,-16092.0,-9722.803602818776,False,False,False,False,24584.609283304377,False,False,False,False
2024-05-06 17:00:00+00:00,119.42,120.26,119.395,119.87,7932.0,,,,,,,118.4659746400172,,,,,118.4659746400172,,#000000,3.9086652660674295,120.66020387009968,-0.20216718913224074,49.00487584709064,-6.407441824818754,False,False,False,False,True,0.0,0.0,0.0,0.0,0.0,0,,,False,False,False,False,,,False,False,False,False,-24024.0,-9944.527577968873,False,False,False,False,24326.429294415935,False,False,False,False
2024-05-07 17:00:00+00:00,119.71,120.15,119.16,119.7,16076.0,,,,,,,118.52312499753951,,,,,118.52312499753951,,#000000,3.915195999143787,120.6599603223762,-0.24518831818027087,49.94276377857831,-5.318045654899542,False,False,False,False,True,0.0,0.0,0.0,0.0,0.0,0,,,False,False,False,False,,,False,False,False,False,-40100.0,-10412.05428218641,False,False,False,False,24198.51566194437,False,False,False,False
2024-05-08 17:00:00+00:00,118.15,118.35,117.85,118.08,3752.0,,,,,,,118.51841585970324,,,,,118.51841585970324,,#000000,3.9361654729737205,120.64998414999442,-0.6529156783779309,48.54861504400991,-5.318045654899542,False,False,False,False,True,0.0,0.0,0.0,0.0,0.0,0,,,False,False,False,False,,,False,False,False,False,-43852.0,-10930.503053005225,False,False,False,False,23881.515419123527,False,False,False,False
2024-05-09 17:00:00+00:00,120.23,121.22,120.23,120.49,9933.0,,,,,,,118.57840954605355,,,,,118.57840954605355,,#000000,3.933091134702281,120.66474099276908,-0.04442841184820787,50.57788099987063,-4.406650209488646,True,False,False,False,True,0.0,0.0,0.0,0.0,0.0,0,,,False,False,False,False,,,False,False,False,False,-33919.0,-11286.913858384989,False,False,False,False,23665.25936611386,False,False,False,False
2024-05-10 17:00:00+00:00,121.29,121.925,120.98,121.615,16763.0,,,,,,,118.71138738084662,,,,,118.71138738084662,,"rgba(38, 166, 154, 1.0)",3.9214930186722627,120.70943314934806,0.23092399918604042,53.12739200144843,-1.8433999732045834,True,False,True,False,True,0.0,0.0,0.0,0.0,0.0,0,,,False,False,False,False,,,False,False,False,False,-17156.0,-11377.907441975918,False,False,False,False,23558.247592995816,False,False,False,False
2024-05-13 17:00:00+00:00,120.54,120.755,120.08,120.755,6199.0,,,,,,,118.74142374774978,,,,,118.74142374774978,,"rgba(38, 166, 154, 1.0)",3.8802320539875685,120.71561058808607,0.010151303160709524,53.590295314943404,-1.219162201860975,True,False,True,False,True,0.0,0.0,0.0,0.0,0.0,0,,,False,False,False,False,,,False,False,False,False,-23355.0,-11563.598799464664,False,False,False,False,23289.11197139898,False,False,False,False
2024-05-14 17:00:00+00:00,123.185,124.33,122.31,124.01,15209.0,,,,,,,118.9286866048719,,,,,118.9286866048719,,"rgba(38, 166, 154, 1.0)",3.890595831993825,120.7973753165458,0.8257410489765074,57.134641033987656,2.266381298974153,True,False,True,False,True,2.3027732529393745,0.0,0.0,0.0,0.0,0,,,False,False,False,False,,,False,False,False,False,-8146.0,-11510.612771565986,False,False,False,False,23163.83891757884,False,False,False,False
2024-05-15 17:00:00+00:00,125.7,125.7,124.96,125.195,24069.0,,,,,,125.28500000000003,119.29768512421745,,,,,122.29134256210874,,"rgba(38, 166, 154, 1.0)",3.9120294346153757,121.40537504090544,0.9687107478185789,60.45615079769267,5.412837056055366,True,False,True,False,True,3.4256561239024066,0.0,0.0,0.0,0.0,0,,,False,False,False,False,,,False,False,False,False,15923.0,-11085.285441774266,False,False,False,False,23177.872422732657,False,False,False,False
2024-05-16 17:00:00+00:00,124.875,125.095,124.005,124.1,17865.0,,,,,,124.9079664472743,119.5084558416614,,,,,122.20821114446785,,"rgba(38, 166, 154, 1.0)",3.921453561631941,121.45643664028675,0.6741284368577612,60.94562756691076,5.943064133777909,True,False,True,False,True,2.299846548575939,0.0,0.0,0.0,0.0,0,,,False,False,False,False,,,False,False,False,False,-1942.0,-10943.529078335903,False,False,False,False,23095.502307651528,False,False,False,False
2024-05-17 17:00:00+00:00,124.025,124.265,123.58,124.21,14855.0,,,,,,124.67525412785342,119.65822084714682,,,,,122.16673748750011,,"rgba(38, 166, 154, 1.0)",3.9325093219937024,121.49543730763567,0.6902876687875458,61.381604488557095,6.561626098027773,True,False,True,False,True,2.40666739184341,0.0,0.0,0.0,0.0,0,,,False,False,False,False,,,False,False,False,False,12913.0,-10573.660410454726,False,False,False,False,22967.742581951505,False,False,False,False
2024-05-20 17:00:00+00:00,124.36,124.36,123.46,123.695,8223.0,,,,,,124.56939675239445,119.73367450550836,,,,,122.15153562895141,,"rgba(38, 166, 154, 1.0)",3.915169317383808,121.51603313362185,0.5565447340178317,60.76901453386291,6.561626098027773,True,False,True,False,True,1.867095134633388,0.0,0.0,0.0,0.0,0,,,False,False,False,False,,,False,False,False,False,4690.0,-10337.014512618218,False,False,False,False,22739.141921766208,False,False,False,False
2024-05-21 17:00:00+00:00,123.815,123.97,123.245,123.51,6666.0,,,,,,124.47691860356967,119.78907320427449,,,,,122.13299590392208,,"rgba(38, 166, 154, 1.0)",3.8904305188014137,121.5292969851779,0.5091218067640334,60.01752151394011,6.561626098027773,True,False,True,False,True,1.67119177708123,0.0,0.0,0.0,0.0,0,,,False,False,False,False,,,False,False,False,False,-1976.0,-10207.38638063964,False,False,False,False,22489.945922979132,False,False,False,False
2024-05-22 17:00:00+00:00,123.635,123.9,122.13,122.79,13186.0,,,,,,124.23811523928482,119.87646860003984,,,,,122.05729191966233,,"rgba(38, 166, 154, 0.75)",3.854140691317364,121.53874877331513,0.3246511549263626,58.144144474486296,6.561626098027773,True,False,True,False,False,0.9029555383322929,0.0,0.0,0.0,0.0,0,,,False,False,False,False,,,False,False,False,False,-15162.0,-10284.202095668483,False,False,False,False,22345.698699367054,False,False,False,False
2024-05-23 17:00:00+00:00,119.94,119.94,118.2,118.565,12782.0,,,,,,123.53956654650473,119.85094570853461,,,,,121.69525612751967,,#000000,3.845265221232658,121.44203240711106,-0.7482012921305811,51.144156268651216,5.727996298822049,True,False,False,False,False,0.0,0.0,0.0,0.0,0.0,0,,,False,False,False,False,,,False,False,False,False,-27944.0,-10557.997412014707,False,False,False,False,22197.424300927254,False,False,False,False
2024-05-24 17:00:00+00:00,119.07,119.32,118.22,118.38,9527.0,,,,,,123.10402615397535,119.82776632651081,,,,,121.46589624024308,,"rgba(239, 83, 80, 0.5)",3.808506135216511,121.37628908791439,-0.7867360538580449,46.287027719396484,1.4512944430082655,False,False,False,True,False,0.0,0.0,0.0,0.0,0.0,0,,,False,False,False,False,,,False,False,False,False,-37471.0,-10975.253266091999,False,False,False,False,22000.983614091172,False,False,False,False
2024-05-27 17:00:00+00:00,118.38,118.38,118.38,118.38,0.0,,,,,,123.10402615397535,119.82776632651081,,,,,121.46589624024308,,"rgba(239, 83, 80, 1.0)",3.8020096333718145,121.37628908791439,-0.7880803514054041,43.04894201989333,-1.2980802716868354,False,True,False,True,False,0.0,0.0,0.0,0.0,0.0,0,,,False,False,False,False,,,False,False,False,False,-37471.0,-11386.04003716034,False,False,False,False,21659.88309294247,False,False,False,False
2024-05-28 17:00:00+00:00,117.84,117.91,116.855,116.94,41113.0,,,,,,121.47681069015282,119.62993548319248,,,,,120.55337308667265,,"rgba(239, 83, 80, 1.0)",3.6958773757494185,121.06411843755288,-1.1158699324315722,39.285840660055094,-4.598215573600889,False,True,False,True,False,0.0,0.0,0.0,0.0,0.0,0,,,False,False,False,False,,,False,False,False,False,-78584.0,-12427.868873793512,False,False,False,False,21961.481804679795,False,False,False,False
2024-05-29 17:00:00+00:00,115.115,115.45,114.52,115.21,6438.0,,,,,,121.20980991959878,119.57597768542702,,,,,120.3928938025129,,"rgba(239, 83, 80, 1.0)",3.634165688607509,121.00113040680264,-1.593524044585215,35.17842282246046,-8.243231101018338,False,True,False,True,False,0.0,0.0,0.0,0.0,0.0,0,,,False,False,False,False,,,False,False,False,False,-85022.0,-13553.359278850976,False,False,False,False,21720.80766817313,False,False,False,False
2024-05-30 17:00:00+00:00,117.015,117.1,115.6,116.29,22081.0,,,,,,120.60037532875204,119.449644619529,,,,,120.02500997414052,,"rgba(239, 83, 80, 1.0)",3.682097903773446,120.84814892256227,-1.237921707049407,34.77456518552571,-8.573899338807067,False,True,False,True,False,0.0,0.0,0.0,0.0,0.0,0,,,False,False,False,False,,,False,False,False,False,-62941.0,-14319.059134992822,False,False,False,False,21726.392045410754,False,False,False,False
2024-05-31 17:00:00+00:00,116.95,119.02,116.9,119.02,14056.0,,,,,,120.43194562185747,119.42217306127787,,,,,119.92705934156767,,"rgba(239, 83, 80, 0.75)",3.684711647867138,120.80246602564527,-0.4837464083999739,39.22133040276938,-8.573899338807067,False,True,False,True,True,0.0,0.0,0.0,0.0,0.0,0,,,False,False,False,False,,,False,False,False,False,-48885.0,-14854.965194915414,False,False,False,False,21607.47123850516,False,False,False,False
2024-06-03 17:00:00+00:00,118.365,118.365,118.365,118.365,0.0,,,,,,120.43194562185747,119.42217306127787,,,,,119.92705934156767,,"rgba(239, 83, 80, 0.75)",3.695216502452844,120.80246602564527,-0.6596273923401552,41.309029475222516,-8.573899338807067,False,True,False,True,True,0.0,0.0,0.0,0.0,0.0,0,,,False,False,False,False,,,False,False,False,False,-48885.0,-15382.562633753936,False,False,False,False,21272.47168441981,False,False,False,False
2024-06-04 17:00:00+00:00,118.26,118.48,117.4,117.54,19886.0,,,,,,120.18422538240958,119.36874439882013,,,,,119.77648489061485,,"rgba(239, 83, 80, 0.75)",3.713941347589264,120.72884826912005,-0.8586156782443372,41.61076743044029,-15.146090133721998,False,True,False,True,True,0.0,0.0,0.0,0.0,0.0,0,,,False,False,False,False,-0.16577282795705053,-0.16577282795705053,False,False,False,False,-68771.0,-16210.290344858528,False,False,False,False,21250.975999390044,False,False,False,False
2024-06-05 17:00:00+00:00,116.97,116.98,116.15,116.35,11306.0,,,,,,119.99630076303107,119.31567588921196,,,,,119.65598832612152,,"rgba(239, 83, 80, 0.75)",3.7698012075100147,120.66937240358068,-1.1457825401975688,40.341753315174515,-15.146090133721998,False,True,False,True,True,0.0,0.0,0.0,0.0,0.0,0,0.8622420875367884,0.8329215127716838,False,False,False,False,-0.2083680901256088,-0.18707045904132968,False,False,False,False,-80077.0,-17200.47188989948,False,False,False,False,21096.790324980895,False,False,False,False
2024-06-06 17:00:00+00:00,116.23,116.955,116.23,116.415,11548.0,,,,,,119.82510993817095,119.26419634879515,,,,,119.54465314348306,,"rgba(239, 83, 80, 0.75)",3.8216729780753305,120.6122096217259,-1.0982649865137561,39.62799927081628,-15.146090133721998,False,True,False,True,True,0.0,0.0,0.0,0.0,0.0,0,0.8630488919711252,0.8326135611386063,False,False,False,False,-0.20750934083706954,-0.1972898999391996,False,False,False,False,-68529.0,-17996.26302338941,False,False,False,False,20948.747064128478,False,False,False,False
2024-06-07 17:00:00+00:00,114.915,115.09,114.04,114.5,20122.0,,,,,,119.40622828833021,119.1167515854033,,,,,119.26148993686675,,"rgba(239, 83, 80, 1.0)",3.914218690231137,120.46703113936647,-1.524450116764966,36.92974658351226,-15.146090133721998,False,True,False,True,False,0.0,0.0,0.0,0.0,0.0,0,0.8656791918936437,0.8331936957587065,False,False,False,False,-0.2717301357792018,-0.2345100178592007,False,False,False,False,-88651.0,-19091.68530209655,False,False,False,False,20935.9292801885,False,False,False,False
2024-06-10 17:00:00+00:00,114.275,115.085,113.805,113.93,38041.0,,,,,,118.73698719970022,118.84671290216681,,,,,118.79185005093352,,"rgba(239, 83, 80, 1.0)",4.005207896888386,120.20835685446556,-1.567548306129917,34.55052661937467,-9.660875412383092,False,True,False,True,False,0.0,0.0,0.0,0.0,0.0,0,0.8591471623440868,0.8583686114219911,False,False,False,False,-0.27559556512897265,-0.25505279149408666,False,False,False,False,-126692.0,-20759.90723539738,False,False,False,False,21201.124175069297,False,False,False,False
2024-06-11 17:00:00+00:00,114.0,114.58,113.48,113.56,13678.0,,,,,,118.5191878872803,118.74897203280165,,,,,118.63407996004096,,"rgba(239, 83, 80, 1.0)",4.1129055587424945,119.54920495133477,-1.4561980249227864,32.57946948938722,-11.750115265418202,False,True,False,True,False,0.0,0.0,0.0,0.0,0.0,0,0.8272196261682243,0.8640854472630174,False,False,False,False,-0.27611547329205127,-0.265584132393069,False,False,False,False,-140370.0,-22614.327278259436,False,False,False,False,21084.486590959692,False,False,False,False
2024-06-12 17:00:00+00:00,117.27,117.31,115.34,115.76,13863.0,,,,,,118.41574794214519,118.69795471311815,,,,,118.55685132763168,,"rgba(239, 83, 80, 0.75)",4.166857141952578,119.60465982203863,-0.9226761780071551,36.16304045591546,-11.750115265418202,False,True,False,True,True,0.0,0.0,0.0,0.0,0.0,0,0.8388947784676998,0.8503037339929663,False,False,False,False,-0.18596499009055234,-0.22577456124181067,False,False,False,False,-126507.0,-24225.066390224405,False,False,False,False,20972.525558541714,False,False,False,False
2024-06-13 17:00:00+00:00,117.68,118.14,116.62,117.11,8465.0,,,,,,118.38667433464524,118.68136252221652,,,,,118.53401842843087,,"rgba(239, 83, 80, 0.75)",4.177399043156581,119.63489283614885,-0.6044174401497824,40.90286531838933,-15.104161473796111,False,True,False,True,True,0.0,0.0,0.0,0.0,0.0,0,0.8379840403191937,0.8446703065938684,False,False,False,False,-0.1444855439344413,-0.18513005258812598,False,False,False,False,-118042.0,-25679.592492701544,False,False,False,False,20778.610433603084,False,False,False,False
2024-06-14 17:00:00+00:00,116.33,116.915,115.72,116.31,9657.0,,,,,,118.32738400207057,118.64997104035396,,,,,118.48867752121227,,"rgba(239, 83, 80, 0.5)",4.203894058162264,119.6195410363378,-0.7872560513060501,42.776176008785384,-13.357553902605893,False,False,False,True,True,0.0,0.0,0.0,0.0,0.0,0,0.8344744260974628,0.8459356960665866,False,False,False,False,-0.18537596487222574,-0.18525300873017586,False,False,False,False,-127699.0,-27261.288733124773,False,False,False,False,20606.18236486505,False,False,False,False
2024-06-17 17:00:00+00:00,115.075,116.03,114.91,115.13,25545.0,,,,,,118.11831284965966,118.53832389972999,,,,,118.32831837469482,,"rgba(239, 83, 80, 0.5)",4.224332361557342,119.50812545592663,-1.0364064853818928,42.276033210662256,-13.357553902605893,False,False,False,True,True,0.0,0.0,0.0,0.0,0.0,0,0.8387567934782609,0.8498301630434787,False,False,False,False,-0.21843087442958764,-0.20184194157988175,False,False,False,False,-153244.0,-29214.50906284377,False,False,False,False,20682.753180913653,False,False,False,False
2024-06-18 17:00:00+00:00,115.355,115.83,115.0,115.69,20370.0,,,,,,117.97953538006966,118.45852509598795,,,,,118.21903023802881,,"rgba(239, 83, 80, 0.5)",4.255445186903299,119.43439659691764,-0.8799071383745042,43.054362056787056,-12.729059670198488,False,False,False,True,True,0.0,0.0,0.0,0.0,0.0,0,0.8376424750935594,0.8446829234949335,False,False,False,False,-0.2205916013257929,-0.21121677145283732,False,False,False,False,-132874.0,-30821.632953342312,False,False,False,False,20677.904294387856,False,False,False,False
2024-06-19 17:00:00+00:00,115.69,115.69,115.69,115.69,0.0,,,,,,117.97953538006966,118.45852509598795,,,,,118.21903023802881,,"rgba(239, 83, 80, 0.5)",4.287817467037319,119.43439659691764,-0.8732639916933875,43.573247954203595,-11.879645004449536,False,False,False,True,True,0.0,0.0,0.0,0.0,0.0,0,0.8399538940595592,0.8433946358834967,False,False,False,False,-0.20980779761504256,-0.21051228453393994,False,False,False,False,-132874.0,-32403.840194375764,False,False,False,False,20357.316630908972,False,False,False,False
2024-06-20 17:00:00+00:00,115.77,116.19,115.26,115.3,9218.0,,,,,,117.92326833689965,118.42468073681523,,,,,118.17397453685744,,"rgba(239, 83, 80, 0.5)",4.318363190914855,119.40369722817663,-0.9502899702392217,43.210244151393354,-11.84929505746193,False,False,False,True,True,0.0,0.0,0.0,0.0,0.0,0,0.8366573491331264,0.8377891722257476,False,False,False,False,-0.2084388069580006,-0.20947554574597027,False,False,False,False,-142092.0,-34104.431819269164,False,False,False,False,20184.61404748403,False,False,False,False
2024-06-21 17:00:00+00:00,116.215,116.64,115.58,116.53,20747.0,,,,,,117.83927436102782,118.36855301444182,,,,,118.10391368773482,,"rgba(239, 83, 80, 0.5)",4.282025423760278,119.35978952357605,-0.6608530411505735,45.742003620727274,-9.116583566836567,True,False,False,True,True,0.0,0.0,0.0,0.0,0.0,0,0.8362948309968178,0.8390986496946766,False,False,False,False,-0.19342945186580685,-0.20145249880588856,False,False,False,False,-121345.0,-35456.99876780763,False,False,False,False,20193.33320953854,False,False,False,False
2024-06-24 17:00:00+00:00,118.1,118.64,117.73,118.07,10529.0,,,,,,117.84691064861563,118.3656842641892,,,,,118.10629745640242,,#000000,4.227746176123796,119.26691705165125,-0.2831099601983785,50.20583360562076,-4.776183799303354,True,False,False,False,True,0.0,0.0,0.0,0.0,0.0,0,0.8416121407283066,0.8336130999280602,False,False,False,False,-0.11382857077933503,-0.1576405347926118,False,False,False,False,-110816.0,-36625.35537605867,False,False,False,False,20043.498586134843,False,False,False,False
2024-06-25 17:00:00+00:00,115.82,116.58,115.735,116.255,13247.0,,,,,,117.7966934235984,118.33086008766473,,,,,118.06377675563157,,#000000,4.20585556849765,119.14744364567495,-0.6877182534130986,49.56845062523735,-4.776183799303354,True,False,False,False,True,0.0,0.0,0.0,0.0,0.0,0,0.8401645640929345,0.8356749005616351,False,False,False,False,-0.1915837305612919,-0.17461213267695186,False,False,False,False,-124063.0,-37980.977773329076,False,False,False,False,19938.126515031978,False,False,False,False
2024-06-26 17:00:00+00:00,115.9,115.9,115.25,115.69,11987.0,,,,,,117.73841311673752,118.29206232060126,,,,,118.0152377186694,,#000000,4.2028776092336795,119.07247019083114,-0.8047986416258922,48.17243831706416,-4.776183799303354,True,False,False,False,False,0.0,0.0,0.0,0.0,0.0,0,0.8427721482091115,0.836068103492619,False,False,False,False,-0.214311401207689,-0.19446176694232042,False,False,False,False,-136050.0,-39501.42773033173,False,False,False,False,19814.853235729155,False,False,False,False
2024-06-27 17:00:00+00:00,115.485,116.395,114.665,116.395,8610.0,,,,,,117.70229205631297,118.26695231779493,,,,,117.98462218705396,,#000000,4.208761258771153,118.79062796082903,-0.5692002500347315,48.66313959590549,-4.776183799303354,True,False,False,False,False,0.0,0.0,0.0,0.0,0.0,0,0.8413131295914368,0.8309158158482336,False,False,False,False,-0.2160760047479029,-0.20526888584511166,False,False,False,False,-127440.0,-40864.81644769093,False,False,False,False,19641.134580911646,False,False,False,False
2024-06-28 17:00:00+00:00,115.38,116.89,115.045,116.82,11424.0,,,,,,117.66696525361822,118.2401707392828,,,,,117.95356799645052,,#000000,4.20525899621234,118.78626187791097,-0.4675721233060758,49.83429497217656,-4.59482741441785,True,False,False,False,False,0.0,0.0,0.0,0.0,0.0,0,0.8411792022841025,0.8362945253779609,False,False,False,False,-0.19640559987363435,-0.200837242859373,False,False,False,False,-116016.0,-42029.9510764089,False,False,False,False,19513.737145548675,False,False,False,False
2024-07-01 17:00:00+00:00,115.28,116.33,115.28,115.82,11286.0,,,,,,117.62333880458236,118.20867922221076,,,,,117.91600901339656,,#000000,4.218640981374133,118.74601358245698,-0.6935915133275697,48.572027523046984,-4.59482741441785,True,False,False,False,False,0.0,0.0,0.0,0.0,0.0,1,0.8494090204884504,0.8282764983375984,False,False,False,False,-0.20285446938269266,-0.20184585612103284,False,False,False,False,-127302.0,-43351.99834654209,False,False,False,False,19386.175329338617,False,False,False,False
2024-07-02 17:00:00+00:00,116.425,117.15,116.11,117.1,9436.0,,,,,,117.60722116629167,118.19343770848339,,,,,117.90032943738753,,#000000,4.211520183051699,118.75420501800089,-0.3927809783882467,50.33248818786238,-3.8106203299823918,True,False,False,False,False,0.0,0.0,0.0,0.0,0.0,1,0.8501684971451521,0.8236280141782056,False,False,False,False,-0.17027433978974274,-0.1860600979553878,False,False,False,False,-117866.0,-44507.25418613058,False,False,False,False,19231.909045162825,False,False,False,False
2024-07-03 17:00:00+00:00,117.16,117.16,117.16,117.16,0.0,,,,,,117.60722116629167,118.19343770848339,,,,,117.90032943738753,,"rgba(38, 166, 154, 1.0)",4.160257898710527,118.75420501800089,-0.383198603744017,51.62260116079797,-2.414703453533761,True,False,True,False,True,0.0,0.0,0.0,0.0,0.0,0,0.8497971655866394,0.8236306481920521,False,False,False,False,-0.1495355664052166,-0.1677978321803022,False,False,False,False,-117866.0,-45644.599082469635,False,False,False,False,18933.73991267968,False,False,False,False
2024-07-04 17:00:00+00:00,117.16,117.16,117.16,117.16,0.0,,,,,,117.60722116629167,118.19343770848339,,,,,117.90032943738753,,"rgba(38, 166, 154, 1.0)",4.042313972497903,118.75420501800089,-0.3943793156214857,52.482676476088365,-1.4114289869507957,True,False,True,False,True,0.0,0.0,0.0,0.0,0.0,0,0.8439535794382544,0.828272400412944,False,False,False,False,-0.14717285863075769,-0.15748534540552994,False,False,False,False,-117866.0,-46764.310724601884,False,False,False,False,18640.193557444338,False,False,False,False
2024-07-05 17:00:00+00:00,117.09,117.38,116.31,116.77,14909.0,,,,,,117.58396801291764,118.17056587268345,,,,,117.87726694280055,,"rgba(38, 166, 154, 1.0)",3.9947619284338285,118.75668421071012,-0.49732230513396714,51.99660912779024,-1.4114289869507957,True,False,True,False,True,0.0,0.0,0.0,0.0,0.0,0,0.8457062277992969,0.8246434500116028,False,False,False,False,-0.15963018166267556,-0.15855776353410275,False,False,False,False,-132775.0,-48097.80978313519,False,False,False,False,18582.345595313418,False,False,False,False
2024-07-08 17:00:00+00:00,116.3,116.83,116.05,116.665,4818.0,,,,,,117.57386055032546,118.16170399243931,,,,,117.8677822713824,,#000000,3.923758555033384,118.75108408225354,-0.5316545483099396,51.37576072967442,-1.4114289869507957,True,False,False,False,True,0.0,0.0,0.0,0.0,0.0,1,0.8427211957203533,0.8305345973942188,False,False,False,False,-0.172551819964972,-0.16555479174953736,False,False,False,False,-137593.0,-49485.33211207883,False,False,False,False,18368.944888409333,False,False,False,False
2024-07-09 17:00:00+00:00,116.38,116.66,115.915,116.04,4223.0,,,,,,117.5626091526268,118.1525665217321,,,,,117.85758783717945,,#000000,3.9019779437963664,118.74214014013549,-0.6925052317201158,49.213348125627,-1.4114289869507957,True,False,False,False,False,0.0,0.0,0.0,0.0,0.0,1,0.8482338655599254,0.8256701161715935,False,False,False,False,-0.17874625034326067,-0.172150521046399,False,False,False,False,-141816.0,-50916.815335147374,False,False,False,False,18149.627913395234,False,False,False,False
2024-07-10 17:00:00+00:00,115.955,116.98,115.79,116.86,8163.0,,,,,,117.54666792479578,118.1381703871176,,,,,117.84241915595669,,#000000,3.7850374199299117,118.73304787398942,-0.4948558405597228,50.22924982991241,-1.4114289869507957,True,False,False,False,False,0.0,0.0,0.0,0.0,0.0,1,0.8457024883190263,0.8243507551885255,False,False,False,False,-0.1747843413057239,-0.17346743117606145,False,False,False,False,-133653.0,-52199.54688033888,False,False,False,False,17994.79647287748,False,False,False,False
2024-07-11 17:00:00+00:00,123.99,125.075,123.885,124.89,45183.0,,,,,,118.1099395897179,118.4438292703132,,,,,118.27688443001554,,"rgba(38, 166, 154, 1.0)",3.672120454264816,119.4346484325515,1.4856134583255935,60.38680660903923,6.202280128923064,True,False,True,False,True,6.572359984248337,0.0,0.0,0.0,0.0,0,0.8525703030196443,0.823165262658061,False,False,False,False,0.14689351475845153,-0.013286958208804961,False,False,False,False,-88470.0,-52761.87948684525,False,False,False,False,18416.319008181705,False,False,False,False
2024-07-12 17:00:00+00:00,127.66,128.295,125.805,125.99,22103.0,,,,,,118.43204477633049,118.63000908381092,,,,,118.53102693007071,,"rgba(38, 166, 154, 1.0)",3.5815187251189653,119.75439137121174,1.7410515223764833,67.69944555545344,12.416733056884148,True,False,True,False,True,7.729194308378265,0.0,0.0,0.0,0.0,0,0.859745022703458,0.8173419490045409,False,False,False,False,0.2523021185790585,0.11950758018512676,False,False,False,False,-66367.0,-52972.81158782439,False,False,False,False,18473.476853016098,False,False,False,False
2024-07-15 17:00:00+00:00,126.56,127.35,126.27,127.05,8756.0,,,,,,118.55589127971179,118.70317341766135,,,,,118.62953234868657,,"rgba(38, 166, 154, 1.0)",3.621613960056356,119.86851200628533,1.982952372318257,73.0667736581743,16.755797797465704,True,False,True,False,True,8.829195419247828,0.0,0.0,0.0,0.0,0,0.8682156824576617,0.815533808773824,False,False,False,False,0.24225819371488216,0.18088288695000446,False,False,False,False,-57611.0,-53044.72148568758,False,False,False,False,18322.818297155383,False,False,False,False
2024-07-16 17:00:00+00:00,128.31,128.31,127.16,127.63,22438.0,,,,,,118.88659603160659,118.90285589227655,,,,,118.89472596194156,,"rgba(38, 166, 154, 1.0)",3.7129612183550242,120.16010325627816,2.011843459822418,76.90909843585142,19.808240580034294,True,False,True,False,True,9.427857732709722,0.0,0.0,0.0,0.0,0,0.8765155555555555,0.8108800000000002,False,False,False,False,0.2812530985374082,0.23106799274370632,False,False,False,False,-35173.0,-52767.64053242111,False,False,False,False,18386.619563866152,False,False,False,False
2024-07-17 17:00:00+00:00,127.72,129.19,127.09,129.11,15987.0,,,,,128.4633333333333,119.12717091500289,119.05168879376326,,,,128.4633333333333,122.21406434736649,,"rgba(38, 166, 154, 1.0)",3.8565908251708825,120.94129158105464,2.118116437354596,80.10294731424835,22.461214407954756,True,False,True,False,True,10.937000814797106,-1.0,129.19,127.09,0.0,0,0.8720886851782764,0.8145996553500685,False,False,False,False,0.29858580892049996,0.26482690083210314,False,False,False,False,-19186.0,-52246.99494277117,False,True,False,False,18349.416159775203,False,True,False,False
2024-07-18 17:00:00+00:00,128.93,129.035,126.25,126.425,12979.0,,,,,127.91369214481345,119.28925218475943,119.15384311048074,,,,127.91369214481345,122.11892914668454,,"rgba(38, 166, 154, 0.75)",3.9281090951070228,121.01997826594375,1.3759856468316816,76.44228823849299,22.461214407954756,True,False,True,False,False,7.425218008248045,0.0,0.0,0.0,0.0,0,0.8683786986434621,0.8170354256203463,False,False,False,False,0.27731773046640007,0.2710723156492516,False,False,False,False,-32165.0,-51935.646183968514,False,False,False,False,18266.153893732175,False,False,False,False
2024-07-19 17:00:00+00:00,124.37,125.62,124.15,125.16,29723.0,,,,,126.42623779583909,119.53817727568125,119.31564567035139,,,,126.42623779583909,121.76002024729057,,"rgba(38, 166, 154, 0.75)",3.9389681161211842,121.0690193928875,1.0385919577183595,71.78528404792573,30.237538654830274,True,False,True,False,False,5.83711588815191,0.0,0.0,0.0,0.0,0,0.8681933752383643,0.8239459001341903,False,False,False,False,0.163233980426248,0.21715314803774982,False,False,False,False,-61888.0,-52089.946243131795,False,False,False,False,18443.77941475958,False,False,False,False
2024-07-22 17:00:00+00:00,125.59,126.05,125.12,125.835,18850.0,,,,,126.24198859068768,119.70373658109322,119.42565796476737,,,,126.24198859068768,121.7904610455161,,"rgba(38, 166, 154, 0.75)",3.9162257558995015,121.16079807106844,1.1935476196412365,69.36360850913758,27.978478134913374,True,False,True,False,False,6.5551519500443405,0.0,0.0,0.0,0.0,0,0.8761002271436684,0.8204500283929587,False,False,False,False,0.19168709723310676,0.2044201226354283,False,False,False,False,-43038.0,-51949.60599130029,False,False,False,False,18450.077408329198,False,False,False,False
2024-07-23 17:00:00+00:00,121.71,122.34,121.26,121.43,45889.0,,,,,124.54465850536344,119.82544949879927,119.51671731075903,,,,124.54465850536344,121.29560843830724,,"rgba(38, 166, 154, 0.75)",3.7384091536373356,121.05995525040312,0.09898455048368526,61.59518131748123,20.746372489469238,True,False,True,False,False,1.281534233127772,0.0,0.0,0.0,0.0,0,0.8685636617182396,0.8327302254152619,False,False,False,False,0.04029932857515657,0.12235972560529243,False,False,False,False,-88927.0,-52522.89892166772,False,False,False,False,18875.48706091324,False,False,False,False
2024-07-24 17:00:00+00:00,118.02,118.06,115.69,115.69,18272.0,,,,,123.50473302752292,119.74524148241068,119.46857913745524,,,,123.50473302752292,120.9061845491296,,#000000,3.733970515525023,120.8915368164791,-1.393031036225987,51.879315132175535,11.979291065390399,False,False,False,False,False,0.0,0.0,0.0,0.0,0.0,0,0.8590022068917579,0.8409995308182877,False,False,False,False,-0.15495262022705708,-0.016296447310882325,False,False,False,False,-107199.0,-53370.59041125427,False,False,False,False,18866.13067237195,False,False,False,False
2024-07-25 17:00:00+00:00,116.5,116.84,114.82,116.05,26873.0,,,,,122.29295881705056,119.61438641963419,119.38735298123889,,,,122.29295881705056,120.43156607264122,,"rgba(239, 83, 80, 0.5)",3.7050211084977347,120.66290625158999,-1.2450418274297965,45.86198257269543,6.766914971714911,False,False,False,True,False,0.0,0.0,0.0,0.0,0.0,0,0.8525295080254863,0.8531214094216775,False,False,False,False,-0.19741326659483893,-0.10685485695286062,False,False,False,False,-80326.0,-53788.50373821157,False,False,False,False,18990.268181327425,False,False,False,False
2024-07-26 17:00:00+00:00,119.18,119.53,118.75,118.98,22872.0,,,,,121.90990199099826,119.59951938994709,119.38163335839425,,,,121.90990199099826,120.29701824644654,,"rgba(239, 83, 80, 1.0)",3.689676922549202,120.5977966515412,-0.43846566664255815,45.32558316324422,6.363130345362983,False,True,False,True,False,0.0,0.0,0.0,0.0,0.0,0,0.8706325565095498,0.8457858769931665,False,False,False,False,-0.06459281738471058,-0.0857238371687856,False,False,False,False,-57454.0,-53845.33313761914,False,False,False,False,19050.450069989012,False,False,False,False
2024-07-29 17:00:00+00:00,117.05,117.84,117.05,117.43,9721.0,,,,,121.69390168650101,119.57396794001838,119.36606184730675,,,,121.69390168650101,120.21131049127537,,"rgba(239, 83, 80, 1.0)",3.6932773636275997,120.5517072563935,-0.8452404054829227,43.70345299353349,4.546584766522123,False,True,False,True,False,0.0,0.0,0.0,0.0,0.0,0,0.8686589875612648,0.852646106481236,False,False,False,False,-0.1320331853424398,-0.1088785112556127,False,False,False,False,-67175.0,-54051.99463936148,False,False,False,False,18905.807433244994,False,False,False,False
2024-07-30 17:00:00+00:00,118.06,119.17,117.55,119.06,23925.0,,,,,121.36434120718582,119.5462193823846,119.3511049040627,,,,121.36434120718582,120.08722183121104,,"rgba(239, 83, 80, 1.0)",3.6867117566438434,120.4829403360111,-0.3859646291703729,44.449541344579565,4.546584766522123,False,True,False,True,False,0.0,0.0,0.0,0.0,0.0,0,0.8734629962453511,0.8376247842411517,False,False,False,False,-0.09551772487938925,-0.10219811806750098,False,False,False,False,-43250.0,-53884.5218542551,False,False,False,False,18983.624372264454,False,False,False,False
2024-07-31 17:00:00+00:00,118.815,120.11,117.14,117.325,14911.0,,,,,121.16722722449533,119.5227451348429,119.33728482209546,,,,121.16722722449533,120.00908572714457,,"rgba(239, 83, 80, 1.0)",3.679912720517973,120.43699430695774,-0.8456706838741832,43.42606955025233,3.164155555500983,False,True,False,True,False,0.0,0.0,0.0,0.0,0.0,0,0.8724509769030926,0.8339798569344105,False,False,False,False,-0.08499368958439942,-0.0935959038259502,False,False,False,False,-58161.0,-53950.82384101083,False,False,False,False,18920.482909128572,False,False,False,False
2024-08-01 17:00:00+00:00,115.54,115.54,113.76,115.05,12853.0,,,,,120.84272429521529,119.45298964013585,119.29097109358395,,,,120.84272429521529,119.86222834297837,,"rgba(239, 83, 80, 1.0)",3.696631440786106,120.34793965770004,-1.4331803812644655,40.981272993864195,0.17655299368939836,False,True,False,True,False,0.0,0.0,0.0,0.0,0.0,0,0.8777546555680059,0.84179072621525,False,False,False,False,-0.24622808108530084,-0.16991199245562552,False,False,False,False,-71014.0,-54215.36920781686,False,False,False,False,18826.41340666146,False,False,False,False
2024-08-02 17:00:00+00:00,113.2,113.45,112.435,113.4,21531.0,,,,,120.23476232995365,119.30000225747509,119.18718148564525,,,,120.23476232995365,119.57398202435802,,"rgba(239, 83, 80, 1.0)",3.7295762059079878,120.1676304339542,-1.8145843013567209,38.21552452872562,-3.0278276683993397,False,True,False,True,False,0.0,0.0,0.0,0.0,0.0,0,0.8716189937418236,0.8410882862496908,False,False,False,False,-0.3190307526549389,-0.24447137255528223,False,False,False,False,-92545.0,-54809.62704955613,False,False,False,False,18868.34498175198,False,False,False,False
2024-08-05 17:00:00+00:00,113.12,113.23,112.06,112.26,14914.0,,,,,119.83687889157737,119.18879575634527,119.11067053051227,,,,119.83687889157737,119.37878172614496,,"rgba(239, 83, 80, 1.0)",3.8061517216116405,120.04164516408456,-2.0444915844788145,35.62682404308208,-5.98864862364163,False,True,False,True,False,0.0,0.0,0.0,0.0,0.0,0,0.8716402602914131,0.841048946102702,False,False,False,False,-0.332036138393499,-0.2882537554743906,False,False,False,False,-107459.0,-55625.89639762503,False,False,False,False,18807.037307616287,False,False,False,False
2024-08-06 17:00:00+00:00,116.69,117.19,115.13,115.255,24190.0,,,,,119.52988020883176,119.10253051421496,119.05126919697678,,,,119.52988020883176,119.2278933066745,,"rgba(239, 83, 80, 1.0)",3.826701735329066,119.93681826719929,-1.2234604604731993,37.798271533760726,-5.98864862364163,False,True,False,True,False,0.0,0.0,0.0,0.0,0.0,0,0.8731953717621561,0.8344461145873389,False,False,False,False,-0.1839356192320127,-0.23609468735320166,False,False,False,False,-83269.0,-56054.47164727425,False,False,False,False,18890.494093544716,False,False,False,False
2024-08-07 17:00:00+00:00,114.08,114.08,112.11,112.215,30381.0,,,,,118.93544259814486,118.90401497993341,118.91112676252128,,,,118.93544259814486,118.91686144686652,,"rgba(239, 83, 80, 1.0)",3.8977155379034145,119.72249354029005,-1.9261265906357885,36.983698460173045,-5.98864862364163,False,True,False,True,False,0.0,0.0,0.0,0.0,0.0,0,0.8708058078123094,0.8382980948562864,False,False,False,False,-0.3124046320458558,-0.27424965969952875,False,False,False,False,-113650.0,-56947.42557522349,False,False,False,False,19068.641471939372,False,False,False,False
2024-08-08 17:00:00+00:00,112.5,113.57,112.225,113.33,13223.0,,,,,118.71719922485399,118.8247139049131,118.85439513673815,,,,118.71719922485399,118.7987694221684,,"rgba(239, 83, 80, 1.0)",3.942068956481727,119.63841756865156,-1.6002808774511617,37.78334133980562,-5.98864862364163,False,True,False,True,False,0.0,0.0,0.0,0.0,0.0,0,0.8683814259700238,0.8444460008404538,False,False,False,False,-0.32099116727295873,-0.29762041348624374,False,False,False,False,-100427.0,-57621.52750428979,False,False,False,False,18978.011371599227,False,False,False,False
2024-08-09 17:00:00+00:00,113.21,113.915,113.085,113.73,9064.0,,,,,118.58994872887298,118.77649840813234,118.81965783347871,,,,118.58994872887298,118.72870165682802,,"rgba(239, 83, 80, 1.0)",3.972984035223828,119.58736860422104,-1.4742995572825268,38.81209977875501,-5.98864862364163,False,True,False,True,False,0.0,0.0,0.0,0.0,0.0,0,0.8776133805082021,0.8367999714091705,False,False,False,False,-0.3049332700292662,-0.30127684175775493,False,False,False,False,-91363.0,-58144.651108874445,False,False,False,False,18824.305768938775,False,False,False,False
2024-08-12 17:00:00+00:00,111.41,111.98,111.14,111.45,26924.0,,,,,118.10592363255844,118.58381560222107,118.67974294435373,,,,118.10592363255844,118.45649405971108,,"rgba(239, 83, 80, 1.0)",4.055368211806738,118.86649748224453,-1.8288098872630711,37.64624031668811,-6.300365851198627,False,True,False,True,False,0.0,0.0,0.0,0.0,0.0,0,0.8674361851832061,0.8422665170380663,False,False,False,False,-0.34282825441539394,-0.32205254808657446,False,False,False,False,-118287.0,-59077.09062656631,False,False,False,False,18949.88242368391,False,False,False,False
2024-08-13 17:00:00+00:00,113.78,114.07,113.37,113.69,8022.0,,,,,118.01800603667213,118.54554162428713,118.65150958798111,,,,118.01800603667213,118.40501908298013,,"rgba(239, 83, 80, 0.75)",4.081416738657525,118.86312516951837,-1.2674827151367873,39.6851617716041,-6.300365851198627,False,True,False,True,True,0.0,0.0,0.0,0.0,0.0,0,0.8663886481802427,0.8484438186019644,False,False,False,False,-0.2543218904533998,-0.28818721926998714,False,False,False,False,-110265.0,-59870.70162460404,False,False,False,False,18780.457889983383,False,False,False,False
2024-08-14 17:00:00+00:00,113.48,114.53,113.28,113.285,10571.0,,,,,117.90708538288699,118.49589513971918,118.61470460076173,,,,117.90708538288699,118.33922837445597,,"rgba(239, 83, 80, 0.75)",4.120741317895147,118.84151716230376,-1.3484265896947887,40.666931103671985,-6.300365851198627,False,True,False,True,True,0.0,0.0,0.0,0.0,0.0,0,0.8620234869015357,0.8482565492321591,False,False,False,False,-0.24693728342623394,-0.2675622513481105,False,False,False,False,-120836.0,-60815.90004902878,False,False,False,False,18653.179473084416,False,False,False,False
2024-08-15 17:00:00+00:00,115.5,115.97,114.985,115.06,14101.0,,,,,117.82201254493755,118.45333636336119,118.58254828018624,,,,117.82201254493755,118.28596572949499,,"rgba(239, 83, 80, 0.75)",4.138185584036456,118.84562796526224,-0.9148038164034372,43.48539022978812,-6.300365851198627,False,True,False,True,True,0.0,0.0,0.0,0.0,0.0,0,0.8603252992645875,0.83955123731816,False,False,False,False,-0.1851386912487646,-0.22635047129843755,False,False,False,False,-106735.0,-61527.8240792764,False,False,False,False,18582.603047145123,False,False,False,False
2024-08-16 17:00:00+00:00,114.31,115.17,114.07,114.61,9343.0,,,,,117.7531864386524,118.41937642541843,118.55692502064208,,,,117.7531864386524,118.24316262823764,,"rgba(239, 83, 80, 0.75)",4.151811774274962,118.82659444632455,-1.0156034703815302,44.85242703871942,-10.184987474163123,False,True,False,True,True,0.0,0.0,0.0,0.0,0.0,0,0.8609424533877814,0.8422617448462381,False,False,False,False,-0.21863575809515215,-0.22249311469679484,False,False,False,False,-116078.0,-62373.563240838,False,False,False,False,18439.35338749946,False,False,False,False
2024-08-19 17:00:00+00:00,115.15,115.66,114.955,115.595,10618.0,,,,,117.6972100663246,118.38933922115213,118.53393818156528,,,,117.6972100663246,118.20682915634734,,"rgba(239, 83, 80, 0.75)",4.158319574621925,118.81577902312819,-0.7745386003481999,47.01273354049308,-7.929597147862175,False,True,False,True,True,0.0,0.0,0.0,0.0,0.0,0,0.8584730652162166,0.8434702735803181,False,False,False,False,-0.19174465966300008,-0.20711888717989746,False,False,False,False,-105460.0,-63041.570012297874,False,False,False,False,18318.09209467001,False,False,False,False
2024-08-20 17:00:00+00:00,115.18,115.18,114.71,114.83,12646.0,,,,,117.62022376484292,118.34851442000787,118.50271980246946,,,,117.62022376484292,118.15715266244008,,#000000,4.172138295281464,118.78858447787405,-0.9488143004154656,47.44701142213759,-7.280200179150441,False,True,False,False,True,0.0,0.0,0.0,0.0,0.0,0,0.8558438278064446,0.8436834698516941,False,False,False,False,-0.20588708333994823,-0.20650298525992283,False,False,False,False,-118106.0,-63895.28210513046,False,False,False,False,18230.152682349544,False,False,False,False
2024-08-21 17:00:00+00:00,114.6,115.85,114.42,115.845,10968.0,,,,,117.56767849647703,118.31855390892879,118.47952101924602,,,,117.56767849647703,118.12191780821729,,#000000,4.180308595660626,118.7708473972321,-0.6999118199716843,49.12633738486082,-5.442042132924989,False,True,False,False,True,0.0,0.0,0.0,0.0,0.0,0,0.8511473156971593,0.8477478617796503,False,False,False,False,-0.19846471992679546,-0.20248385259335916,False,False,False,False,-107138.0,-64565.711839934644,False,False,False,False,18117.561167894513,False,False,False,False
2024-08-22 17:00:00+00:00,117.23,118.79,116.63,118.415,23115.0,,,,,117.5853889304033,118.31079506717525,118.4713028152386,,,,117.5853889304033,118.12249560427237,,"rgba(38, 166, 154, 0.5)",4.170981099613433,118.80676918617833,-0.09392734630579644,53.205354859096275,-1.4865386919602273,False,False,True,False,True,0.002874776853932559,0.0,0.0,0.0,0.0,0,0.8627863148738766,0.8352420991591767,False,False,False,False,-0.09963788538462488,-0.15106086898899201,False,False,False,False,-84023.0,-64867.37522226123,False,False,False,False,18195.040839710102,False,False,False,False
2024-08-23 17:00:00+00:00,120.2,121.22,120.2,121.12,12911.0,,,,,117.66870565604157,118.3398772794242,118.49152809689504,,,,117.66870565604157,118.1667036774536,,"rgba(38, 166, 154, 1.0)",4.165651444246639,118.86655196686057,0.5409593345242001,58.25795606734799,3.1694291562153367,True,False,True,False,True,2.6830008873949858,0.0,0.0,0.0,0.0,0,0.866950766161937,0.8398404207090401,False,False,False,False,0.013223275107888071,-0.06891879694055197,False,False,False,False,-71112.0,-64964.191110288186,False,False,False,False,18113.11772591615,False,False,False,False
2024-08-26 17:00:00+00:00,121.56,122.16,121.3,121.54,15242.0,,,,,117.78575271295642,118.38431657403171,118.52312652810811,,,,117.78575271295642,118.23106527169875,,"rgba(38, 166, 154, 1.0)",4.173536300579092,119.11306556482062,0.5815055292181466,61.94984650690857,6.441826277816425,True,False,True,False,True,3.090151350697642,0.0,0.0,0.0,0.0,0,0.8669771689497717,0.842447488584475,False,False,False,False,0.051528932474967044,-0.008694932232792465,False,False,False,False,-55870.0,-64823.19589927596,False,False,False,False,18068.60427280117,False,False,False,False
2024-08-27 17:00:00+00:00,120.245,120.98,120.05,120.51,16826.0,,,,,117.87114614208583,118.4152552991255,118.54475345474013,,,,117.87114614208583,118.27705163198384,,"rgba(38, 166, 154, 1.0)",4.125322900820636,119.1241455528006,0.33593841755362314,62.60779985358214,6.985829375492244,True,False,True,False,True,2.00523403486676,0.0,0.0,0.0,0.0,0,0.8598906698786252,0.8611136847957012,False,False,False,False,0.005907995217034413,-0.0013934685078790259,False,False,False,False,-72696.0,-64945.25487758176,False,False,False,False,18049.33909027712,False,False,False,False
2024-08-28 17:00:00+00:00,119.54,119.83,118.825,119.19,18931.0,,,,,117.91913988022486,118.42919318431274,118.55365423473609,,,,117.91913988022486,118.30066243309123,,"rgba(38, 166, 154, 1.0)",4.041345661627558,119.1073627196146,0.020447961472347377,60.891776452977254,6.985829375492244,True,False,True,False,True,0.6311549177964721,0.0,0.0,0.0,0.0,0,0.860078023407022,0.8560096600408694,False,False,False,False,-0.03865521949628865,-0.020024344002083836,False,False,False,False,-91627.0,-65358.925344596,False,False,False,False,18063.008251668172,False,False,False,False
2024-08-29 17:00:00+00:00,117.73,118.155,116.96,117.86,12388.0,,,,,117.91345936686099,118.42116295529506,118.5466332346452,,,,117.91345936686099,118.29375185226708,,"rgba(38, 166, 154, 0.75)",3.976247089771715,119.06814838022623,-0.3038413742782762,57.7781393292956,6.985829375492244,True,False,True,False,False,0.0,0.0,0.0,0.0,0.0,0,0.8478151775923275,0.8646543873018234,False,False,False,False,-0.1054186198805727,-0.06272148194132827,False,False,False,False,-104015.0,-65958.24433150148,False,False,False,False,17975.0236276113,False,False,False,False
2024-08-30 17:00:00+00:00,117.81,119.61,117.8,119.58,14288.0,,,,,117.9400039390426,118.42799552294986,118.55066713257735,,,,117.9400039390426,118.30622219818993,,"rgba(38, 166, 154, 0.75)",3.9114838524436,119.06940792207209,0.13053667027384783,57.80413984620189,6.985829375492244,True,False,True,False,False,1.0272306654743133,0.0,0.0,0.0,0.0,0,0.8590720286102781,0.8569486095330341,False,False,False,False,-0.062065935064454306,-0.06239370850289129,False,False,False,False,-89727.0,-66326.75217132317,False,False,False,False,17917.86047059407,False,False,False,False
2024-09-02 17:00:00+00:00,119.58,119.58,119.58,119.58,0.0,,,,,117.9400039390426,118.42799552294986,118.55066713257735,,,,117.9400039390426,118.30622219818993,,"rgba(38, 166, 154, 0.75)",3.855884586699274,119.06940792207209,0.1324189213777762,57.82147352413942,6.985829375492244,True,False,True,False,False,1.0272306654743133,0.0,0.0,0.0,0.0,0,0.8693687782381283,0.8534335689244671,False,False,False,False,-0.02917281014058933,-0.04578325932174031,False,False,False,False,-89727.0,-66689.54671130265,False,False,False,False,17640.06418422827,False,False,False,False
2024-09-03 17:00:00+00:00,118.37,119.02,117.92,118.365,10325.0,,,,,117.94861707087848,118.42805510563554,118.54992273542871,,,,117.94861707087848,118.30886497064758,,"rgba(38, 166, 154, 0.5)",3.796925513010549,119.06200714041059,-0.18357145485794374,55.82301896206832,10.85351582425264,False,False,True,False,False,0.0,0.0,0.0,0.0,0.0,0,0.8609741927019885,0.8572258560263883,False,False,False,False,-0.07092002775134158,-0.058351643536540945,False,False,False,False,-100052.0,-67206.79404911192,False,False,False,False,17526.652336410778,False,False,False,False
2024-09-04 17:00:00+00:00,118.21,118.21,116.825,117.63,15040.0,,,,,117.93888690103444,118.41736958796778,118.54068236263026,,,,117.93888690103444,118.29897961721083,,"rgba(38, 166, 154, 0.5)",3.749133391757119,119.03392141425999,-0.3744655811251402,53.34652184297143,8.283301487885183,False,False,True,False,False,0.0,0.0,0.0,0.0,0.0,0,0.8534144870731891,0.8679053290118339,False,False,False,False,-0.10693602531298711,-0.08264383442476403,False,False,False,False,-115092.0,-67949.20034292413,False,False,False,False,17488.099587009063,False,False,False,False
2024-09-05 17:00:00+00:00,117.68,118.12,117.21,117.23,24034.0,,,,,117.92296862787263,118.40015520764324,118.52575542418919,,,,117.92296862787263,118.28295975323503,,#000000,3.7476086645622093,118.99686001745451,-0.47146331850551076,51.06688620184727,5.97417920602372,False,True,False,False,False,0.0,0.0,0.0,0.0,0.0,0,0.8512499763798869,0.8721679484514654,False,False,False,False,-0.10134296853798508,-0.09199340148137455,False,False,False,False,-139126.0,-69052.71661667724,False,False,False,False,17589.58641511745,False,False,False,False
2024-09-06 17:00:00+00:00,115.68,116.43,115.54,116.315,14195.0,,,,,117.88284154957532,118.37433042503739,118.50493950408377,,,,117.88284154957532,118.25403715956548,,"rgba(239, 83, 80, 1.0)",3.749176007969988,118.66819742514267,-0.6276572292525736,48.134121637146805,3.1195279275543726,False,True,False,True,False,0.0,0.0,0.0,0.0,0.0,0,0.8557095984979232,0.8698579475411081,False,False,False,False,-0.1655102780159548,-0.12875183974866466,False,False,False,False,-153321.0,-70359.20163037216,False,False,False,False,17536.957168371442,False,False,False,False
2024-09-09 17:00:00+00:00,118.79,118.965,118.165,118.18,16862.0,,,,,117.89691613364121,118.37514909596365,118.5042519918279,,,,117.89691613364121,118.25877240714425,,#000000,3.7486446343436755,118.748770707622,-0.1517270275264638,49.50565973211765,3.1195279275543726,False,True,False,False,False,0.0,0.0,0.0,0.0,0.0,0,0.8572399599720558,0.8671714215584466,False,False,False,False,-0.06733945474977246,-0.09804564724921856,False,False,False,False,-136459.0,-71384.00470587028,False,False,False,False,17526.49271614863,False,False,False,False
2024-09-10 17:00:00+00:00,119.015,120.03,119.015,119.86,29005.0,,,,,117.96971349996319,118.40298144026752,118.52350522638476,,,,117.96971349996319,118.29873338887182,,"rgba(38, 166, 154, 0.5)",3.757465143724603,118.85693937429669,0.2669514120120419,52.792830788891344,3.1195279275543726,False,False,True,False,True,1.4366287885923477,0.0,0.0,0.0,0.0,0,0.8664028462167768,0.8550065638020587,False,False,False,False,-0.03133164826694523,-0.06468864775808189,False,False,False,False,-107454.0,-71943.22943911259,False,False,False,False,17704.454069386633,False,False,False,False
2024-09-11 17:00:00+00:00,119.065,120.68,118.99,120.56,44621.0,,,,,118.09725388916172,118.45799329504383,118.56315049504427,,,,118.09725388916172,118.3727992264166,,"rgba(38, 166, 154, 0.5)",3.762633563520689,118.96968968361932,0.42265883443952224,55.868909950997995,0.5919889122464568,False,False,True,False,True,2.1709703850667097,0.0,0.0,0.0,0.0,0,0.8603256212510711,0.8566695229934306,False,False,False,False,-0.01960182991479205,-0.04214523883643697,False,False,False,False,-62833.0,-71801.98557183953,False,False,False,False,18121.76485900855,False,False,False,False
2024-09-12 17:00:00+00:00,121.605,122.47,121.45,121.91,26809.0,,,,,118.23222409481686,118.52548899420815,118.61420645290092,,,,118.23222409481686,118.45730651397531,,"rgba(38, 166, 154, 1.0)",3.790999889496338,119.08827564308514,0.74432193066873,59.490937583459115,3.946509313204814,True,False,True,False,True,3.5741129559544547,0.0,0.0,0.0,0.0,0,0.8658455329437074,0.8525576348302842,False,False,False,False,0.060183381796538045,0.009019071480050538,False,False,False,False,-36024.0,-71247.28812111334,False,False,False,False,18256.45067514795,False,False,False,False
2024-09-13 17:00:00+00:00,125.515,125.605,123.12,124.315,40183.0,,,,124.34666666666666,118.53776905402057,118.68969046373869,118.74111370450056,,,124.34666666666666,118.53776905402057,120.07880997223162,,"rgba(38, 166, 154, 1.0)",3.86401016659722,119.58333461601066,1.2245478608965992,64.1144535601963,8.158246194916686,True,False,True,False,True,5.991010188093366,-1.0,125.605,123.12,0.0,0,0.8694380495905195,0.8399064044986225,False,False,False,False,0.15137591873280015,0.08019749510642535,False,False,False,False,4159.0,-70078.19838280149,False,False,False,False,18596.397176308445,False,False,False,False
2024-09-16 17:00:00+00:00,124.005,125.35,124.005,124.68,27759.0,,,,124.48217540941782,118.74267228443037,118.8041559870844,118.8305468196621,,,124.48217540941782,118.74267228443037,120.21488762514868,,"rgba(38, 166, 154, 1.0)",3.9445117671367407,119.75202029985584,1.2493256430874604,67.48886943743182,11.169930158223636,True,False,True,False,True,6.350751271797893,0.0,0.0,0.0,0.0,0,0.8691425201194802,0.8526854511900459,False,False,False,False,0.16348719248598537,0.12184234379620536,False,False,False,False,31918.0,-68496.86197376582,False,True,False,False,18738.453034040096,False,True,False,False
2024-09-17 17:00:00+00:00,124.3,124.965,123.19,124.03,46849.0,,,,124.31055556039527,119.02625021337516,118.96845483972169,118.96023599865167,,,124.31055556039527,119.02625021337516,120.31637415303595,,"rgba(38, 166, 154, 1.0)",4.007599771425172,119.94334272916696,1.019726894878966,68.20858534365826,11.83828362008147,True,False,True,False,True,5.587362570700073,0.0,0.0,0.0,0.0,0,0.857986018260305,0.8625892959468238,False,False,False,False,0.1404560427197862,0.1311491932579958,False,False,False,False,-14931.0,-67666.38349355239,False,False,False,False,19174.275467620868,False,False,False,False
2024-09-18 17:00:00+00:00,123.55,125.525,123.365,123.98,42016.0,,,,124.30504775509598,119.26644756448549,119.11353305077722,119.07616203320482,,,124.30504775509598,119.26644756448549,120.44029760089087,,"rgba(38, 166, 154, 1.0)",4.0624371906439505,120.1081589590063,0.9530832993334137,68.56484741545668,12.380859589247223,True,False,True,False,True,5.528047930104279,0.0,0.0,0.0,0.0,0,0.8700946966059045,0.8583200476364268,False,False,False,False,0.1545435208073555,0.14284635703267565,False,False,False,False,-56947.0,-67500.19150140429,False,False,False,False,19528.41073168876,False,False,False,False
2024-09-19 17:00:00+00:00,123.37,123.445,122.04,122.22,26992.0,,,,124.05000068915864,119.36048634368146,119.1729988640622,119.12428611530468,,,124.05000068915864,119.36048634368146,120.42694300305175,,"rgba(38, 166, 154, 0.75)",4.08571508621991,120.14609790130126,0.507598316312728,64.78292215531305,12.380859589247223,True,False,True,False,False,3.453963471266949,0.0,0.0,0.0,0.0,0,0.8607396052883693,0.8692469821804946,False,False,False,False,0.08970274147736014,0.1162745492550179,False,False,False,False,-83939.0,-67755.05674944453,False,False,False,False,19644.12529398816,False,False,False,False
2024-09-20 17:00:00+00:00,120.505,121.28,120.26,121.16,22455.0,,,,123.70705817422531,119.39611805471812,119.1973792365138,119.1444125744431,,,123.70705817422531,119.39611805471812,120.36124200997509,,"rgba(38, 166, 154, 0.75)",4.077740522123126,120.13436410341168,0.25152063772177,60.24956606661808,16.65807737849009,True,False,True,False,False,2.231486237490248,0.0,0.0,0.0,0.0,0,0.8638168876268681,0.8722204101993439,False,False,False,False,0.015474378844637397,0.06587446404982765,False,False,False,False,-106394.0,-68354.11013317406,False,False,False,False,19687.704746794545,False,False,False,False
2024-09-23 17:00:00+00:00,121.77,122.44,121.645,122.165,10451.0,,,,123.62875103635511,119.42475634988295,119.21621736525285,119.15983462349753,,,123.62875103635511,119.42475634988295,120.35738984374711,,"rgba(38, 166, 154, 0.75)",4.071090760715269,120.14471216760154,0.49625222112304673,58.87313754040042,15.299227327306781,True,False,True,False,False,3.3121867191597794,0.0,0.0,0.0,0.0,0,0.8661118637507255,0.8787497580801239,False,False,False,False,0.06328982329177174,0.0645821436707997,False,False,False,False,-95943.0,-68781.84485979151,False,False,False,False,19544.500022038043,False,False,False,False
2024-09-24 17:00:00+00:00,124.57,125.22,124.35,124.5,37339.0,,,,123.78473179186808,119.61788153974463,119.34096396029634,119.26160709304243,,,123.78473179186808,119.61788153974463,120.50129609623787,,"rgba(38, 166, 154, 0.75)",4.093225739554837,120.28622113437974,1.0294518635755794,61.01376317280987,15.299227327306781,True,False,True,False,False,5.750411737193016,0.0,0.0,0.0,0.0,0,0.8596251539408863,0.8781365455665023,False,False,False,False,0.16763113432708013,0.11610663899893992,False,False,False,False,-58604.0,-68624.04881545366,False,False,False,False,19820.3837426266,False,False,False,False
2024-09-25 17:00:00+00:00,124.96,125.08,123.73,124.29,29474.0,,,,123.84522865097337,119.75150531459725,119.42977584218686,119.33470516140213,,,123.84522865097337,119.75150531459725,120.5903037422899,,"rgba(38, 166, 154, 1.0)",4.134593935201899,120.37887736095985,0.9459508479758779,61.98994547319131,15.299227327306781,True,False,True,False,True,5.499150161112073,0.0,0.0,0.0,0.0,0,0.8563306405298826,0.8779241165435124,False,False,False,False,0.15300733332478847,0.13455698616186418,False,False,False,False,-88078.0,-68925.6604617257,False,False,False,False,19970.052211733164,False,False,False,False
2024-09-26 17:00:00+00:00,121.84,122.13,121.22,121.69,23165.0,,,,123.68168022572712,119.79323191136154,119.46060083065004,119.3608048666441,,,123.68168022572712,119.79323191136154,120.5740794585957,,"rgba(38, 166, 154, 0.75)",4.146014691220854,120.38715123723289,0.3142412315918422,57.86771247462168,14.132978247518182,True,False,True,False,False,2.4543747466034596,0.0,0.0,0.0,0.0,0,0.8550165909047319,0.8807181080614533,False,False,False,False,0.049460580885853034,0.0920087835238586,False,False,False,False,-111243.0,-69581.74324526484,False,False,False,False,20019.586285969857,False,False,False,False
2024-09-27 17:00:00+00:00,121.765,122.0,120.85,120.975,25311.0,,,,123.49819653869248,119.8274537982871,119.48735766744579,119.38380087262654,,,123.49819653869248,119.8274537982871,120.54920221926297,,"rgba(38, 166, 154, 0.5)",4.145176298970757,120.3877965764099,0.14165945697795748,54.047831179570295,10.47607165692461,False,False,True,False,False,1.640923894763862,0.0,0.0,0.0,0.0,0,0.8577405857740587,0.8769835913849952,False,False,False,False,0.04006404585965622,0.06603641469175742,False,False,False,False,-136554.0,-70620.07280735376,False,False,False,False,20101.623707892806,False,False,False,False
2024-09-30 17:00:00+00:00,118.83,119.07,117.08,118.85,27785.0,,,,123.09932466412252,119.79051037534198,119.46897350806687,119.37012799102068,,,123.09932466412252,119.79051037534198,120.43223413463802,,"rgba(239, 83, 80, 1.0)",4.1237337395804685,120.31719610895516,-0.3557931238073656,48.74677532467232,5.552295579275253,False,True,False,True,False,0.0,0.0,0.0,0.0,0.0,0,0.8501923296644704,0.8822599687702327,False,False,False,False,-0.08582820617109231,-0.009895895739667447,False,False,False,False,-164339.0,-72073.07943049556,False,False,False,False,20220.74582094873,False,False,False,False
2024-10-01 17:00:00+00:00,117.695,117.725,116.59,117.06,65242.0,,,,122.18224788500648,119.64424587287759,119.38445545986298,119.30354536954249,,,122.18224788500648,119.64424587287759,120.12862364682238,,"rgba(239, 83, 80, 1.0)",4.112888703391553,120.11164099088118,-0.7419702333215948,43.37701302242091,0.6887477545039857,False,True,False,True,False,0.0,0.0,0.0,0.0,0.0,0,0.8475677328136345,0.8882074209943062,False,False,False,False,-0.12061562858264517,-0.0652557621611563,False,False,False,False,-229581.0,-74515.06269513904,False,False,False,False,20918.749761709216,False,False,False,False
2024-10-02 17:00:00+00:00,115.31,116.36,115.05,116.36,32263.0,,,,121.74065937506379,119.54594490077059,119.32382155781653,119.25468932397808,,,121.74065937506379,119.54594490077059,119.96627878940724,,"rgba(239, 83, 80, 1.0)",4.1067729631878285,119.9929985644724,-0.8846358435291574,39.147425635405654,-3.086373017505778,False,True,False,True,False,0.0,0.0,0.0,0.0,0.0,0,0.8398944106507517,0.8931481694020427,False,False,False,False,-0.17632317606752917,-0.12078946911434274,False,False,False,False,-261844.0,-77419.38730451673,False,False,False,False,21094.629610364886,False,False,False,False
2024-10-03 17:00:00+00:00,115.15,115.54,114.99,115.385,19959.0,,,,121.47151069091986,119.47774801547341,119.2807341899418,119.21968631608237,,,121.47151069091986,119.47774801547341,119.86241980310436,,"rgba(239, 83, 80, 1.0)",4.105804093262563,119.91482247926356,-1.1032729220317135,35.4523030177914,-6.431772793638629,False,True,False,True,False,0.0,0.0,0.0,0.0,0.0,0,0.8330006908728027,0.8966185614492974,False,False,False,False,-0.19339871648966336,-0.15709409280200304,False,False,False,False,-281803.0,-80588.12548584204,False,False,False,False,21077.022949739072,False,False,False,False
2024-10-04 17:00:00+00:00,114.91,115.0,114.49,114.935,16633.0,,,,121.2471049109493,119.41600115490917,119.24112821697778,119.18734554313673,,,121.2471049109493,119.41600115490917,119.77289495649325,,"rgba(239, 83, 80, 1.0)",4.121855210748884,119.84620690480673,-1.1915039839340775,32.590934542546336,-9.107818770353887,False,True,False,True,False,0.0,0.0,0.0,0.0,0.0,0,0.8254376632169456,0.9010349163362026,False,False,False,False,-0.20608347465348203,-0.18158878372774254,False,False,False,False,-298436.0,-83965.61191241813,False,False,False,False,21008.12336912296,False,False,False,False
2024-10-07 17:00:00+00:00,113.09,113.705,112.57,113.55,22480.0,,,,120.90003250664269,119.3081750096397,119.17056616499656,119.12933831400333,,,120.90003250664269,119.3081750096397,119.62702799882058,,"rgba(239, 83, 80, 1.0)",4.165271962612028,119.30313374221737,-1.3812144306201801,29.533452237644898,-12.072996313190103,False,True,False,True,False,0.0,0.0,0.0,0.0,0.0,0,0.824196447974081,0.8981212588158596,False,False,False,False,-0.2738509106271667,-0.22771984717745464,False,False,False,False,-320916.0,-87639.26134013257,False,False,False,False,21030.943161849736,False,False,False,False
2024-10-08 17:00:00+00:00,113.15,114.0,112.84,113.78,19660.0,,,,120.63008116362197,119.22093970399582,119.1129228620615,119.08178734453868,,,120.63008116362197,119.22093970399582,119.51143276855449,,"rgba(239, 83, 80, 1.0)",4.194806004383723,119.22151959621867,-1.2972041115923083,28.093105533920173,-13.645975356787211,False,True,False,True,False,0.0,0.0,0.0,0.0,0.0,0,0.8204584629405822,0.9020466387969804,False,False,False,False,-0.2617792674494266,-0.2447495573134406,False,False,False,False,-301256.0,-90951.14876121578,False,False,False,False,21009.68822910788,False,False,False,False
2024-10-09 17:00:00+00:00,113.37,114.385,113.22,114.365,13959.0,,,,120.46154824310194,119.16536645868821,119.07595366784584,119.05121529296675,,,120.46154824310194,119.16536645868821,119.43852091565068,,"rgba(239, 83, 80, 1.0)",4.210381761381727,119.17390454910328,-1.1421540424698078,28.698878684680516,-13.645975356787211,False,True,False,True,False,0.0,0.0,0.0,0.0,0.0,0,0.8270047240327693,0.8968486515577347,False,False,False,False,-0.24555185893188308,-0.24515070812266185,False,False,False,False,-287297.0,-93995.2704858481,False,False,False,False,20900.375233307757,False,False,False,False
2024-10-10 17:00:00+00:00,114.34,115.04,113.97,115.01,35505.0,,,,120.11053613274576,119.04717547178808,118.9965995699147,118.98536294407712,,,120.11053613274576,119.04717547178808,119.28491852963141,,"rgba(239, 83, 80, 1.0)",4.223531329573773,119.0802072984628,-0.9636976692850872,30.791562599870986,-13.645975356787211,False,True,False,True,False,0.0,0.0,0.0,0.0,0.0,0,0.836850469733851,0.8907642479229113,False,False,False,False,-0.2160692321575506,-0.23060997014010623,False,False,False,False,-251792.0,-96441.73140854813,False,False,False,False,21126.803524264225,False,False,False,False
2024-10-11 17:00:00+00:00,116.535,118.0,116.47,117.62,26721.0,,,,119.99062779217935,119.01447980492352,118.97474075198224,118.96720610156606,,,119.99062779217935,119.01447980492352,119.2367636126628,,"rgba(239, 83, 80, 0.75)",4.219840391285818,119.08958462398758,-0.34825597361984073,37.55313082375888,-20.1785301851037,False,True,False,True,True,0.0,0.0,0.0,0.0,0.0,0,0.8496901137252542,0.8817818962231981,False,False,False,False,-0.10447374679746213,-0.16754185846878417,False,False,False,False,-225071.0,-98435.98363477219,False,False,False,False,21213.535252570207,False,False,False,False
2024-10-14 17:00:00+00:00,119.02,120.035,118.77,120.005,47188.0,,,,119.9629117536588,119.03400217939316,118.9892542747787,118.9795372369203,,,119.9629117536588,119.03400217939316,119.24142636118773,,"rgba(239, 83, 80, 0.75)",4.2093461305583055,119.17980597050936,0.196038530426383,45.36954611096435,-12.936570566952277,False,True,False,True,True,1.336178148635078,0.0,0.0,0.0,0.0,0,0.8567223946340976,0.8760636700370406,False,False,False,False,-0.017815517362367025,-0.0926786879155756,False,False,False,False,-177883.0,-99667.72032260516,False,False,False,False,21616.24013237532,False,False,False,False
2024-10-15 17:00:00+00:00,122.285,122.63,120.86,121.1,25827.0,,,,120.0219780745536,119.07848600464132,119.02096114441362,119.00631270126065,,,120.0219780745536,119.07848600464132,119.28193448121729,,"rgba(38, 166, 154, 0.5)",4.2138493540203505,119.25810562225112,0.43710494206242967,51.81351833497325,-7.1724025264221964,False,False,True,False,True,2.541671411135898,0.0,0.0,0.0,0.0,0,0.8687042101690855,0.8622562034615614,False,False,False,False,0.07557782805988143,-0.008550429927847082,False,False,False,False,-152056.0,-100479.94171295236,False,False,False,False,21681.52323109818,False,False,False,False
2024-10-16 17:00:00+00:00,121.9,123.075,121.9,122.56,21510.0,,,,120.09775454466558,119.12869969381282,119.0568683256435,119.0366960479169,,,120.09775454466558,119.12869969381282,119.33000465300971,,"rgba(38, 166, 154, 1.0)",4.231962537513569,119.49200043994267,0.7249590545430232,57.57508133204804,-2.0626336720255125,True,False,True,False,True,4.119820431875539,0.0,0.0,0.0,0.0,0,0.8682614420813215,0.8586249551095325,False,False,False,False,0.10537929729422332,0.048414433683188124,False,False,False,False,-130546.0,-100946.08215151123,False,False,False,False,21678.863956197434,False,False,False,False
2024-10-17 17:00:00+00:00,122.07,122.21,121.185,121.24,24417.0,,,,120.14608625581224,119.16816150709724,119.08558615476362,119.0611350574311,,,120.14608625581224,119.16816150709724,119.36524224377605,,"rgba(38, 166, 154, 1.0)",4.236194607989126,119.51440113867935,0.40734645619592313,58.826190160062154,-0.968275377963856,True,False,True,False,True,2.5613447561853135,0.0,0.0,0.0,0.0,0,0.8616285151064086,0.8723096109747754,False,False,False,False,0.0736764451752772,0.06104543942923266,False,False,False,False,-154963.0,-101783.55374606144,False,False,False,False,21721.31567780678,False,False,False,False
2024-10-18 17:00:00+00:00,121.63,122.0,121.45,121.795,11987.0,,,,120.17193117624102,119.18868375099724,119.10058896108653,119.0739273673514,,,120.17193117624102,119.18868375099724,119.38378281391905,,"rgba(38, 166, 154, 1.0)",4.241750104136894,119.53767418956815,0.532168504747681,60.31126041354923,0.6597461299659813,True,False,True,False,True,3.1683931206402356,0.0,0.0,0.0,0.0,0,0.8563303309381641,0.8791013055358766,False,False,False,False,0.07477718010219547,0.06791130976571406,False,False,False,False,-142976.0,-102422.19632364188,False,False,False,False,21570.396054895045,False,False,False,False
2024-10-21 17:00:00+00:00,120.23,120.41,119.29,119.68,68622.0,,,,120.13992615355428,119.21501642555613,119.12223515263774,119.09301267068057,,,120.13992615355428,119.21501642555613,119.39254760060717,,"rgba(38, 166, 154, 1.0)",4.2338972334934155,119.49567233955824,0.04353616780860711,57.54710550987912,0.6597461299659813,True,False,True,False,True,0.7015089230543801,0.0,0.0,0.0,0.0,0,0.8565744294082004,0.8768127650979597,False,False,False,False,-1.9903498333564364e-09,0.03395565388768212,False,False,False,False,-211598.0,-104114.84444265519,False,False,False,False,22299.8782866021,False,False,False,False
2024-10-22 17:00:00+00:00,116.95,118.47,116.69,118.01,43909.0,,,,120.0159165584657,119.17457548264885,119.09481383598884,119.07015016937436,,,120.0159165584657,119.17457548264885,119.33886401161944,,"rgba(38, 166, 154, 0.5)",4.22131858909394,119.39813430210785,-0.32883902809282906,53.337239937078664,0.6597461299659813,False,False,True,False,False,0.0,0.0,0.0,0.0,0.0,0,0.8588976887021172,0.8791619524810081,False,False,False,False,-0.0906090382742108,-0.02832669219326434,False,False,False,False,-255507.0,-106462.00964509463,False,False,False,False,22634.903429445476,False,False,False,False
2024-10-23 17:00:00+00:00,120.615,120.82,119.57,119.88,53688.0,,,,120.02029044770856,119.20394711144259,119.11810777091502,119.09054829820309,,,120.02029044770856,119.20394711144259,119.35822340706731,,"rgba(38, 166, 154, 0.5)",4.21468320547606,119.42902792868045,0.10700022975240486,53.22486389487337,0.6597461299659813,False,False,True,False,False,0.923181131445638,0.0,0.0,0.0,0.0,0,0.866623840687357,0.8727666920945916,False,False,False,False,0.013734275180056996,-0.0072962085066036715,False,False,False,False,-201819.0,-107940.41259633347,False,False,False,False,23116.346787128492,False,False,False,False
2024-10-24 17:00:00+00:00,117.52,117.57,116.315,116.415,33269.0,,,,119.9054562205121,119.15643291000633,119.08448904875272,119.06209838136732,,,119.9054562205121,119.15643291000633,119.3021191401596,,"rgba(239, 83, 80, 1.0)",4.170071220252885,119.34887096272027,-0.703554161970007,49.011818581375564,7.75399577650456,False,True,False,True,False,0.0,0.0,0.0,0.0,0.0,0,0.8604944450005005,0.887618856971274,False,False,False,False,-0.11625982948879152,-0.061778018997697595,False,False,False,False,-235088.0,-109911.69302119651,False,False,False,False,23273.752263297043,False,False,False,False
2024-10-25 17:00:00+00:00,114.56,114.82,113.015,113.015,34048.0,,,,119.6862198523685,119.04806971008422,119.00563847329775,118.99471641623974,,,119.6862198523685,119.04806971008422,119.18366111299756,,"rgba(239, 83, 80, 1.0)",4.14366355181378,119.18761738437875,-1.4896521658175776,43.42371812331285,2.2443183456292672,False,True,False,True,False,0.0,0.0,0.0,0.0,0.0,0,0.8658792913622259,0.8922430187168447,False,False,False,False,-0.24069807982872177,-0.15123804941320967,False,False,False,False,-269136.0,-112380.28692784463,False,False,False,False,23440.794863866082,False,False,False,False
2024-10-28 17:00:00+00:00,113.27,113.27,112.645,112.66,20075.0,,,,119.54870185935965,118.97749545725789,118.95381074863201,118.95027061626142,,,119.54870185935965,118.97749545725789,119.10756967037774,,"rgba(239, 83, 80, 1.0)",4.088815570035542,119.08811870160969,-1.5721224377830803,39.44502645214603,-1.639137429913582,False,True,False,True,False,0.0,0.0,0.0,0.0,0.0,0,0.862150149174971,0.9064358344665215,False,False,False,False,-0.2815831877289263,-0.216410618571068,False,False,False,False,-289211.0,-115121.84837082378,False,False,False,False,23388.61199775963,False,False,False,False
2024-10-29 17:00:00+00:00,111.81,112.46,111.67,111.68,14720.0,,,,119.43792234533346,118.91911944830584,118.91069722944194,118.91321864200752,,,119.43792234533346,118.91911944830584,119.04523941627218,,"rgba(239, 83, 80, 1.0)",4.027027503446277,119.00805425889008,-1.8197179563881363,36.07684771064852,-4.966180768779616,False,True,False,True,False,0.0,0.0,0.0,0.0,0.0,0,0.8558472456636232,0.9018443581349,False,False,False,False,-0.32043197922529154,-0.2684212988981798,False,False,False,False,-303931.0,-118049.12203949317,False,False,False,False,23254.214912523046,False,False,False,False
2024-10-30 17:00:00+00:00,113.86,114.04,113.17,113.46,45530.0,,,,119.18458663003437,118.78503854523738,118.81084726447452,118.82709822310848,,,119.18458663003437,118.78503854523738,118.90189266571369,,"rgba(239, 83, 80, 1.0)",3.866053271865259,118.83345351323555,-1.3899067434844279,36.71188330473309,-4.966180768779616,False,True,False,True,False,0.0,0.0,0.0,0.0,0.0,0,0.849899281746597,0.898528903086658,False,False,False,False,-0.25391437804792005,-0.2611678384730499,False,False,False,False,-258401.0,-120225.12014740802,False,False,False,False,23599.575921631214,False,False,False,False
2024-10-31 17:00:00+00:00,112.99,113.47,111.385,111.535,36462.0,,,,118.94934621485027,118.65439542151124,118.71253602939147,118.74196594505679,,,118.94934621485027,118.65439542151124,118.76456090270244,,"rgba(239, 83, 80, 1.0)",3.818790281779733,118.66944432024928,-1.8682472180494567,35.49542642931763,-6.213753053360264,False,True,False,True,False,0.0,0.0,0.0,0.0,0.0,0,0.8461117529032651,0.9005087047283188,False,False,False,False,-0.30454614951568393,-0.2828569939943669,False,False,False,False,-294863.0,-122932.68417613037,False,False,False,False,23798.993349202825,False,False,False,False
2024-11-01 17:00:00+00:00,111.29,111.46,110.6,110.95,28398.0,,,,118.7482046427437,118.53917877474066,118.62518274451001,118.66610110987487,,,118.7482046427437,118.53917877474066,118.64466681796732,,"rgba(239, 83, 80, 1.0)",3.8101550026400766,118.52824247754123,-1.9889591033147522,34.21713616526854,-7.9503766217898075,False,True,False,True,False,0.0,0.0,0.0,0.0,0.0,0,0.8435434826677477,0.9078856679505368,False,False,False,False,-0.34282825441539394,-0.3128426242048804,False,False,False,False,-323261.0,-126038.54953774074,False,False,False,False,23870.295777897354,False,False,False,False
2024-11-04 17:00:00+00:00,111.43,113.035,111.39,113.0,26425.0,,,,118.60384088987897,118.45537774351855,118.56101306095331,118.6101346764834,,,118.60384088987897,118.45537774351855,118.55759159270855,,"rgba(239, 83, 80, 1.0)",3.7312990781777082,118.42970260703873,-1.4551775382450696,36.62756439469854,-7.9503766217898075,False,True,False,True,False,0.0,0.0,0.0,0.0,0.0,0,0.8493225590862141,0.8979889422200616,False,False,False,False,-0.2924479259076467,-0.30264527505626354,False,False,False,False,-296836.0,-128686.5720255277,False,False,False,False,23909.90359529429,False,False,False,False
2024-11-05 17:00:00+00:00,113.4,113.86,112.83,113.805,38215.0,,,,118.4394005601391,118.35825399970808,118.4857577640573,118.54416994693602,,,118.4394005601391,118.35825399970808,118.45689556771012,,"rgba(239, 83, 80, 0.75)",3.72989780431443,118.32031464500943,-1.2105732869641876,39.39592260787357,-7.9503766217898075,False,True,False,True,True,0.0,0.0,0.0,0.0,0.0,0,0.8529670105198652,0.8988867327137163,False,False,False,False,-0.24551845708280767,-0.2740818660695356,False,False,False,False,-258621.0,-130701.05928094588,False,False,False,False,24131.68803567732,False,False,False,False
2024-11-06 17:00:00+00:00,111.265,113.26,110.8,112.925,23914.0,,,,118.31866406147803,118.2852174717932,118.42900945184417,118.4943775749027,,,118.31866406147803,118.2852174717932,118.38181714000453,,"rgba(239, 83, 80, 0.75)",3.761718419614556,118.23770975760468,-1.412309260018735,40.22014798937082,-7.9503766217898075,False,True,False,True,True,0.0,0.0,0.0,0.0,0.0,0,0.8423958269906027,0.9046053299234809,False,False,False,False,-0.30012397980246897,-0.28710292293600226,False,False,False,False,-282535.0,-133055.07386573742,False,False,False,False,24128.313027372245,False,False,False,False
2024-11-07 17:00:00+00:00,112.98,113.98,112.27,113.765,19084.0,,,,118.24135988745459,118.2378587773916,118.3918418921609,118.46162619590238,,,118.24135988745459,118.2378587773916,118.33317168822738,,"rgba(239, 83, 80, 0.75)",3.78264409168022,118.18592875563752,-1.1687403436556933,42.09177605294593,-14.42643283640809,False,True,False,True,True,0.0,0.0,0.0,0.0,0.0,0,0.8537846827843582,0.900494888852831,False,False,False,False,-0.2545464500803259,-0.27082468650816405,False,False,False,False,-263451.0,-135076.7161313849,False,False,False,False,24050.106623847092,False,False,False,False
2024-11-08 17:00:00+00:00,113.91,114.51,113.7,114.065,16131.0,,,,118.18762062399983,118.20457680268461,118.3654667585811,118.43828856844392,,,118.18762062399983,118.20457680268461,118.29898818842736,,"rgba(239, 83, 80, 0.75)",3.798297617721883,117.83996929970638,-0.9938582174533522,43.821293176371384,-12.40233795399206,False,True,False,True,True,0.0,0.0,0.0,0.0,0.0,0,0.8552234825952287,0.9054788619720615,False,False,False,False,-0.21462084774521847,-0.24272276712669127,False,False,False,False,-247320.0,-136816.9220828363,False,False,False,False,23927.32977696574,False,False,False,False
2024-11-11 17:00:00+00:00,114.15,114.15,110.945,111.395,28057.0,,,,118.0549155280342,118.12139192620147,118.29999997742696,118.3805382463983,,,118.0549155280342,118.12139192620147,118.21421141951524,,"rgba(239, 83, 80, 0.75)",3.8607027752622747,117.67551167030429,-1.6267793808285669,41.65148744189467,-12.40233795399206,False,True,False,True,True,0.0,0.0,0.0,0.0,0.0,0,0.8379540914094671,0.9118522444652828,False,False,False,False,-0.2784436761512581,-0.2605832216389747,False,False,False,False,-275377.0,-138965.14034511792,False,False,False,False,23991.355671896505,False,False,False,False
2024-11-12 17:00:00+00:00,109.48,109.51,108.195,108.32,27944.0,,,,117.85354173373048,117.99359633333397,118.19986494330008,118.29238302676973,,,117.85354173373048,117.99359633333397,118.08484650928358,,"rgba(239, 83, 80, 1.0)",3.9916002988707198,117.43523650293079,-2.283604524608746,37.53641525339219,-6.430182742641989,False,True,False,True,False,0.0,0.0,0.0,0.0,0.0,0,0.8364000323519896,0.9216677450663211,False,False,False,False,-0.34282825441539394,-0.3017057380271843,False,False,False,False,-303321.0,-141513.2932079843,False,False,False,False,24052.63697930896,False,False,False,False
2024-11-13 17:00:00+00:00,109.5,109.61,108.62,109.03,36387.0,,,,117.6151274020783,117.83940793894179,118.07805859600275,118.18477683153921,,,117.6151274020783,117.83940793894179,117.92934269214052,,"rgba(239, 83, 80, 1.0)",4.100387081266238,117.22603906022184,-1.9988452060215793,36.037027971453114,-8.001597577426935,False,True,False,True,False,0.0,0.0,0.0,0.0,0.0,0,0.8390180930673496,0.9168969481816162,False,False,False,False,-0.33278109721736826,-0.31724341762227626,False,False,False,False,-266934.0,-143457.80029003107,False,False,False,False,24243.86741373828,False,False,False,False
2024-11-14 17:00:00+00:00,108.955,109.37,108.02,108.245,38068.0,,,,117.36420985832177,117.67407318190476,117.94659233063739,118.06831552193215,,,117.36420985832177,117.67407318190476,117.76329772319902,,"rgba(239, 83, 80, 1.0)",4.218795051277497,117.02032193139696,-2.0800540971383987,34.35886065072932,-9.796500777944509,False,True,False,True,False,0.0,0.0,0.0,0.0,0.0,0,0.8373769303561719,0.9183965208287188,False,False,False,False,-0.34282825441539394,-0.3300358360188351,False,False,False,False,-305002.0,-145962.36152584452,False,False,False,False,24458.195050734583,False,False,False,False
2024-11-15 17:00:00+00:00,105.5,105.92,105.015,105.56,36326.0,,,,117.05902774257376,117.47084440809398,117.78490709143377,117.9250542663434,,,117.05902774257376,117.47084440809398,117.55995837711123,,"rgba(239, 83, 80, 1.0)",4.401329173726305,116.74967484670611,-2.5423399171102163,31.259462838026998,-12.894455315297662,False,True,False,True,False,0.0,0.0,0.0,0.0,0.0,0,0.8353532132036354,0.9221416042098544,False,False,False,False,-0.34282825441539394,-0.33643204521711456,False,False,False,False,-341328.0,-148991.2861533508,False,False,False,False,24642.192026692184,False,False,False,False
2024-11-18 17:00:00+00:00,104.09,105.3,103.87,105.205,40638.0,,,,116.71593944534678,117.2384310675063,117.5988145658129,117.75971219846372,,,116.71593944534678,117.2384310675063,117.32822431928243,,"rgba(239, 83, 80, 1.0)",4.572878076321263,116.45798521156387,-2.4608102432979235,28.96165782156181,-15.195399407759872,False,True,False,True,False,0.0,0.0,0.0,0.0,0.0,0,0.8341442016270535,0.9232732493220607,False,False,False,False,-0.34282825441539394,-0.3396301498162543,False,False,False,False,-381966.0,-152603.29722074073,False,False,False,False,24890.189049534165,False,False,False,False
2024-11-19 17:00:00+00:00,104.82,105.22,104.32,104.46,34334.0,,,,116.43779841855513,117.0467037545875,117.4441999473489,117.62191373343846,,,116.43779841855513,117.0467037545875,117.1376539634825,,"rgba(239, 83, 80, 1.0)",4.78580322929686,116.2300456130751,-2.4593668082764846,26.93093766758691,-17.258774265802515,False,True,False,True,False,0.0,0.0,0.0,0.0,0.0,0,0.8432023313231066,0.9179584733071595,False,False,False,False,-0.3370222401383956,-0.33832619497732497,False,False,False,False,-416300.0,-156691.61819406258,False,False,False,False,25036.6047231848,False,False,False,False
2024-11-20 17:00:00+00:00,103.84,104.33,103.22,104.29,30508.0,,,,116.18673842345234,116.87155626015725,117.30231568629883,117.49521108986602,,,116.18673842345234,116.87155626015725,116.9639553649436,,"rgba(239, 83, 80, 1.0)",4.9682861783061805,115.14389305625772,-2.1846352377306286,25.458794831227088,-18.83701335179413,False,True,False,True,False,0.0,0.0,0.0,0.0,0.0,0,0.838234699243558,0.9185712552081222,False,False,False,False,-0.34282825441539394,-0.3405772246963594,False,False,False,False,-446808.0,-161189.54659415464,False,False,False,False,25121.432556933873,False,False,False,False
2024-11-21 17:00:00+00:00,105.19,106.245,105.16,105.895,28390.0,,,,115.99542289993826,116.73508938778424,117.19056612095994,117.39495335685515,,,115.99542289993826,116.73508938778424,116.82900794138439,,"rgba(239, 83, 80, 0.75)",5.104890321857743,115.05892327023554,-1.7951263773480366,28.13296415407215,-18.83701335179413,False,True,False,True,True,0.0,0.0,0.0,0.0,0.0,0,0.8431561415126521,0.9109224810868296,False,False,False,False,-0.28528330095147003,-0.31293026282391473,False,False,False,False,-418418.0,-165177.58463145458,False,False,False,False,25172.108021167456,False,False,False,False
2024-11-22 17:00:00+00:00,107.53,108.28,107.485,108.25,56652.0,,,,115.71301809588809,116.52613086835888,117.01636763715739,117.23746755457506,,,115.71301809588809,116.52613086835888,116.62324603899485,,"rgba(239, 83, 80, 0.75)",5.182407632932063,114.97110856876353,-1.2969085114134313,34.11493262408037,-21.913444622965695,False,True,False,True,True,0.0,0.0,0.0,0.0,0.0,0,0.8508549145085489,0.9066493350664929,False,False,False,False,-0.22232809377107385,-0.2676291782974943,False,False,False,False,-361766.0,-168225.46704026923,False,False,False,False,25660.16836192455,False,False,False,False
2024-11-25 17:00:00+00:00,111.09,112.34,110.895,112.06,53098.0,,,,115.58643048723587,116.42166385051023,116.92465648527731,117.152774019477,,,115.58643048723587,116.42166385051023,116.5213812106251,,"rgba(239, 83, 80, 0.5)",5.175106738682342,114.67974748812665,-0.5062209574432226,42.71019434195969,-14.162390159937274,False,False,False,True,True,0.0,0.0,0.0,0.0,0.0,0,0.8589165458193446,0.8975545799479524,False,False,False,False,-0.11810821598471022,-0.19286869714110225,False,False,False,False,-308668.0,-170402.87065204798,False,False,False,False,26085.56110049936,False,False,False,False
2024-11-26 17:00:00+00:00,111.47,111.875,111.11,111.71,21819.0,,,,115.5341349527955,116.37826625737576,116.88646752626569,117.11746306776962,,,115.5341349527955,116.37826625737576,116.47908295105164,,#000000,5.193854343928464,114.67890658139714,-0.5716191453978211,47.92507108362885,-9.73439035546373,True,False,False,False,True,0.0,0.0,0.0,0.0,0.0,0,0.8557556180335386,0.9052262168251877,False,False,False,False,-0.12154307372739526,-0.15720588543424874,False,False,False,False,-330487.0,-172884.79513806273,False,False,False,False,26019.41286638309,False,False,False,False
2024-11-27 17:00:00+00:00,111.465,111.51,110.355,110.465,14701.0,,,,115.49281276328742,116.34474310719041,116.85727578598488,117.09057985122953,,,115.49281276328742,116.34474310719041,116.44635287692307,,#000000,5.2262247782152516,114.65834024035733,-0.8023650758070435,49.58081275501261,-8.441445633459843,True,False,False,False,True,0.0,0.0,0.0,0.0,0.0,0,0.8483639425775923,0.9155104659555692,False,False,False,False,-0.13696751148609287,-0.1470866984601708,False,False,False,False,-345188.0,-175556.16265530206,False,False,False,False,25843.933597136842,False,False,False,False
2024-11-28 17:00:00+00:00,110.465,110.465,110.465,110.465,0.0,,,,115.49281276328742,116.34474310719041,116.85727578598488,117.09057985122953,,,115.49281276328742,116.34474310719041,116.44635287692307,,"rgba(38, 166, 154, 1.0)",5.267511757662788,114.65834024035733,-0.7960761044827602,50.68464053593512,-7.359300342693807,True,False,True,False,True,0.0,0.0,0.0,0.0,0.0,0,0.8451502663584279,0.9194893959191875,False,False,False,False,-0.14989364970057698,-0.1484901740803739,False,False,False,False,-345188.0,-178186.1136218865,False,False,False,False,25443.25245609596,False,False,False,False
2024-11-29 17:00:00+00:00,111.085,111.21,110.105,110.32,7960.0,,,,115.46965219682188,116.32601030725645,116.84098796413716,117.07558797816505,,,115.46965219682188,116.32601030725645,116.42805961159515,,"rgba(38, 166, 154, 1.0)",5.30837102395137,114.6451323353743,-0.8147758165093038,51.1805649151548,-6.605087559951073,True,False,True,False,True,0.0,0.0,0.0,0.0,0.0,0,0.8475979899497487,0.9169648241206027,False,False,False,False,-0.14456534081460254,-0.14652775744748822,False,False,False,False,-353148.0,-180898.70100759369,False,False,False,False,25172.19427848207,False,False,False,False
2024-12-02 17:00:00+00:00,109.585,109.83,109.075,109.74,21692.0,,,,115.39506986243516,116.26687383612942,116.79006589344169,117.02889746473456,,,115.39506986243516,116.26687383612942,116.3702267641852,,#000000,5.359647205849443,114.58296414199856,-0.9035975608082976,50.507524799198556,-6.605087559951073,True,False,False,False,True,0.0,0.0,0.0,0.0,0.0,0,0.8475091007823655,0.9167152712133703,False,False,False,False,-0.17806612153243015,-0.16229693948995919,False,False,False,False,-374840.0,-183905.5428524372,False,False,False,False,25118.23777804049,False,False,False,False
2024-12-03 17:00:00+00:00,108.48,109.15,107.84,107.99,32050.0,,,,115.26593028867894,116.16581555897159,116.7036415556248,116.9498680063109,,,115.26593028867894,116.16581555897159,116.27131385239656,,"rgba(239, 83, 80, 0.5)",5.438904381754879,114.45738966965666,-1.189097879961248,47.374491370290876,-6.605087559951073,True,False,False,True,False,0.0,0.0,0.0,0.0,0.0,0,0.8405997277604291,0.9173672832092239,False,False,False,False,-0.20496737918321264,-0.18363215933658592,False,False,False,False,-406890.0,-187362.6662190661,False,False,False,False,25225.706959776297,False,False,False,False
2024-12-04 17:00:00+00:00,104.4,105.025,103.86,104.925,63470.0,,,,114.89361922722715,115.88155210071153,116.46379510511306,116.731744344975,,,114.89361922722715,115.88155210071153,115.99267769450668,,"rgba(239, 83, 80, 0.5)",5.587094744559394,114.02434707834034,-1.6286366160518602,41.942252813682074,-0.8233925624106107,False,False,False,True,False,0.0,0.0,0.0,0.0,0.0,0,0.8413938418112789,0.9204086906394735,False,False,False,False,-0.3226695406242327,-0.2531508499804093,False,False,False,False,-470360.0,-191750.2217815612,False,False,False,False,25818.64173559372,False,False,False,False
2024-12-05 17:00:00+00:00,105.08,105.64,104.62,105.415,69448.0,,,,114.53781179358211,115.60239445501655,116.22521765849801,116.51352850241469,,,114.53781179358211,115.60239445501655,115.71973810237785,,"rgba(239, 83, 80, 1.0)",5.706768443091198,113.68317618902833,-1.4488368104435796,39.286592642710026,-3.437640056456921,False,True,False,True,False,0.0,0.0,0.0,0.0,0.0,0,0.8451895333797632,0.9178589195104961,False,False,False,False,-0.3021683689121944,-0.27765960944630186,False,False,False,False,-400912.0,-194993.04004851374,False,False,False,False,26495.0658947318,False,False,False,False
2024-12-06 17:00:00+00:00,104.845,104.845,103.51,103.85,35022.0,,,,114.34705894440906,115.45201218023819,116.0964553782104,116.39563683713789,,,114.34705894440906,115.45201218023819,115.57279083499888,,"rgba(239, 83, 80, 1.0)",5.831164814176367,113.49909548816993,-1.654745800480832,36.0299426684842,-6.633151612061013,False,True,False,True,False,0.0,0.0,0.0,0.0,0.0,0,0.8403086321802603,0.9170104728657565,False,False,False,False,-0.33064148901475476,-0.3041505492305283,False,False,False,False,-435934.0,-198728.55880745148,False,False,False,False,26627.266423495646,False,False,False,False
2024-12-09 17:00:00+00:00,106.55,106.81,105.78,106.66,39724.0,,,,114.18648724438997,115.32033951537827,115.98154536593482,116.28955581855472,,,114.18648724438997,115.32033951537827,115.44448198606445,,"rgba(239, 83, 80, 1.0)",5.873963150215402,113.37465914888763,-1.1431224502389674,38.78183356150072,-6.633151612061013,False,True,False,True,False,0.0,0.0,0.0,0.0,0.0,0,0.8408412591030283,0.9205897568546297,False,False,False,False,-0.2679734799553247,-0.2860620145929265,False,False,False,False,-396210.0,-201790.28657787858,False,False,False,False,26830.316556464706,False,False,False,False
2024-12-10 17:00:00+00:00,105.78,106.1,104.15,104.395,31011.0,,,,114.04169872516978,115.20291844616574,115.87962363115972,116.19566334051788,,,114.04169872516978,115.20291844616574,115.32997603575328,,"rgba(239, 83, 80, 1.0)",5.97273281423743,113.24822375275001,-1.4822735300742478,38.25937819207117,-6.633151612061013,False,True,False,True,False,0.0,0.0,0.0,0.0,0.0,0,0.8305425184949486,0.9279492482698272,False,False,False,False,-0.30231656298616966,-0.2941892887895481,False,False,False,False,-427221.0,-205285.33639837656,False,False,False,False,26895.1333540389,False,False,False,False
2024-12-11 17:00:00+00:00,103.575,103.78,103.06,103.295,47758.0,,,,113.79214379590694,115.00156548718425,115.70530835415306,116.03523420342411,,,113.79214379590694,115.00156548718425,115.1335629601671,,"rgba(239, 83, 80, 1.0)",6.103752242796204,113.01706444522623,-1.5928012898460024,36.91573729626755,-6.633151612061013,False,True,False,True,False,0.0,0.0,0.0,0.0,0.0,0,0.8310226165138344,0.9306188212360508,False,False,False,False,-0.34282825441539394,-0.31850877160247104,False,False,False,False,-474979.0,-209466.63350847925,False,False,False,False,27218.588650875507,False,False,False,False
2024-12-12 17:00:00+00:00,103.33,103.395,102.73,102.77,26362.0,,,,113.65405972262738,114.88948143317997,115.60799714376859,115.94555101618343,,,113.65405972262738,114.88948143317997,115.02427232893984,,"rgba(239, 83, 80, 1.0)",6.249154860336449,112.88976572082228,-1.6193814918962413,35.5487321433186,-7.946196915342163,False,True,False,True,False,0.0,0.0,0.0,0.0,0.0,0,0.8335594302358057,0.9295375653353546,False,False,False,False,-0.34282825441539394,-0.3306685130089325,False,False,False,False,-501341.0,-213991.81748509197,False,False,False,False,27205.308206675883,False,False,False,False
2024-12-13 17:00:00+00:00,102.68,102.8,102.14,102.69,33158.0,,,,113.4786430995124,114.7465507179584,115.48367779012115,115.83087246631207,,,113.4786430995124,114.7465507179584,114.88493601847601,,"rgba(239, 83, 80, 1.0)",6.371082447241418,112.72791665069292,-1.5755433607736762,34.560491753087206,-9.304948336516809,False,True,False,True,False,0.0,0.0,0.0,0.0,0.0,0,0.8307314541244112,0.9310668370198831,False,False,False,False,-0.34282825441539394,-0.3367483837121632,False,False,False,False,-534499.0,-218960.92108997426,False,False,False,False,27297.598001921215,False,False,False,False
2024-12-16 17:00:00+00:00,103.13,103.13,101.37,101.42,45328.0,,,,113.23557313711095,114.54755062666669,115.3101886972586,115.67065151746654,,,113.23557313711095,114.54755062666669,114.6909909946257,,"rgba(239, 83, 80, 1.0)",6.514762320306717,112.50328711200945,-1.7012573240718993,32.69001082086396,-11.470890631737241,False,True,False,True,False,0.0,0.0,0.0,0.0,0.0,0,0.8261240187138214,0.9296844025057487,False,False,False,False,-0.34282825441539394,-0.3397883190637786,False,False,False,False,-579827.0,-224555.74401881185,False,False,False,False,27577.139118170497,False,False,False,False
2024-12-17 17:00:00+00:00,102.35,103.105,102.22,102.335,45141.0,,,,113.01545423857402,114.36430101129005,115.14911101955008,115.52133397704107,,,113.01545423857402,114.36430101129005,114.51255006161381,,"rgba(239, 83, 80, 1.0)",6.636463226912373,112.30791624584519,-1.5027456500327985,33.40692638666131,-11.470890631737241,False,True,False,True,False,0.0,0.0,0.0,0.0,0.0,0,0.8285403696017394,0.9288071943867969,False,False,False,False,-0.3310727455720054,-0.335430532317892,False,False,False,False,-534686.0,-229363.96504177598,False,False,False,False,27849.447038819017,False,False,False,False
2024-12-18 17:00:00+00:00,102.38,102.97,97.93,97.93,70713.0,,,,112.59626758937799,114.0194382537352,114.8477135375223,115.24257782514815,,,112.59626758937799,114.0194382537352,114.1764993014459,,"rgba(239, 83, 80, 1.0)",6.873944827789459,111.91006174117489,-2.0337756690535764,30.28559592932811,-14.358284671650793,False,True,False,True,False,0.0,0.0,0.0,0.0,0.0,0,0.8141423979740916,0.9332034674198885,False,False,False,False,-0.34282825441539394,-0.33912939336664294,False,False,False,False,-605399.0,-235193.96558376396,False,False,False,False,28513.998247519496,False,False,False,False
2024-12-19 17:00:00+00:00,98.76,99.59,97.24,97.25,51327.0,,,,112.27291740714124,113.75263466734968,114.61418419136464,115.02640223491754,,,112.27291740714124,113.75263466734968,113.91653462519328,,"rgba(239, 83, 80, 1.0)",7.117158526792373,111.60024672186816,-2.016288757352671,27.795389051751417,-16.898202991506366,False,True,False,True,False,0.0,0.0,0.0,0.0,0.0,0,0.8079325847070042,0.9503921530467273,False,False,False,False,-0.34282825441539394,-0.3409788238910184,False,False,False,False,-656726.0,-241729.34596231024,False,False,False,False,28867.688197170355,False,False,False,False
2024-12-20 17:00:00+00:00,100.4,100.71,99.03,99.245,44049.0,,,,112.03720644700022,113.55373908390581,114.43812889973772,114.86259356516449,,,112.03720644700022,113.55373908390581,113.72291699895206,,"rgba(239, 83, 80, 1.0)",7.2937015911606045,111.38528538172906,-1.6644889059407275,29.846668494936583,-16.898202991506366,False,True,False,True,False,0.0,0.0,0.0,0.0,0.0,0,0.813401023097194,0.9371609052860018,False,False,False,False,-0.3069873047711203,-0.3239830643310694,False,False,False,False,-612677.0,-247480.47238149922,False,False,False,False,29103.057372408024,False,False,False,False
2024-12-23 17:00:00+00:00,97.59,97.59,97.59,97.59,0.0,,,,112.03720644700022,113.55373908390581,114.43812889973772,114.86259356516449,,,112.03720644700022,113.55373908390581,113.72291699895206,,"rgba(239, 83, 80, 1.0)",7.487903571220028,111.38528538172906,-1.8423428200586922,29.871451795154833,-16.898202991506366,False,True,False,True,False,0.0,0.0,0.0,0.0,0.0,0,0.8162859020449185,0.9417256175345003,False,False,False,False,-0.34282825441539394,-0.33340565937323163,False,False,False,False,-612677.0,-253142.4340500031,False,False,False,False,28651.847180587745,False,False,False,False
2024-12-24 17:00:00+00:00,98.75,99.46,98.75,99.36,4076.0,,,,112.01502560750853,113.53500281673705,114.42153392762404,114.8471473331733,,,112.01502560750853,113.53500281673705,113.70467742126073,,"rgba(239, 83, 80, 0.75)",7.603897168172504,111.36494985575928,-1.5787890854190114,32.80621373953967,-16.898202991506366,False,True,False,True,True,0.0,0.0,0.0,0.0,0.0,0,0.8186454429548352,0.9409264768380786,False,False,False,False,-0.30652234677638523,-0.31996400307480843,False,False,False,False,-608601.0,-258653.41956860767,False,False,False,False,28270.826294067003,False,False,False,False
2024-12-25 17:00:00+00:00,99.36,99.36,99.36,99.36,0.0,,,,112.01502560750853,113.53500281673705,114.42153392762404,114.8471473331733,,,112.01502560750853,113.53500281673705,113.70467742126073,,"rgba(239, 83, 80, 0.75)",7.698685103595414,111.36494985575928,-1.559350680566577,34.7627217024629,-20.17450210526036,False,True,False,True,True,0.0,0.0,0.0,0.0,0.0,0,0.8182384185847421,0.9428176741833175,False,False,False,False,-0.30049008969601154,-0.31022704638541,False,False,False,False,-608601.0,-264078.9634512649,False,False,False,False,27832.518909662864,False,False,False,False
2024-12-26 17:00:00+00:00,100.0,100.2,99.44,99.63,12491.0,,,,111.95050879877797,113.48014446181627,114.3727861199434,114.80170735837797,,,111.95050879877797,113.48014446181627,113.65128668472889,,"rgba(239, 83, 80, 0.75)",7.754472762207456,111.3067038676403,-1.5058024221257702,36.548465633638926,-18.344251713624114,False,True,False,True,True,0.0,0.0,0.0,0.0,0.0,0,0.8187369530015411,0.9394229080906019,False,False,False,False,-0.2896615143440505,-0.29994428036473025,False,False,False,False,-596110.0,-269226.73145977245,False,False,False,False,27594.665903311503,False,False,False,False
2024-12-27 17:00:00+00:00,98.59,98.64,97.85,98.43,36826.0,,,,111.74203689980864,113.30410083443313,114.21686324321192,114.65656061735625,,,111.74203689980864,113.30410083443313,113.47989039870248,,"rgba(239, 83, 80, 0.75)",7.777357424826953,111.11346892334137,-1.6308198569932093,36.33011619179887,-18.344251713624114,False,True,False,True,True,0.0,0.0,0.0,0.0,0.0,0,0.8131341655792937,0.9460727988003189,False,False,False,False,-0.32702982964109417,-0.3134870550029122,False,False,False,False,-632936.0,-274865.63484799303,False,False,False,False,27737.787362174888,False,False,False,False
2024-12-30 17:00:00+00:00,97.135,98.0,97.13,97.705,17330.0,,,,111.64115882135012,113.21888804548195,114.14137002821036,114.58626996963628,,,111.64115882135012,113.21888804548195,113.39692171616969,,"rgba(239, 83, 80, 0.75)",7.793074339287093,111.01934546356621,-1.7084843392863365,35.385096896104,-18.344251713624114,False,True,False,True,True,0.0,0.0,0.0,0.0,0.0,0,0.8057369900184124,0.9473398585134215,False,False,False,False,-0.34282825441539394,-0.32815765470915303,False,False,False,False,-650266.0,-280685.7955480241,False,False,False,False,27576.426317800084,False,False,False,False
2024-12-31 17:00:00+00:00,97.15,97.61,96.46,97.51,17568.0,,,,111.53734915962046,113.13115419996767,114.06361829513423,114.51386170516797,,,111.53734915962046,113.13115419996767,113.3114958399726,,"rgba(239, 83, 80, 0.75)",7.811517739043072,110.92218171503488,-1.716975133782119,34.53381796947041,-18.344251713624114,False,True,False,True,True,0.0,0.0,0.0,0.0,0.0,0,0.8037188488542549,0.9487308078080391,False,False,False,False,-0.34282825441539394,-0.33549295456227346,False,False,False,False,-667834.0,-286688.0932914656,False,False,False,False,27421.25691752411,False,False,False,False
2025-01-01 17:00:00+00:00,97.51,97.51,97.51,97.51,0.0,,,,111.53734915962046,113.13115419996767,114.06361829513423,114.51386170516797,,,111.53734915962046,113.13115419996767,113.3114958399726,,"rgba(239, 83, 80, 1.0)",7.814872024336282,110.92218171503488,-1.7162381768080168,33.96629868504802,-18.344251713624114,False,True,False,True,False,0.0,0.0,0.0,0.0,0.0,0,0.8102653496029438,0.9497578926980433,False,False,False,False,-0.3315593600109604,-0.33352615728661694,False,False,False,False,-667834.0,-292597.3321551638,False,False,False,False,26996.121151360945,False,False,False,False
2025-01-02 17:00:00+00:00,97.37,97.595,96.45,97.46,17055.0,,,,111.43781483307686,113.04676418238563,113.98870555451423,114.44404160204752,,,111.43781483307686,113.04676418238563,113.22933154300605,,"rgba(239, 83, 80, 1.0)",7.842086445571536,110.82933806708523,-1.7048190121182567,33.51802017413176,-18.344251713624114,False,True,False,True,False,0.0,0.0,0.0,0.0,0.0,0,0.8074386399241822,0.9473724928920949,False,False,False,False,-0.34282825441539394,-0.3381772058510054,False,False,False,False,-684889.0,-298679.37351709924,False,False,False,False,26841.99524203752,False,False,False,False
2025-01-03 17:00:00+00:00,99.25,99.675,99.06,99.17,21773.0,,,,111.33143248275343,112.954618594069,113.9060371501808,114.3666261828125,,,111.33143248275343,112.954618594069,113.13967860245393,,"rgba(239, 83, 80, 0.5)",7.84208897178796,110.73459409074349,-1.4746828469234785,37.651383463624484,-16.119162456952438,False,False,False,True,True,0.0,0.0,0.0,0.0,0.0,0,0.8129471497807522,0.9441495499653817,False,False,False,False,-0.2879671582208907,-0.31307218203594805,False,False,False,False,-663116.0,-304329.5537726481,False,False,False,False,26763.406168517555,False,False,False,False
2025-01-06 17:00:00+00:00,99.42,99.44,97.63,97.655,29239.0,,,,111.17913862939443,112.82334466972796,113.78852246988971,114.25667374764316,,,111.17913862939443,112.82334466972796,113.01191987916381,,"rgba(239, 83, 80, 0.5)",7.839768479988208,110.59632179991064,-1.6507275480066352,37.89119736197196,-15.806943810668805,False,False,False,True,True,0.0,0.0,0.0,0.0,0.0,0,0.8083844973138908,0.9464121258633919,False,False,False,False,-0.3072354311712339,-0.310153806603591,False,False,False,False,-692355.0,-310345.4521637698,False,False,False,False,26801.787468230457,False,False,False,False
2025-01-07 17:00:00+00:00,97.76,98.1,97.255,97.425,34952.0,,,,110.99278111233427,112.66262061464425,113.64457720384894,114.12194751120394,,,110.99278111233427,112.66262061464425,112.85548161050785,,"rgba(239, 83, 80, 0.5)",7.7717402714478,110.42590981354456,-1.672844094045184,37.70182781978493,-15.806943810668805,False,False,False,True,True,0.0,0.0,0.0,0.0,0.0,0,0.7971014492753621,0.9553173004778263,False,False,False,False,-0.3273165223388669,-0.31873516447122896,False,False,False,False,-727307.0,-316809.9722852617,False,False,False,False,26928.14735244394,False,False,False,False
2025-01-08 17:00:00+00:00,97.54,97.54,96.95,97.335,37320.0,,,,110.79476511428666,112.49116353389896,113.49068512426612,113.97775331455631,,,110.79476511428666,112.49116353389896,112.68859177175202,,"rgba(239, 83, 80, 0.5)",7.693471086600437,110.24481876808959,-1.6780226535944698,37.42781183563547,-15.806943810668805,False,False,False,True,True,0.0,0.0,0.0,0.0,0.0,0,0.789589281792225,0.9677335622866039,False,False,False,False,-0.337541507538569,-0.32813833600489895,False,False,False,False,-764627.0,-323752.8719397538,False,False,False,False,27089.26134697969,False,False,False,False
2025-01-09 17:00:00+00:00,97.335,97.335,97.335,97.335,0.0,,,,110.79476511428666,112.49116353389896,113.49068512426612,113.97775331455631,,,110.79476511428666,112.49116353389896,112.68859177175202,,"rgba(239, 83, 80, 0.5)",7.663312430953788,110.24481876808959,-1.684626443774369,37.24513451286916,-15.793881023334663,False,False,False,True,True,0.0,0.0,0.0,0.0,0.0,0,0.7892433398245368,0.9657103852562685,False,False,False,False,-0.33540821724554554,-0.33177327662522227,False,False,False,False,-764627.0,-330588.1297391375,False,False,False,False,26669.2727989645,False,False,False,False
2025-01-10 17:00:00+00:00,95.195,95.54,94.59,94.97,34048.0,,,,110.58989435436347,112.31547977818606,113.33372506168108,113.83096896344956,,,110.58989435436347,112.31547977818606,112.51751703942004,,"rgba(239, 83, 80, 1.0)",7.686237368952913,108.87745373497955,-1.8093968566669638,33.642316311230275,-13.245116373216923,False,True,False,True,False,0.0,0.0,0.0,0.0,0.0,0,0.7835874511056118,0.9701844016923442,False,False,False,False,-0.34282825441539394,-0.3373007655203081,False,False,False,False,-798675.0,-337845.2905183757,False,False,False,False,26783.671670298383,False,False,False,False
2025-01-13 17:00:00+00:00,95.73,97.79,95.73,97.725,45075.0,,,,110.36137810932951,112.11519570645753,113.15279518935738,113.6609069955242,,,110.36137810932951,112.11519570645753,112.32256900016716,,"rgba(239, 83, 80, 0.5)",7.681462055253707,108.75370620180021,-1.4357561259131881,37.8772093566408,-15.581417709614293,False,False,False,True,True,0.0,0.0,0.0,0.0,0.0,0,0.785998567221205,0.963304943086842,False,False,False,False,-0.3047575332361405,-0.3210291493782243,False,False,False,False,-753600.0,-344291.09996770317,False,False,False,False,27067.258156030188,False,False,False,False
2025-01-14 17:00:00+00:00,97.52,98.215,97.52,97.8,19399.0,,,,110.27091103318159,112.03490580796729,113.0798020026044,113.59209651725384,,,110.27091103318159,112.03490580796729,112.24442884025177,,"rgba(239, 83, 80, 0.5)",7.697023395062552,108.69758629525161,-1.4158182632317504,40.84749825651648,-12.991290857525442,True,False,False,True,True,0.0,0.0,0.0,0.0,0.0,0,0.7949978923703807,0.9609586703867999,False,False,False,False,-0.27621188100715566,-0.29862051519268995,False,False,False,False,-734201.0,-350336.2146968861,False,False,False,False,26948.370432680884,False,False,False,False
2025-01-15 17:00:00+00:00,98.17,98.985,98.17,98.5,18931.0,,,,110.18882804666798,111.9612780823671,113.01251091578588,113.528508551561,,,110.18882804666798,111.9612780823671,112.17278139909548,,"rgba(239, 83, 80, 0.5)",7.703676449451512,108.64997578284189,-1.317549594591885,44.237119219262155,-10.030384137076226,True,False,False,True,True,0.0,0.0,0.0,0.0,0.0,0,0.8018588334912601,0.9456664180157655,False,False,False,False,-0.2597285431118238,-0.2791745291522569,False,False,False,False,-715270.0,-355994.1028411204,False,False,False,False,26824.070115895134,False,False,False,False
2025-01-16 17:00:00+00:00,99.12,100.36,98.67,100.11,21510.0,,,,110.10611912281398,111.88575304975035,112.94288679780274,113.46246100609363,,,110.10611912281398,111.88575304975035,112.09930499411517,,#000000,7.694932790977034,108.61138695142226,-1.1048032753958377,49.2814488959105,-5.594164408908917,True,False,False,False,True,0.0,0.0,0.0,0.0,0.0,0,0.8000281197903066,0.9413903227750212,False,False,False,False,-0.23543325936619952,-0.25730389425922817,False,False,False,False,-693760.0,-361230.78341722704,False,False,False,False,26741.681431927766,False,False,False,False
2025-01-17 17:00:00+00:00,102.17,102.74,101.705,101.87,17380.0,,,,110.0553994852881,111.83726319202991,112.89723523117529,113.41875747662898,,,110.0553994852881,111.83726319202991,112.05216384628056,,"rgba(38, 166, 154, 1.0)",7.668039555885619,108.60813764199904,-0.8787301621086658,54.99236721194001,-0.6485037593174496,True,False,True,False,True,0.0,0.0,0.0,0.0,0.0,0,0.8115510749423052,0.9348556621725572,False,False,False,False,-0.17274963643204214,-0.21502676534563514,False,False,False,False,-676380.0,-366116.8177828514,False,False,False,False,26596.539084145938,False,False,False,False
2025-01-20 17:00:00+00:00,101.87,101.87,101.87,101.87,0.0,,,,110.0553994852881,111.83726319202991,112.89723523117529,113.41875747662898,,,110.0553994852881,111.83726319202991,112.05216384628056,,"rgba(38, 166, 154, 1.0)",7.654802315310456,108.60813764199904,-0.8802497261780369,58.799646089293006,2.5139171626302073,True,False,True,False,True,0.0,0.0,0.0,0.0,0.0,0,0.818279792746114,0.9331398963730566,False,False,False,False,-0.18082495389436462,-0.19792585961999987,False,False,False,False,-676380.0,-370927.09967769095,False,False,False,False,26184.189640980883,False,False,False,False
2025-01-21 17:00:00+00:00,102.685,103.325,102.44,102.805,25383.0,,,102.85666666666667,109.98936475262465,111.77270612731118,112.83584503259446,113.3597313243416,,,109.98936475262465,111.77270612731118,110.1628627807077,,"rgba(38, 166, 154, 1.0)",7.6280946087706685,107.95794975779268,-0.6755225285050719,62.506610844648854,5.688905508057559,True,False,True,False,True,0.0,0.0,0.0,0.0,0.0,0,0.8214678937200074,0.9242370733531375,False,False,False,False,-0.15768883178474172,-0.17780734570237078,False,False,False,False,-650997.0,-375269.26867493603,False,False,False,False,26171.768096159474,False,False,False,False
2025-01-22 17:00:00+00:00,101.05,101.24,100.56,100.675,11049.0,,,102.24050820707072,109.95291722398997,111.73855658253491,112.80396344091396,113.32931305935803,,,109.95291722398997,111.73855658253491,110.01305170277351,,"rgba(38, 166, 154, 1.0)",7.609445929918687,107.90144431414441,-0.9496676079570535,60.05827266040279,5.688905508057559,True,False,True,False,True,0.0,0.0,0.0,0.0,0.0,0,0.8110461474211733,0.9325746502401333,False,False,False,False,-0.20317070979756124,-0.190489027749966,False,False,False,False,-662046.0,-379715.4195481928,False,False,False,False,25937.306575288785,False,False,False,False
2025-01-23 17:00:00+00:00,99.43,100.39,99.35,100.34,49131.0,,,100.9693016257027,109.78042468037425,111.5783284093063,112.65491000089516,113.18729982351171,,,109.78042468037425,111.5783284093063,109.63405290795802,,"rgba(38, 166, 154, 0.75)",7.580418718972626,107.71128920863707,-0.9724118788039846,57.764045203823954,5.688905508057559,True,False,True,False,False,0.0,0.0,0.0,0.0,0.0,0,0.8100023027486445,0.9324666624798505,False,False,False,False,-0.2271203819806919,-0.20880470486532896,False,False,False,False,-711177.0,-384854.3587800038,False,False,False,False,26296.89872140834,False,False,False,False
2025-01-24 17:00:00+00:00,101.7,102.16,101.17,101.605,36074.0,,,101.16969413089768,109.67793082788957,111.4795403027994,112.56140787767201,113.09752988921656,,,109.67793082788957,111.4795403027994,109.59722060569507,,"rgba(38, 166, 154, 0.75)",7.486937686325062,107.67518680720997,-0.8107703124465959,58.30509987998903,5.688905508057559,True,False,True,False,False,0.0,0.0,0.0,0.0,0.0,0,0.81261902270587,0.9342052945484981,False,False,False,False,-0.18553192361743925,-0.1971683142413841,False,False,False,False,-675103.0,-389354.33771364717,False,False,False,False,26448.4816869679,False,False,False,False
2025-01-27 17:00:00+00:00,102.445,102.445,101.68,102.13,66076.0,,,101.49188678993997,109.50666590144672,111.3114685168579,112.40093714525213,112.94285070766881,,,109.50666590144672,111.3114685168579,109.5307618122331,,"rgba(38, 166, 154, 0.75)",7.3259856127482035,107.61380129635069,-0.7485410955227836,59.45538348871448,5.688905508057559,True,False,True,False,False,0.0,0.0,0.0,0.0,0.0,0,0.8145019953968622,0.9360628391646779,False,False,False,False,-0.17641220276994676,-0.18679025850566544,False,False,False,False,-609027.0,-392760.1154235131,False,False,False,False,27062.86181585212,False,False,False,False
2025-01-28 17:00:00+00:00,97.805,97.945,96.06,97.12,70454.0,,,100.27741782773683,109.21391930328673,111.04435696222845,112.15411720693686,112.70822250872658,,,109.21391930328673,111.04435696222845,109.07960676178308,,#000000,7.180489978638553,107.27370430944211,-1.4140684465334055,52.295768077111646,9.436258426142587,True,False,False,False,False,0.0,0.0,0.0,0.0,0.0,0,0.8148976180526535,0.9264103635603842,False,False,False,False,-0.29526492654326936,-0.2410275925244674,False,False,False,False,-679481.0,-397205.4004557067,False,False,False,False,27735.59264041255,False,False,False,False
2025-01-29 17:00:00+00:00,97.0,97.22,95.48,95.78,40833.0,,,99.71512176700112,109.03862224057308,110.88461307166901,112.00652974817085,112.56790575480262,,,109.03862224057308,110.88461307166901,108.84255851644335,,"rgba(239, 83, 80, 0.5)",6.993854917254062,107.0785858504675,-1.6155018918956316,46.20829750080927,3.8467325719679266,True,False,False,True,False,0.0,0.0,0.0,0.0,0.0,0,0.8214532871972319,0.9271259305861377,False,False,False,False,-0.31112880067482973,-0.27607819659964855,False,False,False,False,-720314.0,-402214.8361075562,False,False,False,False,27938.653219630956,False,False,False,False
2025-01-30 17:00:00+00:00,97.285,97.625,95.045,95.88,42553.0,,,99.27510749917779,108.86120373448499,110.72200659055291,111.85581840506654,112.42439269441547,,,108.86120373448499,110.72200659055291,108.62770578473956,,"rgba(239, 83, 80, 0.5)",6.825591565953848,106.89241474749238,-1.6134007786845133,42.34000966345124,0.37842073766108797,False,False,False,True,False,0.0,0.0,0.0,0.0,0.0,0,0.822836041975257,0.9256044896000664,False,False,False,False,-0.3114952494982511,-0.2937867230489498,False,False,False,False,-677761.0,-406486.86965627625,False,False,False,False,28165.232239481636,False,False,False,False
2025-01-31 17:00:00+00:00,97.255,98.01,96.19,97.72,40092.0,,,99.06832179556046,108.71288827548507,110.58364690787508,111.72641758813832,112.30065528238686,,,108.71288827548507,110.58364690787508,108.47838596988916,,"rgba(239, 83, 80, 0.5)",6.586925898534745,106.7554972811487,-1.3717320371189607,43.06896674311437,0.37842073766108797,False,False,False,True,False,0.0,0.0,0.0,0.0,0.0,0,0.8234226247018344,0.9345829903109364,False,False,False,False,-0.29290699451392965,-0.29334685878143973,False,False,False,False,-637669.0,-410071.0887313727,False,False,False,False,28350.143367551686,False,False,False,False
2025-02-03 17:00:00+00:00,95.925,96.21,94.525,94.645,27143.0,,,98.80660093985149,108.59583735013565,110.47646764895651,111.62706165413933,112.2060128433093,,,108.59583735013565,110.47646764895651,108.34239608727846,,"rgba(239, 83, 80, 0.5)",6.449274931660067,106.63275074441239,-1.8587749586489877,40.260456257279834,-1.7300678117741626,False,False,False,True,False,0.0,0.0,0.0,0.0,0.0,0,0.818901293712935,0.927653377793723,False,False,False,False,-0.3353081620758527,-0.3143275104286462,False,False,False,False,-664812.0,-414020.56022390956,False,False,False,False,28331.42796650437,False,False,False,False
2025-02-04 17:00:00+00:00,94.59,94.81,94.09,94.47,17425.0,,,98.62876121016177,108.5180659998613,110.40547241305525,111.5613379682035,112.143441089133,,,108.5180659998613,110.40547241305525,108.25141573608298,,"rgba(239, 83, 80, 1.0)",6.347183687728005,105.48094841811499,-1.7347770223515302,38.22630687281286,-3.904399887169575,False,True,False,True,False,0.0,0.0,0.0,0.0,0.0,0,0.8161291687828002,0.9312679871339085,True,False,False,False,-0.34282825441539394,-0.3285778824220201,False,False,False,False,-682237.0,-418178.9546390427,False,False,False,False,28162.336060046935,True,False,False,False
2025-02-05 17:00:00+00:00,95.815,97.33,95.75,97.04,34971.0,,,98.4830112095534,108.38910321659372,110.2847064824233,111.4480936514075,112.03499199112973,,,108.38910321659372,110.2847064824233,108.12798131022153,,"rgba(239, 83, 80, 0.5)",6.1202870987532725,105.46441666218959,-1.3764740977438255,40.99591137828897,-3.904399887169575,False,False,False,True,False,0.0,0.0,0.0,0.0,0.0,0,0.815681255507532,0.9252444295245683,False,False,False,False,-0.2926018283440122,-0.31058985538301614,False,False,False,False,-647266.0,-421730.69177642185,False,False,False,False,28267.896741286517,False,False,False,False
2025-02-06 17:00:00+00:00,96.89,96.96,96.06,96.575,30614.0,,,98.3615417000476,108.2768407629937,110.17938094746117,111.34920613059477,111.94022796507544,,,108.2768407629937,110.17938094746117,108.02143950123454,,"rgba(239, 83, 80, 0.5)",5.991806340012224,105.38173283140281,-1.4697959733099193,42.27065073734423,-3.904399887169575,False,False,False,True,True,0.0,0.0,0.0,0.0,0.0,0,0.8216730038022813,0.9251795521757493,False,False,False,False,-0.29331217894502715,-0.3019510171640216,False,False,False,False,-677880.0,-425701.99888066336,False,False,False,False,28304.27043522006,False,False,False,False
2025-02-07 17:00:00+00:00,95.38,96.285,95.38,95.95,16425.0,,,98.2810726984021,108.2141459763547,110.12083326108429,111.29435040857189,111.88770381773692,,,108.2141459763547,110.12083326108429,107.95962123242998,,"rgba(239, 83, 80, 0.5)",5.947937065346919,105.32306384426506,-1.5758512138390237,42.33186918182244,-3.904399887169575,False,False,False,True,True,0.0,0.0,0.0,0.0,0.0,0,0.8151524811390923,0.9315906917437036,False,False,False,False,-0.30943266533540453,-0.30569184124971305,False,False,False,False,-694305.0,-429866.38649491663,False,False,False,False,28120.09569979029,False,False,False,False
2025-02-10 17:00:00+00:00,94.96,96.11,94.77,95.5,28807.0,,,98.12974662495579,108.10208870249039,110.01636483174657,111.19653175234608,111.79406220673074,,,108.10208870249039,110.01636483174657,107.8477588236539,,"rgba(239, 83, 80, 0.5)",5.910338782380991,105.21293618012835,-1.6433806145060736,41.79243549427085,-3.904399887169575,False,False,False,True,True,0.0,0.0,0.0,0.0,0.0,0,0.8130138295838378,0.9343147876702137,False,False,False,False,-0.31884315806749824,-0.3122674996586057,False,False,False,False,-723112.0,-434412.8301151504,False,False,False,False,28130.745378863307,False,False,False,False
2025-02-11 17:00:00+00:00,95.18,95.4,94.84,94.955,32460.0,,,97.9550610721874,107.97428561031015,109.89727228486596,111.08501634409382,111.68729607474201,,,107.97428561031015,109.89727228486596,107.71978627723986,,"rgba(239, 83, 80, 0.5)",5.894074446134082,105.08554970455508,-1.7187685356094708,40.71475881960335,-3.904399887169575,False,False,False,True,True,0.0,0.0,0.0,0.0,0.0,0,0.8112411073969314,0.9459158309762573,False,False,False,False,-0.3265559729105507,-0.3194117362845782,False,False,False,False,-755572.0,-439392.04205134965,False,False,False,False,28197.865605547595,False,False,False,False
2025-02-12 17:00:00+00:00,94.225,95.3,94.12,95.18,38851.0,,,97.75782430687175,107.82227557601549,109.75532956353392,110.95192767867283,111.55978349503509,,,107.82227557601549,109.75532956353392,107.5694281240258,,"rgba(239, 83, 80, 0.5)",5.824061075779386,104.93724698446364,-1.675333904900354,40.48751933232388,-4.033663652958182,False,False,False,True,True,0.0,0.0,0.0,0.0,0.0,0,0.8121412046953989,0.942935481107017,False,False,False,False,-0.3364932955077092,-0.3279525158961437,False,False,False,False,-716721.0,-443691.71581799537,False,False,False,False,28363.030479880188,False,False,False,False
2025-02-13 17:00:00+00:00,95.1,95.85,95.09,95.77,100709.0,,,97.44707951014269,107.46469985802234,109.4163770314413,110.63154428654944,111.25162932064985,,,107.46469985802234,109.4163770314413,107.24226600136112,,"rgba(239, 83, 80, 0.5)",5.779259475926318,104.63475296415321,-1.5338908040172987,41.65688761573075,-4.033663652958182,False,False,False,True,True,0.0,0.0,0.0,0.0,0.0,0,0.8137519838716596,0.9440869900913649,False,False,False,False,-0.31812197247652263,-0.3230372441863332,False,False,False,False,-616012.0,-446363.34813089465,False,False,False,False,29484.67341817662,False,False,False,False
2025-02-14 17:00:00+00:00,95.73,95.75,94.83,94.84,30371.0,,,97.35231845818103,107.35717402118284,109.31423840951699,110.53484453774057,111.15853161400709,,,107.35717402118284,109.31423840951699,107.1434214081257,,"rgba(239, 83, 80, 0.5)",5.753773754190234,104.54077723129402,-1.685985171771716,40.89825747939742,-4.471226513962215,False,False,False,True,True,0.0,0.0,0.0,0.0,0.0,1,0.8154255205094666,0.9441645045779096,False,False,False,False,-0.3224539205097227,-0.32274558234802797,False,False,False,False,-646383.0,-449464.4280048342,False,False,False,False,29498.41491556923,False,False,False,False
2025-02-17 17:00:00+00:00,94.84,94.84,94.84,94.84,0.0,,,97.35231845818103,107.35717402118284,109.31423840951699,110.53484453774057,111.15853161400709,,,107.35717402118284,109.31423840951699,107.1434214081257,,"rgba(239, 83, 80, 0.5)",5.670922976500322,104.54077723129402,-1.7106169968262592,40.392504055175195,-5.372533344748604,False,False,False,True,True,0.0,0.0,0.0,0.0,0.0,0,0.8155811093611788,0.9506375266984526,False,False,False,False,-0.3333355800075342,-0.3280405811777811,False,False,False,False,-646383.0,-452517.4291210383,False,False,False,False,29041.075149436372,False,False,False,False
2025-02-18 17:00:00+00:00,95.02,96.0,94.78,95.7,63752.0,,,97.20476118262609,107.14381303549332,109.10974960917592,110.34030705367788,110.97080140655589,,,107.14381303549332,109.10974960917592,106.95388645750582,,"rgba(239, 83, 80, 0.5)",5.539857789178176,104.36470551875844,-1.5640664162326496,42.264607537469736,-5.372533344748604,False,False,False,True,True,0.0,0.0,0.0,0.0,0.0,0,0.8077424683736903,0.9546363517802018,False,False,False,False,-0.3200458478824491,-0.3240432145301151,False,False,False,False,-582631.0,-454534.69378582836,False,False,False,False,29579.229023088523,False,False,False,False
2025-02-19 17:00:00+00:00,95.08,95.78,94.82,95.24,47613.0,,,97.09704472491713,106.98657725852517,108.9586002076917,110.19622743430484,110.83161224600445,,,106.98657725852517,108.9586002076917,106.81401237428865,,"rgba(239, 83, 80, 0.5)",5.42779555819997,104.23346864558106,-1.6569284065967254,42.56595785704687,-5.372533344748604,False,False,False,True,True,0.0,0.0,0.0,0.0,0.0,0,0.7985406577995923,0.9613471525297451,False,False,False,False,-0.32221295091175073,-0.3231280827209329,False,False,False,False,-630244.0,-457258.86907597055,False,False,False,False,29858.822371567767,False,False,False,False
2025-02-20 17:00:00+00:00,95.03,96.1,95.03,95.525,70271.0,,,96.97914185730815,106.76719703222183,108.74577515341655,109.99233245567578,110.63415015305837,,,106.76719703222183,108.74577515341655,106.62371933033614,,"rgba(239, 83, 80, 0.5)",5.272377982901853,104.05796377009872,-1.6184279271650925,43.548327188928646,-5.372533344748604,False,False,False,True,True,0.0,0.0,0.0,0.0,0.0,0,0.7954560392612228,0.9641566067085857,False,False,False,False,-0.31584032493385766,-0.3194842038273953,False,False,False,False,-559973.0,-458851.3362220795,False,False,False,False,30485.367761155863,False,False,False,False
2025-02-21 17:00:00+00:00,95.045,96.06,94.9,95.54,112751.0,,,96.81782106703244,106.43071825607454,108.41677828079683,109.6756546886521,110.32671665611498,,,106.43071825607454,108.41677828079683,106.3335377897342,,"rgba(239, 83, 80, 0.5)",5.089933029346925,103.79068355405067,-1.620980768603411,44.2474944009697,-5.372533344748604,False,False,False,True,True,0.0,0.0,0.0,0.0,0.0,0,0.7997235447703887,0.9615595585492678,False,False,False,False,-0.31788164844817296,-0.31868292613778415,False,False,False,False,-447222.0,-458671.03643569065,False,False,False,False,31760.80391989763,False,False,False,False
2025-02-24 17:00:00+00:00,96.69,97.53,96.66,97.18,53802.0,,,96.83293417830534,106.29994998134576,108.28449594817589,109.546122879465,110.19996112288796,,,106.29994998134576,108.28449594817589,106.232692822036,,#000000,4.956886281083828,103.70763820593116,-1.3168827840254347,48.89150093659757,-4.575470049770566,True,False,False,False,True,0.0,0.0,0.0,0.0,0.0,0,0.8092160042070203,0.9534598361014939,False,False,False,False,-0.2795111870303735,-0.2990970565840788,False,False,False,False,-393420.0,-457659.3924599435,False,False,False,False,32102.527890131772,False,False,False,False
2025-02-25 17:00:00+00:00,100.72,101.52,100.66,100.99,52109.0,,,97.02604710898038,106.22955812741999,108.20341880373158,109.46211355178283,110.11572870886626,,,106.22955812741999,108.20341880373158,106.20737326015622,,"rgba(38, 166, 154, 1.0)",4.876493720800061,103.71391108448813,-0.5585798404434813,57.22958083018439,2.942862676121699,True,False,True,False,True,0.0,0.0,0.0,0.0,0.0,0,0.8199956578376032,0.9458532349109853,False,False,False,False,-0.1877071354814626,-0.2434020960327707,False,False,False,False,-341311.0,-455855.5414140529,False,False,False,False,32412.705752300273,False,False,False,False
2025-02-26 17:00:00+00:00,99.92,99.92,98.95,99.07,24412.0,,,97.07401184087817,106.18633104736583,108.15694472056843,109.41528147752871,110.06930745018147,,,106.18633104736583,108.15694472056843,106.18037530730453,,"rgba(38, 166, 154, 1.0)",4.778896252000116,103.69789318113718,-0.968402103142596,58.45924895146126,3.696394524108875,True,False,True,False,True,0.0,0.0,0.0,0.0,0.0,0,0.8108922916757039,0.9545178501713437,False,False,False,False,-0.2252761963550495,-0.2343391461939101,False,False,False,False,-365723.0,-454458.13767119934,False,False,False,False,32288.663802652205,False,False,False,False
2025-02-27 17:00:00+00:00,100.9,101.78,100.67,100.94,30087.0,,,97.17619797083393,106.14767964507979,108.11196074630698,109.3684271856692,110.02221165228005,,,106.14767964507979,108.11196074630698,106.16529544003399,,"rgba(38, 166, 154, 1.0)",4.692214049324479,103.6997653497026,-0.5881584515736059,61.38233908868265,6.212962609796811,True,False,True,False,True,0.0,0.0,0.0,0.0,0.0,0,0.8059723889555822,0.9465143200137194,False,False,False,False,-0.18466693025745654,-0.20950303822568334,False,False,False,False,-335636.0,-452615.9339863745,False,False,False,False,32254.529480130463,False,False,False,False
2025-02-28 17:00:00+00:00,101.2,102.54,100.22,102.24,34273.0,,,97.30147510645175,106.10899720519194,108.06529999325468,109.31913062291895,109.97236594958868,,,106.10899720519194,108.06529999325468,106.1534537754812,,"rgba(38, 166, 154, 1.0)",4.658275917387874,103.70774995673534,-0.31508437515620297,64.55579524658347,9.015674098081575,True,False,True,False,True,0.0,0.0,0.0,0.0,0.0,0,0.8092988456605384,0.9434159897392042,False,False,False,False,-0.1811804784519994,-0.19534175833884138,False,False,False,False,-301363.0,-450270.9272579036,False,False,False,False,32285.823596717586,False,False,False,False
2025-03-03 17:00:00+00:00,102.12,102.37,100.9,101.525,31408.0,,,97.40859140957596,106.07359387277556,108.02267875616137,109.27410735954592,109.9268348674438,,,106.07359387277556,108.02267875616137,106.14116125310052,,"rgba(38, 166, 154, 1.0)",4.625619479330403,103.71282123909286,-0.47297907855783256,65.13825128819406,9.524212792916906,True,False,True,False,True,0.0,0.0,0.0,0.0,0.0,0,0.8174956164735063,0.9413248941538718,False,False,False,False,-0.17545412815801834,-0.18539794324842984,False,False,False,False,-332771.0,-448449.2229593314,False,False,False,False,32272.21392855142,False,False,False,False
2025-03-04 17:00:00+00:00,100.34,101.69,100.24,100.51,23015.0,,,97.46967121334711,106.04351296214668,107.98802904546261,109.23810725412665,109.89066870717197,,,106.04351296214668,107.98802904546261,106.125997836451,,"rgba(38, 166, 154, 1.0)",4.5999400094004885,103.70887156083168,-0.695415930271792,63.45180730759799,9.524212792916906,True,False,True,False,True,0.0,0.0,0.0,0.0,0.0,0,0.81345735375688,0.9439774715193917,False,False,False,False,-0.19052520045321542,-0.18796157185082263,False,False,False,False,-355786.0,-447012.58384368283,False,False,False,False,32128.69123198473,False,False,False,False
2025-03-05 17:00:00+00:00,99.885,102.33,99.82,102.295,18996.0,,,97.52820971879777,106.0220825491797,107.96232071943595,109.21096257000738,109.86321553115849,,,106.0220825491797,107.96232071943595,106.11735821771586,,"rgba(38, 166, 154, 1.0)",4.581933904619269,103.71010755383092,-0.3088450386428061,64.4118729570423,9.524212792916906,True,False,True,False,True,0.0,0.0,0.0,0.0,0.0,0,0.8161911645903313,0.9376674178323903,False,False,False,False,-0.18804514687602614,-0.18800335936342438,False,False,False,False,-336790.0,-445303.7065747885,False,False,False,False,31925.083615984964,False,False,False,False
2025-03-06 17:00:00+00:00,99.51,100.58,99.02,99.7,27357.0,,,97.57427831654589,105.98004628720986,107.91594814797348,109.16360222254934,109.8159667877602,,,105.98004628720986,107.91594814797348,106.08996835240775,,"rgba(38, 166, 154, 0.75)",4.5337030188419165,103.6937662683379,-0.8809060169446334,60.54277379310787,9.524212792916906,True,False,True,False,False,0.0,0.0,0.0,0.0,0.0,0,0.8027267137374637,0.9418612047579664,False,False,False,False,-0.2169402227557872,-0.20247179105960578,False,False,False,False,-364147.0,-444045.46306200104,False,False,False,False,31854.260614186747,False,False,False,False
2025-03-07 17:00:00+00:00,101.04,103.13,100.73,102.55,25622.0,,,97.66055661263272,105.95600814240952,107.88548319123721,109.13075332040742,109.7824560339497,,,105.95600814240952,107.88548319123721,106.08305146012731,,"rgba(38, 166, 154, 0.75)",4.442611337433053,103.70064802733467,-0.2590026315467682,61.12955877718386,9.524212792916906,True,False,True,False,False,0.0,0.0,0.0,0.0,0.0,0,0.8068409191432002,0.9360138166347223,False,False,False,False,-0.1688436823958791,-0.18565773672774244,False,False,False,True,-338525.0,-442409.48689049715,False,False,False,False,31757.63641861796,False,False,False,True
2025-03-10 17:00:00+00:00,105.16,105.16,101.69,102.19,39867.0,,103.0133333333333,97.813557674843,105.9276469504858,107.84584623748093,109.08657835471834,109.73680436872169,,103.0133333333333,105.9276469504858,107.84584623748093,105.57062781993051,,"rgba(38, 166, 154, 0.75)",4.22292490967883,103.37663362588725,-0.2809980407578457,60.9433049115036,9.524212792916906,True,False,True,False,False,0.0,-1.0,105.16,101.69,0.0,0,0.8123967805999791,0.9307201839657148,False,False,False,False,-0.13555472898371015,-0.16060623285572628,False,False,False,False,-378392.0,-441416.9677139003,False,False,False,False,31883.362985771168,False,False,False,False
2025-03-11 17:00:00+00:00,99.11,100.28,98.82,99.23,20188.0,,101.81324741209446,97.8368108290269,105.89615413043573,107.81137291849357,109.05144450957468,109.70177073460324,,101.81324741209446,105.89615413043573,107.81137291849357,105.3518000890381,,"rgba(38, 166, 154, 0.75)",3.9917356630414185,103.28840044290581,-1.0167007000191979,56.6886396462356,11.907870703178546,True,False,True,False,False,0.0,0.0,0.0,0.0,0.0,0,0.798865501693436,0.9482203337004173,False,False,False,False,-0.22264652228327161,-0.19162637756949896,False,False,False,False,-398580.0,-440752.8286795763,False,False,False,False,31702.03952862743,False,False,False,False
2025-03-12 17:00:00+00:00,97.94,98.92,97.785,98.505,31815.0,,100.63237861470917,97.84926896025299,105.83924000042654,107.75093455199433,108.99065519748814,109.64149296538152,,100.63237861470917,105.83924000042654,107.75093455199433,105.11732838170879,,#000000,3.792053637909918,103.18251396595697,-1.2335041675557894,52.99519448062064,8.404278666685748,False,False,False,False,False,0.0,0.0,0.0,0.0,0.0,0,0.7893953059127043,0.9649097048891494,False,False,False,False,-0.25018560617481367,-0.22090599187215632,False,False,False,False,-430395.0,-440592.2421884201,False,False,False,False,31703.79085376499,False,False,False,False
2025-03-13 17:00:00+00:00,97.78,97.78,96.53,96.65,20524.0,,99.96664385999252,97.83720308783876,105.79607303909,107.70650907890963,108.94660845492216,109.59808864868192,,99.96664385999252,105.79607303909,107.70650907890963,104.97518769490584,,"rgba(239, 83, 80, 1.0)",3.586985892470972,103.1106280365325,-1.8011300379221609,48.50863475330733,4.271517547299339,False,True,False,True,False,0.0,0.0,0.0,0.0,0.0,0,0.7780055645043198,0.9656716105683738,False,False,False,False,-0.278101632919029,-0.24950381239559266,False,False,False,False,-450919.0,-440752.34696069267,False,False,False,False,31530.46076300894,False,False,False,False
2025-03-14 17:00:00+00:00,98.455,99.35,98.455,99.31,13264.0,,99.86865478786335,97.84796383476288,105.77484404300208,107.68345058385601,108.9231677789496,109.57473356102939,,99.86865478786335,105.77484404300208,107.68345058385601,104.94546909824389,,#000000,3.352173495530485,103.09421106735007,-1.1288828195782914,49.08135765388208,4.271517547299339,False,True,False,False,False,0.0,0.0,0.0,0.0,0.0,0,0.782758189547387,0.9557597732766521,False,False,False,False,-0.2374933829187809,-0.2434985976571868,False,False,False,False,-437655.0,-440704.3260775811,False,False,False,False,31247.259820946787,False,False,False,False
2025-03-17 17:00:00+00:00,100.415,100.73,99.5,99.515,23450.0,,99.87594343250082,97.88019262117322,105.74247893626332,107.6470868635074,108.88564765991478,109.53710944779232,,99.87594343250082,105.74247893626332,107.6470868635074,104.9280764935253,,#000000,3.1203420608275394,103.08332847100823,-1.1435696476372466,49.71368074828688,4.271517547299339,False,True,False,False,False,0.0,0.0,0.0,0.0,0.0,0,0.7849289297658862,0.9526546822742471,False,False,False,False,-0.20976999132075697,-0.22663429448897188,False,False,False,False,-414205.0,-440293.48381281237,False,False,False,False,31126.37207178482,False,False,False,False
2025-03-18 17:00:00+00:00,97.93,98.545,97.88,98.41,28876.0,,99.61674828448997,97.88769272796898,105.69205676389443,107.59339434302184,108.83152169929366,109.48336810423383,,99.61674828448997,105.69205676389443,107.59339434302184,104.85079698715045,,#000000,2.9438202152054544,103.03768415975836,-1.5719995860669045,48.709869731593415,4.177086639536732,False,True,False,False,False,0.0,0.0,0.0,0.0,0.0,0,0.7895937545783713,0.9512128759496845,False,False,False,False,-0.25342884819941874,-0.2400315713441953,False,False,False,False,-443081.0,-440336.7011180401,False,False,False,False,31091.48258229978,False,False,False,False
2025-03-19 17:00:00+00:00,97.35,98.29,97.025,97.645,38399.0,,99.26832363602192,97.88196541506923,105.62048733634747,107.51821358903051,108.75618310310398,109.40875101855016,,99.26832363602192,105.62048733634747,107.51821358903051,104.74232068302054,,"rgba(239, 83, 80, 1.0)",2.8648373725508334,102.96958268400462,-1.858598583996986,47.08601218964751,2.3602965284128885,False,True,False,True,False,0.0,0.0,0.0,0.0,0.0,0,0.7900302114803627,0.9465214837193685,False,False,False,False,-0.2663382298879724,-0.25318490061608384,False,False,False,False,-481480.0,-440974.58172086114,False,False,False,False,31204.777425985052,False,False,False,False
2025-03-20 17:00:00+00:00,97.2,97.56,96.87,96.95,15974.0,,99.12108973117516,97.8743641092811,105.58914496945464,107.48562036779055,108.72366796736618,109.37660848887934,,99.12108973117516,105.58914496945464,107.48562036779055,104.69508260565783,,"rgba(239, 83, 80, 1.0)",2.770066075575781,102.93868358908536,-2.1619280644201084,45.1415838391358,0.27586279512784273,False,True,False,True,False,0.0,0.0,0.0,0.0,0.0,0,0.7847906986523139,0.9529676429157116,False,False,False,False,-0.2766931554391075,-0.26493902802759567,False,False,False,False,-497454.0,-441850.23161666177,False,False,False,False,30968.641341861254,False,False,False,False
2025-03-21 17:00:00+00:00,96.98,97.06,95.98,96.26,25667.0,,98.85372451141497,97.85143234735331,105.53517904728923,107.43019897560211,108.66870092534656,109.32240949828292,,98.85372451141497,105.53517904728923,107.43019897560211,104.61027421754818,,"rgba(239, 83, 80, 1.0)",2.7209875409841384,102.88189413809326,-2.4336363317923237,42.995443660796376,-1.9506379685922468,False,True,False,True,False,0.0,0.0,0.0,0.0,0.0,0,0.7770098371777479,0.9595488466757122,False,False,False,False,-0.29245365254045436,-0.278696340284025,False,False,False,False,-523121.0,-443110.24352958176,False,False,False,False,30886.445352064955,False,False,False,False
2025-03-24 17:00:00+00:00,97.34,97.75,96.89,97.585,13448.0,,98.78212368126363,97.84776846489393,105.5101589936316,107.40393763328055,108.642376594487,109.29632766025544,,98.78212368126363,105.5101589936316,107.40393763328055,104.58044883796869,,"rgba(239, 83, 80, 1.0)",2.5587511910403338,102.86075229816004,-2.0618465432018165,43.97138255891125,-1.9506379685922468,False,True,False,True,False,0.0,0.0,0.0,0.0,0.0,0,0.7809560132214595,0.9533858801593353,False,False,False,False,-0.268727614588325,-0.27371197743617504,False,False,False,False,-509673.0,-444142.22425005335,False,False,False,False,30616.08185823449,False,False,False,False
2025-03-25 17:00:00+00:00,96.255,96.64,95.13,95.98,18901.0,,98.5956049517919,97.82558369730779,105.46882618948298,107.36178586999029,108.60070028651865,109.25528686102692,,98.5956049517919,105.46882618948298,107.36178586999029,104.51796464268641,,"rgba(239, 83, 80, 1.0)",2.483244033098752,102.81711279752948,-2.753298792385572,42.50473377376646,-2.746429503382693,False,True,False,True,False,0.0,0.0,0.0,0.0,0.0,0,0.7772608501688866,0.9506086291504682,False,False,False,False,-0.30537116817407306,-0.28954157280512405,False,False,False,False,-528574.0,-445451.2440291223,False,False,False,False,30434.45268213783,False,False,False,False
2025-03-26 17:00:00+00:00,96.36,96.375,95.54,96.13,22592.0,,98.40931885887133,97.801058345035,105.42039056876591,107.31223617488398,108.55162557318468,109.20691992196387,,98.40931885887133,105.42039056876591,107.31223617488398,104.4502582404508,,"rgba(239, 83, 80, 1.0)",2.431916007690451,102.76838811522157,-2.729694649909368,41.815693546020455,-3.6519355152546495,False,True,False,True,False,0.0,0.0,0.0,0.0,0.0,0,0.7802807913209956,0.9511167836630502,False,False,False,False,-0.3035014033576704,-0.2965214880813972,False,False,False,False,-505982.0,-446389.7053620041,False,False,False,False,30312.864268461275,False,False,False,False
2025-03-27 17:00:00+00:00,95.72,96.4,95.43,95.69,11212.0,,98.32045628365573,97.78796333497314,105.39609282065618,107.28742745035412,108.52707451100366,109.1827305643574,,98.32045628365573,105.39609282065618,107.28742745035412,104.4169574941667,,"rgba(239, 83, 80, 1.0)",2.3956372753293675,102.74401027137003,-2.94452350696547,40.74753900740535,-4.933107539397845,False,True,False,True,False,0.0,0.0,0.0,0.0,0.0,0,0.786149703823371,0.9459773828756056,False,False,False,False,-0.30459722185219235,-0.30055935496679476,False,False,False,False,-517194.0,-447487.4463641436,False,False,False,False,30016.726837942493,False,False,False,False
2025-03-28 17:00:00+00:00,95.51,95.97,95.24,95.6,19789.0,,98.16413517615112,97.7625158170258,105.35245239832996,107.2430013991668,108.48316887512814,109.13949617608283,,98.16413517615112,105.35245239832996,107.2430013991668,104.35746164031411,,"rgba(239, 83, 80, 1.0)",2.3583636390613267,102.6998937896062,-3.010516983899943,39.903047345204875,-6.002255364244128,False,True,False,True,False,0.0,0.0,0.0,0.0,0.0,0,0.790910470738741,0.9465296298705521,False,False,False,False,-0.31261194541083814,-0.30658565018881645,False,False,False,False,-536983.0,-448874.97432749014,False,False,False,False,29858.1574296023,False,False,False,False
2025-03-31 17:00:00+00:00,91.96,93.51,91.155,92.48,32027.0,,97.67158579636677,97.66295244081728,105.25957254638044,107.15210878956698,108.39512289996719,109.05358949744051,,97.67158579636677,105.25957254638044,107.15210878956698,104.19915532842317,,"rgba(239, 83, 80, 1.0)",2.417226023490798,102.58347921711677,-4.179782576776165,35.6930538095348,-10.098817382062549,False,True,False,True,False,0.0,0.0,0.0,0.0,0.0,0,0.7890829506930439,0.9458224262970432,False,False,False,False,-0.34282825441539394,-0.3247069523021052,False,False,False,False,-569010.0,-450737.53286504844,False,False,False,False,29891.782895810014,False,False,False,False
2025-04-01 17:00:00+00:00,91.57,91.575,90.07,91.165,27359.0,,97.21476234570962,97.55828848832442,105.17249186161058,107.06782959169277,108.31395039215163,108.97459809001123,,97.21476234570962,105.17249186161058,107.06782959169277,104.05032012825005,,"rgba(239, 83, 80, 1.0)",2.4928111469597627,102.47149534337254,-4.535640558716995,31.799752560743993,-13.698517486885322,False,True,False,True,False,0.0,0.0,0.0,0.0,0.0,0,0.7852779083180245,0.9504635365488955,False,False,False,False,-0.34282825441539394,-0.33376760335874955,False,False,False,False,-596369.0,-452995.3850686911,False,False,False,False,29852.514943936992,False,False,False,False
2025-04-02 17:00:00+00:00,92.47,92.82,92.04,92.34,23920.0,,96.94521714895117,97.48905441764241,105.10495748900999,107.00147829992834,108.24952156314957,108.91165515599214,,96.94521714895117,105.10495748900999,107.00147829992834,103.95031401244559,,"rgba(239, 83, 80, 1.0)",2.5742866150778516,102.39320756211059,-3.9052401947894824,31.921137625665754,-13.698517486885322,False,True,False,True,False,0.0,0.0,0.0,0.0,0.0,0,0.7944044628028787,0.9448963079674657,False,False,False,False,-0.30567189160732966,-0.3197197474830396,False,False,False,False,-572449.0,-454847.3790986338,False,False,False,False,29760.537968062,False,False,False,False
2025-04-03 17:00:00+00:00,88.11,88.54,86.03,86.195,39419.0,,96.09857914551598,97.26037609566055,104.94788565845944,106.85289771028246,108.10816827485944,108.77489361665204,,96.09857914551598,104.94788565845944,106.85289771028246,103.67380008357163,,"rgba(239, 83, 80, 1.0)",2.903420872997596,102.17870003380384,-5.505126791108895,27.853821136781125,-17.385827995195534,False,True,False,True,False,0.0,0.0,0.0,0.0,0.0,0,0.7926499842948382,0.947544759711025,False,False,False,False,-0.34282825441539394,-0.3312740009492168,False,False,False,False,-611868.0,-457281.8073296628,False,False,False,False,29910.281565456386,False,False,False,False
2025-04-04 17:00:00+00:00,82.74,83.92,81.2,81.315,43585.0,,94.90674032288409,96.90716141109947,104.73215158965776,106.65239005715311,107.91929220644644,108.59302254224716,,94.90674032288409,104.73215158965776,106.65239005715311,103.28512635491467,,"rgba(239, 83, 80, 1.0)",3.4582291763311925,101.87136025006149,-5.944186808310247,23.453801685446937,-21.383525536043145,False,True,False,True,False,0.0,0.0,0.0,0.0,0.0,0,0.7829232100902684,0.9592555954000247,False,False,False,False,-0.34282825441539394,-0.3370511276823054,False,False,False,False,-655453.0,-460354.22892145097,False,False,False,False,30122.29270397644,False,False,False,False
2025-04-07 17:00:00+00:00,79.03,80.02,77.415,77.79,55438.0,,93.28995394905083,96.37319471888082,104.4191451050272,106.36383219651887,107.64872637186419,108.33306942258164,,93.28995394905083,104.4191451050272,106.36383219651887,102.73798696065393,,"rgba(239, 83, 80, 1.0)",4.136223876308819,101.42630489471222,-5.714464594166343,19.676904141673305,-24.7317542138684,False,True,False,True,False,0.0,0.0,0.0,0.0,0.0,0,0.7727078196009701,0.9718967168680838,False,False,False,False,-0.34282825441539394,-0.3399396910488497,False,False,False,False,-710891.0,-464238.5199459246,False,False,False,False,30514.784289961302,False,False,False,False
2025-04-08 17:00:00+00:00,78.855,79.14,75.75,77.045,78612.0,,91.34049805274557,95.62366810806576,103.96966214457052,105.94895551485232,107.25938136169,107.95880414870726,,91.34049805274557,103.96966214457052,105.94895551485232,102.0168282217719,,"rgba(239, 83, 80, 1.0)",4.736343336181435,100.81468734992731,-5.018573541395979,16.999586628236834,-27.090645567532594,False,True,False,True,False,0.0,0.0,0.0,0.0,0.0,0,0.7650859023277411,0.9783578624351442,False,False,False,False,-0.34282825441539394,-0.34138397273212184,False,False,False,False,-789503.0,-469281.3801018017,False,False,False,False,31260.477556783608,False,False,False,False
2025-04-09 17:00:00+00:00,72.62,81.38,72.425,80.87,57562.0,,90.26489297200315,95.13674019432669,103.66083382359018,105.66205911108442,106.9890735805358,107.69843121966029,,90.26489297200315,103.66083382359018,105.66205911108442,101.56867181686675,,"rgba(239, 83, 80, 0.75)",5.0747596827662536,98.66910314752488,-3.5073785282818704,20.679345824788832,-27.090645567532594,False,True,False,True,True,0.0,0.0,0.0,0.0,0.0,0,0.7534006229546978,0.976185782438986,False,False,False,False,-0.34282825441539394,-0.34210611357375786,False,False,False,False,-731941.0,-473353.622270766,False,False,False,False,31668.253098538902,False,False,False,False
2025-04-10 17:00:00+00:00,74.52,76.04,73.47,74.35,49286.0,,89.23840084765094,94.6566082812654,103.36558459856595,105.38942699321339,106.73308786251985,107.45226194062349,,89.23840084765094,103.36558459856595,105.38942699321339,101.13922842063982,,"rgba(239, 83, 80, 0.75)",5.677011912286616,98.19879029702105,-4.200940682439948,20.679731883973133,-27.090645567532594,False,True,False,True,True,0.0,0.0,0.0,0.0,0.0,0,0.7390715929083773,0.9849776695087292,False,False,False,False,-0.34282825441539394,-0.3424671839945759,False,False,False,False,-781227.0,-478126.8529332347,False,False,False,False,31941.39646135225,False,False,False,False
2025-04-11 17:00:00+00:00,74.77,76.945,74.71,76.92,56274.0,,88.32912629461381,94.17606518163758,103.05376469860546,105.09954124064987,106.4597781880376,107.18887409360364,,88.32912629461381,103.05376469860546,105.09954124064987,100.717858282858,,"rgba(239, 83, 80, 0.75)",6.0957786619501935,97.821913904285,-3.428916150573936,23.436167953639945,-32.77861503888806,False,True,False,True,True,0.0,0.0,0.0,0.0,0.0,0,0.7376684649148249,0.9870448788599493,False,False,False,False,-0.3262758252189555,-0.3343715046067657,False,False,False,False,-724953.0,-481953.61490326206,False,False,False,False,32318.646128618107,False,False,False,False
2025-04-14 17:00:00+00:00,79.08,80.36,78.94,79.72,44797.0,,87.87414731874833,93.88171111042647,102.84212550077167,104.90016145512875,106.27030875348797,107.00555212105407,,87.87414731874833,102.84212550077167,104.90016145512875,100.46233437660287,,"rgba(239, 83, 80, 0.75)",6.375606074704704,97.63399341895138,-2.8097710569078864,27.957001503858542,-28.464321571967076,False,True,False,True,True,0.0,0.0,0.0,0.0,0.0,0,0.7467217842722553,0.9863487790809461,False,False,False,False,-0.2674149417506647,-0.3008932231787152,False,False,False,False,-680156.0,-485026.52009856026,False,False,False,False,32512.108979337205,False,False,False,False
2025-04-15 17:00:00+00:00,79.22,79.33,78.91,79.115,30081.0,,87.5756367449975,93.68320664531572,102.69879479941825,104.76511730281027,106.14195429419148,106.88134503185475,,87.5756367449975,102.69879479941825,104.76511730281027,100.29100913643133,,"rgba(239, 83, 80, 0.75)",6.655526395680151,97.49363442451039,-2.7614095913494188,30.640352017411683,-25.924638840046697,False,True,False,True,True,0.0,0.0,0.0,0.0,0.0,0,0.7486559916758194,0.9868007784650367,False,False,False,False,-0.2754245209082821,-0.28815887204349866,False,False,False,False,-710237.0,-488518.1554458694,False,False,False,False,32474.417367254457,False,False,False,False
2025-04-16 17:00:00+00:00,78.59,79.085,76.44,77.05,36456.0,,87.17684136897182,93.42412625001595,102.51581117972864,104.59328706393683,105.97893888068634,106.72373568368575,,87.17684136897182,102.51581117972864,104.59328706393683,100.06879007117088,,"rgba(239, 83, 80, 0.75)",6.984332499849931,97.29282091023696,-2.8983186168000885,31.309301116392746,-25.151932396910368,False,True,False,True,True,0.0,0.0,0.0,0.0,0.0,0,0.7407230298393267,0.9877199693955624,False,False,False,False,-0.29454987695016027,-0.29135437449682944,False,False,False,False,-746693.0,-492520.86621415045,False,False,False,False,32536.147330552834,False,False,False,False
2025-04-17 17:00:00+00:00,78.41,78.415,77.59,77.83,29400.0,,86.89059238275634,93.2265264748677,102.3726177940885,104.45841110634055,105.85074209060873,106.59966941903568,,86.89059238275634,102.3726177940885,104.45841110634055,99.89975987794958,,"rgba(239, 83, 80, 0.75)",7.262808598519595,97.14101621648518,-2.6588909723466236,32.61152879143661,-23.655073448579394,False,True,False,True,True,0.0,0.0,0.0,0.0,0.0,0,0.7475601321755168,0.9873780066087757,False,False,False,False,-0.2907567821413864,-0.2910555783191079,False,False,False,False,-717293.0,-496005.705497652,False,False,False,False,32487.524891319455,False,False,False,False
2025-04-18 17:00:00+00:00,77.83,77.83,77.83,77.83,0.0,,86.89059238275634,93.2265264748677,102.3726177940885,104.45841110634055,105.85074209060873,106.59966941903568,,86.89059238275634,102.3726177940885,104.45841110634055,99.89975987794958,,"rgba(239, 83, 80, 0.75)",7.510714519577077,97.14101621648518,-2.5711290405393514,33.47968057479918,-22.498508739048695,False,True,False,True,True,0.0,0.0,0.0,0.0,0.0,0,0.7539938585921405,0.9866677031912,False,False,False,False,-0.29348224037153253,-0.29226890934532024,False,False,False,False,-717293.0,-499436.51626513025,False,False,False,False,31983.84233486489,False,False,False,False
2025-04-21 17:00:00+00:00,75.24,75.77,74.48,75.72,33849.0,,86.491887910531,92.96720857581774,102.19233531936057,104.28961728737589,105.69085958090737,106.44519871404849,,86.491887910531,102.19233531936057,104.28961728737589,99.67951789800685,,"rgba(239, 83, 80, 0.75)",7.815297643227894,96.92700121581717,-2.7135244470430946,32.702686006050904,-22.498508739048695,False,True,False,True,True,0.0,0.0,0.0,0.0,0.0,0,0.7443854001008495,0.9933284201543774,False,False,False,False,-0.33634621693406436,-0.3143075631396923,False,False,False,False,-751142.0,-503338.92686567083,False,False,False,False,32012.75950796776,False,False,False,False
2025-04-22 17:00:00+00:00,76.48,76.6,75.52,76.285,27108.0,,86.21367597195895,92.774195840743,102.0539890596025,104.15959096653285,105.5674103244348,106.32578442740027,,86.21367597195895,102.0539890596025,104.15959096653285,99.51577443177871,,"rgba(239, 83, 80, 0.75)",8.081952825181522,96.77121888894047,-2.5348105008866275,32.95634119159838,-22.25446624676762,False,True,False,True,True,0.0,0.0,0.0,0.0,0.0,0,0.7521002643689415,0.9863311465778911,False,False,False,False,-0.3184578291235147,-0.3163826961316035,False,False,False,False,-724034.0,-506760.5559065131,False,False,False,False,31936.71672489849,False,False,False,False
2025-04-23 17:00:00+00:00,77.48,77.74,76.43,77.1,39130.0,,85.8731055260307,92.51881413748076,101.86412267735375,103.98032818967462,105.39674425906325,106.16046198621505,,85.8731055260307,101.86412267735375,103.98032818967462,99.29892946263635,,"rgba(239, 83, 80, 0.75)",8.308217128050872,96.56919479194069,-2.3433661508685457,34.27295738688235,-20.5914029017621,False,True,False,True,True,0.0,0.0,0.0,0.0,0.0,0,0.7607348646301998,0.9765964164496017,False,False,False,False,-0.29957097774018354,-0.3079768369358935,False,False,False,False,-684904.0,-509522.46976842766,False,False,False,False,32048.240496605493,False,False,False,False
2025-04-24 17:00:00+00:00,77.65,77.75,76.955,77.285,20333.0,,85.7105501830117,92.39138054773052,101.76754355526839,103.88893565847364,105.30961179806772,106.0759951903817,,85.7105501830117,101.76754355526839,103.88893565847364,99.19066948882228,,"rgba(239, 83, 80, 0.75)",8.515011320766622,96.46849417968504,-2.2529029565585965,35.42495452012256,-19.138304894478328,False,True,False,True,True,0.0,0.0,0.0,0.0,0.0,0,0.7644251626898049,0.9704594754486296,False,False,False,False,-0.2946764247451541,-0.3013266308405238,False,False,False,False,-664571.0,-511926.32295031246,False,False,False,False,31866.608860999204,False,False,False,False
2025-04-25 17:00:00+00:00,76.005,76.46,75.73,75.84,17496.0,,85.55428359748998,92.27396548814066,101.68059029196084,103.80691145962437,105.2315518015093,106.0003896128038,,85.55428359748998,101.68059029196084,103.80691145962437,99.09128204192149,,"rgba(239, 83, 80, 0.75)",8.756404532302295,96.3731178586313,-2.3449256807271546,34.90002534557103,-19.138304894478328,False,True,False,True,True,0.0,0.0,0.0,0.0,0.0,0,0.7639454577651851,0.9699545481376545,False,False,False,False,-0.3178093444181149,-0.30956798762931936,False,False,False,False,-682067.0,-514564.16290457116,False,False,False,False,31643.80872361937,False,False,False,False
2025-04-28 17:00:00+00:00,75.995,77.2,75.77,76.93,51375.0,,85.15136078541352,91.9515655009184,101.43473994810938,103.57416139368804,105.00956130073924,105.78513290879303,,85.15136078541352,101.43473994810938,103.57416139368804,98.81775363961026,,"rgba(239, 83, 80, 0.5)",8.942963941224676,96.11335749987066,-2.1450782565990787,36.31941785645388,-17.686863203024444,False,False,False,True,True,0.0,0.0,0.0,0.0,0.0,0,0.7631968718525979,0.973438394849616,False,False,False,False,-0.3106007042087216,-0.31008434591902045,False,False,False,False,-630692.0,-516364.594487446,False,False,False,False,31949.71866588884,False,False,False,False
2025-04-29 17:00:00+00:00,72.335,73.21,72.125,72.52,69223.0,,84.43239448460922,91.42911384292667,101.05860561187566,103.2209777986952,104.67428514369098,105.46077071196629,,84.43239448460922,101.05860561187566,103.2209777986952,98.37935793229401,,"rgba(239, 83, 80, 1.0)",9.233732148344894,95.67175808129052,-2.507302324709557,33.77375771052061,-17.686863203024444,False,True,False,True,False,0.0,0.0,0.0,0.0,0.0,0,0.7639162970633632,0.9725484066352749,False,False,False,False,-0.34282825441539394,-0.32645630016720717,False,False,False,False,-699915.0,-519210.33720857085,False,False,False,False,32527.59899665025,False,False,False,False
2025-04-30 17:00:00+00:00,72.18,72.78,71.83,72.7,22093.0,,84.21671741174984,91.26670965189935,100.93986452488313,103.10928806210103,104.56813755334018,105.35801439059645,,84.21671741174984,100.93986452488313,103.10928806210103,98.24312193242834,,"rgba(239, 83, 80, 1.0)",9.492705915785766,95.53485220702976,-2.4055156042553523,32.36513525803723,-17.686863203024444,False,True,False,True,False,0.0,0.0,0.0,0.0,0.0,0,0.7661378555798687,0.9666692716473898,False,False,False,False,-0.34282825441539394,-0.3346422772913006,False,False,False,False,-677822.0,-521669.4327557248,False,False,False,False,32365.822268020012,False,False,False,False
2025-05-01 17:00:00+00:00,73.035,74.09,73.035,73.53,21216.0,,84.03570236252389,91.12242648645203,100.83118506226918,103.00666342828639,104.4703739208116,105.26325890380585,,84.03570236252389,100.83118506226918,103.00666342828639,98.12160169402483,,"rgba(239, 83, 80, 1.0)",9.694351962971652,95.41442172697475,-2.257440395249114,32.81685281900201,-17.686863203024444,False,True,False,True,False,0.0,0.0,0.0,0.0,0.0,0,0.767538446468802,0.9700264472524244,False,False,False,False,-0.32070554214380165,-0.3276739097175511,False,False,False,False,-656606.0,-523761.47255796165,False,False,False,False,32192.956806500322,False,False,False,False
2025-05-02 17:00:00+00:00,74.48,74.905,74.33,74.45,31639.0,,83.80182383199497,90.92369357473115,100.67664788147442,102.86014090110547,104.3304457318805,105.12746335758514,,83.80182383199497,100.67664788147442,102.86014090110547,97.95336921312861,,"rgba(239, 83, 80, 0.5)",9.83422021439501,95.24985103828183,-2.11504832969224,34.63738847959179,-17.686863203024444,False,False,False,True,True,0.0,0.0,0.0,0.0,0.0,0,0.7641546347380366,0.9688539343428416,False,False,False,False,-0.3023775017202225,-0.3150257057188868,False,False,False,False,-624967.0,-525330.5505027995,False,False,False,False,32184.368328880162,False,False,False,False
2025-05-05 17:00:00+00:00,73.715,74.375,73.42,73.595,32839.0,,83.5518705376943,90.71299441529068,100.51351807365104,102.70558077409343,104.18289155959279,104.98428610373341,,83.5518705376943,100.51351807365104,102.70558077409343,97.77519024400927,,"rgba(239, 83, 80, 0.5)",9.978548603139402,95.07390931013472,-2.152508362125644,34.99518682233019,-17.686863203024444,False,False,False,True,True,0.0,0.0,0.0,0.0,0.0,0,0.768587708748201,0.9701886866854631,False,False,False,False,-0.31486366297452645,-0.31494468434670664,False,False,False,False,-657806.0,-527384.4334407406,False,False,False,False,32194.51765711458,False,False,False,False
2025-05-06 17:00:00+00:00,72.765,72.94,71.51,71.54,28392.0,,83.30756235688357,90.51601870598516,100.36467137157904,102.5650316284446,104.0489743777246,104.85446445952363,,83.30756235688357,100.36467137157904,102.5650316284446,97.6094538166901,,"rgba(239, 83, 80, 0.5)",10.142541950872827,94.90733506995821,-2.3038933615598505,33.40615174045051,-17.686863203024444,False,False,False,True,True,0.0,0.0,0.0,0.0,0.0,0,0.7568216718510061,0.976138914044966,False,False,False,False,-0.34282825441539394,-0.32888646938105026,False,False,False,False,-686198.0,-529846.6592788686,False,False,False,False,32135.563894988773,False,False,False,False
2025-05-07 17:00:00+00:00,72.17,72.375,71.61,71.87,16916.0,,83.16629334458997,90.40033855985482,100.27658514569778,102.48177978595317,103.96960347982272,104.77749587050393,,83.16629334458997,100.27658514569778,102.48177978595317,97.5120160310704,,"rgba(239, 83, 80, 0.5)",10.310196212775766,94.80947252651295,-2.2249307436155044,32.974459524346855,-17.686863203024444,False,False,False,True,False,0.0,0.0,0.0,0.0,0.0,0,0.7513336876710172,0.9801767751333689,False,False,False,False,-0.34282825441539394,-0.33585736189822213,False,False,False,False,-669282.0,-532008.4475071031,False,False,False,False,31899.601664058715,False,False,False,False
2025-05-08 17:00:00+00:00,74.51,74.7,73.625,73.715,37583.0,,82.92012038294688,90.17656895010882,100.09692489637008,102.31080808458515,103.8059238168401,104.61843320158935,,82.92012038294688,100.09692489637008,102.31080808458515,97.32146322207338,,"rgba(239, 83, 80, 0.5)",10.424030708713683,94.62211998399577,-2.005665617093687,35.970555488496444,-17.41978889522838,False,False,False,True,True,0.0,0.0,0.0,0.0,0.0,0,0.7628538758772968,0.9724982256919803,False,False,False,False,-0.3027816674924079,-0.31931951469531505,False,False,False,False,-631699.0,-533554.0374682333,False,False,False,False,31987.716366941528,False,False,False,False
2025-05-09 17:00:00+00:00,73.63,74.39,73.63,74.09,21585.0,,82.78498656409383,90.0509745445076,99.99493905230084,102.21361953519056,103.71279697778931,104.52788942233973,,82.78498656409383,99.99493905230084,102.21361953519056,97.21420101603697,,"rgba(239, 83, 80, 0.5)",10.49863725948734,94.5166721732983,-1.945649865637491,38.589261359393625,-14.974353444546438,True,False,False,True,True,0.0,0.0,0.0,0.0,0.0,0,0.7675969424317223,0.9624970140934787,False,False,False,False,-0.30556407921374495,-0.31244179695453,False,False,False,False,-610114.0,-534741.0136315165,False,False,False,False,31826.433942647862,False,False,False,False
2025-05-12 17:00:00+00:00,74.79,74.97,73.955,74.22,35724.0,,82.57861844126866,89.85173766621155,99.83011125652247,102.05618003772781,103.56171907070062,104.38089051871631,,82.57861844126866,99.83011125652247,102.05618003772781,97.04320949852458,,"rgba(239, 83, 80, 0.5)",10.548886069025807,92.5867624715276,-1.7411091892874888,40.566692380996706,-13.163014001883816,True,False,False,True,True,0.0,0.0,0.0,0.0,0.0,0,0.7681393356051097,0.9617385066060861,False,False,False,False,-0.2973212776912443,-0.30488153732288714,False,False,False,False,-574390.0,-535355.7265984698,False,False,False,False,31886.861323382003,False,False,False,False
2025-05-13 17:00:00+00:00,71.92,72.78,71.73,72.405,37118.0,,82.32299710216041,89.62294569775189,99.64729080901486,101.8823384848563,103.39533107359384,104.21919811579566,,82.32299710216041,99.64729080901486,101.8823384848563,96.84835021386215,,"rgba(239, 83, 80, 0.5)",10.689277362034902,92.33660641276093,-1.8646355350037036,39.47061441534561,-13.163014001883816,True,False,False,True,True,0.0,0.0,0.0,0.0,0.0,0,0.7663512468011666,0.9639350116050706,False,False,False,False,-0.3379295823086102,-0.3214055598157487,False,False,False,False,-611508.0,-536536.3820000439,False,False,False,False,31967.964248600885,False,False,False,False
2025-05-14 17:00:00+00:00,71.325,71.465,70.795,70.93,28389.0,,82.11272694202698,89.43968505155279,99.50281905330435,101.74521969204253,103.26422824150276,104.09185789646217,,82.11272694202698,99.50281905330435,101.74521969204253,96.69275614614861,,"rgba(239, 83, 80, 0.5)",10.86195063529534,92.14855049768529,-1.9534751362924367,37.13096429220391,-13.163014001883816,True,False,False,True,False,0.0,0.0,0.0,0.0,0.0,0,0.7639812319057604,0.9607067984426476,False,False,False,False,-0.34282825441539394,-0.3321169071155713,False,False,False,False,-639897.0,-538138.8722015935,False,False,False,False,31912.47643079312,False,False,False,False
2025-05-15 17:00:00+00:00,71.465,71.595,71.085,71.5,42259.0,,81.8228033320341,89.17827523984765,99.2929118429908,101.54552506828709,103.07300996711643,103.9059804553011,,81.8228033320341,99.2929118429908,101.54552506828709,96.46975098426286,,"rgba(239, 83, 80, 0.5)",11.008901603816415,91.91295502587312,-1.8542226791087526,36.77110066461303,-9.348653182462435,True,False,False,True,False,0.0,0.0,0.0,0.0,0.0,0,0.7691860465116281,0.9579591018444268,False,False,False,False,-0.3389914670406782,-0.33555418707812473,False,False,False,False,-597638.0,-539061.3392992432,False,False,False,False,32072.887648920358,False,False,False,False
2025-05-16 17:00:00+00:00,72.195,72.85,72.175,72.83,43394.0,,81.57407492513278,88.93556427543369,99.08992634903767,101.3514037680609,102.88653001350022,103.72440623711952,,81.57407492513278,99.08992634903767,101.3514037680609,96.26031759471414,,"rgba(239, 83, 80, 0.5)",11.09909433363894,91.72128596387438,-1.702056527857323,39.147143008234636,-9.348653182462435,True,False,False,True,True,0.0,0.0,0.0,0.0,0.0,0,0.769461677006204,0.9546327796678008,False,False,False,False,-0.31774157349599147,-0.3266478802870581,False,False,False,False,-554244.0,-539296.729387627,False,False,False,False,32248.408770642523,False,False,False,False
2025-05-19 17:00:00+00:00,73.62,74.39,73.62,74.01,56873.0,,81.31523263944854,88.65419835984719,98.8422309600203,101.11299943974986,102.65660915767918,103.50007861758147,,81.31523263944854,98.8422309600203,101.11299943974986,96.01355819572109,,"rgba(239, 83, 80, 0.5)",11.189377138104142,91.51764272107081,-1.5646664246797561,42.7718163725353,-11.40554859738986,True,False,False,True,True,0.0,0.0,0.0,0.0,0.0,0,0.777291441819563,0.9484950233840991,False,False,False,False,-0.29108559003470746,-0.3088667351608828,False,False,False,False,-497371.0,-538646.7180792917,False,False,False,False,32630.185378849616,False,False,False,False
2025-05-20 17:00:00+00:00,73.15,73.19,72.115,72.165,30998.0,,81.15371507428841,88.48984182645843,98.70115673554182,100.97762888053408,102.526275420658,103.37301704300897,,81.15371507428841,98.70115673554182,100.97762888053408,95.87027249674829,,"rgba(239, 83, 80, 0.5)",11.305466548261627,91.38161096131556,-1.6997627545296106,42.503158907921886,-11.40554859738986,True,False,False,True,True,0.0,0.0,0.0,0.0,0.0,0,0.7671024749110393,0.9545000199912039,False,False,False,False,-0.31522306606982103,-0.31204490061535195,False,False,False,False,-528369.0,-538487.3736129461,False,False,False,False,32604.880179177526,False,False,False,False
2025-05-21 17:00:00+00:00,70.265,70.3,68.55,68.58,32719.0,,80.92609681155693,88.28441103688613,98.53507497016167,100.81950114060649,102.37472913994654,103.22561402949995,,80.92609681155693,98.53507497016167,100.81950114060649,95.69423785477629,,"rgba(239, 83, 80, 0.5)",11.457558340899856,91.18860976847853,-1.9732484963897543,38.681851659476834,-11.40554859738986,True,False,False,True,False,0.0,0.0,0.0,0.0,0.0,0,0.7581562823267289,0.9633564096443067,False,False,False,False,-0.34282825441539394,-0.3274365775153729,False,False,False,False,-561088.0,-538837.7709212725,False,False,False,False,32606.64947872516,False,False,False,False
2025-05-22 17:00:00+00:00,68.22,69.015,68.14,68.595,22896.0,,80.76454920524765,88.1391004062859,98.41776716805116,100.70783825215022,102.26772293794404,103.1215351056296,,80.76454920524765,98.41776716805116,100.70783825215022,95.56975217921809,,"rgba(239, 83, 80, 0.5)",11.600212567172733,91.05242551458423,-1.9359494823513976,36.16245146876564,-9.204433632409234,True,False,False,True,False,0.0,0.0,0.0,0.0,0.0,0,0.7502871536523931,0.9740050377833755,False,False,False,False,-0.34282825441539394,-0.33513241596538346,False,False,False,False,-538192.0,-538827.7589690046,False,False,False,False,32456.096773628644,False,False,False,False
2025-05-23 17:00:00+00:00,67.55,68.33,67.39,67.89,18943.0,,80.62641353064838,88.01616163720027,98.31910096081954,100.61399861795667,102.1778383325395,103.03412828658102,67.87,80.62641353064838,98.31910096081954,100.61399861795667,95.4646068942909,67.87,"rgba(239, 83, 80, 0.5)",11.750941077896899,88.89004748519278,-1.7870949523092343,33.852191998306296,-11.329253161656652,True,False,False,True,False,0.0,0.0,0.0,0.0,0.0,0,0.7463362589580484,0.9745953780497628,True,False,False,False,-0.34282825441539394,-0.3389803351903887,False,False,False,False,-557135.0,-539111.5921632836,False,False,False,False,32246.591397293312,True,False,False,False
2025-05-26 17:00:00+00:00,67.89,67.89,67.89,67.89,0.0,,80.62641353064838,88.01616163720027,98.31910096081954,100.61399861795667,102.1778383325395,103.03412828658102,67.87,80.62641353064838,98.31910096081954,100.61399861795667,95.4646068942909,67.87,"rgba(239, 83, 80, 0.5)",11.89280489877593,88.89004748519278,-1.7657775153911939,32.312019018000065,-12.789469475158114,False,False,False,True,False,0.0,0.0,0.0,0.0,0.0,0,0.7508349357352495,0.9755692743649429,False,False,False,False,-0.3423091604471133,-0.340644747818751,False,False,False,False,-557135.0,-539391.0248429226,False,False,False,False,31746.644243846902,False,False,False,False
2025-05-27 17:00:00+00:00,69.565,70.56,69.44,70.39,35150.0,,80.42183083419557,87.81709999268598,98.15116191859069,100.45320698445268,102.02319534715349,102.88343265136074,69.33856340007024,80.42183083419557,98.15116191859069,100.45320698445268,95.29165462140652,69.33856340007024,"rgba(239, 83, 80, 0.5)",11.980950119491947,88.81767302097964,-1.5380811068564124,36.341516126971996,-12.789469475158114,True,False,False,True,True,0.0,0.0,0.0,0.0,0.0,0,0.7530587316526162,0.9671599351208474,False,False,False,False,-0.30622403216712907,-0.32343438999294005,False,False,False,False,-521985.0,-539121.1639926446,False,False,False,False,31799.409449368653,False,False,False,False
2025-05-28 17:00:00+00:00,69.6,69.85,69.47,69.665,16958.0,,80.32159304650676,87.72013817989387,98.0695115712131,100.37504987771186,101.94803306525998,102.81019004799731,69.41567962918654,80.32159304650676,98.0695115712131,100.37504987771186,95.20741929809715,69.41567962918654,"rgba(239, 83, 80, 0.5)",12.069427111208759,88.74176980977035,-1.58058618971682,38.060516314913755,-17.227045178254286,True,False,False,True,True,0.0,0.0,0.0,0.0,0.0,0,0.7522744579375578,0.9708027734359346,False,False,False,False,-0.31109964886067787,-0.31726701942680896,False,False,False,False,-538943.0,-539118.4017602006,False,False,False,False,31569.31007806061,False,False,False,False
2025-05-29 17:00:00+00:00,70.79,71.35,70.74,71.25,30753.0,,80.16861559380119,87.56084137237154,97.93013393271964,100.24097259365115,101.81870340951333,102.68396741948239,69.92850765523293,80.16861559380119,97.93013393271964,100.24097259365115,95.06720572025654,69.92850765523293,"rgba(239, 83, 80, 0.5)",12.115042298394174,88.64806768836823,-1.4360715596242128,41.90710877062694,-13.637365328512189,True,False,False,True,True,0.0,0.0,0.0,0.0,0.0,0,0.7573714742948592,0.964112822564513,False,False,False,False,-0.2858045139643343,-0.30153576669557164,False,False,False,False,-508190.0,-538638.8916553913,False,False,False,False,31556.65410785812,False,False,False,False
2025-05-30 17:00:00+00:00,69.815,70.525,69.8,70.16,28077.0,,80.01910324285204,87.40978952509907,97.79966575560725,100.11566614068437,101.69794093715984,102.5661554513131,69.9789107593361,80.01910324285204,97.79966575560725,100.11566614068437,94.93472017545263,69.9789107593361,"rgba(239, 83, 80, 0.5)",12.17947207320457,88.52819039375737,-1.508126976551659,42.871494476025234,-12.712063297509658,True,False,False,True,True,0.0,0.0,0.0,0.0,0.0,0,0.7592985971943887,0.9640881763527055,False,False,False,False,-0.29907056143963245,-0.30030316406760205,False,False,False,False,-536267.0,-538602.1181413542,False,False,False,False,31502.705982154894,False,False,False,False
2025-06-02 17:00:00+00:00,69.31,69.71,68.95,69.59,22786.0,,79.8920855625704,87.28390503809624,97.69185166304275,100.0122278250512,101.59831157155486,102.46898650631884,69.8949941703184,79.8920855625704,97.69185166304275,100.0122278250512,94.82456136110572,69.8949941703184,"rgba(239, 83, 80, 0.5)",12.243705144181053,88.41851495669425,-1.537811858009558,42.71001753880793,-12.691359169120588,True,False,False,True,True,0.0,0.0,0.0,0.0,0.0,0,0.7572390299294346,0.9604388028226134,False,False,False,False,-0.3147557572282344,-0.3075294606479182,False,False,False,False,-559053.0,-538919.1860771471,False,False,False,False,31367.56325374939,False,False,False,False
2025-06-03 17:00:00+00:00,70.21,70.475,69.98,70.28,36192.0,,79.71194446135598,87.09664186412893,97.52724709746211,99.85376695704369,101.44536460966577,102.31965305249827,69.96206754774725,79.71194446135598,97.52724709746211,99.85376695704369,94.65910300702579,69.96206754774725,"rgba(239, 83, 80, 0.5)",12.276934866313317,88.27137256440486,-1.4654612702859071,43.91485188609473,-11.274357306257244,True,False,False,True,True,0.0,0.0,0.0,0.0,0.0,0,0.7566191239424619,0.9604171316115159,False,False,False,False,-0.29785197611406905,-0.3026907183809936,False,False,False,False,-522861.0,-538670.2219519201,False,False,False,False,31442.36072268351,False,False,False,False
2025-06-04 17:00:00+00:00,70.905,71.11,70.445,70.575,54249.0,,79.46684437282917,86.83106900552862,97.28832511749769,99.62306202405559,101.22225876426525,102.10159587256936,70.12896698175295,79.46684437282917,97.28832511749769,99.62306202405559,94.42219252612426,70.12896698175295,"rgba(239, 83, 80, 0.5)",12.302282482501655,88.07013419175983,-1.4221047367953314,45.28749067182179,-9.695626821439824,True,False,False,True,True,0.0,0.0,0.0,0.0,0.0,0,0.7636222847128825,0.9560663487793946,False,False,False,False,-0.28757479693161137,-0.2951327576563025,False,False,False,False,-468612.0,-537584.0479681694,False,False,False,False,31795.952029308566,False,False,False,False
2025-06-05 17:00:00+00:00,70.315,70.595,69.4,69.575,26897.0,,79.33883932276679,86.69576066944403,97.16768495583649,99.50669006600977,101.10977808103921,101.99168483242565,70.10184133009881,79.33883932276679,97.16768495583649,99.50669006600977,94.30173965458698,70.10184133009881,"rgba(239, 83, 80, 0.5)",12.329465156121888,87.95806730898911,-1.4909865980570502,44.469683276490784,-9.695626821439824,True,False,False,True,True,0.0,0.0,0.0,0.0,0.0,0,0.7562242154307178,0.9661747501077566,False,False,False,False,-0.30090737086220565,-0.2980200642592541,False,False,False,False,-495509.0,-536931.7216430815,False,False,False,False,31719.999284668123,False,False,False,False
2025-06-06 17:00:00+00:00,70.31,70.68,70.17,70.53,25687.0,,79.22731443100093,86.57309625058704,97.05598180702495,99.3986437875394,101.00516728518915,101.8893731674444,70.13295485956105,79.22731443100093,97.05598180702495,99.3986437875394,94.19159612146431,70.13295485956105,"rgba(239, 83, 80, 0.5)",12.333026349843477,87.86147127867059,-1.4052894064310948,45.909453464974256,-8.619208111220928,True,False,False,True,True,0.0,0.0,0.0,0.0,0.0,0,0.7645747316267547,0.9625516102394718,False,False,False,False,-0.2902879620954867,-0.2941540131773704,False,False,False,False,-469822.0,-535891.2608424135,False,False,False,False,31626.46441203761,False,False,False,False
2025-06-09 17:00:00+00:00,72.02,72.545,71.765,71.77,28572.0,,79.12809683722888,86.45187041767564,96.94008014530026,99.28585825622828,100.89556826095951,101.78198169830712,70.29981622484559,79.12809683722888,96.94008014530026,99.28585825622828,94.08057593594994,70.29981622484559,#000000,12.287107062810206,87.77857036009256,-1.302875467614849,49.12373617897814,-5.413998713120833,True,False,False,False,True,0.0,0.0,0.0,0.0,0.0,0,0.7706892292490117,0.9518074769433466,False,False,False,False,-0.25572775327786995,-0.27494088322762017,False,False,False,False,-441250.0,-534423.9544727637,False,False,False,False,31579.108374641677,False,False,False,False
2025-06-10 17:00:00+00:00,73.215,73.45,72.745,73.325,42438.0,,79.0086712458371,86.28951733642188,96.77773178736877,99.12701802427576,100.74070783483678,101.62998342357798,70.63236504936796,79.0086712458371,96.77773178736877,99.12701802427576,93.92893827538637,70.63236504936796,"rgba(38, 166, 154, 1.0)",12.143799123179349,87.67823219232162,-1.1819391976704416,53.59352293612156,-1.2154881581862327,True,False,True,False,True,0.0,0.0,0.0,0.0,0.0,0,0.7730170770208492,0.9443613030197423,False,False,False,False,-0.23715287493525503,-0.2560468790814376,False,False,False,False,-398812.0,-532321.4435507053,False,False,False,False,31747.46328356196,False,False,False,False
2025-06-11 17:00:00+00:00,73.565,73.785,72.81,73.195,40051.0,,78.90194685931856,86.14092263270382,96.62711280307373,98.9793880845472,100.59660838006488,101.48845761745427,70.8914237674133,78.90194685931856,96.62711280307373,98.9793880845472,93.78907272952706,70.8914237674133,"rgba(38, 166, 154, 1.0)",12.027653260505236,86.04291228330845,-1.0681977610293005,56.26996262961609,1.2120512403175212,True,False,True,False,True,0.0,0.0,0.0,0.0,0.0,0,0.7759919741206339,0.9406248720363621,False,False,False,False,-0.23323223865684709,-0.24463955886914235,False,False,False,False,-438863.0,-530872.4754336401,False,False,False,False,31876.200286917585,False,False,False,False
2025-06-12 17:00:00+00:00,72.75,73.18,72.705,73.035,13027.0,,78.86634143404808,86.09224661591752,96.57793449793363,98.93119507926572,100.54956991409773,101.44225892202287,70.95603150459763,78.86634143404808,96.57793449793363,98.93119507926572,93.74325774388093,70.95603150459763,"rgba(38, 166, 154, 1.0)",11.862611090053532,86.0083433649136,-1.09363303461844,57.64843305129614,2.49569488660741,True,False,True,False,True,0.0,0.0,0.0,0.0,0.0,0,0.7774965011937104,0.944101424219972,False,False,False,False,-0.24019629253465313,-0.24241792570189774,False,False,False,False,-451890.0,-529647.940930793,False,False,False,False,31583.96462355452,False,False,False,False
2025-06-13 17:00:00+00:00,72.39,72.41,71.51,72.12,18492.0,,78.80841230263957,86.01875388497923,96.50565046756806,98.86057167843735,100.48075768460393,101.37473297725643,71.00064221533658,78.80841230263957,96.50565046756806,98.86057167843735,93.67481316591409,71.00064221533658,"rgba(38, 166, 154, 1.0)",11.661649052797708,85.93864328792355,-1.1849647700218147,56.29671898372747,2.49569488660741,True,False,True,False,True,0.0,0.0,0.0,0.0,0.0,0,0.7720776011203561,0.9478540242194583,False,False,False,False,-0.25959208946983114,-0.2510050075858644,False,False,False,False,-470382.0,-528729.0891334163,False,False,False,False,31380.988427840493,False,False,False,False
2025-06-16 17:00:00+00:00,72.76,73.16,72.265,72.685,31931.0,,78.720582401305,85.89980463595832,96.38531895094088,98.74260332751797,100.36557559643336,101.26158247776877,71.1162702102425,78.720582401305,96.38531895094088,98.74260332751797,93.56257789832073,71.1162702102425,"rgba(38, 166, 154, 1.0)",11.455110547595975,85.85741003339103,-1.1499155751190422,56.51937357916708,2.49569488660741,True,False,True,False,True,0.0,0.0,0.0,0.0,0.0,0,0.7887804673758271,0.9426668900242903,False,False,False,False,-0.24472040865805095,-0.24786270812195768,False,False,False,False,-438451.0,-527329.4288367742,False,False,False,False,31389.515739036764,False,False,False,False
2025-06-17 17:00:00+00:00,71.79,71.98,70.895,71.21,19754.0,,78.65566527083482,85.81990135427465,96.30730051738476,98.66642096767545,100.29136270128033,101.18876073727168,71.12616406133597,78.65566527083482,96.30730051738476,98.66642096767545,93.48823525812027,71.12616406133597,"rgba(38, 166, 154, 0.75)",11.271551409240786,85.78372396797303,-1.2929652218083327,53.3288033099757,2.49569488660741,True,False,True,False,False,0.0,0.0,0.0,0.0,0.0,0,0.7848627319284694,0.9303375031483505,False,False,False,False,-0.2699843695016287,-0.2589235388117932,False,False,False,False,-458205.0,-526257.7322656615,False,False,False,False,31209.12014618348,False,False,False,False
2025-06-18 17:00:00+00:00,71.705,71.965,70.835,70.875,29970.0,,78.55752868414432,85.69920828222935,96.18921513514323,98.55107165341528,100.1789636720693,101.07845012073996,71.13186123244222,78.55752868414432,96.18921513514323,98.55107165341528,93.37573959129026,71.13186123244222,#000000,11.027915876382227,85.67684115680838,-1.342215639176984,50.5288671748445,5.562234899891806,True,False,False,False,False,0.0,0.0,0.0,0.0,0.0,0,0.7824409682479123,0.9420068676077837,False,False,False,False,-0.2707323964332068,-0.2648279676225,False,False,False,False,-488175.0,-525667.3023080543,False,False,False,False,31189.90898112637,False,False,False,False
2025-06-19 17:00:00+00:00,70.875,70.875,70.875,70.875,0.0,,78.55752868414432,85.69920828222935,96.18921513514323,98.55107165341528,100.1789636720693,101.07845012073996,71.13186123244222,78.55752868414432,96.18921513514323,98.55107165341528,93.37573959129026,71.13186123244222,"rgba(239, 83, 80, 0.5)",10.831833875576867,85.67684115680838,-1.3665129401756158,48.66224308475704,3.733105303905411,True,False,False,True,False,0.0,0.0,0.0,0.0,0.0,0,0.7819924434862426,0.9399961577048692,False,False,False,False,-0.2812363072926159,-0.27303213745755794,False,False,False,False,-488175.0,-525086.0263032783,False,False,False,False,30706.344500798827,False,False,False,False
2025-06-20 17:00:00+00:00,71.25,72.015,71.25,71.41,20590.0,,78.49459282196268,85.61932301891177,96.10980500526395,98.47334453106579,100.10312889536611,101.00397493127684,71.14810690197223,78.49459282196268,96.10980500526395,98.47334453106579,93.30069486730785,71.14810690197223,#000000,10.532672129577353,85.61266056029905,-1.3484384955281965,48.88564926534478,3.733105303905411,True,False,False,False,False,0.0,0.0,0.0,0.0,0.0,0,0.7813108927003705,0.9395730284148094,False,False,False,False,-0.2660993602813143,-0.26956574886943613,False,False,False,False,-467585.0,-524194.53752338246,False,False,False,False,30549.501950398844,False,False,False,False
2025-06-23 17:00:00+00:00,71.475,73.005,71.475,72.91,34747.0,,78.40444019160914,85.49508510346477,95.9818471980618,98.34756156456702,99.98008858821196,100.88297833269404,71.2275489891018,78.40444019160914,95.9818471980618,98.34756156456702,93.18200016310145,71.2275489891018,"rgba(38, 166, 154, 1.0)",10.205766760128727,85.52943241547683,-1.2365001779952167,52.43626483572653,3.733105303905411,True,False,True,False,True,0.0,0.0,0.0,0.0,0.0,0,0.7808804763930244,0.9350701829008935,False,False,False,False,-0.25404564200102436,-0.26180569543523025,False,False,False,False,-432838.0,-522778.1570966634,False,False,False,False,30614.579439539946,False,False,False,False
2025-06-24 17:00:00+00:00,74.915,75.48,74.645,75.46,65364.0,,78.31666378028277,85.31530340811526,95.77238200422386,98.1388393404682,99.77426141206927,100.67973752975057,71.63235250670695,78.31666378028277,95.77238200422386,98.1388393404682,92.99953124581832,71.63235250670695,"rgba(38, 166, 154, 1.0)",9.92766076300008,85.47854911000579,-1.0091550617185117,58.55398009993349,3.131092531301121,True,False,True,False,True,0.0,0.0,0.0,0.0,0.0,0,0.788540303171051,0.9348266689186339,False,False,False,False,-0.1989220020703006,-0.23036384875276544,False,False,False,False,-367474.0,-520370.34070756775,False,False,False,False,31153.330145903667,False,False,False,False
2025-06-25 17:00:00+00:00,73.765,75.01,73.26,73.69,45331.0,,78.2360642375768,85.1798114687872,95.62119054293244,97.98877561388342,99.6265936467698,100.5340710185033,71.78793529691035,78.2360642375768,95.62119054293244,97.98877561388342,92.86441775474215,71.78793529691035,"rgba(38, 166, 154, 1.0)",9.660874631659116,85.4009047260378,-1.2121992234182029,58.42264865386666,3.131092531301121,True,False,True,False,True,0.0,0.0,0.0,0.0,0.0,0,0.7853108535300317,0.9326238145416231,False,False,False,False,-0.21688934387672792,-0.22362659631474668,False,False,False,False,-412805.0,-518702.6610066752,False,False,False,False,31373.138980850897,False,False,False,False
2025-06-26 17:00:00+00:00,73.945,74.305,73.46,74.22,47567.0,,78.15481313649002,85.04118108407789,95.46484167397217,97.83335583648754,99.47349929359821,100.3829664604434,71.93105694049471,78.15481313649002,95.46484167397217,97.83335583648754,92.72510958084486,71.93105694049471,"rgba(38, 166, 154, 1.0)",9.424409892391445,85.31740625177318,-1.177517359546552,59.12576273066716,3.714532259040894,True,False,True,False,True,0.0,0.0,0.0,0.0,0.0,0,0.7905994636711081,0.934584767414853,False,False,False,False,-0.22180422519100662,-0.22271541075287665,False,False,False,False,-365238.0,-516323.3639368043,False,False,False,False,31624.206593550884,False,False,False,False
2025-06-27 17:00:00+00:00,74.24,74.375,73.035,73.285,49946.0,,78.06430353588772,84.89374408667703,95.29984838312097,97.6694104670393,99.31202419623865,100.22359007391441,72.03522010146288,78.06430353588772,95.29984838312097,97.6694104670393,92.57715345714637,72.03522010146288,"rgba(38, 166, 154, 1.0)",9.096664197523635,85.2181679586393,-1.3118180136722912,57.55384980312633,3.714532259040894,True,False,True,False,True,0.0,0.0,0.0,0.0,0.0,0,0.7921187048841237,0.933070201359281,False,False,False,False,-0.22526554922438366,-0.22399047998863014,False,False,False,False,-415184.0,-514755.31178274535,False,False,False,False,31908.265406053968,False,False,False,False
2025-06-30 17:00:00+00:00,71.88,72.7,71.645,72.655,19467.0,,78.02059151311694,84.83116315733753,95.23260565769044,97.60287480567472,99.24664662537246,100.15913692143454,72.0424477617021,78.02059151311694,95.23260565769044,97.60287480567472,92.51550311343777,72.0424477617021,"rgba(38, 166, 154, 0.75)",8.73971720273428,85.16842405519917,-1.431788210639614,55.21449460318992,3.714532259040894,True,False,True,False,False,0.0,0.0,0.0,0.0,0.0,0,0.7836750094327758,0.9376807948685703,False,False,False,False,-0.2553813207359003,-0.23968590036226523,False,False,False,False,-434651.0,-513513.3844682842,False,False,False,False,31715.377570301192,False,False,False,False
2025-07-01 17:00:00+00:00,74.87,75.16,74.41,74.485,27365.0,,77.98520723102858,84.76059556239193,95.14838394208321,97.51858295409811,99.16326220494591,100.07665115418588,72.12954049159504,77.98520723102858,95.14838394208321,97.51858295409811,92.44211384145562,72.12954049159504,"rgba(38, 166, 154, 0.75)",8.382026848028268,85.12864272691517,-1.2698173031286477,56.767271212397596,3.714532259040894,True,False,True,False,False,0.0,0.0,0.0,0.0,0.0,0,0.7935303680853725,0.935074409104173,False,False,False,False,-0.2042838944410294,-0.2219848974016473,False,False,False,False,-407286.0,-511866.44827497745,False,False,False,False,31647.929856032955,False,False,False,False
2025-07-02 17:00:00+00:00,75.48,76.35,75.385,76.255,31451.0,,77.96125488430602,84.691095763049,95.05858556555611,97.42798899791444,99.0732218040896,99.987369645654,72.27067687645173,77.96125488430602,95.05858556555611,97.42798899791444,92.36658611009487,72.27067687645173,"rgba(38, 166, 154, 1.0)",8.019841069732575,85.10034769840613,-1.1029330408789613,60.08164415912995,4.86691440991261,True,False,True,False,True,0.0,0.0,0.0,0.0,0.0,0,0.7893253736327963,0.9312640895048848,False,False,False,False,-0.1834302075076967,-0.202707552454672,False,False,False,False,-375835.0,-509757.43357303983,False,False,False,False,31644.876679970428,False,False,False,False
2025-07-03 17:00:00+00:00,76.93,76.93,76.93,76.93,0.0,,77.96125488430602,84.691095763049,95.05858556555611,97.42798899791444,99.0732218040896,99.987369645654,72.27067687645173,77.96125488430602,95.05858556555611,97.42798899791444,92.36658611009487,72.27067687645173,"rgba(38, 166, 154, 1.0)",7.655968010066175,85.10034769840613,-1.067186760402294,63.047172962150604,7.700683358009044,True,False,True,False,True,0.0,0.0,0.0,0.0,0.0,0,0.7979698412365513,0.9295526519997486,False,False,False,False,-0.163114222339496,-0.182910887397084,False,False,False,False,-375835.0,-507681.11677345785,False,False,False,False,31154.25843687011,False,False,False,False
2025-07-04 17:00:00+00:00,76.93,76.93,76.93,76.93,0.0,,77.96125488430602,84.691095763049,95.05858556555611,97.42798899791444,99.0732218040896,99.987369645654,72.27067687645173,77.96125488430602,95.05858556555611,97.42798899791444,92.36658611009487,72.27067687645173,"rgba(38, 166, 154, 1.0)",7.290378650924741,85.10034769840613,-1.1207027905703852,65.02419216416438,9.609533916835602,True,False,True,False,True,0.0,0.0,0.0,0.0,0.0,0,0.7988297693214349,0.9236613908065335,False,False,False,False,-0.163114222339496,-0.17301255486828998,False,False,False,False,-375835.0,-505636.9909320089,False,False,False,False,30671.246678158946,False,False,False,False
2025-07-07 17:00:00+00:00,74.81,75.435,74.55,75.01,23879.0,,77.93440380377255,84.63308522179103,94.98742563533867,97.35653331061756,99.0023878501514,99.91722158702038,72.34422160094726,77.93440380377255,94.98742563533867,97.35653331061756,92.30517623478192,72.34422160094726,"rgba(38, 166, 154, 0.75)",6.839529168900265,85.06754230834284,-1.4705021442228887,61.81384353565815,9.609533916835602,True,False,True,False,False,0.0,0.0,0.0,0.0,0.0,0,0.7979110089826615,0.9218926258617093,False,False,False,False,-0.20027347550165367,-0.18664301518497184,False,False,False,False,-399714.0,-503994.7740183343,False,False,False,False,30565.940528109968,False,False,False,False
2025-07-08 17:00:00+00:00,77.04,77.49,76.41,77.025,27702.0,,77.92442229871197,84.58028088442207,94.91360415327148,97.28148448039241,98.92745791728291,99.84275103161595,72.48467574182264,77.92442229871197,94.91360415327148,97.28148448039241,92.24500012761614,72.48467574182264,"rgba(38, 166, 154, 0.75)",6.41742705661796,85.05193800120614,-1.2508031537231683,62.47878583088215,9.609533916835602,True,False,True,False,False,0.0,0.0,0.0,0.0,0.0,0,0.8002935946739446,0.9156225447628502,False,False,False,False,-0.16273313155506997,-0.1746880733700209,False,False,False,False,-372012.0,-501948.52945991047,False,False,False,False,30521.538349379578,False,False,False,False
2025-07-09 17:00:00+00:00,76.75,77.265,76.75,77.08,20043.0,,77.91775235881055,84.54280887451952,94.86073640123954,97.22767927309492,98.87370066960352,99.78930347125467,72.58231597061142,77.91775235881055,94.86073640123954,97.22767927309492,92.20199684142045,72.58231597061142,"rgba(38, 166, 154, 0.75)",5.94779893651209,85.04018749229226,-1.3383417256132533,62.991566215840834,9.609533916835602,True,False,True,False,False,0.0,0.0,0.0,0.0,0.0,0,0.8038188647746246,0.9157762938230387,False,False,False,False,-0.16163775609765776,-0.16816291473383932,False,False,False,False,-351969.0,-499623.2654372762,False,False,False,False,30359.080390474468,False,False,False,False
2025-07-10 17:00:00+00:00,79.155,79.685,79.125,79.35,21214.0,,77.92927693242135,84.51585950417501,94.81246568102908,97.17764554422456,98.82319328541666,99.73883125213818,72.73352962466726,77.92927693242135,94.81246568102908,97.17764554422456,92.16621203323415,72.73352962466726,"rgba(38, 166, 154, 1.0)",5.466907096172688,85.04713961012635,-1.0421138515624038,65.8643130303065,10.628375930876565,True,False,True,False,True,0.0,0.0,0.0,0.0,0.0,0,0.8034337991102201,0.923574994256115,False,False,False,False,-0.1162740238844181,-0.1422184693091287,False,False,False,False,-330755.0,-497005.15279483784,False,False,False,False,30217.29619837409,False,False,False,False
2025-07-11 17:00:00+00:00,79.11,79.99,79.09,79.61,23708.0,,77.94347981519974,84.4870991994567,94.75948893067125,97.12261264258454,98.7675672031238,99.6832070613422,72.89904206544473,77.94347981519974,94.75948893067125,97.12261264258454,92.12724247539637,72.89904206544473,"rgba(38, 166, 154, 1.0)",4.938171081545846,85.05491531217547,-1.102617795589008,68.02997070996192,12.82375160362212,True,False,True,False,True,0.0,0.0,0.0,0.0,0.0,0,0.7959848073792732,0.9241412412871992,False,False,False,False,-0.11373546924716997,-0.12797696927814933,False,False,False,False,-307047.0,-494060.0651546078,False,False,False,False,30116.37687746906,False,False,False,False
2025-07-14 17:00:00+00:00,78.51,79.03,78.425,78.59,48847.0,,77.95646685349813,84.41845895723918,94.64522403277667,97.00466311738442,98.64874901220588,99.56458278773492,73.17404027786971,77.95646685349813,94.64522403277667,97.00466311738442,92.0396907934732,73.17404027786971,"rgba(38, 166, 154, 1.0)",4.506532052934844,85.0495394875911,-1.4333725826679466,66.95067549668089,12.82375160362212,True,False,True,False,True,0.0,0.0,0.0,0.0,0.0,0,0.7901206227304982,0.9304854125798243,False,False,False,False,-0.12903704320757078,-0.12850700624286004,False,False,False,False,-355894.0,-491917.95561732707,False,False,False,False,30406.774135182717,False,False,False,False
2025-07-15 17:00:00+00:00,77.345,77.855,77.26,77.335,18851.0,,77.95327615817055,84.38695842289694,94.59828245074502,96.95659598424989,98.60054040286329,99.51655452169251,73.25170238212463,77.95327615817055,94.59828245074502,96.95659598424989,92.00203465676968,73.25170238212463,"rgba(38, 166, 154, 0.75)",4.081785825163718,85.03770728030165,-1.887092466443337,63.499561410014095,12.82375160362212,True,False,True,False,False,0.0,0.0,0.0,0.0,0.0,0,0.7850957918514183,0.9386346523885221,False,False,False,False,-0.15117926907648507,-0.13984313765967255,False,False,False,False,-374745.0,-490101.32064651576,False,False,False,False,30227.614846265154,False,False,False,False
2025-07-16 17:00:00+00:00,78.045,78.385,77.72,78.13,19466.0,,77.95414100404265,84.3575068564365,94.55175398795797,96.90871750714477,98.55238512151513,99.46851153571531,73.33988472325854,77.95414100404265,94.55175398795797,96.90871750714477,91.96550266880205,73.33988472325854,"rgba(38, 166, 154, 0.75)",3.530269656390532,85.02936549747147,-1.9543451829471932,62.395021876179975,17.493295986384425,True,False,True,False,False,0.0,0.0,0.0,0.0,0.0,0,0.7779181404749876,0.9397844028970864,False,False,False,False,-0.14179467603554582,-0.14081890684760917,False,False,False,False,-355279.0,-488011.05210936046,False,False,False,False,30060.768104462593,False,False,False,False
2025-07-17 17:00:00+00:00,78.755,79.325,78.37,78.995,37018.0,,77.96637547636377,84.30945272039382,94.46835095937992,96.82226289914442,98.46506559246879,99.38121362699644,73.52646442923232,77.96637547636377,94.46835095937992,96.82226289914442,91.90212021245786,73.52646442923232,"rgba(38, 166, 154, 0.75)",3.2896209521757758,85.02309668506935,-1.8324593540426968,62.87837461012078,17.493295986384425,True,False,True,False,False,0.0,0.0,0.0,0.0,0.0,0,0.7800565622708707,0.9314968052791455,False,False,False,False,-0.12677350302613133,-0.13379620493687025,False,False,False,False,-318261.0,-485379.26835572696,False,False,False,False,30168.63216485852,False,False,False,False
2025-07-18 17:00:00+00:00,78.1,78.31,77.795,78.15,23067.0,,77.96732727707841,84.27550772603448,94.41414239975656,96.76638857277528,98.40880482630672,99.32504881952553,73.6198869693335,77.96732727707841,94.41414239975656,96.76638857277528,91.8595366035795,73.6198869693335,"rgba(38, 166, 154, 0.75)",3.2154489171379446,85.01145835495387,-2.1339037042022793,61.2482809408031,16.001521945918597,True,False,True,False,False,0.0,0.0,0.0,0.0,0.0,0,0.7750398456505329,0.9365195872829465,False,False,False,False,-0.14179467603554582,-0.13779544048620804,False,False,False,False,-341328.0,-483145.91535796376,False,False,False,False,30058.52934059715,False,False,False,False
2025-07-21 17:00:00+00:00,78.51,78.98,78.25,78.27,14492.0,,77.96999896344218,84.25578728997125,94.38112949568955,96.73223130051097,98.37433573008698,99.29060065187447,73.68192205053265,77.96999896344218,94.38112949568955,96.73223130051097,91.83401390526257,73.68192205053265,"rgba(38, 166, 154, 0.75)",3.223419295552441,85.00598676225938,-2.0897023144191826,60.36383326494305,14.916212813228015,True,False,True,False,False,0.0,0.0,0.0,0.0,0.0,0,0.7796038058268815,0.9306976646062324,False,False,False,False,-0.1311603066331202,-0.13447787355966412,False,False,False,False,-326836.0,-480722.50581753015,False,False,False,False,29817.187800432854,False,False,False,False
2025-07-22 17:00:00+00:00,79.74,81.655,79.74,80.7,73026.0,,78.03725508937524,84.1956136918734,94.23957999988855,96.5825575348299,98.22145757435575,99.13690676196157,74.10430599796,78.03725508937524,94.23957999988855,96.5825575348299,91.73556177538073,74.10430599796,"rgba(38, 166, 154, 1.0)",3.295711792041451,85.02915061429343,-1.3135707511644503,63.191384372646944,14.916212813228015,True,False,True,False,True,0.9734049590611598,0.0,0.0,0.0,0.0,0,0.7864179198126037,0.9179511848242113,False,False,False,False,-0.09202609408444722,-0.11325198382205567,False,False,False,False,-253810.0,-477204.4824715219,False,False,False,False,30487.091865542418,False,False,False,False
2025-07-23 17:00:00+00:00,82.805,83.355,82.625,83.01,130721.0,82.99666666666667,78.2468491755999,84.16037823606544,94.03516566836839,96.35926948618408,97.9893398490438,98.90155218759375,74.96933635538515,78.2468491755999,94.03516566836839,96.35926948618408,90.38417446707457,74.96933635538515,"rgba(38, 166, 154, 1.0)",3.363455950047925,84.39884011135877,-0.4129205590871411,67.2504365270529,12.51887319091081,True,False,True,False,True,3.7649082038740644,0.0,0.0,0.0,0.0,0,0.787036265110463,0.9155481450604422,False,False,False,False,-0.049263771339653026,-0.08125787758085434,False,False,False,False,-123089.0,-471714.3199525836,False,False,False,False,32041.105945146413,False,False,False,False
2025-07-24 17:00:00+00:00,82.33,82.74,82.0,82.09,20521.0,82.89897475568957,78.27340841536218,84.15172759202436,94.00169998309813,96.32302896943007,97.95182337462045,98.86358298596424,75.07924812420443,78.27340841536218,94.00169998309813,96.32302896943007,90.3520351537413,75.07924812420443,"rgba(38, 166, 154, 1.0)",3.486042662020407,84.40518561161369,-0.6641300282515398,67.80202125167119,13.072033854023566,True,False,True,False,True,2.576056097544587,0.0,0.0,0.0,0.0,0,0.781647019619278,0.9185445911609118,False,False,False,False,-0.06080447515479979,-0.07103117636782706,False,False,False,False,-143610.0,-466627.4312711482,False,False,False,False,31862.49965142321,False,False,False,False
2025-07-25 17:00:00+00:00,81.375,82.48,81.37,82.22,47442.0,82.68988806345756,78.32968787734319,84.12936799255385,93.92339999450698,96.23845697719462,97.86438132671303,98.77513280284752,75.31260447184303,78.32968787734319,93.92339999450698,96.23845697719462,90.27861643351669,75.31260447184303,"rgba(38, 166, 154, 1.0)",3.59282319165185,84.41496326293094,-0.6109299416768059,68.30914406896677,13.718652486131951,True,False,True,False,True,2.7333321282600984,0.0,0.0,0.0,0.0,0,0.7842924588490494,0.9165922334226535,False,False,False,False,-0.06909752798475191,-0.07006435217628948,False,False,False,False,-96168.0,-460883.87419717695,False,False,False,False,32104.042292486418,False,False,False,False
2025-07-28 17:00:00+00:00,79.92,80.03,78.98,79.14,20977.0,82.37412150237563,78.33663379747736,84.10742425614995,93.88149580475383,96.19449493291036,97.819630629728,98.73020229886308,75.37220519139815,78.33663379747736,93.88149580475383,96.19449493291036,90.20628617460831,75.37220519139815,"rgba(38, 166, 154, 0.75)",3.581668165370955,84.388218968562,-1.4653001691513317,62.54957031613302,17.443122289457634,True,False,True,False,False,0.0,0.0,0.0,0.0,0.0,0,0.780081146189933,0.9151557415155746,False,False,False,False,-0.11439347160065484,-0.09222891188847215,False,False,False,False,-117145.0,-455554.58932590287,False,False,False,False,31931.530008881975,False,False,False,False
2025-07-29 17:00:00+00:00,78.925,79.57,78.915,79.52,17835.0,82.14589562911937,78.3421983151728,84.08873704200701,93.84593952474081,96.15719069056462,97.78165363994158,98.69207003973955,75.42092861581197,78.3421983151728,93.84593952474081,96.15719069056462,90.15052641161223,75.42092861581197,"rgba(38, 166, 154, 0.75)",3.589291345146735,84.36758153487845,-1.3505678610996907,59.28658476047249,14.504651860343628,True,False,True,False,False,0.0,0.0,0.0,0.0,0.0,0,0.7798538466455036,0.9181455994205001,False,False,False,False,-0.11933167443085106,-0.10578029315966161,False,False,False,False,-99310.0,-450031.41739836946,False,False,False,False,31712.97915603109,False,False,False,False
2025-07-30 17:00:00+00:00,79.89,80.09,77.475,78.155,23370.0,81.82584326180236,78.34387414037677,84.06058267214955,93.79717905234328,96.10635648174554,97.73008126344223,98.64037282733482,75.47091165321288,78.34387414037677,93.79717905234328,96.10635648174554,90.0720413855992,75.47091165321288,"rgba(38, 166, 154, 0.5)",3.6028658862882326,84.3339215280422,-1.7150018132947722,54.91393274354148,10.56823204210066,False,True,True,False,False,0.0,0.0,0.0,0.0,0.0,0,0.7706340094399795,0.9190585533869117,False,False,False,False,-0.1279994254341627,-0.11688985929691216,False,False,False,False,-122680.0,-444956.2016247513,False,False,False,False,31583.630641984095,False,False,False,False
2025-07-31 17:00:00+00:00,77.88,77.88,76.23,76.4,36887.0,81.20776130439212,78.32682082624007,84.00284348734651,93.71213865071435,96.0188270602776,97.64191240284867,98.55229765628464,75.50425683783851,78.32682082624007,93.71213865071435,96.0188270602776,89.92322876972914,75.50425683783851,"rgba(239, 83, 80, 1.0)",3.5879039930087258,84.25548091571545,-2.189434536437537,49.64333416489724,5.877709956538816,False,True,False,True,False,0.0,0.0,0.0,0.0,0.0,0,0.7764643009833264,0.9256519880290726,False,False,False,False,-0.16073317078099708,-0.1388115150389546,False,False,False,False,-159567.0,-440531.56283987145,False,False,False,False,31665.853422728527,False,False,False,False
2025-08-01 17:00:00+00:00,76.29,76.545,75.965,75.99,30079.0,80.74523450527508,78.3070728764877,83.95210110306495,93.64069405151623,95.94556628362402,97.56826759628399,98.47880323201792,75.51718734938457,78.3070728764877,93.64069405151623,95.94556628362402,89.80539137832427,75.51718734938457,"rgba(239, 83, 80, 1.0)",3.569836304822412,84.18877982635584,-2.296682291924786,45.62555910046092,2.383586322453205,False,True,False,True,False,0.0,0.0,0.0,0.0,0.0,0,0.7770576659822042,0.9253293976728273,False,False,False,False,-0.17600434773187662,-0.15740793138541562,False,False,False,False,-189646.0,-436641.8641911913,False,False,False,False,31641.25104408157,False,False,False,False
2025-08-04 17:00:00+00:00,76.83,77.555,76.52,77.14,37062.0,80.37211307484732,78.29331194456186,83.8976387241983,93.55797733507292,95.86013428594799,97.48202534625607,98.39255389157225,75.55369780556609,78.29331194456186,93.55797733507292,95.86013428594799,89.69367922892238,75.55369780556609,"rgba(239, 83, 80, 1.0)",3.5812318178691296,84.12859043950787,-1.95144877375354,45.20951996828996,2.073966930044101,False,True,False,True,False,0.0,0.0,0.0,0.0,0.0,0,0.7742886025853356,0.9265480825070443,False,False,False,False,-0.16106640863673333,-0.15923717001107446,False,False,False,False,-152584.0,-432237.86629675416,False,False,False,False,31725.293663553173,False,False,False,False
2025-08-05 17:00:00+00:00,77.555,78.52,77.555,78.15,38089.0,80.15499538028487,78.29084111402969,83.85065443445423,93.47894606184731,95.77778284893077,97.39846620193312,98.30877303501248,75.61312283564484,78.29084111402969,93.47894606184731,95.77778284893077,89.6086370109275,75.61312283564484,"rgba(239, 83, 80, 1.0)",3.6015051283004014,84.08770266105063,-1.6486725548139658,46.73115990768238,2.073966930044101,False,True,False,True,False,0.0,0.0,0.0,0.0,0.0,0,0.7763511047173257,0.9195027161660193,False,False,False,False,-0.14207868527481196,-0.15065792764294322,False,False,False,False,-114495.0,-427311.62030765717,False,False,False,False,31823.955777296535,False,False,False,False
2025-08-06 17:00:00+00:00,75.82,75.96,73.705,73.82,52515.0,79.50244661520651,78.23251907777542,83.7477140557098,93.34627717696989,95.64277392017394,97.26330578415502,98.17414879596643,75.57793200668519,78.23251907777542,93.34627717696989,95.64277392017394,89.41559791799385,75.57793200668519,"rgba(239, 83, 80, 1.0)",3.58743681489804,83.95977275631498,-2.826467274407778,42.45641624208172,-0.613128709807576,False,True,False,True,False,0.0,0.0,0.0,0.0,0.0,0,0.7714672934798723,0.9205471909874429,False,False,False,False,-0.20336527902934043,-0.17701160333614183,False,False,False,False,-167010.0,-423275.93627187953,False,False,False,False,32144.747160594263,False,False,False,False
2025-08-07 17:00:00+00:00,74.595,74.785,74.08,74.51,20284.0,79.28740108214828,78.2102527607395,83.70840190771342,93.29543000699684,95.59099434343783,97.21144258572392,98.12247670081962,75.56448502235249,78.2102527607395,93.29543000699684,95.59099434343783,89.34662848393994,75.56448502235249,"rgba(239, 83, 80, 1.0)",3.5704758647672983,83.91304225328545,-2.633554352256707,40.797593844578934,-2.3062865335229787,False,True,False,True,False,0.0,0.0,0.0,0.0,0.0,0,0.7741791804530416,0.9235598540765253,False,False,False,False,-0.21111173404735145,-0.19406166869174662,False,False,False,False,-146726.0,-418988.34036068764,False,False,False,False,31960.85960771683,False,False,False,False
2025-08-08 17:00:00+00:00,74.92,74.945,73.98,74.19,17147.0,79.11640262593599,78.19120383865368,83.67511919598884,93.25246281696421,95.54724100053804,97.16761757777219,98.07881186671382,75.55249598817193,78.19120383865368,93.25246281696421,95.54724100053804,89.2898369889381,75.55249598817193,"rgba(239, 83, 80, 1.0)",3.5656907231724704,83.87406780219267,-2.7159023465659837,39.348999087489254,-3.907841272555686,False,True,False,True,False,0.0,0.0,0.0,0.0,0.0,0,0.7741744158952745,0.9203965345590888,False,False,False,False,-0.21052989418247503,-0.20229578143711083,False,False,False,False,-163873.0,-415033.0637659483,False,False,False,False,31731.18736573672,False,False,False,False
2025-08-11 17:00:00+00:00,73.1,73.1,71.65,71.89,32804.0,78.68567393841869,78.13498515871441,83.59748323721219,93.16146866731346,95.4555564958894,97.07634871925407,97.98815770245946,75.48949976736843,78.13498515871441,93.16146866731346,95.4555564958894,89.15709627418025,75.48949976736843,"rgba(239, 83, 80, 1.0)",3.5617665004304353,82.43798416397397,-2.9614474061394125,36.177413198807045,-7.12988934641141,False,True,False,True,False,0.0,0.0,0.0,0.0,0.0,0,0.7715086034413768,0.9236115498831112,False,False,False,False,-0.251376939462559,-0.2268363604498349,False,False,False,False,-196677.0,-411647.69843624363,False,False,False,False,31747.820119756307,False,False,False,False
2025-08-12 17:00:00+00:00,72.58,73.73,72.455,73.64,24148.0,78.44806442969784,78.10157125423059,83.5462691890375,93.09835589661834,95.39158582330947,97.01243917359419,97.92456155559067,75.45916664917704,78.10157125423059,93.09835589661834,95.39158582330947,89.07469247458266,75.45916664917704,"rgba(239, 83, 80, 1.0)",3.5570954025282444,82.40980348034603,-2.4654394914774547,37.20870502835716,-7.12988934641141,False,True,False,True,False,0.0,0.0,0.0,0.0,0.0,0,0.7694823573809677,0.921252908987987,False,False,False,False,-0.23725098212513038,-0.23204367128748266,False,False,False,False,-172529.0,-407940.4317938213,False,False,False,False,31629.993451232953,False,False,False,False
2025-08-13 17:00:00+00:00,74.17,75.245,73.735,74.97,26807.0,78.27151365498618,78.07542713205999,83.4975394066254,93.03358842972129,95.32539020537973,96.94597956677471,97.85826175468301,75.44704693544818,78.07542713205999,93.03358842972129,95.32539020537973,89.00110002146145,75.44704693544818,"rgba(239, 83, 80, 0.75)",3.553936539657511,82.40201982036893,-2.0912078022319305,39.983976272732576,-7.12988934641141,False,True,False,True,True,0.0,0.0,0.0,0.0,0.0,0,0.7762492159732388,0.9144469997909263,False,False,False,False,-0.20999666435770065,-0.22102016782259165,False,False,False,False,-145722.0,-403875.02975050616,False,False,False,False,31555.218358965772,False,False,False,False
2025-08-14 17:00:00+00:00,73.94,74.875,73.84,74.535,17797.0,78.15611173256404,78.05712037912228,83.46463634739217,92.99029772613368,95.28118288529146,96.90161573094196,97.81401352343134,75.43690190642634,78.05712037912228,92.99029772613368,95.28118288529146,88.9521397606967,75.43690190642634,"rgba(239, 83, 80, 0.75)",3.553208612145693,82.38205629849267,-2.208442327779352,41.27922718939616,-7.12988934641141,False,True,False,True,True,0.0,0.0,0.0,0.0,0.0,0,0.7773014816047946,0.912206592308973,False,False,False,False,-0.2125669510620816,-0.21679355944233664,False,False,False,False,-163519.0,-400148.5796768549,False,False,False,False,31341.912647974055,False,False,False,False
2025-08-15 17:00:00+00:00,75.62,76.29,75.275,76.12,48278.0,77.98627938032111,78.02816664401392,83.39095826405482,92.8831371599913,95.17062806687835,96.78999985160547,97.7023492858979,75.44881897202205,78.02816664401392,92.8831371599913,95.17062806687835,88.8502169503947,75.44881897202205,"rgba(239, 83, 80, 0.75)",3.559834483446447,82.36987274280335,-1.755663857930986,44.581317712895114,-11.568442315843598,False,True,False,True,True,0.0,0.0,0.0,0.0,0.0,0,0.780931420384943,0.9115918858875073,False,False,False,False,-0.18506175711483128,-0.20092765827858394,False,False,False,False,-115241.0,-395731.4078989192,False,False,False,False,31604.48764567988,False,False,False,False
2025-08-18 17:00:00+00:00,77.745,78.13,77.15,77.27,22023.0,77.97072207196501,78.02506099315453,83.36499125196642,92.8393224859093,95.12482163848898,96.74339806556654,97.65554822946689,75.47307017034693,78.02506099315453,92.8393224859093,95.12482163848898,88.81769496235968,75.47307017034693,#000000,3.575926046505294,82.38081198576879,-1.429227539748346,48.347317291556195,-7.905873852224097,False,True,False,False,True,0.0,0.0,0.0,0.0,0.0,0,0.7852107580675173,0.9063113720463899,False,False,False,False,-0.1496133775556385,-0.17527051791711123,False,False,False,False,-93218.0,-391041.27754389716,False,False,False,False,31455.937449622827,False,False,False,False
2025-08-19 17:00:00+00:00,77.87,78.41,77.515,78.375,22503.0,77.9749548491731,78.02552304727948,83.34131729400936,92.79650477352438,95.0798041899533,96.69745043889647,97.60932944709556,75.50417685291063,78.02552304727948,92.79650477352438,95.0798041899533,88.78926914856166,75.50417685291063,"rgba(38, 166, 154, 0.5)",3.5916732806506597,82.39446915988896,-1.1191076820775854,52.242725266183704,-4.216074942934739,False,True,True,False,True,0.0,0.0,0.0,0.0,0.0,0,0.7849009031351399,0.9054911443156223,False,False,False,False,-0.1434990739827508,-0.15938479594993102,False,False,False,False,-70715.0,-386074.9786672476,False,False,False,False,31317.132217845727,False,False,False,False
2025-08-20 17:00:00+00:00,77.84,77.9,77.26,77.5,22039.0,77.96185496225536,78.02268879659195,83.31594009605675,92.75325947673255,95.03453309420239,96.6513528925441,97.5630124820938,75.52766907806716,78.02268879659195,92.75325947673255,95.03453309420239,88.75752025721098,75.52766907806716,"rgba(38, 166, 154, 0.5)",3.597079255612268,82.39550380832449,-1.3609663453165186,53.291066546019124,-3.1458055845345427,False,False,True,False,True,0.0,0.0,0.0,0.0,0.0,0,0.7823804208524539,0.9054528918103272,False,False,False,False,-0.15075213509233276,-0.1550684655211319,False,False,False,False,-92754.0,-381527.36659488716,False,False,False,False,31173.285206716333,False,False,False,False
2025-08-21 17:00:00+00:00,77.04,77.52,76.86,77.435,12828.0,77.94959481977116,78.0200740664245,83.30055427763634,92.72773659616736,95.00786732038145,96.62422924986787,97.53577353034457,75.53922949746386,78.0200740664245,92.72773659616736,95.00786732038145,88.73797569437048,75.53922949746386,"rgba(38, 166, 154, 0.5)",3.6121837272298634,82.39261998920152,-1.3724717133930096,53.87132475195569,-2.3520643436880277,False,False,True,False,True,0.0,0.0,0.0,0.0,0.0,0,0.7768540073162622,0.9122879946790825,False,False,False,False,-0.15816366230413334,-0.1566160639126326,False,False,False,False,-105582.0,-377249.14385698194,False,False,False,False,30888.862180255615,False,False,False,False
2025-08-22 17:00:00+00:00,80.98,81.13,80.615,80.875,13842.0,78.00458191009577,78.03075297302387,83.29390561266698,92.70668612825735,94.98500819570457,96.60047774989884,97.51167284383818,75.57711157292776,78.03075297302387,92.70668612825735,94.98500819570457,88.73329791621221,75.57711157292776,"rgba(38, 166, 154, 1.0)",3.685571047467532,82.41722782224979,-0.4184501675281763,58.40594002977872,2.1146541125208103,True,False,True,False,True,2.393075242048617,0.0,0.0,0.0,0.0,0,0.7764833378488216,0.9145947523081094,False,False,False,False,-0.08875191079343038,-0.12268398735303149,False,False,False,False,-91740.0,-372822.64550261013,False,False,False,False,30624.569743352426,False,False,False,False
