date,Close,High,Low,Open,Volume,Gap_Up_aVWAP_912,Gap_Up_aVWAP_899,Gap_Up_aVWAP_828,Gap_Up_aVWAP_791,Gap_Up_aVWAP_715,Gap_Up_aVWAP_692,Gap_Up_aVWAP_657,Gap_Up_aVWAP_632,Gap_Up_aVWAP_597,Gap_Up_aVWAP_587,Gap_Down_aVWAP_816,Gap_Down_aVWAP_793,Gap_Down_aVWAP_773,Gap_Down_aVWAP_766,Gap_Down_aVWAP_649,Gap_Down_aVWAP_628,Gap_Down_aVWAP_607,Gap_Down_aVWAP_569,Gap_Down_aVWAP_439,Gap_Down_aVWAP_405,aVWAP_OB_bull_817,aVWAP_OB_bull_649,aVWAP_OB_bull_530,aVWAP_OB_bull_440,aVWAP_OB_bull_307,aVWAP_OB_bull_245,aVWAP_OB_bull_187,color,Liquidity,Liquidity_Level,StDev,StDev_Mean,StdDev_ZScore,OB,OB_High,OB_Low,OB_Mitigated_Index,FVG,FVG_High,FVG_Low,FVG_Mitigated_Index,QQEMOD,QQE1_Value,QQE1_Above_Upper,QQE1_Below_Lower,QQE2_Above_Threshold,QQE2_Below_Threshold,QQE2_Above_TL,banker_RSI,TTM_squeeze_Active,VI_plus,VI_minus,VI_Regular_Bullish,VI_Regular_Bearish,VI_Hidden_Bullish,VI_Hidden_Bearish,Fisher,Fisher_Signal,Fisher_Regular_Bullish,Fisher_Regular_Bearish,Fisher_Hidden_Bullish,Fisher_Hidden_Bearish,OBV,OBV_Smoothed,OBV_Regular_Bullish,OBV_Regular_Bearish,OBV_Hidden_Bullish,OBV_Hidden_Bearish,Volume_MA,Vol_Regular_Bullish,Vol_Regular_Bearish,Vol_Hidden_Bullish,Vol_Hidden_Bearish
2022-01-03 00:00:00+00:00,13.3262422033,13.6363397247,13.2081666086,13.2308275813,79199,,,,,,,,,,,,,,,,,,,,,,,,,,,,#000000,-1.0,14.255987,,,,0.0,0.0,0.0,0.0,0.0,0.0,0.0,0.0,,,False,False,False,False,False,,0,,,False,False,False,False,,,False,False,False,False,0,0.0,False,False,False,False,79199.0,False,False,False,False
2022-01-04 00:00:00+00:00,13.5965836322,13.6522421617,13.3500958588,13.4137056068,90441,,,,,,,,,,,,,,,,,,,,,,,,,,,,"rgba(38, 166, 154, 0.5)",0.0,0.0,,,,0.0,0.0,0.0,0.0,0.0,0.0,0.0,0.0,100.0,,False,False,True,False,False,,0,,,False,False,False,False,,,False,False,False,False,90441,3546.705882352941,False,False,False,False,79639.86274509804,False,False,False,False
2022-01-05 00:00:00+00:00,13.2864861108,13.6999494727,13.2785348923,13.6442909432,66596,,,,,,,,,,,,,,,,,,,,,,,,,,,,"rgba(38, 166, 154, 0.5)",0.0,0.0,,,,0.0,0.0,0.0,0.0,0.0,0.0,0.0,0.0,81.40442132600805,-24.382314695967807,False,False,True,False,True,,0,,,False,False,False,False,,,False,False,False,False,23845,4342.717416378316,False,False,False,False,79128.33871587852,False,False,False,False
2022-01-06 00:00:00+00:00,13.4216568253,13.4852665732,13.3259241545,13.4534616993,49744,,,,,,,,,,,,,,,,,,,,,,,,,,,,"rgba(38, 166, 154, 0.5)",0.0,0.0,,,,0.0,0.0,0.0,0.0,0.0,0.0,0.0,0.0,72.93176667526077,-24.382314695967807,False,False,True,False,True,,0,,,False,False,False,False,,,False,False,False,False,73589,7058.257909853676,False,False,False,False,77976.0117074127,False,False,False,False
2022-01-07 00:00:00+00:00,13.4773153547,13.5806811952,13.3421446403,13.3978031698,105896,,,,,,,,,,,,,,,,,,,,,,,,,,,,"rgba(38, 166, 154, 0.5)",0.0,0.0,,,,0.0,0.0,0.0,0.0,0.0,0.0,0.0,0.0,68.56336799907628,-24.382314695967807,False,False,True,False,True,,0,,,False,False,False,False,,,False,False,False,False,179485,13820.09093299667,False,False,False,False,79070.9132090828,False,False,False,False
2022-01-10 00:00:00+00:00,13.3819007328,13.5727299767,13.3103397663,13.5727299767,46259,,,,,,,,,,,,,,,,,,,,,,,,,,,,"rgba(38, 166, 154, 0.5)",0.0,0.0,,,,0.0,0.0,0.0,0.0,0.0,0.0,0.0,0.0,62.833644555893066,-24.382314695967807,False,False,True,False,True,,0,,,False,False,False,False,,,False,False,False,False,133226,18502.675602290918,False,False,False,False,77784.17151460897,False,False,False,False
2022-01-11 00:00:00+00:00,13.5568275397,13.5806811952,13.1990227073,13.2542041637,68714,,,,,,,,,,,,,,,,,,,,,,,,,,,,"rgba(38, 166, 154, 0.5)",0.0,0.0,,,,0.0,0.0,0.0,0.0,0.0,0.0,0.0,0.0,62.60791975091004,-24.382314695967807,False,False,True,False,True,,0,,,False,False,False,False,,,False,False,False,False,201940,25696.296166906963,False,False,False,False,77428.47851403608,False,False,False,False
2022-01-12 00:00:00+00:00,13.4614129177,13.6601933802,13.4455104808,13.6124860692,60325,,,,,,,,,,,,,,,,,,,,,,,,,,,,"rgba(38, 166, 154, 0.5)",0.0,0.0,,,,0.0,0.0,0.0,0.0,0.0,0.0,0.0,0.0,60.02459879361855,-24.382314695967807,False,False,True,False,True,,0,,,False,False,False,False,,,False,False,False,False,141615,30242.12768977336,False,False,False,False,76757.75386642682,False,False,False,False
2022-01-13 00:00:00+00:00,13.7079006912,13.7476567837,13.5409251027,13.5409251027,67861,,,,,,,,,,,,,,,,,,,,,,,,,,,,"rgba(38, 166, 154, 0.5)",0.0,0.0,,,,0.0,0.0,0.0,0.0,0.0,0.0,0.0,0.0,62.06709681593422,-24.382314695967807,False,False,True,False,True,,0,,,False,False,False,False,,,False,False,False,False,209476,37270.90699605676,False,False,False,False,76408.8615579395,False,False,False,False
2022-01-14 00:00:00+00:00,13.7397055652,13.7834372669,13.5170714472,13.5170714472,94997,,,,,,,,,,,,,,,,,,,,,,,,,,,,"rgba(38, 166, 154, 0.5)",0.0,0.0,,,,0.0,0.0,0.0,0.0,0.0,0.0,0.0,0.0,63.81567989957539,-24.382314695967807,False,False,True,False,True,,0,,,False,False,False,False,,,False,False,False,False,304473,47749.42044719179,False,False,False,False,77137.8081635105,False,False,False,False
2022-01-18 00:00:00+00:00,13.4534616993,13.7952845825,13.4375592623,13.6840470357,60449,,,,,,,,,,,,,,,,,,,,,,,,,,,,"rgba(38, 166, 154, 0.5)",0.0,0.0,,13.562101848033334,,0.0,0.0,0.0,0.0,0.0,0.0,0.0,0.0,59.29449185962625,-24.382314695967807,False,False,True,False,True,,0,,,False,False,False,False,,,False,False,False,False,244024,55446.462782596034,False,False,False,False,76483.3450982748,False,False,False,False
2022-01-19 00:00:00+00:00,13.3739495143,13.6045348507,13.2189007535,13.6045348507,68279,,,,,,,,,,,,,,,,,,,,,,,,,,,,"rgba(38, 166, 154, 0.5)",0.0,0.0,,13.47565860403684,,0.0,0.0,0.0,0.0,0.0,0.0,0.0,0.0,55.0763620570607,-24.382314695967807,False,False,True,False,True,,0,,,False,False,False,False,,,False,False,False,False,175745,60164.052477396195,False,False,False,False,76161.60607481305,False,False,False,False
2022-01-20 00:00:00+00:00,13.2069739258,13.4693641362,13.1433641778,13.4137056068,54101,,,,,,,,,,,,,,,,,,,,,,,,,,,,#000000,0.0,0.0,,13.415759084931425,,0.0,0.0,0.0,0.0,0.0,0.0,0.0,0.0,50.050505084219694,-24.382314695967807,False,False,False,False,False,,0,,,False,False,False,False,,,False,False,False,False,121644,62575.03081161595,False,False,False,False,75296.48426795765,False,False,False,False
2022-01-21 00:00:00+00:00,13.1433641778,13.3819007328,13.1195105223,13.1672178333,108839,,,,,,,,,,,,,,,,,,,,,,,,,,,,"rgba(239, 83, 80, 0.5)",0.0,0.0,,13.340815775194384,,0.0,0.0,0.0,0.0,0.0,0.0,0.0,0.0,45.94915393767009,-24.382314695967807,False,False,False,True,False,,0,,,False,False,False,False,,,False,False,False,False,12805,60623.264897434936,False,False,False,False,76611.87704176323,False,False,False,False
2022-01-24 00:00:00+00:00,13.1672178333,13.3739495143,12.9922910263,13.1195105223,177605,,,,,,,,,,,,,,,,,,,,,,,,,,,,"rgba(239, 83, 80, 0.5)",0.0,0.0,,13.279126820319016,,0.0,0.0,0.0,0.0,0.0,0.0,0.0,0.0,43.68598544889774,-24.382314695967807,False,False,False,True,False,,0,,,False,False,False,False,,,False,False,False,False,190410,65712.94078381003,False,False,False,False,80572.39166757643,False,False,False,False
2022-01-25 00:00:00+00:00,13.1990227073,13.2467300183,13.0081934633,13.1036080853,106448,,,,,,,,,,,,,,,,,,,,,,,,,,,,"rgba(239, 83, 80, 0.5)",0.0,0.0,,13.255495112488354,,0.0,0.0,0.0,0.0,0.0,0.0,0.0,0.0,42.83066251449083,-24.382314695967807,False,False,False,True,False,,0,,,False,False,False,False,,,False,False,False,False,296858,74777.45290993513,False,False,False,False,81587.12140610286,False,False,False,False
2022-01-26 00:00:00+00:00,13.1354129593,13.4057543883,13.0797544298,13.2387787998,148728,,,,,,,,,,,,,,,,,,,,,,,,,,,,"rgba(239, 83, 80, 0.5)",0.0,0.0,,13.245533805268956,,0.0,0.0,0.0,0.0,0.0,0.0,0.0,0.0,41.353134802916784,-24.382314695967807,False,False,False,True,False,,0,,,False,False,False,False,,,False,False,False,False,148130,77654.02338405533,False,False,False,False,84220.09703723609,False,False,False,False
2022-01-27 00:00:00+00:00,13.1513153963,13.4057543883,13.0956568668,13.3898519513,85083,,,,,,,,,,,,,,,,,,,,,,,,,,,,"rgba(239, 83, 80, 0.5)",0.0,0.0,,13.242595351701532,,0.0,0.0,0.0,0.0,0.0,0.0,0.0,0.0,40.73522605328969,-24.382314695967807,False,False,False,True,False,,1,,,False,False,False,False,,,False,False,False,False,233213,83754.37540821002,False,False,False,False,84253.93636910919,False,False,False,False
2022-01-28 00:00:00+00:00,13.2387787998,13.2467300183,12.9763885893,13.1274617408,89022,,,,,,,,,,,,,,,,,,,,,,,,,,,,"rgba(239, 83, 80, 0.5)",0.0,0.0,,13.233814599813515,,0.0,0.0,0.0,0.0,0.0,0.0,0.0,0.0,42.2916854097946,-24.382314695967807,False,False,False,True,False,,1,,,False,False,False,False,,,False,False,False,False,322235,93106.55676475081,False,False,False,False,84440.91925659511,False,False,False,False
2022-01-31 00:00:00+00:00,13.1036080853,13.1513153963,13.0399983373,13.1195105223,90274,,,,,,,,,,,,,,,,,,,,,,,,,,,,"rgba(239, 83, 80, 0.5)",0.0,0.0,,13.221443602608975,,0.0,0.0,0.0,0.0,0.0,0.0,0.0,0.0,41.175403156041284,-24.382314695967807,False,False,False,True,False,,1,,,False,False,False,False,,,False,False,False,False,231961,98551.82904848608,False,False,False,False,84669.66752104237,False,False,False,False
2022-02-01 00:00:00+00:00,13.0161446818,13.1592666148,12.9048276229,13.0797544298,135578,,,,,,,,,,,,,,,,,,,,,,,,,,,,"rgba(239, 83, 80, 0.5)",0.0,0.0,,13.197967500549876,,0.0,0.0,0.0,0.0,0.0,0.0,0.0,0.0,39.23725312627187,-24.382314695967807,False,False,False,True,False,,1,,,False,False,False,False,,,False,False,False,False,96383,98466.77692893762,False,False,False,False,86666.07271629562,False,False,False,False
2022-02-02 00:00:00+00:00,13.1354129593,13.1433641778,12.8730227489,12.9922910263,118994,,,,,,,,,,,,,,,,,,,,,,,,,,,,"rgba(239, 83, 80, 0.5)",0.0,0.0,,13.183864353628367,,0.0,0.0,0.0,0.0,0.0,0.0,0.0,0.0,40.557430950745456,-23.30530248366808,False,False,False,True,False,,1,,,False,False,False,False,,,False,False,False,False,215377,103051.49155917537,False,False,False,False,87933.83457055854,False,False,False,False
2022-02-03 00:00:00+00:00,13.0240959003,13.2785348923,13.0081934633,13.0797544298,69759,,,,,,,,,,,,,,,,,,,,,,,,,,,,"rgba(239, 83, 80, 0.5)",0.0,0.0,,13.179600896558568,,0.0,0.0,0.0,0.0,0.0,0.0,0.0,0.0,39.843630127722875,-22.77916996857391,False,False,False,True,False,,1,,,False,False,False,False,,,False,False,False,False,145618,104720.76639999202,False,False,False,False,87221.09595994839,False,False,False,False
2022-02-04 00:00:00+00:00,12.9922910263,13.0479495558,12.8412178749,13.0161446818,58654,,,,,,,,,,,,,,,,,,,,,,,,,,,,"rgba(239, 83, 80, 0.5)",0.0,0.0,,13.170232304623818,,0.0,0.0,0.0,0.0,0.0,0.0,0.0,0.0,38.93724635329637,-22.54938757005775,False,False,False,True,False,,0,,,False,False,False,False,,,False,False,False,False,86964,104024.42261960018,False,False,False,False,86100.81768700923,False,False,False,False
2022-02-07 00:00:00+00:00,13.1513153963,13.2069739258,12.8173642194,12.8968764044,80974,,,,,,,,,,,,,,,,,,,,,,,,,,,,"rgba(239, 83, 80, 0.5)",0.0,0.0,,13.16400753296438,,0.0,0.0,0.0,0.0,0.0,0.0,0.0,0.0,41.60365631898579,-18.997100983539095,False,False,False,True,False,,1,,,False,False,False,False,,,False,False,False,False,167938,106530.83741883155,False,False,False,False,85899.76601300886,False,False,False,False
2022-02-08 00:00:00+00:00,13.0479495558,13.2785348923,13.0399983373,13.1274617408,66723,,,,,,,,,,,,,,,,,,,,,,,,,,,,"rgba(239, 83, 80, 0.5)",0.0,0.0,,13.162170012321607,,0.0,0.0,0.0,0.0,0.0,0.0,0.0,0.0,41.81078869967615,-17.89757205614916,False,False,False,True,False,,1,,,False,False,False,False,,,False,False,False,False,101215,106322.37320632835,False,False,False,False,85147.73597328302,False,False,False,False
2022-02-09 00:00:00+00:00,12.9763885893,13.2069739258,12.9525349339,13.0559007743,64634,,,,,,,,,,,,,,,,,,,,,,,,,,,,"rgba(239, 83, 80, 0.5)",0.0,0.0,,13.157401612897793,,0.0,0.0,0.0,0.0,0.0,0.0,0.0,0.0,40.94935656273799,-17.89757205614916,False,False,False,True,False,,1,,,False,False,False,False,,,False,False,False,False,36581,103587.41739431549,False,False,False,False,84343.27573903663,False,False,False,False
2022-02-10 00:00:00+00:00,12.7776081269,12.9698685902,12.7378520344,12.9207300599,78398,,,,,,,,,,,,,,,,,,,,,,,,,,,,"rgba(239, 83, 80, 0.5)",0.0,0.0,,13.141889400978979,,0.0,0.0,0.0,0.0,0.0,0.0,0.0,0.0,38.04373007153235,-17.89757205614916,False,False,False,True,False,,1,,,False,False,False,False,,,False,False,False,False,-41817,97885.28337885214,False,False,False,False,84110.12767083912,False,False,False,False
2022-02-11 00:00:00+00:00,12.5152179164,12.9644617616,12.0063399325,12.8173642194,160777,,,,,,,,,,,,,,,,,,,,,,,,,,,,"rgba(239, 83, 80, 0.5)",0.0,0.0,,13.084877822689382,,0.0,0.0,0.0,0.0,0.0,0.0,0.0,0.0,33.89712196769278,-17.89757205614916,False,False,False,True,False,,1,,,False,False,False,False,,,False,False,False,False,-202594,86101.78206987755,False,False,False,False,87116.6716837474,False,False,False,False
2022-02-14 00:00:00+00:00,12.459559387,12.5947301014,12.380047202,12.5947301014,62394,,,,,,,,,,,,,,,,,,,,,,,,,,,,"rgba(239, 83, 80, 0.5)",0.0,0.0,,13.064801314555885,,0.0,0.0,0.0,0.0,0.0,0.0,0.0,0.0,30.741935918285016,-11.379985484639192,False,False,False,True,False,,1,,,False,False,False,False,,,False,False,False,False,-264988,72333.55532203922,False,False,False,False,86147.15514712984,False,False,False,False
2022-02-15 00:00:00+00:00,12.4675106055,12.6503886309,12.4039008575,12.5549740089,85181,,,,,,,,,,,,,,,,,,,,,,,,,,,,"rgba(239, 83, 80, 0.5)",0.0,0.0,,13.040704962252978,,0.0,0.0,0.0,0.0,0.0,0.0,0.0,0.0,28.818427064900664,-13.470995107200288,False,False,False,True,False,,0,,,False,False,False,False,,,False,False,False,False,-179807,62445.69040744945,False,False,False,False,86109.2667099875,False,False,False,False
2022-02-16 00:00:00+00:00,12.44365695,12.4834130424,12.173315521,12.395949639,99817,,,,,,,,,,,,,,,,,,,,,,,,,,,,"rgba(239, 83, 80, 0.5)",0.0,0.0,,13.008219669220685,,0.0,0.0,0.0,0.0,0.0,0.0,0.0,0.0,27.344377571671174,-15.152709838697248,False,False,False,True,False,,0,,,False,False,False,False,,,False,False,False,False,-279624,49031.19274441222,False,False,False,False,86646.82487822328,False,False,False,False
2022-02-17 00:00:00+00:00,12.2289740505,12.3124618447,12.221022832,12.300535017,61717,,,,,,,,,,,,,,,,,,,,,,,,,,,,"rgba(239, 83, 80, 0.5)",0.0,0.0,,12.98639537398707,,0.0,0.0,0.0,0.0,0.0,0.0,0.0,0.0,24.85174284338251,-17.79025121591515,False,False,False,True,False,,0,,,False,False,False,False,,,False,False,False,False,-341341,33722.47930345488,False,False,False,False,85669.1846869204,False,False,False,False
2022-02-18 00:00:00+00:00,12.4357057315,12.5390715719,12.141510647,12.141510647,82144,,,,,,,,,,,,,,,,,,,,,,,,,,,,"rgba(239, 83, 80, 0.5)",0.0,0.0,,12.963609477147902,,0.0,0.0,0.0,0.0,0.0,0.0,0.0,0.0,27.580077193123827,-17.79025121591515,False,False,False,True,False,,0,,,False,False,False,False,,,False,False,False,False,-259197,22235.44089939783,False,False,False,False,85530.94215017842,False,False,False,False
2022-02-22 00:00:00+00:00,12.3243886725,12.6424374124,12.3084862355,12.5311203534,104699,,,,,,,,,,,,,,,,,,,,,,,,,,,,"rgba(239, 83, 80, 0.5)",0.0,0.0,,12.939299694561022,,0.0,0.0,0.0,0.0,0.0,0.0,0.0,0.0,28.422045783752377,-17.79025121591515,False,False,False,True,True,,0,,,False,False,False,False,,,False,False,False,False,-363896,7093.03145236262,False,False,False,False,86282.63069330869,False,False,False,False
2022-02-23 00:00:00+00:00,12.3243886725,12.4992359673,12.3243886725,12.427754513,71305,,,,,,,,,,,,,,,,,,,,,,,,,,,,"rgba(239, 83, 80, 0.5)",0.0,0.0,,12.922696833307992,,0.0,0.0,0.0,0.0,0.0,0.0,0.0,0.0,28.983358177504744,-17.79025121591515,False,False,False,True,True,,0,,,False,False,False,False,,,False,False,False,False,-363896,-7455.558016357482,False,False,False,False,85695.27262690442,False,False,False,False
2022-02-24 00:00:00+00:00,12.014291151,12.1335594285,11.8552667811,12.1335594285,139489,,,,,,,,,,,,,,,,,,,,,,,,,,,,"rgba(239, 83, 80, 0.5)",0.0,0.0,,12.4364612949605,,0.0,0.0,0.0,0.0,0.0,0.0,0.0,0.0,27.047524279708462,-17.79025121591515,False,False,False,True,True,,0,,,False,False,False,False,,,False,False,False,False,-503385,-26903.77142748072,False,False,False,False,87804.83056310425,False,False,False,False
2022-02-25 00:00:00+00:00,12.189217958,12.3163579418,12.0540472435,12.0540472435,217544,,,,,,,,,,,,,,,,,,,,,,,,,,,,"rgba(239, 83, 80, 0.5)",0.0,0.0,,12.465844192851856,,0.0,0.0,0.0,0.0,0.0,0.0,0.0,0.0,28.957569002727304,-17.79025121591515,False,False,False,True,True,,0,,,False,False,False,False,,,False,False,False,False,-285841,-37058.17254797167,False,False,False,False,92892.64112925703,False,False,False,False
2022-02-28 00:00:00+00:00,12.28463258,12.4516081685,11.9904374956,12.1176569915,198855,,,,,,,,,,,,,,,,,,,,,,,,,,,,"rgba(239, 83, 80, 0.5)",0.0,0.0,,12.469350448860682,,0.0,0.0,0.0,0.0,0.0,0.0,0.0,0.0,31.79405827611292,-17.79025121591515,False,False,False,True,True,,0,,,False,False,False,False,,,False,False,False,False,-86986,-39016.12656569827,False,False,False,False,97048.0277516391,False,False,False,False
2022-03-01 00:00:00+00:00,12.1653643025,12.1862760072,12.0381448065,12.1812667395,157395,,,,,,,,,,,,,,,,,,,,,,,,,,,,"rgba(239, 83, 80, 0.5)",0.0,0.0,,12.449590549622396,,0.0,0.0,0.0,0.0,0.0,0.0,0.0,0.0,32.59196595819863,-23.60179778920389,False,False,False,True,True,,0,,,False,False,False,False,,,False,False,False,False,-244381,-47069.65101410226,False,False,False,False,99414.57568294738,False,False,False,False
2022-03-02 00:00:00+00:00,12.411852076,12.4516081685,12.189217958,12.189217958,152907,,,,,,,,,,,,,,,,,,,,,,,,,,,,"rgba(239, 83, 80, 0.5)",0.0,0.0,,12.457758663511417,,0.0,0.0,0.0,0.0,0.0,0.0,0.0,0.0,36.76444395234273,-19.49707125963425,False,False,False,True,True,,0,,,False,False,False,False,,,False,False,False,False,-91474,-48810.99803315708,False,False,False,False,101512.31781302788,False,False,False,False
2022-03-03 00:00:00+00:00,12.427754513,12.6185837569,12.395949639,12.411852076,89647,,,,,,,,,,,,,,,,,,,,,,,,,,,,"rgba(239, 83, 80, 0.5)",0.0,0.0,,12.468176511569059,,0.0,0.0,0.0,0.0,0.0,0.0,0.0,0.0,39.75907324202471,-16.625113060825342,False,False,False,True,True,,0,,,False,False,False,False,,,False,False,False,False,-1827,-46968.488306366606,False,False,False,False,101047.01123212483,False,False,False,False
2022-03-04 00:00:00+00:00,12.3243886725,12.3647965042,12.2009831544,12.2354914427,87961,,,,,,,,,,,,,,,,,,,,,,,,,,,,"rgba(239, 83, 80, 0.5)",0.0,0.0,,12.466163947033934,,0.0,0.0,0.0,0.0,0.0,0.0,0.0,0.0,40.58384443922097,-15.77692254586701,False,False,False,True,True,,1,,,False,False,False,False,,,False,False,False,False,-89788,-48647.68484337184,False,False,False,False,100533.8343210611,False,False,False,False
2022-03-07 00:00:00+00:00,12.1061863812,12.2920624071,12.0738601159,12.2920624071,226701,,,,,,,,,,,,,,,,,,,,,,,,,,,,"rgba(239, 83, 80, 0.5)",0.0,0.0,,12.443251236845988,,0.0,0.0,0.0,0.0,0.0,0.0,0.0,0.0,39.00233291580578,-15.77692254586701,False,False,False,True,True,,1,,,False,False,False,False,,,False,False,False,False,-316489,-59151.26582990628,False,False,False,False,105481.56630847049,False,False,False,False
2022-03-08 00:00:00+00:00,12.1061863812,12.2839808408,12.0819416822,12.1061863812,127090,,,,,,,,,,,,,,,,,,,,,,,,,,,,"rgba(239, 83, 80, 0.5)",0.0,0.0,,12.432125894716922,,0.0,0.0,0.0,0.0,0.0,0.0,0.0,0.0,37.94799190019566,-15.77692254586701,False,False,False,True,True,,1,,,False,False,False,False,,,False,False,False,False,-316489,-69242.94167971388,False,False,False,False,106328.95586500106,False,False,False,False
2022-03-09 00:00:00+00:00,12.2112467437,12.3082255398,12.0253707178,12.2354914427,135006,,,,,,,,,,,,,,,,,,,,,,,,,,,,"rgba(239, 83, 80, 0.5)",0.0,0.0,,12.422851283796263,,0.0,0.0,0.0,0.0,0.0,0.0,0.0,0.0,38.97860039274174,-15.77692254586701,False,False,False,True,True,,1,,,False,False,False,False,,,False,False,False,False,-181483,-73644.51259423491,False,False,False,False,107453.54583107946,False,False,False,False
2022-03-10 00:00:00+00:00,12.3486333715,12.3647965042,12.0415338505,12.1870020447,63248,,,,,,,,,,,,,,,,,,,,,,,,,,,,"rgba(239, 83, 80, 0.5)",0.0,0.0,,12.420703403120894,,0.0,0.0,0.0,0.0,0.0,0.0,0.0,0.0,41.71786174613946,-14.216523332297001,False,False,False,True,True,,1,,,False,False,False,False,,,False,False,False,False,-118235,-75393.15915916688,False,False,False,False,105719.99501417439,False,False,False,False
2022-03-11 00:00:00+00:00,12.2597361417,12.477938433,12.2354914427,12.3486333715,63956,,,,,,,,,,,,,,,,,,,,,,,,,,,,"rgba(239, 83, 80, 0.5)",0.0,0.0,,12.42053189313802,,0.0,0.0,0.0,0.0,0.0,0.0,0.0,0.0,42.45568410678154,-13.333592005241847,False,False,False,True,True,,1,,,False,False,False,False,,,False,False,False,False,-182191,-79581.30978037603,False,False,False,False,104082.19128812834,False,False,False,False
2022-03-14 00:00:00+00:00,12.3082255398,12.453693734,12.2354914427,12.3243886725,67541,,,,,,,,,,,,,,,,,,,,,,,,,,,,"rgba(239, 83, 80, 0.5)",0.0,0.0,,12.420474130685797,,0.0,0.0,0.0,0.0,0.0,0.0,0.0,0.0,43.69241676055546,-11.938337065050462,False,False,False,True,True,,1,,,False,False,False,False,,,False,False,False,False,-114650,-80956.55253408678,False,False,False,False,102649.20339447625,False,False,False,False
2022-03-15 00:00:00+00:00,12.1546757793,12.5102646984,12.1385126466,12.3728780705,82286,,,,,,,,,,,,,,,,,,,,,,,,,,,,"rgba(239, 83, 80, 0.5)",0.0,0.0,,12.418165923453444,,0.0,0.0,0.0,0.0,0.0,0.0,0.0,0.0,42.64100971306334,-11.938337065050462,False,False,False,True,True,0.0,1,,,False,False,False,False,-0.201144929999147,-0.201144929999147,False,False,False,False,-196936,-85504.76616020102,False,False,False,False,101850.64639861444,False,False,False,False
2022-03-16 00:00:00+00:00,12.3890412032,12.477938433,12.2354914427,12.2354914427,96657,,,,,,,,,,,,,,,,,,,,,,,,,,,,"rgba(239, 83, 80, 0.5)",0.0,0.0,,12.419141929125761,,0.0,0.0,0.0,0.0,0.0,0.0,0.0,0.0,45.307481622985364,-10.090939207200648,False,False,False,True,True,0.0,1,0.9053610481069223,1.0177520722057591,False,False,False,False,-0.18776647293679016,-0.1944557014679686,False,False,False,False,-100279,-86084.14787940882,False,False,False,False,101646.97399082565,False,False,False,False
2022-03-17 00:00:00+00:00,12.4213674686,12.5183462647,12.2839808408,12.3082255398,69944,,,,,,,,,,,,,,,,,,,,,,,,,,,,#000000,0.0,0.0,,12.420732919809161,,0.0,0.0,0.0,0.0,0.0,0.0,0.0,0.0,47.498587181371015,-7.8953477696716305,True,False,False,False,True,0.0,1,0.900133997438823,1.0178171921798507,False,False,False,False,-0.1694779805246557,-0.18196684099631216,False,False,False,False,-30335,-83897.90678609867,False,False,False,False,100403.72010883248,False,False,False,False
2022-03-18 00:00:00+00:00,12.4617753003,12.5102646984,12.2516545754,12.4132859023,160254,,,,,,,,,,,,,,,,,,,,,,,,,,,,#000000,0.0,0.0,,12.4237710581896,,0.0,0.0,0.0,0.0,0.0,0.0,0.0,0.0,49.49503209699729,-5.912326543413457,True,False,False,False,True,0.0,1,0.901685490926338,1.0217802947658212,False,False,False,False,-0.1777763006430225,-0.17987157081966731,False,False,False,False,129919,-75512.93004938892,False,False,False,False,102750.7899084861,False,False,False,False
2022-03-21 00:00:00+00:00,12.6476513262,12.6638144589,12.3647965042,12.4294490349,85812,,,,,,,,,,,,,,,,,,,,,,,,,,,,"rgba(38, 166, 154, 1.0)",0.0,0.0,,12.429423657323813,,0.0,0.0,0.0,0.0,0.0,0.0,0.0,0.0,53.06735805107393,-2.4968120186707594,True,False,True,False,True,0.0,1,0.9094018809754361,0.9995807848384007,False,False,False,False,-0.12339922090011399,-0.15163539585989066,False,False,False,False,215731,-64091.599459216806,False,False,False,False,102086.52363756509,False,False,False,False
2022-03-22 00:00:00+00:00,12.8173642194,12.9224245818,12.6234066272,12.6961407242,98654,,,,,,,,,,,,,,,,,,,,,,,,,,,,"rgba(38, 166, 154, 1.0)",1.0,14.078451,,12.557677558847516,,0.0,0.0,0.0,0.0,0.0,0.0,0.0,0.0,57.13043271374595,1.273336542567371,True,False,True,False,True,0.0,1,0.925959913943411,0.9886807725216997,False,False,False,False,-0.019700085178763246,-0.08566774051932696,False,False,False,False,314385,-49249.37987258086,False,False,False,False,101951.9148674645,False,False,False,True
2022-03-23 00:00:00+00:00,12.6153250608,12.8658536174,12.5668356628,12.8335273521,74636,,,,,,,,,,,,,,,,,,,,,,,,,,,,"rgba(38, 166, 154, 1.0)",0.0,0.0,,12.547181170705073,,0.0,0.0,0.0,0.0,0.0,0.0,0.0,0.0,56.74187824515332,1.273336542567371,True,False,True,False,True,0.0,1,0.9244902580629607,0.9919483457091756,False,False,False,False,-0.042271255740402774,-0.06396949812986487,False,False,False,False,239749,-37916.11007365612,False,False,False,False,100880.70251972078,False,False,False,False
2022-03-24 00:00:00+00:00,12.453693734,12.6234066272,12.4294490349,12.5991619281,79862,,,,,,,,,,,,,,,,,,,,,,,,,,,,"rgba(38, 166, 154, 0.75)",0.0,0.0,,12.523598443122152,,0.0,0.0,0.0,0.0,0.0,0.0,0.0,0.0,54.405619130181904,1.273336542567371,True,False,True,False,False,0.0,0,0.9217745707225181,1.0087438660595305,False,False,False,False,-0.11849635026221356,-0.0912329241960392,False,False,False,False,159887,-30159.12536488529,False,False,False,False,100056.43967581016,False,False,False,False
2022-03-25 00:00:00+00:00,12.5829987954,12.5829987954,12.477938433,12.477938433,85634,,,,,,,,,,,,,,,,,,,,,,,,,,,,"rgba(38, 166, 154, 0.75)",0.0,0.0,,12.516044231528527,,0.0,0.0,0.0,0.0,0.0,0.0,0.0,0.0,54.34343804110358,1.273336542567371,True,False,True,False,False,0.0,0,0.9062368260042083,1.0152883635382133,False,False,False,False,-0.11686333078620735,-0.10404812749112327,False,False,False,False,245521,-19348.14005645842,False,False,False,False,99490.85380617055,False,False,False,False
2022-03-28 00:00:00+00:00,12.526427831,12.6314881935,12.3890412032,12.5749172291,130101,,,,,,,,,,,,,,,,,,,,,,,,,,,,"rgba(38, 166, 154, 0.75)",0.0,0.0,,12.507454573961942,,0.0,0.0,0.0,0.0,0.0,0.0,0.0,0.0,53.557742986243234,1.273336542567371,True,False,True,False,False,0.0,0,0.8988229318636712,1.0234000071419795,False,False,False,False,-0.12503481222131915,-0.11454146985622121,False,False,False,False,115420,-14063.114956205149,False,False,False,False,100691.25169612464,False,False,False,False
2022-03-29 00:00:00+00:00,12.6718960252,12.7931195204,12.5749172291,12.5749172291,138054,,,,,,,,,,,,,,,,,,,,,,,,,,,,"rgba(38, 166, 154, 0.75)",0.0,0.0,,12.519871232454015,,0.0,0.0,0.0,0.0,0.0,0.0,0.0,0.0,54.70366198403052,1.273336542567371,True,False,True,False,False,0.0,0,0.9098015198529786,1.011531372047783,False,False,False,False,-0.049437909933230176,-0.08198968989472569,False,False,False,False,253474,-3571.463389295144,False,False,False,False,102156.4575119629,False,False,False,False
2022-03-30 00:00:00+00:00,12.6557328925,12.7446301223,12.526427831,12.7203854233,108679,,,,,,,,,,,,,,,,,,,,,,,,,,,,"rgba(38, 166, 154, 0.75)",0.0,0.0,,12.525017953018372,,0.0,0.0,0.0,0.0,0.0,0.0,0.0,0.0,55.228405416289995,1.273336542567371,True,False,True,False,False,0.0,0,0.9110687137770697,1.0157887211609682,False,False,False,False,-0.03146028471540726,-0.05672498730506648,False,False,False,False,144795,2246.829292637998,False,False,False,False,102412.24349188594,False,False,False,False
2022-03-31 00:00:00+00:00,12.5910803618,12.7123038569,12.5587540964,12.6557328925,112037,,,,,,,,,,,,,,,,,,,,,,,,,,,,"rgba(38, 166, 154, 0.75)",0.0,0.0,,12.528344139197051,,0.0,0.0,0.0,0.0,0.0,0.0,0.0,0.0,54.59354504238615,1.273336542567371,True,False,True,False,False,0.0,0,0.927156304804524,1.0049801531137184,False,False,False,False,-0.007475573675795145,-0.03210028049043081,False,False,False,False,32758,3443.3457909659196,False,False,False,False,102789.68492357669,False,False,False,False
2022-04-01 00:00:00+00:00,12.4456121676,12.7042222906,12.3728780705,12.6153250608,61560,,,,,,,,,,,,,,,,,,,,,,,,,,,,#000000,0.0,0.0,,12.526303123320586,,0.0,0.0,0.0,0.0,0.0,0.0,0.0,0.0,52.12662763720655,1.273336542567371,True,False,False,False,False,0.0,1,0.9194801169450628,0.9961055454777626,False,False,False,False,-0.04416338778522158,-0.0381318341378262,False,False,False,False,-28802,2178.822426614315,False,False,False,False,101172.83453441682,False,False,False,False
2022-04-04 00:00:00+00:00,12.4617753003,12.4738976498,12.2031651773,12.3728780705,112050,,,,,,,,,,,,,,,,,,,,,,,,,,,,#000000,0.0,0.0,,12.516247709890266,,0.0,0.0,0.0,0.0,0.0,0.0,0.0,0.0,50.72595086351815,5.563116894480849,True,False,False,False,False,0.0,1,0.9093497268180042,1.0060758872349767,False,False,False,False,-0.15033809684492885,-0.09423496549137753,False,False,False,False,83248,5358.005860864734,False,False,False,False,101599.39004287106,False,False,False,False
2022-04-05 00:00:00+00:00,12.3567149379,12.4860199993,12.2920624071,12.4052043359,85152,,,,,,,,,,,,,,,,,,,,,,,,,,,,#000000,0.0,0.0,,12.509794725198745,,0.0,0.0,0.0,0.0,0.0,0.0,0.0,0.0,48.351996054910614,3.182919521553373,True,False,False,False,False,0.0,1,0.9234263026989192,1.0047373068559637,False,False,False,False,-0.12330111213040808,-0.10876803881089281,False,False,False,False,-1904,5073.221317301411,False,False,False,False,100954.39435491535,False,False,False,False
2022-04-06 00:00:00+00:00,12.2839808408,12.4213674686,12.2678177081,12.3001439735,111674,,,,,,,,,,,,,,,,,,,,,,,,,,,,"rgba(239, 83, 80, 0.5)",0.0,0.0,,12.499950002217687,,0.0,0.0,0.0,0.0,0.0,0.0,0.0,0.0,45.835595516782874,0.7376915956406904,True,False,False,True,False,0.0,1,0.9201078407800404,1.0003156898560157,False,False,False,False,-0.14708288362196076,-0.12792546121642678,False,False,False,False,-113578,420.2322460346886,False,False,False,False,101374.77104687945,False,False,False,False
2022-04-07 00:00:00+00:00,12.1304310803,12.2597361417,12.069980964,12.2597361417,97828,,,,,,,,,,,,,,,,,,,,,,,,,,,,"rgba(239, 83, 80, 0.5)",0.0,0.0,,12.485660509851968,,0.0,0.0,0.0,0.0,0.0,0.0,0.0,0.0,42.392313538070944,-2.505394128553064,True,False,False,True,False,0.0,1,0.8995712888461161,1.0215706050844728,False,False,False,False,-0.2452575928563902,-0.1865915270364085,False,False,False,False,-211406,-7886.678822437259,False,False,False,False,101235.68198621752,False,False,False,False
2022-04-08 00:00:00+00:00,12.1304310803,12.1870020447,12.0590708495,12.1223495139,79604,,,,,,,,,,,,,,,,,,,,,,,,,,,,"rgba(239, 83, 80, 0.5)",0.0,0.0,,12.474346703575845,,0.0,0.0,0.0,0.0,0.0,0.0,0.0,0.0,40.09679221892966,-4.612327170277624,False,False,False,True,False,0.0,0,0.8962943399804795,1.0271400492817726,False,False,False,False,-0.26302494539810056,-0.22480823621725454,False,False,False,False,-211406,-15867.828672537758,False,False,False,False,100387.38073185606,False,False,False,False
2022-04-11 00:00:00+00:00,12.0900232485,12.3001439735,12.0738601159,12.1304310803,52097,,,,,,,,,,,,,,,,,,,,,,,,,,,,"rgba(239, 83, 80, 0.5)",0.0,0.0,,12.468047497575654,,0.0,0.0,0.0,0.0,0.0,0.0,0.0,0.0,38.096624793572516,-6.461818801170956,False,False,False,True,False,0.0,0,0.9057316140917472,1.0073913989938978,False,False,False,False,-0.22458116911016426,-0.2246947026637094,False,False,False,False,-263503,-25579.011861850006,False,False,False,False,98493.64031099896,False,False,False,False
2022-04-12 00:00:00+00:00,12.0738601159,12.3001439735,11.9687997534,12.1385126466,98183,,,,,,,,,,,,,,,,,,,,,,,,,,,,"rgba(239, 83, 80, 0.5)",0.0,0.0,,12.455638973364785,,0.0,0.0,0.0,0.0,0.0,0.0,0.0,0.0,36.56807305942493,-7.9095096003523935,False,False,False,True,False,0.0,0,0.9007718577713426,1.0067467221648645,False,False,False,False,-0.2560992609058893,-0.24039698178479935,False,False,False,False,-361686,-38759.67806334609,False,False,False,False,98481.45833801861,False,False,False,False
2022-04-13 00:00:00+00:00,12.1789204783,12.2112467437,12.0496154168,12.0576969832,82564,,,,,,,,,,,,,,,,,,,,,,,,,,,,"rgba(239, 83, 80, 0.5)",0.0,0.0,,12.447022797653199,,0.0,0.0,0.0,0.0,0.0,0.0,0.0,0.0,37.971971488879525,-7.9095096003523935,False,False,False,True,False,0.0,0,0.9157984844858629,1.0138302596272202,False,False,False,False,-0.2585437211667984,-0.24947035147579888,False,False,False,False,-279122,-48185.65147262664,False,False,False,False,97857.24428554729,False,False,False,False
2022-04-14 00:00:00+00:00,12.1627573456,12.3099226687,12.1304310803,12.1627573456,102624,,,,,,,,,,,,,,,,,,,,,,,,,,,,"rgba(239, 83, 80, 0.5)",0.0,0.0,,12.439040944766775,,0.0,0.0,0.0,0.0,0.0,0.0,0.0,0.0,38.6609850232591,-7.9095096003523935,False,False,False,True,False,0.0,0,0.9234774763212764,1.0055403592730408,False,False,False,False,-0.2049037308013237,-0.2271870411385613,False,False,False,False,-381746,-61266.44945409227,False,False,False,False,98044.1758821925,False,False,False,False
2022-04-18 00:00:00+00:00,12.0011260188,12.2435730091,11.9526366207,12.1223495139,64259,,,,,,,,,,,,,,,,,,,,,,,,,,,,"rgba(239, 83, 80, 1.0)",0.0,0.0,,12.43158150468807,,0.0,0.0,0.0,0.0,0.0,0.0,0.0,0.0,36.89767331654987,-7.9095096003523935,False,True,False,True,False,0.0,0,0.9007325127162482,1.020251782655739,False,False,False,False,-0.2782113269164197,-0.2526991840274905,False,False,False,False,-446005,-76354.23575001022,False,False,False,False,96719.2670240673,False,False,False,False
2022-04-19 00:00:00+00:00,12.0334522841,12.0981048149,11.9687997534,12.0415338505,105164,,,,,,,,,,,,,,,,,,,,,,,,,,,,"rgba(239, 83, 80, 1.0)",0.0,0.0,,12.419134299494509,,0.0,0.0,0.0,0.0,0.0,0.0,0.0,0.0,36.50709126512989,-8.256365551790253,False,True,False,True,False,0.0,0,0.9136210929103606,1.0141143506833055,False,False,False,False,-0.3182023840143105,-0.2854507840209005,False,False,False,False,-340841,-86726.26572059806,False,False,False,False,97050.43302312349,False,False,False,False
2022-04-20 00:00:00+00:00,12.3082255398,12.3405518052,12.1142679476,12.1142679476,50232,,,,,,,,,,,,,,,,,,,,,,,,,,,,"rgba(239, 83, 80, 0.5)",0.0,0.0,0.49357486722600913,12.416911643570222,-0.22020185991450358,0.0,0.0,0.0,0.0,0.0,0.0,0.0,0.0,41.5681552842955,-8.256365551790253,False,False,False,True,True,0.0,0,0.9196355682898573,1.004451208925995,False,False,False,False,-0.20063472363872656,-0.24304275382981355,False,False,False,False,-290609,-94721.66706488834,False,False,False,False,95214.41604182453,False,False,False,False
2022-04-21 00:00:00+00:00,12.5829987954,12.6799775916,12.3598667487,12.4132859023,90962,,,,,,,,,,,,,,,,,,,,,,,,,,,,#000000,0.0,0.0,0.48792223755649966,12.450793026976228,0.2709566366268819,0.0,0.0,0.0,0.0,0.0,0.0,0.0,0.0,48.39776212173398,-7.537092522731321,True,False,False,False,True,0.0,0,0.9183203552338748,0.9838515067540654,False,False,False,False,-0.010436437882540627,-0.12673959585617708,False,False,False,False,-199647,-98836.38600352018,False,False,False,False,95047.65462841965,False,False,False,False
2022-04-22 00:00:00+00:00,12.1627573456,12.5425909637,12.0819416822,12.5425909637,75887,,,,,,,,,,,,,,,,,,,,,,,,,,,,#000000,0.0,0.0,0.479277737835474,12.416840456733063,-0.5301375195947129,0.0,0.0,0.0,0.0,0.0,0.0,0.0,0.0,47.4638970616581,-7.537092522731321,True,False,False,False,True,0.0,0,0.9031715207116717,0.9859650631720489,False,False,False,False,-0.08612155533695588,-0.10643057559656649,False,False,False,False,-275534,-105765.70419946057,False,False,False,False,94296.2564076973,False,False,False,False
2022-04-25 00:00:00+00:00,11.8718209573,12.1870020447,11.6987946219,12.1870020447,148534,,,,,,,,,,,,,,,,,,,,,,,,,,,,"rgba(239, 83, 80, 0.5)",0.0,0.0,0.48189405588638384,12.344013686440272,-0.9798683411268312,0.0,0.0,0.0,0.0,0.0,0.0,0.0,0.0,44.28712068129377,-7.537092522731321,True,False,False,True,False,0.0,0,0.893442102324352,0.9950404426778696,False,False,False,False,-0.34282825441539394,-0.22462941500598022,False,False,False,False,-424068,-118248.14717203075,False,False,False,False,96423.22674465035,False,False,False,False
2022-04-26 00:00:00+00:00,11.7505974622,11.863739391,11.5485583036,11.863739391,143235,,,,,,,,,,,,,,,,,,,,,,,,,,,,"rgba(239, 83, 80, 0.5)",0.0,0.0,0.4836820669084552,12.289804603658379,-1.1147966367759348,0.0,0.0,0.0,0.0,0.0,0.0,0.0,0.0,41.26498327456119,-1.9561517836865505,False,False,False,True,False,0.0,0,0.930820169746998,1.0177111737294273,False,False,False,False,-0.34282825441539394,-0.2837288347106871,False,False,False,False,-567303,-135858.14140057855,False,False,False,False,98258.98255858563,False,False,False,False
2022-04-27 00:00:00+00:00,11.8394946919,11.895661578,11.605129268,11.6778633651,145582,,,,,,,,,,,,,,,,,,,,,,,,,,,,"rgba(239, 83, 80, 0.5)",0.0,0.0,0.48110767105968877,12.258890297755944,-0.871729201349422,0.0,0.0,0.0,0.0,0.0,0.0,0.0,0.0,40.42797851730832,-2.723038741264709,False,False,False,True,False,0.0,1,0.9078888807152545,0.9880812595870896,False,False,False,False,-0.31240672891519317,-0.29806778181294014,False,False,False,False,-421721,-147068.449580948,False,False,False,False,100114.7871641313,False,False,False,False
2022-04-28 00:00:00+00:00,11.8233315592,11.936473488,11.6697817987,11.9203103554,98670,,,,,,,,,,,,,,,,,,,,,,,,,,,,"rgba(239, 83, 80, 0.5)",0.0,0.0,0.48015979293338934,12.243872687798474,-0.8758357838112741,0.0,0.0,0.0,0.0,0.0,0.0,0.0,0.0,39.730578642621495,-3.503878563882047,False,False,False,True,False,0.0,1,0.9110207477436973,0.9891889000092042,False,False,False,False,-0.2768638287612699,-0.287465805287105,False,False,False,False,-520391,-161708.54959738144,False,False,False,False,100058.12884396929,False,False,False,False
2022-04-29 00:00:00+00:00,11.7101896304,11.8960656563,11.6374555334,11.7990868602,124702,,,,,,,,,,,,,,,,,,,,,,,,,,,,"rgba(239, 83, 80, 1.0)",0.0,0.0,0.47623421938703653,12.223876177293718,-1.0786426635928983,0.0,0.0,0.0,0.0,0.0,0.0,0.0,0.0,38.285327745168146,-5.074568039096491,False,True,False,True,False,0.0,1,0.9252935139617035,0.9798206755859155,False,False,False,False,-0.3012979922890862,-0.2943818987880956,False,False,False,False,-645093,-180664.80255434688,False,False,False,False,101024.55516381362,False,False,False,False
2022-05-02 00:00:00+00:00,11.8233315592,11.8718209573,11.4515795075,11.7101896304,190660,,,,,,,,,,,,,,,,,,,,,,,,,,,,"rgba(239, 83, 80, 1.0)",0.0,0.0,0.47121939953593794,12.195882605648048,-0.7906105877961327,0.0,0.0,0.0,0.0,0.0,0.0,0.0,0.0,38.99768871338254,-5.074568039096491,False,True,False,True,False,0.0,1,0.918928768102629,0.9789836364196584,False,False,False,False,-0.34282825441539394,-0.31860507660174475,False,False,False,False,-454433,-191400.81029731367,False,False,False,False,104539.67064758565,False,False,False,False
2022-05-03 00:00:00+00:00,12.0900232485,12.3769188537,11.7990868602,11.8314131256,86261,,,,,,,,,,,,,,,,,,,,,,,,,,,,"rgba(239, 83, 80, 0.5)",0.0,0.0,0.4529747487055875,12.197381281643766,-0.2370066619619545,0.0,0.0,0.0,0.0,0.0,0.0,0.0,0.0,42.806926426508994,-5.074568039096491,False,False,False,True,True,0.0,1,0.9505925437012149,0.9592885550349652,False,False,False,False,-0.076951554500884,-0.19777831555131437,False,False,False,False,-368172,-198333.01381506608,False,False,False,False,103822.86003395484,False,False,False,False
2022-05-04 00:00:00+00:00,12.2354914427,12.2758992744,11.9203103554,12.1061863812,70183,,,,,,,,,,,,,,,,,,,,,,,,,,,,#000000,0.0,0.0,0.4301854028355236,12.199677549494254,0.0832522279223868,0.0,0.0,0.0,0.0,0.0,0.0,0.0,0.0,46.858766288804105,-9.714121535840263,True,False,False,False,True,0.0,1,0.9473938751855016,0.9739827009592537,False,False,False,False,-0.07091867881677401,-0.13434849718404418,False,False,False,False,-297989,-202241.09170467133,False,False,False,False,102503.64983654485,False,False,False,False
2022-05-05 00:00:00+00:00,11.8475762583,12.2718584913,11.7101896304,12.1385126466,125975,,,,,,,,,,,,,,,,,,,,,,,,,,,,"rgba(239, 83, 80, 0.5)",0.0,0.0,0.4210731355277802,12.194119941130255,-0.8230011691339352,0.0,0.0,0.0,0.0,0.0,0.0,0.0,0.0,45.68256108228242,-9.714121535840263,True,False,False,True,True,0.0,1,0.9330672639664503,0.9649902316625851,False,False,False,False,-0.1352181417742556,-0.1347833194791499,False,False,False,False,-423964,-210936.10771625285,False,False,False,False,103424.09494099407,False,False,False,False
2022-05-06 00:00:00+00:00,11.8071684266,11.9768813197,11.7505974622,11.8233315592,137896,,,,,,,,,,,,,,,,,,,,,,,,,,,,"rgba(239, 83, 80, 0.5)",0.0,0.0,0.4139782062128634,12.183880844886602,-0.9099812807365506,0.0,0.0,0.0,0.0,0.0,0.0,0.0,0.0,44.556457767012525,-9.714121535840263,False,False,False,True,True,0.0,1,0.9544972559892984,0.9728996951906416,False,False,False,False,-0.2131713578705251,-0.1739773386748375,False,False,False,False,-561860,-224697.82898228217,False,False,False,False,104775.93435507274,False,False,False,False
2022-05-09 00:00:00+00:00,11.8071684266,11.936473488,11.6132108343,11.7021080641,133733,,,,,,,,,,,,,,,,,,,,,,,,,,,,"rgba(239, 83, 80, 0.5)",0.0,0.0,0.4104814995555005,12.172285787447471,-0.8894855462252174,0.0,0.0,0.0,0.0,0.0,0.0,0.0,0.0,43.80572222349926,-9.714121535840263,False,False,False,True,True,0.0,1,0.9335946541962553,0.9915447133315187,False,False,False,False,-0.26911377196927627,-0.2215455553220569,False,False,False,False,-561860,-237919.87490454564,False,False,False,False,105911.5055568346,False,False,False,False
2022-05-10 00:00:00+00:00,11.5889661353,12.1183087307,11.5404767372,12.0981048149,114370,,,,,,,,,,,,,,,,,,,,,,,,,,,,"rgba(239, 83, 80, 0.5)",0.0,0.0,0.4127783483103966,12.161875694828547,-1.387935103363844,0.0,0.0,0.0,0.0,0.0,0.0,0.0,0.0,41.41599290494024,-9.714121535840263,False,False,False,True,False,0.0,1,0.9334980010301924,0.9883450576242632,False,False,False,False,-0.2346118592018403,-0.2280787072619486,False,False,False,False,-676230,-255108.50726123014,False,False,False,False,106243.21122127248,False,False,False,False
2022-05-11 00:00:00+00:00,11.6697817987,11.7425158958,11.5889661353,11.6859449314,148699,,,,,,,,,,,,,,,,,,,,,,,,,,,,"rgba(239, 83, 80, 1.0)",0.0,0.0,0.4114196346552131,12.145988333486489,-1.1574715805325368,0.0,0.0,0.0,0.0,0.0,0.0,0.0,0.0,40.916016265071605,-9.714121535840263,False,True,False,True,False,0.0,1,0.9400636909326063,1.0030174473186126,False,False,False,False,-0.3401373394117793,-0.28410802333686397,False,False,False,False,-527531,-265791.74227059365,False,False,False,False,107908.14411455591,False,False,False,False
2022-05-12 00:00:00+00:00,11.5000689055,11.7133414413,11.1929693845,11.6697817987,258240,,,,,,,,,,,,,,,,,,,,,,,,,,,,"rgba(239, 83, 80, 1.0)",0.0,0.0,0.4125327847019165,11.980618491223435,-1.1648761105633487,0.0,0.0,0.0,0.0,0.0,0.0,0.0,0.0,39.161797843064946,-4.9408054512072255,False,True,False,True,False,0.0,1,0.9046847841024741,1.0246797340244929,False,False,False,False,-0.34282825441539394,-0.31346813887612895,False,False,False,False,-785771,-286183.08571096254,False,False,False,False,113803.5110120243,False,False,False,False
2022-05-13 00:00:00+00:00,11.6374555334,11.8183912378,11.4729685294,11.4894172298,153555,,,,,,,,,,,,,,,,,,,,,,,,,,,,"rgba(239, 83, 80, 1.0)",0.0,0.0,0.41065274693494414,11.982876358070754,-0.841150649177261,0.0,0.0,0.0,0.0,0.0,0.0,0.0,0.0,39.854887317256825,-4.9408054512072255,False,True,False,True,False,0.0,1,0.9105387715719604,1.0287372666136132,False,False,False,False,-0.23812111479697132,-0.27579462683655015,False,False,False,False,-632216,-299753.00391837576,False,False,False,False,115362.39293312139,False,False,False,False
2022-05-16 00:00:00+00:00,11.4400711286,11.6744651093,11.3496032764,11.6127824828,96539,,,,,,,,,,,,,,,,,,,,,,,,,,,,"rgba(239, 83, 80, 1.0)",0.0,0.0,0.412401450707219,11.97201256998908,-1.2898631672533256,0.0,0.0,0.0,0.0,0.0,0.0,0.0,0.0,38.65802241040339,-5.870352631634532,False,True,False,True,False,0.0,1,0.9160836515271509,1.0253347213344357,False,False,False,False,-0.31012989505097793,-0.29296226094376404,False,False,False,False,-728755,-316576.6116078512,False,False,False,False,114624.22066123429,False,False,False,False
2022-05-17 00:00:00+00:00,11.7114746852,11.7279233856,11.579885082,11.579885082,70726,,,,,,,,,,,,,,,,,,,,,,,,,,,,"rgba(239, 83, 80, 1.0)",0.0,0.0,0.40380882710731486,11.971589745038461,-0.6441539718232385,0.0,0.0,0.0,0.0,0.0,0.0,0.0,0.0,41.13929806853159,-5.870352631634532,False,True,False,True,False,0.0,1,0.9333560558390793,1.0093198568745019,False,False,False,False,-0.23377493390439608,-0.26336859742408003,False,False,False,False,-658029,-329966.9013487198,False,False,False,False,112902.72181177411,False,False,False,False
2022-05-18 00:00:00+00:00,11.4400711286,11.6868016346,11.3660519768,11.6868016346,86821,,,,,,,,,,,,,,,,,,,,,,,,,,,,"rgba(239, 83, 80, 1.0)",0.0,0.0,0.4044824729209055,11.962907501814872,-1.2926057572761878,0.0,0.0,0.0,0.0,0.0,0.0,0.0,0.0,40.56305239496914,-5.870352631634532,False,True,False,True,False,0.0,1,0.9173337449363933,1.0097951089351391,False,False,False,False,-0.3022361380423545,-0.28280236773321726,False,False,False,False,-744850,-346236.8267860249,False,False,False,False,111879.90919170454,False,False,False,False
2022-05-19 00:00:00+00:00,11.4482954788,11.5042210601,11.2920328249,11.374276327,134778,,,,,,,,,,,,,,,,,,,,,,,,,,,,"rgba(239, 83, 80, 1.0)",0.0,0.0,0.406060649507165,11.94582071698938,-1.2252485898183543,0.0,0.0,0.0,0.0,0.0,0.0,0.0,0.0,40.276129686769,-5.870352631634532,False,True,False,True,False,0.0,1,0.9157518934988631,1.0238896896773677,False,False,False,False,-0.34282825441539394,-0.3128153110743056,False,False,False,False,-610072,-356583.3041669651,False,False,False,False,112777.8735371279,False,False,False,False
2022-05-20 00:00:00+00:00,11.5634363816,11.6292311832,11.415398078,11.6292311832,95735,,,,,,,,,,,,,,,,,,,,,,,,,,,,"rgba(239, 83, 80, 0.75)",0.0,0.0,0.4003735012210599,11.939428451066185,-0.9391032831081044,0.0,0.0,0.0,0.0,0.0,0.0,0.0,0.0,41.47227632651922,-5.870352631634532,False,True,False,True,True,0.0,1,0.9224567221392801,1.0193853846683532,False,False,False,False,-0.2772745580598275,-0.29504493456706654,False,False,False,False,-514337,-362769.72361139784,False,False,False,False,112109.52555527975,False,False,False,False
2022-05-23 00:00:00+00:00,11.538763331,11.7361477358,11.4729685294,11.5058659302,122256,,,,,,,,,,,,,,,,,,,,,,,,,,,,"rgba(239, 83, 80, 0.75)",0.0,0.0,0.39733713579230107,11.93357563222278,-0.9936456113912271,0.0,0.0,0.0,0.0,0.0,0.0,0.0,0.0,42.035608216412285,-5.870352631634532,False,True,False,True,True,0.0,1,0.9132470198743821,1.0197833121346696,False,False,False,False,-0.23513762426606089,-0.26509127941656374,False,False,False,False,-636593,-373507.8913129117,False,False,False,False,112507.42651389624,False,False,False,False
2022-05-24 00:00:00+00:00,11.7525964362,11.7525964362,11.456519829,11.5469876812,120531,,,,,,,,,,,,,,,,,,,,,,,,,,,,"rgba(239, 83, 80, 0.5)",0.0,0.0,0.39012444857358997,11.930676173259709,-0.45646905163421986,0.0,0.0,0.0,0.0,0.0,0.0,0.0,0.0,44.92002044189463,-9.59128795188127,False,False,False,True,True,0.0,1,0.9125881959881663,1.0169126689323202,False,False,False,False,-0.23513762426606089,-0.2501144518413123,False,False,False,False,-516062,-379098.24851632694,False,False,False,False,112822.07645452775,False,False,False,False
2022-05-25 00:00:00+00:00,11.5140902804,11.7772694868,11.456519829,11.7525964362,79805,,,,,,,,,,,,,,,,,,,,,,,,,,,,"rgba(239, 83, 80, 0.5)",0.0,0.0,0.3815834082225074,11.926781218285473,-1.0815222281489425,0.0,0.0,0.0,0.0,0.0,0.0,0.0,0.0,44.48146913188896,-9.59128795188127,False,False,False,True,True,0.0,1,0.9188986907106396,1.019147144268641,False,False,False,False,-0.2288905950707537,-0.239502523456033,False,False,False,False,-595867,-387598.98386862787,False,False,False,False,111527.28914258549,False,False,False,False
2022-05-26 00:00:00+00:00,11.867737339,11.9129712651,11.6374555334,11.6539042338,101838,,,,,,,,,,,,,,,,,,,,,,,,,,,,#000000,0.0,0.0,0.3691391962146969,11.928771940946778,-0.1653430537115852,0.0,0.0,0.0,0.0,0.0,0.0,0.0,0.0,47.678886305718166,-6.775700306465964,True,False,False,False,True,0.0,1,0.9221245886281388,1.0047598552456236,False,False,False,False,-0.1500875989329105,-0.19479506119447176,False,False,False,False,-494029,-391772.7099914268,False,False,False,False,111147.31701934684,False,False,False,False
2022-05-27 00:00:00+00:00,11.9253077904,11.9828782418,11.785493837,11.9664295414,55749,,,,,,,,,,,,,,,,,,,,,,,,,,,,#000000,0.0,0.0,0.35737921301023007,11.931131641904337,-0.016295999577821053,0.0,0.0,0.0,0.0,0.0,0.0,0.0,0.0,50.30302961774643,-4.289548248452405,True,False,False,False,True,0.0,1,0.9287007012039192,1.0027650879890313,False,False,False,False,-0.09695848101688302,-0.1458767711056774,False,False,False,False,-438280,-393596.52528588066,False,False,False,False,108974.8339989803,False,False,False,False
2022-05-31 00:00:00+00:00,12.2296087478,12.237833098,11.9253077904,11.9253077904,133524,,,,,,,,,,,,,,,,,,,,,,,,,,,,"rgba(38, 166, 154, 1.0)",0.0,0.0,0.3497514931023415,11.975625950862145,0.7261807367425206,0.0,0.0,0.0,0.0,0.0,0.0,0.0,0.0,54.3872824063796,-0.5139055112100337,True,False,True,False,True,0.0,1,0.9406286593173342,0.9849267634780416,False,False,False,False,-0.0018967157260982108,-0.0738867434158878,False,False,False,False,-304756,-390112.58311780693,False,False,False,False,109937.54639117717,False,False,False,False
2022-06-01 00:00:00+00:00,11.867737339,12.2213843976,11.8265333445,12.2213843976,83225,,,,,,,,,,,,,,,,,,,,,,,,,,,,"rgba(38, 166, 154, 1.0)",0.0,0.0,0.3482467587026743,11.968668085592382,-0.28982537258460195,0.0,0.0,0.0,0.0,0.0,0.0,0.0,0.0,53.546352980415605,-0.5139055112100337,True,False,True,False,True,0.0,1,0.9262281487949613,0.9959203468981328,False,False,False,False,-0.029563127069190016,-0.051724935242538905,False,False,False,False,-387981,-390028.991622991,False,False,False,False,108889.99555230748,False,False,False,False
2022-06-02 00:00:00+00:00,11.90885909,11.9417564908,11.7768582693,11.9170834402,75190,,,,,,,,,,,,,,,,,,,,,,,,,,,,"rgba(38, 166, 154, 1.0)",0.0,0.0,0.3469463721781904,11.96140130445138,-0.15144189034608088,0.0,0.0,0.0,0.0,0.0,0.0,0.0,0.0,53.321344778656126,-0.5139055112100337,True,False,True,False,True,0.0,1,0.9046183836045256,1.0324386483177035,False,False,False,False,-0.09942434781001541,-0.07557464152627716,False,False,False,False,-312791,-387000.05077503057,False,False,False,False,107568.42709927581,False,False,False,False
2022-06-03 00:00:00+00:00,11.7937181872,11.9664295414,11.7608207864,11.9006347398,80287,,,,,,,,,,,,,,,,,,,,,,,,,,,,"rgba(38, 166, 154, 0.75)",0.0,0.0,0.34654442102805033,11.955320789598057,-0.4663257943055341,0.0,0.0,0.0,0.0,0.0,0.0,0.0,0.0,52.10467506284008,-0.5139055112100337,True,False,True,False,False,0.0,1,0.9067798980575087,1.0270926837123522,False,False,False,False,-0.09133027474500181,-0.08345245813563948,False,False,False,False,-393078,-387238.40172502934,False,False,False,False,106498.5672130297,False,False,False,False
2022-06-06 00:00:00+00:00,11.9006347398,11.9582051912,11.7690451366,11.867737339,51722,,,,,,,,,,,,,,,,,,,,,,,,,,,,"rgba(38, 166, 154, 0.75)",0.0,0.0,0.34516634231667076,11.953743969118086,-0.15386560856899112,0.0,0.0,0.0,0.0,0.0,0.0,0.0,0.0,52.27030326022433,-0.5139055112100337,True,False,True,False,False,0.0,0,0.9167051718130887,1.0110870780809926,False,False,False,False,-0.09133027474500181,-0.08739136644032064,False,False,False,False,-341356,-385439.0918534596,False,False,False,False,104350.46653800893,False,False,False,False
2022-06-07 00:00:00+00:00,12.0075512924,12.0239999928,11.7196990354,11.867737339,67519,,,,,,,,,,,,,,,,,,,,,,,,,,,,"rgba(38, 166, 154, 0.75)",0.0,0.0,0.34502619337000295,11.953781614557313,0.1558423066883667,0.0,0.0,0.0,0.0,0.0,0.0,0.0,0.0,53.33168005530922,-0.5139055112100337,True,False,True,False,False,0.0,0,0.9127178810616874,1.0054185396627475,False,False,False,False,-0.08707533903500661,-0.08723335273766362,False,False,False,False,-273837,-381062.5392317553,False,False,False,False,102906.09530122427,False,False,False,False
2022-06-08 00:00:00+00:00,11.8841860394,11.9993269422,11.8019425374,11.9828782418,65715,,,,,,,,,,,,,,,,,,,,,,,,,,,,"rgba(38, 166, 154, 0.75)",0.0,0.0,0.3436626292579356,11.95327223503721,-0.20102911912879942,0.0,0.0,0.0,0.0,0.0,0.0,0.0,0.0,52.727358067078804,-0.5139055112100337,True,False,True,False,False,0.0,0,0.9235349331138378,1.009830520189991,False,False,False,False,-0.07220678349800136,-0.0797200681178325,False,False,False,False,-339552,-379434.67494815704,False,False,False,False,101447.62097568606,False,False,False,False
2022-06-09 00:00:00+00:00,11.7279233856,11.8759616892,11.703250335,11.8183912378,48933,,,,,,,,,,,,,,,,,,,,,,,,,,,,#000000,0.0,0.0,0.3451402775569196,11.950131265629295,-0.6438190338206727,0.0,0.0,0.0,0.0,0.0,0.0,0.0,0.0,50.77910385267069,-0.5139055112100337,True,False,False,False,False,0.0,0,0.9064440937747124,1.0320476562293541,False,False,False,False,-0.12179330944975227,-0.10075668878379238,False,False,False,False,-388485,-379789.5896560725,False,False,False,False,99388.22407467877,False,False,False,False
2022-06-10 00:00:00+00:00,11.5552120314,11.6785772844,11.4482954788,11.6127824828,76363,,,,,,,,,,,,,,,,,,,,,,,,,,,,#000000,0.0,0.0,0.349342639055125,11.939040326427971,-1.0987158511944615,0.0,0.0,0.0,0.0,0.0,0.0,0.0,0.0,47.93910986272968,2.372355784635495,True,False,False,False,False,0.0,1,0.8928263453067755,1.038667988991099,False,False,False,False,-0.2467147392979609,-0.17373571404087662,False,False,False,False,-464848,-383125.2135911285,False,False,False,False,98485.27411096588,False,False,False,False
2022-06-13 00:00:00+00:00,11.3825006772,11.6374555334,11.2022229208,11.4318467784,153036,,,,,,,,,,,,,,,,,,,,,,,,,,,,"rgba(239, 83, 80, 0.5)",0.0,0.0,0.35832955195161126,11.912171550628074,-1.4781668733244775,0.0,0.0,0.0,0.0,0.0,0.0,0.0,0.0,44.667236025775324,-0.7147815449155814,False,False,False,True,False,0.0,1,0.8763023514508745,1.038528411129028,False,False,False,False,-0.3287914198926783,-0.25126356696677743,False,False,False,False,-617884,-392331.44050912344,False,False,False,False,100624.51826347703,False,False,False,False
2022-06-14 00:00:00+00:00,11.2015649727,11.4811928796,11.1686675719,11.415398078,117196,,,,,,,,,,,,,,,,,,,,,,,,,,,,"rgba(239, 83, 80, 1.0)",0.0,0.0,0.3716639375738979,11.890343571089986,-1.85322956778134,0.0,0.0,0.0,0.0,0.0,0.0,0.0,0.0,41.198089656249564,-3.894820432098278,False,True,False,True,False,0.0,0,0.8863003009164732,1.048453927217133,False,False,False,False,-0.34282825441539394,-0.29704591069108566,False,False,False,False,-735080,-405772.56048915786,False,False,False,False,101274.38029236029,False,False,False,False
2022-06-15 00:00:00+00:00,11.0699753695,11.3825006772,11.0124049181,11.3249302258,120838,,,,,,,,,,,,,,,,,,,,,,,,,,,,"rgba(239, 83, 80, 1.0)",0.0,0.0,0.3875786096003414,11.865865349755929,-2.0534930477113402,0.0,0.0,0.0,0.0,0.0,0.0,0.0,0.0,38.028866498776395,-6.735480627923003,False,True,False,True,False,0.0,0,0.887939042219953,1.039418733607401,False,False,False,False,-0.34282825441539394,-0.3199370825532398,False,False,False,False,-855918,-423425.3228229164,False,False,False,False,102041.58106520891,False,False,False,False
2022-06-16 00:00:00+00:00,10.6423091591,11.0206292683,10.5436169567,11.0206292683,198515,,,,,,,,,,,,,,,,,,,,,,,,,,,,"rgba(239, 83, 80, 1.0)",0.0,0.0,0.4193730479923353,11.807478341181865,-2.778359714959937,0.0,0.0,0.0,0.0,0.0,0.0,0.0,0.0,33.68264552457251,-10.636782599612388,False,True,False,True,False,0.0,0,0.8510220010698524,1.0596041919231995,False,False,False,False,-0.34282825441539394,-0.33138266848431686,False,False,False,False,-1054433,-448170.72192790004,False,False,False,False,105824.85239598503,False,False,False,False
2022-06-17 00:00:00+00:00,10.6916552603,10.7821231125,10.5353926065,10.7821231125,145431,,,,,,,,,,,,,,,,,,,,,,,,,,,,"rgba(239, 83, 80, 1.0)",0.0,0.0,0.4438120268347819,11.768320123641624,-2.42594791993421,0.0,0.0,0.0,0.0,0.0,0.0,0.0,0.0,31.43859252888682,-12.542653312684067,False,True,False,True,False,0.0,0,0.8529477849096804,1.0704431417800406,False,False,False,False,-0.34282825441539394,-0.3371054614498554,False,False,False,False,-909002,-466242.53675425693,False,False,False,False,107378.03465496602,False,False,False,False
2022-06-21 00:00:00+00:00,10.7985718129,10.8890396651,10.6094117583,10.7574500619,229363,,,,,,,,,,,,,,,,,,,,,,,,,,,,"rgba(239, 83, 80, 1.0)",0.0,0.0,0.4618020794629712,11.720253886714021,-1.9958378595562905,0.0,0.0,0.0,0.0,0.0,0.0,0.0,0.0,31.37026872688176,-12.542653312684067,False,True,False,True,False,0.0,0,0.8715195468795552,1.054479098875772,False,False,False,False,-0.3072339025734828,-0.3221696820116691,False,False,False,False,-679639,-474611.02550899197,False,False,False,False,112161.75878614382,False,False,False,False
2022-06-22 00:00:00+00:00,10.8067961631,10.8396935639,10.6834309101,10.7985718129,96848,,,,,,,,,,,,,,,,,,,,,,,,,,,,"rgba(239, 83, 80, 1.0)",0.0,0.0,0.4790908024549535,11.702317245123979,-1.8692095056618845,0.0,0.0,0.0,0.0,0.0,0.0,0.0,0.0,31.437881182535172,-12.582659833199827,False,True,False,True,False,0.0,0,0.8771893384989908,1.0528831031841879,False,False,False,False,-0.3024398836946548,-0.312304782853162,False,False,False,False,-582791,-478853.3774498158,False,False,False,False,111561.21922590288,False,False,False,False
2022-06-23 00:00:00+00:00,10.4531491045,10.8396935639,10.3462325519,10.8396935639,208810,,,,,,,,,,,,,,,,,,,,,,,,,,,,"rgba(239, 83, 80, 1.0)",0.0,0.0,0.5089955362631979,11.497660076136242,-2.0521024198061597,0.0,0.0,0.0,0.0,0.0,0.0,0.0,0.0,29.490637013101136,-14.611958915987088,False,True,False,True,False,0.0,0,0.8571008073191049,1.0591148523066032,True,False,False,False,-0.34282825441539394,-0.327566518634278,False,False,False,False,-791601,-491117.99009884265,False,False,False,False,115374.89690331845,True,False,False,False
2022-06-24 00:00:00+00:00,11.1933406225,11.1933406225,10.5022484752,10.5189439061,682830,,,,,,,,,,,,,,,,,,,,,,,,,,,,"rgba(239, 83, 80, 0.75)",0.0,0.0,0.5155976690956062,11.485090520809319,-0.5658479775928177,0.0,0.0,0.0,0.0,0.0,0.0,0.0,0.0,35.72077471405916,-20.47500814013405,False,True,False,True,True,0.0,0,0.8736925786750143,1.0329193652796302,False,False,False,False,-0.24766028262152437,-0.2876134006279012,False,False,False,False,-108771,-476123.9904871233,False,False,False,False,137628.03820122755,False,False,False,False
2022-06-27 00:00:00+00:00,10.9795075173,11.3002571751,10.8890396651,11.2015649727,146229,,,,,,,,,,,,,,,,,,,,,,,,,,,,"rgba(239, 83, 80, 0.75)",0.0,0.0,0.5256454549316845,11.480440270730783,-0.9529859884280498,0.0,0.0,0.0,0.0,0.0,0.0,0.0,0.0,38.4613090243769,-17.997954098116196,False,True,False,True,True,0.0,0,0.8940891880341918,1.020588939120186,False,False,False,False,-0.15950761568947552,-0.22356050815868836,False,False,False,False,-255000,-467452.4614484126,False,False,False,False,137965.33082078726,False,False,False,False
2022-06-28 00:00:00+00:00,11.0781997197,11.1604432217,11.0041805679,11.0699753695,236010,,,,,,,,,,,,,,,,,,,,,,,,,,,,"rgba(239, 83, 80, 0.75)",0.0,0.0,0.5314773981898513,11.473363909491969,-0.743520215794407,0.0,0.0,0.0,0.0,0.0,0.0,0.0,0.0,41.087229500635516,-15.594408761129245,False,True,False,True,True,0.0,0,0.8946817036276675,1.033507901682458,False,False,False,False,-0.16384440039284037,-0.19370245427576438,False,False,False,False,-18990,-449865.69825435727,False,False,False,False,141810.21980820736,False,False,False,False
2022-06-29 00:00:00+00:00,11.0370779687,11.0864240699,10.8808153149,11.0864240699,75705,,,,,,,,,,,,,,,,,,,,,,,,,,,,"rgba(239, 83, 80, 0.5)",0.0,0.0,0.5385169124531736,11.46939829475818,-0.8027980478621874,0.0,0.0,0.0,0.0,0.0,0.0,0.0,0.0,42.54097935176801,-14.230630848147428,False,False,False,True,True,0.0,0,0.8974419947915778,1.0341474357039098,False,False,False,False,-0.1987739654581765,-0.19623820986697044,False,False,False,False,-94695,-435937.4355777158,False,False,False,False,139217.8582471012,False,False,False,False
2022-06-30 00:00:00+00:00,10.9137127157,11.0206292683,10.7410013615,10.8808153149,110961,,,,,,,,,,,,,,,,,,,,,,,,,,,,"rgba(239, 83, 80, 0.5)",0.0,0.0,0.5471241557695953,11.460772313086903,-0.9998820041447429,0.0,0.0,0.0,0.0,0.0,0.0,0.0,0.0,42.60662696422868,-14.044834099332128,False,False,False,True,True,0.0,0,0.8881019913443231,1.028024863601848,False,False,False,False,-0.23567676950100422,-0.2159574896839873,False,False,False,False,-205656,-426906.79104525637,False,False,False,False,138109.74615897957,False,False,False,False
2022-07-01 00:00:00+00:00,11.1028727703,11.1110971205,10.7492257117,10.8150205133,106233,,,,,,,,,,,,,,,,,,,,,,,,,,,,"rgba(239, 83, 80, 0.5)",0.0,0.0,0.552650904667528,11.455162151702021,-0.6374537315087856,0.0,0.0,0.0,0.0,0.0,0.0,0.0,0.0,44.39495830901453,-12.137330659044366,False,False,False,True,True,0.0,0,0.885087264215868,1.0399480955715397,False,False,False,False,-0.21789064783579698,-0.21692406875989215,False,False,False,False,-99423,-414064.2894356385,False,False,False,False,136859.67768215685,False,False,False,False
2022-07-05 00:00:00+00:00,10.9383857663,10.9710364366,10.7368891864,10.9301614161,181331,,,,,,,,,,,,,,,,,,,,,,,,,,,,"rgba(239, 83, 80, 0.5)",0.0,0.0,0.5583745609598187,11.441760982715184,-0.9015009844823644,0.0,0.0,0.0,0.0,0.0,0.0,0.0,0.0,44.301595889802826,-11.974262408867972,False,False,False,True,True,0.0,0,0.8647744098836401,1.0615859027001309,False,False,False,False,-0.23398712384027928,-0.22545559630008571,False,False,False,False,-280754,-408836.4349479664,False,False,False,False,138603.65110638598,False,False,False,False
2022-07-06 00:00:00+00:00,10.8067961631,10.9795075173,10.7163283109,10.9630588169,51764,,,,,,,,,,,,,,,,,,,,,,,,,,,,"rgba(239, 83, 80, 0.5)",0.0,0.0,0.5658037534123751,11.437567211904405,-1.1148230194660442,0.0,0.0,0.0,0.0,0.0,0.0,0.0,0.0,43.267735546264994,-11.974262408867972,False,False,False,True,True,0.0,0,0.8809295505806183,1.0560630892791327,False,False,False,False,-0.2217685895313441,-0.2236120929157149,False,False,False,False,-332518,-405843.5551460854,False,False,False,False,135198.17459241007,False,False,False,False
2022-07-07 00:00:00+00:00,11.0041805679,11.0206292683,10.8479179141,10.8972640153,122614,,,,,,,,,,,,,,,,,,,,,,,,,,,,"rgba(239, 83, 80, 0.5)",0.0,0.0,0.567611608392975,11.431006053133515,-0.7519675054601954,0.0,0.0,0.0,0.0,0.0,0.0,0.0,0.0,44.50527329935336,-11.255631711058022,False,False,False,True,True,0.0,0,0.9082047612799072,1.0299319032957288,False,False,False,False,-0.18233037253458656,-0.20297123272515072,False,False,False,False,-209904,-398159.6510227095,False,False,False,False,134704.67754957048,False,False,False,False
2022-07-08 00:00:00+00:00,11.0699753695,11.1439945213,10.8972640153,10.9630588169,63560,,,,,,,,,,,,,,,,,,,,,,,,,,,,"rgba(239, 83, 80, 0.5)",0.0,0.0,0.5640676940243569,11.428682552807098,-0.6359293168305594,0.0,0.0,0.0,0.0,0.0,0.0,0.0,0.0,45.945169542051346,-9.602991914711971,True,False,False,True,True,0.0,1,0.9206745525779061,1.0028184094600319,False,False,False,False,-0.14344554744142066,-0.1732083900832857,False,False,False,False,-146344,-388284.5274531915,False,False,False,False,131914.69019468536,False,False,False,False
2022-07-11 00:00:00+00:00,10.9959562177,10.9974366008,10.9137949592,10.9959562177,48551,,,,,,,,,,,,,,,,,,,,,,,,,,,,#000000,0.0,0.0,0.5568404769091981,11.426270845283714,-0.772779001218124,0.0,0.0,0.0,0.0,0.0,0.0,0.0,0.0,46.23331967617379,-9.037000116822917,True,False,False,False,True,0.0,1,0.9129508635454096,1.0094818885379924,False,False,False,False,-0.17267385389852583,-0.17294112199090578,False,False,False,False,-194895,-380700.6244158115,False,False,False,False,128645.52587332515,False,False,False,False
2022-07-12 00:00:00+00:00,11.0124049181,11.1110971205,10.9054883655,10.9054883655,63302,,,,,,,,,,,,,,,,,,,,,,,,,,,,#000000,0.0,0.0,0.5531483795561242,11.42365953936544,-0.7434797541944408,0.0,0.0,0.0,0.0,0.0,0.0,0.0,0.0,46.602528034945365,-8.359215749416705,True,False,False,False,True,0.0,1,0.9080261338522465,1.0049350817548295,False,False,False,False,-0.14897155390936465,-0.1609563379501352,False,False,False,False,-131593,-370931.6979681326,False,False,False,False,126083.03466260653,False,False,False,False
2022-07-13 00:00:00+00:00,10.9466101165,10.9795075173,10.8725909647,10.8972640153,37263,,,,,,,,,,,,,,,,,,,,,,,,,,,,"rgba(239, 83, 80, 0.5)",0.0,0.0,0.5530887963114278,11.42159123158444,-0.8587791295938523,0.0,0.0,0.0,0.0,0.0,0.0,0.0,0.0,46.18428966622684,-8.359215749416705,True,False,False,True,True,0.0,1,0.9052120248138574,1.0086667991898322,False,False,False,False,-0.1860604744662634,-0.1735084062081993,False,False,False,False,-168856,-363007.1607929117,False,False,False,False,122599.89604838667,False,False,False,False
2022-07-14 00:00:00+00:00,10.8150205133,10.9548344667,10.7985718129,10.8150205133,152968,,,,,,,,,,,,,,,,,,,,,,,,,,,,"rgba(239, 83, 80, 0.5)",0.0,0.0,0.5521242506848217,11.411168616087199,-1.079735407469917,0.0,0.0,0.0,0.0,0.0,0.0,0.0,0.0,44.62405946024076,-8.359215749416705,True,False,False,True,True,0.0,1,0.9108100226258545,1.0088419051055155,False,False,False,False,-0.20855278354050213,-0.1910305948743507,False,False,False,False,-321824,-361392.1348794642,False,False,False,False,123790.80208570484,False,False,False,False
2022-07-15 00:00:00+00:00,10.8890396651,11.0206292683,10.7408368745,11.0206292683,152202,,,,,,,,,,,,,,,,,,,,,,,,,,,,"rgba(239, 83, 80, 0.5)",0.0,0.0,0.5499665075307886,11.402008551989686,-0.9327275022487959,0.0,0.0,0.0,0.0,0.0,0.0,0.0,0.0,44.555694555919075,-8.359215749416705,True,False,False,True,True,0.0,1,0.8824261611707822,1.0378905539376144,False,False,False,False,-0.20670838859777116,-0.19886949173606094,False,False,False,False,-169622,-353871.7374332107,False,False,False,False,124904.96670979484,False,False,False,False
2022-07-18 00:00:00+00:00,10.8150205133,11.0987605952,10.7410013615,11.0124049181,93081,,,,,,,,,,,,,,,,,,,,,,,,,,,,"rgba(239, 83, 80, 0.5)",0.0,0.0,0.5447975904224788,11.396620193365893,-1.0675518583238854,0.0,0.0,0.0,0.0,0.0,0.0,0.0,0.0,43.74058984354485,-8.359215749416705,False,False,False,True,False,0.0,1,0.874486846072854,1.0261112228592133,False,False,False,False,-0.18721218737361423,-0.19304083955483758,False,False,False,False,-262703,-350296.4928279868,False,False,False,False,123656.9680152931,False,False,False,False
2022-07-19 00:00:00+00:00,10.8232448635,10.9219370659,10.8067961631,10.8725909647,133051,,,,,,,,,,,,,,,,,,,,,,,,,,,,"rgba(239, 83, 80, 0.5)",0.0,0.0,0.5387006901034831,11.388391758895443,-1.0490925773398956,0.0,0.0,0.0,0.0,0.0,0.0,0.0,0.0,43.31898939934098,-8.359215749416705,False,False,False,True,False,0.0,1,0.8893737601757298,1.038599371902926,False,False,False,False,-0.21282459533929096,-0.20293271744706426,False,False,False,False,-129652,-341643.76761904615,False,False,False,False,124025.36142645808,False,False,False,False
2022-07-20 00:00:00+00:00,10.8479179141,10.88492749,10.7821231125,10.7821231125,85174,,,,,,,,,,,,,,,,,,,,,,,,,,,,"rgba(239, 83, 80, 0.5)",0.0,0.0,0.5326661045122824,11.383112381443027,-1.0047466185839997,0.0,0.0,0.0,0.0,0.0,0.0,0.0,0.0,43.429184153595976,-8.359215749416705,False,False,False,True,False,0.0,1,0.8839974442608682,1.0213111568283733,False,False,False,False,-0.2271713963073097,-0.21505205687718698,False,False,False,False,-44478,-329990.2081045738,False,False,False,False,122501.77862542053,False,False,False,False
2022-07-21 00:00:00+00:00,10.9630588169,10.9712831671,10.8181457664,10.8561422643,89323,,,,,,,,,,,,,,,,,,,,,,,,,,,,"rgba(239, 83, 80, 0.5)",0.0,0.0,0.5272384855057781,11.378843222023315,-0.7886078436107604,0.0,0.0,0.0,0.0,0.0,0.0,0.0,0.0,45.28359401817457,-8.023525412924002,True,False,False,True,True,0.0,1,0.8946134136373282,1.0128046695353543,False,False,False,False,-0.19879113121317446,-0.20692159404518073,False,False,False,False,44845,-315290.7881789042,False,False,False,False,121200.65005187463,False,False,False,False
2022-07-22 00:00:00+00:00,11.0699753695,11.0699753695,10.8972640153,11.0206292683,61161,,,,,,,,,,,,,,,,,,,,,,,,,,,,#000000,0.0,0.0,0.5191763688985757,11.376889976922723,-0.5911567355691422,0.0,0.0,0.0,0.0,0.0,0.0,0.0,0.0,48.02110930943158,-5.339273655638564,True,False,False,False,True,0.0,1,0.9023712698476006,1.0190823104492002,False,False,False,False,-0.1580998174553845,-0.1825107057502826,False,False,False,False,106006,-298769.34550522175,False,False,False,False,118846.15397140897,False,False,False,False
2022-07-25 00:00:00+00:00,11.2015649727,11.3002571751,11.1150448086,11.1604432217,95173,,,,,,,,,,,,,,,,,,,,,,,,,,,,"rgba(38, 166, 154, 1.0)",0.0,0.0,0.5114665085858237,11.376739315608821,-0.34249425909267994,0.0,0.0,0.0,0.0,0.0,0.0,0.0,0.0,51.50126192711792,-2.0927783500988397,True,False,True,False,True,0.0,1,0.9116813475338903,0.9793244598602169,False,False,False,False,-0.057530809431274844,-0.12002075759077872,False,False,False,False,201179,-279163.5280344288,False,False,False,False,117917.79499213804,False,False,False,False
2022-07-26 00:00:00+00:00,11.1933406225,11.3249302258,11.111179364,11.1193214707,85034,,,,,,,,,,,,,,,,,,,,,,,,,,,,"rgba(38, 166, 154, 1.0)",0.0,0.0,0.5048242292962404,11.376603620484321,-0.36302337991938916,0.0,0.0,0.0,0.0,0.0,0.0,0.0,0.0,53.67935557103603,-0.15862008001970906,True,False,True,False,True,0.0,1,0.9380564138657794,0.9749759220210641,False,False,False,False,-0.05290401608930538,-0.08646238684004205,False,False,False,False,116145,-263661.23281739233,False,False,False,False,116628.23440421106,False,False,False,False
2022-07-27 00:00:00+00:00,11.3084815253,11.3413789262,11.1851162723,11.2180136731,44339,,,,,,,,,,,,,,,,,,,,,,,,,,,,"rgba(38, 166, 154, 1.0)",0.0,0.0,0.4999034304247309,11.376972745878698,-0.13700890294052664,0.0,0.0,0.0,0.0,0.0,0.0,0.0,0.0,56.54282688335626,2.403439492526104,True,False,True,False,True,0.0,1,0.9221037411886946,0.9811193445443894,False,False,False,False,-0.032829488708169756,-0.0596459377741059,False,False,False,False,160484,-247028.08643239655,False,False,False,False,113793.36246679103,False,False,False,False
2022-07-28 00:00:00+00:00,11.4482954788,11.5058659302,11.3578276266,11.3660519768,52772,,,,,,,,,,,,,,,,,,,,,,,,,,,,"rgba(38, 166, 154, 1.0)",0.0,0.0,0.4942941322740944,11.378641985531347,0.14091507206083764,0.0,0.0,0.0,0.0,0.0,0.0,0.0,0.0,59.9455129703303,5.42823768048757,True,False,True,False,True,0.0,0,0.9396132327894394,0.9569204573089469,False,False,False,False,0.041958281846936944,-0.008843827963584478,False,False,False,False,213256,-228977.73010171435,False,False,False,False,111400.36786025022,False,False,False,False
2022-07-29 00:00:00+00:00,11.3907250274,11.49764158,11.3002571751,11.4318467784,72953,,,,,,,,,,,,,,,,,,,,,,,,,,,,"rgba(38, 166, 154, 1.0)",0.0,0.0,0.4892458064109115,11.380420430563145,0.021062207793765813,0.0,0.0,0.0,0.0,0.0,0.0,0.0,0.0,61.078127347400404,6.329525243205396,True,False,True,False,True,0.0,0,0.9281866046212751,0.9716297293977272,False,False,False,False,0.02735486335967589,0.009255517698045706,False,False,False,False,140303,-214496.13284282357,False,False,False,False,109892.62794416197,False,False,False,False
2022-08-01 00:00:00+00:00,11.4236224282,11.6127824828,11.2180136731,11.2920328249,82840,,,,,,,,,,,,,,,,,,,,,,,,,,,,"rgba(38, 166, 154, 1.0)",0.0,0.0,0.4841894445336955,11.382604321752913,0.08471499515358065,0.0,0.0,0.0,0.0,0.0,0.0,0.0,0.0,62.21308852491653,7.341168315522623,True,False,True,False,True,0.0,0,0.9400390386655034,0.9619738928872988,False,False,False,False,0.03465472568353999,0.021955121690792848,False,False,False,False,223143,-197333.81390781087,False,False,False,False,108831.74057380269,False,False,False,False
2022-08-02 00:00:00+00:00,11.49764158,11.5140902804,11.3084815253,11.4236224282,74255,,,,,,,,,,,,,,,,,,,,,,,,,,,,"rgba(38, 166, 154, 1.0)",0.0,0.0,0.47693843378367606,11.384704307349953,0.23679633397142358,0.0,0.0,0.0,0.0,0.0,0.0,0.0,0.0,63.815623574591385,8.859852321597401,True,False,True,False,True,0.0,0,0.9522153057486074,0.9557305016434835,False,False,False,False,0.032829444323629615,0.02739228300721123,False,False,False,False,297398,-177932.566303583,False,False,False,False,107475.78996306533,False,False,False,False
2022-08-03 00:00:00+00:00,11.703250335,11.7114746852,11.3907250274,11.5469876812,81202,,,,,,,,,,,,,,,,,,,,,,,,,,,,"rgba(38, 166, 154, 1.0)",0.0,0.0,0.4706367127600728,11.38875810331911,0.6682271551586648,0.0,0.0,0.0,0.0,0.0,0.0,0.0,0.0,66.85390962038127,11.724378284765685,True,False,True,False,True,0.8653587412374648,0,0.9495640590941629,0.9507507871159964,False,False,False,False,0.09509219288491416,0.0612422379460627,False,False,False,False,378600,-156107.7597818739,False,False,False,False,106445.44525863139,False,False,False,False
2022-08-04 00:00:00+00:00,11.8841860394,12.3365253004,11.8430642884,12.3283009502,112677,,,,,,,,,,,,,,,,,,,,,,,,,,,,"rgba(38, 166, 154, 1.0)",0.0,0.0,0.4689740002578278,11.400687468663929,1.030970950351742,0.0,0.0,0.0,0.0,0.0,0.0,0.0,0.0,70.21324921612306,14.825593171697747,True,False,True,False,True,2.9686503155850765,0,0.9691736413993044,0.9237651774156188,False,False,False,False,0.34282820493370963,0.20203522143988617,False,False,False,False,491277,-130720.12214336905,False,False,False,False,106689.81995437133,False,False,False,False
2022-08-05 00:00:00+00:00,11.9417564908,11.9993269422,11.8101668876,11.8595129888,63891,,,,,,,,,,,,,,,,,,,,,,,,,,,,"rgba(38, 166, 154, 1.0)",0.0,0.0,0.4675432904307412,11.406307640162963,1.1452390860827781,0.0,0.0,0.0,0.0,0.0,0.0,0.0,0.0,72.83106620742728,17.195662589398353,True,False,True,False,True,3.6261067231926702,0,0.9677476835342094,0.9487170349257379,False,False,False,False,0.25371385725328294,0.22787453934658455,False,False,False,False,555168,-103822.54872598204,False,False,False,False,105011.43485812147,False,False,False,False
2022-08-08 00:00:00+00:00,11.9170834402,12.0425047807,11.9006347398,12.0239999928,73057,,,,,,,,,,,,,,,,,,,,,,,,,,,,"rgba(38, 166, 154, 1.0)",0.0,0.0,0.45991876115707836,11.41292308129368,1.0961943749325154,0.0,0.0,0.0,0.0,0.0,0.0,0.0,0.0,73.98648246600031,18.239286223033034,True,False,True,False,True,3.3135137156292025,0,0.9739447001819952,0.9466919397099136,False,False,False,False,0.2853732737811043,0.25662390656384443,False,False,False,False,482111,-80844.76250143372,False,False,False,False,103758.31976564613,False,False,False,False
2022-08-09 00:00:00+00:00,11.867737339,11.9828782418,11.8348399382,11.9664295414,96044,,,,,,,,,,,,,,,,,,,,,,,,,,,,"rgba(38, 166, 154, 1.0)",0.0,0.0,0.4430265787938107,11.420598088765193,1.0092831257487838,0.0,0.0,0.0,0.0,0.0,0.0,0.0,0.0,73.54884996292215,18.239286223033034,True,False,True,False,True,2.683219065110677,0,0.9642627271881007,0.9694486161760631,False,False,False,False,0.25564721651558026,0.25613556153971234,False,False,False,False,386067,-62534.49730529907,False,False,False,False,103455.7974218953,False,False,False,False
2022-08-10 00:00:00+00:00,11.9417564908,12.0157756426,11.8430642884,11.9993269422,83148,,,,,,,,,,,,,,,,,,,,,,,,,,,,"rgba(38, 166, 154, 1.0)",0.0,0.0,0.438812589403985,11.427440683923452,1.1720625599532468,0.0,0.0,0.0,0.0,0.0,0.0,0.0,0.0,73.91904549425273,18.376545959603007,True,False,True,False,True,3.5632416809067067,0,0.9537568704512179,0.9721558632963309,False,False,False,False,0.2653424448828761,0.26073900321129423,False,False,False,False,469215,-41681.57584234617,False,False,False,False,102659.41320927195,False,False,False,False
2022-08-11 00:00:00+00:00,12.1720382964,12.2049356972,11.9828782418,11.9993269422,75219,,,,,,,,,,,,,,,,,,,,,,,,,,,,"rgba(38, 166, 154, 1.0)",0.0,0.0,0.44424564148922324,11.43527538583234,1.6584583882417985,0.0,0.0,0.0,0.0,0.0,0.0,0.0,0.0,75.84816761768334,20.409390886772698,True,False,True,False,True,6.220319933544278,0,0.950503898665226,0.9739020556590288,False,False,False,False,0.3428282050692759,0.30178360414028504,False,False,False,False,544434,-18696.651299509063,False,False,False,False,101583.31857361423,False,False,False,False
2022-08-12 00:00:00+00:00,12.3940957518,12.4108219269,12.1682923879,12.1682923879,83042,,,,,,,,,,,,,,,,,,,,,,,,,,,,"rgba(38, 166, 154, 1.0)",0.0,0.0,0.45651419100661234,11.555683704584679,1.8365519927576084,0.0,0.0,0.0,0.0,0.0,0.0,0.0,0.0,78.31406489473432,22.892903580302402,True,False,True,False,True,8.648673246343396,0,0.9720834475157136,0.9573418440154867,False,False,False,False,0.34282821075983944,0.32230590745006227,False,False,False,False,627476,6643.4526730207035,False,False,False,False,100856.20804131564,False,False,False,False
2022-08-15 00:00:00+00:00,12.1933816505,12.2268340007,12.0595722497,12.2101078256,72444,,,,,,,,,,,,,,,,,,,,,,,,,,,,"rgba(38, 166, 154, 0.75)",0.0,0.0,0.4624762642175716,11.552658041523907,1.3854194443039876,0.0,0.0,0.0,0.0,0.0,0.0,0.0,0.0,75.85716121855509,22.892903580302402,True,False,True,False,False,6.0106401612462435,0,0.95548863891094,0.9381935047129009,False,False,False,False,0.28017398324031983,0.30123994534519105,False,False,False,False,555032,28148.885901529695,False,False,False,False,99742.0038044013,False,False,False,False
2022-08-16 00:00:00+00:00,12.109750775,12.2300956049,12.1013876875,12.109750775,52012,,,,,,,,,,,,,,,,,,,,,,,,,,,,"rgba(38, 166, 154, 0.75)",0.0,0.0,0.466797073252645,11.554036950347237,1.1904826668696642,0.0,0.0,0.0,0.0,0.0,0.0,0.0,0.0,72.7190591409902,28.32100986528762,True,False,True,False,False,4.9387720852986625,0,0.9595888386804812,0.939448384860852,False,False,False,False,0.28967310767506915,0.2954565265101301,False,False,False,False,503020,46771.282532842255,False,False,False,False,97870.23894932675,False,False,False,False
2022-08-17 00:00:00+00:00,11.9926675493,12.0762984248,11.9675782866,12.0093937244,57322,,,,,,,,,,,,,,,,,,,,,,,,,,,,"rgba(38, 166, 154, 0.75)",0.0,0.0,0.470054977681644,11.5524082581776,0.9366123369096121,0.0,0.0,0.0,0.0,0.0,0.0,0.0,0.0,68.65586119050624,24.537238237259743,True,False,True,False,False,3.4558224161009505,0,0.9499723638386919,0.9477093155518055,False,False,False,False,0.22985665523151522,0.26265659087082266,False,False,False,False,445698,62415.46753155433,False,False,False,False,96280.11193170611,False,False,False,False
2022-08-18 00:00:00+00:00,12.185018563,12.2017447381,11.9926675493,11.9926675493,81258,,,,,,,,,,,,,,,,,,,,,,,,,,,,"rgba(38, 166, 154, 0.75)",0.0,0.0,0.4757214286097379,11.55755495626593,1.3189727622062088,0.0,0.0,0.0,0.0,0.0,0.0,0.0,0.0,67.7699587697592,23.75583549087075,True,False,True,False,False,5.613649832888061,0,0.955277542677671,0.9427879648726069,False,False,False,False,0.2609379277409241,0.2617972593058734,False,False,False,False,526956,80632.74331463063,False,False,False,False,95691.00950301175,False,False,False,False
2022-08-19 00:00:00+00:00,12.0512091622,12.2519232634,12.017756812,12.185018563,79950,,,,,,,,,,,,,,,,,,,,,,,,,,,,"rgba(38, 166, 154, 0.75)",0.0,0.0,0.4750455979442635,11.56237915822346,1.0290170166651957,0.0,0.0,0.0,0.0,0.0,0.0,0.0,0.0,65.070525656546,21.187650002031972,True,False,True,False,False,3.92392054157083,0,0.951656872941755,0.937849745677028,False,False,False,False,0.2766618433882341,0.26922955134705373,False,False,False,False,447006,95000.32200817452,False,False,False,False,95073.71501269758,False,False,False,False
2022-08-22 00:00:00+00:00,11.6414178721,12.0428460746,11.5912393468,11.9675782866,79370,,,,,,,,,,,,,,,,,,,,,,,,,,,,"rgba(38, 166, 154, 0.75)",0.0,0.0,0.46678456205383895,11.579998932027598,0.13157877330424186,0.0,0.0,0.0,0.0,0.0,0.0,0.0,0.0,58.415647484272505,15.008569073666678,True,False,True,False,False,0.0,0,0.9282590445767106,0.9455069394963161,False,False,False,False,0.14723980317170623,0.20823467725938,False,False,False,False,367636,105691.91722354022,False,False,False,False,94457.88305141532,False,False,False,False
2022-08-23 00:00:00+00:00,11.7166856601,11.7710457292,11.6581440472,11.6665071348,65038,,,,,,,,,,,,,,,,,,,,,,,,,,,,"rgba(38, 166, 154, 0.5)",0.0,0.0,0.4655206584760641,11.57498825767657,0.3043847782981172,0.0,0.0,0.0,0.0,0.0,0.0,0.0,0.0,54.839068682746735,11.877316547498907,False,False,True,False,False,0.0,0,0.9504083934646838,0.952945571833828,False,False,False,False,0.10673469392631373,0.15748468559284687,False,False,False,False,432674,118514.74399908767,False,False,False,False,93304.16214743826,False,False,False,False
2022-08-24 00:00:00+00:00,11.6414178721,11.7501380103,11.6330547846,11.7083225725,39188,,,,,,,,,,,,,,,,,,,,,,,,,,,,#000000,0.0,0.0,0.46418482515975173,11.571786337696294,0.15000820929409384,0.0,0.0,0.0,0.0,0.0,0.0,0.0,0.0,51.673294359313175,9.089104223773646,False,False,False,False,False,0.0,0,0.966227299025722,0.950233278427296,False,False,False,False,0.09769408474901384,0.12758938517093035,False,False,False,False,393486,129297.93050892737,False,False,False,False,91181.95971028382,False,False,False,False
2022-08-25 00:00:00+00:00,11.7835903605,11.7835903605,11.6665071348,11.7273067813,50864,,,,,,,,,,,,,,,,,,,,,,,,,,,,#000000,0.0,0.0,0.46394480608267524,11.571443283196473,0.45726792179180525,0.0,0.0,0.0,0.0,0.0,0.0,0.0,0.0,51.251254039370956,8.758435045166799,False,False,False,False,False,0.7208336916436409,0,0.9690522980906526,0.9327918544588749,False,False,False,False,0.11084972668344382,0.11921955592718708,False,False,False,False,444350,141652.91362622433,False,False,False,False,89600.863251057,False,False,False,False
2022-08-26 00:00:00+00:00,11.8504950609,11.9759413742,11.7501380103,11.8254057983,62090,,,,,,,,,,,,,,,,,,,,,,,,,,,,#000000,0.0,0.0,0.46601482756017637,11.575626265547037,0.5898284326961032,0.0,0.0,0.0,0.0,0.0,0.0,0.0,0.0,51.72662522420386,8.758435045166799,False,False,False,False,False,1.4856533016294904,0,0.9876521232410722,0.9090320349840967,False,False,False,False,0.16557509445399202,0.14239732519058956,False,False,False,False,506440,155958.2895624508,False,False,False,False,88522.0058686626,False,False,False,False
2022-08-29 00:00:00+00:00,11.8839474111,11.9508521115,11.7417749227,11.8003165356,66215,,,,,,,,,,,,,,,,,,,,,,,,,,,,#000000,0.0,0.0,0.468036941793523,11.579137437810912,0.6512519548586311,0.0,0.0,0.0,0.0,0.0,0.0,0.0,0.0,52.43093572201738,8.758435045166799,False,False,False,False,False,1.869831307479945,0,1.0286442351455434,0.8834006033428884,False,False,False,False,0.15889557751020472,0.15064645135039714,False,False,False,False,572655,172299.33703059,False,False,False,False,87647.22132479349,False,False,False,False
2022-08-30 00:00:00+00:00,11.8421319734,11.9173997613,11.7752272729,11.8755843236,84871,,,,,,,,,,,,,,,,,,,,,,,,,,,,#000000,0.0,0.0,0.4701736055043944,11.582385531274987,0.5524479449380449,0.0,0.0,0.0,0.0,0.0,0.0,0.0,0.0,52.314246682863,8.758435045166799,False,False,False,False,False,1.3608345697382447,0,1.032295165285606,0.8656455739957749,False,False,False,False,0.15889557751020472,0.15477101443030095,False,False,False,False,487784,184671.28459801784,False,False,False,False,87538.34990029178,False,False,False,False
2022-08-31 00:00:00+00:00,12.2101078256,12.2268340007,11.8755843236,11.8923104987,116990,,,,,,,,,,,,,,,,,,,,,,,,,,,,"rgba(38, 166, 154, 0.5)",0.0,0.0,0.4777401003160999,11.598443188674024,1.2803292763602305,0.0,0.0,0.0,0.0,0.0,0.0,0.0,0.0,56.07377652064929,8.758435045166799,False,False,True,False,True,5.493597369341394,0,1.0314436921497832,0.8476683493123006,False,False,False,False,0.24188889991296392,0.19832995717163243,False,False,False,False,604774,201145.90088829165,False,False,False,False,88693.31657086857,False,False,False,False
2022-09-01 00:00:00+00:00,12.2184709132,12.4717888351,12.0846615124,12.2351970883,167898,,,,,,,,,,,,,,,,,,,,,,,,,,,,"rgba(38, 166, 154, 1.0)",0.0,0.0,0.4855997906616284,11.625025552610971,1.222087348473648,0.0,0.0,0.0,0.0,0.0,0.0,0.0,0.0,58.65258096243499,8.758435045166799,True,False,True,False,True,5.58394417578511,0,1.0416093359890137,0.827055846050325,False,False,False,False,0.3378891933795549,0.26810957527559365,False,False,False,False,772672,223558.6890887508,False,False,False,False,91799.38258769726,False,False,False,False
2022-09-02 00:00:00+00:00,12.2184709132,12.4442742771,12.1682923879,12.3857326642,116333,,,,,,,,,,,,,,,,,,,,,,,,,,,,"rgba(38, 166, 154, 1.0)",0.0,0.0,0.4924233875715317,11.640715242544392,1.1732904757121834,0.0,0.0,0.0,0.0,0.0,0.0,0.0,0.0,60.37178392362546,3.776820798687723,True,False,True,False,True,5.58394417578511,0,1.0764055841687288,0.8262385354920273,False,False,False,False,0.34282820412488196,0.3054688897002378,False,False,False,False,772672,245092.54441860373,False,False,False,False,92761.48523131697,False,False,False,False
2022-09-06 00:00:00+00:00,12.2017447381,12.3690064891,12.1264769501,12.352280314,99713,,,,,,,,,,,,,,,,,,,,,,,,,,,,"rgba(38, 166, 154, 1.0)",0.0,0.0,0.49936657111300875,11.651385629895897,1.102114438652633,0.0,0.0,0.0,0.0,0.0,0.0,0.0,0.0,61.21499457781651,4.7870149648275415,True,False,True,False,True,5.366403551979634,0,1.0670682704159424,0.8592617572742431,False,False,False,False,0.31366234099120877,0.30956561534572324,False,False,False,False,672959,261871.62110807025,False,False,False,False,93034.09365361827,False,False,False,False
2022-09-07 00:00:00+00:00,12.5613575028,12.5697205904,12.1842658851,12.185018563,103736,,,,,,,,,,,,,,,,,,,,,,,,,,,,"rgba(38, 166, 154, 1.0)",0.0,0.0,0.5143800144151315,11.667157337703323,1.7384037871561067,0.0,0.0,0.0,0.0,0.0,0.0,0.0,0.0,64.89286886220174,8.452915486950332,True,False,True,False,True,9.259856083844515,0,1.0394052047220785,0.851026988771356,False,False,False,False,0.34282820642880885,0.32619691088726604,False,False,False,False,776695,282060.77322147926,False,False,False,False,93453.77625543716,False,False,False,False
2022-09-08 00:00:00+00:00,12.4693635397,12.5864467655,12.4191850144,12.5446313277,49524,,,,,,,,,,,,,,,,,,,,,,,,,,,,"rgba(38, 166, 154, 1.0)",0.0,0.0,0.5262395928103077,11.674836345101092,1.5098202519423682,0.0,0.0,0.0,0.0,0.0,0.0,0.0,0.0,65.75037182395877,9.40953234963569,True,False,True,False,True,8.047746006777064,0,1.0516747619746385,0.8396955644836863,False,False,False,False,0.3428282100457938,0.3345125604665299,False,False,False,False,727171,299516.07623240165,False,False,False,False,91731.03993169453,False,False,False,False
2022-09-09 00:00:00+00:00,12.4610004522,12.6031729406,12.4108219269,12.5279051526,101546,,,,,,,,,,,,,,,,,,,,,,,,,,,,"rgba(38, 166, 154, 1.0)",0.0,0.0,0.5373789210551287,11.689591283054504,1.4355032155538505,0.0,0.0,0.0,0.0,0.0,0.0,0.0,0.0,66.17413421754887,10.042944738135802,True,False,True,False,True,7.937070561837803,0,1.06147560812219,0.8318277101604152,False,False,False,False,0.3428282101566611,0.3386703853115955,False,False,False,False,625625,312304.6614781898,False,False,False,False,92115.94032653004,False,False,False,False
2022-09-12 00:00:00+00:00,12.7369823414,12.7369823414,12.4693635397,12.5195420651,80140,,,,,,,,,,,,,,,,,,,,,,,,,,,,"rgba(38, 166, 154, 1.0)",0.0,0.0,0.5546170979064445,11.703330737349127,1.863721129320888,0.0,0.0,0.0,0.0,0.0,0.0,0.0,0.0,68.57529260004142,12.559907681869632,True,False,True,False,True,10.817313910256502,0,1.079099645564113,0.8152880978992456,False,False,False,False,0.3428282125620019,0.34074929893679873,False,False,False,False,705765,327734.47867512354,False,False,False,False,91646.29560784259,False,False,False,False
2022-09-13 00:00:00+00:00,12.2519232634,12.7369823414,12.2435601759,12.7369823414,100052,,,,,,,,,,,,,,,,,,,,,,,,,,,,"rgba(38, 166, 154, 0.75)",0.0,0.0,0.5605943203831558,11.714105372165164,0.9593709241778389,0.0,0.0,0.0,0.0,0.0,0.0,0.0,0.0,63.53630288015992,12.559907681869632,True,False,True,False,False,4.679926149530321,0,1.0585853341591354,0.8249200197345409,False,False,False,False,0.29626694261918235,0.3185081207779905,False,False,False,False,605713,338635.59715845203,False,False,False,False,91975.93107420171,False,False,False,False
2022-09-14 00:00:00+00:00,12.4777266273,12.4777266273,12.260286351,12.3271910514,77208,,,,,,,,,,,,,,,,,,,,,,,,,,,,"rgba(38, 166, 154, 0.75)",0.0,0.0,0.5695657997164848,11.72189690186197,1.3270279321796754,0.0,0.0,0.0,0.0,0.0,0.0,0.0,0.0,62.07033464728961,18.32812614317919,True,False,True,False,False,6.990335704616495,0,1.0722369160674274,0.8434443567228295,False,False,False,False,0.24760528486270292,0.28305670282034673,False,False,False,False,682921,352136.98550517944,False,False,False,False,91396.79652227223,False,False,False,False
2022-09-15 00:00:00+00:00,12.7035299912,12.7955239543,12.4442742771,12.4442742771,140852,,,,,,,,,,,,,,,,,,,,,,,,,,,,"rgba(38, 166, 154, 0.75)",0.0,0.0,0.583203409225008,11.74218187484766,1.6483924839016824,0.0,0.0,0.0,0.0,0.0,0.0,0.0,0.0,62.70511957005105,18.32812614317919,True,False,True,False,False,9.19647404956411,0,1.0889430081275717,0.8185320579306765,False,False,False,False,0.34282821295388355,0.31294245788711517,False,False,False,False,823773,370632.5154853685,False,False,False,False,93336.21626649685,False,False,False,False
2022-09-16 00:00:00+00:00,12.5446313277,12.6658960972,12.4442742771,12.6366252908,212496,,,,,,,,,,,,,,,,,,,,,,,,,,,,"rgba(38, 166, 154, 0.5)",0.0,0.0,0.589106935397218,11.766030680876517,1.32166267283629,0.0,0.0,0.0,0.0,0.0,0.0,0.0,0.0,61.33854486762661,17.41586592485504,False,False,True,False,False,7.279925768179201,0,1.0778466506491509,0.8338554918094366,False,False,False,False,0.31618529179121746,0.3145638748391663,False,False,False,False,611277,380069.55409378547,False,False,False,False,98009.14896192835,False,False,False,False
2022-09-19 00:00:00+00:00,12.7787977792,12.8457024796,12.5446313277,12.5529944153,96415,,,,,,,,,,,,,,,,,,,,,,,,,,,,"rgba(38, 166, 154, 0.5)",0.0,0.0,0.6043911334216034,11.873449685573139,1.497950654076389,0.0,0.0,0.0,0.0,0.0,0.0,0.0,0.0,62.07995234956006,17.41586592485504,False,False,True,False,False,9.521249541374207,0,1.081757129168617,0.8298921818918604,False,False,False,False,0.34282821463020835,0.32869604473468733,False,False,False,False,707692,392917.4931489312,False,False,False,False,97946.63331636254,False,True,False,False
2022-09-20 00:00:00+00:00,12.5195420651,12.799705498,12.4693635397,12.7286192539,59616,,,,,,,,,,,,,,,,,,,,,,,,,,,,"rgba(38, 166, 154, 0.5)",0.0,0.0,0.612820058520486,11.874370483462219,1.0527912274859283,0.0,0.0,0.0,0.0,0.0,0.0,0.0,0.0,59.8773654118086,15.665856196366633,False,False,True,False,False,6.474840079984364,0,1.0789970807902187,0.8300243447781004,False,False,False,False,0.3188914496106762,0.3237937471726818,False,False,False,False,648076,402923.7091038751,False,False,False,False,96443.47122552479,False,False,False,False
2022-09-21 00:00:00+00:00,12.5446313277,12.670077641,12.468527231,12.5446313277,99406,,,,,,,,,,,,,,,,,,,,,,,,,,,,"rgba(38, 166, 154, 0.5)",0.0,0.0,0.6221463841716797,11.878704335647887,1.070370268146333,0.0,0.0,0.0,0.0,0.0,0.0,0.0,0.0,58.60739798540054,14.266836695874488,False,False,True,False,False,6.717871765938511,0,1.079639203296097,0.850019254865558,False,False,False,False,0.29352693647367273,0.30866034182317725,False,False,False,False,747482,416435.7989429388,False,False,False,False,96559.64882452381,False,False,False,False
2022-09-22 00:00:00+00:00,12.5529944153,12.6115360281,12.3397356827,12.5446313277,86042,,,,,,,,,,,,,,,,,,,,,,,,,,,,"rgba(38, 166, 154, 0.5)",0.0,0.0,0.6308117846364657,11.881977446568834,1.0637356261786874,0.0,0.0,0.0,0.0,0.0,0.0,0.0,0.0,57.83218567072125,13.309399280680246,False,False,True,False,False,6.800143183019326,0,1.0736458868986247,0.8483596406213881,False,False,False,False,0.2577294056181751,0.2831948737206762,False,False,False,False,833524,432792.1989843922,False,False,False,False,96147.19200787583,False,False,False,False
2022-09-23 00:00:00+00:00,12.1181138626,12.4693635397,12.0093937244,12.4610004522,151512,,,,,,,,,,,,,,,,,,,,,,,,,,,,#000000,0.0,0.0,0.6318689914340649,11.874105791893351,0.3861687691824494,0.0,0.0,0.0,0.0,0.0,0.0,0.0,0.0,53.22278560957659,8.805425860107839,False,True,False,False,False,1.884737892238224,1,1.04452245729556,0.8556788116859649,False,False,False,False,0.17003110242940642,0.22661298807504132,False,False,False,False,682012,442565.52451441606,False,False,False,False,98318.36094874344,False,False,False,False
2022-09-26 00:00:00+00:00,11.8421319734,12.1264769501,11.7250487476,12.0428460746,79389,,,,,,,,,,,,,,,,,,,,,,,,,,,,"rgba(239, 83, 80, 1.0)",0.0,0.0,0.6316471607401548,11.865002111382358,-0.036207141271019684,0.0,0.0,0.0,0.0,0.0,0.0,0.0,0.0,48.21134964637074,4.129749165051791,False,True,False,True,False,0.0,0,1.026358530442748,0.8890463410806684,False,False,False,False,0.05728897469901695,0.14195098138702913,False,False,False,False,602623,448842.28825894877,False,False,False,False,97576.03306840057,False,False,False,False
2022-09-27 00:00:00+00:00,11.7250487476,11.9508521115,11.7166856601,11.8337688858,58504,,,,,,,,,,,,,,,,,,,,,,,,,,,,"rgba(239, 83, 80, 1.0)",0.0,0.0,0.6316403816329418,11.857913948633975,-0.2103494407537494,0.0,0.0,0.0,0.0,0.0,0.0,0.0,0.0,44.13091937090418,0.45812091768144114,False,True,False,True,False,0.0,0,1.025941954095244,0.9080215050926682,False,False,False,False,0.024617121037454698,0.08328405121224192,False,False,False,False,544119,452578.62989585276,False,False,False,False,96043.7964774829,False,False,False,False
2022-09-28 00:00:00+00:00,11.8337688858,11.9006735862,11.6915963974,11.8086796232,76290,,,,,,,,,,,,,,,,,,,,,,,,,,,,"rgba(239, 83, 80, 1.0)",0.0,0.0,0.6320954953353219,11.850412798606282,-0.026331326404173835,0.0,0.0,0.0,0.0,0.0,0.0,0.0,0.0,42.60612617497803,-0.8314714798167557,False,True,False,True,False,0.0,0,1.018619401017922,0.8987620945077262,False,False,False,False,0.011270440641868624,0.04727724592705527,False,False,False,False,620409,459160.2130371919,False,False,False,False,95269.13779209141,False,False,False,False
2022-09-29 00:00:00+00:00,11.2734420198,11.9006735862,11.214900407,11.8755843236,112948,,,,,,,,,,,,,,,,,,,,,,,,,,,,"rgba(239, 83, 80, 1.0)",0.0,0.0,0.6327742063490132,11.831540633335898,-0.8819869835656254,0.0,0.0,0.0,0.0,0.0,0.0,0.0,0.0,38.41169821358045,-4.695318844000823,False,True,False,True,False,0.0,0,0.9838878439846396,0.9004135155804734,False,False,False,False,-0.08715451886987453,-0.019938636471409633,False,False,False,False,507461,461054.3615455373,False,False,False,False,95962.42650612704,False,False,False,False
2022-09-30 00:00:00+00:00,10.9221923427,11.2900009332,10.8720138174,11.2483527572,112105,,,,,,,,,,,,,,,,,,,,,,,,,,,11.0280690311,"rgba(239, 83, 80, 1.0)",0.0,0.0,0.6360754309394968,11.733885212661095,-1.2760953032916342,1.0,11.290001,10.872014,0.0,0.0,0.0,0.0,0.0,34.18924480210704,-8.527803027075919,False,True,False,True,False,0.0,0,0.9563247081247412,0.9536357376795942,False,False,True,False,-0.30123866690935075,-0.1605886516903802,False,False,False,False,395356,458477.9552104182,True,False,False,False,96595.46860392598,False,False,False,False
2022-10-03 00:00:00+00:00,11.5912393468,11.7585010978,10.8887399925,11.0810910061,118597,,,,,,,,,,,,,,,,,,,,,,,,,,,11.225861501840969,"rgba(239, 83, 80, 1.0)",0.0,0.0,0.6328819804374454,11.738666574092385,-0.23294584432706295,0.0,0.0,0.0,0.0,0.0,0.0,0.0,0.0,37.06555922175663,-8.527803027075919,False,True,False,True,False,0.0,0,0.9540888761622278,0.9300171966592499,False,False,False,False,-0.23503427758774684,-0.19781146463906352,False,False,False,False,513953,460653.4471629508,False,False,False,False,97458.2737567132,False,False,False,False
2022-10-04 00:00:00+00:00,11.9006735862,11.9173997613,11.6748702223,11.6915963974,91764,,,,,,,,,,,,,,,,,,,,,,,,,,,11.398060130713803,"rgba(239, 83, 80, 0.75)",0.0,0.0,0.6231716767799631,11.75268826846195,0.23747118691708752,0.0,0.0,0.0,0.0,0.0,0.0,0.0,0.0,40.97927494466957,-8.527803027075919,False,True,False,True,True,0.07215332319417556,0,0.9912239080852002,0.9264991510866143,False,False,False,False,-0.037615282644718535,-0.11771337364189102,False,False,False,False,605717,466342.2139408743,False,False,False,False,97234.96890350875,False,False,False,False
2022-10-05 00:00:00+00:00,11.5494239091,11.9090366738,11.4741561211,11.8003165356,52841,,,,,,,,,,,,,,,,,,,,,,,,,,,11.432715948621917,"rgba(239, 83, 80, 0.75)",0.0,0.0,0.6133534703527557,11.753150332339192,-0.332151741347488,0.0,0.0,0.0,0.0,0.0,0.0,0.0,0.0,41.70699583847279,-16.282778024561352,False,True,False,True,True,0.0,0,0.9778797079416379,0.9298737024322296,False,False,False,False,-0.08051498239787802,-0.09911417801988452,False,False,False,False,552876,469735.6957471146,False,False,False,False,95494.0289465084,False,False,False,False
2022-10-06 00:00:00+00:00,11.4239775958,11.5410608215,11.3570728954,11.4156145082,85191,,,,,,,,,,,,,,,,,,,,,,,,,,,11.434193676142323,"rgba(239, 83, 80, 0.75)",0.0,0.0,0.6058275670497252,11.746134615551343,-0.5317635533163194,0.0,0.0,0.0,0.0,0.0,0.0,0.0,0.0,41.56689595923258,-16.26075033256879,False,True,False,True,True,0.0,0,0.9643172792710317,0.9557297915587217,False,False,False,False,-0.18147352557129273,-0.14029385179558862,False,False,False,False,467685,469655.2763060513,False,False,False,False,95089.98859566494,False,False,False,False
2022-10-07 00:00:00+00:00,11.0560017435,11.3654359829,11.0225493933,11.3654359829,58205,,,,,,,,,,,,,,,,,,,,,,,,,,,11.402078664624844,"rgba(239, 83, 80, 0.75)",0.0,0.0,0.6017641694355177,11.735651478920998,-1.1294287196569726,0.0,0.0,0.0,0.0,0.0,0.0,0.0,0.0,39.78103001071101,-16.26075033256879,False,True,False,True,True,0.0,0,0.9300226357448486,0.9764118073007224,False,False,False,False,-0.2918127321191684,-0.21605329195737852,False,False,False,False,409480,467295.4615489512,False,False,False,False,93643.51845465848,False,False,False,False
2022-10-10 00:00:00+00:00,11.0894540937,11.1563587941,10.9974601306,11.0225493933,86951,,,,,,,,,,,,,,,,,,,,,,,,,,,11.355995921188004,"rgba(239, 83, 80, 0.75)",0.0,0.0,0.5888431975073852,11.719849968738053,-1.070566625727465,0.0,0.0,0.0,0.0,0.0,0.0,0.0,0.0,38.848773211241244,-16.26075033256879,False,True,False,True,True,0.0,0,0.9320342764226023,0.9899144516805625,False,False,False,False,-0.34282825441539394,-0.2794407731863862,False,False,False,False,496431,468438.0316842864,False,False,False,False,93381.06675055422,False,False,False,False
2022-10-11 00:00:00+00:00,11.0560017435,11.1479957066,10.972370868,11.0141863057,62105,,,,,,,,,,,,,,,,,,,,,,,,,,,11.328354199319016,"rgba(239, 83, 80, 0.75)",0.0,0.0,0.5905568652706107,11.709292903269246,-1.1062290495427374,0.0,0.0,0.0,0.0,0.0,0.0,0.0,0.0,38.064696617492785,-16.26075033256879,False,True,False,True,True,0.0,0,0.9349310366193962,0.9982286823197959,False,False,False,False,-0.34282825441539394,-0.3111345138008901,False,False,False,False,434326,467100.30495156936,False,False,False,False,92154.55432896386,False,False,False,False
2022-10-12 00:00:00+00:00,11.2567158447,11.3905252456,11.0476386559,11.1312695315,60571,,,,,,,,,,,,,,,,,,,,,,,,,,,11.320309921993363,"rgba(239, 83, 80, 0.75)",0.0,0.0,0.5870450071846479,11.702773654399998,-0.7598357949404982,0.0,0.0,0.0,0.0,0.0,0.0,0.0,0.0,39.23681120283987,-16.26075033256879,False,True,False,True,True,0.0,0,0.9345054255896554,0.9750737774493172,False,False,False,False,-0.2724001696113558,-0.29176734170612295,False,False,False,False,494897,468190.3714240569,False,False,False,False,90915.98357096527,False,False,False,False
2022-10-13 00:00:00+00:00,11.6497809597,11.6665071348,11.1563587941,11.1563587941,54363,,,,,,,,,,,,,,,,,,,,,,,,,,,11.332157256745298,"rgba(239, 83, 80, 0.75)",0.0,0.0,0.5829284522523029,11.701118796521667,-0.08806884725442793,0.0,0.0,0.0,0.0,0.0,0.0,0.0,0.0,42.8827837041668,-13.754386075675022,False,True,False,True,True,0.0,0,0.9371122137163973,0.970120734625542,False,False,False,False,-0.19048050031455008,-0.24112392101033653,False,False,False,False,549260,471369.5725446821,False,False,False,False,89482.53323484899,False,False,False,False
2022-10-14 00:00:00+00:00,11.4156145082,11.8254057983,11.3988883331,11.6497809597,98803,,,,,,,,,,,,,,,,,,,,,,,,,,,11.35619725730638,"rgba(239, 83, 80, 0.75)",0.0,0.0,0.5789153253775431,11.699451852020184,-0.4902916391703375,0.0,0.0,0.0,0.0,0.0,0.0,0.0,0.0,43.842904203466965,-12.615853484152552,False,True,False,True,True,0.0,0,0.9314693794680837,0.9930058860320223,False,False,False,False,-0.10760005658566343,-0.17436198879799997,False,False,False,False,450457,470549.47166057694,False,False,False,False,89848.04173544316,False,False,False,False
2022-10-17 00:00:00+00:00,11.7835903605,11.7919534481,11.5494239091,11.5494239091,98162,,,,,,,,,,,,,,,,,,,,,,,,,,,11.391480310368348,#000000,0.0,0.0,0.571933547692858,11.701460150588774,0.14360096595580618,0.0,0.0,0.0,0.0,0.0,0.0,0.0,0.0,46.86817869667807,-9.539377976676342,False,True,False,False,True,0.0,0,0.9356619086762035,0.9637193511131196,False,False,False,False,-0.08375026556066878,-0.12905612717933437,False,False,False,False,548619,473611.02179153473,False,False,False,False,90174.0793144454,False,False,False,False
2022-10-18 00:00:00+00:00,12.0010306368,12.0261198995,11.7710457292,11.9759413742,80252,,,,,,,,,,,,,,,,,,,,,,,,,,,11.43246165566995,#000000,0.0,0.0,0.5687360426669464,11.706905645468481,0.5171555330875324,0.0,0.0,0.0,0.0,0.0,0.0,0.0,0.0,50.12456281082194,-6.340815260100513,False,True,False,False,True,1.6040478901508095,0,0.944885527942501,0.9512680560035494,False,False,False,False,0.008440077400302837,-0.06030802488951577,False,False,False,False,628871,479699.64838794514,False,False,False,False,89784.9781648593,False,False,False,False
2022-10-19 00:00:00+00:00,12.1515662128,12.1933816505,11.8086796232,11.867221236,194263,,,,,,,,,,,,,,,,,,,,,,,,,,,11.52830150141258,"rgba(38, 166, 154, 0.5)",0.0,0.0,0.5637764465388837,11.722713683283946,0.7606783365088258,0.0,0.0,0.0,0.0,0.0,0.0,0.0,0.0,53.115556884063416,-3.45963060597024,False,False,True,False,True,2.817992593509487,0,0.952525227376251,0.9371423869328026,False,False,False,False,0.0498365917158244,-0.0052357165868456845,False,False,False,False,823134,493167.66217665316,False,False,False,False,93882.15549172758,False,False,False,False
2022-10-20 00:00:00+00:00,11.9759413742,12.2680640224,11.8923104987,12.1264769501,92585,,,,,,,,,,,,,,,,,,,,,,,,,,,11.563852907985872,"rgba(38, 166, 154, 0.5)",0.0,0.0,0.5541437885856255,11.729031485565939,0.4455700735440236,0.0,0.0,0.0,0.0,0.0,0.0,0.0,0.0,53.77258384873977,-2.750968332454306,False,False,True,False,True,1.3153373945054092,0,0.9580302777255698,0.9352637684666454,False,False,False,False,0.08193166321589912,0.03834797331452672,False,False,False,False,730549,502476.73424815695,False,False,False,False,93831.28664891474,False,False,False,False
2022-10-21 00:00:00+00:00,12.3188279638,12.3606434016,11.9508521115,12.0595722497,76005,,,,,,,,,,,,,,,,,,,,,,,,,,,11.598376300157158,"rgba(38, 166, 154, 0.5)",0.0,0.0,0.5513406150497482,11.736277315510335,1.0566075351388735,0.0,0.0,0.0,0.0,0.0,0.0,0.0,0.0,56.115150568833066,-0.3865478695303608,False,False,True,False,True,4.044950583429856,0,0.9558503080524688,0.9447020842723518,False,False,False,False,0.11272566907514427,0.07553682119483549,False,False,False,False,806554,514401.332905092,False,False,False,False,93132.21658425142,False,False,False,False
2022-10-24 00:00:00+00:00,12.3188279638,12.5279051526,12.3104648763,12.3773695767,65847,,,,,,,,,,,,,,,,,,,,,,,,,,,11.633204129142134,"rgba(38, 166, 154, 0.5)",0.0,0.0,0.5491504740811296,11.744406634979553,1.0460180878139138,0.0,0.0,0.0,0.0,0.0,0.0,0.0,0.0,57.676861715561934,1.2407996263358214,False,False,True,False,True,4.044950583429856,0,0.9669670959879448,0.9470936415465234,False,False,False,False,0.22217835905117883,0.14885759012300714,False,False,False,False,806554,525858.3002421472,False,False,False,False,92062.20809075137,False,False,False,False
2022-10-25 00:00:00+00:00,12.4610004522,12.670077641,12.2519232634,12.2519232634,49028,,,,,,,,,,,,,,,,,,,,,,,,,,,11.659598636904612,"rgba(38, 166, 154, 1.0)",0.0,0.0,0.5471486746860943,11.750886978284417,1.2978437246932644,0.0,0.0,0.0,0.0,0.0,0.0,0.0,0.0,59.50193710081613,3.138145696642688,True,False,True,False,True,5.1618894490623575,0,0.9810340958738419,0.9372255286179324,False,False,False,False,0.2399760325915927,0.19441681135729993,False,False,False,False,855582,538788.6414091218,False,False,False,False,90374.5920871925,False,False,False,False
2022-10-26 00:00:00+00:00,12.4024588393,12.6533514659,12.4024588393,12.5529944153,61437,,,,,,,,,,,,,,,,,,,,,,,,,,,11.691352702445444,"rgba(38, 166, 154, 1.0)",0.0,0.0,0.5438599545733083,11.758963857626469,1.1831997856477445,0.0,0.0,0.0,0.0,0.0,0.0,0.0,0.0,60.16174756661991,3.9699319161431035,True,False,True,False,True,4.635176390429617,0,0.9880724558368457,0.9389786841337661,False,False,False,False,0.2687708965203523,0.23159385393882612,False,False,False,False,794145,548802.6162558229,False,False,False,False,89239.78455436144,False,False,False,False
2022-10-27 00:00:00+00:00,12.5697205904,12.7620716041,12.427548102,12.4693635397,56422,,,,,,,,,,,,,,,,,,,,,,,,,,,11.721858947534178,"rgba(38, 166, 154, 1.0)",0.0,0.0,0.5412378604885336,11.767100828026821,1.482933514016767,0.0,0.0,0.0,0.0,0.0,0.0,0.0,0.0,61.58722667117331,5.5680435812307465,True,False,True,False,True,5.9577712274919605,0,0.995555299893342,0.9239171925975528,False,False,False,False,0.29800783583603435,0.2648008448874302,False,False,False,False,850567,560636.5136575553,False,False,False,False,87952.81261105314,False,False,False,False
2022-10-28 00:00:00+00:00,13.0547796684,13.0882320186,12.6031729406,12.6366252908,56479,,,,,,,,,,,,,,,,,,,,,,,,,,,11.761234333460319,"rgba(38, 166, 154, 1.0)",0.0,0.0,0.5460327879496748,11.778239447600372,2.3378453619845274,0.0,0.0,0.0,0.0,0.0,0.0,0.0,0.0,64.86929164414946,8.863686392661613,True,False,True,False,True,9.595662323362003,0,1.0028213953903131,0.9109977992898594,False,False,False,False,0.3428282129340383,0.30381452891073424,False,False,False,False,907046,574221.1993964748,False,False,False,False,86718.54544983538,False,False,False,False
2022-10-31 00:00:00+00:00,13.1216843688,13.3140353825,13.0129642306,13.0380534933,128197,,,,,,,,,,,,,,,,,,,,,,,,,,,11.857953150457018,"rgba(38, 166, 154, 1.0)",0.0,0.0,0.5529930145438342,11.80719656483479,2.37704233036205,0.0,0.0,0.0,0.0,0.0,0.0,0.0,0.0,67.33328993797407,11.298602917913513,True,False,True,False,True,10.077131522004205,0,1.026310546160694,0.9006329857398561,False,False,False,False,0.34282821920159884,0.32332137405616657,False,False,False,False,1035243,592300.4856946522,False,False,False,False,88345.15151062615,False,False,False,False
2022-11-01 00:00:00+00:00,13.2387675945,13.2387675945,12.8875179173,13.1049581937,74132,,,,,,,,,,,,,,,,,,,,,,,,,,,11.906891497625171,"rgba(38, 166, 154, 1.0)",0.0,0.0,0.5598950704828589,11.822600643085263,2.5293434896531983,0.0,0.0,0.0,0.0,0.0,0.0,0.0,0.0,69.4645187214262,13.399663825126368,True,False,True,False,True,10.919495624896804,0,1.045515560128976,0.8922541259553812,False,False,False,False,0.3078818544276518,0.3156016142419092,False,False,False,False,1109375,612577.9176281953,False,False,False,False,87787.77302001337,False,False,False,False
2022-11-02 00:00:00+00:00,13.1969521568,13.3307615576,12.5111789775,13.2136783319,221116,,,,,,,,,,,,,,,,,,,,,,,,,,,12.021421783892766,"rgba(38, 166, 154, 1.0)",0.0,0.0,0.5638047263032336,11.86119607994492,2.3691821202234205,0.0,0.0,0.0,0.0,0.0,0.0,0.0,0.0,70.3855650486952,14.391474569298452,True,False,True,False,True,10.51514225559822,0,1.0185012506671467,0.8761649620681434,False,False,False,False,0.2595735245795836,0.28758756941074637,False,False,False,False,888259,623388.9404663052,False,False,False,False,93016.33094079717,False,False,False,False
2022-11-03 00:00:00+00:00,13.1300474563,13.1958649554,12.8457024796,12.987874968,51338,,,,,,,,,,,,,,,,,,,,,,,,,,,12.045738609335517,"rgba(38, 166, 154, 1.0)",0.0,0.0,0.5646969936574645,11.869897426688102,2.2315508029360673,0.0,0.0,0.0,0.0,0.0,0.0,0.0,0.0,70.1676595941685,14.391474569298452,True,False,True,False,True,9.863090454494465,0,1.039111582595036,0.8844220371703396,False,False,False,False,0.2933520014792319,0.29046978544498914,False,False,False,False,836921,631762.7467225286,False,False,False,False,91381.88659017767,False,False,False,False
2022-11-04 00:00:00+00:00,13.3893031704,13.5147494837,13.1133212812,13.2554937696,69097,,,,,,,,,,,,,,,,,,,,,,,,,,,12.085355098558773,"rgba(38, 166, 154, 1.0)",0.0,0.0,0.5746044399265748,11.884236031757563,2.619309970585608,0.0,0.0,0.0,0.0,0.0,0.0,0.0,0.0,71.31766964503473,15.72339031075245,True,False,True,False,True,11.769479201608831,0,1.0533920772225513,0.871215644147881,False,False,False,False,0.34282822155354037,0.3166490034992647,False,False,False,False,906018,642517.8546941942,False,False,False,False,90507.96946899424,False,False,False,False
2022-11-07 00:00:00+00:00,13.5482018339,13.6569219721,13.397666258,13.397666258,72048,,,,,,,,,,,,,,,,,,,,,,,,,,,12.130198417714572,"rgba(38, 166, 154, 1.0)",0.0,0.0,0.5902641074171299,11.900795889062799,2.7909641195123642,0.0,0.0,0.0,0.0,0.0,0.0,0.0,0.0,72.78486900570849,17.364223500303197,True,False,True,False,True,12.906057560725795,0,1.0642644997863266,0.8739149357283886,False,False,False,False,0.3428282243941411,0.3297386139467029,False,False,False,False,978066,655676.6054905003,False,False,False,False,89784.04909766115,False,False,False,False
2022-11-08 00:00:00+00:00,13.5983803592,13.6820112348,13.3642139078,13.6234696219,94118,,,,,,,,,,,,,,,,,,,,,,,,,,,12.185300991319469,"rgba(38, 166, 154, 1.0)",0.0,0.0,0.608141398209922,11.921810280943687,2.756875429285583,0.0,0.0,0.0,0.0,0.0,0.0,0.0,0.0,73.98092813699078,18.73176357140447,True,False,True,False,True,13.26364739589157,0,1.0624414774368933,0.8718421590268151,False,False,False,False,0.3415733917648871,0.335656002855795,False,False,False,False,1072184,672010.2288045984,False,False,False,False,89954.00795657639,False,False,False,False
2022-11-09 00:00:00+00:00,13.4060293456,13.8325468107,13.397666258,13.715463585,77699,,,,,,,,,,,,,,,,,,,,,,,,,,,12.227577481932501,"rgba(38, 166, 154, 1.0)",0.0,0.0,0.6178828293410926,11.938480320422677,2.3751251135143385,0.0,0.0,0.0,0.0,0.0,0.0,0.0,0.0,72.18261364828349,18.73176357140447,True,False,True,False,True,11.319210296842467,0,1.0614197083369554,0.8636535773039695,False,False,False,False,0.34282822542596814,0.33924211414088157,False,False,False,False,994485,684656.2982632417,False,False,False,False,89473.41940925966,False,False,False,False
2022-11-10 00:00:00+00:00,13.8994515111,14.0522860421,13.7091725201,13.9079423184,97105,,,,,,,,,,,,,,,,,,,,,,,,,,,12.289628352048382,"rgba(38, 166, 154, 1.0)",0.0,0.0,0.6440724908774313,11.96321345944507,3.006242432458432,0.0,0.0,0.0,0.0,0.0,0.0,0.0,0.0,73.32330449277185,18.73176357140447,True,False,True,False,True,14.791137048248068,0,1.0573090092627009,0.855700987408223,False,False,False,False,0.3428282281560249,0.3410351711484532,False,False,False,False,1091590,700614.4826450753,False,False,False,False,89772.69707948477,False,False,False,False
2022-11-11 00:00:00+00:00,13.7041629438,14.0777584639,13.6319910819,13.9673779693,60199,,,,,,,,,,,,,,,,,,,,,,,,,,,12.32395322121177,"rgba(38, 166, 154, 0.75)",0.0,0.0,0.6632826195309737,11.97736568319,2.603410989166381,0.0,0.0,0.0,0.0,0.0,0.0,0.0,0.0,71.8496905099432,18.73176357140447,True,False,True,False,False,12.856636857662618,0,1.0414027857283672,0.8682199421813703,False,False,False,False,0.3360540707757108,0.33854462096208204,False,False,False,False,1031391,713586.1107766409,False,False,False,False,88612.94425283831,False,False,False,False
2022-11-14 00:00:00+00:00,13.7211445583,13.8357704565,13.6022732564,13.7211445583,53648,,,,,,,,,,,,,,,,,,,,,,,,,,,12.351577579337178,"rgba(38, 166, 154, 0.75)",0.0,0.0,0.680209002312618,11.989068114269514,2.5463885925379732,0.0,0.0,0.0,0.0,0.0,0.0,0.0,0.0,70.95443828531612,18.73176357140447,True,False,True,False,False,12.97520737351891,0,1.0352598158314033,0.8797184183709078,False,False,False,False,0.30092718638002797,0.319735903671055,False,False,False,False,1085039,728152.8907461844,False,False,False,False,87241.76996841328,False,False,False,False
2022-11-15 00:00:00+00:00,13.7975618238,13.9758687766,13.7381261729,13.9249239329,62890,,,,,,,,,,,,,,,,,,,,,,,,,,,12.385263451213808,"rgba(38, 166, 154, 0.75)",0.0,0.0,0.6981002985286974,12.00347659987466,2.5699533830690524,0.0,0.0,0.0,0.0,0.0,0.0,0.0,0.0,70.76830996472873,18.73176357140447,True,False,True,False,False,13.513905301707982,0,1.0440759687570698,0.8670170409405378,False,False,False,False,0.3366091148715274,0.32817250927129116,False,False,False,False,1147929,744614.6989522164,False,False,False,False,86286.79859710296,False,False,False,False
2022-11-16 00:00:00+00:00,13.6107640637,13.8145434383,13.5852916419,13.7551077874,59356,,,,,,,,,,,,,,,,,,,,,,,,,,,12.412185744739153,"rgba(38, 166, 154, 0.75)",0.0,0.0,0.7101870124625724,12.015435536295895,2.2463499041925665,0.0,0.0,0.0,0.0,0.0,0.0,0.0,0.0,68.3676937988135,22.852570240971986,True,False,True,False,False,11.637020624146565,0,1.0327706109100838,0.8859537838952614,False,False,False,False,0.29604656827495895,0.3121095387731251,False,False,False,False,1088573,758103.2597776197,False,False,False,False,85230.68884819697,False,False,False,False
2022-11-17 00:00:00+00:00,13.7296353656,13.7801556689,13.4154754964,13.4324571109,47345,,,,,,,,,,,,,,,,,,,,,,,,,,,12.432397079724584,"rgba(38, 166, 154, 0.75)",0.0,0.0,0.7266790939578045,12.024608524723066,2.3463270858538543,0.0,0.0,0.0,0.0,0.0,0.0,0.0,0.0,67.5395887226272,21.918536099577338,True,False,True,False,False,12.497621746886573,0,1.0102003103838975,0.8899951361438603,False,False,False,False,0.27018713045091297,0.29114833461201906,False,False,False,False,1135918,772919.524100066,False,False,False,False,83744.97556003238,False,False,False,False
2022-11-18 00:00:00+00:00,13.7466169801,13.9758687766,13.7041629438,13.9758687766,57937,,,,,,,,,,,,,,,,,,,,,,,,,,,12.459539354531158,"rgba(38, 166, 154, 0.75)",0.0,0.0,0.7439881099872365,12.03688741203813,2.298060338748158,0.0,0.0,0.0,0.0,0.0,0.0,0.0,0.0,67.10003877085258,21.320416032473958,True,False,True,False,False,12.621125380895492,0,1.0263899411172095,0.8806905311959224,False,False,False,False,0.3321743239065911,0.31166132925930506,False,False,False,False,1193855,789426.7976647693,False,False,False,False,82732.89808708994,False,False,False,False
2022-11-21 00:00:00+00:00,13.7635985947,13.8315250529,13.6768225443,13.8060526311,44703,,,,,,,,,,,,,,,,,,,,,,,,,,,12.478988348679108,"rgba(38, 166, 154, 0.75)",0.0,0.0,0.760950310141749,12.045888563415957,2.257322204079356,0.0,0.0,0.0,0.0,0.0,0.0,0.0,0.0,66.92823352591147,20.935577053921264,True,False,True,False,False,12.746647385300285,0,1.0223013293462104,0.8956571170349892,False,False,False,False,0.3099442111047926,0.3108027701820488,False,False,False,False,1238558,807039.7859916412,False,False,False,False,81241.52953465504,False,False,False,False
2022-11-22 00:00:00+00:00,13.9079423184,13.9164331257,13.6786905219,13.7890710165,44715,,,,,,,,,,,,,,,,,,,,,,,,,,,12.499005806031585,"rgba(38, 166, 154, 0.75)",0.0,0.0,0.7802515896505782,12.055193846100837,2.3745526402950157,0.0,0.0,0.0,0.0,0.0,0.0,0.0,0.0,67.83242289837875,20.935577053921264,True,False,True,False,False,13.814529911567426,0,1.0353234935356341,0.8894306275380837,False,False,False,False,0.32114184795405953,0.3159723090680542,False,False,False,False,1283273,825715.5983056945,False,False,False,False,79809.11661172738,False,False,False,False
2022-11-23 00:00:00+00:00,13.5852916419,14.0353044275,13.5428376055,13.8400158602,60214,,,,,,,,,,,,,,,,,,,,,,,,,,,12.522838009013123,"rgba(38, 166, 154, 0.75)",0.0,0.0,0.7903633793994869,12.066630648648813,1.921471860709255,0.0,0.0,0.0,0.0,0.0,0.0,0.0,0.0,64.17327850115137,18.067725503573485,True,False,True,False,False,10.470385692701399,1,1.0268763690245801,0.870721538302168,False,False,False,False,0.3189444722465644,0.3174583906573093,False,False,False,False,1223059,841297.6924897849,False,False,False,False,79040.68066616944,False,False,False,False
2022-11-25 00:00:00+00:00,14.0607768494,14.1711573439,13.6701997147,13.6701997147,44701,,,,,,,,,,,,,,,,,,,,,,,,,,,12.54345147426722,"rgba(38, 166, 154, 0.75)",0.0,0.0,0.8115039728938002,12.076358198126075,2.445359132620811,0.0,0.0,0.0,0.0,0.0,0.0,0.0,0.0,65.03240261295582,18.067725503573485,True,False,True,False,False,13.928338539799597,1,1.018851434478976,0.8776352035931114,False,False,False,False,0.3428282285227593,0.3301433095900343,False,False,False,False,1267760,858021.704549009,False,False,False,False,77694.0265223981,False,True,False,False
2022-11-28 00:00:00+00:00,13.8824698966,14.0437952348,13.7508623838,14.0437952348,73358,,,,,,,,,,,,,,,,,,,,,,,,,,,12.57431788945028,"rgba(38, 166, 154, 0.75)",0.0,0.0,0.8281875140481765,12.091321747332097,2.162732616569863,0.0,0.0,0.0,0.0,0.0,0.0,0.0,0.0,63.68200303656625,17.602015554714868,True,False,True,False,False,12.14148020500437,1,1.0242841734852886,0.878966072505513,False,False,False,False,0.33679433593032704,0.33346882276018064,False,False,False,False,1194402,871213.088684342,False,False,False,False,77523.9862666178,False,False,False,False
2022-11-29 00:00:00+00:00,13.772089402,14.0522860421,13.7381261729,13.8400158602,89974,,,,,,,,,,,,,,,,,,,,,,,,,,,12.609256555760515,"rgba(38, 166, 154, 0.75)",0.0,0.0,0.8421676428140886,12.108766514743714,1.9750496251533987,0.0,0.0,0.0,0.0,0.0,0.0,0.0,0.0,61.65185488652514,15.641072968804806,True,False,True,False,False,11.049297599811183,1,1.0181492892619393,0.8883189478198958,False,False,False,False,0.33624697639697254,0.3348578995785766,False,False,False,False,1104428,880358.7714810345,False,False,False,False,78012.22209929944,False,False,False,False
2022-11-30 00:00:00+00:00,14.0013411984,14.018322813,13.6107640637,13.8569974747,67636,,,,,,,,,,,,,,,,,,,,,,,,,,,12.634745525696335,"rgba(38, 166, 154, 0.75)",0.0,0.0,0.8599673208135326,12.12173786141231,2.1856683288960075,0.0,0.0,0.0,0.0,0.0,0.0,0.0,0.0,61.89129943435279,15.641072968804806,True,False,True,False,False,12.704018273924664,1,1.0152675160698075,0.8881352484668414,False,False,False,False,0.31558730226002174,0.32522260091929917,False,False,False,False,1172064,891798.1922072684,False,False,False,False,77605.31142873867,False,False,False,False
2022-12-01 00:00:00+00:00,14.0268136203,14.2688016276,13.9928503911,14.0777584639,71755,,,,,,,,,,,,,,,,,,,,,,,,,,,12.665271175483959,"rgba(38, 166, 154, 0.75)",0.0,0.0,0.8768558760731159,12.300337980185288,1.9689388954619396,0.0,0.0,0.0,0.0,0.0,0.0,0.0,0.0,62.22132996198786,15.641072968804806,True,False,True,False,False,12.88623935316311,1,1.035751960525733,0.8681875000282017,False,True,False,False,0.34282823029478954,0.33402541560704435,False,False,False,False,1243819,905602.9297677677,False,False,False,False,77375.88745114108,False,False,False,False
2022-12-02 00:00:00+00:00,13.8230342456,13.9673779693,13.6701997147,13.9673779693,40989,,,,,,,,,,,,,,,,,,,,,,,,,,,12.678889181972052,"rgba(38, 166, 154, 0.5)",0.0,0.0,0.8875301836358627,12.298641926814305,1.717566733945722,0.0,0.0,0.0,0.0,0.0,0.0,0.0,0.0,60.20313626107108,14.021713586105705,False,False,True,False,False,10.836611309969136,1,1.0247822712058854,0.87858268323645,False,False,False,False,0.26925461060513967,0.301640013106092,False,False,False,False,1202830,917258.8933062867,False,False,False,False,75948.95068835125,False,False,False,False
2022-12-05 00:00:00+00:00,13.7805802092,14.0013411984,13.6786905219,13.6786905219,51734,,,,,,,,,,,,,,,,,,,,,,,,,,,12.695625325481966,"rgba(38, 166, 154, 0.5)",0.0,0.0,0.8979835769152766,12.302333112791493,1.646185002053749,0.0,0.0,0.0,0.0,0.0,0.0,0.0,0.0,58.410464797549416,12.261248092982399,False,False,True,False,False,10.413152074255802,1,1.047911938272959,0.8721329144797119,False,False,False,False,0.2741623265001523,0.2879011698031222,False,False,False,False,1151096,926428.9759217264,False,False,False,False,74999.34477900415,False,False,False,False
2022-12-06 00:00:00+00:00,14.0607768494,14.0947400785,13.7975618238,13.7975618238,88517,,,,,,,,,,,,,,,,,,,,,,,,,,,12.72716824957464,"rgba(38, 166, 154, 0.5)",0.0,0.0,0.912442957214508,12.319053667728175,1.908857061036375,0.0,0.0,0.0,0.0,0.0,0.0,0.0,0.0,59.44077494489892,12.261248092982399,False,False,True,False,False,12.49000790001353,1,1.069113506514401,0.8469122280371607,False,False,False,False,0.29890056854512864,0.29340086917412544,False,False,False,False,1239613,938710.7023561687,False,False,False,False,75529.44890531772,False,False,False,False
2022-12-07 00:00:00+00:00,13.8824698966,14.0820038675,13.8054582746,13.9503963548,78643,,,,,,,,,,,,,,,,,,,,,,,,,,,12.75262553377006,"rgba(38, 166, 154, 0.5)",0.0,0.0,0.9177246882515473,12.331294701253212,1.6902402378452883,0.0,0.0,0.0,0.0,0.0,0.0,0.0,0.0,58.20568203130516,12.054520589413315,False,False,True,False,False,10.700535219835043,1,1.0698357619623131,0.8384383649516046,False,False,False,False,0.29833266691411636,0.29586676804412093,False,False,False,False,1160970,947426.753244162,False,False,False,False,75651.54894824645,False,False,False,False
2022-12-08 00:00:00+00:00,13.9249239329,14.0013411984,13.8060526311,13.9843595839,47406,,,,,,,,,,,,,,,,,,,,,,,,,,,12.767295525595822,"rgba(38, 166, 154, 0.5)",0.0,0.0,0.9238431555331506,12.338470994533955,1.7172319011775354,0.0,0.0,0.0,0.0,0.0,0.0,0.0,0.0,57.73589702912486,11.514747869938923,False,False,True,False,False,11.018475704733849,1,1.0712805624762387,0.8399704542635239,False,False,False,False,0.2889641569667051,0.292415462505413,False,False,False,False,1208376,957660.0570385086,False,False,False,False,74543.88036204071,False,False,False,False
2022-12-09 00:00:00+00:00,13.9503963548,14.0777584639,13.8400158602,13.8400158602,57066,,,,,,,,,,,,,,,,,,,,,,,,,,,12.785149415990523,"rgba(38, 166, 154, 0.5)",0.0,0.0,0.9283505449236541,12.347849526697487,1.726230287541118,0.0,0.0,0.0,0.0,0.0,0.0,0.0,0.0,57.64694969154259,11.279642150122783,False,False,True,False,False,11.211586012144842,1,1.101433042596124,0.831739553215853,False,False,False,False,0.3018926225879258,0.29715404254666944,False,False,False,False,1265442,969729.9371546454,False,False,False,False,73858.47328901952,False,False,False,False
2022-12-12 00:00:00+00:00,13.8060526311,13.9079423184,13.6362364855,13.8824698966,53710,,,,,,,,,,,,,,,,,,,,,,,,,,,12.799063799906124,"rgba(38, 166, 154, 0.5)",0.0,0.0,0.9314019468626953,12.353987551273905,1.5590101402699286,0.0,0.0,0.0,0.0,0.0,0.0,0.0,0.0,55.892838812454336,9.469300177224468,False,False,True,False,False,9.732804395890547,1,1.1074239551455394,0.803749245069832,False,False,False,False,0.2585017072547002,0.27782787490068483,False,False,False,False,1211732,979220.2141289731,False,False,False,False,73068.33708160698,False,False,False,False
2022-12-13 00:00:00+00:00,14.0098320057,14.2221021876,13.7551077874,14.1202125003,79984,,,,,,,,,,,,,,,,,,,,,,,,,,,12.823397071448284,"rgba(38, 166, 154, 0.5)",0.0,0.0,0.9379979260069875,12.36764134305909,1.7507401851426665,0.0,0.0,0.0,0.0,0.0,0.0,0.0,0.0,56.64068472258252,9.469300177224468,False,False,True,False,False,11.306673408018408,1,1.1157386972021983,0.8080547748196343,False,False,False,False,0.3088946398463686,0.2933612573735267,False,False,False,False,1291716,991474.9508297977,False,False,False,False,73339.53954899494,False,False,False,False
2022-12-14 00:00:00+00:00,13.8060526311,14.0098320057,13.6956721365,13.7890710165,60730,,,,,,,,,,,,,,,,,,,,,,,,,,,12.83881189915601,"rgba(38, 166, 154, 0.5)",0.0,0.0,0.9407328594456275,12.37545256121475,1.5207293500179215,0.0,0.0,0.0,0.0,0.0,0.0,0.0,0.0,54.86629542930648,8.364484707474652,False,False,True,False,False,9.233980877025807,1,1.0722203473028111,0.8339465540773126,False,False,False,False,0.27711313894771794,0.2852371981606223,False,False,False,False,1230986,1000867.5409933351,False,False,False,False,72845.04780197554,False,False,False,False
2022-12-15 00:00:00+00:00,13.619254871,13.7635985947,13.5173651837,13.7635985947,123975,,,,,,,,,,,,,,,,,,,,,,,,,,,12.862733600795124,#000000,0.0,0.0,0.9397096679835116,12.386105181798312,1.3122666832276602,0.0,0.0,0.0,0.0,0.0,0.0,0.0,0.0,51.874253586182064,5.523082024529671,False,True,False,False,False,7.383368702423638,1,1.0716728208818418,0.8438217949339029,False,False,False,False,0.22850162514887243,0.25686941165474736,False,False,False,False,1107011,1005030.0295818318,False,False,False,False,74850.14396660395,False,False,False,False
2022-12-16 00:00:00+00:00,13.4494387255,13.5162613787,13.3050950018,13.4579295327,159076,,,,,,,,,,,,,,,,,,,,,,,,,,,12.88359362160226,"rgba(239, 83, 80, 1.0)",0.0,0.0,0.940402893807938,12.394470998327348,1.1218252667224484,0.0,0.0,0.0,0.0,0.0,0.0,0.0,0.0,48.416508117308084,2.356736193787917,False,True,False,True,False,5.737910578405945,1,1.0604225662305378,0.8325769827683274,False,False,False,False,0.17703907369160685,0.2169542426731771,False,False,False,False,947935,1002791.0088139168,False,False,False,False,78153.11871301163,False,False,False,False
2022-12-19 00:00:00+00:00,13.3390582309,13.4409479182,13.2541501581,13.4069846891,82219,,,,,,,,,,,,,,,,,,,,,,,,,,,12.892290705151654,"rgba(239, 83, 80, 1.0)",0.0,0.0,0.9399546404718119,12.398248791275352,1.0009094046840459,0.0,0.0,0.0,0.0,0.0,0.0,0.0,0.0,45.22586932611293,-0.47510595156248314,False,True,False,True,False,4.682317520134077,1,1.080490206223402,0.8276614384889643,False,False,False,False,0.16307376890996922,0.19001400579157315,False,False,False,False,865716,997415.5182721945,False,False,False,False,78312.56503799156,False,False,False,False
2022-12-20 00:00:00+00:00,13.2966041945,13.4323722028,13.2796225799,13.3390582309,44306,,,,,,,,,,,,,,,,,,,,,,,,,,,12.89675700011864,"rgba(239, 83, 80, 1.0)",0.0,0.0,0.9389665245917606,12.400371573316102,0.954488363228453,0.0,0.0,0.0,0.0,0.0,0.0,0.0,0.0,42.75737719851293,-2.6081434178681917,False,True,False,True,False,4.275538266179289,0,1.0834517662624348,0.8159698000211209,False,False,False,False,0.16493893067388327,0.17747646823272822,False,False,False,False,821410,990513.3410850497,False,False,False,False,76978.97425218798,False,False,True,False
2022-12-21 00:00:00+00:00,13.46642034,13.5513284128,13.3900030745,13.3900030745,74238,,,,,,,,,,,,,,,,,,,,,,,,,,,12.906248336483984,"rgba(239, 83, 80, 1.0)",0.0,0.0,0.9389157543706086,12.405781686980262,1.129641981277357,0.0,0.0,0.0,0.0,0.0,0.0,0.0,0.0,43.26630196918682,-2.6081434178681917,False,True,False,True,False,5.719129023727987,0,1.0854998150035273,0.8040659357658928,False,False,False,False,0.18235744984521873,0.17991695903897348,False,False,False,False,895648,986793.1316307341,False,False,False,False,76871.48506582767,False,False,False,False
2022-12-22 00:00:00+00:00,13.3815122673,13.4494387255,13.2286777363,13.4494387255,75951,,,,,,,,,,,,,,,,,,,,,,,,,,13.353209576366664,12.913703021730512,"rgba(239, 83, 80, 1.0)",0.0,0.0,0.940339022320079,12.48251964640546,0.9560303247614602,1.0,13.449439,13.228678,0.0,0.0,0.0,0.0,0.0,42.80725896583252,-2.6081434178681917,False,True,False,True,False,4.887182379518926,0,1.0712911004667256,0.8218910298307371,False,False,True,False,0.13871999081501932,0.1593184749269964,False,False,False,False,819697,980240.342155019,False,False,False,False,76835.38761226581,False,False,False,False
2022-12-23 00:00:00+00:00,13.5003835691,13.5173651837,13.37302146,13.37302146,40913,,,,,,,,,,,,,,,,,,,,,,,,,,13.391852761386911,12.91859941546558,"rgba(239, 83, 80, 1.0)",0.0,0.0,0.9421413984866432,12.488292104912485,1.0742458253222202,0.0,0.0,0.0,0.0,0.0,0.0,0.0,0.0,43.990476623268236,-2.6081434178681917,False,True,False,True,False,5.904532698484246,0,1.074953403368287,0.8303729265577803,False,False,False,False,0.15148350197851748,0.15540098845275696,False,False,False,False,860610,975548.9561881556,False,False,False,False,75426.66652943187,False,False,False,False
2022-12-27 00:00:00+00:00,13.3560398454,13.5428376055,13.3178312127,13.5088743764,72868,,,,,,,,,,,,,,,,,,,,,,,,,,13.397120798844975,12.926201754341168,"rgba(239, 83, 80, 1.0)",0.0,0.0,0.9425594088789161,12.493098584027877,0.9155298363617302,0.0,0.0,0.0,0.0,0.0,0.0,0.0,0.0,43.340216108876305,-2.6081434178681917,False,True,False,True,False,4.475632462014708,0,1.0579758205735312,0.8363348422870756,False,False,False,False,0.1430413639512937,0.14922117620202532,False,False,False,False,787742,968183.9775141103,False,False,False,False,75326.32666553257,False,False,False,False
2022-12-28 00:00:00+00:00,13.525855991,13.6277456783,13.3984938818,13.4069846891,74740,,,,,,,,,,,,,,,,,,,,,,,,,,13.431101958756289,12.935518615303009,"rgba(239, 83, 80, 0.75)",0.0,0.0,0.945317763928247,12.501435741084581,1.0836781969043547,0.0,0.0,0.0,0.0,0.0,0.0,0.0,0.0,44.98474233724001,-2.6081434178681917,False,True,False,True,True,5.939869696871735,0,1.05964121867044,0.8336670608142465,False,False,False,False,0.14844567300835404,0.14883342460518967,False,False,False,False,862482,964038.8019253217,False,False,False,False,75303.33346296268,False,False,False,False
2022-12-29 00:00:00+00:00,13.6617089074,13.7890710165,13.6022732564,13.6022732564,61247,,,,,,,,,,,,,,,,,,,,,,,,,,13.478721986172552,12.945066462069962,"rgba(239, 83, 80, 0.75)",0.0,0.0,0.946425136447867,12.511157051049546,1.2156818453371996,0.0,0.0,0.0,0.0,0.0,0.0,0.0,0.0,47.571961842127884,-7.073556044350113,False,True,False,True,True,7.09084103651286,0,1.0539164030646901,0.8335327967331833,False,False,False,False,0.19768616068540587,0.17325979264529778,False,False,False,False,923729,962458.0253792306,False,False,False,False,74752.10469970925,False,False,False,False
2022-12-30 00:00:00+00:00,13.7551077874,13.8612428784,13.5428376055,13.5428376055,51454,,,,,,,,,,,,,,,,,,,,,,,,,,13.511600258726439,12.953276414531802,#000000,0.0,0.0,0.9500053798981283,12.518954365690004,1.3012067593159868,0.0,0.0,0.0,0.0,0.0,0.0,0.0,0.0,50.26353821892356,-4.508930762153021,False,True,False,False,True,7.875649787956434,0,1.0482444060862295,0.8386320186424576,False,False,False,False,0.1944075724740426,0.1838336825596702,False,False,False,False,975183,962957.0439918098,False,False,False,False,73838.45353501478,False,False,False,False
2023-01-03 00:00:00+00:00,13.8060526311,13.8909607038,13.6617089074,13.8400158602,51023,,,,,,,,,,,,,,,,,,,,,,,,,,13.544325883569481,12.961939264239618,"rgba(38, 166, 154, 0.5)",0.0,0.0,0.9549978854917736,12.527077179167541,1.3392442762047096,0.0,0.0,0.0,0.0,0.0,0.0,0.0,0.0,52.58304007461692,-2.338312627319887,False,True,True,False,True,8.30465591311236,0,1.0508341104391814,0.8399372582599443,False,False,False,False,0.21478480670622963,0.1993092446329499,False,False,False,False,1026206,965437.3952078173,False,False,False,False,72943.72986697497,False,False,False,False
2023-01-04 00:00:00+00:00,13.6871813292,14.0013411984,13.6701997147,14.0013411984,70541,,,,,,,,,,,,,,,,,,,,,,,,,,13.578542146673723,12.973623386495687,"rgba(38, 166, 154, 0.5)",0.0,0.0,0.9576669975662548,12.53733256710724,1.200677025536957,0.0,0.0,0.0,0.0,0.0,0.0,0.0,0.0,52.53579588276013,-2.338312627319887,False,True,True,False,True,7.055995264791946,1,1.0480015740969102,0.8380680777356266,False,False,False,False,0.2196957527778039,0.2095024987053769,False,False,False,False,955665,965054.164023197,False,False,False,False,72849.50516630929,False,False,False,False
2023-01-05 00:00:00+00:00,13.5173651837,13.6701997147,13.3390582309,13.6701997147,111266,,,,,,,,,,,,,,,,,,,,,,,,,,13.565834579459189,12.985328763330749,#000000,0.0,0.0,0.9595926511502507,12.544256494085975,1.0140851833823175,0.0,0.0,0.0,0.0,0.0,0.0,0.0,0.0,50.47565957228832,-2.338312627319887,False,True,False,False,True,5.301411077024962,1,1.0044356394327751,0.8687336824593384,False,False,False,False,0.08268295946616463,0.14609272908577076,False,False,False,False,844399,960322.5889634638,False,False,False,False,74356.03437547364,False,False,False,False
2023-01-06 00:00:00+00:00,13.6701997147,13.783806716,13.5768008346,13.5768008346,156272,,,,,,,,,,,,,,,,,,,,,,,,,,13.588492245335983,13.005938265929897,#000000,0.0,0.0,0.96152146753466,12.560075554905515,1.1545495314221565,0.0,0.0,0.0,0.0,0.0,0.0,0.0,0.0,50.94495903020233,-2.338312627319887,False,True,False,False,True,6.6437390077399705,1,1.0190636523201186,0.8656060376813071,False,False,False,False,0.1455166733425887,0.1458047012141797,False,False,False,False,1000671,961904.8795923475,False,False,False,False,77568.42518427859,False,False,False,False
2023-01-09 00:00:00+00:00,13.5173651837,13.7041629438,13.4324571109,13.6871813292,71297,,,,,,,,,,,,,,,,,,,,,,,,,,13.585328732505662,13.013253711684044,#000000,0.0,0.0,0.9620834991792929,12.565056844616736,0.9898395928166664,0.0,0.0,0.0,0.0,0.0,0.0,0.0,0.0,49.49697631866798,-2.338312627319887,False,True,False,False,False,5.070193016315393,1,1.0009020431169229,0.8696479699788696,False,False,False,False,0.08852696908825362,0.11716583515121667,False,False,False,False,929374,960629.1588240202,False,False,False,False,77322.48694175786,False,False,False,False
2023-01-10 00:00:00+00:00,13.6532181001,13.7805802092,13.46642034,13.5343467982,105629,,,,,,,,,,,,,,,,,,,,,,,,,,13.590712925853417,13.025337362792317,#000000,0.0,0.0,0.9636185603176335,12.57410385739924,1.1198562243809997,0.0,0.0,0.0,0.0,0.0,0.0,0.0,0.0,50.143225535126945,-2.338312627319887,False,True,False,False,False,6.271665357821288,1,1.0029994121686872,0.872822452567439,False,False,False,False,0.06956504158898098,0.09336543837009884,False,False,False,False,1035003,963545.7800466077,False,False,False,False,78432.5462773752,False,False,False,False
2023-01-11 00:00:00+00:00,14.2305929949,14.3919183331,13.6617089074,13.6617089074,98162,,,,,,,,,,,,,,,,,,,,,,,,,,13.6382240371132,13.044357231997587,"rgba(38, 166, 154, 0.5)",0.0,0.0,0.9680296821440538,12.590688213332283,1.6940645641521561,0.0,0.0,0.0,0.0,0.0,0.0,0.0,0.0,55.38829149967958,0.5504706124507237,False,True,True,False,True,11.037507789253478,0,1.0056748128132231,0.8586915439398184,False,False,False,False,0.28038260689721667,0.18687402263365777,False,False,False,False,1133165,970197.514162427,False,False,False,False,79206.25034492911,False,False,False,False
2023-01-12 00:00:00+00:00,14.5532436714,14.5617344787,14.2051205731,14.264556224,75890,,,,,,,,,,,,,,,,,,,,,,,,,,13.692687328052104,13.063287683685713,"rgba(38, 166, 154, 0.5)",0.0,0.0,0.9733295016851786,12.60750584853955,1.999053577942196,0.0,0.0,0.0,0.0,0.0,0.0,0.0,0.0,60.64289274756303,5.349315513155815,False,False,True,False,True,13.470473779915444,0,1.013759532955201,0.8625630755153327,False,False,False,False,0.3428282037706624,0.2648511132021601,False,False,False,False,1209055,979564.4743913516,False,False,False,False,79076.20131179463,False,False,False,False
2023-01-13 00:00:00+00:00,14.5532436714,14.8334403115,14.3749367186,14.4004091404,107628,,,,,,,,,,,,,,,,,,,,,,,,,,13.771287087982598,13.092048706688075,"rgba(38, 166, 154, 1.0)",0.0,0.0,0.9750928053127731,12.772272926527013,1.8264628096622246,0.0,0.0,0.0,0.0,0.0,0.0,0.0,0.0,64.145960246152,8.391007068944269,True,False,True,False,True,13.470473779915444,0,1.0314620187198003,0.8425439610835549,False,False,False,False,0.3428282104129266,0.30383966180754335,False,False,False,False,1209055,988564.1028465928,False,False,False,False,80195.87969172426,False,False,False,False
2023-01-17 00:00:00+00:00,14.4853172132,14.8164586969,14.4768264059,14.6806057805,154561,,,,,,,,,,,,,,,,,,,,,,,,,,13.863341904772344,13.13165199845385,"rgba(38, 166, 154, 1.0)",0.0,0.0,0.976151000785706,12.803666411946269,1.722736338845288,0.0,0.0,0.0,0.0,0.0,0.0,0.0,0.0,65.5829346545564,9.547693460181492,True,False,True,False,True,12.738901748128985,0,1.0620734489772075,0.8446167361748058,False,False,False,False,0.34282820886054355,0.3233339353340434,False,False,False,False,1054494,991149.5890094715,False,False,False,False,83112.15891949978,False,False,False,False
2023-01-18 00:00:00+00:00,14.1626665367,14.4683355986,14.0777584639,14.4343723695,66994,,,,,,,,,,,,,,,,,,,,,,,,,,13.880613904104461,13.1441432379399,"rgba(38, 166, 154, 1.0)",0.0,0.0,0.9579987655992942,12.807790413534136,1.4142775250010848,0.0,0.0,0.0,0.0,0.0,0.0,0.0,0.0,62.770762207893,9.547693460181492,True,False,True,False,True,9.357850302824971,0,1.0165631301663423,0.8573597304880127,False,False,False,False,0.14599797663325706,0.23466595598365025,False,False,False,False,987500,991006.4678718451,False,False,False,False,82480.07425598998,False,False,False,False
2023-01-19 00:00:00+00:00,14.1032308857,14.1810066804,14.018322813,14.0947400785,85933,,,,,,,,,,,,,,,,,,,,,,,,,,13.89296461449536,13.157822103799282,"rgba(38, 166, 154, 0.5)",0.0,0.0,0.9262683605853305,12.811526011293529,1.3945255277749242,0.0,0.0,0.0,0.0,0.0,0.0,0.0,0.0,60.278907396984295,9.547693460181492,False,False,True,False,False,8.751199205526298,0,0.9962849688186297,0.8932691292403018,False,False,False,False,0.05396658602709412,0.1443162710053722,False,False,False,False,901567,987499.0377592237,False,False,False,False,82615.48310869627,False,False,False,False
2023-01-20 00:00:00+00:00,14.0268136203,14.2815378385,13.9758687766,14.1796481512,115167,,,,,,,,,,,,,,,,,,,,,,,,,,13.907069237920393,13.17543765200939,"rgba(38, 166, 154, 0.5)",0.0,0.0,0.9106241002715941,12.819064572526218,1.3262871556041302,0.0,0.0,0.0,0.0,0.0,0.0,0.0,0.0,57.810217514604936,14.494690932521621,False,False,True,False,False,7.96841032969035,0,0.9763560005491272,0.8966542662972058,False,False,False,False,0.06867917739050065,0.10649772419793643,False,False,False,False,786400,979612.8009843521,False,False,False,False,83892.01318286505,False,False,False,False
2023-01-23 00:00:00+00:00,13.8400158602,14.09423063,13.6786905219,13.9673779693,97270,,,,,,,,,,,,,,,,,,,,,,,,,,13.905057268079508,13.18631006843597,"rgba(38, 166, 154, 0.5)",0.0,0.0,0.8989102329994744,12.821259853536938,1.1333234056794375,0.0,0.0,0.0,0.0,0.0,0.0,0.0,0.0,54.30716033899354,11.218462610974079,False,True,True,False,False,6.078192882138559,0,0.9600879254141756,0.9105004962046583,False,False,False,False,-0.053751728753546266,0.026372997722195084,False,False,False,False,689130,968221.3185928089,False,False,False,False,84416.64011687035,False,False,False,False
2023-01-24 00:00:00+00:00,14.0862492712,14.111721693,13.6871813292,13.8485066675,60486,,,,,,,,,,,,,,,,,,,,,,,,,,13.906955657161427,13.193774691985798,"rgba(38, 166, 154, 0.5)",0.0,0.0,0.8801513991844134,12.824612235320393,1.4334318357599556,0.0,0.0,0.0,0.0,0.0,0.0,0.0,0.0,54.30018098517709,11.177604288853878,False,True,True,False,False,8.1274484968705,0,0.9585078475484318,0.9187276750012687,False,False,False,False,-0.04717784967296044,-0.010402425975382677,False,False,False,False,749616,959648.561000934,False,False,False,False,83478.18364169897,False,False,False,False
2023-01-25 00:00:00+00:00,14.2051205731,14.264556224,13.9164331257,13.9164331257,103065,,,,,,,,,,,,,,,,,,,,,,,,,,13.918931624756826,13.208863212882205,"rgba(38, 166, 154, 0.5)",0.0,0.0,0.8574189598279374,12.834588089458041,1.5984396751816532,0.0,0.0,0.0,0.0,0.0,0.0,0.0,0.0,55.297562778738296,11.177604288853878,False,True,True,False,False,9.092779898581615,0,0.9717381115221265,0.9406694285549309,False,False,False,False,0.04932564982546339,0.019461611925040357,False,False,False,False,852681,955453.7546871719,False,False,False,False,84246.29408712254,False,False,False,False
2023-01-26 00:00:00+00:00,14.2730470313,14.2764433542,14.1032308857,14.2730470313,53163,,,,,,,,,,,,,,,,,,,,,,,,,,13.927025710812531,13.217191058410645,"rgba(38, 166, 154, 0.5)",0.0,0.0,0.8203390111306613,12.84070826206512,1.7460327374419389,0.0,0.0,0.0,0.0,0.0,0.0,0.0,0.0,56.5275588361433,11.177604288853878,False,False,True,False,False,9.642899591190783,0,0.9882846977359182,0.9405024916115085,False,False,False,False,0.09975814723331143,0.05960987957917589,False,False,False,False,905844,953508.2741112044,False,False,False,False,83027.34137782361,False,False,False,False
2023-01-27 00:00:00+00:00,14.111721693,14.2730470313,14.1032308857,14.2221021876,46200,,,,,,,,,,,,,,,,,,,,,,,,,,13.93244808353107,13.223926159118127,"rgba(38, 166, 154, 0.5)",0.0,0.0,0.7783902417803619,12.845445834544886,1.626787940659228,0.0,0.0,0.0,0.0,0.0,0.0,0.0,0.0,55.50013552861422,11.177604288853878,False,False,True,False,False,7.964656546996931,0,0.9901629959050718,0.9247884796236862,False,False,False,False,0.0988925203861417,0.0792511999826588,False,False,False,False,859644,949827.3221852749,False,False,False,False,81583.13191202661,False,False,False,False
2023-01-30 00:00:00+00:00,14.3409734895,14.4386177731,14.0607768494,14.0947400785,202847,,,,,,,,,,,,,,,,,,,,,,,,,,13.96435155161788,13.255958596769617,"rgba(38, 166, 154, 0.5)",0.0,0.0,0.7334547344192418,12.870148763871269,2.005338102825592,0.0,0.0,0.0,0.0,0.0,0.0,0.0,0.0,56.80246263173527,11.177604288853878,False,False,True,False,False,9.83810654456627,0,0.9798646722459877,0.9248379398228442,False,False,False,False,0.13037654908816826,0.10481387453541352,False,False,False,False,1062491,954245.5056289897,False,False,False,False,86338.57771939813,False,False,False,False
2023-01-31 00:00:00+00:00,14.6296609369,14.6381517441,14.4343723695,14.4513539841,64920,,,,,,,,,,,,,,,,,,,,,,,,,,13.981556475997492,13.268565468363695,"rgba(38, 166, 154, 0.5)",0.0,0.0,0.6974681328104726,12.88101687518461,2.507131121058058,0.0,0.0,0.0,0.0,0.0,0.0,0.0,0.0,59.70928421241825,11.177604288853878,False,False,True,False,True,12.097014841688477,0,1.0076830640900836,0.8960747317916777,False,False,False,False,0.28149229252049196,0.19315308352795274,False,False,False,False,1127411,961036.3093298136,False,False,False,False,85498.633495108,False,False,False,False
2023-02-01 00:00:00+00:00,14.5277712495,14.8674035406,14.510789635,14.6126793223,181743,,,,,,,,,,,,,,,,,,,,,,,,,,14.02991060329521,13.304383128278241,"rgba(38, 166, 154, 1.0)",0.0,0.0,0.6712726548043165,13.026727141988035,2.236116869604255,0.0,0.0,0.0,0.0,0.0,0.0,0.0,0.0,60.44023146951334,11.177604288853878,True,False,True,False,True,11.023035513047553,0,1.0234636810712652,0.8791291291226928,False,False,False,False,0.34282819955343075,0.26799064154069174,False,False,False,False,945668,960433.630532566,False,False,False,False,89272.9223776528,False,False,False,False
2023-02-02 00:00:00+00:00,14.6721149732,14.8291949079,14.4853172132,14.4938080204,86829,,,,,,,,,,,,,,,,,,,,,,,,,,14.051491014841014,13.321173244092195,"rgba(38, 166, 154, 1.0)",0.0,0.0,0.6344165105624517,13.040622428389243,2.5716426316905454,0.0,0.0,0.0,0.0,0.0,0.0,0.0,0.0,61.9344056754607,6.200580038380416,True,False,True,False,True,12.14346540087476,0,1.003319506568453,0.8946043126413273,False,False,False,False,0.32545823479593505,0.2967244381683134,False,False,False,False,1032497,963259.6450214849,False,False,False,False,89177.08228441152,False,False,False,False
2023-02-03 00:00:00+00:00,14.5192804423,14.604188515,14.3155010676,14.4938080204,69650,,,,,,,,,,,,,,,,,,,,,,,,,,14.062900754114878,13.332551330484824,"rgba(38, 166, 154, 1.0)",0.0,0.0,0.6058528973154709,13.04689057943847,2.4302761765862253,0.0,0.0,0.0,0.0,0.0,0.0,0.0,0.0,61.10103749264655,6.200580038380416,True,False,True,False,True,10.52518934936003,1,0.9900290840657298,0.8967462201364536,False,False,False,False,0.22147607522301868,0.25910025669566605,False,False,False,False,962847,963243.4628637796,False,False,False,False,88411.3143516895,False,False,False,False
2023-02-06 00:00:00+00:00,14.4343723695,14.5192804423,14.2051205731,14.5192804423,62086,,,,,,,,,,,,,,,,,,,,,,,,,,14.070403550569136,13.341696377457914,"rgba(38, 166, 154, 1.0)",0.0,0.0,0.5810664738336561,13.051203850968232,2.3803963587954873,0.0,0.0,0.0,0.0,0.0,0.0,0.0,0.0,59.57223468481571,6.200580038380416,True,False,True,False,True,9.634215061614253,1,0.9830428212714062,0.9078821350979691,False,False,False,False,0.17186092613279494,0.21548059141423048,False,False,False,False,900761,960793.170202455,False,False,False,False,87378.94908299581,False,False,False,False
2023-02-07 00:00:00+00:00,14.417390755,14.5692912971,14.3070102604,14.4004091404,46531,,,,,,,,,,,,,,,,,,,,,,,,,,14.076570942492848,13.348737472683665,"rgba(38, 166, 154, 0.5)",0.0,0.0,0.5589408970272052,13.055393741761767,2.4367460325093018,0.0,0.0,0.0,0.0,0.0,0.0,0.0,0.0,58.351618270493695,6.200580038380416,False,False,True,False,False,9.454659583005643,1,0.9979107394507764,0.9109122024623091,False,False,False,False,0.2103681238873257,0.2129243576507781,False,False,False,False,854230,956614.2223513783,False,False,False,False,85777.0687267999,False,False,False,False
2023-02-08 00:00:00+00:00,14.2305929949,14.3955693803,14.1881389585,14.3494642967,36789,,,,,,,,,,,,,,,,,,,,,,,,,,14.079169170131708,13.353427985125359,"rgba(38, 166, 154, 0.5)",0.0,0.0,0.5238675227925386,13.057179073982406,2.2399058347090715,0.0,0.0,0.0,0.0,0.0,0.0,0.0,0.0,55.4030050935256,10.608021530736991,False,False,True,False,False,7.490294724087459,1,0.9859473134734549,0.9330895471999424,False,False,False,False,0.13664219458686724,0.17478327611882266,False,False,False,False,817441,951156.448925834,False,False,False,False,83855.9679924156,False,False,False,False
2023-02-09 00:00:00+00:00,14.111721693,14.3749367186,14.0735130603,14.2475746094,50963,,,,,,,,,,,,,,,,,,,,,,,,,,14.08111975934076,13.359255053646738,#000000,0.0,0.0,0.49835463296305865,13.058828805187005,2.1127382353261717,0.0,0.0,0.0,0.0,0.0,0.0,0.0,0.0,52.21226842638623,7.531305401164815,False,True,False,False,False,6.262939298912325,1,0.9743330404137573,0.9272106249246969,False,False,False,False,0.10309957017533149,0.13894142314707708,False,False,False,False,766478,943914.1568110954,False,False,False,False,82566.04767898754,False,False,False,False
2023-02-10 00:00:00+00:00,14.1371941148,14.2051205731,14.0353893356,14.2051205731,45421,,,,,,,,,,,,,,,,,,,,,,,,,,14.08183207765294,13.364003476369485,#000000,0.0,0.0,0.4704781853767775,13.059925511206258,2.289731250198185,0.0,0.0,0.0,0.0,0.0,0.0,0.0,0.0,50.39562602528064,5.797479768606948,False,True,False,False,False,6.4858418095651444,1,0.97242121942889,0.9382364756270057,False,False,False,False,0.05195421410847012,0.0954478186277736,False,False,False,False,811899,938737.0918381113,False,False,False,False,81109.37914255665,False,False,False,False
2023-02-13 00:00:00+00:00,14.357955104,14.3749367186,14.1287033076,14.1796481512,98267,,,,,,,,,,,,,,,,,,,,,,,,,,14.088664281054204,13.376210726215824,#000000,0.0,0.0,0.4485628259633235,13.066789319609066,2.878450263055248,0.0,0.0,0.0,0.0,0.0,0.0,0.0,0.0,51.684082819655785,5.797479768606948,False,True,False,False,False,8.39591875642687,1,0.9867818555127068,0.9240407822606301,False,False,False,False,0.1167540160605698,0.10610091734417171,False,False,False,False,910166,937616.6568640678,False,False,False,False,81782.22701931914,False,False,False,False
2023-02-14 00:00:00+00:00,14.3070102604,14.3833426178,14.2136113803,14.2900286458,69215,,,,,,,,,,,,,,,,,,,,,,,,,,14.093533337074577,13.384747318579478,#000000,0.0,0.0,0.4205525275881993,13.072028003517861,2.936570763144767,0.0,0.0,0.0,0.0,0.0,0.0,0.0,0.0,51.918680383253836,5.797479768606948,False,True,False,False,False,7.85201079449455,1,0.9668107291607055,0.9396925278671688,False,False,False,False,0.13994224960413548,0.1230215834741536,False,False,False,False,840951,933825.8467909672,False,False,False,False,81289.39458718897,False,False,False,False
2023-02-15 00:00:00+00:00,14.3494642967,14.3749367186,14.1287033076,14.2136113803,54906,,,,,,,,,,,,,,,,,,,,,,,,,,14.096937612121808,13.391284679401302,#000000,0.0,0.0,0.3974643160974182,13.076043506841165,3.203861927435824,0.0,0.0,0.0,0.0,0.0,0.0,0.0,0.0,52.56188483537556,5.797479768606948,False,True,False,False,False,8.222354017654762,1,0.983156063888216,0.9235042710599849,False,False,False,False,0.1167540160605698,0.11988779976736169,False,False,False,False,895857,932336.8724070076,False,False,False,False,80254.75166220118,False,False,False,False
2023-02-16 00:00:00+00:00,14.3664459113,14.3834275259,14.111721693,14.1966297658,64337,,,,,,,,,,,,,,,,,,,,,,,,,,14.10083319907322,13.398848962838082,#000000,0.0,0.0,0.3901624265914632,13.080836904878051,3.295061027924408,0.0,0.0,0.0,0.0,0.0,0.0,0.0,0.0,53.195547598700855,5.797479768606948,False,False,False,False,True,8.372343169034789,1,0.9813756954133409,0.9249631130826707,False,False,False,False,0.11465063516464968,0.11726921746600569,False,False,False,False,960194,933429.3087832034,False,False,False,False,79630.52610682073,False,False,False,False
2023-02-17 00:00:00+00:00,14.4853172132,14.4938080204,14.3239918749,14.3834275259,69623,,,,,,,,,,,,,,,,,,,,,,,,,,14.108063306130818,13.408224656853337,"rgba(38, 166, 154, 0.5)",0.0,0.0,0.38602300914114224,13.088030417732769,3.6196982106741173,0.0,0.0,0.0,0.0,0.0,0.0,0.0,0.0,55.029655969212925,5.797479768606948,False,False,True,False,True,9.42440900790287,1,0.9887291933772512,0.9242235376772712,False,False,False,False,0.19547093465597468,0.15637007606099018,False,False,False,False,1029817,937209.2182426857,False,False,False,False,79238.07410263168,False,False,False,False
2023-02-21 00:00:00+00:00,14.1881389585,14.4088999477,14.0522860421,14.4088999477,60948,,,,,,,,,,,,,,,,,,,,,,,,,,14.11008159425079,13.414580154913661,#000000,0.0,0.0,0.379566491480021,13.09174809450651,2.8885343901628358,0.0,0.0,0.0,0.0,0.0,0.0,0.0,0.0,52.267495284657706,5.797479768606948,False,True,False,False,False,6.155373827641043,1,0.9647954383949643,0.9247378444752102,False,False,False,False,0.1062470146090777,0.13130854533503394,False,False,False,False,968869,938450.7783116,False,False,False,False,78520.81629468534,False,False,False,False
2023-02-22 00:00:00+00:00,14.2051205731,14.2390838022,14.0268136203,14.2221021876,74689,,,,,,,,,,,,,,,,,,,,,,,,,,14.111128570675909,13.421666247831116,#000000,0.0,0.0,0.3716552426364212,13.161919167901415,2.8069062010222123,0.0,0.0,0.0,0.0,0.0,0.0,0.0,0.0,50.65044326692856,5.438780597004303,False,True,False,False,False,6.3104617717146425,1,0.9630767115309523,0.9308404574748794,False,False,False,False,0.0581787305038255,0.09474363791942972,False,False,False,False,1043558,942572.6301425177,False,False,False,False,78370.54898901141,False,False,False,False
2023-02-23 00:00:00+00:00,14.3324826822,14.4004091404,14.2136113803,14.2900286458,37280,,,,,,,,,,,,,,,,,,,,,,,,,,14.1133795419952,13.425904299207188,#000000,0.0,0.0,0.36268824889366436,13.168028298811834,3.210620655453246,0.0,0.0,0.0,0.0,0.0,0.0,0.0,0.0,51.227609867477284,5.438780597004303,False,True,False,False,False,7.474615266848584,1,0.9727393922866335,0.9243207833514211,False,False,False,False,0.14419872312549442,0.11947118052246207,False,False,False,False,1080838,947994.8015094779,False,False,False,False,76759.15491101096,False,False,False,False
2023-02-24 00:00:00+00:00,14.1626665367,14.3070102604,14.0353044275,14.3070102604,73249,,,,,,,,,,,,,,,,,,,,,,,,,,14.114543462383963,13.432756953530264,#000000,0.0,0.0,0.3577247913632775,13.170768424832787,2.7727966744690016,0.0,0.0,0.0,0.0,0.0,0.0,0.0,0.0,49.488264734801696,4.154515386387665,False,True,False,False,False,5.61573202377075,1,0.9755844992905551,0.9202066458158243,False,False,False,False,0.07694390930926563,0.09820754491586385,False,False,False,False,1007589,950331.8289012632,False,False,False,False,76621.50177724582,False,False,False,False
2023-02-27 00:00:00+00:00,14.2221021876,14.3329921306,14.0947400785,14.2390838022,68234,,,,,,,,,,,,,,,,,,,,,,,,,,14.116518510680118,13.439439222470067,#000000,0.0,0.0,0.3558985148661224,13.17523181601959,2.941485642260149,0.0,0.0,0.0,0.0,0.0,0.0,0.0,0.0,49.13388849144896,3.671112814013277,False,True,False,False,False,6.1697870459904856,1,0.9711096827268059,0.938783381071768,False,False,False,False,0.09798404429927512,0.09809579460756948,False,False,False,False,1075823,955253.0512972921,False,False,False,False,76292.58013892247,False,False,False,False
2023-02-28 00:00:00+00:00,15.5381773154,15.894791221,14.604188515,14.604188515,311037,,,,,,,,,,,,,,,,,,,,,,,,,,14.216153262219406,13.510745776097787,"rgba(38, 166, 154, 1.0)",0.0,0.0,0.3972569197097417,13.28222168010182,5.678832824224959,0.0,0.0,0.0,0.0,0.0,0.0,0.0,0.0,57.86262691531155,2.813643350428279,True,False,True,False,True,16.690368941420804,0,0.9853363971794132,0.8424517715101905,False,False,False,False,0.3428282156462721,0.22046200512692077,False,False,False,False,1386860,972178.8139915159,False,False,False,False,85498.24366288629,False,False,False,False
2023-03-01 00:00:00+00:00,15.988190101,16.2768775484,15.6551806397,15.6570486173,175285,,,,,,,,,,,,,,,,,,,,,,,,,,14.292917503752326,13.561587691801634,"rgba(38, 166, 154, 1.0)",0.0,0.0,0.454053375740077,13.502110304131563,5.475302970308926,0.0,0.0,0.0,0.0,0.0,0.0,0.0,0.0,65.03077751020129,9.169309243158018,True,False,True,False,True,19.642626351441457,0,1.0564153198817987,0.8037728005133201,False,True,False,False,0.34282822622103554,0.28164511567397815,False,False,False,False,1562145,995314.7428545937,False,False,False,False,89019.2929310084,False,False,False,False
2023-03-02 00:00:00+00:00,15.7249750755,15.9202636428,15.5042140863,15.9117728356,61842,,,,,,,,,,,,,,,,,,,,,,,,,,14.314524606189211,13.57716990030505,"rgba(38, 166, 154, 1.0)",0.0,0.0,0.49454722557295755,13.514282140506268,4.470135147219832,0.0,0.0,0.0,0.0,0.0,0.0,0.0,0.0,67.28475710872092,10.834050283830003,True,False,True,False,True,16.866552005608742,0,1.0615388571917581,0.8145347940277577,False,False,False,False,0.27281014196874515,0.27722762882136165,False,False,False,False,1500303,1015118.2039191194,False,False,False,False,87953.51673763552,False,False,False,False
2023-03-03 00:00:00+00:00,15.7249750755,15.9202636428,15.6825210391,15.7504474973,84783,,,,,,,,,,,,,,,,,,,,,,,,,,14.34431438729039,13.598753282634274,"rgba(38, 166, 154, 1.0)",0.0,0.0,0.5294952389068062,13.534126762078296,4.137616644004053,0.0,0.0,0.0,0.0,0.0,0.0,0.0,0.0,68.78741017440068,11.981475118444763,True,False,True,False,True,16.866552005608742,0,1.0757451393048818,0.8109731698731523,False,False,False,False,0.29707836746411664,0.28715299814273915,False,False,False,False,1500303,1034145.0586673893,False,False,False,False,87829.18274792432,False,False,False,False
2023-03-06 00:00:00+00:00,15.9796992938,16.047625752,15.7249750755,15.7504474973,135960,,,,,,,,,,,,,,,,,,,,,,,,,,14.394110333466317,13.634687125271341,"rgba(38, 166, 154, 1.0)",0.0,0.0,0.5717649008303682,13.570875970008913,4.212961166893556,0.0,0.0,0.0,0.0,0.0,0.0,0.0,0.0,70.73429067212368,13.708483054672271,True,False,True,False,True,18.535441778975038,0,1.07599108319797,0.8047641052047649,False,False,False,False,0.3205110550329662,0.3038320265878527,False,False,False,False,1636263,1057757.5269549428,False,False,False,False,89716.66577741748,False,False,False,False
2023-03-07 00:00:00+00:00,16.200460283,16.2514051266,15.9032820283,15.9712084865,75273,,,,,,,,,,,,,,,,,,,,,,,,,,14.42380792073487,13.655816120259157,"rgba(38, 166, 154, 1.0)",0.0,0.0,0.6197351406205778,13.594001630950432,4.205762238106375,0.0,0.0,0.0,0.0,0.0,0.0,0.0,0.0,72.77177967963823,15.618653355451272,True,False,True,False,True,19.933467992722896,0,1.085163434031931,0.8063586004342801,False,False,False,False,0.3428282273671689,0.3233301269775108,False,False,False,False,1711536,1083395.898446906,False,False,False,False,89150.24751163641,False,False,False,False
2023-03-08 00:00:00+00:00,15.64855781,16.2641413375,15.4787416645,16.1919694757,87928,,,,,,,,,,,,,,,,,,,,,,,,,,14.450893012220735,13.676885795371097,"rgba(38, 166, 154, 1.0)",0.0,0.0,0.640758137081602,13.612076407226793,3.1782372863005195,0.0,0.0,0.0,0.0,0.0,0.0,0.0,0.0,69.16425989500965,15.618653355451272,True,False,True,False,True,14.293542508255182,0,1.0682948538184047,0.8068426895520384,False,False,False,False,0.2862294971970468,0.3047798120872788,False,False,False,False,1623608,1104580.6867431058,False,False,False,False,89102.31623667027,False,False,False,False
2023-03-09 00:00:00+00:00,15.4617600499,15.6511580015,15.2895800939,15.6339400059,134324,,,,,,,,,,,,,,,,,,,,,,,,,,14.480626123109365,13.703402702971413,"rgba(38, 166, 154, 0.75)",0.0,0.0,0.6559945902229856,13.628541118263051,2.7945641000085106,0.0,0.0,0.0,0.0,0.0,0.0,0.0,0.0,65.36916739818312,22.957094250048925,True,False,True,False,False,12.498244261150017,0,1.0484794550845564,0.8479631703485383,False,False,False,False,0.1805962614348651,0.24268803676107192,False,False,False,False,1489284,1119667.0911845525,False,False,False,False,90875.7155999381,False,False,False,False
2023-03-10 00:00:00+00:00,15.4187150609,15.6253310081,15.2293171093,15.3326250829,203920,,,,,,,,,,,,,,,,,,,,,,,,,,14.5207515246175,13.741243965625728,"rgba(38, 166, 154, 0.75)",0.0,0.0,0.6691693056438041,13.652617144212888,2.6392392803910205,0.0,0.0,0.0,0.0,0.0,0.0,0.0,0.0,62.51598177009407,20.30065950052871,True,False,True,False,False,12.086533311044594,0,1.047726619023409,0.8523179545828568,False,False,False,False,0.1647187752380372,0.20370340599955455,False,False,False,False,1285364,1126165.009177315,False,False,False,False,95308.8247920974,False,False,False,False
2023-03-13 00:00:00+00:00,15.0571371533,15.242230606,14.7644312281,15.1690541247,291821,,,,,,,,,,,,,,,,,,,,,,,,,,14.54945605977156,13.780291306558103,"rgba(38, 166, 154, 0.5)",0.0,0.0,0.6742245787716041,13.66655899006594,2.0624851229357537,0.0,0.0,0.0,0.0,0.0,0.0,0.0,0.0,58.07228309576161,16.14766055555137,False,False,True,False,False,8.710354269072592,0,1.0092419948484477,0.8738521714161711,False,False,False,False,0.054528512528273045,0.1291159592639138,False,False,False,False,993543,1120964.1460723223,False,False,False,False,103015.184604172,False,False,False,False
2023-03-14 00:00:00+00:00,15.7802929686,16.1418708762,15.3067980895,15.3326250829,272624,,,,,,,,,,,,,,,,,,,,,,,,,,14.610150443916334,13.83467526837669,"rgba(38, 166, 154, 0.5)",0.0,0.0,0.6966278007309639,13.71407994006222,2.96602149149047,0.0,0.0,0.0,0.0,0.0,0.0,0.0,0.0,58.97113097952618,16.14766055555137,False,False,True,False,False,13.570563006762288,0,1.0175646601890318,0.8380404388156029,False,False,False,False,0.2441795472656138,0.1866477532647638,False,False,False,False,1266167,1126658.3756381136,False,False,False,False,109666.51069812603,False,False,False,False
2023-03-15 00:00:00+00:00,15.0140921643,15.5822860191,14.6525142567,15.4273240587,145205,,,,,,,,,,,,,,,,,,,,,,,,,,14.622618988966277,13.852829914737562,"rgba(38, 166, 154, 0.5)",0.0,0.0,0.6977484379745701,13.723146945554197,1.8501585220214452,0.0,0.0,0.0,0.0,0.0,0.0,0.0,0.0,55.31828863043803,13.56119151512901,False,True,True,False,False,7.065458626062856,0,0.9767288126702379,0.8666197379468675,False,False,False,False,0.08393421311979496,0.1352909831922794,False,False,False,False,1120962,1126434.9883581875,False,False,False,False,111060.17694525835,False,False,False,False
2023-03-16 00:00:00+00:00,15.1260091357,15.3067980895,14.8074762171,14.8074762171,78602,,,,,,,,,,,,,,,,,,,,,,,,,,14.629057565144315,13.862416351760686,#000000,0.0,0.0,0.7042690140924676,13.72814203882188,1.9848482169550419,0.0,0.0,0.0,0.0,0.0,0.0,0.0,0.0,53.44846314490008,11.698119922620208,False,True,False,False,False,7.801080147513847,0,0.9788440061315462,0.8836522823601807,False,False,False,False,0.06838429451114665,0.10183763885171301,False,False,False,False,1199564,1129302.792736298,False,False,False,False,109787.30726113058,False,False,False,False
2023-03-17 00:00:00+00:00,14.2651093556,14.9796561731,14.2651093556,14.9796561731,257686,,,,,,,,,,,,,,,,,,,,,,,,,,14.623510638996787,13.878418134102644,"rgba(239, 83, 80, 1.0)",0.0,0.0,0.7027128500901457,13.72432797113583,0.7695623957848459,0.0,0.0,0.0,0.0,0.0,0.0,0.0,0.0,48.617106958430476,7.044909822467758,False,True,False,True,False,1.314697876349335,0,0.9454839845448425,0.9008090613145655,False,False,False,False,-0.0432802839761222,0.029278677437795407,False,False,False,False,941878,1121952.8008642863,False,False,False,False,115587.2559959882,False,False,False,False
2023-03-20 00:00:00+00:00,14.4545073073,14.6352962611,14.3253723402,14.333981338,94451,,,,,,,,,,,,,,,,,,,,,,,,,,14.621095899943443,13.883798770402212,"rgba(239, 83, 80, 1.0)",0.0,0.0,0.700355787342031,13.723278642228424,1.0440817057380407,0.0,0.0,0.0,0.0,0.0,0.0,0.0,0.0,46.4085727365841,4.9100270439389035,False,True,False,True,False,2.5881216578342467,0,0.9624533405131741,0.8994549940064844,False,False,False,False,-0.09033743196636837,-0.03052937726428648,False,False,False,False,1036329,1118595.0047519612,False,False,False,False,114758.38321183181,False,False,False,False
2023-03-21 00:00:00+00:00,14.8160852149,15.0054831665,14.7041682435,14.7213862391,79310,,,,,,,,,,,,,,,,,,,,,,,,,,14.624006816493083,13.891039756212558,"rgba(239, 83, 80, 1.0)",0.0,0.0,0.7020221608963833,13.72654823938279,1.5519979798444312,0.0,0.0,0.0,0.0,0.0,0.0,0.0,0.0,46.7653214298119,4.9100270439389035,False,True,False,True,False,4.946547185594458,0,0.9606091500242095,0.8860170600065621,False,False,False,False,0.008417480374129666,-0.011055948445078408,False,False,False,False,1115639,1118479.0829969824,False,False,False,False,113368.25053685802,False,False,False,False
2023-03-22 00:00:00+00:00,14.5750332765,14.9710471753,14.5664242787,14.8419122083,68682,,,,,,,,,,,,,,,,,,,,,,,,,,14.624911609463592,13.896326908496926,"rgba(239, 83, 80, 1.0)",0.0,0.0,0.7019086962300347,13.72820563774213,1.20646409327338,0.0,0.0,0.0,0.0,0.0,0.0,0.0,0.0,45.97650849917035,4.048753016988513,False,True,False,True,False,3.2136313544283475,0,0.9611726597333422,0.884585964514229,False,False,False,False,-0.02197434509971076,-0.016515146772394584,False,False,False,False,1046957,1115674.2954284733,False,False,False,False,111615.84855502045,False,False,False,False
2023-03-23 00:00:00+00:00,14.3684173292,14.6955592457,14.1790193776,14.6094692677,85759,,,,,,,,,,,,,,,,,,,,,,,,,,14.621985039714678,13.900498691001102,"rgba(239, 83, 80, 1.0)",0.0,0.0,0.6995607547553698,13.72722175910652,0.916568812265205,0.0,0.0,0.0,0.0,0.0,0.0,0.0,0.0,44.59761862912918,2.370309556174462,False,True,False,True,False,1.758404069752725,0,0.9416725392833921,0.9022824243939368,False,False,False,False,-0.16556000178534638,-0.09103757427887048,False,False,False,False,961198,1109616.4014901018,False,False,False,False,110601.85449403926,False,False,False,False
2023-03-24 00:00:00+00:00,14.3081543446,14.3296768391,13.9982304238,14.1876283754,133074,,,,,,,,,,,,,,,,,,,,,,,,,14.212020535833332,14.613330656028248,13.904343687638375,"rgba(239, 83, 80, 1.0)",0.0,0.0,0.6966834498667732,13.749997667644939,0.8011625323693243,1.0,14.329677,13.99823,0.0,0.0,0.0,0.0,0.0,43.42513973468496,0.8716058280348378,False,True,False,True,False,1.335699647201892,0,0.9211407232057481,0.94600081931429,False,False,False,False,-0.2515825067674425,-0.1713100405231565,False,False,False,False,828124,1098577.4837846076,False,False,False,False,111483.11510211615,False,False,False,False
2023-03-27 00:00:00+00:00,14.5319882875,14.596555771,14.2393684522,14.5147702919,77864,,,,,,,,,,,,,,,,,,,,,,,,,14.30207043790055,14.611410680298263,13.908298914818168,"rgba(239, 83, 80, 1.0)",0.0,0.0,0.6963507246827358,13.755053198378137,1.1157238178733033,0.0,0.0,0.0,0.0,0.0,0.0,0.0,0.0,43.999794074712824,0.8716058280348378,False,True,False,True,False,2.8417723773741415,0,0.9066367177844252,0.94134424172757,False,False,False,False,-0.1715492935860815,-0.17142966705461898,False,False,False,False,905988,1091024.9550087408,False,False,False,False,110164.71843144494,False,False,False,False
2023-03-28 00:00:00+00:00,14.6180782655,14.6654277534,14.4631163051,14.4631163051,58899,,,,,,,,,,,,,,,,,,,,,,,,,14.363217683701487,14.611143616984082,13.9119342866477,"rgba(239, 83, 80, 1.0)",0.0,0.0,0.6950569143407576,13.759421517811342,1.2353761684438027,0.0,0.0,0.0,0.0,0.0,0.0,0.0,0.0,44.9019272104049,0.8716058280348378,False,True,False,True,False,3.416159175613508,0,0.908094965575222,0.9504693152582689,False,False,False,False,-0.126480555574292,-0.1489551113144555,False,False,False,False,964887,1086078.3685378097,False,False,False,False,108154.29810080004,False,False,False,False
2023-03-29 00:00:00+00:00,14.8333032105,15.0054831665,14.7213862391,14.7213862391,69744,,,,,,,,,,,,,,,,,,,,,,,,,14.463890686157502,14.613738772453575,13.917909890236936,"rgba(239, 83, 80, 0.75)",0.0,0.0,0.6955394451533264,13.768346436747736,1.5311234771415485,0.0,0.0,0.0,0.0,0.0,0.0,0.0,0.0,46.78974015598814,0.8716058280348378,False,True,False,True,True,4.8408378357558774,0,0.9108804792130007,0.9336939468046743,False,False,False,False,-0.0357032832230047,-0.0923291972687301,False,False,False,False,1034631,1084060.8246735819,False,False,False,False,106648.01190076866,False,False,False,False
2023-03-30 00:00:00+00:00,14.8074762171,14.9624381775,14.6525142567,14.9280021863,59498,,,,,,,,,,,,,,,,,,,,,,,,,14.515115260540059,14.615493309714967,13.922700712817385,#000000,0.0,0.0,0.6957955783351913,13.773735201528726,1.4856964426889194,0.0,0.0,0.0,0.0,0.0,0.0,0.0,0.0,47.88869722383818,0.8716058280348378,False,True,False,False,True,4.646738036324116,0,0.9265390692032391,0.9193467309442291,False,False,False,False,-0.05259396411499531,-0.0724615806918627,False,False,False,False,975133,1079789.145274618,False,False,False,False,104798.99182622871,False,False,False,False
2023-03-31 00:00:00+00:00,14.9624381775,15.0142643443,14.8160852149,14.9021751929,101307,,,,,,,,,,,,,,,,,,,,,,,,,14.599300004679764,14.620283486537215,13.931862147654869,#000000,0.0,0.0,0.6959588429716851,13.784118159208555,1.693088650558872,0.0,0.0,0.0,0.0,0.0,0.0,0.0,0.0,49.5998675631652,0.8716058280348378,False,True,False,False,True,5.678531868623832,0,0.9371165105504351,0.9026178687018074,False,False,False,False,-0.020104213801440764,-0.04628289724665173,False,False,False,False,1076440,1079657.8062442408,False,False,False,False,104662.05097029818,False,False,False,False
2023-04-03 00:00:00+00:00,14.8246942127,15.0054831665,14.7299952369,14.9624381775,72981,,,,,,,,,,,,,,,,,,,,,,,,,14.63164195249038,14.622806046250972,13.937855228347207,#000000,0.0,0.0,0.6963882279394391,13.789398081292125,1.4866651816778116,0.0,0.0,0.0,0.0,0.0,0.0,0.0,0.0,49.779538233486036,0.8716058280348378,False,True,False,False,True,4.61940251400269,1,0.9349002615820602,0.9077953276147568,False,False,False,False,-0.03440496563611286,-0.04034393144138229,False,False,False,False,1003459,1076669.6177640746,False,False,False,False,103419.65681460021,False,False,False,False
2023-04-04 00:00:00+00:00,14.5836422743,14.8935661951,14.4889432985,14.8763481995,54785,,,,,,,,,,,,,,,,,,,,,,,,,14.63371263575539,14.62306855655708,13.941341147684758,#000000,0.0,0.0,0.6932746099826856,13.790975949207427,1.143365577909121,0.0,0.0,0.0,0.0,0.0,0.0,0.0,0.0,48.315579600730665,0.8716058280348378,False,True,False,False,True,2.795681177141269,1,0.9375989158055518,0.9040749192258939,False,False,False,False,-0.09029232337420393,-0.06531812740779311,False,False,False,False,948674,1071650.1817733266,False,False,False,False,101512.4153708904,False,False,False,False
2023-04-05 00:00:00+00:00,14.4631163051,14.5233792897,14.290936349,14.4545073073,71822,,,,,,,,,,,,,,,,,,,,,,,,,14.6123805054629,14.621006549671742,13.944407224724367,"rgba(239, 83, 80, 1.0)",0.0,0.0,0.6871556771723115,13.7900138067863,0.9795487699142041,0.0,0.0,0.0,0.0,0.0,0.0,0.0,0.0,46.590153485182825,0.8716058280348378,False,True,False,True,False,1.8970260883722787,1,0.9241209275827239,0.9195027180576124,False,False,False,False,-0.2287158787957244,-0.14701700310175875,False,False,False,False,876852,1064011.0373900589,False,False,False,False,100348.08535634569,False,False,False,False
2023-04-06 00:00:00+00:00,14.5405972853,14.6008602699,14.4545073073,14.4631163051,70297,,,,,,,,,,,,,,,,,,,,,,,,,14.605043695760681,14.62010499258194,13.948024502278338,"rgba(239, 83, 80, 1.0)",0.0,0.0,0.6778781996263903,13.790668767002407,1.1062880008693505,0.0,0.0,0.0,0.0,0.0,0.0,0.0,0.0,46.08133529087881,0.8716058280348378,False,True,False,True,False,2.4467979806165125,1,0.9201116582770418,0.9224289003199402,False,False,False,False,-0.1950364435294177,-0.1710267233155882,False,False,False,False,947149,1059428.2123943702,False,False,False,False,99169.61142080273,False,False,False,False
2023-04-10 00:00:00+00:00,14.7902582215,14.8160852149,14.6352962611,14.6352962611,70893,,,,,,,,,,,,,,,,,,,,,,,,,14.61702569328799,14.621390105118797,13.95295558188045,#000000,0.0,0.0,0.6668903556092863,13.794012421475447,1.493867457588827,0.0,0.0,0.0,0.0,0.0,0.0,0.0,0.0,47.70352714462168,0.8716058280348378,False,True,False,False,False,4.197552164206094,1,0.9155538969520666,0.911532532861938,False,False,False,False,-0.1264959024610003,-0.14876131288829425,False,False,False,False,1018042,1057805.2236730224,False,False,False,False,98060.72469841831,False,False,False,False
2023-04-11 00:00:00+00:00,14.8505212061,15.0054831665,14.8074762171,14.8246942127,48512,,,,,,,,,,,,,,,,,,,,,,,,,14.631791862496094,14.62322078787748,13.956886196717344,#000000,0.0,0.0,0.6545634846817779,13.79736049560725,1.6089512096825154,0.0,0.0,0.0,0.0,0.0,0.0,0.0,0.0,49.23713484066295,0.8716058280348378,False,True,False,False,True,4.615880456223547,1,0.9233576989138375,0.9014092357603456,False,False,False,False,-0.0649481939619858,-0.10685475342514003,False,False,False,False,1066554,1058148.312940747,False,False,False,False,96117.6374553431,False,False,False,False
2023-04-12 00:00:00+00:00,15.1346181335,15.3067980895,14.8935661951,14.9366111841,62780,,,,,,,,,,,,,,,,,,,,,,,,,14.663421850942036,14.627525634837282,13.963135353579752,"rgba(38, 166, 154, 0.5)",0.0,0.0,0.6482516109152198,13.803784285177054,2.0529587985813684,0.0,0.0,0.0,0.0,0.0,0.0,0.0,0.0,52.2534727036023,-2.432121765081277,False,True,True,False,True,6.56107032002603,1,0.9278375692998875,0.8930352362631816,False,False,False,False,0.00046633833172034483,-0.053194207546709844,False,False,False,False,1129334,1060939.9085116982,False,False,False,False,94810.279123761,False,False,False,False
2023-04-13 00:00:00+00:00,15.3154070873,15.3326250829,15.0743551489,15.0915731445,79717,,,,,,,,,,,,,,,,,,,,,,,,,14.70801371388299,14.634312897489746,13.971854926468712,"rgba(38, 166, 154, 0.5)",0.0,0.0,0.6418315957763889,13.813142570530712,2.3405898473291593,0.0,0.0,0.0,0.0,0.0,0.0,0.0,0.0,55.38654976918741,0.5386850432739152,False,False,True,False,True,7.767619648826795,0,0.922824096009229,0.9059321465589066,False,False,False,False,0.035320145416346566,-0.00893703106518164,False,False,False,False,1209051,1066748.1866092787,False,False,False,False,94218.38582478999,False,False,False,False
2023-04-14 00:00:00+00:00,15.4961960411,15.5736770213,15.2981890917,15.4187150609,127356,,,,,,,,,,,,,,,,,,,,,,,,,14.790170503424752,14.64858924061842,13.987862339212258,"rgba(38, 166, 154, 1.0)",0.0,0.0,0.6403663714998542,13.831160316610585,2.6001298609569363,0.0,0.0,0.0,0.0,0.0,0.0,0.0,0.0,58.51752022739835,3.4307165270552034,True,False,True,False,True,8.955714312059186,0,0.9297751766948954,0.9049752611006083,False,False,False,False,0.11418721126617153,0.052625090100494945,False,False,False,False,1336407,1077323.042036366,False,False,False,False,95517.90010617078,False,False,False,False
2023-04-17 00:00:00+00:00,15.9524729246,15.9696909202,15.2207081115,15.4187150609,101225,,,,,,,,,,,,,,,,,,,,,,,,,14.86436742213344,14.663105250440031,14.002536339782404,"rgba(38, 166, 154, 1.0)",0.0,0.0,0.6453072216551924,13.848229070543631,3.2608403926722698,0.0,0.0,0.0,0.0,0.0,0.0,0.0,0.0,62.77185817292664,7.305896569889526,True,False,True,False,True,11.830531796122258,0,0.9286376725634151,0.8858691772011624,False,False,False,False,0.16899443105430045,0.11080976057739769,False,False,False,False,1437632,1091452.8050937634,False,False,False,False,95741.70794514449,False,False,False,False
2023-04-18 00:00:00+00:00,16.1590888718,16.2193518564,15.9266459312,16.0041269114,84229,,,,,,,,,,,,,,,,,,,,,,,,,14.941854580815734,14.679227590064295,14.017278410066497,"rgba(38, 166, 154, 1.0)",0.0,0.0,0.6586179171564951,13.866165552029113,3.4814165543359556,0.0,0.0,0.0,0.0,0.0,0.0,0.0,0.0,66.41415274417692,10.533194761193613,True,False,True,False,True,13.07603003495083,0,0.974119564617806,0.865817333565926,False,False,False,False,0.3411848670849143,0.225997313831156,False,False,False,False,1521861,1108331.5578351845,False,False,False,False,95290.22920219766,False,False,False,False
2023-04-19 00:00:00+00:00,16.3054418344,16.7789367134,16.0170404081,16.3312688278,138058,,,,,,,,,,,,,,,,,,,,,,,,,15.07453601467559,14.709673952964994,14.044019840800393,"rgba(38, 166, 154, 1.0)",0.0,0.0,0.6773266323154082,14.0286159011613,3.3614888660962294,0.0,0.0,0.0,0.0,0.0,0.0,0.0,0.0,69.38211570080676,13.128995484891206,True,False,True,False,True,13.946113303460344,0,0.9841860745186046,0.8381146478603752,False,False,False,False,0.3428282218980894,0.2844127678646227,False,False,False,False,1659919,1129962.4379200793,False,False,False,False,96967.39668446443,False,False,False,False
2023-04-20 00:00:00+00:00,16.0988258872,16.2623968454,15.5392410301,16.2623968454,93687,,,,,,,,,,,,,,,,,,,,,,,,,15.127554371195197,14.724876129265187,14.058754959408793,"rgba(38, 166, 154, 1.0)",0.0,0.0,0.6893742696068376,14.035403550675666,2.9931815379491047,0.0,0.0,0.0,0.0,0.0,0.0,0.0,0.0,69.16983377780376,13.128995484891206,True,False,True,False,True,12.181447992514038,0,0.9557245549239877,0.8661279174372157,False,False,False,False,0.18812768452177117,0.23627022619319693,False,False,False,False,1566232,1147071.0481977235,False,False,False,False,96838.75367723053,False,False,False,False
2023-04-21 00:00:00+00:00,15.9524729246,16.0988258872,15.8233379576,16.0902168894,77695,,,,,,,,,,,,,,,,,,,,,,,,,15.166563720313391,14.737121760780921,14.07075026061592,"rgba(38, 166, 154, 1.0)",0.0,0.0,0.6970024415526874,14.044327626411452,2.737645070421621,0.0,0.0,0.0,0.0,0.0,0.0,0.0,0.0,67.56939056067623,13.128995484891206,True,False,True,False,True,10.948946273058933,0,0.9754434244395164,0.86695301475297,False,False,False,False,0.20627795505050306,0.22127409062185,False,False,False,False,1488537,1160461.8698370284,False,False,False,False,96088.01823890777,False,False,False,False
2023-04-24 00:00:00+00:00,16.0041269114,16.1246528806,15.8319469554,15.9696909202,72366,,,,,,,,,,,,,,,,,,,,,,,,,15.200942616876077,14.748573710968385,14.081955149649698,"rgba(38, 166, 154, 1.0)",0.0,0.0,0.7023248677819942,14.054048874772604,2.7766039992089695,0.0,0.0,0.0,0.0,0.0,0.0,0.0,0.0,66.7889214887763,13.128995484891206,True,False,True,False,True,11.273405716205406,0,0.9811289914668166,0.8647522165898534,False,False,False,False,0.21148795111973628,0.21638102087079314,False,False,False,False,1560903,1176165.4435689098,False,False,False,False,95157.74301385257,False,False,False,False
2023-04-25 00:00:00+00:00,15.5478500279,15.8991832282,15.3756700719,15.849164951,65339,,,,,,,,,,,,,,,,,,,,,,,,,15.215767719364292,14.75562215384896,14.089967710613275,"rgba(38, 166, 154, 0.75)",0.0,0.0,0.693554129847639,14.057297646194495,2.1491507548703526,0.0,0.0,0.0,0.0,0.0,0.0,0.0,0.0,62.14019883780212,18.57902720254431,True,False,True,False,False,7.506200563829264,0,0.9578470586157076,0.8653293065224975,False,False,False,False,0.10881059637180845,0.1625958086213008,False,False,False,False,1495564,1188690.877154443,False,False,False,False,93988.38054272109,False,False,False,False
2023-04-26 00:00:00+00:00,15.2293171093,15.5134140367,15.1044866412,15.4187150609,174433,,,,,,,,,,,,,,,,,,,,,,,,,15.221678496010943,14.766914409789203,14.106455867770302,"rgba(38, 166, 154, 0.5)",0.0,0.0,0.6834596166606786,14.05841870745477,1.7131932499042637,0.0,0.0,0.0,0.0,0.0,0.0,0.0,0.0,56.799543593686835,13.607463340387213,False,False,True,False,False,5.017197427342126,0,0.9403249879188343,0.889897152859068,False,False,False,False,0.012670605080142588,0.08763320685072169,False,False,False,False,1321131,1193884.6074621119,False,False,False,False,97143.07150183007,False,False,False,False
2023-04-27 00:00:00+00:00,15.4703690477,15.4875870433,15.1819676214,15.2293171093,63110,,,,,,,,,,,,,,,,,,,,,,,,,15.22660050813997,14.771632494221736,14.112795204978106,"rgba(38, 166, 154, 0.5)",0.0,0.0,0.6714144888304762,14.061276892758883,2.0986919084745805,0.0,0.0,0.0,0.0,0.0,0.0,0.0,0.0,54.959458460482324,11.98792321279015,False,True,True,False,False,6.610357525405206,0,0.9403553964322224,0.8920904864964578,False,False,False,False,0.020198287068084617,0.053915746959403155,False,False,False,False,1384241,1201349.5640322252,False,False,False,False,95808.44124685634,False,False,False,False
2023-04-28 00:00:00+00:00,15.4961960411,15.5564590257,15.3584520763,15.3584520763,138185,,,,,,,,,,,,,,,,,,,,,,,,,15.24213897362804,14.783211772342618,14.127432363835847,"rgba(38, 166, 154, 0.5)",0.0,0.0,0.6619390533524651,14.0705871480866,2.153686031656905,0.0,0.0,0.0,0.0,0.0,0.0,0.0,0.0,53.914023303718714,10.987528774309013,False,True,True,False,False,6.780149048455353,0,0.9519061393031432,0.8884051138345372,False,False,False,False,0.0560006731913851,0.05495821007539413,False,False,False,False,1522426,1213940.7968152752,False,False,False,False,97470.26708031294,False,False,False,False
2023-05-01 00:00:00+00:00,15.4961960411,15.715725485,15.4014970653,15.5564590257,63506,,,,,,,,,,,,,,,,,,,,,,,,,15.250553853282675,14.788915259308649,14.134386365497607,#000000,0.0,0.0,0.6623089072184151,14.075736585562476,2.144708368038129,0.0,0.0,0.0,0.0,0.0,0.0,0.0,0.0,53.21706653254297,10.183443747577677,False,True,False,False,False,6.780149048455353,0,0.9546743012442936,0.881892713003075,False,False,False,False,0.08562618001564823,0.07029219504552117,False,False,False,False,1522426,1226038.2557636958,False,False,False,False,96138.33503794773,False,False,False,False
2023-05-02 00:00:00+00:00,15.3154070873,15.4273240587,14.9797422631,15.3928880675,92062,,,,,,,,,,,,,,,,,,,,,,,,,15.250168341851534,14.793813171642922,14.142238724630234,#000000,0.0,0.0,0.663423453579159,14.079007932274404,1.8636651272354672,0.0,0.0,0.0,0.0,0.0,0.0,0.0,0.0,51.260226143342,8.121768290701112,False,True,False,False,False,5.326595880739287,0,0.9244949686180953,0.8981794633662582,False,False,False,False,-0.01804907915661342,0.026121557944453876,False,False,False,False,1430364,1234051.0300474726,False,False,False,False,95978.47876194978,False,False,False,False
2023-05-03 00:00:00+00:00,15.3670610741,15.5242241987,15.2797482271,15.34086722,89612,,,,,,,,,,,,,,,,,,,,,,,,,15.255374010511684,14.800040777258605,14.150801614373236,#000000,0.0,0.0,0.6648649365309731,14.084511572582738,1.9290376602038095,0.0,0.0,0.0,0.0,0.0,0.0,0.0,0.0,50.419563469904794,7.087760316737864,False,True,False,False,False,5.68577516020493,0,0.9525662620864848,0.8926621291211339,False,False,False,False,0.039800242003764336,0.03296089997410911,False,False,False,False,1519976,1245263.7739671795,False,False,False,False,95728.81292814783,False,False,False,False
2023-05-04 00:00:00+00:00,15.2186292342,15.2622856577,14.9217655544,15.2186292342,99032,,,,,,,,,,,,,,,,,,,,,,,,,15.250598085248912,14.803852345537448,14.15820174375214,"rgba(239, 83, 80, 1.0)",0.0,0.0,0.6643961406726402,14.139447373913944,1.6243048299369758,0.0,0.0,0.0,0.0,0.0,0.0,0.0,0.0,48.60646199611924,5.10625537243488,False,True,False,True,False,4.484278332835746,0,0.9354145972044249,0.8932038636995987,False,False,False,False,-0.055878183905536866,-0.011458641965713879,False,False,False,False,1420944,1252153.1945959176,False,False,False,False,95858.3496760636,False,False,False,False
2023-05-05 00:00:00+00:00,15.7337750316,15.7861627398,15.4019862129,15.4019862129,64614,,,,,,,,,,,,,,,,,,,,,,,,,15.260378979473959,14.810033399738371,14.165444419634023,#000000,0.0,0.0,0.6659742481979705,14.155533219348849,2.3698240833210065,0.0,0.0,0.0,0.0,0.0,0.0,0.0,0.0,51.56855458704847,5.10625537243488,False,True,False,False,False,8.01667424877144,0,0.9415645806937188,0.883790634238484,False,False,False,False,0.09276516134233387,0.040653259688309996,False,False,False,False,1485558,1261306.324219607,False,False,False,False,94633.08106131601,False,False,False,False
2023-05-08 00:00:00+00:00,15.7250437469,15.872777084,15.6464621846,15.8036253092,44428,,,,,,,,,,,,,,,,,,,,,,,,,15.26864578932582,14.81477371902585,14.170743256525151,"rgba(38, 166, 154, 0.5)",0.0,0.0,0.6657791818092964,14.16470617004978,2.34362626450696,0.0,0.0,0.0,0.0,0.0,0.0,0.0,0.0,53.462369704229914,5.10625537243488,False,True,True,False,True,7.94481303238322,0,0.9607770746933223,0.8767489154062845,False,False,False,False,0.14236090756945416,0.09150708362888207,False,False,False,False,1441130,1268358.2330737403,False,False,False,False,92664.25435302912,False,False,False,False
2023-05-09 00:00:00+00:00,15.8210878786,16.013176142,15.5591493375,15.6726560387,46687,,,,,,,,,,,,,,,,,,,,,,,,,15.277906175523478,14.819966293436707,14.176447702616292,"rgba(38, 166, 154, 0.5)",0.0,0.0,0.6650909784785428,14.173372199240893,2.4774290024628054,0.0,0.0,0.0,0.0,0.0,0.0,0.0,0.0,55.41752424096863,-0.9212298370826275,False,False,True,False,True,8.590064352951853,0,0.9548501499488781,0.872984819921164,False,False,False,False,0.15037176069508787,0.12093942216198497,False,False,False,False,1487817,1276964.4592277114,False,False,False,False,90861.2247705574,False,False,False,False
2023-05-10 00:00:00+00:00,16.013176142,16.0655638502,15.7337750316,15.9782510032,50271,,,,,,,,,,,,,,,,,,,,,,,,,15.29010553657849,14.82628657789293,14.18307090778985,"rgba(38, 166, 154, 0.5)",0.0,0.0,0.6632032640433947,14.183479026856038,2.7588783323965074,0.0,0.0,0.0,0.0,0.0,0.0,0.0,0.0,58.03060501696424,1.6875883300279426,False,False,True,False,True,9.869114081239331,0,0.9542463581928369,0.926588632098575,False,False,False,False,0.1848591012732532,0.15289926171761908,False,False,False,False,1538088,1287204.5980815266,False,False,False,False,89269.4512501434,False,False,False,False
2023-05-11 00:00:00+00:00,16.0219074267,16.0219074267,15.7615405169,15.8734755868,64392,,,,,,,,,,,,,,,,,,,,,,,,,15.305032497597429,14.834261370181636,14.191470686971186,"rgba(38, 166, 154, 1.0)",0.0,0.0,0.6654632920469522,14.194766963646794,2.745666793179467,0.0,0.0,0.0,0.0,0.0,0.0,0.0,0.0,59.83153114958969,3.5116720478460053,True,False,True,False,True,9.927244681821932,0,0.911103505901422,0.9501857016135716,False,False,False,False,0.18243171465404118,0.16766548818583013,False,False,False,False,1602480,1299568.3393332313,False,False,False,False,88293.86492660837,False,False,False,False
2023-05-12 00:00:00+00:00,16.3973526689,16.3973526689,16.1417006528,16.1441454125,74627,,,,,,,,,,,,,,,,,,,,,,,,,15.331337983950709,14.84647796585088,14.203188637285576,"rgba(38, 166, 154, 1.0)",0.0,0.0,0.67768410741878,14.21302477198814,3.223224320888552,0.0,0.0,0.0,0.0,0.0,0.0,0.0,0.0,63.29006109273555,6.873624460495236,True,False,True,False,True,12.379560045181488,0,0.933043961351467,0.9245013570185822,False,False,False,False,0.30080434650429666,0.2342349173450634,False,False,False,False,1677107,1314373.777006438,False,False,False,False,87757.9094392904,False,False,False,False
2023-05-15 00:00:00+00:00,16.5195906547,16.6330973558,16.4060839536,16.4759342312,70307,,,,,,,,,,,,,,,,,,,,,,,,,15.3598761583551,14.859407160644462,14.21518476873612,"rgba(38, 166, 154, 1.0)",0.0,0.0,0.6928586936584344,14.231519818513712,3.3023628874522877,0.0,0.0,0.0,0.0,0.0,0.0,0.0,0.0,66.21360775451436,9.664708855176492,True,False,True,False,True,13.153884638919251,0,0.9366516403067551,0.9138871625333423,False,False,False,False,0.34282822297347104,0.2885315701592672,False,False,False,False,1747414,1331355.7465355974,False,False,False,False,87073.5600495143,False,False,False,False
2023-05-16 00:00:00+00:00,16.2663833983,16.7640666263,16.2314582595,16.4322778077,100557,,,,,,,,,,,,,,,,,,,,,,,,,15.395103556988378,14.876473992760971,14.231400388255746,"rgba(38, 166, 154, 1.0)",0.0,0.0,0.6972957451406117,14.253315245688587,2.886964629628527,0.0,0.0,0.0,0.0,0.0,0.0,0.0,0.0,65.18025895451036,9.664708855176492,True,False,True,False,True,10.908519073621555,0,0.9272226046422422,0.9145568352474247,False,False,False,False,0.33598041557528363,0.31225599286727546,False,False,False,False,1646857,1343728.344710672,False,False,False,False,87602.32240051375,False,False,False,False
2023-05-17 00:00:00+00:00,16.8863046121,16.947423605,16.2489208289,16.3711588148,91236,,,,,,,,,,,,,,,,,,,,,,,,,15.433102514621108,14.894325969362658,14.247720923755745,"rgba(38, 166, 154, 1.0)",0.0,0.0,0.7214990525044653,14.275995732287257,3.6178964764428296,0.0,0.0,0.0,0.0,0.0,0.0,0.0,0.0,67.57245484020423,11.01247643009048,True,False,True,False,True,14.742840641731888,0,0.921060004770471,0.9168498564874247,False,False,False,False,0.34282822398848073,0.3275421084278781,False,False,False,False,1738093,1359193.6253102534,False,False,False,False,87744.81956127791,False,False,False,False
2023-05-18 00:00:00+00:00,17.0696615909,17.1918995767,16.8251856192,16.9386923203,104055,,,,,,,,,,,,,,,,,,,,,,,,,15.484619692090643,14.917970335213315,14.268583145302328,"rgba(38, 166, 154, 1.0)",0.0,0.0,0.7528959682417684,14.3057954162295,3.670980176882782,0.0,0.0,0.0,0.0,0.0,0.0,0.0,0.0,69.86186258191755,13.282979257771068,True,False,True,False,True,15.81155108997843,0,0.9659807678641439,0.9044770974700045,False,False,False,False,0.3428282283779737,0.3351851684029259,False,False,False,False,1842148,1378133.0125529885,False,False,False,False,88384.43448044348,False,False,False,False
2023-05-19 00:00:00+00:00,17.2530185696,17.8816710681,17.1307805838,17.2268247155,110914,,,,,,,,,,,,,,,,,,,,,,,,,15.549062691414592,14.947188160304767,14.293595293518177,"rgba(38, 166, 154, 1.0)",0.0,0.0,0.7867778575945378,14.565899643994152,3.4153464026317835,0.0,0.0,0.0,0.0,0.0,0.0,0.0,0.0,72.0405115674896,15.449692507693456,True,False,True,False,True,16.863689300686637,0,0.9863936358495812,0.8444222404822775,False,False,False,False,0.34282823225509257,0.33900670032900926,False,False,False,False,1953062,1400679.2473548322,False,False,False,False,89267.94685375942,False,False,False,False
2023-05-22 00:00:00+00:00,17.2879437084,17.5236883953,17.0783928756,17.270481139,112866,,,,,,,,,,,,,,,,,,,,,,,,,15.606284841444975,14.974759772956638,14.317641473096556,"rgba(38, 166, 154, 1.0)",0.0,0.0,0.8203118753785087,14.593968337990091,3.2840867617171257,0.0,0.0,0.0,0.0,0.0,0.0,0.0,0.0,73.61717315056453,17.069755227416437,True,False,True,False,True,17.063859772926396,0,0.9867813192848225,0.8598383937159985,False,False,False,False,0.29800075881477434,0.31850372957189177,False,False,False,False,2065928,1426767.4337330742,False,False,False,False,90193.3607026316,False,False,False,False
2023-05-23 00:00:00+00:00,17.3403314166,17.5951103042,17.1918995767,17.2006308614,106962,,,,,,,,,,,,,,,,,,,,,,,,,15.659540226784475,15.001168542829678,14.340672839270539,"rgba(38, 166, 154, 1.0)",0.0,0.0,0.8511398171773998,14.623209639600216,3.1923330599318755,0.0,0.0,0.0,0.0,0.0,0.0,0.0,0.0,74.86489922234234,18.42551652486135,True,False,True,False,True,17.36758756147129,0,1.0212687711762916,0.8454649775216132,False,False,False,False,0.3180480986879234,0.3182759141299076,False,False,False,False,2172890,1456027.1422141301,False,False,False,False,90850.95440056761,False,False,False,False
2023-05-24 00:00:00+00:00,17.2355560002,17.4013630967,17.034736452,17.2355560002,158316,,,,,,,,,,,,,,,,,,,,,,,,,15.72625381029953,15.03677415033562,14.37245768527865,"rgba(38, 166, 154, 1.0)",0.0,0.0,0.8749775034609792,14.657752008529105,2.946137450933737,0.0,0.0,0.0,0.0,0.0,0.0,0.0,0.0,74.33239279513603,18.42551652486135,True,False,True,False,True,16.38981758005275,0,1.000646514353515,0.8978012581553295,False,False,False,False,0.28020383809345717,0.29923987611168235,False,False,False,False,2014574,1477930.940558674,False,False,False,False,93496.64246329045,False,False,False,False
2023-05-25 00:00:00+00:00,17.1133180144,17.3228688472,16.9648861744,17.1307805838,54818,,,,,,,,,,,,,,,,,,,,,,,,,15.746734425062012,15.04834090849311,14.382957710598546,"rgba(38, 166, 154, 1.0)",0.0,0.0,0.8929971745212465,14.668334175566645,2.737952491444511,0.0,0.0,0.0,0.0,0.0,0.0,0.0,0.0,72.42457532157978,18.42551652486135,True,False,True,False,True,15.252460427520099,0,1.0392066956781152,0.8799845630858449,False,False,False,False,0.26444342169605417,0.28184164890386826,False,False,False,False,1959756,1496826.0409289221,False,False,False,False,91979.83295492613,False,False,False,False
2023-05-26 00:00:00+00:00,17.183168292,17.53241968,17.1133180144,17.1133180144,99156,,,,,,,,,,,,,,,,,,,,,,,,,15.785962323035887,15.070351013445645,14.40272313628051,"rgba(38, 166, 154, 0.75)",0.0,0.0,0.9081101223452539,14.690199115674895,2.7452278253289917,0.0,0.0,0.0,0.0,0.0,0.0,0.0,0.0,71.55481199400884,18.42551652486135,True,False,True,False,False,15.682902604840365,0,1.0390393235076936,0.8555253052554761,False,False,False,False,0.3027118876135355,0.29227676825870186,False,False,False,False,2058912,1518868.6275591606,False,False,False,False,92261.25127041923,False,False,False,False
2023-05-30 00:00:00+00:00,16.9910800285,17.2180934308,16.8609838865,17.2180934308,63925,,,,,,,,,,,,,,,,,,,,,,,,,15.806089114226364,15.082711028681414,14.414214205333943,"rgba(38, 166, 154, 0.75)",0.0,0.0,0.9143762362359013,14.700712502060611,2.5048414817382616,0.0,0.0,0.0,0.0,0.0,0.0,0.0,0.0,68.55138105565028,18.42551652486135,True,False,True,False,False,13.885958483696829,0,1.0621653990918387,0.8586060054058334,False,False,False,False,0.2424865889813359,0.2673816786200189,False,False,False,False,1994987,1537539.936282331,False,False,False,False,91150.0257304028,False,False,False,False
2023-05-31 00:00:00+00:00,17.0172738826,17.1133180144,16.8077230498,16.9648861744,89866,,,,,,,,,,,,,,,,,,,,,,,,,15.832318590448923,15.099437019522394,14.429929787001706,"rgba(38, 166, 154, 0.75)",0.0,0.0,0.9200699739136371,14.714703329931703,2.5026037344464305,0.0,0.0,0.0,0.0,0.0,0.0,0.0,0.0,66.74112999827233,22.49862538541879,True,False,True,False,False,14.054003964107288,0,1.0596599979381522,0.8490182383694018,False,False,False,False,0.22601054013054153,0.2466961093752802,False,False,False,False,2084853,1559003.1936830238,False,False,False,False,91099.67178019093,False,False,False,False
2023-06-01 00:00:00+00:00,17.183168292,17.357793986,17.0521990215,17.0521990215,67385,,,,,,,,,,,,,,,,,,,,,,,,,15.85482837116099,15.113220429813275,14.442586347743152,"rgba(38, 166, 154, 0.75)",0.0,0.0,0.9320044605102289,14.72777381734116,2.6345308189991155,0.0,0.0,0.0,0.0,0.0,0.0,0.0,0.0,66.72407899053363,22.28865537040818,True,False,True,False,False,15.118116488076193,0,1.0644411968363032,0.8578084415139027,False,False,False,False,0.27742057957750876,0.2620583444763945,False,False,False,False,2152238,1582267.30373467,False,False,False,False,90169.68465155599,False,False,False,False
2023-06-02 00:00:00+00:00,17.8118207905,17.8205520752,17.2966749931,17.3665252707,230101,,,,,,,,,,,,,,,,,,,,,,,,,15.950128635304573,15.1687212292444,14.491792225316384,"rgba(38, 166, 154, 1.0)",0.0,0.0,0.958862344074709,14.786852829078365,3.1547468519484876,0.0,0.0,0.0,0.0,0.0,0.0,0.0,0.0,69.90452474537288,22.28865537040818,True,False,True,False,True,18.90530551403602,0,1.077334457125616,0.8284556853710265,False,False,False,False,0.3428282325970789,0.3024432885367367,False,False,False,False,2382339,1613642.664372526,False,False,False,False,95657.18721424007,False,False,False,False
2023-06-05 00:00:00+00:00,17.4538381177,17.8030895058,17.4276442636,17.8030895058,123000,,,,,,,,,,,,,,,,,,,,,,,,,15.994763101889605,15.196457228936616,14.516815321639779,"rgba(38, 166, 154, 1.0)",0.0,0.0,0.9733785410146807,14.814622976835924,2.711396470804537,0.0,0.0,0.0,0.0,0.0,0.0,0.0,0.0,68.1457439669704,22.28865537040818,True,False,True,False,True,15.576692752821955,0,1.1039326482066643,0.8136461133233152,False,False,False,False,0.3428282329558488,0.32263576074629274,False,False,False,False,2259339,1638964.089299094,False,False,False,False,96729.45438230908,False,False,False,False
2023-06-06 00:00:00+00:00,17.7507017975,17.8816710681,17.4276442636,17.4276442636,149881,,,,,,,,,,,,,,,,,,,,,,,,,16.050005191081404,15.23114080905229,14.547991953342335,"rgba(38, 166, 154, 1.0)",0.0,0.0,0.9942031550501397,14.849600259674096,2.9180168289443773,0.0,0.0,0.0,0.0,0.0,0.0,0.0,0.0,68.41384396806856,22.28865537040818,True,False,True,False,True,17.307162564017037,0,1.1146723903637281,0.7937729816260662,False,False,False,False,0.3428282316083847,0.33273199617733873,False,False,False,False,2409220,1669170.2034442276,False,False,False,False,98813.82872025775,False,False,False,False
2023-06-07 00:00:00+00:00,18.0039090539,18.0543758795,17.7507017975,17.7507017975,224487,,,,,,,,,,,,,,,,,,,,,,,,,16.13795166593513,15.28642011606192,14.597181154037065,"rgba(38, 166, 154, 1.0)",0.0,0.0,1.0219373789236872,14.906294441596367,3.031119788930771,0.0,0.0,0.0,0.0,0.0,0.0,0.0,0.0,69.65704252263207,22.28865537040818,True,False,True,False,True,18.733268864662172,0,1.1191705548173325,0.7980199326030907,False,False,False,False,0.34282823322578443,0.33778011470156155,False,False,False,False,2633707,1706995.1758581796,False,False,False,False,103742.18837828687,False,False,False,False
2023-06-08 00:00:00+00:00,18.1785347479,18.2134598867,17.7943582211,18.0039090539,81991,,,,,,,,,,,,,,,,,,,,,,,,,16.170168776444044,15.30698294868589,14.615456129041936,"rgba(38, 166, 154, 1.0)",0.0,0.0,1.0467866919254136,14.927289093895421,3.1059294879115997,0.0,0.0,0.0,0.0,0.0,0.0,0.0,0.0,71.15788149709404,22.28865537040818,True,False,True,False,True,19.695319235783668,0,1.1087664328172366,0.795674393715201,False,False,False,False,0.3428282338229886,0.3403041742622751,False,False,False,False,2715698,1746552.1493539372,False,False,False,False,102889.2005987462,False,False,False,False
2023-06-09 00:00:00+00:00,17.942790061,18.2177382162,17.8729397834,18.1523408938,52754,,,,,,,,,,,,,,,,,,,,,,,,,16.189790197424763,15.319811255916722,14.626940540280694,"rgba(38, 166, 154, 1.0)",0.0,0.0,1.0619128905126767,14.940156240991868,2.827570742227738,0.0,0.0,0.0,0.0,0.0,0.0,0.0,0.0,69.75946154504996,22.28865537040818,True,False,True,False,True,17.51624602561419,0,1.1051337424665502,0.8117989398025215,False,False,False,False,0.3428282340574855,0.3415662041598803,False,False,False,False,2662944,1782489.0846733907,False,False,False,False,100923.11430075616,False,False,False,False
2023-06-12 00:00:00+00:00,17.9951777692,18.2221911714,17.9259386815,17.9777151998,76355,,,,,,,,,,,,,,,,,,,,,,,,,16.218016510796065,15.338414250585622,14.643604266281072,"rgba(38, 166, 154, 1.0)",0.0,0.0,1.078391774216235,14.958762145754104,2.8156887840253937,0.0,0.0,0.0,0.0,0.0,0.0,0.0,0.0,69.08237110352789,22.28865537040818,True,False,True,False,True,17.814639678760358,0,1.1113814677946843,0.8092619686668611,False,False,False,False,0.3428282342169659,0.3421972191884231,False,False,False,False,2739299,1820011.0421371795,False,False,False,False,99959.65883798142,False,False,False,False
2023-06-13 00:00:00+00:00,18.1872660326,18.3269665878,17.9951777692,17.9951777692,70820,,,,,,,,,,,,,,,,,,,,,,,,,16.245136369196388,15.35621035406388,14.659464452941338,"rgba(38, 166, 154, 1.0)",0.0,0.0,1.0942213838080272,14.976703780037559,2.9341066625743353,0.0,0.0,0.0,0.0,0.0,0.0,0.0,0.0,69.55045340335187,22.28865537040818,True,False,True,False,True,18.904123419010144,0,1.1063644425360202,0.8082299283433589,False,False,False,False,0.34282823468511997,0.34251272693677154,False,False,False,False,2810119,1858838.8051906235,False,False,False,False,98816.92711884489,False,False,False,False
2023-06-14 00:00:00+00:00,18.3356978725,18.5015922819,18.1610721785,18.2658475949,88762,,,,,,,,,,,,,,,,,,,,,,,,,16.280870719897177,15.379475502490532,14.68005606484943,"rgba(38, 166, 154, 1.0)",0.0,0.0,1.1126525943855918,15.000397747051286,2.9976114218207255,0.0,0.0,0.0,0.0,0.0,0.0,0.0,0.0,70.52884759857025,22.28865537040818,True,False,True,False,True,19.734340026582963,0,1.1186629854308672,0.7996516333493967,False,False,False,False,0.3428282355411668,0.34267048123896915,False,False,False,False,2898881,1899624.7736145207,False,False,False,False,98422.61625143922,False,False,False,False
2023-06-15 00:00:00+00:00,18.3444291572,18.4317420042,18.2221911714,18.379354296,75021,,,,,,,,,,,,,,,,,,,,,,,,,16.310132819431967,15.39885730796269,14.697280775793,"rgba(38, 166, 154, 1.0)",0.0,0.0,1.1456373534585425,15.019930144806551,2.9018772846024823,0.0,0.0,0.0,0.0,0.0,0.0,0.0,0.0,71.22113070902078,22.28865537040818,True,False,True,False,True,19.783391855622206,0,1.1351503010644237,0.7955389587638098,False,False,False,False,0.3420044780893311,0.3423374796641501,False,False,False,False,2973902,1941753.2922963044,False,False,False,False,97504.90581020631,False,False,False,False
2023-06-16 00:00:00+00:00,18.1610721785,18.4492045736,18.0650280468,18.4492045736,130140,,,,,,,,,,,,,,,,,,,,,,,,,16.356362654296763,15.430670429123863,14.725904789446332,"rgba(38, 166, 154, 1.0)",0.0,0.0,1.1730483506303888,15.051211115265492,2.651093675348751,0.0,0.0,0.0,0.0,0.0,0.0,0.0,0.0,69.46651967159843,22.28865537040818,True,False,True,False,True,18.014330367536598,0,1.1396271639433482,0.7799668739043717,False,False,False,False,0.3284442937247016,0.33539088669442585,False,False,False,False,2843762,1977126.1827944885,False,False,False,False,98784.71342549233,False,False,False,False
2023-06-20 00:00:00+00:00,18.0999531856,18.117415755,17.7786419086,18.117415755,78900,,,,,,,,,,,,,,,,,,,,,,,,,16.380052979569136,15.448076632610848,14.741925212347468,"rgba(38, 166, 154, 0.75)",0.0,0.0,1.19714488749549,15.067631444976422,2.532961358559869,0.0,0.0,0.0,0.0,0.0,0.0,0.0,0.0,67.58258304649132,21.679252706387587,True,False,True,False,False,17.42756447542068,0,1.1133757960987383,0.8007833699587704,False,False,False,False,0.265934287787423,0.30066258724092443,False,False,False,False,2764862,2008017.7834692146,False,False,False,False,98004.9207421397,False,False,False,False
2023-06-21 00:00:00+00:00,18.6849492606,18.7721747947,18.0999531856,18.0999531856,165874,,,,,,,,,,,,,,,,,,,,,,,,,16.443010605750445,15.49122238462786,14.78039966363542,"rgba(38, 166, 154, 0.75)",0.0,0.0,1.234865039481923,15.110594108366296,2.894531011853161,0.0,0.0,0.0,0.0,0.0,0.0,0.0,0.0,69.40058832630395,21.679252706387587,True,False,True,False,False,20.0,0,1.1226759393538495,0.7844226236602961,False,False,False,False,0.3428282334311214,0.3217454103360229,False,False,False,False,2930736,2044202.8115684611,False,False,False,False,100666.4532620558,False,False,False,False
2023-06-22 00:00:00+00:00,18.0824906162,18.7547995382,18.0650280468,18.7460682535,83079,,,,,,,,,,,,,,,,,,,,,,,,,16.469999836504865,15.510854623137481,14.79826887784517,"rgba(38, 166, 154, 0.5)",0.0,0.0,1.2562890268188012,15.129468244664722,2.350591550586873,0.0,0.0,0.0,0.0,0.0,0.0,0.0,0.0,65.15852485253808,19.519523554052583,False,False,True,False,False,15.263801421401809,0,1.1108221811683967,0.8000121245207349,False,False,False,False,0.3370473151121696,0.3293963627240962,False,False,False,False,2847657,2075710.8189579332,False,False,False,False,99976.74921256342,False,False,False,False
2023-06-23 00:00:00+00:00,17.9689839151,18.1121769842,17.7332392281,17.8991336375,324036,,,,,,,,,,,,,,,,,,,,,,,,,16.548728215744216,15.575253262491318,14.859224752451208,"rgba(38, 166, 154, 0.5)",0.0,0.0,1.2745502199971948,15.417458343209827,2.0019027354573677,0.0,0.0,0.0,0.0,0.0,0.0,0.0,0.0,61.49228944875836,16.21097236073372,False,True,True,False,False,14.277190151490032,0,1.0932580964030405,0.84660101238966,False,False,False,False,0.23279714027723208,0.28109675150066415,False,False,False,False,2523621,2093275.9240968376,False,False,False,False,108763.38649834525,False,False,False,False
2023-06-26 00:00:00+00:00,18.1785347479,18.4610791208,18.1436096091,18.1436096091,89714,,,,,,,,,,,,,,,,,,,,,,,,,16.573779143711132,15.594838219737715,14.877411653362069,"rgba(38, 166, 154, 0.5)",0.0,0.0,1.2949629629685857,15.438689863935812,2.1157708462050064,0.0,0.0,0.0,0.0,0.0,0.0,0.0,0.0,60.31111273213807,15.245544324652514,False,True,True,False,False,15.502298376098512,0,1.0948301546630095,0.8276807606315465,False,False,False,False,0.313489460168656,0.29729310583466007,False,False,False,False,2613335,2113670.3976616673,False,False,False,False,108016.35173370426,False,False,False,False
2023-06-27 00:00:00+00:00,18.204728602,18.3880855807,18.0143865955,18.1785347479,65680,,,,,,,,,,,,,,,,,,,,,,,,,16.591037462241967,15.608684744567077,14.890374791971512,"rgba(38, 166, 154, 0.5)",0.0,0.0,1.313482548497247,15.452411366381602,2.0954349479308414,0.0,0.0,0.0,0.0,0.0,0.0,0.0,0.0,59.6811772561163,14.680861399992622,False,True,True,False,False,15.655016488196047,0,1.0777250981294255,0.8433035788454851,False,False,False,False,0.2916501488055097,0.2944716273200849,False,False,False,False,2679015,2135840.774223955,False,False,False,False,106356.10264610802,False,False,False,False
2023-06-28 00:00:00+00:00,18.4142794348,18.466667143,18.1436096091,18.2221911714,85207,,,,,,,,,,,,,,,,,,,,,,,,,16.61477568844932,15.627382091089068,14.907742166342649,"rgba(38, 166, 154, 0.5)",0.0,0.0,1.3347790891531197,15.471685785669141,2.2045548008980673,0.0,0.0,0.0,0.0,0.0,0.0,0.0,0.0,60.50844454210636,14.680861399992622,False,True,True,False,False,16.872974641785643,1,1.089277119648378,0.8553798193874967,False,False,False,False,0.3140970076620217,0.30428431749105334,False,False,False,False,2764222,2160483.17523478,False,False,False,False,105526.72607175085,False,False,False,False
2023-06-29 00:00:00+00:00,18.9468878016,19.0686892232,18.6849492606,18.7635308229,170811,,,,,,,,,,,,,,,,,,,,,,,,,16.675260287839208,15.671662318434478,14.947616188098847,"rgba(38, 166, 154, 0.5)",0.0,0.0,1.363463872858644,15.52318210488813,2.511035139885088,0.0,0.0,0.0,0.0,0.0,0.0,0.0,0.0,63.59530217075729,14.680861399992622,False,False,True,False,True,19.81060086982396,1,1.0671396659996193,0.8490279149734463,False,False,False,False,0.3428282348460947,0.323556276168574,False,False,False,False,2935033,2190857.67816675,False,False,False,False,108086.89367678022,False,False,False,False
2023-06-30 00:00:00+00:00,19.2612140509,19.3048704744,18.9381565169,18.9905442251,135978,,,,,,,,,,,,,,,,,,,,,,,,,16.726696794237114,15.708919910113252,14.980907132649163,"rgba(38, 166, 154, 0.5)",0.0,0.0,1.4044490406044547,15.5657883532417,2.631228040903387,0.0,0.0,0.0,0.0,0.0,0.0,0.0,0.0,66.81644311247676,11.541253351770713,False,False,True,False,True,20.0,0,1.0762754875458254,0.8617533545910332,False,False,False,False,0.34282823603445783,0.3331922561015159,False,False,False,False,3071011,2225373.4947092305,False,False,False,False,109180.6625522006,False,False,False,False
2023-07-03 00:00:00+00:00,19.8200162717,19.898597834,19.1739012038,19.1739012038,97971,,,,,,,,,,,,,,,,,,,,,,,,,16.76923883226488,15.738801061085741,15.00718439540497,"rgba(38, 166, 154, 1.0)",0.0,0.0,1.4520527056190307,15.601016083393798,2.9055420453953706,0.0,0.0,0.0,0.0,0.0,0.0,0.0,0.0,70.60547939086001,15.023436020957249,True,False,True,False,True,20.0,0,1.1130068770428803,0.8098796272989045,False,False,False,False,0.34282823774977106,0.3380102469256435,False,False,False,False,3168982,2262377.7498186724,False,False,False,False,108741.06794231039,False,False,False,False
2023-07-05 00:00:00+00:00,19.5231525919,19.898597834,19.4707648837,19.8549414105,147417,,,,,,,,,,,,,,,,,,,,,,,,,16.830953821750168,15.782914936423683,15.046168867268417,"rgba(38, 166, 154, 1.0)",0.0,0.0,1.4881497891378426,15.650785441765844,2.602135335030761,0.0,0.0,0.0,0.0,0.0,0.0,0.0,0.0,70.59927376854712,15.023436020957249,True,False,True,False,True,20.0,0,1.112793343111562,0.8034194451877268,False,False,False,False,0.34282823828839376,0.3404192426070186,False,False,False,False,3021565,2292149.7988453913,False,False,False,False,110257.771160259,False,False,False,False
2023-07-06 00:00:00+00:00,19.0080067945,19.3310643285,18.9294252322,19.3310643285,143509,,,,,,,,,,,,,,,,,,,,,,,,,16.877396637138496,15.819001339271063,15.0790863736874,"rgba(38, 166, 154, 0.5)",0.0,0.0,1.494343290238072,15.6865293753618,2.2227003934343887,0.0,0.0,0.0,0.0,0.0,0.0,0.0,0.0,66.9139601869731,15.023436020957249,False,False,True,False,False,17.12747399283245,0,1.089300006710383,0.8252029331811718,False,False,False,False,0.25575756831092933,0.29808840545897397,False,False,False,False,2878056,2315126.51261616,False,False,False,False,111561.74091868023,False,False,False,False
2023-07-07 00:00:00+00:00,19.4271084602,19.6279280083,18.7286056841,18.7286056841,106240,,,,,,,,,,,,,,,,,,,,,,,,,16.9131412242236,15.846589070733163,15.104140793564662,"rgba(38, 166, 154, 0.5)",0.0,0.0,1.511493753392676,15.714282424371655,2.4563952232647943,0.0,0.0,0.0,0.0,0.0,0.0,0.0,0.0,66.11333209199819,15.023436020957249,False,False,True,False,False,19.227224277880712,0,1.1050047859020389,0.8079179062703967,False,False,False,False,0.26313378262019416,0.28061109403958406,False,False,False,False,2984296,2341368.4532978795,False,False,False,False,111353.04519637904,False,False,False,False
2023-07-10 00:00:00+00:00,19.7938224176,19.7938224176,19.4969587378,19.5056900225,219189,,,,,,,,,,,,,,,,,,,,,,,,,16.996615107594707,15.909186009045127,15.160189328104236,"rgba(38, 166, 154, 0.5)",0.0,0.0,1.5415198861349235,15.77983803539729,2.6039134611925348,0.0,0.0,0.0,0.0,0.0,0.0,0.0,0.0,66.83010629725915,15.023436020957249,False,False,True,False,False,20.0,0,1.1524540179920488,0.7797062739771428,False,False,False,False,0.3365049517052928,0.30855802287243844,False,False,False,False,3203485,2375176.9453254137,False,False,False,False,115581.90616907006,False,False,False,False
2023-07-11 00:00:00+00:00,19.8811352646,19.9946419658,19.6861656773,19.8811352646,58911,,,,,,,,,,,,,,,,,,,,,,,,,17.019475887844344,15.926356950673147,15.17554120469596,"rgba(38, 166, 154, 0.75)",0.0,0.0,1.5662519912604742,15.797781827782739,2.607085870984973,0.0,0.0,0.0,0.0,0.0,0.0,0.0,0.0,67.5929602178777,15.023436020957249,True,False,True,False,False,20.0,0,1.1576704676373704,0.7691123044704188,False,False,False,False,0.34282823881727664,0.3256931308448575,False,False,False,False,3262396,2409969.8494303,False,False,False,False,113359.51769185164,False,False,False,False
2023-07-12 00:00:00+00:00,19.8811352646,20.1168799516,19.837566154,20.0732235281,149542,,,,,,,,,,,,,,,,,,,,,,,,,17.07771203705784,15.970277168990368,15.214814775756526,"rgba(38, 166, 154, 0.75)",0.0,0.0,1.583307215570298,15.843468300230716,2.550147516958634,0.0,0.0,0.0,0.0,0.0,0.0,0.0,0.0,68.10152949829006,15.023436020957249,True,False,True,False,False,20.0,0,1.1559005767202672,0.767496991535526,False,False,False,False,0.3428282392541316,0.3342606850494946,False,False,False,False,3262396,2443398.3259232296,False,False,False,False,114778.43856668098,False,False,False,False
2023-07-13 00:00:00+00:00,19.9509855423,20.0994173822,19.7676285635,19.9422542576,44785,,,,,,,,,,,,,,,,,,,,,,,,,17.094669549367236,15.983225172797924,15.226436536661877,"rgba(38, 166, 154, 0.75)",0.0,0.0,1.5972585722918904,15.856755807878448,2.5632854976929513,0.0,0.0,0.0,0.0,0.0,0.0,0.0,0.0,68.70220433564677,15.023436020957249,True,False,True,False,False,20.0,0,1.1505015100047018,0.775932985435496,False,False,False,False,0.33621711367327056,0.33523889936138257,False,False,False,False,3307181,2477272.1562791816,False,False,False,False,112033.59783857585,False,False,False,False
2023-07-14 00:00:00+00:00,19.72397214,19.9946419658,19.5755403001,19.9946419658,52536,,,,,,,,,,,,,,,,,,,,,,,,,17.113102016322916,15.997641125500365,15.239494573122576,"rgba(38, 166, 154, 0.5)",0.0,0.0,1.606768149436302,15.871171046705005,2.3978575220368064,0.0,0.0,0.0,0.0,0.0,0.0,0.0,0.0,67.1617933351149,15.023436020957249,False,False,True,False,False,19.75380562528388,0,1.1651804438241617,0.769532196274419,False,False,False,False,0.31396795557377577,0.3246034274675792,False,False,False,False,3254645,2507757.365836861,False,False,False,False,109700.3587076513,False,False,False,False
2023-07-17 00:00:00+00:00,19.9684481117,20.0732235281,19.6017341542,19.7152408553,66566,,,,,,,,,,,,,,,,,,,,,,,,,17.137104091849473,16.016309454004247,15.256355171405591,"rgba(38, 166, 154, 0.5)",0.0,0.0,1.6207528596838225,15.88998010798213,2.51640339817972,0.0,0.0,0.0,0.0,0.0,0.0,0.0,0.0,67.21015122358722,15.023436020957249,False,False,True,False,False,20.0,0,1.1507432287386312,0.772808072463793,False,False,False,False,0.3217852521850202,0.3231943398262997,False,False,False,False,3321211,2539657.508353063,False,False,False,False,108008.81522891989,False,False,False,False
2023-07-18 00:00:00+00:00,19.8724039799,20.1430738057,19.8200162717,19.8898665493,55078,,,,,,,,,,,,,,,,,,,,,,,,,17.157107540133637,16.03187450452709,15.270405497608527,"rgba(38, 166, 154, 0.5)",0.0,0.0,1.633411323428302,15.90567514185366,2.428493534452014,0.0,0.0,0.0,0.0,0.0,0.0,0.0,0.0,66.40417618431584,15.023436020957249,False,False,True,False,False,20.0,0,1.1817374767275857,0.7609248950394678,False,False,False,False,0.34282823753419595,0.3330112886802478,False,False,False,False,3266133,2568146.7433196097,False,False,False,False,105933.09698464852,False,False,False,False
2023-07-19 00:00:00+00:00,19.5231525919,20.0994173822,19.5231525919,19.9160604034,92251,,,,,,,,,,,,,,,,,,,,,,,,,17.187269767973653,16.056154582572518,15.292602695168995,"rgba(38, 166, 154, 0.5)",0.0,0.0,1.6353565486985178,15.929349099326974,2.1975657207188974,0.0,0.0,0.0,0.0,0.0,0.0,0.0,0.0,63.05890112108846,17.503391320950172,False,True,True,False,False,17.1561377129828,0,1.1539833023234503,0.7830035455111396,False,False,False,False,0.3132422130972266,0.3231267508887372,False,False,False,False,3173882,2591901.0671109976,False,False,False,False,105396.54416172113,False,False,False,False
2023-07-20 00:00:00+00:00,19.5842715848,19.5842715848,19.0080067945,19.4271084602,157928,,,,,,,,,,,,,,,,,,,,,,,,,17.230895320238766,16.09338085282353,15.327354136478018,"rgba(38, 166, 154, 0.5)",0.0,0.0,1.6390066743162717,15.963775739763708,2.2089573531154887,0.0,0.0,0.0,0.0,0.0,0.0,0.0,0.0,61.1838290939516,15.64858402937881,False,True,True,False,False,17.477044961667765,0,1.116665531830344,0.8140913442125206,False,False,False,False,0.22594268169236362,0.27453471629055043,False,False,False,False,3331810,2620917.1036948804,False,False,False,False,107456.60125341834,False,False,False,False
2023-07-21 00:00:00+00:00,19.898597834,20.8241140124,19.6977782859,19.9073291187,203237,,,,,,,,,,,,,,,,,,,,,,,,,17.30313189844131,16.150671141021594,15.379289562736036,"rgba(38, 166, 154, 0.5)",0.0,0.0,1.6439912799573182,16.021035870003672,2.3586268438704847,0.0,0.0,0.0,0.0,0.0,0.0,0.0,0.0,61.65578868023618,15.64858402937881,False,True,True,False,False,19.10438521051272,0,1.141987312063457,0.7769057992606679,False,False,False,False,0.34282823746369034,0.3086814768771204,False,False,False,False,3535047,2656765.3349225326,False,False,False,False,111212.69532191174,False,False,False,False
2023-07-24 00:00:00+00:00,19.8549414105,20.0906860975,19.7676285635,19.9859106811,169749,,,,,,,,,,,,,,,,,,,,,,,,,17.35598270325345,16.194537899615725,15.41971025197233,"rgba(38, 166, 154, 0.5)",0.0,0.0,1.6400005694131246,16.06328253717353,2.31198631515312,0.0,0.0,0.0,0.0,0.0,0.0,0.0,0.0,61.590569181606206,15.64858402937881,False,True,True,False,False,18.72859047524559,0,1.137401332700286,0.8116262071173498,False,False,False,False,0.2875530444967065,0.29811726068691347,False,False,False,False,3365298,2684550.929631453,False,False,False,False,113508.23668183677,False,False,False,False
2023-07-25 00:00:00+00:00,20.2827743609,20.308968215,19.8025537023,19.8025537023,98722,,,,,,,,,,,,,,,,,,,,,,,,,17.388394407259497,16.221113880592526,15.444060804169453,"rgba(38, 166, 154, 0.5)",0.0,0.0,1.6394118171252843,16.08924853200503,2.557945346672159,0.0,0.0,0.0,0.0,0.0,0.0,0.0,0.0,63.65455555778684,15.64858402937881,False,True,True,False,True,20.0,1,1.136233735919017,0.8021798928074559,False,False,False,False,0.30520828972915914,0.3016627752080363,False,False,False,False,3464020,2715118.3441557097,False,False,False,False,112928.38426294121,False,False,False,False
2023-07-26 00:00:00+00:00,20.396281062,20.5010564784,20.1081486669,20.2129240833,93663,,,,,,,,,,,,,,,,,,,,,,,,,17.4206855365426,16.247294894187117,15.467926038152314,"rgba(38, 166, 154, 0.5)",0.0,0.0,1.639671617783263,16.11512453904033,2.610984099820874,0.0,0.0,0.0,0.0,0.0,0.0,0.0,0.0,65.52119686645877,15.64858402937881,False,True,True,False,True,20.0,1,1.1381097828992615,0.8051141294231233,False,False,False,False,0.34282823495942616,0.32224550508373123,False,False,False,False,3557683,2748160.0953652896,False,False,False,False,112172.87899772784,False,False,False,False
2023-07-27 00:00:00+00:00,20.1954615139,20.6145631795,20.0208358199,20.5185190478,118645,,,,,,,,,,,,,,,,,,,,,,,,,17.45979039404866,16.279518922007057,15.497466799001645,"rgba(38, 166, 154, 0.5)",0.0,0.0,1.6376537558008637,16.146610090873388,2.4723488763634274,0.0,0.0,0.0,0.0,0.0,0.0,0.0,0.0,64.88062412855919,15.64858402937881,False,True,True,False,True,19.68736975284068,1,1.1211943287021826,0.8130144642847359,False,False,False,False,0.3428282350261322,0.3325368700549317,False,False,False,False,3439038,2775253.3465274354,False,False,False,False,112426.68766448362,False,False,False,False
2023-07-28 00:00:00+00:00,20.4661313396,20.6161633503,20.3425755661,20.3425755661,81552,,,,,,,,,,,,,,,,,,,,,,,,,17.48790036230298,16.30245364050839,15.518394914507157,"rgba(38, 166, 154, 0.5)",0.0,0.0,1.6398175141695,16.169241132408764,2.6203465751903705,0.0,0.0,0.0,0.0,0.0,0.0,0.0,0.0,65.76386641874055,11.74673127061574,False,True,True,False,True,20.0,1,1.1369099730645624,0.8113394407670323,False,False,False,False,0.3428282353321693,0.3376825526935505,False,False,False,False,3520590,2804482.2348989085,False,False,False,False,111215.91559920975,False,False,False,False
2023-07-31 00:00:00+00:00,20.5808617007,20.7199502,20.3690518033,20.474956752,87825,,,,,,,,,,,,,,,,,,,,,,,,,17.518403986617805,16.327351673211698,15.541105007553401,"rgba(38, 166, 154, 0.5)",0.0,0.0,1.6475366590690477,16.19383238681653,2.6627810007956927,0.0,0.0,0.0,0.0,0.0,0.0,0.0,0.0,66.87153552188622,12.932503847701646,False,False,True,False,True,20.0,1,1.1393993212768452,0.8119547346665231,False,False,False,False,0.34282823374961197,0.34025539322158127,False,False,False,False,3608415,2836009.010000912,False,False,False,False,110298.62479139761,False,False,False,False
2023-08-01 00:00:00+00:00,21.0839102071,21.216291393,20.4484805148,20.4926075768,157267,,,,,,,,,,,,,,,,,,,,,,,,,17.577826630141125,16.37494525218647,15.584143559644442,"rgba(38, 166, 154, 1.0)",0.0,0.0,1.668204076127191,16.241599654617975,2.9027087403620677,0.0,0.0,0.0,0.0,0.0,0.0,0.0,0.0,69.54503276692486,15.54686572572848,True,False,True,False,True,20.0,1,1.115511806094131,0.8043296905587926,False,False,False,False,0.3428282352861756,0.3415418142538784,False,False,False,False,3765682,2872466.774314602,False,False,False,False,112140.52185840163,False,False,False,False
2023-08-02 00:00:00+00:00,21.1809897435,21.2567117818,20.7997319281,20.9868306708,90567,,,,,,,,,,,,,,,,,,,,,,,,,17.61273769323698,16.402875445380616,15.609365093067094,"rgba(38, 166, 154, 1.0)",0.0,0.0,1.6911691273332894,16.269680919642944,2.90409087091214,0.0,0.0,0.0,0.0,0.0,0.0,0.0,0.0,71.6482091570678,17.54477138519009,True,False,True,False,True,20.0,0,1.1219980041757907,0.8324627626117448,False,False,False,False,0.34282823620713493,0.34218502523050665,False,False,False,False,3856249,2911046.4694395196,False,False,False,False,111294.50139336627,False,False,False,False
2023-08-03 00:00:00+00:00,21.3398471665,21.3839742285,20.8632748973,21.0750847947,94645,,,,,,,,,,,,,,,,,,,,,,,,,17.649686419554584,16.432429769674577,15.636032459992544,"rgba(38, 166, 154, 1.0)",0.0,0.0,1.7225563612244343,16.299416906820085,2.9261337237738085,0.0,0.0,0.0,0.0,0.0,0.0,0.0,0.0,73.56985785526142,19.347162400335478,True,False,True,False,True,20.0,0,1.1266669216967373,0.8117885852974067,False,False,False,False,0.3428282366243999,0.34250663092745326,False,False,False,False,3950894,2951824.8039713036,False,False,False,False,110641.579770097,False,False,False,False
2023-08-04 00:00:00+00:00,21.216291393,21.754641549,21.2074659806,21.3486725789,122117,,,,,,,,,,,,,,,,,,,,,,,,,17.69883696442798,16.47158415834448,15.671273087494383,"rgba(38, 166, 154, 1.0)",1.0,24.962894,1.7504114836408051,16.706593912583855,2.576364199254511,0.0,0.0,0.0,0.0,0.0,0.0,0.0,0.0,73.50045930276303,19.347162400335478,True,False,True,False,True,20.0,0,1.1359022246585453,0.7999580459736847,False,False,False,False,0.34282823803109674,0.342667434479275,False,False,False,False,3828777,2986215.0861685076,False,False,False,False,111091.59624970103,False,False,False,False
2023-08-07 00:00:00+00:00,21.5428316516,21.5957841259,21.2339422178,21.3486725789,115277,,,,,,,,,,,,,,,,,,,,,,,,,17.74485704330653,16.508461150014785,15.704518059864848,"rgba(38, 166, 154, 1.0)",0.0,0.0,1.7854639927938094,16.744006627980554,2.6877187347309497,0.0,0.0,0.0,0.0,0.0,0.0,0.0,0.0,74.62677834665669,20.47534681372946,True,False,True,False,True,20.0,0,1.1430378656156255,0.797787164954237,False,False,False,False,0.3320216272996433,0.33734453088945915,False,False,False,False,3944054,3023777.3965148404,False,False,False,False,111255.72973010493,False,False,False,False
2023-08-08 00:00:00+00:00,21.4898791772,21.551657064,21.013306908,21.4104504657,79754,,,,,,,,,,,,,,,,,,,,,,,,,17.775152336576667,16.53311758259366,15.726876482581643,"rgba(38, 166, 154, 1.0)",0.0,0.0,1.8127948661238782,16.766789662563827,2.6054186289346086,0.0,0.0,0.0,0.0,0.0,0.0,0.0,0.0,74.78789430332185,20.767915006994727,True,False,True,False,True,20.0,0,1.13542555691305,0.7978779272257844,False,False,False,False,0.31062811820931296,0.32398632454938603,False,False,False,False,3864300,3056739.067239749,False,False,False,False,110020.36777990474,False,False,False,False
2023-08-09 00:00:00+00:00,21.0221323204,21.5428316516,20.9515290212,21.4722283524,159703,,,,,,,,,,,,,,,,,,,,,,,,,17.83134400872057,16.57993273201658,15.76970842779416,"rgba(38, 166, 154, 0.75)",0.0,0.0,1.8240283025137674,16.807138167172475,2.3108162013816735,0.0,0.0,0.0,0.0,0.0,0.0,0.0,0.0,70.31981330573187,24.5091803182101,True,False,True,False,False,20.0,0,1.125432578374594,0.8087118218248615,False,False,False,False,0.304970136095416,0.314478230322401,False,False,False,False,3704597,3082145.2606813274,False,False,False,False,111968.70629833986,False,False,False,False
2023-08-10 00:00:00+00:00,21.0927356195,21.4104504657,20.9338781965,20.9956560832,139448,,,,,,,,,,,,,,,,,,,,,,,,,17.87853333723096,16.61981312529146,15.806380136147663,"rgba(38, 166, 154, 0.5)",0.0,0.0,1.8349875255301216,16.84246514459691,2.3162394380175426,0.0,0.0,0.0,0.0,0.0,0.0,0.0,0.0,67.72017641771407,22.127438890063218,False,False,True,False,False,20.0,0,1.134785886660077,0.801938692568722,False,False,False,False,0.2930090475340793,0.3037436389282402,False,False,False,False,3844045,3112023.681831079,False,False,False,False,113046.32565918929,False,False,False,False
2023-08-11 00:00:00+00:00,21.1368626815,21.3398471665,20.9515290212,20.9515290212,82861,,,,,,,,,,,,,,,,,,,,,,,,,17.905917771674115,16.643166873651513,15.827922841792947,"rgba(38, 166, 154, 0.5)",0.0,0.0,1.8355765699374251,16.863397659025598,2.328132256896308,0.0,0.0,0.0,0.0,0.0,0.0,0.0,0.0,66.23501028672322,20.794928937333367,False,True,True,False,False,20.0,0,1.137321214029147,0.8011840620189252,False,False,False,False,0.28577015440317294,0.2947568966657066,False,False,False,False,3926906,3143979.8511710367,False,False,False,False,111862.5873980446,False,False,False,False
2023-08-14 00:00:00+00:00,20.8721003097,21.2515930426,20.7937306477,21.1545135063,101827,,,,,,,,,,,,,,,,,,,,,,,,,17.93720986784081,16.67046423469693,15.853318867172739,"rgba(38, 166, 154, 0.5)",0.0,0.0,1.820886104862671,16.886608193317358,2.1887651873114944,0.0,0.0,0.0,0.0,0.0,0.0,0.0,0.0,62.80269122222391,17.62798328948442,False,True,True,False,False,19.070010323719785,0,1.1211338026180138,0.817689003741659,False,False,False,False,0.2584762516177211,0.2766165741417138,False,False,False,False,3825079,3170689.621713349,False,False,False,False,111469.03495106247,False,False,False,False
2023-08-15 00:00:00+00:00,20.5014329892,20.7397191238,20.1748927307,20.7397191238,86002,,,,,,,,,,,,,,,,,,,,20.472014947900004,,,,,17.958869291277903,16.690601568049615,15.872495672132786,"rgba(38, 166, 154, 0.5)",0.0,0.0,1.8025665476116643,17.209155492976688,1.826438807812928,0.0,0.0,0.0,0.0,0.0,0.0,0.0,0.0,57.69235096761901,12.993755926902104,False,True,True,False,False,15.90439938474233,0,1.088230546625881,0.858392748509485,False,False,False,False,0.15647726907359202,0.21654692160765293,False,False,False,False,3739077,3192979.3228226295,False,False,False,False,110470.32769807962,False,False,False,False
2023-08-16 00:00:00+00:00,20.4837821644,20.8279732477,20.4220042777,20.4220042777,87994,,,,,,,,,,,,,,,,,,,,20.525573650720226,,,,,17.98156847846569,16.711556600586178,15.892400531419609,#000000,0.0,0.0,1.7818494405134992,17.226988445188546,1.827760328769922,0.0,0.0,0.0,0.0,0.0,0.0,0.0,0.0,54.160992338440195,9.940049887412684,False,True,False,False,False,15.755998559580394,0,1.0934029433095052,0.8544425086796129,False,False,False,False,0.1844028298264556,0.20047487571705425,False,False,False,False,3651083,3210944.1729080165,False,False,False,False,109588.90308246866,False,False,False,False
2023-08-17 00:00:00+00:00,20.3514009785,20.6249887627,20.1925435554,20.5014329892,217246,,,,,,,,,,,,,,,,,,,,20.45009586713195,,,,,18.0320160763009,16.759864401649946,15.938883443620785,#000000,0.0,0.0,1.756531653414421,17.256766358495675,1.7617869931286703,0.0,0.0,0.0,0.0,0.0,0.0,0.0,0.0,50.8500731862453,7.076214475491312,False,True,False,False,False,14.63612325799204,0,1.0838259052368922,0.8661661540973647,False,False,False,False,0.13301256412088008,0.16674371991896716,False,False,False,False,3433837,3219685.0680880942,False,False,False,False,113810.75002041107,False,False,False,False
2023-08-18 00:00:00+00:00,20.7926715982,20.8985765469,20.2543214422,20.2631468546,96008,,,,,,,,,,,,,,,,,,,,20.489194093848344,,,,,18.056017974197623,16.782305140506978,15.960298093465713,#000000,0.0,0.0,1.730151672578507,17.27650839741837,2.0322861032994655,0.0,0.0,0.0,0.0,0.0,0.0,0.0,0.0,52.03799918580552,7.076214475491312,False,True,False,False,False,17.067591389734762,0,1.071794590341094,0.8638704836953714,False,False,False,False,0.16366009422269875,0.16520190707083296,False,False,False,False,3529845,3231848.202672875,False,False,False,False,113112.6029607871,False,False,False,False
2023-08-21 00:00:00+00:00,20.6955920618,21.3398471665,20.5279092264,20.9162273717,196456,,,,,,,,,,,,,,,,,,,,20.594146534085,,,,,18.10757878691537,16.829829910463832,16.00541470376066,#000000,0.0,0.0,1.700087721545423,17.321880211189374,1.9844339841145582,0.0,0.0,0.0,0.0,0.0,0.0,0.0,0.0,52.062245066434585,7.076214475491312,False,True,False,False,False,16.242531659375665,0,1.0800342979993234,0.8545286718249643,False,False,False,False,0.23261697998253544,0.19890944352668422,False,False,False,False,3333389,3235830.1947249193,False,False,False,False,116380.97147212879,False,False,False,False
2023-08-22 00:00:00+00:00,20.5014329892,20.9074019593,20.3955280405,20.6514649999,91893,,,,,,,,,,,,,,,,,,,,20.5950123619927,,,,,18.128888133456734,16.850307463543167,16.02514762214973,#000000,0.0,0.0,1.6593670262194427,17.33807361609836,1.9063650916993116,0.0,0.0,0.0,0.0,0.0,0.0,0.0,0.0,50.59872814365714,6.981751600052881,False,True,False,False,False,14.603795878097063,0,1.0709333135670775,0.8732320385113395,False,False,False,False,0.1779842210925668,0.1884468323096255,False,False,False,False,3241496,3236052.3831670796,False,False,False,False,115420.65886537865,False,False,False,False
2023-08-23 00:00:00+00:00,20.9427036089,20.9515290212,20.4043534529,20.4043534529,100972,,,,,,,,,,,,,,,,,,,,20.614730889956512,,,,,18.15341918091383,16.87353029592572,16.04740922235129,#000000,0.0,0.0,1.635875507415246,17.358260005027528,2.1911469348520587,0.0,0.0,0.0,0.0,0.0,0.0,0.0,0.0,52.685509502947724,6.981751600052881,False,True,False,False,False,17.01881164118587,0,1.0684445066443167,0.8729161761495133,False,False,False,False,0.1830568060361173,0.1857518191728714,False,False,False,False,3342468,3240225.544611508,False,False,False,False,114854.04479222654,False,False,False,False
2023-08-24 00:00:00+00:00,21.0221323204,21.1015610319,20.8367986601,20.8632748973,68322,,,,,,,,,,,,,,,,,,,,20.641636159893732,,,,,18.17114065406564,16.889970065910322,16.063052944809368,"rgba(38, 166, 154, 0.5)",0.0,0.0,1.6100936907316408,17.373879584966154,2.265863630442554,0.0,0.0,0.0,0.0,0.0,0.0,0.0,0.0,54.559808533111294,6.981751600052881,False,True,True,False,True,17.441544383867157,0,1.083254966920355,0.8707507607838785,False,False,False,False,0.23953648295162996,0.21264415106225068,False,False,False,False,3410790,3246914.346783606,False,False,False,False,113029.25872194316,False,False,False,False
2023-08-25 00:00:00+00:00,21.1103864443,21.1872557863,20.8367986601,21.0839102071,71918,,,,,,,,,,,,,,,,,,,,20.670152489193754,,,,,18.189936188102152,16.90737665724205,16.079606011416303,"rgba(38, 166, 154, 0.5)",0.0,0.0,1.584904337620748,17.39055364889207,2.347039317838028,0.0,0.0,0.0,0.0,0.0,0.0,0.0,0.0,56.35746716290503,6.981751600052881,False,True,True,False,True,17.91343797472986,0,1.0765440373660649,0.8743821321902467,False,False,False,False,0.24796544362033918,0.23030479734129494,False,False,False,False,3482708,3256161.1567136603,False,False,False,False,111417.05249755323,False,False,False,False
2023-08-28 00:00:00+00:00,21.1633389187,21.3751488161,21.1103864443,21.1103864443,72418,,,,,,,,,,,,,,,,,,,,20.706462840036647,,,,,18.209737557957542,16.925477867897516,16.096735201974177,"rgba(38, 166, 154, 0.5)",0.0,0.0,1.5623461647361607,17.737249913182264,2.192912865822096,0.0,0.0,0.0,0.0,0.0,0.0,0.0,0.0,57.89458463895241,1.7652102250340889,False,True,True,False,True,18.198552618557876,1,1.0849076930671575,0.8643089343685151,False,False,False,False,0.2939897186523524,0.2621472579968237,False,False,False,False,3555126,3267885.2682150854,False,False,False,False,109887.67788980606,False,False,False,False
2023-08-29 00:00:00+00:00,21.1809897435,21.304545517,21.1103864443,21.1368626815,104600,,,,,,,,,,,,,,,,,,,,20.749586093344167,,,,,18.237720104525568,16.951249807102403,16.121191157587067,"rgba(38, 166, 154, 0.5)",0.0,0.0,1.5369003034342565,17.760838191979307,2.2253568067351193,0.0,0.0,0.0,0.0,0.0,0.0,0.0,0.0,59.0392455453315,3.0457196646288835,False,True,True,False,True,18.29488239667386,1,1.0919213534090269,0.8668296127857846,False,False,False,False,0.2868739552750262,0.27451060663592497,False,False,False,False,3659726,3283251.571422337,False,False,False,False,109680.31797255875,False,False,False,False
2023-08-30 00:00:00+00:00,21.216291393,21.2780692798,21.0662593824,21.1103864443,91731,,,,,,,,,,,,,,,,,,,,20.780788680154036,,,,,18.26173640231299,16.973534594290733,16.142396865938778,"rgba(38, 166, 154, 0.5)",0.0,0.0,1.5187111443868333,17.78091178074528,2.262036217322763,0.0,0.0,0.0,0.0,0.0,0.0,0.0,0.0,60.05854147721306,4.2409003580507445,False,True,True,False,True,18.490463468486706,1,1.1042125165754189,0.8552402792996366,False,False,False,False,0.2797863600764348,0.2771484833561799,False,False,False,False,3751457,3301612.5686214613,False,False,False,False,108976.42315010547,False,False,False,False
2023-08-31 00:00:00+00:00,20.8279732477,21.2957201046,20.8014970106,21.2251168054,90467,,,,,,,,,,,,,,,,,,,,20.793561289988478,,,,,18.28335417431457,16.99419046562142,16.162266343989426,"rgba(38, 166, 154, 0.5)",0.0,0.0,1.494729424595425,17.7954181959082,2.0288321096058,0.0,0.0,0.0,0.0,0.0,0.0,0.0,0.0,56.725366285010914,4.2409003580507445,False,True,True,False,False,15.005948073983635,1,1.080915036821036,0.8803365040098863,False,False,False,False,0.25518912731573457,0.2661688053359572,False,False,False,False,3660990,3315705.8012245414,False,False,False,False,108250.5634187288,False,False,False,False
2023-09-01 00:00:00+00:00,20.7926715982,21.0662593824,20.5808617007,20.8985765469,123957,,,,,,,,,,,,,,,,,,,,20.795189518673272,,,,,18.31067409182979,17.02101273777797,16.188321092799306,"rgba(38, 166, 154, 0.5)",0.0,0.0,1.4606304934960563,17.8121567686674,2.0405673048757595,0.0,0.0,0.0,0.0,0.0,0.0,0.0,0.0,54.185920730829096,10.043616606702827,False,True,True,False,False,14.695828941154353,1,1.0739115318649919,0.8881040632912733,False,False,False,False,0.21113068983815317,0.2386497475870552,False,False,False,False,3537033,3324385.2992157363,False,False,False,False,108866.50210819041,False,False,False,False
2023-09-05 00:00:00+00:00,19.9189557713,20.8367986601,19.675197881,20.8367986601,135005,,,,,,,,,,,,,,,,,,,,20.741390386901358,,,,,18.331981567492765,17.04471711736271,16.212307242504295,"rgba(239, 83, 80, 1.0)",0.0,0.0,1.4322675250558143,18.07736586330129,1.2857862625398455,0.0,0.0,0.0,0.0,0.0,0.0,0.0,0.0,46.90902981783898,3.24238720037809,False,True,False,True,False,7.515535381988787,1,1.0485799752569238,0.8750483764580173,False,False,False,False,0.08367596033138042,0.1611628539592178,False,False,False,False,3402028,3327430.1110111973,False,False,False,False,109891.54124120256,False,False,False,False
2023-09-06 00:00:00+00:00,19.8042254101,19.9939717766,19.7733364668,19.9542574208,72877,,,,,,,,,,,,,,,,,,,,20.70365981873178,,,,,18.34149253608229,17.05619490147175,16.2241999638654,"rgba(239, 83, 80, 1.0)",0.0,0.0,1.406093355934322,18.07111176589334,1.2325736672406364,0.0,0.0,0.0,0.0,0.0,0.0,0.0,0.0,41.55130036974351,-1.5144708969289908,False,True,False,True,False,6.63983776506544,0,1.0435359886852478,0.9265173312295674,False,False,False,False,0.008554353358529415,0.08485860365887361,False,False,False,False,3329151,3327497.596853895,False,False,False,False,108439.99060429266,False,False,False,False
2023-09-07 00:00:00+00:00,20.0778131943,20.2013689678,19.689495049,19.8042254101,147158,,,,,,,,,,,,,,,,,,,,20.64701061207574,,,,,18.361986816180064,17.080170348858665,16.24884599045231,"rgba(239, 83, 80, 1.0)",0.0,0.0,1.3838239685270919,18.07398664420039,1.4480357297412865,0.0,0.0,0.0,0.0,0.0,0.0,0.0,0.0,40.50790967039966,-2.2462580647613493,False,True,False,True,False,8.360680818322482,0,1.0451230149278128,0.9156228159085412,False,False,False,False,0.0108765640222016,0.0478675838405376,False,False,False,False,3476309,3333333.3381537427,False,False,False,False,109958.34391392824,False,False,False,False
2023-09-08 00:00:00+00:00,20.2807976794,20.3778772157,19.980733658,20.1748927307,75465,,,,,,,,,,,,,,,,,,,,20.63004996962346,,,,,18.373716879769816,17.093247151948248,16.262108091366915,"rgba(239, 83, 80, 1.0)",0.0,0.0,1.3622141837905088,18.081336137096525,1.6146224055480276,0.0,0.0,0.0,0.0,0.0,0.0,0.0,0.0,41.49860010841749,-2.2462580647613493,False,True,False,True,False,9.606944319975852,0,1.0515007935843916,0.9119379572305389,False,False,False,False,9.348739494092744e-05,0.023980535617739267,False,False,False,False,3551774,3341899.638618302,False,False,False,False,108605.66376044088,False,False,False,False
2023-09-11 00:00:00+00:00,20.3425755661,20.5014329892,20.227845205,20.3072739165,50713,,,,,,,,,,,,,,,,,,,,20.62306797038218,,,,,18.382127620476876,17.102376890244546,16.271293912559283,"rgba(239, 83, 80, 1.0)",0.0,0.0,1.3407045846663292,18.088005530516053,1.6816307345924806,0.0,0.0,0.0,0.0,0.0,0.0,0.0,0.0,42.66335121626474,-2.2462580647613493,False,True,False,True,False,9.984551302832205,0,1.0513397347937978,0.9233280366024468,False,False,False,False,0.017723347231549433,0.02085194142464435,False,False,False,False,3602487,3352118.7508293493,False,False,False,False,106335.36322081575,False,False,False,False
2023-09-12 00:00:00+00:00,20.5632108759,20.6514649999,20.3867026281,20.3867026281,72451,,,,,,,,,,,,,,,,,,,,20.619918425225265,,,,,18.395083415812003,17.116034341227074,16.284909777131922,"rgba(239, 83, 80, 0.75)",0.0,0.0,1.31699021942685,18.100133653706962,1.8702319773224763,0.0,0.0,0.0,0.0,0.0,0.0,0.0,0.0,45.18450425245719,-2.2462580647613493,False,True,False,True,True,11.32452559966239,0,1.0457952844931693,0.9248660132784863,False,False,False,False,0.05999455002203096,0.04042324572333766,False,False,False,False,3674938,3364778.3292281986,False,False,False,False,105006.5646631367,False,False,False,False
2023-09-13 00:00:00+00:00,20.3602263909,20.5808617007,20.2807976794,20.5808617007,70193,,,,,,,,,,,,,,,,,,,,20.61289124055781,,,,,18.406753832128317,17.12867694612381,16.297628309179174,"rgba(239, 83, 80, 0.75)",0.0,0.0,1.2864100771657176,18.109226641956806,1.749830624696837,0.0,0.0,0.0,0.0,0.0,0.0,0.0,0.0,45.39472387799041,-2.2462580647613493,False,True,False,True,True,9.685999835153236,0,1.03237891567405,0.9511998850981829,False,False,False,False,0.03515941996740787,0.03779133284537277,False,False,False,False,3604745,3374188.7869055243,False,False,False,False,103641.32683320978,False,False,False,False
2023-09-14 00:00:00+00:00,20.6691158247,20.8191478353,20.4573059272,20.4573059272,60981,,,,,,,,,,,,,,,,,,,,20.613885768847034,,,,,18.417992673887326,17.14038411259374,16.309258992211955,#000000,0.0,0.0,1.2581692953238144,18.1200022929107,2.0260497067155296,0.0,0.0,0.0,0.0,0.0,0.0,0.0,0.0,47.85002927314976,-9.105555924321337,False,True,False,False,True,11.55592521228105,0,1.0232948919777578,0.9373165936175689,False,False,False,False,0.09364539682599957,0.06571836483568616,False,False,False,False,3665726,3385621.618791582,False,False,False,False,101968.37283975058,False,False,False,False
2023-09-15 00:00:00+00:00,20.5455600512,20.7044174742,20.3249247413,20.6779412371,134492,,,,,,,,,,,,,,,,,,,,20.608729597456737,,,,,18.44103446734316,17.1650309430368,16.33396748154625,#000000,0.0,0.0,1.2206743189356148,18.13917473429187,1.9713573715603454,0.0,0.0,0.0,0.0,0.0,0.0,0.0,0.0,48.547960270924705,-8.182163178161616,False,True,False,False,True,10.556148233371566,0,1.0370003562602643,0.9258136779237712,False,False,False,False,0.05307557025104371,0.05939696754336493,False,False,False,False,3531234,3391331.908250736,False,False,False,False,103243.80919897604,False,False,False,False
2023-09-18 00:00:00+00:00,20.5543854636,20.7043292201,20.4043534529,20.5014329892,57636,,,,,,,,,,,,,,,,,,,,20.607411156830533,,,,,18.45089247891318,17.175575134457535,16.344541400631872,#000000,0.0,0.0,1.1809784301605075,18.147412078078073,2.0381179910244365,0.0,0.0,0.0,0.0,0.0,0.0,0.0,0.0,49.082947446234385,-7.3482397352748094,False,True,False,False,True,10.610356839036886,0,1.0500172555308762,0.9366812535193597,False,False,False,False,0.05010864556119912,0.05475280655228203,False,False,False,False,3588870,3399078.5000840407,False,False,False,False,101455.2676617613,False,False,False,False
2023-09-19 00:00:00+00:00,20.183718143,20.6294014689,20.1660673183,20.519083814,43193,,,,,,,,,,,,,,,,,,,,20.602395801128484,,,,,18.457425973360717,17.18290391828037,16.352003718999104,"rgba(239, 83, 80, 0.75)",0.0,0.0,1.141051537553622,18.151704778840372,1.7808252276809506,0.0,0.0,0.0,0.0,0.0,0.0,0.0,0.0,46.73517946359885,-7.3482397352748094,False,True,False,True,True,7.631460504480458,0,1.0096559772406464,0.9502600222454582,False,False,False,False,0.002760294117314974,0.0287565503347985,False,False,False,False,3545677,3404827.460865059,False,False,False,False,99170.47285149615,False,False,False,False
2023-09-20 00:00:00+00:00,19.8571778845,20.3425755661,19.8395270597,20.2366706174,83255,,,,,,,,,,,,,,,,,,,,20.582797533172982,,,,,18.467802095393456,17.19553608876436,16.365181120227856,"rgba(239, 83, 80, 1.0)",0.0,0.0,1.1159263631785719,18.155492533058126,1.5249082803231242,0.0,0.0,0.0,0.0,0.0,0.0,0.0,0.0,43.27094203831061,-7.3482397352748094,False,True,False,True,False,5.1252091943107025,0,0.9876521842090196,0.9714007745188287,False,False,False,False,-0.09012307563460735,-0.030683262649904425,False,False,False,False,3462422,3407086.0702429,False,False,False,False,98546.3366612414,False,False,False,False
2023-09-21 00:00:00+00:00,19.6983204614,19.8395270597,19.5218122136,19.6012409251,71851,,,,,,,,,,,,,,,,,,,,20.557791825636286,,,,,18.474777398224813,17.205094637894323,16.375466313684928,"rgba(239, 83, 80, 1.0)",0.0,0.0,1.0796540821498701,18.1551587745575,1.429311213985936,0.0,0.0,0.0,0.0,0.0,0.0,0.0,0.0,40.142323069465974,-3.558077039507154,False,True,False,True,False,3.9366991528554536,0,0.9670387508915451,0.9972373769977569,False,False,False,False,-0.21719651784613814,-0.12393989024802128,False,False,False,False,3390571,3406438.4204294533,False,False,False,False,97499.46071374173,False,False,False,False
2023-09-22 00:00:00+00:00,19.689495049,19.9101303589,19.6541933995,19.7159712862,79600,,,,,,,,,,,,,,,,,,,,20.53361011785463,,,,,18.482820111742896,17.215872733449817,16.38700789675594,"rgba(239, 83, 80, 1.0)",0.0,0.0,1.050212316047129,18.1561766074849,1.4600080555961545,0.0,0.0,0.0,0.0,0.0,0.0,0.0,0.0,38.01009615046862,-5.634813755952003,False,True,False,True,False,3.8703784647992947,0,0.9755400068984827,0.9934817110237145,False,False,False,False,-0.185277851379722,-0.15460887081387165,False,False,False,False,3310971,3402694.600020455,False,False,False,False,96797.52107790872,False,False,False,False
2023-09-25 00:00:00+00:00,19.8395270597,19.8483524721,19.6012409251,19.6012409251,85137,,,,,,,,,,,,,,,,,,,,20.509666967983907,,,,,18.491389628805802,17.227353057655407,16.39930816213589,"rgba(239, 83, 80, 1.0)",0.0,0.0,1.0258314514255096,18.157907081039884,1.6392751229486224,0.0,0.0,0.0,0.0,0.0,0.0,0.0,0.0,38.1666782683991,-5.634813755952003,False,True,False,True,False,4.892163347296286,0,0.9813228543605321,0.9915908546202852,False,False,False,False,-0.20326893686656483,-0.17893890384021824,False,False,False,False,3396108,3402436.3019804372,False,False,False,False,96340.24574152014,False,False,False,False
2023-09-26 00:00:00+00:00,19.5571138631,19.8660032969,19.4335580896,19.689495049,69954,,,,,,,,,,,,,,,,,,,,20.487490986031176,,,,,18.497557015951827,17.236177005328464,16.40891772477967,"rgba(239, 83, 80, 1.0)",0.0,0.0,1.0057387896077452,18.15812587556946,1.3910053007661836,0.0,0.0,0.0,0.0,0.0,0.0,0.0,0.0,36.617911399923635,-7.282709727277862,False,True,False,True,False,2.746965254500477,0,0.972968360985127,0.9941925350820163,False,False,False,False,-0.22699511495761138,-0.20296700939891482,False,False,False,False,3326154,3399444.8391576754,False,False,False,False,95305.49100655857,False,False,False,False
2023-09-27 00:00:00+00:00,19.0805415939,19.667431518,18.8863825213,19.6365425747,116560,,,,,,,,,,,,,,,,,,,,20.436667523073414,,,,,18.50400486331295,17.248246476416373,16.42278647454508,"rgba(239, 83, 80, 1.0)",0.0,0.0,0.9830330688728639,18.15235763545825,0.9442042061779228,0.0,0.0,0.0,0.0,0.0,0.0,0.0,0.0,33.42830446740748,-10.466751823769648,False,True,False,True,False,0.0,0,0.9412619138745413,1.0056057593778598,False,False,False,False,-0.34282825441539394,-0.2728976319071544,False,False,False,False,3209594,3391999.7082103156,False,False,False,False,96139.00116316412,False,False,False,False
2023-09-28 00:00:00+00:00,19.1423194807,19.3833414931,19.0628907691,19.0628907691,67370,,,,,,,,,,,,,,,,,,,,20.408753404841004,,,,,18.507599497417978,17.25510170022964,16.430696449370597,"rgba(239, 83, 80, 1.0)",0.0,0.0,0.9602720149634205,18.14946845209543,1.0339268594038844,0.0,0.0,0.0,0.0,0.0,0.0,0.0,0.0,31.953369827297117,-11.984492544098963,False,True,False,True,False,0.0,0,0.9607695300879383,1.0158998647242339,False,False,False,False,-0.34282825441539394,-0.30786294316127416,False,False,False,False,3276964,3387488.503966774,False,False,False,False,95010.80503911847,False,False,False,False
2023-09-29 00:00:00+00:00,18.7098742734,19.2482244294,18.5333660255,19.2482244294,138624,,,,,,,,,,,,,,,,,,,,20.338909669910077,,,,,18.511013350684276,17.26642758412103,16.444697711309992,"rgba(239, 83, 80, 1.0)",0.0,0.0,0.9487448736016874,18.137879356874528,0.6028964502901902,0.0,0.0,0.0,0.0,0.0,0.0,0.0,0.0,29.316772928015446,-14.599492191609329,False,True,False,True,False,0.0,0,0.9603911884192983,0.9997271076341536,False,False,False,False,-0.34282825441539394,-0.325345598788334,False,False,False,False,3138340,3377717.9743994493,False,False,False,False,96721.12641013344,False,False,False,False
2023-10-02 00:00:00+00:00,18.4451119016,18.9128587584,18.3392069529,18.6304455619,117993,,,,,,,,,,,,,,,,,,,,20.274543021418488,,,,,18.511501334711088,17.2743300416482,16.455178801930106,"rgba(239, 83, 80, 1.0)",0.0,0.0,0.9462162899474231,18.125450088433727,0.3378316528285895,0.0,0.0,0.0,0.0,0.0,0.0,0.0,0.0,26.731330662998896,-17.12347547859929,False,True,False,True,False,0.0,0,0.92569918716375,1.0633595716628965,False,False,False,False,-0.34282825441539394,-0.334086926601864,False,False,False,False,3020347,3363703.426383785,False,False,False,False,97555.31753130468,False,False,False,False
2023-10-03 00:00:00+00:00,17.7920313845,18.2950798909,17.668475611,18.2950798909,189061,,,,,,,,,,,,,,,,,,,17.918528962133337,20.145040619780104,,,,,18.503146527115003,17.28054741757896,16.466674328874955,"rgba(239, 83, 80, 1.0)",0.0,0.0,0.9613960105493451,18.09334963628168,-0.3134174143384533,0.0,0.0,0.0,0.0,0.0,0.0,0.0,0.0,23.434607940151754,-20.273491291424087,False,True,False,True,False,0.0,0,0.8928810105201097,1.050789206261377,False,False,False,False,-0.34282825441539394,-0.338457590508629,False,False,False,False,2831286,3342824.3116236366,True,False,False,False,101143.77566733194,False,False,False,False
2023-10-04 00:00:00+00:00,17.9685396324,18.0082539881,17.6640629048,17.7743805597,106131,,,,,,,,,,,,,,,,,,,17.904779212869688,20.07725095642535,,,,17.88028550843333,18.498258743569647,17.283779202717387,16.472880731567344,"rgba(239, 83, 80, 1.0)",0.0,0.0,0.9666265759239646,18.202208262482053,-0.2417361946196215,1.0,18.008253,17.664062,0.0,0.0,0.0,0.0,0.0,22.93041507948398,-20.808563303088036,False,True,False,True,False,0.0,0,0.8904426495759568,1.0728596391414944,True,False,False,False,-0.34282825441539394,-0.34064292246201144,False,False,False,False,2937417,3326925.9856776115,False,False,False,False,101339.35309214245,False,False,False,False
2023-10-05 00:00:00+00:00,18.5157152007,18.5421914379,17.9861904572,17.9861904572,94411,,,,,,,,,,,,,,,,,,,18.012191048432943,20.03240123233576,,,,18.100490994069716,18.49721732290745,17.28885646127368,16.480175874858705,"rgba(239, 83, 80, 0.75)",0.0,0.0,0.9567151663062885,18.204174982128073,0.3256352878513784,0.0,0.0,0.0,0.0,0.0,0.0,0.0,0.0,27.081740157618263,-20.808563303088036,False,True,False,True,True,0.0,0,0.8912397230449962,1.0569609580696298,False,False,False,False,-0.2580748006383969,-0.2993588615502042,False,False,False,False,3031828,3315353.515651039,False,False,False,False,101067.65297088196,False,False,False,False
2023-10-06 00:00:00+00:00,18.99228747,19.0540653567,18.3745086025,18.4186356644,89039,,,,,,,,,,,,,,,,,,,18.16003616336942,20.00314172783389,,,,18.317710848424365,18.49922919287833,17.295656196518365,16.48868175991085,"rgba(239, 83, 80, 0.75)",0.0,0.0,0.9516202419542559,18.211689678158134,0.8202828790598489,0.0,0.0,0.0,0.0,0.0,0.0,0.0,0.0,32.90284970164933,-23.920318168133733,False,True,False,True,True,0.0,0,0.911853695727479,1.0398201396038904,False,False,False,False,-0.17268912600293604,-0.23602399377657013,False,False,False,False,3120867,3307726.593468645,False,False,False,False,100595.94108967092,False,False,False,False
2023-10-09 00:00:00+00:00,19.3188277285,19.5041613888,18.9658112328,18.9658112328,99784,,,,,,,,,,,,,,,,,,,18.350296460887986,19.983851436740675,,,,18.559946519527184,18.504748232205326,17.305481908657864,16.500000953373124,"rgba(239, 83, 80, 0.75)",0.0,0.0,0.9281783885277,18.225445011989372,1.1779876907552007,0.0,0.0,0.0,0.0,0.0,0.0,0.0,0.0,38.568101159686904,-18.8234466253922,False,True,False,True,True,1.443647743357527,0,0.9299154551092029,1.0268751982941466,False,False,False,False,-0.07685800935242999,-0.15644100156450005,False,False,False,False,3220651,3304311.864313012,False,False,False,False,100564.10026262501,False,False,False,False
2023-10-10 00:00:00+00:00,19.3188277285,19.4247326772,19.0275891195,19.3629547905,100968,,,,,,,,,,,,,,,,,,,18.485053428652186,19.965178196996646,,,,18.70349208598204,18.510209442797255,17.31529522180605,16.511336635016924,"rgba(239, 83, 80, 0.75)",0.0,0.0,0.900391038379263,18.234370852041998,1.2044287762015764,0.0,0.0,0.0,0.0,0.0,0.0,0.0,0.0,42.34493546504528,-15.550736014850408,False,True,False,True,True,1.443647743357527,0,0.9315424190391765,1.0345566239088713,False,False,False,False,-0.0784657305087407,-0.11745336603662038,False,False,False,False,3220651,3301031.046104659,False,False,False,False,100579.93946801226,False,False,False,False
2023-10-11 00:00:00+00:00,19.6365425747,19.6541933995,19.195271955,19.3894310277,47199,,,,,,,,,,,,,,,,,,,18.550680713763864,19.95960223295013,,,,18.77302141592675,18.513541149144093,17.32040763539268,16.51706086440938,#000000,0.0,0.0,0.8749127793624,18.239912122718973,1.596308209143813,0.0,0.0,0.0,0.0,0.0,0.0,0.0,0.0,46.567198372501664,-11.811090041085365,False,False,False,False,True,3.4269801105990254,0,0.9344126162145627,1.0464275334089677,False,False,False,False,-0.042374019626506984,-0.07991369283156369,False,False,False,False,3267850,3299729.8286103588,False,False,False,False,98486.56929279609,False,False,False,False
2023-10-12 00:00:00+00:00,19.8571778845,19.8748287093,19.4495320861,19.6806696366,77353,,,,,,,,,,,,,,,,,,,18.663879504790035,19.955167933788744,,,,18.893055235122077,18.520230868090557,17.329622198285254,16.527121387079173,"rgba(38, 166, 154, 0.5)",0.0,0.0,0.8478173566765994,18.25118998369928,1.8942616450978431,0.0,0.0,0.0,0.0,0.0,0.0,0.0,0.0,50.466571898183574,-8.339084723896292,False,False,True,False,True,4.7688685540795674,0,0.930169709343776,1.0387723475799693,False,False,False,False,0.000647206525322936,-0.039633243153120376,False,False,False,False,3345203,3301513.090233482,False,False,False,False,97657.80186954919,False,False,False,False
2023-10-13 00:00:00+00:00,19.5747646879,20.0866386067,19.4776851516,20.0866386067,50460,,,,,,,,,,,,,,,,,,,18.725840806388312,19.952191414938852,,,,18.95524237187192,18.524504498479942,17.335559988359122,16.533621423770974,"rgba(38, 166, 154, 0.5)",0.0,0.0,0.8272135544170277,18.257640948948524,1.5922414857910654,0.0,0.0,0.0,0.0,0.0,0.0,0.0,0.0,51.271247558451876,-7.653647273934823,False,False,True,False,True,2.8621895802362793,0,0.9289226945852705,1.035019015700268,False,False,False,False,0.022376605693005258,-0.008628318730057559,False,False,False,False,3294743,3301247.596498836,False,False,False,False,95806.90767858647,False,False,False,False
2023-10-16 00:00:00+00:00,19.6012409251,20.0778131943,19.4247326772,20.0778131943,75661,,,,,,,,,,,,,,,,,,,18.805191394056052,19.9476500245714,,,,19.031415319424728,18.530792532054644,17.34436423502314,16.54328230549841,"rgba(38, 166, 154, 0.5)",0.0,0.0,0.818261610498283,18.26633441209457,1.6313933048778084,0.0,0.0,0.0,0.0,0.0,0.0,0.0,0.0,51.95597575826575,-6.860870324807777,False,False,True,False,True,3.0267632601912737,0,0.9123739550953588,1.0509802451534098,False,False,False,False,0.02319773856989926,0.00728470991992085,False,False,False,False,3370404,3303959.612322411,False,False,False,False,95016.8720833478,False,False,False,False
2023-10-17 00:00:00+00:00,19.8130508225,19.8660032969,19.4600343268,19.5571138631,63177,,,,,,,,,,,,,,,,,,,18.862936003523863,19.944157200792112,,,,19.084963253108018,18.53604406124787,17.351702193028384,16.551334009318996,"rgba(38, 166, 154, 1.0)",0.0,0.0,0.8129779921565192,18.273136868561398,1.8941643793502938,0.0,0.0,0.0,0.0,0.0,0.0,0.0,0.0,53.605844495437886,-5.028544404180458,True,False,True,False,True,4.342650504755863,0,0.9135956865280644,1.0539184483433954,False,False,False,False,0.019861756117225248,0.01357323301857305,False,False,False,False,3433581,3309042.803996042,False,False,False,False,93768.24964870671,False,False,False,False
2023-10-18 00:00:00+00:00,19.9013049465,20.0425115448,19.5747646879,19.7071458738,65566,,,,,,,,,,,,,,,,,,,18.923410658269688,19.942565253922606,,,,19.141846021061987,18.54202554351225,17.359675105171032,16.559979641840727,"rgba(38, 166, 154, 1.0)",0.0,0.0,0.8126285290362211,18.281061188353412,1.9938307606160486,0.0,0.0,0.0,0.0,0.0,0.0,0.0,0.0,55.193618099901045,-3.2065347532559514,True,False,True,False,True,4.887660895867263,0,0.9276073158851182,1.0446914785717965,False,False,False,False,0.05170189363709148,0.03263756332783227,False,False,False,False,3499147,3316497.870506001,False,False,False,False,92662.27907424762,False,False,False,False
2023-10-19 00:00:00+00:00,19.7159712862,20.0601623695,19.6277171623,20.0601623695,76805,,,,,,,,,,,,,,,,,,,18.98278380123665,19.940091274840768,,,,19.195353907258827,18.548758421116897,17.368806910952774,16.569932193937344,"rgba(38, 166, 154, 1.0)",0.0,0.0,0.8110188898689227,18.289336304574608,1.759065047000279,0.0,0.0,0.0,0.0,0.0,0.0,0.0,0.0,54.83676540551689,-3.1971236717640465,True,False,True,False,True,3.5886862095556786,0,0.932030097938033,1.0438613075217178,False,False,False,False,0.059058192665302975,0.04584787799656762,False,False,False,False,3422342,3320648.6206822367,False,False,False,False,92040.42499290458,False,False,False,False
2023-10-20 00:00:00+00:00,19.5129868012,20.2013689678,18.7804775725,20.2013689678,133144,,,,,,,,,,,,,,,,,,,19.036879914348,19.927074778104803,,,,19.232709256790663,18.557478393548113,17.38252449935299,16.58543690105404,"rgba(38, 166, 154, 1.0)",0.0,0.0,0.803705812194675,18.296899874729693,1.5130995794960667,0.0,0.0,0.0,0.0,0.0,0.0,0.0,0.0,53.14513303196078,-3.1971236717640465,True,False,True,False,True,2.1860588236222895,0,0.9005124105092893,1.0308899952757191,False,False,False,False,-0.009404431734485956,0.018221723131040833,False,False,False,False,3289198,3319415.2630084236,False,False,False,False,93652.32989514362,False,False,False,False
2023-10-23 00:00:00+00:00,19.2305736046,19.5129868012,19.2305736046,19.4600343268,70930,,,,,,,,,,,,,,,,,,,19.052119184652163,19.917766727095106,,,,19.23838068798742,18.561213709473957,17.389166785729447,16.593141709983566,#000000,0.0,0.0,0.8063415893427435,18.29905503046588,1.1552406405000266,0.0,0.0,0.0,0.0,0.0,0.0,0.0,0.0,50.19638149195512,-3.1971236717640465,True,False,False,False,False,0.2786226413007249,0,0.9179618206428419,1.0565755374633226,False,False,False,False,-0.03249849164074135,-0.00713838425485026,False,False,False,False,3218268,3315448.7036747597,False,False,False,False,92761.25813454975,False,False,False,False
2023-10-24 00:00:00+00:00,19.1246686559,19.4512089144,19.0275891195,19.3453039657,56291,,,,,,,,,,,,,,,,,,,19.058128874467627,19.909085138349266,,,,19.236644498984134,18.56367676863904,17.394071502670975,16.59895038220091,#000000,0.0,0.0,0.8137400391876151,18.299821370601023,1.013649624666926,0.0,0.0,0.0,0.0,0.0,0.0,0.0,0.0,47.590820713996266,-3.1971236717640465,False,False,False,False,False,0.0,0,0.9159740041374087,1.055559210765569,False,False,False,False,-0.05820034772760781,-0.032669365991229035,False,False,False,False,3161977,3309430.205491436,False,False,False,False,91331.05193319486,False,False,False,False
2023-10-25 00:00:00+00:00,18.7363505106,19.117608326,18.7098742734,18.99228747,58465,,,,,,,,,,,,,,,,,,,19.049947973583073,19.895981917550586,,,,19.218993267125352,18.564835155317947,17.398166084077847,16.60415626343061,"rgba(239, 83, 80, 0.5)",0.0,0.0,0.8288311110832858,18.297969802990682,0.5289143973328339,0.0,0.0,0.0,0.0,0.0,0.0,0.0,0.0,43.75250667618733,1.141010509854091,False,False,False,True,False,0.0,0,0.9283236310092821,1.0539976773570037,False,False,False,False,-0.12182714210004085,-0.07724825404563494,False,False,False,False,3103512,3301354.981746674,False,False,False,False,90042.18715150094,False,False,False,False
2023-10-26 00:00:00+00:00,18.9393349956,19.1157549894,18.6657472114,18.6657472114,100439,,,,,,,,,,,,,,,,,,,19.040710627177187,19.875309694309966,,,,19.19604611923938,18.567159342392593,17.405397807649212,16.613250424536623,"rgba(239, 83, 80, 0.5)",0.0,0.0,0.8392952119712813,18.295794104528042,0.766763448537316,0.0,0.0,0.0,0.0,0.0,0.0,0.0,0.0,42.87249600445935,0.145884114488112,False,False,False,True,False,0.0,0,0.9162731974532934,1.0576673889961667,False,False,False,False,-0.1263502320899396,-0.10179924306778726,False,False,False,False,3203951,3297535.2177566085,False,False,False,False,90449.90530242248,False,False,False,False
2023-10-27 00:00:00+00:00,18.99228747,19.0101457563,18.6628020879,18.9029960385,79357,,,,,,,,,,,,,,,,,,,19.033315157171288,19.85927662587647,,,,19.1791534560822,18.568874519366982,17.41099283895981,16.6203274452655,"rgba(239, 83, 80, 0.5)",0.0,0.0,0.8486847681426729,18.43109145524477,0.6612537844686396,0.0,0.0,0.0,0.0,0.0,0.0,0.0,0.0,42.71981323555843,-0.27605512369824936,False,False,False,True,False,0.0,0,0.9254830496612797,1.0537856609271996,False,False,False,False,-0.13704949601262045,-0.11942436954020386,False,False,False,False,3283308,3296977.2876485065,False,False,False,False,90014.88940820984,False,False,False,False
2023-10-30 00:00:00+00:00,19.4298154841,19.4655320567,19.0905080446,19.179799476,75138,,,,,,,,,,,,,,,,,,,19.046295604873283,19.851237588546027,,,,19.186540401845406,18.572695847078474,17.417818534328234,16.62828044189314,"rgba(239, 83, 80, 0.5)",0.0,0.0,0.851014496561536,18.44401731368359,1.158379997519968,0.0,0.0,0.0,0.0,0.0,0.0,0.0,0.0,45.82989381747167,-0.27605512369824936,False,False,False,True,False,1.6962028881122038,1,0.9362636662544029,1.0491304634066703,False,False,False,False,-0.05069562950948807,-0.08505999952484597,False,False,False,False,3358446,3299387.825387781,False,False,False,False,89431.4819804369,False,False,False,False
2023-10-31 00:00:00+00:00,20.162005222,20.2512966535,19.3667757335,19.4387446272,159108,,,,,,,,,,,,,,,,,,,19.12126438708624,19.85358287768133,,,,19.25666205401353,18.58696492447358,17.43658719009597,16.648664026975887,#000000,0.0,0.0,0.8509865944026934,18.48056105512419,1.9758762099607619,0.0,0.0,0.0,0.0,0.0,0.0,0.0,0.0,51.66710368688075,-5.424953747999169,True,False,False,False,True,6.176262188617059,1,0.9365716428238487,1.03445852415309,False,False,False,False,0.05227493644249319,-0.01639253154117639,False,False,False,False,3517554,3307943.361647084,False,False,False,False,92163.89445179231,False,False,False,False
2023-11-01 00:00:00+00:00,20.8584783873,21.0192029639,19.9923515022,20.162005222,103668,,,,,,,,,,,,,,,,,,,19.200222490684403,19.868862414191955,,,,19.336120127153038,18.600852224549936,17.452044868544615,16.664603919141456,"rgba(38, 166, 154, 1.0)",0.0,0.0,0.8554107654550724,18.51205774573693,2.7430337988729803,0.0,0.0,0.0,0.0,0.0,0.0,0.0,0.0,57.974218225866956,0.4075311166380615,True,False,True,False,True,10.030357434584033,1,0.9691909681605577,0.9842024699877311,False,False,False,False,0.18944913182566792,0.08652830014224576,False,False,False,False,3621222,3320228.7984452373,False,False,False,False,92615.03584583968,False,False,False,False
2023-11-02 00:00:00+00:00,20.5548875204,21.0549195365,20.1825422512,20.9388406756,101612,,,,,,,,,,,,,,,,,,,19.26868488701025,19.882767300925305,,,,19.40412342719273,18.61410957164668,17.466928613863267,16.680002709166693,"rgba(38, 166, 154, 1.0)",0.0,0.0,0.8544877280606,18.53635771664822,2.3622689214427535,0.0,0.0,0.0,0.0,0.0,0.0,0.0,0.0,60.141739152824044,2.2750071121960787,True,False,True,False,True,7.963876222141554,0,0.9769825394536097,0.9847540257675697,False,False,False,False,0.21222839987028938,0.14937835000626756,False,False,False,False,3519610,3328047.669094444,False,False,False,False,92967.85796953226,False,False,False,False
2023-11-03 00:00:00+00:00,21.0370612502,21.144210968,20.7402565321,20.9209823894,94448,,,,,,,,,,,,,,,,,,,19.342962006942745,19.901784736222137,,,,19.47903263908391,18.628584107171527,17.48228548103145,16.695572960532257,"rgba(38, 166, 154, 1.0)",0.0,0.0,0.8590358491255743,18.56276231073114,2.8803209342048834,0.0,0.0,0.0,0.0,0.0,0.0,0.0,0.0,63.142539377156986,5.0358964499360255,True,False,True,False,True,10.504135757780787,0,0.9748678552044279,0.9799451934489344,False,False,False,False,0.27877856302127435,0.21407845651377094,False,False,False,False,3614058,3339263.760502505,False,False,False,False,93025.90275504079,False,False,False,False
2023-11-06 00:00:00+00:00,20.8316909579,21.081706966,20.5459583772,21.0102738208,83777,,,,,,,,,,,,,,,,,,,19.39790173862183,19.915761577305656,,,,19.533481501830437,18.640441780010946,17.495199075134046,16.70879590441097,"rgba(38, 166, 154, 1.0)",0.0,0.0,0.8625084309588087,18.581577769125865,2.6088013844372457,0.0,0.0,0.0,0.0,0.0,0.0,0.0,0.0,63.8065513023214,5.703153791403302,True,False,True,False,True,9.118752233202645,0,0.9673042457068778,0.986004122983439,False,False,False,False,0.25210639263433615,0.23309242457405355,False,False,False,False,3530281,3346754.632639662,False,False,False,False,92663.20068621567,False,False,False,False
2023-11-07 00:00:00+00:00,20.7959743853,20.8272263863,20.5459583772,20.7334703833,93011,,,,,,,,,,,,,,,,,,,19.45046186267514,19.92918076312024,,,,19.58480163902782,18.65287929135467,17.50900570374022,16.723034221746694,"rgba(38, 166, 154, 1.0)",0.0,0.0,0.8652298761107566,18.599424929755408,2.5386888689259903,0.0,0.0,0.0,0.0,0.0,0.0,0.0,0.0,64.01101277683259,6.117924946329929,True,False,True,False,True,8.87757581165069,0,0.9562510654015323,1.003466678116279,False,False,False,False,0.23210904731998078,0.23260073594701716,False,False,False,False,3437270,3350304.254889087,False,False,False,False,92676.83987499154,False,False,False,False
2023-11-08 00:00:00+00:00,20.8316909579,21.0102738208,20.7245412402,20.9031241031,108069,,,,,,,,,,,,,,,,,,,19.51236028362707,19.946732351991546,,,,19.645456520117502,18.668057799204362,17.5255549383404,16.739994917051302,"rgba(38, 166, 154, 1.0)",0.0,0.0,0.8687097302279975,18.621053200503173,2.544736959279407,0.0,0.0,0.0,0.0,0.0,0.0,0.0,0.0,64.2887510521166,6.737819194253845,True,False,True,False,True,9.07045971972196,0,0.9635008617512965,0.993382737791256,False,False,False,False,0.27654724605040193,0.25457399099870953,False,False,False,False,3545339,3357952.6762659852,False,False,False,False,93280.45399754088,False,False,False,False
2023-11-09 00:00:00+00:00,20.9299115325,21.2156441131,20.8227618148,20.9834863914,81892,,,,,,,,,,,,,,,,,,,19.5600773095134,19.961491663165358,,,,19.692372963725884,18.68011687034001,17.5384869726859,16.7531701423774,"rgba(38, 166, 154, 1.0)",0.0,0.0,0.8728946950011236,18.638166311076752,2.625454404234062,0.0,0.0,0.0,0.0,0.0,0.0,0.0,0.0,64.88191760526311,7.728911622800943,True,False,True,False,True,9.605754955047196,0,0.9693730441955214,0.9842900971132301,False,False,False,False,0.3360635539262392,0.2953187724624744,False,False,False,False,3627231,3368512.6105300644,False,False,False,False,92833.84795842164,False,False,False,False
2023-11-10 00:00:00+00:00,21.0995652523,21.1977858269,20.8763366736,21.0638486797,63871,,,,,,,,,,,,,,,,,,,19.596888870200054,19.97346371330634,,,,19.728566115692374,18.68971187200019,17.548705132735737,16.763554621371934,"rgba(38, 166, 154, 1.0)",0.0,0.0,0.8795901333564787,18.651607293649022,2.7830666418570136,0.0,0.0,0.0,0.0,0.0,0.0,0.0,0.0,65.97916012520633,9.209749290178806,True,False,True,False,True,10.528362226629472,0,0.981798593578218,0.985591804914674,False,False,False,False,0.3428282312763725,0.31907350186942346,False,False,False,False,3691102,3381163.1748230034,False,False,False,False,91698.04999926785,False,False,False,False
2023-11-13 00:00:00+00:00,21.0370612502,21.1888566837,20.9477698188,21.144210968,51596,,,,,,,,,,,,,,,,,,,19.625330327312476,19.982945681468102,,,,19.75643193857049,18.697406505403965,17.556916299416837,16.771906854315255,"rgba(38, 166, 154, 1.0)",0.0,0.0,0.8846144770395225,18.662134083585784,2.6847030296883907,0.0,0.0,0.0,0.0,0.0,0.0,0.0,0.0,66.15324610686895,9.82375281561658,True,False,True,False,True,10.077121288792092,0,0.993326793103999,0.9766115624212486,False,False,False,False,0.34282823150010583,0.33095086668476464,False,False,False,False,3639506,3391294.2660064152,False,False,False,False,90125.42058753186,False,False,False,False
2023-11-14 00:00:00+00:00,21.8496132765,21.8496132765,21.2424315426,21.2960064015,166290,,,,,,,,,,,,,,,,,,,19.744696046569125,20.028560046888895,,,,19.87608936806069,18.72797632217712,17.587531746384684,16.802276852673916,"rgba(38, 166, 154, 1.0)",0.0,0.0,0.9042780211893814,18.70748112955412,3.4747412558065793,0.0,0.0,0.0,0.0,0.0,0.0,0.0,0.0,69.16891970602016,13.069437833883839,True,False,True,False,True,14.323659106218972,0,1.0336768673670131,0.9360998799696416,False,False,False,False,0.34282823445084537,0.336889550567805,False,False,False,False,3805796,3407549.235966948,False,False,False,False,93112.2668390012,False,False,False,False
2023-11-15 00:00:00+00:00,21.5281641232,21.9255109932,21.4924475506,21.8764007059,135048,,,,,,,,,,,,,,,,,,,19.831807519818085,20.06383713064358,,,,19.962739329258113,18.75235286651867,17.612069059099266,16.8266715135249,"rgba(38, 166, 154, 1.0)",0.0,0.0,0.9115858270326694,18.74167036028173,3.056754153351275,0.0,0.0,0.0,0.0,0.0,0.0,0.0,0.0,68.63434976458225,13.069437833883839,True,False,True,False,True,12.025816039730199,0,1.0395094872955906,0.899620676084544,False,False,False,False,0.34282823529089457,0.3398588929293498,False,False,False,False,3670748,3417870.7561251065,False,False,False,False,94756.80539433449,False,False,False,False
2023-11-16 00:00:00+00:00,21.5906681252,21.6085264115,21.1977858269,21.4478018349,87130,,,,,,,,,,,,,,,,,,,19.87865263614423,20.083257268009373,,,,20.008689130124655,18.766884914173094,17.627032475139256,16.841687972849087,"rgba(38, 166, 154, 1.0)",0.0,0.0,0.9187199638249632,18.760698208184145,3.080340069278203,0.0,0.0,0.0,0.0,0.0,0.0,0.0,0.0,68.50776489230553,13.069437833883839,True,False,True,False,True,12.345613349145346,0,1.031139968561837,0.920429896489417,False,False,False,False,0.28538546274992055,0.3126221778396352,False,False,False,False,3757878,3431204.373531965,False,False,False,False,94457.71498671353,False,False,False,False
2023-11-17 00:00:00+00:00,21.9567629942,22.0728418551,21.6295098979,21.7513927019,116091,,,,,,,,,,,,,,,,,,,19.952528654828846,20.11593636130351,,,,20.082184494837396,18.788988038278827,17.648955329127084,16.863352037559157,"rgba(38, 166, 154, 1.0)",0.0,0.0,0.9316499058345695,18.79099056940507,3.3980279555323305,0.0,0.0,0.0,0.0,0.0,0.0,0.0,0.0,69.69790945094854,14.526424249191166,True,False,True,False,True,14.191216461129269,0,1.035132271958976,0.9092220983156771,False,False,False,False,0.3428282359682113,0.32772520690392326,False,False,False,False,3873969,3448567.692216986,False,False,False,False,95306.07910488162,False,False,False,False
2023-11-20 00:00:00+00:00,22.7246693047,22.7514567341,22.1412390916,22.251424718,243262,,,,,,,,,,,,,,,,,,,20.137688495776334,20.204595048467137,,,,20.26842441040095,18.843852650599,17.701134278483075,16.913971306714597,"rgba(38, 166, 154, 1.0)",0.0,0.0,0.9690334481800817,18.868341560788576,3.9795610266641477,0.0,0.0,0.0,0.0,0.0,0.0,0.0,0.0,72.5153937982886,17.457465630587635,True,False,True,False,True,17.797738174425007,0,1.037574583616561,0.887283532233129,False,False,False,False,0.342828238349729,0.3352767226268261,False,False,False,False,4117231,3474789.782718281,False,False,False,False,101108.27208116077,False,True,False,False
2023-11-21 00:00:00+00:00,22.3942910083,22.6889527321,22.3049995769,22.6889527321,65145,,,,,,,,,,,,,,,,,,,20.181421855416545,20.226505949764846,,,,20.31208187115623,18.857975755503215,17.714701579021536,16.92719214952889,"rgba(38, 166, 154, 1.0)",0.0,0.0,0.9893072443105748,18.88734302023932,3.5448522268777998,0.0,0.0,0.0,0.0,0.0,0.0,0.0,0.0,71.96284468965919,17.457465630587635,True,False,True,False,True,15.442832120466033,0,1.0379344556462229,0.8964634955560491,False,False,False,False,0.3428282385242425,0.3390524805755343,False,False,False,False,4052086,3497428.8500626623,False,False,False,False,99697.94768582113,False,False,False,False
2023-11-22 00:00:00+00:00,22.4121492946,22.6443070164,22.3630390073,22.6264487301,86427,,,,,,,,,,,,,,,,,,,20.2372185636271,20.25505933035842,,,,20.36765732849925,18.87659709060295,17.732621488105796,16.94466796104042,"rgba(38, 166, 154, 1.0)",0.0,0.0,1.0104462142011519,18.912014954951434,3.4639491844855232,0.0,0.0,0.0,0.0,0.0,0.0,0.0,0.0,71.64807952870743,17.457465630587635,True,False,True,False,True,15.526078425708992,0,1.0444145387906199,0.8953653486061357,False,False,False,False,0.34282823854704275,0.34094035956128854,False,False,False,False,4138513,3522569.4049621657,False,False,False,False,99177.51836480854,False,False,False,False
2023-11-24 00:00:00+00:00,22.5550155849,22.6085904438,22.3585744357,22.3585744357,32847,,,,,,,,,,,,,,,,,,,20.258032206784744,20.26588629586187,,,,20.38836799166782,18.88369088483224,17.739445610827747,16.951321821907804,"rgba(38, 166, 154, 1.0)",0.0,0.0,1.0410831688502251,18.921333035816854,3.490290360851953,0.0,0.0,0.0,0.0,0.0,0.0,0.0,0.0,71.88559875720784,17.499886484909396,True,False,True,False,True,16.197034469660633,0,1.0414537333586613,0.9092229506812414,False,False,False,False,0.33964353576520173,0.3402919476632451,False,False,False,False,4171360,3548012.173395022,False,False,False,False,96576.32156618859,False,False,False,False
2023-11-27 00:00:00+00:00,22.31392872,22.7827087351,22.0371252825,22.6889527321,100701,,,,,,,,,,,,,,,,,,,20.3159885882085,20.29655952480513,,,,20.445704035507102,18.904496121635802,17.759680869725496,16.971149059043892,"rgba(38, 166, 154, 0.75)",0.0,0.0,1.0632531070449076,19.238940619098173,2.8920565390569335,0.0,0.0,0.0,0.0,0.0,0.0,0.0,0.0,70.1346871455813,17.499886484909396,True,False,True,False,False,14.459192925239677,0,1.0334651471145289,0.899225043013839,False,False,False,False,0.32802231082406125,0.33415712924365315,False,False,False,False,4070659,3568508.127379531,False,False,False,False,96738.07366163218,False,False,False,False
2023-11-28 00:00:00+00:00,21.9210464216,22.3259830633,21.8138967039,22.3228578632,123154,,,,,,,,,,,,,,,,,,,20.37112911337316,20.32664115554028,,,,20.499310322367187,18.92702067947367,17.782291412229174,16.99361021175925,"rgba(38, 166, 154, 0.75)",0.0,0.0,1.0754004163642656,19.254902826986218,2.47921011935957,0.0,0.0,0.0,0.0,0.0,0.0,0.0,0.0,66.2074301355003,20.527274530013727,True,False,True,False,False,11.711495099459594,0,1.0214493644885996,0.9177677214872116,False,False,False,False,0.27542858243266727,0.3047928558381602,False,False,False,False,3947505,3583370.749835236,False,False,False,False,97773.99234156817,False,False,False,False
2023-11-29 00:00:00+00:00,21.9478338511,22.2285661115,21.885329849,22.1799915728,95583,,,,,,,,,,,,,,,,,,,20.41153268474542,20.349277876357977,,,,20.53847146302159,18.944280853287665,17.79967640835474,17.01090655098907,"rgba(38, 166, 154, 0.75)",0.0,0.0,1.0900934097147073,19.27194577832616,2.454732822826769,0.0,0.0,0.0,0.0,0.0,0.0,0.0,0.0,63.71744314116629,18.19209667345143,True,False,True,False,False,11.84644863770328,0,1.0336203665864154,0.9182592954136338,False,False,False,False,0.27344961667247086,0.2891212362553155,False,False,False,False,4043088,3601398.8772926778,False,False,False,False,97688.07107327139,False,False,False,False
2023-11-30 00:00:00+00:00,21.760321845,22.0505189972,21.7246052724,21.9389047079,104741,,,,,,,,,,,,,,,,,,,20.44900810198428,20.370866910807344,,,,20.57432013904536,18.961908892914938,17.81777905079771,17.029064981127604,"rgba(38, 166, 154, 0.75)",0.0,0.0,1.1025031563097376,19.287358578994297,2.2430441598762623,0.0,0.0,0.0,0.0,0.0,0.0,0.0,0.0,60.75780062377755,15.462301446734187,True,False,True,False,False,10.543526235774102,0,1.0403612884293538,0.9134222050331726,False,False,False,False,0.24783253651009765,0.26847688638270656,False,False,False,False,3938347,3614612.5291635534,False,False,False,False,97964.6565213784,False,False,False,False
2023-12-01 00:00:00+00:00,22.1174875708,22.1977605677,21.6710304136,21.6710304136,114448,,,,,,,,,,,,,,,,,,,20.491951964974618,20.39608840513941,,,,20.615681517984825,18.981918559831833,17.838106256440675,17.049365206360815,"rgba(38, 166, 154, 0.75)",0.0,0.0,1.121368843088189,19.308501504915093,2.5049617556245933,0.0,0.0,0.0,0.0,0.0,0.0,0.0,0.0,60.62276167760119,15.367451341734494,True,False,True,False,False,12.369796022590183,0,1.0510365125398964,0.889425527899188,False,False,False,False,0.25488222282110967,0.2616795546019081,False,False,False,False,4052795,3631796.1554708653,False,False,False,False,98611.06214799103,False,False,False,False
2023-12-04 00:00:00+00:00,22.0371252825,22.3228578632,21.9299755648,22.1532041434,124568,,,,,,,,,,,,,,,,,,,20.539031733038478,20.42434691659681,,,,20.66115613250311,19.00412126135018,17.860540513121357,17.071721047482303,"rgba(38, 166, 154, 0.75)",0.0,0.0,1.1379386228319752,19.33326791000581,2.376101239770851,0.0,0.0,0.0,0.0,0.0,0.0,0.0,0.0,59.94262625122003,14.640105849920744,True,False,True,False,False,11.805118929407087,0,1.0556693722547594,0.8879008814076915,False,False,False,False,0.2840560327157717,0.2728677936588399,False,False,False,False,3928227,3643420.894472008,False,False,False,False,99628.98127944236,False,False,False,False
2023-12-05 00:00:00+00:00,21.8317549902,22.0294462194,21.6531721273,21.9656921373,125425,,,,,,,,,,,,,,,,,,,20.576306465715213,20.447612213782445,,,,20.696453390347454,19.024316864239573,17.881527481453833,17.092883637999062,"rgba(38, 166, 154, 0.75)",0.0,0.0,1.1492529548227024,19.35232649856011,2.1574262491432066,0.0,0.0,0.0,0.0,0.0,0.0,0.0,0.0,58.00165942254305,12.697615944896981,True,False,True,False,False,10.366370324272587,0,1.0464525806337195,0.8971233232021322,False,False,False,False,0.24089383252348634,0.2568808130911631,False,False,False,False,3802802,3649671.1339044785,False,False,False,False,100640.58985671913,False,False,False,False
2023-12-06 00:00:00+00:00,21.6531721273,22.1353458571,21.6085264115,22.0192669962,72545,,,,,,,,,,,,,,,,,,,20.596267007916037,20.460353742414707,,,,20.715252343844195,19.035706483535566,17.893446430812546,17.104938204033783,"rgba(38, 166, 154, 0.5)",0.0,0.0,1.1578941833758871,19.36291415930365,1.9779510087174035,0.0,0.0,0.0,0.0,0.0,0.0,0.0,0.0,55.48247833514362,10.256865686141289,False,False,True,False,False,9.129107553790245,0,1.0510089178096216,0.89410735473105,False,False,False,False,0.24548579432823855,0.2511833037097008,False,False,False,False,3730257,3652831.36394744,False,False,False,False,99538.80201920074,False,False,False,False
2023-12-07 00:00:00+00:00,21.8049675607,21.8496132765,21.572809839,21.7156761293,56492,,,,,,,,,,,,,,,,,,,20.610655055975815,20.469698424363646,,,,20.728712242280437,19.04433102948339,17.902544137936662,17.11417003645864,#000000,0.0,0.0,1.169008509317545,19.609044065947813,1.8784495384333375,0.0,0.0,0.0,0.0,0.0,0.0,0.0,0.0,54.789351866236906,9.543343738673904,False,False,False,False,False,9.946886761293563,0,1.072044188949568,0.8954295445416108,False,False,False,False,0.22149620006316736,0.23633975188643408,False,False,False,False,3786749,3658083.035949501,False,False,False,False,97850.69213609483,False,False,False,False
2023-12-08 00:00:00+00:00,21.885329849,22.0192669962,21.8138967039,21.8138967039,66017,,,,,,,,,,,,,,,,,,,20.629384619345778,20.4818300809398,,,,20.746470255417886,19.054947643944647,17.913572369859313,17.125291901535128,#000000,0.0,0.0,1.1796379285597525,19.62349196828574,1.9174000987538535,0.0,0.0,0.0,0.0,0.0,0.0,0.0,0.0,54.84921222312421,9.461973602066998,False,False,False,False,False,10.380273030794477,0,1.0745331654802268,0.8767997635442025,False,False,False,False,0.2521979006877346,0.24426882628708435,False,False,False,False,3852766,3665717.661990697,False,False,False,False,96602.31205232641,False,False,False,False
2023-12-11 00:00:00+00:00,22.0281961394,22.188920716,21.7692509882,21.8585424196,72570,,,,,,,,,,,,,,,,,,,20.650755089878384,20.4957530322038,,,,20.76683921397271,19.066890219544785,17.92589495704082,17.13768556314382,"rgba(38, 166, 154, 0.5)",0.0,0.0,1.1919980891180375,19.63833533109601,2.00491999955491,0.0,0.0,0.0,0.0,0.0,0.0,0.0,0.0,55.81468876506307,9.461973602066998,False,False,True,False,False,11.151898314786628,0,1.094698865191311,0.8632279450315794,False,False,False,False,0.261632523996828,0.2529506751419562,False,False,False,False,3925336,3675898.7732851794,False,False,False,False,95659.86844243125,False,False,False,False
2023-12-12 00:00:00+00:00,22.0907001414,22.1799915728,21.9121172785,22.0728418551,69075,,,,,,,,,,,,,,,,,,,20.67144508055882,20.509337913888203,,,,20.78662039627315,19.078420030469104,17.937742786043426,17.149582114176393,"rgba(38, 166, 154, 0.5)",0.0,0.0,1.2046033652796369,19.652174782916113,2.024338822860425,0.0,0.0,0.0,0.0,0.0,0.0,0.0,0.0,56.86425843600427,9.461973602066998,False,False,True,False,True,11.490455713295031,0,1.109438384653258,0.8483967541674077,False,False,False,False,0.27179188769239315,0.2623712814171747,False,False,False,False,3994411,3688389.4488426237,False,False,False,False,94617.32458194376,False,False,False,False
2023-12-13 00:00:00+00:00,22.5460864418,22.5460864418,22.0192669962,22.1621332865,164785,,,,,,,,,,,,,,,,,,,20.728902168685753,20.547092217920994,,,,20.84234461389142,19.108387956574695,17.967836047739436,17.17950577794493,"rgba(38, 166, 154, 1.0)",0.0,0.0,1.2258020437576296,19.69374905691054,2.326915181301031,0.0,0.0,0.0,0.0,0.0,0.0,0.0,0.0,60.130562230496295,5.745172609724868,True,False,True,False,True,13.899128386365494,0,1.1447106519438586,0.8129326138688455,False,False,False,False,0.3081470636183467,0.2852591725177607,False,False,False,False,4159196,3706852.4508487955,False,False,False,False,97368.99812774989,False,False,False,False
2023-12-14 00:00:00+00:00,22.31392872,22.9746853128,22.2335664317,22.7246693047,163063,,,,,,,,,,,,,,,,,,,20.78649062368143,20.585668114129575,,,,20.898362843033375,19.138732736002385,17.998128940460862,17.209553128913612,"rgba(38, 166, 154, 1.0)",0.0,0.0,1.2413728272669202,19.99810404655139,1.865535174108222,0.0,0.0,0.0,0.0,0.0,0.0,0.0,0.0,60.19257428801966,5.884793522880756,True,False,True,False,True,12.179128537847763,0,1.151167464145495,0.7872622013892059,False,False,False,False,0.3428282373492948,0.31404370493352773,False,False,False,False,3996133,3718196.786109627,False,False,False,False,99945.23349528911,False,False,False,False
2023-12-15 00:00:00+00:00,21.8674715627,22.4032201515,21.706925569,22.376432722,272353,,,,,,,,,,,,,,,,,,,20.848370634997078,20.630437330618793,,,,20.95657628644826,19.18066085314655,18.04215835609341,17.254186046632068,"rgba(38, 166, 154, 0.5)",0.0,0.0,1.2487030918878173,20.014420986381033,1.4839801297500466,0.0,0.0,0.0,0.0,0.0,0.0,0.0,0.0,56.86357851555402,5.884793522880756,False,False,True,False,False,8.990303884578012,1,1.1173162368667033,0.8330453027575851,False,False,False,False,0.24142429461248247,0.2777339997730051,False,False,False,False,3723780,3718415.7356739556,False,False,False,False,106706.3223778268,False,False,False,False
2023-12-18 00:00:00+00:00,21.8406841333,22.0371252825,21.6888886998,22.0371252825,94059,,,,,,,,,,,,,,,,,,,20.86590699345165,20.643755002766852,,,,20.97279631551135,19.194164759384822,18.05662013001581,17.268967430659565,"rgba(38, 166, 154, 0.5)",0.0,0.0,1.2576413524285603,20.020777782662684,1.4470789681994785,0.0,0.0,0.0,0.0,0.0,0.0,0.0,0.0,54.46112033603609,9.02254653754045,False,False,True,False,False,8.802631252670523,1,1.102479372001955,0.8662590948981957,False,False,False,False,0.20291399519813919,0.24032399748557215,False,False,False,False,3629721,3714937.5107455654,False,False,False,False,106210.34895124535,False,False,False,False
2023-12-19 00:00:00+00:00,21.9924795668,22.0728418551,21.8317549902,22.0103378531,145154,,,,,,,,,,,,,,,,,,,20.894684095818782,20.66556526999844,,,,20.999693212579263,19.215590136471395,18.079364629201056,17.292136206941443,#000000,0.0,0.0,1.2687054108008946,20.035928214153806,1.5421636386110182,0.0,0.0,0.0,0.0,0.0,0.0,0.0,0.0,53.93103014113413,8.513941420947162,False,False,False,False,False,9.647012978736381,1,1.0853991457049617,0.8815678570270798,False,False,False,False,0.21926335697775895,0.22979367723166555,False,False,False,False,3774875,3717288.0005202494,False,False,False,False,107737.5509531573,False,False,False,False
2023-12-20 00:00:00+00:00,21.7335344156,22.1799915728,21.7246052724,21.9656921373,126751,,,,,,,,,,,,,,,,,,,20.9166804673167,20.68280425565337,,,,21.02002117974961,19.233451283644794,18.098573824555135,17.31181122751378,#000000,0.0,0.0,1.274020142402842,20.047343103753764,1.3235201357696176,0.0,0.0,0.0,0.0,0.0,0.0,0.0,0.0,51.69192285519662,6.349043511001774,False,True,False,False,False,7.808378582381415,1,1.078309634692449,0.8742427458619046,False,False,False,False,0.21926335696857283,0.22452851710011917,False,False,False,False,3648124,3714575.686774357,False,False,False,False,108483.17640597466,False,False,False,False
2023-12-21 00:00:00+00:00,22.0549835688,22.1710624297,21.6442429841,21.8049675607,232224,,,,,,,,,,,,,,,,,,,20.957573902147576,20.715112649437692,,,,21.058069427392812,19.26650042932365,18.133978423920507,17.348027284118764,#000000,0.0,0.0,1.2823916931871044,20.07235713686621,1.5460381118084185,0.0,0.0,0.0,0.0,0.0,0.0,0.0,0.0,52.44230095379097,6.349043511001774,False,True,False,False,False,9.607619494270278,1,1.0680092292283623,0.8842815917577416,False,False,False,False,0.21107477646726916,0.21780164678369418,False,False,False,False,3880348,3721076.561802814,False,False,False,False,113335.75772338742,False,False,False,False
2023-12-22 00:00:00+00:00,22.251424718,22.3675035789,21.9299755648,22.1621332865,151376,,,,,,,,,,,,,,,,,,,20.988195023334892,20.73898374617248,,,,21.08708485047477,19.289390541092843,18.15805433080983,17.372476185638817,"rgba(38, 166, 154, 0.5)",0.0,0.0,1.295094396961389,20.094142986136287,1.6657331982326748,0.0,0.0,0.0,0.0,0.0,0.0,0.0,0.0,54.15435048108874,6.349043511001774,False,True,True,False,True,10.68161735404643,1,1.069254299613664,0.8853222273730947,False,False,False,False,0.2556554929675025,0.23672856987559834,False,False,False,False,4031724,3733258.814281135,False,False,False,False,114827.5319303134,False,False,False,False
2023-12-26 00:00:00+00:00,22.4835824398,22.6264487301,22.0817709982,22.126416714,89605,,,,,,,,,,,,,,,,,,,21.00873390984199,20.754794859802317,,,,21.106788276972402,19.303762527256083,18.172922946714046,17.38747177121668,"rgba(38, 166, 154, 0.5)",0.0,0.0,1.3121227178499295,20.10965063986233,1.8092300115248678,0.0,0.0,0.0,0.0,0.0,0.0,0.0,0.0,56.61167467758207,1.8888364691834383,False,False,True,False,True,11.930778113064264,1,1.0744729750908775,0.8831015846044193,False,False,False,False,0.2944259232684018,0.26557724657200005,False,False,False,False,4121329,3748477.2529367767,False,False,False,False,113838.41303108544,False,False,False,False
2023-12-27 00:00:00+00:00,22.5103698692,22.6129657239,22.4300075809,22.4835824398,92805,,,,,,,,,,,,,,,,,,,21.031176765212773,20.772034333752725,,,,21.128428490897544,19.319082761270842,18.18864919916992,17.403280166946168,"rgba(38, 166, 154, 0.5)",0.0,0.0,1.3290013887559062,20.126906597471642,1.793424214522114,0.0,0.0,0.0,0.0,0.0,0.0,0.0,0.0,58.399603966488115,3.6048581306019116,False,False,True,False,True,12.07466809669635,1,1.0925912722623734,0.8810123350682667,False,False,False,False,0.3266679625819924,0.29612260457699624,False,False,False,False,4214134,3766738.301841217,False,False,False,False,113013.57330437622,False,False,False,False
2023-12-28 00:00:00+00:00,22.3407161494,22.617519587,22.2960704337,22.4032201515,110553,,,,,,,,,,,,,,,,,,,21.05532029540098,20.790987957824584,,,,21.151567929155817,19.336580478469152,18.206807050971744,17.421620520151084,"rgba(38, 166, 154, 0.5)",0.0,0.0,1.3426684087864051,20.145115457141806,1.6352516212418564,0.0,0.0,0.0,0.0,0.0,0.0,0.0,0.0,58.03779856238448,3.6048581306019116,False,False,True,False,True,10.809481336754022,1,1.0858630999625767,0.8715744542664208,False,False,False,False,0.3141317657126764,0.30512718514483633,False,False,False,False,4103581,3779947.8194160713,False,False,False,False,112917.08023361638,False,False,False,False
2023-12-29 00:00:00+00:00,22.0907001414,22.4657241535,22.0907001414,22.4121492946,76485,,,,,,,,,,,,,,,,,,,21.06912914268801,20.80224784187231,,,,21.164615205803575,19.347783382239175,18.218679035681923,17.433719992098823,"rgba(38, 166, 154, 0.5)",0.0,0.0,1.3515246937261898,20.155160793854282,1.432115414931401,0.0,0.0,0.0,0.0,0.0,0.0,0.0,0.0,55.72043758010433,3.6048581306019116,False,False,True,False,False,8.974678036709328,1,1.0728017318430616,0.8848139350288219,False,False,False,False,0.2800030587220339,0.2925651219334351,False,False,False,False,4027096,3789639.9049291667,False,False,False,False,111488.37120484712,False,False,False,False
2024-01-02 00:00:00+00:00,22.2692830043,22.3317870063,21.8496132765,21.9478338511,91675,,,,,,,,,,,,,,,,,,,21.08433263567546,20.814897179466374,,,,21.178889873005314,19.36079288080688,18.23258488371296,17.44794471660549,"rgba(38, 166, 154, 0.5)",0.0,0.0,1.363181415780584,20.1661692019235,1.5427981764057561,0.0,0.0,0.0,0.0,0.0,0.0,0.0,0.0,55.45819889312379,3.6048581306019116,False,True,True,False,False,9.987876393466141,1,1.0603721192795763,0.8913831052570835,False,False,False,False,0.2448382250326936,0.26870167348306434,False,False,False,False,4118771,3802547.0066966503,False,False,False,False,110711.37625563744,False,False,False,False
2024-01-03 00:00:00+00:00,22.3496452926,22.4657241535,21.9656921373,22.2692830043,100196,,,,,,,,,,,,,,,,,,,21.102134615636096,20.829571480005658,,,,21.195741839829406,19.375430059269313,18.248095255177432,17.463755599462317,"rgba(38, 166, 154, 0.5)",0.0,0.0,1.3754203589073482,20.179493195043626,1.577810073482097,0.0,0.0,0.0,0.0,0.0,0.0,0.0,0.0,55.84642036354287,3.6048581306019116,False,False,True,False,False,10.442775660049303,1,1.1046211830610293,0.8873551210746559,False,False,False,False,0.26821031646472865,0.2684559949738965,False,False,False,False,4218967,3818877.202512468,False,False,False,False,110299.00855933793,False,False,False,False
2024-01-04 00:00:00+00:00,22.5371572986,22.7693150204,22.2960704337,22.3228578632,106874,,,,,,,,,,,,,,,,,,,21.124889551664825,20.847832345507772,,,,21.21762447876658,19.392347317600095,18.2656284054498,17.481462410861322,"rgba(38, 166, 154, 0.5)",0.0,0.0,1.3901533554334093,20.197212940632767,1.683227500636221,0.0,0.0,0.0,0.0,0.0,0.0,0.0,0.0,57.37415085800672,3.6048581306019116,False,False,True,False,False,11.500666269881567,1,1.0986049377035862,0.8455559209100191,False,False,False,False,0.32884953216609525,0.29865276356999587,False,False,False,False,4325841,3838758.1357472735,False,False,False,False,110164.69449818743,False,False,False,False
2024-01-05 00:00:00+00:00,23.5015047583,23.7158041938,22.4523304388,22.5371572986,262030,,,,,,,,,,,,,,,,,,,21.203570928067236,20.90862473216702,,,,21.294919788352107,19.441997969094423,18.314856628511397,17.530205905086255,"rgba(38, 166, 154, 1.0)",0.0,0.0,1.4227278460407191,20.260557267187373,2.2779813441704935,0.0,0.0,0.0,0.0,0.0,0.0,0.0,0.0,62.76858778017103,8.118622457554892,True,False,True,False,True,16.528901120110106,1,1.1100953810963898,0.8090368107384434,False,False,False,False,0.3428282369782823,0.3207405002741391,False,False,False,False,4587871,3868135.110816008,False,False,False,False,116120.1966747291,False,False,False,False
2024-01-08 00:00:00+00:00,23.6265127624,24.1622613511,23.5015047583,24.0997573491,160019,,,,,,,,,,,,,,,,,,,21.26087726091225,20.95255635440357,,,,21.35168248051988,19.475933290817867,18.347698009927974,17.56235432497806,"rgba(38, 166, 154, 1.0)",0.0,0.0,1.4536762005727886,20.58691276664789,2.0909745888076197,0.0,0.0,0.0,0.0,0.0,0.0,0.0,0.0,66.76301223797003,11.735437922535198,True,False,True,False,True,17.13499594791085,0,1.1655143609207528,0.7791633203248803,False,False,False,False,0.34282823958862835,0.3317843699313837,False,False,False,False,4747890,3902635.3025487135,False,False,False,False,117841.71837375933,False,False,False,False
2024-01-09 00:00:00+00:00,22.9032521676,23.5671339604,22.836283594,23.4300716132,94633,,,,,,,,,,,,,,,,,,,21.284936489963314,20.971943284856465,,,,21.375168310708112,19.49269607016414,18.364585759906934,17.57920025747711,"rgba(38, 166, 154, 0.75)",0.0,0.0,1.4651393078495494,20.592851076810966,1.5769156409980665,0.0,0.0,0.0,0.0,0.0,0.0,0.0,0.0,63.86232243250498,11.735437922535198,True,False,True,False,False,11.821763315522517,0,1.135616801725901,0.8038767484305743,False,False,False,False,0.25193905693647495,0.2918617134339293,False,False,False,False,4653257,3932071.447546803,False,False,False,False,116931.57255518054,False,False,False,False
2024-01-10 00:00:00+00:00,22.8407481656,22.9389687402,22.6651119199,22.8228898793,89247,,,,,,,,,,,,,,,,,,,21.30356043657562,20.98748632539797,,,,21.39315779363893,19.507116467899927,18.37944368496373,17.594172305097587,"rgba(38, 166, 154, 0.75)",0.0,0.0,1.4740708831069078,20.59765767634929,1.521697847068885,0.0,0.0,0.0,0.0,0.0,0.0,0.0,0.0,61.52627095833476,17.216024347180394,True,False,True,False,False,11.382477871302136,0,1.129175630873963,0.8245580881443838,False,False,False,False,0.1827506017860166,0.23730615760997295,False,False,False,False,4564010,3956853.3515645755,False,False,False,False,115845.90304321267,False,False,False,False
2024-01-11 00:00:00+00:00,22.6532361595,22.8139607361,22.3317870063,22.8139607361,104911,,,,,,,,,,,,,,,,,,,21.32184457184331,21.003312137842943,,,,21.410621957151474,19.52281570112967,18.395941425281965,17.61094177726773,"rgba(38, 166, 154, 0.5)",0.0,0.0,1.4804984353169983,20.602625753211765,1.385081103344204,0.0,0.0,0.0,0.0,0.0,0.0,0.0,0.0,58.7524754902603,14.72219180857168,False,False,True,False,False,10.064937362027539,0,1.100962375875975,0.8447715264420655,False,False,False,False,0.12407608196881945,0.1806911197893962,False,False,False,False,4459099,3976549.2593463566,False,False,False,False,115417.08331602786,False,False,False,False
2024-01-12 00:00:00+00:00,22.6353778732,22.9420939403,22.5742132427,22.8853938813,63829,,,,,,,,,,,,,,,,,,,21.333719055143536,21.013487605140103,,,,21.422028473025943,19.53265153489394,18.406194828375504,17.621328792187356,"rgba(38, 166, 154, 0.5)",0.0,0.0,1.4821920101908643,20.608775793976996,1.3673006366847402,0.0,0.0,0.0,0.0,0.0,0.0,0.0,0.0,56.78481942917843,12.947100333644755,False,True,True,False,False,9.939036045140906,0,1.1017228725253534,0.8687421695959083,False,False,False,False,0.11747704504109657,0.1490840824152464,False,False,False,False,4395270,3992969.6805484607,False,False,False,False,113394.02122520325,False,False,False,False
2024-01-16 00:00:00+00:00,22.188920716,22.6443070164,22.1174875708,22.4746532966,241640,,,,,,,,,,,,,,,,,,,21.364404819790316,21.042139019241862,,,,21.450657147351322,19.56473244097623,18.441010730024157,17.657212197691763,#000000,0.0,0.0,1.4695995620861073,20.619023599042123,1.068248220439992,0.0,0.0,0.0,0.0,0.0,0.0,0.0,0.0,52.73932388190697,9.201280352796125,False,True,False,False,False,6.848702075477885,0,1.0579978953759153,0.9111370191641273,False,False,False,False,0.03197002593514937,0.09052705417519788,False,False,False,False,4153630,3999270.085232835,False,False,False,False,118423.27529480313,False,False,False,False
2024-01-17 00:00:00+00:00,21.8942589922,22.1398104287,21.7335344156,21.8674715627,85163,,,,,,,,,,,,,,,,,,,21.370477319733865,21.048907183664927,,,,21.45591829055447,19.574268463835665,18.45190035637638,17.668669189986932,"rgba(239, 83, 80, 1.0)",0.0,0.0,1.454389407292886,20.618845756757718,0.8769406797428904,0.0,0.0,0.0,0.0,0.0,0.0,0.0,0.0,48.53539696133422,5.376289916984483,False,True,False,True,False,4.891144296793222,0,1.0321449489686683,0.93073152685363,False,False,False,False,-0.06778996259386552,0.011368545790666179,False,False,False,False,4068467,4001983.689733508,False,False,False,False,117118.95077343831,False,False,False,False
2024-01-18 00:00:00+00:00,21.7960384176,22.0728418551,21.7195156608,21.8942589922,66811,,,,,,,,,,,,,,,,,,,21.374643967508547,21.053786345075206,,,,21.459446322165384,19.5815067840448,18.460249559351578,17.67748867860441,"rgba(239, 83, 80, 1.0)",0.0,0.0,1.428283952096531,20.61872785503429,0.8242832672295819,0.0,0.0,0.0,0.0,0.0,0.0,0.0,0.0,45.25396131465571,2.441432773178555,False,True,False,True,False,4.246477313956667,0,1.0156305353921626,0.944913555148719,False,False,False,False,-0.07633130314750988,-0.03248137867842185,False,False,False,False,4001656,4001970.839155724,False,False,False,False,115146.08995879367,False,False,False,False
2024-01-19 00:00:00+00:00,21.5817389821,21.8138967039,21.1084943954,21.8138967039,191687,,,,,,,,,,,,,,,,,,,21.37764832843635,21.061354636198764,,,,21.460464133067564,19.598772093947407,18.48145836131867,17.70042053018238,"rgba(239, 83, 80, 1.0)",0.0,0.0,1.392726918323048,20.761906620290716,0.5886526288990128,0.0,0.0,0.0,0.0,0.0,0.0,0.0,0.0,42.045974549620695,-0.45819423051210606,False,True,False,True,False,2.8479326168991683,0,0.997480378239779,0.9538198161196786,False,False,False,False,-0.16905140236293648,-0.10076639052067916,False,False,False,False,3809969,3994441.355267264,False,False,False,False,118147.6942741351,False,False,False,False
2024-01-22 00:00:00+00:00,21.9389047079,22.0996292845,21.6795130995,21.7067469861,116816,,,,,,,,,,,,,,,,,,,21.385172863860905,21.069969669772153,,,,21.46695897650919,19.611347791621913,18.495951212177065,17.71573446518087,"rgba(239, 83, 80, 1.0)",0.0,0.0,1.3360575595090227,20.77235583005885,0.873127710358405,0.0,0.0,0.0,0.0,0.0,0.0,0.0,0.0,42.62529294297862,-0.45819423051210606,False,True,False,True,False,4.950378621739215,0,1.0179745876404105,0.927133669249766,False,False,False,False,-0.10278971707778063,-0.1017780537992299,False,False,False,False,3926785,3991788.1648646262,False,False,False,False,118095.47096926704,False,False,False,False
2024-01-23 00:00:00+00:00,22.3496452926,22.3942910083,21.9852469608,22.0371252825,128312,,,,,,,,,,,,,,,,,,,21.398385772986284,21.082966363817217,,,,21.479189804007795,19.62700988542389,18.51328911663409,17.733770145745705,"rgba(239, 83, 80, 1.0)",0.0,0.0,1.2844113018965195,20.790165869845133,1.2141589072380419,0.0,0.0,0.0,0.0,0.0,0.0,0.0,0.0,45.5995090320091,-0.45819423051210606,False,True,False,True,False,7.2664486319166315,0,1.0212824145503023,0.9209401790512365,False,False,False,False,-0.055381322147744834,-0.07857968797348737,False,False,False,False,4055097,3994270.8642817,False,False,False,False,118496.11916655069,False,False,False,False
2024-01-24 00:00:00+00:00,22.2871412906,22.5371572986,22.1621332865,22.4121492946,96835,,,,,,,,,,,,,,,,,,,21.409076205203746,21.093296683721732,,,,21.489175825334073,19.63909034471509,18.526566279502454,17.747543553351534,"rgba(239, 83, 80, 0.75)",0.0,0.0,1.2459414669788276,20.802669333115592,1.1914459842836542,0.0,0.0,0.0,0.0,0.0,0.0,0.0,0.0,47.19405968196857,-0.45819423051210606,False,True,False,True,True,6.846245980986204,0,1.024647525919428,0.9235409721347642,False,False,False,False,-0.020034640099752653,-0.04930716403662001,False,False,False,False,3958262,3992858.7519569276,False,False,False,False,117646.66351296047,False,False,False,False
2024-01-25 00:00:00+00:00,22.1621332865,22.4567950103,22.0728418551,22.3585744357,91387,,,,,,,,,,,,,,,,,,,21.417888662540726,21.10212726556214,,,,21.497309551399635,19.649979761447423,18.538690485827104,17.760189477207078,"rgba(239, 83, 80, 0.75)",0.0,0.0,1.217230467122123,20.811310369726073,1.109751154986825,0.0,0.0,0.0,0.0,0.0,0.0,0.0,0.0,47.4617593179153,-0.45819423051210606,False,True,False,True,True,6.001871668731457,0,1.01851620166714,0.9263977192139442,False,False,False,False,-0.0442777117546192,-0.046792437895619605,False,False,False,False,3866875,3987918.212664499,False,False,False,False,116616.87278696202,False,False,False,False
2024-01-26 00:00:00+00:00,21.9299755648,22.2157081454,21.8585424196,22.2157081454,89583,,,,,,,,,,,,,,,,,,,21.423960724469264,21.108920249762956,,,,21.50267295297128,19.659625629122036,18.54976555951064,17.77188474016964,"rgba(239, 83, 80, 0.75)",0.0,0.0,1.193316857605595,20.81534831561391,0.9340580769323936,0.0,0.0,0.0,0.0,0.0,0.0,0.0,0.0,46.22894791586637,-0.45819423051210606,False,True,False,True,True,4.44861995269185,0,1.006353062776101,0.9365674597876765,False,False,False,False,-0.1590482766010945,-0.10292035724835705,False,False,False,False,3777292,3979658.36118746,False,False,False,False,115556.72091296352,False,False,False,False
2024-01-29 00:00:00+00:00,22.2424955748,22.251424718,21.5058412654,21.7781801313,104675,,,,,,,,,,,,,,,,,,,21.43087969062996,21.116715745659423,,,,21.50877883633357,19.670789651485403,18.562611485587162,17.785464065936903,"rgba(239, 83, 80, 0.75)",0.0,0.0,1.1699968347060485,20.82009102858919,1.2157336703976442,0.0,0.0,0.0,0.0,0.0,0.0,0.0,0.0,47.57272135659565,-0.45819423051210606,False,True,False,True,True,6.259249804326213,0,0.9876437183783838,0.9670322602563559,False,False,False,False,-0.2035560716164822,-0.15323821443241964,False,False,False,False,3881967,3975827.327415403,False,False,False,False,115129.98675951397,False,False,False,False
2024-01-30 00:00:00+00:00,22.5192990124,22.6264487301,22.2023144307,22.2157081454,112501,,,,,,,,,,,,,,,,,,,21.44386167955584,21.129130179218187,,,,21.5210303205912,19.68496269284052,18.578102918000646,17.801507772975274,#000000,0.0,0.0,1.155290210420176,20.83359924555138,1.4591136942427105,0.0,0.0,0.0,0.0,0.0,0.0,0.0,0.0,50.145965339087795,-6.58655101953957,False,True,False,False,True,7.817537548665722,0,1.006562737723011,0.9543409065900594,False,False,False,False,-0.05525839223258869,-0.10424830333250416,False,False,False,False,3994468,3976558.3341834266,False,False,False,False,115026.88923953303,False,False,False,False
2024-01-31 00:00:00+00:00,21.4745892644,22.5192990124,21.4388726918,22.5192990124,120862,,,,,,,,,,,,,,,,,,,21.448820212264565,21.135885934436594,,,,21.525030934151438,19.696549323766185,18.591886583392252,17.816270565831424,"rgba(239, 83, 80, 0.75)",0.0,0.0,1.1385014293841598,20.835167958055003,0.5616341708862614,0.0,0.0,0.0,0.0,0.0,0.0,0.0,0.0,46.40990946081773,-6.58655101953957,False,True,False,True,True,1.1678227216745398,0,0.9870601614081158,0.9469525502354436,False,False,False,False,-0.18800334984472158,-0.14612582658861287,False,False,False,False,3873606,3972520.987744861,False,False,False,False,115255.71711249252,False,False,False,False
2024-02-01 00:00:00+00:00,21.5281641232,21.7513927019,21.3049355446,21.6085264115,86474,,,,,,,,,,,,,,,,,,,21.449579750584583,21.138647434315743,,,,21.52506156849575,19.703663789427914,18.600816627360594,17.82602352622285,"rgba(239, 83, 80, 1.0)",0.0,0.0,1.1146202401630834,20.832912874726606,0.6237561668283266,0.0,0.0,0.0,0.0,0.0,0.0,0.0,0.0,44.25324539797846,-6.58655101953957,False,True,False,True,False,1.4767418242937502,0,0.9652954640054273,0.9976079817407129,False,False,False,False,-0.3220462001483326,-0.23408601336847273,False,False,False,False,3960080,3972033.1058725137,False,False,False,False,114127.02232376732,False,False,False,False
2024-02-02 00:00:00+00:00,21.1799275406,21.572809839,21.1352818248,21.4031561192,185529,,,,,,,,,,,,,,,,,,,21.446489106948828,21.140988740976645,,,,21.52035534796031,19.716824115883785,18.618288824400977,17.845475030013766,"rgba(239, 83, 80, 1.0)",0.0,0.0,1.0913403125209535,20.823445897040507,0.3266457212929627,0.0,0.0,0.0,0.0,0.0,0.0,0.0,0.0,41.41732201259645,-1.779430235326494,False,True,False,True,False,0.0,0,0.94395834189813,1.0354819522642214,False,False,False,False,-0.34282825441539394,-0.28845713389193334,False,False,False,False,3774551,3964288.709563788,False,False,False,False,116927.09987969801,False,False,False,False
2024-02-05 00:00:00+00:00,21.5281641232,21.6442429841,20.6798955244,21.1174235385,215387,,,,,,,,,,,,,,,,,,,21.442781742174716,21.143418780406755,,,,21.514851298008598,19.731718975004398,18.638201934949553,17.867708196340786,"rgba(239, 83, 80, 1.0)",0.0,0.0,1.0710712179629174,20.814780291743567,0.6660470559681604,0.0,0.0,0.0,0.0,0.0,0.0,0.0,0.0,41.744721824655834,-1.779430235326494,False,True,False,True,False,1.4385595110919205,0,0.9213112475654908,1.0306672177076917,False,False,False,False,-0.34282825441539394,-0.31564269415366364,False,False,False,False,3989938,3965294.5640906985,False,False,False,False,120788.27243343536,False,False,False,False
2024-02-06 00:00:00+00:00,21.0281321071,21.5013766938,20.9299115325,21.5013766938,99397,,,,,,,,,,,,,,,,,,,21.43976197213002,21.14349436382448,,,,21.51100384074665,19.737925760249265,18.646841585278015,17.8774821153244,"rgba(239, 83, 80, 1.0)",0.0,0.0,1.0543006743694825,20.80987273951515,0.20701814282285078,0.0,0.0,0.0,0.0,0.0,0.0,0.0,0.0,39.97622495675058,-3.4724052083833072,False,True,False,True,False,0.0,0,0.9289992742844676,1.0331625560942017,False,False,False,False,-0.3280370228828514,-0.3218398585182575,False,False,False,False,3890541,3962363.0517734163,False,False,False,False,119949.39900467319,False,False,False,False
2024-02-07 00:00:00+00:00,21.0192029639,21.3763686898,20.7602578127,21.1888566837,108483,,,,,,,,,,,,,,,,,,,21.43539866006598,21.14272402188811,,,,21.50573569687242,19.744158351514933,18.655825495479306,17.887755814900018,"rgba(239, 83, 80, 1.0)",0.0,0.0,1.0326347078963707,20.80369891421331,0.20869340148918986,0.0,0.0,0.0,0.0,0.0,0.0,0.0,0.0,38.76377971082597,-4.853097086188065,False,True,False,True,False,0.0,0,0.9234529599465238,1.0362366536268226,False,False,False,False,-0.34282825441539394,-0.33233405646682573,False,False,False,False,3782058,3955292.265429361,False,False,False,False,119499.73629860759,False,False,False,False
2024-02-08 00:00:00+00:00,20.9745572482,21.0192029639,20.7557932412,20.9031241031,64239,,,,,,,,,,,,,,,,,,,21.43196459663396,21.141602513536448,,,,21.501758663450584,19.747441929389865,18.660814925798448,17.89354913590762,"rgba(239, 83, 80, 1.0)",0.0,0.0,1.0049907416587662,20.799256847449477,0.1744298663499966,0.0,0.0,0.0,0.0,0.0,0.0,0.0,0.0,37.774766111858455,-6.053839801908005,False,True,False,True,False,0.0,0,0.9348312650301948,1.0585303389166922,False,False,False,False,-0.34282825441539394,-0.33758115544110984,False,False,False,False,3717819,3945979.5883536995,False,False,False,False,117332.64860062298,False,False,False,False
2024-02-09 00:00:00+00:00,21.269218972,21.2960064015,20.8138326716,20.9834863914,96435,,,,,,,,,,,,,,,,,,,21.42895815094457,21.141489851242884,,,,21.497992995214418,19.753215392568332,18.668956728130883,17.902805329141707,"rgba(239, 83, 80, 1.0)",0.0,0.0,0.9646190680682469,20.79538537091188,0.4912131812167296,0.0,0.0,0.0,0.0,0.0,0.0,0.0,0.0,39.206922827152965,-6.053839801908005,False,True,False,True,False,0.00860881453905904,0,0.946192624226379,1.0287650635182084,False,False,False,False,-0.30126689947596913,-0.3194240274585395,False,False,False,False,3814254,3940813.8790064957,False,False,False,False,116513.132969226,False,False,False,False
2024-02-12 00:00:00+00:00,21.4656601212,21.5817389821,21.2513606857,21.2513606857,96639,,,,,,,,,,,,,,,,,,,21.42899682597026,21.143631568995783,,,,21.497345381433554,19.760233701257008,18.678073143182555,17.912905188434515,"rgba(239, 83, 80, 0.75)",0.0,0.0,0.9166228293549927,20.795264185967014,0.7313759964987215,0.0,0.0,0.0,0.0,0.0,0.0,0.0,0.0,41.45302074276631,-6.053839801908005,False,True,False,True,True,1.1652041340961077,0,0.9610632653773764,1.0131872524378156,False,False,False,False,-0.21464702525860224,-0.26703552635857086,False,False,False,False,3910893,3939640.5112023195,False,False,False,False,115733.75520572695,False,False,False,False
2024-02-13 00:00:00+00:00,20.653108095,21.2870772583,20.4745252321,21.2870772583,114394,,,,,,,,,,,,,,,,,,,21.421867458683476,21.140710322790856,,,20.804903528466664,21.489283013444744,19.765375164476428,18.68634462264174,17.922666474378257,"rgba(239, 83, 80, 0.75)",0.0,0.0,0.8565582923551001,20.883265974785605,-0.2687007782655251,1.0,21.287077,20.474525,0.0,0.0,0.0,0.0,0.0,39.37750592011888,-6.053839801908005,False,True,False,True,True,0.0,0,0.9306007642216982,1.010384234357101,True,False,False,False,-0.34282825441539394,-0.30493189038698243,False,False,False,False,3796499,3934027.11860615,False,False,False,False,115681.21578589453,False,False,False,False
2024-02-14 00:00:00+00:00,20.6441789518,20.8763366736,20.6173915224,20.8227618148,51206,,,,,,,,,,,,,,,,,,,21.418259245983233,21.13906412978553,,,20.77637293904286,21.48525618505053,19.767457443945634,18.689866014734996,17.926875391268254,"rgba(239, 83, 80, 1.0)",0.0,0.0,0.8014487570642201,20.87772386354536,-0.2914034237208812,0.0,0.0,0.0,0.0,0.0,0.0,0.0,0.0,37.96080917267773,-6.346721454974642,False,True,False,True,False,0.0,0,0.9377237243413531,1.0328421082716295,False,False,False,False,-0.34282825441539394,-0.3238800724011882,False,False,False,False,3745293,3926625.780621595,True,False,False,False,113152.77595115357,True,False,False,False
2024-02-15 00:00:00+00:00,21.3049355446,21.3852978329,20.6709663813,20.7423995264,91848,,,,,,,,,,,,,,,,,,,21.41556573422872,21.138936269884077,,,20.899109142510014,21.481894247620524,19.77277104232964,18.69741887444567,17.935493588937742,"rgba(239, 83, 80, 0.75)",0.0,0.0,0.7341684471737766,20.88081285185438,0.5776912565206311,0.0,0.0,0.0,0.0,0.0,0.0,0.0,0.0,41.044234784588134,-6.346721454974642,False,True,False,True,True,0.3230163953104963,0,0.9294105614297102,1.0161705009106055,False,False,False,False,-0.27667651747286864,-0.3002782949370284,False,False,False,False,3837141,3923116.5735383956,False,False,False,False,112317.2945413044,False,False,False,False
2024-02-16 00:00:00+00:00,21.0281321071,21.4210144055,20.9656281051,21.3049355446,84437,,,,,,,,,,,,,,,,,,,21.41327941457699,21.138932026307927,,,20.95817294895212,21.479007783030273,19.77768345555881,18.704371888613245,17.94341966435779,"rgba(239, 83, 80, 0.75)",0.0,0.0,0.6855247651663146,20.881304647044704,0.2141825759127368,0.0,0.0,0.0,0.0,0.0,0.0,0.0,0.0,41.85585423547988,-6.346721454974642,False,True,False,True,True,0.0,0,0.9524198057903766,1.0034641504319044,False,False,False,False,-0.2389315019614123,-0.26960489844922036,False,False,False,False,3752704,3916433.727517282,False,False,False,False,111223.94965733169,False,False,False,False
2024-02-20 00:00:00+00:00,21.4656601212,21.4745892644,20.8227618148,20.8227618148,80018,,,,,,,,,,,,,,,,,,,21.412047190306055,21.139612439734474,,,21.014343349214627,21.47723348928342,19.78270067028434,18.711237073784126,17.95116640629082,"rgba(239, 83, 80, 0.75)",0.0,0.0,0.6584389735139242,20.882891709193,0.8850758163614003,0.0,0.0,0.0,0.0,0.0,0.0,0.0,0.0,44.673508847264486,-11.01779128168782,False,True,False,True,True,1.222109769350709,0,0.9488032868903511,1.0054979859299176,False,False,False,False,-0.24906296047808738,-0.25933392946365386,False,False,False,False,3832722,3913150.914673467,False,False,False,False,110000.18692567162,False,False,False,False
2024-02-21 00:00:00+00:00,21.5549515527,21.6263846978,21.4165498339,21.4656601212,110596,,,,,,,,,,,,,,,,,,,21.413325551995424,21.14278920883995,,,21.12198728109123,21.47783160916823,19.790880066780343,18.721696793756802,17.96271105351731,#000000,0.0,0.0,0.6490289111813199,20.889889992669076,1.0247025187528596,0.0,0.0,0.0,0.0,0.0,0.0,0.0,0.0,46.989391724477684,-8.758298229357678,False,True,False,False,True,1.712583059851113,0,0.9734061777306813,0.9883189293661739,False,False,False,False,-0.16578601378333468,-0.21255997162349427,False,False,False,False,3943318,3914333.937627449,False,False,False,False,110023.55214427273,False,False,False,False
2024-02-22 00:00:00+00:00,21.9389047079,22.0907001414,21.5103058369,21.5103058369,143175,,,,,,,,,,,,,,,,,,,21.41919207635281,21.150078087119798,,,21.275540190524858,21.482915690114638,19.80324468129262,18.73662290931409,17.97885131054569,#000000,0.0,0.0,0.6306930695030846,20.90419856771737,1.6405858732487169,0.0,0.0,0.0,0.0,0.0,0.0,0.0,0.0,50.324088581264306,-5.580994323643296,False,False,False,False,True,3.7897621691228913,0,0.9684217080374665,0.9774154159018287,False,False,False,False,-0.10497142982517697,-0.15876570072433563,False,False,False,False,4086493,3921085.273406765,False,False,False,False,111323.6089229287,False,False,False,False
2024-02-23 00:00:00+00:00,24.3587025003,25.3051916737,23.5461504741,24.0818990628,455762,,,,,,,,,,,,,,,,,,,21.54248790753308,21.253899624258583,,,22.53547538908827,21.6056827950994,19.889664018295438,18.821492985364955,18.062728171168697,"rgba(38, 166, 154, 1.0)",0.0,0.0,0.6847648443213376,21.09479501199499,4.766464743878364,0.0,0.0,0.0,0.0,1.0,23.6443710487,22.0907001414,0.0,58.782836327395515,2.22758719720202,True,False,True,False,True,14.768298055870943,0,0.9881120552830882,0.9191874346042145,False,False,False,False,0.34282823428230197,0.09203126677898317,False,False,False,False,4542255,3945444.8705280684,False,False,False,False,124830.99680830404,False,False,False,False
2024-02-26 00:00:00+00:00,24.465852218,24.8765928027,23.6443710487,24.5372853632,455288,,,,,,,,,,,,,,,,,,,21.652936797988783,21.348902543915443,,,23.050084306111295,21.715433252165415,19.971440538580207,18.90267713494222,18.14340123946696,"rgba(38, 166, 154, 1.0)",0.0,0.0,0.7330388581316258,21.23002532797826,4.4142637926033474,0.0,0.0,0.0,0.0,0.0,0.0,0.0,0.0,64.59005392019832,7.2814559211058665,True,False,True,False,True,15.184973749034121,0,0.9869957433468844,0.9359279764208582,False,False,False,False,0.30991971876601626,0.2009754927724997,False,False,False,False,4997543,3986703.6207034383,False,False,False,False,137790.09497268428,False,False,False,False
2024-02-27 00:00:00+00:00,24.5551436495,24.831947087,24.2336944962,24.5194270769,149750,,,,,,,,,,,,,,,,,,,21.69009552240192,21.381005995409186,,,23.17859418956407,21.7523881151423,19.9989560742324,18.92987871682266,18.170374655770424,"rgba(38, 166, 154, 1.0)",0.0,0.0,0.7783683078247765,21.272563800268607,4.21725784083485,0.0,0.0,0.0,0.0,0.0,0.0,0.0,0.0,68.60956882548814,10.645868925305393,True,False,True,False,True,15.534780940227176,0,1.003209556139962,0.9498667929277662,False,False,False,False,0.34282823485210645,0.2719018638123031,False,False,False,False,5147293,4032216.9296954605,False,False,False,False,138259.11085610843,False,False,False,False
2024-02-28 00:00:00+00:00,24.7247973692,24.769443085,24.3944190729,24.5551436495,105176,,,,,,,,,,,,,,,,,,,21.716426940995756,21.403796683472144,,,23.261457959729864,21.778583329347732,20.018460245534808,18.949128759302972,18.189447343496703,"rgba(38, 166, 154, 1.0)",0.0,0.0,0.8259819393733532,21.302119174396974,4.143768806131168,0.0,0.0,0.0,0.0,0.0,0.0,0.0,0.0,71.58146857411597,13.13639237190661,True,False,True,False,True,16.20145345597703,0,1.001429043871687,0.9659305017396201,False,False,False,False,0.3428282351026259,0.30736504945746446,False,False,False,False,5252469,4080069.9520603446,False,False,False,False,136961.73395979044,False,False,False,False
2024-02-29 00:00:00+00:00,24.9748133773,25.0462465225,24.6533642241,24.9123093753,116373,,,,,,,,,,,,,,,,,,,21.74758780876637,21.43066138455671,,,23.358336259444705,21.809629184207434,20.04106524441815,18.9712523309587,18.211272621856835,"rgba(38, 166, 154, 1.0)",0.0,0.0,0.8802631239548332,21.3368957185444,4.132761625195902,0.0,0.0,0.0,0.0,0.0,0.0,0.0,0.0,73.99250488594457,15.246805342514591,True,False,True,False,True,17.176294491060258,0,1.0284156925450398,0.9364517325602013,False,False,False,False,0.3428282363635248,0.3250966429104946,False,False,False,False,5368842,4130610.0323717035,False,False,False,False,136154.33262803394,False,False,False,False
2024-03-01 00:00:00+00:00,24.6890807967,25.2801637623,24.5981449558,25.0255434079,102363,,,,,,,,,,,,,,,,,,,21.77419059675647,21.453711945939396,,,23.43273228189339,21.836119729023682,20.060631203809518,18.990460280116228,18.230251301335855,"rgba(38, 166, 154, 1.0)",0.0,0.0,0.920046099347117,21.366020089309846,3.611841525928174,0.0,0.0,0.0,0.0,0.0,0.0,0.0,0.0,73.83264599523594,15.246805342514591,True,False,True,False,True,15.427915408866,0,1.026831611855897,0.9168047402960029,False,False,False,False,0.3428282367482585,0.33396243982937657,False,False,False,False,5266479,4175153.913455166,False,False,False,False,134829.18232889535,False,False,False,False
2024-03-04 00:00:00+00:00,24.7982038057,25.0801049124,24.7436423012,24.7436423012,77530,,,,,,,,,,,,,,,,,,,21.79415563877463,21.47105729840205,,,23.484998236383767,21.855998112831305,20.07540080857133,19.004970034715793,18.244593063356973,"rgba(38, 166, 154, 1.0)",0.0,0.0,0.9586026338159165,21.38761936848432,3.5578709226357335,0.0,0.0,0.0,0.0,0.0,0.0,0.0,0.0,73.96871427327727,15.489358996808988,True,False,True,False,True,15.865025930888873,0,1.0249419264663375,0.9233460524291021,False,False,False,False,0.3380161258758215,0.33598928285259905,False,False,False,False,5344009,4220991.367829474,False,False,False,False,132582.15557089946,False,False,False,False
2024-03-05 00:00:00+00:00,25.3347252668,25.3892867714,24.7709230534,24.7891102216,152712,,,,,,,,,,,,,,,,,,,21.83638376487649,21.50759126508864,,,23.596999454053403,21.898104549790315,20.105977419702004,19.034748528102096,18.273893988354416,"rgba(38, 166, 154, 1.0)",0.0,0.0,1.0222637048070256,21.433230507037884,3.816524778700431,0.0,0.0,0.0,0.0,0.0,0.0,0.0,0.0,75.17050242457661,16.99701908202678,True,False,True,False,True,17.964630050597176,0,1.0293205841762947,0.9169798924430373,False,False,False,False,0.3428282373229306,0.3394087600877648,False,False,False,False,5496721,4271019.980855769,False,False,False,False,133371.56123478577,False,False,False,False
2024-03-06 00:00:00+00:00,25.352912435,25.4620354441,24.6345192921,25.4620354441,162280,,,,,,,,,,,,,,,,,,,21.879914227843948,21.545472833752125,,,23.69973143833913,21.94148816664474,20.137973546692216,19.066001382178534,18.304692136695838,"rgba(38, 166, 154, 1.0)",0.0,0.0,1.0782877893693579,21.479335738789977,3.592340314338071,0.0,0.0,0.0,0.0,0.0,0.0,0.0,0.0,76.00759025112558,18.20380185887754,True,False,True,False,True,18.03459107078635,0,1.0271639416776783,0.9150940563702289,False,False,False,False,0.3373978214531888,0.3384032907704768,False,False,False,False,5659001,4325450.609057503,False,False,False,False,134505.22550008827,False,False,False,False
2024-03-07 00:00:00+00:00,25.6439071258,25.7348429667,25.3347252668,25.4620354441,167728,,,,,,,,,,,,,,,,,,,21.929364680780438,21.588287957942832,,,23.819507977443305,21.990859265287583,20.173364523724285,19.10018344507632,18.338177203471407,"rgba(38, 166, 154, 1.0)",0.0,0.0,1.140624956293445,21.531666818344362,3.6052519145457773,0.0,0.0,0.0,0.0,0.0,0.0,0.0,0.0,77.1453843834629,19.720284317680992,True,False,True,False,True,19.153012623809595,0,1.0409968927460644,0.9124458295628999,False,False,False,False,0.3428282389460963,0.3406157648582866,False,False,False,False,5826729,4384324.271447404,False,False,False,False,135808.0794020456,False,False,False,False
2024-03-08 00:00:00+00:00,25.8530595598,26.2258965074,25.771217303,25.771217303,117284,,,,,,,,,,,,,,,,,,,21.966679576973377,21.62048644409686,,,23.910774122627867,22.028161506028145,20.199557022562644,19.12525974681017,18.36262591128739,"rgba(38, 166, 154, 1.0)",0.0,0.0,1.2077655627138768,21.571071017095097,3.5453805563748446,0.0,0.0,0.0,0.0,0.0,0.0,0.0,0.0,78.30202087656059,21.249765220449305,True,False,True,False,True,19.945763686856292,0,1.0461794150121464,0.9030221583807978,False,False,False,False,0.34282824031217746,0.341722002585232,False,False,False,False,5944013,4445488.535312212,False,False,False,False,135081.64491569088,False,False,False,False
2024-03-11 00:00:00+00:00,26.080399162,26.1713350029,25.6984686303,25.8166852235,137946,,,,,,,,,,,,,,,,,,,22.010051473983363,21.658041229210113,,,24.010191333933562,22.071511057116076,20.230238383005887,19.15466274969807,18.39130701488446,"rgba(38, 166, 154, 1.0)",0.0,0.0,1.278765832154642,21.61636198831041,3.490894940606883,0.0,0.0,0.0,0.0,0.0,0.0,0.0,0.0,79.49239050546645,22.795753099665134,True,False,True,False,True,20.0,0,1.0318736247585654,0.9053009899523164,False,False,False,False,0.3338771039113698,0.3377995532483009,False,False,False,False,6081959,4509663.84765291,False,False,False,False,135193.97256605595,False,False,False,False
2024-03-12 00:00:00+00:00,26.0076504893,26.1076799142,25.8075916394,26.080399162,112207,,,,,,,,,,,,,,,,,,,22.044566756670225,21.688052021250677,,,24.08394708406055,22.105997147217074,20.254916875991412,19.178362618536273,18.414450094636777,"rgba(38, 166, 154, 1.0)",0.0,0.0,1.342057628747621,21.65200583442894,3.2454974820534743,0.0,0.0,0.0,0.0,0.0,0.0,0.0,0.0,79.67654618003067,23.397537292003193,True,False,True,False,True,20.0,0,1.0399067255667327,0.9074823200715768,False,False,False,False,0.3370679516896209,0.3374337524689609,False,False,False,False,5969752,4566922.206568482,False,False,False,False,134292.52266150474,False,False,False,False
2024-03-13 00:00:00+00:00,25.9167146484,26.0985863302,25.7439365508,26.0985863302,141893,,,,,,,,,,,,,,,,,,,22.086768176724988,21.724934718625196,,,24.16717066965896,22.14814110013291,20.2855276051694,19.20785907472152,18.44330475801626,"rgba(38, 166, 154, 1.0)",0.0,0.0,1.3978717511715806,21.69508604556675,3.020039999588681,0.0,0.0,0.0,0.0,0.0,0.0,0.0,0.0,79.00447578831417,23.397537292003193,True,False,True,False,True,19.70835683223998,0,1.044607261329258,0.9027138938844768,False,False,False,False,0.33196574154067776,0.3346997470048193,False,False,False,False,5827859,4616370.708271679,False,False,False,False,134590.5805963477,False,False,False,False
2024-03-14 00:00:00+00:00,25.6802814622,25.9439954007,25.4802226122,25.9439954007,112890,,,,,,,,,,,,,,,,,,,22.117818007149058,21.75231953922729,,,24.22058359281997,22.1791092463507,20.308711943888852,19.230385609635363,18.46543799697369,"rgba(38, 166, 154, 0.75)",0.0,0.0,1.4431687137461877,21.726267561472103,2.739814037725388,0.0,0.0,0.0,0.0,0.0,0.0,0.0,0.0,76.52405929354134,23.397537292003193,True,False,True,False,False,18.131410651453002,0,1.0438876613828085,0.9033363878705261,False,False,False,False,0.3029402162727457,0.3188199816387825,False,False,False,False,5714969,4659452.994221809,False,False,False,False,133739.5774357066,False,False,False,False
2024-03-15 00:00:00+00:00,25.6711878781,25.8894338962,25.4893161963,25.562064869,241349,,,,,,,,,,,,,,,,,,,22.182114879242928,21.80935522630905,,,24.321906045683278,22.24320629843047,20.357453344610594,19.27789110832074,18.51218928300448,"rgba(38, 166, 154, 0.75)",0.0,0.0,1.4851625165978264,21.790144193607656,2.6132114439455036,0.0,0.0,0.0,0.0,0.0,0.0,0.0,0.0,74.7914764088209,23.397537292003193,True,False,True,False,False,18.07059132304737,0,1.0404906830349014,0.9092575959542595,False,False,False,False,0.29981569637943756,0.30931783900911003,False,False,False,False,5473620,4691381.112095464,False,False,False,False,137959.5547911691,False,False,False,False
2024-03-18 00:00:00+00:00,25.8439659757,25.9439954007,25.6075327895,25.6893750462,61431,,,,,,,,,,,,,,,,,,,22.198638215082877,21.824033167390997,,,24.347489191765607,22.25968218508931,20.369984030564787,19.29008673717347,18.524182024485015,"rgba(38, 166, 154, 0.75)",0.0,0.0,1.5272801642934817,21.806501393253036,2.643565127629804,0.0,0.0,0.0,0.0,0.0,0.0,0.0,0.0,74.25494598731292,23.397537292003193,True,False,True,False,False,18.78237084607652,0,1.0336184981547558,0.917127370147264,False,False,False,False,0.3117197150163098,0.3105187770127099,False,False,False,False,5535051,4724466.205738779,False,False,False,False,134958.43499543695,False,False,False,False
2024-03-19 00:00:00+00:00,26.0894927461,26.1804285869,25.728386522,25.7803108871,69860,,,,,,,,,,,,,,,,,,,22.218284856486523,21.841431654429798,,,24.379408740465617,22.279287544644433,20.384688986805646,19.304326895850092,18.538147820943575,"rgba(38, 166, 154, 0.75)",0.0,0.0,1.5734545133133087,21.82601991232631,2.7096257296919655,0.0,0.0,0.0,0.0,0.0,0.0,0.0,0.0,74.71847098583362,23.397537292003193,True,False,True,False,False,19.783435860476803,0,1.0333406957931488,0.9390999073327372,False,False,False,False,0.3366144494784263,0.3235666132455681,False,False,False,False,5604911,4758993.452572553,False,False,False,False,132405.55519169432,False,False,False,False
2024-03-20 00:00:00+00:00,26.607827039,26.8260730571,25.9912820379,26.0258376575,150332,,,,,,,,,,,,,,,,,,,22.26511365847483,21.882611087434316,,,24.463067248524002,22.326092812174537,20.41873214979912,19.33692871695714,18.569929125188093,"rgba(38, 166, 154, 0.75)",0.0,0.0,1.6300778856268816,21.87290637188483,2.9047205099002085,0.0,0.0,0.0,0.0,0.0,0.0,0.0,0.0,76.45483830147548,23.397537292003193,True,False,True,False,False,20.0,0,1.0064259012930379,0.9326916966448469,False,False,False,False,0.3428282413337618,0.33319742728966495,False,False,False,False,5755243,4798062.06227559,False,False,False,False,133108.55302731416,False,False,False,False
2024-03-21 00:00:00+00:00,26.5623591186,26.9989420906,26.5532655345,26.7169500481,216481,,,,,,,,,,,,,,,,,,,22.33434971479791,21.943544292868417,,,24.584932372514444,22.39532076272115,20.468926589985543,19.38485324321915,18.616567676704907,"rgba(38, 166, 154, 1.0)",0.0,0.0,1.6836752666042016,21.94196338685956,2.744232111373412,0.0,0.0,0.0,0.0,0.0,0.0,0.0,0.0,77.16795908444192,23.397537292003193,True,False,True,False,True,20.0,0,1.0507378336515707,0.9075303623634119,False,False,False,False,0.34282824213096597,0.33801283471031546,False,False,False,False,5538762,4827109.11865694,False,False,False,False,136378.06075173322,False,False,False,False
2024-03-22 00:00:00+00:00,26.7806051367,27.0261319071,26.5077976141,26.6805757117,94987,,,,,,,,,,,,,,,,,,,22.36450494750196,21.970164552045055,,,24.635872161183688,22.425469447673724,20.490931361412837,19.405874912473234,18.6370305050169,"rgba(38, 166, 154, 1.0)",0.0,0.0,1.739335531537397,21.971865024873697,2.7646995215327212,0.0,0.0,0.0,0.0,0.0,0.0,0.0,0.0,78.22098621259771,23.81791501196166,True,False,True,False,True,20.0,0,1.0546008689421518,0.8859563124693068,False,False,False,False,0.34170597720860263,0.33985940595945907,False,False,False,False,5633749,4858742.055180197,False,False,False,False,134754.88189872407,False,False,False,False
2024-03-25 00:00:00+00:00,27.1716292524,27.3540465492,26.8351666412,26.8351666412,63450,,,,,,,,,,,,,,,,,,,22.38599706242113,21.989063421833396,,,24.673941564387388,22.44697564973398,20.506356349540926,19.4205123249461,18.65122588716483,"rgba(38, 166, 154, 1.0)",0.0,0.0,1.800961885573424,21.99325726061731,2.8753368037735587,0.0,0.0,0.0,0.0,0.0,0.0,0.0,0.0,79.82527857266794,25.5331983153569,True,False,True,False,True,20.0,0,1.076013652344622,0.8698527097695797,False,False,False,False,0.3428282427473464,0.3413438243534027,False,False,False,False,5697199,4891622.719682934,False,False,False,False,131958.61202034273,False,False,False,False
2024-03-26 00:00:00+00:00,26.6532949595,27.335313766,26.4077681891,27.335313766,124105,,,,,,,,,,,,,,,,,,,22.424661102598957,22.023339490975033,,,24.735773642728972,22.485621236914042,20.53486379949101,19.4477936725757,18.67780565943392,"rgba(38, 166, 154, 0.75)",0.0,0.0,1.841562417387548,22.031329162916602,2.5098067559068378,0.0,0.0,0.0,0.0,0.0,0.0,0.0,0.0,76.26977070142938,25.5331983153569,True,False,True,False,False,20.0,0,1.0522310556460028,0.8771876270000345,False,False,False,False,0.31701675707489163,0.3291802907141472,False,False,False,False,5573094,4918347.083616937,False,False,False,False,131650.62723523125,False,False,False,False
2024-03-27 00:00:00+00:00,26.6896692958,26.9261024821,26.5168911982,26.707856464,79393,,,,,,,,,,,,,,,,,,,22.44855208617154,22.044612732477606,,,24.771869733802582,22.50948924200025,20.55271159583551,19.46493321492902,18.694535548645543,"rgba(38, 166, 154, 0.75)",0.0,0.0,1.8813686108182195,22.05471354316303,2.4636085273162927,0.0,0.0,0.0,0.0,0.0,0.0,0.0,0.0,74.03035134567288,28.556476809430904,True,False,True,False,False,20.0,0,1.0714024494198042,0.8804381189578641,False,False,False,False,0.2998838186747427,0.3145320546944449,False,False,False,False,5652487,4947136.88425941,False,False,False,False,129601.30852012415,False,False,False,False
2024-03-28 00:00:00+00:00,26.9351960662,27.0897869957,26.6714821277,26.6714821277,214582,,,,,,,,,,,,,,,,,,,22.51460050768584,22.103432441507852,,,24.871984459220798,22.575496397387138,20.601894636814183,19.51204651404388,18.740457993892957,"rgba(38, 166, 154, 0.75)",0.0,0.0,1.9250855201869654,22.119300242002403,2.5016529259073508,0.0,0.0,0.0,0.0,0.0,0.0,0.0,0.0,73.41419534807189,27.959034756672423,True,False,True,False,False,20.0,0,1.0912121786968876,0.859514167215455,False,False,False,False,0.318060836030628,0.3162964453625364,False,False,False,False,5867069,4983212.65350414,False,False,False,False,132933.88465658986,False,False,False,False
2024-04-01 00:00:00+00:00,27.1443485002,27.6626827932,26.8383493957,27.0715998275,118446,,,,,,,,,,,,,,,,,,,22.55279549475797,22.137395068210065,,,24.931321579044102,22.61369196189062,20.630065148435946,19.53890010569088,18.766561226792717,"rgba(38, 166, 154, 0.75)",0.0,0.0,1.9721843795871536,22.156680403758095,2.5290069975536444,0.0,0.0,0.0,0.0,0.0,0.0,0.0,0.0,73.69782437960592,27.959034756672423,True,False,True,False,False,20.0,0,1.095768711482038,0.8405613395646491,False,False,False,False,0.3428282430270601,0.32956234419479824,False,False,False,False,5985515,5022518.627876527,False,False,False,False,132365.73231711576,False,False,False,False
2024-04-02 00:00:00+00:00,27.0261319071,27.3807816865,26.9624768184,27.0897869957,100073,,,,,,,,,,,,,,,,,,,22.58395804851104,22.165226209268234,,,24.977234289525274,22.644840540492517,20.653349654243986,19.56117259226855,18.7882516164232,"rgba(38, 166, 154, 0.75)",0.0,0.0,2.013437363912427,22.187014598520996,2.4034109008366844,0.0,0.0,0.0,0.0,0.0,0.0,0.0,0.0,72.7855977904639,27.130853889914434,True,False,True,False,False,20.0,0,1.1212050009181618,0.8398002798445262,False,False,False,False,0.33387066228214773,0.331716503238473,False,False,False,False,5885442,5056358.760116663,False,False,False,False,131099.35065762102,False,False,False,False
2024-04-03 00:00:00+00:00,27.126161332,27.3535009342,26.8624473935,26.8624473935,222530,,,,,,,,,,,,,,,,,,,22.651617280130775,22.225902161591698,,,25.07233718864634,22.712448348302317,20.70446110261761,19.610174579715316,18.836030581517665,"rgba(38, 166, 154, 0.75)",0.0,0.0,2.0574338850863185,22.252555023049332,2.368779062247338,0.0,0.0,0.0,0.0,0.0,0.0,0.0,0.0,72.56232762216833,26.729120428936824,True,False,True,False,False,20.0,0,1.1021761719284564,0.8533699396535089,False,False,False,False,0.3266801854040622,0.3291983443212676,False,False,False,False,6107972,5097598.495014049,False,False,False,False,134684.86631810648,False,False,False,False
2024-04-04 00:00:00+00:00,27.0534126593,27.5171854478,26.8897281457,27.335313766,81774,,,,,,,,,,,,,,,,,,,22.676190355906172,22.248003587814203,,,25.10582637133772,22.73699921016772,20.72315485732574,19.628115885005702,18.853533542753205,"rgba(38, 166, 154, 0.75)",0.0,0.0,2.0954439058844656,22.276280502065738,2.279770956320534,0.0,0.0,0.0,0.0,0.0,0.0,0.0,0.0,71.67239651227177,25.673673158092228,True,False,True,False,False,20.0,0,1.0938883803380692,0.8600929882083164,False,False,False,False,0.3374783835436579,0.33333836393246274,False,False,False,False,6026198,5134014.161876243,False,False,False,False,132609.9303840631,False,False,False,False
2024-04-05 00:00:00+00:00,27.2989394297,27.3080330138,26.7896987208,26.9988511548,71848,,,,,,,,,,,,,,,,,,,22.697459056137095,22.267175997237768,,,25.134077595081454,22.758244503847244,20.73943638465035,19.643764878704506,18.868812093839328,"rgba(38, 166, 154, 0.75)",0.0,0.0,2.1323886504621057,22.29676774145683,2.345806749233616,0.0,0.0,0.0,0.0,0.0,0.0,0.0,0.0,72.1097714544278,25.673673158092228,True,False,True,False,False,20.0,0,1.0842960160621131,0.8723842321638413,False,False,False,False,0.3200324183905539,0.3266853911615083,False,False,False,False,6098046,5171819.331998743,False,False,False,False,130227.10958468808,False,False,False,False
2024-04-08 00:00:00+00:00,27.4535303591,27.6510430055,27.2080035888,27.2989394297,62628,,,,,,,,,,,,,,,,,,,22.717098431989168,22.284806787229268,,,25.16173420700207,22.777877593513338,20.754235793256075,19.657906511138314,18.88257442291735,"rgba(38, 166, 154, 0.75)",0.0,0.0,2.1695663139392876,22.315764187879232,2.3681074591779185,0.0,0.0,0.0,0.0,0.0,0.0,0.0,0.0,72.99934113990366,25.673673158092228,True,False,True,False,False,20.0,0,1.100867507514243,0.8586740409762246,False,False,False,False,0.3428282433321173,0.33475681724681283,False,False,False,False,6160674,5210597.946430165,False,False,False,False,127576.16411077874,False,False,False,False
2024-04-09 00:00:00+00:00,27.4989982796,27.8718352272,27.3080330138,27.5626533682,79409,,,,,,,,,,,,,,,,,,,22.74240542876115,22.307515190928154,,,25.197691654453884,22.80318180163584,20.77324799506281,19.676043994901462,18.90020903689488,"rgba(38, 166, 154, 1.0)",0.0,0.0,2.2062573378603467,22.34025073186548,2.3382347377199113,0.0,0.0,0.0,0.0,0.0,0.0,0.0,0.0,73.76920789261985,25.673673158092228,True,False,True,False,True,20.0,0,1.110478410845003,0.84450502525373,False,False,False,False,0.34282824359192426,0.3387925304193685,False,False,False,False,6240083,5250969.909315257,False,False,False,False,125687.25571427762,False,False,False,False
2024-04-10 00:00:00+00:00,26.9261024821,27.1989100047,26.8260730571,27.1534420843,103419,,,,,,,,,,,,,,,,,,26.9836951813,22.771077004097688,22.333587109759012,,,25.23190323191027,22.831796143921295,20.795762159786463,19.697824487874836,18.921548097366017,"rgba(38, 166, 154, 0.75)",0.0,0.0,2.224992326041669,22.367631648652697,2.0487580024857723,0.0,0.0,0.0,0.0,0.0,0.0,0.0,0.0,68.61647686500541,22.341584158212882,True,False,True,False,False,18.7162502179562,0,1.1038124069575157,0.8575451401919764,False,False,False,False,0.2815151908060987,0.31015386061273365,False,False,False,False,6136664,5285703.010910737,False,False,False,False,124813.99078430595,False,False,False,False
2024-04-11 00:00:00+00:00,26.9079153139,27.007853803,26.4169527091,26.8624473935,87480,,,,,,,,,,,,,,,,,,26.889239547619553,22.793856837466457,22.354447363384455,,,25.25654862058423,22.85450984959439,20.814049242489585,19.715628696815774,18.93905136967688,"rgba(38, 166, 154, 0.5)",0.0,0.0,2.2448350222249625,22.389245608394493,2.012918393008159,0.0,0.0,0.0,0.0,0.0,0.0,0.0,0.0,65.02932017103659,19.107936744684153,False,False,True,False,False,18.584647393227804,0,1.0671531273113901,0.8768014255054764,False,False,False,False,0.2504737559385924,0.280313808275663,False,False,False,False,6049184,5315643.441855415,False,False,False,False,123349.91271433316,False,False,False,False
2024-04-12 00:00:00+00:00,26.7533243844,27.1898164206,26.6987628799,26.8351666412,66456,,,,,,,,,,,,,,,,,,26.887017508223774,22.81143285063604,22.3705300592409,,,25.2759853958013,22.872039488916375,20.828105638425757,19.729290809749763,18.952470192372445,"rgba(38, 166, 154, 0.5)",0.0,0.0,2.261972583921337,22.40594215190594,1.921942937503457,0.0,0.0,0.0,0.0,0.0,0.0,0.0,0.0,61.32385296389228,15.843456122506169,False,False,True,False,False,17.458513411666193,1,1.1032641701716335,0.8647606771642657,False,False,False,False,0.2744157689245791,0.27736478860012104,False,False,False,False,5982728,5341803.620606183,False,False,False,False,121118.77888239853,False,False,False,False
2024-04-15 00:00:00+00:00,26.7715115526,27.0806934116,26.5441719504,26.9715704025,115229,,,,,,,,,,,,,,,,,,26.859732112292562,22.840946695910205,22.397645693570755,,,25.306943028885986,22.901462055940122,20.851996964729306,19.752586962838624,18.97539103222048,"rgba(38, 166, 154, 0.5)",0.0,0.0,2.279868404958207,22.43388698331455,1.9025767276094006,0.0,0.0,0.0,0.0,0.0,0.0,0.0,0.0,58.98781934175416,13.882788120700233,False,False,True,False,False,17.541516569143017,1,1.102270056790417,0.8433013557586903,False,False,False,False,0.26076570204730043,0.26906524532371073,False,False,False,False,6097957,5371456.694307901,False,False,False,False,120887.80716152016,False,False,False,False
2024-04-16 00:00:00+00:00,26.7624179685,26.7715115526,26.3077387642,26.7715115526,82963,,,,,,,,,,,,,,,,,,26.814959900904903,22.860946925162057,22.416152195670264,,,25.325796561664543,22.921382133000225,20.868549113945026,19.768827316007204,18.99142284298519,"rgba(38, 166, 154, 0.5)",0.0,0.0,2.2962738709466253,22.4527118380351,1.8768258372805717,0.0,0.0,0.0,0.0,0.0,0.0,0.0,0.0,57.343841068915616,12.500507251969303,False,True,True,False,False,17.4734592921762,1,1.0999667228380092,0.8477682414824903,False,False,False,False,0.23281713722603722,0.25094119127487396,False,False,False,False,6014994,5396693.451393866,False,False,False,False,119400.5598218527,False,False,False,False
2024-04-17 00:00:00+00:00,26.5350783663,27.0261319071,26.398674605,26.8533538094,79765,,,,,,,,,,,,,,,,,,26.7908707640019,22.880177092089156,22.433958374255596,,,25.343956518161537,22.94053605514456,20.88448233562529,19.784458791858942,19.006852700689258,#000000,0.0,0.0,2.3060884272937607,22.470813858163375,1.762406185310993,0.0,0.0,0.0,0.0,0.0,0.0,0.0,0.0,54.152783127899546,9.613864387138925,False,True,False,False,False,15.770529445946117,1,1.1194161508717113,0.8399055549340595,False,False,False,False,0.25047375593859267,0.2507074736067333,False,False,False,False,5935229,5417812.492515676,False,False,False,False,117846.22414256437,False,False,False,False
2024-04-18 00:00:00+00:00,26.8806345617,27.0897869957,26.6805757117,26.6987628799,129274,,,,,,,,,,,,,,,,,,26.808921068767518,22.91281015059317,22.46405931322138,,,25.377352552479593,22.97306489216966,20.911143304273335,19.810486928418502,19.03247754456366,#000000,0.0,0.0,2.3169070208426708,22.50166477905801,1.890006695671946,0.0,0.0,0.0,0.0,0.0,0.0,0.0,0.0,54.85911330743663,9.613864387138925,False,True,False,False,False,17.415296139646532,1,1.1166749775154197,0.8287493543878333,False,False,False,False,0.26828471558762224,0.25949609459717776,False,False,False,False,6064503,5443172.904573884,False,False,False,False,118294.37221540499,False,False,False,False
2024-04-19 00:00:00+00:00,26.9079153139,28.7539128836,26.6260142072,27.9082095635,203387,,,,,,,,,,,,,,,,,,26.95428631051446,22.969997015886936,22.516347247526408,,,25.445063278012487,23.03016083944396,20.956401092248626,19.854182108959826,19.075235753590533,#000000,0.0,0.0,2.32841506749609,22.914806883281887,1.7149469982223504,0.0,0.0,0.0,0.0,0.0,0.0,0.0,0.0,55.53315916383989,9.613864387138925,False,True,False,False,False,17.543829159967753,1,1.1147159740229373,0.7798429985117087,False,False,False,False,0.3428282437478583,0.30116216917251803,False,False,False,False,6267890,5475514.75145334,False,False,False,False,121631.3380108793,False,False,False,False
2024-04-22 00:00:00+00:00,26.7806051367,27.1398017081,26.49870403,27.1170677479,121822,,,,,,,,,,,,,,,,,,26.936081101096146,22.998873161178675,22.543237461493092,,,25.47144807712312,23.05892008333518,20.980629423564224,19.87798238772408,19.098744457550723,#000000,0.0,0.0,2.3372055793422573,22.92907868347128,1.6479194159345747,0.0,0.0,0.0,0.0,0.0,0.0,0.0,0.0,54.71652952370588,9.613864387138925,False,True,False,False,False,16.570535187641426,1,1.1094684546573461,0.8221615677661233,False,False,False,False,0.2524620413683281,0.2768121052704231,False,False,False,False,6146068,5501810.9572787,False,False,False,False,121638.81495162913,False,False,False,False
2024-04-23 00:00:00+00:00,27.1989100047,27.4307963989,26.8260730571,26.9715704025,137073,,,,,,,,,,,,,,,,,,26.96233668255581,23.033750987004105,22.575513928772498,,,25.50731444255203,23.093696452884362,21.00925494527716,19.905894132563454,19.12620415696272,"rgba(38, 166, 154, 0.5)",0.0,0.0,2.3529144288497172,22.95999491848648,1.8015593912974655,0.0,0.0,0.0,0.0,0.0,0.0,0.0,0.0,57.212479010404046,9.613864387138925,False,True,True,False,True,18.560668414510378,1,1.1159226674416305,0.8212261408437813,False,False,False,False,0.284020399847272,0.28041625255884756,False,False,False,False,6283141,5532451.351110907,False,False,False,False,122244.07711038878,False,False,False,False
2024-04-24 00:00:00+00:00,26.6623885436,27.1716292524,26.6351077913,27.1534420843,152683,,,,,,,,,,,,,,,,,,26.945715265339338,23.068869400126424,22.608392189683038,,,25.537867539530964,23.128660548860697,21.039138807821146,19.935333639707924,19.155326947549998,#000000,0.0,0.0,2.366428010155638,22.9869869480261,1.55314320985077,0.0,0.0,0.0,0.0,0.0,0.0,0.0,0.0,54.413322487566106,9.613864387138925,False,True,False,False,True,14.567929773809755,1,1.0946295780011743,0.8386685712057477,False,False,False,False,0.26099667364074297,0.2707064630997953,False,False,False,False,6130458,5555902.592243814,False,False,False,False,123437.76036096178,False,False,False,False
2024-04-25 00:00:00+00:00,26.7896987208,26.8351666412,26.2077093392,26.6442013754,141719,,,,,,,,,,,,,,,,,,26.912325688649354,23.099078763253875,22.636943662438785,,,25.560506754281263,23.158701768489372,21.06559559687655,19.96160085432809,19.18141934992354,#000000,0.0,0.0,2.3813828680193256,23.312540914713182,1.4601422781624716,0.0,0.0,0.0,0.0,0.0,0.0,0.0,0.0,53.45480854684193,8.959231056018993,False,True,False,False,False,15.185989489770549,1,1.1123694057881945,0.8437691249794942,False,False,False,False,0.2225233620496175,0.2466149125747064,False,False,False,False,6272177,5583991.784704841,False,False,False,False,124154.67171935544,False,False,False,False
2024-04-26 00:00:00+00:00,27.3535009342,27.5014576668,26.9373726238,26.9836091028,139581,,,,,,,,,,,,,,,,,,26.943784465271147,23.13377464792528,22.669226642284304,,,25.595188397979356,23.193291259622644,21.094449688355116,19.989792415759034,19.20918419553098,"rgba(38, 166, 154, 0.5)",0.0,0.0,2.3989962521639168,23.36070729089766,1.6643601004798576,0.0,0.0,0.0,0.0,0.0,0.0,0.0,0.0,56.14036450064664,8.959231056018993,False,True,True,False,False,17.828287193990352,1,1.1244425289625548,0.8142409598305225,False,False,False,False,0.29135544641094,0.2689851794928232,False,False,False,False,6411758,5616453.204912494,False,False,False,False,124759.62576957679,False,False,False,False
2024-04-29 00:00:00+00:00,27.0668347648,27.5291995541,26.928125328,27.3535009342,94233,,,,,,,,,,,,,,,,,,26.95693288381237,23.15637336355652,22.69034872444523,,,25.616602895274703,23.215809794546313,21.113498007335696,20.008469783494583,19.227614180675136,"rgba(38, 166, 154, 0.5)",0.0,0.0,2.410102282673561,23.38375005901253,1.528186057606555,0.0,0.0,0.0,0.0,0.0,0.0,0.0,0.0,55.814254981536685,8.959231056018993,False,True,True,False,False,15.748392455649075,1,1.123861369350899,0.8292950331002472,False,False,False,False,0.29143585198255223,0.28021051573768774,False,False,False,False,6317525,5643946.216484553,False,False,False,False,123562.5031903777,False,False,False,False
2024-04-30 00:00:00+00:00,26.2715673273,27.0945766522,26.2715673273,27.0945766522,175509,,,,,,,,,,,,,,,,,,26.917525266213428,23.191314459721024,22.72372224847918,,,25.639490596691612,23.250523668820865,21.14501143694955,20.039968971754853,19.25901554224912,#000000,0.0,0.0,2.40855840026318,23.402079313877113,1.1913715744278166,0.0,0.0,0.0,0.0,0.0,0.0,0.0,0.0,51.192289360161965,6.834493173444237,False,True,False,False,False,10.335827693068623,1,1.0930831200717201,0.8457561827048078,False,False,False,False,0.2325082341729461,0.2563593749553169,False,False,False,False,6142016,5663478.364857708,False,False,False,False,125599.62071232367,False,False,False,False
2024-05-01 00:00:00+00:00,26.928125328,27.1130712438,26.4287713556,26.4380186514,147351,,,,,,,,,,,,,,,,,,26.91050744831175,23.22247858922328,22.75330003549737,,,25.663473460979784,23.28152101586933,21.172532571787503,20.067298800793044,19.286167430868154,#000000,0.0,0.0,2.413143087649998,23.427304281937626,1.4507308182340708,0.0,0.0,0.0,0.0,0.0,0.0,0.0,0.0,51.568354688477164,6.834493173444237,False,True,False,False,False,13.429475295729706,1,1.0969269206856422,0.8429052779367777,False,False,False,False,0.23595008672792134,0.24615473084161912,False,False,False,False,6289367,5688023.01721623,False,False,False,False,126452.61597850706,False,False,False,False
2024-05-02 00:00:00+00:00,27.6864035825,27.9268332729,26.8264050744,27.1962969058,163636,,,,,,,,,,,,,,,,,,26.954012688428698,23.262663216260886,22.790869172036953,,,25.703439179628262,23.32158526863985,21.20629925869212,20.100316660955947,19.318699349987472,"rgba(38, 166, 154, 0.5)",0.0,0.0,2.421783882620867,23.47084781177281,1.7406820653893742,0.0,0.0,0.0,0.0,0.0,0.0,0.0,0.0,54.759232106516464,6.834493173444237,False,True,True,False,True,16.71563464244897,1,1.0884860308237638,0.8273052580597232,False,False,False,False,0.30390832555981423,0.2750315282007167,False,False,False,False,6453003,5718022.232227358,False,False,False,False,127910.78790091856,False,False,False,False
2024-05-03 00:00:00+00:00,28.1025318928,28.2273703859,27.5943005165,27.963822456,173166,,,,,,,,,,,,,,,,,,27.030372804199537,23.309264133009307,22.834108990542916,,,25.755120732050123,23.368105768261675,21.244428679351305,20.13726026881001,19.3549162099639,"rgba(38, 166, 154, 0.5)",0.0,0.0,2.4309077997143067,23.52484242894922,1.8831193286675751,0.0,0.0,0.0,0.0,0.0,0.0,0.0,0.0,58.18768892710209,2.2477120794822056,False,True,True,False,True,18.40705156138802,1,1.1084597527277973,0.8324629445652572,False,False,False,False,0.34282823412537045,0.30892988116304354,False,False,False,False,6626169,5753635.83096354,False,False,False,False,129685.50210088254,False,False,False,False
2024-05-06 00:00:00+00:00,28.6203804568,28.9070466262,28.2412413296,28.3152196959,151430,,,,,,,,,,28.589556137533332,,,,,,,,27.12611095596435,23.3545382612214,22.875786541630827,,,25.810420215469666,23.41335981780831,21.280435631618616,20.171795845642926,19.388580925750663,"rgba(38, 166, 154, 0.5)",0.0,0.0,2.4455378355716006,23.580027344263705,2.0610407409044247,0.0,0.0,0.0,0.0,0.0,0.0,0.0,0.0,61.88190232094022,5.660789725241045,False,True,True,False,True,20.0,1,1.1200077412900853,0.854784849941142,False,False,False,False,0.34282823724535166,0.3258790592041976,False,False,False,False,6777599,5793791.249357128,False,False,False,False,130538.22750869108,False,False,False,False
2024-05-07 00:00:00+00:00,28.4354345411,28.9531906322,28.268983217,28.6666169358,153090,,,,,,,,,,28.570945232049397,,,,,,,,27.209482186648223,23.399208146903316,22.917042811793586,,,25.86345889305732,23.457997950177262,21.316297655724032,20.206272018344468,19.422230162533936,"rgba(38, 166, 154, 0.5)",0.0,0.0,2.4491705996017386,23.631284989004445,1.961541410335712,0.0,0.0,0.0,0.0,0.0,0.0,0.0,0.0,63.29783096960426,6.936299844675226,False,True,True,False,True,19.19834395005306,0,1.119852759130229,0.8365554457646266,False,False,False,False,0.3428282362543035,0.3343536477292505,False,False,False,False,6624509,5826368.416049005,False,False,False,False,131422.61074364439,False,False,False,False
2024-05-08 00:00:00+00:00,28.3614561748,28.4909183158,28.0378008223,28.3429615833,114451,,,,,,,,,,28.49603606687795,,,,,,,,27.255001177519688,23.43047226500537,22.946114239514568,,,25.89814329277816,23.48921597234231,21.34193845191014,20.231077557677857,19.446525229930312,"rgba(38, 166, 154, 0.5)",0.0,0.0,2.454447813606323,23.664401939219708,1.913690814504997,0.0,0.0,0.0,0.0,0.0,0.0,0.0,0.0,63.81064132100418,7.485572330519098,False,True,True,False,True,18.70926937561481,0,1.0933150723338843,0.8495714909811368,False,False,False,False,0.28032295391829,0.3073383008237702,False,False,False,False,6510058,5853179.772282378,False,False,False,False,130757.05738114852,False,False,False,False
2024-05-09 00:00:00+00:00,28.48167102,28.7590898936,28.4169399495,28.4169399495,123839,,,,,,,,,,28.508933265853127,,,,,,,,27.311234283096255,23.46560938760524,22.9787056931979,,,25.938461892453553,23.524317732196828,21.370483958406304,20.25859299012179,19.47341935271713,"rgba(38, 166, 154, 0.5)",0.0,0.0,2.465592729118037,23.702340373394875,1.9384104236528679,0.0,0.0,0.0,0.0,0.0,0.0,0.0,0.0,64.54846529142365,8.362928257614286,False,True,True,False,True,19.189746924435692,0,1.0986252098506777,0.8369332200423218,False,False,False,False,0.33829175188870414,0.32281502635623716,False,False,False,False,6633897,5883796.134153658,False,False,False,False,130485.76101326034,False,False,False,False
2024-05-10 00:00:00+00:00,28.0840373013,28.7775844852,27.963822456,28.6666169358,87125,,,,,,,,,,28.47659892303228,,,,,,,,27.339753837380012,23.488709624045235,23.0002787965844,,,25.96316801773822,23.54737632046695,21.389661134067378,20.27719840251071,19.491670056700546,"rgba(38, 166, 154, 0.5)",0.0,0.0,2.4662682393621465,23.72567509542413,1.767189041449554,0.0,0.0,0.0,0.0,0.0,0.0,0.0,0.0,62.631433166261495,8.362928257614286,False,True,True,False,True,16.552177383942457,0,1.0740841079681012,0.8475804792769672,False,False,False,False,0.29541557400947743,0.30911530018285727,False,False,False,False,6546772,5909795.18771626,False,False,False,False,128785.33901274034,False,False,False,False
2024-05-13 00:00:00+00:00,27.7418873572,28.5094129074,27.7141454698,28.2319940338,104952,,,,,,,,,,28.406889081113956,,,,,,,,27.36207957586446,23.51459449362854,23.024634167729296,,,25.988639136983,23.57319121899784,21.41166534231619,20.29869717331572,19.51284060658357,"rgba(38, 166, 154, 0.5)",0.0,0.0,2.4574424580395764,23.750099563664474,1.6243667396875583,0.0,0.0,0.0,0.0,0.0,0.0,0.0,0.0,59.5135278457041,8.362928257614286,False,True,True,False,False,14.355191474762467,0,1.0675023713871068,0.8644316768168077,False,False,False,False,0.24574562488894922,0.27743046253590326,False,False,False,False,6441820,5930658.905845034,False,False,False,False,127850.69826714268,False,False,False,False
2024-05-14 00:00:00+00:00,27.5476941457,27.9823170476,27.5107049625,27.8066184277,77770,,,,,,,,,,28.337349781393762,,,,,,,,27.369991327733512,23.53227569217487,23.041417555643662,,,26.00425788130726,23.590805455709344,21.427116382375793,20.313915227502072,19.527892119380915,"rgba(38, 166, 154, 0.5)",0.0,0.0,2.439584306844843,23.765523125168794,1.5503342146936308,0.0,0.0,0.0,0.0,0.0,0.0,0.0,0.0,56.451699497594745,12.640232978864958,False,True,True,False,False,13.13036196099944,0,1.0577996948910444,0.8771345595756669,False,False,False,False,0.17150173936123078,0.224466100948567,False,False,False,False,6364050,5947654.635027582,False,False,False,False,125886.74931549003,False,False,False,False
2024-05-15 00:00:00+00:00,27.4644684836,27.6494143993,27.3535009342,27.5846833288,103511,,,,,,,,,,28.241515511778836,,,,,,,,27.373808188774152,23.55450403859798,23.06265663107252,,,26.022284190099068,23.612932032362227,21.44693885023115,20.333550239226643,19.54737204821496,#000000,0.0,0.0,2.4241002483989984,23.7839147304042,1.5183174687707865,0.0,0.0,0.0,0.0,0.0,0.0,0.0,0.0,53.98376023162743,10.273134798713691,False,True,False,False,False,12.60521248150446,0,1.0523759351062734,0.8968372291797511,False,False,False,False,0.12509286348778842,0.1747794822181777,False,False,False,False,6260539,5959924.61012454,False,False,False,False,125009.2689501767,False,False,False,False
2024-05-16 00:00:00+00:00,28.2042521465,28.398445358,27.5661887373,27.5661887373,138907,,,,,,,,,,28.217130166536624,,,,,,,,27.401940915404197,23.588187645483934,23.0944531582015,,,26.05488970909617,23.646520524795356,21.475814795120435,20.361806441688675,19.575220138809364,"rgba(38, 166, 154, 0.5)",0.0,0.0,2.4209918061742024,23.815638068920215,1.812733965636562,0.0,0.0,0.0,0.0,0.0,0.0,0.0,0.0,55.72124812463792,10.273134798713691,False,True,True,False,False,15.804599305589104,0,1.0602560154958294,0.8718401487066388,False,False,False,False,0.19763526421265537,0.18620737321541653,False,False,False,False,6399446,5977160.743060833,False,False,False,False,125554.27801095409,False,False,False,False
2024-05-17 00:00:00+00:00,28.3891980622,28.4078775997,28.0655427097,28.3614561748,205362,,,,,,,,,,28.228601896380493,,,,,,,,27.452810559766533,23.6396025932374,23.14288320396325,,,26.106576784399113,23.697813908598345,21.519530141459988,20.404448150402224,19.617172291742985,"rgba(38, 166, 154, 0.5)",0.0,0.0,2.397258564406255,23.86537355743,1.887082424874116,0.0,0.0,0.0,0.0,0.0,0.0,0.0,0.0,57.58586768529364,10.273134798713691,False,True,True,False,True,16.568921163639295,0,1.0538116077049458,0.8801979135711839,False,False,False,False,0.25054420322589815,0.21837578822065734,False,False,False,False,6604808,6001774.360980016,False,False,False,False,128683.99259875983,False,False,False,False
2024-05-20 00:00:00+00:00,28.6296277526,28.9717776967,28.4539291327,28.4909183158,146945,,,,,,,,,28.685111527333333,28.276266146541687,,,,,,,,27.501460274574598,23.67879522729712,23.1796215872695,,,26.148594636454387,23.736945454517937,21.552284812333504,20.43620418844769,19.64830880647102,"rgba(38, 166, 154, 0.5)",0.0,0.0,2.3748022950352015,24.282695514088378,1.8304396317956184,0.0,0.0,0.0,0.0,0.0,0.0,0.0,0.0,59.720309627486955,10.273134798713691,False,True,True,False,True,17.552873144858182,0,1.0542831408510678,0.8804969178220399,False,False,False,False,0.3428282299185233,0.2806020090695903,False,False,False,False,6751753,6031185.288000408,False,False,False,False,129400.11053606337,False,False,False,False
2024-05-21 00:00:00+00:00,28.7775844852,28.9347885136,28.352208879,28.5833912737,65066,,,,,,,,,28.68605752313626,28.294468823351163,,,,,,,,27.52184898820484,23.69596613150708,23.19574292650977,,,26.166787581298507,23.754087770935115,21.56669906961244,20.450193048154265,19.662032272175907,"rgba(38, 166, 154, 0.5)",0.0,0.0,2.341868981657893,24.299166454800236,1.9123264646638471,0.0,0.0,0.0,0.0,0.0,0.0,0.0,0.0,61.67983861601674,5.343991786602295,False,True,True,False,True,18.153978550218792,0,1.0531468138985964,0.8803517747119931,False,False,False,False,0.3259316104244119,0.3032668097470011,False,True,False,False,6816819,6061994.453176863,False,False,False,False,126877.20424053147,False,True,False,False
2024-05-22 00:00:00+00:00,28.0285535265,28.65736964,28.0008116392,28.65736964,61725,,,,,,,,,28.582975239518802,28.291831233265775,,,,,,,,27.53318813039784,23.71065827397036,23.20967791016458,,,26.180706905414624,23.768736961773424,21.579441052399275,20.462682426601013,19.674352125242446,"rgba(38, 166, 154, 0.5)",0.0,0.0,2.302114100752552,24.307058288208896,1.6165555117683188,0.0,0.0,0.0,0.0,0.0,0.0,0.0,0.0,58.62797132552294,5.343991786602295,False,True,True,False,True,13.376924396838284,0,1.0337299645091003,0.8851760661902996,False,False,False,False,0.25139313443835704,0.27732997209267907,False,False,False,False,6755094,6089174.8275620835,False,False,False,False,124322.215838942,False,False,False,False
2024-05-23 00:00:00+00:00,27.7418873572,28.1302737802,27.575436033,28.1302737802,93001,,,,,,,,,28.388443593946185,28.2646274625708,,,,,,,,27.53985729132272,23.730608625349188,23.22881276854016,,,26.197169385794787,23.78860131176569,21.5973607648192,20.480427807785315,19.69195463363661,"rgba(38, 166, 154, 0.5)",0.0,0.0,2.2409125707300577,24.31363013994669,1.5298487152207072,0.0,0.0,0.0,0.0,0.0,0.0,0.0,0.0,55.23804984307712,11.801604358721946,False,True,True,False,False,11.641775693544616,0,1.0220003030435105,0.9023974534929571,False,False,False,False,0.14324121675060103,0.21028559442164005,False,False,False,False,6662093,6111642.206873374,False,False,False,False,123093.93286486584,False,False,False,False
2024-05-24 00:00:00+00:00,27.963822456,28.0378008223,27.7418873572,27.834360315,73385,,,,,,,,,28.309419844895505,28.249518405091052,,,,,,,,27.546704446230834,23.746591455022834,23.244122079504805,,,26.210704854218797,23.80451926328823,21.611651420418493,20.494557424223487,19.705958735497703,"rgba(38, 166, 154, 0.5)",0.0,0.0,2.1764621245532307,24.322995541238722,1.6728188713638383,0.0,0.0,0.0,0.0,0.0,0.0,0.0,0.0,54.04068916241499,10.629328957581485,False,True,True,False,False,12.609473900477045,1,1.0358855844439276,0.8998850774666867,False,False,False,False,0.15149231423366677,0.1808889543276534,False,False,False,False,6735478,6136106.355623438,False,False,False,False,121144.5629485966,False,False,False,False
2024-05-28 00:00:00+00:00,27.36274823,27.9730697518,27.0853293564,27.9730697518,170985,,,,,,,,,28.075593592473673,28.178640770392757,,,,,,,,27.543723294137198,23.779472762475322,23.276077004090375,,,26.233480632702143,23.83720839857171,21.6423875840071,20.525328178499958,19.73666133605785,#000000,0.0,0.0,2.098572742852582,24.33599881661248,1.4422894911297053,0.0,0.0,0.0,0.0,0.0,0.0,0.0,0.0,50.56395465025348,7.2767248823466275,False,True,False,False,False,9.061267204445226,1,1.014357875258134,0.9017439275205728,False,False,False,False,0.06410611657089302,0.1224975354492732,False,False,False,False,6564493,6152905.831873499,False,False,False,False,123099.0898917889,False,False,False,False
2024-05-29 00:00:00+00:00,27.4829630752,27.5569414415,27.0022886402,27.233286089,102781,,,,,,,,,27.97075263692473,28.13536725054743,,,,,,,,27.53901865321575,23.798294023290147,23.294483089307814,,,26.245425779324602,23.85590653121589,21.66031194497466,20.543360705173598,19.7547010814323,#000000,0.0,0.0,2.0250552068408685,24.344457200503292,1.5498371916451836,0.0,0.0,0.0,0.0,0.0,0.0,0.0,0.0,48.86822914643864,5.6220456897128415,False,True,False,False,False,9.601806795459826,0,1.0079610348307921,0.9171461756436996,False,False,False,False,-0.012924745114498749,0.05478639516738723,False,False,False,False,6667274,6173077.132584342,False,False,False,False,122302.30205289522,False,False,False,False
2024-05-30 00:00:00+00:00,27.3812428215,27.7326400614,27.3442536384,27.6771562867,70418,,,,,,,,,27.927233772262216,28.113005546152266,,,,,,,,27.53816298802123,23.811574043254197,23.307425935639458,,,26.25447412234673,23.869106706662713,21.672825332100125,20.55591097185444,19.767236097326006,"rgba(239, 83, 80, 1.0)",0.0,0.0,1.951122800071125,24.352358189975725,1.5523803173300323,0.0,0.0,0.0,0.0,0.0,0.0,0.0,0.0,47.28472771474617,4.0114010783350835,False,True,False,True,False,9.007204335486588,0,1.0149109087725325,0.9188853985568971,False,False,False,False,-0.006392971056776381,0.024196712055305426,False,False,False,False,6596856,6189695.911698681,False,False,False,False,120267.62354101698,False,False,False,False
2024-05-31 00:00:00+00:00,27.751134653,27.7603819488,27.1500604269,27.3997374131,66463,,,,,,,,,27.89806532953213,28.095403021215766,,,,,,,,27.538398689782113,23.824250462301425,23.319765803964046,,,26.2633576425986,23.881709680644505,21.684723898096983,20.567830309580238,19.779133473368077,"rgba(239, 83, 80, 1.0)",0.0,0.0,1.8425657268786968,24.360696178801906,1.8400637897142982,0.0,0.0,0.0,0.0,0.0,0.0,0.0,0.0,48.21799553828137,4.0114010783350835,False,True,False,True,False,10.684478619607404,0,1.0005808341514764,0.9378249669664379,False,False,False,False,-0.04880637886659416,-0.012304833405644368,False,False,False,False,6663319,6208269.366141871,False,False,False,False,118157.63830411434,False,False,False,False
2024-06-03 00:00:00+00:00,27.6124252162,27.9453278645,27.4644684836,27.9453278645,69876,,,,,,,,,27.881064609069075,28.081904768130922,,,,,,,,27.540507408760785,23.837912161921253,23.333028403927006,,,26.273425210935002,23.89529794459522,21.69743683623017,20.58053290855838,19.79179546174356,"rgba(239, 83, 80, 1.0)",0.0,0.0,1.7202277288369243,24.370706004954172,1.8844709667815949,0.0,0.0,0.0,0.0,0.0,0.0,0.0,0.0,48.135878190233335,4.0114010783350835,False,True,False,True,False,9.859179123499771,0,0.9927699376421745,0.9375129868367426,False,False,False,False,0.026435008729824076,0.007065087662089854,False,False,False,False,6593443,6223374.214528464,False,False,False,False,116264.24072356084,False,False,False,False
2024-06-04 00:00:00+00:00,26.928125328,27.4552211878,26.8818888491,27.4552211878,79472,,,,,,,,,27.818078273498177,28.046977544940006,,,,,,,27.088411788300004,27.53265460279194,23.850978409166366,23.345992673381215,,,26.279986826020046,23.90825744453442,21.710419759924687,20.59373662050616,19.80508069595372,"rgba(239, 83, 80, 1.0)",0.0,0.0,1.610250111404987,24.37640539917206,1.5846730335584291,0.0,0.0,0.0,0.0,0.0,0.0,0.0,0.0,45.10233195839681,1.3284148658891013,False,True,False,True,False,5.934902146580079,0,0.9716396899096369,0.9492127947538651,False,False,False,False,-0.13593555328415996,-0.06443523281103505,False,False,False,False,6513971,6234770.166899897,False,False,False,False,114821.40775400944,False,False,False,False
2024-06-05 00:00:00+00:00,27.0298455817,27.057587469,26.6229645671,27.0021036943,126243,,,,,,,,,27.71556805178701,27.986494670170504,,,,,,,26.974914341659186,27.51576000608919,23.870346349548704,23.365394984419112,,,26.287860113909833,23.92744426822216,21.730210510753174,20.614007053295783,19.825552029766968,"rgba(239, 83, 80, 1.0)",0.0,0.0,1.4748560761765626,24.383612697634696,1.7942312655519808,0.0,0.0,0.0,0.0,0.0,0.0,0.0,0.0,43.68066868512358,-0.2222831329066821,False,True,False,True,False,6.415983617873014,0,0.954780001666934,0.9735441471233286,False,False,False,False,-0.2383893997890706,-0.1514123163000528,False,False,False,False,6640214,6250669.925060686,False,False,False,False,115269.31333228358,False,False,False,False
2024-06-06 00:00:00+00:00,27.057587469,27.3488772863,26.7431794123,27.0945766522,121678,,,,,,,,,27.650666645154953,27.941062592592726,,,,,,,27.00277639249922,27.5040070347147,23.889672709698118,23.38466209305371,,,26.297023417570685,23.94660452458425,21.749679225557646,20.63387357962767,19.845577529230624,"rgba(239, 83, 80, 1.0)",0.0,0.0,1.3451740564203394,24.393509930278164,1.9804705019447446,0.0,0.0,0.0,0.0,0.0,0.0,0.0,0.0,42.90623924484092,-1.1911466842778324,False,True,False,True,False,6.548675498004485,0,0.9717292551851903,0.9634158744365304,False,False,False,False,-0.17373349866951396,-0.16257290748478337,False,False,False,False,6761892,6270717.84956811,False,False,False,False,115520.63437807639,False,False,False,False
2024-06-07 00:00:00+00:00,26.928125328,27.2887698637,26.8818888491,27.0483401733,52076,,,,,,,,,27.62592315575567,27.922593123976153,,,,,,,27.006914216196133,27.498975154379295,23.89782844921067,23.39280877484901,,,26.300791346439315,23.954688696690496,21.757941496430725,20.64231629927937,19.85409411021023,"rgba(239, 83, 80, 1.0)",0.0,0.0,1.2018984036166602,24.39781810613405,2.105258825747621,0.0,0.0,0.0,0.0,0.0,0.0,0.0,0.0,41.79476806907361,-2.50898045228935,False,True,False,True,False,5.8042243479182005,0,0.9726679655817593,0.9523121701264329,False,False,False,False,-0.16156107219079155,-0.16206698983778745,False,False,False,False,6709816,6287937.384879164,False,False,False,False,113032.60950050477,False,False,False,False
2024-06-10 00:00:00+00:00,26.9096307365,26.9789854549,26.5489862008,26.7894158913,74615,,,,,,,,,27.581775529494756,27.891161687861384,,,,,,,26.974973716031393,27.48862773871224,23.908624262051745,23.403715307687257,,,26.30451824010994,23.965374188025752,21.769242083605526,20.653958507636325,19.865888083848073,"rgba(239, 83, 80, 1.0)",0.0,0.0,1.0593601476613388,24.402393449076587,2.366746845214472,0.0,0.0,0.0,0.0,0.0,0.0,0.0,0.0,40.96489929218248,-3.571230061237948,False,True,False,True,False,5.696837352744883,0,0.9571823034243842,0.9673799213279046,False,False,False,False,-0.2628406970843483,-0.21245384346106788,False,False,False,False,6635201,6301555.565864295,False,False,False,False,111526.03657891635,False,False,False,False
2024-06-11 00:00:00+00:00,27.0390928775,27.1778023143,26.5767280882,26.7709212997,74567,,,,,,,,,27.54830349419768,27.864745474699852,,,,,,,26.968800463652425,27.48035521223683,23.919771182148448,23.414922584528288,,,26.309046369815743,23.97641505825203,21.7807495904396,20.665772770417146,19.877835269480574,"rgba(239, 83, 80, 1.0)",0.0,0.0,1.0183725942793818,24.408106745161014,2.5835201645432315,0.0,0.0,0.0,0.0,0.0,0.0,0.0,0.0,41.409651957555006,-3.571230061237948,False,True,False,True,False,6.348524961772078,0,0.9524223203911178,0.9791225031953896,False,False,False,False,-0.2266358651969514,-0.21954485432900964,False,False,False,False,6709768,6317563.8966147145,False,False,False,False,110076.66259542943,False,False,False,False
2024-06-12 00:00:00+00:00,27.233286089,27.6447907514,27.1685550185,27.3442536384,96710,,,,,,,,,27.535828440047965,27.84696866166636,,,,,,,27.027578080929878,27.47787234542263,23.93609455625135,23.43106625203693,,,26.318700274209018,23.992619591996107,21.79680221952369,20.682046287025702,19.894184159712424,"rgba(239, 83, 80, 1.0)",0.0,0.0,0.9786261200604044,24.41979059931785,2.8749442018863047,0.0,0.0,0.0,0.0,0.0,0.0,0.0,0.0,43.15379503060727,-3.571230061237948,False,True,False,True,False,7.322606289284341,0,0.9634697735727408,0.9512952176291241,False,False,False,False,-0.06347431572164926,-0.14150958502532945,False,False,False,False,6806478,6336736.998708256,False,False,False,False,109552.47974854986,False,False,False,False
2024-06-13 00:00:00+00:00,26.8171577786,27.3072644553,26.5119970177,27.1593077227,78281,,,,,,,,,27.50416387524472,27.820696231909107,,,,,,,27.011027058380858,27.468853064625318,23.94738969456169,23.442480627724358,,,26.322878040027827,24.00380142572057,21.808633852982226,20.694236117631824,19.906534144396744,"rgba(239, 83, 80, 1.0)",0.0,0.0,0.9385046654636197,24.42561886439915,2.5482440335226584,0.0,0.0,0.0,0.0,0.0,0.0,0.0,0.0,41.973872999404236,-3.571230061237948,False,True,False,True,False,4.845398806316009,0,0.9462794328788163,0.9615404883970958,False,False,False,False,-0.21640189146607783,-0.17895573824570365,False,False,False,False,6728197,6352088.371307932,False,False,False,False,108326.14720939106,False,False,False,False
2024-06-14 00:00:00+00:00,26.5119970177,26.6876956376,26.1790943694,26.5212443135,88436,,,,,,,,,27.45022787195307,27.78021059075301,,,,,,,26.94945940238042,27.45197404171573,23.958236269896155,23.453723076818978,,,26.324020462600974,24.014503220082837,21.820834543837893,20.707020155253463,19.91959807337207,"rgba(239, 83, 80, 1.0)",-1.0,27.392467,0.9030182948075863,24.660740874875447,2.0500760100536124,0.0,0.0,0.0,0.0,0.0,0.0,0.0,0.0,39.75618888831007,-5.488470527228557,False,True,False,True,False,3.0870792717193964,0,0.9308699540909581,0.9821525644794763,True,False,False,False,-0.34282825441539394,-0.2608919963305488,False,False,False,False,6639761,6363369.650864484,False,False,False,False,107546.14143647376,False,False,False,False
2024-06-17 00:00:00+00:00,26.8633942575,26.8818888491,26.3640402851,26.456513243,111512,,,,,,,,,27.404557849301305,27.741272938156246,,,,,,,26.919057162212688,27.436508009514718,23.973098842102903,23.46891899484791,,,26.32797305508194,24.029196008131112,21.83693069615957,20.72373835632943,19.9366073636509,"rgba(239, 83, 80, 1.0)",0.0,0.0,0.8720574193279078,24.67368690506644,2.5109669431184507,0.0,0.0,0.0,0.0,0.0,0.0,0.0,0.0,40.88012397905041,-5.488470527228557,False,True,False,True,False,4.900938957403987,1,0.9398478496607802,0.9694437467678265,False,False,False,False,-0.2823855969526166,-0.27163879664158275,False,False,False,False,6751273,6378581.546909014,False,False,False,False,107701.66530171008,False,False,False,False
2024-06-18 00:00:00+00:00,26.798663187,27.1500604269,26.7061902292,26.8633942575,97655,,,,,,,,,27.37815663678435,27.71499589675656,,,,,,,26.915732644510655,27.42671000988476,23.986841245803554,23.48285210946653,,,26.33301295524279,24.042797943918092,21.85146330656219,20.738745669641048,19.951831566863003,"rgba(239, 83, 80, 1.0)",0.0,0.0,0.8292070814331246,24.685635593251853,2.5482507820557747,0.0,0.0,0.0,0.0,0.0,0.0,0.0,0.0,41.28618823242803,-5.488470527228557,False,True,False,True,False,4.523902961165408,1,0.9374500108555051,0.9718024806207698,False,False,False,False,-0.18897233136614422,-0.23030556400386348,False,False,False,False,6653618,6389367.290167484,False,False,False,False,107307.67842713321,False,False,False,False
2024-06-20 00:00:00+00:00,26.4472659472,26.8171577786,26.3455456935,26.6414591587,87523,,,,,,,,,27.34150383378858,27.683455672777875,,,,,,,26.885259776323515,27.412760897773516,23.997580983655062,23.49397475090598,,,26.33465112423649,24.05339844149849,21.863520796117502,20.751375209009208,19.96473698147054,"rgba(239, 83, 80, 1.0)",0.0,0.0,0.7899891125452037,24.68774172306027,2.227276548749964,0.0,0.0,0.0,0.0,0.0,0.0,0.0,0.0,39.80591514955135,-5.791399721744725,False,True,False,True,False,2.4981715199016676,1,0.9227110594906469,0.9892164234547363,False,False,False,False,-0.29546853168291953,-0.2628870478433915,False,False,False,False,6566095,6396297.788592289,True,False,False,False,106531.80868489269,False,False,False,False
2024-06-21 00:00:00+00:00,26.6414591587,26.7894158913,26.3826273496,26.5489862008,133184,,,,,,,,,27.295691666558877,27.64122878765307,,,,,,,26.85465906244897,27.393934130587716,24.014183267482874,23.51111945707146,,,26.337914416211923,24.069793467802732,21.88201475701403,20.77071253872085,19.98448015364291,"rgba(239, 83, 80, 1.0)",0.0,0.0,0.7654873761564621,24.694027466050137,2.5440415522303987,0.0,0.0,0.0,0.0,0.0,0.0,0.0,0.0,40.30328605573101,-5.791399721744725,False,True,False,True,False,3.524883609391896,1,0.9412038072283804,0.9781279035005096,False,False,False,False,-0.29399550567496935,-0.2784412767591804,False,False,False,False,6699279,6408179.404725925,False,False,False,False,107576.99265803416,False,False,False,False
2024-06-24 00:00:00+00:00,27.2240387932,27.2517806805,26.6322118629,26.8079104828,97757,,,,,,,,,27.28436057463153,27.624328512980693,,,,,,,26.868092605113436,27.38791756742599,24.028243102083277,23.52532259260789,,,26.344056378002858,24.083719876743846,21.896729746676737,20.785868878219528,19.999836809816475,"rgba(239, 83, 80, 0.75)",0.0,0.0,0.7385915099423501,24.70594874516983,3.4093135571335145,0.0,0.0,0.0,0.0,0.0,0.0,0.0,0.0,44.32817087433754,-10.025246366091423,False,True,False,True,True,6.494630973259014,1,0.9622291098655668,0.9573444541456605,False,False,False,False,-0.18481417489934254,-0.23162772582926147,False,False,False,False,6797036,6423428.682971967,False,False,False,False,107191.8949067387,False,False,False,False
2024-06-25 00:00:00+00:00,27.1130712438,27.233286089,26.8541469618,27.1962969058,85279,,,,,,,,,27.276384086711495,27.611070961023977,,,,,,,26.8801557206999,27.383277256608054,24.040526484945083,23.53772761689773,,,26.34956154871057,24.095888048300605,21.909574601042394,20.799095768035357,20.01323722317357,"rgba(239, 83, 80, 0.75)",0.0,0.0,0.7186405522594718,24.716031697862135,3.3355194587911203,0.0,0.0,0.0,0.0,0.0,0.0,0.0,0.0,46.34722580467715,-8.128628173366764,False,True,False,True,True,5.84177840956734,1,0.9601809470216234,0.9635968398695111,False,False,False,False,-0.15450379347510868,-0.1930657596521851,False,False,False,False,6711757,6434735.675796596,False,False,False,False,106332.56569470973,False,False,False,False
2024-06-26 00:00:00+00:00,26.7431794123,26.8818888491,26.6044699755,26.844899666,184575,,,,,,,,,27.237177673227237,27.56858722611769,,,,,,,26.86425046741777,27.363862553491497,24.063967878640252,23.561846036133836,,,26.355945214113166,24.119055087292832,21.935427109114265,20.82606521433378,20.040744437839553,"rgba(239, 83, 80, 0.75)",0.0,0.0,0.7046402389720391,24.72820163499963,2.859583750482251,0.0,0.0,0.0,0.0,0.0,0.0,0.0,0.0,45.637293998758466,-8.128628173366764,False,True,False,True,True,3.6974108407076827,1,0.9497113078482136,0.9639190534748633,False,False,False,False,-0.24509699802184176,-0.21908137883701342,False,False,False,False,6527182,6438361.021843789,False,False,False,False,109400.89645177995,False,False,False,False
2024-06-27 00:00:00+00:00,26.6322118629,26.9466199196,26.4888787782,26.8171577786,79487,,,,,,,,,27.220359410098812,27.550432803603613,,,,,,,26.855915602000803,27.355164251106615,24.07373734906481,23.57194693479159,,,26.358256854614854,24.128704973745325,21.94635150418792,20.837499135653477,20.05242645723115,"rgba(239, 83, 80, 0.75)",0.0,0.0,0.6963399347362424,24.732947019542742,2.7274966558921485,0.0,0.0,0.0,0.0,0.0,0.0,0.0,0.0,44.591710145376226,-8.128628173366764,False,True,False,True,True,3.0635312869084004,1,0.9535668854937618,0.9519520268855873,False,False,False,False,-0.2529261897114895,-0.23600378427425145,False,False,False,False,6447695,6438727.060202857,False,False,False,False,108227.80247327877,False,False,False,False
2024-06-28 00:00:00+00:00,27.4367265963,27.5846833288,26.6630978308,26.8079104828,435132,,,,,,,,,27.221482883312866,27.517709689286526,,,,,,,26.93289538569677,27.346791598949157,24.13671478678605,23.635468877701154,,,26.390077738240226,24.19112647236971,22.011971256360386,20.905001996288295,20.12079071582812,#000000,0.0,0.0,0.6843942726202942,24.785462239320868,3.873884488875713,0.0,0.0,0.0,0.0,0.0,0.0,0.0,0.0,48.42638900866541,-6.224065987864826,False,True,False,False,True,7.109013971183071,1,0.955703382536886,0.9393299276266743,False,False,False,False,-0.13081331195695112,-0.18340854811560128,False,False,False,False,6882827,6456142.74411647,False,False,False,False,121047.57492530707,False,False,False,False
2024-07-01 00:00:00+00:00,27.7233927656,27.7326400614,27.1397034556,27.5476941457,171926,,,,,,,,,27.238178215267187,27.518257514859847,,,,,,,26.97814216072947,27.351491440510934,24.16328756565871,23.662033828617247,,,26.406345523739816,24.217500383992185,22.038934957315472,20.93254419793846,20.148583686363956,"rgba(38, 166, 154, 0.5)",0.0,0.0,0.6717655541823868,24.810006539171837,4.336909221214947,0.0,0.0,0.0,0.0,0.0,0.0,0.0,0.0,52.22407058721279,-2.7377778347466375,False,False,True,False,True,8.469390404737489,1,0.9665137200301803,0.941338199371388,False,False,False,False,-0.03967436588734721,-0.11154145700147425,False,False,False,False,7054753,6479617.6561119035,False,False,False,False,123042.80728117737,False,False,False,False
2024-07-02 00:00:00+00:00,28.4631764285,28.5094129074,27.7141454698,27.7418873572,179116,,,,,,,,,27.29074429566904,27.54571245796634,,,,,,,27.069389565945738,27.374100966324775,24.19617009106686,23.69424296250509,,,26.433001993196346,24.250223799298332,22.070276643993132,20.96400071892237,20.180030696834702,"rgba(38, 166, 154, 1.0)",0.0,0.0,0.6644669269456217,24.846683243640303,5.442698557599783,0.0,0.0,0.0,0.0,0.0,0.0,0.0,0.0,57.354784478278845,1.8869602539036237,True,False,True,False,True,11.80395475244513,0,0.9858039243455465,0.9680489943592491,False,False,False,False,0.15724683382462487,0.02285268841157531,False,False,False,False,7233869,6509196.140185947,False,False,False,False,125241.75601524886,False,False,False,False
2024-07-03 00:00:00+00:00,28.2504886254,28.6388750484,27.9823170476,28.5741439779,58075,,,,,,,,,27.30765322341921,27.554927098824997,,,,,,,27.097607253902005,27.38169440447275,24.206878985123947,23.704729509681393,,,26.441769215244168,24.260882067362175,22.080471614854147,20.974227813234144,20.190252011557536,"rgba(38, 166, 154, 1.0)",0.0,0.0,0.649811378406242,24.8584656971281,5.220011592581426,0.0,0.0,0.0,0.0,0.0,0.0,0.0,0.0,59.47211167982374,3.628355443208129,True,False,True,False,True,10.546102588211145,0,0.9988592677998758,0.9105396976430824,False,False,False,False,0.21686644299549698,0.11985956570353615,False,False,False,False,7175794,6535337.232727675,False,False,False,False,122607.76558327832,False,False,False,False
2024-07-05 00:00:00+00:00,27.4552211878,27.8158657235,27.3072644553,27.6586616951,129827,,,,,,,,,27.315611791067635,27.554151777189755,,,,,,27.5261171222,27.118655115665508,27.384320835203972,24.226173670420337,23.724120946698314,,,26.453090761874503,24.280024880859063,22.100351443674246,20.994609560681564,20.21086129405087,"rgba(38, 166, 154, 1.0)",0.0,0.0,0.6288497011355949,24.87474793246465,4.1034817233362055,0.0,0.0,0.0,0.0,0.0,0.0,0.0,0.0,56.80386682904163,3.628355443208129,True,False,True,False,True,6.0641871215220995,0,0.9642758921969938,0.9350822179596489,False,False,False,False,-0.0033468828015165175,0.058256341451009816,False,False,False,False,7045967,6555361.929483453,False,False,False,False,122890.87281530662,False,False,False,False
2024-07-08 00:00:00+00:00,27.9360805687,28.0008116392,27.5014576668,27.6771562867,122190,,,,,,,,,27.332093079297753,27.56054070601063,,,,,,27.66510671113612,27.149326301820494,27.391530970072935,24.245689385696902,23.74355536570642,,,26.46632203452505,24.29941078937204,22.119911285405156,21.014513722276746,20.230908727173738,"rgba(38, 166, 154, 1.0)",0.0,0.0,0.6178268609577776,24.892935273253297,4.92556327306506,0.0,0.0,0.0,0.0,0.0,0.0,0.0,0.0,56.858021749941095,3.628355443208129,True,False,True,False,True,8.222779251950282,0,0.9762281561248073,0.9199028485422754,False,False,False,False,0.051587278926965144,0.05492181018898748,False,False,False,False,7168157,6579393.108719396,False,False,False,False,122863.38760686322,False,False,False,False
2024-07-09 00:00:00+00:00,27.963822456,28.139521076,27.834360315,27.8528549066,95853,,,,,,,,,27.34849538191908,27.568500061330756,,,,,,27.751662326834417,27.177129343726474,27.39918805591123,24.26155810968245,23.759290377500687,,,26.477783552354186,24.315183407895212,22.135607569124375,21.03042687265681,20.24690488847102,"rgba(38, 166, 154, 1.0)",0.0,0.0,0.6171247649724761,24.90830629543395,4.951213002612732,0.0,0.0,0.0,0.0,0.0,0.0,0.0,0.0,56.99653269576193,3.628355443208129,True,False,True,False,True,8.345649299119334,0,1.0010988962176302,0.9033478853199917,False,False,False,False,0.12039578950588668,0.08765879984743707,False,False,False,False,7264010,6606240.829946087,False,False,False,False,121804.15672031957,False,False,False,False
2024-07-10 00:00:00+00:00,28.2967251043,28.4353420682,28.0601792781,28.0747900055,111033,,,,,,,,,27.37461003416268,27.583487119306486,,,,,,27.875643887747618,27.217734804244024,27.412047107892967,24.281167673546307,23.778592285943958,,,26.493322949674134,24.334692999503034,22.154566007320877,21.04952139106788,20.266031516401213,"rgba(38, 166, 154, 1.0)",0.0,0.0,0.6208904618722589,24.928486180925017,5.4248520958403095,0.0,0.0,0.0,0.0,0.0,0.0,0.0,0.0,58.31541859779216,3.628355443208129,True,False,True,False,True,9.814322069327147,0,0.9860344057483144,0.9098150344201711,False,False,False,False,0.19787877351793076,0.14276878668268392,False,False,False,False,7375043,6636389.934654084,False,False,False,False,121381.75841756196,False,False,False,False
2024-07-11 00:00:00+00:00,29.6560775848,30.0352167121,28.5140365553,28.65736964,274485,,,,,,,,29.401776950733332,27.508131172170135,27.67543894783478,,,,,,28.446829445451908,27.402380508797346,27.48258633137681,24.342444148778686,23.837530695769658,,,26.55455350621528,24.395832898131488,22.20956807318593,21.103671135527616,20.319595594598574,"rgba(38, 166, 154, 1.0)",0.0,0.0,0.6724193581350535,25.002266238762747,6.920995491480998,0.0,0.0,0.0,0.0,0.0,0.0,0.0,0.0,62.82510476395677,6.760440455518996,True,False,True,False,True,15.295713444104443,0,0.9944324909804594,0.8607291774814051,False,False,False,False,0.3428282283472066,0.24279850751494525,False,False,False,False,7649528,6676120.839177453,False,False,False,False,127385.80710706934,False,False,False,False
2024-07-12 00:00:00+00:00,29.3971533028,30.0352167121,29.3786587113,29.8410235006,198193,,,,,,,,29.486432945400374,27.603268037504318,27.74336744327355,,,,,,28.69294753626899,27.529026837628496,27.535526846588976,24.387514699541242,23.880841571317934,,,26.600209575542706,24.44081366704208,22.2498666930582,21.14327642752752,20.358734037331566,"rgba(38, 166, 154, 1.0)",0.0,0.0,0.7110939450119873,25.05567697315626,6.10534847061671,0.0,0.0,0.0,0.0,0.0,0.0,0.0,0.0,64.50925617778222,8.396218410237509,True,False,True,False,True,13.843669584183239,0,1.043484357975596,0.8459578403985094,False,False,False,False,0.3428282317898273,0.29281336965238625,False,False,False,False,7451335,6706521.394503828,False,False,False,False,130162.55976953721,False,False,False,False
2024-07-15 00:00:00+00:00,29.8132816132,30.0074748247,29.4711316691,29.7208086553,147197,,,,,,,,29.55233582522495,27.67374607106784,27.79488612833797,,,,,,28.839085313827646,27.62061057998061,27.57608358812563,24.421505166483584,23.91347883918448,,,26.635005936104754,24.474742681413773,22.280159351475607,21.17300583263311,20.388089370648053,"rgba(38, 166, 154, 1.0)",0.0,0.0,0.7577580658554909,25.095632099358625,6.225799138825744,0.0,0.0,0.0,0.0,0.0,0.0,0.0,0.0,66.58426092095108,10.434520016194277,True,False,True,False,True,15.415036782891182,0,1.0444123791811604,0.849008732767591,False,False,False,False,0.34282823201133644,0.31782080083186137,False,False,False,False,7598532,6741502.202562502,False,False,False,False,130830.57703347693,False,False,False,False
2024-07-16 00:00:00+00:00,30.4143558393,30.4420977266,30.0074748247,30.0722058952,174736,,,,,,,,29.71410409212551,27.771197633004505,27.868127598566577,,,,,,29.041056241706908,27.744345096874103,27.63343392625988,24.46520450556546,23.95518351050744,,,26.68208494193227,24.518397296262613,22.318299709694614,21.21016866248055,20.42463413618415,"rgba(38, 166, 154, 1.0)",0.0,0.0,0.8261074095618658,25.148418982370085,6.3743973192575005,0.0,0.0,0.0,0.0,0.0,0.0,0.0,0.0,69.17537927308928,12.95504968550025,True,False,True,False,True,17.589260230702255,0,1.0432721222289028,0.8527636580072513,False,False,False,False,0.34282823488014846,0.3303245178560049,False,False,False,False,7773268,6781963.606383581,False,False,False,False,132552.35832628177,False,False,False,False
2024-07-17 00:00:00+00:00,30.6085490508,30.6455382339,30.1276896699,30.3033882898,222185,,,,,,,,29.877222836210223,27.89290569978862,27.961482429254634,,,,,,29.25478520889847,27.895638576808235,27.70746634452199,24.52145850437551,24.008855507024716,,,26.743006983257462,24.5746009262307,22.367314532042602,21.25787782726214,20.471521131996383,"rgba(38, 166, 154, 1.0)",0.0,0.0,0.8978578870228655,25.215570267059718,6.006494860364178,0.0,0.0,0.0,0.0,0.0,0.0,0.0,0.0,71.2630264400006,14.992493269524061,True,False,True,False,True,18.2716732994915,0,1.0219730378142604,0.8554192498464315,False,False,False,False,0.3428282356798369,0.3365763767679209,False,False,False,False,7995453,6829551.425741088,False,False,False,False,136067.36388211386,False,False,False,False
2024-07-18 00:00:00+00:00,31.0709138401,31.1624620683,30.5345706845,30.599301755,239264,,,,,,,,30.076363652082772,28.033694505745625,28.072024245377264,,,,,,29.487478118101752,28.066927534168595,27.795644874364317,24.585489954823174,24.069740561808583,,,26.81433827110268,24.63860670379716,22.4224173872811,21.311259109614305,20.52383777583892,"rgba(38, 166, 154, 1.0)",0.0,0.0,0.9841878339105592,25.29251846847144,5.871232271454486,0.0,0.0,0.0,0.0,0.0,0.0,0.0,0.0,73.46866503322596,17.15364652437755,True,False,True,False,True,19.863935516974582,0,1.018723855490899,0.8636925514516903,False,False,False,False,0.3428282376399185,0.3397023072039197,False,False,False,False,8234717,6884655.958064967,False,False,False,False,140114.29078869763,False,False,False,False
2024-07-19 00:00:00+00:00,30.5160760929,31.1541395021,30.3958612477,31.0709138401,148550,,,,,,,,30.14112285058684,28.108145307233805,28.13129724318371,,,,,,29.583232944541752,28.15591082911637,27.844081663441848,24.623160057895937,24.10573295916272,,,26.854959969294374,24.67624462130687,22.45534111893439,21.343306300921746,20.555331608670684,"rgba(38, 166, 154, 1.0)",0.0,0.0,1.0376077635784073,25.336054361536668,4.992273490224229,0.0,0.0,0.0,0.0,0.0,0.0,0.0,0.0,71.92780359159947,17.15364652437755,True,False,True,False,True,16.711869300441883,0,1.0131426814170814,0.8658394833903205,False,False,False,False,0.330544949075587,0.3351236281397534,False,False,False,False,8086167,6931774.038140851,False,False,False,False,140445.10291463108,False,False,False,False
2024-07-22 00:00:00+00:00,30.8027422623,30.8212368538,29.9057545711,30.5160760929,258506,,,,,,,,30.198445375634588,28.219893873844004,28.221504095339487,,,,,,29.696121611711746,28.287190544421673,27.919552249246895,24.685716622462937,24.1657663159352,,,26.920451602182794,24.73872264817869,22.510783238743198,21.39749857119452,20.608715468305856,"rgba(38, 166, 154, 1.0)",0.0,0.0,1.0976679376350074,25.405926222005263,4.916619913233967,0.0,0.0,0.0,0.0,0.0,0.0,0.0,0.0,71.54282972876757,17.15364652437755,True,False,True,False,True,17.715367717861348,0,1.0044639612295603,0.8636341611078153,False,False,False,False,0.26342479540694685,0.2992742117733501,False,False,False,False,8344673,6987181.8405667,False,False,False,False,145074.9420160181,False,False,False,False
2024-07-23 00:00:00+00:00,31.4962894462,31.6257515872,30.6270436423,30.8027422623,311114,,,,,,,,30.36410917468708,28.380555394722542,28.353683779796246,,,,,,29.894770184351415,28.473522142139256,28.02927746313916,24.76860510267489,24.244794158724954,,,27.011841683821682,24.8215775906431,22.582582637798005,21.467102175730854,20.676953045797433,"rgba(38, 166, 154, 1.0)",0.0,0.0,1.1792462965249675,25.501314769047532,5.083734156993843,0.0,0.0,0.0,0.0,0.0,0.0,0.0,0.0,72.6630929503519,17.15364652437755,True,False,True,False,True,20.0,0,1.0171487971397764,0.8508226908152365,False,False,False,False,0.342828238633225,0.32105122520328755,False,False,False,False,8655787,7052617.337015065,False,False,False,False,151586.27762323307,False,False,False,False
2024-07-24 00:00:00+00:00,30.1369369657,31.8569339818,30.0537113036,31.4870421504,296045,,,,,,,,30.405631073380142,28.491130409681677,28.446556014607857,,,,,,29.98022140444381,28.59826564918869,28.109936405593785,24.838823900794168,24.312416641838958,,,27.08412449580927,24.891699129641196,22.64541762593977,21.528640039269103,20.73763787539515,"rgba(38, 166, 154, 0.75)",0.0,0.0,1.2094761303230779,25.964702174877647,3.4496214404064798,0.0,0.0,0.0,0.0,0.0,0.0,0.0,0.0,67.5787469220153,17.15364652437755,True,False,True,False,False,12.884818379238023,0,1.0128785261864253,0.8487967760453751,False,True,False,False,0.31606094074866475,0.31855608297597615,False,False,False,False,8359742,7103877.127720357,False,False,False,False,157251.3255595769,False,False,False,False
2024-07-25 00:00:00+00:00,30.3958612477,30.7934949665,29.95199105,30.2848936983,236708,,,,,,,,30.403253403735157,28.56100989799983,28.506314762133538,,,,,,30.012163662013727,28.675258318253512,28.163815885855396,24.890939356679553,24.362955909914806,,,27.13522066162337,24.94370798475231,22.693099281755394,21.575651270691647,20.784174617767075,"rgba(38, 166, 154, 0.75)",0.0,0.0,1.245421738844117,26.009264367061853,3.522177864591775,0.0,0.0,0.0,0.0,0.0,0.0,0.0,0.0,64.85147052447392,21.09051510769575,True,False,True,False,False,13.781866659105955,0,1.017459039946658,0.8737338315526169,False,False,False,False,0.22787383172136663,0.2732149573486714,False,False,False,False,8596450,7162409.39722152,False,False,False,False,160367.27357684838,False,False,False,False
2024-07-26 00:00:00+00:00,30.5160760929,30.6686564734,30.2386572193,30.6362909381,135524,,,,,,,,30.406905482921104,28.600689287009928,28.540529552817105,,,,,,30.032365019128868,28.718686294801937,28.194788343103365,24.92084195524172,24.39196049414248,,,27.164595283754828,24.973550941189274,22.72046571378015,21.60262781674453,20.81087601342572,"rgba(38, 166, 154, 0.75)",0.0,0.0,1.2826048844702607,26.037883174605362,3.4914828194687675,0.0,0.0,0.0,0.0,0.0,0.0,0.0,0.0,63.34824284878907,19.642338431865824,True,False,True,False,False,14.197869313809267,0,1.0327356454075425,0.8610505108564495,False,False,False,False,0.23988714507318176,0.2565510512109266,False,False,False,False,8731974,7223960.950271657,False,False,False,False,159393.02755422686,False,False,False,False
2024-07-29 00:00:00+00:00,30.2663991067,30.3866139519,29.6283356975,30.3866139519,174148,,,,,,,,30.387545757177634,28.63944317213755,28.574469080730903,,,,,,30.035630357240578,28.76005375764626,28.226943543515528,24.956197851940164,24.426522089924582,,,27.197336297745093,25.00880819490021,22.753637540631047,21.635576258824475,20.84362881817116,"rgba(38, 166, 154, 0.75)",0.0,0.0,1.3069770528905404,26.06635295128088,3.213557687283186,0.0,0.0,0.0,0.0,0.0,0.0,0.0,0.0,61.33071590518242,17.65633260615131,True,False,True,False,False,12.931515928552432,0,1.0143394093457532,0.8580528472441736,False,False,False,False,0.17438688892364057,0.21546897006728358,False,False,False,False,8557826,7276269.383594337,False,False,False,False,159971.65392464935,False,False,False,False
2024-07-30 00:00:00+00:00,30.1369369657,30.4328504308,30.081453191,30.2756464025,153741,,,,,,,,30.378722844048664,28.67478324295539,28.60555556806755,,,,,,30.043765045885426,28.797748500187037,28.256255012415533,24.98775091562795,24.457343601356357,,,27.22684307459186,25.04027782508661,22.78316291456443,21.66487288038248,20.872734956374607,"rgba(38, 166, 154, 0.75)",0.0,0.0,1.3262486323904694,26.094266562698856,3.0481994885940167,0.0,0.0,0.0,0.0,0.0,0.0,0.0,0.0,59.45118395969345,15.779606412962366,True,False,True,False,False,12.275924766374693,0,1.0252452884397716,0.8805121565201678,False,False,False,False,0.2108225516926893,0.21314576087998643,False,False,False,False,8404085,7320497.446982795,False,False,False,False,159727.31455505526,False,False,False,False
2024-07-31 00:00:00+00:00,29.8965072753,30.5160760929,29.8780126837,30.3126355856,139432,,,,,,,,30.366085503970083,28.70309867276439,28.63071997411732,,,,,,30.045839699786658,28.827531066318972,28.280517011459043,25.015391384452123,24.484436601784882,,,27.252053372806195,25.067836281187216,22.80930925264636,21.690899305642677,20.898638663425672,"rgba(38, 166, 154, 0.5)",0.0,0.0,1.3371407288070682,26.117791381926786,2.8259672388742505,0.0,0.0,0.0,0.0,0.0,0.0,0.0,0.0,57.19418809467844,13.53685246320505,False,False,True,False,False,11.059993363587122,0,1.0033471324071757,0.8793264680004813,False,False,False,False,0.20200399482359382,0.20757487785179013,False,False,False,False,8264653,7357523.154944254,False,False,False,False,158931.4198666217,False,False,False,False
2024-08-01 00:00:00+00:00,28.5001656116,30.0074748247,28.0840373013,29.8872599795,210530,,,,,,,,30.27083773958689,28.70779172406709,28.636513212555766,,,,,,29.979997375772225,28.828747612415768,28.2919012941041,25.046573798748355,24.51597557908421,,,27.27315149228987,25.098819200281135,22.841815841970227,21.724174218423258,20.932270457505478,#000000,0.0,0.0,1.330484310786002,26.128905033193963,1.7822536945251028,0.0,0.0,0.0,0.0,0.0,0.0,0.0,0.0,51.18042979156123,7.857945782928603,False,True,False,False,False,4.496428842298403,0,0.9405171280835646,0.9150604520707859,False,False,False,False,0.0374065920755423,0.12249073496366622,False,False,False,False,8054123,7384840.795926832,False,False,False,False,160954.89359734242,False,False,False,False
2024-08-02 00:00:00+00:00,27.3812428215,28.1580156675,27.233286089,27.834360315,180978,,,,,,,,30.132313716693194,28.680453719797274,28.614647161363514,,,,,,29.87081622764958,28.794140175000962,28.280334974939258,25.064172451269524,24.534894051590523,,,27.276686473349745,25.116181934570783,22.86363330670168,21.747476145292932,20.956351218367637,"rgba(239, 83, 80, 1.0)",0.0,0.0,1.3244384170578984,26.120338270432768,0.9520295808605421,0.0,0.0,0.0,0.0,0.0,0.0,0.0,0.0,44.76248564115539,2.0218796056024644,False,True,False,True,False,0.0,0,0.9100330606858946,0.9594147828470168,False,False,False,False,-0.15368131983202968,-0.015595292434181729,False,False,False,False,7873145,7403989.980400289,False,False,False,False,161740.11345627016,False,False,False,False
2024-08-05 00:00:00+00:00,26.2623200315,26.8271011074,25.7634300811,26.1211247625,224328,,,,,,,,29.90061787170781,28.609898197960007,28.555770167648987,,,,,26.284283740000003,29.67854790935298,28.710078912152333,28.240332971897953,25.074544509202592,24.548134530279064,,26.284283740000003,27.263185312448407,25.12618352053952,22.883001961855175,21.769702846943417,20.9801285248018,"rgba(239, 83, 80, 1.0)",0.0,0.0,1.3289812967048487,26.235089199475546,0.02049000395413521,1.0,26.8271,25.76343,0.0,0.0,0.0,0.0,0.0,38.687870227881064,-3.3440857631616367,False,True,False,True,False,0.0,0,0.891213431782604,0.9779327966782111,True,False,False,False,-0.34282825441539394,-0.17921177342478783,False,False,False,False,7648817,7413591.039992435,True,False,False,False,164194.54037955368,True,False,False,False
2024-08-06 00:00:00+00:00,26.7894490357,27.1189046633,26.0112748432,26.2434939956,190337,,,,,,,,29.742129712170822,28.561879837160454,28.515561318352976,,,,,26.447505614023274,29.546345771703727,28.652874416685215,28.213573896465014,25.08575411526786,24.561481567388586,,26.447505614023274,27.256072489649775,25.13710098859115,22.900964829752812,21.789863623541493,21.00147859811653,"rgba(239, 83, 80, 1.0)",0.0,0.0,1.330090134972675,26.226539562094132,0.42321152439599974,0.0,0.0,0.0,0.0,0.0,0.0,0.0,0.0,36.60740788245789,-4.980392715805138,False,True,False,True,False,0.0,0,0.9116675781574267,0.9554330000500437,False,False,False,False,-0.3019961053066126,-0.2406039393657002,False,False,False,False,7839154,7430279.783522143,False,False,False,False,165219.73487447316,False,False,False,False
2024-08-07 00:00:00+00:00,26.5352975515,27.2318608785,26.4411673722,27.0530135378,91528,,,,,,,,29.673475162125733,28.540727781900337,28.497782356121316,,,,,26.49968976940985,29.488757211576857,28.627739101068833,28.201789769557756,25.091417799008557,24.568133714172973,,26.49968976940985,27.253234794168343,25.142627637255977,22.90976242611326,21.799690274888906,21.01186227986324,"rgba(239, 83, 80, 1.0)",0.0,0.0,1.3350279349685803,26.222815523896905,0.23406403672777842,0.0,0.0,0.0,0.0,0.0,0.0,0.0,0.0,34.77800204305706,-6.582579029207167,False,True,False,True,False,0.0,0,0.9201176252566996,0.9503879930175692,False,False,False,False,-0.26188512301499445,-0.25124453119034734,False,False,False,False,7747626,7442724.733187942,False,False,False,False,162329.86291861147,False,False,False,False
2024-08-08 00:00:00+00:00,27.0530135378,27.1094916454,26.7376774371,26.7894490357,138809,,,,,,,,29.582860038451354,28.513550226020723,28.474929364036573,,,,,26.600199606451795,29.412739383917447,28.595349965969987,28.187028935992917,25.10112745764703,24.579209825103845,,26.600199606451795,27.25088293042425,25.152139226522937,22.923827403877826,21.81521159395277,21.02816990032588,"rgba(239, 83, 80, 1.0)",0.0,0.0,1.3319613209722097,26.221625052648182,0.6241836546311861,0.0,0.0,0.0,0.0,0.0,0.0,0.0,0.0,35.48627551644796,-6.582579029207167,False,True,False,True,False,0.0,0,0.9402547918061835,0.9459396038867794,False,False,False,False,-0.24919613874159818,-0.25022033496597273,False,False,False,False,7886435,7460125.135808023,False,False,False,False,161407.47613748946,False,False,False,False
2024-08-09 00:00:00+00:00,26.8553401612,27.0624265557,26.6576667846,27.0624265557,92155,,,,,,,,29.52362543736399,28.494792776903843,28.459068245233826,,,,,26.632488019970687,29.362629073194654,28.573152181798413,28.176570439749455,25.107147510407508,24.58617605610191,,26.632488019970687,27.248756005918803,25.158025902151586,22.932862790982384,21.82524931124499,21.038750798848564,"rgba(239, 83, 80, 1.0)",0.0,0.0,1.3354427485535914,26.218890244607998,0.47658345315165135,0.0,0.0,0.0,0.0,0.0,0.0,0.0,0.0,35.53943446947042,-6.582579029207167,False,True,False,True,False,0.0,0,0.9400896720977208,0.9354291921740454,False,False,False,False,-0.25844768871665486,-0.25433401184131377,False,False,False,False,7794280,7473229.248129277,False,False,False,False,158691.6927595487,False,False,False,False
2024-08-12 00:00:00+00:00,26.6859058384,26.8741661971,26.49773961,26.8271011074,85592,,,,,,,,29.467455540076053,28.475950760779067,28.443054747065137,,,,,26.63804843209542,29.314729431900904,28.55101345515239,28.16575081333312,25.112154779186188,24.592119738135498,,26.63804843209542,27.245936847710553,25.162905993662076,22.94085039948441,21.834218083304776,21.04825347735399,"rgba(239, 83, 80, 1.0)",0.0,0.0,1.3351212254054188,26.214403395586896,0.35315328214479513,0.0,0.0,0.0,0.0,0.0,0.0,0.0,0.0,35.205128127125874,-6.808438128290227,False,True,False,True,False,0.0,0,0.9260789222104883,0.9455534069436425,False,False,False,False,-0.2840255029764799,-0.2691797574088968,False,False,False,False,7708688,7482462.924673227,False,False,False,False,155825.03814152715,False,False,False,False
2024-08-13 00:00:00+00:00,27.307165022,27.3354040758,26.751796964,26.8647531791,122370,,,,,,,,29.40316694550391,28.456221783109747,28.426335498996252,,,,,26.701932667863936,29.260265058674545,28.52759798725218,28.155127883733833,25.121269734953223,24.602354872302246,,26.701932667863936,27.24512283928944,25.17185426771329,22.953562831485396,21.848155500340503,21.062853191923384,"rgba(239, 83, 80, 1.0)",0.0,0.0,1.329977233354016,26.215200971288304,0.8210396564142042,0.0,0.0,0.0,0.0,1.0,27.1000786275,26.8741661971,0.0,37.415631427289256,-6.808438128290227,False,True,False,True,False,0.0,0,0.9368066098283706,0.9317070440567081,False,False,False,False,-0.23183303394432908,-0.2505063956766129,False,False,False,False,7831058,7496133.319784081,False,False,False,False,154513.07586146728,False,False,False,False
2024-08-14 00:00:00+00:00,27.4765993448,27.5048383986,27.1000786275,27.2318608785,68468,,,,,,,,29.372190349270223,28.44729890517441,28.418787537795414,,,,,26.74641938851474,29.234113613004805,28.516925200119122,28.150587583165525,25.126910923513957,24.60856107235597,,26.74641938851474,27.24558005623599,25.177406645940284,22.961030163918696,21.856258456059766,21.071298601127086,"rgba(239, 83, 80, 0.75)",0.0,0.0,1.329204167166949,26.217372549178112,0.9473539330724416,0.0,0.0,0.0,0.0,1.0,27.7026059053,27.3354040758,0.0,39.516909417725806,-6.808438128290227,False,True,False,True,True,0.523715791067783,0,0.9376176515345357,0.93199486863636,False,False,False,False,-0.19483177429970783,-0.22266908498816038,False,False,False,False,7899526,7511952.640576862,False,False,False,False,151138.75916101757,False,False,False,False
2024-08-15 00:00:00+00:00,27.9566632593,28.1778691807,27.7026059053,27.994315331,77009,,,,,,,27.945712781766673,29.348267605859412,28.4427464417835,28.415049189267577,,,,,26.831103712426565,29.214469641342138,28.511109795854086,28.149279353207508,25.13487545725702,24.616985489361646,,26.831103712426565,27.248686652616776,25.185283141164103,22.97051200218462,21.866309738174014,21.081651858062013,"rgba(239, 83, 80, 0.75)",0.0,0.0,1.3244194494403696,26.22477763651748,1.3076564403477502,0.0,0.0,0.0,0.0,0.0,0.0,0.0,0.0,42.63703144432419,-6.808438128290227,False,True,False,True,True,2.349775434454507,0,0.96822584424527,0.9085805106618806,False,False,False,False,-0.1056654080236864,-0.1641672465059234,False,False,False,False,7976535,7530171.5566326715,False,False,False,False,148231.70978215415,False,False,False,False
2024-08-16 00:00:00+00:00,28.2672928511,28.3049449228,27.7119247931,27.9190111876,48787,,,,,,,28.003502035012872,29.335089306267978,28.440756754908175,28.413453533394147,,,,,26.885210267963423,29.203757242657147,28.508441389440183,28.14905953318981,25.140164179539077,24.622538507091583,,26.885210267963423,27.2510582223427,25.19051804212878,22.976679676563464,21.872815963248485,21.088336803487213,"rgba(239, 83, 80, 0.75)",0.0,0.0,1.3082439387268288,26.230011876615254,1.5572638360300053,0.0,0.0,0.0,0.0,0.0,0.0,0.0,0.0,45.76061449952798,-11.534436560492452,False,True,False,True,True,3.507158712521303,0,0.975824174685758,0.8943938056404188,False,False,False,False,-0.09625335031880212,-0.13021029841236276,False,False,False,False,8025322,7549589.22107845,False,False,False,False,144331.91724167753,False,False,False,False
2024-08-19 00:00:00+00:00,28.4555532097,28.6202810235,28.3049449228,28.4273141559,108738,,,,,,,28.21527055047394,29.315060233534698,28.44100214239665,28.41396749321337,,,,,27.022430719482607,29.188234806849394,28.507762885181375,28.151829275098958,25.15333410716053,24.636147949522066,,27.022430719482607,27.25856613044761,25.20357830471519,22.99135110866654,21.88811753312625,21.10396561903237,#000000,0.0,0.0,1.3020669134681064,26.24521475206318,1.697561342488533,0.0,0.0,0.0,0.0,0.0,0.0,0.0,0.0,48.47045692456559,-8.83028426879595,False,False,False,False,True,4.2046439062380045,0,0.9878379754916943,0.8919188771851569,False,False,False,False,-0.0339231390631878,-0.08206671873777528,False,False,False,False,8134060,7572509.643781256,False,False,False,False,142936.07734984704,False,False,False,False
2024-08-20 00:00:00+00:00,28.2014017256,28.3896620842,27.9660762772,28.3143579407,101196,,,,,,,28.206361399635238,29.291499408635843,28.438047467107886,28.411658561736836,,,,,27.109674525293933,29.169127529310696,28.503596871173173,28.152107627427025,25.16448726990459,24.647823924953197,,27.109674525293933,27.26389271358655,25.21462255897881,23.004252677795364,21.901701857607296,21.117910400713512,#000000,0.0,0.0,1.3012535103128489,26.255449522006625,1.4954443451418833,0.0,0.0,0.0,0.0,0.0,0.0,0.0,0.0,49.28832789813274,-7.881722324697336,False,False,False,False,True,3.1542964542217966,0,0.9726832862003074,0.8950910216903145,False,False,False,False,-0.0729391779333733,-0.07750294833557429,False,False,False,False,8032864,7590562.755789835,False,False,False,False,141299.21157142168,False,False,False,False
2024-08-21 00:00:00+00:00,28.3331839766,28.4555532097,28.1260975821,28.3331839766,82196,,,,,,,28.225750409340428,29.275060463815564,28.436807848529142,28.41078890889109,,,,,27.17830571871894,29.155953267303698,28.501531306314895,28.153120669674312,25.173841311539327,24.657569014872156,,27.17830571871894,27.268728175292182,25.223890766671047,23.014924902298134,21.912901143719797,21.129387027965052,#000000,0.0,0.0,1.301533371431336,26.264298384251067,1.5895755251159773,0.0,0.0,0.0,0.0,0.0,0.0,0.0,0.0,50.33148713171744,-6.635567347074797,False,False,False,False,True,3.654889430254535,0,0.9864158136479223,0.8842708084998302,False,False,False,False,-0.057441804670681905,-0.0674723765031281,False,False,False,False,8115060,7611131.275170625,False,False,False,False,138981.43856862083,False,False,False,False
2024-08-22 00:00:00+00:00,27.9095981696,28.3237709587,27.8766526069,28.3237709587,63550,,,,,,,28.200794209191447,29.259309226697628,28.433947255889073,28.408446470406123,,,,,27.214792006364387,29.142914538550187,28.497824044848844,28.152526964863032,25.180418922822508,24.66451636599969,,27.214792006364387,27.271476094955688,25.230397862965724,23.022729791162423,21.92117079916394,21.137904310579575,#000000,0.0,0.0,1.300299006773896,26.269194137437985,1.2615590903448697,0.0,0.0,0.0,0.0,0.0,0.0,0.0,0.0,49.329268556523616,-6.635567347074797,False,False,False,False,True,1.897553157617839,0,0.9782987193456746,0.8928350153141789,False,False,False,False,-0.08361349731768264,-0.07554293691040537,False,False,False,False,8051510,7628401.029085503,False,False,False,False,136023.34293847883,False,False,False,False
2024-08-23 00:00:00+00:00,28.5120313173,28.7755958194,27.8154679903,28.144923618,118999,,,,,,,28.233870405380106,29.238567771260175,28.433072107566886,28.40797425960771,,,,,27.299791656341032,29.126365387693966,28.495909407069153,28.154561798512038,25.194072790697454,24.67871843525495,,27.299791656341032,27.278772343763773,25.24392972625638,23.038240174738643,21.93743097128044,21.154559348417358,#000000,0.0,0.0,1.300601588939342,26.28174288623446,1.7148129373610628,0.0,0.0,0.0,0.0,0.0,0.0,0.0,0.0,50.977897380256096,-5.514712970817911,False,False,False,False,True,4.1934069696654745,0,0.9639312268781881,0.8979209552752884,False,False,False,False,-0.056796729852377055,-0.06616983338139121,False,False,False,False,8170509,7649660.165199798,False,False,False,False,135355.7216467738,False,False,False,False
2024-08-26 00:00:00+00:00,28.7755958194,28.9167910884,28.4084881201,28.7661828015,127486,,,,,,,28.315553602834363,29.225479046374293,28.436801065205525,28.411558885995237,,,,,27.402312026438207,29.116838824668502,28.499081117984005,28.160035277378878,25.210090675820307,24.695173933601982,,27.402312026438207,27.288836728121268,25.259827550736446,23.055787960661966,21.955656366233676,21.173136099943278,"rgba(38, 166, 154, 0.5)",0.0,0.0,1.3026296201890089,26.298373805634377,1.9017086479318526,0.0,0.0,0.0,0.0,0.0,0.0,0.0,0.0,52.987029712889644,-3.3374748613273155,False,False,True,False,True,5.172426264431753,0,0.9987238423387667,0.8836579123912918,False,False,False,False,-0.006583801051207776,-0.03637681721629949,False,False,False,False,8297995,7675085.060682158,False,False,False,False,135047.10511160622,False,False,False,False
2024-08-27 00:00:00+00:00,29.1427035188,29.1427035188,28.5214443353,28.7473567656,73043,,,,,,,28.372096765912715,29.221496225621852,28.44075762026969,28.415215206027426,,,,,27.464032383401907,29.114546640022372,28.50292829501387,28.164466677206384,25.21981668419225,24.705091964255356,,27.464032383401907,27.295489890009403,25.269488998906425,23.066210147233306,21.966417190453633,21.184069944085117,"rgba(38, 166, 154, 1.0)",0.0,0.0,1.3074769108607,26.30905914616971,2.167261501210702,0.0,0.0,0.0,0.0,0.0,0.0,0.0,0.0,55.52763460998169,-0.7161662335584182,True,False,True,False,True,6.518203560849013,0,1.0148836044100322,0.8634905210303282,False,False,False,False,0.01656489965441024,-0.009905958780944626,False,False,False,False,8371038,7702377.332812269,False,False,False,False,132615.57157781773,False,False,False,False
2024-08-28 00:00:00+00:00,29.1897686085,29.2368336981,28.9026715615,29.0956384291,51298,,,,,,,28.416494812298627,29.22042827155744,28.44446367992279,28.41860179635208,,,,,27.5092775348685,29.114504476528662,28.506661063218566,28.16824467398333,25.226935640643028,24.712315273618984,,27.5092775348685,27.30062305455348,25.276564775703502,23.07372408570654,21.974143031924278,21.191902467998013,"rgba(38, 166, 154, 1.0)",0.0,0.0,1.3134187854368922,26.31717309164619,2.1871131650506106,0.0,0.0,0.0,0.0,0.0,0.0,0.0,0.0,57.3747579809573,1.206513359570934,True,False,True,False,True,6.690432886195957,0,1.0205027957773132,0.8656078085159776,False,False,False,False,0.049072962927371386,0.01958350207321338,False,False,False,False,8422336,7730611.006035318,False,False,False,False,129426.64720221703,False,False,False,False
2024-08-29 00:00:00+00:00,29.396855003,29.5662893258,29.1991816264,29.4533331106,59011,,,,,,,28.47936735292102,29.22224456672925,28.450434878244003,28.42400584383025,,,,,27.566855779125678,29.117241253912567,28.51284980486066,28.173824367509457,25.23567618898799,24.721118272338735,,27.566855779125678,27.307393072470585,25.285259583603047,23.082741306139543,21.9833549163912,21.20120886137297,"rgba(38, 166, 154, 1.0)",0.0,0.0,1.3208078977896998,26.327744366219243,2.323661633093462,0.0,0.0,0.0,0.0,0.0,0.0,0.0,0.0,59.30062856761423,3.1957044577628437,True,False,True,False,True,7.453150288361037,0,1.0189844793133003,0.8633518263485198,False,False,False,False,0.0920505417612579,0.05581702191723564,False,False,False,False,8481347,7760051.633249619,False,False,False,False,126665.24927271833,False,False,False,False
2024-08-30 00:00:00+00:00,29.5098112182,29.5851153616,28.973269196,29.5851153616,96346,,,,,,,28.563191678829433,29.224579179122323,28.45970199338297,28.432417357835334,,,,,27.65214137845868,29.12108808083859,28.522413371880845,28.182592559561765,25.24976078366677,24.73532354781138,,27.65214137845868,27.318187111326274,25.299268657774675,23.0973353094553,21.99828233300161,21.216299807284145,"rgba(38, 166, 154, 1.0)",0.0,0.0,1.3282235541541207,26.34424838643499,2.383305748391879,0.0,0.0,0.0,0.0,0.0,0.0,0.0,0.0,60.96664844467739,4.936443147799231,True,False,True,False,True,7.8703356749956015,0,1.0227058106141957,0.8539811165455975,False,False,False,False,0.07780259179931051,0.06680980685827308,False,False,False,False,8577693,7792116.000573164,False,False,False,False,125476.25910516075,False,False,False,False
2024-09-03 00:00:00+00:00,29.0862254112,29.7827887382,28.7944218553,29.7168976127,115266,,,,,,,28.630729302553753,29.22450897405682,28.46891103094039,28.44084219398824,,,,,27.736790006710315,29.12297977683317,28.531767561281526,28.19172661560915,25.265935741723997,24.751711509278117,,27.736790006710315,27.330107195643635,25.315349402060296,23.11433178679924,22.015735879235375,21.23398298008199,"rgba(38, 166, 154, 1.0)",0.0,0.0,1.3297594402505084,26.635225189066837,1.8431906914467395,0.0,0.0,0.0,0.0,0.0,0.0,0.0,0.0,59.63971194066601,4.936443147799231,True,False,True,False,True,5.95703263404334,0,1.0163535915107715,0.8500862476802472,False,False,False,False,0.07909647186334394,0.07295313936080851,False,False,False,False,8462427,7818402.706433039,False,False,False,False,125075.8567873113,False,False,False,False
2024-09-04 00:00:00+00:00,29.0109212677,29.2744857699,28.7097046939,29.1615295547,86512,,,,,,,28.65702697820723,29.221091354446635,28.473673807104316,28.44527632471411,,,,,27.78588612906946,29.121236329872954,28.536409253033998,28.19701636086397,25.277310522365514,24.763323756254945,,27.78588612906946,27.337913631978093,25.326648846793496,23.12656341086565,22.028376890483884,21.246834962177164,"rgba(38, 166, 154, 0.75)",0.0,0.0,1.3331096123304504,26.64117610117561,1.7776071409325176,0.0,0.0,0.0,0.0,0.0,0.0,0.0,0.0,58.341805066770846,4.936443147799231,True,False,True,False,False,5.619375839749129,0,1.0070966248553437,0.8768086690611081,False,False,False,False,0.038443453183129,0.055698296271968754,False,False,False,False,8375915,7840265.933631743,False,False,False,False,123563.54867800498,False,False,False,False
2024-09-05 00:00:00+00:00,29.0673993753,29.2180076623,28.7755958194,29.2180076623,80687,,,,,,,28.679748962076204,29.21830094024178,28.47822205170606,28.449510518926296,,,,,27.829122419737587,29.11993659356585,28.5408578518043,28.202021308352677,25.287919363093902,24.774152912627407,,27.829122419737587,27.345224328253877,25.337187839160574,23.13796821580276,22.040162602268428,21.258817167038718,"rgba(38, 166, 154, 0.75)",0.0,0.0,1.3366797440328284,26.649578395378143,1.8088259291093705,0.0,0.0,0.0,0.0,0.0,0.0,0.0,0.0,57.736645817902826,4.936443147799231,True,False,True,False,False,5.840130694428204,0,1.0027592365396913,0.8780774650323344,False,False,False,False,0.039087394662371246,0.04739284546717,False,False,False,False,8456602,7864435.975450107,False,False,False,False,121882.1153965146,False,False,False,False
2024-09-06 00:00:00+00:00,29.1709425726,29.1897686085,28.5496833891,29.0391603215,125791,,,,,,,28.70554677675539,29.213037353693984,28.484520888074886,28.455418919859973,,,,,27.88819982578985,29.116987470967416,28.5469230569953,28.209232466195342,25.304118257649325,24.790727786356335,,27.88819982578985,27.356158013160442,25.35327636679792,23.1555095289395,22.058325894103138,21.27730356069973,"rgba(38, 166, 154, 0.75)",0.0,0.0,1.3404169734521907,26.662175683988387,1.8716316924504355,0.0,0.0,0.0,0.0,0.0,0.0,0.0,0.0,57.83082068353557,4.936443147799231,True,False,True,False,False,6.249357600566039,0,1.0097897165406586,0.8759802043276633,False,False,False,False,0.021710593079589318,0.03455171927337966,False,False,False,False,8582393,7892591.1528834365,False,False,False,False,122035.40498880815,False,False,False,False
2024-09-09 00:00:00+00:00,29.2368336981,29.7074845947,29.0438668305,29.1991816264,81649,,,,,,,28.7395597384288,29.214617479990974,28.49148512872748,28.461809815421336,,,,,27.935059671388487,29.119667399961614,28.554033826775996,28.216017083883106,25.31557959434725,24.8023351743339,,27.935059671388487,27.364738775435438,25.364672872044455,23.167538965210852,22.070674690765177,21.289813595816625,"rgba(38, 166, 154, 0.75)",0.0,0.0,1.3440424692712172,26.675872479169165,1.9054168878454192,0.0,0.0,0.0,0.0,0.0,0.0,0.0,0.0,58.222077060783164,4.936443147799231,True,False,True,False,False,6.512505902070291,0,1.0264784346812779,0.8642426137190206,False,False,False,False,0.09107797088389888,0.06281484507863927,False,False,False,False,8664042,7922844.127280165,False,False,False,False,120451.62440101177,False,False,False,False
2024-09-10 00:00:00+00:00,28.9544431601,29.255659734,28.5496833891,29.255659734,55147,,,,,,,28.745965831057372,29.211939138023986,28.49385724117793,28.464061314407026,,,,,27.956223455052147,29.117979676944163,28.556265947794714,28.2188849607203,25.322497951750577,24.809435383310912,,27.956223455052147,27.369293135818545,25.371542200837794,23.175099192891395,22.078522397652257,21.297811873074966,"rgba(38, 166, 154, 0.5)",0.0,0.0,1.3464529479394132,26.680826182856237,1.6885974223780071,0.0,0.0,0.0,0.0,0.0,0.0,0.0,0.0,56.52330365198675,4.936443147799231,False,False,True,False,False,5.170557390478635,0,1.0090337423886737,0.8943030093641302,False,False,False,False,0.02621400868439511,0.04451442688151719,False,False,False,False,8608895,7949748.0830731,False,False,False,False,117890.658738227,False,False,False,False
2024-09-11 00:00:00+00:00,28.2202277614,28.7191177118,28.0319674028,28.7191177118,110029,,,,,,,28.718027801290678,29.19612016949066,28.491998901969843,28.46269902689904,,,,,27.971334046648465,29.10481232638013,28.55347014794862,28.21973068555582,25.333947988647324,24.821484759384887,,27.971334046648465,27.374837667879223,25.382879450666064,23.188564917093828,22.092766753537827,21.312475752772777,#000000,0.0,0.0,1.345201101647989,26.885013723230088,0.9925757840475734,0.0,0.0,0.0,0.0,0.0,0.0,0.0,0.0,51.463720170130415,6.3736975190556535,False,False,False,False,False,1.8154423465201823,1,0.9752636008113468,0.907563260306323,False,False,False,False,-0.04583724024321327,-0.0006614066808480409,False,False,False,False,8498866,7971282.119031018,False,False,False,False,117582.35839555143,False,False,False,False
2024-09-12 00:00:00+00:00,28.4273141559,28.5732159339,28.1919887076,28.3990751021,105263,,,,,,,28.698944655848983,29.182740337332174,28.491021425530345,28.46209896922157,,,,,27.9874615731008,29.093768860600317,28.551696296076813,28.221091550277023,25.34508872513167,24.833176194467452,,27.9874615731008,27.380489584039257,25.39391432060707,23.201565632967935,22.10649396107607,21.326594211404576,#000000,0.0,0.0,1.3449570788098761,26.889205502907537,1.1436117012399405,0.0,0.0,0.0,0.0,0.0,0.0,0.0,0.0,49.34928518014596,4.396064625647718,False,True,False,False,False,2.686434596190928,1,0.9634956515937937,0.9320711863979272,False,False,False,False,-0.04487079281229805,-0.022766099746573044,False,False,False,False,8604129,7996099.6437749,False,False,False,False,117099.24630160823,False,False,False,False
2024-09-13 00:00:00+00:00,28.9356171243,29.0485733395,28.559096407,28.700291676,84640,,,,,,,28.70574355049685,29.178287687465076,28.493964245355556,28.46493231428667,,,,,28.012866321743065,29.090718675195088,28.55437934192423,28.22492524211312,25.355300924332813,24.843702311306878,,28.012866321743065,27.386981096137866,25.404050176113266,23.212874081232844,22.118275361505226,21.33862614566851,#000000,0.0,0.0,1.3431801356998998,26.903585948010026,1.512850824905275,0.0,0.0,0.0,0.0,1.0,28.973269196,28.5732159339,0.0,50.64837967468388,4.396064625647718,False,True,False,False,False,4.779598093947104,1,0.9625488090063069,0.9187546523119811,False,False,False,False,0.012706220022410532,-0.005029939862081256,False,False,False,False,8688769,8023263.147940591,False,False,False,False,115826.33468193733,False,False,False,False
2024-09-16 00:00:00+00:00,29.3215508595,29.3686159492,28.973269196,29.0109212677,76402,,,,,,,28.726156618689647,29.178795823132308,28.499339023718463,28.46991420027146,,,,,28.044237873864844,29.092162256808415,28.559789424303297,28.23039629001933,25.36544824985818,24.854038259486817,,28.044237873864844,27.3942768703253,25.414135046407175,23.223716874162545,22.1294628771799,21.349992405492827,"rgba(38, 166, 154, 0.5)",0.0,0.0,1.345360458779139,26.921147513192473,1.784208336616194,0.0,0.0,0.0,0.0,1.0,29.3309638774,29.0485733395,0.0,53.22962876095738,4.396064625647718,False,False,True,False,True,6.319804486739919,1,0.994460964712582,0.8965960763308589,False,False,False,False,0.06294054772988594,0.028955303933902343,False,False,False,False,8765171,8052357.573511549,False,False,False,False,114280.2823414692,False,False,False,False
2024-09-17 00:00:00+00:00,29.4439200926,29.8017089042,29.3309638774,29.5568763078,81647,,,,,,,28.758616347323926,29.183134093710944,28.507381044974938,28.477294000492677,,,,,28.08422860767142,29.09722821187527,28.568091321361027,28.23795285303362,25.377084905244452,24.865796072088738,,28.08422860767142,27.403298016456084,25.425710490818606,23.235846739477363,22.141891007762926,21.362571104000807,"rgba(38, 166, 154, 0.5)",0.0,0.0,1.3474779243393338,26.942466042181422,1.856397054998163,0.0,0.0,0.0,0.0,0.0,0.0,0.0,0.0,55.46316546634837,0.11418871615320825,False,False,True,False,True,6.803764447501067,1,1.0000976149291596,0.89044845118032,False,False,False,False,0.11741042448196683,0.07318286420793459,False,False,False,False,8846818,8083512.884354234,False,False,False,False,113000.54577905865,False,False,False,False
2024-09-18 00:00:00+00:00,29.8675058996,30.1781354914,29.3403768954,29.4439200926,124758,,,,,,,28.81918414249534,29.194618789861828,28.522621466027445,28.491224997601854,,,,,28.15201909848571,29.109479102008258,28.58400276080295,28.251714780244466,25.39588901628625,24.884682014841623,,28.15201909848571,27.41866977245391,25.444428374805046,23.255082677188696,22.161491932421306,21.38234980941959,"rgba(38, 166, 154, 1.0)",0.0,0.0,1.3574412481403257,26.976358085753198,2.129851157689243,0.0,0.0,0.0,0.0,0.0,0.0,0.0,0.0,58.60026164588948,3.0536073614201555,True,False,True,False,True,8.459931868138142,1,0.9911123473326144,0.8854670532972323,False,False,False,False,0.1442210779834041,0.10870197109566934,False,False,False,False,8971576,8118338.888889362,False,False,False,False,113461.622415174,False,False,False,False
2024-09-19 00:00:00+00:00,30.9688289977,30.9970680515,29.95692957,30.3475698141,133442,,,,,,,28.926328528197068,29.223068900802307,28.549097246213876,28.51525617668284,,,,,28.253200820399638,29.137695235727154,28.612137409758496,28.274085447775658,25.419657615101627,24.90817404208316,,28.253200820399638,27.440666914788473,25.468129180597817,23.278177157308985,22.18465644619061,21.40551888139447,"rgba(38, 166, 154, 1.0)",0.0,0.0,1.3877098941632806,27.02674845085311,2.8407094043411494,0.0,0.0,0.0,0.0,0.0,0.0,0.0,0.0,63.74576491684695,7.787116357787156,True,False,True,False,True,12.487631377056918,0,1.0021174943651825,0.8734447379537912,False,False,False,False,0.24613603584834143,0.1774190034720054,False,False,False,False,9105018,8157032.18736429,False,False,False,False,114245.16663418678,False,False,False,False
2024-09-20 00:00:00+00:00,30.8276337287,31.2135674639,30.7617426032,30.8276337287,454215,,,,,,,29.261261159550912,29.330456334209625,28.646430232618634,28.60392898580632,,,,,28.57910443861544,29.243718175501645,28.71544237989332,28.356249942123,25.50342853891283,24.99073919431155,,28.57910443861544,27.52000395076183,25.5516921515127,23.358805530795784,22.265267717855362,21.485998703650097,"rgba(38, 166, 154, 1.0)",0.0,0.0,1.4048763468725873,27.17477348191923,2.6001293671948043,0.0,0.0,0.0,0.0,0.0,0.0,0.0,0.0,66.3004767339874,10.008346403896397,True,False,True,False,True,11.800287126481162,0,1.0182566013121765,0.909637090504496,False,False,False,False,0.3217028284833318,0.2495609159776686,False,False,False,False,8650803,8176395.748644121,False,False,False,False,127577.3169622579,False,False,False,False
2024-09-23 00:00:00+00:00,30.6581994059,31.5336100736,30.4652325383,31.0535461591,105118,,,,,,,29.32163674154057,29.35271954775277,28.667379470113843,28.623122718370333,,,,,28.64221598091995,29.2658405397069,28.737558072414927,28.374201836261754,25.522283704894246,25.009371978246865,,28.64221598091995,27.537599727020332,25.570496722475486,23.377105540728735,22.283608733193887,21.50433576391939,"rgba(38, 166, 154, 1.0)",0.0,0.0,1.4177592737082072,27.500611696762142,2.2271677341097957,0.0,0.0,0.0,0.0,0.0,0.0,0.0,0.0,66.93867977077318,10.536562689125333,True,False,True,False,True,10.973210097851481,0,0.9856047086597941,0.9017348870644284,False,False,False,False,0.32348342956941684,0.28652217277354275,False,False,False,False,8545685,8190877.680069842,False,False,False,False,126696.55943432622,False,False,False,False
2024-09-24 00:00:00+00:00,30.7240905314,30.8652858004,30.5170041369,30.7052644956,107842,,,,,,,29.37234226404873,29.372250211378198,28.686723121121798,28.64091064972129,,,,,28.698460124083077,29.285422597941075,28.75788418971084,28.391029220795662,25.540833354865722,25.02777230604291,,28.698460124083077,27.554482064917764,25.588989818567327,23.395330830401534,22.301944322340045,21.522707179488023,"rgba(38, 166, 154, 1.0)",0.0,0.0,1.4305969241515242,27.519492544558467,2.2400425533852983,0.0,0.0,0.0,0.0,0.0,0.0,0.0,0.0,67.56311134655,11.210415197274273,True,False,True,False,True,11.21439323904606,0,0.9864351493777535,0.921122095742945,False,False,False,False,0.27744465685096276,0.28198341481225275,False,False,False,False,8653527,8209020.790655339,False,False,False,False,125957.1649467056,False,False,False,False
2024-09-25 00:00:00+00:00,30.234613599,30.6770254418,30.2234121076,30.6393733701,107899,,,,,,,29.408002080881488,29.386611740221422,28.702661742996053,28.655657775154484,,,,,28.743131993809808,29.30013061419524,28.7744870926549,28.405298943422043,25.558104367542683,25.04502000058209,,28.743131993809808,27.569474967970912,25.606196543024915,23.41267120611197,22.319505817368643,21.540369250952136,"rgba(38, 166, 154, 1.0)",0.0,0.0,1.4310043524592337,27.530962249393035,1.889338313304666,0.0,0.0,0.0,0.0,0.0,0.0,0.0,0.0,64.92789598881615,11.210415197274273,True,False,True,False,True,8.82098272140999,0,0.9670982757348674,0.9425876904915653,False,False,False,False,0.24225497124879294,0.26211919303052283,False,False,False,False,8545628,8222221.073374738,False,False,False,False,125249.00161546224,False,False,False,False
2024-09-26 00:00:00+00:00,30.0275272044,30.507591119,30.0275272044,30.507591119,124756,,,,,,,29.43869366386656,29.399616201978702,28.718663873297086,28.670545491712307,,,,,28.78621815191107,29.313727182114462,28.791030863421394,28.419973646175137,25.577136133597918,25.064115693146146,,28.78621815191107,27.585448804924305,25.625148673395298,23.432067356984398,22.339237474814514,21.560264055044232,"rgba(38, 166, 154, 0.75)",0.0,0.0,1.426800327361623,27.542358825161056,1.74177727014852,0.0,0.0,0.0,0.0,0.0,0.0,0.0,0.0,62.01167425171961,11.210415197274273,True,False,True,False,False,7.828302335356064,0,0.9581244688603282,0.9530704821334887,False,False,False,False,0.21596688493558885,0.23904303898305584,False,False,False,False,8420872,8230011.305791415,False,False,False,False,125229.66821877744,False,False,False,False
2024-09-27 00:00:00+00:00,30.225200581,30.5452431907,30.1075378569,30.1781354914,109200,,,,,,,29.467142535800303,29.412130302031375,28.733372496142614,28.684227957226597,,,,,28.824550474898704,29.326681955211527,28.806263306066135,28.433373756530457,25.594043714287906,25.08105483689767,,28.824550474898704,27.59983008726711,25.64198864192011,23.449216799919217,22.356657944394136,21.577814418901088,"rgba(38, 166, 154, 0.75)",0.0,0.0,1.4261655149709127,27.556605009617776,1.8711682082963914,0.0,0.0,0.0,0.0,0.0,0.0,0.0,0.0,60.91015707382134,17.30747662869632,True,False,True,False,False,8.594308969953925,0,0.9464518776257808,0.9642493848378758,False,False,False,False,0.22440009867653748,0.23172156882979666,False,False,False,False,8530072,8241778.39183881,False,False,False,False,124601.0537788254,False,False,False,False
2024-09-30 00:00:00+00:00,30.5828952625,30.6129227897,30.1310704017,30.234613599,104600,,,,,,,29.497297866107473,29.42577463229686,28.748533563767527,28.698318659217275,,,,,28.86304274107126,29.34064657766512,28.822007058886392,28.447049434144905,25.61063792970328,25.09764074944998,,28.86304274107126,27.614220572760722,25.65852103209091,23.465921059061106,22.3735864612013,21.594846973948577,"rgba(38, 166, 154, 0.75)",0.0,0.0,1.4328575348617245,27.573377605942873,2.1003607011408527,0.0,0.0,0.0,0.0,0.0,0.0,0.0,0.0,61.59350721724151,17.30747662869632,True,False,True,False,False,9.963739466006214,0,0.9506672591186064,0.9617939016496652,False,False,False,False,0.23095913619339659,0.23134035251159663,False,False,False,False,8634672,8257185.98431572,False,False,False,False,123816.69872867539,False,False,False,False
2024-10-01 00:00:00+00:00,30.1404834196,30.5923082804,29.9239840072,30.5923082804,101827,,,,,,,29.518386784056535,29.43587106938465,28.76112388285038,28.7100911850949,,,,,28.893738030373726,29.351220073828905,28.83497195195307,28.45871435135208,25.625941672380158,25.1130179826889,,28.893738030373726,27.626994803685463,25.673759719285755,23.481587787910435,22.389543904667395,21.6109481951386,"rgba(38, 166, 154, 0.75)",0.0,0.0,1.424608934961413,27.58553326579416,1.7934396528792238,0.0,0.0,0.0,0.0,0.0,0.0,0.0,0.0,59.46963187794212,15.622582940869506,True,False,True,False,False,7.808489035172851,0,0.9584654541286558,0.9525299843142373,False,False,False,False,0.21462040314408823,0.2229803778278424,False,False,False,False,8532845,8267996.141793536,False,False,False,False,122954.35760206066,False,False,False,False
2024-10-02 00:00:00+00:00,30.1404834196,30.5372421255,30.0369402224,30.1875485093,68901,,,,,,,29.532345092893205,29.442723026591132,28.769632649830946,28.718054735249616,,,,,28.914022591581272,29.358387280310385,28.843729383310304,28.466606231443993,25.636282649252024,25.12340980141089,,28.914022591581272,27.635631441125415,25.684056834284466,23.492177717377775,22.400331220440926,21.621833334164553,"rgba(38, 166, 154, 0.75)",0.0,0.0,1.4086405239528688,27.594050768094963,1.8077235520382036,0.0,0.0,0.0,0.0,0.0,0.0,0.0,0.0,58.053714985075864,14.085566299552923,True,False,True,False,False,7.808489035172851,0,0.9400893486811331,0.9769499430292816,False,False,False,False,0.23425178167810834,0.22861607975297538,False,False,False,False,8532845,8278382.371527123,False,False,False,False,120834.61808825436,False,False,False,False
2024-10-03 00:00:00+00:00,29.9145709893,30.2157875631,29.8392668458,29.9804621148,70236,,,,,,,29.541213646512073,29.447445052152517,28.77675617467566,28.724775292024262,,,,,28.930318125225096,29.363546239390008,28.850974771782322,28.47346162712721,25.64621007056845,25.133447440650347,,28.930318125225096,27.643542304847404,25.69393595555806,23.50254256857873,22.410949612657138,21.632582141429328,"rgba(38, 166, 154, 0.5)",0.0,0.0,1.3956094420294196,27.842876739259225,1.4844369690049024,0.0,0.0,0.0,0.0,0.0,0.0,0.0,0.0,55.81055578965311,11.77768856414498,False,False,True,False,False,6.706488262139306,0,0.9489352509982348,0.9927939076499439,False,False,False,False,0.19611810430610108,0.21236709202953824,False,False,False,False,8462609,8285606.945192726,False,False,False,False,118850.35855538164,False,False,False,False
2024-10-04 00:00:00+00:00,30.9029378722,31.0253071053,30.3758088679,30.4322869755,124338,,,,,,30.76801794846667,29.581914168547375,29.467317062366785,28.797124534003032,28.74371179458726,,,,,28.978307244547544,29.383568735518974,28.87219082843755,28.49159808306214,25.66680244644854,25.153946784941112,,28.978307244547544,27.66201872957908,25.71446193119184,23.523001693769313,22.431597081724327,21.65330851732764,"rgba(38, 166, 154, 0.75)",0.0,0.0,1.3944558542536656,27.891685267404178,2.159446350065697,0.0,0.0,0.0,0.0,0.0,0.0,0.0,0.0,58.42902104320381,11.77768856414498,True,False,True,False,False,10.536273560635575,0,0.9547033747042669,0.931953444921564,False,False,False,False,0.29645926334070194,0.25441317768512006,False,False,False,False,8586947,8297424.202243992,False,False,False,False,119065.56018066079,False,False,False,False
2024-10-07 00:00:00+00:00,30.5923082804,30.8699923094,30.4605260293,30.789981657,90068,,,,,,30.71463577660831,29.606767535268038,29.47997220550952,28.810685987039584,28.756363837840322,,,,,29.0091741628092,29.396420839248613,28.886257729980155,28.503834289566775,25.681247022542752,25.16836917905585,,29.0091741628092,27.674724775426586,25.728855847179343,23.537491382113764,22.446263074463843,21.668055152734606,"rgba(38, 166, 154, 0.75)",0.0,0.0,1.3776838197474104,27.90913129143317,1.9475999866636853,0.0,0.0,0.0,0.0,0.0,0.0,0.0,0.0,58.464355494299326,11.77768856414498,True,False,True,False,False,9.02514020017583,0,0.9476208574793903,0.9319043418265629,False,False,False,False,0.2910669584219587,0.27274006805353934,False,False,False,False,8496879,8305245.959018738,False,False,False,False,117928.40095788978,False,False,False,False
2024-10-08 00:00:00+00:00,31.0441331411,31.1614193446,30.4699390473,30.7523295852,147640,,,,,,30.786894634835136,29.654371392855197,29.50449404113157,28.83547842552914,28.779454970578783,,,,,29.064775036332488,29.4210634848419,28.912067162388862,28.525913012885386,25.70593265696785,25.192923495568657,,29.064775036332488,27.697061733026185,25.753465229155587,23.561950179086157,22.47092320413494,21.692796498659696,"rgba(38, 166, 154, 1.0)",0.0,0.0,1.3712341178256386,27.94366857649308,2.2610760075918446,0.0,0.0,0.0,0.0,0.0,0.0,0.0,0.0,60.066596875963484,11.77768856414498,True,False,True,False,True,10.710882381568506,0,0.9700873241654,0.9179981337342432,False,False,False,False,0.31416422870266875,0.29345214837810407,False,False,False,False,8644519,8318550.784155259,False,False,False,False,119093.56170463921,False,False,False,False
2024-10-09 00:00:00+00:00,31.0817852129,31.4630124391,30.7429165673,31.0911982308,79242,,,,,,30.842383519044507,29.682473812688613,29.519192295228564,28.849839625777687,28.792821341114795,,,,,29.096468486238773,29.43574692815422,28.92704752685591,28.538603363638583,25.719603425392147,25.206484536606503,,29.096468486238773,27.70968075677987,25.767097935513142,23.5753744681429,22.4844189224264,21.70631450468785,"rgba(38, 166, 154, 1.0)",0.0,0.0,1.3752598851735631,27.963726472838676,2.2672505565504912,0.0,0.0,0.0,0.0,0.0,0.0,0.0,0.0,61.26161357934962,11.77768856414498,True,False,True,False,True,10.850262311563267,0,0.965002566573559,0.9112292504322286,False,False,False,False,0.34282823900973697,0.31814019369392055,False,False,False,False,8723761,8334441.380855054,False,False,False,False,117530.75536328081,False,False,False,False
2024-10-10 00:00:00+00:00,31.5995011992,31.6748053426,30.9688289977,30.9688289977,105192,,,,,,30.952486903288577,29.726163022445405,29.542146926961607,28.87128776037379,28.81274932163957,,,,,29.143506799834217,29.45850949905376,28.949492862584354,28.557331157638487,25.738712976695247,25.2253588331728,,29.143506799834217,27.72785011222895,25.786163095864453,23.593872708803477,22.5029292223,21.72480604546997,"rgba(38, 166, 154, 1.0)",0.0,0.0,1.3864030235803595,27.994983751962728,2.5999059335060255,0.0,0.0,0.0,0.0,0.0,0.0,0.0,0.0,63.699843779925615,8.231482209109991,True,False,True,False,True,12.744003342040184,0,0.9779571628369634,0.9075523259545485,False,False,False,False,0.3428282396804888,0.3304842166872047,False,False,False,False,8828953,8353833.993370542,False,False,False,False,117046.88260393648,False,False,False,False
2024-10-11 00:00:00+00:00,31.6089142171,32.2960645262,31.4959580019,31.8442396654,152444,,,,,,31.13740813493918,29.799314714349094,29.58110028022569,28.90636285036094,28.845302285015457,,,,,29.21940902575398,29.496911469305086,28.986292813679064,28.587650814391914,25.768047694627466,25.25420163503693,,29.21940902575398,27.756590697302176,25.81544392160987,23.62184121556007,22.530774379068752,21.752541660619965,"rgba(38, 166, 154, 1.0)",0.0,0.0,1.386934365437847,28.366559417700568,2.337785320054306,0.0,0.0,0.0,0.0,0.0,0.0,0.0,0.0,65.3536368117094,9.938992988036155,True,False,True,False,True,12.778081831215289,1,1.0492654241702202,0.869241977411132,False,False,False,False,0.34282824119112626,0.33665622893916547,False,False,False,False,8981397,8378444.307356011,False,False,False,False,118435.0048547625,False,False,False,False
2024-10-14 00:00:00+00:00,31.7312834502,31.9336633358,31.5003821203,31.7124574144,68607,,,,,,31.189642828840014,29.82935202054737,29.59759099988389,28.92145467669444,28.859339066340663,,,,,29.251174518975738,29.513210867125593,29.002092701884653,28.600782812760983,25.780986583065687,25.266945106453072,,29.251174518975738,27.769144722017664,25.82835714159878,23.634245979984726,22.543145951942186,21.76487705768916,"rgba(38, 166, 154, 1.0)",0.0,0.0,1.3844716165069737,28.38486676820445,2.417107466918368,0.0,0.0,0.0,0.0,0.0,0.0,0.0,0.0,66.84483114817878,11.49363189375066,True,False,True,False,True,13.226638846138897,0,1.0887431029466144,0.8292697141661532,False,False,False,False,0.3193374528623719,0.3279968409007687,False,False,False,False,9050004,8404779.981577344,False,False,False,False,116480.9654486934,False,False,False,False
2024-10-15 00:00:00+00:00,31.6936313785,32.1972278379,31.6748053426,31.9101307909,105473,,,,,,31.27005549734733,29.876872316084686,29.624015164863685,28.945433827008276,28.881646970985546,,,,,29.301020764192252,29.539294356795363,29.02720432770023,28.621612121963572,25.80121322636004,25.286841640512524,,29.301020764192252,27.788936741916398,25.84854655347924,23.65355596373346,22.56237614486946,21.784034822283544,"rgba(38, 166, 154, 1.0)",0.0,0.0,1.395708373624238,28.416802672617784,2.347788956351441,0.0,0.0,0.0,0.0,0.0,0.0,0.0,0.0,67.54949753010885,12.332279229563113,True,False,True,False,True,13.027396028093431,0,1.1377375092898294,0.7887282778620638,False,False,False,False,0.34282824062526757,0.33541254076301813,False,False,False,False,8944531,8425946.688182155,False,False,False,False,116049.2805291368,False,False,False,False
2024-10-16 00:00:00+00:00,32.1454562392,32.1925213289,31.8160006116,31.9760219165,135373,,,,,,31.3749398212306,29.940423920841027,29.65993951662984,28.97767813551322,28.911653045592427,,,,,29.366970702424965,29.574696426104953,29.060984741646763,28.6495564979302,25.82781181985782,25.312960304176112,,29.366970702424965,27.815271895355,25.875101539620232,23.67879692985651,22.587460127046015,21.808993895252513,"rgba(38, 166, 154, 1.0)",0.0,0.0,1.420446922749816,28.461127794092143,2.5937811445819023,0.0,0.0,0.0,0.0,0.0,0.0,0.0,0.0,69.4783192013539,14.338330821193452,True,False,True,False,True,14.694994443656476,0,1.1328438340905793,0.7902631111280611,False,False,False,False,0.34282824048882937,0.33912039062592375,False,False,False,False,9079904,8451592.072959324,False,False,False,False,116807.07344956281,False,False,False,False
2024-10-17 00:00:00+00:00,31.900717773,32.1925213289,31.8536526833,32.1925213289,158979,,,,,,31.457654159045013,30.00818131752865,29.699614504334647,29.013869164090114,28.94541515171973,,,,,29.43860255476949,29.61389468386931,29.098810820111613,28.681143613063576,25.85841772031258,25.34306552293151,,29.43860255476949,27.84528955133908,25.90565294969174,23.708003505176187,22.61653575687727,21.83795427162386,"rgba(38, 166, 154, 1.0)",0.0,0.0,1.4456675847585503,28.505165112522576,2.3487783057987954,0.0,0.0,0.0,0.0,0.0,0.0,0.0,0.0,68.86952271598605,14.338330821193452,True,False,True,False,True,13.380513529695548,0,1.121471748210537,0.7908858328558296,False,False,False,False,0.3428282405379536,0.3409743155819387,False,False,False,False,8920925,8469997.28578445,False,False,False,False,118460.87449075643,False,False,False,False
2024-10-18 00:00:00+00:00,31.3171106612,31.9242503178,31.2794585895,31.9195438089,88810,,,,,,31.461138621099693,30.035458825395285,29.716699743900694,29.0305322615791,28.961052436147764,,,,,29.469772007720078,29.630956815814166,29.11610440757519,28.696026186921525,25.874065962188283,25.3585694337345,,29.469772007720078,27.859965475322216,25.921262391921275,23.723297622010953,22.631879569855528,21.853305924500628,"rgba(38, 166, 154, 0.75)",0.0,0.0,1.4552825626191854,28.519553426033582,1.9223464274397937,0.0,0.0,0.0,0.0,0.0,0.0,0.0,0.0,64.65358458691014,14.338330821193452,True,False,True,False,False,10.33740273855824,0,1.0983568090266524,0.8032831675763838,False,False,False,False,0.2854152597294756,0.3131947876557072,False,False,False,False,8832115,8484197.980459569,False,False,False,False,117298.09509896206,False,False,False,False
2024-10-21 00:00:00+00:00,30.8841118363,31.345349715,30.6111343163,31.345349715,96078,,,,,,31.424599096293324,30.05305747126824,29.72915324370321,29.04428930903513,28.9740812362099,,,,,29.493466891176414,29.64366390086459,29.13021801509006,28.708778127580402,25.88922392473935,25.373734656429562,,29.493466891176414,27.873292529710056,25.93636814804535,23.738590261835505,22.64737577151722,21.86889875257963,"rgba(38, 166, 154, 0.75)",0.0,0.0,1.4450288932625095,28.524919675082355,1.6326262901852342,0.0,0.0,0.0,0.0,0.0,0.0,0.0,0.0,59.57196655274141,15.03673788537239,True,False,True,False,False,8.16937542152322,0,1.0773962021939532,0.8234308745603649,False,False,False,False,0.2035582129132238,0.25837650028446546,False,False,False,False,8736037,8494074.020441547,False,False,False,False,116465.93450684591,False,False,False,False
2024-10-22 00:00:00+00:00,30.9782420156,31.0488396501,30.6676124239,30.9123508901,87450,,,,,,31.392626428310397,30.067655106914106,29.739827161236775,29.056324631906694,28.985503577405964,,,,,29.513682682415155,29.654594643018296,29.142537458106958,28.720010451383985,25.902810222062573,25.3873468016986,,29.513682682415155,27.885132778738413,25.94990595792355,23.752359876150646,22.66134789879733,21.882969112560623,"rgba(38, 166, 154, 0.5)",0.0,0.0,1.442849521117279,28.53004146250624,1.6967816236290398,0.0,0.0,0.0,0.0,0.0,0.0,0.0,0.0,56.65913636735299,12.46416800450897,False,False,True,False,False,8.543896525839951,0,1.0846901189626987,0.8271143132249877,False,False,False,False,0.17744410360485743,0.21791030194466143,False,False,False,False,8823487,8506992.176502664,False,False,False,False,115328.05472226373,False,False,False,False
2024-10-23 00:00:00+00:00,30.8370467466,31.0441331411,30.7523295852,30.7523295852,81273,,,,,,31.36511858456511,30.080454499118893,29.749402255140886,29.06724828135678,28.995886288740984,,,,,29.53168660452063,29.664420082177298,29.1537025681429,28.73024977167072,25.915319663188214,25.399890859628645,,29.53168660452063,27.895979974012718,25.96236988358795,23.76507309031519,22.67425870388832,21.89597686604808,#000000,0.0,0.0,1.4381943558276866,28.535189731312567,1.6005187379300372,0.0,0.0,0.0,0.0,0.0,0.0,0.0,0.0,53.96484984147279,10.069446355117925,False,False,False,False,False,7.833384609542648,0,1.0821899740449121,0.8431766783668128,False,False,False,False,0.174481109166822,0.19619570555574173,False,False,False,False,8742214,8516216.561737854,False,False,False,False,113992.56238021418,False,False,False,False
2024-10-24 00:00:00+00:00,30.7240905314,31.0253071053,30.5170041369,31.0253071053,59369,,,,,,31.342215613542013,30.088155537408465,29.75554801502519,29.07461170162506,29.00291051943311,,,,,29.543372281562064,29.67078445828595,29.161195718012976,28.73724556564242,25.924193626067172,25.408814096582603,,29.543372281562064,27.903531017838116,25.971209192537724,23.77417203218963,22.683523985248883,21.90532599562589,#000000,0.0,0.0,1.4359557504313583,28.53805003198953,1.5223592361768727,0.0,0.0,0.0,0.0,0.0,0.0,0.0,0.0,51.55974100180369,7.903222290937464,False,True,False,False,False,7.2622726512133475,0,1.0620253692120425,0.8501408866077049,False,False,False,False,0.12832275962037137,0.16225923258805655,False,False,False,False,8682845,8522751.010297155,False,False,False,False,111850.46189471558,False,False,False,False
2024-10-25 00:00:00+00:00,30.6958514776,30.9594159798,30.5452431907,30.8746988184,69198,,,,,,31.316680124478555,30.096624458772595,29.762461885188245,29.083002445001725,29.01092549547794,,,,,29.556472305703792,29.677961109097783,29.169722310564552,28.745250739268837,25.934448929245313,25.419134619811288,,29.556472305703792,27.91221462551173,25.981423750919028,23.784714254670195,22.694267117133602,21.916171093164287,#000000,0.0,0.0,1.4412726181943338,28.541497915624625,1.4947578513455773,0.0,0.0,0.0,0.0,0.0,0.0,0.0,0.0,49.79682944814796,6.276904425033116,False,True,False,False,False,7.117839364692632,0,1.050659915901425,0.8682434291665331,False,False,False,False,0.12168736322091582,0.14197329790448618,False,False,False,False,8613647,8526315.558912953,False,False,False,False,110177.81633021693,False,False,False,False
2024-10-28 00:00:00+00:00,31.1570893563,31.6652981945,30.8841118363,30.9123508901,163725,,,,,,31.309350090915082,30.1309211499984,29.78669632828849,29.108457842228933,29.035038013498774,,,,,29.599090077285105,29.702456213301378,29.19589244526521,28.768656198236275,25.961060072277924,25.445686388507113,,29.599090077285105,27.936167929818243,26.00795286555931,23.81132361155719,22.7211520508345,21.94318006205138,#000000,0.0,0.0,1.4515797980587453,28.56342058802405,1.7867903450740787,0.0,0.0,0.0,0.0,0.0,0.0,0.0,0.0,51.40356827135477,6.276904425033116,False,True,False,False,False,9.04778348860604,0,1.0548094930711733,0.8438840275871742,False,False,False,False,0.20699584576378446,0.17448457183413532,False,False,False,False,8777372,8536160.909543818,False,False,False,False,112277.7058858947,False,False,False,False
2024-10-29 00:00:00+00:00,30.8841118363,31.1760095224,30.7711556211,30.9782420156,119240,,,,,,31.286792209910438,30.14836590271665,29.800396001860328,29.12412993825538,29.049987633789133,,,,,29.623496282368425,29.716512775521064,29.21187142628919,28.7834438243331,25.979210559104036,25.463905103325693,,29.623496282368425,27.951873357927358,26.026036984118523,23.829826903391112,22.7399586586035,21.962137737337976,#000000,0.0,0.0,1.45833858237986,28.574138105476226,1.58397628557158,0.0,0.0,0.0,0.0,0.0,0.0,0.0,0.0,50.80272873507185,6.276904425033116,False,True,False,False,False,7.629060084932387,0,1.0320622230476149,0.8727049988330619,False,False,False,False,0.1546484049176277,0.1645664883758815,False,False,False,False,8658132,8540944.089561708,False,False,False,False,112550.73702762432,False,False,False,False
2024-10-30 00:00:00+00:00,30.5264171549,31.0770787039,30.4793520652,30.8746988184,131038,,,,,,31.249166875910024,30.16094468736283,29.811877450347044,29.138727504172518,29.064019669076043,,,,,29.64443671956833,29.728531049832647,29.22661637987533,28.797614330105272,25.998010314281483,25.482882514831505,,29.64443671956833,27.96752116316569,26.044757728804807,23.849341346815393,22.75990160298507,21.982303133999853,"rgba(239, 83, 80, 1.0)",0.0,0.0,1.4591621849924996,28.581632607926593,1.3328090372513335,0.0,0.0,0.0,0.0,0.0,0.0,0.0,0.0,48.46937104336186,4.848898432240539,False,True,False,True,False,5.805287138140258,0,1.0357593538557024,0.8709484652075664,False,False,False,False,0.12114709465451451,0.142856791515198,False,False,False,False,8527094,8540400.948794583,False,False,False,False,113275.72773242337,False,False,False,False
2024-10-31 00:00:00+00:00,30.09341833,30.6393733701,30.0510597493,30.4605260293,125403,,,,,,31.19257167489795,30.163109502503183,29.817334504866118,29.14862694080691,29.073718272219416,,,,,29.65576902680131,29.73472493397277,29.236372378446326,28.807928723780066,26.01421586286767,25.499417044567885,,29.65576902680131,27.97997821577387,26.0608779628835,23.866738188887535,22.777857089743204,22.000559512603463,"rgba(239, 83, 80, 1.0)",0.0,0.0,1.4559305004425476,28.810005248763808,0.8815071054875777,0.0,0.0,0.0,0.0,0.0,0.0,0.0,0.0,44.94712708104441,1.4069485452734511,False,True,False,True,False,3.660698914273727,0,1.0157553260905614,0.8889249510761029,False,False,False,False,0.0477446945363803,0.09530074302578916,False,False,False,False,8401691,8534961.3429595,False,False,False,False,113751.30703703422,False,False,False,False
2024-11-01 00:00:00+00:00,30.3193307604,30.6017212983,30.1122443658,30.1216573838,89941,,,,,,31.159098001734083,30.165872519352863,29.821885370641812,29.156142725984616,29.081058353331194,,,,,29.664724992847223,29.73976692577562,29.243815528877185,28.815655432270223,26.025989144132083,25.51141142088039,,29.664724992847223,27.989152224226434,26.072591320408026,23.879318944410816,22.79082470405412,22.01373506683181,"rgba(239, 83, 80, 1.0)",0.0,0.0,1.4487327906976748,28.812998350249337,1.0397586220335697,0.0,0.0,0.0,0.0,0.0,0.0,0.0,0.0,44.08425943360072,0.49230682454813746,False,True,False,True,False,4.6546541880628745,0,1.025794031514061,0.8856569456736438,False,False,False,False,0.03501429237514964,0.0651575177004694,False,False,False,False,8491632,8533262.15303952,False,False,False,False,112817.56950617014,False,False,False,False
2024-11-04 00:00:00+00:00,30.3569828321,30.5734822445,30.2722656707,30.3475698141,68313,,,,,,31.137031619515277,30.168561682468656,29.82565767887455,29.162056701677862,29.086823664031098,,,,,29.671925608661365,29.743893624947447,29.249689043289276,28.8216872762041,26.035005019126036,25.520587912853568,,29.671925608661365,27.99623868998898,26.081562322736264,23.888925005661324,22.800717771686433,22.023782196959026,"rgba(239, 83, 80, 1.0)",0.0,0.0,1.4475796937693188,28.815941897838655,1.0645637963106998,0.0,0.0,0.0,0.0,0.0,0.0,0.0,0.0,43.75849681995191,-0.02026443860183491,False,True,False,True,False,4.82094497240622,0,1.0339334133197597,0.8994863349658051,False,False,False,False,0.040473688522173465,0.052815603111321434,False,False,False,False,8559945,8534308.539194833,False,False,False,False,111072.29227063406,False,False,False,False
2024-11-05 00:00:00+00:00,30.780568639,30.9123508901,30.2722656707,30.2722656707,120844,,,,,,31.113432643756465,30.17821289818063,29.835107450654764,29.174500114442463,29.098848752608987,,,,,29.688646825520863,29.75384443525907,29.262196241711415,28.83394501970004,26.05178634793609,25.53757780275229,,29.688646825520863,28.009987199214837,26.09826948453626,23.90650926723107,22.818738631480457,22.04203392112422,"rgba(239, 83, 80, 1.0)",0.0,0.0,1.4473451379829276,28.828028474342528,1.3490494515901033,0.0,0.0,0.0,0.0,0.0,0.0,0.0,0.0,46.166721237660866,-0.02026443860183491,False,True,False,True,False,6.6750676685539005,0,1.0136085788505074,0.8932126812734005,False,False,False,False,0.07122988873614906,0.062022745923735245,False,False,False,False,8680789,8540052.870991115,False,False,False,False,111455.49649531509,False,False,False,False
2024-11-06 00:00:00+00:00,32.2678254724,32.4372597951,31.4301610066,32.1078041675,267829,,,,,32.04508209136666,31.204636909133395,30.256837517562793,29.889538228211563,29.226563410745857,29.148081869121178,,,,,29.77424655925208,29.8079916335163,29.316024914549903,28.880833106223477,26.09964881245523,25.584954872775693,,29.77424655925208,28.055706919369896,26.146029976493534,23.95311826943504,22.865417991056407,22.08869587896459,"rgba(38, 166, 154, 0.5)",0.0,0.0,1.463238834994283,28.91901750614313,2.2886270417159555,0.0,0.0,0.0,0.0,0.0,0.0,0.0,0.0,53.46467313722304,-3.022157662023943,False,True,True,False,True,12.58320915693205,0,1.0261364725971318,0.8668462711465764,False,False,False,False,0.32478582094244074,0.193404283433088,False,False,False,False,8948618,8556075.032913031,False,False,False,False,117587.79075040077,False,False,False,False
2024-11-07 00:00:00+00:00,32.1925213289,32.5313899745,31.6936313785,32.1078041675,124580,,,,,32.07495609738566,31.245338760847662,30.293004198778096,29.91501910397717,29.25092958874844,29.171151946306942,,,,,29.813542689094845,29.833338610884812,29.34119901173823,28.902814341576153,26.122000643027164,25.607075510600655,,29.813542689094845,28.077115479093834,26.168335431962745,23.974866903070428,22.887191134891815,22.110456286720794,"rgba(38, 166, 154, 0.5)",0.0,0.0,1.4911129650858341,28.954359633618346,2.1716407617012794,0.0,0.0,0.0,0.0,0.0,0.0,0.0,0.0,57.89812719322251,0.966860032523428,False,False,True,False,True,12.193658981478283,0,1.0219045619557434,0.8690138230883557,False,False,False,False,0.3428282345956479,0.2681162590143679,False,False,False,False,8824038,8566583.3845635,False,False,False,False,117861.99503469879,False,False,False,False
2024-11-08 00:00:00+00:00,32.2113473648,32.9373445177,32.0795215659,32.3641888707,85376,,,,,32.13471909821895,31.279075775962763,30.320509342872956,29.934232040525444,29.268934297981435,29.188178506807674,,,,,29.842769556573888,29.85239185767441,29.359834684932256,28.918951384050928,26.137906919950808,25.62277255924172,,29.842769556573888,28.092625235466308,26.184213440918477,23.99019596777501,22.90248764384463,22.12571494835548,"rgba(38, 166, 154, 1.0)",0.0,0.0,1.5171344940322569,28.98046294953956,2.1295965703563677,0.0,0.0,0.0,0.0,0.0,0.0,0.0,0.0,60.911452488706274,3.612973723505675,True,False,True,False,True,12.264840539537314,0,1.0247135224237272,0.8688851698832,False,False,False,False,0.34282823649433847,0.3054722477543532,False,False,False,False,8909414,8580027.722423755,False,False,False,False,116588.03444510276,False,False,False,False
2024-11-11 00:00:00+00:00,32.8704763589,32.9755548942,32.1922421765,32.4788200001,154331,,,,,32.26770881172191,31.348787543606488,30.374654676575076,29.971929768770732,29.30371918318024,29.221048962574724,,,,,29.899351041187465,29.889690429100146,29.39588591877699,28.94997561026015,26.167686015208968,25.65208612189012,,29.899351041187465,28.122117843087004,26.21394755391636,24.018648998093603,22.93079604242892,22.153904262223293,"rgba(38, 166, 154, 1.0)",0.0,0.0,1.5576391546794044,29.030371501685824,2.465336625416656,0.0,0.0,0.0,0.0,0.0,0.0,0.0,0.0,64.7613243778906,7.089750417831937,True,False,True,False,True,14.706148037658775,0,1.0352993653027271,0.8689832253316451,False,False,False,False,0.3428282368157042,0.3241502422850287,False,False,False,False,9063745,8598997.027426744,False,False,False,False,118068.15074137325,False,False,False,False
2024-11-12 00:00:00+00:00,32.6316615059,33.1857119648,32.6125563177,32.880028953,113560,,,,,32.350291501251625,31.400420211854172,30.415103275004995,30.000319929599268,29.329837344896205,29.24574139348945,,,,,29.941452634062124,29.917768235137345,29.422952055388706,28.97326669147271,26.189861378798177,25.67389843484972,,29.941452634062124,28.144192820258336,26.236091552258532,24.039780425274554,22.951799042897694,22.174806655559067,"rgba(38, 166, 154, 1.0)",0.0,0.0,1.5917700589796338,29.066421878861757,2.239795633122823,0.0,0.0,0.0,0.0,0.0,0.0,0.0,0.0,65.82019099888343,8.01438354509223,True,False,True,False,True,13.433832682153888,0,1.054989607869484,0.8668377218859062,False,False,False,False,0.34282823804217394,0.3334892401636013,False,False,False,False,8950185,8612769.104782559,False,False,False,False,117891.36051622135,False,False,False,False
2024-11-13 00:00:00+00:00,33.6155787001,33.8161831765,32.6412141001,32.7940556059,133305,,,,,32.503067362106776,31.478373062191576,30.471377152643722,30.039286700302934,29.36475210095716,29.27868499700068,,,,,29.998490722318248,29.956159216845712,29.459231588326062,29.004103353110807,26.21784223370351,25.70128646291839,,29.998490722318248,28.17285302451013,26.26404671104477,24.065997774085552,22.977703646198034,22.200497218964745,"rgba(38, 166, 154, 1.0)",0.0,0.0,1.6517647850605515,29.116251200416617,2.723951703279863,0.0,0.0,0.0,0.0,0.0,0.0,0.0,0.0,68.88280465966044,10.94538968165108,True,False,True,False,True,16.898270423164604,0,1.0571832366412894,0.8333150863607104,False,False,False,False,0.3428282391540343,0.3381587396588178,False,False,False,False,9083490,8631228.747732263,False,False,False,False,118495.8169665656,False,False,False,False
2024-11-14 00:00:00+00:00,33.3767638471,33.8830513354,33.3194482824,33.7493150177,129313,,,,,32.63431177000377,31.554556592136652,30.527020396607494,30.078110796142518,29.39945497740585,29.311443029374505,,,,,30.054719552018856,29.994397985688348,29.495287154213376,29.034748508466464,26.24541386607761,25.728249913922028,,30.054719552018856,28.201250649187223,26.29159598648439,24.091748786769127,23.00311611689215,22.225681159325383,"rgba(38, 166, 154, 1.0)",0.0,0.0,1.7017959269013951,29.526161496743203,2.26266985922802,0.0,0.0,0.0,0.0,0.0,0.0,0.0,0.0,69.5343648304731,11.671742806911453,True,False,True,False,True,15.635094775752258,0,1.076152984166951,0.8300831692516161,False,False,False,False,0.3428282402420473,0.34049348995043255,False,False,False,False,8954177,8643893.385076096,False,False,False,False,118920.02022277872,False,False,False,False
2024-11-15 00:00:00+00:00,32.2973207118,33.6537890765,32.2591103354,33.6537890765,109897,,,,,32.64437852937074,31.59078361905138,30.560702942975198,30.10303057431799,29.42293875963195,29.333746122475198,,,,,30.09056233217009,30.019134239695145,29.519525422298546,29.05594607013306,26.26615901076728,25.748713505041778,,30.09056233217009,28.22160480494426,26.31230741113149,24.1117008799998,23.023003479831395,22.245506481198014,"rgba(38, 166, 154, 0.75)",0.0,0.0,1.716726753590966,29.534635995841647,1.609274574523581,0.0,0.0,0.0,0.0,0.0,0.0,0.0,0.0,64.85481186430056,11.671742806911453,True,False,True,False,False,10.23166235094963,0,1.0488523849605156,0.8401611893434068,False,False,False,False,0.2538801482206508,0.2971868190855417,False,False,False,False,8844280,8651751.683700563,False,False,False,False,118566.17629247368,False,False,False,False
2024-11-18 00:00:00+00:00,32.0871636412,32.7424715977,31.8865591648,32.5456881589,95991,,,,,32.612308817352584,31.607674831949797,30.582750864987943,30.120373819290474,29.440139966917936,29.350174417370585,,,,,30.115348681624045,30.03648517436697,29.5371704090846,29.07178536477335,26.282784656641425,25.765223303161097,,30.115348681624045,28.237290005817187,26.32889554177832,24.128051185370854,23.03942081259387,22.261942976585907,"rgba(38, 166, 154, 0.75)",0.0,0.0,1.7084135917639556,29.537925882359197,1.4921666340810877,0.0,0.0,0.0,0.0,0.0,0.0,0.0,0.0,60.91514098774785,19.087024463967865,True,False,True,False,False,9.234010593250424,0,1.0221911702002546,0.8845830109127074,False,False,False,False,0.16908012489100652,0.2331334719882741,False,False,False,False,8748289,8655537.460810347,False,False,False,False,117680.87526139629,False,False,False,False
2024-11-19 00:00:00+00:00,32.2400051471,32.3355310883,31.6286391236,31.7910332236,88132,,,,,32.57547755153564,31.618436301778186,30.600455219390447,30.134787858008533,29.45479693803223,29.364213329812095,,,,,30.1358182329517,30.05096216987659,29.552159507914183,29.085413397392973,26.297532740179594,25.779909920024124,,30.1358182329517,28.25097389190361,26.343606526549625,24.14269035779242,23.054163903256523,22.2767288960069,"rgba(38, 166, 154, 0.5)",0.0,0.0,1.671215668516518,29.542314128995127,1.614208787606403,0.0,0.0,0.0,0.0,0.0,0.0,0.0,0.0,58.82481278295795,17.075591030028164,False,False,True,False,False,9.800372911848012,0,1.0293800139075293,0.883220402191571,False,False,False,False,0.1261668128882717,0.1796501424382729,False,False,False,False,8836421,8662630.932935432,False,False,False,False,116522.09583938075,False,False,False,False
2024-11-20 00:00:00+00:00,31.9343221354,31.9534273236,31.4387335525,31.9438747295,97933,,,,,32.51952688273735,31.622412524982963,30.61581542005878,30.148170335118667,29.469091241143836,29.377974651819226,,,,,30.15469790855314,30.064510546961074,29.566695816186378,29.09894107032302,26.31300656166819,25.795394153442484,,30.15469790855314,28.264908622045134,26.359034332458993,24.158296167722707,23.069960268438674,22.292617541412266,"rgba(38, 166, 154, 0.5)",0.0,0.0,1.6400752191820773,29.54426107658484,1.4572874651487684,0.0,0.0,0.0,0.0,0.0,0.0,0.0,0.0,56.15507451261739,14.453930699554448,False,True,True,False,False,8.335741922560654,0,1.037935550995286,0.8765057906953502,False,False,False,False,0.08929062363757316,0.13447038303792302,False,False,False,False,8738488,8665605.719879141,False,False,False,False,115793.1116888168,False,False,False,False
2024-11-21 00:00:00+00:00,32.1349266118,32.4692674059,31.8865591648,32.0011902942,74921,,,,,32.50144923518385,31.632694802300232,30.631140531654328,30.1606684023653,29.481728544454437,29.390083841870553,,,,,30.17223903797197,30.077051074529912,29.579620211982533,29.11068584330819,26.325622349398756,25.80795131584151,,30.17223903797197,28.276665135754417,26.371619349678294,24.170798035907076,23.08254327933741,22.305232868526126,"rgba(38, 166, 154, 0.5)",0.0,0.0,1.6008512624482234,29.55344802040068,1.612566171482662,0.0,0.0,0.0,0.0,0.0,0.0,0.0,0.0,55.16453024045849,13.348795458679177,False,True,True,False,False,9.097948394979714,0,1.0464400363398023,0.8571734521605417,False,False,False,False,0.13499995077260493,0.134735166905264,False,False,False,False,8813409,8671401.926942704,False,False,False,False,114190.28377945143,False,False,False,False
2024-11-22 00:00:00+00:00,32.3259784942,32.4583774487,32.0537295618,32.1158214236,48890,,,,,32.494324930859555,31.64061433911092,30.64172167167957,30.16920744685822,29.49026460429821,29.39825663321157,,,,,30.1841772945459,30.085603579387527,29.5883597292058,29.118590340722353,26.33398822177277,25.816267659702234,,30.1841772945459,28.2845261182889,26.379965943243707,24.179053015247177,23.09084006162656,22.31354415462392,"rgba(38, 166, 154, 0.5)",0.0,0.0,1.5758150189351032,29.560729661080035,1.7548054815397383,0.0,0.0,0.0,0.0,0.0,0.0,0.0,0.0,55.253437170374525,13.138193537306833,False,True,True,False,False,9.822157842341738,0,1.0446648302738732,0.8751129967384991,False,False,False,False,0.13033390530059719,0.1325345361029306,False,False,False,False,8862299,8678888.086670442,False,False,False,False,111629.48833712001,False,False,False,False
2024-11-25 00:00:00+00:00,32.4597148118,33.28114238,32.4406096236,32.6507666942,85164,,,,,32.50664690479718,31.663309531563577,30.664784878219386,30.18704069831185,29.507377700575677,29.414578995995598,,,,,30.209029478280776,30.103352907469027,29.60596011651337,29.134203252308648,26.349598540648902,25.831703569904715,,30.209029478280776,28.299672784226065,26.395548462924946,24.194185432024366,23.105959552050933,22.32863802781819,"rgba(38, 166, 154, 0.5)",0.0,0.0,1.5436438659580842,29.580323894196162,1.865320739519605,0.0,0.0,0.0,0.0,0.0,0.0,0.0,0.0,55.84236417291447,13.138193537306833,False,True,True,False,False,10.329781139697857,0,1.0408272133550507,0.8596388248124122,False,False,False,False,0.21201601668729386,0.17227527639511223,False,False,False,False,8947463,8689420.436212778,False,False,False,False,110591.62604938982,False,False,False,False
2024-11-26 00:00:00+00:00,31.9152169471,32.5170303765,31.6764020942,32.2495577412,97336,,,,,32.47981522574007,31.67200432981776,30.68190314725921,30.20165868743523,29.522566476254596,29.42918883701121,,,,,30.229213063624147,30.11808345579239,29.621435957480134,29.148483109697825,26.36542402081186,25.84750208524213,,30.229213063624147,28.314176371876016,26.41133138117165,24.210020019644993,23.12194517013584,22.344692972911528,#000000,0.0,0.0,1.4928286257105312,29.590464239559566,1.557280365275644,0.0,0.0,0.0,0.0,0.0,0.0,0.0,0.0,53.61802215815358,10.839225986423301,False,True,False,False,False,7.655338899005773,0,1.0072881540922132,0.897046155768994,False,False,False,False,0.07166490056816703,0.12197008848163962,False,False,False,False,8850127,8695722.654400513,False,False,False,False,110071.79757686473,False,False,False,False
2024-11-27 00:00:00+00:00,31.8770065707,32.782592493,31.8579013824,32.1922421765,88945,,,,,32.46459155887495,31.68244555710055,30.69871317596751,30.21579327867066,29.53703111490555,29.443088043630627,,,,,30.24863258566859,30.13229169631506,29.636194781543278,29.162019670657322,26.38015411042875,25.862184844850514,,30.24863258566859,28.327813232554863,26.42602424325424,24.224684747789183,23.136725322919503,22.35952316378358,#000000,0.0,0.0,1.4565830906004418,29.602027753485988,1.5618599665853645,0.0,0.0,0.0,0.0,0.0,0.0,0.0,0.0,51.96276255342769,8.922970880720875,False,True,False,False,False,7.470246347482622,0,1.0123764214828106,0.90060193690527,False,False,False,False,0.09369584119034265,0.10783296483599114,False,False,False,False,8761182,8698289.687561277,False,False,False,False,109243.29571110534,False,False,False,False
2024-11-29 00:00:00+00:00,32.5456881589,32.717634853,32.0011902942,32.1922421765,90690,,,,,32.46251988793197,31.69783868844107,30.718297718677526,30.231805582299096,29.55299602857779,29.458395407674956,,,,,30.27054906719887,30.1483213464737,29.652528587766792,29.176828926724955,26.395738793282487,25.87767362502936,,30.27054906719887,28.342512862601524,26.441574221386887,24.24004838767219,23.152159753321367,22.3749808250252,#000000,0.0,0.0,1.432361882007626,29.617335296311886,2.0444225020032487,0.0,0.0,0.0,0.0,0.0,0.0,0.0,0.0,53.740908712086195,8.922970880720875,False,True,False,False,False,10.066797185068989,1,0.9972762480045263,0.9251601615603193,False,False,False,False,0.1009977971203242,0.10441538097815767,False,False,False,False,8851872,8704312.523343189,False,False,False,False,108515.71548714043,False,False,False,False
2024-12-02 00:00:00+00:00,32.8418185765,33.2620371918,32.1779132854,32.717634853,149936,,,,,32.48446908320801,31.733215847714938,30.75597318147073,30.261795971374678,29.582081088113576,29.48621748545597,,,,,30.311391089725976,30.178216678561043,29.682372767979267,29.203547900434035,26.42276906493549,25.904439734548692,,30.311391089725976,28.368586432469993,26.468554316968806,24.26637037801723,23.178494311613214,22.40129181084031,"rgba(38, 166, 154, 0.5)",0.0,0.0,1.4236238895044666,29.649368446441464,2.242481426164999,0.0,0.0,0.0,0.0,0.0,0.0,0.0,0.0,56.0052842320179,8.922970880720875,False,True,True,False,True,11.175779855368617,1,0.9788748038531445,0.916917225701172,False,False,False,False,0.1688310219439561,0.1366232014610569,False,False,False,False,9001808,8715979.012623848,False,False,False,False,110140.04036999767,False,False,False,False
2024-12-03 00:00:00+00:00,33.1379489942,33.2621327177,32.7624365194,32.9182393295,102950,,,,,32.51188788908405,31.762733768021395,30.784719513293364,30.28435095958919,29.603564669227517,29.506739575686723,,,,,30.341936694184938,30.200639433601257,29.70445781789916,29.223159582199536,26.442049797339582,25.923479647250616,,30.341936694184938,28.387496597856057,26.48780471512291,24.284971195103754,23.197044334744437,22.419790368201525,"rgba(38, 166, 154, 0.5)",0.0,0.0,1.425902715774941,29.67466673054194,2.42883488848386,0.0,0.0,0.0,0.0,0.0,0.0,0.0,0.0,58.52732785436571,8.922970880720875,False,False,True,False,True,12.269015943661568,1,1.0048386528683633,0.925064712870409,False,False,False,False,0.2249480742999105,0.18078563788048368,False,False,False,False,9104758,8731225.247422913,False,False,False,False,109858.07800254678,False,False,False,False
2024-12-04 00:00:00+00:00,33.4436320059,33.5200527589,33.0108994924,33.3098956883,141824,,,,,32.56243767481201,31.809385683044525,30.82774802648845,30.317811473613013,29.63501657591545,29.53675522326959,,,,,30.387009108969487,30.23383898847757,29.73683326711311,29.251737764543066,26.469507948579903,25.950532993012693,,30.387009108969487,28.41479530652599,26.515226162989475,24.311254123552274,23.223183661930292,22.445815024080364,"rgba(38, 166, 154, 0.5)",0.0,0.0,1.4367613202425076,29.71310350948186,2.5964844987533984,0.0,0.0,0.0,0.0,0.0,0.0,0.0,0.0,61.18456352155727,4.7019657466412355,False,False,True,False,True,13.380765462664083,1,1.0106639785806506,0.8978819761482064,False,False,False,False,0.2746957850082237,0.2277407114443537,False,False,False,False,9246582,8751435.316151427,False,False,False,False,111111.64357107437,False,False,False,False
2024-12-05 00:00:00+00:00,33.8926039295,34.0072350589,33.4436320059,33.4818423824,104767,,,,,32.61595788814533,31.851946250215935,30.864248287981678,30.345739510326656,29.66074234551798,29.561261335906266,,,,,30.424476488303238,30.261468258667794,29.76337443459569,29.27493083665746,26.490992067186017,25.971619675553,,30.424476488303238,28.436624184408934,26.536689756322566,24.331549594793934,23.243274898577727,22.46576309717515,"rgba(38, 166, 154, 1.0)",0.0,0.0,1.4504418718412293,29.74637502537892,2.85859708314801,0.0,0.0,0.0,0.0,0.0,0.0,0.0,0.0,64.23936386070899,7.69270551372766,True,False,True,False,True,14.97509515458399,1,1.0335972797941497,0.8794232402499943,False,False,False,False,0.3428282343862875,0.2852844729153206,False,False,False,False,9351349,8774961.342969019,False,False,False,False,110862.83401926752,False,False,False,False
2024-12-06 00:00:00+00:00,33.7397624236,34.016787653,33.6442364824,33.9117091177,126498,,,,,32.67559248468194,31.901433775287586,30.90741578934199,30.379050207337695,29.69152400207539,29.590608320014343,,,,,30.468878874802517,30.294438228161617,29.795110438231756,29.30273747368216,26.516832351960243,25.99699126789239,,30.468878874802517,28.462838726854045,26.562504887653315,24.35598847660264,23.26747563282337,22.489795986220003,"rgba(38, 166, 154, 1.0)",0.0,0.0,1.4590939531222271,29.785123893962457,2.7103385091653966,0.0,0.0,0.0,0.0,0.0,0.0,0.0,0.0,65.30840329518671,8.810023441036371,True,False,True,False,True,14.173612286109016,0,1.0455097926539887,0.8737081600070765,False,False,False,False,0.3428282349397026,0.31405635392751163,False,False,False,False,9224851,8792604.074617295,False,False,False,False,111475.97778321782,False,False,False,False
2024-12-09 00:00:00+00:00,33.5391579471,34.4848647648,33.4627371942,34.0072350589,124341,,,,,32.729984824207534,31.948385162114878,30.94903602051728,30.41144178637772,29.721545819663167,29.61925525594849,,,,,30.51176608141254,30.326512780534422,29.826042477921284,29.32991097752273,26.542153816031004,26.02186147448671,,30.51176608141254,28.48849475110075,26.5878013868848,24.379960521280385,23.29122024385861,22.513379561554494,"rgba(38, 166, 154, 1.0)",0.0,0.0,1.447925145177737,29.822008043306937,2.5672251885208976,0.0,0.0,0.0,0.0,0.0,0.0,0.0,0.0,64.75719365135484,8.810023441036371,True,False,True,False,True,13.122301795189081,0,1.0395124758437868,0.865298001281864,False,False,False,False,0.3428282356468636,0.3284422947871876,False,False,False,False,9100510,8804678.816789165,False,False,False,False,111980.48845838575,False,False,False,False
2024-12-10 00:00:00+00:00,33.691999453,34.1505239707,33.1189393319,33.5773683236,132227,,,,,32.77410462300541,31.991446912300002,30.98940115570631,30.44349593214212,29.751656546798706,29.648047627916803,,,,,30.553843347238917,30.358315385575562,29.857003739301426,29.357341376078363,26.568247070138884,26.047546997776283,,30.553843347238917,28.514624373272046,26.613863883655608,24.404850233413075,23.3159363023731,22.53796504982631,"rgba(38, 166, 154, 1.0)",0.0,0.0,1.4523747222875247,29.856959773459078,2.640530450365209,0.0,0.0,0.0,0.0,0.0,0.0,0.0,0.0,64.93485073705413,8.882348586684401,True,False,True,False,True,13.684307710751568,0,1.0282814520272938,0.879041055069213,False,False,False,False,0.28041795929989216,0.3044301270435399,False,False,False,False,9232737,8821465.412209198,False,False,False,False,112774.46930315494,False,False,False,False
2024-12-11 00:00:00+00:00,33.9976824648,34.2173921295,33.4436320059,33.8066305824,168523,,,,,32.83791228770655,32.050521457656835,31.04347081490978,30.486333601966226,29.79161694806374,29.686248008854896,,,,,30.609764880541157,30.400774307842966,29.898116721381303,29.3936650206394,26.602308388602562,26.081026265686674,,30.609764880541157,28.5490346342964,26.647890557597496,24.437171409329466,23.34797084968473,22.569794222735197,"rgba(38, 166, 154, 1.0)",0.0,0.0,1.467237536173796,29.904008610578007,2.790055293226286,0.0,0.0,0.0,0.0,0.0,0.0,0.0,0.0,66.09544748889168,10.307253000969212,True,False,True,False,True,14.800158196696394,0,1.0435002843125498,0.8768903400500602,False,False,False,False,0.31616526782828397,0.31029769743591196,False,False,False,False,9401260,8844202.454867661,False,False,False,False,114960.6861932273,False,False,False,False
2024-12-12 00:00:00+00:00,33.7397624236,34.0932084059,33.5200527589,33.9021565236,89450,,,,,32.86588262309683,32.07874662900807,31.070358793710113,30.507972522499248,29.811995193119948,29.705760723110604,,,,,30.63779201203676,30.422251656054296,29.91905109565174,29.41227752819693,26.62000811960006,26.098450268177714,,30.63779201203676,28.56677540557239,26.665570043392613,24.454053706716742,23.364732003165162,22.58646487162655,"rgba(38, 166, 154, 1.0)",0.0,0.0,1.4797417681002896,29.927092613471483,2.5765778139947124,0.0,0.0,0.0,0.0,0.0,0.0,0.0,0.0,65.10971493693104,10.307253000969212,True,False,True,False,True,13.414847200037677,0,1.0423599725692185,0.8791329765275909,False,False,False,False,0.3117643497898418,0.3110310236128769,False,False,False,False,9311810,8862540.005657166,False,False,False,False,113960.26712682625,False,False,False,False
2024-12-13 00:00:00+00:00,33.5487105412,33.8017587594,33.3098956883,33.6155787001,82997,,,,,32.88423369688282,32.10069033426958,31.092756835659543,30.526400860888156,29.829629921911167,29.72268476178711,,,,,30.661482233868917,30.440585303810636,29.937126251683722,29.428502147589626,26.63582637465862,26.114063389752424,,30.661482233868917,28.582405461059448,26.681366444760314,24.46927736693499,23.379892363843798,22.6015705999991,"rgba(38, 166, 154, 0.75)",0.0,0.0,1.4862910880012563,29.94598006263023,2.423973680293457,0.0,0.0,0.0,0.0,0.0,0.0,0.0,0.0,63.207780136608065,10.307253000969212,True,False,True,False,False,12.395784696676749,0,1.04186276708388,0.8786731486042357,False,False,False,False,0.25965745243077726,0.28534423802182707,False,False,False,False,9228813,8876903.652494142,False,False,False,False,112746.0213571468,False,False,False,False
2024-12-16 00:00:00+00:00,33.7302098295,33.8639461471,33.4054216295,33.6537890765,108419,,,,,32.91058920979057,32.130546376526446,31.122730625734032,30.551027244491348,29.85310921207498,29.74521561611388,,,,,30.693042475816764,30.46507186958715,29.96119859897358,29.450081581320603,26.656717341488907,26.134669066156306,,30.693042475816764,28.603137085513154,26.70223019998402,24.48933404834532,23.399847868834563,22.621443725323992,"rgba(38, 166, 154, 0.75)",0.0,0.0,1.498112474582951,29.971397753832075,2.5090319581741096,0.0,0.0,0.0,0.0,0.0,0.0,0.0,0.0,62.72751281263936,10.307253000969212,True,False,True,False,False,13.087537974144023,0,1.0432490592949923,0.9022829542821507,False,False,False,False,0.2750507476332254,0.28019749282752626,False,False,False,False,9337232,8894955.744553195,False,False,False,False,112576.33424510184,False,False,False,False
2024-12-17 00:00:00+00:00,34.1218661883,34.4848647648,33.3528823618,33.5964735118,225665,,,,,32.981094069903484,32.20139287242869,31.19050616407282,30.606205992231153,29.905094152673417,29.795056370016532,,,,,30.763497835662346,30.519842283463177,30.01456217186688,29.497656015924793,26.701771453863156,26.179006529141127,,30.763497835662346,28.648443795883434,26.747236325459262,24.532247052337336,23.442423233808288,22.663771735356878,"rgba(38, 166, 154, 0.75)",0.0,0.0,1.5185210458892218,30.029585920459787,2.694911788623802,0.0,0.0,0.0,0.0,0.0,0.0,0.0,0.0,63.95445811862942,10.307253000969212,True,False,True,False,False,14.558121784314956,0,1.0394135642476146,0.8829558061094346,False,False,False,False,0.33165745087180476,0.3059274718496655,False,False,False,False,9562897,8921149.519276598,False,False,False,False,117011.18388254884,False,False,False,False
2024-12-18 00:00:00+00:00,32.8131607942,34.9433892824,32.5647933471,34.2556025059,399854,,,,,33.02888060516868,32.27988875865489,31.281058046642983,30.68463338254741,29.98216061282593,29.869412155589345,,,,,30.861261385417464,30.598171901234043,30.093188680737462,29.569584675739584,26.774373439000843,26.250940523490762,,30.861261385417464,28.718853374171278,26.81971770885024,24.603002056731338,23.513163369955443,22.734423058406502,"rgba(38, 166, 154, 0.5)",0.0,0.0,1.5042643409096246,30.720008850938974,1.3914788021866582,0.0,0.0,0.0,0.0,0.0,0.0,0.0,0.0,57.942624805700675,13.084376865431658,False,False,True,False,False,7.848372080452016,0,1.0158450164745991,0.8837842433813526,False,False,False,False,0.2986068656975635,0.3022671687736145,False,False,False,False,9163043,8930635.538128497,False,False,False,False,128103.05902440967,False,False,False,False
2024-12-19 00:00:00+00:00,34.0454454354,34.0549980295,32.8227133883,33.0710808354,212791,,,,,33.060993685692665,32.32428212924694,31.330544404820678,30.727537590229375,30.024119579659615,29.909912980756516,,,,,30.9142571339621,30.640990758902916,30.135998425453565,29.608732256459003,26.813519628471422,26.289695782315174,,30.9142571339621,28.75704277823429,26.858803369913744,24.641043929587426,23.551155202162278,22.772342790602778,"rgba(38, 166, 154, 0.5)",0.0,0.0,1.508430604044984,30.765033649694725,2.1747183973253867,0.0,0.0,0.0,0.0,0.0,0.0,0.0,0.0,58.30048750704286,13.084376865431658,False,False,True,False,False,12.357702779250943,1,1.0149607642591978,0.9171636026117341,False,False,False,False,0.23704137449877322,0.2696542716361938,False,False,False,False,9375834,8948094.301339144,False,False,False,False,131424.15474894262,False,False,False,False
2024-12-20 00:00:00+00:00,34.4466543883,34.7045744295,33.4340794118,33.4340794118,202789,,,,,33.11499057377905,32.38067681723188,31.386666041718957,30.77484013511993,30.069210002301276,29.953321307851322,,,,,30.97280164186791,30.688022070519384,30.182144157374147,29.65037629407891,26.853406530470274,26.329008216387038,,30.97280164186791,28.796956251851473,26.898646297551817,24.6792144089799,23.589070579907798,22.810065277323748,"rgba(38, 166, 154, 0.5)",0.0,0.0,1.520510144928424,30.82650637197674,2.38087725254452,0.0,0.0,0.0,0.0,0.0,0.0,0.0,0.0,59.629385752681955,13.084376865431658,False,False,True,False,False,13.72472112046513,1,1.0249490080862773,0.9068041101975884,False,False,False,False,0.34282823452721883,0.30624125308170635,False,False,False,False,9578623,8972820.916972904,False,False,False,False,134222.77613133704,False,False,False,False
2024-12-23 00:00:00+00:00,33.8734987412,34.3893388236,33.5487105412,34.0932084059,127571,,,,,33.138900483403106,32.4096439725551,31.417717965302188,30.80174713786153,30.09533722987461,29.97854775046048,,,,,31.005709068731832,30.714846739257517,30.208808347926656,29.674723632033096,26.877404770816234,26.352734910704484,,31.005709068731832,28.82058086588206,26.92261159840808,24.702424284378402,23.612207696600255,22.833133715886618,"rgba(38, 166, 154, 0.5)",0.0,0.0,1.5184041764767084,30.85423982197225,1.9884421855540557,0.0,0.0,0.0,0.0,0.0,0.0,0.0,0.0,58.20153453433926,13.084376865431658,False,False,True,False,False,10.989283104232719,1,1.0124697043590976,0.9302773307871121,False,False,False,False,0.32300781424456665,0.3146245336631365,False,False,False,False,9451052,8991575.077091614,False,False,False,False,133961.92216540227,False,False,False,False
2024-12-24 00:00:00+00:00,34.1887343471,34.2173921295,33.8830513354,33.8830513354,63271,,,,,33.15251409811406,32.425070492980375,31.43379546623564,30.815592011059465,30.108696560985333,29.991439525757794,,,,,31.022632274491464,30.728636494453777,30.22245165769477,29.687144013548732,26.8895139447407,26.364693623802005,,31.022632274491464,28.83257960637737,26.934705560469133,24.71409021219086,23.623820957695155,22.844702987315905,"rgba(38, 166, 154, 0.5)",0.0,0.0,1.521743107025001,30.86928792710678,2.1813448043032193,0.0,0.0,0.0,0.0,0.0,0.0,0.0,0.0,58.189801367674434,13.084376865431658,False,False,True,False,False,12.078015782912715,1,1.020984880513553,0.9248145579303039,False,False,False,False,0.33903330146637983,0.3268289175647582,False,False,False,False,9514323,9012074.995637042,False,False,False,False,131189.72913930807,False,False,False,False
2024-12-26 00:00:00+00:00,34.2556025059,34.341575853,33.9403669001,33.9499194942,78763,,,,,33.17036935926474,32.44481633996774,31.45415588741038,30.833095915107496,30.12554549690921,30.00769692110987,,,,,31.044002447156597,30.746064490900327,30.23966244389573,29.702796872846058,26.90470393802881,26.379687788516765,,31.044002447156597,28.847673940940183,26.94987727123658,24.728699925572766,23.63835584637223,22.85917757101964,"rgba(38, 166, 154, 0.5)",0.0,0.0,1.5170155155709608,30.888551983701518,2.2195227983091668,0.0,0.0,0.0,0.0,0.0,0.0,0.0,0.0,58.38451050272071,13.084376865431658,False,False,True,False,False,12.308814332568453,1,1.0179405892260132,0.9282761299760526,False,False,False,False,0.342828234902606,0.3348285762336821,False,False,False,False,9593086,9034859.740906177,False,False,False,False,129133.77897698227,False,False,False,False
2024-12-27 00:00:00+00:00,33.7970779883,34.6759166471,33.6155787001,34.2460499118,67327,,,,,33.182954731577716,32.459919781719016,31.470379411962764,30.847251776682207,30.139310199529437,30.02099909662854,,,,,31.06118060739856,30.76017970487406,30.25370166131565,29.71564634146309,26.91737222523992,26.392214272406562,,31.06118060739856,28.860148959375785,26.962528404396267,24.740955472616232,23.650572693346405,22.871358050264178,"rgba(38, 166, 154, 0.5)",0.0,0.0,1.4783112139116166,30.902787783344035,1.9578355205042832,0.0,0.0,0.0,0.0,0.0,0.0,0.0,0.0,56.57995003959569,11.194536888684404,False,True,True,False,False,10.124072224475604,1,1.0086802788300193,0.9236573542272749,False,False,False,False,0.3428282349271285,0.3388284055804053,False,False,False,False,9525759,9054110.69224319,False,False,False,False,126709.98372298296,False,False,False,False
2024-12-30 00:00:00+00:00,33.6728942648,34.0741032177,33.2430275295,33.6537890765,181390,,,,,33.20119367409786,32.49004691797693,31.5069769703653,30.880455805432725,30.172470409841377,30.053169112132778,,,,,31.100902867770643,30.7934188644933,30.28739462444315,29.746981530289226,26.94953377450848,26.42415105134228,,31.100902867770643,28.891101952060055,26.99463420886968,24.772518402150837,23.68218815700356,22.90296983915226,"rgba(38, 166, 154, 0.5)",0.0,0.0,1.4394465353827832,30.92936627374332,1.905960328236235,0.0,0.0,0.0,0.0,0.0,0.0,0.0,0.0,54.872370321328965,9.400681301404198,False,True,True,False,False,9.53944702552694,1,0.9979664525861321,0.9401850078353479,False,False,False,False,0.25050779361227304,0.29466809959633916,False,False,False,False,9344369,9065493.370978752,False,False,False,False,128854.29808678754,False,False,False,False
2024-12-31 00:00:00+00:00,33.9785772765,34.1218661883,33.7302098295,34.016787653,92511,,,,,33.21529540384186,32.50837117314226,31.527540601572415,30.898765496601996,30.190481671320995,30.070614910795555,,,,,31.122862996466626,30.811706560757553,30.30572841389887,29.763901849842796,26.96649841374175,26.44095768772579,,31.122862996466626,28.907653155936384,27.01157342195154,24.789034662942225,23.69868616960761,22.91943899922997,"rgba(38, 166, 154, 0.5)",0.0,0.0,1.4174314141248217,30.94661725957576,2.139052363811402,0.0,0.0,0.0,0.0,0.0,0.0,0.0,0.0,54.89601301448402,9.240594004949607,False,True,True,False,False,10.64953495228081,1,1.024042221053747,0.9301808485070243,False,False,False,False,0.30058209283944604,0.29762509621789257,False,False,False,False,9436880,9080057.552508997,False,False,False,False,127429.07071083509,False,False,False,False
2025-01-02 00:00:00+00:00,33.9690246824,34.3484537208,33.5343816501,34.0836558118,141295,,,,,33.236027871113066,32.535617051549615,31.55837666658036,30.926375775397872,30.217712381552786,30.097008590970514,,,,,31.155838620485337,30.839293859253733,30.333431745338633,29.789526328978322,26.992276886495564,26.466506540015605,,31.155838620485337,28.932759279371762,27.03731264293809,24.8141653644197,23.723799287976426,22.944514326482253,"rgba(38, 166, 154, 0.5)",0.0,0.0,1.4023812716004782,30.972362973520614,2.136838083597209,0.0,0.0,0.0,0.0,0.0,0.0,0.0,0.0,54.86667456015572,8.965427345962368,False,True,True,False,False,10.603244451390477,1,1.0362427646576344,0.9094416579836526,False,False,False,False,0.30350408865651757,0.30056459243720507,False,False,False,False,9295585,9088509.60927335,False,False,False,False,127972.83264374353,False,False,False,False
2025-01-03 00:00:00+00:00,35.0484678177,35.0962307883,33.8840065948,34.0549980295,77572,,,,,33.25798138281695,32.55759043459552,31.580008940334704,30.944908888438846,30.235368736089494,30.114046608827945,,,,,31.17823352038056,30.857718655277502,30.351478008731455,29.805891446096513,27.00781611376256,26.48181204140102,,31.17823352038056,28.948414570189662,27.05283731266322,24.828994871157047,23.738508861838604,22.959136867996296,"rgba(38, 166, 154, 0.5)",0.0,0.0,1.4128567267070322,30.99385665324052,2.869796411635897,0.0,0.0,0.0,0.0,0.0,0.0,0.0,0.0,58.377500677303374,8.965427345962368,False,False,True,False,True,14.38095214063198,1,1.042918447402717,0.8848475844823049,False,False,False,False,0.34282823654627237,0.3216964144917387,False,False,False,False,9373157,9099672.252046945,False,False,False,False,125996.32940281242,False,False,False,False
2025-01-06 00:00:00+00:00,34.742784806,35.7649123765,34.4800884677,35.2395197001,202081,,,,,33.32435933965218,32.6210959216398,31.6406538506753,30.996403562191684,30.283979355250345,30.16091126878888,,,,,31.240469435992676,30.908845791717674,30.40121687568914,29.850778510185645,27.04967880360302,26.522962504226516,,31.240469435992676,28.99105394042579,27.09466916375246,24.868665694480466,23.777758160577335,22.99809377931304,"rgba(38, 166, 154, 0.5)",0.0,0.0,1.4214005616119427,31.05537606872577,2.594208020498119,0.0,0.0,0.0,0.0,0.0,0.0,0.0,0.0,59.23486567180919,5.165185767123404,False,False,True,False,True,12.891061028732,1,1.0545227570031193,0.8710079595531336,False,False,False,False,0.34282823891165537,0.33226232670169703,False,False,False,False,9171076,9102472.399025496,False,False,False,False,128980.04197525115,False,False,False,False
2025-01-07 00:00:00+00:00,35.0389152236,35.3677155131,34.7809951824,35.0293626295,284751,,,,,33.413127435501046,32.70752332201584,31.724168265751445,31.067953584066057,30.351760032457936,30.2263301760144,,,,,31.326294717260502,30.97992094389361,30.4705125276707,29.9135286259164,27.108416266908584,26.580727359131217,,31.326294717260502,29.050781578279466,27.153362492159513,24.924407246567387,23.832927485167748,23.0528640526651,"rgba(38, 166, 154, 1.0)",0.0,0.0,1.4528926674106724,31.137258394740417,2.6854405121426264,0.0,0.0,0.0,0.0,0.0,0.0,0.0,0.0,60.6863868887756,6.6345389974958096,True,False,True,False,True,13.897880184691857,1,1.0666593628521415,0.8797761152240913,False,False,False,False,0.33538215589661374,0.3338222412991554,False,False,False,False,9455827,9116329.442200968,False,False,False,False,135088.70699582953,False,False,False,False
2025-01-08 00:00:00+00:00,35.1057833824,35.2681774824,34.5049252124,34.8001003707,171951,,,,,33.45939326596614,32.75465864212898,31.77115954886963,31.108871471139466,30.390893118090997,30.264172684879984,,,,,31.374903155531328,31.020622330147365,30.510453218696018,29.94995190064771,27.143017011548977,26.614813932962186,,31.374903155531328,29.085675527390457,27.18793266883214,24.95743464931581,23.865678900131535,23.08541635454364,"rgba(38, 166, 154, 1.0)",0.0,0.0,1.4816577620515612,31.18133203447158,2.6486894939182646,0.0,0.0,0.0,0.0,0.0,0.0,0.0,0.0,61.85449392136546,7.8302384503262275,True,False,True,False,True,14.125256265372375,1,1.058642234546314,0.8816267007590339,False,False,False,False,0.3066678861531001,0.3202450637261277,False,False,False,False,9627778,9136386.248389166,False,False,False,False,136534.28711364014,False,False,False,False
2025-01-10 00:00:00+00:00,34.7523374001,34.7618899942,34.1855819911,34.6090484883,222431,,,,,33.50064487471051,32.80242164494388,31.822710762197726,31.15526864584529,30.43626845402205,30.308213166946278,,,,,31.429199101763786,31.06692191692474,30.55660510937753,29.99265944032988,27.185097838057775,26.656440662044908,,31.429199101763786,29.12722706168004,27.229961388753363,24.998170694620523,23.906269460652766,23.125876937484914,"rgba(38, 166, 154, 1.0)",0.0,0.0,1.496992493757081,31.2259984292382,2.355615666456388,0.0,0.0,0.0,0.0,0.0,0.0,0.0,0.0,60.75876148569919,7.8302384503262275,True,False,True,False,True,12.37163196524445,1,1.0387709880092446,0.9073726571835088,False,False,False,False,0.24516751342737816,0.28270628857675295,False,False,False,False,9405347,9146933.728844492,False,False,False,False,139902.78565820327,False,False,False,False
2025-01-13 00:00:00+00:00,34.9624944707,35.3254930471,34.5708381118,34.5708381118,87413,,,,,33.52160212918849,32.82447096317912,31.84523287951097,31.175189796226736,30.455474512825432,30.326822711008234,,,,,31.4526002137251,31.086760182807915,30.576175952301693,30.010626979924808,27.2023635833193,26.673473639974674,,31.4526002137251,29.144532036149577,27.247210337578032,25.014727712561864,23.922712005460866,23.142233875095023,"rgba(38, 166, 154, 1.0)",0.0,0.0,1.5158233233097018,31.2466041582807,2.4514006713565375,0.0,0.0,0.0,0.0,0.0,0.0,0.0,0.0,60.77672843887645,7.8302384503262275,True,False,True,False,True,13.110467620463378,1,1.0505456661155586,0.8825796249281216,False,False,False,False,0.31603235496241633,0.29936932176958464,False,False,False,False,9492760,9160495.54339961,False,False,False,False,137844.36269121492,False,False,False,False
2025-01-14 00:00:00+00:00,35.4114663942,35.7744649707,35.0962307883,35.0962307883,100373,,,,,33.55266606947443,32.85475889279754,31.874585352709698,31.200648898063466,30.479632935835664,30.350181002666822,,,,,31.482680908881385,31.112056289349876,30.60084744137297,30.03306373689653,27.2233025792311,26.69406173369197,,31.482680908881385,29.165889067715447,27.26813550375911,25.034576078535757,23.942341592768916,23.16171245744003,"rgba(38, 166, 154, 1.0)",0.0,0.0,1.5347312667716495,31.27473242464083,2.6954125840290617,0.0,0.0,0.0,0.0,0.0,0.0,0.0,0.0,62.26433131858092,8.49427994699682,True,False,True,False,True,14.662194777342183,1,1.066802752763834,0.8667128343154373,False,False,False,False,0.3428282398645395,0.32109878081706206,False,False,False,False,9593133,9177461.718168251,False,False,False,False,136374.89748763788,False,False,False,False
2025-01-15 00:00:00+00:00,36.6724088177,36.6819614118,35.6693864354,35.8222279412,112302,,,,,33.602610649153014,32.89956643967584,31.91516339568208,31.234855879169487,30.5113270514933,30.380721656015915,,,,,31.523474443695847,31.14593166571968,30.6333258028737,30.062163380593677,27.24919968385423,26.719380586159545,,31.523474443695847,29.19307534267375,27.29402908380005,25.05863872453471,23.965966093285534,23.185051220988232,"rgba(38, 166, 154, 1.0)",0.0,0.0,1.5842708699768064,31.31586490430077,3.381078333831671,0.0,0.0,0.0,0.0,0.0,0.0,0.0,0.0,66.2536682511609,12.309963657067584,True,False,True,False,True,18.707042907709248,0,1.083398315645137,0.8307568018452721,False,False,False,False,0.34282824168645565,0.3319635112517588,False,False,False,False,9705435,9198166.552749887,False,False,False,False,135430.86229204424,False,False,False,False
2025-01-16 00:00:00+00:00,37.0067496118,37.1978014942,36.6055406589,36.6055406589,102259,,,,,33.65611259732926,32.94626423798944,31.956361779838936,31.269196354603846,30.542807450535328,30.411012681043555,,,,,31.56454636419693,31.179889889225684,30.665633563491195,30.090918812841643,27.27418920541694,26.743739473134912,,31.56454636419693,29.219699034011867,27.3190221623713,25.081612223915524,23.988431008153494,23.207189640470382,"rgba(38, 166, 154, 1.0)",0.0,0.0,1.6431541716301838,31.35833941928746,3.4375412180031235,0.0,0.0,0.0,0.0,0.0,0.0,0.0,0.0,69.51586527510881,15.289265763224364,True,False,True,False,True,19.709875219733625,0,1.1044419244914279,0.818406364787683,False,False,False,False,0.34282824298337056,0.3373958771175647,False,False,False,False,9807694,9222069.589896949,False,False,False,False,134130.0049472582,False,False,False,False
2025-01-17 00:00:00+00:00,37.0640651765,37.4175111589,36.8280205759,37.2264592765,142906,,,,,33.73171962156385,33.01239165045907,32.01470388142042,31.317889373298318,30.587420030288133,30.45394638860626,,,,,31.622657782509325,31.22803782608222,30.71141662762586,30.13167124421707,27.30949469537474,26.778139759609086,,31.622657782509325,29.257396349976172,27.354334420536905,25.1140178290564,24.020097499838972,23.238382484573222,"rgba(38, 166, 154, 1.0)",0.0,0.0,1.7036547596350475,31.418057136754367,3.3140564470674256,0.0,0.0,0.0,0.0,0.0,0.0,0.0,0.0,71.794950740418,17.29937817773296,True,False,True,False,True,19.881637458954877,0,1.1052043910319147,0.8137963143440186,False,False,False,False,0.3428282430738058,0.3401120600956853,False,False,False,False,9950600,9250639.40990099,False,False,False,False,134474.16161599316,False,False,False,False
2025-01-21 00:00:00+00:00,37.3793007824,37.6372208236,36.8348029177,37.3888533765,142007,,,,,33.80748746743691,33.07886149505305,32.07339472287275,31.3669628848854,30.63236700298301,30.497211672446674,,,,,31.681071422795277,31.276560608571174,30.75753832683123,30.172737632248772,27.34496998333107,26.812691971042522,,31.681071422795277,29.295355067306993,27.389818250445586,25.146529385828227,24.051845895878973,23.26964258571442,"rgba(38, 166, 154, 1.0)",0.0,0.0,1.760187006801531,31.932331337293924,3.0945401960464802,0.0,0.0,0.0,0.0,0.0,0.0,0.0,0.0,73.89144987894545,19.15925922951284,True,False,True,False,True,20.0,0,1.104962657316779,0.8173037369115757,False,False,False,False,0.3428282410459576,0.3414701505708214,False,False,False,False,10092607,9283657.746767618,False,False,False,False,134769.56704281695,False,False,False,False
2025-01-22 00:00:00+00:00,36.1756739236,37.3793007824,36.1602942471,37.3793007824,141068,,,,,33.864845977160854,33.132035344310665,32.12262477452206,31.409148088567846,30.67170718579324,30.535198922226282,,,,,31.730693123509734,31.31837601174681,30.79778936843039,30.209029950689704,27.377454907743264,26.844472701315205,,31.730693123509734,29.329379568165635,27.422298535233654,25.176769848318482,24.081545207009118,23.298987765924053,"rgba(38, 166, 154, 0.75)",0.0,0.0,1.7745194571039615,31.960668020657284,2.3752942725247213,0.0,0.0,0.0,0.0,0.0,0.0,0.0,0.0,69.16767246213954,19.15925922951284,True,False,True,False,False,14.828837724275338,0,1.077992983353391,0.8485427089186601,False,False,False,False,0.2816781337183118,0.3115741421445666,False,False,False,False,9951539,9309849.168463007,False,False,False,False,135016.5644136869,False,False,False,False
2025-01-23 00:00:00+00:00,35.5260975236,35.965516853,35.3254930471,35.965516853,258974,,,,,33.928727012006235,33.19928818678124,32.19122535509185,31.470674663979004,30.730982236267717,30.592748939577852,,,,35.60570247456666,31.801550885764613,31.37964174861085,30.858126600390793,30.26464042681051,27.43029559150608,26.896539367483864,,31.801550885764613,29.382798582737784,27.47509877785208,25.227199499444275,24.13151353378729,23.348627633888434,"rgba(38, 166, 154, 0.75)",0.0,0.0,1.7657458906231118,31.98775483209395,2.003879895910395,0.0,0.0,0.0,0.0,0.0,0.0,0.0,0.0,63.57965664670836,19.356926363168313,True,False,True,False,False,11.83599088631135,0,1.0561782416345689,0.8793645849668443,False,False,False,False,0.14145078033484765,0.2265124612397071,False,False,False,False,9692565,9324857.63244485,False,False,False,False,139877.6403190325,False,False,False,False
2025-01-24 00:00:00+00:00,35.9559642589,36.0514902001,35.3828086118,35.4974397412,95439,,,,,33.95365161394239,33.22505491710571,32.21720675133952,31.493923109320676,30.753311275732912,30.614425434443653,,,,35.657150363332576,31.828293661154753,31.402781473675553,30.880861909358696,30.285569271726995,27.4500491738948,26.915989152432154,,31.828293661154753,29.402853745441362,27.49483890523591,25.246001292835448,24.150123930915356,23.36710402349343,"rgba(38, 166, 154, 0.5)",0.0,0.0,1.7824203925752335,32.006514114378774,2.2157792633953655,0.0,0.0,0.0,0.0,0.0,0.0,0.0,0.0,61.15337700357931,17.401914318610352,False,False,True,False,False,13.225794402250312,0,1.0486038732031042,0.8864438021982359,False,False,False,False,0.1501689536181686,0.18834070742893785,False,False,False,False,9788004,9343020.23509407,False,False,False,False,138134.94854181557,False,False,False,False
2025-01-27 00:00:00+00:00,36.1470161412,36.3046339442,35.7267020001,35.7267020001,77554,,,,,33.97623852428998,33.24772021457082,32.23957444002216,31.513773830208674,30.772249034892738,30.6327934412604,,,,35.72937810280124,31.85118383906609,31.42252063022346,30.900162149258495,30.3032649521271,27.466535467979476,26.932197275942343,,31.85118383906609,29.419724275811415,27.511316350399404,25.261609672842756,24.16554323626517,23.382394107155392,"rgba(38, 166, 154, 0.5)",0.0,0.0,1.7951233063873244,32.0253725792852,2.296022533521436,0.0,0.0,0.0,0.0,0.0,0.0,0.0,0.0,60.09651038242541,16.586818600587236,False,True,True,False,False,13.83613192060266,0,1.054377058182947,0.8807400292727104,False,False,False,False,0.18675559105026973,0.18754814923960378,False,False,False,False,9865558,9363511.912149206,False,False,False,False,135759.22506958753,False,False,False,False
2025-01-28 00:00:00+00:00,35.9846220412,36.2998576471,35.7267020001,36.041937606,69723,,,,,33.99560284951687,33.26739192431569,32.2591722817372,31.53125637677859,30.78898130814552,30.649032793019373,,,,35.76750611842542,31.871282583699486,31.439912771105345,30.91720507236101,30.318928364140312,27.481207489615805,26.94663115070528,,31.871282583699486,29.43469179907067,27.525979745354306,25.27553136846532,24.179306750154726,23.396048579743848,"rgba(38, 166, 154, 0.5)",0.0,0.0,1.8091071073058012,32.04164342050708,2.1795164060600976,0.0,0.0,0.0,0.0,0.0,0.0,0.0,0.0,58.72053936580459,15.31312195646558,False,True,True,False,False,13.081318599683435,0,1.0443148554748072,0.8858854738401333,False,False,False,False,0.18646105585028588,0.18700460254494483,False,False,False,False,9795835,9380465.75873159,False,False,False,False,133169.56918450567,False,False,False,False
2025-01-29 00:00:00+00:00,36.2425420824,36.2998576471,35.8508857236,35.8508857236,76203,,,,,34.01766399375517,33.28955913039094,32.28108011524072,31.550748413455988,30.807590357263717,30.667088981332427,,,,35.8154502448499,31.893698160092526,31.45929720944008,30.93616541184955,30.33633072159771,27.49742433633442,26.96257516348359,,31.893698160092526,29.45128842574984,27.54218804450838,25.29088587642384,24.19447451668305,23.411088759740093,"rgba(38, 166, 154, 0.5)",0.0,0.0,1.826673706587547,32.06071499322531,2.2893125762382933,0.0,0.0,0.0,0.0,0.0,0.0,0.0,0.0,58.64299493531136,15.129936137452844,False,True,True,False,False,13.922366793132596,0,1.04766981703551,0.899436659064644,False,False,False,False,0.19412952921085005,0.19056706587789746,False,False,False,False,9872038,9399743.10152643,False,False,False,False,130935.58607923095,False,False,False,False
2025-01-30 00:00:00+00:00,36.127910953,36.7488295707,36.0849242795,36.4718043412,68992,,,,,34.03900362593329,33.31065327513903,32.30166769152575,31.568978092931296,30.824922624525538,30.683897537451042,,,,35.86932099891197,31.91468840099161,31.477415804352315,30.953834732718075,30.352508871265872,27.512375285814446,26.977260048120975,,31.91468840099161,29.4666679119608,27.55713253646088,25.304992298376067,24.208391244602083,23.424877459799873,"rgba(38, 166, 154, 0.5)",0.0,0.0,1.8464940686900204,32.07957032812289,2.192447131849802,0.0,0.0,0.0,0.0,0.0,0.0,0.0,0.0,58.060790055060174,14.342693444024576,False,True,True,False,False,13.37794626265558,0,1.0367554513220958,0.8903931449294838,False,False,False,False,0.23673801242842205,0.21365253915315974,False,False,False,False,9803046,9415558.90146657,False,False,False,False,128506.42584082975,False,False,False,False
2025-01-31 00:00:00+00:00,36.0897005765,36.2998576471,35.8126753471,36.0897005765,82048,,,,,34.061113093471235,33.33328224808115,32.324354633994105,31.589331604192363,30.844450553744835,30.702865376260867,,,,35.89161784103262,31.937973715637675,31.497671009293807,30.973713334395953,30.370823791057944,27.529580610130303,26.99419247003807,,31.937973715637675,29.484196170300116,27.57432753303518,25.321336868126906,24.224555005304108,23.440916084303627,"rgba(38, 166, 154, 0.5)",0.0,0.0,1.8634808662077689,32.0988471190865,2.1416122535966733,0.0,0.0,0.0,0.0,0.0,0.0,0.0,0.0,57.48529611347469,13.498272644282551,False,True,True,False,False,13.194285409862506,0,1.0571747441449173,0.8933820910431874,False,False,False,False,0.19176763675840044,0.2027100879557801,False,False,False,False,9720998,9427536.905330626,False,False,False,False,126684.52678824819,False,False,False,False
2025-02-03 00:00:00+00:00,35.6789390295,35.7075968118,34.8956263118,35.229967106,103608,,,,,34.07966332501094,33.3547660661016,32.34778318498085,31.61113581454279,30.865906607105657,30.7237923891758,,,35.42738738436667,35.83384532393827,31.96250739346176,31.519447981898068,30.99546928654196,30.39120467323762,27.549587117736085,27.0139824366278,,31.96250739346176,29.50405881336903,27.594313071373243,25.340680512204077,24.24380363856901,23.460087512333427,"rgba(38, 166, 154, 0.5)",0.0,0.0,1.8726193974667584,32.46227016671291,1.7177376604869803,0.0,0.0,0.0,0.0,0.0,0.0,0.0,0.0,55.137468570366586,10.992315507968975,False,True,True,False,False,11.228633630139242,0,1.0390373701978803,0.8769868368412885,False,False,False,False,0.09987589163951373,0.1512929897976469,False,False,False,False,9617390,9434982.124729427,False,False,False,False,125779.56495341493,False,False,False,False
2025-02-04 00:00:00+00:00,35.9368590707,35.9750694471,35.4401241765,35.5165449295,66097,,,,,34.09429905062737,33.37056183524159,32.36425507644102,31.6262047465246,30.880551883333293,30.73805116293752,,,35.566288330325236,35.830180371646065,31.979571755639494,31.53447135014824,31.010345783535787,30.405035751497483,27.562872851040094,27.02709214502497,,31.979571755639494,29.517419771848473,27.60758790560178,25.35341714400999,24.256439317931722,23.472649486251548,"rgba(38, 166, 154, 0.5)",0.0,0.0,1.8840834067226706,32.481597002065875,1.8339220314266733,0.0,0.0,0.0,0.0,0.0,0.0,0.0,0.0,54.68529827546789,10.305379216319082,False,True,True,False,False,12.126482273284289,0,1.0590677986193209,0.8597677773344986,False,False,False,False,0.14900524891990358,0.15014911935877523,False,False,False,False,9683487,9444727.413955724,False,False,False,False,123439.07221014376,False,False,False,False
2025-02-05 00:00:00+00:00,36.0610427942,36.2520946765,35.9082012883,36.1661213295,72203,,,,,34.11269508429158,33.38962736749453,32.38357850648556,31.643680396566428,30.897390238820453,30.75442478600509,,,35.71776075437715,35.84829723537356,31.999445749230343,31.551872870790604,31.027471315875438,30.420873227584835,27.57784680614472,27.04184058852705,,31.999445749230343,29.53262205879918,27.622552128202223,25.367680445251537,24.270556851672097,23.486664978115876,"rgba(38, 166, 154, 0.5)",0.0,0.0,1.9011139225861065,32.50511371825842,1.8704450236755972,0.0,0.0,0.0,0.0,0.0,0.0,0.0,0.0,54.914691637389815,10.23474339007808,False,True,True,False,False,12.558403866709899,0,1.0833951234512258,0.8488334824298093,False,False,False,False,0.18359676808567427,0.16687294372222475,False,False,False,False,9755690,9456922.025173146,False,False,False,False,121429.81447641263,False,False,False,False
2025-02-06 00:00:00+00:00,36.2711998648,36.3762784001,35.8126753471,36.3476206177,62324,,,,,34.12893485982127,33.40635105073649,32.400453229999485,31.65892400280723,30.91205933957022,30.768687835656134,,,35.80700125718081,35.86670113117659,32.01677818230241,31.567049084023054,31.042392532020862,30.434664300905023,27.590850390757016,27.05464436084288,,32.01677818230241,29.5458467602656,27.635547701879904,25.38005303707913,24.2827976955626,23.49881414032403,"rgba(38, 166, 154, 0.5)",0.0,0.0,1.9177120935830323,32.52375255112639,1.9541240451124868,0.0,0.0,0.0,0.0,0.0,0.0,0.0,0.0,55.96424118496907,10.23474339007808,False,True,True,False,False,13.290457227364833,0,1.0698235387063297,0.8585725156866084,False,False,False,False,0.18550030408831494,0.17618662390526985,False,False,False,False,9818014,9471082.4947742,False,False,False,False,119111.93939890625,False,False,False,False
2025-02-07 00:00:00+00:00,36.3762784001,36.5100147177,35.916798623,36.3571732118,114345,,,,,34.15971229800563,33.43776839190812,32.43195456692674,31.687329466427776,30.939343057543645,30.79521242870592,,,35.93285213515129,35.90665886649585,32.049072948816296,31.59532147355485,31.070150853832587,30.460297142585897,27.61492276742931,27.078335893545283,,32.049072948816296,29.570390453999348,27.65960643449711,25.402919284575642,24.305405989568154,23.52124435243068,"rgba(38, 166, 154, 0.5)",0.0,0.0,1.9260534628522687,32.557082572688714,1.9829126766582508,0.0,0.0,0.0,0.0,0.0,0.0,0.0,0.0,57.112488261632684,10.23474339007808,False,True,True,False,False,13.65738027375157,0,1.067923287990491,0.8556314545975321,False,False,False,False,0.20135242475688062,0.18876952433107524,False,False,False,False,9932359,9489171.769488938,False,False,False,False,118925.00059894915,False,False,False,False
2025-02-10 00:00:00+00:00,35.9750694471,36.4813569354,35.8699909118,36.4813569354,62774,,,,,34.17498963757578,33.453772505004984,32.44832379897806,31.70223952905843,30.953760474356194,30.809245951002858,,,35.95579861941221,35.917143653035254,32.06593466719445,31.610175619380684,31.08480275901945,30.473891299484073,27.62783986616449,27.091066523395924,,32.06593466719445,29.58347071815376,27.672514702367735,25.415248793837502,24.31761705639488,23.533371707066483,"rgba(38, 166, 154, 0.5)",0.0,0.0,1.917092670944745,32.57170681616234,1.775272881962705,0.0,0.0,0.0,0.0,0.0,0.0,0.0,0.0,55.52613956497226,10.184057987204447,False,True,True,False,False,11.650035658395957,0,1.0604866704985676,0.8786783165218476,False,False,False,False,0.19631257994958654,0.1925410521403309,False,False,False,False,9869585,9504089.935391333,False,False,False,False,116723.00057546096,False,False,False,False
2025-02-11 00:00:00+00:00,36.2807524589,36.4240413707,35.5834130883,35.7744649707,64791,,,,,34.190406497562954,33.470012674569155,32.46500858351991,31.717479399848425,30.96852048610979,30.823618234858575,,,35.97243944992067,35.92623547146325,32.08313754079506,31.62536174047049,31.099798237502053,30.487822241157016,27.64111090874805,27.10415010966637,,32.08313754079506,29.59689025019346,27.685776377913413,25.42792959573981,24.33018042498323,23.54585159264145,"rgba(38, 166, 154, 0.5)",0.0,0.0,1.912614564127758,32.58620873162245,1.9316718572424094,0.0,0.0,0.0,0.0,0.0,0.0,0.0,0.0,55.90628987662008,10.184057987204447,False,True,True,False,False,12.745882192810807,0,1.0724984805104607,0.8609032400660971,False,False,False,False,0.16606088986909312,0.179300971004712,False,False,False,False,9934376,9520963.89870932,False,False,False,False,114686.45153328602,False,False,False,False
2025-02-12 00:00:00+00:00,35.965516853,36.2520946765,35.6502812471,35.8413331295,48049,,,,,34.200851901095135,33.48129234253048,32.47681014433514,31.728353735422996,30.979114311083084,30.8339444682402,,,35.971107190672456,35.92731506680424,32.09535853672692,31.636206675640267,31.11055083433569,30.497851943547413,27.650763240994177,27.113677571753662,,32.09535853672692,29.60659274664776,27.695420913172804,25.437191000794794,24.339369385856322,23.554987533342644,"rgba(38, 166, 154, 0.5)",0.0,0.0,1.8974289103494508,32.595468433106404,1.776113140003189,0.0,0.0,0.0,0.0,0.0,0.0,0.0,0.0,54.40069560419047,8.704049907293864,False,True,True,False,False,11.177204745651053,1,1.069408510157769,0.8702251093378921,False,False,False,False,0.1573987093986175,0.16834984020166477,False,False,False,False,9886327,9535291.863465818,False,False,False,False,112073.21813982382,False,False,False,False
2025-02-13 00:00:00+00:00,36.3285154295,36.4144887765,35.879543506,36.1756739236,42628,,,,,34.21132933728263,33.49222261527582,32.48796582638403,31.738525869703913,30.988948457842987,30.843519166930772,,,35.98693214349535,35.936060725816986,32.10683861186657,31.64634032865767,31.12054369438444,30.50712799768449,27.65956663638767,27.122352946968046,,32.10683861186657,29.61551588069209,27.704218506878775,25.445590050894296,24.34768574492006,23.563245667243724,"rgba(38, 166, 154, 0.5)",0.0,0.0,1.8828456675678773,32.60561035395344,1.9772757479138163,0.0,0.0,0.0,0.0,0.0,0.0,0.0,0.0,55.106636165839504,8.704049907293864,False,True,True,False,False,12.49030495121854,1,1.075316420193342,0.8665778811995458,False,False,False,False,0.17253980879300632,0.17044482449733556,False,False,False,False,9928955,9550729.633525982,False,False,False,False,109349.87625198759,False,False,False,False
2025-02-14 00:00:00+00:00,36.2998576471,36.615093253,36.1183583589,36.2425420824,51245,,,,,34.224634865216565,33.505903682596916,32.50177899582024,31.751066036250926,31.001030558505725,30.855276923911443,,,36.01355801933307,35.950829432053716,32.12101273482441,31.658827039367626,31.13282675426351,30.518506223351206,27.67029477261434,27.132916958156635,,32.12101273482441,29.62643303624973,27.714940349186808,25.455797835335865,24.357783034701246,23.573266223570563,"rgba(38, 166, 154, 0.5)",0.0,0.0,1.8639627087212989,32.618814756914574,1.9748479263893985,0.0,0.0,0.0,0.0,0.0,0.0,0.0,0.0,55.406205713150996,8.704049907293864,False,True,True,False,False,12.345536360287944,1,1.0780728428958204,0.873458502136059,False,False,False,False,0.19666201376079476,0.18355341912906514,False,False,False,False,9877710,9563552.392995553,False,False,False,False,107071.25365387043,False,False,False,False
2025-02-18 00:00:00+00:00,37.178696306,37.1978014942,36.1174030995,36.2807524589,91921,,,,,34.2534775542534,33.53427136810001,32.52941817010987,31.775755916040424,31.024529124359933,30.878101514426106,,,36.10992870360519,36.00446638425609,32.14910515874859,31.683369724699567,31.15676025499379,30.540501576306422,27.690548554340452,27.15280403415316,,32.14910515874859,29.64734001435642,27.735187494518204,25.474876842920175,24.3765865125045,23.59188506115431,"rgba(38, 166, 154, 0.5)",0.0,0.0,1.8694294770745405,32.64917367401896,2.4229438379613346,0.0,0.0,0.0,0.0,0.0,0.0,0.0,0.0,59.04443548713668,5.050123778442391,False,True,True,False,True,15.430019301251917,1,1.0619628354765303,0.8604561522489351,False,False,False,False,0.23826276652676703,0.2109080928279161,False,False,False,False,9969631,9579477.04425063,False,False,False,False,106477.12605960101,False,False,False,False
2025-02-19 00:00:00+00:00,37.4461689412,37.5416948824,36.3906072912,36.9589866412,83222,,,,,34.28197014847348,33.561800027225644,32.55583346966082,31.79919487166127,31.046713130329866,30.899632297901512,,,36.20790352826162,36.063097748085944,32.17583513913719,31.706651009145816,31.179372998989777,30.561210803587336,27.709397534937906,27.171285255398285,,32.17583513913719,29.666936677430186,27.754032825947405,25.49254223495863,24.39396355595975,23.6090712630949,"rgba(38, 166, 154, 0.5)",0.0,0.0,1.8712673448352035,32.67915505967203,2.5474787954191487,0.0,0.0,0.0,0.0,0.0,0.0,0.0,0.0,62.287022634265156,8.09623625228081,False,False,True,False,True,16.327060381152346,1,1.0615850629003982,0.8605467240493567,False,False,False,False,0.29104280041569874,0.25097544662180743,False,False,False,False,10052853,9598040.807221193,False,False,False,False,105565.16033177353,False,False,False,False
2025-02-20 00:00:00+00:00,37.0831703648,37.3984059707,36.8682369971,37.2551170589,89545,,,,,34.31190208341317,33.59087469532992,32.58386005115643,31.824141561489025,31.07036593907701,30.92259853061008,,,36.29330835923306,36.11919401885219,32.204222290243266,31.73143595993024,31.203474463700523,30.583316280777552,27.729574199066025,27.191075280136467,,32.204222290243266,29.68788101360579,27.774205104985917,25.51147451121088,24.412594049680955,23.627501515022104,"rgba(38, 166, 154, 0.5)",0.0,0.0,1.851797893878323,32.70974969951709,2.3617159732930735,0.0,0.0,0.0,0.0,0.0,0.0,0.0,0.0,62.20202578512302,8.09623625228081,False,False,True,False,True,14.461452754080138,1,1.0614909172110498,0.8752330382930498,False,False,False,False,0.3229267771732741,0.28695111189754074,False,False,False,False,9963308,9612365.010859579,False,False,False,False,104936.91875013536,False,False,False,False
2025-02-21 00:00:00+00:00,36.366725806,37.4939319118,36.2998576471,37.4939319118,78364,,,,,34.333952830202044,33.613114123861536,32.60598544843145,31.844161038318344,31.089567303160152,30.941280841446382,,,36.32574964203286,36.14595180907565,32.2268152624239,31.751357483771457,31.22300318332987,30.601373153433524,27.746417921528735,27.207640567012,,32.2268152624239,29.70514076541106,27.79104131127935,25.5274280386455,24.428346159872362,23.6431164595258,"rgba(38, 166, 154, 0.5)",0.0,0.0,1.8021812882786143,32.73096551260959,2.017422063494603,0.0,0.0,0.0,0.0,0.0,0.0,0.0,0.0,58.51757909795514,8.09623625228081,False,True,True,False,False,10.926375462955509,1,1.041323343768345,0.8756397266454362,False,False,False,False,0.2780038438196747,0.2824774778586077,False,False,False,False,9884944,9623054.382982733,False,False,False,False,103894.84350503203,False,False,False,False
2025-02-24 00:00:00+00:00,36.5768828765,36.939881453,36.1374635471,36.5959880648,78157,,,,,34.354019557837454,33.63379438795415,32.62692232972753,31.86327978937833,31.108018280497227,30.959253606092282,,,36.341649137718875,36.163191085037404,32.24828661008414,31.770399064843257,31.241749355678717,30.618782998831698,27.762839655055885,27.22381273613373,,32.24828661008414,29.72185864302581,27.807453865813585,25.543055026187893,24.443801401041053,23.65845259807151,"rgba(38, 166, 154, 0.5)",0.0,0.0,1.7577716001961092,32.749746474089406,2.177266035009106,0.0,0.0,0.0,0.0,0.0,0.0,0.0,0.0,56.933731071426344,11.51429046476241,False,True,True,False,False,11.675356909376312,1,1.042020719636794,0.900254563593428,False,False,False,False,0.21190840929304763,0.24719294357582766,False,False,False,False,9963101,9636389.544434391,False,False,False,False,102885.51630875627,False,False,False,False
2025-02-25 00:00:00+00:00,36.7010666001,36.9685392354,36.4910050554,36.7965925412,86895,,,,,34.37758899508447,33.65775820110817,32.650930665458525,31.885113317132465,31.129017882827494,30.97970010608397,,,36.36914903123955,36.18833345685093,32.27283617950944,31.792134123296194,31.263094780913285,30.638567388534593,27.781374868445457,27.242051557637776,,32.27283617950944,29.740807019167267,27.825980169386792,25.560642797518483,24.461177260904915,23.675683270879826,"rgba(38, 166, 154, 0.5)",0.0,0.0,1.7114169729975492,32.77217966193553,2.2956924000134324,0.0,0.0,0.0,0.0,0.0,0.0,0.0,0.0,56.39647895024844,11.001486903963979,False,True,True,False,False,12.118566143283587,1,1.0600991667451274,0.8897614773906134,False,False,False,False,0.2469062407684762,0.24704959217215194,False,False,False,False,10049996,9652609.405436965,False,False,False,False,102258.43723782465,False,False,False,False
2025-02-26 00:00:00+00:00,36.7201717883,37.1404859295,36.529119906,36.6533036295,62108,,,,,34.3946894992855,33.67508108140542,32.66823760393416,31.900843527145195,31.144135005246095,30.994418768931276,,,36.39024747190024,36.207343915848895,32.29051695754748,31.80779159707517,31.278461866406232,30.652806422855242,27.79468874398062,27.255149558249425,,32.29051695754748,29.75443511365751,27.839287996796468,25.57326555267588,24.473643705121766,23.68804297947284,"rgba(38, 166, 154, 0.5)",0.0,0.0,1.6735515081680523,32.78850662655295,2.349294385358257,0.0,0.0,0.0,0.0,0.0,0.0,0.0,0.0,56.12264769952188,10.639536203458277,False,True,True,False,False,12.187580927660498,1,1.0531261354774448,0.8866636026559213,False,False,False,False,0.2663917132535045,0.25672065271282823,False,False,False,False,10112104,9670628.801302182,False,False,False,False,100683.91028732173,False,False,False,False
2025-02-27 00:00:00+00:00,36.4813569354,36.9112236707,36.4335939648,36.6724088177,116703,,,,,34.4237137182467,33.705191240043355,32.69890785133811,31.92900636498059,31.171386649037416,31.020986097921348,,,36.40879100330647,36.22960832613377,32.32199896053283,31.835851039502923,31.306132207346945,30.678571974437,27.819079995210764,27.279181565091655,,32.32199896053283,29.779221508489123,27.863665112898595,25.59651183190989,24.496644457585997,23.71087246777078,"rgba(38, 166, 154, 0.5)",0.0,0.0,1.6653007328724996,32.81566960427564,2.201216428219164,0.0,0.0,0.0,0.0,0.0,0.0,0.0,0.0,54.60183312543074,9.058792989752092,False,True,True,False,False,10.983874312534919,1,1.0489125060058815,0.8890435311173759,False,False,False,False,0.23634207268914278,0.24653136270098552,False,False,False,False,9995401,9683364.965956997,False,False,False,False,101312.10988389736,False,False,False,False
2025-02-28 00:00:00+00:00,40.4743412765,40.4934464648,37.1548148207,37.3028800295,264125,,,,39.374200853999994,34.56635780124442,33.83388795135206,32.81446091493723,32.02845849500733,31.262935152638867,31.109498981474044,,,36.88663675123608,36.580348412299095,32.43647210530581,31.934263510409767,31.399821562832333,30.76288366138125,27.890999999539822,27.349105908344445,,32.43647210530581,29.857111657373327,27.935628226252256,25.661885270076688,24.560192100404052,23.773258743255642,"rgba(38, 166, 154, 1.0)",0.0,0.0,1.7716904586543885,32.959831812169085,4.241434742521691,0.0,0.0,0.0,0.0,0.0,0.0,0.0,0.0,62.800675403999335,7.825900234649971,True,False,True,False,True,20.0,0,1.0509006973485162,0.80395323285305,False,False,False,False,0.34282824066200873,0.2946798016814971,False,False,False,False,10259526,9705959.516311625,False,False,False,False,107696.92910413668,False,True,False,False
2025-03-03 00:00:00+00:00,39.7196863413,40.9615235766,39.3853455471,40.3214997707,271820,,,,39.70284482436602,34.7234834888584,33.97516562182548,32.9406182172554,32.13685858045202,31.36239949512717,31.205643166087977,,,37.33265384407238,36.93474642075219,32.56111058853534,32.04148619492256,31.501647766193187,30.854363384709863,27.968210679689424,27.424060738064767,,32.56111058853534,29.94133020617635,28.012896920433427,25.731667494205098,24.62786274550598,23.83959104154067,"rgba(38, 166, 154, 1.0)",1.0,41.601307,1.836947140337572,33.64919556346469,3.304662744252809,0.0,0.0,0.0,0.0,0.0,0.0,0.0,0.0,65.46718017663041,10.048790513552035,True,False,True,False,True,19.706070022920482,0,1.097873590026034,0.7997313917539736,False,False,False,False,0.34282824341756285,0.31875402254953,False,False,False,False,9987706,9717008.398024894,False,False,False,False,114133.127962798,False,False,False,False
2025-03-04 00:00:00+00:00,37.9524564295,39.2516092295,37.4653696554,39.2516092295,281450,,,,39.19334637371259,34.82482122193167,34.07326312477192,33.03465017380516,32.22113324353634,31.442128282856373,31.28315942859648,,38.223145104800004,37.44697227939947,37.0588757264449,32.6558262260757,32.12519163655911,31.582844914478628,30.92898110654511,28.035349578160876,27.489792114780265,,32.6558262260757,30.01177239471459,28.080038538631424,25.794204238041967,24.68919364049461,23.900132737809873,"rgba(38, 166, 154, 0.5)",0.0,0.0,1.8563769939032124,33.69247838173046,2.294780673193179,0.0,0.0,0.0,0.0,0.0,0.0,0.0,0.0,62.18149461446742,10.048790513552035,False,False,True,False,True,12.307756362262488,0,1.0498634383236942,0.8457495309329938,False,False,False,False,0.153322568524268,0.236038295536899,False,False,False,False,9706256,9716586.735357253,False,False,False,False,120694.57392504122,False,False,False,False
2025-03-05 00:00:00+00:00,38.9841365942,39.1560832883,37.3601955942,37.828272706,225002,,,,39.043717048466455,34.90797581682722,34.15350728952568,33.111335311854965,32.28987799939404,31.507095633960244,31.346332582878315,,38.34620526876277,37.54499778483182,37.161944752668305,32.73295178272224,32.193462329495034,31.64900895971209,30.98977950166624,28.089836188465377,27.543108875456255,,32.73295178272224,30.06910127410988,28.134530870874794,25.8448541254802,24.738822712735015,23.949095692599688,"rgba(38, 166, 154, 0.5)",0.0,0.0,1.8949437056182088,33.756848115138254,2.7585455248953643,0.0,0.0,0.0,0.0,0.0,0.0,0.0,0.0,61.78278301912431,10.048790513552035,False,False,True,False,False,15.095423271399518,0,1.065762612076015,0.85611495444653,False,False,False,False,0.14327015357992795,0.18965422455841346,False,False,False,False,9931258,9725005.216323635,False,False,False,False,124785.06122209843,False,False,False,False
2025-03-06 00:00:00+00:00,38.640243206,39.0271232677,38.2581394413,38.4682965118,119184,,,,39.002481978580406,34.95219462865251,34.19619297531033,33.15213552260589,32.32650290552851,31.541714290249505,31.3800034949917,,38.402522952270274,37.596534307919676,37.21595781458242,32.77396998427417,32.22983563847133,31.684260274420556,31.022190777789213,28.11885833405688,27.571504729932148,,32.77396998427417,30.09966099324397,28.16355672644743,25.871818783601437,24.76523629970929,23.975149916807077,"rgba(38, 166, 154, 0.5)",0.0,0.0,1.9334955703909602,33.79378061890117,2.506580651808197,0.0,0.0,0.0,0.0,0.0,0.0,0.0,0.0,60.65275901215544,10.048790513552035,False,False,True,False,False,13.753081279441641,0,1.0811250746533085,0.8376549877450512,False,False,False,False,0.17673682039331784,0.18319552247586565,False,False,False,False,9812074,9728419.67842859,False,False,False,False,124565.4117624083,False,False,False,False
2025-03-07 00:00:00+00:00,37.8091675177,38.9537593449,37.5321422883,38.6593483942,143591,,,,38.90301286776279,34.99645211576346,34.24039727936033,33.19571056249195,32.36632160122518,31.579820120149556,31.417153900135503,,38.34574441777116,37.623419783280504,37.25312454116604,32.81813038038372,32.26944785694265,31.72298047828406,31.05811725843039,28.151817485258317,27.60385314033494,,32.81813038038372,30.133866594711016,28.19651155781664,25.902778646517074,24.795684848414652,24.00525855368069,"rgba(38, 166, 154, 0.5)",0.0,0.0,1.9485803368574761,33.82663390979996,2.043812889091742,0.0,0.0,0.0,0.0,0.0,0.0,0.0,0.0,57.92305549111778,14.078685554385373,False,True,True,False,False,10.607765288716742,0,1.0507682490044572,0.8544677906970539,False,False,False,False,0.13524768302454349,0.15922160275020458,False,False,False,False,9668483,9726069.220451,False,False,False,False,125311.5132619217,False,False,False,False
2025-03-10 00:00:00+00:00,36.9828681265,37.9926392699,36.5847852719,37.5460097257,230521,,,,38.64538888048594,35.044824361671594,34.29302347786532,33.25136962012889,32.4191245807736,31.631650710970977,31.467922141730096,,38.07850780061101,37.58883729632725,37.248921489747616,32.875535122692156,32.32216247783791,31.775423813284092,31.107666734922837,28.19946931580635,27.650896457376565,,32.875535122692156,30.18195690087263,28.24413365802532,25.948464257347247,24.840947283467727,24.05021813460627,"rgba(38, 166, 154, 0.5)",0.0,0.0,1.9314512848367154,33.85309911449802,1.620423479780682,0.0,0.0,0.0,0.0,0.0,0.0,0.0,0.0,54.3553364631417,10.700055220596397,False,True,True,False,False,7.636618160544721,0,1.027850899231222,0.8717556175719522,False,False,False,False,0.037776212818001816,0.0984989077841032,False,False,False,False,9437962,9714770.898080371,False,False,False,False,129437.3754869444,False,False,False,False
2025-03-11 00:00:00+00:00,36.808100044,37.5848470774,36.691587989,37.1964735607,154973,,,,38.49714909544213,35.07384022536038,34.32547677378057,33.28645014378491,32.45281779033691,31.664980250885648,31.500620390338995,,37.9375450028188,37.56049513806396,37.23990619912084,32.911897533462415,32.35583558401913,31.80910102124543,31.139672273512783,28.230662491892087,27.681741976103897,,32.911897533462415,30.213196124780957,28.275303379273677,25.9785395969238,24.870802084415445,24.07990843037041,#000000,0.0,0.0,1.9055137482293358,33.869968763735685,1.5419103026648433,0.0,0.0,0.0,0.0,0.0,0.0,0.0,0.0,51.619155302494896,8.14695856214857,False,True,False,False,False,7.02223232367129,0,1.0227257557703449,0.8786946700723047,False,False,False,False,0.02251593046923008,0.060507419126666635,False,False,False,False,9282989,9697838.27462624,False,False,False,False,130438.77252667207,False,False,False,False
2025-03-12 00:00:00+00:00,37.1382175332,37.4594024315,36.8275187199,37.1964735607,83667,,,,38.433234779136484,35.09004490699311,34.3434022607977,33.3056864121575,32.471250477192434,31.683180985677524,31.51847352226107,,37.88377761733377,37.549369452853476,37.237787833935805,32.93179965383245,32.37425242117944,31.82749545602728,31.157138429438817,28.24762780301927,27.698511954124392,,32.93179965383245,30.230222381012105,28.292256635442016,25.994875074065224,24.887009363097174,24.09602131688651,#000000,0.0,0.0,1.8844634938250926,33.880729305046444,1.7286024583800723,0.0,0.0,0.0,0.0,0.0,0.0,0.0,0.0,50.604445819902196,7.162622350197509,False,True,False,False,False,7.982597900162013,0,1.023894977182628,0.8843874542986068,False,False,False,False,0.02304736160812638,0.04177739036739651,False,False,False,False,9366656,9684850.73444482,False,False,False,False,128604.58536876336,False,False,False,False
2025-03-13 00:00:00+00:00,36.575075934,37.5445533251,36.3518582553,37.3809509811,97749,,,,38.34920117978341,35.105774296500144,34.36171143857451,33.326076265283156,32.49114954951835,31.703063003185196,31.538017860709306,,37.80623399670575,37.52752790538477,37.227610744811,32.953077680767166,32.39416750641891,31.847549841048526,31.176338906508125,28.26666141015032,27.717372326019685,,32.953077680767166,30.24909859877984,28.311272823510286,26.01335698815621,24.905400578257346,24.11433840549538,#000000,0.0,0.0,1.8474721467530741,33.890006377515306,1.4533748512548306,0.0,0.0,0.0,0.0,0.0,0.0,0.0,0.0,48.66486923592818,5.223598126992037,False,True,False,False,False,5.990875621814052,0,1.020539122504573,0.890149763117501,False,False,False,False,0.003262672559633649,0.022520031463515076,False,False,False,False,9268907,9668539.215446984,False,False,False,False,127394.56241312559,False,False,False,False
2025-03-14 00:00:00+00:00,37.3615323053,37.5311544387,36.7596504478,36.7886813682,107613,,,,38.28768079449528,35.126656650261026,34.384731032521536,33.35074763825561,32.5148185090807,31.726443117756855,31.560958509599395,,37.76234740160242,37.51758092601357,37.227342871904945,32.97859037018796,32.41781709113502,31.87117427071018,31.198789841742503,28.28847764586977,27.738939567150005,,32.97859037018796,30.270991711616322,28.333073678649434,26.034369314752656,24.92624876943581,24.1350656711326,#000000,0.0,0.0,1.82156528490779,33.90541803110437,1.89733209280533,0.0,0.0,0.0,0.0,0.0,0.0,0.0,0.0,49.341389113148324,5.223598126992037,False,True,False,False,False,8.273177808039659,0,1.0334276990544558,0.8736532612953809,False,False,False,False,0.010106894852474303,0.01631346315799469,False,False,False,False,9376520,9657087.481507886,False,False,False,False,126618.81486751283,False,False,False,False
2025-03-17 00:00:00+00:00,37.0314148161,37.7400993907,37.0022868024,37.3615323053,144291,,,,38.21772588783439,35.15454654147237,34.415453200256415,33.38368229582949,32.54645512022872,31.75771143229884,31.591646903814038,,37.71651586338324,37.506873541899715,37.22838688403803,33.01264555455849,32.44943008690541,31.902763804942268,31.228832957062938,28.31769509777083,27.767827283995164,,33.01264555455849,30.30030156889281,28.362270477821642,26.062521505342655,24.954183866012098,24.162840463022604,#000000,0.0,0.0,1.7931150653854324,33.92690782259707,1.7313484524405647,0.0,0.0,0.0,0.0,0.0,0.0,0.0,0.0,48.9967539866216,5.192971102357674,False,True,False,False,False,7.110041207468747,0,1.0291766130318818,0.8721985813732988,False,False,False,False,0.033241636128209566,0.02477754964310213,False,False,False,False,9232229,9640426.364586009,False,False,False,False,127311.84173545352,False,False,False,False
2025-03-18 00:00:00+00:00,37.1382175332,37.263370899,36.7401346786,36.9634494507,115475,,,,38.15737130333491,35.1741625938012,34.43778299063147,33.40823057730125,32.57035255535218,31.781532861371232,31.615065043815605,,37.671148217535304,37.49218909188505,37.22357085357175,33.03817831007803,32.47333821050694,31.92679482360032,31.251829719318078,28.340393010643695,27.790309439271933,,33.03817831007803,30.32287650576441,28.384949032753813,26.084527863251402,24.976067828784064,24.1846275917312,#000000,0.0,0.0,1.7664396448055089,33.94160387018796,1.8096365038070665,0.0,0.0,0.0,0.0,0.0,0.0,0.0,0.0,49.05097087541567,4.9149464911772185,False,True,False,False,False,7.421657968222444,0,1.0279198962081,0.8866726808648147,False,False,False,False,-0.03728405695195875,-0.0062532536544283104,False,False,False,False,9347704,9628947.056170871,False,False,False,False,126847.65186347495,False,False,False,False
2025-03-19 00:00:00+00:00,37.0896708436,37.3809509811,37.050833492,37.0605428299,83173,,,,38.12215049696006,35.18897927066572,34.45440195253834,33.42631706060326,32.58789073582525,31.798967445159025,31.632198362303367,,37.64799678509326,37.48502775771603,37.222636025923855,33.05694379225371,32.49087731741045,31.944389431717056,31.268640577957072,28.35690522171934,27.80665575420602,,33.05694379225371,30.33934747019778,28.401448061634046,26.10050618424318,24.991945920536384,24.200428558000226,#000000,0.0,0.0,1.7218118065290422,33.95335335997832,1.8215216504666087,0.0,0.0,0.0,0.0,0.0,0.0,0.0,0.0,48.953190073825766,4.431702614299667,False,True,False,False,False,7.246558735496258,0,1.027603161503761,0.8984187020507474,False,False,False,False,-0.012471032024849822,-0.009362142839639067,False,False,False,False,9264531,9614656.230438681,False,False,False,False,125134.9204178485,False,False,False,False
2025-03-20 00:00:00+00:00,36.9051934232,37.3615323053,36.7110066649,36.8954840853,107659,,,,38.072111796644826,35.20611323475472,34.47420219884733,33.44835193962175,32.60950528607831,31.820612676602654,31.65349928105394,,37.61074819685111,37.47109532236819,37.21717357447582,33.07992412608762,32.51251532445277,31.966206134943455,31.2895958001794,28.37774968223535,27.827322263335002,,33.07992412608762,30.35998795233553,28.422273280908453,26.120782852331235,25.01213234897004,24.220539375650546,#000000,0.0,0.0,1.6700265059313706,33.966602282523226,1.7596074854140855,0.0,0.0,0.0,0.0,0.0,0.0,0.0,0.0,48.35111171809177,3.459933859802817,False,True,False,False,False,6.5745804088269395,0,1.0069681861015338,0.9124315080715725,False,False,False,False,-0.033282192459560704,-0.021322167649599884,False,False,False,False,9156872,9596703.90767638,False,False,False,False,124449.59020538385,False,False,False,False
2025-03-21 00:00:00+00:00,36.0993183761,36.7304253407,36.0216436727,36.5168199065,214263,,,,37.92722170880436,35.22611053436059,34.501867537958525,33.482795466777375,32.64504227736801,31.857327973912444,31.689831115142393,,37.47591213550247,37.407805822883525,37.17505718602329,33.116728195331376,32.54825014309304,32.00302516969597,31.325720759716663,28.415547731967454,27.86501783033384,,33.116728195331376,30.396338579233568,28.46001769486742,26.15829737006454,25.049741086847558,24.25816562295708,"rgba(239, 83, 80, 1.0)",0.0,0.0,1.628732018709518,33.97845089148196,1.3021586487250683,0.0,0.0,0.0,0.0,0.0,0.0,0.0,0.0,45.79680022701597,0.7198404899060407,False,True,False,True,False,3.7080592623389848,0,0.9817561929414421,0.9151121227847222,False,False,False,False,-0.11016573333813198,-0.06574395049386593,False,False,False,False,8942609,9571053.12698319,False,False,False,False,127971.6847071335,False,False,False,False
2025-03-24 00:00:00+00:00,36.6721693132,36.8275187199,36.342051824,36.4488545411,87197,,,,37.88530117112419,35.23651201913918,34.51492680941285,33.49819823076306,32.66060273831078,31.87319883544062,31.705504888815714,,37.441681586335044,37.390949342459486,37.16493860570879,33.1330012147163,32.56386784065388,32.01897167028223,31.34124200270752,28.431467895569178,27.880860247531277,,33.1330012147163,30.411826856640275,28.475918451693364,26.173980363450188,25.065422324863768,24.27382948383535,"rgba(239, 83, 80, 1.0)",0.0,0.0,1.5955637485015424,33.98636466798715,1.6832951035238806,0.0,0.0,0.0,0.0,0.0,0.0,0.0,0.0,46.00681291714548,0.6815879255070456,False,True,False,True,False,5.480034676053723,0,0.9896502465371303,0.9052231196389323,False,False,False,False,-0.08575941978776305,-0.07575168514081448,False,False,False,False,9029806,9549827.749454437,False,False,False,False,126372.6774637165,False,False,False,False
2025-03-25 00:00:00+00:00,36.4876918928,36.8683950325,36.370208904,36.7110066649,79961,,,,37.848050421815394,35.245651556035405,34.526544249881574,33.51201739236197,32.67462720510543,31.88754247122737,31.719678534659888,,37.411245198580964,37.37537390218474,37.15534927929363,33.14762777480348,32.577949339103036,32.033376559015906,31.35529205868113,28.445944279653915,27.895273849588705,,33.14762777480348,30.425874473200924,28.49037658820281,26.18826775701131,25.07971713696707,24.288113935004997,"rgba(239, 83, 80, 1.0)",0.0,0.0,1.566211551585573,33.99340581378816,1.5925601343488514,0.0,0.0,0.0,0.0,0.0,0.0,0.0,0.0,45.63398849361447,0.037570915837676466,False,True,False,True,False,4.828033768505332,0,1.0051557527828776,0.8997328045170718,False,False,False,False,-0.11948535036443894,-0.09761851775262671,False,False,False,False,8949845,9526299.014181715,False,False,False,False,124552.61168082568,False,False,False,False
2025-03-26 00:00:00+00:00,36.8372280578,37.0022868024,36.342051824,36.575075934,141373,,,,37.79439146877128,35.26331846139793,34.54826461642715,33.53734411657207,32.70013361808344,31.913503449805482,31.745313940692665,,37.37123634024999,37.35420142952411,37.14337966687203,33.17431753856423,32.60354138038508,32.05946664933072,31.380666019359143,28.47188878367789,27.921084350241042,,33.17431753856423,30.45116400296385,28.516290461143853,26.213800062988735,25.105236516645828,24.313599103998904,"rgba(239, 83, 80, 1.0)",0.0,0.0,1.5443196899161804,34.00797468933546,1.8320386555571895,0.0,0.0,0.0,0.0,0.0,0.0,0.0,0.0,46.57226467274761,0.037570915837676466,False,True,False,True,False,5.9102069361984455,0,0.9958165045931464,0.9092375579419829,False,False,False,False,-0.145341396855931,-0.12147995730427885,False,False,False,False,9091218,9509237.013625568,False,False,False,False,125212.23475216585,False,False,False,False
2025-03-27 00:00:00+00:00,36.691587989,36.8954840853,36.458563879,36.8857747474,47534,,,,37.77676772212844,35.26898340685052,34.55532181136195,33.54565066098918,32.70854201109317,31.922088308204646,31.753796641674978,,37.35794131551,37.346897701818285,37.139082116188405,33.1830889740159,32.611981677239946,32.068089393514775,31.389071925221167,28.48052797375733,27.929684309349238,,33.1830889740159,30.459560530226042,28.524919041638466,26.222320171498538,25.113758469496172,24.32211337646064,"rgba(239, 83, 80, 1.0)",0.0,0.0,1.5287607968423724,34.01269303218606,1.7523310136858234,0.0,0.0,0.0,0.0,0.0,0.0,0.0,0.0,46.73333623225487,0.037570915837676466,False,True,False,True,False,5.383146037611223,0,0.9895044753277289,0.9241893093148479,False,False,False,False,-0.1446697948520658,-0.1330748760781723,False,False,False,False,9043684,9490980.032699076,False,False,False,False,122166.02946776719,False,False,False,False
2025-03-28 00:00:00+00:00,35.8274569144,36.7606213816,35.516758101,36.6624599753,195771,,,,37.67008547384044,35.281377489738,34.575207252457,33.572441417268685,32.7372232313918,31.952360367049735,31.783881705707017,,37.26058766760058,37.29071276272153,37.098299939126626,33.21216178472677,32.64091077291999,32.09833368637385,31.41921542647864,28.51312644888064,27.962321414273138,,33.21216178472677,30.49033403451411,28.557461575446027,26.25510357074242,25.146769239708636,24.355227601859976,"rgba(239, 83, 80, 1.0)",0.0,0.0,1.5069563267346682,34.021033318325124,1.198723256956695,0.0,0.0,0.0,0.0,0.0,0.0,0.0,0.0,44.361887120157355,-1.825022099661723,False,True,False,True,False,2.3331730838044358,0,0.9608066509112038,0.9538215565602405,False,False,False,False,-0.22008449314892028,-0.17657968461354628,False,False,False,False,8847913,9465761.717691269,False,False,False,False,125052.49890040378,False,False,False,False
2025-03-31 00:00:00+00:00,35.5361767769,35.8794989656,35.3516993565,35.3516993565,160792,,,,37.570418076639804,35.28541379568239,34.58627693575699,33.59011157542393,32.757277583442665,31.974213418770912,31.805718540957717,,37.165325330754,37.23289529230951,37.05386503970242,33.2318985845486,32.6612345052156,32.120056990754584,31.441318915745327,28.53811629798329,27.987461648947,,33.2318985845486,30.513344268238452,28.582398400096583,26.28064608042035,25.17262894357908,24.38125267372631,"rgba(239, 83, 80, 1.0)",0.0,0.0,1.4808294912809563,34.02223825344703,1.0223584365161276,0.0,0.0,0.0,0.0,0.0,0.0,0.0,0.0,42.04989495447927,-4.115655501973308,False,True,False,True,False,1.3369174740428313,0,0.9355771394110731,0.9856855813779464,False,False,False,False,-0.2957987335007581,-0.23618920905715218,False,False,False,False,8687121,9435226.787585728,False,False,False,False,126454.04796313304,False,False,False,False
2025-04-01 00:00:00+00:00,35.7303635352,35.871148935,34.9439071639,35.400246046,83051,,,,37.52080143426728,35.286959577022635,34.59148555192241,33.59878437228771,32.76725808902451,31.985169327506018,31.81668101268127,,37.118136671207644,37.203268092996865,37.0308150261653,33.24164910716324,32.67136010628212,32.130934741570556,31.452442100268865,28.550820138327452,28.000256329503088,,33.24164910716324,30.524976125006777,28.595074151782573,26.29367999533421,25.185841179685983,24.394559343264444,"rgba(239, 83, 80, 1.0)",0.0,0.0,1.4564530263153925,34.02260382847482,1.1725470549816173,0.0,0.0,0.0,0.0,0.0,0.0,0.0,0.0,41.32222974351297,-4.874361958119771,False,True,False,True,False,1.9768704403111208,1,0.9217741786076825,0.9909683465028819,False,False,False,False,-0.3268096358253013,-0.2814994224412267,False,False,False,False,8770172,9409146.207680406,False,False,False,False,124751.96765085332,False,False,False,False
2025-04-02 00:00:00+00:00,35.9730969832,36.1544674154,35.2643153152,35.2643153152,133149,,,,37.45658124611127,35.292406171516554,34.60222927758688,33.6145502336501,32.78473675192207,32.00398598859282,31.835452228653306,,37.06023625500273,37.16543656245295,37.00188537504595,33.259027365036005,32.68904044655434,32.14967137574095,31.471378534256463,28.57191218071873,28.021445268192192,,33.259027365036005,30.54456012871257,28.616124384372334,26.315136647145412,25.207529686021697,24.4163662083251,"rgba(239, 83, 80, 1.0)",0.0,0.0,1.437037677521748,34.02668457114185,1.3544616418233717,0.0,0.0,0.0,0.0,0.0,0.0,0.0,0.0,41.857529772484355,-4.874361958119771,False,True,False,True,False,2.777177343942352,1,0.9290294188390964,0.9895463056393297,False,False,False,False,-0.28200191864041557,-0.28175067054082115,False,False,False,False,8903321,9389309.925026273,False,False,False,False,125081.26303709435,False,False,False,False
2025-04-03 00:00:00+00:00,34.3030908614,35.2788793221,34.2108521512,34.9439071639,240367,,,,37.27639041674781,35.279272718284,34.602156113477356,33.627113976329554,32.8034205495377,32.026892889896104,31.85876780061017,,36.879647562689044,37.04648233251637,36.90422704721698,33.275259976015775,32.70833094247729,32.17204855835628,31.495783453879174,28.603408516867646,28.05354960313163,,33.275259976015775,30.571557164811473,28.647518694804354,26.348757099945157,25.242048946262443,24.451394998062966,"rgba(239, 83, 80, 1.0)",0.0,0.0,1.426226795522299,34.01144295401727,0.20448915158400693,0.0,0.0,0.0,0.0,0.0,0.0,0.0,0.0,38.234696800614316,-7.903306242250444,False,True,False,True,False,0.0,0,0.9058922281446121,0.9879614211809208,False,False,False,False,-0.34282825441539394,-0.3122894624781075,False,False,False,False,8662954,9360825.378946813,False,False,False,False,129602.27232975731,False,False,False,False
2025-04-04 00:00:00+00:00,32.6913407671,33.2447730284,32.1379085059,32.8369808359,245007,,,,36.99961381181026,35.23035251224993,34.57181339159466,33.61508043420654,32.80225537569498,32.03282121589312,31.865870169936592,32.69134076713333,36.58835634653345,36.85010916069929,36.73673687999653,33.268130377062334,32.70815768734999,32.17684250172078,31.505221640605132,28.625073206601538,28.076513745948034,,33.268130377062334,30.585852387063994,28.669037617219516,26.374891965761638,25.269858026342362,24.480190989001795,"rgba(239, 83, 80, 1.0)",0.0,0.0,1.4498539879364345,33.96148385044759,-0.8760489634927828,0.0,0.0,0.0,0.0,0.0,0.0,0.0,0.0,33.46479255615696,-12.284949650010546,False,True,False,True,False,0.0,0,0.8967692082795211,0.9833557307235959,False,False,False,False,-0.34282825441539394,-0.3275588584467507,False,False,False,False,8417947,9323849.756243017,False,False,False,False,134127.94792466878,False,False,False,False
2025-04-07 00:00:00+00:00,31.9825590992,33.4243957799,30.2348782741,31.18639339,222223,,,,36.73388963538885,35.17388817742233,34.53360293295514,33.59508347807822,32.793646202221616,32.031599346029054,31.865983349380368,32.3057431178097,36.30900808852084,36.654857288618004,36.56772185498635,33.252932646174756,32.70057378273244,32.1743826922155,31.507890416554975,28.640647181309273,28.093521818594333,31.880611051066673,33.252932646174756,30.59372375855698,28.684464058114816,26.395392186829277,25.29216625359805,24.503573984931514,"rgba(239, 83, 80, 1.0)",0.0,0.0,1.5007414755585973,33.99348233261483,-1.3399531272808585,1.0,33.424397,30.234879,0.0,0.0,0.0,0.0,0.0,29.492801541033437,-15.774378549329363,False,True,False,True,False,0.0,0,0.8617531430951499,0.9822910704012304,True,False,False,False,-0.34282825441539394,-0.3351935564310723,False,False,False,False,8195724,9279609.530507997,False,False,False,False,137582.6558491916,False,False,False,False
2025-04-08 00:00:00+00:00,32.5651193742,33.7787866139,32.128199168,33.1962263388,313134,,,,36.46739469455597,35.11936891019005,34.50007085933365,33.58275749950463,32.79404099978975,32.040462771170986,31.876237528520456,32.51371635405738,36.04010275759398,36.45389535197725,36.39270380514035,33.24641361885806,32.70214776564167,32.18189616128758,31.520944485982866,28.66865816471121,28.123137754906345,32.43242625310698,33.24641361885806,30.612667412573416,28.71229416286971,26.428945264435868,25.327811194126134,24.54045501773699,"rgba(239, 83, 80, 1.0)",0.0,0.0,1.5377094622237928,33.9693214654903,-0.9131777658827586,0.0,0.0,0.0,0.0,0.0,0.0,0.0,0.0,28.99947305001583,-16.022950972054375,False,True,False,True,False,0.0,0,0.8933422022545139,0.9777640703123948,False,False,False,False,-0.2459440573987856,-0.2905688069149289,False,False,False,False,8508858,9249383.980291998,False,False,False,False,144467.0222864782,False,False,False,False
2025-04-09 00:00:00+00:00,34.5069869577,35.0846925637,32.1379085059,32.1670365196,262589,,,,36.32911577632627,35.096285754454,34.490520047069076,33.5870845321972,32.80606628756713,32.0578340401904,31.89432794407308,32.86523043616014,35.91063994496153,36.34669558003547,36.29903870864299,33.25476354278776,32.71492278706149,32.19849391766577,31.540650219750717,28.697922988151042,28.15335968827005,32.91862275360925,33.25476354278776,30.63598624793971,28.74143247992433,26.461545260023566,25.361735613306255,24.57515288694712,"rgba(239, 83, 80, 0.75)",0.0,0.0,1.5022600037102765,33.97387120100551,0.35487582401036105,0.0,0.0,0.0,0.0,0.0,0.0,0.0,0.0,34.23805208982397,-21.20777563390609,False,True,False,True,True,0.0,0,0.8983834940862313,0.9536406446796836,False,False,False,False,-0.1913717056814241,-0.2409702562981765,False,False,False,False,8771447,9230641.353613881,False,False,False,False,149099.25670661632,False,False,False,False
2025-04-10 00:00:00+00:00,33.5457625039,34.444847195,33.0408769322,34.1768694685,164428,,,,36.24227172981573,35.07952678734677,34.48236103717121,33.58782454055623,32.811905374867365,32.06720197209345,31.904203815536647,32.97580391526013,35.82876013104431,36.27806856075643,36.23853242842092,33.25806638267025,32.7212543725718,32.20733447705721,31.551629110191325,28.71527146076922,28.171365339566808,33.04822426590666,33.25806638267025,30.649394863370517,28.758698528392724,26.48118121077061,25.382267621167397,24.5962110873105,"rgba(239, 83, 80, 0.75)",0.0,0.0,1.5122345478793842,33.96624630235927,-0.2780546172873201,0.0,0.0,0.0,0.0,0.0,0.0,0.0,0.0,36.05862348607423,-19.712820351823247,False,True,False,True,True,0.0,0,0.9138082248489168,0.9653946133847962,False,False,False,False,-0.18060086315720023,-0.21078555972768837,False,False,False,False,8607019,9206185.575040787,False,False,False,False,149700.38389459215,False,False,False,False
2025-04-11 00:00:00+00:00,35.3516993565,35.3905367081,33.5667346738,33.7108212485,202970,,,,36.185056799975214,35.07507456085887,34.48587499544806,33.59968904095866,32.82797160227564,32.08636362967222,31.923664329121042,33.23396542463664,35.78290710602679,36.231673871528386,36.197847781338425,33.27251690264779,32.73775830514003,32.22610625699668,31.571913075760904,28.74119895622276,28.197808557371868,33.34804919686262,33.27251690264779,30.671698006034525,28.78454314372637,26.508930558381703,25.410792651402698,24.625182495571536,"rgba(239, 83, 80, 0.75)",0.0,0.0,1.5031036772942061,33.979840736611386,0.912683962265429,0.0,0.0,0.0,0.0,1.0,35.2740246531,34.444847195,0.0,41.054846891160544,-15.198753314279912,False,True,False,True,True,1.0699975221592695,0,0.9206652630356835,0.9566201580627522,False,False,False,False,-0.12105023661557397,-0.16591789817163116,False,False,False,False,8809989,9190648.454450952,False,False,False,False,151789.3884477454,False,False,False,False
2025-04-14 00:00:00+00:00,36.1575744036,36.5653665961,35.2740246531,35.7886195627,157755,,,,36.1796026980495,35.085278261057326,34.5001238814915,33.61826510942295,32.84806923474451,32.1078077043183,31.945063060986598,33.5121329868352,35.789941474034556,36.22624125887499,36.193657024464606,33.292625723874735,32.75805352407261,32.247467687000835,31.5934959277479,28.765275992586428,28.222032438618804,33.66412451533949,33.292625723874735,30.69401704861768,28.808571921876585,26.533560854448286,25.43574032491287,24.65030126963862,"rgba(239, 83, 80, 0.75)",0.0,0.0,1.4817917162601741,34.00778132804736,1.4508065148173508,0.0,0.0,0.0,0.0,0.0,0.0,0.0,0.0,45.765490621135015,-11.041782922445918,False,True,False,True,True,3.1808538024031314,0,0.9577180754432107,0.9278075489334716,False,False,False,False,-0.006473706819040817,-0.08619580249533598,False,False,False,False,8967744,9181907.103296014,False,False,False,False,152023.33399881423,False,False,False,False
2025-04-15 00:00:00+00:00,36.7498440165,37.2158922366,36.2062181865,36.2449584448,109498,,,,36.19045771522555,35.09774445659162,34.51456532564942,33.63486583335452,32.86504531267713,32.125301965513856,31.962417033121405,33.72177206213741,35.81058071025355,36.234178816778744,36.201302553214404,33.31010233599225,32.77511075839235,32.264991031000804,31.61079833745817,28.783559750410063,28.240317234947366,33.897999487083204,33.31010233599225,30.711501263378967,28.82682863188594,26.551885450655913,25.4541712811573,24.66878077066758,#000000,0.0,0.0,1.467497713232982,34.033044302394316,1.8513144447226542,0.0,0.0,0.0,0.0,0.0,0.0,0.0,0.0,49.861749433395474,-7.482283453149698,False,False,False,False,True,4.686430066818119,0,0.9934711239552803,0.9110994421762525,False,False,False,False,0.05618249704548155,-0.015006652724927218,False,False,False,False,9077242,9177802.589441268,False,False,False,False,150355.67384199798,False,False,False,False
2025-04-16 00:00:00+00:00,36.5556572582,37.0799615057,36.2901068662,36.3711798378,172265,,,,36.20418907024402,35.11600653697968,34.53607912187481,33.659941842589326,32.89089188198872,32.152071117949475,31.988998837799947,33.99370337778136,35.83850929175905,36.24415772896719,36.21107412427373,33.336587071790184,32.801099009982885,32.29178083921079,31.63735077579189,28.81185921404081,28.26864791050766,34.192529168501714,33.336587071790184,30.738430865016483,28.85508394972412,26.58034960581441,25.48283552186684,24.697541801202735,"rgba(38, 166, 154, 0.5)",0.0,0.0,1.4524866963030278,34.06782854105576,1.7128065430660657,0.0,0.0,0.0,0.0,0.0,0.0,0.0,0.0,52.15608004713857,-5.547895687428543,False,False,True,False,True,4.131439409662541,0,0.9851667967573251,0.9188088265932953,False,False,False,False,0.05411794900053476,0.01955564813780377,False,False,False,False,8904977,9167103.546718081,False,False,False,False,151214.8631030961,False,False,False,False
2025-04-17 00:00:00+00:00,36.8566467336,37.2256015745,36.4779825548,36.4974012307,158966,,,,36.2219138578287,35.134762991978576,34.55750509891454,33.68432890081139,32.91575846762312,32.177644156705426,32.014364879039135,34.220001788866156,35.869026732173516,36.25761373002323,36.223956182724336,33.36219648079724,32.82607659321677,32.31740103077071,31.662630966279266,28.838494237212654,28.2952785468724,34.43234259020943,33.36219648079724,30.763947978990064,28.881680575146873,26.607023356511828,25.50965573362588,24.724427937010564,"rgba(38, 166, 154, 0.5)",0.0,0.0,1.4289659513278257,34.10011811570095,1.9290372981508939,0.0,0.0,0.0,0.0,0.0,0.0,0.0,0.0,54.21962285253807,-3.6922757676451567,False,False,True,False,True,4.903591216891041,0,0.9802410659049763,0.9217577335374711,False,False,False,False,0.0673575216924007,0.04345658491510224,False,False,False,False,9063943,9163058.03508208,False,False,False,False,151518.8292559159,False,False,False,False
2025-04-21 00:00:00+00:00,35.6041421423,36.7012973269,35.4585020735,36.6236226236,93732,,,,36.21715146335263,35.13973812506694,34.56489993252676,33.69435639325428,32.926838708818735,32.18961297337614,32.02634084303225,34.29584592695361,35.86993763108332,36.25329048539578,36.220419217904244,33.373137609271055,32.83728514918691,32.32929657791232,31.6747664590707,28.8522998514306,28.309201843422176,34.50747569702407,33.373137609271055,30.776606438926752,28.89545617130483,26.6212614967122,25.524116114272324,24.739011286088605,"rgba(38, 166, 154, 0.5)",0.0,0.0,1.400535015179899,34.110112712211055,1.0667562138009345,0.0,0.0,0.0,0.0,0.0,0.0,0.0,0.0,52.77615132635468,-3.6922757676451567,False,False,True,False,True,1.370330450940905,0,0.9614315325321083,0.9316408350941933,False,False,False,False,0.006198713044781997,0.024827648979942118,False,False,False,False,8970211,9155495.40625533,False,False,False,False,149252.6790890172,False,False,False,False
2025-04-22 00:00:00+00:00,36.7789720303,36.9827710332,35.9730969832,35.9730969832,77316,,,,36.22180990848675,35.14720470772046,34.57386480503636,33.70498048170291,32.93790881135561,32.201156115027196,32.037821162692545,34.37679920471907,35.87997231788917,36.256700474563985,36.223836100677374,33.38440107024462,32.84842627341179,32.3408336565615,31.686265228595595,28.864701714680844,28.321636342597646,34.59022327707181,33.38440107024462,30.788328644661362,28.907837358458984,26.63380061596029,25.536765515466303,24.75171702892964,"rgba(38, 166, 154, 0.5)",0.0,0.0,1.3778566085264006,34.12256546373574,1.9279267161226952,0.0,0.0,0.0,0.0,0.0,0.0,0.0,0.0,53.987001244568766,-3.6922757676451567,False,False,True,False,True,4.360042790498888,0,0.9626849741237337,0.9235590296875896,False,False,False,False,0.03770126742614573,0.031264458203043924,False,False,False,False,9047527,9151261.351108063,False,False,False,False,146431.6328502322,False,False,False,False
2025-04-23 00:00:00+00:00,37.1576362091,38.0848779801,37.1187988574,37.4780443603,103136,,,37.453771015533334,36.24265037659303,35.16306494343002,34.59086937617483,33.72331253202815,32.95609811585294,32.219520938850046,32.05598110291737,34.51580223740524,35.909161386504024,36.273224191743644,36.23930439555561,33.403388295225895,32.866649407244005,32.35928602038279,31.7042504804947,28.883054053105624,28.3399179395423,34.73513648639244,33.403388295225895,30.806245301744266,28.926169332177885,26.651946400327304,25.554928603447912,24.76987506021919,"rgba(38, 166, 154, 1.0)",0.0,0.0,1.3561741485345973,34.146431571783964,2.220367229805823,0.0,0.0,0.0,0.0,0.0,0.0,0.0,0.0,55.43492555527109,-2.273293011443407,True,False,True,False,True,5.290976407171943,0,0.9778374284431721,0.9038045268185891,False,False,False,False,0.12726770759412995,0.07926608289858694,False,False,False,False,9150663,9151237.886358727,False,False,False,False,144733.76489532113,False,False,False,False
2025-04-24 00:00:00+00:00,37.5751377395,38.104296656,37.1187988574,37.1187988574,109271,,,37.528694327637936,36.26653913261186,35.18068571362173,34.60957316619283,33.743291131258594,32.97582909369957,32.23937610213413,32.075604440807574,34.65665013724557,35.941734957520794,36.29233953083212,36.25718899947404,33.424029031128065,32.88640787616048,32.37924601440725,31.723663195236007,28.902741658598636,28.359515567843907,34.88089377576136,33.424029031128065,30.825536525898308,28.945836412353067,26.67136361265622,25.574346607808582,24.78927690912926,"rgba(38, 166, 154, 1.0)",0.0,0.0,1.356740293879192,34.17206724750814,2.508269642572347,0.0,0.0,0.0,0.0,0.0,0.0,0.0,0.0,57.105284154313466,-0.4171448262612074,True,False,True,False,True,6.309434469525822,0,0.9828227073790552,0.902724194852958,False,False,False,False,0.12804830693598443,0.10365719491728569,False,False,False,False,9259934,9155500.479050541,False,False,False,False,143343.0682327595,False,False,False,False
2025-04-25 00:00:00+00:00,37.5848470774,37.9440925803,37.167345547,37.3518229674,119555,,,37.54192398105776,36.29108839351153,35.199408356046604,34.62954304825807,33.76472482643057,32.99706856894277,32.260796038290344,32.09678496720114,34.79509776653436,35.975263864479594,36.312104826273135,36.27574364841882,33.44619905384247,32.90768325005063,32.400770024191274,31.74463499215398,28.924096747661462,28.380784293080453,35.0224784576787,33.44619905384247,30.84641294660254,28.967168425121006,26.6924636940899,25.59546069229767,24.810381505646276,"rgba(38, 166, 154, 1.0)",0.0,0.0,1.352166917410788,34.198669921008396,2.504259727693725,0.0,0.0,0.0,0.0,0.0,0.0,0.0,0.0,58.23595557908715,0.9572808862832858,True,False,True,False,True,6.333241551370769,0,0.9830431948820884,0.9032586298226011,False,False,False,False,0.12356195001353898,0.11360957246541234,False,False,False,False,9379489,9164284.342617188,False,False,False,False,142410.20281186697,False,False,False,False
2025-04-28 00:00:00+00:00,37.5265910499,38.2256633799,37.1382175332,37.5654284016,85211,,,37.55994636297082,36.30888699552532,35.21293438280411,34.643922562130356,33.780112906142136,33.012299885716544,32.2761429218642,32.111959088343795,34.88811780911164,35.99926700299137,36.32653016125257,36.289297935231374,33.46210210320459,32.9229383329451,32.416193112976444,31.759655847557493,28.93936664036301,28.395989777852787,35.116950521663114,33.46210210320459,30.861356118358223,28.982422133049962,26.707541867712685,25.610545238845077,24.825457096230934,"rgba(38, 166, 154, 1.0)",0.0,0.0,1.3502292624448775,34.21745947711085,2.4507923689916637,0.0,0.0,0.0,0.0,0.0,0.0,0.0,0.0,58.81859343639434,1.8628248079002745,True,False,True,False,True,6.161022276185136,0,0.9788101216435992,0.9021413479110236,False,False,False,False,0.133712356861005,0.12366096466320867,False,False,False,False,9294278,9169382.13310279,False,False,False,False,140167.09681924473,False,False,False,False
2025-04-29 00:00:00+00:00,38.0606046354,38.2839194074,37.2887122709,37.6139750912,93967,,,37.618369937087245,36.33155049179047,35.22918685441042,34.660922249080116,33.798022950282146,33.029874974892095,32.293743334284464,32.1293427210256,34.992511691807685,36.028839802462265,36.34502858955365,36.30663642875794,33.48053315819144,32.94052595497008,32.4338985297533,31.77682641367707,28.956621584967706,28.413147902817176,35.22301017781174,33.48053315819144,30.87835862715933,28.999660917671086,26.72449711222278,25.62747778973786,24.842361405671884,"rgba(38, 166, 154, 1.0)",0.0,0.0,1.3557267742621613,34.23949847768198,2.818492804199145,0.0,0.0,0.0,0.0,0.0,0.0,0.0,0.0,60.2585025876586,3.600197647565814,True,False,True,False,True,7.497974366500301,0,0.9774994412198381,0.9053630040209658,False,False,False,False,0.14212661186055703,0.13289378826188286,False,False,False,False,9388245,9177964.99062817,False,False,False,False,138355.32831652925,False,False,False,False
2025-04-30 00:00:00+00:00,37.1867642228,37.7790338358,36.8954840853,37.5363003878,113652,,,37.55810961469142,36.34795914186022,35.244256000851685,34.67751418297375,33.81637080750484,33.04839362662829,32.31264747961109,32.14808245018335,35.085493543160226,36.05235045732663,36.35842308457543,36.319411784326405,33.499653854890106,32.95910691094081,32.45285336636264,31.795467512025745,28.9760265713816,28.43252773814379,35.31465771179304,33.499653854890106,30.897087100657394,29.019040744635216,26.743853254929746,25.64691072829701,24.861824787583544,"rgba(38, 166, 154, 1.0)",0.0,0.0,1.3444375866238103,34.26003724132012,2.17691547052739,0.0,0.0,0.0,0.0,0.0,0.0,0.0,0.0,58.60322568834275,3.600197647565814,True,False,True,False,True,4.90667125942792,0,0.966189422571502,0.9190649008582654,False,False,False,False,0.10605240999264791,0.11947309912726539,False,False,False,False,9274593,9181754.324329026,False,False,False,False,137386.57034333205,False,False,False,False
2025-05-01 00:00:00+00:00,37.5071723741,37.8372898633,36.7789720303,37.0022868024,96992,,,37.533433549667485,36.362785341174046,35.257485428409595,34.69197765328957,33.83226757172727,33.064393920104706,32.32894909024108,32.1642379160307,35.16200583388577,36.07310235692614,36.37060409460643,36.33101504569042,33.51619341790189,32.97515658069583,32.469203241325864,31.811528149843337,28.992689037083963,28.44916246632296,35.38985969399953,33.51619341790189,30.913201243901305,29.035682227880603,26.760452451658544,25.663567993466113,24.878503468499297,"rgba(38, 166, 154, 1.0)",0.0,0.0,1.338510800913698,34.2777451211051,2.4127016762139104,0.0,0.0,0.0,0.0,0.0,0.0,0.0,0.0,58.21095242232049,3.600197647565814,True,False,True,False,True,5.720855703173811,0,0.9595666007705649,0.9237536768987611,False,False,False,False,0.10372292264389826,0.11159801088558183,False,False,False,False,9371585,9189198.664551416,False,False,False,False,135802.4695455543,False,False,False,False
2025-05-02 00:00:00+00:00,38.2645007316,38.2742100695,37.6042657532,37.8858365528,81404,,,37.58555085777586,36.382964690174084,35.271953125956465,34.707013833927135,33.848015084831154,33.07981485609118,32.34436462220105,32.17946201877677,35.24075142802028,36.09877556482958,36.3873101995917,36.346715062381485,33.532369280972304,32.99058452455616,32.4847135542756,31.826558967590316,29.007741734391903,28.46412547559558,35.468877380442116,33.532369280972304,30.928066488737798,29.05072151918679,26.775225013144645,25.678313249506193,24.893219627058553,"rgba(38, 166, 154, 1.0)",0.0,0.0,1.3481530379476199,34.29650506613964,2.943282812685049,0.0,0.0,0.0,0.0,0.0,0.0,0.0,0.0,59.51601877145047,3.715986134268306,True,False,True,False,True,7.608862227804636,0,0.9647085003512417,0.9134167527812488,False,False,False,False,0.15449101714211794,0.13304451401384987,False,False,False,False,9452989,9199543.383588616,False,False,False,False,133669.19623004238,False,False,False,False
2025-05-05 00:00:00+00:00,38.2547913937,38.5363621933,37.6819404566,38.1091513249,105562,,,37.652012478861565,36.41010667462265,35.29122738025577,34.72694844293469,33.86879206725755,33.1001104624745,32.36461495105345,32.19945519744699,35.340445601968916,36.13291458220423,36.40988812429077,36.367941433621674,33.55368144415069,33.01088406161165,32.505094155615375,31.846285730050162,29.027423905454224,28.48368167335259,35.56869264580259,33.55368144415069,30.94754775958335,29.07038700009818,26.79451053414814,25.69755183732388,24.91241337099526,"rgba(38, 166, 154, 1.0)",0.0,0.0,1.3628557497460523,34.32114953965218,2.8863229690895724,0.0,0.0,0.0,0.0,0.0,0.0,0.0,0.0,60.353873837940625,4.841914505531463,True,False,True,False,True,7.579421256652889,0,0.9754249784618162,0.9101035418918771,False,False,False,False,0.16828459956648564,0.15066455679016777,False,False,False,False,9347427,9205342.741094943,False,False,False,False,132566.95324062894,False,False,False,False
2025-05-06 00:00:00+00:00,38.2353727179,39.1917425027,37.8179682808,38.7305489516,98140,,,37.726382397058835,36.43821356527278,35.31050497981029,34.746650652588606,33.88907755132194,33.119786765759876,32.3841460244112,32.218720692471734,35.43513057018972,36.16755977634782,36.433383359274416,36.390007716400035,33.57441737361493,33.03055024797784,32.52476750628736,31.865258834186953,29.04616002023751,28.502273982053737,35.66364898677263,33.57441737361493,30.96620842003611,29.08910935245262,26.81278627932476,25.715752926748365,24.930553567310977,"rgba(38, 166, 154, 1.0)",0.0,0.0,1.3758380647777047,34.34539696470897,2.8273500005391536,0.0,0.0,0.0,0.0,0.0,0.0,0.0,0.0,60.84197875626185,5.642504901540754,True,False,True,False,True,7.5194027083366315,0,0.9806554606510374,0.8907180371684199,False,False,False,False,0.20066492568421662,0.1756647412371922,False,False,False,False,9249287,9207066.045365728,False,False,False,False,131216.8766429572,False,False,False,False
2025-05-07 00:00:00+00:00,38.6917116,38.8567703446,37.6236844291,38.3421754349,265913,,,37.86517572953903,36.50966500819144,35.36116235832651,34.79864472998612,33.94285237538932,33.172133974689764,32.43622705329109,32.270123453399606,35.662759209747165,36.255394034155714,36.49361443981667,36.44678425379676,33.62944539274844,33.08288669318259,32.57720335730345,31.9159316935585,29.096421470234205,28.55217960544953,35.88972029854984,33.62944539274844,31.01614097778866,29.13933185147471,26.861914106395755,25.764714573655596,24.979372705563193,"rgba(38, 166, 154, 1.0)",0.0,0.0,1.3966003056780045,34.407956907218036,3.067273202909931,0.0,0.0,0.0,0.0,0.0,0.0,0.0,0.0,62.19782782207024,7.246800178446293,True,False,True,False,True,8.675330050963911,1,0.9718412646452064,0.8980938945410285,False,False,False,False,0.17896861222051688,0.17731667672885454,False,False,False,False,9515200,9219149.72986119,False,False,False,False,136499.07755891967,False,False,False,False
2025-05-08 00:00:00+00:00,39.2936905508,39.4393306196,38.7014209379,38.8567703446,78655,,,37.939650815707125,36.53788353108947,35.379479248446344,34.81691022119119,33.96116834317298,33.189627927256545,32.45338866122918,32.287017426345955,35.740316438677134,36.28877080370598,36.51752824788609,36.46924307935414,33.648021982661255,33.10034372966425,32.594522922679715,31.932497995599945,29.112382798009524,28.567968955514573,35.96762759522967,33.648021982661255,31.03227932791247,29.15528593281335,26.87731122123246,25.779985285037743,24.99455337125825,"rgba(38, 166, 154, 1.0)",0.0,0.0,1.4285313684201413,34.430038445679834,3.4046519471945764,0.0,0.0,0.0,0.0,0.0,0.0,0.0,0.0,64.33143889420728,9.512670964601163,True,False,True,False,True,10.170168525322168,0,0.9888912033071721,0.8913903899565613,False,False,False,False,0.247691379620917,0.21250402817488578,False,False,False,False,9593855,9233844.05418036,False,False,False,False,134230.68236053066,False,False,False,False
2025-05-09 00:00:00+00:00,39.3713652542,39.8859601638,38.9538637237,39.3228185646,120838,,,38.05981440095074,36.58426798969523,35.40918802333893,34.84633535990228,33.99045031780734,33.217465052438754,32.48059729609892,32.3137843659467,35.8615261420765,36.34308627549849,36.55697699832003,36.50629672098639,33.67765159097811,33.12810847600479,32.621998533314795,31.958709833532797,29.13743600351221,28.592726266288338,36.08949162434704,33.67765159097811,31.057735596501537,29.180330083585655,26.9013884764797,25.803831134068734,25.01823778383018,"rgba(38, 166, 154, 1.0)",0.0,0.0,1.4627788246341127,34.46546788152329,3.353820338425963,0.0,0.0,0.0,0.0,0.0,0.0,0.0,0.0,65.90773987670114,11.183315220221978,True,False,True,False,True,10.36198213674857,0,0.9946703074032978,0.8811336812825283,False,False,False,False,0.27729084486411465,0.24489743651950022,False,False,False,False,9714693,9252700.875585051,False,False,False,False,133705.47913070593,False,False,False,False
2025-05-12 00:00:00+00:00,39.6529360538,40.5073577905,39.0315384271,40.5073577905,103747,,,38.169798779273464,36.6273905196385,35.43640591718174,34.873089659347194,34.0168434899676,33.24241914064588,32.504883198096344,32.337657491922606,35.96839883380639,36.393051998161255,36.59378724363026,36.540876741732376,33.70428652897749,33.1529833617887,32.64654029421279,31.982049698880807,29.159530416860747,28.61453184917074,36.19708601392686,33.70428652897749,31.080319384683857,29.202418988829255,26.922525133528808,25.82472827519262,25.038970955902595,"rgba(38, 166, 154, 1.0)",0.0,0.0,1.497206109236221,34.9300737580774,3.1544503235642702,0.0,0.0,0.0,0.0,0.0,0.0,0.0,0.0,67.52975146271447,12.866909354196771,True,False,True,False,True,11.061739187742017,0,0.9949503161594286,0.9297362301001567,False,False,False,False,0.3073719659032522,0.27613470121137623,False,False,False,False,9818440,9274886.723601324,False,False,False,False,132530.63681185473,False,False,False,False
2025-05-13 00:00:00+00:00,39.7209014192,39.9539255292,39.5170053229,39.6917734054,67657,,,38.23404399189365,36.65488107741769,35.45397170169203,34.89037972813022,34.03392502948194,33.25858981069148,32.520633414113554,32.353143363894524,36.03496989348897,36.424849891918875,36.61733592291501,36.56303076948999,33.72153017754707,33.16910441004733,32.66245374167123,31.997195060094263,29.17388936368933,28.62870608564284,36.263891269299066,33.72153017754707,31.094983800254557,29.216774167121713,26.936271598174528,25.838322271727364,25.052460322257343,"rgba(38, 166, 154, 1.0)",0.0,0.0,1.5344604504692647,34.94991064898268,3.109230197988006,0.0,0.0,0.0,0.0,0.0,0.0,0.0,0.0,68.75226702221688,14.159837667283824,True,False,True,False,True,11.231773886128256,0,0.964453382481236,0.9461352443024307,False,False,False,False,0.33966150555531155,0.3078981033833439,False,False,False,False,9886097,9298855.754048333,False,False,False,False,129986.57262315454,False,False,False,False
2025-05-14 00:00:00+00:00,40.0121815567,40.0801469221,39.6043893642,39.7209014192,90521,,,38.320944663202866,36.69288028616058,35.478166184888984,34.91411888241904,34.057290473346825,33.28065887553474,32.542088562083194,32.37423168541429,36.124330665599324,36.46857611043695,36.6499687271835,36.59374414552949,33.745089230750054,33.19110027722178,32.684137791088844,32.01780525309844,29.19334517033557,28.647900549786993,36.353571417766254,33.745089230750054,31.11490717463962,29.23622587724114,26.954858777565107,25.856688538959272,25.07067607799001,"rgba(38, 166, 154, 1.0)",0.0,0.0,1.5780993837592097,34.97996609633255,3.188782349296755,0.0,0.0,0.0,0.0,0.0,0.0,0.0,0.0,70.18122745138645,15.646183288315626,True,False,True,False,True,11.964862676798433,0,1.0030063677768197,0.9198215120085852,False,False,False,False,0.34282824517176846,0.3253631742775562,False,False,False,False,9976618,9325434.66565428,False,False,False,False,128438.90310852104,False,False,False,False
2025-05-15 00:00:00+00:00,39.2451438612,40.1286936117,39.0121197512,39.9927628809,199608,,,38.438721843879186,36.762604433936836,35.52541572539441,34.96115983484603,34.10435662377281,33.32563005724253,32.58617745365848,32.41764349860412,36.28628236624433,36.54941316036507,36.710307839447474,36.65081747480508,33.79276587863684,33.23597248855481,32.72862907209816,32.06037643236922,29.234257954051017,28.688361381309274,36.5139517947413,33.79276587863684,31.15635368689412,29.277122144907736,26.994280477421793,25.895764085275356,25.109507223964922,"rgba(38, 166, 154, 0.75)",0.0,0.0,1.5999500625675211,35.025357856547615,2.637448570038917,0.0,0.0,0.0,0.0,0.0,0.0,0.0,0.0,67.32890761617153,15.646183288315626,True,False,True,False,False,9.358930729557702,0,0.9941794696488172,0.916208541089575,False,False,False,False,0.3178999119811469,0.32163154312935155,False,False,False,False,9777010,9343143.502295287,False,False,False,False,131229.84808465748,False,False,False,False
2025-05-16 00:00:00+00:00,39.0752304477,39.6402531515,38.7596304037,39.3513804862,104262,,,38.47553673348434,36.79370453367452,35.5477835601534,34.98371454493478,34.12724163279988,33.34771143437655,32.607976881775755,32.43913996076898,36.357276103993165,36.58570227198932,36.737441678898605,36.67661186547817,33.81603738643316,33.258025817541444,32.75059948590225,32.081515568674234,29.254868193113452,28.70878310063476,36.583348915339954,33.81603738643316,31.177053964884447,29.297720937018315,27.01427408359345,25.915630660600982,25.12927954050272,"rgba(38, 166, 154, 0.75)",0.0,0.0,1.6187741248151455,35.04543429847416,2.4894122579862814,0.0,0.0,0.0,0.0,0.0,0.0,0.0,0.0,64.67380046447069,19.423911846117292,True,False,True,False,False,8.791381566789141,0,0.9732983737498226,0.9229069117817964,False,False,False,False,0.28452903621666864,0.3030802896730101,False,False,False,False,9672748,9356069.168871943,False,False,False,False,130172.28541467091,False,False,False,False
2025-05-19 00:00:00+00:00,39.1738554614,39.3809679903,38.7990804092,38.8286679133,78877,,,38.49947334818597,36.816308395357794,35.56433594747206,35.0004537885471,34.14427958868971,33.364190433867364,32.624271756775094,32.455214490446835,36.4079539355084,36.61207145546139,36.75723685759902,36.69546414216656,33.83337708290205,33.27448743245475,32.76701701380275,32.09733359318277,29.270340221995777,28.724120293839395,36.63269018955572,33.83337708290205,31.192564343318043,29.31318388409325,27.02930598935095,25.930575022594425,25.144157915847902,"rgba(38, 166, 154, 0.75)",0.0,0.0,1.6375882909994905,35.06084196012885,2.5116285478328657,0.0,0.0,0.0,0.0,0.0,0.0,0.0,0.0,63.21374121835602,18.053019842987865,True,False,True,False,False,9.05416207486114,0,0.9870013468924174,0.9251418025185218,False,False,False,False,0.2747484269875405,0.2889143583302753,False,False,False,False,9751625,9371581.162249513,False,False,False,False,128160.70559448774,False,False,False,False
2025-05-20 00:00:00+00:00,39.7951930481,39.8839555604,39.3612429876,39.3612429876,78898,,,38.54189464825219,36.84389858266342,35.58333491067158,35.019330001292985,34.163119255436115,33.38218123446145,32.641893551422356,32.472566195377,36.46695370654477,36.6436990749171,36.781347994768694,36.71834131922191,33.85244132075535,33.29243637363854,32.784800563148394,32.114346090294895,29.28664859054605,28.74024373012079,36.690896910803566,33.85244132075535,31.209114534465996,29.329486332986946,27.045002075908805,25.94612534408065,25.159606064041068,"rgba(38, 166, 154, 0.75)",0.0,0.0,1.6676088334159187,35.082501372057074,2.826017457816821,0.0,0.0,0.0,0.0,0.0,0.0,0.0,0.0,64.05221470378787,18.053019842987865,True,False,True,False,False,10.694897412227316,0,1.0115326984085402,0.8933118217456646,False,False,False,False,0.3226552978815608,0.305784828105918,False,False,False,False,9830523,9389578.881376984,False,False,False,False,126228.83478686078,False,False,False,False
2025-05-21 00:00:00+00:00,39.3217929821,39.7261555384,39.1541304587,39.5979430206,103491,,,38.58054801939168,36.87580567267799,35.60630982940145,35.0423896693038,34.18639594347179,33.40458487170621,32.66396272164875,32.49432303332984,36.53473654749579,36.6804816410619,36.80938683158955,36.745041506487084,33.8760702414112,33.31480486277008,32.80704937457967,32.135726147562934,29.307390008142228,28.760782750678334,36.75712838799188,33.8760702414112,31.23001301110443,29.35021756819433,27.06507774168692,25.96605561723612,25.17943078411698,"rgba(38, 166, 154, 0.75)",0.0,0.0,1.6822952184615305,35.106630392502346,2.5056021935629387,0.0,0.0,0.0,0.0,0.0,0.0,0.0,0.0,62.35621543686647,17.19801972871933,True,False,True,False,False,9.068748417612,0,1.004398890198313,0.8868182580476734,False,False,False,False,0.3060912143185118,0.3059380212122149,False,False,False,False,9727032,9402812.33700926,False,False,False,False,125337.15499129762,False,False,False,False
2025-05-22 00:00:00+00:00,39.8543680563,39.9825805742,39.1738554614,39.1935804642,107722,,,38.62931535068865,36.91163894946339,35.63161037861275,35.06760443133581,34.21164678299076,33.428768429357575,32.687694690823214,32.517702983988606,36.60837258861114,36.72143208860942,36.84091194966031,36.77503888874815,33.90164207887184,33.33893813126265,32.83098972379793,32.15866825372263,29.32946343367795,28.782617099047254,36.829402105380616,33.90164207887184,31.25236687905415,29.37228225582171,27.08636012579166,25.98715308365679,25.200397499332283,"rgba(38, 166, 154, 0.75)",0.0,0.0,1.7086650403643582,35.13484820343514,2.7621094488235443,0.0,0.0,0.0,0.0,0.0,0.0,0.0,0.0,62.77090385993711,17.19801972871933,True,False,True,False,False,10.474356237418881,0,1.0025744934710057,0.8803682021921657,False,False,False,False,0.31861073121540007,0.3122743762138075,False,False,False,False,9834754,9419751.225753995,False,False,False,False,124646.36459948203,False,False,False,False
2025-05-23 00:00:00+00:00,40.0812055879,40.4559806402,39.3119304807,39.3119304807,119796,,,38.6919134082359,36.954353325896285,35.66130066653687,35.09700759825537,34.2408797708126,33.45663859515076,32.71494721016811,32.54453402491931,36.693415908405896,36.76986732564036,36.87854738921561,36.8108349448061,33.93118113109841,33.366737096008805,32.85849783447553,32.18496133583129,29.354561146152527,28.807416905375998,36.91318084466921,33.93118113109841,31.277908246224793,29.397372354438758,27.110467395973703,26.011016688910416,25.224092036240997,"rgba(38, 166, 154, 0.75)",0.0,0.0,1.739143019918031,35.16910342959687,2.824438302109647,0.0,0.0,0.0,0.0,0.0,0.0,0.0,0.0,63.65730705592501,17.19801972871933,True,False,True,False,False,11.066746148098964,0,1.0140737891311113,0.8729862150813413,False,False,False,False,0.34282824521961164,0.32755131071670956,False,False,False,False,9954550,9440723.726704817,False,False,False,False,124456.15422303176,False,False,False,False
2025-05-27 00:00:00+00:00,41.1266307337,41.1759432406,40.4362556374,40.4658431416,125452,,,38.79696554921461,37.01179205565406,35.6988443371713,35.133458787878716,34.27628706999228,33.489862371945826,32.74703865958672,32.57605292314191,36.80296167282308,36.833955627695424,36.92905393089172,36.85870692295131,33.96670865424658,33.399822192049626,32.89095989860088,32.21569845614522,29.38309487878492,28.835504751525637,37.02256736789267,33.96670865424658,31.307448401326607,29.42590655843017,27.13750292443231,26.037640628449097,25.250441572714944,"rgba(38, 166, 154, 1.0)",0.0,0.0,1.7961493314470514,35.21631356658294,3.2905488778906062,0.0,0.0,0.0,0.0,0.0,0.0,0.0,0.0,66.58852926763349,17.19801972871933,True,False,True,False,True,13.712790435954282,0,1.024239980564476,0.856427791580192,False,False,False,False,0.342828246164286,0.3351897784404978,False,False,False,False,10080002,9465793.462912472,False,False,False,False,124495.20699859914,False,False,False,False
2025-05-28 00:00:00+00:00,40.5644681553,41.042799472,40.5151556484,40.9885557144,142952,,,38.89466995183225,37.071902468181314,35.73931587134869,35.17298474052283,34.314943179237815,33.526323663595406,32.78238937513199,32.610802323819925,36.915150563754175,36.90104994566026,36.98219624748729,36.909216227193895,34.00556937075271,33.43614922697829,32.92669346203628,32.249639188477126,29.414861325364477,28.866810454823472,37.13393049101675,34.00556937075271,31.34017392279618,29.457670755350126,27.167723392984435,26.067445310123933,25.279966596664906,"rgba(38, 166, 154, 1.0)",0.0,0.0,1.8350196294054828,35.26459246901061,2.888184737297042,0.0,0.0,0.0,0.0,0.0,0.0,0.0,0.0,65.95262640558934,17.19801972871933,True,False,True,False,True,11.742877464274269,0,1.019660784480474,0.8609248395263007,False,False,False,False,0.3405920383638921,0.33789090840219493,False,False,False,False,9937050,9484274.111425709,False,False,False,False,125219.00280257565,False,False,False,False
2025-05-29 00:00:00+00:00,40.9688307117,41.0871807282,40.3474931251,40.5841931581,136101,,,38.983186731125976,37.128771487521604,35.7779599513237,35.21072729613414,34.351850441672404,33.56114532853701,32.81614983592452,32.64399114396764,37.0186261400888,36.96432395055235,37.03265899053197,36.95724434469718,34.0426650363853,33.470842592033755,32.960818230730425,32.28205732382293,29.445189750544237,28.896697422887417,37.23649696467586,34.0426650363853,31.371429552684646,29.487997363837508,27.196568960708746,26.095890157947693,25.308142085622702,"rgba(38, 166, 154, 1.0)",0.0,0.0,1.8781749208610816,35.30989259185505,3.012998447051199,0.0,0.0,0.0,0.0,0.0,0.0,0.0,0.0,66.4495730588309,17.19801972871933,True,False,True,False,True,12.757330476649894,0,1.0213439017514208,0.8517661858999929,False,False,False,False,0.3355218837753315,0.3367063960887632,False,False,False,False,10073151,9507367.322742349,False,False,False,False,125645.74779070994,False,False,False,False
2025-05-30 00:00:00+00:00,40.4559806402,41.0280057199,40.3770806292,41.0280057199,93354,,,39.03371556059511,37.16491476190639,35.80318529681307,35.23549632829269,34.3762209004604,33.58424628773663,32.838622165717766,32.666099664975796,37.08322952164237,37.004560706546854,37.06488401247831,36.987990387236856,34.067201807724096,33.49386865402004,32.98351861775251,32.30368279071239,29.465569546825296,28.916800947808714,37.300190832728525,34.067201807724096,31.392340388688737,29.50837435160903,27.216022128272538,26.11509842422944,25.327184205483494,"rgba(38, 166, 154, 1.0)",0.0,0.0,1.9086468246196209,35.33847006760218,2.6812244709639796,0.0,0.0,0.0,0.0,0.0,0.0,0.0,0.0,64.5689751209889,17.19801972871933,True,False,True,False,True,10.972989121002684,0,1.0160046158971279,0.85592530192013,False,False,False,False,0.33430752608803127,0.3355069610883972,False,False,False,False,9979797,9525893.976752453,False,False,False,False,124379.40474009386,False,False,False,False
2025-06-02 00:00:00+00:00,40.7321306787,40.9195182048,40.2291431086,40.3573556264,69781,,,39.069642399900474,37.19149695500933,35.82189546441794,35.25388567668454,34.39433317744262,33.60143151714106,32.85534974188142,32.68255923538694,37.13011316777927,37.03411713410674,37.08864011843364,37.010678692049986,34.08544180781184,33.510999515364226,33.000413735192424,32.31978717156448,29.480763670668033,28.93179153736021,37.3463481571776,34.08544180781184,31.407920431288854,29.523566236491323,27.23053346962297,26.129429718431577,25.341393165391857,"rgba(38, 166, 154, 0.75)",0.0,0.0,1.9402245432988876,35.35947203581101,2.769091165991578,0.0,0.0,0.0,0.0,0.0,0.0,0.0,0.0,64.03464718078239,17.19801972871933,True,False,True,False,False,11.680383211260445,0,1.0195481553569414,0.8576819595614981,False,False,False,False,0.32382239246836836,0.3296646767783828,False,False,False,False,10049578,9546430.6051151,False,False,False,False,122238.29082871763,False,False,False,False
2025-06-03 00:00:00+00:00,40.8702056979,41.3238807612,40.5348806512,40.6433681663,97103,,,39.12562366451702,37.23080391892804,35.84920898103063,35.280602990707486,34.420498582702095,33.626163119177306,32.87935008237949,32.70616154069921,37.19843763031584,37.07762656459606,37.12377496314965,37.04421548580516,34.11174508469254,33.535643023912236,33.02466701493022,32.342852807757914,29.50237274559905,28.953090522073385,37.413842209187436,34.11174508469254,31.430175604952282,29.545173927272838,27.251099459218644,26.149713236620222,25.361486534909293,"rgba(38, 166, 154, 0.75)",0.0,0.0,1.9757050823850866,35.390568092538345,2.7735098999424506,0.0,0.0,0.0,0.0,0.0,0.0,0.0,0.0,64.04132119422304,17.19801972871933,True,False,True,False,False,12.0353103400275,0,1.0412960149075203,0.8414570028449021,False,False,False,False,0.34282824627607006,0.3362464615272264,False,False,False,False,10146681,9569969.836287059,False,False,False,False,121252.59314916006,False,False,False,False
2025-06-04 00:00:00+00:00,40.3770806292,40.9293807062,40.2883181168,40.8406181938,81252,,,39.16052814672806,37.259746411874964,35.87014879882221,35.30127727022605,34.44096562088116,33.64566176681828,32.89838267403045,32.72490182840795,37.248105303204184,37.109771321083805,37.14979502476866,37.0691359821204,34.13238390876208,33.5550871789598,33.04387961960131,32.36121069589812,29.519794493284028,28.970292865424312,37.462485806533095,34.13238390876208,31.447978399514714,29.562592086449097,27.26778579578465,26.166209320571244,25.377852208874753,"rgba(38, 166, 154, 0.75)",0.0,0.0,1.9982642850393526,35.41342873418045,2.483981689600083,0.0,0.0,0.0,0.0,0.0,0.0,0.0,0.0,61.83523070790234,15.866482967032397,True,False,True,False,False,10.292981572591593,1,1.0353351007526959,0.8548518541595866,False,False,False,False,0.3169560891943826,0.3266012753608045,False,False,False,False,10065429,9589399.607413057,False,False,False,False,119683.94243742831,False,False,False,False
2025-06-05 00:00:00+00:00,40.3179056209,40.4066681333,39.8938180618,40.2981806182,69015,,,39.182121425276144,37.28152824372722,35.886556819131584,35.31762564825981,34.45731960075606,33.66135880457688,32.91378852309914,32.74008868215079,37.28507681599256,37.13405604623101,37.16948906701512,37.08806172098985,34.14892415640213,33.57075171477289,33.05941564767238,32.37612068629285,29.534113169302362,28.984454141480107,37.498370063142254,34.14892415640213,31.462505538790367,29.57690595769809,27.281579207188045,26.179874533269082,25.39142745299709,"rgba(38, 166, 154, 0.75)",0.0,0.0,2.0230606917564216,35.43067867004782,2.4157589392976093,0.0,0.0,0.0,0.0,0.0,0.0,0.0,0.0,60.10644838349823,14.122283098497476,True,False,True,False,False,10.084417343267404,0,1.0274701009238107,0.865366094566565,False,False,False,False,0.28063157856583437,0.3036164269633195,False,False,False,False,9996414,9605360.956141958,False,False,False,False,117696.92508694094,False,False,False,False
2025-06-06 00:00:00+00:00,40.5841931581,40.9096557034,40.2046841052,40.8997932021,76503,,,39.2130963917767,37.30822660184346,35.906104553856714,35.336946286878586,34.47646847492969,33.67962380755405,32.931629572198986,32.75765976223889,37.32991459850254,37.16363753808591,37.19357888281193,37.11116764564545,34.16823763353577,33.58896735890698,33.07742238681764,32.393339242620385,29.550474598111293,29.00061255659833,37.542211817302565,34.16823763353577,31.479213420975622,29.593263875091054,27.29725983499932,26.195379384004045,25.406811582646007,"rgba(38, 166, 154, 0.75)",0.0,0.0,2.052202867785186,35.451871616228445,2.5008841096740833,0.0,0.0,0.0,0.0,0.0,0.0,0.0,0.0,59.857941681372274,13.772227696041178,True,False,True,False,False,10.805213931786813,0,1.0337430197115063,0.8586237474507447,False,False,False,False,0.31282368356626417,0.3082200552647918,False,False,False,False,10072917,9623696.487273647,False,False,False,False,116081.47704431582,False,False,False,False
2025-06-09 00:00:00+00:00,40.8603431966,41.0773182268,40.3573556264,40.6828181718,91075,,,39.253370399145474,37.34135539710259,35.930147639968915,35.36062991452315,34.49984801322535,33.701866427478734,32.95331107159852,32.77900513418711,37.38490350593494,37.200214882132535,37.223480098417646,37.13983767590703,34.19178866643361,33.611143788999826,33.09931282998638,32.41423975041386,29.570239750481235,29.020119763257743,37.59612395454139,34.19178866643361,31.49945743513953,29.613025915658778,27.31615805073206,26.214048796472174,25.425325077577728,"rgba(38, 166, 154, 0.75)",0.0,0.0,2.084549991895072,35.478197657182434,2.5819220265015743,0.0,0.0,0.0,0.0,0.0,0.0,0.0,0.0,60.59460735675696,13.772227696041178,True,False,True,False,False,11.550732673705923,0,1.0342345670864066,0.8542927240235407,False,False,False,False,0.32566537212600777,0.3169427136953998,False,False,False,False,10163992,9644884.546596248,False,False,False,False,115100.8308857152,False,False,False,False
2025-06-10 00:00:00+00:00,40.8110306897,41.0871807282,40.4214618854,40.9096557034,87502,,,39.2903433104181,37.37266683077889,35.95306330712566,35.38322485306412,34.522176429962734,33.72313000878964,32.9740510218455,32.7994271743134,37.43622645192304,37.234743587684996,37.25180598592581,37.167023815468106,34.214286002663236,33.632345813750305,33.12024979817167,32.434241905275975,29.589177868295096,29.038813909409672,37.64637895033601,34.214286002663236,31.51884145904084,29.63196086487145,27.334276039088383,26.231950876023117,25.443079776504398,"rgba(38, 166, 154, 0.75)",0.0,0.0,2.109554777211576,35.50313181984388,2.5161227986087824,0.0,0.0,0.0,0.0,0.0,0.0,0.0,0.0,60.818508680694464,13.772227696041178,True,False,True,False,False,11.367965835593672,0,1.053387103093272,0.8500173589246424,False,False,False,False,0.3286453284087405,0.3227940210520701,False,False,False,False,10076490,9661810.250651296,False,False,False,False,114018.52379215774,False,False,False,False
2025-06-11 00:00:00+00:00,41.2647057529,41.3337432626,40.7074744253,40.8110306897,104671,,,39.34157072612813,37.41292876891775,35.9820423307852,35.41164012718474,34.55007181834284,33.749576677644605,32.99975605152215,32.82472118550853,37.50146427770831,37.2789375566464,37.28820995357561,37.20193091504799,34.24233517982119,33.65870368567387,33.1462147221093,32.45898168341419,29.61241138653561,29.061722427799737,37.71054995533225,34.24233517982119,31.542742628187888,29.655192726957956,27.35641363418131,26.253790664428955,25.464718583160668,"rgba(38, 166, 154, 1.0)",0.0,0.0,2.143637087213445,35.53514587382064,2.6728217725171595,0.0,0.0,0.0,0.0,0.0,0.0,0.0,0.0,62.46024334089897,13.772227696041178,True,False,True,False,True,12.60487849965715,0,1.061696322000546,0.8292744957884155,False,False,False,False,0.34282824635685977,0.3328111337044649,False,False,False,False,10181161,9682176.946704186,False,False,False,False,113651.95423168097,False,False,False,False
2025-06-12 00:00:00+00:00,41.1167682323,41.4027807722,40.9367775822,41.2153932461,75148,,,39.37759564040759,37.44168822482357,36.002849078725106,35.43204541226012,34.570105878626926,33.76857599018173,33.01822437863145,32.842895469641974,37.5475200063965,37.310456526626844,37.31426234768842,37.22693004951495,34.26247861787013,33.67763944623568,33.16486898497541,32.47675908750167,29.629106556685993,29.078184155365015,37.75583035870636,34.26247861787013,31.559918566363375,29.67188676622975,27.372321161393206,26.269483714667842,25.480266897053443,"rgba(38, 166, 154, 1.0)",0.0,0.0,2.1732610379775115,35.55803420325227,2.557784790648443,0.0,0.0,0.0,0.0,0.0,0.0,0.0,0.0,62.68225949740352,13.772227696041178,True,False,True,False,True,12.041890811437945,0,1.0742086433409,0.826339213995701,False,False,False,False,0.34282824648556165,0.3378196900950133,False,False,False,False,10106013,9698797.968402063,False,False,False,False,112141.9952422033,False,False,False,False
2025-06-13 00:00:00+00:00,41.0280057199,41.2844307557,40.7683260587,41.1167682323,94891,,,39.41801900186403,37.47617333913058,36.02825120707217,35.45704589256706,34.594752422274354,33.79202354446866,33.04106844784134,32.86538745997473,37.60207848951007,37.34825749736961,37.34560477213931,37.25705606411124,34.28728786684864,33.701015566514286,33.187933048955564,32.498780958945176,29.649890738370168,29.098691941952087,37.809286712971186,34.28728786684864,31.581237559944846,29.69266844100108,27.39217359589393,26.28908621163374,25.499699632372288,"rgba(38, 166, 154, 1.0)",0.0,0.0,2.19931740118473,35.585585097425756,2.4745953537868237,0.0,0.0,0.0,0.0,0.0,0.0,0.0,0.0,62.29151935936753,13.772227696041178,True,False,True,False,True,11.700761769868674,1,1.0654785729678284,0.8327141832526807,False,False,False,False,0.33149883395892943,0.3346592620269714,False,False,False,False,10011122,9711045.9696412,False,False,False,False,111465.48562486199,False,False,False,False
2025-06-16 00:00:00+00:00,42.1819183808,42.2410933891,41.1660807392,41.1660807392,127617,,,39.49603908023883,37.53219672939934,36.067658727160314,35.495312966163176,34.631874216460126,33.8269366497135,33.07478145657815,32.89852123850835,37.69007890310069,37.40918199634055,37.39631775417413,37.30564733089607,34.32447164220534,33.73578156003007,33.22202467784768,32.531105669675995,29.67976921366972,29.12808720380195,37.89646433648898,34.32447164220534,31.612282676077474,29.72255056593396,27.420413564514607,26.31685823017528,25.527161038732302,"rgba(38, 166, 154, 1.0)",0.0,0.0,2.246770938398643,36.09123708158453,2.7108599257370325,0.0,0.0,0.0,0.0,0.0,0.0,0.0,0.0,65.4695280271593,12.150441565222643,True,False,True,False,True,14.82896620258202,1,1.1045712836289583,0.8065421387427044,False,False,False,False,0.3428282469142662,0.3387437544706188,False,False,False,False,10138739,9727818.245341543,False,False,False,False,112098.87834545564,False,False,False,False
2025-06-17 00:00:00+00:00,42.0438433616,42.1703792542,41.6246870531,41.9452183478,108554,,,39.56078979722035,37.5796322454131,36.10123877046509,35.527926797579696,34.66351392317478,33.85670296650737,33.10352619002379,32.92677415927384,37.76356015122998,37.460671291778304,37.43935534290941,37.34692103678834,34.356161147272275,33.7654226788982,33.251091051812914,32.55867048225995,29.705242644435227,29.15314794882913,37.96921734589149,34.356161147272275,31.638756521702643,29.748027297990767,27.444486533799754,26.340530037151186,25.550566612215277,"rgba(38, 166, 154, 1.0)",0.0,0.0,2.277229233411361,36.12925488945313,2.5972740843865894,0.0,0.0,0.0,0.0,0.0,0.0,0.0,0.0,66.77240833455187,13.391429856487697,True,False,True,False,True,14.290180031538249,1,1.140384453663445,0.7823086173722817,False,False,False,False,0.34282824705876647,0.3407860007646926,False,False,False,False,10030185,9739675.765132071,False,False,False,False,111959.86350837894,False,False,False,False
2025-06-18 00:00:00+00:00,41.1364932351,42.2312308877,41.0773182268,41.8860433396,124578,,,39.61732968009867,37.627168588619874,36.13628004122358,35.56227068001257,34.69719334182129,33.88864876183631,33.13456407878133,32.957321856359655,37.83579562468588,37.51236618124165,37.48276394670064,37.388697302236544,34.38999885077476,33.79725956090159,33.28244054100025,32.58855015263067,29.7332415638284,29.180747370552783,38.04016827581106,34.38999885077476,31.667609618820492,29.77602551783079,27.471132873720187,26.366801729774615,25.57658621139014,"rgba(38, 166, 154, 0.75)",0.0,0.0,2.2972978444278165,36.158457428736625,2.1669091878694737,0.0,0.0,0.0,0.0,0.0,0.0,0.0,0.0,63.0706254021169,16.709150289137426,True,False,True,False,False,10.837847862022091,1,1.174141359748039,0.7756379194013429,False,False,False,False,0.3228143128447241,0.33180015680470837,False,False,False,False,9905607,9746182.872381795,False,False,False,False,112454.6923904033,False,False,False,False
2025-06-20 00:00:00+00:00,40.5940556594,41.3633307667,40.4658431416,41.1364932351,140951,,,39.65569592459544,37.67041203236832,36.17045068724232,35.596283659730595,34.73115458680743,33.92129231175816,33.16659204779787,32.98891056884993,37.89971787239389,37.55961301888338,37.522677047379524,37.4273406339374,34.42429665929608,33.82983392203408,33.314731632424134,32.6195727451964,29.762952177676823,29.210122803948828,38.102006723840766,34.42429665929608,31.697823717220363,29.80572823627818,27.499715212742952,26.395096080405327,25.60468013232933,"rgba(38, 166, 154, 0.5)",0.0,0.0,2.3161096193463977,36.17889917943505,1.9062813102995095,0.0,0.0,0.0,0.0,0.0,0.0,0.0,0.0,58.46859332606152,12.568402423222452,False,False,True,False,False,8.859912620181696,1,1.12798963278896,0.8000749590050265,False,False,False,False,0.2572356620558726,0.2945179094302905,False,False,False,False,9764656,9746907.30875898,False,False,False,False,113572.19464960317,False,False,False,False
2025-06-23 00:00:00+00:00,40.8504806952,41.0674557254,40.4362556374,40.6532306677,99226,,,39.68074390075855,37.69993758599149,36.19408978556891,35.619860024285245,34.75474723841093,33.9440122508049,33.1889116267584,33.01093119262156,37.942749660436206,37.59183922029717,37.55001212757872,37.45384313906371,34.448136162447724,33.852509463379164,33.337228740866415,32.641210808770595,29.783728897911292,29.23067265290376,38.14355130806155,34.448136162447724,31.718920733139367,29.82649892342383,27.519728432107982,26.414916493386155,25.624365632044928,"rgba(38, 166, 154, 0.5)",0.0,0.0,2.335947631315874,36.19629624128936,1.9924181482137366,0.0,0.0,0.0,0.0,0.0,0.0,0.0,0.0,56.35494924150191,10.837348016719176,False,False,True,False,False,9.586992204288812,1,1.1336507254904504,0.8251536083602891,False,False,False,False,0.24188386619097282,0.26820088781063167,False,False,False,False,9863882,9751494.551552746,False,False,False,False,113009.59878099128,False,False,False,False
2025-06-24 00:00:00+00:00,40.9096557034,41.7085183148,40.8702056979,41.2153932461,130981,,,39.722911131478654,37.742738289142906,36.22746513415282,35.65290950978998,34.78754503462928,33.975418676929664,33.219631072271255,33.04121365102533,38.004925042475406,37.6383270972547,37.589537518095305,37.49209186728694,34.481193942960786,33.88383647249049,33.36821588439429,32.67091654356454,29.811973493253006,29.258571494582608,38.204033967324165,34.481193942960786,31.74777492632941,29.85473853380564,27.546804580742517,26.44168266913487,25.65091904301812,"rgba(38, 166, 154, 0.5)",0.0,0.0,2.357635926893061,36.227895740739264,1.9857858074085466,0.0,0.0,0.0,0.0,0.0,0.0,0.0,0.0,55.17121816493933,9.893437395875452,False,True,True,False,False,9.755884702061792,1,1.1259428143539523,0.7951372000830647,False,False,False,False,0.28323431933889165,0.27571760357476166,False,False,False,False,9994863,9761038.412276167,False,False,False,False,113714.35961310926,False,False,False,False
2025-06-25 00:00:00+00:00,40.4362556374,40.9195182048,40.1010292157,40.7715806842,234599,,,39.759893271045776,37.80214410927851,36.27808561914147,35.703973954414465,34.83930577513255,34.025756516452425,33.26942410923541,33.09041772979131,38.087848780914825,37.703204335879306,37.64519616207006,37.54638137521742,34.53367771436194,33.934121873183514,33.41833863991493,32.71940587586115,29.85921592119297,29.305392023498246,38.283060815736405,34.53367771436194,31.795331430645895,29.901960116472377,27.59263413878994,26.48718708169801,25.696186083015913,#000000,0.0,0.0,2.372268649119151,36.26568121553077,1.7580531713462608,0.0,0.0,0.0,0.0,0.0,0.0,0.0,0.0,52.43637121721782,7.421863587187261,False,True,False,False,False,8.006354311420022,1,1.0997914721413862,0.8304397358297864,False,False,False,False,0.1787143475416095,0.22721597555818557,False,False,False,False,9760264,9761008.043167297,False,False,False,False,118454.9337459285,False,False,False,False
2025-06-26 00:00:00+00:00,40.6926806732,41.2647057529,40.5546056539,40.6630931691,107412,,,39.78329384371781,37.83194653145756,36.3027669708723,35.72868901211578,34.86414889578004,34.04978579771768,33.29309512559439,33.11379076880423,38.12929546478222,37.73556362214174,37.67303990240313,37.573482784483815,34.55880463423512,33.95811283139308,33.442183125789924,32.74240304472723,29.881418088542752,29.327369203634152,38.322935893451664,34.55880463423512,31.817807313630784,29.92415484503789,27.614078677592587,26.508444195889,25.717310409788286,#000000,0.0,0.0,2.385914817484511,36.28822722447234,1.8460229243939712,0.0,0.0,0.0,0.0,0.0,0.0,0.0,0.0,51.70553782321481,6.796275645625165,False,True,False,False,False,8.76208028508778,1,1.0691803707142167,0.8450496314564628,False,False,False,False,0.22147879617763536,0.22434738586791048,False,False,False,False,9867676,9765191.100297991,False,False,False,False,118021.87752059798,False,False,False,False
2025-06-27 00:00:00+00:00,40.0713430866,41.0279070949,40.0516180838,40.6926806732,393341,,,39.82752251826819,37.920512413213906,36.38209349316813,35.80933815909131,34.94661477013762,34.13056547464906,33.373390397012955,33.19323370930684,38.24722882460477,37.83203732761585,37.756941490165325,37.6557471324516,34.64260620730715,34.03886019873111,33.522930316534726,32.82085906851276,29.958625672343867,29.403994767577537,38.43437029039737,34.64260620730715,31.895075740052185,30.001320917814727,27.689344726459723,26.58330484073657,25.791860526598764,"rgba(239, 83, 80, 1.0)",0.0,0.0,2.389664804508446,36.352882170685255,1.5560596234665784,0.0,0.0,0.0,0.0,-1.0,40.5546056539,40.2290444836,875.0,48.84989862679754,4.110284118037455,False,True,False,True,False,6.489223649366281,1,1.0372391558591048,0.8664058282646496,False,False,False,False,0.1778140036974255,0.201080694782668,False,False,False,False,9474335,9753784.97871768,False,False,False,False,128818.70585312355,False,False,False,False
2025-06-30 00:00:00+00:00,39.7458805412,40.2290444836,39.6472555274,40.2094181058,146719,,,39.82876721234349,37.94548108726063,36.407230686862654,35.83543792724945,34.9739235263168,34.15775912233792,33.400734019373985,33.22035507948164,38.278366512853694,37.85941502918778,37.781106350115365,37.679708253290656,34.670530678915476,34.06608487193613,33.55036915067019,32.84776864811835,29.985741264280975,29.430991485560387,38.46283589729808,34.670530678915476,31.921832854879998,30.028415229198515,27.71607494313338,26.60999853337722,25.81851023013885,"rgba(239, 83, 80, 1.0)",0.0,0.0,2.392114979150799,36.370570780870956,1.4110148507691218,0.0,0.0,0.0,0.0,0.0,0.0,0.0,0.0,45.86274113170821,1.3437454761361067,False,True,False,True,False,5.324243443238373,0,1.026070719756441,0.881168420323945,False,False,False,False,0.10813098784366447,0.15460584131316624,False,False,False,False,9327616,9737072.46974836,False,False,False,False,129520.67817260891,False,False,False,False
2025-07-01 00:00:00+00:00,39.8642305577,40.2981806182,39.5831492685,39.6373930261,163133,,,39.831262950190094,37.973080504259045,36.43508510563177,35.86435838169813,35.00418607923384,34.1879096492833,33.43105930866601,33.25043804751788,38.312474406075054,37.889610407892754,37.807850475300846,37.70623753573303,34.70147387259526,34.096270796634904,33.58079725484157,32.877622370845806,30.015841457220336,29.460963009965557,38.49407758003985,34.70147387259526,31.951526250826312,30.05849172509119,27.74575828107606,26.639644575780164,25.848109515334464,"rgba(239, 83, 80, 1.0)",0.0,0.0,2.3903404353942896,36.73312013966611,1.3099014565753284,0.0,0.0,0.0,0.0,0.0,0.0,0.0,0.0,44.457501442585524,0.05656651069784857,False,True,False,True,False,5.691901073151673,0,1.0202291713396692,0.8828578894107509,False,False,False,False,0.10841966099112677,0.1315127511521465,False,False,False,False,9490749,9727412.72583666,False,False,False,False,130838.80844034975,False,False,False,False
2025-07-02 00:00:00+00:00,39.8050555494,39.9825805742,39.6078055219,39.9825805742,100374,,,39.83069060557153,37.98868349482846,36.451437473835945,35.88144313878598,35.02218465740738,34.20592968989105,33.449244918301595,33.26849202277483,38.33128580368505,37.90670717893814,37.82308229117137,37.72140408871419,34.71990997099783,34.11432012428816,33.5990329083917,32.89556349987628,30.034053993610453,29.479114244412884,38.511116561059225,34.71990997099783,31.969420762151522,30.076688669328995,27.76377598162118,26.657660128456307,25.86610936724939,"rgba(239, 83, 80, 1.0)",0.0,0.0,2.393514972304926,36.74199400577777,1.2797336047881671,0.0,0.0,0.0,0.0,0.0,0.0,0.0,0.0,43.30083790534379,-1.0772513699960058,False,True,False,True,False,5.47524636358164,0,1.0493038709157647,0.8787300500948253,False,False,False,False,0.0741119338495348,0.10281234250084065,False,False,False,False,9390375,9714195.560117576,False,False,False,False,129644.11007013996,False,False,False,False
2025-07-03 00:00:00+00:00,40.2685931141,40.3179056209,39.8445055549,39.8445055549,55775,,,39.83369775716995,37.9988706850009,36.46138552901364,35.89170364855902,35.03284626225983,34.21650793730558,33.459852273312926,33.27900918719836,38.34394553148212,37.91778510315762,37.832907333999586,37.73112190634988,34.73078925886587,34.1249064032982,33.609681430259464,32.90598925392823,30.044501635524664,29.489509314438276,38.52288113281642,34.73078925886587,31.97976586617855,30.087128823382304,27.774051146842638,26.66791196343705,25.8763386271091,"rgba(239, 83, 80, 1.0)",0.0,0.0,2.3982402212164113,36.752203167897754,1.4662375833304546,0.0,0.0,0.0,0.0,0.0,0.0,0.0,0.0,44.89156305805918,-1.0772513699960058,False,True,False,True,False,6.935997399566173,0,1.0515980948523738,0.8828822160756472,False,False,False,False,0.06890352609178242,0.08585793429631153,False,False,False,False,9446150,9703683.96952473,False,False,False,False,126747.28222425212,False,False,False,False
2025-07-07 00:00:00+00:00,40.1502430976,40.5954364096,39.9431305687,40.2390056099,109331,,,39.8410164600003,38.01935189780424,36.48118262271561,35.91207741241729,35.05396628426072,34.23743366191593,33.4808138317229,33.29978893082263,38.36941588740222,37.94001113216402,37.85263447094552,37.75061699204326,34.752325438939934,34.14584505344255,33.63072781778854,32.92658082133509,30.065092469061987,29.50999108733305,38.546654132167276,34.752325438939934,32.00018137280612,30.10770541421177,27.794282860896583,26.688090474800042,25.896468229327972,"rgba(239, 83, 80, 1.0)",0.0,0.0,2.4018247395305914,36.77225669313803,1.4064250188055571,0.0,0.0,0.0,0.0,0.0,0.0,0.0,0.0,45.429314029276675,-1.0772513699960058,False,True,False,True,False,6.489932536313173,0,1.0349464430197524,0.9030513158265613,False,False,False,False,0.0961371788643002,0.09099755658030587,False,False,False,False,9336819,9689297.10797474,False,False,False,False,126064.29076447754,False,False,False,False
2025-07-08 00:00:00+00:00,40.8800681993,40.8997932021,40.1896931031,40.3672181278,94362,,,39.853823438928934,38.04008534651616,36.500029778789084,35.9312320389686,35.073549362836964,34.25665602806848,33.4999392151505,33.31872272582198,38.39577178353736,37.9623666136086,37.872412844784876,37.770055760257904,34.77221606325556,34.1650618294394,33.64995358331927,32.94529372208965,30.08354091006063,29.52830742412349,38.57171750346601,34.77221606325556,32.01863051321117,30.126143979107532,27.81228945349894,26.706005575284298,25.91431258117714,#000000,0.0,0.0,2.412605395294451,36.79522217543781,1.6931264564977266,0.0,0.0,0.0,0.0,1.0,40.7025431746,40.5954364096,893.0,49.018693411574944,-6.544459735599695,False,True,False,False,True,8.759137105925998,0,1.0403020070895161,0.8944155168508944,False,False,False,False,0.13629353143260184,0.11364554400645385,False,False,False,False,9431181,9679174.907662006,False,False,False,False,124821.06367567451,False,False,False,False
2025-07-09 00:00:00+00:00,41.2647057529,41.7578308217,40.7025431746,40.8307556924,168033,,,39.891579748999845,38.08428935149724,36.53783969203612,35.96913797684059,35.11170442855626,34.29370619737457,33.53650930855279,33.354868085925126,38.45299744066659,38.00972938786311,37.91420973234025,37.810923155712445,34.81079559314604,34.202061852976826,33.68676784372084,32.98090471552924,30.1180433654305,29.562482538982504,38.62702687758001,34.81079559314604,32.05350191973572,30.160634696408014,27.845684952734008,26.739127381736814,25.947238991050508,#000000,0.0,0.0,2.4260566117499036,36.84631745387329,1.8212222573980852,0.0,0.0,0.0,0.0,1.0,41.2647057529,40.8997932021,892.0,52.799496779067894,-2.969671764040264,False,True,False,False,True,9.918406168593332,0,1.051491716593064,0.8699942181936376,False,False,False,False,0.2384479280475046,0.17604673602697923,False,False,False,False,9599214,9676039.185792908,False,False,False,False,126515.64941388335,False,False,False,False
2025-07-10 00:00:00+00:00,41.7282433176,42.0290496095,41.2647057529,41.2647057529,102962,,,39.92080467358213,38.11440391216259,36.56281317180782,35.99398115405444,35.136483945605455,34.31761557389693,33.55999505315706,33.37805871614207,38.4922007724227,38.04187308358012,37.94257350625473,37.838588551642495,34.83578252972951,34.225923582083134,33.710430576981906,33.003708686926224,30.139897011917316,29.5840964194063,38.66521817827009,34.83578252972951,32.075738563874566,30.18248366846076,27.866723783286062,26.75995100862495,25.967913100403695,"rgba(38, 166, 154, 0.5)",0.0,0.0,2.4359017872407605,36.8804182163335,1.9901562233171197,0.0,0.0,0.0,0.0,0.0,0.0,0.0,0.0,56.798662073228854,0.7134181901842283,False,True,True,False,True,11.289528670230073,0,1.0666265460033693,0.8692061894177142,False,False,False,False,0.30288803215627924,0.23946738409162924,False,False,False,False,9702176,9677064.158899069,False,False,False,False,125591.97688784872,False,False,False,False
2025-07-11 00:00:00+00:00,41.6296183038,41.8465933341,41.5014057859,41.6986558134,85360,,,39.9441181562463,38.1388875813161,36.58327449431035,36.01436055916779,35.15683964074886,34.337280727516024,33.57932791229664,33.397152850486044,38.52383796250049,38.06799032013635,37.96567391879572,37.86113840367716,34.85631574676774,34.245551689461145,33.729905731599274,33.02249156143321,30.157928913248313,29.60193501466361,38.69600988016141,34.85631574676774,32.09406763232426,30.200511409655387,27.88409878125313,26.777153649472563,25.98499556928457,"rgba(38, 166, 154, 0.5)",0.0,0.0,2.449099385387423,36.90668144817406,1.9284382184754898,0.0,0.0,0.0,0.0,0.0,0.0,0.0,0.0,58.913508687789886,2.6015653753272048,False,False,True,False,True,10.896639265806215,0,1.06990393064879,0.8731460640381186,False,False,False,False,0.307162711765713,0.2733150479286711,False,False,False,False,9616816,9674701.486001065,False,False,False,False,124014.25230401152,False,False,False,False
2025-07-14 00:00:00+00:00,41.6986558134,42.0339808602,41.5211307887,41.6592058079,75836,,,39.96539589932937,38.16091891295626,36.60164268740674,36.03263678614718,35.175072383668656,34.35488212131073,33.596621253160556,33.41423103020669,38.55222943928503,38.09146587879512,37.986462854149316,37.881430296502955,34.874700028525005,34.263118487773326,33.747328006915616,33.03928761819872,30.174029460510276,29.61785977713065,38.7236729733318,34.874700028525005,32.11044907397158,30.216608551735696,27.899601397455726,26.792497950820554,26.00022984367629,"rgba(38, 166, 154, 0.5)",0.0,0.0,2.459304500949431,36.929828983446804,1.9390957191808336,0.0,0.0,0.0,0.0,0.0,0.0,0.0,0.0,60.56019493751965,4.128929370274243,False,False,True,False,True,11.104443713887907,0,1.0889472088047967,0.8604497252507598,False,False,False,False,0.323586336338575,0.2984506921336231,False,False,False,False,9692652,9675405.427726513,False,False,False,False,122124.90907640322,False,False,False,False
2025-07-15 00:00:00+00:00,41.6887933121,42.0241183588,41.4915432846,41.6690683093,130434,,,40.00051748783344,38.1980189676613,36.63283159900149,36.06371048285329,35.20611924502616,34.384894069972745,33.62613471303923,33.4433842684202,38.59966531479554,38.1309720159201,38.02153585963137,37.915694370423466,34.90601673347928,34.293075000513575,33.77705587508596,33.06797104978257,30.201578045126652,29.645115141765785,38.769846236393256,34.90601673347928,32.13844687156394,30.24415080431037,27.926152629117908,26.81878700783758,26.0263359862453,"rgba(38, 166, 154, 0.5)",0.0,0.0,2.4714951079137313,36.96740676299575,1.9103361904243166,0.0,0.0,0.0,0.0,0.0,0.0,0.0,0.0,61.593715599687826,5.17210689941944,False,False,True,False,True,11.063774075707837,0,1.092434164887419,0.8603128161260059,False,False,False,False,0.31690555543010085,0.307678123781862,False,False,False,False,9562218,9670966.705070572,False,False,False,False,122450.75577928936,False,False,False,False
2025-07-16 00:00:00+00:00,41.6394808052,41.9846683533,41.4718182818,41.7972808272,114420,,,40.029579780771655,38.22960924841507,36.659689168584926,36.09051954193164,35.23296383808211,34.4108924913377,33.65173429181748,33.46867972508367,38.639661282657464,38.16458827310748,38.05147235481256,37.94497395075771,34.93310981712404,34.319029778845334,33.80283462522371,33.09287318102404,30.225561046514144,29.66885226259249,38.80872014010924,34.93310981712404,32.16278141740908,30.26812764192374,27.9492994950758,26.841716658594525,26.04911317374507,"rgba(38, 166, 154, 0.5)",0.0,0.0,2.4794796724840835,36.998291907826015,1.8718398657909463,0.0,0.0,0.0,0.0,0.0,0.0,0.0,0.0,61.93606803866108,5.671014145553087,False,False,True,False,True,10.856872527633396,0,1.0734128926636515,0.8744378900763721,False,False,False,False,0.31007666336844636,0.3088773935751542,False,False,False,False,9447798,9662214.991146235,False,False,False,False,122135.82418010155,False,False,False,False
2025-07-17 00:00:00+00:00,42.2904058959,42.3397184028,41.5408557914,41.5408557914,99488,,,40.05930690478613,38.25940695554069,36.68445567912983,36.11509974654151,35.257409035083015,34.43445245901436,33.674846829710106,33.49150059893985,38.677584524757066,38.19621878378267,38.0796274796647,37.97246200029881,34.95773060271237,34.342538672326846,33.82612429879439,33.115305775855234,30.24698181969543,29.690028329116707,38.84578009827632,34.95773060271237,32.18463112857493,30.28954503622891,27.96988539775341,26.862076080162986,26.06931640953049,"rgba(38, 166, 154, 1.0)",0.0,0.0,2.4834545996447774,37.02803732853862,2.1189711171342065,0.0,0.0,0.0,0.0,0.0,0.0,0.0,0.0,64.55315545495704,8.35275883471654,True,False,True,False,True,12.868748976639402,0,1.073293027402048,0.871811676990147,False,False,False,False,0.34282823439794435,0.3258528139865493,False,False,False,False,9547286,9657707.9718856,False,False,False,False,121247.67421225444,False,False,False,False
2025-07-18 00:00:00+00:00,42.0635683643,42.6454559454,41.7183808162,42.3298559014,146117,,,40.103221649597565,38.30330522621912,36.72099289658222,36.15134955646086,35.29344295169618,34.46917778720087,33.708906279323564,33.52513065061589,38.73315136564483,38.242761336649565,38.12114179072815,38.01300468158219,34.99401560820213,34.37718783178651,33.86044507326747,33.14836250533649,30.278528727334567,29.721212535989615,38.90011055553816,34.99401560820213,32.21682352220878,30.321087301175865,28.0001938109459,26.892046820809274,26.099054558960116,"rgba(38, 166, 154, 1.0)",0.0,0.0,2.475174864058871,37.492874935124554,1.8466143526038692,0.0,0.0,0.0,0.0,0.0,0.0,0.0,0.0,64.70526020121069,8.70932230883595,True,False,True,False,True,11.899520025894425,0,1.075268313158508,0.8795912927107601,False,False,False,False,0.34282823562504244,0.3343405248057959,False,False,False,False,9401169,9647647.620046947,False,False,False,False,122222.94189020524,False,False,False,False
2025-07-21 00:00:00+00:00,41.8564558354,42.1326058739,41.6592058079,42.0537058629,204585,,,40.15424084687651,38.35908054675345,36.768924326457714,36.19920930822108,35.34137722084561,34.515647911055304,33.754682175851265,33.57037468573785,38.80232047257357,38.301893841543894,38.17419919246259,38.064975520187915,35.042384815646294,34.42358225400074,33.90653382074058,33.19291718984584,30.321458067399842,29.7637059727753,38.967382305428735,35.042384815646294,32.26037908646539,30.364005925268494,28.04163750073022,26.9331019243527,26.139836809827653,"rgba(38, 166, 154, 1.0)",0.0,0.0,2.464329845503073,37.53519700903975,1.7535229036996465,0.0,0.0,0.0,0.0,0.0,0.0,0.0,0.0,63.4124928999978,8.70932230883595,True,False,True,False,True,11.015556548694182,0,1.0804902551038345,0.8819377725444336,False,False,False,False,0.27614438241336037,0.30524245360957813,False,False,False,False,9196584,9629958.850633342,False,False,False,False,125452.8265219619,False,False,False,False
2025-07-22 00:00:00+00:00,41.9156308437,42.2016433836,41.5309932901,41.7578308217,75190,,,40.172264156685465,38.379145024255564,36.78631736309275,36.216598690624046,35.35881945025322,34.532580756575285,33.77137735874946,33.58688012070847,38.82698446082902,38.323146544740375,38.19332489632049,38.083727001115825,35.059991429315055,34.44048953258947,33.92333976537049,33.20917811303391,30.337155939709554,29.77924882398272,38.99135001127898,35.059991429315055,32.27628834386868,30.379699606084642,28.056806957717658,26.948134226540652,26.154772375615345,"rgba(38, 166, 154, 0.5)",0.0,0.0,2.456070048999989,37.55196253639248,1.776687236214711,0.0,0.0,0.0,0.0,0.0,0.0,0.0,0.0,62.80944386513737,8.70932230883595,False,False,True,False,True,11.204752201311699,0,1.0481048570698075,0.8959295103930284,False,False,False,False,0.26893283767523524,0.2870876456424067,False,False,False,False,9271774,9615912.385902623,False,False,False,False,123481.73528580654,False,False,False,False
2025-07-23 00:00:00+00:00,42.3890309097,42.5011675503,41.7282433176,42.1720558794,131893,,,40.20879648908174,38.416992418848,36.81846084861429,36.24857261126398,35.390697291466985,34.56339449465313,33.801658796921316,33.61679749498149,38.873786510825454,38.36315554532762,38.22930090538297,38.11894079968516,35.09211130781149,34.47124338865325,33.95383996960757,33.23861339314822,30.365357720265802,29.80714281101812,39.03705138962187,35.09211130781149,32.30500372399314,30.407896336783942,28.08395650476402,26.97499933860727,26.18144023628484,"rgba(38, 166, 154, 1.0)",0.0,0.0,2.4136670640189233,37.588955827146165,1.9887063771593143,0.0,0.0,0.0,0.0,0.0,0.0,0.0,0.0,64.30816521458084,8.966071550259095,True,False,True,False,True,12.708346012946095,0,1.0468056086936885,0.8994974359980525,False,False,False,False,0.32681121780966277,0.3069494317260347,False,False,False,False,9403667,9607589.037435854,False,False,False,False,123811.5888040102,False,False,False,False
2025-07-24 00:00:00+00:00,41.6000307997,42.5862809372,41.5901682983,42.2016433836,124802,,,40.23748615576849,38.44952012904847,36.84696088034519,36.27710421664431,35.41935824656697,34.59126221961856,33.82916250834136,33.64399704655147,38.91326346805225,38.39755182005961,38.26039291027942,38.149461609042746,35.12105098945093,34.499072586112,33.98151975825402,33.265423167069855,30.391290561287605,29.83282722766306,39.075389978182194,35.12105098945093,32.33125689138861,30.43382185484511,28.109042001598795,26.999866319369076,26.206152360184678,"rgba(38, 166, 154, 0.5)",0.0,0.0,2.2982572967558412,37.616383495677034,1.7333339089779793,0.0,0.0,0.0,0.0,0.0,0.0,0.0,0.0,60.50614464476273,8.966071550259095,False,False,True,False,False,9.328183206514638,0,1.0414522324378181,0.9130146604013573,False,False,False,False,0.3205453864048371,0.3137474090654359,False,False,False,False,9278865,9594697.898712879,False,False,False,False,123850.4284587549,False,False,False,False
2025-07-25 00:00:00+00:00,41.1660807392,41.8761808382,40.9885557144,41.5704432956,142704,,,40.25822706479249,38.47987847847677,36.875472209866686,36.306054144727135,35.448920249940016,34.62036224145439,33.85814019095892,33.67271077056833,38.94868815648134,38.42972270664605,38.28976635962808,38.17847976574735,35.15103870393548,34.528166702462336,34.01063423328294,33.29383031931659,30.419312303144867,29.860656013679442,39.10930012411849,35.15103870393548,32.35929082890251,30.461829716320974,28.136411293916535,27.027094543356373,26.233271892051736,"rgba(38, 166, 154, 0.5)",0.0,0.0,2.132992368012172,37.635215422577474,1.655357688838376,0.0,0.0,0.0,0.0,-1.0,41.5901682983,41.0477307227,900.0,55.95007982221688,11.569397336608525,False,True,True,False,False,7.542876201554137,0,1.0112055678417475,0.9183724955131384,False,False,False,False,0.17166664684733662,0.24270702795638627,False,False,False,False,9136161,9576716.059547668,False,False,False,False,124589.78420547041,False,False,False,False
2025-07-28 00:00:00+00:00,40.1107930921,41.0477307227,39.4500054999,40.9392432076,184200,,,40.25691825390367,38.50289584874216,36.90248339468107,36.33458457234871,35.479344364669714,34.651244589627076,33.8895651868341,33.70399394401775,38.97184866887602,38.454368071367526,38.313005994131544,38.201943337436546,35.182269385824355,34.559132307386214,34.042082440591194,33.325049152954485,30.451516049387408,29.892829807010784,39.13000314455894,35.182269385824355,32.390657766734805,30.494002205595724,28.168535213879707,27.05929951166632,26.265502075343743,#000000,0.0,0.0,1.9690065252891067,37.63383996317998,1.2579710108153832,0.0,0.0,0.0,0.0,-1.0,40.9885557144,40.9786932131,900.0,49.248804022810745,5.4438425664405585,False,True,False,False,False,3.4229596545392518,0,0.9646909156597206,0.9431768196490449,False,False,False,False,-0.08282043012369766,0.0799432989163443,False,False,False,False,8951961,9552215.861134034,False,False,False,False,126927.43972682451,False,False,False,False
2025-07-29 00:00:00+00:00,40.5052931471,40.9786932131,40.3968056319,40.6433681663,84125,,,40.26086903128982,38.515776409218375,36.91624067368525,36.34888937327148,35.49434595830704,34.66630408565681,33.90477094979732,33.71910745916136,38.98569084793791,38.468072363652155,38.32577269799728,38.21471236187664,35.19759849100976,34.574216569798764,34.057320348950704,33.34008665159937,30.466789809290244,29.908058912815086,39.14283516822799,35.19759849100976,32.4056730329725,30.509263675229526,28.183664537517075,27.074428243424002,26.280618720566512,"rgba(239, 83, 80, 1.0)",0.0,0.0,1.8753674160199671,37.639626109170116,1.5280563229639534,0.0,0.0,0.0,0.0,0.0,0.0,0.0,0.0,46.66331963168983,3.3015370742276247,False,True,False,True,False,4.760298973953891,0,0.9978276261249278,0.9383150417918709,False,False,False,False,0.011053070647037791,0.04549818478169105,False,False,False,False,9036086,9531975.474422894,False,False,False,False,125248.91267871374,False,False,False,False
2025-07-30 00:00:00+00:00,40.0910680893,40.6729556704,39.8445055549,40.5348806512,94045,,,40.260184574989346,38.527136498520356,36.92975638356536,36.363194417662434,35.509636191050305,34.68185836321647,33.92062141455229,33.734892744449596,38.996965388467046,38.4802198176364,38.33727938471949,38.2263470522412,35.2133027378051,34.589815712612705,34.073177567063134,33.355850103916346,30.483100008475276,29.924361192581994,39.15289688452184,35.2133027378051,32.42153166567432,30.52555759480301,28.19995950990948,27.090773072671702,26.29698184764073,"rgba(239, 83, 80, 1.0)",0.0,0.0,1.728507945744696,37.6419052495862,1.4169231016514785,0.0,0.0,0.0,0.0,-1.0,40.3968056319,39.8839555604,898.0,43.66348478679363,0.6750566616883731,False,True,False,True,False,3.194954827993378,0,0.9898291443507307,0.9333568294919943,False,False,False,False,-0.08070106157077951,-0.01760143839454423,False,False,False,False,8942041,9508840.78915141,False,False,False,False,124025.2298285681,False,False,False,False
2025-07-31 00:00:00+00:00,39.4105554944,39.8839555604,39.2133054669,39.8839555604,154551,,,40.2457783698723,38.53781277045802,36.94702736282892,36.382228236343494,35.53083211513117,34.704012838798,33.9436128758898,33.75787712185757,39.00454715280815,38.491851029235804,38.34890189893449,38.23850409416403,35.23530569581263,34.61208924595292,34.096103165066275,33.37896535001694,30.507862889526898,29.949222524510084,39.1582682301672,35.23530569581263,32.44512095073737,30.550286963558932,28.225085810122643,27.116115747573247,26.322439284201447,"rgba(239, 83, 80, 1.0)",0.0,0.0,1.647272984016534,37.63513035267223,1.0777965516066235,0.0,0.0,0.0,0.0,-1.0,39.8445055549,39.2626179738,898.0,39.86934206809525,-2.7383994711732242,False,True,False,True,False,0.704278963922274,0,0.9666835419216858,0.9424144841896304,False,False,False,False,-0.3137942180845835,-0.1656978282395639,False,False,False,False,8787490,9480552.522910178,False,False,False,False,125222.31885489877,False,False,False,False
2025-08-01 00:00:00+00:00,38.7892179078,39.2626179738,38.4637553624,39.0357804422,173788,,,40.21631709239084,38.54146872480725,36.96119807804378,36.398860705991474,35.55045874010802,34.725268832696734,33.96617939198344,33.78054207938219,39.00179440061208,38.496229935687666,38.35433219808827,38.24486297198211,35.25597071292619,34.63352680202048,34.11851400191592,33.40195466334595,30.533502269479893,29.975092062680503,39.152839703924066,35.25597071292619,32.468981054537444,30.57588146973641,28.251550601192623,27.142968302536612,26.34951201252781,"rgba(239, 83, 80, 1.0)",0.0,0.0,1.5934537566695566,37.847614103190566,0.5909200694831971,0.0,0.0,0.0,0.0,0.0,0.0,0.0,0.0,35.98926961555689,-6.236107380855941,False,True,False,True,False,0.0,0,0.9334368938066888,0.9733742388559291,False,False,False,False,-0.34282825441539394,-0.2542630413274789,False,False,False,False,8613702,9446558.384756839,False,False,False,False,127126.85537039294,False,False,False,False
2025-08-04 00:00:00+00:00,40.0121680783,40.0624668353,38.9470179298,38.9470179298,142869,,,40.20713938538227,38.55267462890065,36.97780296526503,36.416990661538605,35.570474993528606,34.74609583900371,33.98772982536863,33.80207611506628,39.01083257789574,38.5083327769751,38.36625449890494,38.25720537789416,35.276702515245475,34.6544569757759,34.14001233175707,33.423591140943664,30.55657042342789,29.998240347878255,39.16001205115424,35.276702515245475,32.49101822326172,30.59891961000519,28.27491721768453,27.166521642240628,26.37316340461841,"rgba(239, 83, 80, 1.0)",0.0,0.0,1.5490135908488922,37.86699634768016,1.3848630788605565,0.0,0.0,0.0,0.0,1.0,40.0812055879,39.2626179738,0.0,38.51477390530883,-6.236107380855941,False,True,False,True,False,2.7070389475397043,0,0.9500859663191229,0.9467442489318286,False,False,False,False,-0.20524744826147345,-0.22975524479447618,False,False,False,False,8756571,9419500.055942845,False,False,False,False,127744.19437547556,False,False,False,False
2025-08-05 00:00:00+00:00,40.2784556154,40.9343119569,40.0812055879,40.8603431966,232111,,40.43132438673333,40.213136960208296,38.58239937068709,37.011809206046614,36.45277269613615,35.60850994831544,34.78470491261826,34.027014625266915,33.841197593345456,39.04120389747288,38.539912858632555,38.39612877661176,38.28729041151024,35.31570353036902,34.693168613610325,34.17931922834554,33.462647649751545,30.59689366495417,30.038539030084063,39.18782140981643,35.31570353036902,32.53027999235932,30.639203909617894,28.315185485549414,27.206905146722587,26.413587988352656,"rgba(239, 83, 80, 0.75)",0.0,0.0,1.4963359967460688,37.91269021079741,1.5810388908287865,0.0,0.0,0.0,0.0,0.0,0.0,0.0,0.0,41.11436985025337,-6.236107380855941,False,True,False,True,True,3.5753680358303335,0,0.9771927236497856,0.9302148721673517,False,False,False,False,-0.0029420688610642355,-0.11634865682777021,False,False,False,False,8988682,9402605.230219597,False,False,False,False,131837.01028231968,False,False,False,False
2025-08-06 00:00:00+00:00,40.7321306787,41.4077120229,40.2981806182,40.4658431416,102524,,40.54816073933924,40.22013881989554,38.59787812055531,37.028268983184816,36.469870941914415,35.626434699960384,34.80273266304495,34.045238901353855,33.85932246775005,39.05777710095707,38.55628029430894,38.411472163130924,38.302632271844296,35.33401332007686,34.71122836397661,34.19757472879972,33.4806972166155,30.615286467801273,30.056889621408345,39.203370557578104,35.33401332007686,32.548329728566365,30.657581551645265,28.33344441540231,27.225176575792734,26.43185344541104,"rgba(239, 83, 80, 0.75)",0.0,0.0,1.451288157931656,37.93379317871374,1.9281749697278516,0.0,0.0,0.0,0.0,0.0,0.0,0.0,0.0,44.34382704109158,-14.02679912309408,False,True,False,True,True,5.036297053908516,0,0.9787106820636062,0.9296793498459183,False,False,False,False,0.06580058481863396,-0.025274036004568123,False,False,False,False,9091206,9390393.49570118,False,False,False,False,130687.48046732676,False,False,False,False
2025-08-07 00:00:00+00:00,41.8663183368,42.0339808602,40.7621126829,41.0082807172,125738,,40.82291507971523,40.238976051324634,38.62282866376194,37.052179222967496,36.49420756662888,35.651369096778254,34.827405302921235,34.06989062562692,33.88377967340685,39.086095328929964,38.58252609076667,38.43575484239193,38.32667879370999,35.359319666525884,34.73590625883867,34.222321187505464,33.50493938560694,30.63938725075863,30.08085566220762,39.23063996431781,35.359319666525884,32.57233570704904,30.68166894553935,28.357091102330106,27.248737396946353,26.455343221284952,#000000,0.0,0.0,1.3675627942239226,37.97085517681215,2.8484711462178103,0.0,0.0,0.0,0.0,1.0,41.6987544385,41.4077120229,0.0,49.56276191751641,-9.122724847458755,False,True,False,False,True,8.505887634551048,0,0.9702187216880731,0.9407993642352227,False,False,False,False,0.17590260131835284,0.07531428265689236,False,False,False,False,9216944,9383591.554693291,False,False,False,False,130493.38319409826,False,False,False,False
2025-08-08 00:00:00+00:00,42.1128808712,42.3890309097,41.6987544385,41.9748058519,90455,,41.02719597578981,40.25735809162322,38.6436134401209,37.07116578768218,36.513331153824495,35.67072431668863,34.846387865370446,34.08873317249432,33.90244781744332,39.11022364366946,38.60433387477999,38.4558272473658,38.346472421959916,35.378894241711066,34.754876388341096,34.24125872331805,33.523394401094684,30.657471020241147,30.098802714960048,39.25411289449033,35.378894241711066,32.59050781422109,30.69974559467853,28.37470902525165,27.26624482581514,26.47276884718257,"rgba(38, 166, 154, 0.5)",0.0,0.0,1.3268430358998282,38.00150278844526,3.0986167704204117,0.0,0.0,0.0,0.0,1.0,42.3693059069,42.0339808602,0.0,53.61263540604608,-5.387730490049961,False,False,True,False,True,9.229412163337201,0,0.9943927074919963,0.9305630277362728,False,False,False,False,0.3123248820840229,0.19381958237045765,False,False,False,False,9307399,9380603.611371985,False,False,False,False,128923.2505198199,False,False,False,False
2025-08-11 00:00:00+00:00,44.3615311847,44.6869937301,42.3693059069,42.5961434386,215991,,41.8098897792338,40.340571108588556,38.716948183244014,37.1315075881357,36.57260282429911,35.72891067830314,34.90213545947012,34.143098337816014,33.95610341858255,39.19926386080828,38.680926435519325,38.52552655260767,38.414601017406135,35.43721054481132,34.81045859384066,34.2960778262773,33.57604654990948,30.706967930370816,30.147636189767525,39.34232200313747,35.43721054481132,32.64153125132471,30.749246474357143,28.42191498346807,27.312775089966074,26.51884409668335,"rgba(38, 166, 154, 1.0)",0.0,0.0,1.3608185539499458,38.11537350666859,4.590000378743483,0.0,0.0,0.0,0.0,1.0,44.4798812012,42.3890309097,907.0,60.14595330667159,0.6324883526921568,True,False,True,False,True,15.276977983825802,0,1.0088754755583476,0.8722814483519501,False,False,False,False,0.342828238538364,0.26832391045441084,False,False,False,False,9523390,9386203.077592691,False,False,False,False,132337.67206806227,False,False,False,False
2025-08-12 00:00:00+00:00,46.5016939831,46.6003189968,44.4798812012,44.7560312397,207380,,42.67218053913809,40.46211732517836,38.81307264426371,37.205959663147944,36.644521698892355,35.7980132396746,34.96721358412907,34.205704900323894,34.01770851756001,39.318372419078024,38.78101620572561,38.61614240768903,38.50275913655506,35.506009195262244,34.87522997108,34.35936825144181,33.63614690974828,30.761541801435932,30.201200797970767,39.46138784472132,35.506009195262244,32.69902144719746,30.803847352570738,28.472985253297246,27.36273957001885,26.56808322862969,"rgba(38, 166, 154, 1.0)",0.0,0.0,1.4991873294373477,38.26069518809772,5.496977351119399,0.0,0.0,0.0,0.0,1.0,45.2787438126,44.6869937301,906.0,66.63762578882644,6.491132253192276,True,False,True,False,True,20.0,0,1.0547568234139453,0.8278245199305793,False,False,False,False,0.3428282433225797,0.3055760768884953,False,False,False,False,9730770,9399715.50592239,False,False,False,False,135280.50845755002,False,False,False,False
2025-08-13 00:00:00+00:00,45.7718688813,46.7778440216,45.2787438126,46.7778440216,133278,,43.065781616314005,40.53859289549179,38.8742003189603,37.25358949119135,36.69056415883691,35.84228703730099,35.008943718915454,34.24586990895598,34.05723757916555,39.393631444544994,38.84461126705842,38.673853865422835,38.55894324376132,35.55009417722782,34.91676607220315,34.399967113157956,33.674720090325344,30.796597853893942,30.235612764749177,39.536592734622175,35.55009417722782,32.735934831004684,30.838920602464853,28.505803651600484,27.3948507000603,26.599730130968148,"rgba(38, 166, 154, 1.0)",0.0,0.0,1.5829079606918606,38.34609539944728,4.69122252604444,0.0,0.0,0.0,0.0,0.0,0.0,0.0,0.0,68.77983135407563,8.297064548955866,True,False,True,False,True,17.533347824336527,0,1.075610795488405,0.8244331868032881,False,False,False,False,0.3428282440783873,0.3242021604834413,False,False,False,False,9597492,9407471.446866611,False,False,False,False,135201.9787141167,False,False,False,False
2025-08-14 00:00:00+00:00,44.9631437686,45.7620063799,44.6278187218,45.7620063799,129697,,43.2808863546661,40.59993761925657,38.92586002409338,37.29508914158372,36.73097674169335,35.88151224074855,35.04620731180358,34.281953942004876,34.09280058609198,39.456221732466666,38.898353315460064,38.722871508431744,38.60678943125881,35.589260621768126,34.95388530931393,34.43639800348588,33.70951623537643,30.828706830691402,30.267204338232606,39.59890697487834,35.589260621768126,32.76942732324162,30.87103966329907,28.53611637357805,27.42460722220967,26.629118092253943,"rgba(38, 166, 154, 1.0)",0.0,0.0,1.6223189959893363,38.41198966479105,4.038141771134145,0.0,0.0,0.0,0.0,-1.0,45.2787438126,45.1549,908.0,67.98631332536213,8.297064548955866,True,False,True,False,True,14.719667891661622,0,1.0528442880300097,0.8581845470213619,False,False,False,False,0.25886612832066874,0.29153414440205505,False,False,False,False,9467795,9409837.076401252,False,False,False,False,134986.09719591605,False,False,False,False
2025-08-15 00:00:00+00:00,44.83,45.1549,44.31,44.97,91777,,43.383376543389744,40.63905095334411,38.95984929130993,37.32287961319396,36.75814756569927,35.90801689269727,35.07149285260226,34.3065171673211,34.117027405280666,39.49698356861121,38.93370436525194,38.75522120515991,38.63841575275084,35.61576392690248,34.979083243237994,34.46118188548835,33.73325403846617,30.850782456549535,30.288949453025467,39.63940332364082,35.61576392690248,32.79234442232056,30.893120284177883,28.5570448746938,27.445184884711583,26.649461864180953,"rgba(38, 166, 154, 1.0)",0.0,0.0,1.6632051249205804,38.45296783006606,3.834182611864216,0.0,0.0,0.0,0.0,0.0,0.0,0.0,0.0,67.09760842339665,8.297064548955866,True,False,True,False,True,14.263688633328979,0,1.0509730797689514,0.8636939244958342,False,False,False,False,0.21383660920751987,0.2526853768047875,False,False,False,False,9376018,9408510.838111008,False,False,False,False,133291.6227960762,False,False,False,False
2025-08-18 00:00:00+00:00,45.03,45.26,44.5,44.82,65652,,43.45618502234281,40.66768393384161,38.98460584287181,37.34307083355045,36.777869828242885,35.92723145143665,35.08980668148001,34.324293942039816,34.134558068718675,39.52666180798399,38.95944053902055,38.77878026728053,38.6614449101316,35.6349694203953,34.99733178173402,34.47912079846341,33.75042534989523,30.86671802565528,30.304641563277883,39.66890500007359,35.6349694203953,32.80890958316457,30.90905988738033,28.57213493920025,27.460015001796844,26.664118973443863,"rgba(38, 166, 154, 1.0)",0.0,0.0,1.6822075925831246,38.482552172227976,3.8921758864005898,0.0,0.0,0.0,0.0,0.0,0.0,0.0,0.0,66.80743886323904,8.297064548955866,True,False,True,False,True,14.733170529248454,0,1.063946094450038,0.8502168156664929,False,False,False,False,0.22810260055545728,0.24039398868012238,False,False,False,False,9441670,9409811.197400771,False,False,False,False,130639.0885687791,False,False,False,False
2025-08-19 00:00:00+00:00,44.58,45.195,44.48,45.0,53354,,43.503920644085206,40.689711542119625,39.00397529422613,37.35901718815858,36.79347862553492,35.94247841352455,35.104371081715286,34.3384548068352,34.148528399786166,39.5497547429833,38.97957376090838,38.79724297315129,38.67950750750965,35.65022074787254,35.01184737924349,34.49340615933862,33.76411938449125,30.879478095921375,30.317214260222105,39.691834636272084,35.65022074787254,32.82214089943851,30.921822607173603,28.584244372813703,27.471925770336235,26.675897071610436,"rgba(38, 166, 154, 1.0)",0.0,0.0,1.689897674197023,38.50508648878563,3.594841039177679,0.0,0.0,0.0,0.0,0.0,0.0,0.0,0.0,65.2720423073443,8.297064548955866,True,False,True,False,True,13.16843830104752,0,1.0564278994385552,0.8631321693438069,False,False,False,False,0.2239843306413195,0.23218915966072096,False,False,False,False,9388316,9408968.248483093,False,False,False,False,127608.30078176816,False,False,False,False
2025-08-20 00:00:00+00:00,44.91,45.04,44.52,44.78,62227,,43.558286928864966,40.71555214422059,39.026681880889086,37.37770844677192,36.81176945722547,35.960338714221656,35.12142800817963,34.35503550555957,34.164885498775455,39.576799110186045,39.00316848681039,38.818889874366846,38.70068615433763,35.66808365687129,35.02884667048318,34.51013317459098,33.78015168426965,30.894407356490426,30.33192290149839,39.718692685914405,35.66808365687129,32.83762813567054,30.936755105562998,28.598407282578894,27.485854167388,26.6896689422167,"rgba(38, 166, 154, 1.0)",0.0,0.0,1.7208542920248209,38.53130686225754,3.706701472230431,0.0,0.0,0.0,0.0,0.0,0.0,0.0,0.0,64.83739914798753,8.297064548955866,True,False,True,False,True,13.964858599163332,0,1.0541180631013853,0.8698595990129733,False,False,False,False,0.21842439726745677,0.22530677846408886,False,False,False,False,9450543,9410598.630895521,False,False,False,False,125044.32820209098,False,False,False,False
2025-08-21 00:00:00+00:00,45.39,45.4,44.55,44.96,97340,,43.65244926610593,40.758140585863366,39.06360726016049,37.407891179887365,36.84124443168529,35.98904292224529,35.14878390930816,34.38158293444378,34.19106561857598,39.620859856383014,39.04151745369166,38.85406181768379,38.73507943424702,35.69676770730198,35.05610422251706,34.53692312796304,33.805793699961924,30.918181667939738,30.355330743556603,39.76250175338652,35.69676770730198,32.862358621306036,30.960535839175392,28.620907558475093,27.50796087783831,26.711513884278258,"rgba(38, 166, 154, 1.0)",0.0,0.0,1.7613446309141911,38.57407163579957,3.8697301167363016,0.0,0.0,0.0,0.0,1.0,45.49,45.04,0.0,65.38340855230733,8.297064548955866,True,False,True,False,True,15.109815081607952,0,1.0531180432324905,0.8624601551057836,False,False,False,False,0.23733593963249308,0.231321359048291,False,False,False,False,9547883,9415982.331644718,False,False,False,False,123957.88395887172,False,False,False,False
2025-08-22 00:00:00+00:00,45.95,46.32,45.49,45.49,164858,45.919999999999995,43.86336535467392,40.8414353687378,39.13333754928517,37.463771457946784,36.895511306746386,36.0415105690291,35.19849771863542,34.42960408718937,34.23837432212373,39.70463195488473,39.11386437015081,38.92030434147095,38.79975642185554,35.74908026409162,35.10560975953778,34.585425046919134,33.852037439984194,30.96054358952936,30.39696404496807,39.846041279891054,35.74908026409162,32.90675937474197,31.002915401478035,28.66073223541923,27.546984989683487,26.750009871146812,"rgba(38, 166, 154, 1.0)",0.0,0.0,1.8139721212341195,38.6563022904033,4.020843332826139,0.0,0.0,0.0,0.0,0.0,0.0,0.0,0.0,66.66354031849326,8.831356368051516,True,False,True,False,True,16.418073060307325,0,1.0652367671446636,0.8500303037810066,False,False,False,False,0.3301360406341697,0.28072869984123033,False,False,False,False,9712741,9427619.92648218,False,False,False,False,125561.81007813166,False,False,False,False
